county,administered_date,total_doses,cumulative_total_doses,pfizer_doses,cumulative_pfizer_doses,moderna_doses,cumulative_moderna_doses,jj_doses,cumulative_jj_doses,partially_vaccinated,total_partially_vaccinated,fully_vaccinated,cumulative_fully_vaccinated,at_least_one_dose,cumulative_at_least_one_dose,california_flag
All CA Counties,2020-12-15,1137,1137,1137,1137,0,0,0,0,1137,1137,0,0,1137,1137,
All CA Counties,2020-12-16,8426,9563,8426,9563,0,0,0,0,8426,9563,0,0,8426,9563,
All CA Counties,2020-12-17,25870,35433,25870,35433,0,0,0,0,25872,35435,0,0,25872,35435,
All CA Counties,2020-12-18,43892,79325,43836,79269,56,56,0,0,43893,79328,0,0,43893,79328,
All CA Counties,2020-12-19,25317,104642,25293,104562,24,80,0,0,25316,104643,1,1,25316,104644,
All CA Counties,2020-12-20,18993,123635,18966,123528,27,107,0,0,18992,123634,1,2,18992,123636,
All CA Counties,2020-12-21,49636,173271,49551,173079,85,192,0,0,49638,173271,1,3,49638,173274,
All CA Counties,2020-12-22,49992,223263,47866,220945,2126,2318,0,0,49990,223260,1,4,49990,223264,
All CA Counties,2020-12-23,50582,273845,41820,262765,8762,11080,0,0,50578,273838,0,4,50578,273842,
All CA Counties,2020-12-24,24040,297885,16333,279098,7707,18787,0,0,24037,297874,1,5,24037,297879,
All CA Counties,2020-12-25,2338,300223,2017,281115,321,19108,0,0,2338,300212,0,5,2338,300217,
All CA Counties,2020-12-26,14619,314842,9441,290556,5178,24286,0,0,14618,314829,1,6,14618,314835,
All CA Counties,2020-12-27,9404,324246,5574,296130,3830,28116,0,0,9403,324231,1,7,9403,324238,
All CA Counties,2020-12-28,45802,370048,29397,325527,16405,44521,0,0,45800,370028,3,10,45800,370038,
All CA Counties,2020-12-29,50980,421028,28423,353950,22557,67078,0,0,50976,421001,3,13,50976,421014,
All CA Counties,2020-12-30,62855,483883,35513,389463,27342,94420,0,0,62847,483845,3,16,62847,483861,
All CA Counties,2020-12-31,29342,513225,10857,400320,18485,112905,0,0,29333,513172,6,22,29333,513194,
All CA Counties,2021-01-01,4111,517336,1822,402142,2289,115194,0,0,4107,517276,3,25,4107,517301,
All CA Counties,2021-01-02,18429,535765,10356,412498,8073,123267,0,0,18428,535704,0,25,18428,535729,
All CA Counties,2021-01-03,6163,541928,3652,416150,2511,125778,0,0,6134,541826,12,37,6134,541863,
All CA Counties,2021-01-04,43567,585495,22206,438356,21361,147139,0,0,43488,585272,42,79,43488,585351,
All CA Counties,2021-01-05,56465,641960,30082,468438,26383,173522,0,0,51008,630971,5401,5480,51100,636451,
All CA Counties,2021-01-06,73299,715259,40621,509059,32678,206200,0,0,57914,673711,15206,20686,57946,694397,
All CA Counties,2021-01-07,91943,807202,52410,561469,39533,245733,0,0,61282,704549,30493,51179,61331,755728,
All CA Counties,2021-01-08,106568,913770,64127,625596,42441,288174,0,0,65419,729014,41016,92195,65481,821209,
All CA Counties,2021-01-09,44261,958031,25547,651143,18714,306888,0,0,27751,740305,16486,108681,27777,848986,
All CA Counties,2021-01-10,24296,982327,15010,666153,9286,316174,0,0,13064,742171,11215,119896,13081,862067,
All CA Counties,2021-01-11,104345,1086672,69429,735582,34916,351090,0,0,60578,759191,43727,163623,60747,922814,
All CA Counties,2021-01-12,113351,1200023,67113,802695,46238,397328,0,0,72365,790880,40907,204530,72596,995410,
All CA Counties,2021-01-13,118967,1318990,61730,864425,57237,454565,0,0,85308,842692,33574,238104,85386,1080796,
All CA Counties,2021-01-14,123616,1442606,49569,913994,74047,528612,0,0,104057,927454,19455,257559,104217,1185013,
All CA Counties,2021-01-15,141635,1584241,51786,965780,89849,618461,0,0,126603,1039320,14939,272498,126805,1311818,
All CA Counties,2021-01-16,80332,1664573,27315,993095,53017,671478,0,0,72781,1104626,7525,280023,72831,1384649,
All CA Counties,2021-01-17,48078,1712651,16791,1009886,31287,702765,0,0,44445,1145492,3626,283649,44492,1429141,
All CA Counties,2021-01-18,88026,1800677,45935,1055821,42091,744856,0,0,68761,1195229,19191,302840,68928,1498069,
All CA Counties,2021-01-19,141678,1942355,73554,1129375,68124,812980,0,0,110577,1275118,31009,333849,110898,1608967,
All CA Counties,2021-01-20,159929,2102284,81805,1211180,78124,891104,0,0,126405,1368471,33308,367157,126661,1735628,
All CA Counties,2021-01-21,173001,2275285,76844,1288024,96157,987261,0,0,153939,1503903,18853,386010,154285,1889913,
All CA Counties,2021-01-22,169225,2444510,69150,1357174,100075,1087336,0,0,154974,1644900,14121,400131,155118,2045031,
All CA Counties,2021-01-23,111122,2555632,49418,1406592,61704,1149040,0,0,98642,1731232,12422,412553,98754,2143785,
All CA Counties,2021-01-24,60938,2616570,29473,1436065,31465,1180505,0,0,56300,1782981,4608,417161,56357,2200142,
All CA Counties,2021-01-25,144566,2761136,65339,1501404,79227,1259732,0,0,109528,1857947,34914,452075,109880,2310022,
All CA Counties,2021-01-26,168182,2929318,82700,1584104,85482,1345214,0,0,130825,1951801,37228,489303,131082,2441104,
All CA Counties,2021-01-27,179490,3108808,87666,1671770,91824,1437038,0,0,140462,2053756,38716,528019,140671,2581775,
All CA Counties,2021-01-28,187331,3296139,86514,1758284,100817,1537855,0,0,153333,2173580,33714,561733,153538,2735313,
All CA Counties,2021-01-29,182973,3479112,88199,1846483,94774,1632629,0,0,148465,2288270,33939,595672,148629,2883942,
All CA Counties,2021-01-30,123285,3602397,55624,1902107,67661,1700290,0,0,107925,2381137,15196,610868,108063,2992005,
All CA Counties,2021-01-31,68943,3671340,38629,1940736,30314,1730604,0,0,64189,2440675,4705,615573,64243,3056248,
All CA Counties,2021-02-01,161608,3832948,75938,2016674,85670,1816274,0,0,120990,2521324,40463,656036,121112,3177360,
All CA Counties,2021-02-02,184251,4017199,77665,2094339,106586,1922860,0,0,140021,2617608,43958,699994,140242,3317602,
All CA Counties,2021-02-03,210683,4227882,95495,2189834,115188,2038048,0,0,156429,2720520,53759,753753,156671,3474273,
All CA Counties,2021-02-04,227525,4455407,99706,2289540,127819,2165867,0,0,167068,2828015,59926,813679,167421,3641694,
All CA Counties,2021-02-05,245600,4701007,106266,2395806,139334,2305201,0,0,166998,2917687,77842,891521,167514,3809208,
All CA Counties,2021-02-06,154664,4855671,74801,2470607,79863,2385064,0,0,119987,3003649,34514,926035,120476,3929684,
All CA Counties,2021-02-07,66757,4922428,43166,2513773,23591,2408655,0,0,50357,3038132,16323,942358,50806,3980490,
All CA Counties,2021-02-08,180516,5102944,88797,2602570,91719,2500374,0,0,119201,3097176,60890,1003248,119934,4100424,
All CA Counties,2021-02-09,211131,5314075,102093,2704663,109038,2609412,0,0,126690,3141006,83996,1087244,127826,4228250,
All CA Counties,2021-02-10,248101,5562176,119557,2824220,128544,2737956,0,0,137838,3170857,109456,1196700,139307,4367557,
All CA Counties,2021-02-11,265003,5827179,131250,2955470,133753,2871709,0,0,144917,3198556,118998,1315698,146697,4514254,
All CA Counties,2021-02-12,271832,6099011,119206,3074676,152626,3024335,0,0,146797,3223512,124191,1439889,149147,4663401,
All CA Counties,2021-02-13,166626,6265637,77217,3151893,89409,3113744,0,0,92140,3243480,74121,1514010,94089,4757490,
All CA Counties,2021-02-14,95203,6360840,47359,3199252,47844,3161588,0,0,51571,3253120,43472,1557482,53112,4810602,
All CA Counties,2021-02-15,142214,6503054,62382,3261634,79832,3241420,0,0,78756,3271905,63090,1620572,81875,4892477,
All CA Counties,2021-02-16,248520,6751574,117914,3379548,130606,3372026,0,0,133119,3293076,115036,1735608,136207,5028684,
All CA Counties,2021-02-17,258552,7010126,128688,3508236,129864,3501890,0,0,128939,3296129,129085,1864693,132138,5160822,
All CA Counties,2021-02-18,272199,7282325,141964,3650200,130235,3632125,0,0,131739,3292296,139772,2004465,135939,5296761,
All CA Counties,2021-02-19,252107,7534432,146243,3796443,105864,3737989,0,0,130289,3303308,121336,2125801,132348,5429109,
All CA Counties,2021-02-20,152501,7686933,97776,3894219,54725,3792714,0,0,84014,3321052,68235,2194036,85979,5515088,
All CA Counties,2021-02-21,81898,7768831,67873,3962092,14025,3806739,0,0,41276,3323479,40392,2234428,42819,5557907,
All CA Counties,2021-02-22,163494,7932325,109715,4071807,53779,3860518,0,0,82018,3326037,81168,2315596,83726,5641633,
All CA Counties,2021-02-23,224949,8157274,119236,4191043,105713,3966231,0,0,105028,3317699,119341,2434937,111003,5752636,
All CA Counties,2021-02-24,282471,8439745,142822,4333865,139649,4105880,0,0,134756,3312870,147110,2582047,142281,5894917,
All CA Counties,2021-02-25,319353,8759098,157255,4491120,162098,4267978,0,0,167885,3338477,150801,2732848,176408,6071325,
All CA Counties,2021-02-26,352713,9111811,164212,4655332,188501,4456479,0,0,197951,3389804,153875,2886723,205202,6276527,
All CA Counties,2021-02-27,250452,9362263,121913,4777245,128520,4584999,19,19,142216,3428796,107642,2994365,146634,6423161,
All CA Counties,2021-02-28,130230,9492493,77874,4855119,52351,4637350,5,24,76118,3454054,53698,3048063,78956,6502117,
All CA Counties,2021-03-01,239030,9731523,127524,4982643,111423,4748773,83,107,138080,3495950,100249,3148312,142145,6644262,
All CA Counties,2021-03-02,288316,10019839,145989,5128632,142309,4891082,18,125,174346,3563703,113479,3261791,181232,6825494,
All CA Counties,2021-03-03,331122,10350961,164374,5293006,166700,5057782,48,173,190904,3622386,139551,3401342,198234,7023728,
All CA Counties,2021-03-04,350346,10701307,177487,5470493,172772,5230554,87,260,205838,3691539,143781,3545123,212934,7236662,
All CA Counties,2021-03-05,338517,11039824,166895,5637388,170503,5401057,1119,1379,211061,3784281,126666,3671789,219408,7456070,
All CA Counties,2021-03-06,258319,11298143,132805,5770193,117718,5518775,7796,9175,160547,3859941,97365,3769154,173025,7629095,
All CA Counties,2021-03-07,127381,11425524,78407,5848600,44895,5563670,4079,13254,79871,3900232,47325,3816479,87616,7716711,
All CA Counties,2021-03-08,218227,11643751,106165,5954765,101677,5665347,10385,23639,143076,3983866,74782,3891261,158416,7875127,
All CA Counties,2021-03-09,290850,11934601,139269,6094034,135735,5801082,15846,39485,163416,4040215,126963,4018224,183312,8058439,
All CA Counties,2021-03-10,321598,12256199,160779,6254813,136434,5937516,24385,63870,174453,4096698,146512,4164736,202995,8261434,
All CA Counties,2021-03-11,375645,12631844,181745,6436558,160629,6098145,33271,97141,193128,4145698,181617,4346353,230617,8492051,
All CA Counties,2021-03-12,393880,13025724,176236,6612794,171393,6269538,46251,143392,193702,4190333,199399,4545752,244034,8736085,
All CA Counties,2021-03-13,281965,13307689,124735,6737529,126142,6395680,31088,174480,152308,4248809,129214,4674966,187690,8923775,
All CA Counties,2021-03-14,154640,13462329,83198,6820727,56443,6452123,14999,189479,78800,4269303,75565,4750531,96059,9019834,
All CA Counties,2021-03-15,289998,13752327,138650,6959377,130817,6582940,20531,210010,158083,4320074,131216,4881747,181987,9201821,
All CA Counties,2021-03-16,369567,14121894,173702,7133079,178595,6761535,17270,227280,214586,4400854,154271,5036018,235051,9436872,
All CA Counties,2021-03-17,382648,14504542,189374,7322453,174754,6936289,18520,245800,237324,4514677,144529,5180547,258352,9695224,
All CA Counties,2021-03-18,400108,14904650,205033,7527486,177115,7113404,17960,263760,238549,4612759,160493,5341040,258575,9953799,
All CA Counties,2021-03-19,410077,15314727,215751,7743237,172786,7286190,21540,285300,239372,4705887,169761,5510801,262889,10216688,
All CA Counties,2021-03-20,293869,15608596,154375,7897612,123662,7409852,15832,301132,186307,4802555,106916,5617717,203584,10420272,
All CA Counties,2021-03-21,143490,15752086,99211,7996823,36770,7446622,7509,308641,90114,4848488,53037,5670754,98970,10519242,
All CA Counties,2021-03-22,272752,16024838,158972,8155795,102607,7549229,11173,319814,178822,4948297,93190,5763944,192999,10712241,
All CA Counties,2021-03-23,356726,16381564,196403,8352198,149296,7698525,11027,330841,219658,5045366,136184,5900128,233253,10945494,
All CA Counties,2021-03-24,386853,16768417,221742,8573940,152692,7851217,12419,343260,225923,5126077,159729,6059857,240440,11185934,
All CA Counties,2021-03-25,416955,17185372,230008,8803948,172184,8023401,14763,358023,237110,5201532,178575,6238432,254030,11439964,
All CA Counties,2021-03-26,434242,17619614,232568,9036516,185635,8209036,16039,374062,235200,5257740,197866,6436298,254074,11694038,
All CA Counties,2021-03-27,311543,17931157,166132,9202648,133642,8342678,11769,385831,158070,5277131,152682,6588980,172073,11866111,
All CA Counties,2021-03-28,168894,18100051,108726,9311374,56594,8399272,3574,389405,89570,5293296,78892,6667872,95057,11961168,
All CA Counties,2021-03-29,309554,18409605,167257,9478631,133299,8532571,8998,398403,173281,5342506,135546,6803418,184756,12145924,
All CA Counties,2021-03-30,397539,18807144,201715,9680346,177662,8710233,18162,416565,223954,5413571,172836,6976254,243901,12389825,
All CA Counties,2021-03-31,425366,19232510,231703,9912049,172048,8882281,21615,438180,238111,5488048,186283,7162537,260760,12650585,
All CA Counties,2021-04-01,489805,19722315,251575,10163624,198146,9080427,40084,478264,270994,5582715,217585,7380122,312252,12962837,
All CA Counties,2021-04-02,471735,20194050,230293,10393917,198467,9278894,42975,521239,256724,5670296,213825,7593947,301406,13264243,
All CA Counties,2021-04-03,328746,20522796,167538,10561455,119870,9398764,41338,562577,164021,5712676,164118,7758065,206498,13470741,
All CA Counties,2021-04-04,132303,20655099,69037,10630492,44256,9443020,19010,581587,58164,5716135,73859,7831924,77318,13548059,
All CA Counties,2021-04-05,352109,21007208,181638,10812130,131077,9574097,39394,620981,173907,5754353,177541,8009465,215759,13763818,
All CA Counties,2021-04-06,455638,21462846,231155,11043285,159247,9733344,65236,686217,221180,5809205,233567,8243032,288419,14052237,
All CA Counties,2021-04-07,469579,21932425,244104,11287389,155900,9889244,69575,755792,229225,5869703,239463,8482495,299961,14352198,
All CA Counties,2021-04-08,494979,22427404,249874,11537263,161570,10050814,83535,839327,233217,5928039,260685,8743180,319021,14671219,
All CA Counties,2021-04-09,489574,22916978,244225,11781488,166305,10217119,79044,918371,225669,5972935,262915,9006095,307811,14979030,
All CA Counties,2021-04-10,362900,23279878,166352,11947840,123334,10340453,73214,991585,152554,5991719,209647,9215742,228431,15207461,
All CA Counties,2021-04-11,186158,23466036,104441,12052281,47758,10388211,33959,1025544,76905,5996463,108924,9324666,113668,15321129,
All CA Counties,2021-04-12,337080,23803116,173153,12225434,126171,10514382,37756,1063300,156199,6013930,179987,9504653,197454,15518583,
All CA Counties,2021-04-13,429796,24232912,240567,12466001,188298,10702680,931,1064231,240169,6069318,188689,9693342,244077,15762660,
All CA Counties,2021-04-14,447834,24680746,251408,12717409,196147,10898827,279,1064510,234466,6096236,212275,9905617,239193,16001853,
All CA Counties,2021-04-15,488862,25169608,284921,13002330,203704,11102531,237,1064747,274299,6160329,213199,10118816,277292,16279145,
All CA Counties,2021-04-16,473506,25643114,266808,13269138,206391,11308922,307,1065054,252900,6196459,219459,10338275,255589,16534734,
All CA Counties,2021-04-17,339472,25982586,190242,13459380,149189,11458111,41,1065095,193205,6247322,145493,10483768,196356,16731090,
All CA Counties,2021-04-18,153758,26136344,97613,13556993,56129,11514240,16,1065111,79132,6255194,74253,10558021,82125,16813215,
All CA Counties,2021-04-19,316640,26452984,182843,13739836,133710,11647950,87,1065198,149874,6241086,165928,10723949,151820,16965035,
All CA Counties,2021-04-20,405780,26858764,215986,13955822,189731,11837681,63,1065261,202337,6244054,202471,10926420,205439,17170474,
All CA Counties,2021-04-21,418038,27276802,237267,14193089,180514,12018195,257,1065518,200745,6232152,215971,11142391,204069,17374543,
All CA Counties,2021-04-22,443797,27720599,253412,14446501,190314,12208509,71,1065589,198050,6188983,244439,11386830,201270,17575813,
All CA Counties,2021-04-23,435968,28156567,248697,14695198,187187,12395696,84,1065673,197442,6152529,237246,11624076,200792,17776605,
All CA Counties,2021-04-24,321805,28478372,203603,14898801,118041,12513737,161,1065834,163385,6161754,157523,11781599,166748,17943353,
All CA Counties,2021-04-25,148936,28627308,98393,14997194,50478,12564215,65,1065899,80205,6175116,68311,11849910,81673,18025026,
All CA Counties,2021-04-26,278792,28906100,163861,15161055,113481,12677696,1450,1067349,120966,6144910,156940,12006850,126734,18151760,
All CA Counties,2021-04-27,347888,29253988,193990,15355045,148518,12826214,5380,1072729,140317,6087074,206527,12213377,148691,18300451,
All CA Counties,2021-04-28,345837,29599825,198475,15553520,139572,12965786,7790,1080519,140750,6033792,204103,12417480,150821,18451272,
All CA Counties,2021-04-29,354462,29954287,204553,15758073,142120,13107906,7789,1088308,127821,5945648,225569,12643049,137425,18588697,
All CA Counties,2021-04-30,370033,30324320,212755,15970828,148531,13256437,8747,1097055,139868,5867158,229006,12872055,150516,18739213,
All CA Counties,2021-05-01,245074,30569394,156863,16127691,82202,13338639,6009,1103064,89207,5809419,155153,13027208,97414,18836627,
All CA Counties,2021-05-02,115309,30684703,80258,16207949,31233,13369872,3818,1106882,40818,5780299,74123,13101331,45003,18881630,
All CA Counties,2021-05-03,250402,30935105,154681,16362630,87077,13456949,8644,1115526,75821,5691801,173807,13275138,85309,18966939,
All CA Counties,2021-05-04,323702,31258807,197455,16560085,116607,13573556,9640,1125166,95471,5570834,227218,13502356,106251,19073190,
All CA Counties,2021-05-05,326758,31585565,203153,16763238,113685,13687241,9920,1135086,91774,5439648,233844,13736200,102658,19175848,
All CA Counties,2021-05-06,345506,31931071,225854,16989092,109270,13796511,10382,1145468,87918,5284374,256060,13992260,100786,19276634,
All CA Counties,2021-05-07,341916,32272987,214576,17203668,117601,13914112,9739,1155207,92957,5140607,247693,14239953,103926,19380560,
All CA Counties,2021-05-08,222374,32495361,140990,17344658,74723,13988835,6661,1161868,61086,5049464,160275,14400228,69132,19449692,
All CA Counties,2021-05-09,92920,32588281,69849,17414507,20101,14008936,2970,1164838,25445,5011277,67029,14467257,28842,19478534,
All CA Counties,2021-05-10,199082,32787363,113730,17528237,77652,14086588,7700,1172538,49525,4921052,148700,14615957,58475,19537009,
All CA Counties,2021-05-11,256922,33044285,144471,17672708,104424,14191012,8027,1180565,67739,4810138,188314,14804271,77400,19614409,
All CA Counties,2021-05-12,250338,33294623,144341,17817049,97708,14288720,8289,1188854,68587,4707225,180821,14985092,77908,19692317,
All CA Counties,2021-05-13,287521,33582144,185170,18002219,95355,14384075,6996,1195850,107309,4644910,179115,15164207,116800,19809117,
All CA Counties,2021-05-14,328909,33911053,210796,18213015,109557,14493632,8556,1204406,129675,4587090,198120,15362327,140300,19949417,
All CA Counties,2021-05-15,271117,34182170,189612,18402627,75706,14569338,5799,1210205,111570,4546647,158755,15521082,118312,20067729,
All CA Counties,2021-05-16,130271,34312441,101152,18503779,26227,14595565,2892,1213097,53401,4526850,76468,15597550,56671,20124400,
All CA Counties,2021-05-17,233670,34546111,154558,18658337,71956,14667521,7156,1220253,97991,4497984,134864,15732414,105998,20230398,
All CA Counties,2021-05-18,274291,34820402,167893,18826230,99157,14766678,7241,1227494,112366,4458117,160845,15893259,120978,20351376,
All CA Counties,2021-05-19,268517,35088919,167928,18994158,93328,14860006,7261,1234755,115087,4429082,152453,16045712,123418,20474794,
All CA Counties,2021-05-20,218754,35307673,131179,19125337,80644,14940650,6931,1241686,87309,4393998,130543,16176255,95459,20570253,
All CA Counties,2021-05-21,234013,35541686,145490,19270827,81701,15022351,6822,1248508,91118,4350956,141942,16318197,98900,20669153,
All CA Counties,2021-05-22,162374,35704060,109712,19380539,47433,15069784,5229,1253737,71666,4338541,90156,16408353,77741,20746894,
All CA Counties,2021-05-23,59042,35763102,44653,19425192,12394,15082178,1995,1255732,27295,4336507,31502,16439855,29468,20776362,
All CA Counties,2021-05-24,95226,35858328,55581,19480773,34389,15116567,5256,1260988,31995,4311347,62808,16502663,37648,20814010,
All CA and Non-CA Counties,2020-12-15,1144,1144,1144,1144,0,0,0,0,1144,1144,0,0,1144,1144,
All CA and Non-CA Counties,2020-12-16,8698,9842,8698,9842,0,0,0,0,8698,9842,0,0,8698,9842,
All CA and Non-CA Counties,2020-12-17,27470,37312,27470,37312,0,0,0,0,27470,37312,0,0,27470,37312,
All CA and Non-CA Counties,2020-12-18,46444,83756,46381,83693,63,63,0,0,46444,83756,0,0,46444,83756,
All CA and Non-CA Counties,2020-12-19,26354,110110,26329,110022,25,88,0,0,26353,110108,1,1,26353,110109,
All CA and Non-CA Counties,2020-12-20,19674,129784,19644,129666,30,118,0,0,19673,129780,1,2,19673,129782,
All CA and Non-CA Counties,2020-12-21,51824,181608,51736,181402,88,206,0,0,51822,181601,1,3,51822,181604,
All CA and Non-CA Counties,2020-12-22,52074,233682,49875,231277,2199,2405,0,0,52072,233672,1,4,52072,233676,
All CA and Non-CA Counties,2020-12-23,52111,285793,43210,274487,8901,11306,0,0,52106,285778,0,4,52106,285782,
All CA and Non-CA Counties,2020-12-24,24843,310636,16943,291430,7900,19206,0,0,24840,310617,1,5,24840,310622,
All CA and Non-CA Counties,2020-12-25,2371,313007,2046,293476,325,19531,0,0,2371,312988,0,5,2371,312993,
All CA and Non-CA Counties,2020-12-26,14926,327933,9644,303120,5282,24813,0,0,14925,327912,1,6,14925,327918,
All CA and Non-CA Counties,2020-12-27,9593,337526,5647,308767,3946,28759,0,0,9592,337503,1,7,9592,337510,
All CA and Non-CA Counties,2020-12-28,47216,384742,30292,339059,16924,45683,0,0,47213,384713,3,10,47213,384723,
All CA and Non-CA Counties,2020-12-29,52525,437267,29438,368497,23087,68770,0,0,52521,437231,3,13,52521,437244,
All CA and Non-CA Counties,2020-12-30,64825,502092,36796,405293,28029,96799,0,0,64817,502045,3,16,64817,502061,
All CA and Non-CA Counties,2020-12-31,30459,532551,11457,416750,19002,115801,0,0,30448,532486,7,23,30448,532509,
All CA and Non-CA Counties,2021-01-01,4223,536774,1847,418597,2376,118177,0,0,4219,536702,3,26,4219,536728,
All CA and Non-CA Counties,2021-01-02,18669,555443,10488,429085,8181,126358,0,0,18667,555368,1,27,18667,555395,
All CA and Non-CA Counties,2021-01-03,6333,561776,3743,432828,2590,128948,0,0,6304,561660,12,39,6304,561699,
All CA and Non-CA Counties,2021-01-04,44719,606495,22722,455550,21997,150945,0,0,44634,606251,43,82,44634,606333,
All CA and Non-CA Counties,2021-01-05,58008,664503,30897,486447,27111,178056,0,0,52361,653116,5589,5671,52454,658787,
All CA and Non-CA Counties,2021-01-06,76004,740507,42218,528665,33786,211842,0,0,59882,697090,15940,21611,59914,718701,
All CA and Non-CA Counties,2021-01-07,96148,836655,55010,583675,41138,252980,0,0,63834,728831,32144,53755,63885,782586,
All CA and Non-CA Counties,2021-01-08,111076,947731,67042,650717,44034,297014,0,0,68058,754078,42876,96631,68123,850709,
All CA and Non-CA Counties,2021-01-09,45582,993313,26081,676798,19501,316515,0,0,28745,766038,16813,113444,28773,879482,
All CA and Non-CA Counties,2021-01-10,24600,1017913,15192,691990,9408,325923,0,0,13247,767966,11336,124780,13264,892746,
All CA and Non-CA Counties,2021-01-11,107657,1125570,71450,763440,36207,362130,0,0,62566,785651,45050,169830,62735,955481,
All CA and Non-CA Counties,2021-01-12,117231,1242801,69437,832877,47794,409924,0,0,74707,818152,42440,212270,74941,1030422,
All CA and Non-CA Counties,2021-01-13,122647,1365448,63538,896415,59109,469033,0,0,87819,871308,34744,247014,87900,1118322,
All CA and Non-CA Counties,2021-01-14,127333,1492781,50848,947263,76485,545518,0,0,107133,958520,20083,267097,107295,1225617,
All CA and Non-CA Counties,2021-01-15,145873,1638654,52780,1000043,93093,638611,0,0,130374,1073703,15393,282490,130576,1356193,
All CA and Non-CA Counties,2021-01-16,83025,1721679,27705,1027748,55320,693931,0,0,75298,1141352,7699,290189,75348,1431541,
All CA and Non-CA Counties,2021-01-17,48580,1770259,16947,1044695,31633,725564,0,0,44897,1182620,3676,293865,44944,1476485,
All CA and Non-CA Counties,2021-01-18,89271,1859530,46752,1091447,42519,768083,0,0,69550,1232692,19646,313511,69718,1546203,
All CA and Non-CA Counties,2021-01-19,145729,2005259,74897,1166344,70832,838915,0,0,113737,1314854,31899,345410,114061,1660264,
All CA and Non-CA Counties,2021-01-20,164395,2169654,83289,1249633,81106,920021,0,0,129884,1410703,34292,379702,130141,1790405,
All CA and Non-CA Counties,2021-01-21,177169,2346823,78021,1327654,99148,1019169,0,0,157546,1549194,19401,399103,157892,1948297,
All CA and Non-CA Counties,2021-01-22,173883,2520706,70269,1397923,103614,1122783,0,0,159230,1694050,14519,413622,159375,2107672,
All CA and Non-CA Counties,2021-01-23,113379,2634085,49757,1447680,63622,1186405,0,0,100737,1782315,12584,426206,100849,2208521,
All CA and Non-CA Counties,2021-01-24,61547,2695632,29721,1477401,31826,1218231,0,0,56833,1834520,4685,430891,56890,2265411,
All CA and Non-CA Counties,2021-01-25,149067,2844699,67306,1544707,81761,1299992,0,0,113127,1912187,35813,466704,113480,2378891,
All CA and Non-CA Counties,2021-01-26,174197,3018896,85666,1630373,88531,1388523,0,0,135977,2010335,38093,504797,136241,2515132,
All CA and Non-CA Counties,2021-01-27,184306,3203202,90347,1720720,93959,1482482,0,0,144659,2115873,39331,544128,144869,2660001,
All CA and Non-CA Counties,2021-01-28,192725,3395927,89510,1810230,103215,1585697,0,0,158145,2239934,34289,578417,158350,2818351,
All CA and Non-CA Counties,2021-01-29,188026,3583953,91413,1901643,96613,1682310,0,0,152733,2358110,34723,613140,152899,2971250,
All CA and Non-CA Counties,2021-01-30,127775,3711728,58070,1959713,69705,1752015,0,0,112184,2455005,15428,628568,112323,3083573,
All CA and Non-CA Counties,2021-01-31,72013,3783741,41279,2000992,30734,1782749,0,0,67206,2517508,4758,633326,67261,3150834,
All CA and Non-CA Counties,2021-02-01,167127,3950868,78545,2079537,88582,1871331,0,0,125793,2602250,41173,674499,125915,3276749,
All CA and Non-CA Counties,2021-02-02,191059,4141927,79886,2159423,111173,1982504,0,0,146102,2703896,44677,719176,146323,3423072,
All CA and Non-CA Counties,2021-02-03,218027,4359954,97607,2257030,120420,2102924,0,0,162892,2812399,54632,773808,163135,3586207,
All CA and Non-CA Counties,2021-02-04,234378,4594332,101932,2358962,132446,2235370,0,0,172918,2924751,60920,834728,173272,3759479,
All CA and Non-CA Counties,2021-02-05,252417,4846749,108506,2467468,143911,2379281,0,0,172743,3019100,78910,913638,173259,3932738,
All CA and Non-CA Counties,2021-02-06,159109,5005858,76968,2544436,82141,2461422,0,0,123960,3108574,34978,948616,124452,4057190,
All CA and Non-CA Counties,2021-02-07,68998,5074856,45020,2589456,23978,2485400,0,0,52517,3145138,16404,965020,52968,4110158,
All CA and Non-CA Counties,2021-02-08,185912,5260768,92221,2681677,93691,2579091,0,0,123502,3207399,61974,1026994,124235,4234393,
All CA and Non-CA Counties,2021-02-09,215433,5476201,104033,2785710,111400,2690491,0,0,129676,3252924,85301,1112295,130826,4365219,
All CA and Non-CA Counties,2021-02-10,253739,5729940,121527,2907237,132212,2822703,0,0,141016,3283543,111908,1224203,142527,4507746,
All CA and Non-CA Counties,2021-02-11,269927,5999867,133595,3040832,136332,2959035,0,0,148497,3313505,120333,1344536,150295,4658041,
All CA and Non-CA Counties,2021-02-12,277102,6276969,121192,3162024,155910,3114945,0,0,150215,3340043,126031,1470567,152569,4810610,
All CA and Non-CA Counties,2021-02-13,169072,6446041,77945,3239969,91127,3206072,0,0,94031,3361360,74675,1545242,95992,4906602,
All CA and Non-CA Counties,2021-02-14,96553,6542594,47780,3287749,48773,3254845,0,0,52677,3371869,43711,1588953,54220,4960822,
All CA and Non-CA Counties,2021-02-15,144804,6687398,63948,3351697,80856,3335701,0,0,80018,3390607,64403,1653356,83141,5043963,
All CA and Non-CA Counties,2021-02-16,255045,6942443,120883,3472580,134162,3469863,0,0,135767,3410566,118902,1772258,138861,5182824,
All CA and Non-CA Counties,2021-02-17,264504,7206947,131672,3604252,132832,3602695,0,0,130806,3411413,133163,1905421,134010,5316834,
All CA and Non-CA Counties,2021-02-18,278700,7485647,145754,3750006,132946,3735641,0,0,133820,3405261,144173,2049594,138021,5454855,
All CA and Non-CA Counties,2021-02-19,258018,7743665,150385,3900391,107633,3843274,0,0,132769,3415330,124760,2174354,134829,5589684,
All CA and Non-CA Counties,2021-02-20,155843,7899508,100467,4000858,55376,3898650,0,0,85260,3432229,70327,2244681,87226,5676910,
All CA and Non-CA Counties,2021-02-21,84637,7984145,70395,4071253,14242,3912892,0,0,42127,3433625,42275,2286956,43671,5720581,
All CA and Non-CA Counties,2021-02-22,166974,8151119,112262,4183515,54712,3967604,0,0,83648,3435971,83015,2369971,85361,5805942,
All CA and Non-CA Counties,2021-02-23,231021,8382140,122655,4306170,108366,4075970,0,0,107408,3426343,123025,2492996,113397,5919339,
All CA and Non-CA Counties,2021-02-24,288912,8671052,146381,4452551,142531,4218501,0,0,137270,3420111,151032,2644028,144800,6064139,
All CA and Non-CA Counties,2021-02-25,326332,8997384,160815,4613366,165517,4384018,0,0,171057,3445118,154577,2798605,179584,6243723,
All CA and Non-CA Counties,2021-02-26,359566,9356950,167854,4781220,191712,4575730,0,0,201143,3496060,157453,2956058,208395,6452118,
All CA and Non-CA Counties,2021-02-27,255974,9612924,124698,4905918,131256,4706986,20,20,144118,3533350,111250,3067308,148540,6600658,
All CA and Non-CA Counties,2021-02-28,132686,9745610,79663,4985581,53017,4760003,6,26,76927,3557776,55341,3122649,79767,6680425,
All CA and Non-CA Counties,2021-03-01,244037,9989647,130708,5116289,113245,4873248,84,110,139452,3597424,103875,3226524,143523,6823948,
All CA and Non-CA Counties,2021-03-02,295063,10284710,148483,5264772,146562,5019810,18,128,176426,3662606,118132,3344656,183314,7007262,
All CA and Non-CA Counties,2021-03-03,338993,10623703,167445,5432217,171498,5191308,50,178,193546,3718721,144767,3489423,200882,7208144,
All CA and Non-CA Counties,2021-03-04,357176,10980879,180421,5612638,176664,5367972,91,269,208144,3785678,148289,3637712,215246,7423390,
All CA and Non-CA Counties,2021-03-05,343812,11324691,169583,5782221,173096,5541068,1133,1402,213799,3878631,129215,3766927,222168,7645558,
All CA and Non-CA Counties,2021-03-06,262948,11587639,134963,5917184,120032,5661100,7953,9355,162904,3954544,99634,3866561,175547,7821105,
All CA and Non-CA Counties,2021-03-07,128982,11716621,79434,5996618,45415,5706515,4133,13488,80844,3995236,47953,3914514,88645,7909750,
All CA and Non-CA Counties,2021-03-08,221362,11937983,108029,6104647,102702,5809217,10631,24119,145284,4080433,75681,3990195,160878,8070628,
All CA and Non-CA Counties,2021-03-09,295526,12233509,141656,6246303,137703,5946920,16167,40286,166159,4137916,128893,4119088,186376,8257004,
All CA and Non-CA Counties,2021-03-10,326012,12559521,162898,6409201,138215,6085135,24899,65185,177181,4195970,148190,4267278,206244,8463248,
All CA and Non-CA Counties,2021-03-11,381833,12941354,184902,6594103,162966,6248101,33965,99150,196459,4246145,184468,4451746,234643,8697891,
All CA and Non-CA Counties,2021-03-12,400413,13341767,180172,6774275,173261,6421362,46980,146130,197313,4292211,202311,4654057,248377,8946268,
All CA and Non-CA Counties,2021-03-13,285758,13627525,126927,6901202,127267,6548629,31564,177694,154904,4352577,130403,4784460,190769,9137037,
All CA and Non-CA Counties,2021-03-14,156465,13783990,84140,6985342,56986,6605615,15339,193033,79810,4373609,76379,4860839,97411,9234448,
All CA and Non-CA Counties,2021-03-15,294088,14078078,140784,7126126,132313,6737928,20991,214024,160281,4425153,133104,4993943,184648,9419096,
All CA and Non-CA Counties,2021-03-16,377112,14455190,178096,7304222,181365,6919293,17651,231675,218774,4507145,157625,5151568,239617,9658713,
All CA and Non-CA Counties,2021-03-17,391120,14846310,194843,7499065,177382,7096675,18895,250570,242430,4623089,147890,5299458,263834,9922547,
All CA and Non-CA Counties,2021-03-18,408428,15254738,210158,7709223,179771,7276446,18499,269069,243385,4723071,163968,5463426,263950,10186497,
All CA and Non-CA Counties,2021-03-19,417430,15672168,220106,7929329,175241,7451687,22083,291152,243793,4818239,172689,5636115,267857,10454354,
All CA and Non-CA Counties,2021-03-20,298674,15970842,157544,8086873,125211,7576898,15919,307071,189977,4917537,108043,5744158,207341,10661695,
All CA and Non-CA Counties,2021-03-21,145597,16116439,100659,8187532,37342,7614240,7596,314667,91802,4964829,53453,5797611,100745,10762440,
All CA and Non-CA Counties,2021-03-22,276026,16392465,160944,8348476,103820,7718060,11262,325929,181056,5065934,94217,5891828,195322,10957762,
All CA and Non-CA Counties,2021-03-23,362798,16755263,199496,8547972,151970,7870030,11332,337261,223784,5165503,138115,6029943,237684,11195446,
All CA and Non-CA Counties,2021-03-24,394188,17149451,225514,8773486,155810,8025840,12864,350125,231021,5249525,161959,6191902,245981,11441427,
All CA and Non-CA Counties,2021-03-25,425252,17574703,233880,9007366,176088,8201928,15284,365409,243160,5329320,180807,6372709,260602,11702029,
All CA and Non-CA Counties,2021-03-26,440929,18015632,236127,9243493,188586,8390514,16216,381625,239613,5387871,200112,6572821,258663,11960692,
All CA and Non-CA Counties,2021-03-27,317114,18332746,169284,9412777,135843,8526357,11987,393612,161567,5408906,154750,6727571,175785,12136477,
All CA and Non-CA Counties,2021-03-28,171984,18504730,110381,9523158,57872,8584229,3731,397343,91569,5426142,79977,6807548,97213,12233690,
All CA and Non-CA Counties,2021-03-29,314738,18819468,169594,9692752,135795,8720024,9349,406692,176231,5476426,137774,6945322,188058,12421748,
All CA and Non-CA Counties,2021-03-30,404422,19223890,205349,9898101,180348,8900372,18725,425417,228012,5549305,175650,7120972,248529,12670277,
All CA and Non-CA Counties,2021-03-31,431716,19655606,235527,10133628,173801,9074173,22388,447805,241486,5624957,189253,7310225,264905,12935182,
All CA and Non-CA Counties,2021-04-01,497294,20152900,256084,10389712,200482,9274655,40728,488533,275327,5721446,220733,7530958,317222,13252404,
All CA and Non-CA Counties,2021-04-02,480216,20633116,234825,10624537,201266,9475921,44125,532658,261108,5810469,217915,7748873,306938,13559342,
All CA and Non-CA Counties,2021-04-03,334900,20968016,171196,10795733,121203,9597124,42501,575159,167232,5854290,167052,7915925,210873,13770215,
All CA and Non-CA Counties,2021-04-04,134099,21102115,69917,10865650,44937,9642061,19245,594404,59144,5858148,74673,7990598,78531,13848746,
All CA and Non-CA Counties,2021-04-05,356226,21458341,183685,11049335,132488,9774549,40053,634457,175871,5896842,179688,8170286,218382,14067128,
All CA and Non-CA Counties,2021-04-06,462592,21920933,234902,11284237,160876,9935425,66814,701271,223986,5951940,237702,8407988,292800,14359928,
All CA and Non-CA Counties,2021-04-07,477744,22398677,248811,11533048,157677,10093102,71256,772527,232392,6012291,244453,8652441,304804,14664732,
All CA and Non-CA Counties,2021-04-08,503016,22901693,254152,11787200,163409,10256511,85455,857982,236320,6070716,265612,8918053,324037,14988769,
All CA and Non-CA Counties,2021-04-09,497004,23398697,248093,12035293,167951,10424462,80960,938942,228526,6115823,267479,9185532,312586,15301355,
All CA and Non-CA Counties,2021-04-10,368973,23767670,169425,12204718,124490,10548952,75058,1014000,154245,6133760,214023,9399555,231960,15533315,
All CA and Non-CA Counties,2021-04-11,188972,23956642,105972,12310690,48407,10597359,34593,1048593,77854,6138226,110786,9510341,115252,15648567,
All CA and Non-CA Counties,2021-04-12,341131,24297773,175416,12486106,127423,10724782,38292,1086885,157977,6155739,182254,9692595,199767,15848334,
All CA and Non-CA Counties,2021-04-13,435502,24733275,244249,12730355,190299,10915081,954,1087839,243099,6211310,191459,9884054,247030,16095364,
All CA and Non-CA Counties,2021-04-14,453047,25186322,254692,12985047,198072,11113153,283,1088122,237286,6238663,214664,10098718,242017,16337381,
All CA and Non-CA Counties,2021-04-15,494946,25681268,288745,13273792,205957,11319110,244,1088366,277544,6303223,215985,10314703,280545,16617926,
All CA and Non-CA Counties,2021-04-16,479311,26160579,270135,13543927,208862,11527972,314,1088680,256124,6340013,222031,10536734,258821,16876747,
All CA and Non-CA Counties,2021-04-17,344703,26505282,193367,13737294,151294,11679266,42,1088722,196154,6391553,147766,10684500,199306,17076053,
All CA and Non-CA Counties,2021-04-18,155837,26661119,98764,13836058,57056,11736322,17,1088739,80102,6399293,75357,10759857,83097,17159150,
All CA and Non-CA Counties,2021-04-19,320776,26981895,184856,14020914,135832,11872154,88,1088827,152007,6385329,167920,10927777,153956,17313106,
All CA and Non-CA Counties,2021-04-20,411134,27393029,218438,14239352,192633,12064787,63,1088890,204525,6387326,205630,11133407,207627,17520733,
All CA and Non-CA Counties,2021-04-21,424348,27817377,239916,14479268,184171,12248958,261,1089151,202978,6373598,220035,11353442,206307,17727040,
All CA and Non-CA Counties,2021-04-22,450487,28267864,256848,14736116,193565,12442523,74,1089225,200464,6328582,248704,11602146,203688,17930728,
All CA and Non-CA Counties,2021-04-23,441838,28709702,251648,14987764,190105,12632628,85,1089310,199873,6291139,240668,11842814,203225,18133953,
All CA and Non-CA Counties,2021-04-24,326217,29035919,206516,15194280,119536,12752164,165,1089475,165086,6299368,160227,12003041,168456,18302409,
All CA and Non-CA Counties,2021-04-25,151088,29187007,99658,15293938,51363,12803527,67,1089542,81309,6312794,69356,12072397,82782,18385191,
All CA and Non-CA Counties,2021-04-26,282446,29469453,165502,15459440,115471,12918998,1473,1091015,122613,6282258,158940,12231337,128404,18513595,
All CA and Non-CA Counties,2021-04-27,353201,29822654,195907,15655347,151622,13070620,5672,1096687,142261,6223302,209888,12441225,150932,18664527,
All CA and Non-CA Counties,2021-04-28,350721,30173375,200555,15855902,141982,13212602,8184,1104871,142713,6169466,207016,12648241,153180,18817707,
All CA and Non-CA Counties,2021-04-29,359408,30532783,206825,16062727,144362,13356964,8221,1113092,129760,6080706,228556,12876797,139796,18957503,
All CA and Non-CA Counties,2021-04-30,375058,30907841,215241,16277968,150641,13507605,9176,1122268,141866,6001627,232022,13108819,152943,19110446,
All CA and Non-CA Counties,2021-05-01,248356,31156197,158818,16436786,83100,13590705,6438,1128706,90589,5943808,157043,13265862,99224,19209670,
All CA and Non-CA Counties,2021-05-02,117193,31273390,81357,16518143,31894,13622599,3942,1132648,41686,5914666,75137,13340999,45995,19255665,
All CA and Non-CA Counties,2021-05-03,253440,31526830,156467,16674610,88047,13710646,8926,1141574,77101,5825975,175561,13516560,86870,19342535,
All CA and Non-CA Counties,2021-05-04,327961,31854791,199896,16874506,117978,13828624,10087,1151661,97126,5704509,229816,13746376,108350,19450885,
All CA and Non-CA Counties,2021-05-05,331369,32186160,205890,17080396,115190,13943814,10289,1161950,93656,5572857,236564,13982940,104912,19555797,
All CA and Non-CA Counties,2021-05-06,350018,32536178,228716,17309112,110585,14054399,10717,1172667,89668,5416911,258816,14241756,102870,19658667,
All CA and Non-CA Counties,2021-05-07,346812,32882990,217497,17526609,119197,14173596,10118,1182785,94922,5272570,250611,14492367,106270,19764937,
All CA and Non-CA Counties,2021-05-08,225952,33108942,143460,17670069,75584,14249180,6908,1189693,62616,5181220,162260,14654627,70910,19835847,
All CA and Non-CA Counties,2021-05-09,94296,33203238,70733,17740802,20464,14269644,3099,1192792,26039,5142993,67791,14722418,29564,19865411,
All CA and Non-CA Counties,2021-05-10,201758,33404996,114983,17855785,78749,14348393,8026,1200818,50599,5052586,150284,14872702,59877,19925288,
All CA and Non-CA Counties,2021-05-11,259797,33664793,145882,18001667,105606,14453999,8309,1209127,68895,4941395,190032,15062734,78841,20004129,
All CA and Non-CA Counties,2021-05-12,253207,33918000,145678,18147345,98943,14552942,8586,1217713,69718,4838176,182554,15245288,79335,20083464,
All CA and Non-CA Counties,2021-05-13,290280,34208280,186750,18334095,96334,14649276,7196,1224909,108572,4775835,180606,15425894,118265,20201729,
All CA and Non-CA Counties,2021-05-14,332426,34540706,212824,18546919,110812,14760088,8790,1233699,131321,4718031,199984,15625878,142180,20343909,
All CA and Non-CA Counties,2021-05-15,273751,34814457,191169,18738088,76653,14836741,5929,1239628,112747,4677446,160207,15786085,119622,20463531,
All CA and Non-CA Counties,2021-05-16,131905,34946362,102195,18840283,26749,14863490,2961,1242589,54188,4657662,77312,15863397,57528,20521059,
All CA and Non-CA Counties,2021-05-17,236712,35183074,156218,18996501,73107,14936597,7387,1249976,99423,4628853,136470,15999867,107661,20628720,
All CA and Non-CA Counties,2021-05-18,277533,35460607,169570,19166071,100404,15037001,7559,1257535,113932,4589208,162509,16162376,122864,20751584,
All CA and Non-CA Counties,2021-05-19,271856,35732463,169679,19335750,94647,15131648,7530,1265065,116645,4560226,154227,16316603,125245,20876829,
All CA and Non-CA Counties,2021-05-20,221017,35953480,132567,19468317,81338,15212986,7112,1272177,88493,4525438,131614,16448217,96826,20973655,
All CA and Non-CA Counties,2021-05-21,236715,36190195,147195,19615512,82475,15295461,7045,1279222,92456,4482603,143297,16591514,100462,21074117,
All CA and Non-CA Counties,2021-05-22,164648,36354843,111281,19726793,47965,15343426,5402,1284624,73071,4470903,91018,16682532,79318,21153435,
All CA and Non-CA Counties,2021-05-23,60150,36414993,45573,19772366,12531,15355957,2046,1286670,27937,4469099,31965,16714497,30161,21183596,
All CA and Non-CA Counties,2021-05-24,96564,36511557,56233,19828599,34798,15390755,5533,1292203,32563,4444017,63575,16778072,38493,21222089,
Outside California,2020-12-15,7,7,7,7,0,0,0,0,7,7,0,0,7,7,Not in California
Outside California,2020-12-16,272,279,272,279,0,0,0,0,272,279,0,0,272,279,Not in California
Outside California,2020-12-17,1598,1877,1598,1877,0,0,0,0,1598,1877,0,0,1598,1877,Not in California
Outside California,2020-12-18,2551,4428,2544,4421,7,7,0,0,2551,4428,0,0,2551,4428,Not in California
Outside California,2020-12-19,1037,5465,1036,5457,1,8,0,0,1037,5465,0,0,1037,5465,Not in California
Outside California,2020-12-20,681,6146,678,6135,3,11,0,0,681,6146,0,0,681,6146,Not in California
Outside California,2020-12-21,2184,8330,2181,8316,3,14,0,0,2184,8330,0,0,2184,8330,Not in California
Outside California,2020-12-22,2082,10412,2009,10325,73,87,0,0,2082,10412,0,0,2082,10412,Not in California
Outside California,2020-12-23,1529,11941,1390,11715,139,226,0,0,1528,11940,0,0,1528,11940,Not in California
Outside California,2020-12-24,803,12744,610,12325,193,419,0,0,803,12743,0,0,803,12743,Not in California
Outside California,2020-12-25,33,12777,29,12354,4,423,0,0,33,12776,0,0,33,12776,Not in California
Outside California,2020-12-26,307,13084,203,12557,104,527,0,0,307,13083,0,0,307,13083,Not in California
Outside California,2020-12-27,189,13273,73,12630,116,643,0,0,189,13272,0,0,189,13272,Not in California
Outside California,2020-12-28,1410,14683,891,13521,519,1162,0,0,1410,14682,0,0,1410,14682,Not in California
Outside California,2020-12-29,1542,16225,1012,14533,530,1692,0,0,1542,16224,0,0,1542,16224,Not in California
Outside California,2020-12-30,1916,18141,1229,15762,687,2379,0,0,1916,18140,0,0,1916,18140,Not in California
Outside California,2020-12-31,1116,19257,600,16362,516,2895,0,0,1115,19254,1,1,1115,19255,Not in California
Outside California,2021-01-01,112,19369,25,16387,87,2982,0,0,112,19366,0,1,112,19367,Not in California
Outside California,2021-01-02,239,19608,132,16519,107,3089,0,0,238,19603,1,2,238,19605,Not in California
Outside California,2021-01-03,170,19778,91,16610,79,3168,0,0,170,19773,0,2,170,19775,Not in California
Outside California,2021-01-04,1149,20927,513,17123,636,3804,0,0,1144,20916,1,3,1144,20919,Not in California
Outside California,2021-01-05,1543,22470,815,17938,728,4532,0,0,1353,22082,188,191,1354,22273,Not in California
Outside California,2021-01-06,2699,25169,1593,19531,1106,5638,0,0,1962,23310,734,925,1962,24235,Not in California
Outside California,2021-01-07,4135,29304,2530,22061,1605,7243,0,0,2482,24143,1651,2576,2484,26719,Not in California
Outside California,2021-01-08,4507,33811,2914,24975,1593,8836,0,0,2637,24923,1860,4436,2640,29359,Not in California
Outside California,2021-01-09,1319,35130,532,25507,787,9623,0,0,991,25589,327,4763,993,30352,Not in California
Outside California,2021-01-10,304,35434,182,25689,122,9745,0,0,183,25651,121,4884,183,30535,Not in California
Outside California,2021-01-11,3293,38727,2002,27691,1291,11036,0,0,1970,26298,1323,6207,1970,32505,Not in California
Outside California,2021-01-12,3870,42597,2315,30006,1555,12591,0,0,2334,27102,1532,7739,2336,34841,Not in California
Outside California,2021-01-13,3670,46267,1798,31804,1872,14463,0,0,2500,28435,1170,8909,2503,37344,Not in California
Outside California,2021-01-14,3714,49981,1276,33080,2438,16901,0,0,3073,30882,628,9537,3075,40419,Not in California
Outside California,2021-01-15,4233,54214,990,34070,3243,20144,0,0,3766,34194,454,9991,3766,44185,Not in California
Outside California,2021-01-16,2687,56901,384,34454,2303,22447,0,0,2511,36531,174,10165,2511,46696,Not in California
Outside California,2021-01-17,499,57400,153,34607,346,22793,0,0,449,36930,50,10215,449,47145,Not in California
Outside California,2021-01-18,1194,58594,766,35373,428,23221,0,0,740,37218,453,10668,741,47886,Not in California
Outside California,2021-01-19,4029,62623,1321,36694,2708,25929,0,0,3141,39474,888,11556,3144,51030,Not in California
Outside California,2021-01-20,4387,67010,1405,38099,2982,28911,0,0,3451,41994,932,12488,3452,54482,Not in California
Outside California,2021-01-21,4112,71122,1123,39222,2989,31900,0,0,3550,44997,547,13035,3550,58032,Not in California
Outside California,2021-01-22,4624,75746,1090,40312,3534,35434,0,0,4222,48822,398,13433,4223,62255,Not in California
Outside California,2021-01-23,2246,77992,334,40646,1912,37346,0,0,2084,50744,162,13595,2084,64339,Not in California
Outside California,2021-01-24,607,78599,246,40892,361,37707,0,0,530,51197,77,13672,530,64869,Not in California
Outside California,2021-01-25,4482,83081,1950,42842,2532,40239,0,0,3583,53885,896,14568,3584,68453,Not in California
Outside California,2021-01-26,5922,89003,2873,45715,3049,43288,0,0,5056,58083,865,15433,5063,73516,Not in California
Outside California,2021-01-27,4800,93803,2665,48380,2135,45423,0,0,4182,61652,614,16047,4183,77699,Not in California
Outside California,2021-01-28,5254,99057,2858,51238,2396,47819,0,0,4729,65866,515,16562,4729,82428,Not in California
Outside California,2021-01-29,4914,103971,3075,54313,1839,49658,0,0,4125,69210,783,17345,4127,86555,Not in California
Outside California,2021-01-30,4479,108450,2437,56750,2042,51700,0,0,4246,73227,230,17575,4247,90802,Not in California
Outside California,2021-01-31,3056,111506,2636,59386,420,52120,0,0,3002,76177,53,17628,3003,93805,Not in California
Outside California,2021-02-01,5482,116988,2571,61957,2911,55031,0,0,4782,80267,692,18320,4782,98587,Not in California
Outside California,2021-02-02,6744,123732,2158,64115,4586,59617,0,0,6024,85578,713,19033,6024,104611,Not in California
Outside California,2021-02-03,7308,131040,2078,66193,5230,64847,0,0,6438,91155,862,19895,6439,111050,Not in California
Outside California,2021-02-04,6797,137837,2175,68368,4622,69469,0,0,5799,95966,989,20884,5800,116850,Not in California
Outside California,2021-02-05,6799,144636,2226,70594,4573,74042,0,0,5731,100633,1064,21948,5731,122581,Not in California
Outside California,2021-02-06,4431,149067,2153,72747,2278,76320,0,0,3964,104142,458,22406,3967,126548,Not in California
Outside California,2021-02-07,2233,151300,1846,74593,387,76707,0,0,2154,106219,79,22485,2156,128704,Not in California
Outside California,2021-02-08,5345,156645,3376,77969,1969,78676,0,0,4287,109459,1047,23532,4287,132991,Not in California
Outside California,2021-02-09,4284,160929,1922,79891,2362,81038,0,0,2982,111164,1291,24823,2996,135987,Not in California
Outside California,2021-02-10,5604,166533,1940,81831,3664,84702,0,0,3169,111948,2427,27250,3211,139198,Not in California
Outside California,2021-02-11,4839,171372,2261,84092,2578,87280,0,0,3537,114211,1292,28542,3555,142753,Not in California
Outside California,2021-02-12,5234,176606,1957,86049,3277,90557,0,0,3409,115811,1813,30355,3413,146166,Not in California
Outside California,2021-02-13,2437,179043,726,86775,1711,92268,0,0,1883,117153,553,30908,1895,148061,Not in California
Outside California,2021-02-14,1343,180386,420,87195,923,93191,0,0,1101,118018,238,31146,1103,149164,Not in California
Outside California,2021-02-15,2549,182935,1531,88726,1018,94209,0,0,1235,117956,1301,32447,1239,150403,Not in California
Outside California,2021-02-16,6424,189359,2878,91604,3546,97755,0,0,2619,116787,3794,36241,2625,153028,Not in California
Outside California,2021-02-17,5942,195301,2976,94580,2966,100721,0,0,1863,114582,4073,40314,1868,154896,Not in California
Outside California,2021-02-18,6412,201713,3706,98286,2706,103427,0,0,2065,112319,4329,44643,2066,156962,Not in California
Outside California,2021-02-19,5727,207440,3963,102249,1764,105191,0,0,2427,111453,3294,47937,2428,159390,Not in California
Outside California,2021-02-20,3335,210775,2686,104935,649,105840,0,0,1244,110611,2087,50024,1245,160635,Not in California
Outside California,2021-02-21,2725,213500,2508,107443,217,106057,0,0,850,109592,1870,51894,851,161486,Not in California
Outside California,2021-02-22,3471,216971,2538,109981,933,106990,0,0,1624,109377,1844,53738,1629,163115,Not in California
Outside California,2021-02-23,6011,222982,3370,113351,2641,109631,0,0,2365,108117,3639,57377,2379,165494,Not in California
Outside California,2021-02-24,6408,229390,3533,116884,2875,112506,0,0,2500,106719,3903,61280,2505,167999,Not in California
Outside California,2021-02-25,6912,236302,3506,120390,3406,115912,0,0,3148,106138,3733,65013,3152,171151,Not in California
Outside California,2021-02-26,6814,243116,3617,124007,3197,119109,0,0,3170,105745,3564,68577,3171,174322,Not in California
Outside California,2021-02-27,5501,248617,2770,126777,2730,121839,1,1,1891,104040,3600,72177,1895,176217,Not in California
Outside California,2021-02-28,2439,251056,1776,128553,662,122501,1,2,799,103203,1638,73815,801,177018,Not in California
Outside California,2021-03-01,4962,256018,3157,131710,1804,124305,1,3,1348,100951,3606,77421,1354,178372,Not in California
Outside California,2021-03-02,6728,262746,2487,134197,4241,128546,0,3,2068,98373,4648,82069,2070,180442,Not in California
Outside California,2021-03-03,7860,270606,3065,137262,4793,133339,2,5,2635,95801,5213,87282,2641,183083,Not in California
Outside California,2021-03-04,6787,277393,2894,140156,3889,137228,4,9,2293,93622,4478,91760,2299,185382,Not in California
Outside California,2021-03-05,5272,282665,2675,142831,2583,139811,14,23,2716,93815,2545,94305,2738,188120,Not in California
Outside California,2021-03-06,4609,287274,2146,144977,2308,142119,155,178,2341,94054,2265,96570,2504,190624,Not in California
Outside California,2021-03-07,1599,288873,1026,146003,519,142638,54,232,970,94452,628,97198,1026,191650,Not in California
Outside California,2021-03-08,3104,291977,1842,147845,1018,143656,244,476,2200,96029,875,98073,2452,194102,Not in California
Outside California,2021-03-09,4641,296618,2359,150204,1965,145621,317,793,2734,97177,1903,99976,3051,197153,Not in California
Outside California,2021-03-10,4405,301023,2113,152317,1780,147401,512,1305,2723,98746,1673,101649,3242,200395,Not in California
Outside California,2021-03-11,6160,307183,3145,155462,2335,149736,680,1985,3324,99921,2830,104479,4005,204400,Not in California
Outside California,2021-03-12,6465,313648,3884,159346,1857,151593,724,2709,3600,101391,2857,107336,4327,208727,Not in California
Outside California,2021-03-13,3777,317425,2188,161534,1117,152710,472,3181,2589,103280,1179,108515,3068,211795,Not in California
Outside California,2021-03-14,1811,319236,936,162470,537,153247,338,3519,1005,103819,806,109321,1345,213140,Not in California
Outside California,2021-03-15,4059,323295,2123,164593,1478,154725,458,3977,2178,104583,1875,111196,2639,215779,Not in California
Outside California,2021-03-16,7498,330793,4374,168967,2747,157472,377,4354,4161,105784,3334,114530,4535,220314,Not in California
Outside California,2021-03-17,8434,339227,5455,174422,2605,160077,374,4728,5073,107875,3357,117887,5448,225762,Not in California
Outside California,2021-03-18,8290,347517,5108,179530,2643,162720,539,5267,4818,109768,3464,121351,5357,231119,Not in California
Outside California,2021-03-19,7324,354841,4337,183867,2444,165164,543,5810,4399,111793,2921,124272,4946,236065,Not in California
Outside California,2021-03-20,4778,359619,3154,187021,1537,166701,87,5897,3655,114419,1116,125388,3742,239807,Not in California
Outside California,2021-03-21,2089,361708,1436,188457,566,167267,87,5984,1674,115767,413,125801,1761,241568,Not in California
Outside California,2021-03-22,3238,364946,1953,190410,1197,168464,88,6072,2216,117056,1015,126816,2304,243872,Not in California
Outside California,2021-03-23,6049,370995,3084,193494,2665,171129,300,6372,4115,119551,1920,128736,4415,248287,Not in California
Outside California,2021-03-24,7312,378307,3763,197257,3104,174233,445,6817,5080,122849,2225,130961,5523,253810,Not in California
Outside California,2021-03-25,8260,386567,3848,201105,3891,178124,521,7338,6025,127173,2223,133184,6547,260357,Not in California
Outside California,2021-03-26,6651,393218,3539,204644,2940,181064,172,7510,4395,129508,2231,135415,4566,264923,Not in California
Outside California,2021-03-27,5539,398757,3137,207781,2187,183251,215,7725,3479,131148,2051,137466,3691,268614,Not in California
Outside California,2021-03-28,3074,401831,1646,209427,1271,184522,157,7882,1988,132212,1081,138547,2145,270759,Not in California
Outside California,2021-03-29,5146,406977,2319,211746,2477,186999,350,8232,2927,133274,2216,140763,3278,274037,Not in California
Outside California,2021-03-30,6842,413819,3609,215355,2670,189669,563,8795,4033,135078,2799,143562,4603,278640,Not in California
Outside California,2021-03-31,6316,420135,3803,219158,1740,191409,773,9568,3352,136241,2959,146521,4122,282762,Not in California
Outside California,2021-04-01,7470,427605,4494,223652,2332,193741,644,10212,4320,138055,3143,149664,4957,287719,Not in California
Outside California,2021-04-02,8441,436046,4516,228168,2784,196525,1141,11353,4367,139494,4067,153731,5506,293225,Not in California
Outside California,2021-04-03,6135,442181,3649,231817,1323,197848,1163,12516,3202,140936,2924,156655,4366,297591,Not in California
Outside California,2021-04-04,1779,443960,876,232693,668,198516,235,12751,970,141331,808,157463,1203,298794,Not in California
Outside California,2021-04-05,4086,448046,2030,234723,1398,199914,658,13409,1947,141802,2134,159597,2605,301399,Not in California
Outside California,2021-04-06,6933,454979,3734,238457,1622,201536,1577,14986,2794,142045,4125,163722,4368,305767,Not in California
Outside California,2021-04-07,8133,463112,4684,243141,1768,203304,1681,16667,3143,141882,4982,168704,4819,310586,Not in California
Outside California,2021-04-08,8007,471119,4258,247399,1833,205137,1916,18583,3088,141969,4910,173614,4997,315583,Not in California
Outside California,2021-04-09,7395,478514,3843,251242,1636,206773,1916,20499,2833,142167,4553,178167,4751,320334,Not in California
Outside California,2021-04-10,6064,484578,3065,254307,1155,207928,1844,22343,1687,141322,4370,182537,3525,323859,Not in California
Outside California,2021-04-11,2803,487381,1524,255831,645,208573,634,22977,944,141044,1857,184394,1579,325438,Not in California
Outside California,2021-04-12,4014,491395,2243,258074,1236,209809,535,23512,1762,141096,2244,186638,2296,327734,Not in California
Outside California,2021-04-13,5662,497057,3656,261730,1983,211792,23,23535,2913,141289,2743,189381,2936,330670,Not in California
Outside California,2021-04-14,5186,502243,3276,265006,1906,213698,4,23539,2814,141740,2367,191748,2818,333488,Not in California
Outside California,2021-04-15,6053,508296,3808,268814,2239,215937,6,23545,3237,142220,2764,194512,3244,336732,Not in California
Outside California,2021-04-16,5780,514076,3312,272126,2461,218398,7,23552,3215,142887,2556,197068,3223,339955,Not in California
Outside California,2021-04-17,5209,519285,3112,275238,2096,220494,1,23553,2943,143572,2258,199326,2943,342898,Not in California
Outside California,2021-04-18,2059,521344,1143,276381,915,221409,1,23554,961,143443,1092,200418,963,343861,Not in California
Outside California,2021-04-19,4101,525445,1992,278373,2108,223517,1,23555,2117,143589,1974,202392,2120,345981,Not in California
Outside California,2021-04-20,5329,530774,2438,280811,2891,226408,0,23555,2183,142633,3139,205531,2183,348164,Not in California
Outside California,2021-04-21,6275,537049,2634,283445,3637,230045,4,23559,2216,140814,4040,209571,2221,350385,Not in California
Outside California,2021-04-22,6667,543716,3422,286867,3242,233287,3,23562,2407,138977,4248,213819,2411,352796,Not in California
Outside California,2021-04-23,5837,549553,2935,289802,2901,236188,1,23563,2414,137985,3408,217227,2416,355212,Not in California
Outside California,2021-04-24,4387,553940,2900,292702,1483,237671,4,23567,1685,136982,2695,219922,1692,356904,Not in California
Outside California,2021-04-25,2128,556068,1255,293957,871,238542,2,23569,1090,137043,1034,220956,1095,357999,Not in California
Outside California,2021-04-26,3634,559702,1628,295585,1983,240525,23,23592,1640,136720,1986,222942,1663,359662,Not in California
Outside California,2021-04-27,5288,564990,1905,297490,3091,243616,292,23884,1937,135612,3342,226284,2234,361896,Not in California
Outside California,2021-04-28,4857,569847,2061,299551,2403,246019,393,24277,1952,135065,2894,229178,2347,364243,Not in California
Outside California,2021-04-29,4913,574760,2250,301801,2231,248250,432,24709,1926,134456,2967,232145,2358,366601,Not in California
Outside California,2021-04-30,4997,579757,2472,304273,2101,250351,424,25133,1984,133863,3001,235146,2408,369009,Not in California
Outside California,2021-05-01,3254,583011,1934,306207,891,251242,429,25562,1365,133777,1879,237025,1793,370802,Not in California
Outside California,2021-05-02,1870,584881,1092,307299,655,251897,123,25685,862,133756,1006,238031,985,371787,Not in California
Outside California,2021-05-03,3012,587893,1768,309067,965,252862,279,25964,1273,133573,1735,239766,1552,373339,Not in California
Outside California,2021-05-04,4238,592131,2430,311497,1365,254227,443,26407,1650,133081,2582,242348,2090,375429,Not in California
Outside California,2021-05-05,4581,596712,2726,314223,1487,255714,368,26775,1866,132612,2706,245054,2237,377666,Not in California
Outside California,2021-05-06,4491,601203,2850,317073,1309,257023,332,27107,1741,131940,2744,247798,2072,379738,Not in California
Outside California,2021-05-07,4870,606073,2907,319980,1586,258609,377,27484,1954,131368,2903,250701,2331,382069,Not in California
Outside California,2021-05-08,3562,609635,2460,322440,857,259466,245,27729,1523,131160,1977,252678,1769,383838,Not in California
Outside California,2021-05-09,1358,610993,879,323319,354,259820,125,27854,586,131118,752,253430,710,384548,Not in California
Outside California,2021-05-10,2658,613651,1242,324561,1091,260911,325,28179,1071,130946,1570,255000,1398,385946,Not in California
Outside California,2021-05-11,2860,616511,1402,325963,1180,262091,278,28457,1148,130664,1711,256711,1429,387375,Not in California
Outside California,2021-05-12,2855,619366,1328,327291,1231,263322,296,28753,1125,130359,1725,258436,1420,388795,Not in California
Outside California,2021-05-13,2744,622110,1570,328861,978,264300,196,28949,1254,130326,1484,259920,1451,390246,Not in California
Outside California,2021-05-14,3493,625603,2008,330869,1252,265552,233,29182,1632,130337,1855,261775,1866,392112,Not in California
Outside California,2021-05-15,2613,628216,1538,332407,945,266497,130,29312,1165,130192,1443,263218,1298,393410,Not in California
Outside California,2021-05-16,1607,629823,1025,333432,514,267011,68,29380,771,130199,833,264051,840,394250,Not in California
Outside California,2021-05-17,3018,632841,1642,335074,1147,268158,229,29609,1417,130248,1597,265648,1646,395896,Not in California
Outside California,2021-05-18,3203,636044,1649,336723,1238,269396,316,29925,1535,130445,1656,267304,1853,397749,Not in California
Outside California,2021-05-19,3302,639346,1723,338446,1311,270707,268,30193,1538,130493,1758,269062,1806,399555,Not in California
Outside California,2021-05-20,2080,641426,1214,339660,686,271393,180,30373,1010,130622,1063,270125,1192,400747,Not in California
Outside California,2021-05-21,2509,643935,1519,341179,768,272161,222,30595,1153,130651,1347,271472,1376,402123,Not in California
Outside California,2021-05-22,2069,646004,1372,342551,526,272687,171,30766,1215,131189,847,272319,1385,403508,Not in California
Outside California,2021-05-23,987,646991,800,343351,137,272824,50,30816,523,131300,462,272781,573,404081,Not in California
Outside California,2021-05-24,1337,648328,651,344002,409,273233,277,31093,567,131377,767,273548,844,404925,Not in California
Unknown,2020-12-17,2,2,2,2,0,0,0,0,0,0,0,0,0,0,Not in California
Unknown,2020-12-18,1,3,1,3,0,0,0,0,0,0,0,0,0,0,Not in California
Unknown,2020-12-21,4,7,4,7,0,0,0,0,0,0,0,0,0,0,Not in California
Unknown,2020-12-28,4,11,4,11,0,0,0,0,3,3,0,0,3,3,Not in California
Unknown,2020-12-29,3,14,3,14,0,0,0,0,3,6,0,0,3,6,Not in California
Unknown,2020-12-30,54,68,54,68,0,0,0,0,54,60,0,0,54,60,Not in California
Unknown,2020-12-31,1,69,0,68,1,1,0,0,0,60,0,0,0,60,Not in California
Unknown,2021-01-02,1,70,0,68,1,2,0,0,1,61,0,0,1,61,Not in California
Unknown,2021-01-04,3,73,3,71,0,2,0,0,2,63,0,0,2,63,Not in California
Unknown,2021-01-06,6,79,4,75,2,4,0,0,6,69,0,0,6,69,Not in California
Unknown,2021-01-07,70,149,70,145,0,4,0,0,70,139,0,0,70,139,Not in California
Unknown,2021-01-08,1,150,1,146,0,4,0,0,2,141,0,0,2,141,Not in California
Unknown,2021-01-09,2,152,2,148,0,4,0,0,3,144,0,0,3,144,Not in California
Unknown,2021-01-11,19,171,19,167,0,4,0,0,18,162,0,0,18,162,Not in California
Unknown,2021-01-12,10,181,9,176,1,5,0,0,8,170,1,1,9,171,Not in California
Unknown,2021-01-13,10,191,10,186,0,5,0,0,11,181,0,1,11,182,Not in California
Unknown,2021-01-14,3,194,3,189,0,5,0,0,3,184,0,1,3,185,Not in California
Unknown,2021-01-15,5,199,4,193,1,6,0,0,5,189,0,1,5,190,Not in California
Unknown,2021-01-16,6,205,6,199,0,6,0,0,6,195,0,1,6,196,Not in California
Unknown,2021-01-17,3,208,3,202,0,6,0,0,3,198,0,1,3,199,Not in California
Unknown,2021-01-18,51,259,51,253,0,6,0,0,49,245,2,3,49,248,Not in California
Unknown,2021-01-19,22,281,22,275,0,6,0,0,19,262,2,5,19,267,Not in California
Unknown,2021-01-20,79,360,79,354,0,6,0,0,28,238,52,57,28,295,Not in California
Unknown,2021-01-21,56,416,54,408,2,8,0,0,57,294,1,58,57,352,Not in California
Unknown,2021-01-22,34,450,29,437,5,13,0,0,34,328,0,58,34,386,Not in California
Unknown,2021-01-23,11,461,5,442,6,19,0,0,11,339,0,58,11,397,Not in California
Unknown,2021-01-24,2,463,2,444,0,19,0,0,3,342,0,58,3,400,Not in California
Unknown,2021-01-25,19,482,17,461,2,21,0,0,16,355,3,61,16,416,Not in California
Unknown,2021-01-26,93,575,93,554,0,21,0,0,96,451,0,61,96,512,Not in California
Unknown,2021-01-27,16,591,16,570,0,21,0,0,15,465,1,62,15,527,Not in California
Unknown,2021-01-28,140,731,138,708,2,23,0,0,83,488,60,122,83,610,Not in California
Unknown,2021-01-29,139,870,139,847,0,23,0,0,143,630,1,123,143,753,Not in California
Unknown,2021-01-30,11,881,9,856,2,25,0,0,13,641,2,125,13,766,Not in California
Unknown,2021-01-31,14,895,14,870,0,25,0,0,15,656,0,125,15,781,Not in California
Unknown,2021-02-01,37,932,36,906,1,26,0,0,21,659,18,143,21,802,Not in California
Unknown,2021-02-02,64,996,63,969,1,27,0,0,57,710,6,149,57,859,Not in California
Unknown,2021-02-03,36,1032,34,1003,2,29,0,0,25,724,11,160,25,884,Not in California
Unknown,2021-02-04,56,1088,51,1054,5,34,0,0,51,770,5,165,51,935,Not in California
Unknown,2021-02-05,18,1106,14,1068,4,38,0,0,14,780,4,169,14,949,Not in California
Unknown,2021-02-06,14,1120,14,1082,0,38,0,0,9,783,6,175,9,958,Not in California
Unknown,2021-02-07,8,1128,8,1090,0,38,0,0,6,787,2,177,6,964,Not in California
Unknown,2021-02-08,51,1179,48,1138,3,41,0,0,14,764,37,214,14,978,Not in California
Unknown,2021-02-09,18,1197,18,1156,0,41,0,0,4,754,14,228,4,982,Not in California
Unknown,2021-02-10,34,1231,30,1186,4,45,0,0,9,738,25,253,9,991,Not in California
Unknown,2021-02-11,85,1316,84,1270,1,46,0,0,43,738,43,296,43,1034,Not in California
Unknown,2021-02-12,36,1352,29,1299,7,53,0,0,9,720,27,323,9,1043,Not in California
Unknown,2021-02-13,9,1361,2,1301,7,60,0,0,8,727,1,324,8,1051,Not in California
Unknown,2021-02-14,7,1368,1,1302,6,66,0,0,5,731,1,325,5,1056,Not in California
Unknown,2021-02-15,41,1409,35,1337,6,72,0,0,27,746,12,337,27,1083,Not in California
Unknown,2021-02-16,101,1510,91,1428,10,82,0,0,29,703,72,409,29,1112,Not in California
Unknown,2021-02-17,10,1520,8,1436,2,84,0,0,4,702,5,414,4,1116,Not in California
Unknown,2021-02-18,89,1609,84,1520,5,89,0,0,16,646,72,486,16,1132,Not in California
Unknown,2021-02-19,184,1793,179,1699,5,94,0,0,53,569,130,616,53,1185,Not in California
Unknown,2021-02-20,7,1800,5,1704,2,96,0,0,2,566,5,621,2,1187,Not in California
Unknown,2021-02-21,14,1814,14,1718,0,96,0,0,1,554,13,634,1,1188,Not in California
Unknown,2021-02-22,9,1823,9,1727,0,96,0,0,6,557,3,637,6,1194,Not in California
Unknown,2021-02-23,61,1884,49,1776,12,108,0,0,15,527,45,682,15,1209,Not in California
Unknown,2021-02-24,33,1917,26,1802,7,115,0,0,14,522,19,701,14,1223,Not in California
Unknown,2021-02-25,67,1984,54,1856,13,128,0,0,24,503,43,744,24,1247,Not in California
Unknown,2021-02-26,39,2023,25,1881,14,142,0,0,22,511,14,758,22,1269,Not in California
Unknown,2021-02-27,21,2044,15,1896,6,148,0,0,11,514,8,766,11,1280,Not in California
Unknown,2021-02-28,17,2061,13,1909,4,152,0,0,10,519,5,771,10,1290,Not in California
Unknown,2021-03-01,45,2106,27,1936,18,170,0,0,24,523,20,791,24,1314,Not in California
Unknown,2021-03-02,19,2125,7,1943,12,182,0,0,12,530,5,796,12,1326,Not in California
Unknown,2021-03-03,11,2136,6,1949,5,187,0,0,7,534,3,799,7,1333,Not in California
Unknown,2021-03-04,43,2179,40,1989,3,190,0,0,13,517,30,829,13,1346,Not in California
Unknown,2021-03-05,23,2202,13,2002,10,200,0,0,22,535,4,833,22,1368,Not in California
Unknown,2021-03-06,20,2222,12,2014,6,206,2,2,16,549,4,837,18,1386,Not in California
Unknown,2021-03-07,2,2224,1,2015,1,207,0,2,3,552,0,837,3,1389,Not in California
Unknown,2021-03-08,31,2255,22,2037,7,214,2,4,8,538,24,861,10,1399,Not in California
Unknown,2021-03-09,35,2290,28,2065,3,217,4,8,9,524,27,888,13,1412,Not in California
Unknown,2021-03-10,9,2299,6,2071,1,218,2,10,5,526,5,893,7,1419,Not in California
Unknown,2021-03-11,28,2327,12,2083,2,220,14,24,7,526,21,914,21,1440,Not in California
Unknown,2021-03-12,68,2395,52,2135,11,231,5,29,11,487,55,969,16,1456,Not in California
Unknown,2021-03-13,16,2411,4,2139,8,239,4,33,7,488,10,979,11,1467,Not in California
Unknown,2021-03-14,14,2425,6,2145,6,245,2,35,5,487,8,987,7,1474,Not in California
Unknown,2021-03-15,31,2456,11,2156,18,263,2,37,20,496,13,1000,22,1496,Not in California
Unknown,2021-03-16,47,2503,20,2176,23,286,4,41,27,507,20,1020,31,1527,Not in California
Unknown,2021-03-17,38,2541,14,2190,23,309,1,42,33,537,4,1024,34,1561,Not in California
Unknown,2021-03-18,30,2571,17,2207,13,322,0,42,18,544,11,1035,18,1579,Not in California
Unknown,2021-03-19,29,2600,18,2225,11,333,0,42,22,559,7,1042,22,1601,Not in California
Unknown,2021-03-20,27,2627,15,2240,12,345,0,42,15,563,11,1053,15,1616,Not in California
Unknown,2021-03-21,18,2645,12,2252,6,351,0,42,14,574,3,1056,14,1630,Not in California
Unknown,2021-03-22,36,2681,19,2271,16,367,1,43,18,581,12,1068,19,1649,Not in California
Unknown,2021-03-23,23,2704,9,2280,9,376,5,48,11,586,11,1079,16,1665,Not in California
Unknown,2021-03-24,23,2727,9,2289,14,390,0,48,18,599,5,1084,18,1683,Not in California
Unknown,2021-03-25,37,2764,24,2313,13,403,0,48,25,615,9,1093,25,1708,Not in California
Unknown,2021-03-26,36,2800,20,2333,11,414,5,53,18,623,15,1108,23,1731,Not in California
Unknown,2021-03-27,32,2832,15,2348,14,428,3,56,18,627,17,1125,21,1752,Not in California
Unknown,2021-03-28,16,2848,9,2357,7,435,0,56,11,634,4,1129,11,1763,Not in California
Unknown,2021-03-29,38,2886,18,2375,19,454,1,57,23,646,12,1141,24,1787,Not in California
Unknown,2021-03-30,41,2927,25,2400,16,470,0,57,25,656,15,1156,25,1812,Not in California
Unknown,2021-03-31,34,2961,21,2421,13,483,0,57,23,668,11,1167,23,1835,Not in California
Unknown,2021-04-01,19,2980,15,2436,4,487,0,57,13,676,5,1172,13,1848,Not in California
Unknown,2021-04-02,40,3020,16,2452,15,502,9,66,17,679,23,1195,26,1874,Not in California
Unknown,2021-04-03,19,3039,9,2461,10,512,0,66,9,678,10,1205,9,1883,Not in California
Unknown,2021-04-04,17,3056,4,2465,13,525,0,66,10,682,6,1211,10,1893,Not in California
Unknown,2021-04-05,31,3087,17,2482,13,538,1,67,17,687,13,1224,18,1911,Not in California
Unknown,2021-04-06,21,3108,13,2495,7,545,1,68,12,690,10,1234,13,1924,Not in California
Unknown,2021-04-07,32,3140,23,2518,9,554,0,68,24,706,8,1242,24,1948,Not in California
Unknown,2021-04-08,30,3170,20,2538,6,560,4,72,15,708,17,1259,19,1967,Not in California
Unknown,2021-04-09,35,3205,25,2563,10,570,0,72,24,721,11,1270,24,1991,Not in California
Unknown,2021-04-10,9,3214,8,2571,1,571,0,72,4,719,6,1276,4,1995,Not in California
Unknown,2021-04-11,11,3225,7,2578,4,575,0,72,5,719,5,1281,5,2000,Not in California
Unknown,2021-04-12,37,3262,20,2598,16,591,1,73,16,713,23,1304,17,2017,Not in California
Unknown,2021-04-13,44,3306,26,2624,18,609,0,73,17,703,27,1331,17,2034,Not in California
Unknown,2021-04-14,27,3333,8,2632,19,628,0,73,6,687,22,1353,6,2040,Not in California
Unknown,2021-04-15,31,3364,16,2648,14,642,1,74,8,674,22,1375,9,2049,Not in California
Unknown,2021-04-16,25,3389,15,2663,10,652,0,74,9,667,16,1391,9,2058,Not in California
Unknown,2021-04-17,22,3411,13,2676,9,661,0,74,6,659,15,1406,7,2065,Not in California
Unknown,2021-04-18,20,3431,8,2684,12,673,0,74,9,656,12,1418,9,2074,Not in California
Unknown,2021-04-19,35,3466,21,2705,14,687,0,74,16,654,18,1436,16,2090,Not in California
Unknown,2021-04-20,25,3491,14,2719,11,698,0,74,5,639,20,1456,5,2095,Not in California
Unknown,2021-04-21,35,3526,15,2734,20,718,0,74,17,632,24,1480,17,2112,Not in California
Unknown,2021-04-22,23,3549,14,2748,9,727,0,74,7,622,17,1497,7,2119,Not in California
Unknown,2021-04-23,33,3582,16,2764,17,744,0,74,17,625,14,1511,17,2136,Not in California
Unknown,2021-04-24,25,3607,13,2777,12,756,0,74,16,632,9,1520,16,2152,Not in California
Unknown,2021-04-25,24,3631,10,2787,14,770,0,74,14,635,11,1531,14,2166,Not in California
Unknown,2021-04-26,20,3651,13,2800,7,777,0,74,7,628,14,1545,7,2173,Not in California
Unknown,2021-04-27,25,3676,12,2812,13,790,0,74,7,616,19,1564,7,2180,Not in California
Unknown,2021-04-28,27,3703,19,2831,7,797,1,75,11,609,19,1583,12,2192,Not in California
Unknown,2021-04-29,33,3736,22,2853,11,808,0,75,13,602,20,1603,13,2205,Not in California
Unknown,2021-04-30,28,3764,14,2867,9,817,5,80,14,606,15,1618,19,2224,Not in California
Unknown,2021-05-01,28,3792,21,2888,7,824,0,80,17,612,11,1629,17,2241,Not in California
Unknown,2021-05-02,14,3806,7,2895,6,830,1,81,6,611,8,1637,7,2248,Not in California
Unknown,2021-05-03,26,3832,18,2913,5,835,3,84,7,601,19,1656,9,2257,Not in California
Unknown,2021-05-04,21,3853,11,2924,6,841,4,88,5,594,16,1672,9,2266,Not in California
Unknown,2021-05-05,30,3883,11,2935,18,859,1,89,16,597,14,1686,17,2283,Not in California
Unknown,2021-05-06,21,3904,12,2947,6,865,3,92,9,597,12,1698,12,2295,Not in California
Unknown,2021-05-07,26,3930,14,2961,10,875,2,94,11,595,15,1713,13,2308,Not in California
Unknown,2021-05-08,16,3946,10,2971,4,879,2,96,7,596,8,1721,9,2317,Not in California
Unknown,2021-05-09,18,3964,5,2976,9,888,4,100,8,598,10,1731,12,2329,Not in California
Unknown,2021-05-10,18,3982,11,2987,6,894,1,101,3,588,14,1745,4,2333,Not in California
Unknown,2021-05-11,15,3997,9,2996,2,896,4,105,8,593,7,1752,12,2345,Not in California
Unknown,2021-05-12,14,4011,9,3005,4,900,1,106,6,592,8,1760,7,2352,Not in California
Unknown,2021-05-13,15,4026,10,3015,1,901,4,110,9,599,7,1767,14,2366,Not in California
Unknown,2021-05-14,24,4050,20,3035,3,904,1,111,14,604,9,1776,14,2380,Not in California
Unknown,2021-05-15,21,4071,19,3054,2,906,0,111,12,607,9,1785,12,2392,Not in California
Unknown,2021-05-16,27,4098,18,3072,8,914,1,112,16,613,11,1796,17,2409,Not in California
Unknown,2021-05-17,24,4122,18,3090,4,918,2,114,15,621,9,1805,17,2426,Not in California
Unknown,2021-05-18,39,4161,28,3118,9,927,2,116,31,646,8,1813,33,2459,Not in California
Unknown,2021-05-19,37,4198,28,3146,8,935,1,117,20,651,16,1829,21,2480,Not in California
Unknown,2021-05-20,183,4381,174,3320,8,943,1,118,174,818,8,1837,175,2655,Not in California
Unknown,2021-05-21,193,4574,186,3506,6,949,1,119,185,996,8,1845,186,2841,Not in California
Unknown,2021-05-22,205,4779,197,3703,6,955,2,121,190,1173,15,1860,192,3033,Not in California
Unknown,2021-05-23,121,4900,120,3823,0,955,1,122,119,1292,1,1861,120,3153,Not in California
Unknown,2021-05-24,1,4901,1,3824,0,955,0,122,1,1293,0,1861,1,3154,Not in California
Alameda,2020-12-15,36,36,36,36,0,0,0,0,36,36,0,0,36,36,California
Alameda,2020-12-16,208,244,208,244,0,0,0,0,208,244,0,0,208,244,California
Alameda,2020-12-17,397,641,397,641,0,0,0,0,397,641,0,0,397,641,California
Alameda,2020-12-18,1790,2431,1789,2430,1,1,0,0,1790,2431,0,0,1790,2431,California
Alameda,2020-12-19,1437,3868,1437,3867,0,1,0,0,1437,3868,0,0,1437,3868,California
Alameda,2020-12-20,1186,5054,1185,5052,1,2,0,0,1185,5052,1,1,1185,5053,California
Alameda,2020-12-21,1861,6915,1859,6911,2,4,0,0,1860,6912,0,1,1860,6913,California
Alameda,2020-12-22,2100,9015,2047,8958,53,57,0,0,2100,9012,0,1,2100,9013,California
Alameda,2020-12-23,1946,10961,1688,10646,258,315,0,0,1947,10959,0,1,1947,10960,California
Alameda,2020-12-24,1216,12177,759,11405,457,772,0,0,1216,12175,0,1,1216,12176,California
Alameda,2020-12-25,166,12343,129,11534,37,809,0,0,166,12341,0,1,166,12342,California
Alameda,2020-12-26,868,13211,326,11860,542,1351,0,0,868,13209,0,1,868,13210,California
Alameda,2020-12-27,499,13710,256,12116,243,1594,0,0,499,13708,0,1,499,13709,California
Alameda,2020-12-28,1878,15588,955,13071,923,2517,0,0,1878,15586,0,1,1878,15587,California
Alameda,2020-12-29,2477,18065,1071,14142,1406,3923,0,0,2476,18062,0,1,2476,18063,California
Alameda,2020-12-30,3085,21150,1316,15458,1769,5692,0,0,3085,21147,0,1,3085,21148,California
Alameda,2020-12-31,1794,22944,443,15901,1351,7043,0,0,1792,22938,1,2,1792,22940,California
Alameda,2021-01-01,171,23115,69,15970,102,7145,0,0,170,23107,1,3,170,23110,California
Alameda,2021-01-02,726,23841,526,16496,200,7345,0,0,725,23832,0,3,725,23835,California
Alameda,2021-01-03,341,24182,221,16717,120,7465,0,0,338,24167,3,6,338,24173,California
Alameda,2021-01-04,1645,25827,942,17659,703,8168,0,0,1633,25789,11,17,1633,25806,California
Alameda,2021-01-05,2216,28043,1275,18934,941,9109,0,0,1980,27536,233,250,1980,27786,California
Alameda,2021-01-06,3275,31318,1807,20741,1468,10577,0,0,2428,29122,844,1094,2430,30216,California
Alameda,2021-01-07,3811,35129,2149,22890,1662,12239,0,0,2681,30687,1121,2215,2686,32902,California
Alameda,2021-01-08,4764,39893,2728,25618,2036,14275,0,0,3110,32153,1649,3864,3115,36017,California
Alameda,2021-01-09,2032,41925,1383,27001,649,14924,0,0,1173,32467,859,4723,1173,37190,California
Alameda,2021-01-10,1068,42993,886,27887,182,15106,0,0,427,32252,642,5365,427,37617,California
Alameda,2021-01-11,4657,47650,3520,31407,1137,16243,0,0,2860,33323,1796,7161,2867,40484,California
Alameda,2021-01-12,4835,52485,3258,34665,1577,17820,0,0,3448,35388,1386,8547,3451,43935,California
Alameda,2021-01-13,5030,57515,2657,37322,2373,20193,0,0,3840,38044,1186,9733,3842,47777,California
Alameda,2021-01-14,5642,63157,2779,40101,2863,23056,0,0,4755,41924,878,10611,4758,52535,California
Alameda,2021-01-15,5831,68988,2311,42412,3520,26576,0,0,5065,46234,759,11370,5069,57604,California
Alameda,2021-01-16,3003,71991,1409,43821,1594,28170,0,0,2733,48698,270,11640,2734,60338,California
Alameda,2021-01-17,1869,73860,1084,44905,785,28955,0,0,1662,50155,206,11846,1663,62001,California
Alameda,2021-01-18,3195,77055,2053,46958,1142,30097,0,0,2602,52174,588,12434,2607,64608,California
Alameda,2021-01-19,5531,82586,3333,50291,2198,32295,0,0,4340,55327,1189,13623,4342,68950,California
Alameda,2021-01-20,6783,89369,4110,54401,2673,34968,0,0,5492,59545,1278,14901,5496,74446,California
Alameda,2021-01-21,7784,97153,3409,57810,4375,39343,0,0,6945,65662,833,15734,6950,81396,California
Alameda,2021-01-22,6847,104000,2042,59852,4805,44148,0,0,5708,70240,1132,16866,5710,87106,California
Alameda,2021-01-23,3285,107285,951,60803,2334,46482,0,0,2729,72413,556,17422,2729,89835,California
Alameda,2021-01-24,2049,109334,656,61459,1393,47875,0,0,1772,73912,273,17695,1772,91607,California
Alameda,2021-01-25,5202,114536,1974,63433,3228,51103,0,0,3618,75955,1576,19271,3619,95226,California
Alameda,2021-01-26,7250,121786,2298,65731,4952,56055,0,0,5383,79480,1859,21130,5384,100610,California
Alameda,2021-01-27,6639,128425,2061,67792,4578,60633,0,0,4796,82443,1833,22963,4796,105406,California
Alameda,2021-01-28,7893,136318,2553,70345,5340,65973,0,0,5652,85871,2225,25188,5653,111059,California
Alameda,2021-01-29,7939,144257,3192,73537,4747,70720,0,0,6118,90179,1811,26999,6119,117178,California
Alameda,2021-01-30,3430,147687,1683,75220,1747,72467,0,0,2719,92193,705,27704,2719,119897,California
Alameda,2021-01-31,1893,149580,957,76177,936,73403,0,0,1660,93623,230,27934,1660,121557,California
Alameda,2021-02-01,6495,156075,3894,80071,2601,76004,0,0,4346,95830,2140,30074,4347,125904,California
Alameda,2021-02-02,6956,163031,3749,83820,3207,79211,0,0,4655,98191,2294,32368,4655,130559,California
Alameda,2021-02-03,7093,170124,3734,87554,3359,82570,0,0,4396,99901,2691,35059,4401,134960,California
Alameda,2021-02-04,9518,179642,4143,91697,5375,87945,0,0,6407,103214,3099,38158,6412,141372,California
Alameda,2021-02-05,10329,189971,5391,97088,4938,92883,0,0,6457,105811,3866,42024,6463,147835,California
Alameda,2021-02-06,6979,196950,4426,101514,2553,95436,0,0,5853,110539,1125,43149,5853,153688,California
Alameda,2021-02-07,3589,200539,2898,104412,691,96127,0,0,2646,112246,940,44089,2647,156335,California
Alameda,2021-02-08,8080,208619,5778,110190,2302,98429,0,0,5525,115226,2547,46636,5527,161862,California
Alameda,2021-02-09,9715,218334,5857,116047,3858,102287,0,0,6052,117636,3644,50280,6054,167916,California
Alameda,2021-02-10,11462,229796,6780,122827,4682,106969,0,0,6559,119315,4888,55168,6567,174483,California
Alameda,2021-02-11,13934,243730,8004,130831,5930,112899,0,0,8372,122148,5543,60711,8376,182859,California
Alameda,2021-02-12,12548,256278,5714,136545,6834,119733,0,0,7764,125148,4767,65478,7767,190626,California
Alameda,2021-02-13,7793,264071,4050,140595,3743,123476,0,0,5830,129022,1958,67436,5832,196458,California
Alameda,2021-02-14,4040,268111,2539,143134,1501,124977,0,0,2873,130735,1163,68599,2876,199334,California
Alameda,2021-02-15,5678,273789,3190,146324,2488,127465,0,0,3696,132454,1980,70579,3699,203033,California
Alameda,2021-02-16,12528,286317,6953,153277,5575,133040,0,0,9316,138574,3202,73781,9322,212355,California
Alameda,2021-02-17,14174,300491,8422,161699,5752,138792,0,0,10541,145501,3616,77397,10543,222898,California
Alameda,2021-02-18,15904,316395,10098,171797,5806,144598,0,0,11550,152711,4346,81743,11556,234454,California
Alameda,2021-02-19,17678,334073,11471,183268,6207,150805,0,0,11709,158478,5947,87690,11714,246168,California
Alameda,2021-02-20,11891,345964,9634,192902,2257,153062,0,0,9162,164922,2724,90414,9168,255336,California
Alameda,2021-02-21,7689,353653,6758,199660,931,153993,0,0,5203,167650,2475,92889,5203,260539,California
Alameda,2021-02-22,10805,364458,8020,207680,2785,156778,0,0,6851,170569,3941,96830,6860,267399,California
Alameda,2021-02-23,12911,377369,7908,215588,5003,161781,0,0,8113,173901,4788,101618,8120,275519,California
Alameda,2021-02-24,14781,392150,8329,223917,6452,168233,0,0,9632,178451,5087,106705,9637,285156,California
Alameda,2021-02-25,15638,407788,9135,233052,6503,174736,0,0,9981,182816,5624,112329,9989,295145,California
Alameda,2021-02-26,18126,425914,10660,243712,7466,182202,0,0,11728,188193,6355,118684,11732,306877,California
Alameda,2021-02-27,14895,440809,11002,254714,3891,186093,2,2,9279,191886,5590,124274,9283,316160,California
Alameda,2021-02-28,9183,449992,7746,262460,1437,187530,0,2,6091,194911,3067,127341,6092,322252,California
Alameda,2021-03-01,13502,463494,9431,271891,4062,191592,9,11,8412,198296,5043,132384,8428,330680,California
Alameda,2021-03-02,15059,478553,10837,282728,4221,195813,1,12,9896,203057,5143,137527,9904,340584,California
Alameda,2021-03-03,15703,494256,10275,293003,5427,201240,1,13,10726,208839,4949,142476,10731,351315,California
Alameda,2021-03-04,17439,511695,11183,304186,6254,207494,2,15,10987,213409,6419,148895,10989,362304,California
Alameda,2021-03-05,16296,527991,10676,314862,5611,213105,9,24,11010,219195,5239,154134,11025,373329,California
Alameda,2021-03-06,14556,542547,10270,325132,4021,217126,265,289,9647,224246,4862,158996,9913,383242,California
Alameda,2021-03-07,9773,552320,8508,333640,1184,218310,81,370,6983,228551,2761,161757,7066,390308,California
Alameda,2021-03-08,11980,564300,7474,341114,4127,222437,379,749,8974,234949,2955,164712,9353,399661,California
Alameda,2021-03-09,14710,579010,10331,351445,3948,226385,431,1180,8046,236799,6628,171340,8478,408139,California
Alameda,2021-03-10,17543,596553,12187,363632,4797,231182,559,1739,7929,235695,9588,180928,8484,416623,California
Alameda,2021-03-11,19828,616381,11618,375250,6504,237686,1706,3445,6762,231122,13035,193963,8462,425085,California
Alameda,2021-03-12,21423,637804,12533,387783,7189,244875,1701,5146,7514,226443,13883,207846,9204,434289,California
Alameda,2021-03-13,16093,653897,10339,398122,4757,249632,997,6143,5148,221680,10909,218755,6146,440435,California
Alameda,2021-03-14,10915,664812,8027,406149,2096,251728,792,6935,3423,218412,7472,226227,4204,444639,California
Alameda,2021-03-15,14523,679335,9509,415658,4483,256211,531,7466,6323,217093,8170,234397,6851,451490,California
Alameda,2021-03-16,17306,696641,11238,426896,5528,261739,540,8006,7427,215234,9827,244224,7968,459458,California
Alameda,2021-03-17,17541,714182,9924,436820,6896,268635,721,8727,8115,214681,9386,253610,8833,468291,California
Alameda,2021-03-18,19251,733433,10492,447312,7861,276496,898,9625,8783,213930,10436,264046,9685,477976,California
Alameda,2021-03-19,19460,752893,10683,457995,6977,283473,1800,11425,7683,211677,11730,275776,9477,487453,California
Alameda,2021-03-20,15862,768755,10390,468385,4615,288088,857,12282,6442,209586,9387,285163,7296,494749,California
Alameda,2021-03-21,9260,778015,7284,475669,1421,289509,555,12837,3785,208461,5465,290628,4340,499089,California
Alameda,2021-03-22,15113,793128,10204,485873,3900,293409,1009,13846,7023,208425,8063,298691,8027,507116,California
Alameda,2021-03-23,19407,812535,11779,497652,6813,300222,815,14661,9877,209641,9482,308173,10698,517814,California
Alameda,2021-03-24,19322,831857,11724,509376,6579,306801,1019,15680,8446,208286,10812,318985,9457,527271,California
Alameda,2021-03-25,20628,852485,11483,520859,7738,314539,1407,17087,9502,208128,11057,330042,10899,538170,California
Alameda,2021-03-26,21055,873540,12712,533571,6772,321311,1571,18658,8547,205774,12462,342504,10108,548278,California
Alameda,2021-03-27,18433,891973,12570,546141,4901,326212,962,19620,7592,203516,10794,353298,8536,556814,California
Alameda,2021-03-28,10686,902659,8702,554843,1781,327993,203,19823,3530,200113,7143,360441,3740,560554,California
Alameda,2021-03-29,14787,917446,9487,564330,4304,332297,996,20819,5998,198352,8753,369194,6992,567546,California
Alameda,2021-03-30,18680,936126,9887,574217,7071,339368,1722,22541,9324,200066,9325,378519,11039,578585,California
Alameda,2021-03-31,19482,955608,10323,584540,7055,346423,2104,24645,9163,201030,10292,388811,11256,589841,California
Alameda,2021-04-01,23411,979019,10081,594621,7650,354073,5680,30325,11092,205513,12274,401085,16757,606598,California
Alameda,2021-04-02,24164,1003183,9974,604595,8329,362402,5861,36186,11686,210594,12439,413524,17520,624118,California
Alameda,2021-04-03,20410,1023593,9843,614438,5702,368104,4865,41051,10352,215768,10039,423563,15213,639331,California
Alameda,2021-04-04,9991,1033584,3991,618429,2287,370391,3713,44764,3465,216432,6509,430072,7173,646504,California
Alameda,2021-04-05,17846,1051430,7540,625969,5531,375922,4775,49539,7271,217925,10550,440622,12043,658547,California
Alameda,2021-04-06,22222,1073652,10709,636678,5667,381589,5846,55385,10075,221721,12110,452732,15906,674453,California
Alameda,2021-04-07,22579,1096231,11589,648267,5523,387112,5467,60852,11437,227520,11096,463828,16895,691348,California
Alameda,2021-04-08,25442,1121673,11502,659769,5975,393087,7965,68817,10857,231812,14513,478341,18805,710153,California
Alameda,2021-04-09,23315,1144988,10647,670416,7451,400538,5217,74034,11995,237734,11289,489630,17211,727364,California
Alameda,2021-04-10,18845,1163833,7427,677843,5596,406134,5822,79856,8138,240995,10683,500313,13944,741308,California
Alameda,2021-04-11,10991,1174824,4792,682635,2264,408398,3935,83791,4469,242881,6505,506818,8391,749699,California
Alameda,2021-04-12,18013,1192837,11719,694354,4308,412706,1986,85777,10118,247120,7860,514678,12099,761798,California
Alameda,2021-04-13,23026,1215863,14610,708964,8360,421066,56,85833,16934,258081,6039,520717,17000,778798,California
Alameda,2021-04-14,23114,1238977,15184,724148,7929,428995,1,85834,15604,266216,7477,528194,15612,794410,California
Alameda,2021-04-15,24109,1263086,15397,739545,8710,437705,2,85836,15991,274159,8058,536252,16001,810411,California
Alameda,2021-04-16,24418,1287504,14419,753964,9994,447699,5,85841,15733,281279,8629,544881,15749,826160,California
Alameda,2021-04-17,20902,1308406,14444,768408,6458,454157,0,85841,14433,289292,6434,551315,14447,840607,California
Alameda,2021-04-18,9977,1318383,7632,776040,2345,456502,0,85841,6905,293159,3043,554358,6910,847517,California
Alameda,2021-04-19,15669,1334052,9757,785797,5911,462413,1,85842,9085,295706,6548,560906,9095,856612,California
Alameda,2021-04-20,18188,1352240,11125,796922,7061,469474,2,85844,9980,297545,8163,569069,10002,866614,California
Alameda,2021-04-21,19162,1371402,11217,808139,7935,477409,10,85854,11182,300828,7927,576996,11210,877824,California
Alameda,2021-04-22,21463,1392865,13833,821972,7627,485036,3,85857,11430,302306,9979,586975,11457,889281,California
Alameda,2021-04-23,21763,1414628,14144,836116,7616,492652,3,85860,12203,305036,9502,596477,12232,901513,California
Alameda,2021-04-24,19021,1433649,14451,850567,4563,497215,7,85867,10062,306200,8915,605392,10079,911592,California
Alameda,2021-04-25,8901,1442550,6933,857500,1967,499182,1,85868,5792,308922,3081,608473,5803,917395,California
Alameda,2021-04-26,13819,1456369,9644,867144,4152,503334,23,85891,8595,312355,5194,613667,8627,926022,California
Alameda,2021-04-27,15798,1472167,9401,876545,6092,509426,305,86196,7459,311851,8292,621959,7788,933810,California
Alameda,2021-04-28,15998,1488165,10194,886739,5338,514764,466,86662,6263,308885,9706,631665,6740,940550,California
Alameda,2021-04-29,16768,1504933,10057,896796,6386,521150,325,86987,6006,304523,10713,642378,6351,946901,California
Alameda,2021-04-30,19482,1524415,12011,908807,7131,528281,340,87327,7892,301279,11515,653893,8271,955172,California
Alameda,2021-05-01,13979,1538394,9330,918137,4445,532726,204,87531,5220,298010,8722,662615,5453,960625,California
Alameda,2021-05-02,7033,1545427,4892,923029,1972,534698,169,87700,2872,296910,4146,666761,3046,963671,California
Alameda,2021-05-03,14413,1559840,10908,933937,3185,537883,320,88020,2819,288526,11551,678312,3167,966838,California
Alameda,2021-05-04,18253,1578093,13091,947028,4804,542687,358,88378,3649,278024,14540,692852,4038,970876,California
Alameda,2021-05-05,18307,1596400,13292,960320,4508,547195,507,88885,3743,267788,14501,707353,4265,975141,California
Alameda,2021-05-06,18561,1614961,14043,974363,3824,551019,694,89579,3599,257204,14890,722243,4306,979447,California
Alameda,2021-05-07,19090,1634051,12858,987221,5819,556838,413,89992,4353,247323,14669,736912,4788,984235,California
Alameda,2021-05-08,16456,1650507,11252,998473,4991,561829,213,90205,3097,237326,13321,750233,3324,987559,California
Alameda,2021-05-09,8506,1659013,6951,1005424,1412,563241,143,90348,1451,231889,7034,757267,1597,989156,California
Alameda,2021-05-10,10084,1669097,6890,1012314,2867,566108,327,90675,2484,227140,7568,764835,2819,991975,California
Alameda,2021-05-11,14968,1684065,7996,1020310,6673,572781,299,90974,2708,217961,12218,777053,3039,995014,California
Alameda,2021-05-12,12580,1696645,8256,1028566,3910,576691,414,91388,2619,211100,9920,786973,3059,998073,California
Alameda,2021-05-13,16711,1713356,11959,1040525,4233,580924,519,91907,5153,205285,11517,798490,5702,1003775,California
Alameda,2021-05-14,20405,1733761,13843,1054368,6141,587065,421,92328,7019,199429,13309,811799,7453,1011228,California
Alameda,2021-05-15,17009,1750770,12367,1066735,4415,591480,227,92555,5778,194249,11191,822990,6011,1017239,California
Alameda,2021-05-16,8340,1759110,7126,1073861,1122,592602,92,92647,2782,191601,5528,828518,2880,1020119,California
Alameda,2021-05-17,13268,1772378,9860,1083721,2881,595483,527,93174,4330,187569,8905,837423,4873,1024992,California
Alameda,2021-05-18,14050,1786428,10184,1093905,3444,598927,422,93596,5145,184273,8866,846289,5570,1030562,California
Alameda,2021-05-19,14300,1800728,9765,1103670,4203,603130,332,93928,6110,182576,8141,854430,6444,1037006,California
Alameda,2021-05-20,11444,1812172,7649,1111319,3370,606500,425,94353,5359,182316,6046,860476,5786,1042792,California
Alameda,2021-05-21,13464,1825636,8876,1120195,4361,610861,227,94580,4539,178212,8869,869345,4765,1047557,California
Alameda,2021-05-22,8857,1834493,6532,1126727,2185,613046,140,94720,3695,176911,5137,874482,3836,1051393,California
Alameda,2021-05-23,3728,1838221,3051,1129778,612,613658,65,94785,1155,175569,2563,877045,1221,1052614,California
Alameda,2021-05-24,4684,1842905,2555,1132333,1978,615636,151,94936,1715,174480,2954,879999,1865,1054479,California
Alpine,2020-12-18,2,2,2,2,0,0,0,0,2,2,0,0,2,2,California
Alpine,2020-12-19,2,4,2,4,0,0,0,0,2,4,0,0,2,4,California
Alpine,2020-12-21,2,6,2,6,0,0,0,0,2,6,0,0,2,6,California
Alpine,2020-12-30,14,20,0,6,14,14,0,0,14,20,0,0,14,20,California
Alpine,2020-12-31,1,21,0,6,1,15,0,0,1,21,0,0,1,21,California
Alpine,2021-01-01,1,22,0,6,1,16,0,0,1,22,0,0,1,22,California
Alpine,2021-01-02,1,23,1,7,0,16,0,0,1,23,0,0,1,23,California
Alpine,2021-01-04,10,33,0,7,10,26,0,0,10,33,0,0,10,33,California
Alpine,2021-01-05,9,42,1,8,8,34,0,0,9,42,0,0,9,42,California
Alpine,2021-01-06,31,73,0,8,31,65,0,0,31,73,0,0,31,73,California
Alpine,2021-01-07,8,81,0,8,8,73,0,0,8,81,0,0,8,81,California
Alpine,2021-01-08,4,85,2,10,2,75,0,0,2,81,2,2,2,83,California
Alpine,2021-01-09,2,87,2,12,0,75,0,0,0,79,2,4,0,83,California
Alpine,2021-01-11,32,119,1,13,31,106,0,0,31,109,1,5,31,114,California
Alpine,2021-01-13,35,154,0,13,35,141,0,0,35,144,0,5,35,149,California
Alpine,2021-01-14,1,155,0,13,1,142,0,0,1,145,0,5,1,150,California
Alpine,2021-01-15,1,156,0,13,1,143,0,0,1,146,0,5,1,151,California
Alpine,2021-01-20,21,177,0,13,21,164,0,0,21,167,0,5,21,172,California
Alpine,2021-01-21,1,178,0,13,1,165,0,0,1,168,0,5,1,173,California
Alpine,2021-01-22,33,211,0,13,33,198,0,0,33,201,0,5,33,206,California
Alpine,2021-01-23,1,212,1,14,0,198,0,0,0,200,1,6,0,206,California
Alpine,2021-01-25,16,228,0,14,16,214,0,0,16,216,0,6,16,222,California
Alpine,2021-01-27,1,229,1,15,0,214,0,0,0,215,1,7,0,222,California
Alpine,2021-01-28,1,230,0,15,1,215,0,0,0,214,1,8,0,222,California
Alpine,2021-01-29,1,231,0,15,1,216,0,0,1,215,0,8,1,223,California
Alpine,2021-02-01,25,256,0,15,25,241,0,0,7,204,18,26,7,230,California
Alpine,2021-02-03,34,290,0,15,34,275,0,0,10,190,24,50,10,240,California
Alpine,2021-02-04,8,298,0,15,8,283,0,0,3,188,5,55,3,243,California
Alpine,2021-02-05,31,329,0,15,31,314,0,0,12,181,19,74,12,255,California
Alpine,2021-02-08,32,361,0,15,32,346,0,0,4,157,28,102,4,259,California
Alpine,2021-02-10,34,395,0,15,34,380,0,0,0,123,34,136,0,259,California
Alpine,2021-02-11,6,401,0,15,6,386,0,0,3,123,3,139,3,262,California
Alpine,2021-02-12,1,402,0,15,1,387,0,0,0,122,1,140,0,262,California
Alpine,2021-02-17,23,425,0,15,23,410,0,0,3,105,20,160,3,265,California
Alpine,2021-02-18,2,427,0,15,2,412,0,0,1,105,1,161,1,266,California
Alpine,2021-02-19,34,461,1,16,33,445,0,0,2,75,32,193,2,268,California
Alpine,2021-02-22,27,488,0,16,27,472,0,0,8,64,19,212,8,276,California
Alpine,2021-02-24,1,489,1,17,0,472,0,0,1,65,0,212,1,277,California
Alpine,2021-02-25,6,495,1,18,5,477,0,0,6,71,0,212,6,283,California
Alpine,2021-02-26,30,525,1,19,29,506,0,0,29,99,1,213,29,312,California
Alpine,2021-02-27,1,526,0,19,1,507,0,0,1,100,0,213,1,313,California
Alpine,2021-03-01,36,562,0,19,36,543,0,0,26,116,10,223,26,339,California
Alpine,2021-03-03,29,591,0,19,29,572,0,0,18,123,11,234,18,357,California
Alpine,2021-03-04,11,602,1,20,10,582,0,0,11,134,0,234,11,368,California
Alpine,2021-03-05,30,632,0,20,30,612,0,0,22,148,8,242,22,390,California
Alpine,2021-03-08,31,663,0,20,31,643,0,0,29,175,2,244,29,419,California
Alpine,2021-03-10,73,736,0,20,73,716,0,0,73,248,0,244,73,492,California
Alpine,2021-03-11,35,771,0,20,35,751,0,0,31,275,4,248,31,523,California
Alpine,2021-03-12,19,790,0,20,19,770,0,0,17,290,2,250,17,540,California
Alpine,2021-03-15,21,811,1,21,20,790,0,0,20,309,1,251,20,560,California
Alpine,2021-03-17,23,834,0,21,22,812,1,1,19,325,4,255,20,580,California
Alpine,2021-03-18,38,872,3,24,35,847,0,1,35,357,3,258,35,615,California
Alpine,2021-03-19,2,874,1,25,1,848,0,1,1,357,1,259,1,616,California
Alpine,2021-03-22,24,898,0,25,24,872,0,1,15,363,9,268,15,631,California
Alpine,2021-03-24,19,917,0,25,19,891,0,1,8,360,11,279,8,639,California
Alpine,2021-03-25,35,952,1,26,33,924,1,2,28,382,7,286,29,668,California
Alpine,2021-03-27,1,953,0,26,1,925,0,2,0,381,1,287,0,668,California
Alpine,2021-03-28,1,954,1,27,0,925,0,2,1,382,0,287,1,669,California
Alpine,2021-03-29,19,973,0,27,18,943,1,3,2,368,17,304,3,672,California
Alpine,2021-04-01,18,991,0,27,18,961,0,3,8,366,10,314,8,680,California
Alpine,2021-04-02,101,1092,1,28,100,1061,0,3,46,358,54,368,46,726,California
Alpine,2021-04-05,4,1096,1,29,3,1064,0,3,0,354,4,372,0,726,California
Alpine,2021-04-06,3,1099,2,31,1,1065,0,3,2,355,1,373,2,728,California
Alpine,2021-04-07,117,1216,0,31,116,1181,1,4,30,300,86,459,31,759,California
Alpine,2021-04-08,36,1252,0,31,35,1216,1,5,10,285,26,485,11,770,California
Alpine,2021-04-09,2,1254,0,31,2,1218,0,5,2,287,0,485,2,772,California
Alpine,2021-04-14,47,1301,0,31,47,1265,0,5,10,260,37,522,10,782,California
Alpine,2021-04-15,35,1336,0,31,35,1300,0,5,3,231,32,554,3,785,California
Alpine,2021-04-16,1,1337,0,31,1,1301,0,5,1,232,0,554,1,786,California
Alpine,2021-04-19,1,1338,0,31,1,1302,0,5,1,233,0,554,1,787,California
Alpine,2021-04-21,31,1369,0,31,31,1333,0,5,15,232,16,570,15,802,California
Alpine,2021-04-22,24,1393,0,31,24,1357,0,5,1,210,23,593,1,803,California
Alpine,2021-04-24,2,1395,2,33,0,1357,0,5,0,209,2,595,1,804,California
Alpine,2021-04-25,1,1396,1,34,0,1357,0,5,0,208,1,596,0,804,California
Alpine,2021-04-27,2,1398,1,35,1,1358,0,5,1,208,1,597,1,805,California
Alpine,2021-04-28,36,1434,0,35,36,1394,0,5,6,184,30,627,6,811,California
Alpine,2021-04-29,7,1441,1,36,6,1400,0,5,1,179,6,633,1,812,California
Alpine,2021-04-30,2,1443,1,37,0,1400,1,6,1,180,1,634,2,814,California
Alpine,2021-05-02,1,1444,0,37,0,1400,1,7,0,180,1,635,1,815,California
Alpine,2021-05-05,17,1461,0,37,17,1417,0,7,4,171,13,648,4,819,California
Alpine,2021-05-06,8,1469,0,37,8,1425,0,7,0,163,8,656,0,819,California
Alpine,2021-05-07,1,1470,0,37,1,1426,0,7,0,162,1,657,0,819,California
Alpine,2021-05-10,1,1471,0,37,1,1427,0,7,1,163,0,657,1,820,California
Alpine,2021-05-12,1,1472,0,37,0,1427,1,8,0,163,1,658,1,821,California
Alpine,2021-05-13,3,1475,0,37,3,1430,0,8,0,160,3,661,0,821,California
Alpine,2021-05-17,2,1477,0,37,2,1432,0,8,1,160,1,662,1,822,California
Alpine,2021-05-18,1,1478,0,37,1,1433,0,8,1,161,0,662,1,823,California
Alpine,2021-05-19,15,1493,0,37,15,1448,0,8,0,146,15,677,0,823,California
Alpine,2021-05-20,1,1494,1,38,0,1448,0,8,0,145,1,678,0,823,California
Alpine,2021-05-21,1,1495,1,39,0,1448,0,8,0,144,1,679,0,823,California
Amador,2020-12-16,2,2,2,2,0,0,0,0,2,2,0,0,2,2,California
Amador,2020-12-17,5,7,5,7,0,0,0,0,5,7,0,0,5,7,California
Amador,2020-12-18,45,52,45,52,0,0,0,0,45,52,0,0,45,52,California
Amador,2020-12-19,17,69,17,69,0,0,0,0,17,69,0,0,17,69,California
Amador,2020-12-20,4,73,4,73,0,0,0,0,4,73,0,0,4,73,California
Amador,2020-12-21,31,104,31,104,0,0,0,0,31,104,0,0,31,104,California
Amador,2020-12-22,35,139,34,138,1,1,0,0,35,139,0,0,35,139,California
Amador,2020-12-23,39,178,38,176,1,2,0,0,39,178,0,0,39,178,California
Amador,2020-12-24,5,183,3,179,2,4,0,0,5,183,0,0,5,183,California
Amador,2020-12-26,5,188,4,183,1,5,0,0,5,188,0,0,5,188,California
Amador,2020-12-27,1,189,0,183,1,6,0,0,1,189,0,0,1,189,California
Amador,2020-12-28,31,220,27,210,4,10,0,0,31,220,0,0,31,220,California
Amador,2020-12-29,26,246,19,229,7,17,0,0,26,246,0,0,26,246,California
Amador,2020-12-30,124,370,78,307,46,63,0,0,124,370,0,0,124,370,California
Amador,2020-12-31,192,562,167,474,25,88,0,0,192,562,0,0,192,562,California
Amador,2021-01-01,2,564,0,474,2,90,0,0,2,564,0,0,2,564,California
Amador,2021-01-02,56,620,56,530,0,90,0,0,56,620,0,0,56,620,California
Amador,2021-01-03,65,685,17,547,48,138,0,0,65,685,0,0,65,685,California
Amador,2021-01-04,124,809,1,548,123,261,0,0,124,809,0,0,124,809,California
Amador,2021-01-05,33,842,3,551,30,291,0,0,31,839,2,2,32,841,California
Amador,2021-01-06,40,882,10,561,30,321,0,0,36,871,4,6,36,877,California
Amador,2021-01-07,230,1112,69,630,161,482,0,0,218,1077,12,18,218,1095,California
Amador,2021-01-08,85,1197,70,700,15,497,0,0,41,1075,44,62,42,1137,California
Amador,2021-01-09,11,1208,11,711,0,497,0,0,2,1068,9,71,2,1139,California
Amador,2021-01-10,6,1214,4,715,2,499,0,0,2,1066,4,75,2,1141,California
Amador,2021-01-11,125,1339,44,759,81,580,0,0,88,1118,37,112,89,1230,California
Amador,2021-01-12,64,1403,49,808,15,595,0,0,40,1134,24,136,40,1270,California
Amador,2021-01-13,40,1443,24,832,16,611,0,0,28,1150,12,148,28,1298,California
Amador,2021-01-14,149,1592,21,853,128,739,0,0,139,1280,10,158,140,1438,California
Amador,2021-01-15,60,1652,25,878,35,774,0,0,52,1324,8,166,52,1490,California
Amador,2021-01-16,18,1670,11,889,7,781,0,0,12,1331,6,172,13,1503,California
Amador,2021-01-17,25,1695,5,894,20,801,0,0,25,1356,0,172,25,1528,California
Amador,2021-01-18,31,1726,27,921,4,805,0,0,9,1343,22,194,9,1537,California
Amador,2021-01-19,125,1851,100,1021,25,830,0,0,81,1380,44,238,81,1618,California
Amador,2021-01-20,184,2035,34,1055,150,980,0,0,168,1533,15,253,168,1786,California
Amador,2021-01-21,259,2294,228,1283,31,1011,0,0,148,1571,111,364,149,1935,California
Amador,2021-01-22,136,2430,73,1356,63,1074,0,0,129,1693,7,371,129,2064,California
Amador,2021-01-23,52,2482,32,1388,20,1094,0,0,50,1741,2,373,50,2114,California
Amador,2021-01-24,29,2511,12,1400,17,1111,0,0,26,1764,3,376,26,2140,California
Amador,2021-01-25,59,2570,28,1428,31,1142,0,0,42,1789,17,393,42,2182,California
Amador,2021-01-26,245,2815,17,1445,228,1370,0,0,235,2014,10,403,235,2417,California
Amador,2021-01-27,303,3118,32,1477,271,1641,0,0,256,2226,45,448,257,2674,California
Amador,2021-01-28,369,3487,97,1574,272,1913,0,0,288,2434,81,529,289,2963,California
Amador,2021-01-29,98,3585,32,1606,66,1979,0,0,83,2502,15,544,83,3046,California
Amador,2021-01-30,169,3754,36,1642,133,2112,0,0,164,2661,5,549,164,3210,California
Amador,2021-01-31,32,3786,28,1670,4,2116,0,0,31,2691,1,550,31,3241,California
Amador,2021-02-01,63,3849,23,1693,40,2156,0,0,36,2700,27,577,36,3277,California
Amador,2021-02-02,213,4062,64,1757,149,2305,0,0,127,2744,83,660,127,3404,California
Amador,2021-02-03,142,4204,39,1796,103,2408,0,0,91,2785,50,710,91,3495,California
Amador,2021-02-04,251,4455,74,1870,177,2585,0,0,164,2864,87,797,166,3661,California
Amador,2021-02-05,332,4787,64,1934,268,2853,0,0,316,3164,16,813,316,3977,California
Amador,2021-02-06,99,4886,80,2014,19,2872,0,0,95,3255,4,817,95,4072,California
Amador,2021-02-07,39,4925,35,2049,4,2876,0,0,35,3287,4,821,36,4108,California
Amador,2021-02-08,90,5015,62,2111,28,2904,0,0,73,3343,17,838,73,4181,California
Amador,2021-02-09,175,5190,82,2193,93,2997,0,0,109,3386,66,904,109,4290,California
Amador,2021-02-10,980,6170,80,2273,900,3897,0,0,946,4298,34,938,946,5236,California
Amador,2021-02-11,309,6479,119,2392,190,4087,0,0,199,4389,108,1046,199,5435,California
Amador,2021-02-12,330,6809,121,2513,209,4296,0,0,257,4573,73,1119,257,5692,California
Amador,2021-02-13,167,6976,82,2595,85,4381,0,0,141,4688,26,1145,141,5833,California
Amador,2021-02-14,123,7099,54,2649,69,4450,0,0,106,4777,17,1162,106,5939,California
Amador,2021-02-15,188,7287,61,2710,127,4577,0,0,171,4932,16,1178,171,6110,California
Amador,2021-02-16,465,7752,53,2763,412,4989,0,0,426,5320,39,1217,427,6537,California
Amador,2021-02-17,263,8015,84,2847,179,5168,0,0,166,5389,97,1314,166,6703,California
Amador,2021-02-18,398,8413,99,2946,299,5467,0,0,333,5658,65,1379,334,7037,California
Amador,2021-02-19,195,8608,77,3023,118,5585,0,0,111,5685,84,1463,111,7148,California
Amador,2021-02-20,95,8703,33,3056,62,5647,0,0,67,5724,28,1491,67,7215,California
Amador,2021-02-21,45,8748,34,3090,11,5658,0,0,14,5707,31,1522,14,7229,California
Amador,2021-02-22,65,8813,25,3115,40,5698,0,0,32,5707,32,1554,32,7261,California
Amador,2021-02-23,320,9133,54,3169,266,5964,0,0,140,5668,180,1734,141,7402,California
Amador,2021-02-24,397,9530,58,3227,339,6303,0,0,264,5803,129,1863,264,7666,California
Amador,2021-02-25,524,10054,119,3346,405,6708,0,0,278,5836,245,2108,278,7944,California
Amador,2021-02-26,620,10674,76,3422,544,7252,0,0,505,6227,115,2223,506,8450,California
Amador,2021-02-27,291,10965,92,3514,199,7451,0,0,101,6141,189,2412,103,8553,California
Amador,2021-02-28,104,11069,53,3567,51,7502,0,0,58,6155,46,2458,60,8613,California
Amador,2021-03-01,188,11257,67,3634,121,7623,0,0,119,6206,69,2527,120,8733,California
Amador,2021-03-02,381,11638,63,3697,318,7941,0,0,332,6490,49,2576,333,9066,California
Amador,2021-03-03,243,11881,79,3776,164,8105,0,0,167,6583,75,2651,168,9234,California
Amador,2021-03-04,497,12378,116,3892,381,8486,0,0,394,6875,102,2753,394,9628,California
Amador,2021-03-05,513,12891,77,3969,436,8922,0,0,294,6953,218,2971,296,9924,California
Amador,2021-03-06,99,12990,46,4015,52,8974,1,1,54,6963,45,3016,55,9979,California
Amador,2021-03-07,65,13055,44,4059,21,8995,0,1,22,6942,43,3059,22,10001,California
Amador,2021-03-08,152,13207,71,4130,80,9075,1,2,91,6973,61,3120,92,10093,California
Amador,2021-03-09,373,13580,50,4180,323,9398,0,2,293,7189,77,3197,293,10386,California
Amador,2021-03-10,512,14092,77,4257,433,9831,2,4,111,6902,401,3598,114,10500,California
Amador,2021-03-11,474,14566,118,4375,345,10176,11,15,299,7041,174,3772,313,10813,California
Amador,2021-03-12,568,15134,66,4441,495,10671,7,22,337,7160,230,4002,349,11162,California
Amador,2021-03-13,114,15248,18,4459,89,10760,7,29,74,7205,40,4042,85,11247,California
Amador,2021-03-14,89,15337,19,4478,67,10827,3,32,21,7161,68,4110,24,11271,California
Amador,2021-03-15,180,15517,26,4504,147,10974,7,39,55,7099,125,4235,63,11334,California
Amador,2021-03-16,452,15969,54,4558,388,11362,10,49,138,6935,312,4547,148,11482,California
Amador,2021-03-17,195,16164,43,4601,149,11511,3,52,117,6978,78,4625,121,11603,California
Amador,2021-03-18,478,16642,101,4702,373,11884,4,56,252,7012,226,4851,260,11863,California
Amador,2021-03-19,541,17183,56,4758,468,12352,17,73,391,7275,148,4999,411,12274,California
Amador,2021-03-20,109,17292,45,4803,63,12415,1,74,45,7260,63,5062,48,12322,California
Amador,2021-03-21,48,17340,36,4839,11,12426,1,75,31,7278,16,5078,34,12356,California
Amador,2021-03-22,116,17456,34,4873,53,12479,29,104,52,7295,64,5142,81,12437,California
Amador,2021-03-23,434,17890,47,4920,380,12859,7,111,275,7420,158,5300,283,12720,California
Amador,2021-03-24,343,18233,36,4956,54,12913,253,364,35,7401,307,5607,288,13008,California
Amador,2021-03-25,607,18840,85,5041,516,13429,6,370,395,7591,211,5818,401,13409,California
Amador,2021-03-26,744,19584,44,5085,694,14123,6,376,280,7418,462,6280,289,13698,California
Amador,2021-03-27,90,19674,15,5100,73,14196,2,378,27,7386,63,6343,31,13729,California
Amador,2021-03-28,70,19744,16,5116,52,14248,2,380,12,7344,57,6400,15,13744,California
Amador,2021-03-29,181,19925,27,5143,153,14401,1,381,82,7335,97,6497,88,13832,California
Amador,2021-03-30,535,20460,28,5171,506,14907,1,382,294,7390,240,6737,295,14127,California
Amador,2021-03-31,199,20659,57,5228,137,15044,5,387,43,7283,155,6892,48,14175,California
Amador,2021-04-01,614,21273,87,5315,527,15571,0,387,263,7199,349,7241,265,14440,California
Amador,2021-04-02,607,21880,38,5353,557,16128,12,399,381,7369,225,7466,395,14835,California
Amador,2021-04-03,84,21964,21,5374,43,16171,20,419,21,7349,63,7529,43,14878,California
Amador,2021-04-04,38,22002,3,5377,29,16200,6,425,15,7347,23,7552,21,14899,California
Amador,2021-04-05,144,22146,52,5429,75,16275,17,442,49,7321,94,7646,68,14967,California
Amador,2021-04-06,503,22649,38,5467,446,16721,19,461,222,7283,279,7925,241,15208,California
Amador,2021-04-07,99,22748,34,5501,46,16767,19,480,43,7291,54,7979,62,15270,California
Amador,2021-04-08,496,23244,86,5587,389,17156,21,501,222,7261,273,8252,243,15513,California
Amador,2021-04-09,481,23725,20,5607,442,17598,19,520,211,7220,269,8521,228,15741,California
Amador,2021-04-10,50,23775,14,5621,27,17625,9,529,22,7223,28,8549,31,15772,California
Amador,2021-04-11,50,23825,25,5646,21,17646,4,533,23,7224,26,8575,27,15799,California
Amador,2021-04-12,98,23923,26,5672,62,17708,10,543,42,7220,56,8631,52,15851,California
Amador,2021-04-13,344,24267,50,5722,294,18002,0,543,68,7013,275,8906,68,15919,California
Amador,2021-04-14,280,24547,27,5749,253,18255,0,543,177,7088,102,9008,177,16096,California
Amador,2021-04-15,331,24878,74,5823,257,18512,0,543,72,6906,254,9262,72,16168,California
Amador,2021-04-16,482,25360,29,5852,453,18965,0,543,385,7195,96,9358,385,16553,California
Amador,2021-04-17,60,25420,34,5886,26,18991,0,543,26,7187,34,9392,26,16579,California
Amador,2021-04-18,26,25446,6,5892,20,19011,0,543,11,7184,14,9406,11,16590,California
Amador,2021-04-19,69,25515,27,5919,42,19053,0,543,30,7178,38,9444,32,16622,California
Amador,2021-04-20,436,25951,55,5974,381,19434,0,543,111,6973,318,9762,113,16735,California
Amador,2021-04-21,85,26036,33,6007,52,19486,0,543,43,6975,41,9803,43,16778,California
Amador,2021-04-22,497,26533,78,6085,418,19904,1,544,105,6696,385,10188,106,16884,California
Amador,2021-04-23,358,26891,46,6131,312,20216,0,544,286,6913,71,10259,288,17172,California
Amador,2021-04-24,47,26938,24,6155,23,20239,0,544,26,6919,20,10279,26,17198,California
Amador,2021-04-25,41,26979,19,6174,22,20261,0,544,29,6936,12,10291,29,17227,California
Amador,2021-04-26,86,27065,26,6200,59,20320,1,545,40,6932,45,10336,41,17268,California
Amador,2021-04-27,489,27554,38,6238,451,20771,0,545,87,6620,400,10736,88,17356,California
Amador,2021-04-28,67,27621,29,6267,34,20805,4,549,39,6635,28,10764,43,17399,California
Amador,2021-04-29,222,27843,69,6336,44,20849,109,658,64,6649,158,10922,172,17571,California
Amador,2021-04-30,338,28181,26,6362,308,21157,4,662,95,6505,243,11165,99,17670,California
Amador,2021-05-01,42,28223,16,6378,22,21179,4,666,22,6513,18,11183,26,17696,California
Amador,2021-05-02,26,28249,14,6392,9,21188,3,669,9,6509,17,11200,13,17709,California
Amador,2021-05-03,67,28316,33,6425,24,21212,10,679,27,6506,40,11240,37,17746,California
Amador,2021-05-04,465,28781,26,6451,432,21644,7,686,68,6184,397,11637,75,17821,California
Amador,2021-05-05,201,28982,153,6604,39,21683,9,695,162,6316,39,11676,171,17992,California
Amador,2021-05-06,108,29090,54,6658,49,21732,5,700,63,6341,43,11719,68,18060,California
Amador,2021-05-07,126,29216,29,6687,90,21822,7,707,66,6354,60,11779,73,18133,California
Amador,2021-05-08,41,29257,8,6695,30,21852,3,710,20,6356,21,11800,23,18156,California
Amador,2021-05-09,15,29272,0,6695,9,21861,6,716,4,6355,11,11811,10,18166,California
Amador,2021-05-10,62,29334,15,6710,44,21905,3,719,26,6348,36,11847,29,18195,California
Amador,2021-05-11,102,29436,34,6744,42,21947,26,745,45,6362,57,11904,71,18266,California
Amador,2021-05-12,63,29499,21,6765,41,21988,1,746,29,6358,34,11938,30,18296,California
Amador,2021-05-13,73,29572,39,6804,28,22016,6,752,36,6365,35,11973,42,18338,California
Amador,2021-05-14,394,29966,34,6838,356,22372,4,756,86,6147,308,12281,90,18428,California
Amador,2021-05-15,51,30017,20,6858,20,22392,11,767,23,6154,28,12309,35,18463,California
Amador,2021-05-16,38,30055,15,6873,23,22415,0,767,17,6150,21,12330,17,18480,California
Amador,2021-05-17,75,30130,22,6895,51,22466,2,769,36,6150,38,12368,38,18518,California
Amador,2021-05-18,246,30376,168,7063,43,22509,35,804,163,6266,82,12450,198,18716,California
Amador,2021-05-19,73,30449,22,7085,47,22556,4,808,33,6266,39,12489,39,18755,California
Amador,2021-05-20,78,30527,44,7129,31,22587,3,811,30,6252,47,12536,33,18788,California
Amador,2021-05-21,207,30734,28,7157,179,22766,0,811,32,6109,175,12711,32,18820,California
Amador,2021-05-22,39,30773,14,7171,20,22786,5,816,14,6103,25,12736,19,18839,California
Amador,2021-05-23,9,30782,5,7176,3,22789,1,817,5,6105,4,12740,6,18845,California
Amador,2021-05-24,38,30820,21,7197,17,22806,0,817,19,6106,18,12758,19,18864,California
Butte,2020-12-16,3,3,3,3,0,0,0,0,3,3,0,0,3,3,California
Butte,2020-12-17,21,24,21,24,0,0,0,0,21,24,0,0,21,24,California
Butte,2020-12-18,50,74,50,74,0,0,0,0,50,74,0,0,50,74,California
Butte,2020-12-19,7,81,7,81,0,0,0,0,7,81,0,0,7,81,California
Butte,2020-12-20,10,91,10,91,0,0,0,0,10,91,0,0,10,91,California
Butte,2020-12-21,634,725,634,725,0,0,0,0,634,725,0,0,634,725,California
Butte,2020-12-22,619,1344,617,1342,2,2,0,0,619,1344,0,0,619,1344,California
Butte,2020-12-23,878,2222,862,2204,16,18,0,0,878,2222,0,0,878,2222,California
Butte,2020-12-24,159,2381,155,2359,4,22,0,0,159,2381,0,0,159,2381,California
Butte,2020-12-26,93,2474,91,2450,2,24,0,0,93,2474,0,0,93,2474,California
Butte,2020-12-27,35,2509,34,2484,1,25,0,0,35,2509,0,0,35,2509,California
Butte,2020-12-28,279,2788,273,2757,6,31,0,0,279,2788,0,0,279,2788,California
Butte,2020-12-29,202,2990,178,2935,24,55,0,0,202,2990,0,0,202,2990,California
Butte,2020-12-30,513,3503,291,3226,222,277,0,0,513,3503,0,0,513,3503,California
Butte,2020-12-31,211,3714,18,3244,193,470,0,0,211,3714,0,0,211,3714,California
Butte,2021-01-01,8,3722,1,3245,7,477,0,0,8,3722,0,0,8,3722,California
Butte,2021-01-02,41,3763,38,3283,3,480,0,0,41,3763,0,0,41,3763,California
Butte,2021-01-03,3,3766,0,3283,3,483,0,0,3,3766,0,0,3,3766,California
Butte,2021-01-04,208,3974,175,3458,33,516,0,0,208,3974,0,0,208,3974,California
Butte,2021-01-05,197,4171,152,3610,45,561,0,0,196,4169,1,1,196,4170,California
Butte,2021-01-06,624,4795,397,4007,227,788,0,0,619,4784,5,6,620,4790,California
Butte,2021-01-07,761,5556,369,4376,392,1180,0,0,741,5505,20,26,741,5531,California
Butte,2021-01-08,669,6225,530,4906,139,1319,0,0,623,6082,46,72,623,6154,California
Butte,2021-01-09,12,6237,7,4913,5,1324,0,0,7,6084,5,77,7,6161,California
Butte,2021-01-10,19,6256,5,4918,14,1338,0,0,14,6093,5,82,14,6175,California
Butte,2021-01-11,985,7241,949,5867,36,1374,0,0,357,5825,628,710,360,6535,California
Butte,2021-01-12,698,7939,653,6520,45,1419,0,0,274,5675,424,1134,274,6809,California
Butte,2021-01-13,1569,9508,1075,7595,494,1913,0,0,731,5570,838,1972,733,7542,California
Butte,2021-01-14,1633,11141,892,8487,741,2654,0,0,1437,6812,195,2167,1437,8979,California
Butte,2021-01-15,1054,12195,813,9300,241,2895,0,0,945,7647,110,2277,945,9924,California
Butte,2021-01-16,586,12781,300,9600,286,3181,0,0,541,8143,45,2322,541,10465,California
Butte,2021-01-17,238,13019,64,9664,174,3355,0,0,201,8307,37,2359,201,10666,California
Butte,2021-01-18,344,13363,302,9966,42,3397,0,0,276,8516,67,2426,276,10942,California
Butte,2021-01-19,495,13858,432,10398,63,3460,0,0,223,8467,272,2698,223,11165,California
Butte,2021-01-20,1368,15226,688,11086,680,4140,0,0,1065,9229,303,3001,1065,12230,California
Butte,2021-01-21,1475,16701,867,11953,608,4748,0,0,1367,10489,107,3108,1367,13597,California
Butte,2021-01-22,1137,17838,478,12431,659,5407,0,0,1084,11520,53,3161,1084,14681,California
Butte,2021-01-23,127,17965,85,12516,42,5449,0,0,101,11595,26,3187,101,14782,California
Butte,2021-01-24,9,17974,7,12523,2,5451,0,0,9,11604,0,3187,9,14791,California
Butte,2021-01-25,655,18629,335,12858,320,5771,0,0,492,11933,163,3350,492,15283,California
Butte,2021-01-26,1469,20098,377,13235,1092,6863,0,0,1332,13128,137,3487,1332,16615,California
Butte,2021-01-27,2095,22193,705,13940,1390,8253,0,0,1365,13764,729,4216,1365,17980,California
Butte,2021-01-28,2263,24456,262,14202,2001,10254,0,0,1951,15404,311,4527,1951,19931,California
Butte,2021-01-29,1685,26141,486,14688,1199,11453,0,0,1308,16336,376,4903,1308,21239,California
Butte,2021-01-30,31,26172,8,14696,23,11476,0,0,29,16363,2,4905,29,21268,California
Butte,2021-01-31,16,26188,14,14710,2,11478,0,0,15,16377,1,4906,15,21283,California
Butte,2021-02-01,1749,27937,406,15116,1343,12821,0,0,1361,17352,386,5292,1361,22644,California
Butte,2021-02-02,1931,29868,363,15479,1568,14389,0,0,1628,18676,304,5596,1628,24272,California
Butte,2021-02-03,2741,32609,777,16256,1964,16353,0,0,1849,19635,890,6486,1849,26121,California
Butte,2021-02-04,2958,35567,324,16580,2634,18987,0,0,2402,21483,554,7040,2402,28523,California
Butte,2021-02-05,1272,36839,667,17247,605,19592,0,0,552,21316,720,7760,553,29076,California
Butte,2021-02-06,145,36984,104,17351,41,19633,0,0,63,21297,82,7842,63,29139,California
Butte,2021-02-07,37,37021,33,17384,4,19637,0,0,13,21286,24,7866,13,29152,California
Butte,2021-02-08,698,37719,548,17932,150,19787,0,0,242,21072,456,8322,242,29394,California
Butte,2021-02-09,953,38672,459,18391,494,20281,0,0,723,21565,230,8552,723,30117,California
Butte,2021-02-10,1706,40378,1190,19581,516,20797,0,0,675,21211,1029,9581,675,30792,California
Butte,2021-02-11,2202,42580,1347,20928,855,21652,0,0,1005,21019,1197,10778,1005,31797,California
Butte,2021-02-12,1003,43583,436,21364,567,22219,0,0,330,20677,672,11450,330,32127,California
Butte,2021-02-13,251,43834,43,21407,208,22427,0,0,150,20726,101,11551,150,32277,California
Butte,2021-02-14,160,43994,9,21416,151,22578,0,0,156,20878,4,11555,156,32433,California
Butte,2021-02-15,263,44257,47,21463,216,22794,0,0,198,21011,65,11620,198,32631,California
Butte,2021-02-16,732,44989,432,21895,300,23094,0,0,276,20830,457,12077,276,32907,California
Butte,2021-02-17,1515,46504,849,22744,666,23760,0,0,842,21001,671,12748,842,33749,California
Butte,2021-02-18,1557,48061,763,23507,794,24554,0,0,747,20938,810,13558,747,34496,California
Butte,2021-02-19,1167,49228,388,23895,779,25333,0,0,401,20580,759,14317,401,34897,California
Butte,2021-02-20,478,49706,32,23927,446,25779,0,0,125,20353,352,14669,125,35022,California
Butte,2021-02-21,18,49724,16,23943,2,25781,0,0,13,20361,5,14674,13,35035,California
Butte,2021-02-22,1501,51225,297,24240,1204,26985,0,0,378,19619,1120,15794,378,35413,California
Butte,2021-02-23,1633,52858,296,24536,1337,28322,0,0,461,18913,1167,16961,461,35874,California
Butte,2021-02-24,2138,54996,598,25134,1540,29862,0,0,727,18237,1403,18364,727,36601,California
Butte,2021-02-25,2075,57071,577,25711,1498,31360,0,0,656,17480,1414,19778,657,37258,California
Butte,2021-02-26,920,57991,311,26022,609,31969,0,0,396,17355,521,20299,396,37654,California
Butte,2021-02-27,236,58227,49,26071,187,32156,0,0,185,17491,49,20348,185,37839,California
Butte,2021-02-28,139,58366,16,26087,123,32279,0,0,131,17614,8,20356,131,37970,California
Butte,2021-03-01,1629,59995,177,26264,1451,33730,1,1,329,16647,1297,21653,330,38300,California
Butte,2021-03-02,1748,61743,198,26462,1550,35280,0,1,312,15527,1432,23085,312,38612,California
Butte,2021-03-03,2788,64531,851,27313,1937,37217,0,1,482,13706,2304,25389,483,39095,California
Butte,2021-03-04,3152,67683,683,27996,2469,39686,0,1,628,11811,2523,27912,628,39723,California
Butte,2021-03-05,1353,69036,616,28612,736,40422,1,2,737,11937,612,28524,738,40461,California
Butte,2021-03-06,247,69283,27,28639,197,40619,23,25,186,12086,60,28584,209,40670,California
Butte,2021-03-07,54,69337,3,28642,34,40653,17,42,29,12107,25,28609,46,40716,California
Butte,2021-03-08,1267,70604,129,28771,1060,41713,78,120,1101,13123,163,28772,1179,41895,California
Butte,2021-03-09,1902,72506,284,29055,1515,43228,103,223,1412,14151,487,29259,1515,43410,California
Butte,2021-03-10,2318,74824,966,30021,1251,44479,101,324,1577,15092,736,29995,1677,45087,California
Butte,2021-03-11,2810,77634,1318,31339,1366,45845,126,450,1982,16383,817,30812,2108,47195,California
Butte,2021-03-12,1147,78781,330,31669,468,46313,349,799,356,16304,785,31597,706,47901,California
Butte,2021-03-13,254,79035,69,31738,136,46449,49,848,62,16222,192,31789,110,48011,California
Butte,2021-03-14,162,79197,16,31754,104,46553,42,890,20,16143,141,31930,62,48073,California
Butte,2021-03-15,1742,80939,359,32113,1089,47642,294,1184,1147,16996,588,32518,1441,49514,California
Butte,2021-03-16,1653,82592,416,32529,1159,48801,78,1262,1113,17649,537,33055,1190,50704,California
Butte,2021-03-17,1955,84547,1358,33887,516,49317,81,1343,1136,18054,811,33866,1216,51920,California
Butte,2021-03-18,1809,86356,1466,35353,214,49531,129,1472,1065,18509,738,34604,1193,53113,California
Butte,2021-03-19,702,87058,314,35667,304,49835,84,1556,348,18597,344,34948,432,53545,California
Butte,2021-03-20,207,87265,32,35699,159,49994,16,1572,95,18596,112,35060,111,53656,California
Butte,2021-03-21,58,87323,27,35726,2,49996,29,1601,15,18597,43,35103,44,53700,California
Butte,2021-03-22,1484,88807,352,36078,1038,51034,94,1695,1220,19649,262,35365,1314,55014,California
Butte,2021-03-23,1826,90633,493,36571,1219,52253,114,1809,1476,20892,347,35712,1590,56604,California
Butte,2021-03-24,2266,92899,1269,37840,871,53124,126,1935,1717,22189,545,36257,1842,58446,California
Butte,2021-03-25,1485,94384,1201,39041,192,53316,92,2027,1018,22836,463,36720,1110,59556,California
Butte,2021-03-26,1208,95592,441,39482,521,53837,246,2273,561,23004,639,37359,807,60363,California
Butte,2021-03-27,302,95894,85,39567,193,54030,24,2297,136,22999,163,37522,158,60521,California
Butte,2021-03-28,226,96120,44,39611,174,54204,8,2305,102,22987,121,37643,109,60630,California
Butte,2021-03-29,1759,97879,381,39992,1308,55512,70,2375,1342,23987,412,38055,1412,62042,California
Butte,2021-03-30,1040,98919,471,40463,479,55991,90,2465,493,24029,541,38596,583,62625,California
Butte,2021-03-31,1779,100698,1304,41767,408,56399,67,2532,1088,24499,685,39281,1155,63780,California
Butte,2021-04-01,3329,104027,2706,44473,496,56895,127,2659,2259,25822,1064,40345,2387,66167,California
Butte,2021-04-02,1002,105029,419,44892,463,57358,120,2779,565,26076,429,40774,683,66850,California
Butte,2021-04-03,347,105376,46,44938,226,57584,75,2854,164,26132,183,40957,239,67089,California
Butte,2021-04-04,188,105564,24,44962,141,57725,23,2877,110,26189,76,41033,133,67222,California
Butte,2021-04-05,1956,107520,420,45382,1364,59089,172,3049,591,25594,1356,42389,761,67983,California
Butte,2021-04-06,2200,109720,616,45998,1161,60250,423,3472,798,25417,1396,43785,1219,69202,California
Butte,2021-04-07,3026,112746,1312,47310,1322,61572,392,3864,703,24202,2317,46102,1102,70304,California
Butte,2021-04-08,2725,115471,1190,48500,1269,62841,266,4130,441,22628,2281,48383,707,71011,California
Butte,2021-04-09,1365,116836,349,48849,536,63377,480,4610,324,22390,1037,49420,799,71810,California
Butte,2021-04-10,223,117059,48,48897,77,63454,98,4708,99,22463,123,49543,196,72006,California
Butte,2021-04-11,106,117165,44,48941,52,63506,10,4718,82,22532,23,49566,92,72098,California
Butte,2021-04-12,1407,118572,314,49255,960,64466,133,4851,233,21724,1174,50740,366,72464,California
Butte,2021-04-13,1642,120214,572,49827,1064,65530,6,4857,336,20767,1299,52039,342,72806,California
Butte,2021-04-14,2821,123035,2335,52162,486,66016,0,4857,1306,20564,1510,53549,1307,74113,California
Butte,2021-04-15,642,123677,397,52559,245,66261,0,4857,485,20895,154,53703,485,74598,California
Butte,2021-04-16,810,124487,414,52973,396,66657,0,4857,475,21037,333,54036,475,75073,California
Butte,2021-04-17,342,124829,61,53034,281,66938,0,4857,238,21173,102,54138,238,75311,California
Butte,2021-04-18,42,124871,11,53045,31,66969,0,4857,38,21207,4,54142,38,75349,California
Butte,2021-04-19,1561,126432,381,53426,1180,68149,0,4857,428,20505,1130,55272,428,75777,California
Butte,2021-04-20,1969,128401,717,54143,1252,69401,0,4857,751,20045,1211,56483,751,76528,California
Butte,2021-04-21,2049,130450,1165,55308,884,70285,0,4857,465,18932,1578,58061,465,76993,California
Butte,2021-04-22,2219,132669,1941,57249,278,70563,0,4857,609,17935,1606,59667,609,77602,California
Butte,2021-04-23,942,133611,445,57694,497,71060,0,4857,488,17970,453,60120,488,78090,California
Butte,2021-04-24,345,133956,138,57832,207,71267,0,4857,190,18005,155,60275,190,78280,California
Butte,2021-04-25,172,134128,67,57899,105,71372,0,4857,63,17959,109,60384,63,78343,California
Butte,2021-04-26,1487,135615,428,58327,1054,72426,5,4862,383,17246,1101,61485,388,78731,California
Butte,2021-04-27,935,136550,639,58966,269,72695,27,4889,563,17469,367,61852,590,79321,California
Butte,2021-04-28,1392,137942,936,59902,431,73126,25,4914,503,17109,888,62740,528,79849,California
Butte,2021-04-29,882,138824,542,60444,315,73441,25,4939,296,16849,581,63321,321,80170,California
Butte,2021-04-30,893,139717,387,60831,485,73926,21,4960,450,16882,437,63758,470,80640,California
Butte,2021-05-01,239,139956,64,60895,156,74082,19,4979,69,16801,169,63927,88,80728,California
Butte,2021-05-02,147,140103,61,60956,73,74155,13,4992,42,16751,105,64032,55,80783,California
Butte,2021-05-03,606,140709,250,61206,325,74480,31,5023,156,16498,440,64472,187,80970,California
Butte,2021-05-04,816,141525,315,61521,469,74949,32,5055,211,16141,599,65071,242,81212,California
Butte,2021-05-05,1338,142863,1090,62611,212,75161,36,5091,276,15396,1057,66128,312,81524,California
Butte,2021-05-06,925,143788,670,63281,218,75379,37,5128,360,15231,562,66690,397,81921,California
Butte,2021-05-07,563,144351,291,63572,235,75614,37,5165,288,15284,272,66962,325,82246,California
Butte,2021-05-08,170,144521,36,63608,125,75739,9,5174,90,15304,79,67041,99,82345,California
Butte,2021-05-09,94,144615,20,63628,71,75810,3,5177,50,15313,44,67085,53,82398,California
Butte,2021-05-10,520,145135,307,63935,170,75980,43,5220,214,15267,303,67388,257,82655,California
Butte,2021-05-11,862,145997,641,64576,164,76144,57,5277,275,15015,584,67972,332,82987,California
Butte,2021-05-12,730,146727,472,65048,212,76356,46,5323,327,14989,399,68371,373,83360,California
Butte,2021-05-13,845,147572,567,65615,219,76575,59,5382,293,14798,541,68912,350,83710,California
Butte,2021-05-14,833,148405,521,66136,282,76857,30,5412,361,14720,468,69380,390,84100,California
Butte,2021-05-15,476,148881,221,66357,223,77080,32,5444,220,14717,255,69635,252,84352,California
Butte,2021-05-16,167,149048,83,66440,66,77146,18,5462,98,14765,68,69703,116,84468,California
Butte,2021-05-17,756,149804,486,66926,223,77369,47,5509,336,14730,417,70120,382,84850,California
Butte,2021-05-18,1057,150861,725,67651,284,77653,48,5557,479,14685,572,70692,527,85377,California
Butte,2021-05-19,831,151692,541,68192,246,77899,44,5601,333,14567,494,71186,376,85753,California
Butte,2021-05-20,834,152526,574,68766,159,78058,101,5702,332,14500,500,71686,433,86186,California
Butte,2021-05-21,771,153297,488,69254,257,78315,26,5728,259,14276,508,72194,284,86470,California
Butte,2021-05-22,217,153514,104,69358,108,78423,5,5733,107,14281,107,72301,112,86582,California
Butte,2021-05-23,75,153589,46,69404,26,78449,3,5736,43,14295,32,72333,46,86628,California
Butte,2021-05-24,102,153691,4,69408,82,78531,16,5752,38,14286,63,72396,54,86682,California
Calaveras,2020-12-16,5,5,5,5,0,0,0,0,5,5,0,0,5,5,California
Calaveras,2020-12-17,3,8,3,8,0,0,0,0,3,8,0,0,3,8,California
Calaveras,2020-12-18,38,46,38,46,0,0,0,0,38,46,0,0,38,46,California
Calaveras,2020-12-19,3,49,3,49,0,0,0,0,3,49,0,0,3,49,California
Calaveras,2020-12-20,4,53,4,53,0,0,0,0,4,53,0,0,4,53,California
Calaveras,2020-12-21,55,108,48,101,7,7,0,0,55,108,0,0,55,108,California
Calaveras,2020-12-22,82,190,78,179,4,11,0,0,83,191,0,0,83,191,California
Calaveras,2020-12-23,76,266,74,253,2,13,0,0,76,267,0,0,76,267,California
Calaveras,2020-12-24,2,268,2,255,0,13,0,0,2,269,0,0,2,269,California
Calaveras,2020-12-26,3,271,3,258,0,13,0,0,3,272,0,0,3,272,California
Calaveras,2020-12-28,21,292,17,275,4,17,0,0,20,291,1,1,20,292,California
Calaveras,2020-12-29,158,450,138,413,20,37,0,0,158,449,0,1,158,450,California
Calaveras,2020-12-30,94,544,82,495,12,49,0,0,94,543,0,1,94,544,California
Calaveras,2020-12-31,37,581,26,521,11,60,0,0,37,580,0,1,37,581,California
Calaveras,2021-01-02,11,592,11,532,0,60,0,0,11,591,0,1,11,592,California
Calaveras,2021-01-03,10,602,4,536,6,66,0,0,10,601,0,1,10,602,California
Calaveras,2021-01-04,33,635,5,541,28,94,0,0,33,634,0,1,33,635,California
Calaveras,2021-01-05,40,675,9,550,31,125,0,0,31,661,9,10,36,671,California
Calaveras,2021-01-06,107,782,30,580,77,202,0,0,97,748,10,20,97,768,California
Calaveras,2021-01-07,105,887,26,606,79,281,0,0,92,830,11,31,93,861,California
Calaveras,2021-01-08,68,955,38,644,30,311,0,0,45,853,23,54,46,907,California
Calaveras,2021-01-09,5,960,5,649,0,311,0,0,2,852,3,57,2,909,California
Calaveras,2021-01-10,2,962,0,649,2,313,0,0,2,854,0,57,2,911,California
Calaveras,2021-01-11,65,1027,59,708,6,319,0,0,27,846,37,94,29,940,California
Calaveras,2021-01-12,86,1113,53,761,33,352,0,0,52,865,34,128,53,993,California
Calaveras,2021-01-13,111,1224,45,806,66,418,0,0,77,909,34,162,78,1071,California
Calaveras,2021-01-14,140,1364,43,849,97,515,0,0,107,985,32,194,108,1179,California
Calaveras,2021-01-15,92,1456,28,877,64,579,0,0,72,1037,20,214,72,1251,California
Calaveras,2021-01-16,13,1469,2,879,11,590,0,0,12,1048,1,215,12,1263,California
Calaveras,2021-01-17,9,1478,1,880,8,598,0,0,9,1057,0,215,9,1272,California
Calaveras,2021-01-18,133,1611,20,900,113,711,0,0,119,1165,14,229,122,1394,California
Calaveras,2021-01-19,205,1816,175,1075,30,741,0,0,68,1098,136,365,69,1463,California
Calaveras,2021-01-20,378,2194,82,1157,296,1037,0,0,291,1314,86,451,302,1765,California
Calaveras,2021-01-21,463,2657,41,1198,422,1459,0,0,429,1720,34,485,440,2205,California
Calaveras,2021-01-22,401,3058,23,1221,378,1837,0,0,391,2108,10,495,398,2603,California
Calaveras,2021-01-23,20,3078,8,1229,12,1849,0,0,19,2126,1,496,19,2622,California
Calaveras,2021-01-24,14,3092,8,1237,6,1855,0,0,12,2136,2,498,12,2634,California
Calaveras,2021-01-25,86,3178,8,1245,78,1933,0,0,81,2212,5,503,81,2715,California
Calaveras,2021-01-26,47,3225,15,1260,32,1965,0,0,39,2243,8,511,39,2754,California
Calaveras,2021-01-27,135,3360,43,1303,92,2057,0,0,107,2323,27,538,107,2861,California
Calaveras,2021-01-28,165,3525,25,1328,140,2197,0,0,140,2442,25,563,144,3005,California
Calaveras,2021-01-29,390,3915,12,1340,378,2575,0,0,362,2788,28,591,374,3379,California
Calaveras,2021-01-30,27,3942,10,1350,17,2592,0,0,25,2813,0,591,25,3404,California
Calaveras,2021-01-31,6,3948,4,1354,2,2594,0,0,5,2817,1,592,5,3409,California
Calaveras,2021-02-01,25,3973,11,1365,14,2608,0,0,17,2826,8,600,17,3426,California
Calaveras,2021-02-02,109,4082,22,1387,87,2695,0,0,71,2865,33,633,72,3498,California
Calaveras,2021-02-03,434,4516,44,1431,390,3085,0,0,349,3132,84,717,351,3849,California
Calaveras,2021-02-04,381,4897,25,1456,356,3441,0,0,296,3346,85,802,299,4148,California
Calaveras,2021-02-05,79,4976,22,1478,57,3498,0,0,41,3350,38,840,42,4190,California
Calaveras,2021-02-06,21,4997,12,1490,9,3507,0,0,21,3371,0,840,21,4211,California
Calaveras,2021-02-07,4,5001,1,1491,3,3510,0,0,2,3371,2,842,2,4213,California
Calaveras,2021-02-08,39,5040,18,1509,21,3531,0,0,31,3396,6,848,31,4244,California
Calaveras,2021-02-09,193,5233,77,1586,116,3647,0,0,131,3468,60,908,132,4376,California
Calaveras,2021-02-10,515,5748,31,1617,484,4131,0,0,443,3844,72,980,448,4824,California
Calaveras,2021-02-11,584,6332,82,1699,502,4633,0,0,473,4213,108,1088,477,5301,California
Calaveras,2021-02-12,570,6902,325,2024,245,4878,0,0,493,4634,75,1163,496,5797,California
Calaveras,2021-02-13,201,7103,45,2069,156,5034,0,0,186,4805,15,1178,186,5983,California
Calaveras,2021-02-14,221,7324,71,2140,150,5184,0,0,206,4997,14,1192,206,6189,California
Calaveras,2021-02-15,382,7706,23,2163,359,5543,0,0,262,5142,117,1309,262,6451,California
Calaveras,2021-02-16,268,7974,144,2307,124,5667,0,0,230,5336,38,1347,232,6683,California
Calaveras,2021-02-17,512,8486,38,2345,474,6141,0,0,209,5255,293,1640,212,6895,California
Calaveras,2021-02-18,499,8985,91,2436,408,6549,0,0,96,4966,386,2026,97,6992,California
Calaveras,2021-02-19,440,9425,43,2479,397,6946,0,0,98,4731,333,2359,98,7090,California
Calaveras,2021-02-20,59,9484,15,2494,44,6990,0,0,48,4768,11,2370,48,7138,California
Calaveras,2021-02-21,24,9508,14,2508,10,7000,0,0,18,4781,5,2375,18,7156,California
Calaveras,2021-02-22,62,9570,38,2546,24,7024,0,0,33,4785,29,2404,33,7189,California
Calaveras,2021-02-23,127,9697,42,2588,85,7109,0,0,91,4841,36,2440,92,7281,California
Calaveras,2021-02-24,97,9794,48,2636,49,7158,0,0,67,4879,29,2469,67,7348,California
Calaveras,2021-02-25,550,10344,99,2735,451,7609,0,0,355,5048,190,2659,359,7707,California
Calaveras,2021-02-26,720,11064,48,2783,672,8281,0,0,371,5091,330,2989,373,8080,California
Calaveras,2021-02-27,204,11268,22,2805,182,8463,0,0,180,5247,24,3013,180,8260,California
Calaveras,2021-02-28,97,11365,15,2820,82,8545,0,0,91,5333,5,3018,91,8351,California
Calaveras,2021-03-01,229,11594,41,2861,188,8733,0,0,146,5400,80,3098,147,8498,California
Calaveras,2021-03-02,250,11844,97,2958,153,8886,0,0,204,5562,43,3141,205,8703,California
Calaveras,2021-03-03,514,12358,104,3062,410,9296,0,0,212,5478,296,3437,212,8915,California
Calaveras,2021-03-04,745,13103,69,3131,675,9971,1,1,354,5451,382,3819,355,9270,California
Calaveras,2021-03-05,455,13558,272,3403,179,10150,4,5,140,5285,310,4129,144,9414,California
Calaveras,2021-03-06,154,13712,42,3445,106,10256,6,11,114,5365,40,4169,120,9534,California
Calaveras,2021-03-07,75,13787,32,3477,36,10292,7,18,34,5365,41,4210,41,9575,California
Calaveras,2021-03-08,162,13949,27,3504,127,10419,8,26,128,5468,33,4243,136,9711,California
Calaveras,2021-03-09,360,14309,136,3640,218,10637,6,32,32,5183,323,4566,38,9749,California
Calaveras,2021-03-10,420,14729,31,3671,386,11023,3,35,58,4888,356,4922,61,9810,California
Calaveras,2021-03-11,851,15580,423,4094,415,11438,13,48,433,4923,413,5335,448,10258,California
Calaveras,2021-03-12,402,15982,213,4307,179,11617,10,58,326,5190,75,5410,342,10600,California
Calaveras,2021-03-13,177,16159,16,4323,153,11770,8,66,140,5305,36,5446,151,10751,California
Calaveras,2021-03-14,156,16315,11,4334,144,11914,1,67,18,5193,138,5584,26,10777,California
Calaveras,2021-03-15,330,16645,48,4382,256,12170,26,93,52,4998,277,5861,82,10859,California
Calaveras,2021-03-16,689,17334,553,4935,116,12286,20,113,546,5423,141,6002,566,11425,California
Calaveras,2021-03-17,281,17615,53,4988,214,12500,14,127,50,5261,227,6229,65,11490,California
Calaveras,2021-03-18,666,18281,570,5558,80,12580,16,143,549,5711,117,6346,567,12057,California
Calaveras,2021-03-19,232,18513,51,5609,107,12687,74,217,58,5671,170,6516,130,12187,California
Calaveras,2021-03-20,81,18594,22,5631,58,12745,1,218,23,5638,58,6574,25,12212,California
Calaveras,2021-03-21,47,18641,30,5661,6,12751,11,229,12,5626,35,6609,23,12235,California
Calaveras,2021-03-22,79,18720,35,5696,23,12774,21,250,25,5618,54,6663,46,12281,California
Calaveras,2021-03-23,294,19014,204,5900,80,12854,10,260,116,5576,168,6831,126,12407,California
Calaveras,2021-03-24,134,19148,51,5951,73,12927,10,270,43,5540,89,6920,53,12460,California
Calaveras,2021-03-25,743,19891,103,6054,636,13563,4,274,446,5700,290,7210,450,12910,California
Calaveras,2021-03-26,427,20318,28,6082,393,13956,6,280,88,5460,336,7546,96,13006,California
Calaveras,2021-03-27,212,20530,19,6101,189,14145,4,284,37,5331,172,7718,43,13049,California
Calaveras,2021-03-28,111,20641,12,6113,97,14242,2,286,8,5240,102,7820,11,13060,California
Calaveras,2021-03-29,178,20819,23,6136,152,14394,3,289,58,5184,118,7938,62,13122,California
Calaveras,2021-03-30,532,21351,24,6160,491,14885,17,306,356,5382,175,8113,373,13495,California
Calaveras,2021-03-31,321,21672,139,6299,172,15057,10,316,155,5382,166,8279,166,13661,California
Calaveras,2021-04-01,685,22357,443,6742,241,15298,1,317,186,5074,498,8777,190,13851,California
Calaveras,2021-04-02,393,22750,231,6973,154,15452,8,325,117,4927,273,9050,126,13977,California
Calaveras,2021-04-03,144,22894,34,7007,106,15558,4,329,40,4867,104,9154,44,14021,California
Calaveras,2021-04-04,78,22972,25,7032,53,15611,0,329,49,4887,29,9183,49,14070,California
Calaveras,2021-04-05,211,23183,81,7113,121,15732,9,338,100,4886,111,9294,110,14180,California
Calaveras,2021-04-06,650,23833,573,7686,64,15796,13,351,111,4475,535,9829,124,14304,California
Calaveras,2021-04-07,754,24587,658,8344,60,15856,36,387,617,4992,137,9966,654,14958,California
Calaveras,2021-04-08,947,25534,856,9200,70,15926,21,408,437,4944,507,10473,459,15417,California
Calaveras,2021-04-09,154,25688,58,9258,48,15974,48,456,57,4954,96,10569,106,15523,California
Calaveras,2021-04-10,190,25878,42,9300,130,16104,18,474,148,5080,41,10610,167,15690,California
Calaveras,2021-04-11,69,25947,44,9344,23,16127,2,476,48,5109,21,10631,50,15740,California
Calaveras,2021-04-12,104,26051,47,9391,38,16165,19,495,55,5135,49,10680,75,15815,California
Calaveras,2021-04-13,422,26473,367,9758,55,16220,0,495,363,5442,58,10738,365,16180,California
Calaveras,2021-04-14,181,26654,28,9786,153,16373,0,495,135,5532,46,10784,136,16316,California
Calaveras,2021-04-15,336,26990,287,10073,49,16422,0,495,253,5705,80,10864,253,16569,California
Calaveras,2021-04-16,99,27089,25,10098,74,16496,0,495,47,5704,48,10912,47,16616,California
Calaveras,2021-04-17,331,27420,127,10225,204,16700,0,495,288,5949,43,10955,288,16904,California
Calaveras,2021-04-18,17,27437,5,10230,12,16712,0,495,10,5952,7,10962,10,16914,California
Calaveras,2021-04-19,71,27508,27,10257,44,16756,0,495,44,5971,26,10988,45,16959,California
Calaveras,2021-04-20,262,27770,93,10350,169,16925,0,495,196,6103,64,11052,196,17155,California
Calaveras,2021-04-21,217,27987,146,10496,71,16996,0,495,86,6061,129,11181,87,17242,California
Calaveras,2021-04-22,542,28529,96,10592,446,17442,0,495,141,5805,399,11580,143,17385,California
Calaveras,2021-04-23,158,28687,80,10672,78,17520,0,495,65,5779,91,11671,65,17450,California
Calaveras,2021-04-24,173,28860,37,10709,136,17656,0,495,130,5868,42,11713,131,17581,California
Calaveras,2021-04-25,43,28903,28,10737,15,17671,0,495,22,5871,21,11734,24,17605,California
Calaveras,2021-04-26,96,28999,59,10796,37,17708,0,495,28,5832,68,11802,29,17634,California
Calaveras,2021-04-27,425,29424,59,10855,352,18060,14,509,58,5539,365,12167,72,17706,California
Calaveras,2021-04-28,642,30066,574,11429,37,18097,31,540,52,5039,590,12757,90,17796,California
Calaveras,2021-04-29,511,30577,441,11870,51,18148,19,559,72,4697,438,13195,96,17892,California
Calaveras,2021-04-30,147,30724,59,11929,83,18231,5,564,66,4693,81,13276,77,17969,California
Calaveras,2021-05-01,198,30922,110,12039,86,18317,2,566,131,4764,66,13342,137,18106,California
Calaveras,2021-05-02,52,30974,35,12074,16,18333,1,567,20,4755,31,13373,22,18128,California
Calaveras,2021-05-03,94,31068,70,12144,19,18352,5,572,30,4730,64,13437,39,18167,California
Calaveras,2021-05-04,413,31481,328,12472,48,18400,37,609,42,4440,370,13807,80,18247,California
Calaveras,2021-05-05,110,31591,56,12528,22,18422,32,641,48,4458,61,13868,79,18326,California
Calaveras,2021-05-06,253,31844,194,12722,36,18458,23,664,47,4324,205,14073,71,18397,California
Calaveras,2021-05-07,84,31928,24,12746,54,18512,6,670,54,4354,30,14103,60,18457,California
Calaveras,2021-05-08,289,32217,140,12886,147,18659,2,672,92,4253,195,14298,94,18551,California
Calaveras,2021-05-09,28,32245,12,12898,13,18672,3,675,12,4252,16,14314,15,18566,California
Calaveras,2021-05-10,53,32298,24,12922,28,18700,1,676,23,4249,28,14342,25,18591,California
Calaveras,2021-05-11,129,32427,86,13008,31,18731,12,688,90,4314,38,14380,103,18694,California
Calaveras,2021-05-12,157,32584,37,13045,120,18851,0,688,44,4246,112,14492,44,18738,California
Calaveras,2021-05-13,113,32697,60,13105,38,18889,15,703,59,4267,53,14545,74,18812,California
Calaveras,2021-05-14,149,32846,92,13197,54,18943,3,706,100,4322,48,14593,103,18915,California
Calaveras,2021-05-15,264,33110,93,13290,168,19111,3,709,105,4277,153,14746,108,19023,California
Calaveras,2021-05-16,26,33136,11,13301,15,19126,0,709,13,4278,13,14759,14,19037,California
Calaveras,2021-05-17,87,33223,40,13341,40,19166,7,716,47,4294,39,14798,55,19092,California
Calaveras,2021-05-18,224,33447,60,13401,142,19308,22,738,72,4237,151,14949,94,19186,California
Calaveras,2021-05-19,147,33594,58,13459,83,19391,6,744,70,4238,76,15025,77,19263,California
Calaveras,2021-05-20,167,33761,58,13517,87,19478,22,766,48,4191,116,15141,69,19332,California
Calaveras,2021-05-21,44,33805,23,13540,18,19496,3,769,24,4199,19,15160,27,19359,California
Calaveras,2021-05-22,261,34066,135,13675,126,19622,0,769,122,4184,137,15297,122,19481,California
Calaveras,2021-05-23,10,34076,7,13682,3,19625,0,769,2,4178,8,15305,2,19483,California
Calaveras,2021-05-24,16,34092,12,13694,3,19628,1,770,4,4171,12,15317,5,19488,California
Colusa,2020-12-18,1,1,1,1,0,0,0,0,1,1,0,0,1,1,California
Colusa,2020-12-21,2,3,2,3,0,0,0,0,2,3,0,0,2,3,California
Colusa,2020-12-22,10,13,10,13,0,0,0,0,10,13,0,0,10,13,California
Colusa,2020-12-23,10,23,10,23,0,0,0,0,10,23,0,0,10,23,California
Colusa,2020-12-24,2,25,1,24,1,1,0,0,2,25,0,0,2,25,California
Colusa,2020-12-27,1,26,1,25,0,1,0,0,1,26,0,0,1,26,California
Colusa,2020-12-28,7,33,3,28,4,5,0,0,7,33,0,0,7,33,California
Colusa,2020-12-29,11,44,8,36,3,8,0,0,11,44,0,0,11,44,California
Colusa,2020-12-30,50,94,13,49,37,45,0,0,50,94,0,0,50,94,California
Colusa,2020-12-31,18,112,1,50,17,62,0,0,18,112,0,0,18,112,California
Colusa,2021-01-04,4,116,0,50,4,66,0,0,4,116,0,0,4,116,California
Colusa,2021-01-05,67,183,1,51,66,132,0,0,67,183,0,0,67,183,California
Colusa,2021-01-06,15,198,9,60,6,138,0,0,15,198,0,0,15,198,California
Colusa,2021-01-07,38,236,4,64,34,172,0,0,37,234,1,1,37,235,California
Colusa,2021-01-08,9,245,7,71,2,174,0,0,8,241,1,2,8,243,California
Colusa,2021-01-09,2,247,1,72,1,175,0,0,2,243,0,2,2,245,California
Colusa,2021-01-10,1,248,0,72,1,176,0,0,1,244,0,2,1,246,California
Colusa,2021-01-11,12,260,6,78,6,182,0,0,7,246,5,7,7,253,California
Colusa,2021-01-12,11,271,9,87,2,184,0,0,6,247,5,12,6,259,California
Colusa,2021-01-13,21,292,13,100,8,192,0,0,13,252,8,20,13,272,California
Colusa,2021-01-14,35,327,28,128,7,199,0,0,33,283,2,22,33,305,California
Colusa,2021-01-15,42,369,5,133,37,236,0,0,40,321,2,24,40,345,California
Colusa,2021-01-16,12,381,1,134,11,247,0,0,11,331,1,25,11,356,California
Colusa,2021-01-17,3,384,2,136,1,248,0,0,2,332,1,26,2,358,California
Colusa,2021-01-18,4,388,0,136,4,252,0,0,4,336,0,26,4,362,California
Colusa,2021-01-19,9,397,8,144,1,253,0,0,5,337,4,30,5,367,California
Colusa,2021-01-20,115,512,101,245,14,267,0,0,102,426,13,43,102,469,California
Colusa,2021-01-21,56,568,41,286,15,282,0,0,55,480,1,44,55,524,California
Colusa,2021-01-22,40,608,17,303,23,305,0,0,35,510,5,49,35,559,California
Colusa,2021-01-23,35,643,6,309,29,334,0,0,35,545,0,49,35,594,California
Colusa,2021-01-25,7,650,0,309,7,341,0,0,7,552,0,49,7,601,California
Colusa,2021-01-26,8,658,5,314,3,344,0,0,5,554,3,52,5,606,California
Colusa,2021-01-27,109,767,31,345,78,422,0,0,107,659,2,54,107,713,California
Colusa,2021-01-28,79,846,46,391,33,455,0,0,72,724,7,61,72,785,California
Colusa,2021-01-29,41,887,7,398,34,489,0,0,40,763,1,62,40,825,California
Colusa,2021-01-30,27,914,4,402,23,512,0,0,27,790,0,62,27,852,California
Colusa,2021-01-31,7,921,7,409,0,512,0,0,7,797,0,62,7,859,California
Colusa,2021-02-01,27,948,10,419,17,529,0,0,22,814,5,67,22,881,California
Colusa,2021-02-02,43,991,9,428,34,563,0,0,37,845,6,73,37,918,California
Colusa,2021-02-03,69,1060,10,438,59,622,0,0,59,894,10,83,59,977,California
Colusa,2021-02-04,143,1203,81,519,62,684,0,0,115,981,28,111,115,1092,California
Colusa,2021-02-05,32,1235,8,527,24,708,0,0,29,1007,3,114,29,1121,California
Colusa,2021-02-06,285,1520,9,536,276,984,0,0,274,1270,11,125,274,1395,California
Colusa,2021-02-07,2,1522,1,537,1,985,0,0,0,1268,2,127,0,1395,California
Colusa,2021-02-08,40,1562,5,542,35,1020,0,0,37,1302,3,130,37,1432,California
Colusa,2021-02-09,231,1793,14,556,217,1237,0,0,176,1423,55,185,176,1608,California
Colusa,2021-02-10,116,1909,41,597,75,1312,0,0,73,1453,43,228,73,1681,California
Colusa,2021-02-11,98,2007,36,633,62,1374,0,0,73,1501,25,253,73,1754,California
Colusa,2021-02-12,118,2125,9,642,109,1483,0,0,79,1540,40,293,79,1833,California
Colusa,2021-02-13,60,2185,8,650,52,1535,0,0,52,1584,8,301,52,1885,California
Colusa,2021-02-14,21,2206,8,658,13,1548,0,0,15,1593,6,307,15,1900,California
Colusa,2021-02-15,46,2252,10,668,36,1584,0,0,39,1625,7,314,39,1939,California
Colusa,2021-02-16,67,2319,4,672,63,1647,0,0,66,1690,1,315,66,2005,California
Colusa,2021-02-17,206,2525,143,815,63,1710,0,0,60,1604,146,461,60,2065,California
Colusa,2021-02-18,135,2660,35,850,100,1810,0,0,112,1693,23,484,112,2177,California
Colusa,2021-02-19,155,2815,19,869,136,1946,0,0,129,1796,26,510,129,2306,California
Colusa,2021-02-20,28,2843,6,875,22,1968,0,0,12,1792,16,526,12,2318,California
Colusa,2021-02-21,1,2844,1,876,0,1968,0,0,0,1791,1,527,0,2318,California
Colusa,2021-02-22,43,2887,26,902,17,1985,0,0,29,1806,14,541,29,2347,California
Colusa,2021-02-23,23,2910,7,909,16,2001,0,0,18,1819,5,546,18,2365,California
Colusa,2021-02-24,302,3212,54,963,248,2249,0,0,160,1837,142,688,160,2525,California
Colusa,2021-02-25,102,3314,55,1018,47,2296,0,0,66,1867,36,724,66,2591,California
Colusa,2021-02-26,99,3413,14,1032,85,2381,0,0,60,1888,39,763,60,2651,California
Colusa,2021-02-27,55,3468,4,1036,51,2432,0,0,40,1913,15,778,40,2691,California
Colusa,2021-02-28,26,3494,14,1050,12,2444,0,0,17,1921,9,787,17,2708,California
Colusa,2021-03-01,46,3540,15,1065,31,2475,0,0,29,1933,17,804,29,2737,California
Colusa,2021-03-02,49,3589,13,1078,36,2511,0,0,26,1936,23,827,26,2763,California
Colusa,2021-03-03,242,3831,43,1121,199,2710,0,0,185,2064,57,884,185,2948,California
Colusa,2021-03-04,138,3969,58,1179,80,2790,0,0,79,2084,59,943,79,3027,California
Colusa,2021-03-05,98,4067,25,1204,64,2854,9,9,53,2101,45,988,62,3089,California
Colusa,2021-03-06,274,4341,9,1213,265,3119,0,9,37,1901,237,1225,37,3126,California
Colusa,2021-03-07,8,4349,5,1218,3,3122,0,9,6,1905,2,1227,6,3132,California
Colusa,2021-03-08,89,4438,21,1239,33,3155,35,44,45,1941,44,1271,80,3212,California
Colusa,2021-03-09,277,4715,75,1314,179,3334,23,67,86,1859,191,1462,109,3321,California
Colusa,2021-03-10,289,5004,37,1351,216,3550,36,103,203,2012,86,1548,239,3560,California
Colusa,2021-03-11,420,5424,60,1411,339,3889,21,124,339,2289,81,1629,358,3918,California
Colusa,2021-03-12,109,5533,18,1429,78,3967,13,137,19,2231,90,1719,32,3950,California
Colusa,2021-03-13,61,5594,16,1445,36,4003,9,146,18,2215,43,1762,27,3977,California
Colusa,2021-03-14,20,5614,0,1445,18,4021,2,148,6,2210,13,1775,8,3985,California
Colusa,2021-03-15,71,5685,27,1472,36,4057,8,156,15,2177,56,1831,23,4008,California
Colusa,2021-03-16,297,5982,16,1488,235,4292,46,202,189,2304,108,1939,235,4243,California
Colusa,2021-03-17,194,6176,49,1537,145,4437,0,202,108,2326,86,2025,108,4351,California
Colusa,2021-03-18,324,6500,37,1574,216,4653,71,273,201,2475,123,2148,272,4623,California
Colusa,2021-03-19,78,6578,20,1594,56,4709,2,275,53,2505,25,2173,55,4678,California
Colusa,2021-03-20,49,6627,7,1601,41,4750,1,276,36,2529,13,2186,37,4715,California
Colusa,2021-03-21,6,6633,4,1605,2,4752,0,276,4,2531,2,2188,4,4719,California
Colusa,2021-03-22,62,6695,10,1615,43,4795,9,285,40,2558,22,2210,49,4768,California
Colusa,2021-03-23,82,6777,16,1631,64,4859,2,287,55,2588,27,2237,57,4825,California
Colusa,2021-03-24,340,7117,57,1688,277,5136,6,293,68,2389,272,2509,73,4898,California
Colusa,2021-03-25,108,7225,59,1747,44,5180,5,298,52,2390,56,2565,57,4955,California
Colusa,2021-03-26,300,7525,47,1794,249,5429,4,302,247,2588,53,2618,251,5206,California
Colusa,2021-03-27,63,7588,5,1799,58,5487,0,302,25,2575,38,2656,25,5231,California
Colusa,2021-03-28,16,7604,7,1806,9,5496,0,302,8,2575,8,2664,8,5239,California
Colusa,2021-03-29,72,7676,20,1826,46,5542,6,308,32,2573,40,2704,38,5277,California
Colusa,2021-03-30,152,7828,83,1909,67,5609,2,310,72,2568,80,2784,75,5352,California
Colusa,2021-03-31,234,8062,42,1951,192,5801,0,310,74,2483,159,2943,74,5426,California
Colusa,2021-04-01,429,8491,71,2022,304,6105,54,364,307,2722,121,3064,360,5786,California
Colusa,2021-04-02,82,8573,13,2035,55,6160,14,378,38,2730,44,3108,52,5838,California
Colusa,2021-04-03,61,8634,10,2045,28,6188,23,401,13,2718,48,3156,36,5874,California
Colusa,2021-04-04,18,8652,0,2045,8,6196,10,411,3,2716,15,3171,13,5887,California
Colusa,2021-04-05,96,8748,26,2071,55,6251,15,426,39,2713,57,3228,54,5941,California
Colusa,2021-04-06,129,8877,34,2105,45,6296,50,476,43,2720,86,3314,93,6034,California
Colusa,2021-04-07,356,9233,39,2144,294,6590,23,499,130,2648,226,3540,154,6188,California
Colusa,2021-04-08,427,9660,34,2178,367,6957,26,525,122,2494,302,3842,148,6336,California
Colusa,2021-04-09,76,9736,21,2199,32,6989,23,548,28,2497,48,3890,51,6387,California
Colusa,2021-04-10,44,9780,9,2208,15,7004,20,568,12,2497,32,3922,32,6419,California
Colusa,2021-04-11,16,9796,3,2211,11,7015,2,570,8,2499,8,3930,10,6429,California
Colusa,2021-04-12,31,9827,3,2214,28,7043,0,570,24,2516,7,3937,24,6453,California
Colusa,2021-04-13,279,10106,22,2236,257,7300,0,570,94,2426,184,4121,94,6547,California
Colusa,2021-04-14,95,10201,19,2255,76,7376,0,570,34,2399,61,4182,34,6581,California
Colusa,2021-04-15,324,10525,46,2301,278,7654,0,570,132,2339,192,4374,132,6713,California
Colusa,2021-04-16,79,10604,11,2312,68,7722,0,570,35,2331,43,4417,35,6748,California
Colusa,2021-04-17,51,10655,7,2319,44,7766,0,570,29,2338,22,4439,29,6777,California
Colusa,2021-04-18,9,10664,2,2321,7,7773,0,570,7,2343,2,4441,7,6784,California
Colusa,2021-04-19,61,10725,22,2343,39,7812,0,570,17,2316,44,4485,17,6801,California
Colusa,2021-04-20,176,10901,32,2375,144,7956,0,570,129,2396,49,4534,129,6930,California
Colusa,2021-04-21,170,11071,59,2434,111,8067,0,570,110,2446,60,4594,110,7040,California
Colusa,2021-04-22,419,11490,27,2461,391,8458,1,571,215,2458,203,4797,215,7255,California
Colusa,2021-04-23,91,11581,17,2478,74,8532,0,571,35,2437,56,4853,35,7290,California
Colusa,2021-04-24,237,11818,19,2497,217,8749,1,572,204,2609,33,4886,205,7495,California
Colusa,2021-04-25,12,11830,6,2503,6,8755,0,572,8,2613,4,4890,8,7503,California
Colusa,2021-04-26,23,11853,5,2508,17,8772,1,573,6,2603,16,4906,6,7509,California
Colusa,2021-04-27,94,11947,23,2531,67,8839,4,577,43,2599,51,4957,47,7556,California
Colusa,2021-04-28,187,12134,26,2557,158,8997,3,580,138,2692,48,5005,141,7697,California
Colusa,2021-04-29,317,12451,27,2584,286,9283,4,584,48,2477,267,5272,52,7749,California
Colusa,2021-04-30,65,12516,18,2602,47,9330,0,584,41,2494,24,5296,41,7790,California
Colusa,2021-05-01,19,12535,8,2610,8,9338,3,587,9,2496,10,5306,12,7802,California
Colusa,2021-05-02,3,12538,0,2610,2,9340,1,588,2,2498,1,5307,3,7805,California
Colusa,2021-05-03,21,12559,7,2617,14,9354,0,588,6,2489,15,5322,6,7811,California
Colusa,2021-05-04,85,12644,43,2660,41,9395,1,589,63,2531,22,5344,64,7875,California
Colusa,2021-05-05,67,12711,16,2676,50,9445,1,590,32,2529,35,5379,33,7908,California
Colusa,2021-05-06,253,12964,16,2692,235,9680,2,592,110,2498,143,5522,112,8020,California
Colusa,2021-05-07,66,13030,5,2697,57,9737,4,596,30,2496,36,5558,34,8054,California
Colusa,2021-05-08,18,13048,5,2702,13,9750,0,596,9,2496,9,5567,9,8063,California
Colusa,2021-05-09,13,13061,5,2707,5,9755,3,599,6,2498,7,5574,9,8072,California
Colusa,2021-05-10,16,13077,7,2714,9,9764,0,599,6,2494,10,5584,6,8078,California
Colusa,2021-05-11,93,13170,34,2748,59,9823,0,599,50,2501,43,5627,50,8128,California
Colusa,2021-05-12,73,13243,32,2780,37,9860,4,603,21,2474,52,5679,25,8153,California
Colusa,2021-05-13,233,13476,14,2794,218,10078,1,604,70,2382,163,5842,71,8224,California
Colusa,2021-05-14,85,13561,18,2812,52,10130,15,619,33,2379,51,5893,48,8272,California
Colusa,2021-05-15,38,13599,9,2821,27,10157,2,621,20,2383,18,5911,22,8294,California
Colusa,2021-05-16,23,13622,6,2827,10,10167,7,628,11,2389,12,5923,18,8312,California
Colusa,2021-05-17,19,13641,4,2831,13,10180,2,630,12,2396,7,5930,14,8326,California
Colusa,2021-05-18,98,13739,24,2855,72,10252,2,632,42,2384,56,5986,44,8370,California
Colusa,2021-05-19,215,13954,42,2897,153,10405,20,652,68,2325,147,6133,88,8458,California
Colusa,2021-05-20,270,14224,25,2922,241,10646,4,656,66,2192,204,6337,71,8529,California
Colusa,2021-05-21,62,14286,21,2943,39,10685,2,658,31,2194,31,6368,33,8562,California
Colusa,2021-05-22,36,14322,19,2962,17,10702,0,658,21,2200,15,6383,21,8583,California
Colusa,2021-05-23,18,14340,8,2970,6,10708,4,662,6,2198,12,6395,10,8593,California
Colusa,2021-05-24,23,14363,2,2972,18,10726,3,665,15,2208,8,6403,18,8611,California
Contra Costa,2020-12-15,18,18,18,18,0,0,0,0,18,18,0,0,18,18,California
Contra Costa,2020-12-16,520,538,520,538,0,0,0,0,520,538,0,0,520,538,California
Contra Costa,2020-12-17,912,1450,912,1450,0,0,0,0,912,1450,0,0,912,1450,California
Contra Costa,2020-12-18,1597,3047,1596,3046,1,1,0,0,1597,3047,0,0,1597,3047,California
Contra Costa,2020-12-19,1105,4152,1104,4150,1,2,0,0,1105,4152,0,0,1105,4152,California
Contra Costa,2020-12-20,583,4735,582,4732,1,3,0,0,583,4735,0,0,583,4735,California
Contra Costa,2020-12-21,1659,6394,1657,6389,2,5,0,0,1659,6394,0,0,1659,6394,California
Contra Costa,2020-12-22,1672,8066,1566,7955,106,111,0,0,1672,8066,0,0,1672,8066,California
Contra Costa,2020-12-23,1611,9677,1363,9318,248,359,0,0,1611,9677,0,0,1611,9677,California
Contra Costa,2020-12-24,658,10335,337,9655,321,680,0,0,658,10335,0,0,658,10335,California
Contra Costa,2020-12-25,39,10374,17,9672,22,702,0,0,39,10374,0,0,39,10374,California
Contra Costa,2020-12-26,645,11019,132,9804,513,1215,0,0,645,11019,0,0,645,11019,California
Contra Costa,2020-12-27,240,11259,86,9890,154,1369,0,0,240,11259,0,0,240,11259,California
Contra Costa,2020-12-28,1841,13100,866,10756,975,2344,0,0,1841,13100,0,0,1841,13100,California
Contra Costa,2020-12-29,1832,14932,822,11578,1010,3354,0,0,1832,14932,0,0,1832,14932,California
Contra Costa,2020-12-30,2394,17326,1213,12791,1181,4535,0,0,2393,17325,0,0,2393,17325,California
Contra Costa,2020-12-31,917,18243,307,13098,610,5145,0,0,916,18241,0,0,916,18241,California
Contra Costa,2021-01-01,61,18304,23,13121,38,5183,0,0,61,18302,0,0,61,18302,California
Contra Costa,2021-01-02,338,18642,174,13295,164,5347,0,0,338,18640,0,0,338,18640,California
Contra Costa,2021-01-03,178,18820,120,13415,58,5405,0,0,177,18817,0,0,177,18817,California
Contra Costa,2021-01-04,1908,20728,1251,14666,657,6062,0,0,1888,20687,18,18,1888,20705,California
Contra Costa,2021-01-05,2106,22834,1258,15924,848,6910,0,0,1847,22277,258,276,1848,22553,California
Contra Costa,2021-01-06,3287,26121,2252,18176,1035,7945,0,0,2525,24049,756,1032,2528,25081,California
Contra Costa,2021-01-07,3100,29221,2062,20238,1038,8983,0,0,1885,24722,1212,2244,1885,26966,California
Contra Costa,2021-01-08,3393,32614,2394,22632,999,9982,0,0,1828,24993,1560,3804,1831,28797,California
Contra Costa,2021-01-09,1587,34201,1136,23768,451,10433,0,0,747,24903,839,4643,749,29546,California
Contra Costa,2021-01-10,362,34563,291,24059,71,10504,0,0,155,24851,207,4850,155,29701,California
Contra Costa,2021-01-11,3836,38399,3145,27204,691,11195,0,0,2230,25478,1606,6456,2233,31934,California
Contra Costa,2021-01-12,3921,42320,2943,30147,978,12173,0,0,2592,26745,1329,7785,2596,34530,California
Contra Costa,2021-01-13,4735,47055,2942,33089,1793,13966,0,0,3784,29583,947,8732,3785,38315,California
Contra Costa,2021-01-14,4327,51382,1565,34654,2762,16728,0,0,3944,33144,383,9115,3944,42259,California
Contra Costa,2021-01-15,5348,56730,2463,37117,2885,19613,0,0,5022,37845,325,9440,5026,47285,California
Contra Costa,2021-01-16,1725,58455,556,37673,1169,20782,0,0,1650,39420,75,9515,1650,48935,California
Contra Costa,2021-01-17,1638,60093,974,38647,664,21446,0,0,1516,40817,122,9637,1519,50454,California
Contra Costa,2021-01-18,3212,63305,1266,39913,1946,23392,0,0,2587,42786,619,10256,2588,53042,California
Contra Costa,2021-01-19,7061,70366,3156,43069,3905,27297,0,0,6056,47845,1002,11258,6061,59103,California
Contra Costa,2021-01-20,6688,77054,4123,47192,2565,29862,0,0,5454,52074,1230,12488,5459,64562,California
Contra Costa,2021-01-21,6977,84031,3106,50298,3871,33733,0,0,6249,57609,722,13210,6257,70819,California
Contra Costa,2021-01-22,6394,90425,2718,53016,3676,37409,0,0,5533,62293,852,14062,5536,76355,California
Contra Costa,2021-01-23,2038,92463,360,53376,1678,39087,0,0,1778,63815,258,14320,1780,78135,California
Contra Costa,2021-01-24,1591,94054,218,53594,1373,40460,0,0,1444,65116,147,14467,1448,79583,California
Contra Costa,2021-01-25,6691,100745,3043,56637,3648,44108,0,0,5121,68672,1568,16035,5124,84707,California
Contra Costa,2021-01-26,8102,108847,4686,61323,3416,47524,0,0,6252,73087,1842,17877,6257,90964,California
Contra Costa,2021-01-27,8165,117012,5407,66730,2758,50282,0,0,6329,77595,1825,19702,6333,97297,California
Contra Costa,2021-01-28,7468,124480,4091,70821,3377,53659,0,0,5856,81849,1606,21308,5860,103157,California
Contra Costa,2021-01-29,7449,131929,3892,74713,3557,57216,0,0,6137,86680,1308,22616,6139,109296,California
Contra Costa,2021-01-30,2142,134071,658,75371,1484,58700,0,0,1737,88019,398,23014,1737,111033,California
Contra Costa,2021-01-31,648,134719,428,75799,220,58920,0,0,556,88486,89,23103,556,111589,California
Contra Costa,2021-02-01,5873,140592,4099,79898,1774,60694,0,0,3968,90560,1897,25000,3971,115560,California
Contra Costa,2021-02-02,7575,148167,5080,84978,2495,63189,0,0,5878,94743,1696,26696,5879,121439,California
Contra Costa,2021-02-03,8290,156457,5479,90457,2811,66000,0,0,5629,97721,2652,29348,5630,127069,California
Contra Costa,2021-02-04,7512,163969,3586,94043,3926,69926,0,0,5746,101706,1764,31112,5749,132818,California
Contra Costa,2021-02-05,8438,172407,4814,98857,3624,73550,0,0,5745,104765,2686,33798,5745,138563,California
Contra Costa,2021-02-06,3487,175894,2163,101020,1324,74874,0,0,2833,106946,653,34451,2834,141397,California
Contra Costa,2021-02-07,984,176878,713,101733,271,75145,0,0,605,107173,378,34829,605,142002,California
Contra Costa,2021-02-08,5859,182737,3469,105202,2390,77535,0,0,4372,110065,1481,36310,4373,146375,California
Contra Costa,2021-02-09,8684,191421,4793,109995,3891,81426,0,0,5791,112970,2887,39197,5792,152167,California
Contra Costa,2021-02-10,8649,200070,4657,114652,3992,85418,0,0,5362,115065,3271,42468,5366,157533,California
Contra Costa,2021-02-11,9339,209409,4218,118870,5121,90539,0,0,5271,116279,4062,46530,5276,162809,California
Contra Costa,2021-02-12,10095,219504,4627,123497,5468,96007,0,0,5462,117118,4626,51156,5465,168274,California
Contra Costa,2021-02-13,4890,224394,1368,124865,3522,99529,0,0,3405,119042,1482,52638,3406,171680,California
Contra Costa,2021-02-14,2098,226492,867,125732,1231,100760,0,0,1232,119410,864,53502,1232,172912,California
Contra Costa,2021-02-15,4469,230961,2476,128208,1993,102753,0,0,2344,119636,2119,55621,2345,175257,California
Contra Costa,2021-02-16,10429,241390,4915,133123,5514,108267,0,0,4649,118517,5772,61393,4653,179910,California
Contra Costa,2021-02-17,12307,253697,6152,139275,6155,114422,0,0,5648,117522,6644,68037,5649,185559,California
Contra Costa,2021-02-18,11491,265188,5979,145254,5512,119934,0,0,5336,116716,6144,74181,5338,190897,California
Contra Costa,2021-02-19,11421,276609,7115,152369,4306,124240,0,0,5184,115678,6223,80404,5185,196082,California
Contra Costa,2021-02-20,6470,283079,2914,155283,3556,127796,0,0,4580,118386,1874,82278,4582,200664,California
Contra Costa,2021-02-21,2276,285355,1722,157005,554,128350,0,0,1546,119203,729,83007,1546,202210,California
Contra Costa,2021-02-22,7595,292950,5145,162150,2450,130800,0,0,3502,118627,4080,87087,3504,205714,California
Contra Costa,2021-02-23,12104,305054,7438,169588,4666,135466,0,0,6106,118754,5984,93071,6111,211825,California
Contra Costa,2021-02-24,10594,315648,7775,177363,2819,138285,0,0,5122,118423,5455,98526,5124,216949,California
Contra Costa,2021-02-25,11527,327175,7254,184617,4273,142558,0,0,5235,117391,6271,104797,5239,222188,California
Contra Costa,2021-02-26,10769,337944,6797,191414,3972,146530,0,0,5339,117316,5415,110212,5340,227528,California
Contra Costa,2021-02-27,6793,344737,4368,195782,2425,148955,0,0,4257,119047,2528,112740,4259,231787,California
Contra Costa,2021-02-28,3813,348550,3136,198918,677,149632,0,0,3213,121664,597,113337,3214,235001,California
Contra Costa,2021-03-01,8241,356791,6209,205127,2027,151659,5,5,5080,123606,3145,116482,5087,240088,California
Contra Costa,2021-03-02,10650,367441,6813,211940,3836,155495,1,6,5710,124394,4924,121406,5712,245800,California
Contra Costa,2021-03-03,11313,378754,7109,219049,4203,159698,1,7,6378,125854,4921,126327,6381,252181,California
Contra Costa,2021-03-04,11976,390730,7164,226213,4812,164510,0,7,6225,126347,5732,132059,6225,258406,California
Contra Costa,2021-03-05,11490,402220,6906,233119,4578,169088,6,13,6602,128084,4871,136930,6608,265014,California
Contra Costa,2021-03-06,7503,409723,4205,237324,2988,172076,310,323,4911,130724,2579,139509,5219,270233,California
Contra Costa,2021-03-07,3830,413553,2459,239783,1310,173386,61,384,3151,133259,677,140186,3212,273445,California
Contra Costa,2021-03-08,8240,421793,3926,243709,4010,177396,304,688,5534,136406,2695,142881,5842,279287,California
Contra Costa,2021-03-09,11169,432962,5928,249637,4945,182341,296,984,5850,137245,5309,148190,6148,285435,California
Contra Costa,2021-03-10,12431,445393,6214,255851,4715,187056,1502,2486,5670,137657,6750,154940,7162,292597,California
Contra Costa,2021-03-11,12511,457904,6586,262437,5360,192416,565,3051,6383,138499,6106,161046,6948,299545,California
Contra Costa,2021-03-12,12651,470555,5221,267658,6867,199283,563,3614,6315,139054,6321,167367,6876,306421,California
Contra Costa,2021-03-13,7859,478414,3156,270814,4276,203559,427,4041,3112,137861,4728,172095,3535,309956,California
Contra Costa,2021-03-14,4450,482864,2637,273451,1325,204884,488,4529,1719,137344,2723,174818,2206,312162,California
Contra Costa,2021-03-15,9475,492339,5146,278597,3572,208456,757,5286,4759,138160,4699,179517,5515,317677,California
Contra Costa,2021-03-16,14343,506682,8548,287145,5396,213852,399,5685,7148,138533,7173,186690,7546,325223,California
Contra Costa,2021-03-17,15079,521761,10416,297561,4448,218300,215,5900,8547,140792,6509,193199,8768,333991,California
Contra Costa,2021-03-18,15470,537231,8630,306191,6356,224656,484,6384,8807,143450,6631,199830,9289,343280,California
Contra Costa,2021-03-19,15688,552919,9071,315262,5215,229871,1402,7786,8322,145831,7348,207178,9729,353009,California
Contra Costa,2021-03-20,10743,563662,6452,321714,3980,233851,311,8097,5154,145727,5570,212748,5466,358475,California
Contra Costa,2021-03-21,4562,568224,3988,325702,476,234327,98,8195,2098,145468,2454,215202,2195,360670,California
Contra Costa,2021-03-22,11649,579873,8799,334501,2595,236922,255,8450,7018,148125,4615,219817,7272,367942,California
Contra Costa,2021-03-23,15701,595574,10834,345335,4695,241617,172,8622,9120,150866,6552,226369,9293,377235,California
Contra Costa,2021-03-24,15082,610656,11770,357105,3098,244715,214,8836,9138,154310,5912,232281,9356,386591,California
Contra Costa,2021-03-25,15379,626035,12001,369106,3092,247807,286,9122,9419,158090,5923,238204,9703,396294,California
Contra Costa,2021-03-26,15110,641145,10858,379964,3851,251658,401,9523,8690,160783,6393,244597,9086,405380,California
Contra Costa,2021-03-27,10571,651716,6878,386842,3180,254838,513,10036,5623,161974,4938,249535,6129,411509,California
Contra Costa,2021-03-28,4234,655950,3026,389868,1155,255993,53,10089,1616,161036,2607,252142,1669,413178,California
Contra Costa,2021-03-29,10928,666878,8534,398402,2278,258271,116,10205,6953,164151,3956,256098,7071,420249,California
Contra Costa,2021-03-30,16818,683696,9203,407605,6261,264532,1354,11559,10377,169455,6422,262520,11726,431975,California
Contra Costa,2021-03-31,18055,701751,12651,420256,3961,268493,1443,13002,11381,175642,6634,269154,12821,444796,California
Contra Costa,2021-04-01,17613,719364,12316,432572,3909,272402,1388,14390,11438,182318,6148,275302,12824,457620,California
Contra Costa,2021-04-02,17509,736873,12906,445478,3575,275977,1028,15418,11606,189060,5891,281193,12633,470253,California
Contra Costa,2021-04-03,10876,747749,6497,451975,2826,278803,1553,16971,6216,192181,4646,285839,7767,478020,California
Contra Costa,2021-04-04,3347,751096,1327,453302,1424,280227,596,17567,847,191131,2493,288332,1443,479463,California
Contra Costa,2021-04-05,12127,763223,7915,461217,3235,283462,977,18544,6597,193191,5516,293848,7576,487039,California
Contra Costa,2021-04-06,17322,780545,12001,473218,3031,286493,2290,20834,9720,197618,7581,301429,12008,499047,California
Contra Costa,2021-04-07,18594,799139,12593,485811,3182,289675,2819,23653,10559,203016,8016,309445,13414,512461,California
Contra Costa,2021-04-08,18658,817797,12438,498249,3308,292983,2912,26565,10007,207300,8624,318069,12908,525369,California
Contra Costa,2021-04-09,18688,836485,11916,510165,4289,297272,2483,29048,9955,211027,8707,326776,12434,537803,California
Contra Costa,2021-04-10,10518,847003,3803,513968,2161,299433,4554,33602,3270,211607,7231,334007,7811,545614,California
Contra Costa,2021-04-11,3329,850332,1988,515956,685,300118,656,34258,1116,211171,2207,336214,1771,547385,California
Contra Costa,2021-04-12,11888,862220,7853,523809,2971,303089,1064,35322,5577,211521,6296,342510,6646,554031,California
Contra Costa,2021-04-13,17782,880002,10910,534719,6865,309954,7,35329,11854,217481,5906,348416,11866,565897,California
Contra Costa,2021-04-14,17577,897579,11037,545756,6539,316493,1,35330,9715,219362,7838,356254,9719,575616,California
Contra Costa,2021-04-15,17501,915080,10742,556498,6758,323251,1,35331,8096,218102,9376,365630,8116,583732,California
Contra Costa,2021-04-16,16868,931948,10530,567028,6336,329587,2,35333,7569,216405,9275,374905,7578,591310,California
Contra Costa,2021-04-17,11436,943384,6285,573313,5151,334738,0,35333,6129,217247,5294,380199,6136,597446,California
Contra Costa,2021-04-18,2745,946129,2116,575429,629,335367,0,35333,1778,218067,958,381157,1778,599224,California
Contra Costa,2021-04-19,11376,957505,8504,583933,2872,338239,0,35333,3572,213863,7778,388935,3574,602798,California
Contra Costa,2021-04-20,16655,974160,10823,594756,5832,344071,0,35333,6240,209722,10385,399320,6244,609042,California
Contra Costa,2021-04-21,17325,991485,14136,608892,3189,347260,0,35333,6152,204745,11137,410457,6160,615202,California
Contra Costa,2021-04-22,17145,1008630,13879,622771,3265,350525,1,35334,6049,199738,11066,421523,6059,621261,California
Contra Costa,2021-04-23,16976,1025606,13493,636264,3483,354008,0,35334,5474,193752,11468,432991,5482,626743,California
Contra Costa,2021-04-24,10922,1036528,8420,644684,2501,356509,1,35335,4172,191199,6729,439720,4176,630919,California
Contra Costa,2021-04-25,3237,1039765,2182,646866,1053,357562,2,35337,2047,192061,1190,440910,2052,632971,California
Contra Costa,2021-04-26,9788,1049553,8200,655066,1564,359126,24,35361,2859,188045,6911,447821,2895,635866,California
Contra Costa,2021-04-27,14457,1064010,10595,665661,3710,362836,152,35513,3875,181521,10561,458382,4037,639903,California
Contra Costa,2021-04-28,13839,1077849,10759,676420,2793,365629,287,35800,3455,174919,10350,468732,3748,643651,California
Contra Costa,2021-04-29,13025,1090874,10078,686498,2777,368406,170,35970,2834,167764,10165,478897,3010,646661,California
Contra Costa,2021-04-30,13675,1104549,10787,697285,2639,371045,249,36219,3095,160559,10553,489450,3348,650009,California
Contra Costa,2021-05-01,8017,1112566,5853,703138,1845,372890,319,36538,1914,156708,6084,495534,2233,652242,California
Contra Costa,2021-05-02,2331,1114897,1584,704722,667,373557,80,36618,992,156451,1329,496863,1072,653314,California
Contra Costa,2021-05-03,9112,1124009,8016,712738,921,374478,175,36793,1926,151384,7172,504035,2105,655419,California
Contra Costa,2021-05-04,14067,1138076,12138,724876,1601,376079,328,37121,2287,142243,11756,515791,2615,658034,California
Contra Costa,2021-05-05,12500,1150576,10780,735656,1520,377599,200,37321,2395,134761,10079,525870,2597,660631,California
Contra Costa,2021-05-06,10268,1160844,8530,744186,1409,379008,329,37650,1937,128729,8306,534176,2274,662905,California
Contra Costa,2021-05-07,9609,1170453,7725,751911,1660,380668,224,37874,2212,123797,7365,541541,2433,665338,California
Contra Costa,2021-05-08,5280,1175733,3975,755886,1138,381806,167,38041,1244,121193,4019,545560,1415,666753,California
Contra Costa,2021-05-09,2099,1177832,1769,757655,270,382076,60,38101,454,120069,1641,547201,517,667270,California
Contra Costa,2021-05-10,4925,1182757,3947,761602,760,382836,218,38319,1344,118070,3560,550761,1561,668831,California
Contra Costa,2021-05-11,8688,1191445,4519,766121,3940,386776,229,38548,1706,113048,6963,557724,1941,670772,California
Contra Costa,2021-05-12,8987,1200432,4566,770687,4175,390951,246,38794,1547,107430,7416,565140,1798,672570,California
Contra Costa,2021-05-13,11298,1211730,7466,778153,3649,394600,183,38977,3938,104216,7335,572475,4121,676691,California
Contra Costa,2021-05-14,12101,1223831,8052,786205,3770,398370,279,39256,5006,102433,7068,579543,5285,681976,California
Contra Costa,2021-05-15,9939,1233770,7209,793414,2611,400981,119,39375,4384,101397,5541,585084,4505,686481,California
Contra Costa,2021-05-16,2413,1236183,2110,795524,258,401239,45,39420,1086,101207,1321,586405,1131,687612,California
Contra Costa,2021-05-17,6989,1243172,5639,801163,1180,402419,170,39590,3592,101592,3378,589783,3763,691375,California
Contra Costa,2021-05-18,10172,1253344,6952,808115,3004,405423,216,39806,4476,100618,5669,595452,4695,696070,California
Contra Costa,2021-05-19,8415,1261759,6810,814925,1415,406838,190,39996,4075,100568,4321,599773,4271,700341,California
Contra Costa,2021-05-20,6531,1268290,5175,820100,1179,408017,177,40173,3252,100735,3262,603035,3429,703770,California
Contra Costa,2021-05-21,6389,1274679,4879,824979,1319,409336,191,40364,2904,100372,3459,606494,3096,706866,California
Contra Costa,2021-05-22,4426,1279105,3502,828481,770,410106,154,40518,2112,100341,2299,608793,2268,709134,California
Contra Costa,2021-05-23,893,1279998,600,829081,247,410353,46,40564,424,100345,467,609260,471,709605,California
Contra Costa,2021-05-24,3463,1283461,3015,832096,317,410670,131,40695,1527,100078,1928,611188,1661,711266,California
Del Norte,2020-12-21,23,23,23,23,0,0,0,0,23,23,0,0,23,23,California
Del Norte,2020-12-22,45,68,45,68,0,0,0,0,45,68,0,0,45,68,California
Del Norte,2020-12-23,58,126,48,116,10,10,0,0,56,124,0,0,56,124,California
Del Norte,2020-12-28,34,160,34,150,0,10,0,0,34,158,0,0,34,158,California
Del Norte,2020-12-29,4,164,4,154,0,10,0,0,4,162,0,0,4,162,California
Del Norte,2020-12-30,67,231,55,209,12,22,0,0,68,230,0,0,68,230,California
Del Norte,2020-12-31,16,247,13,222,3,25,0,0,16,246,0,0,16,246,California
Del Norte,2021-01-04,102,349,49,271,53,78,0,0,102,348,0,0,102,348,California
Del Norte,2021-01-05,33,382,0,271,33,111,0,0,32,380,1,1,33,381,California
Del Norte,2021-01-06,77,459,18,289,59,170,0,0,77,457,0,1,77,458,California
Del Norte,2021-01-07,21,480,1,290,20,190,0,0,21,478,0,1,21,479,California
Del Norte,2021-01-08,77,557,7,297,70,260,0,0,77,555,0,1,77,556,California
Del Norte,2021-01-11,40,597,21,318,19,279,0,0,18,552,22,23,19,575,California
Del Norte,2021-01-12,50,647,31,349,19,298,0,0,30,562,20,43,30,605,California
Del Norte,2021-01-13,86,733,40,389,46,344,0,0,53,582,33,76,53,658,California
Del Norte,2021-01-14,52,785,14,403,38,382,0,0,46,622,6,82,46,704,California
Del Norte,2021-01-15,107,892,18,421,89,471,0,0,95,705,12,94,95,799,California
Del Norte,2021-01-17,1,893,1,422,0,471,0,0,1,706,0,94,1,800,California
Del Norte,2021-01-18,2,895,0,422,2,473,0,0,2,708,0,94,2,802,California
Del Norte,2021-01-19,119,1014,56,478,63,536,0,0,77,743,42,136,77,879,California
Del Norte,2021-01-20,159,1173,84,562,75,611,0,0,96,777,62,198,96,975,California
Del Norte,2021-01-21,43,1216,40,602,3,614,0,0,32,798,11,209,32,1007,California
Del Norte,2021-01-22,20,1236,17,619,3,617,0,0,13,804,7,216,13,1020,California
Del Norte,2021-01-23,1,1237,0,619,1,618,0,0,1,805,0,216,1,1021,California
Del Norte,2021-01-24,1,1238,0,619,1,619,0,0,1,806,0,216,1,1022,California
Del Norte,2021-01-25,100,1338,82,701,18,637,0,0,56,818,44,260,56,1078,California
Del Norte,2021-01-26,18,1356,11,712,7,644,0,0,7,814,11,271,7,1085,California
Del Norte,2021-01-27,64,1420,21,733,43,687,0,0,61,872,3,274,61,1146,California
Del Norte,2021-01-28,292,1712,20,753,272,959,0,0,287,1154,5,279,287,1433,California
Del Norte,2021-01-29,58,1770,21,774,37,996,0,0,43,1182,15,294,43,1476,California
Del Norte,2021-01-30,8,1778,1,775,7,1003,0,0,8,1190,0,294,8,1484,California
Del Norte,2021-02-01,41,1819,1,776,40,1043,0,0,26,1201,15,309,26,1510,California
Del Norte,2021-02-02,141,1960,34,810,107,1150,0,0,73,1207,67,376,73,1583,California
Del Norte,2021-02-03,126,2086,40,850,86,1236,0,0,71,1223,55,431,71,1654,California
Del Norte,2021-02-04,71,2157,29,879,42,1278,0,0,42,1236,29,460,42,1696,California
Del Norte,2021-02-05,184,2341,22,901,162,1440,0,0,119,1291,64,524,119,1815,California
Del Norte,2021-02-06,310,2651,4,905,306,1746,0,0,310,1601,0,524,310,2125,California
Del Norte,2021-02-07,1,2652,0,905,1,1747,0,0,1,1602,0,524,1,2126,California
Del Norte,2021-02-08,36,2688,1,906,35,1782,0,0,32,1630,4,528,32,2158,California
Del Norte,2021-02-09,8,2696,5,911,3,1785,0,0,2,1626,6,534,2,2160,California
Del Norte,2021-02-10,142,2838,20,931,122,1907,0,0,85,1655,56,590,85,2245,California
Del Norte,2021-02-11,177,3015,59,990,118,2025,0,0,64,1606,113,703,64,2309,California
Del Norte,2021-02-12,121,3136,14,1004,107,2132,0,0,67,1619,54,757,67,2376,California
Del Norte,2021-02-13,2,3138,1,1005,1,2133,0,0,2,1621,0,757,2,2378,California
Del Norte,2021-02-14,3,3141,1,1006,2,2135,0,0,2,1622,1,758,2,2380,California
Del Norte,2021-02-15,4,3145,0,1006,4,2139,0,0,2,1622,2,760,2,2382,California
Del Norte,2021-02-16,132,3277,1,1007,131,2270,0,0,13,1516,119,879,13,2395,California
Del Norte,2021-02-17,92,3369,20,1027,72,2342,0,0,25,1474,67,946,25,2420,California
Del Norte,2021-02-18,77,3446,24,1051,53,2395,0,0,51,1499,26,972,51,2471,California
Del Norte,2021-02-19,43,3489,17,1068,26,2421,0,0,33,1522,10,982,33,2504,California
Del Norte,2021-02-20,8,3497,5,1073,3,2424,0,0,6,1526,2,984,6,2510,California
Del Norte,2021-02-22,2,3499,0,1073,2,2426,0,0,2,1528,0,984,2,2512,California
Del Norte,2021-02-23,107,3606,89,1162,18,2444,0,0,31,1484,76,1060,32,2544,California
Del Norte,2021-02-24,152,3758,98,1260,54,2498,0,0,79,1490,73,1133,79,2623,California
Del Norte,2021-02-25,477,4235,131,1391,346,2844,0,0,213,1441,262,1395,213,2836,California
Del Norte,2021-02-26,213,4448,176,1567,37,2881,0,0,167,1562,46,1441,167,3003,California
Del Norte,2021-02-27,149,4597,143,1710,5,2886,1,1,141,1696,8,1449,142,3145,California
Del Norte,2021-02-28,3,4600,0,1710,3,2889,0,1,3,1699,0,1449,3,3148,California
Del Norte,2021-03-01,29,4629,2,1712,27,2916,0,1,4,1679,24,1473,4,3152,California
Del Norte,2021-03-02,222,4851,142,1854,80,2996,0,1,188,1833,34,1507,188,3340,California
Del Norte,2021-03-03,167,5018,99,1953,68,3064,0,1,126,1918,41,1548,126,3466,California
Del Norte,2021-03-04,120,5138,83,2036,37,3101,0,1,91,1981,28,1576,91,3557,California
Del Norte,2021-03-05,121,5259,11,2047,110,3211,0,1,73,2006,48,1624,73,3630,California
Del Norte,2021-03-06,464,5723,77,2124,338,3549,49,50,163,1875,301,1925,170,3800,California
Del Norte,2021-03-07,2,5725,1,2125,1,3550,0,50,1,1875,1,1926,1,3801,California
Del Norte,2021-03-08,28,5753,1,2126,25,3575,2,52,5,1859,23,1949,7,3808,California
Del Norte,2021-03-09,194,5947,113,2239,78,3653,3,55,183,2034,11,1960,186,3994,California
Del Norte,2021-03-10,233,6180,96,2335,109,3762,28,83,134,2097,99,2059,162,4156,California
Del Norte,2021-03-11,151,6331,55,2390,91,3853,5,88,103,2157,48,2107,108,4264,California
Del Norte,2021-03-12,178,6509,89,2479,89,3942,0,88,125,2229,53,2160,125,4389,California
Del Norte,2021-03-13,94,6603,93,2572,1,3943,0,88,91,2317,3,2163,91,4480,California
Del Norte,2021-03-14,1,6604,0,2572,1,3944,0,88,1,2317,1,2164,1,4481,California
Del Norte,2021-03-15,39,6643,0,2572,38,3982,1,89,34,2347,5,2169,35,4516,California
Del Norte,2021-03-16,281,6924,135,2707,146,4128,0,89,260,2586,21,2190,260,4776,California
Del Norte,2021-03-17,282,7206,95,2802,185,4313,2,91,168,2642,114,2304,170,4946,California
Del Norte,2021-03-18,285,7491,107,2909,175,4488,3,94,149,2659,135,2439,152,5098,California
Del Norte,2021-03-19,267,7758,159,3068,102,4590,6,100,91,2580,176,2615,97,5195,California
Del Norte,2021-03-20,157,7915,154,3222,3,4593,0,100,15,2453,142,2757,15,5210,California
Del Norte,2021-03-21,4,7919,2,3224,2,4595,0,100,2,2453,2,2759,2,5212,California
Del Norte,2021-03-22,43,7962,3,3227,39,4634,1,101,39,2490,3,2762,40,5252,California
Del Norte,2021-03-23,335,8297,164,3391,153,4787,18,119,164,2502,169,2931,181,5433,California
Del Norte,2021-03-24,396,8693,107,3498,249,5036,40,159,235,2616,161,3092,275,5708,California
Del Norte,2021-03-25,192,8885,88,3586,104,5140,0,159,84,2593,107,3199,84,5792,California
Del Norte,2021-03-26,234,9119,113,3699,121,5261,0,159,197,2753,37,3236,197,5989,California
Del Norte,2021-03-27,107,9226,86,3785,4,5265,17,176,17,2697,90,3326,34,6023,California
Del Norte,2021-03-28,4,9230,2,3787,2,5267,0,176,1,2695,3,3329,1,6024,California
Del Norte,2021-03-29,57,9287,6,3793,34,5301,17,193,32,2719,25,3354,49,6073,California
Del Norte,2021-03-30,340,9627,119,3912,210,5511,11,204,128,2646,212,3566,139,6212,California
Del Norte,2021-03-31,353,9980,100,4012,236,5747,17,221,198,2708,153,3719,215,6427,California
Del Norte,2021-04-01,164,10144,58,4070,72,5819,34,255,69,2717,94,3813,103,6530,California
Del Norte,2021-04-02,232,10376,79,4149,104,5923,49,304,49,2633,183,3996,99,6629,California
Del Norte,2021-04-03,108,10484,83,4232,2,5925,23,327,5,2559,102,4098,28,6657,California
Del Norte,2021-04-04,4,10488,0,4232,0,5925,4,331,0,2559,4,4102,4,6661,California
Del Norte,2021-04-05,47,10535,5,4237,38,5963,4,335,40,2596,7,4109,44,6705,California
Del Norte,2021-04-06,379,10914,120,4357,222,6185,37,372,146,2551,229,4338,184,6889,California
Del Norte,2021-04-07,436,11350,115,4472,260,6445,61,433,290,2756,146,4484,351,7240,California
Del Norte,2021-04-08,227,11577,54,4526,105,6550,68,501,105,2807,122,4606,173,7413,California
Del Norte,2021-04-09,205,11782,46,4572,82,6632,77,578,98,2874,106,4712,173,7586,California
Del Norte,2021-04-10,47,11829,26,4598,4,6636,17,595,27,2898,20,4732,44,7630,California
Del Norte,2021-04-11,12,11841,3,4601,2,6638,7,602,2,2897,10,4742,9,7639,California
Del Norte,2021-04-12,27,11868,1,4602,9,6647,17,619,1,2890,25,4767,18,7657,California
Del Norte,2021-04-13,298,12166,50,4652,248,6895,0,619,155,2902,143,4910,155,7812,California
Del Norte,2021-04-14,327,12493,23,4675,304,7199,0,619,138,2856,189,5099,143,7955,California
Del Norte,2021-04-15,164,12657,31,4706,133,7332,0,619,45,2783,119,5218,46,8001,California
Del Norte,2021-04-16,161,12818,40,4746,121,7453,0,619,59,2741,102,5320,60,8061,California
Del Norte,2021-04-17,103,12921,71,4817,32,7485,0,619,98,2834,5,5325,98,8159,California
Del Norte,2021-04-18,5,12926,4,4821,1,7486,0,619,4,2837,1,5326,4,8163,California
Del Norte,2021-04-19,50,12976,6,4827,44,7530,0,619,8,2803,42,5368,8,8171,California
Del Norte,2021-04-20,208,13184,40,4867,168,7698,0,619,73,2741,135,5503,73,8244,California
Del Norte,2021-04-21,288,13472,23,4890,265,7963,0,619,63,2583,224,5727,66,8310,California
Del Norte,2021-04-22,114,13586,15,4905,99,8062,0,619,62,2593,52,5779,62,8372,California
Del Norte,2021-04-23,153,13739,22,4927,131,8193,0,619,40,2520,113,5892,40,8412,California
Del Norte,2021-04-24,25,13764,14,4941,11,8204,0,619,20,2535,5,5897,20,8432,California
Del Norte,2021-04-25,2,13766,0,4941,2,8206,0,619,2,2537,0,5897,2,8434,California
Del Norte,2021-04-26,31,13797,0,4941,31,8237,0,619,9,2524,22,5919,9,8443,California
Del Norte,2021-04-27,181,13978,19,4960,157,8394,5,624,49,2446,132,6051,54,8497,California
Del Norte,2021-04-28,351,14329,100,5060,246,8640,5,629,63,2228,287,6338,69,8566,California
Del Norte,2021-04-29,93,14422,6,5066,83,8723,4,633,26,2191,67,6405,30,8596,California
Del Norte,2021-04-30,83,14505,6,5072,67,8790,10,643,44,2206,39,6444,54,8650,California
Del Norte,2021-05-01,8,14513,3,5075,5,8795,0,643,6,2210,2,6446,6,8656,California
Del Norte,2021-05-02,8,14521,0,5075,8,8803,0,643,8,2218,0,6446,8,8664,California
Del Norte,2021-05-03,40,14561,3,5078,34,8837,3,646,2,2186,37,6483,5,8669,California
Del Norte,2021-05-04,221,14782,36,5114,180,9017,5,651,47,2064,174,6657,52,8721,California
Del Norte,2021-05-05,231,15013,19,5133,204,9221,8,659,56,1953,175,6832,64,8785,California
Del Norte,2021-05-06,111,15124,24,5157,74,9295,13,672,26,1907,85,6917,39,8824,California
Del Norte,2021-05-07,152,15276,29,5186,119,9414,4,676,32,1823,120,7037,36,8860,California
Del Norte,2021-05-08,64,15340,55,5241,7,9421,2,678,7,1775,57,7094,9,8869,California
Del Norte,2021-05-09,9,15349,3,5244,3,9424,3,681,2,1773,7,7101,5,8874,California
Del Norte,2021-05-10,25,15374,3,5247,18,9442,4,685,15,1782,10,7111,19,8893,California
Del Norte,2021-05-11,169,15543,49,5296,118,9560,2,687,32,1679,137,7248,34,8927,California
Del Norte,2021-05-12,148,15691,23,5319,115,9675,10,697,27,1596,120,7368,37,8964,California
Del Norte,2021-05-13,60,15751,29,5348,30,9705,1,698,32,1601,28,7396,33,8997,California
Del Norte,2021-05-14,77,15828,27,5375,49,9754,1,699,42,1609,35,7431,43,9040,California
Del Norte,2021-05-15,81,15909,53,5428,28,9782,0,699,53,1634,28,7459,53,9093,California
Del Norte,2021-05-16,11,15920,0,5428,11,9793,0,699,11,1645,0,7459,11,9104,California
Del Norte,2021-05-17,27,15947,3,5431,20,9813,4,703,15,1652,12,7471,19,9123,California
Del Norte,2021-05-18,126,16073,68,5499,57,9870,1,704,80,1687,46,7517,81,9204,California
Del Norte,2021-05-19,96,16169,14,5513,66,9936,16,720,38,1683,58,7575,54,9258,California
Del Norte,2021-05-20,98,16267,31,5544,64,10000,3,723,39,1667,58,7633,42,9300,California
Del Norte,2021-05-21,74,16341,32,5576,42,10042,0,723,41,1675,33,7666,41,9341,California
Del Norte,2021-05-22,21,16362,7,5583,14,10056,0,723,8,1670,13,7679,8,9349,California
Del Norte,2021-05-23,9,16371,3,5586,6,10062,0,723,3,1667,6,7685,3,9352,California
Del Norte,2021-05-24,4,16375,1,5587,3,10065,0,723,2,1668,1,7686,2,9354,California
El Dorado,2020-12-15,12,12,12,12,0,0,0,0,12,12,0,0,12,12,California
El Dorado,2020-12-16,40,52,40,52,0,0,0,0,40,52,0,0,40,52,California
El Dorado,2020-12-17,31,83,31,83,0,0,0,0,31,83,0,0,31,83,California
El Dorado,2020-12-18,237,320,237,320,0,0,0,0,237,320,0,0,237,320,California
El Dorado,2020-12-19,116,436,116,436,0,0,0,0,116,436,0,0,116,436,California
El Dorado,2020-12-20,85,521,85,521,0,0,0,0,85,521,0,0,85,521,California
El Dorado,2020-12-21,309,830,308,829,1,1,0,0,309,830,0,0,309,830,California
El Dorado,2020-12-22,238,1068,214,1043,24,25,0,0,238,1068,0,0,238,1068,California
El Dorado,2020-12-23,190,1258,141,1184,49,74,0,0,190,1258,0,0,190,1258,California
El Dorado,2020-12-24,87,1345,66,1250,21,95,0,0,87,1345,0,0,87,1345,California
El Dorado,2020-12-25,8,1353,8,1258,0,95,0,0,8,1353,0,0,8,1353,California
El Dorado,2020-12-26,44,1397,26,1284,18,113,0,0,44,1397,0,0,44,1397,California
El Dorado,2020-12-27,37,1434,33,1317,4,117,0,0,37,1434,0,0,37,1434,California
El Dorado,2020-12-28,213,1647,166,1483,47,164,0,0,213,1647,0,0,213,1647,California
El Dorado,2020-12-29,460,2107,143,1626,317,481,0,0,460,2107,0,0,460,2107,California
El Dorado,2020-12-30,505,2612,136,1762,369,850,0,0,505,2612,0,0,505,2612,California
El Dorado,2020-12-31,110,2722,70,1832,40,890,0,0,110,2722,0,0,110,2722,California
El Dorado,2021-01-01,7,2729,4,1836,3,893,0,0,7,2729,0,0,7,2729,California
El Dorado,2021-01-02,153,2882,141,1977,12,905,0,0,153,2882,0,0,153,2882,California
El Dorado,2021-01-03,92,2974,17,1994,75,980,0,0,92,2974,0,0,92,2974,California
El Dorado,2021-01-04,190,3164,62,2056,128,1108,0,0,190,3164,0,0,190,3164,California
El Dorado,2021-01-05,228,3392,72,2128,156,1264,0,0,212,3360,16,16,212,3376,California
El Dorado,2021-01-06,239,3631,167,2295,72,1336,0,0,175,3471,64,80,175,3551,California
El Dorado,2021-01-07,331,3962,136,2431,195,1531,0,0,260,3660,71,151,260,3811,California
El Dorado,2021-01-08,976,4938,502,2933,474,2005,0,0,772,4229,204,355,773,4584,California
El Dorado,2021-01-09,193,5131,156,3089,37,2042,0,0,125,4286,68,423,125,4709,California
El Dorado,2021-01-10,179,5310,128,3217,51,2093,0,0,109,4326,70,493,110,4819,California
El Dorado,2021-01-11,659,5969,293,3510,366,2459,0,0,459,4587,199,692,460,5279,California
El Dorado,2021-01-12,806,6775,423,3933,383,2842,0,0,557,4895,249,941,557,5836,California
El Dorado,2021-01-13,702,7477,298,4231,404,3246,0,0,541,5275,161,1102,541,6377,California
El Dorado,2021-01-14,792,8269,220,4451,572,3818,0,0,697,5877,95,1197,697,7074,California
El Dorado,2021-01-15,790,9059,184,4635,606,4424,0,0,718,6523,72,1269,718,7792,California
El Dorado,2021-01-16,173,9232,103,4738,70,4494,0,0,146,6642,27,1296,146,7938,California
El Dorado,2021-01-17,99,9331,46,4784,53,4547,0,0,82,6707,17,1313,82,8020,California
El Dorado,2021-01-18,423,9754,140,4924,283,4830,0,0,354,6992,69,1382,354,8374,California
El Dorado,2021-01-19,754,10508,453,5377,301,5131,0,0,604,7447,150,1532,605,8979,California
El Dorado,2021-01-20,1013,11521,688,6065,325,5456,0,0,901,8237,111,1643,901,9880,California
El Dorado,2021-01-21,1265,12786,678,6743,587,6043,0,0,1057,9127,167,1810,1057,10937,California
El Dorado,2021-01-22,1228,14014,833,7576,395,6438,0,0,1174,10248,53,1863,1174,12111,California
El Dorado,2021-01-23,737,14751,615,8191,122,6560,0,0,626,10763,111,1974,626,12737,California
El Dorado,2021-01-24,126,14877,76,8267,50,6610,0,0,107,10851,19,1993,107,12844,California
El Dorado,2021-01-25,700,15577,293,8560,407,7017,0,0,613,11377,87,2080,613,13457,California
El Dorado,2021-01-26,675,16252,365,8925,310,7327,0,0,572,11847,103,2183,573,14030,California
El Dorado,2021-01-27,988,17240,389,9314,599,7926,0,0,651,12160,338,2521,651,14681,California
El Dorado,2021-01-28,1106,18346,452,9766,654,8580,0,0,745,12544,361,2882,745,15426,California
El Dorado,2021-01-29,1042,19388,556,10322,486,9066,0,0,750,13004,291,3173,751,16177,California
El Dorado,2021-01-30,542,19930,290,10612,252,9318,0,0,445,13353,96,3269,445,16622,California
El Dorado,2021-01-31,235,20165,214,10826,21,9339,0,0,183,13485,51,3320,183,16805,California
El Dorado,2021-02-01,798,20963,368,11194,430,9769,0,0,653,13993,145,3465,653,17458,California
El Dorado,2021-02-02,839,21802,367,11561,472,10241,0,0,676,14506,163,3628,676,18134,California
El Dorado,2021-02-03,901,22703,476,12037,425,10666,0,0,689,14983,212,3840,689,18823,California
El Dorado,2021-02-04,1244,23947,701,12738,543,11209,0,0,872,15483,372,4212,872,19695,California
El Dorado,2021-02-05,1485,25432,599,13337,886,12095,0,0,862,15759,586,4798,862,20557,California
El Dorado,2021-02-06,637,26069,331,13668,306,12401,0,0,531,16185,106,4904,532,21089,California
El Dorado,2021-02-07,259,26328,177,13845,82,12483,0,0,195,16316,64,4968,195,21284,California
El Dorado,2021-02-08,883,27211,418,14263,465,12948,0,0,609,16651,274,5242,609,21893,California
El Dorado,2021-02-09,970,28181,546,14809,424,13372,0,0,539,16759,431,5673,539,22432,California
El Dorado,2021-02-10,1256,29437,735,15544,521,13893,0,0,663,16830,592,6265,663,23095,California
El Dorado,2021-02-11,2151,31588,889,16433,1262,15155,0,0,757,16197,1391,7656,758,23853,California
El Dorado,2021-02-12,1573,33161,824,17257,749,15904,0,0,673,15972,899,8555,674,24527,California
El Dorado,2021-02-13,979,34140,667,17924,312,16216,0,0,435,15866,541,9096,435,24962,California
El Dorado,2021-02-14,486,34626,155,18079,331,16547,0,0,399,16178,87,9183,399,25361,California
El Dorado,2021-02-15,1180,35806,382,18461,798,17345,0,0,817,16636,363,9546,821,26182,California
El Dorado,2021-02-16,1206,37012,532,18993,674,18019,0,0,671,16774,534,10080,672,26854,California
El Dorado,2021-02-17,952,37964,419,19412,533,18552,0,0,459,16742,493,10573,461,27315,California
El Dorado,2021-02-18,2094,40058,1020,20432,1074,19626,0,0,1059,16767,1034,11607,1059,28374,California
El Dorado,2021-02-19,1210,41268,643,21075,567,20193,0,0,676,16910,533,12140,676,29050,California
El Dorado,2021-02-20,924,42192,440,21515,484,20677,0,0,671,17333,248,12388,671,29721,California
El Dorado,2021-02-21,284,42476,227,21742,57,20734,0,0,100,17249,184,12572,100,29821,California
El Dorado,2021-02-22,874,43350,439,22181,435,21169,0,0,272,16920,601,13173,272,30093,California
El Dorado,2021-02-23,846,44196,473,22654,373,21542,0,0,339,16753,506,13679,339,30432,California
El Dorado,2021-02-24,1027,45223,438,23092,589,22131,0,0,427,16581,600,14279,428,30860,California
El Dorado,2021-02-25,1891,47114,1140,24232,751,22882,0,0,674,16047,1210,15489,676,31536,California
El Dorado,2021-02-26,2356,49470,1481,25713,875,23757,0,0,1587,16868,766,16255,1587,33123,California
El Dorado,2021-02-27,1663,51133,440,26153,1223,24980,0,0,1222,17652,438,16693,1222,34345,California
El Dorado,2021-02-28,591,51724,206,26359,385,25365,0,0,434,17930,157,16850,435,34780,California
El Dorado,2021-03-01,1133,52857,448,26807,684,26049,1,1,624,18047,508,17358,625,35405,California
El Dorado,2021-03-02,924,53781,269,27076,655,26704,0,1,484,18093,438,17796,484,35889,California
El Dorado,2021-03-03,1689,55470,463,27539,1226,27930,0,1,1154,18721,528,18324,1156,37045,California
El Dorado,2021-03-04,2514,57984,1549,29088,965,28895,0,1,1195,18600,1316,19640,1195,38240,California
El Dorado,2021-03-05,1579,59563,425,29513,1149,30044,5,6,1044,19120,529,20169,1049,39289,California
El Dorado,2021-03-06,741,60304,213,29726,493,30537,35,41,393,19201,347,20516,428,39717,California
El Dorado,2021-03-07,405,60709,197,29923,190,30727,18,59,242,19300,161,20677,260,39977,California
El Dorado,2021-03-08,1329,62038,365,30288,892,31619,72,131,860,19765,466,21143,931,40908,California
El Dorado,2021-03-09,989,63027,231,30519,691,32310,67,198,587,20032,387,21530,654,41562,California
El Dorado,2021-03-10,951,63978,345,30864,550,32860,56,254,549,20241,395,21925,604,42166,California
El Dorado,2021-03-11,3019,66997,1833,32697,1004,33864,182,436,1285,19994,1713,23638,1466,43632,California
El Dorado,2021-03-12,1783,68780,620,33317,916,34780,247,683,744,19964,1021,24659,991,44623,California
El Dorado,2021-03-13,1066,69846,344,33661,440,35220,282,965,375,19931,688,25347,655,45278,California
El Dorado,2021-03-14,794,70640,208,33869,474,35694,112,1077,279,19807,515,25862,391,45669,California
El Dorado,2021-03-15,1401,72041,304,34173,971,36665,126,1203,612,19761,785,26647,739,46408,California
El Dorado,2021-03-16,1220,73261,412,34585,663,37328,145,1348,571,19834,643,27290,716,47124,California
El Dorado,2021-03-17,1109,74370,349,34934,665,37993,95,1443,723,20267,385,27675,818,47942,California
El Dorado,2021-03-18,2996,77366,1772,36706,1179,39172,45,1488,1975,21274,1013,28688,2020,49962,California
El Dorado,2021-03-19,1118,78484,365,37071,607,39779,146,1634,641,21584,477,29165,787,50749,California
El Dorado,2021-03-20,948,79432,269,37340,662,40441,17,1651,369,21402,568,29733,386,51135,California
El Dorado,2021-03-21,1025,80457,418,37758,602,41043,5,1656,934,22252,89,29822,939,52074,California
El Dorado,2021-03-22,1504,81961,488,38246,934,41977,82,1738,1194,23223,305,30127,1276,53350,California
El Dorado,2021-03-23,1147,83108,451,38697,602,42579,94,1832,732,23645,404,30531,826,54176,California
El Dorado,2021-03-24,1458,84566,623,39320,639,43218,196,2028,664,23739,766,31297,860,55036,California
El Dorado,2021-03-25,2510,87076,1685,41005,722,43940,103,2131,1380,24099,1124,32421,1484,56520,California
El Dorado,2021-03-26,1820,88896,698,41703,1012,44952,110,2241,945,24302,853,33274,1056,57576,California
El Dorado,2021-03-27,1319,90215,188,41891,1127,46079,4,2245,333,23659,980,34254,337,57913,California
El Dorado,2021-03-28,634,90849,182,42073,442,46521,10,2255,202,23443,428,34682,212,58125,California
El Dorado,2021-03-29,1320,92169,433,42506,871,47392,16,2271,830,23802,487,35169,846,58971,California
El Dorado,2021-03-30,1363,93532,412,42918,858,48250,93,2364,684,23906,671,35840,775,59746,California
El Dorado,2021-03-31,1561,95093,582,43500,916,49166,63,2427,700,23809,859,36699,762,60508,California
El Dorado,2021-04-01,3236,98329,1769,45269,1384,50550,83,2510,1540,23739,1694,38393,1624,62132,California
El Dorado,2021-04-02,1886,100215,563,45832,1228,51778,95,2605,750,23454,1130,39523,845,62977,California
El Dorado,2021-04-03,751,100966,295,46127,334,52112,122,2727,231,23289,518,40041,353,63330,California
El Dorado,2021-04-04,272,101238,85,46212,140,52252,47,2774,98,23261,173,40214,145,63475,California
El Dorado,2021-04-05,1425,102663,425,46637,906,53158,94,2868,593,23120,827,41041,686,64161,California
El Dorado,2021-04-06,1415,104078,524,47161,670,53828,221,3089,454,22835,958,41999,673,64834,California
El Dorado,2021-04-07,1580,105658,554,47715,577,54405,449,3538,554,22812,1023,43022,1000,65834,California
El Dorado,2021-04-08,2665,108323,1716,49431,715,55120,234,3772,1110,22610,1546,44568,1344,67178,California
El Dorado,2021-04-09,1424,109747,452,49883,752,55872,220,3992,569,22543,852,45420,785,67963,California
El Dorado,2021-04-10,818,110565,224,50107,484,56356,110,4102,471,22779,344,45764,580,68543,California
El Dorado,2021-04-11,703,111268,454,50561,233,56589,16,4118,208,22509,494,46258,224,68767,California
El Dorado,2021-04-12,1276,112544,498,51059,630,57219,148,4266,559,22505,710,46968,706,69473,California
El Dorado,2021-04-13,1116,113660,607,51666,509,57728,0,4266,507,22407,605,47573,507,69980,California
El Dorado,2021-04-14,1084,114744,458,52124,625,58353,1,4267,386,22109,685,48258,387,70367,California
El Dorado,2021-04-15,2489,117233,1671,53795,818,59171,0,4267,954,21532,1532,49790,955,71322,California
El Dorado,2021-04-16,1466,118699,520,54315,946,60117,0,4267,602,21275,860,50650,603,71925,California
El Dorado,2021-04-17,791,119490,202,54517,589,60706,0,4267,491,21469,297,50947,491,72416,California
El Dorado,2021-04-18,990,120480,88,54605,902,61608,0,4267,394,21268,595,51542,394,72810,California
El Dorado,2021-04-19,1715,122195,438,55043,1277,62885,0,4267,691,20941,1018,52560,691,73501,California
El Dorado,2021-04-20,1110,123305,360,55403,750,63635,0,4267,461,20758,644,53204,461,73962,California
El Dorado,2021-04-21,1156,124461,465,55868,687,64322,4,4271,589,20788,560,53764,590,74552,California
El Dorado,2021-04-22,2549,127010,1679,57547,870,65192,0,4271,1067,20376,1479,55243,1067,75619,California
El Dorado,2021-04-23,1398,128408,491,58038,907,66099,0,4271,708,20398,687,55930,709,76328,California
El Dorado,2021-04-24,968,129376,516,58554,452,66551,0,4271,733,20898,233,56163,733,77061,California
El Dorado,2021-04-25,653,130029,449,59003,204,66755,0,4271,466,21177,187,56350,466,77527,California
El Dorado,2021-04-26,1139,131168,450,59453,673,67428,16,4287,538,21131,600,56950,554,78081,California
El Dorado,2021-04-27,1050,132218,374,59827,648,68076,28,4315,471,21057,573,57523,499,78580,California
El Dorado,2021-04-28,1031,133249,346,60173,645,68721,40,4355,402,20871,628,58151,442,79022,California
El Dorado,2021-04-29,1928,135177,1303,61476,593,69314,32,4387,538,20053,1388,59539,570,79592,California
El Dorado,2021-04-30,2118,137295,1329,62805,748,70062,41,4428,1359,20705,747,60286,1399,80991,California
El Dorado,2021-05-01,615,137910,282,63087,306,70368,27,4455,277,20678,331,60617,304,81295,California
El Dorado,2021-05-02,298,138208,212,63299,57,70425,29,4484,101,20613,194,60811,129,81424,California
El Dorado,2021-05-03,820,139028,402,63701,368,70793,50,4534,275,20396,543,61354,326,81750,California
El Dorado,2021-05-04,875,139903,431,64132,386,71179,58,4592,308,20199,563,61917,366,82116,California
El Dorado,2021-05-05,872,140775,430,64562,369,71548,73,4665,414,20230,456,62373,487,82603,California
El Dorado,2021-05-06,1112,141887,481,65043,584,72132,47,4712,474,20113,634,63007,517,83120,California
El Dorado,2021-05-07,977,142864,372,65415,547,72679,58,4770,399,19991,578,63585,456,83576,California
El Dorado,2021-05-08,483,143347,148,65563,298,72977,37,4807,185,19917,296,63881,222,83798,California
El Dorado,2021-05-09,217,143564,78,65641,112,73089,27,4834,100,19928,116,63997,127,83925,California
El Dorado,2021-05-10,828,144392,274,65915,495,73584,59,4893,241,19649,577,64574,298,84223,California
El Dorado,2021-05-11,660,145052,286,66201,320,73904,54,4947,290,19627,367,64941,345,84568,California
El Dorado,2021-05-12,584,145636,306,66507,243,74147,35,4982,235,19549,349,65290,271,84839,California
El Dorado,2021-05-13,1139,146775,731,67238,373,74520,35,5017,396,19240,739,66029,430,85269,California
El Dorado,2021-05-14,1398,148173,804,68042,510,75030,84,5101,679,19289,714,66743,763,86032,California
El Dorado,2021-05-15,895,149068,553,68595,286,75316,56,5157,312,19074,583,67326,368,86400,California
El Dorado,2021-05-16,589,149657,455,69050,108,75424,26,5183,227,18965,362,67688,253,86653,California
El Dorado,2021-05-17,1545,151202,657,69707,840,76264,48,5231,561,18593,980,68668,608,87261,California
El Dorado,2021-05-18,1009,152211,505,70212,450,76714,54,5285,443,18525,565,69233,497,87758,California
El Dorado,2021-05-19,810,153021,328,70540,430,77144,52,5337,315,18402,489,69722,366,88124,California
El Dorado,2021-05-20,1033,154054,599,71139,388,77532,46,5383,447,18312,583,70305,493,88617,California
El Dorado,2021-05-21,2158,156212,1658,72797,475,78007,25,5408,738,17660,1415,71720,763,89380,California
El Dorado,2021-05-22,564,156776,155,72952,393,78400,16,5424,190,17493,373,72093,206,89586,California
El Dorado,2021-05-23,178,156954,86,73038,73,78473,19,5443,61,17457,116,72209,80,89666,California
El Dorado,2021-05-24,438,157392,262,73300,153,78626,23,5466,116,17277,319,72528,139,89805,California
Fresno,2020-12-15,2,2,2,2,0,0,0,0,2,2,0,0,2,2,California
Fresno,2020-12-16,125,127,125,127,0,0,0,0,125,127,0,0,125,127,California
Fresno,2020-12-17,121,248,121,248,0,0,0,0,121,248,0,0,121,248,California
Fresno,2020-12-18,346,594,346,594,0,0,0,0,346,594,0,0,346,594,California
Fresno,2020-12-19,159,753,159,753,0,0,0,0,159,753,0,0,159,753,California
Fresno,2020-12-20,258,1011,256,1009,2,2,0,0,258,1011,0,0,258,1011,California
Fresno,2020-12-21,927,1938,925,1934,2,4,0,0,958,1969,0,0,958,1969,California
Fresno,2020-12-22,905,2843,875,2809,30,34,0,0,909,2878,0,0,909,2878,California
Fresno,2020-12-23,1091,3934,1049,3858,42,76,0,0,1092,3970,0,0,1092,3970,California
Fresno,2020-12-24,588,4522,563,4421,25,101,0,0,588,4558,0,0,588,4558,California
Fresno,2020-12-25,2,4524,1,4422,1,102,0,0,2,4560,0,0,2,4560,California
Fresno,2020-12-26,722,5246,713,5135,9,111,0,0,722,5282,0,0,722,5282,California
Fresno,2020-12-27,301,5547,204,5339,97,208,0,0,301,5583,0,0,301,5583,California
Fresno,2020-12-28,1090,6637,800,6139,290,498,0,0,1091,6674,0,0,1091,6674,California
Fresno,2020-12-29,1736,8373,991,7130,745,1243,0,0,1734,8407,1,1,1734,8408,California
Fresno,2020-12-30,955,9328,444,7574,511,1754,0,0,955,9362,0,1,955,9363,California
Fresno,2020-12-31,900,10228,309,7883,591,2345,0,0,899,10261,0,1,899,10262,California
Fresno,2021-01-01,9,10237,3,7886,6,2351,0,0,9,10270,0,1,9,10271,California
Fresno,2021-01-02,1029,11266,715,8601,314,2665,0,0,1029,11299,0,1,1029,11300,California
Fresno,2021-01-03,153,11419,128,8729,25,2690,0,0,153,11452,0,1,153,11453,California
Fresno,2021-01-04,620,12039,376,9105,244,2934,0,0,620,12072,0,1,620,12073,California
Fresno,2021-01-05,781,12820,313,9418,468,3402,0,0,707,12705,74,75,707,12780,California
Fresno,2021-01-06,986,13806,348,9766,638,4040,0,0,810,13339,176,251,810,13590,California
Fresno,2021-01-07,1893,15699,916,10682,977,5017,0,0,1640,14729,253,504,1643,15233,California
Fresno,2021-01-08,1787,17486,613,11295,1174,6191,0,0,1423,15790,362,866,1423,16656,California
Fresno,2021-01-09,632,18118,388,11683,244,6435,0,0,357,15872,275,1141,357,17013,California
Fresno,2021-01-10,518,18636,488,12171,30,6465,0,0,204,15762,314,1455,204,17217,California
Fresno,2021-01-11,2218,20854,1810,13981,408,6873,0,0,1525,16597,693,2148,1528,18745,California
Fresno,2021-01-12,2528,23382,1829,15810,699,7572,0,0,1678,17425,852,3000,1680,20425,California
Fresno,2021-01-13,3553,26935,2434,18244,1119,8691,0,0,2704,19283,849,3849,2707,23132,California
Fresno,2021-01-14,4137,31072,2183,20427,1954,10645,0,0,3666,22479,470,4319,3666,26798,California
Fresno,2021-01-15,3659,34731,2530,22957,1129,11774,0,0,3301,25426,358,4677,3305,30103,California
Fresno,2021-01-16,3152,37883,2309,25266,843,12617,0,0,2687,27650,464,5141,2688,32791,California
Fresno,2021-01-17,976,38859,555,25821,421,13038,0,0,778,28230,198,5339,778,33569,California
Fresno,2021-01-18,3077,41936,2369,28190,708,13746,0,0,2421,29999,654,5993,2423,35992,California
Fresno,2021-01-19,4406,46342,2620,30810,1786,15532,0,0,3692,32981,714,6707,3696,39688,California
Fresno,2021-01-20,3020,49362,1208,32018,1812,17344,0,0,2707,35380,311,7018,2710,42398,California
Fresno,2021-01-21,4393,53755,2032,34050,2361,19705,0,0,4033,39082,337,7355,4039,46437,California
Fresno,2021-01-22,3312,57067,1348,35398,1964,21669,0,0,2921,41630,374,7729,2922,49359,California
Fresno,2021-01-23,3048,60115,1973,37371,1075,22744,0,0,2325,43238,722,8451,2330,51689,California
Fresno,2021-01-24,559,60674,377,37748,182,22926,0,0,353,43387,206,8657,355,52044,California
Fresno,2021-01-25,2422,63096,865,38613,1557,24483,0,0,1870,44708,552,9209,1873,53917,California
Fresno,2021-01-26,2065,65161,586,39199,1479,25962,0,0,1319,45284,744,9953,1320,55237,California
Fresno,2021-01-27,2277,67438,1157,40356,1120,27082,0,0,1741,46493,535,10488,1744,56981,California
Fresno,2021-01-28,4493,71931,3048,43404,1445,28527,0,0,3466,48938,1024,11512,3469,60450,California
Fresno,2021-01-29,1709,73640,983,44387,726,29253,0,0,1410,50054,295,11807,1411,61861,California
Fresno,2021-01-30,1452,75092,550,44937,902,30155,0,0,1035,50672,417,12224,1035,62896,California
Fresno,2021-01-31,228,75320,219,45156,9,30164,0,0,74,50592,154,12378,74,62970,California
Fresno,2021-02-01,3345,78665,1672,46828,1673,31837,0,0,1786,50829,1558,13936,1795,64765,California
Fresno,2021-02-02,2723,81388,552,47380,2171,34008,0,0,1581,51298,1127,15063,1596,66361,California
Fresno,2021-02-03,3555,84943,2101,49481,1454,35462,0,0,1547,50846,2000,17063,1548,67909,California
Fresno,2021-02-04,4198,89141,1897,51378,2301,37763,0,0,1931,50545,2237,19300,1936,69845,California
Fresno,2021-02-05,5342,94483,2729,54107,2613,40376,0,0,2309,49830,3028,22328,2313,72158,California
Fresno,2021-02-06,2938,97421,2048,56155,890,41266,0,0,976,48849,1958,24286,977,73135,California
Fresno,2021-02-07,466,97887,284,56439,182,41448,0,0,272,48928,193,24479,272,73407,California
Fresno,2021-02-08,4277,102164,2291,58730,1986,43434,0,0,1815,48302,2450,26929,1824,75231,California
Fresno,2021-02-09,5338,107502,2089,60819,3249,46683,0,0,3122,49291,2142,29071,3131,78362,California
Fresno,2021-02-10,3887,111389,1231,62050,2656,49339,0,0,1993,49454,1842,30913,2005,80367,California
Fresno,2021-02-11,6458,117847,2095,64145,4363,53702,0,0,3360,49738,3081,33994,3365,83732,California
Fresno,2021-02-12,5395,123242,1383,65528,4012,57714,0,0,2737,49844,2639,36633,2745,86477,California
Fresno,2021-02-13,3753,126995,1559,67087,2194,59908,0,0,2086,50280,1656,38289,2092,88569,California
Fresno,2021-02-14,1563,128558,283,67370,1280,61188,0,0,838,50395,725,39014,840,89409,California
Fresno,2021-02-15,2891,131449,267,67637,2624,63812,0,0,1787,51086,1100,40114,1791,91200,California
Fresno,2021-02-16,6698,138147,2404,70041,4294,68106,0,0,4246,52903,2435,42549,4252,95452,California
Fresno,2021-02-17,5340,143487,2452,72493,2888,70994,0,0,2991,53594,2304,44853,2995,98447,California
Fresno,2021-02-18,6855,150342,2892,75385,3963,74957,0,0,2583,51960,4228,49081,2594,101041,California
Fresno,2021-02-19,3841,154183,1100,76485,2741,77698,0,0,1825,51783,2005,51086,1828,102869,California
Fresno,2021-02-20,4537,158720,2491,78976,2046,79744,0,0,3054,53367,1476,52562,3060,105929,California
Fresno,2021-02-21,191,158911,172,79148,19,79763,0,0,127,53444,50,52612,127,106056,California
Fresno,2021-02-22,2250,161161,1003,80151,1247,81010,0,0,1236,53678,1004,53616,1238,107294,California
Fresno,2021-02-23,4690,165851,2265,82416,2425,83435,0,0,3813,56628,865,54481,3815,111109,California
Fresno,2021-02-24,4212,170063,1503,83919,2709,86144,0,0,3457,59343,743,55224,3458,114567,California
Fresno,2021-02-25,8708,178771,3733,87652,4975,91119,0,0,7218,65143,1426,56650,7226,121793,California
Fresno,2021-02-26,9013,187784,3699,91351,5314,96433,0,0,7707,71574,1282,57932,7713,129506,California
Fresno,2021-02-27,7272,195056,3155,94506,4116,100549,1,1,6560,77441,696,58628,6563,136069,California
Fresno,2021-02-28,1653,196709,534,95040,1119,101668,0,1,1564,78929,77,58705,1565,137634,California
Fresno,2021-03-01,4982,201691,1310,96350,3672,105340,0,1,3666,81294,1305,60010,3670,141304,California
Fresno,2021-03-02,9853,211544,3384,99734,6469,111809,0,1,8470,88428,1359,61369,8493,149797,California
Fresno,2021-03-03,6939,218483,1699,101433,5239,117048,1,2,5928,93473,998,62367,6043,155840,California
Fresno,2021-03-04,10385,228868,4118,105551,6267,123315,0,2,8702,100527,1656,64023,8710,164550,California
Fresno,2021-03-05,9027,237895,3633,109184,5392,128707,2,4,7991,107692,903,64926,8068,172618,California
Fresno,2021-03-06,6818,244713,3758,112942,2942,131649,118,122,5827,112657,984,65910,5949,178567,California
Fresno,2021-03-07,1488,246201,681,113623,771,132420,36,158,1258,113725,227,66137,1295,179862,California
Fresno,2021-03-08,5142,251343,2025,115648,2966,135386,151,309,3961,116676,1172,67309,4123,183985,California
Fresno,2021-03-09,8566,259909,3792,119440,4504,139890,270,579,4646,117729,3899,71208,4952,188937,California
Fresno,2021-03-10,6754,266663,2861,122301,3501,143391,392,971,5348,122081,1397,72605,5749,194686,California
Fresno,2021-03-11,11488,278151,4582,126883,6340,149731,566,1537,6236,123733,5226,77831,6878,201564,California
Fresno,2021-03-12,11979,290130,5134,132017,6393,156124,452,1989,8971,130310,2988,80819,9565,211129,California
Fresno,2021-03-13,8355,298485,4056,136073,3266,159390,1033,3022,4040,131161,4294,85113,5145,216274,California
Fresno,2021-03-14,1766,300251,477,136550,1000,160390,289,3311,667,131029,1087,86200,955,217229,California
Fresno,2021-03-15,7132,307383,3180,139730,3780,164170,172,3483,4950,134170,2167,88367,5308,222537,California
Fresno,2021-03-16,10210,317593,4530,144260,5284,169454,396,3879,5422,135327,4756,93123,5913,228450,California
Fresno,2021-03-17,8664,326257,3929,148189,4044,173498,691,4570,5873,139502,2769,95892,6944,235394,California
Fresno,2021-03-18,12451,338708,6727,154916,5090,178588,634,5204,7064,142287,5338,101230,8123,243517,California
Fresno,2021-03-19,11194,349902,5881,160797,4699,183287,614,5818,6954,145939,4211,105441,7863,251380,California
Fresno,2021-03-20,7608,357510,4605,165402,2691,185978,312,6130,3805,146559,3773,109214,4393,255773,California
Fresno,2021-03-21,1777,359287,1204,166606,204,186182,369,6499,959,147074,814,110028,1329,257102,California
Fresno,2021-03-22,5668,364955,2895,169501,2178,188360,595,7094,3842,149901,1810,111838,4637,261739,California
Fresno,2021-03-23,10560,375515,5248,174749,4815,193175,497,7591,5069,150425,5470,117308,5994,267733,California
Fresno,2021-03-24,8847,384362,3813,178562,4202,197377,832,8423,4958,152417,3851,121159,5843,273576,California
Fresno,2021-03-25,12200,396562,5681,184243,5730,203107,789,9212,4762,150658,7391,128550,5632,279208,California
Fresno,2021-03-26,12240,408802,5456,189699,6138,209245,646,9858,4481,148100,7706,136256,5148,284356,California
Fresno,2021-03-27,9576,418378,4297,193996,4190,213435,1089,10947,2946,145546,6593,142849,4039,288395,California
Fresno,2021-03-28,3389,421767,1302,195298,1399,214834,688,11635,1271,145671,2110,144959,2235,290630,California
Fresno,2021-03-29,5998,427765,2008,197306,3439,218273,551,12186,2899,146060,3072,148031,3461,294091,California
Fresno,2021-03-30,10892,438657,4265,201571,5729,224002,898,13084,3846,143785,7019,155050,4744,298835,California
Fresno,2021-03-31,9647,448304,3384,204955,5276,229278,987,14071,3732,142625,5876,160926,4716,303551,California
Fresno,2021-04-01,11845,460149,4194,209149,6786,236064,865,14936,3969,139645,7774,168700,4794,308345,California
Fresno,2021-04-02,11729,471878,4563,213712,6381,242445,785,15721,4181,137233,7390,176090,4978,313323,California
Fresno,2021-04-03,6414,478292,3536,217248,2622,245067,256,15977,2163,135455,4235,180325,2457,315780,California
Fresno,2021-04-04,1489,479781,535,217783,909,245976,45,16022,547,135113,934,181259,592,316372,California
Fresno,2021-04-05,8323,488104,4459,222242,3064,249040,800,16822,2444,132563,5862,187121,3312,319684,California
Fresno,2021-04-06,9590,497694,4015,226257,4391,253431,1184,18006,3541,131299,6011,193132,4747,324431,California
Fresno,2021-04-07,10357,508051,5318,231575,3835,257266,1204,19210,3517,129256,6797,199929,4754,329185,California
Fresno,2021-04-08,10818,518869,5109,236684,4561,261827,1148,20358,3399,126477,7372,207301,4593,333778,California
Fresno,2021-04-09,11136,530005,5310,241994,4442,266269,1384,21742,3584,123962,7507,214808,4992,338770,California
Fresno,2021-04-10,7866,537871,5146,247140,2198,268467,522,22264,3660,123947,4195,219003,4180,342950,California
Fresno,2021-04-11,1387,539258,926,248066,372,268839,89,22353,447,123549,935,219938,537,343487,California
Fresno,2021-04-12,7160,546418,3765,251831,2475,271314,920,23273,2315,121962,4821,224759,3234,346721,California
Fresno,2021-04-13,8911,555329,4242,256073,4599,275913,70,23343,3462,120169,5416,230175,3623,350344,California
Fresno,2021-04-14,9442,564771,5731,261804,3710,279623,1,23344,3717,118249,5684,235859,3764,354108,California
Fresno,2021-04-15,8383,573154,4179,265983,4201,283824,3,23347,3154,116208,5201,241060,3160,357268,California
Fresno,2021-04-16,9373,582527,4628,270611,4743,288567,2,23349,3868,114614,5469,246529,3875,361143,California
Fresno,2021-04-17,5561,588088,3718,274329,1843,290410,0,23349,2643,114361,2898,249427,2645,363788,California
Fresno,2021-04-18,1028,589116,560,274889,468,290878,0,23349,472,114282,551,249978,472,364260,California
Fresno,2021-04-19,5529,594645,3017,277906,2509,293387,3,23352,2255,113305,3237,253215,2260,366520,California
Fresno,2021-04-20,6945,601590,3433,281339,3504,296891,8,23360,2618,111628,4304,257519,2627,369147,California
Fresno,2021-04-21,6377,607967,3525,284864,2844,299735,8,23368,2664,110623,3681,261200,2676,371823,California
Fresno,2021-04-22,6340,614307,3144,288008,3195,302930,1,23369,2305,108951,3981,265181,2309,374132,California
Fresno,2021-04-23,7046,621353,3773,291781,3255,306185,18,23387,2705,107362,4300,269481,2711,376843,California
Fresno,2021-04-24,4156,625509,2479,294260,1677,307862,0,23387,1911,107041,2232,271713,1911,378754,California
Fresno,2021-04-25,1371,626880,556,294816,813,308675,2,23389,688,107052,678,272391,689,379443,California
Fresno,2021-04-26,3930,630810,1972,296788,1914,310589,44,23433,1669,106533,2231,274622,1712,381155,California
Fresno,2021-04-27,4524,635334,2290,299078,2123,312712,111,23544,1789,105718,2715,277337,1900,383055,California
Fresno,2021-04-28,4706,640040,2623,301701,1956,314668,127,23671,1936,105033,2749,280086,2064,385119,California
Fresno,2021-04-29,4724,644764,2642,304343,1949,316617,133,23804,1765,104002,2929,283015,1898,387017,California
Fresno,2021-04-30,5379,650143,3281,307624,1963,318580,135,23939,2130,103049,3217,286232,2264,389281,California
Fresno,2021-05-01,4183,654326,3466,311090,580,319160,137,24076,1224,101466,2943,289175,1360,390641,California
Fresno,2021-05-02,1233,655559,769,311859,413,319573,51,24127,601,101496,621,289796,651,391292,California
Fresno,2021-05-03,3998,659557,2693,314552,1119,320692,186,24313,1289,100284,2683,292479,1471,392763,California
Fresno,2021-05-04,4819,664376,2496,317048,2171,322863,152,24465,1548,98740,3246,295725,1702,394465,California
Fresno,2021-05-05,4811,669187,2883,319931,1702,324565,226,24691,1455,97086,3332,299057,1678,396143,California
Fresno,2021-05-06,4064,673251,2484,322415,1475,326040,105,24796,1351,95856,2686,301743,1456,397599,California
Fresno,2021-05-07,4972,678223,3260,325675,1548,327588,164,24960,1530,94127,3421,305164,1692,399291,California
Fresno,2021-05-08,3864,682087,2466,328141,1253,328841,145,25105,1153,92734,2692,307856,1299,400590,California
Fresno,2021-05-09,680,682767,350,328491,287,329128,43,25148,338,92778,336,308192,380,400970,California
Fresno,2021-05-10,2946,685713,1578,330069,1227,330355,141,25289,920,91820,2019,310211,1061,402031,California
Fresno,2021-05-11,3607,689320,1842,331911,1675,332030,90,25379,1154,90623,2442,312653,1245,403276,California
Fresno,2021-05-12,3713,693033,2350,334261,1216,333246,147,25526,1340,89761,2350,315003,1488,404764,California
Fresno,2021-05-13,3601,696634,1950,336211,1544,334790,107,25633,1592,89488,1972,316975,1699,406463,California
Fresno,2021-05-14,5016,701650,3030,339241,1808,336598,178,25811,2142,88965,2843,319818,2320,408783,California
Fresno,2021-05-15,3568,705218,2668,341909,771,337369,129,25940,1816,89166,1743,321561,1944,410727,California
Fresno,2021-05-16,1427,706645,936,342845,457,337826,34,25974,797,89372,625,322186,831,411558,California
Fresno,2021-05-17,4055,710700,2718,345563,1177,339003,160,26134,2246,89996,1782,323968,2406,413964,California
Fresno,2021-05-18,3986,714686,2432,347995,1414,340417,140,26274,2112,90394,1852,325820,2250,416214,California
Fresno,2021-05-19,4125,718811,2605,350600,1389,341806,131,26405,2051,90523,2052,327872,2181,418395,California
Fresno,2021-05-20,3403,722214,1998,352598,1268,343074,137,26542,1589,90453,1795,329667,1725,420120,California
Fresno,2021-05-21,3700,725914,2382,354980,1229,344303,89,26631,1641,90146,2036,331703,1729,421849,California
Fresno,2021-05-22,3139,729053,2404,357384,634,344937,101,26732,1872,90865,1254,332957,1973,423822,California
Fresno,2021-05-23,521,729574,341,357725,150,345087,30,26762,289,90958,224,333181,317,424139,California
Fresno,2021-05-24,1930,731504,1174,358899,672,345759,84,26846,813,90752,1103,334284,897,425036,California
Glenn,2020-12-17,1,1,1,1,0,0,0,0,1,1,0,0,1,1,California
Glenn,2020-12-19,1,2,1,2,0,0,0,0,1,2,0,0,1,2,California
Glenn,2020-12-20,1,3,1,3,0,0,0,0,1,3,0,0,1,3,California
Glenn,2020-12-21,11,14,11,14,0,0,0,0,11,14,0,0,11,14,California
Glenn,2020-12-22,59,73,59,73,0,0,0,0,59,73,0,0,59,73,California
Glenn,2020-12-23,28,101,28,101,0,0,0,0,28,101,0,0,28,101,California
Glenn,2020-12-24,9,110,9,110,0,0,0,0,9,110,0,0,9,110,California
Glenn,2020-12-26,2,112,2,112,0,0,0,0,2,112,0,0,2,112,California
Glenn,2020-12-27,4,116,4,116,0,0,0,0,4,116,0,0,4,116,California
Glenn,2020-12-28,21,137,21,137,0,0,0,0,21,137,0,0,21,137,California
Glenn,2020-12-29,82,219,82,219,0,0,0,0,82,219,0,0,82,219,California
Glenn,2020-12-30,129,348,106,325,23,23,0,0,129,348,0,0,129,348,California
Glenn,2020-12-31,38,386,9,334,29,52,0,0,38,386,0,0,38,386,California
Glenn,2021-01-02,2,388,2,336,0,52,0,0,2,388,0,0,2,388,California
Glenn,2021-01-04,7,395,5,341,2,54,0,0,7,395,0,0,7,395,California
Glenn,2021-01-05,9,404,8,349,1,55,0,0,9,404,0,0,9,404,California
Glenn,2021-01-06,60,464,8,357,52,107,0,0,60,464,0,0,60,464,California
Glenn,2021-01-07,67,531,12,369,55,162,0,0,65,527,2,2,65,529,California
Glenn,2021-01-08,12,543,9,378,3,165,0,0,12,539,0,2,12,541,California
Glenn,2021-01-10,1,544,1,379,0,165,0,0,0,538,1,3,0,541,California
Glenn,2021-01-11,30,574,30,409,0,165,0,0,12,532,18,21,12,553,California
Glenn,2021-01-12,42,616,37,446,5,170,0,0,14,518,28,49,14,567,California
Glenn,2021-01-13,221,837,156,602,65,235,0,0,177,651,44,93,177,744,California
Glenn,2021-01-14,117,954,28,630,89,324,0,0,107,748,10,103,107,851,California
Glenn,2021-01-15,42,996,35,665,7,331,0,0,37,780,5,108,37,888,California
Glenn,2021-01-16,33,1029,14,679,19,350,0,0,23,793,10,118,23,911,California
Glenn,2021-01-17,4,1033,2,681,2,352,0,0,2,793,2,120,2,913,California
Glenn,2021-01-18,17,1050,16,697,1,353,0,0,9,794,8,128,9,922,California
Glenn,2021-01-19,30,1080,20,717,10,363,0,0,13,790,17,145,13,935,California
Glenn,2021-01-20,163,1243,94,811,69,432,0,0,82,791,81,226,82,1017,California
Glenn,2021-01-21,124,1367,98,909,26,458,0,0,30,727,94,320,30,1047,California
Glenn,2021-01-22,338,1705,64,973,274,732,0,0,331,1051,7,327,331,1378,California
Glenn,2021-01-23,14,1719,7,980,7,739,0,0,12,1061,2,329,12,1390,California
Glenn,2021-01-24,2,1721,2,982,0,739,0,0,2,1063,0,329,2,1392,California
Glenn,2021-01-25,27,1748,9,991,18,757,0,0,24,1084,3,332,24,1416,California
Glenn,2021-01-26,29,1777,13,1004,16,773,0,0,23,1101,6,338,23,1439,California
Glenn,2021-01-27,188,1965,13,1017,175,948,0,0,166,1245,22,360,166,1605,California
Glenn,2021-01-28,146,2111,8,1025,138,1086,0,0,116,1331,30,390,116,1721,California
Glenn,2021-01-29,296,2407,12,1037,284,1370,0,0,282,1599,14,404,282,2003,California
Glenn,2021-01-30,4,2411,0,1037,4,1374,0,0,4,1603,0,404,4,2007,California
Glenn,2021-01-31,1,2412,0,1037,1,1375,0,0,1,1604,0,404,1,2008,California
Glenn,2021-02-01,28,2440,10,1047,18,1393,0,0,16,1608,12,416,16,2024,California
Glenn,2021-02-02,28,2468,13,1060,15,1408,0,0,19,1618,9,425,19,2043,California
Glenn,2021-02-03,274,2742,125,1185,149,1557,0,0,129,1603,145,570,130,2173,California
Glenn,2021-02-04,82,2824,16,1201,66,1623,0,0,27,1575,55,625,27,2200,California
Glenn,2021-02-05,320,3144,25,1226,295,1918,0,0,299,1853,21,646,299,2499,California
Glenn,2021-02-06,14,3158,2,1228,12,1930,0,0,13,1865,1,647,13,2512,California
Glenn,2021-02-07,2,3160,2,1230,0,1930,0,0,2,1867,0,647,2,2514,California
Glenn,2021-02-08,21,3181,17,1247,4,1934,0,0,4,1854,17,664,4,2518,California
Glenn,2021-02-09,49,3230,20,1267,29,1963,0,0,36,1877,13,677,36,2554,California
Glenn,2021-02-10,138,3368,19,1286,119,2082,0,0,65,1869,73,750,65,2619,California
Glenn,2021-02-11,233,3601,133,1419,100,2182,0,0,151,1937,83,833,151,2770,California
Glenn,2021-02-12,420,4021,99,1518,321,2503,0,0,355,2227,65,898,355,3125,California
Glenn,2021-02-13,34,4055,7,1525,27,2530,0,0,16,2225,18,916,16,3141,California
Glenn,2021-02-14,1,4056,0,1525,1,2531,0,0,1,2226,0,916,1,3142,California
Glenn,2021-02-15,8,4064,0,1525,8,2539,0,0,8,2234,0,916,8,3150,California
Glenn,2021-02-16,39,4103,9,1534,30,2569,0,0,21,2237,18,934,21,3171,California
Glenn,2021-02-17,380,4483,14,1548,366,2935,0,0,302,2461,78,1012,302,3473,California
Glenn,2021-02-18,134,4617,99,1647,35,2970,0,0,110,2547,24,1036,110,3583,California
Glenn,2021-02-19,303,4920,17,1664,286,3256,0,0,29,2302,274,1310,29,3612,California
Glenn,2021-02-20,8,4928,0,1664,8,3264,0,0,0,2294,8,1318,0,3612,California
Glenn,2021-02-21,1,4929,1,1665,0,3264,0,0,1,2295,0,1318,1,3613,California
Glenn,2021-02-22,33,4962,14,1679,19,3283,0,0,17,2296,16,1334,17,3630,California
Glenn,2021-02-23,40,5002,10,1689,30,3313,0,0,28,2312,12,1346,28,3658,California
Glenn,2021-02-24,243,5245,37,1726,206,3519,0,0,47,2163,196,1542,47,3705,California
Glenn,2021-02-25,234,5479,120,1846,114,3633,0,0,118,2165,116,1658,118,3823,California
Glenn,2021-02-26,304,5783,24,1870,280,3913,0,0,20,1902,283,1941,20,3843,California
Glenn,2021-02-27,15,5798,5,1875,10,3923,0,0,5,1898,9,1950,5,3848,California
Glenn,2021-02-28,6,5804,3,1878,3,3926,0,0,3,1899,2,1952,3,3851,California
Glenn,2021-03-01,28,5832,6,1884,22,3948,0,0,12,1895,16,1968,12,3863,California
Glenn,2021-03-02,35,5867,7,1891,28,3976,0,0,17,1894,18,1986,17,3880,California
Glenn,2021-03-03,192,6059,37,1928,155,4131,0,0,101,1906,89,2075,101,3981,California
Glenn,2021-03-04,521,6580,175,2103,346,4477,0,0,375,2135,146,2221,375,4356,California
Glenn,2021-03-05,357,6937,49,2152,308,4785,0,0,35,1848,322,2543,35,4391,California
Glenn,2021-03-06,26,6963,3,2155,22,4807,1,1,9,1841,17,2560,10,4401,California
Glenn,2021-03-07,5,6968,0,2155,5,4812,0,1,3,1843,1,2561,3,4404,California
Glenn,2021-03-08,20,6988,2,2157,17,4829,1,2,18,1860,2,2563,19,4423,California
Glenn,2021-03-09,82,7070,11,2168,68,4897,3,5,54,1888,28,2591,56,4479,California
Glenn,2021-03-10,172,7242,69,2237,101,4998,2,7,95,1908,77,2668,97,4576,California
Glenn,2021-03-11,583,7825,169,2406,391,5389,23,30,454,2256,129,2797,477,5053,California
Glenn,2021-03-12,418,8243,14,2420,342,5731,62,92,41,1982,377,3174,103,5156,California
Glenn,2021-03-13,12,8255,1,2421,3,5734,8,100,1,1980,11,3185,9,5165,California
Glenn,2021-03-14,3,8258,1,2422,2,5736,0,100,1,1979,2,3187,1,5166,California
Glenn,2021-03-15,76,8334,15,2437,56,5792,5,105,61,2030,15,3202,66,5232,California
Glenn,2021-03-16,110,8444,34,2471,65,5857,11,116,69,2069,41,3243,80,5312,California
Glenn,2021-03-17,416,8860,97,2568,312,6169,7,123,115,1888,301,3544,120,5432,California
Glenn,2021-03-18,521,9381,215,2783,50,6219,256,379,145,1912,376,3920,400,5832,California
Glenn,2021-03-19,96,9477,16,2799,74,6293,6,385,75,1973,20,3940,81,5913,California
Glenn,2021-03-20,132,9609,2,2801,129,6422,1,386,130,2102,2,3942,131,6044,California
Glenn,2021-03-21,6,9615,5,2806,0,6422,1,387,3,2104,2,3944,4,6048,California
Glenn,2021-03-22,123,9738,54,2860,61,6483,8,395,103,2197,18,3962,111,6159,California
Glenn,2021-03-23,176,9914,66,2926,59,6542,51,446,103,2279,72,4034,154,6313,California
Glenn,2021-03-24,208,10122,100,3026,103,6645,5,451,136,2349,71,4105,141,6454,California
Glenn,2021-03-25,470,10592,229,3255,147,6792,94,545,342,2658,127,4232,436,6890,California
Glenn,2021-03-26,237,10829,37,3292,164,6956,36,581,186,2829,51,4283,222,7112,California
Glenn,2021-03-27,166,10995,22,3314,138,7094,6,587,155,2979,11,4294,161,7273,California
Glenn,2021-03-28,15,11010,10,3324,5,7099,0,587,10,2984,5,4299,10,7283,California
Glenn,2021-03-29,61,11071,20,3344,38,7137,3,590,47,3020,14,4313,50,7333,California
Glenn,2021-03-30,74,11145,42,3386,31,7168,1,591,42,3033,30,4343,43,7376,California
Glenn,2021-03-31,125,11270,35,3421,89,7257,1,592,54,3018,70,4413,55,7431,California
Glenn,2021-04-01,656,11926,189,3610,458,7715,9,601,244,2861,410,4823,253,7684,California
Glenn,2021-04-02,169,12095,26,3636,131,7846,12,613,133,2970,36,4859,145,7829,California
Glenn,2021-04-03,95,12190,4,3640,84,7930,7,620,84,3050,11,4870,91,7920,California
Glenn,2021-04-04,9,12199,3,3643,4,7934,2,622,5,3053,4,4874,7,7927,California
Glenn,2021-04-05,65,12264,25,3668,27,7961,13,635,28,3057,37,4911,41,7968,California
Glenn,2021-04-06,144,12408,52,3720,53,8014,39,674,37,3026,106,5017,75,8043,California
Glenn,2021-04-07,159,12567,46,3766,59,8073,54,728,73,3067,86,5103,127,8170,California
Glenn,2021-04-08,641,13208,189,3955,418,8491,34,762,139,2740,500,5603,173,8343,California
Glenn,2021-04-09,157,13365,57,4012,84,8575,16,778,101,2801,56,5659,117,8460,California
Glenn,2021-04-10,74,13439,1,4013,61,8636,12,790,60,2859,14,5673,72,8532,California
Glenn,2021-04-11,17,13456,8,4021,4,8640,5,795,7,2861,10,5683,12,8544,California
Glenn,2021-04-12,114,13570,25,4046,60,8700,29,824,19,2814,95,5778,48,8592,California
Glenn,2021-04-13,118,13688,63,4109,55,8755,0,824,29,2755,88,5866,29,8621,California
Glenn,2021-04-14,123,13811,47,4156,76,8831,0,824,69,2770,54,5920,69,8690,California
Glenn,2021-04-15,361,14172,275,4431,86,8917,0,824,124,2657,237,6157,124,8814,California
Glenn,2021-04-16,165,14337,41,4472,124,9041,0,824,77,2646,88,6245,77,8891,California
Glenn,2021-04-17,165,14502,18,4490,147,9188,0,824,26,2540,132,6377,26,8917,California
Glenn,2021-04-18,16,14518,3,4493,13,9201,0,824,13,2550,3,6380,13,8930,California
Glenn,2021-04-19,83,14601,17,4510,66,9267,0,824,22,2512,60,6440,22,8952,California
Glenn,2021-04-20,125,14726,81,4591,44,9311,0,824,53,2493,72,6512,53,9005,California
Glenn,2021-04-21,411,15137,308,4899,103,9414,0,824,279,2640,132,6644,279,9284,California
Glenn,2021-04-22,208,15345,48,4947,160,9574,0,824,33,2499,174,6818,33,9317,California
Glenn,2021-04-23,178,15523,24,4971,154,9728,0,824,41,2404,136,6954,41,9358,California
Glenn,2021-04-24,179,15702,32,5003,147,9875,0,824,30,2285,149,7103,30,9388,California
Glenn,2021-04-25,30,15732,18,5021,12,9887,0,824,22,2299,8,7111,22,9410,California
Glenn,2021-04-26,46,15778,11,5032,35,9922,0,824,18,2289,28,7139,18,9428,California
Glenn,2021-04-27,59,15837,46,5078,8,9930,5,829,30,2294,29,7168,34,9462,California
Glenn,2021-04-28,260,16097,182,5260,67,9997,11,840,127,2303,129,7297,138,9600,California
Glenn,2021-04-29,181,16278,22,5282,157,10154,2,842,35,2194,146,7443,37,9637,California
Glenn,2021-04-30,156,16434,35,5317,119,10273,2,844,38,2116,118,7561,40,9677,California
Glenn,2021-05-01,108,16542,13,5330,94,10367,1,845,26,2061,82,7643,27,9704,California
Glenn,2021-05-02,30,16572,12,5342,9,10376,9,854,15,2070,15,7658,24,9728,California
Glenn,2021-05-03,36,16608,23,5365,12,10388,1,855,14,2063,22,7680,15,9743,California
Glenn,2021-05-04,57,16665,33,5398,19,10407,5,860,28,2067,29,7709,33,9776,California
Glenn,2021-05-05,122,16787,35,5433,77,10484,10,870,51,2057,71,7780,61,9837,California
Glenn,2021-05-06,106,16893,41,5474,60,10544,5,875,40,2036,66,7846,45,9882,California
Glenn,2021-05-07,120,17013,33,5507,78,10622,9,884,31,1988,88,7934,40,9922,California
Glenn,2021-05-08,66,17079,12,5519,50,10672,4,888,21,1969,44,7978,25,9947,California
Glenn,2021-05-09,17,17096,11,5530,6,10678,0,888,13,1978,4,7982,13,9960,California
Glenn,2021-05-10,36,17132,15,5545,16,10694,5,893,15,1977,21,8003,20,9980,California
Glenn,2021-05-11,76,17208,53,5598,14,10708,9,902,16,1942,60,8063,25,10005,California
Glenn,2021-05-12,327,17535,246,5844,67,10775,14,916,46,1721,281,8344,60,10065,California
Glenn,2021-05-13,127,17662,32,5876,77,10852,18,934,44,1700,83,8427,62,10127,California
Glenn,2021-05-14,106,17768,25,5901,76,10928,5,939,42,1683,64,8491,47,10174,California
Glenn,2021-05-15,68,17836,40,5941,25,10953,3,942,35,1688,32,8523,37,10211,California
Glenn,2021-05-16,30,17866,18,5959,12,10965,0,942,9,1676,21,8544,9,10220,California
Glenn,2021-05-17,78,17944,53,6012,21,10986,4,946,53,1708,25,8569,57,10277,California
Glenn,2021-05-18,65,18009,47,6059,13,10999,5,951,21,1690,44,8613,26,10303,California
Glenn,2021-05-19,183,18192,102,6161,69,11068,12,963,65,1649,117,8730,76,10379,California
Glenn,2021-05-20,109,18301,68,6229,39,11107,2,965,78,1698,31,8761,80,10459,California
Glenn,2021-05-21,66,18367,23,6252,43,11150,0,965,29,1690,37,8798,29,10488,California
Glenn,2021-05-22,48,18415,17,6269,31,11181,0,965,23,1688,25,8823,23,10511,California
Glenn,2021-05-23,25,18440,14,6283,11,11192,0,965,11,1686,13,8836,11,10522,California
Glenn,2021-05-24,15,18455,0,6283,14,11206,1,966,6,1685,8,8844,7,10529,California
Humboldt,2020-12-15,2,2,2,2,0,0,0,0,2,2,0,0,2,2,California
Humboldt,2020-12-16,16,18,16,18,0,0,0,0,16,18,0,0,16,18,California
Humboldt,2020-12-17,117,135,117,135,0,0,0,0,117,135,0,0,117,135,California
Humboldt,2020-12-18,177,312,177,312,0,0,0,0,177,312,0,0,177,312,California
Humboldt,2020-12-19,10,322,10,322,0,0,0,0,10,322,0,0,10,322,California
Humboldt,2020-12-20,28,350,28,350,0,0,0,0,28,350,0,0,28,350,California
Humboldt,2020-12-21,166,516,166,516,0,0,0,0,166,516,0,0,166,516,California
Humboldt,2020-12-22,297,813,297,813,0,0,0,0,297,813,0,0,297,813,California
Humboldt,2020-12-23,311,1124,263,1076,48,48,0,0,313,1126,0,0,313,1126,California
Humboldt,2020-12-24,25,1149,2,1078,23,71,0,0,25,1151,0,0,25,1151,California
Humboldt,2020-12-25,2,1151,2,1080,0,71,0,0,2,1153,0,0,2,1153,California
Humboldt,2020-12-26,6,1157,5,1085,1,72,0,0,6,1159,0,0,6,1159,California
Humboldt,2020-12-28,159,1316,147,1232,12,84,0,0,159,1318,0,0,159,1318,California
Humboldt,2020-12-29,170,1486,123,1355,47,131,0,0,170,1488,0,0,170,1488,California
Humboldt,2020-12-30,224,1710,124,1479,100,231,0,0,224,1712,0,0,224,1712,California
Humboldt,2020-12-31,241,1951,79,1558,162,393,0,0,241,1953,0,0,241,1953,California
Humboldt,2021-01-01,2,1953,1,1559,1,394,0,0,2,1955,0,0,2,1955,California
Humboldt,2021-01-02,38,1991,1,1560,37,431,0,0,38,1993,0,0,38,1993,California
Humboldt,2021-01-04,218,2209,142,1702,76,507,0,0,220,2213,0,0,220,2213,California
Humboldt,2021-01-05,130,2339,18,1720,112,619,0,0,129,2341,1,1,129,2342,California
Humboldt,2021-01-06,303,2642,204,1924,99,718,0,0,230,2510,61,62,230,2572,California
Humboldt,2021-01-07,423,3065,311,2235,112,830,0,0,309,2720,99,161,309,2881,California
Humboldt,2021-01-08,420,3485,281,2516,139,969,0,0,284,2873,131,292,284,3165,California
Humboldt,2021-01-09,69,3554,45,2561,24,993,0,0,66,2937,3,295,67,3232,California
Humboldt,2021-01-10,84,3638,84,2645,0,993,0,0,4,2861,80,375,4,3236,California
Humboldt,2021-01-11,289,3927,278,2923,11,1004,0,0,72,2720,213,588,72,3308,California
Humboldt,2021-01-12,483,4410,320,3243,163,1167,0,0,299,2857,162,750,299,3607,California
Humboldt,2021-01-13,492,4902,277,3520,215,1382,0,0,315,2999,174,924,316,3923,California
Humboldt,2021-01-14,523,5425,165,3685,358,1740,0,0,467,3411,56,980,468,4391,California
Humboldt,2021-01-15,375,5800,39,3724,336,2076,0,0,358,3752,17,997,358,4749,California
Humboldt,2021-01-16,170,5970,6,3730,164,2240,0,0,169,3920,1,998,169,4918,California
Humboldt,2021-01-17,6,5976,4,3734,2,2242,0,0,6,3926,0,998,6,4924,California
Humboldt,2021-01-18,295,6271,260,3994,35,2277,0,0,145,3921,150,1148,145,5069,California
Humboldt,2021-01-19,634,6905,390,4384,244,2521,0,0,507,4307,121,1269,507,5576,California
Humboldt,2021-01-20,899,7804,387,4771,512,3033,0,0,750,4918,141,1410,752,6328,California
Humboldt,2021-01-21,959,8763,261,5032,698,3731,0,0,917,5793,42,1452,917,7245,California
Humboldt,2021-01-22,676,9439,376,5408,300,4031,0,0,667,6452,9,1461,668,7913,California
Humboldt,2021-01-23,827,10266,273,5681,554,4585,0,0,818,7262,9,1470,819,8732,California
Humboldt,2021-01-24,227,10493,1,5682,226,4811,0,0,226,7487,1,1471,226,8958,California
Humboldt,2021-01-25,305,10798,233,5915,72,4883,0,0,149,7480,156,1627,149,9107,California
Humboldt,2021-01-26,526,11324,142,6057,384,5267,0,0,475,7904,51,1678,475,9582,California
Humboldt,2021-01-27,1260,12584,587,6644,673,5940,0,0,1194,9041,59,1737,1196,10778,California
Humboldt,2021-01-28,1457,14041,634,7278,823,6763,0,0,1320,10229,134,1871,1322,12100,California
Humboldt,2021-01-29,1134,15175,547,7825,587,7350,0,0,705,10506,429,2300,706,12806,California
Humboldt,2021-01-30,973,16148,456,8281,517,7867,0,0,960,11454,13,2313,961,13767,California
Humboldt,2021-01-31,315,16463,313,8594,2,7869,0,0,314,11767,1,2314,314,14081,California
Humboldt,2021-02-01,334,16797,192,8786,142,8011,0,0,187,11808,146,2460,187,14268,California
Humboldt,2021-02-02,444,17241,74,8860,370,8381,0,0,339,12047,102,2562,341,14609,California
Humboldt,2021-02-03,663,17904,258,9118,405,8786,0,0,511,12406,152,2714,511,15120,California
Humboldt,2021-02-04,638,18542,262,9380,376,9162,0,0,440,12651,195,2909,440,15560,California
Humboldt,2021-02-05,812,19354,94,9474,718,9880,0,0,625,13089,187,3096,625,16185,California
Humboldt,2021-02-06,1058,20412,447,9921,611,10491,0,0,1015,14063,42,3138,1016,17201,California
Humboldt,2021-02-07,378,20790,9,9930,369,10860,0,0,373,14433,4,3142,374,17575,California
Humboldt,2021-02-08,324,21114,142,10072,182,11042,0,0,183,14476,140,3282,183,17758,California
Humboldt,2021-02-09,494,21608,220,10292,274,11316,0,0,179,14340,315,3597,179,17937,California
Humboldt,2021-02-10,563,22171,370,10662,193,11509,0,0,233,14248,325,3922,233,18170,California
Humboldt,2021-02-11,1300,23471,396,11058,904,12413,0,0,502,13956,795,4717,503,18673,California
Humboldt,2021-02-12,1146,24617,736,11794,410,12823,0,0,706,14222,440,5157,706,19379,California
Humboldt,2021-02-13,1506,26123,557,12351,949,13772,0,0,915,14548,589,5746,915,20294,California
Humboldt,2021-02-14,112,26235,5,12356,107,13879,0,0,109,14655,2,5748,109,20403,California
Humboldt,2021-02-15,293,26528,78,12434,215,14094,0,0,196,14755,96,5844,196,20599,California
Humboldt,2021-02-16,535,27063,119,12553,416,14510,0,0,254,14729,281,6125,255,20854,California
Humboldt,2021-02-17,450,27513,278,12831,172,14682,0,0,134,14548,315,6440,134,20988,California
Humboldt,2021-02-18,971,28484,596,13427,375,15057,0,0,230,14039,739,7179,230,21218,California
Humboldt,2021-02-19,476,28960,434,13861,42,15099,0,0,89,13744,384,7563,89,21307,California
Humboldt,2021-02-20,1611,30571,987,14848,624,15723,0,0,475,13089,1133,8696,478,21785,California
Humboldt,2021-02-21,479,31050,471,15319,8,15731,0,0,182,12975,297,8993,183,21968,California
Humboldt,2021-02-22,129,31179,92,15411,37,15768,0,0,29,12906,98,9091,29,21997,California
Humboldt,2021-02-23,176,31355,71,15482,105,15873,0,0,41,12814,133,9224,41,22038,California
Humboldt,2021-02-24,1166,32521,706,16188,460,16333,0,0,587,12823,578,9802,587,22625,California
Humboldt,2021-02-25,834,33355,318,16506,516,16849,0,0,230,12451,602,10404,230,22855,California
Humboldt,2021-02-26,2147,35502,106,16612,2041,18890,0,0,449,11209,1692,12096,450,23305,California
Humboldt,2021-02-27,1694,37196,1077,17689,617,19507,0,0,869,11259,823,12919,873,24178,California
Humboldt,2021-02-28,122,37318,10,17699,112,19619,0,0,116,11369,6,12925,116,24294,California
Humboldt,2021-03-01,259,37577,47,17746,212,19831,0,0,184,11478,75,13000,184,24478,California
Humboldt,2021-03-02,290,37867,50,17796,240,20071,0,0,160,11508,130,13130,160,24638,California
Humboldt,2021-03-03,1659,39526,1099,18895,560,20631,0,0,1219,12294,434,13564,1220,25858,California
Humboldt,2021-03-04,902,40428,112,19007,790,21421,0,0,283,11960,619,14183,285,26143,California
Humboldt,2021-03-05,949,41377,188,19195,750,22171,11,11,392,11810,553,14736,403,26546,California
Humboldt,2021-03-06,1700,43077,842,20037,809,22980,49,60,715,11590,984,15720,764,27310,California
Humboldt,2021-03-07,365,43442,296,20333,51,23031,18,78,158,11559,207,15927,176,27486,California
Humboldt,2021-03-08,277,43719,7,20340,192,23223,78,156,183,11726,94,16021,261,27747,California
Humboldt,2021-03-09,491,44210,211,20551,132,23355,148,304,240,11864,249,16270,387,28134,California
Humboldt,2021-03-10,690,44900,466,21017,70,23425,154,458,421,12169,268,16538,573,28707,California
Humboldt,2021-03-11,1465,46365,461,21478,904,24329,100,558,643,12094,817,17355,742,29449,California
Humboldt,2021-03-12,1747,48112,1083,22561,442,24771,222,780,1054,12689,685,18040,1280,30729,California
Humboldt,2021-03-13,1571,49683,1023,23584,496,25267,52,832,676,12528,889,18929,728,31457,California
Humboldt,2021-03-14,143,49826,19,23603,115,25382,9,841,29,12452,114,19043,38,31495,California
Humboldt,2021-03-15,277,50103,51,23654,205,25587,21,862,59,12314,218,19261,80,31575,California
Humboldt,2021-03-16,638,50741,201,23855,176,25763,261,1123,262,12460,375,19636,521,32096,California
Humboldt,2021-03-17,732,51473,396,24251,228,25991,108,1231,340,12517,391,20027,448,32544,California
Humboldt,2021-03-18,1735,53208,1165,25416,527,26518,43,1274,1039,12908,691,20718,1082,33626,California
Humboldt,2021-03-19,1075,54283,60,25476,701,27219,314,1588,440,13029,632,21350,753,34379,California
Humboldt,2021-03-20,1377,55660,752,26228,612,27831,13,1601,426,12520,949,22299,440,34819,California
Humboldt,2021-03-21,249,55909,32,26260,188,28019,29,1630,204,12707,45,22344,232,35051,California
Humboldt,2021-03-22,119,56028,16,26276,53,28072,50,1680,62,12764,55,22399,112,35163,California
Humboldt,2021-03-23,411,56439,41,26317,327,28399,43,1723,319,13036,90,22489,362,35525,California
Humboldt,2021-03-24,1415,57854,389,26706,978,29377,48,1771,1038,13752,369,22858,1085,36610,California
Humboldt,2021-03-25,1835,59689,1210,27916,563,29940,62,1833,947,13875,886,23744,1009,37619,California
Humboldt,2021-03-26,2040,61729,437,28353,1546,31486,57,1890,1594,15084,441,24185,1650,39269,California
Humboldt,2021-03-27,2016,63745,1440,29793,405,31891,171,2061,1142,15527,870,25055,1313,40582,California
Humboldt,2021-03-28,266,64011,81,29874,114,32005,71,2132,85,15503,181,25236,157,40739,California
Humboldt,2021-03-29,470,64481,127,30001,248,32253,95,2227,201,15530,268,25504,295,41034,California
Humboldt,2021-03-30,941,65422,304,30305,523,32776,114,2341,561,15829,375,25879,674,41708,California
Humboldt,2021-03-31,1861,67283,517,30822,1248,34024,96,2437,1408,16885,450,26329,1506,43214,California
Humboldt,2021-04-01,2110,69393,705,31527,1311,35335,94,2531,1479,17835,624,26953,1574,44788,California
Humboldt,2021-04-02,1725,71118,1110,32637,510,35845,105,2636,623,17466,1097,28050,728,45516,California
Humboldt,2021-04-03,1667,72785,1507,34144,145,35990,15,2651,672,17168,985,29035,687,46203,California
Humboldt,2021-04-04,483,73268,371,34515,103,36093,9,2660,405,17505,78,29113,415,46618,California
Humboldt,2021-04-05,774,74042,460,34975,266,36359,48,2708,440,17661,332,29445,488,47106,California
Humboldt,2021-04-06,840,74882,317,35292,389,36748,134,2842,587,18133,247,29692,719,47825,California
Humboldt,2021-04-07,1492,76374,1061,36353,291,37039,140,2982,988,18759,502,30194,1128,48953,California
Humboldt,2021-04-08,1737,78111,1086,37439,493,37532,158,3140,737,18656,998,31192,895,49848,California
Humboldt,2021-04-09,1432,79543,432,37871,846,38378,154,3294,1146,19662,286,31478,1292,51140,California
Humboldt,2021-04-10,934,80477,137,38008,621,38999,176,3470,733,20370,199,31677,907,52047,California
Humboldt,2021-04-11,639,81116,137,38145,35,39034,467,3937,127,20451,512,32189,593,52640,California
Humboldt,2021-04-12,432,81548,224,38369,83,39117,125,4062,274,20692,158,32347,399,53039,California
Humboldt,2021-04-13,584,82132,321,38690,260,39377,3,4065,550,21213,31,32378,552,53591,California
Humboldt,2021-04-14,1426,83558,1030,39720,396,39773,0,4065,1313,22415,111,32489,1313,54904,California
Humboldt,2021-04-15,1816,85374,1196,40916,616,40389,4,4069,1248,23115,550,33039,1250,56154,California
Humboldt,2021-04-16,1124,86498,520,41436,604,40993,0,4069,538,23071,582,33621,538,56692,California
Humboldt,2021-04-17,1601,88099,1278,42714,323,41316,0,4069,1010,23496,585,34206,1010,57702,California
Humboldt,2021-04-18,657,88756,344,43058,312,41628,1,4070,94,23033,557,34763,94,57796,California
Humboldt,2021-04-19,198,88954,84,43142,114,41742,0,4070,83,23003,113,34876,83,57879,California
Humboldt,2021-04-20,477,89431,129,43271,348,42090,0,4070,231,22989,245,35121,231,58110,California
Humboldt,2021-04-21,1086,90517,376,43647,710,42800,0,4070,429,22772,647,35768,430,58540,California
Humboldt,2021-04-22,876,91393,523,44170,351,43151,2,4072,442,22782,432,36200,442,58982,California
Humboldt,2021-04-23,2156,93549,304,44474,1852,45003,0,4072,312,21253,1841,38041,312,59294,California
Humboldt,2021-04-24,1083,94632,880,45354,198,45201,5,4077,362,20901,719,38760,367,59661,California
Humboldt,2021-04-25,374,95006,239,45593,135,45336,0,4077,190,20910,181,38941,190,59851,California
Humboldt,2021-04-26,306,95312,212,45805,90,45426,4,4081,87,20782,217,39158,89,59940,California
Humboldt,2021-04-27,698,96010,226,46031,454,45880,18,4099,143,20390,553,39711,161,60101,California
Humboldt,2021-04-28,1538,97548,796,46827,697,46577,45,4144,398,19695,1138,40849,443,60544,California
Humboldt,2021-04-29,1722,99270,578,47405,1106,47683,38,4182,278,18571,1440,42289,316,60860,California
Humboldt,2021-04-30,1248,100518,392,47797,822,48505,34,4216,195,17751,1047,43336,227,61087,California
Humboldt,2021-05-01,459,100977,378,48175,59,48564,22,4238,283,17881,175,43511,305,61392,California
Humboldt,2021-05-02,227,101204,182,48357,36,48600,9,4247,113,17891,113,43624,123,61515,California
Humboldt,2021-05-03,609,101813,376,48733,209,48809,24,4271,97,17503,510,44134,122,61637,California
Humboldt,2021-05-04,815,102628,480,49213,291,49100,44,4315,246,17226,566,44700,289,61926,California
Humboldt,2021-05-05,1684,104312,1074,50287,553,49653,57,4372,180,15964,1497,46197,235,62161,California
Humboldt,2021-05-06,1688,106000,1073,51360,363,50016,252,4624,138,14808,1547,47744,391,62552,California
Humboldt,2021-05-07,1421,107421,304,51664,1058,51074,59,4683,236,13918,1183,48927,293,62845,California
Humboldt,2021-05-08,704,108125,110,51774,571,51645,23,4706,89,13416,614,49541,112,62957,California
Humboldt,2021-05-09,907,109032,855,52629,42,51687,10,4716,48,12615,859,50400,58,63015,California
Humboldt,2021-05-10,213,109245,36,52665,140,51827,37,4753,81,12601,132,50532,118,63133,California
Humboldt,2021-05-11,489,109734,147,52812,271,52098,71,4824,184,12551,305,50837,255,63388,California
Humboldt,2021-05-12,575,110309,121,52933,412,52510,42,4866,203,12425,371,51208,245,63633,California
Humboldt,2021-05-13,489,110798,229,53162,235,52745,25,4891,205,12373,282,51490,230,63863,California
Humboldt,2021-05-14,688,111486,134,53296,451,53196,103,4994,227,12244,458,51948,329,64192,California
Humboldt,2021-05-15,780,112266,641,53937,131,53327,8,5002,209,11891,570,52518,217,64409,California
Humboldt,2021-05-16,126,112392,55,53992,67,53394,4,5006,72,11913,54,52572,76,64485,California
Humboldt,2021-05-17,394,112786,212,54204,160,53554,22,5028,219,11980,173,52745,240,64725,California
Humboldt,2021-05-18,657,113443,326,54530,302,53856,29,5057,366,12085,290,53035,395,65120,California
Humboldt,2021-05-19,949,114392,528,55058,378,54234,43,5100,336,11853,609,53644,377,65497,California
Humboldt,2021-05-20,682,115074,510,55568,159,54393,13,5113,511,12209,168,53812,524,66021,California
Humboldt,2021-05-21,717,115791,191,55759,475,54868,51,5164,264,12071,453,54265,315,66336,California
Humboldt,2021-05-22,339,116130,264,56023,68,54936,7,5171,95,11930,243,54508,102,66438,California
Humboldt,2021-05-23,342,116472,297,56320,42,54978,3,5174,56,11703,286,54794,59,66497,California
Humboldt,2021-05-24,158,116630,87,56407,56,55034,15,5189,81,11722,77,54871,96,66593,California
Imperial,2020-12-16,1,1,1,1,0,0,0,0,1,1,0,0,1,1,California
Imperial,2020-12-17,5,6,5,6,0,0,0,0,5,6,0,0,5,6,California
Imperial,2020-12-18,12,18,12,18,0,0,0,0,12,18,0,0,12,18,California
Imperial,2020-12-20,2,20,2,20,0,0,0,0,2,20,0,0,2,20,California
Imperial,2020-12-21,186,206,186,206,0,0,0,0,186,206,0,0,186,206,California
Imperial,2020-12-22,241,447,239,445,2,2,0,0,241,447,0,0,241,447,California
Imperial,2020-12-23,211,658,210,655,1,3,0,0,210,657,0,0,210,657,California
Imperial,2020-12-24,5,663,5,660,0,3,0,0,5,662,0,0,5,662,California
Imperial,2020-12-26,1,664,0,660,1,4,0,0,1,663,0,0,1,663,California
Imperial,2020-12-27,62,726,0,660,62,66,0,0,62,725,0,0,62,725,California
Imperial,2020-12-28,214,940,114,774,100,166,0,0,214,939,0,0,214,939,California
Imperial,2020-12-29,189,1129,36,810,153,319,0,0,189,1128,0,0,189,1128,California
Imperial,2020-12-30,366,1495,50,860,316,635,0,0,366,1494,0,0,366,1494,California
Imperial,2020-12-31,197,1692,26,886,171,806,0,0,197,1691,0,0,197,1691,California
Imperial,2021-01-01,47,1739,5,891,42,848,0,0,47,1738,0,0,47,1738,California
Imperial,2021-01-02,4,1743,0,891,4,852,0,0,4,1742,0,0,4,1742,California
Imperial,2021-01-03,90,1833,0,891,90,942,0,0,90,1832,0,0,90,1832,California
Imperial,2021-01-04,85,1918,5,896,80,1022,0,0,85,1917,0,0,85,1917,California
Imperial,2021-01-05,174,2092,14,910,160,1182,0,0,174,2091,0,0,174,2091,California
Imperial,2021-01-06,190,2282,25,935,165,1347,0,0,189,2279,1,1,189,2280,California
Imperial,2021-01-07,323,2605,11,946,312,1659,0,0,319,2594,4,5,319,2599,California
Imperial,2021-01-08,192,2797,52,998,140,1799,0,0,182,2766,10,15,182,2781,California
Imperial,2021-01-09,24,2821,21,1019,3,1802,0,0,24,2790,0,15,24,2805,California
Imperial,2021-01-10,1,2822,0,1019,1,1803,0,0,1,2791,0,15,1,2806,California
Imperial,2021-01-11,403,3225,244,1263,159,1962,0,0,175,2738,228,243,175,2981,California
Imperial,2021-01-12,404,3629,302,1565,102,2064,0,0,142,2619,261,504,142,3123,California
Imperial,2021-01-13,379,4008,133,1698,246,2310,0,0,280,2800,99,603,280,3403,California
Imperial,2021-01-14,261,4269,151,1849,110,2420,0,0,255,3050,5,608,255,3658,California
Imperial,2021-01-15,241,4510,182,2031,59,2479,0,0,234,3277,7,615,234,3892,California
Imperial,2021-01-16,78,4588,74,2105,4,2483,0,0,77,3353,1,616,77,3969,California
Imperial,2021-01-17,10,4598,2,2107,8,2491,0,0,10,3363,0,616,10,3979,California
Imperial,2021-01-18,1058,5656,399,2506,659,3150,0,0,960,4226,98,714,961,4940,California
Imperial,2021-01-19,165,5821,129,2635,36,3186,0,0,118,4297,47,761,118,5058,California
Imperial,2021-01-20,293,6114,196,2831,97,3283,0,0,255,4514,38,799,255,5313,California
Imperial,2021-01-21,416,6530,183,3014,233,3516,0,0,396,4890,20,819,396,5709,California
Imperial,2021-01-22,457,6987,189,3203,268,3784,0,0,448,5329,9,828,448,6157,California
Imperial,2021-01-23,1040,8027,290,3493,750,4534,0,0,1039,6367,1,829,1039,7196,California
Imperial,2021-01-24,11,8038,4,3497,7,4541,0,0,11,6378,0,829,11,7207,California
Imperial,2021-01-25,214,8252,5,3502,209,4750,0,0,34,6234,178,1007,34,7241,California
Imperial,2021-01-26,364,8616,185,3687,179,4929,0,0,221,6312,143,1150,221,7462,California
Imperial,2021-01-27,570,9186,162,3849,408,5337,0,0,237,6216,333,1483,237,7699,California
Imperial,2021-01-28,633,9819,160,4009,473,5810,0,0,525,6633,108,1591,525,8224,California
Imperial,2021-01-29,424,10243,296,4305,128,5938,0,0,374,6957,50,1641,374,8598,California
Imperial,2021-01-30,56,10299,31,4336,25,5963,0,0,39,6979,17,1658,39,8637,California
Imperial,2021-01-31,17,10316,7,4343,10,5973,0,0,16,6994,1,1659,16,8653,California
Imperial,2021-02-01,421,10737,55,4398,366,6339,0,0,210,6995,209,1868,210,8863,California
Imperial,2021-02-02,683,11420,56,4454,627,6966,0,0,502,7316,181,2049,502,9365,California
Imperial,2021-02-03,459,11879,51,4505,408,7374,0,0,263,7384,195,2244,263,9628,California
Imperial,2021-02-04,1722,13601,1200,5705,522,7896,0,0,1407,8478,313,2557,1407,11035,California
Imperial,2021-02-05,391,13992,243,5948,148,8044,0,0,157,8400,235,2792,157,11192,California
Imperial,2021-02-06,862,14854,837,6785,25,8069,0,0,826,9189,37,2829,826,12018,California
Imperial,2021-02-07,21,14875,9,6794,12,8081,0,0,20,9208,1,2830,20,12038,California
Imperial,2021-02-08,249,15124,42,6836,207,8288,0,0,181,9321,68,2898,181,12219,California
Imperial,2021-02-09,464,15588,147,6983,317,8605,0,0,306,9469,158,3056,306,12525,California
Imperial,2021-02-10,459,16047,56,7039,403,9008,0,0,96,9203,363,3419,97,12622,California
Imperial,2021-02-11,1024,17071,367,7406,657,9665,0,0,146,8476,873,4292,146,12768,California
Imperial,2021-02-12,2130,19201,1410,8816,720,10385,0,0,1781,9905,352,4644,1781,14549,California
Imperial,2021-02-13,47,19248,18,8834,29,10414,0,0,42,9940,8,4652,43,14592,California
Imperial,2021-02-14,24,19272,12,8846,12,10426,0,0,21,9958,3,4655,21,14613,California
Imperial,2021-02-15,95,19367,11,8857,84,10510,0,0,84,10031,11,4666,84,14697,California
Imperial,2021-02-16,514,19881,267,9124,247,10757,0,0,293,10103,221,4887,293,14990,California
Imperial,2021-02-17,439,20320,285,9409,154,10911,0,0,83,9830,356,5243,83,15073,California
Imperial,2021-02-18,646,20966,308,9717,338,11249,0,0,140,9465,505,5748,140,15213,California
Imperial,2021-02-19,770,21736,383,10100,387,11636,0,0,195,9086,574,6322,195,15408,California
Imperial,2021-02-20,1041,22777,191,10291,850,12486,0,0,327,8703,712,7034,329,15737,California
Imperial,2021-02-21,591,23368,557,10848,34,12520,0,0,580,9273,10,7044,580,16317,California
Imperial,2021-02-22,806,24174,567,11415,239,12759,0,0,757,9981,49,7093,757,17074,California
Imperial,2021-02-23,963,25137,395,11810,568,13327,0,0,908,10835,55,7148,909,17983,California
Imperial,2021-02-24,718,25855,302,12112,416,13743,0,0,621,11360,96,7244,621,18604,California
Imperial,2021-02-25,857,26712,341,12453,516,14259,0,0,489,11487,367,7611,494,19098,California
Imperial,2021-02-26,2277,28989,1351,13804,926,15185,0,0,1800,12812,476,8087,1801,20899,California
Imperial,2021-02-27,867,29856,812,14616,55,15240,0,0,131,12206,738,8825,132,21031,California
Imperial,2021-02-28,32,29888,20,14636,12,15252,0,0,22,12218,10,8835,22,21053,California
Imperial,2021-03-01,499,30387,296,14932,201,15453,2,2,432,12589,64,8899,435,21488,California
Imperial,2021-03-02,676,31063,246,15178,430,15883,0,2,386,12689,288,9187,388,21876,California
Imperial,2021-03-03,927,31990,49,15227,877,16760,1,3,558,12893,366,9553,570,22446,California
Imperial,2021-03-04,755,32745,85,15312,669,17429,1,4,492,13154,261,9814,522,22968,California
Imperial,2021-03-05,2951,35696,2201,17513,750,18179,0,4,1611,13424,1343,11157,1613,24581,California
Imperial,2021-03-06,704,36400,238,17751,466,18645,0,4,659,14045,42,11199,663,25244,California
Imperial,2021-03-07,85,36485,41,17792,44,18689,0,4,60,14082,24,11223,61,25305,California
Imperial,2021-03-08,415,36900,331,18123,49,18738,35,39,362,14427,52,11275,397,25702,California
Imperial,2021-03-09,682,37582,311,18434,124,18862,247,286,398,14787,284,11559,644,26346,California
Imperial,2021-03-10,685,38267,313,18747,267,19129,105,391,322,14852,362,11921,427,26773,California
Imperial,2021-03-11,1794,40061,479,19226,1123,20252,192,583,1192,15648,599,12520,1395,28168,California
Imperial,2021-03-12,4697,44758,3440,22666,1071,21323,186,769,3005,17152,1687,14207,3191,31359,California
Imperial,2021-03-13,1157,45915,94,22760,838,22161,225,994,861,17950,293,14500,1091,32450,California
Imperial,2021-03-14,176,46091,36,22796,126,22287,14,1008,140,18069,36,14536,155,32605,California
Imperial,2021-03-15,686,46777,227,23023,200,22487,259,1267,389,18422,295,14831,648,33253,California
Imperial,2021-03-16,1102,47879,275,23298,360,22847,467,1734,551,18890,549,15380,1017,34270,California
Imperial,2021-03-17,1600,49479,692,23990,771,23618,137,1871,1015,19465,578,15958,1153,35423,California
Imperial,2021-03-18,1805,51284,1193,25183,552,24170,60,1931,1271,20267,531,16489,1333,36756,California
Imperial,2021-03-19,3738,55022,2742,27925,993,25163,3,1934,1886,20313,1844,18333,1890,38646,California
Imperial,2021-03-20,1761,56783,553,28478,1203,26366,5,1939,1313,21195,442,18775,1324,39970,California
Imperial,2021-03-21,217,57000,35,28513,178,26544,4,1943,159,21304,58,18833,167,40137,California
Imperial,2021-03-22,1047,58047,339,28852,701,27245,7,1950,622,21511,424,19257,631,40768,California
Imperial,2021-03-23,1422,59469,436,29288,979,28224,7,1957,921,21943,498,19755,930,41698,California
Imperial,2021-03-24,2125,61594,562,29850,1138,29362,425,2382,1149,22543,973,20728,1573,43271,California
Imperial,2021-03-25,3194,64788,690,30540,885,30247,1619,4001,1195,23353,1994,22722,2804,46075,California
Imperial,2021-03-26,3175,67963,1173,31713,1024,31271,978,4979,905,22976,2259,24981,1882,47957,California
Imperial,2021-03-27,613,68576,284,31997,277,31548,52,5031,445,23308,165,25146,497,48454,California
Imperial,2021-03-28,210,68786,51,32048,157,31705,2,5033,172,23445,37,25183,174,48628,California
Imperial,2021-03-29,1456,70242,348,32396,393,32098,715,5748,320,23345,1134,26317,1034,49662,California
Imperial,2021-03-30,2085,72327,686,33082,593,32691,806,6554,684,23435,1401,27718,1491,51153,California
Imperial,2021-03-31,1542,73869,728,33810,808,33499,6,6560,1022,23945,517,28235,1027,52180,California
Imperial,2021-04-01,1953,75822,420,34230,1291,34790,242,6802,868,23974,1080,29315,1109,53289,California
Imperial,2021-04-02,1930,77752,475,34705,1381,36171,74,6876,1318,24757,607,29922,1390,54679,California
Imperial,2021-04-03,1519,79271,430,35135,1010,37181,79,6955,703,24726,813,30735,782,55461,California
Imperial,2021-04-04,85,79356,40,35175,28,37209,17,6972,23,24704,62,30797,40,55501,California
Imperial,2021-04-05,3397,82753,2318,37493,914,38123,165,7137,803,23088,2584,33381,968,56469,California
Imperial,2021-04-06,1306,84059,527,38020,590,38713,189,7326,683,23342,619,34000,873,57342,California
Imperial,2021-04-07,2157,86216,555,38575,1225,39938,377,7703,1557,24671,604,34604,1933,59275,California
Imperial,2021-04-08,2194,88410,1073,39648,825,40763,296,7999,1067,24909,1124,35728,1362,60637,California
Imperial,2021-04-09,3192,91602,1649,41297,927,41690,616,8615,1500,25339,1686,37414,2116,62753,California
Imperial,2021-04-10,1278,92880,184,41481,822,42512,272,8887,215,24762,1061,38475,484,63237,California
Imperial,2021-04-11,218,93098,30,41511,157,42669,31,8918,75,24725,143,38618,106,63343,California
Imperial,2021-04-12,1435,94533,767,42278,447,43116,221,9139,814,25143,617,39235,1035,64378,California
Imperial,2021-04-13,2903,97436,1891,44169,1010,44126,2,9141,2026,26296,873,40108,2026,66404,California
Imperial,2021-04-14,2022,99458,943,45112,1079,45205,0,9141,1391,27063,625,40733,1392,67796,California
Imperial,2021-04-15,1976,101434,908,46020,1068,46273,0,9141,1354,27801,618,41351,1356,69152,California
Imperial,2021-04-16,3442,104876,1795,47815,1647,47920,0,9141,2151,28675,1278,42629,2152,71304,California
Imperial,2021-04-17,1815,106691,933,48748,880,48800,2,9143,1417,29702,393,43022,1420,72724,California
Imperial,2021-04-18,251,106942,69,48817,182,48982,0,9143,88,29628,162,43184,88,72812,California
Imperial,2021-04-19,837,107779,267,49084,570,49552,0,9143,467,29731,368,43552,471,73283,California
Imperial,2021-04-20,1320,109099,527,49611,793,50345,0,9143,738,29891,579,44131,739,74022,California
Imperial,2021-04-21,1370,110469,338,49949,1032,51377,0,9143,795,30116,570,44701,795,74817,California
Imperial,2021-04-22,2210,112679,806,50755,1404,52781,0,9143,1507,30932,693,45394,1509,76326,California
Imperial,2021-04-23,2799,115478,532,51287,2267,55048,0,9143,1081,30329,1688,47082,1085,77411,California
Imperial,2021-04-24,549,116027,326,51613,223,55271,0,9143,199,30181,347,47429,199,77610,California
Imperial,2021-04-25,264,116291,97,51710,167,55438,0,9143,134,30187,128,47557,134,77744,California
Imperial,2021-04-26,1138,117429,459,52169,676,56114,3,9146,683,30422,451,48008,686,78430,California
Imperial,2021-04-27,1044,118473,342,52511,693,56807,9,9155,528,30448,511,48519,537,78967,California
Imperial,2021-04-28,1478,119951,637,53148,812,57619,29,9184,668,30340,805,49324,697,79664,California
Imperial,2021-04-29,1792,121743,856,54004,890,58509,46,9230,811,30225,973,50297,858,80522,California
Imperial,2021-04-30,3208,124951,1667,55671,1508,60017,33,9263,1566,30195,1630,51927,1600,82122,California
Imperial,2021-05-01,314,125265,123,55794,188,60205,3,9266,159,30203,155,52082,163,82285,California
Imperial,2021-05-02,83,125348,25,55819,56,60261,2,9268,51,30225,32,52114,54,82339,California
Imperial,2021-05-03,1618,126966,542,56361,1029,61290,47,9315,370,29404,1239,53353,418,82757,California
Imperial,2021-05-04,1735,128701,953,57314,755,62045,27,9342,531,28765,1197,54550,558,83315,California
Imperial,2021-05-05,1502,130203,891,58205,590,62635,21,9363,440,28176,1051,55601,462,83777,California
Imperial,2021-05-06,1661,131864,1107,59312,519,63154,35,9398,530,27616,1125,56726,565,84342,California
Imperial,2021-05-07,2199,134063,1281,60593,873,64027,45,9443,798,27075,1386,58112,845,85187,California
Imperial,2021-05-08,553,134616,414,61007,131,64158,8,9451,160,26858,385,58497,168,85355,California
Imperial,2021-05-09,94,134710,63,61070,30,64188,1,9452,28,26824,63,58560,29,85384,California
Imperial,2021-05-10,985,135695,257,61327,605,64793,123,9575,278,26524,700,59260,400,85784,California
Imperial,2021-05-11,1325,137020,451,61778,855,65648,19,9594,464,26157,854,60114,487,86271,California
Imperial,2021-05-12,708,137728,257,62035,413,66061,38,9632,263,26017,441,60555,301,86572,California
Imperial,2021-05-13,1398,139126,929,62964,398,66459,71,9703,622,25943,767,61322,693,87265,California
Imperial,2021-05-14,1564,140690,904,63868,608,67067,52,9755,1075,26589,481,61803,1127,88392,California
Imperial,2021-05-15,1166,141856,460,64328,686,67753,20,9775,453,26356,707,62510,474,88866,California
Imperial,2021-05-16,118,141974,80,64408,36,67789,2,9777,47,26335,70,62580,49,88915,California
Imperial,2021-05-17,1689,143663,618,65026,1035,68824,36,9813,593,25873,1092,63672,630,89545,California
Imperial,2021-05-18,1349,145012,720,65746,565,69389,64,9877,769,26131,576,64248,834,90379,California
Imperial,2021-05-19,1168,146180,563,66309,539,69928,66,9943,554,26142,609,64857,620,90999,California
Imperial,2021-05-20,1200,147380,817,67126,326,70254,57,10000,555,26118,637,65494,613,91612,California
Imperial,2021-05-21,1463,148843,904,68030,506,70760,53,10053,730,26172,729,66223,783,92395,California
Imperial,2021-05-22,210,149053,131,68161,62,70822,17,10070,97,26176,110,66333,114,92509,California
Imperial,2021-05-23,66,149119,19,68180,39,70861,8,10078,22,26165,41,66374,30,92539,California
Imperial,2021-05-24,1001,150120,504,68684,448,71309,49,10127,370,25959,624,66998,418,92957,California
Inyo,2020-12-19,85,85,85,85,0,0,0,0,85,85,0,0,85,85,California
Inyo,2020-12-20,58,143,58,143,0,0,0,0,58,143,0,0,58,143,California
Inyo,2020-12-21,88,231,85,228,3,3,0,0,88,231,0,0,88,231,California
Inyo,2020-12-22,105,336,105,333,0,3,0,0,105,336,0,0,105,336,California
Inyo,2020-12-23,70,406,67,400,3,6,0,0,70,406,0,0,70,406,California
Inyo,2020-12-24,16,422,16,416,0,6,0,0,16,422,0,0,16,422,California
Inyo,2020-12-25,1,423,0,416,1,7,0,0,1,423,0,0,1,423,California
Inyo,2020-12-26,74,497,74,490,0,7,0,0,74,497,0,0,74,497,California
Inyo,2020-12-28,48,545,36,526,12,19,0,0,48,545,0,0,48,545,California
Inyo,2020-12-29,19,564,19,545,0,19,0,0,19,564,0,0,19,564,California
Inyo,2020-12-30,56,620,54,599,2,21,0,0,56,620,0,0,56,620,California
Inyo,2020-12-31,29,649,0,599,29,50,0,0,29,649,0,0,29,649,California
Inyo,2021-01-01,1,650,0,599,1,51,0,0,1,650,0,0,1,650,California
Inyo,2021-01-03,1,651,0,599,1,52,0,0,1,651,0,0,1,651,California
Inyo,2021-01-04,2,653,1,600,1,53,0,0,2,653,0,0,2,653,California
Inyo,2021-01-05,34,687,0,600,34,87,0,0,34,687,0,0,34,687,California
Inyo,2021-01-06,68,755,0,600,68,155,0,0,68,755,0,0,68,755,California
Inyo,2021-01-07,31,786,1,601,30,185,0,0,31,786,0,0,31,786,California
Inyo,2021-01-08,9,795,8,609,1,186,0,0,4,786,5,5,5,791,California
Inyo,2021-01-09,87,882,86,695,1,187,0,0,1,701,86,91,1,792,California
Inyo,2021-01-10,52,934,52,747,0,187,0,0,0,649,52,143,0,792,California
Inyo,2021-01-11,97,1031,82,829,15,202,0,0,16,584,81,224,16,808,California
Inyo,2021-01-12,139,1170,118,947,21,223,0,0,28,501,111,335,28,836,California
Inyo,2021-01-13,86,1256,68,1015,18,241,0,0,21,458,65,400,22,858,California
Inyo,2021-01-14,59,1315,13,1028,46,287,0,0,49,497,10,410,49,907,California
Inyo,2021-01-15,163,1478,28,1056,135,422,0,0,163,660,0,410,163,1070,California
Inyo,2021-01-16,74,1552,73,1129,1,423,0,0,1,588,73,483,1,1071,California
Inyo,2021-01-18,58,1610,36,1165,22,445,0,0,19,568,39,522,19,1090,California
Inyo,2021-01-19,114,1724,72,1237,42,487,0,0,97,648,17,539,97,1187,California
Inyo,2021-01-20,147,1871,71,1308,76,563,0,0,93,687,54,593,93,1280,California
Inyo,2021-01-21,120,1991,57,1365,63,626,0,0,119,805,1,594,119,1399,California
Inyo,2021-01-22,62,2053,0,1365,62,688,0,0,61,865,1,595,61,1460,California
Inyo,2021-01-23,52,2105,52,1417,0,688,0,0,52,917,0,595,52,1512,California
Inyo,2021-01-25,49,2154,6,1423,43,731,0,0,37,942,12,607,37,1549,California
Inyo,2021-01-26,135,2289,54,1477,81,812,0,0,129,1065,6,613,129,1678,California
Inyo,2021-01-27,24,2313,2,1479,22,834,0,0,23,1087,1,614,23,1701,California
Inyo,2021-01-28,92,2405,2,1481,90,924,0,0,63,1121,29,643,63,1764,California
Inyo,2021-01-29,25,2430,3,1484,22,946,0,0,23,1142,2,645,23,1787,California
Inyo,2021-01-30,11,2441,1,1485,10,956,0,0,11,1153,0,645,11,1798,California
Inyo,2021-01-31,32,2473,4,1489,28,984,0,0,4,1129,28,673,4,1802,California
Inyo,2021-02-01,10,2483,9,1498,1,985,0,0,0,1119,10,683,0,1802,California
Inyo,2021-02-02,130,2613,14,1512,116,1101,0,0,104,1197,26,709,104,1906,California
Inyo,2021-02-03,116,2729,0,1512,116,1217,0,0,74,1229,42,751,74,1980,California
Inyo,2021-02-04,151,2880,33,1545,118,1335,0,0,92,1262,59,810,92,2072,California
Inyo,2021-02-05,117,2997,61,1606,56,1391,0,0,115,1375,2,812,115,2187,California
Inyo,2021-02-06,4,3001,2,1608,2,1393,0,0,3,1377,1,813,3,2190,California
Inyo,2021-02-07,4,3005,2,1610,2,1395,0,0,4,1381,0,813,4,2194,California
Inyo,2021-02-08,117,3122,7,1617,110,1505,0,0,97,1458,20,833,97,2291,California
Inyo,2021-02-09,196,3318,52,1669,144,1649,0,0,125,1512,71,904,125,2416,California
Inyo,2021-02-10,141,3459,17,1686,124,1773,0,0,107,1585,34,938,107,2523,California
Inyo,2021-02-11,220,3679,56,1742,164,1937,0,0,126,1617,94,1032,126,2649,California
Inyo,2021-02-12,299,3978,51,1793,248,2185,0,0,167,1652,132,1164,167,2816,California
Inyo,2021-02-13,60,4038,55,1848,5,2190,0,0,8,1608,52,1216,8,2824,California
Inyo,2021-02-14,1,4039,0,1848,1,2191,0,0,1,1609,0,1216,1,2825,California
Inyo,2021-02-15,29,4068,9,1857,20,2211,0,0,5,1590,24,1240,5,2830,California
Inyo,2021-02-16,179,4247,50,1907,129,2340,0,0,92,1596,86,1326,92,2922,California
Inyo,2021-02-17,38,4285,4,1911,34,2374,0,0,8,1574,30,1356,8,2930,California
Inyo,2021-02-18,122,4407,6,1917,116,2490,0,0,79,1610,43,1399,79,3009,California
Inyo,2021-02-19,52,4459,4,1921,48,2538,0,0,9,1576,43,1442,9,3018,California
Inyo,2021-02-20,507,4966,503,2424,4,2542,0,0,505,2079,2,1444,505,3523,California
Inyo,2021-02-21,441,5407,441,2865,0,2542,0,0,441,2520,0,1444,441,3964,California
Inyo,2021-02-22,61,5468,19,2884,42,2584,0,0,27,2513,34,1478,27,3991,California
Inyo,2021-02-23,199,5667,20,2904,179,2763,0,0,95,2505,103,1581,95,4086,California
Inyo,2021-02-24,118,5785,0,2904,118,2881,0,0,57,2501,61,1642,57,4143,California
Inyo,2021-02-25,132,5917,5,2909,127,3008,0,0,62,2493,70,1712,62,4205,California
Inyo,2021-02-26,103,6020,60,2969,43,3051,0,0,19,2428,84,1796,19,4224,California
Inyo,2021-02-27,14,6034,3,2972,11,3062,0,0,2,2418,12,1808,2,4226,California
Inyo,2021-02-28,3,6037,1,2973,2,3064,0,0,2,2419,1,1809,2,4228,California
Inyo,2021-03-01,19,6056,2,2975,17,3081,0,0,17,2434,2,1811,17,4245,California
Inyo,2021-03-02,196,6252,1,2976,195,3276,0,0,111,2460,85,1896,111,4356,California
Inyo,2021-03-03,84,6336,3,2979,81,3357,0,0,41,2458,43,1939,41,4397,California
Inyo,2021-03-04,128,6464,4,2983,124,3481,0,0,46,2422,82,2021,46,4443,California
Inyo,2021-03-05,141,6605,56,3039,85,3566,0,0,38,2357,103,2124,38,4481,California
Inyo,2021-03-06,30,6635,1,3040,29,3595,0,0,29,2385,1,2125,29,4510,California
Inyo,2021-03-07,7,6642,4,3044,3,3598,0,0,5,2388,2,2127,5,4515,California
Inyo,2021-03-08,182,6824,5,3049,177,3775,0,0,91,2388,91,2218,91,4606,California
Inyo,2021-03-09,190,7014,3,3052,187,3962,0,0,74,2346,116,2334,74,4680,California
Inyo,2021-03-10,70,7084,8,3060,61,4023,1,1,30,2337,40,2374,31,4711,California
Inyo,2021-03-11,204,7288,1,3061,198,4221,5,6,74,2286,130,2504,79,4790,California
Inyo,2021-03-12,175,7463,4,3065,166,4387,5,11,77,2270,98,2602,82,4872,California
Inyo,2021-03-13,584,8047,549,3614,25,4412,10,21,72,1841,511,3113,82,4954,California
Inyo,2021-03-14,439,8486,438,4052,1,4413,0,21,5,1412,434,3547,5,4959,California
Inyo,2021-03-15,51,8537,15,4067,34,4447,2,23,30,1423,21,3568,32,4991,California
Inyo,2021-03-16,163,8700,4,4071,153,4600,6,29,63,1393,99,3667,69,5060,California
Inyo,2021-03-17,108,8808,3,4074,98,4698,7,36,92,1476,16,3683,99,5159,California
Inyo,2021-03-18,185,8993,16,4090,162,4860,7,43,104,1506,81,3764,111,5270,California
Inyo,2021-03-19,46,9039,4,4094,38,4898,4,47,36,1536,10,3774,40,5310,California
Inyo,2021-03-20,20,9059,1,4095,10,4908,9,56,1,1527,19,3793,10,5320,California
Inyo,2021-03-22,58,9117,2,4097,51,4959,5,61,38,1550,20,3813,43,5363,California
Inyo,2021-03-23,195,9312,4,4101,187,5146,4,65,105,1569,90,3903,109,5472,California
Inyo,2021-03-24,140,9452,3,4104,133,5279,4,69,86,1605,54,3957,90,5562,California
Inyo,2021-03-25,331,9783,110,4214,218,5497,3,72,265,1807,66,4023,268,5830,California
Inyo,2021-03-26,91,9874,3,4217,84,5581,4,76,71,1862,20,4043,75,5905,California
Inyo,2021-03-27,53,9927,45,4262,5,5586,3,79,47,1906,6,4049,50,5955,California
Inyo,2021-03-28,4,9931,1,4263,2,5588,1,80,1,1905,3,4052,2,5957,California
Inyo,2021-03-29,109,10040,2,4265,102,5690,5,85,82,1966,26,4078,87,6044,California
Inyo,2021-03-30,220,10260,2,4267,213,5903,5,90,108,1967,112,4190,113,6157,California
Inyo,2021-03-31,149,10409,4,4271,140,6043,5,95,108,2039,41,4231,113,6270,California
Inyo,2021-04-01,166,10575,4,4275,161,6204,1,96,117,2108,49,4280,118,6388,California
Inyo,2021-04-02,80,10655,1,4276,77,6281,2,98,51,2132,29,4309,53,6441,California
Inyo,2021-04-03,93,10748,47,4323,32,6313,14,112,5,2064,86,4395,18,6459,California
Inyo,2021-04-04,5,10753,4,4327,0,6313,1,113,1,2062,4,4399,2,6461,California
Inyo,2021-04-05,117,10870,1,4328,112,6425,4,117,29,2007,88,4487,33,6494,California
Inyo,2021-04-06,235,11105,5,4333,167,6592,63,180,103,2041,132,4619,166,6660,California
Inyo,2021-04-07,203,11308,2,4335,74,6666,127,307,47,2058,157,4776,174,6834,California
Inyo,2021-04-08,179,11487,15,4350,147,6813,17,324,80,2056,99,4875,97,6931,California
Inyo,2021-04-09,125,11612,7,4357,95,6908,23,347,38,2031,86,4961,61,6992,California
Inyo,2021-04-10,42,11654,1,4358,24,6932,17,364,3,2012,39,5000,20,7012,California
Inyo,2021-04-11,1,11655,0,4358,1,6933,0,364,1,2013,0,5000,1,7013,California
Inyo,2021-04-12,79,11734,0,4358,74,7007,5,369,41,2021,38,5038,46,7059,California
Inyo,2021-04-13,119,11853,4,4362,112,7119,3,372,61,2028,57,5095,64,7123,California
Inyo,2021-04-14,127,11980,2,4364,125,7244,0,372,42,1985,85,5180,42,7165,California
Inyo,2021-04-15,275,12255,117,4481,158,7402,0,372,79,1868,196,5376,79,7244,California
Inyo,2021-04-16,47,12302,5,4486,42,7444,0,372,19,1859,28,5404,19,7263,California
Inyo,2021-04-17,2,12304,1,4487,1,7445,0,372,1,1859,1,5405,1,7264,California
Inyo,2021-04-19,128,12432,43,4530,85,7530,0,372,43,1817,85,5490,43,7307,California
Inyo,2021-04-20,163,12595,2,4532,161,7691,0,372,79,1812,84,5574,79,7386,California
Inyo,2021-04-21,113,12708,4,4536,109,7800,0,372,32,1763,81,5655,32,7418,California
Inyo,2021-04-22,196,12904,1,4537,195,7995,0,372,51,1669,145,5800,51,7469,California
Inyo,2021-04-23,95,12999,4,4541,91,8086,0,372,22,1618,73,5873,22,7491,California
Inyo,2021-04-24,309,13308,308,4849,1,8087,0,372,304,1917,5,5878,304,7795,California
Inyo,2021-04-25,135,13443,134,4983,1,8088,0,372,135,2052,0,5878,135,7930,California
Inyo,2021-04-26,91,13534,0,4983,90,8178,1,373,10,1982,81,5959,11,7941,California
Inyo,2021-04-27,180,13714,6,4989,169,8347,5,378,43,1894,136,6095,48,7989,California
Inyo,2021-04-28,121,13835,2,4991,117,8464,2,380,20,1815,101,6196,22,8011,California
Inyo,2021-04-29,172,14007,56,5047,116,8580,0,380,77,1798,94,6290,77,8088,California
Inyo,2021-04-30,85,14092,5,5052,79,8659,1,381,24,1762,61,6351,25,8113,California
Inyo,2021-05-01,11,14103,3,5055,8,8667,0,381,9,1769,2,6353,9,8122,California
Inyo,2021-05-02,7,14110,3,5058,2,8669,2,383,4,1772,3,6356,6,8128,California
Inyo,2021-05-03,38,14148,1,5059,33,8702,4,387,5,1748,33,6389,9,8137,California
Inyo,2021-05-04,123,14271,2,5061,117,8819,4,391,22,1673,101,6490,26,8163,California
Inyo,2021-05-05,35,14306,0,5061,33,8852,2,393,11,1662,24,6514,13,8176,California
Inyo,2021-05-06,93,14399,5,5066,80,8932,8,401,13,1603,80,6594,21,8197,California
Inyo,2021-05-07,48,14447,4,5070,36,8968,8,409,24,1612,23,6617,32,8229,California
Inyo,2021-05-08,11,14458,2,5072,4,8972,5,414,4,1614,7,6624,9,8238,California
Inyo,2021-05-09,1,14459,0,5072,1,8973,0,414,0,1613,1,6625,0,8238,California
Inyo,2021-05-10,69,14528,1,5073,66,9039,2,416,30,1607,39,6664,33,8271,California
Inyo,2021-05-11,86,14614,1,5074,82,9121,3,419,20,1564,66,6730,23,8294,California
Inyo,2021-05-12,43,14657,1,5075,40,9161,2,421,11,1545,32,6762,13,8307,California
Inyo,2021-05-13,74,14731,1,5076,72,9233,1,422,11,1494,63,6825,12,8319,California
Inyo,2021-05-14,26,14757,3,5079,18,9251,5,427,12,1497,14,6839,17,8336,California
Inyo,2021-05-15,380,15137,367,5446,11,9262,2,429,87,1293,293,7132,89,8425,California
Inyo,2021-05-16,198,15335,198,5644,0,9262,0,429,71,1237,127,7259,71,8496,California
Inyo,2021-05-17,62,15397,2,5646,56,9318,4,433,19,1217,43,7302,23,8519,California
Inyo,2021-05-18,82,15479,2,5648,79,9397,1,434,17,1170,65,7367,18,8537,California
Inyo,2021-05-19,48,15527,2,5650,41,9438,5,439,14,1155,34,7401,19,8556,California
Inyo,2021-05-20,144,15671,81,5731,62,9500,1,440,34,1080,110,7511,35,8591,California
Inyo,2021-05-21,44,15715,16,5747,23,9523,5,445,16,1073,28,7539,21,8612,California
Inyo,2021-05-22,24,15739,14,5761,7,9530,3,448,17,1086,7,7546,20,8632,California
Inyo,2021-05-23,4,15743,3,5764,0,9530,1,449,2,1087,2,7548,3,8635,California
Inyo,2021-05-24,9,15752,1,5765,6,9536,2,451,1,1082,8,7556,3,8638,California
Kern,2020-12-15,1,1,1,1,0,0,0,0,1,1,0,0,1,1,California
Kern,2020-12-16,18,19,18,19,0,0,0,0,18,19,0,0,18,19,California
Kern,2020-12-17,164,183,164,183,0,0,0,0,164,183,0,0,164,183,California
Kern,2020-12-18,322,505,322,505,0,0,0,0,322,505,0,0,322,505,California
Kern,2020-12-19,98,603,98,603,0,0,0,0,99,604,0,0,99,604,California
Kern,2020-12-20,61,664,61,664,0,0,0,0,61,665,0,0,61,665,California
Kern,2020-12-21,671,1335,670,1334,1,1,0,0,671,1336,0,0,671,1336,California
Kern,2020-12-22,530,1865,527,1861,3,4,0,0,530,1866,0,0,530,1866,California
Kern,2020-12-23,558,2423,420,2281,138,142,0,0,558,2424,0,0,558,2424,California
Kern,2020-12-24,122,2545,43,2324,79,221,0,0,122,2546,0,0,122,2546,California
Kern,2020-12-25,1,2546,1,2325,0,221,0,0,1,2547,0,0,1,2547,California
Kern,2020-12-26,33,2579,1,2326,32,253,0,0,33,2580,0,0,33,2580,California
Kern,2020-12-27,35,2614,3,2329,32,285,0,0,35,2615,0,0,35,2615,California
Kern,2020-12-28,827,3441,663,2992,164,449,0,0,827,3442,0,0,827,3442,California
Kern,2020-12-29,745,4186,452,3444,293,742,0,0,744,4185,1,1,744,4186,California
Kern,2020-12-30,1204,5390,911,4355,293,1035,0,0,1204,5389,0,1,1204,5390,California
Kern,2020-12-31,277,5667,99,4454,178,1213,0,0,277,5666,0,1,277,5667,California
Kern,2021-01-01,14,5681,7,4461,7,1220,0,0,14,5680,0,1,14,5681,California
Kern,2021-01-02,79,5760,18,4479,61,1281,0,0,79,5759,0,1,79,5760,California
Kern,2021-01-03,23,5783,4,4483,19,1300,0,0,23,5782,0,1,23,5783,California
Kern,2021-01-04,556,6339,361,4844,195,1495,0,0,556,6338,0,1,556,6339,California
Kern,2021-01-05,1133,7472,738,5582,395,1890,0,0,1121,7447,12,13,1121,7460,California
Kern,2021-01-06,1162,8634,451,6033,711,2601,0,0,1132,8549,30,43,1132,8592,California
Kern,2021-01-07,1401,10035,489,6522,912,3513,0,0,1232,9613,168,211,1232,9824,California
Kern,2021-01-08,1627,11662,768,7290,859,4372,0,0,1329,10644,299,510,1330,11154,California
Kern,2021-01-09,227,11889,77,7367,150,4522,0,0,193,10803,34,544,193,11347,California
Kern,2021-01-10,194,12083,148,7515,46,4568,0,0,153,10915,41,585,153,11500,California
Kern,2021-01-11,1557,13640,985,8500,572,5140,0,0,1001,11360,556,1141,1001,12501,California
Kern,2021-01-12,1869,15509,811,9311,1058,6198,0,0,1358,12207,511,1652,1358,13859,California
Kern,2021-01-13,1851,17360,869,10180,982,7180,0,0,1431,13218,420,2072,1431,15290,California
Kern,2021-01-14,2187,19547,646,10826,1541,8721,0,0,2142,15314,46,2118,2142,17432,California
Kern,2021-01-15,2707,22254,857,11683,1850,10571,0,0,2610,17830,95,2213,2611,20043,California
Kern,2021-01-16,670,22924,211,11894,459,11030,0,0,635,18430,35,2248,635,20678,California
Kern,2021-01-17,73,22997,7,11901,66,11096,0,0,71,18499,2,2250,71,20749,California
Kern,2021-01-18,1647,24644,660,12561,987,12083,0,0,1480,19812,167,2417,1480,22229,California
Kern,2021-01-19,1855,26499,1034,13595,821,12904,0,0,1388,20734,467,2884,1389,23618,California
Kern,2021-01-20,2613,29112,1678,15273,935,13839,0,0,1910,21948,698,3582,1912,25530,California
Kern,2021-01-21,2115,31227,869,16142,1246,15085,0,0,1919,23672,195,3777,1919,27449,California
Kern,2021-01-22,2716,33943,1299,17441,1417,16502,0,0,2438,25833,277,4054,2438,29887,California
Kern,2021-01-23,1251,35194,542,17983,709,17211,0,0,1205,26992,46,4100,1205,31092,California
Kern,2021-01-24,154,35348,12,17995,142,17353,0,0,148,27134,6,4106,148,31240,California
Kern,2021-01-25,2386,37734,1086,19081,1300,18653,0,0,1901,28552,484,4590,1902,33142,California
Kern,2021-01-26,2769,40503,1127,20208,1642,20295,0,0,1912,29608,856,5446,1912,35054,California
Kern,2021-01-27,3562,44065,1905,22113,1657,21952,0,0,2861,31771,698,6144,2861,37915,California
Kern,2021-01-28,2870,46935,1358,23471,1512,23464,0,0,2442,33793,423,6567,2445,40360,California
Kern,2021-01-29,3783,50718,1801,25272,1982,25446,0,0,3237,36487,543,7110,3237,43597,California
Kern,2021-01-30,1329,52047,498,25770,831,26277,0,0,1280,37720,47,7157,1280,44877,California
Kern,2021-01-31,405,52452,277,26047,128,26405,0,0,270,37855,135,7292,270,45147,California
Kern,2021-02-01,2598,55050,991,27038,1607,28012,0,0,1885,39031,710,8002,1886,47033,California
Kern,2021-02-02,2752,57802,799,27837,1953,29965,0,0,2049,40378,703,8705,2050,49083,California
Kern,2021-02-03,3664,61466,1552,29389,2112,32077,0,0,2695,42111,962,9667,2695,51778,California
Kern,2021-02-04,3801,65267,1452,30841,2349,34426,0,0,2586,43492,1205,10872,2586,54364,California
Kern,2021-02-05,4852,70119,1989,32830,2863,37289,0,0,3092,44843,1741,12613,3092,57456,California
Kern,2021-02-06,1738,71857,768,33598,970,38259,0,0,1512,46132,223,12836,1512,58968,California
Kern,2021-02-07,283,72140,150,33748,133,38392,0,0,267,46385,14,12850,267,59235,California
Kern,2021-02-08,2570,74710,790,34538,1780,40172,0,0,1258,46350,1294,14144,1259,60494,California
Kern,2021-02-09,3038,77748,986,35524,2052,42224,0,0,1466,46253,1563,15707,1466,61960,California
Kern,2021-02-10,3792,81540,1660,37184,2132,44356,0,0,1874,46226,1902,17609,1875,63835,California
Kern,2021-02-11,4265,85805,1535,38719,2730,47086,0,0,2221,46417,2031,19640,2222,66057,California
Kern,2021-02-12,4955,90760,1893,40612,3062,50148,0,0,2476,46428,2465,22105,2476,68533,California
Kern,2021-02-13,2009,92769,728,41340,1281,51429,0,0,1164,46749,843,22948,1164,69697,California
Kern,2021-02-14,351,93120,12,41352,339,51768,0,0,269,46937,81,23029,269,69966,California
Kern,2021-02-15,2744,95864,896,42248,1848,53616,0,0,1211,46624,1524,24553,1211,71177,California
Kern,2021-02-16,2937,98801,712,42960,2225,55841,0,0,1648,46993,1280,25833,1649,72826,California
Kern,2021-02-17,4069,102870,2078,45038,1991,57832,0,0,1927,46785,2136,27969,1928,74754,California
Kern,2021-02-18,3762,106632,1486,46524,2276,60108,0,0,1626,46285,2126,30095,1626,76380,California
Kern,2021-02-19,4198,110830,1914,48438,2284,62392,0,0,1740,45574,2451,32546,1740,78120,California
Kern,2021-02-20,2581,113411,967,49405,1614,64006,0,0,1351,45698,1227,33773,1351,79471,California
Kern,2021-02-21,259,113670,153,49558,106,64112,0,0,90,45621,167,33940,90,79561,California
Kern,2021-02-22,2667,116337,1151,50709,1516,65628,0,0,1429,45817,1233,35173,1429,80990,California
Kern,2021-02-23,3556,119893,1128,51837,2428,68056,0,0,1981,46226,1573,36746,1982,82972,California
Kern,2021-02-24,5196,125089,2289,54126,2907,70963,0,0,3102,47238,2090,38836,3102,86074,California
Kern,2021-02-25,5369,130458,2454,56580,2915,73878,0,0,3188,48264,2162,40998,3188,89262,California
Kern,2021-02-26,6903,137361,3530,60110,3373,77251,0,0,4356,50081,2540,43538,4357,93619,California
Kern,2021-02-27,3954,141315,1986,62096,1968,79219,0,0,2614,51363,1332,44870,2614,96233,California
Kern,2021-02-28,915,142230,503,62599,411,79630,1,1,695,51841,218,45088,696,96929,California
Kern,2021-03-01,3998,146228,1816,64415,2179,81809,3,4,2683,53221,1306,46394,2686,99615,California
Kern,2021-03-02,4462,150690,1412,65827,3049,84858,1,5,2941,54652,1510,47904,2941,102556,California
Kern,2021-03-03,5926,156616,2810,68637,3116,87974,0,5,3832,56405,2080,49984,3833,106389,California
Kern,2021-03-04,5593,162209,2194,70831,3396,91370,3,8,3598,58024,1981,51965,3600,109989,California
Kern,2021-03-05,6661,168870,2856,73687,3786,95156,19,27,4228,59846,2425,54390,4247,114236,California
Kern,2021-03-06,4729,173599,1926,75613,2703,97859,100,127,3461,62145,1261,55651,3560,117796,California
Kern,2021-03-07,2054,175653,1591,77204,413,98272,50,177,1861,63864,192,55843,1911,119707,California
Kern,2021-03-08,2883,178536,922,78126,1748,100020,213,390,1521,64237,1359,57202,1732,121439,California
Kern,2021-03-09,3708,182244,806,78932,2519,102539,383,773,2308,65533,1392,58594,2688,124127,California
Kern,2021-03-10,6129,188373,2562,81494,2496,105035,1071,1844,3592,67672,2522,61116,4661,128788,California
Kern,2021-03-11,6336,194709,2444,83938,2866,107901,1026,2870,3776,69923,2549,63665,4800,133588,California
Kern,2021-03-12,7823,202532,3067,87005,3405,111306,1351,4221,4312,72079,3498,67163,5654,139242,California
Kern,2021-03-13,4659,207191,2526,89531,1798,113104,335,4556,3240,74236,1413,68576,3570,142812,California
Kern,2021-03-14,2297,209488,1522,91053,534,113638,241,4797,1776,75729,521,69097,2014,144826,California
Kern,2021-03-15,4263,213751,1099,92152,2451,116089,713,5510,2195,76574,2056,71153,2901,147727,California
Kern,2021-03-16,4341,218092,1013,93165,2797,118886,531,6041,2334,77439,1997,73150,2862,150589,California
Kern,2021-03-17,7470,225562,4045,97210,2875,121761,550,6591,4510,79549,2949,76099,5059,155648,California
Kern,2021-03-18,7272,232834,3678,100888,3009,124770,585,7176,4402,81681,2851,78950,4983,160631,California
Kern,2021-03-19,8978,241812,4980,105868,3343,128113,655,7831,4711,82789,4252,83202,5360,165991,California
Kern,2021-03-20,6174,247986,3821,109689,2179,130292,174,8005,3910,84620,2254,85456,4085,170076,California
Kern,2021-03-21,3045,251031,1929,111618,236,130528,880,8885,1846,86152,1193,86649,2725,172801,California
Kern,2021-03-22,3989,255020,1566,113184,2066,132594,357,9242,1939,86413,2035,88684,2296,175097,California
Kern,2021-03-23,4735,259755,1676,114860,2860,135454,199,9441,2487,86878,2219,90903,2684,177781,California
Kern,2021-03-24,7178,266933,3673,118533,3028,138482,477,9918,3656,87505,3505,94408,4132,181913,California
Kern,2021-03-25,6753,273686,2994,121527,3428,141910,331,10249,3277,87651,3459,97867,3605,185518,California
Kern,2021-03-26,9869,283555,4415,125942,4198,146108,1256,11505,4740,88534,5111,102978,5994,191512,California
Kern,2021-03-27,5697,289252,3996,129938,1573,147681,128,11633,3445,89856,2250,105228,3572,195084,California
Kern,2021-03-28,4682,293934,4191,134129,477,148158,14,11647,2954,91097,1727,106955,2968,198052,California
Kern,2021-03-29,4251,298185,1679,135808,2294,150452,278,11925,2610,92354,1628,108583,2885,200937,California
Kern,2021-03-30,5598,303783,1872,137680,3342,153794,384,12309,3081,93305,2513,111096,3464,204401,California
Kern,2021-03-31,8400,312183,4541,142221,3211,157005,648,12957,4346,94260,4038,115134,4993,209394,California
Kern,2021-04-01,7879,320062,3874,146095,3707,160712,298,13255,4220,95136,3638,118772,4514,213908,California
Kern,2021-04-02,8434,328496,4453,150548,3374,164086,607,13862,4215,95748,4204,122976,4816,218724,California
Kern,2021-04-03,5985,334481,3671,154219,2131,166217,183,14045,2661,95273,3316,126292,2841,221565,California
Kern,2021-04-04,1338,335819,875,155094,379,166596,84,14129,476,94974,859,127151,560,222125,California
Kern,2021-04-05,5351,341170,2205,157299,2377,168973,769,14898,2891,96164,2448,129599,3638,225763,California
Kern,2021-04-06,7095,348265,2469,159768,3258,172231,1368,16266,3565,97590,3506,133105,4932,230695,California
Kern,2021-04-07,9349,357614,5453,165221,2936,175167,960,17226,4564,98351,4767,137872,5528,236223,California
Kern,2021-04-08,8598,366212,4760,169981,2934,178101,904,18130,3685,98041,4891,142763,4581,240804,California
Kern,2021-04-09,10149,376361,5101,175082,4065,182166,983,19113,4301,97499,5823,148586,5281,246085,California
Kern,2021-04-10,6530,382891,3426,178508,1865,184031,1239,20352,2118,96448,4402,152988,3351,249436,California
Kern,2021-04-11,3830,386721,2892,181400,356,184387,582,20934,1249,95706,2569,155557,1827,251263,California
Kern,2021-04-12,4380,391101,984,182384,2425,186812,971,21905,1569,95451,2794,158351,2539,253802,California
Kern,2021-04-13,4278,395379,1409,183793,2844,189656,25,21930,2112,95432,2157,160508,2138,255940,California
Kern,2021-04-14,6036,401415,2962,186755,3052,192708,22,21952,2985,95402,3036,163544,3006,258946,California
Kern,2021-04-15,5266,406681,2467,189222,2797,195505,2,21954,2502,95159,2747,166291,2504,261450,California
Kern,2021-04-16,7242,413923,3435,192657,3806,199311,1,21955,2953,93849,4265,170556,2955,264405,California
Kern,2021-04-17,5887,419810,3853,196510,2034,201345,0,21955,2091,92159,3782,174338,2092,266497,California
Kern,2021-04-18,3737,423547,3500,200010,237,201582,0,21955,905,90240,2824,177162,905,267402,California
Kern,2021-04-19,3814,427361,1725,201735,2087,203669,2,21957,1411,89268,2383,179545,1411,268813,California
Kern,2021-04-20,4330,431691,1557,203292,2772,206441,1,21958,1629,88211,2688,182233,1631,270444,California
Kern,2021-04-21,5855,437546,3125,206417,2725,209166,5,21963,2128,86637,3706,185939,2132,272576,California
Kern,2021-04-22,4778,442324,2307,208724,2471,211637,0,21963,1688,85257,3069,189008,1689,274265,California
Kern,2021-04-23,6048,448372,2935,211659,3112,214749,1,21964,1889,83023,4125,193133,1891,276156,California
Kern,2021-04-24,3952,452324,2747,214406,1194,215943,11,21975,1399,81897,2535,195668,1409,277565,California
Kern,2021-04-25,1339,453663,1061,215467,278,216221,0,21975,764,82092,569,196237,764,278329,California
Kern,2021-04-26,3786,457449,1820,217287,1914,218135,52,22027,1035,80440,2741,198978,1089,279418,California
Kern,2021-04-27,4635,462084,2275,219562,2259,220394,101,22128,1405,78726,3217,202195,1503,280921,California
Kern,2021-04-28,6247,468331,3676,223238,2448,222842,123,22251,1774,76162,4458,206653,1894,282815,California
Kern,2021-04-29,5507,473838,3062,226300,2345,225187,100,22351,1621,74018,3866,210519,1722,284537,California
Kern,2021-04-30,5595,479433,3129,229429,2307,227494,159,22510,1619,71832,3963,214482,1777,286314,California
Kern,2021-05-01,2580,482013,1804,231233,717,228211,59,22569,955,71230,1615,216097,1013,287327,California
Kern,2021-05-02,1885,483898,1601,232834,263,228474,21,22590,692,70755,1188,217285,713,288040,California
Kern,2021-05-03,2484,486382,987,233821,1365,229839,132,22722,760,69938,1710,218995,893,288933,California
Kern,2021-05-04,3607,489989,1283,235104,2215,232054,109,22831,1255,68963,2337,221332,1362,290295,California
Kern,2021-05-05,4135,494124,2130,237234,1855,233909,150,22981,1367,67724,2755,224087,1516,291811,California
Kern,2021-05-06,3521,497645,1565,238799,1813,235722,143,23124,1078,66518,2424,226511,1218,293029,California
Kern,2021-05-07,4554,502199,2284,241083,2095,237817,175,23299,1272,64707,3256,229767,1445,294474,California
Kern,2021-05-08,2877,505076,1821,242904,942,238759,114,23413,899,63754,1965,231732,1012,295486,California
Kern,2021-05-09,1297,506373,1122,244026,145,238904,30,23443,448,63390,842,232574,478,295964,California
Kern,2021-05-10,2207,508580,844,244870,1264,240168,99,23542,641,62579,1549,234123,738,296702,California
Kern,2021-05-11,2599,511179,909,245779,1567,241735,123,23665,942,61997,1648,235771,1066,297768,California
Kern,2021-05-12,3485,514664,1394,247173,1942,243677,149,23814,1099,60871,2374,238145,1248,299016,California
Kern,2021-05-13,3292,517956,1721,248894,1429,245106,142,23956,1542,60813,1738,239883,1680,300696,California
Kern,2021-05-14,4252,522208,2520,251414,1515,246621,217,24173,1965,60725,2269,242152,2181,302877,California
Kern,2021-05-15,2904,525112,1898,253312,920,247541,86,24259,1545,61010,1346,243498,1631,304508,California
Kern,2021-05-16,1539,526651,1319,254631,182,247723,38,24297,885,61284,649,244147,923,305431,California
Kern,2021-05-17,2287,528938,988,255619,1155,248878,144,24441,1176,61503,1100,245247,1319,306750,California
Kern,2021-05-18,3119,532057,1417,257036,1574,250452,128,24569,1603,61732,1501,246748,1730,308480,California
Kern,2021-05-19,3753,535810,2360,259396,1272,251724,121,24690,1819,61748,1923,248671,1939,310419,California
Kern,2021-05-20,2875,538685,1557,260953,1190,252914,128,24818,1325,61669,1530,250201,1451,311870,California
Kern,2021-05-21,3326,542011,2059,263012,1151,254065,116,24934,1683,61851,1617,251818,1799,313669,California
Kern,2021-05-22,2575,544586,2009,265021,529,254594,37,24971,1217,61755,1349,253167,1253,314922,California
Kern,2021-05-23,1150,545736,1002,266023,131,254725,17,24988,609,61845,535,253702,625,315547,California
Kern,2021-05-24,1128,546864,394,266417,648,255373,86,25074,436,61680,685,254387,520,316067,California
Kings,2020-12-16,1,1,1,1,0,0,0,0,1,1,0,0,1,1,California
Kings,2020-12-17,8,9,8,9,0,0,0,0,8,9,0,0,8,9,California
Kings,2020-12-18,12,21,12,21,0,0,0,0,12,21,0,0,12,21,California
Kings,2020-12-19,11,32,11,32,0,0,0,0,11,32,0,0,11,32,California
Kings,2020-12-20,13,45,13,45,0,0,0,0,13,45,0,0,13,45,California
Kings,2020-12-21,156,201,156,201,0,0,0,0,269,314,0,0,269,314,California
Kings,2020-12-22,143,344,143,344,0,0,0,0,140,454,0,0,140,454,California
Kings,2020-12-23,136,480,123,467,13,13,0,0,137,591,0,0,137,591,California
Kings,2020-12-24,11,491,9,476,2,15,0,0,11,602,0,0,11,602,California
Kings,2020-12-26,7,498,4,480,3,18,0,0,7,609,0,0,7,609,California
Kings,2020-12-27,4,502,4,484,0,18,0,0,4,613,0,0,4,613,California
Kings,2020-12-28,131,633,103,587,28,46,0,0,132,745,0,0,132,745,California
Kings,2020-12-29,77,710,50,637,27,73,0,0,78,823,0,0,78,823,California
Kings,2020-12-30,149,859,109,746,40,113,0,0,149,972,0,0,149,972,California
Kings,2020-12-31,45,904,6,752,39,152,0,0,45,1017,0,0,45,1017,California
Kings,2021-01-01,1,905,0,752,1,153,0,0,1,1018,0,0,1,1018,California
Kings,2021-01-02,10,915,9,761,1,154,0,0,10,1028,0,0,10,1028,California
Kings,2021-01-04,111,1026,41,802,70,224,0,0,111,1139,0,0,111,1139,California
Kings,2021-01-05,195,1221,39,841,156,380,0,0,195,1334,0,0,195,1334,California
Kings,2021-01-06,277,1498,178,1019,99,479,0,0,274,1605,3,3,274,1608,California
Kings,2021-01-07,179,1677,81,1100,98,577,0,0,171,1768,8,11,171,1779,California
Kings,2021-01-08,248,1925,54,1154,194,771,0,0,229,1978,19,30,229,2008,California
Kings,2021-01-09,63,1988,9,1163,54,825,0,0,55,2025,8,38,55,2063,California
Kings,2021-01-10,15,2003,3,1166,12,837,0,0,12,2034,3,41,12,2075,California
Kings,2021-01-11,518,2521,354,1520,164,1001,0,0,276,2069,242,283,277,2352,California
Kings,2021-01-12,349,2870,252,1772,97,1098,0,0,215,2153,131,414,215,2567,California
Kings,2021-01-13,422,3292,275,2047,147,1245,0,0,330,2391,92,506,330,2897,California
Kings,2021-01-14,208,3500,30,2077,178,1423,0,0,198,2569,21,527,199,3096,California
Kings,2021-01-15,418,3918,30,2107,388,1811,0,0,406,2963,12,539,406,3502,California
Kings,2021-01-16,28,3946,9,2116,19,1830,0,0,27,2989,1,540,27,3529,California
Kings,2021-01-17,9,3955,6,2122,3,1833,0,0,7,2994,2,542,7,3536,California
Kings,2021-01-18,172,4127,40,2162,132,1965,0,0,146,3114,26,568,146,3682,California
Kings,2021-01-19,379,4506,160,2322,219,2184,0,0,251,3237,128,696,251,3933,California
Kings,2021-01-20,237,4743,146,2468,91,2275,0,0,127,3259,105,801,127,4060,California
Kings,2021-01-21,212,4955,57,2525,155,2430,0,0,197,3439,17,818,197,4257,California
Kings,2021-01-22,102,5057,16,2541,86,2516,0,0,102,3536,5,823,102,4359,California
Kings,2021-01-23,26,5083,14,2555,12,2528,0,0,20,3550,6,829,20,4379,California
Kings,2021-01-24,4,5087,4,2559,0,2528,0,0,2,3550,2,831,2,4381,California
Kings,2021-01-25,126,5213,27,2586,99,2627,0,0,91,3606,35,866,91,4472,California
Kings,2021-01-26,153,5366,34,2620,119,2746,0,0,114,3681,39,905,114,4586,California
Kings,2021-01-27,319,5685,34,2654,285,3031,0,0,248,3859,70,975,248,4834,California
Kings,2021-01-28,327,6012,46,2700,281,3312,0,0,272,4076,55,1030,272,5106,California
Kings,2021-01-29,86,6098,26,2726,60,3372,0,0,69,4128,17,1047,69,5175,California
Kings,2021-01-30,1557,7655,31,2757,1526,4898,0,0,1554,5681,3,1050,1556,6731,California
Kings,2021-02-01,199,7854,64,2821,135,5033,0,0,72,5628,125,1175,72,6803,California
Kings,2021-02-02,232,8086,14,2835,218,5251,0,0,82,5561,149,1324,82,6885,California
Kings,2021-02-03,357,8443,191,3026,166,5417,0,0,201,5607,155,1479,201,7086,California
Kings,2021-02-04,397,8840,99,3125,298,5715,0,0,199,5609,197,1676,199,7285,California
Kings,2021-02-05,260,9100,15,3140,245,5960,0,0,101,5553,157,1833,101,7386,California
Kings,2021-02-06,61,9161,10,3150,51,6011,0,0,28,5548,33,1866,28,7414,California
Kings,2021-02-07,5,9166,3,3153,2,6013,0,0,3,5549,2,1868,3,7417,California
Kings,2021-02-08,172,9338,29,3182,143,6156,0,0,68,5513,104,1972,68,7485,California
Kings,2021-02-09,254,9592,57,3239,197,6353,0,0,110,5481,142,2114,110,7595,California
Kings,2021-02-10,286,9878,113,3352,173,6526,0,0,169,5533,117,2231,169,7764,California
Kings,2021-02-11,432,10310,65,3417,367,6893,0,0,316,5734,115,2346,316,8080,California
Kings,2021-02-12,622,10932,36,3453,586,7479,0,0,346,5805,275,2621,346,8426,California
Kings,2021-02-13,104,11036,6,3459,98,7577,0,0,78,5857,26,2647,78,8504,California
Kings,2021-02-14,102,11138,4,3463,98,7675,0,0,94,5943,8,2655,94,8598,California
Kings,2021-02-15,246,11384,5,3468,241,7916,0,0,137,5972,108,2763,137,8735,California
Kings,2021-02-16,486,11870,33,3501,453,8369,0,0,251,5989,234,2997,251,8986,California
Kings,2021-02-17,380,12250,23,3524,357,8726,0,0,243,6096,137,3134,244,9230,California
Kings,2021-02-18,155,12405,23,3547,132,8858,0,0,98,6137,57,3191,98,9328,California
Kings,2021-02-19,159,12564,24,3571,135,8993,0,0,103,6187,53,3244,103,9431,California
Kings,2021-02-20,171,12735,40,3611,131,9124,0,0,134,6284,37,3281,134,9565,California
Kings,2021-02-21,3,12738,2,3613,1,9125,0,0,3,6287,0,3281,3,9568,California
Kings,2021-02-22,110,12848,19,3632,91,9216,0,0,51,6279,59,3340,51,9619,California
Kings,2021-02-23,297,13145,70,3702,227,9443,0,0,180,6342,117,3457,180,9799,California
Kings,2021-02-24,597,13742,154,3856,443,9886,0,0,385,6515,212,3669,385,10184,California
Kings,2021-02-25,685,14427,131,3987,554,10440,0,0,466,6764,217,3886,466,10650,California
Kings,2021-02-26,667,15094,137,4124,530,10970,0,0,605,7307,62,3948,605,11255,California
Kings,2021-02-27,1516,16610,65,4189,1451,12421,0,0,580,6952,935,4883,580,11835,California
Kings,2021-02-28,1171,17781,597,4786,574,12995,0,0,674,7132,494,5377,674,12509,California
Kings,2021-03-01,261,18042,79,4865,182,13177,0,0,215,7301,46,5423,215,12724,California
Kings,2021-03-02,508,18550,242,5107,266,13443,0,0,458,7710,50,5473,459,13183,California
Kings,2021-03-03,640,19190,314,5421,326,13769,0,0,449,7970,189,5662,449,13632,California
Kings,2021-03-04,730,19920,352,5773,378,14147,0,0,631,8503,99,5761,632,14264,California
Kings,2021-03-05,1080,21000,368,6141,703,14850,9,9,963,9359,117,5878,973,15237,California
Kings,2021-03-06,514,21514,187,6328,314,15164,13,22,484,9826,30,5908,497,15734,California
Kings,2021-03-07,366,21880,224,6552,138,15302,4,26,358,10180,8,5916,362,16096,California
Kings,2021-03-08,371,22251,96,6648,222,15524,53,79,263,10387,108,6024,315,16411,California
Kings,2021-03-09,551,22802,252,6900,244,15768,55,134,443,10779,107,6131,499,16910,California
Kings,2021-03-10,572,23374,128,7028,353,16121,91,225,387,11072,184,6315,477,17387,California
Kings,2021-03-11,1033,24407,307,7335,616,16737,110,335,627,11405,404,6719,737,18124,California
Kings,2021-03-12,1374,25781,445,7780,835,17572,94,429,972,12073,400,7119,1068,19192,California
Kings,2021-03-13,681,26462,333,8113,304,17876,44,473,556,12549,125,7244,601,19793,California
Kings,2021-03-14,671,27133,101,8214,184,18060,386,859,200,12664,471,7715,586,20379,California
Kings,2021-03-15,703,27836,266,8480,322,18382,115,974,466,13011,236,7951,583,20962,California
Kings,2021-03-16,1057,28893,445,8925,550,18932,62,1036,719,13454,338,8289,781,21743,California
Kings,2021-03-17,1097,29990,417,9342,619,19551,61,1097,778,13981,319,8608,846,22589,California
Kings,2021-03-18,1123,31113,474,9816,426,19977,223,1320,773,14631,349,8957,999,23588,California
Kings,2021-03-19,963,32076,469,10285,409,20386,85,1405,737,15241,225,9182,835,24423,California
Kings,2021-03-20,640,32716,255,10540,354,20740,31,1436,465,15571,173,9355,503,24926,California
Kings,2021-03-21,1417,34133,1087,11627,319,21059,11,1447,863,15891,554,9909,874,25800,California
Kings,2021-03-22,447,34580,199,11826,164,21223,84,1531,273,16078,174,10083,361,26161,California
Kings,2021-03-23,916,35496,508,12334,345,21568,63,1594,556,16342,358,10441,622,26783,California
Kings,2021-03-24,957,36453,487,12821,447,22015,23,1617,506,16423,450,10891,531,27314,California
Kings,2021-03-25,917,37370,465,13286,426,22441,26,1643,446,16426,469,11360,472,27786,California
Kings,2021-03-26,1293,38663,379,13665,829,23270,85,1728,515,16252,773,12133,599,28385,California
Kings,2021-03-27,641,39304,258,13923,371,23641,12,1740,158,15941,481,12614,170,28555,California
Kings,2021-03-28,578,39882,507,14430,64,23705,7,1747,367,16112,211,12825,382,28937,California
Kings,2021-03-29,467,40349,210,14640,196,23901,61,1808,259,16225,206,13031,319,29256,California
Kings,2021-03-30,858,41207,473,15113,347,24248,38,1846,425,16256,432,13463,463,29719,California
Kings,2021-03-31,766,41973,378,15491,315,24563,73,1919,422,16415,336,13799,495,30214,California
Kings,2021-04-01,773,42746,388,15879,295,24858,90,2009,350,16438,417,14216,440,30654,California
Kings,2021-04-02,1006,43752,448,16327,434,25292,124,2133,391,16342,610,14826,514,31168,California
Kings,2021-04-03,489,44241,345,16672,135,25427,9,2142,166,16201,317,15143,176,31344,California
Kings,2021-04-04,156,44397,82,16754,68,25495,6,2148,42,16136,113,15256,48,31392,California
Kings,2021-04-05,1051,45448,325,17079,474,25969,252,2400,233,15803,817,16073,484,31876,California
Kings,2021-04-06,1201,46649,450,17529,440,26409,311,2711,281,15478,917,16990,592,32468,California
Kings,2021-04-07,1351,48000,644,18173,522,26931,185,2896,356,15030,992,17982,544,33012,California
Kings,2021-04-08,1593,49593,628,18801,715,27646,250,3146,356,14406,1230,19212,606,33618,California
Kings,2021-04-09,1146,50739,539,19340,430,28076,177,3323,231,13897,913,20125,404,34022,California
Kings,2021-04-10,588,51327,327,19667,159,28235,102,3425,167,13747,419,20544,269,34291,California
Kings,2021-04-11,351,51678,74,19741,271,28506,6,3431,195,13793,155,20699,201,34492,California
Kings,2021-04-12,698,52376,311,20052,187,28693,200,3631,193,13682,504,21203,393,34885,California
Kings,2021-04-13,903,53279,515,20567,388,29081,0,3631,287,13359,615,21818,292,35177,California
Kings,2021-04-14,1039,54318,575,21142,464,29545,0,3631,376,13073,663,22481,377,35554,California
Kings,2021-04-15,1048,55366,520,21662,527,30072,1,3632,450,12927,597,23078,451,36005,California
Kings,2021-04-16,769,56135,360,22022,409,30481,0,3632,257,12673,511,23589,257,36262,California
Kings,2021-04-17,458,56593,244,22266,214,30695,0,3632,186,12588,271,23860,186,36448,California
Kings,2021-04-18,562,57155,239,22505,323,31018,0,3632,43,12112,519,24379,43,36491,California
Kings,2021-04-19,531,57686,294,22799,237,31255,0,3632,285,12153,244,24623,285,36776,California
Kings,2021-04-20,737,58423,446,23245,291,31546,0,3632,235,11887,501,25124,235,37011,California
Kings,2021-04-21,641,59064,308,23553,333,31879,0,3632,221,11695,413,25537,221,37232,California
Kings,2021-04-22,553,59617,276,23829,277,32156,0,3632,202,11550,348,25885,203,37435,California
Kings,2021-04-23,663,60280,289,24118,374,32530,0,3632,327,11543,334,26219,327,37762,California
Kings,2021-04-24,246,60526,178,24296,67,32597,1,3633,118,11535,127,26346,119,37881,California
Kings,2021-04-25,199,60725,180,24476,19,32616,0,3633,163,11662,36,26382,163,38044,California
Kings,2021-04-26,299,61024,157,24633,139,32755,3,3636,188,11743,110,26492,191,38235,California
Kings,2021-04-27,405,61429,178,24811,208,32963,19,3655,168,11694,236,26728,187,38422,California
Kings,2021-04-28,510,61939,253,25064,237,33200,20,3675,263,11730,247,26975,283,38705,California
Kings,2021-04-29,287,62226,112,25176,164,33364,11,3686,135,11726,150,27125,146,38851,California
Kings,2021-04-30,366,62592,164,25340,185,33549,17,3703,153,11687,209,27334,170,39021,California
Kings,2021-05-01,230,62822,167,25507,53,33602,10,3713,74,11617,154,27488,84,39105,California
Kings,2021-05-02,168,62990,146,25653,22,33624,0,3713,126,11701,42,27530,126,39231,California
Kings,2021-05-03,471,63461,255,25908,203,33827,13,3726,122,11488,348,27878,135,39366,California
Kings,2021-05-04,518,63979,260,26168,238,34065,20,3746,160,11310,358,28236,180,39546,California
Kings,2021-05-05,551,64530,286,26454,245,34310,20,3766,137,11053,414,28650,157,39703,California
Kings,2021-05-06,541,65071,270,26724,248,34558,23,3789,122,10781,417,29067,145,39848,California
Kings,2021-05-07,365,65436,209,26933,142,34700,14,3803,147,10726,216,29283,161,40009,California
Kings,2021-05-08,229,65665,166,27099,52,34752,11,3814,74,10656,155,29438,85,40094,California
Kings,2021-05-09,192,65857,64,27163,128,34880,0,3814,40,10544,152,29590,40,40134,California
Kings,2021-05-10,339,66196,263,27426,66,34946,10,3824,115,10445,223,29813,124,40258,California
Kings,2021-05-11,373,66569,230,27656,115,35061,28,3852,117,10335,256,30069,146,40404,California
Kings,2021-05-12,372,66941,140,27796,219,35280,13,3865,160,10298,210,30279,173,40577,California
Kings,2021-05-13,385,67326,135,27931,232,35512,18,3883,149,10229,236,30515,167,40744,California
Kings,2021-05-14,463,67789,316,28247,116,35628,31,3914,241,10280,221,30736,272,41016,California
Kings,2021-05-15,348,68137,249,28496,82,35710,17,3931,194,10337,154,30890,211,41227,California
Kings,2021-05-16,250,68387,222,28718,27,35737,1,3932,80,10248,170,31060,81,41308,California
Kings,2021-05-17,403,68790,321,29039,65,35802,17,3949,217,10298,184,31244,234,41542,California
Kings,2021-05-18,387,69177,272,29311,102,35904,13,3962,224,10373,163,31407,238,41780,California
Kings,2021-05-19,571,69748,282,29593,267,36171,22,3984,231,10288,338,31745,253,42033,California
Kings,2021-05-20,391,70139,193,29786,171,36342,27,4011,239,10403,152,31897,267,42300,California
Kings,2021-05-21,447,70586,217,30003,220,36562,10,4021,225,10420,218,32115,235,42535,California
Kings,2021-05-22,251,70837,202,30205,38,36600,11,4032,190,10561,60,32175,201,42736,California
Kings,2021-05-23,199,71036,197,30402,2,36602,0,4032,97,10556,102,32277,97,42833,California
Kings,2021-05-24,175,71211,107,30509,59,36661,9,4041,78,10546,97,32374,87,42920,California
Lake,2020-12-17,4,4,4,4,0,0,0,0,4,4,0,0,4,4,California
Lake,2020-12-18,51,55,51,55,0,0,0,0,51,55,0,0,51,55,California
Lake,2020-12-19,3,58,3,58,0,0,0,0,3,58,0,0,3,58,California
Lake,2020-12-20,6,64,6,64,0,0,0,0,6,64,0,0,6,64,California
Lake,2020-12-21,86,150,86,150,0,0,0,0,86,150,0,0,86,150,California
Lake,2020-12-22,63,213,60,210,3,3,0,0,63,213,0,0,63,213,California
Lake,2020-12-23,123,336,114,324,9,12,0,0,123,336,0,0,123,336,California
Lake,2020-12-24,2,338,0,324,2,14,0,0,2,338,0,0,2,338,California
Lake,2020-12-26,2,340,2,326,0,14,0,0,2,340,0,0,2,340,California
Lake,2020-12-27,2,342,2,328,0,14,0,0,2,342,0,0,2,342,California
Lake,2020-12-28,52,394,43,371,9,23,0,0,52,394,0,0,52,394,California
Lake,2020-12-29,50,444,45,416,5,28,0,0,50,444,0,0,50,444,California
Lake,2020-12-30,126,570,119,535,7,35,0,0,126,570,0,0,126,570,California
Lake,2020-12-31,67,637,64,599,3,38,0,0,67,637,0,0,67,637,California
Lake,2021-01-01,1,638,0,599,1,39,0,0,1,638,0,0,1,638,California
Lake,2021-01-02,2,640,1,600,1,40,0,0,2,640,0,0,2,640,California
Lake,2021-01-04,88,728,21,621,67,107,0,0,88,728,0,0,88,728,California
Lake,2021-01-05,120,848,59,680,61,168,0,0,118,844,2,2,118,846,California
Lake,2021-01-06,105,953,65,745,40,208,0,0,103,945,2,4,103,949,California
Lake,2021-01-07,108,1061,85,830,23,231,0,0,99,1035,9,13,99,1048,California
Lake,2021-01-08,152,1213,124,954,28,259,0,0,100,1083,52,65,100,1148,California
Lake,2021-01-09,63,1276,61,1015,2,261,0,0,59,1138,4,69,59,1207,California
Lake,2021-01-10,3,1279,3,1018,0,261,0,0,0,1135,3,72,0,1207,California
Lake,2021-01-11,192,1471,151,1169,41,302,0,0,112,1167,80,152,112,1319,California
Lake,2021-01-12,81,1552,48,1217,33,335,0,0,57,1200,24,176,57,1376,California
Lake,2021-01-13,165,1717,112,1329,53,388,0,0,108,1251,57,233,108,1484,California
Lake,2021-01-14,147,1864,46,1375,101,489,0,0,125,1354,22,255,125,1609,California
Lake,2021-01-15,218,2082,92,1467,126,615,0,0,191,1518,27,282,191,1800,California
Lake,2021-01-16,134,2216,81,1548,53,668,0,0,132,1648,2,284,132,1932,California
Lake,2021-01-17,18,2234,6,1554,12,680,0,0,12,1654,6,290,12,1944,California
Lake,2021-01-18,246,2480,227,1781,19,699,0,0,125,1658,121,411,125,2069,California
Lake,2021-01-19,312,2792,118,1899,194,893,0,0,267,1881,45,456,268,2337,California
Lake,2021-01-20,422,3214,80,1979,342,1235,0,0,358,2176,63,519,358,2695,California
Lake,2021-01-21,434,3648,49,2028,385,1620,0,0,399,2540,35,554,399,3094,California
Lake,2021-01-22,318,3966,46,2074,272,1892,0,0,282,2786,36,590,282,3376,California
Lake,2021-01-23,122,4088,5,2079,117,2009,0,0,121,2906,1,591,121,3497,California
Lake,2021-01-24,5,4093,2,2081,3,2012,0,0,5,2911,0,591,5,3502,California
Lake,2021-01-25,258,4351,95,2176,163,2175,0,0,177,3007,81,672,177,3679,California
Lake,2021-01-26,430,4781,36,2212,394,2569,0,0,407,3391,23,695,407,4086,California
Lake,2021-01-27,359,5140,41,2253,318,2887,0,0,331,3695,28,723,332,4418,California
Lake,2021-01-28,498,5638,161,2414,337,3224,0,0,368,3933,130,853,368,4786,California
Lake,2021-01-29,639,6277,86,2500,553,3777,0,0,579,4452,60,913,579,5365,California
Lake,2021-01-30,553,6830,44,2544,509,4286,0,0,547,4993,6,919,547,5912,California
Lake,2021-01-31,14,6844,8,2552,6,4292,0,0,12,5003,2,921,12,5924,California
Lake,2021-02-01,180,7024,18,2570,162,4454,0,0,166,5155,14,935,166,6090,California
Lake,2021-02-02,564,7588,152,2722,412,4866,0,0,398,5387,166,1101,398,6488,California
Lake,2021-02-03,445,8033,33,2755,412,5278,0,0,340,5622,105,1206,340,6828,California
Lake,2021-02-04,119,8152,68,2823,51,5329,0,0,72,5647,47,1253,72,6900,California
Lake,2021-02-05,379,8531,70,2893,309,5638,0,0,288,5846,89,1342,288,7188,California
Lake,2021-02-06,275,8806,40,2933,235,5873,0,0,264,6099,11,1353,264,7452,California
Lake,2021-02-07,2,8808,1,2934,1,5874,0,0,2,6101,0,1353,2,7454,California
Lake,2021-02-08,279,9087,207,3141,72,5946,0,0,159,6140,120,1473,159,7613,California
Lake,2021-02-09,345,9432,24,3165,321,6267,0,0,301,6398,43,1516,301,7914,California
Lake,2021-02-10,352,9784,54,3219,298,6565,0,0,274,6594,78,1594,274,8188,California
Lake,2021-02-11,175,9959,18,3237,157,6722,0,0,57,6533,118,1712,57,8245,California
Lake,2021-02-12,374,10333,29,3266,345,7067,0,0,286,6732,87,1799,286,8531,California
Lake,2021-02-13,247,10580,7,3273,240,7307,0,0,236,6957,11,1810,236,8767,California
Lake,2021-02-14,20,10600,5,3278,15,7322,0,0,6,6949,14,1824,6,8773,California
Lake,2021-02-15,171,10771,13,3291,158,7480,0,0,8,6795,162,1986,8,8781,California
Lake,2021-02-16,424,11195,23,3314,401,7881,0,0,176,6723,248,2234,176,8957,California
Lake,2021-02-17,351,11546,54,3368,297,8178,0,0,70,6513,280,2514,70,9027,California
Lake,2021-02-18,459,12005,70,3438,389,8567,0,0,115,6284,344,2858,115,9142,California
Lake,2021-02-19,420,12425,27,3465,393,8960,0,0,94,6052,326,3184,94,9236,California
Lake,2021-02-20,295,12720,61,3526,234,9194,0,0,252,6262,42,3226,252,9488,California
Lake,2021-02-21,6,12726,6,3532,0,9194,0,0,0,6256,6,3232,0,9488,California
Lake,2021-02-22,141,12867,24,3556,117,9311,0,0,43,6201,98,3330,43,9531,California
Lake,2021-02-23,214,13081,14,3570,200,9511,0,0,28,6043,186,3516,28,9559,California
Lake,2021-02-24,956,14037,377,3947,579,10090,0,0,416,5920,539,4055,416,9975,California
Lake,2021-02-25,731,14768,466,4413,265,10355,0,0,471,6134,257,4312,471,10446,California
Lake,2021-02-26,995,15763,304,4717,691,11046,0,0,350,5842,642,4954,350,10796,California
Lake,2021-02-27,410,16173,98,4815,312,11358,0,0,328,6088,82,5036,328,11124,California
Lake,2021-02-28,17,16190,11,4826,6,11364,0,0,10,6091,7,5043,10,11134,California
Lake,2021-03-01,596,16786,53,4879,543,11907,0,0,443,6381,153,5196,443,11577,California
Lake,2021-03-02,744,17530,17,4896,727,12634,0,0,289,6215,455,5651,289,11866,California
Lake,2021-03-03,369,17899,196,5092,173,12807,0,0,146,6138,223,5874,146,12012,California
Lake,2021-03-04,579,18478,507,5599,72,12879,0,0,562,6683,17,5891,562,12574,California
Lake,2021-03-05,1048,19526,52,5651,996,13875,0,0,186,6011,858,6749,186,12760,California
Lake,2021-03-06,34,19560,9,5660,24,13899,1,1,21,6020,13,6762,22,12782,California
Lake,2021-03-07,7,19567,5,5665,2,13901,0,1,4,6021,3,6765,4,12786,California
Lake,2021-03-08,339,19906,267,5932,63,13964,9,10,299,6289,40,6805,308,13094,California
Lake,2021-03-09,930,20836,42,5974,871,14835,17,27,406,6189,523,7328,423,13517,California
Lake,2021-03-10,204,21040,60,6034,131,14966,13,40,135,6269,69,7397,149,13666,California
Lake,2021-03-11,585,21625,48,6082,62,15028,475,515,48,6255,537,7934,523,14189,California
Lake,2021-03-12,851,22476,203,6285,623,15651,25,540,362,6154,488,8422,387,14576,California
Lake,2021-03-13,278,22754,22,6307,20,15671,236,776,16,6144,261,8683,251,14827,California
Lake,2021-03-14,11,22765,2,6309,9,15680,0,776,7,6147,4,8687,7,14834,California
Lake,2021-03-15,642,23407,14,6323,611,16291,17,793,482,6486,160,8847,499,15333,California
Lake,2021-03-16,1113,24520,834,7157,262,16553,17,810,445,6283,664,9511,461,15794,California
Lake,2021-03-17,248,24768,121,7278,105,16658,22,832,92,6241,156,9667,114,15908,California
Lake,2021-03-18,748,25516,373,7651,338,16996,37,869,372,6274,375,10042,408,16316,California
Lake,2021-03-19,582,26098,315,7966,247,17243,20,889,475,6663,106,10148,495,16811,California
Lake,2021-03-20,249,26347,8,7974,238,17481,3,892,30,6479,217,10365,33,16844,California
Lake,2021-03-21,16,26363,11,7985,4,17485,1,893,11,6486,5,10370,12,16856,California
Lake,2021-03-22,337,26700,256,8241,67,17552,14,907,251,6665,86,10456,265,17121,California
Lake,2021-03-23,429,27129,21,8262,395,17947,13,920,364,6978,64,10520,377,17498,California
Lake,2021-03-24,423,27552,62,8324,353,18300,8,928,326,7217,96,10616,335,17833,California
Lake,2021-03-25,676,28228,485,8809,185,18485,6,934,178,6902,498,11114,183,18016,California
Lake,2021-03-26,68,28296,33,8842,34,18519,1,935,32,6899,36,11150,33,18049,California
Lake,2021-03-27,309,28605,7,8849,299,18818,3,938,17,6629,290,11440,20,18069,California
Lake,2021-03-28,17,28622,8,8857,9,18827,0,938,11,6634,6,11446,11,18080,California
Lake,2021-03-29,989,29611,286,9143,701,19528,2,940,205,6059,782,12228,207,18287,California
Lake,2021-03-30,464,30075,315,9458,147,19675,2,942,366,6330,97,12325,368,18655,California
Lake,2021-03-31,616,30691,60,9518,556,20231,0,942,434,6591,173,12498,434,19089,California
Lake,2021-04-01,447,31138,234,9752,201,20432,12,954,186,6532,257,12755,198,19287,California
Lake,2021-04-02,222,31360,41,9793,153,20585,28,982,97,6532,125,12880,125,19412,California
Lake,2021-04-03,32,31392,6,9799,23,20608,3,985,13,6529,19,12899,16,19428,California
Lake,2021-04-04,20,31412,11,9810,7,20615,2,987,15,6541,5,12904,17,19445,California
Lake,2021-04-05,639,32051,70,9880,550,21165,19,1006,400,6723,236,13140,418,19863,California
Lake,2021-04-06,476,32527,17,9897,433,21598,26,1032,303,6880,172,13312,329,20192,California
Lake,2021-04-07,520,33047,56,9953,413,22011,51,1083,352,7117,166,13478,403,20595,California
Lake,2021-04-08,599,33646,489,10442,45,22056,65,1148,101,6790,495,13973,168,20763,California
Lake,2021-04-09,281,33927,39,10481,173,22229,69,1217,48,6676,230,14203,116,20879,California
Lake,2021-04-10,253,34180,14,10495,14,22243,225,1442,10,6668,243,14446,235,21114,California
Lake,2021-04-11,22,34202,17,10512,3,22246,2,1444,7,6662,15,14461,9,21123,California
Lake,2021-04-12,1068,35270,232,10744,803,23049,33,1477,237,6102,830,15291,270,21393,California
Lake,2021-04-13,180,35450,109,10853,71,23120,0,1477,54,6030,126,15417,54,21447,California
Lake,2021-04-14,614,36064,38,10891,576,23696,0,1477,549,6515,64,15481,549,21996,California
Lake,2021-04-15,640,36704,192,11083,448,24144,0,1477,331,6537,309,15790,331,22327,California
Lake,2021-04-16,265,36969,30,11113,234,24378,1,1478,74,6422,190,15980,75,22402,California
Lake,2021-04-17,43,37012,12,11125,31,24409,0,1478,33,6445,10,15990,33,22435,California
Lake,2021-04-18,8,37020,5,11130,3,24412,0,1478,0,6437,8,15998,0,22435,California
Lake,2021-04-19,297,37317,38,11168,259,24671,0,1478,246,6632,51,16049,246,22681,California
Lake,2021-04-20,691,38008,277,11445,414,25085,0,1478,91,6125,599,16648,92,22773,California
Lake,2021-04-21,533,38541,64,11509,469,25554,0,1478,199,5990,334,16982,199,22972,California
Lake,2021-04-22,466,39007,50,11559,416,25970,0,1478,318,6161,147,17129,318,23290,California
Lake,2021-04-23,115,39122,60,11619,55,26025,0,1478,69,6184,46,17175,69,23359,California
Lake,2021-04-24,53,39175,9,11628,44,26069,0,1478,39,6209,14,17189,39,23398,California
Lake,2021-04-25,36,39211,19,11647,17,26086,0,1478,24,6221,12,17201,24,23422,California
Lake,2021-04-26,289,39500,80,11727,208,26294,1,1479,85,6103,204,17405,86,23508,California
Lake,2021-04-27,244,39744,22,11749,204,26498,18,1497,81,6039,163,17568,99,23607,California
Lake,2021-04-28,508,40252,48,11797,445,26943,15,1512,89,5725,417,17985,103,23710,California
Lake,2021-04-29,212,40464,83,11880,113,27056,16,1528,113,5755,99,18084,129,23839,California
Lake,2021-04-30,289,40753,46,11926,212,27268,31,1559,149,5795,140,18224,180,24019,California
Lake,2021-05-01,47,40800,26,11952,19,27287,2,1561,32,5814,15,18239,34,24053,California
Lake,2021-05-02,18,40818,9,11961,8,27295,1,1562,9,5815,9,18248,10,24063,California
Lake,2021-05-03,411,41229,27,11988,349,27644,35,1597,64,5568,346,18594,99,24162,California
Lake,2021-05-04,404,41633,216,12204,140,27784,48,1645,124,5461,279,18873,172,24334,California
Lake,2021-05-05,630,42263,45,12249,573,28357,12,1657,87,5019,540,19413,98,24432,California
Lake,2021-05-06,142,42405,19,12268,94,28451,29,1686,73,5051,69,19482,101,24533,California
Lake,2021-05-07,164,42569,28,12296,116,28567,20,1706,102,5113,60,19542,122,24655,California
Lake,2021-05-08,43,42612,8,12304,35,28602,0,1706,36,5142,7,19549,36,24691,California
Lake,2021-05-09,17,42629,2,12306,10,28612,5,1711,10,5150,7,19556,15,24706,California
Lake,2021-05-10,244,42873,12,12318,205,28817,27,1738,59,5052,184,19740,86,24792,California
Lake,2021-05-11,193,43066,27,12345,151,28968,15,1753,117,5109,76,19816,133,24925,California
Lake,2021-05-12,540,43606,31,12376,489,29457,20,1773,54,4696,486,20302,73,24998,California
Lake,2021-05-13,301,43907,58,12434,230,29687,13,1786,65,4540,234,20536,78,25076,California
Lake,2021-05-14,264,44171,81,12515,164,29851,19,1805,161,4618,101,20637,179,25255,California
Lake,2021-05-15,45,44216,18,12533,24,29875,3,1808,27,4630,18,20655,30,25285,California
Lake,2021-05-16,30,44246,17,12550,12,29887,1,1809,16,4633,14,20669,17,25302,California
Lake,2021-05-17,315,44561,44,12594,256,30143,15,1824,84,4504,228,20897,99,25401,California
Lake,2021-05-18,302,44863,67,12661,217,30360,18,1842,175,4571,126,21023,193,25594,California
Lake,2021-05-19,301,45164,57,12718,229,30589,15,1857,78,4442,222,21245,93,25687,California
Lake,2021-05-20,224,45388,59,12777,155,30744,10,1867,89,4406,135,21380,99,25786,California
Lake,2021-05-21,250,45638,52,12829,175,30919,23,1890,98,4377,150,21530,121,25907,California
Lake,2021-05-22,86,45724,50,12879,34,30953,2,1892,44,4381,42,21572,46,25953,California
Lake,2021-05-23,51,45775,27,12906,23,30976,1,1893,27,4385,24,21596,28,25981,California
Lake,2021-05-24,97,45872,7,12913,82,31058,8,1901,44,4384,53,21649,52,26033,California
Lassen,2020-12-16,8,8,8,8,0,0,0,0,8,8,0,0,8,8,California
Lassen,2020-12-17,6,14,6,14,0,0,0,0,6,14,0,0,6,14,California
Lassen,2020-12-18,1,15,1,15,0,0,0,0,1,15,0,0,1,15,California
Lassen,2020-12-19,5,20,5,20,0,0,0,0,5,20,0,0,5,20,California
Lassen,2020-12-20,2,22,2,22,0,0,0,0,2,22,0,0,2,22,California
Lassen,2020-12-21,11,33,11,33,0,0,0,0,11,33,0,0,11,33,California
Lassen,2020-12-22,22,55,22,55,0,0,0,0,22,55,0,0,22,55,California
Lassen,2020-12-23,6,61,6,61,0,0,0,0,6,61,0,0,6,61,California
Lassen,2020-12-24,11,72,11,72,0,0,0,0,11,72,0,0,11,72,California
Lassen,2020-12-28,3,75,2,74,1,1,0,0,3,75,0,0,3,75,California
Lassen,2020-12-29,35,110,35,109,0,1,0,0,35,110,0,0,35,110,California
Lassen,2020-12-30,36,146,35,144,1,2,0,0,36,146,0,0,36,146,California
Lassen,2020-12-31,49,195,42,186,7,9,0,0,49,195,0,0,49,195,California
Lassen,2021-01-02,1,196,0,186,1,10,0,0,1,196,0,0,1,196,California
Lassen,2021-01-04,15,211,2,188,13,23,0,0,15,211,0,0,15,211,California
Lassen,2021-01-05,193,404,52,240,141,164,0,0,193,404,0,0,193,404,California
Lassen,2021-01-06,95,499,44,284,51,215,0,0,87,484,8,8,88,492,California
Lassen,2021-01-07,43,542,7,291,36,251,0,0,37,515,6,14,37,529,California
Lassen,2021-01-08,50,592,2,293,48,299,0,0,50,565,0,14,50,579,California
Lassen,2021-01-09,12,604,6,299,6,305,0,0,12,577,0,14,12,591,California
Lassen,2021-01-11,27,631,5,304,22,327,0,0,27,604,0,14,27,618,California
Lassen,2021-01-12,48,679,28,332,20,347,0,0,30,616,18,32,30,648,California
Lassen,2021-01-13,161,840,18,350,143,490,0,0,146,747,15,47,146,794,California
Lassen,2021-01-14,162,1002,18,368,144,634,0,0,150,885,12,59,150,944,California
Lassen,2021-01-15,32,1034,6,374,26,660,0,0,32,917,0,59,32,976,California
Lassen,2021-01-16,34,1068,33,407,1,661,0,0,34,951,0,59,34,1010,California
Lassen,2021-01-17,1,1069,0,407,1,662,0,0,1,952,0,59,1,1011,California
Lassen,2021-01-18,5,1074,2,409,3,665,0,0,4,955,1,60,4,1015,California
Lassen,2021-01-19,186,1260,36,445,150,815,0,0,158,1085,28,88,158,1173,California
Lassen,2021-01-20,188,1448,100,545,88,903,0,0,105,1122,68,156,105,1278,California
Lassen,2021-01-21,145,1593,93,638,52,955,0,0,121,1225,18,174,121,1399,California
Lassen,2021-01-22,31,1624,18,656,13,968,0,0,21,1236,10,184,21,1420,California
Lassen,2021-01-23,2,1626,0,656,2,970,0,0,2,1238,0,184,2,1422,California
Lassen,2021-01-24,1,1627,0,656,1,971,0,0,1,1239,0,184,1,1423,California
Lassen,2021-01-25,12,1639,1,657,11,982,0,0,11,1249,1,185,11,1434,California
Lassen,2021-01-26,126,1765,12,669,114,1096,0,0,122,1367,4,189,122,1556,California
Lassen,2021-01-27,87,1852,35,704,52,1148,0,0,69,1418,18,207,69,1625,California
Lassen,2021-01-28,85,1937,15,719,70,1218,0,0,84,1501,1,208,84,1709,California
Lassen,2021-01-29,23,1960,7,726,16,1234,0,0,22,1522,1,209,22,1731,California
Lassen,2021-02-01,61,2021,4,730,57,1291,0,0,36,1533,25,234,36,1767,California
Lassen,2021-02-02,177,2198,12,742,165,1456,0,0,44,1444,133,367,44,1811,California
Lassen,2021-02-03,96,2294,21,763,75,1531,0,0,51,1450,45,412,51,1862,California
Lassen,2021-02-04,112,2406,15,778,97,1628,0,0,63,1464,49,461,63,1925,California
Lassen,2021-02-05,66,2472,12,790,54,1682,0,0,24,1446,42,503,24,1949,California
Lassen,2021-02-06,69,2541,34,824,35,1717,0,0,36,1450,32,535,36,1985,California
Lassen,2021-02-07,1,2542,1,825,0,1717,0,0,1,1451,0,535,1,1986,California
Lassen,2021-02-08,44,2586,4,829,40,1757,0,0,18,1443,26,561,18,2004,California
Lassen,2021-02-09,128,2714,7,836,121,1878,0,0,49,1413,79,640,49,2053,California
Lassen,2021-02-10,182,2896,21,857,161,2039,0,0,74,1379,108,748,74,2127,California
Lassen,2021-02-11,183,3079,16,873,167,2206,0,0,80,1357,102,850,80,2207,California
Lassen,2021-02-12,42,3121,11,884,31,2237,0,0,15,1345,27,877,15,2222,California
Lassen,2021-02-13,11,3132,3,887,8,2245,0,0,9,1352,2,879,9,2231,California
Lassen,2021-02-14,13,3145,0,887,13,2258,0,0,12,1363,1,880,12,2243,California
Lassen,2021-02-15,21,3166,2,889,19,2277,0,0,17,1376,4,884,17,2260,California
Lassen,2021-02-16,192,3358,4,893,188,2465,0,0,30,1246,160,1044,30,2290,California
Lassen,2021-02-17,183,3541,94,987,89,2554,0,0,10,1083,173,1217,10,2300,California
Lassen,2021-02-18,79,3620,22,1009,57,2611,0,0,19,1042,60,1277,19,2319,California
Lassen,2021-02-19,80,3700,60,1069,20,2631,0,0,17,996,63,1340,17,2336,California
Lassen,2021-02-20,8,3708,0,1069,8,2639,0,0,6,1000,2,1342,6,2342,California
Lassen,2021-02-21,22,3730,2,1071,20,2659,0,0,18,1014,4,1346,18,2360,California
Lassen,2021-02-22,24,3754,10,1081,14,2673,0,0,6,1002,18,1364,6,2366,California
Lassen,2021-02-23,155,3909,11,1092,144,2817,0,0,43,933,112,1476,43,2409,California
Lassen,2021-02-24,164,4073,16,1108,148,2965,0,0,106,982,57,1533,106,2515,California
Lassen,2021-02-25,158,4231,21,1129,137,3102,0,0,99,1022,59,1592,99,2614,California
Lassen,2021-02-26,73,4304,16,1145,57,3159,0,0,36,1021,37,1629,36,2650,California
Lassen,2021-02-27,8,4312,7,1152,1,3160,0,0,3,1019,5,1634,3,2653,California
Lassen,2021-02-28,5,4317,0,1152,5,3165,0,0,3,1020,2,1636,3,2656,California
Lassen,2021-03-01,42,4359,4,1156,38,3203,0,0,8,995,33,1669,8,2664,California
Lassen,2021-03-02,106,4465,7,1163,99,3302,0,0,80,1050,25,1694,80,2744,California
Lassen,2021-03-03,167,4632,12,1175,155,3457,0,0,110,1103,57,1751,110,2854,California
Lassen,2021-03-04,149,4781,17,1192,132,3589,0,0,98,1151,50,1801,98,2952,California
Lassen,2021-03-05,49,4830,7,1199,18,3607,24,24,11,1148,38,1839,35,2987,California
Lassen,2021-03-06,55,4885,4,1203,29,3636,22,46,5,1125,50,1889,27,3014,California
Lassen,2021-03-07,57,4942,2,1205,0,3636,55,101,2,1127,55,1944,57,3071,California
Lassen,2021-03-08,89,5031,2,1207,7,3643,80,181,3,1124,86,2030,83,3154,California
Lassen,2021-03-09,137,5168,11,1218,109,3752,17,198,89,1182,48,2078,106,3260,California
Lassen,2021-03-10,173,5341,10,1228,161,3913,2,200,79,1170,93,2171,81,3341,California
Lassen,2021-03-11,183,5524,15,1243,161,4074,7,207,111,1219,69,2240,118,3459,California
Lassen,2021-03-12,34,5558,17,1260,13,4087,4,211,12,1213,22,2262,16,3475,California
Lassen,2021-03-13,48,5606,0,1260,2,4089,46,257,1,1212,47,2309,46,3521,California
Lassen,2021-03-14,14,5620,2,1262,11,4100,1,258,2,1203,12,2321,3,3524,California
Lassen,2021-03-15,34,5654,3,1265,31,4131,0,258,16,1201,18,2339,16,3540,California
Lassen,2021-03-16,93,5747,2,1267,85,4216,6,264,74,1262,19,2358,80,3620,California
Lassen,2021-03-17,1083,6830,9,1276,1069,5285,5,269,1064,2312,19,2377,1069,4689,California
Lassen,2021-03-18,93,6923,9,1285,83,5368,1,270,80,2380,13,2390,81,4770,California
Lassen,2021-03-19,17,6940,11,1296,2,5370,4,274,7,2381,10,2400,11,4781,California
Lassen,2021-03-20,28,6968,3,1299,22,5392,3,277,21,2398,7,2407,24,4805,California
Lassen,2021-03-21,34,7002,0,1299,34,5426,0,277,14,2393,19,2426,14,4819,California
Lassen,2021-03-22,58,7060,1,1300,57,5483,0,277,55,2445,3,2429,55,4874,California
Lassen,2021-03-23,120,7180,11,1311,108,5591,1,278,67,2460,53,2482,68,4942,California
Lassen,2021-03-24,213,7393,13,1324,199,5790,1,279,107,2464,104,2586,108,5050,California
Lassen,2021-03-25,152,7545,21,1345,131,5921,0,279,69,2450,83,2669,69,5119,California
Lassen,2021-03-26,78,7623,13,1358,26,5947,39,318,19,2449,58,2727,57,5176,California
Lassen,2021-03-27,19,7642,3,1361,1,5948,15,333,2,2449,17,2744,17,5193,California
Lassen,2021-03-28,18,7660,3,1364,5,5953,10,343,3,2447,15,2759,13,5206,California
Lassen,2021-03-29,52,7712,0,1364,27,5980,25,368,20,2461,31,2790,45,5251,California
Lassen,2021-03-30,197,7909,10,1374,161,6141,26,394,52,2394,145,2935,78,5329,California
Lassen,2021-03-31,146,8055,12,1386,112,6253,22,416,62,2394,84,3019,84,5413,California
Lassen,2021-04-01,165,8220,15,1401,131,6384,19,435,48,2345,116,3135,67,5480,California
Lassen,2021-04-02,30,8250,4,1405,3,6387,23,458,2,2342,28,3163,25,5505,California
Lassen,2021-04-03,12,8262,0,1405,2,6389,10,468,0,2340,12,3175,10,5515,California
Lassen,2021-04-04,7,8269,2,1407,0,6389,5,473,1,2340,6,3181,6,5521,California
Lassen,2021-04-05,22,8291,4,1411,11,6400,7,480,11,2347,11,3192,18,5539,California
Lassen,2021-04-06,183,8474,9,1420,144,6544,30,510,52,2298,131,3323,82,5621,California
Lassen,2021-04-07,134,8608,6,1426,91,6635,37,547,32,2267,102,3425,71,5692,California
Lassen,2021-04-08,166,8774,8,1434,102,6737,56,603,31,2223,131,3556,87,5779,California
Lassen,2021-04-09,51,8825,6,1440,10,6747,35,638,8,2223,42,3598,42,5821,California
Lassen,2021-04-10,9,8834,0,1440,2,6749,7,645,0,2222,8,3606,7,5828,California
Lassen,2021-04-11,5,8839,2,1442,0,6749,3,648,2,2224,3,3609,5,5833,California
Lassen,2021-04-12,31,8870,3,1445,15,6764,13,661,3,2212,28,3637,16,5849,California
Lassen,2021-04-13,129,8999,6,1451,123,6887,0,661,40,2164,88,3725,40,5889,California
Lassen,2021-04-14,987,9986,16,1467,971,7858,0,661,50,1278,936,4661,50,5939,California
Lassen,2021-04-15,147,10133,14,1481,133,7991,0,661,19,1169,128,4789,19,5958,California
Lassen,2021-04-16,11,10144,4,1485,7,7998,0,661,5,1168,6,4795,5,5963,California
Lassen,2021-04-17,22,10166,2,1487,20,8018,0,661,4,1154,18,4813,4,5967,California
Lassen,2021-04-18,5,10171,2,1489,3,8021,0,661,2,1153,3,4816,2,5969,California
Lassen,2021-04-19,32,10203,0,1489,32,8053,0,661,16,1153,16,4832,16,5985,California
Lassen,2021-04-20,138,10341,7,1496,131,8184,0,661,52,1119,86,4918,52,6037,California
Lassen,2021-04-21,164,10505,10,1506,154,8338,0,661,32,1021,130,5048,32,6069,California
Lassen,2021-04-22,103,10608,17,1523,86,8424,0,661,33,984,70,5118,33,6102,California
Lassen,2021-04-23,26,10634,1,1524,25,8449,0,661,20,998,6,5124,20,6122,California
Lassen,2021-04-24,9,10643,5,1529,4,8453,0,661,3,995,6,5130,3,6125,California
Lassen,2021-04-25,5,10648,0,1529,4,8457,1,662,3,997,2,5132,4,6129,California
Lassen,2021-04-26,40,10688,0,1529,36,8493,4,666,7,975,33,5165,11,6140,California
Lassen,2021-04-27,122,10810,9,1538,110,8603,3,669,69,994,53,5218,72,6212,California
Lassen,2021-04-28,84,10894,8,1546,74,8677,2,671,31,974,53,5271,33,6245,California
Lassen,2021-04-29,65,10959,6,1552,56,8733,3,674,22,957,42,5313,25,6270,California
Lassen,2021-04-30,13,10972,8,1560,2,8735,3,677,4,955,9,5322,7,6277,California
Lassen,2021-05-01,4,10976,0,1560,3,8738,1,678,3,958,1,5323,4,6281,California
Lassen,2021-05-02,11,10987,7,1567,4,8742,0,678,7,961,4,5327,7,6288,California
Lassen,2021-05-03,18,11005,1,1568,10,8752,7,685,3,956,15,5342,10,6298,California
Lassen,2021-05-04,71,11076,4,1572,59,8811,8,693,20,933,51,5393,28,6326,California
Lassen,2021-05-05,81,11157,4,1576,67,8878,10,703,26,915,54,5447,36,6362,California
Lassen,2021-05-06,83,11240,21,1597,40,8918,22,725,24,902,59,5506,46,6408,California
Lassen,2021-05-07,47,11287,32,1629,10,8928,5,730,39,938,8,5514,44,6452,California
Lassen,2021-05-08,11,11298,0,1629,5,8933,6,736,4,941,7,5521,10,6462,California
Lassen,2021-05-09,3,11301,1,1630,0,8933,2,738,0,940,3,5524,2,6464,California
Lassen,2021-05-10,13,11314,1,1631,9,8942,3,741,7,944,6,5530,10,6474,California
Lassen,2021-05-11,70,11384,1,1632,60,9002,9,750,19,921,51,5581,28,6502,California
Lassen,2021-05-12,41,11425,4,1636,32,9034,5,755,12,909,29,5610,17,6519,California
Lassen,2021-05-13,37,11462,11,1647,21,9055,5,760,12,901,25,5635,17,6536,California
Lassen,2021-05-14,23,11485,5,1652,10,9065,8,768,12,910,11,5646,20,6556,California
Lassen,2021-05-15,16,11501,2,1654,4,9069,10,778,4,912,12,5658,14,6570,California
Lassen,2021-05-16,7,11508,2,1656,3,9072,2,780,2,912,4,5662,4,6574,California
Lassen,2021-05-17,35,11543,3,1659,20,9092,12,792,11,911,24,5686,23,6597,California
Lassen,2021-05-18,95,11638,12,1671,70,9162,13,805,31,891,64,5750,44,6641,California
Lassen,2021-05-19,64,11702,6,1677,47,9209,11,816,11,860,52,5802,21,6662,California
Lassen,2021-05-20,30,11732,5,1682,16,9225,9,825,9,857,21,5823,18,6680,California
Lassen,2021-05-21,65,11797,31,1713,21,9246,13,838,35,875,30,5853,48,6728,California
Lassen,2021-05-22,16,11813,1,1714,7,9253,8,846,6,879,10,5863,14,6742,California
Lassen,2021-05-23,7,11820,4,1718,2,9255,1,847,1,875,6,5869,2,6744,California
Lassen,2021-05-24,2,11822,1,1719,0,9255,1,848,1,876,1,5870,2,6746,California
Los Angeles,2020-12-15,395,395,395,395,0,0,0,0,395,395,0,0,395,395,California
Los Angeles,2020-12-16,3584,3979,3584,3979,0,0,0,0,3584,3979,0,0,3584,3979,California
Los Angeles,2020-12-17,10289,14268,10289,14268,0,0,0,0,10290,14269,0,0,10290,14269,California
Los Angeles,2020-12-18,14552,28820,14529,28797,23,23,0,0,14552,28821,0,0,14552,28821,California
Los Angeles,2020-12-19,7233,36053,7225,36022,8,31,0,0,7234,36055,0,0,7234,36055,California
Los Angeles,2020-12-20,4602,40655,4594,40616,8,39,0,0,4604,40659,0,0,4604,40659,California
Los Angeles,2020-12-21,13724,54379,13708,54324,16,55,0,0,13724,54382,1,1,13724,54383,California
Los Angeles,2020-12-22,11548,65927,11158,65482,390,445,0,0,11549,65930,1,2,11549,65932,California
Los Angeles,2020-12-23,11961,77888,10195,75677,1766,2211,0,0,11961,77891,0,2,11961,77893,California
Los Angeles,2020-12-24,7026,84914,4258,79935,2768,4979,0,0,7028,84919,0,2,7028,84921,California
Los Angeles,2020-12-25,527,85441,421,80356,106,5085,0,0,527,85446,0,2,527,85448,California
Los Angeles,2020-12-26,2532,87973,2184,82540,348,5433,0,0,2532,87977,1,3,2532,87980,California
Los Angeles,2020-12-27,1766,89739,1031,83571,735,6168,0,0,1766,89743,0,3,1766,89746,California
Los Angeles,2020-12-28,10313,100052,6400,89971,3913,10081,0,0,10310,100052,1,4,10310,100056,California
Los Angeles,2020-12-29,11611,111663,6085,96056,5526,15607,0,0,11612,111664,0,4,11612,111668,California
Los Angeles,2020-12-30,14881,126544,8094,104150,6787,22394,0,0,14880,126544,0,4,14880,126548,California
Los Angeles,2020-12-31,7956,134500,2763,106913,5193,27587,0,0,7953,134495,2,6,7953,134501,California
Los Angeles,2021-01-01,1021,135521,280,107193,741,28328,0,0,1021,135516,0,6,1021,135522,California
Los Angeles,2021-01-02,4481,140002,1825,109018,2656,30984,0,0,4481,139997,0,6,4481,140003,California
Los Angeles,2021-01-03,956,140958,376,109394,580,31564,0,0,955,140951,1,7,955,140958,California
Los Angeles,2021-01-04,12728,153686,5012,114406,7716,39280,0,0,12713,153661,3,10,12713,153671,California
Los Angeles,2021-01-05,16076,169762,7404,121810,8672,47952,0,0,14165,165946,1884,1894,14169,167840,California
Los Angeles,2021-01-06,22709,192471,12238,134048,10471,58423,0,0,17079,177473,5561,7455,17088,184928,California
Los Angeles,2021-01-07,29405,221876,15943,149991,13462,71885,0,0,18855,185841,10502,17957,18870,203798,California
Los Angeles,2021-01-08,33174,255050,18014,168005,15160,87045,0,0,20909,194521,12239,30196,20919,224717,California
Los Angeles,2021-01-09,12390,267440,7156,175161,5234,92279,0,0,7509,197159,4878,35074,7516,232233,California
Los Angeles,2021-01-10,4693,272133,3729,178890,964,93243,0,0,1959,196385,2734,37808,1960,234193,California
Los Angeles,2021-01-11,25841,297974,16275,195165,9566,102809,0,0,14889,200342,10942,48750,14899,249092,California
Los Angeles,2021-01-12,29367,327341,16226,211391,13141,115950,0,0,19224,209453,10125,58875,19236,268328,California
Los Angeles,2021-01-13,29304,356645,15674,227065,13630,129580,0,0,20347,220866,8939,67814,20352,288680,California
Los Angeles,2021-01-14,29254,385899,12716,239781,16538,146118,0,0,23729,239101,5506,73320,23741,312421,California
Los Angeles,2021-01-15,33831,419730,12393,252174,21438,167556,0,0,30249,265802,3556,76876,30257,342678,California
Los Angeles,2021-01-16,17571,437301,4961,257135,12610,180166,0,0,15790,279824,1773,78649,15795,358473,California
Los Angeles,2021-01-17,5200,442501,2313,259448,2887,183053,0,0,4952,284531,247,78896,4954,363427,California
Los Angeles,2021-01-18,15636,458137,10098,269546,5538,188591,0,0,10910,290729,4714,83610,10912,374339,California
Los Angeles,2021-01-19,38526,496663,20615,290161,17911,206502,0,0,30715,313686,7770,91380,30727,405066,California
Los Angeles,2021-01-20,46154,542817,24157,314318,21997,228499,0,0,38667,344906,7457,98837,38677,443743,California
Los Angeles,2021-01-21,48688,591505,22445,336763,26243,254742,0,0,44405,385107,4219,103056,44420,488163,California
Los Angeles,2021-01-22,48061,639566,22343,359106,25718,280460,0,0,44622,426347,3394,106450,44634,532797,California
Los Angeles,2021-01-23,34008,673574,15723,374829,18285,298745,0,0,31948,456281,2027,108477,31961,564758,California
Los Angeles,2021-01-24,15738,689312,12213,387042,3525,302270,0,0,15188,470930,542,109019,15191,579949,California
Los Angeles,2021-01-25,38976,728288,16616,403658,22360,324630,0,0,30348,492696,8598,117617,30364,610313,California
Los Angeles,2021-01-26,49415,777703,24550,428208,24865,349495,0,0,41195,525724,8186,125803,41214,651527,California
Los Angeles,2021-01-27,48671,826374,25885,454093,22786,372281,0,0,39396,556005,9137,134940,39418,690945,California
Los Angeles,2021-01-28,48743,875117,23369,477462,25374,397655,0,0,40296,587991,8325,143265,40311,731256,California
Los Angeles,2021-01-29,49412,924529,25585,503047,23827,421482,0,0,39321,617590,9738,153003,39337,770593,California
Los Angeles,2021-01-30,30190,954719,15576,518623,14614,436096,0,0,25898,639279,4214,157217,25903,796496,California
Los Angeles,2021-01-31,12975,967694,10328,528951,2647,438743,0,0,12160,650642,801,158018,12164,808660,California
Los Angeles,2021-02-01,38582,1006276,16529,545480,22053,460796,0,0,28038,668181,10509,168527,28048,836708,California
Los Angeles,2021-02-02,44449,1050725,17909,563389,26540,487336,0,0,32268,688316,12140,180667,32275,868983,California
Los Angeles,2021-02-03,52172,1102897,19560,582949,32612,519948,0,0,37286,710968,14640,195307,37292,906275,California
Los Angeles,2021-02-04,57179,1160076,20663,603612,36516,556464,0,0,39119,732350,17751,213058,39133,945408,California
Los Angeles,2021-02-05,61360,1221436,21124,624736,40236,596700,0,0,39388,750194,21553,234611,39397,984805,California
Los Angeles,2021-02-06,35625,1257061,13390,638126,22235,618935,0,0,27165,768998,8383,242994,27187,1011992,California
Los Angeles,2021-02-07,10891,1267952,8460,646586,2431,621366,0,0,8496,775121,2380,245374,8503,1020495,California
Los Angeles,2021-02-08,46972,1314924,21720,668306,25252,646618,0,0,30743,789771,16095,261469,30745,1051240,California
Los Angeles,2021-02-09,55981,1370905,24744,693050,31237,677855,0,0,28538,790953,27363,288832,28545,1079785,California
Los Angeles,2021-02-10,66906,1437811,29372,722422,37534,715389,0,0,30737,785913,35787,324619,30747,1110532,California
Los Angeles,2021-02-11,58379,1496190,31211,753633,27168,742557,0,0,28239,784461,29695,354314,28243,1138775,California
Los Angeles,2021-02-12,59658,1555848,29876,783509,29782,772339,0,0,26020,777205,33292,387606,26036,1164811,California
Los Angeles,2021-02-13,33936,1589784,19751,803260,14185,786524,0,0,15536,774465,18314,405920,15574,1180385,California
Los Angeles,2021-02-14,21808,1611592,14888,818148,6920,793444,0,0,8763,770249,12982,418902,8766,1189151,California
Los Angeles,2021-02-15,32867,1644459,15962,834110,16905,810349,0,0,18060,773574,14741,433643,18066,1207217,California
Los Angeles,2021-02-16,64315,1708774,32663,866773,31652,842001,0,0,29984,769334,34237,467880,29997,1237214,California
Los Angeles,2021-02-17,64925,1773699,34584,901357,30341,872342,0,0,26598,757800,38138,506018,26604,1263818,California
Los Angeles,2021-02-18,68623,1842322,34845,936202,33778,906120,0,0,28718,746810,39719,545737,28729,1292547,California
Los Angeles,2021-02-19,58365,1900687,36055,972257,22310,928430,0,0,28631,745825,29632,575369,28647,1321194,California
Los Angeles,2021-02-20,32920,1933607,23963,996220,8957,937387,0,0,15869,744697,17005,592374,15877,1337071,California
Los Angeles,2021-02-21,22189,1955796,20524,1016744,1665,939052,0,0,11081,744732,11054,603428,11089,1348160,California
Los Angeles,2021-02-22,34588,1990384,25197,1041941,9391,948443,0,0,17891,746019,16618,620046,17905,1366065,California
Los Angeles,2021-02-23,54883,2045267,23704,1065645,31179,979622,0,0,21704,734677,33058,653104,21716,1387781,California
Los Angeles,2021-02-24,65026,2110293,28949,1094594,36077,1015699,0,0,28586,727014,36268,689372,28605,1416386,California
Los Angeles,2021-02-25,74147,2184440,33943,1128537,40204,1055903,0,0,39017,731078,34966,724338,39030,1455416,California
Los Angeles,2021-02-26,83700,2268140,38746,1167283,44954,1100857,0,0,48117,743873,35353,759691,48148,1503564,California
Los Angeles,2021-02-27,60250,2328390,26500,1193783,33746,1134603,4,4,31020,745846,29074,788765,31047,1534611,California
Los Angeles,2021-02-28,26868,2355258,18540,1212323,8325,1142928,3,7,18877,756844,7888,796653,18886,1553497,California
Los Angeles,2021-03-01,56827,2412085,32290,1244613,24512,1167440,25,32,34166,768557,22494,819147,34207,1587704,California
Los Angeles,2021-03-02,77536,2489621,37703,1282316,39830,1207270,3,35,48967,789098,28441,847588,48982,1636686,California
Los Angeles,2021-03-03,84491,2574112,43074,1325390,41405,1248675,12,47,53432,811672,30894,878482,53468,1690154,California
Los Angeles,2021-03-04,90603,2664715,46525,1371915,44067,1292742,11,58,57188,835653,33237,911719,57218,1747372,California
Los Angeles,2021-03-05,89899,2754614,44382,1416297,45487,1338229,30,88,60274,866554,29437,941156,60338,1807710,California
Los Angeles,2021-03-06,67264,2821878,34285,1450582,31161,1369390,1818,1906,43380,888015,23740,964896,45201,1852911,California
Los Angeles,2021-03-07,27186,2849064,20755,1471337,5618,1375008,813,2719,21046,903757,6111,971007,21853,1874764,California
Los Angeles,2021-03-08,52723,2901787,27891,1499228,22883,1397891,1949,4668,39865,932809,12758,983765,41810,1916574,California
Los Angeles,2021-03-09,81358,2983145,38658,1537886,39423,1437314,3277,7945,51844,958555,29365,1013130,55111,1971685,California
Los Angeles,2021-03-10,82999,3066144,40862,1578748,37258,1474572,4879,12824,52553,985669,30279,1043409,57393,2029078,California
Los Angeles,2021-03-11,92728,3158872,45267,1624015,40778,1515350,6683,19507,54330,1008422,38216,1081625,60969,2090047,California
Los Angeles,2021-03-12,98838,3257710,44503,1668518,40425,1555775,13910,33417,57634,1038936,41006,1122631,71520,2161567,California
Los Angeles,2021-03-13,75499,3333209,35764,1704282,27768,1583543,11967,45384,45091,1065666,30299,1152930,57029,2218596,California
Los Angeles,2021-03-14,39051,3372260,26282,1730564,10232,1593775,2537,47921,23985,1077167,15000,1167930,26501,2245097,California
Los Angeles,2021-03-15,74876,3447136,36492,1767056,32934,1626709,5450,53371,45374,1098639,29327,1197257,50799,2295896,California
Los Angeles,2021-03-16,99822,3546958,43649,1810705,50295,1677004,5878,59249,64671,1134181,34964,1232221,70506,2366402,California
Los Angeles,2021-03-17,97064,3644022,43959,1854664,44796,1721800,8309,67558,64936,1175366,31927,1264148,73112,2439514,California
Los Angeles,2021-03-18,101808,3745830,48683,1903347,47802,1769602,5323,72881,64629,1208407,36897,1301045,69938,2509452,California
Los Angeles,2021-03-19,109100,3854930,56904,1960251,47429,1817031,4767,77648,67287,1238863,41547,1342592,72003,2581455,California
Los Angeles,2021-03-20,76284,3931214,37677,1997928,34022,1851053,4585,82233,51778,1270884,24325,1366917,56346,2637801,California
Los Angeles,2021-03-21,34594,3965808,25734,2023662,7959,1859012,901,83134,22209,1281723,12269,1379186,23108,2660909,California
Los Angeles,2021-03-22,70749,4036557,41542,2065204,27057,1886069,2150,85284,49680,1312737,20813,1399999,51827,2712736,California
Los Angeles,2021-03-23,96300,4132857,52080,2117284,40994,1927063,3226,88510,58348,1336603,37695,1437694,61561,2774297,California
Los Angeles,2021-03-24,104794,4237651,55703,2172987,45947,1973010,3144,91654,60784,1356822,43697,1481391,63916,2838213,California
Los Angeles,2021-03-25,110476,4348127,59268,2232255,47322,2020332,3886,95540,62132,1374767,48055,1529446,66000,2904213,California
Los Angeles,2021-03-26,115126,4463253,63258,2295513,47692,2068024,4176,99716,63535,1391139,51312,1580758,67684,2971897,California
Los Angeles,2021-03-27,83463,4546716,44254,2339767,37078,2105102,2131,101847,42670,1395403,40538,1621296,44802,3016699,California
Los Angeles,2021-03-28,42135,4588851,28579,2368346,12972,2118074,584,102431,20041,1394058,21970,1643266,20625,3037324,California
Los Angeles,2021-03-29,82878,4671729,47078,2415424,34029,2152103,1771,104202,46067,1405275,36612,1679878,47829,3085153,California
Los Angeles,2021-03-30,108809,4780538,51981,2467405,50898,2203001,5930,110132,56887,1416376,51690,1731568,62791,3147944,California
Los Angeles,2021-03-31,122426,4902964,61981,2529386,51616,2254617,8829,118961,68498,1440029,53630,1785198,77283,3225227,California
Los Angeles,2021-04-01,133020,5035984,62443,2591829,55229,2309846,15348,134309,71798,1466195,60917,1846115,87083,3312310,California
Los Angeles,2021-04-02,131486,5167470,58544,2650373,57471,2367317,15471,149780,69973,1490447,61183,1907298,85435,3397745,California
Los Angeles,2021-04-03,98307,5265777,45062,2695435,39645,2406962,13600,163380,48305,1502470,49820,1957118,61843,3459588,California
Los Angeles,2021-04-04,39161,5304938,20500,2715935,12032,2418994,6629,170009,16363,1502703,22724,1979842,22957,3482545,California
Los Angeles,2021-04-05,93571,5398509,44278,2760213,39115,2458109,10178,180187,44386,1508223,48987,2028829,54507,3537052,California
Los Angeles,2021-04-06,120792,5519301,56884,2817097,43637,2501746,20271,200458,55331,1518531,65216,2094045,75524,3612576,California
Los Angeles,2021-04-07,119697,5638998,54470,2871567,44155,2545901,21072,221530,54125,1528325,65324,2159369,75118,3687694,California
Los Angeles,2021-04-08,131942,5770940,58077,2929644,49917,2595818,23948,245478,59637,1539750,72027,2231396,83452,3771146,California
Los Angeles,2021-04-09,130400,5901340,56411,2986055,50193,2646011,23796,269274,55793,1544896,74323,2305719,79469,3850615,California
Los Angeles,2021-04-10,100759,6002099,42757,3028812,34098,2680109,23904,293178,36861,1541870,63669,2369388,60643,3911258,California
Los Angeles,2021-04-11,41623,6043722,22493,3051305,9608,2689717,9522,302700,14089,1537974,27453,2396841,23557,3934815,California
Los Angeles,2021-04-12,78541,6122263,38424,3089729,33845,2723562,6272,308972,32105,1530057,46239,2443080,38322,3973137,California
Los Angeles,2021-04-13,116934,6239197,58890,3148619,57620,2781182,424,309396,61591,1536965,55114,2498194,62022,4035159,California
Los Angeles,2021-04-14,118526,6357723,59419,3208038,58976,2840158,131,309527,64274,1547371,53993,2552187,64399,4099558,California
Los Angeles,2021-04-15,129667,6487390,70170,3278208,59326,2899484,171,309698,74241,1566486,55162,2607349,74277,4173835,California
Los Angeles,2021-04-16,129902,6617292,68712,3346920,61048,2960532,142,309840,68363,1573656,61266,2668615,68436,4242271,California
Los Angeles,2021-04-17,97993,6715285,51269,3398189,46699,3007231,25,309865,55868,1587629,41919,2710534,55892,4298163,California
Los Angeles,2021-04-18,33826,6749111,22438,3420627,11387,3018618,1,309866,18439,1590760,15315,2725849,18446,4316609,California
Los Angeles,2021-04-19,74757,6823868,39585,3460212,35160,3053778,12,309878,33174,1582545,41410,2767259,33195,4349804,California
Los Angeles,2021-04-20,102778,6926646,50174,3510386,52582,3106360,22,309900,51046,1582114,51501,2818760,51070,4400874,California
Los Angeles,2021-04-21,109208,7035854,52551,3562937,56469,3162829,188,310088,48140,1569685,60757,2879517,48328,4449202,California
Los Angeles,2021-04-22,114997,7150851,59349,3622286,55616,3218445,32,310120,50442,1555902,64262,2943779,50479,4499681,California
Los Angeles,2021-04-23,113899,7264750,62484,3684770,51396,3269841,19,310139,54029,1550371,59578,3003357,54047,4553728,California
Los Angeles,2021-04-24,88117,7352867,56808,3741578,31283,3301124,26,310165,49067,1560640,38831,3042188,49100,4602828,California
Los Angeles,2021-04-25,37799,7390666,25131,3766709,12663,3313787,5,310170,20424,1563794,17275,3059463,20429,4623257,California
Los Angeles,2021-04-26,69192,7459858,37120,3803829,31623,3345410,449,310619,34063,1563361,34939,3094402,34506,4657763,California
Los Angeles,2021-04-27,86266,7546124,41775,3845604,42801,3388211,1690,312309,32897,1544824,53113,3147515,34576,4692339,California
Los Angeles,2021-04-28,84525,7630649,40871,3886475,41624,3429835,2030,314339,32951,1528506,51288,3198803,34970,4727309,California
Los Angeles,2021-04-29,90929,7721578,45410,3931885,43391,3473226,2128,316467,32235,1504534,58331,3257134,34359,4761668,California
Los Angeles,2021-04-30,98775,7820353,49119,3981004,47263,3520489,2393,318860,35814,1480145,62580,3319714,38191,4799859,California
Los Angeles,2021-05-01,74774,7895127,42099,4023103,31180,3551669,1495,320355,28249,1463631,46252,3365966,29738,4829597,California
Los Angeles,2021-05-02,27886,7923013,17892,4040995,9261,3560930,733,321088,10096,1456778,17679,3383645,10826,4840423,California
Los Angeles,2021-05-03,60340,7983353,29660,4070655,28527,3589457,2153,323241,21247,1441306,38859,3422504,23387,4863810,California
Los Angeles,2021-05-04,85024,8068377,46875,4117530,35940,3625397,2209,325450,25947,1410666,58781,3481285,28141,4891951,California
Los Angeles,2021-05-05,87936,8156313,51312,4168842,34299,3659696,2325,327775,23950,1373246,63684,3544969,26264,4918215,California
Los Angeles,2021-05-06,95426,8251739,57617,4226459,35325,3695021,2484,330259,22649,1325954,72411,3617380,25119,4943334,California
Los Angeles,2021-05-07,94906,8346645,56609,4283068,35974,3730995,2323,332582,25736,1285145,68849,3686229,28040,4971374,California
Los Angeles,2021-05-08,63231,8409876,41679,4324747,19943,3750938,1609,334191,17067,1258120,45693,3731922,18668,4990042,California
Los Angeles,2021-05-09,23692,8433568,17908,4342655,5053,3755991,731,334922,6063,1247490,17419,3749341,6789,4996831,California
Los Angeles,2021-05-10,48161,8481729,25293,4367948,21039,3777030,1829,336751,14406,1230261,33457,3782798,16228,5013059,California
Los Angeles,2021-05-11,66499,8548228,35754,4403702,28777,3805807,1968,338719,16934,1199817,49325,3832123,18881,5031940,California
Los Angeles,2021-05-12,66667,8614895,35997,4439699,28567,3834374,2103,340822,18727,1172968,47665,3879788,20816,5052756,California
Los Angeles,2021-05-13,69139,8684034,41823,4481522,25696,3860070,1620,342442,24182,1154227,44531,3924319,25790,5078546,California
Los Angeles,2021-05-14,86376,8770410,55116,4536638,29482,3889552,1778,344220,32657,1135240,53416,3977735,34429,5112975,California
Los Angeles,2021-05-15,73435,8843845,51980,4588618,20009,3909561,1446,345666,28508,1120506,44676,4022411,29942,5142917,California
Los Angeles,2021-05-16,30220,8874065,23903,4612521,5716,3915277,601,346267,12046,1115062,18087,4040498,12643,5155560,California
Los Angeles,2021-05-17,60495,8934560,39636,4652157,19170,3934447,1689,347956,26000,1108453,34281,4074779,27672,5183232,California
Los Angeles,2021-05-18,63243,8997803,38014,4690171,23467,3957914,1762,349718,26731,1100667,36247,4111026,28461,5211693,California
Los Angeles,2021-05-19,66406,9064209,40259,4730430,24348,3982262,1799,351517,29230,1094752,36926,4147952,31011,5242704,California
Los Angeles,2021-05-20,52093,9116302,29484,4759914,20850,4003112,1759,353276,20439,1085578,31369,4179321,22195,5264899,California
Los Angeles,2021-05-21,54266,9170568,33942,4793856,18581,4021693,1743,355019,22532,1078378,31471,4210792,24271,5289170,California
Los Angeles,2021-05-22,43058,9213626,28897,4822753,12763,4034456,1398,356417,18493,1073853,24408,4235200,19883,5309053,California
Los Angeles,2021-05-23,14047,9227673,11125,4833878,2293,4036749,629,357046,7259,1075008,6730,4241930,7885,5316938,California
Los Angeles,2021-05-24,26483,9254156,14776,4848654,10582,4047331,1125,358171,9239,1068227,17131,4259061,10350,5327288,California
Madera,2020-12-16,21,21,21,21,0,0,0,0,21,21,0,0,21,21,California
Madera,2020-12-17,13,34,13,34,0,0,0,0,13,34,0,0,13,34,California
Madera,2020-12-18,60,94,60,94,0,0,0,0,60,94,0,0,60,94,California
Madera,2020-12-19,5,99,5,99,0,0,0,0,5,99,0,0,5,99,California
Madera,2020-12-20,14,113,14,113,0,0,0,0,14,113,0,0,14,113,California
Madera,2020-12-21,59,172,59,172,0,0,0,0,59,172,0,0,59,172,California
Madera,2020-12-22,97,269,95,267,2,2,0,0,97,269,0,0,97,269,California
Madera,2020-12-23,68,337,68,335,0,2,0,0,68,337,0,0,68,337,California
Madera,2020-12-24,45,382,40,375,5,7,0,0,45,382,0,0,45,382,California
Madera,2020-12-26,28,410,26,401,2,9,0,0,28,410,0,0,28,410,California
Madera,2020-12-27,29,439,12,413,17,26,0,0,29,439,0,0,29,439,California
Madera,2020-12-28,106,545,36,449,70,96,0,0,106,545,0,0,106,545,California
Madera,2020-12-29,172,717,37,486,135,231,0,0,172,717,0,0,172,717,California
Madera,2020-12-30,219,936,86,572,133,364,0,0,219,936,0,0,219,936,California
Madera,2020-12-31,201,1137,80,652,121,485,0,0,201,1137,0,0,201,1137,California
Madera,2021-01-01,1,1138,1,653,0,485,0,0,1,1138,0,0,1,1138,California
Madera,2021-01-02,89,1227,33,686,56,541,0,0,89,1227,0,0,89,1227,California
Madera,2021-01-03,5,1232,5,691,0,541,0,0,5,1232,0,0,5,1232,California
Madera,2021-01-04,129,1361,65,756,64,605,0,0,129,1361,0,0,129,1361,California
Madera,2021-01-05,279,1640,143,899,136,741,0,0,275,1632,4,4,275,1636,California
Madera,2021-01-06,183,1823,26,925,157,898,0,0,164,1777,19,23,164,1800,California
Madera,2021-01-07,399,2222,116,1041,283,1181,0,0,377,2132,22,45,377,2177,California
Madera,2021-01-08,418,2640,72,1113,346,1527,0,0,363,2442,54,99,364,2541,California
Madera,2021-01-09,36,2676,14,1127,22,1549,0,0,27,2460,9,108,27,2568,California
Madera,2021-01-10,17,2693,14,1141,3,1552,0,0,5,2453,12,120,5,2573,California
Madera,2021-01-11,238,2931,190,1331,48,1600,0,0,197,2609,41,161,197,2770,California
Madera,2021-01-12,392,3323,159,1490,233,1833,0,0,287,2791,105,266,287,3057,California
Madera,2021-01-13,184,3507,91,1581,93,1926,0,0,128,2864,56,322,129,3186,California
Madera,2021-01-14,553,4060,81,1662,472,2398,0,0,519,3349,34,356,519,3705,California
Madera,2021-01-15,599,4659,160,1822,439,2837,0,0,578,3906,21,377,578,4283,California
Madera,2021-01-16,382,5041,48,1870,334,3171,0,0,354,4232,28,405,354,4637,California
Madera,2021-01-17,335,5376,15,1885,320,3491,0,0,331,4559,4,409,331,4968,California
Madera,2021-01-18,77,5453,60,1945,17,3508,0,0,58,4599,18,427,58,5026,California
Madera,2021-01-19,572,6025,136,2081,436,3944,0,0,544,5116,28,455,545,5571,California
Madera,2021-01-20,235,6260,80,2161,155,4099,0,0,207,5296,27,482,207,5778,California
Madera,2021-01-21,238,6498,131,2292,107,4206,0,0,205,5470,31,513,205,5983,California
Madera,2021-01-22,257,6755,83,2375,174,4380,0,0,243,5699,14,527,243,6226,California
Madera,2021-01-23,100,6855,52,2427,48,4428,0,0,76,5751,24,551,76,6302,California
Madera,2021-01-24,100,6955,82,2509,18,4446,0,0,78,5807,22,573,78,6380,California
Madera,2021-01-25,264,7219,126,2635,138,4584,0,0,145,5833,119,692,145,6525,California
Madera,2021-01-26,486,7705,189,2824,297,4881,0,0,295,5939,190,882,296,6821,California
Madera,2021-01-27,737,8442,63,2887,674,5555,0,0,600,6404,137,1019,602,7423,California
Madera,2021-01-28,544,8986,108,2995,436,5991,0,0,441,6742,103,1122,441,7864,California
Madera,2021-01-29,466,9452,94,3089,372,6363,0,0,411,7098,55,1177,411,8275,California
Madera,2021-01-30,505,9957,16,3105,489,6852,0,0,451,7495,54,1231,451,8726,California
Madera,2021-01-31,9,9966,6,3111,3,6855,0,0,8,7502,1,1232,8,8734,California
Madera,2021-02-01,332,10298,148,3259,184,7039,0,0,206,7582,126,1358,206,8940,California
Madera,2021-02-02,252,10550,88,3347,164,7203,0,0,161,7654,90,1448,162,9102,California
Madera,2021-02-03,595,11145,461,3808,134,7337,0,0,475,8012,118,1566,476,9578,California
Madera,2021-02-04,392,11537,124,3932,268,7605,0,0,114,7850,277,1843,115,9693,California
Madera,2021-02-05,975,12512,297,4229,678,8283,0,0,369,7619,601,2444,370,10063,California
Madera,2021-02-06,360,12872,326,4555,34,8317,0,0,320,7900,39,2483,320,10383,California
Madera,2021-02-07,34,12906,6,4561,28,8345,0,0,29,7924,5,2488,29,10412,California
Madera,2021-02-08,383,13289,307,4868,76,8421,0,0,269,8080,113,2601,269,10681,California
Madera,2021-02-09,479,13768,118,4986,361,8782,0,0,197,7999,279,2880,198,10879,California
Madera,2021-02-10,431,14199,149,5135,282,9064,0,0,325,8218,106,2986,325,11204,California
Madera,2021-02-11,939,15138,308,5443,631,9695,0,0,408,8097,530,3516,409,11613,California
Madera,2021-02-12,842,15980,120,5563,722,10417,0,0,311,7886,525,4041,314,11927,California
Madera,2021-02-13,484,16464,43,5606,441,10858,0,0,138,7682,345,4386,141,12068,California
Madera,2021-02-14,399,16863,75,5681,324,11182,0,0,135,7554,264,4650,136,12204,California
Madera,2021-02-15,246,17109,100,5781,146,11328,0,0,175,7659,70,4720,175,12379,California
Madera,2021-02-16,774,17883,183,5964,591,11919,0,0,228,7344,544,5264,229,12608,California
Madera,2021-02-17,610,18493,274,6238,336,12255,0,0,340,7421,265,5529,342,12950,California
Madera,2021-02-18,1300,19793,540,6778,760,13015,0,0,1121,8364,179,5708,1122,14072,California
Madera,2021-02-19,858,20651,543,7321,315,13330,0,0,716,8939,142,5850,717,14789,California
Madera,2021-02-20,1070,21721,979,8300,91,13421,0,0,998,9867,71,5921,999,15788,California
Madera,2021-02-21,962,22683,819,9119,143,13564,0,0,957,10819,5,5926,957,16745,California
Madera,2021-02-22,910,23593,834,9953,76,13640,0,0,855,11619,55,5981,855,17600,California
Madera,2021-02-23,774,24367,501,10454,273,13913,0,0,546,11940,225,6206,546,18146,California
Madera,2021-02-24,908,25275,299,10753,609,14522,0,0,378,11789,529,6735,378,18524,California
Madera,2021-02-25,1032,26307,317,11070,715,15237,0,0,599,11957,431,7166,599,19123,California
Madera,2021-02-26,1087,27394,197,11267,890,16127,0,0,711,12294,374,7540,711,19834,California
Madera,2021-02-27,893,28287,261,11528,632,16759,0,0,469,12345,421,7961,472,20306,California
Madera,2021-02-28,188,28475,28,11556,160,16919,0,0,183,12523,5,7966,183,20489,California
Madera,2021-03-01,374,28849,119,11675,255,17174,0,0,194,12539,178,8144,194,20683,California
Madera,2021-03-02,744,29593,351,12026,393,17567,0,0,631,13059,112,8256,632,21315,California
Madera,2021-03-03,1346,30939,719,12745,627,18194,0,0,942,13626,401,8657,968,22283,California
Madera,2021-03-04,1202,32141,527,13272,675,18869,0,0,953,14332,250,8907,956,23239,California
Madera,2021-03-05,1344,33485,421,13693,910,19779,13,13,1079,15172,263,9170,1103,24342,California
Madera,2021-03-06,810,34295,629,14322,149,19928,32,45,492,15380,317,9487,525,24867,California
Madera,2021-03-07,154,34449,28,14350,104,20032,22,67,104,15456,50,9537,126,24993,California
Madera,2021-03-08,595,35044,335,14685,201,20233,59,126,303,15528,292,9829,364,25357,California
Madera,2021-03-09,593,35637,296,14981,263,20496,34,160,407,15793,184,10013,449,25806,California
Madera,2021-03-10,1184,36821,560,15541,546,21042,78,238,755,16202,425,10438,834,26640,California
Madera,2021-03-11,1681,38502,865,16406,484,21526,332,570,767,16401,912,11350,1111,27751,California
Madera,2021-03-12,1565,40067,809,17215,601,22127,155,725,790,16598,773,12123,970,28721,California
Madera,2021-03-13,1875,41942,1329,18544,348,22475,198,923,808,16557,1063,13186,1022,29743,California
Madera,2021-03-14,584,42526,449,18993,103,22578,32,955,294,16597,287,13473,327,30070,California
Madera,2021-03-15,738,43264,222,19215,469,23047,47,1002,513,16960,222,13695,585,30655,California
Madera,2021-03-16,929,44193,524,19739,358,23405,47,1049,740,17578,186,13881,804,31459,California
Madera,2021-03-17,1463,45656,979,20718,421,23826,63,1112,909,18094,546,14427,1062,32521,California
Madera,2021-03-18,1945,47601,683,21401,1202,25028,60,1172,973,18244,967,15394,1117,33638,California
Madera,2021-03-19,1583,49184,589,21990,910,25938,84,1256,1041,18896,539,15933,1191,34829,California
Madera,2021-03-20,1181,50365,775,22765,355,26293,51,1307,619,19053,561,16494,718,35547,California
Madera,2021-03-21,1100,51465,898,23663,156,26449,46,1353,382,18767,715,17209,429,35976,California
Madera,2021-03-22,1360,52825,852,24515,440,26889,68,1421,686,18892,671,17880,796,36772,California
Madera,2021-03-23,1418,54243,861,25376,467,27356,90,1511,676,19000,740,18620,848,37620,California
Madera,2021-03-24,945,55188,506,25882,408,27764,31,1542,616,19325,326,18946,651,38271,California
Madera,2021-03-25,1167,56355,528,26410,615,28379,24,1566,645,19495,512,19458,682,38953,California
Madera,2021-03-26,1518,57873,578,26988,808,29187,132,1698,710,19536,804,20262,845,39798,California
Madera,2021-03-27,919,58792,599,27587,296,29483,24,1722,416,19478,499,20761,441,40239,California
Madera,2021-03-28,434,59226,151,27738,222,29705,61,1783,242,19643,191,20952,356,40595,California
Madera,2021-03-29,685,59911,179,27917,477,30182,29,1812,491,19977,190,21142,524,41119,California
Madera,2021-03-30,1071,60982,604,28521,435,30617,32,1844,480,19902,588,21730,513,41632,California
Madera,2021-03-31,1394,62376,544,29065,716,31333,134,1978,428,19506,960,22690,564,42196,California
Madera,2021-04-01,1340,63716,620,29685,669,32002,51,2029,470,19162,863,23553,519,42715,California
Madera,2021-04-02,1598,65314,459,30144,1081,33083,58,2087,476,18586,1111,24664,535,43250,California
Madera,2021-04-03,958,66272,761,30905,177,33260,20,2107,395,18449,561,25225,424,43674,California
Madera,2021-04-04,187,66459,65,30970,120,33380,2,2109,88,18440,99,25324,90,43764,California
Madera,2021-04-05,736,67195,255,31225,423,33803,58,2167,343,18463,392,25716,415,44179,California
Madera,2021-04-06,1701,68896,887,32112,464,34267,350,2517,531,18176,1169,26885,882,45061,California
Madera,2021-04-07,1202,70098,374,32486,679,34946,149,2666,414,17960,785,27670,569,45630,California
Madera,2021-04-08,1699,71797,656,33142,786,35732,257,2923,542,17614,1151,28821,805,46435,California
Madera,2021-04-09,1620,73417,682,33824,790,36522,148,3071,936,18022,679,29500,1087,47522,California
Madera,2021-04-10,956,74373,679,34503,210,36732,67,3138,705,18543,252,29752,773,48295,California
Madera,2021-04-11,800,75173,648,35151,74,36806,78,3216,282,18386,515,30267,358,48653,California
Madera,2021-04-12,781,75954,268,35419,436,37242,77,3293,302,18287,479,30746,380,49033,California
Madera,2021-04-13,1234,77188,607,36026,586,37828,41,3334,717,18540,515,31261,768,49801,California
Madera,2021-04-14,1379,78567,853,36879,526,38354,0,3334,568,18302,812,32073,574,50375,California
Madera,2021-04-15,1153,79720,499,37378,653,39007,1,3335,421,18005,720,32793,423,50798,California
Madera,2021-04-16,1307,81027,535,37913,772,39779,0,3335,365,17440,931,33724,366,51164,California
Madera,2021-04-17,1267,82294,1069,38982,198,39977,0,3335,757,17687,510,34234,757,51921,California
Madera,2021-04-18,244,82538,207,39189,37,40014,0,3335,88,17620,155,34389,88,52009,California
Madera,2021-04-19,804,83342,236,39425,567,40581,1,3336,277,17376,521,34910,277,52286,California
Madera,2021-04-20,871,84213,427,39852,444,41025,0,3336,215,16940,653,35563,217,52503,California
Madera,2021-04-21,857,85070,452,40304,405,41430,0,3336,289,16663,568,36131,291,52794,California
Madera,2021-04-22,1059,86129,510,40814,549,41979,0,3336,372,16353,683,36814,373,53167,California
Madera,2021-04-23,960,87089,306,41120,654,42633,0,3336,334,16066,621,37435,334,53501,California
Madera,2021-04-24,705,87794,463,41583,242,42875,0,3336,246,15858,455,37890,247,53748,California
Madera,2021-04-25,265,88059,161,41744,101,42976,3,3339,118,15837,143,38033,122,53870,California
Madera,2021-04-26,518,88577,97,41841,415,43391,6,3345,111,15550,404,38437,117,53987,California
Madera,2021-04-27,564,89141,265,42106,278,43669,21,3366,297,15603,266,38703,319,54306,California
Madera,2021-04-28,489,89630,196,42302,274,43943,19,3385,240,15614,247,38950,258,54564,California
Madera,2021-04-29,537,90167,240,42542,270,44213,27,3412,250,15611,280,39230,277,54841,California
Madera,2021-04-30,919,91086,501,43043,402,44615,16,3428,255,15223,659,39889,271,55112,California
Madera,2021-05-01,958,92044,864,43907,81,44696,13,3441,384,15047,573,40462,397,55509,California
Madera,2021-05-02,400,92444,351,44258,45,44741,4,3445,148,14947,252,40714,152,55661,California
Madera,2021-05-03,503,92947,201,44459,262,45003,40,3485,101,14689,399,41113,141,55802,California
Madera,2021-05-04,882,93829,433,44892,409,45412,40,3525,211,14269,671,41784,251,56053,California
Madera,2021-05-05,994,94823,473,45365,462,45874,59,3584,273,13882,719,42503,332,56385,California
Madera,2021-05-06,696,95519,248,45613,417,46291,31,3615,154,13530,537,43040,185,56570,California
Madera,2021-05-07,806,96325,279,45892,506,46797,21,3636,194,13137,607,43647,214,56784,California
Madera,2021-05-08,968,97293,756,46648,202,46999,10,3646,186,12552,781,44428,196,56980,California
Madera,2021-05-09,145,97438,19,46667,115,47114,11,3657,34,12487,110,44538,45,57025,California
Madera,2021-05-10,343,97781,73,46740,258,47372,12,3669,99,12355,243,44781,111,57136,California
Madera,2021-05-11,525,98306,174,46914,343,47715,8,3677,172,12184,351,45132,180,57316,California
Madera,2021-05-12,491,98797,222,47136,233,47948,36,3713,119,11969,370,45502,155,57471,California
Madera,2021-05-13,475,99272,286,47422,157,48105,32,3745,154,11836,319,45821,186,57657,California
Madera,2021-05-14,523,99795,261,47683,239,48344,23,3768,230,11799,290,46111,253,57910,California
Madera,2021-05-15,560,100355,475,48158,77,48421,8,3776,363,11975,195,46306,371,58281,California
Madera,2021-05-16,253,100608,186,48344,37,48458,30,3806,103,11958,150,46456,133,58414,California
Madera,2021-05-17,450,101058,186,48530,235,48693,29,3835,206,11952,241,46697,235,58649,California
Madera,2021-05-18,542,101600,363,48893,158,48851,21,3856,286,12007,252,46949,307,58956,California
Madera,2021-05-19,481,102081,222,49115,237,49088,22,3878,215,11979,265,47214,237,59193,California
Madera,2021-05-20,537,102618,240,49355,259,49347,38,3916,203,11892,328,47542,241,59434,California
Madera,2021-05-21,445,103063,165,49520,256,49603,24,3940,162,11800,278,47820,186,59620,California
Madera,2021-05-22,790,103853,715,50235,61,49664,14,3954,484,11993,305,48125,498,60118,California
Madera,2021-05-23,238,104091,227,50462,2,49666,9,3963,127,12019,110,48235,136,60254,California
Madera,2021-05-24,156,104247,83,50545,53,49719,20,3983,57,11997,99,48334,77,60331,California
Marin,2020-12-15,2,2,2,2,0,0,0,0,2,2,0,0,2,2,California
Marin,2020-12-16,109,111,109,111,0,0,0,0,109,111,0,0,109,111,California
Marin,2020-12-17,262,373,262,373,0,0,0,0,262,373,0,0,262,373,California
Marin,2020-12-18,376,749,376,749,0,0,0,0,376,749,0,0,376,749,California
Marin,2020-12-19,348,1097,347,1096,1,1,0,0,348,1097,0,0,348,1097,California
Marin,2020-12-20,166,1263,165,1261,1,2,0,0,166,1263,0,0,166,1263,California
Marin,2020-12-21,238,1501,235,1496,3,5,0,0,238,1501,0,0,238,1501,California
Marin,2020-12-22,523,2024,319,1815,204,209,0,0,523,2024,0,0,523,2024,California
Marin,2020-12-23,735,2759,321,2136,414,623,0,0,735,2759,0,0,735,2759,California
Marin,2020-12-24,357,3116,159,2295,198,821,0,0,357,3116,0,0,357,3116,California
Marin,2020-12-25,27,3143,0,2295,27,848,0,0,27,3143,0,0,27,3143,California
Marin,2020-12-26,143,3286,93,2388,50,898,0,0,143,3286,0,0,143,3286,California
Marin,2020-12-27,92,3378,55,2443,37,935,0,0,92,3378,0,0,92,3378,California
Marin,2020-12-28,408,3786,99,2542,309,1244,0,0,408,3786,0,0,408,3786,California
Marin,2020-12-29,403,4189,88,2630,315,1559,0,0,403,4189,0,0,403,4189,California
Marin,2020-12-30,626,4815,389,3019,237,1796,0,0,626,4815,0,0,626,4815,California
Marin,2020-12-31,198,5013,34,3053,164,1960,0,0,198,5013,0,0,198,5013,California
Marin,2021-01-01,19,5032,9,3062,10,1970,0,0,19,5032,0,0,19,5032,California
Marin,2021-01-02,113,5145,107,3169,6,1976,0,0,113,5145,0,0,113,5145,California
Marin,2021-01-03,49,5194,31,3200,18,1994,0,0,46,5191,0,0,46,5191,California
Marin,2021-01-04,295,5489,192,3392,103,2097,0,0,294,5484,1,1,294,5485,California
Marin,2021-01-05,369,5858,222,3614,147,2244,0,0,326,5767,43,44,326,5811,California
Marin,2021-01-06,818,6676,318,3932,500,2744,0,0,638,6225,180,224,638,6449,California
Marin,2021-01-07,886,7562,500,4432,386,3130,0,0,542,6423,344,568,542,6991,California
Marin,2021-01-08,970,8532,515,4947,455,3585,0,0,593,6640,376,944,593,7584,California
Marin,2021-01-09,620,9152,223,5170,397,3982,0,0,488,6996,132,1076,488,8072,California
Marin,2021-01-10,128,9280,99,5269,29,4011,0,0,55,6978,73,1149,55,8127,California
Marin,2021-01-11,469,9749,327,5596,142,4153,0,0,248,7007,221,1370,250,8377,California
Marin,2021-01-12,938,10687,543,6139,395,4548,0,0,570,7212,365,1735,570,8947,California
Marin,2021-01-13,1177,11864,497,6636,680,5228,0,0,939,7913,238,1973,939,9886,California
Marin,2021-01-14,1069,12933,318,6954,751,5979,0,0,919,8684,148,2121,919,10805,California
Marin,2021-01-15,1156,14089,353,7307,803,6782,0,0,1026,9582,129,2250,1027,11832,California
Marin,2021-01-16,1123,15212,914,8221,209,6991,0,0,1049,10557,74,2324,1049,12881,California
Marin,2021-01-17,1231,16443,1113,9334,118,7109,0,0,1202,11734,28,2352,1205,14086,California
Marin,2021-01-18,360,16803,158,9492,202,7311,0,0,309,11992,51,2403,309,14395,California
Marin,2021-01-19,1156,17959,913,10405,243,7554,0,0,983,12803,172,2575,983,15378,California
Marin,2021-01-20,1794,19753,1210,11615,584,8138,0,0,1064,13148,719,3294,1064,16442,California
Marin,2021-01-21,1683,21436,1061,12676,622,8760,0,0,1329,14128,351,3645,1331,17773,California
Marin,2021-01-22,1703,23139,1091,13767,612,9372,0,0,1531,15488,172,3817,1532,19305,California
Marin,2021-01-23,1847,24986,1344,15111,503,9875,0,0,1758,17158,88,3905,1758,21063,California
Marin,2021-01-24,614,25600,165,15276,449,10324,0,0,582,17708,32,3937,582,21645,California
Marin,2021-01-25,1132,26732,231,15507,901,11225,0,0,694,17965,438,4375,695,22340,California
Marin,2021-01-26,1508,28240,784,16291,724,11949,0,0,1133,18724,374,4749,1133,23473,California
Marin,2021-01-27,1713,29953,886,17177,827,12776,0,0,1353,19720,358,5107,1354,24827,California
Marin,2021-01-28,2083,32036,1070,18247,1013,13789,0,0,1819,21277,263,5370,1820,26647,California
Marin,2021-01-29,2191,34227,1444,19691,747,14536,0,0,1987,23073,192,5562,1988,28635,California
Marin,2021-01-30,1721,35948,906,20597,815,15351,0,0,1642,24637,79,5641,1643,30278,California
Marin,2021-01-31,458,36406,321,20918,137,15488,0,0,432,25043,26,5667,432,30710,California
Marin,2021-02-01,1092,37498,418,21336,674,16162,0,0,894,25741,197,5864,895,31605,California
Marin,2021-02-02,1378,38876,487,21823,891,17053,0,0,724,25822,643,6507,724,32329,California
Marin,2021-02-03,1774,40650,421,22244,1353,18406,0,0,1272,26593,501,7008,1272,33601,California
Marin,2021-02-04,1524,42174,498,22742,1026,19432,0,0,922,26916,599,7607,922,34523,California
Marin,2021-02-05,2172,44346,679,23421,1493,20925,0,0,1336,27420,832,8439,1336,35859,California
Marin,2021-02-06,1428,45774,850,24271,578,21503,0,0,607,27207,820,9259,607,36466,California
Marin,2021-02-07,1291,47065,1009,25280,282,21785,0,0,489,26895,801,10060,489,36955,California
Marin,2021-02-08,1521,48586,751,26031,770,22555,0,0,723,26822,796,10856,723,37678,California
Marin,2021-02-09,1778,50364,1121,27152,657,23212,0,0,832,26708,946,11802,832,38510,California
Marin,2021-02-10,2337,52701,1489,28641,848,24060,0,0,1214,26802,1121,12923,1215,39725,California
Marin,2021-02-11,2865,55566,1639,30280,1226,25286,0,0,1448,26841,1412,14335,1451,41176,California
Marin,2021-02-12,3064,58630,1540,31820,1524,26810,0,0,1559,26899,1502,15837,1560,42736,California
Marin,2021-02-13,2342,60972,1244,33064,1098,27908,0,0,1132,26823,1208,17045,1132,43868,California
Marin,2021-02-14,814,61786,302,33366,512,28420,0,0,721,27452,93,17138,722,44590,California
Marin,2021-02-15,1214,63000,355,33721,859,29279,0,0,834,27908,379,17517,835,45425,California
Marin,2021-02-16,2469,65469,1058,34779,1411,30690,0,0,1506,28452,962,18479,1506,46931,California
Marin,2021-02-17,2107,67576,946,35725,1161,31851,0,0,1090,28528,1015,19494,1091,48022,California
Marin,2021-02-18,2417,69993,1583,37308,834,32685,0,0,1057,28227,1358,20852,1057,49079,California
Marin,2021-02-19,2762,72755,2157,39465,605,33290,0,0,1221,27921,1528,22380,1222,50301,California
Marin,2021-02-20,2565,75320,2111,41576,454,33744,0,0,1216,27797,1341,23721,1217,51518,California
Marin,2021-02-21,1309,76629,1115,42691,194,33938,0,0,930,28352,375,24096,930,52448,California
Marin,2021-02-22,1834,78463,1412,44103,422,34360,0,0,1220,28961,612,24708,1221,53669,California
Marin,2021-02-23,2859,81322,1638,45741,1221,35581,0,0,1925,29964,923,25631,1926,55595,California
Marin,2021-02-24,3514,84836,1615,47356,1899,37480,0,0,2253,30964,1254,26885,2254,57849,California
Marin,2021-02-25,3938,88774,1814,49170,2124,39604,0,0,2779,32592,1152,28037,2780,60629,California
Marin,2021-02-26,3493,92267,1891,51061,1602,41206,0,0,2538,34188,943,28980,2539,63168,California
Marin,2021-02-27,2627,94894,1510,52571,1117,42323,0,0,1788,35142,836,29816,1790,64958,California
Marin,2021-02-28,1377,96271,916,53487,461,42784,0,0,1042,35852,332,30148,1042,66000,California
Marin,2021-03-01,2506,98777,1557,55044,949,43733,0,0,1684,36721,815,30963,1684,67684,California
Marin,2021-03-02,2523,101300,1681,56725,841,44574,1,1,1752,37707,767,31730,1753,69437,California
Marin,2021-03-03,4336,105636,2410,59135,1922,46496,4,5,2808,38997,1522,33252,2812,72249,California
Marin,2021-03-04,3387,109023,1665,60800,1721,48217,1,6,2368,40357,1012,34264,2372,74621,California
Marin,2021-03-05,3074,112097,1176,61976,1886,50103,12,18,1803,40905,1267,35531,1815,76436,California
Marin,2021-03-06,3243,115340,2327,64303,838,50941,78,96,2667,43078,571,36102,2744,79180,California
Marin,2021-03-07,1389,116729,1169,65472,196,51137,24,120,998,43714,386,36488,1022,80202,California
Marin,2021-03-08,1896,118625,1391,66863,388,51525,117,237,1426,44790,467,36955,1543,81745,California
Marin,2021-03-09,2225,120850,1343,68206,774,52299,108,345,1549,45772,674,37629,1656,83401,California
Marin,2021-03-10,4448,125298,2504,70710,1661,53960,283,628,3212,48038,1231,38860,3497,86898,California
Marin,2021-03-11,4570,129868,1880,72590,2554,56514,136,764,3274,50159,1289,40149,3410,90308,California
Marin,2021-03-12,3985,133853,1546,74136,2083,58597,356,1120,1573,49687,2401,42550,1929,92237,California
Marin,2021-03-13,4096,137949,2856,76992,1168,59765,72,1192,2419,50498,1675,44225,2486,94723,California
Marin,2021-03-14,2281,140230,1104,78096,1060,60825,117,1309,709,49753,1570,45795,825,95548,California
Marin,2021-03-15,3244,143474,1777,79873,1418,62243,49,1358,1229,49026,2004,47799,1277,96825,California
Marin,2021-03-16,4307,147781,2320,82193,1623,63866,364,1722,1502,48088,2802,50601,1864,98689,California
Marin,2021-03-17,4193,151974,2278,84471,1868,65734,47,1769,2060,48073,2121,52722,2106,100795,California
Marin,2021-03-18,4495,156469,2270,86741,2150,67884,75,1844,2250,48166,2229,54951,2322,103117,California
Marin,2021-03-19,4479,160948,2296,89037,1964,69848,219,2063,2432,48778,2037,56988,2649,105766,California
Marin,2021-03-20,3593,164541,1994,91031,1485,71333,114,2177,2032,49373,1552,58540,2147,107913,California
Marin,2021-03-21,1546,166087,1141,92172,381,71714,24,2201,805,49463,739,59279,829,108742,California
Marin,2021-03-22,2484,168571,2146,94318,171,71885,167,2368,996,49142,1484,60763,1163,109905,California
Marin,2021-03-23,4249,172820,2204,96522,1915,73800,130,2498,1876,48781,2367,63130,2006,111911,California
Marin,2021-03-24,4447,177267,2906,99428,1436,75236,105,2603,1817,48084,2617,65747,1920,113831,California
Marin,2021-03-25,4648,181915,2842,102270,1738,76974,68,2671,2257,48030,2377,68124,2323,116154,California
Marin,2021-03-26,4307,186222,2344,104614,1749,78723,214,2885,2412,48777,1879,70003,2626,118780,California
Marin,2021-03-27,3720,189942,2673,107287,1028,79751,19,2904,1141,47367,2569,72572,1159,119939,California
Marin,2021-03-28,2386,192328,1726,109013,654,80405,6,2910,1088,47170,1291,73863,1094,121033,California
Marin,2021-03-29,2694,195022,2099,111112,570,80975,25,2935,1165,46834,1527,75390,1191,122224,California
Marin,2021-03-30,4671,199693,3656,114768,981,81956,34,2969,2954,48108,1714,77104,2988,125212,California
Marin,2021-03-31,5827,205520,4129,118897,1649,83605,49,3018,2548,47437,3268,80372,2597,127809,California
Marin,2021-04-01,4442,209962,2283,121180,1903,85508,256,3274,2112,47486,2318,82690,2367,130176,California
Marin,2021-04-02,3738,213700,1858,123038,1509,87017,371,3645,1999,48118,1731,84421,2363,132539,California
Marin,2021-04-03,3898,217598,2549,125587,971,87988,378,4023,1487,47587,2398,86819,1867,134406,California
Marin,2021-04-04,1651,219249,1241,126828,207,88195,203,4226,1202,48545,447,87266,1405,135811,California
Marin,2021-04-05,2206,221455,1528,128356,303,88498,375,4601,1262,49241,939,88205,1635,137446,California
Marin,2021-04-06,3959,225414,2115,130471,1293,89791,551,5152,2198,50232,1756,89961,2747,140193,California
Marin,2021-04-07,3952,229366,2000,132471,1312,91103,640,5792,1449,49831,2495,92456,2094,142287,California
Marin,2021-04-08,5003,234369,1959,134430,2437,93540,607,6399,2282,50000,2712,95168,2881,145168,California
Marin,2021-04-09,3961,238330,1543,135973,1690,95230,728,7127,1298,49365,2658,97826,2023,147191,California
Marin,2021-04-10,3190,241520,1461,137434,1298,96528,431,7558,1429,49475,1747,99573,1857,149048,California
Marin,2021-04-11,1057,242577,803,138237,92,96620,162,7720,470,49521,585,100158,631,149679,California
Marin,2021-04-12,1734,244311,1234,139471,340,96960,160,7880,914,49780,816,100974,1075,150754,California
Marin,2021-04-13,3712,248023,2273,141744,1432,98392,7,7887,1347,48779,2355,103329,1354,152108,California
Marin,2021-04-14,4155,252178,2478,144222,1674,100066,3,7890,1706,48047,2439,105768,1707,153815,California
Marin,2021-04-15,5568,257746,3945,148167,1623,101689,0,7890,3191,48874,2365,108133,3192,157007,California
Marin,2021-04-16,4250,261996,2236,150403,2011,103700,3,7893,2067,48775,2170,110303,2071,159078,California
Marin,2021-04-17,3528,265524,2154,152557,1374,105074,0,7893,1760,48772,1763,112066,1760,160838,California
Marin,2021-04-18,3170,268694,3068,155625,102,105176,0,7893,2535,50675,632,112698,2535,163373,California
Marin,2021-04-19,2042,270736,1870,157495,172,105348,0,7893,1160,50959,878,113576,1162,164535,California
Marin,2021-04-20,3689,274425,2549,160044,1140,106488,0,7893,1467,50211,2216,115792,1468,166003,California
Marin,2021-04-21,4005,278430,2942,162986,1060,107548,3,7896,1355,48932,2635,118427,1356,167359,California
Marin,2021-04-22,4212,282642,3212,166198,1000,108548,0,7896,1483,47696,2722,121149,1486,168845,California
Marin,2021-04-23,3223,285865,1818,168016,1405,109953,0,7896,1226,46933,1990,123139,1227,170072,California
Marin,2021-04-24,2518,288383,1683,169699,834,110787,1,7897,918,46258,1594,124733,919,170991,California
Marin,2021-04-25,1382,289765,1265,170964,117,110904,0,7897,306,45494,1070,125803,306,171297,California
Marin,2021-04-26,1549,291314,1352,172316,194,111098,3,7900,352,44657,1193,126996,356,171653,California
Marin,2021-04-27,2977,294291,2176,174492,763,111861,38,7938,969,43661,1999,128995,1003,172656,California
Marin,2021-04-28,2299,296590,1585,176077,664,112525,50,7988,721,42856,1574,130569,769,173425,California
Marin,2021-04-29,2874,299464,1970,178047,842,113367,62,8050,786,41623,2081,132650,848,174273,California
Marin,2021-04-30,1953,301417,1277,179324,588,113955,88,8138,700,41164,1247,133897,788,175061,California
Marin,2021-05-01,1816,303233,1008,180332,785,114740,23,8161,528,40433,1281,135178,550,175611,California
Marin,2021-05-02,723,303956,586,180918,108,114848,29,8190,200,40142,519,135697,228,175839,California
Marin,2021-05-03,1210,305166,988,181906,167,115015,55,8245,261,39510,947,136644,315,176154,California
Marin,2021-05-04,2917,308083,1962,183868,865,115880,90,8335,470,37630,2440,139084,560,176714,California
Marin,2021-05-05,2718,310801,1995,185863,601,116481,122,8457,442,35924,2270,141354,564,177278,California
Marin,2021-05-06,3257,314058,2531,188394,637,117118,89,8546,425,33612,2824,144178,512,177790,California
Marin,2021-05-07,2030,316088,1543,189937,401,117519,86,8632,379,32431,1644,145822,463,178253,California
Marin,2021-05-08,2465,318553,1859,191796,484,118003,122,8754,338,30772,2119,147941,460,178713,California
Marin,2021-05-09,983,319536,898,192694,65,118068,20,8774,118,30050,861,148802,139,178852,California
Marin,2021-05-10,1402,320938,1148,193842,184,118252,70,8844,199,29119,1199,150001,268,179120,California
Marin,2021-05-11,2283,323221,1833,195675,397,118649,53,8897,295,27480,1986,151987,347,179467,California
Marin,2021-05-12,1390,324611,1029,196704,294,118943,67,8964,274,26708,1112,153099,340,179807,California
Marin,2021-05-13,2497,327108,2164,198868,278,119221,55,9019,1345,26961,1146,154245,1399,181206,California
Marin,2021-05-14,2201,329309,1452,200320,649,119870,100,9119,883,26632,1312,155557,983,182189,California
Marin,2021-05-15,2711,332020,2245,202565,386,120256,80,9199,1640,27282,1070,156627,1720,183909,California
Marin,2021-05-16,1643,333663,1588,204153,50,120306,5,9204,1327,28300,313,156940,1331,185240,California
Marin,2021-05-17,2128,335791,1980,206133,105,120411,43,9247,1716,29654,405,157345,1759,186999,California
Marin,2021-05-18,1515,337306,1182,207315,279,120690,54,9301,800,29797,710,158055,853,187852,California
Marin,2021-05-19,1504,338810,1216,208531,227,120917,61,9362,776,29911,722,158777,836,188688,California
Marin,2021-05-20,1603,340413,1332,209863,209,121126,62,9424,633,29643,963,159740,695,189383,California
Marin,2021-05-21,1306,341719,755,210618,512,121638,39,9463,369,29120,931,160671,408,189791,California
Marin,2021-05-22,1286,343005,967,211585,266,121904,53,9516,876,29642,407,161078,929,190720,California
Marin,2021-05-23,388,343393,358,211943,28,121932,2,9518,177,29613,208,161286,179,190899,California
Marin,2021-05-24,442,343835,387,212330,36,121968,19,9537,254,29699,187,161473,273,191172,California
Mariposa,2020-12-17,37,37,37,37,0,0,0,0,39,39,0,0,39,39,California
Mariposa,2020-12-18,55,92,55,92,0,0,0,0,56,95,0,0,56,95,California
Mariposa,2020-12-20,2,94,2,94,0,0,0,0,2,97,0,0,2,97,California
Mariposa,2020-12-21,49,143,49,143,0,0,0,0,53,150,0,0,53,150,California
Mariposa,2020-12-22,5,148,5,148,0,0,0,0,5,155,0,0,5,155,California
Mariposa,2020-12-23,16,164,16,164,0,0,0,0,16,171,0,0,16,171,California
Mariposa,2020-12-24,1,165,0,164,1,1,0,0,0,171,0,0,0,171,California
Mariposa,2020-12-26,1,166,1,165,0,1,0,0,1,172,0,0,1,172,California
Mariposa,2020-12-27,1,167,0,165,1,2,0,0,1,173,0,0,1,173,California
Mariposa,2020-12-28,6,173,3,168,3,5,0,0,6,179,0,0,6,179,California
Mariposa,2020-12-29,33,206,3,171,30,35,0,0,33,212,0,0,33,212,California
Mariposa,2020-12-30,25,231,4,175,21,56,0,0,25,237,0,0,25,237,California
Mariposa,2020-12-31,16,247,0,175,16,72,0,0,16,253,0,0,16,253,California
Mariposa,2021-01-02,1,248,1,176,0,72,0,0,1,254,0,0,1,254,California
Mariposa,2021-01-04,8,256,1,177,7,79,0,0,8,262,0,0,8,262,California
Mariposa,2021-01-05,24,280,14,191,10,89,0,0,14,266,10,10,14,276,California
Mariposa,2021-01-06,6,286,3,194,3,92,0,0,3,266,3,13,3,279,California
Mariposa,2021-01-07,51,337,46,240,5,97,0,0,5,225,46,59,5,284,California
Mariposa,2021-01-08,108,445,79,319,29,126,0,0,33,183,75,134,33,317,California
Mariposa,2021-01-09,1,446,0,319,1,127,0,0,1,184,0,134,1,318,California
Mariposa,2021-01-11,31,477,10,329,21,148,0,0,23,199,8,142,23,341,California
Mariposa,2021-01-12,19,496,4,333,15,163,0,0,15,210,4,146,15,356,California
Mariposa,2021-01-13,21,517,4,337,17,180,0,0,18,225,3,149,18,374,California
Mariposa,2021-01-14,73,590,7,344,66,246,0,0,67,286,6,155,67,441,California
Mariposa,2021-01-15,68,658,27,371,41,287,0,0,58,334,10,165,58,499,California
Mariposa,2021-01-16,14,672,2,373,12,299,0,0,13,346,1,166,13,512,California
Mariposa,2021-01-17,2,674,0,373,2,301,0,0,2,348,0,166,2,514,California
Mariposa,2021-01-18,3,677,3,376,0,301,0,0,1,347,2,168,1,515,California
Mariposa,2021-01-19,8,685,4,380,4,305,0,0,5,350,2,170,5,520,California
Mariposa,2021-01-20,23,708,1,381,22,327,0,0,22,371,1,171,22,542,California
Mariposa,2021-01-21,65,773,7,388,58,385,0,0,61,428,4,175,61,603,California
Mariposa,2021-01-22,56,829,2,390,54,439,0,0,56,484,0,175,56,659,California
Mariposa,2021-01-23,116,945,2,392,114,553,0,0,115,598,1,176,115,774,California
Mariposa,2021-01-24,2,947,2,394,0,553,0,0,2,600,0,176,2,776,California
Mariposa,2021-01-25,4,951,1,395,3,556,0,0,0,596,4,180,0,776,California
Mariposa,2021-01-26,36,987,4,399,32,588,0,0,4,572,32,212,8,784,California
Mariposa,2021-01-27,23,1010,1,400,22,610,0,0,13,575,10,222,13,797,California
Mariposa,2021-01-28,126,1136,3,403,123,733,0,0,113,676,12,234,113,910,California
Mariposa,2021-01-29,84,1220,22,425,62,795,0,0,83,758,1,235,83,993,California
Mariposa,2021-01-30,9,1229,1,426,8,803,0,0,8,765,1,236,8,1001,California
Mariposa,2021-01-31,1,1230,0,426,1,804,0,0,1,766,0,236,1,1002,California
Mariposa,2021-02-01,87,1317,30,456,57,861,0,0,66,811,21,257,66,1068,California
Mariposa,2021-02-02,15,1332,3,459,12,873,0,0,9,814,6,263,9,1077,California
Mariposa,2021-02-03,20,1352,1,460,19,892,0,0,14,822,6,269,14,1091,California
Mariposa,2021-02-04,98,1450,8,468,90,982,0,0,93,912,4,273,94,1185,California
Mariposa,2021-02-05,191,1641,5,473,186,1168,0,0,165,1051,26,299,165,1350,California
Mariposa,2021-02-06,11,1652,4,477,7,1175,0,0,10,1060,1,300,10,1360,California
Mariposa,2021-02-07,1,1653,0,477,1,1176,0,0,1,1061,0,300,1,1361,California
Mariposa,2021-02-08,40,1693,2,479,38,1214,0,0,21,1063,19,319,21,1382,California
Mariposa,2021-02-09,42,1735,24,503,18,1232,0,0,36,1093,6,325,36,1418,California
Mariposa,2021-02-10,28,1763,5,508,23,1255,0,0,17,1106,10,335,23,1441,California
Mariposa,2021-02-11,374,2137,5,513,369,1624,0,0,360,1455,14,349,363,1804,California
Mariposa,2021-02-12,185,2322,8,521,177,1801,0,0,141,1552,44,393,141,1945,California
Mariposa,2021-02-13,11,2333,3,524,8,1809,0,0,9,1559,2,395,9,1954,California
Mariposa,2021-02-14,8,2341,4,528,4,1813,0,0,5,1561,3,398,5,1959,California
Mariposa,2021-02-15,9,2350,3,531,6,1819,0,0,7,1566,2,400,7,1966,California
Mariposa,2021-02-16,57,2407,34,565,23,1842,0,0,34,1577,23,423,34,2000,California
Mariposa,2021-02-17,37,2444,9,574,28,1870,0,0,27,1596,9,432,28,2028,California
Mariposa,2021-02-18,57,2501,7,581,50,1920,0,0,20,1579,37,469,20,2048,California
Mariposa,2021-02-19,82,2583,3,584,79,1999,0,0,76,1649,6,475,76,2124,California
Mariposa,2021-02-20,253,2836,4,588,249,2248,0,0,223,1843,29,504,223,2347,California
Mariposa,2021-02-21,236,3072,3,591,233,2481,0,0,235,2077,1,505,235,2582,California
Mariposa,2021-02-22,23,3095,7,598,16,2497,0,0,21,2096,2,507,21,2603,California
Mariposa,2021-02-23,43,3138,37,635,6,2503,0,0,26,2105,17,524,26,2629,California
Mariposa,2021-02-24,20,3158,3,638,17,2520,0,0,8,2102,11,535,8,2637,California
Mariposa,2021-02-25,17,3175,8,646,9,2529,0,0,11,2107,6,541,11,2648,California
Mariposa,2021-02-26,424,3599,7,653,417,2946,0,0,363,2410,61,602,364,3012,California
Mariposa,2021-02-27,169,3768,5,658,164,3110,0,0,158,2557,11,613,158,3170,California
Mariposa,2021-02-28,2,3770,1,659,1,3111,0,0,0,2555,2,615,0,3170,California
Mariposa,2021-03-01,81,3851,26,685,55,3166,0,0,16,2507,64,679,16,3186,California
Mariposa,2021-03-02,20,3871,13,698,7,3173,0,0,11,2510,8,687,11,3197,California
Mariposa,2021-03-03,71,3942,5,703,66,3239,0,0,65,2570,6,693,66,3263,California
Mariposa,2021-03-04,38,3980,9,712,29,3268,0,0,20,2573,18,711,21,3284,California
Mariposa,2021-03-05,56,4036,9,721,47,3315,0,0,39,2600,17,728,44,3328,California
Mariposa,2021-03-06,15,4051,6,727,9,3324,0,0,7,2599,8,736,7,3335,California
Mariposa,2021-03-07,1,4052,1,728,0,3324,0,0,0,2598,1,737,0,3335,California
Mariposa,2021-03-08,38,4090,4,732,23,3347,11,11,9,2589,29,766,20,3355,California
Mariposa,2021-03-09,45,4135,18,750,17,3364,10,21,14,2582,31,797,24,3379,California
Mariposa,2021-03-10,31,4166,9,759,12,3376,10,31,10,2581,21,818,20,3399,California
Mariposa,2021-03-11,467,4633,6,765,442,3818,19,50,226,2589,240,1058,248,3647,California
Mariposa,2021-03-12,255,4888,8,773,220,4038,27,77,115,2590,140,1198,141,3788,California
Mariposa,2021-03-13,32,4920,6,779,11,4049,15,92,11,2594,21,1219,25,3813,California
Mariposa,2021-03-14,17,4937,2,781,4,4053,11,103,3,2594,14,1233,14,3827,California
Mariposa,2021-03-15,76,5013,7,788,31,4084,38,141,31,2618,45,1278,69,3896,California
Mariposa,2021-03-16,82,5095,33,821,14,4098,35,176,23,2617,59,1337,58,3954,California
Mariposa,2021-03-17,71,5166,10,831,53,4151,8,184,51,2657,19,1356,59,4013,California
Mariposa,2021-03-18,65,5231,14,845,41,4192,10,194,40,2682,25,1381,50,4063,California
Mariposa,2021-03-19,338,5569,11,856,322,4514,5,199,303,2955,35,1416,308,4371,California
Mariposa,2021-03-20,426,5995,5,861,419,4933,2,201,46,2624,380,1796,49,4420,California
Mariposa,2021-03-21,15,6010,9,870,5,4938,1,202,10,2631,4,1800,11,4431,California
Mariposa,2021-03-22,38,6048,7,877,23,4961,8,210,26,2654,12,1812,35,4466,California
Mariposa,2021-03-23,53,6101,33,910,10,4971,10,220,32,2675,21,1833,42,4508,California
Mariposa,2021-03-24,55,6156,5,915,48,5019,2,222,50,2722,5,1838,52,4560,California
Mariposa,2021-03-25,76,6232,15,930,53,5072,8,230,54,2764,20,1858,62,4622,California
Mariposa,2021-03-26,488,6720,9,939,478,5550,1,231,252,2781,236,2094,253,4875,California
Mariposa,2021-03-27,224,6944,8,947,216,5766,0,231,90,2739,134,2228,92,4967,California
Mariposa,2021-03-28,5,6949,0,947,2,5768,3,234,1,2739,4,2232,4,4971,California
Mariposa,2021-03-29,19,6968,6,953,13,5781,0,234,12,2744,7,2239,12,4983,California
Mariposa,2021-03-30,36,7004,13,966,7,5788,16,250,13,2750,23,2262,29,5012,California
Mariposa,2021-03-31,88,7092,15,981,66,5854,7,257,68,2805,20,2282,75,5087,California
Mariposa,2021-04-01,54,7146,10,991,36,5890,8,265,34,2827,20,2302,42,5129,California
Mariposa,2021-04-02,347,7493,11,1002,334,6224,2,267,306,3095,40,2342,308,5437,California
Mariposa,2021-04-03,10,7503,7,1009,3,6227,0,267,5,3095,5,2347,5,5442,California
Mariposa,2021-04-04,2,7505,1,1010,0,6227,1,268,0,3094,2,2349,1,5443,California
Mariposa,2021-04-05,33,7538,22,1032,7,6234,4,272,16,3097,17,2366,20,5463,California
Mariposa,2021-04-06,43,7581,20,1052,7,6241,16,288,13,3097,29,2395,29,5492,California
Mariposa,2021-04-07,98,7679,6,1058,73,6314,19,307,28,3074,70,2465,47,5539,California
Mariposa,2021-04-08,278,7957,13,1071,246,6560,19,326,142,3102,134,2599,162,5701,California
Mariposa,2021-04-09,38,7995,9,1080,14,6574,15,341,11,3101,27,2626,26,5727,California
Mariposa,2021-04-10,201,8196,3,1083,188,6762,10,351,186,3283,13,2639,195,5922,California
Mariposa,2021-04-11,124,8320,4,1087,118,6880,2,353,57,3276,67,2706,60,5982,California
Mariposa,2021-04-12,42,8362,13,1100,27,6907,2,355,13,3262,29,2735,15,5997,California
Mariposa,2021-04-13,52,8414,45,1145,7,6914,0,355,34,3278,18,2753,34,6031,California
Mariposa,2021-04-14,111,8525,7,1152,104,7018,0,355,57,3282,53,2806,57,6088,California
Mariposa,2021-04-15,57,8582,15,1167,42,7060,0,355,43,3314,11,2817,43,6131,California
Mariposa,2021-04-16,382,8964,11,1178,371,7431,0,355,106,3144,276,3093,106,6237,California
Mariposa,2021-04-17,9,8973,5,1183,4,7435,0,355,6,3147,3,3096,6,6243,California
Mariposa,2021-04-18,7,8980,0,1183,7,7442,0,355,3,3146,4,3100,3,6246,California
Mariposa,2021-04-19,57,9037,25,1208,32,7474,0,355,29,3149,26,3126,29,6275,California
Mariposa,2021-04-20,62,9099,49,1257,13,7487,0,355,39,3167,21,3147,39,6314,California
Mariposa,2021-04-21,90,9189,13,1270,77,7564,0,355,42,3162,47,3194,42,6356,California
Mariposa,2021-04-22,47,9236,8,1278,39,7603,0,355,37,3190,9,3203,37,6393,California
Mariposa,2021-04-23,314,9550,69,1347,245,7848,0,355,143,3164,171,3374,145,6538,California
Mariposa,2021-04-24,105,9655,10,1357,95,7943,0,355,42,3144,62,3436,42,6580,California
Mariposa,2021-04-26,14,9669,10,1367,4,7947,0,355,4,3138,10,3446,4,6584,California
Mariposa,2021-04-27,31,9700,16,1383,14,7961,1,356,15,3141,13,3459,16,6600,California
Mariposa,2021-04-28,74,9774,13,1396,54,8015,7,363,29,3132,45,3504,36,6636,California
Mariposa,2021-04-29,84,9858,12,1408,71,8086,1,364,79,3207,5,3509,80,6716,California
Mariposa,2021-04-30,209,10067,5,1413,199,8285,5,369,63,3129,146,3655,68,6784,California
Mariposa,2021-05-01,2,10069,2,1415,0,8285,0,369,0,3127,2,3657,0,6784,California
Mariposa,2021-05-02,3,10072,2,1417,0,8285,1,370,0,3125,3,3660,1,6785,California
Mariposa,2021-05-03,16,10088,12,1429,3,8288,1,371,7,3125,8,3668,8,6793,California
Mariposa,2021-05-04,50,10138,31,1460,15,8303,4,375,36,3151,14,3682,40,6833,California
Mariposa,2021-05-05,56,10194,8,1468,46,8349,2,377,17,3131,39,3721,19,6852,California
Mariposa,2021-05-06,54,10248,35,1503,14,8363,5,382,38,3158,16,3737,43,6895,California
Mariposa,2021-05-07,27,10275,7,1510,17,8380,3,385,13,3160,14,3751,16,6911,California
Mariposa,2021-05-08,281,10556,4,1514,277,8657,0,385,34,2949,247,3998,36,6947,California
Mariposa,2021-05-09,2,10558,1,1515,1,8658,0,385,0,2947,2,4000,0,6947,California
Mariposa,2021-05-10,19,10577,8,1523,9,8667,2,387,4,2938,15,4015,6,6953,California
Mariposa,2021-05-11,28,10605,19,1542,9,8676,0,387,20,2951,7,4022,20,6973,California
Mariposa,2021-05-12,65,10670,4,1546,58,8734,3,390,6,2901,59,4081,9,6982,California
Mariposa,2021-05-13,48,10718,8,1554,38,8772,2,392,14,2883,34,4115,16,6998,California
Mariposa,2021-05-14,250,10968,122,1676,121,8893,7,399,118,2876,132,4247,125,7123,California
Mariposa,2021-05-15,17,10985,8,1684,8,8901,1,400,10,2880,7,4254,11,7134,California
Mariposa,2021-05-16,3,10988,1,1685,1,8902,1,401,1,2880,2,4256,2,7136,California
Mariposa,2021-05-17,15,11003,6,1691,6,8908,3,404,7,2882,8,4264,10,7146,California
Mariposa,2021-05-18,61,11064,41,1732,15,8923,5,409,45,2917,15,4279,50,7196,California
Mariposa,2021-05-19,68,11132,32,1764,35,8958,1,410,50,2951,17,4296,51,7247,California
Mariposa,2021-05-20,34,11166,19,1783,13,8971,2,412,13,2945,21,4317,15,7262,California
Mariposa,2021-05-21,92,11258,8,1791,82,9053,2,414,42,2940,49,4366,44,7306,California
Mariposa,2021-05-22,36,11294,4,1795,31,9084,1,415,15,2935,21,4387,16,7322,California
Mariposa,2021-05-23,3,11297,2,1797,0,9084,1,416,2,2937,1,4388,3,7325,California
Mariposa,2021-05-24,5,11302,4,1801,0,9084,1,417,3,2939,2,4390,4,7329,California
Mendocino,2020-12-17,70,70,70,70,0,0,0,0,70,70,0,0,70,70,California
Mendocino,2020-12-18,85,155,84,154,1,1,0,0,84,154,0,0,84,154,California
Mendocino,2020-12-19,4,159,4,158,0,1,0,0,4,158,0,0,4,158,California
Mendocino,2020-12-20,7,166,7,165,0,1,0,0,7,165,0,0,7,165,California
Mendocino,2020-12-21,241,407,241,406,0,1,0,0,77,242,0,0,77,242,California
Mendocino,2020-12-22,252,659,191,597,61,62,0,0,252,494,0,0,252,494,California
Mendocino,2020-12-23,270,929,47,644,223,285,0,0,269,763,0,0,269,763,California
Mendocino,2020-12-24,49,978,8,652,41,326,0,0,49,812,0,0,49,812,California
Mendocino,2020-12-25,1,979,0,652,1,327,0,0,1,813,0,0,1,813,California
Mendocino,2020-12-26,2,981,2,654,0,327,0,0,2,815,0,0,2,815,California
Mendocino,2020-12-27,1,982,0,654,1,328,0,0,1,816,0,0,1,816,California
Mendocino,2020-12-28,74,1056,9,663,65,393,0,0,74,890,0,0,74,890,California
Mendocino,2020-12-29,122,1178,61,724,61,454,0,0,122,1012,0,0,122,1012,California
Mendocino,2020-12-30,121,1299,67,791,54,508,0,0,121,1133,0,0,121,1133,California
Mendocino,2020-12-31,132,1431,97,888,35,543,0,0,132,1265,0,0,132,1265,California
Mendocino,2021-01-01,8,1439,6,894,2,545,0,0,8,1273,0,0,8,1273,California
Mendocino,2021-01-04,838,2277,18,912,820,1365,0,0,838,2111,0,0,838,2111,California
Mendocino,2021-01-05,74,2351,36,948,38,1403,0,0,61,2159,13,13,61,2172,California
Mendocino,2021-01-06,155,2506,133,1081,22,1425,0,0,145,2294,10,23,145,2317,California
Mendocino,2021-01-07,361,2867,238,1319,123,1548,0,0,298,2529,63,86,298,2615,California
Mendocino,2021-01-08,95,2962,82,1401,13,1561,0,0,41,2517,54,140,42,2657,California
Mendocino,2021-01-09,10,2972,6,1407,4,1565,0,0,8,2523,2,142,8,2665,California
Mendocino,2021-01-10,9,2981,8,1415,1,1566,0,0,2,2518,7,149,2,2667,California
Mendocino,2021-01-11,101,3082,92,1507,9,1575,0,0,43,2504,57,206,43,2710,California
Mendocino,2021-01-12,387,3469,377,1884,10,1585,0,0,270,2657,117,323,270,2980,California
Mendocino,2021-01-13,491,3960,145,2029,346,1931,0,0,449,3067,40,363,450,3430,California
Mendocino,2021-01-14,652,4612,20,2049,632,2563,0,0,643,3701,9,372,643,4073,California
Mendocino,2021-01-15,1872,6484,861,2910,1011,3574,0,0,1867,5564,5,377,1868,5941,California
Mendocino,2021-01-16,792,7276,50,2960,742,4316,0,0,790,6352,2,379,790,6731,California
Mendocino,2021-01-17,553,7829,1,2961,552,4868,0,0,552,6903,1,380,552,7283,California
Mendocino,2021-01-18,487,8316,462,3423,25,4893,0,0,476,7368,11,391,476,7759,California
Mendocino,2021-01-19,334,8650,148,3571,186,5079,0,0,158,7350,176,567,158,7917,California
Mendocino,2021-01-20,555,9205,407,3978,148,5227,0,0,449,7696,104,671,450,8367,California
Mendocino,2021-01-21,538,9743,225,4203,313,5540,0,0,352,7863,185,856,352,8719,California
Mendocino,2021-01-22,149,9892,58,4261,91,5631,0,0,110,7934,39,895,110,8829,California
Mendocino,2021-01-23,156,10048,84,4345,72,5703,0,0,150,8078,6,901,150,8979,California
Mendocino,2021-01-24,5,10053,3,4348,2,5705,0,0,5,8083,0,901,5,8984,California
Mendocino,2021-01-25,192,10245,18,4366,174,5879,0,0,122,8135,70,971,122,9106,California
Mendocino,2021-01-26,153,10398,53,4419,100,5979,0,0,94,8170,59,1030,94,9200,California
Mendocino,2021-01-27,441,10839,371,4790,70,6049,0,0,176,8088,258,1288,176,9376,California
Mendocino,2021-01-28,592,11431,528,5318,64,6113,0,0,497,8491,94,1382,497,9873,California
Mendocino,2021-01-29,393,11824,352,5670,41,6154,0,0,364,8827,29,1411,365,10238,California
Mendocino,2021-01-30,50,11874,31,5701,19,6173,0,0,43,8863,7,1418,43,10281,California
Mendocino,2021-01-31,274,12148,2,5703,272,6445,0,0,4,8597,270,1688,4,10285,California
Mendocino,2021-02-01,381,12529,52,5755,329,6774,0,0,59,8334,322,2010,59,10344,California
Mendocino,2021-02-02,737,13266,516,6271,221,6995,0,0,377,8351,360,2370,377,10721,California
Mendocino,2021-02-03,392,13658,207,6478,185,7180,0,0,222,8405,168,2538,222,10943,California
Mendocino,2021-02-04,625,14283,530,7008,95,7275,0,0,500,8780,125,2663,500,11443,California
Mendocino,2021-02-05,1304,15587,1214,8222,90,7365,0,0,584,8646,718,3381,584,12027,California
Mendocino,2021-02-06,558,16145,157,8379,401,7766,0,0,543,9174,15,3396,543,12570,California
Mendocino,2021-02-07,32,16177,28,8407,4,7770,0,0,32,9206,0,3396,32,12602,California
Mendocino,2021-02-08,747,16924,716,9123,31,7801,0,0,284,9027,463,3859,284,12886,California
Mendocino,2021-02-09,141,17065,58,9181,83,7884,0,0,89,9064,52,3911,89,12975,California
Mendocino,2021-02-10,1490,18555,924,10105,566,8450,0,0,744,9069,739,4650,744,13719,California
Mendocino,2021-02-11,1210,19765,208,10313,1002,9452,0,0,299,8457,911,5561,299,14018,California
Mendocino,2021-02-12,1454,21219,163,10476,1291,10743,0,0,655,8314,798,6359,655,14673,California
Mendocino,2021-02-13,500,21719,15,10491,485,11228,0,0,106,8032,393,6752,111,14784,California
Mendocino,2021-02-14,694,22413,3,10494,691,11919,0,0,134,7606,560,7312,134,14918,California
Mendocino,2021-02-15,330,22743,42,10536,288,12207,0,0,175,7626,155,7467,175,15093,California
Mendocino,2021-02-16,201,22944,51,10587,150,12357,0,0,130,7685,71,7538,130,15223,California
Mendocino,2021-02-17,1354,24298,1191,11778,163,12520,0,0,877,8087,475,8013,877,16100,California
Mendocino,2021-02-18,1790,26088,645,12423,1145,13665,0,0,1224,8746,565,8578,1224,17324,California
Mendocino,2021-02-19,756,26844,148,12571,608,14273,0,0,616,9222,140,8718,616,17940,California
Mendocino,2021-02-20,575,27419,549,13120,26,14299,0,0,544,9737,29,8747,544,18484,California
Mendocino,2021-02-21,325,27744,6,13126,319,14618,0,0,313,10039,11,8758,313,18797,California
Mendocino,2021-02-22,161,27905,29,13155,132,14750,0,0,69,10018,90,8848,69,18866,California
Mendocino,2021-02-23,857,28762,843,13998,14,14764,0,0,645,10453,210,9058,645,19511,California
Mendocino,2021-02-24,1847,30609,1766,15764,81,14845,0,0,1435,11483,407,9465,1437,20948,California
Mendocino,2021-02-25,1709,32318,533,16297,1176,16021,0,0,1287,12349,421,9886,1287,22235,California
Mendocino,2021-02-26,1416,33734,748,17045,668,16689,0,0,1050,13036,363,10249,1050,23285,California
Mendocino,2021-02-27,200,33934,151,17196,49,16738,0,0,77,12991,122,10371,77,23362,California
Mendocino,2021-02-28,36,33970,14,17210,22,16760,0,0,24,13003,12,10383,24,23386,California
Mendocino,2021-03-01,588,34558,546,17756,42,16802,0,0,548,13514,37,10420,548,23934,California
Mendocino,2021-03-02,75,34633,27,17783,48,16850,0,0,41,13522,33,10453,41,23975,California
Mendocino,2021-03-03,2034,36667,1333,19116,701,17551,0,0,1384,14258,648,11101,1384,25359,California
Mendocino,2021-03-04,1849,38516,148,19264,1701,19252,0,0,1631,15675,215,11316,1632,26991,California
Mendocino,2021-03-05,475,38991,416,19680,50,19302,9,9,372,15957,99,11415,381,27372,California
Mendocino,2021-03-06,246,39237,23,19703,198,19500,25,34,203,16143,42,11457,228,27600,California
Mendocino,2021-03-07,506,39743,8,19711,478,19978,20,54,118,15893,387,11844,137,27737,California
Mendocino,2021-03-08,123,39866,28,19739,57,20035,38,92,63,15936,58,11902,101,27838,California
Mendocino,2021-03-09,941,40807,601,20340,299,20334,41,133,834,16704,107,12009,875,28713,California
Mendocino,2021-03-10,1147,41954,984,21324,98,20432,65,198,272,16173,871,12880,340,29053,California
Mendocino,2021-03-11,840,42794,626,21950,160,20592,54,252,398,16186,439,13319,452,29505,California
Mendocino,2021-03-12,2062,44856,1051,23001,899,21491,112,364,1233,16709,822,14141,1345,30850,California
Mendocino,2021-03-13,701,45557,570,23571,73,21564,58,422,107,16284,590,14731,165,31015,California
Mendocino,2021-03-14,106,45663,4,23575,95,21659,7,429,12,16213,90,14821,19,31034,California
Mendocino,2021-03-15,599,46262,50,23625,491,22150,58,487,210,16092,388,15209,267,31301,California
Mendocino,2021-03-16,583,46845,386,24011,151,22301,46,533,121,15799,460,15669,167,31468,California
Mendocino,2021-03-17,1583,48428,1379,25390,55,22356,149,682,218,14811,1361,17030,373,31841,California
Mendocino,2021-03-18,1313,49741,248,25638,1027,23383,38,720,284,14111,1021,18051,321,32162,California
Mendocino,2021-03-19,1781,51522,855,26493,865,24248,61,781,333,13063,1444,19495,396,32558,California
Mendocino,2021-03-20,69,51591,10,26503,38,24286,21,802,12,13039,57,19552,33,32591,California
Mendocino,2021-03-21,8,51599,1,26504,2,24288,5,807,3,13042,5,19557,8,32599,California
Mendocino,2021-03-22,657,52256,613,27117,15,24303,29,836,147,12711,506,20063,175,32774,California
Mendocino,2021-03-23,165,52421,33,27150,102,24405,30,866,115,12806,50,20113,145,32919,California
Mendocino,2021-03-24,914,53335,841,27991,26,24431,47,913,112,12165,800,20913,159,33078,California
Mendocino,2021-03-25,2017,55352,52,28043,1945,26376,20,933,176,10524,1835,22748,194,33272,California
Mendocino,2021-03-26,546,55898,395,28438,126,26502,25,958,114,10231,432,23180,139,33411,California
Mendocino,2021-03-27,142,56040,13,28451,117,26619,12,970,80,10261,61,23241,91,33502,California
Mendocino,2021-03-28,25,56065,5,28456,16,26635,4,974,3,10247,21,23262,7,33509,California
Mendocino,2021-03-29,189,56254,100,28556,45,26680,44,1018,95,10292,94,23356,139,33648,California
Mendocino,2021-03-30,717,56971,632,29188,48,26728,37,1055,106,9826,609,23965,143,33791,California
Mendocino,2021-03-31,915,57886,280,29468,574,27302,61,1116,153,9280,760,24725,214,34005,California
Mendocino,2021-04-01,1733,59619,414,29882,1238,28540,81,1197,375,8385,1350,26075,455,34460,California
Mendocino,2021-04-02,1303,60922,1072,30954,158,28698,73,1270,158,7474,1142,27217,231,34691,California
Mendocino,2021-04-03,707,61629,10,30964,676,29374,21,1291,85,6962,618,27835,106,34797,California
Mendocino,2021-04-04,70,61699,34,30998,30,29404,6,1297,54,7006,16,27851,60,34857,California
Mendocino,2021-04-05,211,61910,141,31139,46,29450,24,1321,125,7066,86,27937,146,35003,California
Mendocino,2021-04-06,397,62307,123,31262,179,29629,95,1416,106,6976,291,28228,201,35204,California
Mendocino,2021-04-07,486,62793,176,31438,65,29694,245,1661,114,6965,369,28597,358,35562,California
Mendocino,2021-04-08,1490,64283,913,32351,462,30156,115,1776,999,7595,485,29082,1115,36677,California
Mendocino,2021-04-09,757,65040,425,32776,171,30327,161,1937,395,7790,361,29443,556,37233,California
Mendocino,2021-04-10,405,65445,91,32867,268,30595,46,1983,99,7629,306,29749,145,37378,California
Mendocino,2021-04-11,122,65567,47,32914,19,30614,56,2039,59,7681,63,29812,115,37493,California
Mendocino,2021-04-12,621,66188,513,33427,48,30662,60,2099,407,7934,214,30026,467,37960,California
Mendocino,2021-04-13,290,66478,227,33654,63,30725,0,2099,222,8088,68,30094,222,38182,California
Mendocino,2021-04-14,518,66996,426,34080,92,30817,0,2099,415,8400,103,30197,415,38597,California
Mendocino,2021-04-15,657,67653,327,34407,330,31147,0,2099,387,8521,266,30463,387,38984,California
Mendocino,2021-04-16,125,67778,52,34459,72,31219,1,2100,77,8551,47,30510,77,39061,California
Mendocino,2021-04-17,196,67974,12,34471,184,31403,0,2100,67,8491,127,30637,67,39128,California
Mendocino,2021-04-18,13,67987,6,34477,7,31410,0,2100,8,8495,4,30641,8,39136,California
Mendocino,2021-04-19,539,68526,515,34992,23,31433,1,2101,427,8812,111,30752,428,39564,California
Mendocino,2021-04-20,418,68944,291,35283,127,31560,0,2101,262,8918,156,30908,262,39826,California
Mendocino,2021-04-21,192,69136,133,35416,58,31618,1,2102,113,8954,77,30985,113,39939,California
Mendocino,2021-04-22,487,69623,312,35728,174,31792,1,2103,317,9103,168,31153,317,40256,California
Mendocino,2021-04-23,846,70469,704,36432,142,31934,0,2103,688,9636,155,31308,688,40944,California
Mendocino,2021-04-24,109,70578,15,36447,94,32028,0,2103,102,9731,7,31315,102,41046,California
Mendocino,2021-04-25,56,70634,32,36479,20,32048,4,2107,18,9715,38,31353,22,41068,California
Mendocino,2021-04-26,303,70937,237,36716,61,32109,5,2112,196,9810,106,31459,201,41269,California
Mendocino,2021-04-27,201,71138,89,36805,85,32194,27,2139,92,9820,108,31567,118,41387,California
Mendocino,2021-04-28,220,71358,148,36953,53,32247,19,2158,125,9870,95,31662,145,41532,California
Mendocino,2021-04-29,1141,72499,844,37797,282,32529,15,2173,106,8959,1032,32694,121,41653,California
Mendocino,2021-04-30,607,73106,385,38182,212,32741,10,2183,228,8819,378,33072,238,41891,California
Mendocino,2021-05-01,472,73578,434,38616,32,32773,6,2189,367,9088,104,33176,373,42264,California
Mendocino,2021-05-02,55,73633,46,38662,6,32779,3,2192,8,9053,46,33222,11,42275,California
Mendocino,2021-05-03,147,73780,86,38748,39,32818,22,2214,43,9016,102,33324,65,42340,California
Mendocino,2021-05-04,378,74158,253,39001,92,32910,33,2247,140,8951,238,33562,173,42513,California
Mendocino,2021-05-05,870,75028,786,39787,69,32979,15,2262,219,8535,650,34212,234,42747,California
Mendocino,2021-05-06,627,75655,380,40167,225,33204,22,2284,151,8234,474,34686,173,42920,California
Mendocino,2021-05-07,179,75834,35,40202,120,33324,24,2308,115,8310,63,34749,139,43059,California
Mendocino,2021-05-08,125,75959,4,40206,120,33444,1,2309,109,8405,15,34764,110,43169,California
Mendocino,2021-05-09,20,75979,5,40211,14,33458,1,2310,3,8392,17,34781,4,43173,California
Mendocino,2021-05-10,244,76223,161,40372,78,33536,5,2315,150,8453,94,34875,155,43328,California
Mendocino,2021-05-11,275,76498,143,40515,115,33651,17,2332,127,8448,148,35023,143,43471,California
Mendocino,2021-05-12,129,76627,79,40594,42,33693,8,2340,37,8403,90,35113,45,43516,California
Mendocino,2021-05-13,1205,77832,1106,41700,83,33776,16,2356,307,7828,898,36011,323,43839,California
Mendocino,2021-05-14,705,78537,485,42185,157,33933,63,2419,237,7666,463,36474,301,44140,California
Mendocino,2021-05-15,85,78622,29,42214,52,33985,4,2423,40,7665,45,36519,44,44184,California
Mendocino,2021-05-16,114,78736,101,42315,11,33996,2,2425,98,7749,16,36535,100,44284,California
Mendocino,2021-05-17,172,78908,83,42398,73,34069,16,2441,97,7787,75,36610,113,44397,California
Mendocino,2021-05-18,242,79150,117,42515,97,34166,28,2469,109,7791,132,36742,136,44533,California
Mendocino,2021-05-19,322,79472,189,42704,112,34278,21,2490,239,7970,81,36823,260,44793,California
Mendocino,2021-05-20,278,79750,105,42809,131,34409,42,2532,98,7933,177,37000,140,44933,California
Mendocino,2021-05-21,583,80333,449,43258,124,34533,10,2542,469,8299,113,37113,479,45412,California
Mendocino,2021-05-22,590,80923,519,43777,65,34598,6,2548,193,8102,396,37509,199,45611,California
Mendocino,2021-05-23,18,80941,11,43788,1,34599,6,2554,10,8111,7,37516,16,45627,California
Mendocino,2021-05-24,41,80982,18,43806,18,34617,5,2559,28,8132,12,37528,33,45660,California
Merced,2020-12-16,3,3,3,3,0,0,0,0,3,3,0,0,3,3,California
Merced,2020-12-17,5,8,5,8,0,0,0,0,5,8,0,0,5,8,California
Merced,2020-12-18,143,151,143,151,0,0,0,0,143,151,0,0,143,151,California
Merced,2020-12-19,39,190,39,190,0,0,0,0,39,190,0,0,39,190,California
Merced,2020-12-20,18,208,18,208,0,0,0,0,18,208,0,0,18,208,California
Merced,2020-12-21,125,333,122,330,3,3,0,0,125,333,0,0,125,333,California
Merced,2020-12-22,152,485,152,482,0,3,0,0,152,485,0,0,152,485,California
Merced,2020-12-23,248,733,242,724,6,9,0,0,248,733,0,0,248,733,California
Merced,2020-12-24,72,805,72,796,0,9,0,0,72,805,0,0,72,805,California
Merced,2020-12-25,4,809,4,800,0,9,0,0,4,809,0,0,4,809,California
Merced,2020-12-26,6,815,3,803,3,12,0,0,6,815,0,0,6,815,California
Merced,2020-12-27,12,827,11,814,1,13,0,0,12,827,0,0,12,827,California
Merced,2020-12-28,123,950,98,912,25,38,0,0,123,950,0,0,123,950,California
Merced,2020-12-29,179,1129,123,1035,56,94,0,0,179,1129,0,0,179,1129,California
Merced,2020-12-30,214,1343,89,1124,125,219,0,0,214,1343,0,0,214,1343,California
Merced,2020-12-31,103,1446,34,1158,69,288,0,0,103,1446,0,0,103,1446,California
Merced,2021-01-01,5,1451,1,1159,4,292,0,0,5,1451,0,0,5,1451,California
Merced,2021-01-02,129,1580,118,1277,11,303,0,0,129,1580,0,0,129,1580,California
Merced,2021-01-03,9,1589,5,1282,4,307,0,0,9,1589,0,0,9,1589,California
Merced,2021-01-04,80,1669,42,1324,38,345,0,0,80,1669,0,0,80,1669,California
Merced,2021-01-05,319,1988,231,1555,88,433,0,0,313,1978,6,6,315,1984,California
Merced,2021-01-06,255,2243,105,1660,150,583,0,0,249,2221,6,12,249,2233,California
Merced,2021-01-07,185,2428,81,1741,104,687,0,0,175,2385,11,23,175,2408,California
Merced,2021-01-08,526,2954,392,2133,134,821,0,0,375,2610,150,173,375,2783,California
Merced,2021-01-09,23,2977,10,2143,13,834,0,0,17,2621,6,179,17,2800,California
Merced,2021-01-10,11,2988,7,2150,4,838,0,0,7,2624,4,183,7,2807,California
Merced,2021-01-11,227,3215,168,2318,59,897,0,0,102,2603,125,308,104,2911,California
Merced,2021-01-12,294,3509,171,2489,123,1020,0,0,244,2796,51,359,244,3155,California
Merced,2021-01-13,373,3882,174,2663,199,1219,0,0,222,2870,151,510,225,3380,California
Merced,2021-01-14,323,4205,200,2863,123,1342,0,0,158,2865,164,674,159,3539,California
Merced,2021-01-15,587,4792,131,2994,456,1798,0,0,548,3376,40,714,551,4090,California
Merced,2021-01-16,213,5005,130,3124,83,1881,0,0,196,3555,17,731,196,4286,California
Merced,2021-01-17,50,5055,12,3136,38,1919,0,0,49,3603,1,732,49,4335,California
Merced,2021-01-18,261,5316,126,3262,135,2054,0,0,239,3823,22,754,242,4577,California
Merced,2021-01-19,710,6026,586,3848,124,2178,0,0,539,4195,171,925,543,5120,California
Merced,2021-01-20,572,6598,467,4315,105,2283,0,0,515,4656,57,982,518,5638,California
Merced,2021-01-21,1010,7608,649,4964,361,2644,0,0,910,5469,100,1082,913,6551,California
Merced,2021-01-22,1312,8920,693,5657,619,3263,0,0,1285,6739,27,1109,1297,7848,California
Merced,2021-01-23,324,9244,197,5854,127,3390,0,0,217,6849,107,1216,217,8065,California
Merced,2021-01-24,37,9281,15,5869,22,3412,0,0,28,6869,8,1224,28,8093,California
Merced,2021-01-25,729,10010,241,6110,488,3900,0,0,670,7482,58,1282,671,8764,California
Merced,2021-01-26,917,10927,487,6597,430,4330,0,0,676,7945,214,1496,677,9441,California
Merced,2021-01-27,981,11908,584,7181,397,4727,0,0,813,8592,166,1662,813,10254,California
Merced,2021-01-28,1140,13048,594,7775,546,5273,0,0,1016,9486,123,1785,1017,11271,California
Merced,2021-01-29,851,13899,324,8099,527,5800,0,0,599,9848,240,2025,602,11873,California
Merced,2021-01-30,261,14160,28,8127,233,6033,0,0,244,10075,17,2042,244,12117,California
Merced,2021-01-31,47,14207,11,8138,36,6069,0,0,46,10120,1,2043,46,12163,California
Merced,2021-02-01,376,14583,53,8191,323,6392,0,0,326,10398,49,2092,327,12490,California
Merced,2021-02-02,297,14880,181,8372,116,6508,0,0,176,10457,118,2210,177,12667,California
Merced,2021-02-03,348,15228,72,8444,276,6784,0,0,168,10445,180,2390,168,12835,California
Merced,2021-02-04,371,15599,145,8589,226,7010,0,0,240,10556,130,2520,241,13076,California
Merced,2021-02-05,511,16110,171,8760,340,7350,0,0,270,10588,240,2760,272,13348,California
Merced,2021-02-06,388,16498,218,8978,170,7520,0,0,245,10693,141,2901,246,13594,California
Merced,2021-02-07,21,16519,13,8991,8,7528,0,0,14,10700,7,2908,14,13608,California
Merced,2021-02-08,281,16800,198,9189,83,7611,0,0,171,10763,109,3017,172,13780,California
Merced,2021-02-09,1214,18014,954,10143,260,7871,0,0,772,11102,434,3451,773,14553,California
Merced,2021-02-10,1855,19869,1433,11576,422,8293,0,0,1275,11807,570,4021,1275,15828,California
Merced,2021-02-11,2502,22371,2006,13582,496,8789,0,0,1812,12939,680,4701,1812,17640,California
Merced,2021-02-12,1717,24088,1015,14597,702,9491,0,0,745,12731,955,5656,747,18387,California
Merced,2021-02-13,361,24449,206,14803,155,9646,0,0,262,12900,95,5751,264,18651,California
Merced,2021-02-14,117,24566,26,14829,91,9737,0,0,95,12974,22,5773,96,18747,California
Merced,2021-02-15,273,24839,41,14870,232,9969,0,0,168,13044,99,5872,169,18916,California
Merced,2021-02-16,1216,26055,844,15714,372,10341,0,0,835,13520,363,6235,839,19755,California
Merced,2021-02-17,1880,27935,1635,17349,245,10586,0,0,1310,14283,556,6791,1319,21074,California
Merced,2021-02-18,1212,29147,822,18171,390,10976,0,0,403,13901,788,7579,406,21480,California
Merced,2021-02-19,1265,30412,414,18585,851,11827,0,0,538,13720,721,8300,540,22020,California
Merced,2021-02-20,277,30689,31,18616,246,12073,0,0,139,13723,136,8436,139,22159,California
Merced,2021-02-21,77,30766,62,18678,15,12088,0,0,31,13709,45,8481,31,22190,California
Merced,2021-02-22,832,31598,294,18972,538,12626,0,0,482,13843,348,8829,482,22672,California
Merced,2021-02-23,1085,32683,423,19395,662,13288,0,0,640,14045,439,9268,641,23313,California
Merced,2021-02-24,818,33501,302,19697,516,13804,0,0,446,14129,363,9631,447,23760,California
Merced,2021-02-25,1764,35265,871,20568,893,14697,0,0,1312,14994,449,10080,1314,25074,California
Merced,2021-02-26,2152,37417,1378,21946,774,15471,0,0,1741,16330,406,10486,1742,26816,California
Merced,2021-02-27,2531,39948,1105,23051,1426,16897,0,0,2246,18293,283,10769,2246,29062,California
Merced,2021-02-28,307,40255,72,23123,235,17132,0,0,252,18494,51,10820,252,29314,California
Merced,2021-03-01,1118,41373,280,23403,837,17969,1,1,778,18942,331,11151,779,30093,California
Merced,2021-03-02,1752,43125,909,24312,842,18811,1,2,1362,19924,381,11532,1363,31456,California
Merced,2021-03-03,2222,45347,1729,26041,492,19303,1,3,1463,20649,740,12272,1465,32921,California
Merced,2021-03-04,2891,48238,2273,28314,616,19919,2,5,1920,21619,953,13225,1923,34844,California
Merced,2021-03-05,2064,50302,1193,29507,847,20766,24,29,1525,22644,525,13750,1550,36394,California
Merced,2021-03-06,1166,51468,662,30169,482,21248,22,51,910,23321,255,14005,932,37326,California
Merced,2021-03-07,229,51697,65,30234,139,21387,25,76,200,23517,29,14034,225,37551,California
Merced,2021-03-08,1406,53103,808,31042,533,21920,65,141,1192,24559,214,14248,1256,38807,California
Merced,2021-03-09,1697,54800,1002,32044,588,22508,107,248,1099,25174,592,14840,1207,40014,California
Merced,2021-03-10,2697,57497,1868,33912,629,23137,200,448,1621,25938,1061,15901,1825,41839,California
Merced,2021-03-11,1942,59439,692,34604,1046,24183,204,652,1224,26685,703,16604,1450,43289,California
Merced,2021-03-12,2212,61651,903,35507,1041,25224,268,920,1497,27752,710,17314,1777,45066,California
Merced,2021-03-13,726,62377,310,35817,174,25398,242,1162,419,28115,299,17613,662,45728,California
Merced,2021-03-14,249,62626,136,35953,83,25481,30,1192,149,28196,99,17712,180,45908,California
Merced,2021-03-15,1515,64141,494,36447,766,26247,255,1447,998,28938,510,18222,1252,47160,California
Merced,2021-03-16,1464,65605,713,37160,525,26772,226,1673,975,29660,478,18700,1200,48360,California
Merced,2021-03-17,1967,67572,1062,38222,726,27498,179,1852,1513,30909,445,19145,1694,50054,California
Merced,2021-03-18,2047,69619,1178,39400,722,28220,147,1999,1394,31823,640,19785,1554,51608,California
Merced,2021-03-19,2666,72285,1454,40854,1019,29239,193,2192,1386,32134,1269,21054,1580,53188,California
Merced,2021-03-20,2420,74705,1491,42345,534,29773,395,2587,957,32031,1459,22513,1356,54544,California
Merced,2021-03-21,557,75262,343,42688,201,29974,13,2600,437,32363,120,22633,452,54996,California
Merced,2021-03-22,1263,76525,630,43318,557,30531,76,2676,886,32957,370,23003,964,55960,California
Merced,2021-03-23,1832,78357,1105,44423,663,31194,64,2740,1350,33895,477,23480,1415,57375,California
Merced,2021-03-24,1462,79819,924,45347,503,31697,35,2775,985,34443,472,23952,1020,58395,California
Merced,2021-03-25,3316,83135,2277,47624,1016,32713,23,2798,2078,35320,1227,25179,2104,60499,California
Merced,2021-03-26,1933,85068,1086,48710,812,33525,35,2833,889,35209,1034,26213,923,61422,California
Merced,2021-03-27,3553,88621,1902,50612,1236,34761,415,3248,1548,35181,1992,28205,1964,63386,California
Merced,2021-03-28,520,89141,215,50827,297,35058,8,3256,215,35101,303,28508,223,63609,California
Merced,2021-03-29,1825,90966,776,51603,882,35940,167,3423,668,34791,1149,29657,839,64448,California
Merced,2021-03-30,2145,93111,800,52403,1286,37226,59,3482,990,34690,1151,30808,1050,65498,California
Merced,2021-03-31,2133,95244,1403,53806,692,37918,38,3520,951,34513,1167,31975,990,66488,California
Merced,2021-04-01,2191,97435,1025,54831,1040,38958,126,3646,998,34452,1187,33162,1126,67614,California
Merced,2021-04-02,2335,99770,638,55469,1293,40251,404,4050,783,34105,1535,34697,1188,68802,California
Merced,2021-04-03,911,100681,431,55900,465,40716,15,4065,500,34215,407,35104,517,69319,California
Merced,2021-04-04,370,101051,143,56043,223,40939,4,4069,141,34134,228,35332,147,69466,California
Merced,2021-04-05,1270,102321,605,56648,453,41392,212,4281,418,33918,845,36177,629,70095,California
Merced,2021-04-06,2421,104742,897,57545,697,42089,827,5108,890,34107,1527,37704,1716,71811,California
Merced,2021-04-07,1653,106395,888,58433,658,42747,107,5215,586,33750,1052,38756,695,72506,California
Merced,2021-04-08,2297,108692,1170,59603,912,43659,215,5430,813,33323,1453,40209,1026,73532,California
Merced,2021-04-09,1690,110382,472,60075,643,44302,575,6005,564,33354,1110,41319,1141,74673,California
Merced,2021-04-10,698,111080,364,60439,146,44448,188,6193,176,33200,516,41835,362,75035,California
Merced,2021-04-11,488,111568,281,60720,72,44520,135,6328,147,33144,339,42174,283,75318,California
Merced,2021-04-12,1436,113004,931,61651,383,44903,122,6450,818,33502,582,42756,940,76258,California
Merced,2021-04-13,2030,115034,1453,63104,574,45477,3,6453,935,33440,1004,43760,942,77200,California
Merced,2021-04-14,2044,117078,1211,64315,833,46310,0,6453,901,33332,1011,44771,903,78103,California
Merced,2021-04-15,3019,120097,1979,66294,1040,47350,0,6453,956,32458,1835,46606,961,79064,California
Merced,2021-04-16,2364,122461,1149,67443,1215,48565,0,6453,968,32127,1299,47905,968,80032,California
Merced,2021-04-17,1695,124156,1041,68484,653,49218,1,6454,457,31355,1230,49135,458,80490,California
Merced,2021-04-18,468,124624,246,68730,222,49440,0,6454,191,31296,250,49385,191,80681,California
Merced,2021-04-19,1331,125955,746,69476,585,50025,0,6454,707,31474,529,49914,707,81388,California
Merced,2021-04-20,1465,127420,735,70211,730,50755,0,6454,799,31677,596,50510,799,82187,California
Merced,2021-04-21,1468,128888,881,71092,587,51342,0,6454,752,31824,605,51115,752,82939,California
Merced,2021-04-22,1610,130498,741,71833,869,52211,0,6454,779,31854,750,51865,780,83719,California
Merced,2021-04-23,1631,132129,670,72503,961,53172,0,6454,887,32044,698,52563,888,84607,California
Merced,2021-04-24,572,132701,403,72906,169,53341,0,6454,391,32259,177,52740,392,84999,California
Merced,2021-04-25,327,133028,187,73093,140,53481,0,6454,193,32320,132,52872,193,85192,California
Merced,2021-04-26,1184,134212,516,73609,668,54149,0,6454,618,32407,533,53405,620,85812,California
Merced,2021-04-27,1726,135938,869,74478,847,54996,10,6464,689,32136,971,54376,700,86512,California
Merced,2021-04-28,1365,137303,676,75154,680,55676,9,6473,781,32365,562,54938,791,87303,California
Merced,2021-04-29,1390,138693,586,75740,779,56455,25,6498,645,32302,735,55673,672,87975,California
Merced,2021-04-30,1447,140140,608,76348,795,57250,44,6542,746,32396,697,56370,791,88766,California
Merced,2021-05-01,557,140697,241,76589,311,57561,5,6547,258,32363,295,56665,262,89028,California
Merced,2021-05-02,293,140990,118,76707,160,57721,15,6562,129,32345,163,56828,145,89173,California
Merced,2021-05-03,839,141829,545,77252,223,57944,71,6633,299,32180,536,57364,371,89544,California
Merced,2021-05-04,1013,142842,541,77793,420,58364,52,6685,371,31965,638,58002,423,89967,California
Merced,2021-05-05,1199,144041,715,78508,408,58772,76,6761,530,31912,659,58661,606,90573,California
Merced,2021-05-06,903,144944,470,78978,384,59156,49,6810,303,31670,594,59255,352,90925,California
Merced,2021-05-07,903,145847,284,79262,578,59734,41,6851,386,31586,513,59768,429,91354,California
Merced,2021-05-08,396,146243,201,79463,159,59893,36,6887,181,31589,214,59982,217,91571,California
Merced,2021-05-09,213,146456,107,79570,99,59992,7,6894,102,31588,110,60092,109,91680,California
Merced,2021-05-10,688,147144,351,79921,301,60293,36,6930,188,31313,499,60591,224,91904,California
Merced,2021-05-11,1095,148239,648,80569,400,60693,47,6977,422,31114,668,61259,469,92373,California
Merced,2021-05-12,865,149104,524,81093,302,60995,39,7016,258,30807,604,61863,297,92670,California
Merced,2021-05-13,742,149846,395,81488,305,61300,42,7058,282,30674,458,62321,325,92995,California
Merced,2021-05-14,936,150782,615,82103,281,61581,40,7098,503,30791,426,62747,543,93538,California
Merced,2021-05-15,746,151528,565,82668,162,61743,19,7117,441,30953,299,63046,461,93999,California
Merced,2021-05-16,343,151871,228,82896,107,61850,8,7125,201,31024,139,63185,210,94209,California
Merced,2021-05-17,1045,152916,665,83561,351,62201,29,7154,505,31023,536,63721,535,94744,California
Merced,2021-05-18,1264,154180,846,84407,387,62588,31,7185,720,31238,536,64257,751,95495,California
Merced,2021-05-19,1045,155225,731,85138,307,62895,7,7192,580,31368,461,64718,591,96086,California
Merced,2021-05-20,842,156067,459,85597,328,63223,55,7247,315,31213,525,65243,370,96456,California
Merced,2021-05-21,971,157038,551,86148,395,63618,25,7272,362,31000,600,65843,387,96843,California
Merced,2021-05-22,503,157541,385,86533,106,63724,12,7284,322,31155,179,66022,334,97177,California
Merced,2021-05-23,240,157781,170,86703,59,63783,11,7295,167,31260,73,66095,178,97355,California
Merced,2021-05-24,205,157986,91,86794,89,63872,25,7320,68,31217,136,66231,93,97448,California
Modoc,2020-12-16,1,1,1,1,0,0,0,0,1,1,0,0,1,1,California
Modoc,2020-12-21,99,100,99,100,0,0,0,0,99,100,0,0,99,100,California
Modoc,2020-12-22,14,114,14,114,0,0,0,0,14,114,0,0,14,114,California
Modoc,2020-12-23,4,118,4,118,0,0,0,0,4,118,0,0,4,118,California
Modoc,2020-12-24,1,119,1,119,0,0,0,0,1,119,0,0,1,119,California
Modoc,2020-12-28,2,121,2,121,0,0,0,0,2,121,0,0,2,121,California
Modoc,2020-12-29,10,131,1,122,9,9,0,0,10,131,0,0,10,131,California
Modoc,2020-12-30,7,138,0,122,7,16,0,0,7,138,0,0,7,138,California
Modoc,2021-01-02,3,141,1,123,2,18,0,0,3,141,0,0,3,141,California
Modoc,2021-01-04,8,149,0,123,8,26,0,0,8,149,0,0,8,149,California
Modoc,2021-01-05,3,152,2,125,1,27,0,0,3,152,0,0,3,152,California
Modoc,2021-01-06,3,155,2,127,1,28,0,0,2,153,1,1,2,154,California
Modoc,2021-01-07,72,227,0,127,72,100,0,0,72,225,0,1,72,226,California
Modoc,2021-01-08,105,332,0,127,105,205,0,0,105,330,0,1,105,331,California
Modoc,2021-01-10,1,333,1,128,0,205,0,0,0,329,1,2,0,331,California
Modoc,2021-01-11,90,423,81,209,9,214,0,0,19,277,71,73,19,350,California
Modoc,2021-01-12,94,517,25,234,69,283,0,0,68,319,26,99,68,418,California
Modoc,2021-01-13,24,541,4,238,20,303,0,0,22,339,2,101,22,440,California
Modoc,2021-01-14,129,670,6,244,123,426,0,0,124,458,5,106,124,564,California
Modoc,2021-01-15,6,676,1,245,5,431,0,0,6,464,0,106,6,570,California
Modoc,2021-01-16,1,677,1,246,0,431,0,0,1,465,0,106,1,571,California
Modoc,2021-01-18,1,678,1,247,0,431,0,0,1,466,0,106,1,572,California
Modoc,2021-01-19,5,683,3,250,2,433,0,0,3,467,2,108,3,575,California
Modoc,2021-01-20,11,694,1,251,10,443,0,0,11,478,0,108,11,586,California
Modoc,2021-01-21,157,851,2,253,155,598,0,0,157,635,0,108,157,743,California
Modoc,2021-01-22,2,853,0,253,2,600,0,0,2,637,0,108,2,745,California
Modoc,2021-01-25,11,864,0,253,11,611,0,0,11,648,0,108,11,756,California
Modoc,2021-01-26,65,929,1,254,64,675,0,0,65,713,0,108,65,821,California
Modoc,2021-01-27,41,970,2,256,39,714,0,0,25,722,16,124,25,846,California
Modoc,2021-01-28,146,1116,2,258,144,858,0,0,145,866,1,125,145,991,California
Modoc,2021-01-29,3,1119,1,259,2,860,0,0,3,869,0,125,3,994,California
Modoc,2021-02-01,26,1145,13,272,13,873,0,0,12,867,14,139,12,1006,California
Modoc,2021-02-02,170,1315,2,274,168,1041,0,0,167,1031,3,142,167,1173,California
Modoc,2021-02-03,18,1333,13,287,5,1046,0,0,11,1035,7,149,11,1184,California
Modoc,2021-02-04,154,1487,3,290,151,1197,0,0,26,933,128,277,26,1210,California
Modoc,2021-02-05,3,1490,2,292,1,1198,0,0,2,934,1,278,2,1212,California
Modoc,2021-02-08,9,1499,2,294,7,1205,0,0,8,941,1,279,8,1220,California
Modoc,2021-02-09,197,1696,13,307,184,1389,0,0,65,874,132,411,65,1285,California
Modoc,2021-02-10,5,1701,2,309,3,1392,0,0,4,877,1,412,4,1289,California
Modoc,2021-02-11,201,1902,3,312,198,1590,0,0,83,842,118,530,83,1372,California
Modoc,2021-02-12,4,1906,0,312,4,1594,0,0,2,842,2,532,2,1374,California
Modoc,2021-02-13,1,1907,0,312,1,1595,0,0,1,843,0,532,1,1375,California
Modoc,2021-02-16,147,2054,6,318,141,1736,0,0,143,982,4,536,143,1518,California
Modoc,2021-02-17,24,2078,1,319,23,1759,0,0,12,982,12,548,12,1530,California
Modoc,2021-02-18,188,2266,2,321,186,1945,0,0,25,846,162,710,26,1556,California
Modoc,2021-02-19,4,2270,4,325,0,1945,0,0,3,848,1,711,3,1559,California
Modoc,2021-02-20,1,2271,1,326,0,1945,0,0,0,847,1,712,0,1559,California
Modoc,2021-02-22,17,2288,9,335,8,1953,0,0,3,836,14,726,3,1562,California
Modoc,2021-02-23,20,2308,2,337,18,1971,0,0,1,818,19,745,1,1563,California
Modoc,2021-02-24,91,2399,1,338,90,2061,0,0,31,789,60,805,31,1594,California
Modoc,2021-02-25,170,2569,1,339,169,2230,0,0,13,645,157,962,13,1607,California
Modoc,2021-02-26,3,2572,0,339,3,2233,0,0,1,644,2,964,1,1608,California
Modoc,2021-02-27,3,2575,3,342,0,2233,0,0,2,645,1,965,2,1610,California
Modoc,2021-03-01,5,2580,0,342,5,2238,0,0,0,641,4,969,0,1610,California
Modoc,2021-03-02,193,2773,12,354,181,2419,0,0,26,500,167,1136,26,1636,California
Modoc,2021-03-03,12,2785,6,360,6,2425,0,0,2,492,10,1146,2,1638,California
Modoc,2021-03-04,174,2959,2,362,172,2597,0,0,147,612,27,1173,147,1785,California
Modoc,2021-03-05,4,2963,3,365,1,2598,0,0,2,612,2,1175,2,1787,California
Modoc,2021-03-06,11,2974,0,365,1,2599,10,10,1,613,10,1185,11,1798,California
Modoc,2021-03-07,8,2982,2,367,0,2599,6,16,2,615,6,1191,8,1806,California
Modoc,2021-03-08,8,2990,1,368,3,2602,4,20,1,614,6,1197,5,1811,California
Modoc,2021-03-09,126,3116,10,378,108,2710,8,28,61,618,65,1262,69,1880,California
Modoc,2021-03-10,9,3125,3,381,2,2712,4,32,4,621,5,1267,8,1888,California
Modoc,2021-03-11,207,3332,0,381,99,2811,108,140,22,566,185,1452,130,2018,California
Modoc,2021-03-12,11,3343,2,383,4,2815,5,145,4,568,7,1459,9,2027,California
Modoc,2021-03-13,4,3347,0,383,1,2816,3,148,1,569,3,1462,4,2031,California
Modoc,2021-03-15,12,3359,1,384,10,2826,1,149,10,578,2,1464,11,2042,California
Modoc,2021-03-16,173,3532,1,385,168,2994,4,153,42,492,131,1595,45,2087,California
Modoc,2021-03-17,10,3542,1,386,4,2998,5,158,2,491,8,1603,7,2094,California
Modoc,2021-03-18,68,3610,2,388,59,3057,7,165,36,502,32,1635,43,2137,California
Modoc,2021-03-19,5,3615,0,388,0,3057,5,170,0,502,5,1640,5,2142,California
Modoc,2021-03-20,5,3620,2,390,0,3057,3,173,0,500,5,1645,3,2145,California
Modoc,2021-03-21,4,3624,1,391,1,3058,2,175,2,502,2,1647,4,2149,California
Modoc,2021-03-22,17,3641,1,392,11,3069,5,180,12,514,5,1652,17,2166,California
Modoc,2021-03-23,37,3678,7,399,27,3096,3,183,28,536,9,1661,31,2197,California
Modoc,2021-03-24,29,3707,1,400,18,3114,10,193,1,519,28,1689,11,2208,California
Modoc,2021-03-25,77,3784,1,401,74,3188,2,195,45,534,32,1721,47,2255,California
Modoc,2021-03-26,7,3791,2,403,2,3190,3,198,2,534,5,1726,5,2260,California
Modoc,2021-03-27,2,3793,0,403,1,3191,1,199,1,535,1,1727,2,2262,California
Modoc,2021-03-28,2,3795,1,404,0,3191,1,200,0,534,2,1729,1,2263,California
Modoc,2021-03-29,14,3809,1,405,5,3196,8,208,5,538,9,1738,13,2276,California
Modoc,2021-03-30,55,3864,10,415,38,3234,7,215,21,532,34,1772,28,2304,California
Modoc,2021-03-31,9,3873,3,418,2,3236,4,219,3,533,6,1778,7,2311,California
Modoc,2021-04-01,167,4040,2,420,160,3396,5,224,32,435,135,1913,37,2348,California
Modoc,2021-04-02,5,4045,0,420,2,3398,3,227,1,436,3,1916,4,2352,California
Modoc,2021-04-03,5,4050,2,422,0,3398,3,230,2,438,2,1918,4,2356,California
Modoc,2021-04-05,9,4059,0,422,9,3407,0,230,9,447,0,1918,9,2365,California
Modoc,2021-04-06,24,4083,5,427,9,3416,10,240,6,445,18,1936,16,2381,California
Modoc,2021-04-07,12,4095,1,428,4,3420,7,247,3,446,9,1945,10,2391,California
Modoc,2021-04-08,96,4191,1,429,92,3512,3,250,26,405,70,2015,29,2420,California
Modoc,2021-04-09,11,4202,2,431,6,3518,3,253,2,400,9,2024,4,2424,California
Modoc,2021-04-10,5,4207,0,431,1,3519,4,257,0,399,5,2029,4,2428,California
Modoc,2021-04-11,2,4209,2,433,0,3519,0,257,1,399,1,2030,1,2429,California
Modoc,2021-04-12,14,4223,0,433,10,3529,4,261,1,393,11,2041,5,2434,California
Modoc,2021-04-13,30,4253,29,462,1,3530,0,261,21,405,9,2050,21,2455,California
Modoc,2021-04-14,2,4255,2,464,0,3530,0,261,1,405,1,2051,1,2456,California
Modoc,2021-04-15,100,4355,0,464,100,3630,0,261,27,359,73,2124,27,2483,California
Modoc,2021-04-16,4,4359,4,468,0,3630,0,261,3,361,1,2125,3,2486,California
Modoc,2021-04-17,2,4361,2,470,0,3630,0,261,2,363,0,2125,2,2488,California
Modoc,2021-04-18,1,4362,0,470,1,3631,0,261,1,364,0,2125,1,2489,California
Modoc,2021-04-19,6,4368,0,470,6,3637,0,261,1,360,5,2130,1,2490,California
Modoc,2021-04-20,26,4394,2,472,24,3661,0,261,8,350,18,2148,8,2498,California
Modoc,2021-04-21,3,4397,3,475,0,3661,0,261,0,347,3,2151,0,2498,California
Modoc,2021-04-22,97,4494,3,478,94,3755,0,261,40,330,57,2208,40,2538,California
Modoc,2021-04-23,4,4498,0,478,4,3759,0,261,3,332,1,2209,3,2541,California
Modoc,2021-04-24,3,4501,1,479,1,3760,1,262,2,334,1,2210,3,2544,California
Modoc,2021-04-25,1,4502,1,480,0,3760,0,262,1,335,0,2210,1,2545,California
Modoc,2021-04-26,8,4510,1,481,7,3767,0,262,3,333,5,2215,3,2548,California
Modoc,2021-04-27,6,4516,4,485,1,3768,1,263,1,330,5,2220,2,2550,California
Modoc,2021-04-28,5,4521,1,486,3,3771,1,264,1,328,4,2224,2,2552,California
Modoc,2021-04-29,66,4587,2,488,64,3835,0,264,24,310,42,2266,24,2576,California
Modoc,2021-04-30,5,4592,4,492,1,3836,0,264,3,311,2,2268,3,2579,California
Modoc,2021-05-01,1,4593,1,493,0,3836,0,264,0,310,1,2269,0,2579,California
Modoc,2021-05-02,4,4597,3,496,1,3837,0,264,3,312,1,2270,3,2582,California
Modoc,2021-05-03,10,4607,0,496,9,3846,1,265,0,303,10,2280,1,2583,California
Modoc,2021-05-04,11,4618,3,499,6,3852,2,267,5,304,6,2286,7,2590,California
Modoc,2021-05-05,27,4645,24,523,2,3854,1,268,8,294,19,2305,9,2599,California
Modoc,2021-05-06,54,4699,3,526,49,3903,2,270,21,284,33,2338,23,2622,California
Modoc,2021-05-07,8,4707,3,529,3,3906,2,272,2,282,6,2344,4,2626,California
Modoc,2021-05-08,3,4710,2,531,0,3906,1,273,1,282,2,2346,2,2628,California
Modoc,2021-05-09,2,4712,2,533,0,3906,0,273,1,282,1,2347,1,2629,California
Modoc,2021-05-10,2,4714,0,533,1,3907,1,274,1,283,1,2348,2,2631,California
Modoc,2021-05-11,3,4717,2,535,0,3907,1,275,0,281,3,2351,1,2632,California
Modoc,2021-05-12,2,4719,0,535,0,3907,2,277,0,281,2,2353,2,2634,California
Modoc,2021-05-13,43,4762,1,536,38,3945,4,281,14,270,29,2382,18,2652,California
Modoc,2021-05-14,10,4772,4,540,1,3946,5,286,4,273,6,2388,9,2661,California
Modoc,2021-05-15,4,4776,3,543,1,3947,0,286,4,277,0,2388,4,2665,California
Modoc,2021-05-16,2,4778,1,544,1,3948,0,286,0,275,2,2390,0,2665,California
Modoc,2021-05-17,5,4783,3,547,2,3950,0,286,4,278,1,2391,4,2669,California
Modoc,2021-05-18,22,4805,11,558,9,3959,2,288,13,284,9,2400,15,2684,California
Modoc,2021-05-19,9,4814,2,560,3,3962,4,292,5,289,4,2404,9,2693,California
Modoc,2021-05-20,58,4872,2,562,47,4009,9,301,7,254,51,2455,16,2709,California
Modoc,2021-05-21,8,4880,6,568,1,4010,1,302,1,249,7,2462,2,2711,California
Modoc,2021-05-22,1,4881,1,569,0,4010,0,302,0,248,1,2463,0,2711,California
Modoc,2021-05-23,2,4883,2,571,0,4010,0,302,0,246,2,2465,0,2711,California
Modoc,2021-05-24,1,4884,0,571,0,4010,1,303,0,246,1,2466,1,2712,California
Mono,2020-12-18,1,1,1,1,0,0,0,0,1,1,0,0,1,1,California
Mono,2020-12-19,5,6,5,6,0,0,0,0,5,6,0,0,5,6,California
Mono,2020-12-20,7,13,7,13,0,0,0,0,7,13,0,0,7,13,California
Mono,2020-12-21,24,37,17,30,7,7,0,0,24,37,0,0,24,37,California
Mono,2020-12-22,66,103,65,95,1,8,0,0,66,103,0,0,66,103,California
Mono,2020-12-23,70,173,42,137,28,36,0,0,70,173,0,0,70,173,California
Mono,2020-12-24,3,176,1,138,2,38,0,0,3,176,0,0,3,176,California
Mono,2020-12-26,3,179,3,141,0,38,0,0,3,179,0,0,3,179,California
Mono,2020-12-28,94,273,63,204,31,69,0,0,94,273,0,0,94,273,California
Mono,2020-12-29,29,302,29,233,0,69,0,0,29,302,0,0,29,302,California
Mono,2020-12-30,77,379,36,269,41,110,0,0,77,379,0,0,77,379,California
Mono,2020-12-31,4,383,1,270,3,113,0,0,4,383,0,0,4,383,California
Mono,2021-01-01,4,387,4,274,0,113,0,0,4,387,0,0,4,387,California
Mono,2021-01-02,2,389,2,276,0,113,0,0,2,389,0,0,2,389,California
Mono,2021-01-04,2,391,0,276,2,115,0,0,2,391,0,0,2,391,California
Mono,2021-01-05,45,436,2,278,43,158,0,0,44,434,1,1,44,435,California
Mono,2021-01-06,44,480,0,278,44,202,0,0,44,478,0,1,44,479,California
Mono,2021-01-07,55,535,3,281,52,254,0,0,54,531,1,2,54,533,California
Mono,2021-01-08,2,537,1,282,1,255,0,0,1,531,1,3,1,534,California
Mono,2021-01-09,4,541,4,286,0,255,0,0,0,527,4,7,0,534,California
Mono,2021-01-10,5,546,5,291,0,255,0,0,0,522,5,12,0,534,California
Mono,2021-01-11,8,554,5,296,3,258,0,0,4,522,4,16,4,538,California
Mono,2021-01-12,283,837,75,371,208,466,0,0,219,678,63,79,219,757,California
Mono,2021-01-13,233,1070,73,444,160,626,0,0,178,801,55,134,178,935,California
Mono,2021-01-14,73,1143,71,515,2,628,0,0,73,874,0,134,73,1008,California
Mono,2021-01-15,62,1205,2,517,60,688,0,0,62,936,0,134,62,1070,California
Mono,2021-01-16,4,1209,3,520,1,689,0,0,1,934,3,137,1,1071,California
Mono,2021-01-18,64,1273,55,575,9,698,0,0,2,874,62,199,2,1073,California
Mono,2021-01-19,210,1483,208,783,2,700,0,0,172,1009,38,237,173,1246,California
Mono,2021-01-20,230,1713,198,981,32,732,0,0,169,1117,61,298,169,1415,California
Mono,2021-01-21,3,1716,3,984,0,732,0,0,3,1120,0,298,3,1418,California
Mono,2021-01-22,4,1720,0,984,4,736,0,0,4,1124,0,298,4,1422,California
Mono,2021-01-23,594,2314,594,1578,0,736,0,0,593,1716,1,299,593,2015,California
Mono,2021-01-25,201,2515,163,1741,38,774,0,0,162,1839,39,338,162,2177,California
Mono,2021-01-26,505,3020,503,2244,2,776,0,0,499,2332,6,344,499,2676,California
Mono,2021-01-27,5,3025,1,2245,4,780,0,0,5,2337,0,344,5,2681,California
Mono,2021-01-28,6,3031,2,2247,4,784,0,0,2,2335,4,348,2,2683,California
Mono,2021-01-30,200,3231,198,2445,2,786,0,0,199,2533,1,349,199,2882,California
Mono,2021-01-31,242,3473,137,2582,105,891,0,0,138,2567,104,453,138,3020,California
Mono,2021-02-01,27,3500,27,2609,0,891,0,0,0,2540,27,480,0,3020,California
Mono,2021-02-02,5,3505,0,2609,5,896,0,0,2,2539,3,483,2,3022,California
Mono,2021-02-03,4,3509,2,2611,2,898,0,0,2,2539,2,485,2,3024,California
Mono,2021-02-04,211,3720,158,2769,53,951,0,0,90,2508,121,606,90,3114,California
Mono,2021-02-05,617,4337,611,3380,6,957,0,0,614,3119,3,609,614,3728,California
Mono,2021-02-06,138,4475,137,3517,1,958,0,0,137,3255,1,610,137,3865,California
Mono,2021-02-07,2,4477,0,3517,2,960,0,0,2,3257,0,610,2,3867,California
Mono,2021-02-08,172,4649,172,3689,0,960,0,0,15,3116,156,766,15,3882,California
Mono,2021-02-09,226,4875,6,3695,220,1180,0,0,13,2916,213,979,13,3895,California
Mono,2021-02-10,536,5411,186,3881,350,1530,0,0,193,2767,343,1322,194,4089,California
Mono,2021-02-11,7,5418,4,3885,3,1533,0,0,2,2764,5,1327,2,4091,California
Mono,2021-02-12,84,5502,20,3905,64,1597,0,0,26,2732,58,1385,26,4117,California
Mono,2021-02-13,585,6087,585,4490,0,1597,0,0,25,2198,559,1944,25,4142,California
Mono,2021-02-15,165,6252,163,4653,2,1599,0,0,3,2041,160,2104,3,4145,California
Mono,2021-02-16,517,6769,514,5167,3,1602,0,0,45,1617,469,2573,45,4190,California
Mono,2021-02-17,7,6776,2,5169,5,1607,0,0,2,1614,5,2578,2,4192,California
Mono,2021-02-18,3,6779,2,5171,1,1608,0,0,2,1615,1,2579,2,4194,California
Mono,2021-02-19,54,6833,53,5224,1,1609,0,0,54,1669,0,2579,54,4248,California
Mono,2021-02-20,4,6837,4,5228,0,1609,0,0,4,1673,0,2579,4,4252,California
Mono,2021-02-21,6,6843,6,5234,0,1609,0,0,4,1675,2,2581,4,4256,California
Mono,2021-02-22,283,7126,282,5516,1,1610,0,0,24,1441,258,2839,24,4280,California
Mono,2021-02-23,137,7263,117,5633,20,1630,0,0,22,1348,115,2954,22,4302,California
Mono,2021-02-24,10,7273,3,5636,7,1637,0,0,4,1346,6,2960,4,4306,California
Mono,2021-02-25,5,7278,2,5638,3,1640,0,0,3,1348,1,2961,3,4309,California
Mono,2021-02-26,598,7876,596,6234,2,1642,0,0,21,793,576,3537,21,4330,California
Mono,2021-02-27,140,8016,136,6370,4,1646,0,0,4,663,134,3671,4,4334,California
Mono,2021-03-01,2,8018,2,6372,0,1646,0,0,1,664,0,3671,1,4335,California
Mono,2021-03-02,6,8024,4,6376,2,1648,0,0,4,666,2,3673,4,4339,California
Mono,2021-03-03,112,8136,2,6378,110,1758,0,0,109,773,2,3675,109,4448,California
Mono,2021-03-04,5,8141,1,6379,4,1762,0,0,3,774,2,3677,3,4451,California
Mono,2021-03-05,37,8178,27,6406,10,1772,0,0,14,765,23,3700,14,4465,California
Mono,2021-03-06,507,8685,17,6423,490,2262,0,0,499,1259,6,3706,500,4965,California
Mono,2021-03-07,1,8686,0,6423,1,2263,0,0,0,1258,1,3707,0,4965,California
Mono,2021-03-08,536,9222,11,6434,522,2785,3,3,527,1779,9,3716,530,5495,California
Mono,2021-03-09,6,9228,2,6436,3,2788,1,4,3,1781,2,3718,4,5499,California
Mono,2021-03-10,286,9514,90,6526,193,2981,3,7,9,1519,274,3992,12,5511,California
Mono,2021-03-11,10,9524,0,6526,1,2982,9,16,0,1518,10,4002,9,5520,California
Mono,2021-03-12,7,9531,1,6527,1,2983,5,21,0,1516,7,4009,5,5525,California
Mono,2021-03-13,823,10354,386,6913,437,3420,0,21,815,2323,8,4017,815,6340,California
Mono,2021-03-14,4,10358,4,6917,0,3420,0,21,0,2319,4,4021,0,6340,California
Mono,2021-03-15,31,10389,23,6940,3,3423,5,26,14,2322,16,4037,19,6359,California
Mono,2021-03-16,16,10405,6,6946,4,3427,6,32,8,2328,8,4045,14,6373,California
Mono,2021-03-17,33,10438,5,6951,20,3447,8,40,21,2345,12,4057,29,6402,California
Mono,2021-03-18,21,10459,2,6953,11,3458,8,48,9,2350,12,4069,17,6419,California
Mono,2021-03-19,21,10480,1,6954,17,3475,3,51,17,2367,3,4072,20,6439,California
Mono,2021-03-20,5,10485,3,6957,1,3476,1,52,4,2371,1,4073,5,6444,California
Mono,2021-03-21,1,10486,1,6958,0,3476,0,52,1,2372,0,4073,1,6445,California
Mono,2021-03-22,11,10497,0,6958,6,3482,5,57,5,2376,6,4079,10,6455,California
Mono,2021-03-23,43,10540,6,6964,32,3514,5,62,17,2372,26,4105,22,6477,California
Mono,2021-03-24,13,10553,1,6965,7,3521,5,67,5,2374,8,4113,10,6487,California
Mono,2021-03-25,19,10572,3,6968,12,3533,4,71,12,2383,7,4120,16,6503,California
Mono,2021-03-26,19,10591,3,6971,11,3544,5,76,10,2390,8,4128,15,6518,California
Mono,2021-03-27,356,10947,353,7324,3,3547,0,76,329,2692,27,4155,329,6847,California
Mono,2021-03-29,10,10957,3,7327,6,3553,1,77,8,2699,2,4157,9,6856,California
Mono,2021-03-30,12,10969,0,7327,8,3561,4,81,7,2705,5,4162,11,6867,California
Mono,2021-03-31,132,11101,7,7334,124,3685,1,82,22,2619,109,4271,23,6890,California
Mono,2021-04-01,8,11109,0,7334,7,3692,1,83,3,2618,5,4276,4,6894,California
Mono,2021-04-02,18,11127,2,7336,16,3708,0,83,7,2614,11,4287,7,6901,California
Mono,2021-04-03,867,11994,372,7708,495,4203,0,83,50,1849,815,5102,50,6951,California
Mono,2021-04-05,533,12527,18,7726,514,4717,1,84,34,1388,498,5600,37,6988,California
Mono,2021-04-06,19,12546,1,7727,5,4722,13,97,1,1384,18,5618,14,7002,California
Mono,2021-04-07,25,12571,3,7730,3,4725,19,116,4,1386,21,5639,23,7025,California
Mono,2021-04-08,22,12593,3,7733,2,4727,17,133,4,1389,18,5657,21,7046,California
Mono,2021-04-09,37,12630,4,7737,4,4731,29,162,7,1395,30,5687,36,7082,California
Mono,2021-04-10,446,13076,2,7739,437,5168,7,169,28,1012,418,6105,35,7117,California
Mono,2021-04-11,1,13077,1,7740,0,5168,0,169,0,1011,1,6106,0,7117,California
Mono,2021-04-12,6,13083,0,7740,3,5171,3,172,3,1014,3,6109,6,7123,California
Mono,2021-04-13,20,13103,2,7742,17,5188,1,173,14,1023,6,6115,15,7138,California
Mono,2021-04-14,24,13127,0,7742,24,5212,0,173,6,1011,18,6133,6,7144,California
Mono,2021-04-15,18,13145,3,7745,15,5227,0,173,9,1011,9,6142,9,7153,California
Mono,2021-04-16,17,13162,1,7746,16,5243,0,173,6,1006,11,6153,6,7159,California
Mono,2021-04-17,51,13213,2,7748,49,5292,0,173,44,1043,7,6160,44,7203,California
Mono,2021-04-18,1,13214,0,7748,1,5293,0,173,1,1044,0,6160,1,7204,California
Mono,2021-04-19,526,13740,319,8067,207,5500,0,173,201,922,323,6483,201,7405,California
Mono,2021-04-20,16,13756,2,8069,14,5514,0,173,11,928,5,6488,11,7416,California
Mono,2021-04-21,8,13764,1,8070,7,5521,0,173,3,926,5,6493,3,7419,California
Mono,2021-04-22,25,13789,11,8081,14,5535,0,173,11,923,14,6507,11,7430,California
Mono,2021-04-23,22,13811,2,8083,20,5555,0,173,12,925,10,6517,12,7442,California
Mono,2021-04-24,35,13846,22,8105,13,5568,0,173,20,930,15,6532,20,7462,California
Mono,2021-04-25,3,13849,2,8107,1,5569,0,173,3,933,0,6532,3,7465,California
Mono,2021-04-26,10,13859,1,8108,9,5578,0,173,2,927,8,6540,2,7467,California
Mono,2021-04-27,66,13925,40,8148,19,5597,7,180,50,968,16,6556,57,7524,California
Mono,2021-04-28,63,13988,41,8189,18,5615,4,184,48,1007,13,6569,52,7576,California
Mono,2021-04-29,8,13996,1,8190,4,5619,3,187,2,1006,6,6575,5,7581,California
Mono,2021-04-30,16,14012,3,8193,10,5629,3,190,8,1009,8,6583,11,7592,California
Mono,2021-05-01,110,14122,4,8197,106,5735,0,190,98,1095,12,6595,98,7690,California
Mono,2021-05-03,1,14123,0,8197,1,5736,0,190,0,1094,1,6596,0,7690,California
Mono,2021-05-04,19,14142,0,8197,13,5749,6,196,10,1101,9,6605,16,7706,California
Mono,2021-05-05,54,14196,8,8205,42,5791,4,200,46,1143,8,6613,50,7756,California
Mono,2021-05-06,13,14209,3,8208,9,5800,1,201,9,1149,4,6617,10,7766,California
Mono,2021-05-07,29,14238,22,8230,7,5807,0,201,25,1170,4,6621,25,7791,California
Mono,2021-05-08,50,14288,5,8235,45,5852,0,201,22,1164,28,6649,22,7813,California
Mono,2021-05-10,17,14305,1,8236,12,5864,4,205,9,1169,8,6657,13,7826,California
Mono,2021-05-11,16,14321,2,8238,11,5875,3,208,5,1166,11,6668,8,7834,California
Mono,2021-05-12,12,14333,0,8238,11,5886,1,209,4,1163,8,6676,5,7839,California
Mono,2021-05-13,45,14378,32,8270,13,5899,0,209,36,1190,9,6685,36,7875,California
Mono,2021-05-14,9,14387,1,8271,7,5906,1,210,4,1190,5,6690,5,7880,California
Mono,2021-05-15,66,14453,25,8296,34,5940,7,217,18,1167,48,6738,25,7905,California
Mono,2021-05-16,6,14459,5,8301,1,5941,0,217,3,1167,3,6741,3,7908,California
Mono,2021-05-17,246,14705,33,8334,206,6147,7,224,54,1038,191,6932,62,7970,California
Mono,2021-05-18,133,14838,109,8443,23,6170,1,225,87,1080,46,6978,88,8058,California
Mono,2021-05-19,118,14956,112,8555,1,6171,5,230,75,1117,43,7021,80,8138,California
Mono,2021-05-20,70,15026,54,8609,10,6181,6,236,53,1159,17,7038,59,8197,California
Mono,2021-05-21,25,15051,5,8614,18,6199,2,238,11,1158,14,7052,13,8210,California
Mono,2021-05-22,19,15070,10,8624,7,6206,2,240,13,1167,6,7058,15,8225,California
Mono,2021-05-23,4,15074,1,8625,3,6209,0,240,3,1169,1,7059,3,8228,California
Monterey,2020-12-16,5,5,5,5,0,0,0,0,5,5,0,0,5,5,California
Monterey,2020-12-17,89,94,89,94,0,0,0,0,89,94,0,0,89,94,California
Monterey,2020-12-18,486,580,486,580,0,0,0,0,486,580,0,0,486,580,California
Monterey,2020-12-19,582,1162,581,1161,1,1,0,0,582,1162,0,0,582,1162,California
Monterey,2020-12-20,422,1584,422,1583,0,1,0,0,422,1584,0,0,422,1584,California
Monterey,2020-12-21,723,2307,723,2306,0,1,0,0,723,2307,0,0,723,2307,California
Monterey,2020-12-22,538,2845,525,2831,13,14,0,0,538,2845,0,0,538,2845,California
Monterey,2020-12-23,441,3286,266,3097,175,189,0,0,441,3286,0,0,441,3286,California
Monterey,2020-12-24,84,3370,10,3107,74,263,0,0,84,3370,0,0,84,3370,California
Monterey,2020-12-25,6,3376,0,3107,6,269,0,0,6,3376,0,0,6,3376,California
Monterey,2020-12-26,92,3468,5,3112,87,356,0,0,92,3468,0,0,92,3468,California
Monterey,2020-12-27,7,3475,4,3116,3,359,0,0,7,3475,0,0,7,3475,California
Monterey,2020-12-28,477,3952,25,3141,452,811,0,0,477,3952,0,0,477,3952,California
Monterey,2020-12-29,902,4854,168,3309,734,1545,0,0,902,4854,0,0,902,4854,California
Monterey,2020-12-30,566,5420,97,3406,469,2014,0,0,566,5420,0,0,566,5420,California
Monterey,2020-12-31,33,5453,11,3417,22,2036,0,0,33,5453,0,0,33,5453,California
Monterey,2021-01-01,12,5465,2,3419,10,2046,0,0,12,5465,0,0,12,5465,California
Monterey,2021-01-02,137,5602,134,3553,3,2049,0,0,137,5602,0,0,137,5602,California
Monterey,2021-01-03,30,5632,29,3582,1,2050,0,0,30,5632,0,0,30,5632,California
Monterey,2021-01-04,411,6043,18,3600,393,2443,0,0,411,6043,0,0,411,6043,California
Monterey,2021-01-05,753,6796,327,3927,426,2869,0,0,739,6768,14,14,739,6782,California
Monterey,2021-01-06,660,7456,175,4102,485,3354,0,0,637,7382,23,37,637,7419,California
Monterey,2021-01-07,749,8205,573,4675,176,3530,0,0,424,7483,323,360,424,7843,California
Monterey,2021-01-08,1093,9298,736,5411,357,3887,0,0,399,7188,694,1054,399,8242,California
Monterey,2021-01-09,967,10265,935,6346,32,3919,0,0,314,6850,652,1706,314,8556,California
Monterey,2021-01-10,274,10539,271,6617,3,3922,0,0,9,6594,265,1971,9,8565,California
Monterey,2021-01-11,1069,11608,986,7603,83,4005,0,0,366,6257,703,2674,366,8931,California
Monterey,2021-01-12,474,12082,395,7998,79,4084,0,0,211,6205,263,2937,211,9142,California
Monterey,2021-01-13,1218,13300,593,8591,625,4709,0,0,1172,7331,46,2983,1172,10314,California
Monterey,2021-01-14,1129,14429,169,8760,960,5669,0,0,1110,8426,19,3002,1114,11428,California
Monterey,2021-01-15,1049,15478,45,8805,1004,6673,0,0,1036,9449,13,3015,1036,12464,California
Monterey,2021-01-16,366,15844,301,9106,65,6738,0,0,361,9805,5,3020,361,12825,California
Monterey,2021-01-17,314,16158,293,9399,21,6759,0,0,301,10093,13,3033,301,13126,California
Monterey,2021-01-18,403,16561,46,9445,357,7116,0,0,381,10452,22,3055,381,13507,California
Monterey,2021-01-19,578,17139,395,9840,183,7299,0,0,419,10714,157,3212,419,13926,California
Monterey,2021-01-20,538,17677,268,10108,270,7569,0,0,332,10840,206,3418,332,14258,California
Monterey,2021-01-21,851,18528,93,10201,758,8327,0,0,741,11475,110,3528,745,15003,California
Monterey,2021-01-22,1057,19585,195,10396,862,9189,0,0,1018,12454,39,3567,1018,16021,California
Monterey,2021-01-23,243,19828,175,10571,68,9257,0,0,119,12452,123,3690,121,16142,California
Monterey,2021-01-24,57,19885,38,10609,19,9276,0,0,23,12441,34,3724,23,16165,California
Monterey,2021-01-25,803,20688,175,10784,628,9904,0,0,176,11997,620,4344,176,16341,California
Monterey,2021-01-26,945,21633,225,11009,720,10624,0,0,248,11548,697,5041,248,16589,California
Monterey,2021-01-27,868,22501,314,11323,554,11178,0,0,389,11458,479,5520,389,16978,California
Monterey,2021-01-28,2031,24532,739,12062,1292,12470,0,0,1690,12809,341,5861,1692,18670,California
Monterey,2021-01-29,1237,25769,709,12771,528,12998,0,0,1119,13812,117,5978,1120,19790,California
Monterey,2021-01-30,465,26234,295,13066,170,13168,0,0,209,13765,256,6234,209,19999,California
Monterey,2021-01-31,496,26730,72,13138,424,13592,0,0,485,14240,11,6245,486,20485,California
Monterey,2021-02-01,1659,28389,1148,14286,511,14103,0,0,1091,14764,567,6812,1091,21576,California
Monterey,2021-02-02,2174,30563,462,14748,1712,15815,0,0,1566,15723,607,7419,1566,23142,California
Monterey,2021-02-03,2343,32906,1052,15800,1291,17106,0,0,1565,16514,774,8193,1565,24707,California
Monterey,2021-02-04,2793,35699,2088,17888,705,17811,0,0,2483,18689,308,8501,2483,27190,California
Monterey,2021-02-05,3674,39373,2832,20720,842,18653,0,0,3233,21486,436,8937,3233,30423,California
Monterey,2021-02-06,1109,40482,380,21100,729,19382,0,0,762,21903,345,9282,762,31185,California
Monterey,2021-02-07,317,40799,268,21368,49,19431,0,0,99,21784,218,9500,99,31284,California
Monterey,2021-02-08,521,41320,291,21659,230,19661,0,0,430,22123,91,9591,430,31714,California
Monterey,2021-02-09,882,42202,684,22343,198,19859,0,0,570,22383,312,9903,572,32286,California
Monterey,2021-02-10,2093,44295,1110,23453,983,20842,0,0,1248,22787,845,10748,1249,33535,California
Monterey,2021-02-11,2513,46808,975,24428,1538,22380,0,0,1550,23378,961,11709,1552,35087,California
Monterey,2021-02-12,2604,49412,432,24860,2172,24552,0,0,1530,23836,1073,12782,1531,36618,California
Monterey,2021-02-13,1079,50491,49,24909,1030,25582,0,0,988,24734,90,12872,988,37606,California
Monterey,2021-02-14,600,51091,73,24982,527,26109,0,0,527,25188,73,12945,527,38133,California
Monterey,2021-02-15,1375,52466,161,25143,1214,27323,0,0,984,25784,389,13334,985,39118,California
Monterey,2021-02-16,1097,53563,244,25387,853,28176,0,0,873,26433,224,13558,873,39991,California
Monterey,2021-02-17,1954,55517,1167,26554,787,28963,0,0,1649,27780,304,13862,1651,41642,California
Monterey,2021-02-18,2238,57755,1179,27733,1059,30022,0,0,914,27386,1310,15172,916,42558,California
Monterey,2021-02-19,2951,60706,1539,29272,1412,31434,0,0,1352,27141,1598,16770,1353,43911,California
Monterey,2021-02-20,1022,61728,617,29889,405,31839,0,0,963,28046,58,16828,963,44874,California
Monterey,2021-02-21,1254,62982,1225,31114,29,31868,0,0,1183,29160,69,16897,1183,46057,California
Monterey,2021-02-22,1003,63985,854,31968,149,32017,0,0,652,29463,349,17246,652,46709,California
Monterey,2021-02-23,971,64956,624,32592,347,32364,0,0,306,29106,664,17910,307,47016,California
Monterey,2021-02-24,2482,67438,1326,33918,1156,33520,0,0,1857,30344,620,18530,1858,48874,California
Monterey,2021-02-25,4432,71870,2429,36347,2003,35523,0,0,1486,28892,2939,21469,1487,50361,California
Monterey,2021-02-26,5263,77133,3087,39434,2176,37699,0,0,2635,28903,2625,24094,2636,52997,California
Monterey,2021-02-27,1029,78162,186,39620,843,38542,0,0,813,29505,211,24305,813,53810,California
Monterey,2021-02-28,1539,79701,82,39702,1457,39999,0,0,1076,30123,458,24763,1076,54886,California
Monterey,2021-03-01,1289,80990,145,39847,1141,41140,3,3,747,30337,537,25300,751,55637,California
Monterey,2021-03-02,2804,83794,1732,41579,1072,42212,0,3,1936,31409,864,26164,1936,57573,California
Monterey,2021-03-03,3222,87016,1245,42824,1977,44189,0,3,1277,30744,1943,28107,1278,58851,California
Monterey,2021-03-04,4584,91600,1474,44298,3110,47299,0,3,2959,32082,1621,29728,2959,61810,California
Monterey,2021-03-05,3677,95277,1626,45924,1774,49073,277,280,3007,34697,669,30397,3284,65094,California
Monterey,2021-03-06,5083,100360,1081,47005,3696,52769,306,586,4168,38257,912,31309,4472,69566,California
Monterey,2021-03-07,524,100884,107,47112,170,52939,247,833,234,38446,290,31599,479,70045,California
Monterey,2021-03-08,1669,102553,327,47439,953,53892,389,1222,1120,39404,549,32148,1507,71552,California
Monterey,2021-03-09,1993,104546,695,48134,1023,54915,275,1497,1491,40667,501,32649,1764,73316,California
Monterey,2021-03-10,3192,107738,1037,49171,1665,56580,490,1987,1465,40899,1723,34372,1955,75271,California
Monterey,2021-03-11,4171,111909,1415,50586,2381,58961,375,2362,2401,41912,1763,36135,2776,78047,California
Monterey,2021-03-12,4401,116310,2053,52639,2208,61169,140,2502,2702,43057,1696,37831,2841,80888,California
Monterey,2021-03-13,5290,121600,970,53609,3973,65142,347,2849,3971,46057,1318,39149,4318,85206,California
Monterey,2021-03-14,2159,123759,1335,54944,799,65941,25,2874,577,45087,1572,40721,602,85808,California
Monterey,2021-03-15,3972,127731,1274,56218,2408,68349,290,3164,2278,45964,1690,42411,2567,88375,California
Monterey,2021-03-16,3534,131265,579,56797,2578,70927,377,3541,2113,47029,1420,43831,2485,90860,California
Monterey,2021-03-17,5835,137100,2363,59160,3215,74142,257,3798,4223,49908,1606,45437,4485,95345,California
Monterey,2021-03-18,4472,141572,2170,61330,2133,76275,169,3967,3108,51864,1358,46795,3314,98659,California
Monterey,2021-03-19,5485,147057,2564,63894,2775,79050,146,4113,4198,54927,1282,48077,4345,103004,California
Monterey,2021-03-20,3366,150423,420,64314,2251,81301,695,4808,2281,56821,1082,49159,2976,105980,California
Monterey,2021-03-21,634,151057,206,64520,419,81720,9,4817,561,57319,71,49230,569,106549,California
Monterey,2021-03-22,2498,153555,1443,65963,993,82713,62,4879,2285,59455,209,49439,2345,108894,California
Monterey,2021-03-23,4027,157582,2361,68324,1623,84336,43,4922,2563,60601,1459,50898,2605,111499,California
Monterey,2021-03-24,5125,162707,2126,70450,2686,87022,313,5235,3759,63308,1362,52260,4069,115568,California
Monterey,2021-03-25,5323,168030,1226,71676,3739,90761,358,5593,2683,63718,2632,54892,3042,118610,California
Monterey,2021-03-26,5454,173484,2620,74296,2756,93517,78,5671,2791,63936,2653,57545,2871,121481,California
Monterey,2021-03-27,4861,178345,1458,75754,3147,96664,256,5927,3124,65582,1734,59279,3380,124861,California
Monterey,2021-03-28,1120,179465,346,76100,765,97429,9,5936,626,65728,489,59768,635,125496,California
Monterey,2021-03-29,3228,182693,1413,77513,1801,99230,14,5950,2006,66538,1214,60982,2024,127520,California
Monterey,2021-03-30,4529,187222,2135,79648,2346,101576,48,5998,2789,67649,1730,62712,2841,130361,California
Monterey,2021-03-31,5442,192664,2426,82074,2219,103795,797,6795,3457,69912,1982,64694,4245,134606,California
Monterey,2021-04-01,6147,198811,2065,84139,3669,107464,413,7208,3110,70408,3022,67716,3518,138124,California
Monterey,2021-04-02,4794,203605,2269,86408,2460,109924,65,7273,3240,72166,1551,69267,3309,141433,California
Monterey,2021-04-03,5943,209548,1120,87528,3786,113710,1037,8310,1238,69741,4693,73960,2268,143701,California
Monterey,2021-04-04,774,210322,162,87690,597,114307,15,8325,498,69980,276,74236,515,144216,California
Monterey,2021-04-05,4014,214336,2478,90168,1306,115613,230,8555,1493,69188,2515,76751,1723,145939,California
Monterey,2021-04-06,3427,217763,1341,91509,1612,117225,474,9029,1164,68563,2261,79012,1636,147575,California
Monterey,2021-04-07,5680,223443,1379,92888,3788,121013,513,9542,2751,68911,2918,81930,3266,150841,California
Monterey,2021-04-08,6611,230054,3469,96357,2339,123352,803,10345,3253,69619,3352,85282,4060,154901,California
Monterey,2021-04-09,5651,235705,3376,99733,1639,124991,636,10981,2276,69167,3372,88654,2920,157821,California
Monterey,2021-04-10,10107,245812,4885,104618,3069,128060,2153,13134,4907,71036,5190,93844,7059,164880,California
Monterey,2021-04-11,5418,251230,4248,108866,567,128627,603,13737,4372,74966,1040,94884,4970,169850,California
Monterey,2021-04-12,4103,255333,1849,110715,1935,130562,319,14056,927,73174,3038,97922,1246,171096,California
Monterey,2021-04-13,3185,258518,730,111445,2450,133012,5,14061,1518,73051,1648,99570,1525,172621,California
Monterey,2021-04-14,6734,265252,3138,114583,3593,136605,3,14064,1834,70005,4883,104453,1837,174458,California
Monterey,2021-04-15,5892,271144,3904,118487,1988,138593,0,14064,3868,71880,1994,106447,3869,178327,California
Monterey,2021-04-16,4843,275987,2442,120929,2387,140980,14,14078,2250,71564,2581,109028,2265,180592,California
Monterey,2021-04-17,5590,281577,1357,122286,4233,145213,0,14078,3703,73394,1873,110901,3703,184295,California
Monterey,2021-04-18,843,282420,256,122542,587,145800,0,14078,237,73029,602,111503,237,184532,California
Monterey,2021-04-19,3734,286154,1290,123832,2444,148244,0,14078,1773,72849,1953,113456,1773,186305,California
Monterey,2021-04-20,3851,290005,1582,125414,2269,150513,0,14078,1591,72203,2238,115694,1592,187897,California
Monterey,2021-04-21,5931,295936,3178,128592,2753,153266,0,14078,2860,72029,3036,118730,2862,190759,California
Monterey,2021-04-22,4831,300767,1029,129621,3802,157068,0,14078,1987,71212,2804,121534,1987,192746,California
Monterey,2021-04-23,5770,306537,2634,132255,3135,160203,1,14079,2236,69939,3514,125048,2241,194987,California
Monterey,2021-04-24,4175,310712,587,132842,3588,163791,0,14079,1540,68860,2619,127667,1540,196527,California
Monterey,2021-04-25,1243,311955,610,133452,633,164424,0,14079,793,69213,440,128107,793,197320,California
Monterey,2021-04-26,3501,315456,2178,135630,1306,165730,17,14096,881,67516,2595,130702,898,198218,California
Monterey,2021-04-27,2626,318082,898,136528,1610,167340,118,14214,1147,67305,1475,132177,1264,199482,California
Monterey,2021-04-28,3610,321692,1373,137901,2084,169424,153,14367,2227,68312,1370,133547,2377,201859,California
Monterey,2021-04-29,4516,326208,2423,140324,2017,171441,76,14443,1653,67190,2852,136399,1730,203589,California
Monterey,2021-04-30,3184,329392,1657,141981,1452,172893,75,14518,786,65660,2389,138788,859,204448,California
Monterey,2021-05-01,5615,335007,4239,146220,1336,174229,40,14558,681,61462,4917,143705,719,205167,California
Monterey,2021-05-02,4361,339368,3934,150154,400,174629,27,14585,326,57793,4022,147727,353,205520,California
Monterey,2021-05-03,2550,341918,1567,151721,867,175496,116,14701,599,56567,1941,149668,715,206235,California
Monterey,2021-05-04,1789,343707,600,152321,1099,176595,90,14791,646,56174,1130,150798,737,206972,California
Monterey,2021-05-05,3315,347022,1195,153516,2035,178630,85,14876,1044,55044,2260,153058,1130,208102,California
Monterey,2021-05-06,4175,351197,2749,156265,1209,179839,217,15093,1126,53354,3033,156091,1343,209445,California
Monterey,2021-05-07,1990,353187,973,157238,918,180757,99,15192,703,52876,1279,157370,801,210246,California
Monterey,2021-05-08,2578,355765,1367,158605,887,181644,324,15516,912,52453,1655,159025,1232,211478,California
Monterey,2021-05-09,398,356163,116,158721,256,181900,26,15542,145,52372,252,159277,171,211649,California
Monterey,2021-05-10,2591,358754,1859,160580,685,182585,47,15589,330,50498,2252,161529,378,212027,California
Monterey,2021-05-11,1760,360514,906,161486,791,183376,63,15652,729,50275,1016,162545,793,212820,California
Monterey,2021-05-12,3665,364179,1965,163451,1627,185003,73,15725,783,48260,2872,165417,857,213677,California
Monterey,2021-05-13,2286,366465,1311,164762,919,185922,56,15781,1262,48562,1014,166431,1316,214993,California
Monterey,2021-05-14,1736,368201,497,165259,1165,187087,74,15855,695,48297,1033,167464,768,215761,California
Monterey,2021-05-15,2983,371184,526,165785,2222,189309,235,16090,644,46848,2327,169791,878,216639,California
Monterey,2021-05-16,877,372061,530,166315,280,189589,67,16157,223,46489,648,170439,289,216928,California
Monterey,2021-05-17,2184,374245,1286,167601,824,190413,74,16231,1037,46465,1135,171574,1111,218039,California
Monterey,2021-05-18,1728,375973,664,168265,1021,191434,43,16274,796,46382,924,172498,841,218880,California
Monterey,2021-05-19,3556,379529,2345,170610,1125,192559,86,16360,1934,46788,1615,174113,2021,220901,California
Monterey,2021-05-20,2272,381801,804,171414,1388,193947,80,16440,734,46082,1523,175636,817,221718,California
Monterey,2021-05-21,2769,384570,1204,172618,1481,195428,84,16524,857,45117,1905,177541,940,222658,California
Monterey,2021-05-22,1686,386256,601,173219,807,196235,278,16802,631,44972,1052,178593,907,223565,California
Monterey,2021-05-23,534,386790,407,173626,112,196347,15,16817,387,45232,142,178735,402,223967,California
Monterey,2021-05-24,985,387775,301,173927,640,196987,44,16861,304,44900,679,179414,347,224314,California
Napa,2020-12-16,12,12,12,12,0,0,0,0,12,12,0,0,12,12,California
Napa,2020-12-17,44,56,44,56,0,0,0,0,44,56,0,0,44,56,California
Napa,2020-12-18,102,158,102,158,0,0,0,0,102,158,0,0,102,158,California
Napa,2020-12-19,221,379,221,379,0,0,0,0,221,379,0,0,221,379,California
Napa,2020-12-20,190,569,190,569,0,0,0,0,190,569,0,0,190,569,California
Napa,2020-12-21,314,883,314,883,0,0,0,0,315,884,0,0,315,884,California
Napa,2020-12-22,341,1224,332,1215,9,9,0,0,341,1225,0,0,341,1225,California
Napa,2020-12-23,430,1654,320,1535,110,119,0,0,430,1655,0,0,430,1655,California
Napa,2020-12-24,139,1793,78,1613,61,180,0,0,139,1794,0,0,139,1794,California
Napa,2020-12-25,1,1794,1,1614,0,180,0,0,1,1795,0,0,1,1795,California
Napa,2020-12-26,39,1833,11,1625,28,208,0,0,39,1834,0,0,39,1834,California
Napa,2020-12-27,32,1865,16,1641,16,224,0,0,32,1866,0,0,32,1866,California
Napa,2020-12-28,252,2117,186,1827,66,290,0,0,281,2147,0,0,281,2147,California
Napa,2020-12-29,271,2388,214,2041,57,347,0,0,304,2451,0,0,304,2451,California
Napa,2020-12-30,631,3019,486,2527,145,492,0,0,639,3090,0,0,639,3090,California
Napa,2020-12-31,460,3479,371,2898,89,581,0,0,460,3550,0,0,460,3550,California
Napa,2021-01-01,1,3480,1,2899,0,581,0,0,1,3551,0,0,1,3551,California
Napa,2021-01-02,98,3578,93,2992,5,586,0,0,98,3649,0,0,98,3649,California
Napa,2021-01-03,13,3591,11,3003,2,588,0,0,9,3658,0,0,9,3658,California
Napa,2021-01-04,106,3697,63,3066,43,631,0,0,106,3764,0,0,106,3764,California
Napa,2021-01-05,162,3859,85,3151,77,708,0,0,145,3885,24,24,145,3909,California
Napa,2021-01-06,459,4318,113,3264,346,1054,0,0,396,4220,61,85,396,4305,California
Napa,2021-01-07,499,4817,235,3499,264,1318,0,0,398,4518,100,185,398,4703,California
Napa,2021-01-08,445,5262,230,3729,215,1533,0,0,261,4596,183,368,261,4964,California
Napa,2021-01-09,327,5589,302,4031,25,1558,0,0,190,4649,137,505,190,5154,California
Napa,2021-01-10,185,5774,102,4133,83,1641,0,0,108,4680,77,582,108,5262,California
Napa,2021-01-11,881,6655,427,4560,454,2095,0,0,507,4814,375,957,509,5771,California
Napa,2021-01-12,1318,7973,373,4933,945,3040,0,0,1000,5496,318,1275,1000,6771,California
Napa,2021-01-13,1313,9286,265,5198,1048,4088,0,0,1150,6485,162,1437,1151,7922,California
Napa,2021-01-14,1051,10337,171,5369,880,4968,0,0,933,7302,116,1553,933,8855,California
Napa,2021-01-15,1457,11794,384,5753,1073,6041,0,0,1308,8454,157,1710,1309,10164,California
Napa,2021-01-16,357,12151,133,5886,224,6265,0,0,340,8777,17,1727,340,10504,California
Napa,2021-01-17,338,12489,173,6059,165,6430,0,0,328,9095,10,1737,328,10832,California
Napa,2021-01-18,1079,13568,197,6256,882,7312,0,0,988,9992,91,1828,988,11820,California
Napa,2021-01-19,1009,14577,405,6661,604,7916,0,0,766,10516,242,2070,766,12586,California
Napa,2021-01-20,827,15404,187,6848,640,8556,0,0,643,10977,182,2252,643,13229,California
Napa,2021-01-21,1335,16739,373,7221,962,9518,0,0,1080,11804,254,2506,1081,14310,California
Napa,2021-01-22,1544,18283,414,7635,1130,10648,0,0,1217,12696,326,2832,1218,15528,California
Napa,2021-01-23,398,18681,318,7953,80,10728,0,0,336,12970,62,2894,336,15864,California
Napa,2021-01-24,264,18945,187,8140,77,10805,0,0,207,13120,57,2951,207,16071,California
Napa,2021-01-25,1521,20466,229,8369,1292,12097,0,0,1431,14461,90,3041,1431,17502,California
Napa,2021-01-26,877,21343,285,8654,592,12689,0,0,785,15155,92,3133,786,18288,California
Napa,2021-01-27,628,21971,220,8874,408,13097,0,0,471,15469,158,3291,472,18760,California
Napa,2021-01-28,387,22358,175,9049,212,13309,0,0,196,15476,189,3480,196,18956,California
Napa,2021-01-29,255,22613,63,9112,192,13501,0,0,160,15541,95,3575,160,19116,California
Napa,2021-01-30,807,23420,697,9809,110,13611,0,0,640,16014,167,3742,640,19756,California
Napa,2021-01-31,652,24072,621,10430,31,13642,0,0,629,16620,23,3765,629,20385,California
Napa,2021-02-01,320,24392,112,10542,208,13850,0,0,164,16628,156,3921,164,20549,California
Napa,2021-02-02,606,24998,279,10821,327,14177,0,0,297,16619,306,4227,297,20846,California
Napa,2021-02-03,744,25742,308,11129,436,14613,0,0,429,16734,314,4541,429,21275,California
Napa,2021-02-04,787,26529,370,11499,417,15030,0,0,438,16825,347,4888,438,21713,California
Napa,2021-02-05,709,27238,308,11807,401,15431,0,0,342,16800,367,5255,342,22055,California
Napa,2021-02-06,434,27672,146,11953,288,15719,0,0,328,17022,106,5361,328,22383,California
Napa,2021-02-07,173,27845,160,12113,13,15732,0,0,71,16991,102,5463,71,22454,California
Napa,2021-02-08,835,28680,191,12304,644,16376,0,0,274,16707,558,6021,274,22728,California
Napa,2021-02-09,1083,29763,448,12752,635,17011,0,0,440,16505,642,6663,440,23168,California
Napa,2021-02-10,1724,31487,193,12945,1531,18542,0,0,451,15687,1270,7933,452,23620,California
Napa,2021-02-11,1492,32979,192,13137,1300,19842,0,0,405,15018,1074,9007,405,24025,California
Napa,2021-02-12,2170,35149,844,13981,1326,21168,0,0,729,14310,1437,10444,729,24754,California
Napa,2021-02-13,503,35652,53,14034,450,21618,0,0,317,14441,186,10630,317,25071,California
Napa,2021-02-14,354,36006,86,14120,268,21886,0,0,192,14471,162,10792,192,25263,California
Napa,2021-02-15,876,36882,182,14302,694,22580,0,0,223,14043,651,11443,223,25486,California
Napa,2021-02-16,1287,38169,596,14898,691,23271,0,0,613,13984,672,12115,613,26099,California
Napa,2021-02-17,1048,39217,531,15429,517,23788,0,0,477,13893,569,12684,478,26577,California
Napa,2021-02-18,1902,41119,485,15914,1417,25205,0,0,660,13314,1239,13923,660,27237,California
Napa,2021-02-19,1479,42598,585,16499,894,26099,0,0,675,13186,803,14726,675,27912,California
Napa,2021-02-20,821,43419,596,17095,225,26324,0,0,274,12913,547,15273,274,28186,California
Napa,2021-02-21,816,44235,752,17847,64,26388,0,0,212,12521,604,15877,212,28398,California
Napa,2021-02-22,445,44680,189,18036,256,26644,0,0,140,12356,305,16182,140,28538,California
Napa,2021-02-23,1130,45810,306,18342,824,27468,0,0,315,11856,815,16997,315,28853,California
Napa,2021-02-24,1165,46975,644,18986,521,27989,0,0,577,11847,586,17583,577,29430,California
Napa,2021-02-25,2560,49535,1224,20210,1336,29325,0,0,1848,12984,711,18294,1848,31278,California
Napa,2021-02-26,1507,51042,527,20737,980,30305,0,0,596,12671,909,19203,596,31874,California
Napa,2021-02-27,1117,52159,386,21123,731,31036,0,0,865,13286,250,19453,865,32739,California
Napa,2021-02-28,563,52722,461,21584,102,31138,0,0,463,13651,98,19551,463,33202,California
Napa,2021-03-01,1106,53828,817,22401,289,31427,0,0,832,14211,272,19823,832,34034,California
Napa,2021-03-02,1507,55335,1048,23449,459,31886,0,0,1166,15037,340,20163,1166,35200,California
Napa,2021-03-03,1562,56897,694,24143,868,32754,0,0,1375,16226,186,20349,1375,36575,California
Napa,2021-03-04,1713,58610,787,24930,926,33680,0,0,1474,17464,236,20585,1474,38049,California
Napa,2021-03-05,1898,60508,790,25720,1104,34784,4,4,1480,18532,416,21001,1484,39533,California
Napa,2021-03-06,653,61161,286,26006,336,35120,31,35,541,18994,110,21111,572,40105,California
Napa,2021-03-07,519,61680,316,26322,188,35308,15,50,375,19240,144,21255,390,40495,California
Napa,2021-03-08,712,62392,335,26657,324,35632,53,103,535,19653,175,21430,588,41083,California
Napa,2021-03-09,1682,64074,603,27260,1033,36665,46,149,1248,20516,431,21861,1294,42377,California
Napa,2021-03-10,1494,65568,921,28181,479,37144,94,243,795,20708,695,22556,887,43264,California
Napa,2021-03-11,1877,67445,1059,29240,688,37832,130,373,985,20931,892,23448,1115,44379,California
Napa,2021-03-12,1515,68960,917,30157,502,38334,96,469,808,21129,705,24153,903,45282,California
Napa,2021-03-13,1170,70130,304,30461,841,39175,25,494,830,21646,338,24491,855,46137,California
Napa,2021-03-14,619,70749,336,30797,135,39310,148,642,218,21611,400,24891,365,46502,California
Napa,2021-03-15,953,71702,410,31207,473,39783,70,712,480,21690,471,25362,550,47052,California
Napa,2021-03-16,1846,73548,392,31599,1327,41110,127,839,1378,22731,465,25827,1506,48558,California
Napa,2021-03-17,2507,76055,1849,33448,479,41589,179,1018,1595,23594,911,26738,1774,50332,California
Napa,2021-03-18,2130,78185,939,34387,1181,42770,10,1028,1301,24079,826,27564,1311,51643,California
Napa,2021-03-19,1450,79635,878,35265,544,43314,28,1056,709,24078,738,28302,737,52380,California
Napa,2021-03-20,1008,80643,530,35795,325,43639,153,1209,426,24076,581,28883,579,52959,California
Napa,2021-03-21,704,81347,681,36476,20,43659,3,1212,348,24072,355,29238,351,53310,California
Napa,2021-03-22,1298,82645,1122,37598,165,43824,11,1223,495,23780,798,30036,506,53816,California
Napa,2021-03-23,1873,84518,1180,38778,676,44500,17,1240,1003,23934,866,30902,1020,54836,California
Napa,2021-03-24,1708,86226,945,39723,755,45255,8,1248,818,23871,889,31791,826,55662,California
Napa,2021-03-25,1924,88150,1053,40776,817,46072,54,1302,767,23541,1151,32942,821,56483,California
Napa,2021-03-26,1306,89456,838,41614,462,46534,6,1308,591,23428,710,33652,597,57080,California
Napa,2021-03-27,941,90397,433,42047,481,47015,27,1335,313,23140,628,34280,340,57420,California
Napa,2021-03-28,489,90886,378,42425,104,47119,7,1342,181,23022,306,34586,188,57608,California
Napa,2021-03-29,1200,92086,874,43299,321,47440,5,1347,729,23286,470,35056,734,58342,California
Napa,2021-03-30,2611,94697,933,44232,1674,49114,4,1351,1796,24272,815,35871,1801,60143,California
Napa,2021-03-31,1973,96670,963,45195,941,50055,69,1420,804,23977,1166,37037,871,61014,California
Napa,2021-04-01,1747,98417,841,46036,788,50843,118,1538,479,23312,1262,38299,597,61611,California
Napa,2021-04-02,1864,100281,836,46872,886,51729,142,1680,478,22550,1383,39682,621,62232,California
Napa,2021-04-03,633,100914,368,47240,206,51935,59,1739,213,22401,420,40102,271,62503,California
Napa,2021-04-04,358,101272,144,47384,156,52091,58,1797,124,22350,233,40335,182,62685,California
Napa,2021-04-05,1273,102545,758,48142,296,52387,219,2016,575,22447,697,41032,794,63479,California
Napa,2021-04-06,2236,104781,559,48701,1421,53808,256,2272,512,21494,1721,42753,768,64247,California
Napa,2021-04-07,1728,106509,703,49404,804,54612,221,2493,520,21031,1203,43956,740,64987,California
Napa,2021-04-08,1853,108362,1063,50467,418,55030,372,2865,958,21470,891,44847,1330,66317,California
Napa,2021-04-09,1533,109895,920,51387,311,55341,302,3167,673,21586,858,45705,974,67291,California
Napa,2021-04-10,1029,110924,345,51732,584,55925,100,3267,239,21135,789,46494,338,67629,California
Napa,2021-04-11,384,111308,298,52030,63,55988,23,3290,156,21086,228,46722,179,67808,California
Napa,2021-04-12,788,112096,304,52334,360,56348,124,3414,290,21000,497,47219,411,68219,California
Napa,2021-04-13,2537,114633,845,53179,1692,58040,0,3414,928,20324,1604,48823,928,69147,California
Napa,2021-04-14,2082,116715,981,54160,1101,59141,0,3414,1014,20278,1060,49883,1014,70161,California
Napa,2021-04-15,2057,118772,528,54688,1529,60670,0,3414,876,19979,1175,51058,876,71037,California
Napa,2021-04-16,2901,121673,1576,56264,1325,61995,0,3414,2187,21454,712,51770,2187,73224,California
Napa,2021-04-17,1131,122804,267,56531,864,62859,0,3414,832,21988,298,52068,832,74056,California
Napa,2021-04-18,265,123069,172,56703,93,62952,0,3414,119,21961,146,52214,119,74175,California
Napa,2021-04-19,609,123678,338,57041,271,63223,0,3414,265,21883,343,52557,265,74440,California
Napa,2021-04-20,3033,126711,2060,59101,973,64196,0,3414,2081,23014,951,53508,2082,76522,California
Napa,2021-04-21,2917,129628,2156,61257,761,64957,0,3414,1852,23808,1059,54567,1853,78375,California
Napa,2021-04-22,1636,131264,1129,62386,507,65464,0,3414,838,23853,793,55360,838,79213,California
Napa,2021-04-23,1623,132887,1246,63632,375,65839,2,3416,1147,24528,472,55832,1147,80360,California
Napa,2021-04-24,558,133445,316,63948,242,66081,0,3416,284,24541,271,56103,284,80644,California
Napa,2021-04-25,250,133695,192,64140,58,66139,0,3416,130,24552,119,56222,130,80774,California
Napa,2021-04-26,507,134202,263,64403,244,66383,0,3416,263,24575,240,56462,263,81037,California
Napa,2021-04-27,1677,135879,436,64839,1230,67613,11,3427,661,24234,1013,57475,672,81709,California
Napa,2021-04-28,970,136849,426,65265,527,68140,17,3444,316,23914,653,58128,333,82042,California
Napa,2021-04-29,647,137496,326,65591,302,68442,19,3463,200,23691,441,58569,218,82260,California
Napa,2021-04-30,603,138099,303,65894,236,68678,64,3527,249,23650,353,58922,312,82572,California
Napa,2021-05-01,323,138422,266,66160,46,68724,11,3538,119,23576,204,59126,130,82702,California
Napa,2021-05-02,237,138659,193,66353,38,68762,6,3544,99,23544,137,59263,105,82807,California
Napa,2021-05-03,623,139282,498,66851,90,68852,35,3579,103,23167,516,59779,139,82946,California
Napa,2021-05-04,1124,140406,716,67567,298,69150,110,3689,294,22745,826,60605,404,83350,California
Napa,2021-05-05,1017,141423,686,68253,295,69445,36,3725,256,22279,758,61363,292,83642,California
Napa,2021-05-06,711,142134,313,68566,375,69820,23,3748,367,22334,335,61698,390,84032,California
Napa,2021-05-07,559,142693,357,68923,158,69978,44,3792,174,22170,381,62079,217,84249,California
Napa,2021-05-08,254,142947,163,69086,80,70058,11,3803,89,22106,164,62243,100,84349,California
Napa,2021-05-09,108,143055,77,69163,31,70089,0,3803,50,22098,58,62301,50,84399,California
Napa,2021-05-10,418,143473,141,69304,258,70347,19,3822,108,21916,309,62610,127,84526,California
Napa,2021-05-11,2151,145624,1772,71076,353,70700,26,3848,368,20533,1777,64387,394,84920,California
Napa,2021-05-12,2153,147777,1346,72422,754,71454,53,3901,296,19030,1852,66239,349,85269,California
Napa,2021-05-13,1820,149597,1129,73551,653,72107,38,3939,764,18783,1049,67288,802,86071,California
Napa,2021-05-14,1864,151461,1100,74651,681,72788,83,4022,510,18029,1348,68636,594,86665,California
Napa,2021-05-15,1053,152514,347,74998,695,73483,11,4033,261,17514,788,69424,273,86938,California
Napa,2021-05-16,238,152752,159,75157,77,73560,2,4035,67,17412,171,69595,69,87007,California
Napa,2021-05-17,877,153629,346,75503,501,74061,30,4065,311,17244,509,70104,341,87348,California
Napa,2021-05-18,1035,154664,541,76044,436,74497,58,4123,498,17268,532,70636,556,87904,California
Napa,2021-05-19,915,155579,534,76578,351,74848,30,4153,513,17410,400,71036,542,88446,California
Napa,2021-05-20,571,156150,379,76957,166,75014,26,4179,374,17613,197,71233,400,88846,California
Napa,2021-05-21,425,156575,208,77165,186,75200,31,4210,186,17591,239,71472,217,89063,California
Napa,2021-05-22,387,156962,213,77378,168,75368,6,4216,155,17520,232,71704,161,89224,California
Napa,2021-05-23,309,157271,280,77658,20,75388,9,4225,233,17687,75,71779,242,89466,California
Napa,2021-05-24,215,157486,79,77737,125,75513,11,4236,83,17651,131,71910,95,89561,California
Nevada,2020-12-16,3,3,3,3,0,0,0,0,3,3,0,0,3,3,California
Nevada,2020-12-17,6,9,6,9,0,0,0,0,6,9,0,0,6,9,California
Nevada,2020-12-18,52,61,52,61,0,0,0,0,52,61,0,0,52,61,California
Nevada,2020-12-19,55,116,55,116,0,0,0,0,55,116,0,0,55,116,California
Nevada,2020-12-20,12,128,12,128,0,0,0,0,12,128,0,0,12,128,California
Nevada,2020-12-21,69,197,69,197,0,0,0,0,69,197,0,0,69,197,California
Nevada,2020-12-22,91,288,89,286,2,2,0,0,91,288,0,0,91,288,California
Nevada,2020-12-23,234,522,203,489,31,33,0,0,234,522,0,0,234,522,California
Nevada,2020-12-24,13,535,11,500,2,35,0,0,13,535,0,0,13,535,California
Nevada,2020-12-25,3,538,3,503,0,35,0,0,3,538,0,0,3,538,California
Nevada,2020-12-26,6,544,4,507,2,37,0,0,6,544,0,0,6,544,California
Nevada,2020-12-27,88,632,88,595,0,37,0,0,88,632,0,0,88,632,California
Nevada,2020-12-28,169,801,92,687,77,114,0,0,169,801,0,0,169,801,California
Nevada,2020-12-29,99,900,73,760,26,140,0,0,99,900,0,0,99,900,California
Nevada,2020-12-30,86,986,66,826,20,160,0,0,86,986,0,0,86,986,California
Nevada,2020-12-31,39,1025,9,835,30,190,0,0,39,1025,0,0,39,1025,California
Nevada,2021-01-01,2,1027,0,835,2,192,0,0,2,1027,0,0,2,1027,California
Nevada,2021-01-02,1,1028,1,836,0,192,0,0,1,1028,0,0,1,1028,California
Nevada,2021-01-03,129,1157,126,962,3,195,0,0,129,1157,0,0,129,1157,California
Nevada,2021-01-04,71,1228,47,1009,24,219,0,0,71,1228,0,0,71,1228,California
Nevada,2021-01-05,273,1501,132,1141,141,360,0,0,272,1499,1,1,272,1500,California
Nevada,2021-01-06,91,1592,43,1184,48,408,0,0,83,1574,8,9,83,1583,California
Nevada,2021-01-07,215,1807,43,1227,172,580,0,0,208,1777,6,15,209,1792,California
Nevada,2021-01-08,223,2030,129,1356,94,674,0,0,170,1895,53,68,171,1963,California
Nevada,2021-01-09,63,2093,56,1412,7,681,0,0,15,1862,48,116,15,1978,California
Nevada,2021-01-10,18,2111,9,1421,9,690,0,0,10,1864,8,124,10,1988,California
Nevada,2021-01-11,185,2296,131,1552,54,744,0,0,57,1793,128,252,57,2045,California
Nevada,2021-01-12,595,2891,449,2001,146,890,0,0,529,2256,66,318,529,2574,California
Nevada,2021-01-13,258,3149,145,2146,113,1003,0,0,125,2248,133,451,125,2699,California
Nevada,2021-01-14,237,3386,127,2273,110,1113,0,0,219,2450,17,468,219,2918,California
Nevada,2021-01-15,395,3781,170,2443,225,1338,0,0,297,2649,98,566,297,3215,California
Nevada,2021-01-16,297,4078,15,2458,282,1620,0,0,293,2938,4,570,293,3508,California
Nevada,2021-01-17,36,4114,32,2490,4,1624,0,0,34,2970,2,572,34,3542,California
Nevada,2021-01-18,155,4269,45,2535,110,1734,0,0,143,3101,12,584,143,3685,California
Nevada,2021-01-19,243,4512,85,2620,158,1892,0,0,223,3304,20,604,223,3908,California
Nevada,2021-01-20,269,4781,164,2784,105,1997,0,0,256,3547,13,617,256,4164,California
Nevada,2021-01-21,339,5120,207,2991,132,2129,0,0,326,3860,13,630,326,4490,California
Nevada,2021-01-22,368,5488,231,3222,137,2266,0,0,338,4168,30,660,338,4828,California
Nevada,2021-01-23,178,5666,105,3327,73,2339,0,0,178,4346,0,660,178,5006,California
Nevada,2021-01-24,105,5771,98,3425,7,2346,0,0,66,4373,39,699,66,5072,California
Nevada,2021-01-25,265,6036,136,3561,129,2475,0,0,204,4516,61,760,204,5276,California
Nevada,2021-01-26,402,6438,141,3702,261,2736,0,0,298,4710,104,864,298,5574,California
Nevada,2021-01-27,419,6857,247,3949,172,2908,0,0,395,5081,24,888,395,5969,California
Nevada,2021-01-28,470,7327,319,4268,151,3059,0,0,426,5464,43,931,426,6395,California
Nevada,2021-01-29,605,7932,394,4662,211,3270,0,0,578,6017,26,957,579,6974,California
Nevada,2021-01-30,232,8164,105,4767,127,3397,0,0,229,6243,3,960,229,7203,California
Nevada,2021-01-31,104,8268,87,4854,17,3414,0,0,102,6345,1,961,103,7306,California
Nevada,2021-02-01,291,8559,71,4925,220,3634,0,0,277,6608,14,975,277,7583,California
Nevada,2021-02-02,520,9079,182,5107,338,3972,0,0,321,6730,199,1174,321,7904,California
Nevada,2021-02-03,814,9893,573,5680,241,4213,0,0,760,7437,53,1227,760,8664,California
Nevada,2021-02-04,737,10630,388,6068,349,4562,0,0,487,7675,249,1476,487,9151,California
Nevada,2021-02-05,648,11278,368,6436,280,4842,0,0,458,7945,188,1664,458,9609,California
Nevada,2021-02-06,269,11547,82,6518,187,5029,0,0,242,8160,27,1691,242,9851,California
Nevada,2021-02-07,247,11794,194,6712,53,5082,0,0,193,8299,54,1745,193,10044,California
Nevada,2021-02-08,652,12446,407,7119,245,5327,0,0,551,8749,101,1846,551,10595,California
Nevada,2021-02-09,602,13048,337,7456,265,5592,0,0,464,9075,138,1984,464,11059,California
Nevada,2021-02-10,650,13698,325,7781,325,5917,0,0,419,9264,231,2215,420,11479,California
Nevada,2021-02-11,872,14570,505,8286,367,6284,0,0,544,9481,327,2542,544,12023,California
Nevada,2021-02-12,941,15511,438,8724,503,6787,0,0,621,9785,317,2859,621,12644,California
Nevada,2021-02-13,601,16112,236,8960,365,7152,0,0,387,9964,209,3068,388,13032,California
Nevada,2021-02-14,231,16343,120,9080,111,7263,0,0,203,10139,28,3096,203,13235,California
Nevada,2021-02-15,713,17056,438,9518,275,7538,0,0,539,10504,174,3270,539,13774,California
Nevada,2021-02-16,622,17678,199,9717,423,7961,0,0,455,10793,166,3436,455,14229,California
Nevada,2021-02-17,1184,18862,763,10480,421,8382,0,0,856,11321,328,3764,856,15085,California
Nevada,2021-02-18,1013,19875,550,11030,463,8845,0,0,604,11518,407,4171,604,15689,California
Nevada,2021-02-19,1013,20888,631,11661,382,9227,0,0,650,11807,362,4533,651,16340,California
Nevada,2021-02-20,296,21184,106,11767,190,9417,0,0,171,11854,124,4657,171,16511,California
Nevada,2021-02-21,95,21279,89,11856,6,9423,0,0,8,11776,86,4743,8,16519,California
Nevada,2021-02-22,497,21776,331,12187,166,9589,0,0,350,11980,146,4889,350,16869,California
Nevada,2021-02-23,484,22260,235,12422,249,9838,0,0,220,11939,261,5150,220,17089,California
Nevada,2021-02-24,478,22738,242,12664,236,10074,0,0,254,11971,224,5374,256,17345,California
Nevada,2021-02-25,860,23598,467,13131,393,10467,0,0,432,11977,426,5800,432,17777,California
Nevada,2021-02-26,1240,24838,883,14014,357,10824,0,0,411,11562,826,6626,411,18188,California
Nevada,2021-02-27,355,25193,111,14125,244,11068,0,0,186,11579,169,6795,186,18374,California
Nevada,2021-02-28,273,25466,159,14284,114,11182,0,0,125,11557,147,6942,125,18499,California
Nevada,2021-03-01,830,26296,434,14718,396,11578,0,0,362,11453,466,7408,362,18861,California
Nevada,2021-03-02,740,27036,293,15011,447,12025,0,0,508,11733,228,7636,508,19369,California
Nevada,2021-03-03,979,28015,502,15513,476,12501,1,1,508,11772,470,8106,509,19878,California
Nevada,2021-03-04,1107,29122,617,16130,490,12991,0,1,466,11601,637,8743,466,20344,California
Nevada,2021-03-05,836,29958,474,16604,352,13343,10,11,374,11525,460,9203,384,20728,California
Nevada,2021-03-06,360,30318,121,16725,212,13555,27,38,143,11478,217,9420,170,20898,California
Nevada,2021-03-07,212,30530,110,16835,83,13638,19,57,70,11425,142,9562,89,20987,California
Nevada,2021-03-08,825,31355,555,17390,224,13862,46,103,376,11400,448,10010,423,21410,California
Nevada,2021-03-09,790,32145,404,17794,337,14199,49,152,464,11588,324,10334,512,21922,California
Nevada,2021-03-10,1002,33147,646,18440,300,14499,56,208,340,11326,657,10991,395,22317,California
Nevada,2021-03-11,1106,34253,727,19167,354,14853,25,233,550,11353,548,11539,575,22892,California
Nevada,2021-03-12,1201,35454,729,19896,442,15295,30,263,509,11201,690,12229,538,23430,California
Nevada,2021-03-13,276,35730,55,19951,216,15511,5,268,104,11138,171,12400,108,23538,California
Nevada,2021-03-14,155,35885,21,19972,128,15639,6,274,32,11053,123,12523,38,23576,California
Nevada,2021-03-15,850,36735,459,20431,379,16018,12,286,359,10936,488,13011,371,23947,California
Nevada,2021-03-16,999,37734,469,20900,468,16486,62,348,640,11280,357,13368,701,24648,California
Nevada,2021-03-17,1021,38755,453,21353,558,17044,10,358,583,11438,435,13803,593,25241,California
Nevada,2021-03-18,982,39737,532,21885,427,17471,23,381,479,11441,499,14302,502,25743,California
Nevada,2021-03-19,759,40496,441,22326,281,17752,37,418,355,11433,400,14702,392,26135,California
Nevada,2021-03-20,821,41317,92,22418,301,18053,428,846,229,11500,586,15288,653,26788,California
Nevada,2021-03-21,58,41375,32,22450,25,18078,1,847,40,11524,17,15305,41,26829,California
Nevada,2021-03-22,800,42175,518,22968,277,18355,5,852,534,11799,264,15569,539,27368,California
Nevada,2021-03-23,858,43033,390,23358,442,18797,26,878,616,12202,239,15808,642,28010,California
Nevada,2021-03-24,1023,44056,543,23901,473,19270,7,885,641,12473,376,16184,647,28657,California
Nevada,2021-03-25,907,44963,458,24359,424,19694,25,910,496,12583,410,16594,520,29177,California
Nevada,2021-03-26,1142,46105,437,24796,666,20360,39,949,818,13118,321,16915,856,30033,California
Nevada,2021-03-27,567,46672,70,24866,481,20841,16,965,385,13337,182,17097,401,30434,California
Nevada,2021-03-28,176,46848,50,24916,113,20954,13,978,38,13253,135,17232,51,30485,California
Nevada,2021-03-29,821,47669,502,25418,297,21251,22,1000,376,13208,442,17674,397,30882,California
Nevada,2021-03-30,1054,48723,482,25900,538,21789,34,1034,487,13170,559,18233,521,31403,California
Nevada,2021-03-31,1181,49904,661,26561,503,22292,17,1051,678,13370,494,18727,694,32097,California
Nevada,2021-04-01,1238,51142,721,27282,464,22756,53,1104,545,13284,684,19411,598,32695,California
Nevada,2021-04-02,1288,52430,660,27942,592,23348,36,1140,761,13558,523,19934,797,33492,California
Nevada,2021-04-03,292,52722,92,28034,161,23509,39,1179,85,13476,206,20140,124,33616,California
Nevada,2021-04-04,129,52851,43,28077,79,23588,7,1186,78,13510,51,20191,85,33701,California
Nevada,2021-04-05,932,53783,614,28691,298,23886,20,1206,620,13841,309,20500,640,34341,California
Nevada,2021-04-06,1075,54858,666,29357,266,24152,143,1349,435,13787,633,21133,579,34920,California
Nevada,2021-04-07,1146,56004,819,30176,245,24397,82,1431,611,13951,528,21661,692,35612,California
Nevada,2021-04-08,1275,57279,887,31063,305,24702,83,1514,701,14164,571,22232,784,36396,California
Nevada,2021-04-09,1243,58522,847,31910,327,25029,69,1583,841,14674,400,22632,910,37306,California
Nevada,2021-04-10,264,58786,77,31987,111,25140,76,1659,108,14703,155,22787,184,37490,California
Nevada,2021-04-11,100,58886,32,32019,64,25204,4,1663,40,14687,60,22847,44,37534,California
Nevada,2021-04-12,744,59630,539,32558,189,25393,16,1679,315,14593,425,23272,331,37865,California
Nevada,2021-04-13,881,60511,350,32908,531,25924,0,1679,466,14646,413,23685,466,38331,California
Nevada,2021-04-14,1048,61559,568,33476,480,26404,0,1679,531,14668,509,24194,531,38862,California
Nevada,2021-04-15,1069,62628,702,34178,367,26771,0,1679,615,14841,442,24636,615,39477,California
Nevada,2021-04-16,891,63519,691,34869,200,26971,0,1679,515,14981,375,25011,515,39992,California
Nevada,2021-04-17,193,63712,49,34918,144,27115,0,1679,84,14957,108,25119,84,40076,California
Nevada,2021-04-18,185,63897,20,34938,165,27280,0,1679,103,14978,82,25201,103,40179,California
Nevada,2021-04-19,749,64646,480,35418,269,27549,0,1679,304,14845,437,25638,304,40483,California
Nevada,2021-04-20,798,65444,310,35728,488,28037,0,1679,301,14655,491,26129,301,40784,California
Nevada,2021-04-21,907,66351,495,36223,412,28449,0,1679,273,14303,625,26754,273,41057,California
Nevada,2021-04-22,996,67347,621,36844,375,28824,0,1679,342,14003,642,27396,342,41399,California
Nevada,2021-04-23,1219,68566,540,37384,679,29503,0,1679,396,13587,812,28208,396,41795,California
Nevada,2021-04-24,521,69087,72,37456,449,29952,0,1679,168,13404,351,28559,168,41963,California
Nevada,2021-04-25,116,69203,60,37516,51,30003,5,1684,52,13397,63,28622,56,42019,California
Nevada,2021-04-26,711,69914,533,38049,170,30173,8,1692,203,13110,498,29120,211,42230,California
Nevada,2021-04-27,773,70687,348,38397,420,30593,5,1697,398,13147,366,29486,403,42633,California
Nevada,2021-04-28,985,71672,579,38976,401,30994,5,1702,383,12938,597,30083,388,43021,California
Nevada,2021-04-29,1010,72682,707,39683,299,31293,4,1706,274,12483,733,30816,278,43299,California
Nevada,2021-04-30,1223,73905,724,40407,490,31783,9,1715,201,11673,1020,31836,210,43509,California
Nevada,2021-05-01,143,74048,65,40472,74,31857,4,1719,63,11662,78,31914,67,43576,California
Nevada,2021-05-02,54,74102,30,40502,20,31877,4,1723,19,11650,35,31949,23,43599,California
Nevada,2021-05-03,606,74708,404,40906,183,32060,19,1742,177,11420,425,32374,195,43794,California
Nevada,2021-05-04,584,75292,169,41075,397,32457,18,1760,331,11520,249,32623,349,44143,California
Nevada,2021-05-05,731,76023,380,41455,337,32794,14,1774,318,11448,404,33027,332,44475,California
Nevada,2021-05-06,799,76822,560,42015,228,33022,11,1785,196,11061,594,33621,207,44682,California
Nevada,2021-05-07,880,77702,488,42503,357,33379,35,1820,193,10605,684,34305,228,44910,California
Nevada,2021-05-08,172,77874,20,42523,132,33511,20,1840,81,10616,90,34395,101,45011,California
Nevada,2021-05-09,41,77915,7,42530,32,33543,2,1842,18,10613,23,34418,20,45031,California
Nevada,2021-05-10,388,78303,247,42777,117,33660,24,1866,75,10400,312,34730,99,45130,California
Nevada,2021-05-11,510,78813,150,42927,347,34007,13,1879,127,10165,375,35105,140,45270,California
Nevada,2021-05-12,531,79344,228,43155,292,34299,11,1890,149,9951,374,35479,160,45430,California
Nevada,2021-05-13,797,80141,533,43688,257,34556,7,1897,410,9990,378,35857,417,45847,California
Nevada,2021-05-14,767,80908,579,44267,171,34727,17,1914,428,10099,336,36193,445,46292,California
Nevada,2021-05-15,180,81088,82,44349,90,34817,8,1922,83,10094,96,36289,91,46383,California
Nevada,2021-05-16,154,81242,51,44400,103,34920,0,1922,53,10046,101,36390,53,46436,California
Nevada,2021-05-17,491,81733,313,44713,148,35068,30,1952,216,10027,265,36655,246,46682,California
Nevada,2021-05-18,410,82143,253,44966,153,35221,4,1956,219,10060,190,36845,223,46905,California
Nevada,2021-05-19,488,82631,356,45322,129,35350,3,1959,255,10094,224,37069,258,47163,California
Nevada,2021-05-20,559,83190,319,45641,230,35580,10,1969,198,9946,356,37425,208,47371,California
Nevada,2021-05-21,435,83625,274,45915,153,35733,8,1977,191,9904,241,37666,199,47570,California
Nevada,2021-05-22,200,83825,16,45931,95,35828,89,2066,27,9847,173,37839,116,47686,California
Nevada,2021-05-23,23,83848,5,45936,18,35846,0,2066,7,9838,16,37855,7,47693,California
Nevada,2021-05-24,222,84070,173,46109,45,35891,4,2070,63,9749,156,38011,67,47760,California
Orange,2020-12-15,16,16,16,16,0,0,0,0,16,16,0,0,16,16,California
Orange,2020-12-16,392,408,392,408,0,0,0,0,392,408,0,0,392,408,California
Orange,2020-12-17,3737,4145,3737,4145,0,0,0,0,3736,4144,0,0,3736,4144,California
Orange,2020-12-18,5066,9211,5058,9203,8,8,0,0,5065,9209,0,0,5065,9209,California
Orange,2020-12-19,2233,11444,2226,11429,7,15,0,0,2232,11441,0,0,2232,11441,California
Orange,2020-12-20,1988,13432,1985,13414,3,18,0,0,1989,13430,0,0,1989,13430,California
Orange,2020-12-21,4260,17692,4254,17668,6,24,0,0,4260,17690,0,0,4260,17690,California
Orange,2020-12-22,3992,21684,3957,21625,35,59,0,0,3992,21682,0,0,3992,21682,California
Orange,2020-12-23,3590,25274,3225,24850,365,424,0,0,3592,25274,0,0,3592,25274,California
Orange,2020-12-24,1381,26655,1078,25928,303,727,0,0,1381,26655,0,0,1381,26655,California
Orange,2020-12-25,17,26672,12,25940,5,732,0,0,17,26672,0,0,17,26672,California
Orange,2020-12-26,1024,27696,422,26362,602,1334,0,0,1024,27696,0,0,1024,27696,California
Orange,2020-12-27,581,28277,275,26637,306,1640,0,0,581,28277,0,0,581,28277,California
Orange,2020-12-28,3612,31889,2637,29274,975,2615,0,0,3612,31889,0,0,3612,31889,California
Orange,2020-12-29,3501,35390,2488,31762,1013,3628,0,0,3500,35388,1,1,3500,35389,California
Orange,2020-12-30,5121,40511,3545,35307,1576,5204,0,0,5121,40509,0,1,5121,40510,California
Orange,2020-12-31,1500,42011,802,36109,698,5902,0,0,1499,42007,1,2,1499,42009,California
Orange,2021-01-01,570,42581,308,36417,262,6164,0,0,569,42575,1,3,569,42578,California
Orange,2021-01-02,1354,43935,849,37266,505,6669,0,0,1354,43929,0,3,1354,43932,California
Orange,2021-01-03,583,44518,325,37591,258,6927,0,0,583,44512,0,3,583,44515,California
Orange,2021-01-04,2754,47272,1573,39164,1181,8108,0,0,2755,47266,1,4,2755,47270,California
Orange,2021-01-05,3537,50809,2318,41482,1219,9327,0,0,3129,49994,404,408,3132,50402,California
Orange,2021-01-06,5005,55814,3476,44958,1529,10856,0,0,3638,52277,1355,1763,3638,54040,California
Orange,2021-01-07,9288,65102,5186,50144,4102,14958,0,0,5707,54420,3568,5331,5711,59751,California
Orange,2021-01-08,9435,74537,5284,55428,4151,19109,0,0,5663,56324,3762,9093,5666,65417,California
Orange,2021-01-09,5017,79554,1754,57182,3263,22372,0,0,3734,58775,1283,10376,3734,69151,California
Orange,2021-01-10,4244,83798,1047,58229,3197,25569,0,0,3363,61262,880,11256,3367,72518,California
Orange,2021-01-11,9453,93251,4910,63139,4543,30112,0,0,5827,63461,3629,14885,5828,78346,California
Orange,2021-01-12,8932,102183,4834,67973,4098,34210,0,0,5462,65456,3468,18353,5463,83809,California
Orange,2021-01-13,10273,112456,4932,72905,5341,39551,0,0,7064,69322,3205,21558,7071,90880,California
Orange,2021-01-14,9985,122441,3784,76689,6201,45752,0,0,8395,76135,1588,23146,8401,99281,California
Orange,2021-01-15,10191,132632,2631,79320,7560,53312,0,0,9311,84564,888,24034,9317,108598,California
Orange,2021-01-16,8713,141345,2093,81413,6620,59932,0,0,8316,92489,396,24430,8321,116919,California
Orange,2021-01-17,8164,149509,1485,82898,6679,66611,0,0,8017,100369,147,24577,8027,124946,California
Orange,2021-01-18,9704,159213,4408,87306,5296,71907,0,0,7442,105550,2264,26841,7445,132391,California
Orange,2021-01-19,7533,166746,5450,92756,2083,73990,0,0,4902,107822,2631,29472,4903,137294,California
Orange,2021-01-20,8374,175120,5902,98658,2472,76462,0,0,5324,110103,3050,32522,5331,142625,California
Orange,2021-01-21,11018,186138,4906,103564,6112,82574,0,0,10198,119493,819,33341,10209,152834,California
Orange,2021-01-22,13690,199828,5158,108722,8532,91106,0,0,12831,131480,852,34193,12839,165673,California
Orange,2021-01-23,13153,212981,6191,114913,6962,98068,0,0,12226,142789,925,35118,12234,177907,California
Orange,2021-01-24,9822,222803,4294,119207,5528,103596,0,0,9490,151954,329,35447,9494,187401,California
Orange,2021-01-25,10463,233266,5870,125077,4593,108189,0,0,7728,156958,2729,38176,7733,195134,California
Orange,2021-01-26,11905,245171,7718,132795,4187,112376,0,0,9733,164526,2168,40344,9736,204870,California
Orange,2021-01-27,13444,258615,8014,140809,5430,117806,0,0,10735,172568,2698,43042,10740,215610,California
Orange,2021-01-28,13056,271671,7221,148030,5835,123641,0,0,11173,181881,1868,44910,11181,226791,California
Orange,2021-01-29,13651,285322,8466,156496,5185,128826,0,0,10751,189751,2884,47794,10754,237545,California
Orange,2021-01-30,12974,298296,4477,160973,8497,137323,0,0,12198,201191,761,48555,12201,249746,California
Orange,2021-01-31,13705,312001,4926,165899,8779,146102,0,0,13262,214023,437,48992,13269,263015,California
Orange,2021-02-01,14808,326809,6503,172402,8305,154407,0,0,12341,223925,2445,51437,12347,275362,California
Orange,2021-02-02,15029,341838,7959,180361,7070,161477,0,0,12556,234043,2442,53879,12560,287922,California
Orange,2021-02-03,16587,358425,12402,192763,4185,165662,0,0,13630,244799,2879,56758,13635,301557,California
Orange,2021-02-04,19944,378369,13050,205813,6894,172556,0,0,14838,254569,5076,61834,14846,316403,California
Orange,2021-02-05,20751,399120,11994,217807,8757,181313,0,0,14442,262749,6267,68101,14447,330850,California
Orange,2021-02-06,16373,415493,10823,228630,5550,186863,0,0,11103,268815,5255,73356,11321,342171,California
Orange,2021-02-07,11529,427022,8101,236731,3428,190291,0,0,7550,272571,3963,77319,7719,349890,California
Orange,2021-02-08,15020,442042,8642,245373,6378,196669,0,0,8993,275564,6001,83320,8994,358884,California
Orange,2021-02-09,17742,459784,12085,257458,5657,202326,0,0,10708,279316,6961,90281,10713,369597,California
Orange,2021-02-10,20907,480691,11163,268621,9744,212070,0,0,12692,283895,8122,98403,12701,382298,California
Orange,2021-02-11,22149,502840,11523,280144,10626,222696,0,0,12399,286694,9618,108021,12417,394715,California
Orange,2021-02-12,24870,527710,11982,292126,12888,235584,0,0,14638,291169,10169,118190,14644,409359,California
Orange,2021-02-13,22010,549720,11900,304026,10110,245694,0,0,11159,292271,10699,128889,11801,421160,California
Orange,2021-02-14,16169,565889,6536,310562,9633,255327,0,0,9539,295207,6604,135493,9540,430700,California
Orange,2021-02-15,17266,583155,7400,317962,9866,265193,0,0,8899,295790,8325,143818,8908,439608,California
Orange,2021-02-16,19978,603133,9004,326966,10974,276167,0,0,10751,297389,9177,152995,10776,450384,California
Orange,2021-02-17,17951,621084,9363,336329,8588,284755,0,0,9216,297952,8684,161679,9247,459631,California
Orange,2021-02-18,15062,636146,9888,346217,5174,289929,0,0,6807,296567,8202,169881,6817,466448,California
Orange,2021-02-19,18202,654348,10877,357094,7325,297254,0,0,6933,292296,11216,181097,6945,473393,California
Orange,2021-02-20,7533,661881,5621,362715,1912,299166,0,0,3783,292363,3727,184824,3794,477187,California
Orange,2021-02-21,4579,666460,3891,366606,688,299854,0,0,934,289693,3606,188430,936,478123,California
Orange,2021-02-22,9698,676158,7906,374512,1792,301646,0,0,3913,287867,5755,194185,3929,482052,California
Orange,2021-02-23,13353,689511,7318,381830,6035,307681,0,0,3518,281626,9772,203957,3531,485583,California
Orange,2021-02-24,21171,710682,12832,394662,8339,316020,0,0,5401,271342,15703,219660,5419,491002,California
Orange,2021-02-25,22714,733396,12316,406978,10398,326418,0,0,8002,264720,14640,234300,8018,499020,California
Orange,2021-02-26,27841,761237,14088,421066,13753,340171,0,0,11258,259552,16451,250751,11283,510303,California
Orange,2021-02-27,25110,786347,10198,431264,14910,355081,2,2,7327,249220,17676,268427,7344,517647,California
Orange,2021-02-28,19120,805467,7423,438687,11697,366778,0,2,4827,239893,14171,282598,4844,522491,California
Orange,2021-03-01,18568,824035,8488,447175,10072,376850,8,10,7198,235830,11282,293880,7219,529710,California
Orange,2021-03-02,19286,843321,9304,456479,9979,386829,3,13,9444,235517,9788,303668,9475,539185,California
Orange,2021-03-03,20653,863974,9751,466230,10898,397727,4,17,11093,237158,9478,313146,11119,550304,California
Orange,2021-03-04,22450,886424,12943,479173,9493,407220,14,31,11618,238022,10794,323940,11658,561962,California
Orange,2021-03-05,21088,907512,11007,490180,10034,417254,47,78,12955,242998,8088,332028,13064,575026,California
Orange,2021-03-06,24136,931648,13293,503473,9978,427232,865,943,12762,245317,11331,343359,13650,588676,California
Orange,2021-03-07,15062,946710,8485,511958,6173,433405,404,1347,8791,248301,6231,349590,9215,597891,California
Orange,2021-03-08,16433,963143,7589,519547,7579,440984,1265,2612,10615,254438,5768,355358,11905,609796,California
Orange,2021-03-09,20902,984045,9684,529231,8775,449759,2443,5055,12374,260765,8486,363844,14813,624609,California
Orange,2021-03-10,24753,1008798,12149,541380,9154,458913,3450,8505,12509,264533,12185,376029,15953,640562,California
Orange,2021-03-11,29046,1037844,15727,557107,9102,468015,4217,12722,13466,266728,15485,391514,17680,658242,California
Orange,2021-03-12,29410,1067254,14335,571442,11211,479226,3864,16586,14798,270889,14529,406043,18690,676932,California
Orange,2021-03-13,27837,1095091,10256,581698,13645,492871,3936,20522,14099,275252,13675,419718,18038,694970,California
Orange,2021-03-14,18886,1113977,8220,589918,8134,501005,2532,23054,11796,282509,7059,426777,14316,709286,California
Orange,2021-03-15,23070,1137047,10169,600087,12138,513143,763,23817,14384,289044,8605,435382,15140,724426,California
Orange,2021-03-16,26431,1163478,11175,611262,15025,528168,231,24048,17157,297241,9196,444578,17393,741819,California
Orange,2021-03-17,27381,1190859,13585,624847,13202,541370,594,24642,19465,309456,7842,452420,20057,761876,California
Orange,2021-03-18,27818,1218677,13994,638841,13544,554914,280,24922,21631,325251,6119,458539,21914,783790,California
Orange,2021-03-19,33642,1252319,18490,657331,14705,569619,447,25369,24968,342115,8562,467101,25426,809216,California
Orange,2021-03-20,25815,1278134,13596,670927,12012,581631,207,25576,22010,360597,3741,470842,22223,831439,California
Orange,2021-03-21,18518,1296652,10700,681627,7085,588716,733,26309,15731,374303,2758,473600,16464,847903,California
Orange,2021-03-22,22765,1319417,11782,693409,10661,599377,322,26631,19197,390351,3480,477080,19528,867431,California
Orange,2021-03-23,26057,1345474,13545,706954,11870,611247,642,27273,20690,406402,5285,482365,21336,888767,California
Orange,2021-03-24,29150,1374624,16271,723225,11957,623204,922,28195,21989,422247,7069,489434,22914,911681,California
Orange,2021-03-25,32478,1407102,17273,740498,14495,637699,710,28905,24286,439145,8098,497532,24996,936677,California
Orange,2021-03-26,34921,1442023,18124,758622,15934,653633,863,29768,24878,454958,9932,507464,25745,962422,California
Orange,2021-03-27,28527,1470550,13671,772293,14541,668174,315,30083,19806,466455,8626,516090,20123,982545,California
Orange,2021-03-28,24796,1495346,12876,785169,11852,680026,68,30151,18551,478909,6168,522258,18622,1001167,California
Orange,2021-03-29,26547,1521893,12155,797324,13825,693851,567,30718,17826,488671,8635,530893,18397,1019564,California
Orange,2021-03-30,30897,1552790,13961,811285,16300,710151,636,31354,20457,499405,10358,541251,21092,1040656,California
Orange,2021-03-31,37185,1589975,19520,830805,16953,727104,712,32066,23854,510757,13223,554474,24575,1065231,California
Orange,2021-04-01,40467,1630442,21252,852057,17340,744444,1875,33941,26179,524648,14152,568626,28043,1093274,California
Orange,2021-04-02,40166,1670608,20275,872332,18073,762517,1818,35759,22718,531855,17344,585970,24551,1117825,California
Orange,2021-04-03,30194,1700802,15732,888064,12712,775229,1750,37509,14259,531997,15860,601830,16002,1133827,California
Orange,2021-04-04,18470,1719272,10731,898795,6973,782202,766,38275,8213,530771,10202,612032,8976,1142803,California
Orange,2021-04-05,30032,1749304,14021,912816,12607,794809,3404,41679,13934,532081,16019,628051,17329,1160132,California
Orange,2021-04-06,33326,1782630,15599,928415,14293,809102,3434,45113,14371,531005,18863,646914,17787,1177919,California
Orange,2021-04-07,36045,1818675,20101,948516,11358,820460,4586,49699,15843,531290,20121,667035,20406,1198325,California
Orange,2021-04-08,38837,1857512,21470,969986,11921,832381,5446,55145,18838,535650,19894,686929,24254,1222579,California
Orange,2021-04-09,40591,1898103,23619,993605,11821,844202,5151,60296,17952,536176,22549,709478,23075,1245654,California
Orange,2021-04-10,34199,1932302,18098,1011703,11898,856100,4203,64499,14182,534603,19930,729408,18357,1264011,California
Orange,2021-04-11,25462,1957764,14390,1026093,7813,863913,3259,67758,9776,531985,15637,745045,13019,1277030,California
Orange,2021-04-12,30381,1988145,15372,1041465,11464,875377,3545,71303,11951,529082,18371,763416,15468,1292498,California
Orange,2021-04-13,32296,2020441,18172,1059637,14057,889434,67,71370,15040,526999,17187,780603,15104,1307602,California
Orange,2021-04-14,34419,2054860,20156,1079793,14230,903664,33,71403,15105,522916,19224,799827,15141,1322743,California
Orange,2021-04-15,40168,2095028,24478,1104271,15676,919340,14,71417,18702,520269,21360,821187,18713,1341456,California
Orange,2021-04-16,41254,2136282,24244,1128515,16981,936321,29,71446,18620,516395,22529,843716,18655,1360111,California
Orange,2021-04-17,30392,2166674,17264,1145779,13125,949446,3,71449,13373,512871,16905,860621,13381,1373492,California
Orange,2021-04-18,21417,2188091,12956,1158735,8461,957907,0,71449,8471,508450,12895,873516,8474,1381966,California
Orange,2021-04-19,32455,2220546,17926,1176661,14527,972434,2,71451,14911,505916,17452,890968,14918,1396884,California
Orange,2021-04-20,35177,2255723,18266,1194927,16907,989341,4,71455,17588,505996,17512,908480,17592,1414476,California
Orange,2021-04-21,40625,2296348,23402,1218329,17214,1006555,9,71464,19243,503970,21279,929759,19253,1433729,California
Orange,2021-04-22,39226,2335574,20725,1239054,18492,1025047,9,71473,16312,497504,22789,952548,16323,1450052,California
Orange,2021-04-23,40132,2375706,20752,1259806,19374,1044421,6,71479,17906,493298,22121,974669,17915,1467967,California
Orange,2021-04-24,31834,2407540,16684,1276490,15115,1059536,35,71514,13376,488332,18380,993049,13414,1481381,California
Orange,2021-04-25,22978,2430518,12985,1289475,9980,1069516,13,71527,9875,485178,13047,1006096,9893,1491274,California
Orange,2021-04-26,26083,2456601,12745,1302220,13145,1082661,193,71720,11492,482364,14498,1020594,11684,1502958,California
Orange,2021-04-27,28593,2485194,13363,1315583,14729,1097390,501,72221,10981,476385,17465,1038059,11486,1514444,California
Orange,2021-04-28,30779,2515973,15413,1330996,14491,1111881,875,73096,12332,471247,18342,1056401,13204,1527648,California
Orange,2021-04-29,31424,2547397,17173,1348169,13292,1125173,959,74055,11238,463341,20096,1076497,12190,1539838,California
Orange,2021-04-30,29509,2576906,16817,1364986,11755,1136928,937,74992,12478,459812,16939,1093436,13410,1553248,California
Orange,2021-05-01,21771,2598677,14656,1379642,6129,1143057,986,75978,8666,456420,13034,1106470,9642,1562890,California
Orange,2021-05-02,15386,2614063,10231,1389873,4512,1147569,643,76621,5372,452481,9950,1116420,6011,1568901,California
Orange,2021-05-03,20536,2634599,12529,1402402,7249,1154818,758,77379,6460,445690,14007,1130427,7216,1576117,California
Orange,2021-05-04,23577,2658176,13444,1415846,9228,1164046,905,78284,8161,439427,15316,1145743,9053,1585170,California
Orange,2021-05-05,24708,2682884,13792,1429638,10022,1174068,894,79178,8083,431901,16503,1162246,8977,1594147,California
Orange,2021-05-06,26351,2709235,15941,1445579,9412,1183480,998,80176,7277,421222,18947,1181193,8268,1602415,California
Orange,2021-05-07,28099,2737334,16669,1462248,10382,1193862,1048,81224,7970,410304,19933,1201126,9015,1611430,California
Orange,2021-05-08,18356,2755690,12120,1474368,5464,1199326,772,81996,5392,403571,12892,1214018,6159,1617589,California
Orange,2021-05-09,10960,2766650,8328,1482696,2257,1201583,375,82371,2887,398811,8022,1222040,3262,1620851,California
Orange,2021-05-10,18970,2785620,11544,1494240,6651,1208234,775,83146,4264,389234,14616,1236656,5039,1625890,California
Orange,2021-05-11,21218,2806838,11707,1505947,8844,1217078,667,83813,5038,378850,16085,1252741,5701,1631591,California
Orange,2021-05-12,22535,2829373,13871,1519818,7912,1224990,752,84565,6294,369771,16124,1268865,7045,1638636,California
Orange,2021-05-13,19850,2849223,12102,1531920,7216,1232206,532,85097,7208,364964,12549,1281414,7742,1646378,California
Orange,2021-05-14,25324,2874547,16444,1548364,8077,1240283,803,85900,10251,361034,14977,1296391,11047,1657425,California
Orange,2021-05-15,19791,2894338,14328,1562692,4918,1245201,545,86445,8026,357898,11705,1308096,8569,1665994,California
Orange,2021-05-16,15081,2909419,12398,1575090,2341,1247542,342,86787,6502,356210,8533,1316629,6845,1672839,California
Orange,2021-05-17,19217,2928636,12597,1587687,5928,1253470,692,87479,7271,352272,11892,1328521,7954,1680793,California
Orange,2021-05-18,20333,2948969,11890,1599577,7791,1261261,652,88131,8438,349540,11813,1340334,9081,1689874,California
Orange,2021-05-19,22271,2971240,12710,1612287,8898,1270159,663,88794,8013,344058,14150,1354484,8668,1698542,California
Orange,2021-05-20,17891,2989131,10217,1622504,7106,1277265,568,89362,6042,338901,11767,1366251,6610,1705152,California
Orange,2021-05-21,20507,3009638,11369,1633873,8544,1285809,594,89956,6514,332105,13907,1380158,7111,1712263,California
Orange,2021-05-22,14054,3023692,9519,1643392,4073,1289882,462,90418,5411,329396,8577,1388735,5868,1718131,California
Orange,2021-05-23,6472,3030164,4577,1647969,1692,1291574,203,90621,2089,327334,4353,1393088,2291,1720422,California
Orange,2021-05-24,8352,3038516,4063,1652032,3929,1295503,360,90981,2312,324018,5987,1399075,2671,1723093,California
Placer,2020-12-15,29,29,29,29,0,0,0,0,29,29,0,0,29,29,California
Placer,2020-12-16,56,85,56,85,0,0,0,0,56,85,0,0,56,85,California
Placer,2020-12-17,140,225,140,225,0,0,0,0,140,225,0,0,140,225,California
Placer,2020-12-18,332,557,332,557,0,0,0,0,332,557,0,0,332,557,California
Placer,2020-12-19,252,809,252,809,0,0,0,0,252,809,0,0,252,809,California
Placer,2020-12-20,233,1042,233,1042,0,0,0,0,233,1042,0,0,233,1042,California
Placer,2020-12-21,495,1537,493,1535,2,2,0,0,495,1537,0,0,495,1537,California
Placer,2020-12-22,676,2213,669,2204,7,9,0,0,676,2213,0,0,676,2213,California
Placer,2020-12-23,753,2966,665,2869,88,97,0,0,753,2966,0,0,753,2966,California
Placer,2020-12-24,397,3363,346,3215,51,148,0,0,397,3363,0,0,397,3363,California
Placer,2020-12-26,156,3519,112,3327,44,192,0,0,156,3519,0,0,156,3519,California
Placer,2020-12-27,186,3705,163,3490,23,215,0,0,186,3705,0,0,186,3705,California
Placer,2020-12-28,668,4373,541,4031,127,342,0,0,668,4373,0,0,668,4373,California
Placer,2020-12-29,763,5136,514,4545,249,591,0,0,763,5136,0,0,763,5136,California
Placer,2020-12-30,729,5865,456,5001,273,864,0,0,727,5863,0,0,727,5863,California
Placer,2020-12-31,530,6395,344,5345,186,1050,0,0,530,6393,0,0,530,6393,California
Placer,2021-01-01,15,6410,11,5356,4,1054,0,0,15,6408,0,0,15,6408,California
Placer,2021-01-02,185,6595,153,5509,32,1086,0,0,185,6593,0,0,185,6593,California
Placer,2021-01-03,153,6748,78,5587,75,1161,0,0,153,6746,0,0,153,6746,California
Placer,2021-01-04,620,7368,181,5768,439,1600,0,0,620,7366,0,0,620,7366,California
Placer,2021-01-05,725,8093,159,5927,566,2166,0,0,642,7927,82,82,643,8009,California
Placer,2021-01-06,761,8854,247,6174,514,2680,0,0,617,8400,144,226,617,8626,California
Placer,2021-01-07,986,9840,368,6542,618,3298,0,0,781,8976,205,431,781,9407,California
Placer,2021-01-08,1181,11021,528,7070,653,3951,0,0,852,9502,326,757,852,10259,California
Placer,2021-01-09,450,11471,321,7391,129,4080,0,0,234,9521,215,972,234,10493,California
Placer,2021-01-10,329,11800,186,7577,143,4223,0,0,164,9520,165,1137,164,10657,California
Placer,2021-01-11,1428,13228,808,8385,620,4843,0,0,838,9769,590,1727,839,11496,California
Placer,2021-01-12,1653,14881,878,9263,775,5618,0,0,1052,10220,601,2328,1052,12548,California
Placer,2021-01-13,1636,16517,822,10085,814,6432,0,0,1211,11011,423,2751,1214,13762,California
Placer,2021-01-14,1788,18305,657,10742,1131,7563,0,0,1430,12087,355,3106,1431,15193,California
Placer,2021-01-15,1933,20238,717,11459,1216,8779,0,0,1582,13320,350,3456,1583,16776,California
Placer,2021-01-16,1467,21705,716,12175,751,9530,0,0,1346,14546,121,3577,1347,18123,California
Placer,2021-01-17,562,22267,395,12570,167,9697,0,0,429,14842,133,3710,429,18552,California
Placer,2021-01-18,991,23258,553,13123,438,10135,0,0,750,15352,241,3951,751,19303,California
Placer,2021-01-19,2626,25884,1962,15085,664,10799,0,0,2172,17070,454,4405,2172,21475,California
Placer,2021-01-20,2279,28163,1707,16792,572,11371,0,0,1948,18688,331,4736,1949,23424,California
Placer,2021-01-21,2561,30724,1120,17912,1441,12812,0,0,2169,20467,391,5127,2170,25594,California
Placer,2021-01-22,2352,33076,645,18557,1707,14519,0,0,2178,22474,172,5299,2179,27773,California
Placer,2021-01-23,1189,34265,380,18937,809,15328,0,0,1034,23353,155,5454,1034,28807,California
Placer,2021-01-24,503,34768,259,19196,244,15572,0,0,431,23713,72,5526,432,29239,California
Placer,2021-01-25,1680,36448,809,20005,871,16443,0,0,1387,24808,293,5819,1388,30627,California
Placer,2021-01-26,1860,38308,1035,21040,825,17268,0,0,1595,26138,265,6084,1595,32222,California
Placer,2021-01-27,1842,40150,1156,22196,686,17954,0,0,1598,27495,242,6326,1599,33821,California
Placer,2021-01-28,1808,41958,1119,23315,689,18643,0,0,1559,28807,247,6573,1559,35380,California
Placer,2021-01-29,1898,43856,1172,24487,726,19369,0,0,1706,30324,191,6764,1708,37088,California
Placer,2021-01-30,1727,45583,972,25459,755,20124,0,0,1606,31810,120,6884,1606,38694,California
Placer,2021-01-31,783,46366,626,26085,157,20281,0,0,715,32458,68,6952,716,39410,California
Placer,2021-02-01,2074,48440,1094,27179,980,21261,0,0,1760,33904,314,7266,1760,41170,California
Placer,2021-02-02,2385,50825,1545,28724,840,22101,0,0,1892,35306,490,7756,1892,43062,California
Placer,2021-02-03,2920,53745,1879,30603,1041,23142,0,0,2294,36978,622,8378,2294,45356,California
Placer,2021-02-04,2761,56506,1191,31794,1570,24712,0,0,1936,38094,821,9199,1937,47293,California
Placer,2021-02-05,2734,59240,1215,33009,1519,26231,0,0,1403,38171,1326,10525,1403,48696,California
Placer,2021-02-06,1960,61200,1320,34329,640,26871,0,0,1413,39037,547,11072,1413,50109,California
Placer,2021-02-07,1222,62422,911,35240,311,27182,0,0,938,39692,283,11355,938,51047,California
Placer,2021-02-08,3298,65720,1764,37004,1534,28716,0,0,1942,40286,1349,12704,1943,52990,California
Placer,2021-02-09,3551,69271,2179,39183,1372,30088,0,0,1646,40029,1903,14607,1646,54636,California
Placer,2021-02-10,3766,73037,2205,41388,1561,31649,0,0,1758,39784,2005,16612,1760,56396,California
Placer,2021-02-11,3702,76739,1912,43300,1790,33439,0,0,1575,39246,2114,18726,1576,57972,California
Placer,2021-02-12,2856,79595,1330,44630,1526,34965,0,0,1666,39760,1153,19879,1667,59639,California
Placer,2021-02-13,2530,82125,1474,46104,1056,36021,0,0,1889,41008,641,20520,1889,61528,California
Placer,2021-02-14,1086,83211,678,46782,408,36429,0,0,738,41400,346,20866,738,62266,California
Placer,2021-02-15,2252,85463,1049,47831,1203,37632,0,0,1535,42219,717,21583,1536,63802,California
Placer,2021-02-16,3582,89045,1785,49616,1797,39429,0,0,1591,41829,1982,23565,1592,65394,California
Placer,2021-02-17,3546,92591,1967,51583,1579,41008,0,0,1512,41311,2030,25595,1512,66906,California
Placer,2021-02-18,3799,96390,2050,53633,1749,42757,0,0,1616,40754,2174,27769,1617,68523,California
Placer,2021-02-19,3600,99990,1920,55553,1680,44437,0,0,1338,39836,2257,30026,1339,69862,California
Placer,2021-02-20,2010,102000,1263,56816,747,45184,0,0,917,39669,1087,31113,920,70782,California
Placer,2021-02-21,975,102975,729,57545,246,45430,0,0,279,39256,693,31806,280,71062,California
Placer,2021-02-22,2526,105501,1775,59320,751,46181,0,0,604,37939,1921,33727,604,71666,California
Placer,2021-02-23,2567,108068,1591,60911,976,47157,0,0,885,37143,1681,35408,885,72551,California
Placer,2021-02-24,3299,111367,1182,62093,2117,49274,0,0,1798,37452,1491,36899,1800,74351,California
Placer,2021-02-25,3640,115007,1525,63618,2115,51389,0,0,1969,37760,1663,38562,1971,76322,California
Placer,2021-02-26,4100,119107,2373,65991,1727,53116,0,0,2352,38368,1744,40306,2352,78674,California
Placer,2021-02-27,2821,121928,1495,67486,1326,54442,0,0,1448,38452,1367,41673,1451,80125,California
Placer,2021-02-28,1405,123333,799,68285,606,55048,0,0,588,38228,812,42485,588,80713,California
Placer,2021-03-01,3004,126337,1991,70276,1013,56061,0,0,1558,38345,1441,43926,1558,82271,California
Placer,2021-03-02,2887,129224,1779,72055,1108,57169,0,0,1889,39241,993,44919,1889,84160,California
Placer,2021-03-03,3330,132554,1428,73483,1902,59071,0,0,1817,39552,1507,46426,1818,85978,California
Placer,2021-03-04,3630,136184,1457,74940,2173,61244,0,0,1894,39723,1724,48150,1895,87873,California
Placer,2021-03-05,3015,139199,1038,75978,1956,63200,21,21,1813,40358,1199,49349,1834,89707,California
Placer,2021-03-06,2433,141632,1504,77482,833,64033,96,117,937,39903,1488,50837,1033,90740,California
Placer,2021-03-07,1306,142938,759,78241,509,64542,38,155,537,39712,766,51603,575,91315,California
Placer,2021-03-08,2914,145852,1832,80073,969,65511,113,268,1651,40215,1261,52864,1764,93079,California
Placer,2021-03-09,3191,149043,1696,81769,1403,66914,92,360,1825,40769,1363,54227,1917,94996,California
Placer,2021-03-10,3297,152340,1332,83101,1858,68772,107,467,1715,41014,1577,55804,1822,96818,California
Placer,2021-03-11,3644,155984,1651,84752,1867,70639,126,593,1748,41005,1886,57690,1877,98695,California
Placer,2021-03-12,3687,159671,1492,86244,1413,72052,782,1375,1259,40625,2422,60112,2042,100737,California
Placer,2021-03-13,2116,161787,744,86988,1253,73305,119,1494,1117,40867,996,61108,1238,101975,California
Placer,2021-03-14,1642,163429,673,87661,820,74125,149,1643,893,41160,749,61857,1042,103017,California
Placer,2021-03-15,3182,166611,1534,89195,1516,75641,132,1775,1763,41639,1417,63274,1896,104913,California
Placer,2021-03-16,3570,170181,1917,91112,1520,77161,133,1908,2285,42784,1274,64548,2419,107332,California
Placer,2021-03-17,3437,173618,1736,92848,1602,78763,99,2007,2215,43881,1219,65767,2316,109648,California
Placer,2021-03-18,4099,177717,2327,95175,1733,80496,39,2046,2865,45557,1227,66994,2903,112551,California
Placer,2021-03-19,3447,181164,2074,97249,1109,81605,264,2310,2200,46781,1239,68233,2463,115014,California
Placer,2021-03-20,2143,183307,898,98147,1148,82753,97,2407,1304,47347,834,69067,1400,116414,California
Placer,2021-03-21,1257,184564,577,98724,671,83424,9,2416,948,47998,306,69373,957,117371,California
Placer,2021-03-22,3274,187838,2107,100831,1077,84501,90,2506,2189,49196,1081,70454,2279,119650,California
Placer,2021-03-23,3534,191372,2103,102934,1340,85841,91,2597,2521,50801,1008,71462,2613,122263,California
Placer,2021-03-24,3793,195165,2002,104936,1694,87535,97,2694,1949,51026,1822,73284,2047,124310,California
Placer,2021-03-25,3855,199020,1865,106801,1892,89427,98,2792,1788,50855,2056,75340,1885,126195,California
Placer,2021-03-26,3777,202797,1671,108472,1875,91302,231,3023,1589,50502,2173,77513,1820,128015,California
Placer,2021-03-27,1592,204389,470,108942,1103,92405,19,3042,648,50232,937,78450,667,128682,California
Placer,2021-03-28,1109,205498,529,109471,570,92975,10,3052,364,49866,740,79190,374,129056,California
Placer,2021-03-29,3565,209063,1992,111463,1539,94514,34,3086,1725,49795,1831,81021,1760,130816,California
Placer,2021-03-30,3974,213037,2096,113559,1835,96349,43,3129,2082,50041,1878,82899,2124,132940,California
Placer,2021-03-31,4093,217130,1831,115390,2187,98536,75,3204,1688,49405,2398,85297,1762,134702,California
Placer,2021-04-01,2983,220113,1436,116826,1500,100036,47,3251,1665,49801,1316,86613,1712,136414,California
Placer,2021-04-02,2852,222965,1460,118286,1328,101364,64,3315,1598,50215,1247,87860,1661,138075,California
Placer,2021-04-03,1852,224817,985,119271,739,102103,128,3443,890,50278,955,88815,1018,139093,California
Placer,2021-04-04,712,225529,362,119633,297,102400,53,3496,286,50195,422,89237,339,139432,California
Placer,2021-04-05,3012,228541,1904,121537,924,103324,184,3680,1754,50882,1252,90489,1939,141371,California
Placer,2021-04-06,4291,232832,2477,124014,1513,104837,301,3981,1531,49960,2754,93243,1832,143203,California
Placer,2021-04-07,4525,237357,2580,126594,1484,106321,461,4442,2070,50039,2449,95692,2528,145731,California
Placer,2021-04-08,4697,242054,2598,129192,1553,107874,546,4988,1574,49047,3112,98804,2120,147851,California
Placer,2021-04-09,4115,246169,2266,131458,1231,109105,618,5606,1228,48017,2879,101683,1849,149700,California
Placer,2021-04-10,2023,248192,877,132335,962,110067,184,5790,863,47906,1157,102840,1046,150746,California
Placer,2021-04-11,1355,249547,532,132867,790,110857,33,5823,455,47497,896,103736,487,151233,California
Placer,2021-04-12,4096,253643,2644,135511,1072,111929,380,6203,2462,48713,1625,105361,2841,154074,California
Placer,2021-04-13,4343,257986,2993,138504,1349,113278,1,6204,2188,48751,2151,107512,2189,156263,California
Placer,2021-04-14,4131,262117,2567,141071,1563,114841,1,6205,1849,48327,2273,109785,1849,158112,California
Placer,2021-04-15,4492,266609,2507,143578,1984,116825,1,6206,2346,48538,2136,111921,2347,160459,California
Placer,2021-04-16,3680,270289,2189,145767,1491,118316,0,6206,1435,47734,2239,114160,1435,161894,California
Placer,2021-04-17,2425,272714,842,146609,1583,119899,0,6206,1517,48348,903,115063,1517,163411,California
Placer,2021-04-18,1183,273897,255,146864,928,120827,0,6206,409,47985,772,115835,409,163820,California
Placer,2021-04-19,2941,276838,1810,148674,1131,121958,0,6206,1171,47390,1767,117602,1172,164992,California
Placer,2021-04-20,3796,280634,2463,151137,1333,123291,0,6206,2421,48444,1367,118969,2421,167413,California
Placer,2021-04-21,3661,284295,2399,153536,1261,124552,1,6207,2387,49561,1271,120240,2388,169801,California
Placer,2021-04-22,3657,287952,2262,155798,1395,125947,0,6207,1742,49392,1911,122151,1742,171543,California
Placer,2021-04-23,3509,291461,2329,158127,1179,127126,1,6208,1374,48639,2128,124279,1375,172918,California
Placer,2021-04-24,2086,293547,1266,159393,819,127945,1,6209,1223,49007,855,125134,1223,174141,California
Placer,2021-04-25,909,294456,501,159894,408,128353,0,6209,561,49220,348,125482,561,174702,California
Placer,2021-04-26,2352,296808,1248,161142,1081,129434,23,6232,1153,49206,1189,126671,1175,175877,California
Placer,2021-04-27,2644,299452,1376,162518,1233,130667,35,6267,1526,49656,1112,127783,1562,177439,California
Placer,2021-04-28,2915,302367,1809,164327,1069,131736,37,6304,1521,49829,1385,129168,1558,178997,California
Placer,2021-04-29,3259,305626,2069,166396,1137,132873,53,6357,1310,49249,1943,131111,1363,180360,California
Placer,2021-04-30,2985,308611,1803,168199,1133,134006,49,6406,1191,48701,1788,132899,1240,181600,California
Placer,2021-05-01,1333,309944,935,169134,374,134380,24,6430,611,48619,716,133615,634,182234,California
Placer,2021-05-02,713,310657,551,169685,141,134521,21,6451,331,48591,380,133995,352,182586,California
Placer,2021-05-03,1608,312265,992,170677,550,135071,66,6517,437,47926,1167,135162,502,183088,California
Placer,2021-05-04,2296,314561,1295,171972,834,135905,167,6684,862,47526,1429,136591,1029,184117,California
Placer,2021-05-05,3668,318229,2474,174446,1088,136993,106,6790,969,45908,2693,139284,1075,185192,California
Placer,2021-05-06,3092,321321,1893,176339,1123,138116,76,6866,812,44542,2254,141538,888,186080,California
Placer,2021-05-07,2803,324124,1886,178225,825,138941,92,6958,786,43413,2007,143545,878,186958,California
Placer,2021-05-08,1330,325454,706,178931,582,139523,42,7000,391,42907,937,144482,431,187389,California
Placer,2021-05-09,439,325893,202,179133,216,139739,21,7021,217,42922,222,144704,237,187626,California
Placer,2021-05-10,1927,327820,1030,180163,800,140539,97,7118,433,41962,1490,146194,530,188156,California
Placer,2021-05-11,2812,330632,2033,182196,675,141214,104,7222,582,40428,2220,148414,686,188842,California
Placer,2021-05-12,2761,333393,1923,184119,790,142004,48,7270,655,39032,2100,150514,704,189546,California
Placer,2021-05-13,2686,336079,1747,185866,892,142896,47,7317,953,38301,1731,152245,1000,190546,California
Placer,2021-05-14,2737,338816,1806,187672,801,143697,130,7447,1333,38369,1392,153637,1460,192006,California
Placer,2021-05-15,2050,340866,1347,189019,680,144377,23,7470,907,38162,1137,154774,930,192936,California
Placer,2021-05-16,747,341613,520,189539,209,144586,18,7488,336,38106,410,155184,354,193290,California
Placer,2021-05-17,2315,343928,1549,191088,701,145287,65,7553,1029,37920,1281,156465,1095,194385,California
Placer,2021-05-18,2465,346393,1659,192747,726,146013,80,7633,1126,37791,1334,157799,1205,195590,California
Placer,2021-05-19,2500,348893,1584,194331,871,146884,45,7678,928,37197,1567,159366,973,196563,California
Placer,2021-05-20,2191,351084,1452,195783,708,147592,31,7709,828,36698,1357,160723,858,197421,California
Placer,2021-05-21,2047,353131,1285,197068,625,148217,137,7846,896,36585,1144,161867,1031,198452,California
Placer,2021-05-22,1339,354470,942,198010,364,148581,33,7879,681,36644,655,162522,714,199166,California
Placer,2021-05-23,289,354759,165,198175,111,148692,13,7892,149,36668,138,162660,162,199328,California
Placer,2021-05-24,707,355466,352,198527,294,148986,61,7953,125,36277,577,163237,186,199514,California
Plumas,2020-12-18,4,4,4,4,0,0,0,0,4,4,0,0,4,4,California
Plumas,2020-12-19,1,5,1,5,0,0,0,0,1,5,0,0,1,5,California
Plumas,2020-12-21,45,50,45,50,0,0,0,0,45,50,0,0,45,50,California
Plumas,2020-12-22,93,143,93,143,0,0,0,0,93,143,0,0,93,143,California
Plumas,2020-12-23,50,193,50,193,0,0,0,0,50,193,0,0,50,193,California
Plumas,2020-12-24,6,199,6,199,0,0,0,0,6,199,0,0,6,199,California
Plumas,2020-12-28,8,207,0,199,8,8,0,0,8,207,0,0,8,207,California
Plumas,2020-12-29,32,239,22,221,10,18,0,0,32,239,0,0,32,239,California
Plumas,2020-12-30,23,262,1,222,22,40,0,0,23,262,0,0,23,262,California
Plumas,2020-12-31,4,266,1,223,3,43,0,0,4,266,0,0,4,266,California
Plumas,2021-01-04,10,276,4,227,6,49,0,0,10,276,0,0,10,276,California
Plumas,2021-01-05,22,298,2,229,20,69,0,0,22,298,0,0,22,298,California
Plumas,2021-01-06,123,421,5,234,118,187,0,0,123,421,0,0,123,421,California
Plumas,2021-01-07,53,474,2,236,51,238,0,0,52,472,1,1,52,473,California
Plumas,2021-01-08,12,486,5,241,7,245,0,0,8,476,4,5,8,481,California
Plumas,2021-01-09,2,488,2,243,0,245,0,0,1,476,1,6,1,482,California
Plumas,2021-01-11,58,546,50,293,8,253,0,0,11,440,47,53,11,493,California
Plumas,2021-01-12,156,702,87,380,69,322,0,0,71,426,85,138,71,564,California
Plumas,2021-01-13,56,758,50,430,6,328,0,0,10,390,46,184,10,574,California
Plumas,2021-01-14,98,856,14,444,84,412,0,0,93,478,5,189,93,667,California
Plumas,2021-01-15,63,919,7,451,56,468,0,0,61,537,2,191,61,728,California
Plumas,2021-01-16,58,977,1,452,57,525,0,0,58,595,0,191,58,786,California
Plumas,2021-01-18,2,979,1,453,1,526,0,0,2,597,0,191,2,788,California
Plumas,2021-01-19,36,1015,5,458,31,557,0,0,32,625,4,195,32,820,California
Plumas,2021-01-20,121,1136,3,461,118,675,0,0,119,742,2,197,119,939,California
Plumas,2021-01-21,112,1248,2,463,110,785,0,0,112,854,0,197,112,1051,California
Plumas,2021-01-22,5,1253,1,464,4,789,0,0,5,859,0,197,5,1056,California
Plumas,2021-01-23,93,1346,2,466,91,880,0,0,93,952,0,197,93,1149,California
Plumas,2021-01-24,1,1347,1,467,0,880,0,0,1,953,0,197,1,1150,California
Plumas,2021-01-25,10,1357,7,474,3,883,0,0,7,957,3,200,7,1157,California
Plumas,2021-01-26,60,1417,2,476,58,941,0,0,52,1001,8,208,52,1209,California
Plumas,2021-01-27,25,1442,20,496,5,946,0,0,5,986,20,228,5,1214,California
Plumas,2021-01-28,23,1465,0,496,23,969,0,0,21,1005,2,230,21,1235,California
Plumas,2021-01-29,8,1473,2,498,6,975,0,0,7,1011,1,231,7,1242,California
Plumas,2021-01-30,8,1481,4,502,4,979,0,0,7,1017,1,232,7,1249,California
Plumas,2021-01-31,3,1484,3,505,0,979,0,0,3,1020,0,232,3,1252,California
Plumas,2021-02-01,16,1500,2,507,14,993,0,0,8,1020,8,240,8,1260,California
Plumas,2021-02-02,21,1521,2,509,19,1012,0,0,2,1003,19,259,2,1262,California
Plumas,2021-02-03,127,1648,8,517,119,1131,0,0,13,903,113,372,13,1275,California
Plumas,2021-02-04,102,1750,8,525,94,1225,0,0,23,847,79,451,23,1298,California
Plumas,2021-02-05,24,1774,11,536,13,1238,0,0,9,841,15,466,9,1307,California
Plumas,2021-02-06,7,1781,0,536,7,1245,0,0,7,848,0,466,7,1314,California
Plumas,2021-02-08,15,1796,6,542,9,1254,0,0,3,839,12,478,3,1317,California
Plumas,2021-02-09,172,1968,2,544,170,1424,0,0,112,891,60,538,112,1429,California
Plumas,2021-02-10,91,2059,9,553,82,1506,0,0,82,965,9,547,83,1512,California
Plumas,2021-02-11,323,2382,7,560,316,1822,0,0,263,1168,60,607,263,1775,California
Plumas,2021-02-12,124,2506,4,564,120,1942,0,0,118,1280,6,613,118,1893,California
Plumas,2021-02-13,75,2581,5,569,70,2012,0,0,15,1235,60,673,15,1908,California
Plumas,2021-02-14,8,2589,5,574,3,2015,0,0,8,1243,0,673,8,1916,California
Plumas,2021-02-15,26,2615,5,579,21,2036,0,0,23,1263,3,676,23,1939,California
Plumas,2021-02-16,77,2692,4,583,73,2109,0,0,14,1214,63,739,14,1953,California
Plumas,2021-02-17,136,2828,5,588,131,2240,0,0,12,1102,124,863,12,1965,California
Plumas,2021-02-18,129,2957,6,594,123,2363,0,0,20,1014,109,972,21,1986,California
Plumas,2021-02-19,42,2999,5,599,37,2400,0,0,7,986,35,1007,7,1993,California
Plumas,2021-02-20,105,3104,7,606,98,2498,0,0,13,907,92,1099,13,2006,California
Plumas,2021-02-21,6,3110,5,611,1,2499,0,0,2,905,4,1103,2,2008,California
Plumas,2021-02-22,3,3113,1,612,2,2501,0,0,0,902,3,1106,0,2008,California
Plumas,2021-02-23,25,3138,5,617,20,2521,0,0,17,911,8,1114,17,2025,California
Plumas,2021-02-24,458,3596,7,624,451,2972,0,0,445,1343,13,1127,445,2470,California
Plumas,2021-02-25,230,3826,10,634,220,3192,0,0,169,1451,61,1188,169,2639,California
Plumas,2021-02-26,267,4093,8,642,259,3451,0,0,259,1703,8,1196,260,2899,California
Plumas,2021-02-27,40,4133,4,646,36,3487,0,0,33,1729,7,1203,33,2932,California
Plumas,2021-02-28,1,4134,0,646,1,3488,0,0,1,1730,0,1203,1,2933,California
Plumas,2021-03-01,14,4148,3,649,11,3499,0,0,8,1733,5,1208,8,2941,California
Plumas,2021-03-02,10,4158,1,650,9,3508,0,0,7,1737,3,1211,7,2948,California
Plumas,2021-03-03,152,4310,8,658,144,3652,0,0,137,1859,15,1226,137,3085,California
Plumas,2021-03-04,252,4562,9,667,243,3895,0,0,230,2067,22,1248,230,3315,California
Plumas,2021-03-05,400,4962,7,674,388,4283,5,5,389,2450,11,1259,394,3709,California
Plumas,2021-03-06,19,4981,2,676,9,4292,8,13,3,2445,16,1275,11,3720,California
Plumas,2021-03-07,14,4995,3,679,2,4294,9,22,4,2448,10,1285,13,3733,California
Plumas,2021-03-08,29,5024,3,682,2,4296,24,46,3,2449,26,1311,27,3760,California
Plumas,2021-03-09,133,5157,2,684,116,4412,15,61,18,2367,115,1426,33,3793,California
Plumas,2021-03-10,255,5412,3,687,239,4651,13,74,107,2340,147,1573,120,3913,California
Plumas,2021-03-11,179,5591,8,695,166,4817,5,79,144,2454,35,1608,149,4062,California
Plumas,2021-03-12,594,6185,4,699,303,5120,287,366,23,2193,571,2179,310,4372,California
Plumas,2021-03-13,25,6210,4,703,10,5130,11,377,4,2187,21,2200,15,4387,California
Plumas,2021-03-14,12,6222,3,706,4,5134,5,382,1,2183,10,2210,6,4393,California
Plumas,2021-03-15,30,6252,0,706,23,5157,7,389,5,2170,25,2235,12,4405,California
Plumas,2021-03-16,60,6312,3,709,56,5213,1,390,49,2209,11,2246,50,4455,California
Plumas,2021-03-17,73,6385,9,718,63,5276,1,391,58,2254,14,2260,59,4514,California
Plumas,2021-03-18,61,6446,6,724,39,5315,16,407,12,2233,49,2309,28,4542,California
Plumas,2021-03-19,164,6610,6,730,156,5471,2,409,155,2384,7,2316,158,4700,California
Plumas,2021-03-20,695,7305,4,734,690,6161,1,410,674,3040,19,2335,675,5375,California
Plumas,2021-03-21,2,7307,1,735,1,6162,0,410,1,3041,0,2335,1,5376,California
Plumas,2021-03-22,182,7489,2,737,180,6342,0,410,175,3209,7,2342,175,5551,California
Plumas,2021-03-23,27,7516,2,739,25,6367,0,410,13,3208,14,2356,13,5564,California
Plumas,2021-03-24,655,8171,6,745,648,7015,1,411,224,3003,430,2786,225,5789,California
Plumas,2021-03-25,302,8473,7,752,293,7308,2,413,158,3017,144,2930,158,5947,California
Plumas,2021-03-26,315,8788,9,761,306,7614,0,413,46,2795,268,3198,46,5993,California
Plumas,2021-03-27,13,8801,1,762,11,7625,1,414,3,2789,10,3208,4,5997,California
Plumas,2021-03-28,6,8807,4,766,1,7626,1,415,3,2790,3,3211,4,6001,California
Plumas,2021-03-29,12,8819,4,770,7,7633,1,416,4,2787,8,3219,5,6006,California
Plumas,2021-03-30,154,8973,3,773,150,7783,1,417,24,2682,130,3349,25,6031,California
Plumas,2021-03-31,288,9261,3,776,284,8067,1,418,267,2929,21,3370,268,6299,California
Plumas,2021-04-01,298,9559,10,786,287,8354,1,419,60,2753,236,3606,60,6359,California
Plumas,2021-04-02,375,9934,4,790,370,8724,1,420,29,2448,335,3941,30,6389,California
Plumas,2021-04-03,16,9950,3,793,5,8729,8,428,4,2448,12,3953,12,6401,California
Plumas,2021-04-04,3,9953,1,794,1,8730,1,429,0,2446,3,3956,1,6402,California
Plumas,2021-04-05,11,9964,4,798,6,8736,1,430,4,2444,7,3963,5,6407,California
Plumas,2021-04-06,121,10085,6,804,89,8825,26,456,14,2377,107,4070,40,6447,California
Plumas,2021-04-07,282,10367,7,811,99,8924,176,632,28,2327,254,4324,204,6651,California
Plumas,2021-04-08,150,10517,3,814,132,9056,15,647,34,2260,115,4439,48,6699,California
Plumas,2021-04-09,51,10568,10,824,25,9081,16,663,19,2262,32,4471,34,6733,California
Plumas,2021-04-10,23,10591,2,826,5,9086,16,679,5,2265,18,4489,21,6754,California
Plumas,2021-04-11,3,10594,2,828,0,9086,1,680,2,2267,1,4490,3,6757,California
Plumas,2021-04-12,11,10605,5,833,3,9089,3,683,7,2273,4,4494,10,6767,California
Plumas,2021-04-13,207,10812,5,838,202,9291,0,683,139,2344,68,4562,139,6906,California
Plumas,2021-04-14,109,10921,8,846,101,9392,0,683,55,2345,54,4616,55,6961,California
Plumas,2021-04-15,50,10971,2,848,48,9440,0,683,32,2359,18,4634,32,6993,California
Plumas,2021-04-16,142,11113,2,850,140,9580,0,683,2,2221,140,4774,2,6995,California
Plumas,2021-04-17,668,11781,2,852,666,10246,0,683,20,1595,646,5420,20,7015,California
Plumas,2021-04-18,4,11785,3,855,1,10247,0,683,1,1593,3,5423,1,7016,California
Plumas,2021-04-19,38,11823,3,858,35,10282,0,683,5,1565,33,5456,5,7021,California
Plumas,2021-04-20,42,11865,5,863,37,10319,0,683,26,1576,15,5471,26,7047,California
Plumas,2021-04-21,310,12175,5,868,304,10623,1,684,17,1300,293,5764,17,7064,California
Plumas,2021-04-22,273,12448,7,875,266,10889,0,684,131,1289,142,5906,131,7195,California
Plumas,2021-04-23,72,12520,5,880,67,10956,0,684,16,1249,56,5962,16,7211,California
Plumas,2021-04-24,172,12692,5,885,167,11123,0,684,146,1370,25,5987,146,7357,California
Plumas,2021-04-26,29,12721,4,889,25,11148,0,684,8,1358,20,6007,8,7365,California
Plumas,2021-04-27,87,12808,3,892,84,11232,0,684,51,1373,36,6043,51,7416,California
Plumas,2021-04-28,283,13091,4,896,279,11511,0,684,37,1165,245,6288,37,7453,California
Plumas,2021-04-29,172,13263,69,965,103,11614,0,684,119,1231,53,6341,119,7572,California
Plumas,2021-04-30,23,13286,11,976,12,11626,0,684,7,1222,16,6357,7,7579,California
Plumas,2021-05-01,2,13288,1,977,0,11626,1,685,0,1221,2,6359,1,7580,California
Plumas,2021-05-02,2,13290,2,979,0,11626,0,685,1,1221,1,6360,1,7581,California
Plumas,2021-05-03,17,13307,7,986,4,11630,6,691,6,1222,11,6371,12,7593,California
Plumas,2021-05-04,28,13335,3,989,19,11649,6,697,16,1232,12,6383,22,7615,California
Plumas,2021-05-05,49,13384,6,995,42,11691,1,698,22,1228,27,6410,23,7638,California
Plumas,2021-05-06,56,13440,2,997,49,11740,5,703,15,1207,41,6451,20,7658,California
Plumas,2021-05-07,22,13462,5,1002,16,11756,1,704,8,1202,14,6465,9,7667,California
Plumas,2021-05-08,6,13468,0,1002,4,11760,2,706,4,1206,2,6467,6,7673,California
Plumas,2021-05-10,49,13517,1,1003,25,11785,23,729,22,1224,27,6494,45,7718,California
Plumas,2021-05-11,163,13680,3,1006,141,11926,19,748,14,1108,149,6643,33,7751,California
Plumas,2021-05-12,98,13778,2,1008,89,12015,7,755,37,1092,60,6703,44,7795,California
Plumas,2021-05-13,34,13812,3,1011,29,12044,2,757,12,1084,22,6725,14,7809,California
Plumas,2021-05-14,19,13831,3,1014,11,12055,5,762,9,1088,10,6735,14,7823,California
Plumas,2021-05-15,10,13841,4,1018,4,12059,2,764,4,1088,6,6741,6,7829,California
Plumas,2021-05-16,2,13843,1,1019,1,12060,0,764,1,1088,1,6742,1,7830,California
Plumas,2021-05-17,13,13856,0,1019,4,12064,9,773,4,1092,9,6751,13,7843,California
Plumas,2021-05-18,42,13898,7,1026,34,12098,1,774,22,1095,20,6771,23,7866,California
Plumas,2021-05-19,45,13943,3,1029,28,12126,14,788,11,1087,34,6805,26,7892,California
Plumas,2021-05-20,185,14128,133,1162,41,12167,11,799,77,1067,108,6913,88,7980,California
Plumas,2021-05-21,27,14155,8,1170,14,12181,5,804,14,1073,13,6926,19,7999,California
Plumas,2021-05-22,136,14291,1,1171,135,12316,0,804,5,948,130,7056,5,8004,California
Plumas,2021-05-23,2,14293,2,1173,0,12316,0,804,1,948,1,7057,1,8005,California
Plumas,2021-05-24,44,14337,38,1211,6,12322,0,804,37,978,7,7064,37,8042,California
Riverside,2020-12-15,5,5,5,5,0,0,0,0,5,5,0,0,5,5,California
Riverside,2020-12-16,69,74,69,74,0,0,0,0,69,74,0,0,69,74,California
Riverside,2020-12-17,810,884,810,884,0,0,0,0,810,884,0,0,810,884,California
Riverside,2020-12-18,1729,2613,1728,2612,1,1,0,0,1729,2613,0,0,1729,2613,California
Riverside,2020-12-19,1027,3640,1024,3636,3,4,0,0,1025,3637,1,1,1025,3638,California
Riverside,2020-12-20,1084,4724,1083,4719,1,5,0,0,1084,4721,0,1,1084,4722,California
Riverside,2020-12-21,2276,7000,2274,6993,2,7,0,0,2276,6997,0,1,2276,6998,California
Riverside,2020-12-22,2259,9259,2220,9213,39,46,0,0,2258,9255,0,1,2258,9256,California
Riverside,2020-12-23,2148,11407,1807,11020,341,387,0,0,2149,11404,0,1,2149,11405,California
Riverside,2020-12-24,828,12235,626,11646,202,589,0,0,828,12232,0,1,828,12233,California
Riverside,2020-12-25,28,12263,5,11651,23,612,0,0,28,12260,0,1,28,12261,California
Riverside,2020-12-26,401,12664,257,11908,144,756,0,0,401,12661,0,1,401,12662,California
Riverside,2020-12-27,363,13027,244,12152,119,875,0,0,363,13024,0,1,363,13025,California
Riverside,2020-12-28,1631,14658,1130,13282,501,1376,0,0,1632,14656,0,1,1632,14657,California
Riverside,2020-12-29,1734,16392,968,14250,766,2142,0,0,1734,16390,0,1,1734,16391,California
Riverside,2020-12-30,2574,18966,1679,15929,895,3037,0,0,2573,18963,0,1,2573,18964,California
Riverside,2020-12-31,1022,19988,395,16324,627,3664,0,0,1024,19987,0,1,1024,19988,California
Riverside,2021-01-01,117,20105,46,16370,71,3735,0,0,117,20104,0,1,117,20105,California
Riverside,2021-01-02,833,20938,693,17063,140,3875,0,0,833,20937,0,1,833,20938,California
Riverside,2021-01-03,343,21281,299,17362,44,3919,0,0,342,21279,0,1,342,21280,California
Riverside,2021-01-04,1264,22545,794,18156,470,4389,0,0,1264,22543,0,1,1264,22544,California
Riverside,2021-01-05,1988,24533,1367,19523,621,5010,0,0,1892,24345,90,91,1892,24436,California
Riverside,2021-01-06,2502,27035,1120,20643,1382,6392,0,0,2192,26231,306,397,2192,26628,California
Riverside,2021-01-07,2779,29814,1825,22468,954,7346,0,0,1714,26887,1060,1457,1716,28344,California
Riverside,2021-01-08,4056,33870,2931,25399,1125,8471,0,0,2243,27321,1809,3266,2243,30587,California
Riverside,2021-01-09,2075,35945,844,26243,1231,9702,0,0,1727,28701,347,3613,1727,32314,California
Riverside,2021-01-10,1669,37614,740,26983,929,10631,0,0,1065,29162,604,4217,1065,33379,California
Riverside,2021-01-11,4520,42134,3095,30078,1425,12056,0,0,2785,30215,1733,5950,2786,36165,California
Riverside,2021-01-12,3420,45554,2740,32818,680,12736,0,0,1726,30252,1689,7639,1726,37891,California
Riverside,2021-01-13,4457,50011,2937,35755,1520,14256,0,0,2848,31494,1606,9245,2848,40739,California
Riverside,2021-01-14,5514,55525,1911,37666,3603,17859,0,0,4925,35831,588,9833,4925,45664,California
Riverside,2021-01-15,6089,61614,2022,39688,4067,21926,0,0,5800,41343,288,10121,5800,51464,California
Riverside,2021-01-16,3612,65226,1016,40704,2596,24522,0,0,3366,44464,246,10367,3367,54831,California
Riverside,2021-01-17,3596,68822,585,41289,3011,27533,0,0,3399,47668,195,10562,3399,58230,California
Riverside,2021-01-18,3749,72571,2040,43329,1709,29242,0,0,2741,49401,1008,11570,2741,60971,California
Riverside,2021-01-19,7415,79986,2647,45976,4768,34010,0,0,6295,54577,1120,12690,6296,67267,California
Riverside,2021-01-20,8215,88201,3131,49107,5084,39094,0,0,6557,59492,1646,14336,6561,73828,California
Riverside,2021-01-21,8350,96551,3507,52614,4843,43937,0,0,7698,66538,653,14989,7699,81527,California
Riverside,2021-01-22,8715,105266,2966,55580,5749,49686,0,0,8285,74396,428,15417,8286,89813,California
Riverside,2021-01-23,5892,111158,2360,57940,3532,53218,0,0,5172,78849,720,16137,5173,94986,California
Riverside,2021-01-24,3037,114195,1433,59373,1604,54822,0,0,2822,81459,213,16350,2823,97809,California
Riverside,2021-01-25,7874,122069,4529,63902,3345,58167,0,0,6755,87097,1118,17468,6756,104565,California
Riverside,2021-01-26,9113,131182,5717,69619,3396,61563,0,0,7603,93194,1507,18975,7604,112169,California
Riverside,2021-01-27,10912,142094,6394,76013,4518,66081,0,0,9300,100889,1608,20583,9303,121472,California
Riverside,2021-01-28,11499,153593,6788,82801,4711,70792,0,0,10337,110073,1154,21737,10338,131810,California
Riverside,2021-01-29,11936,165529,7283,90084,4653,75445,0,0,10562,119291,1348,23085,10566,142376,California
Riverside,2021-01-30,9060,174589,4611,94695,4449,79894,0,0,8596,127427,461,23546,8597,150973,California
Riverside,2021-01-31,5165,179754,4252,98947,913,80807,0,0,5035,132337,129,23675,5039,156012,California
Riverside,2021-02-01,10958,190712,6780,105727,4178,84985,0,0,9111,139611,1840,25515,9114,165126,California
Riverside,2021-02-02,9476,200188,4813,110540,4663,89648,0,0,8011,146167,1458,26973,8014,173140,California
Riverside,2021-02-03,12177,212365,5142,115682,7035,96683,0,0,9810,153620,2357,29330,9810,182950,California
Riverside,2021-02-04,13507,225872,5999,121681,7508,104191,0,0,11433,162989,2067,31397,11436,194386,California
Riverside,2021-02-05,14351,240223,5407,127088,8944,113135,0,0,11287,171223,3057,34454,11291,205677,California
Riverside,2021-02-06,7236,247459,4263,131351,2973,116108,0,0,5597,175191,1632,36086,5600,211277,California
Riverside,2021-02-07,2167,249626,798,132149,1369,117477,0,0,1848,176723,317,36403,1849,213126,California
Riverside,2021-02-08,12476,262102,5553,137702,6923,124400,0,0,10169,184604,2292,38695,10173,223299,California
Riverside,2021-02-09,9648,271750,4522,142224,5126,129526,0,0,7700,190370,1939,40634,7705,231004,California
Riverside,2021-02-10,12064,283814,6965,149189,5099,134625,0,0,8894,196113,3159,43793,8902,239906,California
Riverside,2021-02-11,16602,300416,9051,158240,7551,142176,0,0,12088,203724,4492,48285,12103,252009,California
Riverside,2021-02-12,17681,318097,10803,169043,6878,149054,0,0,12799,211697,4838,53123,12811,264820,California
Riverside,2021-02-13,6324,324421,2127,171170,4197,153251,0,0,3103,211616,3205,56328,3124,267944,California
Riverside,2021-02-14,4922,329343,1116,172286,3806,157057,0,0,2179,211056,2739,59067,2179,270123,California
Riverside,2021-02-15,9825,339168,5004,177290,4821,161878,0,0,5402,212051,4414,63481,5409,275532,California
Riverside,2021-02-16,16116,355284,10109,187399,6007,167885,0,0,9250,214451,6858,70339,9258,284790,California
Riverside,2021-02-17,15034,370318,8212,195611,6822,174707,0,0,7450,214340,7571,77910,7460,292250,California
Riverside,2021-02-18,15546,385864,8985,204596,6561,181268,0,0,8022,214874,7502,85412,8036,300286,California
Riverside,2021-02-19,15295,401159,8222,212818,7073,188341,0,0,7222,214050,8054,93466,7230,307516,California
Riverside,2021-02-20,8310,409469,4496,217314,3814,192155,0,0,2166,210092,6127,99593,2169,309685,California
Riverside,2021-02-21,4394,413863,3875,221189,519,192674,0,0,1231,208174,3149,102742,1231,310916,California
Riverside,2021-02-22,12374,426237,7770,228959,4604,197278,0,0,5114,206049,7244,109986,5119,316035,California
Riverside,2021-02-23,11119,437356,7575,236534,3544,200822,0,0,5399,205760,5692,115678,5403,321438,California
Riverside,2021-02-24,14808,452164,8101,244635,6707,207529,0,0,6299,203605,8471,124149,6316,327754,California
Riverside,2021-02-25,17358,469522,7405,252040,9953,217482,0,0,8070,202434,9266,133415,8095,335849,California
Riverside,2021-02-26,18637,488159,6733,258773,11904,229386,0,0,9311,202510,9269,142684,9345,345194,California
Riverside,2021-02-27,12081,500240,5609,264382,6472,235858,0,0,5765,202019,6283,148967,5792,350986,California
Riverside,2021-02-28,4883,505123,3219,267601,1664,237522,0,0,2408,201971,2463,151430,2415,353401,California
Riverside,2021-03-01,14352,519475,6105,273706,8245,245767,2,2,8455,204594,5862,157292,8485,361886,California
Riverside,2021-03-02,15366,534841,7510,281216,7855,253622,1,3,9019,207316,6325,163617,9047,370933,California
Riverside,2021-03-03,16914,551755,8379,289595,8535,262157,0,3,7317,205215,9547,173164,7446,378379,California
Riverside,2021-03-04,18757,570512,7466,297061,11286,273443,5,8,8914,204485,9799,182963,9069,387448,California
Riverside,2021-03-05,18906,589418,7612,304673,11250,284693,44,52,9402,204756,9453,192416,9724,397172,California
Riverside,2021-03-06,9527,598945,5073,309746,3973,288666,481,533,4748,205249,4765,197181,5258,402430,California
Riverside,2021-03-07,4251,603196,2751,312497,1111,289777,389,922,2001,205403,2240,199421,2394,404824,California
Riverside,2021-03-08,11961,615157,4757,317254,6793,296570,411,1333,5334,204586,6607,206028,5790,410614,California
Riverside,2021-03-09,14811,629968,6907,324161,7404,303974,500,1833,5912,202255,8878,214906,6547,417161,California
Riverside,2021-03-10,15914,645882,8521,332682,6467,310441,926,2759,6214,199890,9657,224563,7292,424453,California
Riverside,2021-03-11,19257,665139,9461,342143,7948,318389,1848,4607,7605,197936,11616,236179,9662,434115,California
Riverside,2021-03-12,21199,686338,7947,350090,8512,326901,4740,9347,7127,196098,14034,250213,12196,446311,California
Riverside,2021-03-13,8480,694818,2540,352630,4713,331614,1227,10574,4361,197668,4097,254310,5667,451978,California
Riverside,2021-03-14,4688,699506,1617,354247,1752,333366,1319,11893,2083,198473,2594,256904,3399,455377,California
Riverside,2021-03-15,18697,718203,7866,362113,9161,342527,1670,13563,9208,200004,9447,266351,10978,466355,California
Riverside,2021-03-16,20905,739108,10147,372260,9943,352470,815,14378,11388,202821,9479,275830,12296,478651,California
Riverside,2021-03-17,21337,760445,10957,383217,9321,361791,1059,15437,12822,208282,8479,284309,13940,492591,California
Riverside,2021-03-18,22629,783074,11787,395004,9176,370967,1666,17103,12565,212505,10016,294325,14239,506830,California
Riverside,2021-03-19,24150,807224,12682,407686,10496,381463,972,18075,14103,217958,9990,304315,15443,522273,California
Riverside,2021-03-20,10692,817916,6904,414590,2608,384071,1180,19255,6881,222238,3780,308095,8060,530333,California
Riverside,2021-03-21,3739,821655,2917,417507,556,384627,266,19521,2553,223888,1170,309265,2820,533153,California
Riverside,2021-03-22,16653,838308,9935,427442,6165,390792,553,20074,10598,229035,6002,315267,11149,544302,California
Riverside,2021-03-23,18578,856886,10523,437965,7634,398426,421,20495,11948,234846,6572,321839,12383,556685,California
Riverside,2021-03-24,18764,875650,10467,448432,8177,406603,120,20615,12880,242018,5834,327673,13006,569691,California
Riverside,2021-03-25,21171,896821,11676,460108,9314,415917,181,20796,14193,249490,6908,334581,14380,584071,California
Riverside,2021-03-26,24172,920993,11942,472050,12055,427972,175,20971,15033,255663,9037,343618,15210,599281,California
Riverside,2021-03-27,9333,930326,4905,476955,3375,431347,1053,22024,4818,257043,4492,348110,5872,605153,California
Riverside,2021-03-28,4774,935100,3139,480094,1543,432890,92,22116,2844,258064,1917,350027,2938,608091,California
Riverside,2021-03-29,17682,952782,8455,488549,9106,441996,121,22237,10948,262451,6693,356720,11080,619171,California
Riverside,2021-03-30,18370,971152,9565,498114,8598,450594,207,22444,11719,267768,6611,363331,11928,631099,California
Riverside,2021-03-31,18123,989275,8431,506545,9387,459981,305,22749,11442,272888,6637,369968,11757,642856,California
Riverside,2021-04-01,25569,1014844,12500,519045,12292,472273,777,23526,16513,281186,8993,378961,17291,660147,California
Riverside,2021-04-02,26143,1040987,14074,533119,11120,483393,949,24475,16377,289032,9710,388671,17556,677703,California
Riverside,2021-04-03,9370,1050357,5963,539082,2819,486212,588,25063,6040,292345,3313,391984,6626,684329,California
Riverside,2021-04-04,3397,1053754,2068,541150,1085,487297,244,25307,1721,292644,1667,393651,1966,686295,California
Riverside,2021-04-05,18459,1072213,9454,550604,7148,494445,1857,27164,9937,295955,8483,402134,11794,698089,California
Riverside,2021-04-06,23763,1095976,12354,562958,9279,503724,2130,29294,13249,300865,10464,412598,15374,713463,California
Riverside,2021-04-07,24707,1120683,13285,576243,8918,512642,2504,31798,13698,306107,10965,423563,16207,729670,California
Riverside,2021-04-08,26968,1147651,14803,591046,9218,521860,2947,34745,16396,314920,10512,434075,19325,748995,California
Riverside,2021-04-09,26100,1173751,15348,606394,8316,530176,2436,37181,15912,323150,10144,444219,18374,767369,California
Riverside,2021-04-10,11953,1185704,6713,613107,3852,534028,1388,38569,5218,323055,6692,450911,6597,773966,California
Riverside,2021-04-11,4603,1190307,2732,615839,1249,535277,622,39191,2164,323411,2428,453339,2784,776750,California
Riverside,2021-04-12,20063,1210370,8911,624750,8514,543791,2638,41829,10048,326117,9977,463316,12683,789433,California
Riverside,2021-04-13,19895,1230265,11127,635877,8742,552533,26,41855,11353,328995,8503,471819,11381,800814,California
Riverside,2021-04-14,22026,1252291,12102,647979,9910,562443,14,41869,10763,328579,11197,483016,10781,811595,California
Riverside,2021-04-15,21671,1273962,12173,660152,9490,571933,8,41877,11319,329621,10286,493302,11328,822923,California
Riverside,2021-04-16,24916,1298878,14422,674574,10488,582421,6,41883,11536,327840,13330,506632,11549,834472,California
Riverside,2021-04-17,9859,1308737,6496,681070,3363,585784,0,41883,4956,327914,4889,511521,4963,839435,California
Riverside,2021-04-18,3853,1312590,2806,683876,1040,586824,7,41890,1813,327709,2027,513548,1822,841257,California
Riverside,2021-04-19,19468,1332058,11588,695464,7877,594701,3,41893,6958,322206,12469,526017,6966,848223,California
Riverside,2021-04-20,18859,1350917,9948,705412,8901,603602,10,41903,7725,318849,11094,537111,7737,855960,California
Riverside,2021-04-21,19499,1370416,11079,716491,8412,612014,8,41911,7663,314753,11774,548885,7678,863638,California
Riverside,2021-04-22,23244,1393660,13556,730047,9685,621699,3,41914,8652,308889,14523,563408,8659,872297,California
Riverside,2021-04-23,23328,1416988,13726,743773,9588,631287,14,41928,9150,303940,14121,577529,9172,881469,California
Riverside,2021-04-24,10476,1427464,7310,751083,3164,634451,2,41930,4828,303157,5613,583142,4830,886299,California
Riverside,2021-04-25,4207,1431671,2817,753900,1389,635840,1,41931,2182,303332,2009,585151,2184,888483,California
Riverside,2021-04-26,16482,1448153,10352,764252,6085,641925,45,41976,5522,297980,10923,596074,5571,894054,California
Riverside,2021-04-27,17681,1465834,10141,774393,7379,649304,161,42137,6105,292712,11534,607608,6266,900320,California
Riverside,2021-04-28,16412,1482246,8853,783246,7302,656606,257,42394,5526,287665,10830,618438,5783,906103,California
Riverside,2021-04-29,18678,1500924,11423,794669,6907,663513,348,42742,5375,280144,13242,631680,5721,911824,California
Riverside,2021-04-30,19668,1520592,11332,806001,7958,671471,378,43120,6284,273474,13334,645014,6664,918488,California
Riverside,2021-05-01,6759,1527351,4872,810873,1719,673190,168,43288,2325,271555,4410,649424,2491,920979,California
Riverside,2021-05-02,3346,1530697,2179,813052,959,674149,208,43496,1069,270578,2260,651684,1283,922262,California
Riverside,2021-05-03,17976,1548673,11038,824090,6452,680601,486,43982,4151,261446,13767,665451,4635,926897,California
Riverside,2021-05-04,17235,1565908,10942,835032,5878,686479,415,44397,4864,254414,12310,677761,5278,932175,California
Riverside,2021-05-05,15740,1581648,8913,843945,6474,692953,353,44750,4540,248164,11143,688904,4893,937068,California
Riverside,2021-05-06,17752,1599400,9947,853892,7396,700349,409,45159,4518,239925,13167,702071,4928,941996,California
Riverside,2021-05-07,20285,1619685,11585,865477,8270,708619,430,45589,5347,230840,14862,716933,5777,947773,California
Riverside,2021-05-08,6809,1626494,4528,870005,2053,710672,228,45817,2554,229395,4226,721159,2781,950554,California
Riverside,2021-05-09,2307,1628801,1509,871514,643,711315,155,45972,853,228960,1443,722602,1008,951562,California
Riverside,2021-05-10,10011,1638812,5133,876647,4507,715822,371,46343,2854,225078,7107,729709,3225,954787,California
Riverside,2021-05-11,13486,1652298,8120,884767,4874,720696,492,46835,3684,219531,9724,739433,4177,958964,California
Riverside,2021-05-12,11898,1664196,5809,890576,5815,726511,274,47109,3602,215159,8247,747680,3875,962839,California
Riverside,2021-05-13,13672,1677868,8120,898696,5288,731799,264,47373,4831,211466,8792,756472,5099,967938,California
Riverside,2021-05-14,17647,1695515,11141,909837,5718,737517,788,48161,6911,208494,10670,767142,7698,975636,California
Riverside,2021-05-15,9667,1705182,6923,916760,2350,739867,394,48555,4933,209119,4702,771844,5327,980963,California
Riverside,2021-05-16,3442,1708624,2495,919255,837,740704,110,48665,1688,209174,1741,773585,1796,982759,California
Riverside,2021-05-17,11685,1720309,7543,926798,3806,744510,336,49001,5255,208371,6398,779983,5595,988354,California
Riverside,2021-05-18,15000,1735309,9298,936096,5364,749874,338,49339,6258,206272,8696,788679,6597,994951,California
Riverside,2021-05-19,12020,1747329,7589,943685,4215,754089,216,49555,5920,206356,6053,794732,6137,1001088,California
Riverside,2021-05-20,10107,1757436,6174,949859,3679,757768,254,49809,4432,205411,5634,800366,4689,1005777,California
Riverside,2021-05-21,12219,1769655,7442,957301,4483,762251,294,50103,5139,203810,7035,807401,5434,1011211,California
Riverside,2021-05-22,5455,1775110,3777,961078,1506,763757,172,50275,3050,204657,2377,809778,3224,1014435,California
Riverside,2021-05-23,1454,1776564,1025,962103,369,764126,60,50335,811,204894,634,810412,871,1015306,California
Riverside,2021-05-24,5046,1781610,3166,965269,1685,765811,195,50530,1882,203828,3142,813554,2076,1017382,California
Sacramento,2020-12-15,315,315,315,315,0,0,0,0,315,315,0,0,315,315,California
Sacramento,2020-12-16,646,961,646,961,0,0,0,0,646,961,0,0,646,961,California
Sacramento,2020-12-17,649,1610,649,1610,0,0,0,0,649,1610,0,0,649,1610,California
Sacramento,2020-12-18,970,2580,970,2580,0,0,0,0,970,2580,0,0,970,2580,California
Sacramento,2020-12-19,610,3190,610,3190,0,0,0,0,610,3190,0,0,610,3190,California
Sacramento,2020-12-20,634,3824,634,3824,0,0,0,0,634,3824,0,0,634,3824,California
Sacramento,2020-12-21,1676,5500,1676,5500,0,0,0,0,1677,5501,0,0,1677,5501,California
Sacramento,2020-12-22,2103,7603,2070,7570,33,33,0,0,2103,7604,0,0,2103,7604,California
Sacramento,2020-12-23,2263,9866,2092,9662,171,204,0,0,2263,9867,0,0,2263,9867,California
Sacramento,2020-12-24,1045,10911,833,10495,212,416,0,0,1045,10912,0,0,1045,10912,California
Sacramento,2020-12-25,1,10912,0,10495,1,417,0,0,1,10913,0,0,1,10913,California
Sacramento,2020-12-26,509,11421,291,10786,218,635,0,0,509,11422,0,0,509,11422,California
Sacramento,2020-12-27,352,11773,248,11034,104,739,0,0,352,11774,0,0,352,11774,California
Sacramento,2020-12-28,1903,13676,1323,12357,580,1319,0,0,1902,13675,1,1,1902,13676,California
Sacramento,2020-12-29,1959,15635,1193,13550,766,2085,0,0,1959,15634,0,1,1959,15635,California
Sacramento,2020-12-30,2561,18196,1454,15004,1107,3192,0,0,2562,18196,0,1,2562,18197,California
Sacramento,2020-12-31,1233,19429,696,15700,537,3729,0,0,1234,19430,0,1,1234,19431,California
Sacramento,2021-01-01,81,19510,70,15770,11,3740,0,0,81,19511,0,1,81,19512,California
Sacramento,2021-01-02,567,20077,365,16135,202,3942,0,0,567,20078,0,1,567,20079,California
Sacramento,2021-01-03,412,20489,223,16358,189,4131,0,0,412,20490,0,1,412,20491,California
Sacramento,2021-01-04,1960,22449,847,17205,1113,5244,0,0,1958,22447,1,2,1958,22449,California
Sacramento,2021-01-05,2215,24664,989,18194,1226,6470,0,0,1861,23961,354,356,1868,24317,California
Sacramento,2021-01-06,2727,27391,1617,19811,1110,7580,0,0,1952,25141,772,1128,1952,26269,California
Sacramento,2021-01-07,2839,30230,1508,21319,1331,8911,0,0,1976,26257,860,1988,1976,28245,California
Sacramento,2021-01-08,3302,33532,2095,23414,1207,10118,0,0,2267,27494,1031,3019,2268,30513,California
Sacramento,2021-01-09,1290,34822,796,24210,494,10612,0,0,902,28010,386,3405,902,31415,California
Sacramento,2021-01-10,1247,36069,711,24921,536,11148,0,0,776,28317,470,3875,777,32192,California
Sacramento,2021-01-11,4348,40417,2959,27880,1389,12537,0,0,2409,28800,1938,5813,2421,34613,California
Sacramento,2021-01-12,4581,44998,3198,31078,1383,13920,0,0,2609,29442,1971,7784,2613,37226,California
Sacramento,2021-01-13,3833,48831,2212,33290,1621,15541,0,0,2417,30445,1415,9199,2418,39644,California
Sacramento,2021-01-14,4626,53457,2337,35627,2289,17830,0,0,3705,33233,917,10116,3705,43349,California
Sacramento,2021-01-15,4447,57904,2263,37890,2184,20014,0,0,3726,36239,721,10837,3727,47076,California
Sacramento,2021-01-16,2080,59984,1276,39166,804,20818,0,0,1862,37883,218,11055,1862,48938,California
Sacramento,2021-01-17,1671,61655,977,40143,694,21512,0,0,1492,39199,179,11234,1495,50433,California
Sacramento,2021-01-18,2818,64473,1722,41865,1096,22608,0,0,2243,40869,574,11808,2244,52677,California
Sacramento,2021-01-19,4971,69444,3023,44888,1948,24556,0,0,3737,43374,1234,13042,3739,56416,California
Sacramento,2021-01-20,4811,74255,2849,47737,1962,26518,0,0,3590,45747,1223,14265,3596,60012,California
Sacramento,2021-01-21,5206,79461,3003,50740,2203,28721,0,0,4237,49023,963,15228,4239,64251,California
Sacramento,2021-01-22,5006,84467,2673,53413,2333,31054,0,0,4704,53427,301,15529,4705,68956,California
Sacramento,2021-01-23,3741,88208,1563,54976,2178,33232,0,0,3281,56248,460,15989,3281,72237,California
Sacramento,2021-01-24,1611,89819,1003,55979,608,33840,0,0,1370,57378,241,16230,1371,73608,California
Sacramento,2021-01-25,4418,94237,2166,58145,2252,36092,0,0,2946,58854,1472,17702,2948,76556,California
Sacramento,2021-01-26,4731,98968,2143,60288,2588,38680,0,0,3530,61187,1199,18901,3532,80088,California
Sacramento,2021-01-27,5807,104775,3046,63334,2761,41441,0,0,4198,63781,1606,20507,4200,84288,California
Sacramento,2021-01-28,5381,110156,2728,66062,2653,44094,0,0,4281,66964,1099,21606,4282,88570,California
Sacramento,2021-01-29,5401,115557,2939,69001,2462,46556,0,0,4377,70326,1015,22621,4377,92947,California
Sacramento,2021-01-30,4505,120062,2197,71198,2308,48864,0,0,4076,73975,427,23048,4076,97023,California
Sacramento,2021-01-31,2316,122378,2022,73220,294,49158,0,0,2041,75745,273,23321,2043,99066,California
Sacramento,2021-02-01,5939,128317,3036,76256,2903,52061,0,0,4256,78322,1679,25000,4256,103322,California
Sacramento,2021-02-02,6928,135245,3759,80015,3169,55230,0,0,4798,81010,2112,27112,4800,108122,California
Sacramento,2021-02-03,7148,142393,3603,83618,3545,58775,0,0,5284,84441,1855,28967,5286,113408,California
Sacramento,2021-02-04,7750,150143,3667,87285,4083,62858,0,0,5506,87712,2235,31202,5506,118914,California
Sacramento,2021-02-05,7850,157993,4483,91768,3367,66225,0,0,4915,89718,2912,34114,4918,123832,California
Sacramento,2021-02-06,8478,166471,3486,95254,4992,71217,0,0,7123,95489,1353,35467,7124,130956,California
Sacramento,2021-02-07,4067,170538,2180,97434,1887,73104,0,0,2861,97151,1201,36668,2863,133819,California
Sacramento,2021-02-08,6232,176770,3241,100675,2991,76095,0,0,3898,98719,2330,38998,3898,137717,California
Sacramento,2021-02-09,6771,183541,3554,104229,3217,79312,0,0,3993,99944,2769,41767,3994,141711,California
Sacramento,2021-02-10,7699,191240,4209,108438,3490,82802,0,0,4542,101344,3144,44911,4544,146255,California
Sacramento,2021-02-11,9594,200834,5724,114162,3870,86672,0,0,5504,102775,4075,48986,5506,151761,California
Sacramento,2021-02-12,10678,211512,4143,118305,6535,93207,0,0,6406,104973,4211,53197,6409,158170,California
Sacramento,2021-02-13,7670,219182,2980,121285,4690,97897,0,0,6086,109479,1581,54778,6087,164257,California
Sacramento,2021-02-14,3171,222353,1951,123236,1220,99117,0,0,2087,110488,1082,55860,2091,166348,California
Sacramento,2021-02-15,5993,228346,2046,125282,3947,103064,0,0,4165,112834,1822,57682,4168,170516,California
Sacramento,2021-02-16,9236,237582,4206,129488,5030,108094,0,0,5319,114247,3910,61592,5323,175839,California
Sacramento,2021-02-17,8841,246423,4988,134476,3853,111947,0,0,5144,115707,3686,65278,5146,180985,California
Sacramento,2021-02-18,9557,255980,5719,140195,3838,115785,0,0,5706,117572,3844,69122,5709,186694,California
Sacramento,2021-02-19,10011,265991,6140,146335,3871,119656,0,0,5915,119408,4085,73207,5921,192615,California
Sacramento,2021-02-20,7754,273745,5728,152063,2026,121682,0,0,4694,121049,3054,76261,4695,197310,California
Sacramento,2021-02-21,2971,276716,2360,154423,611,122293,0,0,1041,120166,1924,78185,1041,198351,California
Sacramento,2021-02-22,6195,282911,3753,158176,2442,124735,0,0,2688,119362,3496,81681,2692,201043,California
Sacramento,2021-02-23,7153,290064,4446,162622,2707,127442,0,0,3471,119171,3666,85347,3475,204518,California
Sacramento,2021-02-24,9671,299735,5306,167928,4365,131807,0,0,5263,120046,4392,89739,5267,209785,California
Sacramento,2021-02-25,10932,310667,6236,174164,4696,136503,0,0,6411,121950,4507,94246,6411,216196,California
Sacramento,2021-02-26,13931,324598,6479,180643,7452,143955,0,0,9591,127234,4310,98556,9594,225790,California
Sacramento,2021-02-27,10833,335431,6734,187377,4096,148051,3,3,7962,132351,2848,101404,7965,233755,California
Sacramento,2021-02-28,5640,341071,2242,189619,3398,151449,0,3,2600,131926,3026,104430,2601,236356,California
Sacramento,2021-03-01,8071,349142,3488,193107,4582,156031,1,4,4363,132605,3687,108117,4366,240722,California
Sacramento,2021-03-02,9289,358431,4045,197152,5243,161274,1,5,5716,134769,3556,111673,5720,246442,California
Sacramento,2021-03-03,10961,369392,5016,202168,5942,167216,3,8,6542,136918,4398,116071,6547,252989,California
Sacramento,2021-03-04,13434,382826,6187,208355,7243,174459,4,12,7472,138469,5931,122002,7482,260471,California
Sacramento,2021-03-05,10610,393436,4902,213257,5678,180137,30,42,7053,142016,3536,125538,7083,267554,California
Sacramento,2021-03-06,8113,401549,3116,216373,4875,185012,122,164,4115,142269,3983,129521,4236,271790,California
Sacramento,2021-03-07,7604,409153,2210,218583,5307,190319,87,251,3744,142243,3855,133376,3829,275619,California
Sacramento,2021-03-08,9119,418272,4258,222841,4636,194955,225,476,5976,145312,3130,136506,6199,281818,California
Sacramento,2021-03-09,9597,427869,4563,227404,4744,199699,290,766,5524,147070,4057,140563,5815,287633,California
Sacramento,2021-03-10,11756,439625,7500,234904,3900,203599,356,1122,6871,149447,4851,145414,7228,294861,California
Sacramento,2021-03-11,15036,454661,9977,244881,4244,207843,815,1937,8937,153139,6059,151473,9751,304612,California
Sacramento,2021-03-12,18008,472669,8317,253198,8831,216674,860,2797,8846,153743,9112,160585,9716,314328,California
Sacramento,2021-03-13,12967,485636,3571,256769,8970,225644,426,3223,7868,156946,5088,165673,8291,322619,California
Sacramento,2021-03-14,8384,494020,3466,260235,4287,229931,631,3854,4467,158150,3893,169566,5097,327716,California
Sacramento,2021-03-15,12197,506217,4829,265064,6706,236637,662,4516,7092,160821,5084,174650,7755,335471,California
Sacramento,2021-03-16,13993,520210,6211,271275,7135,243772,647,5163,8643,164789,5317,179967,9285,344756,California
Sacramento,2021-03-17,13681,533891,6580,277855,6466,250238,635,5798,8824,169419,4833,184800,9463,354219,California
Sacramento,2021-03-18,15682,549573,8229,286084,6865,257103,588,6386,10118,174592,5533,190333,10706,364925,California
Sacramento,2021-03-19,15602,565175,7969,294053,6260,263363,1373,7759,8131,176649,7444,197777,9501,374426,California
Sacramento,2021-03-20,12899,578074,7541,301594,5018,268381,340,8099,8152,180425,4718,202495,8494,382920,California
Sacramento,2021-03-21,5597,583671,2753,304347,2805,271186,39,8138,4942,184765,643,203138,4983,387903,California
Sacramento,2021-03-22,9393,593064,4814,309161,3725,274911,854,8992,6296,188845,3070,206208,7150,395053,California
Sacramento,2021-03-23,11344,604408,6758,315919,3778,278689,808,9800,7315,192977,3989,210197,8121,403174,California
Sacramento,2021-03-24,11875,616283,7273,323192,3970,282659,632,10432,6763,195342,5031,215228,7396,410570,California
Sacramento,2021-03-25,14160,630443,8361,331553,4973,287632,826,11258,8577,199204,5538,220766,9400,419970,California
Sacramento,2021-03-26,18263,648706,8943,340496,8832,296464,488,11746,9232,199964,8962,229728,9722,429692,California
Sacramento,2021-03-27,9700,658406,3573,344069,5836,302300,291,12037,5217,201017,4451,234179,5504,435196,California
Sacramento,2021-03-28,6532,664938,3219,347288,3065,305365,248,12285,3122,200990,3400,237579,3373,438569,California
Sacramento,2021-03-29,11011,675949,5897,353185,4742,310107,372,12657,5207,200795,5776,243355,5581,444150,California
Sacramento,2021-03-30,11847,687796,6084,359269,5372,315479,391,13048,6032,201425,5793,249148,6423,450573,California
Sacramento,2021-03-31,13442,701238,7856,367125,5191,320670,395,13443,5681,199761,7733,256881,6069,456642,California
Sacramento,2021-04-01,17381,718619,10451,377576,6707,327377,223,13666,7341,197329,10002,266883,7570,464212,California
Sacramento,2021-04-02,17087,735706,9676,387252,6677,334054,734,14400,8995,199001,8061,274944,9733,473945,California
Sacramento,2021-04-03,10421,746127,6211,393463,3659,337713,551,14951,6410,201977,3983,278927,6959,480904,California
Sacramento,2021-04-04,3705,749832,1528,394991,1986,339699,191,15142,1458,201382,2242,281169,1647,482551,California
Sacramento,2021-04-05,12048,761880,7561,402552,3655,343354,832,15974,5394,200984,6619,287788,6221,488772,California
Sacramento,2021-04-06,15594,777474,8858,411410,5408,348762,1328,17302,6904,200558,8657,296445,8231,497003,California
Sacramento,2021-04-07,14772,792246,7996,419406,5194,353956,1582,18884,7150,201706,7587,304032,8735,505738,California
Sacramento,2021-04-08,14932,807178,6702,426108,5277,359233,2953,21837,5934,201615,8965,312997,8874,514612,California
Sacramento,2021-04-09,18121,825299,9262,435370,6672,365905,2187,24024,7331,200377,10753,323750,9515,524127,California
Sacramento,2021-04-10,12664,837963,3824,439194,7634,373539,1206,25230,5193,199306,7445,331195,6374,530501,California
Sacramento,2021-04-11,10722,848685,4322,443516,6176,379715,224,25454,3793,196418,6904,338099,4016,534517,California
Sacramento,2021-04-12,12897,861582,5015,448531,6020,385735,1862,27316,4930,195287,7908,346007,6777,541294,California
Sacramento,2021-04-13,16227,877809,9932,458463,6291,392026,4,27320,7553,194200,8647,354654,7560,548854,California
Sacramento,2021-04-14,14898,892707,7942,466405,6954,398980,2,27322,5896,191127,8974,363628,5901,554755,California
Sacramento,2021-04-15,16307,909014,8391,474796,7914,406894,2,27324,6612,188086,9657,373285,6616,561371,California
Sacramento,2021-04-16,17367,926381,9602,484398,7765,414659,0,27324,7867,186492,9463,382748,7869,569240,California
Sacramento,2021-04-17,15252,941633,6136,490534,9116,423775,0,27324,11040,193345,4192,386940,11045,580285,California
Sacramento,2021-04-18,8432,950065,3067,493601,5365,429140,0,27324,3735,192400,4681,391621,3736,584021,California
Sacramento,2021-04-19,10572,960637,5711,499312,4856,433996,5,27329,4692,191239,5860,397481,4699,588720,California
Sacramento,2021-04-20,11103,971740,6746,506058,4354,438350,3,27332,5910,191981,5175,402656,5917,594637,California
Sacramento,2021-04-21,11466,983206,6625,512683,4839,443189,2,27334,6213,192966,5231,407887,6216,600853,California
Sacramento,2021-04-22,14802,998008,9892,522575,4906,448095,4,27338,6814,191829,7957,415844,6820,607673,California
Sacramento,2021-04-23,15809,1013817,9991,532566,5818,453913,0,27338,7331,190718,8443,424287,7332,615005,California
Sacramento,2021-04-24,11309,1025126,7003,539569,4305,458218,1,27339,5926,191300,5346,429633,5928,620933,California
Sacramento,2021-04-25,7984,1033110,4483,544052,3501,461719,0,27339,4162,191654,3809,433442,4163,625096,California
Sacramento,2021-04-26,10223,1043333,6425,550477,3773,465492,25,27364,4693,190868,5505,438947,4719,629815,California
Sacramento,2021-04-27,11626,1054959,7636,558113,3869,469361,121,27485,5629,190651,5968,444915,5751,635566,California
Sacramento,2021-04-28,10009,1064968,5712,563825,4095,473456,202,27687,5359,191596,4622,449537,5567,641133,California
Sacramento,2021-04-29,10181,1075149,6810,570635,3067,476523,304,27991,5357,192467,4790,454327,5661,646794,California
Sacramento,2021-04-30,12419,1087568,7798,578433,4359,480882,262,28253,5866,192086,6510,460837,6129,652923,California
Sacramento,2021-05-01,7560,1095128,5467,583900,1919,482801,174,28427,2749,190231,4777,465614,2922,655845,California
Sacramento,2021-05-02,3823,1098951,3169,587069,546,483347,108,28535,2166,190864,1639,467253,2272,658117,California
Sacramento,2021-05-03,9091,1108042,7273,594342,1537,484884,281,28816,3943,189958,5125,472378,4219,662336,California
Sacramento,2021-05-04,9359,1117401,5688,600030,3360,488244,311,29127,3783,188517,5534,477912,4093,666429,California
Sacramento,2021-05-05,10953,1128354,5910,605940,4592,492836,451,29578,4417,186884,6496,484408,4863,671292,California
Sacramento,2021-05-06,11161,1139515,6190,612130,4669,497505,302,29880,4627,185586,6225,490633,4927,676219,California
Sacramento,2021-05-07,10595,1150110,6160,618290,4060,501565,375,30255,4469,184354,6077,496710,4845,681064,California
Sacramento,2021-05-08,8158,1158268,3815,622105,4114,505679,229,30484,2702,181859,5421,502131,2926,683990,California
Sacramento,2021-05-09,3164,1161432,1653,623758,1399,507078,112,30596,1189,181199,1961,504092,1301,685291,California
Sacramento,2021-05-10,8058,1169490,3728,627486,4063,511141,267,30863,1980,177398,6049,510141,2248,687539,California
Sacramento,2021-05-11,8057,1177547,5028,632514,2786,513927,243,31106,2781,175174,5246,515387,3022,690561,California
Sacramento,2021-05-12,8021,1185568,4763,637277,3021,516948,237,31343,2737,172894,5253,520640,2973,693534,California
Sacramento,2021-05-13,10864,1196432,6923,644200,3689,520637,252,31595,4089,170500,6741,527381,4347,697881,California
Sacramento,2021-05-14,12132,1208564,6859,651059,4987,525624,286,31881,5011,168729,7067,534448,5296,703177,California
Sacramento,2021-05-15,13051,1221615,7889,658948,5019,530643,143,32024,5796,167446,7219,541667,5936,709113,California
Sacramento,2021-05-16,5872,1227487,4058,663006,1701,532344,113,32137,2054,165818,3796,545463,2168,711281,California
Sacramento,2021-05-17,10252,1237739,6262,669268,3710,536054,280,32417,4034,163948,6188,551651,4318,715599,California
Sacramento,2021-05-18,9617,1247356,6064,675332,3346,539400,207,32624,3812,162203,5768,557419,4023,719622,California
Sacramento,2021-05-19,9736,1257092,6246,681578,3227,542627,263,32887,4620,162016,5074,562493,4887,724509,California
Sacramento,2021-05-20,8825,1265917,6027,687605,2598,545225,200,33087,3955,161345,4827,567320,4156,728665,California
Sacramento,2021-05-21,9224,1275141,6055,693660,2913,548138,256,33343,4205,160828,4988,572308,4471,733136,California
Sacramento,2021-05-22,5820,1280961,3653,697313,2038,550176,129,33472,2901,160954,2903,575211,3029,736165,California
Sacramento,2021-05-23,3184,1284145,2391,699704,731,550907,62,33534,1646,161140,1522,576733,1708,737873,California
Sacramento,2021-05-24,5142,1289287,3107,702811,1867,552774,168,33702,1254,158703,3859,580592,1422,739295,California
San Benito,2020-12-16,30,30,30,30,0,0,0,0,30,30,0,0,30,30,California
San Benito,2020-12-17,38,68,38,68,0,0,0,0,38,68,0,0,38,68,California
San Benito,2020-12-18,71,139,71,139,0,0,0,0,71,139,0,0,71,139,California
San Benito,2020-12-19,47,186,47,186,0,0,0,0,47,186,0,0,47,186,California
San Benito,2020-12-20,23,209,23,209,0,0,0,0,23,209,0,0,23,209,California
San Benito,2020-12-21,74,283,74,283,0,0,0,0,74,283,0,0,74,283,California
San Benito,2020-12-22,99,382,99,382,0,0,0,0,99,382,0,0,99,382,California
San Benito,2020-12-23,85,467,73,455,12,12,0,0,85,467,0,0,85,467,California
San Benito,2020-12-24,13,480,5,460,8,20,0,0,13,480,0,0,13,480,California
San Benito,2020-12-25,4,484,4,464,0,20,0,0,4,484,0,0,4,484,California
San Benito,2020-12-26,13,497,4,468,9,29,0,0,13,497,0,0,13,497,California
San Benito,2020-12-27,8,505,7,475,1,30,0,0,8,505,0,0,8,505,California
San Benito,2020-12-28,63,568,36,511,27,57,0,0,63,568,0,0,63,568,California
San Benito,2020-12-29,50,618,21,532,29,86,0,0,50,618,0,0,50,618,California
San Benito,2020-12-30,59,677,37,569,22,108,0,0,59,677,0,0,59,677,California
San Benito,2020-12-31,19,696,2,571,17,125,0,0,19,696,0,0,19,696,California
San Benito,2021-01-02,25,721,24,595,1,126,0,0,25,721,0,0,25,721,California
San Benito,2021-01-03,3,724,1,596,2,128,0,0,3,724,0,0,3,724,California
San Benito,2021-01-04,62,786,23,619,39,167,0,0,62,786,0,0,62,786,California
San Benito,2021-01-05,119,905,37,656,82,249,0,0,116,899,3,3,116,902,California
San Benito,2021-01-06,99,1004,43,699,56,305,0,0,84,968,15,18,84,986,California
San Benito,2021-01-07,84,1088,47,746,37,342,0,0,52,988,32,50,52,1038,California
San Benito,2021-01-08,132,1220,68,814,64,406,0,0,87,1030,45,95,87,1125,California
San Benito,2021-01-09,43,1263,30,844,13,419,0,0,30,1047,13,108,30,1155,California
San Benito,2021-01-10,16,1279,14,858,2,421,0,0,5,1041,11,119,5,1160,California
San Benito,2021-01-11,102,1381,61,919,41,462,0,0,47,1033,55,174,47,1207,California
San Benito,2021-01-12,158,1539,55,974,103,565,0,0,120,1115,38,212,120,1327,California
San Benito,2021-01-13,191,1730,35,1009,156,721,0,0,164,1252,27,239,164,1491,California
San Benito,2021-01-14,116,1846,23,1032,93,814,0,0,98,1332,18,257,98,1589,California
San Benito,2021-01-15,216,2062,21,1053,195,1009,0,0,202,1520,14,271,202,1791,California
San Benito,2021-01-16,27,2089,9,1062,18,1027,0,0,21,1535,6,277,21,1812,California
San Benito,2021-01-17,11,2100,5,1067,6,1033,0,0,8,1540,3,280,8,1820,California
San Benito,2021-01-18,36,2136,23,1090,13,1046,0,0,21,1546,15,295,21,1841,California
San Benito,2021-01-19,152,2288,65,1155,87,1133,0,0,125,1644,27,322,125,1966,California
San Benito,2021-01-20,275,2563,94,1249,181,1314,0,0,229,1828,45,367,229,2195,California
San Benito,2021-01-21,125,2688,32,1281,93,1407,0,0,100,1903,25,392,100,2295,California
San Benito,2021-01-22,233,2921,19,1300,214,1621,0,0,223,2116,10,402,223,2518,California
San Benito,2021-01-23,31,2952,17,1317,14,1635,0,0,13,2111,18,420,13,2531,California
San Benito,2021-01-24,11,2963,3,1320,8,1643,0,0,7,2114,4,424,7,2538,California
San Benito,2021-01-25,66,3029,25,1345,41,1684,0,0,20,2088,46,470,20,2558,California
San Benito,2021-01-26,138,3167,41,1386,97,1781,0,0,85,2120,53,523,85,2643,California
San Benito,2021-01-27,229,3396,69,1455,160,1941,0,0,189,2269,40,563,189,2832,California
San Benito,2021-01-28,155,3551,32,1487,123,2064,0,0,123,2361,31,594,123,2955,California
San Benito,2021-01-29,286,3837,31,1518,255,2319,0,0,263,2602,22,616,263,3218,California
San Benito,2021-01-30,50,3887,32,1550,18,2337,0,0,27,2606,23,639,27,3245,California
San Benito,2021-01-31,16,3903,5,1555,11,2348,0,0,11,2612,5,644,11,3256,California
San Benito,2021-02-01,133,4036,28,1583,105,2453,0,0,89,2657,44,688,89,3345,California
San Benito,2021-02-02,227,4263,49,1632,178,2631,0,0,137,2704,90,778,137,3482,California
San Benito,2021-02-03,339,4602,42,1674,297,2928,0,0,274,2913,65,843,274,3756,California
San Benito,2021-02-04,164,4766,24,1698,140,3068,0,0,120,2989,44,887,120,3876,California
San Benito,2021-02-05,292,5058,40,1738,252,3320,0,0,229,3155,63,950,229,4105,California
San Benito,2021-02-06,48,5106,8,1746,40,3360,0,0,31,3169,17,967,31,4136,California
San Benito,2021-02-07,16,5122,8,1754,8,3368,0,0,15,3183,1,968,15,4151,California
San Benito,2021-02-08,139,5261,16,1770,123,3491,0,0,93,3230,46,1014,93,4244,California
San Benito,2021-02-09,326,5587,63,1833,263,3754,0,0,194,3292,132,1146,194,4438,California
San Benito,2021-02-10,322,5909,89,1922,233,3987,0,0,113,3197,208,1354,113,4551,California
San Benito,2021-02-11,299,6208,33,1955,266,4253,0,0,201,3300,98,1452,201,4752,California
San Benito,2021-02-12,414,6622,31,1986,383,4636,0,0,208,3303,205,1657,208,4960,California
San Benito,2021-02-13,56,6678,7,1993,49,4685,0,0,43,3333,13,1670,43,5003,California
San Benito,2021-02-14,40,6718,5,1998,35,4720,0,0,30,3353,10,1680,30,5033,California
San Benito,2021-02-15,106,6824,10,2008,96,4816,0,0,95,3437,11,1691,95,5128,California
San Benito,2021-02-16,207,7031,11,2019,196,5012,0,0,102,3434,105,1796,102,5230,California
San Benito,2021-02-17,328,7359,29,2048,299,5311,0,0,279,3664,49,1845,279,5509,California
San Benito,2021-02-18,293,7652,37,2085,256,5567,0,0,71,3513,222,2067,71,5580,California
San Benito,2021-02-19,346,7998,47,2132,299,5866,0,0,180,3527,166,2233,180,5760,California
San Benito,2021-02-20,45,8043,26,2158,19,5885,0,0,36,3554,9,2242,36,5796,California
San Benito,2021-02-21,24,8067,8,2166,16,5901,0,0,14,3558,10,2252,14,5810,California
San Benito,2021-02-22,135,8202,36,2202,99,6000,0,0,101,3626,33,2285,101,5911,California
San Benito,2021-02-23,379,8581,94,2296,285,6285,0,0,263,3773,116,2401,263,6174,California
San Benito,2021-02-24,378,8959,65,2361,313,6598,0,0,239,3873,139,2540,239,6413,California
San Benito,2021-02-25,394,9353,64,2425,330,6928,0,0,273,4023,123,2663,273,6686,California
San Benito,2021-02-26,642,9995,72,2497,570,7498,0,0,398,4177,244,2907,398,7084,California
San Benito,2021-02-27,100,10095,39,2536,61,7559,0,0,86,4249,14,2921,86,7170,California
San Benito,2021-02-28,247,10342,23,2559,224,7783,0,0,238,4478,9,2930,238,7408,California
San Benito,2021-03-01,225,10567,58,2617,167,7950,0,0,155,4562,71,3001,155,7563,California
San Benito,2021-03-02,279,10846,93,2710,186,8136,0,0,209,4701,70,3071,209,7772,California
San Benito,2021-03-03,402,11248,59,2769,343,8479,0,0,224,4749,176,3247,224,7996,California
San Benito,2021-03-04,616,11864,127,2896,474,8953,15,15,431,4999,185,3432,435,8431,California
San Benito,2021-03-05,585,12449,306,3202,267,9220,12,27,375,5177,209,3641,387,8818,California
San Benito,2021-03-06,194,12643,70,3272,110,9330,14,41,142,5281,52,3693,156,8974,California
San Benito,2021-03-07,649,13292,605,3877,22,9352,22,63,617,5888,32,3725,639,9613,California
San Benito,2021-03-08,289,13581,67,3944,176,9528,46,109,167,5979,122,3847,213,9826,California
San Benito,2021-03-09,425,14006,84,4028,242,9770,99,208,138,5903,286,4133,210,10036,California
San Benito,2021-03-10,404,14410,113,4141,194,9964,97,305,231,6058,173,4306,328,10364,California
San Benito,2021-03-11,472,14882,120,4261,198,10162,154,459,208,6156,264,4570,362,10726,California
San Benito,2021-03-12,514,15396,118,4379,302,10464,94,553,229,6197,283,4853,324,11050,California
San Benito,2021-03-13,203,15599,102,4481,83,10547,18,571,129,6273,71,4924,147,11197,California
San Benito,2021-03-14,232,15831,40,4521,172,10719,20,591,180,6422,51,4975,200,11397,California
San Benito,2021-03-15,324,16155,100,4621,205,10924,19,610,190,6497,134,5109,209,11606,California
San Benito,2021-03-16,500,16655,220,4841,249,11173,31,641,351,6729,149,5258,381,11987,California
San Benito,2021-03-17,791,17446,477,5318,292,11465,22,663,561,7078,226,5484,575,12562,California
San Benito,2021-03-18,789,18235,527,5845,207,11672,55,718,573,7483,214,5698,619,13181,California
San Benito,2021-03-19,781,19016,404,6249,354,12026,23,741,580,7885,201,5899,603,13784,California
San Benito,2021-03-20,246,19262,152,6401,82,12108,12,753,187,8025,59,5958,199,13983,California
San Benito,2021-03-21,109,19371,56,6457,48,12156,5,758,82,8085,27,5985,87,14070,California
San Benito,2021-03-22,351,19722,171,6628,155,12311,25,783,224,8207,127,6112,249,14319,California
San Benito,2021-03-23,480,20202,202,6830,268,12579,10,793,218,8172,262,6374,227,14546,California
San Benito,2021-03-24,575,20777,305,7135,263,12842,7,800,361,8327,213,6587,368,14914,California
San Benito,2021-03-25,743,21520,441,7576,298,13140,4,804,441,8474,298,6885,445,15359,California
San Benito,2021-03-26,1020,22540,518,8094,498,13638,4,808,340,8139,679,7564,344,15703,California
San Benito,2021-03-27,335,22875,186,8280,116,13754,33,841,215,8268,119,7683,248,15951,California
San Benito,2021-03-28,732,23607,608,8888,119,13873,5,846,128,7797,604,8287,133,16084,California
San Benito,2021-03-29,344,23951,109,8997,215,14088,20,866,149,7770,195,8482,168,16252,California
San Benito,2021-03-30,577,24528,273,9270,210,14298,94,960,292,7871,285,8767,386,16638,California
San Benito,2021-03-31,596,25124,366,9636,206,14504,24,984,342,7986,251,9018,366,17004,California
San Benito,2021-04-01,945,26069,382,10018,525,15029,38,1022,566,8206,378,9396,598,17602,California
San Benito,2021-04-02,542,26611,263,10281,144,15173,135,1157,267,8334,275,9671,403,18005,California
San Benito,2021-04-03,254,26865,88,10369,104,15277,62,1219,75,8292,179,9850,137,18142,California
San Benito,2021-04-04,143,27008,108,10477,30,15307,5,1224,106,8366,37,9887,111,18253,California
San Benito,2021-04-05,352,27360,170,10647,140,15447,42,1266,143,8341,209,10096,184,18437,California
San Benito,2021-04-06,467,27827,163,10810,126,15573,178,1444,159,8370,308,10404,337,18774,California
San Benito,2021-04-07,944,28771,529,11339,226,15799,189,1633,267,8154,675,11079,459,19233,California
San Benito,2021-04-08,859,29630,430,11769,177,15976,252,1885,224,7996,634,11713,476,19709,California
San Benito,2021-04-09,837,30467,495,12264,252,16228,90,1975,289,7827,548,12261,379,20088,California
San Benito,2021-04-10,329,30796,199,12463,72,16300,58,2033,181,7918,148,12409,239,20327,California
San Benito,2021-04-11,469,31265,269,12732,166,16466,34,2067,262,7987,207,12616,276,20603,California
San Benito,2021-04-12,530,31795,285,13017,133,16599,112,2179,278,8122,251,12867,386,20989,California
San Benito,2021-04-13,754,32549,292,13309,439,17038,23,2202,522,8437,231,13098,546,21535,California
San Benito,2021-04-14,832,33381,654,13963,178,17216,0,2202,395,8400,432,13530,395,21930,California
San Benito,2021-04-15,941,34322,733,14696,207,17423,1,2203,469,8399,471,14001,470,22400,California
San Benito,2021-04-16,704,35026,368,15064,327,17750,9,2212,296,8300,405,14406,306,22706,California
San Benito,2021-04-17,319,35345,226,15290,93,17843,0,2212,130,8239,191,14597,130,22836,California
San Benito,2021-04-18,490,35835,409,15699,81,17924,0,2212,236,8223,254,14851,238,23074,California
San Benito,2021-04-19,736,36571,590,16289,146,18070,0,2212,416,8321,319,15170,417,23491,California
San Benito,2021-04-20,768,37339,398,16687,368,18438,2,2214,486,8531,277,15447,487,23978,California
San Benito,2021-04-21,953,38292,702,17389,251,18689,0,2214,513,8618,426,15873,513,24491,California
San Benito,2021-04-22,896,39188,691,18080,205,18894,0,2214,565,8860,323,16196,565,25056,California
San Benito,2021-04-23,635,39823,397,18477,237,19131,1,2215,342,8958,244,16440,342,25398,California
San Benito,2021-04-24,359,40182,203,18680,156,19287,0,2215,168,8974,152,16592,168,25566,California
San Benito,2021-04-25,205,40387,127,18807,78,19365,0,2215,95,8977,92,16684,95,25661,California
San Benito,2021-04-26,479,40866,383,19190,96,19461,0,2215,253,9064,166,16850,253,25914,California
San Benito,2021-04-27,536,41402,277,19467,252,19713,7,2222,401,9347,125,16975,408,26322,California
San Benito,2021-04-28,540,41942,384,19851,147,19860,9,2231,378,9576,157,17132,386,26708,California
San Benito,2021-04-29,623,42565,230,20081,383,20243,10,2241,245,9471,377,17509,272,26980,California
San Benito,2021-04-30,376,42941,208,20289,161,20404,7,2248,202,9508,172,17681,209,27189,California
San Benito,2021-05-01,195,43136,143,20432,44,20448,8,2256,65,9453,128,17809,73,27262,California
San Benito,2021-05-02,189,43325,161,20593,24,20472,4,2260,58,9384,131,17940,62,27324,California
San Benito,2021-05-03,354,43679,280,20873,65,20537,9,2269,84,9209,270,18210,95,27419,California
San Benito,2021-05-04,403,44082,243,21116,152,20689,8,2277,148,9111,253,18463,155,27574,California
San Benito,2021-05-05,600,44682,422,21538,162,20851,16,2293,209,8947,389,18852,225,27799,California
San Benito,2021-05-06,611,45293,484,22022,112,20963,15,2308,221,8796,387,19239,236,28035,California
San Benito,2021-05-07,446,45739,283,22305,153,21116,10,2318,171,8707,273,19512,184,28219,California
San Benito,2021-05-08,276,46015,225,22530,46,21162,5,2323,158,8752,118,19630,163,28382,California
San Benito,2021-05-09,100,46115,75,22605,22,21184,3,2326,48,8751,52,19682,51,28433,California
San Benito,2021-05-10,409,46524,323,22928,62,21246,24,2350,51,8469,358,20040,76,28509,California
San Benito,2021-05-11,801,47325,401,23329,387,21633,13,2363,177,8038,622,20662,191,28700,California
San Benito,2021-05-12,480,47805,386,23715,82,21715,12,2375,111,7795,367,21029,124,28824,California
San Benito,2021-05-13,658,48463,564,24279,84,21799,10,2385,166,7481,489,21518,175,28999,California
San Benito,2021-05-14,594,49057,438,24717,149,21948,7,2392,230,7355,363,21881,237,29236,California
San Benito,2021-05-15,226,49283,169,24886,50,21998,7,2399,126,7388,100,21981,133,29369,California
San Benito,2021-05-16,158,49441,130,25016,26,22024,2,2401,91,7414,67,22048,93,29462,California
San Benito,2021-05-17,377,49818,307,25323,61,22085,9,2410,175,7397,201,22249,184,29646,California
San Benito,2021-05-18,662,50480,345,25668,312,22397,5,2415,206,7153,456,22705,212,29858,California
San Benito,2021-05-19,560,51040,413,26081,139,22536,8,2423,233,7068,326,23031,241,30099,California
San Benito,2021-05-20,561,51601,453,26534,97,22633,11,2434,309,7137,251,23282,320,30419,California
San Benito,2021-05-21,430,52031,256,26790,160,22793,14,2448,201,7124,228,23510,215,30634,California
San Benito,2021-05-22,185,52216,158,26948,24,22817,3,2451,121,7185,63,23573,124,30758,California
San Benito,2021-05-23,65,52281,46,26994,14,22831,5,2456,23,7170,42,23615,27,30785,California
San Benito,2021-05-24,129,52410,104,27098,24,22855,1,2457,67,7176,62,23677,68,30853,California
San Bernardino,2020-12-15,13,13,13,13,0,0,0,0,13,13,0,0,13,13,California
San Bernardino,2020-12-16,113,126,113,126,0,0,0,0,113,126,0,0,113,126,California
San Bernardino,2020-12-17,2369,2495,2369,2495,0,0,0,0,2369,2495,0,0,2369,2495,California
San Bernardino,2020-12-18,3150,5645,3147,5642,3,3,0,0,3151,5646,0,0,3151,5646,California
San Bernardino,2020-12-19,1070,6715,1069,6711,1,4,0,0,1071,6717,0,0,1071,6717,California
San Bernardino,2020-12-20,1178,7893,1175,7886,3,7,0,0,1178,7895,0,0,1178,7895,California
San Bernardino,2020-12-21,2457,10350,2452,10338,5,12,0,0,2457,10352,0,0,2457,10352,California
San Bernardino,2020-12-22,2278,12628,2149,12487,129,141,0,0,2279,12631,0,0,2279,12631,California
San Bernardino,2020-12-23,2667,15295,1464,13951,1203,1344,0,0,2665,15296,0,0,2665,15296,California
San Bernardino,2020-12-24,1159,16454,582,14533,577,1921,0,0,1161,16457,0,0,1161,16457,California
San Bernardino,2020-12-25,75,16529,14,14547,61,1982,0,0,75,16532,0,0,75,16532,California
San Bernardino,2020-12-26,462,16991,254,14801,208,2190,0,0,462,16994,0,0,462,16994,California
San Bernardino,2020-12-27,344,17335,161,14962,183,2373,0,0,344,17338,0,0,344,17338,California
San Bernardino,2020-12-28,1570,18905,712,15674,858,3231,0,0,1571,18909,0,0,1571,18909,California
San Bernardino,2020-12-29,2213,21118,1042,16716,1171,4402,0,0,2213,21122,0,0,2213,21122,California
San Bernardino,2020-12-30,2893,24011,1458,18174,1435,5837,0,0,2894,24016,0,0,2894,24016,California
San Bernardino,2020-12-31,1357,25368,439,18613,918,6755,0,0,1355,25371,0,0,1355,25371,California
San Bernardino,2021-01-01,284,25652,151,18764,133,6888,0,0,283,25654,0,0,283,25654,California
San Bernardino,2021-01-02,476,26128,339,19103,137,7025,0,0,476,26130,0,0,476,26130,California
San Bernardino,2021-01-03,136,26264,88,19191,48,7073,0,0,136,26266,0,0,136,26266,California
San Bernardino,2021-01-04,2122,28386,1287,20478,835,7908,0,0,2121,28387,0,0,2121,28387,California
San Bernardino,2021-01-05,2334,30720,1463,21941,871,8779,0,0,2224,30502,109,109,2224,30611,California
San Bernardino,2021-01-06,3437,34157,2350,24291,1087,9866,0,0,2939,32950,492,601,2940,33551,California
San Bernardino,2021-01-07,5417,39574,4505,28796,912,10778,0,0,2467,32486,2931,3532,2467,36018,California
San Bernardino,2021-01-08,5368,44942,4448,33244,920,11698,0,0,2288,31699,3076,6608,2289,38307,California
San Bernardino,2021-01-09,1403,46345,1100,34344,303,12001,0,0,905,32106,498,7106,905,39212,California
San Bernardino,2021-01-10,1025,47370,610,34954,415,12416,0,0,576,32233,449,7555,576,39788,California
San Bernardino,2021-01-11,4985,52355,4077,39031,908,13324,0,0,2768,32788,2213,9768,2768,42556,California
San Bernardino,2021-01-12,4227,56582,3211,42242,1016,14340,0,0,2512,33586,1714,11482,2512,45068,California
San Bernardino,2021-01-13,4570,61152,2849,45091,1721,16061,0,0,3348,35725,1210,12692,3349,48417,California
San Bernardino,2021-01-14,4816,65968,2839,47930,1977,18038,0,0,4235,39383,577,13269,4235,52652,California
San Bernardino,2021-01-15,5965,71933,2954,50884,3011,21049,0,0,5567,44565,388,13657,5570,58222,California
San Bernardino,2021-01-16,2255,74188,1287,52171,968,22017,0,0,2113,46536,142,13799,2113,60335,California
San Bernardino,2021-01-17,1183,75371,508,52679,675,22692,0,0,1100,47556,82,13881,1102,61437,California
San Bernardino,2021-01-18,4266,79637,2635,55314,1631,24323,0,0,3642,50578,623,14504,3645,65082,California
San Bernardino,2021-01-19,6313,85950,3705,59019,2608,26931,0,0,5227,54723,1084,15588,5229,70311,California
San Bernardino,2021-01-20,6840,92790,3765,62784,3075,30006,0,0,4892,57677,1940,17528,4894,75205,California
San Bernardino,2021-01-21,5989,98779,3079,65863,2910,32916,0,0,4870,61440,1110,18638,4873,80078,California
San Bernardino,2021-01-22,6526,105305,3052,68915,3474,36390,0,0,5801,66519,723,19361,5802,85880,California
San Bernardino,2021-01-23,3116,108421,1894,70809,1222,37612,0,0,2726,68856,389,19750,2726,88606,California
San Bernardino,2021-01-24,1195,109616,461,71270,734,38346,0,0,1094,69849,101,19851,1094,89700,California
San Bernardino,2021-01-25,6887,116503,3407,74677,3480,41826,0,0,5049,73066,1835,21686,5052,94752,California
San Bernardino,2021-01-26,7074,123577,3533,78210,3541,45367,0,0,4976,75946,2097,23783,4977,99729,California
San Bernardino,2021-01-27,8494,132071,4143,82353,4351,49718,0,0,5701,78862,2785,26568,5701,105430,California
San Bernardino,2021-01-28,8592,140663,4078,86431,4514,54232,0,0,6272,82819,2315,28883,6272,111702,California
San Bernardino,2021-01-29,8194,148857,3771,90202,4423,58655,0,0,6221,87082,1959,30842,6222,117924,California
San Bernardino,2021-01-30,3092,151949,1900,92102,1192,59847,0,0,2803,89597,288,31130,2803,120727,California
San Bernardino,2021-01-31,924,152873,493,92595,431,60278,0,0,870,90414,53,31183,870,121597,California
San Bernardino,2021-02-01,7575,160448,4251,96846,3324,63602,0,0,4945,92733,2627,33810,4946,126543,California
San Bernardino,2021-02-02,10446,170894,3656,100502,6790,70392,0,0,8387,99066,2055,35865,8388,134931,California
San Bernardino,2021-02-03,9005,179899,4148,104650,4857,75249,0,0,6504,103078,2493,38358,6505,141436,California
San Bernardino,2021-02-04,10519,190418,5184,109834,5335,80584,0,0,7418,107406,3090,41448,7418,148854,California
San Bernardino,2021-02-05,11008,201426,5908,115742,5100,85684,0,0,7487,111384,3510,44958,7488,156342,California
San Bernardino,2021-02-06,5265,206691,2213,117955,3052,88736,0,0,3635,113416,1606,46564,3638,159980,California
San Bernardino,2021-02-07,843,207534,489,118444,354,89090,0,0,468,113513,372,46936,469,160449,California
San Bernardino,2021-02-08,7279,214813,3879,122323,3400,92490,0,0,5612,117460,1665,48601,5612,166061,California
San Bernardino,2021-02-09,10140,224953,5905,128228,4235,96725,0,0,6844,121013,3294,51895,6847,172908,California
San Bernardino,2021-02-10,12078,237031,6451,134679,5627,102352,0,0,7960,124867,4107,56002,7961,180869,California
San Bernardino,2021-02-11,12442,249473,7137,141816,5305,107657,0,0,7932,128315,4487,60489,7935,188804,California
San Bernardino,2021-02-12,10423,259896,5945,147761,4478,112135,0,0,5687,129283,4719,65208,5687,194491,California
San Bernardino,2021-02-13,6044,265940,4018,151779,2026,114161,0,0,3804,130868,2224,67432,3809,198300,California
San Bernardino,2021-02-14,1552,267492,649,152428,903,115064,0,0,874,131071,671,68103,874,199174,California
San Bernardino,2021-02-15,5475,272967,2995,155423,2480,117544,0,0,3060,131730,2401,70504,3060,202234,California
San Bernardino,2021-02-16,12622,285589,7380,162803,5242,122786,0,0,7973,135067,4637,75141,7974,210208,California
San Bernardino,2021-02-17,11808,297397,6460,169263,5348,128134,0,0,7145,137568,4646,79787,7147,217355,California
San Bernardino,2021-02-18,12487,309884,7583,176846,4904,133038,0,0,7703,140502,4770,84557,7704,225059,California
San Bernardino,2021-02-19,11531,321415,5933,182779,5598,138636,0,0,6815,142621,4696,89253,6815,231874,California
San Bernardino,2021-02-20,4522,325937,3470,186249,1052,139688,0,0,2041,142186,2478,91731,2043,233917,California
San Bernardino,2021-02-21,1129,327066,671,186920,458,140146,0,0,391,141840,738,92469,392,234309,California
San Bernardino,2021-02-22,8669,335735,5341,192261,3328,143474,0,0,4040,141263,4618,97087,4041,238350,California
San Bernardino,2021-02-23,9125,344860,5444,197705,3681,147155,0,0,4595,141353,4505,101592,4595,242945,California
San Bernardino,2021-02-24,12444,357304,7172,204877,5272,152427,0,0,6156,141242,6268,107860,6157,249102,California
San Bernardino,2021-02-25,13065,370369,6279,211156,6786,159213,0,0,7613,143423,5435,113295,7616,256718,California
San Bernardino,2021-02-26,13615,383984,6379,217535,7236,166449,0,0,7585,145042,5968,119263,7587,264305,California
San Bernardino,2021-02-27,6665,390649,3725,221260,2939,169388,1,1,4814,148015,1842,121105,4815,269120,California
San Bernardino,2021-02-28,1765,392414,732,221992,1033,170421,0,1,1138,148531,622,121727,1138,270258,California
San Bernardino,2021-03-01,8437,400851,4358,226350,4076,174497,3,4,3839,147805,4576,126303,3850,274108,California
San Bernardino,2021-03-02,13852,414703,5536,231886,8316,182813,0,4,6544,147074,7278,133581,6547,280655,California
San Bernardino,2021-03-03,12872,427575,6521,238407,6348,189161,3,7,6013,146258,6838,140419,6022,286677,California
San Bernardino,2021-03-04,13754,441329,6909,245316,6845,196006,0,7,5976,144481,7757,148176,5980,292657,California
San Bernardino,2021-03-05,14404,455733,7538,252854,6865,202871,1,8,7035,144198,7337,155513,7054,299711,California
San Bernardino,2021-03-06,9714,465447,5452,258306,4047,206918,215,223,4545,143804,5152,160665,4758,304469,California
San Bernardino,2021-03-07,1650,467097,1002,259308,591,207509,57,280,1047,144307,601,161266,1104,305573,California
San Bernardino,2021-03-08,8074,475171,3573,262881,4342,211851,159,439,3594,143591,4472,165738,3756,309329,California
San Bernardino,2021-03-09,13074,488245,7485,270366,5345,217196,244,683,5274,141324,7786,173524,5519,314848,California
San Bernardino,2021-03-10,14204,502449,7847,278213,5801,222997,556,1239,6355,140415,7823,181347,6914,321762,California
San Bernardino,2021-03-11,15596,518045,7219,285432,6790,229787,1587,2826,7389,141200,8186,189533,8971,330733,California
San Bernardino,2021-03-12,15493,533538,6878,292310,6567,236354,2048,4874,7345,142522,8118,197651,9440,340173,California
San Bernardino,2021-03-13,8375,541913,4580,296890,3283,239637,512,5386,4972,144617,3392,201043,5487,345660,California
San Bernardino,2021-03-14,3277,545190,1659,298549,1041,240678,577,5963,1831,145579,1440,202483,2402,348062,California
San Bernardino,2021-03-15,11375,556565,5368,303917,3973,244651,2034,7997,5570,147384,5791,208274,7596,355658,California
San Bernardino,2021-03-16,16198,572763,8032,311949,7221,251872,945,8942,9914,151981,6258,214532,10855,366513,California
San Bernardino,2021-03-17,17353,590116,8629,320578,7976,259848,748,9690,10526,156448,6808,221340,11275,377788,California
San Bernardino,2021-03-18,16623,606739,8228,328806,8008,267856,387,10077,9849,159934,6748,228088,10234,388022,California
San Bernardino,2021-03-19,16972,623711,8425,337231,7958,275814,589,10666,9752,163132,7195,235283,10393,398415,California
San Bernardino,2021-03-20,9443,633154,5961,343192,2893,278707,589,11255,5589,165477,3829,239112,6174,404589,California
San Bernardino,2021-03-21,2793,635947,2273,345465,470,279177,50,11305,2251,167248,530,239642,2301,406890,California
San Bernardino,2021-03-22,9619,645566,4525,349990,4657,283834,437,11742,6969,172025,2629,242271,7406,414296,California
San Bernardino,2021-03-23,15500,661066,8799,358789,6082,289916,619,12361,9597,176358,5882,248153,10215,424511,California
San Bernardino,2021-03-24,15164,676230,7836,366625,7023,296939,305,12666,10074,181683,5055,253208,10380,434891,California
San Bernardino,2021-03-25,17037,693267,8364,374989,8373,305312,300,12966,10800,186592,6187,259395,11096,445987,California
San Bernardino,2021-03-26,18206,711473,8683,383672,8753,314065,770,13736,10896,190978,7280,266675,11666,457653,California
San Bernardino,2021-03-27,10851,722324,7014,390686,3086,317151,751,14487,6195,193287,4636,271311,6945,464598,California
San Bernardino,2021-03-28,3620,725944,2550,393236,957,318108,113,14600,2510,194808,1101,272412,2622,467220,California
San Bernardino,2021-03-29,11776,737720,6121,399357,5256,323364,399,14999,7961,199370,3798,276210,8360,475580,California
San Bernardino,2021-03-30,16987,754707,9481,408838,6789,330153,717,15716,10531,204190,6419,282629,11239,486819,California
San Bernardino,2021-03-31,16585,771292,9324,418162,6623,336776,638,16354,10914,210099,5643,288272,11552,498371,California
San Bernardino,2021-04-01,19776,791068,10452,428614,7912,344688,1412,17766,12732,217232,7003,295275,14136,512507,California
San Bernardino,2021-04-02,18907,809975,9534,438148,8079,352767,1294,19060,11432,222552,7447,302722,12767,525274,California
San Bernardino,2021-04-03,11156,821131,6982,445130,3037,355804,1137,20197,6063,224672,5075,307797,7195,532469,California
San Bernardino,2021-04-04,2495,823626,1502,446632,744,356548,249,20446,1258,224948,1231,309028,1507,533976,California
San Bernardino,2021-04-05,11769,835395,5280,451912,4755,361303,1734,22180,6003,226933,5746,314774,7731,541707,California
San Bernardino,2021-04-06,19711,855106,11090,463002,6510,367813,2111,24291,10428,230225,9240,324014,12532,554239,California
San Bernardino,2021-04-07,20917,876023,11193,474195,7250,375063,2474,26765,11416,234635,9471,333485,13881,568120,California
San Bernardino,2021-04-08,21747,897770,11108,485303,8046,383109,2593,29358,11968,239438,9753,343238,14556,582676,California
San Bernardino,2021-04-09,21645,919415,11012,496315,8083,391192,2550,31908,11777,243925,9834,353072,14321,596997,California
San Bernardino,2021-04-10,15574,934989,8064,504379,3813,395005,3697,35605,7710,247475,7843,360915,11393,608390,California
San Bernardino,2021-04-11,4406,939395,2567,506946,885,395890,954,36559,2024,248072,2377,363292,2974,611364,California
San Bernardino,2021-04-12,13350,952745,6178,513124,5528,401418,1644,38203,6313,249007,7016,370308,7951,619315,California
San Bernardino,2021-04-13,19223,971968,10947,524071,8257,409675,19,38222,10997,251824,8200,378508,11017,630332,California
San Bernardino,2021-04-14,19194,991162,10260,534331,8931,418606,3,38225,10838,254342,8324,386832,10842,641174,California
San Bernardino,2021-04-15,20243,1011405,11316,545647,8921,427527,6,38231,10736,255614,9470,396302,10742,651916,California
San Bernardino,2021-04-16,18567,1029972,10535,556182,8031,435558,1,38232,9121,255333,9402,405704,9121,661037,California
San Bernardino,2021-04-17,11916,1041888,7844,564026,4072,439630,0,38232,6226,255901,5658,411362,6226,667263,California
San Bernardino,2021-04-18,2884,1044772,1979,566005,905,440535,0,38232,1264,255557,1608,412970,1264,668527,California
San Bernardino,2021-04-19,12530,1057302,6681,572686,5849,446384,0,38232,4862,252777,7646,420616,4866,673393,California
San Bernardino,2021-04-20,17594,1074896,9811,582497,7780,454164,3,38235,8034,251280,9535,430151,8038,681431,California
San Bernardino,2021-04-21,18047,1092943,10310,592807,7734,461898,3,38238,7907,249108,10082,440233,7910,689341,California
San Bernardino,2021-04-22,19129,1112072,10925,603732,8200,470098,4,38242,7785,245605,11292,451525,7789,697130,California
San Bernardino,2021-04-23,18412,1130484,10537,614269,7874,477972,1,38243,8023,243287,10344,461869,8026,705156,California
San Bernardino,2021-04-24,12807,1143291,9460,623729,3345,481317,2,38245,6888,244272,5905,467774,6890,712046,California
San Bernardino,2021-04-25,3392,1146683,2221,625950,1171,482488,0,38245,1676,244247,1702,469476,1677,713723,California
San Bernardino,2021-04-26,10477,1157160,5614,631564,4774,487262,89,38334,4432,242757,6010,475486,4520,718243,California
San Bernardino,2021-04-27,15862,1173022,9577,641141,6116,493378,169,38503,6473,240051,9347,484833,6641,724884,California
San Bernardino,2021-04-28,14646,1187668,8695,649836,5681,499059,270,38773,5250,236193,9369,494202,5511,730395,California
San Bernardino,2021-04-29,16097,1203765,9281,659117,6547,505606,269,39042,5335,231061,10733,504935,5601,735996,California
San Bernardino,2021-04-30,16458,1220223,10378,669495,5801,511407,279,39321,6027,226969,10395,515330,6303,742299,California
San Bernardino,2021-05-01,10706,1230929,8401,677896,1996,513403,309,39630,3681,223936,7020,522350,3987,746286,California
San Bernardino,2021-05-02,2924,1233853,2114,680010,678,514081,132,39762,1041,223232,1876,524226,1172,747458,California
San Bernardino,2021-05-03,10023,1243876,5764,685774,3855,517936,404,40166,2896,219419,7112,531338,3299,750757,California
San Bernardino,2021-05-04,15639,1259515,9507,695281,5680,523616,452,40618,4527,213328,11068,542406,4977,755734,California
San Bernardino,2021-05-05,15311,1274826,8801,704082,6097,529713,413,41031,4319,207115,10941,553347,4728,760462,California
San Bernardino,2021-05-06,15724,1290550,8955,713037,6357,536070,412,41443,4269,200383,11412,564759,4680,765142,California
San Bernardino,2021-05-07,15411,1305961,8661,721698,6376,542446,374,41817,4605,194612,10746,575505,4975,770117,California
San Bernardino,2021-05-08,9180,1315141,6108,727806,2828,545274,244,42061,3130,191970,6015,581520,3373,773490,California
San Bernardino,2021-05-09,1808,1316949,1111,728917,607,545881,90,42151,728,191718,1070,582590,818,774308,California
San Bernardino,2021-05-10,7405,1324354,3413,732330,3679,549560,313,42464,2268,189205,5091,587681,2578,776886,California
San Bernardino,2021-05-11,11863,1336217,6542,738872,5000,554560,321,42785,3721,185143,8105,595786,4043,780929,California
San Bernardino,2021-05-12,11985,1348202,6389,745261,5308,559868,288,43073,3423,180332,8518,604304,3707,784636,California
San Bernardino,2021-05-13,12438,1360640,7386,752647,4714,564582,338,43411,4768,177805,7628,611932,5101,789737,California
San Bernardino,2021-05-14,13564,1374204,9019,761666,4212,568794,333,43744,5649,175928,7858,619790,5981,795718,California
San Bernardino,2021-05-15,11204,1385408,8307,769973,2711,571505,186,43930,4489,173915,6683,626473,4670,800388,California
San Bernardino,2021-05-16,2762,1388170,2036,772009,665,572170,61,43991,1309,173848,1436,627909,1369,801757,California
San Bernardino,2021-05-17,9826,1397996,6696,778705,2865,575035,265,44256,4575,173471,5214,633123,4837,806594,California
San Bernardino,2021-05-18,13250,1411246,8763,787468,4236,579271,251,44507,6174,172852,7041,640164,6422,813016,California
San Bernardino,2021-05-19,11382,1422628,7174,794642,3846,583117,362,44869,5305,172477,6039,646203,5664,818680,California
San Bernardino,2021-05-20,9871,1432499,5841,800483,3743,586860,287,45156,4455,171834,5382,651585,4739,823419,California
San Bernardino,2021-05-21,10607,1443106,7097,807580,3165,590025,345,45501,4615,170843,5950,657535,4959,828378,California
San Bernardino,2021-05-22,7138,1450244,5495,813075,1459,591484,184,45685,3556,171033,3548,661083,3738,832116,California
San Bernardino,2021-05-23,1262,1451506,822,813897,377,591861,63,45748,645,171130,611,661694,708,832824,California
San Bernardino,2021-05-24,3892,1455398,2414,816311,1249,593110,229,45977,1548,170590,2316,664010,1776,834600,California
San Diego,2020-12-15,119,119,119,119,0,0,0,0,119,119,0,0,119,119,California
San Diego,2020-12-16,1103,1222,1103,1222,0,0,0,0,1103,1222,0,0,1103,1222,California
San Diego,2020-12-17,2350,3572,2350,3572,0,0,0,0,2350,3572,0,0,2350,3572,California
San Diego,2020-12-18,3670,7242,3669,7241,1,1,0,0,3670,7242,0,0,3670,7242,California
San Diego,2020-12-19,2313,9555,2313,9554,0,1,0,0,2313,9555,0,0,2313,9555,California
San Diego,2020-12-20,1184,10739,1183,10737,1,2,0,0,1184,10739,0,0,1184,10739,California
San Diego,2020-12-21,3522,14261,3521,14258,1,3,0,0,3522,14261,0,0,3522,14261,California
San Diego,2020-12-22,4060,18321,3417,17675,643,646,0,0,4060,18321,0,0,4060,18321,California
San Diego,2020-12-23,3180,21501,1977,19652,1203,1849,0,0,3180,21501,0,0,3180,21501,California
San Diego,2020-12-24,2736,24237,2219,21871,517,2366,0,0,2736,24237,0,0,2736,24237,California
San Diego,2020-12-25,876,25113,875,22746,1,2367,0,0,876,25113,0,0,876,25113,California
San Diego,2020-12-26,3293,28406,2143,24889,1150,3517,0,0,3293,28406,0,0,3293,28406,California
San Diego,2020-12-27,2509,30915,1619,26508,890,4407,0,0,2508,30913,1,1,2508,30914,California
San Diego,2020-12-28,5913,36828,4226,30734,1687,6094,0,0,5913,36826,0,1,5913,36827,California
San Diego,2020-12-29,5572,42400,2999,33733,2573,8667,0,0,5572,42398,0,1,5572,42399,California
San Diego,2020-12-30,5944,48344,3099,36832,2845,11512,0,0,5944,48342,0,1,5944,48343,California
San Diego,2020-12-31,3040,51384,1055,37887,1985,13497,0,0,3040,51382,0,1,3040,51383,California
San Diego,2021-01-01,1006,52390,452,38339,554,14051,0,0,1006,52388,0,1,1006,52389,California
San Diego,2021-01-02,3745,56135,1303,39642,2442,16493,0,0,3745,56133,0,1,3745,56134,California
San Diego,2021-01-03,859,56994,633,40275,226,16719,0,0,858,56991,0,1,858,56992,California
San Diego,2021-01-04,3703,60697,2050,42325,1653,18372,0,0,3696,60687,0,1,3696,60688,California
San Diego,2021-01-05,4375,65072,2185,44510,2190,20562,0,0,3758,63844,613,614,3770,64458,California
San Diego,2021-01-06,4948,70020,2291,46801,2657,23219,0,0,3714,66351,1211,1825,3718,68176,California
San Diego,2021-01-07,5665,75685,2983,49784,2682,25901,0,0,3506,67711,2152,3977,3512,71688,California
San Diego,2021-01-08,7867,83552,4940,54724,2927,28828,0,0,4082,68041,3768,7745,4098,75786,California
San Diego,2021-01-09,3500,87052,1940,56664,1560,30388,0,0,1950,68464,1538,9283,1961,77747,California
San Diego,2021-01-10,1881,88933,1293,57957,588,30976,0,0,777,68158,1092,10375,786,78533,California
San Diego,2021-01-11,10333,99266,5860,63817,4473,35449,0,0,6804,71458,3522,13897,6822,85355,California
San Diego,2021-01-12,11199,110465,5312,69129,5887,41336,0,0,7822,76026,3368,17265,7936,93291,California
San Diego,2021-01-13,11509,121974,5053,74182,6456,47792,0,0,8965,82483,2532,19797,8989,102280,California
San Diego,2021-01-14,12366,134340,4746,78928,7620,55412,0,0,10197,90555,2161,21958,10233,112513,California
San Diego,2021-01-15,15134,149474,5355,84283,9779,65191,0,0,12488,100470,2627,24585,12542,125055,California
San Diego,2021-01-16,10770,160244,3593,87876,7177,72368,0,0,9324,108384,1441,26026,9355,134410,California
San Diego,2021-01-17,8681,168925,2497,90373,6184,78552,0,0,7840,115403,841,26867,7860,142270,California
San Diego,2021-01-18,12879,181804,6317,96690,6562,85114,0,0,10029,122674,2818,29685,10089,152359,California
San Diego,2021-01-19,14597,196401,5669,102359,8928,94042,0,0,11487,131328,3099,32784,11753,164112,California
San Diego,2021-01-20,18329,214730,6388,108747,11941,105983,0,0,15007,143218,3301,36085,15191,179303,California
San Diego,2021-01-21,17300,232030,5785,114532,11515,117498,0,0,15909,157890,1382,37467,16054,195357,California
San Diego,2021-01-22,17583,249613,4662,119194,12921,130419,0,0,15551,171504,2018,39485,15632,210989,California
San Diego,2021-01-23,14492,264105,5280,124474,9212,139631,0,0,12135,181352,2346,41831,12194,223183,California
San Diego,2021-01-24,11906,276011,3345,127819,8561,148192,0,0,10934,191353,970,42801,10971,234154,California
San Diego,2021-01-25,12273,288284,5802,133621,6471,154663,0,0,9252,197747,3014,45815,9408,243562,California
San Diego,2021-01-26,15157,303441,7858,141479,7299,161962,0,0,11770,206319,3385,49200,11957,255519,California
San Diego,2021-01-27,20577,324018,7938,149417,12639,174601,0,0,17558,221012,3010,52210,17703,273222,California
San Diego,2021-01-28,21307,345325,7650,157067,13657,188258,0,0,19036,237871,2261,54471,19120,292342,California
San Diego,2021-01-29,19725,365050,6479,163546,13246,201504,0,0,17283,252770,2432,56903,17331,309673,California
San Diego,2021-01-30,15906,380956,3668,167214,12238,213742,0,0,13224,263419,2672,59575,13321,322994,California
San Diego,2021-01-31,14812,395768,5764,172978,9048,222790,0,0,14450,277543,358,59933,14482,337476,California
San Diego,2021-02-01,21037,416805,7735,180713,13302,236092,0,0,17488,291572,3535,63468,17564,355040,California
San Diego,2021-02-02,22896,439701,8375,189088,14521,250613,0,0,19628,308110,3259,66727,19797,374837,California
San Diego,2021-02-03,27668,467369,11770,200858,15898,266511,0,0,23355,327361,4294,71021,23545,398382,California
San Diego,2021-02-04,24253,491622,9896,210754,14357,280868,0,0,19625,342656,4611,75632,19906,418288,California
San Diego,2021-02-05,24934,516556,8890,219644,16044,296912,0,0,18248,354691,6662,82294,18697,436985,California
San Diego,2021-02-06,20781,537337,8555,228199,12226,309138,0,0,17530,369195,3248,85542,17752,454737,California
San Diego,2021-02-07,12137,549474,5377,233576,6760,315898,0,0,10254,377835,1872,87414,10512,465249,California
San Diego,2021-02-08,20124,569598,8532,242108,11592,327490,0,0,12681,383767,7432,94846,13364,478613,California
San Diego,2021-02-09,20490,590088,8326,250434,12164,339654,0,0,13193,390755,7276,102122,14264,492877,California
San Diego,2021-02-10,22973,613061,9338,259772,13635,353289,0,0,13849,396915,9067,111189,15227,508104,California
San Diego,2021-02-11,23847,636908,10186,269958,13661,366950,0,0,12769,400323,11049,122238,14457,522561,California
San Diego,2021-02-12,23843,660751,7449,277407,16394,383344,0,0,11888,402541,11937,134175,14155,536716,California
San Diego,2021-02-13,20032,680783,9025,286432,11007,394351,0,0,10902,405523,9124,143299,12106,548822,California
San Diego,2021-02-14,11187,691970,7433,293865,3754,398105,0,0,6320,408496,4863,148162,7836,556658,California
San Diego,2021-02-15,15272,707242,7761,301626,7511,405616,0,0,7831,411974,7419,155581,10897,567555,California
San Diego,2021-02-16,19294,726536,11267,312893,8027,413643,0,0,9224,414124,10058,165639,12208,579763,California
San Diego,2021-02-17,23413,749949,10999,323892,12414,426057,0,0,8122,410060,15276,180915,11212,590975,California
San Diego,2021-02-18,23576,773525,12011,335903,11565,437622,0,0,7780,406137,15785,196700,11862,602837,California
San Diego,2021-02-19,15903,789428,10909,346812,4994,442616,0,0,6635,405497,9250,205950,8610,611447,California
San Diego,2021-02-20,10265,799693,6367,353179,3898,446514,0,0,5809,408759,4454,210404,7716,619163,California
San Diego,2021-02-21,11568,811261,10154,363333,1414,447928,0,0,5187,409081,6375,216779,6697,625860,California
San Diego,2021-02-22,12448,823709,10590,373923,1858,449786,0,0,5756,409790,6688,223467,7397,633257,California
San Diego,2021-02-23,25870,849579,14495,388418,11375,461161,0,0,9631,409087,16231,239698,15528,648785,California
San Diego,2021-02-24,28960,878539,12766,401184,16194,477355,0,0,6861,401306,22079,261777,14298,663083,California
San Diego,2021-02-25,33207,911746,14732,415916,18475,495830,0,0,10133,396788,23054,284831,18536,681619,California
San Diego,2021-02-26,33476,945222,12403,428319,21073,516903,0,0,12119,394683,21327,306158,19222,700841,California
San Diego,2021-02-27,21248,966470,9688,438007,11560,528463,0,0,11445,400602,9798,315956,15717,716558,California
San Diego,2021-02-28,15286,981756,9989,447996,5297,533760,0,0,9526,407159,5759,321715,12316,728874,California
San Diego,2021-03-01,24256,1006012,14317,462313,9937,543697,2,2,14731,416305,9449,331164,18595,747469,California
San Diego,2021-03-02,26181,1032193,14095,476408,12086,555783,0,2,12767,422363,13404,344568,19462,766931,California
San Diego,2021-03-03,34024,1066217,15949,492357,18072,573855,3,5,14073,423425,19930,364498,20992,787923,California
San Diego,2021-03-04,28321,1094538,14111,506468,14210,588065,0,5,12626,427133,15673,380171,19381,807304,California
San Diego,2021-03-05,29014,1123552,14915,521383,14017,602082,82,87,13529,431992,15460,395631,20319,827623,California
San Diego,2021-03-06,23435,1146987,9596,530979,13138,615220,701,788,10354,434654,13067,408698,15729,843352,California
San Diego,2021-03-07,18247,1165234,9338,540317,8338,623558,571,1359,6931,434513,11307,420005,11166,854518,California
San Diego,2021-03-08,23107,1188341,11227,551544,10973,634531,907,2266,11449,440113,11638,431643,17238,871756,California
San Diego,2021-03-09,25914,1214255,11997,563541,12158,646689,1759,4025,10145,440187,15755,447398,15829,887585,California
San Diego,2021-03-10,25564,1239819,10816,574357,12351,659040,2397,6422,10135,441376,15412,462810,16601,904186,California
San Diego,2021-03-11,28669,1268488,11026,585383,14045,673085,3598,10020,9995,440275,18651,481461,17550,921736,California
San Diego,2021-03-12,27081,1295569,9462,594845,14479,687564,3140,13160,9951,439787,17117,498578,16629,938365,California
San Diego,2021-03-13,26235,1321804,7308,602153,17138,704702,1789,14949,10141,439801,16090,514668,16104,954469,California
San Diego,2021-03-14,13882,1335686,5501,607654,7643,712345,738,15687,4824,438636,9050,523718,7885,962354,California
San Diego,2021-03-15,22034,1357720,10175,617829,11079,723424,780,16467,9024,438542,12997,536715,12903,975257,California
San Diego,2021-03-16,30010,1387730,15795,633624,13803,737227,412,16879,15739,443498,14248,550963,19204,994461,California
San Diego,2021-03-17,26351,1414081,12241,645865,13390,750617,720,17599,16796,453525,9538,560501,19565,1014026,California
San Diego,2021-03-18,31534,1445615,17815,663680,12803,763420,916,18515,17037,458541,14465,574966,19481,1033507,California
San Diego,2021-03-19,30333,1475948,14403,678083,14905,778325,1025,19540,19398,469245,10913,585879,21617,1055124,California
San Diego,2021-03-20,27886,1503834,8457,686540,17635,795960,1794,21334,21426,487124,6448,592327,24327,1079451,California
San Diego,2021-03-21,16583,1520417,12106,698646,3760,799720,717,22051,7717,488022,8852,601179,9750,1089201,California
San Diego,2021-03-22,22535,1542952,13151,711797,9118,808838,266,22317,14329,497183,8193,609372,17354,1106555,California
San Diego,2021-03-23,25993,1568945,13645,725442,12084,820922,264,22581,17139,507771,8839,618211,19427,1125982,California
San Diego,2021-03-24,29564,1598509,19782,745224,9420,830342,362,22943,17099,514832,12455,630666,19516,1145498,California
San Diego,2021-03-25,30358,1628867,18312,763536,11387,841729,659,23602,17992,523250,12348,643014,20766,1166264,California
San Diego,2021-03-26,32136,1661003,17941,781477,13637,855366,558,24160,17504,529527,14606,657620,20883,1187147,California
San Diego,2021-03-27,25509,1686512,11047,792524,14069,869435,393,24553,15692,538053,9800,667420,18326,1205473,California
San Diego,2021-03-28,15079,1701591,9235,801759,5787,875222,57,24610,9265,543034,5808,673228,10789,1216262,California
San Diego,2021-03-29,26695,1728286,12919,814678,13178,888400,598,25208,16447,552275,10239,683467,19480,1235742,California
San Diego,2021-03-30,33227,1761513,17901,832579,14552,902952,774,25982,22019,565686,11196,694663,24607,1260349,California
San Diego,2021-03-31,30445,1791958,18796,851375,10972,913924,677,26659,20638,578301,9790,704453,22405,1282754,California
San Diego,2021-04-01,34328,1826286,20060,871435,12794,926718,1474,28133,23246,593273,11057,715510,26029,1308783,California
San Diego,2021-04-02,35773,1862059,20674,892109,12325,939043,2774,30907,24118,609948,11636,727146,28311,1337094,California
San Diego,2021-04-03,30847,1892906,14454,906563,11792,950835,4601,35508,19713,624331,11121,738267,25504,1362598,California
San Diego,2021-04-04,9058,1901964,5204,911767,2926,953761,928,36436,4821,626022,4232,742499,5923,1368521,California
San Diego,2021-04-05,29729,1931693,15405,927172,11705,965466,2619,39055,19382,640177,10330,752829,24485,1393006,California
San Diego,2021-04-06,38734,1970427,20397,947569,12448,977914,5889,44944,22337,654122,16381,769210,30326,1423332,California
San Diego,2021-04-07,35810,2006237,21980,969549,9287,987201,4543,49487,20320,664707,15466,784676,26051,1449383,California
San Diego,2021-04-08,35216,2041453,21370,990919,9709,996910,4137,53624,21313,678824,13884,798560,28001,1477384,California
San Diego,2021-04-09,38290,2079743,22825,1013744,10288,1007198,5177,58801,20805,690658,17417,815977,29251,1506635,California
San Diego,2021-04-10,29179,2108922,11783,1025527,13395,1020593,4001,62802,15102,698707,14067,830044,22116,1528751,California
San Diego,2021-04-11,16258,2125180,10078,1035605,3868,1024461,2312,65114,7271,702276,8983,839027,12552,1541303,California
San Diego,2021-04-12,30825,2156005,12862,1048467,13657,1038118,4306,69420,17183,713780,13627,852654,25131,1566434,California
San Diego,2021-04-13,37209,2193214,17788,1066255,19385,1057503,36,69456,24782,729003,12406,865060,27629,1594063,California
San Diego,2021-04-14,33084,2226298,18928,1085183,14143,1071646,13,69469,17914,736100,15155,880215,22252,1616315,California
San Diego,2021-04-15,39530,2265828,20373,1105556,19153,1090799,4,69473,24107,747621,15404,895619,26925,1643240,California
San Diego,2021-04-16,33836,2299664,18587,1124143,15246,1106045,3,69476,19639,755485,14137,909756,22001,1665241,California
San Diego,2021-04-17,27886,2327550,13540,1137683,14346,1120391,0,69476,12382,755479,15409,925165,15403,1680644,California
San Diego,2021-04-18,14500,2342050,8915,1146598,5582,1125973,3,69479,6785,757495,7702,932867,9718,1690362,California
San Diego,2021-04-19,26554,2368604,13564,1160162,12989,1138962,1,69480,12484,757671,14052,946919,14228,1704590,California
San Diego,2021-04-20,39080,2407684,17778,1177940,21302,1160264,0,69480,20002,761552,19058,965977,22939,1727529,California
San Diego,2021-04-21,35038,2442722,20932,1198872,14106,1174370,0,69480,16991,763501,18013,983990,19962,1747491,California
San Diego,2021-04-22,44666,2487388,22943,1221815,21719,1196089,4,69484,22439,766751,22184,1006174,25434,1772925,California
San Diego,2021-04-23,42232,2529620,26022,1247837,16208,1212297,2,69486,15782,759238,26421,1032595,18908,1791833,California
San Diego,2021-04-24,34928,2564548,18865,1266702,16048,1228345,15,69501,15664,758807,19232,1051827,18801,1810634,California
San Diego,2021-04-25,12525,2577073,7706,1274408,4819,1233164,0,69501,5896,759419,6621,1058448,7233,1817867,California
San Diego,2021-04-26,30939,2608012,15521,1289929,15287,1248451,131,69632,10574,754021,20353,1078801,14955,1832822,California
San Diego,2021-04-27,42493,2650505,23515,1313444,18577,1267028,401,70033,18750,752377,23711,1102512,22067,1854889,California
San Diego,2021-04-28,38290,2688795,22629,1336073,15012,1282040,649,70682,17376,751726,20881,1123393,20230,1875119,California
San Diego,2021-04-29,38029,2726824,24268,1360341,13138,1295178,623,71305,15404,746845,22590,1145983,17709,1892828,California
San Diego,2021-04-30,37990,2764814,23145,1383486,13850,1309028,995,72300,14864,741403,23089,1169072,17647,1910475,California
San Diego,2021-05-01,24298,2789112,10732,1394218,12921,1321949,645,72945,9543,738965,14746,1183818,12308,1922783,California
San Diego,2021-05-02,10730,2799842,7540,1401758,2603,1324552,587,73532,3297,735744,7428,1191246,4207,1926990,California
San Diego,2021-05-03,25338,2825180,12481,1414239,11699,1336251,1158,74690,9364,731101,15949,1207195,11306,1938296,California
San Diego,2021-05-04,31831,2857011,17555,1431794,12974,1349225,1302,75992,11518,724722,20282,1227477,13903,1952199,California
San Diego,2021-05-05,27644,2884655,17023,1448817,9345,1358570,1276,77268,10594,720500,17028,1244505,12806,1965005,California
San Diego,2021-05-06,28330,2912985,18839,1467656,8591,1367161,900,78168,10838,717234,17461,1261966,14195,1979200,California
San Diego,2021-05-07,29527,2942512,19541,1487197,8941,1376102,1045,79213,11049,712071,18440,1280406,13277,1992477,California
San Diego,2021-05-08,22626,2965138,10736,1497933,11177,1387279,713,79926,7309,706153,15294,1295700,9376,2001853,California
San Diego,2021-05-09,7494,2972632,5678,1503611,1407,1388686,409,80335,2615,704717,4872,1300572,3436,2005289,California
San Diego,2021-05-10,21635,2994267,8457,1512068,12364,1401050,814,81149,5976,697109,15628,1316200,8020,2013309,California
San Diego,2021-05-11,27609,3021876,11221,1523289,15625,1416675,763,81912,9602,691070,17981,1334181,11942,2025251,California
San Diego,2021-05-12,21930,3043806,11677,1534966,9467,1426142,786,82698,8024,686994,13881,1348062,9805,2035056,California
San Diego,2021-05-13,29610,3073416,17693,1552659,11307,1437449,610,83308,12314,685123,17243,1365305,15372,2050428,California
San Diego,2021-05-14,30732,3104148,19694,1572353,10191,1447640,847,84155,14030,685378,16666,1381971,16921,2067349,California
San Diego,2021-05-15,26124,3130272,16498,1588851,8804,1456444,822,84977,10939,682910,15133,1397104,12665,2080014,California
San Diego,2021-05-16,12980,3143252,9707,1598558,2697,1459141,576,85553,6495,683869,6474,1403578,7433,2087447,California
San Diego,2021-05-17,21432,3164684,13026,1611584,7656,1466797,750,86303,9448,682956,11948,1415526,11035,2098482,California
San Diego,2021-05-18,34213,3198897,19372,1630956,13965,1480762,876,87179,13917,678895,20260,1435786,16199,2114681,California
San Diego,2021-05-19,28444,3227341,17923,1648879,9715,1490477,806,87985,12331,677017,16085,1451871,14207,2128888,California
San Diego,2021-05-20,30309,3257650,16169,1665048,13404,1503881,736,88721,10154,669010,20125,1471996,12118,2141006,California
San Diego,2021-05-21,22392,3280042,14239,1679287,7269,1511150,884,89605,9210,666904,13155,1485151,11049,2152055,California
San Diego,2021-05-22,17148,3297190,9556,1688843,6525,1517675,1067,90672,7328,666342,9804,1494955,9242,2161297,California
San Diego,2021-05-23,4568,3301758,3480,1692323,821,1518496,267,90939,2478,667179,2086,1497041,2923,2164220,California
San Diego,2021-05-24,7373,3309131,3805,1696128,2020,1520516,1548,92487,2353,666476,5014,1502055,4311,2168531,California
San Francisco,2020-12-15,7,7,7,7,0,0,0,0,7,7,0,0,7,7,California
San Francisco,2020-12-16,230,237,230,237,0,0,0,0,230,237,0,0,230,237,California
San Francisco,2020-12-17,394,631,394,631,0,0,0,0,394,631,0,0,394,631,California
San Francisco,2020-12-18,878,1509,877,1508,1,1,0,0,878,1509,0,0,878,1509,California
San Francisco,2020-12-19,603,2112,603,2111,0,1,0,0,603,2112,0,0,603,2112,California
San Francisco,2020-12-20,483,2595,483,2594,0,1,0,0,483,2595,0,0,483,2595,California
San Francisco,2020-12-21,1162,3757,1162,3756,0,1,0,0,1162,3757,0,0,1162,3757,California
San Francisco,2020-12-22,1404,5161,1370,5126,34,35,0,0,1404,5161,0,0,1404,5161,California
San Francisco,2020-12-23,1347,6508,1054,6180,293,328,0,0,1347,6508,0,0,1347,6508,California
San Francisco,2020-12-24,842,7350,504,6684,338,666,0,0,842,7350,0,0,842,7350,California
San Francisco,2020-12-25,34,7384,29,6713,5,671,0,0,34,7384,0,0,34,7384,California
San Francisco,2020-12-26,245,7629,151,6864,94,765,0,0,245,7629,0,0,245,7629,California
San Francisco,2020-12-27,274,7903,60,6924,214,979,0,0,274,7903,0,0,274,7903,California
San Francisco,2020-12-28,1270,9173,686,7610,584,1563,0,0,1270,9173,0,0,1270,9173,California
San Francisco,2020-12-29,1252,10425,627,8237,625,2188,0,0,1252,10425,0,0,1252,10425,California
San Francisco,2020-12-30,1489,11914,780,9017,709,2897,0,0,1489,11914,0,0,1489,11914,California
San Francisco,2020-12-31,964,12878,410,9427,554,3451,0,0,963,12877,0,0,963,12877,California
San Francisco,2021-01-01,92,12970,72,9499,20,3471,0,0,92,12969,0,0,92,12969,California
San Francisco,2021-01-02,336,13306,303,9802,33,3504,0,0,336,13305,0,0,336,13305,California
San Francisco,2021-01-03,298,13604,105,9907,193,3697,0,0,297,13601,1,1,297,13602,California
San Francisco,2021-01-04,1839,15443,1355,11262,484,4181,0,0,1836,15434,3,4,1836,15438,California
San Francisco,2021-01-05,2235,17678,1420,12682,815,4996,0,0,2200,17601,35,39,2202,17640,California
San Francisco,2021-01-06,1871,19549,1159,13841,712,5708,0,0,1607,18947,262,301,1608,19248,California
San Francisco,2021-01-07,2066,21615,1207,15048,859,6567,0,0,1606,20096,457,758,1606,20854,California
San Francisco,2021-01-08,2331,23946,1635,16683,696,7263,0,0,1493,20756,833,1591,1493,22347,California
San Francisco,2021-01-09,1389,25335,894,17577,495,7758,0,0,884,21137,505,2096,886,23233,California
San Francisco,2021-01-10,919,26254,541,18118,378,8136,0,0,460,21139,458,2554,460,23693,California
San Francisco,2021-01-11,2503,28757,1868,19986,635,8771,0,0,1402,21439,1102,3656,1402,25095,California
San Francisco,2021-01-12,3093,31850,2071,22057,1022,9793,0,0,1898,22144,1195,4851,1900,26995,California
San Francisco,2021-01-13,2830,34680,1616,23673,1214,11007,0,0,1998,23310,832,5683,1998,28993,California
San Francisco,2021-01-14,2445,37125,1103,24776,1342,12349,0,0,1884,24633,561,6244,1884,30877,California
San Francisco,2021-01-15,2748,39873,1148,25924,1600,13949,0,0,2357,26603,389,6633,2359,33236,California
San Francisco,2021-01-16,2257,42130,964,26888,1293,15242,0,0,2090,28527,167,6800,2091,35327,California
San Francisco,2021-01-17,1923,44053,532,27420,1391,16633,0,0,1707,30018,216,7016,1707,37034,California
San Francisco,2021-01-18,1380,45433,595,28015,785,17418,0,0,1115,30871,264,7280,1117,38151,California
San Francisco,2021-01-19,2580,48013,1476,29491,1104,18522,0,0,1831,31953,749,8029,1831,39982,California
San Francisco,2021-01-20,2759,50772,1128,30619,1631,20153,0,0,2006,33210,750,8779,2007,41989,California
San Francisco,2021-01-21,3322,54094,946,31565,2376,22529,0,0,2486,34862,834,9613,2486,44475,California
San Francisco,2021-01-22,3190,57284,644,32209,2546,25075,0,0,2748,37170,440,10053,2748,47223,California
San Francisco,2021-01-23,3093,60377,611,32820,2482,27557,0,0,2725,39529,367,10420,2726,49949,California
San Francisco,2021-01-24,2429,62806,363,33183,2066,29623,0,0,2198,41499,228,10648,2198,52147,California
San Francisco,2021-01-25,4636,67442,1833,35016,2803,32426,0,0,3048,42962,1586,12234,3049,55196,California
San Francisco,2021-01-26,4706,72148,2170,37186,2536,34962,0,0,3079,44419,1624,13858,3081,58277,California
San Francisco,2021-01-27,4359,76507,2001,39187,2358,37320,0,0,3074,46210,1283,15141,3074,61351,California
San Francisco,2021-01-28,3758,80265,1553,40740,2205,39525,0,0,2597,47651,1156,16297,2597,63948,California
San Francisco,2021-01-29,4721,84986,1680,42420,3041,42566,0,0,3449,49835,1265,17562,3449,67397,California
San Francisco,2021-01-30,3782,88768,1844,44264,1938,44504,0,0,3328,52714,453,18015,3332,70729,California
San Francisco,2021-01-31,2352,91120,825,45089,1527,46031,0,0,2201,54766,150,18165,2202,72931,California
San Francisco,2021-02-01,3971,95091,1697,46786,2274,48305,0,0,2900,56596,1071,19236,2901,75832,California
San Francisco,2021-02-02,4486,99577,1795,48581,2691,50996,0,0,2893,57902,1587,20823,2893,78725,California
San Francisco,2021-02-03,5070,104647,2377,50958,2693,53689,0,0,3755,60345,1313,22136,3756,82481,California
San Francisco,2021-02-04,5023,109670,2426,53384,2597,56286,0,0,3861,63046,1160,23296,3861,86342,California
San Francisco,2021-02-05,5957,115627,3213,56597,2744,59030,0,0,4614,66320,1341,24637,4615,90957,California
San Francisco,2021-02-06,5489,121116,3668,60265,1821,60851,0,0,4590,70015,897,25534,4592,95549,California
San Francisco,2021-02-07,4341,125457,3193,63458,1148,61999,0,0,3765,73210,573,26107,3768,99317,California
San Francisco,2021-02-08,6735,132192,4641,68099,2094,64093,0,0,5513,77519,1206,27313,5515,104832,California
San Francisco,2021-02-09,5939,138131,3995,72094,1944,66037,0,0,4387,80346,1561,28874,4388,109220,California
San Francisco,2021-02-10,6884,145015,4190,76284,2694,68731,0,0,5079,83628,1800,30674,5082,114302,California
San Francisco,2021-02-11,6721,151736,3986,80270,2735,71466,0,0,4900,86713,1816,32490,4901,119203,California
San Francisco,2021-02-12,5328,157064,2674,82944,2654,74120,0,0,3494,88371,1836,34326,3494,122697,California
San Francisco,2021-02-13,4382,161446,2563,85507,1819,75939,0,0,3048,90087,1334,35660,3050,125747,California
San Francisco,2021-02-14,3428,164874,2249,87756,1179,77118,0,0,2301,91264,1126,36786,2303,128050,California
San Francisco,2021-02-15,2774,167648,1506,89262,1268,78386,0,0,1680,91852,1092,37878,1680,129730,California
San Francisco,2021-02-16,5065,172713,2791,92053,2274,80660,0,0,2974,92748,2084,39962,2980,132710,California
San Francisco,2021-02-17,5341,178054,2614,94667,2727,83387,0,0,2957,93332,2374,42336,2958,135668,California
San Francisco,2021-02-18,5368,183422,2626,97293,2742,86129,0,0,2787,93542,2580,44916,2790,138458,California
San Francisco,2021-02-19,5642,189064,2647,99940,2995,89124,0,0,2930,93768,2706,47622,2932,141390,California
San Francisco,2021-02-20,4526,193590,2180,102120,2346,91470,0,0,1700,92652,2817,50439,1701,143091,California
San Francisco,2021-02-21,2887,196477,1517,103637,1370,92840,0,0,1280,92334,1599,52038,1281,144372,California
San Francisco,2021-02-22,5118,201595,3188,106825,1930,94770,0,0,2577,92380,2533,54571,2579,146951,California
San Francisco,2021-02-23,5536,207131,3157,109982,2379,97149,0,0,2837,92524,2693,57264,2837,149788,California
San Francisco,2021-02-24,9027,216158,5117,115099,3910,101059,0,0,4825,93158,4192,61456,4826,154614,California
San Francisco,2021-02-25,9794,225952,6881,121980,2913,103972,0,0,6332,96033,3459,64915,6334,160948,California
San Francisco,2021-02-26,11973,237925,7775,129755,4198,108170,0,0,7094,98248,4880,69795,7095,168043,California
San Francisco,2021-02-27,9246,247171,5995,135750,3250,111420,1,1,4642,98301,4591,74386,4644,172687,California
San Francisco,2021-02-28,7761,254932,5578,141328,2183,113603,0,1,3858,98258,3902,78288,3859,176546,California
San Francisco,2021-03-01,11018,265950,7489,148817,3525,117128,4,5,5322,97915,5671,83959,5328,181874,California
San Francisco,2021-03-02,9961,275911,6726,155543,3235,120363,0,5,5646,99256,4306,88265,5647,187521,California
San Francisco,2021-03-03,11259,287170,6546,162089,4712,125075,1,6,6142,100298,5104,93369,6146,193667,California
San Francisco,2021-03-04,8742,295912,5505,167594,3237,128312,0,6,4926,101416,3808,97177,4926,198593,California
San Francisco,2021-03-05,9208,305120,5652,173246,3552,131864,4,10,5771,103767,3425,100602,5776,204369,California
San Francisco,2021-03-06,7116,312236,4657,177903,2250,134114,209,219,4440,105723,2690,103292,4646,209015,California
San Francisco,2021-03-07,5389,317625,4217,182120,1114,135228,58,277,3105,106589,2297,105589,3163,212178,California
San Francisco,2021-03-08,7462,325087,5469,187589,1807,137035,186,463,5890,111061,1604,107193,6076,218254,California
San Francisco,2021-03-09,8325,333412,5535,193124,2415,139450,375,838,6097,115293,2235,109428,6467,224721,California
San Francisco,2021-03-10,11132,344544,6601,199725,4031,143481,500,1338,7037,118759,4073,113501,7539,232260,California
San Francisco,2021-03-11,10085,354629,6386,206111,2734,146215,965,2303,6624,122897,3444,116945,7582,239842,California
San Francisco,2021-03-12,10863,365492,6354,212465,3168,149383,1341,3644,6050,125493,4791,121736,7387,247229,California
San Francisco,2021-03-13,6701,372193,3941,216406,1699,151082,1061,4705,4169,128198,2523,124259,5228,252457,California
San Francisco,2021-03-14,7578,379771,4929,221335,2405,153487,244,4949,3985,128847,3578,127837,4227,256684,California
San Francisco,2021-03-15,12090,391861,9250,230585,1895,155382,945,5894,8386,134477,3691,131528,9321,266005,California
San Francisco,2021-03-16,12218,404079,8332,238917,3426,158808,460,6354,8835,140410,3361,134889,9294,275299,California
San Francisco,2021-03-17,13348,417427,8285,247202,4502,163310,561,6915,9620,146888,3699,138588,10177,285476,California
San Francisco,2021-03-18,10084,427511,6862,254064,2600,165910,622,7537,5748,148941,4312,142900,6365,291841,California
San Francisco,2021-03-19,12407,439918,9073,263137,2866,168776,468,8005,6575,150175,5804,148704,7038,298879,California
San Francisco,2021-03-20,8887,448805,6544,269681,1879,170655,464,8469,5173,152131,3683,152387,5639,304518,California
San Francisco,2021-03-21,6613,455418,6056,275737,420,171075,137,8606,3736,153144,2859,155246,3872,308390,California
San Francisco,2021-03-22,9855,465273,6935,282672,2074,173149,846,9452,5114,154381,4716,159962,5953,314343,California
San Francisco,2021-03-23,11269,476542,7476,290148,3143,176292,650,10102,6313,156414,4926,164888,6959,321302,California
San Francisco,2021-03-24,12388,488930,9494,299642,2358,178650,536,10638,6281,157160,6065,170953,6811,328113,California
San Francisco,2021-03-25,11923,500853,8741,308383,2619,181269,563,11201,5891,157647,5963,176916,6450,334563,California
San Francisco,2021-03-26,12016,512869,8338,316721,3444,184713,234,11435,5897,157689,6087,183003,6129,340692,California
San Francisco,2021-03-27,8780,521649,5892,322613,2539,187252,349,11784,3758,156794,5001,188004,4106,344798,California
San Francisco,2021-03-28,6686,528335,5342,327955,1302,188554,42,11826,3003,156178,3658,191662,3042,347840,California
San Francisco,2021-03-29,11504,539839,7993,335948,3324,191878,187,12013,4856,154599,6620,198282,5041,352881,California
San Francisco,2021-03-30,11660,551499,7322,343270,4046,195924,292,12305,5520,154296,6115,204397,5812,358693,California
San Francisco,2021-03-31,12278,563777,8180,351450,3798,199722,300,12605,4957,152260,7287,211684,5251,363944,California
San Francisco,2021-04-01,13979,577756,7431,358881,4848,204570,1700,14305,6029,152061,7915,219599,7716,371660,California
San Francisco,2021-04-02,14854,592610,6556,365437,6412,210982,1886,16191,6953,153016,7879,227478,8834,380494,California
San Francisco,2021-04-03,10562,603172,4888,370325,3850,214832,1824,18015,4834,153957,5712,233190,6653,387147,California
San Francisco,2021-04-04,9044,612216,4791,375116,2595,217427,1658,19673,3570,153722,5460,238650,5225,392372,California
San Francisco,2021-04-05,15991,628207,9788,384904,4324,221751,1879,21552,6284,152199,9678,248328,8155,400527,California
San Francisco,2021-04-06,16028,644235,9499,394403,4463,226214,2066,23618,6209,150675,9793,258121,8269,408796,California
San Francisco,2021-04-07,16825,661060,10013,404416,4582,230796,2230,25848,6979,150047,9823,267944,9195,417991,California
San Francisco,2021-04-08,14143,675203,6733,411149,3009,233805,4401,30249,4599,149513,9512,277456,8978,426969,California
San Francisco,2021-04-09,15728,690931,7605,418754,4785,238590,3338,33587,6519,150176,9177,286633,9840,436809,California
San Francisco,2021-04-10,13222,704153,5661,424415,5825,244415,1736,35323,7029,152762,6167,292800,8753,445562,California
San Francisco,2021-04-11,9980,714133,7474,431889,1332,245747,1174,36497,5143,154250,4824,297624,6312,451874,California
San Francisco,2021-04-12,10590,724723,6877,438766,2565,248312,1148,37645,4843,154511,5725,303349,5986,457860,California
San Francisco,2021-04-13,10732,735455,7283,446049,3436,251748,13,37658,5394,154605,5317,308666,5411,463271,California
San Francisco,2021-04-14,13267,748722,7989,454038,5277,257025,1,37659,6379,154133,6852,315518,6380,469651,California
San Francisco,2021-04-15,13705,762427,9505,463543,4199,261224,1,37660,8050,156563,5624,321142,8054,477705,California
San Francisco,2021-04-16,12907,775334,8688,472231,4175,265399,44,37704,7618,158970,5259,326401,7666,485371,California
San Francisco,2021-04-17,10052,785386,7299,479530,2752,268151,1,37705,7086,163112,2949,329350,7091,492462,California
San Francisco,2021-04-18,6604,791990,5043,484573,1559,269710,2,37707,4085,164699,2502,331852,4089,496551,California
San Francisco,2021-04-19,10861,802851,8163,492736,2694,272404,4,37711,6986,167841,3858,335710,7000,503551,California
San Francisco,2021-04-20,12323,815174,7207,499943,5114,277518,2,37713,8500,172546,3798,339508,8503,512054,California
San Francisco,2021-04-21,10547,825721,7535,507478,3007,280525,5,37718,6426,174886,4095,343603,6435,518489,California
San Francisco,2021-04-22,10423,836144,7717,515195,2705,283230,1,37719,6016,176527,4382,347985,6023,524512,California
San Francisco,2021-04-23,10317,846461,5919,521114,4398,287628,0,37719,6130,178506,4158,352143,6137,530649,California
San Francisco,2021-04-24,7942,854403,5466,526580,2476,290104,0,37719,4704,180001,3217,355360,4712,535361,California
San Francisco,2021-04-25,5025,859428,4325,530905,694,290798,6,37725,2937,180874,2073,357433,2946,538307,California
San Francisco,2021-04-26,7901,867329,5618,536523,2271,293069,12,37737,3896,180814,3980,361413,3920,542227,California
San Francisco,2021-04-27,8433,875762,5694,542217,2611,295680,128,37865,4197,180938,4211,365624,4335,546562,California
San Francisco,2021-04-28,9232,884994,6512,548729,2529,298209,191,38056,4748,181428,4454,370078,4944,551506,California
San Francisco,2021-04-29,9097,894091,5382,554111,3522,301731,193,38249,4368,181297,4704,374782,4573,556079,California
San Francisco,2021-04-30,10856,904947,5181,559292,5475,307206,200,38449,3974,178632,6844,381626,4179,560258,California
San Francisco,2021-05-01,6928,911875,3582,562874,3232,310438,114,38563,1704,175253,5199,386825,1820,562078,California
San Francisco,2021-05-02,5316,917191,3085,565959,2133,312571,98,38661,973,171991,4336,391161,1074,563152,California
San Francisco,2021-05-03,9656,926847,6579,572538,2916,315487,161,38822,2460,167453,7167,398328,2629,565781,California
San Francisco,2021-05-04,9331,936178,5976,578514,3106,318593,249,39071,2282,162970,7019,405347,2536,568317,California
San Francisco,2021-05-05,8746,944924,6114,584628,2323,320916,309,39380,2143,158866,6560,411907,2456,570773,California
San Francisco,2021-05-06,10704,955628,8562,593190,1673,322589,469,39849,1855,152377,8816,420723,2327,573100,California
San Francisco,2021-05-07,10077,965705,6447,599637,3362,325951,268,40117,1630,145854,8421,429144,1898,574998,California
San Francisco,2021-05-08,8349,974054,3539,603176,4680,330631,130,40247,983,139633,7335,436479,1114,576112,California
San Francisco,2021-05-09,6686,980740,5827,609003,777,331408,82,40329,1219,135485,5443,441922,1295,577407,California
San Francisco,2021-05-10,6964,987704,4929,613932,1786,333194,249,40578,1045,130886,5892,447814,1293,578700,California
San Francisco,2021-05-11,7121,994825,5103,619035,1815,335009,203,40781,1373,126748,5715,453529,1577,580277,California
San Francisco,2021-05-12,7410,1002235,5324,624359,1652,336661,434,41215,1501,122795,5880,459409,1927,582204,California
San Francisco,2021-05-13,10346,1012581,7540,631899,2593,339254,213,41428,3831,120357,6488,465897,4050,586254,California
San Francisco,2021-05-14,9251,1021832,6562,638461,2522,341776,167,41595,2995,117302,6227,472124,3172,589426,California
San Francisco,2021-05-15,7771,1029603,6240,644701,1475,343251,56,41651,2999,115613,4756,476880,3067,592493,California
San Francisco,2021-05-16,4943,1034546,4169,648870,716,343967,58,41709,1838,114423,3086,479966,1896,594389,California
San Francisco,2021-05-17,7216,1041762,5380,654250,1670,345637,166,41875,2547,112489,4650,484616,2716,597105,California
San Francisco,2021-05-18,8611,1050373,4943,659193,3497,349134,171,42046,2014,108121,6554,491170,2186,599291,California
San Francisco,2021-05-19,7423,1057796,5518,664711,1675,350809,230,42276,2468,105890,4928,496098,2697,601988,California
San Francisco,2021-05-20,5319,1063115,3617,668328,1508,352317,194,42470,1542,103878,3745,499843,1733,603721,California
San Francisco,2021-05-21,6610,1069725,3751,672079,2714,355031,145,42615,1733,100917,4836,504679,1875,605596,California
San Francisco,2021-05-22,4318,1074043,3364,675443,912,355943,42,42657,2096,100851,2205,506884,2139,607735,California
San Francisco,2021-05-23,1532,1075575,1249,676692,255,356198,28,42685,784,100927,738,507622,814,608549,California
San Francisco,2021-05-24,2920,1078495,2170,678862,654,356852,96,42781,843,99805,2061,509683,939,609488,California
San Joaquin,2020-12-15,12,12,12,12,0,0,0,0,12,12,0,0,12,12,California
San Joaquin,2020-12-16,307,319,307,319,0,0,0,0,307,319,0,0,307,319,California
San Joaquin,2020-12-17,312,631,312,631,0,0,0,0,312,631,0,0,312,631,California
San Joaquin,2020-12-18,523,1154,519,1150,4,4,0,0,523,1154,0,0,523,1154,California
San Joaquin,2020-12-19,188,1342,188,1338,0,4,0,0,188,1342,0,0,188,1342,California
San Joaquin,2020-12-20,113,1455,112,1450,1,5,0,0,113,1455,0,0,113,1455,California
San Joaquin,2020-12-21,492,1947,492,1942,0,5,0,0,492,1947,0,0,492,1947,California
San Joaquin,2020-12-22,968,2915,848,2790,120,125,0,0,967,2914,0,0,967,2914,California
San Joaquin,2020-12-23,978,3893,919,3709,59,184,0,0,976,3890,0,0,976,3890,California
San Joaquin,2020-12-24,215,4108,187,3896,28,212,0,0,214,4104,0,0,214,4104,California
San Joaquin,2020-12-25,14,4122,14,3910,0,212,0,0,14,4118,0,0,14,4118,California
San Joaquin,2020-12-26,102,4224,30,3940,72,284,0,0,102,4220,0,0,102,4220,California
San Joaquin,2020-12-27,42,4266,29,3969,13,297,0,0,42,4262,0,0,42,4262,California
San Joaquin,2020-12-28,622,4888,420,4389,202,499,0,0,622,4884,0,0,622,4884,California
San Joaquin,2020-12-29,792,5680,665,5054,127,626,0,0,792,5676,0,0,792,5676,California
San Joaquin,2020-12-30,1009,6689,717,5771,292,918,0,0,1007,6683,0,0,1007,6683,California
San Joaquin,2020-12-31,452,7141,202,5973,250,1168,0,0,452,7135,0,0,452,7135,California
San Joaquin,2021-01-01,23,7164,13,5986,10,1178,0,0,23,7158,0,0,23,7158,California
San Joaquin,2021-01-02,264,7428,242,6228,22,1200,0,0,264,7422,0,0,264,7422,California
San Joaquin,2021-01-03,38,7466,20,6248,18,1218,0,0,37,7458,1,1,37,7459,California
San Joaquin,2021-01-04,476,7942,337,6585,139,1357,0,0,474,7931,1,2,474,7933,California
San Joaquin,2021-01-05,979,8921,646,7231,333,1690,0,0,809,8607,170,172,846,8779,California
San Joaquin,2021-01-06,1220,10141,707,7938,513,2203,0,0,917,9229,298,470,920,9699,California
San Joaquin,2021-01-07,1079,11220,682,8620,397,2600,0,0,790,9734,286,756,791,10490,California
San Joaquin,2021-01-08,1197,12417,820,9440,377,2977,0,0,712,9966,484,1240,716,11206,California
San Joaquin,2021-01-09,377,12794,300,9740,77,3054,0,0,248,10085,129,1369,248,11454,California
San Joaquin,2021-01-10,224,13018,118,9858,106,3160,0,0,171,10204,52,1421,171,11625,California
San Joaquin,2021-01-11,1528,14546,1321,11179,207,3367,0,0,863,10470,664,2085,930,12555,California
San Joaquin,2021-01-12,1463,16009,1053,12232,410,3777,0,0,694,10469,765,2850,764,13319,California
San Joaquin,2021-01-13,1530,17539,896,13128,634,4411,0,0,957,10860,571,3421,962,14281,California
San Joaquin,2021-01-14,1745,19284,969,14097,776,5187,0,0,1405,11962,319,3740,1421,15702,California
San Joaquin,2021-01-15,1524,20808,539,14636,985,6172,0,0,1301,13070,208,3948,1316,17018,California
San Joaquin,2021-01-16,1128,21936,179,14815,949,7121,0,0,1099,14141,28,3976,1099,18117,California
San Joaquin,2021-01-17,1618,23554,135,14950,1483,8604,0,0,1578,15681,40,4016,1580,19697,California
San Joaquin,2021-01-18,738,24292,237,15187,501,9105,0,0,618,16183,116,4132,618,20315,California
San Joaquin,2021-01-19,1871,26163,898,16085,973,10078,0,0,1189,16702,677,4809,1196,21511,California
San Joaquin,2021-01-20,2085,28248,1284,17369,801,10879,0,0,1439,17506,641,5450,1445,22956,California
San Joaquin,2021-01-21,1973,30221,896,18265,1077,11956,0,0,1577,18702,389,5839,1585,24541,California
San Joaquin,2021-01-22,1952,32173,896,19161,1056,13012,0,0,1810,20377,137,5976,1812,26353,California
San Joaquin,2021-01-23,899,33072,398,19559,501,13513,0,0,615,20711,283,6259,617,26970,California
San Joaquin,2021-01-24,351,33423,135,19694,216,13729,0,0,328,21019,20,6279,328,27298,California
San Joaquin,2021-01-25,1995,35418,1141,20835,854,14583,0,0,1430,21890,562,6841,1433,28731,California
San Joaquin,2021-01-26,2148,37566,1116,21951,1032,15615,0,0,1538,22828,605,7446,1543,30274,California
San Joaquin,2021-01-27,1729,39295,768,22719,961,16576,0,0,1233,23576,492,7938,1240,31514,California
San Joaquin,2021-01-28,2034,41329,767,23486,1267,17843,0,0,1382,24316,648,8586,1388,32902,California
San Joaquin,2021-01-29,2151,43480,1047,24533,1104,18947,0,0,1804,25787,341,8927,1812,34714,California
San Joaquin,2021-01-30,2168,45648,351,24884,1817,20764,0,0,1991,27605,175,9102,1993,36707,California
San Joaquin,2021-01-31,1559,47207,181,25065,1378,22142,0,0,1495,29038,63,9165,1496,38203,California
San Joaquin,2021-02-01,2521,49728,1337,26402,1184,23326,0,0,1765,30050,756,9921,1768,39971,California
San Joaquin,2021-02-02,2576,52304,1154,27556,1422,24748,0,0,1966,31469,551,10472,1970,41941,California
San Joaquin,2021-02-03,3073,55377,1214,28770,1859,26607,0,0,2208,32825,858,11330,2214,44155,California
San Joaquin,2021-02-04,3532,58909,1809,30579,1723,28330,0,0,2642,34588,885,12215,2648,46803,California
San Joaquin,2021-02-05,3161,62070,1800,32379,1361,29691,0,0,2341,36126,813,13028,2351,49154,California
San Joaquin,2021-02-06,1087,63157,749,33128,338,30029,0,0,944,36930,141,13169,945,50099,California
San Joaquin,2021-02-07,615,63772,486,33614,129,30158,0,0,412,37145,198,13367,413,50512,California
San Joaquin,2021-02-08,1782,65554,1034,34648,748,30906,0,0,1442,38276,317,13684,1448,51960,California
San Joaquin,2021-02-09,2116,67670,1152,35800,964,31870,0,0,1580,39392,466,14150,1582,53542,California
San Joaquin,2021-02-10,2557,70227,1246,37046,1311,33181,0,0,1339,39535,1196,15346,1339,54881,California
San Joaquin,2021-02-11,2923,73150,1496,38542,1427,34608,0,0,1709,40067,1182,16528,1714,56595,California
San Joaquin,2021-02-12,2814,75964,1126,39668,1688,36296,0,0,1592,40462,1202,17730,1597,58192,California
San Joaquin,2021-02-13,2116,78080,396,40064,1720,38016,0,0,854,40074,1248,18978,860,59052,California
San Joaquin,2021-02-14,1902,79982,260,40324,1642,39658,0,0,690,39580,1185,20163,691,59743,California
San Joaquin,2021-02-15,1985,81967,835,41159,1150,40808,0,0,1193,40016,762,20925,1198,60941,California
San Joaquin,2021-02-16,3155,85122,1372,42531,1783,42591,0,0,1745,40376,1395,22320,1755,62696,California
San Joaquin,2021-02-17,3273,88395,1265,43796,2008,44599,0,0,1865,40850,1395,23715,1869,64565,California
San Joaquin,2021-02-18,3332,91727,1370,45166,1962,46561,0,0,1898,41352,1401,25116,1903,66468,California
San Joaquin,2021-02-19,4256,95983,2406,47572,1850,48411,0,0,2382,41915,1819,26935,2382,68850,California
San Joaquin,2021-02-20,1548,97531,657,48229,891,49302,0,0,1054,42476,493,27428,1054,69904,California
San Joaquin,2021-02-21,662,98193,503,48732,159,49461,0,0,414,42648,245,27673,417,70321,California
San Joaquin,2021-02-22,3535,101728,2494,51226,1041,50502,0,0,2529,44204,977,28650,2533,72854,California
San Joaquin,2021-02-23,4299,106027,2615,53841,1684,52186,0,0,2646,45231,1623,30273,2650,75504,California
San Joaquin,2021-02-24,5727,111754,3405,57246,2322,54508,0,0,4116,47763,1586,31859,4118,79622,California
San Joaquin,2021-02-25,6321,118075,3907,61153,2414,56922,0,0,4078,49641,2210,34069,4088,83710,California
San Joaquin,2021-02-26,5458,123533,2841,63994,2617,59539,0,0,3757,51734,1670,35739,3763,87473,California
San Joaquin,2021-02-27,5452,128985,1618,65612,3834,63373,0,0,2624,51593,2777,38516,2636,90109,California
San Joaquin,2021-02-28,3081,132066,1105,66717,1976,65349,0,0,2035,52608,1022,39538,2037,92146,California
San Joaquin,2021-03-01,4099,136165,1802,68519,2295,67644,2,2,2325,53184,1758,41296,2334,94480,California
San Joaquin,2021-03-02,4198,140363,1678,70197,2520,70164,0,2,2639,54340,1538,42834,2694,97174,California
San Joaquin,2021-03-03,5769,146132,3428,73625,2339,72503,2,4,4163,56922,1582,44416,4164,101338,California
San Joaquin,2021-03-04,5707,151839,2266,75891,3438,75941,3,7,3730,58694,1962,46378,3734,105072,California
San Joaquin,2021-03-05,4432,156271,1879,77770,2548,78489,5,12,3054,60395,1362,47740,3063,108135,California
San Joaquin,2021-03-06,3292,159563,2170,79940,992,79481,130,142,2710,62659,579,48319,2843,110978,California
San Joaquin,2021-03-07,1215,160778,563,80503,605,80086,47,189,932,63358,265,48584,964,111942,California
San Joaquin,2021-03-08,3142,163920,1261,81764,1756,81842,125,314,2131,64614,999,49583,2255,114197,California
San Joaquin,2021-03-09,4016,167936,1821,83585,2067,83909,128,442,2666,66077,1335,50918,2798,116995,California
San Joaquin,2021-03-10,4637,172573,2465,86050,2034,85943,138,580,3413,68419,1210,52128,3552,120547,California
San Joaquin,2021-03-11,4934,177507,2343,88393,1991,87934,600,1180,2933,69965,1991,54119,3537,124084,California
San Joaquin,2021-03-12,6274,183781,3132,91525,2807,90741,335,1515,4155,72368,2094,56213,4497,128581,California
San Joaquin,2021-03-13,3065,186846,1454,92979,1485,92226,126,1641,2288,74020,769,56982,2421,131002,California
San Joaquin,2021-03-14,2156,189002,669,93648,1184,93410,303,1944,1026,74230,1124,58106,1334,132336,California
San Joaquin,2021-03-15,6067,195069,3493,97141,2170,95580,404,2348,3174,74959,2862,60968,3591,135927,California
San Joaquin,2021-03-16,6842,201911,3895,101036,2690,98270,257,2605,4031,76462,2792,63760,4295,140222,California
San Joaquin,2021-03-17,7788,209699,4667,105703,3051,101321,70,2675,4330,77450,3421,67181,4409,144631,California
San Joaquin,2021-03-18,7632,217331,4487,110190,2639,103960,506,3181,3774,77921,3816,70997,4287,148918,California
San Joaquin,2021-03-19,7923,225254,4644,114834,2737,106697,542,3723,4801,80212,3099,74096,5390,154308,California
San Joaquin,2021-03-20,3677,228931,2125,116959,1308,108005,244,3967,1826,80458,1836,75932,2082,156390,California
San Joaquin,2021-03-21,2105,231036,1494,118453,404,108409,207,4174,1182,80978,913,76845,1433,157823,California
San Joaquin,2021-03-22,3962,234998,2029,120482,1517,109926,416,4590,2341,82133,1607,78452,2762,160585,California
San Joaquin,2021-03-23,5376,240374,2639,123121,2570,112496,167,4757,3710,84369,1648,80100,3884,164469,California
San Joaquin,2021-03-24,6828,247202,4237,127358,2504,115000,87,4844,3021,83710,3775,83875,3116,167585,California
San Joaquin,2021-03-25,5548,252750,3293,130651,2213,117213,42,4886,3292,84816,2235,86110,3341,170926,California
San Joaquin,2021-03-26,6159,258909,2554,133205,3455,120668,150,5036,3240,85331,2894,89004,3409,174335,California
San Joaquin,2021-03-27,4658,263567,2621,135826,1965,122633,72,5108,1807,84392,2828,91832,1889,176224,California
San Joaquin,2021-03-28,2719,266286,1804,137630,890,123523,25,5133,1291,84378,1409,93241,1395,177619,California
San Joaquin,2021-03-29,4032,270318,2177,139807,1832,125355,23,5156,2015,84430,2001,95242,2053,179672,California
San Joaquin,2021-03-30,6208,276526,3158,142965,2958,128313,92,5248,3424,85208,2758,98000,3536,183208,California
San Joaquin,2021-03-31,6582,283108,4147,147112,2374,130687,61,5309,3336,85399,3229,101229,3420,186628,California
San Joaquin,2021-04-01,6398,289506,2970,150082,3342,134029,86,5395,2826,84818,3549,104778,2968,189596,California
San Joaquin,2021-04-02,6322,295828,2876,152958,2955,136984,491,5886,2526,84096,3771,108549,3049,192645,California
San Joaquin,2021-04-03,4133,299961,2329,155287,1479,138463,325,6211,1993,84300,2123,110672,2327,194972,California
San Joaquin,2021-04-04,2278,302239,1363,156650,713,139176,202,6413,1547,85342,722,111394,1764,196736,California
San Joaquin,2021-04-05,4702,306941,2822,159472,1698,140874,182,6595,2633,86107,2060,113454,2825,199561,California
San Joaquin,2021-04-06,7025,313966,4517,163989,2245,143119,263,6858,3327,86039,3672,117126,3604,203165,California
San Joaquin,2021-04-07,8315,322281,4521,168510,2210,145329,1584,8442,3492,86323,4808,121934,5092,208257,California
San Joaquin,2021-04-08,8653,330934,4697,173207,1934,147263,2022,10464,3307,86332,5320,127254,5329,213586,California
San Joaquin,2021-04-09,8848,339782,4266,177473,3026,150289,1556,12020,3208,85498,5617,132871,4783,218369,California
San Joaquin,2021-04-10,5208,344990,1625,179098,1677,151966,1906,13926,1759,85720,3439,136310,3661,222030,California
San Joaquin,2021-04-11,4073,349063,1547,180645,1360,153326,1166,15092,1767,86352,2296,138606,2928,224958,California
San Joaquin,2021-04-12,5963,355026,2375,183020,2052,155378,1536,16628,2328,86605,3616,142222,3869,228827,California
San Joaquin,2021-04-13,7453,362479,4295,187315,3151,158529,7,16635,4569,88326,2863,145085,4584,233411,California
San Joaquin,2021-04-14,7438,369917,3715,191030,3723,162252,0,16635,4453,89821,2967,148052,4462,237873,California
San Joaquin,2021-04-15,7784,377701,4590,195620,3194,165446,0,16635,4349,90774,3402,151454,4355,242228,California
San Joaquin,2021-04-16,7625,385326,4071,199691,3551,168997,3,16638,4574,92336,3025,154479,4587,246815,California
San Joaquin,2021-04-17,5141,390467,2778,202469,2361,171358,2,16640,3649,94521,1482,155961,3667,250482,California
San Joaquin,2021-04-18,2458,392925,1360,203829,1098,172456,0,16640,1307,94700,1136,157097,1315,251797,California
San Joaquin,2021-04-19,5148,398073,2791,206620,2357,174813,0,16640,2758,95102,2366,159463,2768,254565,California
San Joaquin,2021-04-20,6217,404290,3272,209892,2945,177758,0,16640,2948,94818,3242,162705,2958,257523,California
San Joaquin,2021-04-21,5639,409929,3124,213016,2515,180273,0,16640,2919,95070,2674,165379,2926,260449,California
San Joaquin,2021-04-22,5277,415206,3122,216138,2154,182427,1,16641,3056,95948,2195,167574,3073,263522,California
San Joaquin,2021-04-23,5894,421100,2832,218970,3061,185488,1,16642,3748,97574,2128,169702,3754,267276,California
San Joaquin,2021-04-24,5229,426329,3604,222574,1624,187112,1,16643,3411,99197,1795,171497,3418,270694,California
San Joaquin,2021-04-25,3039,429368,2559,225133,480,187592,0,16643,2009,100202,1011,172508,2016,272710,California
San Joaquin,2021-04-26,3908,433276,2589,227722,1317,188909,2,16645,2053,100419,1842,174350,2059,274769,California
San Joaquin,2021-04-27,4486,437762,2602,230324,1835,190744,49,16694,1887,99784,2578,176928,1943,276712,California
San Joaquin,2021-04-28,5510,443272,3317,233641,2118,192862,75,16769,2717,99823,2761,179689,2800,279512,California
San Joaquin,2021-04-29,4813,448085,2813,236454,1944,194806,56,16825,2435,99961,2359,182048,2497,282009,California
San Joaquin,2021-04-30,4900,452985,2399,238853,2434,197240,67,16892,2521,100196,2361,184409,2596,284605,California
San Joaquin,2021-05-01,3303,456288,1900,240753,1344,198584,59,16951,2096,101163,1201,185610,2168,286773,California
San Joaquin,2021-05-02,2281,458569,1588,242341,638,199222,55,17006,1162,101269,1114,186724,1220,287993,California
San Joaquin,2021-05-03,3278,461847,2211,244552,992,200214,75,17081,1367,100819,1899,188623,1449,289442,California
San Joaquin,2021-05-04,4819,466666,3279,247831,1386,201600,154,17235,1770,99724,3029,191652,1934,291376,California
San Joaquin,2021-05-05,4560,471226,3012,250843,1386,202986,162,17397,1804,98963,2734,194386,1973,293349,California
San Joaquin,2021-05-06,4610,475836,3077,253920,1405,204391,128,17525,2035,98576,2559,196945,2172,295521,California
San Joaquin,2021-05-07,5052,480888,2922,256842,1978,206369,152,17677,1871,97448,3160,200105,2032,297553,California
San Joaquin,2021-05-08,3254,484142,2093,258935,1060,207429,101,17778,1203,96724,2036,202141,1312,298865,California
San Joaquin,2021-05-09,1473,485615,835,259770,568,207997,70,17848,592,96513,878,203019,667,299532,California
San Joaquin,2021-05-10,2774,488389,1462,261232,1189,209186,123,17971,911,95703,1850,204869,1040,300572,California
San Joaquin,2021-05-11,4059,492448,2153,263385,1792,210978,114,18085,1300,94399,2745,207614,1441,302013,California
San Joaquin,2021-05-12,3954,496402,1834,265219,2007,212985,113,18198,1228,93040,2712,210326,1353,303366,California
San Joaquin,2021-05-13,4206,500608,2398,267617,1723,214708,85,18283,1570,92084,2623,212949,1667,305033,California
San Joaquin,2021-05-14,5535,506143,3280,270897,2148,216856,107,18390,2270,91227,3242,216191,2385,307418,California
San Joaquin,2021-05-15,5073,511216,3028,273925,1967,218823,78,18468,1608,89480,3436,219627,1689,309107,California
San Joaquin,2021-05-16,3488,514704,2725,276650,714,219537,49,18517,1429,88920,2046,221673,1486,310593,California
San Joaquin,2021-05-17,3748,518452,2144,278794,1507,221044,97,18614,1764,88822,1969,223642,1871,312464,California
San Joaquin,2021-05-18,3811,522263,2186,280980,1512,222556,113,18727,1804,88749,1991,225633,1918,314382,California
San Joaquin,2021-05-19,4486,526749,2564,283544,1799,224355,123,18850,2026,88476,2431,228064,2158,316540,California
San Joaquin,2021-05-20,3427,530176,2147,285691,1197,225552,83,18933,1582,88312,1829,229893,1665,318205,California
San Joaquin,2021-05-21,3960,534136,2299,287990,1557,227109,104,19037,1791,88070,2146,232039,1904,320109,California
San Joaquin,2021-05-22,3264,537400,2032,290022,1156,228265,76,19113,1535,87971,1718,233757,1619,321728,California
San Joaquin,2021-05-23,1933,539333,1673,291695,229,228494,31,19144,1271,88618,656,234413,1303,323031,California
San Joaquin,2021-05-24,1595,540928,935,292630,620,229114,40,19184,656,88380,937,235350,699,323730,California
San Luis Obispo,2020-12-16,4,4,4,4,0,0,0,0,4,4,0,0,4,4,California
San Luis Obispo,2020-12-17,196,200,196,200,0,0,0,0,196,200,0,0,196,200,California
San Luis Obispo,2020-12-18,224,424,224,424,0,0,0,0,224,424,0,0,224,424,California
San Luis Obispo,2020-12-19,162,586,162,586,0,0,0,0,162,586,0,0,162,586,California
San Luis Obispo,2020-12-20,215,801,215,801,0,0,0,0,215,801,0,0,215,801,California
San Luis Obispo,2020-12-21,550,1351,549,1350,1,1,0,0,550,1351,0,0,550,1351,California
San Luis Obispo,2020-12-22,311,1662,307,1657,4,5,0,0,311,1662,0,0,311,1662,California
San Luis Obispo,2020-12-23,680,2342,366,2023,314,319,0,0,680,2342,0,0,680,2342,California
San Luis Obispo,2020-12-24,194,2536,19,2042,175,494,0,0,194,2536,0,0,194,2536,California
San Luis Obispo,2020-12-25,2,2538,1,2043,1,495,0,0,2,2538,0,0,2,2538,California
San Luis Obispo,2020-12-26,89,2627,12,2055,77,572,0,0,89,2627,0,0,89,2627,California
San Luis Obispo,2020-12-27,76,2703,0,2055,76,648,0,0,76,2703,0,0,76,2703,California
San Luis Obispo,2020-12-28,879,3582,429,2484,450,1098,0,0,879,3582,0,0,879,3582,California
San Luis Obispo,2020-12-29,901,4483,502,2986,399,1497,0,0,901,4483,0,0,901,4483,California
San Luis Obispo,2020-12-30,1169,5652,678,3664,491,1988,0,0,1169,5652,0,0,1169,5652,California
San Luis Obispo,2020-12-31,107,5759,4,3668,103,2091,0,0,107,5759,0,0,107,5759,California
San Luis Obispo,2021-01-01,13,5772,8,3676,5,2096,0,0,13,5772,0,0,13,5772,California
San Luis Obispo,2021-01-02,34,5806,8,3684,26,2122,0,0,34,5806,0,0,34,5806,California
San Luis Obispo,2021-01-03,16,5822,6,3690,10,2132,0,0,16,5822,0,0,16,5822,California
San Luis Obispo,2021-01-04,681,6503,525,4215,156,2288,0,0,681,6503,0,0,681,6503,California
San Luis Obispo,2021-01-05,972,7475,754,4969,218,2506,0,0,970,7471,2,2,970,7473,California
San Luis Obispo,2021-01-06,727,8202,480,5449,247,2753,0,0,719,8183,7,9,719,8192,California
San Luis Obispo,2021-01-07,1127,9329,949,6398,178,2931,0,0,684,8424,443,452,684,8876,California
San Luis Obispo,2021-01-08,882,10211,804,7202,78,3009,0,0,513,8569,368,820,513,9389,California
San Luis Obispo,2021-01-09,205,10416,195,7397,10,3019,0,0,28,8420,177,997,28,9417,California
San Luis Obispo,2021-01-10,12,10428,8,7405,4,3023,0,0,8,8424,4,1001,8,9425,California
San Luis Obispo,2021-01-11,559,10987,508,7913,51,3074,0,0,298,8462,260,1261,298,9723,California
San Luis Obispo,2021-01-12,598,11585,381,8294,217,3291,0,0,318,8500,280,1541,318,10041,California
San Luis Obispo,2021-01-13,883,12468,256,8550,627,3918,0,0,647,8913,234,1775,647,10688,California
San Luis Obispo,2021-01-14,728,13196,242,8792,486,4404,0,0,602,9402,113,1888,602,11290,California
San Luis Obispo,2021-01-15,727,13923,286,9078,441,4845,0,0,554,9788,168,2056,554,11844,California
San Luis Obispo,2021-01-16,100,14023,81,9159,19,4864,0,0,95,9878,5,2061,95,11939,California
San Luis Obispo,2021-01-17,64,14087,58,9217,6,4870,0,0,64,9942,0,2061,64,12003,California
San Luis Obispo,2021-01-18,1370,15457,387,9604,983,5853,0,0,1108,10788,262,2323,1108,13111,California
San Luis Obispo,2021-01-19,1583,17040,417,10021,1166,7019,0,0,1175,11555,408,2731,1175,14286,California
San Luis Obispo,2021-01-20,1886,18926,597,10618,1289,8308,0,0,1297,12266,587,3318,1298,15584,California
San Luis Obispo,2021-01-21,1571,20497,466,11084,1105,9413,0,0,1200,13100,367,3685,1201,16785,California
San Luis Obispo,2021-01-22,1519,22016,505,11589,1014,10427,0,0,1204,13991,313,3998,1204,17989,California
San Luis Obispo,2021-01-23,311,22327,293,11882,18,10445,0,0,295,14270,16,4014,295,18284,California
San Luis Obispo,2021-01-24,244,22571,236,12118,8,10453,0,0,238,14502,6,4020,238,18522,California
San Luis Obispo,2021-01-25,2075,24646,600,12718,1475,11928,0,0,1246,14919,829,4849,1246,19768,California
San Luis Obispo,2021-01-26,2000,26646,699,13417,1301,13229,0,0,1139,15197,861,5710,1139,20907,California
San Luis Obispo,2021-01-27,1609,28255,283,13700,1326,14555,0,0,1151,15890,458,6168,1151,22058,California
San Luis Obispo,2021-01-28,1494,29749,344,14044,1150,15705,0,0,1232,16862,260,6428,1232,23290,California
San Luis Obispo,2021-01-29,1737,31486,681,14725,1056,16761,0,0,1452,18029,285,6713,1452,24742,California
San Luis Obispo,2021-01-30,38,31524,19,14744,19,16780,0,0,26,18044,11,6724,26,24768,California
San Luis Obispo,2021-01-31,27,31551,19,14763,8,16788,0,0,25,18067,2,6726,25,24793,California
San Luis Obispo,2021-02-01,1707,33258,739,15502,968,17756,0,0,1404,19169,302,7028,1404,26197,California
San Luis Obispo,2021-02-02,1896,35154,678,16180,1218,18974,0,0,1522,20317,374,7402,1522,27719,California
San Luis Obispo,2021-02-03,1708,36862,729,16909,979,19953,0,0,1294,21197,414,7816,1294,29013,California
San Luis Obispo,2021-02-04,1659,38521,802,17711,857,20810,0,0,1093,21724,566,8382,1093,30106,California
San Luis Obispo,2021-02-05,1602,40123,715,18426,887,21697,0,0,1058,22238,545,8927,1059,31165,California
San Luis Obispo,2021-02-06,175,40298,108,18534,67,21764,0,0,95,22253,80,9007,95,31260,California
San Luis Obispo,2021-02-07,125,40423,80,18614,45,21809,0,0,72,22273,53,9060,73,31333,California
San Luis Obispo,2021-02-08,857,41280,469,19083,388,22197,0,0,499,22415,357,9417,499,31832,California
San Luis Obispo,2021-02-09,1122,42402,448,19531,674,22871,0,0,541,22388,575,9992,548,32380,California
San Luis Obispo,2021-02-10,1438,43840,489,20020,949,23820,0,0,531,22016,906,10898,534,32914,California
San Luis Obispo,2021-02-11,1330,45170,843,20863,487,24307,0,0,656,22000,672,11570,656,33570,California
San Luis Obispo,2021-02-12,786,45956,362,21225,424,24731,0,0,421,22056,365,11935,421,33991,California
San Luis Obispo,2021-02-13,394,46350,127,21352,267,24998,0,0,286,22235,107,12042,286,34277,California
San Luis Obispo,2021-02-14,318,46668,41,21393,277,25275,0,0,282,22482,36,12078,283,34560,California
San Luis Obispo,2021-02-15,727,47395,137,21530,590,25865,0,0,473,22702,253,12331,473,35033,California
San Luis Obispo,2021-02-16,2965,50360,1198,22728,1767,27632,0,0,1359,22455,1606,13937,1359,36392,California
San Luis Obispo,2021-02-17,2778,53138,1238,23966,1540,29172,0,0,1029,21744,1740,15677,1029,37421,California
San Luis Obispo,2021-02-18,2826,55964,1459,25425,1367,30539,0,0,1133,21193,1685,17362,1134,38555,California
San Luis Obispo,2021-02-19,1459,57423,1338,26763,121,30660,0,0,1135,22005,323,17685,1135,39690,California
San Luis Obispo,2021-02-20,254,57677,81,26844,173,30833,0,0,216,22183,38,17723,216,39906,California
San Luis Obispo,2021-02-21,57,57734,53,26897,4,30837,0,0,32,22190,25,17748,32,39938,California
San Luis Obispo,2021-02-22,2412,60146,1865,28762,547,31384,0,0,1466,22711,946,18694,1467,41405,California
San Luis Obispo,2021-02-23,1861,62007,1746,30508,115,31499,0,0,1368,23588,492,19186,1369,42774,California
San Luis Obispo,2021-02-24,2645,64652,1301,31809,1344,32843,0,0,835,22616,1807,20993,835,43609,California
San Luis Obispo,2021-02-25,2132,66784,1243,33052,889,33732,0,0,1206,22903,920,21913,1207,44816,California
San Luis Obispo,2021-02-26,2648,69432,1150,34202,1498,35230,0,0,1326,22915,1314,23227,1326,46142,California
San Luis Obispo,2021-02-27,575,70007,349,34551,226,35456,0,0,525,23390,50,23277,525,46667,California
San Luis Obispo,2021-02-28,196,70203,69,34620,127,35583,0,0,161,23517,34,23311,161,46828,California
San Luis Obispo,2021-03-01,2975,73178,1850,36470,1123,36706,2,2,2047,24638,929,24240,2050,48878,California
San Luis Obispo,2021-03-02,3009,76187,1894,38364,1115,37821,0,2,1860,25354,1145,25385,1861,50739,California
San Luis Obispo,2021-03-03,2304,78491,338,38702,1966,39787,0,2,838,24733,1460,26845,839,51578,California
San Luis Obispo,2021-03-04,2194,80685,1160,39862,1034,40821,0,2,1179,24901,1013,27858,1181,52759,California
San Luis Obispo,2021-03-05,2300,82985,1021,40883,1209,42030,70,72,1296,25277,990,28848,1366,54125,California
San Luis Obispo,2021-03-06,837,83822,310,41193,420,42450,107,179,617,25775,220,29068,718,54843,California
San Luis Obispo,2021-03-07,201,84023,33,41226,84,42534,84,263,73,25805,127,29195,157,55000,California
San Luis Obispo,2021-03-08,2736,86759,760,41986,1660,44194,316,579,1543,26474,1190,30385,1859,56859,California
San Luis Obispo,2021-03-09,2948,89707,968,42954,1732,45926,248,827,1524,26826,1420,31805,1772,58631,California
San Luis Obispo,2021-03-10,3195,92902,1241,44195,1672,47598,282,1109,1814,27545,1377,33182,2096,60727,California
San Luis Obispo,2021-03-11,3295,96197,1271,45466,1701,49299,323,1432,1805,28192,1480,34662,2127,62854,California
San Luis Obispo,2021-03-12,3250,99447,1282,46748,1630,50929,338,1770,1616,28523,1626,36288,1957,64811,California
San Luis Obispo,2021-03-13,795,100242,262,47010,424,51353,109,1879,431,28700,363,36651,540,65351,California
San Luis Obispo,2021-03-14,514,100756,53,47063,350,51703,111,1990,134,28566,379,37030,245,65596,California
San Luis Obispo,2021-03-15,3058,103814,1098,48161,1862,53565,98,2088,1529,28669,1525,38555,1628,67224,California
San Luis Obispo,2021-03-16,2848,106662,1510,49671,1228,54793,110,2198,1434,28804,1408,39963,1543,68767,California
San Luis Obispo,2021-03-17,3425,110087,1449,51120,1715,56508,261,2459,1978,29606,1436,41399,2238,71005,California
San Luis Obispo,2021-03-18,2810,112897,1447,52567,1149,57657,214,2673,1337,29688,1468,42867,1550,72555,California
San Luis Obispo,2021-03-19,2588,115485,1566,54133,701,58358,321,2994,956,29343,1624,44491,1279,73834,California
San Luis Obispo,2021-03-20,839,116324,501,54634,301,58659,37,3031,385,29312,453,44944,422,74256,California
San Luis Obispo,2021-03-21,187,116511,45,54679,139,58798,3,3034,157,29443,29,44973,160,74416,California
San Luis Obispo,2021-03-22,2689,119200,1170,55849,1471,60269,48,3082,1869,30544,816,45789,1917,76333,California
San Luis Obispo,2021-03-23,3376,122576,2210,58059,1135,61404,31,3113,2266,31736,1105,46894,2297,78630,California
San Luis Obispo,2021-03-24,3517,126093,2138,60197,1294,62698,85,3198,2620,33548,892,47786,2704,81334,California
San Luis Obispo,2021-03-25,3678,129771,2296,62493,1370,64068,12,3210,2637,35159,1037,48823,2648,83982,California
San Luis Obispo,2021-03-26,3195,132966,1768,64261,995,65063,432,3642,1796,35993,1394,50217,2228,86210,California
San Luis Obispo,2021-03-27,993,133959,507,64768,394,65457,92,3734,452,35998,539,50756,544,86754,California
San Luis Obispo,2021-03-28,446,134405,153,64921,237,65694,56,3790,245,36099,200,50956,301,87055,California
San Luis Obispo,2021-03-29,2581,136986,1282,66203,1166,66860,133,3923,1645,36955,922,51878,1778,88833,California
San Luis Obispo,2021-03-30,3503,140489,1912,68115,1448,68308,143,4066,2332,38263,1165,53043,2473,91306,California
San Luis Obispo,2021-03-31,3877,144366,2467,70582,1264,69572,146,4212,2504,39549,1363,54406,2649,93955,California
San Luis Obispo,2021-04-01,3847,148213,2427,73009,1301,70873,119,4331,2693,41220,1141,55547,2812,96767,California
San Luis Obispo,2021-04-02,1748,149961,689,73698,746,71619,313,4644,948,41681,798,56345,1259,98026,California
San Luis Obispo,2021-04-03,1108,151069,556,74254,425,72044,127,4771,491,41686,613,56958,618,98644,California
San Luis Obispo,2021-04-04,383,151452,131,74385,212,72256,40,4811,236,41815,147,57105,276,98920,California
San Luis Obispo,2021-04-05,3616,155068,1949,76334,1556,73812,111,4922,2026,42367,1587,58692,2139,101059,California
San Luis Obispo,2021-04-06,4038,159106,2150,78484,1565,75377,323,5245,1933,42534,2096,60788,2263,103322,California
San Luis Obispo,2021-04-07,4286,163392,2339,80823,1582,76959,365,5610,2449,43522,1823,62611,2811,106133,California
San Luis Obispo,2021-04-08,4027,167419,2192,83015,1433,78392,402,6012,2148,44200,1872,64483,2550,108683,California
San Luis Obispo,2021-04-09,3654,171073,1739,84754,1160,79552,755,6767,1500,44305,2145,66628,2250,110933,California
San Luis Obispo,2021-04-10,1572,172645,557,85311,351,79903,664,7431,483,44361,1089,67717,1145,112078,California
San Luis Obispo,2021-04-11,312,172957,63,85374,186,80089,63,7494,125,44364,185,67902,188,112266,California
San Luis Obispo,2021-04-12,3374,176331,1696,87070,1515,81604,163,7657,1410,43972,1964,69866,1572,113838,California
San Luis Obispo,2021-04-13,3642,179973,2099,89169,1542,83146,1,7658,1967,44268,1673,71539,1969,115807,California
San Luis Obispo,2021-04-14,2863,182836,1692,90861,1168,84314,3,7661,1669,44755,1182,72721,1669,117476,California
San Luis Obispo,2021-04-15,3690,186526,2402,93263,1287,85601,1,7662,1974,45033,1698,74419,1976,119452,California
San Luis Obispo,2021-04-16,3627,190153,2209,95472,1414,87015,4,7666,1795,45002,1828,76247,1797,121249,California
San Luis Obispo,2021-04-17,1090,191243,431,95903,657,87672,2,7668,708,45331,381,76628,710,121959,California
San Luis Obispo,2021-04-18,321,191564,99,96002,221,87893,1,7669,111,45235,207,76835,111,122070,California
San Luis Obispo,2021-04-19,3154,194718,1306,97308,1810,89703,38,7707,1132,44389,2018,78853,1172,123242,California
San Luis Obispo,2021-04-20,3527,198245,1939,99247,1588,91291,0,7707,1327,43529,2188,81041,1328,124570,California
San Luis Obispo,2021-04-21,3911,202156,1801,101048,2110,93401,0,7707,1593,42823,2299,83340,1593,126163,California
San Luis Obispo,2021-04-22,4574,206730,2054,103102,2520,95921,0,7707,1444,41156,3113,86453,1446,127609,California
San Luis Obispo,2021-04-23,1458,208188,842,103944,612,96533,4,7711,698,41109,756,87209,709,128318,California
San Luis Obispo,2021-04-24,1078,209266,439,104383,620,97153,19,7730,500,41047,581,87790,519,128837,California
San Luis Obispo,2021-04-25,346,209612,161,104544,185,97338,0,7730,113,40928,232,88022,113,128950,California
San Luis Obispo,2021-04-26,963,210575,336,104880,610,97948,17,7747,356,40705,595,88617,372,129322,California
San Luis Obispo,2021-04-27,3699,214274,1916,106796,1714,99662,69,7816,1430,39941,2262,90879,1498,130820,California
San Luis Obispo,2021-04-28,3729,218003,2089,108885,1568,101230,72,7888,1283,38863,2433,93312,1355,132175,California
San Luis Obispo,2021-04-29,3660,221663,2112,110997,1479,102709,69,7957,1214,37715,2432,95744,1284,133459,California
San Luis Obispo,2021-04-30,2969,224632,1665,112662,1231,103940,73,8030,929,36689,2026,97770,1000,134459,California
San Luis Obispo,2021-05-01,471,225103,160,112822,275,104215,36,8066,100,36457,367,98137,135,134594,California
San Luis Obispo,2021-05-02,170,225273,52,112874,98,104313,20,8086,42,36391,128,98265,62,134656,California
San Luis Obispo,2021-05-03,887,226160,290,113164,494,104807,103,8189,225,36056,661,98926,326,134982,California
San Luis Obispo,2021-05-04,2923,229083,1897,115061,963,105770,63,8252,865,34931,2051,100977,926,135908,California
San Luis Obispo,2021-05-05,2802,231885,1850,116911,886,106656,66,8318,691,33589,2100,103077,758,136666,California
San Luis Obispo,2021-05-06,2786,234671,1885,118796,849,107505,52,8370,730,32330,2041,105118,782,137448,California
San Luis Obispo,2021-05-07,2308,236979,1751,120547,496,108001,61,8431,608,31320,1680,106798,670,138118,California
San Luis Obispo,2021-05-08,566,237545,333,120880,209,108210,24,8455,191,31178,357,107155,215,138333,California
San Luis Obispo,2021-05-09,164,237709,41,120921,104,108314,19,8474,46,31126,117,107272,65,138398,California
San Luis Obispo,2021-05-10,718,238427,151,121072,519,108833,48,8522,154,30768,559,107831,201,138599,California
San Luis Obispo,2021-05-11,1165,239592,596,121668,499,109332,70,8592,359,30395,802,108633,429,139028,California
San Luis Obispo,2021-05-12,2358,241950,1576,123244,700,110032,82,8674,680,29494,1663,110296,762,139790,California
San Luis Obispo,2021-05-13,1033,242983,650,123894,324,110356,59,8733,442,29407,587,110883,500,140290,California
San Luis Obispo,2021-05-14,2187,245170,1617,125511,529,110885,41,8774,928,29133,1243,112126,969,141259,California
San Luis Obispo,2021-05-15,988,246158,457,125968,497,111382,34,8808,469,29120,517,112643,504,141763,California
San Luis Obispo,2021-05-16,304,246462,163,126131,135,111517,6,8814,172,29167,131,112774,178,141941,California
San Luis Obispo,2021-05-17,1656,248118,963,127094,642,112159,51,8865,670,28912,977,113751,722,142663,California
San Luis Obispo,2021-05-18,1885,250003,1150,128244,703,112862,32,8897,730,28525,1150,114901,763,143426,California
San Luis Obispo,2021-05-19,1440,251443,621,128865,757,113619,62,8959,416,27983,1019,115920,477,143903,California
San Luis Obispo,2021-05-20,966,252409,442,129307,493,114112,31,8990,271,27600,685,116605,302,144205,California
San Luis Obispo,2021-05-21,849,253258,487,129794,329,114441,33,9023,403,27599,437,117042,436,144641,California
San Luis Obispo,2021-05-22,528,253786,281,130075,223,114664,24,9047,283,27666,239,117281,306,144947,California
San Luis Obispo,2021-05-23,72,253858,41,130116,27,114691,4,9051,32,27662,40,117321,36,144983,California
San Luis Obispo,2021-05-24,150,254008,13,130129,126,114817,11,9062,32,27587,118,117439,43,145026,California
San Mateo,2020-12-15,26,26,26,26,0,0,0,0,26,26,0,0,26,26,California
San Mateo,2020-12-16,110,136,110,136,0,0,0,0,110,136,0,0,110,136,California
San Mateo,2020-12-17,164,300,164,300,0,0,0,0,164,300,0,0,164,300,California
San Mateo,2020-12-18,740,1040,738,1038,2,2,0,0,740,1040,0,0,740,1040,California
San Mateo,2020-12-19,514,1554,514,1552,0,2,0,0,514,1554,0,0,514,1554,California
San Mateo,2020-12-20,510,2064,509,2061,1,3,0,0,510,2064,0,0,510,2064,California
San Mateo,2020-12-21,1154,3218,1154,3215,0,3,0,0,1154,3218,0,0,1154,3218,California
San Mateo,2020-12-22,1526,4744,1519,4734,7,10,0,0,1526,4744,0,0,1526,4744,California
San Mateo,2020-12-23,1582,6326,1392,6126,190,200,0,0,1582,6326,0,0,1582,6326,California
San Mateo,2020-12-24,867,7193,611,6737,256,456,0,0,867,7193,0,0,867,7193,California
San Mateo,2020-12-25,116,7309,112,6849,4,460,0,0,116,7309,0,0,116,7309,California
San Mateo,2020-12-26,562,7871,419,7268,143,603,0,0,562,7871,0,0,562,7871,California
San Mateo,2020-12-27,305,8176,175,7443,130,733,0,0,305,8176,0,0,305,8176,California
San Mateo,2020-12-28,1051,9227,705,8148,346,1079,0,0,1051,9227,0,0,1051,9227,California
San Mateo,2020-12-29,1129,10356,704,8852,425,1504,0,0,1129,10356,0,0,1129,10356,California
San Mateo,2020-12-30,1264,11620,759,9611,505,2009,0,0,1264,11620,0,0,1264,11620,California
San Mateo,2020-12-31,717,12337,230,9841,487,2496,0,0,716,12335,1,1,716,12336,California
San Mateo,2021-01-01,83,12420,55,9896,28,2524,0,0,83,12418,0,1,83,12419,California
San Mateo,2021-01-02,398,12818,268,10164,130,2654,0,0,398,12816,0,1,398,12817,California
San Mateo,2021-01-03,284,13102,209,10373,75,2729,0,0,281,13094,3,4,281,13098,California
San Mateo,2021-01-04,1051,14153,678,11051,373,3102,0,0,1051,14145,0,4,1051,14149,California
San Mateo,2021-01-05,1203,15356,707,11758,496,3598,0,0,1174,15291,29,33,1175,15324,California
San Mateo,2021-01-06,1452,16808,954,12712,498,4096,0,0,1268,16379,181,214,1269,16593,California
San Mateo,2021-01-07,1457,18265,810,13522,647,4743,0,0,1168,17266,282,496,1169,17762,California
San Mateo,2021-01-08,1843,20108,1193,14715,650,5393,0,0,1147,17725,689,1185,1148,18910,California
San Mateo,2021-01-09,1178,21286,776,15491,402,5795,0,0,720,17987,458,1643,720,19630,California
San Mateo,2021-01-10,706,21992,580,16071,126,5921,0,0,266,17813,440,2083,266,19896,California
San Mateo,2021-01-11,2597,24589,1489,17560,1108,7029,0,0,1527,18271,1071,3154,1529,21425,California
San Mateo,2021-01-12,3403,27992,1895,19455,1508,8537,0,0,2215,19304,1186,4340,2219,23644,California
San Mateo,2021-01-13,3390,31382,1656,21111,1734,10271,0,0,2356,20628,1034,5374,2358,26002,California
San Mateo,2021-01-14,3782,35164,1587,22698,2195,12466,0,0,3095,23041,687,6061,3100,29102,California
San Mateo,2021-01-15,4325,39489,1708,24406,2617,15083,0,0,3794,26308,529,6590,3796,32898,California
San Mateo,2021-01-16,3072,42561,763,25169,2309,17392,0,0,2751,28739,321,6911,2752,35650,California
San Mateo,2021-01-17,1314,43875,308,25477,1006,18398,0,0,1106,29637,208,7119,1106,36756,California
San Mateo,2021-01-18,1368,45243,534,26011,834,19232,0,0,995,30265,370,7489,998,37754,California
San Mateo,2021-01-19,2801,48044,1796,27807,1005,20237,0,0,2006,31479,792,8281,2006,39760,California
San Mateo,2021-01-20,2803,50847,1546,29353,1257,21494,0,0,1960,32600,840,9121,1961,41721,California
San Mateo,2021-01-21,2859,53706,1302,30655,1557,23051,0,0,2266,34278,591,9712,2269,43990,California
San Mateo,2021-01-22,2800,56506,1138,31793,1662,24713,0,0,2501,36483,297,10009,2502,46492,California
San Mateo,2021-01-23,2881,59387,1689,33482,1192,25905,0,0,2518,38639,363,10372,2519,49011,California
San Mateo,2021-01-24,1519,60906,375,33857,1144,27049,0,0,1208,39538,310,10682,1209,50220,California
San Mateo,2021-01-25,4434,65340,3155,37012,1279,28328,0,0,3533,42176,899,11581,3537,53757,California
San Mateo,2021-01-26,4293,69633,2979,39991,1314,29642,0,0,3381,44647,911,12492,3382,57139,California
San Mateo,2021-01-27,2784,72417,1466,41457,1318,30960,0,0,1792,45454,986,13478,1793,58932,California
San Mateo,2021-01-28,2800,75217,1355,42812,1445,32405,0,0,1947,46563,838,14316,1947,60879,California
San Mateo,2021-01-29,2986,78203,1345,44157,1641,34046,0,0,2148,47878,836,15152,2151,63030,California
San Mateo,2021-01-30,3410,81613,1482,45639,1928,35974,0,0,2951,50372,458,15610,2952,65982,California
San Mateo,2021-01-31,1679,83292,896,46535,783,36757,0,0,1517,51728,161,15771,1517,67499,California
San Mateo,2021-02-01,2936,86228,1353,47888,1583,38340,0,0,2219,53235,713,16484,2220,69719,California
San Mateo,2021-02-02,3171,89399,1730,49618,1441,39781,0,0,2157,54381,1011,17495,2157,71876,California
San Mateo,2021-02-03,4994,94393,2059,51677,2935,42716,0,0,3850,57091,1141,18636,3851,75727,California
San Mateo,2021-02-04,6195,100588,2493,54170,3702,46418,0,0,4918,60741,1272,19908,4922,80649,California
San Mateo,2021-02-05,6799,107387,2553,56723,4246,50664,0,0,4973,63905,1809,21717,4973,85622,California
San Mateo,2021-02-06,3279,110666,1914,58637,1365,52029,0,0,2624,65877,654,22371,2626,88248,California
San Mateo,2021-02-07,1905,112571,1352,59989,553,52582,0,0,1713,67398,192,22563,1713,89961,California
San Mateo,2021-02-08,5287,117858,2255,62244,3032,55614,0,0,3111,68398,2111,24674,3111,93072,California
San Mateo,2021-02-09,6188,124046,3226,65470,2962,58576,0,0,3340,68896,2842,27516,3340,96412,California
San Mateo,2021-02-10,6512,130558,3279,68749,3233,61809,0,0,3425,69244,3077,30593,3425,99837,California
San Mateo,2021-02-11,7047,137605,3573,72322,3474,65283,0,0,3788,69785,3250,33843,3791,103628,California
San Mateo,2021-02-12,6628,144233,2957,75279,3671,68954,0,0,4700,72561,1926,35769,4702,108330,California
San Mateo,2021-02-13,6118,150351,4019,79298,2099,71053,0,0,2640,71728,3473,39242,2640,110970,California
San Mateo,2021-02-14,4642,154993,3024,82322,1618,72671,0,0,1986,71066,2649,41891,1987,112957,California
San Mateo,2021-02-15,3166,158159,1456,83778,1710,74381,0,0,1790,71487,1370,43261,1791,114748,California
San Mateo,2021-02-16,7150,165309,1882,85660,5268,79649,0,0,5277,74895,1871,45132,5279,120027,California
San Mateo,2021-02-17,7077,172386,1951,87611,5126,84775,0,0,5061,77946,2012,47144,5063,125090,California
San Mateo,2021-02-18,6661,179047,4597,92208,2064,86839,0,0,4435,80162,2222,49366,4438,129528,California
San Mateo,2021-02-19,7776,186823,5583,97791,2193,89032,0,0,5777,83946,1993,51359,5777,135305,California
San Mateo,2021-02-20,3735,190558,2421,100212,1314,90346,0,0,2305,84828,1423,52782,2305,137610,California
San Mateo,2021-02-21,2609,193167,1769,101981,840,91186,0,0,1562,85350,1040,53822,1562,139172,California
San Mateo,2021-02-22,4430,197597,3213,105194,1217,92403,0,0,2799,86525,1625,55447,2800,141972,California
San Mateo,2021-02-23,4348,201945,3106,108300,1242,93645,0,0,2539,87263,1801,57248,2539,144511,California
San Mateo,2021-02-24,7309,209254,3286,111586,4023,97668,0,0,4881,89723,2422,59670,4882,149393,California
San Mateo,2021-02-25,9110,218364,4028,115614,5082,102750,0,0,6033,92697,3060,62730,6034,155427,California
San Mateo,2021-02-26,9770,228134,3721,119335,6049,108799,0,0,6847,96639,2909,65639,6851,162278,California
San Mateo,2021-02-27,6791,234925,3498,122833,3292,112091,1,1,3683,97226,3102,68741,3689,165967,California
San Mateo,2021-02-28,4134,239059,2519,125352,1615,113706,0,1,2557,98213,1571,70312,2558,168525,California
San Mateo,2021-03-01,5735,244794,3615,128967,2118,115824,2,3,2856,98205,2866,73178,2858,171383,California
San Mateo,2021-03-02,6262,251056,4452,133419,1809,117633,1,4,3634,99221,2620,75798,3636,175019,California
San Mateo,2021-03-03,8457,259513,3986,137405,4469,122102,2,6,3655,98088,4790,80588,3657,178676,California
San Mateo,2021-03-04,8495,268008,3998,141403,4494,126596,3,9,3841,97300,4634,85222,3846,182522,California
San Mateo,2021-03-05,9348,277356,6236,147639,3108,129704,4,13,6571,101121,2757,87979,6578,189100,California
San Mateo,2021-03-06,7963,285319,5551,153190,2237,131941,175,188,5846,105033,2108,90087,6020,195120,California
San Mateo,2021-03-07,3603,288922,2447,155637,1088,133029,68,256,2132,105766,1467,91554,2200,197320,California
San Mateo,2021-03-08,4543,293465,2578,158215,1748,134777,217,473,3318,108081,1218,92772,3533,200853,California
San Mateo,2021-03-09,5327,298792,2866,161081,2184,136961,277,750,3738,110513,1579,94351,4011,204864,California
San Mateo,2021-03-10,7194,305986,2910,163991,3999,140960,285,1035,4810,113236,2371,96722,5094,209958,California
San Mateo,2021-03-11,9143,315129,5753,169744,2997,143957,393,1428,3727,111969,5386,102108,4119,214077,California
San Mateo,2021-03-12,10587,325716,6677,176421,3524,147481,386,1814,3576,108939,6993,109101,3963,218040,California
San Mateo,2021-03-13,8209,333925,3506,179927,3073,150554,1630,3444,3977,110318,4220,113321,5599,223639,California
San Mateo,2021-03-14,5001,338926,3373,183300,1521,152075,107,3551,2667,110764,2327,115648,2773,226412,California
San Mateo,2021-03-15,7214,346140,4664,187964,2374,154449,176,3727,3803,111339,3405,119053,3980,230392,California
San Mateo,2021-03-16,11953,358093,4402,192366,7429,161878,122,3849,4830,109188,7106,126159,4955,235347,California
San Mateo,2021-03-17,10862,368955,4429,196795,6307,168185,126,3975,4905,108293,5930,132089,5035,240382,California
San Mateo,2021-03-18,7302,376257,4105,200900,3014,171199,183,4158,4334,109847,2962,135051,4516,244898,California
San Mateo,2021-03-19,7473,383730,4838,205738,1968,173167,667,4825,3650,110351,3813,138864,4317,249215,California
San Mateo,2021-03-20,8419,392149,6532,212270,1546,174713,341,5166,5429,113144,2976,141840,5769,254984,California
San Mateo,2021-03-21,4249,396398,3218,215488,797,175510,234,5400,2379,113895,1859,143699,2610,257594,California
San Mateo,2021-03-22,5281,401679,3600,219088,1264,176774,417,5817,2837,114719,2431,146130,3255,260849,California
San Mateo,2021-03-23,9836,411515,4502,223590,5138,181912,196,6013,4420,113948,5386,151516,4615,265464,California
San Mateo,2021-03-24,9519,421034,5514,229104,3862,185774,143,6156,4093,112827,5355,156871,4234,269698,California
San Mateo,2021-03-25,10133,431167,4973,234077,4880,190654,280,6436,4453,111986,5577,162448,4736,274434,California
San Mateo,2021-03-26,11272,442439,7775,241852,3331,193985,166,6602,4353,109627,6880,169328,4521,278955,California
San Mateo,2021-03-27,10577,453016,8101,249953,2370,196355,106,6708,4672,108516,5886,175214,4775,283730,California
San Mateo,2021-03-28,4304,457320,2792,252745,1400,197755,112,6820,2015,108364,2280,177494,2128,285858,California
San Mateo,2021-03-29,6067,463387,3787,256532,2028,199783,252,7072,2761,108090,3287,180781,3013,288871,California
San Mateo,2021-03-30,7156,470543,4090,260622,2913,202696,153,7225,3839,108782,3301,184082,3993,292864,California
San Mateo,2021-03-31,7305,477848,4625,265247,2538,205234,142,7367,3859,109355,3428,187510,4001,296865,California
San Mateo,2021-04-01,10600,488448,5237,270484,4155,209389,1208,8575,5686,111376,4869,192379,6890,303755,California
San Mateo,2021-04-02,10880,499328,5217,275701,4051,213440,1612,10187,5703,113534,5157,197536,7315,311070,California
San Mateo,2021-04-03,10000,509328,5749,281450,2472,215912,1779,11966,5115,115551,4877,202413,6894,317964,California
San Mateo,2021-04-04,5452,514780,2626,284076,1572,217484,1254,13220,1707,114781,3730,206143,2960,320924,California
San Mateo,2021-04-05,8979,523759,4788,288864,2457,219941,1734,14954,3827,115204,5136,211279,5559,326483,California
San Mateo,2021-04-06,13212,536971,8246,297110,3109,223050,1857,16811,7515,118897,5684,216963,9377,335860,California
San Mateo,2021-04-07,11412,548383,5271,302381,4452,227502,1689,18500,4843,118874,6548,223511,6525,342385,California
San Mateo,2021-04-08,10130,558513,5045,307426,2496,229998,2589,21089,4490,120317,5624,229135,7067,349452,California
San Mateo,2021-04-09,11267,569780,5482,312908,3309,233307,2476,23565,5039,121599,6226,235361,7508,356960,California
San Mateo,2021-04-10,11193,580973,5677,318585,4081,237388,1435,25000,4615,121092,6552,241913,6045,363005,California
San Mateo,2021-04-11,6620,587593,3288,321873,873,238261,2459,27459,2298,121530,4314,246227,4752,367757,California
San Mateo,2021-04-12,7310,594903,4466,326339,1883,240144,961,28420,3528,122258,3761,249988,4489,372246,California
San Mateo,2021-04-13,8157,603060,5087,331426,3061,243205,9,28429,4314,122748,3835,253823,4325,376571,California
San Mateo,2021-04-14,8307,611367,5368,336794,2938,246143,1,28430,4253,122972,4037,257860,4261,380832,California
San Mateo,2021-04-15,11097,622464,7375,344169,3720,249863,2,28432,7257,126417,3815,261675,7260,388092,California
San Mateo,2021-04-16,9972,632436,6867,351036,3089,252952,16,28448,6323,129130,3631,265306,6344,394436,California
San Mateo,2021-04-17,9757,642193,6474,357510,3281,256233,2,28450,6159,131708,3588,268894,6166,400602,California
San Mateo,2021-04-18,5426,647619,2591,360101,2835,259068,0,28450,3658,133614,1758,270652,3664,404266,California
San Mateo,2021-04-19,8380,655999,5449,365550,2931,261999,0,28450,5447,136149,2921,273573,5456,409722,California
San Mateo,2021-04-20,10305,666304,5738,371288,4566,266565,1,28451,6635,139145,3650,277223,6646,416368,California
San Mateo,2021-04-21,9003,675307,6079,377367,2924,269489,0,28451,5562,141286,3427,280650,5568,421936,California
San Mateo,2021-04-22,9584,684891,6406,383773,3177,272666,1,28452,5321,142380,4232,284882,5326,427262,California
San Mateo,2021-04-23,9446,694337,6208,389981,3238,275904,0,28452,5295,143564,4126,289008,5310,432572,California
San Mateo,2021-04-24,11262,705599,8031,398012,3231,279135,0,28452,5806,143942,5436,294444,5814,438386,California
San Mateo,2021-04-25,5530,711129,3864,401876,1664,280799,2,28454,3929,146294,1588,296032,3940,442326,California
San Mateo,2021-04-26,6320,717449,4621,406497,1691,282490,8,28462,3645,147293,2665,298697,3664,445990,California
San Mateo,2021-04-27,10995,728444,7823,414320,3067,285557,105,28567,4433,145302,6534,305231,4543,450533,California
San Mateo,2021-04-28,7668,736112,4427,418747,3037,288594,204,28771,4015,145880,3645,308876,4223,454756,California
San Mateo,2021-04-29,7922,744034,3713,422460,4035,292629,174,28945,3507,145185,4388,313264,3693,458449,California
San Mateo,2021-04-30,8074,752108,5066,427526,2855,295484,153,29098,3414,144127,4639,317903,3581,462030,California
San Mateo,2021-05-01,6149,758257,4122,431648,1909,297393,118,29216,2661,143444,3473,321376,2790,464820,California
San Mateo,2021-05-02,3177,761434,1741,433389,1365,298758,71,29287,1147,142644,2022,323398,1222,466042,California
San Mateo,2021-05-03,5982,767416,4463,437852,1375,300133,144,29431,1846,140506,4128,327526,1990,468032,California
San Mateo,2021-05-04,7229,774645,4894,442746,2164,302297,171,29602,2458,138390,4757,332283,2641,470673,California
San Mateo,2021-05-05,6777,781422,4406,447152,2210,304507,161,29763,2372,136547,4378,336661,2535,473208,California
San Mateo,2021-05-06,8516,789938,6643,453795,1699,306206,174,29937,1738,131703,6761,343422,1917,475125,California
San Mateo,2021-05-07,8185,798123,5852,459647,2048,308254,285,30222,1833,127506,6326,349748,2129,477254,California
San Mateo,2021-05-08,6644,804767,4022,463669,2383,310637,239,30461,1832,124782,4800,354548,2076,479330,California
San Mateo,2021-05-09,3112,807879,2426,466095,612,311249,74,30535,1058,123867,2047,356595,1132,480462,California
San Mateo,2021-05-10,4605,812484,3314,469409,1121,312370,170,30705,767,120983,3829,360424,945,481407,California
San Mateo,2021-05-11,6480,818964,4858,474267,1509,313879,113,30818,1661,117954,4804,365228,1775,483182,California
San Mateo,2021-05-12,6389,825353,4610,478877,1589,315468,190,31008,1532,114831,4848,370076,1725,484907,California
San Mateo,2021-05-13,8910,834263,6677,485554,2147,317615,86,31094,3282,112611,5597,375673,3377,488284,California
San Mateo,2021-05-14,8328,842591,6145,491699,2073,319688,110,31204,2700,109813,5615,381288,2817,491101,California
San Mateo,2021-05-15,10321,852912,8030,499729,2190,321878,101,31305,4491,108610,5817,387105,4614,495715,California
San Mateo,2021-05-16,7088,860000,5035,504764,1985,323863,68,31373,2138,105884,4933,392038,2207,497922,California
San Mateo,2021-05-17,7018,867018,4974,509738,1936,325799,108,31481,2200,103391,4804,396842,2311,500233,California
San Mateo,2021-05-18,8290,875308,5672,515410,2522,328321,96,31577,3027,101380,5138,401980,3127,503360,California
San Mateo,2021-05-19,7569,882877,5583,520993,1865,330186,121,31698,3441,100863,4080,406060,3563,506923,California
San Mateo,2021-05-20,4741,887618,3054,524047,1604,331790,83,31781,2025,100273,2697,408757,2107,509030,California
San Mateo,2021-05-21,5932,893550,4175,528222,1660,333450,97,31878,1611,97673,4306,413063,1706,510736,California
San Mateo,2021-05-22,5325,898875,3727,531949,1560,335010,38,31916,2169,96740,3141,416204,2208,512944,California
San Mateo,2021-05-23,2373,901248,1389,533338,932,335942,52,31968,954,96332,1414,417618,1006,513950,California
San Mateo,2021-05-24,2024,903272,1411,534749,533,336475,80,32048,572,95541,1443,419061,652,514602,California
Santa Barbara,2020-12-15,2,2,2,2,0,0,0,0,2,2,0,0,2,2,California
Santa Barbara,2020-12-16,2,4,2,4,0,0,0,0,2,4,0,0,2,4,California
Santa Barbara,2020-12-17,56,60,56,60,0,0,0,0,56,60,0,0,56,60,California
Santa Barbara,2020-12-18,379,439,378,438,1,1,0,0,379,439,0,0,379,439,California
Santa Barbara,2020-12-19,325,764,325,763,0,1,0,0,325,764,0,0,325,764,California
Santa Barbara,2020-12-20,235,999,235,998,0,1,0,0,235,999,0,0,235,999,California
Santa Barbara,2020-12-21,653,1652,651,1649,2,3,0,0,653,1652,0,0,653,1652,California
Santa Barbara,2020-12-22,245,1897,243,1892,2,5,0,0,245,1897,0,0,245,1897,California
Santa Barbara,2020-12-23,322,2219,204,2096,118,123,0,0,322,2219,0,0,322,2219,California
Santa Barbara,2020-12-24,88,2307,40,2136,48,171,0,0,88,2307,0,0,88,2307,California
Santa Barbara,2020-12-26,326,2633,66,2202,260,431,0,0,326,2633,0,0,326,2633,California
Santa Barbara,2020-12-27,62,2695,1,2203,61,492,0,0,62,2695,0,0,62,2695,California
Santa Barbara,2020-12-28,356,3051,223,2426,133,625,0,0,356,3051,0,0,356,3051,California
Santa Barbara,2020-12-29,553,3604,358,2784,195,820,0,0,553,3604,0,0,553,3604,California
Santa Barbara,2020-12-30,578,4182,395,3179,183,1003,0,0,578,4182,0,0,578,4182,California
Santa Barbara,2020-12-31,240,4422,114,3293,126,1129,0,0,240,4422,0,0,240,4422,California
Santa Barbara,2021-01-01,115,4537,110,3403,5,1134,0,0,115,4537,0,0,115,4537,California
Santa Barbara,2021-01-02,588,5125,223,3626,365,1499,0,0,588,5125,0,0,588,5125,California
Santa Barbara,2021-01-03,23,5148,15,3641,8,1507,0,0,23,5148,0,0,23,5148,California
Santa Barbara,2021-01-04,305,5453,242,3883,63,1570,0,0,304,5452,0,0,304,5452,California
Santa Barbara,2021-01-05,751,6204,378,4261,373,1943,0,0,724,6149,27,27,724,6176,California
Santa Barbara,2021-01-06,656,6860,276,4537,380,2323,0,0,595,6684,60,87,595,6771,California
Santa Barbara,2021-01-07,1033,7893,710,5247,323,2646,0,0,528,6711,501,588,528,7299,California
Santa Barbara,2021-01-08,1205,9098,845,6092,360,3006,0,0,711,6928,494,1082,711,8010,California
Santa Barbara,2021-01-09,566,9664,293,6385,273,3279,0,0,320,7002,246,1328,320,8330,California
Santa Barbara,2021-01-10,62,9726,50,6435,12,3291,0,0,46,7032,16,1344,46,8376,California
Santa Barbara,2021-01-11,839,10565,670,7105,169,3460,0,0,615,7424,223,1567,615,8991,California
Santa Barbara,2021-01-12,1433,11998,640,7745,793,4253,0,0,1277,8545,156,1723,1277,10268,California
Santa Barbara,2021-01-13,1219,13217,271,8016,948,5201,0,0,1092,9510,127,1850,1092,11360,California
Santa Barbara,2021-01-14,1252,14469,135,8151,1117,6318,0,0,1197,10654,54,1904,1198,12558,California
Santa Barbara,2021-01-15,1800,16269,419,8570,1381,7699,0,0,1719,12293,80,1984,1719,14277,California
Santa Barbara,2021-01-16,1270,17539,200,8770,1070,8769,0,0,1231,13486,38,2022,1231,15508,California
Santa Barbara,2021-01-17,123,17662,20,8790,103,8872,0,0,120,13603,3,2025,120,15628,California
Santa Barbara,2021-01-18,1152,18814,418,9208,734,9606,0,0,967,14385,185,2210,967,16595,California
Santa Barbara,2021-01-19,1639,20453,570,9778,1069,10675,0,0,1361,15469,277,2487,1361,17956,California
Santa Barbara,2021-01-20,2096,22549,545,10323,1551,12226,0,0,1741,16856,354,2841,1741,19697,California
Santa Barbara,2021-01-21,3180,25729,1910,12233,1270,13496,0,0,3021,19719,159,3000,3022,22719,California
Santa Barbara,2021-01-22,2926,28655,1772,14005,1154,14650,0,0,2762,22321,161,3161,2763,25482,California
Santa Barbara,2021-01-23,1733,30388,1105,15110,628,15278,0,0,1224,23037,508,3669,1224,26706,California
Santa Barbara,2021-01-24,843,31231,751,15861,92,15370,0,0,834,23862,9,3678,834,27540,California
Santa Barbara,2021-01-25,1242,32473,498,16359,744,16114,0,0,1005,24630,237,3915,1005,28545,California
Santa Barbara,2021-01-26,2045,34518,463,16822,1582,17696,0,0,1661,25909,382,4297,1661,30206,California
Santa Barbara,2021-01-27,1163,35681,400,17222,763,18459,0,0,901,26551,261,4558,903,31109,California
Santa Barbara,2021-01-28,892,36573,295,17517,597,19056,0,0,678,27018,211,4769,678,31787,California
Santa Barbara,2021-01-29,1333,37906,536,18053,797,19853,0,0,979,27648,351,5120,981,32768,California
Santa Barbara,2021-01-30,1892,39798,1420,19473,472,20325,0,0,1487,28733,402,5522,1487,34255,California
Santa Barbara,2021-01-31,1453,41251,1215,20688,238,20563,0,0,1414,30108,39,5561,1414,35669,California
Santa Barbara,2021-02-01,953,42204,529,21217,424,20987,0,0,556,30267,397,5958,556,36225,California
Santa Barbara,2021-02-02,1808,44012,679,21896,1129,22116,0,0,1044,30550,761,6719,1044,37269,California
Santa Barbara,2021-02-03,1940,45952,1077,22973,863,22979,0,0,1500,31620,430,7149,1500,38769,California
Santa Barbara,2021-02-04,2779,48731,1865,24838,914,23893,0,0,2482,33811,291,7440,2482,41251,California
Santa Barbara,2021-02-05,2900,51631,2056,26894,844,24737,0,0,2259,35431,639,8079,2259,43510,California
Santa Barbara,2021-02-06,1204,52835,339,27233,865,25602,0,0,794,35815,410,8489,794,44304,California
Santa Barbara,2021-02-07,301,53136,263,27496,38,25640,0,0,266,36047,34,8523,266,44570,California
Santa Barbara,2021-02-08,955,54091,311,27807,644,26284,0,0,665,36422,290,8813,665,45235,California
Santa Barbara,2021-02-09,2438,56529,313,28120,2125,28409,0,0,1120,36233,1309,10122,1120,46355,California
Santa Barbara,2021-02-10,2763,59292,1496,29616,1267,29676,0,0,781,35039,1975,12097,781,47136,California
Santa Barbara,2021-02-11,4186,63478,2808,32424,1378,31054,0,0,624,32110,3553,15650,624,47760,California
Santa Barbara,2021-02-12,3308,66786,948,33372,2360,33414,0,0,774,30356,2528,18178,774,48534,California
Santa Barbara,2021-02-13,1233,68019,340,33712,893,34307,0,0,561,30247,670,18848,561,49095,California
Santa Barbara,2021-02-14,332,68351,35,33747,297,34604,0,0,287,30489,45,18893,287,49382,California
Santa Barbara,2021-02-15,967,69318,337,34084,630,35234,0,0,494,30513,470,19363,494,49876,California
Santa Barbara,2021-02-16,2108,71426,395,34479,1713,36947,0,0,719,29847,1385,20748,719,50595,California
Santa Barbara,2021-02-17,1436,72862,321,34800,1115,38062,0,0,523,29461,909,21657,523,51118,California
Santa Barbara,2021-02-18,3256,76118,2648,37448,608,38670,0,0,1519,29279,1701,23358,1519,52637,California
Santa Barbara,2021-02-19,3596,79714,2641,40089,955,39625,0,0,2329,30344,1264,24622,2329,54966,California
Santa Barbara,2021-02-20,2225,81939,1439,41528,786,40411,0,0,1669,31467,546,25168,1669,56635,California
Santa Barbara,2021-02-21,135,82074,106,41634,29,40440,0,0,60,31454,73,25241,60,56695,California
Santa Barbara,2021-02-22,939,83013,247,41881,692,41132,0,0,271,31060,665,25906,271,56966,California
Santa Barbara,2021-02-23,3189,86202,1046,42927,2143,43275,0,0,422,28719,2763,28669,422,57388,California
Santa Barbara,2021-02-24,3205,89407,1092,44019,2113,45388,0,0,722,26968,2473,31142,722,58110,California
Santa Barbara,2021-02-25,3454,92861,1921,45940,1533,46921,0,0,990,25502,2457,33599,991,59101,California
Santa Barbara,2021-02-26,3667,96528,2177,48117,1490,48411,0,0,1980,25803,1679,35278,1980,61081,California
Santa Barbara,2021-02-27,1527,98055,562,48679,965,49376,0,0,847,25976,676,35954,849,61930,California
Santa Barbara,2021-02-28,1084,99139,220,48899,864,50240,0,0,892,26682,187,36141,893,62823,California
Santa Barbara,2021-03-01,1642,100781,469,49368,1173,51413,0,0,1088,27232,539,36680,1089,63912,California
Santa Barbara,2021-03-02,2648,103429,423,49791,2225,53638,0,0,2147,28892,488,37168,2148,66060,California
Santa Barbara,2021-03-03,4629,108058,2100,51891,2527,56165,2,2,4034,32347,584,37752,4039,70099,California
Santa Barbara,2021-03-04,3421,111479,2283,54174,1138,57303,0,2,2865,34664,548,38300,2865,72964,California
Santa Barbara,2021-03-05,3818,115297,2164,56338,1595,58898,59,61,3094,37098,719,39019,3153,76117,California
Santa Barbara,2021-03-06,2431,117728,726,57064,1486,60384,219,280,1669,38227,758,39777,1887,78004,California
Santa Barbara,2021-03-07,564,118292,123,57187,310,60694,131,411,384,38564,179,39956,516,78520,California
Santa Barbara,2021-03-08,1577,119869,380,57567,856,61550,341,752,796,38926,775,40731,1137,79657,California
Santa Barbara,2021-03-09,2796,122665,344,57911,1678,63228,774,1526,738,38379,2055,42786,1508,81165,California
Santa Barbara,2021-03-10,2761,125426,553,58464,1162,64390,1046,2572,1041,38749,1715,44501,2085,83250,California
Santa Barbara,2021-03-11,5580,131006,3028,61492,1437,65827,1115,3687,2282,38855,3284,47785,3390,86640,California
Santa Barbara,2021-03-12,3676,134682,2096,63588,1150,66977,430,4117,2179,39972,1489,49274,2606,89246,California
Santa Barbara,2021-03-13,3485,138167,1931,65519,1346,68323,208,4325,2695,42088,788,50062,2904,92150,California
Santa Barbara,2021-03-14,791,138958,376,65895,358,68681,57,4382,469,42293,321,50383,526,92676,California
Santa Barbara,2021-03-15,2112,141070,697,66592,1124,69805,291,4673,1267,43011,838,51221,1556,94232,California
Santa Barbara,2021-03-16,3724,144794,1173,67765,2209,72014,342,5015,2735,45103,985,52206,3077,97309,California
Santa Barbara,2021-03-17,3307,148101,970,68735,1932,73946,405,5420,2316,46831,989,53195,2717,100026,California
Santa Barbara,2021-03-18,5229,153330,2799,71534,2228,76174,202,5622,4004,49828,1209,54404,4206,104232,California
Santa Barbara,2021-03-19,4446,157776,2769,74303,1344,77518,333,5955,3056,51830,1386,55790,3388,107620,California
Santa Barbara,2021-03-20,2179,159955,836,75139,1329,78847,14,5969,1334,52335,842,56632,1347,108967,California
Santa Barbara,2021-03-21,1165,161120,383,75522,752,79599,30,5999,838,52878,325,56957,868,109835,California
Santa Barbara,2021-03-22,2779,163899,1912,77434,823,80422,44,6043,2223,54597,548,57505,2267,112102,California
Santa Barbara,2021-03-23,4479,168378,2251,79685,2127,82549,101,6144,3706,57640,764,58269,3807,115909,California
Santa Barbara,2021-03-24,5418,173796,3157,82842,1513,84062,748,6892,2972,58934,2423,60692,3717,119626,California
Santa Barbara,2021-03-25,5559,179355,3275,86117,2095,86157,189,7081,2784,59148,2759,63451,2973,122599,California
Santa Barbara,2021-03-26,5092,184447,3227,89344,1567,87724,298,7379,2245,58860,2831,66282,2543,125142,California
Santa Barbara,2021-03-27,2952,187399,1225,90569,1684,89408,43,7422,1620,59193,1328,67610,1661,126803,California
Santa Barbara,2021-03-28,2779,190178,1657,92226,1094,90502,28,7450,1893,60234,881,68491,1922,128725,California
Santa Barbara,2021-03-29,4044,194222,2087,94313,1886,92388,71,7521,3228,62721,812,69303,3299,132024,California
Santa Barbara,2021-03-30,6801,201023,3513,97826,3137,95525,151,7672,4541,65165,2245,71548,4689,136713,California
Santa Barbara,2021-03-31,8672,209695,5523,103349,3082,98607,67,7739,5056,66692,3596,75144,5123,141836,California
Santa Barbara,2021-04-01,7034,216729,5204,108553,1570,100177,260,7999,4172,68278,2844,77988,4430,146266,California
Santa Barbara,2021-04-02,6631,223360,4546,113099,1490,101667,595,8594,3408,69066,3215,81203,4003,150269,California
Santa Barbara,2021-04-03,3808,227168,2114,115213,1626,103293,68,8662,2517,70363,1287,82490,2584,152853,California
Santa Barbara,2021-04-04,900,228068,444,115657,416,103709,40,8702,501,70507,397,82887,541,153394,California
Santa Barbara,2021-04-05,3461,231529,2287,117944,916,104625,258,8960,2166,71643,1288,84175,2424,155818,California
Santa Barbara,2021-04-06,5473,237002,2829,120773,2109,106734,535,9495,3351,73422,2106,86281,3885,159703,California
Santa Barbara,2021-04-07,5974,242976,3282,124055,2153,108887,539,10034,4067,76133,1897,88178,4608,164311,California
Santa Barbara,2021-04-08,7365,250341,5005,129060,642,109529,1718,11752,3387,77260,3975,92153,5102,169413,California
Santa Barbara,2021-04-09,7254,257595,4823,133883,1085,110614,1346,13098,3255,77867,3990,96143,4597,174010,California
Santa Barbara,2021-04-10,6629,264224,4587,138470,1426,112040,616,13714,4499,80857,2123,98266,5113,179123,California
Santa Barbara,2021-04-11,2639,266863,1931,140401,409,112449,299,14013,1819,82156,814,99080,2113,181236,California
Santa Barbara,2021-04-12,4425,271288,2847,143248,1024,113473,554,14567,1923,82136,2495,101575,2475,183711,California
Santa Barbara,2021-04-13,6307,277595,4149,147397,2152,115625,6,14573,2624,81086,3679,105254,2629,186340,California
Santa Barbara,2021-04-14,6721,284316,4395,151792,2324,117949,2,14575,4200,82777,2511,107765,4202,190542,California
Santa Barbara,2021-04-15,6937,291253,4077,155869,2859,120808,1,14576,3750,83352,3177,110942,3752,194294,California
Santa Barbara,2021-04-16,6371,297624,3742,159611,2618,123426,11,14587,4380,85766,1976,112918,4390,198684,California
Santa Barbara,2021-04-17,5302,302926,3855,163466,1447,124873,0,14587,4085,88646,1205,114123,4085,202769,California
Santa Barbara,2021-04-18,2130,305056,1477,164943,653,125526,0,14587,373,87267,1753,115876,374,203143,California
Santa Barbara,2021-04-19,3232,308288,2225,167168,1001,126527,6,14593,1029,86105,2198,118074,1036,204179,California
Santa Barbara,2021-04-20,5862,314150,3945,171113,1916,128443,1,14594,1650,83555,4200,122274,1650,205829,California
Santa Barbara,2021-04-21,5466,319616,3628,174741,1838,130281,0,14594,1731,81563,3723,125997,1731,207560,California
Santa Barbara,2021-04-22,5084,324700,2554,177295,2529,132810,1,14595,1450,79398,3618,129615,1453,209013,California
Santa Barbara,2021-04-23,5526,330226,3873,181168,1653,134463,0,14595,1943,77771,3570,133185,1943,210956,California
Santa Barbara,2021-04-24,4421,334647,2877,184045,1539,136002,5,14600,1639,76648,2767,135952,1644,212600,California
Santa Barbara,2021-04-25,1831,336478,1184,185229,647,136649,0,14600,499,75823,1324,137276,499,213099,California
Santa Barbara,2021-04-26,2929,339407,1805,187034,1103,137752,21,14621,463,73847,2460,139736,484,213583,California
Santa Barbara,2021-04-27,3678,343085,2027,189061,1564,139316,87,14708,1105,72474,2564,142300,1191,214774,California
Santa Barbara,2021-04-28,4902,347987,2861,191922,1924,141240,117,14825,1402,70509,3487,145787,1522,216296,California
Santa Barbara,2021-04-29,5245,353232,3797,195719,1221,142461,227,15052,1446,68397,3783,149570,1671,217967,California
Santa Barbara,2021-04-30,4944,358176,3695,199414,1085,143546,164,15216,1424,66478,3506,153076,1587,219554,California
Santa Barbara,2021-05-01,5233,363409,4055,203469,1145,144691,33,15249,900,63088,4325,157401,935,220489,California
Santa Barbara,2021-05-02,1130,364539,665,204134,337,145028,128,15377,308,62702,822,158223,436,220925,California
Santa Barbara,2021-05-03,2206,366745,1481,205615,586,145614,139,15516,443,61526,1757,159980,581,221506,California
Santa Barbara,2021-05-04,3278,370023,1661,207276,1546,147160,71,15587,1139,60609,2126,162106,1209,222715,California
Santa Barbara,2021-05-05,5418,375441,3669,210945,1603,148763,146,15733,628,56606,4778,166884,775,223490,California
Santa Barbara,2021-05-06,5041,380482,3904,214849,1033,149796,104,15837,960,53605,4065,170949,1064,224554,California
Santa Barbara,2021-05-07,4658,385140,3650,218499,830,150626,178,16015,1001,51135,3647,174596,1177,225731,California
Santa Barbara,2021-05-08,4210,389350,3151,221650,961,151587,98,16113,871,48778,3326,177922,969,226700,California
Santa Barbara,2021-05-09,700,390050,109,221759,551,152138,40,16153,467,49054,232,178154,508,227208,California
Santa Barbara,2021-05-10,1300,391350,621,222380,595,152733,84,16237,350,48539,948,179102,433,227641,California
Santa Barbara,2021-05-11,1788,393138,769,223149,728,153461,291,16528,382,47811,1399,180501,671,228312,California
Santa Barbara,2021-05-12,1512,394650,686,223835,624,154085,202,16730,417,47343,1087,181588,619,228931,California
Santa Barbara,2021-05-13,3536,398186,2709,226544,634,154719,193,16923,1151,46310,2376,183964,1343,230274,California
Santa Barbara,2021-05-14,4087,402273,2531,229075,1484,156203,72,16995,1612,45528,2464,186428,1682,231956,California
Santa Barbara,2021-05-15,3505,405778,2567,231642,919,157122,19,17014,1841,45735,1654,188082,1861,233817,California
Santa Barbara,2021-05-16,1060,406838,463,232105,482,157604,115,17129,468,45730,588,188670,583,234400,California
Santa Barbara,2021-05-17,1621,408459,932,233037,627,158231,62,17191,904,45985,710,189380,965,235365,California
Santa Barbara,2021-05-18,1795,410254,1147,234184,554,158785,94,17285,991,46283,788,190168,1086,236451,California
Santa Barbara,2021-05-19,1733,411987,971,235155,721,159506,41,17326,801,46200,924,191092,841,237292,California
Santa Barbara,2021-05-20,1186,413173,584,235739,485,159991,117,17443,597,46335,578,191670,713,238005,California
Santa Barbara,2021-05-21,2952,416125,1995,237734,904,160895,53,17496,1088,45627,1850,193520,1142,239147,California
Santa Barbara,2021-05-22,2087,418212,1526,239260,517,161412,44,17540,1268,46125,815,194335,1313,240460,California
Santa Barbara,2021-05-23,544,418756,208,239468,314,161726,22,17562,319,46241,225,194560,341,240801,California
Santa Barbara,2021-05-24,437,419193,263,239731,163,161889,11,17573,247,46312,187,194747,258,241059,California
Santa Clara,2020-12-15,65,65,65,65,0,0,0,0,65,65,0,0,65,65,California
Santa Clara,2020-12-16,141,206,141,206,0,0,0,0,141,206,0,0,141,206,California
Santa Clara,2020-12-17,399,605,399,605,0,0,0,0,399,605,0,0,399,605,California
Santa Clara,2020-12-18,1680,2285,1680,2285,0,0,0,0,1680,2285,0,0,1680,2285,California
Santa Clara,2020-12-19,2080,4365,2080,4365,0,0,0,0,2079,4364,0,0,2079,4364,California
Santa Clara,2020-12-20,1896,6261,1895,6260,1,1,0,0,1893,6257,0,0,1893,6257,California
Santa Clara,2020-12-21,2675,8936,2675,8935,0,1,0,0,2674,8931,0,0,2674,8931,California
Santa Clara,2020-12-22,3135,12071,3128,12063,7,8,0,0,3132,12063,0,0,3132,12063,California
Santa Clara,2020-12-23,3291,15362,3102,15165,189,197,0,0,3290,15353,0,0,3290,15353,California
Santa Clara,2020-12-24,1898,17260,1711,16876,187,384,0,0,1893,17245,1,1,1893,17246,California
Santa Clara,2020-12-25,342,17602,341,17217,1,385,0,0,342,17587,0,1,342,17588,California
Santa Clara,2020-12-26,1264,18866,1031,18248,233,618,0,0,1263,18850,0,1,1263,18851,California
Santa Clara,2020-12-27,649,19515,508,18756,141,759,0,0,649,19499,0,1,649,19500,California
Santa Clara,2020-12-28,2335,21850,1728,20484,607,1366,0,0,2335,21834,0,1,2335,21835,California
Santa Clara,2020-12-29,2347,24197,1487,21971,860,2226,0,0,2346,24180,0,1,2346,24181,California
Santa Clara,2020-12-30,2984,27181,1889,23860,1095,3321,0,0,2982,27160,2,3,2982,27163,California
Santa Clara,2020-12-31,1216,28397,392,24252,824,4145,0,0,1215,28374,1,4,1215,28378,California
Santa Clara,2021-01-01,145,28542,12,24264,133,4278,0,0,144,28517,1,5,144,28522,California
Santa Clara,2021-01-02,1085,29627,815,25079,270,4548,0,0,1085,29602,0,5,1085,29607,California
Santa Clara,2021-01-03,584,30211,367,25446,217,4765,0,0,579,30178,3,8,579,30186,California
Santa Clara,2021-01-04,2471,32682,1670,27116,801,5566,0,0,2468,32646,0,8,2468,32654,California
Santa Clara,2021-01-05,3067,35749,2009,29125,1058,6624,0,0,2880,35346,186,194,2886,35540,California
Santa Clara,2021-01-06,3332,39081,1965,31090,1367,7991,0,0,2756,37532,572,766,2758,38298,California
Santa Clara,2021-01-07,4219,43300,2560,33650,1659,9650,0,0,3149,39627,1060,1826,3155,41453,California
Santa Clara,2021-01-08,5848,49148,3820,37470,2028,11678,0,0,3791,41365,2053,3879,3791,45244,California
Santa Clara,2021-01-09,2977,52125,1868,39338,1109,12787,0,0,1688,41767,1289,5168,1691,46935,California
Santa Clara,2021-01-10,1957,54082,1513,40851,444,13231,0,0,747,41305,1209,6377,747,47682,California
Santa Clara,2021-01-11,5954,60036,3751,44602,2203,15434,0,0,3383,42123,2570,8947,3388,51070,California
Santa Clara,2021-01-12,6810,66846,3409,48011,3401,18835,0,0,4565,44445,2244,11191,4566,55636,California
Santa Clara,2021-01-13,7375,74221,3052,51063,4323,23158,0,0,5204,47481,2169,13360,5205,60841,California
Santa Clara,2021-01-14,8230,82451,2797,53860,5433,28591,0,0,6489,52236,1736,15096,6491,67332,California
Santa Clara,2021-01-15,9457,91908,2681,56541,6776,35367,0,0,8137,59062,1316,16412,8142,75474,California
Santa Clara,2021-01-16,4294,96202,1229,57770,3065,38432,0,0,3459,61690,831,17243,3459,78933,California
Santa Clara,2021-01-17,3212,99414,603,58373,2609,41041,0,0,2715,63908,497,17740,2715,81648,California
Santa Clara,2021-01-18,5095,104509,1157,59530,3938,44979,0,0,4541,67896,554,18294,4542,86190,California
Santa Clara,2021-01-19,8501,113010,2686,62216,5815,50794,0,0,6816,73033,1682,19976,6819,93009,California
Santa Clara,2021-01-20,8081,121091,4107,66323,3974,54768,0,0,6537,78031,1539,21515,6537,99546,California
Santa Clara,2021-01-21,8698,129789,3775,70098,4923,59691,0,0,7495,84327,1201,22716,7497,107043,California
Santa Clara,2021-01-22,8636,138425,3250,73348,5386,65077,0,0,8068,91831,567,23283,8071,115114,California
Santa Clara,2021-01-23,3781,142206,1686,75034,2095,67172,0,0,2822,93695,959,24242,2823,117937,California
Santa Clara,2021-01-24,2828,145034,1423,76457,1405,68577,0,0,2343,95556,482,24724,2343,120280,California
Santa Clara,2021-01-25,8397,153431,3799,80256,4598,73175,0,0,6325,99819,2064,26788,6327,126607,California
Santa Clara,2021-01-26,8251,161682,3777,84033,4474,77649,0,0,6134,103848,2107,28895,6136,132743,California
Santa Clara,2021-01-27,8717,170399,3830,87863,4887,82536,0,0,6797,108745,1901,30796,6798,139541,California
Santa Clara,2021-01-28,9493,179892,3815,91678,5678,88214,0,0,7533,114343,1939,32735,7537,147078,California
Santa Clara,2021-01-29,9518,189410,3947,95625,5571,93785,0,0,7345,119525,2164,34899,7346,154424,California
Santa Clara,2021-01-30,4155,193565,2071,97696,2084,95869,0,0,2948,121274,1200,36099,2949,157373,California
Santa Clara,2021-01-31,2174,195739,1304,99000,870,96739,0,0,1580,122264,590,36689,1580,158953,California
Santa Clara,2021-02-01,7855,203594,3511,102511,4344,101083,0,0,6148,126715,1699,38388,6150,165103,California
Santa Clara,2021-02-02,8546,212140,2878,105389,5668,106751,0,0,6549,131276,1991,40379,6552,171655,California
Santa Clara,2021-02-03,9208,221348,3489,108878,5719,112470,0,0,6923,135927,2278,42657,6929,178584,California
Santa Clara,2021-02-04,10946,232294,4141,113019,6805,119275,0,0,8658,142310,2278,44935,8661,187245,California
Santa Clara,2021-02-05,11940,244234,4351,117370,7589,126864,0,0,8482,147349,3444,48379,8483,195728,California
Santa Clara,2021-02-06,5203,249437,2823,120193,2380,129244,0,0,4035,150222,1164,49543,4037,199765,California
Santa Clara,2021-02-07,3479,252916,2347,122540,1132,130376,0,0,3025,152795,453,49996,3026,202791,California
Santa Clara,2021-02-08,10017,262933,3482,126022,6535,136911,0,0,7306,157404,2698,52694,7307,210098,California
Santa Clara,2021-02-09,11165,274098,3818,129840,7347,144258,0,0,7669,161592,3485,56179,7673,217771,California
Santa Clara,2021-02-10,12644,286742,4911,134751,7733,151991,0,0,6837,162634,5797,61976,6839,224610,California
Santa Clara,2021-02-11,13541,300283,4731,139482,8810,160801,0,0,7693,164495,5833,67809,7694,232304,California
Santa Clara,2021-02-12,14565,314848,4501,143983,10064,170865,0,0,6994,163940,7551,75360,6996,239300,California
Santa Clara,2021-02-13,6079,320927,1459,145442,4620,175485,0,0,2222,162314,3850,79210,2224,241524,California
Santa Clara,2021-02-14,4607,325534,1140,146582,3467,178952,0,0,1467,160645,3138,82348,1469,242993,California
Santa Clara,2021-02-15,6254,331788,2788,149370,3466,182418,0,0,2700,159798,3547,85895,2700,245693,California
Santa Clara,2021-02-16,13790,345578,4011,153381,9779,192197,0,0,6939,159903,6834,92729,6939,252632,California
Santa Clara,2021-02-17,14087,359665,5504,158885,8583,200780,0,0,7054,159947,7015,99744,7059,259691,California
Santa Clara,2021-02-18,14225,373890,8385,167270,5840,206620,0,0,7238,160241,6947,106691,7241,266932,California
Santa Clara,2021-02-19,14832,388722,9524,176794,5308,211928,0,0,8630,162689,6187,112878,8635,275567,California
Santa Clara,2021-02-20,6826,395548,5107,181901,1719,213647,0,0,3677,163227,3139,116017,3677,279244,California
Santa Clara,2021-02-21,3303,398851,2477,184378,826,214473,0,0,1215,162364,2080,118097,1217,280461,California
Santa Clara,2021-02-22,10175,409026,6092,190470,4083,218556,0,0,4727,161654,5438,123535,4728,285189,California
Santa Clara,2021-02-23,11920,420946,7737,198207,4183,222739,0,0,6767,163285,5140,128675,6771,291960,California
Santa Clara,2021-02-24,14167,435113,9124,207331,5043,227782,0,0,8764,166662,5387,134062,8764,300724,California
Santa Clara,2021-02-25,14642,449755,9269,216600,5373,233155,0,0,7900,167845,6721,140783,7904,308628,California
Santa Clara,2021-02-26,14587,464342,8449,225049,6138,239293,0,0,8015,169313,6550,147333,8018,316646,California
Santa Clara,2021-02-27,8056,472398,5518,230567,2537,241830,1,1,4476,170227,3570,150903,4484,321130,California
Santa Clara,2021-02-28,4732,477130,3078,233645,1654,243484,0,1,2210,169924,2513,153416,2210,323340,California
Santa Clara,2021-03-01,14100,491230,8005,241650,6092,249576,3,4,8734,173315,5346,158762,8737,332077,California
Santa Clara,2021-03-02,16040,507270,9526,251176,6513,256089,1,5,10258,177819,5756,164518,10260,342337,California
Santa Clara,2021-03-03,18457,525727,9068,260244,9387,265476,2,7,11463,182332,6956,171474,11469,353806,California
Santa Clara,2021-03-04,16469,542196,8970,269214,7496,272972,3,10,9579,185106,6810,178284,9584,363390,California
Santa Clara,2021-03-05,16585,558781,9222,278436,7238,280210,125,135,9205,187083,7358,185642,9335,372725,California
Santa Clara,2021-03-06,9418,568199,6308,284744,2673,282883,437,572,7084,192282,2321,187963,7520,380245,California
Santa Clara,2021-03-07,6798,574997,4470,289214,2096,284979,232,804,5421,196564,1369,189332,5651,385896,California
Santa Clara,2021-03-08,12893,587890,6731,295945,5599,290578,563,1367,8281,200814,4594,193926,8844,394740,California
Santa Clara,2021-03-09,15221,603111,6512,302457,7375,297953,1334,2701,6852,200645,8350,202276,8181,402921,California
Santa Clara,2021-03-10,15102,618213,6578,309035,6415,304368,2109,4810,6197,200050,8878,211154,8283,411204,California
Santa Clara,2021-03-11,17051,635264,7758,316793,7784,312152,1509,6319,6042,196606,10981,222135,7537,418741,California
Santa Clara,2021-03-12,17681,652945,9096,325889,7012,319164,1573,7892,5972,192465,11670,233805,7529,426270,California
Santa Clara,2021-03-13,10741,663686,6224,332113,3022,322186,1495,9387,4818,192856,5900,239705,6291,432561,California
Santa Clara,2021-03-14,6507,670193,3369,335482,1832,324018,1306,10693,3173,194007,3317,243022,4468,437029,California
Santa Clara,2021-03-15,12774,682967,6531,342013,5973,329991,270,10963,5990,193506,6761,249783,6260,443289,California
Santa Clara,2021-03-16,18187,701154,10294,352307,7684,337675,209,11172,8813,193180,9345,259128,9019,452308,California
Santa Clara,2021-03-17,19895,721049,11274,363581,8452,346127,169,11341,10279,194058,9565,268693,10443,462751,California
Santa Clara,2021-03-18,19064,740113,8931,372512,8969,355096,1164,12505,9086,194377,9923,278616,10242,472993,California
Santa Clara,2021-03-19,19267,759380,9922,382434,8343,363439,1002,13507,10002,196165,9206,287822,10994,483987,California
Santa Clara,2021-03-20,11506,770886,6343,388777,4337,367776,826,14333,6765,199041,4712,292534,7588,491575,California
Santa Clara,2021-03-21,8304,779190,3770,392547,3135,370911,1399,15732,5569,203274,2723,295257,6956,498531,California
Santa Clara,2021-03-22,16308,795498,9106,401653,6853,377764,349,16081,9298,205937,6983,302240,9646,508177,California
Santa Clara,2021-03-23,19221,814719,12229,413882,6477,384241,515,16596,11170,209618,8004,310244,11685,519862,California
Santa Clara,2021-03-24,22589,837308,14558,428440,7618,391859,413,17009,14656,216798,7890,318134,15070,534932,California
Santa Clara,2021-03-25,22909,860217,13138,441578,8791,400650,980,17989,14771,224459,8076,326210,15737,550669,California
Santa Clara,2021-03-26,21921,882138,13967,455545,7568,408218,386,18375,13512,229978,8372,334582,13891,564560,California
Santa Clara,2021-03-27,15692,897830,10449,465994,4475,412693,768,19143,8418,231930,7232,341814,9184,573744,California
Santa Clara,2021-03-28,12048,909878,8350,474344,2985,415678,713,19856,6468,233552,5555,347369,7177,580921,California
Santa Clara,2021-03-29,20573,930451,12618,486962,7228,422906,727,20583,11156,236050,9376,356745,11874,592795,California
Santa Clara,2021-03-30,25612,956063,15247,502209,8424,431330,1941,22524,16145,244698,9432,366177,18080,610875,California
Santa Clara,2021-03-31,20477,976540,11897,514106,7451,438781,1129,23653,12608,250594,7829,374006,13725,624600,California
Santa Clara,2021-04-01,31784,1008324,19837,533943,8899,447680,3048,26701,20110,262119,11608,385614,23133,647733,California
Santa Clara,2021-04-02,25088,1033412,14276,548219,8651,456331,2161,28862,16368,271955,8681,394295,18517,666250,California
Santa Clara,2021-04-03,15263,1048675,9257,557476,3500,459831,2506,31368,8491,276186,6752,401047,10983,677233,California
Santa Clara,2021-04-04,7640,1056315,4038,561514,2435,462266,1167,32535,3975,277669,3653,404700,5136,682369,California
Santa Clara,2021-04-05,21859,1078174,14566,576080,4823,467089,2470,35005,14278,286851,7556,412256,16738,699107,California
Santa Clara,2021-04-06,29412,1107586,16228,592308,7768,474857,5416,40421,17659,298196,11710,423966,23055,722162,California
Santa Clara,2021-04-07,30823,1138409,15921,608229,8425,483282,6477,46898,18828,311535,11943,435909,25282,747444,California
Santa Clara,2021-04-08,29802,1168211,16291,624520,5960,489242,7551,54449,16247,321810,13486,449395,23761,771205,California
Santa Clara,2021-04-09,27799,1196010,13773,638293,6836,496078,7190,61639,14192,329606,13552,462947,21348,792553,California
Santa Clara,2021-04-10,21252,1217262,12314,650607,3742,499820,5196,66835,11385,336306,9836,472783,16536,809089,California
Santa Clara,2021-04-11,15952,1233214,9567,660174,2642,502462,3743,70578,8276,340659,7646,480429,11999,821088,California
Santa Clara,2021-04-12,26785,1259999,18851,679025,5512,507974,2422,73000,18267,352867,8467,488896,20675,841763,California
Santa Clara,2021-04-13,34235,1294234,26949,705974,7257,515231,29,73029,26419,371594,7741,496637,26468,868231,California
Santa Clara,2021-04-14,36738,1330972,27851,733825,8883,524114,4,73033,26134,387216,10542,507179,26164,894395,California
Santa Clara,2021-04-15,43993,1374965,34133,767958,9858,533972,2,73035,33928,411206,9962,517141,33952,928347,California
Santa Clara,2021-04-16,38322,1413287,26265,794223,12055,546027,2,73037,27507,427985,10754,527895,27533,955880,California
Santa Clara,2021-04-17,21939,1435226,15005,809228,6932,552959,2,73039,15057,436222,6837,534732,15074,970954,California
Santa Clara,2021-04-18,16382,1451608,10657,819885,5725,558684,0,73039,10245,440367,6111,540843,10256,981210,California
Santa Clara,2021-04-19,28804,1480412,20858,840743,7945,566629,1,73040,17246,446154,11489,552332,17276,998486,California
Santa Clara,2021-04-20,36882,1517294,22447,863190,14435,581064,0,73040,22536,454480,14240,566572,22566,1021052,California
Santa Clara,2021-04-21,36775,1554069,21337,884527,15436,596500,2,73042,24356,466538,12331,578903,24389,1045441,California
Santa Clara,2021-04-22,37199,1591268,24816,909343,12382,608882,1,73043,17603,464706,19501,598404,17669,1063110,California
Santa Clara,2021-04-23,31974,1623242,19453,928796,12521,621403,0,73043,15054,462987,16824,615228,15105,1078215,California
Santa Clara,2021-04-24,21086,1644328,15442,944238,5643,627046,1,73044,11977,465952,9040,624268,12005,1090220,California
Santa Clara,2021-04-25,13553,1657881,9809,954047,3737,630783,7,73051,8650,469769,4862,629130,8679,1098899,California
Santa Clara,2021-04-26,24234,1682115,18947,972994,5229,636012,58,73109,10117,465943,14025,643155,10199,1109098,California
Santa Clara,2021-04-27,26656,1708771,19254,992248,7114,643126,288,73397,11698,463100,14866,658021,12023,1121121,California
Santa Clara,2021-04-28,25279,1734050,18646,1010894,6196,649322,437,73834,10400,459196,14798,672819,10894,1132015,California
Santa Clara,2021-04-29,23147,1757197,16816,1027710,5934,655256,397,74231,8345,453267,14734,687553,8805,1140820,California
Santa Clara,2021-04-30,22919,1780116,15704,1043414,6852,662108,363,74594,9744,450358,13088,700641,10179,1150999,California
Santa Clara,2021-05-01,17428,1797544,14497,1057911,2671,664779,260,74854,5489,444257,11891,712532,5790,1156789,California
Santa Clara,2021-05-02,11278,1808822,9358,1067269,1690,666469,230,75084,3496,440264,7741,720273,3748,1160537,California
Santa Clara,2021-05-03,22788,1831610,19365,1086634,2991,669460,432,75516,5142,428296,17576,737849,5608,1166145,California
Santa Clara,2021-05-04,30521,1862131,23899,1110533,6082,675542,540,76056,5478,409406,24947,762796,6057,1172202,California
Santa Clara,2021-05-05,32159,1894290,24448,1134981,7169,682711,542,76598,5435,388779,26627,789423,6000,1178202,California
Santa Clara,2021-05-06,35351,1929641,29466,1164447,5411,688122,474,77072,4673,363396,30550,819973,5167,1183369,California
Santa Clara,2021-05-07,32484,1962125,26138,1190585,5857,693979,489,77561,4636,340842,27719,847692,5165,1188534,California
Santa Clara,2021-05-08,16438,1978563,13372,1203957,2644,696623,422,77983,3477,331882,12875,860567,3915,1192449,California
Santa Clara,2021-05-09,10312,1988875,8945,1212902,1180,697803,187,78170,2448,326701,7829,868396,2648,1195097,California
Santa Clara,2021-05-10,20729,2009604,16630,1229532,3699,701502,400,78570,2733,311938,17916,886312,3153,1198250,California
Santa Clara,2021-05-11,21605,2031209,16262,1245794,4927,706429,416,78986,3895,298635,17621,903933,4318,1202568,California
Santa Clara,2021-05-12,20110,2051319,14770,1260564,4877,711306,463,79449,4171,287424,15859,919792,4648,1207216,California
Santa Clara,2021-05-13,26860,2078179,21889,1282453,4680,715986,291,79740,10681,282302,16100,935892,10978,1218194,California
Santa Clara,2021-05-14,26965,2105144,18697,1301150,7892,723878,376,80116,9132,274077,17742,953634,9517,1227711,California
Santa Clara,2021-05-15,19617,2124761,15552,1316702,3786,727664,279,80395,7449,269719,12093,965727,7735,1235446,California
Santa Clara,2021-05-16,14241,2139002,11250,1327952,2814,730478,177,80572,4198,264118,9978,975705,4377,1239823,California
Santa Clara,2021-05-17,19555,2158557,15284,1343236,3910,734388,361,80933,6749,258498,12734,988439,7114,1246937,California
Santa Clara,2021-05-18,25236,2183793,15951,1359187,8867,743255,418,81351,7105,248021,17997,1006436,7520,1254457,California
Santa Clara,2021-05-19,23714,2207507,13792,1372979,9555,752810,367,81718,7788,240361,15822,1022258,8162,1262619,California
Santa Clara,2021-05-20,16428,2223935,10957,1383936,5087,757897,384,82102,5868,236121,10489,1032747,6249,1268868,California
Santa Clara,2021-05-21,20311,2244246,13675,1397611,6207,764104,429,82531,6907,230142,13326,1046073,7347,1276215,California
Santa Clara,2021-05-22,11122,2255368,8678,1406289,2158,766262,286,82817,4755,228871,6316,1052389,5045,1281260,California
Santa Clara,2021-05-23,6647,2262015,5141,1411430,1361,767623,145,82962,2416,227237,4199,1056588,2565,1283825,California
Santa Clara,2021-05-24,7158,2269173,5212,1416642,1702,769325,244,83206,2164,224687,4961,1061549,2411,1286236,California
Santa Cruz,2020-12-15,2,2,2,2,0,0,0,0,2,2,0,0,2,2,California
Santa Cruz,2020-12-16,58,60,58,60,0,0,0,0,58,60,0,0,58,60,California
Santa Cruz,2020-12-17,391,451,391,451,0,0,0,0,391,451,0,0,391,451,California
Santa Cruz,2020-12-18,462,913,462,913,0,0,0,0,462,913,0,0,462,913,California
Santa Cruz,2020-12-19,179,1092,178,1091,1,1,0,0,179,1092,0,0,179,1092,California
Santa Cruz,2020-12-20,95,1187,95,1186,0,1,0,0,95,1187,0,0,95,1187,California
Santa Cruz,2020-12-21,437,1624,437,1623,0,1,0,0,437,1624,0,0,437,1624,California
Santa Cruz,2020-12-22,416,2040,415,2038,1,2,0,0,416,2040,0,0,416,2040,California
Santa Cruz,2020-12-23,369,2409,326,2364,43,45,0,0,369,2409,0,0,369,2409,California
Santa Cruz,2020-12-24,126,2535,50,2414,76,121,0,0,126,2535,0,0,126,2535,California
Santa Cruz,2020-12-25,11,2546,11,2425,0,121,0,0,11,2546,0,0,11,2546,California
Santa Cruz,2020-12-26,65,2611,46,2471,19,140,0,0,65,2611,0,0,65,2611,California
Santa Cruz,2020-12-27,32,2643,27,2498,5,145,0,0,32,2643,0,0,32,2643,California
Santa Cruz,2020-12-28,480,3123,108,2606,372,517,0,0,480,3123,0,0,480,3123,California
Santa Cruz,2020-12-29,790,3913,366,2972,424,941,0,0,790,3913,0,0,790,3913,California
Santa Cruz,2020-12-30,354,4267,163,3135,191,1132,0,0,354,4267,0,0,354,4267,California
Santa Cruz,2020-12-31,312,4579,11,3146,301,1433,0,0,312,4579,0,0,312,4579,California
Santa Cruz,2021-01-01,33,4612,1,3147,32,1465,0,0,33,4612,0,0,33,4612,California
Santa Cruz,2021-01-02,68,4680,54,3201,14,1479,0,0,68,4680,0,0,68,4680,California
Santa Cruz,2021-01-03,15,4695,7,3208,8,1487,0,0,15,4695,0,0,15,4695,California
Santa Cruz,2021-01-04,281,4976,124,3332,157,1644,0,0,279,4974,0,0,279,4974,California
Santa Cruz,2021-01-05,565,5541,429,3761,136,1780,0,0,263,4935,302,302,263,5237,California
Santa Cruz,2021-01-06,799,6340,667,4428,132,1912,0,0,460,5057,338,640,460,5697,California
Santa Cruz,2021-01-07,537,6877,213,4641,324,2236,0,0,382,5285,155,795,383,6080,California
Santa Cruz,2021-01-08,930,7807,559,5200,371,2607,0,0,484,5324,446,1241,485,6565,California
Santa Cruz,2021-01-09,462,8269,123,5323,339,2946,0,0,408,5678,54,1295,408,6973,California
Santa Cruz,2021-01-10,78,8347,70,5393,8,2954,0,0,20,5640,58,1353,20,6993,California
Santa Cruz,2021-01-11,716,9063,585,5978,131,3085,0,0,186,5297,530,1883,187,7180,California
Santa Cruz,2021-01-12,718,9781,518,6496,200,3285,0,0,479,5537,239,2122,479,7659,California
Santa Cruz,2021-01-13,520,10301,227,6723,293,3578,0,0,438,5896,79,2201,438,8097,California
Santa Cruz,2021-01-14,549,10850,103,6826,446,4024,0,0,483,6313,66,2267,483,8580,California
Santa Cruz,2021-01-15,1452,12302,75,6901,1377,5401,0,0,1388,7639,64,2331,1390,9970,California
Santa Cruz,2021-01-16,424,12726,52,6953,372,5773,0,0,405,8025,19,2350,405,10375,California
Santa Cruz,2021-01-17,296,13022,41,6994,255,6028,0,0,271,8271,25,2375,271,10646,California
Santa Cruz,2021-01-18,1004,14026,104,7098,900,6928,0,0,943,9153,61,2436,943,11589,California
Santa Cruz,2021-01-19,1610,15636,520,7618,1090,8018,0,0,1261,10068,347,2783,1262,12851,California
Santa Cruz,2021-01-20,1234,16870,181,7799,1053,9071,0,0,1037,10911,194,2977,1037,13888,California
Santa Cruz,2021-01-21,1691,18561,198,7997,1493,10564,0,0,1582,12386,109,3086,1584,15472,California
Santa Cruz,2021-01-22,1782,20343,525,8522,1257,11821,0,0,1680,13968,99,3185,1681,17153,California
Santa Cruz,2021-01-23,396,20739,144,8666,252,12073,0,0,338,14249,57,3242,338,17491,California
Santa Cruz,2021-01-24,115,20854,19,8685,96,12169,0,0,97,14328,18,3260,97,17588,California
Santa Cruz,2021-01-25,1058,21912,359,9044,699,12868,0,0,552,14374,506,3766,552,18140,California
Santa Cruz,2021-01-26,1688,23600,247,9291,1441,14309,0,0,1180,15046,508,4274,1180,19320,California
Santa Cruz,2021-01-27,1643,25243,445,9736,1198,15507,0,0,1260,15925,381,4655,1260,20580,California
Santa Cruz,2021-01-28,1739,26982,289,10025,1450,16957,0,0,1462,17111,277,4932,1463,22043,California
Santa Cruz,2021-01-29,1724,28706,487,10512,1237,18194,0,0,1595,18578,128,5060,1595,23638,California
Santa Cruz,2021-01-30,1054,29760,310,10822,744,18938,0,0,920,19364,134,5194,920,24558,California
Santa Cruz,2021-01-31,221,29981,113,10935,108,19046,0,0,207,19557,14,5208,207,24765,California
Santa Cruz,2021-02-01,1219,31200,748,11683,471,19517,0,0,824,19986,395,5603,824,25589,California
Santa Cruz,2021-02-02,992,32192,125,11808,867,20384,0,0,840,20675,151,5754,840,26429,California
Santa Cruz,2021-02-03,2215,34407,956,12764,1259,21643,0,0,1903,22269,309,6063,1903,28332,California
Santa Cruz,2021-02-04,1840,36247,767,13531,1073,22716,0,0,1502,23434,337,6400,1502,29834,California
Santa Cruz,2021-02-05,3139,39386,778,14309,2361,25077,0,0,2822,25940,316,6716,2822,32656,California
Santa Cruz,2021-02-06,2567,41953,160,14469,2407,27484,0,0,2223,27819,344,7060,2223,34879,California
Santa Cruz,2021-02-07,904,42857,122,14591,782,28266,0,0,887,28689,17,7077,887,35766,California
Santa Cruz,2021-02-08,701,43558,201,14792,500,28766,0,0,506,29001,194,7271,506,36272,California
Santa Cruz,2021-02-09,2357,45915,1050,15842,1307,30073,0,0,2091,30826,266,7537,2091,38363,California
Santa Cruz,2021-02-10,2180,48095,575,16417,1605,31678,0,0,1481,31619,689,8226,1482,39845,California
Santa Cruz,2021-02-11,1825,49920,309,16726,1516,33194,0,0,1312,32420,511,8737,1312,41157,California
Santa Cruz,2021-02-12,3199,53119,415,17141,2784,35978,0,0,1795,32822,1395,10132,1797,42954,California
Santa Cruz,2021-02-13,1699,54818,123,17264,1576,37554,0,0,1287,33697,412,10544,1287,44241,California
Santa Cruz,2021-02-14,1400,56218,71,17335,1329,38883,0,0,1136,34569,264,10808,1136,45377,California
Santa Cruz,2021-02-15,1568,57786,280,17615,1288,40171,0,0,562,34126,1006,11814,563,45940,California
Santa Cruz,2021-02-16,1680,59466,204,17819,1476,41647,0,0,525,33518,1133,12947,525,46465,California
Santa Cruz,2021-02-17,2901,62367,970,18789,1931,43578,0,0,1206,33045,1682,14629,1209,47674,California
Santa Cruz,2021-02-18,2861,65228,631,19420,2230,45808,0,0,1231,32650,1626,16255,1231,48905,California
Santa Cruz,2021-02-19,3239,68467,1133,20553,2106,47914,0,0,1995,33404,1241,17496,1995,50900,California
Santa Cruz,2021-02-20,2373,70840,1490,22043,883,48797,0,0,1878,34787,495,17991,1878,52778,California
Santa Cruz,2021-02-21,835,71675,368,22411,467,49264,0,0,707,35368,126,18117,707,53485,California
Santa Cruz,2021-02-22,1243,72918,955,23366,288,49552,0,0,528,35183,713,18830,528,54013,California
Santa Cruz,2021-02-23,2093,75011,933,24299,1160,50712,0,0,706,34503,1386,20216,706,54719,California
Santa Cruz,2021-02-24,3168,78179,1655,25954,1513,52225,0,0,1202,33744,1961,22177,1202,55921,California
Santa Cruz,2021-02-25,3207,81386,1415,27369,1792,54017,0,0,1765,34076,1434,23611,1766,57687,California
Santa Cruz,2021-02-26,2706,84092,759,28128,1947,55964,0,0,1541,34458,1161,24772,1543,59230,California
Santa Cruz,2021-02-27,2620,86712,930,29058,1690,57654,0,0,1825,35490,793,25565,1825,61055,California
Santa Cruz,2021-02-28,1286,87998,358,29416,928,58582,0,0,1075,36357,208,25773,1075,62130,California
Santa Cruz,2021-03-01,1819,89817,1248,30664,571,59153,0,0,686,35912,1131,26904,686,62816,California
Santa Cruz,2021-03-02,1536,91353,364,31028,1172,60325,0,0,873,36127,661,27565,876,63692,California
Santa Cruz,2021-03-03,2348,93701,633,31661,1715,62040,0,0,1287,36356,1058,28623,1287,64979,California
Santa Cruz,2021-03-04,2994,96695,1409,33070,1584,63624,1,1,2024,37423,959,29582,2026,67005,California
Santa Cruz,2021-03-05,2611,99306,489,33559,2104,65728,18,19,1138,37109,1470,31052,1156,68161,California
Santa Cruz,2021-03-06,3836,103142,1335,34894,2399,68127,102,121,2139,37652,1697,32749,2240,70401,California
Santa Cruz,2021-03-07,1341,104483,128,35022,1142,69269,71,192,556,37495,784,33533,627,71028,California
Santa Cruz,2021-03-08,1086,105569,222,35244,735,70004,129,321,655,37848,431,33964,784,71812,California
Santa Cruz,2021-03-09,1777,107346,262,35506,1367,71371,148,469,708,37638,1066,35030,856,72668,California
Santa Cruz,2021-03-10,3846,111192,2086,37592,1614,72985,146,615,2000,37942,1844,36874,2148,74816,California
Santa Cruz,2021-03-11,2787,113979,1213,38805,1402,74387,172,787,1539,38408,1247,38121,1713,76529,California
Santa Cruz,2021-03-12,2740,116719,882,39687,1567,75954,291,1078,911,37784,1825,39946,1201,77730,California
Santa Cruz,2021-03-13,2303,119022,1325,41012,936,76890,42,1120,1176,37880,1124,41070,1220,78950,California
Santa Cruz,2021-03-14,897,119919,212,41224,671,77561,14,1134,428,37854,467,41537,441,79391,California
Santa Cruz,2021-03-15,1332,121251,474,41698,823,78384,35,1169,573,37707,756,42293,609,80000,California
Santa Cruz,2021-03-16,2307,123558,1090,42788,1177,79561,40,1209,1337,38117,966,43259,1376,81376,California
Santa Cruz,2021-03-17,3941,127499,2322,45110,1609,81170,10,1219,2599,39392,1337,44596,2612,83988,California
Santa Cruz,2021-03-18,3848,131347,2072,47182,1658,82828,118,1337,2059,39783,1786,46382,2177,86165,California
Santa Cruz,2021-03-19,3369,134716,1318,48500,1828,84656,223,1560,1757,40155,1607,47989,1979,88144,California
Santa Cruz,2021-03-20,2159,136875,1612,50112,511,85167,36,1596,1086,40206,1071,49060,1122,89266,California
Santa Cruz,2021-03-21,819,137694,439,50551,258,85425,122,1718,437,40386,380,49440,560,89826,California
Santa Cruz,2021-03-22,1363,139057,844,51395,497,85922,22,1740,940,40929,420,49860,963,90789,California
Santa Cruz,2021-03-23,2548,141605,1431,52826,1067,86989,50,1790,1684,41802,861,50721,1734,92523,California
Santa Cruz,2021-03-24,3099,144704,2111,54937,967,87956,21,1811,2066,42861,1027,51748,2086,94609,California
Santa Cruz,2021-03-25,2637,147341,1323,56260,1277,89233,37,1848,1346,42960,1284,53032,1383,95992,California
Santa Cruz,2021-03-26,3119,150460,1811,58071,1281,90514,27,1875,2144,44163,968,54000,2171,98163,California
Santa Cruz,2021-03-27,3208,153668,2002,60073,1181,91695,25,1900,1508,44007,1690,55690,1534,99697,California
Santa Cruz,2021-03-28,935,154603,577,60650,344,92039,14,1914,493,44076,438,56128,507,100204,California
Santa Cruz,2021-03-29,1985,156588,877,61527,1040,93079,68,1982,1286,44734,696,56824,1354,101558,California
Santa Cruz,2021-03-30,2692,159280,812,62339,1723,94802,157,2139,1712,45626,977,57801,1869,103427,California
Santa Cruz,2021-03-31,4173,163453,2832,65171,1293,96095,48,2187,2198,45902,1970,59771,2246,105673,California
Santa Cruz,2021-04-01,4047,167500,2165,67336,1774,97869,108,2295,2049,46068,1991,61762,2157,107830,California
Santa Cruz,2021-04-02,3282,170782,1421,68757,1683,99552,178,2473,1881,46729,1398,63160,2059,109889,California
Santa Cruz,2021-04-03,2248,173030,1226,69983,889,100441,133,2606,888,46391,1358,64518,1020,110909,California
Santa Cruz,2021-04-04,937,173967,489,70472,392,100833,56,2662,552,46614,385,64903,608,111517,California
Santa Cruz,2021-04-05,2267,176234,787,71259,1312,102145,168,2830,1403,47323,863,65766,1572,113089,California
Santa Cruz,2021-04-06,3397,179631,1651,72910,1366,103511,380,3210,1968,48248,1418,67184,2343,115432,California
Santa Cruz,2021-04-07,4166,183797,1634,74544,2171,105682,361,3571,1808,48068,2355,69539,2175,117607,California
Santa Cruz,2021-04-08,4264,188061,2342,76886,1407,107089,515,4086,2517,49362,1738,71277,3032,120639,California
Santa Cruz,2021-04-09,3680,191741,1501,78387,1782,108871,397,4483,2076,50238,1598,72875,2474,123113,California
Santa Cruz,2021-04-10,2244,193985,1079,79466,916,109787,249,4732,1051,50348,1189,74064,1299,124412,California
Santa Cruz,2021-04-11,990,194975,515,79981,383,110170,92,4824,476,50402,514,74578,568,124980,California
Santa Cruz,2021-04-12,2291,197266,821,80802,1046,111216,424,5248,1098,50745,1178,75756,1521,126501,California
Santa Cruz,2021-04-13,2883,200149,1446,82248,1435,112651,2,5250,1623,51117,1253,77009,1625,128126,California
Santa Cruz,2021-04-14,4602,204751,2242,84490,2360,115011,0,5250,2245,51014,2350,79359,2247,130373,California
Santa Cruz,2021-04-15,5001,209752,3192,87682,1809,116820,0,5250,3159,52342,1831,81190,3159,133532,California
Santa Cruz,2021-04-16,4484,214236,2484,90166,1998,118818,2,5252,2437,52743,2039,83229,2440,135972,California
Santa Cruz,2021-04-17,2247,216483,889,91055,1358,120176,0,5252,1496,53490,749,83978,1496,137468,California
Santa Cruz,2021-04-18,1057,217540,510,91565,546,120722,1,5253,586,53608,469,84447,587,138055,California
Santa Cruz,2021-04-19,2532,220072,1513,93078,1018,121740,1,5254,1607,54293,922,85369,1607,139662,California
Santa Cruz,2021-04-20,3132,223204,1668,94746,1464,123204,0,5254,1793,54757,1330,86699,1794,141456,California
Santa Cruz,2021-04-21,4257,227461,2848,97594,1409,124613,0,5254,2310,55138,1929,88628,2310,143766,California
Santa Cruz,2021-04-22,4308,231769,2905,100499,1403,126016,0,5254,2420,55680,1878,90506,2420,146186,California
Santa Cruz,2021-04-23,3196,234965,1733,102232,1462,127478,1,5255,1388,55270,1799,92305,1389,147575,California
Santa Cruz,2021-04-24,2241,237206,1086,103318,1152,128630,3,5258,701,54445,1529,93834,704,148279,California
Santa Cruz,2021-04-25,1090,238296,696,104014,382,129012,12,5270,450,54274,632,94466,461,148740,California
Santa Cruz,2021-04-26,1894,240190,930,104944,950,129962,14,5284,750,53905,1134,95600,765,149505,California
Santa Cruz,2021-04-27,2807,242997,881,105825,1859,131821,67,5351,1402,53975,1399,96999,1469,150974,California
Santa Cruz,2021-04-28,3410,246407,1887,107712,1446,133267,77,5428,1790,54230,1609,98608,1864,152838,California
Santa Cruz,2021-04-29,3706,250113,2459,110171,1184,134451,63,5491,1279,53157,2416,101024,1343,154181,California
Santa Cruz,2021-04-30,2382,252495,1209,111380,1129,135580,44,5535,1019,52865,1355,102379,1063,155244,California
Santa Cruz,2021-05-01,1285,253780,1019,112399,233,135813,33,5568,598,52811,685,103064,631,155875,California
Santa Cruz,2021-05-02,640,254420,455,112854,160,135973,25,5593,213,52623,427,103491,239,156114,California
Santa Cruz,2021-05-03,1923,256343,992,113846,864,136837,67,5660,660,52099,1252,104743,728,156842,California
Santa Cruz,2021-05-04,2685,259028,1562,115408,1053,137890,70,5730,867,51221,1814,106557,936,157778,California
Santa Cruz,2021-05-05,2740,261768,1365,116773,1313,139203,62,5792,719,50026,1980,108537,785,158563,California
Santa Cruz,2021-05-06,3834,265602,2442,119215,1174,140377,218,6010,854,48133,2962,111499,1069,159632,California
Santa Cruz,2021-05-07,2746,268348,1243,120458,1421,141798,82,6092,432,46339,2309,113808,515,160147,California
Santa Cruz,2021-05-08,1364,269712,687,121145,649,142447,28,6120,384,45773,980,114788,414,160561,California
Santa Cruz,2021-05-09,508,270220,327,121472,158,142605,23,6143,151,45593,354,115142,174,160735,California
Santa Cruz,2021-05-10,1575,271795,1213,122685,297,142902,65,6208,406,44900,1164,116306,471,161206,California
Santa Cruz,2021-05-11,1810,273605,1299,123984,432,143334,79,6287,634,44439,1173,117479,712,161918,California
Santa Cruz,2021-05-12,2577,276182,1272,125256,1231,144565,74,6361,513,42971,2056,119535,588,162506,California
Santa Cruz,2021-05-13,3216,279398,2479,127735,650,145215,87,6448,1295,42435,1919,121454,1383,163889,California
Santa Cruz,2021-05-14,2577,281975,1524,129259,1014,146229,39,6487,1070,42048,1499,122953,1112,165001,California
Santa Cruz,2021-05-15,2295,284270,1330,130589,953,147182,12,6499,1119,42006,1173,124126,1131,166132,California
Santa Cruz,2021-05-16,718,284988,371,130960,326,147508,21,6520,206,41723,511,124637,228,166360,California
Santa Cruz,2021-05-17,1272,286260,796,131756,436,147944,40,6560,581,41654,690,125327,621,166981,California
Santa Cruz,2021-05-18,2093,288353,1414,133170,656,148600,23,6583,1149,41890,936,126263,1172,168153,California
Santa Cruz,2021-05-19,2655,291008,1487,134657,1138,149738,30,6613,975,41223,1672,127935,1005,169158,California
Santa Cruz,2021-05-20,2394,293402,1874,136531,382,150120,138,6751,1141,41256,1246,129181,1279,170437,California
Santa Cruz,2021-05-21,1180,294582,724,137255,375,150495,81,6832,514,41189,662,129843,595,171032,California
Santa Cruz,2021-05-22,1406,295988,1192,138447,206,150701,8,6840,533,40860,870,130713,541,171573,California
Santa Cruz,2021-05-23,175,296163,137,138584,23,150724,15,6855,64,40831,108,130821,79,171652,California
Santa Cruz,2021-05-24,569,296732,413,138997,129,150853,27,6882,125,40543,439,131260,151,171803,California
Shasta,2020-12-16,131,131,131,131,0,0,0,0,131,131,0,0,131,131,California
Shasta,2020-12-17,420,551,420,551,0,0,0,0,420,551,0,0,420,551,California
Shasta,2020-12-18,166,717,166,717,0,0,0,0,166,717,0,0,166,717,California
Shasta,2020-12-19,1,718,1,718,0,0,0,0,1,718,0,0,1,718,California
Shasta,2020-12-21,79,797,79,797,0,0,0,0,79,797,0,0,79,797,California
Shasta,2020-12-22,192,989,187,984,5,5,0,0,192,989,0,0,192,989,California
Shasta,2020-12-23,174,1163,170,1154,4,9,0,0,174,1163,0,0,174,1163,California
Shasta,2020-12-24,18,1181,18,1172,0,9,0,0,18,1181,0,0,18,1181,California
Shasta,2020-12-26,4,1185,1,1173,3,12,0,0,4,1185,0,0,4,1185,California
Shasta,2020-12-27,1,1186,0,1173,1,13,0,0,1,1186,0,0,1,1186,California
Shasta,2020-12-28,40,1226,31,1204,9,22,0,0,40,1226,0,0,40,1226,California
Shasta,2020-12-29,186,1412,185,1389,1,23,0,0,186,1412,0,0,186,1412,California
Shasta,2020-12-30,178,1590,168,1557,10,33,0,0,178,1590,0,0,178,1590,California
Shasta,2020-12-31,83,1673,2,1559,81,114,0,0,83,1673,0,0,83,1673,California
Shasta,2021-01-02,2,1675,0,1559,2,116,0,0,2,1675,0,0,2,1675,California
Shasta,2021-01-03,1,1676,1,1560,0,116,0,0,1,1676,0,0,1,1676,California
Shasta,2021-01-04,372,2048,306,1866,66,182,0,0,373,2049,0,0,373,2049,California
Shasta,2021-01-05,335,2383,314,2180,21,203,0,0,253,2220,82,82,253,2302,California
Shasta,2021-01-06,466,2849,395,2575,71,274,0,0,203,2161,262,344,203,2505,California
Shasta,2021-01-07,125,2974,36,2611,89,363,0,0,104,2244,21,365,104,2609,California
Shasta,2021-01-08,525,3499,448,3059,77,440,0,0,317,2353,208,573,317,2926,California
Shasta,2021-01-09,73,3572,64,3123,9,449,0,0,71,2422,2,575,71,2997,California
Shasta,2021-01-10,5,3577,0,3123,5,454,0,0,4,2426,1,576,5,3002,California
Shasta,2021-01-11,405,3982,184,3307,221,675,0,0,370,2761,35,611,370,3372,California
Shasta,2021-01-12,487,4469,330,3637,157,832,0,0,312,2898,175,786,312,3684,California
Shasta,2021-01-13,599,5068,267,3904,332,1164,0,0,430,3159,169,955,430,4114,California
Shasta,2021-01-14,501,5569,52,3956,449,1613,0,0,483,3624,18,973,483,4597,California
Shasta,2021-01-15,686,6255,134,4090,552,2165,0,0,684,4306,2,975,684,5281,California
Shasta,2021-01-16,897,7152,54,4144,843,3008,0,0,894,5197,3,978,894,6175,California
Shasta,2021-01-17,27,7179,6,4150,21,3029,0,0,23,5216,4,982,23,6198,California
Shasta,2021-01-18,598,7777,128,4278,470,3499,0,0,590,5798,8,990,590,6788,California
Shasta,2021-01-19,1058,8835,398,4676,660,4159,0,0,910,6560,148,1138,910,7698,California
Shasta,2021-01-20,681,9516,413,5089,268,4427,0,0,494,6872,182,1320,494,8192,California
Shasta,2021-01-21,632,10148,280,5369,352,4779,0,0,609,7458,23,1343,609,8801,California
Shasta,2021-01-22,447,10595,173,5542,274,5053,0,0,441,7893,6,1349,441,9242,California
Shasta,2021-01-23,68,10663,5,5547,63,5116,0,0,67,7959,1,1350,67,9309,California
Shasta,2021-01-24,25,10688,2,5549,23,5139,0,0,24,7982,1,1351,24,9333,California
Shasta,2021-01-25,750,11438,491,6040,259,5398,0,0,464,8161,285,1636,464,9797,California
Shasta,2021-01-26,709,12147,333,6373,376,5774,0,0,475,8404,232,1868,475,10272,California
Shasta,2021-01-27,459,12606,179,6552,280,6054,0,0,410,8765,49,1917,410,10682,California
Shasta,2021-01-28,887,13493,576,7128,311,6365,0,0,665,9208,222,2139,665,11347,California
Shasta,2021-01-29,833,14326,332,7460,501,6866,0,0,643,9662,190,2329,644,11991,California
Shasta,2021-01-30,616,14942,15,7475,601,7467,0,0,606,10258,10,2339,606,12597,California
Shasta,2021-01-31,27,14969,3,7478,24,7491,0,0,26,10283,1,2340,26,12623,California
Shasta,2021-02-01,530,15499,148,7626,382,7873,0,0,386,10525,144,2484,386,13009,California
Shasta,2021-02-02,988,16487,500,8126,488,8361,0,0,896,11331,90,2574,896,13905,California
Shasta,2021-02-03,723,17210,211,8337,512,8873,0,0,488,11584,235,2809,488,14393,California
Shasta,2021-02-04,1098,18308,675,9012,423,9296,0,0,905,12297,192,3001,905,15298,California
Shasta,2021-02-05,1253,19561,165,9177,1088,10384,0,0,1046,13137,206,3207,1046,16344,California
Shasta,2021-02-06,1745,21306,41,9218,1704,12088,0,0,1722,14836,23,3230,1722,18066,California
Shasta,2021-02-07,25,21331,3,9221,22,12110,0,0,23,14857,2,3232,23,18089,California
Shasta,2021-02-08,596,21927,168,9389,428,12538,0,0,306,14873,290,3522,306,18395,California
Shasta,2021-02-09,1124,23051,654,10043,470,13008,0,0,731,15212,393,3915,732,19127,California
Shasta,2021-02-10,1124,24175,788,10831,336,13344,0,0,599,15286,526,4441,600,19727,California
Shasta,2021-02-11,891,25066,186,11017,705,14049,0,0,369,15138,517,4958,369,20096,California
Shasta,2021-02-12,1775,26841,1196,12213,579,14628,0,0,1224,15811,551,5509,1224,21320,California
Shasta,2021-02-13,1381,28222,368,12581,1013,15641,0,0,570,15570,812,6321,571,21891,California
Shasta,2021-02-14,150,28372,4,12585,146,15787,0,0,126,15672,24,6345,126,22017,California
Shasta,2021-02-15,377,28749,89,12674,288,16075,0,0,208,15711,169,6514,208,22225,California
Shasta,2021-02-16,1196,29945,521,13195,675,16750,0,0,422,15360,773,7287,422,22647,California
Shasta,2021-02-17,1034,30979,438,13633,596,17346,0,0,414,15154,620,7907,414,23061,California
Shasta,2021-02-18,949,31928,468,14101,481,17827,0,0,460,15126,489,8396,461,23522,California
Shasta,2021-02-19,1338,33266,946,15047,392,18219,0,0,871,15530,467,8863,871,24393,California
Shasta,2021-02-20,802,34068,89,15136,713,18932,0,0,303,15334,499,9362,303,24696,California
Shasta,2021-02-21,32,34100,3,15139,29,18961,0,0,10,15322,22,9384,10,24706,California
Shasta,2021-02-22,430,34530,77,15216,353,19314,0,0,178,15249,251,9635,178,24884,California
Shasta,2021-02-23,910,35440,469,15685,441,19755,0,0,327,14993,583,10218,327,25211,California
Shasta,2021-02-24,891,36331,509,16194,382,20137,0,0,274,14651,616,10834,274,25485,California
Shasta,2021-02-25,519,36850,163,16357,356,20493,0,0,162,14457,356,11190,162,25647,California
Shasta,2021-02-26,790,37640,94,16451,696,21189,0,0,331,14330,458,11648,331,25978,California
Shasta,2021-02-27,827,38467,27,16478,800,21989,0,0,188,13881,637,12285,188,26166,California
Shasta,2021-02-28,176,38643,4,16482,172,22161,0,0,126,13957,50,12335,126,26292,California
Shasta,2021-03-01,583,39226,58,16540,525,22686,0,0,295,13965,287,12622,295,26587,California
Shasta,2021-03-02,1029,40255,474,17014,555,23241,0,0,338,13614,689,13311,338,26925,California
Shasta,2021-03-03,669,40924,168,17182,501,23742,0,0,244,13433,425,13736,244,27169,California
Shasta,2021-03-04,3033,43957,2418,19600,615,24357,0,0,1752,13906,1280,15016,1753,28922,California
Shasta,2021-03-05,1556,45513,161,19761,1366,25723,29,29,790,13958,767,15783,819,29741,California
Shasta,2021-03-06,2742,48255,385,20146,2310,28033,47,76,855,12975,1885,17668,902,30643,California
Shasta,2021-03-07,92,48347,4,20150,56,28089,32,108,38,12991,54,17722,70,30713,California
Shasta,2021-03-08,570,48917,46,20196,385,28474,139,247,157,12876,411,18133,296,31009,California
Shasta,2021-03-09,1254,50171,595,20791,481,28955,178,425,699,13197,555,18688,876,31885,California
Shasta,2021-03-10,799,50970,257,21048,340,29295,202,627,136,12871,662,19350,336,32221,California
Shasta,2021-03-11,1558,52528,471,21519,815,30110,272,899,940,13468,615,19965,1212,33433,California
Shasta,2021-03-12,1560,54088,848,22367,463,30573,249,1148,412,12980,1147,21112,659,34092,California
Shasta,2021-03-13,758,54846,425,22792,232,30805,101,1249,475,13272,282,21394,574,34666,California
Shasta,2021-03-14,1018,55864,8,22800,988,31793,22,1271,879,14035,139,21533,902,35568,California
Shasta,2021-03-15,496,56360,35,22835,361,32154,100,1371,210,14058,286,21819,309,35877,California
Shasta,2021-03-16,1133,57493,148,22983,918,33072,67,1438,849,14690,284,22103,916,36793,California
Shasta,2021-03-17,733,58226,191,23174,484,33556,58,1496,394,14809,333,22436,452,37245,California
Shasta,2021-03-18,1542,59768,586,23760,852,34408,104,1600,1115,15605,423,22859,1219,38464,California
Shasta,2021-03-19,648,60416,196,23956,396,34804,56,1656,414,15842,233,23092,470,38934,California
Shasta,2021-03-20,747,61163,489,24445,244,35048,14,1670,599,16307,148,23240,613,39547,California
Shasta,2021-03-21,313,61476,298,24743,4,35052,11,1681,286,16578,26,23266,297,39844,California
Shasta,2021-03-22,347,61823,37,24780,274,35326,36,1717,199,16666,147,23413,235,40079,California
Shasta,2021-03-23,1312,63135,653,25433,599,35925,60,1777,757,16933,550,23963,817,40896,California
Shasta,2021-03-24,609,63744,156,25589,415,36340,38,1815,365,17093,243,24206,403,41299,California
Shasta,2021-03-25,1133,64877,449,26038,663,37003,21,1836,820,17625,310,24516,842,42141,California
Shasta,2021-03-26,1836,66713,1404,27442,402,37405,30,1866,1477,18774,359,24875,1508,43649,California
Shasta,2021-03-27,1594,68307,405,27847,317,37722,872,2738,575,19201,1017,25892,1444,45093,California
Shasta,2021-03-28,405,68712,299,28146,96,37818,10,2748,300,19408,103,25995,310,45403,California
Shasta,2021-03-29,420,69132,40,28186,368,38186,12,2760,166,19333,253,26248,178,45581,California
Shasta,2021-03-30,1246,70378,766,28952,463,38649,17,2777,625,19357,618,26866,642,46223,California
Shasta,2021-03-31,619,70997,206,29158,407,39056,6,2783,383,19515,231,27097,389,46612,California
Shasta,2021-04-01,896,71893,248,29406,636,39692,12,2795,575,19783,319,27416,587,47199,California
Shasta,2021-04-02,755,72648,200,29606,501,40193,54,2849,415,19914,338,27754,469,47668,California
Shasta,2021-04-03,514,73162,362,29968,133,40326,19,2868,389,20197,125,27879,408,48076,California
Shasta,2021-04-04,293,73455,176,30144,96,40422,21,2889,218,20361,75,27954,239,48315,California
Shasta,2021-04-05,444,73899,68,30212,312,40734,64,2953,254,20489,190,28144,318,48633,California
Shasta,2021-04-06,1161,75060,486,30698,501,41235,174,3127,538,20582,618,28762,711,49344,California
Shasta,2021-04-07,655,75715,213,30911,279,41514,163,3290,258,20609,393,29155,420,49764,California
Shasta,2021-04-08,1142,76857,260,31171,726,42240,156,3446,216,20056,924,30079,371,50135,California
Shasta,2021-04-09,2579,79436,2063,33234,307,42547,209,3655,2006,21703,566,30645,2213,52348,California
Shasta,2021-04-10,879,80315,592,33826,158,42705,129,3784,266,21484,613,31258,394,52742,California
Shasta,2021-04-11,1251,81566,397,34223,834,43539,20,3804,144,20545,1103,32361,164,52906,California
Shasta,2021-04-12,338,81904,7,34230,269,43808,62,3866,97,20463,240,32601,158,53064,California
Shasta,2021-04-13,1268,83172,366,34596,900,44708,2,3868,339,19878,925,33526,340,53404,California
Shasta,2021-04-14,592,83764,143,34739,447,45155,2,3870,221,19731,370,33896,223,53627,California
Shasta,2021-04-15,1066,84830,256,34995,810,45965,0,3870,302,19272,761,34657,302,53929,California
Shasta,2021-04-16,2340,87170,1845,36840,495,46460,0,3870,935,18804,1403,36060,935,54864,California
Shasta,2021-04-17,642,87812,411,37251,231,46691,0,3870,189,18541,453,36513,190,55054,California
Shasta,2021-04-18,265,88077,240,37491,25,46716,0,3870,32,18342,231,36744,32,55086,California
Shasta,2021-04-19,381,88458,27,37518,354,47070,0,3870,162,18285,219,36963,162,55248,California
Shasta,2021-04-20,1011,89469,256,37774,755,47825,0,3870,377,18029,633,37596,377,55625,California
Shasta,2021-04-21,605,90074,220,37994,385,48210,0,3870,304,18032,301,37897,304,55929,California
Shasta,2021-04-22,964,91038,283,38277,681,48891,0,3870,300,17670,662,38559,300,56229,California
Shasta,2021-04-23,659,91697,264,38541,395,49286,0,3870,328,17668,330,38889,328,56557,California
Shasta,2021-04-24,600,92297,357,38898,242,49528,1,3871,108,17286,490,39379,108,56665,California
Shasta,2021-04-25,211,92508,182,39080,28,49556,1,3872,37,17150,174,39553,38,56703,California
Shasta,2021-04-26,485,92993,52,39132,428,49984,5,3877,337,17345,146,39699,341,57044,California
Shasta,2021-04-27,535,93528,177,39309,322,50306,36,3913,296,17439,236,39935,330,57374,California
Shasta,2021-04-28,578,94106,158,39467,387,50693,33,3946,253,17399,325,40260,285,57659,California
Shasta,2021-04-29,782,94888,120,39587,639,51332,23,3969,183,17007,598,40858,206,57865,California
Shasta,2021-04-30,2267,97155,1841,41428,395,51727,31,4000,269,15310,1997,42855,300,58165,California
Shasta,2021-05-01,224,97379,20,41448,128,51855,76,4076,96,15354,128,42983,172,58337,California
Shasta,2021-05-02,46,97425,16,41464,17,51872,13,4089,19,15359,27,43010,32,58369,California
Shasta,2021-05-03,351,97776,94,41558,231,52103,26,4115,112,15259,238,43248,138,58507,California
Shasta,2021-05-04,506,98282,173,41731,296,52399,37,4152,244,15281,259,43507,281,58788,California
Shasta,2021-05-05,432,98714,140,41871,275,52674,17,4169,200,15266,232,43739,217,59005,California
Shasta,2021-05-06,692,99406,262,42133,390,53064,40,4209,296,15215,387,44126,336,59341,California
Shasta,2021-05-07,1112,100518,731,42864,342,53406,39,4248,302,14747,809,44935,341,59682,California
Shasta,2021-05-08,167,100685,83,42947,74,53480,10,4258,98,14786,68,45003,107,59789,California
Shasta,2021-05-09,66,100751,15,42962,46,53526,5,4263,35,14795,31,45034,40,59829,California
Shasta,2021-05-10,260,101011,21,42983,189,53715,50,4313,113,14811,144,45178,160,59989,California
Shasta,2021-05-11,505,101516,160,43143,196,53911,149,4462,174,14804,330,45508,323,60312,California
Shasta,2021-05-12,365,101881,142,43285,201,54112,22,4484,119,14700,245,45753,141,60453,California
Shasta,2021-05-13,532,102413,223,43508,293,54405,16,4500,195,14576,335,46088,211,60664,California
Shasta,2021-05-14,602,103015,258,43766,318,54723,26,4526,271,14544,330,46418,298,60962,California
Shasta,2021-05-15,394,103409,125,43891,164,54887,105,4631,163,14581,230,46648,267,61229,California
Shasta,2021-05-16,222,103631,155,44046,57,54944,10,4641,164,14697,58,46706,174,61403,California
Shasta,2021-05-17,536,104167,240,44286,236,55180,60,4701,284,14790,251,46957,344,61747,California
Shasta,2021-05-18,604,104771,288,44574,292,55472,24,4725,323,14856,281,47238,347,62094,California
Shasta,2021-05-19,578,105349,280,44854,230,55702,68,4793,285,14919,290,47528,353,62447,California
Shasta,2021-05-20,505,105854,231,45085,258,55960,16,4809,239,14911,263,47791,255,62702,California
Shasta,2021-05-21,527,106381,256,45341,253,56213,18,4827,270,14944,255,48046,288,62990,California
Shasta,2021-05-22,189,106570,112,45453,70,56283,7,4834,120,15004,67,48113,127,63117,California
Shasta,2021-05-23,92,106662,43,45496,38,56321,11,4845,59,15041,33,48146,70,63187,California
Shasta,2021-05-24,347,107009,103,45599,235,56556,9,4854,94,14892,252,48398,103,63290,California
Sierra,2020-12-18,1,1,1,1,0,0,0,0,1,1,0,0,1,1,California
Sierra,2020-12-21,2,3,2,3,0,0,0,0,2,3,0,0,2,3,California
Sierra,2020-12-22,12,15,12,15,0,0,0,0,12,15,0,0,12,15,California
Sierra,2020-12-23,4,19,4,19,0,0,0,0,4,19,0,0,4,19,California
Sierra,2020-12-28,1,20,0,19,1,1,0,0,1,20,0,0,1,20,California
Sierra,2020-12-29,49,69,7,26,42,43,0,0,49,69,0,0,49,69,California
Sierra,2020-12-30,2,71,0,26,2,45,0,0,2,71,0,0,2,71,California
Sierra,2020-12-31,13,84,0,26,13,58,0,0,13,84,0,0,13,84,California
Sierra,2021-01-01,1,85,1,27,0,58,0,0,1,85,0,0,1,85,California
Sierra,2021-01-05,64,149,2,29,62,120,0,0,64,149,0,0,64,149,California
Sierra,2021-01-06,1,150,1,30,0,120,0,0,1,150,0,0,1,150,California
Sierra,2021-01-07,21,171,1,31,20,140,0,0,20,169,1,1,20,170,California
Sierra,2021-01-08,1,172,1,32,0,140,0,0,1,170,0,1,1,171,California
Sierra,2021-01-11,3,175,3,35,0,140,0,0,0,167,3,4,0,171,California
Sierra,2021-01-12,39,214,12,47,27,167,0,0,27,182,12,16,27,198,California
Sierra,2021-01-13,3,217,3,50,0,167,0,0,0,179,3,19,0,198,California
Sierra,2021-01-14,35,252,2,52,33,200,0,0,35,214,0,19,35,233,California
Sierra,2021-01-15,3,255,1,53,2,202,0,0,3,217,0,19,3,236,California
Sierra,2021-01-18,2,257,0,53,2,204,0,0,2,219,0,19,2,238,California
Sierra,2021-01-19,32,289,0,53,32,236,0,0,32,251,0,19,32,270,California
Sierra,2021-01-20,1,290,1,54,0,236,0,0,1,252,0,19,1,271,California
Sierra,2021-01-21,52,342,0,54,52,288,0,0,52,304,0,19,52,323,California
Sierra,2021-01-22,2,344,0,54,2,290,0,0,2,306,0,19,2,325,California
Sierra,2021-01-23,2,346,0,54,2,292,0,0,2,308,0,19,2,327,California
Sierra,2021-01-26,62,408,0,54,62,354,0,0,24,294,38,57,24,351,California
Sierra,2021-01-27,4,412,4,58,0,354,0,0,0,290,4,61,0,351,California
Sierra,2021-01-28,53,465,0,58,53,407,0,0,43,323,10,71,43,394,California
Sierra,2021-01-29,2,467,0,58,2,409,0,0,2,325,0,71,2,396,California
Sierra,2021-01-30,3,470,3,61,0,409,0,0,2,326,1,72,2,398,California
Sierra,2021-02-01,1,471,0,61,1,410,0,0,0,325,1,73,0,398,California
Sierra,2021-02-02,58,529,1,62,57,467,0,0,19,305,39,112,19,417,California
Sierra,2021-02-03,6,535,5,67,1,468,0,0,5,309,1,113,5,422,California
Sierra,2021-02-04,102,637,5,72,97,565,0,0,53,313,49,162,53,475,California
Sierra,2021-02-05,6,643,4,76,2,567,0,0,5,317,1,163,5,480,California
Sierra,2021-02-09,51,694,0,76,51,618,0,0,48,362,3,166,48,528,California
Sierra,2021-02-10,4,698,2,78,2,620,0,0,4,366,0,166,4,532,California
Sierra,2021-02-11,195,893,1,79,194,814,0,0,134,439,61,227,134,666,California
Sierra,2021-02-12,20,913,0,79,20,834,0,0,20,459,0,227,20,686,California
Sierra,2021-02-13,1,914,1,80,0,834,0,0,1,460,0,227,1,687,California
Sierra,2021-02-15,2,916,2,82,0,834,0,0,0,458,2,229,0,687,California
Sierra,2021-02-16,43,959,0,82,43,877,0,0,10,435,33,262,10,697,California
Sierra,2021-02-17,4,963,0,82,4,881,0,0,1,433,3,265,1,698,California
Sierra,2021-02-18,140,1103,0,82,140,1021,0,0,91,475,49,314,91,789,California
Sierra,2021-02-19,2,1105,1,83,1,1022,0,0,1,475,1,315,1,790,California
Sierra,2021-02-20,2,1107,2,85,0,1022,0,0,0,473,2,317,0,790,California
Sierra,2021-02-22,1,1108,1,86,0,1022,0,0,1,474,0,317,1,791,California
Sierra,2021-02-23,4,1112,0,86,4,1026,0,0,4,478,0,317,4,795,California
Sierra,2021-02-24,3,1115,2,88,1,1027,0,0,3,481,0,317,3,798,California
Sierra,2021-02-25,126,1241,2,90,124,1151,0,0,59,474,66,383,59,857,California
Sierra,2021-02-26,11,1252,6,96,5,1156,0,0,4,471,7,390,4,861,California
Sierra,2021-02-27,2,1254,2,98,0,1156,0,0,0,469,2,392,0,861,California
Sierra,2021-03-01,2,1256,2,100,0,1156,0,0,0,467,2,394,0,861,California
Sierra,2021-03-02,56,1312,0,100,56,1212,0,0,38,487,18,412,38,899,California
Sierra,2021-03-03,2,1314,2,102,0,1212,0,0,1,487,1,413,1,900,California
Sierra,2021-03-04,108,1422,0,102,108,1320,0,0,60,499,48,461,60,960,California
Sierra,2021-03-05,13,1435,1,103,12,1332,0,0,11,508,2,463,11,971,California
Sierra,2021-03-07,1,1436,1,104,0,1332,0,0,0,507,1,464,0,971,California
Sierra,2021-03-08,2,1438,2,106,0,1332,0,0,2,509,0,464,2,973,California
Sierra,2021-03-09,56,1494,0,106,56,1388,0,0,12,477,44,508,12,985,California
Sierra,2021-03-10,6,1500,0,106,6,1394,0,0,4,479,2,510,4,989,California
Sierra,2021-03-11,176,1676,0,106,176,1570,0,0,44,391,132,642,44,1033,California
Sierra,2021-03-12,20,1696,1,107,19,1589,0,0,0,371,20,662,0,1033,California
Sierra,2021-03-13,28,1724,0,107,28,1617,0,0,28,399,0,662,28,1061,California
Sierra,2021-03-14,1,1725,0,107,0,1617,1,1,0,399,1,663,1,1062,California
Sierra,2021-03-15,1,1726,1,108,0,1617,0,1,0,398,1,664,0,1062,California
Sierra,2021-03-16,35,1761,0,108,34,1651,1,2,22,408,13,677,23,1085,California
Sierra,2021-03-17,3,1764,2,110,1,1652,0,2,0,405,3,680,0,1085,California
Sierra,2021-03-18,158,1922,0,110,158,1810,0,2,65,377,93,773,65,1150,California
Sierra,2021-03-19,4,1926,2,112,2,1812,0,2,1,375,3,776,1,1151,California
Sierra,2021-03-20,1,1927,0,112,1,1813,0,2,1,376,0,776,1,1152,California
Sierra,2021-03-23,22,1949,0,112,22,1835,0,2,13,380,9,785,13,1165,California
Sierra,2021-03-24,3,1952,1,113,2,1837,0,2,1,379,2,787,1,1166,California
Sierra,2021-03-25,99,2051,1,114,98,1935,0,2,50,380,49,836,50,1216,California
Sierra,2021-03-26,12,2063,1,115,11,1946,0,2,8,384,4,840,8,1224,California
Sierra,2021-03-27,1,2064,0,115,1,1947,0,2,0,383,1,841,0,1224,California
Sierra,2021-03-29,1,2065,1,116,0,1947,0,2,0,382,1,842,0,1224,California
Sierra,2021-03-30,55,2120,1,117,54,2001,0,2,22,371,33,875,22,1246,California
Sierra,2021-03-31,8,2128,0,117,8,2009,0,2,8,379,0,875,8,1254,California
Sierra,2021-04-01,63,2191,1,118,62,2071,0,2,5,328,56,931,5,1259,California
Sierra,2021-04-02,3,2194,2,120,1,2072,0,2,2,329,1,932,2,1261,California
Sierra,2021-04-04,1,2195,0,120,1,2073,0,2,0,329,0,932,0,1261,California
Sierra,2021-04-06,11,2206,0,120,11,2084,0,2,1,320,10,942,1,1262,California
Sierra,2021-04-07,14,2220,3,123,6,2090,5,7,3,318,10,952,8,1270,California
Sierra,2021-04-08,54,2274,2,125,52,2142,0,7,16,296,38,990,16,1286,California
Sierra,2021-04-09,2,2276,2,127,0,2142,0,7,1,296,1,991,1,1287,California
Sierra,2021-04-10,27,2303,0,127,27,2169,0,7,0,269,27,1018,0,1287,California
Sierra,2021-04-12,1,2304,0,127,0,2169,1,8,0,269,1,1019,1,1288,California
Sierra,2021-04-13,45,2349,0,127,45,2214,0,8,5,234,40,1059,5,1293,California
Sierra,2021-04-14,1,2350,0,127,1,2215,0,8,1,235,0,1059,1,1294,California
Sierra,2021-04-15,49,2399,1,128,48,2263,0,8,2,190,47,1106,2,1296,California
Sierra,2021-04-17,2,2401,1,129,1,2264,0,8,1,190,1,1107,1,1297,California
Sierra,2021-04-19,1,2402,1,130,0,2264,0,8,0,189,1,1108,0,1297,California
Sierra,2021-04-20,34,2436,1,131,33,2297,0,8,7,169,27,1135,7,1304,California
Sierra,2021-04-21,2,2438,1,132,1,2298,0,8,1,169,1,1136,1,1305,California
Sierra,2021-04-22,64,2502,1,133,63,2361,0,8,5,116,58,1194,5,1310,California
Sierra,2021-04-23,11,2513,0,133,11,2372,0,8,3,111,8,1202,3,1313,California
Sierra,2021-04-24,4,2517,0,133,4,2376,0,8,4,115,0,1202,4,1317,California
Sierra,2021-04-27,28,2545,1,134,27,2403,0,8,5,97,23,1225,5,1322,California
Sierra,2021-04-28,10,2555,2,136,8,2411,0,8,1,89,9,1234,1,1323,California
Sierra,2021-04-29,20,2575,2,138,18,2429,0,8,14,97,6,1240,14,1337,California
Sierra,2021-04-30,4,2579,2,140,2,2431,0,8,2,97,2,1242,2,1339,California
Sierra,2021-05-03,1,2580,1,141,0,2431,0,8,1,98,0,1242,1,1340,California
Sierra,2021-05-04,1,2581,0,141,1,2432,0,8,0,97,1,1243,0,1340,California
Sierra,2021-05-05,22,2603,0,141,22,2454,0,8,7,89,15,1258,7,1347,California
Sierra,2021-05-06,1,2604,1,142,0,2454,0,8,0,88,1,1259,0,1347,California
Sierra,2021-05-07,1,2605,1,143,0,2454,0,8,1,89,0,1259,1,1348,California
Sierra,2021-05-08,1,2606,0,143,0,2454,1,9,0,89,1,1260,1,1349,California
Sierra,2021-05-11,11,2617,0,143,4,2458,7,16,0,85,11,1271,7,1356,California
Sierra,2021-05-12,10,2627,1,144,9,2467,0,16,7,89,3,1274,7,1363,California
Sierra,2021-05-13,3,2630,2,146,1,2468,0,16,2,90,1,1275,2,1365,California
Sierra,2021-05-14,3,2633,1,147,2,2470,0,16,3,93,0,1275,3,1368,California
Sierra,2021-05-17,1,2634,1,148,0,2470,0,16,1,94,0,1275,1,1369,California
Sierra,2021-05-18,3,2637,1,149,1,2471,1,17,0,92,3,1278,1,1370,California
Sierra,2021-05-19,6,2643,3,152,3,2474,0,17,2,90,4,1282,2,1372,California
Sierra,2021-05-20,9,2652,8,160,0,2474,1,18,8,98,1,1283,9,1381,California
Sierra,2021-05-21,4,2656,2,162,2,2476,0,18,1,96,3,1286,1,1382,California
Sierra,2021-05-22,4,2660,0,162,4,2480,0,18,0,92,4,1290,0,1382,California
Sierra,2021-05-23,1,2661,0,162,1,2481,0,18,1,93,0,1290,1,1383,California
Sierra,2021-05-24,1,2662,1,163,0,2481,0,18,0,92,1,1291,0,1383,California
Siskiyou,2020-12-16,2,2,2,2,0,0,0,0,2,2,0,0,2,2,California
Siskiyou,2020-12-17,4,6,4,6,0,0,0,0,4,6,0,0,4,6,California
Siskiyou,2020-12-18,2,8,2,8,0,0,0,0,2,8,0,0,2,8,California
Siskiyou,2020-12-19,4,12,4,12,0,0,0,0,4,12,0,0,4,12,California
Siskiyou,2020-12-20,1,13,1,13,0,0,0,0,1,13,0,0,1,13,California
Siskiyou,2020-12-21,132,145,132,145,0,0,0,0,132,145,0,0,132,145,California
Siskiyou,2020-12-22,158,303,158,303,0,0,0,0,158,303,0,0,158,303,California
Siskiyou,2020-12-23,142,445,142,445,0,0,0,0,142,445,0,0,142,445,California
Siskiyou,2020-12-24,5,450,5,450,0,0,0,0,5,450,0,0,5,450,California
Siskiyou,2020-12-26,2,452,0,450,2,2,0,0,2,452,0,0,2,452,California
Siskiyou,2020-12-27,2,454,0,450,2,4,0,0,2,454,0,0,2,454,California
Siskiyou,2020-12-28,3,457,1,451,2,6,0,0,3,457,0,0,3,457,California
Siskiyou,2020-12-29,6,463,2,453,4,10,0,0,6,463,0,0,6,463,California
Siskiyou,2020-12-30,98,561,3,456,95,105,0,0,98,561,0,0,98,561,California
Siskiyou,2020-12-31,12,573,0,456,12,117,0,0,12,573,0,0,12,573,California
Siskiyou,2021-01-02,1,574,1,457,0,117,0,0,1,574,0,0,1,574,California
Siskiyou,2021-01-03,1,575,0,457,1,118,0,0,1,575,0,0,1,575,California
Siskiyou,2021-01-04,130,705,3,460,127,245,0,0,130,705,0,0,130,705,California
Siskiyou,2021-01-05,116,821,4,464,112,357,0,0,115,819,1,1,115,820,California
Siskiyou,2021-01-06,59,880,6,470,53,410,0,0,55,870,4,5,55,875,California
Siskiyou,2021-01-07,175,1055,4,474,171,581,0,0,174,1043,1,6,174,1049,California
Siskiyou,2021-01-08,41,1096,3,477,38,619,0,0,39,1080,2,8,39,1088,California
Siskiyou,2021-01-09,2,1098,2,479,0,619,0,0,0,1078,2,10,0,1088,California
Siskiyou,2021-01-11,226,1324,65,544,161,780,0,0,163,1178,63,73,163,1251,California
Siskiyou,2021-01-12,322,1646,274,818,48,828,0,0,89,1035,233,306,90,1341,California
Siskiyou,2021-01-13,157,1803,137,955,20,848,0,0,23,924,134,440,23,1364,California
Siskiyou,2021-01-14,25,1828,1,956,24,872,0,0,24,947,1,441,24,1388,California
Siskiyou,2021-01-15,35,1863,3,959,32,904,0,0,35,982,0,441,35,1423,California
Siskiyou,2021-01-16,7,1870,2,961,5,909,0,0,7,989,0,441,7,1430,California
Siskiyou,2021-01-17,1,1871,1,962,0,909,0,0,0,988,1,442,0,1430,California
Siskiyou,2021-01-18,77,1948,4,966,73,982,0,0,75,1061,2,444,75,1505,California
Siskiyou,2021-01-19,21,1969,1,967,20,1002,0,0,20,1080,1,445,20,1525,California
Siskiyou,2021-01-20,47,2016,35,1002,12,1014,0,0,43,1119,4,449,43,1568,California
Siskiyou,2021-01-21,42,2058,1,1003,41,1055,0,0,42,1161,0,449,42,1610,California
Siskiyou,2021-01-22,1327,3385,1175,2178,152,1207,0,0,1327,2488,0,449,1327,2937,California
Siskiyou,2021-01-23,5,3390,1,2179,4,1211,0,0,2,2487,3,452,2,2939,California
Siskiyou,2021-01-25,182,3572,8,2187,174,1385,0,0,178,2661,4,456,178,3117,California
Siskiyou,2021-01-26,148,3720,3,2190,145,1530,0,0,140,2793,8,464,140,3257,California
Siskiyou,2021-01-27,181,3901,1,2191,180,1710,0,0,126,2864,55,519,126,3383,California
Siskiyou,2021-01-28,231,4132,117,2308,114,1824,0,0,225,3083,6,525,225,3608,California
Siskiyou,2021-01-29,249,4381,3,2311,246,2070,0,0,247,3328,2,527,247,3855,California
Siskiyou,2021-01-30,4,4385,3,2314,1,2071,0,0,4,3332,0,527,4,3859,California
Siskiyou,2021-02-01,195,4580,3,2317,192,2263,0,0,105,3347,90,617,105,3964,California
Siskiyou,2021-02-02,289,4869,45,2362,244,2507,0,0,147,3352,142,759,147,4111,California
Siskiyou,2021-02-03,314,5183,1,2363,313,2820,0,0,264,3566,50,809,264,4375,California
Siskiyou,2021-02-04,322,5505,7,2370,315,3135,0,0,200,3644,122,931,200,4575,California
Siskiyou,2021-02-05,511,6016,4,2374,507,3642,0,0,349,3831,162,1093,349,4924,California
Siskiyou,2021-02-06,15,6031,0,2374,15,3657,0,0,15,3846,0,1093,15,4939,California
Siskiyou,2021-02-07,4,6035,3,2377,1,3658,0,0,4,3850,0,1093,4,4943,California
Siskiyou,2021-02-08,221,6256,5,2382,216,3874,0,0,216,4061,5,1098,216,5159,California
Siskiyou,2021-02-09,197,6453,4,2386,193,4067,0,0,164,4192,33,1131,164,5323,California
Siskiyou,2021-02-10,370,6823,40,2426,330,4397,0,0,317,4457,52,1183,317,5640,California
Siskiyou,2021-02-11,189,7012,1,2427,188,4585,0,0,174,4616,15,1198,174,5814,California
Siskiyou,2021-02-12,1690,8702,1198,3625,492,5077,0,0,501,3928,1189,2387,501,6315,California
Siskiyou,2021-02-13,36,8738,2,3627,34,5111,0,0,32,3956,4,2391,32,6347,California
Siskiyou,2021-02-14,5,8743,1,3628,4,5115,0,0,5,3961,0,2391,5,6352,California
Siskiyou,2021-02-15,108,8851,10,3638,98,5213,0,0,106,4065,2,2393,106,6458,California
Siskiyou,2021-02-16,114,8965,2,3640,112,5325,0,0,99,4149,15,2408,99,6557,California
Siskiyou,2021-02-17,184,9149,15,3655,169,5494,0,0,170,4305,14,2422,170,6727,California
Siskiyou,2021-02-18,221,9370,88,3743,133,5627,0,0,98,4280,123,2545,98,6825,California
Siskiyou,2021-02-19,71,9441,34,3777,37,5664,0,0,34,4277,37,2582,34,6859,California
Siskiyou,2021-02-20,21,9462,3,3780,18,5682,0,0,16,4288,5,2587,16,6875,California
Siskiyou,2021-02-21,1,9463,1,3781,0,5682,0,0,1,4289,0,2587,1,6876,California
Siskiyou,2021-02-22,125,9588,2,3783,123,5805,0,0,19,4202,106,2693,19,6895,California
Siskiyou,2021-02-23,197,9785,15,3798,182,5987,0,0,53,4111,144,2837,53,6948,California
Siskiyou,2021-02-24,148,9933,5,3803,143,6130,0,0,36,4035,112,2949,36,6984,California
Siskiyou,2021-02-25,301,10234,24,3827,277,6407,0,0,155,4044,146,3095,155,7139,California
Siskiyou,2021-02-26,670,10904,11,3838,659,7066,0,0,368,4110,302,3397,368,7507,California
Siskiyou,2021-02-27,33,10937,5,3843,28,7094,0,0,28,4133,5,3402,28,7535,California
Siskiyou,2021-02-28,6,10943,5,3848,1,7095,0,0,4,4135,2,3404,4,7539,California
Siskiyou,2021-03-01,280,11223,6,3854,274,7369,0,0,50,3955,230,3634,50,7589,California
Siskiyou,2021-03-02,190,11413,1,3855,189,7558,0,0,70,3905,120,3754,70,7659,California
Siskiyou,2021-03-03,345,11758,7,3862,338,7896,0,0,155,3870,190,3944,155,7814,California
Siskiyou,2021-03-04,793,12551,620,4482,173,8069,0,0,635,4347,158,4102,635,8449,California
Siskiyou,2021-03-05,326,12877,6,4488,309,8378,11,11,105,4245,218,4320,116,8565,California
Siskiyou,2021-03-06,43,12920,3,4491,33,8411,7,18,28,4265,15,4335,35,8600,California
Siskiyou,2021-03-07,12,12932,4,4495,0,8411,8,26,3,4267,9,4344,11,8611,California
Siskiyou,2021-03-08,360,13292,30,4525,295,8706,35,61,59,4060,301,4645,94,8705,California
Siskiyou,2021-03-09,164,13456,2,4527,108,8814,54,115,57,4064,107,4752,111,8816,California
Siskiyou,2021-03-10,222,13678,7,4534,185,8999,30,145,30,3932,192,4944,60,8876,California
Siskiyou,2021-03-11,476,14154,206,4740,223,9222,47,192,276,4056,199,5143,323,9199,California
Siskiyou,2021-03-12,649,14803,141,4881,469,9691,39,231,184,3817,463,5606,224,9423,California
Siskiyou,2021-03-13,427,15230,380,5261,24,9715,23,254,381,4175,46,5652,404,9827,California
Siskiyou,2021-03-14,20,15250,1,5262,3,9718,16,270,2,4175,18,5670,18,9845,California
Siskiyou,2021-03-15,457,15707,258,5520,177,9895,22,292,322,4384,135,5805,344,10189,California
Siskiyou,2021-03-16,257,15964,34,5554,206,10101,17,309,140,4425,116,5921,157,10346,California
Siskiyou,2021-03-17,201,16165,9,5563,184,10285,8,317,34,4300,167,6088,42,10388,California
Siskiyou,2021-03-18,927,17092,789,6352,126,10411,12,329,811,5007,116,6204,823,11211,California
Siskiyou,2021-03-19,68,17160,10,6362,45,10456,13,342,20,4992,48,6252,33,11244,California
Siskiyou,2021-03-20,30,17190,7,6369,18,10474,5,347,6,4979,24,6276,11,11255,California
Siskiyou,2021-03-21,10,17200,4,6373,1,10475,5,352,4,4982,6,6282,9,11264,California
Siskiyou,2021-03-22,208,17408,21,6394,165,10640,22,374,145,5089,60,6342,167,11431,California
Siskiyou,2021-03-23,196,17604,19,6413,167,10807,10,384,141,5185,55,6397,151,11582,California
Siskiyou,2021-03-24,140,17744,47,6460,93,10900,0,384,115,5275,25,6422,115,11697,California
Siskiyou,2021-03-25,571,18315,319,6779,249,11149,3,387,400,5507,171,6593,403,12100,California
Siskiyou,2021-03-26,305,18620,35,6814,270,11419,0,387,104,5412,199,6792,104,12204,California
Siskiyou,2021-03-27,37,18657,4,6818,28,11447,5,392,9,5398,28,6820,14,12218,California
Siskiyou,2021-03-28,9,18666,8,6826,1,11448,0,392,5,5399,4,6824,5,12223,California
Siskiyou,2021-03-29,96,18762,10,6836,84,11532,2,394,46,5397,50,6874,48,12271,California
Siskiyou,2021-03-30,102,18864,7,6843,94,11626,1,395,41,5378,61,6935,42,12313,California
Siskiyou,2021-03-31,190,19054,20,6863,167,11793,3,398,48,5289,141,7076,52,12365,California
Siskiyou,2021-04-01,831,19885,673,7536,158,11951,0,398,214,4886,617,7693,214,12579,California
Siskiyou,2021-04-02,347,20232,197,7733,146,12097,4,402,66,4677,279,7972,70,12649,California
Siskiyou,2021-04-03,26,20258,5,7738,14,12111,7,409,5,4668,21,7993,12,12661,California
Siskiyou,2021-04-04,2,20260,1,7739,1,12112,0,409,1,4668,1,7994,1,12662,California
Siskiyou,2021-04-05,438,20698,332,8071,80,12192,26,435,27,4311,410,8404,53,12715,California
Siskiyou,2021-04-06,219,20917,36,8107,130,12322,53,488,125,4395,93,8497,177,12892,California
Siskiyou,2021-04-07,116,21033,11,8118,63,12385,42,530,66,4453,50,8547,108,13000,California
Siskiyou,2021-04-08,351,21384,183,8301,127,12512,41,571,64,4271,287,8834,105,13105,California
Siskiyou,2021-04-09,547,21931,379,8680,131,12643,37,608,84,3931,462,9296,122,13227,California
Siskiyou,2021-04-10,45,21976,6,8686,2,12645,37,645,6,3935,39,9335,43,13270,California
Siskiyou,2021-04-11,8,21984,5,8691,1,12646,2,647,2,3933,6,9341,4,13274,California
Siskiyou,2021-04-12,129,22113,25,8716,103,12749,1,648,49,3903,80,9421,50,13324,California
Siskiyou,2021-04-13,207,22320,37,8753,169,12918,1,649,81,3859,126,9547,82,13406,California
Siskiyou,2021-04-14,156,22476,65,8818,91,13009,0,649,85,3875,69,9616,85,13491,California
Siskiyou,2021-04-15,1118,23594,959,9777,159,13168,0,649,438,3633,680,10296,438,13929,California
Siskiyou,2021-04-16,300,23894,207,9984,93,13261,0,649,269,3872,30,10326,269,14198,California
Siskiyou,2021-04-17,11,23905,8,9992,3,13264,0,649,7,3875,4,10330,7,14205,California
Siskiyou,2021-04-18,6,23911,3,9995,3,13267,0,649,2,3873,4,10334,2,14207,California
Siskiyou,2021-04-19,128,24039,25,10020,103,13370,0,649,45,3835,83,10417,45,14252,California
Siskiyou,2021-04-20,237,24276,5,10025,232,13602,0,649,94,3786,143,10560,94,14346,California
Siskiyou,2021-04-21,94,24370,10,10035,84,13686,0,649,25,3742,69,10629,25,14371,California
Siskiyou,2021-04-22,416,24786,302,10337,114,13800,0,649,51,3428,365,10994,51,14422,California
Siskiyou,2021-04-23,180,24966,14,10351,166,13966,0,649,158,3565,21,11015,158,14580,California
Siskiyou,2021-04-24,27,24993,4,10355,23,13989,0,649,19,3576,8,11023,19,14599,California
Siskiyou,2021-04-25,2,24995,0,10355,2,13991,0,649,2,3578,0,11023,2,14601,California
Siskiyou,2021-04-26,100,25095,6,10361,89,14080,5,654,25,3533,75,11098,30,14631,California
Siskiyou,2021-04-27,101,25196,4,10365,95,14175,2,656,82,3600,17,11115,84,14715,California
Siskiyou,2021-04-28,110,25306,8,10373,94,14269,8,664,52,3602,58,11173,60,14775,California
Siskiyou,2021-04-29,105,25411,14,10387,91,14360,0,664,25,3547,80,11253,25,14800,California
Siskiyou,2021-04-30,101,25512,20,10407,80,14440,1,665,44,3537,54,11307,44,14844,California
Siskiyou,2021-05-01,11,25523,7,10414,1,14441,3,668,7,3543,4,11311,10,14854,California
Siskiyou,2021-05-02,11,25534,5,10419,6,14447,0,668,9,3550,2,11313,9,14863,California
Siskiyou,2021-05-03,110,25644,23,10442,85,14532,2,670,47,3536,63,11376,49,14912,California
Siskiyou,2021-05-04,123,25767,6,10448,115,14647,2,672,62,3540,60,11436,64,14976,California
Siskiyou,2021-05-05,117,25884,21,10469,87,14734,9,681,39,3511,77,11513,48,15024,California
Siskiyou,2021-05-06,367,26251,296,10765,65,14799,6,687,190,3530,177,11690,196,15220,California
Siskiyou,2021-05-07,309,26560,219,10984,85,14884,5,692,33,3293,275,11965,38,15258,California
Siskiyou,2021-05-08,24,26584,4,10988,19,14903,1,693,18,3306,6,11971,19,15277,California
Siskiyou,2021-05-09,1,26585,0,10988,1,14904,0,693,0,3305,1,11972,0,15277,California
Siskiyou,2021-05-10,95,26680,64,11052,30,14934,1,694,20,3251,75,12047,21,15298,California
Siskiyou,2021-05-11,82,26762,4,11056,73,15007,5,699,47,3268,35,12082,52,15350,California
Siskiyou,2021-05-12,52,26814,3,11059,45,15052,4,703,15,3250,37,12119,19,15369,California
Siskiyou,2021-05-13,76,26890,31,11090,36,15088,9,712,33,3249,43,12162,42,15411,California
Siskiyou,2021-05-14,169,27059,81,11171,87,15175,1,713,103,3288,65,12227,104,15515,California
Siskiyou,2021-05-15,45,27104,14,11185,29,15204,2,715,38,3322,6,12233,40,15555,California
Siskiyou,2021-05-16,6,27110,2,11187,4,15208,0,715,4,3324,2,12235,4,15559,California
Siskiyou,2021-05-17,66,27176,2,11189,41,15249,23,738,12,3305,54,12289,35,15594,California
Siskiyou,2021-05-18,220,27396,82,11271,134,15383,4,742,123,3336,96,12385,127,15721,California
Siskiyou,2021-05-19,156,27552,96,11367,59,15442,1,743,124,3429,32,12417,125,15846,California
Siskiyou,2021-05-20,496,28048,425,11792,69,15511,2,745,228,3391,268,12685,230,16076,California
Siskiyou,2021-05-21,170,28218,86,11878,83,15594,1,746,97,3417,72,12757,98,16174,California
Siskiyou,2021-05-22,40,28258,19,11897,21,15615,0,746,24,3425,16,12773,24,16198,California
Siskiyou,2021-05-23,3,28261,3,11900,0,15615,0,746,1,3424,2,12775,1,16199,California
Siskiyou,2021-05-24,10,28271,2,11902,8,15623,0,746,3,3421,6,12781,3,16202,California
Solano,2020-12-15,4,4,4,4,0,0,0,0,4,4,0,0,4,4,California
Solano,2020-12-16,71,75,71,75,0,0,0,0,71,75,0,0,71,75,California
Solano,2020-12-17,154,229,154,229,0,0,0,0,154,229,0,0,154,229,California
Solano,2020-12-18,445,674,444,673,1,1,0,0,445,674,0,0,445,674,California
Solano,2020-12-19,521,1195,521,1194,0,1,0,0,521,1195,0,0,521,1195,California
Solano,2020-12-20,356,1551,354,1548,2,3,0,0,356,1551,0,0,356,1551,California
Solano,2020-12-21,572,2123,570,2118,2,5,0,0,572,2123,0,0,572,2123,California
Solano,2020-12-22,662,2785,629,2747,33,38,0,0,662,2785,0,0,662,2785,California
Solano,2020-12-23,867,3652,776,3523,91,129,0,0,866,3651,0,0,866,3651,California
Solano,2020-12-24,423,4075,171,3694,252,381,0,0,423,4074,0,0,423,4074,California
Solano,2020-12-25,10,4085,2,3696,8,389,0,0,10,4084,0,0,10,4084,California
Solano,2020-12-26,173,4258,47,3743,126,515,0,0,173,4257,0,0,173,4257,California
Solano,2020-12-27,104,4362,29,3772,75,590,0,0,104,4361,0,0,104,4361,California
Solano,2020-12-28,862,5224,420,4192,442,1032,0,0,862,5223,0,0,862,5223,California
Solano,2020-12-29,902,6126,375,4567,527,1559,0,0,902,6125,0,0,902,6125,California
Solano,2020-12-30,1235,7361,599,5166,636,2195,0,0,1235,7360,0,0,1235,7360,California
Solano,2020-12-31,538,7899,137,5303,401,2596,0,0,538,7898,0,0,538,7898,California
Solano,2021-01-01,14,7913,13,5316,1,2597,0,0,14,7912,0,0,14,7912,California
Solano,2021-01-02,213,8126,165,5481,48,2645,0,0,213,8125,0,0,213,8125,California
Solano,2021-01-03,57,8183,40,5521,17,2662,0,0,52,8177,0,0,52,8177,California
Solano,2021-01-04,452,8635,246,5767,206,2868,0,0,442,8616,3,3,442,8619,California
Solano,2021-01-05,729,9364,376,6143,353,3221,0,0,575,9042,149,152,575,9194,California
Solano,2021-01-06,846,10210,439,6582,407,3628,0,0,581,9360,263,415,581,9775,California
Solano,2021-01-07,1068,11278,685,7267,383,4011,0,0,610,9515,456,871,611,10386,California
Solano,2021-01-08,1143,12421,778,8045,365,4376,0,0,553,9498,572,1443,555,10941,California
Solano,2021-01-09,887,13308,764,8809,123,4499,0,0,429,9472,455,1898,429,11370,California
Solano,2021-01-10,254,13562,194,9003,60,4559,0,0,152,9522,102,2000,152,11522,California
Solano,2021-01-11,1333,14895,1119,10122,214,4773,0,0,816,9821,517,2517,816,12338,California
Solano,2021-01-12,1571,16466,1173,11295,398,5171,0,0,1020,10292,550,3067,1021,13359,California
Solano,2021-01-13,1463,17929,1006,12301,457,5628,0,0,1205,11241,256,3323,1205,14564,California
Solano,2021-01-14,1892,19821,814,13115,1078,6706,0,0,1577,12503,315,3638,1577,16141,California
Solano,2021-01-15,1697,21518,1059,14174,638,7344,0,0,1400,13606,297,3935,1400,17541,California
Solano,2021-01-16,1292,22810,904,15078,388,7732,0,0,1117,14548,175,4110,1117,18658,California
Solano,2021-01-17,1042,23852,758,15836,284,8016,0,0,1022,15551,20,4130,1023,19681,California
Solano,2021-01-18,1409,25261,853,16689,556,8572,0,0,1293,16730,116,4246,1295,20976,California
Solano,2021-01-19,1652,26913,1338,18027,314,8886,0,0,1381,17841,270,4516,1381,22357,California
Solano,2021-01-20,2033,28946,1421,19448,612,9498,0,0,1546,18903,484,5000,1546,23903,California
Solano,2021-01-21,3185,32131,1015,20463,2170,11668,0,0,2833,21385,352,5352,2834,26737,California
Solano,2021-01-22,1771,33902,844,21307,927,12595,0,0,1579,22772,192,5544,1579,28316,California
Solano,2021-01-23,736,34638,242,21549,494,13089,0,0,531,23098,206,5750,532,28848,California
Solano,2021-01-24,403,35041,61,21610,342,13431,0,0,336,23367,67,5817,336,29184,California
Solano,2021-01-25,1669,36710,631,22241,1038,14469,0,0,1114,23928,554,6371,1115,30299,California
Solano,2021-01-26,1781,38491,740,22981,1041,15510,0,0,1147,24443,633,7004,1148,31447,California
Solano,2021-01-27,1784,40275,717,23698,1067,16577,0,0,1182,25027,598,7602,1182,32629,California
Solano,2021-01-28,1962,42237,708,24406,1254,17831,0,0,1370,25807,591,8193,1371,34000,California
Solano,2021-01-29,1702,43939,784,25190,918,18749,0,0,1342,26791,358,8551,1342,35342,California
Solano,2021-01-30,951,44890,457,25647,494,19243,0,0,607,27055,344,8895,608,35950,California
Solano,2021-01-31,244,45134,153,25800,91,19334,0,0,173,27157,71,8966,173,36123,California
Solano,2021-02-01,1558,46692,1036,26836,522,19856,0,0,778,27158,777,9743,778,36901,California
Solano,2021-02-02,3342,50034,1094,27930,2248,22104,0,0,2533,28886,805,10548,2533,39434,California
Solano,2021-02-03,2265,52299,1308,29238,957,23061,0,0,1165,28954,1097,11645,1165,40599,California
Solano,2021-02-04,1796,54095,900,30138,896,23957,0,0,1072,29307,719,12364,1072,41671,California
Solano,2021-02-05,3097,57192,1417,31555,1680,25637,0,0,2093,30404,996,13360,2093,43764,California
Solano,2021-02-06,3057,60249,1169,32724,1888,27525,0,0,2240,31831,813,14173,2240,46004,California
Solano,2021-02-07,847,61096,783,33507,64,27589,0,0,236,31457,610,14783,236,46240,California
Solano,2021-02-08,1756,62852,1235,34742,521,28110,0,0,714,31131,1040,15823,714,46954,California
Solano,2021-02-09,1949,64801,1484,36226,465,28575,0,0,697,30577,1251,17074,697,47651,California
Solano,2021-02-10,2264,67065,1496,37722,768,29343,0,0,823,29959,1441,18515,823,48474,California
Solano,2021-02-11,2513,69578,1491,39213,1022,30365,0,0,1198,29852,1305,19820,1198,49672,California
Solano,2021-02-12,4223,73801,1629,40842,2594,32959,0,0,2875,31386,1341,21161,2875,52547,California
Solano,2021-02-13,2868,76669,249,41091,2619,35578,0,0,2453,33427,412,21573,2453,55000,California
Solano,2021-02-14,726,77395,204,41295,522,36100,0,0,416,33536,308,21881,417,55417,California
Solano,2021-02-15,1326,78721,324,41619,1002,37102,0,0,693,33597,632,22513,693,56110,California
Solano,2021-02-16,2561,81282,1387,43006,1174,38276,0,0,1664,34366,896,23409,1665,57775,California
Solano,2021-02-17,3210,84492,1455,44461,1755,40031,0,0,2169,35498,1038,24447,2170,59945,California
Solano,2021-02-18,2870,87362,842,45303,2028,42059,0,0,861,34357,2003,26450,862,60807,California
Solano,2021-02-19,2399,89761,1446,46749,953,43012,0,0,1170,34305,1224,27674,1172,61979,California
Solano,2021-02-20,2573,92334,381,47130,2192,45204,0,0,2104,35939,470,28144,2104,64083,California
Solano,2021-02-21,2191,94525,1878,49008,313,45517,0,0,1881,37514,306,28450,1881,65964,California
Solano,2021-02-22,1726,96251,1051,50059,675,46192,0,0,910,37611,814,29264,911,66875,California
Solano,2021-02-23,2858,99109,1088,51147,1770,47962,0,0,1952,38660,903,30167,1952,68827,California
Solano,2021-02-24,2484,101593,1244,52391,1240,49202,0,0,1389,38956,1093,31260,1389,70216,California
Solano,2021-02-25,2410,104003,1449,53840,961,50163,0,0,1319,39189,1086,32346,1319,71535,California
Solano,2021-02-26,3187,107190,2031,55871,1156,51319,0,0,1868,39743,1314,33660,1868,73403,California
Solano,2021-02-27,3661,110851,1381,57252,2279,53598,1,1,2961,42013,692,34352,2962,76365,California
Solano,2021-02-28,1369,112220,1038,58290,331,53929,0,1,1087,42822,279,34631,1088,77453,California
Solano,2021-03-01,2453,114673,1057,59347,1395,55324,1,2,1852,44079,596,35227,1853,79306,California
Solano,2021-03-02,2236,116909,1401,60748,835,56159,0,2,1293,44430,942,36169,1293,80599,California
Solano,2021-03-03,2232,119141,1260,62008,972,57131,0,2,1387,44981,837,37006,1388,81987,California
Solano,2021-03-04,4374,123515,3428,65436,944,58075,2,4,3151,46924,1213,38219,3156,85143,California
Solano,2021-03-05,4921,128436,1683,67119,3233,61308,5,9,3950,49918,961,39180,3955,89098,California
Solano,2021-03-06,3841,132277,833,67952,2969,64277,39,48,2643,51413,1187,40367,2682,91780,California
Solano,2021-03-07,3571,135848,760,68712,2801,67078,10,58,1967,51799,1592,41959,1978,93758,California
Solano,2021-03-08,2133,137981,1337,70049,526,67604,270,328,1612,53163,516,42475,1880,95638,California
Solano,2021-03-09,3217,141198,1568,71617,1595,69199,54,382,2318,54634,898,43373,2369,98007,California
Solano,2021-03-10,2423,143621,1764,73381,574,69773,85,467,1271,54842,1148,44521,1356,99363,California
Solano,2021-03-11,6017,149638,1754,75135,4009,73782,254,721,4965,59014,1048,45569,5220,104583,California
Solano,2021-03-12,6002,155640,1566,76701,4258,78040,178,899,3175,59545,2823,48392,3354,107937,California
Solano,2021-03-13,4573,160213,802,77503,3687,81727,84,983,2230,59527,2336,50728,2318,110255,California
Solano,2021-03-14,3999,164212,3121,80624,423,82150,455,1438,1641,59267,2353,53081,2093,112348,California
Solano,2021-03-15,4014,168226,2452,83076,1243,83393,319,1757,2516,60611,1490,54571,2834,115182,California
Solano,2021-03-16,3088,171314,1321,84397,1531,84924,236,1993,1573,60909,1511,56082,1809,116991,California
Solano,2021-03-17,6383,177697,1672,86069,4620,89544,91,2084,4905,64430,1475,57557,4996,121987,California
Solano,2021-03-18,5196,182893,1846,87915,3313,92857,37,2121,3822,66924,1366,58923,3860,125847,California
Solano,2021-03-19,3558,186451,2633,90548,851,93708,74,2195,1809,67067,1741,60664,1884,127731,California
Solano,2021-03-20,5537,191988,1672,92220,3811,97519,54,2249,2836,67265,2692,63356,2890,130621,California
Solano,2021-03-21,1681,193669,1575,93795,81,97600,25,2274,858,67326,820,64176,881,131502,California
Solano,2021-03-22,2668,196337,2038,95833,580,98180,50,2324,1666,68042,996,65172,1712,133214,California
Solano,2021-03-23,3518,199855,1667,97500,1808,99988,43,2367,1410,67390,2104,67276,1452,134666,California
Solano,2021-03-24,2828,202683,1773,99273,1020,101008,35,2402,1372,67346,1450,68726,1406,136072,California
Solano,2021-03-25,4870,207553,3991,103264,844,101852,35,2437,2281,67077,2585,71311,2316,138388,California
Solano,2021-03-26,3225,210778,2097,105361,1091,102943,37,2474,1739,67376,1477,72788,1776,140164,California
Solano,2021-03-27,4196,214974,1155,106516,3004,105947,37,2511,1792,66806,2398,75186,1828,141992,California
Solano,2021-03-28,1419,216393,1111,107627,290,106237,18,2529,551,66511,864,76050,569,142561,California
Solano,2021-03-29,3500,219893,2044,109671,1439,107676,17,2546,1581,66203,1906,77956,1598,144159,California
Solano,2021-03-30,3011,222904,2013,111684,907,108583,91,2637,1869,67022,1141,79097,1960,146119,California
Solano,2021-03-31,3137,226041,2136,113820,842,109425,159,2796,1840,67723,1294,80391,1995,148114,California
Solano,2021-04-01,5549,231590,2111,115931,3287,112712,151,2947,3509,69356,2027,82418,3660,151774,California
Solano,2021-04-02,6591,238181,2227,118158,4197,116909,167,3114,2554,68056,4022,86440,2722,154496,California
Solano,2021-04-03,1531,239712,965,119123,411,117320,155,3269,571,67824,958,87398,726,155222,California
Solano,2021-04-04,781,240493,288,119411,191,117511,302,3571,241,67831,536,87934,543,155765,California
Solano,2021-04-05,2986,243479,2039,121450,740,118251,207,3778,1514,68081,1470,89404,1720,157485,California
Solano,2021-04-06,6014,249493,1633,123083,3891,122142,490,4268,1641,65853,4366,93770,2138,159623,California
Solano,2021-04-07,5894,255387,4562,127645,937,123079,395,4663,3350,67072,2526,96296,3745,163368,California
Solano,2021-04-08,6422,261809,1784,129429,3776,126855,862,5525,1802,65137,4592,100888,2657,166025,California
Solano,2021-04-09,6252,268061,1658,131087,3750,130605,844,6369,1513,62773,4716,105604,2352,168377,California
Solano,2021-04-10,1726,269787,953,132040,448,131053,325,6694,794,62960,931,106535,1118,169495,California
Solano,2021-04-11,1231,271018,765,132805,337,131390,129,6823,638,63137,590,107125,767,170262,California
Solano,2021-04-12,3248,274266,1670,134475,1219,132609,359,7182,1339,62928,1904,109029,1695,171957,California
Solano,2021-04-13,2530,276796,1092,135567,1437,134046,1,7183,1319,63041,1207,110236,1320,173277,California
Solano,2021-04-14,6450,283246,1946,137513,4504,138550,0,7183,1853,60306,4589,114825,1854,175131,California
Solano,2021-04-15,5666,288912,2138,139651,3528,142078,0,7183,1719,58091,3934,118759,1719,176850,California
Solano,2021-04-16,3668,292580,2576,142227,1090,143168,2,7185,2278,58987,1384,120143,2280,179130,California
Solano,2021-04-17,3250,295830,1059,143286,2191,145359,0,7185,1123,57992,2119,122262,1124,180254,California
Solano,2021-04-18,1004,296834,610,143896,394,145753,0,7185,529,58047,474,122736,529,180783,California
Solano,2021-04-19,2107,298941,1158,145054,949,146702,0,7185,1173,58293,929,123665,1175,181958,California
Solano,2021-04-20,3019,301960,1842,146896,1177,147879,0,7185,1681,58640,1334,124999,1681,183639,California
Solano,2021-04-21,3562,305522,2333,149229,1229,149108,0,7185,1787,58657,1770,126769,1787,185426,California
Solano,2021-04-22,2930,308452,1481,150710,1449,150557,0,7185,1778,59285,1150,127919,1778,187204,California
Solano,2021-04-23,4147,312599,2086,152796,2061,152618,0,7185,2496,60136,1646,129565,2497,189701,California
Solano,2021-04-24,3822,316421,2291,155087,1529,154147,2,7187,2530,61462,1206,130771,2532,192233,California
Solano,2021-04-25,1427,317848,1113,156200,314,154461,0,7187,1128,62298,292,131063,1128,193361,California
Solano,2021-04-26,2468,320316,1597,157797,867,155328,4,7191,1322,62490,1134,132197,1326,194687,California
Solano,2021-04-27,2500,322816,1246,159043,1230,156558,24,7215,1433,62888,1061,133258,1459,196146,California
Solano,2021-04-28,5181,327997,4202,163245,933,157491,46,7261,3201,64165,1970,135228,3247,199393,California
Solano,2021-04-29,4155,332152,1265,164510,2858,160349,32,7293,1693,63436,2454,137682,1725,201118,California
Solano,2021-04-30,4029,336181,2189,166699,1708,162057,132,7425,1869,63292,2145,139827,2001,203119,California
Solano,2021-05-01,2173,338354,1676,168375,297,162354,200,7625,1295,63913,874,140701,1495,204614,California
Solano,2021-05-02,1196,339550,936,169311,236,162590,24,7649,668,64082,523,141224,692,205306,California
Solano,2021-05-03,1450,341000,1008,170319,355,162945,87,7736,592,63905,857,142081,680,205986,California
Solano,2021-05-04,1788,342788,1042,171361,681,163626,65,7801,801,63786,985,143066,866,206852,California
Solano,2021-05-05,2247,345035,1408,172769,728,164354,111,7912,1080,63813,1162,144228,1189,208041,California
Solano,2021-05-06,1934,346969,1172,173941,589,164943,173,8085,710,63480,1216,145444,883,208924,California
Solano,2021-05-07,2732,349701,1881,175822,736,165679,115,8200,948,62763,1778,147222,1061,209985,California
Solano,2021-05-08,1367,351068,827,176649,425,166104,115,8315,475,62464,889,148111,590,210575,California
Solano,2021-05-09,416,351484,240,176889,165,166269,11,8326,155,62373,258,148369,167,210742,California
Solano,2021-05-10,1315,352799,603,177492,609,166878,103,8429,381,61927,931,149300,485,211227,California
Solano,2021-05-11,2224,355023,1116,178608,1024,167902,84,8513,617,61026,1602,150902,701,211928,California
Solano,2021-05-12,2046,357069,1151,179759,725,168627,170,8683,679,60516,1357,152259,847,212775,California
Solano,2021-05-13,2852,359921,1955,181714,689,169316,208,8891,1499,60873,1350,153609,1707,214482,California
Solano,2021-05-14,2369,362290,1587,183301,667,169983,115,9006,996,60620,1364,154973,1111,215593,California
Solano,2021-05-15,2860,365150,2230,185531,569,170552,61,9067,1176,60184,1673,156646,1237,216830,California
Solano,2021-05-16,1476,366626,1090,186621,353,170905,33,9100,241,59225,1232,157878,273,217103,California
Solano,2021-05-17,2431,369057,1404,188025,943,171848,84,9184,933,58759,1479,159357,1013,218116,California
Solano,2021-05-18,2746,371803,1474,189499,1186,173034,86,9270,1352,58814,1382,160739,1437,219553,California
Solano,2021-05-19,4821,376624,3297,192796,1418,174452,106,9376,2248,58606,2563,163302,2355,221908,California
Solano,2021-05-20,2195,378819,1317,194113,833,175285,45,9421,949,58360,1240,164542,994,222902,California
Solano,2021-05-21,3112,381931,1570,195683,1482,176767,60,9481,1237,57793,1864,166406,1297,224199,California
Solano,2021-05-22,2125,384056,1643,197326,424,177191,58,9539,905,57543,1213,167619,963,225162,California
Solano,2021-05-23,1086,385142,926,198252,150,177341,10,9549,552,57573,532,168151,562,225724,California
Solano,2021-05-24,1273,386415,745,198997,496,177837,32,9581,379,57092,891,169042,410,226134,California
Sonoma,2020-12-15,4,4,4,4,0,0,0,0,4,4,0,0,4,4,California
Sonoma,2020-12-16,27,31,27,31,0,0,0,0,27,31,0,0,27,31,California
Sonoma,2020-12-17,104,135,104,135,0,0,0,0,104,135,0,0,104,135,California
Sonoma,2020-12-18,423,558,423,558,0,0,0,0,423,558,0,0,423,558,California
Sonoma,2020-12-19,112,670,111,669,1,1,0,0,112,670,0,0,112,670,California
Sonoma,2020-12-20,175,845,175,844,0,1,0,0,175,845,0,0,175,845,California
Sonoma,2020-12-21,910,1755,908,1752,2,3,0,0,909,1754,0,0,909,1754,California
Sonoma,2020-12-22,1354,3109,1263,3015,91,94,0,0,1354,3108,0,0,1354,3108,California
Sonoma,2020-12-23,1608,4717,1233,4248,375,469,0,0,1609,4717,0,0,1609,4717,California
Sonoma,2020-12-24,305,5022,101,4349,204,673,0,0,305,5022,0,0,305,5022,California
Sonoma,2020-12-25,8,5030,2,4351,6,679,0,0,8,5030,0,0,8,5030,California
Sonoma,2020-12-26,268,5298,257,4608,11,690,0,0,268,5298,0,0,268,5298,California
Sonoma,2020-12-27,93,5391,80,4688,13,703,0,0,93,5391,0,0,93,5391,California
Sonoma,2020-12-28,985,6376,552,5240,433,1136,0,0,956,6347,0,0,956,6347,California
Sonoma,2020-12-29,1129,7505,777,6017,352,1488,0,0,1096,7443,0,0,1096,7443,California
Sonoma,2020-12-30,1094,8599,479,6496,615,2103,0,0,1086,8529,0,0,1086,8529,California
Sonoma,2020-12-31,517,9116,71,6567,446,2549,0,0,518,9047,0,0,518,9047,California
Sonoma,2021-01-01,12,9128,6,6573,6,2555,0,0,12,9059,0,0,12,9059,California
Sonoma,2021-01-02,132,9260,125,6698,7,2562,0,0,132,9191,0,0,132,9191,California
Sonoma,2021-01-03,24,9284,10,6708,14,2576,0,0,24,9215,0,0,24,9215,California
Sonoma,2021-01-04,343,9627,106,6814,237,2813,0,0,342,9557,0,0,342,9557,California
Sonoma,2021-01-05,435,10062,102,6916,333,3146,0,0,411,9953,15,15,411,9968,California
Sonoma,2021-01-06,950,11012,434,7350,516,3662,0,0,838,10685,106,121,838,10806,California
Sonoma,2021-01-07,1031,12043,536,7886,495,4157,0,0,860,11375,170,291,860,11666,California
Sonoma,2021-01-08,1792,13835,1234,9120,558,4715,0,0,1319,12223,471,762,1319,12985,California
Sonoma,2021-01-09,639,14474,403,9523,236,4951,0,0,591,12766,48,810,591,13576,California
Sonoma,2021-01-10,472,14946,461,9984,11,4962,0,0,277,12848,195,1005,277,13853,California
Sonoma,2021-01-11,1385,16331,1238,11222,147,5109,0,0,414,12296,966,1971,414,14267,California
Sonoma,2021-01-12,1545,17876,1292,12514,253,5362,0,0,395,11543,1148,3119,395,14662,California
Sonoma,2021-01-13,2047,19923,1368,13882,679,6041,0,0,1180,11860,864,3983,1181,15843,California
Sonoma,2021-01-14,1540,21463,808,14690,732,6773,0,0,1310,12940,230,4213,1310,17153,California
Sonoma,2021-01-15,1560,23023,628,15318,932,7705,0,0,1339,14068,212,4425,1340,18493,California
Sonoma,2021-01-16,1145,24168,618,15936,527,8232,0,0,897,14721,244,4669,897,19390,California
Sonoma,2021-01-17,668,24836,547,16483,121,8353,0,0,588,15229,80,4749,588,19978,California
Sonoma,2021-01-18,1112,25948,936,17419,176,8529,0,0,622,15362,490,5239,623,20601,California
Sonoma,2021-01-19,2100,28048,1005,18424,1095,9624,0,0,1388,16041,710,5949,1389,21990,California
Sonoma,2021-01-20,2086,30134,628,19052,1458,11082,0,0,1423,16812,653,6602,1424,23414,California
Sonoma,2021-01-21,2267,32401,646,19698,1621,12703,0,0,2046,18640,219,6821,2047,25461,California
Sonoma,2021-01-22,2742,35143,1044,20742,1698,14401,0,0,2593,21085,148,6969,2593,28054,California
Sonoma,2021-01-23,764,35907,592,21334,172,14573,0,0,657,21636,106,7075,657,28711,California
Sonoma,2021-01-24,847,36754,716,22050,131,14704,0,0,831,22451,16,7091,831,29542,California
Sonoma,2021-01-25,2174,38928,519,22569,1655,16359,0,0,1688,23653,486,7577,1688,31230,California
Sonoma,2021-01-26,2016,40944,302,22871,1714,18073,0,0,1561,24760,454,8031,1561,32791,California
Sonoma,2021-01-27,3705,44649,1278,24149,2427,20500,0,0,3133,27326,570,8601,3136,35927,California
Sonoma,2021-01-28,4122,48771,1850,25999,2272,22772,0,0,3449,30106,670,9271,3450,39377,California
Sonoma,2021-01-29,2969,51740,1410,27409,1559,24331,0,0,2132,31404,835,10106,2133,41510,California
Sonoma,2021-01-30,2591,54331,2402,29811,189,24520,0,0,2248,33310,343,10449,2249,43759,California
Sonoma,2021-01-31,809,55140,697,30508,112,24632,0,0,580,33662,228,10677,580,44339,California
Sonoma,2021-02-01,2473,57613,850,31358,1623,26255,0,0,2096,35384,374,11051,2096,46435,California
Sonoma,2021-02-02,3525,61138,1371,32729,2154,28409,0,0,2958,37777,565,11616,2958,49393,California
Sonoma,2021-02-03,4044,65182,1324,34053,2720,31129,0,0,3116,39968,925,12541,3116,52509,California
Sonoma,2021-02-04,4215,69397,1727,35780,2488,33617,0,0,3425,42606,788,13329,3426,55935,California
Sonoma,2021-02-05,4819,74216,1739,37519,3080,36697,0,0,3798,45388,1017,14346,3799,59734,California
Sonoma,2021-02-06,2638,76854,2278,39797,360,37057,0,0,2108,46967,529,14875,2108,61842,California
Sonoma,2021-02-07,1539,78393,1403,41200,136,37193,0,0,1287,48002,252,15127,1287,63129,California
Sonoma,2021-02-08,3266,81659,1038,42238,2228,39421,0,0,2680,50097,585,15712,2680,65809,California
Sonoma,2021-02-09,3573,85232,1701,43939,1872,41293,0,0,3094,52715,477,16189,3095,68904,California
Sonoma,2021-02-10,4550,89782,2484,46423,2066,43359,0,0,3544,55259,1001,17190,3545,72449,California
Sonoma,2021-02-11,5587,95369,3024,49447,2563,45922,0,0,4400,58474,1185,18375,4400,76849,California
Sonoma,2021-02-12,5905,101274,3245,52692,2660,48582,0,0,4478,61532,1423,19798,4481,81330,California
Sonoma,2021-02-13,1989,103263,1151,53843,838,49420,0,0,1205,61956,781,20579,1205,82535,California
Sonoma,2021-02-14,2312,105575,1819,55662,493,49913,0,0,1568,62781,743,21322,1568,84103,California
Sonoma,2021-02-15,2144,107719,791,56453,1353,51266,0,0,1607,63851,537,21859,1607,85710,California
Sonoma,2021-02-16,4903,112622,2054,58507,2849,54115,0,0,3643,66239,1256,23115,3644,89354,California
Sonoma,2021-02-17,5605,118227,2901,61408,2704,56819,0,0,3577,67798,2020,25135,3579,92933,California
Sonoma,2021-02-18,6937,125164,3138,64546,3799,60618,0,0,4002,68877,2925,28060,4004,96937,California
Sonoma,2021-02-19,5517,130681,1664,66210,3853,64471,0,0,3419,70204,2093,30153,3420,100357,California
Sonoma,2021-02-20,3107,133788,2830,69040,277,64748,0,0,1206,69514,1896,32049,1206,101563,California
Sonoma,2021-02-21,532,134320,427,69467,105,64853,0,0,141,69267,388,32437,141,101704,California
Sonoma,2021-02-22,2874,137194,1354,70821,1520,66373,0,0,1194,68786,1675,34112,1194,102898,California
Sonoma,2021-02-23,3376,140570,2081,72902,1295,67668,0,0,1625,68664,1747,35859,1625,104523,California
Sonoma,2021-02-24,5649,146219,2550,75452,3099,70767,0,0,2921,68863,2723,38582,2922,107445,California
Sonoma,2021-02-25,5803,152022,2240,77692,3563,74330,0,0,3113,69308,2668,41250,3113,110558,California
Sonoma,2021-02-26,6268,158290,2761,80453,3507,77837,0,0,3975,70996,2287,43537,3975,114533,California
Sonoma,2021-02-27,4059,162349,1921,82374,2138,79975,0,0,2709,72357,1348,44885,2709,117242,California
Sonoma,2021-02-28,2323,164672,1837,84211,486,80461,0,0,609,71266,1700,46585,609,117851,California
Sonoma,2021-03-01,3755,168427,1144,85355,2611,83072,0,0,1891,71304,1854,48439,1892,119743,California
Sonoma,2021-03-02,4383,172810,1509,86864,2874,85946,0,0,2560,72048,1816,50255,2560,122303,California
Sonoma,2021-03-03,5058,177868,2639,89503,2419,88365,0,0,2331,71659,2720,52975,2331,124634,California
Sonoma,2021-03-04,5943,183811,2681,92184,3262,91627,0,0,2583,70896,3346,56321,2583,127217,California
Sonoma,2021-03-05,6487,190298,2860,95044,3612,95239,15,15,2746,69931,3727,60048,2762,129979,California
Sonoma,2021-03-06,2790,193088,1219,96263,1436,96675,135,150,1919,71120,864,60912,2053,132032,California
Sonoma,2021-03-07,1711,194799,1399,97662,277,96952,35,185,381,70208,1328,62240,416,132448,California
Sonoma,2021-03-08,4064,198863,662,98324,3227,100179,175,360,2391,71110,1662,63902,2564,135012,California
Sonoma,2021-03-09,5576,204439,3085,101409,2248,102427,243,603,2750,71284,2819,66721,2993,138005,California
Sonoma,2021-03-10,5996,210435,3205,104614,2463,104890,328,931,2428,70485,3554,70275,2755,140760,California
Sonoma,2021-03-11,7544,217979,3011,107625,3713,108603,820,1751,2572,68916,4962,75237,3393,144153,California
Sonoma,2021-03-12,7398,225377,2268,109893,3767,112370,1363,3114,2108,67111,5271,80508,3466,147619,California
Sonoma,2021-03-13,3404,228781,1690,111583,1478,113848,236,3350,1998,67938,1405,81913,2232,149851,California
Sonoma,2021-03-14,1384,230165,385,111968,858,114706,141,3491,847,68391,534,82447,987,150838,California
Sonoma,2021-03-15,5243,235408,1515,113483,3343,118049,385,3876,2197,67935,3036,85483,2580,153418,California
Sonoma,2021-03-16,6287,241695,2248,115731,3808,121857,231,4107,2903,67690,3377,88860,3132,156550,California
Sonoma,2021-03-17,6756,248451,3531,119262,3045,124902,180,4287,3281,67687,3463,92323,3460,160010,California
Sonoma,2021-03-18,7133,255584,2940,122202,3578,128480,615,4902,3182,67540,3941,96264,3794,163804,California
Sonoma,2021-03-19,7501,263085,3250,125452,4020,132500,231,5133,3200,66694,4282,100546,3436,167240,California
Sonoma,2021-03-20,3712,266797,1752,127204,1130,133630,830,5963,2034,67883,1671,102217,2860,170100,California
Sonoma,2021-03-21,1384,268181,603,127807,748,134378,33,5996,1212,68960,168,102385,1245,171345,California
Sonoma,2021-03-22,4540,272721,3107,130914,1330,135708,103,6099,3427,71383,1107,103492,3530,174875,California
Sonoma,2021-03-23,5834,278555,3633,134547,2126,137834,75,6174,4410,74454,1414,104906,4485,179360,California
Sonoma,2021-03-24,6795,285350,4276,138823,2453,140287,66,6240,4163,76069,2613,107519,4228,183588,California
Sonoma,2021-03-25,7055,292405,4199,143022,2748,143035,108,6348,4277,77701,2754,110273,4386,187974,California
Sonoma,2021-03-26,7441,299846,3459,146481,3888,146923,94,6442,3915,78200,3509,113782,4008,191982,California
Sonoma,2021-03-27,3861,303707,1508,147989,1991,148914,362,6804,1121,76951,2732,116514,1483,193465,California
Sonoma,2021-03-28,1511,305218,950,148939,534,149448,27,6831,944,77358,564,117078,971,194436,California
Sonoma,2021-03-29,2957,308175,1103,150042,1821,151269,33,6864,1666,77771,1286,118364,1699,196135,California
Sonoma,2021-03-30,5823,313998,3213,153255,2548,153817,62,6926,3031,78080,2785,121149,3094,199229,California
Sonoma,2021-03-31,5608,319606,3403,156658,1991,155808,214,7140,3235,79171,2360,123509,3451,202680,California
Sonoma,2021-04-01,6766,326372,4031,160689,2395,158203,340,7480,3622,80002,3122,126631,3953,206633,California
Sonoma,2021-04-02,5952,332324,3570,164259,2273,160476,109,7589,3573,81313,2371,129002,3682,210315,California
Sonoma,2021-04-03,3654,335978,1827,166086,1602,162078,225,7814,1610,81114,2032,131034,1833,212148,California
Sonoma,2021-04-04,1063,337041,692,166778,280,162358,91,7905,658,81462,401,131435,749,212897,California
Sonoma,2021-04-05,4401,341442,622,167400,3437,165795,342,8247,1656,80721,2738,134173,1997,214894,California
Sonoma,2021-04-06,6887,348329,3489,170889,2993,168788,405,8652,4001,82254,2872,137045,4405,219299,California
Sonoma,2021-04-07,6799,355128,3839,174728,2123,170911,837,9489,3307,82913,3483,140528,4142,223441,California
Sonoma,2021-04-08,7515,362643,4106,178834,2638,173549,771,10260,4093,84360,3413,143941,4860,228301,California
Sonoma,2021-04-09,6781,369424,3773,182607,2126,175675,882,11142,3483,85435,3285,147226,4360,232661,California
Sonoma,2021-04-10,3871,373295,1683,184290,1633,177308,555,11697,1125,84373,2737,149963,1675,234336,California
Sonoma,2021-04-11,1282,374577,605,184895,595,177903,82,11779,437,84048,844,150807,519,234855,California
Sonoma,2021-04-12,4928,379505,2050,186945,2397,180300,481,12260,1839,83283,3078,153885,2313,237168,California
Sonoma,2021-04-13,7802,387307,4622,191567,3178,183478,2,12262,2960,81414,4831,158716,2962,240130,California
Sonoma,2021-04-14,6546,393853,3728,195295,2798,186276,20,12282,2527,79954,4006,162722,2546,242676,California
Sonoma,2021-04-15,7219,401072,4095,199390,3124,189400,0,12282,3563,79873,3645,166367,3564,246240,California
Sonoma,2021-04-16,6782,407854,3408,202798,3372,192772,2,12284,3839,80778,2936,169303,3841,250081,California
Sonoma,2021-04-17,3176,411030,1539,204337,1637,194409,0,12284,1530,80675,1634,170937,1531,251612,California
Sonoma,2021-04-18,1273,412303,876,205213,397,194806,0,12284,436,80275,836,171773,436,252048,California
Sonoma,2021-04-19,3307,415610,1872,207085,1434,196240,1,12285,1447,79867,1856,173629,1448,253496,California
Sonoma,2021-04-20,6258,421868,3459,210544,2799,199039,0,12285,2346,78313,3901,177530,2347,255843,California
Sonoma,2021-04-21,6506,428374,4207,214751,2297,201336,2,12287,2947,77719,3542,181072,2948,258791,California
Sonoma,2021-04-22,6197,434571,4464,219215,1733,203069,0,12287,2511,76559,3671,184743,2511,261302,California
Sonoma,2021-04-23,7418,441989,4622,223837,2790,205859,6,12293,3629,76419,3776,188519,3636,264938,California
Sonoma,2021-04-24,2774,444763,1511,225348,1249,207108,14,12307,1551,76766,1218,189737,1565,266503,California
Sonoma,2021-04-25,1085,445848,787,226135,298,207406,0,12307,435,76553,648,190385,435,266938,California
Sonoma,2021-04-26,2775,448623,1293,227428,1454,208860,28,12335,1518,76849,1250,191635,1546,268484,California
Sonoma,2021-04-27,5318,453941,3634,231062,1585,210445,99,12434,2175,75993,3130,194765,2274,270758,California
Sonoma,2021-04-28,4858,458799,3195,234257,1468,211913,195,12629,2091,75523,2751,197516,2281,273039,California
Sonoma,2021-04-29,4812,463611,3428,237685,1239,213152,145,12774,1759,74382,3045,200561,1904,274943,California
Sonoma,2021-04-30,5436,469047,3620,241305,1523,214675,293,13067,1814,72879,3609,204170,2106,277049,California
Sonoma,2021-05-01,2476,471523,1777,243082,593,215268,106,13173,1234,72982,1234,205404,1337,278386,California
Sonoma,2021-05-02,864,472387,644,243726,169,215437,51,13224,553,73276,311,205715,605,278991,California
Sonoma,2021-05-03,3179,475566,1680,245406,1354,216791,145,13369,1055,72359,2115,207830,1198,280189,California
Sonoma,2021-05-04,4577,480143,2406,247812,1994,218785,177,13546,1474,70923,3083,210913,1647,281836,California
Sonoma,2021-05-05,3663,483806,2181,249993,1289,220074,193,13739,1309,70079,2344,213257,1500,283336,California
Sonoma,2021-05-06,4502,488308,2406,252399,1969,222043,127,13866,1370,68455,3119,216376,1495,284831,California
Sonoma,2021-05-07,3585,491893,2310,254709,1153,223196,122,13988,1080,67162,2496,218872,1203,286034,California
Sonoma,2021-05-08,1844,493737,1254,255963,498,223694,92,14080,754,66922,1086,219958,846,286880,California
Sonoma,2021-05-09,510,494247,294,256257,175,223869,41,14121,182,66820,325,220283,223,287103,California
Sonoma,2021-05-10,2296,496543,1034,257291,1129,224998,133,14254,281,65230,2001,222284,411,287514,California
Sonoma,2021-05-11,3498,500041,1893,259184,1490,226488,115,14369,953,63765,2533,224817,1068,288582,California
Sonoma,2021-05-12,3909,503950,2441,261625,1330,227818,138,14507,868,61739,3032,227849,1006,289588,California
Sonoma,2021-05-13,4715,508665,2712,264337,1889,229707,114,14621,1564,60275,3140,230989,1676,291264,California
Sonoma,2021-05-14,5795,514460,3597,267934,2061,231768,137,14758,2220,59072,3561,234550,2358,293622,California
Sonoma,2021-05-15,2905,517365,2133,270067,710,232478,62,14820,1844,59924,1053,235603,1905,295527,California
Sonoma,2021-05-16,962,518327,760,270827,155,232633,47,14867,645,60302,314,235917,692,296219,California
Sonoma,2021-05-17,2440,520767,1818,272645,528,233161,94,14961,961,59882,1474,237391,1054,297273,California
Sonoma,2021-05-18,4303,525070,2844,275489,1352,234513,107,15068,1513,58729,2772,240163,1619,298892,California
Sonoma,2021-05-19,3695,528765,2382,277871,1200,235713,113,15181,1556,58271,2127,242290,1669,300561,California
Sonoma,2021-05-20,2957,531722,2003,279874,863,236576,91,15272,1300,58009,1648,243938,1386,301947,California
Sonoma,2021-05-21,3732,535454,2114,281988,1493,238069,125,15397,1320,57048,2393,246331,1432,303379,California
Sonoma,2021-05-22,2019,537473,1081,283069,900,238969,38,15435,557,56193,1450,247781,595,303974,California
Sonoma,2021-05-23,1099,538572,958,284027,128,239097,13,15448,574,56261,519,248300,587,304561,California
Sonoma,2021-05-24,1200,539772,865,284892,283,239380,52,15500,412,55943,782,249082,464,305025,California
Stanislaus,2020-12-15,3,3,3,3,0,0,0,0,3,3,0,0,3,3,California
Stanislaus,2020-12-16,37,40,37,40,0,0,0,0,37,40,0,0,37,40,California
Stanislaus,2020-12-17,75,115,75,115,0,0,0,0,75,115,0,0,75,115,California
Stanislaus,2020-12-18,338,453,332,447,6,6,0,0,338,453,0,0,338,453,California
Stanislaus,2020-12-19,134,587,134,581,0,6,0,0,134,587,0,0,134,587,California
Stanislaus,2020-12-20,86,673,86,667,0,6,0,0,86,673,0,0,86,673,California
Stanislaus,2020-12-21,999,1672,998,1665,1,7,0,0,998,1671,0,0,998,1671,California
Stanislaus,2020-12-22,795,2467,783,2448,12,19,0,0,795,2466,0,0,795,2466,California
Stanislaus,2020-12-23,448,2915,430,2878,18,37,0,0,447,2913,0,0,447,2913,California
Stanislaus,2020-12-24,97,3012,88,2966,9,46,0,0,97,3010,0,0,97,3010,California
Stanislaus,2020-12-26,51,3063,8,2974,43,89,0,0,51,3061,0,0,51,3061,California
Stanislaus,2020-12-27,11,3074,6,2980,5,94,0,0,11,3072,0,0,11,3072,California
Stanislaus,2020-12-28,488,3562,395,3375,93,187,0,0,488,3560,0,0,488,3560,California
Stanislaus,2020-12-29,494,4056,415,3790,79,266,0,0,494,4054,0,0,494,4054,California
Stanislaus,2020-12-30,535,4591,280,4070,255,521,0,0,534,4587,1,1,534,4588,California
Stanislaus,2020-12-31,275,4866,156,4226,119,640,0,0,275,4862,0,1,275,4863,California
Stanislaus,2021-01-01,12,4878,4,4230,8,648,0,0,12,4874,0,1,12,4875,California
Stanislaus,2021-01-02,33,4911,26,4256,7,655,0,0,33,4907,0,1,33,4908,California
Stanislaus,2021-01-03,90,5001,87,4343,3,658,0,0,90,4997,0,1,90,4998,California
Stanislaus,2021-01-04,232,5233,152,4495,80,738,0,0,232,5229,0,1,232,5230,California
Stanislaus,2021-01-05,834,6067,343,4838,491,1229,0,0,809,6022,24,25,817,6047,California
Stanislaus,2021-01-06,1004,7071,600,5438,404,1633,0,0,931,6885,70,95,933,6980,California
Stanislaus,2021-01-07,1079,8150,703,6141,376,2009,0,0,888,7590,185,280,890,7870,California
Stanislaus,2021-01-08,1275,9425,720,6861,555,2564,0,0,933,8189,339,619,938,8808,California
Stanislaus,2021-01-09,288,9713,142,7003,146,2710,0,0,198,8297,90,709,198,9006,California
Stanislaus,2021-01-10,48,9761,22,7025,26,2736,0,0,29,8307,19,728,29,9035,California
Stanislaus,2021-01-11,1496,11257,1217,8242,279,3015,0,0,569,7972,922,1650,587,9622,California
Stanislaus,2021-01-12,1470,12727,864,9106,606,3621,0,0,831,8177,635,2285,840,10462,California
Stanislaus,2021-01-13,1444,14171,687,9793,757,4378,0,0,1122,8986,322,2607,1131,11593,California
Stanislaus,2021-01-14,2236,16407,283,10076,1953,6331,0,0,2066,10953,167,2774,2134,13727,California
Stanislaus,2021-01-15,2825,19232,1159,11235,1666,7997,0,0,2672,13556,149,2923,2752,16479,California
Stanislaus,2021-01-16,473,19705,50,11285,423,8420,0,0,456,13998,16,2939,458,16937,California
Stanislaus,2021-01-17,244,19949,202,11487,42,8462,0,0,237,14229,6,2945,237,17174,California
Stanislaus,2021-01-18,2185,22134,1022,12509,1163,9625,0,0,1797,15715,383,3328,1869,19043,California
Stanislaus,2021-01-19,1253,23387,724,13233,529,10154,0,0,806,16079,443,3771,807,19850,California
Stanislaus,2021-01-20,1012,24399,490,13723,522,10676,0,0,717,16502,294,4065,717,20567,California
Stanislaus,2021-01-21,3687,28086,2973,16696,714,11390,0,0,3362,19649,321,4386,3468,24035,California
Stanislaus,2021-01-22,1093,29179,307,17003,786,12176,0,0,1049,20661,40,4426,1052,25087,California
Stanislaus,2021-01-23,358,29537,44,17047,314,12490,0,0,300,20905,57,4483,301,25388,California
Stanislaus,2021-01-24,302,29839,100,17147,202,12692,0,0,236,21077,66,4549,238,25626,California
Stanislaus,2021-01-25,3154,32993,227,17374,2927,15619,0,0,2832,23768,286,4835,2977,28603,California
Stanislaus,2021-01-26,1724,34717,744,18118,980,16599,0,0,1299,24665,418,5253,1315,29918,California
Stanislaus,2021-01-27,1891,36608,1052,19170,839,17438,0,0,1186,25192,660,5913,1187,31105,California
Stanislaus,2021-01-28,2209,38817,1511,20681,698,18136,0,0,1720,26491,481,6394,1780,32885,California
Stanislaus,2021-01-29,2440,41257,1193,21874,1247,19383,0,0,1908,27961,487,6881,1957,34842,California
Stanislaus,2021-01-30,293,41550,132,22006,161,19544,0,0,229,28137,53,6934,229,35071,California
Stanislaus,2021-01-31,369,41919,315,22321,54,19598,0,0,354,28479,12,6946,354,35425,California
Stanislaus,2021-02-01,1296,43215,586,22907,710,20308,0,0,941,29076,344,7290,941,36366,California
Stanislaus,2021-02-02,1210,44425,348,23255,862,21170,0,0,776,29431,423,7713,778,37144,California
Stanislaus,2021-02-03,2609,47034,1227,24482,1382,22552,0,0,1915,30670,688,8401,1927,39071,California
Stanislaus,2021-02-04,2088,49122,709,25191,1379,23931,0,0,1580,31761,494,8895,1585,40656,California
Stanislaus,2021-02-05,2849,51971,1470,26661,1379,25310,0,0,1591,32167,1198,10093,1604,42260,California
Stanislaus,2021-02-06,886,52857,300,26961,586,25896,0,0,694,32673,190,10283,696,42956,California
Stanislaus,2021-02-07,233,53090,208,27169,25,25921,0,0,43,32530,187,10470,44,43000,California
Stanislaus,2021-02-08,2032,55122,1332,28501,700,26621,0,0,1100,32756,893,11363,1119,44119,California
Stanislaus,2021-02-09,1841,56963,784,29285,1057,27678,0,0,1046,33036,774,12137,1054,45173,California
Stanislaus,2021-02-10,1933,58896,533,29818,1400,29078,0,0,1011,33148,901,13038,1013,46186,California
Stanislaus,2021-02-11,5385,64281,3267,33085,2118,31196,0,0,1228,30428,3954,16992,1234,47420,California
Stanislaus,2021-02-12,3299,67580,914,33999,2385,33581,0,0,1451,30116,1769,18761,1457,48877,California
Stanislaus,2021-02-13,1352,68932,652,34651,700,34281,0,0,981,30735,366,19127,985,49862,California
Stanislaus,2021-02-14,421,69353,167,34818,254,34535,0,0,353,31022,66,19193,353,50215,California
Stanislaus,2021-02-15,1814,71167,229,35047,1585,36120,0,0,582,30489,1119,20312,586,50801,California
Stanislaus,2021-02-16,1360,72527,421,35468,939,37059,0,0,580,30301,770,21082,582,51383,California
Stanislaus,2021-02-17,2753,75280,1686,37154,1067,38126,0,0,1922,31407,826,21908,1932,53315,California
Stanislaus,2021-02-18,3357,78637,1898,39052,1459,39585,0,0,1782,31727,1490,23398,1810,55125,California
Stanislaus,2021-02-19,2758,81395,1065,40117,1693,41278,0,0,1523,32072,1192,24590,1537,56662,California
Stanislaus,2021-02-20,748,82143,380,40497,368,41646,0,0,473,32290,257,24847,475,57137,California
Stanislaus,2021-02-21,906,83049,691,41188,215,41861,0,0,545,32509,337,25184,556,57693,California
Stanislaus,2021-02-22,2342,85391,1692,42880,650,42511,0,0,1626,33440,697,25881,1628,59321,California
Stanislaus,2021-02-23,3692,89083,677,43557,3015,45526,0,0,1716,33345,1823,27704,1728,61049,California
Stanislaus,2021-02-24,4172,93255,2847,46404,1325,46851,0,0,3115,35424,1039,28743,3118,64167,California
Stanislaus,2021-02-25,3883,97138,2646,49050,1237,48088,0,0,3079,37721,785,29528,3082,67249,California
Stanislaus,2021-02-26,4189,101327,1217,50267,2972,51060,0,0,2829,39253,1307,30835,2839,70088,California
Stanislaus,2021-02-27,2089,103416,708,50975,1380,52440,1,1,1856,40906,205,31040,1858,71946,California
Stanislaus,2021-02-28,818,104234,262,51237,556,52996,0,1,769,41637,39,31079,770,72716,California
Stanislaus,2021-03-01,2770,107004,1629,52866,1139,54135,2,3,1629,42172,1106,32185,1641,74357,California
Stanislaus,2021-03-02,2391,109395,1423,54289,967,55102,1,4,1658,43110,723,32908,1661,76018,California
Stanislaus,2021-03-03,3708,113103,2227,56516,1479,56581,2,6,2904,45228,787,33695,2905,78923,California
Stanislaus,2021-03-04,5438,118541,3103,59619,2319,58900,16,22,4191,48214,1217,34912,4203,83126,California
Stanislaus,2021-03-05,4023,122564,1115,60734,2892,61792,16,38,3053,50339,944,35856,3069,86195,California
Stanislaus,2021-03-06,3574,126138,2226,62960,1255,63047,93,131,2722,52308,848,36704,2817,89012,California
Stanislaus,2021-03-07,850,126988,389,63349,425,63472,36,167,661,52822,183,36887,697,89709,California
Stanislaus,2021-03-08,1992,128980,862,64211,1041,64513,89,256,1332,53601,641,37528,1420,91129,California
Stanislaus,2021-03-09,2182,131162,905,65116,1185,65698,92,348,1639,54805,531,38059,1735,92864,California
Stanislaus,2021-03-10,5064,136226,2499,67615,2343,68041,222,570,3743,57479,1304,39363,3978,96842,California
Stanislaus,2021-03-11,5715,141941,3140,70755,2099,70140,476,1046,4124,60658,1427,40790,4606,101448,California
Stanislaus,2021-03-12,5766,147707,1229,71984,2615,72755,1922,2968,2912,62659,2829,43619,4830,106278,California
Stanislaus,2021-03-13,3381,151088,2182,74166,1131,73886,68,3036,2689,64738,683,44302,2762,109040,California
Stanislaus,2021-03-14,996,152084,595,74761,350,74236,51,3087,490,64779,503,44805,544,109584,California
Stanislaus,2021-03-15,3692,155776,1975,76736,1356,75592,361,3448,1607,64763,1990,46795,1974,111558,California
Stanislaus,2021-03-16,4920,160696,2451,79187,2058,77650,411,3859,3544,67360,1357,48152,3954,115512,California
Stanislaus,2021-03-17,4720,165416,2856,82043,1686,79336,178,4037,2885,68621,1808,49960,3069,118581,California
Stanislaus,2021-03-18,5420,170836,3420,85463,1934,81270,66,4103,2975,69374,2292,52252,3045,121626,California
Stanislaus,2021-03-19,5917,176753,1532,86995,2861,84131,1524,5627,3098,71203,2790,55042,4619,126245,California
Stanislaus,2021-03-20,3840,180593,3005,90000,767,84898,68,5695,3364,74167,469,55511,3433,129678,California
Stanislaus,2021-03-21,983,181576,883,90883,35,84933,65,5760,745,74741,236,55747,810,130488,California
Stanislaus,2021-03-22,2814,184390,1323,92206,766,85699,725,6485,1241,75159,1549,57296,1967,132455,California
Stanislaus,2021-03-23,3943,188333,2017,94223,1666,87365,260,6745,2809,77130,1117,58413,3088,135543,California
Stanislaus,2021-03-24,4547,192880,3217,97440,1262,88627,68,6813,2645,77990,1856,60269,2716,138259,California
Stanislaus,2021-03-25,4238,197118,2909,100349,1312,89939,17,6830,1814,77476,2346,62615,1832,140091,California
Stanislaus,2021-03-26,4716,201834,1334,101683,3307,93246,75,6905,2370,77621,2313,64928,2458,142549,California
Stanislaus,2021-03-27,4388,206222,2720,104403,1586,94832,82,6987,1386,76111,2986,67914,1476,144025,California
Stanislaus,2021-03-28,1104,207326,441,104844,557,95389,106,7093,321,75773,771,68685,433,144458,California
Stanislaus,2021-03-29,2977,210303,1826,106670,1112,96501,39,7132,1985,76821,982,69667,2030,146488,California
Stanislaus,2021-03-30,3665,213968,2052,108722,1586,98087,27,7159,2228,77653,1429,71096,2261,148749,California
Stanislaus,2021-03-31,5407,219375,3835,112557,1454,99541,118,7277,2767,77920,2621,73717,2888,151637,California
Stanislaus,2021-04-01,5734,225109,3834,116391,1809,101350,91,7368,2626,77558,3090,76807,2728,154365,California
Stanislaus,2021-04-02,4998,230107,1209,117600,3635,104985,154,7522,2246,77303,2666,79473,2411,156776,California
Stanislaus,2021-04-03,4545,234652,3302,120902,1206,106191,37,7559,2242,77300,2294,81767,2291,159067,California
Stanislaus,2021-04-04,1319,235971,471,121373,818,107009,30,7589,651,77323,662,82429,685,159752,California
Stanislaus,2021-04-05,3636,239607,2531,123904,856,107865,249,7838,2355,78660,1271,83700,2608,162360,California
Stanislaus,2021-04-06,5743,245350,4165,128069,1304,109169,274,8112,3073,79356,2657,86357,3353,165713,California
Stanislaus,2021-04-07,6345,251695,3598,131667,2327,111496,420,8532,2828,79109,3501,89858,3254,168967,California
Stanislaus,2021-04-08,5675,257370,3321,134988,1923,113419,431,8963,2769,79431,2883,92741,3205,172172,California
Stanislaus,2021-04-09,4816,262186,2104,137092,2341,115760,371,9334,2184,79389,2609,95350,2567,174739,California
Stanislaus,2021-04-10,6482,268668,3984,141076,859,116619,1639,10973,1999,78561,4459,99809,3631,178370,California
Stanislaus,2021-04-11,1522,270190,850,141926,539,117158,133,11106,667,78509,853,100662,801,179171,California
Stanislaus,2021-04-12,3590,273780,2042,143968,1102,118260,446,11552,1872,79133,1702,102364,2326,181497,California
Stanislaus,2021-04-13,5193,278973,3417,147385,1763,120023,13,11565,2922,79828,2233,104597,2928,184425,California
Stanislaus,2021-04-14,4648,283621,3252,150637,1395,121418,1,11566,2258,79733,2358,106955,2263,186688,California
Stanislaus,2021-04-15,5384,289005,3312,153949,2070,123488,2,11568,3239,80867,2108,109063,3242,189930,California
Stanislaus,2021-04-16,4303,293308,993,154942,3309,126797,1,11569,1827,80263,2434,111497,1830,191760,California
Stanislaus,2021-04-17,3149,296457,2114,157056,1035,127832,0,11569,1840,80808,1298,112795,1843,193603,California
Stanislaus,2021-04-18,533,296990,220,157276,313,128145,0,11569,408,81100,118,112913,410,194013,California
Stanislaus,2021-04-19,3451,300441,2447,159723,1003,129148,1,11570,1636,80960,1784,114697,1644,195657,California
Stanislaus,2021-04-20,3975,304416,2416,162139,1559,130707,0,11570,1744,80503,2203,116900,1746,197403,California
Stanislaus,2021-04-21,3821,308237,2555,164694,1265,131972,1,11571,1605,79934,2181,119081,1612,199015,California
Stanislaus,2021-04-22,3943,312180,2401,167095,1542,133514,0,11571,1570,79180,2329,121410,1575,200590,California
Stanislaus,2021-04-23,3588,315768,843,167938,2744,136258,1,11572,1475,78641,2022,123432,1483,202073,California
Stanislaus,2021-04-24,3783,319551,2928,170866,855,137113,0,11572,1789,78458,1977,125409,1794,203867,California
Stanislaus,2021-04-25,934,320485,478,171344,456,137569,0,11572,685,78903,244,125653,689,204556,California
Stanislaus,2021-04-26,3249,323734,2286,173630,957,138526,6,11578,966,77614,2265,127918,976,205532,California
Stanislaus,2021-04-27,3941,327675,2750,176380,1149,139675,42,11620,1114,75966,2805,130723,1157,206689,California
Stanislaus,2021-04-28,4134,331809,2913,179293,1159,140834,62,11682,1813,75544,2305,133028,1883,208572,California
Stanislaus,2021-04-29,3598,335407,2248,181541,1302,142136,48,11730,1418,74854,2165,135193,1475,210047,California
Stanislaus,2021-04-30,4489,339896,2045,183586,2360,144496,84,11814,1775,74017,2704,137897,1867,211914,California
Stanislaus,2021-05-01,2702,342598,1922,185508,740,145236,40,11854,1011,73394,1682,139579,1059,212973,California
Stanislaus,2021-05-02,1076,343674,616,186124,424,145660,36,11890,522,73410,548,140127,564,213537,California
Stanislaus,2021-05-03,2407,346081,1922,188046,415,146075,70,11960,907,72903,1487,141614,980,214517,California
Stanislaus,2021-05-04,3463,349544,2469,190515,906,146981,88,12048,1067,71679,2385,143999,1161,215678,California
Stanislaus,2021-05-05,3165,352709,2121,192636,970,147951,74,12122,1073,70758,2072,146071,1151,216829,California
Stanislaus,2021-05-06,3090,355799,2297,194933,687,148638,106,12228,1013,69825,2059,148130,1126,217955,California
Stanislaus,2021-05-07,2285,358084,886,195819,1256,149894,143,12371,940,69573,1337,149467,1085,219040,California
Stanislaus,2021-05-08,1958,360042,1339,197158,586,150480,33,12404,712,69093,1232,150699,752,219792,California
Stanislaus,2021-05-09,703,360745,336,197494,341,150821,26,12430,304,69025,398,151097,330,220122,California
Stanislaus,2021-05-10,1657,362402,1135,198629,444,151265,78,12508,448,68354,1198,152295,527,220649,California
Stanislaus,2021-05-11,2329,364731,1470,200099,704,151969,155,12663,656,67506,1663,153958,815,221464,California
Stanislaus,2021-05-12,2128,366859,1214,201313,814,152783,100,12763,819,67130,1297,155255,921,222385,California
Stanislaus,2021-05-13,1847,368706,1022,202335,710,153493,115,12878,840,67084,1002,156257,956,223341,California
Stanislaus,2021-05-14,2575,371281,1141,203476,1301,154794,133,13011,1181,67020,1379,157636,1315,224656,California
Stanislaus,2021-05-15,2470,373751,1770,205246,650,155444,50,13061,1202,67021,1259,158895,1260,225916,California
Stanislaus,2021-05-16,1010,374761,660,205906,342,155786,8,13069,553,67135,451,159346,565,226481,California
Stanislaus,2021-05-17,1881,376642,1252,207158,548,156334,81,13150,936,67215,939,160285,1019,227500,California
Stanislaus,2021-05-18,2192,378834,1499,208657,580,156914,113,13263,1181,67508,1001,161286,1294,228794,California
Stanislaus,2021-05-19,2995,381829,2062,210719,794,157708,139,13402,1346,67358,1640,162926,1490,230284,California
Stanislaus,2021-05-20,1807,383636,941,211660,768,158476,98,13500,750,67159,1051,163977,852,231136,California
Stanislaus,2021-05-21,1999,385635,961,212621,953,159429,85,13585,832,66914,1163,165140,918,232054,California
Stanislaus,2021-05-22,1647,387282,996,213617,584,160013,67,13652,736,66809,907,166047,802,232856,California
Stanislaus,2021-05-23,854,388136,552,214169,290,160303,12,13664,399,66768,452,166499,411,233267,California
Stanislaus,2021-05-24,1065,389201,730,214899,275,160578,60,13724,365,66496,698,167197,426,233693,California
Sutter,2020-12-15,1,1,1,1,0,0,0,0,1,1,0,0,1,1,California
Sutter,2020-12-16,4,5,4,5,0,0,0,0,4,5,0,0,4,5,California
Sutter,2020-12-17,2,7,2,7,0,0,0,0,2,7,0,0,2,7,California
Sutter,2020-12-18,20,27,20,27,0,0,0,0,20,27,0,0,20,27,California
Sutter,2020-12-19,44,71,44,71,0,0,0,0,44,71,0,0,44,71,California
Sutter,2020-12-20,42,113,42,113,0,0,0,0,42,113,0,0,42,113,California
Sutter,2020-12-21,100,213,100,213,0,0,0,0,100,213,0,0,100,213,California
Sutter,2020-12-22,172,385,172,385,0,0,0,0,172,385,0,0,172,385,California
Sutter,2020-12-23,116,501,111,496,5,5,0,0,116,501,0,0,116,501,California
Sutter,2020-12-24,17,518,11,507,6,11,0,0,17,518,0,0,17,518,California
Sutter,2020-12-26,38,556,34,541,4,15,0,0,38,556,0,0,38,556,California
Sutter,2020-12-27,24,580,23,564,1,16,0,0,24,580,0,0,24,580,California
Sutter,2020-12-28,83,663,55,619,28,44,0,0,83,663,0,0,83,663,California
Sutter,2020-12-29,101,764,14,633,87,131,0,0,101,764,0,0,101,764,California
Sutter,2020-12-30,137,901,34,667,103,234,0,0,137,901,0,0,137,901,California
Sutter,2020-12-31,70,971,6,673,64,298,0,0,70,971,0,0,70,971,California
Sutter,2021-01-01,3,974,3,676,0,298,0,0,3,974,0,0,3,974,California
Sutter,2021-01-02,131,1105,129,805,2,300,0,0,131,1105,0,0,131,1105,California
Sutter,2021-01-03,1,1106,0,805,1,301,0,0,1,1106,0,0,1,1106,California
Sutter,2021-01-04,247,1353,139,944,108,409,0,0,247,1353,0,0,247,1353,California
Sutter,2021-01-05,101,1454,57,1001,44,453,0,0,99,1450,2,2,99,1452,California
Sutter,2021-01-06,204,1658,50,1051,154,607,0,0,199,1644,5,7,199,1651,California
Sutter,2021-01-07,251,1909,151,1202,100,707,0,0,242,1878,8,15,242,1893,California
Sutter,2021-01-08,149,2058,40,1242,109,816,0,0,132,1993,17,32,132,2025,California
Sutter,2021-01-09,46,2104,43,1285,3,819,0,0,5,1957,41,73,5,2030,California
Sutter,2021-01-10,397,2501,37,1322,360,1179,0,0,359,2279,37,110,359,2389,California
Sutter,2021-01-11,132,2633,114,1436,18,1197,0,0,26,2199,106,216,26,2415,California
Sutter,2021-01-12,201,2834,164,1600,37,1234,0,0,58,2114,143,359,58,2473,California
Sutter,2021-01-13,162,2996,99,1699,63,1297,0,0,72,2097,89,448,72,2545,California
Sutter,2021-01-14,145,3141,49,1748,96,1393,0,0,126,2204,19,467,126,2671,California
Sutter,2021-01-15,438,3579,133,1881,305,1698,0,0,423,2612,15,482,423,3094,California
Sutter,2021-01-16,384,3963,41,1922,343,2041,0,0,353,2935,30,512,353,3447,California
Sutter,2021-01-17,26,3989,24,1946,2,2043,0,0,10,2929,16,528,10,3457,California
Sutter,2021-01-18,118,4107,63,2009,55,2098,0,0,70,2951,48,576,70,3527,California
Sutter,2021-01-19,103,4210,42,2051,61,2159,0,0,79,3006,24,600,79,3606,California
Sutter,2021-01-20,270,4480,206,2257,64,2223,0,0,250,3236,20,620,250,3856,California
Sutter,2021-01-21,486,4966,317,2574,169,2392,0,0,467,3684,19,639,467,4323,California
Sutter,2021-01-22,239,5205,52,2626,187,2579,0,0,230,3905,9,648,230,4553,California
Sutter,2021-01-23,396,5601,39,2665,357,2936,0,0,370,4249,26,674,370,4923,California
Sutter,2021-01-24,17,5618,14,2679,3,2939,0,0,15,4262,2,676,15,4938,California
Sutter,2021-01-25,306,5924,196,2875,110,3049,0,0,151,4259,154,830,151,5089,California
Sutter,2021-01-26,248,6172,108,2983,140,3189,0,0,144,4300,103,933,144,5233,California
Sutter,2021-01-27,386,6558,255,3238,131,3320,0,0,320,4554,66,999,320,5553,California
Sutter,2021-01-28,584,7142,361,3599,223,3543,0,0,409,4789,174,1173,409,5962,California
Sutter,2021-01-29,359,7501,86,3685,273,3816,0,0,239,4908,120,1293,239,6201,California
Sutter,2021-01-30,775,8276,38,3723,737,4553,0,0,764,5661,11,1304,764,6965,California
Sutter,2021-01-31,28,8304,27,3750,1,4554,0,0,28,5689,0,1304,28,6993,California
Sutter,2021-02-01,166,8470,50,3800,116,4670,0,0,135,5793,31,1335,135,7128,California
Sutter,2021-02-02,243,8713,26,3826,217,4887,0,0,211,5972,32,1367,211,7339,California
Sutter,2021-02-03,444,9157,39,3865,405,5292,0,0,210,5948,234,1601,210,7549,California
Sutter,2021-02-04,669,9826,365,4230,304,5596,0,0,619,6517,50,1651,619,8168,California
Sutter,2021-02-05,287,10113,32,4262,255,5851,0,0,136,6502,151,1802,136,8304,California
Sutter,2021-02-06,736,10849,29,4291,707,6558,0,0,714,7194,22,1824,714,9018,California
Sutter,2021-02-07,23,10872,20,4311,3,6561,0,0,19,7209,4,1828,19,9037,California
Sutter,2021-02-08,134,11006,29,4340,105,6666,0,0,98,7271,36,1864,98,9135,California
Sutter,2021-02-09,246,11252,45,4385,201,6867,0,0,184,7393,62,1926,184,9319,California
Sutter,2021-02-10,819,12071,380,4765,439,7306,0,0,177,6929,641,2567,177,9496,California
Sutter,2021-02-11,603,12674,275,5040,328,7634,0,0,345,7016,258,2825,345,9841,California
Sutter,2021-02-12,633,13307,67,5107,566,8200,0,0,310,7004,322,3147,310,10151,California
Sutter,2021-02-13,897,14204,48,5155,849,9049,0,0,781,7669,116,3263,781,10932,California
Sutter,2021-02-14,90,14294,25,5180,65,9114,0,0,79,7737,11,3274,79,11011,California
Sutter,2021-02-15,197,14491,72,5252,125,9239,0,0,119,7778,78,3352,119,11130,California
Sutter,2021-02-16,288,14779,45,5297,243,9482,0,0,204,7899,83,3435,204,11334,California
Sutter,2021-02-17,823,15602,428,5725,395,9877,0,0,129,7334,694,4129,129,11463,California
Sutter,2021-02-18,701,16303,55,5780,646,10523,0,0,490,7614,210,4339,490,11953,California
Sutter,2021-02-19,662,16965,377,6157,285,10808,0,0,460,7874,200,4539,460,12413,California
Sutter,2021-02-20,619,17584,55,6212,564,11372,0,0,516,8288,102,4641,516,12929,California
Sutter,2021-02-21,30,17614,27,6239,3,11375,0,0,7,8272,23,4664,7,12936,California
Sutter,2021-02-22,207,17821,122,6361,85,11460,0,0,87,8239,120,4784,87,13023,California
Sutter,2021-02-23,223,18044,33,6394,190,11650,0,0,97,8210,126,4910,97,13120,California
Sutter,2021-02-24,964,19008,349,6743,615,12265,0,0,194,7635,769,5679,194,13314,California
Sutter,2021-02-25,785,19793,498,7241,287,12552,0,0,604,8061,178,5857,604,13918,California
Sutter,2021-02-26,371,20164,60,7301,311,12863,0,0,154,8000,215,6072,154,14072,California
Sutter,2021-02-27,865,21029,45,7346,820,13683,0,0,710,8553,157,6229,710,14782,California
Sutter,2021-02-28,84,21113,38,7384,46,13729,0,0,64,8598,19,6248,64,14846,California
Sutter,2021-03-01,247,21360,61,7445,186,13915,0,0,150,8651,97,6345,150,14996,California
Sutter,2021-03-02,334,21694,57,7502,277,14192,0,0,160,8638,173,6518,160,15156,California
Sutter,2021-03-03,1384,23078,514,8016,870,15062,0,0,646,8552,732,7250,646,15802,California
Sutter,2021-03-04,1256,24334,867,8883,389,15451,0,0,948,9196,304,7554,948,16750,California
Sutter,2021-03-05,338,24672,79,8962,258,15709,1,1,206,9271,132,7686,207,16957,California
Sutter,2021-03-06,1022,25694,46,9008,971,16680,5,6,860,9974,162,7848,865,17822,California
Sutter,2021-03-07,64,25758,23,9031,40,16720,1,7,44,9999,20,7868,45,17867,California
Sutter,2021-03-08,226,25984,79,9110,135,16855,12,19,157,10099,69,7937,169,18036,California
Sutter,2021-03-09,386,26370,138,9248,235,17090,13,32,184,10094,202,8139,197,18233,California
Sutter,2021-03-10,1569,27939,681,9929,827,17917,61,93,525,9639,1041,9180,586,18819,California
Sutter,2021-03-11,894,28833,441,10370,434,18351,19,112,648,10063,243,9423,667,19486,California
Sutter,2021-03-12,673,29506,110,10480,381,18732,182,294,199,9971,471,9894,379,19865,California
Sutter,2021-03-13,985,30491,749,11229,218,18950,18,312,781,10567,202,10096,798,20663,California
Sutter,2021-03-14,130,30621,22,11251,97,19047,11,323,44,10536,86,10182,55,20718,California
Sutter,2021-03-15,320,30941,66,11317,205,19252,49,372,153,10572,166,10348,202,20920,California
Sutter,2021-03-16,392,31333,86,11403,259,19511,47,419,213,10652,179,10527,259,21179,California
Sutter,2021-03-17,1496,32829,563,11966,913,20424,20,439,313,9809,1175,11702,332,21511,California
Sutter,2021-03-18,973,33802,182,12148,589,21013,202,641,571,10181,400,12102,772,22283,California
Sutter,2021-03-19,463,34265,165,12313,269,21282,29,670,284,10317,177,12279,313,22596,California
Sutter,2021-03-20,949,35214,116,12429,822,22104,11,681,860,11099,89,12368,871,23467,California
Sutter,2021-03-21,67,35281,47,12476,17,22121,3,684,37,11109,30,12398,40,23507,California
Sutter,2021-03-22,288,35569,120,12596,142,22263,26,710,213,11274,74,12472,239,23746,California
Sutter,2021-03-23,376,35945,115,12711,229,22492,32,742,255,11439,121,12593,286,24032,California
Sutter,2021-03-24,1685,37630,772,13483,843,23335,70,812,314,10466,1357,13950,384,24416,California
Sutter,2021-03-25,1042,38672,680,14163,319,23654,43,855,370,10210,669,14619,413,24829,California
Sutter,2021-03-26,488,39160,174,14337,297,23951,17,872,295,10332,190,14809,312,25141,California
Sutter,2021-03-27,927,40087,63,14400,862,24813,2,874,820,11050,104,14913,822,25963,California
Sutter,2021-03-28,125,40212,71,14471,54,24867,0,874,77,11081,46,14959,77,26040,California
Sutter,2021-03-29,427,40639,144,14615,228,25095,55,929,225,11161,200,15159,280,26320,California
Sutter,2021-03-30,479,41118,160,14775,309,25404,10,939,317,11326,162,15321,327,26647,California
Sutter,2021-03-31,1249,42367,177,14952,1056,26460,16,955,447,10997,791,16112,462,27109,California
Sutter,2021-04-01,1378,43745,733,15685,458,26918,187,1142,424,10660,947,17059,610,27719,California
Sutter,2021-04-02,511,44256,99,15784,294,27212,118,1260,200,10666,309,17368,315,28034,California
Sutter,2021-04-03,910,45166,77,15861,210,27422,623,1883,121,10623,787,18155,744,28778,California
Sutter,2021-04-04,118,45284,22,15883,90,27512,6,1889,55,10621,63,18218,61,28839,California
Sutter,2021-04-05,369,45653,146,16029,187,27699,36,1925,178,10647,188,18406,214,29053,California
Sutter,2021-04-06,509,46162,197,16226,256,27955,56,1981,272,10740,236,18642,329,29382,California
Sutter,2021-04-07,1471,47633,871,17097,525,28480,75,2056,606,10565,858,19500,683,30065,California
Sutter,2021-04-08,1042,48675,580,17677,352,28832,110,2166,574,10784,463,19963,682,30747,California
Sutter,2021-04-09,560,49235,247,17924,249,29081,64,2230,233,10757,325,20288,298,31045,California
Sutter,2021-04-10,819,50054,106,18030,88,29169,625,2855,106,10770,710,20998,723,31768,California
Sutter,2021-04-11,112,50166,28,18058,40,29209,44,2899,33,10767,79,21077,76,31844,California
Sutter,2021-04-12,336,50502,91,18149,191,29400,54,2953,134,10753,202,21279,188,32032,California
Sutter,2021-04-13,429,50931,127,18276,302,29702,0,2953,211,10748,216,21495,211,32243,California
Sutter,2021-04-14,1291,52222,160,18436,1130,30832,1,2954,213,9890,1072,22567,214,32457,California
Sutter,2021-04-15,535,52757,174,18610,361,31193,0,2954,213,9783,320,22887,213,32670,California
Sutter,2021-04-16,394,53151,125,18735,269,31462,0,2954,181,9752,212,23099,181,32851,California
Sutter,2021-04-17,578,53729,84,18819,494,31956,0,2954,507,10189,70,23169,507,33358,California
Sutter,2021-04-18,70,53799,11,18830,59,32015,0,2954,43,10206,26,23195,43,33401,California
Sutter,2021-04-19,288,54087,110,18940,178,32193,0,2954,119,10158,167,23362,119,33520,California
Sutter,2021-04-20,413,54500,134,19074,279,32472,0,2954,200,10146,212,23574,200,33720,California
Sutter,2021-04-21,1232,55732,420,19494,812,33284,0,2954,476,9875,747,24321,476,34196,California
Sutter,2021-04-22,483,56215,165,19659,318,33602,0,2954,250,9894,231,24552,250,34446,California
Sutter,2021-04-23,399,56614,115,19774,284,33886,0,2954,187,9870,211,24763,187,34633,California
Sutter,2021-04-24,325,56939,105,19879,219,34105,1,2955,184,9915,140,24903,185,34818,California
Sutter,2021-04-25,157,57096,75,19954,82,34187,0,2955,86,9932,69,24972,86,34904,California
Sutter,2021-04-26,287,57383,87,20041,198,34385,2,2957,121,9891,164,25136,123,35027,California
Sutter,2021-04-27,527,57910,266,20307,257,34642,4,2961,243,9857,281,25417,247,35274,California
Sutter,2021-04-28,815,58725,339,20646,468,35110,8,2969,259,9573,551,25968,267,35541,California
Sutter,2021-04-29,773,59498,135,20781,637,35747,1,2970,309,9422,461,26429,310,35851,California
Sutter,2021-04-30,357,59855,109,20890,235,35982,13,2983,146,9372,208,26637,158,36009,California
Sutter,2021-05-01,295,60150,106,20996,148,36130,41,3024,125,9371,167,26804,166,36175,California
Sutter,2021-05-02,80,60230,52,21048,26,36156,2,3026,46,9385,34,26838,48,36223,California
Sutter,2021-05-03,169,60399,107,21155,53,36209,9,3035,69,9363,100,26938,78,36301,California
Sutter,2021-05-04,518,60917,236,21391,218,36427,64,3099,218,9347,297,27235,281,36582,California
Sutter,2021-05-05,534,61451,141,21532,385,36812,8,3107,158,9144,369,27604,166,36748,California
Sutter,2021-05-06,426,61877,231,21763,175,36987,20,3127,192,9122,234,27838,212,36960,California
Sutter,2021-05-07,407,62284,146,21909,239,37226,22,3149,153,9045,252,28090,175,37135,California
Sutter,2021-05-08,196,62480,49,21958,141,37367,6,3155,106,9067,90,28180,112,37247,California
Sutter,2021-05-09,81,62561,52,22010,24,37391,5,3160,56,9103,25,28205,61,37308,California
Sutter,2021-05-10,188,62749,42,22052,129,37520,17,3177,47,9028,139,28344,64,37372,California
Sutter,2021-05-11,433,63182,212,22264,203,37723,18,3195,180,8975,250,28594,197,37569,California
Sutter,2021-05-12,397,63579,211,22475,177,37900,9,3204,134,8859,259,28853,143,37712,California
Sutter,2021-05-13,442,64021,228,22703,192,38092,22,3226,170,8782,269,29122,192,37904,California
Sutter,2021-05-14,435,64456,184,22887,235,38327,16,3242,214,8796,216,29338,230,38134,California
Sutter,2021-05-15,838,65294,308,23195,499,38826,31,3273,305,8600,532,29870,336,38470,California
Sutter,2021-05-16,136,65430,82,23277,46,38872,8,3281,75,8623,60,29930,83,38553,California
Sutter,2021-05-17,287,65717,114,23391,159,39031,14,3295,153,8657,133,30063,167,38720,California
Sutter,2021-05-18,533,66250,311,23702,218,39249,4,3299,294,8719,236,30299,298,39018,California
Sutter,2021-05-19,463,66713,265,23967,191,39440,7,3306,246,8758,214,30513,253,39271,California
Sutter,2021-05-20,400,67113,215,24182,173,39613,12,3318,201,8774,197,30710,213,39484,California
Sutter,2021-05-21,450,67563,210,24392,228,39841,12,3330,219,8775,229,30939,230,39714,California
Sutter,2021-05-22,303,67866,173,24565,127,39968,3,3333,150,8777,150,31089,152,39866,California
Sutter,2021-05-23,154,68020,73,24638,74,40042,7,3340,77,8790,71,31160,84,39950,California
Sutter,2021-05-24,115,68135,16,24654,86,40128,13,3353,36,8762,77,31237,49,39999,California
Tehama,2020-12-15,1,1,1,1,0,0,0,0,1,1,0,0,1,1,California
Tehama,2020-12-16,2,3,2,3,0,0,0,0,2,3,0,0,2,3,California
Tehama,2020-12-17,12,15,12,15,0,0,0,0,12,15,0,0,12,15,California
Tehama,2020-12-18,2,17,2,17,0,0,0,0,3,18,0,0,3,18,California
Tehama,2020-12-21,33,50,33,50,0,0,0,0,33,51,0,0,33,51,California
Tehama,2020-12-22,68,118,62,112,6,6,0,0,68,119,0,0,68,119,California
Tehama,2020-12-23,49,167,41,153,8,14,0,0,49,168,0,0,49,168,California
Tehama,2020-12-24,5,172,3,156,2,16,0,0,5,173,0,0,5,173,California
Tehama,2020-12-26,3,175,2,158,1,17,0,0,3,176,0,0,3,176,California
Tehama,2020-12-27,2,177,2,160,0,17,0,0,2,178,0,0,2,178,California
Tehama,2020-12-28,56,233,43,203,13,30,0,0,56,234,0,0,56,234,California
Tehama,2020-12-29,31,264,31,234,0,30,0,0,31,265,0,0,31,265,California
Tehama,2020-12-30,54,318,38,272,16,46,0,0,53,318,0,0,53,318,California
Tehama,2020-12-31,14,332,4,276,10,56,0,0,14,332,0,0,14,332,California
Tehama,2021-01-01,2,334,0,276,2,58,0,0,2,334,0,0,2,334,California
Tehama,2021-01-04,32,366,9,285,23,81,0,0,32,366,0,0,32,366,California
Tehama,2021-01-05,70,436,43,328,27,108,0,0,67,430,3,3,67,433,California
Tehama,2021-01-06,71,507,21,349,50,158,0,0,62,484,8,11,62,495,California
Tehama,2021-01-07,57,564,7,356,50,208,0,0,56,539,1,12,56,551,California
Tehama,2021-01-08,33,597,24,380,9,217,0,0,28,562,5,17,28,579,California
Tehama,2021-01-09,7,604,5,385,2,219,0,0,5,565,2,19,5,584,California
Tehama,2021-01-10,1,605,0,385,1,220,0,0,1,566,0,19,1,585,California
Tehama,2021-01-11,48,653,46,431,2,222,0,0,15,548,33,52,15,600,California
Tehama,2021-01-12,131,784,111,542,20,242,0,0,86,589,45,97,86,686,California
Tehama,2021-01-13,73,857,55,597,18,260,0,0,27,570,46,143,27,713,California
Tehama,2021-01-14,224,1081,50,647,174,434,0,0,222,790,2,145,222,935,California
Tehama,2021-01-15,249,1330,74,721,175,609,0,0,245,1031,4,149,245,1180,California
Tehama,2021-01-16,263,1593,19,740,244,853,0,0,260,1288,3,152,260,1440,California
Tehama,2021-01-17,6,1599,2,742,4,857,0,0,4,1290,2,154,4,1444,California
Tehama,2021-01-18,10,1609,6,748,4,861,0,0,5,1290,5,159,5,1449,California
Tehama,2021-01-19,291,1900,65,813,226,1087,0,0,236,1471,55,214,236,1685,California
Tehama,2021-01-20,301,2201,87,900,214,1301,0,0,251,1673,49,263,251,1936,California
Tehama,2021-01-21,215,2416,11,911,204,1505,0,0,205,1868,10,273,205,2141,California
Tehama,2021-01-22,223,2639,21,932,202,1707,0,0,220,2085,3,276,220,2361,California
Tehama,2021-01-23,258,2897,7,939,251,1958,0,0,257,2341,1,277,257,2618,California
Tehama,2021-01-24,1,2898,1,940,0,1958,0,0,1,2342,0,277,1,2619,California
Tehama,2021-01-25,32,2930,14,954,18,1976,0,0,14,2338,18,295,14,2633,California
Tehama,2021-01-26,324,3254,42,996,282,2258,0,0,287,2588,37,332,287,2920,California
Tehama,2021-01-27,299,3553,21,1017,278,2536,0,0,279,2847,20,352,279,3199,California
Tehama,2021-01-28,339,3892,29,1046,310,2846,0,0,324,3156,15,367,324,3523,California
Tehama,2021-01-29,321,4213,19,1065,302,3148,0,0,304,3443,17,384,304,3827,California
Tehama,2021-01-30,103,4316,2,1067,101,3249,0,0,102,3544,1,385,102,3929,California
Tehama,2021-01-31,1,4317,0,1067,1,3250,0,0,1,3545,0,385,1,3930,California
Tehama,2021-02-01,78,4395,22,1089,56,3306,0,0,36,3539,42,427,36,3966,California
Tehama,2021-02-02,349,4744,63,1152,286,3592,0,0,252,3694,97,524,252,4218,California
Tehama,2021-02-03,389,5133,12,1164,377,3969,0,0,345,3995,44,568,345,4563,California
Tehama,2021-02-04,482,5615,99,1263,383,4352,0,0,401,4316,81,649,402,4965,California
Tehama,2021-02-05,177,5792,73,1336,104,4456,0,0,115,4369,62,711,115,5080,California
Tehama,2021-02-06,28,5820,13,1349,15,4471,0,0,16,4373,12,723,16,5096,California
Tehama,2021-02-07,5,5825,4,1353,1,4472,0,0,2,4372,3,726,2,5098,California
Tehama,2021-02-08,36,5861,14,1367,22,4494,0,0,27,4390,9,735,27,5125,California
Tehama,2021-02-09,78,5939,34,1401,44,4538,0,0,44,4400,34,769,44,5169,California
Tehama,2021-02-10,233,6172,62,1463,171,4709,0,0,157,4481,76,845,157,5326,California
Tehama,2021-02-11,221,6393,16,1479,205,4914,0,0,82,4426,137,982,82,5408,California
Tehama,2021-02-12,367,6760,66,1545,301,5215,0,0,175,4409,192,1174,175,5583,California
Tehama,2021-02-13,385,7145,13,1558,372,5587,0,0,147,4318,238,1412,147,5730,California
Tehama,2021-02-14,34,7179,1,1559,33,5620,0,0,32,4348,2,1414,32,5762,California
Tehama,2021-02-15,53,7232,10,1569,43,5663,0,0,47,4389,6,1420,47,5809,California
Tehama,2021-02-16,242,7474,16,1585,226,5889,0,0,60,4267,182,1602,60,5869,California
Tehama,2021-02-17,280,7754,12,1597,268,6157,0,0,54,4095,226,1828,54,5923,California
Tehama,2021-02-18,369,8123,32,1629,337,6494,0,0,144,4014,225,2053,144,6067,California
Tehama,2021-02-19,214,8337,18,1647,196,6690,0,0,43,3886,171,2224,43,6110,California
Tehama,2021-02-20,271,8608,6,1653,265,6955,0,0,26,3667,245,2469,26,6136,California
Tehama,2021-02-21,1,8609,1,1654,0,6955,0,0,1,3668,0,2469,1,6137,California
Tehama,2021-02-22,39,8648,15,1669,24,6979,0,0,26,3681,13,2482,26,6163,California
Tehama,2021-02-23,46,8694,19,1688,27,7006,0,0,26,3687,20,2502,26,6189,California
Tehama,2021-02-24,300,8994,13,1701,287,7293,0,0,27,3441,273,2775,27,6216,California
Tehama,2021-02-25,375,9369,60,1761,315,7608,0,0,39,3144,336,3111,39,6255,California
Tehama,2021-02-26,455,9824,19,1780,436,8044,0,0,70,2829,385,3496,70,6325,California
Tehama,2021-02-27,295,10119,5,1785,290,8334,0,0,34,2602,261,3757,34,6359,California
Tehama,2021-02-28,23,10142,2,1787,21,8355,0,0,20,2619,3,3760,20,6379,California
Tehama,2021-03-01,67,10209,8,1795,59,8414,0,0,33,2618,34,3794,33,6412,California
Tehama,2021-03-02,135,10344,18,1813,117,8531,0,0,30,2543,105,3899,30,6442,California
Tehama,2021-03-03,151,10495,33,1846,118,8649,0,0,48,2488,103,4002,48,6490,California
Tehama,2021-03-04,627,11122,36,1882,591,9240,0,0,221,2310,399,4401,221,6711,California
Tehama,2021-03-05,401,11523,19,1901,382,9622,0,0,216,2342,184,4585,216,6927,California
Tehama,2021-03-06,296,11819,14,1915,282,9904,0,0,80,2208,215,4800,81,7008,California
Tehama,2021-03-07,5,11824,1,1916,4,9908,0,0,3,2210,1,4801,3,7011,California
Tehama,2021-03-08,58,11882,12,1928,31,9939,15,15,27,2222,30,4831,42,7053,California
Tehama,2021-03-09,367,12249,9,1937,339,10278,19,34,311,2496,56,4887,330,7383,California
Tehama,2021-03-10,354,12603,14,1951,319,10597,21,55,71,2306,282,5169,92,7475,California
Tehama,2021-03-11,488,13091,17,1968,425,11022,46,101,345,2554,143,5312,391,7866,California
Tehama,2021-03-12,306,13397,19,1987,222,11244,65,166,181,2675,125,5437,246,8112,California
Tehama,2021-03-13,45,13442,8,1995,31,11275,6,172,6,2648,39,5476,12,8124,California
Tehama,2021-03-14,51,13493,3,1998,37,11312,11,183,9,2626,42,5518,20,8144,California
Tehama,2021-03-15,154,13647,21,2019,113,11425,20,203,84,2660,70,5588,104,8248,California
Tehama,2021-03-16,418,14065,14,2033,366,11791,38,241,315,2911,102,5690,353,8601,California
Tehama,2021-03-17,417,14482,22,2055,363,12154,32,273,334,3196,81,5771,366,8967,California
Tehama,2021-03-18,490,14972,26,2081,440,12594,24,297,311,3354,177,5948,335,9302,California
Tehama,2021-03-19,321,15293,23,2104,285,12879,13,310,278,3602,43,5991,291,9593,California
Tehama,2021-03-20,42,15335,9,2113,31,12910,2,312,30,3622,12,6003,32,9625,California
Tehama,2021-03-21,12,15347,5,2118,7,12917,0,312,12,3634,0,6003,12,9637,California
Tehama,2021-03-22,91,15438,7,2125,67,12984,17,329,50,3660,41,6044,67,9704,California
Tehama,2021-03-23,88,15526,27,2152,54,13038,7,336,69,3717,19,6063,76,9780,California
Tehama,2021-03-24,86,15612,16,2168,68,13106,2,338,55,3743,31,6094,57,9837,California
Tehama,2021-03-25,521,16133,355,2523,153,13259,13,351,471,4178,49,6143,484,10321,California
Tehama,2021-03-26,514,16647,403,2926,99,13358,12,363,438,4553,75,6218,450,10771,California
Tehama,2021-03-27,457,17104,361,3287,71,13429,25,388,389,4900,67,6285,414,11185,California
Tehama,2021-03-28,34,17138,13,3300,21,13450,0,388,22,4910,12,6297,22,11207,California
Tehama,2021-03-29,124,17262,31,3331,92,13542,1,389,78,4942,46,6343,78,11285,California
Tehama,2021-03-30,372,17634,222,3553,148,13690,2,391,254,5080,118,6461,256,11541,California
Tehama,2021-03-31,398,18032,296,3849,99,13789,3,394,326,5337,71,6532,328,11869,California
Tehama,2021-04-01,526,18558,246,4095,274,14063,6,400,392,5602,133,6665,398,12267,California
Tehama,2021-04-02,456,19014,215,4310,235,14298,6,406,271,5693,185,6850,276,12543,California
Tehama,2021-04-03,60,19074,3,4313,52,14350,5,411,30,5698,30,6880,35,12578,California
Tehama,2021-04-04,34,19108,6,4319,27,14377,1,412,22,5709,12,6892,23,12601,California
Tehama,2021-04-05,116,19224,21,4340,69,14446,26,438,61,5741,55,6947,87,12688,California
Tehama,2021-04-06,495,19719,110,4450,333,14779,52,490,141,5580,354,7301,193,12881,California
Tehama,2021-04-07,418,20137,282,4732,92,14871,44,534,303,5812,114,7415,346,13227,California
Tehama,2021-04-08,603,20740,174,4906,390,15261,39,573,230,5709,372,7787,269,13496,California
Tehama,2021-04-09,432,21172,193,5099,206,15467,33,606,215,5741,216,8003,248,13744,California
Tehama,2021-04-10,72,21244,9,5108,37,15504,26,632,39,5773,33,8036,65,13809,California
Tehama,2021-04-11,33,21277,7,5115,15,15519,11,643,8,5767,25,8061,19,13828,California
Tehama,2021-04-12,112,21389,6,5121,87,15606,19,662,40,5754,72,8133,59,13887,California
Tehama,2021-04-13,388,21777,64,5185,324,15930,0,662,67,5500,321,8454,67,13954,California
Tehama,2021-04-14,407,22184,52,5237,355,16285,0,662,53,5201,352,8806,53,14007,California
Tehama,2021-04-15,497,22681,192,5429,305,16590,0,662,84,4872,413,9219,84,14091,California
Tehama,2021-04-16,590,23271,338,5767,252,16842,0,662,74,4430,516,9735,74,14165,California
Tehama,2021-04-17,348,23619,268,6035,80,16922,0,662,41,4166,306,10041,42,14207,California
Tehama,2021-04-18,17,23636,3,6038,14,16936,0,662,13,4175,4,10045,13,14220,California
Tehama,2021-04-19,93,23729,7,6045,86,17022,0,662,39,4160,54,10099,39,14259,California
Tehama,2021-04-20,504,24233,414,6459,90,17112,0,662,148,3956,354,10453,150,14409,California
Tehama,2021-04-21,518,24751,445,6904,73,17185,0,662,167,3773,350,10803,167,14576,California
Tehama,2021-04-22,515,25266,364,7268,151,17336,0,662,149,3558,364,11167,149,14725,California
Tehama,2021-04-23,445,25711,346,7614,99,17435,0,662,198,3510,247,11414,199,14924,California
Tehama,2021-04-24,103,25814,17,7631,86,17521,0,662,27,3461,76,11490,27,14951,California
Tehama,2021-04-25,28,25842,17,7648,11,17532,0,662,10,3453,18,11508,10,14961,California
Tehama,2021-04-26,73,25915,9,7657,64,17596,0,662,41,3462,32,11540,41,15002,California
Tehama,2021-04-27,252,26167,206,7863,46,17642,0,662,93,3396,159,11699,93,15095,California
Tehama,2021-04-28,395,26562,318,8181,60,17702,17,679,65,3148,330,12029,82,15177,California
Tehama,2021-04-29,352,26914,171,8352,175,17877,6,685,68,2939,283,12312,74,15251,California
Tehama,2021-04-30,325,27239,241,8593,78,17955,6,691,112,2844,213,12525,118,15369,California
Tehama,2021-05-01,72,27311,4,8597,65,18020,3,694,14,2803,58,12583,17,15386,California
Tehama,2021-05-02,47,27358,24,8621,11,18031,12,706,27,2822,20,12603,39,15425,California
Tehama,2021-05-03,117,27475,41,8662,68,18099,8,714,62,2837,55,12658,70,15495,California
Tehama,2021-05-04,157,27632,55,8717,95,18194,7,721,67,2821,90,12748,74,15569,California
Tehama,2021-05-05,86,27718,21,8738,55,18249,10,731,38,2821,48,12796,48,15617,California
Tehama,2021-05-06,162,27880,90,8828,57,18306,15,746,98,2870,64,12860,113,15730,California
Tehama,2021-05-07,171,28051,71,8899,89,18395,11,757,48,2808,121,12981,59,15789,California
Tehama,2021-05-08,49,28100,6,8905,42,18437,1,758,13,2786,36,13017,14,15803,California
Tehama,2021-05-09,15,28115,3,8908,12,18449,0,758,6,2783,9,13026,6,15809,California
Tehama,2021-05-10,77,28192,7,8915,64,18513,6,764,36,2785,40,13066,42,15851,California
Tehama,2021-05-11,162,28354,115,9030,36,18549,11,775,31,2696,131,13197,42,15893,California
Tehama,2021-05-12,202,28556,134,9164,58,18607,10,785,42,2589,159,13356,52,15945,California
Tehama,2021-05-13,231,28787,159,9323,64,18671,8,793,102,2571,128,13484,110,16055,California
Tehama,2021-05-14,240,29027,128,9451,91,18762,21,814,56,2465,183,13667,77,16132,California
Tehama,2021-05-15,223,29250,132,9583,56,18818,35,849,160,2598,62,13729,195,16327,California
Tehama,2021-05-16,26,29276,6,9589,17,18835,3,852,14,2603,12,13741,17,16344,California
Tehama,2021-05-17,110,29386,29,9618,66,18901,15,867,53,2615,56,13797,68,16412,California
Tehama,2021-05-18,148,29534,76,9694,57,18958,15,882,45,2574,101,13898,60,16472,California
Tehama,2021-05-19,123,29657,52,9746,61,19019,10,892,42,2545,81,13979,52,16524,California
Tehama,2021-05-20,299,29956,217,9963,59,19078,23,915,209,2687,90,14069,232,16756,California
Tehama,2021-05-21,195,30151,94,10057,91,19169,10,925,69,2642,124,14193,79,16835,California
Tehama,2021-05-22,57,30208,31,10088,22,19191,4,929,35,2659,22,14215,39,16874,California
Tehama,2021-05-23,40,30248,23,10111,8,19199,9,938,12,2652,28,14243,21,16895,California
Tehama,2021-05-24,67,30315,23,10134,41,19240,3,941,19,2626,48,14291,22,16917,California
Trinity,2020-12-17,4,4,4,4,0,0,0,0,4,4,0,0,4,4,California
Trinity,2020-12-18,2,6,2,6,0,0,0,0,2,6,0,0,2,6,California
Trinity,2020-12-21,39,45,39,45,0,0,0,0,39,45,0,0,39,45,California
Trinity,2020-12-22,5,50,5,50,0,0,0,0,5,50,0,0,5,50,California
Trinity,2020-12-23,5,55,5,55,0,0,0,0,5,55,0,0,5,55,California
Trinity,2020-12-28,31,86,31,86,0,0,0,0,31,86,0,0,31,86,California
Trinity,2020-12-29,8,94,7,93,1,1,0,0,8,94,0,0,8,94,California
Trinity,2020-12-30,10,104,8,101,2,3,0,0,10,104,0,0,10,104,California
Trinity,2020-12-31,2,106,1,102,1,4,0,0,2,106,0,0,2,106,California
Trinity,2021-01-04,28,134,0,102,28,32,0,0,26,132,0,0,26,132,California
Trinity,2021-01-05,3,137,1,103,2,34,0,0,3,135,0,0,3,135,California
Trinity,2021-01-06,24,161,4,107,20,54,0,0,20,151,4,4,20,155,California
Trinity,2021-01-08,49,210,2,109,47,101,0,0,48,197,2,6,48,203,California
Trinity,2021-01-11,42,252,39,148,3,104,0,0,4,163,38,44,4,207,California
Trinity,2021-01-12,8,260,6,154,2,106,0,0,3,161,5,49,3,210,California
Trinity,2021-01-13,7,267,4,158,3,109,0,0,4,162,3,52,4,214,California
Trinity,2021-01-14,4,271,1,159,3,112,0,0,4,166,0,52,4,218,California
Trinity,2021-01-15,4,275,0,159,4,116,0,0,4,170,0,52,4,222,California
Trinity,2021-01-16,4,279,0,159,4,120,0,0,4,174,0,52,4,226,California
Trinity,2021-01-18,31,310,31,190,0,120,0,0,0,143,31,83,0,226,California
Trinity,2021-01-19,34,344,14,204,20,140,0,0,20,149,14,97,20,246,California
Trinity,2021-01-20,19,363,3,207,16,156,0,0,17,164,2,99,17,263,California
Trinity,2021-01-21,17,380,7,214,10,166,0,0,17,181,0,99,17,280,California
Trinity,2021-01-22,5,385,1,215,4,170,0,0,5,186,0,99,5,285,California
Trinity,2021-01-23,7,392,3,218,4,174,0,0,7,193,0,99,7,292,California
Trinity,2021-01-25,14,406,1,219,13,187,0,0,13,205,1,100,13,305,California
Trinity,2021-01-26,10,416,1,220,9,196,0,0,9,213,1,101,9,314,California
Trinity,2021-01-27,12,428,0,220,12,208,0,0,12,225,0,101,12,326,California
Trinity,2021-01-28,13,441,3,223,10,218,0,0,10,232,3,104,10,336,California
Trinity,2021-01-29,2,443,0,223,2,220,0,0,1,232,1,105,1,337,California
Trinity,2021-01-30,12,455,11,234,1,221,0,0,12,244,0,105,12,349,California
Trinity,2021-02-01,2,457,1,235,1,222,0,0,1,244,1,106,1,350,California
Trinity,2021-02-02,15,472,3,238,12,234,0,0,14,257,1,107,14,364,California
Trinity,2021-02-03,6,478,1,239,5,239,0,0,3,257,3,110,3,367,California
Trinity,2021-02-04,42,520,32,271,10,249,0,0,35,285,7,117,35,402,California
Trinity,2021-02-05,350,870,0,271,350,599,0,0,320,575,30,147,320,722,California
Trinity,2021-02-06,210,1080,5,276,205,804,0,0,203,771,7,154,203,925,California
Trinity,2021-02-07,1,1081,0,276,1,805,0,0,1,772,0,154,1,926,California
Trinity,2021-02-08,25,1106,0,276,25,830,0,0,15,777,10,164,15,941,California
Trinity,2021-02-09,27,1133,2,278,25,855,0,0,11,772,16,180,11,952,California
Trinity,2021-02-10,122,1255,10,288,112,967,0,0,102,854,20,200,102,1054,California
Trinity,2021-02-11,338,1593,2,290,336,1303,0,0,331,1178,7,207,331,1385,California
Trinity,2021-02-12,18,1611,10,300,8,1311,0,0,14,1188,4,211,14,1399,California
Trinity,2021-02-13,12,1623,5,305,7,1318,0,0,5,1186,7,218,5,1404,California
Trinity,2021-02-14,2,1625,2,307,0,1318,0,0,2,1188,0,218,2,1406,California
Trinity,2021-02-15,47,1672,0,307,47,1365,0,0,47,1235,0,218,47,1453,California
Trinity,2021-02-16,4,1676,1,308,3,1368,0,0,2,1235,2,220,2,1455,California
Trinity,2021-02-17,94,1770,2,310,92,1460,0,0,84,1309,10,230,84,1539,California
Trinity,2021-02-18,4,1774,0,310,4,1464,0,0,1,1307,3,233,1,1540,California
Trinity,2021-02-19,305,2079,2,312,303,1767,0,0,291,1584,14,247,291,1831,California
Trinity,2021-02-20,141,2220,14,326,127,1894,0,0,113,1669,28,275,113,1944,California
Trinity,2021-02-21,1,2221,1,327,0,1894,0,0,1,1670,0,275,1,1945,California
Trinity,2021-02-22,8,2229,0,327,8,1902,0,0,5,1672,3,278,5,1950,California
Trinity,2021-02-23,11,2240,4,331,7,1909,0,0,6,1673,5,283,6,1956,California
Trinity,2021-02-24,30,2270,8,339,22,1931,0,0,7,1657,23,306,7,1963,California
Trinity,2021-02-25,36,2306,23,362,13,1944,0,0,5,1631,31,337,5,1968,California
Trinity,2021-02-26,11,2317,1,363,10,1954,0,0,5,1630,6,343,5,1973,California
Trinity,2021-02-27,9,2326,7,370,2,1956,0,0,4,1629,5,348,4,1977,California
Trinity,2021-03-01,9,2335,0,370,9,1965,0,0,5,1630,4,352,5,1982,California
Trinity,2021-03-02,9,2344,3,373,6,1971,0,0,2,1625,7,359,2,1984,California
Trinity,2021-03-03,5,2349,0,373,5,1976,0,0,4,1628,1,360,4,1988,California
Trinity,2021-03-04,24,2373,19,392,5,1981,0,0,10,1624,14,374,10,1998,California
Trinity,2021-03-05,388,2761,1,393,387,2368,0,0,121,1482,263,637,121,2119,California
Trinity,2021-03-06,202,2963,7,400,195,2563,0,0,27,1334,175,812,27,2146,California
Trinity,2021-03-07,4,2967,3,403,1,2564,0,0,3,1336,1,813,3,2149,California
Trinity,2021-03-08,3,2970,0,403,2,2566,1,1,1,1336,2,815,2,2151,California
Trinity,2021-03-09,94,3064,0,403,92,2658,2,3,89,1422,5,820,91,2242,California
Trinity,2021-03-10,126,3190,3,406,120,2778,3,6,38,1375,88,908,41,2283,California
Trinity,2021-03-11,16,3206,4,410,10,2788,2,8,5,1371,11,919,7,2290,California
Trinity,2021-03-12,397,3603,5,415,386,3174,6,14,96,1172,301,1220,102,2392,California
Trinity,2021-03-13,13,3616,8,423,3,3177,2,16,8,1177,5,1225,10,2402,California
Trinity,2021-03-14,3,3619,1,424,2,3179,0,16,2,1178,1,1226,2,2404,California
Trinity,2021-03-15,67,3686,0,424,66,3245,1,17,14,1140,53,1279,15,2419,California
Trinity,2021-03-16,115,3801,7,431,108,3353,0,17,102,1229,13,1292,102,2521,California
Trinity,2021-03-17,100,3901,3,434,97,3450,0,17,26,1181,74,1366,26,2547,California
Trinity,2021-03-18,10,3911,2,436,5,3455,3,20,5,1184,5,1371,8,2555,California
Trinity,2021-03-19,459,4370,4,440,345,3800,110,130,36,907,423,1794,146,2701,California
Trinity,2021-03-20,105,4475,7,447,98,3898,0,130,70,943,34,1828,70,2771,California
Trinity,2021-03-21,4,4479,0,447,3,3901,1,131,3,946,1,1829,4,2775,California
Trinity,2021-03-22,2,4481,0,447,2,3903,0,131,2,948,0,1829,2,2777,California
Trinity,2021-03-23,96,4577,2,449,94,3997,0,131,78,1008,18,1847,78,2855,California
Trinity,2021-03-24,12,4589,1,450,11,4008,0,131,9,1014,3,1850,9,2864,California
Trinity,2021-03-25,110,4699,8,458,96,4104,6,137,84,1078,26,1876,90,2954,California
Trinity,2021-03-26,85,4784,8,466,77,4181,0,137,78,1149,7,1883,78,3032,California
Trinity,2021-03-27,20,4804,4,470,7,4188,9,146,9,1156,11,1894,18,3050,California
Trinity,2021-03-28,5,4809,3,473,2,4190,0,146,1,1153,4,1898,1,3051,California
Trinity,2021-03-29,6,4815,0,473,5,4195,1,147,2,1152,4,1902,3,3054,California
Trinity,2021-03-30,77,4892,5,478,72,4267,0,147,67,1209,10,1912,67,3121,California
Trinity,2021-03-31,56,4948,5,483,19,4286,32,179,21,1226,35,1947,52,3173,California
Trinity,2021-04-01,41,4989,11,494,19,4305,11,190,21,1238,20,1967,32,3205,California
Trinity,2021-04-02,247,5236,5,499,168,4473,74,264,75,1216,171,2138,149,3354,California
Trinity,2021-04-03,17,5253,12,511,5,4478,0,264,7,1213,10,2148,7,3361,California
Trinity,2021-04-04,10,5263,8,519,2,4480,0,264,8,1219,2,2150,8,3369,California
Trinity,2021-04-05,59,5322,6,525,52,4532,1,265,55,1271,4,2154,56,3425,California
Trinity,2021-04-06,117,5439,15,540,99,4631,3,268,28,1214,89,2243,32,3457,California
Trinity,2021-04-07,24,5463,12,552,7,4638,5,273,16,1227,8,2251,21,3478,California
Trinity,2021-04-08,88,5551,10,562,76,4714,2,275,51,1243,37,2288,53,3531,California
Trinity,2021-04-09,168,5719,20,582,144,4858,4,279,90,1259,78,2366,94,3625,California
Trinity,2021-04-10,11,5730,7,589,4,4862,0,279,10,1268,1,2367,10,3635,California
Trinity,2021-04-11,9,5739,5,594,2,4864,2,281,4,1269,5,2372,6,3641,California
Trinity,2021-04-12,77,5816,5,599,71,4935,1,282,64,1321,12,2384,64,3705,California
Trinity,2021-04-13,97,5913,5,604,92,5027,0,282,9,1242,88,2472,9,3714,California
Trinity,2021-04-14,10,5923,5,609,5,5032,0,282,6,1244,4,2476,6,3720,California
Trinity,2021-04-15,43,5966,10,619,33,5065,0,282,14,1229,29,2505,14,3734,California
Trinity,2021-04-16,146,6112,13,632,133,5198,0,282,73,1230,72,2577,73,3807,California
Trinity,2021-04-17,11,6123,5,637,6,5204,0,282,9,1237,2,2579,9,3816,California
Trinity,2021-04-18,3,6126,1,638,2,5206,0,282,0,1234,3,2582,0,3816,California
Trinity,2021-04-19,69,6195,2,640,67,5273,0,282,68,1301,1,2583,68,3884,California
Trinity,2021-04-20,92,6287,8,648,84,5357,0,282,20,1249,72,2655,20,3904,California
Trinity,2021-04-21,22,6309,9,657,13,5370,0,282,9,1245,13,2668,9,3913,California
Trinity,2021-04-22,91,6400,5,662,86,5456,0,282,14,1182,77,2745,14,3927,California
Trinity,2021-04-23,182,6582,6,668,176,5632,0,282,113,1226,69,2814,113,4040,California
Trinity,2021-04-24,23,6605,13,681,10,5642,0,282,6,1215,17,2831,6,4046,California
Trinity,2021-04-25,10,6615,9,690,1,5643,0,282,3,1212,6,2837,3,4049,California
Trinity,2021-04-26,45,6660,6,696,39,5682,0,282,40,1247,5,2842,40,4089,California
Trinity,2021-04-27,85,6745,7,703,78,5760,0,282,22,1206,63,2905,22,4111,California
Trinity,2021-04-28,33,6778,11,714,22,5782,0,282,12,1197,21,2926,12,4123,California
Trinity,2021-04-29,34,6812,13,727,21,5803,0,282,12,1187,22,2948,12,4135,California
Trinity,2021-04-30,27,6839,21,748,6,5809,0,282,8,1177,18,2966,8,4143,California
Trinity,2021-05-01,14,6853,8,756,1,5810,5,287,4,1176,10,2976,9,4152,California
Trinity,2021-05-02,8,6861,5,761,1,5811,2,289,2,1174,6,2982,4,4156,California
Trinity,2021-05-03,58,6919,13,774,44,5855,1,290,9,1136,48,3030,10,4166,California
Trinity,2021-05-04,23,6942,11,785,11,5866,1,291,8,1130,15,3045,9,4175,California
Trinity,2021-05-05,10,6952,6,791,4,5870,0,291,3,1126,7,3052,3,4178,California
Trinity,2021-05-06,72,7024,10,801,60,5930,2,293,15,1086,57,3109,17,4195,California
Trinity,2021-05-07,175,7199,12,813,129,6059,34,327,14,973,161,3270,48,4243,California
Trinity,2021-05-08,6,7205,2,815,4,6063,0,327,2,971,4,3274,2,4245,California
Trinity,2021-05-09,11,7216,8,823,3,6066,0,327,7,974,4,3278,7,4252,California
Trinity,2021-05-10,15,7231,5,828,9,6075,1,328,8,976,7,3285,9,4261,California
Trinity,2021-05-11,7,7238,3,831,4,6079,0,328,5,979,2,3287,5,4266,California
Trinity,2021-05-12,17,7255,14,845,2,6081,1,329,13,989,4,3291,14,4280,California
Trinity,2021-05-13,10,7265,7,852,2,6083,1,330,7,994,3,3294,8,4288,California
Trinity,2021-05-14,129,7394,19,871,82,6165,28,358,37,967,92,3386,65,4353,California
Trinity,2021-05-15,13,7407,9,880,3,6168,1,359,7,969,6,3392,8,4361,California
Trinity,2021-05-16,7,7414,6,886,1,6169,0,359,5,972,2,3394,5,4366,California
Trinity,2021-05-17,108,7522,20,906,86,6255,2,361,42,950,66,3460,44,4410,California
Trinity,2021-05-18,37,7559,7,913,29,6284,1,362,11,936,26,3486,12,4422,California
Trinity,2021-05-19,143,7702,16,929,98,6382,29,391,28,879,114,3600,57,4479,California
Trinity,2021-05-20,12,7714,6,935,3,6385,3,394,6,882,6,3606,9,4488,California
Trinity,2021-05-21,6,7720,1,936,5,6390,0,394,3,882,3,3609,3,4491,California
Trinity,2021-05-22,2,7722,1,937,1,6391,0,394,1,882,1,3610,1,4492,California
Trinity,2021-05-23,5,7727,4,941,1,6392,0,394,3,883,2,3612,3,4495,California
Trinity,2021-05-24,98,7825,3,944,95,6487,0,394,3,791,95,3707,3,4498,California
Tulare,2020-12-15,1,1,1,1,0,0,0,0,1,1,0,0,1,1,California
Tulare,2020-12-16,4,5,4,5,0,0,0,0,4,5,0,0,4,5,California
Tulare,2020-12-17,109,114,109,114,0,0,0,0,109,114,0,0,109,114,California
Tulare,2020-12-18,290,404,289,403,1,1,0,0,290,404,0,0,290,404,California
Tulare,2020-12-19,327,731,327,730,0,1,0,0,327,731,0,0,327,731,California
Tulare,2020-12-20,167,898,166,896,1,2,0,0,167,898,0,0,167,898,California
Tulare,2020-12-21,422,1320,422,1318,0,2,0,0,442,1340,0,0,442,1340,California
Tulare,2020-12-22,469,1789,467,1785,2,4,0,0,468,1808,0,0,468,1808,California
Tulare,2020-12-23,327,2116,319,2104,8,12,0,0,325,2133,0,0,325,2133,California
Tulare,2020-12-24,18,2134,16,2120,2,14,0,0,18,2151,0,0,18,2151,California
Tulare,2020-12-26,8,2142,7,2127,1,15,0,0,8,2159,0,0,8,2159,California
Tulare,2020-12-27,16,2158,12,2139,4,19,0,0,16,2175,0,0,16,2175,California
Tulare,2020-12-28,478,2636,466,2605,12,31,0,0,477,2652,0,0,477,2652,California
Tulare,2020-12-29,548,3184,478,3083,70,101,0,0,548,3200,0,0,548,3200,California
Tulare,2020-12-30,465,3649,425,3508,40,141,0,0,465,3665,0,0,465,3665,California
Tulare,2020-12-31,95,3744,22,3530,73,214,0,0,95,3760,0,0,95,3760,California
Tulare,2021-01-01,2,3746,1,3531,1,215,0,0,2,3762,0,0,2,3762,California
Tulare,2021-01-02,30,3776,17,3548,13,228,0,0,30,3792,0,0,30,3792,California
Tulare,2021-01-03,23,3799,9,3557,14,242,0,0,23,3815,0,0,23,3815,California
Tulare,2021-01-04,91,3890,15,3572,76,318,0,0,91,3906,0,0,91,3906,California
Tulare,2021-01-05,463,4353,278,3850,185,503,0,0,461,4365,2,2,461,4367,California
Tulare,2021-01-06,863,5216,633,4483,230,733,0,0,853,5208,10,12,853,5220,California
Tulare,2021-01-07,782,5998,583,5066,199,932,0,0,675,5776,107,119,675,5895,California
Tulare,2021-01-08,1266,7264,574,5640,692,1624,0,0,928,6367,337,456,928,6823,California
Tulare,2021-01-09,772,8036,203,5843,569,2193,0,0,585,6765,187,643,585,7408,California
Tulare,2021-01-10,50,8086,44,5887,6,2199,0,0,11,6737,39,682,11,7419,California
Tulare,2021-01-11,1272,9358,769,6656,503,2702,0,0,836,7137,436,1118,836,8255,California
Tulare,2021-01-12,1415,10773,501,7157,914,3616,0,0,1006,7736,408,1526,1007,9262,California
Tulare,2021-01-13,428,11201,199,7356,229,3845,0,0,353,8014,75,1601,353,9615,California
Tulare,2021-01-14,491,11692,141,7497,350,4195,0,0,465,8464,15,1616,465,10080,California
Tulare,2021-01-15,1622,13314,154,7651,1468,5663,0,0,1613,10068,9,1625,1613,11693,California
Tulare,2021-01-16,1899,15213,112,7763,1787,7450,0,0,1885,11939,14,1639,1885,13578,California
Tulare,2021-01-17,142,15355,122,7885,20,7470,0,0,132,12061,10,1649,132,13710,California
Tulare,2021-01-18,694,16049,661,8546,33,7503,0,0,297,11961,397,2046,297,14007,California
Tulare,2021-01-19,1011,17060,688,9234,323,7826,0,0,584,12118,427,2473,584,14591,California
Tulare,2021-01-20,2425,19485,612,9846,1813,9639,0,0,2013,13745,386,2859,2013,16604,California
Tulare,2021-01-21,1549,21034,182,10028,1367,11006,0,0,1523,15247,21,2880,1523,18127,California
Tulare,2021-01-22,1058,22092,189,10217,869,11875,0,0,1033,16256,24,2904,1033,19160,California
Tulare,2021-01-23,437,22529,155,10372,282,12157,0,0,417,16653,20,2924,417,19577,California
Tulare,2021-01-24,30,22559,27,10399,3,12160,0,0,28,16679,2,2926,28,19605,California
Tulare,2021-01-25,1342,23901,981,11380,361,12521,0,0,1299,17935,43,2969,1299,20904,California
Tulare,2021-01-26,1503,25404,1097,12477,406,12927,0,0,1170,18773,332,3301,1170,22074,California
Tulare,2021-01-27,1499,26903,1070,13547,429,13356,0,0,921,19117,577,3878,921,22995,California
Tulare,2021-01-28,1214,28117,777,14324,437,13793,0,0,818,19539,396,4274,818,23813,California
Tulare,2021-01-29,1129,29246,719,15043,410,14203,0,0,820,20050,309,4583,820,24633,California
Tulare,2021-01-30,1675,30921,1581,16624,94,14297,0,0,1651,21678,24,4607,1652,26285,California
Tulare,2021-01-31,67,30988,62,16686,5,14302,0,0,64,21739,3,4610,64,26349,California
Tulare,2021-02-01,1185,32173,915,17601,270,14572,0,0,829,22213,355,4965,829,27178,California
Tulare,2021-02-02,696,32869,347,17948,349,14921,0,0,455,22430,239,5204,456,27634,California
Tulare,2021-02-03,568,33437,241,18189,327,15248,0,0,327,22536,221,5425,327,27961,California
Tulare,2021-02-04,556,33993,169,18358,387,15635,0,0,267,22516,288,5713,268,28229,California
Tulare,2021-02-05,1237,35230,238,18596,999,16634,0,0,416,22113,819,6532,416,28645,California
Tulare,2021-02-06,832,36062,156,18752,676,17310,0,0,235,21753,595,7127,235,28880,California
Tulare,2021-02-07,83,36145,71,18823,12,17322,0,0,23,21716,60,7187,23,28903,California
Tulare,2021-02-08,941,37086,325,19148,616,17938,0,0,241,21259,698,7885,241,29144,California
Tulare,2021-02-09,1415,38501,335,19483,1080,19018,0,0,369,20587,1041,8926,369,29513,California
Tulare,2021-02-10,2472,40973,1986,21469,486,19504,0,0,2071,22258,400,9326,2071,31584,California
Tulare,2021-02-11,1325,42298,377,21846,948,20452,0,0,906,22745,419,9745,906,32490,California
Tulare,2021-02-12,2784,45082,575,22421,2209,22661,0,0,1211,22390,1566,11311,1211,33701,California
Tulare,2021-02-13,2479,47561,157,22578,2322,24983,0,0,665,21245,1810,13121,665,34366,California
Tulare,2021-02-14,337,47898,40,22618,297,25280,0,0,300,21508,37,13158,300,34666,California
Tulare,2021-02-15,920,48818,294,22912,626,25906,0,0,663,21915,256,13414,663,35329,California
Tulare,2021-02-16,2832,51650,1593,24505,1239,27145,0,0,1079,21242,1752,15166,1079,36408,California
Tulare,2021-02-17,2698,54348,511,25016,2187,29332,0,0,461,19472,2231,17397,461,36869,California
Tulare,2021-02-18,2310,56658,456,25472,1854,31186,0,0,629,18428,1673,19070,629,37498,California
Tulare,2021-02-19,2311,58969,871,26343,1440,32626,0,0,954,18026,1356,20426,954,38452,California
Tulare,2021-02-20,2979,61948,1881,28224,1098,33724,0,0,1257,17566,1717,22143,1257,39709,California
Tulare,2021-02-21,94,62042,90,28314,4,33728,0,0,48,17569,45,22188,48,39757,California
Tulare,2021-02-22,1105,63147,699,29013,406,34134,0,0,210,16885,894,23082,210,39967,California
Tulare,2021-02-23,1959,65106,949,29962,1010,35144,0,0,1466,17859,492,23574,1466,41433,California
Tulare,2021-02-24,2485,67591,1549,31511,936,36080,0,0,2108,19592,376,23950,2109,43542,California
Tulare,2021-02-25,3510,71101,1979,33490,1531,37611,0,0,3094,22274,412,24362,3094,46636,California
Tulare,2021-02-26,3854,74955,1887,35377,1967,39578,0,0,3387,25197,465,24827,3388,50024,California
Tulare,2021-02-27,2998,77953,1490,36867,1508,41086,0,0,2865,27941,121,24948,2865,52889,California
Tulare,2021-02-28,1308,79261,1036,37903,272,41358,0,0,1288,29212,17,24965,1288,54177,California
Tulare,2021-03-01,1769,81030,798,38701,971,42329,0,0,1583,30611,184,25149,1583,55760,California
Tulare,2021-03-02,2771,83801,1268,39969,1503,43832,0,0,2596,33035,173,25322,2597,58357,California
Tulare,2021-03-03,3954,87755,2618,42587,1336,45168,0,0,2006,33098,1945,27267,2008,60365,California
Tulare,2021-03-04,2946,90701,1332,43919,1614,46782,0,0,2621,35397,322,27589,2621,62986,California
Tulare,2021-03-05,3430,94131,1760,45679,1655,48437,15,15,2921,37829,506,28095,2938,65924,California
Tulare,2021-03-06,3085,97216,1440,47119,1586,50023,59,74,2837,40478,245,28340,2894,68818,California
Tulare,2021-03-07,1137,98353,703,47822,413,50436,21,95,1096,41555,40,28380,1117,69935,California
Tulare,2021-03-08,1712,100065,1007,48829,536,50972,169,264,1390,42796,317,28697,1558,71493,California
Tulare,2021-03-09,3257,103322,2246,51075,864,51836,147,411,2849,45384,407,29104,2995,74488,California
Tulare,2021-03-10,2830,106152,1398,52473,1257,53093,175,586,2431,47598,390,29494,2604,77092,California
Tulare,2021-03-11,4167,110319,1979,54452,1887,54980,301,887,3230,50192,937,30431,3531,80623,California
Tulare,2021-03-12,4402,114721,2432,56884,1621,56601,349,1236,3129,52407,1265,31696,3480,84103,California
Tulare,2021-03-13,4135,118856,1942,58826,2088,58689,105,1341,3191,54766,938,32634,3297,87400,California
Tulare,2021-03-14,1859,120715,985,59811,655,59344,219,1560,1334,55792,524,33158,1550,88950,California
Tulare,2021-03-15,2747,123462,1628,61439,1004,60348,115,1675,1973,57109,772,33930,2089,91039,California
Tulare,2021-03-16,3436,126898,2124,63563,1234,61582,78,1753,1879,57516,1553,35483,1960,92999,California
Tulare,2021-03-17,4048,130946,2636,66199,1335,62917,77,1830,2306,58170,1736,37219,2390,95389,California
Tulare,2021-03-18,4633,135579,3380,69579,1181,64098,72,1902,2458,58534,2168,39387,2532,97921,California
Tulare,2021-03-19,5097,140676,3352,72931,1550,65648,195,2097,2730,59113,2348,41735,2927,100848,California
Tulare,2021-03-20,4479,145155,2786,75717,1321,66969,372,2469,2060,59137,2411,44146,2435,103283,California
Tulare,2021-03-21,1996,147151,1706,77423,264,67233,26,2495,1055,59280,937,45083,1080,104363,California
Tulare,2021-03-22,2564,149715,1775,79198,677,67910,112,2607,1693,60222,865,45948,1807,106170,California
Tulare,2021-03-23,3756,153471,2157,81355,1547,69457,52,2659,2062,60658,1684,47632,2120,108290,California
Tulare,2021-03-24,3204,156675,1989,83344,1173,70630,42,2701,1811,61126,1385,49017,1853,110143,California
Tulare,2021-03-25,3481,160156,1814,85158,1495,72125,172,2873,1692,61210,1782,50799,1866,112009,California
Tulare,2021-03-26,5252,165408,3135,88293,2008,74133,109,2982,2544,61174,2690,53489,2654,114663,California
Tulare,2021-03-27,3537,168945,1814,90107,1625,75758,98,3080,990,59722,2539,56028,1087,115750,California
Tulare,2021-03-28,1462,170407,1057,91164,374,76132,31,3111,675,59649,785,56813,712,116462,California
Tulare,2021-03-29,2894,173301,1675,92839,1107,77239,112,3223,1228,59330,1661,58474,1342,117804,California
Tulare,2021-03-30,4831,178132,2785,95624,1816,79055,230,3453,1531,57795,3291,61765,1756,119560,California
Tulare,2021-03-31,3950,182082,2339,97963,1498,80553,113,3566,1578,57124,2364,64129,1693,121253,California
Tulare,2021-04-01,4519,186601,2451,100414,2000,82553,68,3634,1558,55800,2951,67080,1627,122880,California
Tulare,2021-04-02,5329,191930,3053,103467,2158,84711,118,3752,1575,53757,3738,70818,1695,124575,California
Tulare,2021-04-03,3624,195554,2096,105563,1157,85868,371,4123,835,52211,2751,73569,1205,125780,California
Tulare,2021-04-04,1633,197187,1146,106709,480,86348,7,4130,359,51307,1270,74839,366,126146,California
Tulare,2021-04-05,3347,200534,2341,109050,739,87087,267,4397,858,49957,2477,77316,1127,127273,California
Tulare,2021-04-06,3425,203959,1469,110519,1462,88549,494,4891,919,48876,2499,79815,1418,128691,California
Tulare,2021-04-07,3863,207822,1822,112341,1611,90160,430,5321,1279,48009,2575,82390,1708,130399,California
Tulare,2021-04-08,4717,212539,2592,114933,1667,91827,458,5779,1507,46772,3198,85588,1961,132360,California
Tulare,2021-04-09,4777,217316,2944,117877,1403,93230,430,6209,1804,46042,2965,88553,2235,134595,California
Tulare,2021-04-10,3807,221123,2058,119935,1432,94662,317,6526,924,44406,2875,91428,1239,135834,California
Tulare,2021-04-11,1573,222696,1036,120971,466,95128,71,6597,482,43871,1088,92516,553,136387,California
Tulare,2021-04-12,3361,226057,2105,123076,663,95791,593,7190,1050,43212,2303,94819,1644,138031,California
Tulare,2021-04-13,2412,228469,1586,124662,816,96607,10,7200,900,42623,1501,96320,912,138943,California
Tulare,2021-04-14,2846,231315,1681,126343,1165,97772,0,7200,908,41596,1935,98255,908,139851,California
Tulare,2021-04-15,3271,234586,2132,128475,1139,98911,0,7200,1467,41270,1793,100048,1467,141318,California
Tulare,2021-04-16,3651,238237,2216,130691,1435,100346,0,7200,1478,40585,2163,102211,1478,142796,California
Tulare,2021-04-17,2211,240448,1298,131989,913,101259,0,7200,1175,40730,1031,103242,1176,143972,California
Tulare,2021-04-18,1521,241969,1190,133179,331,101590,0,7200,814,40838,706,103948,814,144786,California
Tulare,2021-04-19,2120,244089,1220,134399,898,102488,2,7202,896,40516,1220,105168,898,145684,California
Tulare,2021-04-20,2339,246428,1313,135712,1026,103514,0,7202,993,40178,1331,106499,993,146677,California
Tulare,2021-04-21,2205,248633,1325,137037,880,104394,0,7202,807,39627,1359,107858,808,147485,California
Tulare,2021-04-22,2106,250739,1171,138208,935,105329,0,7202,727,38995,1359,109217,727,148212,California
Tulare,2021-04-23,2576,253315,1580,139788,995,106324,1,7203,1017,38464,1548,110765,1017,149229,California
Tulare,2021-04-24,1636,254951,1051,140839,583,106907,2,7205,848,38531,783,111548,850,150079,California
Tulare,2021-04-25,693,255644,520,141359,173,107080,0,7205,264,38366,429,111977,264,150343,California
Tulare,2021-04-26,1463,257107,874,142233,570,107650,19,7224,611,38150,844,112821,628,150971,California
Tulare,2021-04-27,1593,258700,633,142866,924,108574,36,7260,671,37938,918,113739,706,151677,California
Tulare,2021-04-28,1702,260402,971,143837,690,109264,41,7301,668,37618,1029,114768,709,152386,California
Tulare,2021-04-29,1989,262391,1193,145030,759,110023,37,7338,768,37210,1211,115979,803,153189,California
Tulare,2021-04-30,2428,264819,1768,146798,610,110633,50,7388,892,36622,1529,117508,941,154130,California
Tulare,2021-05-01,1407,266226,1209,148007,186,110819,12,7400,720,36674,680,118188,732,154862,California
Tulare,2021-05-02,584,266810,496,148503,72,110891,16,7416,188,36485,393,118581,204,155066,California
Tulare,2021-05-03,1617,268427,1093,149596,399,111290,125,7541,348,35696,1262,119843,473,155539,California
Tulare,2021-05-04,1540,269967,823,150419,648,111938,69,7610,622,35474,911,120754,689,156228,California
Tulare,2021-05-05,1266,271233,610,151029,568,112506,88,7698,435,35177,820,121574,523,156751,California
Tulare,2021-05-06,1950,273183,1325,152354,576,113082,49,7747,589,34461,1354,122928,638,157389,California
Tulare,2021-05-07,1841,275024,1250,153604,523,113605,68,7815,526,33746,1308,124236,593,157982,California
Tulare,2021-05-08,1233,276257,803,154407,405,114010,25,7840,526,33597,700,124936,551,158533,California
Tulare,2021-05-09,590,276847,468,154875,101,114111,21,7861,117,33267,469,125405,139,158672,California
Tulare,2021-05-10,1015,277862,587,155462,363,114474,65,7926,308,32935,705,126110,373,159045,California
Tulare,2021-05-11,1210,279072,614,156076,520,114994,76,8002,502,32811,702,126812,578,159623,California
Tulare,2021-05-12,1500,280572,967,157043,481,115475,52,8054,397,32170,1089,127901,448,160071,California
Tulare,2021-05-13,1447,282019,902,157945,507,115982,38,8092,646,32057,797,128698,684,160755,California
Tulare,2021-05-14,1927,283946,1240,159185,625,116607,62,8154,859,31921,1057,129755,921,161676,California
Tulare,2021-05-15,1558,285504,875,160060,638,117245,45,8199,660,31734,891,130646,704,162380,California
Tulare,2021-05-16,693,286197,552,160612,129,117374,12,8211,323,31700,369,131015,335,162715,California
Tulare,2021-05-17,1531,287728,950,161562,508,117882,73,8284,741,31731,783,131798,814,163529,California
Tulare,2021-05-18,1575,289303,851,162413,672,118554,52,8336,805,31821,765,132563,855,164384,California
Tulare,2021-05-19,1462,290765,939,163352,489,119043,34,8370,764,31926,693,133256,798,165182,California
Tulare,2021-05-20,1317,292082,908,164260,342,119385,67,8437,648,31974,667,133923,715,165897,California
Tulare,2021-05-21,1467,293549,1079,165339,347,119732,41,8478,879,32314,580,134503,920,166817,California
Tulare,2021-05-22,1389,294938,1012,166351,353,120085,24,8502,529,32012,856,135359,554,167371,California
Tulare,2021-05-23,293,295231,248,166599,36,120121,9,8511,146,32021,146,135505,155,167526,California
Tulare,2021-05-24,577,295808,339,166938,194,120315,44,8555,233,31958,340,135845,277,167803,California
Tuolumne,2020-12-16,47,47,47,47,0,0,0,0,47,47,0,0,47,47,California
Tuolumne,2020-12-17,17,64,17,64,0,0,0,0,17,64,0,0,17,64,California
Tuolumne,2020-12-18,101,165,100,164,1,1,0,0,101,165,0,0,101,165,California
Tuolumne,2020-12-19,5,170,5,169,0,1,0,0,5,170,0,0,5,170,California
Tuolumne,2020-12-20,2,172,2,171,0,1,0,0,2,172,0,0,2,172,California
Tuolumne,2020-12-21,115,287,101,272,14,15,0,0,115,287,0,0,115,287,California
Tuolumne,2020-12-22,172,459,172,444,0,15,0,0,172,459,0,0,172,459,California
Tuolumne,2020-12-23,185,644,183,627,2,17,0,0,185,644,0,0,185,644,California
Tuolumne,2020-12-26,2,646,2,629,0,17,0,0,2,646,0,0,2,646,California
Tuolumne,2020-12-28,77,723,75,704,2,19,0,0,77,723,0,0,77,723,California
Tuolumne,2020-12-29,102,825,39,743,63,82,0,0,102,825,0,0,102,825,California
Tuolumne,2020-12-30,78,903,22,765,56,138,0,0,78,903,0,0,78,903,California
Tuolumne,2020-12-31,27,930,20,785,7,145,0,0,27,930,0,0,27,930,California
Tuolumne,2021-01-01,6,936,5,790,1,146,0,0,6,936,0,0,6,936,California
Tuolumne,2021-01-02,118,1054,115,905,3,149,0,0,118,1054,0,0,118,1054,California
Tuolumne,2021-01-03,2,1056,2,907,0,149,0,0,2,1056,0,0,2,1056,California
Tuolumne,2021-01-04,69,1125,26,933,43,192,0,0,69,1125,0,0,69,1125,California
Tuolumne,2021-01-05,93,1218,27,960,66,258,0,0,90,1213,3,3,91,1216,California
Tuolumne,2021-01-06,132,1350,72,1032,60,318,0,0,68,1217,64,67,68,1284,California
Tuolumne,2021-01-07,119,1469,63,1095,56,374,0,0,64,1226,55,122,64,1348,California
Tuolumne,2021-01-08,105,1574,81,1176,24,398,0,0,27,1177,77,199,28,1376,California
Tuolumne,2021-01-09,2,1576,0,1176,2,400,0,0,2,1179,0,199,2,1378,California
Tuolumne,2021-01-10,3,1579,1,1177,2,402,0,0,3,1182,0,199,3,1381,California
Tuolumne,2021-01-11,116,1695,90,1267,26,428,0,0,34,1134,82,281,34,1415,California
Tuolumne,2021-01-12,102,1797,86,1353,16,444,0,0,18,1068,84,365,18,1433,California
Tuolumne,2021-01-13,231,2028,125,1478,106,550,0,0,182,1202,49,414,183,1616,California
Tuolumne,2021-01-14,148,2176,108,1586,40,590,0,0,43,1141,104,518,43,1659,California
Tuolumne,2021-01-15,474,2650,72,1658,402,992,0,0,412,1493,61,579,413,2072,California
Tuolumne,2021-01-16,7,2657,3,1661,4,996,0,0,6,1498,1,580,6,2078,California
Tuolumne,2021-01-17,7,2664,4,1665,3,999,0,0,7,1505,0,580,7,2085,California
Tuolumne,2021-01-18,46,2710,38,1703,8,1007,0,0,9,1478,36,616,9,2094,California
Tuolumne,2021-01-19,477,3187,73,1776,404,1411,0,0,431,1863,46,662,431,2525,California
Tuolumne,2021-01-20,76,3263,58,1834,18,1429,0,0,24,1836,51,713,24,2549,California
Tuolumne,2021-01-21,56,3319,23,1857,33,1462,0,0,40,1860,16,729,40,2589,California
Tuolumne,2021-01-22,169,3488,16,1873,153,1615,0,0,162,2015,7,736,162,2751,California
Tuolumne,2021-01-23,653,4141,134,2007,519,2134,0,0,548,2470,105,841,560,3311,California
Tuolumne,2021-01-24,522,4663,1,2008,521,2655,0,0,520,2989,2,843,521,3832,California
Tuolumne,2021-01-25,50,4713,28,2036,22,2677,0,0,24,2988,26,869,25,3857,California
Tuolumne,2021-01-26,80,4793,68,2104,12,2689,0,0,40,2989,40,909,41,3898,California
Tuolumne,2021-01-27,61,4854,4,2108,57,2746,0,0,8,2945,52,961,8,3906,California
Tuolumne,2021-01-28,27,4881,7,2115,20,2766,0,0,18,2954,9,970,18,3924,California
Tuolumne,2021-01-29,74,4955,6,2121,68,2834,0,0,35,2950,39,1009,35,3959,California
Tuolumne,2021-01-30,711,5666,553,2674,158,2992,0,0,689,3633,22,1031,705,4664,California
Tuolumne,2021-01-31,8,5674,2,2676,6,2998,0,0,5,3635,3,1034,5,4669,California
Tuolumne,2021-02-01,25,5699,6,2682,19,3017,0,0,22,3654,3,1037,22,4691,California
Tuolumne,2021-02-02,647,6346,40,2722,607,3624,0,0,635,4279,10,1047,635,5326,California
Tuolumne,2021-02-03,240,6586,111,2833,129,3753,0,0,88,4215,152,1199,88,5414,California
Tuolumne,2021-02-04,123,6709,13,2846,110,3863,0,0,60,4212,63,1262,60,5474,California
Tuolumne,2021-02-05,99,6808,13,2859,86,3949,0,0,35,4184,63,1325,35,5509,California
Tuolumne,2021-02-06,855,7663,581,3440,274,4223,0,0,847,5028,8,1333,852,6361,California
Tuolumne,2021-02-07,8,7671,4,3444,4,4227,0,0,4,5028,4,1337,4,6365,California
Tuolumne,2021-02-08,91,7762,40,3484,51,4278,0,0,67,5071,24,1361,67,6432,California
Tuolumne,2021-02-09,863,8625,53,3537,810,5088,0,0,822,5852,41,1402,822,7254,California
Tuolumne,2021-02-10,92,8717,17,3554,75,5163,0,0,31,5823,60,1462,31,7285,California
Tuolumne,2021-02-11,143,8860,67,3621,76,5239,0,0,77,5834,66,1528,77,7362,California
Tuolumne,2021-02-12,646,9506,19,3640,627,5866,0,0,205,5599,440,1968,205,7567,California
Tuolumne,2021-02-13,150,9656,42,3682,108,5974,0,0,119,5688,30,1998,119,7686,California
Tuolumne,2021-02-14,149,9805,13,3695,136,6110,0,0,148,5835,1,1999,148,7834,California
Tuolumne,2021-02-15,186,9991,10,3705,176,6286,0,0,177,6003,9,2008,177,8011,California
Tuolumne,2021-02-16,530,10521,18,3723,512,6798,0,0,122,5723,404,2412,124,8135,California
Tuolumne,2021-02-17,111,10632,63,3786,48,6846,0,0,61,5735,49,2461,61,8196,California
Tuolumne,2021-02-18,680,11312,25,3811,655,7501,0,0,629,6314,51,2512,630,8826,California
Tuolumne,2021-02-19,143,11455,23,3834,120,7621,0,0,43,6257,100,2612,43,8869,California
Tuolumne,2021-02-20,905,12360,342,4176,563,8184,0,0,385,6137,506,3118,386,9255,California
Tuolumne,2021-02-21,975,13335,38,4214,937,9121,0,0,470,6105,504,3622,472,9727,California
Tuolumne,2021-02-22,81,13416,58,4272,23,9144,0,0,47,6119,33,3655,47,9774,California
Tuolumne,2021-02-23,48,13464,24,4296,24,9168,0,0,26,6124,21,3676,26,9800,California
Tuolumne,2021-02-24,103,13567,58,4354,45,9213,0,0,42,6106,60,3736,42,9842,California
Tuolumne,2021-02-25,1050,14617,34,4388,1016,10229,0,0,1019,7094,31,3767,1019,10861,California
Tuolumne,2021-02-26,147,14764,10,4398,137,10366,0,0,121,7190,26,3793,122,10983,California
Tuolumne,2021-02-27,953,15717,578,4976,375,10741,0,0,249,6755,687,4480,252,11235,California
Tuolumne,2021-02-28,56,15773,4,4980,52,10793,0,0,52,6804,3,4483,52,11287,California
Tuolumne,2021-03-01,112,15885,21,5001,91,10884,0,0,77,6848,34,4517,78,11365,California
Tuolumne,2021-03-02,705,16590,73,5074,632,11516,0,0,106,6355,599,5116,106,11471,California
Tuolumne,2021-03-03,90,16680,22,5096,68,11584,0,0,65,6395,25,5141,65,11536,California
Tuolumne,2021-03-04,1168,17848,74,5170,1094,12678,0,0,1105,7437,63,5204,1105,12641,California
Tuolumne,2021-03-05,86,17934,10,5180,76,12754,0,0,49,7451,36,5240,50,12691,California
Tuolumne,2021-03-06,1056,18990,605,5785,449,13203,2,2,204,6811,847,6087,207,12898,California
Tuolumne,2021-03-07,42,19032,13,5798,14,13217,15,17,19,6822,23,6110,34,12932,California
Tuolumne,2021-03-08,196,19228,90,5888,99,13316,7,24,139,6911,57,6167,146,13078,California
Tuolumne,2021-03-09,857,20085,16,5904,830,14146,11,35,68,6207,784,6951,80,13158,California
Tuolumne,2021-03-10,78,20163,12,5916,55,14201,11,46,53,6246,25,6976,64,13222,California
Tuolumne,2021-03-11,1281,21444,36,5952,1240,15441,5,51,1255,7482,26,7002,1262,14484,California
Tuolumne,2021-03-12,299,21743,36,5988,248,15689,15,66,190,7582,108,7110,208,14692,California
Tuolumne,2021-03-13,113,21856,12,6000,101,15790,0,66,84,7639,28,7138,85,14777,California
Tuolumne,2021-03-14,142,21998,8,6008,125,15915,9,75,7,7524,135,7273,20,14797,California
Tuolumne,2021-03-15,296,22294,80,6088,213,16128,3,78,101,7440,194,7467,110,14907,California
Tuolumne,2021-03-16,802,23096,40,6128,751,16879,11,89,665,7980,136,7603,676,15583,California
Tuolumne,2021-03-17,152,23248,30,6158,109,16988,13,102,79,8000,72,7675,92,15675,California
Tuolumne,2021-03-18,948,24196,27,6185,908,17896,13,115,318,7704,627,8302,331,16006,California
Tuolumne,2021-03-19,134,24330,17,6202,87,17983,30,145,74,7749,59,8361,104,16110,California
Tuolumne,2021-03-20,89,24419,7,6209,72,18055,10,155,37,7744,51,8412,46,16156,California
Tuolumne,2021-03-21,834,25253,390,6599,434,18489,10,165,41,7010,786,9198,52,16208,California
Tuolumne,2021-03-22,164,25417,73,6672,72,18561,19,184,97,7060,66,9264,116,16324,California
Tuolumne,2021-03-23,708,26125,637,7309,57,18618,14,198,671,7707,37,9301,684,17008,California
Tuolumne,2021-03-24,111,26236,20,7329,73,18691,18,216,77,7769,33,9334,95,17103,California
Tuolumne,2021-03-25,1298,27534,23,7352,1272,19963,3,219,326,7128,970,10304,329,17432,California
Tuolumne,2021-03-26,275,27809,16,7368,236,20199,23,242,117,7121,148,10452,141,17573,California
Tuolumne,2021-03-27,580,28389,53,7421,527,20726,0,242,318,7180,260,10712,319,17892,California
Tuolumne,2021-03-28,48,28437,7,7428,41,20767,0,242,8,7150,39,10751,9,17901,California
Tuolumne,2021-03-29,206,28643,83,7511,123,20890,0,242,109,7165,94,10845,109,18010,California
Tuolumne,2021-03-30,162,28805,11,7522,150,21040,1,243,120,7245,41,10886,121,18131,California
Tuolumne,2021-03-31,95,28900,14,7536,79,21119,2,245,38,7230,55,10941,40,18171,California
Tuolumne,2021-04-01,1249,30149,30,7566,1219,22338,0,245,228,6440,1018,11959,228,18399,California
Tuolumne,2021-04-02,165,30314,11,7577,128,22466,26,271,91,6485,72,12031,117,18516,California
Tuolumne,2021-04-03,426,30740,35,7612,390,22856,1,272,239,6540,187,12218,242,18758,California
Tuolumne,2021-04-04,33,30773,3,7615,30,22886,0,272,21,6550,11,12229,21,18779,California
Tuolumne,2021-04-05,131,30904,19,7634,105,22991,7,279,59,6544,72,12301,66,18845,California
Tuolumne,2021-04-06,648,31552,517,8151,104,23095,27,306,513,6951,135,12436,542,19387,California
Tuolumne,2021-04-07,128,31680,37,8188,75,23170,16,322,50,6939,78,12514,66,19453,California
Tuolumne,2021-04-08,1444,33124,32,8220,1398,24568,14,336,246,6005,1194,13708,260,19713,California
Tuolumne,2021-04-09,274,33398,41,8261,189,24757,44,380,131,6041,143,13851,179,19892,California
Tuolumne,2021-04-10,56,33454,2,8263,34,24791,20,400,23,6052,32,13883,43,19935,California
Tuolumne,2021-04-11,18,33472,3,8266,12,24803,3,403,12,6061,6,13889,15,19950,California
Tuolumne,2021-04-12,164,33636,66,8332,93,24896,5,408,90,6088,68,13957,95,20045,California
Tuolumne,2021-04-13,783,34419,35,8367,748,25644,0,408,169,5651,606,14563,169,20214,California
Tuolumne,2021-04-14,154,34573,27,8394,127,25771,0,408,78,5657,73,14636,79,20293,California
Tuolumne,2021-04-15,341,34914,20,8414,321,26092,0,408,59,5440,276,14912,59,20352,California
Tuolumne,2021-04-16,251,35165,50,8464,201,26293,0,408,141,5479,103,15015,142,20494,California
Tuolumne,2021-04-17,43,35208,6,8470,37,26330,0,408,27,5490,16,15031,27,20521,California
Tuolumne,2021-04-18,8,35216,3,8473,5,26335,0,408,4,5490,4,15035,4,20525,California
Tuolumne,2021-04-19,170,35386,79,8552,91,26426,0,408,92,5506,76,15111,92,20617,California
Tuolumne,2021-04-20,712,36098,615,9167,97,26523,0,408,76,4953,629,15740,76,20693,California
Tuolumne,2021-04-21,119,36217,26,9193,93,26616,0,408,63,4965,51,15791,63,20756,California
Tuolumne,2021-04-22,709,36926,46,9239,663,27279,0,408,430,5125,270,16061,430,21186,California
Tuolumne,2021-04-23,177,37103,31,9270,146,27425,0,408,86,5122,89,16150,86,21272,California
Tuolumne,2021-04-24,80,37183,18,9288,62,27487,0,408,52,5146,28,16178,52,21324,California
Tuolumne,2021-04-25,27,37210,10,9298,17,27504,0,408,24,5167,3,16181,24,21348,California
Tuolumne,2021-04-26,152,37362,56,9354,96,27600,0,408,69,5155,82,16263,70,21418,California
Tuolumne,2021-04-27,136,37498,23,9377,106,27706,7,415,63,5154,71,16334,70,21488,California
Tuolumne,2021-04-28,116,37614,25,9402,80,27786,11,426,65,5180,50,16384,76,21564,California
Tuolumne,2021-04-29,277,37891,16,9418,253,28039,8,434,53,5019,222,16606,61,21625,California
Tuolumne,2021-04-30,351,38242,21,9439,318,28357,12,446,67,4817,281,16887,79,21704,California
Tuolumne,2021-05-01,24,38266,7,9446,13,28370,4,450,16,4829,8,16895,20,21724,California
Tuolumne,2021-05-02,26,38292,3,9449,21,28391,2,452,19,4843,7,16902,21,21745,California
Tuolumne,2021-05-03,98,38390,14,9463,79,28470,5,457,28,4807,69,16971,33,21778,California
Tuolumne,2021-05-04,692,39082,603,10066,84,28554,5,462,205,4530,486,17457,209,21987,California
Tuolumne,2021-05-05,107,39189,25,10091,76,28630,6,468,55,4542,50,17507,62,22049,California
Tuolumne,2021-05-06,285,39474,13,10104,258,28888,14,482,40,4355,240,17747,53,22102,California
Tuolumne,2021-05-07,323,39797,25,10129,290,29178,8,490,65,4171,257,18004,73,22175,California
Tuolumne,2021-05-08,47,39844,7,10136,36,29214,4,494,29,4186,18,18022,33,22208,California
Tuolumne,2021-05-09,15,39859,2,10138,11,29225,2,496,2,4177,13,18035,4,22212,California
Tuolumne,2021-05-10,109,39968,44,10182,60,29285,5,501,30,4134,78,18113,35,22247,California
Tuolumne,2021-05-11,196,40164,62,10244,122,29407,12,513,55,4061,140,18253,67,22314,California
Tuolumne,2021-05-12,128,40292,20,10264,105,29512,3,516,50,4036,78,18331,53,22367,California
Tuolumne,2021-05-13,109,40401,18,10282,83,29595,8,524,68,4072,41,18372,77,22444,California
Tuolumne,2021-05-14,206,40607,75,10357,119,29714,12,536,106,4092,98,18470,118,22562,California
Tuolumne,2021-05-15,56,40663,14,10371,35,29749,7,543,19,4082,37,18507,27,22589,California
Tuolumne,2021-05-16,26,40689,8,10379,16,29765,2,545,12,4082,14,18521,14,22603,California
Tuolumne,2021-05-17,109,40798,29,10408,77,29842,3,548,46,4069,63,18584,50,22653,California
Tuolumne,2021-05-18,176,40974,55,10463,74,29916,47,595,58,4056,118,18702,105,22758,California
Tuolumne,2021-05-19,115,41089,21,10484,65,29981,29,624,47,4065,67,18769,76,22834,California
Tuolumne,2021-05-20,392,41481,20,10504,367,30348,5,629,51,3781,340,19109,56,22890,California
Tuolumne,2021-05-21,181,41662,88,10592,89,30437,4,633,108,3821,72,19181,112,23002,California
Tuolumne,2021-05-22,51,41713,15,10607,32,30469,4,637,21,3816,30,19211,25,23027,California
Tuolumne,2021-05-23,13,41726,2,10609,11,30480,0,637,5,3813,8,19219,5,23032,California
Tuolumne,2021-05-24,63,41789,36,10645,21,30501,6,643,27,3811,35,19254,33,23065,California
Ventura,2020-12-15,5,5,5,5,0,0,0,0,5,5,0,0,5,5,California
Ventura,2020-12-16,73,78,73,78,0,0,0,0,73,78,0,0,73,78,California
Ventura,2020-12-17,249,327,249,327,0,0,0,0,249,327,0,0,249,327,California
Ventura,2020-12-18,1414,1741,1414,1741,0,0,0,0,1414,1741,0,0,1414,1741,California
Ventura,2020-12-19,914,2655,914,2655,0,0,0,0,914,2655,0,0,914,2655,California
Ventura,2020-12-20,432,3087,432,3087,0,0,0,0,432,3087,0,0,432,3087,California
Ventura,2020-12-21,1468,4555,1468,4555,0,0,0,0,1468,4555,0,0,1468,4555,California
Ventura,2020-12-22,1108,5663,1103,5658,5,5,0,0,1108,5663,0,0,1108,5663,California
Ventura,2020-12-23,1036,6699,987,6645,49,54,0,0,1036,6699,0,0,1036,6699,California
Ventura,2020-12-24,477,7176,379,7024,98,152,0,0,477,7176,0,0,477,7176,California
Ventura,2020-12-25,11,7187,7,7031,4,156,0,0,11,7187,0,0,11,7187,California
Ventura,2020-12-26,112,7299,92,7123,20,176,0,0,112,7299,0,0,112,7299,California
Ventura,2020-12-27,58,7357,27,7150,31,207,0,0,58,7357,0,0,58,7357,California
Ventura,2020-12-28,1066,8423,926,8076,140,347,0,0,1066,8423,0,0,1066,8423,California
Ventura,2020-12-29,1169,9592,762,8838,407,754,0,0,1169,9592,0,0,1169,9592,California
Ventura,2020-12-30,1987,11579,1522,10360,465,1219,0,0,1987,11579,0,0,1987,11579,California
Ventura,2020-12-31,479,12058,160,10520,319,1538,0,0,479,12058,0,0,479,12058,California
Ventura,2021-01-01,26,12084,7,10527,19,1557,0,0,26,12084,0,0,26,12084,California
Ventura,2021-01-02,174,12258,83,10610,91,1648,0,0,174,12258,0,0,174,12258,California
Ventura,2021-01-03,16,12274,8,10618,8,1656,0,0,16,12274,0,0,16,12274,California
Ventura,2021-01-04,1085,13359,552,11170,533,2189,0,0,1084,13358,0,0,1084,13358,California
Ventura,2021-01-05,1375,14734,786,11956,589,2778,0,0,1332,14647,43,43,1332,14690,California
Ventura,2021-01-06,2059,16793,1181,13137,878,3656,0,0,1626,15851,424,467,1628,16318,California
Ventura,2021-01-07,2071,18864,1327,14464,744,4400,0,0,1180,16143,888,1355,1180,17498,California
Ventura,2021-01-08,2194,21058,1472,15936,722,5122,0,0,902,15756,1290,2645,903,18401,California
Ventura,2021-01-09,721,21779,500,16436,221,5343,0,0,318,15671,403,3048,318,18719,California
Ventura,2021-01-10,341,22120,330,16766,11,5354,0,0,127,15584,214,3262,127,18846,California
Ventura,2021-01-11,2448,24568,1490,18256,958,6312,0,0,1495,16129,953,4215,1498,20344,California
Ventura,2021-01-12,3047,27615,1612,19868,1435,7747,0,0,2022,17126,1025,5240,2022,22366,California
Ventura,2021-01-13,2935,30550,1431,21299,1504,9251,0,0,2051,18297,881,6121,2052,24418,California
Ventura,2021-01-14,2733,33283,1059,22358,1674,10925,0,0,2286,20138,446,6567,2287,26705,California
Ventura,2021-01-15,2881,36164,964,23322,1917,12842,0,0,2671,22600,210,6777,2672,29377,California
Ventura,2021-01-16,485,36649,187,23509,298,13140,0,0,405,22925,80,6857,405,29782,California
Ventura,2021-01-17,259,36908,137,23646,122,13262,0,0,253,23172,6,6863,253,30035,California
Ventura,2021-01-18,2206,39114,1658,25304,548,13810,0,0,1661,24290,544,7407,1662,31697,California
Ventura,2021-01-19,3048,42162,2124,27428,924,14734,0,0,2151,25547,897,8304,2154,33851,California
Ventura,2021-01-20,4098,46260,3147,30575,951,15685,0,0,3047,27547,1048,9352,3048,36899,California
Ventura,2021-01-21,3845,50105,2675,33250,1170,16855,0,0,3171,30049,671,10023,3173,40072,California
Ventura,2021-01-22,3618,53723,2497,35747,1121,17976,0,0,3457,33345,161,10184,3457,43529,California
Ventura,2021-01-23,1180,54903,646,36393,534,18510,0,0,1080,34328,99,10283,1082,44611,California
Ventura,2021-01-24,454,55357,137,36530,317,18827,0,0,441,34756,13,10296,441,45052,California
Ventura,2021-01-25,3156,58513,2031,38561,1125,19952,0,0,2599,36800,556,10852,2600,47652,California
Ventura,2021-01-26,3718,62231,2212,40773,1506,21458,0,0,2717,38518,1000,11852,2718,50370,California
Ventura,2021-01-27,3462,65693,1560,42333,1902,23360,0,0,2719,40499,739,12591,2720,53090,California
Ventura,2021-01-28,3876,69569,1998,44331,1878,25238,0,0,3260,43159,601,13192,3261,56351,California
Ventura,2021-01-29,4267,73836,2523,46854,1744,26982,0,0,3766,46436,489,13681,3766,60117,California
Ventura,2021-01-30,3038,76874,1964,48818,1074,28056,0,0,2867,49137,167,13848,2868,62985,California
Ventura,2021-01-31,836,77710,447,49265,389,28445,0,0,750,49802,85,13933,750,63735,California
Ventura,2021-02-01,3950,81660,2114,51379,1836,30281,0,0,3175,52208,771,14704,3177,66912,California
Ventura,2021-02-02,4404,86064,2373,53752,2031,32312,0,0,3382,54574,1018,15722,3384,70296,California
Ventura,2021-02-03,4456,90520,2090,55842,2366,34678,0,0,3444,57012,1007,16729,3445,73741,California
Ventura,2021-02-04,4791,95311,2299,58141,2492,37170,0,0,3524,59280,1259,17988,3527,77268,California
Ventura,2021-02-05,4844,100155,2323,60464,2521,39691,0,0,3353,61157,1478,19466,3355,80623,California
Ventura,2021-02-06,2836,102991,1514,61978,1322,41013,0,0,2434,63190,401,19867,2434,83057,California
Ventura,2021-02-07,713,103704,241,62219,472,41485,0,0,588,63654,125,19992,589,83646,California
Ventura,2021-02-08,3510,107214,1631,63850,1879,43364,0,0,2436,65021,1069,21061,2436,86082,California
Ventura,2021-02-09,4728,111942,1974,65824,2754,46118,0,0,2468,65234,2258,23319,2471,88553,California
Ventura,2021-02-10,4712,116654,2233,68057,2479,48597,0,0,2387,65307,2315,25634,2388,90941,California
Ventura,2021-02-11,4670,121324,1865,69922,2805,51402,0,0,2450,65547,2213,27847,2453,93394,California
Ventura,2021-02-12,6308,127632,2662,72584,3646,55048,0,0,3225,65694,3078,30925,3225,96619,California
Ventura,2021-02-13,3305,130937,1829,74413,1476,56524,0,0,1849,66093,1452,32377,1851,98470,California
Ventura,2021-02-14,1226,132163,123,74536,1103,57627,0,0,1009,66886,217,32594,1010,99480,California
Ventura,2021-02-15,3988,136151,1799,76335,2189,59816,0,0,2120,67141,1865,34459,2120,101600,California
Ventura,2021-02-16,5558,141709,2710,79045,2848,62664,0,0,3017,67625,2533,36992,3017,104617,California
Ventura,2021-02-17,5237,146946,1923,80968,3314,65978,0,0,3267,68931,1961,38953,3267,107884,California
Ventura,2021-02-18,5783,152729,1833,82801,3950,69928,0,0,3637,70433,2135,41088,3637,111521,California
Ventura,2021-02-19,6454,159183,3770,86571,2684,72612,0,0,3013,70014,3434,44522,3015,114536,California
Ventura,2021-02-20,4941,164124,3172,89743,1769,74381,0,0,2773,70629,2162,46684,2777,117313,California
Ventura,2021-02-21,1101,165225,811,90554,290,74671,0,0,450,70434,646,47330,451,117764,California
Ventura,2021-02-22,5377,170602,2412,92966,2965,77636,0,0,3461,71988,1908,49238,3462,121226,California
Ventura,2021-02-23,5938,176540,2974,95940,2964,80600,0,0,3416,72901,2505,51743,3418,124644,California
Ventura,2021-02-24,7012,183552,2616,98556,4396,84996,0,0,4256,74417,2742,54485,4258,128902,California
Ventura,2021-02-25,7500,191052,2574,101130,4926,89922,0,0,4574,76079,2914,57399,4576,133478,California
Ventura,2021-02-26,9358,200410,2774,103904,6584,96506,0,0,6167,79084,3165,60564,6170,139648,California
Ventura,2021-02-27,10010,210420,5284,109188,4726,101232,0,0,7388,83876,2606,63170,7398,147046,California
Ventura,2021-02-28,2571,212991,1637,110825,933,102165,1,1,2096,85504,468,63638,2096,149142,California
Ventura,2021-03-01,6967,219958,2829,113654,4137,106302,1,2,4641,87845,2314,65952,4655,153797,California
Ventura,2021-03-02,7587,227545,4036,117690,3549,109851,2,4,5352,90973,2224,68176,5352,159149,California
Ventura,2021-03-03,8540,236085,3918,121608,4620,114471,2,6,6088,94630,2437,70613,6094,165243,California
Ventura,2021-03-04,8121,244206,3875,125483,4246,118717,0,6,5485,97497,2621,73234,5488,170731,California
Ventura,2021-03-05,9985,254191,4810,130293,5165,123882,10,16,7090,101725,2880,76114,7108,177839,California
Ventura,2021-03-06,7240,261431,4402,134695,2685,126567,153,169,5323,105293,1910,78024,5478,183317,California
Ventura,2021-03-07,1659,263090,613,135308,946,127513,100,269,1244,106222,415,78439,1344,184661,California
Ventura,2021-03-08,6763,269853,3436,138744,3173,130686,154,423,4653,108929,2103,80542,4810,189471,California
Ventura,2021-03-09,6763,276616,3025,141769,3538,134224,200,623,3882,110148,2867,83409,4086,193557,California
Ventura,2021-03-10,6863,283479,3017,144786,3607,137831,239,862,4540,112617,2310,85719,4779,198336,California
Ventura,2021-03-11,6382,289861,2892,147678,3176,141007,314,1176,3426,113412,2943,88662,3738,202074,California
Ventura,2021-03-12,8555,298416,3050,150728,4660,145667,845,2021,4134,113986,4405,93067,4979,207053,California
Ventura,2021-03-13,6705,305121,2510,153238,3351,149018,844,2865,3771,115675,2925,95992,4614,211667,California
Ventura,2021-03-14,2142,307263,486,153724,1159,150177,497,3362,722,115477,1419,97411,1221,212888,California
Ventura,2021-03-15,6930,314193,2050,155774,3533,153710,1347,4709,2984,115883,3922,101333,4328,217216,California
Ventura,2021-03-16,7952,322145,2463,158237,4375,158085,1114,5823,4012,117080,3927,105260,5124,222340,California
Ventura,2021-03-17,7599,329744,2776,161013,4475,162560,348,6171,4587,119027,2989,108249,4936,227276,California
Ventura,2021-03-18,7262,337006,3279,164292,3831,166391,152,6323,4740,121409,2508,110757,4890,232166,California
Ventura,2021-03-19,8478,345484,3802,168094,4563,170954,113,6436,5087,123239,3369,114126,5199,237365,California
Ventura,2021-03-20,8205,353689,5250,173344,2933,173887,22,6458,3943,122965,4240,118366,3966,241331,California
Ventura,2021-03-21,2799,356488,1523,174867,904,174791,372,6830,1323,123194,1463,119829,1692,243023,California
Ventura,2021-03-22,7370,363858,3703,178570,3564,178355,103,6933,4857,125660,2496,122325,4962,247985,California
Ventura,2021-03-23,8212,372070,3885,182455,4255,182610,72,7005,4596,126738,3589,125914,4667,252652,California
Ventura,2021-03-24,8908,380978,3420,185875,5411,188021,77,7082,4448,126833,4431,130345,4526,257178,California
Ventura,2021-03-25,8826,389804,3923,189798,4801,192822,102,7184,4462,127050,4347,134692,4564,261742,California
Ventura,2021-03-26,9878,399682,3373,193171,5851,198673,654,7838,3936,125726,5912,140604,4588,266330,California
Ventura,2021-03-27,8178,407860,3938,197109,4200,202873,40,7878,2426,122468,5730,146334,2472,268802,California
Ventura,2021-03-28,2545,410405,1427,198536,1109,203982,9,7887,1375,122694,1164,147498,1390,270192,California
Ventura,2021-03-29,8492,418897,4297,202833,4151,208133,44,7931,4229,122732,4235,151733,4273,274465,California
Ventura,2021-03-30,8999,427896,4471,207304,4398,212531,130,8061,4400,122676,4585,156318,4529,278994,California
Ventura,2021-03-31,10752,438648,4868,212172,5256,217787,628,8689,4645,121862,6085,162403,5271,284265,California
Ventura,2021-04-01,10779,449427,5275,217447,4622,222409,882,9571,5455,122899,5295,167698,6332,290597,California
Ventura,2021-04-02,11760,461187,4657,222104,5763,228172,1340,10911,5610,123736,6119,173817,6956,297553,California
Ventura,2021-04-03,8131,469318,4026,226130,2930,231102,1175,12086,3425,123634,4695,178512,4593,302146,California
Ventura,2021-04-04,1717,471035,960,227090,622,231724,135,12221,1148,124355,562,179074,1283,303429,California
Ventura,2021-04-05,9356,480391,4888,231978,3356,235080,1112,13333,4747,125617,4597,183671,5859,309288,California
Ventura,2021-04-06,10899,491290,5578,237556,3831,238911,1490,14823,5589,127416,5283,188954,7082,316370,California
Ventura,2021-04-07,11354,502644,5439,242995,4414,243325,1501,16324,5174,127935,6163,195117,6682,323052,California
Ventura,2021-04-08,10264,512908,5309,248304,4008,247333,947,17271,5115,128861,5131,200248,6057,329109,California
Ventura,2021-04-09,11124,524032,4353,252657,5056,252389,1715,18986,4830,129141,6271,206519,6551,335660,California
Ventura,2021-04-10,9142,533174,3509,256166,3477,255866,2156,21142,2998,128164,6127,212646,5150,340810,California
Ventura,2021-04-11,2418,535592,860,257026,989,256855,569,21711,680,127680,1731,214377,1247,342057,California
Ventura,2021-04-12,8886,544478,4471,261497,3605,260460,810,22521,3721,127056,5147,219524,4523,346580,California
Ventura,2021-04-13,8775,553253,4439,265936,4330,264790,6,22527,3738,125796,5004,224528,3744,350324,California
Ventura,2021-04-14,8680,561933,4073,270009,4592,269382,15,22542,3323,123815,5322,229850,3341,353665,California
Ventura,2021-04-15,9314,571247,4537,274546,4770,274152,7,22549,4064,122662,5225,235075,4072,357737,California
Ventura,2021-04-16,10123,581370,4490,279036,5632,279784,1,22550,4784,122127,5324,240399,4789,362526,California
Ventura,2021-04-17,8575,589945,5322,284358,3252,283036,1,22551,4987,123539,3576,243975,4988,367514,California
Ventura,2021-04-18,2136,592081,1014,285372,1122,284158,0,22551,908,123224,1223,245198,908,368422,California
Ventura,2021-04-19,8034,600115,4847,290219,3186,287344,1,22552,4604,124417,3413,248611,4606,373028,California
Ventura,2021-04-20,9270,609385,4916,295135,4350,291694,4,22556,4334,123838,4918,253529,4339,377367,California
Ventura,2021-04-21,8860,618245,4539,299674,4317,296011,4,22560,4188,123373,4658,258187,4193,381560,California
Ventura,2021-04-22,10038,628283,5488,305162,4550,300561,0,22560,4442,122236,5580,263767,4443,386003,California
Ventura,2021-04-23,10810,639093,5399,310561,5410,305971,1,22561,5379,122209,5407,269174,5380,391383,California
Ventura,2021-04-24,10322,649415,5893,316454,4429,310400,0,22561,6044,123988,4266,273440,6045,397428,California
Ventura,2021-04-25,2470,651885,1699,318153,771,311171,0,22561,1144,123810,1322,274762,1144,398572,California
Ventura,2021-04-26,7192,659077,4123,322276,3003,314174,66,22627,2988,122677,4182,278944,3049,401621,California
Ventura,2021-04-27,8380,667457,4639,326915,3571,317745,170,22797,3166,120811,5200,284144,3334,404955,California
Ventura,2021-04-28,8254,675711,4821,331736,3117,320862,316,23113,3232,119356,5003,289147,3548,408503,California
Ventura,2021-04-29,7759,683470,4216,335952,3279,324141,264,23377,2751,117386,4983,294130,3013,411516,California
Ventura,2021-04-30,9324,692794,5443,341395,3607,327748,274,23651,3852,116064,5440,299570,4118,415634,California
Ventura,2021-05-01,4941,697735,3627,345022,1212,328960,102,23753,1863,114972,3057,302627,1965,417599,California
Ventura,2021-05-02,2129,699864,1426,346448,614,329574,89,23842,1038,115012,1088,303715,1128,418727,California
Ventura,2021-05-03,6219,706083,3911,350359,2030,331604,278,24120,1957,113003,4242,307957,2233,420960,California
Ventura,2021-05-04,6269,712352,3317,353676,2653,334257,299,24419,2269,111584,3986,311943,2567,423527,California
Ventura,2021-05-05,5255,717607,3010,356686,1985,336242,260,24679,1895,110397,3336,315279,2149,425676,California
Ventura,2021-05-06,6113,723720,3211,359897,2632,338874,270,24949,1972,108517,4123,319402,2243,427919,California
Ventura,2021-05-07,6746,730466,3416,363313,3057,341931,273,25222,2318,106707,4401,323803,2591,430510,California
Ventura,2021-05-08,5295,735761,4113,367426,1029,342960,153,25375,1211,104000,4071,327874,1364,431874,California
Ventura,2021-05-09,1047,736808,733,368159,268,343228,46,25421,398,103803,641,328515,444,432318,California
Ventura,2021-05-10,6017,742825,4072,372231,1741,344969,204,25625,1363,100725,4644,333159,1566,433884,California
Ventura,2021-05-11,5105,747930,3205,375436,1693,346662,207,25832,1479,98793,3617,336776,1685,435569,California
Ventura,2021-05-12,4721,752651,2713,378149,1809,348471,199,26031,1455,97197,3250,340026,1654,437223,California
Ventura,2021-05-13,5651,758302,3343,381492,2106,350577,202,26233,1904,95569,3734,343760,2106,439329,California
Ventura,2021-05-14,7173,765475,4441,385933,2535,353112,197,26430,2715,94040,4438,348198,2909,442238,California
Ventura,2021-05-15,6516,771991,5367,391300,1065,354177,84,26514,2774,93174,3725,351923,2859,445097,California
Ventura,2021-05-16,2155,774146,1666,392966,437,354614,52,26566,1025,93126,1125,353048,1077,446174,California
Ventura,2021-05-17,5762,779908,3558,396524,1998,356612,206,26772,2538,92663,3206,356254,2743,448917,California
Ventura,2021-05-18,5319,785227,3167,399691,1972,358584,180,26952,2283,92108,3016,359270,2461,451378,California
Ventura,2021-05-19,5742,790969,3518,403209,2020,360604,204,27156,2413,91417,3305,362575,2614,453992,California
Ventura,2021-05-20,4283,795252,2280,405489,1849,362453,154,27310,1757,90826,2501,365076,1910,455902,California
Ventura,2021-05-21,6633,801885,3632,409121,2833,365286,168,27478,2163,88712,4444,369520,2330,458232,California
Ventura,2021-05-22,4694,806579,2263,411384,2357,367643,74,27552,1515,87127,3174,372694,1589,459821,California
Ventura,2021-05-23,1195,807774,1046,412430,91,367734,58,27610,480,86952,713,373407,538,460359,California
Ventura,2021-05-24,2230,810004,937,413367,1173,368907,120,27730,671,86193,1550,374957,791,461150,California
Yolo,2020-12-15,39,39,39,39,0,0,0,0,39,39,0,0,39,39,California
Yolo,2020-12-16,78,117,78,117,0,0,0,0,78,117,0,0,78,117,California
Yolo,2020-12-17,101,218,101,218,0,0,0,0,101,218,0,0,101,218,California
Yolo,2020-12-18,209,427,209,427,0,0,0,0,209,427,0,0,209,427,California
Yolo,2020-12-19,88,515,88,515,0,0,0,0,88,515,0,0,88,515,California
Yolo,2020-12-20,100,615,100,615,0,0,0,0,100,615,0,0,100,615,California
Yolo,2020-12-21,254,869,254,869,0,0,0,0,254,869,0,0,254,869,California
Yolo,2020-12-22,381,1250,380,1249,1,1,0,0,381,1250,0,0,381,1250,California
Yolo,2020-12-23,433,1683,413,1662,20,21,0,0,433,1683,0,0,433,1683,California
Yolo,2020-12-24,152,1835,95,1757,57,78,0,0,152,1835,0,0,152,1835,California
Yolo,2020-12-25,1,1836,1,1758,0,78,0,0,1,1836,0,0,1,1836,California
Yolo,2020-12-26,75,1911,25,1783,50,128,0,0,75,1911,0,0,75,1911,California
Yolo,2020-12-27,46,1957,19,1802,27,155,0,0,46,1957,0,0,46,1957,California
Yolo,2020-12-28,347,2304,180,1982,167,322,0,0,347,2304,0,0,347,2304,California
Yolo,2020-12-29,488,2792,267,2249,221,543,0,0,488,2792,0,0,488,2792,California
Yolo,2020-12-30,623,3415,255,2504,368,911,0,0,623,3415,0,0,623,3415,California
Yolo,2020-12-31,185,3600,95,2599,90,1001,0,0,185,3600,0,0,185,3600,California
Yolo,2021-01-01,58,3658,56,2655,2,1003,0,0,58,3658,0,0,58,3658,California
Yolo,2021-01-02,69,3727,26,2681,43,1046,0,0,69,3727,0,0,69,3727,California
Yolo,2021-01-03,44,3771,19,2700,25,1071,0,0,44,3771,0,0,44,3771,California
Yolo,2021-01-04,194,3965,43,2743,151,1222,0,0,194,3965,0,0,194,3965,California
Yolo,2021-01-05,615,4580,238,2981,377,1599,0,0,554,4458,61,61,554,4519,California
Yolo,2021-01-06,483,5063,183,3164,300,1899,0,0,352,4679,131,192,352,4871,California
Yolo,2021-01-07,710,5773,233,3397,477,2376,0,0,521,5012,188,380,521,5392,California
Yolo,2021-01-08,633,6406,312,3709,321,2697,0,0,417,5214,215,595,417,5809,California
Yolo,2021-01-09,409,6815,69,3778,340,3037,0,0,363,5531,46,641,363,6172,California
Yolo,2021-01-10,393,7208,80,3858,313,3350,0,0,323,5784,70,711,323,6495,California
Yolo,2021-01-11,562,7770,324,4182,238,3588,0,0,293,5810,269,980,295,6790,California
Yolo,2021-01-12,486,8256,367,4549,119,3707,0,0,178,5681,308,1288,179,6969,California
Yolo,2021-01-13,771,9027,312,4861,459,4166,0,0,521,5952,250,1538,521,7490,California
Yolo,2021-01-14,377,9404,183,5044,194,4360,0,0,273,6121,104,1642,273,7763,California
Yolo,2021-01-15,624,10028,319,5363,305,4665,0,0,545,6588,79,1721,546,8309,California
Yolo,2021-01-16,741,10769,95,5458,646,5311,0,0,710,7267,31,1752,710,9019,California
Yolo,2021-01-17,187,10956,119,5577,68,5379,0,0,180,7440,7,1759,180,9199,California
Yolo,2021-01-18,481,11437,304,5881,177,5556,0,0,378,7715,103,1862,378,9577,California
Yolo,2021-01-19,558,11995,373,6254,185,5741,0,0,385,7927,173,2035,385,9962,California
Yolo,2021-01-20,660,12655,380,6634,280,6021,0,0,474,8216,185,2220,474,10436,California
Yolo,2021-01-21,652,13307,385,7019,267,6288,0,0,464,8492,188,2408,464,10900,California
Yolo,2021-01-22,751,14058,252,7271,499,6787,0,0,633,9009,116,2524,633,11533,California
Yolo,2021-01-23,615,14673,122,7393,493,7280,0,0,567,9528,48,2572,567,12100,California
Yolo,2021-01-24,208,14881,124,7517,84,7364,0,0,167,9654,41,2613,167,12267,California
Yolo,2021-01-25,730,15611,156,7673,574,7938,0,0,513,9950,217,2830,513,12780,California
Yolo,2021-01-26,822,16433,328,8001,494,8432,0,0,427,9982,395,3225,427,13207,California
Yolo,2021-01-27,557,16990,223,8224,334,8766,0,0,381,10187,176,3401,381,13588,California
Yolo,2021-01-28,1051,18041,567,8791,484,9250,0,0,926,10989,124,3525,926,14514,California
Yolo,2021-01-29,890,18931,266,9057,624,9874,0,0,805,11710,84,3609,805,15319,California
Yolo,2021-01-30,1531,20462,928,9985,603,10477,0,0,1410,13005,115,3724,1410,16729,California
Yolo,2021-01-31,240,20702,202,10187,38,10515,0,0,213,13192,26,3750,213,16942,California
Yolo,2021-02-01,847,21549,361,10548,486,11001,0,0,614,13576,230,3980,614,17556,California
Yolo,2021-02-02,1336,22885,751,11299,585,11586,0,0,929,14099,407,4387,930,18486,California
Yolo,2021-02-03,1531,24416,400,11699,1131,12717,0,0,1190,14951,338,4725,1190,19676,California
Yolo,2021-02-04,1794,26210,283,11982,1511,14228,0,0,1243,15655,540,5265,1244,20920,California
Yolo,2021-02-05,1597,27807,906,12888,691,14919,0,0,1197,16454,399,5664,1198,22118,California
Yolo,2021-02-06,1923,29730,1253,14141,670,15589,0,0,1562,17656,361,6025,1563,23681,California
Yolo,2021-02-07,520,30250,250,14391,270,15859,0,0,171,17479,348,6373,171,23852,California
Yolo,2021-02-08,952,31202,334,14725,618,16477,0,0,605,17740,344,6717,605,24457,California
Yolo,2021-02-09,860,32062,387,15112,473,16950,0,0,577,18034,283,7000,577,25034,California
Yolo,2021-02-10,1458,33520,476,15588,982,17932,0,0,818,18214,640,7640,820,25854,California
Yolo,2021-02-11,1572,35092,804,16392,768,18700,0,0,1186,19014,386,8026,1186,27040,California
Yolo,2021-02-12,1918,37010,755,17147,1163,19863,0,0,1445,19990,469,8495,1445,28485,California
Yolo,2021-02-13,2056,39066,712,17859,1344,21207,0,0,1390,20714,666,9161,1390,29875,California
Yolo,2021-02-14,569,39635,154,18013,415,21622,0,0,445,21036,123,9284,445,30320,California
Yolo,2021-02-15,533,40168,190,18203,343,21965,0,0,267,21038,266,9550,268,30588,California
Yolo,2021-02-16,1132,41300,427,18630,705,22670,0,0,811,21529,321,9871,812,31400,California
Yolo,2021-02-17,1392,42692,700,19330,692,23362,0,0,997,22131,395,10266,997,32397,California
Yolo,2021-02-18,2500,45192,816,20146,1684,25046,0,0,1723,23079,776,11042,1724,34121,California
Yolo,2021-02-19,1747,46939,750,20896,997,26043,0,0,1126,23586,619,11661,1126,35247,California
Yolo,2021-02-20,2454,49393,957,21853,1497,27540,0,0,1371,23880,1078,12739,1372,36619,California
Yolo,2021-02-21,284,49677,227,22080,57,27597,0,0,75,23747,208,12947,75,36694,California
Yolo,2021-02-22,1363,51040,600,22680,763,28360,0,0,694,23773,668,13615,694,37388,California
Yolo,2021-02-23,1132,52172,849,23529,283,28643,0,0,437,23517,693,14308,437,37825,California
Yolo,2021-02-24,2093,54265,592,24121,1501,30144,0,0,1384,24194,707,15015,1384,39209,California
Yolo,2021-02-25,1381,55646,486,24607,895,31039,0,0,915,24644,465,15480,915,40124,California
Yolo,2021-02-26,2609,58255,1016,25623,1593,32632,0,0,1387,24812,1219,16699,1387,41511,California
Yolo,2021-02-27,1663,59918,769,26392,894,33526,0,0,1213,25575,450,17149,1213,42724,California
Yolo,2021-02-28,1776,61694,1498,27890,278,33804,0,0,675,25151,1099,18248,675,43399,California
Yolo,2021-03-01,1102,62796,366,28256,736,34540,0,0,672,25395,428,18676,672,44071,California
Yolo,2021-03-02,1473,64269,693,28949,780,35320,0,0,943,25808,530,19206,943,45014,California
Yolo,2021-03-03,1852,66121,636,29585,1216,36536,0,0,830,25618,1020,20226,830,45844,California
Yolo,2021-03-04,2926,69047,1466,31051,1460,37996,0,0,1566,25827,1357,21583,1566,47410,California
Yolo,2021-03-05,2361,71408,1408,32459,942,38938,11,11,1475,26428,885,22468,1486,48896,California
Yolo,2021-03-06,1482,72890,1133,33592,320,39258,29,40,842,26661,638,23106,871,49767,California
Yolo,2021-03-07,914,73804,678,34270,222,39480,14,54,779,27319,135,23241,793,50560,California
Yolo,2021-03-08,1097,74901,490,34760,564,40044,43,97,768,27803,328,23569,812,51372,California
Yolo,2021-03-09,1275,76176,688,35448,525,40569,62,159,780,28152,493,24062,842,52214,California
Yolo,2021-03-10,1808,77984,1058,36506,460,41029,290,449,752,28135,1052,25114,1035,53249,California
Yolo,2021-03-11,2351,80335,1603,38109,680,41709,68,517,1605,29064,745,25859,1674,54923,California
Yolo,2021-03-12,2905,83240,1354,39463,1471,43180,80,597,1371,28988,1526,27385,1450,56373,California
Yolo,2021-03-13,1847,85087,734,40197,936,44116,177,774,1002,29325,842,28227,1179,57552,California
Yolo,2021-03-14,1008,86095,213,40410,645,44761,150,924,527,29517,480,28707,672,58224,California
Yolo,2021-03-15,1323,87418,773,41183,373,45134,177,1101,707,29785,614,29321,882,59106,California
Yolo,2021-03-16,1869,89287,717,41900,1080,46214,72,1173,1104,30196,765,30086,1176,60282,California
Yolo,2021-03-17,2506,91793,977,42877,1457,47671,72,1245,1720,31236,783,30869,1823,62105,California
Yolo,2021-03-18,3032,94825,1032,43909,1775,49446,225,1470,1259,30951,1769,32638,1484,63589,California
Yolo,2021-03-19,2094,96919,871,44780,1155,50601,68,1538,1099,31129,989,33627,1167,64756,California
Yolo,2021-03-20,2771,99690,818,45598,1912,52513,41,1579,1108,30623,1657,35284,1151,65907,California
Yolo,2021-03-21,314,100004,214,45812,92,52605,8,1587,228,30774,85,35369,236,66143,California
Yolo,2021-03-22,1401,101405,488,46300,855,53460,58,1645,921,31275,477,35846,978,67121,California
Yolo,2021-03-23,1739,103144,938,47238,745,54205,56,1701,1071,31734,667,36513,1126,68247,California
Yolo,2021-03-24,2875,106019,1408,48646,1418,55623,49,1750,1407,31735,1456,37969,1457,69704,California
Yolo,2021-03-25,2552,108571,1417,50063,1106,56729,29,1779,1255,31733,1286,39255,1284,70988,California
Yolo,2021-03-26,2401,110972,1258,51321,1124,57853,19,1798,1025,31407,1369,40624,1043,72031,California
Yolo,2021-03-27,1653,112625,455,51776,1181,59034,17,1815,759,31290,893,41517,776,72807,California
Yolo,2021-03-28,1109,113734,866,52642,225,59259,18,1833,270,30743,835,42352,288,73095,California
Yolo,2021-03-29,2024,115758,822,53464,1172,60431,30,1863,979,30711,1041,43393,1009,74104,California
Yolo,2021-03-30,2279,118037,1081,54545,1176,61607,22,1885,1168,30797,1106,44499,1192,75296,California
Yolo,2021-03-31,2351,120388,1222,55767,1093,62700,36,1921,1192,30867,1158,45657,1228,76524,California
Yolo,2021-04-01,3836,124224,1851,57618,1511,64211,474,2395,1611,30730,2222,47879,2085,78609,California
Yolo,2021-04-02,3398,127622,1518,59136,1735,65946,145,2540,2107,31699,1285,49164,2254,80863,California
Yolo,2021-04-03,1805,129427,1088,60224,499,66445,218,2758,804,31721,1000,50164,1022,81885,California
Yolo,2021-04-04,393,129820,156,60380,175,66620,62,2820,147,31684,246,50410,209,82094,California
Yolo,2021-04-05,1911,131731,732,61112,1079,67699,100,2920,1012,31903,894,51304,1113,83207,California
Yolo,2021-04-06,2575,134306,1307,62419,1097,68796,171,3091,1302,32113,1264,52568,1474,84681,California
Yolo,2021-04-07,2982,137288,1513,63932,1116,69912,353,3444,1925,33344,1051,53619,2282,86963,California
Yolo,2021-04-08,2413,139701,1000,64932,940,70852,473,3917,1018,33439,1392,55011,1487,88450,California
Yolo,2021-04-09,2565,142266,909,65841,1080,71932,576,4493,838,33123,1724,56735,1408,89858,California
Yolo,2021-04-10,1738,144004,819,66660,742,72674,177,4670,1028,33621,706,57441,1204,91062,California
Yolo,2021-04-11,888,144892,281,66941,563,73237,44,4714,364,33507,521,57962,407,91469,California
Yolo,2021-04-12,1758,146650,518,67459,1096,74333,144,4858,1086,34069,669,58631,1231,92700,California
Yolo,2021-04-13,1971,148621,912,68371,1059,75392,0,4858,1039,34177,931,59562,1039,93739,California
Yolo,2021-04-14,2764,151385,760,69131,2004,77396,0,4858,1367,34151,1393,60955,1367,95106,California
Yolo,2021-04-15,3315,154700,1135,70266,2180,79576,0,4858,2274,35390,1035,61990,2274,97380,California
Yolo,2021-04-16,3041,157741,1958,72224,1083,80659,0,4858,1937,36229,1098,63088,1937,99317,California
Yolo,2021-04-17,1605,159346,471,72695,1134,81793,0,4858,832,36291,770,63858,832,100149,California
Yolo,2021-04-18,630,159976,306,73001,324,82117,0,4858,351,36366,276,64134,351,100500,California
Yolo,2021-04-19,1663,161639,716,73717,946,83063,1,4859,762,36233,896,65030,763,101263,California
Yolo,2021-04-20,1996,163635,1013,74730,983,84046,0,4859,1070,36379,924,65954,1070,102333,California
Yolo,2021-04-21,1977,165612,984,75714,993,85039,0,4859,1075,36557,897,66851,1075,103408,California
Yolo,2021-04-22,1948,167560,884,76598,1064,86103,0,4859,971,36557,972,67823,972,104380,California
Yolo,2021-04-23,2617,170177,1526,78124,1091,87194,0,4859,1163,36277,1443,69266,1163,105543,California
Yolo,2021-04-24,1167,171344,641,78765,524,87718,2,4861,462,36044,697,69963,464,106007,California
Yolo,2021-04-25,949,172293,406,79171,543,88261,0,4861,728,36552,220,70183,728,106735,California
Yolo,2021-04-26,1176,173469,450,79621,723,88984,3,4864,484,36350,690,70873,488,107223,California
Yolo,2021-04-27,1489,174958,698,80319,782,89766,9,4873,574,36020,915,71788,585,107808,California
Yolo,2021-04-28,2018,176976,1001,81320,990,90756,27,4900,711,35454,1304,73092,738,108546,California
Yolo,2021-04-29,1710,178686,792,82112,836,91592,82,4982,651,35129,1058,74150,733,109279,California
Yolo,2021-04-30,2010,180696,993,83105,960,92552,57,5039,959,35101,1044,75194,1016,110295,California
Yolo,2021-05-01,1284,181980,998,84103,266,92818,20,5059,381,34600,902,76096,401,110696,California
Yolo,2021-05-02,496,182476,403,84506,70,92888,23,5082,322,34771,174,76270,345,111041,California
Yolo,2021-05-03,1122,183598,408,84914,680,93568,34,5116,303,34290,817,77087,336,111377,California
Yolo,2021-05-04,1438,185036,657,85571,757,94325,24,5140,486,33852,948,78035,510,111887,California
Yolo,2021-05-05,1552,186588,421,85992,1065,95390,66,5206,437,33247,1108,79143,503,112390,California
Yolo,2021-05-06,1505,188093,701,86693,724,96114,80,5286,497,32829,995,80138,577,112967,California
Yolo,2021-05-07,2298,190391,1373,88066,874,96988,51,5337,458,31505,1832,81970,508,113475,California
Yolo,2021-05-08,835,191226,358,88424,420,97408,57,5394,311,31351,521,82491,367,113842,California
Yolo,2021-05-09,393,191619,163,88587,217,97625,13,5407,90,31152,302,82793,103,113945,California
Yolo,2021-05-10,898,192517,355,88942,498,98123,45,5452,153,30606,743,83536,197,114142,California
Yolo,2021-05-11,1122,193639,651,89593,450,98573,21,5473,274,30056,845,84381,295,114437,California
Yolo,2021-05-12,1500,195139,664,90257,807,99380,29,5502,278,29147,1219,85600,310,114747,California
Yolo,2021-05-13,2068,197207,783,91040,1233,100613,52,5554,589,28313,1475,87075,641,115388,California
Yolo,2021-05-14,2021,199228,1503,92543,487,101100,31,5585,1151,28628,867,87942,1182,116570,California
Yolo,2021-05-15,1245,200473,704,93247,494,101594,47,5632,639,28708,606,88548,686,117256,California
Yolo,2021-05-16,1347,201820,1194,94441,147,101741,6,5638,984,29339,359,88907,990,118246,California
Yolo,2021-05-17,799,202619,392,94833,388,102129,19,5657,292,29148,502,89409,311,118557,California
Yolo,2021-05-18,1522,204141,1095,95928,406,102535,21,5678,915,29482,602,90011,936,119493,California
Yolo,2021-05-19,999,205140,588,96516,376,102911,35,5713,499,29518,498,90509,534,120027,California
Yolo,2021-05-20,854,205994,542,97058,291,103202,21,5734,362,29414,487,90996,383,120410,California
Yolo,2021-05-21,1243,207237,838,97896,387,103589,18,5752,310,28814,927,91923,327,120737,California
Yolo,2021-05-22,667,207904,466,98362,193,103782,8,5760,259,28676,405,92328,267,121004,California
Yolo,2021-05-23,507,208411,106,98468,386,104168,15,5775,90,28365,415,92743,104,121108,California
Yolo,2021-05-24,513,208924,238,98706,265,104433,10,5785,147,28158,364,93107,157,121265,California
Yuba,2020-12-16,4,4,4,4,0,0,0,0,4,4,0,0,4,4,California
Yuba,2020-12-17,4,8,4,8,0,0,0,0,4,8,0,0,4,8,California
Yuba,2020-12-18,8,16,8,16,0,0,0,0,8,16,0,0,8,16,California
Yuba,2020-12-19,12,28,12,28,0,0,0,0,12,28,0,0,12,28,California
Yuba,2020-12-20,20,48,20,48,0,0,0,0,20,48,0,0,20,48,California
Yuba,2020-12-21,40,88,40,88,0,0,0,0,40,88,0,0,40,88,California
Yuba,2020-12-22,86,174,86,174,0,0,0,0,86,174,0,0,86,174,California
Yuba,2020-12-23,64,238,62,236,2,2,0,0,64,238,0,0,64,238,California
Yuba,2020-12-24,20,258,10,246,10,12,0,0,20,258,0,0,20,258,California
Yuba,2020-12-26,15,273,13,259,2,14,0,0,15,273,0,0,15,273,California
Yuba,2020-12-27,15,288,15,274,0,14,0,0,15,288,0,0,15,288,California
Yuba,2020-12-28,51,339,35,309,16,30,0,0,51,339,0,0,51,339,California
Yuba,2020-12-29,75,414,10,319,65,95,0,0,75,414,0,0,75,414,California
Yuba,2020-12-30,64,478,20,339,44,139,0,0,64,478,0,0,64,478,California
Yuba,2020-12-31,38,516,7,346,31,170,0,0,38,516,0,0,38,516,California
Yuba,2021-01-02,23,539,22,368,1,171,0,0,23,539,0,0,23,539,California
Yuba,2021-01-03,10,549,6,374,4,175,0,0,10,549,0,0,10,549,California
Yuba,2021-01-04,91,640,22,396,69,244,0,0,91,640,0,0,91,640,California
Yuba,2021-01-05,70,710,38,434,32,276,0,0,69,708,1,1,69,709,California
Yuba,2021-01-06,154,864,76,510,78,354,0,0,148,850,6,7,148,857,California
Yuba,2021-01-07,75,939,19,529,56,410,0,0,72,918,4,11,72,929,California
Yuba,2021-01-08,72,1011,24,553,48,458,0,0,65,976,7,18,65,994,California
Yuba,2021-01-09,19,1030,16,569,3,461,0,0,11,979,8,26,11,1005,California
Yuba,2021-01-10,117,1147,22,591,95,556,0,0,95,1052,22,48,95,1100,California
Yuba,2021-01-11,72,1219,50,641,22,578,0,0,32,1044,40,88,32,1132,California
Yuba,2021-01-12,108,1327,78,719,30,608,0,0,43,1022,65,153,43,1175,California
Yuba,2021-01-13,120,1447,72,791,48,656,0,0,55,1013,64,217,55,1230,California
Yuba,2021-01-14,110,1557,43,834,67,723,0,0,98,1099,12,229,98,1328,California
Yuba,2021-01-15,204,1761,87,921,117,840,0,0,193,1281,11,240,193,1521,California
Yuba,2021-01-16,185,1946,21,942,164,1004,0,0,173,1441,13,253,173,1694,California
Yuba,2021-01-17,13,1959,9,951,4,1008,0,0,7,1442,6,259,7,1701,California
Yuba,2021-01-18,60,2019,32,983,28,1036,0,0,35,1452,25,284,35,1736,California
Yuba,2021-01-19,81,2100,30,1013,51,1087,0,0,66,1503,15,299,66,1802,California
Yuba,2021-01-20,133,2233,87,1100,46,1133,0,0,110,1590,23,322,110,1912,California
Yuba,2021-01-21,213,2446,97,1197,116,1249,0,0,205,1787,8,330,205,2117,California
Yuba,2021-01-22,104,2550,6,1203,98,1347,0,0,95,1873,9,339,95,2212,California
Yuba,2021-01-23,200,2750,7,1210,193,1540,0,0,197,2067,3,342,197,2409,California
Yuba,2021-01-24,10,2760,7,1217,3,1543,0,0,8,2073,2,344,8,2417,California
Yuba,2021-01-25,86,2846,30,1247,56,1599,0,0,53,2094,32,376,53,2470,California
Yuba,2021-01-26,148,2994,39,1286,109,1708,0,0,90,2126,58,434,90,2560,California
Yuba,2021-01-27,184,3178,129,1415,55,1763,0,0,115,2172,69,503,115,2675,California
Yuba,2021-01-28,227,3405,89,1504,138,1901,0,0,175,2295,52,555,175,2850,California
Yuba,2021-01-29,148,3553,45,1549,103,2004,0,0,111,2369,37,592,111,2961,California
Yuba,2021-01-30,410,3963,23,1572,387,2391,0,0,399,2757,11,603,399,3360,California
Yuba,2021-01-31,18,3981,12,1584,6,2397,0,0,16,2771,2,605,16,3376,California
Yuba,2021-02-01,155,4136,75,1659,80,2477,0,0,131,2880,23,628,132,3508,California
Yuba,2021-02-02,123,4259,23,1682,100,2577,0,0,101,2959,22,650,101,3609,California
Yuba,2021-02-03,226,4485,29,1711,197,2774,0,0,114,2962,111,761,114,3723,California
Yuba,2021-02-04,296,4781,121,1832,175,2949,0,0,253,3172,43,804,253,3976,California
Yuba,2021-02-05,147,4928,32,1864,115,3064,0,0,71,3167,76,880,71,4047,California
Yuba,2021-02-06,449,5377,26,1890,423,3487,0,0,441,3600,8,888,441,4488,California
Yuba,2021-02-07,19,5396,12,1902,7,3494,0,0,15,3611,4,892,15,4503,California
Yuba,2021-02-08,96,5492,35,1937,61,3555,0,0,66,3647,30,922,66,4569,California
Yuba,2021-02-09,154,5646,56,1993,98,3653,0,0,84,3661,70,992,84,4653,California
Yuba,2021-02-10,355,6001,172,2165,183,3836,0,0,116,3539,238,1230,116,4769,California
Yuba,2021-02-11,396,6397,64,2229,332,4168,0,0,298,3741,96,1326,298,5067,California
Yuba,2021-02-12,264,6661,26,2255,238,4406,0,0,150,3777,114,1440,150,5217,California
Yuba,2021-02-13,436,7097,36,2291,400,4806,0,0,387,4115,49,1489,387,5604,California
Yuba,2021-02-14,54,7151,11,2302,43,4849,0,0,49,4159,5,1494,49,5653,California
Yuba,2021-02-15,87,7238,36,2338,51,4900,0,0,68,4208,19,1513,68,5721,California
Yuba,2021-02-16,199,7437,53,2391,146,5046,0,0,140,4290,58,1571,140,5861,California
Yuba,2021-02-17,373,7810,156,2547,217,5263,0,0,99,4116,273,1844,99,5960,California
Yuba,2021-02-18,317,8127,47,2594,270,5533,0,0,193,4185,124,1968,193,6153,California
Yuba,2021-02-19,225,8352,82,2676,143,5676,0,0,142,4244,83,2051,142,6295,California
Yuba,2021-02-20,391,8743,31,2707,360,6036,0,0,337,4527,54,2105,337,6632,California
Yuba,2021-02-21,17,8760,14,2721,3,6039,0,0,7,4524,10,2115,7,6639,California
Yuba,2021-02-22,128,8888,79,2800,49,6088,0,0,38,4473,89,2204,38,6677,California
Yuba,2021-02-23,114,9002,25,2825,89,6177,0,0,47,4454,66,2270,47,6724,California
Yuba,2021-02-24,482,9484,136,2961,346,6523,0,0,107,4186,375,2645,107,6831,California
Yuba,2021-02-25,342,9826,137,3098,205,6728,0,0,212,4268,130,2775,212,7043,California
Yuba,2021-02-26,257,10083,67,3165,190,6918,0,0,144,4301,111,2886,144,7187,California
Yuba,2021-02-27,472,10555,47,3212,425,7343,0,0,383,4597,87,2973,383,7570,California
Yuba,2021-02-28,66,10621,21,3233,45,7388,0,0,45,4621,21,2994,45,7615,California
Yuba,2021-03-01,156,10777,40,3273,116,7504,0,0,80,4626,75,3069,80,7695,California
Yuba,2021-03-02,160,10937,36,3309,124,7628,0,0,80,4626,80,3149,80,7775,California
Yuba,2021-03-03,623,11560,159,3468,464,8092,0,0,200,4404,422,3571,200,7975,California
Yuba,2021-03-04,466,12026,270,3738,196,8288,0,0,325,4589,140,3711,325,8300,California
Yuba,2021-03-05,316,12342,59,3797,256,8544,1,1,249,4772,67,3778,250,8550,California
Yuba,2021-03-06,476,12818,35,3832,437,8981,4,5,370,5040,106,3884,374,8924,California
Yuba,2021-03-07,50,12868,28,3860,21,9002,1,6,34,5059,16,3900,35,8959,California
Yuba,2021-03-08,159,13027,48,3908,95,9097,16,22,100,5116,59,3959,116,9075,California
Yuba,2021-03-09,178,13205,47,3955,111,9208,20,42,84,5126,94,4053,104,9179,California
Yuba,2021-03-10,738,13943,235,4190,473,9681,30,72,233,4885,504,4557,263,9442,California
Yuba,2021-03-11,437,14380,196,4386,229,9910,12,84,294,5048,143,4700,306,9748,California
Yuba,2021-03-12,461,14841,86,4472,321,10231,54,138,150,4941,311,5011,204,9952,California
Yuba,2021-03-13,459,15300,340,4812,104,10335,15,153,360,5218,98,5109,375,10327,California
Yuba,2021-03-14,108,15408,21,4833,77,10412,10,163,46,5214,60,5169,56,10383,California
Yuba,2021-03-15,190,15598,49,4882,124,10536,17,180,96,5233,94,5263,113,10496,California
Yuba,2021-03-16,294,15892,71,4953,198,10734,25,205,180,5325,113,5376,205,10701,California
Yuba,2021-03-17,740,16632,162,5115,549,11283,29,234,193,5002,545,5921,222,10923,California
Yuba,2021-03-18,584,17216,159,5274,312,11595,113,347,356,5242,228,6149,468,11391,California
Yuba,2021-03-19,327,17543,120,5394,158,11753,49,396,188,5341,138,6287,237,11628,California
Yuba,2021-03-20,554,18097,81,5475,455,12208,18,414,474,5754,79,6366,492,12120,California
Yuba,2021-03-21,61,18158,36,5511,25,12233,0,414,49,5791,12,6378,49,12169,California
Yuba,2021-03-22,191,18349,70,5581,114,12347,7,421,149,5905,42,6420,156,12325,California
Yuba,2021-03-23,263,18612,79,5660,157,12504,27,448,176,6023,85,6505,203,12528,California
Yuba,2021-03-24,771,19383,255,5915,435,12939,81,529,189,5712,580,7085,269,12797,California
Yuba,2021-03-25,503,19886,268,6183,213,13152,22,551,249,5729,254,7339,271,13068,California
Yuba,2021-03-26,395,20281,143,6326,225,13377,27,578,227,5816,167,7506,254,13322,California
Yuba,2021-03-27,458,20739,27,6353,428,13805,3,581,403,6167,54,7560,405,13727,California
Yuba,2021-03-28,100,20839,41,6394,55,13860,4,585,37,6145,63,7623,41,13768,California
Yuba,2021-03-29,295,21134,86,6480,177,14037,32,617,179,6240,116,7739,211,13979,California
Yuba,2021-03-30,274,21408,68,6548,198,14235,8,625,189,6352,85,7824,197,14176,California
Yuba,2021-03-31,669,22077,115,6663,542,14777,12,637,239,6174,429,8253,251,14427,California
Yuba,2021-04-01,622,22699,288,6951,305,15082,29,666,288,6157,334,8587,317,14744,California
Yuba,2021-04-02,496,23195,95,7046,318,15400,83,749,187,6118,308,8895,269,15013,California
Yuba,2021-04-03,653,23848,54,7100,117,15517,482,1231,86,6120,566,9461,568,15581,California
Yuba,2021-04-04,59,23907,11,7111,42,15559,6,1237,34,6135,25,9486,40,15621,California
Yuba,2021-04-05,245,24152,78,7189,146,15705,21,1258,123,6159,120,9606,144,15765,California
Yuba,2021-04-06,356,24508,113,7302,182,15887,61,1319,172,6208,183,9789,232,15997,California
Yuba,2021-04-07,771,25279,396,7698,322,16209,53,1372,348,6188,420,10209,400,16397,California
Yuba,2021-04-08,745,26024,288,7986,194,16403,263,1635,277,6261,467,10676,540,16937,California
Yuba,2021-04-09,397,26421,173,8159,158,16561,66,1701,163,6257,233,10909,229,17166,California
Yuba,2021-04-10,592,27013,71,8230,74,16635,447,2148,70,6253,520,11429,516,17682,California
Yuba,2021-04-11,104,27117,26,8256,66,16701,12,2160,44,6250,59,11488,56,17738,California
Yuba,2021-04-12,210,27327,45,8301,136,16837,29,2189,80,6230,129,11617,109,17847,California
Yuba,2021-04-13,394,27721,102,8403,292,17129,0,2189,201,6239,192,11809,201,18048,California
Yuba,2021-04-14,695,28416,109,8512,586,17715,0,2189,121,5787,573,12382,121,18169,California
Yuba,2021-04-15,335,28751,128,8640,207,17922,0,2189,145,5742,190,12572,145,18314,California
Yuba,2021-04-16,335,29086,99,8739,236,18158,0,2189,179,5766,155,12727,179,18493,California
Yuba,2021-04-17,401,29487,58,8797,343,18501,0,2189,330,6026,70,12797,330,18823,California
Yuba,2021-04-18,53,29540,10,8807,43,18544,0,2189,24,6021,29,12826,24,18847,California
Yuba,2021-04-19,247,29787,103,8910,144,18688,0,2189,105,5984,142,12968,105,18952,California
Yuba,2021-04-20,316,30103,78,8988,238,18926,0,2189,179,6028,136,13104,180,19132,California
Yuba,2021-04-21,699,30802,280,9268,419,19345,0,2189,297,5923,402,13506,297,19429,California
Yuba,2021-04-22,352,31154,137,9405,215,19560,0,2189,196,5963,156,13662,196,19625,California
Yuba,2021-04-23,343,31497,113,9518,230,19790,0,2189,164,5949,178,13840,164,19789,California
Yuba,2021-04-24,215,31712,68,9586,147,19937,0,2189,122,5978,93,13933,122,19911,California
Yuba,2021-04-25,72,31784,29,9615,43,19980,0,2189,35,5976,37,13970,35,19946,California
Yuba,2021-04-26,223,32007,53,9668,166,20146,4,2193,101,5959,122,14092,105,20051,California
Yuba,2021-04-27,472,32479,162,9830,300,20446,10,2203,234,5967,236,14328,244,20295,California
Yuba,2021-04-28,429,32908,175,10005,249,20695,5,2208,144,5837,279,14607,149,20444,California
Yuba,2021-04-29,426,33334,63,10068,362,21057,1,2209,144,5701,281,14888,145,20589,California
Yuba,2021-04-30,330,33664,94,10162,206,21263,30,2239,141,5685,187,15075,171,20760,California
Yuba,2021-05-01,206,33870,91,10253,96,21359,19,2258,93,5685,112,15187,112,20872,California
Yuba,2021-05-02,64,33934,34,10287,26,21385,4,2262,37,5699,27,15214,41,20913,California
Yuba,2021-05-03,140,34074,66,10353,65,21450,9,2271,45,5659,94,15308,54,20967,California
Yuba,2021-05-04,318,34392,94,10447,203,21653,21,2292,140,5642,178,15486,161,21128,California
Yuba,2021-05-05,316,34708,77,10524,232,21885,7,2299,113,5559,203,15689,120,21248,California
Yuba,2021-05-06,275,34983,103,10627,134,22019,38,2337,90,5505,182,15871,128,21376,California
Yuba,2021-05-07,358,35341,94,10721,236,22255,28,2365,122,5418,236,16107,149,21525,California
Yuba,2021-05-08,104,35445,32,10753,69,22324,3,2368,46,5409,58,16165,49,21574,California
Yuba,2021-05-09,52,35497,23,10776,26,22350,3,2371,37,5434,15,16180,40,21614,California
Yuba,2021-05-10,172,35669,56,10832,98,22448,18,2389,54,5389,117,16297,72,21686,California
Yuba,2021-05-11,367,36036,162,10994,191,22639,14,2403,135,5307,230,16527,148,21834,California
Yuba,2021-05-12,248,36284,123,11117,118,22757,7,2410,96,5258,152,16679,103,21937,California
Yuba,2021-05-13,343,36627,186,11303,114,22871,43,2453,108,5176,233,16912,151,22088,California
Yuba,2021-05-14,365,36992,140,11443,205,23076,20,2473,160,5150,205,17117,179,22267,California
Yuba,2021-05-15,433,37425,109,11552,303,23379,21,2494,110,4959,321,17438,130,22397,California
Yuba,2021-05-16,134,37559,44,11596,81,23460,9,2503,85,5005,48,17486,94,22491,California
Yuba,2021-05-17,212,37771,89,11685,103,23563,20,2523,92,4999,118,17604,112,22603,California
Yuba,2021-05-18,390,38161,160,11845,221,23784,9,2532,167,4952,223,17827,176,22779,California
Yuba,2021-05-19,265,38426,148,11993,111,23895,6,2538,138,4969,127,17954,144,22923,California
Yuba,2021-05-20,396,38822,284,12277,101,23996,11,2549,254,5093,141,18095,265,23188,California
Yuba,2021-05-21,474,39296,254,12531,214,24210,6,2555,298,5223,174,18269,304,23492,California
Yuba,2021-05-22,197,39493,111,12642,77,24287,9,2564,83,5201,114,18383,92,23584,California
Yuba,2021-05-23,37,39530,25,12667,12,24299,0,2564,29,5222,8,18391,29,23613,California
Yuba,2021-05-24,91,39621,18,12685,72,24371,1,2565,24,5181,66,18457,25,23638,California
