county,administered_date,total_doses,cumulative_total_doses,pfizer_doses,cumulative_pfizer_doses,moderna_doses,cumulative_moderna_doses,jj_doses,cumulative_jj_doses,partially_vaccinated,total_partially_vaccinated,fully_vaccinated,cumulative_fully_vaccinated,at_least_one_dose,cumulative_at_least_one_dose,california_flag
All CA Counties,2020-12-15,1144,1144,1144,1144,0,0,0,0,1144,1144,0,0,1144,1144,
All CA Counties,2020-12-16,8435,9579,8435,9579,0,0,0,0,8435,9579,0,0,8435,9579,
All CA Counties,2020-12-17,26295,35874,26295,35874,0,0,0,0,26297,35876,0,0,26297,35876,
All CA Counties,2020-12-18,44737,80611,44681,80555,56,56,0,0,44737,80612,1,1,44737,80613,
All CA Counties,2020-12-19,25331,105942,25306,105861,25,81,0,0,25330,105941,1,2,25330,105943,
All CA Counties,2020-12-20,19009,124951,18983,124844,26,107,0,0,19008,124948,1,3,19008,124951,
All CA Counties,2020-12-21,49669,174620,49580,174424,89,196,0,0,49671,174618,2,5,49672,174623,
All CA Counties,2020-12-22,50070,224690,47941,222365,2129,2325,0,0,50066,224682,2,7,50066,224689,
All CA Counties,2020-12-23,50644,275334,41857,264222,8787,11112,0,0,50640,275321,4,11,50643,275332,
All CA Counties,2020-12-24,24081,299415,16354,280576,7727,18839,0,0,24078,299398,3,14,24080,299412,
All CA Counties,2020-12-25,2343,301758,2019,282595,324,19163,0,0,2343,301741,0,14,2343,301755,
All CA Counties,2020-12-26,14621,316379,9469,292064,5152,24315,0,0,14619,316358,2,16,14619,316374,
All CA Counties,2020-12-27,9444,325823,5597,297661,3847,28162,0,0,9443,325800,1,17,9443,325817,
All CA Counties,2020-12-28,45949,371772,29446,327107,16503,44665,0,0,45946,371743,3,20,45946,371763,
All CA Counties,2020-12-29,51137,422909,28497,355604,22640,67305,0,0,51133,422873,3,23,51133,422896,
All CA Counties,2020-12-30,62978,485887,35565,391169,27413,94718,0,0,62970,485840,6,29,62973,485869,
All CA Counties,2020-12-31,29409,515296,10874,402043,18535,113253,0,0,29400,515234,7,36,29401,515270,
All CA Counties,2021-01-01,4310,519606,1943,403986,2367,115620,0,0,4305,519535,4,40,4305,519575,
All CA Counties,2021-01-02,18498,538104,10228,414214,8270,123890,0,0,18497,538032,0,40,18497,538072,
All CA Counties,2021-01-03,6178,544282,3498,417712,2680,126570,0,0,6142,544158,16,56,6142,544214,
All CA Counties,2021-01-04,43638,587920,22124,439836,21514,148084,0,0,43497,587551,104,160,43497,587711,
All CA Counties,2021-01-05,56588,644508,29828,469664,26760,174844,0,0,51041,633196,5490,5650,51135,638846,
All CA Counties,2021-01-06,73412,717920,40517,510181,32895,207739,0,0,57839,675680,15393,21043,57877,696723,
All CA Counties,2021-01-07,92137,810057,52413,562594,39724,247463,0,0,61060,705900,30905,51948,61125,757848,
All CA Counties,2021-01-08,106911,916968,64255,626849,42656,290119,0,0,65202,729638,41573,93521,65311,823159,
All CA Counties,2021-01-09,44426,961394,25564,652413,18862,308981,0,0,27825,740936,16576,110097,27874,851033,
All CA Counties,2021-01-10,24330,985724,14862,667275,9468,318449,0,0,13086,742817,11227,121324,13108,864141,
All CA Counties,2021-01-11,104553,1090277,69566,736841,34987,353436,0,0,60634,759751,43876,165200,60810,924951,
All CA Counties,2021-01-12,113464,1203741,67123,803964,46341,399777,0,0,72378,791356,41008,206208,72613,997564,
All CA Counties,2021-01-13,119179,1322920,61834,865798,57345,457122,0,0,85350,843079,33743,239951,85466,1083030,
All CA Counties,2021-01-14,123788,1446708,49597,915395,74191,531313,0,0,104192,927944,19494,259445,104359,1187389,
All CA Counties,2021-01-15,141869,1588577,51788,967183,90081,621394,0,0,126777,1039931,14999,274444,126986,1314375,
All CA Counties,2021-01-16,80440,1669017,27340,994523,53100,674494,0,0,72865,1105302,7548,281992,72919,1387294,
All CA Counties,2021-01-17,48243,1717260,16846,1011369,31397,705891,0,0,44584,1146281,3652,285644,44631,1431925,
All CA Counties,2021-01-18,88177,1805437,46028,1057397,42149,748040,0,0,68861,1196080,19241,304885,69040,1500965,
All CA Counties,2021-01-19,141955,1947392,73646,1131043,68309,816349,0,0,110799,1276142,31065,335950,111127,1612092,
All CA Counties,2021-01-20,160338,2107730,81904,1212947,78434,894783,0,0,126750,1369784,33369,369319,127011,1739103,
All CA Counties,2021-01-21,173495,2281225,76917,1289864,96578,991361,0,0,154380,1505620,18905,388224,154741,1893844,
All CA Counties,2021-01-22,169671,2450896,69237,1359101,100434,1091795,0,0,155376,1646993,14157,402381,155530,2049374,
All CA Counties,2021-01-23,111488,2562384,49468,1408569,62020,1153815,0,0,98967,1733615,12463,414844,99085,2148459,
All CA Counties,2021-01-24,60962,2623346,29471,1438040,31491,1185306,0,0,56308,1785362,4623,419467,56370,2204829,
All CA Counties,2021-01-25,145374,2768720,65496,1503536,79878,1265184,0,0,110166,1860821,35081,454548,110540,2315369,
All CA Counties,2021-01-26,169075,2937795,83058,1586594,86017,1351201,0,0,131511,1955174,37431,491979,131784,2447153,
All CA Counties,2021-01-27,182829,3120624,88108,1674702,94721,1445922,0,0,143427,2059751,39077,531056,143654,2590807,
All CA Counties,2021-01-28,188133,3308757,86838,1761540,101295,1547217,0,0,153970,2180094,33876,564932,154219,2745026,
All CA Counties,2021-01-29,183880,3492637,88450,1849990,95430,1642647,0,0,149199,2295369,34107,599039,149382,2894408,
All CA Counties,2021-01-30,123636,3616273,55801,1905791,67835,1710482,0,0,108218,2388477,15251,614290,108359,3002767,
All CA Counties,2021-01-31,69253,3685526,38820,1944611,30433,1740915,0,0,64454,2448238,4750,619040,64511,3067278,
All CA Counties,2021-02-01,161938,3847464,75968,2020579,85970,1826885,0,0,121215,2529029,40558,659598,121349,3188627,
All CA Counties,2021-02-02,185312,4032776,78034,2098613,107278,1934163,0,0,140853,2625925,44181,703779,141077,3329704,
All CA Counties,2021-02-03,210890,4243666,95532,2194145,115358,2049521,0,0,156525,2728828,53870,757649,156773,3486477,
All CA Counties,2021-02-04,227831,4471497,99845,2293990,127986,2177507,0,0,167243,2836385,60051,817700,167608,3654085,
All CA Counties,2021-02-05,246099,4717596,106492,2400482,139607,2317114,0,0,167330,2926258,77997,895697,167870,3821955,
All CA Counties,2021-02-06,155008,4872604,75061,2475543,79947,2397061,0,0,120219,3012349,34621,930318,120712,3942667,
All CA Counties,2021-02-07,67067,4939671,43442,2518985,23625,2420686,0,0,50622,3047057,16365,946683,51073,3993740,
All CA Counties,2021-02-08,181358,5121029,89438,2608423,91920,2512606,0,0,119828,3106533,61100,1007783,120576,4114316,
All CA Counties,2021-02-09,211477,5332506,102321,2710744,109156,2621762,0,0,126846,3150354,84177,1091960,127998,4242314,
All CA Counties,2021-02-10,248654,5581160,119798,2830542,128856,2750618,0,0,138108,3180209,109732,1201692,139587,4381901,
All CA Counties,2021-02-11,265576,5846736,131564,2962106,134012,2884630,0,0,145199,3207942,119260,1320952,146993,4528894,
All CA Counties,2021-02-12,272507,6119243,119399,3081505,153108,3037738,0,0,147162,3233015,124466,1445418,149539,4678433,
All CA Counties,2021-02-13,166747,6285990,77325,3158830,89422,3127160,0,0,92139,3252868,74235,1519653,94088,4772521,
All CA Counties,2021-02-14,95328,6381318,47430,3206260,47898,3175058,0,0,51574,3262400,43584,1563237,53116,4825637,
All CA Counties,2021-02-15,142453,6523771,62505,3268765,79948,3255006,0,0,78801,3281050,63276,1626513,81926,4907563,
All CA Counties,2021-02-16,249001,6772772,118244,3387009,130757,3385763,0,0,133162,3301852,115459,1741972,136261,5043824,
All CA Counties,2021-02-17,259144,7031916,129039,3516048,130105,3515868,0,0,129018,3304497,129580,1871552,132225,5176049,
All CA Counties,2021-02-18,272944,7304860,142409,3658457,130535,3646403,0,0,131935,3300358,140299,2011851,136160,5312209,
All CA Counties,2021-02-19,253368,7558228,146975,3805432,106393,3752796,0,0,130758,3311093,122112,2133963,132847,5445056,
All CA Counties,2021-02-20,153758,7711986,98517,3903949,55241,3808037,0,0,84585,3328753,68908,2202871,86568,5531624,
All CA Counties,2021-02-21,82871,7794857,68636,3972585,14235,3822272,0,0,41672,3331018,40952,2243823,43217,5574841,
All CA Counties,2021-02-22,164833,7959690,110460,4083045,54373,3876645,0,0,82500,3333234,82011,2325834,84227,5659068,
All CA Counties,2021-02-23,226345,8186035,119852,4202897,106493,3983138,0,0,105435,3324354,120303,2446137,111423,5770491,
All CA Counties,2021-02-24,284096,8470131,143717,4346614,140379,4123517,0,0,134948,3318326,148520,2594657,142492,5912983,
All CA Counties,2021-02-25,322752,8792883,159317,4505931,163435,4286952,0,0,169098,3343019,152954,2747611,177647,6090630,
All CA Counties,2021-02-26,357199,9150082,166535,4672466,190664,4477616,0,0,198888,3391792,157392,2905003,206165,6296795,
All CA Counties,2021-02-27,253583,9403665,123471,4795937,130090,4607706,22,22,144129,3431526,108829,3013832,148563,6445358,
All CA Counties,2021-02-28,135242,9538907,81155,4877092,54079,4661785,8,30,79574,3458713,55235,3069067,82422,6527780,
All CA Counties,2021-03-01,244164,9783071,130417,5007509,113641,4775426,106,136,140765,3500968,102624,3171691,144879,6672659,
All CA Counties,2021-03-02,289358,10072429,146416,5153925,142914,4918340,28,164,174504,3568058,114334,3286025,181424,6854083,
All CA Counties,2021-03-03,332510,10404939,165013,5318938,167440,5085780,57,221,191525,3626640,140290,3426315,198872,7052955,
All CA Counties,2021-03-04,351646,10756585,178099,5497037,173456,5259236,91,312,206416,3695703,144474,3570789,213537,7266492,
All CA Counties,2021-03-05,339796,11096381,167215,5664252,171458,5430694,1123,1435,211578,3788268,127400,3698189,219965,7486457,
All CA Counties,2021-03-06,259674,11356055,133348,5797600,118470,5549164,7856,9291,161545,3864664,97708,3795897,174104,7660561,
All CA Counties,2021-03-07,127892,11483947,78592,5876192,45144,5594308,4156,13447,80131,3905054,47573,3843470,87963,7748524,
All CA Counties,2021-03-08,219269,11703216,106427,5982619,102343,5696651,10499,23946,143569,3988776,75311,3918781,159033,7907557,
All CA Counties,2021-03-09,291618,11994834,139434,6122053,136258,5832909,15926,39872,163714,4045049,127413,4046194,183686,8091243,
All CA Counties,2021-03-10,322730,12317564,161032,6283085,137237,5970146,24461,64333,175040,4101686,147029,4193223,203666,8294909,
All CA Counties,2021-03-11,376623,12694187,182056,6465141,161245,6131391,33322,97655,193560,4150656,182123,4375346,231093,8526002,
All CA Counties,2021-03-12,395262,13089449,176665,6641806,172295,6303686,46302,143957,194021,4194735,200436,4575782,244515,8770517,
All CA Counties,2021-03-13,283590,13373039,124921,6766727,127534,6431220,31135,175092,153245,4253491,129889,4705671,188645,8959162,
All CA Counties,2021-03-14,154970,13528009,83312,6850039,56564,6487784,15094,190186,78564,4273301,76117,4781788,95927,9055089,
All CA Counties,2021-03-15,290637,13818646,138896,6988935,131186,6618970,20555,210741,158088,4323520,131800,4913588,182019,9237108,
All CA Counties,2021-03-16,370270,14188916,173930,7162865,179036,6798006,17304,228045,214593,4403688,154934,5068522,235102,9472210,
All CA Counties,2021-03-17,383696,14572612,189779,7352644,175363,6973369,18554,246599,237584,4517062,145280,5213802,258654,9730864,
All CA Counties,2021-03-18,400783,14973395,205309,7557953,177476,7150845,17998,264597,237649,4612746,162035,5375837,257719,9988583,
All CA Counties,2021-03-19,410782,15384177,215964,7773917,173204,7324049,21614,286211,238300,4703130,171499,5547336,261883,10250466,
All CA Counties,2021-03-20,294867,15679044,155099,7929016,123898,7447947,15870,302081,186187,4798614,108015,5655351,203499,10453965,
All CA Counties,2021-03-21,143760,15822804,99379,8028395,36851,7484798,7530,309611,88298,4840704,55093,5710444,97183,10551148,
All CA Counties,2021-03-22,273234,16096038,159069,8187464,102947,7587745,11218,320829,177519,4937521,94925,5805369,191742,10742890,
All CA Counties,2021-03-23,357250,16453288,196628,8384092,149550,7737295,11072,331901,219358,5033561,136971,5942340,233011,10975901,
All CA Counties,2021-03-24,387539,16840827,221989,8606081,153063,7890358,12487,344388,225792,5113427,160507,6102847,240373,11216274,
All CA Counties,2021-03-25,417803,17258630,230247,8836328,172723,8063081,14833,359221,236861,5187655,179623,6282470,253851,11470125,
All CA Counties,2021-03-26,434993,17693623,232724,9069052,186191,8249272,16078,375299,234842,5242484,198938,6481408,253767,11723892,
All CA Counties,2021-03-27,312614,18006237,166307,9235359,134531,8383803,11776,387075,157655,5260019,154140,6635548,171675,11895567,
All CA Counties,2021-03-28,169344,18175581,109042,9344401,56716,8440519,3586,390661,88733,5274102,80153,6715701,94236,11989803,
All CA Counties,2021-03-29,310280,18485861,167046,9511447,134187,8574706,9047,399708,172641,5321440,136861,6852562,184199,12174002,
All CA Counties,2021-03-30,398367,18884228,201872,9713319,178283,8752989,18212,417920,224261,5392374,173306,7025868,244240,12418242,
All CA Counties,2021-03-31,426243,19310471,231987,9945306,172581,8925570,21675,439595,238311,5466482,186900,7212768,261008,12679250,
All CA Counties,2021-04-01,491896,19802367,251949,10197255,199667,9125237,40280,479875,271735,5560848,218813,7431581,313179,12992429,
All CA Counties,2021-04-02,473610,20275977,230931,10428186,199505,9324742,43174,523049,257430,5648130,214941,7646522,302223,13294652,
All CA Counties,2021-04-03,329512,20605489,167864,10596050,120205,9444947,41443,564492,164356,5690541,164510,7811032,206921,13501573,
All CA Counties,2021-04-04,132478,20737967,69111,10665161,44327,9489274,19040,583532,58092,5693734,74082,7885114,77275,13578848,
All CA Counties,2021-04-05,353208,21091175,182072,10847233,131430,9620704,39706,623238,174124,5731589,178390,8063504,216245,13795093,
All CA Counties,2021-04-06,457308,21548483,231771,11079004,160027,9780731,65510,688748,221892,5786447,234476,8297980,289334,14084427,
All CA Counties,2021-04-07,471936,22020419,244864,11323868,157135,9937866,69937,758685,230148,5846739,240828,8538808,301120,14385547,
All CA Counties,2021-04-08,499583,22520002,251861,11575729,163359,10101225,84363,843048,235450,5905849,262958,8801766,322068,14707615,
All CA Counties,2021-04-09,494444,23014446,246453,11822182,168204,10269429,79787,922835,228032,5951446,265344,9067110,310941,15018556,
All CA Counties,2021-04-10,367139,23381585,167927,11990109,125006,10394435,74206,997041,154188,5970321,212197,9279307,231072,15249628,
All CA Counties,2021-04-11,187563,23569148,105264,12095373,48165,10442600,34134,1031175,77685,5975470,109531,9388838,114680,15364308,
All CA Counties,2021-04-12,339739,23908887,174351,12269724,127268,10569868,38120,1069295,157525,5993577,181251,9570089,199358,15563666,
All CA Counties,2021-04-13,432361,24341248,241886,12511610,189527,10759395,948,1070243,241834,6050047,189526,9759615,245996,15809662,
All CA Counties,2021-04-14,451239,24792487,252972,12764582,197979,10957374,288,1070531,235893,6076855,214180,9973795,240988,16050650,
All CA Counties,2021-04-15,491224,25283711,286062,13050644,204885,11162259,277,1070808,275811,6142049,214001,10187796,279195,16329845,
All CA Counties,2021-04-16,474244,25757955,266876,13317520,207061,11369320,307,1071115,253105,6177948,219938,10407734,255837,16585682,
All CA Counties,2021-04-17,340963,26098918,190965,13508485,149943,11519263,58,1071173,193782,6228560,146387,10554121,196999,16782681,
All CA Counties,2021-04-18,154317,26253235,98004,13606489,56295,11575558,18,1071191,79393,6236459,74524,10628645,82423,16865104,
All CA Counties,2021-04-19,317193,26570428,183089,13789578,134014,11709572,90,1071281,150023,6222169,166281,10794926,151991,17017095,
All CA Counties,2021-04-20,406495,26976923,216258,14005836,190166,11899738,71,1071352,202547,6224946,202927,10997853,205704,17222799,
All CA Counties,2021-04-21,419682,27396605,237822,14243658,181597,12081335,263,1071615,201743,6213540,216536,11214389,205130,17427929,
All CA Counties,2021-04-22,445996,27842601,254075,14497733,191845,12273180,76,1071691,199160,6170501,245477,11459866,202438,17630367,
All CA Counties,2021-04-23,437292,28279893,249056,14746789,188148,12461328,88,1071779,197985,6133979,237919,11697785,201397,17831764,
All CA Counties,2021-04-24,324760,28604653,204494,14951283,120094,12581422,172,1071951,165053,6143712,158751,11856536,168484,18000248,
All CA Counties,2021-04-25,149378,28754031,98498,15049781,50813,12632235,67,1072018,80377,6157044,68551,11925087,81883,18082131,
All CA Counties,2021-04-26,298222,29052253,172459,15222240,124241,12756476,1522,1073540,130566,6127038,166672,12091759,136666,18218797,
All CA Counties,2021-04-27,359603,29411856,199090,15421330,154418,12910894,6095,1079635,144877,6067567,213611,12305370,154140,18372937,
All CA Counties,2021-04-28,350678,29762534,201149,15622479,141665,13052559,7864,1087499,144381,6016895,205231,12510601,154559,18527496,
All CA Counties,2021-04-29,359976,30122510,207316,15829795,144782,13197341,7878,1095377,131690,5931151,227153,12737754,141409,18668905,
All CA Counties,2021-04-30,371827,30494337,213158,16042953,149811,13347152,8858,1104235,140483,5852343,230089,12967843,151281,18820186,
All CA Counties,2021-05-01,247228,30741565,158166,16201119,83025,13430177,6037,1110272,89663,5793494,156762,13124605,97913,18918099,
All CA Counties,2021-05-02,116770,30858335,81611,16282730,31291,13461468,3868,1114140,40897,5763149,75486,13200091,45141,18963240,
All CA Counties,2021-05-03,251516,31109851,154879,16437609,87957,13549425,8680,1122820,76319,5674618,174384,13374475,85853,19049093,
All CA Counties,2021-05-04,325136,31434987,198129,16635738,117268,13666693,9739,1132559,96200,5553824,227893,13602368,107099,19156192,
All CA Counties,2021-05-05,328874,31763861,204273,16840011,114602,13781295,9999,1142558,92822,5422758,234860,13837228,103794,19259986,
All CA Counties,2021-05-06,347831,32111692,226912,17066923,110391,13891686,10528,1153086,88514,5266586,257718,14094946,101546,19361532,
All CA Counties,2021-05-07,344540,32456232,215914,17282837,118802,14010488,9824,1162910,93695,5121816,249509,14344455,104739,19466271,
All CA Counties,2021-05-08,223365,32679597,141751,17424588,74930,14085418,6684,1169594,61544,5030564,160920,14505375,69668,19535939,
All CA Counties,2021-05-09,93125,32772722,70126,17494714,20026,14105444,2973,1172567,25467,4992109,67332,14572707,28877,19564816,
All CA Counties,2021-05-10,200634,32973356,114274,17608988,78603,14184047,7757,1180324,50038,4901364,149811,14722518,59066,19623882,
All CA Counties,2021-05-11,259732,33233088,145794,17754782,105813,14289860,8125,1188449,68743,4789800,190093,14912611,78529,19702411,
All CA Counties,2021-05-12,261776,33494864,151605,17906387,101325,14391185,8846,1197295,73829,4686670,186945,15099556,83815,19786226,
All CA Counties,2021-05-13,294414,33789278,190115,18096502,97258,14488443,7041,1204336,110988,4624858,182363,15281919,120551,19906777,
All CA Counties,2021-05-14,332054,34121332,212301,18308803,110991,14599434,8762,1213098,131091,4566997,199812,15481731,141951,20048728,
All CA Counties,2021-05-15,273935,34395267,191505,18500308,76524,14675958,5906,1219004,112645,4526047,160462,15642193,119512,20168240,
All CA Counties,2021-05-16,135488,34530755,103872,18604180,28701,14704659,2915,1221919,54903,4504104,80151,15722344,58208,20226448,
All CA Counties,2021-05-17,237206,34767961,156383,18760563,73500,14778159,7323,1229242,95871,4467689,140475,15862819,104060,20330508,
All CA Counties,2021-05-18,277737,35045698,169565,18930128,100844,14879003,7328,1236570,111430,4422706,165211,16028030,120228,20450736,
All CA Counties,2021-05-19,272341,35318039,170203,19100331,94646,14973649,7492,1244062,114630,4389241,156702,16184732,123237,20573973,
All CA Counties,2021-05-20,224395,35542434,134369,19234700,82663,15056312,7363,1251425,88082,4350604,135365,16320097,96728,20670701,
All CA Counties,2021-05-21,244501,35786935,151606,19386306,85649,15141961,7246,1258671,95346,4306196,148101,16468198,103693,20774394,
All CA Counties,2021-05-22,173718,35960653,116918,19503224,51258,15193219,5542,1264213,75975,4291564,97116,16565314,82484,20856878,
All CA Counties,2021-05-23,66419,36027072,49367,19552591,14830,15208049,2222,1266435,30853,4289651,35263,16600577,33350,20890228,
All CA Counties,2021-05-24,165754,36192826,96371,19648962,61203,15269252,8180,1274615,62893,4259456,102104,16702681,71909,20962137,
All CA Counties,2021-05-25,187863,36380689,110677,19759639,69278,15338530,7908,1282523,73041,4227665,113854,16816535,82063,21044200,
All CA Counties,2021-05-26,181629,36562318,104471,19864110,69481,15408011,7677,1290200,72050,4199736,108530,16925065,80601,21124801,
All CA Counties,2021-05-27,170103,36732421,97292,19961402,64362,15472373,8449,1298649,69830,4179707,99475,17024540,79446,21204247,
All CA Counties,2021-05-28,186030,36918451,107693,20069095,71388,15543761,6949,1305598,81289,4165392,103849,17128389,89534,21293781,
All CA Counties,2021-05-29,105632,37024083,64997,20134092,36898,15580659,3737,1309335,50762,4166127,54353,17182742,55088,21348869,
All CA Counties,2021-05-30,46732,37070815,30880,20164972,13411,15594070,2441,1311776,21071,4164472,25442,17208184,23787,21372656,
All CA Counties,2021-05-31,19748,37090563,11679,20176651,7098,15601168,971,1312747,6577,4159109,13046,17221230,7683,21380339,
All CA Counties,2021-06-01,166512,37257075,97448,20274099,62106,15663274,6958,1319705,62938,4127386,102641,17323871,70918,21451257,
All CA Counties,2021-06-02,140907,37397982,83537,20357636,50341,15713615,7029,1326734,55417,4105980,84635,17408506,63229,21514486,
All CA Counties,2021-06-03,168242,37566224,115162,20472798,46169,15759784,6911,1333645,56862,4060257,110596,17519102,64873,21579359,
All CA Counties,2021-06-04,194647,37760871,137626,20610424,51042,15810826,5979,1339624,61351,3997234,132331,17651433,69308,21648667,
All CA Counties,2021-06-05,152805,37913676,115988,20726412,31823,15842649,4994,1344618,44542,3940320,107517,17758950,50603,21699270,
All CA Counties,2021-06-06,61262,37974938,51498,20777910,7629,15850278,2135,1346753,18327,3919028,42657,17801607,21365,21720635,
All CA Counties,2021-06-07,130701,38105639,96468,20874378,28691,15878969,5542,1352295,39377,3873968,90778,17892385,45718,21766353,
All CA Counties,2021-06-08,79982,38185621,60510,20934888,15123,15894092,4349,1356644,21883,3843160,57643,17950028,26835,21793188,
All CA and Non-CA Counties,2020-12-15,1152,1152,1152,1152,0,0,0,0,1152,1152,0,0,1152,1152,
All CA and Non-CA Counties,2020-12-16,8709,9861,8709,9861,0,0,0,0,8709,9861,0,0,8709,9861,
All CA and Non-CA Counties,2020-12-17,27905,37766,27905,37766,0,0,0,0,27905,37766,0,0,27905,37766,
All CA and Non-CA Counties,2020-12-18,47296,85062,47233,84999,63,63,0,0,47295,85060,1,1,47295,85061,
All CA and Non-CA Counties,2020-12-19,26368,111430,26342,111341,26,89,0,0,26367,111426,1,2,26367,111428,
All CA and Non-CA Counties,2020-12-20,19689,131119,19660,131001,29,118,0,0,19688,131113,1,3,19688,131116,
All CA and Non-CA Counties,2020-12-21,51856,182975,51764,182765,92,210,0,0,51854,182966,2,5,51855,182971,
All CA and Non-CA Counties,2020-12-22,52153,235128,49949,232714,2204,2414,0,0,52149,235113,2,7,52149,235120,
All CA and Non-CA Counties,2020-12-23,52180,287308,43251,275965,8929,11343,0,0,52175,287286,5,12,52178,287298,
All CA and Non-CA Counties,2020-12-24,24887,312195,16966,292931,7921,19264,0,0,24884,312169,3,15,24886,312184,
All CA and Non-CA Counties,2020-12-25,2378,314573,2049,294980,329,19593,0,0,2378,314547,0,15,2378,314562,
All CA and Non-CA Counties,2020-12-26,14928,329501,9674,304654,5254,24847,0,0,14926,329471,2,17,14926,329488,
All CA and Non-CA Counties,2020-12-27,9633,339134,5669,310323,3964,28811,0,0,9632,339102,1,18,9632,339120,
All CA and Non-CA Counties,2020-12-28,47369,386503,30346,340669,17023,45834,0,0,47366,386465,3,21,47366,386486,
All CA and Non-CA Counties,2020-12-29,52661,439164,29509,370178,23152,68986,0,0,52657,439119,3,24,52657,439143,
All CA and Non-CA Counties,2020-12-30,64909,504073,36846,407024,28063,97049,0,0,64901,504017,6,30,64904,504047,
All CA and Non-CA Counties,2020-12-31,30502,534575,11475,418499,19027,116076,0,0,30491,534501,8,38,30492,534539,
All CA and Non-CA Counties,2021-01-01,4422,538997,1968,420467,2454,118530,0,0,4417,538914,4,42,4417,538956,
All CA and Non-CA Counties,2021-01-02,18739,557736,10361,430828,8378,126908,0,0,18737,557650,1,43,18737,557693,
All CA and Non-CA Counties,2021-01-03,6350,564086,3589,434417,2761,129669,0,0,6314,563948,16,59,6314,564007,
All CA and Non-CA Counties,2021-01-04,44790,608876,22634,457051,22156,151825,0,0,44643,608486,105,164,44643,608650,
All CA and Non-CA Counties,2021-01-05,58138,667014,30649,487700,27489,179314,0,0,52398,655298,5681,5845,52493,661143,
All CA and Non-CA Counties,2021-01-06,76122,743136,42119,529819,34003,213317,0,0,59805,699007,16134,21979,59843,720986,
All CA and Non-CA Counties,2021-01-07,96363,839499,55020,584839,41343,254660,0,0,63623,730134,32566,54545,63693,784679,
All CA and Non-CA Counties,2021-01-08,111410,950909,67175,652014,44235,298895,0,0,67821,754625,43444,97989,67935,852614,
All CA and Non-CA Counties,2021-01-09,45734,996643,26095,678109,19639,318534,0,0,28806,766579,16903,114892,28857,881471,
All CA and Non-CA Counties,2021-01-10,24630,1021273,15045,693154,9585,328119,0,0,13264,768516,11349,126241,13286,894757,
All CA and Non-CA Counties,2021-01-11,107862,1129135,71590,764744,36272,364391,0,0,62608,786090,45210,171451,62784,957541,
All CA and Non-CA Counties,2021-01-12,117339,1246474,69447,834191,47892,412283,0,0,74694,818461,42562,214013,74933,1032474,
All CA and Non-CA Counties,2021-01-13,122857,1369331,63644,897835,59213,471496,0,0,87844,871496,34928,248941,87963,1120437,
All CA and Non-CA Counties,2021-01-14,127502,1496833,50880,948715,76622,548118,0,0,107263,958804,20124,269065,107432,1227869,
All CA and Non-CA Counties,2021-01-15,146081,1642914,52791,1001506,93290,641408,0,0,130518,1074074,15457,284522,130727,1358596,
All CA and Non-CA Counties,2021-01-16,83136,1726050,27733,1029239,55403,696811,0,0,75385,1141791,7722,292244,75439,1434035,
All CA and Non-CA Counties,2021-01-17,48744,1774794,17000,1046239,31744,728555,0,0,45035,1183171,3702,295946,45082,1479117,
All CA and Non-CA Counties,2021-01-18,89413,1864207,46832,1093071,42581,771136,0,0,69642,1233297,19695,315641,69821,1548938,
All CA and Non-CA Counties,2021-01-19,146032,2010239,74981,1168052,71051,842187,0,0,113988,1315664,31952,347593,114319,1663257,
All CA and Non-CA Counties,2021-01-20,164812,2175051,83381,1251433,81431,923618,0,0,130236,1411807,34355,381948,130498,1793755,
All CA and Non-CA Counties,2021-01-21,177692,2352743,78085,1329518,99607,1023225,0,0,158015,1550729,19454,401402,158376,1952131,
All CA and Non-CA Counties,2021-01-22,174254,2526997,70354,1399872,103900,1127125,0,0,159554,1695881,14558,415960,159710,2111841,
All CA and Non-CA Counties,2021-01-23,113722,2640719,49810,1449682,63912,1191037,0,0,101040,1784415,12624,428584,101158,2212999,
All CA and Non-CA Counties,2021-01-24,61556,2702275,29711,1479393,31845,1222882,0,0,56825,1836601,4701,433285,56887,2269886,
All CA and Non-CA Counties,2021-01-25,149815,2852090,67405,1546798,82410,1305292,0,0,113736,1914763,35949,469234,114111,2383997,
All CA and Non-CA Counties,2021-01-26,174904,3026994,85889,1632687,89015,1394307,0,0,136494,2013258,38279,507513,136774,2520771,
All CA and Non-CA Counties,2021-01-27,187647,3214641,90619,1723306,97028,1491335,0,0,147618,2121405,39700,547213,147847,2668618,
All CA and Non-CA Counties,2021-01-28,193292,3407933,89638,1812944,103654,1594989,0,0,158544,2245744,34454,581667,158793,2827411,
All CA and Non-CA Counties,2021-01-29,188740,3596673,91503,1904447,97237,1692226,0,0,153263,2364291,34901,616568,153448,2980859,
All CA and Non-CA Counties,2021-01-30,127939,3724612,58088,1962535,69851,1762077,0,0,112293,2461245,15481,632049,112435,3093294,
All CA and Non-CA Counties,2021-01-31,72151,3796763,41312,2003847,30839,1792916,0,0,67299,2523799,4803,636852,67357,3160651,
All CA and Non-CA Counties,2021-02-01,167323,3964086,78471,2082318,88852,1881768,0,0,125877,2608535,41275,678127,126011,3286662,
All CA and Non-CA Counties,2021-02-02,191968,4156054,80142,2162460,111826,1993594,0,0,146787,2710651,44895,723022,147011,3433673,
All CA and Non-CA Counties,2021-02-03,218131,4374185,97543,2260003,120588,2114182,0,0,162885,2819041,54744,777766,163134,3596807,
All CA and Non-CA Counties,2021-02-04,234545,4608730,101941,2361944,132604,2246786,0,0,172956,2931320,61043,838809,173322,3770129,
All CA and Non-CA Counties,2021-02-05,252786,4861516,108602,2470546,144184,2390970,0,0,172934,3025720,79074,917883,173474,3943603,
All CA and Non-CA Counties,2021-02-06,159255,5020771,77043,2547589,82212,2473182,0,0,123997,3115130,35083,952966,124493,4068096,
All CA and Non-CA Counties,2021-02-07,69100,5089871,45088,2592677,24012,2497194,0,0,52577,3151717,16443,969409,53030,4121126,
All CA and Non-CA Counties,2021-02-08,186326,5276197,92442,2685119,93884,2591078,0,0,123711,3214002,62174,1031583,124459,4245585,
All CA and Non-CA Counties,2021-02-09,215606,5491803,104097,2789216,111509,2702587,0,0,129667,3259359,85476,1117059,130833,4376418,
All CA and Non-CA Counties,2021-02-10,254141,5745944,121625,2910841,132516,2835103,0,0,141149,3289857,112171,1229230,142669,4519087,
All CA and Non-CA Counties,2021-02-11,270335,6016279,133745,3044586,136590,2971693,0,0,148622,3319704,120587,1349817,150434,4669521,
All CA and Non-CA Counties,2021-02-12,277722,6294001,121316,3165902,156406,3128099,0,0,150536,3346327,126294,1476111,152917,4822438,
All CA and Non-CA Counties,2021-02-13,169124,6463125,78013,3243915,91111,3219210,0,0,93957,3367452,74793,1550904,95918,4918356,
All CA and Non-CA Counties,2021-02-14,96640,6559765,47818,3291733,48822,3268032,0,0,52645,3377820,43821,1594725,54189,4972545,
All CA and Non-CA Counties,2021-02-15,144956,6704721,64000,3355733,80956,3348988,0,0,80030,3396443,64535,1659260,83158,5055703,
All CA and Non-CA Counties,2021-02-16,255345,6960066,121052,3476785,134293,3483281,0,0,135730,3416052,119224,1778484,138833,5194536,
All CA and Non-CA Counties,2021-02-17,264893,7224959,131835,3608620,133058,3616339,0,0,130836,3416595,133505,1911989,134048,5328584,
All CA and Non-CA Counties,2021-02-18,279223,7504182,145990,3754610,133233,3749572,0,0,133990,3410305,144505,2056494,138215,5466799,
All CA and Non-CA Counties,2021-02-19,259040,7763222,150900,3905510,108140,3857712,0,0,133189,3420238,125347,2181841,135280,5602079,
All CA and Non-CA Counties,2021-02-20,156937,7920159,101046,4006556,55891,3913603,0,0,85825,3437204,70843,2252684,87809,5689888,
All CA and Non-CA Counties,2021-02-21,85454,8005613,71002,4077558,14452,3928055,0,0,42517,3438582,42685,2295369,44063,5733951,
All CA and Non-CA Counties,2021-02-22,168209,8173822,112900,4190458,55309,3983364,0,0,84128,3440685,83756,2379125,85859,5819810,
All CA and Non-CA Counties,2021-02-23,232264,8406086,123154,4313612,109110,4092474,0,0,107776,3430590,123873,2502998,113778,5933588,
All CA and Non-CA Counties,2021-02-24,290396,8696482,147176,4460788,143220,4235694,0,0,137409,3423195,152353,2655351,144958,6078546,
All CA and Non-CA Counties,2021-02-25,329570,9026052,162767,4623555,166803,4402497,0,0,172181,3447269,156660,2812011,180734,6259280,
All CA and Non-CA Counties,2021-02-26,363942,9389994,170057,4793612,193885,4596382,0,0,201997,3495601,160943,2972954,209275,6468555,
All CA and Non-CA Counties,2021-02-27,258932,9648926,126102,4919714,132807,4729189,23,23,146016,3533777,112278,3085232,150454,6619009,
All CA and Non-CA Counties,2021-02-28,137529,9786455,82786,5002500,54734,4783923,9,32,80377,3560289,56715,3141947,83227,6702236,
All CA and Non-CA Counties,2021-03-01,248835,10035290,133284,5135784,115444,4899367,107,139,142125,3600608,105926,3247873,146245,6848481,
All CA and Non-CA Counties,2021-03-02,295960,10331250,148790,5284574,147142,5046509,28,167,176571,3665245,118856,3366729,183493,7031974,
All CA and Non-CA Counties,2021-03-03,340317,10671567,168017,5452591,172241,5218750,59,226,194199,3721389,145408,3512137,201552,7233526,
All CA and Non-CA Counties,2021-03-04,358371,11029938,180918,5633509,177356,5396106,97,323,208735,3788390,148863,3661000,215864,7449390,
All CA and Non-CA Counties,2021-03-05,345032,11374970,169837,5803346,174058,5570164,1137,1460,214312,3881218,129893,3790893,222721,7672111,
All CA and Non-CA Counties,2021-03-06,264255,11639225,135460,5938806,120782,5690946,8013,9473,163887,3957883,99947,3890840,176612,7848723,
All CA and Non-CA Counties,2021-03-07,129453,11768678,79592,6018398,45648,5736594,4213,13686,81087,3998684,48177,3939017,88978,7937701,
All CA and Non-CA Counties,2021-03-08,222380,11991058,108281,6126679,103363,5839957,10736,24422,145768,4083966,76194,4015211,161476,8099177,
All CA and Non-CA Counties,2021-03-09,296312,12287370,141860,6268539,138221,5978178,16231,40653,166497,4141418,129322,4144533,186774,8285951,
All CA and Non-CA Counties,2021-03-10,327098,12614468,163128,6431667,139005,6117183,24965,65618,177749,4199624,148680,4293213,206886,8492837,
All CA and Non-CA Counties,2021-03-11,382754,12997222,185193,6616860,163560,6280743,34001,99619,196866,4249761,184942,4478155,235079,8727916,
All CA and Non-CA Counties,2021-03-12,401735,13398957,180575,6797435,174134,6454877,47026,146645,197598,4295256,203324,4681479,248819,8976735,
All CA and Non-CA Counties,2021-03-13,287347,13686304,127103,6924538,128650,6583527,31594,178239,155811,4355860,131073,4812552,191677,9168412,
All CA and Non-CA Counties,2021-03-14,156769,13843073,84244,7008782,57091,6640618,15434,193673,79549,4376182,76931,4889483,97253,9265665,
All CA and Non-CA Counties,2021-03-15,294678,14137751,141013,7149795,132648,6773266,21017,214690,160253,4427160,133672,5023155,184650,9450315,
All CA and Non-CA Counties,2021-03-16,377810,14515561,178312,7328107,181806,6955072,17692,232382,218791,4508572,158272,5181427,239684,9689999,
All CA and Non-CA Counties,2021-03-17,392123,14907684,195235,7523342,177962,7133034,18926,251308,242663,4624056,148622,5330049,264106,9954105,
All CA and Non-CA Counties,2021-03-18,409107,15316791,210450,7733792,180121,7313155,18536,269844,242468,4721602,165530,5495579,263076,10217181,
All CA and Non-CA Counties,2021-03-19,418118,15734909,220313,7954105,175646,7488801,22159,292003,242702,4814007,174429,5670008,266834,10484015,
All CA and Non-CA Counties,2021-03-20,299625,16034534,158240,8112345,125428,7614229,15957,307960,189827,4912112,109122,5779130,207227,10691242,
All CA and Non-CA Counties,2021-03-21,145845,16180379,100813,8213158,37415,7651644,7617,315577,89967,4955544,55507,5834637,98939,10790181,
All CA and Non-CA Counties,2021-03-22,276506,16456885,161036,8374194,104163,7755807,11307,326884,179759,5053669,95946,5930583,194071,10984252,
All CA and Non-CA Counties,2021-03-23,363334,16820219,199724,8573918,152230,7908037,11380,338264,223483,5152198,138915,6069498,237444,11221696,
All CA and Non-CA Counties,2021-03-24,394888,17215107,225759,8799677,156195,8064232,12934,351198,230873,5235329,162768,6232266,245899,11467595,
All CA and Non-CA Counties,2021-03-25,426099,17641206,234106,9033783,176636,8240868,15357,366555,242902,5313880,181865,6414131,260416,11728011,
All CA and Non-CA Counties,2021-03-26,441674,18082880,236256,9270039,189162,8430030,16256,382811,239253,5371054,201181,6615312,258355,11986366,
All CA and Non-CA Counties,2021-03-27,318175,18401055,169433,9439472,136749,8566779,11993,394804,161148,5390235,156203,6771515,175384,12161750,
All CA and Non-CA Counties,2021-03-28,172432,18573487,110694,9550166,57991,8624770,3747,398551,90730,5405390,81239,6852754,96394,12258144,
All CA and Non-CA Counties,2021-03-29,315461,18888948,169345,9719511,136724,8761494,9392,407943,175602,5453818,139077,6991831,187505,12445649,
All CA and Non-CA Counties,2021-03-30,405259,19294207,205502,9925013,180981,8942475,18776,426719,228335,5526589,176114,7167945,248885,12694534,
All CA and Non-CA Counties,2021-03-31,432602,19726809,235785,10160798,174364,9116839,22453,449172,241693,5601882,189872,7357817,265165,12959699,
All CA and Non-CA Counties,2021-04-01,499412,20226221,256445,10417243,202042,9318881,40925,490097,276078,5698063,221977,7579794,318158,13277857,
All CA and Non-CA Counties,2021-04-02,482124,20708345,235474,10652717,202324,9521205,44326,534423,261841,5786812,219035,7798829,307784,13585641,
All CA and Non-CA Counties,2021-04-03,335714,21044059,171559,10824276,121555,9642760,42600,577023,167627,5830727,167433,7966262,211348,13796989,
All CA and Non-CA Counties,2021-04-04,134267,21178326,69988,10894264,45005,9687765,19274,596297,59074,5834329,74887,8041149,78489,13875478,
All CA and Non-CA Counties,2021-04-05,357338,21535664,184068,11078332,132898,9820663,40372,636669,176089,5872655,180549,8221698,218875,14094353,
All CA and Non-CA Counties,2021-04-06,464489,22000153,235643,11313975,161696,9982359,67150,703819,224781,5927761,238753,8460451,293859,14388212,
All CA and Non-CA Counties,2021-04-07,480169,22480322,249498,11563473,159036,10141395,71635,775454,233359,5987938,245843,8706294,306020,14694232,
All CA and Non-CA Counties,2021-04-08,507754,22988076,256105,11819578,165340,10306735,86309,861763,238651,6047225,267919,8974213,327206,15021438,
All CA and Non-CA Counties,2021-04-09,501995,23490071,250334,12069912,169921,10476656,81740,943503,230943,6093074,269975,9244188,315824,15337262,
All CA and Non-CA Counties,2021-04-10,373287,23863358,170971,12240883,126249,10602905,76067,1019570,155917,6111119,216609,9460797,234654,15571916,
All CA and Non-CA Counties,2021-04-11,190406,24053764,106816,12347699,48818,10651723,34772,1054342,78641,6115981,111414,9572211,116276,15688192,
All CA and Non-CA Counties,2021-04-12,343863,24397627,176645,12524344,128545,10780268,38673,1093015,159342,6134159,183551,9755762,201729,15889921,
All CA and Non-CA Counties,2021-04-13,438182,24835809,245608,12769952,191601,10971869,973,1093988,244831,6190835,192344,9948106,249020,16138941,
All CA and Non-CA Counties,2021-04-14,456575,25292384,256345,13026297,199938,11171807,292,1094280,238786,6218103,216620,10164726,243888,16382829,
All CA and Non-CA Counties,2021-04-15,497384,25789768,289942,13316239,207158,11378965,284,1094564,279113,6283801,216808,10381534,282506,16665335,
All CA and Non-CA Counties,2021-04-16,480099,26269867,270227,13586466,209559,11588524,313,1094877,256352,6320358,222535,10604069,259092,16924427,
All CA and Non-CA Counties,2021-04-17,346371,26616238,194334,13780800,151981,11740505,59,1094936,196863,6371735,148704,10752773,200081,17124508,
All CA and Non-CA Counties,2021-04-18,156431,26772669,99180,13879980,57232,11797737,19,1094955,80397,6379535,75629,10828402,83429,17207937,
All CA and Non-CA Counties,2021-04-19,321337,27094006,185089,14065069,136157,11933894,91,1095046,152152,6365371,168288,10996690,154124,17362061,
All CA and Non-CA Counties,2021-04-20,411871,27505877,218705,14283774,193095,12126989,71,1095117,204740,6367164,206104,11202794,207897,17569958,
All CA and Non-CA Counties,2021-04-21,426057,27931934,240480,14524254,185310,12312299,267,1095384,203998,6353914,220639,11423433,207389,17777347,
All CA and Non-CA Counties,2021-04-22,452738,28384672,257510,14781764,195148,12507447,80,1095464,201594,6309019,249773,11673206,204878,17982225,
All CA and Non-CA Counties,2021-04-23,443163,28827835,252037,15033801,191037,12698484,89,1095553,200369,6271414,241389,11914595,203784,18186009,
All CA and Non-CA Counties,2021-04-24,329304,29157139,207442,15241243,121685,12820169,177,1095730,166850,6280208,161495,12076090,170289,18356298,
All CA and Non-CA Counties,2021-04-25,151600,29308739,99750,15340993,51781,12871950,69,1095799,81549,6293670,69598,12145688,83060,18439358,
All CA and Non-CA Counties,2021-04-26,302317,29611056,174259,15515252,126510,12998460,1548,1097347,132432,6263334,168894,12314582,138558,18577916,
All CA and Non-CA Counties,2021-04-27,365101,29976157,201109,15716361,157556,13156016,6436,1103783,146791,6202551,217186,12531768,156403,18734319,
All CA and Non-CA Counties,2021-04-28,355536,30331693,203219,15919580,144057,13300073,8260,1112043,146271,6151210,208187,12739955,156846,18891165,
All CA and Non-CA Counties,2021-04-29,364824,30696517,209539,16129119,146976,13447049,8309,1120352,133508,6064706,230162,12970117,143658,19034823,
All CA and Non-CA Counties,2021-04-30,376735,31073252,215518,16344637,151936,13598985,9281,1129633,142322,5985106,233146,13203263,153546,19188369,
All CA and Non-CA Counties,2021-05-01,250412,31323664,160008,16504645,83939,13682924,6465,1136098,90929,5926044,158669,13361932,99607,19287976,
All CA and Non-CA Counties,2021-05-02,118637,31442301,82695,16587340,31951,13714875,3991,1140089,41734,5895632,76513,13438445,46101,19334077,
All CA and Non-CA Counties,2021-05-03,254406,31696707,156454,16743794,88989,13803864,8963,1149052,77443,5806745,176146,13614591,87259,19421336,
All CA and Non-CA Counties,2021-05-04,329076,32025783,200233,16944027,118659,13922523,10184,1159236,97519,5685096,230510,13845101,108861,19530197,
All CA and Non-CA Counties,2021-05-05,333135,32358918,206577,17150604,116191,14038714,10367,1169603,94322,5553146,237615,14082716,105665,19635862,
All CA and Non-CA Counties,2021-05-06,352323,32711241,229660,17380264,111789,14150503,10874,1180477,90097,5395998,260623,14343339,103475,19739337,
All CA and Non-CA Counties,2021-05-07,349185,33060426,218527,17598791,120444,14270947,10214,1190691,95372,5250335,252469,14595808,106806,19846143,
All CA and Non-CA Counties,2021-05-08,226710,33287136,143967,17742758,75812,14346759,6931,1197622,62751,5158410,163048,14758856,71123,19917266,
All CA and Non-CA Counties,2021-05-09,94505,33381641,71036,17813794,20369,14367128,3100,1200722,26067,5119903,68110,14826966,29603,19946869,
All CA and Non-CA Counties,2021-05-10,203255,33584896,115461,17929255,79707,14446835,8087,1208809,51039,5028874,151428,14978394,60399,20007268,
All CA and Non-CA Counties,2021-05-11,262579,33847475,147128,18076383,107040,14553875,8411,1217220,69836,4916939,191846,15170240,79911,20087179,
All CA and Non-CA Counties,2021-05-12,264909,34112384,153081,18229464,102654,14656529,9174,1226394,75082,4813511,188822,15359062,85394,20172573,
All CA and Non-CA Counties,2021-05-13,297270,34409654,191766,18421230,98258,14754787,7246,1233640,112279,4751631,183927,15542989,122047,20294620,
All CA and Non-CA Counties,2021-05-14,335607,34745261,214304,18635534,112302,14867089,9001,1242641,132730,4693737,201724,15744713,143830,20438450,
All CA and Non-CA Counties,2021-05-15,276583,35021844,193064,18828598,77470,14944559,6049,1248690,113818,4652627,161941,15906654,120831,20559281,
All CA and Non-CA Counties,2021-05-16,137132,35158976,104921,18933519,29226,14973785,2985,1251675,55663,4630632,81033,15987687,59038,20618319,
All CA and Non-CA Counties,2021-05-17,240302,35399278,158043,19091562,74702,15048487,7557,1259232,97253,4594121,142188,16129875,105677,20723996,
All CA and Non-CA Counties,2021-05-18,280991,35680269,171220,19262782,102128,15150615,7643,1266875,112945,4549243,166939,16296814,122061,20846057,
All CA and Non-CA Counties,2021-05-19,275699,35955968,171913,19434695,96026,15246641,7760,1274635,116145,4515724,158539,16455353,125020,20971077,
All CA and Non-CA Counties,2021-05-20,226559,36182527,135590,19570285,83405,15330046,7564,1282199,89113,4477196,136491,16591844,97963,21069040,
All CA and Non-CA Counties,2021-05-21,246856,36429383,152983,19723268,86399,15416445,7474,1289673,96411,4432799,149384,16741228,104987,21174027,
All CA and Non-CA Counties,2021-05-22,175928,36605311,118480,19841748,51726,15468171,5722,1295395,77304,4418798,97992,16839220,83991,21258018,
All CA and Non-CA Counties,2021-05-23,67515,36672826,50178,19891926,15053,15483224,2284,1297679,31459,4417065,35752,16874972,34019,21292037,
All CA and Non-CA Counties,2021-05-24,168195,36841021,97564,19989490,62104,15545328,8527,1306206,64010,4387018,103420,16978392,73373,21365410,
All CA and Non-CA Counties,2021-05-25,190238,37031259,111785,20101275,70212,15615540,8241,1314447,74099,4355309,115161,17093553,83452,21448862,
All CA and Non-CA Counties,2021-05-26,183983,37215242,105557,20206832,70396,15685936,8030,1322477,73047,4327381,109880,17203433,81952,21530814,
All CA and Non-CA Counties,2021-05-27,172302,37387544,98405,20305237,65160,15751096,8737,1331214,70865,4307514,100635,17304068,80768,21611582,
All CA and Non-CA Counties,2021-05-28,188454,37575998,108913,20414150,72238,15823334,7303,1338517,82407,4293373,105148,17409216,91007,21702589,
All CA and Non-CA Counties,2021-05-29,107320,37683318,65856,20480006,37371,15860705,4093,1342610,51505,4294266,55294,17464510,56187,21758776,
All CA and Non-CA Counties,2021-05-30,47649,37730967,31442,20511448,13641,15874346,2566,1345176,21539,4292759,25888,17490398,24381,21783157,
All CA and Non-CA Counties,2021-05-31,20165,37751132,11861,20523309,7294,15881640,1010,1346186,6755,4287387,13273,17503671,7901,21791058,
All CA and Non-CA Counties,2021-06-01,168647,37919779,98563,20621872,62821,15944461,7263,1353449,64013,4255989,103697,17607368,72299,21863357,
All CA and Non-CA Counties,2021-06-02,142999,38062778,84615,20706487,51011,15995472,7373,1360822,56450,4234911,85684,17693052,64606,21927963,
All CA and Non-CA Counties,2021-06-03,170515,38233293,116473,20822960,46830,16042302,7212,1368034,57998,4189494,111726,17804778,66309,21994272,
All CA and Non-CA Counties,2021-06-04,197699,38430992,139407,20962367,51988,16094290,6304,1374338,62771,4126590,133956,17938734,71052,22065324,
All CA and Non-CA Counties,2021-06-05,155009,38586001,117522,21079889,32313,16126603,5174,1379512,45636,4069844,108623,18047357,51877,22117201,
All CA and Non-CA Counties,2021-06-06,62433,38648434,52402,21132291,7799,16134402,2232,1381744,18976,4048777,43178,18090535,22111,22139312,
All CA and Non-CA Counties,2021-06-07,133032,38781466,97777,21230068,29374,16163776,5881,1387625,40466,4003912,92010,18182545,47145,22186457,
All CA and Non-CA Counties,2021-06-08,81042,38862508,61041,21291109,15391,16179167,4610,1392235,22213,3972969,58367,18240912,27424,22213881,
Outside California,2020-12-15,8,8,8,8,0,0,0,0,8,8,0,0,8,8,Not in California
Outside California,2020-12-16,274,282,274,282,0,0,0,0,274,282,0,0,274,282,Not in California
Outside California,2020-12-17,1608,1890,1608,1890,0,0,0,0,1608,1890,0,0,1608,1890,Not in California
Outside California,2020-12-18,2558,4448,2551,4441,7,7,0,0,2558,4448,0,0,2558,4448,Not in California
Outside California,2020-12-19,1037,5485,1036,5477,1,8,0,0,1037,5485,0,0,1037,5485,Not in California
Outside California,2020-12-20,680,6165,677,6154,3,11,0,0,680,6165,0,0,680,6165,Not in California
Outside California,2020-12-21,2183,8348,2180,8334,3,14,0,0,2183,8348,0,0,2183,8348,Not in California
Outside California,2020-12-22,2083,10431,2008,10342,75,89,0,0,2083,10431,0,0,2083,10431,Not in California
Outside California,2020-12-23,1536,11967,1394,11736,142,231,0,0,1535,11965,1,1,1535,11966,Not in California
Outside California,2020-12-24,806,12773,612,12348,194,425,0,0,806,12771,0,1,806,12772,Not in California
Outside California,2020-12-25,35,12808,30,12378,5,430,0,0,35,12806,0,1,35,12807,Not in California
Outside California,2020-12-26,307,13115,205,12583,102,532,0,0,307,13113,0,1,307,13114,Not in California
Outside California,2020-12-27,189,13304,72,12655,117,649,0,0,189,13302,0,1,189,13303,Not in California
Outside California,2020-12-28,1418,14722,898,13553,520,1169,0,0,1418,14720,0,1,1418,14721,Not in California
Outside California,2020-12-29,1523,16245,1011,14564,512,1681,0,0,1523,16243,0,1,1523,16244,Not in California
Outside California,2020-12-30,1877,18122,1227,15791,650,2331,0,0,1877,18120,0,1,1877,18121,Not in California
Outside California,2020-12-31,1092,19214,601,16392,491,2822,0,0,1091,19210,1,2,1091,19212,Not in California
Outside California,2021-01-01,112,19326,25,16417,87,2909,0,0,112,19322,0,2,112,19324,Not in California
Outside California,2021-01-02,240,19566,133,16550,107,3016,0,0,239,19560,1,3,239,19563,Not in California
Outside California,2021-01-03,172,19738,91,16641,81,3097,0,0,172,19732,0,3,172,19735,Not in California
Outside California,2021-01-04,1150,20888,508,17149,642,3739,0,0,1145,20876,1,4,1145,20880,Not in California
Outside California,2021-01-05,1550,22438,821,17970,729,4468,0,0,1357,22043,191,195,1358,22238,Not in California
Outside California,2021-01-06,2704,25142,1598,19568,1106,5574,0,0,1960,23262,741,936,1960,24198,Not in California
Outside California,2021-01-07,4157,29299,2539,22107,1618,7192,0,0,2494,24100,1661,2597,2499,26697,Not in California
Outside California,2021-01-08,4499,33798,2920,25027,1579,8771,0,0,2618,24852,1871,4468,2623,29320,Not in California
Outside California,2021-01-09,1307,35105,530,25557,777,9548,0,0,979,25506,327,4795,981,30301,Not in California
Outside California,2021-01-10,300,35405,183,25740,117,9665,0,0,178,25562,122,4917,178,30479,Not in California
Outside California,2021-01-11,3290,38695,2005,27745,1285,10950,0,0,1956,26184,1334,6251,1956,32435,Not in California
Outside California,2021-01-12,3867,42562,2317,30062,1550,12500,0,0,2310,26944,1553,7804,2313,34748,Not in California
Outside California,2021-01-13,3671,46233,1803,31865,1868,14368,0,0,2486,28248,1185,8989,2489,37237,Not in California
Outside California,2021-01-14,3711,49944,1280,33145,2431,16799,0,0,3068,30688,630,9619,3070,40307,Not in California
Outside California,2021-01-15,4207,54151,999,34144,3208,20007,0,0,3736,33966,458,10077,3736,44043,Not in California
Outside California,2021-01-16,2690,56841,387,34531,2303,22310,0,0,2514,36306,174,10251,2514,46557,Not in California
Outside California,2021-01-17,500,57341,153,34684,347,22657,0,0,450,36706,50,10301,450,47007,Not in California
Outside California,2021-01-18,1202,58543,770,35454,432,23089,0,0,748,37001,453,10754,748,47755,Not in California
Outside California,2021-01-19,4064,62607,1322,36776,2742,25831,0,0,3177,39294,887,11641,3180,50935,Not in California
Outside California,2021-01-20,4407,67014,1410,38186,2997,28828,0,0,3469,41830,934,12575,3470,54405,Not in California
Outside California,2021-01-21,4159,71173,1132,39318,3027,31855,0,0,3596,44878,548,13123,3596,58001,Not in California
Outside California,2021-01-22,4560,75733,1099,40417,3461,35316,0,0,4155,48634,401,13524,4157,62158,Not in California
Outside California,2021-01-23,2223,77956,337,40754,1886,37202,0,0,2062,50535,161,13685,2062,64220,Not in California
Outside California,2021-01-24,592,78548,238,40992,354,37556,0,0,514,50971,78,13763,514,64734,Not in California
Outside California,2021-01-25,4428,82976,1898,42890,2530,40086,0,0,3559,53665,866,14629,3560,68294,Not in California
Outside California,2021-01-26,5770,88746,2772,45662,2998,43084,0,0,4921,57745,848,15477,4928,73222,Not in California
Outside California,2021-01-27,4804,93550,2497,48159,2307,45391,0,0,4178,61303,622,16099,4180,77402,Not in California
Outside California,2021-01-28,5042,98592,2685,50844,2357,47748,0,0,4513,65297,519,16618,4513,81915,Not in California
Outside California,2021-01-29,4733,103325,2926,53770,1807,49555,0,0,3933,68439,793,17411,3935,85850,Not in California
Outside California,2021-01-30,4294,107619,2280,56050,2014,51569,0,0,4063,72274,229,17640,4064,89914,Not in California
Outside California,2021-01-31,2888,110507,2482,58532,406,51975,0,0,2834,75056,53,17693,2835,92749,Not in California
Outside California,2021-02-01,5350,115857,2470,61002,2880,54855,0,0,4643,79000,699,18392,4643,97392,Not in California
Outside California,2021-02-02,6614,122471,2067,63069,4547,59402,0,0,5897,84187,710,19102,5897,103289,Not in California
Outside California,2021-02-03,7220,129691,1991,65060,5229,64631,0,0,6347,89669,866,19968,6348,109637,Not in California
Outside California,2021-02-04,6671,136362,2057,67117,4614,69245,0,0,5674,94356,988,20956,5675,115312,Not in California
Outside California,2021-02-05,6671,143033,2098,69215,4573,73818,0,0,5592,98875,1073,22029,5592,120904,Not in California
Outside California,2021-02-06,4237,147270,1972,71187,2265,76083,0,0,3772,102194,456,22485,3775,124679,Not in California
Outside California,2021-02-07,2028,149298,1641,72828,387,76470,0,0,1950,104068,78,22563,1952,126631,Not in California
Outside California,2021-02-08,4937,154235,2975,75803,1962,78432,0,0,3875,106892,1051,23614,3875,130506,Not in California
Outside California,2021-02-09,4116,158351,1763,77566,2353,80785,0,0,2816,108432,1290,24904,2830,133336,Not in California
Outside California,2021-02-10,5467,163818,1811,79377,3656,84441,0,0,3033,109080,2426,27330,3074,136410,Not in California
Outside California,2021-02-11,4711,168529,2134,81511,2577,87018,0,0,3402,111201,1299,28629,3420,139830,Not in California
Outside California,2021-02-12,5194,173723,1900,83411,3294,90312,0,0,3368,112760,1813,30442,3372,143202,Not in California
Outside California,2021-02-13,2368,176091,686,84097,1682,91994,0,0,1811,114027,556,30998,1823,145025,Not in California
Outside California,2021-02-14,1309,177400,387,84484,922,92916,0,0,1069,114862,236,31234,1071,146096,Not in California
Outside California,2021-02-15,2468,179868,1465,85949,1003,93919,0,0,1203,114816,1252,32486,1206,147302,Not in California
Outside California,2021-02-16,6279,186147,2752,88701,3527,97446,0,0,2543,113638,3725,36211,2547,149849,Not in California
Outside California,2021-02-17,5742,191889,2791,91492,2951,100397,0,0,1816,111538,3921,40132,1821,151670,Not in California
Outside California,2021-02-18,6218,198107,3525,95017,2693,103090,0,0,2043,109424,4157,44289,2043,153713,Not in California
Outside California,2021-02-19,5512,203619,3770,98787,1742,104832,0,0,2390,108699,3117,47406,2392,156105,Not in California
Outside California,2021-02-20,3175,206794,2525,101312,650,105482,0,0,1240,108009,1931,49337,1241,157346,Not in California
Outside California,2021-02-21,2574,209368,2357,103669,217,105699,0,0,845,107131,1724,51061,846,158192,Not in California
Outside California,2021-02-22,3374,212742,2438,106107,936,106635,0,0,1627,107018,1744,52805,1631,159823,Not in California
Outside California,2021-02-23,5875,218617,3270,109377,2605,109240,0,0,2329,105822,3539,56344,2343,162166,Not in California
Outside California,2021-02-24,6280,224897,3446,112823,2834,112074,0,0,2451,104455,3823,60167,2456,164622,Not in California
Outside California,2021-02-25,6765,231662,3410,116233,3355,115429,0,0,3063,103850,3672,63839,3067,167689,Not in California
Outside California,2021-02-26,6710,238372,3502,119735,3208,118637,0,0,3091,103404,3538,67377,3092,170781,Not in California
Outside California,2021-02-27,5334,243706,2621,122356,2712,121349,1,1,1878,101841,3445,70822,1882,172663,Not in California
Outside California,2021-02-28,2272,245978,1619,123975,652,122001,1,2,795,101163,1475,72297,797,173460,Not in California
Outside California,2021-03-01,4645,250623,2855,126830,1789,123790,1,3,1347,99226,3290,75587,1353,174813,Not in California
Outside California,2021-03-02,6585,257208,2369,129199,4216,128006,0,3,2056,96767,4517,80104,2058,176871,Not in California
Outside California,2021-03-03,7800,265008,3001,132200,4797,132803,2,5,2669,94325,5117,85221,2675,179546,Not in California
Outside California,2021-03-04,6701,271709,2798,134998,3897,136700,6,11,2310,92268,4375,89596,2318,181864,Not in California
Outside California,2021-03-05,5218,276927,2613,137611,2591,139291,14,25,2718,92519,2489,92085,2740,184604,Not in California
Outside California,2021-03-06,4566,281493,2103,139714,2308,141599,155,180,2328,92775,2236,94321,2492,187096,Not in California
Outside California,2021-03-07,1561,283054,1000,140714,504,142103,57,237,956,93186,604,94925,1015,188111,Not in California
Outside California,2021-03-08,3082,286136,1832,142546,1014,143117,236,473,2192,94760,861,95786,2435,190546,Not in California
Outside California,2021-03-09,4668,290804,2405,144951,1961,145078,302,775,2776,95950,1888,97674,3078,193624,Not in California
Outside California,2021-03-10,4360,295164,2091,147042,1767,146845,502,1277,2704,97516,1647,99321,3213,196837,Not in California
Outside California,2021-03-11,6107,301271,3129,150171,2313,149158,665,1942,3300,98681,2801,102122,3966,200803,Not in California
Outside California,2021-03-12,6421,307692,3871,154042,1831,150989,719,2661,3566,100122,2847,104969,4288,205091,Not in California
Outside California,2021-03-13,3743,311435,2179,156221,1109,152098,455,3116,2561,101971,1174,106143,3023,208114,Not in California
Outside California,2021-03-14,1792,313227,930,157151,524,152622,338,3454,982,102482,810,106953,1321,209435,Not in California
Outside California,2021-03-15,4018,317245,2111,159262,1447,154069,460,3914,2150,103233,1863,108816,2614,212049,Not in California
Outside California,2021-03-16,7503,324748,4369,163631,2750,156819,384,4298,4179,104471,3321,112137,4559,216608,Not in California
Outside California,2021-03-17,8394,333142,5444,169075,2579,159398,371,4669,5051,106555,3339,115476,5423,222031,Not in California
Outside California,2021-03-18,8298,341440,5127,174202,2633,162031,538,5207,4805,108413,3485,118961,5343,227374,Not in California
Outside California,2021-03-19,7314,348754,4336,178538,2433,164464,545,5752,4386,110425,2923,121884,4935,232309,Not in California
Outside California,2021-03-20,4739,353493,3130,181668,1522,165986,87,5839,3631,113044,1100,122984,3719,236028,Not in California
Outside California,2021-03-21,2071,355564,1425,183093,559,166545,87,5926,1657,114376,412,123396,1744,237772,Not in California
Outside California,2021-03-22,3247,358811,1958,185051,1201,167746,88,6014,2229,115681,1012,124408,2317,240089,Not in California
Outside California,2021-03-23,6063,364874,3089,188140,2671,170417,303,6317,4115,118165,1934,126342,4418,244507,Not in California
Outside California,2021-03-24,7329,372203,3763,191903,3119,173536,447,6764,5066,121420,2256,128598,5511,250018,Not in California
Outside California,2021-03-25,8272,380475,3847,195750,3901,177437,524,7288,6024,125732,2236,130834,6548,256566,Not in California
Outside California,2021-03-26,6655,387130,3520,199270,2962,180399,173,7461,4398,128070,2232,133066,4570,261136,Not in California
Outside California,2021-03-27,5533,392663,3112,202382,2207,182606,214,7675,3477,129713,2047,135113,3690,264826,Not in California
Outside California,2021-03-28,3075,395738,1647,204029,1267,183873,161,7836,1987,130778,1083,136196,2148,266974,Not in California
Outside California,2021-03-29,5154,400892,2289,206318,2521,186394,344,8180,2943,131857,2208,138404,3287,270261,Not in California
Outside California,2021-03-30,6867,407759,3617,209935,2686,189080,564,8744,4057,133685,2800,141204,4628,274889,Not in California
Outside California,2021-03-31,6333,414092,3784,213719,1771,190851,778,9522,3363,134859,2964,144168,4138,279027,Not in California
Outside California,2021-04-01,7499,421591,4484,218203,2370,193221,645,10167,4330,136664,3161,147329,4966,283993,Not in California
Outside California,2021-04-02,8479,430070,4529,222732,2807,196028,1143,11310,4396,138127,4074,151403,5537,289530,Not in California
Outside California,2021-04-03,6184,436254,3687,226419,1340,197368,1157,12467,3262,139631,2914,154317,4418,293948,Not in California
Outside California,2021-04-04,1776,438030,873,227292,669,198037,234,12701,973,140034,802,155119,1205,295153,Not in California
Outside California,2021-04-05,4107,442137,1985,229277,1457,199494,665,13366,1954,140504,2148,157267,2618,297771,Not in California
Outside California,2021-04-06,7163,449300,3861,233138,1663,201157,1639,15005,2878,140748,4269,161536,4513,302284,Not in California
Outside California,2021-04-07,8202,457502,4614,237752,1891,203048,1697,16702,3186,140613,5009,166545,4874,307158,Not in California
Outside California,2021-04-08,8142,465644,4227,241979,1974,205022,1941,18643,3187,140785,4945,171490,5117,312275,Not in California
Outside California,2021-04-09,7525,473169,3863,245842,1709,206731,1953,20596,2891,141023,4625,176115,4863,317138,Not in California
Outside California,2021-04-10,6140,479309,3037,248879,1242,207973,1861,22457,1724,140193,4407,180522,3577,320715,Not in California
Outside California,2021-04-11,2835,482144,1547,250426,650,208623,638,23095,953,139907,1879,182401,1593,322308,Not in California
Outside California,2021-04-12,4094,486238,2278,252704,1264,209887,552,23647,1803,139980,2283,184684,2356,324664,Not in California
Outside California,2021-04-13,5789,492027,3706,256410,2058,211945,25,23672,2984,140192,2799,187483,3011,327675,Not in California
Outside California,2021-04-14,5315,497342,3369,259779,1942,213887,4,23676,2887,140663,2423,189906,2894,330569,Not in California
Outside California,2021-04-15,6134,503476,3868,263647,2260,216147,6,23682,3291,141172,2791,192697,3300,333869,Not in California
Outside California,2021-04-16,5838,509314,3342,266989,2490,218637,6,23688,3241,141834,2587,195284,3249,337118,Not in California
Outside California,2021-04-17,5390,514704,3357,270346,2032,220669,1,23689,3078,142608,2304,197588,3078,340196,Not in California
Outside California,2021-04-18,2099,516803,1170,271516,928,221597,1,23690,998,142513,1095,198683,1000,341196,Not in California
Outside California,2021-04-19,4119,520922,1986,273502,2132,223729,1,23691,2114,142636,1995,200678,2118,343314,Not in California
Outside California,2021-04-20,5357,526279,2437,275939,2920,226649,0,23691,2188,141663,3161,203839,2188,345502,Not in California
Outside California,2021-04-21,6344,532623,2646,278585,3694,230343,4,23695,2242,139827,4082,207921,2246,347748,Not in California
Outside California,2021-04-22,6723,539346,3424,282009,3295,233638,4,23699,2430,137982,4281,212202,2436,350184,Not in California
Outside California,2021-04-23,5841,545187,2967,284976,2873,236511,1,23700,2368,136895,3458,215660,2371,352555,Not in California
Outside California,2021-04-24,4524,549711,2937,287913,1582,238093,5,23705,1784,135952,2735,218395,1792,354347,Not in California
Outside California,2021-04-25,2202,551913,1243,289156,957,239050,2,23707,1162,136083,1036,219431,1167,355514,Not in California
Outside California,2021-04-26,4066,555979,1784,290940,2256,241306,26,23733,1851,135753,2207,221638,1877,357391,Not in California
Outside California,2021-04-27,5467,561446,2005,292945,3124,244430,338,24071,1903,134447,3555,225193,2249,359640,Not in California
Outside California,2021-04-28,4833,566279,2052,294997,2387,246817,394,24465,1883,133787,2938,228131,2278,361918,Not in California
Outside California,2021-04-29,4820,571099,2205,297202,2184,249001,431,24896,1807,133033,2992,231123,2238,364156,Not in California
Outside California,2021-04-30,4883,575982,2348,299550,2116,251117,419,25315,1825,132235,3045,234168,2247,366403,Not in California
Outside California,2021-05-01,3157,579139,1821,301371,908,252025,428,25743,1251,132018,1896,236064,1679,368082,Not in California
Outside California,2021-05-02,1856,580995,1079,302450,654,252679,123,25866,834,131955,1020,237084,957,369039,Not in California
Outside California,2021-05-03,2868,583863,1560,304010,1028,253707,280,26146,1118,131607,1746,238830,1398,370437,Not in California
Outside California,2021-05-04,3922,587785,2096,306106,1385,255092,441,26587,1314,130758,2602,241432,1753,372190,Not in California
Outside California,2021-05-05,4236,592021,2297,308403,1572,256664,367,26954,1485,129871,2742,244174,1855,374045,Not in California
Outside California,2021-05-06,4464,596485,2733,311136,1392,258056,339,27293,1573,128898,2885,247059,1912,375957,Not in California
Outside California,2021-05-07,4622,601107,2601,313737,1634,259690,387,27680,1663,128002,2946,250005,2050,378007,Not in California
Outside California,2021-05-08,3334,604441,2209,315946,880,260570,245,27925,1202,127327,2123,252128,1448,379455,Not in California
Outside California,2021-05-09,1364,605805,906,316852,335,260905,123,28048,590,127269,770,252898,712,380167,Not in California
Outside California,2021-05-10,2605,608410,1178,318030,1100,262005,327,28375,995,126989,1604,254502,1324,381491,Not in California
Outside California,2021-05-11,2831,611241,1325,319355,1224,263229,282,28657,1085,126614,1745,256247,1370,382861,Not in California
Outside California,2021-05-12,3077,614318,1444,320799,1314,264543,319,28976,1213,126285,1859,258106,1530,384391,Not in California
Outside California,2021-05-13,2817,617135,1618,322417,998,265541,201,29177,1254,126182,1557,259663,1454,385845,Not in California
Outside California,2021-05-14,3535,620670,1988,324405,1309,266850,238,29415,1623,126140,1905,261568,1863,387708,Not in California
Outside California,2021-05-15,2632,623302,1545,325950,944,267794,143,29558,1156,125970,1472,263040,1302,389010,Not in California
Outside California,2021-05-16,1624,624926,1035,326985,520,268314,69,29627,746,125910,875,263915,815,389825,Not in California
Outside California,2021-05-17,3076,628002,1645,328630,1199,269513,232,29859,1367,125805,1705,265620,1600,391425,Not in California
Outside California,2021-05-18,3224,631226,1635,330265,1276,270789,313,30172,1495,125898,1718,267338,1811,393236,Not in California
Outside California,2021-05-19,3323,634549,1684,331949,1372,272161,267,30439,1496,125840,1821,269159,1763,394999,Not in California
Outside California,2021-05-20,2148,636697,1208,333157,740,272901,200,30639,1019,125940,1122,270281,1222,396221,Not in California
Outside California,2021-05-21,2334,639031,1362,334519,747,273648,225,30864,1049,125938,1277,271558,1275,397496,Not in California
Outside California,2021-05-22,2166,641197,1527,336046,459,274107,180,31044,1292,126539,869,272427,1470,398966,Not in California
Outside California,2021-05-23,1060,642257,782,336828,216,274323,62,31106,573,126689,486,272913,636,399602,Not in California
Outside California,2021-05-24,2433,644690,1188,338016,899,275222,346,31452,1113,126836,1312,274225,1459,401061,Not in California
Outside California,2021-05-25,2358,647048,1102,339118,929,276151,327,31779,1050,126913,1298,275523,1375,402436,Not in California
Outside California,2021-05-26,2344,649392,1079,340197,913,277064,352,32131,992,126913,1345,276868,1345,403781,Not in California
Outside California,2021-05-27,2177,651569,1098,341295,793,277857,286,32417,1026,127076,1148,278016,1311,405092,Not in California
Outside California,2021-05-28,2401,653970,1207,342502,845,278702,349,32766,1105,127242,1289,279305,1455,406547,Not in California
Outside California,2021-05-29,1677,655647,849,343351,472,279174,356,33122,736,127397,937,280242,1092,407639,Not in California
Outside California,2021-05-30,911,656558,558,343909,229,279403,124,33246,465,127544,443,280685,590,408229,Not in California
Outside California,2021-05-31,416,656974,181,344090,196,279599,39,33285,178,127536,226,280911,218,408447,Not in California
Outside California,2021-06-01,2107,659081,1099,345189,709,280308,299,33584,1059,127851,1044,281955,1359,409806,Not in California
Outside California,2021-06-02,2085,661166,1075,346264,666,280974,344,33928,1030,128180,1045,283000,1374,411180,Not in California
Outside California,2021-06-03,2175,663341,1219,347483,655,281629,301,34229,1059,128430,1109,284109,1359,412539,Not in California
Outside California,2021-06-04,2712,666053,1503,348986,889,282518,320,34549,1109,128262,1596,285705,1428,413967,Not in California
Outside California,2021-06-05,1896,667949,1279,350265,445,282963,172,34721,815,128172,1077,286782,987,414954,Not in California
Outside California,2021-06-06,944,668893,700,350965,159,283122,85,34806,458,128230,485,287267,543,415497,Not in California
Outside California,2021-06-07,2030,670923,1083,352048,616,283738,331,35137,822,128184,1198,288465,1152,416649,Not in California
Outside California,2021-06-08,1055,671978,528,352576,267,284005,260,35397,327,128046,723,289188,585,417234,Not in California
Unknown,2020-12-17,2,2,2,2,0,0,0,0,0,0,0,0,0,0,Not in California
Unknown,2020-12-18,1,3,1,3,0,0,0,0,0,0,0,0,0,0,Not in California
Unknown,2020-12-21,4,7,4,7,0,0,0,0,0,0,0,0,0,0,Not in California
Unknown,2020-12-28,2,9,2,9,0,0,0,0,2,2,0,0,2,2,Not in California
Unknown,2020-12-29,1,10,1,10,0,0,0,0,1,3,0,0,1,3,Not in California
Unknown,2020-12-30,54,64,54,64,0,0,0,0,54,57,0,0,54,57,Not in California
Unknown,2020-12-31,1,65,0,64,1,1,0,0,0,57,0,0,0,57,Not in California
Unknown,2021-01-02,1,66,0,64,1,2,0,0,1,58,0,0,1,58,Not in California
Unknown,2021-01-04,2,68,2,66,0,2,0,0,1,59,0,0,1,59,Not in California
Unknown,2021-01-06,6,74,4,70,2,4,0,0,6,65,0,0,6,65,Not in California
Unknown,2021-01-07,69,143,68,138,1,5,0,0,69,134,0,0,69,134,Not in California
Unknown,2021-01-09,1,144,1,139,0,5,0,0,2,136,0,0,2,136,Not in California
Unknown,2021-01-11,19,163,19,158,0,5,0,0,18,154,0,0,18,154,Not in California
Unknown,2021-01-12,8,171,7,165,1,6,0,0,6,160,1,1,7,161,Not in California
Unknown,2021-01-13,7,178,7,172,0,6,0,0,8,168,0,1,8,169,Not in California
Unknown,2021-01-14,3,181,3,175,0,6,0,0,3,171,0,1,3,172,Not in California
Unknown,2021-01-15,5,186,4,179,1,7,0,0,5,176,0,1,5,177,Not in California
Unknown,2021-01-16,6,192,6,185,0,7,0,0,6,182,0,1,6,183,Not in California
Unknown,2021-01-17,1,193,1,186,0,7,0,0,1,183,0,1,1,184,Not in California
Unknown,2021-01-18,34,227,34,220,0,7,0,0,33,215,1,2,33,217,Not in California
Unknown,2021-01-19,13,240,13,233,0,7,0,0,12,227,0,2,12,229,Not in California
Unknown,2021-01-20,67,307,67,300,0,7,0,0,17,192,52,54,17,246,Not in California
Unknown,2021-01-21,38,345,36,336,2,9,0,0,39,230,1,55,39,285,Not in California
Unknown,2021-01-22,23,368,18,354,5,14,0,0,23,253,0,55,23,308,Not in California
Unknown,2021-01-23,11,379,5,359,6,20,0,0,11,264,0,55,11,319,Not in California
Unknown,2021-01-24,2,381,2,361,0,20,0,0,3,267,0,55,3,322,Not in California
Unknown,2021-01-25,13,394,11,372,2,22,0,0,11,276,2,57,11,333,Not in California
Unknown,2021-01-26,59,453,59,431,0,22,0,0,62,338,0,57,62,395,Not in California
Unknown,2021-01-27,14,467,14,445,0,22,0,0,13,350,1,58,13,408,Not in California
Unknown,2021-01-28,117,584,115,560,2,24,0,0,61,352,59,117,61,469,Not in California
Unknown,2021-01-29,127,711,127,687,0,24,0,0,131,482,1,118,131,600,Not in California
Unknown,2021-01-30,9,720,7,694,2,26,0,0,12,493,1,119,12,612,Not in California
Unknown,2021-01-31,10,730,10,704,0,26,0,0,11,504,0,119,11,623,Not in California
Unknown,2021-02-01,35,765,33,737,2,28,0,0,19,505,18,137,19,642,Not in California
Unknown,2021-02-02,42,807,41,778,1,29,0,0,37,538,4,141,37,679,Not in California
Unknown,2021-02-03,21,828,20,798,1,30,0,0,13,543,8,149,13,692,Not in California
Unknown,2021-02-04,43,871,39,837,4,34,0,0,39,578,4,153,39,731,Not in California
Unknown,2021-02-05,16,887,12,849,4,38,0,0,12,586,4,157,12,743,Not in California
Unknown,2021-02-06,10,897,10,859,0,38,0,0,6,586,6,163,6,749,Not in California
Unknown,2021-02-07,5,902,5,864,0,38,0,0,5,591,0,163,5,754,Not in California
Unknown,2021-02-08,31,933,29,893,2,40,0,0,8,576,23,186,8,762,Not in California
Unknown,2021-02-09,13,946,13,906,0,40,0,0,5,572,9,195,5,767,Not in California
Unknown,2021-02-10,20,966,16,922,4,44,0,0,8,567,13,208,8,775,Not in California
Unknown,2021-02-11,48,1014,47,969,1,45,0,0,21,560,28,236,21,796,Not in California
Unknown,2021-02-12,21,1035,17,986,4,49,0,0,6,551,15,251,6,802,Not in California
Unknown,2021-02-13,9,1044,2,988,7,56,0,0,7,556,2,253,7,809,Not in California
Unknown,2021-02-14,3,1047,1,989,2,58,0,0,2,557,1,254,2,811,Not in California
Unknown,2021-02-15,35,1082,30,1019,5,63,0,0,26,576,7,261,26,837,Not in California
Unknown,2021-02-16,65,1147,56,1075,9,72,0,0,25,561,40,301,25,862,Not in California
Unknown,2021-02-17,7,1154,5,1080,2,74,0,0,2,559,4,305,2,864,Not in California
Unknown,2021-02-18,61,1215,56,1136,5,79,0,0,12,522,49,354,12,876,Not in California
Unknown,2021-02-19,160,1375,155,1291,5,84,0,0,41,445,118,472,41,917,Not in California
Unknown,2021-02-20,4,1379,4,1295,0,84,0,0,0,441,4,476,0,917,Not in California
Unknown,2021-02-21,9,1388,9,1304,0,84,0,0,0,432,9,485,0,917,Not in California
Unknown,2021-02-22,2,1390,2,1306,0,84,0,0,1,432,1,486,1,918,Not in California
Unknown,2021-02-23,44,1434,32,1338,12,96,0,0,12,413,31,517,12,930,Not in California
Unknown,2021-02-24,20,1454,13,1351,7,103,0,0,10,413,10,527,10,940,Not in California
Unknown,2021-02-25,53,1507,40,1391,13,116,0,0,20,399,34,561,20,960,Not in California
Unknown,2021-02-26,33,1540,20,1411,13,129,0,0,18,404,13,574,18,978,Not in California
Unknown,2021-02-27,15,1555,10,1421,5,134,0,0,9,409,4,578,9,987,Not in California
Unknown,2021-02-28,15,1570,12,1433,3,137,0,0,8,412,5,583,8,995,Not in California
Unknown,2021-03-01,26,1596,12,1445,14,151,0,0,13,413,12,595,13,1008,Not in California
Unknown,2021-03-02,17,1613,5,1450,12,163,0,0,11,419,5,600,11,1019,Not in California
Unknown,2021-03-03,7,1620,3,1453,4,167,0,0,5,423,1,601,5,1024,Not in California
Unknown,2021-03-04,24,1644,21,1474,3,170,0,0,9,418,14,615,9,1033,Not in California
Unknown,2021-03-05,18,1662,9,1483,9,179,0,0,16,430,4,619,16,1049,Not in California
Unknown,2021-03-06,15,1677,9,1492,4,183,2,2,14,443,3,622,16,1065,Not in California
Unknown,2021-03-08,29,1706,22,1514,6,189,1,3,7,429,22,644,8,1073,Not in California
Unknown,2021-03-09,26,1732,21,1535,2,191,3,6,7,418,21,665,10,1083,Not in California
Unknown,2021-03-10,8,1740,5,1540,1,192,2,8,5,421,4,669,7,1090,Not in California
Unknown,2021-03-11,24,1764,8,1548,2,194,14,22,6,423,18,687,20,1110,Not in California
Unknown,2021-03-12,52,1816,39,1587,8,202,5,27,11,398,41,728,16,1126,Not in California
Unknown,2021-03-13,14,1830,3,1590,7,209,4,31,5,397,10,738,9,1135,Not in California
Unknown,2021-03-14,7,1837,2,1592,3,212,2,33,3,398,4,742,5,1140,Not in California
Unknown,2021-03-15,23,1860,6,1598,15,227,2,35,15,406,9,751,17,1157,Not in California
Unknown,2021-03-16,37,1897,13,1611,20,247,4,39,19,412,17,768,23,1180,Not in California
Unknown,2021-03-17,33,1930,12,1623,20,267,1,40,28,438,3,771,29,1209,Not in California
Unknown,2021-03-18,26,1956,14,1637,12,279,0,40,14,442,10,781,14,1223,Not in California
Unknown,2021-03-19,22,1978,13,1650,9,288,0,40,16,451,7,788,16,1239,Not in California
Unknown,2021-03-20,19,1997,11,1661,8,296,0,40,9,453,7,795,9,1248,Not in California
Unknown,2021-03-21,14,2011,9,1670,5,301,0,40,12,463,2,797,12,1260,Not in California
Unknown,2021-03-22,25,2036,9,1679,15,316,1,41,11,466,9,806,12,1272,Not in California
Unknown,2021-03-23,21,2057,7,1686,9,325,5,46,10,471,10,816,15,1287,Not in California
Unknown,2021-03-24,20,2077,7,1693,13,338,0,46,15,481,5,821,15,1302,Not in California
Unknown,2021-03-25,24,2101,12,1705,12,350,0,46,17,492,6,827,17,1319,Not in California
Unknown,2021-03-26,26,2127,12,1717,9,359,5,51,13,499,11,838,18,1337,Not in California
Unknown,2021-03-27,28,2155,14,1731,11,370,3,54,16,502,16,854,19,1356,Not in California
Unknown,2021-03-28,13,2168,5,1736,8,378,0,54,10,509,3,857,10,1366,Not in California
Unknown,2021-03-29,27,2195,10,1746,16,394,1,55,18,520,8,865,19,1385,Not in California
Unknown,2021-03-30,25,2220,13,1759,12,406,0,55,17,529,8,873,17,1402,Not in California
Unknown,2021-03-31,26,2246,14,1773,12,418,0,55,19,540,8,881,19,1421,Not in California
Unknown,2021-04-01,17,2263,12,1785,5,423,0,55,13,550,3,884,13,1434,Not in California
Unknown,2021-04-02,35,2298,14,1799,12,435,9,64,15,554,20,904,24,1458,Not in California
Unknown,2021-04-03,18,2316,8,1807,10,445,0,64,9,554,9,913,9,1467,Not in California
Unknown,2021-04-04,13,2329,4,1811,9,454,0,64,9,560,3,916,9,1476,Not in California
Unknown,2021-04-05,23,2352,11,1822,11,465,1,65,11,561,11,927,12,1488,Not in California
Unknown,2021-04-06,18,2370,11,1833,6,471,1,66,11,565,8,935,12,1500,Not in California
Unknown,2021-04-07,31,2401,20,1853,10,481,1,67,25,585,6,941,26,1526,Not in California
Unknown,2021-04-08,29,2430,17,1870,7,488,5,72,14,590,16,957,21,1547,Not in California
Unknown,2021-04-09,26,2456,18,1888,8,496,0,72,20,604,6,963,20,1567,Not in California
Unknown,2021-04-10,8,2464,7,1895,1,497,0,72,5,604,5,968,5,1572,Not in California
Unknown,2021-04-11,8,2472,5,1900,3,500,0,72,3,603,4,972,3,1575,Not in California
Unknown,2021-04-12,30,2502,16,1916,13,513,1,73,14,601,17,989,15,1590,Not in California
Unknown,2021-04-13,32,2534,16,1932,16,529,0,73,13,595,19,1008,13,1603,Not in California
Unknown,2021-04-14,21,2555,4,1936,17,546,0,73,6,584,17,1025,6,1609,Not in California
Unknown,2021-04-15,26,2581,12,1948,13,559,1,74,11,579,16,1041,11,1620,Not in California
Unknown,2021-04-16,17,2598,9,1957,8,567,0,74,6,575,10,1051,6,1626,Not in California
Unknown,2021-04-17,18,2616,12,1969,6,573,0,74,3,566,13,1064,4,1630,Not in California
Unknown,2021-04-18,15,2631,6,1975,9,582,0,74,6,562,10,1074,6,1636,Not in California
Unknown,2021-04-19,25,2656,14,1989,11,593,0,74,15,565,12,1086,15,1651,Not in California
Unknown,2021-04-20,19,2675,10,1999,9,602,0,74,5,554,16,1102,5,1656,Not in California
Unknown,2021-04-21,31,2706,12,2011,19,621,0,74,13,546,21,1123,13,1669,Not in California
Unknown,2021-04-22,19,2725,11,2022,8,629,0,74,4,535,15,1138,4,1673,Not in California
Unknown,2021-04-23,30,2755,14,2036,16,645,0,74,16,539,12,1150,16,1689,Not in California
Unknown,2021-04-24,20,2775,11,2047,9,654,0,74,13,543,9,1159,13,1702,Not in California
Unknown,2021-04-25,20,2795,9,2056,11,665,0,74,10,542,11,1170,10,1712,Not in California
Unknown,2021-04-26,29,2824,16,2072,13,678,0,74,15,542,15,1185,15,1727,Not in California
Unknown,2021-04-27,31,2855,14,2086,14,692,3,77,11,536,20,1205,14,1741,Not in California
Unknown,2021-04-28,25,2880,18,2104,5,697,2,79,7,527,18,1223,9,1750,Not in California
Unknown,2021-04-29,28,2908,18,2122,10,707,0,79,11,521,17,1240,11,1761,Not in California
Unknown,2021-04-30,25,2933,12,2134,9,716,4,83,14,527,12,1252,18,1779,Not in California
Unknown,2021-05-01,27,2960,21,2155,6,722,0,83,15,531,11,1263,15,1794,Not in California
Unknown,2021-05-02,11,2971,5,2160,6,728,0,83,3,527,7,1270,3,1797,Not in California
Unknown,2021-05-03,22,2993,15,2175,4,732,3,86,6,519,16,1286,8,1805,Not in California
Unknown,2021-05-04,18,3011,8,2183,6,738,4,90,5,513,15,1301,9,1814,Not in California
Unknown,2021-05-05,25,3036,7,2190,17,755,1,91,15,516,13,1314,16,1830,Not in California
Unknown,2021-05-06,28,3064,15,2205,6,761,7,98,10,513,20,1334,17,1847,Not in California
Unknown,2021-05-07,23,3087,12,2217,8,769,3,101,14,516,14,1348,17,1864,Not in California
Unknown,2021-05-08,11,3098,7,2224,2,771,2,103,5,518,5,1353,7,1871,Not in California
Unknown,2021-05-09,16,3114,4,2228,8,779,4,107,10,524,8,1361,14,1885,Not in California
Unknown,2021-05-10,16,3130,9,2237,4,783,3,110,6,520,13,1374,9,1894,Not in California
Unknown,2021-05-11,16,3146,9,2246,3,786,4,114,8,524,8,1382,12,1906,Not in California
Unknown,2021-05-12,56,3202,32,2278,15,801,9,123,40,555,18,1400,49,1955,Not in California
Unknown,2021-05-13,39,3241,33,2311,2,803,4,127,37,590,7,1407,42,1997,Not in California
Unknown,2021-05-14,18,3259,15,2326,2,805,1,128,16,599,7,1414,16,2013,Not in California
Unknown,2021-05-15,16,3275,14,2340,2,807,0,128,17,609,7,1421,17,2030,Not in California
Unknown,2021-05-16,20,3295,14,2354,5,812,1,129,14,617,7,1428,15,2045,Not in California
Unknown,2021-05-17,20,3315,15,2369,3,815,2,131,15,626,8,1436,17,2062,Not in California
Unknown,2021-05-18,30,3345,20,2389,8,823,2,133,20,638,10,1446,22,2084,Not in California
Unknown,2021-05-19,35,3380,26,2415,8,831,1,134,19,642,16,1462,20,2104,Not in California
Unknown,2021-05-20,16,3396,13,2428,2,833,1,135,12,651,4,1466,13,2117,Not in California
Unknown,2021-05-21,21,3417,15,2443,3,836,3,138,16,664,6,1472,19,2136,Not in California
Unknown,2021-05-22,44,3461,35,2478,9,845,0,138,37,694,7,1479,37,2173,Not in California
Unknown,2021-05-23,36,3497,29,2507,7,852,0,138,33,724,3,1482,33,2206,Not in California
Unknown,2021-05-24,8,3505,5,2512,2,854,1,139,4,725,4,1486,5,2211,Not in California
Unknown,2021-05-25,17,3522,6,2518,5,859,6,145,8,730,9,1495,14,2225,Not in California
Unknown,2021-05-26,10,3532,7,2525,2,861,1,146,5,731,5,1500,6,2231,Not in California
Unknown,2021-05-27,22,3554,15,2540,5,866,2,148,9,730,12,1512,11,2242,Not in California
Unknown,2021-05-28,23,3577,13,2553,5,871,5,153,13,738,10,1522,18,2260,Not in California
Unknown,2021-05-29,11,3588,10,2563,1,872,0,153,7,741,4,1526,7,2267,Not in California
Unknown,2021-05-30,6,3594,4,2567,1,873,1,154,3,742,3,1529,4,2271,Not in California
Unknown,2021-05-31,1,3595,1,2568,0,873,0,154,0,741,1,1530,0,2271,Not in California
Unknown,2021-06-01,28,3623,16,2584,6,879,6,160,16,751,12,1542,22,2293,Not in California
Unknown,2021-06-02,7,3630,3,2587,4,883,0,160,3,750,4,1546,3,2296,Not in California
Unknown,2021-06-03,98,3728,92,2679,6,889,0,160,77,806,21,1567,77,2373,Not in California
Unknown,2021-06-04,340,4068,278,2957,57,946,5,165,311,1093,29,1596,316,2689,Not in California
Unknown,2021-06-05,308,4376,255,3212,45,991,8,173,279,1351,29,1625,287,2976,Not in California
Unknown,2021-06-06,227,4603,204,3416,11,1002,12,185,191,1518,36,1661,203,3179,Not in California
Unknown,2021-06-07,301,4904,226,3642,67,1069,8,193,267,1759,34,1695,275,3454,Not in California
Unknown,2021-06-08,5,4909,3,3645,1,1070,1,194,3,1762,1,1696,4,3458,Not in California
Alameda,2020-12-15,37,37,37,37,0,0,0,0,37,37,0,0,37,37,California
Alameda,2020-12-16,208,245,208,245,0,0,0,0,208,245,0,0,208,245,California
Alameda,2020-12-17,506,751,506,751,0,0,0,0,506,751,0,0,506,751,California
Alameda,2020-12-18,1917,2668,1916,2667,1,1,0,0,1917,2668,0,0,1917,2668,California
Alameda,2020-12-19,1427,4095,1427,4094,0,1,0,0,1427,4095,0,0,1427,4095,California
Alameda,2020-12-20,1180,5275,1179,5273,1,2,0,0,1179,5273,1,1,1179,5274,California
Alameda,2020-12-21,1852,7127,1850,7123,2,4,0,0,1851,7124,0,1,1851,7125,California
Alameda,2020-12-22,2100,9227,2047,9170,53,57,0,0,2099,9223,0,1,2099,9224,California
Alameda,2020-12-23,1929,11156,1671,10841,258,315,0,0,1930,11153,0,1,1930,11154,California
Alameda,2020-12-24,1216,12372,759,11600,457,772,0,0,1216,12369,0,1,1216,12370,California
Alameda,2020-12-25,165,12537,128,11728,37,809,0,0,165,12534,0,1,165,12535,California
Alameda,2020-12-26,858,13395,323,12051,535,1344,0,0,858,13392,0,1,858,13393,California
Alameda,2020-12-27,495,13890,254,12305,241,1585,0,0,495,13887,0,1,495,13888,California
Alameda,2020-12-28,1870,15760,957,13262,913,2498,0,0,1870,15757,0,1,1870,15758,California
Alameda,2020-12-29,2474,18234,1075,14337,1399,3897,0,0,2473,18230,0,1,2473,18231,California
Alameda,2020-12-30,3079,21313,1321,15658,1758,5655,0,0,3079,21309,0,1,3079,21310,California
Alameda,2020-12-31,1789,23102,447,16105,1342,6997,0,0,1787,23095,1,2,1787,23097,California
Alameda,2021-01-01,175,23277,73,16178,102,7099,0,0,174,23268,1,3,174,23271,California
Alameda,2021-01-02,729,24006,527,16705,202,7301,0,0,728,23996,0,3,728,23999,California
Alameda,2021-01-03,339,24345,219,16924,120,7421,0,0,333,24323,6,9,333,24332,California
Alameda,2021-01-04,1640,25985,937,17861,703,8124,0,0,1603,25890,36,45,1603,25935,California
Alameda,2021-01-05,2208,28193,1278,19139,930,9054,0,0,1953,27591,252,297,1953,27888,California
Alameda,2021-01-06,3263,31456,1802,20941,1461,10515,0,0,2387,29107,873,1170,2389,30277,California
Alameda,2021-01-07,3812,35268,2146,23087,1666,12181,0,0,2627,30563,1176,2346,2632,32909,California
Alameda,2021-01-08,4763,40031,2724,25811,2039,14220,0,0,3024,31865,1733,4079,3035,35944,California
Alameda,2021-01-09,2030,42061,1383,27194,647,14867,0,0,1168,32177,862,4941,1174,37118,California
Alameda,2021-01-10,1056,43117,839,28033,217,15084,0,0,422,31964,635,5576,422,37540,California
Alameda,2021-01-11,4645,47762,3516,31549,1129,16213,0,0,2844,33015,1800,7376,2851,40391,California
Alameda,2021-01-12,4832,52594,3249,34798,1583,17796,0,0,3451,35089,1380,8756,3454,43845,California
Alameda,2021-01-13,5017,57611,2648,37446,2369,20165,0,0,3828,37737,1186,9942,3834,47679,California
Alameda,2021-01-14,5640,63251,2774,40220,2866,23031,0,0,4755,41620,876,10818,4759,52438,California
Alameda,2021-01-15,5823,69074,2303,42523,3520,26551,0,0,5058,45924,758,11576,5062,57500,California
Alameda,2021-01-16,3004,72078,1403,43926,1601,28152,0,0,2735,48391,269,11845,2736,60236,California
Alameda,2021-01-17,1875,73953,1086,45012,789,28941,0,0,1670,49858,204,12049,1671,61907,California
Alameda,2021-01-18,3178,77131,2035,47047,1143,30084,0,0,2587,51861,586,12635,2589,64496,California
Alameda,2021-01-19,5516,82647,3319,50366,2197,32281,0,0,4324,54997,1190,13825,4326,68822,California
Alameda,2021-01-20,6772,89419,4104,54470,2668,34949,0,0,5479,59200,1280,15105,5483,74305,California
Alameda,2021-01-21,7786,97205,3424,57894,4362,39311,0,0,6944,65313,836,15941,6949,81254,California
Alameda,2021-01-22,6857,104062,2038,59932,4819,44130,0,0,5715,69897,1133,17074,5717,86971,California
Alameda,2021-01-23,3289,107351,958,60890,2331,46461,0,0,2732,72073,556,17630,2732,89703,California
Alameda,2021-01-24,2037,109388,653,61543,1384,47845,0,0,1764,73567,270,17900,1764,91467,California
Alameda,2021-01-25,5198,114586,1979,63522,3219,51064,0,0,3623,75625,1567,19467,3625,95092,California
Alameda,2021-01-26,7323,121909,2320,65842,5003,56067,0,0,5438,79188,1877,21344,5440,100532,California
Alameda,2021-01-27,6702,128611,2077,67919,4625,60692,0,0,4855,82207,1837,23181,4856,105388,California
Alameda,2021-01-28,7877,136488,2560,70479,5317,66009,0,0,5640,85631,2221,25402,5645,111033,California
Alameda,2021-01-29,7979,144467,3199,73678,4780,70789,0,0,6143,89951,1825,27227,6145,117178,California
Alameda,2021-01-30,3428,147895,1685,75363,1743,72532,0,0,2713,91955,709,27936,2713,119891,California
Alameda,2021-01-31,1924,149819,951,76314,973,73505,0,0,1686,93406,235,28171,1686,121577,California
Alameda,2021-02-01,6475,156294,3884,80198,2591,76096,0,0,4334,95609,2132,30303,4335,125912,California
Alameda,2021-02-02,7019,163313,3783,83981,3236,79332,0,0,4695,97987,2317,32620,4695,130607,California
Alameda,2021-02-03,7051,170364,3713,87694,3338,82670,0,0,4363,99674,2681,35301,4368,134975,California
Alameda,2021-02-04,9475,179839,4128,91822,5347,88017,0,0,6364,102945,3098,38399,6369,141344,California
Alameda,2021-02-05,10280,190119,5360,97182,4920,92937,0,0,6413,105503,3861,42260,6419,147763,California
Alameda,2021-02-06,6957,197076,4416,101598,2541,95478,0,0,5827,110200,1130,43390,5827,153590,California
Alameda,2021-02-07,3581,200657,2891,104489,690,96168,0,0,2635,111893,943,44333,2636,156226,California
Alameda,2021-02-08,8097,208754,5801,110290,2296,98464,0,0,5533,114872,2556,46889,5535,161761,California
Alameda,2021-02-09,9676,218430,5823,116113,3853,102317,0,0,6025,117265,3634,50523,6027,167788,California
Alameda,2021-02-10,11461,229891,6773,122886,4688,107005,0,0,6541,118910,4904,55427,6549,174337,California
Alameda,2021-02-11,13959,243850,8028,130914,5931,112936,0,0,8366,121706,5573,61000,8369,182706,California
Alameda,2021-02-12,12519,256369,5694,136608,6825,119761,0,0,7735,124676,4768,65768,7738,190444,California
Alameda,2021-02-13,7797,264166,4058,140666,3739,123500,0,0,5824,128535,1968,67736,5827,196271,California
Alameda,2021-02-14,4051,268217,2552,143218,1499,124999,0,0,2869,130229,1178,68914,2872,199143,California
Alameda,2021-02-15,5671,273888,3189,146407,2482,127481,0,0,3689,131940,1980,70894,3691,202834,California
Alameda,2021-02-16,12526,286414,6971,153378,5555,133036,0,0,9308,138047,3207,74101,9314,212148,California
Alameda,2021-02-17,14164,300578,8413,161791,5751,138787,0,0,10516,144933,3632,77733,10518,222666,California
Alameda,2021-02-18,15894,316472,10100,171891,5794,144581,0,0,11545,152144,4340,82073,11551,234217,California
Alameda,2021-02-19,17851,334323,11589,183480,6262,150843,0,0,11804,157930,6023,88096,11809,246026,California
Alameda,2021-02-20,12030,346353,9716,193196,2314,153157,0,0,9249,164409,2776,90872,9255,255281,California
Alameda,2021-02-21,7809,354162,6846,200042,963,154120,0,0,5289,167190,2508,93380,5289,260570,California
Alameda,2021-02-22,10965,365127,8075,208117,2890,157010,0,0,6881,170009,4071,97451,6890,267460,California
Alameda,2021-02-23,13002,378129,7926,216043,5076,162086,0,0,8092,173208,4900,102351,8099,275559,California
Alameda,2021-02-24,14848,392977,8350,224393,6498,168584,0,0,9606,177641,5179,107530,9612,285171,California
Alameda,2021-02-25,16015,408992,9297,233690,6718,175302,0,0,10127,181921,5856,113386,10136,295307,California
Alameda,2021-02-26,18663,427655,10881,244571,7782,183084,0,0,11849,187006,6768,120154,11853,307160,California
Alameda,2021-02-27,15163,442818,11183,255754,3978,187062,2,2,9374,190620,5764,125918,9378,316538,California
Alameda,2021-02-28,10124,452942,8442,264196,1682,188744,0,2,6555,193634,3542,129460,6556,323094,California
Alameda,2021-03-01,14073,467015,9731,273927,4331,193075,11,13,8603,196835,5422,134882,8623,331717,California
Alameda,2021-03-02,15043,482058,10819,284746,4223,197298,1,14,9849,201518,5174,140056,9857,341574,California
Alameda,2021-03-03,15686,497744,10268,295014,5416,202714,2,16,10723,207311,4936,144992,10729,352303,California
Alameda,2021-03-04,17421,515165,11193,306207,6226,208940,2,18,10976,211877,6412,151404,10978,363281,California
Alameda,2021-03-05,16257,531422,10654,316861,5593,214533,10,28,10980,217642,5232,156636,10997,374278,California
Alameda,2021-03-06,14554,545976,10276,327137,4013,218546,265,293,9645,222692,4860,161496,9910,384188,California
Alameda,2021-03-07,9769,555745,8515,335652,1171,219717,83,376,6961,226958,2780,164276,7046,391234,California
Alameda,2021-03-08,11956,567701,7464,343116,4115,223832,377,753,8948,233325,2958,167234,9325,400559,California
Alameda,2021-03-09,14686,582387,10322,353438,3933,227765,431,1184,8012,235128,6640,173874,8443,409002,California
Alameda,2021-03-10,17493,599880,12145,365583,4792,232557,556,1740,7891,233996,9574,183448,8442,417444,California
Alameda,2021-03-11,19781,619661,11594,377177,6474,239031,1713,3453,6722,229390,13029,196477,8423,425867,California
Alameda,2021-03-12,21381,641042,12539,389716,7136,246167,1706,5159,7372,224477,13979,210456,9066,434933,California
Alameda,2021-03-13,16072,657114,10330,400046,4742,250909,1000,6159,5064,219562,10972,221428,6057,440990,California
Alameda,2021-03-14,10894,668008,8027,408073,2081,252990,786,6945,3301,216069,7571,228999,4078,445068,California
Alameda,2021-03-15,14478,682486,9475,417548,4473,257463,530,7475,6248,214645,8199,237198,6775,451843,California
Alameda,2021-03-16,17226,699712,11193,428741,5497,262960,536,8011,7347,212702,9827,247025,7884,459727,California
Alameda,2021-03-17,17517,717229,9894,438635,6903,269863,720,8731,8065,212074,9409,256434,8781,468508,California
Alameda,2021-03-18,19212,736441,10471,449106,7839,277702,902,9633,8644,211089,10535,266969,9550,478058,California
Alameda,2021-03-19,19432,755873,10672,459778,6962,284664,1798,11431,7566,208628,11817,278786,9356,487414,California
Alameda,2021-03-20,15793,771666,10348,470126,4588,289252,857,12288,6312,206344,9448,288234,7164,494578,California
Alameda,2021-03-21,9236,780902,7264,477390,1419,290671,553,12841,3394,204459,5832,294066,3947,498525,California
Alameda,2021-03-22,15065,795967,10152,487542,3901,294572,1012,13853,6806,204041,8228,302294,7810,506335,California
Alameda,2021-03-23,19343,815310,11734,499276,6793,301365,816,14669,9788,205144,9504,311798,10607,516942,California
Alameda,2021-03-24,19296,834606,11704,510980,6567,307932,1025,15694,8394,203715,10837,322635,9408,526350,California
Alameda,2021-03-25,20574,855180,11439,522419,7726,315658,1409,17103,9388,203385,11115,333750,10785,537135,California
Alameda,2021-03-26,20997,876177,12688,535107,6744,322402,1565,18668,8449,200884,12502,346252,10001,547136,California
Alameda,2021-03-27,18384,894561,12552,547659,4878,327280,954,19622,7534,198558,10802,357054,8476,555612,California
Alameda,2021-03-28,10665,905226,8689,556348,1774,329054,202,19824,3469,195053,7181,364235,3676,559288,California
Alameda,2021-03-29,14754,919980,9455,565803,4303,333357,996,20820,5865,193060,8852,373087,6859,566147,California
Alameda,2021-03-30,18630,938610,9839,575642,7068,340425,1723,22543,9273,194726,9322,382409,10988,577135,California
Alameda,2021-03-31,19405,958015,10247,585889,7049,347474,2109,24652,9097,195641,10279,392688,11194,588329,California
Alameda,2021-04-01,23361,981376,10027,595916,7649,355123,5685,30337,11053,200098,12257,404945,16714,605043,California
Alameda,2021-04-02,24123,1005499,9931,605847,8321,363444,5871,36208,11657,205166,12428,417373,17496,622539,California
Alameda,2021-04-03,20379,1025878,9819,615666,5695,369139,4865,41073,10306,210278,10051,427424,15163,637702,California
Alameda,2021-04-04,9975,1035853,3988,619654,2277,371416,3710,44783,3460,210948,6495,433919,7165,644867,California
Alameda,2021-04-05,17849,1053702,7519,627173,5514,376930,4816,49599,7250,212436,10573,444492,12061,656928,California
Alameda,2021-04-06,22224,1075926,10684,637857,5671,382601,5869,55468,10075,216249,12112,456604,15925,672853,California
Alameda,2021-04-07,22594,1098520,11582,649439,5531,388132,5481,60949,11438,222043,11111,467715,16905,689758,California
Alameda,2021-04-08,25595,1124115,11528,660967,6046,394178,8021,68970,10931,226389,14585,482300,18931,708689,California
Alameda,2021-04-09,23447,1147562,10693,671660,7506,401684,5248,74218,12088,232398,11325,493625,17334,726023,California
Alameda,2021-04-10,19290,1166852,7457,679117,5642,407326,6191,80409,8215,235736,11048,504673,14386,740409,California
Alameda,2021-04-11,11016,1177868,4810,683927,2250,409576,3956,84365,4489,237658,6508,511181,8430,748839,California
Alameda,2021-04-12,18117,1195985,11774,695701,4359,413935,1984,86349,10243,242044,7837,519018,12223,761062,California
Alameda,2021-04-13,23111,1219096,14668,710369,8383,422318,60,86409,17050,253157,6008,525026,17121,778183,California
Alameda,2021-04-14,23174,1242270,15243,725612,7930,430248,1,86410,15682,261397,7454,532480,15694,793877,California
Alameda,2021-04-15,24196,1266466,15457,741069,8737,438985,2,86412,16102,269490,8033,540513,16126,810003,California
Alameda,2021-04-16,24413,1290879,14407,755476,10001,448986,5,86417,15723,276601,8631,549144,15742,825745,California
Alameda,2021-04-17,20879,1311758,14441,769917,6437,455423,1,86418,14441,284653,6403,555547,14455,840200,California
Alameda,2021-04-18,9982,1321740,7651,777568,2331,457754,0,86418,6908,288522,3045,558592,6914,847114,California
Alameda,2021-04-19,15654,1337394,9749,787317,5904,463658,1,86419,9088,291094,6526,565118,9098,856212,California
Alameda,2021-04-20,18160,1355554,11122,798439,7036,470694,2,86421,9988,292979,8127,573245,10012,866224,California
Alameda,2021-04-21,19144,1374698,11205,809644,7928,478622,11,86432,11201,296318,7890,581135,11229,877453,California
Alameda,2021-04-22,21415,1396113,13794,823438,7617,486239,4,86436,11417,297821,9943,591078,11446,888899,California
Alameda,2021-04-23,21825,1417938,14114,837552,7707,493946,4,86440,12250,300588,9514,600592,12281,901180,California
Alameda,2021-04-24,18984,1436922,14429,851981,4547,498493,8,86448,10063,301794,8875,609467,10081,911261,California
Alameda,2021-04-25,9000,1445922,7003,858984,1996,500489,1,86449,5900,304631,3073,612540,5910,917171,California
Alameda,2021-04-26,14353,1460275,9940,868924,4387,504876,26,86475,8945,308237,5374,617914,8980,926151,California
Alameda,2021-04-27,16092,1476367,9531,878455,6217,511093,344,86819,7612,307788,8428,626342,7979,934130,California
Alameda,2021-04-28,16447,1492814,10394,888849,5588,516681,465,87284,6691,305232,9724,636066,7168,941298,California
Alameda,2021-04-29,17201,1510015,10309,899158,6562,523243,330,87614,6407,301252,10738,646804,6758,948056,California
Alameda,2021-04-30,19467,1529482,11996,911154,7129,530372,342,87956,7896,298037,11493,658297,8278,956334,California
Alameda,2021-05-01,13986,1543468,9353,920507,4426,534798,207,88163,5226,294775,8723,667020,5461,961795,California
Alameda,2021-05-02,7072,1550540,4935,925442,1969,536767,168,88331,2894,293681,4161,671181,3067,964862,California
Alameda,2021-05-03,14509,1565049,10923,936365,3266,540033,320,88651,2851,285269,11611,682792,3199,968061,California
Alameda,2021-05-04,18328,1583377,13150,949515,4818,544851,360,89011,3685,274769,14576,697368,4076,972137,California
Alameda,2021-05-05,18343,1601720,13328,962843,4505,549356,510,89521,3723,264459,14556,711924,4246,976383,California
Alameda,2021-05-06,18681,1620401,14124,976967,3861,553217,696,90217,3661,253887,14945,726869,4373,980756,California
Alameda,2021-05-07,19174,1639575,12889,989856,5871,559088,414,90631,4398,244011,14704,741573,4828,985584,California
Alameda,2021-05-08,16475,1656050,11271,1001127,4993,564081,211,90842,3104,234009,13333,754906,3331,988915,California
Alameda,2021-05-09,8523,1664573,6974,1008101,1406,565487,143,90985,1453,228561,7048,761954,1600,990515,California
Alameda,2021-05-10,10103,1674676,6916,1015017,2863,568350,324,91309,2507,223836,7565,769519,2840,993355,California
Alameda,2021-05-11,15080,1689756,8109,1023126,6673,575023,298,91607,2759,214652,12274,781793,3090,996445,California
Alameda,2021-05-12,13223,1702979,8791,1031917,3996,579019,436,92043,2962,207862,10217,792010,3427,999872,California
Alameda,2021-05-13,17094,1720073,12288,1044205,4284,583303,522,92565,5391,202148,11658,803668,5944,1005816,California
Alameda,2021-05-14,20477,1740550,13874,1058079,6137,589440,466,93031,7042,196310,13360,817028,7522,1013338,California
Alameda,2021-05-15,17063,1757613,12418,1070497,4418,593858,227,93258,5771,191066,11247,828275,6003,1019341,California
Alameda,2021-05-16,8384,1765997,7165,1077662,1126,594984,93,93351,2794,188398,5560,833835,2892,1022233,California
Alameda,2021-05-17,13353,1779350,9938,1087600,2886,597870,529,93880,4162,183951,9153,842988,4706,1026939,California
Alameda,2021-05-18,14133,1793483,10267,1097867,3444,601314,422,94302,5069,180424,9022,852010,5495,1032434,California
Alameda,2021-05-19,14429,1807912,9893,1107760,4201,605515,335,94637,6000,178383,8378,860388,6337,1038771,California
Alameda,2021-05-20,11755,1819667,7829,1115589,3429,608944,497,95134,5205,177579,6509,866897,5705,1044476,California
Alameda,2021-05-21,13798,1833465,9034,1124623,4527,613471,237,95371,4629,173338,9109,876006,4868,1049344,California
Alameda,2021-05-22,9249,1842714,6847,1131470,2264,615735,138,95509,3767,171788,5457,881463,3907,1053251,California
Alameda,2021-05-23,4166,1846880,3402,1134872,696,616431,68,95577,1312,170333,2836,884299,1381,1054632,California
Alameda,2021-05-24,6953,1853833,3955,1138827,2747,619178,251,95828,2654,168985,4258,888557,2910,1057542,California
Alameda,2021-05-25,7979,1861812,5168,1143995,2555,621733,256,96084,3601,168493,4345,892902,3853,1061395,California
Alameda,2021-05-26,8240,1870052,5148,1149143,2792,624525,300,96384,3633,167837,4583,897485,3927,1065322,California
Alameda,2021-05-27,8060,1878112,4857,1154000,2855,627380,348,96732,3416,166990,4606,902091,3759,1069081,California
Alameda,2021-05-28,8596,1886708,5039,1159039,3333,630713,224,96956,3650,165946,4920,907011,3876,1072957,California
Alameda,2021-05-29,4912,1891620,2965,1162004,1763,632476,184,97140,2547,166333,2346,909357,2733,1075690,California
Alameda,2021-05-30,2431,1894051,1592,1163596,750,633226,89,97229,970,165939,1453,910810,1059,1076749,California
Alameda,2021-05-31,1153,1895204,854,1164450,244,633470,55,97284,346,165547,793,911603,401,1077150,California
Alameda,2021-06-01,7077,1902281,4975,1169425,1863,635333,239,97523,3097,164930,3955,915558,3338,1080488,California
Alameda,2021-06-02,5782,1908063,3600,1173025,1964,637297,218,97741,2248,163885,3504,919062,2459,1082947,California
Alameda,2021-06-03,8466,1916529,6399,1179424,1787,639084,280,98021,3079,161893,5349,924411,3357,1086304,California
Alameda,2021-06-04,10452,1926981,7707,1187131,2493,641577,252,98273,2987,157703,7429,931840,3239,1089543,California
Alameda,2021-06-05,7977,1934958,5795,1192926,2018,643595,164,98437,1899,153724,6041,937881,2062,1091605,California
Alameda,2021-06-06,3623,1938581,3276,1196202,269,643864,78,98515,1093,152375,2519,940400,1170,1092775,California
Alameda,2021-06-07,5722,1944303,4182,1200384,1369,645233,171,98686,1748,150341,3954,944354,1920,1094695,California
Alameda,2021-06-08,4561,1948864,3665,1204049,731,645964,165,98851,1307,148572,3239,947593,1470,1096165,California
Alpine,2020-12-18,2,2,2,2,0,0,0,0,2,2,0,0,2,2,California
Alpine,2020-12-19,2,4,2,4,0,0,0,0,2,4,0,0,2,4,California
Alpine,2020-12-21,2,6,2,6,0,0,0,0,2,6,0,0,2,6,California
Alpine,2020-12-30,14,20,0,6,14,14,0,0,14,20,0,0,14,20,California
Alpine,2020-12-31,1,21,0,6,1,15,0,0,1,21,0,0,1,21,California
Alpine,2021-01-01,1,22,0,6,1,16,0,0,1,22,0,0,1,22,California
Alpine,2021-01-02,1,23,1,7,0,16,0,0,1,23,0,0,1,23,California
Alpine,2021-01-04,10,33,0,7,10,26,0,0,10,33,0,0,10,33,California
Alpine,2021-01-05,9,42,1,8,8,34,0,0,9,42,0,0,9,42,California
Alpine,2021-01-06,31,73,0,8,31,65,0,0,31,73,0,0,31,73,California
Alpine,2021-01-07,8,81,0,8,8,73,0,0,8,81,0,0,8,81,California
Alpine,2021-01-08,4,85,2,10,2,75,0,0,2,81,2,2,2,83,California
Alpine,2021-01-09,2,87,2,12,0,75,0,0,0,79,2,4,0,83,California
Alpine,2021-01-11,32,119,1,13,31,106,0,0,31,109,1,5,31,114,California
Alpine,2021-01-13,35,154,0,13,35,141,0,0,35,144,0,5,35,149,California
Alpine,2021-01-14,1,155,0,13,1,142,0,0,1,145,0,5,1,150,California
Alpine,2021-01-15,1,156,0,13,1,143,0,0,1,146,0,5,1,151,California
Alpine,2021-01-20,21,177,0,13,21,164,0,0,21,167,0,5,21,172,California
Alpine,2021-01-21,1,178,0,13,1,165,0,0,1,168,0,5,1,173,California
Alpine,2021-01-22,33,211,0,13,33,198,0,0,33,201,0,5,33,206,California
Alpine,2021-01-23,1,212,1,14,0,198,0,0,0,200,1,6,0,206,California
Alpine,2021-01-25,16,228,0,14,16,214,0,0,16,216,0,6,16,222,California
Alpine,2021-01-27,1,229,1,15,0,214,0,0,0,215,1,7,0,222,California
Alpine,2021-01-28,1,230,0,15,1,215,0,0,0,214,1,8,0,222,California
Alpine,2021-01-29,1,231,0,15,1,216,0,0,1,215,0,8,1,223,California
Alpine,2021-02-01,25,256,0,15,25,241,0,0,7,204,18,26,7,230,California
Alpine,2021-02-03,34,290,0,15,34,275,0,0,10,190,24,50,10,240,California
Alpine,2021-02-04,8,298,0,15,8,283,0,0,3,188,5,55,3,243,California
Alpine,2021-02-05,31,329,0,15,31,314,0,0,12,181,19,74,12,255,California
Alpine,2021-02-08,32,361,0,15,32,346,0,0,4,157,28,102,4,259,California
Alpine,2021-02-10,34,395,0,15,34,380,0,0,0,123,34,136,0,259,California
Alpine,2021-02-11,6,401,0,15,6,386,0,0,3,123,3,139,3,262,California
Alpine,2021-02-12,1,402,0,15,1,387,0,0,0,122,1,140,0,262,California
Alpine,2021-02-17,23,425,0,15,23,410,0,0,3,105,20,160,3,265,California
Alpine,2021-02-18,2,427,0,15,2,412,0,0,1,105,1,161,1,266,California
Alpine,2021-02-19,34,461,1,16,33,445,0,0,2,75,32,193,2,268,California
Alpine,2021-02-22,27,488,0,16,27,472,0,0,8,64,19,212,8,276,California
Alpine,2021-02-24,1,489,1,17,0,472,0,0,1,65,0,212,1,277,California
Alpine,2021-02-25,6,495,1,18,5,477,0,0,6,71,0,212,6,283,California
Alpine,2021-02-26,30,525,1,19,29,506,0,0,29,99,1,213,29,312,California
Alpine,2021-02-27,1,526,0,19,1,507,0,0,1,100,0,213,1,313,California
Alpine,2021-03-01,36,562,0,19,36,543,0,0,26,116,10,223,26,339,California
Alpine,2021-03-03,29,591,0,19,29,572,0,0,18,123,11,234,18,357,California
Alpine,2021-03-04,11,602,1,20,10,582,0,0,11,134,0,234,11,368,California
Alpine,2021-03-05,30,632,0,20,30,612,0,0,22,148,8,242,22,390,California
Alpine,2021-03-08,31,663,0,20,31,643,0,0,29,175,2,244,29,419,California
Alpine,2021-03-10,73,736,0,20,73,716,0,0,73,248,0,244,73,492,California
Alpine,2021-03-11,35,771,0,20,35,751,0,0,31,275,4,248,31,523,California
Alpine,2021-03-12,19,790,0,20,19,770,0,0,17,290,2,250,17,540,California
Alpine,2021-03-15,20,810,0,20,20,790,0,0,19,308,1,251,19,559,California
Alpine,2021-03-17,23,833,0,20,22,812,1,1,19,324,4,255,20,579,California
Alpine,2021-03-18,38,871,3,23,35,847,0,1,35,356,3,258,35,614,California
Alpine,2021-03-19,2,873,1,24,1,848,0,1,1,356,1,259,1,615,California
Alpine,2021-03-22,24,897,0,24,24,872,0,1,15,362,9,268,15,630,California
Alpine,2021-03-24,19,916,0,24,19,891,0,1,8,359,11,279,8,638,California
Alpine,2021-03-25,35,951,1,25,33,924,1,2,27,380,7,286,28,666,California
Alpine,2021-03-27,1,952,0,25,1,925,0,2,0,379,1,287,0,666,California
Alpine,2021-03-28,1,953,1,26,0,925,0,2,1,380,0,287,1,667,California
Alpine,2021-03-29,19,972,0,26,18,943,1,3,2,366,17,304,3,670,California
Alpine,2021-04-01,18,990,0,26,18,961,0,3,8,364,10,314,8,678,California
Alpine,2021-04-02,100,1090,0,26,100,1061,0,3,45,355,54,368,45,723,California
Alpine,2021-04-05,3,1093,0,26,3,1064,0,3,0,352,3,371,0,723,California
Alpine,2021-04-06,3,1096,2,28,1,1065,0,3,2,353,1,372,2,725,California
Alpine,2021-04-07,117,1213,0,28,116,1181,1,4,30,298,86,458,31,756,California
Alpine,2021-04-08,36,1249,0,28,35,1216,1,5,10,283,26,484,11,767,California
Alpine,2021-04-09,2,1251,0,28,2,1218,0,5,2,285,0,484,2,769,California
Alpine,2021-04-14,47,1298,0,28,47,1265,0,5,10,258,37,521,10,779,California
Alpine,2021-04-15,35,1333,0,28,35,1300,0,5,3,229,32,553,3,782,California
Alpine,2021-04-19,1,1334,0,28,1,1301,0,5,1,230,0,553,1,783,California
Alpine,2021-04-21,31,1365,0,28,31,1332,0,5,15,229,16,569,15,798,California
Alpine,2021-04-22,24,1389,0,28,24,1356,0,5,1,207,23,592,1,799,California
Alpine,2021-04-25,1,1390,1,29,0,1356,0,5,0,206,1,593,0,799,California
Alpine,2021-04-27,2,1392,1,30,1,1357,0,5,1,206,1,594,1,800,California
Alpine,2021-04-28,36,1428,0,30,36,1393,0,5,6,182,30,624,6,806,California
Alpine,2021-04-29,6,1434,0,30,6,1399,0,5,0,176,6,630,0,806,California
Alpine,2021-04-30,2,1436,1,31,0,1399,1,6,1,177,1,631,2,808,California
Alpine,2021-05-02,1,1437,0,31,0,1399,1,7,0,177,1,632,1,809,California
Alpine,2021-05-05,17,1454,0,31,17,1416,0,7,4,168,13,645,4,813,California
Alpine,2021-05-06,8,1462,0,31,8,1424,0,7,0,160,8,653,0,813,California
Alpine,2021-05-07,1,1463,0,31,1,1425,0,7,0,159,1,654,0,813,California
Alpine,2021-05-10,1,1464,0,31,1,1426,0,7,1,160,0,654,1,814,California
Alpine,2021-05-12,1,1465,0,31,0,1426,1,8,0,160,1,655,1,815,California
Alpine,2021-05-13,3,1468,0,31,3,1429,0,8,0,157,3,658,0,815,California
Alpine,2021-05-17,2,1470,0,31,2,1431,0,8,1,157,1,659,1,816,California
Alpine,2021-05-18,1,1471,0,31,1,1432,0,8,1,158,0,659,1,817,California
Alpine,2021-05-19,15,1486,0,31,15,1447,0,8,0,143,15,674,0,817,California
Alpine,2021-05-21,1,1487,1,32,0,1447,0,8,0,142,1,675,0,817,California
Alpine,2021-05-25,1,1488,0,32,1,1448,0,8,0,141,1,676,0,817,California
Alpine,2021-05-27,1,1489,0,32,1,1449,0,8,1,142,0,676,1,818,California
Alpine,2021-05-28,2,1491,1,33,1,1450,0,8,2,144,0,676,2,820,California
Alpine,2021-05-29,1,1492,0,33,1,1451,0,8,1,145,0,676,1,821,California
Alpine,2021-06-02,8,1500,0,33,8,1459,0,8,1,139,7,683,1,822,California
Alpine,2021-06-04,1,1501,0,33,1,1460,0,8,1,140,0,683,1,823,California
Alpine,2021-06-07,1,1502,0,33,1,1461,0,8,0,139,1,684,0,823,California
Amador,2020-12-16,2,2,2,2,0,0,0,0,2,2,0,0,2,2,California
Amador,2020-12-17,5,7,5,7,0,0,0,0,5,7,0,0,5,7,California
Amador,2020-12-18,45,52,45,52,0,0,0,0,45,52,0,0,45,52,California
Amador,2020-12-19,16,68,16,68,0,0,0,0,16,68,0,0,16,68,California
Amador,2020-12-20,4,72,4,72,0,0,0,0,4,72,0,0,4,72,California
Amador,2020-12-21,31,103,31,103,0,0,0,0,31,103,0,0,31,103,California
Amador,2020-12-22,35,138,34,137,1,1,0,0,35,138,0,0,35,138,California
Amador,2020-12-23,40,178,39,176,1,2,0,0,40,178,0,0,40,178,California
Amador,2020-12-24,5,183,3,179,2,4,0,0,5,183,0,0,5,183,California
Amador,2020-12-26,5,188,4,183,1,5,0,0,5,188,0,0,5,188,California
Amador,2020-12-27,1,189,0,183,1,6,0,0,1,189,0,0,1,189,California
Amador,2020-12-28,30,219,26,209,4,10,0,0,30,219,0,0,30,219,California
Amador,2020-12-29,26,245,19,228,7,17,0,0,26,245,0,0,26,245,California
Amador,2020-12-30,122,367,76,304,46,63,0,0,122,367,0,0,122,367,California
Amador,2020-12-31,192,559,167,471,25,88,0,0,192,559,0,0,192,559,California
Amador,2021-01-01,2,561,0,471,2,90,0,0,2,561,0,0,2,561,California
Amador,2021-01-02,57,618,57,528,0,90,0,0,57,618,0,0,57,618,California
Amador,2021-01-03,65,683,17,545,48,138,0,0,65,683,0,0,65,683,California
Amador,2021-01-04,124,807,1,546,123,261,0,0,124,807,0,0,124,807,California
Amador,2021-01-05,34,841,3,549,31,292,0,0,32,838,2,2,33,840,California
Amador,2021-01-06,40,881,10,559,30,322,0,0,36,870,4,6,36,876,California
Amador,2021-01-07,229,1110,69,628,160,482,0,0,217,1075,12,18,217,1093,California
Amador,2021-01-08,84,1194,69,697,15,497,0,0,41,1074,43,61,42,1135,California
Amador,2021-01-09,11,1205,11,708,0,497,0,0,2,1067,9,70,2,1137,California
Amador,2021-01-10,6,1211,4,712,2,499,0,0,2,1065,4,74,2,1139,California
Amador,2021-01-11,125,1336,44,756,81,580,0,0,88,1117,37,111,89,1228,California
Amador,2021-01-12,65,1401,50,806,15,595,0,0,41,1134,24,135,41,1269,California
Amador,2021-01-13,40,1441,24,830,16,611,0,0,28,1150,12,147,28,1297,California
Amador,2021-01-14,150,1591,22,852,128,739,0,0,140,1281,10,157,141,1438,California
Amador,2021-01-15,59,1650,25,877,34,773,0,0,51,1324,8,165,51,1489,California
Amador,2021-01-16,18,1668,12,889,6,779,0,0,12,1331,6,171,13,1502,California
Amador,2021-01-17,26,1694,5,894,21,800,0,0,26,1357,0,171,26,1528,California
Amador,2021-01-18,30,1724,26,920,4,804,0,0,9,1345,21,192,9,1537,California
Amador,2021-01-19,126,1850,101,1021,25,829,0,0,82,1383,44,236,82,1619,California
Amador,2021-01-20,182,2032,32,1053,150,979,0,0,168,1538,13,249,168,1787,California
Amador,2021-01-21,258,2290,228,1281,30,1009,0,0,147,1575,111,360,148,1935,California
Amador,2021-01-22,137,2427,74,1355,63,1072,0,0,130,1698,7,367,130,2065,California
Amador,2021-01-23,54,2481,33,1388,21,1093,0,0,51,1746,3,370,51,2116,California
Amador,2021-01-24,29,2510,12,1400,17,1110,0,0,26,1769,3,373,26,2142,California
Amador,2021-01-25,58,2568,28,1428,30,1140,0,0,41,1793,17,390,41,2183,California
Amador,2021-01-26,245,2813,17,1445,228,1368,0,0,235,2018,10,400,235,2418,California
Amador,2021-01-27,301,3114,33,1478,268,1636,0,0,254,2228,45,445,255,2673,California
Amador,2021-01-28,369,3483,97,1575,272,1908,0,0,288,2436,81,526,289,2962,California
Amador,2021-01-29,99,3582,33,1608,66,1974,0,0,84,2505,15,541,84,3046,California
Amador,2021-01-30,168,3750,36,1644,132,2106,0,0,163,2663,5,546,163,3209,California
Amador,2021-01-31,32,3782,28,1672,4,2110,0,0,31,2693,1,547,31,3240,California
Amador,2021-02-01,66,3848,24,1696,42,2152,0,0,39,2705,27,574,39,3279,California
Amador,2021-02-02,214,4062,64,1760,150,2302,0,0,127,2748,84,658,127,3406,California
Amador,2021-02-03,139,4201,38,1798,101,2403,0,0,88,2786,50,708,88,3494,California
Amador,2021-02-04,250,4451,74,1872,176,2579,0,0,164,2866,86,794,166,3660,California
Amador,2021-02-05,333,4784,63,1935,270,2849,0,0,316,3165,17,811,316,3976,California
Amador,2021-02-06,101,4885,82,2017,19,2868,0,0,96,3256,5,816,96,4072,California
Amador,2021-02-07,39,4924,35,2052,4,2872,0,0,35,3288,4,820,36,4108,California
Amador,2021-02-08,91,5015,63,2115,28,2900,0,0,73,3343,18,838,73,4181,California
Amador,2021-02-09,175,5190,82,2197,93,2993,0,0,109,3386,66,904,109,4290,California
Amador,2021-02-10,980,6170,81,2278,899,3892,0,0,946,4298,34,938,946,5236,California
Amador,2021-02-11,309,6479,120,2398,189,4081,0,0,198,4387,109,1047,198,5434,California
Amador,2021-02-12,329,6808,122,2520,207,4288,0,0,255,4568,74,1121,255,5689,California
Amador,2021-02-13,165,6973,82,2602,83,4371,0,0,141,4685,24,1145,141,5830,California
Amador,2021-02-14,123,7096,54,2656,69,4440,0,0,105,4772,18,1163,105,5935,California
Amador,2021-02-15,187,7283,61,2717,126,4566,0,0,170,4926,16,1179,170,6105,California
Amador,2021-02-16,466,7749,54,2771,412,4978,0,0,427,5315,39,1218,428,6533,California
Amador,2021-02-17,262,8011,83,2854,179,5157,0,0,164,5381,98,1316,164,6697,California
Amador,2021-02-18,395,8406,97,2951,298,5455,0,0,331,5648,64,1380,331,7028,California
Amador,2021-02-19,194,8600,77,3028,117,5572,0,0,110,5674,84,1464,110,7138,California
Amador,2021-02-20,95,8695,32,3060,63,5635,0,0,67,5713,28,1492,67,7205,California
Amador,2021-02-21,46,8741,34,3094,12,5647,0,0,14,5695,32,1524,14,7219,California
Amador,2021-02-22,66,8807,26,3120,40,5687,0,0,32,5694,33,1557,32,7251,California
Amador,2021-02-23,318,9125,53,3173,265,5952,0,0,138,5652,180,1737,138,7389,California
Amador,2021-02-24,397,9522,59,3232,338,6290,0,0,265,5789,128,1865,265,7654,California
Amador,2021-02-25,525,10047,120,3352,405,6695,0,0,279,5823,245,2110,279,7933,California
Amador,2021-02-26,634,10681,81,3433,553,7248,0,0,516,6222,117,2227,516,8449,California
Amador,2021-02-27,293,10974,95,3528,198,7446,0,0,101,6134,191,2418,103,8552,California
Amador,2021-02-28,106,11080,55,3583,51,7497,0,0,60,6150,46,2464,62,8614,California
Amador,2021-03-01,198,11278,69,3652,129,7626,0,0,126,6205,72,2536,127,8741,California
Amador,2021-03-02,381,11659,63,3715,318,7944,0,0,332,6489,49,2585,333,9074,California
Amador,2021-03-03,242,11901,81,3796,161,8105,0,0,166,6581,75,2660,167,9241,California
Amador,2021-03-04,495,12396,114,3910,381,8486,0,0,393,6873,101,2761,393,9634,California
Amador,2021-03-05,510,12906,74,3984,436,8922,0,0,290,6947,218,2979,292,9926,California
Amador,2021-03-06,100,13006,47,4031,52,8974,1,1,55,6958,45,3024,56,9982,California
Amador,2021-03-07,65,13071,44,4075,21,8995,0,1,22,6937,43,3067,22,10004,California
Amador,2021-03-08,151,13222,69,4144,81,9076,1,2,90,6967,61,3128,91,10095,California
Amador,2021-03-09,376,13598,51,4195,325,9401,0,2,294,7183,79,3207,295,10390,California
Amador,2021-03-10,512,14110,74,4269,436,9837,2,4,111,6897,401,3608,115,10505,California
Amador,2021-03-11,471,14581,116,4385,345,10182,10,14,299,7038,171,3779,312,10817,California
Amador,2021-03-12,567,15148,66,4451,495,10677,6,20,338,7160,228,4007,350,11167,California
Amador,2021-03-13,116,15264,18,4469,91,10768,7,27,76,7207,40,4047,87,11254,California
Amador,2021-03-14,86,15350,18,4487,66,10834,2,29,20,7163,66,4113,22,11276,California
Amador,2021-03-15,177,15527,25,4512,145,10979,7,36,52,7098,125,4238,60,11336,California
Amador,2021-03-16,450,15977,53,4565,388,11367,9,45,139,6937,309,4547,148,11484,California
Amador,2021-03-17,200,16177,44,4609,153,11520,3,48,121,6982,79,4626,124,11608,California
Amador,2021-03-18,476,16653,101,4710,371,11891,4,52,250,7014,226,4852,258,11866,California
Amador,2021-03-19,539,17192,56,4766,468,12359,15,67,388,7271,149,5001,406,12272,California
Amador,2021-03-20,110,17302,45,4811,64,12423,1,68,45,7255,64,5065,48,12320,California
Amador,2021-03-21,48,17350,34,4845,13,12436,1,69,29,7269,18,5083,32,12352,California
Amador,2021-03-22,112,17462,32,4877,52,12488,28,97,48,7281,64,5147,76,12428,California
Amador,2021-03-23,434,17896,47,4924,380,12868,7,104,275,7406,158,5305,283,12711,California
Amador,2021-03-24,345,18241,38,4962,55,12923,252,356,37,7388,307,5612,289,13000,California
Amador,2021-03-25,608,18849,85,5047,516,13439,7,363,393,7574,214,5826,400,13400,California
Amador,2021-03-26,746,19595,42,5089,698,14137,6,369,284,7407,460,6286,293,13693,California
Amador,2021-03-27,89,19684,15,5104,72,14209,2,371,28,7378,61,6347,32,13725,California
Amador,2021-03-28,69,19753,15,5119,52,14261,2,373,12,7337,56,6403,15,13740,California
Amador,2021-03-29,180,19933,24,5143,155,14416,1,374,78,7321,100,6503,84,13824,California
Amador,2021-03-30,535,20468,28,5171,506,14922,1,375,294,7376,240,6743,295,14119,California
Amador,2021-03-31,199,20667,57,5228,137,15059,5,380,43,7269,155,6898,48,14167,California
Amador,2021-04-01,611,21278,85,5313,526,15585,0,380,263,7188,346,7244,265,14432,California
Amador,2021-04-02,607,21885,38,5351,557,16142,12,392,380,7356,226,7470,394,14826,California
Amador,2021-04-03,87,21972,25,5376,43,16185,19,411,23,7336,64,7534,44,14870,California
Amador,2021-04-04,38,22010,3,5379,29,16214,6,417,15,7334,23,7557,21,14891,California
Amador,2021-04-05,144,22154,52,5431,76,16290,16,433,50,7309,93,7650,68,14959,California
Amador,2021-04-06,503,22657,37,5468,448,16738,18,451,223,7272,278,7928,241,15200,California
Amador,2021-04-07,97,22754,33,5501,45,16783,19,470,41,7278,54,7982,60,15260,California
Amador,2021-04-08,496,23250,85,5586,390,17173,21,491,222,7248,273,8255,243,15503,California
Amador,2021-04-09,482,23732,21,5607,441,17614,20,511,213,7210,268,8523,230,15733,California
Amador,2021-04-10,53,23785,15,5622,29,17643,9,520,22,7210,31,8554,31,15764,California
Amador,2021-04-11,48,23833,23,5645,21,17664,4,524,23,7213,24,8578,27,15791,California
Amador,2021-04-12,97,23930,27,5672,60,17724,10,534,42,7210,55,8633,52,15843,California
Amador,2021-04-13,345,24275,50,5722,295,18019,0,534,68,7003,276,8909,69,15912,California
Amador,2021-04-14,284,24559,28,5750,256,18275,0,534,174,7070,107,9016,174,16086,California
Amador,2021-04-15,331,24890,75,5825,256,18531,0,534,70,6884,256,9272,70,16156,California
Amador,2021-04-16,482,25372,29,5854,453,18984,0,534,386,7175,95,9367,386,16542,California
Amador,2021-04-17,64,25436,36,5890,28,19012,0,534,27,7165,37,9404,27,16569,California
Amador,2021-04-18,29,25465,7,5897,22,19034,0,534,11,7160,17,9421,12,16581,California
Amador,2021-04-19,68,25533,27,5924,41,19075,0,534,31,7157,36,9457,33,16614,California
Amador,2021-04-20,436,25969,55,5979,381,19456,0,534,111,6952,318,9775,113,16727,California
Amador,2021-04-21,87,26056,33,6012,54,19510,0,534,44,6954,42,9817,44,16771,California
Amador,2021-04-22,495,26551,78,6090,416,19926,1,535,103,6673,385,10202,104,16875,California
Amador,2021-04-23,358,26909,45,6135,313,20239,0,535,285,6888,72,10274,287,17162,California
Amador,2021-04-24,48,26957,24,6159,24,20263,0,535,27,6895,20,10294,27,17189,California
Amador,2021-04-25,41,26998,19,6178,22,20285,0,535,29,6912,12,10306,29,17218,California
Amador,2021-04-26,92,27090,29,6207,62,20347,1,536,44,6911,47,10353,46,17264,California
Amador,2021-04-27,494,27584,40,6247,453,20800,1,537,89,6599,403,10756,91,17355,California
Amador,2021-04-28,69,27653,29,6276,36,20836,4,541,41,6616,28,10784,45,17400,California
Amador,2021-04-29,223,27876,70,6346,44,20880,109,650,65,6631,158,10942,173,17573,California
Amador,2021-04-30,339,28215,27,6373,308,21188,4,654,95,6486,244,11186,99,17672,California
Amador,2021-05-01,41,28256,15,6388,22,21210,4,658,21,6493,18,11204,25,17697,California
Amador,2021-05-02,27,28283,14,6402,10,21220,3,661,10,6490,17,11221,14,17711,California
Amador,2021-05-03,67,28350,33,6435,24,21244,10,671,26,6485,41,11262,36,17747,California
Amador,2021-05-04,467,28817,27,6462,433,21677,7,678,68,6161,399,11661,75,17822,California
Amador,2021-05-05,202,29019,153,6615,39,21716,10,688,163,6294,38,11699,171,17993,California
Amador,2021-05-06,110,29129,56,6671,49,21765,5,693,64,6319,44,11743,69,18062,California
Amador,2021-05-07,126,29255,29,6700,90,21855,7,700,66,6332,60,11803,73,18135,California
Amador,2021-05-08,42,29297,9,6709,30,21885,3,703,20,6333,22,11825,23,18158,California
Amador,2021-05-09,15,29312,0,6709,9,21894,6,709,4,6332,11,11836,10,18168,California
Amador,2021-05-10,61,29373,14,6723,44,21938,3,712,25,6324,36,11872,28,18196,California
Amador,2021-05-11,101,29474,34,6757,41,21979,26,738,45,6339,56,11928,71,18267,California
Amador,2021-05-12,67,29541,22,6779,42,22021,3,741,31,6337,36,11964,34,18301,California
Amador,2021-05-13,73,29614,41,6820,26,22047,6,747,37,6345,35,11999,43,18344,California
Amador,2021-05-14,395,30009,34,6854,357,22404,4,751,86,6127,309,12308,91,18435,California
Amador,2021-05-15,52,30061,20,6874,21,22425,11,762,23,6133,29,12337,35,18470,California
Amador,2021-05-16,38,30099,15,6889,23,22448,0,762,17,6129,21,12358,17,18487,California
Amador,2021-05-17,76,30175,23,6912,51,22499,2,764,36,6128,39,12397,38,18525,California
Amador,2021-05-18,247,30422,169,7081,43,22542,35,799,163,6243,83,12480,198,18723,California
Amador,2021-05-19,73,30495,23,7104,47,22589,3,802,33,6242,39,12519,38,18761,California
Amador,2021-05-20,78,30573,46,7150,30,22619,2,804,31,6229,46,12565,33,18794,California
Amador,2021-05-21,265,30838,29,7179,234,22853,2,806,39,6044,226,12791,41,18835,California
Amador,2021-05-22,41,30879,13,7192,23,22876,5,811,13,6034,28,12819,18,18853,California
Amador,2021-05-23,27,30906,4,7196,20,22896,3,814,6,6022,21,12840,9,18862,California
Amador,2021-05-24,90,30996,31,7227,47,22943,12,826,43,6031,46,12886,55,18917,California
Amador,2021-05-25,141,31137,89,7316,27,22970,25,851,82,6081,57,12943,107,19024,California
Amador,2021-05-26,207,31344,163,7479,37,23007,7,858,42,5965,164,13107,48,19072,California
Amador,2021-05-27,81,31425,36,7515,36,23043,9,867,30,5953,51,13158,39,19111,California
Amador,2021-05-28,69,31494,26,7541,39,23082,4,871,29,5946,40,13198,33,19144,California
Amador,2021-05-29,26,31520,2,7543,21,23103,3,874,10,5944,16,13214,14,19158,California
Amador,2021-05-30,19,31539,5,7548,8,23111,6,880,6,5943,13,13227,12,19170,California
Amador,2021-05-31,10,31549,0,7548,9,23120,1,881,2,5938,8,13235,3,19173,California
Amador,2021-06-01,95,31644,66,7614,24,23144,5,886,43,5935,51,13286,48,19221,California
Amador,2021-06-02,46,31690,16,7630,22,23166,8,894,17,5932,29,13315,26,19247,California
Amador,2021-06-03,59,31749,26,7656,28,23194,5,899,19,5917,39,13354,24,19271,California
Amador,2021-06-04,86,31835,20,7676,45,23239,21,920,15,5882,71,13425,36,19307,California
Amador,2021-06-05,33,31868,13,7689,17,23256,3,923,4,5860,29,13454,7,19314,California
Amador,2021-06-06,7,31875,4,7693,2,23258,1,924,4,5862,3,13457,5,19319,California
Amador,2021-06-07,35,31910,11,7704,19,23277,5,929,10,5852,25,13482,15,19334,California
Amador,2021-06-08,152,32062,129,7833,12,23289,11,940,39,5791,112,13594,51,19385,California
Butte,2020-12-16,3,3,3,3,0,0,0,0,3,3,0,0,3,3,California
Butte,2020-12-17,21,24,21,24,0,0,0,0,21,24,0,0,21,24,California
Butte,2020-12-18,52,76,52,76,0,0,0,0,52,76,0,0,52,76,California
Butte,2020-12-19,7,83,7,83,0,0,0,0,7,83,0,0,7,83,California
Butte,2020-12-20,10,93,10,93,0,0,0,0,10,93,0,0,10,93,California
Butte,2020-12-21,633,726,633,726,0,0,0,0,633,726,0,0,633,726,California
Butte,2020-12-22,618,1344,616,1342,2,2,0,0,618,1344,0,0,618,1344,California
Butte,2020-12-23,876,2220,860,2202,16,18,0,0,876,2220,0,0,876,2220,California
Butte,2020-12-24,159,2379,155,2357,4,22,0,0,159,2379,0,0,159,2379,California
Butte,2020-12-26,90,2469,88,2445,2,24,0,0,90,2469,0,0,90,2469,California
Butte,2020-12-27,35,2504,34,2479,1,25,0,0,35,2504,0,0,35,2504,California
Butte,2020-12-28,279,2783,273,2752,6,31,0,0,279,2783,0,0,279,2783,California
Butte,2020-12-29,202,2985,179,2931,23,54,0,0,202,2985,0,0,202,2985,California
Butte,2020-12-30,513,3498,291,3222,222,276,0,0,513,3498,0,0,513,3498,California
Butte,2020-12-31,211,3709,18,3240,193,469,0,0,211,3709,0,0,211,3709,California
Butte,2021-01-01,8,3717,1,3241,7,476,0,0,8,3717,0,0,8,3717,California
Butte,2021-01-02,40,3757,37,3278,3,479,0,0,40,3757,0,0,40,3757,California
Butte,2021-01-03,3,3760,0,3278,3,482,0,0,3,3760,0,0,3,3760,California
Butte,2021-01-04,209,3969,176,3454,33,515,0,0,209,3969,0,0,209,3969,California
Butte,2021-01-05,197,4166,153,3607,44,559,0,0,196,4164,1,1,196,4165,California
Butte,2021-01-06,626,4792,397,4004,229,788,0,0,621,4781,5,6,622,4787,California
Butte,2021-01-07,761,5553,369,4373,392,1180,0,0,741,5502,20,26,741,5528,California
Butte,2021-01-08,673,6226,532,4905,141,1321,0,0,625,6079,48,74,625,6153,California
Butte,2021-01-09,11,6237,7,4912,4,1325,0,0,6,6080,5,79,6,6159,California
Butte,2021-01-10,19,6256,5,4917,14,1339,0,0,14,6089,5,84,14,6173,California
Butte,2021-01-11,985,7241,950,5867,35,1374,0,0,356,5819,629,713,359,6532,California
Butte,2021-01-12,696,7937,651,6518,45,1419,0,0,274,5671,422,1135,274,6806,California
Butte,2021-01-13,1566,9503,1074,7592,492,1911,0,0,725,5557,841,1976,727,7533,California
Butte,2021-01-14,1635,11138,892,8484,743,2654,0,0,1438,6799,196,2172,1438,8971,California
Butte,2021-01-15,1053,12191,813,9297,240,2894,0,0,943,7632,110,2282,943,9914,California
Butte,2021-01-16,584,12775,299,9596,285,3179,0,0,540,8128,44,2326,540,10454,California
Butte,2021-01-17,238,13013,64,9660,174,3353,0,0,201,8292,37,2363,201,10655,California
Butte,2021-01-18,345,13358,303,9963,42,3395,0,0,277,8502,67,2430,277,10932,California
Butte,2021-01-19,494,13852,431,10394,63,3458,0,0,224,8456,270,2700,224,11156,California
Butte,2021-01-20,1369,15221,689,11083,680,4138,0,0,1066,9219,303,3003,1066,12222,California
Butte,2021-01-21,1477,16698,868,11951,609,4747,0,0,1369,10481,107,3110,1369,13591,California
Butte,2021-01-22,1140,17838,482,12433,658,5405,0,0,1087,11515,53,3163,1087,14678,California
Butte,2021-01-23,125,17963,84,12517,41,5446,0,0,100,11590,25,3188,100,14778,California
Butte,2021-01-24,9,17972,7,12524,2,5448,0,0,9,11599,0,3188,9,14787,California
Butte,2021-01-25,656,18628,337,12861,319,5767,0,0,492,11927,164,3352,492,15279,California
Butte,2021-01-26,1473,20101,378,13239,1095,6862,0,0,1336,13126,137,3489,1336,16615,California
Butte,2021-01-27,2097,22198,705,13944,1392,8254,0,0,1366,13762,730,4219,1366,17981,California
Butte,2021-01-28,2267,24465,263,14207,2004,10258,0,0,1956,15408,310,4529,1956,19937,California
Butte,2021-01-29,1687,26152,487,14694,1200,11458,0,0,1310,16342,376,4905,1310,21247,California
Butte,2021-01-30,30,26182,8,14702,22,11480,0,0,28,16368,2,4907,28,21275,California
Butte,2021-01-31,16,26198,14,14716,2,11482,0,0,15,16382,1,4908,15,21290,California
Butte,2021-02-01,1752,27950,408,15124,1344,12826,0,0,1361,17355,388,5296,1361,22651,California
Butte,2021-02-02,1933,29883,362,15486,1571,14397,0,0,1632,18685,302,5598,1632,24283,California
Butte,2021-02-03,2739,32622,777,16263,1962,16359,0,0,1845,19638,892,6490,1845,26128,California
Butte,2021-02-04,2957,35579,324,16587,2633,18992,0,0,2401,21485,554,7044,2401,28529,California
Butte,2021-02-05,1273,36852,667,17254,606,19598,0,0,552,21317,721,7765,553,29082,California
Butte,2021-02-06,144,36996,103,17357,41,19639,0,0,61,21295,83,7848,61,29143,California
Butte,2021-02-07,38,37034,34,17391,4,19643,0,0,14,21285,24,7872,14,29157,California
Butte,2021-02-08,698,37732,548,17939,150,19793,0,0,242,21071,456,8328,242,29399,California
Butte,2021-02-09,951,38683,459,18398,492,20285,0,0,721,21562,230,8558,721,30120,California
Butte,2021-02-10,1702,40385,1188,19586,514,20799,0,0,672,21206,1028,9586,672,30792,California
Butte,2021-02-11,2203,42588,1346,20932,857,21656,0,0,1004,21011,1199,10785,1004,31796,California
Butte,2021-02-12,1002,43590,435,21367,567,22223,0,0,330,20670,671,11456,330,32126,California
Butte,2021-02-13,247,43837,43,21410,204,22427,0,0,146,20715,101,11557,146,32272,California
Butte,2021-02-14,161,43998,9,21419,152,22579,0,0,157,20868,4,11561,157,32429,California
Butte,2021-02-15,263,44261,47,21466,216,22795,0,0,198,21001,65,11626,198,32627,California
Butte,2021-02-16,730,44991,432,21898,298,23093,0,0,275,20820,456,12082,275,32902,California
Butte,2021-02-17,1515,46506,848,22746,667,23760,0,0,841,20989,672,12754,841,33743,California
Butte,2021-02-18,1559,48065,761,23507,798,24558,0,0,748,20926,811,13565,748,34491,California
Butte,2021-02-19,1171,49236,391,23898,780,25338,0,0,403,20568,761,14326,403,34894,California
Butte,2021-02-20,477,49713,32,23930,445,25783,0,0,126,20344,350,14676,126,35020,California
Butte,2021-02-21,18,49731,16,23946,2,25785,0,0,13,20352,5,14681,13,35033,California
Butte,2021-02-22,1501,51232,297,24243,1204,26989,0,0,378,19610,1120,15801,378,35411,California
Butte,2021-02-23,1636,52868,295,24538,1341,28330,0,0,464,18907,1167,16968,464,35875,California
Butte,2021-02-24,2137,55005,598,25136,1539,29869,0,0,726,18230,1403,18371,726,36601,California
Butte,2021-02-25,2079,57084,578,25714,1501,31370,0,0,656,17470,1417,19788,657,37258,California
Butte,2021-02-26,919,58003,310,26024,609,31979,0,0,396,17346,520,20308,396,37654,California
Butte,2021-02-27,236,58239,48,26072,188,32167,0,0,185,17482,49,20357,185,37839,California
Butte,2021-02-28,143,58382,16,26088,127,32294,0,0,136,17611,7,20364,136,37975,California
Butte,2021-03-01,1627,60009,175,26263,1451,33745,1,1,327,16642,1297,21661,328,38303,California
Butte,2021-03-02,1749,61758,198,26461,1551,35296,0,1,310,15517,1435,23096,310,38613,California
Butte,2021-03-03,2786,64544,850,27311,1936,37232,0,1,482,13697,2302,25398,482,39095,California
Butte,2021-03-04,3150,67694,681,27992,2469,39701,0,1,628,11804,2521,27919,628,39723,California
Butte,2021-03-05,1351,69045,616,28608,734,40435,1,2,734,11926,613,28532,735,40458,California
Butte,2021-03-06,247,69292,25,28633,199,40634,23,25,187,12077,59,28591,210,40668,California
Butte,2021-03-07,53,69345,3,28636,33,40667,17,42,29,12099,24,28615,46,40714,California
Butte,2021-03-08,1269,70614,129,28765,1062,41729,78,120,1102,13115,164,28779,1180,41894,California
Butte,2021-03-09,1907,72521,284,29049,1520,43249,103,223,1416,14146,488,29267,1519,43413,California
Butte,2021-03-10,2318,74839,968,30017,1249,44498,101,324,1578,15089,735,30002,1678,45091,California
Butte,2021-03-11,2812,77651,1318,31335,1367,45865,127,451,1982,16379,819,30821,2109,47200,California
Butte,2021-03-12,1147,78798,332,31667,467,46332,348,799,355,16296,786,31607,703,47903,California
Butte,2021-03-13,253,79051,67,31734,137,46469,49,848,59,16210,194,31801,108,48011,California
Butte,2021-03-14,163,79214,16,31750,105,46574,42,890,20,16130,142,31943,62,48073,California
Butte,2021-03-15,1743,80957,360,32110,1090,47664,293,1183,1147,16982,588,32531,1440,49513,California
Butte,2021-03-16,1652,82609,415,32525,1158,48822,79,1262,1112,17636,536,33067,1190,50703,California
Butte,2021-03-17,1954,84563,1356,33881,517,49339,81,1343,1136,18042,810,33877,1216,51919,California
Butte,2021-03-18,1810,86373,1466,35347,216,49555,128,1471,1063,18491,741,34618,1190,53109,California
Butte,2021-03-19,697,87070,310,35657,303,49858,84,1555,345,18578,342,34960,429,53538,California
Butte,2021-03-20,206,87276,31,35688,159,50017,16,1571,95,18578,111,35071,111,53649,California
Butte,2021-03-21,56,87332,25,35713,2,50019,29,1600,12,18575,44,35115,41,53690,California
Butte,2021-03-22,1481,88813,350,36063,1037,51056,94,1694,1220,19630,259,35374,1314,55004,California
Butte,2021-03-23,1826,90639,493,36556,1219,52275,114,1808,1476,20873,347,35721,1590,56594,California
Butte,2021-03-24,2262,92901,1265,37821,871,53146,126,1934,1713,22167,544,36265,1838,58432,California
Butte,2021-03-25,1483,94384,1198,39019,193,53339,92,2026,1017,22814,462,36727,1109,59541,California
Butte,2021-03-26,1206,95590,438,39457,522,53861,246,2272,559,22980,639,37366,805,60346,California
Butte,2021-03-27,301,95891,83,39540,194,54055,24,2296,135,22974,163,37529,157,60503,California
Butte,2021-03-28,230,96121,45,39585,177,54232,8,2304,103,22960,124,37653,110,60613,California
Butte,2021-03-29,1763,97884,380,39965,1313,55545,70,2374,1344,23960,414,38067,1414,62027,California
Butte,2021-03-30,1034,98918,470,40435,474,56019,90,2464,491,24004,537,38604,581,62608,California
Butte,2021-03-31,1778,100696,1305,41740,406,56425,67,2531,1085,24469,687,39291,1152,63760,California
Butte,2021-04-01,3330,104026,2706,44446,497,56922,127,2658,2260,25793,1064,40355,2388,66148,California
Butte,2021-04-02,1000,105026,416,44862,464,57386,120,2778,564,26047,428,40783,682,66830,California
Butte,2021-04-03,343,105369,45,44907,225,57611,73,2851,163,26103,180,40963,236,67066,California
Butte,2021-04-04,189,105558,25,44932,141,57752,23,2874,111,26161,76,41039,134,67200,California
Butte,2021-04-05,1974,107532,421,45353,1381,59133,172,3046,595,25556,1370,42409,765,67965,California
Butte,2021-04-06,2207,109739,617,45970,1167,60300,423,3469,799,25379,1402,43811,1225,69190,California
Butte,2021-04-07,3038,112777,1321,47291,1325,61625,392,3861,717,24173,2315,46126,1109,70299,California
Butte,2021-04-08,2756,115533,1202,48493,1286,62911,268,4129,459,22607,2293,48419,727,71026,California
Butte,2021-04-09,1376,116909,352,48845,542,63453,482,4611,329,22371,1043,49462,807,71833,California
Butte,2021-04-10,223,117132,47,48892,76,63529,100,4711,100,22447,123,49585,199,72032,California
Butte,2021-04-11,105,117237,42,48934,53,63582,10,4721,82,22517,22,49607,92,72124,California
Butte,2021-04-12,1408,118645,314,49248,962,64544,132,4853,234,21711,1174,50781,368,72492,California
Butte,2021-04-13,1653,120298,575,49823,1072,65616,6,4859,342,20756,1304,52085,349,72841,California
Butte,2021-04-14,2827,123125,2340,52163,487,66103,0,4859,1311,20557,1511,53596,1312,74153,California
Butte,2021-04-15,654,123779,410,52573,244,66347,0,4859,499,20904,152,53748,499,74652,California
Butte,2021-04-16,809,124588,413,52986,396,66743,0,4859,474,21045,333,54081,474,75126,California
Butte,2021-04-17,338,124926,61,53047,277,67020,0,4859,234,21177,102,54183,234,75360,California
Butte,2021-04-18,42,124968,9,53056,33,67053,0,4859,37,21209,5,54188,37,75397,California
Butte,2021-04-19,1561,126529,381,53437,1180,68233,0,4859,429,20509,1129,55317,429,75826,California
Butte,2021-04-20,1969,128498,718,54155,1251,69484,0,4859,752,20052,1209,56526,752,76578,California
Butte,2021-04-21,2042,130540,1161,55316,881,70365,0,4859,462,18941,1573,58099,462,77040,California
Butte,2021-04-22,2218,132758,1941,57257,277,70642,0,4859,612,17950,1603,59702,612,77652,California
Butte,2021-04-23,939,133697,443,57700,496,71138,0,4859,488,17987,451,60153,488,78140,California
Butte,2021-04-24,346,134043,138,57838,208,71346,0,4859,190,18022,155,60308,190,78330,California
Butte,2021-04-25,172,134215,67,57905,105,71451,0,4859,63,17976,109,60417,63,78393,California
Butte,2021-04-26,1557,135772,454,58359,1098,72549,5,4864,403,17233,1151,61568,408,78801,California
Butte,2021-04-27,994,136766,666,59025,301,72850,27,4891,575,17422,413,61981,602,79403,California
Butte,2021-04-28,1387,138153,932,59957,430,73280,25,4916,498,17060,885,62866,523,79926,California
Butte,2021-04-29,888,139041,543,60500,320,73600,25,4941,300,16803,582,63448,325,80251,California
Butte,2021-04-30,892,139933,388,60888,483,74083,21,4962,448,16833,438,63886,468,80719,California
Butte,2021-05-01,240,140173,64,60952,157,74240,19,4981,71,16754,168,64054,89,80808,California
Butte,2021-05-02,150,140323,62,61014,75,74315,13,4994,44,16705,106,64160,57,80865,California
Butte,2021-05-03,634,140957,256,61270,347,74662,31,5025,177,16466,447,64607,208,81073,California
Butte,2021-05-04,818,141775,317,61587,469,75131,32,5057,211,16107,601,65208,242,81315,California
Butte,2021-05-05,1337,143112,1092,62679,209,75340,36,5093,271,15354,1061,66269,308,81623,California
Butte,2021-05-06,934,144046,673,63352,224,75564,37,5130,359,15178,572,66841,396,82019,California
Butte,2021-05-07,561,144607,289,63641,236,75800,36,5166,287,15229,271,67112,322,82341,California
Butte,2021-05-08,169,144776,35,63676,125,75925,9,5175,89,15248,79,67191,98,82439,California
Butte,2021-05-09,93,144869,19,63695,71,75996,3,5178,50,15258,43,67234,53,82492,California
Butte,2021-05-10,514,145383,302,63997,169,76165,43,5221,210,15210,301,67535,253,82745,California
Butte,2021-05-11,865,146248,641,64638,165,76330,59,5280,276,14959,586,68121,335,83080,California
Butte,2021-05-12,759,147007,481,65119,232,76562,46,5326,338,14927,416,68537,384,83464,California
Butte,2021-05-13,873,147880,589,65708,224,76786,60,5386,311,14747,549,69086,369,83833,California
Butte,2021-05-14,831,148711,519,66227,282,77068,30,5416,359,14666,469,69555,388,84221,California
Butte,2021-05-15,480,149191,224,66451,224,77292,32,5448,224,14667,255,69810,256,84477,California
Butte,2021-05-16,167,149358,83,66534,66,77358,18,5466,98,14715,68,69878,116,84593,California
Butte,2021-05-17,755,150113,483,67017,224,77582,48,5514,321,14656,427,70305,368,84961,California
Butte,2021-05-18,1058,151171,726,67743,284,77866,48,5562,476,14604,576,70881,524,85485,California
Butte,2021-05-19,825,151996,533,68276,248,78114,44,5606,330,14487,490,71371,373,85858,California
Butte,2021-05-20,860,152856,596,68872,157,78271,107,5713,337,14410,520,71891,443,86301,California
Butte,2021-05-21,791,153647,478,69350,287,78558,26,5739,268,14183,520,72411,293,86594,California
Butte,2021-05-22,236,153883,108,69458,121,78679,7,5746,117,14191,116,72527,124,86718,California
Butte,2021-05-23,95,153978,55,69513,39,78718,1,5747,61,14219,34,72561,62,86780,California
Butte,2021-05-24,335,154313,149,69662,137,78855,49,5796,167,14268,166,72727,215,86995,California
Butte,2021-05-25,692,155005,443,70105,213,79068,36,5832,344,14307,341,73068,380,87375,California
Butte,2021-05-26,561,155566,181,70286,358,79426,22,5854,254,14285,298,73366,276,87651,California
Butte,2021-05-27,862,156428,621,70907,224,79650,17,5871,428,14302,429,73795,446,88097,California
Butte,2021-05-28,515,156943,139,71046,297,79947,79,5950,214,14296,299,74094,293,88390,California
Butte,2021-05-29,224,157167,116,71162,96,80043,12,5962,149,14382,75,74169,161,88551,California
Butte,2021-05-30,107,157274,56,71218,51,80094,0,5962,61,14397,46,74215,61,88612,California
Butte,2021-05-31,43,157317,23,71241,18,80112,2,5964,25,14406,18,74233,27,88639,California
Butte,2021-06-01,670,157987,422,71663,213,80325,35,5999,254,14282,413,74646,289,88928,California
Butte,2021-06-02,813,158800,571,72234,202,80527,40,6039,356,14225,453,75099,396,89324,California
Butte,2021-06-03,614,159414,412,72646,187,80714,15,6054,226,14081,385,75484,241,89565,California
Butte,2021-06-04,451,159865,257,72903,169,80883,25,6079,141,13942,305,75789,166,89731,California
Butte,2021-06-05,307,160172,197,73100,91,80974,19,6098,93,13840,214,76003,112,89843,California
Butte,2021-06-06,125,160297,90,73190,32,81006,3,6101,25,13769,99,76102,28,89871,California
Butte,2021-06-07,366,160663,237,73427,102,81108,27,6128,147,13725,218,76320,174,90045,California
Butte,2021-06-08,281,160944,220,73647,47,81155,14,6142,84,13629,195,76515,99,90144,California
Calaveras,2020-12-16,5,5,5,5,0,0,0,0,5,5,0,0,5,5,California
Calaveras,2020-12-17,3,8,3,8,0,0,0,0,3,8,0,0,3,8,California
Calaveras,2020-12-18,39,47,39,47,0,0,0,0,39,47,0,0,39,47,California
Calaveras,2020-12-19,3,50,3,50,0,0,0,0,3,50,0,0,3,50,California
Calaveras,2020-12-20,4,54,4,54,0,0,0,0,4,54,0,0,4,54,California
Calaveras,2020-12-21,55,109,48,102,7,7,0,0,55,109,0,0,55,109,California
Calaveras,2020-12-22,82,191,78,180,4,11,0,0,83,192,0,0,83,192,California
Calaveras,2020-12-23,76,267,74,254,2,13,0,0,76,268,0,0,76,268,California
Calaveras,2020-12-24,2,269,2,256,0,13,0,0,2,270,0,0,2,270,California
Calaveras,2020-12-26,3,272,3,259,0,13,0,0,3,273,0,0,3,273,California
Calaveras,2020-12-27,1,273,1,260,0,13,0,0,1,274,0,0,1,274,California
Calaveras,2020-12-28,21,294,17,277,4,17,0,0,20,293,1,1,20,294,California
Calaveras,2020-12-29,159,453,138,415,21,38,0,0,159,452,0,1,159,453,California
Calaveras,2020-12-30,93,546,81,496,12,50,0,0,93,545,0,1,93,546,California
Calaveras,2020-12-31,36,582,25,521,11,61,0,0,36,581,0,1,36,582,California
Calaveras,2021-01-02,11,593,11,532,0,61,0,0,11,592,0,1,11,593,California
Calaveras,2021-01-03,10,603,4,536,6,67,0,0,10,602,0,1,10,603,California
Calaveras,2021-01-04,33,636,5,541,28,95,0,0,33,635,0,1,33,636,California
Calaveras,2021-01-05,41,677,10,551,31,126,0,0,32,663,9,10,37,673,California
Calaveras,2021-01-06,107,784,30,581,77,203,0,0,97,750,10,20,97,770,California
Calaveras,2021-01-07,105,889,26,607,79,282,0,0,92,832,11,31,93,863,California
Calaveras,2021-01-08,69,958,39,646,30,312,0,0,45,854,24,55,46,909,California
Calaveras,2021-01-09,5,963,5,651,0,312,0,0,2,853,3,58,2,911,California
Calaveras,2021-01-10,2,965,0,651,2,314,0,0,2,855,0,58,2,913,California
Calaveras,2021-01-11,65,1030,59,710,6,320,0,0,27,847,37,95,29,942,California
Calaveras,2021-01-12,86,1116,53,763,33,353,0,0,52,866,34,129,53,995,California
Calaveras,2021-01-13,109,1225,45,808,64,417,0,0,75,908,34,163,76,1071,California
Calaveras,2021-01-14,139,1364,43,851,96,513,0,0,106,983,32,195,107,1178,California
Calaveras,2021-01-15,92,1456,28,879,64,577,0,0,72,1035,20,215,72,1250,California
Calaveras,2021-01-16,13,1469,2,881,11,588,0,0,12,1046,1,216,12,1262,California
Calaveras,2021-01-17,10,1479,2,883,8,596,0,0,9,1054,1,217,9,1271,California
Calaveras,2021-01-18,131,1610,19,902,112,708,0,0,118,1162,13,230,121,1392,California
Calaveras,2021-01-19,206,1816,175,1077,31,739,0,0,69,1096,136,366,70,1462,California
Calaveras,2021-01-20,378,2194,82,1159,296,1035,0,0,290,1311,87,453,302,1764,California
Calaveras,2021-01-21,463,2657,40,1199,423,1458,0,0,427,1715,36,489,440,2204,California
Calaveras,2021-01-22,401,3058,23,1222,378,1836,0,0,390,2102,11,500,398,2602,California
Calaveras,2021-01-23,18,3076,8,1230,10,1846,0,0,17,2118,1,501,17,2619,California
Calaveras,2021-01-24,14,3090,8,1238,6,1852,0,0,12,2128,2,503,12,2631,California
Calaveras,2021-01-25,86,3176,8,1246,78,1930,0,0,81,2204,5,508,81,2712,California
Calaveras,2021-01-26,48,3224,16,1262,32,1962,0,0,39,2234,9,517,39,2751,California
Calaveras,2021-01-27,129,3353,45,1307,84,2046,0,0,100,2306,28,545,100,2851,California
Calaveras,2021-01-28,165,3518,25,1332,140,2186,0,0,139,2424,26,571,144,2995,California
Calaveras,2021-01-29,366,3884,12,1344,354,2540,0,0,336,2743,30,601,349,3344,California
Calaveras,2021-01-30,27,3911,10,1354,17,2557,0,0,25,2768,0,601,25,3369,California
Calaveras,2021-01-31,6,3917,4,1358,2,2559,0,0,5,2772,1,602,5,3374,California
Calaveras,2021-02-01,26,3943,11,1369,15,2574,0,0,17,2780,9,611,17,3391,California
Calaveras,2021-02-02,111,4054,22,1391,89,2663,0,0,72,2819,34,645,73,3464,California
Calaveras,2021-02-03,412,4466,44,1435,368,3031,0,0,326,3062,85,730,328,3792,California
Calaveras,2021-02-04,383,4849,26,1461,357,3388,0,0,298,3278,85,815,301,4093,California
Calaveras,2021-02-05,79,4928,22,1483,57,3445,0,0,41,3282,38,853,42,4135,California
Calaveras,2021-02-06,21,4949,12,1495,9,3454,0,0,21,3303,0,853,21,4156,California
Calaveras,2021-02-07,5,4954,1,1496,4,3458,0,0,2,3303,2,855,2,4158,California
Calaveras,2021-02-08,38,4992,17,1513,21,3479,0,0,30,3327,6,861,30,4188,California
Calaveras,2021-02-09,193,5185,77,1590,116,3595,0,0,131,3399,60,921,132,4320,California
Calaveras,2021-02-10,514,5699,31,1621,483,4078,0,0,441,3773,73,994,447,4767,California
Calaveras,2021-02-11,582,6281,82,1703,500,4578,0,0,471,4142,108,1102,477,5244,California
Calaveras,2021-02-12,569,6850,324,2027,245,4823,0,0,491,4561,76,1178,495,5739,California
Calaveras,2021-02-13,200,7050,45,2072,155,4978,0,0,185,4731,15,1193,185,5924,California
Calaveras,2021-02-14,221,7271,71,2143,150,5128,0,0,206,4923,14,1207,206,6130,California
Calaveras,2021-02-15,382,7653,23,2166,359,5487,0,0,262,5068,117,1324,262,6392,California
Calaveras,2021-02-16,267,7920,144,2310,123,5610,0,0,229,5262,38,1362,232,6624,California
Calaveras,2021-02-17,513,8433,39,2349,474,6084,0,0,208,5181,293,1655,212,6836,California
Calaveras,2021-02-18,498,8931,91,2440,407,6491,0,0,95,4893,384,2039,96,6932,California
Calaveras,2021-02-19,438,9369,42,2482,396,6887,0,0,97,4660,330,2369,97,7029,California
Calaveras,2021-02-20,57,9426,15,2497,42,6929,0,0,47,4697,10,2379,47,7076,California
Calaveras,2021-02-21,25,9451,15,2512,10,6939,0,0,18,4709,6,2385,18,7094,California
Calaveras,2021-02-22,62,9513,38,2550,24,6963,0,0,33,4713,29,2414,33,7127,California
Calaveras,2021-02-23,128,9641,43,2593,85,7048,0,0,92,4770,36,2450,93,7220,California
Calaveras,2021-02-24,96,9737,47,2640,49,7097,0,0,66,4807,29,2479,66,7286,California
Calaveras,2021-02-25,552,10289,102,2742,450,7547,0,0,356,4978,190,2669,361,7647,California
Calaveras,2021-02-26,775,11064,45,2787,730,8277,0,0,411,5047,343,3012,412,8059,California
Calaveras,2021-02-27,205,11269,23,2810,182,8459,0,0,181,5204,24,3036,181,8240,California
Calaveras,2021-02-28,97,11366,15,2825,82,8541,0,0,91,5290,5,3041,91,8331,California
Calaveras,2021-03-01,233,11599,42,2867,191,8732,0,0,149,5360,80,3121,150,8481,California
Calaveras,2021-03-02,251,11850,97,2964,154,8886,0,0,205,5523,43,3164,206,8687,California
Calaveras,2021-03-03,560,12410,105,3069,455,9341,0,0,242,5454,311,3475,242,8929,California
Calaveras,2021-03-04,746,13156,70,3139,675,10016,1,1,354,5427,383,3858,356,9285,California
Calaveras,2021-03-05,454,13610,271,3410,179,10195,4,5,140,5263,308,4166,144,9429,California
Calaveras,2021-03-06,154,13764,41,3451,107,10302,6,11,114,5343,40,4206,120,9549,California
Calaveras,2021-03-07,77,13841,32,3483,38,10340,7,18,35,5343,42,4248,42,9591,California
Calaveras,2021-03-08,163,14004,27,3510,128,10468,8,26,129,5447,33,4281,137,9728,California
Calaveras,2021-03-09,360,14364,136,3646,218,10686,6,32,32,5163,322,4603,38,9766,California
Calaveras,2021-03-10,419,14783,31,3677,385,11071,3,35,58,4871,353,4956,61,9827,California
Calaveras,2021-03-11,851,15634,424,4101,414,11485,13,48,431,4905,412,5368,446,10273,California
Calaveras,2021-03-12,401,16035,212,4313,179,11664,10,58,324,5170,76,5444,341,10614,California
Calaveras,2021-03-13,177,16212,15,4328,154,11818,8,66,140,5286,36,5480,152,10766,California
Calaveras,2021-03-14,155,16367,11,4339,143,11961,1,67,17,5173,138,5618,25,10791,California
Calaveras,2021-03-15,329,16696,48,4387,256,12217,25,92,52,4978,276,5894,81,10872,California
Calaveras,2021-03-16,690,17386,554,4941,116,12333,20,112,546,5402,142,6036,566,11438,California
Calaveras,2021-03-17,279,17665,52,4993,213,12546,14,126,49,5241,225,6261,64,11502,California
Calaveras,2021-03-18,665,18330,570,5563,79,12625,16,142,547,5688,118,6379,565,12067,California
Calaveras,2021-03-19,232,18562,50,5613,108,12733,74,216,58,5648,170,6549,130,12197,California
Calaveras,2021-03-20,78,18640,22,5635,55,12788,1,217,21,5614,57,6606,23,12220,California
Calaveras,2021-03-21,46,18686,29,5664,6,12794,11,228,10,5600,35,6641,21,12241,California
Calaveras,2021-03-22,80,18766,36,5700,23,12817,21,249,25,5591,55,6696,46,12287,California
Calaveras,2021-03-23,296,19062,205,5905,81,12898,10,259,117,5549,169,6865,127,12414,California
Calaveras,2021-03-24,136,19198,52,5957,74,12972,10,269,44,5513,90,6955,54,12468,California
Calaveras,2021-03-25,744,19942,103,6060,637,13609,4,273,447,5675,289,7244,451,12919,California
Calaveras,2021-03-26,427,20369,28,6088,393,14002,6,279,88,5435,336,7580,96,13015,California
Calaveras,2021-03-27,211,20580,19,6107,188,14190,4,283,37,5307,171,7751,43,13058,California
Calaveras,2021-03-28,112,20692,12,6119,98,14288,2,285,8,5215,103,7854,11,13069,California
Calaveras,2021-03-29,178,20870,23,6142,152,14440,3,288,57,5158,118,7972,61,13130,California
Calaveras,2021-03-30,538,21408,25,6167,496,14936,17,305,359,5356,178,8150,376,13506,California
Calaveras,2021-03-31,322,21730,141,6308,171,15107,10,315,155,5355,167,8317,166,13672,California
Calaveras,2021-04-01,685,22415,444,6752,240,15347,1,316,186,5050,496,8813,191,13863,California
Calaveras,2021-04-02,392,22807,229,6981,155,15502,8,324,116,4903,272,9085,125,13988,California
Calaveras,2021-04-03,144,22951,33,7014,107,15609,4,328,40,4843,104,9189,44,14032,California
Calaveras,2021-04-04,81,23032,26,7040,55,15664,0,328,50,4862,31,9220,50,14082,California
Calaveras,2021-04-05,213,23245,82,7122,121,15785,10,338,101,4861,112,9332,111,14193,California
Calaveras,2021-04-06,653,23898,575,7697,64,15849,14,352,112,4451,537,9869,127,14320,California
Calaveras,2021-04-07,756,24654,659,8356,61,15910,36,388,619,4970,137,10006,656,14976,California
Calaveras,2021-04-08,947,25601,856,9212,69,15979,22,410,437,4923,507,10513,460,15436,California
Calaveras,2021-04-09,155,25756,59,9271,48,16027,48,458,57,4932,97,10610,106,15542,California
Calaveras,2021-04-10,192,25948,43,9314,131,16158,18,476,149,5058,42,10652,168,15710,California
Calaveras,2021-04-11,67,26015,43,9357,22,16180,2,478,48,5089,19,10671,50,15760,California
Calaveras,2021-04-12,103,26118,46,9403,39,16219,18,496,55,5115,48,10719,74,15834,California
Calaveras,2021-04-13,423,26541,368,9771,55,16274,0,496,364,5423,58,10777,366,16200,California
Calaveras,2021-04-14,181,26722,29,9800,152,16426,0,496,135,5513,46,10823,136,16336,California
Calaveras,2021-04-15,337,27059,288,10088,49,16475,0,496,254,5687,80,10903,254,16590,California
Calaveras,2021-04-16,99,27158,24,10112,75,16550,0,496,46,5684,49,10952,46,16636,California
Calaveras,2021-04-17,330,27488,126,10238,204,16754,0,496,288,5930,42,10994,288,16924,California
Calaveras,2021-04-18,17,27505,6,10244,11,16765,0,496,11,5935,6,11000,11,16935,California
Calaveras,2021-04-19,74,27579,27,10271,47,16812,0,496,45,5953,28,11028,46,16981,California
Calaveras,2021-04-20,261,27840,92,10363,169,16981,0,496,194,6082,65,11093,194,17175,California
Calaveras,2021-04-21,213,28053,143,10506,70,17051,0,496,81,6033,131,11224,82,17257,California
Calaveras,2021-04-22,543,28596,96,10602,447,17498,0,496,141,5776,400,11624,143,17400,California
Calaveras,2021-04-23,157,28753,79,10681,78,17576,0,496,64,5750,90,11714,64,17464,California
Calaveras,2021-04-24,172,28925,36,10717,136,17712,0,496,129,5838,42,11756,130,17594,California
Calaveras,2021-04-25,43,28968,28,10745,15,17727,0,496,22,5841,21,11777,24,17618,California
Calaveras,2021-04-26,114,29082,72,10817,42,17769,0,496,34,5796,80,11857,35,17653,California
Calaveras,2021-04-27,431,29513,67,10884,351,18120,13,509,53,5487,375,12232,66,17719,California
Calaveras,2021-04-28,643,30156,575,11459,37,18157,31,540,52,4987,590,12822,90,17809,California
Calaveras,2021-04-29,512,30668,440,11899,53,18210,19,559,72,4644,439,13261,96,17905,California
Calaveras,2021-04-30,147,30815,58,11957,84,18294,5,564,65,4639,81,13342,76,17981,California
Calaveras,2021-05-01,199,31014,110,12067,87,18381,2,566,132,4711,66,13408,138,18119,California
Calaveras,2021-05-02,51,31065,34,12101,16,18397,1,567,19,4701,31,13439,21,18140,California
Calaveras,2021-05-03,92,31157,68,12169,19,18416,5,572,29,4676,63,13502,38,18178,California
Calaveras,2021-05-04,415,31572,329,12498,49,18465,37,609,42,4384,372,13874,80,18258,California
Calaveras,2021-05-05,112,31684,57,12555,23,18488,32,641,49,4402,62,13936,80,18338,California
Calaveras,2021-05-06,254,31938,194,12749,36,18524,24,665,47,4267,207,14143,72,18410,California
Calaveras,2021-05-07,86,32024,23,12772,57,18581,6,671,56,4299,30,14173,62,18472,California
Calaveras,2021-05-08,289,32313,140,12912,147,18728,2,673,91,4196,196,14369,93,18565,California
Calaveras,2021-05-09,28,32341,12,12924,13,18741,3,676,12,4195,16,14385,15,18580,California
Calaveras,2021-05-10,56,32397,25,12949,30,18771,1,677,25,4193,29,14414,27,18607,California
Calaveras,2021-05-11,128,32525,84,13033,31,18802,13,690,89,4258,38,14452,103,18710,California
Calaveras,2021-05-12,163,32688,43,13076,120,18922,0,690,49,4194,113,14565,49,18759,California
Calaveras,2021-05-13,114,32802,61,13137,38,18960,15,705,60,4217,52,14617,75,18834,California
Calaveras,2021-05-14,150,32952,93,13230,54,19014,3,708,101,4273,48,14665,104,18938,California
Calaveras,2021-05-15,265,33217,94,13324,168,19182,3,711,105,4227,154,14819,108,19046,California
Calaveras,2021-05-16,28,33245,11,13335,17,19199,0,711,13,4226,15,14834,14,19060,California
Calaveras,2021-05-17,87,33332,40,13375,40,19239,7,718,45,4238,41,14875,53,19113,California
Calaveras,2021-05-18,223,33555,60,13435,141,19380,22,740,71,4180,151,15026,93,19206,California
Calaveras,2021-05-19,147,33702,60,13495,82,19462,5,745,72,4184,74,15100,78,19284,California
Calaveras,2021-05-20,184,33886,73,13568,87,19549,24,769,62,4150,119,15219,85,19369,California
Calaveras,2021-05-21,84,33970,50,13618,30,19579,4,773,53,4177,29,15248,56,19425,California
Calaveras,2021-05-22,285,34255,157,13775,128,19707,0,773,141,4175,143,15391,141,19566,California
Calaveras,2021-05-23,21,34276,14,13789,7,19714,0,773,10,4174,11,15402,10,19576,California
Calaveras,2021-05-24,73,34349,37,13826,20,19734,16,789,31,4180,42,15444,48,19624,California
Calaveras,2021-05-25,122,34471,46,13872,59,19793,17,806,59,4193,63,15507,76,19700,California
Calaveras,2021-05-26,120,34591,87,13959,29,19822,4,810,83,4243,36,15543,86,19786,California
Calaveras,2021-05-27,83,34674,43,14002,36,19858,4,814,27,4222,53,15596,32,19818,California
Calaveras,2021-05-28,83,34757,43,14045,36,19894,4,818,41,4225,42,15638,45,19863,California
Calaveras,2021-05-29,68,34825,23,14068,40,19934,5,823,33,4229,34,15672,38,19901,California
Calaveras,2021-05-30,36,34861,14,14082,17,19951,5,828,11,4220,25,15697,16,19917,California
Calaveras,2021-05-31,5,34866,0,14082,3,19954,2,830,0,4217,5,15702,2,19919,California
Calaveras,2021-06-01,144,35010,97,14179,41,19995,6,836,45,4169,99,15801,51,19970,California
Calaveras,2021-06-02,85,35095,54,14233,27,20022,4,840,37,4162,48,15849,41,20011,California
Calaveras,2021-06-03,93,35188,55,14288,31,20053,7,847,46,4172,45,15894,55,20066,California
Calaveras,2021-06-04,134,35322,90,14378,33,20086,11,858,33,4115,101,15995,44,20110,California
Calaveras,2021-06-05,72,35394,21,14399,49,20135,2,860,28,4101,44,16039,30,20140,California
Calaveras,2021-06-06,29,35423,20,14419,6,20141,3,863,17,4109,12,16051,20,20160,California
Calaveras,2021-06-07,52,35475,37,14456,7,20148,8,871,18,4102,33,16084,26,20186,California
Calaveras,2021-06-08,50,35525,36,14492,10,20158,4,875,22,4100,28,16112,26,20212,California
Colusa,2020-12-18,1,1,1,1,0,0,0,0,1,1,0,0,1,1,California
Colusa,2020-12-21,2,3,2,3,0,0,0,0,2,3,0,0,2,3,California
Colusa,2020-12-22,10,13,10,13,0,0,0,0,10,13,0,0,10,13,California
Colusa,2020-12-23,10,23,10,23,0,0,0,0,10,23,0,0,10,23,California
Colusa,2020-12-24,2,25,1,24,1,1,0,0,2,25,0,0,2,25,California
Colusa,2020-12-27,1,26,1,25,0,1,0,0,1,26,0,0,1,26,California
Colusa,2020-12-28,7,33,3,28,4,5,0,0,7,33,0,0,7,33,California
Colusa,2020-12-29,11,44,8,36,3,8,0,0,11,44,0,0,11,44,California
Colusa,2020-12-30,50,94,13,49,37,45,0,0,50,94,0,0,50,94,California
Colusa,2020-12-31,18,112,1,50,17,62,0,0,18,112,0,0,18,112,California
Colusa,2021-01-04,4,116,0,50,4,66,0,0,4,116,0,0,4,116,California
Colusa,2021-01-05,68,184,1,51,67,133,0,0,68,184,0,0,68,184,California
Colusa,2021-01-06,15,199,9,60,6,139,0,0,15,199,0,0,15,199,California
Colusa,2021-01-07,38,237,4,64,34,173,0,0,37,235,1,1,37,236,California
Colusa,2021-01-08,9,246,7,71,2,175,0,0,8,242,1,2,8,244,California
Colusa,2021-01-09,2,248,1,72,1,176,0,0,2,244,0,2,2,246,California
Colusa,2021-01-10,1,249,0,72,1,177,0,0,1,245,0,2,1,247,California
Colusa,2021-01-11,12,261,6,78,6,183,0,0,7,247,5,7,7,254,California
Colusa,2021-01-12,11,272,9,87,2,185,0,0,6,248,5,12,6,260,California
Colusa,2021-01-13,21,293,13,100,8,193,0,0,13,253,8,20,13,273,California
Colusa,2021-01-14,35,328,28,128,7,200,0,0,33,284,2,22,33,306,California
Colusa,2021-01-15,43,371,5,133,38,238,0,0,41,323,2,24,41,347,California
Colusa,2021-01-16,12,383,1,134,11,249,0,0,11,333,1,25,11,358,California
Colusa,2021-01-17,3,386,2,136,1,250,0,0,2,334,1,26,2,360,California
Colusa,2021-01-18,4,390,0,136,4,254,0,0,4,338,0,26,4,364,California
Colusa,2021-01-19,9,399,8,144,1,255,0,0,5,339,4,30,5,369,California
Colusa,2021-01-20,114,513,102,246,12,267,0,0,101,427,13,43,101,470,California
Colusa,2021-01-21,58,571,43,289,15,282,0,0,57,483,1,44,57,527,California
Colusa,2021-01-22,37,608,17,306,20,302,0,0,32,510,5,49,32,559,California
Colusa,2021-01-23,35,643,6,312,29,331,0,0,35,545,0,49,35,594,California
Colusa,2021-01-25,7,650,0,312,7,338,0,0,7,552,0,49,7,601,California
Colusa,2021-01-26,8,658,5,317,3,341,0,0,5,554,3,52,5,606,California
Colusa,2021-01-27,109,767,31,348,78,419,0,0,107,659,2,54,107,713,California
Colusa,2021-01-28,82,849,47,395,35,454,0,0,74,726,8,62,75,788,California
Colusa,2021-01-29,40,889,7,402,33,487,0,0,39,764,1,63,39,827,California
Colusa,2021-01-30,27,916,4,406,23,510,0,0,27,791,0,63,27,854,California
Colusa,2021-01-31,7,923,7,413,0,510,0,0,7,798,0,63,7,861,California
Colusa,2021-02-01,27,950,10,423,17,527,0,0,22,815,5,68,22,883,California
Colusa,2021-02-02,44,994,9,432,35,562,0,0,37,845,7,75,37,920,California
Colusa,2021-02-03,70,1064,11,443,59,621,0,0,59,893,11,86,59,979,California
Colusa,2021-02-04,143,1207,81,524,62,683,0,0,115,980,28,114,115,1094,California
Colusa,2021-02-05,29,1236,8,532,21,704,0,0,26,1003,3,117,26,1120,California
Colusa,2021-02-06,283,1519,9,541,274,978,0,0,272,1264,11,128,272,1392,California
Colusa,2021-02-07,2,1521,1,542,1,979,0,0,0,1262,2,130,0,1392,California
Colusa,2021-02-08,40,1561,5,547,35,1014,0,0,37,1296,3,133,37,1429,California
Colusa,2021-02-09,230,1791,14,561,216,1230,0,0,176,1418,54,187,176,1605,California
Colusa,2021-02-10,115,1906,41,602,74,1304,0,0,72,1447,43,230,72,1677,California
Colusa,2021-02-11,102,2008,39,641,63,1367,0,0,75,1495,27,257,75,1752,California
Colusa,2021-02-12,119,2127,9,650,110,1477,0,0,79,1533,41,298,79,1831,California
Colusa,2021-02-13,60,2187,8,658,52,1529,0,0,52,1577,8,306,52,1883,California
Colusa,2021-02-14,21,2208,8,666,13,1542,0,0,15,1586,6,312,15,1898,California
Colusa,2021-02-15,45,2253,10,676,35,1577,0,0,38,1617,7,319,38,1936,California
Colusa,2021-02-16,67,2320,4,680,63,1640,0,0,66,1682,1,320,66,2002,California
Colusa,2021-02-17,203,2523,143,823,60,1700,0,0,58,1595,145,465,58,2060,California
Colusa,2021-02-18,136,2659,36,859,100,1800,0,0,113,1685,23,488,113,2173,California
Colusa,2021-02-19,153,2812,19,878,134,1934,0,0,130,1792,23,511,130,2303,California
Colusa,2021-02-20,27,2839,5,883,22,1956,0,0,11,1787,16,527,11,2314,California
Colusa,2021-02-21,1,2840,1,884,0,1956,0,0,0,1786,1,528,0,2314,California
Colusa,2021-02-22,43,2883,26,910,17,1973,0,0,29,1801,14,542,29,2343,California
Colusa,2021-02-23,22,2905,7,917,15,1988,0,0,17,1813,5,547,17,2360,California
Colusa,2021-02-24,302,3207,55,972,247,2235,0,0,158,1827,144,691,158,2518,California
Colusa,2021-02-25,102,3309,55,1027,47,2282,0,0,66,1857,36,727,66,2584,California
Colusa,2021-02-26,96,3405,14,1041,82,2364,0,0,59,1879,37,764,59,2643,California
Colusa,2021-02-27,55,3460,4,1045,51,2415,0,0,40,1904,15,779,40,2683,California
Colusa,2021-02-28,27,3487,15,1060,12,2427,0,0,18,1913,9,788,18,2701,California
Colusa,2021-03-01,46,3533,15,1075,31,2458,0,0,29,1925,17,805,29,2730,California
Colusa,2021-03-02,49,3582,13,1088,36,2494,0,0,26,1928,23,828,26,2756,California
Colusa,2021-03-03,243,3825,43,1131,200,2694,0,0,186,2057,57,885,186,2942,California
Colusa,2021-03-04,140,3965,60,1191,80,2774,0,0,80,2077,60,945,80,3022,California
Colusa,2021-03-05,95,4060,25,1216,61,2835,9,9,53,2097,42,987,62,3084,California
Colusa,2021-03-06,273,4333,9,1225,264,3099,0,9,38,1900,235,1222,38,3122,California
Colusa,2021-03-07,8,4341,5,1230,3,3102,0,9,6,1904,2,1224,6,3128,California
Colusa,2021-03-08,89,4430,21,1251,33,3135,35,44,45,1940,44,1268,80,3208,California
Colusa,2021-03-09,276,4706,75,1326,178,3313,23,67,86,1859,190,1458,109,3317,California
Colusa,2021-03-10,290,4996,38,1364,216,3529,36,103,204,2013,86,1544,240,3557,California
Colusa,2021-03-11,419,5415,60,1424,338,3867,21,124,337,2287,82,1626,356,3913,California
Colusa,2021-03-12,109,5524,18,1442,78,3945,13,137,19,2229,90,1716,32,3945,California
Colusa,2021-03-13,60,5584,15,1457,36,3981,9,146,18,2214,42,1758,27,3972,California
Colusa,2021-03-14,20,5604,0,1457,18,3999,2,148,6,2209,13,1771,8,3980,California
Colusa,2021-03-15,71,5675,27,1484,36,4035,8,156,15,2176,56,1827,23,4003,California
Colusa,2021-03-16,296,5971,16,1500,234,4269,46,202,189,2304,107,1934,235,4238,California
Colusa,2021-03-17,193,6164,50,1550,143,4412,0,202,108,2327,85,2019,108,4346,California
Colusa,2021-03-18,324,6488,37,1587,216,4628,71,273,201,2476,123,2142,272,4618,California
Colusa,2021-03-19,78,6566,20,1607,56,4684,2,275,53,2506,25,2167,55,4673,California
Colusa,2021-03-20,49,6615,7,1614,41,4725,1,276,36,2530,13,2180,37,4710,California
Colusa,2021-03-21,6,6621,4,1618,2,4727,0,276,3,2530,3,2183,3,4713,California
Colusa,2021-03-22,62,6683,10,1628,43,4770,9,285,40,2557,22,2205,49,4762,California
Colusa,2021-03-23,81,6764,16,1644,63,4833,2,287,55,2588,26,2231,57,4819,California
Colusa,2021-03-24,341,7105,57,1701,278,5111,6,293,68,2388,273,2504,73,4892,California
Colusa,2021-03-25,107,7212,60,1761,42,5153,5,298,50,2386,57,2561,55,4947,California
Colusa,2021-03-26,298,7510,48,1809,246,5399,4,302,246,2584,52,2613,250,5197,California
Colusa,2021-03-27,64,7574,5,1814,59,5458,0,302,26,2572,38,2651,26,5223,California
Colusa,2021-03-28,16,7590,7,1821,9,5467,0,302,8,2572,8,2659,8,5231,California
Colusa,2021-03-29,73,7663,21,1842,46,5513,6,308,33,2571,40,2699,39,5270,California
Colusa,2021-03-30,151,7814,83,1925,66,5579,2,310,71,2564,80,2779,73,5343,California
Colusa,2021-03-31,234,8048,41,1966,193,5772,0,310,73,2477,160,2939,73,5416,California
Colusa,2021-04-01,435,8483,72,2038,308,6080,55,365,312,2721,122,3061,366,5782,California
Colusa,2021-04-02,83,8566,14,2052,55,6135,14,379,39,2730,44,3105,53,5835,California
Colusa,2021-04-03,61,8627,10,2062,28,6163,23,402,14,2719,47,3152,36,5871,California
Colusa,2021-04-04,18,8645,0,2062,8,6171,10,412,3,2717,15,3167,13,5884,California
Colusa,2021-04-05,97,8742,26,2088,55,6226,16,428,39,2714,58,3225,55,5939,California
Colusa,2021-04-06,130,8872,35,2123,45,6271,50,478,43,2720,87,3312,93,6032,California
Colusa,2021-04-07,358,9230,41,2164,294,6565,23,501,131,2648,227,3539,155,6187,California
Colusa,2021-04-08,426,9656,35,2199,365,6930,26,527,120,2492,303,3842,147,6334,California
Colusa,2021-04-09,77,9733,21,2220,32,6962,24,551,28,2495,49,3891,52,6386,California
Colusa,2021-04-10,44,9777,9,2229,14,6976,21,572,11,2494,33,3924,32,6418,California
Colusa,2021-04-11,17,9794,3,2232,12,6988,2,574,8,2495,9,3933,10,6428,California
Colusa,2021-04-12,32,9826,3,2235,29,7017,0,574,25,2513,7,3940,25,6453,California
Colusa,2021-04-13,278,10104,22,2257,256,7273,0,574,93,2422,184,4124,93,6546,California
Colusa,2021-04-14,94,10198,18,2275,76,7349,0,574,33,2394,61,4185,33,6579,California
Colusa,2021-04-15,325,10523,46,2321,279,7628,0,574,133,2335,192,4377,133,6712,California
Colusa,2021-04-16,79,10602,11,2332,68,7696,0,574,35,2327,43,4420,35,6747,California
Colusa,2021-04-17,51,10653,7,2339,44,7740,0,574,29,2334,22,4442,29,6776,California
Colusa,2021-04-18,9,10662,2,2341,7,7747,0,574,7,2339,2,4444,7,6783,California
Colusa,2021-04-19,61,10723,22,2363,39,7786,0,574,16,2310,45,4489,16,6799,California
Colusa,2021-04-20,178,10901,31,2394,147,7933,0,574,129,2390,49,4538,129,6928,California
Colusa,2021-04-21,170,11071,59,2453,111,8044,0,574,110,2440,60,4598,110,7038,California
Colusa,2021-04-22,420,11491,27,2480,392,8436,1,575,218,2457,201,4799,218,7256,California
Colusa,2021-04-23,92,11583,19,2499,73,8509,0,575,36,2437,56,4855,36,7292,California
Colusa,2021-04-24,241,11824,19,2518,221,8730,1,576,209,2614,32,4887,209,7501,California
Colusa,2021-04-25,12,11836,6,2524,6,8736,0,576,8,2618,4,4891,8,7509,California
Colusa,2021-04-26,24,11860,5,2529,18,8754,1,577,6,2607,17,4908,6,7515,California
Colusa,2021-04-27,94,11954,23,2552,67,8821,4,581,44,2605,50,4958,48,7563,California
Colusa,2021-04-28,189,12143,27,2579,159,8980,3,584,139,2698,49,5007,142,7705,California
Colusa,2021-04-29,319,12462,27,2606,288,9268,4,588,47,2479,270,5277,51,7756,California
Colusa,2021-04-30,65,12527,18,2624,47,9315,0,588,41,2496,24,5301,41,7797,California
Colusa,2021-05-01,19,12546,8,2632,8,9323,3,591,9,2498,10,5311,12,7809,California
Colusa,2021-05-02,4,12550,1,2633,2,9325,1,592,2,2499,2,5313,3,7812,California
Colusa,2021-05-03,31,12581,7,2640,24,9349,0,592,15,2498,16,5329,15,7827,California
Colusa,2021-05-04,95,12676,52,2692,42,9391,1,593,68,2540,27,5356,69,7896,California
Colusa,2021-05-05,79,12755,16,2708,62,9453,1,594,34,2530,45,5401,35,7931,California
Colusa,2021-05-06,254,13009,16,2724,236,9689,2,596,111,2500,143,5544,113,8044,California
Colusa,2021-05-07,67,13076,5,2729,58,9747,4,600,31,2499,36,5580,35,8079,California
Colusa,2021-05-08,17,13093,5,2734,12,9759,0,600,9,2500,8,5588,9,8088,California
Colusa,2021-05-09,13,13106,5,2739,5,9764,3,603,6,2502,7,5595,9,8097,California
Colusa,2021-05-10,16,13122,6,2745,10,9774,0,603,7,2500,9,5604,7,8104,California
Colusa,2021-05-11,92,13214,33,2778,59,9833,0,603,50,2508,42,5646,50,8154,California
Colusa,2021-05-12,72,13286,31,2809,37,9870,4,607,20,2480,52,5698,24,8178,California
Colusa,2021-05-13,241,13527,24,2833,216,10086,1,608,78,2396,163,5861,79,8257,California
Colusa,2021-05-14,86,13613,18,2851,53,10139,15,623,33,2392,52,5913,48,8305,California
Colusa,2021-05-15,37,13650,9,2860,26,10165,2,625,19,2395,18,5931,21,8326,California
Colusa,2021-05-16,22,13672,5,2865,10,10175,7,632,9,2398,13,5944,16,8342,California
Colusa,2021-05-17,24,13696,4,2869,18,10193,2,634,12,2400,12,5956,14,8356,California
Colusa,2021-05-18,98,13794,24,2893,72,10265,2,636,43,2390,55,6011,45,8401,California
Colusa,2021-05-19,217,14011,43,2936,154,10419,20,656,67,2327,150,6161,87,8488,California
Colusa,2021-05-20,281,14292,34,2970,243,10662,4,660,69,2188,212,6373,73,8561,California
Colusa,2021-05-21,68,14360,23,2993,43,10705,2,662,36,2194,32,6405,38,8599,California
Colusa,2021-05-22,216,14576,20,3013,196,10901,0,662,29,2036,187,6592,29,8628,California
Colusa,2021-05-23,16,14592,5,3018,7,10908,4,666,3,2030,13,6605,7,8635,California
Colusa,2021-05-24,26,14618,3,3021,18,10926,5,671,15,2039,11,6616,20,8655,California
Colusa,2021-05-25,132,14750,73,3094,57,10983,2,673,50,2009,82,6698,52,8707,California
Colusa,2021-05-26,71,14821,24,3118,47,11030,0,673,32,2002,39,6737,32,8739,California
Colusa,2021-05-27,170,14991,17,3135,153,11183,0,673,54,1940,116,6853,54,8793,California
Colusa,2021-05-28,80,15071,26,3161,53,11236,1,674,40,1941,40,6893,41,8834,California
Colusa,2021-05-29,37,15108,18,3179,18,11254,1,675,29,1963,8,6901,30,8864,California
Colusa,2021-05-30,8,15116,1,3180,2,11256,5,680,1,1962,7,6908,6,8870,California
Colusa,2021-05-31,4,15120,0,3180,4,11260,0,680,1,1960,3,6911,1,8871,California
Colusa,2021-06-01,53,15173,17,3197,35,11295,1,681,28,1965,24,6935,29,8900,California
Colusa,2021-06-02,146,15319,20,3217,124,11419,2,683,52,1926,93,7028,54,8954,California
Colusa,2021-06-03,63,15382,20,3237,42,11461,1,684,26,1919,34,7062,27,8981,California
Colusa,2021-06-04,57,15439,18,3255,36,11497,3,687,19,1904,37,7099,22,9003,California
Colusa,2021-06-05,34,15473,16,3271,17,11514,1,688,17,1905,17,7116,18,9021,California
Colusa,2021-06-06,7,15480,3,3274,3,11517,1,689,4,1907,3,7119,5,9026,California
Colusa,2021-06-07,24,15504,6,3280,18,11535,0,689,13,1909,11,7130,13,9039,California
Colusa,2021-06-08,28,15532,4,3284,24,11559,0,689,10,1901,18,7148,10,9049,California
Contra Costa,2020-12-15,18,18,18,18,0,0,0,0,18,18,0,0,18,18,California
Contra Costa,2020-12-16,523,541,523,541,0,0,0,0,523,541,0,0,523,541,California
Contra Costa,2020-12-17,1047,1588,1047,1588,0,0,0,0,1047,1588,0,0,1047,1588,California
Contra Costa,2020-12-18,1760,3348,1759,3347,1,1,0,0,1760,3348,0,0,1760,3348,California
Contra Costa,2020-12-19,1118,4466,1117,4464,1,2,0,0,1118,4466,0,0,1118,4466,California
Contra Costa,2020-12-20,598,5064,597,5061,1,3,0,0,598,5064,0,0,598,5064,California
Contra Costa,2020-12-21,1668,6732,1666,6727,2,5,0,0,1668,6732,0,0,1668,6732,California
Contra Costa,2020-12-22,1679,8411,1573,8300,106,111,0,0,1679,8411,0,0,1679,8411,California
Contra Costa,2020-12-23,1623,10034,1375,9675,248,359,0,0,1623,10034,0,0,1623,10034,California
Contra Costa,2020-12-24,663,10697,340,10015,323,682,0,0,663,10697,0,0,663,10697,California
Contra Costa,2020-12-25,40,10737,18,10033,22,704,0,0,40,10737,0,0,40,10737,California
Contra Costa,2020-12-26,656,11393,134,10167,522,1226,0,0,656,11393,0,0,656,11393,California
Contra Costa,2020-12-27,243,11636,86,10253,157,1383,0,0,243,11636,0,0,243,11636,California
Contra Costa,2020-12-28,1853,13489,870,11123,983,2366,0,0,1853,13489,0,0,1853,13489,California
Contra Costa,2020-12-29,1852,15341,827,11950,1025,3391,0,0,1852,15341,0,0,1852,15341,California
Contra Costa,2020-12-30,2418,17759,1218,13168,1200,4591,0,0,2417,17758,1,1,2418,17759,California
Contra Costa,2020-12-31,925,18684,308,13476,617,5208,0,0,924,18682,0,1,924,18683,California
Contra Costa,2021-01-01,66,18750,24,13500,42,5250,0,0,66,18748,0,1,66,18749,California
Contra Costa,2021-01-02,340,19090,175,13675,165,5415,0,0,340,19088,0,1,340,19089,California
Contra Costa,2021-01-03,180,19270,122,13797,58,5473,0,0,179,19267,0,1,179,19268,California
Contra Costa,2021-01-04,1919,21189,1257,15054,662,6135,0,0,1890,21130,27,28,1890,21158,California
Contra Costa,2021-01-05,2119,23308,1264,16318,855,6990,0,0,1833,22679,285,313,1834,22992,California
Contra Costa,2021-01-06,3310,26618,2269,18587,1041,8031,0,0,2496,24371,808,1121,2500,25492,California
Contra Costa,2021-01-07,3119,29737,2079,20666,1040,9071,0,0,1797,24851,1319,2440,1799,27291,California
Contra Costa,2021-01-08,3414,33151,2413,23079,1001,10072,0,0,1761,24968,1648,4088,1765,29056,California
Contra Costa,2021-01-09,1604,34755,1150,24229,454,10526,0,0,737,24842,866,4954,740,29796,California
Contra Costa,2021-01-10,368,35123,291,24520,77,10603,0,0,155,24784,213,5167,155,29951,California
Contra Costa,2021-01-11,3856,38979,3157,27677,699,11302,0,0,2230,25391,1626,6793,2233,32184,California
Contra Costa,2021-01-12,3936,42915,2956,30633,980,12282,0,0,2589,26637,1347,8140,2593,34777,California
Contra Costa,2021-01-13,4765,47680,2959,33592,1806,14088,0,0,3801,29481,960,9100,3804,38581,California
Contra Costa,2021-01-14,4341,52021,1575,35167,2766,16854,0,0,3954,33048,387,9487,3954,42535,California
Contra Costa,2021-01-15,5360,57381,2472,37639,2888,19742,0,0,5032,37757,327,9814,5036,47571,California
Contra Costa,2021-01-16,1735,59116,561,38200,1174,20916,0,0,1659,39340,76,9890,1659,49230,California
Contra Costa,2021-01-17,1663,60779,978,39178,685,21601,0,0,1541,40762,122,10012,1544,50774,California
Contra Costa,2021-01-18,3238,64017,1281,40459,1957,23558,0,0,2609,42750,623,10635,2611,53385,California
Contra Costa,2021-01-19,7085,71102,3170,43629,3915,27473,0,0,6076,47825,1006,11641,6081,59466,California
Contra Costa,2021-01-20,6721,77823,4138,47767,2583,30056,0,0,5482,52077,1235,12876,5487,64953,California
Contra Costa,2021-01-21,7033,84856,3128,50895,3905,33961,0,0,6298,57654,729,13605,6306,71259,California
Contra Costa,2021-01-22,6426,91282,2728,53623,3698,37659,0,0,5560,62360,857,14462,5563,76822,California
Contra Costa,2021-01-23,2055,93337,361,53984,1694,39353,0,0,1792,63893,261,14723,1794,78616,California
Contra Costa,2021-01-24,1600,94937,219,54203,1381,40734,0,0,1452,65201,148,14871,1456,80072,California
Contra Costa,2021-01-25,6727,101664,3056,57259,3671,44405,0,0,5140,68761,1585,16456,5145,85217,California
Contra Costa,2021-01-26,8196,109860,4732,61991,3464,47869,0,0,6318,73214,1870,18326,6323,91540,California
Contra Costa,2021-01-27,8273,118133,5449,67440,2824,50693,0,0,6408,77774,1853,20179,6413,97953,California
Contra Costa,2021-01-28,7525,125658,4101,71541,3424,54117,0,0,5900,82059,1619,21798,5904,103857,California
Contra Costa,2021-01-29,7511,133169,3915,75456,3596,57713,0,0,6182,86919,1325,23123,6185,110042,California
Contra Costa,2021-01-30,2155,135324,662,76118,1493,59206,0,0,1746,88263,402,23525,1746,111788,California
Contra Costa,2021-01-31,667,135991,438,76556,229,59435,0,0,574,88747,90,23615,574,112362,California
Contra Costa,2021-02-01,5897,141888,4104,80660,1793,61228,0,0,3985,90831,1904,25519,3988,116350,California
Contra Costa,2021-02-02,7627,149515,5110,85770,2517,63745,0,0,5916,95038,1710,27229,5917,122267,California
Contra Costa,2021-02-03,8340,157855,5509,91279,2831,66576,0,0,5659,98026,2672,29901,5660,127927,California
Contra Costa,2021-02-04,7570,165425,3604,94883,3966,70542,0,0,5799,102059,1769,31670,5802,133729,California
Contra Costa,2021-02-05,8488,173913,4838,99721,3650,74192,0,0,5780,105138,2701,34371,5780,139509,California
Contra Costa,2021-02-06,3511,177424,2174,101895,1337,75529,0,0,2854,107337,656,35027,2855,142364,California
Contra Costa,2021-02-07,993,178417,721,102616,272,75801,0,0,611,107567,381,35408,611,142975,California
Contra Costa,2021-02-08,5926,184343,3517,106133,2409,78210,0,0,4413,110475,1506,36914,4414,147389,California
Contra Costa,2021-02-09,8729,193072,4826,110959,3903,82113,0,0,5817,113388,2905,39819,5818,153207,California
Contra Costa,2021-02-10,8706,201778,4690,115649,4016,86129,0,0,5402,115505,3289,43108,5406,158613,California
Contra Costa,2021-02-11,9398,211176,4240,119889,5158,91287,0,0,5310,116738,4082,47190,5315,163928,California
Contra Costa,2021-02-12,10147,221323,4651,124540,5496,96783,0,0,5492,117585,4648,51838,5495,169423,California
Contra Costa,2021-02-13,4919,226242,1383,125923,3536,100319,0,0,3426,119522,1490,53328,3427,172850,California
Contra Costa,2021-02-14,2108,228350,868,126791,1240,101559,0,0,1226,119868,880,54208,1226,174076,California
Contra Costa,2021-02-15,4496,232846,2482,129273,2014,103573,0,0,2350,120081,2138,56346,2351,176427,California
Contra Costa,2021-02-16,10473,243319,4939,134212,5534,109107,0,0,4666,118952,5799,62145,4670,181097,California
Contra Costa,2021-02-17,12374,255693,6201,140413,6173,115280,0,0,5672,117938,6687,68832,5673,186770,California
Contra Costa,2021-02-18,11555,267248,6008,146421,5547,120827,0,0,5351,117098,6193,75025,5353,192123,California
Contra Costa,2021-02-19,11548,278796,7201,153622,4347,125174,0,0,5234,116035,6299,81324,5236,197359,California
Contra Costa,2021-02-20,6574,285370,2976,156598,3598,128772,0,0,4640,118759,1918,83242,4642,202001,California
Contra Costa,2021-02-21,2338,287708,1756,158354,582,129354,0,0,1579,119580,758,84000,1579,203580,California
Contra Costa,2021-02-22,7778,295486,5260,163614,2518,131872,0,0,3581,118982,4182,88182,3584,207164,California
Contra Costa,2021-02-23,12279,307765,7557,171171,4722,136594,0,0,6186,119096,6079,94261,6193,213357,California
Contra Costa,2021-02-24,10815,318580,7951,179122,2864,139458,0,0,5253,118806,5545,99806,5255,218612,California
Contra Costa,2021-02-25,11969,330549,7597,186719,4372,143830,0,0,5558,117979,6390,106196,5563,224175,California
Contra Costa,2021-02-26,11184,341733,7064,193783,4120,147950,0,0,5544,117899,5625,111821,5545,229720,California
Contra Costa,2021-02-27,6980,348713,4508,198291,2472,150422,0,0,4375,119679,2597,114418,4377,234097,California
Contra Costa,2021-02-28,4364,353077,3621,201912,742,151164,1,1,3683,122686,678,115096,3685,237782,California
Contra Costa,2021-03-01,8702,361779,6600,208512,2097,153261,5,6,5369,124745,3317,118413,5376,243158,California
Contra Costa,2021-03-02,10723,372502,6869,215381,3853,157114,1,7,5749,125538,4958,123371,5751,248909,California
Contra Costa,2021-03-03,11410,383912,7173,222554,4236,161350,1,8,6428,127000,4968,128339,6430,255339,California
Contra Costa,2021-03-04,12097,396009,7232,229786,4864,166214,1,9,6288,127500,5790,134129,6290,261629,California
Contra Costa,2021-03-05,11594,407603,6964,236750,4623,170837,7,16,6671,129273,4905,139034,6678,268307,California
Contra Costa,2021-03-06,7557,415160,4230,240980,3016,173853,311,327,4938,131913,2607,141641,5247,273554,California
Contra Costa,2021-03-07,3864,419024,2470,243450,1332,175185,62,389,3180,134473,682,142323,3242,276796,California
Contra Costa,2021-03-08,8320,427344,3947,247397,4064,179249,309,698,5592,137662,2716,145039,5905,282701,California
Contra Costa,2021-03-09,11236,438580,5965,253362,4974,184223,297,995,5890,138515,5336,150375,6189,288890,California
Contra Costa,2021-03-10,12549,451129,6290,259652,4751,188974,1508,2503,5723,138924,6813,157188,7222,296112,California
Contra Costa,2021-03-11,12629,463758,6639,266291,5424,194398,566,3069,6450,139785,6155,163343,7016,303128,California
Contra Costa,2021-03-12,12742,476500,5250,271541,6926,201324,566,3635,6355,140332,6370,169713,6917,310045,California
Contra Costa,2021-03-13,7936,484436,3190,274731,4315,205639,431,4066,3127,139095,4790,174503,3553,313598,California
Contra Costa,2021-03-14,4478,488914,2646,277377,1340,206979,492,4558,1712,138539,2758,177261,2202,315800,California
Contra Costa,2021-03-15,9542,498456,5181,282558,3595,210574,766,5324,4714,139207,4810,182071,5478,321278,California
Contra Costa,2021-03-16,14466,512922,8624,291182,5433,216007,409,5733,7146,139464,7297,189368,7554,328832,California
Contra Costa,2021-03-17,15198,528120,10511,301693,4468,220475,219,5952,8501,141516,6674,196042,8726,337558,California
Contra Costa,2021-03-18,15552,543672,8687,310380,6383,226858,482,6434,8591,143661,6926,202968,9071,346629,California
Contra Costa,2021-03-19,15767,559439,9115,319495,5237,232095,1415,7849,8169,145667,7580,210548,9586,356215,California
Contra Costa,2021-03-20,10828,570267,6501,325996,4011,236106,316,8165,5112,145399,5695,216243,5427,361642,California
Contra Costa,2021-03-21,4619,574886,4034,330030,487,236593,98,8263,1804,144495,2805,219048,1901,363543,California
Contra Costa,2021-03-22,11747,586633,8869,338899,2623,239216,255,8518,6825,146667,4905,223953,7077,370620,California
Contra Costa,2021-03-23,15783,602416,10890,349789,4722,243938,171,8689,9074,149233,6680,230633,9246,379866,California
Contra Costa,2021-03-24,15152,617568,11828,361617,3110,247048,214,8903,9162,152654,5957,236590,9378,389244,California
Contra Costa,2021-03-25,15486,633054,12088,373705,3107,250155,291,9194,9460,156412,5989,242579,9747,398991,California
Contra Costa,2021-03-26,15183,648237,10906,384611,3872,254027,405,9599,8707,159070,6449,249028,9107,408098,California
Contra Costa,2021-03-27,10642,658879,6924,391535,3203,257230,515,10114,5661,160268,4971,253999,6169,414267,California
Contra Costa,2021-03-28,4275,663154,3046,394581,1175,258405,54,10168,1631,159320,2633,256632,1685,415952,California
Contra Costa,2021-03-29,10998,674152,8584,403165,2296,260701,118,10286,6983,162428,3996,260628,7104,423056,California
Contra Costa,2021-03-30,16942,691094,9274,412439,6307,267008,1361,11647,10455,167772,6467,267095,11811,434867,California
Contra Costa,2021-03-31,18189,709283,12757,425196,3985,270993,1447,13094,11465,173999,6679,273774,12906,447773,California
Contra Costa,2021-04-01,17740,727023,12413,437609,3932,274925,1395,14489,11504,180690,6205,279979,12896,460669,California
Contra Costa,2021-04-02,17634,744657,12984,450593,3616,278541,1034,15523,11675,187449,5947,285926,12706,473375,California
Contra Costa,2021-04-03,10958,755615,6540,457133,2857,281398,1561,17084,6259,190580,4684,290610,7815,481190,California
Contra Costa,2021-04-04,3373,758988,1329,458462,1446,282844,598,17682,852,189515,2513,293123,1448,482638,California
Contra Costa,2021-04-05,12202,771190,7956,466418,3264,286108,982,18664,6625,191559,5563,298686,7607,490245,California
Contra Costa,2021-04-06,17433,788623,12081,478499,3057,289165,2295,20959,9766,195971,7646,306332,12058,502303,California
Contra Costa,2021-04-07,18683,807306,12656,491155,3198,292363,2829,23788,10588,201348,8073,314405,13450,515753,California
Contra Costa,2021-04-08,18826,826132,12547,503702,3346,295709,2933,26721,10085,205641,8714,323119,13007,528760,California
Contra Costa,2021-04-09,18982,845114,12105,515807,4368,300077,2509,29230,10156,209501,8797,331916,12657,541417,California
Contra Costa,2021-04-10,10622,855736,3832,519639,2196,302273,4594,33824,3301,210079,7304,339220,7882,549299,California
Contra Costa,2021-04-11,3386,859122,2019,521658,701,302974,666,34490,1134,209632,2246,341466,1799,551098,California
Contra Costa,2021-04-12,12059,871181,7955,529613,3028,306002,1076,35566,5665,210006,6376,347842,6750,557848,California
Contra Costa,2021-04-13,17908,889089,10992,540605,6909,312911,7,35573,11924,215987,5959,353801,11940,569788,California
Contra Costa,2021-04-14,17801,906890,11175,551780,6625,319536,1,35574,9877,217976,7898,361699,9887,579675,California
Contra Costa,2021-04-15,17622,924512,10827,562607,6794,326330,1,35575,8161,216728,9433,371132,8185,587860,California
Contra Costa,2021-04-16,16921,941433,10555,573162,6365,332695,1,35576,7583,215004,9315,380447,7591,595451,California
Contra Costa,2021-04-17,11485,952918,6321,579483,5164,337859,0,35576,6145,215832,5324,385771,6152,601603,California
Contra Costa,2021-04-18,2774,955692,2135,581618,639,338498,0,35576,1789,216645,976,386747,1789,603392,California
Contra Costa,2021-04-19,11442,967134,8541,590159,2901,341399,0,35576,3579,212391,7836,394583,3582,606974,California
Contra Costa,2021-04-20,16737,983871,10877,601036,5860,347259,0,35576,6254,208198,10452,405035,6259,613233,California
Contra Costa,2021-04-21,17418,1001289,14211,615247,3206,350465,1,35577,6175,203178,11203,416238,6183,619416,California
Contra Costa,2021-04-22,17252,1018541,13970,629217,3280,353745,2,35579,6079,198128,11140,427378,6090,625506,California
Contra Costa,2021-04-23,17086,1035627,13578,642795,3508,357253,0,35579,5507,192100,11543,438921,5515,631021,California
Contra Costa,2021-04-24,11013,1046640,8488,651283,2524,359777,1,35580,4216,189544,6776,445697,4220,635241,California
Contra Costa,2021-04-25,3292,1049932,2213,653496,1077,360854,2,35582,2080,190418,1211,446908,2085,637326,California
Contra Costa,2021-04-26,10039,1059971,8379,661875,1636,362490,24,35606,3009,186451,7012,453920,3045,640371,California
Contra Costa,2021-04-27,14653,1074624,10693,672568,3789,366279,171,35777,3972,179949,10656,464576,4154,644525,California
Contra Costa,2021-04-28,14287,1088911,11124,683692,2875,369154,288,36065,3823,173638,10429,475005,4118,648643,California
Contra Costa,2021-04-29,13487,1102398,10440,694132,2877,372031,170,36235,3219,166791,10241,485246,3394,652037,California
Contra Costa,2021-04-30,13767,1116165,10851,704983,2659,374690,257,36492,3111,159536,10627,495873,3372,655409,California
Contra Costa,2021-05-01,8065,1124230,5868,710851,1874,376564,323,36815,1921,155660,6120,501993,2244,657653,California
Contra Costa,2021-05-02,2347,1126577,1590,712441,675,377239,82,36897,987,155379,1350,503343,1069,658722,California
Contra Costa,2021-05-03,9139,1135716,8035,720476,927,378166,177,37074,1924,150281,7202,510545,2104,660826,California
Contra Costa,2021-05-04,14126,1149842,12190,732666,1607,379773,329,37403,2283,141075,11818,522363,2612,663438,California
Contra Costa,2021-05-05,12554,1162396,10828,743494,1526,381299,200,37603,2409,133568,10117,532480,2610,666048,California
Contra Costa,2021-05-06,10327,1172723,8576,752070,1414,382713,337,37940,1941,127493,8362,540842,2287,668335,California
Contra Costa,2021-05-07,9661,1182384,7761,759831,1674,384387,226,38166,2214,122515,7414,548256,2436,670771,California
Contra Costa,2021-05-08,5316,1187700,3999,763830,1148,385535,169,38335,1248,119885,4051,552307,1421,672192,California
Contra Costa,2021-05-09,2114,1189814,1781,765611,272,385807,61,38396,454,118745,1656,553963,516,672708,California
Contra Costa,2021-05-10,4936,1194750,3947,769558,771,386578,218,38614,1337,116722,3577,557540,1554,674262,California
Contra Costa,2021-05-11,8742,1203492,4557,774115,3956,390534,229,38843,1725,111685,6997,564537,1960,676222,California
Contra Costa,2021-05-12,9245,1212737,4756,778871,4229,394763,260,39103,1664,106061,7554,572091,1930,678152,California
Contra Costa,2021-05-13,11453,1224190,7607,786478,3661,398424,185,39288,4037,102896,7388,579479,4223,682375,California
Contra Costa,2021-05-14,12145,1236335,8087,794565,3780,402204,278,39566,5014,101081,7106,586585,5291,687666,California
Contra Costa,2021-05-15,9984,1246319,7237,801802,2628,404832,119,39685,4388,100008,5582,592167,4509,692175,California
Contra Costa,2021-05-16,2434,1248753,2128,803930,260,405092,46,39731,1089,99803,1339,593506,1134,693309,California
Contra Costa,2021-05-17,7037,1255790,5678,809608,1188,406280,171,39902,3538,100033,3480,596986,3710,697019,California
Contra Costa,2021-05-18,10227,1266017,6991,816599,3018,409298,218,40120,4460,98977,5738,602724,4682,701701,California
Contra Costa,2021-05-19,8449,1274466,6834,823433,1422,410720,193,40313,3832,98408,4598,607322,4029,705730,California
Contra Costa,2021-05-20,6601,1281067,5219,828652,1208,411928,174,40487,3052,98108,3528,610850,3228,708958,California
Contra Costa,2021-05-21,6599,1287666,5061,833713,1340,413268,198,40685,2986,97700,3590,614440,3182,712140,California
Contra Costa,2021-05-22,4659,1292325,3672,837385,812,414080,175,40860,2218,97671,2423,616863,2394,714534,California
Contra Costa,2021-05-23,981,1293306,637,838022,297,414377,47,40907,467,97675,509,617372,513,715047,California
Contra Costa,2021-05-24,4637,1297943,3838,841860,622,414999,177,41084,2179,97585,2448,619820,2358,717405,California
Contra Costa,2021-05-25,6254,1304197,5088,846948,916,415915,250,41334,2645,96888,3592,623412,2895,720300,California
Contra Costa,2021-05-26,5581,1309778,3580,850528,1815,417730,186,41520,1919,95352,3641,627053,2105,722405,California
Contra Costa,2021-05-27,3795,1313573,2685,853213,933,418663,177,41697,1628,94999,2153,629206,1800,724205,California
Contra Costa,2021-05-28,5347,1318920,3737,856950,1437,420100,173,41870,2241,94326,3085,632291,2412,726617,California
Contra Costa,2021-05-29,3237,1322157,2087,859037,1033,421133,117,41987,1615,94448,1610,633901,1732,728349,California
Contra Costa,2021-05-30,922,1323079,581,859618,313,421446,28,42015,360,94276,560,634461,388,728737,California
Contra Costa,2021-05-31,389,1323468,268,859886,110,421556,11,42026,129,94157,259,634720,140,728877,California
Contra Costa,2021-06-01,4785,1328253,3562,863448,1079,422635,144,42170,1720,92972,3049,637769,1864,730741,California
Contra Costa,2021-06-02,3415,1331668,2414,865862,854,423489,147,42317,1403,92519,2002,639771,1549,732290,California
Contra Costa,2021-06-03,5406,1337074,4506,870368,785,424274,115,42432,1541,90318,3857,643628,1656,733946,California
Contra Costa,2021-06-04,6376,1343450,5337,875705,899,425173,140,42572,1630,87364,4720,648348,1766,735712,California
Contra Costa,2021-06-05,5119,1348569,4330,880035,681,425854,108,42680,1086,84533,4024,652372,1193,736905,California
Contra Costa,2021-06-06,1336,1349905,1157,881192,149,426003,30,42710,365,83961,967,653339,395,737300,California
Contra Costa,2021-06-07,4787,1354692,4221,885413,466,426469,100,42810,1355,81997,3420,656759,1456,738756,California
Contra Costa,2021-06-08,4305,1358997,3834,889247,383,426852,88,42898,924,79639,3371,660130,1013,739769,California
Del Norte,2020-12-21,23,23,23,23,0,0,0,0,23,23,0,0,23,23,California
Del Norte,2020-12-22,46,69,46,69,0,0,0,0,46,69,0,0,46,69,California
Del Norte,2020-12-23,59,128,48,117,11,11,0,0,57,126,0,0,57,126,California
Del Norte,2020-12-28,34,162,34,151,0,11,0,0,34,160,0,0,34,160,California
Del Norte,2020-12-29,4,166,4,155,0,11,0,0,4,164,0,0,4,164,California
Del Norte,2020-12-30,68,234,56,211,12,23,0,0,68,232,0,0,68,232,California
Del Norte,2020-12-31,16,250,13,224,3,26,0,0,16,248,0,0,16,248,California
Del Norte,2021-01-04,102,352,49,273,53,79,0,0,102,350,0,0,102,350,California
Del Norte,2021-01-05,32,384,0,273,32,111,0,0,31,381,1,1,32,382,California
Del Norte,2021-01-06,77,461,18,291,59,170,0,0,77,458,0,1,77,459,California
Del Norte,2021-01-07,21,482,1,292,20,190,0,0,21,479,0,1,21,480,California
Del Norte,2021-01-08,78,560,7,299,71,261,0,0,78,557,0,1,78,558,California
Del Norte,2021-01-11,40,600,21,320,19,280,0,0,18,554,22,23,19,577,California
Del Norte,2021-01-12,51,651,32,352,19,299,0,0,30,563,21,44,30,607,California
Del Norte,2021-01-13,84,735,40,392,44,343,0,0,51,581,33,77,51,658,California
Del Norte,2021-01-14,53,788,14,406,39,382,0,0,47,622,6,83,47,705,California
Del Norte,2021-01-15,107,895,18,424,89,471,0,0,95,705,12,95,95,800,California
Del Norte,2021-01-17,1,896,1,425,0,471,0,0,1,706,0,95,1,801,California
Del Norte,2021-01-18,2,898,0,425,2,473,0,0,2,708,0,95,2,803,California
Del Norte,2021-01-19,119,1017,56,481,63,536,0,0,77,743,42,137,77,880,California
Del Norte,2021-01-20,160,1177,84,565,76,612,0,0,96,776,63,200,96,976,California
Del Norte,2021-01-21,43,1220,40,605,3,615,0,0,32,797,11,211,32,1008,California
Del Norte,2021-01-22,20,1240,17,622,3,618,0,0,13,803,7,218,13,1021,California
Del Norte,2021-01-23,1,1241,0,622,1,619,0,0,1,804,0,218,1,1022,California
Del Norte,2021-01-24,1,1242,0,622,1,620,0,0,1,805,0,218,1,1023,California
Del Norte,2021-01-25,100,1342,82,704,18,638,0,0,56,817,44,262,56,1079,California
Del Norte,2021-01-26,18,1360,11,715,7,645,0,0,7,813,11,273,7,1086,California
Del Norte,2021-01-27,64,1424,21,736,43,688,0,0,61,871,3,276,61,1147,California
Del Norte,2021-01-28,292,1716,20,756,272,960,0,0,287,1153,5,281,287,1434,California
Del Norte,2021-01-29,61,1777,21,777,40,1000,0,0,43,1178,18,299,43,1477,California
Del Norte,2021-01-30,8,1785,1,778,7,1007,0,0,8,1186,0,299,8,1485,California
Del Norte,2021-02-01,41,1826,1,779,40,1047,0,0,26,1197,15,314,26,1511,California
Del Norte,2021-02-02,140,1966,34,813,106,1153,0,0,73,1204,66,380,73,1584,California
Del Norte,2021-02-03,128,2094,42,855,86,1239,0,0,73,1222,55,435,73,1657,California
Del Norte,2021-02-04,69,2163,27,882,42,1281,0,0,40,1233,29,464,40,1697,California
Del Norte,2021-02-05,184,2347,22,904,162,1443,0,0,118,1286,65,529,118,1815,California
Del Norte,2021-02-06,310,2657,4,908,306,1749,0,0,310,1596,0,529,310,2125,California
Del Norte,2021-02-07,1,2658,0,908,1,1750,0,0,1,1597,0,529,1,2126,California
Del Norte,2021-02-08,36,2694,1,909,35,1785,0,0,32,1625,4,533,32,2158,California
Del Norte,2021-02-09,8,2702,5,914,3,1788,0,0,2,1621,6,539,2,2160,California
Del Norte,2021-02-10,142,2844,20,934,122,1910,0,0,86,1652,55,594,86,2246,California
Del Norte,2021-02-11,176,3020,58,992,118,2028,0,0,63,1602,113,707,63,2309,California
Del Norte,2021-02-12,121,3141,14,1006,107,2135,0,0,67,1615,54,761,67,2376,California
Del Norte,2021-02-13,2,3143,1,1007,1,2136,0,0,2,1617,0,761,2,2378,California
Del Norte,2021-02-14,3,3146,1,1008,2,2138,0,0,2,1618,1,762,2,2380,California
Del Norte,2021-02-15,5,3151,0,1008,5,2143,0,0,3,1619,2,764,3,2383,California
Del Norte,2021-02-16,132,3283,1,1009,131,2274,0,0,13,1513,119,883,13,2396,California
Del Norte,2021-02-17,93,3376,20,1029,73,2347,0,0,25,1471,67,950,25,2421,California
Del Norte,2021-02-18,77,3453,24,1053,53,2400,0,0,51,1496,26,976,51,2472,California
Del Norte,2021-02-19,43,3496,17,1070,26,2426,0,0,33,1519,10,986,33,2505,California
Del Norte,2021-02-20,8,3504,5,1075,3,2429,0,0,6,1523,2,988,6,2511,California
Del Norte,2021-02-22,2,3506,0,1075,2,2431,0,0,2,1525,0,988,2,2513,California
Del Norte,2021-02-23,105,3611,88,1163,17,2448,0,0,29,1479,76,1064,30,2543,California
Del Norte,2021-02-24,154,3765,100,1263,54,2502,0,0,79,1483,75,1139,79,2622,California
Del Norte,2021-02-25,477,4242,131,1394,346,2848,0,0,213,1434,262,1401,213,2835,California
Del Norte,2021-02-26,213,4455,176,1570,37,2885,0,0,167,1555,46,1447,167,3002,California
Del Norte,2021-02-27,149,4604,143,1713,5,2890,1,1,141,1689,8,1455,142,3144,California
Del Norte,2021-02-28,3,4607,0,1713,3,2893,0,1,3,1692,0,1455,3,3147,California
Del Norte,2021-03-01,29,4636,2,1715,27,2920,0,1,4,1672,24,1479,4,3151,California
Del Norte,2021-03-02,222,4858,142,1857,80,3000,0,1,188,1826,34,1513,188,3339,California
Del Norte,2021-03-03,167,5025,99,1956,68,3068,0,1,126,1911,41,1554,126,3465,California
Del Norte,2021-03-04,119,5144,82,2038,37,3105,0,1,91,1975,27,1581,91,3556,California
Del Norte,2021-03-05,122,5266,11,2049,111,3216,0,1,74,2001,48,1629,74,3630,California
Del Norte,2021-03-06,464,5730,77,2126,338,3554,49,50,163,1870,301,1930,170,3800,California
Del Norte,2021-03-07,2,5732,1,2127,1,3555,0,50,1,1870,1,1931,1,3801,California
Del Norte,2021-03-08,29,5761,0,2127,27,3582,2,52,5,1854,23,1954,7,3808,California
Del Norte,2021-03-09,194,5955,113,2240,78,3660,3,55,183,2029,11,1965,186,3994,California
Del Norte,2021-03-10,234,6189,96,2336,110,3770,28,83,134,2091,100,2065,162,4156,California
Del Norte,2021-03-11,151,6340,56,2392,90,3860,5,88,103,2151,48,2113,108,4264,California
Del Norte,2021-03-12,178,6518,89,2481,89,3949,0,88,125,2223,53,2166,125,4389,California
Del Norte,2021-03-13,94,6612,93,2574,1,3950,0,88,91,2311,3,2169,91,4480,California
Del Norte,2021-03-14,1,6613,0,2574,1,3951,0,88,1,2311,1,2170,1,4481,California
Del Norte,2021-03-15,38,6651,0,2574,38,3989,0,88,34,2341,4,2174,34,4515,California
Del Norte,2021-03-16,280,6931,134,2708,146,4135,0,88,260,2581,20,2194,260,4775,California
Del Norte,2021-03-17,284,7215,95,2803,187,4322,2,90,170,2639,114,2308,172,4947,California
Del Norte,2021-03-18,285,7500,107,2910,175,4497,3,93,149,2656,135,2443,152,5099,California
Del Norte,2021-03-19,267,7767,159,3069,102,4599,6,99,91,2577,176,2619,97,5196,California
Del Norte,2021-03-20,157,7924,154,3223,3,4602,0,99,15,2450,142,2761,15,5211,California
Del Norte,2021-03-21,4,7928,2,3225,2,4604,0,99,2,2450,2,2763,2,5213,California
Del Norte,2021-03-22,43,7971,3,3228,39,4643,1,100,39,2487,3,2766,40,5253,California
Del Norte,2021-03-23,333,8304,164,3392,151,4794,18,118,163,2499,168,2934,180,5433,California
Del Norte,2021-03-24,395,8699,106,3498,249,5043,40,158,234,2612,161,3095,274,5707,California
Del Norte,2021-03-25,192,8891,88,3586,104,5147,0,158,84,2589,107,3202,84,5791,California
Del Norte,2021-03-26,232,9123,113,3699,119,5266,0,158,195,2747,37,3239,195,5986,California
Del Norte,2021-03-27,107,9230,86,3785,4,5270,17,175,17,2691,90,3329,34,6020,California
Del Norte,2021-03-28,4,9234,2,3787,2,5272,0,175,1,2689,3,3332,1,6021,California
Del Norte,2021-03-29,57,9291,6,3793,34,5306,17,192,32,2713,25,3357,49,6070,California
Del Norte,2021-03-30,338,9629,119,3912,208,5514,11,203,126,2638,212,3569,137,6207,California
Del Norte,2021-03-31,355,9984,100,4012,238,5752,17,220,199,2700,154,3723,216,6423,California
Del Norte,2021-04-01,164,10148,58,4070,72,5824,34,254,69,2709,94,3817,103,6526,California
Del Norte,2021-04-02,233,10381,79,4149,105,5929,49,303,49,2624,184,4001,99,6625,California
Del Norte,2021-04-03,108,10489,83,4232,2,5931,23,326,5,2550,102,4103,28,6653,California
Del Norte,2021-04-04,4,10493,0,4232,0,5931,4,330,0,2550,4,4107,4,6657,California
Del Norte,2021-04-05,46,10539,5,4237,37,5968,4,334,40,2588,6,4113,44,6701,California
Del Norte,2021-04-06,380,10919,120,4357,223,6191,37,371,146,2542,230,4343,184,6885,California
Del Norte,2021-04-07,438,11357,115,4472,261,6452,62,433,290,2747,148,4491,353,7238,California
Del Norte,2021-04-08,228,11585,54,4526,106,6558,68,501,105,2797,123,4614,173,7411,California
Del Norte,2021-04-09,206,11791,46,4572,83,6641,77,578,99,2865,106,4720,174,7585,California
Del Norte,2021-04-10,47,11838,26,4598,4,6645,17,595,27,2889,20,4740,44,7629,California
Del Norte,2021-04-11,11,11849,3,4601,1,6646,7,602,1,2887,10,4750,8,7637,California
Del Norte,2021-04-12,27,11876,1,4602,9,6655,17,619,1,2880,25,4775,18,7655,California
Del Norte,2021-04-13,298,12174,50,4652,248,6903,0,619,155,2892,143,4918,155,7810,California
Del Norte,2021-04-14,329,12503,23,4675,306,7209,0,619,138,2844,191,5109,143,7953,California
Del Norte,2021-04-15,164,12667,31,4706,133,7342,0,619,45,2771,119,5228,46,7999,California
Del Norte,2021-04-16,162,12829,40,4746,122,7464,0,619,60,2730,102,5330,61,8060,California
Del Norte,2021-04-17,104,12933,73,4819,31,7495,0,619,98,2822,6,5336,98,8158,California
Del Norte,2021-04-18,5,12938,4,4823,1,7496,0,619,4,2825,1,5337,4,8162,California
Del Norte,2021-04-19,50,12988,6,4829,44,7540,0,619,8,2791,42,5379,8,8170,California
Del Norte,2021-04-20,206,13194,40,4869,166,7706,0,619,72,2729,134,5513,72,8242,California
Del Norte,2021-04-21,289,13483,24,4893,265,7971,0,619,65,2573,224,5737,68,8310,California
Del Norte,2021-04-22,114,13597,15,4908,99,8070,0,619,62,2583,52,5789,62,8372,California
Del Norte,2021-04-23,150,13747,22,4930,128,8198,0,619,39,2511,111,5900,39,8411,California
Del Norte,2021-04-24,25,13772,14,4944,11,8209,0,619,20,2526,5,5905,20,8431,California
Del Norte,2021-04-25,2,13774,0,4944,2,8211,0,619,2,2528,0,5905,2,8433,California
Del Norte,2021-04-26,31,13805,0,4944,31,8242,0,619,9,2515,22,5927,9,8442,California
Del Norte,2021-04-27,180,13985,20,4964,155,8397,5,624,50,2440,130,6057,55,8497,California
Del Norte,2021-04-28,351,14336,100,5064,246,8643,5,629,63,2222,287,6344,69,8566,California
Del Norte,2021-04-29,93,14429,6,5070,83,8726,4,633,26,2185,67,6411,30,8596,California
Del Norte,2021-04-30,84,14513,6,5076,68,8794,10,643,45,2201,39,6450,55,8651,California
Del Norte,2021-05-01,8,14521,3,5079,5,8799,0,643,6,2205,2,6452,6,8657,California
Del Norte,2021-05-02,8,14529,0,5079,8,8807,0,643,8,2213,0,6452,8,8665,California
Del Norte,2021-05-03,40,14569,3,5082,34,8841,3,646,2,2181,37,6489,5,8670,California
Del Norte,2021-05-04,222,14791,36,5118,181,9022,5,651,47,2058,175,6664,52,8722,California
Del Norte,2021-05-05,232,15023,19,5137,205,9227,8,659,57,1948,175,6839,65,8787,California
Del Norte,2021-05-06,112,15135,26,5163,73,9300,13,672,26,1901,86,6925,39,8826,California
Del Norte,2021-05-07,151,15286,28,5191,119,9419,4,676,31,1816,120,7045,35,8861,California
Del Norte,2021-05-08,64,15350,55,5246,7,9426,2,678,6,1766,58,7103,8,8869,California
Del Norte,2021-05-09,8,15358,3,5249,2,9428,3,681,2,1765,6,7109,5,8874,California
Del Norte,2021-05-10,25,15383,3,5252,18,9446,4,685,15,1774,10,7119,19,8893,California
Del Norte,2021-05-11,171,15554,49,5301,120,9566,2,687,34,1673,137,7256,36,8929,California
Del Norte,2021-05-12,150,15704,24,5325,116,9682,10,697,27,1588,122,7378,37,8966,California
Del Norte,2021-05-13,62,15766,29,5354,32,9714,1,698,34,1595,28,7406,35,9001,California
Del Norte,2021-05-14,76,15842,26,5380,49,9763,1,699,41,1602,35,7441,42,9043,California
Del Norte,2021-05-15,81,15923,53,5433,28,9791,0,699,53,1627,28,7469,53,9096,California
Del Norte,2021-05-16,11,15934,0,5433,11,9802,0,699,11,1638,0,7469,11,9107,California
Del Norte,2021-05-17,26,15960,3,5436,20,9822,3,702,15,1645,11,7480,18,9125,California
Del Norte,2021-05-18,125,16085,68,5504,57,9879,0,702,80,1680,45,7525,80,9205,California
Del Norte,2021-05-19,97,16182,14,5518,66,9945,17,719,39,1677,58,7583,55,9260,California
Del Norte,2021-05-20,96,16278,30,5548,63,10008,3,722,37,1659,58,7641,40,9300,California
Del Norte,2021-05-21,77,16355,32,5580,42,10050,3,725,40,1665,37,7678,43,9343,California
Del Norte,2021-05-22,22,16377,8,5588,14,10064,0,725,10,1663,12,7690,10,9353,California
Del Norte,2021-05-23,13,16390,5,5593,8,10072,0,725,6,1662,7,7697,6,9359,California
Del Norte,2021-05-24,26,16416,10,5603,16,10088,0,725,17,1670,9,7706,17,9376,California
Del Norte,2021-05-25,43,16459,5,5608,32,10120,6,731,14,1663,27,7733,20,9396,California
Del Norte,2021-05-26,114,16573,35,5643,72,10192,7,738,52,1661,61,7794,59,9455,California
Del Norte,2021-05-27,71,16644,27,5670,40,10232,4,742,34,1662,37,7831,38,9493,California
Del Norte,2021-05-28,50,16694,6,5676,36,10268,8,750,7,1634,43,7874,15,9508,California
Del Norte,2021-05-29,8,16702,0,5676,4,10272,4,754,3,1636,5,7879,7,9515,California
Del Norte,2021-05-30,6,16708,0,5676,6,10278,0,754,1,1632,5,7884,1,9516,California
Del Norte,2021-05-31,4,16712,2,5678,2,10280,0,754,3,1634,1,7885,3,9519,California
Del Norte,2021-06-01,52,16764,6,5684,39,10319,7,761,11,1611,41,7926,18,9537,California
Del Norte,2021-06-02,85,16849,12,5696,68,10387,5,766,20,1571,65,7991,25,9562,California
Del Norte,2021-06-03,59,16908,34,5730,23,10410,2,768,26,1566,33,8024,28,9590,California
Del Norte,2021-06-04,69,16977,24,5754,40,10450,5,773,20,1542,49,8073,25,9615,California
Del Norte,2021-06-05,3,16980,0,5754,1,10451,2,775,0,1541,3,8076,2,9617,California
Del Norte,2021-06-06,8,16988,4,5758,3,10454,1,776,6,1546,2,8078,7,9624,California
Del Norte,2021-06-07,39,17027,8,5766,27,10481,4,780,14,1539,25,8103,18,9642,California
Del Norte,2021-06-08,91,17118,68,5834,22,10503,1,781,27,1503,64,8167,28,9670,California
El Dorado,2020-12-15,12,12,12,12,0,0,0,0,12,12,0,0,12,12,California
El Dorado,2020-12-16,40,52,40,52,0,0,0,0,40,52,0,0,40,52,California
El Dorado,2020-12-17,32,84,32,84,0,0,0,0,32,84,0,0,32,84,California
El Dorado,2020-12-18,262,346,262,346,0,0,0,0,262,346,0,0,262,346,California
El Dorado,2020-12-19,119,465,119,465,0,0,0,0,119,465,0,0,119,465,California
El Dorado,2020-12-20,87,552,87,552,0,0,0,0,87,552,0,0,87,552,California
El Dorado,2020-12-21,310,862,309,861,1,1,0,0,310,862,0,0,310,862,California
El Dorado,2020-12-22,242,1104,218,1079,24,25,0,0,242,1104,0,0,242,1104,California
El Dorado,2020-12-23,191,1295,141,1220,50,75,0,0,191,1295,0,0,191,1295,California
El Dorado,2020-12-24,86,1381,65,1285,21,96,0,0,86,1381,0,0,86,1381,California
El Dorado,2020-12-25,8,1389,8,1293,0,96,0,0,8,1389,0,0,8,1389,California
El Dorado,2020-12-26,45,1434,27,1320,18,114,0,0,45,1434,0,0,45,1434,California
El Dorado,2020-12-27,38,1472,34,1354,4,118,0,0,38,1472,0,0,38,1472,California
El Dorado,2020-12-28,215,1687,167,1521,48,166,0,0,215,1687,0,0,215,1687,California
El Dorado,2020-12-29,462,2149,145,1666,317,483,0,0,462,2149,0,0,462,2149,California
El Dorado,2020-12-30,509,2658,139,1805,370,853,0,0,509,2658,0,0,509,2658,California
El Dorado,2020-12-31,113,2771,71,1876,42,895,0,0,113,2771,0,0,113,2771,California
El Dorado,2021-01-01,6,2777,4,1880,2,897,0,0,6,2777,0,0,6,2777,California
El Dorado,2021-01-02,152,2929,140,2020,12,909,0,0,152,2929,0,0,152,2929,California
El Dorado,2021-01-03,93,3022,17,2037,76,985,0,0,93,3022,0,0,93,3022,California
El Dorado,2021-01-04,191,3213,63,2100,128,1113,0,0,189,3209,2,2,189,3211,California
El Dorado,2021-01-05,227,3440,73,2173,154,1267,0,0,210,3402,17,19,210,3421,California
El Dorado,2021-01-06,240,3680,167,2340,73,1340,0,0,175,3512,65,84,175,3596,California
El Dorado,2021-01-07,334,4014,137,2477,197,1537,0,0,257,3692,77,161,257,3853,California
El Dorado,2021-01-08,986,5000,509,2986,477,2014,0,0,765,4237,221,382,766,4619,California
El Dorado,2021-01-09,196,5196,159,3145,37,2051,0,0,125,4291,71,453,125,4744,California
El Dorado,2021-01-10,183,5379,132,3277,51,2102,0,0,110,4329,73,526,111,4855,California
El Dorado,2021-01-11,659,6038,292,3569,367,2469,0,0,459,4590,199,725,460,5315,California
El Dorado,2021-01-12,806,6844,424,3993,382,2851,0,0,556,4896,250,975,556,5871,California
El Dorado,2021-01-13,707,7551,300,4293,407,3258,0,0,542,5274,165,1140,543,6414,California
El Dorado,2021-01-14,796,8347,221,4514,575,3833,0,0,701,5880,95,1235,701,7115,California
El Dorado,2021-01-15,794,9141,185,4699,609,4442,0,0,720,6526,74,1309,720,7835,California
El Dorado,2021-01-16,176,9317,104,4803,72,4514,0,0,149,6648,27,1336,149,7984,California
El Dorado,2021-01-17,107,9424,50,4853,57,4571,0,0,89,6719,18,1354,89,8073,California
El Dorado,2021-01-18,428,9852,144,4997,284,4855,0,0,358,7007,70,1424,358,8431,California
El Dorado,2021-01-19,749,10601,447,5444,302,5157,0,0,598,7455,151,1575,599,9030,California
El Dorado,2021-01-20,1013,11614,689,6133,324,5481,0,0,899,8241,113,1688,899,9929,California
El Dorado,2021-01-21,1271,12885,681,6814,590,6071,0,0,1061,9134,169,1857,1062,10991,California
El Dorado,2021-01-22,1229,14114,833,7647,396,6467,0,0,1175,10256,53,1910,1175,12166,California
El Dorado,2021-01-23,730,14844,609,8256,121,6588,0,0,620,10766,110,2020,620,12786,California
El Dorado,2021-01-24,127,14971,77,8333,50,6638,0,0,107,10853,20,2040,107,12893,California
El Dorado,2021-01-25,703,15674,292,8625,411,7049,0,0,617,11384,86,2126,617,13510,California
El Dorado,2021-01-26,686,16360,372,8997,314,7363,0,0,579,11856,107,2233,579,14089,California
El Dorado,2021-01-27,994,17354,392,9389,602,7965,0,0,655,12171,340,2573,655,14744,California
El Dorado,2021-01-28,1109,18463,454,9843,655,8620,0,0,746,12554,363,2936,746,15490,California
El Dorado,2021-01-29,1048,19511,558,10401,490,9110,0,0,755,13018,292,3228,756,16246,California
El Dorado,2021-01-30,544,20055,289,10690,255,9365,0,0,447,13369,96,3324,447,16693,California
El Dorado,2021-01-31,240,20295,217,10907,23,9388,0,0,187,13504,52,3376,187,16880,California
El Dorado,2021-02-01,799,21094,368,11275,431,9819,0,0,652,14009,147,3523,652,17532,California
El Dorado,2021-02-02,845,21939,368,11643,477,10296,0,0,681,14526,164,3687,681,18213,California
El Dorado,2021-02-03,906,22845,477,12120,429,10725,0,0,696,15012,210,3897,696,18909,California
El Dorado,2021-02-04,1249,24094,703,12823,546,11271,0,0,874,15511,375,4272,874,19783,California
El Dorado,2021-02-05,1496,25590,605,13428,891,12162,0,0,869,15790,590,4862,869,20652,California
El Dorado,2021-02-06,638,26228,334,13762,304,12466,0,0,530,16213,108,4970,531,21183,California
El Dorado,2021-02-07,259,26487,178,13940,81,12547,0,0,193,16340,66,5036,193,21376,California
El Dorado,2021-02-08,890,27377,422,14362,468,13015,0,0,613,16676,277,5313,613,21989,California
El Dorado,2021-02-09,969,28346,544,14906,425,13440,0,0,543,16793,426,5739,543,22532,California
El Dorado,2021-02-10,1264,29610,737,15643,527,13967,0,0,665,16860,598,6337,665,23197,California
El Dorado,2021-02-11,2156,31766,893,16536,1263,15230,0,0,757,16222,1396,7733,758,23955,California
El Dorado,2021-02-12,1580,33346,827,17363,753,15983,0,0,676,15996,903,8636,677,24632,California
El Dorado,2021-02-13,974,34320,662,18025,312,16295,0,0,439,15901,534,9170,439,25071,California
El Dorado,2021-02-14,492,34812,155,18180,337,16632,0,0,401,16211,91,9261,401,25472,California
El Dorado,2021-02-15,1181,35993,383,18563,798,17430,0,0,819,16672,362,9623,823,26295,California
El Dorado,2021-02-16,1216,37209,535,19098,681,18111,0,0,677,16812,538,10161,678,26973,California
El Dorado,2021-02-17,957,38166,422,19520,535,18646,0,0,464,16785,493,10654,466,27439,California
El Dorado,2021-02-18,2096,40262,1024,20544,1072,19718,0,0,1063,16816,1032,11686,1063,28502,California
El Dorado,2021-02-19,1225,41487,656,21200,569,20287,0,0,687,16966,537,12223,687,29189,California
El Dorado,2021-02-20,942,42429,449,21649,493,20780,0,0,680,17389,257,12480,680,29869,California
El Dorado,2021-02-21,292,42721,234,21883,58,20838,0,0,105,17307,187,12667,105,29974,California
El Dorado,2021-02-22,884,43605,439,22322,445,21283,0,0,273,16970,610,13277,273,30247,California
El Dorado,2021-02-23,867,44472,488,22810,379,21662,0,0,355,16814,511,13788,355,30602,California
El Dorado,2021-02-24,1037,45509,446,23256,591,22253,0,0,432,16641,605,14393,432,31034,California
El Dorado,2021-02-25,1919,47428,1154,24410,765,23018,0,0,695,16121,1217,15610,697,31731,California
El Dorado,2021-02-26,2410,49838,1504,25914,906,23924,0,0,1622,16958,785,16395,1622,33353,California
El Dorado,2021-02-27,1709,51547,447,26361,1262,25186,0,0,1258,17768,448,16843,1258,34611,California
El Dorado,2021-02-28,655,52202,223,26584,432,25618,0,0,493,18100,162,17005,494,35105,California
El Dorado,2021-03-01,1168,53370,471,27055,695,26313,2,2,643,18221,524,17529,645,35750,California
El Dorado,2021-03-02,931,54301,275,27330,655,26968,1,3,485,18263,444,17973,486,36236,California
El Dorado,2021-03-03,1704,56005,469,27799,1235,28203,0,3,1160,18888,537,18510,1162,37398,California
El Dorado,2021-03-04,2526,58531,1551,29350,975,29178,0,3,1201,18767,1322,19832,1201,38599,California
El Dorado,2021-03-05,1596,60127,434,29784,1157,30335,5,8,1056,19294,534,20366,1061,39660,California
El Dorado,2021-03-06,743,60870,219,30003,491,30826,33,41,394,19373,348,20714,427,40087,California
El Dorado,2021-03-07,409,61279,199,30202,192,31018,18,59,247,19478,160,20874,265,40352,California
El Dorado,2021-03-08,1335,62614,367,30569,895,31913,73,132,864,19946,468,21342,936,41288,California
El Dorado,2021-03-09,994,63608,231,30800,694,32607,69,201,590,20216,389,21731,659,41947,California
El Dorado,2021-03-10,957,64565,348,31148,552,33159,57,258,551,20423,400,22131,607,42554,California
El Dorado,2021-03-11,3029,67594,1838,32986,1004,34163,187,445,1286,20172,1722,23853,1471,44025,California
El Dorado,2021-03-12,1799,69393,623,33609,926,35089,250,695,742,20125,1039,24892,992,45017,California
El Dorado,2021-03-13,1075,70468,350,33959,441,35530,284,979,371,20077,700,25592,652,45669,California
El Dorado,2021-03-14,796,71264,204,34163,482,36012,110,1089,275,19941,521,26113,385,46054,California
El Dorado,2021-03-15,1404,72668,301,34464,976,36988,127,1216,612,19893,788,26901,740,46794,California
El Dorado,2021-03-16,1233,73901,419,34883,670,37658,144,1360,564,19937,664,27565,708,47502,California
El Dorado,2021-03-17,1131,75032,363,35246,670,38328,98,1458,732,20369,398,27963,830,48332,California
El Dorado,2021-03-18,3009,78041,1782,37028,1184,39512,43,1501,1983,21377,1018,28981,2026,50358,California
El Dorado,2021-03-19,1123,79164,360,37388,611,40123,152,1653,625,21655,498,29479,776,51134,California
El Dorado,2021-03-20,953,80117,267,37655,670,40793,16,1669,369,21468,572,30051,385,51519,California
El Dorado,2021-03-21,1030,81147,422,38077,603,41396,5,1674,918,22281,110,30161,923,52442,California
El Dorado,2021-03-22,1508,82655,488,38565,938,42334,82,1756,1186,23232,317,30478,1268,53710,California
El Dorado,2021-03-23,1162,83817,461,39026,605,42939,96,1852,740,23657,411,30889,836,54546,California
El Dorado,2021-03-24,1464,85281,635,39661,636,43575,193,2045,664,23741,773,31662,857,55403,California
El Dorado,2021-03-25,2517,87798,1687,41348,723,44298,107,2152,1374,24086,1137,32799,1482,56885,California
El Dorado,2021-03-26,1825,89623,702,42050,1013,45311,110,2262,925,24245,877,33676,1036,57921,California
El Dorado,2021-03-27,1338,90961,189,42239,1144,46455,5,2267,317,23552,1015,34691,322,58243,California
El Dorado,2021-03-28,640,91601,184,42423,445,46900,11,2278,166,23259,470,35161,177,58420,California
El Dorado,2021-03-29,1323,92924,432,42855,875,47775,16,2294,826,23607,494,35655,842,59262,California
El Dorado,2021-03-30,1367,94291,416,43271,855,48630,96,2390,685,23711,674,36329,778,60040,California
El Dorado,2021-03-31,1565,95856,582,43853,918,49548,65,2455,695,23601,868,37197,758,60798,California
El Dorado,2021-04-01,3241,99097,1767,45620,1391,50939,83,2538,1538,23522,1701,38898,1622,62420,California
El Dorado,2021-04-02,1899,100996,566,46186,1236,52175,97,2635,748,23222,1145,40043,845,63265,California
El Dorado,2021-04-03,749,101745,297,46483,332,52507,120,2755,228,23052,518,40561,348,63613,California
El Dorado,2021-04-04,272,102017,83,46566,142,52649,47,2802,97,23022,174,40735,144,63757,California
El Dorado,2021-04-05,1422,103439,422,46988,906,53555,94,2896,592,22882,825,41560,685,64442,California
El Dorado,2021-04-06,1417,104856,524,47512,674,54229,219,3115,452,22589,961,42521,668,65110,California
El Dorado,2021-04-07,1599,106455,568,48080,582,54811,449,3564,562,22563,1034,43555,1008,66118,California
El Dorado,2021-04-08,2703,109158,1747,49827,720,55531,236,3800,1124,22352,1571,45126,1360,67478,California
El Dorado,2021-04-09,1435,110593,453,50280,762,56293,220,4020,572,22280,860,45986,788,68266,California
El Dorado,2021-04-10,821,111414,224,50504,487,56780,110,4130,474,22519,344,46330,583,68849,California
El Dorado,2021-04-11,707,112121,456,50960,235,57015,16,4146,209,22247,497,46827,225,69074,California
El Dorado,2021-04-12,1294,113415,504,51464,640,57655,150,4296,568,22246,719,47546,718,69792,California
El Dorado,2021-04-13,1127,114542,616,52080,511,58166,0,4296,510,22143,613,48159,510,70302,California
El Dorado,2021-04-14,1095,115637,468,52548,626,58792,1,4297,388,21838,694,48853,389,70691,California
El Dorado,2021-04-15,2493,118130,1679,54227,814,59606,0,4297,951,21252,1539,50392,953,71644,California
El Dorado,2021-04-16,1477,119607,524,54751,953,60559,0,4297,606,20992,867,51259,607,72251,California
El Dorado,2021-04-17,802,120409,203,54954,599,61158,0,4297,497,21187,302,51561,497,72748,California
El Dorado,2021-04-18,991,121400,88,55042,903,62061,0,4297,393,20983,597,52158,393,73141,California
El Dorado,2021-04-19,1718,123118,437,55479,1281,63342,0,4297,691,20653,1021,53179,691,73832,California
El Dorado,2021-04-20,1107,124225,359,55838,748,64090,0,4297,457,20465,646,53825,458,74290,California
El Dorado,2021-04-21,1160,125385,466,56304,690,64780,4,4301,592,20498,560,54385,593,74883,California
El Dorado,2021-04-22,2551,127936,1679,57983,872,65652,0,4301,1067,20083,1482,55867,1067,75950,California
El Dorado,2021-04-23,1408,129344,499,58482,909,66561,0,4301,720,20119,685,56552,721,76671,California
El Dorado,2021-04-24,973,130317,521,59003,452,67013,0,4301,737,20622,234,56786,737,77408,California
El Dorado,2021-04-25,655,130972,450,59453,205,67218,0,4301,469,20905,186,56972,469,77877,California
El Dorado,2021-04-26,1189,132161,478,59931,694,67912,17,4318,557,20849,629,57601,573,78450,California
El Dorado,2021-04-27,1089,133250,400,60331,658,68570,31,4349,489,20776,593,58194,520,78970,California
El Dorado,2021-04-28,1068,134318,355,60686,673,69243,40,4389,434,20617,633,58827,474,79444,California
El Dorado,2021-04-29,1983,136301,1359,62045,592,69835,32,4421,587,19842,1394,60221,619,80063,California
El Dorado,2021-04-30,2125,138426,1337,63382,747,70582,41,4462,1363,20495,750,60971,1403,81466,California
El Dorado,2021-05-01,612,139038,279,63661,306,70888,27,4489,275,20467,330,61301,302,81768,California
El Dorado,2021-05-02,302,139340,216,63877,57,70945,29,4518,100,20396,199,61500,128,81896,California
El Dorado,2021-05-03,821,140161,399,64276,372,71317,50,4568,274,20178,543,62043,325,82221,California
El Dorado,2021-05-04,881,141042,434,64710,388,71705,59,4627,313,19986,564,62607,372,82593,California
El Dorado,2021-05-05,879,141921,436,65146,370,72075,73,4700,417,20016,460,63067,490,83083,California
El Dorado,2021-05-06,1115,143036,485,65631,583,72658,47,4747,472,19894,637,63704,515,83598,California
El Dorado,2021-05-07,981,144017,375,66006,548,73206,58,4805,401,19772,580,64284,458,84056,California
El Dorado,2021-05-08,488,144505,153,66159,298,73504,37,4842,187,19697,299,64583,224,84280,California
El Dorado,2021-05-09,221,144726,82,66241,112,73616,27,4869,103,19710,117,64700,130,84410,California
El Dorado,2021-05-10,828,145554,273,66514,496,74112,59,4928,240,19428,579,65279,297,84707,California
El Dorado,2021-05-11,668,146222,294,66808,321,74433,53,4981,292,19401,373,65652,346,85053,California
El Dorado,2021-05-12,633,146855,339,67147,253,74686,41,5022,264,19338,369,66021,306,85359,California
El Dorado,2021-05-13,1151,148006,744,67891,370,75056,37,5059,401,19031,744,66765,437,85796,California
El Dorado,2021-05-14,1404,149410,811,68702,510,75566,83,5142,677,19069,722,67487,760,86556,California
El Dorado,2021-05-15,899,150309,553,69255,289,75855,57,5199,316,18859,583,68070,373,86929,California
El Dorado,2021-05-16,662,150971,461,69716,175,76030,26,5225,230,18683,432,68502,256,87185,California
El Dorado,2021-05-17,1566,152537,663,70379,854,76884,49,5274,564,18297,998,69500,612,87797,California
El Dorado,2021-05-18,1013,153550,509,70888,450,77334,54,5328,439,18217,573,70073,493,88290,California
El Dorado,2021-05-19,814,154364,330,71218,431,77765,53,5381,318,18097,490,70563,370,88660,California
El Dorado,2021-05-20,1057,155421,608,71826,390,78155,59,5440,410,17921,644,71207,468,89128,California
El Dorado,2021-05-21,2205,157626,1677,73503,504,78659,24,5464,767,17278,1434,72641,791,89919,California
El Dorado,2021-05-22,616,158242,169,73672,423,79082,24,5488,208,17103,407,73048,232,90151,California
El Dorado,2021-05-23,237,158479,107,73779,105,79187,25,5513,81,17055,154,73202,106,90257,California
El Dorado,2021-05-24,883,159362,452,74231,363,79550,68,5581,314,16870,565,73767,380,90637,California
El Dorado,2021-05-25,607,159969,255,74486,316,79866,36,5617,234,16770,370,74137,270,90907,California
El Dorado,2021-05-26,794,160763,388,74874,382,80248,24,5641,279,16559,514,74651,303,91210,California
El Dorado,2021-05-27,623,161386,245,75119,344,80592,34,5675,317,16605,304,74955,350,91560,California
El Dorado,2021-05-28,729,162115,252,75371,413,81005,64,5739,308,16559,418,75373,372,91932,California
El Dorado,2021-05-29,386,162501,107,75478,263,81268,16,5755,169,16527,217,75590,185,92117,California
El Dorado,2021-05-30,171,162672,100,75578,57,81325,14,5769,83,16536,88,75678,97,92214,California
El Dorado,2021-05-31,36,162708,11,75589,14,81339,11,5780,8,16527,28,75706,19,92233,California
El Dorado,2021-06-01,675,163383,288,75877,349,81688,38,5818,233,16359,439,76145,271,92504,California
El Dorado,2021-06-02,624,164007,299,76176,275,81963,50,5868,262,16310,361,76506,312,92816,California
El Dorado,2021-06-03,727,164734,338,76514,346,82309,43,5911,214,16055,513,77019,258,93074,California
El Dorado,2021-06-04,865,165599,510,77024,322,82631,33,5944,180,15585,683,77702,213,93287,California
El Dorado,2021-06-05,369,165968,212,77236,145,82776,12,5956,75,15380,292,77994,87,93374,California
El Dorado,2021-06-06,271,166239,187,77423,71,82847,13,5969,48,15218,222,78216,60,93434,California
El Dorado,2021-06-07,755,166994,469,77892,247,83094,39,6008,165,14839,583,78799,204,93638,California
El Dorado,2021-06-08,178,167172,131,78023,34,83128,13,6021,40,14754,138,78937,53,93691,California
Fresno,2020-12-15,2,2,2,2,0,0,0,0,2,2,0,0,2,2,California
Fresno,2020-12-16,125,127,125,127,0,0,0,0,125,127,0,0,125,127,California
Fresno,2020-12-17,123,250,123,250,0,0,0,0,123,250,0,0,123,250,California
Fresno,2020-12-18,348,598,348,598,0,0,0,0,348,598,0,0,348,598,California
Fresno,2020-12-19,161,759,161,759,0,0,0,0,161,759,0,0,161,759,California
Fresno,2020-12-20,258,1017,256,1015,2,2,0,0,258,1017,0,0,258,1017,California
Fresno,2020-12-21,924,1941,922,1937,2,4,0,0,954,1971,0,0,954,1971,California
Fresno,2020-12-22,902,2843,872,2809,30,34,0,0,906,2877,0,0,906,2877,California
Fresno,2020-12-23,1087,3930,1046,3855,41,75,0,0,1088,3965,0,0,1088,3965,California
Fresno,2020-12-24,592,4522,566,4421,26,101,0,0,592,4557,0,0,592,4557,California
Fresno,2020-12-25,2,4524,1,4422,1,102,0,0,2,4559,0,0,2,4559,California
Fresno,2020-12-26,723,5247,714,5136,9,111,0,0,723,5282,0,0,723,5282,California
Fresno,2020-12-27,305,5552,208,5344,97,208,0,0,305,5587,0,0,305,5587,California
Fresno,2020-12-28,1097,6649,804,6148,293,501,0,0,1097,6684,0,0,1097,6684,California
Fresno,2020-12-29,1763,8412,1000,7148,763,1264,0,0,1761,8444,1,1,1761,8445,California
Fresno,2020-12-30,982,9394,444,7592,538,1802,0,0,982,9426,0,1,982,9427,California
Fresno,2020-12-31,922,10316,310,7902,612,2414,0,0,921,10347,0,1,921,10348,California
Fresno,2021-01-01,9,10325,3,7905,6,2420,0,0,9,10356,0,1,9,10357,California
Fresno,2021-01-02,1029,11354,714,8619,315,2735,0,0,1029,11385,0,1,1029,11386,California
Fresno,2021-01-03,155,11509,129,8748,26,2761,0,0,155,11540,0,1,155,11541,California
Fresno,2021-01-04,623,12132,378,9126,245,3006,0,0,623,12163,0,1,623,12164,California
Fresno,2021-01-05,780,12912,311,9437,469,3475,0,0,706,12795,74,75,706,12870,California
Fresno,2021-01-06,986,13898,348,9785,638,4113,0,0,810,13429,176,251,810,13680,California
Fresno,2021-01-07,1897,15795,918,10703,979,5092,0,0,1643,14821,254,505,1646,15326,California
Fresno,2021-01-08,1786,17581,612,11315,1174,6266,0,0,1422,15881,362,867,1422,16748,California
Fresno,2021-01-09,638,18219,390,11705,248,6514,0,0,360,15963,278,1145,360,17108,California
Fresno,2021-01-10,517,18736,487,12192,30,6544,0,0,204,15854,313,1458,204,17312,California
Fresno,2021-01-11,2216,20952,1806,13998,410,6954,0,0,1523,16687,693,2151,1526,18838,California
Fresno,2021-01-12,2519,23471,1823,15821,696,7650,0,0,1671,17510,850,3001,1673,20511,California
Fresno,2021-01-13,3556,27027,2436,18257,1120,8770,0,0,2703,19363,853,3854,2706,23217,California
Fresno,2021-01-14,4138,31165,2182,20439,1956,10726,0,0,3665,22556,472,4326,3665,26882,California
Fresno,2021-01-15,3661,34826,2529,22968,1132,11858,0,0,3302,25503,359,4685,3306,30188,California
Fresno,2021-01-16,3137,37963,2299,25267,838,12696,0,0,2671,27711,465,5150,2673,32861,California
Fresno,2021-01-17,979,38942,557,25824,422,13118,0,0,779,28290,200,5350,779,33640,California
Fresno,2021-01-18,3075,42017,2369,28193,706,13824,0,0,2418,30055,655,6005,2420,36060,California
Fresno,2021-01-19,4405,46422,2625,30818,1780,15604,0,0,3687,33028,718,6723,3691,39751,California
Fresno,2021-01-20,3017,49439,1210,32028,1807,17411,0,0,2704,35424,311,7034,2707,42458,California
Fresno,2021-01-21,4388,53827,2031,34059,2357,19768,0,0,4028,39121,337,7371,4034,46492,California
Fresno,2021-01-22,3296,57123,1343,35402,1953,21721,0,0,2912,41666,368,7739,2913,49405,California
Fresno,2021-01-23,3049,60172,1976,37378,1073,22794,0,0,2323,43269,725,8464,2328,51733,California
Fresno,2021-01-24,559,60731,377,37755,182,22976,0,0,353,43418,206,8670,355,52088,California
Fresno,2021-01-25,2441,63172,866,38621,1575,24551,0,0,1865,44710,576,9246,1868,53956,California
Fresno,2021-01-26,2081,65253,589,39210,1492,26043,0,0,1321,45275,758,10004,1323,55279,California
Fresno,2021-01-27,2324,67577,1154,40364,1170,27213,0,0,1747,46449,576,10580,1750,57029,California
Fresno,2021-01-28,4549,72126,3053,43417,1496,28709,0,0,3478,48863,1068,11648,3482,60511,California
Fresno,2021-01-29,1713,73839,983,44400,730,29439,0,0,1413,49981,296,11944,1414,61925,California
Fresno,2021-01-30,1447,75286,546,44946,901,30340,0,0,1029,50592,418,12362,1029,62954,California
Fresno,2021-01-31,229,75515,218,45164,11,30351,0,0,75,50513,154,12516,75,63029,California
Fresno,2021-02-01,3341,78856,1667,46831,1674,32025,0,0,1784,50751,1556,14072,1794,64823,California
Fresno,2021-02-02,2727,81583,555,47386,2172,34197,0,0,1584,51223,1128,15200,1600,66423,California
Fresno,2021-02-03,3556,85139,2104,49490,1452,35649,0,0,1543,50763,2004,17204,1544,67967,California
Fresno,2021-02-04,4193,89332,1892,51382,2301,37950,0,0,1929,50463,2234,19438,1934,69901,California
Fresno,2021-02-05,5343,94675,2727,54109,2616,40566,0,0,2307,49743,3031,22469,2311,72212,California
Fresno,2021-02-06,2927,97602,2038,56147,889,41455,0,0,968,48761,1951,24420,969,73181,California
Fresno,2021-02-07,468,98070,286,56433,182,41637,0,0,273,48840,194,24614,273,73454,California
Fresno,2021-02-08,4276,102346,2288,58721,1988,43625,0,0,1813,48211,2451,27065,1822,75276,California
Fresno,2021-02-09,5327,107673,2090,60811,3237,46862,0,0,3114,49196,2138,29203,3123,78399,California
Fresno,2021-02-10,3893,111566,1235,62046,2658,49520,0,0,1993,49353,1848,31051,2005,80404,California
Fresno,2021-02-11,6449,118015,2089,64135,4360,53880,0,0,3350,49627,3081,34132,3355,83759,California
Fresno,2021-02-12,5397,123412,1384,65519,4013,57893,0,0,2732,49722,2646,36778,2741,86500,California
Fresno,2021-02-13,3742,127154,1560,67079,2182,60075,0,0,2079,50155,1651,38429,2084,88584,California
Fresno,2021-02-14,1565,128719,283,67362,1282,61357,0,0,839,50271,725,39154,841,89425,California
Fresno,2021-02-15,2893,131612,268,67630,2625,63982,0,0,1795,50976,1094,40248,1799,91224,California
Fresno,2021-02-16,6687,138299,2402,70032,4285,68267,0,0,4233,52778,2437,42685,4239,95463,California
Fresno,2021-02-17,5326,143625,2446,72478,2880,71147,0,0,2987,53473,2296,44981,2991,98454,California
Fresno,2021-02-18,6849,150474,2895,75373,3954,75101,0,0,2579,51836,4227,49208,2590,101044,California
Fresno,2021-02-19,3835,154309,1098,76471,2737,77838,0,0,1822,51660,2001,51209,1825,102869,California
Fresno,2021-02-20,4526,158835,2482,78953,2044,79882,0,0,3046,53238,1474,52683,3052,105921,California
Fresno,2021-02-21,189,159024,170,79123,19,79901,0,0,126,53315,49,52732,126,106047,California
Fresno,2021-02-22,2241,161265,998,80121,1243,81144,0,0,1236,53558,995,53727,1238,107285,California
Fresno,2021-02-23,4688,165953,2262,82383,2426,83570,0,0,3808,56500,868,54595,3810,111095,California
Fresno,2021-02-24,4206,170159,1498,83881,2708,86278,0,0,3449,59205,745,55340,3450,114545,California
Fresno,2021-02-25,8708,178867,3745,87626,4963,91241,0,0,7220,65010,1423,56763,7228,121773,California
Fresno,2021-02-26,9029,187896,3706,91332,5323,96564,0,0,7711,71433,1294,58057,7717,129490,California
Fresno,2021-02-27,7290,195186,3168,94500,4121,100685,1,1,6577,77316,697,58754,6580,136070,California
Fresno,2021-02-28,1651,196837,531,95031,1120,101805,0,1,1562,78802,77,58831,1563,137633,California
Fresno,2021-03-01,5091,201928,1322,96353,3769,105574,0,1,3691,81110,1387,60218,3695,141328,California
Fresno,2021-03-02,9860,211788,3384,99737,6476,112050,0,1,8476,88251,1360,61578,8501,149829,California
Fresno,2021-03-03,6936,218724,1689,101426,5246,117296,1,2,5925,93291,997,62575,6037,155866,California
Fresno,2021-03-04,10450,229174,4126,105552,6324,123620,0,2,8710,100298,1712,64287,8719,164585,California
Fresno,2021-03-05,9312,238486,3629,109181,5681,129301,2,4,8032,107258,1148,65435,8108,172693,California
Fresno,2021-03-06,7003,245489,3950,113131,2935,132236,118,122,6010,112405,985,66420,6132,178825,California
Fresno,2021-03-07,1495,246984,682,113813,776,133012,37,159,1265,113481,227,66647,1303,180128,California
Fresno,2021-03-08,5293,252277,2024,115837,3118,136130,151,310,4002,116365,1280,67927,4164,184292,California
Fresno,2021-03-09,8611,260888,3782,119619,4557,140687,272,582,4642,117366,3948,71875,4949,189241,California
Fresno,2021-03-10,6843,267731,2862,122481,3590,144277,391,973,5382,121695,1452,73327,5781,195022,California
Fresno,2021-03-11,11608,279339,4580,127061,6472,150749,556,1529,6312,123371,5269,78596,6945,201967,California
Fresno,2021-03-12,12065,291404,5140,132201,6478,157227,447,1976,9061,130032,2985,81581,9646,211613,California
Fresno,2021-03-13,8347,299751,4059,136260,3256,160483,1032,3008,4026,130866,4299,85880,5133,216746,California
Fresno,2021-03-14,1767,301518,477,136737,1001,161484,289,3297,666,130731,1089,86969,954,217700,California
Fresno,2021-03-15,7135,308653,3175,139912,3787,165271,173,3470,4952,133868,2169,89138,5306,223006,California
Fresno,2021-03-16,10230,318883,4541,144453,5289,170560,400,3870,5424,135014,4774,93912,5920,228926,California
Fresno,2021-03-17,8673,327556,3931,148384,4048,174608,694,4564,5879,139206,2771,96683,6963,235889,California
Fresno,2021-03-18,12452,340008,6737,155121,5074,179682,641,5205,7058,141987,5345,102028,8126,244015,California
Fresno,2021-03-19,11180,351188,5889,161010,4672,184354,619,5824,6932,145613,4219,106247,7845,251860,California
Fresno,2021-03-20,7612,358800,4603,165613,2689,187043,320,6144,3800,146224,3785,110032,4396,256256,California
Fresno,2021-03-21,1793,360593,1206,166819,210,187253,377,6521,967,146750,818,110850,1344,257600,California
Fresno,2021-03-22,5674,366267,2897,169716,2177,189430,600,7121,3837,149567,1821,112671,4638,262238,California
Fresno,2021-03-23,10569,376836,5252,174968,4815,194245,502,7623,5065,150079,5482,118153,5994,268232,California
Fresno,2021-03-24,8852,385688,3823,178791,4197,198442,832,8455,4968,152084,3846,121999,5851,274083,California
Fresno,2021-03-25,12213,397901,5696,184487,5729,204171,788,9243,4768,150326,7395,129394,5637,279720,California
Fresno,2021-03-26,12231,410132,5458,189945,6128,210299,645,9888,4464,147742,7714,137108,5130,284850,California
Fresno,2021-03-27,9775,419907,4498,194443,4192,214491,1085,10973,2953,145002,6784,143892,4044,288894,California
Fresno,2021-03-28,3421,423328,1325,195768,1403,215894,693,11666,1280,145122,2133,146025,2253,291147,California
Fresno,2021-03-29,5995,429323,2004,197772,3442,219336,549,12215,2893,145501,3073,149098,3452,294599,California
Fresno,2021-03-30,10908,440231,4274,202046,5738,225074,896,13111,3850,143218,7028,156126,4745,299344,California
Fresno,2021-03-31,9695,449926,3382,205428,5320,230394,993,14104,3741,142035,5911,162037,4728,304072,California
Fresno,2021-04-01,12154,462080,4206,209634,7087,237481,861,14965,4050,138901,8002,170039,4868,308940,California
Fresno,2021-04-02,12055,474135,4597,214231,6665,244146,793,15758,4255,136318,7638,177677,5055,313995,California
Fresno,2021-04-03,6414,480549,3532,217763,2625,246771,257,16015,2148,134513,4247,181924,2442,316437,California
Fresno,2021-04-04,1499,482048,533,218296,921,247692,45,16060,546,134161,943,182867,591,317028,California
Fresno,2021-04-05,8332,490380,4473,222769,3056,250748,803,16863,2448,131613,5867,188734,3319,320347,California
Fresno,2021-04-06,9618,499998,4029,226798,4402,255150,1187,18050,3547,130337,6031,194765,4755,325102,California
Fresno,2021-04-07,10471,510469,5351,232149,3909,259059,1211,19261,3539,128230,6885,201650,4778,329880,California
Fresno,2021-04-08,10956,521425,5170,237319,4622,263681,1164,20425,3439,125411,7467,209117,4648,334528,California
Fresno,2021-04-09,11257,532682,5351,242670,4505,268186,1401,21826,3622,122869,7588,216705,5046,339574,California
Fresno,2021-04-10,7895,540577,5153,247823,2218,270404,524,22350,3682,122880,4201,220906,4212,343786,California
Fresno,2021-04-11,1395,541972,936,248759,368,270772,91,22441,446,122475,944,221850,539,344325,California
Fresno,2021-04-12,7272,549244,3799,252558,2545,273317,928,23369,2347,120857,4896,226746,3278,347603,California
Fresno,2021-04-13,8924,558168,4269,256827,4587,277904,68,23437,3487,119111,5401,232147,3655,351258,California
Fresno,2021-04-14,9459,567627,5753,262580,3705,281609,1,23438,3747,117238,5670,237817,3797,355055,California
Fresno,2021-04-15,8426,576053,4204,266784,4219,285828,3,23441,3183,115221,5215,243032,3198,358253,California
Fresno,2021-04-16,9370,585423,4636,271420,4732,290560,2,23443,3870,113634,5464,248496,3877,362130,California
Fresno,2021-04-17,5564,590987,3722,275142,1842,292402,0,23443,2645,113382,2899,251395,2647,364777,California
Fresno,2021-04-18,1031,592018,560,275702,471,292873,0,23443,473,113302,553,251948,473,365250,California
Fresno,2021-04-19,5546,597564,3016,278718,2527,295400,3,23446,2246,112294,3259,255207,2251,367501,California
Fresno,2021-04-20,6925,604489,3434,282152,3482,298882,9,23455,2616,110634,4285,259492,2625,370126,California
Fresno,2021-04-21,6372,610861,3525,285677,2839,301721,8,23463,2661,109629,3678,263170,2673,372799,California
Fresno,2021-04-22,6350,617211,3160,288837,3189,304910,1,23464,2311,107964,3980,267150,2315,375114,California
Fresno,2021-04-23,7104,624315,3825,292662,3262,308172,17,23481,2722,106397,4294,271444,2727,377841,California
Fresno,2021-04-24,4173,628488,2494,295156,1679,309851,0,23481,1918,106074,2241,273685,1918,379759,California
Fresno,2021-04-25,1373,629861,557,295713,814,310665,2,23483,692,106093,675,274360,694,380453,California
Fresno,2021-04-26,4216,634077,2126,297839,2045,312710,45,23528,1794,105540,2391,276751,1838,382291,California
Fresno,2021-04-27,4713,638790,2386,300225,2208,314918,119,23647,1859,104685,2832,279583,1977,384268,California
Fresno,2021-04-28,4760,643550,2670,302895,1960,316878,130,23777,1982,104042,2756,282339,2113,386381,California
Fresno,2021-04-29,4777,648327,2654,305549,1985,318863,138,23915,1799,103030,2947,285286,1935,388316,California
Fresno,2021-04-30,5399,653726,3285,308834,1980,320843,134,24049,2141,102076,3228,288514,2274,390590,California
Fresno,2021-05-01,4182,657908,3457,312291,586,321429,139,24188,1224,100497,2940,291454,1361,391951,California
Fresno,2021-05-02,1248,659156,771,313062,426,321855,51,24239,611,100533,625,292079,661,392612,California
Fresno,2021-05-03,4022,663178,2701,315763,1129,322984,192,24431,1298,99322,2696,294775,1485,394097,California
Fresno,2021-05-04,4826,668004,2500,318263,2174,325158,152,24583,1549,97774,3251,298026,1703,395800,California
Fresno,2021-05-05,5081,673085,3146,321409,1710,326868,225,24808,1586,96113,3469,301495,1808,397608,California
Fresno,2021-05-06,4118,677203,2548,323957,1465,328333,105,24913,1406,94941,2683,304178,1511,399119,California
Fresno,2021-05-07,5007,682210,3289,327246,1553,329886,165,25078,1553,93225,3431,307609,1715,400834,California
Fresno,2021-05-08,3897,686107,2492,329738,1257,331143,148,25226,1174,91844,2704,310313,1323,402157,California
Fresno,2021-05-09,678,686785,347,330085,288,331431,43,25269,336,91887,336,310649,379,402536,California
Fresno,2021-05-10,2950,689735,1579,331664,1230,332661,141,25410,917,90920,2025,312674,1058,403594,California
Fresno,2021-05-11,3637,693372,1866,333530,1681,334342,90,25500,1171,89727,2455,315129,1262,404856,California
Fresno,2021-05-12,3942,697314,2535,336065,1250,335592,157,25657,1440,88847,2477,317606,1597,406453,California
Fresno,2021-05-13,3649,700963,1997,338062,1547,337139,105,25762,1630,88601,1981,319587,1735,408188,California
Fresno,2021-05-14,5028,705991,3027,341089,1813,338952,188,25950,2136,88067,2859,322446,2325,410513,California
Fresno,2021-05-15,3577,709568,2672,343761,775,339727,130,26080,1816,88261,1750,324196,1944,412457,California
Fresno,2021-05-16,1443,711011,945,344706,464,340191,34,26114,806,88470,631,324827,840,413297,California
Fresno,2021-05-17,4170,715181,2821,347527,1191,341382,158,26272,2244,88972,1899,326726,2401,415698,California
Fresno,2021-05-18,4080,719261,2518,350045,1411,342793,151,26423,2106,89276,1951,328677,2255,417953,California
Fresno,2021-05-19,4334,723595,2760,352805,1400,344193,174,26597,2102,89341,2210,330887,2275,420228,California
Fresno,2021-05-20,3537,727132,2056,354861,1297,345490,184,26781,1635,89272,1887,332774,1818,422046,California
Fresno,2021-05-21,3878,731010,2506,357367,1281,346771,91,26872,1739,88984,2117,334891,1829,423875,California
Fresno,2021-05-22,3421,734431,2523,359890,727,347498,171,27043,1955,89657,1451,336342,2124,425999,California
Fresno,2021-05-23,624,735055,378,360268,217,347715,29,27072,339,89747,278,336620,368,426367,California
Fresno,2021-05-24,3221,738276,2024,362292,1083,348798,114,27186,1488,89640,1709,338329,1602,427969,California
Fresno,2021-05-25,3203,741479,1928,364220,1152,349950,123,27309,1380,89334,1810,340139,1504,429473,California
Fresno,2021-05-26,3233,744712,2141,366361,988,350938,104,27413,1650,89522,1564,341703,1752,431225,California
Fresno,2021-05-27,3128,747840,1907,368268,1114,352052,107,27520,1409,89346,1693,343396,1517,432742,California
Fresno,2021-05-28,3395,751235,2206,370474,1094,353146,95,27615,1875,89816,1501,344897,1971,434713,California
Fresno,2021-05-29,2271,753506,1654,372128,546,353692,71,27686,1249,90125,1012,345909,1321,436034,California
Fresno,2021-05-30,887,754393,535,372663,317,354009,35,27721,424,90138,446,346355,459,436493,California
Fresno,2021-05-31,315,754708,159,372822,145,354154,11,27732,134,90105,176,346531,143,436636,California
Fresno,2021-06-01,3006,757714,1812,374634,1100,355254,94,27826,1242,89699,1742,348273,1336,437972,California
Fresno,2021-06-02,2653,760367,1712,376346,851,356105,90,27916,1092,89350,1532,349805,1183,439155,California
Fresno,2021-06-03,2922,763289,2005,378351,815,356920,102,28018,1241,89029,1662,351467,1341,440496,California
Fresno,2021-06-04,3202,766491,2338,380689,769,357689,95,28113,1116,88181,2060,353527,1212,441708,California
Fresno,2021-06-05,3061,769552,2282,382971,663,358352,116,28229,1228,87706,1817,355344,1342,443050,California
Fresno,2021-06-06,1129,770681,891,383862,204,358556,34,28263,380,87375,745,356089,414,443464,California
Fresno,2021-06-07,3040,773721,2404,386266,551,359107,85,28348,882,86205,2137,358226,967,444431,California
Fresno,2021-06-08,1183,774904,872,387138,265,359372,46,28394,352,85777,826,359052,398,444829,California
Glenn,2020-12-17,1,1,1,1,0,0,0,0,1,1,0,0,1,1,California
Glenn,2020-12-20,1,2,1,2,0,0,0,0,1,2,0,0,1,2,California
Glenn,2020-12-21,11,13,11,13,0,0,0,0,11,13,0,0,11,13,California
Glenn,2020-12-22,61,74,61,74,0,0,0,0,61,74,0,0,61,74,California
Glenn,2020-12-23,28,102,28,102,0,0,0,0,28,102,0,0,28,102,California
Glenn,2020-12-24,9,111,9,111,0,0,0,0,9,111,0,0,9,111,California
Glenn,2020-12-26,2,113,2,113,0,0,0,0,2,113,0,0,2,113,California
Glenn,2020-12-27,4,117,4,117,0,0,0,0,4,117,0,0,4,117,California
Glenn,2020-12-28,21,138,21,138,0,0,0,0,21,138,0,0,21,138,California
Glenn,2020-12-29,81,219,81,219,0,0,0,0,81,219,0,0,81,219,California
Glenn,2020-12-30,129,348,106,325,23,23,0,0,129,348,0,0,129,348,California
Glenn,2020-12-31,38,386,9,334,29,52,0,0,38,386,0,0,38,386,California
Glenn,2021-01-02,3,389,3,337,0,52,0,0,3,389,0,0,3,389,California
Glenn,2021-01-04,7,396,5,342,2,54,0,0,7,396,0,0,7,396,California
Glenn,2021-01-05,10,406,8,350,2,56,0,0,10,406,0,0,10,406,California
Glenn,2021-01-06,59,465,8,358,51,107,0,0,59,465,0,0,59,465,California
Glenn,2021-01-07,66,531,11,369,55,162,0,0,65,529,1,1,65,530,California
Glenn,2021-01-08,12,543,9,378,3,165,0,0,12,541,0,1,12,542,California
Glenn,2021-01-10,1,544,1,379,0,165,0,0,0,540,1,2,0,542,California
Glenn,2021-01-11,29,573,29,408,0,165,0,0,12,535,17,19,12,554,California
Glenn,2021-01-12,44,617,39,447,5,170,0,0,14,519,30,49,14,568,California
Glenn,2021-01-13,221,838,156,603,65,235,0,0,177,652,44,93,177,745,California
Glenn,2021-01-14,117,955,28,631,89,324,0,0,107,749,10,103,107,852,California
Glenn,2021-01-15,41,996,34,665,7,331,0,0,36,780,5,108,36,888,California
Glenn,2021-01-16,33,1029,14,679,19,350,0,0,23,793,10,118,23,911,California
Glenn,2021-01-17,4,1033,2,681,2,352,0,0,2,793,2,120,2,913,California
Glenn,2021-01-18,17,1050,16,697,1,353,0,0,9,794,8,128,9,922,California
Glenn,2021-01-19,30,1080,20,717,10,363,0,0,13,790,17,145,13,935,California
Glenn,2021-01-20,164,1244,94,811,70,433,0,0,83,792,81,226,83,1018,California
Glenn,2021-01-21,123,1367,97,908,26,459,0,0,30,729,93,319,30,1048,California
Glenn,2021-01-22,341,1708,64,972,277,736,0,0,334,1056,7,326,334,1382,California
Glenn,2021-01-23,14,1722,8,980,6,742,0,0,11,1064,3,329,11,1393,California
Glenn,2021-01-24,2,1724,2,982,0,742,0,0,2,1066,0,329,2,1395,California
Glenn,2021-01-25,27,1751,9,991,18,760,0,0,24,1087,3,332,24,1419,California
Glenn,2021-01-26,30,1781,14,1005,16,776,0,0,24,1105,6,338,24,1443,California
Glenn,2021-01-27,187,1968,12,1017,175,951,0,0,165,1248,22,360,165,1608,California
Glenn,2021-01-28,148,2116,8,1025,140,1091,0,0,118,1336,30,390,118,1726,California
Glenn,2021-01-29,299,2415,12,1037,287,1378,0,0,285,1607,14,404,285,2011,California
Glenn,2021-01-30,3,2418,0,1037,3,1381,0,0,3,1610,0,404,3,2014,California
Glenn,2021-01-31,1,2419,0,1037,1,1382,0,0,1,1611,0,404,1,2015,California
Glenn,2021-02-01,30,2449,11,1048,19,1401,0,0,18,1617,12,416,18,2033,California
Glenn,2021-02-02,30,2479,15,1063,15,1416,0,0,20,1627,10,426,20,2053,California
Glenn,2021-02-03,273,2752,125,1188,148,1564,0,0,129,1613,144,570,130,2183,California
Glenn,2021-02-04,80,2832,14,1202,66,1630,0,0,25,1583,55,625,25,2208,California
Glenn,2021-02-05,323,3155,25,1227,298,1928,0,0,302,1864,21,646,302,2510,California
Glenn,2021-02-06,16,3171,2,1229,14,1942,0,0,15,1878,1,647,15,2525,California
Glenn,2021-02-07,2,3173,2,1231,0,1942,0,0,2,1880,0,647,2,2527,California
Glenn,2021-02-08,21,3194,17,1248,4,1946,0,0,4,1867,17,664,4,2531,California
Glenn,2021-02-09,48,3242,19,1267,29,1975,0,0,34,1887,14,678,34,2565,California
Glenn,2021-02-10,139,3381,19,1286,120,2095,0,0,66,1880,73,751,66,2631,California
Glenn,2021-02-11,232,3613,132,1418,100,2195,0,0,150,1947,83,834,150,2781,California
Glenn,2021-02-12,419,4032,98,1516,321,2516,0,0,354,2236,65,899,354,3135,California
Glenn,2021-02-13,36,4068,8,1524,28,2544,0,0,17,2234,19,918,17,3152,California
Glenn,2021-02-14,1,4069,0,1524,1,2545,0,0,1,2235,0,918,1,3153,California
Glenn,2021-02-15,8,4077,0,1524,8,2553,0,0,8,2243,0,918,8,3161,California
Glenn,2021-02-16,39,4116,9,1533,30,2583,0,0,21,2246,18,936,21,3182,California
Glenn,2021-02-17,381,4497,13,1546,368,2951,0,0,304,2473,77,1013,304,3486,California
Glenn,2021-02-18,135,4632,100,1646,35,2986,0,0,111,2560,24,1037,111,3597,California
Glenn,2021-02-19,305,4937,16,1662,289,3275,0,0,28,2311,277,1314,28,3625,California
Glenn,2021-02-20,8,4945,0,1662,8,3283,0,0,0,2303,8,1322,0,3625,California
Glenn,2021-02-21,1,4946,1,1663,0,3283,0,0,1,2304,0,1322,1,3626,California
Glenn,2021-02-22,34,4980,15,1678,19,3302,0,0,17,2304,17,1339,17,3643,California
Glenn,2021-02-23,39,5019,10,1688,29,3331,0,0,27,2319,12,1351,27,3670,California
Glenn,2021-02-24,241,5260,39,1727,202,3533,0,0,46,2170,195,1546,46,3716,California
Glenn,2021-02-25,234,5494,120,1847,114,3647,0,0,118,2172,116,1662,118,3834,California
Glenn,2021-02-26,308,5802,24,1871,284,3931,0,0,20,1905,287,1949,20,3854,California
Glenn,2021-02-27,14,5816,5,1876,9,3940,0,0,6,1904,7,1956,6,3860,California
Glenn,2021-02-28,6,5822,3,1879,3,3943,0,0,3,1905,2,1958,3,3863,California
Glenn,2021-03-01,28,5850,6,1885,22,3965,0,0,12,1901,16,1974,12,3875,California
Glenn,2021-03-02,34,5884,7,1892,27,3992,0,0,16,1899,18,1992,16,3891,California
Glenn,2021-03-03,193,6077,38,1930,155,4147,0,0,102,1912,89,2081,102,3993,California
Glenn,2021-03-04,518,6595,174,2104,344,4491,0,0,374,2142,144,2225,374,4367,California
Glenn,2021-03-05,358,6953,47,2151,311,4802,0,0,34,1852,324,2549,34,4401,California
Glenn,2021-03-06,27,6980,2,2153,24,4826,1,1,8,1842,19,2568,9,4410,California
Glenn,2021-03-07,5,6985,0,2153,5,4831,0,1,3,1844,1,2569,3,4413,California
Glenn,2021-03-08,20,7005,2,2155,17,4848,1,2,18,1861,2,2571,19,4432,California
Glenn,2021-03-09,81,7086,11,2166,67,4915,3,5,53,1888,28,2599,55,4487,California
Glenn,2021-03-10,172,7258,69,2235,101,5016,2,7,95,1908,77,2676,97,4584,California
Glenn,2021-03-11,584,7842,169,2404,392,5408,23,30,454,2255,130,2806,477,5061,California
Glenn,2021-03-12,417,8259,13,2417,342,5750,62,92,41,1982,376,3182,103,5164,California
Glenn,2021-03-13,13,8272,1,2418,4,5754,8,100,1,1979,12,3194,9,5173,California
Glenn,2021-03-14,2,8274,1,2419,1,5755,0,100,0,1977,2,3196,0,5173,California
Glenn,2021-03-15,76,8350,15,2434,56,5811,5,105,61,2028,15,3211,66,5239,California
Glenn,2021-03-16,109,8459,34,2468,65,5876,10,115,69,2067,40,3251,79,5318,California
Glenn,2021-03-17,420,8879,99,2567,314,6190,7,122,116,1884,304,3555,121,5439,California
Glenn,2021-03-18,522,9401,217,2784,49,6239,256,378,144,1905,378,3933,399,5838,California
Glenn,2021-03-19,96,9497,16,2800,74,6313,6,384,75,1966,20,3953,81,5919,California
Glenn,2021-03-20,133,9630,2,2802,130,6443,1,385,131,2096,2,3955,132,6051,California
Glenn,2021-03-21,6,9636,5,2807,0,6443,1,386,3,2098,2,3957,4,6055,California
Glenn,2021-03-22,122,9758,54,2861,61,6504,7,393,103,2191,17,3974,110,6165,California
Glenn,2021-03-23,175,9933,66,2927,59,6563,50,443,104,2275,70,4044,154,6319,California
Glenn,2021-03-24,208,10141,101,3028,102,6665,5,448,135,2343,72,4116,140,6459,California
Glenn,2021-03-25,472,10613,230,3258,148,6813,94,542,345,2656,126,4242,439,6898,California
Glenn,2021-03-26,239,10852,36,3294,167,6980,36,578,189,2831,50,4292,225,7123,California
Glenn,2021-03-27,163,11015,19,3313,138,7118,6,584,153,2980,10,4302,159,7282,California
Glenn,2021-03-28,15,11030,10,3323,5,7123,0,584,10,2985,5,4307,10,7292,California
Glenn,2021-03-29,61,11091,20,3343,38,7161,3,587,47,3021,14,4321,50,7342,California
Glenn,2021-03-30,72,11163,41,3384,30,7191,1,588,41,3034,29,4350,42,7384,California
Glenn,2021-03-31,124,11287,35,3419,88,7279,1,589,54,3020,69,4419,55,7439,California
Glenn,2021-04-01,654,11941,188,3607,457,7736,9,598,243,2863,409,4828,252,7691,California
Glenn,2021-04-02,169,12110,26,3633,131,7867,12,610,133,2972,36,4864,145,7836,California
Glenn,2021-04-03,96,12206,4,3637,85,7952,7,617,85,3053,11,4875,92,7928,California
Glenn,2021-04-04,9,12215,3,3640,4,7956,2,619,5,3056,4,4879,7,7935,California
Glenn,2021-04-05,65,12280,25,3665,27,7983,13,632,28,3060,37,4916,41,7976,California
Glenn,2021-04-06,144,12424,52,3717,53,8036,39,671,37,3029,106,5022,75,8051,California
Glenn,2021-04-07,161,12585,47,3764,60,8096,54,725,74,3070,87,5109,128,8179,California
Glenn,2021-04-08,645,13230,191,3955,420,8516,34,759,139,2739,504,5613,173,8352,California
Glenn,2021-04-09,158,13388,57,4012,85,8601,16,775,101,2799,57,5670,117,8469,California
Glenn,2021-04-10,76,13464,1,4013,61,8662,14,789,59,2856,16,5686,73,8542,California
Glenn,2021-04-11,16,13480,8,4021,3,8665,5,794,7,2859,9,5695,12,8554,California
Glenn,2021-04-12,115,13595,25,4046,61,8726,29,823,20,2813,95,5790,49,8603,California
Glenn,2021-04-13,119,13714,63,4109,56,8782,0,823,30,2755,88,5878,30,8633,California
Glenn,2021-04-14,123,13837,46,4155,77,8859,0,823,69,2770,54,5932,69,8702,California
Glenn,2021-04-15,362,14199,277,4432,85,8944,0,823,122,2653,240,6172,123,8825,California
Glenn,2021-04-16,164,14363,41,4473,123,9067,0,823,76,2641,88,6260,76,8901,California
Glenn,2021-04-17,165,14528,16,4489,149,9216,0,823,27,2537,131,6391,27,8928,California
Glenn,2021-04-18,16,14544,3,4492,13,9229,0,823,13,2547,3,6394,13,8941,California
Glenn,2021-04-19,83,14627,17,4509,66,9295,0,823,22,2509,60,6454,22,8963,California
Glenn,2021-04-20,127,14754,82,4591,45,9340,0,823,54,2490,73,6527,54,9017,California
Glenn,2021-04-21,411,15165,310,4901,101,9441,0,823,280,2639,131,6658,280,9297,California
Glenn,2021-04-22,210,15375,48,4949,162,9603,0,823,33,2496,176,6834,33,9330,California
Glenn,2021-04-23,180,15555,24,4973,156,9759,0,823,41,2399,138,6972,41,9371,California
Glenn,2021-04-24,180,15735,32,5005,148,9907,0,823,31,2281,149,7121,31,9402,California
Glenn,2021-04-25,29,15764,18,5023,11,9918,0,823,21,2294,8,7129,21,9423,California
Glenn,2021-04-26,48,15812,12,5035,36,9954,0,823,19,2284,29,7158,19,9442,California
Glenn,2021-04-27,63,15875,49,5084,9,9963,5,828,32,2289,31,7189,36,9478,California
Glenn,2021-04-28,259,16134,180,5264,68,10031,11,839,129,2300,129,7318,140,9618,California
Glenn,2021-04-29,182,16316,23,5287,157,10188,2,841,36,2192,146,7464,38,9656,California
Glenn,2021-04-30,156,16472,35,5322,119,10307,2,843,37,2112,119,7583,39,9695,California
Glenn,2021-05-01,109,16581,13,5335,95,10402,1,844,26,2056,83,7666,27,9722,California
Glenn,2021-05-02,30,16611,12,5347,9,10411,9,853,15,2065,15,7681,24,9746,California
Glenn,2021-05-03,37,16648,23,5370,13,10424,1,854,14,2057,23,7704,15,9761,California
Glenn,2021-05-04,57,16705,33,5403,19,10443,5,859,28,2061,29,7733,33,9794,California
Glenn,2021-05-05,122,16827,35,5438,77,10520,10,869,51,2051,71,7804,61,9855,California
Glenn,2021-05-06,112,16939,41,5479,66,10586,5,874,41,2026,71,7875,46,9901,California
Glenn,2021-05-07,119,17058,32,5511,78,10664,9,883,31,1979,87,7962,40,9941,California
Glenn,2021-05-08,66,17124,12,5523,50,10714,4,887,21,1960,44,8006,25,9966,California
Glenn,2021-05-09,17,17141,11,5534,6,10720,0,887,13,1969,4,8010,13,9979,California
Glenn,2021-05-10,37,17178,15,5549,17,10737,5,892,14,1965,23,8033,19,9998,California
Glenn,2021-05-11,79,17257,56,5605,14,10751,9,901,16,1927,63,8096,25,10023,California
Glenn,2021-05-12,334,17591,252,5857,68,10819,14,915,53,1713,281,8377,67,10090,California
Glenn,2021-05-13,157,17748,59,5916,80,10899,18,933,68,1710,89,8466,86,10176,California
Glenn,2021-05-14,106,17854,25,5941,76,10975,5,938,42,1693,64,8530,47,10223,California
Glenn,2021-05-15,69,17923,40,5981,26,11001,3,941,36,1699,32,8562,38,10261,California
Glenn,2021-05-16,31,17954,18,5999,13,11014,0,941,9,1686,22,8584,9,10270,California
Glenn,2021-05-17,83,18037,58,6057,21,11035,4,945,60,1724,26,8610,64,10334,California
Glenn,2021-05-18,68,18105,49,6106,14,11049,5,950,22,1705,46,8656,27,10361,California
Glenn,2021-05-19,194,18299,114,6220,68,11117,12,962,72,1667,121,8777,83,10444,California
Glenn,2021-05-20,114,18413,72,6292,40,11157,2,964,81,1717,33,8810,83,10527,California
Glenn,2021-05-21,65,18478,22,6314,42,11199,1,965,26,1705,39,8849,27,10554,California
Glenn,2021-05-22,48,18526,18,6332,30,11229,0,965,22,1701,26,8875,22,10576,California
Glenn,2021-05-23,25,18551,14,6346,11,11240,0,965,11,1699,13,8888,11,10587,California
Glenn,2021-05-24,29,18580,10,6356,15,11255,4,969,10,1695,18,8906,14,10601,California
Glenn,2021-05-25,47,18627,36,6392,9,11264,2,971,24,1698,23,8929,26,10627,California
Glenn,2021-05-26,74,18701,15,6407,55,11319,4,975,26,1680,48,8977,30,10657,California
Glenn,2021-05-27,101,18802,62,6469,38,11357,1,976,47,1676,52,9029,48,10705,California
Glenn,2021-05-28,62,18864,18,6487,37,11394,7,983,32,1685,30,9059,39,10744,California
Glenn,2021-05-29,48,18912,11,6498,33,11427,4,987,21,1683,27,9086,25,10769,California
Glenn,2021-05-30,21,18933,13,6511,8,11435,0,987,8,1679,12,9098,8,10777,California
Glenn,2021-05-31,4,18937,0,6511,4,11439,0,987,0,1675,4,9102,0,10777,California
Glenn,2021-06-01,57,18994,31,6542,23,11462,3,990,24,1669,33,9135,27,10804,California
Glenn,2021-06-02,96,19090,48,6590,45,11507,3,993,39,1654,57,9192,42,10846,California
Glenn,2021-06-03,75,19165,42,6632,26,11533,7,1000,18,1624,55,9247,25,10871,California
Glenn,2021-06-04,76,19241,36,6668,37,11570,3,1003,40,1631,36,9283,43,10914,California
Glenn,2021-06-05,58,19299,32,6700,23,11593,3,1006,20,1616,38,9321,23,10937,California
Glenn,2021-06-06,29,19328,26,6726,2,11595,1,1007,13,1615,15,9336,14,10951,California
Glenn,2021-06-07,69,19397,60,6786,8,11603,1,1008,14,1576,54,9390,15,10966,California
Glenn,2021-06-08,9,19406,4,6790,3,11606,2,1010,2,1573,7,9397,4,10970,California
Humboldt,2020-12-15,2,2,2,2,0,0,0,0,2,2,0,0,2,2,California
Humboldt,2020-12-16,16,18,16,18,0,0,0,0,16,18,0,0,16,18,California
Humboldt,2020-12-17,117,135,117,135,0,0,0,0,117,135,0,0,117,135,California
Humboldt,2020-12-18,177,312,177,312,0,0,0,0,177,312,0,0,177,312,California
Humboldt,2020-12-19,10,322,10,322,0,0,0,0,10,322,0,0,10,322,California
Humboldt,2020-12-20,27,349,27,349,0,0,0,0,27,349,0,0,27,349,California
Humboldt,2020-12-21,165,514,165,514,0,0,0,0,165,514,0,0,165,514,California
Humboldt,2020-12-22,330,844,330,844,0,0,0,0,330,844,0,0,330,844,California
Humboldt,2020-12-23,321,1165,266,1110,55,55,0,0,323,1167,0,0,323,1167,California
Humboldt,2020-12-24,25,1190,2,1112,23,78,0,0,25,1192,0,0,25,1192,California
Humboldt,2020-12-25,2,1192,2,1114,0,78,0,0,2,1194,0,0,2,1194,California
Humboldt,2020-12-26,6,1198,5,1119,1,79,0,0,6,1200,0,0,6,1200,California
Humboldt,2020-12-28,196,1394,149,1268,47,126,0,0,196,1396,0,0,196,1396,California
Humboldt,2020-12-29,170,1564,123,1391,47,173,0,0,171,1567,0,0,171,1567,California
Humboldt,2020-12-30,228,1792,126,1517,102,275,0,0,228,1795,0,0,228,1795,California
Humboldt,2020-12-31,241,2033,79,1596,162,437,0,0,241,2036,0,0,241,2036,California
Humboldt,2021-01-01,2,2035,1,1597,1,438,0,0,2,2038,0,0,2,2038,California
Humboldt,2021-01-02,39,2074,1,1598,38,476,0,0,39,2077,0,0,39,2077,California
Humboldt,2021-01-04,218,2292,142,1740,76,552,0,0,219,2296,0,0,219,2296,California
Humboldt,2021-01-05,130,2422,18,1758,112,664,0,0,130,2425,1,1,130,2426,California
Humboldt,2021-01-06,309,2731,211,1969,98,762,0,0,236,2600,61,62,236,2662,California
Humboldt,2021-01-07,441,3172,329,2298,112,874,0,0,324,2824,100,162,324,2986,California
Humboldt,2021-01-08,420,3592,282,2580,138,1012,0,0,281,2972,133,295,281,3267,California
Humboldt,2021-01-09,68,3660,44,2624,24,1036,0,0,66,3037,2,297,67,3334,California
Humboldt,2021-01-10,84,3744,84,2708,0,1036,0,0,4,2961,80,377,4,3338,California
Humboldt,2021-01-11,289,4033,278,2986,11,1047,0,0,71,2818,214,591,71,3409,California
Humboldt,2021-01-12,486,4519,324,3310,162,1209,0,0,281,2916,183,774,281,3690,California
Humboldt,2021-01-13,497,5016,279,3589,218,1427,0,0,318,3059,176,950,319,4009,California
Humboldt,2021-01-14,527,5543,167,3756,360,1787,0,0,471,3475,56,1006,472,4481,California
Humboldt,2021-01-15,375,5918,39,3795,336,2123,0,0,347,3794,28,1034,347,4828,California
Humboldt,2021-01-16,170,6088,6,3801,164,2287,0,0,169,3962,1,1035,169,4997,California
Humboldt,2021-01-17,6,6094,4,3805,2,2289,0,0,6,3968,0,1035,6,5003,California
Humboldt,2021-01-18,301,6395,266,4071,35,2324,0,0,150,3967,151,1186,150,5153,California
Humboldt,2021-01-19,640,7035,396,4467,244,2568,0,0,512,4357,122,1308,512,5665,California
Humboldt,2021-01-20,907,7942,388,4855,519,3087,0,0,750,4960,149,1457,752,6417,California
Humboldt,2021-01-21,959,8901,261,5116,698,3785,0,0,917,5835,42,1499,917,7334,California
Humboldt,2021-01-22,682,9583,377,5493,305,4090,0,0,672,6499,10,1509,674,8008,California
Humboldt,2021-01-23,915,10498,282,5775,633,4723,0,0,906,7397,9,1518,907,8915,California
Humboldt,2021-01-24,229,10727,1,5776,228,4951,0,0,228,7624,1,1519,228,9143,California
Humboldt,2021-01-25,342,11069,236,6012,106,5057,0,0,151,7584,191,1710,151,9294,California
Humboldt,2021-01-26,532,11601,148,6160,384,5441,0,0,477,8006,55,1765,477,9771,California
Humboldt,2021-01-27,1260,12861,587,6747,673,6114,0,0,1192,9139,61,1826,1194,10965,California
Humboldt,2021-01-28,1464,14325,636,7383,828,6942,0,0,1326,10332,135,1961,1328,12293,California
Humboldt,2021-01-29,1150,15475,548,7931,602,7544,0,0,692,10566,458,2419,692,12985,California
Humboldt,2021-01-30,986,16461,468,8399,518,8062,0,0,973,11527,13,2432,974,13959,California
Humboldt,2021-01-31,316,16777,314,8713,2,8064,0,0,315,11841,1,2433,315,14274,California
Humboldt,2021-02-01,336,17113,193,8906,143,8207,0,0,188,11882,147,2580,188,14462,California
Humboldt,2021-02-02,450,17563,79,8985,371,8578,0,0,345,12127,102,2682,347,14809,California
Humboldt,2021-02-03,671,18234,265,9250,406,8984,0,0,519,12494,152,2834,519,15328,California
Humboldt,2021-02-04,638,18872,260,9510,378,9362,0,0,439,12737,196,3030,439,15767,California
Humboldt,2021-02-05,810,19682,94,9604,716,10078,0,0,626,13179,184,3214,626,16393,California
Humboldt,2021-02-06,1074,20756,462,10066,612,10690,0,0,1028,14163,45,3259,1029,17422,California
Humboldt,2021-02-07,379,21135,9,10075,370,11060,0,0,374,14534,4,3263,375,17797,California
Humboldt,2021-02-08,329,21464,146,10221,183,11243,0,0,180,14566,148,3411,180,17977,California
Humboldt,2021-02-09,501,21965,228,10449,273,11516,0,0,176,14417,325,3736,176,18153,California
Humboldt,2021-02-10,564,22529,372,10821,192,11708,0,0,234,14326,325,4061,234,18387,California
Humboldt,2021-02-11,1302,23831,396,11217,906,12614,0,0,497,14023,802,4863,499,18886,California
Humboldt,2021-02-12,1148,24979,738,11955,410,13024,0,0,707,14289,441,5304,707,19593,California
Humboldt,2021-02-13,1519,26498,568,12523,951,13975,0,0,919,14610,598,5902,919,20512,California
Humboldt,2021-02-14,111,26609,5,12528,106,14081,0,0,108,14716,2,5904,108,20620,California
Humboldt,2021-02-15,295,26904,81,12609,214,14295,0,0,194,14810,100,6004,194,20814,California
Humboldt,2021-02-16,537,27441,121,12730,416,14711,0,0,253,14780,284,6288,254,21068,California
Humboldt,2021-02-17,448,27889,276,13006,172,14883,0,0,131,14595,316,6604,131,21199,California
Humboldt,2021-02-18,974,28863,598,13604,376,15259,0,0,228,14079,744,7348,228,21427,California
Humboldt,2021-02-19,477,29340,435,14039,42,15301,0,0,89,13783,385,7733,89,21516,California
Humboldt,2021-02-20,1640,30980,1010,15049,630,15931,0,0,483,13115,1154,8887,486,22002,California
Humboldt,2021-02-21,479,31459,471,15520,8,15939,0,0,181,12999,298,9185,182,22184,California
Humboldt,2021-02-22,134,31593,94,15614,40,15979,0,0,29,12925,103,9288,29,22213,California
Humboldt,2021-02-23,177,31770,71,15685,106,16085,0,0,40,12830,135,9423,40,22253,California
Humboldt,2021-02-24,1202,32972,741,16426,461,16546,0,0,585,12799,616,10039,585,22838,California
Humboldt,2021-02-25,834,33806,319,16745,515,17061,0,0,232,12431,600,10639,232,23070,California
Humboldt,2021-02-26,2149,35955,106,16851,2043,19104,0,0,448,11185,1695,12334,449,23519,California
Humboldt,2021-02-27,1710,37665,1091,17942,619,19723,0,0,861,11203,847,13181,865,24384,California
Humboldt,2021-02-28,123,37788,11,17953,112,19835,0,0,117,11314,6,13187,117,24501,California
Humboldt,2021-03-01,257,38045,45,17998,212,20047,0,0,183,11423,74,13261,183,24684,California
Humboldt,2021-03-02,296,38341,51,18049,245,20292,0,0,164,11455,132,13393,164,24848,California
Humboldt,2021-03-03,1666,40007,1100,19149,566,20858,0,0,1222,12240,438,13831,1223,26071,California
Humboldt,2021-03-04,907,40914,112,19261,795,21653,0,0,285,11905,622,14453,287,26358,California
Humboldt,2021-03-05,947,41861,187,19448,749,22402,11,11,389,11751,554,15007,400,26758,California
Humboldt,2021-03-06,1799,43660,941,20389,809,23211,49,60,803,11608,995,16002,852,27610,California
Humboldt,2021-03-07,365,44025,294,20683,53,23264,18,78,157,11575,208,16210,175,27785,California
Humboldt,2021-03-08,277,44302,6,20689,192,23456,79,157,182,11741,95,16305,261,28046,California
Humboldt,2021-03-09,490,44792,207,20896,135,23591,148,305,236,11872,252,16557,383,28429,California
Humboldt,2021-03-10,690,45482,466,21362,70,23661,154,459,420,12175,269,16826,572,29001,California
Humboldt,2021-03-11,1463,46945,456,21818,907,24568,100,559,641,12098,817,17643,740,29741,California
Humboldt,2021-03-12,1746,48691,1083,22901,441,25009,222,781,1053,12691,685,18328,1278,31019,California
Humboldt,2021-03-13,1585,50276,1037,23938,496,25505,52,833,668,12500,911,19239,720,31739,California
Humboldt,2021-03-14,141,50417,19,23957,114,25619,8,841,29,12425,112,19351,37,31776,California
Humboldt,2021-03-15,277,50694,51,24008,205,25824,21,862,59,12287,218,19569,80,31856,California
Humboldt,2021-03-16,636,51330,201,24209,174,25998,261,1123,260,12431,375,19944,519,32375,California
Humboldt,2021-03-17,730,52060,394,24603,228,26226,108,1231,340,12490,389,20333,448,32823,California
Humboldt,2021-03-18,1740,53800,1169,25772,528,26754,43,1274,1042,12881,694,21027,1085,33908,California
Humboldt,2021-03-19,1076,54876,61,25833,701,27455,314,1588,441,13003,632,21659,754,34662,California
Humboldt,2021-03-20,1383,56259,755,26588,614,28069,14,1602,424,12485,957,22616,439,35101,California
Humboldt,2021-03-21,250,56509,33,26621,188,28257,29,1631,205,12673,45,22661,233,35334,California
Humboldt,2021-03-22,118,56627,15,26636,53,28310,50,1681,62,12731,54,22715,112,35446,California
Humboldt,2021-03-23,414,57041,43,26679,328,28638,43,1724,320,13002,92,22807,363,35809,California
Humboldt,2021-03-24,1414,58455,388,27067,978,29616,48,1772,1037,13717,369,23176,1084,36893,California
Humboldt,2021-03-25,1836,60291,1210,28277,564,30180,62,1834,946,13837,888,24064,1008,37901,California
Humboldt,2021-03-26,2042,62333,438,28715,1546,31726,58,1892,1595,15048,441,24505,1652,39553,California
Humboldt,2021-03-27,2078,64411,1498,30213,408,32134,172,2064,1100,15346,974,25479,1272,40825,California
Humboldt,2021-03-28,267,64678,81,30294,114,32248,72,2136,83,15319,183,25662,156,40981,California
Humboldt,2021-03-29,467,65145,125,30419,246,32494,96,2232,198,15344,268,25930,293,41274,California
Humboldt,2021-03-30,942,66087,305,30724,523,33017,114,2346,557,15634,380,26310,670,41944,California
Humboldt,2021-03-31,1867,67954,520,31244,1249,34266,98,2444,1410,16691,453,26763,1510,43454,California
Humboldt,2021-04-01,2113,70067,702,31946,1318,35584,93,2537,1482,17643,623,27386,1575,45029,California
Humboldt,2021-04-02,1721,71788,1111,33057,505,36089,105,2642,618,17268,1098,28484,723,45752,California
Humboldt,2021-04-03,1666,73454,1507,34564,145,36234,14,2656,670,16966,986,29470,684,46436,California
Humboldt,2021-04-04,485,73939,371,34935,105,36339,9,2665,405,17300,80,29550,414,46850,California
Humboldt,2021-04-05,777,74716,463,35398,266,36605,48,2713,443,17459,332,29882,491,47341,California
Humboldt,2021-04-06,841,75557,318,35716,389,36994,134,2847,586,17928,249,30131,718,48059,California
Humboldt,2021-04-07,1498,77055,1066,36782,292,37286,140,2987,993,18559,502,30633,1133,49192,California
Humboldt,2021-04-08,1748,78803,1096,37878,494,37780,158,3145,738,18447,1008,31641,896,50088,California
Humboldt,2021-04-09,1442,80245,439,38317,849,38629,154,3299,1154,19461,287,31928,1301,51389,California
Humboldt,2021-04-10,937,81182,139,38456,624,39253,174,3473,738,20174,197,32125,910,52299,California
Humboldt,2021-04-11,645,81827,138,38594,36,39289,471,3944,128,20255,517,32642,598,52897,California
Humboldt,2021-04-12,436,82263,227,38821,84,39373,125,4069,277,20498,159,32801,402,53299,California
Humboldt,2021-04-13,591,82854,325,39146,262,39635,4,4073,557,21027,31,32832,560,53859,California
Humboldt,2021-04-14,1428,84282,1032,40178,396,40031,0,4073,1316,22232,111,32943,1316,55175,California
Humboldt,2021-04-15,1822,86104,1196,41374,622,40653,4,4077,1253,22938,551,33494,1257,56432,California
Humboldt,2021-04-16,1138,87242,523,41897,615,41268,0,4077,552,22907,583,34077,552,56984,California
Humboldt,2021-04-17,1812,89054,1490,43387,322,41590,0,4077,1041,23183,765,34842,1041,58025,California
Humboldt,2021-04-18,661,89715,348,43735,312,41902,1,4078,84,22696,571,35413,84,58109,California
Humboldt,2021-04-19,201,89916,84,43819,117,42019,0,4078,86,22669,113,35526,86,58195,California
Humboldt,2021-04-20,487,90403,127,43946,360,42379,0,4078,241,22665,245,35771,241,58436,California
Humboldt,2021-04-21,1093,91496,382,44328,711,43090,0,4078,433,22448,651,36422,434,58870,California
Humboldt,2021-04-22,878,92374,525,44853,351,43441,2,4080,445,22462,431,36853,445,59315,California
Humboldt,2021-04-23,2164,94538,305,45158,1859,45300,0,4080,315,20932,1845,38698,315,59630,California
Humboldt,2021-04-24,1086,95624,880,46038,201,45501,5,4085,361,20575,723,39421,366,59996,California
Humboldt,2021-04-25,376,96000,240,46278,136,45637,0,4085,192,20586,181,39602,192,60188,California
Humboldt,2021-04-26,349,96349,245,46523,100,45737,4,4089,99,20439,248,39850,101,60289,California
Humboldt,2021-04-27,736,97085,243,46766,469,46206,24,4113,153,20035,581,40431,177,60466,California
Humboldt,2021-04-28,1540,98625,793,47559,702,46908,45,4158,399,19340,1139,41570,444,60910,California
Humboldt,2021-04-29,1737,100362,589,48148,1110,48018,38,4196,290,18225,1443,43013,328,61238,California
Humboldt,2021-04-30,1249,101611,392,48540,823,48841,34,4230,192,17398,1051,44064,224,61462,California
Humboldt,2021-05-01,466,102077,385,48925,59,48900,22,4252,288,17531,177,44241,310,61772,California
Humboldt,2021-05-02,230,102307,184,49109,37,48937,9,4261,114,17540,115,44356,124,61896,California
Humboldt,2021-05-03,612,102919,375,49484,213,49150,24,4285,99,17153,511,44867,124,62020,California
Humboldt,2021-05-04,824,103743,483,49967,295,49445,46,4331,253,16883,568,45435,298,62318,California
Humboldt,2021-05-05,1684,105427,1075,51042,552,49997,57,4388,178,15617,1499,46934,233,62551,California
Humboldt,2021-05-06,1689,107116,1073,52115,364,50361,252,4640,139,14461,1547,48481,391,62942,California
Humboldt,2021-05-07,1417,108533,302,52417,1056,51417,59,4699,234,13572,1180,49661,291,63233,California
Humboldt,2021-05-08,742,109275,147,52564,572,51989,23,4722,91,13036,650,50311,114,63347,California
Humboldt,2021-05-09,908,110183,856,53420,42,52031,10,4732,48,12234,860,51171,58,63405,California
Humboldt,2021-05-10,215,110398,36,53456,141,52172,38,4770,82,12221,133,51304,120,63525,California
Humboldt,2021-05-11,491,110889,146,53602,274,52446,71,4841,183,12167,308,51612,254,63779,California
Humboldt,2021-05-12,614,111503,140,53742,430,52876,44,4885,229,12055,384,51996,272,64051,California
Humboldt,2021-05-13,559,112062,281,54023,253,53129,25,4910,257,12037,300,52296,282,64333,California
Humboldt,2021-05-14,706,112768,140,54163,462,53591,104,5014,231,11899,472,52768,334,64667,California
Humboldt,2021-05-15,781,113549,642,54805,131,53722,8,5022,210,11547,570,53338,218,64885,California
Humboldt,2021-05-16,124,113673,54,54859,66,53788,4,5026,70,11567,54,53392,74,64959,California
Humboldt,2021-05-17,401,114074,213,55072,166,53954,22,5048,223,11635,176,53568,244,65203,California
Humboldt,2021-05-18,663,114737,323,55395,311,54265,29,5077,369,11739,294,53862,398,65601,California
Humboldt,2021-05-19,991,115728,548,55943,400,54665,43,5120,359,11511,628,54490,400,66001,California
Humboldt,2021-05-20,741,116469,557,56500,172,54837,12,5132,546,11878,192,54682,559,66560,California
Humboldt,2021-05-21,812,117281,247,56747,504,55341,61,5193,336,11799,476,55158,397,66957,California
Humboldt,2021-05-22,365,117646,277,57024,80,55421,8,5201,108,11660,255,55413,116,67073,California
Humboldt,2021-05-23,352,117998,304,57328,45,55466,3,5204,59,11429,293,55706,62,67135,California
Humboldt,2021-05-24,325,118323,172,57500,124,55590,29,5233,187,11508,137,55843,216,67351,California
Humboldt,2021-05-25,559,118882,368,57868,167,55757,24,5257,319,11614,237,56080,343,67694,California
Humboldt,2021-05-26,656,119538,320,58188,312,56069,24,5281,322,11627,333,56413,346,68040,California
Humboldt,2021-05-27,461,119999,244,58432,181,56250,36,5317,279,11760,182,56595,315,68355,California
Humboldt,2021-05-28,411,120410,194,58626,170,56420,47,5364,181,11759,229,56824,228,68583,California
Humboldt,2021-05-29,170,120580,103,58729,64,56484,3,5367,97,11786,73,56897,100,68683,California
Humboldt,2021-05-30,104,120684,45,58774,54,56538,5,5372,49,11786,54,56951,54,68737,California
Humboldt,2021-05-31,97,120781,51,58825,40,56578,6,5378,73,11841,23,56974,78,68815,California
Humboldt,2021-06-01,457,121238,268,59093,174,56752,15,5393,205,11810,251,57225,220,69035,California
Humboldt,2021-06-02,532,121770,250,59343,228,56980,54,5447,244,11824,282,57507,296,69331,California
Humboldt,2021-06-03,388,122158,225,59568,141,57121,22,5469,91,11668,269,57776,113,69444,California
Humboldt,2021-06-04,487,122645,306,59874,159,57280,22,5491,127,11501,315,58091,148,69592,California
Humboldt,2021-06-05,394,123039,302,60176,48,57328,44,5535,192,11590,147,58238,236,69828,California
Humboldt,2021-06-06,147,123186,95,60271,42,57370,10,5545,48,11554,94,58332,58,69886,California
Humboldt,2021-06-07,347,123533,215,60486,110,57480,22,5567,113,11455,234,58566,135,70021,California
Humboldt,2021-06-08,243,123776,126,60612,91,57571,26,5593,51,11340,192,58758,77,70098,California
Imperial,2020-12-16,1,1,1,1,0,0,0,0,1,1,0,0,1,1,California
Imperial,2020-12-17,4,5,4,5,0,0,0,0,4,5,0,0,4,5,California
Imperial,2020-12-18,12,17,12,17,0,0,0,0,12,17,0,0,12,17,California
Imperial,2020-12-20,2,19,2,19,0,0,0,0,2,19,0,0,2,19,California
Imperial,2020-12-21,186,205,186,205,0,0,0,0,186,205,0,0,186,205,California
Imperial,2020-12-22,241,446,239,444,2,2,0,0,241,446,0,0,241,446,California
Imperial,2020-12-23,211,657,210,654,1,3,0,0,210,656,0,0,210,656,California
Imperial,2020-12-24,5,662,5,659,0,3,0,0,5,661,0,0,5,661,California
Imperial,2020-12-26,2,664,1,660,1,4,0,0,2,663,0,0,2,663,California
Imperial,2020-12-27,62,726,0,660,62,66,0,0,62,725,0,0,62,725,California
Imperial,2020-12-28,214,940,114,774,100,166,0,0,214,939,0,0,214,939,California
Imperial,2020-12-29,189,1129,36,810,153,319,0,0,189,1128,0,0,189,1128,California
Imperial,2020-12-30,367,1496,50,860,317,636,0,0,367,1495,0,0,367,1495,California
Imperial,2020-12-31,198,1694,27,887,171,807,0,0,198,1693,0,0,198,1693,California
Imperial,2021-01-01,47,1741,5,892,42,849,0,0,47,1740,0,0,47,1740,California
Imperial,2021-01-02,4,1745,0,892,4,853,0,0,4,1744,0,0,4,1744,California
Imperial,2021-01-03,90,1835,0,892,90,943,0,0,90,1834,0,0,90,1834,California
Imperial,2021-01-04,85,1920,5,897,80,1023,0,0,85,1919,0,0,85,1919,California
Imperial,2021-01-05,172,2092,14,911,158,1181,0,0,172,2091,0,0,172,2091,California
Imperial,2021-01-06,189,2281,25,936,164,1345,0,0,188,2278,1,1,188,2279,California
Imperial,2021-01-07,322,2603,10,946,312,1657,0,0,319,2594,3,4,319,2598,California
Imperial,2021-01-08,192,2795,52,998,140,1797,0,0,182,2766,10,14,182,2780,California
Imperial,2021-01-09,24,2819,21,1019,3,1800,0,0,24,2790,0,14,24,2804,California
Imperial,2021-01-10,2,2821,0,1019,2,1802,0,0,2,2792,0,14,2,2806,California
Imperial,2021-01-11,403,3224,244,1263,159,1961,0,0,175,2739,228,242,175,2981,California
Imperial,2021-01-12,405,3629,302,1565,103,2064,0,0,143,2621,261,503,143,3124,California
Imperial,2021-01-13,378,4007,133,1698,245,2309,0,0,278,2799,100,603,278,3402,California
Imperial,2021-01-14,260,4267,150,1848,110,2419,0,0,254,3048,5,608,254,3656,California
Imperial,2021-01-15,239,4506,181,2029,58,2477,0,0,232,3273,7,615,232,3888,California
Imperial,2021-01-16,80,4586,74,2103,6,2483,0,0,79,3351,1,616,79,3967,California
Imperial,2021-01-17,10,4596,2,2105,8,2491,0,0,10,3361,0,616,10,3977,California
Imperial,2021-01-18,1063,5659,399,2504,664,3155,0,0,965,4229,98,714,966,4943,California
Imperial,2021-01-19,166,5825,130,2634,36,3191,0,0,119,4301,47,761,119,5062,California
Imperial,2021-01-20,295,6120,198,2832,97,3288,0,0,257,4520,38,799,257,5319,California
Imperial,2021-01-21,427,6547,193,3025,234,3522,0,0,405,4903,22,821,405,5724,California
Imperial,2021-01-22,462,7009,191,3216,271,3793,0,0,453,5347,9,830,453,6177,California
Imperial,2021-01-23,1043,8052,291,3507,752,4545,0,0,1042,6388,1,831,1042,7219,California
Imperial,2021-01-24,11,8063,4,3511,7,4552,0,0,11,6399,0,831,11,7230,California
Imperial,2021-01-25,215,8278,5,3516,210,4762,0,0,34,6254,179,1010,34,7264,California
Imperial,2021-01-26,374,8652,188,3704,186,4948,0,0,230,6341,143,1153,230,7494,California
Imperial,2021-01-27,580,9232,166,3870,414,5362,0,0,247,6255,333,1486,247,7741,California
Imperial,2021-01-28,640,9872,163,4033,477,5839,0,0,532,6679,108,1594,532,8273,California
Imperial,2021-01-29,430,10302,298,4331,132,5971,0,0,381,7011,49,1643,381,8654,California
Imperial,2021-01-30,60,10362,33,4364,27,5998,0,0,43,7037,17,1660,43,8697,California
Imperial,2021-01-31,19,10381,9,4373,10,6008,0,0,18,7054,1,1661,18,8715,California
Imperial,2021-02-01,426,10807,57,4430,369,6377,0,0,215,7060,209,1870,215,8930,California
Imperial,2021-02-02,689,11496,59,4489,630,7007,0,0,508,7387,181,2051,508,9438,California
Imperial,2021-02-03,463,11959,52,4541,411,7418,0,0,267,7459,195,2246,267,9705,California
Imperial,2021-02-04,1727,13686,1209,5750,518,7936,0,0,1415,8563,311,2557,1415,11120,California
Imperial,2021-02-05,401,14087,243,5993,158,8094,0,0,168,8497,234,2791,168,11288,California
Imperial,2021-02-06,860,14947,837,6830,23,8117,0,0,825,9285,37,2828,825,12113,California
Imperial,2021-02-07,22,14969,9,6839,13,8130,0,0,21,9305,1,2829,21,12134,California
Imperial,2021-02-08,260,15229,53,6892,207,8337,0,0,191,9427,69,2898,191,12325,California
Imperial,2021-02-09,481,15710,157,7049,324,8661,0,0,321,9588,160,3058,321,12646,California
Imperial,2021-02-10,468,16178,62,7111,406,9067,0,0,104,9329,364,3422,105,12751,California
Imperial,2021-02-11,1043,17221,371,7482,672,9739,0,0,151,8593,887,4309,151,12902,California
Imperial,2021-02-12,2154,19375,1429,8911,725,10464,0,0,1801,10039,356,4665,1802,14704,California
Imperial,2021-02-13,47,19422,17,8928,30,10494,0,0,43,10076,7,4672,44,14748,California
Imperial,2021-02-14,25,19447,12,8940,13,10507,0,0,22,10095,3,4675,22,14770,California
Imperial,2021-02-15,107,19554,19,8959,88,10595,0,0,90,10168,17,4692,90,14860,California
Imperial,2021-02-16,525,20079,273,9232,252,10847,0,0,305,10253,220,4912,305,15165,California
Imperial,2021-02-17,445,20524,288,9520,157,11004,0,0,87,9982,358,5270,87,15252,California
Imperial,2021-02-18,654,21178,316,9836,338,11342,0,0,146,9621,507,5777,146,15398,California
Imperial,2021-02-19,775,21953,384,10220,391,11733,0,0,195,9237,579,6356,195,15593,California
Imperial,2021-02-20,1046,22999,195,10415,851,12584,0,0,330,8855,714,7070,332,15925,California
Imperial,2021-02-21,593,23592,559,10974,34,12618,0,0,581,9425,11,7081,581,16506,California
Imperial,2021-02-22,809,24401,568,11542,241,12859,0,0,759,10134,50,7131,759,17265,California
Imperial,2021-02-23,974,25375,404,11946,570,13429,0,0,917,10995,57,7188,918,18183,California
Imperial,2021-02-24,731,26106,303,12249,428,13857,0,0,630,11525,100,7288,630,18813,California
Imperial,2021-02-25,871,26977,343,12592,528,14385,0,0,499,11659,371,7659,505,19318,California
Imperial,2021-02-26,2296,29273,1355,13947,941,15326,0,0,1812,12989,483,8142,1813,21131,California
Imperial,2021-02-27,870,30143,813,14760,57,15383,0,0,135,12388,737,8879,136,21267,California
Imperial,2021-02-28,33,30176,20,14780,13,15396,0,0,23,12401,10,8889,23,21290,California
Imperial,2021-03-01,521,30697,303,15083,215,15611,3,3,449,12785,69,8958,453,21743,California
Imperial,2021-03-02,691,31388,252,15335,438,16049,1,4,393,12885,296,9254,396,22139,California
Imperial,2021-03-03,932,32320,52,15387,879,16928,1,5,562,13092,367,9621,574,22713,California
Imperial,2021-03-04,774,33094,90,15477,683,17611,1,6,505,13360,267,9888,535,23248,California
Imperial,2021-03-05,3099,36193,2216,17693,883,18494,0,6,1740,13740,1362,11250,1742,24990,California
Imperial,2021-03-06,702,36895,238,17931,464,18958,0,6,658,14361,41,11291,662,25652,California
Imperial,2021-03-07,83,36978,41,17972,42,19000,0,6,58,14396,24,11315,59,25711,California
Imperial,2021-03-08,424,37402,339,18311,50,19050,35,41,366,14740,57,11372,401,26112,California
Imperial,2021-03-09,696,38098,321,18632,128,19178,247,288,404,15098,292,11664,650,26762,California
Imperial,2021-03-10,703,38801,327,18959,271,19449,105,393,329,15159,373,12037,434,27196,California
Imperial,2021-03-11,1806,40607,485,19444,1129,20578,192,585,1199,15957,603,12640,1401,28597,California
Imperial,2021-03-12,4800,45407,3467,22911,1149,21727,184,769,3092,17531,1702,14342,3276,31873,California
Imperial,2021-03-13,1158,46565,95,23006,838,22565,225,994,861,18327,294,14636,1090,32963,California
Imperial,2021-03-14,177,46742,36,23042,127,22692,14,1008,140,18445,37,14673,155,33118,California
Imperial,2021-03-15,696,47438,231,23273,203,22895,262,1270,395,18803,299,14972,657,33775,California
Imperial,2021-03-16,1126,48564,283,23556,373,23268,470,1740,562,19272,562,15534,1031,34806,California
Imperial,2021-03-17,1619,50183,704,24260,778,24046,137,1877,1026,19851,585,16119,1164,35970,California
Imperial,2021-03-18,1825,52008,1208,25468,557,24603,60,1937,1289,20670,532,16651,1351,37321,California
Imperial,2021-03-19,3753,55761,2755,28223,994,25597,4,1941,1892,20714,1853,18504,1897,39218,California
Imperial,2021-03-20,1770,57531,552,28775,1213,26810,5,1946,1320,21601,444,18948,1331,40549,California
Imperial,2021-03-21,218,57749,35,28810,179,26989,4,1950,160,21711,58,19006,168,40717,California
Imperial,2021-03-22,1064,58813,349,29159,707,27696,8,1958,630,21918,433,19439,640,41357,California
Imperial,2021-03-23,1451,60264,452,29611,993,28689,6,1964,942,22362,505,19944,949,42306,California
Imperial,2021-03-24,2162,62426,573,30184,1162,29851,427,2391,1169,22967,990,20934,1595,43901,California
Imperial,2021-03-25,3216,65642,697,30881,896,30747,1623,4014,1207,23783,2003,22937,2819,46720,California
Imperial,2021-03-26,3213,68855,1181,32062,1046,31793,986,5000,922,23410,2280,25217,1907,48627,California
Imperial,2021-03-27,621,69476,287,32349,282,32075,52,5052,449,23742,169,25386,501,49128,California
Imperial,2021-03-28,215,69691,54,32403,159,32234,2,5054,174,23878,40,25426,176,49304,California
Imperial,2021-03-29,1482,71173,361,32764,397,32631,724,5778,331,23784,1148,26574,1054,50358,California
Imperial,2021-03-30,2109,73282,693,33457,602,33233,814,6592,693,23876,1414,27988,1506,51864,California
Imperial,2021-03-31,1551,74833,734,34191,811,34044,6,6598,1028,24389,520,28508,1033,52897,California
Imperial,2021-04-01,2055,76888,435,34626,1375,35419,245,6843,883,24350,1166,29674,1127,54024,California
Imperial,2021-04-02,1947,78835,485,35111,1387,36806,75,6918,1325,25132,616,30290,1398,55422,California
Imperial,2021-04-03,1526,80361,436,35547,1011,37817,79,6997,708,25104,815,31105,787,56209,California
Imperial,2021-04-04,89,80450,45,35592,27,37844,17,7014,25,25082,64,31169,42,56251,California
Imperial,2021-04-05,3412,83862,2323,37915,924,38768,165,7179,808,23461,2594,33763,973,57224,California
Imperial,2021-04-06,1321,85183,535,38450,594,39362,192,7371,687,23712,629,34392,880,58104,California
Imperial,2021-04-07,2170,87353,561,39011,1233,40595,376,7747,1563,25038,612,35004,1938,60042,California
Imperial,2021-04-08,2219,89572,1087,40098,836,41431,296,8043,1076,25269,1139,36143,1370,61412,California
Imperial,2021-04-09,3222,92794,1662,41760,941,42372,619,8662,1512,25696,1702,37845,2129,63541,California
Imperial,2021-04-10,1303,94097,201,41961,828,43200,274,8936,239,25143,1061,38906,508,64049,California
Imperial,2021-04-11,220,94317,31,41992,157,43357,32,8968,76,25107,144,39050,108,64157,California
Imperial,2021-04-12,1455,95772,780,42772,454,43811,221,9189,825,25529,625,39675,1047,65204,California
Imperial,2021-04-13,2937,98709,1910,44682,1025,44836,2,9191,2042,26683,891,40566,2045,67249,California
Imperial,2021-04-14,2045,100754,957,45639,1088,45924,0,9191,1392,27428,648,41214,1393,68642,California
Imperial,2021-04-15,1987,102741,912,46551,1075,46999,0,9191,1361,28172,621,41835,1365,70007,California
Imperial,2021-04-16,3446,106187,1796,48347,1650,48649,0,9191,2152,29045,1280,43115,2153,72160,California
Imperial,2021-04-17,1819,108006,935,49282,882,49531,2,9193,1416,30066,398,43513,1419,73579,California
Imperial,2021-04-18,256,108262,74,49356,182,49713,0,9193,89,29990,165,43678,89,73668,California
Imperial,2021-04-19,850,109112,272,49628,578,50291,0,9193,472,30091,375,44053,476,74144,California
Imperial,2021-04-20,1336,110448,538,50166,798,51089,0,9193,749,30256,585,44638,750,74894,California
Imperial,2021-04-21,1387,111835,344,50510,1042,52131,1,9194,804,30483,577,45215,804,75698,California
Imperial,2021-04-22,2334,114169,819,51329,1515,53646,0,9194,1607,31376,716,45931,1609,77307,California
Imperial,2021-04-23,2828,116997,537,51866,2291,55937,0,9194,1093,30769,1704,47635,1097,78404,California
Imperial,2021-04-24,557,117554,332,52198,225,56162,0,9194,202,30619,352,47987,202,78606,California
Imperial,2021-04-25,269,117823,100,52298,169,56331,0,9194,136,30624,131,48118,136,78742,California
Imperial,2021-04-26,1240,119063,491,52789,745,57076,4,9198,714,30821,520,48638,717,79459,California
Imperial,2021-04-27,1103,120166,361,53150,732,57808,10,9208,546,30826,551,49189,556,80015,California
Imperial,2021-04-28,1495,121661,650,53800,816,58624,29,9237,678,30722,811,50000,707,80722,California
Imperial,2021-04-29,1847,123508,867,54667,933,59557,47,9284,819,30571,1018,51018,867,81589,California
Imperial,2021-04-30,3253,126761,1680,56347,1540,61097,33,9317,1576,30516,1665,52683,1610,83199,California
Imperial,2021-05-01,335,127096,140,56487,192,61289,3,9320,163,30511,172,52855,167,83366,California
Imperial,2021-05-02,85,127181,27,56514,56,61345,2,9322,51,30531,34,52889,54,83420,California
Imperial,2021-05-03,1644,128825,553,57067,1043,62388,48,9370,376,29698,1256,54145,423,83843,California
Imperial,2021-05-04,1760,130585,968,58035,765,63153,27,9397,541,29055,1211,55356,568,84411,California
Imperial,2021-05-05,1505,132090,894,58929,590,63743,21,9418,440,28464,1053,56409,462,84873,California
Imperial,2021-05-06,1686,133776,1110,60039,537,64280,39,9457,544,27911,1136,57545,583,85456,California
Imperial,2021-05-07,2434,136210,1350,61389,1039,65319,45,9502,840,27222,1577,59122,888,86344,California
Imperial,2021-05-08,601,136811,467,61856,126,65445,8,9510,170,26972,428,59550,178,86522,California
Imperial,2021-05-09,94,136905,63,61919,30,65475,1,9511,27,26936,64,59614,28,86550,California
Imperial,2021-05-10,1123,138028,300,62219,700,66175,123,9634,335,26612,781,60395,457,87007,California
Imperial,2021-05-11,1463,139491,470,62689,974,67149,19,9653,487,26154,968,61363,510,87517,California
Imperial,2021-05-12,854,140345,271,62960,545,67694,38,9691,300,25942,549,61912,337,87854,California
Imperial,2021-05-13,1805,142150,1208,64168,525,68219,72,9763,791,25799,1005,62917,862,88716,California
Imperial,2021-05-14,1755,143905,967,65135,729,68948,59,9822,1153,26419,592,63509,1212,89928,California
Imperial,2021-05-15,1225,145130,470,65605,735,69683,20,9842,468,26156,751,64260,488,90416,California
Imperial,2021-05-16,121,145251,81,65686,37,69720,3,9845,48,26135,72,64332,51,90467,California
Imperial,2021-05-17,1918,147169,712,66398,1164,70884,42,9887,675,25616,1237,65569,718,91185,California
Imperial,2021-05-18,1595,148764,807,67205,716,71600,72,9959,871,25841,718,66287,943,92128,California
Imperial,2021-05-19,1282,150046,604,67809,609,72209,69,10028,611,25857,664,66951,680,92808,California
Imperial,2021-05-20,1465,151511,931,68740,468,72677,66,10094,672,25814,782,67733,739,93547,California
Imperial,2021-05-21,1743,153254,1104,69844,577,73254,62,10156,887,25917,847,68580,950,94497,California
Imperial,2021-05-22,249,153503,161,70005,72,73326,16,10172,128,25945,116,68696,144,94641,California
Imperial,2021-05-23,65,153568,17,70022,39,73365,9,10181,20,25931,43,68739,29,94670,California
Imperial,2021-05-24,1248,154816,614,70636,578,73943,56,10237,518,25782,723,69462,574,95244,California
Imperial,2021-05-25,1372,156188,460,71096,879,74822,33,10270,502,25456,861,70323,535,95779,California
Imperial,2021-05-26,932,157120,487,71583,404,75226,41,10311,397,25362,532,70855,438,96217,California
Imperial,2021-05-27,1309,158429,717,72300,522,75748,70,10381,636,25401,667,71522,706,96923,California
Imperial,2021-05-28,1009,159438,578,72878,359,76107,72,10453,380,25233,620,72142,452,97375,California
Imperial,2021-05-29,215,159653,119,72997,90,76197,6,10459,109,25242,106,72248,115,97490,California
Imperial,2021-05-30,95,159748,27,73024,66,76263,2,10461,64,25277,31,72279,66,97556,California
Imperial,2021-05-31,77,159825,19,73043,52,76315,6,10467,35,25276,42,72321,41,97597,California
Imperial,2021-06-01,1155,160980,528,73571,563,76878,64,10531,458,25109,690,73011,523,98120,California
Imperial,2021-06-02,1080,162060,594,74165,398,77276,88,10619,554,25227,522,73533,640,98760,California
Imperial,2021-06-03,1215,163275,719,74884,406,77682,90,10709,583,25274,626,74159,673,99433,California
Imperial,2021-06-04,1765,165040,1241,76125,434,78116,90,10799,756,25118,1001,75160,845,100278,California
Imperial,2021-06-05,324,165364,204,76329,107,78223,13,10812,156,25123,164,75324,169,100447,California
Imperial,2021-06-06,77,165441,44,76373,22,78245,11,10823,43,25143,34,75358,54,100501,California
Imperial,2021-06-07,794,166235,499,76872,243,78488,52,10875,395,25193,398,75756,448,100949,California
Imperial,2021-06-08,734,166969,589,77461,105,78593,40,10915,240,24981,493,76249,281,101230,California
Inyo,2020-12-19,85,85,85,85,0,0,0,0,85,85,0,0,85,85,California
Inyo,2020-12-20,58,143,58,143,0,0,0,0,58,143,0,0,58,143,California
Inyo,2020-12-21,88,231,85,228,3,3,0,0,88,231,0,0,88,231,California
Inyo,2020-12-22,104,335,104,332,0,3,0,0,104,335,0,0,104,335,California
Inyo,2020-12-23,69,404,66,398,3,6,0,0,69,404,0,0,69,404,California
Inyo,2020-12-24,16,420,16,414,0,6,0,0,16,420,0,0,16,420,California
Inyo,2020-12-25,1,421,0,414,1,7,0,0,1,421,0,0,1,421,California
Inyo,2020-12-26,74,495,74,488,0,7,0,0,74,495,0,0,74,495,California
Inyo,2020-12-28,48,543,36,524,12,19,0,0,48,543,0,0,48,543,California
Inyo,2020-12-29,19,562,19,543,0,19,0,0,19,562,0,0,19,562,California
Inyo,2020-12-30,56,618,54,597,2,21,0,0,56,618,0,0,56,618,California
Inyo,2020-12-31,29,647,0,597,29,50,0,0,29,647,0,0,29,647,California
Inyo,2021-01-01,1,648,0,597,1,51,0,0,1,648,0,0,1,648,California
Inyo,2021-01-03,1,649,0,597,1,52,0,0,1,649,0,0,1,649,California
Inyo,2021-01-04,2,651,1,598,1,53,0,0,2,651,0,0,2,651,California
Inyo,2021-01-05,34,685,0,598,34,87,0,0,34,685,0,0,34,685,California
Inyo,2021-01-06,64,749,0,598,64,151,0,0,64,749,0,0,64,749,California
Inyo,2021-01-07,31,780,1,599,30,181,0,0,31,780,0,0,31,780,California
Inyo,2021-01-08,9,789,8,607,1,182,0,0,4,780,5,5,5,785,California
Inyo,2021-01-09,87,876,86,693,1,183,0,0,1,695,86,91,1,786,California
Inyo,2021-01-10,52,928,52,745,0,183,0,0,0,643,52,143,0,786,California
Inyo,2021-01-11,97,1025,82,827,15,198,0,0,16,578,81,224,16,802,California
Inyo,2021-01-12,137,1162,116,943,21,219,0,0,27,495,110,334,27,829,California
Inyo,2021-01-13,86,1248,68,1011,18,237,0,0,21,452,65,399,22,851,California
Inyo,2021-01-14,59,1307,13,1024,46,283,0,0,49,491,10,409,49,900,California
Inyo,2021-01-15,160,1467,28,1052,132,415,0,0,160,651,0,409,160,1060,California
Inyo,2021-01-16,74,1541,73,1125,1,416,0,0,1,579,73,482,1,1061,California
Inyo,2021-01-18,58,1599,36,1161,22,438,0,0,19,559,39,521,19,1080,California
Inyo,2021-01-19,112,1711,71,1232,41,479,0,0,95,637,17,538,95,1175,California
Inyo,2021-01-20,146,1857,70,1302,76,555,0,0,92,675,54,592,92,1267,California
Inyo,2021-01-21,117,1974,57,1359,60,615,0,0,116,790,1,593,116,1383,California
Inyo,2021-01-22,62,2036,0,1359,62,677,0,0,61,850,1,594,61,1444,California
Inyo,2021-01-23,52,2088,51,1410,1,678,0,0,52,902,0,594,52,1496,California
Inyo,2021-01-25,49,2137,6,1416,43,721,0,0,37,927,12,606,37,1533,California
Inyo,2021-01-26,134,2271,53,1469,81,802,0,0,128,1049,6,612,128,1661,California
Inyo,2021-01-27,24,2295,2,1471,22,824,0,0,23,1071,1,613,23,1684,California
Inyo,2021-01-28,92,2387,2,1473,90,914,0,0,63,1105,29,642,63,1747,California
Inyo,2021-01-29,25,2412,3,1476,22,936,0,0,23,1126,2,644,23,1770,California
Inyo,2021-01-30,10,2422,0,1476,10,946,0,0,10,1136,0,644,10,1780,California
Inyo,2021-01-31,28,2450,3,1479,25,971,0,0,3,1114,25,669,3,1783,California
Inyo,2021-02-01,10,2460,9,1488,1,972,0,0,0,1104,10,679,0,1783,California
Inyo,2021-02-02,130,2590,14,1502,116,1088,0,0,104,1182,26,705,104,1887,California
Inyo,2021-02-03,114,2704,0,1502,114,1202,0,0,73,1214,41,746,73,1960,California
Inyo,2021-02-04,148,2852,32,1534,116,1318,0,0,89,1244,59,805,89,2049,California
Inyo,2021-02-05,114,2966,58,1592,56,1374,0,0,112,1354,2,807,112,2161,California
Inyo,2021-02-06,4,2970,2,1594,2,1376,0,0,3,1356,1,808,3,2164,California
Inyo,2021-02-07,4,2974,2,1596,2,1378,0,0,4,1360,0,808,4,2168,California
Inyo,2021-02-08,116,3090,6,1602,110,1488,0,0,97,1438,19,827,97,2265,California
Inyo,2021-02-09,195,3285,52,1654,143,1631,0,0,124,1491,71,898,124,2389,California
Inyo,2021-02-10,140,3425,16,1670,124,1755,0,0,107,1565,33,931,107,2496,California
Inyo,2021-02-11,220,3645,56,1726,164,1919,0,0,126,1597,94,1025,126,2622,California
Inyo,2021-02-12,296,3941,51,1777,245,2164,0,0,167,1635,129,1154,167,2789,California
Inyo,2021-02-13,57,3998,52,1829,5,2169,0,0,6,1590,51,1205,6,2795,California
Inyo,2021-02-14,1,3999,0,1829,1,2170,0,0,1,1591,0,1205,1,2796,California
Inyo,2021-02-15,28,4027,9,1838,19,2189,0,0,5,1573,23,1228,5,2801,California
Inyo,2021-02-16,177,4204,49,1887,128,2317,0,0,91,1579,85,1313,91,2892,California
Inyo,2021-02-17,38,4242,4,1891,34,2351,0,0,8,1557,30,1343,8,2900,California
Inyo,2021-02-18,119,4361,6,1897,113,2464,0,0,79,1596,40,1383,79,2979,California
Inyo,2021-02-19,52,4413,5,1902,47,2511,0,0,9,1562,43,1426,9,2988,California
Inyo,2021-02-20,505,4918,500,2402,5,2516,0,0,503,2063,2,1428,503,3491,California
Inyo,2021-02-21,441,5359,441,2843,0,2516,0,0,441,2504,0,1428,441,3932,California
Inyo,2021-02-22,60,5419,18,2861,42,2558,0,0,26,2496,34,1462,26,3958,California
Inyo,2021-02-23,197,5616,18,2879,179,2737,0,0,94,2488,102,1564,94,4052,California
Inyo,2021-02-24,118,5734,0,2879,118,2855,0,0,57,2484,61,1625,57,4109,California
Inyo,2021-02-25,130,5864,3,2882,127,2982,0,0,61,2476,69,1694,61,4170,California
Inyo,2021-02-26,100,5964,57,2939,43,3025,0,0,19,2414,81,1775,19,4189,California
Inyo,2021-02-27,14,5978,3,2942,11,3036,0,0,2,2404,12,1787,2,4191,California
Inyo,2021-02-28,3,5981,1,2943,2,3038,0,0,2,2405,1,1788,2,4193,California
Inyo,2021-03-01,19,6000,2,2945,17,3055,0,0,17,2420,2,1790,17,4210,California
Inyo,2021-03-02,193,6193,0,2945,193,3248,0,0,108,2443,85,1875,108,4318,California
Inyo,2021-03-03,83,6276,3,2948,80,3328,0,0,41,2442,42,1917,41,4359,California
Inyo,2021-03-04,125,6401,3,2951,122,3450,0,0,45,2407,80,1997,45,4404,California
Inyo,2021-03-05,140,6541,54,3005,86,3536,0,0,39,2345,101,2098,39,4443,California
Inyo,2021-03-06,23,6564,1,3006,22,3558,0,0,22,2366,1,2099,22,4465,California
Inyo,2021-03-07,6,6570,3,3009,3,3561,0,0,4,2368,2,2101,4,4469,California
Inyo,2021-03-08,173,6743,5,3014,168,3729,0,0,82,2359,91,2192,82,4551,California
Inyo,2021-03-09,190,6933,3,3017,187,3916,0,0,74,2317,116,2308,74,4625,California
Inyo,2021-03-10,71,7004,9,3026,61,3977,1,1,30,2307,41,2349,31,4656,California
Inyo,2021-03-11,204,7208,1,3027,198,4175,5,6,74,2256,130,2479,79,4735,California
Inyo,2021-03-12,176,7384,4,3031,167,4342,5,11,78,2241,98,2577,83,4818,California
Inyo,2021-03-13,576,7960,542,3573,25,4367,9,20,67,1809,508,3085,76,4894,California
Inyo,2021-03-14,440,8400,439,4012,1,4368,0,20,5,1380,434,3519,5,4899,California
Inyo,2021-03-15,50,8450,14,4026,34,4402,2,22,30,1392,20,3539,32,4931,California
Inyo,2021-03-16,162,8612,3,4029,153,4555,6,28,63,1363,98,3637,69,5000,California
Inyo,2021-03-17,108,8720,3,4032,98,4653,7,35,92,1446,16,3653,99,5099,California
Inyo,2021-03-18,183,8903,15,4047,161,4814,7,42,103,1476,80,3733,110,5209,California
Inyo,2021-03-19,44,8947,3,4050,37,4851,4,46,35,1506,9,3742,39,5248,California
Inyo,2021-03-20,19,8966,1,4051,9,4860,9,55,0,1496,19,3761,9,5257,California
Inyo,2021-03-22,58,9024,2,4053,51,4911,5,60,38,1519,20,3781,43,5300,California
Inyo,2021-03-23,194,9218,3,4056,187,5098,4,64,105,1539,89,3870,109,5409,California
Inyo,2021-03-24,140,9358,3,4059,133,5231,4,68,86,1575,54,3924,90,5499,California
Inyo,2021-03-25,330,9688,109,4168,218,5449,3,71,265,1778,65,3989,268,5767,California
Inyo,2021-03-26,92,9780,3,4171,85,5534,4,75,71,1833,21,4010,76,5843,California
Inyo,2021-03-27,50,9830,42,4213,5,5539,3,78,44,1874,6,4016,47,5890,California
Inyo,2021-03-28,3,9833,0,4213,2,5541,1,79,1,1874,2,4018,2,5892,California
Inyo,2021-03-29,108,9941,2,4215,101,5642,5,84,81,1934,26,4044,86,5978,California
Inyo,2021-03-30,218,10159,2,4217,211,5853,5,89,108,1937,110,4154,113,6091,California
Inyo,2021-03-31,150,10309,3,4220,141,5994,6,95,108,2009,42,4196,114,6205,California
Inyo,2021-04-01,166,10475,4,4224,161,6155,1,96,117,2078,49,4245,118,6323,California
Inyo,2021-04-02,79,10554,1,4225,76,6231,2,98,49,2099,30,4275,51,6374,California
Inyo,2021-04-03,79,10633,40,4265,26,6257,13,111,3,2040,74,4349,15,6389,California
Inyo,2021-04-04,5,10638,4,4269,0,6257,1,112,1,2038,4,4353,2,6391,California
Inyo,2021-04-05,108,10746,1,4270,103,6360,4,116,29,1992,79,4432,33,6424,California
Inyo,2021-04-06,234,10980,4,4274,167,6527,63,179,103,2027,131,4563,166,6590,California
Inyo,2021-04-07,206,11186,2,4276,76,6603,128,307,47,2043,159,4722,175,6765,California
Inyo,2021-04-08,181,11367,15,4291,149,6752,17,324,81,2041,100,4822,98,6863,California
Inyo,2021-04-09,125,11492,6,4297,96,6848,23,347,37,2014,87,4909,60,6923,California
Inyo,2021-04-10,41,11533,1,4298,23,6871,17,364,3,1996,38,4947,20,6943,California
Inyo,2021-04-11,1,11534,0,4298,1,6872,0,364,1,1997,0,4947,1,6944,California
Inyo,2021-04-12,79,11613,0,4298,74,6946,5,369,41,2005,38,4985,46,6990,California
Inyo,2021-04-13,121,11734,4,4302,114,7060,3,372,62,2012,58,5043,65,7055,California
Inyo,2021-04-14,131,11865,2,4304,129,7189,0,372,46,1973,85,5128,46,7101,California
Inyo,2021-04-15,273,12138,116,4420,157,7346,0,372,78,1856,195,5323,78,7179,California
Inyo,2021-04-16,46,12184,5,4425,41,7387,0,372,18,1846,28,5351,18,7197,California
Inyo,2021-04-17,2,12186,1,4426,1,7388,0,372,1,1846,1,5352,1,7198,California
Inyo,2021-04-19,122,12308,39,4465,83,7471,0,372,41,1806,81,5433,41,7239,California
Inyo,2021-04-20,163,12471,2,4467,161,7632,0,372,79,1801,84,5517,79,7318,California
Inyo,2021-04-21,112,12583,3,4470,109,7741,0,372,32,1753,80,5597,32,7350,California
Inyo,2021-04-22,196,12779,1,4471,195,7936,0,372,51,1659,145,5742,51,7401,California
Inyo,2021-04-23,95,12874,4,4475,91,8027,0,372,22,1608,73,5815,22,7423,California
Inyo,2021-04-24,309,13183,308,4783,1,8028,0,372,305,1909,4,5819,305,7728,California
Inyo,2021-04-25,133,13316,132,4915,1,8029,0,372,133,2042,0,5819,133,7861,California
Inyo,2021-04-26,91,13407,1,4916,89,8118,1,373,10,1973,80,5899,11,7872,California
Inyo,2021-04-27,183,13590,6,4922,172,8290,5,378,47,1889,136,6035,52,7924,California
Inyo,2021-04-28,122,13712,2,4924,118,8408,2,380,20,1809,102,6137,22,7946,California
Inyo,2021-04-29,170,13882,55,4979,115,8523,0,380,76,1791,94,6231,76,8022,California
Inyo,2021-04-30,82,13964,5,4984,76,8599,1,381,23,1756,59,6290,24,8046,California
Inyo,2021-05-01,12,13976,3,4987,9,8608,0,381,10,1764,2,6292,10,8056,California
Inyo,2021-05-02,7,13983,3,4990,2,8610,2,383,4,1767,3,6295,6,8062,California
Inyo,2021-05-03,38,14021,1,4991,33,8643,4,387,5,1743,33,6328,9,8071,California
Inyo,2021-05-04,122,14143,2,4993,116,8759,4,391,21,1667,101,6429,25,8096,California
Inyo,2021-05-05,36,14179,0,4993,34,8793,2,393,11,1655,25,6454,13,8109,California
Inyo,2021-05-06,92,14271,4,4997,80,8873,8,401,12,1595,80,6534,20,8129,California
Inyo,2021-05-07,49,14320,4,5001,37,8910,8,409,24,1603,24,6558,32,8161,California
Inyo,2021-05-08,11,14331,2,5003,4,8914,5,414,4,1605,7,6565,9,8170,California
Inyo,2021-05-09,1,14332,0,5003,1,8915,0,414,0,1604,1,6566,0,8170,California
Inyo,2021-05-10,69,14401,1,5004,66,8981,2,416,30,1598,39,6605,33,8203,California
Inyo,2021-05-11,87,14488,1,5005,83,9064,3,419,20,1554,67,6672,23,8226,California
Inyo,2021-05-12,43,14531,1,5006,40,9104,2,421,11,1535,32,6704,13,8239,California
Inyo,2021-05-13,74,14605,1,5007,72,9176,1,422,11,1484,63,6767,12,8251,California
Inyo,2021-05-14,25,14630,3,5010,17,9193,5,427,12,1488,13,6780,17,8268,California
Inyo,2021-05-15,377,15007,365,5375,10,9203,2,429,85,1283,292,7072,87,8355,California
Inyo,2021-05-16,198,15205,198,5573,0,9203,0,429,71,1227,127,7199,71,8426,California
Inyo,2021-05-17,62,15267,3,5576,55,9258,4,433,19,1208,42,7241,23,8449,California
Inyo,2021-05-18,83,15350,2,5578,80,9338,1,434,17,1160,66,7307,18,8467,California
Inyo,2021-05-19,47,15397,2,5580,40,9378,5,439,13,1144,34,7341,18,8485,California
Inyo,2021-05-20,143,15540,80,5660,62,9440,1,440,34,1070,109,7450,35,8520,California
Inyo,2021-05-21,47,15587,18,5678,25,9465,4,444,19,1065,28,7478,23,8543,California
Inyo,2021-05-22,25,15612,15,5693,7,9472,3,447,18,1079,7,7485,21,8564,California
Inyo,2021-05-23,2,15614,1,5694,0,9472,1,448,0,1078,2,7487,1,8565,California
Inyo,2021-05-24,33,15647,6,5700,24,9496,3,451,13,1074,20,7507,16,8581,California
Inyo,2021-05-25,82,15729,39,5739,41,9537,2,453,47,1088,35,7542,49,8630,California
Inyo,2021-05-26,32,15761,5,5744,25,9562,2,455,10,1078,22,7564,12,8642,California
Inyo,2021-05-27,40,15801,11,5755,21,9583,8,463,13,1073,26,7590,21,8663,California
Inyo,2021-05-28,26,15827,6,5761,15,9598,5,468,8,1068,18,7608,13,8676,California
Inyo,2021-05-29,15,15842,5,5766,10,9608,0,468,6,1065,9,7617,6,8682,California
Inyo,2021-05-30,2,15844,0,5766,2,9610,0,468,0,1063,2,7619,0,8682,California
Inyo,2021-06-01,53,15897,16,5782,31,9641,6,474,23,1062,30,7649,29,8711,California
Inyo,2021-06-02,9,15906,7,5789,1,9642,1,475,8,1070,1,7650,9,8720,California
Inyo,2021-06-03,25,15931,0,5789,18,9660,7,482,1,1054,24,7674,8,8728,California
Inyo,2021-06-04,33,15964,7,5796,22,9682,4,486,13,1051,20,7694,17,8745,California
Inyo,2021-06-05,20,15984,11,5807,8,9690,1,487,6,1044,14,7708,7,8752,California
Inyo,2021-06-06,2,15986,2,5809,0,9690,0,487,2,1046,0,7708,2,8754,California
Inyo,2021-06-07,51,16037,14,5823,34,9724,3,490,6,1010,45,7753,9,8763,California
Inyo,2021-06-08,31,16068,18,5841,10,9734,3,493,20,1022,11,7764,23,8786,California
Kern,2020-12-15,1,1,1,1,0,0,0,0,1,1,0,0,1,1,California
Kern,2020-12-16,18,19,18,19,0,0,0,0,18,19,0,0,18,19,California
Kern,2020-12-17,163,182,163,182,0,0,0,0,163,182,0,0,163,182,California
Kern,2020-12-18,323,505,323,505,0,0,0,0,323,505,0,0,323,505,California
Kern,2020-12-19,99,604,99,604,0,0,0,0,100,605,0,0,100,605,California
Kern,2020-12-20,61,665,61,665,0,0,0,0,61,666,0,0,61,666,California
Kern,2020-12-21,670,1335,669,1334,1,1,0,0,670,1336,0,0,670,1336,California
Kern,2020-12-22,530,1865,528,1862,2,3,0,0,530,1866,0,0,530,1866,California
Kern,2020-12-23,556,2421,418,2280,138,141,0,0,556,2422,0,0,556,2422,California
Kern,2020-12-24,122,2543,43,2323,79,220,0,0,122,2544,0,0,122,2544,California
Kern,2020-12-25,1,2544,1,2324,0,220,0,0,1,2545,0,0,1,2545,California
Kern,2020-12-26,33,2577,1,2325,32,252,0,0,33,2578,0,0,33,2578,California
Kern,2020-12-27,35,2612,3,2328,32,284,0,0,35,2613,0,0,35,2613,California
Kern,2020-12-28,827,3439,662,2990,165,449,0,0,827,3440,0,0,827,3440,California
Kern,2020-12-29,743,4182,450,3440,293,742,0,0,742,4181,1,1,742,4182,California
Kern,2020-12-30,1204,5386,912,4352,292,1034,0,0,1204,5385,0,1,1204,5386,California
Kern,2020-12-31,277,5663,99,4451,178,1212,0,0,277,5662,0,1,277,5663,California
Kern,2021-01-01,16,5679,9,4460,7,1219,0,0,16,5678,0,1,16,5679,California
Kern,2021-01-02,79,5758,18,4478,61,1280,0,0,79,5757,0,1,79,5758,California
Kern,2021-01-03,23,5781,4,4482,19,1299,0,0,23,5780,0,1,23,5781,California
Kern,2021-01-04,556,6337,361,4843,195,1494,0,0,556,6336,0,1,556,6337,California
Kern,2021-01-05,1133,7470,738,5581,395,1889,0,0,1121,7445,12,13,1121,7458,California
Kern,2021-01-06,1161,8631,449,6030,712,2601,0,0,1131,8546,30,43,1131,8589,California
Kern,2021-01-07,1404,10035,487,6517,917,3518,0,0,1236,9615,167,210,1236,9825,California
Kern,2021-01-08,1627,11662,768,7285,859,4377,0,0,1328,10646,300,510,1331,11156,California
Kern,2021-01-09,228,11890,78,7363,150,4527,0,0,193,10804,35,545,193,11349,California
Kern,2021-01-10,194,12084,149,7512,45,4572,0,0,153,10916,41,586,153,11502,California
Kern,2021-01-11,1559,13643,987,8499,572,5144,0,0,1001,11359,558,1144,1001,12503,California
Kern,2021-01-12,1867,15510,812,9311,1055,6199,0,0,1355,12202,512,1656,1355,13858,California
Kern,2021-01-13,1858,17368,874,10185,984,7183,0,0,1436,13219,422,2078,1439,15297,California
Kern,2021-01-14,2188,19556,646,10831,1542,8725,0,0,2142,15315,46,2124,2142,17439,California
Kern,2021-01-15,2710,22266,854,11685,1856,10581,0,0,2613,17834,95,2219,2614,20053,California
Kern,2021-01-16,671,22937,211,11896,460,11041,0,0,636,18435,35,2254,636,20689,California
Kern,2021-01-17,73,23010,7,11903,66,11107,0,0,71,18504,2,2256,71,20760,California
Kern,2021-01-18,1646,24656,657,12560,989,12096,0,0,1480,19818,166,2422,1480,22240,California
Kern,2021-01-19,1853,26509,1032,13592,821,12917,0,0,1390,20746,463,2885,1391,23631,California
Kern,2021-01-20,2617,29126,1682,15274,935,13852,0,0,1913,21962,699,3584,1915,25546,California
Kern,2021-01-21,2113,31239,867,16141,1246,15098,0,0,1917,23684,195,3779,1917,27463,California
Kern,2021-01-22,2714,33953,1300,17441,1414,16512,0,0,2436,25843,277,4056,2436,29899,California
Kern,2021-01-23,1248,35201,541,17982,707,17219,0,0,1202,26999,46,4102,1202,31101,California
Kern,2021-01-24,152,35353,11,17993,141,17360,0,0,146,27139,6,4108,146,31247,California
Kern,2021-01-25,2388,37741,1088,19081,1300,18660,0,0,1903,28559,484,4592,1904,33151,California
Kern,2021-01-26,2772,40513,1129,20210,1643,20303,0,0,1912,29612,859,5451,1912,35063,California
Kern,2021-01-27,3565,44078,1909,22119,1656,21959,0,0,2867,31784,695,6146,2867,37930,California
Kern,2021-01-28,2878,46956,1358,23477,1520,23479,0,0,2446,33806,427,6573,2449,40379,California
Kern,2021-01-29,3786,50742,1799,25276,1987,25466,0,0,3240,36503,543,7116,3240,43619,California
Kern,2021-01-30,1329,52071,500,25776,829,26295,0,0,1279,37734,48,7164,1279,44898,California
Kern,2021-01-31,403,52474,276,26052,127,26422,0,0,268,37867,135,7299,268,45166,California
Kern,2021-02-01,2598,55072,990,27042,1608,28030,0,0,1885,39043,710,8009,1886,47052,California
Kern,2021-02-02,2752,57824,798,27840,1954,29984,0,0,2050,40392,702,8711,2051,49103,California
Kern,2021-02-03,3664,61488,1553,29393,2111,32095,0,0,2693,42121,964,9675,2693,51796,California
Kern,2021-02-04,3805,65293,1451,30844,2354,34449,0,0,2587,43500,1208,10883,2587,54383,California
Kern,2021-02-05,4854,70147,1989,32833,2865,37314,0,0,3094,44853,1741,12624,3094,57477,California
Kern,2021-02-06,1742,71889,769,33602,973,38287,0,0,1516,46146,223,12847,1516,58993,California
Kern,2021-02-07,284,72173,151,33753,133,38420,0,0,267,46398,15,12862,267,59260,California
Kern,2021-02-08,2562,74735,784,34537,1778,40198,0,0,1256,46367,1288,14150,1257,60517,California
Kern,2021-02-09,3039,77774,987,35524,2052,42250,0,0,1464,46265,1566,15716,1464,61981,California
Kern,2021-02-10,3793,81567,1661,37185,2132,44382,0,0,1872,46234,1904,17620,1873,63854,California
Kern,2021-02-11,4266,85833,1535,38720,2731,47113,0,0,2223,46428,2030,19650,2224,66078,California
Kern,2021-02-12,4951,90784,1891,40611,3060,50173,0,0,2468,46427,2469,22119,2468,68546,California
Kern,2021-02-13,2009,92793,727,41338,1282,51455,0,0,1161,46742,846,22965,1161,69707,California
Kern,2021-02-14,351,93144,12,41350,339,51794,0,0,269,46930,81,23046,269,69976,California
Kern,2021-02-15,2744,95888,896,42246,1848,53642,0,0,1211,46617,1524,24570,1211,71187,California
Kern,2021-02-16,2936,98824,711,42957,2225,55867,0,0,1647,46985,1280,25850,1648,72835,California
Kern,2021-02-17,4069,102893,2077,45034,1992,57859,0,0,1920,46763,2143,27993,1921,74756,California
Kern,2021-02-18,3762,106655,1487,46521,2275,60134,0,0,1628,46267,2124,30117,1628,76384,California
Kern,2021-02-19,4191,110846,1914,48435,2277,62411,0,0,1736,45555,2448,32565,1736,78120,California
Kern,2021-02-20,2580,113426,967,49402,1613,64024,0,0,1347,45673,1229,33794,1347,79467,California
Kern,2021-02-21,258,113684,152,49554,106,64130,0,0,89,45595,167,33961,89,79556,California
Kern,2021-02-22,2671,116355,1154,50708,1517,65647,0,0,1431,45791,1235,35196,1431,80987,California
Kern,2021-02-23,3568,119923,1131,51839,2437,68084,0,0,1993,46212,1573,36769,1994,82981,California
Kern,2021-02-24,5201,125124,2289,54128,2912,70996,0,0,3103,47221,2094,38863,3103,86084,California
Kern,2021-02-25,5375,130499,2457,56585,2918,73914,0,0,3194,48253,2162,41025,3194,89278,California
Kern,2021-02-26,6910,137409,3537,60122,3373,77287,0,0,4355,50061,2548,43573,4356,93634,California
Kern,2021-02-27,3952,141361,1982,62104,1970,79257,0,0,2613,51343,1331,44904,2613,96247,California
Kern,2021-02-28,916,142277,503,62607,412,79669,1,1,695,51820,219,45123,696,96943,California
Kern,2021-03-01,4006,146283,1820,64427,2182,81851,4,5,2692,53212,1304,46427,2696,99639,California
Kern,2021-03-02,4476,150759,1412,65839,3062,84913,2,7,2952,54652,1513,47940,2953,102592,California
Kern,2021-03-03,5939,156698,2814,68653,3125,88038,0,7,3841,56410,2084,50024,3842,106434,California
Kern,2021-03-04,5617,162315,2212,70865,3402,91440,3,10,3620,58049,1983,52007,3622,110056,California
Kern,2021-03-05,6654,168969,2860,73725,3775,95215,19,29,4216,59856,2428,54435,4235,114291,California
Kern,2021-03-06,4753,173722,1927,75652,2719,97934,107,136,3475,62167,1270,55705,3581,117872,California
Kern,2021-03-07,2064,175786,1596,77248,412,98346,56,192,1865,63890,198,55903,1921,119793,California
Kern,2021-03-08,2904,178690,924,78172,1758,100104,222,414,1528,64265,1373,57276,1748,121541,California
Kern,2021-03-09,3718,182408,805,78977,2531,102635,382,796,2320,65574,1390,58666,2699,124240,California
Kern,2021-03-10,6135,188543,2562,81539,2499,105134,1074,1870,3595,67717,2524,61190,4667,128907,California
Kern,2021-03-11,6337,194880,2444,83983,2867,108001,1026,2896,3777,69966,2549,63739,4798,133705,California
Kern,2021-03-12,7834,202714,3073,87056,3409,111410,1352,4248,4322,72132,3499,67238,5665,139370,California
Kern,2021-03-13,4667,207381,2529,89585,1802,113212,336,4584,3246,74294,1414,68652,3576,142946,California
Kern,2021-03-14,2295,209676,1519,91104,535,113747,241,4825,1774,75785,521,69173,2012,144958,California
Kern,2021-03-15,4271,213947,1103,92207,2455,116202,713,5538,2202,76636,2057,71230,2908,147866,California
Kern,2021-03-16,4342,218289,1013,93220,2793,118995,536,6074,2331,77498,2001,73231,2863,150729,California
Kern,2021-03-17,7492,225781,4058,97278,2885,121880,549,6623,4529,79625,2950,76181,5077,155806,California
Kern,2021-03-18,7279,233060,3685,100963,3007,124887,587,7210,4407,81763,2852,79033,4990,160796,California
Kern,2021-03-19,8987,242047,4988,105951,3345,128232,654,7864,4715,82871,4255,83288,5363,166159,California
Kern,2021-03-20,6174,248221,3821,109772,2179,130411,174,8038,3915,84713,2248,85536,4090,170249,California
Kern,2021-03-21,3051,251272,1933,111705,236,130647,882,8920,1847,86244,1197,86733,2728,172977,California
Kern,2021-03-22,3991,255263,1569,113274,2068,132715,354,9274,1938,86500,2036,88769,2292,175269,California
Kern,2021-03-23,4740,260003,1676,114950,2867,135582,197,9471,2488,86960,2223,90992,2683,177952,California
Kern,2021-03-24,7185,267188,3678,118628,3030,138612,477,9948,3657,87581,3510,94502,4131,182083,California
Kern,2021-03-25,6770,273958,3006,121634,3434,142046,330,10278,3278,87711,3475,97977,3605,185688,California
Kern,2021-03-26,9874,283832,4412,126046,4204,146250,1258,11536,4737,88587,5119,103096,5995,191683,California
Kern,2021-03-27,5710,289542,3999,130045,1583,147833,128,11664,3448,89903,2259,105355,3575,195258,California
Kern,2021-03-28,4693,294235,4202,134247,477,148310,14,11678,2958,91142,1733,107088,2972,198230,California
Kern,2021-03-29,4258,298493,1682,135929,2299,150609,277,11955,2612,92396,1632,108720,2886,201116,California
Kern,2021-03-30,5599,304092,1871,137800,3343,153952,385,12340,3069,93323,2525,111245,3452,204568,California
Kern,2021-03-31,8409,312501,4538,142338,3223,157175,648,12988,4342,94260,4051,115296,4988,209556,California
Kern,2021-04-01,7899,320400,3874,146212,3725,160900,300,13288,4231,95140,3647,118943,4527,214083,California
Kern,2021-04-02,8455,328855,4463,150675,3383,164283,609,13897,4226,95754,4213,123156,4827,218910,California
Kern,2021-04-03,5997,334852,3671,154346,2143,166426,183,14080,2660,95266,3328,126484,2840,221750,California
Kern,2021-04-04,1334,336186,871,155217,379,166805,84,14164,473,94965,858,127342,557,222307,California
Kern,2021-04-05,5369,341555,2221,157438,2376,169181,772,14936,2900,96153,2455,129797,3643,225950,California
Kern,2021-04-06,7121,348676,2471,159909,3273,172454,1377,16313,3572,97573,3526,133323,4946,230896,California
Kern,2021-04-07,9375,358051,5468,165377,2944,175398,963,17276,4569,98317,4788,138111,5532,236428,California
Kern,2021-04-08,8673,366724,4802,170179,2958,178356,913,18189,3733,98039,4916,143027,4638,241066,California
Kern,2021-04-09,10256,376980,5137,175316,4128,182484,991,19180,4340,97507,5891,148918,5359,246425,California
Kern,2021-04-10,6577,383557,3456,178772,1874,184358,1247,20427,2131,96446,4436,153354,3375,249800,California
Kern,2021-04-11,3892,387449,2909,181681,358,184716,625,21052,1258,95712,2621,155975,1887,251687,California
Kern,2021-04-12,4404,391853,989,182670,2440,187156,975,22027,1580,95463,2804,158779,2555,254242,California
Kern,2021-04-13,4286,396139,1411,184081,2849,190005,26,22053,2112,95441,2162,160941,2140,256382,California
Kern,2021-04-14,6046,402185,2969,187050,3055,193060,22,22075,2991,95416,3038,163979,3013,259395,California
Kern,2021-04-15,5286,407471,2481,189531,2803,195863,2,22077,2518,95190,2751,166730,2525,261920,California
Kern,2021-04-16,7245,414716,3433,192964,3811,199674,1,22078,2952,93876,4268,170998,2954,264874,California
Kern,2021-04-17,5894,420610,3850,196814,2044,201718,0,22078,2097,92191,3783,174781,2098,266972,California
Kern,2021-04-18,3774,424384,3538,200352,236,201954,0,22078,911,90247,2855,177636,911,267883,California
Kern,2021-04-19,3815,428199,1729,202081,2084,204038,2,22080,1412,89276,2383,180019,1412,269295,California
Kern,2021-04-20,4352,432551,1571,203652,2779,206817,2,22082,1641,88224,2694,182713,1642,270937,California
Kern,2021-04-21,5858,438409,3147,206799,2706,209523,5,22087,2132,86656,3703,186416,2135,273072,California
Kern,2021-04-22,4803,443212,2331,209130,2472,211995,0,22087,1707,85290,3074,189490,1708,274780,California
Kern,2021-04-23,6141,449353,3021,212151,3119,215114,1,22088,1918,83024,4185,193675,1919,276699,California
Kern,2021-04-24,4014,453367,2806,214957,1197,216311,11,22099,1445,81929,2550,196225,1455,278154,California
Kern,2021-04-25,1394,454761,1116,216073,278,216589,0,22099,819,82179,569,196794,819,278973,California
Kern,2021-04-26,3865,458626,1835,217908,1978,218567,52,22151,1064,80506,2791,199585,1118,280091,California
Kern,2021-04-27,4739,463365,2307,220215,2327,220894,105,22256,1444,78771,3282,202867,1547,281638,California
Kern,2021-04-28,6297,469662,3715,223930,2458,223352,124,22380,1794,76202,4484,207351,1915,283553,California
Kern,2021-04-29,5508,475170,3061,226991,2347,225699,100,22480,1613,74042,3874,211225,1714,285267,California
Kern,2021-04-30,5590,480760,3121,230112,2309,228008,160,22640,1608,71843,3966,215191,1767,287034,California
Kern,2021-05-01,2712,483472,1930,232042,722,228730,60,22700,1079,71359,1622,216813,1138,288172,California
Kern,2021-05-02,1890,485362,1602,233644,266,228996,22,22722,693,70884,1190,218003,715,288887,California
Kern,2021-05-03,2544,487906,1030,234674,1381,230377,133,22855,789,70068,1739,219742,923,289810,California
Kern,2021-05-04,3655,491561,1301,235975,2244,232621,110,22965,1284,69103,2357,222099,1392,291202,California
Kern,2021-05-05,4158,495719,2146,238121,1862,234483,150,23115,1376,67860,2767,224866,1524,292726,California
Kern,2021-05-06,3588,499307,1617,239738,1826,236309,145,23260,1125,66684,2442,227308,1266,293992,California
Kern,2021-05-07,4597,503904,2310,242048,2112,238421,175,23435,1295,64879,3273,230581,1468,295460,California
Kern,2021-05-08,2894,506798,1823,243871,956,239377,115,23550,899,63910,1981,232562,1012,296472,California
Kern,2021-05-09,1351,508149,1177,245048,145,239522,29,23579,456,63509,886,233448,485,296957,California
Kern,2021-05-10,2223,510372,848,245896,1275,240797,100,23679,647,62696,1558,235006,745,297702,California
Kern,2021-05-11,2619,512991,919,246815,1577,242374,123,23802,950,62112,1658,236664,1074,298776,California
Kern,2021-05-12,3592,516583,1441,248256,2001,244375,150,23952,1153,60989,2426,239090,1303,300079,California
Kern,2021-05-13,3384,519967,1772,250028,1471,245846,141,24093,1581,60916,1791,240881,1718,301797,California
Kern,2021-05-14,4282,524249,2533,252561,1525,247371,224,24317,1978,60834,2283,243164,2201,303998,California
Kern,2021-05-15,2915,527164,1899,254460,929,248300,87,24404,1547,61113,1355,244519,1634,305632,California
Kern,2021-05-16,1544,528708,1321,255781,184,248484,39,24443,888,61389,651,245170,927,306559,California
Kern,2021-05-17,2310,531018,997,256778,1167,249651,146,24589,1176,61588,1122,246292,1321,307880,California
Kern,2021-05-18,3127,534145,1422,258200,1575,251226,130,24719,1602,61809,1511,247803,1732,309612,California
Kern,2021-05-19,3806,537951,2371,260571,1308,252534,127,24846,1838,61816,1957,249760,1964,311576,California
Kern,2021-05-20,2910,540861,1577,262148,1203,253737,130,24976,1326,61707,1563,251323,1454,313030,California
Kern,2021-05-21,3409,544270,2083,264231,1200,254937,126,25102,1735,61916,1652,252975,1861,314891,California
Kern,2021-05-22,2609,546879,2030,266261,547,255484,32,25134,1233,61813,1367,254342,1264,316155,California
Kern,2021-05-23,1174,548053,1017,267278,133,255617,24,25158,616,61901,551,254893,639,316794,California
Kern,2021-05-24,1828,549881,771,268049,946,256563,111,25269,862,61913,960,255853,972,317766,California
Kern,2021-05-25,2389,552270,1107,269156,1198,257761,84,25353,1128,61877,1248,257101,1212,318978,California
Kern,2021-05-26,2746,555016,1578,270734,1069,258830,99,25452,1185,61613,1546,258647,1282,320260,California
Kern,2021-05-27,2319,557335,1160,271894,1054,259884,105,25557,1198,61812,1103,259750,1302,321562,California
Kern,2021-05-28,2725,560060,1387,273281,1229,261113,109,25666,1273,61752,1440,261190,1380,322942,California
Kern,2021-05-29,1895,561955,1258,274539,591,261704,46,25712,931,61779,950,262140,977,323919,California
Kern,2021-05-30,860,562815,704,275243,137,261841,19,25731,438,61820,415,262555,456,324375,California
Kern,2021-05-31,130,562945,40,275283,79,261920,11,25742,45,61793,82,262637,55,324430,California
Kern,2021-06-01,2270,565215,947,276230,1256,263176,67,25809,1003,61612,1251,263888,1070,325500,California
Kern,2021-06-02,2211,567426,1282,277512,827,264003,102,25911,938,61387,1264,265152,1039,326539,California
Kern,2021-06-03,2352,569778,1317,278829,882,264885,153,26064,876,60949,1466,266618,1028,327567,California
Kern,2021-06-04,2849,572627,1897,280726,843,265728,109,26173,872,59966,1962,268580,979,328546,California
Kern,2021-06-05,2499,575126,2032,282758,434,266162,33,26206,782,59073,1708,270288,815,329361,California
Kern,2021-06-06,1204,576330,1100,283858,79,266241,25,26231,433,58764,767,271055,458,329819,California
Kern,2021-06-07,1752,578082,1102,284960,558,266799,92,26323,656,58430,1081,272136,747,330566,California
Kern,2021-06-08,968,579050,475,285435,444,267243,49,26372,281,58078,681,272817,329,330895,California
Kings,2020-12-16,1,1,1,1,0,0,0,0,1,1,0,0,1,1,California
Kings,2020-12-17,8,9,8,9,0,0,0,0,8,9,0,0,8,9,California
Kings,2020-12-18,13,22,13,22,0,0,0,0,13,22,0,0,13,22,California
Kings,2020-12-19,11,33,11,33,0,0,0,0,11,33,0,0,11,33,California
Kings,2020-12-20,13,46,13,46,0,0,0,0,13,46,0,0,13,46,California
Kings,2020-12-21,156,202,156,202,0,0,0,0,269,315,0,0,269,315,California
Kings,2020-12-22,143,345,143,345,0,0,0,0,140,455,0,0,140,455,California
Kings,2020-12-23,136,481,122,467,14,14,0,0,137,592,0,0,137,592,California
Kings,2020-12-24,11,492,9,476,2,16,0,0,11,603,0,0,11,603,California
Kings,2020-12-26,7,499,4,480,3,19,0,0,7,610,0,0,7,610,California
Kings,2020-12-27,4,503,4,484,0,19,0,0,4,614,0,0,4,614,California
Kings,2020-12-28,132,635,103,587,29,48,0,0,133,747,0,0,133,747,California
Kings,2020-12-29,81,716,53,640,28,76,0,0,82,829,0,0,82,829,California
Kings,2020-12-30,151,867,110,750,41,117,0,0,151,980,0,0,151,980,California
Kings,2020-12-31,47,914,6,756,41,158,0,0,47,1027,0,0,47,1027,California
Kings,2021-01-01,1,915,0,756,1,159,0,0,1,1028,0,0,1,1028,California
Kings,2021-01-02,10,925,9,765,1,160,0,0,10,1038,0,0,10,1038,California
Kings,2021-01-04,111,1036,41,806,70,230,0,0,111,1149,0,0,111,1149,California
Kings,2021-01-05,196,1232,40,846,156,386,0,0,196,1345,0,0,196,1345,California
Kings,2021-01-06,276,1508,177,1023,99,485,0,0,273,1615,3,3,273,1618,California
Kings,2021-01-07,181,1689,82,1105,99,584,0,0,173,1780,8,11,173,1791,California
Kings,2021-01-08,249,1938,56,1161,193,777,0,0,229,1989,20,31,229,2020,California
Kings,2021-01-09,63,2001,9,1170,54,831,0,0,55,2036,8,39,55,2075,California
Kings,2021-01-10,15,2016,3,1173,12,843,0,0,12,2045,3,42,12,2087,California
Kings,2021-01-11,518,2534,354,1527,164,1007,0,0,276,2080,242,284,277,2364,California
Kings,2021-01-12,348,2882,251,1778,97,1104,0,0,215,2165,130,414,215,2579,California
Kings,2021-01-13,421,3303,275,2053,146,1250,0,0,330,2404,91,505,330,2909,California
Kings,2021-01-14,210,3513,30,2083,180,1430,0,0,200,2584,21,526,201,3110,California
Kings,2021-01-15,420,3933,31,2114,389,1819,0,0,408,2980,12,538,408,3518,California
Kings,2021-01-16,28,3961,9,2123,19,1838,0,0,27,3006,1,539,27,3545,California
Kings,2021-01-17,9,3970,6,2129,3,1841,0,0,7,3011,2,541,7,3552,California
Kings,2021-01-18,173,4143,40,2169,133,1974,0,0,147,3132,26,567,147,3699,California
Kings,2021-01-19,380,4523,161,2330,219,2193,0,0,251,3254,129,696,251,3950,California
Kings,2021-01-20,235,4758,146,2476,89,2282,0,0,125,3274,105,801,125,4075,California
Kings,2021-01-21,214,4972,57,2533,157,2439,0,0,197,3452,19,820,197,4272,California
Kings,2021-01-22,107,5079,18,2551,89,2528,0,0,106,3553,5,825,106,4378,California
Kings,2021-01-23,27,5106,14,2565,13,2541,0,0,21,3568,6,831,21,4399,California
Kings,2021-01-24,4,5110,4,2569,0,2541,0,0,2,3568,2,833,2,4401,California
Kings,2021-01-25,131,5241,27,2596,104,2645,0,0,95,3627,36,869,95,4496,California
Kings,2021-01-26,154,5395,34,2630,120,2765,0,0,114,3701,40,909,114,4610,California
Kings,2021-01-27,325,5720,35,2665,290,3055,0,0,250,3877,74,983,250,4860,California
Kings,2021-01-28,334,6054,45,2710,289,3344,0,0,277,4097,57,1040,277,5137,California
Kings,2021-01-29,109,6163,26,2736,83,3427,0,0,92,4172,17,1057,92,5229,California
Kings,2021-01-30,1562,7725,26,2762,1536,4963,0,0,1559,5730,3,1060,1561,6790,California
Kings,2021-02-01,219,7944,65,2827,154,5117,0,0,90,5693,127,1187,90,6880,California
Kings,2021-02-02,247,8191,16,2843,231,5348,0,0,95,5637,151,1338,95,6975,California
Kings,2021-02-03,399,8590,192,3035,207,5555,0,0,243,5725,155,1493,243,7218,California
Kings,2021-02-04,425,9015,99,3134,326,5881,0,0,227,5755,197,1690,227,7445,California
Kings,2021-02-05,336,9351,55,3189,281,6162,0,0,176,5773,158,1848,176,7621,California
Kings,2021-02-06,61,9412,10,3199,51,6213,0,0,28,5768,33,1881,28,7649,California
Kings,2021-02-07,5,9417,3,3202,2,6215,0,0,3,5769,2,1883,3,7652,California
Kings,2021-02-08,174,9591,29,3231,145,6360,0,0,67,5729,107,1990,67,7719,California
Kings,2021-02-09,255,9846,57,3288,198,6558,0,0,111,5698,142,2132,111,7830,California
Kings,2021-02-10,374,10220,112,3400,262,6820,0,0,257,5838,117,2249,257,8087,California
Kings,2021-02-11,477,10697,65,3465,412,7232,0,0,360,6082,116,2365,360,8447,California
Kings,2021-02-12,631,11328,38,3503,593,7825,0,0,354,6160,276,2641,354,8801,California
Kings,2021-02-13,164,11492,7,3510,157,7982,0,0,137,6270,27,2668,137,8938,California
Kings,2021-02-14,102,11594,4,3514,98,8080,0,0,94,6356,8,2676,94,9032,California
Kings,2021-02-15,250,11844,5,3519,245,8325,0,0,138,6383,111,2787,138,9170,California
Kings,2021-02-16,517,12361,35,3554,482,8807,0,0,281,6429,235,3022,281,9451,California
Kings,2021-02-17,438,12799,25,3579,413,9220,0,0,300,6593,138,3160,302,9753,California
Kings,2021-02-18,238,13037,23,3602,215,9435,0,0,180,6715,58,3218,180,9933,California
Kings,2021-02-19,174,13211,24,3626,150,9585,0,0,118,6780,53,3271,118,10051,California
Kings,2021-02-20,168,13379,35,3661,133,9718,0,0,135,6882,33,3304,135,10186,California
Kings,2021-02-21,2,13381,1,3662,1,9719,0,0,2,6884,0,3304,2,10188,California
Kings,2021-02-22,114,13495,19,3681,95,9814,0,0,50,6870,64,3368,50,10238,California
Kings,2021-02-23,426,13921,70,3751,356,10170,0,0,309,7062,117,3485,309,10547,California
Kings,2021-02-24,726,14647,154,3905,572,10742,0,0,513,7362,213,3698,513,11060,California
Kings,2021-02-25,723,15370,134,4039,589,11331,0,0,503,7647,218,3916,503,11563,California
Kings,2021-02-26,782,16152,137,4176,645,11976,0,0,715,8296,67,3983,716,12279,California
Kings,2021-02-27,1524,17676,66,4242,1458,13434,0,0,582,7937,941,4924,582,12861,California
Kings,2021-02-28,1172,18848,598,4840,574,14008,0,0,675,8118,494,5418,675,13536,California
Kings,2021-03-01,279,19127,89,4929,190,14198,0,0,220,8279,59,5477,220,13756,California
Kings,2021-03-02,586,19713,256,5185,330,14528,0,0,513,8720,73,5550,514,14270,California
Kings,2021-03-03,715,20428,313,5498,402,14930,0,0,513,9034,199,5749,513,14783,California
Kings,2021-03-04,791,21219,356,5854,435,15365,0,0,667,9578,124,5873,668,15451,California
Kings,2021-03-05,1140,22359,368,6222,763,16128,9,9,999,10446,141,6014,1009,16460,California
Kings,2021-03-06,517,22876,187,6409,317,16445,13,22,487,10916,30,6044,500,16960,California
Kings,2021-03-07,359,23235,218,6627,137,16582,4,26,351,11263,8,6052,355,17315,California
Kings,2021-03-08,374,23609,96,6723,225,16807,53,79,262,11466,112,6164,315,17630,California
Kings,2021-03-09,567,24176,268,6991,244,17051,55,134,456,11868,110,6274,512,18142,California
Kings,2021-03-10,626,24802,158,7149,376,17427,92,226,438,12210,187,6461,529,18671,California
Kings,2021-03-11,1076,25878,333,7482,633,18060,110,336,655,12557,419,6880,766,19437,California
Kings,2021-03-12,1418,27296,452,7934,873,18933,93,429,990,13216,426,7306,1085,20522,California
Kings,2021-03-13,677,27973,328,8262,305,19238,44,473,550,13685,127,7433,596,21118,California
Kings,2021-03-14,676,28649,103,8365,184,19422,389,862,203,13804,473,7906,592,21710,California
Kings,2021-03-15,704,29353,266,8631,323,19745,115,977,465,14149,238,8144,583,22293,California
Kings,2021-03-16,1067,30420,448,9079,555,20300,64,1041,724,14594,343,8487,788,23081,California
Kings,2021-03-17,1114,31534,424,9503,628,20928,62,1103,788,15125,326,8813,857,23938,California
Kings,2021-03-18,1134,32668,476,9979,435,21363,223,1326,776,15769,357,9170,1001,24939,California
Kings,2021-03-19,970,33638,469,10448,416,21779,85,1411,739,16376,230,9400,837,25776,California
Kings,2021-03-20,641,34279,254,10702,356,22135,31,1442,465,16705,174,9574,503,26279,California
Kings,2021-03-21,1420,35699,1088,11790,319,22454,13,1455,862,17022,558,10132,875,27154,California
Kings,2021-03-22,449,36148,200,11990,165,22619,84,1539,273,17209,174,10306,361,27515,California
Kings,2021-03-23,934,37082,508,12498,363,22982,63,1602,556,17457,376,10682,624,28139,California
Kings,2021-03-24,968,38050,489,12987,456,23438,23,1625,515,17546,451,11133,540,28679,California
Kings,2021-03-25,945,38995,468,13455,449,23887,28,1653,449,17529,494,11627,477,29156,California
Kings,2021-03-26,1304,40299,382,13837,837,24724,85,1738,521,17356,778,12405,605,29761,California
Kings,2021-03-27,645,40944,260,14097,373,25097,12,1750,160,17045,483,12888,172,29933,California
Kings,2021-03-28,671,41615,600,14697,64,25161,7,1757,409,17207,262,13150,424,30357,California
Kings,2021-03-29,469,42084,213,14910,195,25356,61,1818,260,17320,207,13357,320,30677,California
Kings,2021-03-30,866,42950,478,15388,350,25706,38,1856,429,17351,436,13793,467,31144,California
Kings,2021-03-31,780,43730,381,15769,326,26032,73,1929,423,17498,349,14142,496,31640,California
Kings,2021-04-01,813,44543,417,16186,307,26339,89,2018,359,17500,448,14590,450,32090,California
Kings,2021-04-02,1036,45579,451,16637,461,26800,124,2142,395,17383,635,15225,518,32608,California
Kings,2021-04-03,493,46072,347,16984,137,26937,9,2151,171,17248,316,15541,181,32789,California
Kings,2021-04-04,157,46229,84,17068,67,27004,6,2157,42,17182,114,15655,48,32837,California
Kings,2021-04-05,1060,47289,327,17395,481,27485,252,2409,241,16856,818,16473,492,33329,California
Kings,2021-04-06,1200,48489,448,17843,442,27927,310,2719,282,16532,915,17388,591,33920,California
Kings,2021-04-07,1370,49859,653,18496,531,28458,186,2905,358,16067,1009,18397,544,34464,California
Kings,2021-04-08,1630,51489,635,19131,741,29199,254,3159,376,15451,1247,19644,631,35095,California
Kings,2021-04-09,1163,52652,546,19677,438,29637,179,3338,235,14935,926,20570,410,35505,California
Kings,2021-04-10,596,53248,331,20008,162,29799,103,3441,173,14790,421,20991,276,35781,California
Kings,2021-04-11,357,53605,75,20083,275,30074,7,3448,198,14838,157,21148,205,35986,California
Kings,2021-04-12,705,54310,312,20395,190,30264,203,3651,196,14730,507,21655,399,36385,California
Kings,2021-04-13,914,55224,523,20918,391,30655,0,3651,291,14407,621,22276,298,36683,California
Kings,2021-04-14,1047,56271,580,21498,467,31122,0,3651,376,14113,671,22947,377,37060,California
Kings,2021-04-15,1059,57330,523,22021,535,31657,1,3652,451,13964,607,23554,458,37518,California
Kings,2021-04-16,774,58104,362,22383,412,32069,0,3652,259,13709,514,24068,259,37777,California
Kings,2021-04-17,465,58569,251,22634,214,32283,0,3652,190,13626,273,24341,190,37967,California
Kings,2021-04-18,562,59131,239,22873,323,32606,0,3652,39,13142,523,24864,39,38006,California
Kings,2021-04-19,531,59662,294,23167,237,32843,0,3652,285,13183,244,25108,285,38291,California
Kings,2021-04-20,744,60406,452,23619,292,33135,0,3652,237,12914,506,25614,237,38528,California
Kings,2021-04-21,646,61052,307,23926,339,33474,0,3652,222,12720,416,26030,222,38750,California
Kings,2021-04-22,559,61611,279,24205,280,33754,0,3652,205,12575,351,26381,206,38956,California
Kings,2021-04-23,674,62285,291,24496,383,34137,0,3652,330,12565,340,26721,330,39286,California
Kings,2021-04-24,248,62533,180,24676,67,34204,1,3653,120,12559,127,26848,121,39407,California
Kings,2021-04-25,201,62734,182,24858,19,34223,0,3653,164,12686,37,26885,164,39571,California
Kings,2021-04-26,314,63048,169,25027,142,34365,3,3656,198,12772,115,27000,201,39772,California
Kings,2021-04-27,416,63464,182,25209,215,34580,19,3675,177,12730,238,27238,196,39968,California
Kings,2021-04-28,513,63977,255,25464,238,34818,20,3695,267,12771,246,27484,287,40255,California
Kings,2021-04-29,288,64265,110,25574,166,34984,12,3707,133,12763,153,27637,145,40400,California
Kings,2021-04-30,367,64632,163,25737,187,35171,17,3724,152,12721,211,27848,169,40569,California
Kings,2021-05-01,225,64857,164,25901,51,35222,10,3734,70,12647,154,28002,80,40649,California
Kings,2021-05-02,169,65026,147,26048,22,35244,0,3734,127,12732,42,28044,127,40776,California
Kings,2021-05-03,473,65499,252,26300,208,35452,13,3747,120,12513,352,28396,133,40909,California
Kings,2021-05-04,519,66018,262,26562,237,35689,20,3767,159,12332,360,28756,179,41088,California
Kings,2021-05-05,551,66569,285,26847,246,35935,20,3787,136,12073,415,29171,156,41244,California
Kings,2021-05-06,548,67117,270,27117,255,36190,23,3810,122,11794,424,29595,145,41389,California
Kings,2021-05-07,366,67483,211,27328,139,36329,16,3826,147,11740,217,29812,163,41552,California
Kings,2021-05-08,233,67716,167,27495,54,36383,12,3838,74,11667,158,29970,85,41637,California
Kings,2021-05-09,190,67906,61,27556,129,36512,0,3838,40,11557,150,30120,40,41677,California
Kings,2021-05-10,339,68245,262,27818,67,36579,10,3848,115,11458,223,30343,124,41801,California
Kings,2021-05-11,375,68620,232,28050,115,36694,28,3876,118,11348,257,30600,147,41948,California
Kings,2021-05-12,393,69013,159,28209,220,36914,14,3890,170,11311,221,30821,184,42132,California
Kings,2021-05-13,378,69391,137,28346,233,37147,8,3898,151,11243,227,31048,159,42291,California
Kings,2021-05-14,467,69858,319,28665,117,37264,31,3929,242,11292,224,31272,273,42564,California
Kings,2021-05-15,352,70210,251,28916,83,37347,18,3947,194,11347,157,31429,212,42776,California
Kings,2021-05-16,247,70457,221,29137,25,37372,1,3948,76,11253,171,31600,77,42853,California
Kings,2021-05-17,400,70857,319,29456,64,37436,17,3965,212,11295,187,31787,229,43082,California
Kings,2021-05-18,391,71248,273,29729,105,37541,13,3978,223,11365,168,31955,238,43320,California
Kings,2021-05-19,577,71825,284,30013,269,37810,24,4002,231,11276,344,32299,255,43575,California
Kings,2021-05-20,398,72223,194,30207,177,37987,27,4029,242,11390,156,32455,270,43845,California
Kings,2021-05-21,465,72688,224,30431,231,38218,10,4039,238,11415,223,32678,248,44093,California
Kings,2021-05-22,275,72963,224,30655,40,38258,11,4050,213,11579,60,32738,224,44317,California
Kings,2021-05-23,207,73170,205,30860,2,38260,0,4050,100,11572,107,32845,100,44417,California
Kings,2021-05-24,248,73418,164,31024,70,38330,14,4064,120,11578,128,32973,134,44551,California
Kings,2021-05-25,406,73824,268,31292,105,38435,33,4097,241,11689,163,33136,274,44825,California
Kings,2021-05-26,303,74127,124,31416,162,38597,17,4114,129,11662,173,33309,146,44971,California
Kings,2021-05-27,321,74448,174,31590,129,38726,18,4132,172,11706,146,33455,190,45161,California
Kings,2021-05-28,288,74736,140,31730,131,38857,17,4149,140,11718,145,33600,157,45318,California
Kings,2021-05-29,174,74910,101,31831,62,38919,11,4160,92,11740,81,33681,103,45421,California
Kings,2021-05-30,130,75040,113,31944,15,38934,2,4162,70,11752,60,33741,72,45493,California
Kings,2021-05-31,42,75082,23,31967,16,38950,3,4165,15,11743,27,33768,18,45511,California
Kings,2021-06-01,315,75397,188,32155,111,39061,16,4181,121,11689,190,33958,136,45647,California
Kings,2021-06-02,273,75670,125,32280,140,39201,8,4189,86,11598,185,34143,94,45741,California
Kings,2021-06-03,227,75897,125,32405,91,39292,11,4200,91,11570,130,34273,102,45843,California
Kings,2021-06-04,422,76319,277,32682,132,39424,13,4213,153,11475,261,34534,166,46009,California
Kings,2021-06-05,249,76568,219,32901,25,39449,5,4218,63,11370,173,34707,68,46077,California
Kings,2021-06-06,159,76727,152,33053,3,39452,4,4222,81,11379,76,34783,85,46162,California
Kings,2021-06-07,291,77018,217,33270,57,39509,17,4239,91,11287,200,34983,108,46270,California
Kings,2021-06-08,94,77112,60,33330,19,39528,15,4254,31,11270,63,35046,46,46316,California
Lake,2020-12-17,4,4,4,4,0,0,0,0,4,4,0,0,4,4,California
Lake,2020-12-18,49,53,49,53,0,0,0,0,49,53,0,0,49,53,California
Lake,2020-12-19,3,56,3,56,0,0,0,0,3,56,0,0,3,56,California
Lake,2020-12-20,6,62,6,62,0,0,0,0,6,62,0,0,6,62,California
Lake,2020-12-21,87,149,87,149,0,0,0,0,87,149,0,0,87,149,California
Lake,2020-12-22,63,212,60,209,3,3,0,0,63,212,0,0,63,212,California
Lake,2020-12-23,124,336,115,324,9,12,0,0,124,336,0,0,124,336,California
Lake,2020-12-24,2,338,0,324,2,14,0,0,2,338,0,0,2,338,California
Lake,2020-12-26,2,340,2,326,0,14,0,0,2,340,0,0,2,340,California
Lake,2020-12-27,2,342,2,328,0,14,0,0,2,342,0,0,2,342,California
Lake,2020-12-28,52,394,43,371,9,23,0,0,52,394,0,0,52,394,California
Lake,2020-12-29,52,446,47,418,5,28,0,0,52,446,0,0,52,446,California
Lake,2020-12-30,132,578,124,542,8,36,0,0,132,578,0,0,132,578,California
Lake,2020-12-31,67,645,64,606,3,39,0,0,67,645,0,0,67,645,California
Lake,2021-01-01,1,646,0,606,1,40,0,0,1,646,0,0,1,646,California
Lake,2021-01-02,2,648,1,607,1,41,0,0,2,648,0,0,2,648,California
Lake,2021-01-04,90,738,21,628,69,110,0,0,90,738,0,0,90,738,California
Lake,2021-01-05,120,858,59,687,61,171,0,0,118,854,2,2,118,856,California
Lake,2021-01-06,104,962,65,752,39,210,0,0,102,954,2,4,102,958,California
Lake,2021-01-07,109,1071,85,837,24,234,0,0,100,1045,9,13,100,1058,California
Lake,2021-01-08,155,1226,126,963,29,263,0,0,104,1098,51,64,104,1162,California
Lake,2021-01-09,63,1289,61,1024,2,265,0,0,59,1153,4,68,59,1221,California
Lake,2021-01-10,3,1292,3,1027,0,265,0,0,0,1150,3,71,0,1221,California
Lake,2021-01-11,189,1481,149,1176,40,305,0,0,110,1181,79,150,110,1331,California
Lake,2021-01-12,82,1563,49,1225,33,338,0,0,58,1215,24,174,58,1389,California
Lake,2021-01-13,167,1730,114,1339,53,391,0,0,108,1264,59,233,108,1497,California
Lake,2021-01-14,147,1877,48,1387,99,490,0,0,125,1367,22,255,125,1622,California
Lake,2021-01-15,216,2093,92,1479,124,614,0,0,189,1529,27,282,189,1811,California
Lake,2021-01-16,133,2226,81,1560,52,666,0,0,131,1658,2,284,131,1942,California
Lake,2021-01-17,16,2242,6,1566,10,676,0,0,10,1662,6,290,10,1952,California
Lake,2021-01-18,247,2489,229,1795,18,694,0,0,124,1663,123,413,124,2076,California
Lake,2021-01-19,313,2802,120,1915,193,887,0,0,266,1883,47,460,267,2343,California
Lake,2021-01-20,423,3225,81,1996,342,1229,0,0,358,2177,64,524,358,2701,California
Lake,2021-01-21,435,3660,48,2044,387,1616,0,0,399,2540,36,560,399,3100,California
Lake,2021-01-22,317,3977,47,2091,270,1886,0,0,281,2785,36,596,281,3381,California
Lake,2021-01-23,124,4101,6,2097,118,2004,0,0,123,2907,1,597,123,3504,California
Lake,2021-01-24,5,4106,2,2099,3,2007,0,0,5,2912,0,597,5,3509,California
Lake,2021-01-25,258,4364,95,2194,163,2170,0,0,176,3006,82,679,176,3685,California
Lake,2021-01-26,428,4792,34,2228,394,2564,0,0,404,3386,24,703,404,4089,California
Lake,2021-01-27,361,5153,41,2269,320,2884,0,0,333,3692,28,731,334,4423,California
Lake,2021-01-28,494,5647,159,2428,335,3219,0,0,365,3928,129,860,365,4788,California
Lake,2021-01-29,651,6298,99,2527,552,3771,0,0,575,4427,76,936,575,5363,California
Lake,2021-01-30,553,6851,40,2567,513,4284,0,0,547,4968,6,942,547,5910,California
Lake,2021-01-31,14,6865,8,2575,6,4290,0,0,12,4978,2,944,12,5922,California
Lake,2021-02-01,176,7041,14,2589,162,4452,0,0,162,5126,14,958,162,6084,California
Lake,2021-02-02,562,7603,150,2739,412,4864,0,0,396,5356,166,1124,396,6480,California
Lake,2021-02-03,443,8046,32,2771,411,5275,0,0,338,5589,105,1229,338,6818,California
Lake,2021-02-04,122,8168,70,2841,52,5327,0,0,72,5611,50,1279,72,6890,California
Lake,2021-02-05,380,8548,70,2911,310,5637,0,0,288,5809,90,1369,288,7178,California
Lake,2021-02-06,276,8824,39,2950,237,5874,0,0,265,6063,11,1380,265,7443,California
Lake,2021-02-07,2,8826,1,2951,1,5875,0,0,2,6065,0,1380,2,7445,California
Lake,2021-02-08,277,9103,206,3157,71,5946,0,0,159,6106,118,1498,159,7604,California
Lake,2021-02-09,345,9448,24,3181,321,6267,0,0,301,6364,43,1541,301,7905,California
Lake,2021-02-10,348,9796,51,3232,297,6564,0,0,270,6556,78,1619,270,8175,California
Lake,2021-02-11,175,9971,18,3250,157,6721,0,0,58,6497,117,1736,58,8233,California
Lake,2021-02-12,373,10344,28,3278,345,7066,0,0,286,6697,86,1822,286,8519,California
Lake,2021-02-13,250,10594,8,3286,242,7308,0,0,239,6925,11,1833,239,8758,California
Lake,2021-02-14,17,10611,4,3290,13,7321,0,0,5,6918,12,1845,5,8763,California
Lake,2021-02-15,169,10780,11,3301,158,7479,0,0,8,6766,160,2005,8,8771,California
Lake,2021-02-16,425,11205,22,3323,403,7882,0,0,178,6697,247,2252,178,8949,California
Lake,2021-02-17,348,11553,53,3376,295,8177,0,0,69,6488,278,2530,69,9018,California
Lake,2021-02-18,458,12011,71,3447,387,8564,0,0,114,6258,344,2874,114,9132,California
Lake,2021-02-19,426,12437,26,3473,400,8964,0,0,93,6018,333,3207,93,9225,California
Lake,2021-02-20,289,12726,56,3529,233,9197,0,0,250,6230,38,3245,250,9475,California
Lake,2021-02-21,6,12732,6,3535,0,9197,0,0,0,6224,6,3251,0,9475,California
Lake,2021-02-22,135,12867,17,3552,118,9315,0,0,40,6169,95,3346,40,9515,California
Lake,2021-02-23,216,13083,16,3568,200,9515,0,0,30,6013,186,3532,30,9545,California
Lake,2021-02-24,1010,14093,430,3998,580,10095,0,0,470,5944,539,4071,470,10015,California
Lake,2021-02-25,733,14826,468,4466,265,10360,0,0,474,6162,256,4327,474,10489,California
Lake,2021-02-26,995,15821,303,4769,692,11052,0,0,350,5869,643,4970,350,10839,California
Lake,2021-02-27,409,16230,98,4867,311,11363,0,0,327,6114,82,5052,327,11166,California
Lake,2021-02-28,19,16249,10,4877,9,11372,0,0,12,6119,7,5059,12,11178,California
Lake,2021-03-01,595,16844,53,4930,542,11914,0,0,443,6410,152,5211,443,11621,California
Lake,2021-03-02,745,17589,17,4947,728,12642,0,0,289,6243,456,5667,289,11910,California
Lake,2021-03-03,368,17957,194,5141,174,12816,0,0,146,6167,222,5889,146,12056,California
Lake,2021-03-04,577,18534,506,5647,71,12887,0,0,560,6710,17,5906,560,12616,California
Lake,2021-03-05,1051,19585,52,5699,999,13886,0,0,186,6035,861,6767,186,12802,California
Lake,2021-03-06,35,19620,9,5708,25,13911,1,1,22,6045,13,6780,23,12825,California
Lake,2021-03-07,6,19626,4,5712,2,13913,0,1,4,6047,2,6782,4,12829,California
Lake,2021-03-08,340,19966,267,5979,64,13977,9,10,300,6316,40,6822,309,13138,California
Lake,2021-03-09,930,20896,43,6022,870,14847,17,27,407,6218,522,7344,424,13562,California
Lake,2021-03-10,204,21100,58,6080,133,14980,13,40,136,6300,68,7412,150,13712,California
Lake,2021-03-11,588,21688,49,6129,62,15042,477,517,47,6283,541,7953,524,14236,California
Lake,2021-03-12,854,22542,203,6332,625,15667,26,543,362,6180,491,8444,388,14624,California
Lake,2021-03-13,278,22820,20,6352,22,15689,236,779,17,6172,260,8704,252,14876,California
Lake,2021-03-14,11,22831,2,6354,9,15698,0,779,7,6175,4,8708,7,14883,California
Lake,2021-03-15,641,23472,11,6365,613,16311,17,796,481,6513,160,8868,498,15381,California
Lake,2021-03-16,1120,24592,839,7204,264,16575,17,813,400,6213,716,9584,416,15797,California
Lake,2021-03-17,244,24836,120,7324,102,16677,22,835,89,6169,155,9739,111,15908,California
Lake,2021-03-18,746,25582,375,7699,335,17012,36,871,369,6198,375,10114,404,16312,California
Lake,2021-03-19,583,26165,315,8014,248,17260,20,891,478,6592,104,10218,498,16810,California
Lake,2021-03-20,249,26414,8,8022,238,17498,3,894,31,6410,216,10434,34,16844,California
Lake,2021-03-21,16,26430,11,8033,4,17502,1,895,11,6417,5,10439,12,16856,California
Lake,2021-03-22,338,26768,256,8289,67,17569,15,910,250,6594,88,10527,265,17121,California
Lake,2021-03-23,435,27203,23,8312,399,17968,13,923,369,6911,65,10592,382,17503,California
Lake,2021-03-24,422,27625,60,8372,354,18322,8,931,327,7153,94,10686,336,17839,California
Lake,2021-03-25,672,28297,480,8852,186,18508,6,937,174,6834,498,11184,179,18018,California
Lake,2021-03-26,68,28365,32,8884,35,18543,1,938,31,6829,37,11221,32,18050,California
Lake,2021-03-27,307,28672,7,8891,297,18840,3,941,16,6559,289,11510,19,18069,California
Lake,2021-03-28,16,28688,7,8898,9,18849,0,941,8,6559,8,11518,8,18077,California
Lake,2021-03-29,989,29677,287,9185,700,19549,2,943,205,5984,782,12300,207,18284,California
Lake,2021-03-30,469,30146,318,9503,149,19698,2,945,370,6258,98,12398,372,18656,California
Lake,2021-03-31,617,30763,59,9562,558,20256,0,945,434,6518,174,12572,434,19090,California
Lake,2021-04-01,449,31212,235,9797,202,20458,12,957,189,6463,256,12828,201,19291,California
Lake,2021-04-02,220,31432,38,9835,154,20612,28,985,94,6459,126,12954,122,19413,California
Lake,2021-04-03,32,31464,5,9840,24,20636,3,988,12,6454,20,12974,15,19428,California
Lake,2021-04-04,19,31483,11,9851,7,20643,1,989,15,6466,4,12978,16,19444,California
Lake,2021-04-05,646,32129,71,9922,556,21199,19,1008,406,6653,237,13215,424,19868,California
Lake,2021-04-06,480,32609,18,9940,436,21635,26,1034,307,6814,172,13387,333,20201,California
Lake,2021-04-07,523,33132,57,9997,415,22050,51,1085,352,7048,169,13556,403,20604,California
Lake,2021-04-08,606,33738,494,10491,46,22096,66,1151,103,6717,500,14056,169,20773,California
Lake,2021-04-09,279,34017,38,10529,173,22269,68,1219,47,6602,229,14285,114,20887,California
Lake,2021-04-10,253,34270,13,10542,13,22282,227,1446,8,6592,245,14530,235,21122,California
Lake,2021-04-11,22,34292,17,10559,3,22285,2,1448,7,6586,15,14545,9,21131,California
Lake,2021-04-12,1077,35369,233,10792,811,23096,33,1481,242,6031,834,15379,279,21410,California
Lake,2021-04-13,180,35549,110,10902,70,23166,0,1481,52,5955,128,15507,52,21462,California
Lake,2021-04-14,610,36159,35,10937,575,23741,0,1481,547,6439,63,15570,547,22009,California
Lake,2021-04-15,639,36798,192,11129,447,24188,0,1481,329,6461,310,15880,332,22341,California
Lake,2021-04-16,266,37064,28,11157,237,24425,1,1482,73,6342,192,16072,73,22414,California
Lake,2021-04-17,43,37107,11,11168,32,24457,0,1482,32,6363,11,16083,32,22446,California
Lake,2021-04-18,7,37114,4,11172,3,24460,0,1482,0,6356,7,16090,0,22446,California
Lake,2021-04-19,299,37413,40,11212,259,24719,0,1482,248,6553,51,16141,248,22694,California
Lake,2021-04-20,698,38111,280,11492,418,25137,0,1482,92,6041,605,16746,93,22787,California
Lake,2021-04-21,531,38642,62,11554,469,25606,0,1482,197,5904,334,17080,197,22984,California
Lake,2021-04-22,466,39108,48,11602,418,26024,0,1482,320,6079,145,17225,320,23304,California
Lake,2021-04-23,114,39222,56,11658,58,26082,0,1482,68,6102,45,17270,68,23372,California
Lake,2021-04-24,54,39276,9,11667,45,26127,0,1482,40,6128,14,17284,40,23412,California
Lake,2021-04-25,36,39312,19,11686,17,26144,0,1482,24,6140,12,17296,24,23436,California
Lake,2021-04-26,292,39604,82,11768,209,26353,1,1483,87,6023,205,17501,88,23524,California
Lake,2021-04-27,245,39849,22,11790,205,26558,18,1501,81,5958,164,17665,99,23623,California
Lake,2021-04-28,511,40360,49,11839,447,27005,15,1516,90,5643,419,18084,104,23727,California
Lake,2021-04-29,212,40572,83,11922,113,27118,16,1532,113,5672,99,18183,128,23855,California
Lake,2021-04-30,286,40858,43,11965,212,27330,31,1563,148,5713,138,18321,179,24034,California
Lake,2021-05-01,49,40907,28,11993,19,27349,2,1565,35,5736,14,18335,37,24071,California
Lake,2021-05-02,18,40925,9,12002,8,27357,1,1566,9,5737,9,18344,10,24081,California
Lake,2021-05-03,415,41340,28,12030,352,27709,35,1601,65,5488,349,18693,100,24181,California
Lake,2021-05-04,403,41743,216,12246,139,27848,48,1649,123,5380,279,18972,171,24352,California
Lake,2021-05-05,629,42372,44,12290,573,28421,12,1661,86,4937,540,19512,97,24449,California
Lake,2021-05-06,142,42514,19,12309,94,28515,29,1690,73,4969,69,19581,101,24550,California
Lake,2021-05-07,165,42679,29,12338,116,28631,20,1710,103,5032,60,19641,123,24673,California
Lake,2021-05-08,42,42721,6,12344,36,28667,0,1710,35,5060,7,19648,35,24708,California
Lake,2021-05-09,17,42738,2,12346,10,28677,5,1715,10,5068,7,19655,15,24723,California
Lake,2021-05-10,245,42983,11,12357,207,28884,27,1742,58,4967,186,19841,85,24808,California
Lake,2021-05-11,193,43176,25,12382,151,29035,17,1759,115,5022,78,19919,133,24941,California
Lake,2021-05-12,541,43717,32,12414,489,29524,20,1779,54,4608,487,20406,73,25014,California
Lake,2021-05-13,300,44017,58,12472,229,29753,13,1792,66,4455,232,20638,79,25093,California
Lake,2021-05-14,263,44280,79,12551,165,29918,19,1811,160,4532,101,20739,178,25271,California
Lake,2021-05-15,45,44325,19,12570,23,29941,3,1814,28,4546,17,20756,31,25302,California
Lake,2021-05-16,32,44357,18,12588,13,29954,1,1815,17,4549,15,20771,18,25320,California
Lake,2021-05-17,314,44671,42,12630,257,30211,15,1830,83,4419,228,20999,98,25418,California
Lake,2021-05-18,301,44972,65,12695,217,30428,19,1849,174,4486,126,21125,193,25611,California
Lake,2021-05-19,311,45283,57,12752,239,30667,15,1864,87,4365,223,21348,102,25713,California
Lake,2021-05-20,227,45510,59,12811,157,30824,11,1875,89,4327,138,21486,100,25813,California
Lake,2021-05-21,257,45767,47,12858,187,31011,23,1898,100,4295,155,21641,123,25936,California
Lake,2021-05-22,83,45850,48,12906,32,31043,3,1901,40,4295,43,21684,43,25979,California
Lake,2021-05-23,50,45900,25,12931,24,31067,1,1902,26,4298,24,21708,27,26006,California
Lake,2021-05-24,155,46055,35,12966,106,31173,14,1916,71,4299,84,21792,85,26091,California
Lake,2021-05-25,204,46259,55,13021,137,31310,12,1928,75,4258,128,21920,87,26178,California
Lake,2021-05-26,149,46408,44,13065,94,31404,11,1939,54,4230,93,22013,65,26243,California
Lake,2021-05-27,173,46581,47,13112,112,31516,14,1953,61,4194,111,22124,75,26318,California
Lake,2021-05-28,221,46802,19,13131,164,31680,38,1991,49,4111,169,22293,86,26404,California
Lake,2021-05-29,37,46839,10,13141,21,31701,6,1997,14,4108,23,22316,20,26424,California
Lake,2021-05-30,22,46861,6,13147,14,31715,2,1999,12,4112,10,22326,14,26438,California
Lake,2021-05-31,63,46924,21,13168,40,31755,2,2001,54,4159,9,22335,56,26494,California
Lake,2021-06-01,196,47120,37,13205,150,31905,9,2010,69,4111,126,22461,78,26572,California
Lake,2021-06-02,133,47253,46,13251,75,31980,12,2022,55,4100,78,22539,67,26639,California
Lake,2021-06-03,180,47433,54,13305,107,32087,19,2041,85,4109,95,22634,104,26743,California
Lake,2021-06-04,179,47612,52,13357,114,32201,13,2054,45,4035,132,22766,58,26801,California
Lake,2021-06-05,93,47705,58,13415,28,32229,7,2061,54,4057,39,22805,61,26862,California
Lake,2021-06-06,67,47772,37,13452,30,32259,0,2061,23,4036,44,22849,23,26885,California
Lake,2021-06-07,90,47862,30,13482,51,32310,9,2070,31,4018,58,22907,40,26925,California
Lake,2021-06-08,72,47934,8,13490,56,32366,8,2078,28,4010,44,22951,36,26961,California
Lassen,2020-12-16,7,7,7,7,0,0,0,0,7,7,0,0,7,7,California
Lassen,2020-12-17,2,9,2,9,0,0,0,0,2,9,0,0,2,9,California
Lassen,2020-12-18,1,10,1,10,0,0,0,0,1,10,0,0,1,10,California
Lassen,2020-12-19,5,15,5,15,0,0,0,0,5,15,0,0,5,15,California
Lassen,2020-12-20,2,17,2,17,0,0,0,0,2,17,0,0,2,17,California
Lassen,2020-12-21,11,28,11,28,0,0,0,0,11,28,0,0,11,28,California
Lassen,2020-12-22,21,49,21,49,0,0,0,0,21,49,0,0,21,49,California
Lassen,2020-12-23,5,54,5,54,0,0,0,0,5,54,0,0,5,54,California
Lassen,2020-12-24,8,62,8,62,0,0,0,0,8,62,0,0,8,62,California
Lassen,2020-12-28,3,65,2,64,1,1,0,0,3,65,0,0,3,65,California
Lassen,2020-12-29,35,100,35,99,0,1,0,0,35,100,0,0,35,100,California
Lassen,2020-12-30,31,131,30,129,1,2,0,0,31,131,0,0,31,131,California
Lassen,2020-12-31,49,180,42,171,7,9,0,0,49,180,0,0,49,180,California
Lassen,2021-01-02,1,181,0,171,1,10,0,0,1,181,0,0,1,181,California
Lassen,2021-01-04,14,195,2,173,12,22,0,0,14,195,0,0,14,195,California
Lassen,2021-01-05,192,387,52,225,140,162,0,0,192,387,0,0,192,387,California
Lassen,2021-01-06,94,481,43,268,51,213,0,0,86,466,8,8,87,474,California
Lassen,2021-01-07,39,520,3,271,36,249,0,0,37,501,2,10,37,511,California
Lassen,2021-01-08,49,569,2,273,47,296,0,0,49,550,0,10,49,560,California
Lassen,2021-01-09,12,581,6,279,6,302,0,0,12,562,0,10,12,572,California
Lassen,2021-01-11,27,608,5,284,22,324,0,0,27,589,0,10,27,599,California
Lassen,2021-01-12,47,655,27,311,20,344,0,0,29,600,18,28,29,628,California
Lassen,2021-01-13,159,814,16,327,143,487,0,0,146,733,13,41,146,774,California
Lassen,2021-01-14,158,972,16,343,142,629,0,0,148,871,10,51,148,922,California
Lassen,2021-01-15,22,994,3,346,19,648,0,0,22,893,0,51,22,944,California
Lassen,2021-01-16,34,1028,33,379,1,649,0,0,34,927,0,51,34,978,California
Lassen,2021-01-17,1,1029,0,379,1,650,0,0,1,928,0,51,1,979,California
Lassen,2021-01-18,4,1033,2,381,2,652,0,0,3,930,1,52,3,982,California
Lassen,2021-01-19,183,1216,35,416,148,800,0,0,155,1057,28,80,155,1137,California
Lassen,2021-01-20,169,1385,94,510,75,875,0,0,91,1085,63,143,91,1228,California
Lassen,2021-01-21,139,1524,89,599,50,925,0,0,115,1182,18,161,115,1343,California
Lassen,2021-01-22,30,1554,17,616,13,938,0,0,20,1192,10,171,20,1363,California
Lassen,2021-01-23,2,1556,0,616,2,940,0,0,2,1194,0,171,2,1365,California
Lassen,2021-01-24,1,1557,0,616,1,941,0,0,1,1195,0,171,1,1366,California
Lassen,2021-01-25,12,1569,1,617,11,952,0,0,11,1205,1,172,11,1377,California
Lassen,2021-01-26,119,1688,6,623,113,1065,0,0,116,1318,3,175,116,1493,California
Lassen,2021-01-27,72,1760,24,647,48,1113,0,0,55,1356,17,192,55,1548,California
Lassen,2021-01-28,83,1843,14,661,69,1182,0,0,82,1437,1,193,82,1630,California
Lassen,2021-01-29,17,1860,4,665,13,1195,0,0,16,1452,1,194,16,1646,California
Lassen,2021-02-01,51,1911,2,667,49,1244,0,0,27,1455,24,218,27,1673,California
Lassen,2021-02-02,169,2080,8,675,161,1405,0,0,37,1360,132,350,37,1710,California
Lassen,2021-02-03,91,2171,18,693,73,1478,0,0,47,1363,44,394,47,1757,California
Lassen,2021-02-04,107,2278,13,706,94,1572,0,0,58,1372,49,443,58,1815,California
Lassen,2021-02-05,57,2335,8,714,49,1621,0,0,19,1353,38,481,19,1834,California
Lassen,2021-02-06,69,2404,34,748,35,1656,0,0,36,1357,32,513,36,1870,California
Lassen,2021-02-08,41,2445,4,752,37,1693,0,0,15,1346,26,539,15,1885,California
Lassen,2021-02-09,124,2569,5,757,119,1812,0,0,46,1314,78,617,46,1931,California
Lassen,2021-02-10,166,2735,17,774,149,1961,0,0,60,1268,106,723,60,1991,California
Lassen,2021-02-11,160,2895,11,785,149,2110,0,0,62,1233,97,820,62,2053,California
Lassen,2021-02-12,33,2928,10,795,23,2133,0,0,14,1228,19,839,14,2067,California
Lassen,2021-02-13,10,2938,2,797,8,2141,0,0,8,1234,2,841,8,2075,California
Lassen,2021-02-14,13,2951,0,797,13,2154,0,0,12,1245,1,842,12,2087,California
Lassen,2021-02-15,21,2972,2,799,19,2173,0,0,17,1259,3,845,17,2104,California
Lassen,2021-02-16,185,3157,3,802,182,2355,0,0,25,1126,158,1003,25,2129,California
Lassen,2021-02-17,157,3314,82,884,75,2430,0,0,7,983,150,1153,7,2136,California
Lassen,2021-02-18,72,3386,18,902,54,2484,0,0,17,945,55,1208,17,2153,California
Lassen,2021-02-19,72,3458,53,955,19,2503,0,0,13,899,59,1267,13,2166,California
Lassen,2021-02-20,8,3466,0,955,8,2511,0,0,6,903,2,1269,6,2172,California
Lassen,2021-02-21,22,3488,2,957,20,2531,0,0,18,917,4,1273,18,2190,California
Lassen,2021-02-22,23,3511,10,967,13,2544,0,0,5,904,18,1291,5,2195,California
Lassen,2021-02-23,151,3662,7,974,144,2688,0,0,43,839,108,1399,43,2238,California
Lassen,2021-02-24,148,3810,14,988,134,2822,0,0,94,880,53,1452,94,2332,California
Lassen,2021-02-25,144,3954,16,1004,128,2950,0,0,90,916,54,1506,90,2422,California
Lassen,2021-02-26,68,4022,16,1020,52,3002,0,0,34,916,34,1540,34,2456,California
Lassen,2021-02-27,8,4030,7,1027,1,3003,0,0,3,914,5,1545,3,2459,California
Lassen,2021-02-28,4,4034,0,1027,4,3007,0,0,2,914,2,1547,2,2461,California
Lassen,2021-03-01,32,4066,3,1030,29,3036,0,0,6,895,25,1572,6,2467,California
Lassen,2021-03-02,99,4165,6,1036,93,3129,0,0,78,953,20,1592,78,2545,California
Lassen,2021-03-03,144,4309,9,1045,135,3264,0,0,91,991,53,1645,91,2636,California
Lassen,2021-03-04,145,4454,16,1061,129,3393,0,0,95,1037,49,1694,95,2731,California
Lassen,2021-03-05,47,4501,7,1068,16,3409,24,24,11,1036,36,1730,35,2766,California
Lassen,2021-03-06,54,4555,3,1071,29,3438,22,46,5,1014,49,1779,27,2793,California
Lassen,2021-03-07,56,4611,1,1072,0,3438,55,101,1,1015,55,1834,56,2849,California
Lassen,2021-03-08,86,4697,2,1074,6,3444,78,179,3,1013,83,1917,81,2930,California
Lassen,2021-03-09,131,4828,7,1081,107,3551,17,196,84,1067,47,1964,101,3031,California
Lassen,2021-03-10,141,4969,8,1089,132,3683,1,197,75,1078,65,2029,76,3107,California
Lassen,2021-03-11,170,5139,10,1099,153,3836,7,204,100,1118,67,2096,107,3214,California
Lassen,2021-03-12,25,5164,11,1110,11,3847,3,207,10,1116,15,2111,13,3227,California
Lassen,2021-03-13,48,5212,0,1110,2,3849,46,253,1,1115,47,2158,46,3273,California
Lassen,2021-03-14,13,5225,1,1111,11,3860,1,254,1,1105,12,2170,2,3275,California
Lassen,2021-03-15,32,5257,3,1114,29,3889,0,254,14,1101,18,2188,14,3289,California
Lassen,2021-03-16,89,5346,2,1116,82,3971,5,259,72,1161,17,2205,77,3366,California
Lassen,2021-03-17,1085,6431,9,1125,1071,5042,5,264,1066,2213,19,2224,1071,4437,California
Lassen,2021-03-18,88,6519,8,1133,79,5121,1,265,77,2280,11,2235,78,4515,California
Lassen,2021-03-19,14,6533,9,1142,2,5123,3,268,5,2279,9,2244,8,4523,California
Lassen,2021-03-20,17,6550,3,1145,12,5135,2,270,11,2286,6,2250,13,4536,California
Lassen,2021-03-21,33,6583,0,1145,33,5168,0,270,13,2280,19,2269,13,4549,California
Lassen,2021-03-22,49,6632,1,1146,48,5216,0,270,46,2323,3,2272,46,4595,California
Lassen,2021-03-23,116,6748,9,1155,106,5322,1,271,63,2334,53,2325,64,4659,California
Lassen,2021-03-24,188,6936,8,1163,179,5501,1,272,98,2345,88,2413,99,4758,California
Lassen,2021-03-25,147,7083,18,1181,129,5630,0,272,67,2332,80,2493,67,4825,California
Lassen,2021-03-26,73,7156,9,1190,26,5656,38,310,15,2327,57,2550,52,4877,California
Lassen,2021-03-27,19,7175,3,1193,1,5657,15,325,2,2327,17,2567,17,4894,California
Lassen,2021-03-28,13,7188,2,1195,2,5659,9,334,1,2325,12,2579,10,4904,California
Lassen,2021-03-29,51,7239,0,1195,26,5685,25,359,20,2340,30,2609,45,4949,California
Lassen,2021-03-30,178,7417,6,1201,147,5832,25,384,51,2289,127,2736,76,5025,California
Lassen,2021-03-31,143,7560,10,1211,111,5943,22,406,59,2287,83,2819,81,5106,California
Lassen,2021-04-01,153,7713,9,1220,124,6067,20,426,44,2243,108,2927,64,5170,California
Lassen,2021-04-02,27,7740,3,1223,2,6069,22,448,1,2240,26,2953,23,5193,California
Lassen,2021-04-03,12,7752,0,1223,2,6071,10,458,0,2238,12,2965,10,5203,California
Lassen,2021-04-04,6,7758,1,1224,0,6071,5,463,1,2239,5,2970,6,5209,California
Lassen,2021-04-05,21,7779,3,1227,11,6082,7,470,10,2245,11,2981,17,5226,California
Lassen,2021-04-06,175,7954,8,1235,137,6219,30,500,51,2202,124,3105,81,5307,California
Lassen,2021-04-07,126,8080,5,1240,87,6306,34,534,32,2176,94,3199,68,5375,California
Lassen,2021-04-08,157,8237,8,1248,97,6403,52,586,28,2131,125,3324,80,5455,California
Lassen,2021-04-09,49,8286,6,1254,9,6412,34,620,8,2132,40,3364,41,5496,California
Lassen,2021-04-10,9,8295,0,1254,2,6414,7,627,0,2131,8,3372,7,5503,California
Lassen,2021-04-11,5,8300,2,1256,0,6414,3,630,2,2133,3,3375,5,5508,California
Lassen,2021-04-12,30,8330,4,1260,13,6427,13,643,4,2124,26,3401,17,5525,California
Lassen,2021-04-13,122,8452,5,1265,117,6544,0,643,33,2069,88,3489,33,5558,California
Lassen,2021-04-14,983,9435,11,1276,972,7516,0,643,48,1183,934,4423,48,5606,California
Lassen,2021-04-15,137,9572,12,1288,125,7641,0,643,14,1074,123,4546,14,5620,California
Lassen,2021-04-16,10,9582,2,1290,8,7649,0,643,6,1076,4,4550,6,5626,California
Lassen,2021-04-17,11,9593,2,1292,9,7658,0,643,3,1071,8,4558,3,5629,California
Lassen,2021-04-18,4,9597,1,1293,3,7661,0,643,1,1069,3,4561,1,5630,California
Lassen,2021-04-19,30,9627,0,1293,30,7691,0,643,14,1067,16,4577,14,5644,California
Lassen,2021-04-20,132,9759,6,1299,126,7817,0,643,48,1031,84,4661,48,5692,California
Lassen,2021-04-21,153,9912,7,1306,146,7963,0,643,32,944,119,4780,32,5724,California
Lassen,2021-04-22,98,10010,14,1320,84,8047,0,643,31,908,67,4847,31,5755,California
Lassen,2021-04-23,22,10032,0,1320,22,8069,0,643,18,922,4,4851,18,5773,California
Lassen,2021-04-24,9,10041,5,1325,4,8073,0,643,3,919,6,4857,3,5776,California
Lassen,2021-04-25,5,10046,0,1325,4,8077,1,644,3,921,2,4859,4,5780,California
Lassen,2021-04-26,40,10086,1,1326,35,8112,4,648,8,901,32,4891,12,5792,California
Lassen,2021-04-27,115,10201,7,1333,105,8217,3,651,61,911,54,4945,64,5856,California
Lassen,2021-04-28,82,10283,6,1339,74,8291,2,653,30,891,52,4997,32,5888,California
Lassen,2021-04-29,61,10344,6,1345,52,8343,3,656,21,876,39,5036,24,5912,California
Lassen,2021-04-30,12,10356,7,1352,2,8345,3,659,3,873,9,5045,6,5918,California
Lassen,2021-05-01,4,10360,0,1352,3,8348,1,660,3,876,1,5046,4,5922,California
Lassen,2021-05-02,10,10370,6,1358,4,8352,0,660,6,878,4,5050,6,5928,California
Lassen,2021-05-03,19,10389,2,1360,10,8362,7,667,3,872,16,5066,10,5938,California
Lassen,2021-05-04,69,10458,4,1364,58,8420,7,674,19,848,50,5116,26,5964,California
Lassen,2021-05-05,80,10538,4,1368,66,8486,10,684,26,831,53,5169,36,6000,California
Lassen,2021-05-06,73,10611,20,1388,32,8518,21,705,19,817,54,5223,40,6040,California
Lassen,2021-05-07,49,10660,33,1421,11,8529,5,710,41,855,8,5231,46,6086,California
Lassen,2021-05-08,11,10671,0,1421,5,8534,6,716,4,858,7,5238,10,6096,California
Lassen,2021-05-09,2,10673,0,1421,0,8534,2,718,0,858,2,5240,2,6098,California
Lassen,2021-05-10,11,10684,1,1422,7,8541,3,721,5,860,6,5246,8,6106,California
Lassen,2021-05-11,60,10744,0,1422,52,8593,8,729,18,844,42,5288,26,6132,California
Lassen,2021-05-12,43,10787,4,1426,32,8625,7,736,13,834,30,5318,20,6152,California
Lassen,2021-05-13,29,10816,9,1435,15,8640,5,741,9,828,20,5338,14,6166,California
Lassen,2021-05-14,22,10838,4,1439,10,8650,8,749,12,838,10,5348,20,6186,California
Lassen,2021-05-15,16,10854,2,1441,4,8654,10,759,4,840,12,5360,14,6200,California
Lassen,2021-05-16,7,10861,2,1443,3,8657,2,761,2,840,4,5364,4,6204,California
Lassen,2021-05-17,35,10896,4,1447,19,8676,12,773,11,839,24,5388,23,6227,California
Lassen,2021-05-18,89,10985,10,1457,67,8743,12,785,27,816,62,5450,39,6266,California
Lassen,2021-05-19,58,11043,3,1460,44,8787,11,796,8,785,49,5499,18,6284,California
Lassen,2021-05-20,33,11076,8,1468,16,8803,9,805,12,785,21,5520,21,6305,California
Lassen,2021-05-21,62,11138,28,1496,20,8823,14,819,33,803,29,5549,47,6352,California
Lassen,2021-05-22,17,11155,2,1498,7,8830,8,827,7,808,10,5559,15,6367,California
Lassen,2021-05-23,5,11160,3,1501,1,8831,1,828,0,804,5,5564,1,6368,California
Lassen,2021-05-24,12,11172,1,1502,9,8840,2,830,6,807,5,5569,8,6376,California
Lassen,2021-05-25,93,11265,6,1508,78,8918,9,839,32,787,61,5630,41,6417,California
Lassen,2021-05-26,59,11324,0,1508,43,8961,16,855,11,766,48,5678,27,6444,California
Lassen,2021-05-27,41,11365,17,1525,18,8979,6,861,12,756,28,5706,18,6462,California
Lassen,2021-05-28,71,11436,45,1570,18,8997,8,869,29,751,42,5748,37,6499,California
Lassen,2021-05-29,15,11451,1,1571,12,9009,2,871,9,756,6,5754,11,6510,California
Lassen,2021-05-30,2,11453,0,1571,1,9010,1,872,1,757,1,5755,2,6512,California
Lassen,2021-05-31,7,11460,0,1571,6,9016,1,873,1,753,6,5761,2,6514,California
Lassen,2021-06-01,43,11503,1,1572,36,9052,6,879,16,748,27,5788,22,6536,California
Lassen,2021-06-02,54,11557,2,1574,37,9089,15,894,13,736,40,5828,28,6564,California
Lassen,2021-06-03,20,11577,3,1577,8,9097,9,903,7,739,13,5841,16,6580,California
Lassen,2021-06-04,39,11616,3,1580,26,9123,10,913,15,740,24,5865,25,6605,California
Lassen,2021-06-05,13,11629,3,1583,7,9130,3,916,4,738,9,5874,7,6612,California
Lassen,2021-06-06,6,11635,1,1584,2,9132,3,919,2,739,4,5878,5,6617,California
Lassen,2021-06-07,16,11651,0,1584,7,9139,9,928,2,736,14,5892,11,6628,California
Lassen,2021-06-08,21,11672,2,1586,19,9158,0,928,8,731,13,5905,8,6636,California
Los Angeles,2020-12-15,397,397,397,397,0,0,0,0,397,397,0,0,397,397,California
Los Angeles,2020-12-16,3582,3979,3582,3979,0,0,0,0,3582,3979,0,0,3582,3979,California
Los Angeles,2020-12-17,10311,14290,10311,14290,0,0,0,0,10312,14291,0,0,10312,14291,California
Los Angeles,2020-12-18,14569,28859,14546,28836,23,23,0,0,14569,28860,0,0,14569,28860,California
Los Angeles,2020-12-19,7236,36095,7227,36063,9,32,0,0,7238,36098,0,0,7238,36098,California
Los Angeles,2020-12-20,4612,40707,4604,40667,8,40,0,0,4614,40712,0,0,4614,40712,California
Los Angeles,2020-12-21,13732,54439,13715,54382,17,57,0,0,13732,54443,1,1,13732,54444,California
Los Angeles,2020-12-22,11561,66000,11168,65550,393,450,0,0,11561,66002,2,3,11561,66005,California
Los Angeles,2020-12-23,11980,77980,10208,75758,1772,2222,0,0,11980,77982,0,3,11980,77985,California
Los Angeles,2020-12-24,7046,85026,4270,80028,2776,4998,0,0,7049,85031,0,3,7049,85034,California
Los Angeles,2020-12-25,529,85555,422,80450,107,5105,0,0,529,85560,0,3,529,85563,California
Los Angeles,2020-12-26,2536,88091,2190,82640,346,5451,0,0,2535,88093,2,5,2535,88098,California
Los Angeles,2020-12-27,1773,89864,1036,83676,737,6188,0,0,1773,89866,0,5,1773,89871,California
Los Angeles,2020-12-28,10332,100196,6403,90079,3929,10117,0,0,10329,100194,1,6,10329,100200,California
Los Angeles,2020-12-29,11643,111839,6101,96180,5542,15659,0,0,11644,111838,0,6,11644,111844,California
Los Angeles,2020-12-30,14902,126741,8108,104288,6794,22453,0,0,14901,126739,0,6,14901,126745,California
Los Angeles,2020-12-31,7967,134708,2763,107051,5204,27657,0,0,7964,134701,2,8,7964,134709,California
Los Angeles,2021-01-01,1060,135768,304,107355,756,28413,0,0,1060,135761,0,8,1060,135769,California
Los Angeles,2021-01-02,4505,140273,1683,109038,2822,31235,0,0,4505,140266,0,8,4505,140274,California
Los Angeles,2021-01-03,959,141232,223,109261,736,31971,0,0,957,141221,2,10,957,141231,California
Los Angeles,2021-01-04,12728,153960,4895,114156,7833,39804,0,0,12714,153933,2,12,12714,153945,California
Los Angeles,2021-01-05,16107,170067,7116,121272,8991,48795,0,0,14191,166243,1887,1899,14197,168142,California
Los Angeles,2021-01-06,22752,192819,12119,133391,10633,59428,0,0,17097,177765,5586,7485,17108,185250,California
Los Angeles,2021-01-07,29446,222265,15843,149234,13603,73031,0,0,18872,186127,10526,18011,18888,204138,California
Los Angeles,2021-01-08,33222,255487,17957,167191,15265,88296,0,0,20937,194817,12258,30269,20948,225086,California
Los Angeles,2021-01-09,12417,267904,7104,174295,5313,93609,0,0,7530,197470,4884,35153,7537,232623,California
Los Angeles,2021-01-10,4704,272608,3648,177943,1056,94665,0,0,1966,196699,2738,37891,1967,234590,California
Los Angeles,2021-01-11,25895,298503,16295,194238,9600,104265,0,0,14926,200677,10958,48849,14936,249526,California
Los Angeles,2021-01-12,29407,327910,16229,210467,13178,117443,0,0,19248,209796,10142,58991,19261,268787,California
Los Angeles,2021-01-13,29359,357269,15668,226135,13691,131134,0,0,20371,221205,8970,67961,20379,289166,California
Los Angeles,2021-01-14,29325,386594,12709,238844,16616,147750,0,0,23783,239478,5522,73483,23795,312961,California
Los Angeles,2021-01-15,33877,420471,12360,251204,21517,169267,0,0,30287,266211,3563,77046,30296,343257,California
Los Angeles,2021-01-16,17633,438104,4975,256179,12658,181925,0,0,15841,280274,1784,78830,15847,359104,California
Los Angeles,2021-01-17,5207,443311,2317,258496,2890,184815,0,0,4960,284990,246,79076,4962,364066,California
Los Angeles,2021-01-18,15675,458986,10126,268622,5549,190364,0,0,10932,291196,4731,83807,10937,375003,California
Los Angeles,2021-01-19,38713,497699,20648,289270,18065,208429,0,0,30890,314317,7782,91589,30903,405906,California
Los Angeles,2021-01-20,46428,544127,24192,313462,22236,230665,0,0,38934,345799,7462,99051,38944,444850,California
Los Angeles,2021-01-21,48964,593091,22411,335873,26553,257218,0,0,44663,386243,4235,103286,44679,489529,California
Los Angeles,2021-01-22,48323,641414,22384,358257,25939,283157,0,0,44882,427744,3394,106680,44895,534424,California
Los Angeles,2021-01-23,34223,675637,15762,374019,18461,301618,0,0,32150,457868,2041,108721,32165,566589,California
Los Angeles,2021-01-24,15756,691393,12228,386247,3528,305146,0,0,15205,472533,543,109264,15208,581797,California
Los Angeles,2021-01-25,39583,730976,16715,402962,22868,328014,0,0,30928,494852,8625,117889,30944,612741,California
Los Angeles,2021-01-26,49809,780785,24720,427682,25089,353103,0,0,41565,528232,8209,126098,41589,654330,California
Los Angeles,2021-01-27,51291,832076,26110,453792,25181,378284,0,0,41860,560834,9290,135388,41892,696222,California
Los Angeles,2021-01-28,49184,881260,23584,477376,25600,403884,0,0,40721,593233,8340,143728,40739,736961,California
Los Angeles,2021-01-29,49907,931167,25798,503174,24109,427993,0,0,39776,623257,9776,153504,39800,776761,California
Los Angeles,2021-01-30,30495,961662,15765,518939,14730,442723,0,0,26179,645206,4235,157739,26184,802945,California
Los Angeles,2021-01-31,13165,974827,10499,529438,2666,445389,0,0,12341,656741,810,158549,12345,815290,California
Los Angeles,2021-02-01,38854,1013681,16653,546091,22201,467590,0,0,28282,674499,10535,169084,28293,843583,California
Los Angeles,2021-02-02,44851,1058532,18093,564184,26758,494348,0,0,32638,694972,12171,181255,32644,876227,California
Los Angeles,2021-02-03,52381,1110913,19687,583871,32694,527042,0,0,37462,717764,14676,195931,37468,913695,California
Los Angeles,2021-02-04,57360,1168273,20809,604680,36551,563593,0,0,39264,739256,17786,213717,39278,952973,California
Los Angeles,2021-02-05,61633,1229906,21261,625941,40372,603965,0,0,39621,757300,21588,235305,39632,992605,California
Los Angeles,2021-02-06,35833,1265739,13570,639511,22263,626228,0,0,27356,776278,8400,243705,27378,1019983,California
Los Angeles,2021-02-07,11065,1276804,8627,648138,2438,628666,0,0,8669,782574,2380,246085,8676,1028659,California
Los Angeles,2021-02-08,47391,1324195,22070,670208,25321,653987,0,0,31118,797556,16138,262223,31120,1059779,California
Los Angeles,2021-02-09,56122,1380317,24855,695063,31267,685254,0,0,28594,798714,27444,289667,28602,1088381,California
Los Angeles,2021-02-10,67125,1447442,29477,724540,37648,722902,0,0,30788,793559,35953,325620,30798,1119179,California
Los Angeles,2021-02-11,58513,1505955,31310,755850,27203,750105,0,0,28302,792105,29760,355380,28306,1147485,California
Los Angeles,2021-02-12,60028,1565983,29951,785801,30077,780182,0,0,26268,785001,33390,388770,26286,1173771,California
Los Angeles,2021-02-13,33933,1599916,19780,805581,14153,794335,0,0,15486,782167,18358,407128,15524,1189295,California
Los Angeles,2021-02-14,21835,1621751,14903,820484,6932,801267,0,0,8777,777953,12994,420122,8780,1198075,California
Los Angeles,2021-02-15,33004,1654755,16061,836545,16943,818210,0,0,18096,781213,14842,434964,18102,1216177,California
Los Angeles,2021-02-16,64534,1719289,32879,869424,31655,849865,0,0,29945,776682,34489,469453,29958,1246135,California
Los Angeles,2021-02-17,65218,1784507,34832,904256,30386,880251,0,0,26550,764766,38472,507925,26556,1272691,California
Los Angeles,2021-02-18,68934,1853441,35104,939360,33830,914081,0,0,28704,753437,40043,547968,28714,1301405,California
Los Angeles,2021-02-19,58684,1912125,36286,975646,22398,936479,0,0,28680,752234,29900,577868,28697,1330102,California
Los Angeles,2021-02-20,33181,1945306,24198,999844,8983,945462,0,0,15910,750932,17221,595089,15919,1346021,California
Los Angeles,2021-02-21,22453,1967759,20780,1020624,1673,947135,0,0,11115,750772,11278,606367,11118,1357139,California
Los Angeles,2021-02-22,34786,2002545,25366,1045990,9420,956555,0,0,17907,751895,16797,623164,17920,1375059,California
Los Angeles,2021-02-23,55156,2057701,23869,1069859,31287,987842,0,0,21637,740147,33396,656560,21648,1396707,California
Los Angeles,2021-02-24,65248,2122949,29091,1098950,36157,1023999,0,0,28127,731351,36942,693502,28146,1424853,California
Los Angeles,2021-02-25,74414,2197363,34112,1133062,40302,1064301,0,0,38311,733738,35937,729439,38324,1463177,California
Los Angeles,2021-02-26,83994,2281357,38937,1171999,45057,1109358,0,0,47075,744155,36687,766126,47104,1510281,California
Los Angeles,2021-02-27,60511,2341868,26684,1198683,33821,1143179,6,6,30863,745568,29479,795605,30892,1541173,California
Los Angeles,2021-02-28,27089,2368957,18714,1217397,8372,1151551,3,9,18934,756464,8047,803652,18943,1560116,California
Los Angeles,2021-03-01,57345,2426302,32685,1250082,24629,1176180,31,40,34313,767983,22843,826495,34362,1594478,California
Los Angeles,2021-03-02,77877,2504179,37875,1287957,39993,1216173,9,49,49026,788325,28705,855200,49047,1643525,California
Los Angeles,2021-03-03,84951,2589130,43383,1331340,41553,1257726,15,64,53675,810943,31097,886297,53715,1697240,California
Los Angeles,2021-03-04,90884,2680014,46727,1378067,44143,1301869,14,78,57334,834948,33362,919659,57367,1754607,California
Los Angeles,2021-03-05,90109,2770123,44507,1422574,45571,1347440,31,109,60339,865784,29570,949229,60406,1815013,California
Los Angeles,2021-03-06,67424,2837547,34365,1456939,31227,1378667,1832,1941,43470,887281,23807,973036,45304,1860317,California
Los Angeles,2021-03-07,27288,2864835,20791,1477730,5664,1384331,833,2774,21110,903070,6147,979183,21936,1882253,California
Los Angeles,2021-03-08,52835,2917670,27921,1505651,22944,1407275,1970,4744,39910,932129,12818,992001,41877,1924130,California
Los Angeles,2021-03-09,81510,2999180,38734,1544385,39489,1446764,3287,8031,51903,957852,29455,1021456,55178,1979308,California
Los Angeles,2021-03-10,83170,3082350,40930,1585315,37352,1484116,4888,12919,52622,984944,30377,1051833,57469,2036777,California
Los Angeles,2021-03-11,92869,3175219,45363,1630678,40812,1524928,6694,19613,54367,1007652,38307,1090140,61015,2097792,California
Los Angeles,2021-03-12,98999,3274218,44573,1675251,40504,1565432,13922,33535,57662,1038049,41130,1131270,71527,2169319,California
Los Angeles,2021-03-13,75785,3350003,35824,1711075,27983,1593415,11978,45513,45277,1064866,30391,1161661,57208,2226527,California
Los Angeles,2021-03-14,39125,3389128,26303,1737378,10273,1603688,2549,48062,24014,1076367,15041,1176702,26542,2253069,California
Los Angeles,2021-03-15,74998,3464126,36577,1773955,32968,1636656,5453,53515,45417,1097821,29389,1206091,50843,2303912,California
Los Angeles,2021-03-16,99985,3564111,43728,1817683,50367,1687023,5890,59405,64736,1133346,35055,1241146,70580,2374492,California
Los Angeles,2021-03-17,97294,3661405,44099,1861782,44872,1731895,8323,67728,65082,1174613,32003,1273149,73270,2447762,California
Los Angeles,2021-03-18,101957,3763362,48750,1910532,47871,1779766,5336,73064,64698,1207664,36964,1310113,70015,2517777,California
Los Angeles,2021-03-19,109250,3872612,56980,1967512,47489,1827255,4781,77845,67326,1238074,41647,1351760,72057,2589834,California
Los Angeles,2021-03-20,76414,3949026,37760,2005272,34069,1861324,4585,82430,51863,1270141,24364,1376124,56431,2646265,California
Los Angeles,2021-03-21,34646,3983672,25759,2031031,7986,1869310,901,83331,22229,1280973,12296,1388420,23128,2669393,California
Los Angeles,2021-03-22,70889,4054561,41622,2072653,27095,1896405,2172,85503,49727,1311970,20898,1409318,51895,2721288,California
Los Angeles,2021-03-23,96445,4151006,52145,2124798,41054,1937459,3246,88749,58370,1335769,37802,1447120,61601,2782889,California
Los Angeles,2021-03-24,105055,4256061,55725,2180523,46162,1983621,3168,91917,60816,1355825,43913,1491033,63969,2846858,California
Los Angeles,2021-03-25,110718,4366779,59291,2239814,47521,2031142,3906,95823,62200,1373696,48214,1539247,66085,2912943,California
Los Angeles,2021-03-26,115356,4482135,63233,2303047,47942,2079084,4181,100004,63611,1390002,51457,1590704,67763,2980706,California
Los Angeles,2021-03-27,83642,4565777,44026,2347073,37481,2116565,2135,102139,42710,1394174,40668,1631372,44840,3025546,California
Los Angeles,2021-03-28,42216,4607993,28632,2375705,12999,2129564,585,102724,20069,1392815,22011,1653383,20652,3046198,California
Los Angeles,2021-03-29,83078,4691071,46713,2422418,34592,2164156,1773,104497,46117,1403948,36749,1690132,47882,3094080,California
Los Angeles,2021-03-30,108979,4800050,51942,2474360,51093,2215249,5944,110441,56936,1414989,51802,1741934,62843,3156923,California
Los Angeles,2021-03-31,122725,4922775,62016,2536376,51875,2267124,8834,119275,68624,1438605,53786,1795720,77402,3234325,California
Los Angeles,2021-04-01,133452,5056227,62364,2598740,55651,2322775,15437,134712,71953,1464761,61159,1856879,87315,3321640,California
Los Angeles,2021-04-02,132380,5188607,58950,2657690,57863,2380638,15567,150279,70427,1489101,61606,1918485,85946,3407586,California
Los Angeles,2021-04-03,98684,5287291,45189,2702879,39844,2420482,13651,163930,48524,1501240,49969,1968454,62108,3469694,California
Los Angeles,2021-04-04,39232,5326523,20531,2723410,12063,2432545,6638,170568,16372,1501432,22777,1991231,22969,3492663,California
Los Angeles,2021-04-05,94016,5420539,44463,2767873,39260,2471805,10293,180861,44589,1507030,49214,2040445,54812,3547475,California
Los Angeles,2021-04-06,121252,5541791,57046,2824919,43855,2515660,20351,201212,55570,1517418,65420,2105865,75808,3623283,California
Los Angeles,2021-04-07,120417,5662208,54517,2879436,44686,2560346,21214,222426,54434,1527235,65717,2171582,75534,3698817,California
Los Angeles,2021-04-08,133130,5795338,58417,2937853,50541,2610887,24172,246598,60145,1538728,72669,2244251,84162,3782979,California
Los Angeles,2021-04-09,131801,5927139,56899,2994752,50877,2661764,24025,270623,56486,1544103,75006,2319257,80381,3863360,California
Los Angeles,2021-04-10,101690,6028829,42968,3037720,34596,2696360,24126,294749,37204,1541068,64238,2383495,61203,3924563,California
Los Angeles,2021-04-11,41886,6070715,22627,3060347,9741,2706101,9518,304267,14293,1537319,27511,2411006,23762,3948325,California
Los Angeles,2021-04-12,79200,6149915,38645,3098992,34153,2740254,6402,310669,32414,1529572,46574,2457580,38827,3987152,California
Los Angeles,2021-04-13,117753,6267668,59148,3158140,58171,2798425,434,311103,62137,1536837,55363,2512943,62628,4049780,California
Los Angeles,2021-04-14,119206,6386874,59406,3217546,59667,2858092,133,311236,64633,1547362,54295,2567238,64820,4114600,California
Los Angeles,2021-04-15,130172,6517046,70222,3287768,59759,2917851,191,311427,74562,1566690,55325,2622563,74653,4189253,California
Los Angeles,2021-04-16,130228,6647274,68621,3356389,61464,2979315,143,311570,68527,1573879,61412,2683975,68601,4257854,California
Los Angeles,2021-04-17,98390,6745664,51424,3407813,46938,3026253,28,311598,56143,1588025,42024,2725999,56170,4314024,California
Los Angeles,2021-04-18,34118,6779782,22609,3430422,11508,3037761,1,311599,18660,1591311,15380,2741379,18666,4332690,California
Los Angeles,2021-04-19,74962,6854744,39714,3470136,35235,3072996,13,311612,33283,1583133,41483,2782862,33305,4365995,California
Los Angeles,2021-04-20,103012,6957756,50110,3520246,52879,3125875,23,311635,51170,1582733,51595,2834457,51195,4417190,California
Los Angeles,2021-04-21,109611,7067367,52419,3572665,57003,3182878,189,311824,48299,1570239,60981,2895438,48487,4465677,California
Los Angeles,2021-04-22,116387,7183754,59639,3632304,56715,3239593,33,311857,51312,1556832,64756,2960194,51349,4517026,California
Los Angeles,2021-04-23,114462,7298216,62466,3694770,51975,3291568,21,311878,54281,1551253,59879,3020073,54300,4571326,California
Los Angeles,2021-04-24,90211,7388427,57393,3752163,32782,3324350,36,311914,50438,1562197,39540,3059613,50484,4621810,California
Los Angeles,2021-04-25,37790,7426217,25027,3777190,12757,3337107,6,311920,20356,1565231,17327,3076940,20361,4642171,California
Los Angeles,2021-04-26,77323,7503540,39961,3817151,36856,3373963,506,312426,38264,1565156,38839,3115779,38764,4680935,California
Los Angeles,2021-04-27,90423,7593963,43311,3860462,45240,3419203,1872,314298,34495,1545862,55649,3171428,36355,4717290,California
Los Angeles,2021-04-28,84961,7678924,40781,3901243,42126,3461329,2054,316352,33131,1529529,51507,3222935,35174,4752464,California
Los Angeles,2021-04-29,91480,7770404,45218,3946461,44092,3505421,2170,318522,32415,1505414,58691,3281626,34576,4787040,California
Los Angeles,2021-04-30,99272,7869676,48983,3995444,47871,3553292,2418,320940,35799,1480571,63042,3344668,38199,4825239,California
Los Angeles,2021-05-01,75299,7944975,42123,4037567,31670,3584962,1506,322446,28341,1463753,46659,3391327,29841,4855080,California
Los Angeles,2021-05-02,27970,7972945,17953,4055520,9283,3594245,734,323180,10124,1456874,17733,3409060,10854,4865934,California
Los Angeles,2021-05-03,60856,8033801,29699,4085219,28988,3623233,2169,325349,21546,1441515,39060,3448120,23701,4889635,California
Los Angeles,2021-05-04,85629,8119430,47122,4132341,36263,3659496,2244,327593,26347,1411114,58974,3507094,28573,4918208,California
Los Angeles,2021-05-05,88569,8207999,51396,4183737,34831,3694327,2342,329935,24335,1373871,63907,3571001,26664,4944872,California
Los Angeles,2021-05-06,96329,8304328,57847,4241584,35974,3730301,2508,332443,23010,1326430,72941,3643942,25500,4970372,California
Los Angeles,2021-05-07,95599,8399927,56823,4298407,36434,3766735,2342,334785,26118,1285728,69135,3713077,28433,4998805,California
Los Angeles,2021-05-08,63718,8463645,42065,4340472,20037,3786772,1616,336401,17374,1258667,46039,3759116,18978,5017783,California
Los Angeles,2021-05-09,23712,8487357,18035,4358507,4937,3791709,740,337141,6046,1247876,17571,3776687,6780,5024563,California
Los Angeles,2021-05-10,48494,8535851,25485,4383992,21155,3812864,1854,338995,14602,1230650,33671,3810358,16445,5041008,California
Los Angeles,2021-05-11,67137,8602988,35994,4419986,29137,3842001,2006,341001,17223,1200193,49664,3860022,19207,5060215,California
Los Angeles,2021-05-12,69721,8672709,37824,4457810,29661,3871662,2236,343237,20123,1173234,49299,3909321,22340,5082555,California
Los Angeles,2021-05-13,70760,8743469,42914,4500724,26212,3897874,1634,344871,25067,1154589,45330,3954651,26685,5109240,California
Los Angeles,2021-05-14,86840,8830309,55059,4555783,29965,3927839,1816,346687,32776,1135429,53741,4008392,34581,5143821,California
Los Angeles,2021-05-15,73782,8904091,52146,4607929,20142,3947981,1494,348181,28377,1120151,45138,4053530,29860,5173681,California
Los Angeles,2021-05-16,30458,8934549,24084,4632013,5770,3953751,604,348785,12012,1114412,18352,4071882,12613,5186294,California
Los Angeles,2021-05-17,61204,8995753,39894,4671907,19577,3973328,1733,350518,25190,1105531,35783,4107665,26902,5213196,California
Los Angeles,2021-05-18,63924,9059677,38139,4710046,24000,3997328,1785,352303,26224,1096105,37436,4145101,28010,5241206,California
Los Angeles,2021-05-19,66902,9126579,40342,4750388,24737,4022065,1823,354126,29309,1089889,37333,4182434,31117,5272323,California
Los Angeles,2021-05-20,53275,9179854,29964,4780352,21472,4043537,1839,355965,20966,1080679,32012,4214446,22802,5295125,California
Los Angeles,2021-05-21,56427,9236281,34793,4815145,19759,4063296,1875,357840,23284,1072977,32855,4247301,25153,5320278,California
Los Angeles,2021-05-22,46401,9282682,31058,4846203,13867,4077163,1476,359316,19855,1067928,26369,4273670,21320,5341598,California
Los Angeles,2021-05-23,15881,9298563,12096,4858299,3098,4080261,687,360003,8066,1068939,7738,4281408,8749,5350347,California
Los Angeles,2021-05-24,47909,9346472,26354,4884653,19718,4099979,1837,361840,18185,1059441,29510,4310918,20012,5370359,California
Los Angeles,2021-05-25,49343,9395815,28609,4913262,18980,4118959,1754,363594,19509,1051099,29597,4340515,21255,5391614,California
Los Angeles,2021-05-26,46569,9442384,26353,4939615,18406,4137365,1810,365404,19947,1046529,26208,4366723,21638,5413252,California
Los Angeles,2021-05-27,44972,9487356,25089,4964704,18012,4155377,1871,367275,18971,1041557,25767,4392490,20795,5434047,California
Los Angeles,2021-05-28,51456,9538812,29215,4993919,20388,4175765,1853,369128,23143,1038500,28039,4420529,24982,5459029,California
Los Angeles,2021-05-29,30144,9568956,17444,5011363,11675,4187440,1025,370153,14238,1038031,15721,4436250,15252,5474281,California
Los Angeles,2021-05-30,12441,9581397,8180,5019543,3536,4190976,725,370878,5936,1038231,6455,4442705,6655,5480936,California
Los Angeles,2021-05-31,5992,9587389,3712,5023255,1975,4192951,305,371183,1727,1036048,4212,4446917,2029,5482965,California
Los Angeles,2021-06-01,45689,9633078,25620,5048875,18515,4211466,1554,372737,18026,1028273,27333,4474250,19558,5502523,California
Los Angeles,2021-06-02,38039,9671117,22069,5070944,14533,4225999,1437,374174,15492,1022913,22265,4496515,16905,5519428,California
Los Angeles,2021-06-03,42121,9713238,27828,5098772,12731,4238730,1562,375736,16295,1015174,25561,4522076,17822,5537250,California
Los Angeles,2021-06-04,51019,9764257,34495,5133267,14896,4253626,1628,377364,17362,1000804,33337,4555413,18967,5556217,California
Los Angeles,2021-06-05,41712,9805969,30067,5163334,10297,4263923,1348,378712,12895,986389,28640,4584053,14225,5570442,California
Los Angeles,2021-06-06,14475,9820444,11963,5175297,1804,4265727,708,379420,4053,980792,10352,4594405,4755,5575197,California
Los Angeles,2021-06-07,35372,9855816,25532,5200829,8497,4274224,1343,380763,11500,969917,23699,4618104,12824,5588021,California
Los Angeles,2021-06-08,17433,9873249,12904,5213733,3825,4278049,704,381467,5875,965098,11387,4629491,6568,5594589,California
Madera,2020-12-16,21,21,21,21,0,0,0,0,21,21,0,0,21,21,California
Madera,2020-12-17,13,34,13,34,0,0,0,0,13,34,0,0,13,34,California
Madera,2020-12-18,60,94,60,94,0,0,0,0,60,94,0,0,60,94,California
Madera,2020-12-19,5,99,5,99,0,0,0,0,5,99,0,0,5,99,California
Madera,2020-12-20,14,113,14,113,0,0,0,0,14,113,0,0,14,113,California
Madera,2020-12-21,60,173,60,173,0,0,0,0,60,173,0,0,60,173,California
Madera,2020-12-22,95,268,93,266,2,2,0,0,95,268,0,0,95,268,California
Madera,2020-12-23,68,336,68,334,0,2,0,0,68,336,0,0,68,336,California
Madera,2020-12-24,43,379,38,372,5,7,0,0,43,379,0,0,43,379,California
Madera,2020-12-26,27,406,26,398,1,8,0,0,27,406,0,0,27,406,California
Madera,2020-12-27,29,435,12,410,17,25,0,0,29,435,0,0,29,435,California
Madera,2020-12-28,107,542,36,446,71,96,0,0,107,542,0,0,107,542,California
Madera,2020-12-29,173,715,37,483,136,232,0,0,173,715,0,0,173,715,California
Madera,2020-12-30,223,938,87,570,136,368,0,0,223,938,0,0,223,938,California
Madera,2020-12-31,201,1139,80,650,121,489,0,0,201,1139,0,0,201,1139,California
Madera,2021-01-01,1,1140,1,651,0,489,0,0,1,1140,0,0,1,1140,California
Madera,2021-01-02,88,1228,33,684,55,544,0,0,88,1228,0,0,88,1228,California
Madera,2021-01-03,4,1232,4,688,0,544,0,0,4,1232,0,0,4,1232,California
Madera,2021-01-04,129,1361,65,753,64,608,0,0,129,1361,0,0,129,1361,California
Madera,2021-01-05,280,1641,143,896,137,745,0,0,276,1633,4,4,276,1637,California
Madera,2021-01-06,183,1824,26,922,157,902,0,0,164,1778,19,23,164,1801,California
Madera,2021-01-07,399,2223,116,1038,283,1185,0,0,376,2132,23,46,377,2178,California
Madera,2021-01-08,421,2644,72,1110,349,1534,0,0,366,2445,54,100,367,2545,California
Madera,2021-01-09,36,2680,14,1124,22,1556,0,0,27,2463,9,109,27,2572,California
Madera,2021-01-10,17,2697,14,1138,3,1559,0,0,5,2456,12,121,5,2577,California
Madera,2021-01-11,240,2937,192,1330,48,1607,0,0,199,2614,41,162,199,2776,California
Madera,2021-01-12,390,3327,159,1489,231,1838,0,0,285,2794,105,267,285,3061,California
Madera,2021-01-13,182,3509,90,1579,92,1930,0,0,127,2867,55,322,128,3189,California
Madera,2021-01-14,553,4062,80,1659,473,2403,0,0,521,3356,32,354,521,3710,California
Madera,2021-01-15,597,4659,158,1817,439,2842,0,0,576,3911,21,375,576,4286,California
Madera,2021-01-16,384,5043,48,1865,336,3178,0,0,356,4239,28,403,356,4642,California
Madera,2021-01-17,337,5380,15,1880,322,3500,0,0,333,4568,4,407,333,4975,California
Madera,2021-01-18,78,5458,62,1942,16,3516,0,0,59,4609,18,425,59,5034,California
Madera,2021-01-19,573,6031,136,2078,437,3953,0,0,546,5129,27,452,547,5581,California
Madera,2021-01-20,236,6267,80,2158,156,4109,0,0,208,5310,27,479,208,5789,California
Madera,2021-01-21,237,6504,128,2286,109,4218,0,0,203,5481,32,511,203,5992,California
Madera,2021-01-22,256,6760,81,2367,175,4393,0,0,241,5707,15,526,241,6233,California
Madera,2021-01-23,101,6861,53,2420,48,4441,0,0,77,5760,24,550,77,6310,California
Madera,2021-01-24,99,6960,81,2501,18,4459,0,0,78,5817,21,571,78,6388,California
Madera,2021-01-25,269,7229,126,2627,143,4602,0,0,147,5842,122,693,147,6535,California
Madera,2021-01-26,490,7719,189,2816,301,4903,0,0,299,5952,190,883,300,6835,California
Madera,2021-01-27,741,8460,63,2879,678,5581,0,0,604,6421,137,1020,606,7441,California
Madera,2021-01-28,547,9007,108,2987,439,6020,0,0,442,6759,105,1125,443,7884,California
Madera,2021-01-29,467,9474,94,3081,373,6393,0,0,412,7116,55,1180,412,8296,California
Madera,2021-01-30,504,9978,16,3097,488,6881,0,0,451,7514,53,1233,451,8747,California
Madera,2021-01-31,9,9987,6,3103,3,6884,0,0,8,7521,1,1234,8,8755,California
Madera,2021-02-01,332,10319,147,3250,185,7069,0,0,206,7601,126,1360,206,8961,California
Madera,2021-02-02,257,10576,89,3339,168,7237,0,0,162,7670,94,1454,163,9124,California
Madera,2021-02-03,597,11173,462,3801,135,7372,0,0,477,8030,118,1572,478,9602,California
Madera,2021-02-04,393,11566,126,3927,267,7639,0,0,115,7869,277,1849,116,9718,California
Madera,2021-02-05,976,12542,298,4225,678,8317,0,0,371,7642,599,2448,372,10090,California
Madera,2021-02-06,363,12905,329,4554,34,8351,0,0,323,7926,39,2487,323,10413,California
Madera,2021-02-07,34,12939,6,4560,28,8379,0,0,29,7950,5,2492,29,10442,California
Madera,2021-02-08,387,13326,311,4871,76,8455,0,0,270,8104,116,2608,270,10712,California
Madera,2021-02-09,480,13806,118,4989,362,8817,0,0,198,8024,279,2887,199,10911,California
Madera,2021-02-10,436,14242,148,5137,288,9105,0,0,332,8252,104,2991,332,11243,California
Madera,2021-02-11,937,15179,308,5445,629,9734,0,0,406,8129,530,3521,407,11650,California
Madera,2021-02-12,839,16018,117,5562,722,10456,0,0,311,7921,522,4043,314,11964,California
Madera,2021-02-13,485,16503,44,5606,441,10897,0,0,137,7714,347,4390,140,12104,California
Madera,2021-02-14,400,16903,74,5680,326,11223,0,0,135,7585,265,4655,136,12240,California
Madera,2021-02-15,246,17149,100,5780,146,11369,0,0,175,7690,70,4725,175,12415,California
Madera,2021-02-16,780,17929,182,5962,598,11967,0,0,231,7375,547,5272,232,12647,California
Madera,2021-02-17,613,18542,276,6238,337,12304,0,0,341,7453,265,5537,343,12990,California
Madera,2021-02-18,1301,19843,537,6775,764,13068,0,0,1122,8398,178,5715,1123,14113,California
Madera,2021-02-19,859,20702,542,7317,317,13385,0,0,717,8974,142,5857,718,14831,California
Madera,2021-02-20,1076,21778,985,8302,91,13476,0,0,1003,9906,72,5929,1004,15835,California
Madera,2021-02-21,962,22740,819,9121,143,13619,0,0,957,10858,5,5934,957,16792,California
Madera,2021-02-22,915,23655,837,9958,78,13697,0,0,858,11659,57,5991,858,17650,California
Madera,2021-02-23,773,24428,500,10458,273,13970,0,0,545,11979,225,6216,545,18195,California
Madera,2021-02-24,915,25343,302,10760,613,14583,0,0,383,11831,531,6747,383,18578,California
Madera,2021-02-25,1035,26378,317,11077,718,15301,0,0,599,11996,434,7181,599,19177,California
Madera,2021-02-26,1082,27460,198,11275,884,16185,0,0,701,12318,379,7560,701,19878,California
Madera,2021-02-27,900,28360,265,11540,635,16820,0,0,474,12372,423,7983,477,20355,California
Madera,2021-02-28,194,28554,29,11569,165,16985,0,0,189,12556,5,7988,189,20544,California
Madera,2021-03-01,380,28934,121,11690,259,17244,0,0,197,12572,181,8169,197,20741,California
Madera,2021-03-02,752,29686,349,12039,403,17647,0,0,638,13099,113,8282,640,21381,California
Madera,2021-03-03,1352,31038,724,12763,628,18275,0,0,945,13666,404,8686,971,22352,California
Madera,2021-03-04,1206,32244,529,13292,677,18952,0,0,953,14368,254,8940,956,23308,California
Madera,2021-03-05,1366,33610,421,13713,932,19884,13,13,1086,15200,278,9218,1110,24418,California
Madera,2021-03-06,823,34433,640,14353,151,20035,32,45,503,15417,319,9537,536,24954,California
Madera,2021-03-07,154,34587,27,14380,105,20140,22,67,105,15495,49,9586,127,25081,California
Madera,2021-03-08,605,35192,337,14717,209,20349,59,126,310,15571,295,9881,371,25452,California
Madera,2021-03-09,600,35792,296,15013,270,20619,34,160,410,15835,188,10069,452,25904,California
Madera,2021-03-10,1193,36985,560,15573,554,21173,79,239,758,16243,430,10499,838,26742,California
Madera,2021-03-11,1686,38671,866,16439,491,21664,329,568,771,16441,913,11412,1111,27853,California
Madera,2021-03-12,1577,40248,814,17253,609,22273,154,722,798,16645,777,12189,981,28834,California
Madera,2021-03-13,1884,42132,1330,18583,358,22631,196,918,816,16608,1065,13254,1028,29862,California
Madera,2021-03-14,587,42719,450,19033,104,22735,33,951,295,16647,289,13543,328,30190,California
Madera,2021-03-15,743,43462,228,19261,469,23204,46,997,517,17015,223,13766,591,30781,California
Madera,2021-03-16,933,44395,527,19788,359,23563,47,1044,742,17633,188,13954,806,31587,California
Madera,2021-03-17,1468,45863,982,20770,423,23986,63,1107,912,18149,547,14501,1063,32650,California
Madera,2021-03-18,1956,47819,683,21453,1207,25193,66,1173,977,18301,974,15475,1126,33776,California
Madera,2021-03-19,1587,49406,588,22041,919,26112,80,1253,1046,18957,537,16012,1193,34969,California
Madera,2021-03-20,1189,50595,777,22818,359,26471,53,1306,622,19114,565,16577,722,35691,California
Madera,2021-03-21,1105,51700,903,23721,157,26628,45,1351,383,18824,719,17296,429,36120,California
Madera,2021-03-22,1364,53064,857,24578,441,27069,66,1417,691,18953,670,17966,799,36919,California
Madera,2021-03-23,1419,54483,864,25442,467,27536,88,1505,677,19061,740,18706,848,37767,California
Madera,2021-03-24,955,55438,514,25956,409,27945,32,1537,618,19381,334,19040,654,38421,California
Madera,2021-03-25,1173,56611,532,26488,617,28562,24,1561,647,19549,516,19556,684,39105,California
Madera,2021-03-26,1514,58125,578,27066,802,29364,134,1695,712,19600,798,20354,849,39954,California
Madera,2021-03-27,926,59051,602,27668,301,29665,23,1718,415,19532,507,20861,439,40393,California
Madera,2021-03-28,440,59491,151,27819,228,29893,61,1779,245,19698,194,21055,360,40753,California
Madera,2021-03-29,695,60186,183,28002,482,30375,30,1809,499,20039,192,21247,533,41286,California
Madera,2021-03-30,1075,61261,605,28607,439,30814,31,1840,481,19961,591,21838,513,41799,California
Madera,2021-03-31,1390,62651,545,29152,716,31530,129,1969,429,19566,955,22793,560,42359,California
Madera,2021-04-01,1379,64030,621,29773,707,32237,51,2020,483,19212,887,23680,533,42892,California
Madera,2021-04-02,1608,65638,459,30232,1090,33327,59,2079,479,18633,1118,24798,539,43431,California
Madera,2021-04-03,960,66598,762,30994,179,33506,19,2098,393,18490,565,25363,422,43853,California
Madera,2021-04-04,187,66785,65,31059,120,33626,2,2100,87,18479,100,25463,89,43942,California
Madera,2021-04-05,741,67526,257,31316,425,34051,59,2159,342,18496,398,25861,415,44357,California
Madera,2021-04-06,1713,69239,892,32208,467,34518,354,2513,536,18211,1175,27036,890,45247,California
Madera,2021-04-07,1224,70463,379,32587,697,35215,148,2661,425,17994,796,27832,579,45826,California
Madera,2021-04-08,1732,72195,669,33256,802,36017,261,2922,560,17656,1165,28997,827,46653,California
Madera,2021-04-09,1639,73834,689,33945,801,36818,149,3071,945,18066,689,29686,1099,47752,California
Madera,2021-04-10,977,74811,684,34629,225,37043,68,3139,711,18581,267,29953,782,48534,California
Madera,2021-04-11,812,75623,657,35286,76,37119,79,3218,289,18427,520,30473,366,48900,California
Madera,2021-04-12,779,76402,269,35555,435,37554,75,3293,300,18324,479,30952,376,49276,California
Madera,2021-04-13,1238,77640,609,36164,587,38141,42,3335,719,18577,517,31469,770,50046,California
Madera,2021-04-14,1387,79027,857,37021,530,38671,0,3335,570,18336,817,32286,576,50622,California
Madera,2021-04-15,1167,80194,503,37524,663,39334,1,3336,422,18032,733,33019,429,51051,California
Madera,2021-04-16,1312,81506,532,38056,780,40114,0,3336,361,17455,939,33958,362,51413,California
Madera,2021-04-17,1277,82783,1073,39129,204,40318,0,3336,760,17700,515,34473,760,52173,California
Madera,2021-04-18,245,83028,206,39335,39,40357,0,3336,87,17631,156,34629,87,52260,California
Madera,2021-04-19,808,83836,239,39574,568,40925,1,3337,278,17385,524,35153,278,52538,California
Madera,2021-04-20,871,84707,426,40000,445,41370,0,3337,216,16951,652,35805,218,52756,California
Madera,2021-04-21,859,85566,454,40454,405,41775,0,3337,290,16674,569,36374,292,53048,California
Madera,2021-04-22,1074,86640,511,40965,563,42338,0,3337,372,16349,698,37072,373,53421,California
Madera,2021-04-23,963,87603,307,41272,656,42994,0,3337,334,16059,624,37696,334,53755,California
Madera,2021-04-24,707,88310,466,41738,241,43235,0,3337,248,15853,455,38151,249,54004,California
Madera,2021-04-25,267,88577,160,41898,104,43339,3,3340,118,15830,145,38296,122,54126,California
Madera,2021-04-26,560,89137,101,41999,453,43792,6,3346,131,15541,426,38722,137,54263,California
Madera,2021-04-27,612,89749,275,42274,313,44105,24,3370,310,15575,301,39023,335,54598,California
Madera,2021-04-28,498,90247,197,42471,282,44387,19,3389,243,15583,253,39276,261,54859,California
Madera,2021-04-29,550,90797,244,42715,278,44665,28,3417,258,15584,285,39561,286,55145,California
Madera,2021-04-30,933,91730,505,43220,412,45077,16,3433,264,15201,663,40224,280,55425,California
Madera,2021-05-01,962,92692,868,44088,81,45158,13,3446,386,15025,575,40799,399,55824,California
Madera,2021-05-02,398,93090,351,44439,43,45201,4,3450,145,14921,253,41052,149,55973,California
Madera,2021-05-03,498,93588,197,44636,261,45462,40,3490,100,14666,395,41447,140,56113,California
Madera,2021-05-04,902,94490,433,45069,425,45887,44,3534,213,14234,689,42136,257,56370,California
Madera,2021-05-05,1011,95501,477,45546,473,46360,61,3595,280,13847,728,42864,341,56711,California
Madera,2021-05-06,697,96198,247,45793,419,46779,31,3626,153,13492,539,43403,184,56895,California
Madera,2021-05-07,806,97004,277,46070,508,47287,21,3647,195,13102,605,44008,215,57110,California
Madera,2021-05-08,969,97973,757,46827,201,47488,11,3658,185,12515,783,44791,196,57306,California
Madera,2021-05-09,146,98119,20,46847,115,47603,11,3669,35,12452,109,44900,46,57352,California
Madera,2021-05-10,359,98478,73,46920,274,47877,12,3681,99,12304,259,45159,111,57463,California
Madera,2021-05-11,527,99005,177,47097,342,48219,8,3689,172,12131,353,45512,180,57643,California
Madera,2021-05-12,504,99509,229,47326,239,48458,36,3725,126,11917,376,45888,162,57805,California
Madera,2021-05-13,492,100001,300,47626,159,48617,33,3758,167,11794,323,46211,200,58005,California
Madera,2021-05-14,527,100528,265,47891,238,48855,24,3782,234,11762,290,46501,258,58263,California
Madera,2021-05-15,561,101089,476,48367,77,48932,8,3790,363,11937,196,46697,371,58634,California
Madera,2021-05-16,255,101344,186,48553,37,48969,32,3822,104,11922,151,46848,136,58770,California
Madera,2021-05-17,453,101797,188,48741,236,49205,29,3851,207,11915,243,47091,236,59006,California
Madera,2021-05-18,546,102343,365,49106,158,49363,23,3874,288,11972,254,47345,311,59317,California
Madera,2021-05-19,486,102829,225,49331,239,49602,22,3896,215,11939,270,47615,237,59554,California
Madera,2021-05-20,542,103371,243,49574,261,49863,38,3934,202,11845,334,47949,240,59794,California
Madera,2021-05-21,463,103834,172,49746,264,50127,27,3961,169,11753,288,48237,196,59990,California
Madera,2021-05-22,887,104721,803,50549,72,50199,12,3973,523,11925,363,48600,535,60525,California
Madera,2021-05-23,255,104976,233,50782,12,50211,10,3983,135,11951,119,48719,145,60670,California
Madera,2021-05-24,299,105275,135,50917,123,50334,41,4024,116,11926,182,48901,157,60827,California
Madera,2021-05-25,380,105655,167,51084,180,50514,33,4057,154,11889,224,49125,187,61014,California
Madera,2021-05-26,442,106097,257,51341,163,50677,22,4079,237,11945,203,49328,259,61273,California
Madera,2021-05-27,375,106472,136,51477,201,50878,38,4117,133,11878,238,49566,171,61444,California
Madera,2021-05-28,448,106920,174,51651,246,51124,28,4145,180,11820,266,49832,208,61652,California
Madera,2021-05-29,306,107226,215,51866,73,51197,18,4163,168,11868,138,49970,186,61838,California
Madera,2021-05-30,62,107288,27,51893,31,51228,4,4167,29,11869,32,50002,33,61871,California
Madera,2021-05-31,26,107314,9,51902,13,51241,4,4171,12,11871,14,50016,16,61887,California
Madera,2021-06-01,287,107601,144,52046,120,51361,23,4194,108,11824,178,50194,131,62018,California
Madera,2021-06-02,382,107983,126,52172,233,51594,23,4217,117,11700,264,50458,140,62158,California
Madera,2021-06-03,275,108258,150,52322,111,51705,14,4231,92,11623,183,50641,106,62264,California
Madera,2021-06-04,351,108609,214,52536,125,51830,12,4243,123,11530,228,50869,135,62399,California
Madera,2021-06-05,509,109118,381,52917,115,51945,13,4256,146,11331,358,51227,159,62558,California
Madera,2021-06-06,136,109254,114,53031,14,51959,8,4264,39,11281,97,51324,47,62605,California
Madera,2021-06-07,231,109485,146,53177,66,52025,19,4283,37,11143,194,51518,56,62661,California
Madera,2021-06-08,212,109697,158,53335,36,52061,18,4301,51,11051,161,51679,69,62730,California
Marin,2020-12-15,2,2,2,2,0,0,0,0,2,2,0,0,2,2,California
Marin,2020-12-16,109,111,109,111,0,0,0,0,109,111,0,0,109,111,California
Marin,2020-12-17,272,383,272,383,0,0,0,0,272,383,0,0,272,383,California
Marin,2020-12-18,386,769,386,769,0,0,0,0,386,769,0,0,386,769,California
Marin,2020-12-19,348,1117,347,1116,1,1,0,0,348,1117,0,0,348,1117,California
Marin,2020-12-20,165,1282,164,1280,1,2,0,0,165,1282,0,0,165,1282,California
Marin,2020-12-21,238,1520,235,1515,3,5,0,0,238,1520,0,0,238,1520,California
Marin,2020-12-22,521,2041,317,1832,204,209,0,0,521,2041,0,0,521,2041,California
Marin,2020-12-23,735,2776,323,2155,412,621,0,0,735,2776,0,0,735,2776,California
Marin,2020-12-24,357,3133,159,2314,198,819,0,0,357,3133,0,0,357,3133,California
Marin,2020-12-25,26,3159,0,2314,26,845,0,0,26,3159,0,0,26,3159,California
Marin,2020-12-26,143,3302,94,2408,49,894,0,0,143,3302,0,0,143,3302,California
Marin,2020-12-27,90,3392,54,2462,36,930,0,0,90,3392,0,0,90,3392,California
Marin,2020-12-28,408,3800,99,2561,309,1239,0,0,408,3800,0,0,408,3800,California
Marin,2020-12-29,403,4203,87,2648,316,1555,0,0,403,4203,0,0,403,4203,California
Marin,2020-12-30,628,4831,388,3036,240,1795,0,0,628,4831,0,0,628,4831,California
Marin,2020-12-31,199,5030,34,3070,165,1960,0,0,199,5030,0,0,199,5030,California
Marin,2021-01-01,24,5054,12,3082,12,1972,0,0,24,5054,0,0,24,5054,California
Marin,2021-01-02,113,5167,107,3189,6,1978,0,0,113,5167,0,0,113,5167,California
Marin,2021-01-03,49,5216,31,3220,18,1996,0,0,45,5212,0,0,45,5212,California
Marin,2021-01-04,295,5511,192,3412,103,2099,0,0,294,5505,1,1,294,5506,California
Marin,2021-01-05,366,5877,219,3631,147,2246,0,0,323,5785,43,44,323,5829,California
Marin,2021-01-06,814,6691,316,3947,498,2744,0,0,634,6239,180,224,634,6463,California
Marin,2021-01-07,885,7576,499,4446,386,3130,0,0,528,6410,357,581,528,6991,California
Marin,2021-01-08,966,8542,510,4956,456,3586,0,0,583,6611,382,963,583,7574,California
Marin,2021-01-09,622,9164,223,5179,399,3985,0,0,490,6969,132,1095,490,8064,California
Marin,2021-01-10,129,9293,100,5279,29,4014,0,0,55,6950,74,1169,55,8119,California
Marin,2021-01-11,467,9760,325,5604,142,4156,0,0,246,6978,221,1390,249,8368,California
Marin,2021-01-12,939,10699,544,6148,395,4551,0,0,569,7180,367,1757,569,8937,California
Marin,2021-01-13,1177,11876,496,6644,681,5232,0,0,940,7883,237,1994,940,9877,California
Marin,2021-01-14,1068,12944,316,6960,752,5984,0,0,917,8651,149,2143,917,10794,California
Marin,2021-01-15,1153,14097,350,7310,803,6787,0,0,1023,9547,129,2272,1025,11819,California
Marin,2021-01-16,1122,15219,915,8225,207,6994,0,0,1047,10519,75,2347,1047,12866,California
Marin,2021-01-17,1231,16450,1112,9337,119,7113,0,0,1202,11696,28,2375,1205,14071,California
Marin,2021-01-18,362,16812,160,9497,202,7315,0,0,311,11956,51,2426,311,14382,California
Marin,2021-01-19,1151,17963,910,10407,241,7556,0,0,981,12768,169,2595,981,15363,California
Marin,2021-01-20,1792,19755,1208,11615,584,8140,0,0,1063,13114,718,3313,1064,16427,California
Marin,2021-01-21,1679,21434,1062,12677,617,8757,0,0,1325,14090,351,3664,1327,17754,California
Marin,2021-01-22,1708,23142,1093,13770,615,9372,0,0,1536,15455,172,3836,1537,19291,California
Marin,2021-01-23,1844,24986,1344,15114,500,9872,0,0,1757,17125,87,3923,1757,21048,California
Marin,2021-01-24,615,25601,166,15280,449,10321,0,0,583,17676,32,3955,583,21631,California
Marin,2021-01-25,1126,26727,231,15511,895,11216,0,0,690,17931,436,4391,691,22322,California
Marin,2021-01-26,1522,28249,784,16295,738,11954,0,0,1138,18686,383,4774,1138,23460,California
Marin,2021-01-27,1728,29977,888,17183,840,12794,0,0,1362,19686,364,5138,1364,24824,California
Marin,2021-01-28,2083,32060,1069,18252,1014,13808,0,0,1820,21245,262,5400,1821,26645,California
Marin,2021-01-29,2204,34264,1436,19688,768,14576,0,0,2007,23068,185,5585,2008,28653,California
Marin,2021-01-30,1724,35988,909,20597,815,15391,0,0,1645,24635,79,5664,1646,30299,California
Marin,2021-01-31,459,36447,322,20919,137,15528,0,0,433,25042,26,5690,433,30732,California
Marin,2021-02-01,1094,37541,416,21335,678,16206,0,0,894,25738,199,5889,895,31627,California
Marin,2021-02-02,1414,38955,494,21829,920,17126,0,0,752,25839,651,6540,752,32379,California
Marin,2021-02-03,1780,40735,424,22253,1356,18482,0,0,1278,26616,501,7041,1278,33657,California
Marin,2021-02-04,1523,42258,500,22753,1023,19505,0,0,928,26952,592,7633,928,34585,California
Marin,2021-02-05,2166,44424,675,23428,1491,20996,0,0,1331,27452,831,8464,1331,35916,California
Marin,2021-02-06,1427,45851,848,24276,579,21575,0,0,603,27232,823,9287,603,36519,California
Marin,2021-02-07,1289,47140,1006,25282,283,21858,0,0,489,26922,799,10086,489,37008,California
Marin,2021-02-08,1533,48673,756,26038,777,22635,0,0,732,26855,799,10885,732,37740,California
Marin,2021-02-09,1783,50456,1124,27162,659,23294,0,0,836,26744,947,11832,836,38576,California
Marin,2021-02-10,2336,52792,1487,28649,849,24143,0,0,1214,26839,1120,12952,1215,39791,California
Marin,2021-02-11,2871,55663,1643,30292,1228,25371,0,0,1447,26870,1419,14371,1450,41241,California
Marin,2021-02-12,3057,58720,1536,31828,1521,26892,0,0,1555,26927,1499,15870,1556,42797,California
Marin,2021-02-13,2333,61053,1242,33070,1091,27983,0,0,1127,26850,1204,17074,1127,43924,California
Marin,2021-02-14,813,61866,301,33371,512,28495,0,0,719,27476,94,17168,720,44644,California
Marin,2021-02-15,1218,63084,355,33726,863,29358,0,0,839,27938,378,17546,840,45484,California
Marin,2021-02-16,2469,65553,1054,34780,1415,30773,0,0,1503,28476,965,18511,1503,46987,California
Marin,2021-02-17,2100,67653,942,35722,1158,31931,0,0,1084,28547,1014,19525,1085,48072,California
Marin,2021-02-18,2416,70069,1585,37307,831,32762,0,0,1058,28249,1356,20881,1058,49130,California
Marin,2021-02-19,2781,72850,2170,39477,611,33373,0,0,1234,27950,1534,22415,1235,50365,California
Marin,2021-02-20,2622,75472,2154,41631,468,33841,0,0,1254,27845,1360,23775,1255,51620,California
Marin,2021-02-21,1329,76801,1128,42759,201,34042,0,0,944,28408,381,24156,944,52564,California
Marin,2021-02-22,1858,78659,1425,44184,433,34475,0,0,1231,29014,625,24781,1231,53795,California
Marin,2021-02-23,2909,81568,1677,45861,1232,35707,0,0,1951,30021,945,25726,1952,55747,California
Marin,2021-02-24,3537,85105,1633,47494,1904,37611,0,0,2260,31013,1269,26995,2261,58008,California
Marin,2021-02-25,4091,89196,1929,49423,2162,39773,0,0,2892,32717,1190,28185,2894,60902,California
Marin,2021-02-26,3675,92871,2004,51427,1671,41444,0,0,2649,34353,1014,29199,2650,63552,California
Marin,2021-02-27,2743,95614,1614,53041,1129,42573,0,0,1900,35415,840,30039,1902,65454,California
Marin,2021-02-28,1644,97258,924,53965,720,43293,0,0,1298,36370,343,30382,1298,66752,California
Marin,2021-03-01,2688,99946,1667,55632,1020,44313,1,1,1811,37314,868,31250,1812,68564,California
Marin,2021-03-02,2530,102476,1689,57321,840,45153,1,2,1735,38259,791,32041,1736,70300,California
Marin,2021-03-03,4344,106820,2414,59735,1926,47079,4,6,2811,39547,1527,33568,2815,73115,California
Marin,2021-03-04,3396,110216,1666,61401,1729,48808,1,7,2373,40907,1016,34584,2376,75491,California
Marin,2021-03-05,3070,113286,1173,62574,1885,50693,12,19,1800,41454,1265,35849,1812,77303,California
Marin,2021-03-06,3239,116525,2326,64900,835,51528,78,97,2665,43627,569,36418,2742,80045,California
Marin,2021-03-07,1393,117918,1174,66074,195,51723,24,121,1001,44265,387,36805,1025,81070,California
Marin,2021-03-08,1889,119807,1387,67461,385,52108,117,238,1413,45322,473,37278,1530,82600,California
Marin,2021-03-09,2220,122027,1337,68798,774,52882,109,347,1542,46297,675,37953,1650,84250,California
Marin,2021-03-10,4459,126486,2506,71304,1659,54541,294,641,3216,48571,1238,39191,3512,87762,California
Marin,2021-03-11,4584,131070,1877,73181,2572,57113,135,776,3293,50715,1284,40475,3428,91190,California
Marin,2021-03-12,3978,135048,1544,74725,2083,59196,351,1127,1562,50223,2405,42880,1913,93103,California
Marin,2021-03-13,4100,139148,2867,77592,1161,60357,72,1199,2384,50960,1714,44594,2451,95554,California
Marin,2021-03-14,2283,141431,1102,78694,1063,61420,118,1317,696,50188,1585,46179,813,96367,California
Marin,2021-03-15,3250,144681,1779,80473,1423,62843,48,1365,1212,49421,2026,48205,1259,97626,California
Marin,2021-03-16,4304,148985,2320,82793,1618,64461,366,1731,1463,48411,2837,51042,1827,99453,California
Marin,2021-03-17,4211,153196,2279,85072,1881,66342,51,1782,2055,48373,2143,53185,2105,101558,California
Marin,2021-03-18,4489,157685,2263,87335,2151,68493,75,1857,2134,48241,2338,55523,2206,103764,California
Marin,2021-03-19,4477,162162,2291,89626,1966,70459,220,2077,2327,48646,2139,57662,2544,106308,California
Marin,2021-03-20,3602,165764,1996,91622,1491,71950,115,2192,1932,49033,1661,59323,2048,108356,California
Marin,2021-03-21,1539,167303,1138,92760,378,72328,23,2215,796,49112,740,60063,819,109175,California
Marin,2021-03-22,2481,169784,2138,94898,175,72503,168,2383,896,48597,1579,61642,1064,110239,California
Marin,2021-03-23,4247,174031,2203,97101,1916,74419,128,2511,1864,48213,2376,64018,1992,112231,California
Marin,2021-03-24,4442,178473,2898,99999,1438,75857,106,2617,1805,47498,2624,66642,1909,114140,California
Marin,2021-03-25,4654,183127,2846,102845,1739,77596,69,2686,2249,47423,2391,69033,2316,116456,California
Marin,2021-03-26,4310,187437,2346,105191,1751,79347,213,2899,2399,48140,1895,70928,2612,119068,California
Marin,2021-03-27,3711,191148,2667,107858,1025,80372,19,2918,1139,46735,2562,73490,1157,120225,California
Marin,2021-03-28,2389,193537,1728,109586,655,81027,6,2924,839,46037,1543,75033,845,121070,California
Marin,2021-03-29,2689,196226,2092,111678,571,81598,26,2950,1135,45647,1551,76584,1161,122231,California
Marin,2021-03-30,4669,200895,3650,115328,985,82583,34,2984,2953,46921,1713,78297,2987,125218,California
Marin,2021-03-31,5838,206733,4134,119462,1655,84238,49,3033,2551,46246,3275,81572,2600,127818,California
Marin,2021-04-01,4454,211187,2286,121748,1913,86151,255,3288,2112,46281,2331,83903,2366,130184,California
Marin,2021-04-02,3729,214916,1856,123604,1502,87653,371,3659,1989,46901,1732,85635,2352,132536,California
Marin,2021-04-03,3863,218779,2515,126119,971,88624,377,4036,1463,46353,2388,88023,1840,134376,California
Marin,2021-04-04,1645,220424,1240,127359,204,88828,201,4237,1199,47309,444,88467,1400,135776,California
Marin,2021-04-05,2210,222634,1533,128892,301,89129,376,4613,1266,48010,939,89406,1640,137416,California
Marin,2021-04-06,3966,226600,2110,131002,1304,90433,552,5165,2205,49010,1755,91161,2755,140171,California
Marin,2021-04-07,3964,230564,2000,133002,1322,91755,642,5807,1451,48600,2505,93666,2095,142266,California
Marin,2021-04-08,5055,235619,1975,134977,2470,94225,610,6417,2302,48761,2741,96407,2902,145168,California
Marin,2021-04-09,3993,239612,1557,136534,1705,95930,731,7148,1316,48133,2672,99079,2044,147212,California
Marin,2021-04-10,3215,242827,1484,138018,1298,97228,433,7581,1447,48256,1753,100832,1876,149088,California
Marin,2021-04-11,1059,243886,806,138824,92,97320,161,7742,474,48307,583,101415,634,149722,California
Marin,2021-04-12,1730,245616,1233,140057,339,97659,158,7900,917,48574,809,102224,1076,150798,California
Marin,2021-04-13,3749,249365,2292,142349,1450,99109,7,7907,1369,47591,2369,104593,1386,152184,California
Marin,2021-04-14,4216,253581,2525,144874,1688,100797,3,7910,1718,46844,2473,107066,1726,153910,California
Marin,2021-04-15,5594,259175,3962,148836,1632,102429,0,7910,3212,47689,2369,109435,3214,157124,California
Marin,2021-04-16,4258,263433,2238,151074,2017,104446,3,7913,2072,47595,2170,111605,2076,159200,California
Marin,2021-04-17,3533,266966,2157,153231,1376,105822,0,7913,1764,47595,1764,113369,1764,160964,California
Marin,2021-04-18,3168,270134,3070,156301,98,105920,0,7913,2535,49500,630,113999,2535,163499,California
Marin,2021-04-19,2036,272170,1867,158168,169,106089,0,7913,1153,49777,878,114877,1155,164654,California
Marin,2021-04-20,3683,275853,2545,160713,1138,107227,0,7913,1462,49026,2214,117091,1463,166117,California
Marin,2021-04-21,4001,279854,2935,163648,1063,108290,3,7916,1351,47744,2634,119725,1352,167469,California
Marin,2021-04-22,4221,284075,3221,166869,1000,109290,0,7916,1488,46512,2723,122448,1491,168960,California
Marin,2021-04-23,3213,287288,1807,168676,1406,110696,0,7916,1225,45760,1978,124426,1226,170186,California
Marin,2021-04-24,2505,289793,1673,170349,832,111528,0,7916,913,45093,1580,126006,913,171099,California
Marin,2021-04-25,1380,291173,1264,171613,116,111644,0,7916,304,44330,1067,127073,304,171403,California
Marin,2021-04-26,1607,292780,1387,173000,217,111861,3,7919,381,43493,1222,128295,385,171788,California
Marin,2021-04-27,3011,295791,2188,175188,777,112638,46,7965,969,42471,2033,130328,1011,172799,California
Marin,2021-04-28,2302,298093,1584,176772,668,113306,50,8015,729,41678,1570,131898,777,173576,California
Marin,2021-04-29,2896,300989,1984,178756,850,114156,62,8077,800,40455,2085,133983,862,174438,California
Marin,2021-04-30,1952,302941,1274,180030,590,114746,88,8165,698,39996,1245,135228,786,175224,California
Marin,2021-05-01,1828,304769,1018,181048,787,115533,23,8188,538,39274,1282,136510,560,175784,California
Marin,2021-05-02,725,305494,587,181635,109,115642,29,8217,201,38985,518,137028,229,176013,California
Marin,2021-05-03,1211,306705,987,182622,167,115809,57,8274,260,38353,948,137976,316,176329,California
Marin,2021-05-04,2926,309631,1966,184588,869,116678,91,8365,470,36466,2448,140424,561,176890,California
Marin,2021-05-05,2724,312355,1997,186585,604,117282,123,8488,441,34753,2276,142700,563,177453,California
Marin,2021-05-06,3263,315618,2535,189120,640,117922,88,8576,425,32435,2829,145529,511,177964,California
Marin,2021-05-07,2031,317649,1543,190663,403,118325,85,8661,376,31245,1648,147177,458,178422,California
Marin,2021-05-08,2474,320123,1867,192530,485,118810,122,8783,343,29587,2123,149300,465,178887,California
Marin,2021-05-09,983,321106,898,193428,65,118875,20,8803,118,28864,862,150162,139,179026,California
Marin,2021-05-10,1407,322513,1151,194579,186,119061,70,8873,200,27930,1203,151365,269,179295,California
Marin,2021-05-11,2285,324798,1833,196412,399,119460,53,8926,295,26289,1988,153353,347,179642,California
Marin,2021-05-12,1424,326222,1045,197457,310,119770,69,8995,289,25515,1131,154484,357,179999,California
Marin,2021-05-13,2527,328749,2194,199651,279,120049,54,9049,1368,25784,1152,155636,1421,181420,California
Marin,2021-05-14,2201,330950,1452,201103,650,120699,99,9148,881,25450,1314,156950,980,182400,California
Marin,2021-05-15,2720,333670,2255,203358,385,121084,80,9228,1650,26111,1069,158019,1730,184130,California
Marin,2021-05-16,1643,335313,1589,204947,49,121133,5,9233,1330,27134,311,158330,1334,185464,California
Marin,2021-05-17,2125,337438,1979,206926,103,121236,43,9276,1698,28455,420,158750,1741,187205,California
Marin,2021-05-18,1524,338962,1183,208109,286,121522,55,9331,801,28593,717,159467,855,188060,California
Marin,2021-05-19,1534,340496,1236,209345,228,121750,70,9401,772,28678,756,160223,841,188901,California
Marin,2021-05-20,1698,342194,1409,210754,203,121953,86,9487,692,28459,997,161220,778,189679,California
Marin,2021-05-21,1356,343550,768,211522,539,122492,49,9536,379,27916,972,162192,429,190108,California
Marin,2021-05-22,1338,344888,1020,212542,262,122754,56,9592,919,28475,416,162608,975,191083,California
Marin,2021-05-23,423,345311,386,212928,27,122781,10,9602,198,28460,223,162831,208,191291,California
Marin,2021-05-24,643,345954,492,213420,110,122891,41,9643,354,28568,286,163117,394,191685,California
Marin,2021-05-25,992,346946,623,214043,324,123215,45,9688,314,28255,670,163787,357,192042,California
Marin,2021-05-26,707,347653,485,214528,176,123391,46,9734,259,28116,444,164231,305,192347,California
Marin,2021-05-27,1032,348685,664,215192,289,123680,79,9813,346,27857,684,164915,425,192772,California
Marin,2021-05-28,1097,349782,715,215907,303,123983,79,9892,321,27483,772,165687,398,193170,California
Marin,2021-05-29,373,350155,216,216123,147,124130,10,9902,214,27548,159,165846,224,193394,California
Marin,2021-05-30,100,350255,59,216182,36,124166,5,9907,58,27570,41,165887,63,193457,California
Marin,2021-05-31,27,350282,13,216195,13,124179,1,9908,14,27572,13,165900,15,193472,California
Marin,2021-06-01,755,351037,550,216745,160,124339,45,9953,329,27521,424,166324,373,193845,California
Marin,2021-06-02,624,351661,474,217219,98,124437,52,10005,217,27385,403,166727,267,194112,California
Marin,2021-06-03,1495,353156,1327,218546,112,124549,56,10061,266,26482,1226,167953,323,194435,California
Marin,2021-06-04,1009,354165,858,219404,119,124668,32,10093,190,25886,818,168771,222,194657,California
Marin,2021-06-05,1909,356074,1699,221103,163,124831,47,10140,324,24680,1577,170348,371,195028,California
Marin,2021-06-06,1407,357481,1357,222460,15,124846,35,10175,205,23719,1201,171549,240,195268,California
Marin,2021-06-07,1917,359398,1802,224262,64,124910,51,10226,251,22357,1662,173211,300,195568,California
Marin,2021-06-08,635,360033,593,224855,14,124924,28,10254,134,22022,497,173708,162,195730,California
Mariposa,2020-12-17,36,36,36,36,0,0,0,0,38,38,0,0,38,38,California
Mariposa,2020-12-18,55,91,55,91,0,0,0,0,56,94,0,0,56,94,California
Mariposa,2020-12-20,2,93,2,93,0,0,0,0,2,96,0,0,2,96,California
Mariposa,2020-12-21,49,142,49,142,0,0,0,0,53,149,0,0,53,149,California
Mariposa,2020-12-22,5,147,5,147,0,0,0,0,5,154,0,0,5,154,California
Mariposa,2020-12-23,17,164,17,164,0,0,0,0,17,171,0,0,17,171,California
Mariposa,2020-12-24,1,165,0,164,1,1,0,0,0,171,1,1,1,172,California
Mariposa,2020-12-26,1,166,1,165,0,1,0,0,1,172,0,1,1,173,California
Mariposa,2020-12-27,1,167,0,165,1,2,0,0,1,173,0,1,1,174,California
Mariposa,2020-12-28,6,173,3,168,3,5,0,0,6,179,0,1,6,180,California
Mariposa,2020-12-29,33,206,3,171,30,35,0,0,33,212,0,1,33,213,California
Mariposa,2020-12-30,26,232,4,175,22,57,0,0,26,238,0,1,26,239,California
Mariposa,2020-12-31,17,249,0,175,17,74,0,0,17,255,0,1,17,256,California
Mariposa,2021-01-02,1,250,1,176,0,74,0,0,1,256,0,1,1,257,California
Mariposa,2021-01-04,9,259,1,177,8,82,0,0,9,265,0,1,9,266,California
Mariposa,2021-01-05,24,283,14,191,10,92,0,0,14,269,10,11,14,280,California
Mariposa,2021-01-06,7,290,4,195,3,95,0,0,4,270,3,14,4,284,California
Mariposa,2021-01-07,50,340,45,240,5,100,0,0,5,230,45,59,5,289,California
Mariposa,2021-01-08,109,449,79,319,30,130,0,0,34,189,75,134,34,323,California
Mariposa,2021-01-11,31,480,10,329,21,151,0,0,23,204,8,142,23,346,California
Mariposa,2021-01-12,19,499,4,333,15,166,0,0,15,215,4,146,15,361,California
Mariposa,2021-01-13,22,521,5,338,17,183,0,0,18,229,4,150,18,379,California
Mariposa,2021-01-14,73,594,7,345,66,249,0,0,67,290,6,156,67,446,California
Mariposa,2021-01-15,68,662,27,372,41,290,0,0,58,338,10,166,58,504,California
Mariposa,2021-01-16,14,676,2,374,12,302,0,0,13,350,1,167,13,517,California
Mariposa,2021-01-17,3,679,0,374,3,305,0,0,3,353,0,167,3,520,California
Mariposa,2021-01-18,3,682,3,377,0,305,0,0,1,352,2,169,1,521,California
Mariposa,2021-01-19,8,690,4,381,4,309,0,0,5,355,2,171,5,526,California
Mariposa,2021-01-20,23,713,1,382,22,331,0,0,22,376,1,172,22,548,California
Mariposa,2021-01-21,66,779,8,390,58,389,0,0,62,434,4,176,62,610,California
Mariposa,2021-01-22,56,835,2,392,54,443,0,0,56,490,0,176,56,666,California
Mariposa,2021-01-23,116,951,2,394,114,557,0,0,114,602,2,178,114,780,California
Mariposa,2021-01-24,2,953,2,396,0,557,0,0,2,604,0,178,2,782,California
Mariposa,2021-01-25,4,957,1,397,3,560,0,0,0,600,4,182,0,782,California
Mariposa,2021-01-26,38,995,4,401,34,594,0,0,6,578,32,214,10,792,California
Mariposa,2021-01-27,26,1021,2,403,24,618,0,0,12,577,13,227,12,804,California
Mariposa,2021-01-28,126,1147,3,406,123,741,0,0,113,678,12,239,113,917,California
Mariposa,2021-01-29,83,1230,22,428,61,802,0,0,82,759,1,240,82,999,California
Mariposa,2021-01-30,9,1239,1,429,8,810,0,0,8,766,1,241,8,1007,California
Mariposa,2021-01-31,1,1240,0,429,1,811,0,0,1,767,0,241,1,1008,California
Mariposa,2021-02-01,90,1330,31,460,59,870,0,0,68,813,22,263,68,1076,California
Mariposa,2021-02-02,15,1345,3,463,12,882,0,0,9,816,6,269,9,1085,California
Mariposa,2021-02-03,21,1366,1,464,20,902,0,0,13,822,7,276,13,1098,California
Mariposa,2021-02-04,99,1465,8,472,91,993,0,0,94,913,4,280,95,1193,California
Mariposa,2021-02-05,192,1657,5,477,187,1180,0,0,166,1053,26,306,166,1359,California
Mariposa,2021-02-06,11,1668,4,481,7,1187,0,0,10,1062,1,307,10,1369,California
Mariposa,2021-02-07,1,1669,0,481,1,1188,0,0,1,1063,0,307,1,1370,California
Mariposa,2021-02-08,42,1711,2,483,40,1228,0,0,23,1067,19,326,23,1393,California
Mariposa,2021-02-09,42,1753,24,507,18,1246,0,0,36,1097,6,332,36,1429,California
Mariposa,2021-02-10,28,1781,5,512,23,1269,0,0,17,1110,10,342,23,1452,California
Mariposa,2021-02-11,375,2156,5,517,370,1639,0,0,361,1460,14,356,364,1816,California
Mariposa,2021-02-12,185,2341,8,525,177,1816,0,0,141,1557,44,400,141,1957,California
Mariposa,2021-02-13,11,2352,3,528,8,1824,0,0,9,1564,2,402,9,1966,California
Mariposa,2021-02-14,9,2361,4,532,5,1829,0,0,5,1565,4,406,5,1971,California
Mariposa,2021-02-15,9,2370,3,535,6,1835,0,0,7,1570,2,408,7,1978,California
Mariposa,2021-02-16,57,2427,34,569,23,1858,0,0,34,1581,23,431,34,2012,California
Mariposa,2021-02-17,37,2464,9,578,28,1886,0,0,27,1600,9,440,28,2040,California
Mariposa,2021-02-18,58,2522,7,585,51,1937,0,0,21,1584,37,477,21,2061,California
Mariposa,2021-02-19,83,2605,3,588,80,2017,0,0,77,1655,6,483,77,2138,California
Mariposa,2021-02-20,254,2859,5,593,249,2266,0,0,224,1850,29,512,224,2362,California
Mariposa,2021-02-21,238,3097,4,597,234,2500,0,0,236,2085,1,513,236,2598,California
Mariposa,2021-02-22,22,3119,7,604,15,2515,0,0,20,2103,2,515,20,2618,California
Mariposa,2021-02-23,45,3164,38,642,7,2522,0,0,26,2110,19,534,26,2644,California
Mariposa,2021-02-24,21,3185,3,645,18,2540,0,0,8,2106,12,546,8,2652,California
Mariposa,2021-02-25,18,3203,9,654,9,2549,0,0,12,2112,6,552,12,2664,California
Mariposa,2021-02-26,429,3632,7,661,422,2971,0,0,369,2422,60,612,370,3034,California
Mariposa,2021-02-27,174,3806,4,665,170,3141,0,0,163,2574,11,623,163,3197,California
Mariposa,2021-02-28,2,3808,1,666,1,3142,0,0,0,2572,2,625,0,3197,California
Mariposa,2021-03-01,82,3890,26,692,56,3198,0,0,16,2523,65,690,16,3213,California
Mariposa,2021-03-02,20,3910,13,705,7,3205,0,0,11,2526,8,698,11,3224,California
Mariposa,2021-03-03,71,3981,5,710,66,3271,0,0,65,2586,6,704,66,3290,California
Mariposa,2021-03-04,42,4023,10,720,32,3303,0,0,21,2587,21,725,22,3312,California
Mariposa,2021-03-05,58,4081,9,729,49,3352,0,0,40,2615,18,743,46,3358,California
Mariposa,2021-03-06,15,4096,6,735,9,3361,0,0,7,2614,8,751,7,3365,California
Mariposa,2021-03-07,1,4097,1,736,0,3361,0,0,0,2613,1,752,0,3365,California
Mariposa,2021-03-08,39,4136,4,740,24,3385,11,11,9,2603,30,782,20,3385,California
Mariposa,2021-03-09,46,4182,18,758,18,3403,10,21,15,2597,31,813,25,3410,California
Mariposa,2021-03-10,31,4213,9,767,12,3415,10,31,10,2596,21,834,20,3430,California
Mariposa,2021-03-11,468,4681,6,773,443,3858,19,50,226,2603,241,1075,248,3678,California
Mariposa,2021-03-12,256,4937,8,781,222,4080,26,76,118,2608,138,1213,143,3821,California
Mariposa,2021-03-13,33,4970,7,788,11,4091,15,91,11,2611,22,1235,25,3846,California
Mariposa,2021-03-14,16,4986,2,790,3,4094,11,102,2,2610,14,1249,13,3859,California
Mariposa,2021-03-15,76,5062,7,797,31,4125,38,140,31,2634,45,1294,69,3928,California
Mariposa,2021-03-16,83,5145,33,830,15,4140,35,175,24,2634,59,1353,59,3987,California
Mariposa,2021-03-17,73,5218,10,840,55,4195,8,183,52,2674,20,1373,60,4047,California
Mariposa,2021-03-18,66,5284,15,855,42,4237,9,192,40,2697,26,1399,49,4096,California
Mariposa,2021-03-19,343,5627,11,866,325,4562,7,199,304,2969,39,1438,311,4407,California
Mariposa,2021-03-20,424,6051,4,870,418,4980,2,201,46,2640,378,1816,49,4456,California
Mariposa,2021-03-21,16,6067,9,879,6,4986,1,202,10,2646,5,1821,11,4467,California
Mariposa,2021-03-22,39,6106,8,887,23,5009,8,210,27,2670,12,1833,36,4503,California
Mariposa,2021-03-23,53,6159,33,920,10,5019,10,220,32,2691,21,1854,42,4545,California
Mariposa,2021-03-24,56,6215,5,925,49,5068,2,222,51,2739,5,1859,53,4598,California
Mariposa,2021-03-25,76,6291,15,940,53,5121,8,230,53,2779,21,1880,61,4659,California
Mariposa,2021-03-26,494,6785,9,949,484,5605,1,231,251,2788,243,2123,252,4911,California
Mariposa,2021-03-27,232,7017,8,957,224,5829,0,231,94,2746,138,2261,96,5007,California
Mariposa,2021-03-28,5,7022,0,957,2,5831,3,234,1,2746,4,2265,4,5011,California
Mariposa,2021-03-29,19,7041,6,963,13,5844,0,234,12,2751,7,2272,12,5023,California
Mariposa,2021-03-30,36,7077,13,976,7,5851,16,250,13,2757,23,2295,29,5052,California
Mariposa,2021-03-31,89,7166,15,991,67,5918,7,257,68,2811,21,2316,75,5127,California
Mariposa,2021-04-01,55,7221,11,1002,36,5954,8,265,35,2834,20,2336,43,5170,California
Mariposa,2021-04-02,349,7570,12,1014,335,6289,2,267,307,3102,41,2377,309,5479,California
Mariposa,2021-04-03,10,7580,7,1021,3,6292,0,267,5,3102,5,2382,5,5484,California
Mariposa,2021-04-04,2,7582,1,1022,0,6292,1,268,0,3101,2,2384,1,5485,California
Mariposa,2021-04-05,33,7615,22,1044,7,6299,4,272,16,3104,17,2401,20,5505,California
Mariposa,2021-04-06,45,7660,20,1064,9,6308,16,288,14,3104,30,2431,30,5535,California
Mariposa,2021-04-07,99,7759,7,1071,73,6381,19,307,29,3082,70,2501,48,5583,California
Mariposa,2021-04-08,282,8041,14,1085,249,6630,19,326,144,3110,136,2637,164,5747,California
Mariposa,2021-04-09,37,8078,9,1094,13,6643,15,341,10,3108,27,2664,25,5772,California
Mariposa,2021-04-10,202,8280,4,1098,188,6831,10,351,187,3291,13,2677,196,5968,California
Mariposa,2021-04-11,123,8403,4,1102,117,6948,2,353,57,3285,66,2743,60,6028,California
Mariposa,2021-04-12,42,8445,13,1115,27,6975,2,355,13,3271,29,2772,15,6043,California
Mariposa,2021-04-13,55,8500,47,1162,8,6983,0,355,35,3286,20,2792,35,6078,California
Mariposa,2021-04-14,113,8613,8,1170,105,7088,0,355,57,3288,55,2847,57,6135,California
Mariposa,2021-04-15,58,8671,16,1186,42,7130,0,355,44,3321,11,2858,44,6179,California
Mariposa,2021-04-16,382,9053,11,1197,371,7501,0,355,106,3151,276,3134,106,6285,California
Mariposa,2021-04-17,10,9063,6,1203,4,7505,0,355,7,3155,3,3137,7,6292,California
Mariposa,2021-04-18,7,9070,0,1203,7,7512,0,355,3,3154,4,3141,3,6295,California
Mariposa,2021-04-19,59,9129,26,1229,33,7545,0,355,31,3159,26,3167,31,6326,California
Mariposa,2021-04-20,62,9191,49,1278,13,7558,0,355,39,3177,21,3188,39,6365,California
Mariposa,2021-04-21,92,9283,14,1292,78,7636,0,355,43,3172,48,3236,43,6408,California
Mariposa,2021-04-22,48,9331,9,1301,39,7675,0,355,37,3199,10,3246,37,6445,California
Mariposa,2021-04-23,315,9646,70,1371,245,7920,0,355,144,3174,171,3417,146,6591,California
Mariposa,2021-04-24,107,9753,10,1381,97,8017,0,355,43,3154,63,3480,43,6634,California
Mariposa,2021-04-26,16,9769,11,1392,5,8022,0,355,5,3148,11,3491,5,6639,California
Mariposa,2021-04-27,33,9802,17,1409,14,8036,2,357,15,3150,15,3506,17,6656,California
Mariposa,2021-04-28,73,9875,14,1423,52,8088,7,364,27,3138,46,3552,34,6690,California
Mariposa,2021-04-29,84,9959,12,1435,71,8159,1,365,79,3213,5,3557,80,6770,California
Mariposa,2021-04-30,210,10169,4,1439,201,8360,5,370,62,3132,148,3705,67,6837,California
Mariposa,2021-05-01,4,10173,2,1441,2,8362,0,370,1,3130,3,3708,1,6838,California
Mariposa,2021-05-02,3,10176,2,1443,0,8362,1,371,0,3128,3,3711,1,6839,California
Mariposa,2021-05-03,16,10192,12,1455,3,8365,1,372,7,3127,9,3720,8,6847,California
Mariposa,2021-05-04,52,10244,32,1487,16,8381,4,376,36,3151,16,3736,40,6887,California
Mariposa,2021-05-05,56,10300,8,1495,46,8427,2,378,17,3131,39,3775,19,6906,California
Mariposa,2021-05-06,56,10356,37,1532,14,8441,5,383,40,3160,16,3791,45,6951,California
Mariposa,2021-05-07,27,10383,7,1539,17,8458,3,386,13,3162,14,3805,16,6967,California
Mariposa,2021-05-08,284,10667,8,1547,276,8734,0,386,33,2946,251,4056,35,7002,California
Mariposa,2021-05-09,2,10669,1,1548,1,8735,0,386,0,2944,2,4058,0,7002,California
Mariposa,2021-05-10,19,10688,8,1556,9,8744,2,388,4,2935,15,4073,6,7008,California
Mariposa,2021-05-11,28,10716,18,1574,9,8753,1,389,19,2947,8,4081,20,7028,California
Mariposa,2021-05-12,67,10783,4,1578,58,8811,5,394,6,2897,61,4142,11,7039,California
Mariposa,2021-05-13,47,10830,7,1585,38,8849,2,396,13,2878,34,4176,15,7054,California
Mariposa,2021-05-14,250,11080,122,1707,121,8970,7,403,118,2871,132,4308,125,7179,California
Mariposa,2021-05-15,18,11098,8,1715,8,8978,2,405,10,2876,6,4314,11,7190,California
Mariposa,2021-05-16,3,11101,1,1716,1,8979,1,406,1,2876,2,4316,2,7192,California
Mariposa,2021-05-17,17,11118,7,1723,6,8985,4,410,7,2876,10,4326,10,7202,California
Mariposa,2021-05-18,61,11179,41,1764,15,9000,5,415,44,2909,16,4342,49,7251,California
Mariposa,2021-05-19,70,11249,32,1796,37,9037,1,416,51,2943,18,4360,52,7303,California
Mariposa,2021-05-20,36,11285,20,1816,14,9051,2,418,15,2939,21,4381,17,7320,California
Mariposa,2021-05-21,92,11377,8,1824,82,9133,2,420,42,2935,48,4429,44,7364,California
Mariposa,2021-05-22,48,11425,6,1830,41,9174,1,421,17,2922,31,4460,18,7382,California
Mariposa,2021-05-23,4,11429,2,1832,1,9175,1,422,2,2923,2,4462,3,7385,California
Mariposa,2021-05-24,14,11443,8,1840,4,9179,2,424,9,2929,5,4467,11,7396,California
Mariposa,2021-05-25,27,11470,17,1857,10,9189,0,424,19,2940,8,4475,19,7415,California
Mariposa,2021-05-26,34,11504,3,1860,27,9216,4,428,28,2966,6,4481,32,7447,California
Mariposa,2021-05-27,119,11623,64,1924,55,9271,0,428,62,2971,57,4538,62,7509,California
Mariposa,2021-05-28,64,11687,4,1928,56,9327,4,432,23,2957,41,4579,27,7536,California
Mariposa,2021-05-29,8,11695,2,1930,5,9332,1,433,3,2958,3,4582,4,7540,California
Mariposa,2021-05-30,1,11696,0,1930,0,9332,1,434,0,2958,1,4583,1,7541,California
Mariposa,2021-05-31,2,11698,0,1930,1,9333,1,435,0,2957,2,4585,1,7542,California
Mariposa,2021-06-01,14,11712,3,1933,11,9344,0,435,5,2953,9,4594,5,7547,California
Mariposa,2021-06-02,26,11738,14,1947,7,9351,5,440,6,2945,19,4613,11,7558,California
Mariposa,2021-06-03,19,11757,10,1957,7,9358,2,442,7,2942,12,4625,9,7567,California
Mariposa,2021-06-04,88,11845,78,2035,9,9367,1,443,26,2908,60,4685,26,7593,California
Mariposa,2021-06-05,27,11872,2,2037,23,9390,2,445,6,2896,20,4705,8,7601,California
Mariposa,2021-06-06,4,11876,3,2040,0,9390,1,446,1,2895,3,4708,2,7603,California
Mariposa,2021-06-07,9,11885,5,2045,4,9394,0,446,4,2895,4,4712,4,7607,California
Mariposa,2021-06-08,23,11908,20,2065,2,9396,1,447,5,2883,18,4730,6,7613,California
Mendocino,2020-12-17,70,70,70,70,0,0,0,0,70,70,0,0,70,70,California
Mendocino,2020-12-18,85,155,84,154,1,1,0,0,84,154,0,0,84,154,California
Mendocino,2020-12-19,4,159,4,158,0,1,0,0,4,158,0,0,4,158,California
Mendocino,2020-12-20,7,166,7,165,0,1,0,0,7,165,0,0,7,165,California
Mendocino,2020-12-21,240,406,240,405,0,1,0,0,77,242,0,0,77,242,California
Mendocino,2020-12-22,251,657,190,595,61,62,0,0,251,493,0,0,251,493,California
Mendocino,2020-12-23,271,928,48,643,223,285,0,0,270,763,0,0,270,763,California
Mendocino,2020-12-24,48,976,8,651,40,325,0,0,48,811,0,0,48,811,California
Mendocino,2020-12-25,1,977,0,651,1,326,0,0,1,812,0,0,1,812,California
Mendocino,2020-12-26,2,979,2,653,0,326,0,0,2,814,0,0,2,814,California
Mendocino,2020-12-27,1,980,0,653,1,327,0,0,1,815,0,0,1,815,California
Mendocino,2020-12-28,74,1054,9,662,65,392,0,0,74,889,0,0,74,889,California
Mendocino,2020-12-29,120,1174,59,721,61,453,0,0,120,1009,0,0,120,1009,California
Mendocino,2020-12-30,119,1293,66,787,53,506,0,0,119,1128,0,0,119,1128,California
Mendocino,2020-12-31,132,1425,97,884,35,541,0,0,132,1260,0,0,132,1260,California
Mendocino,2021-01-01,9,1434,6,890,3,544,0,0,9,1269,0,0,9,1269,California
Mendocino,2021-01-04,838,2272,18,908,820,1364,0,0,838,2107,0,0,838,2107,California
Mendocino,2021-01-05,74,2346,36,944,38,1402,0,0,61,2155,13,13,61,2168,California
Mendocino,2021-01-06,156,2502,134,1078,22,1424,0,0,146,2291,10,23,146,2314,California
Mendocino,2021-01-07,360,2862,238,1316,122,1546,0,0,297,2525,63,86,297,2611,California
Mendocino,2021-01-08,95,2957,82,1398,13,1559,0,0,41,2513,54,140,42,2653,California
Mendocino,2021-01-09,10,2967,6,1404,4,1563,0,0,8,2519,2,142,8,2661,California
Mendocino,2021-01-10,9,2976,8,1412,1,1564,0,0,2,2514,7,149,2,2663,California
Mendocino,2021-01-11,101,3077,92,1504,9,1573,0,0,43,2500,57,206,43,2706,California
Mendocino,2021-01-12,387,3464,377,1881,10,1583,0,0,271,2655,116,322,271,2977,California
Mendocino,2021-01-13,494,3958,147,2028,347,1930,0,0,451,3066,41,363,452,3429,California
Mendocino,2021-01-14,651,4609,20,2048,631,2561,0,0,642,3699,9,372,642,4071,California
Mendocino,2021-01-15,1873,6482,862,2910,1011,3572,0,0,1868,5563,5,377,1869,5940,California
Mendocino,2021-01-16,795,7277,50,2960,745,4317,0,0,793,6354,2,379,793,6733,California
Mendocino,2021-01-17,554,7831,1,2961,553,4870,0,0,553,6906,1,380,553,7286,California
Mendocino,2021-01-18,486,8317,461,3422,25,4895,0,0,476,7372,10,390,476,7762,California
Mendocino,2021-01-19,330,8647,145,3567,185,5080,0,0,156,7354,174,564,156,7918,California
Mendocino,2021-01-20,555,9202,407,3974,148,5228,0,0,449,7700,104,668,450,8368,California
Mendocino,2021-01-21,538,9740,225,4199,313,5541,0,0,352,7867,185,853,352,8720,California
Mendocino,2021-01-22,152,9892,59,4258,93,5634,0,0,113,7941,39,892,113,8833,California
Mendocino,2021-01-23,156,10048,84,4342,72,5706,0,0,150,8085,6,898,150,8983,California
Mendocino,2021-01-24,5,10053,3,4345,2,5708,0,0,5,8090,0,898,5,8988,California
Mendocino,2021-01-25,192,10245,18,4363,174,5882,0,0,122,8142,70,968,122,9110,California
Mendocino,2021-01-26,153,10398,53,4416,100,5982,0,0,94,8177,59,1027,94,9204,California
Mendocino,2021-01-27,441,10839,371,4787,70,6052,0,0,176,8095,258,1285,176,9380,California
Mendocino,2021-01-28,592,11431,528,5315,64,6116,0,0,498,8500,93,1378,498,9878,California
Mendocino,2021-01-29,392,11823,352,5667,40,6156,0,0,363,8835,29,1407,364,10242,California
Mendocino,2021-01-30,50,11873,33,5700,17,6173,0,0,43,8871,7,1414,43,10285,California
Mendocino,2021-01-31,275,12148,2,5702,273,6446,0,0,4,8604,271,1685,4,10289,California
Mendocino,2021-02-01,382,12530,52,5754,330,6776,0,0,59,8340,323,2008,59,10348,California
Mendocino,2021-02-02,738,13268,518,6272,220,6996,0,0,377,8356,361,2369,377,10725,California
Mendocino,2021-02-03,393,13661,208,6480,185,7181,0,0,223,8411,168,2537,223,10948,California
Mendocino,2021-02-04,627,14288,531,7011,96,7277,0,0,502,8788,125,2662,502,11450,California
Mendocino,2021-02-05,1306,15594,1216,8227,90,7367,0,0,585,8654,719,3381,585,12035,California
Mendocino,2021-02-06,555,16149,154,8381,401,7768,0,0,540,9179,15,3396,540,12575,California
Mendocino,2021-02-07,33,16182,29,8410,4,7772,0,0,33,9212,0,3396,33,12608,California
Mendocino,2021-02-08,748,16930,716,9126,32,7804,0,0,285,9034,463,3859,285,12893,California
Mendocino,2021-02-09,140,17070,58,9184,82,7886,0,0,88,9070,52,3911,88,12981,California
Mendocino,2021-02-10,1489,18559,924,10108,565,8451,0,0,742,9072,740,4651,742,13723,California
Mendocino,2021-02-11,1210,19769,208,10316,1002,9453,0,0,300,8462,910,5561,300,14023,California
Mendocino,2021-02-12,1459,21228,163,10479,1296,10749,0,0,658,8320,800,6361,658,14681,California
Mendocino,2021-02-13,504,21732,15,10494,489,11238,0,0,106,8034,397,6758,111,14792,California
Mendocino,2021-02-14,696,22428,4,10498,692,11930,0,0,136,7610,560,7318,136,14928,California
Mendocino,2021-02-15,330,22758,42,10540,288,12218,0,0,174,7628,156,7474,174,15102,California
Mendocino,2021-02-16,199,22957,52,10592,147,12365,0,0,128,7685,71,7545,128,15230,California
Mendocino,2021-02-17,1357,24314,1194,11786,163,12528,0,0,880,8090,475,8020,880,16110,California
Mendocino,2021-02-18,1787,26101,645,12431,1142,13670,0,0,1220,8745,565,8585,1220,17330,California
Mendocino,2021-02-19,755,26856,147,12578,608,14278,0,0,613,9217,142,8727,614,17944,California
Mendocino,2021-02-20,581,27437,555,13133,26,14304,0,0,548,9734,31,8758,548,18492,California
Mendocino,2021-02-21,325,27762,6,13139,319,14623,0,0,313,10036,11,8769,313,18805,California
Mendocino,2021-02-22,161,27923,29,13168,132,14755,0,0,69,10015,90,8859,69,18874,California
Mendocino,2021-02-23,858,28781,845,14013,13,14768,0,0,645,10449,211,9070,645,19519,California
Mendocino,2021-02-24,1854,30635,1771,15784,83,14851,0,0,1441,11484,408,9478,1443,20962,California
Mendocino,2021-02-25,1709,32344,534,16318,1175,16026,0,0,1285,12346,423,9901,1285,22247,California
Mendocino,2021-02-26,1417,33761,751,17069,666,16692,0,0,1054,13040,360,10261,1054,23301,California
Mendocino,2021-02-27,199,33960,148,17217,51,16743,0,0,78,12998,120,10381,78,23379,California
Mendocino,2021-02-28,35,33995,13,17230,22,16765,0,0,24,13011,11,10392,24,23403,California
Mendocino,2021-03-01,592,34587,550,17780,42,16807,0,0,552,13526,37,10429,552,23955,California
Mendocino,2021-03-02,76,34663,27,17807,49,16856,0,0,41,13533,34,10463,41,23996,California
Mendocino,2021-03-03,2035,36698,1334,19141,701,17557,0,0,1383,14267,649,11112,1383,25379,California
Mendocino,2021-03-04,1851,38549,149,19290,1702,19259,0,0,1633,15686,215,11327,1634,27013,California
Mendocino,2021-03-05,473,39022,415,19705,49,19308,9,9,371,15968,98,11425,380,27393,California
Mendocino,2021-03-06,247,39269,24,19729,197,19505,26,35,203,16154,43,11468,229,27622,California
Mendocino,2021-03-07,507,39776,8,19737,479,19984,20,55,117,15901,389,11857,136,27758,California
Mendocino,2021-03-08,124,39900,28,19765,58,20042,38,93,64,15945,58,11915,102,27860,California
Mendocino,2021-03-09,938,40838,600,20365,297,20339,41,134,832,16712,106,12021,873,28733,California
Mendocino,2021-03-10,1147,41985,984,21349,98,20437,65,199,270,16177,873,12894,338,29071,California
Mendocino,2021-03-11,843,42828,628,21977,162,20599,53,252,401,16192,439,13333,454,29525,California
Mendocino,2021-03-12,2067,44895,1054,23031,899,21498,114,366,1235,16716,825,14158,1349,30874,California
Mendocino,2021-03-13,705,45600,572,23603,75,21573,58,424,105,16283,596,14754,163,31037,California
Mendocino,2021-03-14,106,45706,4,23607,95,21668,7,431,12,16212,90,14844,19,31056,California
Mendocino,2021-03-15,604,46310,51,23658,494,22162,59,490,214,16096,388,15232,272,31328,California
Mendocino,2021-03-16,580,46890,386,24044,148,22310,46,536,117,15798,461,15693,163,31491,California
Mendocino,2021-03-17,1586,48476,1384,25428,53,22363,149,685,217,14805,1365,17058,372,31863,California
Mendocino,2021-03-18,1312,49788,248,25676,1027,23390,37,722,284,14105,1020,18078,320,32183,California
Mendocino,2021-03-19,1780,51568,857,26533,863,24253,60,782,332,13056,1443,19521,394,32577,California
Mendocino,2021-03-20,67,51635,10,26543,37,24290,20,802,11,13031,56,19577,31,32608,California
Mendocino,2021-03-21,8,51643,1,26544,2,24292,5,807,3,13034,5,19582,8,32616,California
Mendocino,2021-03-22,660,52303,616,27160,15,24307,29,836,146,12698,510,20092,174,32790,California
Mendocino,2021-03-23,163,52466,32,27192,101,24408,30,866,112,12790,50,20142,142,32932,California
Mendocino,2021-03-24,913,53379,841,28033,25,24433,47,913,109,12144,802,20944,156,33088,California
Mendocino,2021-03-25,2019,55398,55,28088,1944,26377,20,933,179,10507,1834,22778,197,33285,California
Mendocino,2021-03-26,544,55942,393,28481,126,26503,25,958,113,10214,431,23209,138,33423,California
Mendocino,2021-03-27,145,56087,14,28495,119,26622,12,970,80,10241,64,23273,91,33514,California
Mendocino,2021-03-28,25,56112,5,28500,16,26638,4,974,4,10229,20,23293,8,33522,California
Mendocino,2021-03-29,190,56302,99,28599,47,26685,44,1018,97,10277,93,23386,141,33663,California
Mendocino,2021-03-30,716,57018,631,29230,48,26733,37,1055,104,9808,610,23996,141,33804,California
Mendocino,2021-03-31,915,57933,280,29510,574,27307,61,1116,153,9263,760,24756,215,34019,California
Mendocino,2021-04-01,1749,59682,420,29930,1248,28555,81,1197,379,8362,1360,26116,459,34478,California
Mendocino,2021-04-02,1307,60989,1075,31005,159,28714,73,1270,158,7447,1146,27262,231,34709,California
Mendocino,2021-04-03,710,61699,11,31016,678,29392,21,1291,87,6937,618,27880,108,34817,California
Mendocino,2021-04-04,71,61770,35,31051,30,29422,6,1297,55,6982,16,27896,61,34878,California
Mendocino,2021-04-05,211,61981,141,31192,46,29468,24,1321,125,7042,86,27982,146,35024,California
Mendocino,2021-04-06,395,62376,122,31314,178,29646,95,1416,106,6954,289,28271,201,35225,California
Mendocino,2021-04-07,489,62865,178,31492,65,29711,246,1662,115,6943,371,28642,360,35585,California
Mendocino,2021-04-08,1502,64367,922,32414,465,30176,115,1777,1008,7580,487,29129,1124,36709,California
Mendocino,2021-04-09,762,65129,429,32843,172,30348,161,1938,398,7776,363,29492,559,37268,California
Mendocino,2021-04-10,409,65538,92,32935,272,30620,45,1983,100,7612,309,29801,145,37413,California
Mendocino,2021-04-11,121,65659,47,32982,19,30639,55,2038,59,7664,62,29863,114,37527,California
Mendocino,2021-04-12,623,66282,514,33496,49,30688,60,2098,408,7917,215,30078,468,37995,California
Mendocino,2021-04-13,289,66571,227,33723,62,30750,0,2098,222,8072,67,30145,222,38217,California
Mendocino,2021-04-14,521,67092,427,34150,94,30844,0,2098,421,8393,100,30245,421,38638,California
Mendocino,2021-04-15,663,67755,330,34480,333,31177,0,2098,388,8513,270,30515,390,39028,California
Mendocino,2021-04-16,123,67878,53,34533,69,31246,1,2099,76,8543,46,30561,76,39104,California
Mendocino,2021-04-17,195,68073,13,34546,182,31428,0,2099,68,8486,125,30686,68,39172,California
Mendocino,2021-04-18,14,68087,6,34552,8,31436,0,2099,7,8488,5,30691,7,39179,California
Mendocino,2021-04-19,539,68626,515,35067,23,31459,1,2100,427,8805,111,30802,428,39607,California
Mendocino,2021-04-20,419,69045,291,35358,128,31587,0,2100,263,8913,155,30957,263,39870,California
Mendocino,2021-04-21,191,69236,134,35492,56,31643,1,2101,115,8954,74,31031,115,39985,California
Mendocino,2021-04-22,488,69724,314,35806,173,31816,1,2102,315,9099,170,31201,315,40300,California
Mendocino,2021-04-23,853,70577,703,36509,150,31966,0,2102,697,9643,153,31354,697,40997,California
Mendocino,2021-04-24,107,70684,14,36523,93,32059,0,2102,100,9736,7,31361,100,41097,California
Mendocino,2021-04-25,58,70742,34,36557,20,32079,4,2106,19,9720,39,31400,23,41120,California
Mendocino,2021-04-26,307,71049,239,36796,63,32142,5,2111,200,9819,106,31506,205,41325,California
Mendocino,2021-04-27,205,71254,90,36886,88,32230,27,2138,94,9829,110,31616,120,41445,California
Mendocino,2021-04-28,223,71477,150,37036,54,32284,19,2157,127,9880,96,31712,147,41592,California
Mendocino,2021-04-29,1144,72621,842,37878,287,32571,15,2172,108,8972,1031,32743,123,41715,California
Mendocino,2021-04-30,608,73229,384,38262,214,32785,10,2182,228,8831,379,33122,238,41953,California
Mendocino,2021-05-01,472,73701,433,38695,33,32818,6,2188,368,9102,103,33225,374,42327,California
Mendocino,2021-05-02,55,73756,45,38740,7,32825,3,2191,8,9066,47,33272,11,42338,California
Mendocino,2021-05-03,147,73903,85,38825,40,32865,22,2213,43,9029,102,33374,65,42403,California
Mendocino,2021-05-04,378,74281,252,39077,92,32957,34,2247,140,8965,238,33612,174,42577,California
Mendocino,2021-05-05,874,75155,788,39865,71,33028,15,2262,220,8546,653,34265,234,42811,California
Mendocino,2021-05-06,632,75787,381,40246,229,33257,22,2284,155,8248,475,34740,177,42988,California
Mendocino,2021-05-07,187,75974,35,40281,128,33385,24,2308,123,8332,63,34803,147,43135,California
Mendocino,2021-05-08,125,76099,4,40285,120,33505,1,2309,109,8427,15,34818,110,43245,California
Mendocino,2021-05-09,20,76119,5,40290,14,33519,1,2310,3,8414,17,34835,4,43249,California
Mendocino,2021-05-10,246,76365,163,40453,78,33597,5,2315,152,8477,94,34929,157,43406,California
Mendocino,2021-05-11,275,76640,141,40594,116,33713,18,2333,127,8473,147,35076,143,43549,California
Mendocino,2021-05-12,140,76780,80,40674,52,33765,8,2341,42,8427,96,35172,50,43599,California
Mendocino,2021-05-13,1212,77992,1108,41782,87,33852,17,2358,306,7844,906,36078,323,43922,California
Mendocino,2021-05-14,716,78708,489,42271,163,34015,64,2422,245,7687,466,36544,309,44231,California
Mendocino,2021-05-15,85,78793,29,42300,52,34067,4,2426,40,7686,45,36589,44,44275,California
Mendocino,2021-05-16,116,78909,103,42403,11,34078,2,2428,100,7772,16,36605,102,44377,California
Mendocino,2021-05-17,172,79081,84,42487,72,34150,16,2444,95,7806,77,36682,111,44488,California
Mendocino,2021-05-18,244,79325,118,42605,98,34248,28,2472,107,7804,136,36818,134,44622,California
Mendocino,2021-05-19,329,79654,194,42799,114,34362,21,2493,242,7982,85,36903,263,44885,California
Mendocino,2021-05-20,285,79939,113,42912,130,34492,42,2535,104,7950,178,37081,146,45031,California
Mendocino,2021-05-21,628,80567,462,43374,153,34645,13,2548,493,8322,134,37215,506,45537,California
Mendocino,2021-05-22,777,81344,675,44049,94,34739,8,2556,241,8036,535,37750,249,45786,California
Mendocino,2021-05-23,20,81364,9,44058,4,34743,7,2563,11,8044,9,37759,17,45803,California
Mendocino,2021-05-24,126,81490,43,44101,62,34805,21,2584,60,8060,65,37824,81,45884,California
Mendocino,2021-05-25,294,81784,176,44277,89,34894,29,2613,134,8063,160,37984,163,46047,California
Mendocino,2021-05-26,321,82105,242,44519,68,34962,11,2624,130,8014,190,38174,141,46188,California
Mendocino,2021-05-27,245,82350,112,44631,111,35073,22,2646,102,7996,141,38315,123,46311,California
Mendocino,2021-05-28,235,82585,97,44728,126,35199,12,2658,154,8083,79,38394,166,46477,California
Mendocino,2021-05-29,47,82632,16,44744,26,35225,5,2663,27,8095,20,38414,32,46509,California
Mendocino,2021-05-30,15,82647,2,44746,12,35237,1,2664,10,8101,5,38419,11,46520,California
Mendocino,2021-05-31,5,82652,0,44746,4,35241,1,2665,2,8101,3,38422,3,46523,California
Mendocino,2021-06-01,298,82950,91,44837,198,35439,9,2674,81,7974,217,38639,90,46613,California
Mendocino,2021-06-02,158,83108,60,44897,90,35529,8,2682,57,7941,98,38737,65,46678,California
Mendocino,2021-06-03,555,83663,454,45351,92,35621,9,2691,131,7664,417,39154,140,46818,California
Mendocino,2021-06-04,310,83973,187,45538,101,35722,22,2713,82,7540,228,39382,104,46922,California
Mendocino,2021-06-05,113,84086,60,45598,36,35758,17,2730,52,7549,60,39442,69,46991,California
Mendocino,2021-06-06,62,84148,57,45655,2,35760,3,2733,2,7494,60,39502,5,46996,California
Mendocino,2021-06-07,151,84299,76,45731,63,35823,12,2745,60,7475,91,39593,72,47068,California
Mendocino,2021-06-08,79,84378,47,45778,28,35851,4,2749,29,7458,50,39643,33,47101,California
Merced,2020-12-16,3,3,3,3,0,0,0,0,3,3,0,0,3,3,California
Merced,2020-12-17,7,10,7,10,0,0,0,0,7,10,0,0,7,10,California
Merced,2020-12-18,145,155,145,155,0,0,0,0,145,155,0,0,145,155,California
Merced,2020-12-19,37,192,37,192,0,0,0,0,37,192,0,0,37,192,California
Merced,2020-12-20,18,210,18,210,0,0,0,0,18,210,0,0,18,210,California
Merced,2020-12-21,124,334,121,331,3,3,0,0,124,334,0,0,124,334,California
Merced,2020-12-22,152,486,152,483,0,3,0,0,152,486,0,0,152,486,California
Merced,2020-12-23,250,736,244,727,6,9,0,0,250,736,0,0,250,736,California
Merced,2020-12-24,72,808,72,799,0,9,0,0,72,808,0,0,72,808,California
Merced,2020-12-25,4,812,4,803,0,9,0,0,4,812,0,0,4,812,California
Merced,2020-12-26,6,818,3,806,3,12,0,0,6,818,0,0,6,818,California
Merced,2020-12-27,12,830,11,817,1,13,0,0,12,830,0,0,12,830,California
Merced,2020-12-28,122,952,97,914,25,38,0,0,122,952,0,0,122,952,California
Merced,2020-12-29,181,1133,124,1038,57,95,0,0,181,1133,0,0,181,1133,California
Merced,2020-12-30,216,1349,89,1127,127,222,0,0,216,1349,0,0,216,1349,California
Merced,2020-12-31,103,1452,34,1161,69,291,0,0,103,1452,0,0,103,1452,California
Merced,2021-01-01,5,1457,1,1162,4,295,0,0,5,1457,0,0,5,1457,California
Merced,2021-01-02,129,1586,118,1280,11,306,0,0,129,1586,0,0,129,1586,California
Merced,2021-01-03,9,1595,5,1285,4,310,0,0,9,1595,0,0,9,1595,California
Merced,2021-01-04,81,1676,43,1328,38,348,0,0,81,1676,0,0,81,1676,California
Merced,2021-01-05,321,1997,232,1560,89,437,0,0,315,1987,6,6,317,1993,California
Merced,2021-01-06,256,2253,104,1664,152,589,0,0,251,2233,5,11,251,2244,California
Merced,2021-01-07,186,2439,83,1747,103,692,0,0,175,2396,12,23,175,2419,California
Merced,2021-01-08,527,2966,394,2141,133,825,0,0,374,2618,152,175,374,2793,California
Merced,2021-01-09,22,2988,9,2150,13,838,0,0,17,2630,5,180,17,2810,California
Merced,2021-01-10,11,2999,7,2157,4,842,0,0,7,2633,4,184,7,2817,California
Merced,2021-01-11,230,3229,171,2328,59,901,0,0,103,2611,127,311,105,2922,California
Merced,2021-01-12,291,3520,168,2496,123,1024,0,0,243,2805,49,360,243,3165,California
Merced,2021-01-13,377,3897,175,2671,202,1226,0,0,225,2881,152,512,228,3393,California
Merced,2021-01-14,323,4220,201,2872,122,1348,0,0,157,2874,165,677,158,3551,California
Merced,2021-01-15,584,4804,129,3001,455,1803,0,0,545,3382,40,717,548,4099,California
Merced,2021-01-16,213,5017,129,3130,84,1887,0,0,196,3561,17,734,196,4295,California
Merced,2021-01-17,50,5067,12,3142,38,1925,0,0,49,3609,1,735,49,4344,California
Merced,2021-01-18,262,5329,126,3268,136,2061,0,0,239,3829,23,758,243,4587,California
Merced,2021-01-19,713,6042,589,3857,124,2185,0,0,541,4203,172,930,546,5133,California
Merced,2021-01-20,572,6614,467,4324,105,2290,0,0,515,4664,57,987,518,5651,California
Merced,2021-01-21,1011,7625,651,4975,360,2650,0,0,911,5478,100,1087,914,6565,California
Merced,2021-01-22,1315,8940,694,5669,621,3271,0,0,1287,6750,27,1114,1299,7864,California
Merced,2021-01-23,325,9265,198,5867,127,3398,0,0,218,6861,107,1221,218,8082,California
Merced,2021-01-24,37,9302,15,5882,22,3420,0,0,28,6881,8,1229,28,8110,California
Merced,2021-01-25,729,10031,241,6123,488,3908,0,0,669,7492,59,1288,670,8780,California
Merced,2021-01-26,920,10951,488,6611,432,4340,0,0,677,7954,216,1504,678,9458,California
Merced,2021-01-27,985,11936,588,7199,397,4737,0,0,816,8603,167,1671,816,10274,California
Merced,2021-01-28,1141,13077,595,7794,546,5283,0,0,1017,9498,123,1794,1018,11292,California
Merced,2021-01-29,852,13929,323,8117,529,5812,0,0,599,9860,240,2034,602,11894,California
Merced,2021-01-30,260,14189,28,8145,232,6044,0,0,243,10086,17,2051,243,12137,California
Merced,2021-01-31,47,14236,11,8156,36,6080,0,0,46,10131,1,2052,46,12183,California
Merced,2021-02-01,378,14614,55,8211,323,6403,0,0,327,10409,50,2102,328,12511,California
Merced,2021-02-02,298,14912,179,8390,119,6522,0,0,178,10471,117,2219,179,12690,California
Merced,2021-02-03,350,15262,72,8462,278,6800,0,0,170,10460,181,2400,170,12860,California
Merced,2021-02-04,370,15632,145,8607,225,7025,0,0,239,10570,130,2530,240,13100,California
Merced,2021-02-05,508,16140,169,8776,339,7364,0,0,271,10607,236,2766,273,13373,California
Merced,2021-02-06,389,16529,218,8994,171,7535,0,0,245,10712,141,2907,246,13619,California
Merced,2021-02-07,20,16549,12,9006,8,7543,0,0,13,10718,7,2914,13,13632,California
Merced,2021-02-08,283,16832,198,9204,85,7628,0,0,171,10779,111,3025,172,13804,California
Merced,2021-02-09,1216,18048,956,10160,260,7888,0,0,772,11116,436,3461,773,14577,California
Merced,2021-02-10,1858,19906,1434,11594,424,8312,0,0,1275,11818,573,4034,1275,15852,California
Merced,2021-02-11,2506,22412,2011,13605,495,8807,0,0,1815,12954,679,4713,1815,17667,California
Merced,2021-02-12,1721,24133,1019,14624,702,9509,0,0,746,12745,958,5671,749,18416,California
Merced,2021-02-13,361,24494,207,14831,154,9663,0,0,262,12914,95,5766,264,18680,California
Merced,2021-02-14,118,24612,26,14857,92,9755,0,0,96,12989,22,5788,97,18777,California
Merced,2021-02-15,274,24886,42,14899,232,9987,0,0,169,13061,98,5886,170,18947,California
Merced,2021-02-16,1217,26103,845,15744,372,10359,0,0,835,13537,363,6249,839,19786,California
Merced,2021-02-17,1887,27990,1641,17385,246,10605,0,0,1312,14298,560,6809,1321,21107,California
Merced,2021-02-18,1214,29204,823,18208,391,10996,0,0,404,13916,789,7598,407,21514,California
Merced,2021-02-19,1264,30468,415,18623,849,11845,0,0,538,13736,720,8318,540,22054,California
Merced,2021-02-20,279,30747,32,18655,247,12092,0,0,140,13739,137,8455,140,22194,California
Merced,2021-02-21,77,30824,62,18717,15,12107,0,0,31,13726,44,8499,31,22225,California
Merced,2021-02-22,832,31656,295,19012,537,12644,0,0,481,13859,349,8848,482,22707,California
Merced,2021-02-23,1082,32738,421,19433,661,13305,0,0,638,14060,438,9286,639,23346,California
Merced,2021-02-24,820,33558,303,19736,517,13822,0,0,449,14148,362,9648,450,23796,California
Merced,2021-02-25,1772,35330,880,20616,892,14714,0,0,1318,15018,451,10099,1321,25117,California
Merced,2021-02-26,2156,37486,1381,21997,775,15489,0,0,1741,16352,408,10507,1742,26859,California
Merced,2021-02-27,2609,40095,1183,23180,1426,16915,0,0,2325,18394,283,10790,2325,29184,California
Merced,2021-02-28,310,40405,73,23253,237,17152,0,0,256,18600,50,10840,256,29440,California
Merced,2021-03-01,1126,41531,284,23537,841,17993,1,1,783,19050,334,11174,784,30224,California
Merced,2021-03-02,1757,43288,911,24448,845,18838,1,2,1362,20027,388,11562,1365,31589,California
Merced,2021-03-03,2235,45523,1737,26185,497,19335,1,3,1471,20755,745,12307,1473,33062,California
Merced,2021-03-04,2899,48422,2274,28459,623,19958,2,5,1924,21725,957,13264,1927,34989,California
Merced,2021-03-05,2078,50500,1199,29658,855,20813,24,29,1534,22755,529,13793,1559,36548,California
Merced,2021-03-06,1166,51666,663,30321,481,21294,22,51,910,23432,255,14048,932,37480,California
Merced,2021-03-07,231,51897,67,30388,139,21433,25,76,202,23630,29,14077,227,37707,California
Merced,2021-03-08,1406,53303,808,31196,533,21966,65,141,1190,24669,215,14292,1254,38961,California
Merced,2021-03-09,1697,55000,1004,32200,585,22551,108,249,1099,25284,592,14884,1207,40168,California
Merced,2021-03-10,2709,57709,1875,34075,633,23184,201,450,1630,26054,1064,15948,1834,42002,California
Merced,2021-03-11,1949,59658,699,34774,1048,24232,202,652,1230,26804,704,16652,1454,43456,California
Merced,2021-03-12,2217,61875,903,35677,1042,25274,272,924,1496,27868,716,17368,1780,45236,California
Merced,2021-03-13,1006,62881,310,35987,455,25729,241,1165,702,28516,296,17664,944,46180,California
Merced,2021-03-14,251,63132,137,36124,84,25813,30,1195,150,28596,100,17764,180,46360,California
Merced,2021-03-15,1527,64659,498,36622,772,26585,257,1452,1005,29342,515,18279,1261,47621,California
Merced,2021-03-16,1470,66129,714,37336,529,27114,227,1679,978,30067,481,18760,1206,48827,California
Merced,2021-03-17,1971,68100,1066,38402,727,27841,178,1857,1514,31314,447,19207,1694,50521,California
Merced,2021-03-18,2124,70224,1251,39653,727,28568,146,2003,1396,32156,713,19920,1555,52076,California
Merced,2021-03-19,2668,72892,1456,41109,1017,29585,195,2198,1384,32462,1273,21193,1579,53655,California
Merced,2021-03-20,2453,75345,1523,42632,535,30120,395,2593,961,32336,1487,22680,1361,55016,California
Merced,2021-03-21,556,75901,343,42975,201,30321,12,2605,437,32668,119,22799,451,55467,California
Merced,2021-03-22,1265,77166,631,43606,557,30878,77,2682,886,33263,370,23169,965,56432,California
Merced,2021-03-23,1836,79002,1107,44713,665,31543,64,2746,1354,34205,476,23645,1418,57850,California
Merced,2021-03-24,1471,80473,930,45643,506,32049,35,2781,991,34757,474,24119,1026,58876,California
Merced,2021-03-25,3328,83801,2281,47924,1024,33073,23,2804,2086,35639,1230,25349,2112,60988,California
Merced,2021-03-26,1940,85741,1091,49015,815,33888,34,2838,893,35530,1035,26384,926,61914,California
Merced,2021-03-27,3566,89307,1909,50924,1240,35128,417,3255,1555,35506,1997,28381,1973,63887,California
Merced,2021-03-28,523,89830,216,51140,299,35427,8,3263,214,35421,307,28688,222,64109,California
Merced,2021-03-29,1830,91660,781,51921,882,36309,167,3430,670,35111,1151,29839,841,64950,California
Merced,2021-03-30,2149,93809,804,52725,1286,37595,59,3489,990,35009,1153,30992,1051,66001,California
Merced,2021-03-31,2149,95958,1412,54137,699,38294,38,3527,953,34823,1178,32170,992,66993,California
Merced,2021-04-01,2286,98244,1031,55168,1126,39420,129,3656,1019,34714,1258,33428,1149,68142,California
Merced,2021-04-02,2336,100580,639,55807,1293,40713,404,4060,784,34368,1535,34963,1189,69331,California
Merced,2021-04-03,957,101537,479,56286,463,41176,15,4075,546,34524,407,35370,563,69894,California
Merced,2021-04-04,369,101906,143,56429,223,41399,3,4078,141,34443,227,35597,146,70040,California
Merced,2021-04-05,1277,103183,609,57038,455,41854,213,4291,419,34223,851,36448,631,70671,California
Merced,2021-04-06,2421,105604,894,57932,699,42553,828,5119,890,34413,1526,37974,1716,72387,California
Merced,2021-04-07,1667,107271,893,58825,666,43219,108,5227,590,34054,1059,39033,700,73087,California
Merced,2021-04-08,2336,109607,1204,60029,917,44136,215,5442,851,33665,1453,40486,1064,74151,California
Merced,2021-04-09,1695,111302,471,60500,648,44784,576,6018,565,33696,1112,41598,1143,75294,California
Merced,2021-04-10,977,112279,368,60868,422,45206,187,6205,175,33260,796,42394,360,75654,California
Merced,2021-04-11,488,112767,282,61150,72,45278,134,6339,148,33205,338,42732,283,75937,California
Merced,2021-04-12,1463,114230,945,62095,394,45672,124,6463,828,33558,599,43331,952,76889,California
Merced,2021-04-13,2044,116274,1464,63559,577,46249,3,6466,939,33490,1014,44345,946,77835,California
Merced,2021-04-14,2060,118334,1228,64787,832,47081,0,6466,909,33382,1019,45364,911,78746,California
Merced,2021-04-15,3023,121357,1979,66766,1044,48125,0,6466,955,32508,1835,47199,961,79707,California
Merced,2021-04-16,2379,123736,1165,67931,1214,49339,0,6466,970,32167,1311,48510,970,80677,California
Merced,2021-04-17,2005,125741,1346,69277,658,49997,1,6467,604,31379,1394,49904,606,81283,California
Merced,2021-04-18,471,126212,248,69525,223,50220,0,6467,191,31318,252,50156,191,81474,California
Merced,2021-04-19,1337,127549,751,70276,586,50806,0,6467,706,31490,535,50691,707,82181,California
Merced,2021-04-20,1476,129025,741,71017,735,51541,0,6467,804,31691,603,51294,804,82985,California
Merced,2021-04-21,1491,130516,900,71917,591,52132,0,6467,755,31823,624,51918,756,83741,California
Merced,2021-04-22,1619,132135,743,72660,876,53008,0,6467,782,31850,756,52674,783,84524,California
Merced,2021-04-23,1648,133783,685,73345,963,53971,0,6467,887,32023,715,53389,888,85412,California
Merced,2021-04-24,584,134367,414,73759,170,54141,0,6467,394,32232,185,53574,394,85806,California
Merced,2021-04-25,325,134692,185,73944,140,54281,0,6467,191,32292,131,53705,191,85997,California
Merced,2021-04-26,1219,135911,534,74478,685,54966,0,6467,639,32386,547,54252,641,86638,California
Merced,2021-04-27,1754,137665,887,75365,857,55823,10,6477,705,32121,981,55233,716,87354,California
Merced,2021-04-28,1371,139036,679,76044,683,56506,9,6486,784,32350,565,55798,794,88148,California
Merced,2021-04-29,1412,140448,601,76645,786,57292,25,6511,656,32286,747,56545,683,88831,California
Merced,2021-04-30,1458,141906,617,77262,797,58089,44,6555,749,32377,703,57248,794,89625,California
Merced,2021-05-01,558,142464,240,77502,313,58402,5,6560,259,32345,295,57543,263,89888,California
Merced,2021-05-02,296,142760,121,77623,160,58562,15,6575,132,32331,163,57706,149,90037,California
Merced,2021-05-03,843,143603,552,78175,221,58783,70,6645,302,32166,538,58244,373,90410,California
Merced,2021-05-04,1015,144618,543,78718,420,59203,52,6697,374,31954,638,58882,426,90836,California
Merced,2021-05-05,1213,145831,716,79434,421,59624,76,6773,532,31893,670,59552,609,91445,California
Merced,2021-05-06,916,146747,480,79914,386,60010,50,6823,303,31641,605,60157,353,91798,California
Merced,2021-05-07,935,147682,291,80205,602,60612,42,6865,396,31546,535,60692,440,92238,California
Merced,2021-05-08,396,148078,202,80407,158,60770,36,6901,181,31549,214,60906,217,92455,California
Merced,2021-05-09,213,148291,106,80513,100,60870,7,6908,102,31548,110,61016,109,92564,California
Merced,2021-05-10,693,148984,355,80868,301,61171,37,6945,190,31274,502,61518,228,92792,California
Merced,2021-05-11,1119,150103,662,81530,404,61575,53,6998,433,31080,680,62198,486,93278,California
Merced,2021-05-12,1001,151104,538,82068,422,61997,41,7039,320,30763,678,62876,361,93639,California
Merced,2021-05-13,802,151906,403,82471,357,62354,42,7081,299,30606,499,63375,342,93981,California
Merced,2021-05-14,1024,152930,615,83086,369,62723,40,7121,535,30698,483,63858,575,94556,California
Merced,2021-05-15,752,153682,569,83655,164,62887,19,7140,445,30865,298,64156,465,95021,California
Merced,2021-05-16,349,154031,233,83888,108,62995,8,7148,200,30927,147,64303,209,95230,California
Merced,2021-05-17,1093,155124,713,84601,350,63345,30,7178,540,30951,547,64850,571,95801,California
Merced,2021-05-18,1269,156393,849,85450,389,63734,31,7209,722,31163,541,65391,753,96554,California
Merced,2021-05-19,1096,157489,747,86197,342,64076,7,7216,618,31319,473,65864,629,97183,California
Merced,2021-05-20,912,158401,471,86668,386,64462,55,7271,340,31144,570,66434,395,97578,California
Merced,2021-05-21,1069,159470,608,87276,435,64897,26,7297,439,30989,620,67054,465,98043,California
Merced,2021-05-22,648,160118,463,87739,172,65069,13,7310,371,31099,274,67328,384,98427,California
Merced,2021-05-23,285,160403,214,87953,60,65129,11,7321,205,31235,80,67408,216,98643,California
Merced,2021-05-24,532,160935,246,88199,256,65385,30,7351,216,31169,313,67721,247,98890,California
Merced,2021-05-25,759,161694,429,88628,296,65681,34,7385,403,31253,353,68074,437,99327,California
Merced,2021-05-26,946,162640,525,89153,388,66069,33,7418,380,31102,564,68638,413,99740,California
Merced,2021-05-27,923,163563,652,89805,238,66307,33,7451,572,31362,346,68984,606,100346,California
Merced,2021-05-28,764,164327,345,90150,372,66679,47,7498,340,31333,417,69401,388,100734,California
Merced,2021-05-29,393,164720,273,90423,112,66791,8,7506,174,31300,216,69617,183,100917,California
Merced,2021-05-30,213,164933,145,90568,57,66848,11,7517,134,31367,78,69695,145,101062,California
Merced,2021-05-31,110,165043,24,90592,80,66928,6,7523,31,31328,77,69772,38,101100,California
Merced,2021-06-01,789,165832,468,91060,289,67217,32,7555,341,31256,444,70216,372,101472,California
Merced,2021-06-02,676,166508,481,91541,169,67386,26,7581,373,31359,296,70512,399,101871,California
Merced,2021-06-03,749,167257,476,92017,240,67626,33,7614,349,31345,395,70907,381,102252,California
Merced,2021-06-04,732,167989,437,92454,274,67900,21,7635,305,31250,422,71329,327,102579,California
Merced,2021-06-05,481,168470,380,92834,93,67993,8,7643,177,31134,301,71630,185,102764,California
Merced,2021-06-06,225,168695,190,93024,29,68022,6,7649,84,31083,141,71771,90,102854,California
Merced,2021-06-07,611,169306,501,93525,99,68121,11,7660,176,30837,435,72206,189,103043,California
Merced,2021-06-08,375,169681,287,93812,80,68201,8,7668,91,30654,282,72488,99,103142,California
Modoc,2020-12-16,1,1,1,1,0,0,0,0,1,1,0,0,1,1,California
Modoc,2020-12-21,100,101,100,101,0,0,0,0,100,101,0,0,100,101,California
Modoc,2020-12-22,14,115,14,115,0,0,0,0,14,115,0,0,14,115,California
Modoc,2020-12-23,4,119,4,119,0,0,0,0,4,119,0,0,4,119,California
Modoc,2020-12-24,1,120,1,120,0,0,0,0,1,120,0,0,1,120,California
Modoc,2020-12-28,2,122,2,122,0,0,0,0,2,122,0,0,2,122,California
Modoc,2020-12-29,9,131,1,123,8,8,0,0,9,131,0,0,9,131,California
Modoc,2020-12-30,8,139,1,124,7,15,0,0,8,139,0,0,8,139,California
Modoc,2021-01-02,3,142,1,125,2,17,0,0,3,142,0,0,3,142,California
Modoc,2021-01-04,8,150,0,125,8,25,0,0,8,150,0,0,8,150,California
Modoc,2021-01-05,3,153,2,127,1,26,0,0,3,153,0,0,3,153,California
Modoc,2021-01-06,3,156,2,129,1,27,0,0,2,154,1,1,2,155,California
Modoc,2021-01-07,73,229,0,129,73,100,0,0,73,227,0,1,73,228,California
Modoc,2021-01-08,106,335,0,129,106,206,0,0,106,333,0,1,106,334,California
Modoc,2021-01-10,1,336,1,130,0,206,0,0,0,332,1,2,0,334,California
Modoc,2021-01-11,91,427,82,212,9,215,0,0,19,279,72,74,19,353,California
Modoc,2021-01-12,94,521,25,237,69,284,0,0,68,321,26,100,68,421,California
Modoc,2021-01-13,24,545,4,241,20,304,0,0,22,341,2,102,22,443,California
Modoc,2021-01-14,129,674,6,247,123,427,0,0,124,460,5,107,124,567,California
Modoc,2021-01-15,6,680,1,248,5,432,0,0,6,466,0,107,6,573,California
Modoc,2021-01-16,1,681,1,249,0,432,0,0,1,467,0,107,1,574,California
Modoc,2021-01-18,1,682,1,250,0,432,0,0,1,468,0,107,1,575,California
Modoc,2021-01-19,5,687,3,253,2,434,0,0,3,469,2,109,3,578,California
Modoc,2021-01-20,13,700,3,256,10,444,0,0,12,480,1,110,12,590,California
Modoc,2021-01-21,158,858,2,258,156,600,0,0,158,638,0,110,158,748,California
Modoc,2021-01-22,3,861,1,259,2,602,0,0,3,641,0,110,3,751,California
Modoc,2021-01-25,11,872,0,259,11,613,0,0,11,652,0,110,11,762,California
Modoc,2021-01-26,90,962,1,260,89,702,0,0,90,742,0,110,90,852,California
Modoc,2021-01-27,40,1002,3,263,37,739,0,0,25,752,15,125,25,877,California
Modoc,2021-01-28,148,1150,3,266,145,884,0,0,147,898,1,126,147,1024,California
Modoc,2021-01-29,4,1154,1,267,3,887,0,0,4,902,0,126,4,1028,California
Modoc,2021-02-01,26,1180,13,280,13,900,0,0,12,900,14,140,12,1040,California
Modoc,2021-02-02,171,1351,2,282,169,1069,0,0,168,1065,3,143,168,1208,California
Modoc,2021-02-03,18,1369,13,295,5,1074,0,0,11,1069,7,150,11,1219,California
Modoc,2021-02-04,158,1527,3,298,155,1229,0,0,29,969,129,279,29,1248,California
Modoc,2021-02-05,3,1530,2,300,1,1230,0,0,2,970,1,280,2,1250,California
Modoc,2021-02-08,10,1540,2,302,8,1238,0,0,9,978,1,281,9,1259,California
Modoc,2021-02-09,198,1738,12,314,186,1424,0,0,65,910,133,414,65,1324,California
Modoc,2021-02-10,6,1744,3,317,3,1427,0,0,4,912,2,416,4,1328,California
Modoc,2021-02-11,201,1945,3,320,198,1625,0,0,83,877,118,534,83,1411,California
Modoc,2021-02-12,7,1952,1,321,6,1631,0,0,3,876,4,538,3,1414,California
Modoc,2021-02-13,1,1953,0,321,1,1632,0,0,1,877,0,538,1,1415,California
Modoc,2021-02-16,147,2100,6,327,141,1773,0,0,143,1016,4,542,143,1558,California
Modoc,2021-02-17,25,2125,2,329,23,1796,0,0,12,1015,13,555,12,1570,California
Modoc,2021-02-18,189,2314,3,332,186,1982,0,0,23,875,165,720,25,1595,California
Modoc,2021-02-19,3,2317,3,335,0,1982,0,0,2,876,1,721,2,1597,California
Modoc,2021-02-20,1,2318,1,336,0,1982,0,0,0,875,1,722,0,1597,California
Modoc,2021-02-22,17,2335,9,345,8,1990,0,0,3,864,14,736,3,1600,California
Modoc,2021-02-23,52,2387,2,347,50,2040,0,0,8,828,44,780,8,1608,California
Modoc,2021-02-24,90,2477,1,348,89,2129,0,0,31,800,59,839,31,1639,California
Modoc,2021-02-25,170,2647,0,348,170,2299,0,0,12,654,158,997,12,1651,California
Modoc,2021-02-26,3,2650,0,348,3,2302,0,0,1,653,2,999,1,1652,California
Modoc,2021-02-27,3,2653,3,351,0,2302,0,0,2,654,1,1000,2,1654,California
Modoc,2021-03-01,5,2658,0,351,5,2307,0,0,0,650,4,1004,0,1654,California
Modoc,2021-03-02,194,2852,12,363,182,2489,0,0,26,508,168,1172,26,1680,California
Modoc,2021-03-03,12,2864,6,369,6,2495,0,0,2,500,10,1182,2,1682,California
Modoc,2021-03-04,176,3040,2,371,174,2669,0,0,147,618,29,1211,147,1829,California
Modoc,2021-03-05,3,3043,2,373,1,2670,0,0,2,619,1,1212,2,1831,California
Modoc,2021-03-06,11,3054,0,373,1,2671,10,10,1,620,10,1222,11,1842,California
Modoc,2021-03-07,8,3062,2,375,0,2671,6,16,2,622,6,1228,8,1850,California
Modoc,2021-03-08,8,3070,1,376,3,2674,4,20,1,621,6,1234,5,1855,California
Modoc,2021-03-09,127,3197,10,386,109,2783,8,28,61,624,66,1300,69,1924,California
Modoc,2021-03-10,9,3206,3,389,2,2785,4,32,4,627,5,1305,8,1932,California
Modoc,2021-03-11,207,3413,0,389,99,2884,108,140,22,572,185,1490,130,2062,California
Modoc,2021-03-12,10,3423,1,390,4,2888,5,145,4,575,6,1496,9,2071,California
Modoc,2021-03-13,4,3427,0,390,1,2889,3,148,1,576,3,1499,4,2075,California
Modoc,2021-03-15,14,3441,1,391,12,2901,1,149,12,587,2,1501,13,2088,California
Modoc,2021-03-16,173,3614,1,392,168,3069,4,153,42,501,131,1632,45,2133,California
Modoc,2021-03-17,10,3624,1,393,4,3073,5,158,2,500,8,1640,7,2140,California
Modoc,2021-03-18,67,3691,2,395,58,3131,7,165,36,512,31,1671,43,2183,California
Modoc,2021-03-19,5,3696,0,395,0,3131,5,170,0,512,5,1676,5,2188,California
Modoc,2021-03-20,5,3701,2,397,0,3131,3,173,0,510,5,1681,3,2191,California
Modoc,2021-03-21,4,3705,1,398,1,3132,2,175,2,512,2,1683,4,2195,California
Modoc,2021-03-22,17,3722,1,399,11,3143,5,180,12,524,5,1688,17,2212,California
Modoc,2021-03-23,54,3776,7,406,44,3187,3,183,39,551,15,1703,42,2254,California
Modoc,2021-03-24,29,3805,1,407,18,3205,10,193,1,534,28,1731,11,2265,California
Modoc,2021-03-25,78,3883,2,409,74,3279,2,195,46,550,32,1763,48,2313,California
Modoc,2021-03-26,7,3890,2,411,2,3281,3,198,2,550,5,1768,5,2318,California
Modoc,2021-03-27,2,3892,0,411,1,3282,1,199,1,551,1,1769,2,2320,California
Modoc,2021-03-28,2,3894,1,412,0,3282,1,200,0,550,2,1771,1,2321,California
Modoc,2021-03-29,15,3909,1,413,6,3288,8,208,6,555,9,1780,14,2335,California
Modoc,2021-03-30,54,3963,9,422,38,3326,7,215,20,548,34,1814,27,2362,California
Modoc,2021-03-31,9,3972,3,425,2,3328,4,219,3,549,6,1820,7,2369,California
Modoc,2021-04-01,169,4141,2,427,162,3490,5,224,34,453,135,1955,39,2408,California
Modoc,2021-04-02,5,4146,0,427,2,3492,3,227,1,454,3,1958,4,2412,California
Modoc,2021-04-03,4,4150,1,428,0,3492,3,230,1,455,2,1960,3,2415,California
Modoc,2021-04-05,10,4160,0,428,9,3501,1,231,9,464,1,1961,10,2425,California
Modoc,2021-04-06,24,4184,5,433,9,3510,10,241,6,462,18,1979,16,2441,California
Modoc,2021-04-07,12,4196,1,434,4,3514,7,248,3,463,9,1988,10,2451,California
Modoc,2021-04-08,96,4292,1,435,92,3606,3,251,26,422,70,2058,29,2480,California
Modoc,2021-04-09,11,4303,2,437,6,3612,3,254,2,417,9,2067,4,2484,California
Modoc,2021-04-10,5,4308,0,437,1,3613,4,258,0,416,5,2072,4,2488,California
Modoc,2021-04-11,2,4310,2,439,0,3613,0,258,1,416,1,2073,1,2489,California
Modoc,2021-04-12,14,4324,0,439,10,3623,4,262,1,410,11,2084,5,2494,California
Modoc,2021-04-13,33,4357,30,469,3,3626,0,262,22,421,11,2095,22,2516,California
Modoc,2021-04-14,2,4359,2,471,0,3626,0,262,1,421,1,2096,1,2517,California
Modoc,2021-04-15,101,4460,0,471,101,3727,0,262,28,376,73,2169,28,2545,California
Modoc,2021-04-16,6,4466,4,475,2,3729,0,262,5,380,1,2170,5,2550,California
Modoc,2021-04-17,2,4468,2,477,0,3729,0,262,2,382,0,2170,2,2552,California
Modoc,2021-04-18,1,4469,0,477,1,3730,0,262,1,383,0,2170,1,2553,California
Modoc,2021-04-19,6,4475,0,477,6,3736,0,262,1,379,5,2175,1,2554,California
Modoc,2021-04-20,40,4515,2,479,38,3774,0,262,9,357,31,2206,9,2563,California
Modoc,2021-04-21,3,4518,3,482,0,3774,0,262,1,356,2,2208,1,2564,California
Modoc,2021-04-22,96,4614,2,484,94,3868,0,262,38,336,58,2266,38,2602,California
Modoc,2021-04-23,4,4618,0,484,4,3872,0,262,3,338,1,2267,3,2605,California
Modoc,2021-04-24,2,4620,0,484,1,3873,1,263,1,339,1,2268,2,2607,California
Modoc,2021-04-25,1,4621,1,485,0,3873,0,263,1,340,0,2268,1,2608,California
Modoc,2021-04-26,8,4629,0,485,8,3881,0,263,2,336,6,2274,2,2610,California
Modoc,2021-04-27,5,4634,4,489,0,3881,1,264,0,332,5,2279,1,2611,California
Modoc,2021-04-28,6,4640,1,490,4,3885,1,265,2,331,4,2283,3,2614,California
Modoc,2021-04-29,65,4705,1,491,64,3949,0,265,21,308,44,2327,21,2635,California
Modoc,2021-04-30,3,4708,2,493,1,3950,0,265,1,307,2,2329,1,2636,California
Modoc,2021-05-01,1,4709,1,494,0,3950,0,265,0,306,1,2330,0,2636,California
Modoc,2021-05-02,4,4713,3,497,1,3951,0,265,3,308,1,2331,3,2639,California
Modoc,2021-05-03,13,4726,0,497,12,3963,1,266,3,302,10,2341,4,2643,California
Modoc,2021-05-04,11,4737,3,500,6,3969,2,268,5,303,6,2347,7,2650,California
Modoc,2021-05-05,28,4765,25,525,2,3971,1,269,8,292,20,2367,9,2659,California
Modoc,2021-05-06,54,4819,3,528,49,4020,2,271,21,282,33,2400,23,2682,California
Modoc,2021-05-07,8,4827,3,531,3,4023,2,273,2,280,6,2406,4,2686,California
Modoc,2021-05-08,3,4830,2,533,0,4023,1,274,1,280,2,2408,2,2688,California
Modoc,2021-05-09,1,4831,1,534,0,4023,0,274,0,279,1,2409,0,2688,California
Modoc,2021-05-10,2,4833,0,534,1,4024,1,275,1,280,1,2410,2,2690,California
Modoc,2021-05-11,3,4836,2,536,0,4024,1,276,0,278,3,2413,1,2691,California
Modoc,2021-05-12,2,4838,0,536,0,4024,2,278,0,278,2,2415,2,2693,California
Modoc,2021-05-13,43,4881,0,536,39,4063,4,282,14,267,29,2444,18,2711,California
Modoc,2021-05-14,9,4890,3,539,1,4064,5,287,4,271,5,2449,9,2720,California
Modoc,2021-05-15,4,4894,3,542,1,4065,0,287,4,275,0,2449,4,2724,California
Modoc,2021-05-16,2,4896,1,543,1,4066,0,287,0,273,2,2451,0,2724,California
Modoc,2021-05-17,7,4903,3,546,4,4070,0,287,4,274,3,2454,4,2728,California
Modoc,2021-05-18,25,4928,12,558,11,4081,2,289,14,279,11,2465,16,2744,California
Modoc,2021-05-19,8,4936,1,559,3,4084,4,293,4,283,4,2469,8,2752,California
Modoc,2021-05-20,58,4994,3,562,46,4130,9,302,8,250,50,2519,17,2769,California
Modoc,2021-05-21,5,4999,3,565,1,4131,1,303,2,250,3,2522,3,2772,California
Modoc,2021-05-22,2,5001,2,567,0,4131,0,303,1,250,1,2523,1,2773,California
Modoc,2021-05-23,2,5003,2,569,0,4131,0,303,0,248,2,2525,0,2773,California
Modoc,2021-05-24,4,5007,1,570,1,4132,2,305,2,250,2,2527,4,2777,California
Modoc,2021-05-25,2,5009,1,571,1,4133,0,305,1,250,1,2528,1,2778,California
Modoc,2021-05-26,35,5044,32,603,3,4136,0,305,25,266,10,2538,26,2804,California
Modoc,2021-05-27,30,5074,2,605,22,4158,6,311,7,256,23,2561,13,2817,California
Modoc,2021-05-28,8,5082,1,606,4,4162,3,314,3,257,5,2566,6,2823,California
Modoc,2021-05-29,1,5083,1,607,0,4162,0,314,0,256,1,2567,0,2823,California
Modoc,2021-06-01,7,5090,0,607,6,4168,1,315,2,254,5,2572,3,2826,California
Modoc,2021-06-02,11,5101,0,607,9,4177,2,317,5,255,6,2578,7,2833,California
Modoc,2021-06-03,25,5126,1,608,22,4199,2,319,4,240,21,2599,6,2839,California
Modoc,2021-06-04,5,5131,3,611,1,4200,1,320,0,236,5,2604,1,2840,California
Modoc,2021-06-07,4,5135,4,615,0,4200,0,320,1,234,3,2607,1,2841,California
Modoc,2021-06-08,24,5159,7,622,17,4217,0,320,18,246,6,2613,18,2859,California
Mono,2020-12-18,1,1,1,1,0,0,0,0,1,1,0,0,1,1,California
Mono,2020-12-19,5,6,5,6,0,0,0,0,5,6,0,0,5,6,California
Mono,2020-12-20,7,13,7,13,0,0,0,0,7,13,0,0,7,13,California
Mono,2020-12-21,24,37,17,30,7,7,0,0,24,37,0,0,24,37,California
Mono,2020-12-22,67,104,66,96,1,8,0,0,67,104,0,0,67,104,California
Mono,2020-12-23,71,175,43,139,28,36,0,0,71,175,0,0,71,175,California
Mono,2020-12-24,3,178,1,140,2,38,0,0,3,178,0,0,3,178,California
Mono,2020-12-26,3,181,3,143,0,38,0,0,3,181,0,0,3,181,California
Mono,2020-12-27,1,182,0,143,1,39,0,0,1,182,0,0,1,182,California
Mono,2020-12-28,94,276,63,206,31,70,0,0,94,276,0,0,94,276,California
Mono,2020-12-29,29,305,29,235,0,70,0,0,29,305,0,0,29,305,California
Mono,2020-12-30,77,382,36,271,41,111,0,0,77,382,0,0,77,382,California
Mono,2020-12-31,4,386,1,272,3,114,0,0,4,386,0,0,4,386,California
Mono,2021-01-01,4,390,4,276,0,114,0,0,4,390,0,0,4,390,California
Mono,2021-01-02,2,392,2,278,0,114,0,0,2,392,0,0,2,392,California
Mono,2021-01-04,2,394,0,278,2,116,0,0,2,394,0,0,2,394,California
Mono,2021-01-05,45,439,2,280,43,159,0,0,44,437,1,1,44,438,California
Mono,2021-01-06,48,487,0,280,48,207,0,0,48,485,0,1,48,486,California
Mono,2021-01-07,55,542,3,283,52,259,0,0,53,537,2,3,54,540,California
Mono,2021-01-08,2,544,1,284,1,260,0,0,1,537,1,4,1,541,California
Mono,2021-01-09,4,548,4,288,0,260,0,0,0,533,4,8,0,541,California
Mono,2021-01-10,5,553,5,293,0,260,0,0,0,528,5,13,0,541,California
Mono,2021-01-11,8,561,5,298,3,263,0,0,4,528,4,17,4,545,California
Mono,2021-01-12,285,846,77,375,208,471,0,0,220,684,64,81,220,765,California
Mono,2021-01-13,233,1079,73,448,160,631,0,0,178,807,55,136,178,943,California
Mono,2021-01-14,74,1153,71,519,3,634,0,0,74,881,0,136,74,1017,California
Mono,2021-01-15,66,1219,2,521,64,698,0,0,66,947,0,136,66,1083,California
Mono,2021-01-16,4,1223,3,524,1,699,0,0,1,945,3,139,1,1084,California
Mono,2021-01-18,64,1287,55,579,9,708,0,0,2,885,62,201,2,1086,California
Mono,2021-01-19,211,1498,209,788,2,710,0,0,173,1021,38,239,174,1260,California
Mono,2021-01-20,231,1729,199,987,32,742,0,0,170,1130,61,300,170,1430,California
Mono,2021-01-21,6,1735,3,990,3,745,0,0,6,1136,0,300,6,1436,California
Mono,2021-01-22,4,1739,0,990,4,749,0,0,4,1140,0,300,4,1440,California
Mono,2021-01-23,591,2330,591,1581,0,749,0,0,590,1729,1,301,590,2030,California
Mono,2021-01-24,1,2331,0,1581,1,750,0,0,0,1728,1,302,0,2030,California
Mono,2021-01-25,202,2533,164,1745,38,788,0,0,163,1852,39,341,163,2193,California
Mono,2021-01-26,505,3038,503,2248,2,790,0,0,499,2345,6,347,499,2692,California
Mono,2021-01-27,5,3043,1,2249,4,794,0,0,5,2350,0,347,5,2697,California
Mono,2021-01-28,6,3049,2,2251,4,798,0,0,2,2348,4,351,2,2699,California
Mono,2021-01-30,200,3249,198,2449,2,800,0,0,199,2546,1,352,199,2898,California
Mono,2021-01-31,246,3495,138,2587,108,908,0,0,139,2578,107,459,139,3037,California
Mono,2021-02-01,27,3522,27,2614,0,908,0,0,0,2551,27,486,0,3037,California
Mono,2021-02-02,5,3527,0,2614,5,913,0,0,2,2550,3,489,2,3039,California
Mono,2021-02-03,5,3532,2,2616,3,916,0,0,2,2549,3,492,2,3041,California
Mono,2021-02-04,212,3744,158,2774,54,970,0,0,91,2520,120,612,91,3132,California
Mono,2021-02-05,619,4363,613,3387,6,976,0,0,616,3133,3,615,616,3748,California
Mono,2021-02-06,138,4501,137,3524,1,977,0,0,137,3269,1,616,137,3885,California
Mono,2021-02-07,2,4503,0,3524,2,979,0,0,2,3271,0,616,2,3887,California
Mono,2021-02-08,173,4676,173,3697,0,979,0,0,15,3129,157,773,15,3902,California
Mono,2021-02-09,227,4903,6,3703,221,1200,0,0,14,2930,213,986,14,3916,California
Mono,2021-02-10,538,5441,188,3891,350,1550,0,0,194,2781,344,1330,195,4111,California
Mono,2021-02-11,8,5449,4,3895,4,1554,0,0,2,2777,6,1336,2,4113,California
Mono,2021-02-12,89,5538,21,3916,68,1622,0,0,27,2742,62,1398,27,4140,California
Mono,2021-02-13,584,6122,584,4500,0,1622,0,0,27,2213,556,1954,27,4167,California
Mono,2021-02-15,166,6288,164,4664,2,1624,0,0,3,2055,161,2115,3,4170,California
Mono,2021-02-16,518,6806,514,5178,4,1628,0,0,46,1632,469,2584,46,4216,California
Mono,2021-02-17,6,6812,2,5180,4,1632,0,0,2,1630,4,2588,2,4218,California
Mono,2021-02-18,6,6818,2,5182,4,1636,0,0,2,1628,4,2592,2,4220,California
Mono,2021-02-19,54,6872,53,5235,1,1637,0,0,54,1682,0,2592,54,4274,California
Mono,2021-02-20,5,6877,5,5240,0,1637,0,0,5,1687,0,2592,5,4279,California
Mono,2021-02-21,6,6883,6,5246,0,1637,0,0,4,1689,2,2594,4,4283,California
Mono,2021-02-22,283,7166,282,5528,1,1638,0,0,24,1455,258,2852,24,4307,California
Mono,2021-02-23,138,7304,118,5646,20,1658,0,0,22,1361,116,2968,22,4329,California
Mono,2021-02-24,11,7315,3,5649,8,1666,0,0,4,1358,7,2975,4,4333,California
Mono,2021-02-25,5,7320,2,5651,3,1669,0,0,3,1360,1,2976,3,4336,California
Mono,2021-02-26,599,7919,597,6248,2,1671,0,0,20,802,578,3554,20,4356,California
Mono,2021-02-27,141,8060,137,6385,4,1675,0,0,4,671,135,3689,4,4360,California
Mono,2021-02-28,1,8061,0,6385,0,1675,1,1,0,671,1,3690,1,4361,California
Mono,2021-03-01,2,8063,2,6387,0,1675,0,1,1,672,0,3690,1,4362,California
Mono,2021-03-02,8,8071,4,6391,4,1679,0,1,6,676,2,3692,6,4368,California
Mono,2021-03-03,114,8185,3,6394,111,1790,0,1,110,783,3,3695,110,4478,California
Mono,2021-03-04,6,8191,1,6395,5,1795,0,1,3,783,3,3698,3,4481,California
Mono,2021-03-05,38,8229,29,6424,9,1804,0,1,12,769,26,3724,12,4493,California
Mono,2021-03-06,513,8742,18,6442,495,2299,0,1,504,1267,7,3731,505,4998,California
Mono,2021-03-07,1,8743,0,6442,1,2300,0,1,0,1266,1,3732,0,4998,California
Mono,2021-03-08,544,9287,11,6453,530,2830,3,4,535,1795,9,3741,538,5536,California
Mono,2021-03-09,6,9293,2,6455,3,2833,1,5,3,1797,2,3743,4,5540,California
Mono,2021-03-10,286,9579,90,6545,193,3026,3,8,9,1535,274,4017,12,5552,California
Mono,2021-03-11,10,9589,0,6545,1,3027,9,17,0,1534,10,4027,9,5561,California
Mono,2021-03-12,7,9596,1,6546,1,3028,5,22,0,1532,7,4034,5,5566,California
Mono,2021-03-13,831,10427,394,6940,436,3464,1,23,821,2344,10,4044,822,6388,California
Mono,2021-03-14,5,10432,5,6945,0,3464,0,23,1,2341,4,4048,1,6389,California
Mono,2021-03-15,31,10463,23,6968,3,3467,5,28,14,2344,16,4064,19,6408,California
Mono,2021-03-16,17,10480,6,6974,5,3472,6,34,8,2349,9,4073,14,6422,California
Mono,2021-03-17,32,10512,4,6978,20,3492,8,42,20,2365,12,4085,28,6450,California
Mono,2021-03-18,21,10533,2,6980,11,3503,8,50,9,2370,12,4097,17,6467,California
Mono,2021-03-19,21,10554,1,6981,17,3520,3,53,17,2387,3,4100,20,6487,California
Mono,2021-03-20,5,10559,3,6984,1,3521,1,54,4,2391,1,4101,5,6492,California
Mono,2021-03-22,11,10570,0,6984,6,3527,5,59,5,2395,6,4107,10,6502,California
Mono,2021-03-23,43,10613,6,6990,32,3559,5,64,17,2391,26,4133,22,6524,California
Mono,2021-03-24,13,10626,1,6991,7,3566,5,69,5,2393,8,4141,10,6534,California
Mono,2021-03-25,18,10644,2,6993,12,3578,4,73,12,2403,6,4147,16,6550,California
Mono,2021-03-26,19,10663,3,6996,11,3589,5,78,10,2410,8,4155,15,6565,California
Mono,2021-03-27,359,11022,356,7352,3,3592,0,78,333,2717,26,4181,333,6898,California
Mono,2021-03-29,11,11033,3,7355,7,3599,1,79,9,2725,2,4183,10,6908,California
Mono,2021-03-30,14,11047,0,7355,10,3609,4,83,7,2729,7,4190,11,6919,California
Mono,2021-03-31,134,11181,8,7363,125,3734,1,84,22,2641,111,4301,23,6942,California
Mono,2021-04-01,9,11190,0,7363,8,3742,1,85,4,2641,5,4306,5,6947,California
Mono,2021-04-02,18,11208,2,7365,16,3758,0,85,8,2639,10,4316,8,6955,California
Mono,2021-04-03,879,12087,380,7745,499,4257,0,85,51,1864,826,5142,51,7006,California
Mono,2021-04-04,1,12088,1,7746,0,4257,0,85,0,1863,1,5143,0,7006,California
Mono,2021-04-05,541,12629,18,7764,522,4779,1,86,34,1392,506,5649,35,7041,California
Mono,2021-04-06,19,12648,1,7765,5,4784,13,99,1,1388,18,5667,14,7055,California
Mono,2021-04-07,24,12672,3,7768,2,4786,19,118,3,1389,21,5688,22,7077,California
Mono,2021-04-08,24,12696,4,7772,2,4788,18,136,5,1393,19,5707,23,7100,California
Mono,2021-04-09,37,12733,4,7776,4,4792,29,165,7,1399,30,5737,36,7136,California
Mono,2021-04-10,452,13185,2,7778,443,5235,7,172,30,1014,422,6159,37,7173,California
Mono,2021-04-12,6,13191,0,7778,3,5238,3,175,3,1017,3,6162,6,7179,California
Mono,2021-04-13,20,13211,2,7780,17,5255,1,176,14,1026,6,6168,15,7194,California
Mono,2021-04-14,25,13236,1,7781,24,5279,0,176,7,1015,18,6186,7,7201,California
Mono,2021-04-15,20,13256,5,7786,15,5294,0,176,11,1017,9,6195,11,7212,California
Mono,2021-04-16,17,13273,1,7787,16,5310,0,176,6,1012,11,6206,6,7218,California
Mono,2021-04-17,51,13324,2,7789,49,5359,0,176,44,1049,7,6213,44,7262,California
Mono,2021-04-18,1,13325,0,7789,1,5360,0,176,1,1050,0,6213,1,7263,California
Mono,2021-04-19,533,13858,324,8113,209,5569,0,176,202,923,329,6542,202,7465,California
Mono,2021-04-20,15,13873,2,8115,13,5582,0,176,10,928,5,6547,10,7475,California
Mono,2021-04-21,8,13881,1,8116,7,5589,0,176,2,924,6,6553,2,7477,California
Mono,2021-04-22,25,13906,11,8127,14,5603,0,176,11,921,14,6567,11,7488,California
Mono,2021-04-23,22,13928,2,8129,20,5623,0,176,12,923,10,6577,12,7500,California
Mono,2021-04-24,36,13964,22,8151,14,5637,0,176,21,929,15,6592,21,7521,California
Mono,2021-04-25,5,13969,4,8155,1,5638,0,176,5,934,0,6592,5,7526,California
Mono,2021-04-26,12,13981,1,8156,11,5649,0,176,3,928,9,6601,3,7529,California
Mono,2021-04-27,66,14047,40,8196,19,5668,7,183,50,969,16,6617,57,7586,California
Mono,2021-04-28,64,14111,41,8237,18,5686,5,188,48,1008,14,6631,53,7639,California
Mono,2021-04-29,10,14121,3,8240,4,5690,3,191,3,1007,7,6638,6,7645,California
Mono,2021-04-30,18,14139,3,8243,12,5702,3,194,8,1008,10,6648,11,7656,California
Mono,2021-05-01,108,14247,4,8247,104,5806,0,194,96,1092,12,6660,96,7752,California
Mono,2021-05-02,1,14248,1,8248,0,5806,0,194,1,1093,0,6660,1,7753,California
Mono,2021-05-03,1,14249,0,8248,1,5807,0,194,0,1092,1,6661,0,7753,California
Mono,2021-05-04,18,14267,0,8248,13,5820,5,199,10,1099,8,6669,15,7768,California
Mono,2021-05-05,52,14319,8,8256,40,5860,4,203,45,1141,7,6676,49,7817,California
Mono,2021-05-06,12,14331,2,8258,9,5869,1,204,8,1146,4,6680,9,7826,California
Mono,2021-05-07,29,14360,22,8280,7,5876,0,204,25,1167,4,6684,25,7851,California
Mono,2021-05-08,52,14412,7,8287,45,5921,0,204,22,1159,30,6714,22,7873,California
Mono,2021-05-09,1,14413,1,8288,0,5921,0,204,0,1159,0,6714,0,7873,California
Mono,2021-05-10,17,14430,1,8289,12,5933,4,208,9,1164,8,6722,13,7886,California
Mono,2021-05-11,16,14446,2,8291,11,5944,3,211,5,1161,11,6733,8,7894,California
Mono,2021-05-12,13,14459,1,8292,11,5955,1,212,5,1159,8,6741,6,7900,California
Mono,2021-05-13,44,14503,31,8323,13,5968,0,212,36,1187,8,6749,36,7936,California
Mono,2021-05-14,10,14513,1,8324,8,5976,1,213,5,1188,5,6754,6,7942,California
Mono,2021-05-15,70,14583,28,8352,35,6011,7,220,20,1165,50,6804,27,7969,California
Mono,2021-05-16,6,14589,5,8357,1,6012,0,220,3,1165,3,6807,3,7972,California
Mono,2021-05-17,248,14837,33,8390,208,6220,7,227,53,1032,194,7001,61,8033,California
Mono,2021-05-18,133,14970,109,8499,23,6243,1,228,87,1074,46,7047,88,8121,California
Mono,2021-05-19,118,15088,112,8611,1,6244,5,233,75,1111,43,7090,80,8201,California
Mono,2021-05-20,69,15157,54,8665,10,6254,5,238,52,1151,17,7107,57,8258,California
Mono,2021-05-21,24,15181,4,8669,17,6271,3,241,11,1152,13,7120,14,8272,California
Mono,2021-05-22,21,15202,11,8680,8,6279,2,243,15,1163,6,7126,17,8289,California
Mono,2021-05-23,2,15204,0,8680,2,6281,0,243,1,1163,1,7127,1,8290,California
Mono,2021-05-24,16,15220,2,8682,13,6294,1,244,9,1167,7,7134,11,8301,California
Mono,2021-05-25,14,15234,5,8687,9,6303,0,244,7,1167,7,7141,7,8308,California
Mono,2021-05-26,18,15252,2,8689,15,6318,1,245,7,1164,11,7152,8,8316,California
Mono,2021-05-27,9,15261,0,8689,9,6327,0,245,6,1168,2,7154,6,8322,California
Mono,2021-05-28,41,15302,28,8717,13,6340,0,245,10,1147,31,7185,10,8332,California
Mono,2021-05-29,128,15430,27,8744,98,6438,3,248,32,1086,96,7281,35,8367,California
Mono,2021-06-01,15,15445,7,8751,8,6446,0,248,8,1087,7,7288,8,8375,California
Mono,2021-06-02,48,15493,4,8755,44,6490,0,248,11,1061,37,7325,11,8386,California
Mono,2021-06-03,11,15504,1,8756,7,6497,3,251,1,1055,10,7335,4,8390,California
Mono,2021-06-04,12,15516,1,8757,10,6507,1,252,3,1050,9,7344,4,8394,California
Mono,2021-06-05,40,15556,22,8779,18,6525,0,252,4,1018,36,7380,4,8398,California
Mono,2021-06-06,1,15557,0,8779,1,6526,0,252,0,1017,1,7381,0,8398,California
Mono,2021-06-07,100,15657,88,8867,8,6534,4,256,13,947,87,7468,17,8415,California
Mono,2021-06-08,99,15756,98,8965,0,6534,1,257,7,863,92,7560,8,8423,California
Monterey,2020-12-16,5,5,5,5,0,0,0,0,5,5,0,0,5,5,California
Monterey,2020-12-17,87,92,87,92,0,0,0,0,87,92,0,0,87,92,California
Monterey,2020-12-18,491,583,491,583,0,0,0,0,491,583,0,0,491,583,California
Monterey,2020-12-19,583,1166,582,1165,1,1,0,0,582,1165,0,0,582,1165,California
Monterey,2020-12-20,421,1587,421,1586,0,1,0,0,421,1586,0,0,421,1586,California
Monterey,2020-12-21,725,2312,725,2311,0,1,0,0,725,2311,0,0,725,2311,California
Monterey,2020-12-22,540,2852,527,2838,13,14,0,0,540,2851,0,0,540,2851,California
Monterey,2020-12-23,443,3295,266,3104,177,191,0,0,443,3294,0,0,443,3294,California
Monterey,2020-12-24,84,3379,10,3114,74,265,0,0,84,3378,0,0,84,3378,California
Monterey,2020-12-25,6,3385,0,3114,6,271,0,0,6,3384,0,0,6,3384,California
Monterey,2020-12-26,92,3477,5,3119,87,358,0,0,92,3476,0,0,92,3476,California
Monterey,2020-12-27,6,3483,3,3122,3,361,0,0,6,3482,0,0,6,3482,California
Monterey,2020-12-28,483,3966,25,3147,458,819,0,0,483,3965,0,0,483,3965,California
Monterey,2020-12-29,907,4873,169,3316,738,1557,0,0,907,4872,0,0,907,4872,California
Monterey,2020-12-30,572,5445,100,3416,472,2029,0,0,572,5444,0,0,572,5444,California
Monterey,2020-12-31,33,5478,11,3427,22,2051,0,0,33,5477,0,0,33,5477,California
Monterey,2021-01-01,13,5491,3,3430,10,2061,0,0,13,5490,0,0,13,5490,California
Monterey,2021-01-02,138,5629,135,3565,3,2064,0,0,138,5628,0,0,138,5628,California
Monterey,2021-01-03,31,5660,30,3595,1,2065,0,0,31,5659,0,0,31,5659,California
Monterey,2021-01-04,414,6074,19,3614,395,2460,0,0,414,6073,0,0,414,6073,California
Monterey,2021-01-05,762,6836,333,3947,429,2889,0,0,748,6807,14,14,748,6821,California
Monterey,2021-01-06,666,7502,177,4124,489,3378,0,0,643,7427,23,37,643,7464,California
Monterey,2021-01-07,754,8256,575,4699,179,3557,0,0,428,7531,324,361,428,7892,California
Monterey,2021-01-08,1102,9358,743,5442,359,3916,0,0,399,7227,703,1064,399,8291,California
Monterey,2021-01-09,968,10326,936,6378,32,3948,0,0,315,6891,651,1715,315,8606,California
Monterey,2021-01-10,275,10601,272,6650,3,3951,0,0,9,6634,266,1981,9,8615,California
Monterey,2021-01-11,1076,11677,991,7641,85,4036,0,0,368,6294,708,2689,368,8983,California
Monterey,2021-01-12,476,12153,394,8035,82,4118,0,0,214,6246,262,2951,214,9197,California
Monterey,2021-01-13,1221,13374,594,8629,627,4745,0,0,1175,7375,46,2997,1175,10372,California
Monterey,2021-01-14,1131,14505,169,8798,962,5707,0,0,1112,8472,19,3016,1116,11488,California
Monterey,2021-01-15,1064,15569,46,8844,1018,6725,0,0,1051,9510,13,3029,1051,12539,California
Monterey,2021-01-16,366,15935,301,9145,65,6790,0,0,361,9866,5,3034,361,12900,California
Monterey,2021-01-17,312,16247,292,9437,20,6810,0,0,300,10154,12,3046,300,13200,California
Monterey,2021-01-18,410,16657,49,9486,361,7171,0,0,388,10520,22,3068,388,13588,California
Monterey,2021-01-19,585,17242,397,9883,188,7359,0,0,425,10787,158,3226,425,14013,California
Monterey,2021-01-20,547,17789,270,10153,277,7636,0,0,339,10918,208,3434,339,14352,California
Monterey,2021-01-21,869,18658,95,10248,774,8410,0,0,757,11567,112,3546,761,15113,California
Monterey,2021-01-22,1066,19724,197,10445,869,9279,0,0,1027,12555,39,3585,1027,16140,California
Monterey,2021-01-23,246,19970,177,10622,69,9348,0,0,121,12554,124,3709,123,16263,California
Monterey,2021-01-24,57,20027,38,10660,19,9367,0,0,23,12543,34,3743,23,16286,California
Monterey,2021-01-25,822,20849,180,10840,642,10009,0,0,188,12104,627,4370,188,16474,California
Monterey,2021-01-26,969,21818,231,11071,738,10747,0,0,267,11669,702,5072,267,16741,California
Monterey,2021-01-27,893,22711,319,11390,574,11321,0,0,410,11596,483,5555,410,17151,California
Monterey,2021-01-28,2051,24762,743,12133,1308,12629,0,0,1707,12963,344,5899,1711,18862,California
Monterey,2021-01-29,1289,26051,713,12846,576,13205,0,0,1171,14018,117,6016,1172,20034,California
Monterey,2021-01-30,477,26528,297,13143,180,13385,0,0,220,13981,257,6273,220,20254,California
Monterey,2021-01-31,501,27029,76,13219,425,13810,0,0,490,14461,11,6284,491,20745,California
Monterey,2021-02-01,1668,28697,1155,14374,513,14323,0,0,1099,14992,568,6852,1099,21844,California
Monterey,2021-02-02,2183,30880,463,14837,1720,16043,0,0,1573,15956,609,7461,1573,23417,California
Monterey,2021-02-03,2361,33241,1068,15905,1293,17336,0,0,1579,16757,778,8239,1579,24996,California
Monterey,2021-02-04,2812,36053,2094,17999,718,18054,0,0,2498,18944,311,8550,2498,27494,California
Monterey,2021-02-05,3702,39755,2852,20851,850,18904,0,0,3260,21767,437,8987,3260,30754,California
Monterey,2021-02-06,1126,40881,380,21231,746,19650,0,0,778,22199,346,9333,778,31532,California
Monterey,2021-02-07,322,41203,270,21501,52,19702,0,0,104,22085,218,9551,104,31636,California
Monterey,2021-02-08,529,41732,292,21793,237,19939,0,0,434,22424,95,9646,434,32070,California
Monterey,2021-02-09,897,42629,692,22485,205,20144,0,0,582,22693,315,9961,584,32654,California
Monterey,2021-02-10,2121,44750,1113,23598,1008,21152,0,0,1267,23108,854,10815,1269,33923,California
Monterey,2021-02-11,2519,47269,974,24572,1545,22697,0,0,1553,23699,964,11779,1555,35478,California
Monterey,2021-02-12,2621,49890,435,25007,2186,24883,0,0,1538,24156,1082,12861,1539,37017,California
Monterey,2021-02-13,1090,50980,47,25054,1043,25926,0,0,1000,25067,89,12950,1000,38017,California
Monterey,2021-02-14,611,51591,74,25128,537,26463,0,0,538,25532,73,13023,538,38555,California
Monterey,2021-02-15,1390,52981,165,25293,1225,27688,0,0,993,26131,395,13418,994,39549,California
Monterey,2021-02-16,1104,54085,245,25538,859,28547,0,0,876,26779,228,13646,876,40425,California
Monterey,2021-02-17,1979,56064,1175,26713,804,29351,0,0,1660,28125,316,13962,1662,42087,California
Monterey,2021-02-18,2265,58329,1183,27896,1082,30433,0,0,918,27712,1333,15295,920,43007,California
Monterey,2021-02-19,2968,61297,1543,29439,1425,31858,0,0,1363,27472,1604,16899,1364,44371,California
Monterey,2021-02-20,1054,62351,643,30082,411,32269,0,0,992,28403,61,16960,992,45363,California
Monterey,2021-02-21,1262,63613,1231,31313,31,32300,0,0,1189,29521,71,17031,1189,46552,California
Monterey,2021-02-22,1031,64644,875,32188,156,32456,0,0,657,29806,372,17403,657,47209,California
Monterey,2021-02-23,988,65632,625,32813,363,32819,0,0,308,29436,679,18082,309,47518,California
Monterey,2021-02-24,2522,68154,1346,34159,1176,33995,0,0,1866,30652,651,18733,1867,49385,California
Monterey,2021-02-25,4463,72617,2444,36603,2019,36014,0,0,1506,29209,2950,21683,1507,50892,California
Monterey,2021-02-26,5323,77940,3099,39702,2224,38238,0,0,2642,29174,2678,24361,2643,53535,California
Monterey,2021-02-27,1047,78987,190,39892,857,39095,0,0,822,29776,220,24581,822,54357,California
Monterey,2021-02-28,1552,80539,87,39979,1465,40560,0,0,1084,30397,463,25044,1084,55441,California
Monterey,2021-03-01,1310,81849,157,40136,1150,41710,3,3,760,30616,545,25589,764,56205,California
Monterey,2021-03-02,2823,84672,1743,41879,1080,42790,0,3,1949,31695,870,26459,1949,58154,California
Monterey,2021-03-03,3238,87910,1250,43129,1988,44778,0,3,1293,31047,1942,28401,1294,59448,California
Monterey,2021-03-04,4636,92546,1487,44616,3149,47927,0,3,3000,32416,1631,30032,3000,62448,California
Monterey,2021-03-05,3697,96243,1628,46244,1791,49718,278,281,3021,35040,675,30707,3299,65747,California
Monterey,2021-03-06,5164,101407,1127,47371,3728,53446,309,590,4234,38654,927,31634,4541,70288,California
Monterey,2021-03-07,528,101935,106,47477,172,53618,250,840,231,38836,297,31931,479,70767,California
Monterey,2021-03-08,1673,103608,329,47806,956,54574,388,1228,1122,39793,551,32482,1508,72275,California
Monterey,2021-03-09,2010,105618,696,48502,1040,55614,274,1502,1506,41068,503,32985,1778,74053,California
Monterey,2021-03-10,3240,108858,1045,49547,1706,57320,489,1991,1491,41303,1745,34730,1980,76033,California
Monterey,2021-03-11,4197,113055,1420,50967,2402,59722,375,2366,2415,42317,1775,36505,2789,78822,California
Monterey,2021-03-12,4462,117517,2058,53025,2257,61979,147,2513,2752,43508,1707,38212,2898,81720,California
Monterey,2021-03-13,5351,122868,989,54014,4014,65993,348,2861,4002,46510,1348,39560,4350,86070,California
Monterey,2021-03-14,2178,125046,1346,55360,807,66800,25,2886,584,45535,1584,41144,609,86679,California
Monterey,2021-03-15,3987,129033,1276,56636,2421,69221,290,3176,2282,46405,1701,42845,2571,89250,California
Monterey,2021-03-16,3551,132584,585,57221,2589,71810,377,3553,2123,47475,1426,44271,2496,91746,California
Monterey,2021-03-17,5893,138477,2395,59616,3241,75051,257,3810,4271,50393,1615,45886,4533,96279,California
Monterey,2021-03-18,4509,142986,2194,61810,2144,77195,171,3981,3130,52357,1374,47260,3338,99617,California
Monterey,2021-03-19,5525,148511,2573,64383,2802,79997,150,4131,4226,55440,1294,48554,4377,103994,California
Monterey,2021-03-20,3373,151884,426,64809,2253,82250,694,4825,2281,57327,1088,49642,2975,106969,California
Monterey,2021-03-21,639,152523,207,65016,423,82673,9,4834,568,57834,69,49711,576,107545,California
Monterey,2021-03-22,2502,155025,1445,66461,994,83667,63,4897,2282,59961,216,49927,2343,109888,California
Monterey,2021-03-23,4059,159084,2383,68844,1633,85300,43,4940,2579,61109,1474,51401,2622,112510,California
Monterey,2021-03-24,5178,164262,2168,71012,2695,87995,315,5255,3805,63856,1370,52771,4117,116627,California
Monterey,2021-03-25,5353,169615,1240,72252,3754,91749,359,5614,2692,64255,2653,55424,3052,119679,California
Monterey,2021-03-26,5497,175112,2647,74899,2773,94522,77,5691,2827,64502,2659,58083,2906,122585,California
Monterey,2021-03-27,4943,180055,1514,76413,3172,97694,257,5948,3150,66121,1790,59873,3409,125994,California
Monterey,2021-03-28,1128,181183,350,76763,769,98463,9,5957,633,66273,490,60363,642,126636,California
Monterey,2021-03-29,3254,184437,1435,78198,1805,100268,14,5971,2023,67092,1223,61586,2042,128678,California
Monterey,2021-03-30,4560,188997,2148,80346,2359,102627,53,6024,2804,68206,1746,63332,2860,131538,California
Monterey,2021-03-31,5492,194489,2457,82803,2236,104863,799,6823,3487,70481,2002,65334,4277,135815,California
Monterey,2021-04-01,6228,200717,2092,84895,3724,108587,412,7235,3146,70967,3067,68401,3553,139368,California
Monterey,2021-04-02,4776,205493,2226,87121,2481,111068,69,7304,3205,72677,1568,69969,3278,142646,California
Monterey,2021-04-03,5976,211469,1131,88252,3796,114864,1049,8353,1242,70236,4725,74694,2284,144930,California
Monterey,2021-04-04,778,212247,166,88418,599,115463,13,8366,501,70476,277,74971,517,145447,California
Monterey,2021-04-05,4027,216274,2485,90903,1309,116772,233,8599,1497,69679,2525,77496,1728,147175,California
Monterey,2021-04-06,3476,219750,1361,92264,1638,118410,477,9076,1191,69063,2282,79778,1666,148841,California
Monterey,2021-04-07,5693,225443,1404,93668,3771,122181,518,9594,2719,69332,2963,82741,3232,152073,California
Monterey,2021-04-08,6776,232219,3559,97227,2400,124581,817,10411,3352,70087,3419,86160,4174,156247,California
Monterey,2021-04-09,5809,238028,3460,100687,1706,126287,643,11054,2316,69554,3490,89650,2957,159204,California
Monterey,2021-04-10,10300,248328,4991,105678,3120,129407,2189,13243,5022,71498,5266,94916,7210,166414,California
Monterey,2021-04-11,5551,253879,4366,110044,575,129982,610,13853,4495,75548,1050,95966,5100,171514,California
Monterey,2021-04-12,4176,258055,1891,111935,1959,131941,326,14179,964,73773,3073,99039,1298,172812,California
Monterey,2021-04-13,3249,261304,749,112684,2495,134436,5,14184,1566,73686,1664,100703,1577,174389,California
Monterey,2021-04-14,6866,268170,3194,115878,3669,138105,3,14187,1865,70591,4982,105685,1887,176276,California
Monterey,2021-04-15,5905,274075,3895,119773,2010,140115,0,14187,3855,72427,2021,107706,3857,180133,California
Monterey,2021-04-16,4924,278999,2489,122262,2424,142539,11,14198,2281,72089,2631,110337,2293,182426,California
Monterey,2021-04-17,5794,284793,1367,123629,4427,146966,0,14198,3741,73791,2039,112376,3741,186167,California
Monterey,2021-04-18,854,285647,263,123892,591,147557,0,14198,241,73423,609,112985,241,186408,California
Monterey,2021-04-19,3752,289399,1299,125191,2453,150010,0,14198,1779,73237,1965,114950,1779,188187,California
Monterey,2021-04-20,3880,293279,1603,126794,2277,152287,0,14198,1589,72560,2267,117217,1590,189777,California
Monterey,2021-04-21,6005,299284,3234,130028,2771,155058,0,14198,2894,72382,3074,120291,2896,192673,California
Monterey,2021-04-22,4878,304162,1058,131086,3820,158878,0,14198,2008,71562,2828,123119,2008,194681,California
Monterey,2021-04-23,5680,309842,2651,133737,3028,161906,1,14199,2244,70394,3418,126537,2250,196931,California
Monterey,2021-04-24,4327,314169,593,134330,3734,165640,0,14199,1563,69212,2745,129282,1563,198494,California
Monterey,2021-04-25,1248,315417,618,134948,630,166270,0,14199,797,69568,441,129723,797,199291,California
Monterey,2021-04-26,3754,319171,2220,137168,1517,167787,17,14216,994,67844,2735,132458,1011,200302,California
Monterey,2021-04-27,2769,321940,927,138095,1716,169503,126,14342,1204,67612,1561,134019,1329,201631,California
Monterey,2021-04-28,3667,325607,1397,139492,2117,171620,153,14495,2271,68648,1383,135402,2419,204050,California
Monterey,2021-04-29,4568,330175,2461,141953,2032,173652,75,14570,1673,67514,2883,138285,1749,205799,California
Monterey,2021-04-30,3217,333392,1664,143617,1478,175130,75,14645,810,66000,2397,140682,883,206682,California
Monterey,2021-05-01,5653,339045,4260,147877,1352,176482,41,14686,683,61772,4950,145632,722,207404,California
Monterey,2021-05-02,4378,343423,3948,151825,403,176885,27,14713,315,58065,4049,149681,342,207746,California
Monterey,2021-05-03,2556,345979,1572,153397,867,177752,117,14830,597,56830,1949,151630,714,208460,California
Monterey,2021-05-04,1815,347794,624,154021,1101,178853,90,14920,647,56414,1154,152784,738,209198,California
Monterey,2021-05-05,3363,351157,1225,155246,2052,180905,86,15006,1065,55279,2287,155071,1152,210350,California
Monterey,2021-05-06,4203,355360,2762,158008,1221,182126,220,15226,1132,53574,3057,158128,1352,211702,California
Monterey,2021-05-07,2012,357372,990,158998,922,183048,100,15326,701,53071,1303,159431,800,212502,California
Monterey,2021-05-08,2614,359986,1379,160377,911,183959,324,15650,940,52667,1663,161094,1259,213761,California
Monterey,2021-05-09,405,360391,120,160497,259,184218,26,15676,146,52581,258,161352,172,213933,California
Monterey,2021-05-10,2793,363184,2052,162549,692,184910,49,15725,517,50883,2265,163617,567,214500,California
Monterey,2021-05-11,1818,365002,948,163497,801,185711,69,15794,753,50654,1052,164669,823,215323,California
Monterey,2021-05-12,3842,368844,2037,165534,1721,187432,84,15878,847,48604,2982,167651,932,216255,California
Monterey,2021-05-13,2480,371324,1487,167021,937,188369,56,15934,1440,49068,1030,168681,1494,217749,California
Monterey,2021-05-14,1818,373142,528,167549,1192,189561,98,16032,723,48802,1086,169767,820,218569,California
Monterey,2021-05-15,3354,376496,818,168367,2271,191832,265,16297,942,47605,2400,172167,1203,219772,California
Monterey,2021-05-16,915,377411,561,168928,282,192114,72,16369,232,47231,677,172844,303,220075,California
Monterey,2021-05-17,2205,379616,1300,170228,826,192940,79,16448,1033,47183,1160,174004,1112,221187,California
Monterey,2021-05-18,1756,381372,684,170912,1027,193967,45,16493,809,47102,938,174942,857,222044,California
Monterey,2021-05-19,3652,385024,2364,173276,1198,195165,90,16583,1952,47453,1693,176635,2044,224088,California
Monterey,2021-05-20,2375,387399,850,174126,1416,196581,109,16692,772,46746,1590,178225,883,224971,California
Monterey,2021-05-21,2901,390300,1244,175370,1562,198143,95,16787,922,45794,1968,180193,1016,225987,California
Monterey,2021-05-22,1761,392061,638,176008,842,198985,281,17068,669,45655,1087,181280,948,226935,California
Monterey,2021-05-23,578,392639,422,176430,140,199125,16,17084,409,45916,164,181444,425,227360,California
Monterey,2021-05-24,1679,394318,502,176932,1117,200242,60,17144,545,45392,1130,182574,606,227966,California
Monterey,2021-05-25,1437,395755,543,177475,825,201067,69,17213,577,45193,845,183419,646,228612,California
Monterey,2021-05-26,2667,398422,1037,178512,1576,202643,54,17267,1022,44643,1628,185047,1078,229690,California
Monterey,2021-05-27,2482,400904,1352,179864,1074,203717,56,17323,901,44037,1564,186611,958,230648,California
Monterey,2021-05-28,1737,402641,574,180438,1104,204821,59,17382,760,43892,965,187576,820,231468,California
Monterey,2021-05-29,977,403618,628,181066,319,205140,30,17412,413,43776,559,188135,443,231911,California
Monterey,2021-05-30,379,403997,161,181227,203,205343,15,17427,147,43707,231,188366,162,232073,California
Monterey,2021-05-31,184,404181,32,181259,143,205486,9,17436,53,43638,131,188497,62,232135,California
Monterey,2021-06-01,1718,405899,927,182186,659,206145,132,17568,547,43158,1155,189652,675,232810,California
Monterey,2021-06-02,1682,407581,970,183156,662,206807,50,17618,709,42948,969,190621,759,233569,California
Monterey,2021-06-03,2199,409780,1400,184556,764,207571,35,17653,569,41930,1621,192242,603,234172,California
Monterey,2021-06-04,1323,411103,688,185244,604,208175,31,17684,559,41765,755,192997,590,234762,California
Monterey,2021-06-05,1671,412774,841,186085,687,208862,143,17827,467,41176,1199,194196,610,235372,California
Monterey,2021-06-06,475,413249,391,186476,75,208937,9,17836,277,41264,197,194393,285,235657,California
Monterey,2021-06-07,882,414131,465,186941,372,209309,45,17881,382,41199,490,194883,425,236082,California
Monterey,2021-06-08,451,414582,288,187229,151,209460,12,17893,221,41206,226,195109,233,236315,California
Napa,2020-12-16,12,12,12,12,0,0,0,0,12,12,0,0,12,12,California
Napa,2020-12-17,47,59,47,59,0,0,0,0,47,59,0,0,47,59,California
Napa,2020-12-18,107,166,107,166,0,0,0,0,107,166,0,0,107,166,California
Napa,2020-12-19,221,387,221,387,0,0,0,0,221,387,0,0,221,387,California
Napa,2020-12-20,191,578,191,578,0,0,0,0,191,578,0,0,191,578,California
Napa,2020-12-21,314,892,314,892,0,0,0,0,315,893,0,0,315,893,California
Napa,2020-12-22,342,1234,333,1225,9,9,0,0,342,1235,0,0,342,1235,California
Napa,2020-12-23,436,1670,324,1549,112,121,0,0,436,1671,0,0,436,1671,California
Napa,2020-12-24,139,1809,77,1626,62,183,0,0,139,1810,0,0,139,1810,California
Napa,2020-12-25,1,1810,1,1627,0,183,0,0,1,1811,0,0,1,1811,California
Napa,2020-12-26,40,1850,11,1638,29,212,0,0,40,1851,0,0,40,1851,California
Napa,2020-12-27,32,1882,16,1654,16,228,0,0,32,1883,0,0,32,1883,California
Napa,2020-12-28,252,2134,185,1839,67,295,0,0,281,2164,0,0,281,2164,California
Napa,2020-12-29,272,2406,216,2055,56,351,0,0,305,2469,0,0,305,2469,California
Napa,2020-12-30,635,3041,489,2544,146,497,0,0,643,3112,0,0,643,3112,California
Napa,2020-12-31,461,3502,373,2917,88,585,0,0,461,3573,0,0,461,3573,California
Napa,2021-01-01,1,3503,1,2918,0,585,0,0,1,3574,0,0,1,3574,California
Napa,2021-01-02,98,3601,93,3011,5,590,0,0,98,3672,0,0,98,3672,California
Napa,2021-01-03,14,3615,12,3023,2,592,0,0,9,3681,0,0,9,3681,California
Napa,2021-01-04,105,3720,63,3086,42,634,0,0,105,3786,0,0,105,3786,California
Napa,2021-01-05,161,3881,85,3171,76,710,0,0,145,3907,24,24,145,3931,California
Napa,2021-01-06,463,4344,114,3285,349,1059,0,0,398,4242,63,87,398,4329,California
Napa,2021-01-07,499,4843,235,3520,264,1323,0,0,397,4538,101,188,397,4726,California
Napa,2021-01-08,448,5291,232,3752,216,1539,0,0,260,4611,187,375,260,4986,California
Napa,2021-01-09,328,5619,302,4054,26,1565,0,0,191,4665,137,512,191,5177,California
Napa,2021-01-10,185,5804,102,4156,83,1648,0,0,108,4696,77,589,108,5285,California
Napa,2021-01-11,880,6684,426,4582,454,2102,0,0,507,4831,374,963,509,5794,California
Napa,2021-01-12,1323,8007,377,4959,946,3048,0,0,1003,5514,320,1283,1003,6797,California
Napa,2021-01-13,1317,9324,268,5227,1049,4097,0,0,1153,6505,163,1446,1154,7951,California
Napa,2021-01-14,1052,10376,169,5396,883,4980,0,0,935,7325,115,1561,935,8886,California
Napa,2021-01-15,1465,11841,387,5783,1078,6058,0,0,1316,8485,157,1718,1317,10203,California
Napa,2021-01-16,355,12196,131,5914,224,6282,0,0,338,8806,17,1735,338,10541,California
Napa,2021-01-17,341,12537,177,6091,164,6446,0,0,331,9127,10,1745,331,10872,California
Napa,2021-01-18,1079,13616,197,6288,882,7328,0,0,988,10024,91,1836,988,11860,California
Napa,2021-01-19,1013,14629,410,6698,603,7931,0,0,766,10544,246,2082,766,12626,California
Napa,2021-01-20,832,15461,188,6886,644,8575,0,0,644,11002,186,2268,644,13270,California
Napa,2021-01-21,1328,16789,367,7253,961,9536,0,0,1074,11824,253,2521,1075,14345,California
Napa,2021-01-22,1547,18336,417,7670,1130,10666,0,0,1218,12715,328,2849,1219,15564,California
Napa,2021-01-23,398,18734,319,7989,79,10745,0,0,336,12989,62,2911,336,15900,California
Napa,2021-01-24,264,18998,186,8175,78,10823,0,0,206,13137,58,2969,206,16106,California
Napa,2021-01-25,1523,20521,229,8404,1294,12117,0,0,1434,14482,89,3058,1434,17540,California
Napa,2021-01-26,880,21401,285,8689,595,12712,0,0,787,15177,93,3151,788,18328,California
Napa,2021-01-27,628,22029,222,8911,406,13118,0,0,467,15483,162,3313,468,18796,California
Napa,2021-01-28,386,22415,176,9087,210,13328,0,0,195,15489,189,3502,195,18991,California
Napa,2021-01-29,260,22675,65,9152,195,13523,0,0,163,15555,97,3599,163,19154,California
Napa,2021-01-30,815,23490,703,9855,112,13635,0,0,646,16032,169,3768,646,19800,California
Napa,2021-01-31,692,24182,660,10515,32,13667,0,0,668,16676,24,3792,668,20468,California
Napa,2021-02-01,324,24506,114,10629,210,13877,0,0,165,16682,159,3951,165,20633,California
Napa,2021-02-02,612,25118,281,10910,331,14208,0,0,299,16671,310,4261,299,20932,California
Napa,2021-02-03,750,25868,311,11221,439,14647,0,0,432,16786,317,4578,432,21364,California
Napa,2021-02-04,783,26651,368,11589,415,15062,0,0,435,16875,346,4924,435,21799,California
Napa,2021-02-05,713,27364,311,11900,402,15464,0,0,341,16844,372,5296,341,22140,California
Napa,2021-02-06,438,27802,143,12043,295,15759,0,0,333,17072,105,5401,333,22473,California
Napa,2021-02-07,176,27978,163,12206,13,15772,0,0,69,17034,107,5508,69,22542,California
Napa,2021-02-08,834,28812,191,12397,643,16415,0,0,274,16750,558,6066,274,22816,California
Napa,2021-02-09,1085,29897,449,12846,636,17051,0,0,440,16546,644,6710,440,23256,California
Napa,2021-02-10,1726,31623,190,13036,1536,18587,0,0,451,15726,1272,7982,452,23708,California
Napa,2021-02-11,1490,33113,187,13223,1303,19890,0,0,402,15053,1075,9057,402,24110,California
Napa,2021-02-12,2157,35270,837,14060,1320,21210,0,0,718,14336,1435,10492,718,24828,California
Napa,2021-02-13,507,35777,54,14114,453,21663,0,0,320,14469,187,10679,320,25148,California
Napa,2021-02-14,344,36121,77,14191,267,21930,0,0,182,14489,162,10841,182,25330,California
Napa,2021-02-15,876,36997,182,14373,694,22624,0,0,224,14063,650,11491,224,25554,California
Napa,2021-02-16,1293,38290,599,14972,694,23318,0,0,618,14008,673,12164,618,26172,California
Napa,2021-02-17,1049,39339,529,15501,520,23838,0,0,478,13918,569,12733,479,26651,California
Napa,2021-02-18,1901,41240,481,15982,1420,25258,0,0,659,13338,1239,13972,659,27310,California
Napa,2021-02-19,1492,42732,585,16567,907,26165,0,0,679,13205,812,14784,679,27989,California
Napa,2021-02-20,865,43597,633,17200,232,26397,0,0,280,12900,585,15369,280,28269,California
Napa,2021-02-21,886,44483,817,18017,69,26466,0,0,191,12396,695,16064,191,28460,California
Napa,2021-02-22,477,44960,198,18215,279,26745,0,0,147,12213,330,16394,147,28607,California
Napa,2021-02-23,1154,46114,308,18523,846,27591,0,0,326,11711,828,17222,326,28933,California
Napa,2021-02-24,1172,47286,648,19171,524,28115,0,0,581,11703,589,17811,581,29514,California
Napa,2021-02-25,2587,49873,1247,20418,1340,29455,0,0,1875,12867,711,18522,1875,31389,California
Napa,2021-02-26,1550,51423,545,20963,1005,30460,0,0,615,12549,933,19455,615,32004,California
Napa,2021-02-27,1170,52593,426,21389,744,31204,0,0,912,13205,256,19711,912,32916,California
Napa,2021-02-28,725,53318,606,21995,119,31323,0,0,608,13698,115,19826,608,33524,California
Napa,2021-03-01,1173,54491,878,22873,295,31618,0,0,897,14320,275,20101,897,34421,California
Napa,2021-03-02,1512,56003,1053,23926,459,32077,0,0,1168,15145,343,20444,1168,35589,California
Napa,2021-03-03,1564,57567,689,24615,875,32952,0,0,1376,16334,187,20631,1376,36965,California
Napa,2021-03-04,1716,59283,788,25403,928,33880,0,0,1478,17577,235,20866,1478,38443,California
Napa,2021-03-05,1904,61187,785,26188,1115,34995,4,4,1489,18657,413,21279,1493,39936,California
Napa,2021-03-06,661,61848,290,26478,340,35335,31,35,548,19125,111,21390,579,40515,California
Napa,2021-03-07,522,62370,311,26789,196,35531,15,50,384,19387,137,21527,399,40914,California
Napa,2021-03-08,714,63084,335,27124,325,35856,54,104,538,19805,174,21701,592,41506,California
Napa,2021-03-09,1687,64771,611,27735,1030,36886,46,150,1249,20665,435,22136,1295,42801,California
Napa,2021-03-10,1502,66273,923,28658,485,37371,94,244,801,20860,697,22833,892,43693,California
Napa,2021-03-11,1888,68161,1064,29722,694,38065,130,374,994,21089,894,23727,1123,44816,California
Napa,2021-03-12,1507,69668,918,30640,497,38562,92,466,805,21286,700,24427,897,45713,California
Napa,2021-03-13,1182,70850,311,30951,846,39408,25,491,835,21801,345,24772,860,46573,California
Napa,2021-03-14,619,71469,334,31285,134,39542,151,642,209,21751,409,25181,359,46932,California
Napa,2021-03-15,956,72425,410,31695,476,40018,70,712,477,21821,477,25658,547,47479,California
Napa,2021-03-16,1849,74274,389,32084,1332,41350,128,840,1373,22850,473,26131,1502,48981,California
Napa,2021-03-17,2508,76782,1845,33929,484,41834,179,1019,1591,23704,916,27047,1770,50751,California
Napa,2021-03-18,2132,78914,943,34872,1176,43010,13,1032,1276,24140,853,27900,1289,52040,California
Napa,2021-03-19,1454,80368,880,35752,547,43557,27,1059,699,24114,752,28652,726,52766,California
Napa,2021-03-20,1011,81379,533,36285,324,43881,154,1213,382,24022,628,29280,536,53302,California
Napa,2021-03-21,710,82089,687,36972,20,43901,3,1216,217,23750,492,29772,220,53522,California
Napa,2021-03-22,1302,83391,1121,38093,169,44070,12,1228,440,23345,857,30629,452,53974,California
Napa,2021-03-23,1884,85275,1189,39282,678,44748,17,1245,996,23474,884,31513,1013,54987,California
Napa,2021-03-24,1705,86980,942,40224,755,45503,8,1253,812,23402,892,32405,820,55807,California
Napa,2021-03-25,1926,88906,1051,41275,821,46324,54,1307,762,23060,1158,33563,816,56623,California
Napa,2021-03-26,1312,90218,840,42115,466,46790,6,1313,589,22937,718,34281,595,57218,California
Napa,2021-03-27,938,91156,437,42552,474,47264,27,1340,296,22618,642,34923,323,57541,California
Napa,2021-03-28,490,91646,381,42933,102,47366,7,1347,178,22493,310,35233,185,57726,California
Napa,2021-03-29,1204,92850,875,43808,324,47690,5,1352,728,22751,475,35708,733,58459,California
Napa,2021-03-30,2773,95623,933,44741,1836,49526,4,1356,1950,23881,824,36532,1954,60413,California
Napa,2021-03-31,1985,97608,969,45710,947,50473,69,1425,812,23590,1170,37702,879,61292,California
Napa,2021-04-01,1758,99366,844,46554,798,51271,116,1541,485,22924,1266,38968,600,61892,California
Napa,2021-04-02,1868,101234,838,47392,888,52159,142,1683,477,22154,1388,40356,618,62510,California
Napa,2021-04-03,635,101869,371,47763,207,52366,57,1740,210,21996,424,40780,266,62776,California
Napa,2021-04-04,355,102224,142,47905,155,52521,58,1798,121,21942,233,41013,179,62955,California
Napa,2021-04-05,1271,103495,757,48662,296,52817,218,2016,570,22031,699,41712,788,63743,California
Napa,2021-04-06,2249,105744,560,49222,1428,54245,261,2277,520,21085,1726,43438,780,64523,California
Napa,2021-04-07,1750,107494,712,49934,818,55063,220,2497,526,20612,1218,44656,745,65268,California
Napa,2021-04-08,1866,109360,1065,50999,424,55487,377,2874,958,21043,903,45559,1334,66602,California
Napa,2021-04-09,1558,110918,935,51934,318,55805,305,3179,683,21157,873,46432,987,67589,California
Napa,2021-04-10,1041,111959,345,52279,595,56400,101,3280,241,20699,799,47231,341,67930,California
Napa,2021-04-11,386,112345,301,52580,62,56462,23,3303,159,20654,227,47458,182,68112,California
Napa,2021-04-12,791,113136,301,52881,365,56827,125,3428,291,20569,497,47955,412,68524,California
Napa,2021-04-13,2557,115693,857,53738,1700,58527,0,3428,931,19883,1621,49576,935,69459,California
Napa,2021-04-14,2086,117779,984,54722,1102,59629,0,3428,1012,19832,1066,50642,1015,70474,California
Napa,2021-04-15,2044,119823,524,55246,1520,61149,0,3428,872,19538,1166,51808,872,71346,California
Napa,2021-04-16,2950,122773,1623,56869,1327,62476,0,3428,2231,21053,716,52524,2231,73577,California
Napa,2021-04-17,1128,123901,270,57139,858,63334,0,3428,831,21588,296,52820,831,74408,California
Napa,2021-04-18,267,124168,173,57312,94,63428,0,3428,119,21559,148,52968,119,74527,California
Napa,2021-04-19,609,124777,337,57649,272,63700,0,3428,263,21477,345,53313,263,74790,California
Napa,2021-04-20,3046,127823,2070,59719,976,64676,0,3428,2093,22620,951,54264,2094,76884,California
Napa,2021-04-21,2937,130760,2170,61889,767,65443,0,3428,1868,23426,1063,55327,1869,78753,California
Napa,2021-04-22,1727,132487,1206,63095,521,65964,0,3428,837,23378,885,56212,837,79590,California
Napa,2021-04-23,1632,134119,1254,64349,376,66340,2,3430,1155,24060,473,56685,1155,80745,California
Napa,2021-04-24,559,134678,317,64666,242,66582,0,3430,283,24070,273,56958,283,81028,California
Napa,2021-04-25,247,134925,189,64855,58,66640,0,3430,129,24082,117,57075,129,81157,California
Napa,2021-04-26,537,135462,282,65137,255,66895,0,3430,274,24098,258,57333,274,81431,California
Napa,2021-04-27,1761,137223,448,65585,1301,68196,12,3442,583,23519,1174,58507,595,82026,California
Napa,2021-04-28,1008,138231,460,66045,531,68727,17,3459,341,23212,665,59172,358,82384,California
Napa,2021-04-29,707,138938,349,66394,339,69066,19,3478,249,23028,451,59623,267,82651,California
Napa,2021-04-30,607,139545,305,66699,237,69303,65,3543,249,22984,357,59980,313,82964,California
Napa,2021-05-01,321,139866,265,66964,45,69348,11,3554,120,22914,201,60181,131,83095,California
Napa,2021-05-02,240,140106,195,67159,39,69387,6,3560,100,22881,139,60320,106,83201,California
Napa,2021-05-03,621,140727,497,67656,89,69476,35,3595,103,22507,513,60833,139,83340,California
Napa,2021-05-04,1131,141858,718,68374,302,69778,111,3706,298,22087,829,61662,409,83749,California
Napa,2021-05-05,1014,142872,684,69058,294,70072,36,3742,253,21618,758,62420,289,84038,California
Napa,2021-05-06,713,143585,318,69376,372,70444,23,3765,368,21673,336,62756,391,84429,California
Napa,2021-05-07,1136,144721,912,70288,161,70605,63,3828,223,21063,895,63651,285,84714,California
Napa,2021-05-08,254,144975,163,70451,80,70685,11,3839,88,20997,165,63816,99,84813,California
Napa,2021-05-09,107,145082,76,70527,31,70716,0,3839,50,20990,57,63873,50,84863,California
Napa,2021-05-10,415,145497,141,70668,255,70971,19,3858,104,20803,310,64183,123,84986,California
Napa,2021-05-11,2170,147667,1790,72458,354,71325,26,3884,370,19405,1794,65977,396,85382,California
Napa,2021-05-12,2182,149849,1363,73821,764,72089,55,3939,303,17889,1874,67851,358,85740,California
Napa,2021-05-13,1825,151674,1136,74957,650,72739,39,3978,770,17650,1048,68899,809,86549,California
Napa,2021-05-14,1912,153586,1144,76101,682,73421,86,4064,512,16855,1394,70293,599,87148,California
Napa,2021-05-15,1051,154637,346,76447,694,74115,11,4075,261,16341,787,71080,273,87421,California
Napa,2021-05-16,240,154877,160,76607,78,74193,2,4077,67,16237,173,71253,69,87490,California
Napa,2021-05-17,877,155754,347,76954,500,74693,30,4107,303,16058,512,71765,333,87823,California
Napa,2021-05-18,1044,156798,545,77499,442,75135,57,4164,506,16088,533,72298,563,88386,California
Napa,2021-05-19,933,157731,551,78050,352,75487,30,4194,502,16191,428,72726,531,88917,California
Napa,2021-05-20,575,158306,382,78432,164,75651,29,4223,356,16357,219,72945,385,89302,California
Napa,2021-05-21,436,158742,219,78651,187,75838,30,4253,189,16329,247,73192,219,89521,California
Napa,2021-05-22,399,159141,220,78871,172,76010,7,4260,166,16270,233,73425,174,89695,California
Napa,2021-05-23,357,159498,323,79194,24,76034,10,4270,276,16475,81,73506,286,89981,California
Napa,2021-05-24,361,159859,178,79372,163,76197,20,4290,146,16427,214,73720,166,90147,California
Napa,2021-05-25,421,160280,174,79546,176,76373,71,4361,147,16371,273,73993,217,90364,California
Napa,2021-05-26,544,160824,353,79899,166,76539,25,4386,314,16483,227,74220,339,90703,California
Napa,2021-05-27,362,161186,157,80056,177,76716,28,4414,130,16409,232,74452,158,90861,California
Napa,2021-05-28,392,161578,205,80261,163,76879,24,4438,165,16373,223,74675,187,91048,California
Napa,2021-05-29,129,161707,79,80340,46,76925,4,4442,74,16397,54,74729,78,91126,California
Napa,2021-05-30,97,161804,60,80400,32,76957,5,4447,32,16371,63,74792,37,91163,California
Napa,2021-05-31,43,161847,17,80417,19,76976,7,4454,9,16353,34,74826,16,91179,California
Napa,2021-06-01,598,162445,310,80727,264,77240,24,4478,268,16320,324,75150,291,91470,California
Napa,2021-06-02,410,162855,240,80967,147,77387,23,4501,198,16331,210,75360,221,91691,California
Napa,2021-06-03,714,163569,430,81397,261,77648,23,4524,218,16077,494,75854,240,91931,California
Napa,2021-06-04,772,164341,601,81998,135,77783,36,4560,170,15683,600,76454,206,92137,California
Napa,2021-06-05,304,164645,246,82244,46,77829,12,4572,77,15545,227,76681,89,92226,California
Napa,2021-06-06,143,164788,124,82368,19,77848,0,4572,50,15502,93,76774,50,92276,California
Napa,2021-06-07,384,165172,283,82651,77,77925,24,4596,90,15322,294,77068,114,92390,California
Napa,2021-06-08,326,165498,231,82882,88,78013,7,4603,145,15296,178,77246,152,92542,California
Nevada,2020-12-16,3,3,3,3,0,0,0,0,3,3,0,0,3,3,California
Nevada,2020-12-17,6,9,6,9,0,0,0,0,6,9,0,0,6,9,California
Nevada,2020-12-18,58,67,58,67,0,0,0,0,58,67,0,0,58,67,California
Nevada,2020-12-19,55,122,55,122,0,0,0,0,55,122,0,0,55,122,California
Nevada,2020-12-20,14,136,14,136,0,0,0,0,14,136,0,0,14,136,California
Nevada,2020-12-21,70,206,70,206,0,0,0,0,70,206,0,0,70,206,California
Nevada,2020-12-22,90,296,88,294,2,2,0,0,90,296,0,0,90,296,California
Nevada,2020-12-23,240,536,208,502,32,34,0,0,240,536,0,0,240,536,California
Nevada,2020-12-24,13,549,11,513,2,36,0,0,13,549,0,0,13,549,California
Nevada,2020-12-25,3,552,3,516,0,36,0,0,3,552,0,0,3,552,California
Nevada,2020-12-26,6,558,4,520,2,38,0,0,6,558,0,0,6,558,California
Nevada,2020-12-27,90,648,90,610,0,38,0,0,90,648,0,0,90,648,California
Nevada,2020-12-28,173,821,93,703,80,118,0,0,173,821,0,0,173,821,California
Nevada,2020-12-29,98,919,72,775,26,144,0,0,98,919,0,0,98,919,California
Nevada,2020-12-30,89,1008,67,842,22,166,0,0,89,1008,0,0,89,1008,California
Nevada,2020-12-31,41,1049,8,850,33,199,0,0,41,1049,0,0,41,1049,California
Nevada,2021-01-01,2,1051,0,850,2,201,0,0,2,1051,0,0,2,1051,California
Nevada,2021-01-02,2,1053,1,851,1,202,0,0,2,1053,0,0,2,1053,California
Nevada,2021-01-03,131,1184,126,977,5,207,0,0,131,1184,0,0,131,1184,California
Nevada,2021-01-04,69,1253,43,1020,26,233,0,0,69,1253,0,0,69,1253,California
Nevada,2021-01-05,279,1532,132,1152,147,380,0,0,278,1530,1,1,278,1531,California
Nevada,2021-01-06,91,1623,43,1195,48,428,0,0,83,1605,8,9,83,1614,California
Nevada,2021-01-07,220,1843,44,1239,176,604,0,0,212,1811,7,16,213,1827,California
Nevada,2021-01-08,231,2074,132,1371,99,703,0,0,171,1923,60,76,172,1999,California
Nevada,2021-01-09,62,2136,55,1426,7,710,0,0,14,1889,48,124,14,2013,California
Nevada,2021-01-10,19,2155,10,1436,9,719,0,0,10,1890,9,133,10,2023,California
Nevada,2021-01-11,188,2343,133,1569,55,774,0,0,58,1818,130,263,58,2081,California
Nevada,2021-01-12,597,2940,449,2018,148,922,0,0,531,2283,66,329,531,2612,California
Nevada,2021-01-13,269,3209,151,2169,118,1040,0,0,131,2276,138,467,131,2743,California
Nevada,2021-01-14,238,3447,125,2294,113,1153,0,0,220,2479,17,484,220,2963,California
Nevada,2021-01-15,404,3851,172,2466,232,1385,0,0,304,2683,100,584,304,3267,California
Nevada,2021-01-16,315,4166,16,2482,299,1684,0,0,310,2988,5,589,310,3577,California
Nevada,2021-01-17,43,4209,38,2520,5,1689,0,0,41,3027,2,591,41,3618,California
Nevada,2021-01-18,157,4366,47,2567,110,1799,0,0,145,3160,12,603,145,3763,California
Nevada,2021-01-19,250,4616,90,2657,160,1959,0,0,228,3366,22,625,228,3991,California
Nevada,2021-01-20,275,4891,166,2823,109,2068,0,0,262,3615,13,638,262,4253,California
Nevada,2021-01-21,338,5229,202,3025,136,2204,0,0,325,3927,13,651,325,4578,California
Nevada,2021-01-22,379,5608,234,3259,145,2349,0,0,347,4242,32,683,347,4925,California
Nevada,2021-01-23,181,5789,105,3364,76,2425,0,0,181,4423,0,683,181,5106,California
Nevada,2021-01-24,109,5898,100,3464,9,2434,0,0,70,4454,39,722,70,5176,California
Nevada,2021-01-25,268,6166,135,3599,133,2567,0,0,204,4594,64,786,204,5380,California
Nevada,2021-01-26,410,6576,144,3743,266,2833,0,0,306,4796,104,890,306,5686,California
Nevada,2021-01-27,436,7012,259,4002,177,3010,0,0,412,5184,24,914,412,6098,California
Nevada,2021-01-28,486,7498,331,4333,155,3165,0,0,438,5575,47,961,438,6536,California
Nevada,2021-01-29,619,8117,401,4734,218,3383,0,0,590,6138,28,989,591,7127,California
Nevada,2021-01-30,243,8360,114,4848,129,3512,0,0,240,6375,3,992,240,7367,California
Nevada,2021-01-31,107,8467,89,4937,18,3530,0,0,103,6476,3,995,104,7471,California
Nevada,2021-02-01,293,8760,73,5010,220,3750,0,0,280,6743,13,1008,280,7751,California
Nevada,2021-02-02,531,9291,190,5200,341,4091,0,0,328,6868,203,1211,328,8079,California
Nevada,2021-02-03,817,10108,562,5762,255,4346,0,0,761,7574,55,1266,761,8840,California
Nevada,2021-02-04,757,10865,390,6152,367,4713,0,0,506,7830,250,1516,506,9346,California
Nevada,2021-02-05,677,11542,383,6535,294,5007,0,0,481,8117,194,1710,481,9827,California
Nevada,2021-02-06,280,11822,91,6626,189,5196,0,0,253,8343,27,1737,253,10080,California
Nevada,2021-02-07,283,12105,226,6852,57,5253,0,0,223,8506,60,1797,223,10303,California
Nevada,2021-02-08,673,12778,411,7263,262,5515,0,0,568,8969,105,1902,568,10871,California
Nevada,2021-02-09,623,13401,352,7615,271,5786,0,0,479,9304,144,2046,479,11350,California
Nevada,2021-02-10,664,14065,331,7946,333,6119,0,0,434,9509,230,2276,435,11785,California
Nevada,2021-02-11,897,14962,515,8461,382,6501,0,0,565,9743,331,2607,565,12350,California
Nevada,2021-02-12,974,15936,450,8911,524,7025,0,0,646,10064,325,2932,646,12996,California
Nevada,2021-02-13,635,16571,249,9160,386,7411,0,0,403,10240,228,3160,404,13400,California
Nevada,2021-02-14,238,16809,124,9284,114,7525,0,0,207,10416,31,3191,207,13607,California
Nevada,2021-02-15,732,17541,447,9731,285,7810,0,0,556,10796,176,3367,556,14163,California
Nevada,2021-02-16,644,18185,211,9942,433,8243,0,0,473,11099,170,3537,473,14636,California
Nevada,2021-02-17,1207,19392,784,10726,423,8666,0,0,867,11626,340,3877,867,15503,California
Nevada,2021-02-18,1028,20420,566,11292,462,9128,0,0,607,11814,419,4296,607,16110,California
Nevada,2021-02-19,1030,21450,644,11936,386,9514,0,0,658,12103,370,4666,659,16769,California
Nevada,2021-02-20,309,21759,111,12047,198,9712,0,0,176,12147,132,4798,176,16945,California
Nevada,2021-02-21,101,21860,93,12140,8,9720,0,0,7,12063,91,4889,7,16952,California
Nevada,2021-02-22,505,22365,340,12480,165,9885,0,0,355,12269,149,5038,355,17307,California
Nevada,2021-02-23,501,22866,243,12723,258,10143,0,0,225,12221,273,5311,225,17532,California
Nevada,2021-02-24,482,23348,245,12968,237,10380,0,0,252,12246,229,5540,254,17786,California
Nevada,2021-02-25,881,24229,481,13449,400,10780,0,0,441,12249,438,5978,441,18227,California
Nevada,2021-02-26,1276,25505,889,14338,387,11167,0,0,443,11862,830,6808,443,18670,California
Nevada,2021-02-27,385,25890,121,14459,264,11431,0,0,202,11881,183,6991,202,18872,California
Nevada,2021-02-28,313,26203,187,14646,126,11557,0,0,137,11843,175,7166,137,19009,California
Nevada,2021-03-01,851,27054,445,15091,406,11963,0,0,376,11746,473,7639,376,19385,California
Nevada,2021-03-02,761,27815,308,15399,453,12416,0,0,519,12028,237,7876,519,19904,California
Nevada,2021-03-03,996,28811,505,15904,490,12906,1,1,513,12062,481,8357,515,20419,California
Nevada,2021-03-04,1135,29946,628,16532,507,13413,0,1,482,11895,649,9006,482,20901,California
Nevada,2021-03-05,870,30816,493,17025,367,13780,10,11,387,11811,481,9487,397,21298,California
Nevada,2021-03-06,374,31190,130,17155,217,13997,27,38,147,11757,227,9714,173,21471,California
Nevada,2021-03-07,215,31405,111,17266,84,14081,20,58,71,11704,144,9858,91,21562,California
Nevada,2021-03-08,841,32246,564,17830,229,14310,48,106,378,11669,462,10320,427,21989,California
Nevada,2021-03-09,809,33055,411,18241,347,14657,51,157,465,11843,341,10661,515,22504,California
Nevada,2021-03-10,1025,34080,659,18900,308,14965,58,215,347,11574,673,11334,404,22908,California
Nevada,2021-03-11,1124,35204,730,19630,368,15333,26,241,554,11592,562,11896,580,23488,California
Nevada,2021-03-12,1220,36424,732,20362,458,15791,30,271,507,11419,709,12605,536,24024,California
Nevada,2021-03-13,296,36720,58,20420,233,16024,5,276,114,11357,180,12785,118,24142,California
Nevada,2021-03-14,158,36878,23,20443,130,16154,5,281,35,11274,123,12908,40,24182,California
Nevada,2021-03-15,869,37747,470,20913,387,16541,12,293,366,11152,500,13408,378,24560,California
Nevada,2021-03-16,1001,38748,468,21381,472,17013,61,354,642,11497,357,13765,702,25262,California
Nevada,2021-03-17,1030,39778,455,21836,565,17578,10,364,586,11652,441,14206,596,25858,California
Nevada,2021-03-18,1000,40778,548,22384,429,18007,23,387,490,11659,506,14712,513,26371,California
Nevada,2021-03-19,766,41544,450,22834,280,18287,36,423,365,11663,397,15109,401,26772,California
Nevada,2021-03-20,833,42377,94,22928,307,18594,432,855,232,11729,594,15703,660,27432,California
Nevada,2021-03-21,62,42439,33,22961,28,18622,1,856,43,11755,18,15721,44,27476,California
Nevada,2021-03-22,813,43252,523,23484,285,18907,5,861,540,12030,270,15991,545,28021,California
Nevada,2021-03-23,868,44120,396,23880,446,19353,26,887,625,12441,240,16231,651,28672,California
Nevada,2021-03-24,1025,45145,549,24429,469,19822,7,894,639,12708,378,16609,645,29317,California
Nevada,2021-03-25,924,46069,473,24902,426,20248,25,919,503,12816,419,17028,527,29844,California
Nevada,2021-03-26,1181,47250,453,25355,689,20937,39,958,836,13347,343,17371,874,30718,California
Nevada,2021-03-27,585,47835,72,25427,497,21434,16,974,390,13558,195,17566,406,31124,California
Nevada,2021-03-28,192,48027,51,25478,128,21562,13,987,38,13458,151,17717,51,31175,California
Nevada,2021-03-29,846,48873,509,25987,315,21877,22,1009,382,13400,461,18178,403,31578,California
Nevada,2021-03-30,1069,49942,486,26473,549,22426,34,1043,491,13355,570,18748,525,32103,California
Nevada,2021-03-31,1195,51137,667,27140,511,22937,17,1060,686,13557,500,19248,702,32805,California
Nevada,2021-04-01,1251,52388,728,27868,471,23408,52,1112,553,13473,689,19937,605,33410,California
Nevada,2021-04-02,1318,53706,667,28535,616,24024,35,1147,789,13772,525,20462,824,34234,California
Nevada,2021-04-03,297,54003,92,28627,168,24192,37,1184,86,13685,210,20672,123,34357,California
Nevada,2021-04-04,133,54136,45,28672,81,24273,7,1191,80,13719,53,20725,87,34444,California
Nevada,2021-04-05,947,55083,627,29299,298,24571,22,1213,626,14049,317,21042,647,35091,California
Nevada,2021-04-06,1089,56172,671,29970,273,24844,145,1358,445,14001,637,21679,589,35680,California
Nevada,2021-04-07,1167,57339,828,30798,252,25096,87,1445,624,14175,536,22215,710,36390,California
Nevada,2021-04-08,1304,58643,904,31702,313,25409,87,1532,711,14386,588,22803,799,37189,California
Nevada,2021-04-09,1267,59910,863,32565,331,25740,73,1605,844,14882,421,23224,917,38106,California
Nevada,2021-04-10,280,60190,79,32644,123,25863,78,1683,113,14907,166,23390,191,38297,California
Nevada,2021-04-11,101,60291,34,32678,63,25926,4,1687,39,14888,62,23452,43,38340,California
Nevada,2021-04-12,761,61052,549,33227,195,26121,17,1704,324,14798,432,23884,342,38682,California
Nevada,2021-04-13,900,61952,365,33592,535,26656,0,1704,472,14845,425,24309,472,39154,California
Nevada,2021-04-14,1060,63012,578,34170,482,27138,0,1704,536,14864,517,24826,536,39690,California
Nevada,2021-04-15,1098,64110,716,34886,382,27520,0,1704,632,15042,454,25280,632,40322,California
Nevada,2021-04-16,913,65023,704,35590,209,27729,0,1704,527,15185,384,25664,527,40849,California
Nevada,2021-04-17,196,65219,50,35640,146,27875,0,1704,83,15157,111,25775,83,40932,California
Nevada,2021-04-18,188,65407,22,35662,166,28041,0,1704,101,15171,87,25862,101,41033,California
Nevada,2021-04-19,776,66183,499,36161,277,28318,0,1704,315,15034,452,26314,315,41348,California
Nevada,2021-04-20,798,66981,315,36476,483,28801,0,1704,304,14851,487,26801,304,41652,California
Nevada,2021-04-21,911,67892,500,36976,411,29212,0,1704,278,14505,624,27425,278,41930,California
Nevada,2021-04-22,1006,68898,622,37598,384,29596,0,1704,343,14197,651,28076,343,42273,California
Nevada,2021-04-23,1232,70130,551,38149,681,30277,0,1704,398,13772,823,28899,398,42671,California
Nevada,2021-04-24,526,70656,75,38224,451,30728,0,1704,172,13592,352,29251,172,42843,California
Nevada,2021-04-25,120,70776,61,38285,54,30782,5,1709,55,13587,64,29315,59,42902,California
Nevada,2021-04-26,757,71533,572,38857,176,30958,9,1718,219,13287,528,29843,228,43130,California
Nevada,2021-04-27,813,72346,373,39230,435,31393,5,1723,414,13315,391,30234,419,43549,California
Nevada,2021-04-28,999,73345,586,39816,408,31801,5,1728,387,13100,607,30841,392,43941,California
Nevada,2021-04-29,1020,74365,714,40530,302,32103,4,1732,284,12654,734,31575,288,44229,California
Nevada,2021-04-30,1245,75610,733,41263,503,32606,9,1741,207,11834,1036,32611,216,44445,California
Nevada,2021-05-01,149,75759,63,41326,82,32688,4,1745,66,11823,81,32692,70,44515,California
Nevada,2021-05-02,62,75821,31,41357,27,32715,4,1749,21,11807,41,32733,25,44540,California
Nevada,2021-05-03,615,76436,413,41770,183,32898,19,1768,182,11578,429,33162,200,44740,California
Nevada,2021-05-04,594,77030,175,41945,401,33299,18,1786,334,11674,256,33418,352,45092,California
Nevada,2021-05-05,742,77772,385,42330,343,33642,14,1800,321,11597,412,33830,335,45427,California
Nevada,2021-05-06,812,78584,569,42899,232,33874,11,1811,201,11207,602,34432,212,45639,California
Nevada,2021-05-07,886,79470,494,43393,356,34230,36,1847,194,10750,687,35119,230,45869,California
Nevada,2021-05-08,178,79648,21,43414,137,34367,20,1867,83,10759,94,35213,103,45972,California
Nevada,2021-05-09,42,79690,7,43421,33,34400,2,1869,18,10755,24,35237,20,45992,California
Nevada,2021-05-10,398,80088,256,43677,117,34517,25,1894,76,10535,321,35558,101,46093,California
Nevada,2021-05-11,512,80600,155,43832,342,34859,15,1909,129,10304,375,35933,144,46237,California
Nevada,2021-05-12,538,81138,237,44069,290,35149,11,1920,156,10097,374,36307,167,46404,California
Nevada,2021-05-13,823,81961,547,44616,267,35416,9,1929,421,10133,394,36701,430,46834,California
Nevada,2021-05-14,778,82739,579,45195,182,35598,17,1946,427,10230,347,37048,444,47278,California
Nevada,2021-05-15,183,82922,86,45281,89,35687,8,1954,85,10226,97,37145,93,47371,California
Nevada,2021-05-16,153,83075,50,45331,103,35790,0,1954,52,10177,101,37246,52,47423,California
Nevada,2021-05-17,502,83577,319,45650,153,35943,30,1984,215,10146,276,37522,245,47668,California
Nevada,2021-05-18,417,83994,253,45903,159,36102,5,1989,221,10177,194,37716,225,47893,California
Nevada,2021-05-19,493,84487,353,46256,135,36237,5,1994,254,10206,230,37946,259,48152,California
Nevada,2021-05-20,567,85054,323,46579,232,36469,12,2006,197,10050,365,38311,209,48361,California
Nevada,2021-05-21,460,85514,293,46872,158,36627,9,2015,204,10011,252,38563,213,48574,California
Nevada,2021-05-22,236,85750,36,46908,111,36738,89,2104,53,9970,183,38746,142,48716,California
Nevada,2021-05-23,40,85790,17,46925,23,36761,0,2104,16,9963,23,38769,16,48732,California
Nevada,2021-05-24,313,86103,219,47144,79,36840,15,2119,106,9880,204,38973,121,48853,California
Nevada,2021-05-25,343,86446,83,47227,247,37087,13,2132,86,9727,252,39225,99,48952,California
Nevada,2021-05-26,430,86876,183,47410,240,37327,7,2139,118,9547,305,39530,125,49077,California
Nevada,2021-05-27,433,87309,230,47640,183,37510,20,2159,183,9504,246,39776,203,49280,California
Nevada,2021-05-28,342,87651,217,47857,114,37624,11,2170,200,9576,139,39915,211,49491,California
Nevada,2021-05-29,66,87717,12,47869,54,37678,0,2170,41,9592,25,39940,41,49532,California
Nevada,2021-05-30,38,87755,19,47888,17,37695,2,2172,25,9606,13,39953,27,49559,California
Nevada,2021-05-31,6,87761,4,47892,0,37695,2,2174,2,9606,4,39957,4,49563,California
Nevada,2021-06-01,395,88156,128,48020,258,37953,9,2183,102,9433,284,40241,111,49674,California
Nevada,2021-06-02,400,88556,163,48183,230,38183,7,2190,101,9249,292,40533,108,49782,California
Nevada,2021-06-03,565,89121,406,48589,154,38337,5,2195,106,8906,454,40987,111,49893,California
Nevada,2021-06-04,540,89661,431,49020,105,38442,4,2199,112,8598,424,41411,116,50009,California
Nevada,2021-06-05,162,89823,74,49094,86,38528,2,2201,58,8556,102,41513,60,50069,California
Nevada,2021-06-06,51,89874,40,49134,11,38539,0,2201,11,8527,40,41553,11,50080,California
Nevada,2021-06-07,253,90127,190,49324,35,38574,28,2229,60,8427,188,41741,88,50168,California
Nevada,2021-06-08,158,90285,121,49445,26,38600,11,2240,23,8335,126,41867,34,50202,California
Orange,2020-12-15,16,16,16,16,0,0,0,0,16,16,0,0,16,16,California
Orange,2020-12-16,390,406,390,406,0,0,0,0,390,406,0,0,390,406,California
Orange,2020-12-17,3741,4147,3741,4147,0,0,0,0,3740,4146,0,0,3740,4146,California
Orange,2020-12-18,5064,9211,5056,9203,8,8,0,0,5062,9207,1,1,5062,9208,California
Orange,2020-12-19,2225,11436,2218,11421,7,15,0,0,2224,11431,0,1,2224,11432,California
Orange,2020-12-20,1987,13423,1984,13405,3,18,0,0,1988,13419,0,1,1988,13420,California
Orange,2020-12-21,4269,17692,4263,17668,6,24,0,0,4269,17688,0,1,4269,17689,California
Orange,2020-12-22,3982,21674,3948,21616,34,58,0,0,3982,21670,0,1,3982,21671,California
Orange,2020-12-23,3586,25260,3219,24835,367,425,0,0,3588,25258,0,1,3588,25259,California
Orange,2020-12-24,1378,26638,1076,25911,302,727,0,0,1378,26636,0,1,1378,26637,California
Orange,2020-12-25,19,26657,14,25925,5,732,0,0,19,26655,0,1,19,26656,California
Orange,2020-12-26,997,27654,420,26345,577,1309,0,0,997,27652,0,1,997,27653,California
Orange,2020-12-27,584,28238,276,26621,308,1617,0,0,584,28236,0,1,584,28237,California
Orange,2020-12-28,3618,31856,2637,29258,981,2598,0,0,3618,31854,0,1,3618,31855,California
Orange,2020-12-29,3502,35358,2488,31746,1014,3612,0,0,3501,35354,1,2,3501,35356,California
Orange,2020-12-30,5123,40481,3544,35290,1579,5191,0,0,5123,40477,0,2,5123,40479,California
Orange,2020-12-31,1506,41987,807,36097,699,5890,0,0,1505,41981,1,3,1505,41984,California
Orange,2021-01-01,656,42643,360,36457,296,6186,0,0,654,42633,2,5,654,42638,California
Orange,2021-01-02,1358,44001,843,37300,515,6701,0,0,1358,43991,0,5,1358,43996,California
Orange,2021-01-03,583,44584,323,37623,260,6961,0,0,583,44574,0,5,583,44579,California
Orange,2021-01-04,2761,47345,1571,39194,1190,8151,0,0,2762,47335,1,6,2762,47341,California
Orange,2021-01-05,3541,50886,2305,41499,1236,9387,0,0,3128,50057,409,415,3131,50472,California
Orange,2021-01-06,5002,55888,3455,44954,1547,10934,0,0,3637,52341,1353,1768,3637,54109,California
Orange,2021-01-07,9291,65179,5178,50132,4113,15047,0,0,5706,54482,3571,5339,5712,59821,California
Orange,2021-01-08,9435,74614,5269,55401,4166,19213,0,0,5665,56392,3759,9098,5669,65490,California
Orange,2021-01-09,5031,79645,1748,57149,3283,22496,0,0,3748,58857,1283,10381,3748,69238,California
Orange,2021-01-10,4253,83898,1044,58193,3209,25705,0,0,3373,61355,879,11260,3377,72615,California
Orange,2021-01-11,9469,93367,4914,63107,4555,30260,0,0,5839,63562,3633,14893,5840,78455,California
Orange,2021-01-12,8941,102308,4833,67940,4108,34368,0,0,5467,65558,3472,18365,5468,83923,California
Orange,2021-01-13,10266,112574,4923,72863,5343,39711,0,0,7054,69411,3208,21573,7061,90984,California
Orange,2021-01-14,10005,122579,3787,76650,6218,45929,0,0,8410,76234,1593,23166,8416,99400,California
Orange,2021-01-15,10210,132789,2638,79288,7572,53501,0,0,9329,84680,889,24055,9335,108735,California
Orange,2021-01-16,8708,141497,2087,81375,6621,60122,0,0,8312,92602,395,24450,8317,117052,California
Orange,2021-01-17,8177,149674,1486,82861,6691,66813,0,0,8026,100487,151,24601,8036,125088,California
Orange,2021-01-18,9699,159373,4406,87267,5293,72106,0,0,7439,105674,2260,26861,7447,132535,California
Orange,2021-01-19,7531,166904,5456,92723,2075,74181,0,0,4898,107940,2633,29494,4899,137434,California
Orange,2021-01-20,8388,175292,5910,98633,2478,76659,0,0,5335,110230,3052,32546,5342,142776,California
Orange,2021-01-21,11037,186329,4913,103546,6124,82783,0,0,10212,119630,823,33369,10223,152999,California
Orange,2021-01-22,13713,200042,5170,108716,8543,91326,0,0,12848,131629,857,34226,12856,165855,California
Orange,2021-01-23,13154,213196,6188,114904,6966,98292,0,0,12220,142926,932,35158,12229,178084,California
Orange,2021-01-24,9829,223025,4296,119200,5533,103825,0,0,9495,152094,331,35489,9499,187583,California
Orange,2021-01-25,10475,233500,5879,125079,4596,108421,0,0,7729,157091,2738,38227,7735,195318,California
Orange,2021-01-26,11920,245420,7727,132806,4193,112614,0,0,9746,164672,2169,40396,9750,205068,California
Orange,2021-01-27,13509,258929,8028,140834,5481,118095,0,0,10791,172762,2706,43102,10796,215864,California
Orange,2021-01-28,13080,272009,7231,148065,5849,123944,0,0,11190,182087,1875,44977,11200,227064,California
Orange,2021-01-29,13674,285683,8480,156545,5194,129138,0,0,10771,189974,2887,47864,10774,237838,California
Orange,2021-01-30,12978,298661,4481,161026,8497,137635,0,0,12200,201414,763,48627,12203,250041,California
Orange,2021-01-31,13705,312366,4920,165946,8785,146420,0,0,13256,214235,443,49070,13264,263305,California
Orange,2021-02-01,14866,327232,6517,172463,8349,154769,0,0,12384,224168,2457,51527,12390,275695,California
Orange,2021-02-02,15049,342281,7975,180438,7074,161843,0,0,12577,234308,2441,53968,12581,288276,California
Orange,2021-02-03,16610,358891,12415,192853,4195,166038,0,0,13656,245095,2875,56843,13662,301938,California
Orange,2021-02-04,19961,378852,13065,205918,6896,172934,0,0,14850,254874,5079,61922,14858,316796,California
Orange,2021-02-05,20782,399634,12020,217938,8762,181696,0,0,14458,263057,6280,68202,14463,331259,California
Orange,2021-02-06,16406,416040,10846,228784,5560,187256,0,0,11121,269127,5270,73472,11340,342599,California
Orange,2021-02-07,11558,427598,8123,236907,3435,190691,0,0,7572,272899,3969,77441,7741,350340,California
Orange,2021-02-08,15069,442667,8676,245583,6393,197084,0,0,9026,275910,6016,83457,9027,359367,California
Orange,2021-02-09,17801,460468,12118,257701,5683,202767,0,0,10746,279680,6982,90439,10752,370119,California
Orange,2021-02-10,20918,481386,11182,268883,9736,212503,0,0,12698,284259,8128,98567,12707,382826,California
Orange,2021-02-11,22197,503583,11550,280433,10647,223150,0,0,12434,287081,9630,108197,12452,395278,California
Orange,2021-02-12,24904,528487,12000,292433,12904,236054,0,0,14646,291542,10191,118388,14652,409930,California
Orange,2021-02-13,22009,550496,11906,304339,10103,246157,0,0,11153,292635,10701,129089,11794,421724,California
Orange,2021-02-14,16189,566685,6541,310880,9648,255805,0,0,9542,295560,6618,135707,9543,431267,California
Orange,2021-02-15,17282,583967,7408,318288,9874,265679,0,0,8911,296157,8326,144033,8923,440190,California
Orange,2021-02-16,19996,603963,9004,327292,10992,276671,0,0,10771,297779,9173,153206,10795,450985,California
Orange,2021-02-17,17977,621940,9387,336679,8590,285261,0,0,9230,298348,8692,161898,9261,460246,California
Orange,2021-02-18,15076,637016,9890,346569,5186,290447,0,0,6810,296958,8210,170108,6820,467066,California
Orange,2021-02-19,18228,655244,10900,357469,7328,297775,0,0,6937,292670,11237,181345,6949,474015,California
Orange,2021-02-20,7545,662789,5629,363098,1916,299691,0,0,3791,292743,3729,185074,3802,477817,California
Orange,2021-02-21,4597,667386,3906,367004,691,300382,0,0,940,290067,3616,188690,940,478757,California
Orange,2021-02-22,9718,677104,7926,374930,1792,302174,0,0,3920,288237,5765,194455,3935,482692,California
Orange,2021-02-23,13364,690468,7328,382258,6036,308210,0,0,3510,281971,9788,204243,3522,486214,California
Orange,2021-02-24,21209,711677,12863,395121,8346,316556,0,0,5396,271642,15743,219986,5414,491628,California
Orange,2021-02-25,22753,734430,12322,407443,10431,326987,0,0,8005,264991,14672,234658,8021,499649,California
Orange,2021-02-26,27880,762310,14113,421556,13767,340754,0,0,11242,259757,16500,251158,11266,510915,California
Orange,2021-02-27,25158,787468,10231,431787,14924,355678,3,3,7333,249398,17710,268868,7351,518266,California
Orange,2021-02-28,19156,806624,7441,439228,11715,367393,0,3,4836,240056,14195,283063,4853,523119,California
Orange,2021-03-01,18684,825308,8534,447762,10139,377532,11,14,7246,235992,11335,294398,7271,530390,California
Orange,2021-03-02,19353,844661,9342,457104,10008,387540,3,17,9463,235652,9834,304232,9494,539884,California
Orange,2021-03-03,20813,865474,9833,466937,10975,398515,5,22,11163,237275,9565,313797,11188,551072,California
Orange,2021-03-04,22628,888102,13033,479970,9581,408096,14,36,11687,238102,10900,324697,11727,562799,California
Orange,2021-03-05,21129,909231,11032,491002,10050,418146,47,83,12966,243062,8115,332812,13075,575874,California
Orange,2021-03-06,24194,933425,13321,504323,9998,428144,875,958,12784,245379,11364,344176,13681,589555,California
Orange,2021-03-07,15282,948707,8581,512904,6289,434433,412,1370,8935,248441,6305,350481,9367,598922,California
Orange,2021-03-08,16791,965498,7740,520644,7736,442169,1315,2685,10784,254613,5953,356434,12125,611047,California
Orange,2021-03-09,21100,986598,9747,530391,8880,451049,2473,5158,12470,260966,8585,365019,14938,625985,California
Orange,2021-03-10,24808,1011406,12180,542571,9167,460216,3461,8619,12523,264722,12221,377240,15977,641962,California
Orange,2021-03-11,29105,1040511,15742,558313,9133,469349,4230,12849,13491,266923,15513,392753,17714,659676,California
Orange,2021-03-12,29457,1069968,14330,572643,11247,480596,3880,16729,14785,271024,14584,407337,18685,678361,California
Orange,2021-03-13,27890,1097858,10261,582904,13677,494273,3952,20681,14106,275357,13721,421058,18054,696415,California
Orange,2021-03-14,18934,1116792,8231,591135,8157,502430,2546,23227,11825,282637,7076,428134,14356,710771,California
Orange,2021-03-15,23117,1139909,10178,601313,12176,514606,763,23990,14414,289191,8614,436748,15168,725939,California
Orange,2021-03-16,26446,1166355,11178,612491,15040,529646,228,24218,17163,297386,9201,445949,17396,743335,California
Orange,2021-03-17,27407,1193762,13600,626091,13216,542862,591,24809,19478,309599,7852,453801,20065,763400,California
Orange,2021-03-18,27827,1221589,13982,640073,13568,556430,277,25086,21637,325395,6121,459922,21917,785317,California
Orange,2021-03-19,33649,1255238,18469,658542,14728,571158,452,25538,24962,342252,8568,468490,25425,810742,California
Orange,2021-03-20,25842,1281080,13608,672150,12026,583184,208,25746,22021,360733,3755,472245,22236,832978,California
Orange,2021-03-21,18560,1299640,10727,682877,7095,590279,738,26484,15754,374449,2774,475019,16490,849468,California
Orange,2021-03-22,22780,1322420,11792,694669,10667,600946,321,26805,19183,390466,3497,478516,19514,868982,California
Orange,2021-03-23,26061,1348481,13547,708216,11870,612816,644,27449,20686,406508,5292,483808,21334,890316,California
Orange,2021-03-24,29235,1377716,16356,724572,11953,624769,926,28375,22053,422401,7087,490895,22980,913296,California
Orange,2021-03-25,32493,1410209,17246,741818,14536,639305,711,29086,24258,439236,8135,499030,24970,938266,California
Orange,2021-03-26,34949,1445158,18144,759962,15939,655244,866,29952,24881,455037,9950,508980,25751,964017,California
Orange,2021-03-27,28528,1473686,13669,773631,14543,669787,316,30268,19788,466498,8644,517624,20105,984122,California
Orange,2021-03-28,24919,1498605,12944,786575,11907,681694,68,30336,18625,478979,6215,523839,18696,1002818,California
Orange,2021-03-29,26556,1525161,12159,798734,13831,695525,566,30902,17798,488686,8661,532500,18368,1021186,California
Orange,2021-03-30,30915,1556076,13971,812705,16313,711838,631,31533,20443,499379,10380,542880,21073,1042259,California
Orange,2021-03-31,37185,1593261,19520,832225,16953,728791,712,32245,23789,510605,13280,556160,24506,1066765,California
Orange,2021-04-01,40632,1633893,21334,853559,17419,746210,1879,34124,26246,524501,14228,570388,28124,1094889,California
Orange,2021-04-02,40202,1674095,20292,873851,18092,764302,1818,35942,22723,531676,17370,587758,24545,1119434,California
Orange,2021-04-03,30229,1704324,15735,889586,12748,777050,1746,37688,14281,531827,15867,603625,16018,1135452,California
Orange,2021-04-04,18475,1722799,10735,900321,6973,784023,767,38455,8161,530498,10254,613879,8925,1144377,California
Orange,2021-04-05,30044,1752843,14035,914356,12608,796631,3401,41856,13804,531529,16158,630037,17189,1161566,California
Orange,2021-04-06,33473,1786316,15656,930012,14380,811011,3437,45293,14367,530302,19012,649049,17785,1179351,California
Orange,2021-04-07,36216,1822532,20165,950177,11463,822474,4588,49881,15986,530703,20141,669190,20542,1199893,California
Orange,2021-04-08,39241,1861773,21719,971896,12042,834516,5480,55361,19031,535087,20095,689285,24479,1224372,California
Orange,2021-04-09,41099,1902872,23912,995808,11952,846468,5235,60596,18173,535652,22827,712112,23392,1247764,California
Orange,2021-04-10,34623,1937495,18320,1014128,12056,858524,4247,64843,14348,534035,20182,732294,18565,1266329,California
Orange,2021-04-11,25778,1963273,14595,1028723,7911,866435,3272,68115,9884,531335,15839,748133,13139,1279468,California
Orange,2021-04-12,30642,1993915,15503,1044226,11545,877980,3594,71709,12059,528458,18511,766644,15634,1295102,California
Orange,2021-04-13,32493,2026408,18310,1062536,14115,892095,68,71777,15135,526419,17286,783930,15247,1310349,California
Orange,2021-04-14,34806,2061214,20421,1082957,14350,906445,35,71812,15175,522176,19530,803460,15287,1325636,California
Orange,2021-04-15,40460,2101674,24638,1107595,15808,922253,14,71826,18809,519589,21540,825000,18953,1344589,California
Orange,2021-04-16,41291,2142965,24269,1131864,16994,939247,28,71854,18624,515693,22554,847554,18658,1363247,California
Orange,2021-04-17,30239,2173204,17123,1148987,13111,952358,5,71859,13229,512047,16884,864438,13238,1376485,California
Orange,2021-04-18,21472,2194676,13000,1161987,8472,960830,0,71859,8482,507596,12937,877375,8486,1384971,California
Orange,2021-04-19,32450,2227126,17930,1179917,14518,975348,2,71861,14911,505072,17442,894817,14918,1399889,California
Orange,2021-04-20,35208,2262334,18285,1198202,16917,992265,6,71867,17618,505192,17504,912321,17624,1417513,California
Orange,2021-04-21,40696,2303030,23454,1221656,17233,1009498,9,71876,19301,503223,21281,933602,19312,1436825,California
Orange,2021-04-22,39264,2342294,20725,1242381,18530,1028028,9,71885,16326,496754,22808,956410,16339,1453164,California
Orange,2021-04-23,40171,2382465,20792,1263173,19372,1047400,7,71892,17930,492573,22122,978532,17941,1471105,California
Orange,2021-04-24,31976,2414441,16713,1279886,15229,1062629,34,71926,13399,487516,18493,997025,13436,1484541,California
Orange,2021-04-25,22946,2437387,12948,1292834,9983,1072612,15,71941,9802,484256,13082,1010107,9822,1494363,California
Orange,2021-04-26,28494,2465881,13901,1306735,14395,1087007,198,72139,12363,480797,16018,1026125,12559,1506922,California
Orange,2021-04-27,30119,2496000,14095,1320830,15454,1102461,570,72709,11475,474362,18485,1044610,12050,1518972,California
Orange,2021-04-28,30874,2526874,15463,1336293,14532,1116993,879,73588,12390,469266,18360,1062970,13264,1532236,California
Orange,2021-04-29,31888,2558762,17413,1353706,13513,1130506,962,74550,11335,461101,20453,1083423,12288,1544524,California
Orange,2021-04-30,29816,2588578,17015,1370721,11860,1142366,941,75491,12684,457688,17032,1100455,13619,1558143,California
Orange,2021-05-01,22805,2611383,15643,1386364,6176,1148542,986,76477,8717,453395,13985,1114440,9692,1567835,California
Orange,2021-05-02,15392,2626775,10239,1396603,4508,1153050,645,77122,5370,449449,9956,1124396,6010,1573845,California
Orange,2021-05-03,20580,2647355,12565,1409168,7258,1160308,757,77879,6476,442657,14024,1138420,7232,1581077,California
Orange,2021-05-04,23606,2670961,13468,1422636,9229,1169537,909,78788,8175,436400,15326,1153746,9069,1590146,California
Orange,2021-05-05,24730,2695691,13798,1436434,10037,1179574,895,79683,8008,428705,16597,1170343,8902,1599048,California
Orange,2021-05-06,26396,2722087,15969,1452403,9424,1188998,1003,80686,7284,418003,18982,1189325,8280,1607328,California
Orange,2021-05-07,28441,2750528,16920,1469323,10474,1199472,1047,81733,8026,406862,20209,1209534,9068,1616396,California
Orange,2021-05-08,18371,2768899,12138,1481461,5458,1204930,775,82508,5403,400183,12851,1222385,6172,1622568,California
Orange,2021-05-09,10959,2779858,8333,1489794,2255,1207185,371,82879,2877,395398,8033,1230418,3248,1625816,California
Orange,2021-05-10,18990,2798848,11563,1501357,6656,1213841,771,83650,4270,385811,14627,1245045,5040,1630856,California
Orange,2021-05-11,21318,2820166,11794,1513151,8850,1222691,674,84324,5078,375415,16143,1261188,5747,1636603,California
Orange,2021-05-12,23452,2843618,14500,1527651,8138,1230829,814,85138,6734,366367,16595,1277783,7547,1644150,California
Orange,2021-05-13,20209,2863827,12404,1540055,7271,1238100,534,85672,7400,361594,12708,1290491,7935,1652085,California
Orange,2021-05-14,25649,2889476,16744,1556799,8103,1246203,802,86474,10411,357660,15139,1305630,11205,1663290,California
Orange,2021-05-15,19886,2909362,14341,1571140,4995,1251198,550,87024,8026,354432,11801,1317431,8573,1671863,California
Orange,2021-05-16,15179,2924541,12488,1583628,2350,1253548,341,87365,6494,352630,8634,1326065,6832,1678695,California
Orange,2021-05-17,19300,2943841,12646,1596274,5957,1259505,697,88062,6933,347944,12305,1338370,7619,1686314,California
Orange,2021-05-18,20413,2964254,11914,1608188,7831,1267336,668,88730,8206,344696,12118,1350488,8870,1695184,California
Orange,2021-05-19,22417,2986671,12815,1621003,8934,1276270,668,89398,7937,338928,14366,1364854,8598,1703782,California
Orange,2021-05-20,18233,3004904,10470,1631473,7176,1283446,587,89985,6216,333800,11929,1376783,6801,1710583,California
Orange,2021-05-21,21665,3026569,12236,1643709,8801,1292247,628,90613,6909,326671,14667,1391450,7538,1718121,California
Orange,2021-05-22,14712,3041281,9831,1653540,4403,1296650,478,91091,5706,323915,8940,1400390,6184,1724305,California
Orange,2021-05-23,7051,3048332,4937,1658477,1886,1298536,228,91319,2483,322086,4540,1404930,2711,1727016,California
Orange,2021-05-24,15331,3063663,9004,1667481,5710,1304246,617,91936,5694,318842,9549,1414479,6305,1733321,California
Orange,2021-05-25,15591,3079254,9186,1676667,5888,1310134,517,92453,5714,315297,9771,1424250,6226,1739547,California
Orange,2021-05-26,15175,3094429,8511,1685178,6174,1316308,490,92943,5708,312107,9384,1433634,6194,1745741,California
Orange,2021-05-27,14351,3108780,8625,1693803,5173,1321481,553,93496,6398,311154,7887,1441521,6934,1752675,California
Orange,2021-05-28,16698,3125478,9831,1703634,6242,1327723,625,94121,7387,309938,9219,1450740,8003,1760678,California
Orange,2021-05-29,8938,3134416,5231,1708865,3351,1331074,356,94477,4132,309668,4752,1455492,4482,1765160,California
Orange,2021-05-30,5975,3140391,3881,1712746,1820,1332894,274,94751,2161,308320,3780,1459272,2432,1767592,California
Orange,2021-05-31,1701,3142092,1049,1713795,606,1333500,46,94797,555,307788,1133,1460405,601,1768193,California
Orange,2021-06-01,13325,3155417,7716,1721511,5123,1338623,486,95283,5243,305528,7984,1468389,5724,1773917,California
Orange,2021-06-02,12947,3168364,8016,1729527,4516,1343139,415,95698,4570,302273,8235,1476624,4980,1778897,California
Orange,2021-06-03,12811,3181175,8841,1738368,3518,1346657,452,96150,4864,299696,7885,1484509,5308,1784205,California
Orange,2021-06-04,16706,3197881,11789,1750157,4352,1351009,565,96715,5286,294201,11344,1495853,5849,1790054,California
Orange,2021-06-05,12783,3210664,9626,1759783,2770,1353779,387,97102,3982,289817,8747,1504600,4363,1794417,California
Orange,2021-06-06,5259,3215923,4482,1764265,589,1354368,188,97290,1920,288605,3320,1507920,2108,1796525,California
Orange,2021-06-07,10440,3226363,7343,1771608,2656,1357024,441,97731,3341,285348,7033,1514953,3776,1800301,California
Orange,2021-06-08,4350,3230713,2888,1774496,1251,1358275,211,97942,1241,283722,3077,1518030,1451,1801752,California
Placer,2020-12-15,29,29,29,29,0,0,0,0,29,29,0,0,29,29,California
Placer,2020-12-16,55,84,55,84,0,0,0,0,55,84,0,0,55,84,California
Placer,2020-12-17,149,233,149,233,0,0,0,0,149,233,0,0,149,233,California
Placer,2020-12-18,424,657,424,657,0,0,0,0,424,657,0,0,424,657,California
Placer,2020-12-19,253,910,253,910,0,0,0,0,253,910,0,0,253,910,California
Placer,2020-12-20,231,1141,231,1141,0,0,0,0,231,1141,0,0,231,1141,California
Placer,2020-12-21,499,1640,497,1638,2,2,0,0,499,1640,0,0,499,1640,California
Placer,2020-12-22,679,2319,672,2310,7,9,0,0,679,2319,0,0,679,2319,California
Placer,2020-12-23,753,3072,666,2976,87,96,0,0,753,3072,0,0,753,3072,California
Placer,2020-12-24,410,3482,358,3334,52,148,0,0,410,3482,0,0,410,3482,California
Placer,2020-12-26,162,3644,117,3451,45,193,0,0,162,3644,0,0,162,3644,California
Placer,2020-12-27,183,3827,161,3612,22,215,0,0,183,3827,0,0,183,3827,California
Placer,2020-12-28,672,4499,548,4160,124,339,0,0,672,4499,0,0,672,4499,California
Placer,2020-12-29,769,5268,520,4680,249,588,0,0,769,5268,0,0,769,5268,California
Placer,2020-12-30,727,5995,455,5135,272,860,0,0,726,5994,0,0,726,5994,California
Placer,2020-12-31,540,6535,354,5489,186,1046,0,0,540,6534,0,0,540,6534,California
Placer,2021-01-01,16,6551,12,5501,4,1050,0,0,16,6550,0,0,16,6550,California
Placer,2021-01-02,187,6738,155,5656,32,1082,0,0,187,6737,0,0,187,6737,California
Placer,2021-01-03,153,6891,78,5734,75,1157,0,0,153,6890,0,0,153,6890,California
Placer,2021-01-04,628,7519,187,5921,441,1598,0,0,625,7512,3,3,625,7515,California
Placer,2021-01-05,730,8249,159,6080,571,2169,0,0,643,8070,86,89,644,8159,California
Placer,2021-01-06,764,9013,246,6326,518,2687,0,0,613,8532,151,240,613,8772,California
Placer,2021-01-07,983,9996,369,6695,614,3301,0,0,756,9061,227,467,756,9528,California
Placer,2021-01-08,1180,11176,527,7222,653,3954,0,0,792,9468,385,852,792,10320,California
Placer,2021-01-09,456,11632,325,7547,131,4085,0,0,236,9485,219,1071,236,10556,California
Placer,2021-01-10,333,11965,187,7734,146,4231,0,0,165,9482,168,1239,165,10721,California
Placer,2021-01-11,1432,13397,810,8544,622,4853,0,0,840,9731,592,1831,841,11562,California
Placer,2021-01-12,1657,15054,876,9420,781,5634,0,0,1055,10184,602,2433,1055,12617,California
Placer,2021-01-13,1632,16686,819,10239,813,6447,0,0,1209,10975,421,2854,1212,13829,California
Placer,2021-01-14,1805,18491,679,10918,1126,7573,0,0,1430,12034,372,3226,1431,15260,California
Placer,2021-01-15,1939,20430,726,11644,1213,8786,0,0,1584,13265,354,3580,1585,16845,California
Placer,2021-01-16,1446,21876,714,12358,732,9518,0,0,1325,14470,121,3701,1326,18171,California
Placer,2021-01-17,569,22445,397,12755,172,9690,0,0,431,14763,138,3839,431,18602,California
Placer,2021-01-18,994,23439,555,13310,439,10129,0,0,751,15272,243,4082,752,19354,California
Placer,2021-01-19,2640,26079,1973,15283,667,10796,0,0,2181,16995,459,4541,2182,21536,California
Placer,2021-01-20,2284,28363,1712,16995,572,11368,0,0,1948,18608,336,4877,1949,23485,California
Placer,2021-01-21,2579,30942,1133,18128,1446,12814,0,0,2185,20401,393,5270,2186,25671,California
Placer,2021-01-22,2351,33293,648,18776,1703,14517,0,0,2175,22403,174,5444,2176,27847,California
Placer,2021-01-23,1187,34480,382,19158,805,15322,0,0,1029,23274,158,5602,1029,28876,California
Placer,2021-01-24,500,34980,257,19415,243,15565,0,0,427,23629,73,5675,428,29304,California
Placer,2021-01-25,1680,36660,812,20227,868,16433,0,0,1386,24722,294,5969,1387,30691,California
Placer,2021-01-26,1867,38527,1038,21265,829,17262,0,0,1603,26061,264,6233,1603,32294,California
Placer,2021-01-27,1841,40368,1155,22420,686,17948,0,0,1591,27406,248,6481,1593,33887,California
Placer,2021-01-28,1806,42174,1117,23537,689,18637,0,0,1558,28719,246,6727,1559,35446,California
Placer,2021-01-29,1892,44066,1168,24705,724,19361,0,0,1697,30224,194,6921,1699,37145,California
Placer,2021-01-30,1715,45781,970,25675,745,20106,0,0,1594,31698,120,7041,1594,38739,California
Placer,2021-01-31,785,46566,626,26301,159,20265,0,0,714,32342,71,7112,715,39454,California
Placer,2021-02-01,2073,48639,1090,27391,983,21248,0,0,1756,33782,316,7428,1756,41210,California
Placer,2021-02-02,2394,51033,1541,28932,853,22101,0,0,1893,35177,498,7926,1893,43103,California
Placer,2021-02-03,2926,53959,1889,30821,1037,23138,0,0,2299,36853,623,8549,2299,45402,California
Placer,2021-02-04,2739,56698,1187,32008,1552,24690,0,0,1911,37941,824,9373,1912,47314,California
Placer,2021-02-05,2711,59409,1207,33215,1504,26194,0,0,1378,37991,1328,10701,1378,48692,California
Placer,2021-02-06,1949,61358,1313,34528,636,26830,0,0,1402,38846,547,11248,1402,50094,California
Placer,2021-02-07,1195,62553,883,35411,312,27142,0,0,909,39470,285,11533,909,51003,California
Placer,2021-02-08,3300,65853,1770,37181,1530,28672,0,0,1939,40056,1354,12887,1940,52943,California
Placer,2021-02-09,3545,69398,2179,39360,1366,30038,0,0,1627,39768,1915,14802,1627,54570,California
Placer,2021-02-10,3763,73161,2207,41567,1556,31594,0,0,1753,39516,2007,16809,1755,56325,California
Placer,2021-02-11,3701,76862,1912,43479,1789,33383,0,0,1566,38961,2122,18931,1567,57892,California
Placer,2021-02-12,2842,79704,1323,44802,1519,34902,0,0,1658,39473,1147,20078,1659,59551,California
Placer,2021-02-13,2510,82214,1463,46265,1047,35949,0,0,1883,40729,627,20705,1883,61434,California
Placer,2021-02-14,1088,83302,681,46946,407,36356,0,0,739,41121,347,21052,739,62173,California
Placer,2021-02-15,2239,85541,1037,47983,1202,37558,0,0,1522,41928,717,21769,1524,63697,California
Placer,2021-02-16,3577,89118,1783,49766,1794,39352,0,0,1582,41525,1986,23755,1583,65280,California
Placer,2021-02-17,3541,92659,1960,51726,1581,40933,0,0,1508,41004,2029,25784,1508,66788,California
Placer,2021-02-18,3816,96475,2061,53787,1755,42688,0,0,1630,40458,2177,27961,1631,68419,California
Placer,2021-02-19,3627,100102,1936,55723,1691,44379,0,0,1354,39545,2268,30229,1355,69774,California
Placer,2021-02-20,2035,102137,1278,57001,757,45136,0,0,922,39364,1106,31335,925,70699,California
Placer,2021-02-21,992,103129,732,57733,260,45396,0,0,286,38948,703,32038,287,70986,California
Placer,2021-02-22,2550,105679,1790,59523,760,46156,0,0,618,37634,1932,33970,618,71604,California
Placer,2021-02-23,2574,108253,1599,61122,975,47131,0,0,889,36839,1684,35654,889,72493,California
Placer,2021-02-24,3328,111581,1192,62314,2136,49267,0,0,1827,37176,1492,37146,1829,74322,California
Placer,2021-02-25,3742,115323,1545,63859,2197,51464,0,0,2056,37556,1678,38824,2058,76380,California
Placer,2021-02-26,4251,119574,2452,66311,1799,53263,0,0,2458,38225,1789,40613,2458,78838,California
Placer,2021-02-27,2874,122448,1519,67830,1355,54618,0,0,1481,38322,1387,42000,1484,80322,California
Placer,2021-02-28,1560,124008,854,68684,706,55324,0,0,728,38223,827,42827,728,81050,California
Placer,2021-03-01,3185,127193,2123,70807,1062,56386,0,0,1621,38287,1557,44384,1621,82671,California
Placer,2021-03-02,2871,130064,1768,72575,1103,57489,0,0,1878,39177,988,45372,1878,84549,California
Placer,2021-03-03,3339,133403,1441,74016,1898,59387,0,0,1823,39491,1510,46882,1824,86373,California
Placer,2021-03-04,3607,137010,1453,75469,2154,61541,0,0,1882,39661,1713,48595,1883,88256,California
Placer,2021-03-05,2993,140003,1030,76499,1942,63483,21,21,1806,40304,1184,49779,1827,90083,California
Placer,2021-03-06,2432,142435,1505,78004,830,64313,97,118,936,39849,1488,51267,1033,91116,California
Placer,2021-03-07,1311,143746,761,78765,512,64825,38,156,538,39655,770,52037,576,91692,California
Placer,2021-03-08,2896,146642,1820,80585,964,65789,112,268,1644,40161,1250,53287,1756,93448,California
Placer,2021-03-09,3177,149819,1695,82280,1393,67182,89,357,1830,40735,1345,54632,1919,95367,California
Placer,2021-03-10,3304,153123,1334,83614,1865,69047,105,462,1729,41000,1569,56201,1834,97201,California
Placer,2021-03-11,3655,156778,1665,85279,1864,70911,126,588,1754,40991,1891,58092,1882,99083,California
Placer,2021-03-12,3709,160487,1505,86784,1418,72329,786,1374,1257,40589,2446,60538,2044,101127,California
Placer,2021-03-13,2128,162615,742,87526,1262,73591,124,1498,1109,40806,1016,61554,1233,102360,California
Placer,2021-03-14,1657,164272,680,88206,826,74417,151,1649,900,41100,757,62311,1051,103411,California
Placer,2021-03-15,3193,167465,1543,89749,1521,75938,129,1778,1761,41563,1428,63739,1891,105302,California
Placer,2021-03-16,3594,171059,1929,91678,1531,77469,134,1912,2282,42678,1300,65039,2415,107717,California
Placer,2021-03-17,3456,174515,1746,93424,1606,79075,104,2016,2220,43770,1233,66272,2325,110042,California
Placer,2021-03-18,4103,178618,2331,95755,1731,80806,41,2057,2857,45428,1239,67511,2897,112939,California
Placer,2021-03-19,3445,182063,2064,97819,1114,81920,267,2324,2146,46548,1291,68802,2411,115350,California
Placer,2021-03-20,2146,184209,905,98724,1146,83066,95,2419,1305,47111,836,69638,1399,116749,California
Placer,2021-03-21,1266,185475,579,99303,677,83743,10,2429,881,47620,382,70020,891,117640,California
Placer,2021-03-22,3291,188766,2112,101415,1087,84830,92,2521,2134,48693,1153,71173,2226,119866,California
Placer,2021-03-23,3542,192308,2103,103518,1350,86180,89,2610,2524,50294,1013,72186,2614,122480,California
Placer,2021-03-24,3813,196121,2006,105524,1710,87890,97,2707,1946,50491,1846,74032,2043,124523,California
Placer,2021-03-25,3861,199982,1858,107382,1904,89794,99,2806,1725,50189,2125,76157,1823,126346,California
Placer,2021-03-26,3765,203747,1667,109049,1864,91658,234,3040,1503,49679,2247,78404,1737,128083,California
Placer,2021-03-27,1579,205326,466,109515,1094,92752,19,3059,605,49336,967,79371,624,128707,California
Placer,2021-03-28,1099,206425,528,110043,562,93314,9,3068,305,48861,789,80160,314,129021,California
Placer,2021-03-29,3561,209986,1992,112035,1535,94849,34,3102,1726,48798,1826,81986,1763,130784,California
Placer,2021-03-30,3980,213966,2099,114134,1837,96686,44,3146,2082,49039,1884,83870,2125,132909,California
Placer,2021-03-31,4106,218072,1835,115969,2197,98883,74,3220,1693,48399,2406,86276,1766,134675,California
Placer,2021-04-01,2987,221059,1440,117409,1499,100382,48,3268,1660,48785,1322,87598,1708,136383,California
Placer,2021-04-02,2836,223895,1465,118874,1306,101688,65,3333,1576,49172,1253,88851,1640,138023,California
Placer,2021-04-03,1845,225740,986,119860,731,102419,128,3461,886,49233,951,89802,1012,139035,California
Placer,2021-04-04,708,226448,360,120220,295,102714,53,3514,281,49143,424,90226,334,139369,California
Placer,2021-04-05,3023,229471,1913,122133,927,103641,183,3697,1754,49816,1263,91489,1936,141305,California
Placer,2021-04-06,4291,233762,2488,124621,1502,105143,301,3998,1519,48871,2764,94253,1819,143124,California
Placer,2021-04-07,4551,238313,2598,127219,1497,106640,456,4454,2071,48921,2473,96726,2523,145647,California
Placer,2021-04-08,4730,243043,2613,129832,1576,108216,541,4995,1588,47918,3131,99857,2128,147775,California
Placer,2021-04-09,4135,247178,2275,132107,1239,109455,621,5616,1247,46908,2880,102737,1870,149645,California
Placer,2021-04-10,2039,249217,890,132997,967,110422,182,5798,866,46785,1170,103907,1047,150692,California
Placer,2021-04-11,1369,250586,532,133529,804,111226,33,5831,461,46374,904,104811,493,151185,California
Placer,2021-04-12,4114,254700,2653,136182,1077,112303,384,6215,2478,47609,1627,106438,2862,154047,California
Placer,2021-04-13,4362,259062,2999,139181,1362,113665,1,6216,2206,47666,2152,108590,2209,156256,California
Placer,2021-04-14,4155,263217,2573,141754,1581,115246,1,6217,1855,47235,2290,110880,1859,158115,California
Placer,2021-04-15,4495,267712,2510,144264,1984,117230,1,6218,2342,47438,2142,113022,2345,160460,California
Placer,2021-04-16,3663,271375,2176,146440,1487,118717,0,6218,1421,46623,2236,115258,1421,161881,California
Placer,2021-04-17,2423,273798,843,147283,1580,120297,0,6218,1515,47235,903,116161,1515,163396,California
Placer,2021-04-18,1188,274986,255,147538,933,121230,0,6218,412,46873,774,116935,412,163808,California
Placer,2021-04-19,2928,277914,1797,149335,1131,122361,0,6218,1157,46264,1767,118702,1158,164966,California
Placer,2021-04-20,3814,281728,2467,151802,1347,123708,0,6218,2425,47309,1380,120082,2425,167391,California
Placer,2021-04-21,3665,285393,2397,154199,1267,124975,1,6219,2385,48418,1277,121359,2386,169777,California
Placer,2021-04-22,3661,289054,2271,156470,1390,126365,0,6219,1746,48252,1912,123271,1746,171523,California
Placer,2021-04-23,3503,292557,2318,158788,1184,127549,1,6220,1374,47505,2122,125393,1375,172898,California
Placer,2021-04-24,2087,294644,1266,160054,820,128369,1,6221,1220,47867,858,126251,1220,174118,California
Placer,2021-04-25,913,295557,501,160555,412,128781,0,6221,564,48082,349,126600,564,174682,California
Placer,2021-04-26,2464,298021,1318,161873,1123,129904,23,6244,1200,48049,1255,127855,1222,175904,California
Placer,2021-04-27,2695,300716,1411,163284,1244,131148,40,6284,1538,48475,1153,129008,1579,177483,California
Placer,2021-04-28,3002,303718,1881,165165,1084,132232,37,6321,1602,48723,1391,130399,1639,179122,California
Placer,2021-04-29,3378,307096,2186,167351,1139,133371,53,6374,1416,48236,1956,132355,1469,180591,California
Placer,2021-04-30,2975,310071,1798,169149,1128,134499,49,6423,1184,47684,1785,134140,1233,181824,California
Placer,2021-05-01,1328,311399,933,170082,369,134868,26,6449,603,47593,719,134859,628,182452,California
Placer,2021-05-02,730,312129,572,170654,136,135004,22,6471,331,47549,397,135256,353,182805,California
Placer,2021-05-03,1610,313739,989,171643,554,135558,67,6538,441,46890,1166,136422,507,183312,California
Placer,2021-05-04,2296,316035,1292,172935,838,136396,166,6704,858,46482,1432,137854,1024,184336,California
Placer,2021-05-05,3668,319703,2480,175415,1083,137479,105,6809,963,44852,2698,140552,1068,185404,California
Placer,2021-05-06,3091,322794,1887,177302,1127,138606,77,6886,813,43489,2253,142805,890,186294,California
Placer,2021-05-07,2811,325605,1890,179192,830,139436,91,6977,797,42373,2004,144809,888,187182,California
Placer,2021-05-08,1323,326928,706,179898,576,140012,41,7018,391,41873,930,145739,430,187612,California
Placer,2021-05-09,439,327367,204,180102,215,140227,20,7038,217,41887,222,145961,236,187848,California
Placer,2021-05-10,1923,329290,1023,181125,804,141031,96,7134,430,40924,1489,147450,526,188374,California
Placer,2021-05-11,2838,332128,2050,183175,684,141715,104,7238,589,39378,2239,149689,693,189067,California
Placer,2021-05-12,2864,334992,1990,185165,820,142535,54,7292,724,38023,2134,151823,779,189846,California
Placer,2021-05-13,2745,337737,1799,186964,900,143435,46,7338,982,37289,1761,153584,1027,190873,California
Placer,2021-05-14,2742,340479,1816,188780,796,144231,130,7468,1343,37373,1386,154970,1470,192343,California
Placer,2021-05-15,2054,342533,1348,190128,682,144913,24,7492,907,37163,1141,156111,931,193274,California
Placer,2021-05-16,1012,343545,528,190656,465,145378,19,7511,343,36858,667,156778,362,193636,California
Placer,2021-05-17,2348,345893,1559,192215,713,146091,76,7587,1023,36636,1321,158099,1099,194735,California
Placer,2021-05-18,2492,348385,1677,193892,736,146827,79,7666,1128,36483,1360,159459,1207,195942,California
Placer,2021-05-19,2510,350895,1591,195483,874,147701,45,7711,877,35777,1628,161087,922,196864,California
Placer,2021-05-20,2280,353175,1507,196990,739,148440,34,7745,780,35096,1493,162580,812,197676,California
Placer,2021-05-21,2213,355388,1396,198386,682,149122,135,7880,972,34968,1233,163813,1105,198781,California
Placer,2021-05-22,1413,356801,990,199376,383,149505,40,7920,715,35030,693,164506,755,199536,California
Placer,2021-05-23,406,357207,246,199622,148,149653,12,7932,227,35092,178,164684,240,199776,California
Placer,2021-05-24,1463,358670,744,200366,604,150257,115,8047,428,34603,1032,165716,543,200319,California
Placer,2021-05-25,1784,360454,939,201305,746,151003,99,8146,662,34249,1115,166831,761,201080,California
Placer,2021-05-26,1558,362012,899,202204,629,151632,30,8176,606,33938,948,167779,637,201717,California
Placer,2021-05-27,1442,363454,708,202912,690,152322,44,8220,655,33859,778,168557,699,202416,California
Placer,2021-05-28,1676,365130,852,203764,735,153057,89,8309,719,33715,952,169509,808,203224,California
Placer,2021-05-29,721,365851,400,204164,291,153348,30,8339,363,33752,355,169864,392,203616,California
Placer,2021-05-30,343,366194,232,204396,97,153445,14,8353,221,33866,121,169985,235,203851,California
Placer,2021-05-31,145,366339,67,204463,61,153506,17,8370,28,33794,116,170101,44,203895,California
Placer,2021-06-01,1665,368004,877,205340,717,154223,71,8441,628,33461,1032,171133,699,204594,California
Placer,2021-06-02,1487,369491,758,206098,662,154885,67,8508,490,33022,996,172129,557,205151,California
Placer,2021-06-03,1675,371166,1023,207121,594,155479,58,8566,454,32316,1217,173346,511,205662,California
Placer,2021-06-04,1837,373003,1300,208421,481,155960,56,8622,454,31450,1374,174720,508,206170,California
Placer,2021-06-05,1052,374055,755,209176,260,156220,37,8659,263,30966,784,175504,300,206470,California
Placer,2021-06-06,474,374529,336,209512,121,156341,17,8676,128,30766,345,175849,145,206615,California
Placer,2021-06-07,920,375449,638,210150,237,156578,45,8721,196,30287,719,176568,240,206855,California
Placer,2021-06-08,908,376357,753,210903,114,156692,41,8762,192,29805,715,177283,233,207088,California
Plumas,2020-12-18,4,4,4,4,0,0,0,0,4,4,0,0,4,4,California
Plumas,2020-12-19,1,5,1,5,0,0,0,0,1,5,0,0,1,5,California
Plumas,2020-12-21,45,50,45,50,0,0,0,0,45,50,0,0,45,50,California
Plumas,2020-12-22,93,143,93,143,0,0,0,0,93,143,0,0,93,143,California
Plumas,2020-12-23,50,193,50,193,0,0,0,0,50,193,0,0,50,193,California
Plumas,2020-12-24,6,199,6,199,0,0,0,0,6,199,0,0,6,199,California
Plumas,2020-12-28,8,207,0,199,8,8,0,0,8,207,0,0,8,207,California
Plumas,2020-12-29,32,239,22,221,10,18,0,0,32,239,0,0,32,239,California
Plumas,2020-12-30,23,262,1,222,22,40,0,0,23,262,0,0,23,262,California
Plumas,2020-12-31,4,266,1,223,3,43,0,0,4,266,0,0,4,266,California
Plumas,2021-01-02,1,267,0,223,1,44,0,0,1,267,0,0,1,267,California
Plumas,2021-01-04,10,277,3,226,7,51,0,0,10,277,0,0,10,277,California
Plumas,2021-01-05,22,299,1,227,21,72,0,0,22,299,0,0,22,299,California
Plumas,2021-01-06,121,420,5,232,116,188,0,0,121,420,0,0,121,420,California
Plumas,2021-01-07,52,472,2,234,50,238,0,0,51,470,1,1,51,471,California
Plumas,2021-01-08,12,484,5,239,7,245,0,0,8,474,4,5,8,479,California
Plumas,2021-01-09,1,485,1,240,0,245,0,0,0,473,1,6,0,479,California
Plumas,2021-01-11,58,543,50,290,8,253,0,0,11,437,47,53,11,490,California
Plumas,2021-01-12,156,699,87,377,69,322,0,0,71,423,85,138,71,561,California
Plumas,2021-01-13,55,754,50,427,5,327,0,0,9,386,46,184,9,570,California
Plumas,2021-01-14,98,852,14,441,84,411,0,0,93,474,5,189,93,663,California
Plumas,2021-01-15,62,914,7,448,55,466,0,0,60,532,2,191,60,723,California
Plumas,2021-01-16,58,972,1,449,57,523,0,0,58,590,0,191,58,781,California
Plumas,2021-01-18,2,974,1,450,1,524,0,0,2,592,0,191,2,783,California
Plumas,2021-01-19,37,1011,5,455,32,556,0,0,33,621,4,195,33,816,California
Plumas,2021-01-20,130,1141,2,457,128,684,0,0,128,747,2,197,128,944,California
Plumas,2021-01-21,111,1252,2,459,109,793,0,0,111,858,0,197,111,1055,California
Plumas,2021-01-22,5,1257,1,460,4,797,0,0,5,863,0,197,5,1060,California
Plumas,2021-01-23,94,1351,2,462,92,889,0,0,94,957,0,197,94,1154,California
Plumas,2021-01-24,1,1352,1,463,0,889,0,0,1,958,0,197,1,1155,California
Plumas,2021-01-25,9,1361,6,469,3,892,0,0,7,963,2,199,7,1162,California
Plumas,2021-01-26,59,1420,2,471,57,949,0,0,51,1006,8,207,51,1213,California
Plumas,2021-01-27,27,1447,22,493,5,954,0,0,7,993,20,227,7,1220,California
Plumas,2021-01-28,24,1471,1,494,23,977,0,0,22,1013,2,229,22,1242,California
Plumas,2021-01-29,8,1479,2,496,6,983,0,0,7,1019,1,230,7,1249,California
Plumas,2021-01-30,7,1486,3,499,4,987,0,0,7,1026,0,230,7,1256,California
Plumas,2021-01-31,3,1489,3,502,0,987,0,0,3,1029,0,230,3,1259,California
Plumas,2021-02-01,16,1505,2,504,14,1001,0,0,8,1029,8,238,8,1267,California
Plumas,2021-02-02,23,1528,2,506,21,1022,0,0,2,1010,21,259,2,1269,California
Plumas,2021-02-03,126,1654,8,514,118,1140,0,0,13,911,112,371,13,1282,California
Plumas,2021-02-04,102,1756,8,522,94,1234,0,0,23,855,79,450,23,1305,California
Plumas,2021-02-05,27,1783,12,534,15,1249,0,0,12,852,15,465,12,1317,California
Plumas,2021-02-06,7,1790,0,534,7,1256,0,0,7,859,0,465,7,1324,California
Plumas,2021-02-08,14,1804,5,539,9,1265,0,0,2,849,12,477,2,1326,California
Plumas,2021-02-09,173,1977,3,542,170,1435,0,0,113,902,60,537,113,1439,California
Plumas,2021-02-10,98,2075,8,550,90,1525,0,0,92,989,6,543,93,1532,California
Plumas,2021-02-11,337,2412,6,556,331,1856,0,0,277,1206,60,603,277,1809,California
Plumas,2021-02-12,123,2535,4,560,119,1975,0,0,117,1317,6,609,117,1926,California
Plumas,2021-02-13,76,2611,6,566,70,2045,0,0,16,1273,60,669,16,1942,California
Plumas,2021-02-14,8,2619,5,571,3,2048,0,0,8,1281,0,669,8,1950,California
Plumas,2021-02-15,26,2645,5,576,21,2069,0,0,23,1301,3,672,23,1973,California
Plumas,2021-02-16,80,2725,5,581,75,2144,0,0,16,1253,64,736,16,1989,California
Plumas,2021-02-17,146,2871,5,586,141,2285,0,0,12,1131,134,870,12,2001,California
Plumas,2021-02-18,130,3001,7,593,123,2408,0,0,21,1044,109,979,22,2023,California
Plumas,2021-02-19,43,3044,6,599,37,2445,0,0,8,1017,35,1014,8,2031,California
Plumas,2021-02-20,105,3149,7,606,98,2543,0,0,13,938,92,1106,13,2044,California
Plumas,2021-02-21,6,3155,5,611,1,2544,0,0,2,936,4,1110,2,2046,California
Plumas,2021-02-22,3,3158,1,612,2,2546,0,0,0,933,3,1113,0,2046,California
Plumas,2021-02-23,24,3182,5,617,19,2565,0,0,17,943,7,1120,17,2063,California
Plumas,2021-02-24,470,3652,7,624,463,3028,0,0,457,1387,13,1133,457,2520,California
Plumas,2021-02-25,237,3889,12,636,225,3253,0,0,174,1498,63,1196,174,2694,California
Plumas,2021-02-26,267,4156,8,644,259,3512,0,0,258,1748,9,1205,259,2953,California
Plumas,2021-02-27,40,4196,4,648,36,3548,0,0,33,1774,7,1212,33,2986,California
Plumas,2021-02-28,2,4198,0,648,2,3550,0,0,2,1776,0,1212,2,2988,California
Plumas,2021-03-01,16,4214,2,650,14,3564,0,0,11,1783,4,1216,11,2999,California
Plumas,2021-03-02,11,4225,1,651,10,3574,0,0,7,1787,3,1219,7,3006,California
Plumas,2021-03-03,170,4395,9,660,161,3735,0,0,154,1925,16,1235,154,3160,California
Plumas,2021-03-04,251,4646,8,668,243,3978,0,0,229,2132,22,1257,229,3389,California
Plumas,2021-03-05,400,5046,6,674,389,4367,5,5,389,2515,11,1268,394,3783,California
Plumas,2021-03-06,20,5066,3,677,9,4376,8,13,3,2509,17,1285,11,3794,California
Plumas,2021-03-07,14,5080,3,680,2,4378,9,22,4,2512,10,1295,13,3807,California
Plumas,2021-03-08,30,5110,3,683,2,4380,25,47,3,2513,27,1322,28,3835,California
Plumas,2021-03-09,136,5246,3,686,118,4498,15,62,20,2432,116,1438,35,3870,California
Plumas,2021-03-10,284,5530,4,690,266,4764,14,76,110,2383,173,1611,124,3994,California
Plumas,2021-03-11,183,5713,9,699,169,4933,5,81,148,2501,35,1646,153,4147,California
Plumas,2021-03-12,594,6307,5,704,302,5235,287,368,23,2240,571,2217,310,4457,California
Plumas,2021-03-13,25,6332,4,708,10,5245,11,379,4,2234,21,2238,15,4472,California
Plumas,2021-03-14,12,6344,3,711,4,5249,5,384,1,2230,10,2248,6,4478,California
Plumas,2021-03-15,31,6375,0,711,24,5273,7,391,6,2218,25,2273,13,4491,California
Plumas,2021-03-16,61,6436,3,714,57,5330,1,392,49,2256,12,2285,50,4541,California
Plumas,2021-03-17,70,6506,8,722,61,5391,1,393,55,2298,14,2299,56,4597,California
Plumas,2021-03-18,61,6567,6,728,39,5430,16,409,11,2275,50,2349,27,4624,California
Plumas,2021-03-19,163,6730,5,733,156,5586,2,411,155,2427,6,2355,158,4782,California
Plumas,2021-03-20,709,7439,4,737,704,6290,1,412,688,3097,19,2374,689,5471,California
Plumas,2021-03-21,2,7441,1,738,1,6291,0,412,1,3098,0,2374,1,5472,California
Plumas,2021-03-22,191,7632,2,740,189,6480,0,412,184,3275,7,2381,184,5656,California
Plumas,2021-03-23,28,7660,2,742,26,6506,0,412,14,3275,14,2395,14,5670,California
Plumas,2021-03-24,673,8333,6,748,666,7172,1,413,226,3056,446,2841,227,5897,California
Plumas,2021-03-25,305,8638,7,755,296,7468,2,415,161,3073,144,2985,161,6058,California
Plumas,2021-03-26,316,8954,10,765,306,7774,0,415,47,2852,268,3253,47,6105,California
Plumas,2021-03-27,13,8967,1,766,11,7785,1,416,3,2846,10,3263,4,6109,California
Plumas,2021-03-28,8,8975,4,770,3,7788,1,417,4,2847,4,3267,5,6114,California
Plumas,2021-03-29,12,8987,4,774,7,7795,1,418,4,2844,8,3275,5,6119,California
Plumas,2021-03-30,169,9156,3,777,164,7959,2,420,26,2729,143,3418,28,6147,California
Plumas,2021-03-31,290,9446,3,780,286,8245,1,421,268,2976,22,3440,269,6416,California
Plumas,2021-04-01,303,9749,11,791,291,8536,1,422,60,2796,240,3680,60,6476,California
Plumas,2021-04-02,377,10126,4,795,371,8907,2,424,30,2492,336,4016,32,6508,California
Plumas,2021-04-03,15,10141,3,798,5,8912,7,431,4,2492,11,4027,11,6519,California
Plumas,2021-04-04,3,10144,1,799,1,8913,1,432,0,2490,3,4030,1,6520,California
Plumas,2021-04-05,12,10156,4,803,7,8920,1,433,4,2488,7,4037,5,6525,California
Plumas,2021-04-06,128,10284,6,809,96,9016,26,459,15,2416,113,4150,41,6566,California
Plumas,2021-04-07,287,10571,7,816,102,9118,178,637,28,2363,259,4409,206,6772,California
Plumas,2021-04-08,153,10724,3,819,134,9252,16,653,37,2300,115,4524,52,6824,California
Plumas,2021-04-09,50,10774,9,828,24,9276,17,670,17,2300,33,4557,33,6857,California
Plumas,2021-04-10,23,10797,2,830,5,9281,16,686,5,2303,18,4575,21,6878,California
Plumas,2021-04-11,2,10799,1,831,0,9281,1,687,1,2304,1,4576,2,6880,California
Plumas,2021-04-12,12,10811,4,835,5,9286,3,690,6,2307,6,4582,9,6889,California
Plumas,2021-04-13,210,11021,4,839,206,9492,0,690,145,2387,65,4647,145,7034,California
Plumas,2021-04-14,108,11129,6,845,102,9594,0,690,55,2389,53,4700,55,7089,California
Plumas,2021-04-15,52,11181,2,847,50,9644,0,690,34,2405,18,4718,34,7123,California
Plumas,2021-04-16,143,11324,3,850,140,9784,0,690,2,2266,141,4859,2,7125,California
Plumas,2021-04-17,679,12003,2,852,677,10461,0,690,19,1627,658,5517,19,7144,California
Plumas,2021-04-18,3,12006,3,855,0,10461,0,690,0,1624,3,5520,0,7144,California
Plumas,2021-04-19,38,12044,2,857,36,10497,0,690,5,1596,33,5553,5,7149,California
Plumas,2021-04-20,43,12087,5,862,38,10535,0,690,28,1610,14,5567,28,7177,California
Plumas,2021-04-21,318,12405,5,867,312,10847,1,691,17,1326,301,5868,17,7194,California
Plumas,2021-04-22,275,12680,7,874,268,11115,0,691,129,1309,146,6014,129,7323,California
Plumas,2021-04-23,74,12754,5,879,69,11184,0,691,16,1267,58,6072,16,7339,California
Plumas,2021-04-24,171,12925,5,884,166,11350,0,691,145,1387,25,6097,145,7484,California
Plumas,2021-04-26,31,12956,4,888,27,11377,0,691,8,1373,22,6119,8,7492,California
Plumas,2021-04-27,98,13054,4,892,94,11471,0,691,61,1397,37,6156,61,7553,California
Plumas,2021-04-28,284,13338,4,896,280,11751,0,691,38,1190,245,6401,38,7591,California
Plumas,2021-04-29,172,13510,68,964,104,11855,0,691,119,1256,53,6454,119,7710,California
Plumas,2021-04-30,22,13532,11,975,11,11866,0,691,7,1248,15,6469,7,7717,California
Plumas,2021-05-01,4,13536,1,976,2,11868,1,692,1,1248,2,6471,2,7719,California
Plumas,2021-05-02,1,13537,1,977,0,11868,0,692,1,1249,0,6471,1,7720,California
Plumas,2021-05-03,18,13555,6,983,6,11874,6,698,6,1250,11,6482,12,7732,California
Plumas,2021-05-04,31,13586,3,986,21,11895,7,705,18,1263,12,6494,25,7757,California
Plumas,2021-05-05,48,13634,4,990,43,11938,1,706,22,1260,26,6520,23,7780,California
Plumas,2021-05-06,65,13699,2,992,57,11995,6,712,20,1241,45,6565,26,7806,California
Plumas,2021-05-07,22,13721,5,997,16,12011,1,713,8,1236,14,6579,9,7815,California
Plumas,2021-05-08,6,13727,0,997,4,12015,2,715,4,1240,2,6581,6,7821,California
Plumas,2021-05-10,50,13777,0,997,27,12042,23,738,23,1259,27,6608,46,7867,California
Plumas,2021-05-11,171,13948,3,1000,149,12191,19,757,15,1137,156,6764,34,7901,California
Plumas,2021-05-12,100,14048,2,1002,91,12282,7,764,37,1119,62,6826,44,7945,California
Plumas,2021-05-13,37,14085,3,1005,32,12314,2,766,13,1110,24,6850,15,7960,California
Plumas,2021-05-14,19,14104,3,1008,11,12325,5,771,9,1114,10,6860,14,7974,California
Plumas,2021-05-15,10,14114,4,1012,4,12329,2,773,4,1114,6,6866,6,7980,California
Plumas,2021-05-16,1,14115,1,1013,0,12329,0,773,1,1115,0,6866,1,7981,California
Plumas,2021-05-17,14,14129,0,1013,5,12334,9,782,4,1118,10,6876,13,7994,California
Plumas,2021-05-18,45,14174,7,1020,37,12371,1,783,25,1124,20,6896,26,8020,California
Plumas,2021-05-19,47,14221,3,1023,30,12401,14,797,12,1116,35,6931,27,8047,California
Plumas,2021-05-20,187,14408,133,1156,43,12444,11,808,77,1094,110,7041,88,8135,California
Plumas,2021-05-21,30,14438,9,1165,15,12459,6,814,15,1100,15,7056,21,8156,California
Plumas,2021-05-22,136,14574,2,1167,134,12593,0,814,6,977,129,7185,6,8162,California
Plumas,2021-05-23,1,14575,1,1168,0,12593,0,814,0,976,1,7186,0,8162,California
Plumas,2021-05-24,50,14625,37,1205,12,12605,1,815,41,1009,9,7195,42,8204,California
Plumas,2021-05-25,73,14698,3,1208,69,12674,1,816,16,969,57,7252,17,8221,California
Plumas,2021-05-26,42,14740,7,1215,28,12702,7,823,17,968,25,7277,24,8245,California
Plumas,2021-05-27,102,14842,26,1241,63,12765,13,836,42,964,59,7336,55,8300,California
Plumas,2021-05-28,42,14884,16,1257,24,12789,2,838,23,970,19,7355,25,8325,California
Plumas,2021-05-29,8,14892,0,1257,8,12797,0,838,6,975,2,7357,7,8332,California
Plumas,2021-05-31,5,14897,0,1257,2,12799,3,841,0,974,4,7361,3,8335,California
Plumas,2021-06-01,34,14931,8,1265,20,12819,6,847,9,965,25,7386,16,8351,California
Plumas,2021-06-02,60,14991,5,1270,34,12853,21,868,10,946,50,7436,31,8382,California
Plumas,2021-06-03,64,15055,16,1286,38,12891,10,878,26,944,38,7474,36,8418,California
Plumas,2021-06-04,13,15068,2,1288,9,12900,2,880,7,947,6,7480,9,8427,California
Plumas,2021-06-05,6,15074,2,1290,4,12904,0,880,1,943,5,7485,1,8428,California
Plumas,2021-06-06,2,15076,1,1291,1,12905,0,880,0,941,2,7487,0,8428,California
Plumas,2021-06-07,37,15113,5,1296,25,12930,7,887,9,929,28,7515,16,8444,California
Plumas,2021-06-08,13,15126,2,1298,9,12939,2,889,4,926,9,7524,6,8450,California
Riverside,2020-12-15,5,5,5,5,0,0,0,0,5,5,0,0,5,5,California
Riverside,2020-12-16,70,75,70,75,0,0,0,0,70,75,0,0,70,75,California
Riverside,2020-12-17,814,889,814,889,0,0,0,0,814,889,0,0,814,889,California
Riverside,2020-12-18,1729,2618,1728,2617,1,1,0,0,1729,2618,0,0,1729,2618,California
Riverside,2020-12-19,1029,3647,1026,3643,3,4,0,0,1027,3644,1,1,1027,3645,California
Riverside,2020-12-20,1086,4733,1085,4728,1,5,0,0,1086,4730,0,1,1086,4731,California
Riverside,2020-12-21,2274,7007,2272,7000,2,7,0,0,2274,7004,0,1,2274,7005,California
Riverside,2020-12-22,2259,9266,2220,9220,39,46,0,0,2259,9263,0,1,2259,9264,California
Riverside,2020-12-23,2147,11413,1805,11025,342,388,0,0,2148,11411,0,1,2148,11412,California
Riverside,2020-12-24,822,12235,619,11644,203,591,0,0,822,12233,0,1,822,12234,California
Riverside,2020-12-25,28,12263,5,11649,23,614,0,0,28,12261,0,1,28,12262,California
Riverside,2020-12-26,400,12663,257,11906,143,757,0,0,400,12661,0,1,400,12662,California
Riverside,2020-12-27,368,13031,247,12153,121,878,0,0,368,13029,0,1,368,13030,California
Riverside,2020-12-28,1638,14669,1132,13285,506,1384,0,0,1639,14668,0,1,1639,14669,California
Riverside,2020-12-29,1745,16414,973,14258,772,2156,0,0,1745,16413,0,1,1745,16414,California
Riverside,2020-12-30,2578,18992,1682,15940,896,3052,0,0,2578,18991,0,1,2578,18992,California
Riverside,2020-12-31,1025,20017,397,16337,628,3680,0,0,1027,20018,0,1,1027,20019,California
Riverside,2021-01-01,123,20140,47,16384,76,3756,0,0,123,20141,0,1,123,20142,California
Riverside,2021-01-02,836,20976,695,17079,141,3897,0,0,836,20977,0,1,836,20978,California
Riverside,2021-01-03,344,21320,298,17377,46,3943,0,0,343,21320,0,1,343,21321,California
Riverside,2021-01-04,1267,22587,794,18171,473,4416,0,0,1267,22587,0,1,1267,22588,California
Riverside,2021-01-05,1993,24580,1369,19540,624,5040,0,0,1898,24395,90,91,1898,24486,California
Riverside,2021-01-06,2500,27080,1116,20656,1384,6424,0,0,2190,26279,306,397,2190,26676,California
Riverside,2021-01-07,2788,29868,1830,22486,958,7382,0,0,1721,26940,1061,1458,1722,28398,California
Riverside,2021-01-08,4070,33938,2938,25424,1132,8514,0,0,2253,27380,1813,3271,2253,30651,California
Riverside,2021-01-09,2077,36015,848,26272,1229,9743,0,0,1725,28754,351,3622,1725,32376,California
Riverside,2021-01-10,1669,37684,734,27006,935,10678,0,0,1068,29221,601,4223,1068,33444,California
Riverside,2021-01-11,4522,42206,3095,30101,1427,12105,0,0,2788,30278,1732,5955,2789,36233,California
Riverside,2021-01-12,3417,45623,2742,32843,675,12780,0,0,1721,30308,1691,7646,1721,37954,California
Riverside,2021-01-13,4464,50087,2945,35788,1519,14299,0,0,2845,31537,1616,9262,2845,40799,California
Riverside,2021-01-14,5525,55612,1917,37705,3608,17907,0,0,4942,35897,582,9844,4942,45741,California
Riverside,2021-01-15,6087,61699,2006,39711,4081,21988,0,0,5796,41403,290,10134,5796,51537,California
Riverside,2021-01-16,3618,65317,1021,40732,2597,24585,0,0,3370,44527,248,10382,3372,54909,California
Riverside,2021-01-17,3596,68913,588,41320,3008,27593,0,0,3397,47727,197,10579,3397,58306,California
Riverside,2021-01-18,3757,72670,2049,43369,1708,29301,0,0,2744,49458,1013,11592,2744,61050,California
Riverside,2021-01-19,7424,80094,2649,46018,4775,34076,0,0,6301,54637,1123,12715,6302,67352,California
Riverside,2021-01-20,8233,88327,3139,49157,5094,39170,0,0,6567,59554,1654,14369,6571,73923,California
Riverside,2021-01-21,8355,96682,3506,52663,4849,44019,0,0,7703,66605,653,15022,7704,81627,California
Riverside,2021-01-22,8732,105414,2964,55627,5768,49787,0,0,8300,74476,430,15452,8301,89928,California
Riverside,2021-01-23,5903,111317,2365,57992,3538,53325,0,0,5182,78939,720,16172,5183,95111,California
Riverside,2021-01-24,3041,114358,1436,59428,1605,54930,0,0,2826,81554,212,16384,2827,97938,California
Riverside,2021-01-25,7899,122257,4546,63974,3353,58283,0,0,6772,87201,1126,17510,6773,104711,California
Riverside,2021-01-26,9159,131416,5727,69701,3432,61715,0,0,7647,93341,1509,19019,7649,112360,California
Riverside,2021-01-27,10945,142361,6403,76104,4542,66257,0,0,9329,101063,1611,20630,9333,121693,California
Riverside,2021-01-28,11528,153889,6804,82908,4724,70981,0,0,10353,110254,1167,21797,10358,132051,California
Riverside,2021-01-29,11948,165837,7289,90197,4659,75640,0,0,10569,119475,1353,23150,10574,142625,California
Riverside,2021-01-30,9070,174907,4617,94814,4453,80093,0,0,8608,127624,460,23610,8609,151234,California
Riverside,2021-01-31,5172,180079,4260,99074,912,81005,0,0,5041,132539,130,23740,5045,156279,California
Riverside,2021-02-01,10986,191065,6791,105865,4195,85200,0,0,9135,139833,1844,25584,9138,165417,California
Riverside,2021-02-02,9482,200547,4821,110686,4661,89861,0,0,8013,146388,1461,27045,8016,173433,California
Riverside,2021-02-03,12196,212743,5149,115835,7047,96908,0,0,9825,153851,2362,29407,9825,183258,California
Riverside,2021-02-04,13521,226264,6011,121846,7510,104418,0,0,11432,163205,2081,31488,11435,194693,California
Riverside,2021-02-05,14327,240591,5391,127237,8936,113354,0,0,11276,171441,3044,34532,11280,205973,California
Riverside,2021-02-06,7233,247824,4264,131501,2969,116323,0,0,5592,175402,1634,36166,5595,211568,California
Riverside,2021-02-07,2168,249992,796,132297,1372,117695,0,0,1847,176931,319,36485,1848,213416,California
Riverside,2021-02-08,12475,262467,5551,137848,6924,124619,0,0,10160,184795,2300,38785,10164,223580,California
Riverside,2021-02-09,9638,272105,4516,142364,5122,129741,0,0,7693,190555,1938,40723,7698,231278,California
Riverside,2021-02-10,12086,284191,6972,149336,5114,134855,0,0,8913,196314,3163,43886,8922,240200,California
Riverside,2021-02-11,16634,300825,9062,158398,7572,142427,0,0,12114,203945,4498,48384,12129,252329,California
Riverside,2021-02-12,17742,318567,10799,169197,6943,149370,0,0,12852,211963,4846,53230,12864,265193,California
Riverside,2021-02-13,6316,324883,2134,171331,4182,153552,0,0,3092,211867,3209,56439,3113,268306,California
Riverside,2021-02-14,4920,329803,1118,172449,3802,157354,0,0,2178,211307,2738,59177,2178,270484,California
Riverside,2021-02-15,9821,339624,5001,177450,4820,162174,0,0,5400,212303,4412,63589,5408,275892,California
Riverside,2021-02-16,16134,355758,10117,187567,6017,168191,0,0,9256,214697,6870,70459,9264,285156,California
Riverside,2021-02-17,15034,370792,8214,195781,6820,175011,0,0,7446,214579,7574,78033,7456,292612,California
Riverside,2021-02-18,15559,386351,8986,204767,6573,181584,0,0,8021,215100,7515,85548,8036,300648,California
Riverside,2021-02-19,15307,401658,8225,212992,7082,188666,0,0,7228,214276,8060,93608,7236,307884,California
Riverside,2021-02-20,8320,409978,4500,217492,3820,192486,0,0,2162,210301,6141,99749,2166,310050,California
Riverside,2021-02-21,4405,414383,3883,221375,522,193008,0,0,1234,208379,3156,102905,1234,311284,California
Riverside,2021-02-22,12387,426770,7779,229154,4608,197616,0,0,5107,206227,7264,110169,5112,316396,California
Riverside,2021-02-23,11127,437897,7573,236727,3554,201170,0,0,5397,205925,5703,115872,5401,321797,California
Riverside,2021-02-24,14808,452705,8102,244829,6706,207876,0,0,6292,203756,8478,124350,6309,328106,California
Riverside,2021-02-25,17369,470074,7406,252235,9963,217839,0,0,8076,202587,9269,133619,8100,336206,California
Riverside,2021-02-26,18651,488725,6738,258973,11913,229752,0,0,9306,202640,9287,142906,9340,345546,California
Riverside,2021-02-27,12094,500819,5606,264579,6488,236240,0,0,5761,202128,6300,149206,5788,351334,California
Riverside,2021-02-28,4889,505708,3226,267805,1663,237903,0,0,2407,202073,2469,151675,2414,353748,California
Riverside,2021-03-01,14385,520093,6117,273922,8265,246168,3,3,8457,204672,5889,157564,8488,362236,California
Riverside,2021-03-02,15388,535481,7521,281443,7866,254034,1,4,9022,207380,6344,163908,9052,371288,California
Riverside,2021-03-03,16936,552417,8385,289828,8551,262585,0,4,7305,205233,9580,173488,7433,378721,California
Riverside,2021-03-04,18761,571178,7477,297305,11279,273864,5,9,8906,204484,9810,183298,9061,387782,California
Riverside,2021-03-05,18925,590103,7609,304914,11272,285136,44,53,9377,204685,9497,192795,9698,397480,California
Riverside,2021-03-06,9529,599632,5081,309995,3967,289103,481,534,4753,205183,4763,197558,5261,402741,California
Riverside,2021-03-07,4263,603895,2754,312749,1120,290223,389,923,2011,205344,2243,199801,2404,405145,California
Riverside,2021-03-08,11969,615864,4757,317506,6802,297025,410,1333,5343,204537,6606,206407,5799,410944,California
Riverside,2021-03-09,14799,630663,6895,324401,7402,304427,502,1835,5898,202195,8878,215285,6536,417480,California
Riverside,2021-03-10,15917,646580,8516,332917,6474,310901,927,2762,6214,199830,9658,224943,7293,424773,California
Riverside,2021-03-11,19313,665893,9470,342387,7993,318894,1850,4612,7612,197833,11666,236609,9669,434442,California
Riverside,2021-03-12,21209,687102,7933,350320,8531,327425,4745,9357,7041,195815,14129,250738,12111,446553,California
Riverside,2021-03-13,8518,695620,2547,352867,4740,332165,1231,10588,4372,197371,4124,254862,5680,452233,California
Riverside,2021-03-14,4748,700368,1621,354488,1755,333920,1372,11960,2088,198178,2649,257511,3456,455689,California
Riverside,2021-03-15,18703,719071,7871,362359,9166,343086,1666,13626,9211,199707,9448,266959,10977,466666,California
Riverside,2021-03-16,20902,739973,10145,372504,9944,353030,813,14439,11391,202529,9474,276433,12296,478962,California
Riverside,2021-03-17,21342,761315,10951,383455,9331,362361,1060,15499,12826,207994,8480,284913,13945,492907,California
Riverside,2021-03-18,22624,783939,11773,395228,9181,371542,1670,17169,12549,212198,10023,294936,14227,507134,California
Riverside,2021-03-19,24164,808103,12686,407914,10507,382049,971,18140,14108,217647,9996,304932,15445,522579,California
Riverside,2021-03-20,10688,818791,6898,414812,2607,384656,1183,19323,6875,221922,3782,308714,8057,530636,California
Riverside,2021-03-21,3749,822540,2923,417735,560,385216,266,19589,2556,223571,1174,309888,2823,533459,California
Riverside,2021-03-22,16648,839188,9931,427666,6166,391382,551,20140,10599,228726,5992,315880,11147,544606,California
Riverside,2021-03-23,18571,857759,10515,438181,7634,399016,422,20562,11933,234518,6577,322457,12369,556975,California
Riverside,2021-03-24,18735,876494,10457,448638,8157,407173,121,20683,12861,241683,5823,328280,12988,569963,California
Riverside,2021-03-25,21166,897660,11678,460316,9310,416483,178,20861,14185,249144,6906,335186,14367,584330,California
Riverside,2021-03-26,24156,921816,11942,472258,12049,428532,165,21026,15024,255306,9030,344216,15192,599522,California
Riverside,2021-03-27,9350,931166,4910,477168,3388,431920,1052,22078,4825,256684,4501,348717,5879,605401,California
Riverside,2021-03-28,4774,935940,3139,480307,1542,433462,93,22171,2841,257699,1920,350637,2935,608336,California
Riverside,2021-03-29,17667,953607,8449,488756,9099,442561,119,22290,10922,262053,6699,357336,11053,619389,California
Riverside,2021-03-30,18369,971976,9559,498315,8603,451164,207,22497,11708,267350,6620,363956,11917,631306,California
Riverside,2021-03-31,18159,990135,8447,506762,9404,460568,308,22805,11464,272484,6647,370603,11781,643087,California
Riverside,2021-04-01,25571,1015706,12497,519259,12295,472863,779,23584,16506,280774,8994,379597,17284,660371,California
Riverside,2021-04-02,26153,1041859,14075,533334,11126,483989,952,24536,16381,288620,9709,389306,17555,677926,California
Riverside,2021-04-03,9390,1051249,5968,539302,2829,486818,593,25129,6049,291938,3320,392626,6638,684564,California
Riverside,2021-04-04,3402,1054651,2068,541370,1090,487908,244,25373,1718,292226,1675,394301,1963,686527,California
Riverside,2021-04-05,18481,1073132,9463,550833,7157,495065,1861,27234,9943,295533,8496,402797,11803,698330,California
Riverside,2021-04-06,23809,1096941,12372,563205,9299,504364,2138,29372,13278,300461,10479,413276,15407,713737,California
Riverside,2021-04-07,24899,1121840,13438,576643,8939,513303,2522,31894,13854,305839,10995,424271,16373,730110,California
Riverside,2021-04-08,27470,1149310,15198,591841,9287,522590,2985,34879,16792,314991,10607,434878,19759,749869,California
Riverside,2021-04-09,26306,1175616,15461,607302,8385,530975,2460,37339,16047,323304,10212,445090,18525,768394,California
Riverside,2021-04-10,12031,1187647,6746,614048,3889,534864,1396,38735,5262,323230,6725,451815,6651,775045,California
Riverside,2021-04-11,4641,1192288,2760,616808,1261,536125,620,39355,2193,323605,2436,454251,2811,777856,California
Riverside,2021-04-12,20201,1212489,8994,625802,8560,544685,2647,42002,10122,326343,10040,464291,12778,790634,California
Riverside,2021-04-13,20062,1232551,11231,637033,8804,553489,27,42029,11482,329327,8541,472832,11525,802159,California
Riverside,2021-04-14,22245,1254796,12262,649295,9968,563457,15,42044,10929,329078,11246,484078,10997,813156,California
Riverside,2021-04-15,22025,1276821,12483,661778,9534,572991,8,42052,11603,330363,10355,494433,11640,824796,California
Riverside,2021-04-16,24899,1301720,14410,676188,10483,583474,6,42058,11512,328556,13332,507765,11525,836321,California
Riverside,2021-04-17,9871,1311591,6504,682692,3367,586841,0,42058,4959,328626,4896,512661,4966,841287,California
Riverside,2021-04-18,3853,1315444,2808,685500,1038,587879,7,42065,1808,328413,2031,514692,1818,843105,California
Riverside,2021-04-19,19462,1334906,11574,697074,7885,595764,3,42068,6955,322910,12466,527158,6963,850068,California
Riverside,2021-04-20,18879,1353785,9959,707033,8911,604675,9,42077,7733,319553,11102,538260,7745,857813,California
Riverside,2021-04-21,19850,1373635,11423,718456,8418,613093,9,42086,7987,315760,11795,550055,8002,865815,California
Riverside,2021-04-22,23247,1396882,13573,732029,9670,622763,4,42090,8672,309937,14504,564559,8681,874496,California
Riverside,2021-04-23,23313,1420195,13721,745750,9578,632341,14,42104,9138,304979,14118,578677,9160,883656,California
Riverside,2021-04-24,10473,1430668,7299,753049,3171,635512,3,42107,4819,304185,5616,584293,4822,888478,California
Riverside,2021-04-25,4214,1434882,2818,755867,1395,636907,1,42108,2185,304362,2010,586303,2187,890665,California
Riverside,2021-04-26,17063,1451945,10679,766546,6339,643246,45,42153,5799,298991,11219,597522,5848,896513,California
Riverside,2021-04-27,18051,1469996,10319,776865,7548,650794,184,42337,6263,293693,11745,609267,6447,902960,California
Riverside,2021-04-28,16477,1486473,8862,785727,7360,658154,255,42592,5548,288625,10871,620138,5803,908763,California
Riverside,2021-04-29,18720,1505193,11445,797172,6929,665083,346,42938,5381,281074,13275,633413,5724,914487,California
Riverside,2021-04-30,19790,1524983,11428,808600,7981,673064,381,43319,6375,274472,13361,646774,6759,921246,California
Riverside,2021-05-01,6756,1531739,4867,813467,1722,674786,167,43486,2323,272551,4409,651183,2488,923734,California
Riverside,2021-05-02,3352,1535091,2183,815650,961,675747,208,43694,1068,271566,2267,653450,1282,925016,California
Riverside,2021-05-03,17992,1553083,11051,826701,6452,682199,489,44183,4161,262444,13769,667219,4647,929663,California
Riverside,2021-05-04,17240,1570323,10948,837649,5875,688074,417,44600,4864,255412,12309,679528,5277,934940,California
Riverside,2021-05-05,15778,1586101,8926,846575,6492,694566,360,44960,4549,249152,11169,690697,4909,939849,California
Riverside,2021-05-06,17758,1603859,9944,856519,7405,701971,409,45369,4502,240879,13185,703882,4912,944761,California
Riverside,2021-05-07,20301,1624160,11571,868090,8300,710271,430,45799,5350,231782,14873,718755,5776,950537,California
Riverside,2021-05-08,6814,1630974,4534,872624,2052,712323,228,46027,2556,230337,4228,722983,2783,953320,California
Riverside,2021-05-09,2307,1633281,1512,874136,640,712963,155,46182,854,229901,1445,724428,1009,954329,California
Riverside,2021-05-10,10024,1643305,5140,879276,4514,717477,370,46552,2853,226003,7121,731549,3223,957552,California
Riverside,2021-05-11,13652,1656957,8229,887505,4931,722408,492,47044,3734,220390,9840,741389,4227,961779,California
Riverside,2021-05-12,12484,1669441,6271,893776,5894,728302,319,47363,3942,216161,8488,749877,4259,966038,California
Riverside,2021-05-13,14009,1683450,8406,902182,5339,733641,264,47627,5054,212579,8904,758781,5322,971360,California
Riverside,2021-05-14,17721,1701171,11197,913379,5732,739373,792,48419,6922,209559,10731,769512,7711,979071,California
Riverside,2021-05-15,9675,1710846,6929,920308,2349,741722,397,48816,4938,210188,4706,774218,5335,984406,California
Riverside,2021-05-16,3467,1714313,2518,922826,839,742561,110,48926,1707,210254,1749,775967,1815,986221,California
Riverside,2021-05-17,11736,1726049,7562,930388,3836,746397,338,49264,5143,209181,6558,782525,5485,991706,California
Riverside,2021-05-18,15030,1741079,9304,939692,5383,751780,343,49607,6174,206890,8809,791334,6518,998224,California
Riverside,2021-05-19,12112,1753191,7666,947358,4220,756000,226,49833,5988,207029,6076,797410,6215,1004439,California
Riverside,2021-05-20,10187,1763378,6258,953616,3679,759679,250,50083,4520,206179,5624,803034,4774,1009213,California
Riverside,2021-05-21,12765,1776143,7846,961462,4609,764288,310,50393,5423,204621,7290,810324,5732,1014945,California
Riverside,2021-05-22,6102,1782245,4172,965634,1742,766030,188,50581,3326,205393,2743,813067,3515,1018460,California
Riverside,2021-05-23,1823,1784068,1245,966879,504,766534,74,50655,940,205534,872,813939,1013,1019473,California
Riverside,2021-05-24,8605,1792673,5557,972436,2740,769274,308,50963,3838,204946,4733,818672,4145,1023618,California
Riverside,2021-05-25,9626,1802299,5750,978186,3615,772889,261,51224,3934,203485,5657,824329,4196,1027814,California
Riverside,2021-05-26,8832,1811131,5473,983659,3034,775923,325,51549,3980,202991,4802,829131,4308,1032122,California
Riverside,2021-05-27,8494,1819625,5089,988748,3172,779095,233,51782,4025,202829,4419,833550,4257,1036379,California
Riverside,2021-05-28,10629,1830254,6481,995229,3848,782943,300,52082,5021,202610,5542,839092,5323,1041702,California
Riverside,2021-05-29,4972,1835226,3386,998615,1463,784406,123,52205,2838,203460,2113,841205,2963,1044665,California
Riverside,2021-05-30,1946,1837172,1405,1000020,477,784883,64,52269,1069,203723,870,842075,1133,1045798,California
Riverside,2021-05-31,867,1838039,491,1000511,343,785226,33,52302,333,203558,531,842606,366,1046164,California
Riverside,2021-06-01,9115,1847154,5643,1006154,3239,788465,233,52535,3625,201979,5437,848043,3858,1050022,California
Riverside,2021-06-02,7071,1854225,4297,1010451,2501,790966,273,52808,2896,201012,4136,852179,3169,1053191,California
Riverside,2021-06-03,7877,1862102,5252,1015703,2369,793335,256,53064,2961,199348,4879,857058,3215,1056406,California
Riverside,2021-06-04,10342,1872444,7386,1023089,2715,796050,241,53305,3744,196783,6550,863608,3985,1060391,California
Riverside,2021-06-05,6816,1879260,5008,1028097,1270,797320,538,53843,2201,194938,4586,868194,2741,1063132,California
Riverside,2021-06-06,2183,1881443,1846,1029943,285,797605,52,53895,797,194409,1379,869573,850,1063982,California
Riverside,2021-06-07,6600,1888043,5071,1035014,1329,798934,200,54095,2169,192370,4408,873981,2369,1066351,California
Riverside,2021-06-08,4155,1892198,3024,1038038,993,799927,138,54233,1195,190781,2924,876905,1335,1067686,California
Sacramento,2020-12-15,314,314,314,314,0,0,0,0,314,314,0,0,314,314,California
Sacramento,2020-12-16,648,962,648,962,0,0,0,0,648,962,0,0,648,962,California
Sacramento,2020-12-17,702,1664,702,1664,0,0,0,0,702,1664,0,0,702,1664,California
Sacramento,2020-12-18,1115,2779,1115,2779,0,0,0,0,1115,2779,0,0,1115,2779,California
Sacramento,2020-12-19,611,3390,611,3390,0,0,0,0,611,3390,0,0,611,3390,California
Sacramento,2020-12-20,637,4027,637,4027,0,0,0,0,637,4027,0,0,637,4027,California
Sacramento,2020-12-21,1678,5705,1678,5705,0,0,0,0,1679,5706,0,0,1679,5706,California
Sacramento,2020-12-22,2100,7805,2066,7771,34,34,0,0,2100,7806,0,0,2100,7806,California
Sacramento,2020-12-23,2258,10063,2084,9855,174,208,0,0,2258,10064,0,0,2258,10064,California
Sacramento,2020-12-24,1040,11103,828,10683,212,420,0,0,1040,11104,0,0,1040,11104,California
Sacramento,2020-12-25,1,11104,0,10683,1,421,0,0,1,11105,0,0,1,11105,California
Sacramento,2020-12-26,507,11611,288,10971,219,640,0,0,507,11612,0,0,507,11612,California
Sacramento,2020-12-27,357,11968,251,11222,106,746,0,0,357,11969,0,0,357,11969,California
Sacramento,2020-12-28,1904,13872,1323,12545,581,1327,0,0,1903,13871,1,1,1903,13872,California
Sacramento,2020-12-29,1962,15834,1196,13741,766,2093,0,0,1962,15833,0,1,1962,15834,California
Sacramento,2020-12-30,2558,18392,1456,15197,1102,3195,0,0,2559,18392,0,1,2559,18393,California
Sacramento,2020-12-31,1223,19615,689,15886,534,3729,0,0,1224,19616,0,1,1224,19617,California
Sacramento,2021-01-01,83,19698,71,15957,12,3741,0,0,83,19699,0,1,83,19700,California
Sacramento,2021-01-02,568,20266,366,16323,202,3943,0,0,568,20267,0,1,568,20268,California
Sacramento,2021-01-03,413,20679,224,16547,189,4132,0,0,413,20680,0,1,413,20681,California
Sacramento,2021-01-04,1949,22628,842,17389,1107,5239,0,0,1940,22612,8,9,1940,22621,California
Sacramento,2021-01-05,2213,24841,987,18376,1226,6465,0,0,1849,24104,364,373,1856,24477,California
Sacramento,2021-01-06,2733,27574,1620,19996,1113,7578,0,0,1934,25242,796,1169,1934,26411,California
Sacramento,2021-01-07,2841,30415,1513,21509,1328,8906,0,0,1911,26226,927,2096,1911,28322,California
Sacramento,2021-01-08,3288,33703,2085,23594,1203,10109,0,0,2170,27283,1114,3210,2171,30493,California
Sacramento,2021-01-09,1293,34996,799,24393,494,10603,0,0,898,27788,393,3603,898,31391,California
Sacramento,2021-01-10,1232,36228,709,25102,523,11126,0,0,764,28086,467,4070,765,32156,California
Sacramento,2021-01-11,4350,40578,2962,28064,1388,12514,0,0,2409,28567,1940,6010,2421,34577,California
Sacramento,2021-01-12,4579,45157,3200,31264,1379,13893,0,0,2608,29208,1971,7981,2612,37189,California
Sacramento,2021-01-13,3841,48998,2217,33481,1624,15517,0,0,2424,30217,1416,9397,2425,39614,California
Sacramento,2021-01-14,4616,53614,2324,35805,2292,17809,0,0,3706,33016,907,10304,3706,43320,California
Sacramento,2021-01-15,4438,58052,2250,38055,2188,19997,0,0,3727,36033,711,11015,3728,47048,California
Sacramento,2021-01-16,2082,60134,1276,39331,806,20803,0,0,1864,37679,218,11233,1864,48912,California
Sacramento,2021-01-17,1675,61809,979,40310,696,21499,0,0,1490,38987,185,11418,1493,50405,California
Sacramento,2021-01-18,2828,64637,1731,42041,1097,22596,0,0,2248,40658,579,11997,2250,52655,California
Sacramento,2021-01-19,4971,69608,3023,45064,1948,24544,0,0,3734,43157,1237,13234,3736,56391,California
Sacramento,2021-01-20,4818,74426,2847,47911,1971,26515,0,0,3595,45533,1225,14459,3601,59992,California
Sacramento,2021-01-21,5206,79632,3006,50917,2200,28715,0,0,4236,48808,964,15423,4239,64231,California
Sacramento,2021-01-22,5020,84652,2686,53603,2334,31049,0,0,4719,53228,300,15723,4720,68951,California
Sacramento,2021-01-23,3754,88406,1569,55172,2185,33234,0,0,3293,56060,461,16184,3293,72244,California
Sacramento,2021-01-24,1621,90027,1009,56181,612,33846,0,0,1378,57197,242,16426,1379,73623,California
Sacramento,2021-01-25,4411,94438,2163,58344,2248,36094,0,0,2947,58682,1464,17890,2949,76572,California
Sacramento,2021-01-26,4744,99182,2154,60498,2590,38684,0,0,3546,61034,1196,19086,3548,80120,California
Sacramento,2021-01-27,5862,105044,3058,63556,2804,41488,0,0,4244,63665,1615,20701,4246,84366,California
Sacramento,2021-01-28,5408,110452,2742,66298,2666,44154,0,0,4307,66874,1100,21801,4309,88675,California
Sacramento,2021-01-29,5412,115864,2939,69237,2473,46627,0,0,4393,70257,1010,22811,4393,93068,California
Sacramento,2021-01-30,4503,120367,2196,71433,2307,48934,0,0,4075,73906,426,23237,4075,97143,California
Sacramento,2021-01-31,2336,122703,2035,73468,301,49235,0,0,2057,75688,277,23514,2059,99202,California
Sacramento,2021-02-01,5940,128643,3035,76503,2905,52140,0,0,4258,78267,1679,25193,4258,103460,California
Sacramento,2021-02-02,7016,135659,3787,80290,3229,55369,0,0,4859,80989,2139,27332,4861,108321,California
Sacramento,2021-02-03,7146,142805,3606,83896,3540,58909,0,0,5282,84418,1855,29187,5284,113605,California
Sacramento,2021-02-04,7767,150572,3681,87577,4086,62995,0,0,5526,87712,2232,31419,5526,119131,California
Sacramento,2021-02-05,7860,158432,4483,92060,3377,66372,0,0,4923,89725,2914,34333,4927,124058,California
Sacramento,2021-02-06,8480,166912,3477,95537,5003,71375,0,0,7126,95500,1352,35685,7127,131185,California
Sacramento,2021-02-07,4067,170979,2192,97729,1875,73250,0,0,2879,97198,1183,36868,2881,134066,California
Sacramento,2021-02-08,6258,177237,3256,100985,3002,76252,0,0,3907,98758,2347,39215,3907,137973,California
Sacramento,2021-02-09,6768,184005,3552,104537,3216,79468,0,0,3994,99988,2765,41980,3995,141968,California
Sacramento,2021-02-10,7687,191692,4198,108735,3489,82957,0,0,4523,101363,3150,45130,4525,146493,California
Sacramento,2021-02-11,9604,201296,5738,114473,3866,86823,0,0,5509,102794,4080,49210,5511,152004,California
Sacramento,2021-02-12,10695,211991,4154,118627,6541,93364,0,0,6411,104985,4223,53433,6414,158418,California
Sacramento,2021-02-13,7687,219678,2992,121619,4695,98059,0,0,6090,109484,1592,55025,6091,164509,California
Sacramento,2021-02-14,3196,222874,1962,123581,1234,99293,0,0,2095,110484,1099,56124,2099,166608,California
Sacramento,2021-02-15,6011,228885,2057,125638,3954,103247,0,0,4177,112836,1828,57952,4180,170788,California
Sacramento,2021-02-16,9246,238131,4211,129849,5035,108282,0,0,5311,114223,3928,61880,5315,176103,California
Sacramento,2021-02-17,8850,246981,4995,134844,3855,112137,0,0,5147,115681,3691,65571,5149,181252,California
Sacramento,2021-02-18,9597,256578,5762,140606,3835,115972,0,0,5733,117563,3855,69426,5737,186989,California
Sacramento,2021-02-19,10089,266667,6184,146790,3905,119877,0,0,5979,119449,4099,73525,5985,192974,California
Sacramento,2021-02-20,7857,274524,5795,152585,2062,121939,0,0,4756,121111,3095,76620,4757,197731,California
Sacramento,2021-02-21,3062,277586,2421,155006,641,122580,0,0,1086,120227,1970,78590,1086,198817,California
Sacramento,2021-02-22,6326,283912,3824,158830,2502,125082,0,0,2785,119487,3529,82119,2789,201606,California
Sacramento,2021-02-23,7273,291185,4510,163340,2763,127845,0,0,3550,119335,3706,85825,3554,205160,California
Sacramento,2021-02-24,9839,301024,5423,168763,4416,132261,0,0,5373,120264,4450,90275,5379,210539,California
Sacramento,2021-02-25,11288,312312,6476,175239,4812,137073,0,0,6636,122264,4636,94911,6636,217175,California
Sacramento,2021-02-26,14416,326728,6802,182041,7614,144687,0,0,9884,127651,4501,99412,9888,227063,California
Sacramento,2021-02-27,11086,337814,6877,188918,4206,148893,3,3,8202,132995,2861,102273,8205,235268,California
Sacramento,2021-02-28,6201,344015,2339,191257,3862,152755,0,3,3105,133019,3082,105355,3106,238374,California
Sacramento,2021-03-01,8624,352639,3621,194878,5002,157757,1,4,4702,133825,3899,109254,4705,243079,California
Sacramento,2021-03-02,9298,361937,4049,198927,5248,163005,1,5,5700,135948,3581,112835,5704,248783,California
Sacramento,2021-03-03,10979,372916,5011,203938,5965,168970,3,8,6555,138105,4403,117238,6560,255343,California
Sacramento,2021-03-04,13486,386402,6201,210139,7281,176251,4,12,7497,139655,5957,123195,7507,262850,California
Sacramento,2021-03-05,10636,397038,4913,215052,5693,181944,30,42,7070,143211,3545,126740,7101,269951,California
Sacramento,2021-03-06,8136,405174,3122,218174,4892,186836,122,164,4126,143463,3995,130735,4247,274198,California
Sacramento,2021-03-07,7624,412798,2219,220393,5316,192152,89,253,3754,143439,3865,134600,3841,278039,California
Sacramento,2021-03-08,9120,421918,4264,224657,4632,196784,224,477,5959,146471,3149,137749,6181,284220,California
Sacramento,2021-03-09,9613,431531,4558,229215,4764,201548,291,768,5533,148233,4062,141811,5824,290044,California
Sacramento,2021-03-10,11792,443323,7529,236744,3910,205458,353,1121,6892,150616,4865,146676,7248,297292,California
Sacramento,2021-03-11,15061,458384,10004,246748,4232,209690,825,1946,8927,154269,6095,152771,9748,307040,California
Sacramento,2021-03-12,18053,476437,8345,255093,8847,218537,861,2807,8837,154809,9166,161937,9706,316746,California
Sacramento,2021-03-13,13027,489464,3583,258676,9015,227552,429,3236,7863,157943,5154,167091,8288,325034,California
Sacramento,2021-03-14,8399,497863,3474,262150,4290,231842,635,3871,4429,159060,3945,171036,5062,330096,California
Sacramento,2021-03-15,12239,510102,4863,267013,6714,238556,662,4533,7041,161591,5173,176209,7704,337800,California
Sacramento,2021-03-16,14023,524125,6231,273244,7141,245697,651,5184,8627,165503,5360,181569,9272,347072,California
Sacramento,2021-03-17,13766,537891,6621,279865,6509,252206,636,5820,8786,169972,4955,186524,9424,356496,California
Sacramento,2021-03-18,15697,553588,8223,288088,6882,259088,592,6412,9956,174812,5708,192232,10548,367044,California
Sacramento,2021-03-19,15626,569214,7988,296076,6264,265352,1374,7786,7895,176365,7705,199937,9258,376302,California
Sacramento,2021-03-20,12936,582150,7549,303625,5047,270399,340,8126,8050,179900,4857,204794,8392,384694,California
Sacramento,2021-03-21,5593,587743,2759,306384,2796,273195,38,8164,4858,184076,722,205516,4898,389592,California
Sacramento,2021-03-22,9390,597133,4810,311194,3728,276923,852,9016,6192,187950,3170,208686,7044,396636,California
Sacramento,2021-03-23,11353,608486,6764,317958,3779,280702,810,9826,7263,191971,4048,212734,8069,404705,California
Sacramento,2021-03-24,11863,620349,7266,325224,3966,284668,631,10457,6724,194270,5057,217791,7356,412061,California
Sacramento,2021-03-25,14170,634519,8360,333584,4986,289654,824,11281,8522,198008,5603,223394,9341,421402,California
Sacramento,2021-03-26,18267,652786,8929,342513,8847,298501,491,11772,9162,198627,9037,232431,9656,431058,California
Sacramento,2021-03-27,9691,662477,3576,346089,5825,304326,290,12062,5098,199449,4562,236993,5384,436442,California
Sacramento,2021-03-28,6530,669007,3226,349315,3055,307381,249,12311,2706,198592,3813,240806,2956,439398,California
Sacramento,2021-03-29,11020,680027,5901,355216,4744,312125,375,12686,4951,197879,6040,246846,5327,444725,California
Sacramento,2021-03-30,11855,691882,6087,361303,5379,317504,389,13075,6018,198473,5813,252659,6407,451132,California
Sacramento,2021-03-31,13453,705335,7873,369176,5182,322686,398,13473,5665,196770,7760,260419,6057,457189,California
Sacramento,2021-04-01,17458,722793,10475,379651,6747,329433,236,13709,7325,194249,10088,270507,7567,464756,California
Sacramento,2021-04-02,17143,739936,9700,389351,6697,336130,746,14455,9012,195908,8099,278606,9758,474514,California
Sacramento,2021-04-03,10454,750390,6247,395598,3659,339789,548,15003,6416,198860,4007,282613,6959,481473,California
Sacramento,2021-04-04,3728,754118,1530,397128,1990,341779,208,15211,1449,198240,2272,284885,1652,483125,California
Sacramento,2021-04-05,12057,766175,7566,404694,3652,345431,839,16050,5383,197817,6639,291524,6216,489341,California
Sacramento,2021-04-06,15656,781831,8876,413570,5440,350871,1340,17390,6927,197382,8696,300220,8261,497602,California
Sacramento,2021-04-07,14849,796680,8029,421599,5215,356086,1605,18995,7159,198486,7649,307869,8753,506355,California
Sacramento,2021-04-08,15061,811741,6778,428377,5304,361390,2979,21974,5997,198420,9029,316898,8963,515318,California
Sacramento,2021-04-09,18297,830038,9369,437746,6722,368112,2206,24180,7425,197209,10832,327730,9621,524939,California
Sacramento,2021-04-10,12842,842880,3837,441583,7785,375897,1220,25400,5320,196232,7492,335222,6515,531454,California
Sacramento,2021-04-11,10779,853659,4335,445918,6218,382115,226,25626,3841,193385,6914,342136,4067,535521,California
Sacramento,2021-04-12,12988,866647,5055,450973,6055,388170,1878,27504,4953,192234,7972,350108,6821,542342,California
Sacramento,2021-04-13,16266,882913,9951,460924,6312,394482,3,27507,7568,191147,8669,358777,7582,549924,California
Sacramento,2021-04-14,14921,897834,7956,468880,6963,401445,2,27509,5890,188047,9003,367780,5903,555827,California
Sacramento,2021-04-15,16360,914194,8406,477286,7951,409396,3,27512,6646,185029,9675,377455,6657,562484,California
Sacramento,2021-04-16,17383,931577,9607,486893,7776,417172,0,27512,7869,183426,9474,386929,7871,570355,California
Sacramento,2021-04-17,15297,946874,6143,493036,9154,426326,0,27512,11079,190311,4199,391128,11084,581439,California
Sacramento,2021-04-18,8439,955313,3069,496105,5370,431696,0,27512,3744,189380,4676,395804,3745,585184,California
Sacramento,2021-04-19,10560,965873,5718,501823,4837,436533,5,27517,4684,188215,5855,401659,4690,589874,California
Sacramento,2021-04-20,11104,976977,6743,508566,4358,440891,3,27520,5910,188960,5172,406831,5917,595791,California
Sacramento,2021-04-21,11484,988461,6639,515205,4843,445734,2,27522,6209,189921,5251,412082,6212,602003,California
Sacramento,2021-04-22,14817,1003278,9894,525099,4919,450653,4,27526,6812,188766,7973,420055,6818,608821,California
Sacramento,2021-04-23,15875,1019153,10012,535111,5863,456516,0,27526,7365,187658,8475,428530,7367,616188,California
Sacramento,2021-04-24,11332,1030485,7007,542118,4324,460840,1,27527,5934,188233,5361,433891,5936,622124,California
Sacramento,2021-04-25,7995,1038480,4482,546600,3513,464353,0,27527,4166,188585,3815,437706,4167,626291,California
Sacramento,2021-04-26,10588,1049068,6617,553217,3947,468300,24,27551,4996,188043,5563,443269,5021,631312,California
Sacramento,2021-04-27,11857,1060925,7781,560998,3939,472239,137,27688,5779,187915,6046,449315,5918,637230,California
Sacramento,2021-04-28,10479,1071404,5862,566860,4411,476650,206,27894,5816,189308,4634,453949,6027,643257,California
Sacramento,2021-04-29,10864,1082268,7310,574170,3249,479899,305,28199,6009,190801,4821,458770,6314,649571,California
Sacramento,2021-04-30,12464,1094732,7822,581992,4381,484280,261,28460,5874,190392,6545,465315,6136,655707,California
Sacramento,2021-05-01,7569,1102301,5475,587467,1922,486202,172,28632,2752,188532,4782,470097,2922,658629,California
Sacramento,2021-05-02,4983,1107284,4290,591757,542,486744,151,28783,2222,188166,2737,472834,2371,661000,California
Sacramento,2021-05-03,9115,1116399,7288,599045,1545,488289,282,29065,3959,187270,5133,477967,4237,665237,California
Sacramento,2021-05-04,9378,1125777,5694,604739,3374,491663,310,29375,3797,185838,5537,483504,4105,669342,California
Sacramento,2021-05-05,11065,1136842,5994,610733,4612,496275,459,29834,4516,184302,6506,490010,4970,674312,California
Sacramento,2021-05-06,11195,1148037,6201,616934,4686,500961,308,30142,4620,182974,6254,496264,4926,679238,California
Sacramento,2021-05-07,10605,1158642,6165,623099,4066,505027,374,30516,4467,181726,6089,502353,4841,684079,California
Sacramento,2021-05-08,8162,1166804,3817,626916,4115,509142,230,30746,2700,179223,5426,507779,2923,687002,California
Sacramento,2021-05-09,3149,1169953,1654,628570,1381,510523,114,30860,1172,178543,1966,509745,1286,688288,California
Sacramento,2021-05-10,8071,1178024,3741,632311,4063,514586,267,31127,1972,174716,6068,515813,2241,690529,California
Sacramento,2021-05-11,8147,1186171,5098,637409,2806,517392,243,31370,2829,172500,5288,521101,3072,693601,California
Sacramento,2021-05-12,8455,1194626,5096,642505,3108,520500,251,31621,3004,170337,5417,526518,3254,696855,California
Sacramento,2021-05-13,11087,1205713,7110,649615,3710,524210,267,31888,4239,168029,6814,533332,4506,701361,California
Sacramento,2021-05-14,12186,1217899,6892,656507,5005,529215,289,32177,5039,166264,7092,540424,5327,706688,California
Sacramento,2021-05-15,13065,1230964,7897,664404,5025,534240,143,32320,5790,164954,7239,547663,5929,712617,California
Sacramento,2021-05-16,7841,1238805,4088,668492,3640,537880,113,32433,2125,161502,5692,553355,2240,714857,California
Sacramento,2021-05-17,10381,1249186,6307,674799,3785,541665,289,32722,3979,159405,6368,559723,4271,719128,California
Sacramento,2021-05-18,9690,1258876,6084,680883,3397,545062,209,32931,3759,157489,5890,565613,3974,723102,California
Sacramento,2021-05-19,9748,1268624,6245,687128,3240,548302,263,33194,4525,157102,5181,570794,4794,727896,California
Sacramento,2021-05-20,8973,1277597,6102,693230,2649,550951,222,33416,3573,155539,5358,576152,3795,731691,California
Sacramento,2021-05-21,9442,1287039,6150,699380,3021,553972,271,33687,4282,154973,5125,581277,4559,736250,California
Sacramento,2021-05-22,6648,1293687,4228,703608,2277,556249,143,33830,3194,154883,3430,584707,3340,739590,California
Sacramento,2021-05-23,3627,1297314,2663,706271,891,557140,73,33903,1818,154983,1792,586499,1892,741482,California
Sacramento,2021-05-24,7625,1304939,4567,710838,2750,559890,308,34211,2404,152516,5178,591677,2711,744193,California
Sacramento,2021-05-25,6635,1311574,3846,714684,2498,562388,291,34502,2398,150990,4214,595891,2688,746881,California
Sacramento,2021-05-26,8415,1319989,4670,719354,3436,565824,309,34811,2786,148502,5579,601470,3091,749972,California
Sacramento,2021-05-27,6651,1326640,3632,722986,2776,568600,243,35054,2968,148068,3645,605115,3211,753183,California
Sacramento,2021-05-28,8211,1334851,4566,727552,3284,571884,361,35415,3492,147241,4681,609796,3854,757037,California
Sacramento,2021-05-29,4358,1339209,2668,730220,1534,573418,156,35571,2233,147529,2101,611897,2389,759426,California
Sacramento,2021-05-30,1649,1340858,1036,731256,574,573992,39,35610,764,147454,878,612775,803,760229,California
Sacramento,2021-05-31,884,1341742,443,731699,428,574420,13,35623,316,147216,567,613342,329,760558,California
Sacramento,2021-06-01,6934,1348676,4169,735868,2559,576979,206,35829,2707,145941,4185,617527,2910,763468,California
Sacramento,2021-06-02,6075,1354751,3348,739216,2513,579492,214,36043,2333,144788,3698,621225,2545,766013,California
Sacramento,2021-06-03,7370,1362121,5036,744252,2152,581644,182,36225,2328,142293,5003,626228,2508,768521,California
Sacramento,2021-06-04,6971,1369092,4481,748733,2284,583928,206,36431,2279,140116,4662,630890,2485,771006,California
Sacramento,2021-06-05,6125,1375217,4504,753237,1483,585411,138,36569,1786,137723,4316,635206,1923,772929,California
Sacramento,2021-06-06,2296,1377513,1799,755036,447,585858,50,36619,770,137023,1520,636726,820,773749,California
Sacramento,2021-06-07,5497,1383010,3860,758896,1471,587329,166,36785,1574,134868,3893,640619,1738,775487,California
Sacramento,2021-06-08,2846,1385856,2148,761044,583,587912,115,36900,820,133789,2013,642632,934,776421,California
San Benito,2020-12-16,29,29,29,29,0,0,0,0,29,29,0,0,29,29,California
San Benito,2020-12-17,48,77,48,77,0,0,0,0,48,77,0,0,48,77,California
San Benito,2020-12-18,72,149,72,149,0,0,0,0,72,149,0,0,72,149,California
San Benito,2020-12-19,48,197,48,197,0,0,0,0,48,197,0,0,48,197,California
San Benito,2020-12-20,23,220,23,220,0,0,0,0,23,220,0,0,23,220,California
San Benito,2020-12-21,78,298,78,298,0,0,0,0,78,298,0,0,78,298,California
San Benito,2020-12-22,102,400,102,400,0,0,0,0,102,400,0,0,102,400,California
San Benito,2020-12-23,86,486,74,474,12,12,0,0,86,486,0,0,86,486,California
San Benito,2020-12-24,13,499,5,479,8,20,0,0,13,499,0,0,13,499,California
San Benito,2020-12-25,3,502,3,482,0,20,0,0,3,502,0,0,3,502,California
San Benito,2020-12-26,13,515,4,486,9,29,0,0,13,515,0,0,13,515,California
San Benito,2020-12-27,8,523,7,493,1,30,0,0,8,523,0,0,8,523,California
San Benito,2020-12-28,63,586,36,529,27,57,0,0,63,586,0,0,63,586,California
San Benito,2020-12-29,49,635,21,550,28,85,0,0,49,635,0,0,49,635,California
San Benito,2020-12-30,59,694,37,587,22,107,0,0,59,694,0,0,59,694,California
San Benito,2020-12-31,19,713,2,589,17,124,0,0,19,713,0,0,19,713,California
San Benito,2021-01-02,24,737,23,612,1,125,0,0,24,737,0,0,24,737,California
San Benito,2021-01-03,3,740,1,613,2,127,0,0,3,740,0,0,3,740,California
San Benito,2021-01-04,62,802,24,637,38,165,0,0,62,802,0,0,62,802,California
San Benito,2021-01-05,121,923,37,674,84,249,0,0,118,917,3,3,118,920,California
San Benito,2021-01-06,102,1025,42,716,60,309,0,0,87,989,15,18,87,1007,California
San Benito,2021-01-07,104,1129,67,783,37,346,0,0,52,989,52,70,52,1059,California
San Benito,2021-01-08,182,1311,90,873,92,438,0,0,117,1041,65,135,117,1176,California
San Benito,2021-01-09,44,1355,31,904,13,451,0,0,31,1059,13,148,31,1207,California
San Benito,2021-01-10,17,1372,15,919,2,453,0,0,5,1052,12,160,5,1212,California
San Benito,2021-01-11,172,1544,107,1026,65,518,0,0,72,1024,100,260,72,1284,California
San Benito,2021-01-12,160,1704,56,1082,104,622,0,0,121,1106,39,299,121,1405,California
San Benito,2021-01-13,221,1925,64,1146,157,779,0,0,174,1233,47,346,174,1579,California
San Benito,2021-01-14,117,2042,23,1169,94,873,0,0,99,1314,18,364,99,1678,California
San Benito,2021-01-15,217,2259,21,1190,196,1069,0,0,203,1503,14,378,203,1881,California
San Benito,2021-01-16,25,2284,8,1198,17,1086,0,0,20,1518,5,383,20,1901,California
San Benito,2021-01-17,11,2295,5,1203,6,1092,0,0,8,1523,3,386,8,1909,California
San Benito,2021-01-18,37,2332,23,1226,14,1106,0,0,22,1530,15,401,22,1931,California
San Benito,2021-01-19,151,2483,65,1291,86,1192,0,0,124,1627,27,428,124,2055,California
San Benito,2021-01-20,276,2759,95,1386,181,1373,0,0,230,1812,45,473,230,2285,California
San Benito,2021-01-21,124,2883,32,1418,92,1465,0,0,99,1886,25,498,99,2384,California
San Benito,2021-01-22,236,3119,19,1437,217,1682,0,0,226,2102,10,508,226,2610,California
San Benito,2021-01-23,30,3149,16,1453,14,1696,0,0,12,2096,18,526,12,2622,California
San Benito,2021-01-24,9,3158,3,1456,6,1702,0,0,5,2097,4,530,5,2627,California
San Benito,2021-01-25,66,3224,24,1480,42,1744,0,0,20,2071,46,576,20,2647,California
San Benito,2021-01-26,136,3360,41,1521,95,1839,0,0,84,2103,52,628,84,2731,California
San Benito,2021-01-27,230,3590,70,1591,160,1999,0,0,190,2253,40,668,190,2921,California
San Benito,2021-01-28,153,3743,32,1623,121,2120,0,0,122,2345,30,698,122,3043,California
San Benito,2021-01-29,291,4034,33,1656,258,2378,0,0,267,2589,23,721,267,3310,California
San Benito,2021-01-30,52,4086,33,1689,19,2397,0,0,28,2593,24,745,28,3338,California
San Benito,2021-01-31,15,4101,4,1693,11,2408,0,0,10,2598,5,750,10,3348,California
San Benito,2021-02-01,133,4234,28,1721,105,2513,0,0,90,2645,43,793,90,3438,California
San Benito,2021-02-02,231,4465,49,1770,182,2695,0,0,137,2688,94,887,137,3575,California
San Benito,2021-02-03,343,4808,43,1813,300,2995,0,0,273,2891,70,957,273,3848,California
San Benito,2021-02-04,167,4975,25,1838,142,3137,0,0,122,2968,45,1002,122,3970,California
San Benito,2021-02-05,297,5272,40,1878,257,3394,0,0,234,3139,63,1065,234,4204,California
San Benito,2021-02-06,46,5318,8,1886,38,3432,0,0,29,3151,17,1082,29,4233,California
San Benito,2021-02-07,15,5333,6,1892,9,3441,0,0,14,3164,1,1083,14,4247,California
San Benito,2021-02-08,139,5472,16,1908,123,3564,0,0,93,3211,46,1129,93,4340,California
San Benito,2021-02-09,326,5798,61,1969,265,3829,0,0,193,3271,133,1262,193,4533,California
San Benito,2021-02-10,323,6121,88,2057,235,4064,0,0,114,3177,208,1470,114,4647,California
San Benito,2021-02-11,298,6419,33,2090,265,4329,0,0,199,3277,99,1569,199,4846,California
San Benito,2021-02-12,420,6839,31,2121,389,4718,0,0,211,3280,208,1777,211,5057,California
San Benito,2021-02-13,55,6894,7,2128,48,4766,0,0,44,3313,11,1788,44,5101,California
San Benito,2021-02-14,40,6934,5,2133,35,4801,0,0,30,3333,10,1798,30,5131,California
San Benito,2021-02-15,106,7040,10,2143,96,4897,0,0,95,3417,11,1809,95,5226,California
San Benito,2021-02-16,209,7249,11,2154,198,5095,0,0,104,3417,105,1914,105,5331,California
San Benito,2021-02-17,330,7579,30,2184,300,5395,0,0,281,3649,49,1963,281,5612,California
San Benito,2021-02-18,292,7871,36,2220,256,5651,0,0,70,3497,222,2185,70,5682,California
San Benito,2021-02-19,350,8221,50,2270,300,5951,0,0,181,3509,169,2354,181,5863,California
San Benito,2021-02-20,45,8266,24,2294,21,5972,0,0,35,3534,10,2364,35,5898,California
San Benito,2021-02-21,25,8291,11,2305,14,5986,0,0,17,3543,8,2372,17,5915,California
San Benito,2021-02-22,135,8426,36,2341,99,6085,0,0,101,3611,33,2405,101,6016,California
San Benito,2021-02-23,375,8801,93,2434,282,6367,0,0,261,3758,114,2519,261,6277,California
San Benito,2021-02-24,384,9185,67,2501,317,6684,0,0,245,3864,139,2658,245,6522,California
San Benito,2021-02-25,396,9581,68,2569,328,7012,0,0,275,4016,123,2781,275,6797,California
San Benito,2021-02-26,657,10238,75,2644,582,7594,0,0,409,4177,248,3029,409,7206,California
San Benito,2021-02-27,109,10347,45,2689,64,7658,0,0,91,4250,18,3047,91,7297,California
San Benito,2021-02-28,254,10601,29,2718,225,7883,0,0,245,4486,9,3056,245,7542,California
San Benito,2021-03-01,232,10833,60,2778,172,8055,0,0,162,4577,71,3127,162,7704,California
San Benito,2021-03-02,280,11113,93,2871,187,8242,0,0,211,4719,69,3196,211,7915,California
San Benito,2021-03-03,404,11517,59,2930,345,8587,0,0,226,4769,176,3372,226,8141,California
San Benito,2021-03-04,620,12137,128,3058,477,9064,15,15,433,5019,187,3559,437,8578,California
San Benito,2021-03-05,587,12724,306,3364,269,9333,12,27,372,5190,213,3772,384,8962,California
San Benito,2021-03-06,198,12922,72,3436,112,9445,14,41,147,5300,51,3823,161,9123,California
San Benito,2021-03-07,646,13568,602,4038,21,9466,23,64,614,5905,32,3855,637,9760,California
San Benito,2021-03-08,293,13861,68,4106,178,9644,47,111,169,5997,124,3979,216,9976,California
San Benito,2021-03-09,428,14289,84,4190,244,9888,100,211,139,5921,288,4267,212,10188,California
San Benito,2021-03-10,406,14695,116,4306,194,10082,96,307,233,6077,173,4440,329,10517,California
San Benito,2021-03-11,475,15170,121,4427,199,10281,155,462,210,6177,265,4705,365,10882,California
San Benito,2021-03-12,521,15691,122,4549,306,10587,93,555,232,6216,287,4992,326,11208,California
San Benito,2021-03-13,199,15890,98,4647,83,10670,18,573,128,6294,68,5060,146,11354,California
San Benito,2021-03-14,233,16123,40,4687,173,10843,20,593,179,6440,53,5113,199,11553,California
San Benito,2021-03-15,323,16446,100,4787,204,11047,19,612,191,6518,132,5245,210,11763,California
San Benito,2021-03-16,506,16952,220,5007,254,11301,32,644,353,6748,153,5398,383,12146,California
San Benito,2021-03-17,798,17750,482,5489,294,11595,22,666,565,7098,229,5627,579,12725,California
San Benito,2021-03-18,789,18539,529,6018,207,11802,53,719,573,7500,215,5842,617,13342,California
San Benito,2021-03-19,776,19315,402,6420,351,12153,23,742,573,7893,203,6045,596,13938,California
San Benito,2021-03-20,250,19565,152,6572,85,12238,13,755,187,8030,63,6108,200,14138,California
San Benito,2021-03-21,111,19676,58,6630,48,12286,5,760,81,8086,30,6138,86,14224,California
San Benito,2021-03-22,355,20031,173,6803,157,12443,25,785,222,8200,133,6271,247,14471,California
San Benito,2021-03-23,482,20513,204,7007,268,12711,10,795,221,8169,261,6532,230,14701,California
San Benito,2021-03-24,583,21096,310,7317,266,12977,7,802,366,8326,216,6748,373,15074,California
San Benito,2021-03-25,747,21843,445,7762,298,13275,4,806,442,8471,301,7049,446,15520,California
San Benito,2021-03-26,1025,22868,521,8283,499,13774,5,811,337,8126,687,7736,342,15862,California
San Benito,2021-03-27,342,23210,192,8475,117,13891,33,844,220,8257,122,7858,253,16115,California
San Benito,2021-03-28,731,23941,604,9079,121,14012,6,850,128,7788,603,8461,134,16249,California
San Benito,2021-03-29,345,24286,110,9189,215,14227,20,870,144,7750,201,8662,163,16412,California
San Benito,2021-03-30,581,24867,273,9462,212,14439,96,966,294,7853,287,8949,390,16802,California
San Benito,2021-03-31,600,25467,369,9831,207,14646,24,990,343,7966,254,9203,367,17169,California
San Benito,2021-04-01,958,26425,385,10216,534,15180,39,1029,572,8186,385,9588,605,17774,California
San Benito,2021-04-02,538,26963,260,10476,142,15322,136,1165,263,8311,274,9862,399,18173,California
San Benito,2021-04-03,260,27223,88,10564,107,15429,65,1230,75,8266,185,10047,140,18313,California
San Benito,2021-04-04,143,27366,107,10671,30,15459,6,1236,105,8339,38,10085,111,18424,California
San Benito,2021-04-05,357,27723,170,10841,143,15602,44,1280,146,8317,211,10296,189,18613,California
San Benito,2021-04-06,470,28193,166,11007,126,15728,178,1458,161,8347,309,10605,339,18952,California
San Benito,2021-04-07,949,29142,530,11537,230,15958,189,1647,268,8125,679,11284,457,19409,California
San Benito,2021-04-08,862,30004,431,11968,179,16137,252,1899,225,7966,636,11920,477,19886,California
San Benito,2021-04-09,850,30854,502,12470,256,16393,92,1991,295,7798,555,12475,387,20273,California
San Benito,2021-04-10,347,31201,208,12678,77,16470,62,2053,193,7899,154,12629,255,20528,California
San Benito,2021-04-11,477,31678,273,12951,170,16640,34,2087,269,7973,208,12837,282,20810,California
San Benito,2021-04-12,533,32211,284,13235,134,16774,115,2202,279,8110,253,13090,390,21200,California
San Benito,2021-04-13,757,32968,296,13531,438,17212,23,2225,523,8424,233,13323,547,21747,California
San Benito,2021-04-14,839,33807,660,14191,179,17391,0,2225,397,8384,437,13760,397,22144,California
San Benito,2021-04-15,950,34757,738,14929,211,17602,1,2226,474,8384,475,14235,475,22619,California
San Benito,2021-04-16,700,35457,365,15294,324,17926,11,2237,293,8285,404,14639,305,22924,California
San Benito,2021-04-17,321,35778,224,15518,97,18023,0,2237,128,8218,195,14834,128,23052,California
San Benito,2021-04-18,490,36268,409,15927,81,18104,0,2237,233,8196,257,15091,235,23287,California
San Benito,2021-04-19,740,37008,592,16519,148,18252,0,2237,420,8298,319,15410,421,23708,California
San Benito,2021-04-20,774,37782,402,16921,370,18622,2,2239,490,8510,279,15689,491,24199,California
San Benito,2021-04-21,957,38739,702,17623,255,18877,0,2239,516,8599,427,16116,516,24715,California
San Benito,2021-04-22,901,39640,694,18317,207,19084,0,2239,569,8844,324,16440,569,25284,California
San Benito,2021-04-23,633,40273,399,18716,233,19317,1,2240,343,8946,241,16681,343,25627,California
San Benito,2021-04-24,366,40639,204,18920,162,19479,0,2240,172,8963,155,16836,172,25799,California
San Benito,2021-04-25,205,40844,127,19047,78,19557,0,2240,94,8964,93,16929,94,25893,California
San Benito,2021-04-26,491,41335,388,19435,103,19660,0,2240,257,9048,173,17102,257,26150,California
San Benito,2021-04-27,547,41882,279,19714,261,19921,7,2247,405,9328,132,17234,412,26562,California
San Benito,2021-04-28,554,42436,390,20104,155,20076,9,2256,392,9571,157,17391,400,26962,California
San Benito,2021-04-29,634,43070,232,20336,392,20468,10,2266,256,9476,378,17769,283,27245,California
San Benito,2021-04-30,378,43448,210,20546,161,20629,7,2273,204,9515,172,17941,211,27456,California
San Benito,2021-05-01,199,43647,144,20690,46,20675,9,2282,65,9457,132,18073,74,27530,California
San Benito,2021-05-02,191,43838,163,20853,24,20699,4,2286,59,9388,132,18205,63,27593,California
San Benito,2021-05-03,361,44199,284,21137,67,20766,10,2296,86,9211,275,18480,98,27691,California
San Benito,2021-05-04,407,44606,246,21383,153,20919,8,2304,151,9115,254,18734,158,27849,California
San Benito,2021-05-05,604,45210,421,21804,167,21086,16,2320,211,8952,390,19124,227,28076,California
San Benito,2021-05-06,614,45824,487,22291,112,21198,15,2335,223,8803,387,19511,238,28314,California
San Benito,2021-05-07,448,46272,282,22573,155,21353,11,2346,174,8717,272,19783,186,28500,California
San Benito,2021-05-08,275,46547,225,22798,45,21398,5,2351,157,8761,118,19901,162,28662,California
San Benito,2021-05-09,101,46648,76,22874,22,21420,3,2354,48,8759,53,19954,51,28713,California
San Benito,2021-05-10,413,47061,325,23199,64,21484,24,2378,51,8473,362,20316,76,28789,California
San Benito,2021-05-11,810,47871,406,23605,391,21875,13,2391,181,8041,627,20943,195,28984,California
San Benito,2021-05-12,490,48361,387,23992,89,21964,14,2405,115,7798,373,21316,130,29114,California
San Benito,2021-05-13,666,49027,570,24562,86,22050,10,2415,170,7484,493,21809,179,29293,California
San Benito,2021-05-14,596,49623,441,25003,148,22198,7,2422,232,7360,363,22172,239,29532,California
San Benito,2021-05-15,229,49852,173,25176,50,22248,6,2428,127,7391,102,22274,133,29665,California
San Benito,2021-05-16,168,50020,140,25316,26,22274,2,2430,93,7411,75,22349,95,29760,California
San Benito,2021-05-17,390,50410,315,25631,65,22339,10,2440,179,7391,209,22558,189,29949,California
San Benito,2021-05-18,667,51077,348,25979,314,22653,5,2445,209,7148,458,23016,215,30164,California
San Benito,2021-05-19,570,51647,417,26396,145,22798,8,2453,229,7044,341,23357,237,30401,California
San Benito,2021-05-20,570,52217,461,26857,98,22896,11,2464,311,7108,258,23615,322,30723,California
San Benito,2021-05-21,455,52672,271,27128,169,23065,15,2479,213,7096,240,23855,228,30951,California
San Benito,2021-05-22,281,52953,219,27347,57,23122,5,2484,177,7176,103,23958,183,31134,California
San Benito,2021-05-23,72,53025,50,27397,18,23140,4,2488,30,7167,42,24000,33,31167,California
San Benito,2021-05-24,298,53323,250,27647,41,23181,7,2495,186,7248,112,24112,193,31360,California
San Benito,2021-05-25,527,53850,241,27888,279,23460,7,2502,173,7076,352,24464,180,31540,California
San Benito,2021-05-26,296,54146,178,28066,112,23572,6,2508,116,7018,179,24643,121,31661,California
San Benito,2021-05-27,405,54551,309,28375,73,23645,23,2531,149,6937,256,24899,175,31836,California
San Benito,2021-05-28,286,54837,176,28551,103,23748,7,2538,111,6881,174,25073,118,31954,California
San Benito,2021-05-29,148,54985,126,28677,20,23768,2,2540,63,6861,85,25158,65,32019,California
San Benito,2021-05-30,271,55256,256,28933,15,23783,0,2540,94,6779,176,25334,94,32113,California
San Benito,2021-05-31,102,55358,89,29022,11,23794,2,2542,45,6770,56,25390,47,32160,California
San Benito,2021-06-01,267,55625,120,29142,121,23915,26,2568,98,6725,168,25558,123,32283,California
San Benito,2021-06-02,322,55947,242,29384,77,23992,3,2571,119,6645,203,25761,123,32406,California
San Benito,2021-06-03,340,56287,289,29673,44,24036,7,2578,134,6583,203,25964,141,32547,California
San Benito,2021-06-04,266,56553,197,29870,69,24105,0,2578,84,6486,181,26145,84,32631,California
San Benito,2021-06-05,92,56645,74,29944,17,24122,1,2579,20,6437,70,26215,21,32652,California
San Benito,2021-06-06,60,56705,50,29994,7,24129,3,2582,16,6413,43,26258,19,32671,California
San Benito,2021-06-07,330,57035,296,30290,29,24158,5,2587,84,6258,244,26502,89,32760,California
San Benito,2021-06-08,165,57200,88,30378,64,24222,13,2600,50,6206,115,26617,63,32823,California
San Bernardino,2020-12-15,13,13,13,13,0,0,0,0,13,13,0,0,13,13,California
San Bernardino,2020-12-16,113,126,113,126,0,0,0,0,113,126,0,0,113,126,California
San Bernardino,2020-12-17,2369,2495,2369,2495,0,0,0,0,2369,2495,0,0,2369,2495,California
San Bernardino,2020-12-18,3155,5650,3152,5647,3,3,0,0,3156,5651,0,0,3156,5651,California
San Bernardino,2020-12-19,1074,6724,1073,6720,1,4,0,0,1075,6726,0,0,1075,6726,California
San Bernardino,2020-12-20,1174,7898,1171,7891,3,7,0,0,1174,7900,0,0,1174,7900,California
San Bernardino,2020-12-21,2465,10363,2460,10351,5,12,0,0,2465,10365,0,0,2465,10365,California
San Bernardino,2020-12-22,2284,12647,2154,12505,130,142,0,0,2284,12649,0,0,2284,12649,California
San Bernardino,2020-12-23,2671,15318,1468,13973,1203,1345,0,0,2669,15318,0,0,2669,15318,California
San Bernardino,2020-12-24,1166,16484,587,14560,579,1924,0,0,1167,16485,0,0,1167,16485,California
San Bernardino,2020-12-25,75,16559,14,14574,61,1985,0,0,75,16560,0,0,75,16560,California
San Bernardino,2020-12-26,462,17021,254,14828,208,2193,0,0,462,17022,0,0,462,17022,California
San Bernardino,2020-12-27,346,17367,160,14988,186,2379,0,0,346,17368,0,0,346,17368,California
San Bernardino,2020-12-28,1577,18944,715,15703,862,3241,0,0,1578,18946,0,0,1578,18946,California
San Bernardino,2020-12-29,2216,21160,1042,16745,1174,4415,0,0,2216,21162,0,0,2216,21162,California
San Bernardino,2020-12-30,2894,24054,1456,18201,1438,5853,0,0,2894,24056,0,0,2894,24056,California
San Bernardino,2020-12-31,1357,25411,438,18639,919,6772,0,0,1355,25411,0,0,1355,25411,California
San Bernardino,2021-01-01,285,25696,153,18792,132,6904,0,0,284,25695,0,0,284,25695,California
San Bernardino,2021-01-02,480,26176,340,19132,140,7044,0,0,480,26175,0,0,480,26175,California
San Bernardino,2021-01-03,138,26314,87,19219,51,7095,0,0,138,26313,0,0,138,26313,California
San Bernardino,2021-01-04,2134,28448,1294,20513,840,7935,0,0,2133,28446,0,0,2133,28446,California
San Bernardino,2021-01-05,2339,30787,1464,21977,875,8810,0,0,2229,30566,109,109,2229,30675,California
San Bernardino,2021-01-06,3454,34241,2359,24336,1095,9905,0,0,2955,33029,493,602,2956,33631,California
San Bernardino,2021-01-07,5435,39676,4516,28852,919,10824,0,0,2481,32576,2935,3537,2482,36113,California
San Bernardino,2021-01-08,5372,45048,4447,33299,925,11749,0,0,2288,31786,3080,6617,2290,38403,California
San Bernardino,2021-01-09,1404,46452,1101,34400,303,12052,0,0,905,32192,499,7116,905,39308,California
San Bernardino,2021-01-10,1025,47477,599,34999,426,12478,0,0,575,32317,450,7566,575,39883,California
San Bernardino,2021-01-11,4985,52462,4082,39081,903,13381,0,0,2760,32856,2221,9787,2760,42643,California
San Bernardino,2021-01-12,4231,56693,3210,42291,1021,14402,0,0,2508,33644,1720,11507,2508,45151,California
San Bernardino,2021-01-13,4584,61277,2854,45145,1730,16132,0,0,3356,35785,1216,12723,3357,48508,California
San Bernardino,2021-01-14,4818,66095,2841,47986,1977,18109,0,0,4232,39435,582,13305,4232,52740,California
San Bernardino,2021-01-15,5990,72085,2977,50963,3013,21122,0,0,5592,44640,390,13695,5595,58335,California
San Bernardino,2021-01-16,2259,74344,1289,52252,970,22092,0,0,2117,46615,142,13837,2117,60452,California
San Bernardino,2021-01-17,1180,75524,506,52758,674,22766,0,0,1096,47630,83,13920,1098,61550,California
San Bernardino,2021-01-18,4276,79800,2642,55400,1634,24400,0,0,3653,50663,623,14543,3656,65206,California
San Bernardino,2021-01-19,6328,86128,3717,59117,2611,27011,0,0,5238,54815,1088,15631,5240,70446,California
San Bernardino,2021-01-20,6841,92969,3760,62877,3081,30092,0,0,4895,57773,1939,17570,4897,75343,California
San Bernardino,2021-01-21,5992,98961,3081,65958,2911,33003,0,0,4877,61546,1107,18677,4880,80223,California
San Bernardino,2021-01-22,6532,105493,3055,69013,3477,36480,0,0,5806,66631,724,19401,5809,86032,California
San Bernardino,2021-01-23,3124,108617,1898,70911,1226,37706,0,0,2732,68972,391,19792,2732,88764,California
San Bernardino,2021-01-24,1198,109815,462,71373,736,38442,0,0,1095,69964,103,19895,1095,89859,California
San Bernardino,2021-01-25,6901,116716,3411,74784,3490,41932,0,0,5056,73183,1842,21737,5061,94920,California
San Bernardino,2021-01-26,7060,123776,3516,78300,3544,45476,0,0,4954,76035,2105,23842,4957,99877,California
San Bernardino,2021-01-27,8548,132324,4161,82461,4387,49863,0,0,5733,78962,2807,26649,5734,105611,California
San Bernardino,2021-01-28,8593,140917,4082,86543,4511,54374,0,0,6272,82918,2316,28965,6272,111883,California
San Bernardino,2021-01-29,8206,149123,3778,90321,4428,58802,0,0,6230,87187,1962,30927,6231,118114,California
San Bernardino,2021-01-30,3094,152217,1896,92217,1198,60000,0,0,2803,89701,289,31216,2803,120917,California
San Bernardino,2021-01-31,929,153146,491,92708,438,60438,0,0,875,90523,53,31269,875,121792,California
San Bernardino,2021-02-01,7583,160729,4255,96963,3328,63766,0,0,4951,92846,2629,33898,4952,126744,California
San Bernardino,2021-02-02,10467,171196,3656,100619,6811,70577,0,0,8403,99190,2060,35958,8404,135148,California
San Bernardino,2021-02-03,9020,180216,4156,104775,4864,75441,0,0,6516,103210,2497,38455,6517,141665,California
San Bernardino,2021-02-04,10511,190727,5172,109947,5339,80780,0,0,7414,107538,3086,41541,7414,149079,California
San Bernardino,2021-02-05,11038,201765,5924,115871,5114,85894,0,0,7494,111500,3533,45074,7495,156574,California
San Bernardino,2021-02-06,5280,207045,2216,118087,3064,88958,0,0,3645,113537,1611,46685,3648,160222,California
San Bernardino,2021-02-07,846,207891,492,118579,354,89312,0,0,470,113635,373,47058,471,160693,California
San Bernardino,2021-02-08,7298,215189,3892,122471,3406,92718,0,0,5626,117590,1671,48729,5626,166319,California
San Bernardino,2021-02-09,10159,225348,5916,128387,4243,96961,0,0,6856,121148,3301,52030,6859,173178,California
San Bernardino,2021-02-10,12100,237448,6461,134848,5639,102600,0,0,7978,125013,4114,56144,7979,181157,California
San Bernardino,2021-02-11,12468,249916,7154,142002,5314,107914,0,0,7944,128459,4501,60645,7947,189104,California
San Bernardino,2021-02-12,10427,260343,5952,147954,4475,112389,0,0,5687,129423,4723,65368,5687,194791,California
San Bernardino,2021-02-13,6058,266401,4032,151986,2026,114415,0,0,3811,131008,2231,67599,3816,198607,California
San Bernardino,2021-02-14,1554,267955,649,152635,905,115320,0,0,874,131209,673,68272,874,199481,California
San Bernardino,2021-02-15,5485,273440,3000,155635,2485,117805,0,0,3067,131872,2404,70676,3067,202548,California
San Bernardino,2021-02-16,12602,286042,7355,162990,5247,123052,0,0,7964,135212,4625,75301,7965,210513,California
San Bernardino,2021-02-17,11819,297861,6469,169459,5350,128402,0,0,7155,137724,4645,79946,7157,217670,California
San Bernardino,2021-02-18,12494,310355,7590,177049,4904,133306,0,0,7710,140665,4770,84716,7711,225381,California
San Bernardino,2021-02-19,11557,321912,5959,183008,5598,138904,0,0,6839,142806,4698,89414,6839,232220,California
San Bernardino,2021-02-20,4531,326443,3477,186485,1054,139958,0,0,2046,142373,2481,91895,2048,234268,California
San Bernardino,2021-02-21,1137,327580,678,187163,459,140417,0,0,396,142028,741,92636,396,234664,California
San Bernardino,2021-02-22,8687,336267,5352,192515,3335,143752,0,0,4050,141454,4626,97262,4052,238716,California
San Bernardino,2021-02-23,9172,345439,5454,197969,3718,147470,0,0,4634,141575,4513,101775,4634,243350,California
San Bernardino,2021-02-24,12483,357922,7182,205151,5301,152771,0,0,6173,141459,6290,108065,6174,249524,California
San Bernardino,2021-02-25,13127,371049,6293,211444,6834,159605,0,0,7659,143672,5449,113514,7662,257186,California
San Bernardino,2021-02-26,13617,384666,6385,217829,7232,166837,0,0,7591,145301,5964,119478,7593,264779,California
San Bernardino,2021-02-27,6669,391335,3730,221559,2938,169775,1,1,4814,148269,1847,121325,4815,269594,California
San Bernardino,2021-02-28,1777,393112,740,222299,1037,170812,0,1,1140,148779,630,121955,1140,270734,California
San Bernardino,2021-03-01,8470,401582,4370,226669,4097,174909,3,4,3851,148046,4595,126550,3862,274596,California
San Bernardino,2021-03-02,13889,415471,5557,232226,8332,183241,0,4,6558,147306,7301,133851,6561,281157,California
San Bernardino,2021-03-03,12905,428376,6558,238784,6344,189585,3,7,6033,146498,6850,140701,6042,287199,California
San Bernardino,2021-03-04,13796,442172,6930,245714,6866,196451,0,7,5999,144725,7776,148477,6003,293202,California
San Bernardino,2021-03-05,14431,456603,7538,253252,6892,203343,1,8,7041,144427,7358,155835,7060,300262,California
San Bernardino,2021-03-06,9746,466349,5462,258714,4060,207403,224,232,4549,144019,5179,161014,4771,305033,California
San Bernardino,2021-03-07,1666,468015,1005,259719,590,207993,71,303,1048,144522,616,161630,1119,306152,California
San Bernardino,2021-03-08,8116,476131,3591,263310,4354,212347,171,474,3606,143800,4502,166132,3780,309932,California
San Bernardino,2021-03-09,13090,489221,7486,270796,5357,217704,247,721,5282,141537,7793,173925,5530,315462,California
San Bernardino,2021-03-10,14236,503457,7859,278655,5822,223526,555,1276,6375,140635,7834,181759,6932,322394,California
San Bernardino,2021-03-11,15649,519106,7254,285909,6802,230328,1593,2869,7406,141409,8220,189979,8994,331388,California
San Bernardino,2021-03-12,15575,534681,6950,292859,6577,236905,2048,4917,7360,142677,8185,198164,9453,340841,California
San Bernardino,2021-03-13,8409,543090,4584,297443,3308,240213,517,5434,4987,144774,3411,201575,5508,346349,California
San Bernardino,2021-03-14,3297,546387,1671,299114,1045,241258,581,6015,1843,145745,1447,203022,2418,348767,California
San Bernardino,2021-03-15,11420,557807,5386,304500,4001,245259,2033,8048,5603,147571,5802,208824,7628,356395,California
San Bernardino,2021-03-16,16230,574037,8035,312535,7251,252510,944,8992,9919,152147,6284,215108,10860,367255,California
San Bernardino,2021-03-17,17395,591432,8637,321172,8009,260519,749,9741,10544,156607,6834,221942,11294,378549,California
San Bernardino,2021-03-18,16678,608110,8253,329425,8037,268556,388,10129,9860,160061,6792,228734,10246,388795,California
San Bernardino,2021-03-19,17020,625130,8442,337867,7983,276539,595,10724,9771,163255,7224,235958,10418,399213,California
San Bernardino,2021-03-20,9465,634595,5972,343839,2899,279438,594,11318,5605,165613,3836,239794,6194,405407,California
San Bernardino,2021-03-21,2806,637401,2283,346122,472,279910,51,11369,2259,167389,534,240328,2310,407717,California
San Bernardino,2021-03-22,9630,647031,4523,350645,4670,284580,437,11806,6976,172169,2633,242961,7413,415130,California
San Bernardino,2021-03-23,15531,662562,8807,359452,6104,290684,620,12426,9607,176493,5902,248863,10226,425356,California
San Bernardino,2021-03-24,15195,677757,7843,367295,7047,297731,305,12731,10097,181833,5063,253926,10403,435759,California
San Bernardino,2021-03-25,17057,694814,8371,375666,8385,306116,301,13032,10805,186732,6202,260128,11101,446860,California
San Bernardino,2021-03-26,18252,713066,8693,384359,8789,314905,770,13802,10918,191118,7302,267430,11688,458548,California
San Bernardino,2021-03-27,10868,723934,7020,391379,3094,317999,754,14556,6200,193423,4648,272078,6953,465501,California
San Bernardino,2021-03-28,3627,727561,2554,393933,960,318959,113,14669,2516,194950,1101,273179,2628,468129,California
San Bernardino,2021-03-29,11802,739363,6133,400066,5268,324227,401,15070,7973,199514,3811,276990,8375,476504,California
San Bernardino,2021-03-30,17018,756381,9502,409568,6800,331027,716,15786,10544,204328,6437,283427,11251,487755,California
San Bernardino,2021-03-31,16617,772998,9360,418928,6618,337645,639,16425,10934,210246,5653,289080,11571,499326,California
San Bernardino,2021-04-01,19864,792862,10491,429419,7945,345590,1428,17853,12787,217417,7035,296115,14206,513532,California
San Bernardino,2021-04-02,18932,811794,9543,438962,8099,353689,1290,19143,11443,222731,7460,303575,12774,526306,California
San Bernardino,2021-04-03,11178,822972,6990,445952,3050,356739,1138,20281,6076,224857,5082,308657,7208,533514,California
San Bernardino,2021-04-04,2504,825476,1508,447460,746,357485,250,20531,1264,225138,1233,309890,1514,535028,California
San Bernardino,2021-04-05,11803,837279,5302,452762,4764,362249,1737,22268,6020,227127,5762,315652,7751,542779,California
San Bernardino,2021-04-06,19797,857076,11142,463904,6534,368783,2121,24389,10458,230406,9293,324945,12572,555351,California
San Bernardino,2021-04-07,21056,878132,11260,475164,7307,376090,2489,26878,11485,234828,9541,334486,13963,569314,California
San Bernardino,2021-04-08,21993,900125,11258,486422,8116,384206,2619,29497,12097,239667,9870,344356,14709,584023,California
San Bernardino,2021-04-09,21851,921976,11121,497543,8150,392356,2580,32077,11887,244198,9928,354284,14459,598482,California
San Bernardino,2021-04-10,15734,937710,8144,505687,3854,396210,3736,35813,7788,247784,7923,362207,11509,609991,California
San Bernardino,2021-04-11,4458,942168,2595,508282,895,397105,968,36781,2041,248377,2411,364618,3004,612995,California
San Bernardino,2021-04-12,13492,955660,6233,514515,5591,402696,1668,38449,6381,249339,7090,371708,8052,621047,California
San Bernardino,2021-04-13,19366,975026,11040,525555,8307,411003,19,38468,11099,252226,8241,379949,11128,632175,California
San Bernardino,2021-04-14,19355,994381,10357,535912,8995,419998,3,38471,10956,254827,8367,388316,10968,643143,California
San Bernardino,2021-04-15,20350,1014731,11376,547288,8968,428966,6,38477,10809,256144,9502,397818,10819,653962,California
San Bernardino,2021-04-16,18608,1033339,10560,557848,8047,437013,1,38478,9138,255853,9429,407247,9138,663100,California
San Bernardino,2021-04-17,11944,1045283,7860,565708,4084,441097,0,38478,6249,256441,5661,412908,6249,669349,California
San Bernardino,2021-04-18,2909,1048192,1998,567706,911,442008,0,38478,1281,256106,1616,414524,1281,670630,California
San Bernardino,2021-04-19,12535,1060727,6685,574391,5850,447858,0,38478,4860,253316,7654,422178,4864,675494,California
San Bernardino,2021-04-20,17633,1078360,9820,584211,7810,455668,3,38481,8052,251815,9557,431735,8056,683550,California
San Bernardino,2021-04-21,18137,1096497,10330,594541,7804,463472,3,38484,7938,249617,10139,441874,7941,691491,California
San Bernardino,2021-04-22,19211,1115708,10977,605518,8230,471702,4,38488,7801,246065,11357,453231,7805,699296,California
San Bernardino,2021-04-23,18480,1134188,10576,616094,7903,479605,1,38489,8042,243718,10392,463623,8045,707341,California
San Bernardino,2021-04-24,12874,1147062,9503,625597,3369,482974,2,38491,6923,244709,5934,469557,6925,714266,California
San Bernardino,2021-04-25,3398,1150460,2227,627824,1171,484145,0,38491,1673,244673,1710,471267,1674,715940,California
San Bernardino,2021-04-26,11040,1161500,5953,633777,4997,489142,90,38581,4738,243235,6264,477531,4826,720766,California
San Bernardino,2021-04-27,16238,1177738,9794,643571,6255,495397,189,38770,6659,240546,9535,487066,6846,727612,California
San Bernardino,2021-04-28,14689,1192427,8718,652289,5695,501092,276,39046,5274,236697,9390,496456,5541,733153,California
San Bernardino,2021-04-29,16194,1208621,9320,661609,6604,507696,270,39316,5363,231529,10797,507253,5629,738782,California
San Bernardino,2021-04-30,16559,1225180,10450,672059,5829,513525,280,39596,6095,227473,10428,517681,6372,745154,California
San Bernardino,2021-05-01,10754,1235934,8420,680479,2020,515545,314,39910,3711,224452,7042,524723,4021,749175,California
San Bernardino,2021-05-02,2932,1238866,2118,682597,682,516227,132,40042,1045,223748,1879,526602,1175,750350,California
San Bernardino,2021-05-03,10042,1248908,5764,688361,3876,520103,402,40444,2899,219917,7131,533733,3300,753650,California
San Bernardino,2021-05-04,15683,1264591,9541,697902,5690,525793,452,40896,4561,213845,11082,544815,5010,758660,California
San Bernardino,2021-05-05,15344,1279935,8823,706725,6106,531899,415,41311,4332,207622,10965,555780,4742,763402,California
San Bernardino,2021-05-06,15783,1295718,8999,715724,6370,538269,414,41725,4299,200890,11443,567223,4711,768113,California
San Bernardino,2021-05-07,15446,1311164,8666,724390,6406,544675,374,42099,4622,195113,10768,577991,4991,773104,California
San Bernardino,2021-05-08,9214,1320378,6130,730520,2843,547518,241,42340,3156,192487,6022,584013,3396,776500,California
San Bernardino,2021-05-09,1822,1322200,1127,731647,606,548124,89,42429,733,192227,1082,585095,822,777322,California
San Bernardino,2021-05-10,7430,1329630,3418,735065,3697,551821,315,42744,2281,189713,5107,590202,2593,779915,California
San Bernardino,2021-05-11,11945,1341575,6601,741666,5017,556838,327,43071,3763,185661,8142,598344,4090,784005,California
San Bernardino,2021-05-12,12520,1354095,6797,748463,5414,562252,309,43380,3707,180906,8767,607111,4012,788017,California
San Bernardino,2021-05-13,12680,1366775,7617,756080,4725,566977,338,43718,4942,178483,7698,614809,5275,793292,California
San Bernardino,2021-05-14,13598,1380373,9037,765117,4230,571207,331,44049,5670,176606,7877,622686,6000,799292,California
San Bernardino,2021-05-15,11252,1391625,8344,773461,2720,573927,188,44237,4516,174604,6702,629388,4700,803992,California
San Bernardino,2021-05-16,2777,1394402,2045,775506,671,574598,61,44298,1309,174523,1450,630838,1369,805361,California
San Bernardino,2021-05-17,9948,1404350,6755,782261,2902,577500,291,44589,4519,173935,5396,636234,4808,810169,California
San Bernardino,2021-05-18,13365,1417715,8784,791045,4333,581833,248,44837,6087,173018,7249,643483,6332,816501,California
San Bernardino,2021-05-19,11475,1429190,7180,798225,3917,585750,378,45215,5325,172605,6113,649596,5700,822201,California
San Bernardino,2021-05-20,10029,1439219,5951,804176,3779,589529,299,45514,4547,172004,5446,655042,4845,827046,California
San Bernardino,2021-05-21,10998,1450217,7296,811472,3342,592871,360,45874,4848,171103,6106,661148,5205,832251,California
San Bernardino,2021-05-22,7619,1457836,5825,817297,1599,594470,195,46069,3850,171411,3734,664882,4042,836293,California
San Bernardino,2021-05-23,1477,1459313,972,818269,432,594902,73,46142,742,171500,725,665607,814,837107,California
San Bernardino,2021-05-24,6567,1465880,4121,822390,2149,597051,297,46439,2865,171002,3660,669267,3162,840269,California
San Bernardino,2021-05-25,9265,1475145,5684,828074,3327,600378,254,46693,4164,170352,5070,674337,4420,844689,California
San Bernardino,2021-05-26,8158,1483303,5175,833249,2737,603115,246,46939,3769,170010,4353,678690,4011,848700,California
San Bernardino,2021-05-27,7600,1490903,4620,837869,2751,605866,229,47168,3492,169662,4069,682759,3721,852421,California
San Bernardino,2021-05-28,8748,1499651,5448,843317,3031,608897,269,47437,4389,170003,4315,687074,4656,857077,California
San Bernardino,2021-05-29,5009,1504660,3339,846656,1558,610455,112,47549,2635,170393,2356,689430,2746,859823,California
San Bernardino,2021-05-30,1757,1506417,1244,847900,432,610887,81,47630,911,170544,840,690270,991,860814,California
San Bernardino,2021-05-31,888,1507305,562,848462,310,611197,16,47646,317,170309,568,690838,333,861147,California
San Bernardino,2021-06-01,8609,1515914,5566,854028,2800,613997,243,47889,3584,169166,4969,695807,3826,864973,California
San Bernardino,2021-06-02,6820,1522734,4295,858323,2281,616278,244,48133,2999,168620,3787,699594,3241,868214,California
San Bernardino,2021-06-03,7886,1530620,5337,863660,2367,618645,182,48315,2909,166758,4952,704546,3090,871304,California
San Bernardino,2021-06-04,9014,1539634,6128,869788,2594,621239,292,48607,3260,164597,5711,710257,3550,874854,California
San Bernardino,2021-06-05,6421,1546055,4929,874717,1366,622605,126,48733,2306,162934,4094,714351,2431,877285,California
San Bernardino,2021-06-06,1995,1548050,1661,876378,265,622870,69,48802,819,162654,1168,715519,888,878173,California
San Bernardino,2021-06-07,6056,1554106,4773,881151,1086,623956,197,48999,1936,160682,4103,719622,2131,880304,California
San Bernardino,2021-06-08,4802,1558908,3796,884947,838,624794,168,49167,1334,158763,3418,723040,1499,881803,California
San Diego,2020-12-15,119,119,119,119,0,0,0,0,119,119,0,0,119,119,California
San Diego,2020-12-16,1103,1222,1103,1222,0,0,0,0,1103,1222,0,0,1103,1222,California
San Diego,2020-12-17,2351,3573,2351,3573,0,0,0,0,2351,3573,0,0,2351,3573,California
San Diego,2020-12-18,3673,7246,3672,7245,1,1,0,0,3673,7246,0,0,3673,7246,California
San Diego,2020-12-19,2313,9559,2313,9558,0,1,0,0,2313,9559,0,0,2313,9559,California
San Diego,2020-12-20,1187,10746,1186,10744,1,2,0,0,1187,10746,0,0,1187,10746,California
San Diego,2020-12-21,3522,14268,3520,14264,2,4,0,0,3522,14268,0,0,3522,14268,California
San Diego,2020-12-22,4062,18330,3418,17682,644,648,0,0,4062,18330,0,0,4062,18330,California
San Diego,2020-12-23,3179,21509,1977,19659,1202,1850,0,0,3179,21509,0,0,3179,21509,California
San Diego,2020-12-24,2737,24246,2219,21878,518,2368,0,0,2737,24246,0,0,2737,24246,California
San Diego,2020-12-25,876,25122,875,22753,1,2369,0,0,876,25122,0,0,876,25122,California
San Diego,2020-12-26,3290,28412,2141,24894,1149,3518,0,0,3290,28412,0,0,3290,28412,California
San Diego,2020-12-27,2510,30922,1619,26513,891,4409,0,0,2509,30920,1,1,2509,30921,California
San Diego,2020-12-28,5911,36833,4225,30738,1686,6095,0,0,5911,36831,0,1,5911,36832,California
San Diego,2020-12-29,5575,42408,3001,33739,2574,8669,0,0,5575,42406,0,1,5575,42407,California
San Diego,2020-12-30,5946,48354,3101,36840,2845,11514,0,0,5946,48352,0,1,5946,48353,California
San Diego,2020-12-31,3035,51389,1053,37893,1982,13496,0,0,3035,51387,0,1,3035,51388,California
San Diego,2021-01-01,1006,52395,452,38345,554,14050,0,0,1006,52393,0,1,1006,52394,California
San Diego,2021-01-02,3747,56142,1303,39648,2444,16494,0,0,3747,56140,0,1,3747,56141,California
San Diego,2021-01-03,858,57000,633,40281,225,16719,0,0,857,56997,0,1,857,56998,California
San Diego,2021-01-04,3706,60706,2053,42334,1653,18372,0,0,3699,60696,0,1,3699,60697,California
San Diego,2021-01-05,4381,65087,2186,44520,2195,20567,0,0,3765,63861,612,613,3777,64474,California
San Diego,2021-01-06,4945,70032,2289,46809,2656,23223,0,0,3712,66367,1210,1823,3716,68190,California
San Diego,2021-01-07,5664,75696,2984,49793,2680,25903,0,0,3503,67724,2154,3977,3511,71701,California
San Diego,2021-01-08,7862,83558,4941,54734,2921,28824,0,0,4077,68051,3768,7745,4095,75796,California
San Diego,2021-01-09,3503,87061,1943,56677,1560,30384,0,0,1952,68475,1539,9284,1963,77759,California
San Diego,2021-01-10,1881,88942,1294,57971,587,30971,0,0,777,68170,1092,10376,787,78546,California
San Diego,2021-01-11,10335,99277,5859,63830,4476,35447,0,0,6805,71471,3523,13899,6824,85370,California
San Diego,2021-01-12,11205,110482,5316,69146,5889,41336,0,0,7826,76041,3370,17269,7940,93310,California
San Diego,2021-01-13,11514,121996,5056,74202,6458,47794,0,0,8969,82501,2533,19802,8993,102303,California
San Diego,2021-01-14,12371,134367,4749,78951,7622,55416,0,0,10200,90575,2163,21965,10237,112540,California
San Diego,2021-01-15,15133,149500,5356,84307,9777,65193,0,0,12485,100485,2629,24594,12539,125079,California
San Diego,2021-01-16,10776,160276,3593,87900,7183,72376,0,0,9331,108407,1440,26034,9362,134441,California
San Diego,2021-01-17,8687,168963,2500,90400,6187,78563,0,0,7847,115434,840,26874,7867,142308,California
San Diego,2021-01-18,12886,181849,6318,96718,6568,85131,0,0,10037,122715,2817,29691,10098,152406,California
San Diego,2021-01-19,14604,196453,5673,102391,8931,94062,0,0,11491,131371,3103,32794,11759,164165,California
San Diego,2021-01-20,18331,214784,6388,108779,11943,106005,0,0,15010,143263,3301,36095,15193,179358,California
San Diego,2021-01-21,17304,232088,5782,114561,11522,117527,0,0,15917,157945,1378,37473,16060,195418,California
San Diego,2021-01-22,17580,249668,4654,119215,12926,130453,0,0,15545,171552,2021,39494,15628,211046,California
San Diego,2021-01-23,14489,264157,5275,124490,9214,139667,0,0,12128,181392,2350,41844,12190,223236,California
San Diego,2021-01-24,11867,276024,3309,127799,8558,148225,0,0,10892,191352,973,42817,10933,234169,California
San Diego,2021-01-25,12256,288280,5783,133582,6473,154698,0,0,9233,197728,3015,45832,9391,243560,California
San Diego,2021-01-26,15139,303419,7843,141425,7296,161994,0,0,11748,206274,3389,49221,11935,255495,California
San Diego,2021-01-27,20580,323999,7930,149355,12650,174644,0,0,17560,220967,3011,52232,17704,273199,California
San Diego,2021-01-28,21300,345299,7637,156992,13663,188307,0,0,19023,237812,2266,54498,19111,292310,California
San Diego,2021-01-29,19658,364957,6402,163394,13256,201563,0,0,17216,252647,2432,56930,17267,309577,California
San Diego,2021-01-30,15839,380796,3595,166989,12244,213807,0,0,13154,263225,2675,59605,13253,322830,California
San Diego,2021-01-31,14776,395572,5724,172713,9052,222859,0,0,14413,277313,359,59964,14447,337277,California
San Diego,2021-02-01,20877,416449,7582,180295,13295,236154,0,0,17319,291171,3545,63509,17403,354680,California
San Diego,2021-02-02,22911,439360,8375,188670,14536,250690,0,0,19637,307714,3265,66774,19808,374488,California
San Diego,2021-02-03,27499,466859,11597,200267,15902,266592,0,0,23183,326793,4297,71071,23376,397864,California
San Diego,2021-02-04,24183,491042,9818,210085,14365,280957,0,0,19546,342010,4620,75691,19837,417701,California
San Diego,2021-02-05,24892,515934,8848,218933,16044,297001,0,0,18195,353998,6673,82364,18661,436362,California
San Diego,2021-02-06,20766,536700,8542,227475,12224,309225,0,0,17514,368487,3249,85613,17738,454100,California
San Diego,2021-02-07,12142,548842,5377,232852,6765,315990,0,0,10256,377128,1875,87488,10516,464616,California
San Diego,2021-02-08,20119,568961,8523,241375,11596,327586,0,0,12665,383041,7443,94931,13356,477972,California
San Diego,2021-02-09,20491,589452,8320,249695,12171,339757,0,0,13181,390015,7289,102220,14263,492235,California
San Diego,2021-02-10,22967,612419,9330,259025,13637,353394,0,0,13836,396158,9077,111297,15220,507455,California
San Diego,2021-02-11,23846,636265,10182,269207,13664,367058,0,0,12756,399549,11063,122360,14454,521909,California
San Diego,2021-02-12,23823,660088,7429,276636,16394,383452,0,0,11852,401731,11954,134314,14136,536045,California
San Diego,2021-02-13,20026,680114,9019,285655,11007,394459,0,0,10890,404697,9129,143443,12095,548140,California
San Diego,2021-02-14,11185,691299,7430,293085,3755,398214,0,0,6318,407669,4863,148306,7835,555975,California
San Diego,2021-02-15,15250,706549,7737,300822,7513,405727,0,0,7802,411114,7426,155732,10871,566846,California
San Diego,2021-02-16,19296,725845,11269,312091,8027,413754,0,0,9212,413246,10072,165804,12204,579050,California
San Diego,2021-02-17,23415,749260,10999,323090,12416,426170,0,0,8114,409168,15287,181091,11209,590259,California
San Diego,2021-02-18,23580,772840,12008,335098,11572,437742,0,0,7763,405222,15806,196897,11860,602119,California
San Diego,2021-02-19,15904,788744,10911,346009,4993,442735,0,0,6614,404555,9272,206169,8605,610724,California
San Diego,2021-02-20,10263,799007,6361,352370,3902,446637,0,0,5789,407796,4471,210640,7712,618436,California
San Diego,2021-02-21,11572,810579,10157,362527,1415,448052,0,0,5178,408107,6388,217028,6699,625135,California
San Diego,2021-02-22,12452,823031,10590,373117,1862,449914,0,0,5743,408804,6704,223732,7401,632536,California
San Diego,2021-02-23,25868,848899,14485,387602,11383,461297,0,0,9612,408080,16246,239978,15522,648058,California
San Diego,2021-02-24,28947,877846,12751,400353,16196,477493,0,0,6829,400261,22098,262076,14279,662337,California
San Diego,2021-02-25,33188,911034,14705,415058,18483,495976,0,0,10095,395706,23073,285149,18518,680855,California
San Diego,2021-02-26,33485,944519,12402,427460,21083,517059,0,0,12097,393575,21358,306507,19227,700082,California
San Diego,2021-02-27,21240,965759,9680,437140,11560,528619,0,0,11428,399482,9806,316313,15713,715795,California
San Diego,2021-02-28,15281,981040,9985,447125,5296,533915,0,0,9509,406016,5771,322084,12305,728100,California
San Diego,2021-03-01,24251,1005291,14314,461439,9935,543850,2,2,14712,415148,9461,331545,18593,746693,California
San Diego,2021-03-02,26168,1031459,14085,475524,12083,555933,0,2,12735,421172,13422,344967,19446,766139,California
San Diego,2021-03-03,34031,1065490,15953,491477,18075,574008,3,5,14064,422219,19948,364915,20995,787134,California
San Diego,2021-03-04,28313,1093803,14107,505584,14206,588214,0,5,12598,425899,15693,380608,19373,806507,California
San Diego,2021-03-05,29003,1122806,14908,520492,14013,602227,82,87,13496,430736,15482,396090,20319,826826,California
San Diego,2021-03-06,23431,1146237,9586,530078,13144,615371,701,788,10328,433374,13092,409182,15730,842556,California
San Diego,2021-03-07,18235,1164472,9327,539405,8337,623708,571,1359,6909,433210,11318,420500,11154,853710,California
San Diego,2021-03-08,23110,1187582,11233,550638,10968,634676,909,2268,11442,438806,11647,432147,17243,870953,California
San Diego,2021-03-09,25887,1213469,11972,562610,12156,646832,1759,4027,10108,438848,15764,447911,15806,886759,California
San Diego,2021-03-10,25527,1238996,10782,573392,12347,659179,2398,6425,10081,439988,15431,463342,16571,903330,California
San Diego,2021-03-11,28642,1267638,11003,584395,14041,673220,3598,10023,9956,438859,18663,482005,17534,920864,California
San Diego,2021-03-12,27325,1294963,9557,593952,14628,687848,3140,13163,10025,438443,17288,499293,16872,937736,California
San Diego,2021-03-13,26220,1321183,7283,601235,17145,704993,1792,14955,10115,438433,16099,515392,16089,953825,California
San Diego,2021-03-14,13879,1335062,5497,606732,7642,712635,740,15695,4801,437245,9070,524462,7882,961707,California
San Diego,2021-03-15,22034,1357096,10171,616903,11082,723717,781,16476,9012,437142,13008,537470,12905,974612,California
San Diego,2021-03-16,30002,1387098,15789,632692,13802,737519,411,16887,15721,442088,14257,551727,19203,993815,California
San Diego,2021-03-17,26327,1413425,12234,644926,13373,750892,720,17607,16763,452083,9548,561275,19543,1013358,California
San Diego,2021-03-18,31521,1444946,17811,662737,12791,763683,919,18526,17010,457072,14477,575752,19466,1032824,California
San Diego,2021-03-19,30361,1475307,14406,677143,14915,778598,1040,19566,19398,467774,10942,586694,21644,1054468,California
San Diego,2021-03-20,27905,1503212,8459,685602,17642,796240,1804,21370,21432,485657,6462,593156,24345,1078813,California
San Diego,2021-03-21,16578,1519790,12102,697704,3759,799999,717,22087,7699,486540,8865,602021,9748,1088561,California
San Diego,2021-03-22,22549,1542339,13152,710856,9120,809119,277,22364,14325,495698,8213,610234,17371,1105932,California
San Diego,2021-03-23,25997,1568336,13635,724491,12083,821202,279,22643,17107,506254,8875,619109,19431,1125363,California
San Diego,2021-03-24,29581,1597917,19777,744268,9422,830624,382,23025,17085,513305,12483,631592,19534,1144897,California
San Diego,2021-03-25,30402,1628319,18319,762587,11399,842023,684,23709,17988,521709,12398,643990,20802,1165699,California
San Diego,2021-03-26,32168,1660487,17946,780533,13649,855672,573,24282,17494,527966,14649,658639,20906,1186605,California
San Diego,2021-03-27,25518,1686005,11047,791580,14077,869749,394,24676,15690,536493,9812,668451,18339,1204944,California
San Diego,2021-03-28,15087,1701092,9242,800822,5788,875537,57,24733,9258,541465,5822,674273,10794,1215738,California
San Diego,2021-03-29,26748,1727840,12931,813753,13184,888721,633,25366,16446,550706,10291,684564,19532,1235270,California
San Diego,2021-03-30,33252,1761092,17904,831657,14558,903279,790,26156,22016,564117,11221,695785,24632,1259902,California
San Diego,2021-03-31,30488,1791580,18806,850463,10976,914255,706,26862,20636,576729,9836,705621,22448,1282350,California
San Diego,2021-04-01,34362,1825942,20067,870530,12792,927047,1503,28365,23242,591700,11099,716720,26070,1308420,California
San Diego,2021-04-02,35813,1861755,20679,891209,12326,939373,2808,31173,24111,608371,11684,728404,28355,1336775,California
San Diego,2021-04-03,30890,1892645,14472,905681,11801,951174,4617,35790,19729,622769,11149,739553,25547,1362322,California
San Diego,2021-04-04,9061,1901706,5207,910888,2926,954100,928,36718,4814,624453,4242,743795,5926,1368248,California
San Diego,2021-04-05,29768,1931474,15408,926296,11706,965806,2654,39372,19382,638614,10371,754166,24532,1392780,California
San Diego,2021-04-06,38760,1970234,20392,946688,12450,978256,5918,45290,22323,652551,16420,770586,30357,1423137,California
San Diego,2021-04-07,35862,2006096,21992,968680,9292,987548,4578,49868,20314,663133,15526,786112,26108,1449245,California
San Diego,2021-04-08,35265,2041361,21380,990060,9713,997261,4172,54040,21298,677240,13950,800062,28057,1477302,California
San Diego,2021-04-09,38448,2079809,22937,1012997,10294,1007555,5217,59257,20785,688964,17598,817660,29322,1506624,California
San Diego,2021-04-10,29201,2109010,11789,1024786,13403,1020958,4009,63266,15092,696998,14100,831760,22134,1528758,California
San Diego,2021-04-11,16261,2125271,10078,1034864,3870,1024828,2313,65579,7237,700537,9020,840780,12559,1541317,California
San Diego,2021-04-12,30865,2156136,12867,1047731,13665,1038493,4333,69912,17158,712020,13692,854472,25175,1566492,California
San Diego,2021-04-13,37240,2193376,17800,1065531,19404,1057897,36,69948,24776,727230,12442,866914,27652,1594144,California
San Diego,2021-04-14,33097,2226473,18933,1084464,14151,1072048,13,69961,17881,734296,15206,882120,22272,1616416,California
San Diego,2021-04-15,39586,2266059,20390,1104854,19192,1091240,4,69965,24114,745823,15453,897573,26980,1643396,California
San Diego,2021-04-16,33851,2299910,18591,1123445,15257,1106497,3,69968,19609,753653,14182,911755,22012,1665408,California
San Diego,2021-04-17,27910,2327820,13543,1136988,14367,1120864,0,69968,12353,753610,15464,927219,15421,1680829,California
San Diego,2021-04-18,14491,2342311,8905,1145893,5583,1126447,3,69971,6745,755587,7732,934951,9709,1690538,California
San Diego,2021-04-19,26607,2368918,13579,1159472,13027,1139474,1,69972,12515,755790,14074,949025,14277,1704815,California
San Diego,2021-04-20,39103,2408021,17829,1177301,21272,1160746,2,69974,19927,759545,19157,968182,22912,1727727,California
San Diego,2021-04-21,35059,2443080,20942,1198243,14117,1174863,0,69974,16958,761468,18065,986247,19988,1747715,California
San Diego,2021-04-22,44696,2487776,22960,1221203,21732,1196595,4,69978,22423,764694,22238,1008485,25464,1773179,California
San Diego,2021-04-23,42291,2530067,26040,1247243,16249,1212844,2,69980,15767,757149,26492,1034977,18947,1792126,California
San Diego,2021-04-24,34970,2565037,18868,1266111,16087,1228931,15,69995,15605,756616,19328,1054305,18795,1810921,California
San Diego,2021-04-25,12653,2577690,7712,1273823,4941,1233872,0,69995,5916,757176,6728,1061033,7288,1818209,California
San Diego,2021-04-26,33108,2610798,16577,1290400,16400,1250272,131,70126,11575,751875,21516,1082549,16215,1834424,California
San Diego,2021-04-27,43896,2654694,24148,1314548,19252,1269524,496,70622,19329,750253,24532,1107081,22910,1857334,California
San Diego,2021-04-28,38352,2693046,22637,1337185,15041,1284565,674,71296,17360,749566,20958,1128039,20271,1877605,California
San Diego,2021-04-29,38146,2731192,24294,1361479,13199,1297764,653,71949,15430,744681,22679,1150718,17794,1895399,California
San Diego,2021-04-30,38176,2769368,23151,1384630,13971,1311735,1054,73003,14951,739322,23189,1173907,17830,1913229,California
San Diego,2021-05-01,24351,2793719,10729,1395359,12979,1324714,643,73646,9566,736899,14776,1188683,12353,1925582,California
San Diego,2021-05-02,10727,2804446,7537,1402896,2604,1327318,586,74232,3283,733664,7440,1196123,4205,1929787,California
San Diego,2021-05-03,25343,2829789,12481,1415377,11704,1339022,1158,75390,9358,729013,15966,1212089,11315,1941102,California
San Diego,2021-05-04,31987,2861776,17651,1433028,13006,1352028,1330,76720,11544,722581,20417,1232506,13985,1955087,California
San Diego,2021-05-05,27744,2889520,17042,1450070,9413,1361441,1289,78009,10604,718308,17120,1249626,12847,1967934,California
San Diego,2021-05-06,28459,2917979,18833,1468903,8713,1370154,913,78922,10839,714950,17593,1267219,14235,1982169,California
San Diego,2021-05-07,29716,2947695,19537,1488440,9128,1379282,1051,79973,11063,709652,18617,1285836,13319,1995488,California
San Diego,2021-05-08,22662,2970357,10761,1499201,11182,1390464,719,80692,7273,703694,15368,1301204,9410,2004898,California
San Diego,2021-05-09,7557,2977914,5682,1504883,1467,1391931,408,81100,2667,702307,4884,1306088,3497,2008395,California
San Diego,2021-05-10,21664,2999578,8450,1513333,12399,1404330,815,81915,5938,694616,15700,1321788,8009,2016404,California
San Diego,2021-05-11,27733,3027311,11273,1524606,15684,1420014,776,82691,9683,688650,18029,1339817,12063,2028467,California
San Diego,2021-05-12,22474,3049785,12021,1536627,9604,1429618,849,83540,8248,684650,14201,1354018,10201,2038668,California
San Diego,2021-05-13,29818,3079603,17786,1554413,11421,1441039,611,84151,12355,682690,17410,1371428,15450,2054118,California
San Diego,2021-05-14,30800,3110403,19713,1574126,10240,1451279,847,84998,14055,682964,16710,1388138,16984,2071102,California
San Diego,2021-05-15,26272,3136675,16501,1590627,8939,1460218,832,85830,10941,680387,15281,1403419,12704,2083806,California
San Diego,2021-05-16,12974,3149649,9702,1600329,2699,1462917,573,86403,6473,681318,6490,1409909,7421,2091227,California
San Diego,2021-05-17,21475,3171124,13048,1613377,7669,1470586,758,87161,9065,679633,12375,1422284,10690,2101917,California
San Diego,2021-05-18,34268,3205392,19386,1632763,14006,1484592,876,88037,13597,674904,20639,1442923,15910,2117827,California
San Diego,2021-05-19,28524,3233916,17934,1650697,9779,1494371,811,88848,12234,672796,16262,1459185,14154,2131981,California
San Diego,2021-05-20,30707,3264623,16389,1667086,13549,1507920,769,89617,10407,664994,20273,1479458,12471,2144452,California
San Diego,2021-05-21,23071,3287694,14558,1681644,7567,1515487,946,90563,9523,663050,13520,1492978,11576,2156028,California
San Diego,2021-05-22,18323,3306017,10382,1692026,6846,1522333,1095,91658,7606,662015,10699,1503677,9664,2165692,California
San Diego,2021-05-23,5405,3311422,4074,1696100,1045,1523378,286,91944,2753,662700,2630,1506307,3315,2169007,California
San Diego,2021-05-24,17692,3329114,9014,1705114,6776,1530154,1902,93846,6394,660556,11281,1517588,9137,2178144,California
San Diego,2021-05-25,24252,3353366,13269,1718383,9154,1539308,1829,95675,8681,656664,15542,1533130,11650,2189794,California
San Diego,2021-05-26,19218,3372584,10673,1729056,6531,1545839,2014,97689,6704,653915,12483,1545613,9734,2199528,California
San Diego,2021-05-27,20644,3393228,12067,1741123,6181,1552020,2396,100085,7063,651055,13565,1559178,10705,2210233,California
San Diego,2021-05-28,21211,3414439,13301,1754424,7189,1559209,721,100806,8458,648810,12739,1571917,10494,2220727,California
San Diego,2021-05-29,12007,3426446,7652,1762076,3862,1563071,493,101299,5268,648452,6726,1578643,6368,2227095,California
San Diego,2021-05-30,4723,3431169,3229,1765305,1108,1564179,386,101685,2086,648578,2633,1581276,2759,2229854,California
San Diego,2021-05-31,2611,3433780,1765,1767070,674,1564853,172,101857,884,648055,1723,1582999,1200,2231054,California
San Diego,2021-06-01,21358,3455138,11435,1778505,8287,1573140,1636,103493,6206,641825,15131,1598130,8901,2239955,California
San Diego,2021-06-02,17076,3472214,8835,1787340,6164,1579304,2077,105570,5762,639220,11292,1609422,8687,2248642,California
San Diego,2021-06-03,19147,3491361,12018,1799358,5329,1584633,1800,107370,5666,634377,13462,1622884,8619,2257261,California
San Diego,2021-06-04,19723,3511084,13869,1813227,5247,1589880,607,107977,6017,629354,13678,1636562,8655,2265916,California
San Diego,2021-06-05,15798,3526882,12041,1825268,2975,1592855,782,108759,4547,624545,11235,1647797,6426,2272342,California
San Diego,2021-06-06,5431,3532313,4406,1829674,711,1593566,314,109073,1901,624152,3524,1651321,3131,2275473,California
San Diego,2021-06-07,12237,3544550,7621,1837295,3286,1596852,1330,110403,3388,620869,8834,1660155,5551,2281024,California
San Diego,2021-06-08,11525,3556075,8582,1845877,1260,1598112,1683,112086,2209,616074,9308,1669463,4513,2285537,California
San Francisco,2020-12-15,8,8,8,8,0,0,0,0,8,8,0,0,8,8,California
San Francisco,2020-12-16,231,239,231,239,0,0,0,0,231,239,0,0,231,239,California
San Francisco,2020-12-17,417,656,417,656,0,0,0,0,417,656,0,0,417,656,California
San Francisco,2020-12-18,907,1563,906,1562,1,1,0,0,907,1563,0,0,907,1563,California
San Francisco,2020-12-19,607,2170,607,2169,0,1,0,0,607,2170,0,0,607,2170,California
San Francisco,2020-12-20,483,2653,483,2652,0,1,0,0,483,2653,0,0,483,2653,California
San Francisco,2020-12-21,1163,3816,1163,3815,0,1,0,0,1163,3816,0,0,1163,3816,California
San Francisco,2020-12-22,1403,5219,1369,5184,34,35,0,0,1403,5219,0,0,1403,5219,California
San Francisco,2020-12-23,1359,6578,1062,6246,297,332,0,0,1359,6578,0,0,1359,6578,California
San Francisco,2020-12-24,847,7425,506,6752,341,673,0,0,847,7425,0,0,847,7425,California
San Francisco,2020-12-25,34,7459,28,6780,6,679,0,0,34,7459,0,0,34,7459,California
San Francisco,2020-12-26,249,7708,154,6934,95,774,0,0,249,7708,0,0,249,7708,California
San Francisco,2020-12-27,275,7983,61,6995,214,988,0,0,275,7983,0,0,275,7983,California
San Francisco,2020-12-28,1280,9263,692,7687,588,1576,0,0,1280,9263,0,0,1280,9263,California
San Francisco,2020-12-29,1256,10519,629,8316,627,2203,0,0,1256,10519,0,0,1256,10519,California
San Francisco,2020-12-30,1493,12012,782,9098,711,2914,0,0,1493,12012,0,0,1493,12012,California
San Francisco,2020-12-31,971,12983,412,9510,559,3473,0,0,970,12982,0,0,970,12982,California
San Francisco,2021-01-01,99,13082,74,9584,25,3498,0,0,99,13081,0,0,99,13081,California
San Francisco,2021-01-02,341,13423,307,9891,34,3532,0,0,341,13422,0,0,341,13422,California
San Francisco,2021-01-03,299,13722,106,9997,193,3725,0,0,298,13719,1,1,298,13720,California
San Francisco,2021-01-04,1852,15574,1366,11363,486,4211,0,0,1846,15559,6,7,1846,15566,California
San Francisco,2021-01-05,2238,17812,1423,12786,815,5026,0,0,2199,17721,39,46,2201,17767,California
San Francisco,2021-01-06,1875,19687,1162,13948,713,5739,0,0,1606,19061,267,313,1607,19374,California
San Francisco,2021-01-07,2075,21762,1208,15156,867,6606,0,0,1602,20193,470,783,1602,20976,California
San Francisco,2021-01-08,2345,24107,1648,16804,697,7303,0,0,1480,20814,860,1643,1481,22457,California
San Francisco,2021-01-09,1396,25503,898,17702,498,7801,0,0,888,21196,508,2151,890,23347,California
San Francisco,2021-01-10,922,26425,542,18244,380,8181,0,0,463,21201,458,2609,463,23810,California
San Francisco,2021-01-11,2514,28939,1875,20119,639,8820,0,0,1408,21502,1107,3716,1408,25218,California
San Francisco,2021-01-12,3093,32032,2057,22176,1036,9856,0,0,1897,22205,1196,4912,1899,27117,California
San Francisco,2021-01-13,2837,34869,1611,23787,1226,11082,0,0,1996,23362,841,5753,1998,29115,California
San Francisco,2021-01-14,2444,37313,1102,24889,1342,12424,0,0,1884,24686,560,6313,1884,30999,California
San Francisco,2021-01-15,2754,40067,1149,26038,1605,14029,0,0,2363,26662,389,6702,2365,33364,California
San Francisco,2021-01-16,2264,42331,972,27010,1292,15321,0,0,2095,28589,169,6871,2096,35460,California
San Francisco,2021-01-17,1941,44272,535,27545,1406,16727,0,0,1724,30096,217,7088,1724,37184,California
San Francisco,2021-01-18,1382,45654,597,28142,785,17512,0,0,1115,30946,266,7354,1116,38300,California
San Francisco,2021-01-19,2589,48243,1478,29620,1111,18623,0,0,1834,32025,755,8109,1834,40134,California
San Francisco,2021-01-20,2766,51009,1130,30750,1636,20259,0,0,2008,33279,755,8864,2009,42143,California
San Francisco,2021-01-21,3333,54342,946,31696,2387,22646,0,0,2497,34941,835,9699,2497,44640,California
San Francisco,2021-01-22,3215,57557,649,32345,2566,25212,0,0,2770,37269,443,10142,2771,47411,California
San Francisco,2021-01-23,3095,60652,611,32956,2484,27696,0,0,2724,39624,370,10512,2725,50136,California
San Francisco,2021-01-24,2436,63088,366,33322,2070,29766,0,0,2203,41597,230,10742,2203,52339,California
San Francisco,2021-01-25,4653,67741,1837,35159,2816,32582,0,0,3061,43070,1590,12332,3063,55402,California
San Francisco,2021-01-26,4737,72478,2184,37343,2553,35135,0,0,3093,44526,1641,13973,3097,58499,California
San Francisco,2021-01-27,4396,76874,2011,39354,2385,37520,0,0,3093,46318,1301,15274,3093,61592,California
San Francisco,2021-01-28,3792,80666,1567,40921,2225,39745,0,0,2627,47788,1160,16434,2630,64222,California
San Francisco,2021-01-29,4748,85414,1690,42611,3058,42803,0,0,3467,49981,1275,17709,3468,67690,California
San Francisco,2021-01-30,3796,89210,1849,44460,1947,44750,0,0,3336,52862,459,18168,3340,71030,California
San Francisco,2021-01-31,2362,91572,827,45287,1535,46285,0,0,2210,54922,151,18319,2211,73241,California
San Francisco,2021-02-01,3985,95557,1706,46993,2279,48564,0,0,2911,56760,1074,19393,2912,76153,California
San Francisco,2021-02-02,4520,100077,1807,48800,2713,51277,0,0,2922,58089,1593,20986,2922,79075,California
San Francisco,2021-02-03,5073,105150,2378,51178,2695,53972,0,0,3757,60533,1314,22300,3758,82833,California
San Francisco,2021-02-04,5033,110183,2428,53606,2605,56577,0,0,3863,63228,1168,23468,3863,86696,California
San Francisco,2021-02-05,5995,116178,3240,56846,2755,59332,0,0,4642,66520,1351,24819,4643,91339,California
San Francisco,2021-02-06,5526,121704,3704,60550,1822,61154,0,0,4621,70241,902,25721,4623,95962,California
San Francisco,2021-02-07,4392,126096,3243,63793,1149,62303,0,0,3813,73481,576,26297,3816,99778,California
San Francisco,2021-02-08,6814,132910,4701,68494,2113,64416,0,0,5582,77849,1216,27513,5584,105362,California
San Francisco,2021-02-09,5983,138893,4035,72529,1948,66364,0,0,4427,80714,1563,29076,4428,109790,California
San Francisco,2021-02-10,6925,145818,4220,76749,2705,69069,0,0,5118,84033,1802,30878,5121,114911,California
San Francisco,2021-02-11,6765,152583,4023,80772,2742,71811,0,0,4937,87149,1823,32701,4939,119850,California
San Francisco,2021-02-12,5357,157940,2697,83469,2660,74471,0,0,3509,88809,1849,34550,3509,123359,California
San Francisco,2021-02-13,4399,162339,2578,86047,1821,76292,0,0,3062,90536,1337,35887,3064,126423,California
San Francisco,2021-02-14,3441,165780,2262,88309,1179,77471,0,0,2309,91716,1131,37018,2311,128734,California
San Francisco,2021-02-15,2776,168556,1507,89816,1269,78740,0,0,1673,92288,1101,38119,1673,130407,California
San Francisco,2021-02-16,5093,173649,2798,92614,2295,81035,0,0,2990,93188,2096,40215,2996,133403,California
San Francisco,2021-02-17,5343,178992,2612,95226,2731,83766,0,0,2954,93764,2379,42594,2955,136358,California
San Francisco,2021-02-18,5388,184380,2629,97855,2759,86525,0,0,2802,93984,2585,45179,2805,139163,California
San Francisco,2021-02-19,5676,190056,2658,100513,3018,89543,0,0,2941,94196,2730,47909,2942,142105,California
San Francisco,2021-02-20,4554,194610,2191,102704,2363,91906,0,0,1708,93068,2837,50746,1709,143814,California
San Francisco,2021-02-21,2898,197508,1526,104230,1372,93278,0,0,1286,92752,1603,52349,1287,145101,California
San Francisco,2021-02-22,5194,202702,3240,107470,1954,95232,0,0,2616,92802,2569,54918,2619,147720,California
San Francisco,2021-02-23,5611,208313,3199,110669,2412,97644,0,0,2868,92934,2736,57654,2868,150588,California
San Francisco,2021-02-24,9134,217447,5169,115838,3965,101609,0,0,4880,93572,4243,61897,4881,155469,California
San Francisco,2021-02-25,10044,227491,7022,122860,3022,104631,0,0,6453,96439,3588,65485,6455,161924,California
San Francisco,2021-02-26,12385,239876,8048,130908,4337,108968,0,0,7314,98684,5070,70555,7315,169239,California
San Francisco,2021-02-27,9418,249294,6066,136974,3351,112319,1,1,4686,98653,4719,75274,4688,173927,California
San Francisco,2021-02-28,7941,257235,5687,142661,2254,114573,0,1,3869,98454,4069,79343,3870,177797,California
San Francisco,2021-03-01,11438,268673,7730,150391,3704,118277,4,5,5554,98157,5857,85200,5560,183357,California
San Francisco,2021-03-02,10026,278699,6768,157159,3258,121535,0,5,5660,99463,4355,89555,5661,189018,California
San Francisco,2021-03-03,11328,290027,6594,163753,4733,126268,1,6,6163,100479,5151,94706,6167,195185,California
San Francisco,2021-03-04,8825,298852,5552,169305,3273,129541,0,6,4971,101606,3844,98550,4971,200156,California
San Francisco,2021-03-05,9247,308099,5682,174987,3561,133102,4,10,5781,103940,3452,102002,5786,205942,California
San Francisco,2021-03-06,7151,315250,4688,179675,2254,135356,209,219,4461,105904,2703,104705,4667,210609,California
San Francisco,2021-03-07,5412,320662,4235,183910,1118,136474,59,278,3108,106754,2317,107022,3167,213776,California
San Francisco,2021-03-08,7551,328213,5483,189393,1879,138353,189,467,5970,111300,1612,108634,6158,219934,California
San Francisco,2021-03-09,8354,336567,5536,194929,2441,140794,377,844,6101,115516,2257,110891,6473,226407,California
San Francisco,2021-03-10,11255,347822,6622,201551,4134,144928,499,1343,7060,118902,4173,115064,7559,233966,California
San Francisco,2021-03-11,10127,357949,6387,207938,2773,147701,967,2310,6648,123047,3462,118526,7607,241573,California
San Francisco,2021-03-12,10894,368843,6368,214306,3181,150882,1345,3655,6069,125655,4802,123328,7410,248983,California
San Francisco,2021-03-13,6717,375560,3945,218251,1710,152592,1062,4717,4181,128369,2527,125855,5241,254224,California
San Francisco,2021-03-14,7588,383148,4936,223187,2407,154999,245,4962,3985,129012,3586,129441,4229,258453,California
San Francisco,2021-03-15,12130,395278,9285,232472,1900,156899,945,5907,8402,134634,3712,133153,9334,267787,California
San Francisco,2021-03-16,12245,407523,8353,240825,3432,160331,460,6367,8818,140507,3404,136557,9277,277064,California
San Francisco,2021-03-17,13379,420902,8294,249119,4518,164849,567,6934,9623,146966,3727,140284,10186,287250,California
San Francisco,2021-03-18,10115,431017,6872,255991,2621,167470,622,7556,5724,148938,4367,144651,6339,293589,California
San Francisco,2021-03-19,12422,443439,9074,265065,2877,170347,471,8027,6455,149915,5941,150592,6918,300507,California
San Francisco,2021-03-20,8919,452358,6563,271628,1888,172235,468,8495,5182,151862,3705,154297,5652,306159,California
San Francisco,2021-03-21,6623,458981,6067,277695,418,172653,138,8633,3731,152855,2874,157171,3867,310026,California
San Francisco,2021-03-22,9879,468860,6860,284555,2178,174831,841,9474,5075,153984,4779,161950,5908,315934,California
San Francisco,2021-03-23,11294,480154,7489,292044,3153,177984,652,10126,6263,155893,5001,166951,6910,322844,California
San Francisco,2021-03-24,12411,492565,9513,301557,2362,180346,536,10662,6189,156431,6179,173130,6717,329561,California
San Francisco,2021-03-25,11986,504551,8760,310317,2662,183008,564,11226,5822,156721,6092,179222,6382,335943,California
San Francisco,2021-03-26,12048,516599,8361,318678,3454,186462,233,11459,5840,156617,6173,185395,6069,342012,California
San Francisco,2021-03-27,8811,525410,5911,324589,2550,189012,350,11809,3763,155703,5027,190422,4113,346125,California
San Francisco,2021-03-28,6696,532106,5349,329938,1305,190317,42,11851,3001,155074,3669,194091,3040,349165,California
San Francisco,2021-03-29,11627,543733,8009,337947,3434,193751,184,12035,4809,153277,6788,200879,4991,354156,California
San Francisco,2021-03-30,11681,555414,7326,345273,4065,197816,290,12325,5515,152941,6141,207020,5805,359961,California
San Francisco,2021-03-31,12317,567731,8202,353475,3816,201632,299,12624,4963,150878,7319,214339,5256,365217,California
San Francisco,2021-04-01,14010,581741,7441,360916,4870,206502,1699,14323,6018,150625,7953,222292,7700,372917,California
San Francisco,2021-04-02,14879,596620,6574,367490,6417,212919,1888,16211,6956,151557,7899,230191,8831,381748,California
San Francisco,2021-04-03,10609,607229,4925,372415,3857,216776,1827,18038,4863,152515,5727,235918,6685,388433,California
San Francisco,2021-04-04,9052,616281,4801,377216,2594,219370,1657,19695,3577,152285,5460,241378,5230,393663,California
San Francisco,2021-04-05,16079,632360,9848,387064,4341,223711,1890,21585,6263,150644,9786,251164,8145,401808,California
San Francisco,2021-04-06,16112,648472,9543,396607,4501,228212,2068,23653,6258,149137,9826,260990,8319,410127,California
San Francisco,2021-04-07,16877,665349,10040,406647,4602,232814,2235,25888,6997,148497,9854,270844,9214,419341,California
San Francisco,2021-04-08,14222,679571,6752,413399,3035,235849,4435,30323,4624,147965,9563,280407,9031,428372,California
San Francisco,2021-04-09,15864,695435,7662,421061,4835,240684,3367,33690,6600,148682,9231,289638,9948,438320,California
San Francisco,2021-04-10,13346,708781,5706,426767,5879,246563,1761,35451,7111,151333,6208,295846,8859,447179,California
San Francisco,2021-04-11,10052,718833,7532,434299,1346,247909,1174,36625,5204,152873,4834,300680,6374,453553,California
San Francisco,2021-04-12,10629,729462,6902,441201,2574,250483,1153,37778,4868,153153,5739,306419,6019,459572,California
San Francisco,2021-04-13,10840,740302,7348,448549,3480,253963,12,37790,5474,153307,5340,311759,5494,465066,California
San Francisco,2021-04-14,13335,753637,8034,456583,5300,259263,1,37791,6413,152845,6883,318642,6421,471487,California
San Francisco,2021-04-15,13821,767458,9578,466161,4242,263505,1,37792,8147,155355,5643,324285,8153,479640,California
San Francisco,2021-04-16,12946,780404,8702,474863,4200,267705,44,37836,7633,157752,5284,329569,7681,487321,California
San Francisco,2021-04-17,10088,790492,7308,482171,2779,270484,1,37837,7111,161909,2959,332528,7116,494437,California
San Francisco,2021-04-18,6611,797103,5051,487222,1558,272042,2,37839,4089,163498,2504,335032,4093,498530,California
San Francisco,2021-04-19,10884,807987,8179,495401,2700,274742,5,37844,6995,166636,3872,338904,7010,505540,California
San Francisco,2021-04-20,12340,820327,7221,502622,5117,279859,2,37846,8510,171346,3803,342707,8513,514053,California
San Francisco,2021-04-21,10590,830917,7568,510190,3017,282876,5,37851,6452,173695,4112,346819,6461,520514,California
San Francisco,2021-04-22,10462,841379,7740,517930,2721,285597,1,37852,6044,175355,4392,351211,6052,526566,California
San Francisco,2021-04-23,10353,851732,5932,523862,4421,290018,0,37852,6150,177339,4173,355384,6157,532723,California
San Francisco,2021-04-24,7962,859694,5480,529342,2482,292500,0,37852,4704,178815,3236,358620,4712,537435,California
San Francisco,2021-04-25,5047,864741,4342,533684,699,293199,6,37858,2953,179696,2082,360702,2963,540398,California
San Francisco,2021-04-26,8183,872924,5788,539472,2383,295582,12,37870,4064,179692,4092,364794,4088,544486,California
San Francisco,2021-04-27,8606,881530,5795,545267,2654,298236,157,38027,4281,179840,4300,369094,4448,548934,California
San Francisco,2021-04-28,9484,891014,6566,551833,2727,300963,191,38218,4970,180523,4482,373576,5165,554099,California
San Francisco,2021-04-29,9361,900375,5438,557271,3730,304693,193,38411,4597,180586,4739,378315,4802,558901,California
San Francisco,2021-04-30,10880,911255,5191,562462,5488,310181,201,38612,3978,177909,6861,385176,4184,563085,California
San Francisco,2021-05-01,6952,918207,3595,566057,3241,313422,116,38728,1706,174520,5211,390387,1822,564907,California
San Francisco,2021-05-02,5315,923522,3083,569140,2134,315556,98,38826,964,171243,4343,394730,1066,565973,California
San Francisco,2021-05-03,9670,933192,6585,575725,2923,318479,162,38988,2455,166680,7187,401917,2624,568597,California
San Francisco,2021-05-04,9360,942552,5997,581722,3113,321592,250,39238,2282,162172,7045,408962,2537,571134,California
San Francisco,2021-05-05,8771,951323,6128,587850,2334,323926,309,39547,2145,158047,6582,415544,2457,573591,California
San Francisco,2021-05-06,10728,962051,8572,596422,1683,325609,473,40020,1850,151527,8844,424388,2324,575915,California
San Francisco,2021-05-07,10110,972161,6473,602895,3366,328975,271,40291,1640,144994,8443,432831,1910,577825,California
San Francisco,2021-05-08,8365,980526,3554,606449,4681,333656,130,40421,974,138739,7360,440191,1105,578930,California
San Francisco,2021-05-09,6684,987210,5825,612274,777,334433,82,40503,1215,134584,5446,445637,1291,580221,California
San Francisco,2021-05-10,6979,994189,4941,617215,1787,336220,251,40754,1045,129972,5906,451543,1294,581515,California
San Francisco,2021-05-11,7245,1001434,5215,622430,1826,338046,204,40958,1421,125806,5791,457334,1625,583140,California
San Francisco,2021-05-12,8031,1009465,5860,628290,1723,339769,448,41406,1830,121908,6170,463504,2272,585412,California
San Francisco,2021-05-13,10791,1020256,7942,636232,2634,342403,215,41621,4106,119577,6658,470162,4327,589739,California
San Francisco,2021-05-14,9289,1029545,6581,642813,2536,344939,172,41793,3005,116509,6254,476416,3186,592925,California
San Francisco,2021-05-15,7900,1037445,6254,649067,1590,346529,56,41849,3112,114917,4772,481188,3180,596105,California
San Francisco,2021-05-16,4956,1042401,4176,653243,722,347251,58,41907,1836,113711,3101,484289,1895,598000,California
San Francisco,2021-05-17,7231,1049632,5384,658627,1681,348932,166,42073,2479,111627,4732,489021,2648,600648,California
San Francisco,2021-05-18,8676,1058308,4970,663597,3531,352463,175,42248,1986,107145,6645,495666,2163,602811,California
San Francisco,2021-05-19,7443,1065751,5530,669127,1681,354144,232,42480,2431,104823,4984,500650,2662,605473,California
San Francisco,2021-05-20,5392,1071143,3670,672797,1523,355667,199,42679,1542,102745,3817,504467,1739,607212,California
San Francisco,2021-05-21,6889,1078032,3968,676765,2779,358446,142,42821,1750,99539,5094,509561,1888,609100,California
San Francisco,2021-05-22,4409,1082441,3393,680158,958,359404,58,42879,2096,99399,2295,511856,2155,611255,California
San Francisco,2021-05-23,1586,1084027,1265,681423,285,359689,36,42915,795,99445,787,512643,833,612088,California
San Francisco,2021-05-24,4031,1088058,2852,684275,1016,360705,163,43078,1200,98003,2806,515449,1364,613452,California
San Francisco,2021-05-25,3674,1091732,2397,686672,1059,361764,218,43296,1104,96769,2552,518001,1318,614770,California
San Francisco,2021-05-26,3913,1095645,2533,689205,1234,362998,146,43442,1140,95306,2749,520750,1286,616056,California
San Francisco,2021-05-27,3689,1099334,2133,691338,1380,364378,176,43618,1199,94201,2480,523230,1375,617431,California
San Francisco,2021-05-28,3761,1103095,2152,693490,1449,365827,160,43778,1348,93320,2388,525618,1507,618938,California
San Francisco,2021-05-29,2022,1105117,1466,694956,456,366283,100,43878,881,93174,1121,526739,975,619913,California
San Francisco,2021-05-30,963,1106080,693,695649,233,366516,37,43915,401,93054,558,527297,438,620351,California
San Francisco,2021-05-31,253,1106333,206,695855,40,366556,7,43922,86,92981,166,527463,93,620444,California
San Francisco,2021-06-01,3558,1109891,2150,698005,1221,367777,187,44109,1257,92137,2285,529748,1441,621885,California
San Francisco,2021-06-02,2423,1112314,1747,699752,552,368329,124,44233,899,91642,1512,531260,1017,622902,California
San Francisco,2021-06-03,3949,1116263,2719,702471,1030,369359,200,44433,1085,90074,2849,534109,1281,624183,California
San Francisco,2021-06-04,5620,1121883,4739,707210,741,370100,140,44573,1406,87437,4180,538289,1543,625726,California
San Francisco,2021-06-05,3667,1125550,3112,710322,412,370512,143,44716,963,85846,2692,540981,1101,626827,California
San Francisco,2021-06-06,2317,1127867,2170,712492,110,370622,37,44753,518,84609,1792,542773,555,627382,California
San Francisco,2021-06-07,3584,1131451,2975,715467,470,371092,139,44892,972,83119,2597,545370,1107,628489,California
San Francisco,2021-06-08,1670,1133121,1289,716756,268,371360,113,45005,488,82545,1170,546540,596,629085,California
San Joaquin,2020-12-15,12,12,12,12,0,0,0,0,12,12,0,0,12,12,California
San Joaquin,2020-12-16,308,320,308,320,0,0,0,0,308,320,0,0,308,320,California
San Joaquin,2020-12-17,320,640,320,640,0,0,0,0,320,640,0,0,320,640,California
San Joaquin,2020-12-18,533,1173,529,1169,4,4,0,0,533,1173,0,0,533,1173,California
San Joaquin,2020-12-19,190,1363,190,1359,0,4,0,0,190,1363,0,0,190,1363,California
San Joaquin,2020-12-20,116,1479,115,1474,1,5,0,0,116,1479,0,0,116,1479,California
San Joaquin,2020-12-21,496,1975,495,1969,1,6,0,0,496,1975,0,0,496,1975,California
San Joaquin,2020-12-22,972,2947,853,2822,119,125,0,0,971,2946,0,0,971,2946,California
San Joaquin,2020-12-23,982,3929,923,3745,59,184,0,0,980,3926,2,2,982,3928,California
San Joaquin,2020-12-24,217,4146,188,3933,29,213,0,0,216,4142,1,3,217,4145,California
San Joaquin,2020-12-25,15,4161,15,3948,0,213,0,0,15,4157,0,3,15,4160,California
San Joaquin,2020-12-26,104,4265,32,3980,72,285,0,0,104,4261,0,3,104,4264,California
San Joaquin,2020-12-27,44,4309,31,4011,13,298,0,0,44,4305,0,3,44,4308,California
San Joaquin,2020-12-28,626,4935,423,4434,203,501,0,0,626,4931,0,3,626,4934,California
San Joaquin,2020-12-29,791,5726,664,5098,127,628,0,0,791,5722,0,3,791,5725,California
San Joaquin,2020-12-30,1011,6737,718,5816,293,921,0,0,1009,6731,2,5,1011,6736,California
San Joaquin,2020-12-31,455,7192,203,6019,252,1173,0,0,455,7186,1,6,456,7192,California
San Joaquin,2021-01-01,23,7215,13,6032,10,1183,0,0,23,7209,0,6,23,7215,California
San Joaquin,2021-01-02,266,7481,243,6275,23,1206,0,0,266,7475,0,6,266,7481,California
San Joaquin,2021-01-03,38,7519,20,6295,18,1224,0,0,37,7511,1,7,37,7518,California
San Joaquin,2021-01-04,478,7997,339,6634,139,1363,0,0,475,7984,2,9,475,7993,California
San Joaquin,2021-01-05,983,8980,648,7282,335,1698,0,0,812,8662,171,180,849,8842,California
San Joaquin,2021-01-06,1226,10206,711,7993,515,2213,0,0,921,9287,300,480,925,9767,California
San Joaquin,2021-01-07,1084,11290,685,8678,399,2612,0,0,787,9781,294,774,788,10555,California
San Joaquin,2021-01-08,1204,12494,824,9502,380,2992,0,0,711,10004,492,1266,715,11270,California
San Joaquin,2021-01-09,379,12873,300,9802,79,3071,0,0,247,10120,132,1398,248,11518,California
San Joaquin,2021-01-10,224,13097,116,9918,108,3179,0,0,171,10239,52,1450,171,11689,California
San Joaquin,2021-01-11,1533,14630,1325,11243,208,3387,0,0,866,10507,666,2116,934,12623,California
San Joaquin,2021-01-12,1476,16106,1061,12304,415,3802,0,0,698,10503,774,2890,770,13393,California
San Joaquin,2021-01-13,1535,17641,900,13204,635,4437,0,0,958,10892,574,3464,963,14356,California
San Joaquin,2021-01-14,1755,19396,973,14177,782,5219,0,0,1411,11997,323,3787,1428,15784,California
San Joaquin,2021-01-15,1531,20927,545,14722,986,6205,0,0,1301,13100,215,4002,1318,17102,California
San Joaquin,2021-01-16,1130,22057,180,14902,950,7155,0,0,1099,14169,30,4032,1099,18201,California
San Joaquin,2021-01-17,1623,23680,136,15038,1487,8642,0,0,1581,15710,42,4074,1583,19784,California
San Joaquin,2021-01-18,740,24420,238,15276,502,9144,0,0,619,16212,117,4191,619,20403,California
San Joaquin,2021-01-19,1876,26296,900,16176,976,10120,0,0,1194,16737,677,4868,1202,21605,California
San Joaquin,2021-01-20,2089,28385,1285,17461,804,10924,0,0,1441,17543,641,5509,1447,23052,California
San Joaquin,2021-01-21,1976,30361,898,18359,1078,12002,0,0,1577,18736,392,5901,1585,24637,California
San Joaquin,2021-01-22,1953,32314,894,19253,1059,13061,0,0,1811,20412,137,6038,1813,26450,California
San Joaquin,2021-01-23,896,33210,396,19649,500,13561,0,0,611,20741,284,6322,613,27063,California
San Joaquin,2021-01-24,353,33563,136,19785,217,13778,0,0,330,21051,20,6342,330,27393,California
San Joaquin,2021-01-25,2001,35564,1146,20931,855,14633,0,0,1433,21922,565,6907,1436,28829,California
San Joaquin,2021-01-26,2161,37725,1117,22048,1044,15677,0,0,1546,22866,608,7515,1552,30381,California
San Joaquin,2021-01-27,1739,39464,770,22818,969,16646,0,0,1240,23619,494,8009,1247,31628,California
San Joaquin,2021-01-28,2045,41509,771,23589,1274,17920,0,0,1386,24360,655,8664,1396,33024,California
San Joaquin,2021-01-29,2163,43672,1051,24640,1112,19032,0,0,1812,25836,345,9009,1821,34845,California
San Joaquin,2021-01-30,2175,45847,356,24996,1819,20851,0,0,1997,27658,177,9186,1999,36844,California
San Joaquin,2021-01-31,1559,47406,180,25176,1379,22230,0,0,1494,29089,64,9250,1495,38339,California
San Joaquin,2021-02-01,2528,49934,1341,26517,1187,23417,0,0,1769,30102,759,10009,1772,40111,California
San Joaquin,2021-02-02,2587,52521,1155,27672,1432,24849,0,0,1976,31531,551,10560,1980,42091,California
San Joaquin,2021-02-03,3080,55601,1214,28886,1866,26715,0,0,2211,32886,862,11422,2217,44308,California
San Joaquin,2021-02-04,3547,59148,1817,30703,1730,28445,0,0,2649,34648,893,12315,2655,46963,California
San Joaquin,2021-02-05,3169,62317,1807,32510,1362,29807,0,0,2342,36187,817,13132,2356,49319,California
San Joaquin,2021-02-06,1086,63403,747,33257,339,30146,0,0,943,36991,140,13272,944,50263,California
San Joaquin,2021-02-07,621,64024,492,33749,129,30275,0,0,417,37210,199,13471,418,50681,California
San Joaquin,2021-02-08,1790,65814,1038,34787,752,31027,0,0,1447,38343,320,13791,1453,52134,California
San Joaquin,2021-02-09,2130,67944,1157,35944,973,32000,0,0,1584,39454,476,14267,1587,53721,California
San Joaquin,2021-02-10,2568,70512,1251,37195,1317,33317,0,0,1346,39601,1200,15467,1347,55068,California
San Joaquin,2021-02-11,2919,73431,1484,38679,1435,34752,0,0,1702,40125,1185,16652,1709,56777,California
San Joaquin,2021-02-12,2817,76248,1127,39806,1690,36442,0,0,1598,40530,1198,17850,1603,58380,California
San Joaquin,2021-02-13,2117,78365,396,40202,1721,38163,0,0,853,40139,1250,19100,859,59239,California
San Joaquin,2021-02-14,1904,80269,260,40462,1644,39807,0,0,691,39649,1182,20282,692,59931,California
San Joaquin,2021-02-15,1989,82258,834,41296,1155,40962,0,0,1195,40084,764,21046,1199,61130,California
San Joaquin,2021-02-16,3164,85422,1377,42673,1787,42749,0,0,1751,40448,1398,22444,1762,62892,California
San Joaquin,2021-02-17,3276,88698,1265,43938,2011,44760,0,0,1866,40921,1397,23841,1870,64762,California
San Joaquin,2021-02-18,3350,92048,1381,45319,1969,46729,0,0,1910,41433,1404,25245,1916,66678,California
San Joaquin,2021-02-19,4275,96323,2417,47736,1858,48587,0,0,2392,41997,1828,27073,2392,69070,California
San Joaquin,2021-02-20,1558,97881,663,48399,895,49482,0,0,1059,42558,498,27571,1059,70129,California
San Joaquin,2021-02-21,673,98554,509,48908,164,49646,0,0,422,42734,248,27819,424,70553,California
San Joaquin,2021-02-22,3554,102108,2507,51415,1047,50693,0,0,2538,44290,987,28806,2543,73096,California
San Joaquin,2021-02-23,4315,106423,2624,54039,1691,52384,0,0,2652,45315,1633,30439,2658,75754,California
San Joaquin,2021-02-24,5772,112195,3427,57466,2345,54729,0,0,4144,47861,1602,32041,4148,79902,California
San Joaquin,2021-02-25,6365,118560,3937,61403,2428,57157,0,0,4108,49764,2215,34256,4118,84020,California
San Joaquin,2021-02-26,5519,124079,2863,64266,2656,59813,0,0,3787,51859,1698,35954,3793,87813,California
San Joaquin,2021-02-27,5483,129562,1632,65898,3851,63664,0,0,2647,51739,2779,38733,2659,90472,California
San Joaquin,2021-02-28,3108,132670,1123,67021,1985,65649,0,0,2053,52764,1030,39763,2055,92527,California
San Joaquin,2021-03-01,4138,136808,1828,68849,2308,67957,2,2,2345,53345,1775,41538,2356,94883,California
San Joaquin,2021-03-02,4218,141026,1683,70532,2535,70492,0,2,2646,54497,1549,43087,2701,97584,California
San Joaquin,2021-03-03,5807,146833,3446,73978,2359,72851,2,4,4186,57087,1597,44684,4187,101771,California
San Joaquin,2021-03-04,5725,152558,2273,76251,3449,76300,3,7,3742,58866,1967,46651,3746,105517,California
San Joaquin,2021-03-05,4466,157024,1900,78151,2561,78861,5,12,3084,60594,1365,48016,3093,108610,California
San Joaquin,2021-03-06,3299,160323,2173,80324,996,79857,130,142,2718,62868,577,48593,2851,111461,California
San Joaquin,2021-03-07,1221,161544,563,80887,610,80467,48,190,936,63570,267,48860,969,112430,California
San Joaquin,2021-03-08,3154,164698,1263,82150,1766,82233,125,315,2140,64833,1001,49861,2264,114694,California
San Joaquin,2021-03-09,4033,168731,1829,83979,2073,84306,131,446,2673,66297,1345,51206,2809,117503,California
San Joaquin,2021-03-10,4649,173380,2470,86449,2039,86345,140,586,3420,68644,1213,52419,3560,121063,California
San Joaquin,2021-03-11,4956,178336,2359,88808,1997,88342,600,1186,2940,70185,2003,54422,3544,124607,California
San Joaquin,2021-03-12,6295,184631,3143,91951,2815,91157,337,1523,4160,72580,2109,56531,4504,129111,California
San Joaquin,2021-03-13,3070,187701,1459,93410,1486,92643,125,1648,2288,74226,774,57305,2420,131531,California
San Joaquin,2021-03-14,2167,189868,674,94084,1189,93832,304,1952,1027,74428,1133,58438,1335,132866,California
San Joaquin,2021-03-15,6083,195951,3503,97587,2176,96008,404,2356,3177,75150,2872,61310,3594,136460,California
San Joaquin,2021-03-16,6862,202813,3906,101493,2699,98707,257,2613,4041,76656,2797,64107,4303,140763,California
San Joaquin,2021-03-17,7816,210629,4683,106176,3063,101770,70,2683,4342,77645,3432,67539,4421,145184,California
San Joaquin,2021-03-18,7646,218275,4499,110675,2642,104412,505,3188,3764,78084,3838,71377,4277,149461,California
San Joaquin,2021-03-19,7953,226228,4664,115339,2745,107157,544,3732,4813,80372,3116,74493,5404,154865,California
San Joaquin,2021-03-20,3688,229916,2128,117467,1317,108474,243,3975,1832,80621,1838,76331,2087,156952,California
San Joaquin,2021-03-21,2122,232038,1506,118973,409,108883,207,4182,1186,81135,923,77254,1437,158389,California
San Joaquin,2021-03-22,3985,236023,2044,121017,1525,110408,416,4598,2350,82289,1618,78872,2772,161161,California
San Joaquin,2021-03-23,5390,241413,2645,123662,2577,112985,168,4766,3713,84521,1656,80528,3888,165049,California
San Joaquin,2021-03-24,6848,248261,4250,127912,2512,115497,86,4852,3021,83847,3789,84317,3115,168164,California
San Joaquin,2021-03-25,5575,253836,3312,131224,2219,117716,44,4896,3299,84944,2253,86570,3350,171514,California
San Joaquin,2021-03-26,6192,260028,2563,133787,3478,121194,151,5047,3239,85426,2926,89496,3408,174922,California
San Joaquin,2021-03-27,4672,264700,2624,136411,1975,123169,73,5120,1807,84475,2842,92338,1891,176813,California
San Joaquin,2021-03-28,2733,267433,1811,138222,897,124066,25,5145,1295,84458,1418,93756,1401,178214,California
San Joaquin,2021-03-29,4046,271479,2186,140408,1838,125904,22,5167,2021,84507,2009,95765,2058,180272,California
San Joaquin,2021-03-30,6234,277713,3176,143584,2965,128869,93,5260,3435,85285,2769,98534,3547,183819,California
San Joaquin,2021-03-31,6604,284317,4156,147740,2388,131257,60,5320,3342,85467,3244,101778,3426,187245,California
San Joaquin,2021-04-01,6429,290746,2986,150726,3354,134611,89,5409,2840,84889,3565,105343,2987,190232,California
San Joaquin,2021-04-02,6347,297093,2883,153609,2971,137582,493,5902,2533,84157,3789,109132,3057,193289,California
San Joaquin,2021-04-03,4147,301240,2339,155948,1483,139065,325,6227,2002,84367,2129,111261,2339,195628,California
San Joaquin,2021-04-04,2290,303530,1366,157314,718,139783,206,6433,1551,85411,730,111991,1774,197402,California
San Joaquin,2021-04-05,4783,308313,2835,160149,1711,141494,237,6670,2638,86162,2134,114125,2885,200287,California
San Joaquin,2021-04-06,7067,315380,4544,164693,2251,143745,272,6942,3342,86096,3696,117821,3630,203917,California
San Joaquin,2021-04-07,8336,323716,4532,169225,2217,145962,1587,8529,3501,86379,4818,122639,5101,209018,California
San Joaquin,2021-04-08,8775,332491,4702,173927,1939,147901,2134,10663,3311,86388,5436,128075,5445,214463,California
San Joaquin,2021-04-09,8892,341383,4285,178212,3040,150941,1567,12230,3219,85543,5650,133725,4805,219268,California
San Joaquin,2021-04-10,5226,346609,1632,179844,1685,152626,1909,14139,1764,85764,3450,137175,3671,222939,California
San Joaquin,2021-04-11,4087,350696,1558,181402,1363,153989,1166,15305,1773,86394,2304,139479,2934,225873,California
San Joaquin,2021-04-12,5999,356695,2388,183790,2063,156052,1548,16853,2339,86649,3639,143118,3894,229767,California
San Joaquin,2021-04-13,7476,364171,4299,188089,3170,159222,7,16860,4582,88376,2871,145989,4598,234365,California
San Joaquin,2021-04-14,7556,371727,3812,191901,3743,162965,1,16861,4546,89942,2992,148981,4558,238923,California
San Joaquin,2021-04-15,7831,379558,4622,196523,3209,166174,0,16861,4378,90909,3420,152401,4387,243310,California
San Joaquin,2021-04-16,7645,387203,4083,200606,3559,169733,3,16864,4578,92462,3039,155440,4592,247902,California
San Joaquin,2021-04-17,5165,392368,2793,203399,2373,172106,2,16866,3680,94657,1505,156945,3700,251602,California
San Joaquin,2021-04-18,2479,394847,1378,204777,1101,173207,0,16866,1318,94836,1147,158092,1326,252928,California
San Joaquin,2021-04-19,5193,400040,2805,207582,2388,175595,0,16866,2769,95217,2398,160490,2779,255707,California
San Joaquin,2021-04-20,6240,406280,3292,210874,2948,178543,0,16866,2956,94925,3258,163748,2966,258673,California
San Joaquin,2021-04-21,5655,411935,3131,214005,2524,181067,0,16866,2925,95179,2679,166427,2933,261606,California
San Joaquin,2021-04-22,5307,417242,3140,217145,2165,183232,2,16868,3068,96054,2212,168639,3087,264693,California
San Joaquin,2021-04-23,5932,423174,2840,219985,3091,186323,1,16869,3754,97658,2157,170796,3761,268454,California
San Joaquin,2021-04-24,5251,428425,3620,223605,1630,187953,1,16870,3419,99280,1805,172601,3427,271881,California
San Joaquin,2021-04-25,3063,431488,2578,226183,485,188438,0,16870,2031,100306,1012,173613,2038,273919,California
San Joaquin,2021-04-26,4039,435527,2647,228830,1388,189826,4,16874,2152,100593,1875,175488,2162,276081,California
San Joaquin,2021-04-27,4585,440112,2650,231480,1879,191705,56,16930,1955,100003,2608,178096,2018,278099,California
San Joaquin,2021-04-28,5574,445686,3353,234833,2141,193846,80,17010,2762,100072,2784,180880,2853,280952,California
San Joaquin,2021-04-29,4910,450596,2875,237708,1978,195824,57,17067,2516,100285,2372,183252,2585,283537,California
San Joaquin,2021-04-30,4973,455569,2428,240136,2478,198302,67,17134,2579,100564,2378,185630,2657,286194,California
San Joaquin,2021-05-01,3346,458915,1914,242050,1373,199675,59,17193,2133,101565,1205,186835,2206,288400,California
San Joaquin,2021-05-02,2301,461216,1601,243651,644,200319,56,17249,1173,101671,1124,187959,1230,289630,California
San Joaquin,2021-05-03,3324,464540,2254,245905,996,201315,74,17323,1404,101252,1904,189863,1485,291115,California
San Joaquin,2021-05-04,4846,469386,3299,249204,1391,202706,156,17479,1784,100162,3041,192904,1951,293066,California
San Joaquin,2021-05-05,5009,474395,3452,252656,1394,204100,163,17642,2197,99746,2784,195688,2368,295434,California
San Joaquin,2021-05-06,4658,479053,3120,255776,1408,205508,130,17772,2034,99313,2608,198296,2175,297609,California
San Joaquin,2021-05-07,5082,484135,2946,258722,1984,207492,152,17924,1884,98182,3176,201472,2045,299654,California
San Joaquin,2021-05-08,3273,487408,2106,260828,1066,208558,101,18025,1210,97454,2048,203520,1320,300974,California
San Joaquin,2021-05-09,1486,488894,849,261677,567,209125,70,18095,595,97237,888,204408,671,301645,California
San Joaquin,2021-05-10,2814,491708,1477,263154,1212,210337,125,18220,931,96431,1867,206275,1061,302706,California
San Joaquin,2021-05-11,4096,495804,2166,265320,1814,212151,116,18336,1311,95118,2770,209045,1457,304163,California
San Joaquin,2021-05-12,4223,500027,1953,267273,2151,214302,119,18455,1354,93750,2855,211900,1487,305650,California
San Joaquin,2021-05-13,4275,504302,2408,269681,1781,216083,86,18541,1581,92750,2680,214580,1680,307330,California
San Joaquin,2021-05-14,5728,510030,3411,273092,2209,218292,108,18649,2412,91989,3289,217869,2528,309858,California
San Joaquin,2021-05-15,5226,515256,3104,276196,2043,220335,79,18728,1640,90155,3557,221426,1723,311581,California
San Joaquin,2021-05-16,3540,518796,2766,278962,725,221060,49,18777,1430,89544,2098,223524,1487,313068,California
San Joaquin,2021-05-17,4130,522926,2464,281426,1569,222629,97,18874,1793,89121,2322,225846,1899,314967,California
San Joaquin,2021-05-18,3938,526864,2271,283697,1548,224177,119,18993,1878,89083,2044,227890,2006,316973,California
San Joaquin,2021-05-19,4730,531594,2741,286438,1855,226032,134,19127,2083,88694,2616,230506,2227,319200,California
San Joaquin,2021-05-20,3512,535106,2160,288598,1266,227298,86,19213,1590,88465,1905,232411,1676,320876,California
San Joaquin,2021-05-21,4483,539589,2699,291297,1679,228977,105,19318,2128,88379,2327,234738,2241,323117,California
San Joaquin,2021-05-22,3605,543194,2281,293578,1247,230224,77,19395,1636,88143,1955,236693,1719,324836,California
San Joaquin,2021-05-23,2171,545365,1843,295421,294,230518,34,19429,1315,88646,850,237543,1353,326189,California
San Joaquin,2021-05-24,2937,548302,1679,297100,1167,231685,91,19520,1366,88553,1554,239097,1461,327650,California
San Joaquin,2021-05-25,3081,551383,1917,299017,1016,232701,148,19668,1472,88583,1589,240686,1619,329269,California
San Joaquin,2021-05-26,3330,554713,1851,300868,1403,234104,76,19744,1511,88368,1807,242493,1592,330861,California
San Joaquin,2021-05-27,2900,557613,1487,302355,1333,235437,80,19824,1134,87833,1752,244245,1217,332078,California
San Joaquin,2021-05-28,3027,560640,1594,303949,1345,236782,88,19912,1405,87737,1600,245845,1504,333582,California
San Joaquin,2021-05-29,2127,562767,1173,305122,918,237700,36,19948,957,87570,1166,247011,999,334581,California
San Joaquin,2021-05-30,972,563739,519,305641,427,238127,26,19974,410,87452,557,247568,439,335020,California
San Joaquin,2021-05-31,618,564357,258,305899,353,238480,7,19981,237,87320,377,247945,245,335265,California
San Joaquin,2021-06-01,2415,566772,1467,307366,854,239334,94,20075,1179,87373,1227,249172,1280,336545,California
San Joaquin,2021-06-02,2659,569431,1557,308923,1047,240381,55,20130,1183,87152,1462,250634,1241,337786,California
San Joaquin,2021-06-03,2799,572230,1735,310658,1011,241392,53,20183,1178,86778,1609,252243,1235,339021,California
San Joaquin,2021-06-04,3041,575271,1893,312551,1053,242445,95,20278,1064,85984,1953,254196,1159,340180,California
San Joaquin,2021-06-05,2264,577535,1729,314280,488,242933,47,20325,1035,85932,1141,255337,1089,341269,California
San Joaquin,2021-06-06,1036,578571,831,315111,176,243109,29,20354,413,85769,606,255943,443,341712,California
San Joaquin,2021-06-07,2727,581298,2029,317140,662,243771,36,20390,936,84967,1784,257727,982,342694,California
San Joaquin,2021-06-08,1265,582563,1050,318190,195,243966,20,20410,355,84439,905,258632,377,343071,California
San Luis Obispo,2020-12-16,4,4,4,4,0,0,0,0,4,4,0,0,4,4,California
San Luis Obispo,2020-12-17,196,200,196,200,0,0,0,0,196,200,0,0,196,200,California
San Luis Obispo,2020-12-18,224,424,224,424,0,0,0,0,224,424,0,0,224,424,California
San Luis Obispo,2020-12-19,164,588,164,588,0,0,0,0,164,588,0,0,164,588,California
San Luis Obispo,2020-12-20,215,803,215,803,0,0,0,0,215,803,0,0,215,803,California
San Luis Obispo,2020-12-21,550,1353,549,1352,1,1,0,0,550,1353,0,0,550,1353,California
San Luis Obispo,2020-12-22,311,1664,307,1659,4,5,0,0,311,1664,0,0,311,1664,California
San Luis Obispo,2020-12-23,682,2346,368,2027,314,319,0,0,682,2346,0,0,682,2346,California
San Luis Obispo,2020-12-24,194,2540,19,2046,175,494,0,0,194,2540,0,0,194,2540,California
San Luis Obispo,2020-12-25,2,2542,1,2047,1,495,0,0,2,2542,0,0,2,2542,California
San Luis Obispo,2020-12-26,90,2632,13,2060,77,572,0,0,90,2632,0,0,90,2632,California
San Luis Obispo,2020-12-27,76,2708,0,2060,76,648,0,0,76,2708,0,0,76,2708,California
San Luis Obispo,2020-12-28,879,3587,429,2489,450,1098,0,0,879,3587,0,0,879,3587,California
San Luis Obispo,2020-12-29,903,4490,503,2992,400,1498,0,0,903,4490,0,0,903,4490,California
San Luis Obispo,2020-12-30,1171,5661,679,3671,492,1990,0,0,1171,5661,0,0,1171,5661,California
San Luis Obispo,2020-12-31,107,5768,4,3675,103,2093,0,0,107,5768,0,0,107,5768,California
San Luis Obispo,2021-01-01,14,5782,9,3684,5,2098,0,0,14,5782,0,0,14,5782,California
San Luis Obispo,2021-01-02,34,5816,8,3692,26,2124,0,0,34,5816,0,0,34,5816,California
San Luis Obispo,2021-01-03,17,5833,6,3698,11,2135,0,0,17,5833,0,0,17,5833,California
San Luis Obispo,2021-01-04,681,6514,524,4222,157,2292,0,0,681,6514,0,0,681,6514,California
San Luis Obispo,2021-01-05,974,7488,753,4975,221,2513,0,0,972,7484,2,2,972,7486,California
San Luis Obispo,2021-01-06,725,8213,479,5454,246,2759,0,0,717,8194,7,9,717,8203,California
San Luis Obispo,2021-01-07,1127,9340,949,6403,178,2937,0,0,684,8435,443,452,684,8887,California
San Luis Obispo,2021-01-08,880,10220,802,7205,78,3015,0,0,511,8578,368,820,511,9398,California
San Luis Obispo,2021-01-09,206,10426,196,7401,10,3025,0,0,28,8428,178,998,28,9426,California
San Luis Obispo,2021-01-10,12,10438,8,7409,4,3029,0,0,8,8432,4,1002,8,9434,California
San Luis Obispo,2021-01-11,560,10998,509,7918,51,3080,0,0,298,8469,261,1263,298,9732,California
San Luis Obispo,2021-01-12,598,11596,382,8300,216,3296,0,0,318,8507,280,1543,318,10050,California
San Luis Obispo,2021-01-13,890,12486,260,8560,630,3926,0,0,651,8921,237,1780,651,10701,California
San Luis Obispo,2021-01-14,725,13211,238,8798,487,4413,0,0,603,9411,113,1893,603,11304,California
San Luis Obispo,2021-01-15,734,13945,292,9090,442,4855,0,0,555,9792,174,2067,555,11859,California
San Luis Obispo,2021-01-16,100,14045,81,9171,19,4874,0,0,94,9880,6,2073,94,11953,California
San Luis Obispo,2021-01-17,65,14110,58,9229,7,4881,0,0,65,9945,0,2073,65,12018,California
San Luis Obispo,2021-01-18,1371,15481,388,9617,983,5864,0,0,1108,10790,263,2336,1108,13126,California
San Luis Obispo,2021-01-19,1578,17059,415,10032,1163,7027,0,0,1171,11555,407,2743,1172,14298,California
San Luis Obispo,2021-01-20,1887,18946,598,10630,1289,8316,0,0,1296,12263,589,3332,1297,15595,California
San Luis Obispo,2021-01-21,1577,20523,470,11100,1107,9423,0,0,1205,13101,368,3700,1206,16801,California
San Luis Obispo,2021-01-22,1521,22044,506,11606,1015,10438,0,0,1206,13994,313,4013,1206,18007,California
San Luis Obispo,2021-01-23,314,22358,295,11901,19,10457,0,0,298,14276,16,4029,298,18305,California
San Luis Obispo,2021-01-24,248,22606,240,12141,8,10465,0,0,242,14512,6,4035,242,18547,California
San Luis Obispo,2021-01-25,2079,24685,603,12744,1476,11941,0,0,1249,14932,830,4865,1250,19797,California
San Luis Obispo,2021-01-26,2001,26686,698,13442,1303,13244,0,0,1140,15211,861,5726,1140,20937,California
San Luis Obispo,2021-01-27,1613,28299,287,13729,1326,14570,0,0,1156,15910,457,6183,1156,22093,California
San Luis Obispo,2021-01-28,1499,29798,344,14073,1155,15725,0,0,1236,16885,261,6444,1236,23329,California
San Luis Obispo,2021-01-29,1740,31538,682,14755,1058,16783,0,0,1454,18053,286,6730,1454,24783,California
San Luis Obispo,2021-01-30,36,31574,18,14773,18,16801,0,0,25,18068,10,6740,25,24808,California
San Luis Obispo,2021-01-31,27,31601,19,14792,8,16809,0,0,25,18091,2,6742,25,24833,California
San Luis Obispo,2021-02-01,1710,33311,742,15534,968,17777,0,0,1406,19194,303,7045,1406,26239,California
San Luis Obispo,2021-02-02,1899,35210,679,16213,1220,18997,0,0,1522,20340,377,7422,1523,27762,California
San Luis Obispo,2021-02-03,1713,36923,730,16943,983,19980,0,0,1297,21221,416,7838,1297,29059,California
San Luis Obispo,2021-02-04,1661,38584,803,17746,858,20838,0,0,1094,21748,567,8405,1094,30153,California
San Luis Obispo,2021-02-05,1605,40189,715,18461,890,21728,0,0,1060,22263,546,8951,1061,31214,California
San Luis Obispo,2021-02-06,174,40363,107,18568,67,21795,0,0,94,22277,80,9031,94,31308,California
San Luis Obispo,2021-02-07,125,40488,80,18648,45,21840,0,0,72,22297,53,9084,73,31381,California
San Luis Obispo,2021-02-08,863,41351,473,19121,390,22230,0,0,503,22441,359,9443,503,31884,California
San Luis Obispo,2021-02-09,1127,42478,449,19570,678,22908,0,0,544,22415,577,10020,551,32435,California
San Luis Obispo,2021-02-10,1445,43923,492,20062,953,23861,0,0,528,22032,914,10934,531,32966,California
San Luis Obispo,2021-02-11,1330,45253,844,20906,486,24347,0,0,656,22016,672,11606,656,33622,California
San Luis Obispo,2021-02-12,788,46041,363,21269,425,24772,0,0,422,22072,366,11972,422,34044,California
San Luis Obispo,2021-02-13,391,46432,127,21396,264,25036,0,0,283,22248,107,12079,283,34327,California
San Luis Obispo,2021-02-14,318,46750,41,21437,277,25313,0,0,282,22495,36,12115,283,34610,California
San Luis Obispo,2021-02-15,729,47479,138,21575,591,25904,0,0,474,22715,254,12369,474,35084,California
San Luis Obispo,2021-02-16,2965,50444,1197,22772,1768,27672,0,0,1358,22466,1607,13976,1358,36442,California
San Luis Obispo,2021-02-17,2780,53224,1244,24016,1536,29208,0,0,1029,21751,1744,15720,1029,37471,California
San Luis Obispo,2021-02-18,2827,56051,1461,25477,1366,30574,0,0,1135,21203,1684,17404,1136,38607,California
San Luis Obispo,2021-02-19,1463,57514,1342,26819,121,30695,0,0,1136,22014,325,17729,1136,39743,California
San Luis Obispo,2021-02-20,254,57768,80,26899,174,30869,0,0,215,22190,39,17768,215,39958,California
San Luis Obispo,2021-02-21,57,57825,53,26952,4,30873,0,0,32,22197,25,17793,32,39990,California
San Luis Obispo,2021-02-22,2417,60242,1868,28820,549,31422,0,0,1467,22715,950,18743,1468,41458,California
San Luis Obispo,2021-02-23,1863,62105,1748,30568,115,31537,0,0,1367,23588,495,19238,1368,42826,California
San Luis Obispo,2021-02-24,2643,64748,1299,31867,1344,32881,0,0,836,22620,1804,21042,836,43662,California
San Luis Obispo,2021-02-25,2136,66884,1244,33111,892,33773,0,0,1207,22905,923,21965,1208,44870,California
San Luis Obispo,2021-02-26,2650,69534,1150,34261,1500,35273,0,0,1327,22918,1314,23279,1327,46197,California
San Luis Obispo,2021-02-27,576,70110,350,34611,226,35499,0,0,527,23396,49,23328,527,46724,California
San Luis Obispo,2021-02-28,196,70306,69,34680,127,35626,0,0,161,23523,34,23362,161,46885,California
San Luis Obispo,2021-03-01,3007,73313,1882,36562,1123,36749,2,2,2076,24670,932,24294,2079,48964,California
San Luis Obispo,2021-03-02,3029,76342,1910,38472,1119,37868,0,2,1875,25397,1149,25443,1876,50840,California
San Luis Obispo,2021-03-03,2346,78688,338,38810,2008,39876,0,2,849,24756,1491,26934,850,51690,California
San Luis Obispo,2021-03-04,2199,80887,1161,39971,1038,40914,0,2,1183,24928,1013,27947,1185,52875,California
San Luis Obispo,2021-03-05,2302,83189,1022,40993,1210,42124,70,72,1298,25306,990,28937,1368,54243,California
San Luis Obispo,2021-03-06,842,84031,311,41304,423,42547,108,180,621,25808,221,29158,723,54966,California
San Luis Obispo,2021-03-07,201,84232,32,41336,85,42632,84,264,73,25838,127,29285,157,55123,California
San Luis Obispo,2021-03-08,2742,86974,760,42096,1666,44298,316,580,1545,26507,1192,30477,1861,56984,California
San Luis Obispo,2021-03-09,2952,89926,970,43066,1734,46032,248,828,1526,26859,1422,31899,1774,58758,California
San Luis Obispo,2021-03-10,3198,93124,1239,44305,1675,47707,284,1112,1814,27578,1379,33278,2098,60856,California
San Luis Obispo,2021-03-11,3297,96421,1273,45578,1702,49409,322,1434,1805,28222,1482,34760,2126,62982,California
San Luis Obispo,2021-03-12,3251,99672,1283,46861,1629,51038,339,1773,1616,28551,1629,36389,1958,64940,California
San Luis Obispo,2021-03-13,796,100468,262,47123,426,51464,108,1881,431,28725,364,36753,538,65478,California
San Luis Obispo,2021-03-14,513,100981,53,47176,350,51814,110,1991,134,28591,378,37131,244,65722,California
San Luis Obispo,2021-03-15,3059,104040,1098,48274,1863,53677,98,2089,1531,28697,1524,38655,1630,67352,California
San Luis Obispo,2021-03-16,2852,106892,1511,49785,1231,54908,110,2199,1436,28833,1409,40064,1545,68897,California
San Luis Obispo,2021-03-17,3436,110328,1449,51234,1726,56634,261,2460,1990,29649,1434,41498,2250,71147,California
San Luis Obispo,2021-03-18,2812,113140,1447,52681,1151,57785,214,2674,1339,29733,1468,42966,1552,72699,California
San Luis Obispo,2021-03-19,2595,115735,1568,54249,705,58490,322,2996,959,29388,1628,44594,1283,73982,California
San Luis Obispo,2021-03-20,841,116576,501,54750,303,58793,37,3033,387,29359,453,45047,424,74406,California
San Luis Obispo,2021-03-21,188,116764,45,54795,140,58933,3,3036,158,29491,29,45076,161,74567,California
San Luis Obispo,2021-03-22,2699,119463,1173,55968,1478,60411,48,3084,1865,30574,830,45906,1913,76480,California
San Luis Obispo,2021-03-23,3385,122848,2211,58179,1143,61554,31,3115,2268,31761,1112,47018,2299,78779,California
San Luis Obispo,2021-03-24,3530,126378,2148,60327,1297,62851,85,3200,2625,33572,898,47916,2709,81488,California
San Luis Obispo,2021-03-25,3692,130070,2305,62632,1375,64226,12,3212,2641,35177,1047,48963,2652,84140,California
San Luis Obispo,2021-03-26,3247,133317,1795,64427,1019,65245,433,3645,1817,36002,1425,50388,2250,86390,California
San Luis Obispo,2021-03-27,994,134311,508,64935,395,65640,91,3736,452,36005,540,50928,543,86933,California
San Luis Obispo,2021-03-28,446,134757,152,65087,238,65878,56,3792,245,36106,200,51128,301,87234,California
San Luis Obispo,2021-03-29,2618,137375,1316,66403,1168,67046,134,3926,1674,36984,930,52058,1808,89042,California
San Luis Obispo,2021-03-30,3528,140903,1936,68339,1450,68496,142,4068,2350,38303,1171,53229,2490,91532,California
San Luis Obispo,2021-03-31,3890,144793,2477,70816,1267,69763,146,4214,2511,39591,1368,54597,2656,94188,California
San Luis Obispo,2021-04-01,3892,148685,2463,73279,1310,71073,119,4333,2720,41270,1158,55755,2837,97025,California
San Luis Obispo,2021-04-02,1752,150437,689,73968,750,71823,313,4646,951,41733,799,56554,1262,98287,California
San Luis Obispo,2021-04-03,1113,151550,558,74526,428,72251,127,4773,494,41739,615,57169,621,98908,California
San Luis Obispo,2021-04-04,387,151937,133,74659,214,72465,40,4813,238,41868,149,57318,278,99186,California
San Luis Obispo,2021-04-05,3614,155551,1943,76602,1560,74025,111,4924,2018,42403,1592,58910,2127,101313,California
San Luis Obispo,2021-04-06,4059,159610,2163,78765,1572,75597,324,5248,1942,42559,2109,61019,2265,103578,California
San Luis Obispo,2021-04-07,4310,163920,2345,81110,1599,77196,366,5614,2460,43550,1835,62854,2826,106404,California
San Luis Obispo,2021-04-08,4060,167980,2212,83322,1442,78638,406,6020,2163,44230,1889,64743,2569,108973,California
San Luis Obispo,2021-04-09,3686,171666,1753,85075,1171,79809,762,6782,1509,44332,2166,66909,2268,111241,California
San Luis Obispo,2021-04-10,1591,173257,565,85640,357,80166,669,7451,495,44399,1096,68005,1163,112404,California
San Luis Obispo,2021-04-11,314,173571,62,85702,187,80353,65,7516,125,44402,187,68192,190,112594,California
San Luis Obispo,2021-04-12,3410,176981,1715,87417,1533,81886,162,7678,1421,44001,1989,70181,1588,114182,California
San Luis Obispo,2021-04-13,3660,180641,2114,89531,1545,83431,1,7679,1973,44292,1684,71865,1975,116157,California
San Luis Obispo,2021-04-14,3553,184194,2015,91546,1533,84964,5,7684,1777,44310,1761,73626,1779,117936,California
San Luis Obispo,2021-04-15,3679,187873,2396,93942,1282,86246,1,7685,1979,44609,1682,75308,1981,119917,California
San Luis Obispo,2021-04-16,3639,191512,2220,96162,1415,87661,4,7689,1781,44542,1851,77159,1784,121701,California
San Luis Obispo,2021-04-17,1095,192607,433,96595,660,88321,2,7691,709,44868,385,77544,711,122412,California
San Luis Obispo,2021-04-18,320,192927,98,96693,221,88542,1,7692,110,44771,207,77751,110,122522,California
San Luis Obispo,2021-04-19,3191,196118,1347,98040,1806,90348,38,7730,1102,43827,2085,79836,1141,123663,California
San Luis Obispo,2021-04-20,3618,199736,2012,100052,1606,91954,0,7730,1330,42879,2278,82114,1330,124993,California
San Luis Obispo,2021-04-21,3926,203662,1810,101862,2116,94070,0,7730,1586,42145,2320,84434,1586,126579,California
San Luis Obispo,2021-04-22,4594,208256,2065,103927,2529,96599,0,7730,1419,40408,3158,87592,1421,128000,California
San Luis Obispo,2021-04-23,1462,209718,845,104772,613,97212,4,7734,704,40370,753,88345,715,128715,California
San Luis Obispo,2021-04-24,1083,210801,440,105212,624,97836,19,7753,508,40315,582,88927,527,129242,California
San Luis Obispo,2021-04-25,346,211147,162,105374,184,98020,0,7753,111,40193,233,89160,111,129353,California
San Luis Obispo,2021-04-26,1068,212215,392,105766,659,98679,17,7770,389,39931,667,89827,405,129758,California
San Luis Obispo,2021-04-27,3856,216071,1965,107731,1816,100495,75,7845,1514,39185,2334,92161,1588,131346,California
San Luis Obispo,2021-04-28,3803,219874,2101,109832,1631,102126,71,7916,1350,38166,2440,94601,1421,132767,California
San Luis Obispo,2021-04-29,3702,223576,2117,111949,1516,103642,69,7985,1240,37029,2447,97048,1310,134077,California
San Luis Obispo,2021-04-30,2977,226553,1665,113614,1238,104880,74,8059,926,35994,2033,99081,998,135075,California
San Luis Obispo,2021-05-01,468,227021,158,113772,274,105154,36,8095,97,35759,367,99448,132,135207,California
San Luis Obispo,2021-05-02,171,227192,52,113824,99,105253,20,8115,42,35692,129,99577,62,135269,California
San Luis Obispo,2021-05-03,893,228085,288,114112,495,105748,110,8225,224,35357,667,100244,332,135601,California
San Luis Obispo,2021-05-04,2941,231026,1903,116015,966,106714,72,8297,868,34229,2066,102310,938,136539,California
San Luis Obispo,2021-05-05,2804,233830,1851,117866,887,107601,66,8363,685,32874,2107,104417,752,137291,California
San Luis Obispo,2021-05-06,2818,236648,1894,119760,860,108461,64,8427,732,31601,2069,106486,796,138087,California
San Luis Obispo,2021-05-07,2329,238977,1761,121521,501,108962,67,8494,607,30576,1700,108186,675,138762,California
San Luis Obispo,2021-05-08,567,239544,333,121854,210,109172,24,8518,191,30433,358,108544,215,138977,California
San Luis Obispo,2021-05-09,163,239707,40,121894,104,109276,19,8537,46,30382,116,108660,65,139042,California
San Luis Obispo,2021-05-10,726,240433,154,122048,521,109797,51,8588,154,30019,567,109227,204,139246,California
San Luis Obispo,2021-05-11,1173,241606,593,122641,505,110302,75,8663,357,29640,811,110038,432,139678,California
San Luis Obispo,2021-05-12,2408,244014,1595,124236,730,111032,83,8746,662,28654,1731,111769,745,140423,California
San Luis Obispo,2021-05-13,1046,245060,656,124892,331,111363,59,8805,448,28566,594,112363,506,140929,California
San Luis Obispo,2021-05-14,2219,247279,1625,126517,542,111905,52,8857,914,28244,1287,113650,965,141894,California
San Luis Obispo,2021-05-15,991,248270,458,126975,499,112404,34,8891,468,28226,521,114171,503,142397,California
San Luis Obispo,2021-05-16,302,248572,162,127137,134,112538,6,8897,171,28273,130,114301,177,142574,California
San Luis Obispo,2021-05-17,1663,250235,966,128103,645,113183,52,8949,660,27991,994,115295,712,143286,California
San Luis Obispo,2021-05-18,1885,252120,1149,129252,704,113887,32,8981,718,27581,1161,116456,751,144037,California
San Luis Obispo,2021-05-19,1450,253570,624,129876,764,114651,62,9043,411,27021,1033,117489,473,144510,California
San Luis Obispo,2021-05-20,969,254539,441,130317,498,115149,30,9073,273,26639,685,118174,303,144813,California
San Luis Obispo,2021-05-21,934,255473,516,130833,380,115529,38,9111,438,26627,488,118662,476,145289,California
San Luis Obispo,2021-05-22,550,256023,292,131125,235,115764,23,9134,293,26692,251,118913,316,145605,California
San Luis Obispo,2021-05-23,72,256095,38,131163,28,115792,6,9140,29,26684,43,118956,35,145640,California
San Luis Obispo,2021-05-24,565,256660,266,131429,265,116057,34,9174,205,26565,358,119314,239,145879,California
San Luis Obispo,2021-05-25,873,257533,432,131861,414,116471,27,9201,355,26437,510,119824,382,146261,California
San Luis Obispo,2021-05-26,2139,259672,987,132848,1097,117568,55,9256,671,25700,1462,121286,725,146986,California
San Luis Obispo,2021-05-27,1872,261544,660,133508,1179,118747,33,9289,482,24829,1385,122671,514,147500,California
San Luis Obispo,2021-05-28,882,262426,451,133959,410,119157,21,9310,465,24899,416,123087,486,147986,California
San Luis Obispo,2021-05-29,374,262800,150,134109,213,119370,11,9321,211,24960,162,123249,223,148209,California
San Luis Obispo,2021-05-30,89,262889,36,134145,45,119415,8,9329,34,24947,54,123303,41,148250,California
San Luis Obispo,2021-05-31,43,262932,5,134150,24,119439,14,9343,16,24951,25,123328,29,148279,California
San Luis Obispo,2021-06-01,752,263684,327,134477,394,119833,31,9374,272,24778,476,123804,303,148582,California
San Luis Obispo,2021-06-02,633,264317,288,134765,306,120139,39,9413,192,24574,435,124239,231,148813,California
San Luis Obispo,2021-06-03,901,265218,443,135208,425,120564,33,9446,255,24219,643,124882,288,149101,California
San Luis Obispo,2021-06-04,2429,267647,1502,136710,887,121451,40,9486,700,23241,1716,126598,738,149839,California
San Luis Obispo,2021-06-05,657,268304,287,136997,347,121798,23,9509,324,23255,333,126931,347,150186,California
San Luis Obispo,2021-06-06,187,268491,140,137137,38,121836,9,9518,48,23173,139,127070,57,150243,California
San Luis Obispo,2021-06-07,537,269028,361,137498,137,121973,39,9557,161,22999,374,127444,200,150443,California
San Luis Obispo,2021-06-08,107,269135,63,137561,35,122008,9,9566,38,22978,68,127512,47,150490,California
San Mateo,2020-12-15,27,27,27,27,0,0,0,0,27,27,0,0,27,27,California
San Mateo,2020-12-16,111,138,111,138,0,0,0,0,111,138,0,0,111,138,California
San Mateo,2020-12-17,171,309,171,309,0,0,0,0,171,309,0,0,171,309,California
San Mateo,2020-12-18,786,1095,784,1093,2,2,0,0,786,1095,0,0,786,1095,California
San Mateo,2020-12-19,511,1606,511,1604,0,2,0,0,511,1606,0,0,511,1606,California
San Mateo,2020-12-20,507,2113,506,2110,1,3,0,0,507,2113,0,0,507,2113,California
San Mateo,2020-12-21,1151,3264,1150,3260,1,4,0,0,1151,3264,0,0,1151,3264,California
San Mateo,2020-12-22,1526,4790,1518,4778,8,12,0,0,1526,4790,0,0,1526,4790,California
San Mateo,2020-12-23,1584,6374,1395,6173,189,201,0,0,1584,6374,0,0,1584,6374,California
San Mateo,2020-12-24,864,7238,612,6785,252,453,0,0,864,7238,0,0,864,7238,California
San Mateo,2020-12-25,115,7353,111,6896,4,457,0,0,115,7353,0,0,115,7353,California
San Mateo,2020-12-26,564,7917,422,7318,142,599,0,0,564,7917,0,0,564,7917,California
San Mateo,2020-12-27,307,8224,176,7494,131,730,0,0,307,8224,0,0,307,8224,California
San Mateo,2020-12-28,1057,9281,710,8204,347,1077,0,0,1057,9281,0,0,1057,9281,California
San Mateo,2020-12-29,1128,10409,706,8910,422,1499,0,0,1128,10409,0,0,1128,10409,California
San Mateo,2020-12-30,1255,11664,757,9667,498,1997,0,0,1255,11664,0,0,1255,11664,California
San Mateo,2020-12-31,710,12374,229,9896,481,2478,0,0,709,12372,1,1,709,12373,California
San Mateo,2021-01-01,99,12473,68,9964,31,2509,0,0,99,12471,0,1,99,12472,California
San Mateo,2021-01-02,395,12868,267,10231,128,2637,0,0,395,12866,0,1,395,12867,California
San Mateo,2021-01-03,285,13153,209,10440,76,2713,0,0,282,13145,3,4,282,13149,California
San Mateo,2021-01-04,1050,14203,678,11118,372,3085,0,0,1049,14193,1,5,1049,14198,California
San Mateo,2021-01-05,1215,15418,716,11834,499,3584,0,0,1183,15345,32,37,1184,15382,California
San Mateo,2021-01-06,1456,16874,958,12792,498,4082,0,0,1263,16419,190,227,1264,16646,California
San Mateo,2021-01-07,1456,18330,814,13606,642,4724,0,0,1149,17269,300,527,1150,17796,California
San Mateo,2021-01-08,1872,20202,1224,14830,648,5372,0,0,1152,17716,714,1241,1161,18957,California
San Mateo,2021-01-09,1167,21369,772,15602,395,5767,0,0,712,17974,455,1696,713,19670,California
San Mateo,2021-01-10,707,22076,579,16181,128,5895,0,0,264,17796,443,2139,265,19935,California
San Mateo,2021-01-11,2602,24678,1498,17679,1104,6999,0,0,1530,18255,1073,3212,1532,21467,California
San Mateo,2021-01-12,3402,28080,1890,19569,1512,8511,0,0,2215,19289,1185,4397,2219,23686,California
San Mateo,2021-01-13,3393,31473,1656,21225,1737,10248,0,0,2356,20616,1037,5434,2364,26050,California
San Mateo,2021-01-14,3789,35262,1593,22818,2196,12444,0,0,3103,23038,686,6120,3108,29158,California
San Mateo,2021-01-15,4326,39588,1709,24527,2617,15061,0,0,3792,26300,532,6652,3794,32952,California
San Mateo,2021-01-16,3073,42661,765,25292,2308,17369,0,0,2749,28727,323,6975,2750,35702,California
San Mateo,2021-01-17,1319,43980,308,25600,1011,18380,0,0,1111,29630,208,7183,1111,36813,California
San Mateo,2021-01-18,1368,45348,538,26138,830,19210,0,0,990,30245,375,7558,990,37803,California
San Mateo,2021-01-19,2795,48143,1792,27930,1003,20213,0,0,1995,31443,797,8355,1995,39798,California
San Mateo,2021-01-20,2796,50939,1543,29473,1253,21466,0,0,1955,32561,838,9193,1956,41754,California
San Mateo,2021-01-21,2851,53790,1297,30770,1554,23020,0,0,2265,34245,584,9777,2268,44022,California
San Mateo,2021-01-22,2810,56600,1142,31912,1668,24688,0,0,2513,36464,295,10072,2514,46536,California
San Mateo,2021-01-23,2879,59479,1680,33592,1199,25887,0,0,2522,38630,357,10429,2523,49059,California
San Mateo,2021-01-24,1515,60994,377,33969,1138,27025,0,0,1204,39525,310,10739,1205,50264,California
San Mateo,2021-01-25,4429,65423,3156,37125,1273,28298,0,0,3529,42161,898,11637,3534,53798,California
San Mateo,2021-01-26,4317,69740,3000,40125,1317,29615,0,0,3388,44622,928,12565,3389,57187,California
San Mateo,2021-01-27,2821,72561,1483,41608,1338,30953,0,0,1818,45445,997,13562,1820,59007,California
San Mateo,2021-01-28,2801,75362,1357,42965,1444,32397,0,0,1946,46553,840,14402,1948,60955,California
San Mateo,2021-01-29,3006,78368,1357,44322,1649,34046,0,0,2165,47882,838,15240,2167,63122,California
San Mateo,2021-01-30,3429,81797,1479,45801,1950,35996,0,0,2973,50401,455,15695,2974,66096,California
San Mateo,2021-01-31,1688,83485,900,46701,788,36784,0,0,1528,51770,159,15854,1528,67624,California
San Mateo,2021-02-01,2943,86428,1361,48062,1582,38366,0,0,2220,53272,719,16573,2221,69845,California
San Mateo,2021-02-02,3221,89649,1738,49800,1483,39849,0,0,2190,54435,1027,17600,2190,72035,California
San Mateo,2021-02-03,5000,94649,2060,51860,2940,42789,0,0,3854,57147,1143,18743,3855,75890,California
San Mateo,2021-02-04,6202,100851,2502,54362,3700,46489,0,0,4921,60796,1276,20019,4925,80815,California
San Mateo,2021-02-05,6788,107639,2550,56912,4238,50727,0,0,4964,63953,1807,21826,4964,85779,California
San Mateo,2021-02-06,3277,110916,1919,58831,1358,52085,0,0,2623,65926,652,22478,2625,88404,California
San Mateo,2021-02-07,1898,112814,1349,60180,549,52634,0,0,1707,67442,191,22669,1707,90111,California
San Mateo,2021-02-08,5305,118119,2275,62455,3030,55664,0,0,3132,68465,2109,24778,3132,93243,California
San Mateo,2021-02-09,6172,124291,3216,65671,2956,58620,0,0,3334,68967,2832,27610,3334,96577,California
San Mateo,2021-02-10,6518,130809,3278,68949,3240,61860,0,0,3430,69320,3077,30687,3430,100007,California
San Mateo,2021-02-11,7048,137857,3574,72523,3474,65334,0,0,3789,69861,3250,33937,3791,103798,California
San Mateo,2021-02-12,6640,144497,2987,75510,3653,68987,0,0,4701,72629,1935,35872,4703,108501,California
San Mateo,2021-02-13,6122,150619,4030,79540,2092,71079,0,0,2646,71804,3471,39343,2646,111147,California
San Mateo,2021-02-14,4631,155250,3022,82562,1609,72688,0,0,1970,71121,2654,41997,1971,113118,California
San Mateo,2021-02-15,3155,158405,1452,84014,1703,74391,0,0,1779,71531,1370,43367,1780,114898,California
San Mateo,2021-02-16,7150,165555,1882,85896,5268,79659,0,0,5274,74933,1874,45241,5276,120174,California
San Mateo,2021-02-17,7066,172621,1943,87839,5123,84782,0,0,5042,77957,2020,47261,5044,125218,California
San Mateo,2021-02-18,6662,179283,4599,92438,2063,86845,0,0,4431,80164,2227,49488,4434,129652,California
San Mateo,2021-02-19,7827,187110,5613,98051,2214,89059,0,0,5796,83936,2024,51512,5796,135448,California
San Mateo,2021-02-20,3777,190887,2434,100485,1343,90402,0,0,2334,84834,1436,52948,2334,137782,California
San Mateo,2021-02-21,2641,193528,1793,102278,848,91250,0,0,1578,85356,1056,54004,1578,139360,California
San Mateo,2021-02-22,4472,198000,3245,105523,1227,92477,0,0,2824,86539,1642,55646,2825,142185,California
San Mateo,2021-02-23,4385,202385,3144,108667,1241,93718,0,0,2560,87282,1817,57463,2560,144745,California
San Mateo,2021-02-24,7364,209749,3312,111979,4052,97770,0,0,4889,89706,2466,59929,4890,149635,California
San Mateo,2021-02-25,9291,219040,4133,116112,5158,102928,0,0,6121,92675,3153,63082,6122,155757,California
San Mateo,2021-02-26,10036,229076,3871,119983,6165,109093,0,0,6955,96568,3066,66148,6959,162716,California
San Mateo,2021-02-27,6934,236010,3572,123555,3361,112454,1,1,3736,97119,3191,69339,3742,166458,California
San Mateo,2021-02-28,4451,240461,2754,126309,1697,114151,0,1,2673,98021,1772,71111,2674,169132,California
San Mateo,2021-03-01,6015,246476,3794,130103,2219,116370,2,3,2973,97968,3028,74139,2975,172107,California
San Mateo,2021-03-02,6251,252727,4442,134545,1808,118178,1,4,3592,98911,2651,76790,3594,175701,California
San Mateo,2021-03-03,8438,261165,3964,138509,4472,122650,2,6,3634,97755,4792,81582,3636,179337,California
San Mateo,2021-03-04,8521,269686,4002,142511,4516,127166,3,9,3840,96939,4661,86243,3845,183182,California
San Mateo,2021-03-05,9351,279037,6234,148745,3113,130279,4,13,6551,100717,2780,89023,6558,189740,California
San Mateo,2021-03-06,7976,287013,5561,154306,2240,132519,175,188,5847,104620,2118,91141,6021,195761,California
San Mateo,2021-03-07,3595,290608,2447,156753,1077,133596,71,259,2123,105346,1468,92609,2194,197955,California
San Mateo,2021-03-08,4530,295138,2570,159323,1743,135339,217,476,3310,107658,1213,93822,3525,201480,California
San Mateo,2021-03-09,5356,300494,2859,162182,2222,137561,275,751,3763,110112,1581,95403,4035,205515,California
San Mateo,2021-03-10,7203,307697,2900,165082,4018,141579,285,1036,4813,112831,2377,97780,5096,210611,California
San Mateo,2021-03-11,9120,316817,5737,170819,2990,144569,393,1429,3709,111551,5380,103160,4100,214711,California
San Mateo,2021-03-12,10603,327420,6695,177514,3524,148093,384,1813,3591,108532,6994,110154,3975,218686,California
San Mateo,2021-03-13,8226,335646,3511,181025,3087,151180,1628,3441,3988,109915,4224,114378,5607,224293,California
San Mateo,2021-03-14,5003,340649,3383,184408,1513,152693,107,3548,2649,110324,2346,116724,2755,227048,California
San Mateo,2021-03-15,7195,347844,4652,189060,2367,155060,176,3724,3766,110844,3423,120147,3943,230991,California
San Mateo,2021-03-16,11975,359819,4402,193462,7450,162510,123,3847,4805,108622,7152,127299,4930,235921,California
San Mateo,2021-03-17,10848,370667,4413,197875,6310,168820,125,3972,4874,107679,5945,133244,5002,240923,California
San Mateo,2021-03-18,7291,377958,4094,201969,3013,171833,184,4156,4309,109197,2974,136218,4492,245415,California
San Mateo,2021-03-19,7471,385429,4833,206802,1965,173798,673,4829,3562,109533,3899,140117,4235,249650,California
San Mateo,2021-03-20,8435,393864,6546,213348,1552,175350,337,5166,5385,112220,3034,143151,5721,255371,California
San Mateo,2021-03-21,4250,398114,3222,216570,795,176145,233,5399,2278,112767,1961,145112,2508,257879,California
San Mateo,2021-03-22,5276,403390,3591,220161,1259,177404,426,5825,2752,113435,2509,147621,3177,261056,California
San Mateo,2021-03-23,9813,413203,4487,224648,5131,182535,195,6020,4380,112609,5401,153022,4575,265631,California
San Mateo,2021-03-24,9508,422711,5490,230138,3871,186406,147,6167,4047,111410,5390,158412,4191,269822,California
San Mateo,2021-03-25,10136,432847,4965,235103,4881,191287,290,6457,4400,110472,5631,164043,4693,274515,California
San Mateo,2021-03-26,11279,444126,7769,242872,3342,194629,168,6625,4296,107995,6943,170986,4466,278981,California
San Mateo,2021-03-27,10597,454723,8125,250997,2370,196999,102,6727,4688,106894,5890,176876,4789,283770,California
San Mateo,2021-03-28,4296,459019,2791,253788,1393,198392,112,6839,2005,106732,2281,179157,2119,285889,California
San Mateo,2021-03-29,6058,465077,3772,257560,2032,200424,254,7093,2691,106330,3347,182504,2945,288834,California
San Mateo,2021-03-30,7152,472229,4082,261642,2917,203341,153,7246,3836,107020,3299,185803,3989,292823,California
San Mateo,2021-03-31,7280,479509,4605,266247,2533,205874,142,7388,3843,107587,3418,189221,3985,296808,California
San Mateo,2021-04-01,10611,490120,5244,271491,4154,210028,1213,8601,5691,109614,4873,194094,6900,303708,California
San Mateo,2021-04-02,10882,501002,5202,276693,4050,214078,1630,10231,5677,111735,5183,199277,7304,311012,California
San Mateo,2021-04-03,10007,511009,5744,282437,2466,216544,1797,12028,5085,113704,4913,204190,6882,317894,California
San Mateo,2021-04-04,5448,516457,2625,285062,1567,218111,1256,13284,1698,112921,3735,207925,2952,320846,California
San Mateo,2021-04-05,8965,525422,4778,289840,2452,220563,1735,15019,3827,113358,5121,213046,5558,326404,California
San Mateo,2021-04-06,13246,538668,8252,298092,3138,223701,1856,16875,7514,117018,5716,218762,9376,335780,California
San Mateo,2021-04-07,11418,550086,5268,303360,4458,228159,1692,18567,4832,116970,6565,225327,6517,342297,California
San Mateo,2021-04-08,10159,560245,5039,308399,2511,230670,2609,21176,4488,118400,5653,230980,7083,349380,California
San Mateo,2021-04-09,11381,571626,5544,313943,3353,234023,2484,23660,5108,119715,6270,237250,7585,356965,California
San Mateo,2021-04-10,11292,582918,5725,319668,4121,238144,1446,25106,4662,119218,6601,243851,6104,363069,California
San Mateo,2021-04-11,6655,589573,3297,322965,875,239019,2483,27589,2310,119668,4338,248189,4788,367857,California
San Mateo,2021-04-12,7354,596927,4484,327449,1899,240918,971,28560,3560,120423,3773,251962,4528,372385,California
San Mateo,2021-04-13,8233,605160,5125,332574,3097,244015,11,28571,4372,120963,3851,255813,4391,376776,California
San Mateo,2021-04-14,8334,613494,5403,337977,2930,246945,1,28572,4282,121220,4034,259847,4291,381067,California
San Mateo,2021-04-15,11160,624654,7427,345404,3731,250676,2,28574,7311,124712,3824,263671,7316,388383,California
San Mateo,2021-04-16,9960,634614,6866,352270,3078,253754,16,28590,6312,127418,3627,267298,6333,394716,California
San Mateo,2021-04-17,9773,644387,6495,358765,3276,257030,2,28592,6140,129943,3623,270921,6148,400864,California
San Mateo,2021-04-18,5432,649819,2593,361358,2839,259869,0,28592,3659,131848,1760,272681,3665,404529,California
San Mateo,2021-04-19,8352,658171,5434,366792,2918,262787,0,28592,5434,134387,2904,275585,5443,409972,California
San Mateo,2021-04-20,10320,668491,5759,372551,4560,267347,1,28593,6639,137377,3660,279245,6650,416622,California
San Mateo,2021-04-21,9017,677508,6097,378648,2920,270267,0,28593,5576,139536,3423,282668,5582,422204,California
San Mateo,2021-04-22,9583,687091,6405,385053,3177,273444,1,28594,5316,140622,4235,286903,5321,427525,California
San Mateo,2021-04-23,9432,696523,6196,391249,3236,276680,0,28594,5285,141801,4121,291024,5300,432825,California
San Mateo,2021-04-24,11276,707799,8033,399282,3243,279923,0,28594,5822,142200,5431,296455,5830,438655,California
San Mateo,2021-04-25,5538,713337,3858,403140,1678,281601,2,28596,3941,144570,1581,298036,3951,442606,California
San Mateo,2021-04-26,6621,719958,4788,407928,1825,283426,8,28604,3862,145705,2747,300783,3882,446488,California
San Mateo,2021-04-27,11210,731168,7941,415869,3137,286563,132,28736,4548,143757,6632,307415,4684,451172,California
San Mateo,2021-04-28,7873,739041,4498,420367,3170,289733,205,28941,4213,144531,3648,311063,4422,455594,California
San Mateo,2021-04-29,8083,747124,3751,424118,4158,293891,174,29115,3656,143974,4399,315462,3842,459436,California
San Mateo,2021-04-30,8057,755181,5056,429174,2848,296739,153,29268,3414,142936,4619,320081,3581,463017,California
San Mateo,2021-05-01,6159,761340,4131,433305,1910,298649,118,29386,2677,142276,3466,323547,2806,465823,California
San Mateo,2021-05-02,3186,764526,1746,435051,1370,300019,70,29456,1156,141484,2022,325569,1230,467053,California
San Mateo,2021-05-03,5977,770503,4455,439506,1378,301397,144,29600,1842,139343,4127,329696,1986,469039,California
San Mateo,2021-05-04,7285,777788,4948,444454,2166,303563,171,29771,2491,137237,4780,334476,2674,471713,California
San Mateo,2021-05-05,6878,784666,4500,448954,2219,305782,159,29930,2388,135325,4462,338938,2550,474263,California
San Mateo,2021-05-06,8554,793220,6677,455631,1701,307483,176,30106,1742,130454,6793,345731,1922,476185,California
San Mateo,2021-05-07,8207,801427,5866,461497,2057,309540,284,30390,1828,126223,6354,352085,2123,478308,California
San Mateo,2021-05-08,6647,808074,4024,465521,2383,311923,240,30630,1838,123510,4796,356881,2083,480391,California
San Mateo,2021-05-09,3117,811191,2427,467948,616,312539,74,30704,1061,122599,2047,358928,1136,481527,California
San Mateo,2021-05-10,4618,815809,3320,471268,1128,313667,170,30874,764,119698,3843,362771,942,482469,California
San Mateo,2021-05-11,6578,822387,4944,476212,1519,315186,115,30989,1712,116673,4853,367624,1828,484297,California
San Mateo,2021-05-12,6850,829237,4996,481208,1642,316828,212,31201,1763,113575,5075,372699,1977,486274,California
San Mateo,2021-05-13,9207,838444,6936,488144,2183,319011,88,31289,3428,111353,5748,378447,3526,489800,California
San Mateo,2021-05-14,8334,846778,6157,494301,2065,321076,112,31401,2706,108565,5613,384060,2825,492625,California
San Mateo,2021-05-15,10387,857165,8103,502404,2184,323260,100,31501,4557,107425,5818,389878,4678,497303,California
San Mateo,2021-05-16,7158,864323,5093,507497,1996,325256,69,31570,2186,104728,4954,394832,2257,499560,California
San Mateo,2021-05-17,7041,871364,4986,512483,1946,327202,109,31679,2146,102106,4880,399712,2258,501818,California
San Mateo,2021-05-18,8457,879821,5830,518313,2530,329732,97,31776,3117,100110,5214,404926,3218,505036,California
San Mateo,2021-05-19,7855,887676,5880,524193,1854,331586,121,31897,3675,99774,4133,409059,3797,508833,California
San Mateo,2021-05-20,4845,892521,3093,527286,1658,333244,94,31991,2038,99116,2789,411848,2131,510964,California
San Mateo,2021-05-21,6260,898781,4432,531718,1713,334957,115,32106,1793,96574,4448,416296,1906,512870,California
San Mateo,2021-05-22,5484,904265,3851,535569,1594,336551,39,32145,2237,95622,3230,419526,2278,515148,California
San Mateo,2021-05-23,2535,906800,1512,537081,965,337516,58,32203,1023,95202,1501,421027,1081,516229,California
San Mateo,2021-05-24,3385,910185,2225,539306,1012,338528,148,32351,1109,94197,2259,423286,1254,517483,California
San Mateo,2021-05-25,4753,914938,2998,542304,1585,340113,170,32521,1641,92918,3092,426378,1813,519296,California
San Mateo,2021-05-26,5632,920570,3053,545357,2474,342587,105,32626,1800,91010,3813,430191,1905,521201,California
San Mateo,2021-05-27,3788,924358,2227,547584,1472,344059,89,32715,1291,89914,2472,432663,1376,522577,California
San Mateo,2021-05-28,3473,927831,2205,549789,1191,345250,77,32792,1346,89247,2088,434751,1421,523998,California
San Mateo,2021-05-29,3229,931060,2297,552086,880,346130,52,32844,1331,88756,1873,436624,1382,525380,California
San Mateo,2021-05-30,1654,932714,1123,553209,470,346600,61,32905,676,88524,969,437593,737,526117,California
San Mateo,2021-05-31,496,933210,332,553541,155,346755,9,32914,222,88483,272,437865,231,526348,California
San Mateo,2021-06-01,3396,936606,2042,555583,1260,348015,94,33008,1130,87452,2254,440119,1223,527571,California
San Mateo,2021-06-02,2766,939372,1840,557423,851,348866,75,33083,1136,87046,1615,441734,1209,528780,California
San Mateo,2021-06-03,3794,943166,2988,560411,699,349565,107,33190,932,85230,2851,444585,1035,529815,California
San Mateo,2021-06-04,4169,947335,3233,563644,856,350421,80,33270,1285,83716,2866,447451,1352,531167,California
San Mateo,2021-06-05,5122,952457,4497,568141,526,350947,99,33369,1105,80935,3985,451436,1204,532371,California
San Mateo,2021-06-06,2446,954903,2008,570149,374,351321,64,33433,544,79656,1883,453319,604,532975,California
San Mateo,2021-06-07,3029,957932,2560,572709,402,351723,67,33500,762,78223,2259,455578,826,533801,California
San Mateo,2021-06-08,2296,960228,1988,574697,261,351984,47,33547,515,77010,1775,457353,562,534363,California
Santa Barbara,2020-12-15,2,2,2,2,0,0,0,0,2,2,0,0,2,2,California
Santa Barbara,2020-12-16,2,4,2,4,0,0,0,0,2,4,0,0,2,4,California
Santa Barbara,2020-12-17,56,60,56,60,0,0,0,0,56,60,0,0,56,60,California
Santa Barbara,2020-12-18,380,440,379,439,1,1,0,0,380,440,0,0,380,440,California
Santa Barbara,2020-12-19,325,765,325,764,0,1,0,0,325,765,0,0,325,765,California
Santa Barbara,2020-12-20,235,1000,235,999,0,1,0,0,235,1000,0,0,235,1000,California
Santa Barbara,2020-12-21,652,1652,650,1649,2,3,0,0,652,1652,0,0,652,1652,California
Santa Barbara,2020-12-22,245,1897,243,1892,2,5,0,0,245,1897,0,0,245,1897,California
Santa Barbara,2020-12-23,324,2221,206,2098,118,123,0,0,324,2221,0,0,324,2221,California
Santa Barbara,2020-12-24,88,2309,40,2138,48,171,0,0,88,2309,0,0,88,2309,California
Santa Barbara,2020-12-26,327,2636,67,2205,260,431,0,0,327,2636,0,0,327,2636,California
Santa Barbara,2020-12-27,62,2698,1,2206,61,492,0,0,62,2698,0,0,62,2698,California
Santa Barbara,2020-12-28,358,3056,225,2431,133,625,0,0,358,3056,0,0,358,3056,California
Santa Barbara,2020-12-29,560,3616,358,2789,202,827,0,0,560,3616,0,0,560,3616,California
Santa Barbara,2020-12-30,577,4193,395,3184,182,1009,0,0,577,4193,0,0,577,4193,California
Santa Barbara,2020-12-31,240,4433,114,3298,126,1135,0,0,240,4433,0,0,240,4433,California
Santa Barbara,2021-01-01,116,4549,110,3408,6,1141,0,0,116,4549,0,0,116,4549,California
Santa Barbara,2021-01-02,594,5143,228,3636,366,1507,0,0,594,5143,0,0,594,5143,California
Santa Barbara,2021-01-03,23,5166,15,3651,8,1515,0,0,23,5166,0,0,23,5166,California
Santa Barbara,2021-01-04,305,5471,242,3893,63,1578,0,0,304,5470,0,0,304,5470,California
Santa Barbara,2021-01-05,751,6222,380,4273,371,1949,0,0,723,6165,28,28,723,6193,California
Santa Barbara,2021-01-06,657,6879,277,4550,380,2329,0,0,596,6701,60,88,596,6789,California
Santa Barbara,2021-01-07,1034,7913,711,5261,323,2652,0,0,529,6729,501,589,529,7318,California
Santa Barbara,2021-01-08,1204,9117,845,6106,359,3011,0,0,710,6945,494,1083,710,8028,California
Santa Barbara,2021-01-09,566,9683,293,6399,273,3284,0,0,320,7019,246,1329,320,8348,California
Santa Barbara,2021-01-10,62,9745,50,6449,12,3296,0,0,46,7049,16,1345,46,8394,California
Santa Barbara,2021-01-11,839,10584,670,7119,169,3465,0,0,614,7439,224,1569,614,9008,California
Santa Barbara,2021-01-12,1435,12019,640,7759,795,4260,0,0,1277,8558,158,1727,1277,10285,California
Santa Barbara,2021-01-13,1218,13237,270,8029,948,5208,0,0,1091,9522,127,1854,1091,11376,California
Santa Barbara,2021-01-14,1252,14489,136,8165,1116,6324,0,0,1197,10666,54,1908,1198,12574,California
Santa Barbara,2021-01-15,1801,16290,421,8586,1380,7704,0,0,1719,12304,81,1989,1719,14293,California
Santa Barbara,2021-01-16,1270,17560,200,8786,1070,8774,0,0,1231,13497,38,2027,1231,15524,California
Santa Barbara,2021-01-17,123,17683,20,8806,103,8877,0,0,120,13614,3,2030,120,15644,California
Santa Barbara,2021-01-18,1156,18839,419,9225,737,9614,0,0,970,14398,186,2216,970,16614,California
Santa Barbara,2021-01-19,1637,20476,571,9796,1066,10680,0,0,1358,15478,278,2494,1358,17972,California
Santa Barbara,2021-01-20,2100,22576,548,10344,1552,12232,0,0,1745,16869,354,2848,1745,19717,California
Santa Barbara,2021-01-21,3192,25768,1919,12263,1273,13505,0,0,3033,19744,159,3007,3034,22751,California
Santa Barbara,2021-01-22,2932,28700,1780,14043,1152,14657,0,0,2768,22352,161,3168,2769,25520,California
Santa Barbara,2021-01-23,1732,30432,1102,15145,630,15287,0,0,1223,23067,508,3676,1223,26743,California
Santa Barbara,2021-01-24,843,31275,751,15896,92,15379,0,0,834,23892,9,3685,834,27577,California
Santa Barbara,2021-01-25,1243,32518,499,16395,744,16123,0,0,1006,24661,237,3922,1006,28583,California
Santa Barbara,2021-01-26,2064,34582,484,16879,1580,17703,0,0,1681,25961,381,4303,1681,30264,California
Santa Barbara,2021-01-27,1165,35747,399,17278,766,18469,0,0,903,26605,261,4564,905,31169,California
Santa Barbara,2021-01-28,893,36640,297,17575,596,19065,0,0,679,27073,211,4775,679,31848,California
Santa Barbara,2021-01-29,1334,37974,535,18110,799,19864,0,0,980,27704,351,5126,982,32830,California
Santa Barbara,2021-01-30,1894,39868,1420,19530,474,20338,0,0,1489,28791,402,5528,1489,34319,California
Santa Barbara,2021-01-31,1455,41323,1217,20747,238,20576,0,0,1416,30168,39,5567,1416,35735,California
Santa Barbara,2021-02-01,956,42279,529,21276,427,21003,0,0,557,30326,399,5966,557,36292,California
Santa Barbara,2021-02-02,1808,44087,679,21955,1129,22132,0,0,1043,30607,762,6728,1043,37335,California
Santa Barbara,2021-02-03,1945,46032,1080,23035,865,22997,0,0,1505,31683,429,7157,1505,38840,California
Santa Barbara,2021-02-04,2779,48811,1867,24902,912,23909,0,0,2481,33872,292,7449,2481,41321,California
Santa Barbara,2021-02-05,2901,51712,2058,26960,843,24752,0,0,2258,35489,641,8090,2258,43579,California
Santa Barbara,2021-02-06,1203,52915,338,27298,865,25617,0,0,793,35872,410,8500,793,44372,California
Santa Barbara,2021-02-07,302,53217,263,27561,39,25656,0,0,267,36105,34,8534,267,44639,California
Santa Barbara,2021-02-08,954,54171,309,27870,645,26301,0,0,664,36479,290,8824,664,45303,California
Santa Barbara,2021-02-09,2436,56607,313,28183,2123,28424,0,0,1119,36290,1308,10132,1119,46422,California
Santa Barbara,2021-02-10,2757,59364,1494,29677,1263,29687,0,0,779,35098,1971,12103,779,47201,California
Santa Barbara,2021-02-11,4196,63560,2812,32489,1384,31071,0,0,629,32170,3557,15660,629,47830,California
Santa Barbara,2021-02-12,3310,66870,948,33437,2362,33433,0,0,777,30420,2527,18187,777,48607,California
Santa Barbara,2021-02-13,1230,68100,339,33776,891,34324,0,0,559,30310,669,18856,559,49166,California
Santa Barbara,2021-02-14,336,68436,40,33816,296,34620,0,0,289,30552,47,18903,289,49455,California
Santa Barbara,2021-02-15,969,69405,338,34154,631,35251,0,0,495,30576,471,19374,495,49950,California
Santa Barbara,2021-02-16,2134,71539,421,34575,1713,36964,0,0,721,29888,1409,20783,721,50671,California
Santa Barbara,2021-02-17,1432,72971,319,34894,1113,38077,0,0,520,29500,908,21691,520,51191,California
Santa Barbara,2021-02-18,3254,76225,2650,37544,604,38681,0,0,1522,29326,1696,23387,1522,52713,California
Santa Barbara,2021-02-19,3591,79816,2638,40182,953,39634,0,0,2327,30392,1261,24648,2327,55040,California
Santa Barbara,2021-02-20,2228,82044,1443,41625,785,40419,0,0,1670,31514,548,25196,1670,56710,California
Santa Barbara,2021-02-21,138,82182,109,41734,29,40448,0,0,61,31500,75,25271,61,56771,California
Santa Barbara,2021-02-22,934,83116,244,41978,690,41138,0,0,269,31107,662,25933,269,57040,California
Santa Barbara,2021-02-23,3189,86305,1046,43024,2143,43281,0,0,421,28764,2764,28697,421,57461,California
Santa Barbara,2021-02-24,3219,89524,1099,44123,2120,45401,0,0,723,27001,2486,31183,723,58184,California
Santa Barbara,2021-02-25,3457,92981,1922,46045,1535,46936,0,0,993,25539,2456,33639,994,59178,California
Santa Barbara,2021-02-26,3662,96643,2177,48222,1485,48421,0,0,1972,25829,1682,35321,1972,61150,California
Santa Barbara,2021-02-27,1536,98179,563,48785,973,49394,0,0,855,26009,677,35998,857,62007,California
Santa Barbara,2021-02-28,1087,99266,221,49006,866,50260,0,0,894,26717,187,36185,895,62902,California
Santa Barbara,2021-03-01,1652,100918,472,49478,1178,51438,2,2,1092,27269,543,36728,1095,63997,California
Santa Barbara,2021-03-02,2650,103568,423,49901,2227,53665,0,2,2149,28931,488,37216,2150,66147,California
Santa Barbara,2021-03-03,4631,108199,2099,52000,2530,56195,2,4,4035,32386,585,37801,4040,70187,California
Santa Barbara,2021-03-04,3417,111616,2280,54280,1137,57332,0,4,2863,34703,546,38347,2863,73050,California
Santa Barbara,2021-03-05,3818,115434,2165,56445,1594,58926,59,63,3093,37135,720,39067,3152,76202,California
Santa Barbara,2021-03-06,2433,117867,726,57171,1487,60413,220,283,1668,38259,761,39828,1885,78087,California
Santa Barbara,2021-03-07,566,118433,124,57295,310,60723,132,415,384,38595,181,40009,517,78604,California
Santa Barbara,2021-03-08,1579,120012,379,57674,857,61580,343,758,796,38957,777,40786,1139,79743,California
Santa Barbara,2021-03-09,2804,122816,348,58022,1684,63264,772,1530,744,38412,2057,42843,1512,81255,California
Santa Barbara,2021-03-10,2770,125586,556,58578,1164,64428,1050,2580,1047,38788,1718,44561,2094,83349,California
Santa Barbara,2021-03-11,5582,131168,3028,61606,1437,65865,1117,3697,2277,38884,3291,47852,3387,86736,California
Santa Barbara,2021-03-12,3687,134855,2102,63708,1155,67020,430,4127,2183,39998,1496,49348,2610,89346,California
Santa Barbara,2021-03-13,3492,138347,1935,65643,1349,68369,208,4335,2697,42111,792,50140,2905,92251,California
Santa Barbara,2021-03-14,802,139149,388,66031,358,68727,56,4391,481,42328,320,50460,537,92788,California
Santa Barbara,2021-03-15,2114,141263,696,66727,1127,69854,291,4682,1268,43047,838,51298,1557,94345,California
Santa Barbara,2021-03-16,3722,144985,1172,67899,2207,72061,343,5025,2734,45140,984,52282,3077,97422,California
Santa Barbara,2021-03-17,3314,148299,974,68873,1935,73996,405,5430,2322,46873,990,53272,2723,100145,California
Santa Barbara,2021-03-18,5228,153527,2800,71673,2226,76222,202,5632,4003,49869,1209,54481,4205,104350,California
Santa Barbara,2021-03-19,4449,157976,2770,74443,1346,77568,333,5965,3057,51870,1388,55869,3389,107739,California
Santa Barbara,2021-03-20,2178,160154,835,75278,1328,78896,15,5980,1330,52369,845,56714,1344,109083,California
Santa Barbara,2021-03-21,1167,161321,384,75662,753,79649,30,6010,840,52914,325,57039,870,109953,California
Santa Barbara,2021-03-22,2779,164100,1915,77577,820,80469,44,6054,2223,54634,547,57586,2267,112220,California
Santa Barbara,2021-03-23,4488,168588,2257,79834,2130,82599,101,6155,3714,57684,764,58350,3814,116034,California
Santa Barbara,2021-03-24,5421,174009,3154,82988,1515,84114,752,6907,2973,58980,2425,60775,3721,119755,California
Santa Barbara,2021-03-25,5568,179577,3276,86264,2100,86214,192,7099,2790,59200,2762,63537,2982,122737,California
Santa Barbara,2021-03-26,5096,184673,3232,89496,1565,87779,299,7398,2245,58911,2833,66370,2544,125281,California
Santa Barbara,2021-03-27,2958,187631,1224,90720,1691,89470,43,7441,1624,59246,1330,67700,1665,126946,California
Santa Barbara,2021-03-28,2781,190412,1656,92376,1097,90567,28,7469,1893,60284,884,68584,1922,128868,California
Santa Barbara,2021-03-29,4043,194455,2085,94461,1887,92454,71,7540,3229,62774,810,69394,3300,132168,California
Santa Barbara,2021-03-30,6805,201260,3515,97976,3139,95593,151,7691,4543,65218,2247,71641,4691,136859,California
Santa Barbara,2021-03-31,8692,209952,5534,103510,3092,98685,66,7757,5062,66737,3609,75250,5128,141987,California
Santa Barbara,2021-04-01,7049,217001,5214,108724,1576,100261,259,8016,4184,68333,2846,78096,4442,146429,California
Santa Barbara,2021-04-02,6650,223651,4563,113287,1492,101753,595,8611,3425,69136,3217,81313,4020,150449,California
Santa Barbara,2021-04-03,3812,227463,2116,115403,1631,103384,65,8676,2523,70438,1285,82598,2587,153036,California
Santa Barbara,2021-04-04,900,228363,444,115847,416,103800,40,8716,500,70580,398,82996,540,153576,California
Santa Barbara,2021-04-05,3465,231828,2291,118138,916,104716,258,8974,2170,71721,1287,84283,2428,156004,California
Santa Barbara,2021-04-06,5490,237318,2830,120968,2122,106838,538,9512,3362,73506,2112,86395,3897,159901,California
Santa Barbara,2021-04-07,6019,243337,3286,124254,2191,109029,542,10054,4085,76209,1924,88319,4627,164528,California
Santa Barbara,2021-04-08,7428,250765,5052,129306,646,109675,1730,11784,3431,77378,3991,92310,5160,169688,California
Santa Barbara,2021-04-09,7334,258099,4884,134190,1092,110767,1358,13142,3309,78023,4016,96326,4661,174349,California
Santa Barbara,2021-04-10,6723,264822,4659,138849,1446,112213,618,13760,4577,81079,2137,98463,5193,179542,California
Santa Barbara,2021-04-11,2687,267509,1971,140820,413,112626,303,14063,1861,82419,820,99283,2160,181702,California
Santa Barbara,2021-04-12,4429,271938,2852,143672,1023,113649,554,14617,1920,82389,2502,101785,2472,184174,California
Santa Barbara,2021-04-13,6363,278301,4191,147863,2166,115815,6,14623,2658,81357,3700,105485,2668,186842,California
Santa Barbara,2021-04-14,6745,285046,4402,152265,2341,118156,2,14625,4209,83045,2525,108010,4213,191055,California
Santa Barbara,2021-04-15,6948,291994,4082,156347,2865,121021,1,14626,3755,83620,3183,111193,3758,194813,California
Santa Barbara,2021-04-16,6373,298367,3741,160088,2621,123642,11,14637,4382,86037,1975,113168,4392,199205,California
Santa Barbara,2021-04-17,5305,303672,3853,163941,1452,125094,0,14637,4087,88918,1206,114374,4087,203292,California
Santa Barbara,2021-04-18,2134,305806,1481,165422,653,125747,0,14637,373,87535,1757,116131,374,203666,California
Santa Barbara,2021-04-19,3230,309036,2224,167646,1000,126747,6,14643,1026,86369,2199,118330,1033,204699,California
Santa Barbara,2021-04-20,5875,314911,3950,171596,1924,128671,1,14644,1651,83808,4212,122542,1651,206350,California
Santa Barbara,2021-04-21,5476,320387,3632,175228,1844,130515,0,14644,1738,81821,3725,126267,1738,208088,California
Santa Barbara,2021-04-22,5093,325480,2555,177783,2537,133052,1,14645,1454,79656,3622,129889,1457,209545,California
Santa Barbara,2021-04-23,5582,331062,3875,181658,1707,134759,0,14645,1964,78015,3605,133494,1964,211509,California
Santa Barbara,2021-04-24,4427,335489,2875,184533,1547,136306,5,14650,1631,76875,2777,136271,1637,213146,California
Santa Barbara,2021-04-25,1837,337326,1185,185718,652,136958,0,14650,499,76045,1329,137600,499,213645,California
Santa Barbara,2021-04-26,3221,340547,1966,187684,1234,138192,21,14671,552,73955,2663,140263,573,214218,California
Santa Barbara,2021-04-27,3857,344404,2114,189798,1647,139839,96,14767,1147,72496,2701,142964,1242,215460,California
Santa Barbara,2021-04-28,4906,349310,2858,192656,1931,141770,117,14884,1398,70519,3495,146459,1518,216978,California
Santa Barbara,2021-04-29,5251,354561,3800,196456,1224,142994,227,15111,1439,68387,3796,150255,1664,218642,California
Santa Barbara,2021-04-30,4944,359505,3695,200151,1085,144079,164,15275,1412,66446,3516,153771,1575,220217,California
Santa Barbara,2021-05-01,5250,364755,4068,204219,1148,145227,34,15309,887,63018,4350,158121,922,221139,California
Santa Barbara,2021-05-02,1132,365887,667,204886,337,145564,128,15437,308,62630,824,158945,436,221575,California
Santa Barbara,2021-05-03,2204,368091,1478,206364,587,146151,139,15576,442,61453,1756,160701,579,222154,California
Santa Barbara,2021-05-04,3287,371378,1664,208028,1551,147702,72,15648,1144,60538,2130,162831,1215,223369,California
Santa Barbara,2021-05-05,5428,376806,3669,211697,1612,149314,147,15795,622,56516,4793,167624,771,224140,California
Santa Barbara,2021-05-06,5051,381857,3912,215609,1035,150349,104,15899,964,53514,4070,171694,1068,225208,California
Santa Barbara,2021-05-07,4662,386519,3649,219258,833,151182,180,16079,1003,51045,3649,175343,1180,226388,California
Santa Barbara,2021-05-08,4239,390758,3158,222416,983,152165,98,16177,893,48703,3333,178676,991,227379,California
Santa Barbara,2021-05-09,700,391458,110,222526,550,152715,40,16217,466,48978,232,178908,507,227886,California
Santa Barbara,2021-05-10,1319,392777,621,223147,615,153330,83,16300,365,48473,952,179860,447,228333,California
Santa Barbara,2021-05-11,1825,394602,767,223914,766,154096,292,16592,410,47764,1408,181268,699,229032,California
Santa Barbara,2021-05-12,1631,396233,726,224640,687,154783,218,16810,472,47304,1150,182418,690,229722,California
Santa Barbara,2021-05-13,3598,399831,2731,227371,674,155457,193,17003,1192,46293,2395,184813,1384,231106,California
Santa Barbara,2021-05-14,4147,403978,2530,229901,1523,156980,94,17097,1635,45523,2497,187310,1727,232833,California
Santa Barbara,2021-05-15,3507,407485,2567,232468,921,157901,19,17116,1844,45735,1652,188962,1864,234697,California
Santa Barbara,2021-05-16,1065,408550,466,232934,484,158385,115,17231,470,45729,591,189553,585,235282,California
Santa Barbara,2021-05-17,1635,410185,931,233865,641,159026,63,17294,870,45902,759,190312,932,236214,California
Santa Barbara,2021-05-18,1842,412027,1162,235027,585,159611,95,17389,989,46150,837,191149,1085,237299,California
Santa Barbara,2021-05-19,1755,413782,967,235994,747,160358,41,17430,814,46071,933,192082,854,238153,California
Santa Barbara,2021-05-20,1267,415049,647,236641,503,160861,117,17547,665,46261,591,192673,781,238934,California
Santa Barbara,2021-05-21,3062,418111,2087,238728,921,161782,54,17601,1163,45593,1886,194559,1218,240152,California
Santa Barbara,2021-05-22,2237,420348,1583,240311,610,162392,44,17645,1329,46065,902,195461,1374,241526,California
Santa Barbara,2021-05-23,597,420945,231,240542,338,162730,28,17673,338,46173,258,195719,366,241892,California
Santa Barbara,2021-05-24,999,421944,584,241126,352,163082,63,17736,482,46205,513,196232,545,242437,California
Santa Barbara,2021-05-25,1399,423343,568,241694,762,163844,69,17805,462,45805,931,197163,531,242968,California
Santa Barbara,2021-05-26,2993,426336,1702,243396,1171,165015,120,17925,826,44598,2152,199315,945,243913,California
Santa Barbara,2021-05-27,1953,428289,1210,244606,599,165614,144,18069,827,44450,1119,200434,971,244884,California
Santa Barbara,2021-05-28,1510,429799,705,245311,654,166268,151,18220,624,44343,883,201317,776,245660,California
Santa Barbara,2021-05-29,896,430695,315,245626,544,166812,37,18257,367,44221,526,201843,404,246064,California
Santa Barbara,2021-05-30,499,431194,179,245805,223,167035,97,18354,186,44192,311,202154,282,246346,California
Santa Barbara,2021-05-31,95,431289,43,245848,42,167077,10,18364,23,44153,71,202225,32,246378,California
Santa Barbara,2021-06-01,1131,432420,594,246442,479,167556,58,18422,467,44020,658,202883,525,246903,California
Santa Barbara,2021-06-02,980,433400,586,247028,312,167868,82,18504,444,44014,531,203414,525,247428,California
Santa Barbara,2021-06-03,2050,435450,1545,248573,450,168318,55,18559,633,43289,1412,204826,687,248115,California
Santa Barbara,2021-06-04,1445,436895,665,249238,643,168961,137,18696,486,42960,952,205778,623,248738,California
Santa Barbara,2021-06-05,2911,439806,2203,251441,657,169618,51,18747,502,41116,2396,208174,552,249290,California
Santa Barbara,2021-06-06,904,440710,474,251915,412,170030,18,18765,254,40741,647,208821,272,249562,California
Santa Barbara,2021-06-07,1094,441804,781,252696,259,170289,54,18819,279,40260,814,209635,333,249895,California
Santa Barbara,2021-06-08,355,442159,153,252849,198,170487,4,18823,84,40078,270,209905,88,249983,California
Santa Clara,2020-12-15,68,68,68,68,0,0,0,0,68,68,0,0,68,68,California
Santa Clara,2020-12-16,147,215,147,215,0,0,0,0,147,215,0,0,147,215,California
Santa Clara,2020-12-17,407,622,407,622,0,0,0,0,407,622,0,0,407,622,California
Santa Clara,2020-12-18,1765,2387,1765,2387,0,0,0,0,1765,2387,0,0,1765,2387,California
Santa Clara,2020-12-19,2089,4476,2089,4476,0,0,0,0,2088,4475,0,0,2088,4475,California
Santa Clara,2020-12-20,1899,6375,1898,6374,1,1,0,0,1896,6371,0,0,1896,6371,California
Santa Clara,2020-12-21,2684,9059,2684,9058,0,1,0,0,2683,9054,0,0,2683,9054,California
Santa Clara,2020-12-22,3158,12217,3151,12209,7,8,0,0,3155,12209,0,0,3155,12209,California
Santa Clara,2020-12-23,3307,15524,3117,15326,190,198,0,0,3306,15515,0,0,3306,15515,California
Santa Clara,2020-12-24,1903,17427,1713,17039,190,388,0,0,1898,17412,1,1,1898,17413,California
Santa Clara,2020-12-25,346,17773,345,17384,1,389,0,0,346,17758,0,1,346,17759,California
Santa Clara,2020-12-26,1278,19051,1043,18427,235,624,0,0,1277,19035,0,1,1277,19036,California
Santa Clara,2020-12-27,654,19705,512,18939,142,766,0,0,654,19689,0,1,654,19690,California
Santa Clara,2020-12-28,2343,22048,1732,20671,611,1377,0,0,2343,22032,0,1,2343,22033,California
Santa Clara,2020-12-29,2366,24414,1498,22169,868,2245,0,0,2365,24397,0,1,2365,24398,California
Santa Clara,2020-12-30,2995,27409,1897,24066,1098,3343,0,0,2993,27388,2,3,2993,27391,California
Santa Clara,2020-12-31,1222,28631,390,24456,832,4175,0,0,1221,28608,1,4,1221,28612,California
Santa Clara,2021-01-01,145,28776,11,24467,134,4309,0,0,144,28751,1,5,144,28756,California
Santa Clara,2021-01-02,1094,29870,819,25286,275,4584,0,0,1094,29845,0,5,1094,29850,California
Santa Clara,2021-01-03,583,30453,367,25653,216,4800,0,0,578,30420,3,8,578,30428,California
Santa Clara,2021-01-04,2483,32936,1677,27330,806,5606,0,0,2479,32898,1,9,2479,32907,California
Santa Clara,2021-01-05,3092,36028,2028,29358,1064,6670,0,0,2899,35611,192,201,2905,35812,California
Santa Clara,2021-01-06,3355,39383,1983,31341,1372,8042,0,0,2752,37767,598,799,2754,38566,California
Santa Clara,2021-01-07,4257,43640,2589,33930,1668,9710,0,0,3163,39857,1084,1883,3174,41740,California
Santa Clara,2021-01-08,5954,49594,3921,37851,2033,11743,0,0,3828,41586,2122,4005,3851,45591,California
Santa Clara,2021-01-09,3024,52618,1908,39759,1116,12859,0,0,1711,42000,1313,5318,1727,47318,California
Santa Clara,2021-01-10,1972,54590,1523,41282,449,13308,0,0,752,41535,1219,6537,754,48072,California
Santa Clara,2021-01-11,5974,60564,3772,45054,2202,15510,0,0,3382,42334,2591,9128,3390,51462,California
Santa Clara,2021-01-12,6815,67379,3415,48469,3400,18910,0,0,4558,44636,2257,11385,4559,56021,California
Santa Clara,2021-01-13,7405,74784,3079,51548,4326,23236,0,0,5206,47659,2197,13582,5220,61241,California
Santa Clara,2021-01-14,8245,83029,2809,54357,5436,28672,0,0,6494,52409,1746,15328,6496,67737,California
Santa Clara,2021-01-15,9482,92511,2688,57045,6794,35466,0,0,8153,59242,1325,16653,8158,75895,California
Santa Clara,2021-01-16,4309,96820,1233,58278,3076,38542,0,0,3468,61874,837,17490,3469,79364,California
Santa Clara,2021-01-17,3237,100057,612,58890,2625,41167,0,0,2734,64105,503,17993,2734,82098,California
Santa Clara,2021-01-18,5125,105182,1171,60061,3954,45121,0,0,4565,68112,560,18553,4567,86665,California
Santa Clara,2021-01-19,8525,113707,2696,62757,5829,50950,0,0,6834,73261,1688,20241,6837,93502,California
Santa Clara,2021-01-20,8108,121815,4132,66889,3976,54926,0,0,6558,78277,1545,21786,6561,100063,California
Santa Clara,2021-01-21,8730,130545,3793,70682,4937,59863,0,0,7517,84589,1211,22997,7523,107586,California
Santa Clara,2021-01-22,8653,139198,3249,73931,5404,65267,0,0,8077,92096,574,23571,8081,115667,California
Santa Clara,2021-01-23,3804,143002,1693,75624,2111,67378,0,0,2838,93969,966,24537,2839,118506,California
Santa Clara,2021-01-24,2841,145843,1423,77047,1418,68796,0,0,2356,95843,482,25019,2356,120862,California
Santa Clara,2021-01-25,8415,154258,3809,80856,4606,73402,0,0,6332,100103,2075,27094,6335,127197,California
Santa Clara,2021-01-26,8335,162593,3813,84669,4522,77924,0,0,6189,104160,2136,29230,6193,133390,California
Santa Clara,2021-01-27,8771,171364,3868,88537,4903,82827,0,0,6844,109099,1907,31137,6846,140236,California
Santa Clara,2021-01-28,9561,180925,3833,92370,5728,88555,0,0,7583,114733,1957,33094,7591,147827,California
Santa Clara,2021-01-29,9561,190486,3947,96317,5614,94169,0,0,7381,119944,2171,35265,7382,155209,California
Santa Clara,2021-01-30,4153,194639,2078,98395,2075,96244,0,0,2935,121669,1211,36476,2936,158145,California
Santa Clara,2021-01-31,2189,196828,1308,99703,881,97125,0,0,1591,122666,594,37070,1591,159736,California
Santa Clara,2021-02-01,7875,204703,3521,103224,4354,101479,0,0,6165,127131,1702,38772,6167,165903,California
Santa Clara,2021-02-02,8631,213334,2891,106115,5740,107219,0,0,6607,131724,2017,40789,6610,172513,California
Santa Clara,2021-02-03,9232,222566,3500,109615,5732,112951,0,0,6942,136390,2282,43071,6948,179461,California
Santa Clara,2021-02-04,10987,233553,4162,113777,6825,119776,0,0,8683,142782,2294,45365,8686,188147,California
Santa Clara,2021-02-05,11969,245522,4362,118139,7607,127383,0,0,8504,147836,3451,48816,8505,196652,California
Santa Clara,2021-02-06,5227,250749,2837,120976,2390,129773,0,0,4052,150718,1172,49988,4054,200706,California
Santa Clara,2021-02-07,3489,254238,2353,123329,1136,130909,0,0,3032,153295,456,50444,3033,203739,California
Santa Clara,2021-02-08,10069,264307,3525,126854,6544,137453,0,0,7346,157933,2709,53153,7347,211086,California
Santa Clara,2021-02-09,11194,275501,3828,130682,7366,144819,0,0,7688,162131,3494,56647,7692,218778,California
Santa Clara,2021-02-10,12695,288196,4946,135628,7749,152568,0,0,6858,163165,5826,62473,6860,225638,California
Santa Clara,2021-02-11,13611,301807,4774,140402,8837,161405,0,0,7737,165044,5859,68332,7738,233376,California
Santa Clara,2021-02-12,14610,316417,4501,144903,10109,171514,0,0,7013,164483,7576,75908,7015,240391,California
Santa Clara,2021-02-13,6101,322518,1470,146373,4631,176145,0,0,2228,162847,3866,79774,2230,242621,California
Santa Clara,2021-02-14,4628,327146,1149,147522,3479,179624,0,0,1477,161177,3149,82923,1479,244100,California
Santa Clara,2021-02-15,6284,333430,2797,150319,3487,183111,0,0,2712,160323,3566,86489,2712,246812,California
Santa Clara,2021-02-16,13852,347282,4045,154364,9807,192918,0,0,6952,160393,6883,93372,6953,253765,California
Santa Clara,2021-02-17,14118,361400,5519,159883,8599,201517,0,0,7055,160408,7045,100417,7060,260825,California
Santa Clara,2021-02-18,14301,375701,8433,168316,5868,207385,0,0,7288,160725,6974,107391,7291,268116,California
Santa Clara,2021-02-19,14960,390661,9596,177912,5364,212749,0,0,8713,163213,6230,113621,8718,276834,California
Santa Clara,2021-02-20,6961,397622,5199,183111,1762,214511,0,0,3755,163772,3196,116817,3755,280589,California
Santa Clara,2021-02-21,3388,401010,2517,185628,871,215382,0,0,1256,162906,2124,118941,1258,281847,California
Santa Clara,2021-02-22,10337,411347,6178,191806,4159,219541,0,0,4808,162197,5518,124459,4809,286656,California
Santa Clara,2021-02-23,12047,423394,7801,199607,4246,223787,0,0,6817,163802,5216,129675,6821,293477,California
Santa Clara,2021-02-24,14311,437705,9243,208850,5068,228855,0,0,8854,167215,5441,135116,8854,302331,California
Santa Clara,2021-02-25,15087,452792,9628,218478,5459,234314,0,0,8226,168610,6836,141952,8231,310562,California
Santa Clara,2021-02-26,15034,467826,8716,227194,6318,240632,0,0,8208,170020,6801,148753,8211,318773,California
Santa Clara,2021-02-27,8276,476102,5733,232927,2542,243174,1,1,4632,171026,3634,152387,4640,323413,California
Santa Clara,2021-02-28,5371,481473,3664,236591,1707,244881,0,1,2666,170996,2696,155083,2666,326079,California
Santa Clara,2021-03-01,14564,496037,8380,244971,6179,251060,5,6,9035,174527,5509,160592,9040,335119,California
Santa Clara,2021-03-02,16109,512146,9554,254525,6554,257614,1,7,10261,178968,5823,166415,10264,345383,California
Santa Clara,2021-03-03,18545,530691,9128,263653,9414,267028,3,10,11501,183470,7006,173421,11508,356891,California
Santa Clara,2021-03-04,16577,547268,9042,272695,7532,274560,3,13,9646,186272,6849,180270,9651,366542,California
Santa Clara,2021-03-05,16648,563916,9267,281962,7255,281815,126,139,9249,188275,7377,187647,9380,375922,California
Santa Clara,2021-03-06,9481,573397,6339,288301,2689,284504,453,592,7108,193475,2360,190007,7560,383482,California
Santa Clara,2021-03-07,6844,580241,4479,292780,2121,286625,244,836,5447,197777,1388,191395,5690,389172,California
Santa Clara,2021-03-08,12957,593198,6750,299530,5631,292256,576,1412,8318,202049,4621,196016,8893,398065,California
Santa Clara,2021-03-09,15270,608468,6528,306058,7404,299660,1338,2750,6843,201817,8407,204423,8175,406240,California
Santa Clara,2021-03-10,15168,623636,6607,312665,6442,306102,2119,4869,6230,201230,8910,213333,8323,414563,California
Santa Clara,2021-03-11,17111,640747,7784,320449,7818,313920,1509,6378,6058,197758,11024,224357,7552,422115,California
Santa Clara,2021-03-12,17775,658522,9133,329582,7066,320986,1576,7954,5976,193529,11758,236115,7529,429644,California
Santa Clara,2021-03-13,10795,669317,6251,335833,3045,324031,1499,9453,4783,193800,5989,242104,6260,435904,California
Santa Clara,2021-03-14,6538,675855,3383,339216,1847,325878,1308,10761,3164,194903,3357,245461,4460,440364,California
Santa Clara,2021-03-15,12845,688700,6566,345782,6005,331883,274,11035,5971,194296,6851,252312,6244,446608,California
Santa Clara,2021-03-16,18244,706944,10320,356102,7716,339599,208,11243,8808,193903,9407,261719,9014,455622,California
Santa Clara,2021-03-17,19997,726941,11327,367429,8502,348101,168,11411,10286,194691,9660,271379,10448,466070,California
Santa Clara,2021-03-18,19142,746083,8962,376391,9010,357111,1170,12581,8947,194662,10139,281518,10110,476180,California
Santa Clara,2021-03-19,19365,765448,9963,386354,8395,365506,1007,13588,9855,196063,9451,290969,10852,487032,California
Santa Clara,2021-03-20,11525,776973,6345,392699,4348,369854,832,14420,6694,198785,4801,295770,7523,494555,California
Santa Clara,2021-03-21,8337,785310,3783,396482,3151,373005,1403,15823,5322,202493,3002,298772,6710,501265,California
Santa Clara,2021-03-22,16374,801684,9150,405632,6873,379878,351,16174,9002,204497,7345,306117,9349,510614,California
Santa Clara,2021-03-23,19275,820959,12255,417887,6494,386372,526,16700,11084,207962,8144,314261,11609,522223,California
Santa Clara,2021-03-24,22657,843616,14599,432486,7642,394014,416,17116,14620,215006,7995,322256,15039,537262,California
Santa Clara,2021-03-25,23003,866619,13199,445685,8830,402844,974,18090,14772,222568,8167,330423,15729,552991,California
Santa Clara,2021-03-26,22000,888619,14007,459692,7604,410448,389,18479,13499,227985,8463,338886,13880,566871,California
Santa Clara,2021-03-27,15751,904370,10473,470165,4504,414952,774,19253,8423,229893,7283,346169,9191,576062,California
Santa Clara,2021-03-28,12101,916471,8390,478555,2996,417948,715,19968,6492,231512,5582,351751,7201,583263,California
Santa Clara,2021-03-29,20628,937099,12652,491207,7249,425197,727,20695,11139,233925,9447,361198,11860,595123,California
Santa Clara,2021-03-30,25713,962812,15291,506498,8470,433667,1952,22647,16189,242574,9483,370681,18132,613255,California
Santa Clara,2021-03-31,20541,983353,11938,518436,7473,441140,1130,23777,12628,248446,7870,378551,13742,626997,California
Santa Clara,2021-04-01,31917,1015270,19901,538337,8946,450086,3070,26847,20162,259959,11689,390240,23202,650199,California
Santa Clara,2021-04-02,25248,1040518,14402,552739,8691,458777,2155,29002,16502,269896,8704,398944,18641,668840,California
Santa Clara,2021-04-03,15327,1055845,9295,562034,3519,462296,2513,31515,8527,274142,6779,405723,11025,679865,California
Santa Clara,2021-04-04,7664,1063509,4053,566087,2440,464736,1171,32686,3978,275610,3675,409398,5143,685008,California
Santa Clara,2021-04-05,21939,1085448,14608,580695,4844,469580,2487,35173,14322,284816,7590,416988,16796,701804,California
Santa Clara,2021-04-06,29642,1115090,16330,597025,7831,477411,5481,40654,17810,296298,11785,428773,23267,725071,California
Santa Clara,2021-04-07,30975,1146065,15970,612995,8484,485895,6521,47175,18900,309664,12019,440792,25385,750456,California
Santa Clara,2021-04-08,30048,1176113,16420,629415,6007,491902,7621,54796,16386,320037,13590,454382,23963,774419,California
Santa Clara,2021-04-09,28139,1204252,13932,643347,6915,498817,7292,62088,14378,327968,13694,468076,21625,796044,California
Santa Clara,2021-04-10,21522,1225774,12440,655787,3770,502587,5312,67400,11510,334762,9979,478055,16773,812817,California
Santa Clara,2021-04-11,16081,1241855,9644,665431,2666,505253,3771,71171,8345,339151,7702,485757,12091,824908,California
Santa Clara,2021-04-12,27072,1268927,19056,684487,5574,510827,2442,73613,18479,351529,8533,494290,20911,845819,California
Santa Clara,2021-04-13,34449,1303376,27088,711575,7331,518158,30,73643,26568,370352,7806,502096,26629,872448,California
Santa Clara,2021-04-14,36903,1340279,27953,739528,8946,527104,4,73647,26231,386016,10608,512704,26272,898720,California
Santa Clara,2021-04-15,44167,1384446,34229,773757,9934,537038,4,73651,34064,410116,9998,522702,34098,932818,California
Santa Clara,2021-04-16,38442,1422888,26317,800074,12122,549160,3,73654,27563,426887,10817,533519,27588,960406,California
Santa Clara,2021-04-17,22004,1444892,15029,815103,6973,556133,2,73656,15105,435161,6848,540367,15122,975528,California
Santa Clara,2021-04-18,16434,1461326,10692,825795,5742,561875,0,73656,10265,439299,6139,546506,10277,985805,California
Santa Clara,2021-04-19,28836,1490162,20873,846668,7962,569837,1,73657,17262,445086,11506,558012,17293,1003098,California
Santa Clara,2021-04-20,36929,1527091,22471,869139,14457,584294,1,73658,22551,453398,14271,572283,22583,1025681,California
Santa Clara,2021-04-21,36835,1563926,21366,890505,15467,599761,2,73660,24368,465421,12378,584661,24401,1050082,California
Santa Clara,2021-04-22,37260,1601186,24846,915351,12413,612174,1,73661,17600,463524,19564,604225,17667,1067749,California
Santa Clara,2021-04-23,32077,1633263,19497,934848,12579,624753,1,73662,15066,461733,16910,621135,15119,1082868,California
Santa Clara,2021-04-24,21143,1654406,15480,950328,5662,630415,1,73663,11988,464670,9082,630217,12019,1094887,California
Santa Clara,2021-04-25,13618,1668024,9851,960179,3761,634176,6,73669,8691,468507,4884,635101,8721,1103608,California
Santa Clara,2021-04-26,24907,1692931,19213,979392,5636,639812,58,73727,10353,464485,14457,649558,10435,1114043,California
Santa Clara,2021-04-27,27195,1720126,19443,998835,7413,647225,339,74066,11879,461520,15224,664782,12259,1126302,California
Santa Clara,2021-04-28,25965,1746091,19246,1018081,6280,653505,439,74505,11020,458173,14863,679645,11516,1137818,California
Santa Clara,2021-04-29,23901,1769992,17477,1035558,6026,659531,398,74903,8969,452743,14861,694506,9431,1147249,California
Santa Clara,2021-04-30,22993,1792985,15748,1051306,6881,666412,364,75267,9751,449778,13154,707660,10189,1157438,California
Santa Clara,2021-05-01,17465,1810450,14522,1065828,2683,669095,260,75527,5470,443604,11946,719606,5772,1163210,California
Santa Clara,2021-05-02,11292,1821742,9369,1075197,1693,670788,230,75757,3483,439571,7767,727373,3734,1166944,California
Santa Clara,2021-05-03,22825,1844567,19377,1094574,3016,673804,432,76189,5130,427544,17624,744997,5597,1172541,California
Santa Clara,2021-05-04,30525,1875092,23878,1118452,6104,679908,543,76732,5483,408664,24945,769942,6065,1178606,California
Santa Clara,2021-05-05,32154,1907246,24404,1142856,7205,687113,545,77277,5435,388043,26625,796567,6004,1184610,California
Santa Clara,2021-05-06,35407,1942653,29510,1172366,5423,692536,474,77751,4681,362621,30597,827164,5175,1189785,California
Santa Clara,2021-05-07,32537,1975190,26166,1198532,5877,698413,494,78245,4639,340027,27767,854931,5173,1194958,California
Santa Clara,2021-05-08,16476,1991666,13400,1211932,2654,701067,422,78667,3479,331034,12910,867841,3917,1198875,California
Santa Clara,2021-05-09,10337,2002003,8970,1220902,1179,702246,188,78855,2455,325845,7844,875685,2655,1201530,California
Santa Clara,2021-05-10,20777,2022780,16647,1237549,3728,705974,402,79257,2732,311030,17969,893654,3154,1204684,California
Santa Clara,2021-05-11,21791,2044571,16418,1253967,4956,710930,417,79674,3973,297698,17729,911383,4397,1209081,California
Santa Clara,2021-05-12,20834,2065405,15277,1269244,5060,715990,497,80171,4521,286502,16230,927613,5034,1214115,California
Santa Clara,2021-05-13,27407,2092812,22391,1291635,4725,720715,291,80462,11020,281513,16306,943919,11317,1225432,California
Santa Clara,2021-05-14,27541,2120353,19200,1310835,7955,728670,386,80848,9632,273725,17817,961736,10029,1235461,California
Santa Clara,2021-05-15,20724,2141077,16624,1327459,3819,732489,281,81129,8071,269511,12571,974307,8357,1243818,California
Santa Clara,2021-05-16,16062,2157139,13063,1340522,2823,735312,176,81305,5242,264192,10740,985047,5421,1249239,California
Santa Clara,2021-05-17,20148,2177287,15847,1356369,3937,739249,364,81669,6865,258212,13211,998258,7231,1256470,California
Santa Clara,2021-05-18,26023,2203310,16599,1372968,9008,748257,416,82085,7313,247370,18574,1016832,7732,1264202,California
Santa Clara,2021-05-19,24555,2227865,14340,1387308,9794,758051,421,82506,7476,238305,16970,1033802,7905,1272107,California
Santa Clara,2021-05-20,17006,2244871,11378,1398686,5239,763290,389,82895,5678,233121,11248,1045050,6064,1278171,California
Santa Clara,2021-05-21,21072,2265943,14311,1412997,6309,769599,452,83347,7118,226848,13857,1058907,7584,1285755,California
Santa Clara,2021-05-22,11742,2277685,9158,1422155,2278,771877,306,83653,5116,225706,6567,1065474,5425,1291180,California
Santa Clara,2021-05-23,7366,2285051,5734,1427889,1466,773343,166,83819,2960,224466,4366,1069840,3126,1294306,California
Santa Clara,2021-05-24,10259,2295310,7269,1435158,2542,775885,448,84267,3551,221817,6648,1076488,3999,1298305,California
Santa Clara,2021-05-25,11418,2306728,7910,1443068,3091,778976,417,84684,4503,219893,6842,1083330,4918,1303223,California
Santa Clara,2021-05-26,10327,2317055,6708,1449776,3291,782267,328,85012,3982,217952,6246,1089576,4305,1307528,California
Santa Clara,2021-05-27,9356,2326411,5991,1455767,2891,785158,474,85486,3602,216333,5688,1095264,4069,1311597,California
Santa Clara,2021-05-28,10695,2337106,6919,1462686,3350,788508,426,85912,4354,214835,6279,1101543,4781,1316378,California
Santa Clara,2021-05-29,6292,2343398,4304,1466990,1708,790216,280,86192,2891,214641,3360,1104903,3166,1319544,California
Santa Clara,2021-05-30,3794,2347192,2846,1469836,738,790954,210,86402,1829,214740,1939,1106842,2038,1321582,California
Santa Clara,2021-05-31,1096,2348288,631,1470467,356,791310,109,86511,443,214645,647,1107489,552,1322134,California
Santa Clara,2021-06-01,9032,2357320,6364,1476831,2288,793598,380,86891,3282,212628,5679,1113168,3662,1325796,California
Santa Clara,2021-06-02,7635,2364955,5506,1482337,1779,795377,350,87241,2966,211317,4618,1117786,3307,1329103,California
Santa Clara,2021-06-03,12200,2377155,10114,1492451,1717,797094,369,87610,2852,205247,9295,1127081,3225,1332328,California
Santa Clara,2021-06-04,13496,2390651,11319,1503770,1855,798949,322,87932,3376,198885,10054,1137135,3692,1336020,California
Santa Clara,2021-06-05,9637,2400288,8182,1511952,1198,800147,257,88189,2195,193947,7388,1144523,2450,1338470,California
Santa Clara,2021-06-06,5869,2406157,5125,1517077,595,800742,149,88338,1386,191054,4427,1148950,1534,1340004,California
Santa Clara,2021-06-07,9569,2415726,8047,1525124,1274,802016,248,88586,2321,186409,7211,1156161,2566,1342570,California
Santa Clara,2021-06-08,5810,2421536,4748,1529872,870,802886,192,88778,1426,183666,4359,1160520,1616,1344186,California
Santa Cruz,2020-12-15,2,2,2,2,0,0,0,0,2,2,0,0,2,2,California
Santa Cruz,2020-12-16,57,59,57,59,0,0,0,0,57,59,0,0,57,59,California
Santa Cruz,2020-12-17,385,444,385,444,0,0,0,0,385,444,0,0,385,444,California
Santa Cruz,2020-12-18,456,900,456,900,0,0,0,0,456,900,0,0,456,900,California
Santa Cruz,2020-12-19,177,1077,176,1076,1,1,0,0,177,1077,0,0,177,1077,California
Santa Cruz,2020-12-20,92,1169,92,1168,0,1,0,0,92,1169,0,0,92,1169,California
Santa Cruz,2020-12-21,433,1602,433,1601,0,1,0,0,433,1602,0,0,433,1602,California
Santa Cruz,2020-12-22,413,2015,412,2013,1,2,0,0,413,2015,0,0,413,2015,California
Santa Cruz,2020-12-23,358,2373,318,2331,40,42,0,0,358,2373,0,0,358,2373,California
Santa Cruz,2020-12-24,123,2496,47,2378,76,118,0,0,123,2496,0,0,123,2496,California
Santa Cruz,2020-12-25,9,2505,9,2387,0,118,0,0,9,2505,0,0,9,2505,California
Santa Cruz,2020-12-26,61,2566,43,2430,18,136,0,0,61,2566,0,0,61,2566,California
Santa Cruz,2020-12-27,31,2597,26,2456,5,141,0,0,31,2597,0,0,31,2597,California
Santa Cruz,2020-12-28,475,3072,107,2563,368,509,0,0,475,3072,0,0,475,3072,California
Santa Cruz,2020-12-29,783,3855,363,2926,420,929,0,0,783,3855,0,0,783,3855,California
Santa Cruz,2020-12-30,345,4200,157,3083,188,1117,0,0,345,4200,0,0,345,4200,California
Santa Cruz,2020-12-31,309,4509,10,3093,299,1416,0,0,309,4509,0,0,309,4509,California
Santa Cruz,2021-01-01,33,4542,1,3094,32,1448,0,0,33,4542,0,0,33,4542,California
Santa Cruz,2021-01-02,65,4607,52,3146,13,1461,0,0,65,4607,0,0,65,4607,California
Santa Cruz,2021-01-03,14,4621,6,3152,8,1469,0,0,14,4621,0,0,14,4621,California
Santa Cruz,2021-01-04,276,4897,122,3274,154,1623,0,0,274,4895,0,0,274,4895,California
Santa Cruz,2021-01-05,556,5453,423,3697,133,1756,0,0,258,4855,298,298,258,5153,California
Santa Cruz,2021-01-06,791,6244,662,4359,129,1885,0,0,455,4975,335,633,455,5608,California
Santa Cruz,2021-01-07,529,6773,211,4570,318,2203,0,0,374,5195,155,788,375,5983,California
Santa Cruz,2021-01-08,921,7694,553,5123,368,2571,0,0,482,5239,439,1227,483,6466,California
Santa Cruz,2021-01-09,461,8155,123,5246,338,2909,0,0,405,5588,56,1283,405,6871,California
Santa Cruz,2021-01-10,73,8228,64,5310,9,2918,0,0,19,5553,54,1337,19,6890,California
Santa Cruz,2021-01-11,711,8939,580,5890,131,3049,0,0,186,5215,525,1862,187,7077,California
Santa Cruz,2021-01-12,713,9652,520,6410,193,3242,0,0,471,5444,242,2104,471,7548,California
Santa Cruz,2021-01-13,503,10155,223,6633,280,3522,0,0,423,5790,77,2181,423,7971,California
Santa Cruz,2021-01-14,539,10694,98,6731,441,3963,0,0,478,6207,61,2242,478,8449,California
Santa Cruz,2021-01-15,1427,12121,71,6802,1356,5319,0,0,1366,7514,61,2303,1368,9817,California
Santa Cruz,2021-01-16,417,12538,49,6851,368,5687,0,0,401,7899,16,2319,401,10218,California
Santa Cruz,2021-01-17,296,12834,41,6892,255,5942,0,0,272,8147,24,2343,272,10490,California
Santa Cruz,2021-01-18,986,13820,99,6991,887,6829,0,0,925,9011,61,2404,925,11415,California
Santa Cruz,2021-01-19,1596,15416,513,7504,1083,7912,0,0,1252,9922,342,2746,1253,12668,California
Santa Cruz,2021-01-20,1222,16638,176,7680,1046,8958,0,0,1029,10761,190,2936,1029,13697,California
Santa Cruz,2021-01-21,1669,18307,194,7874,1475,10433,0,0,1563,12220,106,3042,1565,15262,California
Santa Cruz,2021-01-22,1762,20069,517,8391,1245,11678,0,0,1660,13783,98,3140,1661,16923,California
Santa Cruz,2021-01-23,393,20462,140,8531,253,11931,0,0,337,14065,55,3195,337,17260,California
Santa Cruz,2021-01-24,113,20575,18,8549,95,12026,0,0,95,14142,18,3213,95,17355,California
Santa Cruz,2021-01-25,1038,21613,354,8903,684,12710,0,0,539,14182,499,3712,539,17894,California
Santa Cruz,2021-01-26,1657,23270,241,9144,1416,14126,0,0,1157,14839,500,4212,1157,19051,California
Santa Cruz,2021-01-27,1629,24899,440,9584,1189,15315,0,0,1247,15706,380,4592,1247,20298,California
Santa Cruz,2021-01-28,1727,26626,284,9868,1443,16758,0,0,1453,16886,274,4866,1454,21752,California
Santa Cruz,2021-01-29,1718,28344,479,10347,1239,17997,0,0,1589,18347,128,4994,1589,23341,California
Santa Cruz,2021-01-30,1047,29391,309,10656,738,18735,0,0,915,19130,132,5126,915,24256,California
Santa Cruz,2021-01-31,218,29609,111,10767,107,18842,0,0,204,19320,14,5140,204,24460,California
Santa Cruz,2021-02-01,1202,30811,738,11505,464,19306,0,0,809,19736,393,5533,809,25269,California
Santa Cruz,2021-02-02,976,31787,122,11627,854,20160,0,0,826,20413,149,5682,826,26095,California
Santa Cruz,2021-02-03,2179,33966,934,12561,1245,21405,0,0,1873,21983,303,5985,1873,27968,California
Santa Cruz,2021-02-04,1815,35781,755,13316,1060,22465,0,0,1483,23135,331,6316,1483,29451,California
Santa Cruz,2021-02-05,3099,38880,756,14072,2343,24808,0,0,2788,25613,310,6626,2788,32239,California
Santa Cruz,2021-02-06,2538,41418,151,14223,2387,27195,0,0,2195,27465,343,6969,2195,34434,California
Santa Cruz,2021-02-07,901,42319,124,14347,777,27972,0,0,883,28330,18,6987,883,35317,California
Santa Cruz,2021-02-08,681,43000,192,14539,489,28461,0,0,490,28630,190,7177,490,35807,California
Santa Cruz,2021-02-09,2336,45336,1048,15587,1288,29749,0,0,2080,30454,256,7433,2080,37887,California
Santa Cruz,2021-02-10,2127,47463,560,16147,1567,31316,0,0,1444,31228,671,8104,1445,39332,California
Santa Cruz,2021-02-11,1806,49269,302,16449,1504,32820,0,0,1301,32026,503,8607,1301,40633,California
Santa Cruz,2021-02-12,3142,52411,408,16857,2734,35554,0,0,1758,32411,1375,9982,1760,42393,California
Santa Cruz,2021-02-13,1671,54082,119,16976,1552,37106,0,0,1266,33272,405,10387,1266,43659,California
Santa Cruz,2021-02-14,1387,55469,68,17044,1319,38425,0,0,1125,34135,262,10649,1125,44784,California
Santa Cruz,2021-02-15,1544,57013,274,17318,1270,39695,0,0,549,33690,995,11644,550,45334,California
Santa Cruz,2021-02-16,1656,58669,200,17518,1456,41151,0,0,513,33082,1121,12765,513,45847,California
Santa Cruz,2021-02-17,2862,61531,957,18475,1905,43056,0,0,1181,32598,1668,14433,1184,47031,California
Santa Cruz,2021-02-18,2819,64350,618,19093,2201,45257,0,0,1212,32207,1603,16036,1212,48243,California
Santa Cruz,2021-02-19,3194,67544,1113,20206,2081,47338,0,0,1964,32944,1227,17263,1964,50207,California
Santa Cruz,2021-02-20,2341,69885,1467,21673,874,48212,0,0,1846,34295,495,17758,1846,52053,California
Santa Cruz,2021-02-21,828,70713,364,22037,464,48676,0,0,699,34867,127,17885,699,52752,California
Santa Cruz,2021-02-22,1211,71924,931,22968,280,48956,0,0,517,34692,692,18577,517,53269,California
Santa Cruz,2021-02-23,2059,73983,918,23886,1141,50097,0,0,692,34018,1366,19943,692,53961,California
Santa Cruz,2021-02-24,3119,77102,1627,25513,1492,51589,0,0,1178,33260,1936,21879,1178,55139,California
Santa Cruz,2021-02-25,3169,80271,1389,26902,1780,53369,0,0,1744,33588,1417,23296,1745,56884,California
Santa Cruz,2021-02-26,2698,82969,742,27644,1956,55325,0,0,1538,33973,1155,24451,1540,58424,California
Santa Cruz,2021-02-27,2610,85579,919,28563,1691,57016,0,0,1825,35015,783,25234,1825,60249,California
Santa Cruz,2021-02-28,1278,86857,361,28924,917,57933,0,0,1067,35874,208,25442,1067,61316,California
Santa Cruz,2021-03-01,1875,88732,1232,30156,643,58576,0,0,697,35395,1176,26618,697,62013,California
Santa Cruz,2021-03-02,1504,90236,352,30508,1152,59728,0,0,852,35599,651,27269,855,62868,California
Santa Cruz,2021-03-03,2302,92538,609,31117,1693,61421,0,0,1255,35810,1044,28313,1255,64123,California
Santa Cruz,2021-03-04,2926,95464,1384,32501,1541,62962,1,1,1968,36833,947,29260,1970,66093,California
Santa Cruz,2021-03-05,2573,98037,468,32969,2088,65050,17,18,1115,36510,1455,30715,1132,67225,California
Santa Cruz,2021-03-06,3742,101779,1268,34237,2375,67425,99,117,2070,37006,1672,32387,2168,69393,California
Santa Cruz,2021-03-07,1332,103111,122,34359,1140,68565,70,187,552,36849,779,33166,622,70015,California
Santa Cruz,2021-03-08,1066,104177,215,34574,722,69287,129,316,644,37198,422,33588,771,70786,California
Santa Cruz,2021-03-09,1743,105920,253,34827,1345,70632,145,461,691,36985,1049,34637,836,71622,California
Santa Cruz,2021-03-10,3787,109707,2068,36895,1577,72209,142,603,1977,37298,1808,36445,2121,73743,California
Santa Cruz,2021-03-11,2764,112471,1202,38097,1392,73601,170,773,1529,37765,1234,37679,1701,75444,California
Santa Cruz,2021-03-12,2697,115168,866,38963,1546,75147,285,1058,903,37161,1790,39469,1186,76630,California
Santa Cruz,2021-03-13,2253,117421,1303,40266,910,76057,40,1098,1152,37257,1098,40567,1194,77824,California
Santa Cruz,2021-03-14,879,118300,201,40467,665,76722,13,1111,419,37230,458,41025,431,78255,California
Santa Cruz,2021-03-15,1300,119600,456,40923,810,77532,34,1145,555,37079,741,41766,590,78845,California
Santa Cruz,2021-03-16,2262,121862,1071,41994,1150,78682,41,1186,1309,37480,948,42714,1349,80194,California
Santa Cruz,2021-03-17,3858,125720,2275,44269,1573,80255,10,1196,2539,38719,1314,44028,2553,82747,California
Santa Cruz,2021-03-18,3784,129504,2034,46303,1633,81888,117,1313,2023,39101,1758,45786,2140,84887,California
Santa Cruz,2021-03-19,3303,132807,1290,47593,1794,83682,219,1532,1717,39455,1581,47367,1935,86822,California
Santa Cruz,2021-03-20,2136,134943,1602,49195,499,84181,35,1567,1068,39491,1067,48434,1103,87925,California
Santa Cruz,2021-03-21,814,135757,435,49630,255,84436,124,1691,423,39651,388,48822,548,88473,California
Santa Cruz,2021-03-22,1318,137075,815,50445,481,84917,22,1713,917,40193,398,49220,940,89413,California
Santa Cruz,2021-03-23,2496,139571,1397,51842,1050,85967,49,1762,1653,41053,842,50062,1702,91115,California
Santa Cruz,2021-03-24,3012,142583,2045,53887,946,86913,21,1783,1998,42063,1008,51070,2018,93133,California
Santa Cruz,2021-03-25,2575,145158,1290,55177,1250,88163,35,1818,1298,42126,1270,52340,1333,94466,California
Santa Cruz,2021-03-26,3044,148202,1760,56937,1256,89419,28,1846,2074,43264,963,53303,2101,96567,California
Santa Cruz,2021-03-27,3114,151316,1932,58869,1157,90576,25,1871,1462,43110,1642,54945,1488,98055,California
Santa Cruz,2021-03-28,902,152218,555,59424,333,90909,14,1885,472,43170,426,55371,486,98541,California
Santa Cruz,2021-03-29,1949,154167,850,60274,1032,91941,67,1952,1231,43753,715,56086,1298,99839,California
Santa Cruz,2021-03-30,2637,156804,791,61065,1696,93637,150,2102,1682,44631,953,57039,1831,101670,California
Santa Cruz,2021-03-31,4102,160906,2782,63847,1274,94911,46,2148,2148,44876,1949,58988,2194,103864,California
Santa Cruz,2021-04-01,3935,164841,2107,65954,1720,96631,108,2256,1988,45032,1940,60928,2096,105960,California
Santa Cruz,2021-04-02,3230,168071,1382,67336,1672,98303,176,2432,1838,45657,1389,62317,2014,107974,California
Santa Cruz,2021-04-03,2206,170277,1204,68540,876,99179,126,2558,863,45304,1341,63658,988,108962,California
Santa Cruz,2021-04-04,922,171199,480,69020,386,99565,56,2614,538,45514,384,64042,594,109556,California
Santa Cruz,2021-04-05,2227,173426,763,69783,1300,100865,164,2778,1378,46209,848,64890,1543,111099,California
Santa Cruz,2021-04-06,3331,176757,1614,71397,1344,102209,373,3151,1931,47118,1390,66280,2299,113398,California
Santa Cruz,2021-04-07,4060,180817,1599,72996,2111,104320,350,3501,1754,46918,2303,68583,2103,115501,California
Santa Cruz,2021-04-08,4173,184990,2284,75280,1389,105709,500,4001,2457,48166,1707,70290,2955,118456,California
Santa Cruz,2021-04-09,3654,188644,1474,76754,1785,107494,395,4396,2052,49019,1595,71885,2448,120904,California
Santa Cruz,2021-04-10,2199,190843,1045,77799,915,108409,239,4635,1030,49121,1165,73050,1267,122171,California
Santa Cruz,2021-04-11,965,191808,502,78301,374,108783,89,4724,462,49169,503,73553,551,122722,California
Santa Cruz,2021-04-12,2265,194073,796,79097,1058,109841,411,5135,1093,49515,1158,74711,1504,124226,California
Santa Cruz,2021-04-13,2859,196932,1415,80512,1443,111284,1,5136,1624,49914,1227,75938,1626,125852,California
Santa Cruz,2021-04-14,4545,201477,2178,82690,2367,113651,0,5136,2236,49853,2301,78239,2240,128092,California
Santa Cruz,2021-04-15,4963,206440,3140,85830,1823,115474,0,5136,3153,51211,1799,80038,3157,131249,California
Santa Cruz,2021-04-16,4388,210828,2411,88241,1975,117449,2,5138,2393,51620,1987,82025,2396,133645,California
Santa Cruz,2021-04-17,2199,213027,870,89111,1329,118778,0,5138,1461,52345,736,82761,1461,135106,California
Santa Cruz,2021-04-18,1034,214061,495,89606,538,119316,1,5139,578,52470,454,83215,579,135685,California
Santa Cruz,2021-04-19,2499,216560,1480,91086,1018,120334,1,5140,1594,53162,902,84117,1594,137279,California
Santa Cruz,2021-04-20,3076,219636,1619,92705,1457,121791,0,5140,1785,53665,1283,85400,1786,139065,California
Santa Cruz,2021-04-21,4143,223779,2769,95474,1374,123165,0,5140,2240,54021,1885,87285,2241,141306,California
Santa Cruz,2021-04-22,4214,227993,2844,98318,1370,124535,0,5140,2378,54572,1827,89112,2378,143684,California
Santa Cruz,2021-04-23,3115,231108,1680,99998,1434,125969,1,5141,1347,54161,1758,90870,1347,145031,California
Santa Cruz,2021-04-24,2194,233302,1060,101058,1131,127100,3,5144,685,53350,1499,92369,688,145719,California
Santa Cruz,2021-04-25,1066,234368,679,101737,375,127475,12,5156,436,53175,622,92991,447,146166,California
Santa Cruz,2021-04-26,2046,236414,995,102732,1037,128512,14,5170,851,52856,1185,94176,866,147032,California
Santa Cruz,2021-04-27,2860,239274,909,103641,1872,130384,79,5249,1428,52937,1426,95602,1507,148539,California
Santa Cruz,2021-04-28,3387,242661,1879,105520,1433,131817,75,5324,1782,53198,1593,97195,1854,150393,California
Santa Cruz,2021-04-29,3692,246353,2458,107978,1172,132989,62,5386,1306,52193,2375,99570,1370,151763,California
Santa Cruz,2021-04-30,2341,248694,1182,109160,1116,134105,43,5429,992,51888,1341,100911,1036,152799,California
Santa Cruz,2021-05-01,1256,249950,993,110153,231,134336,32,5461,595,51856,659,101570,627,153426,California
Santa Cruz,2021-05-02,625,250575,442,110595,157,134493,26,5487,212,51682,413,101983,239,153665,California
Santa Cruz,2021-05-03,1881,252456,963,111558,854,135347,64,5551,653,51183,1217,103200,718,154383,California
Santa Cruz,2021-05-04,2623,255079,1512,113070,1041,136388,70,5621,856,50343,1764,104964,924,155307,California
Santa Cruz,2021-05-05,2703,257782,1337,114407,1287,137675,79,5700,710,49185,1951,106915,793,156100,California
Santa Cruz,2021-05-06,3762,261544,2389,116796,1157,138832,216,5916,844,47342,2900,109815,1057,157157,California
Santa Cruz,2021-05-07,2682,264226,1203,117999,1399,140231,80,5996,427,45600,2250,112065,508,157665,California
Santa Cruz,2021-05-08,1330,265556,659,118658,643,140874,28,6024,371,45042,959,113024,401,158066,California
Santa Cruz,2021-05-09,500,266056,323,118981,155,141029,22,6046,153,44872,345,113369,175,158241,California
Santa Cruz,2021-05-10,2015,268071,1195,120176,759,141788,61,6107,409,43744,1598,114967,470,158711,California
Santa Cruz,2021-05-11,2295,270366,1285,121461,933,142721,77,6184,634,42798,1656,116623,710,159421,California
Santa Cruz,2021-05-12,3076,273442,1301,122762,1698,144419,77,6261,550,40909,2517,119140,628,160049,California
Santa Cruz,2021-05-13,3723,277165,2521,125283,1113,145532,89,6350,1316,39913,2403,121543,1407,161456,California
Santa Cruz,2021-05-14,2944,280109,1615,126898,1291,146823,38,6388,1153,39323,1783,123326,1193,162649,California
Santa Cruz,2021-05-15,2260,282369,1316,128214,932,147755,12,6400,1108,39294,1149,124475,1120,163769,California
Santa Cruz,2021-05-16,707,283076,359,128573,327,148082,21,6421,202,39014,504,124979,224,163993,California
Santa Cruz,2021-05-17,1510,284586,788,129361,656,148738,66,6487,540,38651,969,125948,606,164599,California
Santa Cruz,2021-05-18,2283,286869,1402,130763,858,149596,23,6510,1124,38647,1151,127099,1147,165746,California
Santa Cruz,2021-05-19,3025,289894,1829,132592,1162,150758,34,6544,1292,38248,1725,128824,1326,167072,California
Santa Cruz,2021-05-20,2969,292863,2211,134803,612,151370,146,6690,1447,38326,1515,130339,1593,168665,California
Santa Cruz,2021-05-21,1457,294320,731,135534,640,152010,86,6776,534,38027,919,131258,620,169285,California
Santa Cruz,2021-05-22,1413,295733,1196,136730,210,152220,7,6783,539,37703,871,132129,547,169832,California
Santa Cruz,2021-05-23,232,295965,178,136908,37,152257,17,6800,104,37698,126,132255,121,169953,California
Santa Cruz,2021-05-24,1154,297119,664,137572,413,152670,77,6877,303,37235,843,133098,380,170333,California
Santa Cruz,2021-05-25,2264,299383,1303,138875,915,153585,46,6923,489,36141,1629,134727,535,170868,California
Santa Cruz,2021-05-26,1701,301084,796,139671,862,154447,43,6966,491,35477,1198,135925,534,171402,California
Santa Cruz,2021-05-27,1277,302361,677,140348,497,154944,103,7069,466,35242,804,136729,569,171971,California
Santa Cruz,2021-05-28,849,303210,379,140727,440,155384,30,7099,372,35177,468,137197,403,172374,California
Santa Cruz,2021-05-29,574,303784,326,141053,238,155622,10,7109,323,35261,250,137447,334,172708,California
Santa Cruz,2021-05-30,238,304022,121,141174,105,155727,12,7121,97,35231,138,137585,108,172816,California
Santa Cruz,2021-05-31,143,304165,64,141238,78,155805,1,7122,46,35182,96,137681,47,172863,California
Santa Cruz,2021-06-01,911,305076,560,141798,339,156144,12,7134,347,34978,562,138243,358,173221,California
Santa Cruz,2021-06-02,888,305964,531,142329,317,156461,40,7174,359,34853,524,138767,399,173620,California
Santa Cruz,2021-06-03,2248,308212,1530,143859,679,157140,39,7213,582,33818,1656,140423,621,174241,California
Santa Cruz,2021-06-04,1043,309255,725,144584,285,157425,33,7246,248,33308,790,141213,280,174521,California
Santa Cruz,2021-06-05,984,310239,802,145386,175,157600,7,7253,189,32714,790,142003,196,174717,California
Santa Cruz,2021-06-06,377,310616,299,145685,63,157663,15,7268,146,32647,228,142231,161,174878,California
Santa Cruz,2021-06-07,734,311350,553,146238,151,157814,30,7298,154,32253,579,142810,185,175063,California
Santa Cruz,2021-06-08,668,312018,579,146817,72,157886,17,7315,118,31839,549,143359,135,175198,California
Shasta,2020-12-16,130,130,130,130,0,0,0,0,130,130,0,0,130,130,California
Shasta,2020-12-17,421,551,421,551,0,0,0,0,421,551,0,0,421,551,California
Shasta,2020-12-18,164,715,164,715,0,0,0,0,164,715,0,0,164,715,California
Shasta,2020-12-19,1,716,1,716,0,0,0,0,1,716,0,0,1,716,California
Shasta,2020-12-21,75,791,75,791,0,0,0,0,75,791,0,0,75,791,California
Shasta,2020-12-22,190,981,185,976,5,5,0,0,190,981,0,0,190,981,California
Shasta,2020-12-23,170,1151,166,1142,4,9,0,0,170,1151,0,0,170,1151,California
Shasta,2020-12-24,21,1172,21,1163,0,9,0,0,21,1172,0,0,21,1172,California
Shasta,2020-12-26,4,1176,1,1164,3,12,0,0,4,1176,0,0,4,1176,California
Shasta,2020-12-27,1,1177,0,1164,1,13,0,0,1,1177,0,0,1,1177,California
Shasta,2020-12-28,38,1215,29,1193,9,22,0,0,38,1215,0,0,38,1215,California
Shasta,2020-12-29,179,1394,178,1371,1,23,0,0,179,1394,0,0,179,1394,California
Shasta,2020-12-30,179,1573,169,1540,10,33,0,0,179,1573,0,0,179,1573,California
Shasta,2020-12-31,83,1656,2,1542,81,114,0,0,83,1656,0,0,83,1656,California
Shasta,2021-01-02,2,1658,0,1542,2,116,0,0,2,1658,0,0,2,1658,California
Shasta,2021-01-03,1,1659,1,1543,0,116,0,0,1,1659,0,0,1,1659,California
Shasta,2021-01-04,365,2024,302,1845,63,179,0,0,366,2025,0,0,366,2025,California
Shasta,2021-01-05,332,2356,312,2157,20,199,0,0,252,2197,80,80,252,2277,California
Shasta,2021-01-06,461,2817,390,2547,71,270,0,0,201,2139,259,339,201,2478,California
Shasta,2021-01-07,129,2946,40,2587,89,359,0,0,104,2218,25,364,104,2582,California
Shasta,2021-01-08,521,3467,446,3033,75,434,0,0,313,2323,208,572,313,2895,California
Shasta,2021-01-09,72,3539,63,3096,9,443,0,0,70,2391,2,574,70,2965,California
Shasta,2021-01-10,5,3544,0,3096,5,448,0,0,3,2394,2,576,5,2970,California
Shasta,2021-01-11,400,3944,183,3279,217,665,0,0,367,2728,33,609,367,3337,California
Shasta,2021-01-12,479,4423,322,3601,157,822,0,0,309,2867,170,779,309,3646,California
Shasta,2021-01-13,597,5020,267,3868,330,1152,0,0,428,3126,169,948,428,4074,California
Shasta,2021-01-14,493,5513,54,3922,439,1591,0,0,473,3579,20,968,473,4547,California
Shasta,2021-01-15,678,6191,137,4059,541,2132,0,0,676,4253,2,970,676,5223,California
Shasta,2021-01-16,889,7080,53,4112,836,2968,0,0,886,5136,3,973,886,6109,California
Shasta,2021-01-17,27,7107,6,4118,21,2989,0,0,23,5155,4,977,23,6132,California
Shasta,2021-01-18,596,7703,127,4245,469,3458,0,0,589,5737,7,984,589,6721,California
Shasta,2021-01-19,1050,8753,393,4638,657,4115,0,0,907,6501,143,1127,907,7628,California
Shasta,2021-01-20,675,9428,413,5051,262,4377,0,0,488,6807,182,1309,488,8116,California
Shasta,2021-01-21,619,10047,280,5331,339,4716,0,0,598,7384,21,1330,598,8714,California
Shasta,2021-01-22,434,10481,175,5506,259,4975,0,0,428,7806,6,1336,428,9142,California
Shasta,2021-01-23,62,10543,5,5511,57,5032,0,0,61,7866,1,1337,61,9203,California
Shasta,2021-01-24,25,10568,2,5513,23,5055,0,0,24,7889,1,1338,24,9227,California
Shasta,2021-01-25,742,11310,485,5998,257,5312,0,0,460,8068,281,1619,460,9687,California
Shasta,2021-01-26,697,12007,336,6334,361,5673,0,0,463,8299,232,1851,463,10150,California
Shasta,2021-01-27,456,12463,187,6521,269,5942,0,0,407,8657,49,1900,407,10557,California
Shasta,2021-01-28,877,13340,571,7092,306,6248,0,0,658,9096,219,2119,658,11215,California
Shasta,2021-01-29,814,14154,330,7422,484,6732,0,0,626,9535,188,2307,627,11842,California
Shasta,2021-01-30,611,14765,15,7437,596,7328,0,0,601,10126,10,2317,601,12443,California
Shasta,2021-01-31,27,14792,3,7440,24,7352,0,0,26,10151,1,2318,26,12469,California
Shasta,2021-02-01,535,15327,149,7589,386,7738,0,0,392,10401,143,2461,393,12862,California
Shasta,2021-02-02,985,16312,499,8088,486,8224,0,0,895,11208,88,2549,895,13757,California
Shasta,2021-02-03,704,17016,211,8299,493,8717,0,0,471,11446,233,2782,471,14228,California
Shasta,2021-02-04,1089,18105,676,8975,413,9130,0,0,898,12154,190,2972,898,15126,California
Shasta,2021-02-05,1254,19359,166,9141,1088,10218,0,0,1046,12993,207,3179,1046,16172,California
Shasta,2021-02-06,1737,21096,40,9181,1697,11915,0,0,1714,14684,23,3202,1714,17886,California
Shasta,2021-02-07,25,21121,3,9184,22,11937,0,0,23,14705,2,3204,23,17909,California
Shasta,2021-02-08,592,21713,167,9351,425,12362,0,0,305,14723,287,3491,305,18214,California
Shasta,2021-02-09,1121,22834,647,9998,474,12836,0,0,732,15067,389,3880,733,18947,California
Shasta,2021-02-10,1124,23958,792,10790,332,13168,0,0,601,15145,524,4404,602,19549,California
Shasta,2021-02-11,877,24835,184,10974,693,13861,0,0,360,14993,512,4916,360,19909,California
Shasta,2021-02-12,1770,26605,1203,12177,567,14428,0,0,1227,15677,543,5459,1227,21136,California
Shasta,2021-02-13,1364,27969,365,12542,999,15427,0,0,558,15429,807,6266,559,21695,California
Shasta,2021-02-14,148,28117,4,12546,144,15571,0,0,125,15531,23,6289,125,21820,California
Shasta,2021-02-15,377,28494,95,12641,282,15853,0,0,210,15574,167,6456,210,22030,California
Shasta,2021-02-16,1190,29684,517,13158,673,16526,0,0,421,15227,768,7224,421,22451,California
Shasta,2021-02-17,1039,30723,451,13609,588,17114,0,0,421,15030,618,7842,421,22872,California
Shasta,2021-02-18,937,31660,469,14078,468,17582,0,0,455,15004,482,8324,456,23328,California
Shasta,2021-02-19,1334,32994,951,15029,383,17965,0,0,876,15422,458,8782,876,24204,California
Shasta,2021-02-20,792,33786,88,15117,704,18669,0,0,299,15228,493,9275,299,24503,California
Shasta,2021-02-21,31,33817,3,15120,28,18697,0,0,9,15215,22,9297,9,24512,California
Shasta,2021-02-22,430,34247,80,15200,350,19047,0,0,181,15148,248,9545,181,24693,California
Shasta,2021-02-23,909,35156,470,15670,439,19486,0,0,327,14893,582,10127,327,25020,California
Shasta,2021-02-24,871,36027,502,16172,369,19855,0,0,268,14559,602,10729,268,25288,California
Shasta,2021-02-25,521,36548,173,16345,348,20203,0,0,168,14375,352,11081,168,25456,California
Shasta,2021-02-26,775,37323,94,16439,681,20884,0,0,332,14265,442,11523,332,25788,California
Shasta,2021-02-27,808,38131,26,16465,782,21666,0,0,187,13833,619,12142,187,25975,California
Shasta,2021-02-28,177,38308,4,16469,173,21839,0,0,127,13910,50,12192,127,26102,California
Shasta,2021-03-01,588,38896,57,16526,531,22370,0,0,296,13915,291,12483,296,26398,California
Shasta,2021-03-02,1031,39927,473,16999,558,22928,0,0,340,13566,689,13172,340,26738,California
Shasta,2021-03-03,673,40600,174,17173,499,23427,0,0,242,13377,431,13603,242,26980,California
Shasta,2021-03-04,2991,43591,2401,19574,590,24017,0,0,1722,13833,1267,14870,1723,28703,California
Shasta,2021-03-05,1542,45133,159,19733,1354,25371,29,29,777,13873,766,15636,806,29509,California
Shasta,2021-03-06,2722,47855,383,20116,2294,27665,45,74,851,12900,1869,17505,896,30405,California
Shasta,2021-03-07,92,47947,4,20120,56,27721,32,106,38,12916,54,17559,70,30475,California
Shasta,2021-03-08,571,48518,52,20172,381,28102,138,244,157,12799,412,17971,295,30770,California
Shasta,2021-03-09,1235,49753,595,20767,464,28566,176,420,679,13098,555,18526,854,31624,California
Shasta,2021-03-10,798,50551,256,21023,340,28906,202,622,139,12779,658,19184,339,31963,California
Shasta,2021-03-11,1537,52088,471,21494,800,29706,266,888,926,13363,608,19792,1192,33155,California
Shasta,2021-03-12,1554,53642,850,22344,458,30164,246,1134,404,12863,1149,20941,649,33804,California
Shasta,2021-03-13,755,54397,424,22768,229,30393,102,1236,474,13157,280,21221,574,34378,California
Shasta,2021-03-14,1010,55407,8,22776,980,31373,22,1258,873,13916,137,21358,896,35274,California
Shasta,2021-03-15,493,55900,38,22814,356,31729,99,1357,209,13939,284,21642,307,35581,California
Shasta,2021-03-16,1132,57032,145,22959,919,32648,68,1425,848,14571,284,21926,916,36497,California
Shasta,2021-03-17,723,57755,184,23143,481,33129,58,1483,386,14685,330,22256,444,36941,California
Shasta,2021-03-18,1529,59284,584,23727,842,33971,103,1586,1105,15473,420,22676,1208,38149,California
Shasta,2021-03-19,635,59919,196,23923,383,34354,56,1642,402,15699,232,22908,458,38607,California
Shasta,2021-03-20,737,60656,485,24408,241,34595,11,1653,594,16161,143,23051,605,39212,California
Shasta,2021-03-21,313,60969,298,24706,4,34599,11,1664,286,16432,26,23077,297,39509,California
Shasta,2021-03-22,344,61313,37,24743,271,34870,36,1700,196,16517,147,23224,232,39741,California
Shasta,2021-03-23,1308,62621,652,25395,596,35466,60,1760,756,16786,547,23771,816,40557,California
Shasta,2021-03-24,612,63233,161,25556,414,35880,37,1797,371,16954,240,24011,408,40965,California
Shasta,2021-03-25,1117,64350,430,25986,666,36546,21,1818,802,17466,312,24323,824,41789,California
Shasta,2021-03-26,1809,66159,1381,27367,397,36943,31,1849,1452,18593,357,24680,1484,43273,California
Shasta,2021-03-27,1570,67729,387,27754,315,37258,868,2717,556,19001,1012,25692,1420,44693,California
Shasta,2021-03-28,402,68131,297,28051,95,37353,10,2727,299,19209,101,25793,309,45002,California
Shasta,2021-03-29,418,68549,40,28091,367,37720,11,2738,165,19133,252,26045,176,45178,California
Shasta,2021-03-30,1231,69780,757,28848,457,38177,17,2755,613,19148,615,26660,630,45808,California
Shasta,2021-03-31,614,70394,203,29051,405,38582,6,2761,374,19293,235,26895,380,46188,California
Shasta,2021-04-01,885,71279,237,29288,636,39218,12,2773,560,19542,323,27218,572,46760,California
Shasta,2021-04-02,733,72012,185,29473,495,39713,53,2826,398,19660,333,27551,451,47211,California
Shasta,2021-04-03,509,72521,362,29835,129,39842,18,2844,387,19943,122,27673,405,47616,California
Shasta,2021-04-04,290,72811,176,30011,95,39937,19,2863,218,20108,72,27745,237,47853,California
Shasta,2021-04-05,435,73246,68,30079,309,40246,58,2921,251,20233,184,27929,309,48162,California
Shasta,2021-04-06,1131,74377,485,30564,480,40726,166,3087,536,20344,590,28519,701,48863,California
Shasta,2021-04-07,645,75022,202,30766,281,41007,162,3249,249,20362,392,28911,410,49273,California
Shasta,2021-04-08,1134,76156,257,31023,722,41729,155,3404,212,19809,920,29831,367,49640,California
Shasta,2021-04-09,2567,78723,2055,33078,303,42032,209,3613,1993,21442,567,30398,2200,51840,California
Shasta,2021-04-10,873,79596,587,33665,158,42190,128,3741,263,21221,610,31008,389,52229,California
Shasta,2021-04-11,1244,80840,397,34062,827,43017,20,3761,143,20287,1097,32105,163,52392,California
Shasta,2021-04-12,335,81175,7,34069,267,43284,61,3822,96,20205,238,32343,156,52548,California
Shasta,2021-04-13,1262,82437,365,34434,895,44179,2,3824,338,19625,920,33263,340,52888,California
Shasta,2021-04-14,588,83025,148,34582,438,44617,2,3826,219,19478,368,33631,221,53109,California
Shasta,2021-04-15,1063,84088,254,34836,809,45426,0,3826,300,19018,760,34391,300,53409,California
Shasta,2021-04-16,2302,86390,1824,36660,478,45904,0,3826,928,18574,1372,35763,928,54337,California
Shasta,2021-04-17,619,87009,396,37056,223,46127,0,3826,178,18312,441,36204,179,54516,California
Shasta,2021-04-18,264,87273,239,37295,25,46152,0,3826,32,18114,230,36434,32,54548,California
Shasta,2021-04-19,376,87649,27,37322,349,46501,0,3826,160,18058,216,36650,160,54708,California
Shasta,2021-04-20,981,88630,232,37554,749,47250,0,3826,363,17804,617,37267,363,55071,California
Shasta,2021-04-21,587,89217,206,37760,381,47631,0,3826,299,17815,288,37555,299,55370,California
Shasta,2021-04-22,950,90167,269,38029,681,48312,0,3826,297,17461,651,38206,297,55667,California
Shasta,2021-04-23,641,90808,250,38279,391,48703,0,3826,323,17467,317,38523,323,55990,California
Shasta,2021-04-24,596,91404,357,38636,238,48941,1,3827,107,17087,487,39010,107,56097,California
Shasta,2021-04-25,209,91613,180,38816,28,48969,1,3828,36,16951,173,39183,37,56134,California
Shasta,2021-04-26,493,92106,52,38868,436,49405,5,3833,345,17154,146,39329,349,56483,California
Shasta,2021-04-27,532,92638,172,39040,322,49727,38,3871,295,17251,234,39563,331,56814,California
Shasta,2021-04-28,565,93203,144,39184,389,50116,32,3903,251,17219,314,39877,282,57096,California
Shasta,2021-04-29,767,93970,111,39295,633,50749,23,3926,180,16836,586,40463,203,57299,California
Shasta,2021-04-30,2236,96206,1818,41113,388,51137,30,3956,256,15143,1979,42442,286,57585,California
Shasta,2021-05-01,221,96427,19,41132,126,51263,76,4032,94,15186,127,42569,170,57755,California
Shasta,2021-05-02,46,96473,16,41148,17,51280,13,4045,19,15191,27,42596,32,57787,California
Shasta,2021-05-03,344,96817,93,41241,226,51506,25,4070,107,15087,236,42832,132,57919,California
Shasta,2021-05-04,522,97339,192,41433,293,51799,37,4107,253,15111,266,43098,290,58209,California
Shasta,2021-05-05,432,97771,140,41573,275,52074,17,4124,198,15092,234,43332,215,58424,California
Shasta,2021-05-06,686,98457,259,41832,389,52463,38,4162,292,15035,385,43717,328,58752,California
Shasta,2021-05-07,1102,99559,729,42561,335,52798,38,4200,299,14570,802,44519,337,59089,California
Shasta,2021-05-08,166,99725,82,42643,73,52871,11,4211,97,14608,69,44588,107,59196,California
Shasta,2021-05-09,64,99789,14,42657,45,52916,5,4216,34,14617,30,44618,39,59235,California
Shasta,2021-05-10,256,100045,19,42676,188,53104,49,4265,112,14634,141,44759,158,59393,California
Shasta,2021-05-11,497,100542,149,42825,200,53304,148,4413,175,14636,321,45080,323,59716,California
Shasta,2021-05-12,386,100928,142,42967,221,53525,23,4436,129,14532,256,45336,152,59868,California
Shasta,2021-05-13,548,101476,227,43194,305,53830,16,4452,202,14406,344,45680,218,60086,California
Shasta,2021-05-14,636,102112,270,43464,341,54171,25,4477,293,14383,342,46022,319,60405,California
Shasta,2021-05-15,382,102494,120,43584,161,54332,101,4578,159,14420,222,46244,259,60664,California
Shasta,2021-05-16,220,102714,154,43738,56,54388,10,4588,162,14534,58,46302,172,60836,California
Shasta,2021-05-17,527,103241,239,43977,229,54617,59,4647,280,14627,246,46548,339,61175,California
Shasta,2021-05-18,605,103846,290,44267,290,54907,25,4672,323,14693,282,46830,348,61523,California
Shasta,2021-05-19,586,104432,276,44543,243,55150,67,4739,286,14749,297,47127,353,61876,California
Shasta,2021-05-20,518,104950,239,44782,260,55410,19,4758,246,14745,269,47396,265,62141,California
Shasta,2021-05-21,554,105504,252,45034,283,55693,19,4777,295,14802,257,47653,314,62455,California
Shasta,2021-05-22,216,105720,114,45148,93,55786,9,4786,127,14851,87,47740,136,62591,California
Shasta,2021-05-23,101,105821,44,45192,49,55835,8,4794,63,14884,38,47778,71,62662,California
Shasta,2021-05-24,523,106344,162,45354,331,56166,30,4824,187,14766,335,48113,217,62879,California
Shasta,2021-05-25,461,106805,196,45550,220,56386,45,4869,158,14669,299,48412,202,63081,California
Shasta,2021-05-26,369,107174,142,45692,202,56588,25,4894,147,14619,222,48634,172,63253,California
Shasta,2021-05-27,420,107594,155,45847,256,56844,9,4903,157,14525,260,48894,166,63419,California
Shasta,2021-05-28,438,108032,197,46044,212,57056,29,4932,206,14531,229,49123,235,63654,California
Shasta,2021-05-29,223,108255,63,46107,130,57186,30,4962,94,14524,129,49252,122,63776,California
Shasta,2021-05-30,85,108340,49,46156,34,57220,2,4964,57,14555,28,49280,59,63835,California
Shasta,2021-05-31,35,108375,9,46165,25,57245,1,4965,12,14546,22,49302,13,63848,California
Shasta,2021-06-01,524,108899,153,46318,227,57472,144,5109,137,14448,380,49682,282,64130,California
Shasta,2021-06-02,292,109191,118,46436,165,57637,9,5118,121,14409,169,49851,130,64260,California
Shasta,2021-06-03,367,109558,157,46593,203,57840,7,5125,124,14298,242,50093,131,64391,California
Shasta,2021-06-04,576,110134,288,46881,259,58099,29,5154,206,14164,369,50462,235,64626,California
Shasta,2021-06-05,254,110388,149,47030,87,58186,18,5172,88,14105,165,50627,106,64732,California
Shasta,2021-06-06,162,110550,128,47158,31,58217,3,5175,47,14040,115,50742,50,64782,California
Shasta,2021-06-07,385,110935,226,47384,143,58360,16,5191,105,13881,280,51022,121,64903,California
Shasta,2021-06-08,201,111136,104,47488,58,58418,39,5230,46,13811,155,51177,85,64988,California
Sierra,2020-12-18,1,1,1,1,0,0,0,0,1,1,0,0,1,1,California
Sierra,2020-12-21,2,3,2,3,0,0,0,0,2,3,0,0,2,3,California
Sierra,2020-12-22,12,15,12,15,0,0,0,0,12,15,0,0,12,15,California
Sierra,2020-12-23,4,19,4,19,0,0,0,0,4,19,0,0,4,19,California
Sierra,2020-12-28,1,20,0,19,1,1,0,0,1,20,0,0,1,20,California
Sierra,2020-12-29,49,69,7,26,42,43,0,0,49,69,0,0,49,69,California
Sierra,2020-12-30,2,71,0,26,2,45,0,0,2,71,0,0,2,71,California
Sierra,2020-12-31,13,84,0,26,13,58,0,0,13,84,0,0,13,84,California
Sierra,2021-01-01,1,85,1,27,0,58,0,0,1,85,0,0,1,85,California
Sierra,2021-01-05,63,148,2,29,61,119,0,0,63,148,0,0,63,148,California
Sierra,2021-01-06,1,149,1,30,0,119,0,0,1,149,0,0,1,149,California
Sierra,2021-01-07,21,170,1,31,20,139,0,0,20,168,1,1,20,169,California
Sierra,2021-01-08,1,171,1,32,0,139,0,0,1,169,0,1,1,170,California
Sierra,2021-01-11,3,174,3,35,0,139,0,0,0,166,3,4,0,170,California
Sierra,2021-01-12,38,212,12,47,26,165,0,0,26,180,12,16,26,196,California
Sierra,2021-01-13,3,215,3,50,0,165,0,0,0,177,3,19,0,196,California
Sierra,2021-01-14,35,250,2,52,33,198,0,0,35,212,0,19,35,231,California
Sierra,2021-01-15,3,253,1,53,2,200,0,0,3,215,0,19,3,234,California
Sierra,2021-01-18,2,255,0,53,2,202,0,0,2,217,0,19,2,236,California
Sierra,2021-01-19,32,287,0,53,32,234,0,0,32,249,0,19,32,268,California
Sierra,2021-01-20,1,288,1,54,0,234,0,0,1,250,0,19,1,269,California
Sierra,2021-01-21,53,341,0,54,53,287,0,0,53,303,0,19,53,322,California
Sierra,2021-01-22,2,343,0,54,2,289,0,0,2,305,0,19,2,324,California
Sierra,2021-01-23,2,345,0,54,2,291,0,0,2,307,0,19,2,326,California
Sierra,2021-01-26,62,407,0,54,62,353,0,0,24,293,38,57,24,350,California
Sierra,2021-01-27,4,411,4,58,0,353,0,0,0,289,4,61,0,350,California
Sierra,2021-01-28,53,464,0,58,53,406,0,0,43,322,10,71,43,393,California
Sierra,2021-01-29,1,465,0,58,1,407,0,0,1,323,0,71,1,394,California
Sierra,2021-01-30,3,468,3,61,0,407,0,0,2,324,1,72,2,396,California
Sierra,2021-02-01,1,469,0,61,1,408,0,0,0,323,1,73,0,396,California
Sierra,2021-02-02,59,528,1,62,58,466,0,0,21,306,38,111,21,417,California
Sierra,2021-02-03,6,534,5,67,1,467,0,0,5,310,1,112,5,422,California
Sierra,2021-02-04,101,635,4,71,97,564,0,0,52,313,49,161,52,474,California
Sierra,2021-02-05,5,640,3,74,2,566,0,0,4,316,1,162,4,478,California
Sierra,2021-02-09,54,694,0,74,54,620,0,0,51,364,3,165,51,529,California
Sierra,2021-02-10,3,697,1,75,2,622,0,0,3,367,0,165,3,532,California
Sierra,2021-02-11,194,891,1,76,193,815,0,0,134,441,60,225,134,666,California
Sierra,2021-02-12,20,911,0,76,20,835,0,0,20,461,0,225,20,686,California
Sierra,2021-02-13,1,912,1,77,0,835,0,0,1,462,0,225,1,687,California
Sierra,2021-02-15,2,914,2,79,0,835,0,0,0,460,2,227,0,687,California
Sierra,2021-02-16,43,957,0,79,43,878,0,0,10,437,33,260,10,697,California
Sierra,2021-02-17,4,961,0,79,4,882,0,0,1,435,3,263,1,698,California
Sierra,2021-02-18,143,1104,0,79,143,1025,0,0,93,478,50,313,93,791,California
Sierra,2021-02-19,2,1106,1,80,1,1026,0,0,1,478,1,314,1,792,California
Sierra,2021-02-20,2,1108,2,82,0,1026,0,0,0,476,2,316,0,792,California
Sierra,2021-02-23,4,1112,0,82,4,1030,0,0,4,480,0,316,4,796,California
Sierra,2021-02-24,1,1113,0,82,1,1031,0,0,1,481,0,316,1,797,California
Sierra,2021-02-25,125,1238,1,83,124,1155,0,0,59,475,65,381,59,856,California
Sierra,2021-02-26,11,1249,6,89,5,1160,0,0,4,472,7,388,4,860,California
Sierra,2021-02-27,2,1251,2,91,0,1160,0,0,0,470,2,390,0,860,California
Sierra,2021-03-01,1,1252,1,92,0,1160,0,0,0,469,1,391,0,860,California
Sierra,2021-03-02,58,1310,0,92,58,1218,0,0,39,489,19,410,39,899,California
Sierra,2021-03-03,2,1312,2,94,0,1218,0,0,1,489,1,411,1,900,California
Sierra,2021-03-04,108,1420,0,94,108,1326,0,0,60,501,48,459,60,960,California
Sierra,2021-03-05,13,1433,1,95,12,1338,0,0,11,510,2,461,11,971,California
Sierra,2021-03-07,1,1434,1,96,0,1338,0,0,0,509,1,462,0,971,California
Sierra,2021-03-08,2,1436,2,98,0,1338,0,0,2,511,0,462,2,973,California
Sierra,2021-03-09,58,1494,0,98,58,1396,0,0,11,475,47,509,11,984,California
Sierra,2021-03-10,6,1500,0,98,6,1402,0,0,4,477,2,511,4,988,California
Sierra,2021-03-11,176,1676,0,98,176,1578,0,0,44,389,132,643,44,1032,California
Sierra,2021-03-12,20,1696,1,99,19,1597,0,0,0,369,20,663,0,1032,California
Sierra,2021-03-13,28,1724,0,99,28,1625,0,0,28,397,0,663,28,1060,California
Sierra,2021-03-15,2,1726,0,99,0,1625,2,2,0,397,2,665,2,1062,California
Sierra,2021-03-16,36,1762,0,99,35,1660,1,3,22,406,14,679,23,1085,California
Sierra,2021-03-17,1,1763,0,99,1,1661,0,3,0,405,1,680,0,1085,California
Sierra,2021-03-18,160,1923,0,99,160,1821,0,3,65,375,95,775,65,1150,California
Sierra,2021-03-19,4,1927,2,101,2,1823,0,3,1,373,3,778,1,1151,California
Sierra,2021-03-20,1,1928,0,101,1,1824,0,3,1,374,0,778,1,1152,California
Sierra,2021-03-23,22,1950,0,101,22,1846,0,3,13,378,9,787,13,1165,California
Sierra,2021-03-24,3,1953,1,102,2,1848,0,3,1,377,2,789,1,1166,California
Sierra,2021-03-25,99,2052,1,103,98,1946,0,3,50,378,49,838,50,1216,California
Sierra,2021-03-26,12,2064,1,104,11,1957,0,3,8,382,4,842,8,1224,California
Sierra,2021-03-27,1,2065,0,104,1,1958,0,3,0,381,1,843,0,1224,California
Sierra,2021-03-29,1,2066,1,105,0,1958,0,3,0,380,1,844,0,1224,California
Sierra,2021-03-30,56,2122,1,106,55,2013,0,3,22,368,34,878,22,1246,California
Sierra,2021-03-31,8,2130,0,106,8,2021,0,3,8,376,0,878,8,1254,California
Sierra,2021-04-01,63,2193,1,107,62,2083,0,3,5,325,56,934,5,1259,California
Sierra,2021-04-02,3,2196,2,109,1,2084,0,3,2,326,1,935,2,1261,California
Sierra,2021-04-04,1,2197,0,109,1,2085,0,3,0,326,0,935,0,1261,California
Sierra,2021-04-06,11,2208,0,109,11,2096,0,3,1,317,10,945,1,1262,California
Sierra,2021-04-07,14,2222,3,112,6,2102,5,8,3,315,10,955,8,1270,California
Sierra,2021-04-08,53,2275,2,114,51,2153,0,8,16,294,37,992,16,1286,California
Sierra,2021-04-09,2,2277,2,116,0,2153,0,8,1,294,1,993,1,1287,California
Sierra,2021-04-10,27,2304,0,116,27,2180,0,8,0,267,27,1020,0,1287,California
Sierra,2021-04-12,1,2305,0,116,0,2180,1,9,0,267,1,1021,1,1288,California
Sierra,2021-04-13,45,2350,0,116,45,2225,0,9,5,232,40,1061,5,1293,California
Sierra,2021-04-14,1,2351,0,116,1,2226,0,9,1,233,0,1061,1,1294,California
Sierra,2021-04-15,49,2400,1,117,48,2274,0,9,2,188,47,1108,2,1296,California
Sierra,2021-04-17,2,2402,1,118,1,2275,0,9,1,188,1,1109,1,1297,California
Sierra,2021-04-18,1,2403,0,118,1,2276,0,9,0,188,0,1109,0,1297,California
Sierra,2021-04-19,2,2405,1,119,1,2277,0,9,1,188,1,1110,1,1298,California
Sierra,2021-04-20,33,2438,1,120,32,2309,0,9,6,167,27,1137,6,1304,California
Sierra,2021-04-21,2,2440,1,121,1,2310,0,9,1,167,1,1138,1,1305,California
Sierra,2021-04-22,64,2504,1,122,63,2373,0,9,5,114,58,1196,5,1310,California
Sierra,2021-04-23,12,2516,0,122,12,2385,0,9,4,110,8,1204,4,1314,California
Sierra,2021-04-24,4,2520,0,122,4,2389,0,9,4,114,0,1204,4,1318,California
Sierra,2021-04-27,27,2547,0,122,27,2416,0,9,4,95,23,1227,4,1322,California
Sierra,2021-04-28,10,2557,2,124,8,2424,0,9,1,87,9,1236,1,1323,California
Sierra,2021-04-29,20,2577,2,126,18,2442,0,9,14,95,6,1242,14,1337,California
Sierra,2021-04-30,3,2580,1,127,2,2444,0,9,1,94,2,1244,1,1338,California
Sierra,2021-05-03,1,2581,1,128,0,2444,0,9,1,95,0,1244,1,1339,California
Sierra,2021-05-04,2,2583,0,128,1,2445,1,10,0,94,2,1246,1,1340,California
Sierra,2021-05-05,23,2606,1,129,22,2467,0,10,8,87,15,1261,8,1348,California
Sierra,2021-05-06,1,2607,1,130,0,2467,0,10,0,86,1,1262,0,1348,California
Sierra,2021-05-07,1,2608,1,131,0,2467,0,10,1,87,0,1262,1,1349,California
Sierra,2021-05-08,1,2609,0,131,0,2467,1,11,0,87,1,1263,1,1350,California
Sierra,2021-05-11,11,2620,0,131,4,2471,7,18,0,83,11,1274,7,1357,California
Sierra,2021-05-12,10,2630,1,132,9,2480,0,18,7,87,3,1277,7,1364,California
Sierra,2021-05-13,3,2633,2,134,1,2481,0,18,2,88,1,1278,2,1366,California
Sierra,2021-05-14,3,2636,1,135,2,2483,0,18,3,91,0,1278,3,1369,California
Sierra,2021-05-17,1,2637,1,136,0,2483,0,18,1,92,0,1278,1,1370,California
Sierra,2021-05-18,1,2638,0,136,0,2483,1,19,0,92,1,1279,1,1371,California
Sierra,2021-05-19,6,2644,3,139,3,2486,0,19,2,90,4,1283,2,1373,California
Sierra,2021-05-20,9,2653,8,147,0,2486,1,20,8,98,1,1284,9,1382,California
Sierra,2021-05-21,3,2656,1,148,2,2488,0,20,1,97,2,1286,1,1383,California
Sierra,2021-05-22,4,2660,0,148,4,2492,0,20,0,93,4,1290,0,1383,California
Sierra,2021-05-23,1,2661,0,148,1,2493,0,20,1,94,0,1290,1,1384,California
Sierra,2021-05-24,3,2664,1,149,2,2495,0,20,2,95,1,1291,2,1386,California
Sierra,2021-05-25,3,2667,0,149,3,2498,0,20,1,94,2,1293,1,1387,California
Sierra,2021-05-26,8,2675,0,149,8,2506,0,20,4,94,4,1297,4,1391,California
Sierra,2021-05-27,9,2684,1,150,7,2513,1,21,2,90,7,1304,3,1394,California
Sierra,2021-05-28,4,2688,2,152,2,2515,0,21,2,90,2,1306,2,1396,California
Sierra,2021-05-29,2,2690,0,152,2,2517,0,21,2,92,0,1306,2,1398,California
Sierra,2021-05-30,1,2691,1,153,0,2517,0,21,1,93,0,1306,1,1399,California
Sierra,2021-06-01,1,2692,0,153,1,2518,0,21,0,92,1,1307,0,1399,California
Sierra,2021-06-02,22,2714,0,153,21,2539,1,22,0,72,21,1328,1,1400,California
Sierra,2021-06-03,2,2716,2,155,0,2539,0,22,0,70,2,1330,0,1400,California
Sierra,2021-06-04,2,2718,2,157,0,2539,0,22,1,70,1,1331,1,1401,California
Sierra,2021-06-07,1,2719,0,157,1,2540,0,22,1,71,0,1331,1,1402,California
Siskiyou,2020-12-16,2,2,2,2,0,0,0,0,2,2,0,0,2,2,California
Siskiyou,2020-12-17,4,6,4,6,0,0,0,0,4,6,0,0,4,6,California
Siskiyou,2020-12-18,2,8,2,8,0,0,0,0,2,8,0,0,2,8,California
Siskiyou,2020-12-19,4,12,4,12,0,0,0,0,4,12,0,0,4,12,California
Siskiyou,2020-12-20,1,13,1,13,0,0,0,0,1,13,0,0,1,13,California
Siskiyou,2020-12-21,131,144,131,144,0,0,0,0,131,144,0,0,131,144,California
Siskiyou,2020-12-22,158,302,158,302,0,0,0,0,158,302,0,0,158,302,California
Siskiyou,2020-12-23,142,444,142,444,0,0,0,0,142,444,0,0,142,444,California
Siskiyou,2020-12-24,5,449,5,449,0,0,0,0,5,449,0,0,5,449,California
Siskiyou,2020-12-26,2,451,0,449,2,2,0,0,2,451,0,0,2,451,California
Siskiyou,2020-12-27,2,453,0,449,2,4,0,0,2,453,0,0,2,453,California
Siskiyou,2020-12-28,3,456,1,450,2,6,0,0,3,456,0,0,3,456,California
Siskiyou,2020-12-29,6,462,2,452,4,10,0,0,6,462,0,0,6,462,California
Siskiyou,2020-12-30,98,560,3,455,95,105,0,0,98,560,0,0,98,560,California
Siskiyou,2020-12-31,12,572,0,455,12,117,0,0,12,572,0,0,12,572,California
Siskiyou,2021-01-02,1,573,1,456,0,117,0,0,1,573,0,0,1,573,California
Siskiyou,2021-01-03,1,574,0,456,1,118,0,0,1,574,0,0,1,574,California
Siskiyou,2021-01-04,129,703,3,459,126,244,0,0,129,703,0,0,129,703,California
Siskiyou,2021-01-05,118,821,4,463,114,358,0,0,117,819,1,1,117,820,California
Siskiyou,2021-01-06,59,880,6,469,53,411,0,0,55,870,4,5,55,875,California
Siskiyou,2021-01-07,174,1054,4,473,170,581,0,0,173,1042,1,6,173,1048,California
Siskiyou,2021-01-08,40,1094,3,476,37,618,0,0,38,1078,2,8,38,1086,California
Siskiyou,2021-01-09,2,1096,2,478,0,618,0,0,0,1076,2,10,0,1086,California
Siskiyou,2021-01-11,225,1321,64,542,161,779,0,0,163,1177,62,72,163,1249,California
Siskiyou,2021-01-12,323,1644,274,816,49,828,0,0,90,1035,233,305,91,1340,California
Siskiyou,2021-01-13,157,1801,137,953,20,848,0,0,23,924,134,439,23,1363,California
Siskiyou,2021-01-14,25,1826,1,954,24,872,0,0,24,947,1,440,24,1387,California
Siskiyou,2021-01-15,35,1861,3,957,32,904,0,0,35,982,0,440,35,1422,California
Siskiyou,2021-01-16,7,1868,2,959,5,909,0,0,7,989,0,440,7,1429,California
Siskiyou,2021-01-17,1,1869,1,960,0,909,0,0,0,988,1,441,0,1429,California
Siskiyou,2021-01-18,76,1945,3,963,73,982,0,0,74,1060,2,443,74,1503,California
Siskiyou,2021-01-19,21,1966,1,964,20,1002,0,0,20,1079,1,444,20,1523,California
Siskiyou,2021-01-20,47,2013,35,999,12,1014,0,0,43,1118,4,448,43,1566,California
Siskiyou,2021-01-21,42,2055,1,1000,41,1055,0,0,42,1160,0,448,42,1608,California
Siskiyou,2021-01-22,1327,3382,1175,2175,152,1207,0,0,1327,2487,0,448,1327,2935,California
Siskiyou,2021-01-23,6,3388,2,2177,4,1211,0,0,3,2487,3,451,3,2938,California
Siskiyou,2021-01-25,182,3570,8,2185,174,1385,0,0,178,2661,4,455,178,3116,California
Siskiyou,2021-01-26,119,3689,3,2188,116,1501,0,0,111,2764,8,463,111,3227,California
Siskiyou,2021-01-27,182,3871,1,2189,181,1682,0,0,127,2836,55,518,127,3354,California
Siskiyou,2021-01-28,231,4102,117,2306,114,1796,0,0,225,3055,6,524,225,3579,California
Siskiyou,2021-01-29,249,4351,3,2309,246,2042,0,0,247,3300,2,526,247,3826,California
Siskiyou,2021-01-30,4,4355,3,2312,1,2043,0,0,4,3304,0,526,4,3830,California
Siskiyou,2021-02-01,194,4549,3,2315,191,2234,0,0,105,3320,89,615,105,3935,California
Siskiyou,2021-02-02,289,4838,45,2360,244,2478,0,0,146,3323,143,758,146,4081,California
Siskiyou,2021-02-03,315,5153,1,2361,314,2792,0,0,264,3536,51,809,264,4345,California
Siskiyou,2021-02-04,317,5470,7,2368,310,3102,0,0,196,3611,121,930,196,4541,California
Siskiyou,2021-02-05,511,5981,4,2372,507,3609,0,0,349,3798,162,1092,349,4890,California
Siskiyou,2021-02-06,15,5996,0,2372,15,3624,0,0,15,3813,0,1092,15,4905,California
Siskiyou,2021-02-07,3,5999,2,2374,1,3625,0,0,3,3816,0,1092,3,4908,California
Siskiyou,2021-02-08,218,6217,4,2378,214,3839,0,0,214,4026,4,1096,214,5122,California
Siskiyou,2021-02-09,217,6434,3,2381,214,4053,0,0,184,4177,33,1129,184,5306,California
Siskiyou,2021-02-10,371,6805,41,2422,330,4383,0,0,318,4443,52,1181,318,5624,California
Siskiyou,2021-02-11,189,6994,1,2423,188,4571,0,0,174,4602,15,1196,174,5798,California
Siskiyou,2021-02-12,1687,8681,1198,3621,489,5060,0,0,498,3911,1189,2385,498,6296,California
Siskiyou,2021-02-13,37,8718,2,3623,35,5095,0,0,32,3938,5,2390,32,6328,California
Siskiyou,2021-02-14,5,8723,1,3624,4,5099,0,0,5,3943,0,2390,5,6333,California
Siskiyou,2021-02-15,102,8825,4,3628,98,5197,0,0,100,4041,2,2392,100,6433,California
Siskiyou,2021-02-16,114,8939,2,3630,112,5309,0,0,99,4125,15,2407,99,6532,California
Siskiyou,2021-02-17,176,9115,8,3638,168,5477,0,0,162,4273,14,2421,162,6694,California
Siskiyou,2021-02-18,221,9336,88,3726,133,5610,0,0,98,4248,123,2544,98,6792,California
Siskiyou,2021-02-19,71,9407,34,3760,37,5647,0,0,34,4245,37,2581,34,6826,California
Siskiyou,2021-02-20,22,9429,3,3763,19,5666,0,0,17,4257,5,2586,17,6843,California
Siskiyou,2021-02-21,1,9430,1,3764,0,5666,0,0,1,4258,0,2586,1,6844,California
Siskiyou,2021-02-22,125,9555,2,3766,123,5789,0,0,19,4171,106,2692,19,6863,California
Siskiyou,2021-02-23,161,9716,15,3781,146,5935,0,0,46,4102,115,2807,46,6909,California
Siskiyou,2021-02-24,151,9867,5,3786,146,6081,0,0,38,4027,113,2920,38,6947,California
Siskiyou,2021-02-25,294,10161,18,3804,276,6357,0,0,148,4029,146,3066,148,7095,California
Siskiyou,2021-02-26,669,10830,9,3813,660,7017,0,0,367,4094,302,3368,367,7462,California
Siskiyou,2021-02-27,32,10862,5,3818,27,7044,0,0,28,4118,4,3372,28,7490,California
Siskiyou,2021-02-28,6,10868,5,3823,1,7045,0,0,4,4120,2,3374,4,7494,California
Siskiyou,2021-03-01,280,11148,6,3829,274,7319,0,0,50,3940,230,3604,50,7544,California
Siskiyou,2021-03-02,189,11337,1,3830,188,7507,0,0,70,3891,119,3723,70,7614,California
Siskiyou,2021-03-03,347,11684,10,3840,337,7844,0,0,153,3850,194,3917,153,7767,California
Siskiyou,2021-03-04,787,12471,617,4457,170,8014,0,0,632,4327,155,4072,632,8399,California
Siskiyou,2021-03-05,326,12797,5,4462,310,8324,11,11,106,4227,217,4289,117,8516,California
Siskiyou,2021-03-06,43,12840,3,4465,33,8357,7,18,28,4247,15,4304,35,8551,California
Siskiyou,2021-03-07,10,12850,2,4467,0,8357,8,26,1,4247,9,4313,9,8560,California
Siskiyou,2021-03-08,353,13203,24,4491,295,8652,34,60,59,4046,294,4607,93,8653,California
Siskiyou,2021-03-09,163,13366,2,4493,106,8758,55,115,38,4014,125,4732,93,8746,California
Siskiyou,2021-03-10,220,13586,6,4499,184,8942,30,145,24,3872,196,4928,54,8800,California
Siskiyou,2021-03-11,476,14062,206,4705,223,9165,47,192,276,3996,199,5127,323,9123,California
Siskiyou,2021-03-12,652,14714,141,4846,472,9637,39,231,184,3754,466,5593,224,9347,California
Siskiyou,2021-03-13,429,15143,380,5226,26,9663,23,254,380,4108,49,5642,403,9750,California
Siskiyou,2021-03-14,20,15163,1,5227,3,9666,16,270,2,4108,18,5660,18,9768,California
Siskiyou,2021-03-15,455,15618,258,5485,175,9841,22,292,320,4315,135,5795,342,10110,California
Siskiyou,2021-03-16,257,15875,34,5519,207,10048,16,308,141,4357,115,5910,157,10267,California
Siskiyou,2021-03-17,200,16075,9,5528,183,10231,8,316,34,4233,166,6076,42,10309,California
Siskiyou,2021-03-18,925,17000,787,6315,126,10357,12,328,810,4940,115,6191,822,11131,California
Siskiyou,2021-03-19,66,17066,7,6322,46,10403,13,341,19,4925,47,6238,32,11163,California
Siskiyou,2021-03-20,29,17095,7,6329,18,10421,4,345,6,4912,23,6261,10,11173,California
Siskiyou,2021-03-21,10,17105,4,6333,1,10422,5,350,4,4915,6,6267,9,11182,California
Siskiyou,2021-03-22,208,17313,21,6354,165,10587,22,372,145,5022,60,6327,167,11349,California
Siskiyou,2021-03-23,176,17489,19,6373,148,10735,9,381,128,5111,48,6375,137,11486,California
Siskiyou,2021-03-24,143,17632,47,6420,96,10831,0,381,116,5200,27,6402,116,11602,California
Siskiyou,2021-03-25,566,18198,316,6736,247,11078,3,384,396,5429,170,6572,399,12001,California
Siskiyou,2021-03-26,305,18503,35,6771,270,11348,0,384,104,5334,199,6771,104,12105,California
Siskiyou,2021-03-27,39,18542,6,6777,28,11376,5,389,11,5322,28,6799,16,12121,California
Siskiyou,2021-03-28,7,18549,6,6783,1,11377,0,389,5,5325,2,6801,5,12126,California
Siskiyou,2021-03-29,95,18644,10,6793,83,11460,2,391,45,5322,50,6851,47,12173,California
Siskiyou,2021-03-30,102,18746,6,6799,95,11555,1,392,41,5303,61,6912,42,12215,California
Siskiyou,2021-03-31,181,18927,12,6811,166,11721,3,395,48,5223,132,7044,52,12267,California
Siskiyou,2021-04-01,827,19754,669,7480,158,11879,0,395,214,4824,613,7657,214,12481,California
Siskiyou,2021-04-02,348,20102,197,7677,147,12026,4,399,66,4614,280,7937,70,12551,California
Siskiyou,2021-04-03,26,20128,5,7682,14,12040,7,406,5,4605,21,7958,12,12563,California
Siskiyou,2021-04-04,2,20130,1,7683,1,12041,0,406,1,4605,1,7959,1,12564,California
Siskiyou,2021-04-05,437,20567,332,8015,80,12121,25,431,27,4248,409,8368,52,12616,California
Siskiyou,2021-04-06,220,20787,36,8051,131,12252,53,484,126,4333,93,8461,178,12794,California
Siskiyou,2021-04-07,114,20901,10,8061,63,12315,41,525,65,4390,49,8510,106,12900,California
Siskiyou,2021-04-08,349,21250,179,8240,127,12442,43,568,64,4212,285,8795,107,13007,California
Siskiyou,2021-04-09,546,21796,378,8618,130,12572,38,606,84,3874,461,9256,123,13130,California
Siskiyou,2021-04-10,46,21842,6,8624,3,12575,37,643,7,3879,39,9295,44,13174,California
Siskiyou,2021-04-11,7,21849,5,8629,1,12576,1,644,2,3877,5,9300,3,13177,California
Siskiyou,2021-04-12,128,21977,24,8653,103,12679,1,645,48,3846,80,9380,49,13226,California
Siskiyou,2021-04-13,206,22183,37,8690,168,12847,1,646,82,3805,124,9504,83,13309,California
Siskiyou,2021-04-14,155,22338,64,8754,91,12938,0,646,84,3820,69,9573,84,13393,California
Siskiyou,2021-04-15,1116,23454,957,9711,159,13097,0,646,437,3578,679,10252,437,13830,California
Siskiyou,2021-04-16,300,23754,208,9919,92,13189,0,646,268,3815,31,10283,268,14098,California
Siskiyou,2021-04-17,12,23766,9,9928,3,13192,0,646,7,3817,5,10288,7,14105,California
Siskiyou,2021-04-18,5,23771,3,9931,2,13194,0,646,1,3814,4,10292,1,14106,California
Siskiyou,2021-04-19,127,23898,24,9955,103,13297,0,646,45,3777,82,10374,45,14151,California
Siskiyou,2021-04-20,220,24118,4,9959,216,13513,0,646,91,3739,129,10503,91,14242,California
Siskiyou,2021-04-21,95,24213,10,9969,85,13598,0,646,25,3694,70,10573,25,14267,California
Siskiyou,2021-04-22,410,24623,298,10267,112,13710,0,646,50,3384,360,10933,50,14317,California
Siskiyou,2021-04-23,181,24804,15,10282,166,13876,0,646,159,3522,21,10954,159,14476,California
Siskiyou,2021-04-24,28,24832,4,10286,24,13900,0,646,20,3534,8,10962,20,14496,California
Siskiyou,2021-04-25,2,24834,0,10286,2,13902,0,646,2,3536,0,10962,2,14498,California
Siskiyou,2021-04-26,102,24936,6,10292,91,13993,5,651,26,3491,76,11038,31,14529,California
Siskiyou,2021-04-27,112,25048,4,10296,106,14099,2,653,85,3553,25,11063,87,14616,California
Siskiyou,2021-04-28,109,25157,7,10303,94,14193,8,661,52,3556,57,11120,60,14676,California
Siskiyou,2021-04-29,143,25300,14,10317,129,14322,0,661,27,3467,116,11236,27,14703,California
Siskiyou,2021-04-30,103,25403,21,10338,81,14403,1,662,45,3457,55,11291,45,14748,California
Siskiyou,2021-05-01,11,25414,7,10345,1,14404,3,665,7,3463,4,11295,10,14758,California
Siskiyou,2021-05-02,10,25424,4,10349,6,14410,0,665,8,3469,2,11297,8,14766,California
Siskiyou,2021-05-03,108,25532,24,10373,82,14492,2,667,45,3453,63,11360,47,14813,California
Siskiyou,2021-05-04,121,25653,6,10379,113,14605,2,669,60,3455,60,11420,62,14875,California
Siskiyou,2021-05-05,114,25767,19,10398,86,14691,9,678,39,3429,74,11494,48,14923,California
Siskiyou,2021-05-06,367,26134,296,10694,65,14756,6,684,190,3448,177,11671,196,15119,California
Siskiyou,2021-05-07,309,26443,219,10913,85,14841,5,689,33,3211,275,11946,38,15157,California
Siskiyou,2021-05-08,25,26468,4,10917,20,14861,1,690,18,3223,7,11953,19,15176,California
Siskiyou,2021-05-09,1,26469,0,10917,1,14862,0,690,0,3222,1,11954,0,15176,California
Siskiyou,2021-05-10,99,26568,68,10985,30,14892,1,691,22,3168,77,12031,23,15199,California
Siskiyou,2021-05-11,86,26654,8,10993,73,14965,5,696,51,3189,35,12066,56,15255,California
Siskiyou,2021-05-12,55,26709,4,10997,47,15012,4,700,15,3168,40,12106,19,15274,California
Siskiyou,2021-05-13,76,26785,31,11028,36,15048,9,709,34,3169,42,12148,43,15317,California
Siskiyou,2021-05-14,169,26954,81,11109,87,15135,1,710,102,3206,66,12214,103,15420,California
Siskiyou,2021-05-15,44,26998,14,11123,28,15163,2,712,37,3239,6,12220,39,15459,California
Siskiyou,2021-05-16,6,27004,2,11125,4,15167,0,712,4,3241,2,12222,4,15463,California
Siskiyou,2021-05-17,64,27068,2,11127,39,15206,23,735,11,3222,53,12275,34,15497,California
Siskiyou,2021-05-18,216,27284,81,11208,131,15337,4,739,122,3255,93,12368,126,15623,California
Siskiyou,2021-05-19,155,27439,97,11305,57,15394,1,740,124,3349,31,12399,125,15748,California
Siskiyou,2021-05-20,493,27932,422,11727,69,15463,2,742,226,3310,267,12666,228,15976,California
Siskiyou,2021-05-21,187,28119,96,11823,91,15554,0,742,108,3340,78,12744,108,16084,California
Siskiyou,2021-05-22,41,28160,19,11842,22,15576,0,742,26,3351,15,12759,26,16110,California
Siskiyou,2021-05-23,4,28164,3,11845,1,15577,0,742,2,3351,2,12761,2,16112,California
Siskiyou,2021-05-24,18,28182,3,11848,15,15592,0,742,5,3344,12,12773,5,16117,California
Siskiyou,2021-05-25,156,28338,16,11864,120,15712,20,762,51,3312,103,12876,71,16188,California
Siskiyou,2021-05-26,75,28413,19,11883,56,15768,0,762,41,3319,34,12910,41,16229,California
Siskiyou,2021-05-27,129,28542,93,11976,35,15803,1,763,56,3303,73,12983,57,16286,California
Siskiyou,2021-05-28,153,28695,57,12033,95,15898,1,764,101,3354,51,13034,102,16388,California
Siskiyou,2021-05-29,16,28711,9,12042,4,15902,3,767,5,3351,11,13045,8,16396,California
Siskiyou,2021-05-31,2,28713,1,12043,0,15902,1,768,1,3352,1,13046,2,16398,California
Siskiyou,2021-06-01,86,28799,20,12063,66,15968,0,768,29,3325,56,13102,29,16427,California
Siskiyou,2021-06-02,121,28920,35,12098,86,16054,0,768,44,3292,77,13179,44,16471,California
Siskiyou,2021-06-03,148,29068,103,12201,40,16094,5,773,35,3219,113,13292,40,16511,California
Siskiyou,2021-06-04,103,29171,81,12282,22,16116,0,773,22,3160,81,13373,22,16533,California
Siskiyou,2021-06-05,35,29206,16,12298,18,16134,1,774,13,3152,22,13395,14,16547,California
Siskiyou,2021-06-06,3,29209,2,12300,0,16134,1,775,0,3150,3,13398,1,16548,California
Siskiyou,2021-06-07,37,29246,5,12305,31,16165,1,776,28,3170,9,13407,29,16577,California
Siskiyou,2021-06-08,70,29316,32,12337,37,16202,1,777,29,3159,41,13448,30,16607,California
Solano,2020-12-15,4,4,4,4,0,0,0,0,4,4,0,0,4,4,California
Solano,2020-12-16,70,74,70,74,0,0,0,0,70,74,0,0,70,74,California
Solano,2020-12-17,171,245,171,245,0,0,0,0,171,245,0,0,171,245,California
Solano,2020-12-18,477,722,476,721,1,1,0,0,477,722,0,0,477,722,California
Solano,2020-12-19,521,1243,521,1242,0,1,0,0,521,1243,0,0,521,1243,California
Solano,2020-12-20,353,1596,351,1593,2,3,0,0,353,1596,0,0,353,1596,California
Solano,2020-12-21,577,2173,575,2168,2,5,0,0,577,2173,0,0,577,2173,California
Solano,2020-12-22,662,2835,629,2797,33,38,0,0,662,2835,0,0,662,2835,California
Solano,2020-12-23,865,3700,773,3570,92,130,0,0,864,3698,1,1,864,3699,California
Solano,2020-12-24,422,4122,171,3741,251,381,0,0,422,4120,0,1,422,4121,California
Solano,2020-12-25,9,4131,1,3742,8,389,0,0,9,4129,0,1,9,4130,California
Solano,2020-12-26,172,4303,47,3789,125,514,0,0,172,4301,0,1,172,4302,California
Solano,2020-12-27,105,4408,29,3818,76,590,0,0,105,4406,0,1,105,4407,California
Solano,2020-12-28,868,5276,423,4241,445,1035,0,0,868,5274,0,1,868,5275,California
Solano,2020-12-29,907,6183,371,4612,536,1571,0,0,907,6181,0,1,907,6182,California
Solano,2020-12-30,1231,7414,593,5205,638,2209,0,0,1231,7412,0,1,1231,7413,California
Solano,2020-12-31,542,7956,138,5343,404,2613,0,0,542,7954,0,1,542,7955,California
Solano,2021-01-01,15,7971,14,5357,1,2614,0,0,15,7969,0,1,15,7970,California
Solano,2021-01-02,216,8187,167,5524,49,2663,0,0,216,8185,0,1,216,8186,California
Solano,2021-01-03,56,8243,40,5564,16,2679,0,0,50,8235,0,1,50,8236,California
Solano,2021-01-04,454,8697,246,5810,208,2887,0,0,437,8662,10,11,437,8673,California
Solano,2021-01-05,734,9431,379,6189,355,3242,0,0,574,9081,155,166,574,9247,California
Solano,2021-01-06,845,10276,437,6626,408,3650,0,0,573,9384,270,436,573,9820,California
Solano,2021-01-07,1069,11345,685,7311,384,4034,0,0,591,9500,476,912,592,10412,California
Solano,2021-01-08,1148,12493,781,8092,367,4401,0,0,550,9472,580,1492,552,10964,California
Solano,2021-01-09,886,13379,763,8855,123,4524,0,0,427,9443,456,1948,427,11391,California
Solano,2021-01-10,259,13638,193,9048,66,4590,0,0,158,9500,101,2049,158,11549,California
Solano,2021-01-11,1339,14977,1125,10173,214,4804,0,0,816,9794,522,2571,816,12365,California
Solano,2021-01-12,1570,16547,1168,11341,402,5206,0,0,1021,10268,548,3119,1022,13387,California
Solano,2021-01-13,1471,18018,1007,12348,464,5670,0,0,1210,11220,259,3378,1211,14598,California
Solano,2021-01-14,1891,19909,811,13159,1080,6750,0,0,1579,12488,311,3689,1579,16177,California
Solano,2021-01-15,1717,21626,1056,14215,661,7411,0,0,1422,13615,295,3984,1422,17599,California
Solano,2021-01-16,1297,22923,909,15124,388,7799,0,0,1122,14562,175,4159,1122,18721,California
Solano,2021-01-17,1055,23978,759,15883,296,8095,0,0,1035,15578,20,4179,1036,19757,California
Solano,2021-01-18,1423,25401,850,16733,573,8668,0,0,1307,16770,116,4295,1308,21065,California
Solano,2021-01-19,1657,27058,1340,18073,317,8985,0,0,1389,17892,267,4562,1389,22454,California
Solano,2021-01-20,2030,29088,1420,19493,610,9595,0,0,1544,18953,483,5045,1544,23998,California
Solano,2021-01-21,3210,32298,1019,20512,2191,11786,0,0,2857,21458,353,5398,2858,26856,California
Solano,2021-01-22,1775,34073,847,21359,928,12714,0,0,1581,22845,194,5592,1581,28437,California
Solano,2021-01-23,742,34815,243,21602,499,13213,0,0,536,23175,207,5799,537,28974,California
Solano,2021-01-24,408,35223,62,21664,346,13559,0,0,340,23447,68,5867,340,29314,California
Solano,2021-01-25,1680,36903,633,22297,1047,14606,0,0,1119,24007,560,6427,1120,30434,California
Solano,2021-01-26,1798,38701,744,23041,1054,15660,0,0,1159,24528,639,7066,1160,31594,California
Solano,2021-01-27,1813,40514,725,23766,1088,16748,0,0,1195,25112,611,7677,1195,32789,California
Solano,2021-01-28,1968,42482,712,24478,1256,18004,0,0,1372,25890,595,8272,1373,34162,California
Solano,2021-01-29,1725,44207,789,25267,936,18940,0,0,1357,26881,366,8638,1357,35519,California
Solano,2021-01-30,963,45170,461,25728,502,19442,0,0,618,27155,345,8983,619,36138,California
Solano,2021-01-31,248,45418,157,25885,91,19533,0,0,173,27253,75,9058,173,36311,California
Solano,2021-02-01,1557,46975,1032,26917,525,20058,0,0,777,27253,777,9835,777,37088,California
Solano,2021-02-02,3373,50348,1094,28011,2279,22337,0,0,2559,29002,810,10645,2559,39647,California
Solano,2021-02-03,2272,52620,1314,29325,958,23295,0,0,1169,29071,1100,11745,1169,40816,California
Solano,2021-02-04,1807,54427,907,30232,900,24195,0,0,1075,29419,727,12472,1075,41891,California
Solano,2021-02-05,3117,57544,1421,31653,1696,25891,0,0,2107,30523,1003,13475,2107,43998,California
Solano,2021-02-06,3075,60619,1173,32826,1902,27793,0,0,2252,31956,819,14294,2252,46250,California
Solano,2021-02-07,851,61470,783,33609,68,27861,0,0,235,31576,615,14909,235,46485,California
Solano,2021-02-08,1764,63234,1235,34844,529,28390,0,0,719,31252,1043,15952,719,47204,California
Solano,2021-02-09,1953,65187,1490,36334,463,28853,0,0,698,30696,1254,17206,698,47902,California
Solano,2021-02-10,2275,67462,1500,37834,775,29628,0,0,831,30083,1444,18650,831,48733,California
Solano,2021-02-11,2525,69987,1495,39329,1030,30658,0,0,1198,29965,1316,19966,1198,49931,California
Solano,2021-02-12,4258,74245,1628,40957,2630,33288,0,0,2904,31522,1347,21313,2904,52835,California
Solano,2021-02-13,2865,77110,243,41200,2622,35910,0,0,2451,33562,411,21724,2451,55286,California
Solano,2021-02-14,728,77838,205,41405,523,36433,0,0,406,33649,320,22044,407,55693,California
Solano,2021-02-15,1334,79172,328,41733,1006,37439,0,0,686,33688,647,22691,686,56379,California
Solano,2021-02-16,2561,81733,1385,43118,1176,38615,0,0,1666,34461,894,23585,1667,58046,California
Solano,2021-02-17,3228,84961,1451,44569,1777,40392,0,0,2189,35615,1036,24621,2190,60236,California
Solano,2021-02-18,2915,87876,845,45414,2070,42462,0,0,863,34433,2046,26667,864,61100,California
Solano,2021-02-19,2473,90349,1456,46870,1017,43479,0,0,1175,34317,1293,27960,1177,62277,California
Solano,2021-02-20,2749,93098,389,47259,2360,45839,0,0,2232,36031,518,28478,2232,64509,California
Solano,2021-02-21,2323,95421,1998,49257,325,46164,0,0,1998,37708,321,28799,1998,66507,California
Solano,2021-02-22,1806,97227,1064,50321,742,46906,0,0,941,37787,863,29662,942,67449,California
Solano,2021-02-23,2887,100114,1087,51408,1800,48706,0,0,1964,38833,918,30580,1964,69413,California
Solano,2021-02-24,2536,102650,1266,52674,1270,49976,0,0,1412,39124,1122,31702,1413,70826,California
Solano,2021-02-25,2573,105223,1568,54242,1005,50981,0,0,1424,39404,1144,32846,1424,72250,California
Solano,2021-02-26,3396,108619,2152,56394,1244,52225,0,0,1952,39918,1438,34284,1952,74202,California
Solano,2021-02-27,3981,112600,1531,57925,2449,54674,1,1,3217,42381,755,35039,3218,77420,California
Solano,2021-02-28,1941,114541,1564,59489,376,55050,1,2,1613,43670,325,35364,1614,79034,California
Solano,2021-03-01,2696,117237,1223,60712,1472,56522,1,3,2029,45040,660,36024,2030,81064,California
Solano,2021-03-02,2269,119506,1405,62117,864,57386,0,3,1292,45356,976,37000,1292,82356,California
Solano,2021-03-03,2249,121755,1266,63383,983,58369,0,3,1391,45899,849,37849,1392,83748,California
Solano,2021-03-04,4389,126144,3435,66818,952,59321,2,5,3159,47843,1220,39069,3164,86912,California
Solano,2021-03-05,4945,131089,1685,68503,3255,62576,5,10,3976,50865,959,40028,3981,90893,California
Solano,2021-03-06,3857,134946,829,69332,2989,65565,39,49,2650,52359,1195,41223,2689,93582,California
Solano,2021-03-07,3591,138537,760,70092,2821,68386,10,59,1966,52724,1612,42835,1977,95559,California
Solano,2021-03-08,2140,140677,1346,71438,526,68912,268,327,1618,54091,517,43352,1884,97443,California
Solano,2021-03-09,3232,143909,1569,73007,1609,70521,54,381,2333,55576,898,44250,2383,99826,California
Solano,2021-03-10,2426,146335,1762,74769,579,71100,85,466,1272,55783,1149,45399,1356,101182,California
Solano,2021-03-11,6030,152365,1757,76526,4020,75120,253,719,4979,59969,1047,46446,5233,106415,California
Solano,2021-03-12,6032,158397,1569,78095,4285,79405,178,897,3166,60450,2862,49308,3343,109758,California
Solano,2021-03-13,4587,162984,804,78899,3703,83108,80,977,2232,60417,2348,51656,2315,112073,California
Solano,2021-03-14,4017,167001,3137,82036,424,83532,456,1433,1549,59956,2463,54119,2002,114075,California
Solano,2021-03-15,4026,171027,2457,84493,1243,84775,326,1759,2509,61279,1510,55629,2833,116908,California
Solano,2021-03-16,3078,174105,1318,85811,1521,86296,239,1998,1560,61562,1514,57143,1797,118705,California
Solano,2021-03-17,6474,180579,1666,87477,4717,91013,91,2089,4943,65068,1528,58671,5034,123739,California
Solano,2021-03-18,5226,185805,1848,89325,3339,94352,39,2128,3748,67386,1470,60141,3788,127527,California
Solano,2021-03-19,3575,189380,2640,91965,859,95211,76,2204,1720,67339,1847,61988,1800,129327,California
Solano,2021-03-20,5597,194977,1681,93646,3863,99074,53,2257,2649,67103,2938,64926,2702,132029,California
Solano,2021-03-21,1685,196662,1579,95225,81,99155,25,2282,372,66188,1310,66236,395,132424,California
Solano,2021-03-22,2671,199333,2040,97265,580,99735,51,2333,1542,66654,1123,67359,1589,134013,California
Solano,2021-03-23,3564,202897,1682,98947,1840,101575,42,2375,1409,65952,2152,69511,1450,135463,California
Solano,2021-03-24,2832,205729,1773,100720,1024,102599,35,2410,1359,65877,1467,70978,1392,136855,California
Solano,2021-03-25,4879,210608,4005,104725,839,103438,35,2445,2272,65581,2603,73581,2307,139162,California
Solano,2021-03-26,3239,213847,2111,106836,1090,104528,38,2483,1739,65867,1491,75072,1777,140939,California
Solano,2021-03-27,4215,218062,1157,107993,3020,107548,38,2521,1660,65014,2549,77621,1696,142635,California
Solano,2021-03-28,1425,219487,1117,109110,290,107838,18,2539,545,64701,876,78497,563,143198,California
Solano,2021-03-29,3531,223018,2047,111157,1468,109306,16,2555,1564,64329,1952,80449,1580,144778,California
Solano,2021-03-30,3041,226059,2014,113171,933,110239,94,2649,1891,65165,1148,81597,1984,146762,California
Solano,2021-03-31,3140,229199,2138,115309,843,111082,159,2808,1838,65859,1299,82896,1993,148755,California
Solano,2021-04-01,5560,234759,2107,117416,3299,114381,154,2962,3512,67490,2035,84931,3666,152421,California
Solano,2021-04-02,6629,241388,2229,119645,4234,118615,166,3128,2551,66143,4063,88994,2716,155137,California
Solano,2021-04-03,1527,242915,964,120609,410,119025,153,3281,570,65910,955,89949,722,155859,California
Solano,2021-04-04,782,243697,291,120900,190,119215,301,3582,240,65913,538,90487,541,156400,California
Solano,2021-04-05,2981,246678,2040,122940,734,119949,207,3789,1512,66163,1467,91954,1717,158117,California
Solano,2021-04-06,6083,252761,1640,124580,3955,123904,488,4277,1650,63874,4425,96379,2136,160253,California
Solano,2021-04-07,5959,258720,4612,129192,947,124851,400,4677,3391,65116,2548,98927,3790,164043,California
Solano,2021-04-08,6476,265196,1794,130986,3809,128660,873,5550,1810,63157,4637,103564,2678,166721,California
Solano,2021-04-09,6296,271492,1664,132650,3778,132438,854,6404,1515,60765,4756,108320,2364,169085,California
Solano,2021-04-10,1744,273236,964,133614,450,132888,330,6734,803,60957,940,109260,1132,170217,California
Solano,2021-04-11,1217,274453,765,134379,333,133221,119,6853,641,61144,573,109833,760,170977,California
Solano,2021-04-12,3276,277729,1689,136068,1224,134445,363,7216,1353,60944,1918,111751,1718,172695,California
Solano,2021-04-13,2535,280264,1093,137161,1441,135886,1,7217,1322,61058,1210,112961,1324,174019,California
Solano,2021-04-14,6478,286742,1950,139111,4528,140414,0,7217,1815,58220,4655,117616,1817,175836,California
Solano,2021-04-15,5704,292446,2151,141262,3553,143967,0,7217,1730,55991,3960,121576,1731,177567,California
Solano,2021-04-16,3669,296115,2583,143845,1084,145051,2,7219,2277,56884,1386,122962,2279,179846,California
Solano,2021-04-17,3256,299371,1059,144904,2197,147248,0,7219,1109,55855,2139,125101,1110,180956,California
Solano,2021-04-18,1009,300380,618,145522,391,147639,0,7219,527,55901,481,125582,527,181483,California
Solano,2021-04-19,2141,302521,1156,146678,985,148624,0,7219,1171,56110,964,126546,1173,182656,California
Solano,2021-04-20,3004,305525,1828,148506,1176,149800,0,7219,1662,56436,1336,127882,1662,184318,California
Solano,2021-04-21,3815,309340,2333,150839,1482,151282,0,7219,2013,56655,1794,129676,2013,186331,California
Solano,2021-04-22,2991,312331,1487,152326,1504,152786,0,7219,1788,57243,1201,130877,1789,188120,California
Solano,2021-04-23,4152,316483,2097,154423,2055,154841,0,7219,2506,58109,1641,132518,2507,190627,California
Solano,2021-04-24,3886,320369,2344,156767,1540,156381,2,7221,2583,59478,1216,133734,2585,193212,California
Solano,2021-04-25,1425,321794,1110,157877,315,156696,0,7221,1125,60310,293,134027,1125,194337,California
Solano,2021-04-26,2580,324374,1669,159546,907,157603,4,7225,1423,60592,1145,135172,1427,195764,California
Solano,2021-04-27,2553,326927,1268,160814,1256,158859,29,7254,1442,60963,1101,136273,1472,197236,California
Solano,2021-04-28,6032,332959,4987,165801,999,159858,46,7300,3777,62542,2244,138517,3823,201059,California
Solano,2021-04-29,4520,337479,1433,167234,3055,162913,32,7332,2041,62144,2471,140988,2073,203132,California
Solano,2021-04-30,4110,341589,2185,169419,1787,164700,138,7470,1899,61984,2197,143185,2037,205169,California
Solano,2021-05-01,2176,343765,1677,171096,298,164998,201,7671,1292,62598,879,144064,1493,206662,California
Solano,2021-05-02,1198,344963,939,172035,233,165231,26,7697,663,62757,530,144594,689,207351,California
Solano,2021-05-03,1455,346418,1013,173048,355,165586,87,7784,596,62583,858,145452,684,208035,California
Solano,2021-05-04,1800,348218,1047,174095,687,166273,66,7850,812,62474,987,146439,878,208913,California
Solano,2021-05-05,2264,350482,1417,175512,733,167006,114,7964,1087,62500,1173,147612,1199,210112,California
Solano,2021-05-06,1997,352479,1190,176702,597,167603,210,8174,730,62182,1257,148869,939,211051,California
Solano,2021-05-07,2796,355275,1942,178644,734,168337,120,8294,966,61444,1822,150691,1084,212135,California
Solano,2021-05-08,1421,356696,881,179525,425,168762,115,8409,529,61199,889,151580,644,212779,California
Solano,2021-05-09,420,357116,243,179768,166,168928,11,8420,154,61102,263,151843,166,212945,California
Solano,2021-05-10,1322,358438,606,180374,611,169539,105,8525,383,60656,934,152777,488,213433,California
Solano,2021-05-11,2237,360675,1128,181502,1025,170564,84,8609,637,59782,1595,154372,721,214154,California
Solano,2021-05-12,2112,362787,1201,182703,738,171302,173,8782,695,59246,1402,155774,866,215020,California
Solano,2021-05-13,2911,365698,2006,184709,695,171997,210,8992,1544,59636,1364,157138,1754,216774,California
Solano,2021-05-14,2408,368106,1625,186334,662,172659,121,9113,1001,59360,1398,158536,1122,217896,California
Solano,2021-05-15,2864,370970,2233,188567,569,173228,62,9175,1125,58820,1727,160263,1187,219083,California
Solano,2021-05-16,1481,372451,1087,189654,361,173589,33,9208,242,57858,1236,161499,274,219357,California
Solano,2021-05-17,2447,374898,1400,191054,960,174549,87,9295,875,57264,1552,163051,958,220315,California
Solano,2021-05-18,2910,377808,1620,192674,1201,175750,89,9384,1469,57392,1429,164480,1557,221872,California
Solano,2021-05-19,4951,382759,3416,196090,1429,177179,106,9490,1914,56386,3027,167507,2021,223893,California
Solano,2021-05-20,2268,385027,1356,197446,863,178042,49,9539,849,55872,1412,168919,898,224791,California
Solano,2021-05-21,3220,388247,1674,199120,1490,179532,56,9595,1273,55265,1936,170855,1329,226120,California
Solano,2021-05-22,2178,390425,1682,200802,439,179971,57,9652,930,55012,1240,172095,987,227107,California
Solano,2021-05-23,1243,391668,1073,201875,159,180130,11,9663,703,55189,537,172632,714,227821,California
Solano,2021-05-24,1840,393508,1042,202917,726,180856,72,9735,617,54660,1217,173849,688,228509,California
Solano,2021-05-25,1628,395136,823,203740,746,181602,59,9794,593,54283,1028,174877,651,229160,California
Solano,2021-05-26,1878,397014,1079,204819,745,182347,54,9848,708,53882,1163,176040,762,229922,California
Solano,2021-05-27,1844,398858,823,205642,947,183294,74,9922,700,53519,1136,177176,773,230695,California
Solano,2021-05-28,2020,400878,1032,206674,937,184231,51,9973,770,53099,1242,178418,822,231517,California
Solano,2021-05-29,648,401526,320,206994,298,184529,30,10003,322,53126,324,178742,351,231868,California
Solano,2021-05-30,323,401849,155,207149,143,184672,25,10028,119,53069,201,178943,144,232012,California
Solano,2021-05-31,127,401976,18,207167,100,184772,9,10037,24,52999,103,179046,33,232045,California
Solano,2021-06-01,1829,403805,1172,208339,579,185351,78,10115,761,52774,1063,180109,838,232883,California
Solano,2021-06-02,1706,405511,1175,209514,467,185818,64,10179,848,52832,851,180960,909,233792,California
Solano,2021-06-03,1698,407209,1246,210760,371,186189,81,10260,561,52343,1132,182092,643,234435,California
Solano,2021-06-04,1633,408842,1127,211887,438,186627,68,10328,539,51860,1089,183181,606,235041,California
Solano,2021-06-05,1290,410132,1002,212889,238,186865,50,10378,423,51469,863,184044,472,235513,California
Solano,2021-06-06,506,410638,405,213294,82,186947,19,10397,251,51484,255,184299,270,235783,California
Solano,2021-06-07,1235,411873,950,214244,226,187173,59,10456,428,51166,805,185104,487,236270,California
Solano,2021-06-08,997,412870,671,214915,312,187485,14,10470,250,50686,744,185848,264,236534,California
Sonoma,2020-12-15,4,4,4,4,0,0,0,0,4,4,0,0,4,4,California
Sonoma,2020-12-16,28,32,28,32,0,0,0,0,28,32,0,0,28,32,California
Sonoma,2020-12-17,110,142,110,142,0,0,0,0,110,142,0,0,110,142,California
Sonoma,2020-12-18,436,578,436,578,0,0,0,0,436,578,0,0,436,578,California
Sonoma,2020-12-19,113,691,112,690,1,1,0,0,113,691,0,0,113,691,California
Sonoma,2020-12-20,175,866,175,865,0,1,0,0,175,866,0,0,175,866,California
Sonoma,2020-12-21,910,1776,908,1773,2,3,0,0,909,1775,0,0,909,1775,California
Sonoma,2020-12-22,1358,3134,1267,3040,91,94,0,0,1358,3133,0,0,1358,3133,California
Sonoma,2020-12-23,1606,4740,1232,4272,374,468,0,0,1607,4740,0,0,1607,4740,California
Sonoma,2020-12-24,310,5050,103,4375,207,675,0,0,310,5050,0,0,310,5050,California
Sonoma,2020-12-25,9,5059,2,4377,7,682,0,0,9,5059,0,0,9,5059,California
Sonoma,2020-12-26,268,5327,257,4634,11,693,0,0,268,5327,0,0,268,5327,California
Sonoma,2020-12-27,96,5423,81,4715,15,708,0,0,96,5423,0,0,96,5423,California
Sonoma,2020-12-28,987,6410,551,5266,436,1144,0,0,958,6381,0,0,958,6381,California
Sonoma,2020-12-29,1133,7543,780,6046,353,1497,0,0,1099,7480,0,0,1099,7480,California
Sonoma,2020-12-30,1098,8641,481,6527,617,2114,0,0,1090,8570,0,0,1090,8570,California
Sonoma,2020-12-31,521,9162,71,6598,450,2564,0,0,522,9092,0,0,522,9092,California
Sonoma,2021-01-01,25,9187,14,6612,11,2575,0,0,25,9117,0,0,25,9117,California
Sonoma,2021-01-02,133,9320,127,6739,6,2581,0,0,133,9250,0,0,133,9250,California
Sonoma,2021-01-03,25,9345,10,6749,15,2596,0,0,25,9275,0,0,25,9275,California
Sonoma,2021-01-04,342,9687,106,6855,236,2832,0,0,341,9616,0,0,341,9616,California
Sonoma,2021-01-05,432,10119,102,6957,330,3162,0,0,405,10005,16,16,405,10021,California
Sonoma,2021-01-06,952,11071,434,7391,518,3680,0,0,838,10735,108,124,838,10859,California
Sonoma,2021-01-07,1034,12105,538,7929,496,4176,0,0,859,11420,174,298,859,11718,California
Sonoma,2021-01-08,1798,13903,1236,9165,562,4738,0,0,1315,12254,481,779,1315,13033,California
Sonoma,2021-01-09,642,14545,404,9569,238,4976,0,0,593,12798,49,828,593,13626,California
Sonoma,2021-01-10,474,15019,463,10032,11,4987,0,0,278,12880,196,1024,278,13904,California
Sonoma,2021-01-11,1389,16408,1241,11273,148,5135,0,0,415,12326,969,1993,415,14319,California
Sonoma,2021-01-12,1547,17955,1291,12564,256,5391,0,0,397,11575,1148,3141,397,14716,California
Sonoma,2021-01-13,2048,20003,1371,13935,677,6068,0,0,1179,11889,866,4007,1180,15896,California
Sonoma,2021-01-14,1539,21542,806,14741,733,6801,0,0,1310,12970,229,4236,1310,17206,California
Sonoma,2021-01-15,1562,23104,628,15369,934,7735,0,0,1339,14096,214,4450,1340,18546,California
Sonoma,2021-01-16,1148,24252,618,15987,530,8265,0,0,900,14752,244,4694,900,19446,California
Sonoma,2021-01-17,673,24925,552,16539,121,8386,0,0,593,15265,80,4774,593,20039,California
Sonoma,2021-01-18,1108,26033,937,17476,171,8557,0,0,619,15396,489,5263,620,20659,California
Sonoma,2021-01-19,2100,28133,1003,18479,1097,9654,0,0,1387,16073,711,5974,1388,22047,California
Sonoma,2021-01-20,2096,30229,631,19110,1465,11119,0,0,1426,16840,660,6634,1427,23474,California
Sonoma,2021-01-21,2268,32497,647,19757,1621,12740,0,0,2048,18671,218,6852,2049,25523,California
Sonoma,2021-01-22,2748,35245,1048,20805,1700,14440,0,0,2598,21120,149,7001,2598,28121,California
Sonoma,2021-01-23,766,36011,592,21397,174,14614,0,0,658,21671,107,7108,658,28779,California
Sonoma,2021-01-24,848,36859,719,22116,129,14743,0,0,830,22483,18,7126,830,29609,California
Sonoma,2021-01-25,2185,39044,521,22637,1664,16407,0,0,1696,23690,489,7615,1696,31305,California
Sonoma,2021-01-26,2046,41090,302,22939,1744,18151,0,0,1585,24815,460,8075,1585,32890,California
Sonoma,2021-01-27,3749,44839,1285,24224,2464,20615,0,0,3167,27404,580,8655,3169,36059,California
Sonoma,2021-01-28,4136,48975,1850,26074,2286,22901,0,0,3454,30181,679,9334,3456,39515,California
Sonoma,2021-01-29,3013,51988,1420,27494,1593,24494,0,0,2167,31505,844,10178,2168,41683,California
Sonoma,2021-01-30,2594,54582,2406,29900,188,24682,0,0,2248,33409,345,10523,2249,43932,California
Sonoma,2021-01-31,813,55395,698,30598,115,24797,0,0,582,33761,230,10753,582,44514,California
Sonoma,2021-02-01,2483,57878,854,31452,1629,26426,0,0,2102,35486,377,11130,2102,46616,California
Sonoma,2021-02-02,3598,61476,1397,32849,2201,28627,0,0,3020,37931,575,11705,3020,49636,California
Sonoma,2021-02-03,4053,65529,1328,34177,2725,31352,0,0,3113,40108,936,12641,3113,52749,California
Sonoma,2021-02-04,4221,69750,1731,35908,2490,33842,0,0,3424,42738,795,13436,3425,56174,California
Sonoma,2021-02-05,4835,74585,1751,37659,3084,36926,0,0,3806,45520,1025,14461,3807,59981,California
Sonoma,2021-02-06,2650,77235,2289,39948,361,37287,0,0,2117,47105,532,14993,2117,62098,California
Sonoma,2021-02-07,1549,78784,1411,41359,138,37425,0,0,1292,48140,257,15250,1292,63390,California
Sonoma,2021-02-08,3279,82063,1042,42401,2237,39662,0,0,2685,50232,593,15843,2685,66075,California
Sonoma,2021-02-09,3583,85646,1703,44104,1880,41542,0,0,3102,52856,479,16322,3103,69178,California
Sonoma,2021-02-10,4562,90208,2493,46597,2069,43611,0,0,3554,55409,1002,17324,3555,72733,California
Sonoma,2021-02-11,5596,95804,3031,49628,2565,46176,0,0,4407,58629,1187,18511,4407,77140,California
Sonoma,2021-02-12,5935,101739,3263,52891,2672,48848,0,0,4497,61696,1434,19945,4501,81641,California
Sonoma,2021-02-13,1997,103736,1155,54046,842,49690,0,0,1204,62110,790,20735,1204,82845,California
Sonoma,2021-02-14,2323,106059,1830,55876,493,50183,0,0,1580,62949,741,21476,1580,84425,California
Sonoma,2021-02-15,2150,108209,798,56674,1352,51535,0,0,1612,64023,538,22014,1612,86037,California
Sonoma,2021-02-16,4920,113129,2058,58732,2862,54397,0,0,3650,66408,1266,23280,3651,89688,California
Sonoma,2021-02-17,5617,118746,2910,61642,2707,57104,0,0,3578,67958,2030,25310,3580,93268,California
Sonoma,2021-02-18,6961,125707,3144,64786,3817,60921,0,0,4017,69043,2933,28243,4018,97286,California
Sonoma,2021-02-19,5581,131288,1681,66467,3900,64821,0,0,3459,70387,2117,30360,3461,100747,California
Sonoma,2021-02-20,3135,134423,2842,69309,293,65114,0,0,1217,69692,1912,32272,1217,101964,California
Sonoma,2021-02-21,538,134961,429,69738,109,65223,0,0,142,69442,392,32664,142,102106,California
Sonoma,2021-02-22,2959,137920,1405,71143,1554,66777,0,0,1230,68948,1724,34388,1230,103336,California
Sonoma,2021-02-23,3443,141363,2113,73256,1330,68107,0,0,1608,68726,1830,36218,1608,104944,California
Sonoma,2021-02-24,5722,147085,2576,75832,3146,71253,0,0,2938,68888,2778,38996,2940,107884,California
Sonoma,2021-02-25,6021,153106,2355,78187,3666,74919,0,0,3233,69356,2765,41761,3233,111117,California
Sonoma,2021-02-26,6648,159754,2939,81126,3709,78628,0,0,4222,71159,2419,44180,4222,115339,California
Sonoma,2021-02-27,4211,163965,1967,83093,2244,80872,0,0,2840,72630,1369,45549,2840,118179,California
Sonoma,2021-02-28,2512,166477,1861,84954,651,81523,0,0,770,71673,1728,47277,771,118950,California
Sonoma,2021-03-01,4123,170600,1316,86270,2806,84329,1,1,2167,71896,1946,49223,2169,121119,California
Sonoma,2021-03-02,4411,175011,1521,87791,2889,87218,1,2,2549,72591,1855,51078,2550,123669,California
Sonoma,2021-03-03,5073,180084,2649,90440,2424,89642,0,2,2336,72198,2729,53807,2336,126005,California
Sonoma,2021-03-04,5980,186064,2696,93136,3284,92926,0,2,2601,71434,3365,57172,2601,128606,California
Sonoma,2021-03-05,6505,192569,2872,96008,3618,96544,15,17,2741,70441,3750,60922,2757,131363,California
Sonoma,2021-03-06,2794,195363,1223,97231,1436,97980,135,152,1922,71632,865,61787,2056,133419,California
Sonoma,2021-03-07,1730,197093,1414,98645,280,98260,36,188,384,70708,1344,63131,420,133839,California
Sonoma,2021-03-08,4085,201178,663,99308,3247,101507,175,363,2402,71611,1672,64803,2575,136414,California
Sonoma,2021-03-09,5615,206793,3094,102402,2251,103758,270,633,2765,71790,2842,67645,3021,139435,California
Sonoma,2021-03-10,6033,212826,3198,105600,2485,106243,350,983,2437,70993,3582,71227,2785,142220,California
Sonoma,2021-03-11,7570,220396,3030,108630,3714,109957,826,1809,2574,69407,4984,76211,3398,145618,California
Sonoma,2021-03-12,7429,227825,2266,110896,3795,113752,1368,3177,2102,67564,5308,81519,3465,149083,California
Sonoma,2021-03-13,3430,231255,1695,112591,1496,115248,239,3416,2006,68381,1423,82942,2240,151323,California
Sonoma,2021-03-14,1387,232642,381,112972,864,116112,142,3558,847,68832,537,83479,988,152311,California
Sonoma,2021-03-15,5252,237894,1519,114491,3348,119460,385,3943,2169,68312,3072,86551,2552,154863,California
Sonoma,2021-03-16,6306,244200,2255,116746,3821,123281,230,4173,2900,68042,3398,89949,3128,157991,California
Sonoma,2021-03-17,6806,251006,3562,120308,3064,126345,180,4353,3293,68013,3500,93449,3471,161462,California
Sonoma,2021-03-18,7145,258151,2944,123252,3585,129930,616,4969,3122,67734,4013,97462,3734,165196,California
Sonoma,2021-03-19,7532,265683,3270,126522,4034,133964,228,5197,3060,66573,4453,101915,3292,168488,California
Sonoma,2021-03-20,3720,269403,1755,128277,1138,135102,827,6024,2015,67713,1697,103612,2837,171325,California
Sonoma,2021-03-21,1385,270788,598,128875,752,135854,35,6059,1203,68774,177,103789,1238,172563,California
Sonoma,2021-03-22,4584,275372,3124,131999,1359,137213,101,6160,3340,70976,1238,105027,3440,176003,California
Sonoma,2021-03-23,5874,281246,3645,135644,2158,139371,71,6231,4433,74050,1431,106458,4505,180508,California
Sonoma,2021-03-24,6849,288095,4302,139946,2478,141849,69,6300,4180,75649,2649,109107,4248,184756,California
Sonoma,2021-03-25,7146,295241,4216,144162,2818,144667,112,6412,4294,77230,2826,111933,4407,189163,California
Sonoma,2021-03-26,7458,302699,3470,147632,3895,148562,93,6505,3815,77516,3621,115554,3907,193070,California
Sonoma,2021-03-27,3880,306579,1506,149138,2010,150572,364,6869,1038,76084,2832,118386,1400,194470,California
Sonoma,2021-03-28,1516,308095,950,150088,539,151111,27,6896,800,76198,713,119099,827,195297,California
Sonoma,2021-03-29,2968,311063,1107,151195,1828,152939,33,6929,1533,76337,1427,120526,1566,196863,California
Sonoma,2021-03-30,5871,316934,3227,154422,2582,155521,62,6991,3054,76643,2810,123336,3116,199979,California
Sonoma,2021-03-31,5625,322559,3411,157833,1998,157519,216,7207,3247,77742,2364,125700,3463,203442,California
Sonoma,2021-04-01,6941,329500,4072,161905,2525,160044,344,7551,3764,78691,3150,128850,4099,207541,California
Sonoma,2021-04-02,5963,335463,3572,165477,2281,162325,110,7661,3583,80012,2371,131221,3692,211233,California
Sonoma,2021-04-03,3649,339112,1824,167301,1602,163927,223,7884,1607,79810,2030,133251,1828,213061,California
Sonoma,2021-04-04,1069,340181,695,167996,283,164210,91,7975,664,80165,400,133651,755,213816,California
Sonoma,2021-04-05,4445,344626,648,168644,3451,167661,346,8321,1676,79424,2762,136413,2021,215837,California
Sonoma,2021-04-06,6919,351545,3502,172146,3010,170671,407,8728,4025,80975,2880,139293,4431,220268,California
Sonoma,2021-04-07,6862,358407,3876,176022,2146,172817,840,9568,3338,81635,3512,142805,4172,224440,California
Sonoma,2021-04-08,7673,366080,4151,180173,2748,175565,774,10342,4210,83160,3454,146259,4979,229419,California
Sonoma,2021-04-09,6867,372947,3830,184003,2147,177712,890,11232,3539,84268,3314,149573,4422,233841,California
Sonoma,2021-04-10,3915,376862,1704,185707,1651,179363,560,11792,1144,83204,2762,152335,1698,235539,California
Sonoma,2021-04-11,1285,378147,606,186313,598,179961,81,11873,439,82879,845,153180,520,236059,California
Sonoma,2021-04-12,4969,383116,2067,188380,2413,182374,489,12362,1852,82108,3105,156285,2334,238393,California
Sonoma,2021-04-13,7868,390984,4660,193040,3206,185580,2,12364,2996,80247,4861,161146,3000,241393,California
Sonoma,2021-04-14,6582,397566,3746,196786,2816,188396,20,12384,2525,78749,4044,165190,2546,243939,California
Sonoma,2021-04-15,7260,404826,4115,200901,3145,191541,0,12384,3591,78686,3657,168847,3594,247533,California
Sonoma,2021-04-16,6786,411612,3402,204303,3382,194923,2,12386,3831,79573,2946,171793,3833,251366,California
Sonoma,2021-04-17,3200,414812,1563,205866,1637,196560,0,12386,1547,79482,1639,173432,1548,252914,California
Sonoma,2021-04-18,1286,416098,892,206758,394,196954,0,12386,450,79097,835,174267,450,253364,California
Sonoma,2021-04-19,3322,419420,1882,208640,1439,198393,1,12387,1447,78674,1871,176138,1448,254812,California
Sonoma,2021-04-20,6274,425694,3467,212107,2807,201200,0,12387,2339,77090,3924,180062,2340,257152,California
Sonoma,2021-04-21,6620,432314,4231,216338,2387,203587,2,12389,3041,76573,3559,183621,3042,260194,California
Sonoma,2021-04-22,6253,438567,4484,220822,1769,205356,0,12389,2521,75379,3715,187336,2521,262715,California
Sonoma,2021-04-23,7435,446002,4631,225453,2798,208154,6,12395,3634,75233,3787,191123,3641,266356,California
Sonoma,2021-04-24,2779,448781,1508,226961,1256,209410,15,12410,1548,75570,1226,192349,1563,267919,California
Sonoma,2021-04-25,1086,449867,790,227751,296,209706,0,12410,430,75347,653,193002,430,268349,California
Sonoma,2021-04-26,2918,452785,1400,229151,1490,211196,28,12438,1605,75675,1305,194307,1633,269982,California
Sonoma,2021-04-27,5425,458210,3695,232846,1617,212813,113,12551,2224,74822,3190,197497,2337,272319,California
Sonoma,2021-04-28,4900,463110,3230,236076,1473,214286,197,12748,2098,74327,2785,200282,2290,274609,California
Sonoma,2021-04-29,5084,468194,3588,239664,1351,215637,145,12893,1913,73225,3160,203442,2058,276667,California
Sonoma,2021-04-30,5457,473651,3633,243297,1530,217167,294,13187,1811,71700,3630,207072,2105,278772,California
Sonoma,2021-05-01,2483,476134,1786,245083,592,217759,105,13292,1233,71792,1242,208314,1334,280106,California
Sonoma,2021-05-02,865,476999,645,245728,169,217928,51,13343,551,72081,314,208628,603,280709,California
Sonoma,2021-05-03,3185,480184,1683,247411,1357,219285,145,13488,1050,71149,2125,210753,1193,281902,California
Sonoma,2021-05-04,4588,484772,2404,249815,2006,221291,178,13666,1460,69675,3107,213860,1633,283535,California
Sonoma,2021-05-05,3673,488445,2181,251996,1298,222589,194,13860,1313,68832,2348,216208,1505,285040,California
Sonoma,2021-05-06,4549,492994,2408,254404,2013,224602,128,13988,1326,67101,3182,219390,1451,286491,California
Sonoma,2021-05-07,3598,496592,2314,256718,1161,225763,123,14111,1085,65805,2503,221893,1207,287698,California
Sonoma,2021-05-08,1861,498453,1260,257978,509,226272,92,14203,748,65544,1101,222994,840,288538,California
Sonoma,2021-05-09,500,498953,284,258262,175,226447,41,14244,172,65432,325,223319,213,288751,California
Sonoma,2021-05-10,2316,501269,1042,259304,1140,227587,134,14378,290,63841,2012,225331,421,289172,California
Sonoma,2021-05-11,3492,504761,1882,261186,1495,229082,115,14493,935,62349,2542,227873,1050,290222,California
Sonoma,2021-05-12,3962,508723,2454,263640,1361,230443,147,14640,838,60219,3114,230987,984,291206,California
Sonoma,2021-05-13,4761,513484,2735,266375,1911,232354,115,14755,1577,58737,3172,234159,1690,292896,California
Sonoma,2021-05-14,5809,519293,3609,269984,2061,234415,139,14894,2219,57520,3576,237735,2359,295255,California
Sonoma,2021-05-15,2923,522216,2151,272135,711,235126,61,14955,1846,58357,1069,238804,1906,297161,California
Sonoma,2021-05-16,1314,523530,1097,273232,158,235284,59,15014,979,59064,331,239135,1038,298199,California
Sonoma,2021-05-17,2458,525988,1833,275065,530,235814,95,15109,923,58550,1530,240665,1016,299215,California
Sonoma,2021-05-18,4335,530323,2861,277926,1365,237179,109,15218,1495,57339,2822,243487,1611,300826,California
Sonoma,2021-05-19,3736,534059,2402,280328,1219,238398,115,15333,1488,56706,2236,245723,1603,302429,California
Sonoma,2021-05-20,3052,537111,2086,282414,874,239272,92,15425,1251,56255,1789,247512,1338,303767,California
Sonoma,2021-05-21,3892,541003,2232,284646,1531,240803,129,15554,1417,55334,2454,249966,1533,305300,California
Sonoma,2021-05-22,2098,543101,1139,285785,919,241722,40,15594,579,54445,1508,251474,619,305919,California
Sonoma,2021-05-23,1243,544344,1088,286873,142,241864,13,15607,698,54616,540,252014,711,306630,California
Sonoma,2021-05-24,1962,546306,1247,288120,585,242449,130,15737,648,54110,1284,253298,778,307408,California
Sonoma,2021-05-25,2916,549222,1796,289916,1032,243481,88,15825,751,52796,2152,255450,838,308246,California
Sonoma,2021-05-26,2456,551678,1724,291640,626,244107,106,15931,990,52433,1456,256906,1093,309339,California
Sonoma,2021-05-27,2075,553753,1134,292774,845,244952,96,16027,700,51861,1367,258273,795,310134,California
Sonoma,2021-05-28,2143,555896,1127,293901,924,245876,92,16119,621,51064,1510,259783,713,310847,California
Sonoma,2021-05-29,1333,557229,913,294814,353,246229,67,16186,646,51099,678,260461,713,311560,California
Sonoma,2021-05-30,340,557569,211,295025,119,246348,10,16196,136,51045,200,260661,146,311706,California
Sonoma,2021-05-31,71,557640,26,295051,44,246392,1,16197,17,51009,54,260715,18,311724,California
Sonoma,2021-06-01,1913,559553,1091,296142,744,247136,78,16275,694,50570,1205,261920,766,312490,California
Sonoma,2021-06-02,1571,561124,961,297103,496,247632,114,16389,671,50458,896,262816,784,313274,California
Sonoma,2021-06-03,1995,563119,1387,298490,528,248160,80,16469,497,49543,1490,264306,575,313849,California
Sonoma,2021-06-04,2686,565805,2199,300689,377,248537,110,16579,528,48029,2151,266457,637,314486,California
Sonoma,2021-06-05,1790,567595,1486,302175,274,248811,30,16609,294,46862,1491,267948,324,314810,California
Sonoma,2021-06-06,1012,568607,933,303108,69,248880,10,16619,157,46177,852,268800,167,314977,California
Sonoma,2021-06-07,1441,570048,1224,304332,169,249049,48,16667,300,45391,1132,269932,346,315323,California
Sonoma,2021-06-08,1151,571199,949,305281,170,249219,32,16699,302,44883,841,270773,333,315656,California
Stanislaus,2020-12-15,3,3,3,3,0,0,0,0,3,3,0,0,3,3,California
Stanislaus,2020-12-16,37,40,37,40,0,0,0,0,37,40,0,0,37,40,California
Stanislaus,2020-12-17,74,114,74,114,0,0,0,0,74,114,0,0,74,114,California
Stanislaus,2020-12-18,341,455,335,449,6,6,0,0,341,455,0,0,341,455,California
Stanislaus,2020-12-19,132,587,132,581,0,6,0,0,132,587,0,0,132,587,California
Stanislaus,2020-12-20,86,673,86,667,0,6,0,0,86,673,0,0,86,673,California
Stanislaus,2020-12-21,996,1669,995,1662,1,7,0,0,995,1668,1,1,996,1669,California
Stanislaus,2020-12-22,793,2462,781,2443,12,19,0,0,793,2461,0,1,793,2462,California
Stanislaus,2020-12-23,448,2910,430,2873,18,37,0,0,447,2908,1,2,448,2910,California
Stanislaus,2020-12-24,97,3007,88,2961,9,46,0,0,97,3005,0,2,97,3007,California
Stanislaus,2020-12-26,52,3059,9,2970,43,89,0,0,52,3057,0,2,52,3059,California
Stanislaus,2020-12-27,11,3070,6,2976,5,94,0,0,11,3068,0,2,11,3070,California
Stanislaus,2020-12-28,487,3557,394,3370,93,187,0,0,487,3555,0,2,487,3557,California
Stanislaus,2020-12-29,495,4052,415,3785,80,267,0,0,495,4050,0,2,495,4052,California
Stanislaus,2020-12-30,534,4586,280,4065,254,521,0,0,533,4582,1,3,533,4585,California
Stanislaus,2020-12-31,278,4864,157,4222,121,642,0,0,278,4860,0,3,278,4863,California
Stanislaus,2021-01-01,14,4878,5,4227,9,651,0,0,14,4874,0,3,14,4877,California
Stanislaus,2021-01-02,33,4911,26,4253,7,658,0,0,33,4907,0,3,33,4910,California
Stanislaus,2021-01-03,90,5001,87,4340,3,661,0,0,90,4997,0,3,90,5000,California
Stanislaus,2021-01-04,233,5234,154,4494,79,740,0,0,232,5228,1,4,232,5232,California
Stanislaus,2021-01-05,839,6073,347,4841,492,1232,0,0,814,6026,24,28,822,6054,California
Stanislaus,2021-01-06,1002,7075,598,5439,404,1636,0,0,928,6887,71,99,932,6986,California
Stanislaus,2021-01-07,1077,8152,703,6142,374,2010,0,0,884,7587,187,286,887,7873,California
Stanislaus,2021-01-08,1273,9425,718,6860,555,2565,0,0,928,8179,342,628,934,8807,California
Stanislaus,2021-01-09,291,9716,143,7003,148,2713,0,0,201,8291,90,718,202,9009,California
Stanislaus,2021-01-10,47,9763,20,7023,27,2740,0,0,29,8302,18,736,29,9038,California
Stanislaus,2021-01-11,1496,11259,1213,8236,283,3023,0,0,572,7974,918,1654,590,9628,California
Stanislaus,2021-01-12,1473,12732,866,9102,607,3630,0,0,831,8177,638,2292,841,10469,California
Stanislaus,2021-01-13,1446,14178,687,9789,759,4389,0,0,1121,8986,324,2616,1133,11602,California
Stanislaus,2021-01-14,2240,16418,284,10073,1956,6345,0,0,2066,10953,171,2787,2138,13740,California
Stanislaus,2021-01-15,2825,19243,1158,11231,1667,8012,0,0,2668,13551,153,2940,2751,16491,California
Stanislaus,2021-01-16,472,19715,50,11281,422,8434,0,0,453,13988,18,2958,455,16946,California
Stanislaus,2021-01-17,244,19959,202,11483,42,8476,0,0,237,14219,6,2964,237,17183,California
Stanislaus,2021-01-18,2190,22149,1023,12506,1167,9643,0,0,1795,15702,390,3354,1873,19056,California
Stanislaus,2021-01-19,1253,23402,723,13229,530,10173,0,0,804,16062,445,3799,805,19861,California
Stanislaus,2021-01-20,1012,24414,490,13719,522,10695,0,0,717,16485,294,4093,717,20578,California
Stanislaus,2021-01-21,3693,28107,2978,16697,715,11410,0,0,3359,19628,330,4423,3473,24051,California
Stanislaus,2021-01-22,1097,29204,308,17005,789,12199,0,0,1052,20642,41,4464,1055,25106,California
Stanislaus,2021-01-23,356,29560,42,17047,314,12513,0,0,297,20882,58,4522,298,25404,California
Stanislaus,2021-01-24,302,29862,100,17147,202,12715,0,0,236,21054,66,4588,238,25642,California
Stanislaus,2021-01-25,3159,33021,228,17375,2931,15646,0,0,2825,23735,298,4886,2979,28621,California
Stanislaus,2021-01-26,1728,34749,748,18123,980,16626,0,0,1298,24627,423,5309,1315,29936,California
Stanislaus,2021-01-27,1895,36644,1053,19176,842,17468,0,0,1189,25158,659,5968,1190,31126,California
Stanislaus,2021-01-28,2209,38853,1512,20688,697,18165,0,0,1716,26454,484,6452,1780,32906,California
Stanislaus,2021-01-29,2448,41301,1199,21887,1249,19414,0,0,1912,27929,490,6942,1965,34871,California
Stanislaus,2021-01-30,294,41595,133,22020,161,19575,0,0,229,28104,54,6996,229,35100,California
Stanislaus,2021-01-31,368,41963,314,22334,54,19629,0,0,353,28445,12,7008,353,35453,California
Stanislaus,2021-02-01,1295,43258,585,22919,710,20339,0,0,941,29044,343,7351,942,36395,California
Stanislaus,2021-02-02,1212,44470,348,23267,864,21203,0,0,775,29396,425,7776,777,37172,California
Stanislaus,2021-02-03,2614,47084,1234,24501,1380,22583,0,0,1917,30635,692,8468,1931,39103,California
Stanislaus,2021-02-04,2090,49174,711,25212,1379,23962,0,0,1581,31727,495,8963,1587,40690,California
Stanislaus,2021-02-05,2853,52027,1470,26682,1383,25345,0,0,1592,32133,1199,10162,1605,42295,California
Stanislaus,2021-02-06,885,52912,299,26981,586,25931,0,0,692,32636,191,10353,694,42989,California
Stanislaus,2021-02-07,232,53144,207,27188,25,25956,0,0,43,32494,186,10539,44,43033,California
Stanislaus,2021-02-08,2040,55184,1337,28525,703,26659,0,0,1100,32722,897,11436,1125,44158,California
Stanislaus,2021-02-09,1839,57023,783,29308,1056,27715,0,0,1041,32998,775,12211,1051,45209,California
Stanislaus,2021-02-10,1936,58959,533,29841,1403,29118,0,0,1011,33110,901,13112,1013,46222,California
Stanislaus,2021-02-11,5400,64359,3275,33116,2125,31243,0,0,1232,30400,3948,17060,1238,47460,California
Stanislaus,2021-02-12,3303,67662,917,34033,2386,33629,0,0,1453,30094,1768,18828,1462,48922,California
Stanislaus,2021-02-13,1353,69015,650,34683,703,34332,0,0,983,30718,363,19191,987,49909,California
Stanislaus,2021-02-14,417,69432,165,34848,252,34584,0,0,350,31003,65,19256,350,50259,California
Stanislaus,2021-02-15,1818,71250,230,35078,1588,36172,0,0,581,30466,1122,20378,585,50844,California
Stanislaus,2021-02-16,1363,72613,423,35501,940,37112,0,0,579,30275,772,21150,581,51425,California
Stanislaus,2021-02-17,2756,75369,1688,37189,1068,38180,0,0,1921,31377,830,21980,1932,53357,California
Stanislaus,2021-02-18,3366,78735,1903,39092,1463,39643,0,0,1780,31699,1495,23475,1817,55174,California
Stanislaus,2021-02-19,2769,81504,1073,40165,1696,41339,0,0,1514,32028,1209,24684,1538,56712,California
Stanislaus,2021-02-20,753,82257,383,40548,370,41709,0,0,477,32250,256,24940,478,57190,California
Stanislaus,2021-02-21,906,83163,692,41240,214,41923,0,0,545,32469,337,25277,556,57746,California
Stanislaus,2021-02-22,2351,85514,1698,42938,653,42576,0,0,1633,33405,698,25975,1634,59380,California
Stanislaus,2021-02-23,3750,89264,681,43619,3069,45645,0,0,1743,33316,1843,27818,1754,61134,California
Stanislaus,2021-02-24,4187,93451,2853,46472,1334,46979,0,0,3123,35399,1043,28861,3126,64260,California
Stanislaus,2021-02-25,3954,97405,2719,49191,1235,48214,0,0,3151,37770,783,29644,3154,67414,California
Stanislaus,2021-02-26,4216,101621,1216,50407,3000,51214,0,0,2839,39300,1321,30965,2851,70265,California
Stanislaus,2021-02-27,2093,103714,711,51118,1381,52595,1,1,1860,40958,204,31169,1862,72127,California
Stanislaus,2021-02-28,825,104539,262,51380,563,53158,0,1,775,41695,39,31208,776,72903,California
Stanislaus,2021-03-01,2789,107328,1646,53026,1141,54299,2,3,1639,42239,1109,32317,1653,74556,California
Stanislaus,2021-03-02,2397,109725,1426,54452,970,55269,1,4,1661,43182,721,33038,1664,76220,California
Stanislaus,2021-03-03,3714,113439,2230,56682,1480,56749,4,8,2905,45299,792,33830,2909,79129,California
Stanislaus,2021-03-04,5440,118879,3105,59787,2319,59068,16,24,4190,48283,1218,35048,4202,83331,California
Stanislaus,2021-03-05,4084,122963,1120,60907,2948,62016,16,40,3085,50413,970,36018,3100,86431,California
Stanislaus,2021-03-06,3577,126540,2230,63137,1254,63270,93,133,2722,52379,851,36869,2817,89248,California
Stanislaus,2021-03-07,850,127390,387,63524,427,63697,36,169,664,52898,181,37050,700,89948,California
Stanislaus,2021-03-08,1991,129381,862,64386,1040,64737,89,258,1330,53674,642,37692,1418,91366,California
Stanislaus,2021-03-09,2176,131557,903,65289,1181,65918,92,350,1633,54873,531,38223,1730,93096,California
Stanislaus,2021-03-10,5069,136626,2505,67794,2339,68257,225,575,3738,57537,1312,39535,3976,97072,California
Stanislaus,2021-03-11,5720,142346,3141,70935,2103,70360,476,1051,4121,60711,1428,40963,4602,101674,California
Stanislaus,2021-03-12,5772,148118,1229,72164,2621,72981,1922,2973,2917,62719,2829,43792,4837,106511,California
Stanislaus,2021-03-13,3398,151516,2180,74344,1148,74129,70,3043,2699,64803,692,44484,2776,109287,California
Stanislaus,2021-03-14,989,152505,595,74939,343,74472,51,3094,485,64840,501,44985,538,109825,California
Stanislaus,2021-03-15,3690,156195,1975,76914,1354,75826,361,3455,1601,64817,1992,46977,1969,111794,California
Stanislaus,2021-03-16,4934,161129,2459,79373,2062,77888,413,3868,3546,67409,1366,48343,3958,115752,California
Stanislaus,2021-03-17,4720,165849,2854,82227,1688,79576,178,4046,2877,68659,1811,50154,3061,118813,California
Stanislaus,2021-03-18,5422,171271,3422,85649,1934,81510,66,4112,2928,69317,2341,52495,2999,121812,California
Stanislaus,2021-03-19,5925,177196,1540,87189,2864,84374,1521,5633,3105,71160,2780,55275,4623,126435,California
Stanislaus,2021-03-20,3843,181039,3009,90198,766,85140,68,5701,3365,74123,471,55746,3434,129869,California
Stanislaus,2021-03-21,1005,182044,903,91101,37,85177,65,5766,765,74716,237,55983,830,130699,California
Stanislaus,2021-03-22,2821,184865,1328,92429,768,85945,725,6491,1235,75122,1557,57540,1963,132662,California
Stanislaus,2021-03-23,3947,188812,2021,94450,1666,87611,260,6751,2805,77081,1125,58665,3084,135746,California
Stanislaus,2021-03-24,4551,193363,3221,97671,1262,88873,68,6819,2634,77916,1870,60535,2705,138451,California
Stanislaus,2021-03-25,4252,197615,2925,100596,1311,90184,16,6835,1818,77396,2355,62890,1835,140286,California
Stanislaus,2021-03-26,4752,202367,1335,101931,3342,93526,75,6910,2378,77521,2341,65231,2466,142752,California
Stanislaus,2021-03-27,4401,206768,2741,104672,1578,95104,82,6992,1379,75986,3004,68235,1469,144221,California
Stanislaus,2021-03-28,1105,207873,438,105110,559,95663,108,7100,317,75641,776,69011,431,144652,California
Stanislaus,2021-03-29,2978,210851,1827,106937,1112,96775,39,7139,1979,76676,989,70000,2024,146676,California
Stanislaus,2021-03-30,3676,214527,2064,109001,1586,98361,26,7165,2230,77501,1437,71437,2262,148938,California
Stanislaus,2021-03-31,5425,219952,3852,112853,1454,99815,119,7284,2771,77762,2633,74070,2894,151832,California
Stanislaus,2021-04-01,5739,225691,3839,116692,1811,101626,89,7373,2632,77410,3084,77154,2732,154564,California
Stanislaus,2021-04-02,5014,230705,1210,117902,3650,105276,154,7527,2240,77133,2683,79837,2406,156970,California
Stanislaus,2021-04-03,4544,235249,3300,121202,1207,106483,37,7564,2241,77131,2293,82130,2291,159261,California
Stanislaus,2021-04-04,1323,236572,473,121675,820,107303,30,7594,651,77151,665,82795,685,159946,California
Stanislaus,2021-04-05,3633,240205,2529,124204,856,108159,248,7842,2357,78494,1266,84061,2609,162555,California
Stanislaus,2021-04-06,5750,245955,4173,128377,1302,109461,275,8117,3075,79190,2660,86721,3356,165911,California
Stanislaus,2021-04-07,6347,252302,3597,131974,2326,111787,424,8541,2827,78947,3502,90223,3259,169170,California
Stanislaus,2021-04-08,5684,257986,3327,135301,1923,113710,434,8975,2774,79272,2886,93109,3211,172381,California
Stanislaus,2021-04-09,4822,262808,2105,137406,2344,116054,373,9348,2184,79228,2614,95723,2570,174951,California
Stanislaus,2021-04-10,6494,269302,3984,141390,871,116925,1639,10987,1998,78388,4470,100193,3630,178581,California
Stanislaus,2021-04-11,1518,270820,847,142237,538,117463,133,11120,664,78334,852,101045,798,179379,California
Stanislaus,2021-04-12,3593,274413,2046,144283,1102,118565,445,11565,1873,78961,1699,102744,2326,181705,California
Stanislaus,2021-04-13,5191,279604,3418,147701,1760,120325,13,11578,2915,79649,2234,104978,2922,184627,California
Stanislaus,2021-04-14,4674,284278,3273,150974,1399,121724,2,11580,2282,79579,2359,107337,2289,186916,California
Stanislaus,2021-04-15,5395,289673,3319,154293,2074,123798,2,11582,3241,80710,2114,109451,3245,190161,California
Stanislaus,2021-04-16,4308,293981,992,155285,3315,127113,1,11583,1819,80085,2447,111898,1822,191983,California
Stanislaus,2021-04-17,3163,297144,2128,157413,1035,128148,0,11583,1838,80614,1312,113210,1841,193824,California
Stanislaus,2021-04-18,533,297677,217,157630,314,128462,2,11585,409,80909,117,113327,412,194236,California
Stanislaus,2021-04-19,3456,301133,2449,160079,1006,129468,1,11586,1637,80768,1787,115114,1646,195882,California
Stanislaus,2021-04-20,3970,305103,2410,162489,1560,131028,0,11586,1732,80294,2208,117322,1734,197616,California
Stanislaus,2021-04-21,3827,308930,2559,165048,1267,132295,1,11587,1597,79708,2190,119512,1604,199220,California
Stanislaus,2021-04-22,3956,312886,2410,167458,1546,133841,0,11587,1576,78954,2335,121847,1581,200801,California
Stanislaus,2021-04-23,3587,316473,844,168302,2742,136583,1,11588,1465,78396,2031,123878,1473,202274,California
Stanislaus,2021-04-24,3783,320256,2927,171229,856,137439,0,11588,1789,78213,1977,125855,1794,204068,California
Stanislaus,2021-04-25,938,321194,481,171710,457,137896,0,11588,688,78661,244,126099,692,204760,California
Stanislaus,2021-04-26,3355,324549,2358,174068,991,138887,6,11594,1048,77434,2286,128385,1059,205819,California
Stanislaus,2021-04-27,4002,328551,2780,176848,1178,140065,44,11638,1145,75796,2831,131216,1193,207012,California
Stanislaus,2021-04-28,4258,332809,3024,179872,1172,141237,62,11700,1837,75302,2402,133618,1908,208920,California
Stanislaus,2021-04-29,3636,336445,2256,182128,1332,142569,48,11748,1447,74631,2176,135794,1505,210425,California
Stanislaus,2021-04-30,4496,340941,2042,184170,2370,144939,84,11832,1776,73792,2707,138501,1868,212293,California
Stanislaus,2021-05-01,2707,343648,1925,186095,742,145681,40,11872,1015,73171,1684,140185,1063,213356,California
Stanislaus,2021-05-02,1074,344722,614,186709,424,146105,36,11908,521,73187,547,140732,563,213919,California
Stanislaus,2021-05-03,2413,347135,1927,188636,415,146520,71,11979,910,72680,1491,142223,984,214903,California
Stanislaus,2021-05-04,3471,350606,2467,191103,914,147434,90,12069,1067,71454,2392,144615,1166,216069,California
Stanislaus,2021-05-05,3189,353795,2133,193236,981,148415,75,12144,1081,70526,2088,146703,1160,217229,California
Stanislaus,2021-05-06,3518,357313,2696,195932,698,149113,124,12268,1056,69271,2442,149145,1187,218416,California
Stanislaus,2021-05-07,2299,359612,882,196814,1254,150367,163,12431,926,68997,1365,150510,1091,219507,California
Stanislaus,2021-05-08,1960,361572,1342,198156,585,150952,33,12464,713,68519,1231,151741,753,220260,California
Stanislaus,2021-05-09,712,362284,342,198498,344,151296,26,12490,308,68452,402,152143,335,220595,California
Stanislaus,2021-05-10,1681,363965,1138,199636,447,151743,96,12586,451,67781,1220,153363,549,221144,California
Stanislaus,2021-05-11,2331,366296,1475,201111,702,152445,154,12740,660,66939,1660,155023,818,221962,California
Stanislaus,2021-05-12,2186,368482,1251,202362,828,153273,107,12847,841,66558,1331,156354,950,222912,California
Stanislaus,2021-05-13,1851,370333,1025,203387,712,153985,114,12961,844,66515,1002,157356,959,223871,California
Stanislaus,2021-05-14,2602,372935,1160,204547,1306,155291,136,13097,1200,66465,1387,158743,1337,225208,California
Stanislaus,2021-05-15,2473,375408,1768,206315,655,155946,50,13147,1196,66451,1268,160011,1254,226462,California
Stanislaus,2021-05-16,1022,376430,667,206982,347,156293,8,13155,556,66560,459,160470,568,227030,California
Stanislaus,2021-05-17,1930,378360,1296,208278,553,156846,81,13236,929,66577,995,161465,1012,228042,California
Stanislaus,2021-05-18,2199,380559,1503,209781,582,157428,114,13350,1160,66823,1027,162492,1273,229315,California
Stanislaus,2021-05-19,3019,383578,2063,211844,804,158232,152,13502,1346,66662,1664,164156,1503,230818,California
Stanislaus,2021-05-20,1853,385431,968,212812,785,159017,100,13602,763,66445,1083,165239,866,231684,California
Stanislaus,2021-05-21,2083,387514,966,213778,1025,160042,92,13694,853,66176,1215,166454,946,232630,California
Stanislaus,2021-05-22,1761,389275,1073,214851,621,160663,67,13761,763,66017,990,167444,831,233461,California
Stanislaus,2021-05-23,936,390211,614,215465,310,160973,12,13773,433,65963,499,167943,445,233906,California
Stanislaus,2021-05-24,1575,391786,1082,216547,418,161391,75,13848,606,65687,965,168908,689,234595,California
Stanislaus,2021-05-25,1693,393479,1163,217710,433,161824,97,13945,830,65757,859,169767,929,235524,California
Stanislaus,2021-05-26,1879,395358,1177,218887,653,162477,49,13994,898,65732,972,170739,947,236471,California
Stanislaus,2021-05-27,1710,397068,940,219827,695,163172,75,14069,639,65384,1062,171801,714,237185,California
Stanislaus,2021-05-28,1952,399020,887,220714,986,164158,79,14148,860,65236,1087,172888,939,238124,California
Stanislaus,2021-05-29,1310,400330,843,221557,426,164584,41,14189,611,65195,695,173583,654,238778,California
Stanislaus,2021-05-30,453,400783,273,221830,146,164730,34,14223,215,65209,235,173818,249,239027,California
Stanislaus,2021-05-31,259,401042,122,221952,130,164860,7,14230,97,65152,161,173979,104,239131,California
Stanislaus,2021-06-01,1543,402585,971,222923,520,165380,52,14282,625,64920,912,174891,680,239811,California
Stanislaus,2021-06-02,1709,404294,1093,224016,550,165930,66,14348,781,64850,918,175809,848,240659,California
Stanislaus,2021-06-03,1302,405596,768,224784,488,166418,46,14394,565,64738,726,176535,614,241273,California
Stanislaus,2021-06-04,1826,407422,1112,225896,645,167063,69,14463,698,64398,1119,177654,779,242052,California
Stanislaus,2021-06-05,1357,408779,1039,226935,292,167355,26,14489,466,64010,882,178536,494,242546,California
Stanislaus,2021-06-06,491,409270,400,227335,83,167438,8,14497,198,63925,293,178829,208,242754,California
Stanislaus,2021-06-07,1329,410599,1008,228343,274,167712,47,14544,493,63636,830,179659,541,243295,California
Stanislaus,2021-06-08,899,411498,721,229064,128,167840,50,14594,316,63430,573,180232,367,243662,California
Sutter,2020-12-15,1,1,1,1,0,0,0,0,1,1,0,0,1,1,California
Sutter,2020-12-16,4,5,4,5,0,0,0,0,4,5,0,0,4,5,California
Sutter,2020-12-17,2,7,2,7,0,0,0,0,2,7,0,0,2,7,California
Sutter,2020-12-18,22,29,22,29,0,0,0,0,22,29,0,0,22,29,California
Sutter,2020-12-19,44,73,44,73,0,0,0,0,44,73,0,0,44,73,California
Sutter,2020-12-20,43,116,43,116,0,0,0,0,43,116,0,0,43,116,California
Sutter,2020-12-21,100,216,100,216,0,0,0,0,100,216,0,0,100,216,California
Sutter,2020-12-22,171,387,171,387,0,0,0,0,171,387,0,0,171,387,California
Sutter,2020-12-23,118,505,113,500,5,5,0,0,118,505,0,0,118,505,California
Sutter,2020-12-24,17,522,11,511,6,11,0,0,17,522,0,0,17,522,California
Sutter,2020-12-26,38,560,34,545,4,15,0,0,38,560,0,0,38,560,California
Sutter,2020-12-27,24,584,23,568,1,16,0,0,24,584,0,0,24,584,California
Sutter,2020-12-28,84,668,56,624,28,44,0,0,84,668,0,0,84,668,California
Sutter,2020-12-29,102,770,14,638,88,132,0,0,102,770,0,0,102,770,California
Sutter,2020-12-30,137,907,34,672,103,235,0,0,137,907,0,0,137,907,California
Sutter,2020-12-31,69,976,6,678,63,298,0,0,69,976,0,0,69,976,California
Sutter,2021-01-01,3,979,3,681,0,298,0,0,3,979,0,0,3,979,California
Sutter,2021-01-02,131,1110,129,810,2,300,0,0,131,1110,0,0,131,1110,California
Sutter,2021-01-03,1,1111,0,810,1,301,0,0,1,1111,0,0,1,1111,California
Sutter,2021-01-04,246,1357,138,948,108,409,0,0,246,1357,0,0,246,1357,California
Sutter,2021-01-05,100,1457,57,1005,43,452,0,0,97,1451,3,3,97,1454,California
Sutter,2021-01-06,204,1661,50,1055,154,606,0,0,199,1645,5,8,199,1653,California
Sutter,2021-01-07,253,1914,151,1206,102,708,0,0,244,1881,8,16,244,1897,California
Sutter,2021-01-08,152,2066,41,1247,111,819,0,0,134,1997,18,34,134,2031,California
Sutter,2021-01-09,44,2110,43,1290,1,820,0,0,3,1959,41,75,3,2034,California
Sutter,2021-01-10,395,2505,37,1327,358,1178,0,0,357,2279,37,112,357,2391,California
Sutter,2021-01-11,133,2638,116,1443,17,1195,0,0,25,2196,108,220,25,2416,California
Sutter,2021-01-12,201,2839,164,1607,37,1232,0,0,58,2111,143,363,58,2474,California
Sutter,2021-01-13,165,3004,101,1708,64,1296,0,0,74,2095,90,453,74,2548,California
Sutter,2021-01-14,148,3152,51,1759,97,1393,0,0,129,2205,19,472,129,2677,California
Sutter,2021-01-15,437,3589,132,1891,305,1698,0,0,422,2612,15,487,422,3099,California
Sutter,2021-01-16,384,3973,41,1932,343,2041,0,0,354,2936,30,517,354,3453,California
Sutter,2021-01-17,26,3999,24,1956,2,2043,0,0,10,2930,16,533,10,3463,California
Sutter,2021-01-18,119,4118,64,2020,55,2098,0,0,70,2951,49,582,70,3533,California
Sutter,2021-01-19,103,4221,42,2062,61,2159,0,0,79,3006,24,606,79,3612,California
Sutter,2021-01-20,270,4491,206,2268,64,2223,0,0,250,3236,20,626,250,3862,California
Sutter,2021-01-21,485,4976,316,2584,169,2392,0,0,466,3683,19,645,466,4328,California
Sutter,2021-01-22,243,5219,54,2638,189,2581,0,0,234,3908,9,654,234,4562,California
Sutter,2021-01-23,398,5617,39,2677,359,2940,0,0,372,4254,26,680,372,4934,California
Sutter,2021-01-24,16,5633,14,2691,2,2942,0,0,14,4266,2,682,14,4948,California
Sutter,2021-01-25,307,5940,195,2886,112,3054,0,0,152,4265,154,836,153,5101,California
Sutter,2021-01-26,249,6189,108,2994,141,3195,0,0,144,4305,104,940,144,5245,California
Sutter,2021-01-27,387,6576,255,3249,132,3327,0,0,321,4560,66,1006,321,5566,California
Sutter,2021-01-28,585,7161,361,3610,224,3551,0,0,410,4796,174,1180,410,5976,California
Sutter,2021-01-29,362,7523,85,3695,277,3828,0,0,243,4920,119,1299,243,6219,California
Sutter,2021-01-30,780,8303,39,3734,741,4569,0,0,769,5678,11,1310,769,6988,California
Sutter,2021-01-31,26,8329,25,3759,1,4570,0,0,26,5704,0,1310,26,7014,California
Sutter,2021-02-01,168,8497,51,3810,117,4687,0,0,137,5810,31,1341,137,7151,California
Sutter,2021-02-02,241,8738,24,3834,217,4904,0,0,208,5985,33,1374,208,7359,California
Sutter,2021-02-03,446,9184,39,3873,407,5311,0,0,211,5961,235,1609,211,7570,California
Sutter,2021-02-04,673,9857,363,4236,310,5621,0,0,620,6528,53,1662,620,8190,California
Sutter,2021-02-05,291,10148,32,4268,259,5880,0,0,139,6515,152,1814,139,8329,California
Sutter,2021-02-06,736,10884,31,4299,705,6585,0,0,716,7211,20,1834,716,9045,California
Sutter,2021-02-07,23,10907,20,4319,3,6588,0,0,19,7226,4,1838,19,9064,California
Sutter,2021-02-08,133,11040,29,4348,104,6692,0,0,98,7289,35,1873,98,9162,California
Sutter,2021-02-09,248,11288,45,4393,203,6895,0,0,185,7411,63,1936,185,9347,California
Sutter,2021-02-10,819,12107,381,4774,438,7333,0,0,179,6951,639,2575,179,9526,California
Sutter,2021-02-11,602,12709,270,5044,332,7665,0,0,344,7037,258,2833,344,9870,California
Sutter,2021-02-12,637,13346,67,5111,570,8235,0,0,312,7025,324,3157,312,10182,California
Sutter,2021-02-13,900,14246,48,5159,852,9087,0,0,784,7693,116,3273,784,10966,California
Sutter,2021-02-14,92,14338,26,5185,66,9153,0,0,81,7763,11,3284,81,11047,California
Sutter,2021-02-15,200,14538,73,5258,127,9280,0,0,121,7805,79,3363,121,11168,California
Sutter,2021-02-16,290,14828,45,5303,245,9525,0,0,206,7928,83,3446,206,11374,California
Sutter,2021-02-17,825,15653,430,5733,395,9920,0,0,131,7365,694,4140,131,11505,California
Sutter,2021-02-18,708,16361,56,5789,652,10572,0,0,493,7644,214,4354,493,11998,California
Sutter,2021-02-19,664,17025,378,6167,286,10858,0,0,460,7902,202,4556,460,12458,California
Sutter,2021-02-20,623,17648,56,6223,567,11425,0,0,518,8316,104,4660,518,12976,California
Sutter,2021-02-21,27,17675,25,6248,2,11427,0,0,8,8305,19,4679,8,12984,California
Sutter,2021-02-22,208,17883,122,6370,86,11513,0,0,88,8273,120,4799,88,13072,California
Sutter,2021-02-23,222,18105,32,6402,190,11703,0,0,97,8246,124,4923,97,13169,California
Sutter,2021-02-24,973,19078,348,6750,625,12328,0,0,198,7670,774,5697,198,13367,California
Sutter,2021-02-25,790,19868,502,7252,288,12616,0,0,607,8097,180,5877,607,13974,California
Sutter,2021-02-26,374,20242,61,7313,313,12929,0,0,154,8033,218,6095,154,14128,California
Sutter,2021-02-27,873,21115,49,7362,824,13753,0,0,713,8584,162,6257,713,14841,California
Sutter,2021-02-28,86,21201,42,7404,44,13797,0,0,66,8631,19,6276,66,14907,California
Sutter,2021-03-01,249,21450,61,7465,188,13985,0,0,152,8686,97,6373,152,15059,California
Sutter,2021-03-02,336,21786,59,7524,277,14262,0,0,162,8675,173,6546,162,15221,California
Sutter,2021-03-03,1388,23174,514,8038,874,15136,0,0,644,8581,738,7284,644,15865,California
Sutter,2021-03-04,1255,24429,862,8900,393,15529,0,0,946,9222,305,7589,946,16811,California
Sutter,2021-03-05,339,24768,78,8978,260,15789,1,1,208,9300,131,7720,209,17020,California
Sutter,2021-03-06,1024,25792,47,9025,972,16761,5,6,859,9999,165,7885,864,17884,California
Sutter,2021-03-07,65,25857,23,9048,41,16802,1,7,44,10023,21,7906,45,17929,California
Sutter,2021-03-08,229,26086,80,9128,137,16939,12,19,159,10124,70,7976,171,18100,California
Sutter,2021-03-09,392,26478,142,9270,237,17176,13,32,189,10123,203,8179,202,18302,California
Sutter,2021-03-10,1575,28053,684,9954,828,18004,63,95,527,9668,1045,9224,590,18892,California
Sutter,2021-03-11,892,28945,441,10395,433,18437,18,113,647,10091,242,9466,665,19557,California
Sutter,2021-03-12,682,29627,111,10506,388,18825,183,296,200,9993,479,9945,381,19938,California
Sutter,2021-03-13,993,30620,752,11258,223,19048,18,314,784,10587,207,10152,801,20739,California
Sutter,2021-03-14,132,30752,22,11280,99,19147,11,325,45,10556,87,10239,56,20795,California
Sutter,2021-03-15,325,31077,66,11346,210,19357,49,374,155,10592,168,10407,204,20999,California
Sutter,2021-03-16,394,31471,86,11432,261,19618,47,421,213,10670,181,10588,259,21258,California
Sutter,2021-03-17,1498,32969,562,11994,915,20533,21,442,313,9827,1176,11764,333,21591,California
Sutter,2021-03-18,973,33942,178,12172,595,21128,200,642,568,10191,403,12167,767,22358,California
Sutter,2021-03-19,462,34404,165,12337,268,21396,29,671,284,10328,176,12343,313,22671,California
Sutter,2021-03-20,948,35352,117,12454,820,22216,11,682,857,11105,91,12434,868,23539,California
Sutter,2021-03-21,68,35420,47,12501,18,22234,3,685,32,11104,36,12470,35,23574,California
Sutter,2021-03-22,291,35711,121,12622,143,22377,27,712,213,11267,77,12547,240,23814,California
Sutter,2021-03-23,375,36086,115,12737,228,22605,32,744,253,11429,122,12669,284,24098,California
Sutter,2021-03-24,1684,37770,768,13505,845,23450,71,815,312,10455,1357,14026,383,24481,California
Sutter,2021-03-25,1043,38813,681,14186,319,23769,43,858,369,10196,671,14697,412,24893,California
Sutter,2021-03-26,493,39306,176,14362,300,24069,17,875,294,10311,196,14893,311,25204,California
Sutter,2021-03-27,925,40231,63,14425,860,24929,2,877,819,11029,103,14996,821,26025,California
Sutter,2021-03-28,124,40355,71,14496,53,24982,0,877,77,11061,45,15041,77,26102,California
Sutter,2021-03-29,426,40781,143,14639,227,25209,56,933,223,11139,201,15242,279,26381,California
Sutter,2021-03-30,477,41258,162,14801,305,25514,10,943,315,11302,162,15404,325,26706,California
Sutter,2021-03-31,1260,42518,180,14981,1065,26579,15,958,457,10983,792,16196,473,27179,California
Sutter,2021-04-01,1387,43905,740,15721,459,27038,188,1146,429,10649,950,17146,616,27795,California
Sutter,2021-04-02,517,44422,101,15822,298,27336,118,1264,204,10656,311,17457,318,28113,California
Sutter,2021-04-03,917,45339,78,15900,210,27546,629,1893,121,10613,793,18250,750,28863,California
Sutter,2021-04-04,117,45456,22,15922,89,27635,6,1899,54,10610,63,18313,60,28923,California
Sutter,2021-04-05,370,45826,145,16067,189,27824,36,1935,178,10635,189,18502,214,29137,California
Sutter,2021-04-06,513,46339,199,16266,258,28082,56,1991,275,10729,237,18739,331,29468,California
Sutter,2021-04-07,1483,47822,886,17152,521,28603,76,2067,610,10551,865,19604,687,30155,California
Sutter,2021-04-08,1051,48873,582,17734,355,28958,114,2181,579,10773,469,20073,691,30846,California
Sutter,2021-04-09,570,49443,249,17983,256,29214,65,2246,240,10752,326,20399,305,31151,California
Sutter,2021-04-10,831,50274,109,18092,92,29306,630,2876,112,10771,715,21114,734,31885,California
Sutter,2021-04-11,115,50389,28,18120,41,29347,46,2922,34,10769,81,21195,79,31964,California
Sutter,2021-04-12,346,50735,95,18215,197,29544,54,2976,139,10757,206,21401,194,32158,California
Sutter,2021-04-13,437,51172,129,18344,308,29852,0,2976,217,10756,218,21619,217,32375,California
Sutter,2021-04-14,1315,52487,160,18504,1154,31006,1,2977,220,9899,1089,22708,232,32607,California
Sutter,2021-04-15,535,53022,171,18675,364,31370,0,2977,213,9792,320,23028,213,32820,California
Sutter,2021-04-16,393,53415,124,18799,269,31639,0,2977,180,9760,212,23240,180,33000,California
Sutter,2021-04-17,575,53990,84,18883,491,32130,0,2977,504,10194,70,23310,504,33504,California
Sutter,2021-04-18,70,54060,12,18895,58,32188,0,2977,42,10209,27,23337,42,33546,California
Sutter,2021-04-19,288,54348,110,19005,178,32366,0,2977,119,10161,167,23504,119,33665,California
Sutter,2021-04-20,411,54759,133,19138,278,32644,0,2977,203,10156,208,23712,203,33868,California
Sutter,2021-04-21,1232,55991,420,19558,812,33456,0,2977,475,9884,747,24459,475,34343,California
Sutter,2021-04-22,483,56474,164,19722,319,33775,0,2977,251,9905,230,24689,251,34594,California
Sutter,2021-04-23,398,56872,116,19838,282,34057,0,2977,184,9877,212,24901,184,34778,California
Sutter,2021-04-24,326,57198,106,19944,219,34276,1,2978,186,9924,139,25040,186,34964,California
Sutter,2021-04-25,157,57355,75,20019,82,34358,0,2978,86,9941,69,25109,86,35050,California
Sutter,2021-04-26,306,57661,90,20109,214,34572,2,2980,133,9905,171,25280,135,35185,California
Sutter,2021-04-27,531,58192,264,20373,263,34835,4,2984,246,9873,282,25562,250,35435,California
Sutter,2021-04-28,813,59005,341,20714,464,35299,8,2992,254,9581,554,26116,262,35697,California
Sutter,2021-04-29,778,59783,140,20854,637,35936,1,2993,312,9431,463,26579,313,36010,California
Sutter,2021-04-30,359,60142,109,20963,237,36173,13,3006,145,9377,211,26790,157,36167,California
Sutter,2021-05-01,293,60435,105,21068,148,36321,40,3046,125,9377,165,26955,165,36332,California
Sutter,2021-05-02,82,60517,54,21122,26,36347,2,3048,46,9389,36,26991,48,36380,California
Sutter,2021-05-03,217,60734,109,21231,99,36446,9,3057,86,9353,131,27122,95,36475,California
Sutter,2021-05-04,542,61276,237,21468,240,36686,65,3122,227,9332,312,27434,291,36766,California
Sutter,2021-05-05,534,61810,143,21611,383,37069,8,3130,155,9122,373,27807,163,36929,California
Sutter,2021-05-06,421,62231,227,21838,176,37245,18,3148,189,9097,232,28039,207,37136,California
Sutter,2021-05-07,409,62640,146,21984,242,37487,21,3169,153,9017,254,28293,174,37310,California
Sutter,2021-05-08,196,62836,49,22033,142,37629,5,3174,106,9038,90,28383,111,37421,California
Sutter,2021-05-09,82,62918,53,22086,24,37653,5,3179,56,9073,26,28409,61,37482,California
Sutter,2021-05-10,189,63107,42,22128,129,37782,18,3197,47,8998,140,28549,65,37547,California
Sutter,2021-05-11,442,63549,219,22347,204,37986,19,3216,187,8951,252,28801,205,37752,California
Sutter,2021-05-12,434,63983,241,22588,184,38170,9,3225,159,8848,271,29072,168,37920,California
Sutter,2021-05-13,465,64448,251,22839,192,38362,22,3247,186,8779,277,29349,208,38128,California
Sutter,2021-05-14,435,64883,186,23025,233,38595,16,3263,215,8795,215,29564,231,38359,California
Sutter,2021-05-15,841,65724,308,23333,502,39097,31,3294,306,8598,534,30098,337,38696,California
Sutter,2021-05-16,137,65861,82,23415,47,39144,8,3302,75,8620,61,30159,83,38779,California
Sutter,2021-05-17,292,66153,116,23531,162,39306,14,3316,155,8653,136,30295,169,38948,California
Sutter,2021-05-18,540,66693,310,23841,225,39531,5,3321,296,8713,241,30536,301,39249,California
Sutter,2021-05-19,463,67156,265,24106,191,39722,7,3328,245,8750,215,30751,252,39501,California
Sutter,2021-05-20,413,67569,226,24332,175,39897,12,3340,203,8757,208,30959,215,39716,California
Sutter,2021-05-21,461,68030,209,24541,240,40137,12,3352,221,8752,237,31196,232,39948,California
Sutter,2021-05-22,323,68353,185,24726,135,40272,3,3355,164,8764,154,31350,166,40114,California
Sutter,2021-05-23,164,68517,79,24805,77,40349,8,3363,86,8786,72,31422,94,40208,California
Sutter,2021-05-24,241,68758,89,24894,129,40478,23,3386,102,8774,137,31559,125,40333,California
Sutter,2021-05-25,400,69158,195,25089,192,40670,13,3399,168,8727,227,31786,180,40513,California
Sutter,2021-05-26,318,69476,157,25246,152,40822,9,3408,119,8660,195,31981,128,40641,California
Sutter,2021-05-27,432,69908,115,25361,298,41120,19,3427,126,8503,302,32283,145,40786,California
Sutter,2021-05-28,335,70243,164,25525,157,41277,14,3441,179,8545,151,32434,193,40979,California
Sutter,2021-05-29,252,70495,118,25643,119,41396,15,3456,140,8592,108,32542,155,41134,California
Sutter,2021-05-30,85,70580,61,25704,21,41417,3,3459,50,8611,34,32576,53,41187,California
Sutter,2021-05-31,19,70599,2,25706,13,41430,4,3463,5,8606,14,32590,9,41196,California
Sutter,2021-06-01,308,70907,133,25839,167,41597,8,3471,127,8561,180,32770,135,41331,California
Sutter,2021-06-02,283,71190,120,25959,157,41754,6,3477,111,8512,166,32936,117,41448,California
Sutter,2021-06-03,340,71530,225,26184,106,41860,9,3486,124,8435,210,33146,133,41581,California
Sutter,2021-06-04,339,71869,201,26385,131,41991,7,3493,125,8356,211,33357,132,41713,California
Sutter,2021-06-05,435,72304,365,26750,67,42058,3,3496,156,8240,275,33632,159,41872,California
Sutter,2021-06-06,134,72438,118,26868,15,42073,1,3497,57,8223,75,33707,58,41930,California
Sutter,2021-06-07,163,72601,108,26976,48,42121,7,3504,59,8186,103,33810,66,41996,California
Sutter,2021-06-08,192,72793,88,27064,92,42213,12,3516,87,8182,103,33913,99,42095,California
Tehama,2020-12-15,1,1,1,1,0,0,0,0,1,1,0,0,1,1,California
Tehama,2020-12-16,4,5,4,5,0,0,0,0,4,5,0,0,4,5,California
Tehama,2020-12-17,15,20,15,20,0,0,0,0,15,20,0,0,15,20,California
Tehama,2020-12-18,4,24,4,24,0,0,0,0,5,25,0,0,5,25,California
Tehama,2020-12-21,37,61,37,61,0,0,0,0,37,62,0,0,37,62,California
Tehama,2020-12-22,71,132,65,126,6,6,0,0,71,133,0,0,71,133,California
Tehama,2020-12-23,52,184,44,170,8,14,0,0,52,185,0,0,52,185,California
Tehama,2020-12-24,5,189,3,173,2,16,0,0,5,190,0,0,5,190,California
Tehama,2020-12-26,4,193,3,176,1,17,0,0,4,194,0,0,4,194,California
Tehama,2020-12-27,2,195,2,178,0,17,0,0,2,196,0,0,2,196,California
Tehama,2020-12-28,58,253,45,223,13,30,0,0,58,254,0,0,58,254,California
Tehama,2020-12-29,39,292,39,262,0,30,0,0,39,293,0,0,39,293,California
Tehama,2020-12-30,57,349,40,302,17,47,0,0,56,349,0,0,56,349,California
Tehama,2020-12-31,14,363,4,306,10,57,0,0,14,363,0,0,14,363,California
Tehama,2021-01-01,2,365,0,306,2,59,0,0,2,365,0,0,2,365,California
Tehama,2021-01-04,40,405,13,319,27,86,0,0,40,405,0,0,40,405,California
Tehama,2021-01-05,75,480,46,365,29,115,0,0,70,470,5,5,70,475,California
Tehama,2021-01-06,80,560,27,392,53,168,0,0,68,527,11,16,68,543,California
Tehama,2021-01-07,58,618,7,399,51,219,0,0,57,583,1,17,57,600,California
Tehama,2021-01-08,36,654,25,424,11,230,0,0,31,609,5,22,31,631,California
Tehama,2021-01-09,8,662,6,430,2,232,0,0,6,613,2,24,6,637,California
Tehama,2021-01-10,1,663,0,430,1,233,0,0,1,614,0,24,1,638,California
Tehama,2021-01-11,55,718,49,479,6,239,0,0,19,597,36,60,19,657,California
Tehama,2021-01-12,140,858,120,599,20,259,0,0,90,637,50,110,90,747,California
Tehama,2021-01-13,79,937,58,657,21,280,0,0,31,620,48,158,31,778,California
Tehama,2021-01-14,235,1172,50,707,185,465,0,0,233,851,2,160,233,1011,California
Tehama,2021-01-15,269,1441,75,782,194,659,0,0,265,1112,4,164,265,1276,California
Tehama,2021-01-16,272,1713,20,802,252,911,0,0,269,1378,3,167,269,1545,California
Tehama,2021-01-17,6,1719,2,804,4,915,0,0,4,1380,2,169,4,1549,California
Tehama,2021-01-18,13,1732,7,811,6,921,0,0,7,1381,6,175,7,1556,California
Tehama,2021-01-19,305,2037,73,884,232,1153,0,0,244,1564,61,236,244,1800,California
Tehama,2021-01-20,319,2356,95,979,224,1377,0,0,266,1778,52,288,266,2066,California
Tehama,2021-01-21,235,2591,15,994,220,1597,0,0,222,1987,13,301,222,2288,California
Tehama,2021-01-22,239,2830,21,1015,218,1815,0,0,236,2220,3,304,236,2524,California
Tehama,2021-01-23,265,3095,7,1022,258,2073,0,0,264,2483,1,305,264,2788,California
Tehama,2021-01-24,1,3096,1,1023,0,2073,0,0,1,2484,0,305,1,2789,California
Tehama,2021-01-25,40,3136,19,1042,21,2094,0,0,18,2480,22,327,18,2807,California
Tehama,2021-01-26,344,3480,44,1086,300,2394,0,0,306,2748,38,365,306,3113,California
Tehama,2021-01-27,316,3796,22,1108,294,2688,0,0,295,3022,21,386,295,3408,California
Tehama,2021-01-28,356,4152,37,1145,319,3007,0,0,337,3340,19,405,337,3745,California
Tehama,2021-01-29,344,4496,22,1167,322,3329,0,0,326,3648,18,423,326,4071,California
Tehama,2021-01-30,108,4604,2,1169,106,3435,0,0,107,3754,1,424,107,4178,California
Tehama,2021-01-31,1,4605,0,1169,1,3436,0,0,1,3755,0,424,1,4179,California
Tehama,2021-02-01,83,4688,22,1191,61,3497,0,0,38,3748,45,469,38,4217,California
Tehama,2021-02-02,364,5052,69,1260,295,3792,0,0,265,3914,99,568,265,4482,California
Tehama,2021-02-03,419,5471,15,1275,404,4196,0,0,368,4231,51,619,368,4850,California
Tehama,2021-02-04,509,5980,103,1378,406,4602,0,0,426,4575,83,702,427,5277,California
Tehama,2021-02-05,189,6169,73,1451,116,4718,0,0,125,4636,64,766,125,5402,California
Tehama,2021-02-06,37,6206,15,1466,22,4740,0,0,25,4649,12,778,25,5427,California
Tehama,2021-02-07,5,6211,4,1470,1,4741,0,0,2,4648,3,781,2,5429,California
Tehama,2021-02-08,42,6253,14,1484,28,4769,0,0,30,4666,12,793,30,5459,California
Tehama,2021-02-09,86,6339,41,1525,45,4814,0,0,47,4674,39,832,47,5506,California
Tehama,2021-02-10,244,6583,67,1592,177,4991,0,0,160,4750,84,916,160,5666,California
Tehama,2021-02-11,238,6821,18,1610,220,5211,0,0,90,4694,146,1062,90,5756,California
Tehama,2021-02-12,394,7215,74,1684,320,5531,0,0,186,4672,208,1270,186,5942,California
Tehama,2021-02-13,403,7618,16,1700,387,5918,0,0,159,4587,244,1514,159,6101,California
Tehama,2021-02-14,37,7655,2,1702,35,5953,0,0,34,4618,3,1517,34,6135,California
Tehama,2021-02-15,59,7714,10,1712,49,6002,0,0,51,4661,8,1525,51,6186,California
Tehama,2021-02-16,254,7968,19,1731,235,6237,0,0,66,4539,188,1713,66,6252,California
Tehama,2021-02-17,299,8267,15,1746,284,6521,0,0,57,4354,242,1955,57,6309,California
Tehama,2021-02-18,385,8652,33,1779,352,6873,0,0,146,4261,239,2194,146,6455,California
Tehama,2021-02-19,229,8881,22,1801,207,7080,0,0,45,4122,184,2378,45,6500,California
Tehama,2021-02-20,283,9164,8,1809,275,7355,0,0,31,3901,252,2630,31,6531,California
Tehama,2021-02-21,2,9166,1,1810,1,7356,0,0,2,3903,0,2630,2,6533,California
Tehama,2021-02-22,44,9210,15,1825,29,7385,0,0,27,3913,17,2647,27,6560,California
Tehama,2021-02-23,53,9263,23,1848,30,7415,0,0,27,3914,26,2673,27,6587,California
Tehama,2021-02-24,324,9587,20,1868,304,7719,0,0,33,3656,291,2964,33,6620,California
Tehama,2021-02-25,388,9975,60,1928,328,8047,0,0,41,3350,347,3311,41,6661,California
Tehama,2021-02-26,477,10452,20,1948,457,8504,0,0,73,3019,404,3715,73,6734,California
Tehama,2021-02-27,314,10766,6,1954,308,8812,0,0,35,2775,279,3994,35,6769,California
Tehama,2021-02-28,23,10789,2,1956,21,8833,0,0,20,2792,3,3997,20,6789,California
Tehama,2021-03-01,70,10859,8,1964,62,8895,0,0,33,2788,37,4034,33,6822,California
Tehama,2021-03-02,151,11010,19,1983,132,9027,0,0,31,2699,120,4154,31,6853,California
Tehama,2021-03-03,159,11169,33,2016,126,9153,0,0,53,2646,106,4260,53,6906,California
Tehama,2021-03-04,684,11853,54,2070,630,9783,0,0,244,2457,433,4693,244,7150,California
Tehama,2021-03-05,425,12278,23,2093,402,10185,0,0,224,2481,200,4893,224,7374,California
Tehama,2021-03-06,319,12597,16,2109,301,10486,2,2,84,2334,234,5127,87,7461,California
Tehama,2021-03-07,5,12602,1,2110,4,10490,0,2,3,2336,1,5128,3,7464,California
Tehama,2021-03-08,63,12665,11,2121,36,10526,16,18,26,2342,36,5164,42,7506,California
Tehama,2021-03-09,388,13053,11,2132,356,10882,21,39,330,2635,58,5222,351,7857,California
Tehama,2021-03-10,361,13414,17,2149,323,11205,21,60,73,2442,287,5509,94,7951,California
Tehama,2021-03-11,520,13934,20,2169,447,11652,53,113,366,2707,154,5663,419,8370,California
Tehama,2021-03-12,323,14257,24,2193,230,11882,69,182,188,2830,135,5798,258,8628,California
Tehama,2021-03-13,49,14306,9,2202,34,11916,6,188,5,2797,44,5842,11,8639,California
Tehama,2021-03-14,59,14365,3,2205,45,11961,11,199,15,2779,44,5886,26,8665,California
Tehama,2021-03-15,160,14525,21,2226,118,12079,21,220,85,2810,75,5961,106,8771,California
Tehama,2021-03-16,427,14952,18,2244,371,12450,38,258,322,3066,104,6065,360,9131,California
Tehama,2021-03-17,452,15404,28,2272,392,12842,32,290,365,3378,85,6150,397,9528,California
Tehama,2021-03-18,509,15913,33,2305,451,13293,25,315,326,3548,181,6331,351,9879,California
Tehama,2021-03-19,334,16247,26,2331,295,13588,13,328,290,3807,44,6375,303,10182,California
Tehama,2021-03-20,49,16296,12,2343,32,13620,5,333,33,3829,16,6391,38,10220,California
Tehama,2021-03-21,12,16308,5,2348,7,13627,0,333,12,3841,0,6391,12,10232,California
Tehama,2021-03-22,97,16405,8,2356,72,13699,17,350,55,3871,42,6433,72,10304,California
Tehama,2021-03-23,98,16503,31,2387,60,13759,7,357,74,3928,24,6457,81,10385,California
Tehama,2021-03-24,91,16594,16,2403,72,13831,3,360,57,3954,34,6491,60,10445,California
Tehama,2021-03-25,545,17139,378,2781,154,13985,13,373,493,4409,51,6542,506,10951,California
Tehama,2021-03-26,543,17682,428,3209,103,14088,12,385,462,4804,79,6621,474,11425,California
Tehama,2021-03-27,483,18165,380,3589,74,14162,29,414,412,5175,70,6691,441,11866,California
Tehama,2021-03-28,38,18203,15,3604,23,14185,0,414,24,5185,14,6705,24,11890,California
Tehama,2021-03-29,128,18331,31,3635,95,14280,2,416,80,5219,47,6752,81,11971,California
Tehama,2021-03-30,397,18728,237,3872,158,14438,2,418,270,5364,127,6879,272,12243,California
Tehama,2021-03-31,412,19140,307,4179,102,14540,3,421,335,5625,76,6955,337,12580,California
Tehama,2021-04-01,545,19685,260,4439,279,14819,6,427,407,5901,137,7092,413,12993,California
Tehama,2021-04-02,481,20166,230,4669,244,15063,7,434,290,6006,191,7283,296,13289,California
Tehama,2021-04-03,69,20235,6,4675,57,15120,6,440,35,6013,34,7317,41,13330,California
Tehama,2021-04-04,37,20272,6,4681,28,15148,3,443,23,6025,14,7331,26,13356,California
Tehama,2021-04-05,124,20396,21,4702,72,15220,31,474,63,6058,61,7392,94,13450,California
Tehama,2021-04-06,529,20925,114,4816,355,15575,60,534,144,5878,385,7777,205,13655,California
Tehama,2021-04-07,435,21360,295,5111,92,15667,48,582,313,6117,121,7898,360,14015,California
Tehama,2021-04-08,634,21994,186,5297,406,16073,42,624,237,6000,396,8294,279,14294,California
Tehama,2021-04-09,460,22454,213,5510,212,16285,35,659,233,6042,226,8520,268,14562,California
Tehama,2021-04-10,86,22540,17,5527,38,16323,31,690,45,6077,41,8561,76,14638,California
Tehama,2021-04-11,40,22580,8,5535,21,16344,11,701,9,6066,31,8592,20,14658,California
Tehama,2021-04-12,116,22696,6,5541,89,16433,21,722,41,6053,75,8667,62,14720,California
Tehama,2021-04-13,397,23093,69,5610,328,16761,0,722,67,5790,330,8997,67,14787,California
Tehama,2021-04-14,416,23509,53,5663,363,17124,0,722,49,5474,365,9362,49,14836,California
Tehama,2021-04-15,533,24042,200,5863,333,17457,0,722,81,5105,452,9814,83,14919,California
Tehama,2021-04-16,637,24679,368,6231,269,17726,0,722,81,4630,556,10370,81,15000,California
Tehama,2021-04-17,371,25050,283,6514,88,17814,0,722,51,4364,318,10688,52,15052,California
Tehama,2021-04-18,18,25068,4,6518,14,17828,0,722,12,4370,6,10694,12,15064,California
Tehama,2021-04-19,99,25167,7,6525,92,17920,0,722,41,4353,58,10752,41,15105,California
Tehama,2021-04-20,559,25726,462,6987,97,18017,0,722,161,4121,395,11147,163,15268,California
Tehama,2021-04-21,518,26244,442,7429,76,18093,0,722,168,3941,348,11495,168,15436,California
Tehama,2021-04-22,535,26779,381,7810,154,18247,0,722,153,3715,379,11874,153,15589,California
Tehama,2021-04-23,466,27245,363,8173,103,18350,0,722,205,3661,260,12134,206,15795,California
Tehama,2021-04-24,110,27355,20,8193,90,18440,0,722,27,3605,83,12217,27,15822,California
Tehama,2021-04-25,29,27384,18,8211,11,18451,0,722,10,3596,19,12236,10,15832,California
Tehama,2021-04-26,90,27474,12,8223,78,18529,0,722,51,3608,39,12275,51,15883,California
Tehama,2021-04-27,264,27738,214,8437,47,18576,3,725,96,3539,168,12443,99,15982,California
Tehama,2021-04-28,413,28151,334,8771,61,18637,18,743,70,3284,343,12786,88,16070,California
Tehama,2021-04-29,372,28523,178,8949,188,18825,6,749,73,3065,298,13084,79,16149,California
Tehama,2021-04-30,359,28882,264,9213,88,18913,7,756,126,2965,233,13317,133,16282,California
Tehama,2021-05-01,72,28954,3,9216,66,18979,3,759,13,2922,59,13376,16,16298,California
Tehama,2021-05-02,46,29000,24,9240,10,18989,12,771,26,2940,20,13396,38,16336,California
Tehama,2021-05-03,123,29123,40,9280,74,19063,9,780,65,2956,58,13454,74,16410,California
Tehama,2021-05-04,164,29287,57,9337,98,19161,9,789,68,2937,96,13550,77,16487,California
Tehama,2021-05-05,87,29374,22,9359,55,19216,10,799,40,2940,47,13597,50,16537,California
Tehama,2021-05-06,171,29545,95,9454,59,19275,17,816,104,2994,67,13664,121,16658,California
Tehama,2021-05-07,185,29730,77,9531,96,19371,12,828,52,2927,131,13795,64,16722,California
Tehama,2021-05-08,52,29782,7,9538,44,19415,1,829,14,2904,38,13833,15,16737,California
Tehama,2021-05-09,17,29799,4,9542,13,19428,0,829,7,2901,10,13843,7,16744,California
Tehama,2021-05-10,79,29878,6,9548,66,19494,7,836,38,2905,40,13883,44,16788,California
Tehama,2021-05-11,178,30056,126,9674,39,19533,13,849,33,2806,145,14028,46,16834,California
Tehama,2021-05-12,211,30267,135,9809,66,19599,10,859,47,2699,164,14192,57,16891,California
Tehama,2021-05-13,248,30515,167,9976,72,19671,9,868,111,2683,136,14328,120,17011,California
Tehama,2021-05-14,250,30765,137,10113,92,19763,21,889,59,2573,190,14518,80,17091,California
Tehama,2021-05-15,238,31003,139,10252,60,19823,39,928,167,2709,70,14588,206,17297,California
Tehama,2021-05-16,28,31031,7,10259,18,19841,3,931,16,2716,12,14600,19,17316,California
Tehama,2021-05-17,121,31152,33,10292,72,19913,16,947,59,2730,61,14661,75,17391,California
Tehama,2021-05-18,157,31309,82,10374,60,19973,15,962,49,2688,106,14767,64,17455,California
Tehama,2021-05-19,131,31440,57,10431,63,20036,11,973,44,2656,87,14854,55,17510,California
Tehama,2021-05-20,314,31754,229,10660,62,20098,23,996,222,2810,91,14945,245,17755,California
Tehama,2021-05-21,215,31969,104,10764,98,20196,13,1009,71,2752,142,15087,84,17839,California
Tehama,2021-05-22,64,32033,30,10794,30,20226,4,1013,37,2766,27,15114,41,17880,California
Tehama,2021-05-23,49,32082,24,10818,15,20241,10,1023,15,2757,34,15148,25,17905,California
Tehama,2021-05-24,101,32183,29,10847,63,20304,9,1032,32,2729,69,15217,41,17946,California
Tehama,2021-05-25,77,32260,18,10865,51,20355,8,1040,47,2754,29,15246,54,18000,California
Tehama,2021-05-26,81,32341,31,10896,47,20402,3,1043,52,2781,28,15274,55,18055,California
Tehama,2021-05-27,155,32496,98,10994,53,20455,4,1047,50,2732,103,15377,54,18109,California
Tehama,2021-05-28,141,32637,38,11032,95,20550,8,1055,65,2730,75,15452,73,18182,California
Tehama,2021-05-29,54,32691,8,11040,40,20590,6,1061,35,2752,19,15471,41,18223,California
Tehama,2021-05-30,13,32704,3,11043,9,20599,1,1062,5,2750,8,15479,6,18229,California
Tehama,2021-05-31,17,32721,1,11044,15,20614,1,1063,4,2742,13,15492,5,18234,California
Tehama,2021-06-01,100,32821,19,11063,62,20676,19,1082,33,2727,67,15559,52,18286,California
Tehama,2021-06-02,90,32911,32,11095,53,20729,5,1087,38,2718,52,15611,43,18329,California
Tehama,2021-06-03,136,33047,103,11198,24,20753,9,1096,34,2659,102,15713,43,18372,California
Tehama,2021-06-04,134,33181,31,11229,92,20845,11,1107,56,2647,77,15790,65,18437,California
Tehama,2021-06-05,157,33338,132,11361,22,20867,3,1110,31,2556,125,15915,34,18471,California
Tehama,2021-06-06,20,33358,12,11373,1,20868,7,1117,6,2555,13,15928,12,18483,California
Tehama,2021-06-07,70,33428,31,11404,37,20905,2,1119,20,2527,50,15978,22,18505,California
Tehama,2021-06-08,53,33481,12,11416,35,20940,6,1125,19,2518,34,16012,25,18530,California
Trinity,2020-12-17,4,4,4,4,0,0,0,0,4,4,0,0,4,4,California
Trinity,2020-12-18,2,6,2,6,0,0,0,0,2,6,0,0,2,6,California
Trinity,2020-12-21,39,45,39,45,0,0,0,0,39,45,0,0,39,45,California
Trinity,2020-12-22,4,49,4,49,0,0,0,0,4,49,0,0,4,49,California
Trinity,2020-12-23,6,55,5,54,1,1,0,0,6,55,0,0,6,55,California
Trinity,2020-12-28,32,87,31,85,1,2,0,0,32,87,0,0,32,87,California
Trinity,2020-12-29,8,95,7,92,1,3,0,0,8,95,0,0,8,95,California
Trinity,2020-12-30,10,105,8,100,2,5,0,0,10,105,0,0,10,105,California
Trinity,2020-12-31,2,107,1,101,1,6,0,0,2,107,0,0,2,107,California
Trinity,2021-01-04,28,135,0,101,28,34,0,0,27,134,0,0,27,134,California
Trinity,2021-01-05,2,137,1,102,1,35,0,0,2,136,0,0,2,136,California
Trinity,2021-01-06,24,161,4,106,20,55,0,0,20,152,4,4,20,156,California
Trinity,2021-01-08,49,210,2,108,47,102,0,0,48,198,2,6,48,204,California
Trinity,2021-01-11,41,251,38,146,3,105,0,0,4,165,37,43,4,208,California
Trinity,2021-01-12,9,260,6,152,3,108,0,0,4,164,5,48,4,212,California
Trinity,2021-01-13,7,267,4,156,3,111,0,0,4,165,3,51,4,216,California
Trinity,2021-01-14,4,271,1,157,3,114,0,0,4,169,0,51,4,220,California
Trinity,2021-01-15,5,276,0,157,5,119,0,0,5,174,0,51,5,225,California
Trinity,2021-01-16,3,279,0,157,3,122,0,0,3,177,0,51,3,228,California
Trinity,2021-01-18,31,310,31,188,0,122,0,0,0,146,31,82,0,228,California
Trinity,2021-01-19,35,345,15,203,20,142,0,0,21,153,14,96,21,249,California
Trinity,2021-01-20,20,365,3,206,17,159,0,0,17,167,3,99,17,266,California
Trinity,2021-01-21,18,383,7,213,11,170,0,0,18,185,0,99,18,284,California
Trinity,2021-01-22,5,388,1,214,4,174,0,0,5,190,0,99,5,289,California
Trinity,2021-01-23,7,395,3,217,4,178,0,0,7,197,0,99,7,296,California
Trinity,2021-01-25,15,410,1,218,14,192,0,0,13,208,2,101,13,309,California
Trinity,2021-01-26,10,420,1,219,9,201,0,0,9,216,1,102,9,318,California
Trinity,2021-01-27,12,432,0,219,12,213,0,0,12,228,0,102,12,330,California
Trinity,2021-01-28,13,445,3,222,10,223,0,0,10,235,3,105,10,340,California
Trinity,2021-01-29,2,447,0,222,2,225,0,0,1,235,1,106,1,341,California
Trinity,2021-01-30,12,459,11,233,1,226,0,0,12,247,0,106,12,353,California
Trinity,2021-02-01,2,461,1,234,1,227,0,0,1,247,1,107,1,354,California
Trinity,2021-02-02,15,476,3,237,12,239,0,0,14,260,1,108,14,368,California
Trinity,2021-02-03,6,482,1,238,5,244,0,0,4,262,2,110,4,372,California
Trinity,2021-02-04,41,523,32,270,9,253,0,0,34,289,7,117,34,406,California
Trinity,2021-02-05,351,874,0,270,351,604,0,0,320,578,31,148,320,726,California
Trinity,2021-02-06,210,1084,5,275,205,809,0,0,203,774,7,155,203,929,California
Trinity,2021-02-07,1,1085,0,275,1,810,0,0,1,775,0,155,1,930,California
Trinity,2021-02-08,28,1113,1,276,27,837,0,0,16,779,12,167,16,946,California
Trinity,2021-02-09,27,1140,2,278,25,862,0,0,11,774,16,183,11,957,California
Trinity,2021-02-10,122,1262,10,288,112,974,0,0,102,856,20,203,102,1059,California
Trinity,2021-02-11,339,1601,2,290,337,1311,0,0,332,1181,7,210,332,1391,California
Trinity,2021-02-12,19,1620,10,300,9,1320,0,0,14,1190,5,215,14,1405,California
Trinity,2021-02-13,11,1631,5,305,6,1326,0,0,5,1189,6,221,5,1410,California
Trinity,2021-02-14,2,1633,2,307,0,1326,0,0,2,1191,0,221,2,1412,California
Trinity,2021-02-15,47,1680,0,307,47,1373,0,0,47,1238,0,221,47,1459,California
Trinity,2021-02-16,4,1684,1,308,3,1376,0,0,2,1238,2,223,2,1461,California
Trinity,2021-02-17,94,1778,2,310,92,1468,0,0,84,1312,10,233,84,1545,California
Trinity,2021-02-18,4,1782,0,310,4,1472,0,0,1,1310,3,236,1,1546,California
Trinity,2021-02-19,306,2088,2,312,304,1776,0,0,292,1588,14,250,292,1838,California
Trinity,2021-02-20,140,2228,14,326,126,1902,0,0,112,1672,28,278,112,1950,California
Trinity,2021-02-21,1,2229,1,327,0,1902,0,0,1,1673,0,278,1,1951,California
Trinity,2021-02-22,8,2237,0,327,8,1910,0,0,5,1675,3,281,5,1956,California
Trinity,2021-02-23,10,2247,3,330,7,1917,0,0,5,1675,5,286,5,1961,California
Trinity,2021-02-24,30,2277,8,338,22,1939,0,0,7,1659,23,309,7,1968,California
Trinity,2021-02-25,37,2314,23,361,14,1953,0,0,5,1632,32,341,5,1973,California
Trinity,2021-02-26,11,2325,1,362,10,1963,0,0,5,1631,6,347,5,1978,California
Trinity,2021-02-27,10,2335,8,370,2,1965,0,0,4,1629,6,353,4,1982,California
Trinity,2021-03-01,10,2345,0,370,10,1975,0,0,5,1629,5,358,5,1987,California
Trinity,2021-03-02,9,2354,3,373,6,1981,0,0,2,1624,7,365,2,1989,California
Trinity,2021-03-03,5,2359,0,373,5,1986,0,0,4,1627,1,366,4,1993,California
Trinity,2021-03-04,23,2382,19,392,4,1990,0,0,10,1624,13,379,10,2003,California
Trinity,2021-03-05,388,2770,1,393,387,2377,0,0,121,1482,263,642,121,2124,California
Trinity,2021-03-06,202,2972,7,400,195,2572,0,0,27,1334,175,817,27,2151,California
Trinity,2021-03-07,4,2976,3,403,1,2573,0,0,3,1336,1,818,3,2154,California
Trinity,2021-03-08,4,2980,0,403,3,2576,1,1,1,1335,3,821,2,2156,California
Trinity,2021-03-09,98,3078,1,404,95,2671,2,3,93,1425,5,826,95,2251,California
Trinity,2021-03-10,126,3204,3,407,120,2791,3,6,38,1378,88,914,41,2292,California
Trinity,2021-03-11,16,3220,4,411,10,2801,2,8,5,1374,11,925,7,2299,California
Trinity,2021-03-12,399,3619,5,416,388,3189,6,14,97,1175,302,1227,103,2402,California
Trinity,2021-03-13,12,3631,7,423,3,3192,2,16,7,1179,5,1232,9,2411,California
Trinity,2021-03-14,4,3635,1,424,3,3195,0,16,3,1181,1,1233,3,2414,California
Trinity,2021-03-15,67,3702,0,424,66,3261,1,17,14,1143,53,1286,15,2429,California
Trinity,2021-03-16,115,3817,7,431,108,3369,0,17,102,1232,13,1299,102,2531,California
Trinity,2021-03-17,100,3917,3,434,97,3466,0,17,26,1184,74,1373,26,2557,California
Trinity,2021-03-18,9,3926,1,435,5,3471,3,20,4,1186,5,1378,7,2564,California
Trinity,2021-03-19,459,4385,4,439,345,3816,110,130,36,909,423,1801,146,2710,California
Trinity,2021-03-20,107,4492,7,446,100,3916,0,130,72,947,34,1835,72,2782,California
Trinity,2021-03-21,4,4496,0,446,3,3919,1,131,3,950,1,1836,4,2786,California
Trinity,2021-03-22,2,4498,0,446,2,3921,0,131,2,952,0,1836,2,2788,California
Trinity,2021-03-23,96,4594,2,448,94,4015,0,131,78,1012,18,1854,78,2866,California
Trinity,2021-03-24,12,4606,1,449,11,4026,0,131,9,1018,3,1857,9,2875,California
Trinity,2021-03-25,111,4717,8,457,97,4123,6,137,85,1083,26,1883,91,2966,California
Trinity,2021-03-26,84,4801,8,465,76,4199,0,137,77,1153,7,1890,77,3043,California
Trinity,2021-03-27,20,4821,4,469,7,4206,9,146,9,1160,11,1901,18,3061,California
Trinity,2021-03-28,5,4826,3,472,2,4208,0,146,1,1157,4,1905,1,3062,California
Trinity,2021-03-29,5,4831,0,472,5,4213,0,146,2,1156,3,1908,2,3064,California
Trinity,2021-03-30,78,4909,6,478,72,4285,0,146,67,1212,11,1919,67,3131,California
Trinity,2021-03-31,56,4965,5,483,18,4303,33,179,20,1228,36,1955,52,3183,California
Trinity,2021-04-01,40,5005,10,493,19,4322,11,190,21,1241,19,1974,32,3215,California
Trinity,2021-04-02,254,5259,5,498,174,4496,75,265,81,1225,172,2146,156,3371,California
Trinity,2021-04-03,17,5276,12,510,5,4501,0,265,7,1222,10,2156,7,3378,California
Trinity,2021-04-04,10,5286,8,518,2,4503,0,265,8,1228,2,2158,8,3386,California
Trinity,2021-04-05,59,5345,6,524,51,4554,2,267,54,1279,5,2163,56,3442,California
Trinity,2021-04-06,122,5467,15,539,104,4658,3,270,29,1218,93,2256,32,3474,California
Trinity,2021-04-07,26,5493,11,550,10,4668,5,275,19,1235,7,2263,24,3498,California
Trinity,2021-04-08,90,5583,11,561,77,4745,2,277,53,1253,37,2300,55,3553,California
Trinity,2021-04-09,166,5749,19,580,143,4888,4,281,88,1267,78,2378,92,3645,California
Trinity,2021-04-10,11,5760,7,587,4,4892,0,281,10,1276,1,2379,10,3655,California
Trinity,2021-04-11,10,5770,5,592,3,4895,2,283,4,1276,6,2385,6,3661,California
Trinity,2021-04-12,77,5847,5,597,71,4966,1,284,64,1328,12,2397,64,3725,California
Trinity,2021-04-13,99,5946,5,602,94,5060,0,284,10,1250,89,2486,11,3736,California
Trinity,2021-04-14,10,5956,5,607,5,5065,0,284,6,1252,4,2490,6,3742,California
Trinity,2021-04-15,44,6000,10,617,34,5099,0,284,14,1237,29,2519,14,3756,California
Trinity,2021-04-16,153,6153,13,630,140,5239,0,284,78,1241,74,2593,78,3834,California
Trinity,2021-04-17,11,6164,5,635,6,5245,0,284,9,1248,2,2595,9,3843,California
Trinity,2021-04-18,3,6167,1,636,2,5247,0,284,0,1245,3,2598,0,3843,California
Trinity,2021-04-19,67,6234,2,638,65,5312,0,284,66,1310,1,2599,66,3909,California
Trinity,2021-04-20,93,6327,8,646,85,5397,0,284,21,1259,72,2671,21,3930,California
Trinity,2021-04-21,22,6349,9,655,13,5410,0,284,9,1255,13,2684,9,3939,California
Trinity,2021-04-22,92,6441,5,660,87,5497,0,284,14,1191,78,2762,14,3953,California
Trinity,2021-04-23,183,6624,6,666,177,5674,0,284,114,1236,69,2831,114,4067,California
Trinity,2021-04-24,22,6646,12,678,10,5684,0,284,5,1224,17,2848,5,4072,California
Trinity,2021-04-25,10,6656,9,687,1,5685,0,284,3,1221,6,2854,3,4075,California
Trinity,2021-04-26,48,6704,9,696,39,5724,0,284,40,1253,8,2862,40,4115,California
Trinity,2021-04-27,87,6791,11,707,76,5800,0,284,23,1212,64,2926,23,4138,California
Trinity,2021-04-28,33,6824,11,718,22,5822,0,284,12,1203,21,2947,12,4150,California
Trinity,2021-04-29,34,6858,13,731,21,5843,0,284,12,1193,22,2969,12,4162,California
Trinity,2021-04-30,27,6885,22,753,5,5848,0,284,10,1187,16,2985,10,4172,California
Trinity,2021-05-01,14,6899,8,761,1,5849,5,289,4,1186,10,2995,9,4181,California
Trinity,2021-05-02,8,6907,5,766,1,5850,2,291,2,1184,6,3001,4,4185,California
Trinity,2021-05-03,58,6965,13,779,44,5894,1,292,9,1146,48,3049,10,4195,California
Trinity,2021-05-04,25,6990,11,790,13,5907,1,293,8,1138,17,3066,9,4204,California
Trinity,2021-05-05,11,7001,7,797,4,5911,0,293,4,1135,7,3073,4,4208,California
Trinity,2021-05-06,75,7076,11,808,62,5973,2,295,16,1094,59,3132,18,4226,California
Trinity,2021-05-07,178,7254,12,820,132,6105,34,329,14,978,164,3296,48,4274,California
Trinity,2021-05-08,6,7260,2,822,4,6109,0,329,2,976,4,3300,2,4276,California
Trinity,2021-05-09,11,7271,8,830,3,6112,0,329,7,979,4,3304,7,4283,California
Trinity,2021-05-10,15,7286,5,835,9,6121,1,330,8,981,7,3311,9,4292,California
Trinity,2021-05-11,8,7294,4,839,4,6125,0,330,6,985,2,3313,6,4298,California
Trinity,2021-05-12,18,7312,15,854,2,6127,1,331,13,994,5,3318,14,4312,California
Trinity,2021-05-13,10,7322,7,861,2,6129,1,332,7,999,3,3321,8,4320,California
Trinity,2021-05-14,138,7460,19,880,91,6220,28,360,39,967,99,3420,67,4387,California
Trinity,2021-05-15,14,7474,9,889,4,6224,1,361,6,967,7,3427,7,4394,California
Trinity,2021-05-16,7,7481,6,895,1,6225,0,361,5,970,2,3429,5,4399,California
Trinity,2021-05-17,108,7589,20,915,86,6311,2,363,42,948,66,3495,44,4443,California
Trinity,2021-05-18,37,7626,7,922,29,6340,1,364,11,934,26,3521,12,4455,California
Trinity,2021-05-19,148,7774,16,938,103,6443,29,393,30,876,117,3638,59,4514,California
Trinity,2021-05-20,12,7786,6,944,3,6446,3,396,6,879,6,3644,9,4523,California
Trinity,2021-05-21,12,7798,3,947,9,6455,0,396,4,875,8,3652,4,4527,California
Trinity,2021-05-22,3,7801,2,949,1,6456,0,396,2,876,1,3653,2,4529,California
Trinity,2021-05-23,2,7803,2,951,0,6456,0,396,0,874,2,3655,0,4529,California
Trinity,2021-05-24,109,7912,12,963,96,6552,1,397,8,783,100,3755,9,4538,California
Trinity,2021-05-25,38,7950,13,976,25,6577,0,397,16,777,22,3777,16,4554,California
Trinity,2021-05-26,11,7961,5,981,6,6583,0,397,3,772,8,3785,3,4557,California
Trinity,2021-05-27,30,7991,13,994,12,6595,5,402,7,761,23,3808,12,4569,California
Trinity,2021-05-28,13,8004,10,1004,2,6597,1,403,6,761,7,3815,7,4576,California
Trinity,2021-05-29,10,8014,7,1011,2,6599,1,404,7,766,3,3818,8,4584,California
Trinity,2021-05-30,5,8019,4,1015,1,6600,0,404,0,761,5,3823,0,4584,California
Trinity,2021-05-31,4,8023,3,1018,1,6601,0,404,2,761,2,3825,2,4586,California
Trinity,2021-06-01,16,8039,9,1027,5,6606,2,406,5,758,10,3835,7,4593,California
Trinity,2021-06-02,24,8063,19,1046,3,6609,2,408,9,754,15,3850,11,4604,California
Trinity,2021-06-03,39,8102,13,1059,26,6635,0,408,16,747,23,3873,16,4620,California
Trinity,2021-06-04,29,8131,21,1080,8,6643,0,408,8,734,21,3894,8,4628,California
Trinity,2021-06-05,17,8148,16,1096,1,6644,0,408,11,739,6,3900,11,4639,California
Trinity,2021-06-06,8,8156,6,1102,2,6646,0,408,2,735,6,3906,2,4641,California
Trinity,2021-06-07,19,8175,18,1120,1,6647,0,408,5,726,14,3920,5,4646,California
Trinity,2021-06-08,3,8178,1,1121,1,6648,1,409,1,726,2,3922,2,4648,California
Tulare,2020-12-15,1,1,1,1,0,0,0,0,1,1,0,0,1,1,California
Tulare,2020-12-16,4,5,4,5,0,0,0,0,4,5,0,0,4,5,California
Tulare,2020-12-17,110,115,110,115,0,0,0,0,110,115,0,0,110,115,California
Tulare,2020-12-18,290,405,289,404,1,1,0,0,290,405,0,0,290,405,California
Tulare,2020-12-19,325,730,325,729,0,1,0,0,325,730,0,0,325,730,California
Tulare,2020-12-20,165,895,165,894,0,1,0,0,165,895,0,0,165,895,California
Tulare,2020-12-21,421,1316,421,1315,0,1,0,0,441,1336,0,0,441,1336,California
Tulare,2020-12-22,472,1788,470,1785,2,3,0,0,471,1807,0,0,471,1807,California
Tulare,2020-12-23,327,2115,319,2104,8,11,0,0,325,2132,0,0,325,2132,California
Tulare,2020-12-24,18,2133,16,2120,2,13,0,0,18,2150,0,0,18,2150,California
Tulare,2020-12-26,8,2141,7,2127,1,14,0,0,8,2158,0,0,8,2158,California
Tulare,2020-12-27,16,2157,12,2139,4,18,0,0,16,2174,0,0,16,2174,California
Tulare,2020-12-28,481,2638,468,2607,13,31,0,0,480,2654,0,0,480,2654,California
Tulare,2020-12-29,547,3185,476,3083,71,102,0,0,547,3201,0,0,547,3201,California
Tulare,2020-12-30,469,3654,425,3508,44,146,0,0,469,3670,0,0,469,3670,California
Tulare,2020-12-31,100,3754,22,3530,78,224,0,0,100,3770,0,0,100,3770,California
Tulare,2021-01-01,2,3756,1,3531,1,225,0,0,2,3772,0,0,2,3772,California
Tulare,2021-01-02,32,3788,19,3550,13,238,0,0,32,3804,0,0,32,3804,California
Tulare,2021-01-03,23,3811,9,3559,14,252,0,0,23,3827,0,0,23,3827,California
Tulare,2021-01-04,92,3903,16,3575,76,328,0,0,92,3919,0,0,92,3919,California
Tulare,2021-01-05,465,4368,278,3853,187,515,0,0,463,4380,2,2,463,4382,California
Tulare,2021-01-06,866,5234,635,4488,231,746,0,0,856,5226,10,12,856,5238,California
Tulare,2021-01-07,785,6019,587,5075,198,944,0,0,678,5797,107,119,678,5916,California
Tulare,2021-01-08,1293,7312,573,5648,720,1664,0,0,956,6417,336,455,956,6872,California
Tulare,2021-01-09,803,8115,203,5851,600,2264,0,0,616,6846,187,642,616,7488,California
Tulare,2021-01-10,50,8165,43,5894,7,2271,0,0,12,6820,38,680,12,7500,California
Tulare,2021-01-11,1273,9438,769,6663,504,2775,0,0,837,7221,436,1116,837,8337,California
Tulare,2021-01-12,1443,10881,505,7168,938,3713,0,0,1031,7842,411,1527,1032,9369,California
Tulare,2021-01-13,429,11310,201,7369,228,3941,0,0,353,8119,76,1603,353,9722,California
Tulare,2021-01-14,492,11802,142,7511,350,4291,0,0,466,8570,15,1618,466,10188,California
Tulare,2021-01-15,1677,13479,158,7669,1519,5810,0,0,1668,10229,9,1627,1668,11856,California
Tulare,2021-01-16,1913,15392,121,7790,1792,7602,0,0,1899,12114,14,1641,1899,13755,California
Tulare,2021-01-17,141,15533,121,7911,20,7622,0,0,131,12235,10,1651,131,13886,California
Tulare,2021-01-18,693,16226,661,8572,32,7654,0,0,297,12136,396,2047,297,14183,California
Tulare,2021-01-19,1015,17241,689,9261,326,7980,0,0,588,12297,427,2474,588,14771,California
Tulare,2021-01-20,2434,19675,613,9874,1821,9801,0,0,2022,13934,386,2860,2023,16794,California
Tulare,2021-01-21,1570,21245,184,10058,1386,11187,0,0,1544,15457,21,2881,1544,18338,California
Tulare,2021-01-22,1072,22317,191,10249,881,12068,0,0,1045,16476,26,2907,1045,19383,California
Tulare,2021-01-23,440,22757,157,10406,283,12351,0,0,420,16876,20,2927,420,19803,California
Tulare,2021-01-24,30,22787,27,10433,3,12354,0,0,28,16902,2,2929,28,19831,California
Tulare,2021-01-25,1355,24142,985,11418,370,12724,0,0,1306,18159,49,2978,1306,21137,California
Tulare,2021-01-26,1509,25651,1098,12516,411,13135,0,0,1171,18993,337,3315,1171,22308,California
Tulare,2021-01-27,1505,27156,1076,13592,429,13564,0,0,926,19341,578,3893,926,23234,California
Tulare,2021-01-28,1219,28375,779,14371,440,14004,0,0,819,19760,400,4293,819,24053,California
Tulare,2021-01-29,1133,29508,723,15094,410,14414,0,0,824,20275,309,4602,824,24877,California
Tulare,2021-01-30,1683,31191,1588,16682,95,14509,0,0,1659,21911,24,4626,1660,26537,California
Tulare,2021-01-31,67,31258,62,16744,5,14514,0,0,64,21972,3,4629,64,26601,California
Tulare,2021-02-01,1195,32453,919,17663,276,14790,0,0,833,22444,361,4990,833,27434,California
Tulare,2021-02-02,699,33152,348,18011,351,15141,0,0,456,22660,241,5231,457,27891,California
Tulare,2021-02-03,572,33724,240,18251,332,15473,0,0,327,22762,225,5456,327,28218,California
Tulare,2021-02-04,568,34292,169,18420,399,15872,0,0,280,22756,287,5743,281,28499,California
Tulare,2021-02-05,1239,35531,237,18657,1002,16874,0,0,404,22327,833,6576,404,28903,California
Tulare,2021-02-06,842,36373,164,18821,678,17552,0,0,208,21903,632,7208,208,29111,California
Tulare,2021-02-07,83,36456,70,18891,13,17565,0,0,23,21866,60,7268,23,29134,California
Tulare,2021-02-08,946,37402,327,19218,619,18184,0,0,242,21406,702,7970,242,29376,California
Tulare,2021-02-09,1425,38827,335,19553,1090,19274,0,0,361,20708,1059,9029,361,29737,California
Tulare,2021-02-10,2476,41303,1989,21542,487,19761,0,0,2076,22385,399,9428,2076,31813,California
Tulare,2021-02-11,1335,42638,379,21921,956,20717,0,0,913,22876,422,9850,913,32726,California
Tulare,2021-02-12,2790,45428,576,22497,2214,22931,0,0,1193,22479,1590,11440,1193,33919,California
Tulare,2021-02-13,2481,47909,157,22654,2324,25255,0,0,659,21320,1818,13258,659,34578,California
Tulare,2021-02-14,335,48244,39,22693,296,25551,0,0,298,21581,37,13295,298,34876,California
Tulare,2021-02-15,920,49164,293,22986,627,26178,0,0,663,21988,256,13551,663,35539,California
Tulare,2021-02-16,2844,52008,1600,24586,1244,27422,0,0,1086,21317,1757,15308,1086,36625,California
Tulare,2021-02-17,2721,54729,517,25103,2204,29626,0,0,468,19538,2247,17555,468,37093,California
Tulare,2021-02-18,2332,57061,458,25561,1874,31500,0,0,638,18490,1686,19241,638,37731,California
Tulare,2021-02-19,2327,59388,877,26438,1450,32950,0,0,953,18070,1373,20614,953,38684,California
Tulare,2021-02-20,2997,62385,1892,28330,1105,34055,0,0,1266,17610,1726,22340,1266,39950,California
Tulare,2021-02-21,93,62478,90,28420,3,34058,0,0,47,17612,45,22385,47,39997,California
Tulare,2021-02-22,1111,63589,703,29123,408,34466,0,0,210,16922,900,23285,210,40207,California
Tulare,2021-02-23,1965,65554,951,30074,1014,35480,0,0,1471,17900,493,23778,1471,41678,California
Tulare,2021-02-24,2492,68046,1554,31628,938,36418,0,0,2116,19642,375,24153,2117,43795,California
Tulare,2021-02-25,3521,71567,1980,33608,1541,37959,0,0,3105,22335,412,24565,3105,46900,California
Tulare,2021-02-26,3867,75434,1895,35503,1972,39931,0,0,3399,25268,466,25031,3399,50299,California
Tulare,2021-02-27,3009,78443,1497,37000,1512,41443,0,0,2875,28021,122,25153,2875,53174,California
Tulare,2021-02-28,1312,79755,1040,38040,272,41715,0,0,1292,29296,17,25170,1292,54466,California
Tulare,2021-03-01,1791,81546,799,38839,992,42707,0,0,1594,30695,195,25365,1594,56060,California
Tulare,2021-03-02,2781,84327,1274,40113,1507,44214,0,0,2608,33133,171,25536,2609,58669,California
Tulare,2021-03-03,3983,88310,2635,42748,1348,45562,0,0,2028,33212,1952,27488,2031,60700,California
Tulare,2021-03-04,2971,91281,1342,44090,1629,47191,0,0,2633,35512,333,27821,2633,63333,California
Tulare,2021-03-05,3448,94729,1765,45855,1668,48859,15,15,2930,37945,515,28336,2948,66281,California
Tulare,2021-03-06,3101,97830,1446,47301,1595,50454,60,75,2849,40603,249,28585,2907,69188,California
Tulare,2021-03-07,1139,98969,704,48005,414,50868,21,96,1099,41684,39,28624,1120,70308,California
Tulare,2021-03-08,1723,100692,1008,49013,546,51414,169,265,1395,42924,323,28947,1563,71871,California
Tulare,2021-03-09,3281,103973,2252,51265,880,52294,149,414,2858,45508,422,29369,3006,74877,California
Tulare,2021-03-10,2977,106950,1404,52669,1398,53692,175,589,2573,47859,395,29764,2746,77623,California
Tulare,2021-03-11,4219,111169,1991,54660,1924,55616,304,893,3267,50479,952,30716,3572,81195,California
Tulare,2021-03-12,4432,115601,2434,57094,1645,57261,353,1246,3148,52705,1276,31992,3502,84697,California
Tulare,2021-03-13,4171,119772,1959,59053,2107,59368,105,1351,3218,55083,947,32939,3325,88022,California
Tulare,2021-03-14,1864,121636,989,60042,655,60023,220,1571,1339,56115,524,33463,1556,89578,California
Tulare,2021-03-15,2758,124394,1638,61680,1004,61027,116,1687,1981,57440,774,34237,2099,91677,California
Tulare,2021-03-16,3452,127846,2125,63805,1249,62276,78,1765,1890,57853,1558,35795,1971,93648,California
Tulare,2021-03-17,4062,131908,2643,66448,1344,63620,75,1840,2312,58502,1744,37539,2393,96041,California
Tulare,2021-03-18,4645,136553,3390,69838,1184,64804,71,1911,2461,58861,2177,39716,2536,98577,California
Tulare,2021-03-19,5118,141671,3363,73201,1558,66362,197,2108,2733,59427,2366,42082,2932,101509,California
Tulare,2021-03-20,4502,146173,2800,76001,1330,67692,372,2480,2071,59450,2423,44505,2446,103955,California
Tulare,2021-03-21,1996,148169,1707,77708,263,67955,26,2506,1054,59591,938,45443,1079,105034,California
Tulare,2021-03-22,2566,150735,1778,79486,677,68632,111,2617,1695,60534,865,46308,1808,106842,California
Tulare,2021-03-23,3765,154500,2158,81644,1555,70187,52,2669,2066,60968,1689,47997,2123,108965,California
Tulare,2021-03-24,3219,157719,2003,83647,1174,71361,42,2711,1809,61418,1402,49399,1852,110817,California
Tulare,2021-03-25,3499,161218,1825,85472,1502,72863,172,2883,1696,61493,1795,51194,1870,112687,California
Tulare,2021-03-26,5280,166498,3149,88621,2021,74884,110,2993,2559,61459,2703,53897,2669,115356,California
Tulare,2021-03-27,3552,170050,1823,90444,1630,76514,99,3092,995,60003,2549,56446,1093,116449,California
Tulare,2021-03-28,1475,171525,1070,91514,374,76888,31,3123,679,59925,794,57240,716,117165,California
Tulare,2021-03-29,2898,174423,1676,93190,1109,77997,113,3236,1231,59608,1663,58903,1346,118511,California
Tulare,2021-03-30,4849,179272,2794,95984,1824,79821,231,3467,1536,58065,3304,62207,1761,120272,California
Tulare,2021-03-31,3974,183246,2351,98335,1509,81330,114,3581,1578,57370,2389,64596,1694,121966,California
Tulare,2021-04-01,4531,187777,2455,100790,2009,83339,67,3648,1562,56041,2959,67555,1630,123596,California
Tulare,2021-04-02,5368,193145,3072,103862,2176,85515,120,3768,1590,53990,3762,71317,1711,125307,California
Tulare,2021-04-03,3638,196783,2102,105964,1163,86678,373,4141,842,52444,2759,74076,1213,126520,California
Tulare,2021-04-04,1635,198418,1149,107113,479,87157,7,4148,360,51540,1271,75347,367,126887,California
Tulare,2021-04-05,3366,201784,2346,109459,750,87907,270,4418,853,50164,2500,77847,1124,128011,California
Tulare,2021-04-06,3443,205227,1472,110931,1474,89381,497,4915,927,49082,2508,80355,1426,129437,California
Tulare,2021-04-07,3912,209139,1844,112775,1630,91011,438,5353,1188,47986,2713,83068,1617,131054,California
Tulare,2021-04-08,4802,213941,2630,115405,1709,92720,463,5816,1538,46732,3252,86320,1998,133052,California
Tulare,2021-04-09,4866,218807,3009,118414,1419,94139,438,6254,1839,45993,3018,89338,2279,135331,California
Tulare,2021-04-10,3870,222677,2089,120503,1458,95597,323,6577,950,44353,2911,92249,1271,136602,California
Tulare,2021-04-11,1593,224270,1053,121556,466,96063,74,6651,494,43825,1096,93345,568,137170,California
Tulare,2021-04-12,3407,227677,2129,123685,681,96744,597,7248,1068,43162,2331,95676,1668,138838,California
Tulare,2021-04-13,2416,230093,1593,125278,813,97557,10,7258,905,42581,1500,97176,919,139757,California
Tulare,2021-04-14,2865,232958,1688,126966,1177,98734,0,7258,914,41549,1947,99123,915,140672,California
Tulare,2021-04-15,3311,236269,2159,129125,1152,99886,0,7258,1485,41228,1815,100938,1494,142166,California
Tulare,2021-04-16,3653,239922,2214,131339,1439,101325,0,7258,1477,40540,2165,103103,1477,143643,California
Tulare,2021-04-17,2219,242141,1302,132641,917,102242,0,7258,1172,40670,1043,104146,1173,144816,California
Tulare,2021-04-18,1525,243666,1194,133835,331,102573,0,7258,818,40782,706,104852,818,145634,California
Tulare,2021-04-19,2133,245799,1225,135060,906,103479,2,7260,899,40453,1230,106082,901,146535,California
Tulare,2021-04-20,2337,248136,1314,136374,1023,104502,0,7260,993,40115,1331,107413,993,147528,California
Tulare,2021-04-21,2213,250349,1333,137707,880,105382,0,7260,811,39565,1362,108775,812,148340,California
Tulare,2021-04-22,2118,252467,1177,138884,941,106323,0,7260,730,38926,1369,110144,730,149070,California
Tulare,2021-04-23,2593,255060,1590,140474,1002,107325,1,7261,1022,38387,1561,111705,1022,150092,California
Tulare,2021-04-24,1644,256704,1053,141527,589,107914,2,7263,849,38448,790,112495,851,150943,California
Tulare,2021-04-25,698,257402,525,142052,173,108087,0,7263,267,38284,431,112926,267,151210,California
Tulare,2021-04-26,1520,258922,914,142966,587,108674,19,7282,638,38064,875,113801,655,151865,California
Tulare,2021-04-27,1639,260561,661,143627,940,109614,38,7320,695,37856,940,114741,732,152597,California
Tulare,2021-04-28,1715,262276,975,144602,698,110312,42,7362,675,37538,1035,115776,717,153314,California
Tulare,2021-04-29,2004,264280,1200,145802,765,111077,39,7401,774,37129,1220,116996,811,154125,California
Tulare,2021-04-30,2451,266731,1785,147587,616,111693,50,7451,906,36546,1538,118534,955,155080,California
Tulare,2021-05-01,1423,268154,1226,148813,185,111878,12,7463,726,36596,688,119222,738,155818,California
Tulare,2021-05-02,589,268743,500,149313,73,111951,16,7479,189,36404,397,119619,205,156023,California
Tulare,2021-05-03,1621,270364,1095,150408,401,112352,125,7604,348,35611,1266,120885,473,156496,California
Tulare,2021-05-04,1561,271925,836,151244,655,113007,70,7674,631,35387,922,121807,698,157194,California
Tulare,2021-05-05,1280,273205,620,151864,570,113577,90,7764,443,35094,826,122633,533,157727,California
Tulare,2021-05-06,1962,275167,1325,153189,588,114165,49,7813,586,34361,1368,124001,635,158362,California
Tulare,2021-05-07,1838,277005,1247,154436,523,114688,68,7881,525,33647,1306,125307,592,158954,California
Tulare,2021-05-08,1234,278239,806,155242,403,115091,25,7906,525,33495,702,126009,550,159504,California
Tulare,2021-05-09,592,278831,468,155710,103,115194,21,7927,115,33159,473,126482,137,159641,California
Tulare,2021-05-10,1018,279849,587,156297,366,115560,65,7992,308,32824,708,127190,373,160014,California
Tulare,2021-05-11,1217,281066,617,156914,522,116082,78,8070,507,32706,703,127893,585,160599,California
Tulare,2021-05-12,1563,282629,1007,157921,500,116582,56,8126,425,32063,1123,129016,480,161079,California
Tulare,2021-05-13,1489,284118,939,158860,512,117094,38,8164,669,31953,816,129832,706,161785,California
Tulare,2021-05-14,1931,286049,1242,160102,626,117720,63,8227,861,31818,1058,130890,923,162708,California
Tulare,2021-05-15,1560,287609,876,160978,638,118358,46,8273,662,31635,890,131780,707,163415,California
Tulare,2021-05-16,697,288306,557,161535,128,118486,12,8285,324,31599,372,132152,336,163751,California
Tulare,2021-05-17,1542,289848,957,162492,512,118998,73,8358,739,31615,796,132948,812,164563,California
Tulare,2021-05-18,1580,291428,853,163345,673,119671,54,8412,797,31686,778,133726,849,165412,California
Tulare,2021-05-19,1471,292899,951,164296,487,120158,33,8445,766,31785,700,134426,799,166211,California
Tulare,2021-05-20,1361,294260,927,165223,348,120506,86,8531,659,31830,700,135126,745,166956,California
Tulare,2021-05-21,1722,295982,1279,166502,403,120909,40,8571,964,32084,750,135876,1004,167960,California
Tulare,2021-05-22,1436,297418,1042,167544,371,121280,23,8594,543,31763,888,136764,567,168527,California
Tulare,2021-05-23,319,297737,270,167814,40,121320,9,8603,166,31786,152,136916,175,168702,California
Tulare,2021-05-24,905,298642,551,168365,294,121614,60,8663,405,31753,498,137414,465,169167,California
Tulare,2021-05-25,1187,299829,710,169075,445,122059,32,8695,517,31638,664,138078,549,169716,California
Tulare,2021-05-26,873,300702,486,169561,346,122405,41,8736,400,31610,468,138546,440,170156,California
Tulare,2021-05-27,1270,301972,808,170369,431,122836,31,8767,594,31564,673,139219,627,170783,California
Tulare,2021-05-28,1180,303152,655,171024,476,123312,49,8816,629,31697,544,139763,677,171460,California
Tulare,2021-05-29,868,304020,641,171665,208,123520,19,8835,500,31850,366,140129,519,171979,California
Tulare,2021-05-30,285,304305,206,171871,71,123591,8,8843,166,31907,117,140246,174,172153,California
Tulare,2021-05-31,129,304434,50,171921,68,123659,11,8854,54,31897,75,140321,65,172218,California
Tulare,2021-06-01,1046,305480,623,172544,393,124052,30,8884,409,31708,628,140949,439,172657,California
Tulare,2021-06-02,795,306275,468,173012,295,124347,32,8916,363,31681,420,141369,393,173050,California
Tulare,2021-06-03,1134,307409,810,173822,266,124613,58,8974,445,31514,669,142038,502,173552,California
Tulare,2021-06-04,1157,308566,827,174649,295,124908,35,9009,386,31168,767,142805,421,173973,California
Tulare,2021-06-05,857,309423,672,175321,169,125077,16,9025,292,30914,561,143366,307,174280,California
Tulare,2021-06-06,413,309836,348,175669,46,125123,19,9044,135,30791,277,143643,154,174434,California
Tulare,2021-06-07,863,310699,681,176350,147,125270,35,9079,277,30520,581,144224,310,174744,California
Tulare,2021-06-08,403,311102,272,176622,79,125349,52,9131,123,30418,277,144501,175,174919,California
Tuolumne,2020-12-16,47,47,47,47,0,0,0,0,47,47,0,0,47,47,California
Tuolumne,2020-12-17,18,65,18,65,0,0,0,0,18,65,0,0,18,65,California
Tuolumne,2020-12-18,101,166,100,165,1,1,0,0,101,166,0,0,101,166,California
Tuolumne,2020-12-19,4,170,4,169,0,1,0,0,4,170,0,0,4,170,California
Tuolumne,2020-12-20,2,172,2,171,0,1,0,0,2,172,0,0,2,172,California
Tuolumne,2020-12-21,115,287,101,272,14,15,0,0,115,287,0,0,115,287,California
Tuolumne,2020-12-22,171,458,171,443,0,15,0,0,171,458,0,0,171,458,California
Tuolumne,2020-12-23,185,643,183,626,2,17,0,0,185,643,0,0,185,643,California
Tuolumne,2020-12-26,2,645,2,628,0,17,0,0,2,645,0,0,2,645,California
Tuolumne,2020-12-28,77,722,75,703,2,19,0,0,77,722,0,0,77,722,California
Tuolumne,2020-12-29,102,824,39,742,63,82,0,0,102,824,0,0,102,824,California
Tuolumne,2020-12-30,80,904,22,764,58,140,0,0,80,904,0,0,80,904,California
Tuolumne,2020-12-31,27,931,20,784,7,147,0,0,27,931,0,0,27,931,California
Tuolumne,2021-01-01,6,937,5,789,1,148,0,0,6,937,0,0,6,937,California
Tuolumne,2021-01-02,119,1056,116,905,3,151,0,0,119,1056,0,0,119,1056,California
Tuolumne,2021-01-03,2,1058,2,907,0,151,0,0,2,1058,0,0,2,1058,California
Tuolumne,2021-01-04,69,1127,26,933,43,194,0,0,69,1127,0,0,69,1127,California
Tuolumne,2021-01-05,93,1220,27,960,66,260,0,0,90,1215,3,3,91,1218,California
Tuolumne,2021-01-06,131,1351,71,1031,60,320,0,0,67,1218,64,67,67,1285,California
Tuolumne,2021-01-07,119,1470,63,1094,56,376,0,0,64,1227,55,122,64,1349,California
Tuolumne,2021-01-08,105,1575,81,1175,24,400,0,0,27,1178,77,199,28,1377,California
Tuolumne,2021-01-09,2,1577,0,1175,2,402,0,0,2,1180,0,199,2,1379,California
Tuolumne,2021-01-10,3,1580,1,1176,2,404,0,0,3,1183,0,199,3,1382,California
Tuolumne,2021-01-11,115,1695,89,1265,26,430,0,0,34,1136,81,280,34,1416,California
Tuolumne,2021-01-12,102,1797,86,1351,16,446,0,0,18,1070,84,364,18,1434,California
Tuolumne,2021-01-13,231,2028,125,1476,106,552,0,0,182,1204,49,413,183,1617,California
Tuolumne,2021-01-14,147,2175,108,1584,39,591,0,0,42,1142,104,517,42,1659,California
Tuolumne,2021-01-15,475,2650,73,1657,402,993,0,0,413,1495,61,578,414,2073,California
Tuolumne,2021-01-16,7,2657,3,1660,4,997,0,0,6,1500,1,579,6,2079,California
Tuolumne,2021-01-17,7,2664,4,1664,3,1000,0,0,7,1507,0,579,7,2086,California
Tuolumne,2021-01-18,46,2710,38,1702,8,1008,0,0,9,1480,36,615,9,2095,California
Tuolumne,2021-01-19,478,3188,73,1775,405,1413,0,0,432,1866,46,661,432,2527,California
Tuolumne,2021-01-20,76,3264,58,1833,18,1431,0,0,24,1839,51,712,24,2551,California
Tuolumne,2021-01-21,56,3320,23,1856,33,1464,0,0,40,1863,16,728,40,2591,California
Tuolumne,2021-01-22,169,3489,16,1872,153,1617,0,0,162,2018,7,735,162,2753,California
Tuolumne,2021-01-23,653,4142,134,2006,519,2136,0,0,548,2473,105,840,560,3313,California
Tuolumne,2021-01-24,523,4665,2,2008,521,2657,0,0,520,2992,3,843,522,3835,California
Tuolumne,2021-01-25,50,4715,28,2036,22,2679,0,0,24,2991,26,869,25,3860,California
Tuolumne,2021-01-26,80,4795,68,2104,12,2691,0,0,40,2992,40,909,41,3901,California
Tuolumne,2021-01-27,61,4856,4,2108,57,2748,0,0,8,2948,52,961,8,3909,California
Tuolumne,2021-01-28,27,4883,7,2115,20,2768,0,0,18,2957,9,970,18,3927,California
Tuolumne,2021-01-29,70,4953,5,2120,65,2833,0,0,32,2951,38,1008,32,3959,California
Tuolumne,2021-01-30,711,5664,553,2673,158,2991,0,0,688,3633,23,1031,705,4664,California
Tuolumne,2021-01-31,8,5672,2,2675,6,2997,0,0,5,3635,3,1034,5,4669,California
Tuolumne,2021-02-01,26,5698,7,2682,19,3016,0,0,23,3655,3,1037,23,4692,California
Tuolumne,2021-02-02,648,6346,42,2724,606,3622,0,0,636,4281,10,1047,636,5328,California
Tuolumne,2021-02-03,240,6586,112,2836,128,3750,0,0,87,4215,153,1200,87,5415,California
Tuolumne,2021-02-04,123,6709,13,2849,110,3860,0,0,60,4212,63,1263,60,5475,California
Tuolumne,2021-02-05,101,6810,14,2863,87,3947,0,0,35,4182,65,1328,35,5510,California
Tuolumne,2021-02-06,858,7668,582,3445,276,4223,0,0,849,5028,9,1337,855,6365,California
Tuolumne,2021-02-07,8,7676,4,3449,4,4227,0,0,4,5028,4,1341,4,6369,California
Tuolumne,2021-02-08,91,7767,40,3489,51,4278,0,0,67,5071,24,1365,67,6436,California
Tuolumne,2021-02-09,862,8629,51,3540,811,5089,0,0,820,5849,42,1407,820,7256,California
Tuolumne,2021-02-10,92,8721,17,3557,75,5164,0,0,31,5820,60,1467,31,7287,California
Tuolumne,2021-02-11,143,8864,68,3625,75,5239,0,0,78,5833,65,1532,78,7365,California
Tuolumne,2021-02-12,649,9513,20,3645,629,5868,0,0,208,5601,440,1972,208,7573,California
Tuolumne,2021-02-13,150,9663,41,3686,109,5977,0,0,120,5692,29,2001,120,7693,California
Tuolumne,2021-02-14,153,9816,15,3701,138,6115,0,0,151,5841,2,2003,151,7844,California
Tuolumne,2021-02-15,187,10003,10,3711,177,6292,0,0,178,6010,9,2012,178,8022,California
Tuolumne,2021-02-16,531,10534,18,3729,513,6805,0,0,122,5729,405,2417,124,8146,California
Tuolumne,2021-02-17,111,10645,63,3792,48,6853,0,0,61,5741,49,2466,61,8207,California
Tuolumne,2021-02-18,680,11325,26,3818,654,7507,0,0,629,6320,51,2517,630,8837,California
Tuolumne,2021-02-19,142,11467,22,3840,120,7627,0,0,42,6262,100,2617,42,8879,California
Tuolumne,2021-02-20,905,12372,341,4181,564,8191,0,0,384,6141,507,3124,386,9265,California
Tuolumne,2021-02-21,977,13349,39,4220,938,9129,0,0,470,6109,505,3629,473,9738,California
Tuolumne,2021-02-22,80,13429,57,4277,23,9152,0,0,46,6122,33,3662,46,9784,California
Tuolumne,2021-02-23,48,13477,24,4301,24,9176,0,0,26,6127,21,3683,26,9810,California
Tuolumne,2021-02-24,104,13581,58,4359,46,9222,0,0,42,6108,61,3744,42,9852,California
Tuolumne,2021-02-25,1050,14631,35,4394,1015,10237,0,0,1019,7096,31,3775,1019,10871,California
Tuolumne,2021-02-26,151,14782,11,4405,140,10377,0,0,125,7196,26,3801,126,10997,California
Tuolumne,2021-02-27,955,15737,579,4984,376,10753,0,0,250,6762,687,4488,253,11250,California
Tuolumne,2021-02-28,56,15793,4,4988,52,10805,0,0,52,6811,3,4491,52,11302,California
Tuolumne,2021-03-01,114,15907,22,5010,91,10896,1,1,77,6854,36,4527,79,11381,California
Tuolumne,2021-03-02,705,16612,73,5083,632,11528,0,1,106,6361,599,5126,106,11487,California
Tuolumne,2021-03-03,93,16705,21,5104,72,11600,0,1,66,6401,26,5152,66,11553,California
Tuolumne,2021-03-04,1173,17878,75,5179,1098,12698,0,1,1108,7444,65,5217,1108,12661,California
Tuolumne,2021-03-05,87,17965,10,5189,77,12775,0,1,50,7459,36,5253,51,12712,California
Tuolumne,2021-03-06,1059,19024,606,5795,451,13226,2,3,204,6819,849,6102,209,12921,California
Tuolumne,2021-03-07,41,19065,12,5807,14,13240,15,18,18,6829,23,6125,33,12954,California
Tuolumne,2021-03-08,196,19261,90,5897,99,13339,7,25,139,6918,57,6182,146,13100,California
Tuolumne,2021-03-09,858,20119,16,5913,831,14170,11,36,68,6214,784,6966,80,13180,California
Tuolumne,2021-03-10,78,20197,12,5925,55,14225,11,47,53,6253,25,6991,64,13244,California
Tuolumne,2021-03-11,1281,21478,37,5962,1239,15464,5,52,1254,7487,27,7018,1261,14505,California
Tuolumne,2021-03-12,298,21776,34,5996,249,15713,15,67,188,7584,109,7127,206,14711,California
Tuolumne,2021-03-13,114,21890,13,6009,101,15814,0,67,84,7640,29,7156,85,14796,California
Tuolumne,2021-03-14,148,22038,10,6019,129,15943,9,76,7,7520,141,7297,21,14817,California
Tuolumne,2021-03-15,301,22339,82,6101,216,16159,3,79,104,7438,196,7493,114,14931,California
Tuolumne,2021-03-16,804,23143,41,6142,752,16911,11,90,667,7980,136,7629,678,15609,California
Tuolumne,2021-03-17,152,23295,32,6174,107,17018,13,103,79,8000,72,7701,92,15701,California
Tuolumne,2021-03-18,947,24242,27,6201,907,17925,13,116,317,7703,627,8328,330,16031,California
Tuolumne,2021-03-19,135,24377,18,6219,87,18012,30,146,73,7745,61,8389,103,16134,California
Tuolumne,2021-03-20,93,24470,8,6227,75,18087,10,156,39,7740,53,8442,48,16182,California
Tuolumne,2021-03-21,833,25303,389,6616,434,18521,10,166,41,7009,783,9225,52,16234,California
Tuolumne,2021-03-22,164,25467,73,6689,72,18593,19,185,97,7059,66,9291,116,16350,California
Tuolumne,2021-03-23,711,26178,636,7325,61,18654,14,199,673,7707,38,9329,686,17036,California
Tuolumne,2021-03-24,111,26289,20,7345,73,18727,18,217,77,7769,33,9362,95,17131,California
Tuolumne,2021-03-25,1300,27589,24,7369,1273,20000,3,220,328,7129,971,10333,331,17462,California
Tuolumne,2021-03-26,276,27865,16,7385,237,20237,23,243,116,7120,149,10482,140,17602,California
Tuolumne,2021-03-27,581,28446,54,7439,527,20764,0,243,316,7175,263,10745,318,17920,California
Tuolumne,2021-03-28,47,28493,6,7445,41,20805,0,243,8,7146,38,10783,9,17929,California
Tuolumne,2021-03-29,206,28699,83,7528,123,20928,0,243,109,7161,94,10877,109,18038,California
Tuolumne,2021-03-30,162,28861,9,7537,152,21080,1,244,119,7239,42,10919,120,18158,California
Tuolumne,2021-03-31,95,28956,14,7551,79,21159,2,246,38,7224,55,10974,40,18198,California
Tuolumne,2021-04-01,1251,30207,30,7581,1221,22380,0,246,228,6432,1020,11994,228,18426,California
Tuolumne,2021-04-02,165,30372,11,7592,128,22508,26,272,92,6479,71,12065,118,18544,California
Tuolumne,2021-04-03,428,30800,35,7627,391,22899,2,274,239,6532,187,12252,240,18784,California
Tuolumne,2021-04-04,34,30834,3,7630,31,22930,0,274,21,6542,11,12263,21,18805,California
Tuolumne,2021-04-05,132,30966,19,7649,106,23036,7,281,59,6536,72,12335,66,18871,California
Tuolumne,2021-04-06,650,31616,516,8165,107,23143,27,308,515,6945,134,12469,543,19414,California
Tuolumne,2021-04-07,128,31744,37,8202,75,23218,16,324,50,6933,78,12547,66,19480,California
Tuolumne,2021-04-08,1446,33190,33,8235,1398,24616,15,339,248,6003,1193,13740,263,19743,California
Tuolumne,2021-04-09,274,33464,41,8276,189,24805,44,383,131,6039,143,13883,179,19922,California
Tuolumne,2021-04-10,55,33519,2,8278,33,24838,20,403,22,6049,32,13915,42,19964,California
Tuolumne,2021-04-11,18,33537,3,8281,12,24850,3,406,12,6058,6,13921,15,19979,California
Tuolumne,2021-04-12,173,33710,66,8347,102,24952,5,411,91,6077,77,13998,96,20075,California
Tuolumne,2021-04-13,786,34496,35,8382,751,25703,0,411,171,5641,607,14605,171,20246,California
Tuolumne,2021-04-14,157,34653,30,8412,127,25830,0,411,79,5647,74,14679,80,20326,California
Tuolumne,2021-04-15,345,34998,21,8433,324,26154,0,411,60,5428,279,14958,60,20386,California
Tuolumne,2021-04-16,252,35250,50,8483,202,26356,0,411,140,5465,104,15062,141,20527,California
Tuolumne,2021-04-17,42,35292,5,8488,37,26393,0,411,26,5475,16,15078,26,20553,California
Tuolumne,2021-04-18,10,35302,3,8491,7,26400,0,411,5,5476,5,15083,6,20559,California
Tuolumne,2021-04-19,177,35479,78,8569,99,26499,0,411,99,5499,76,15159,99,20658,California
Tuolumne,2021-04-20,710,36189,614,9183,96,26595,0,411,76,4949,626,15785,76,20734,California
Tuolumne,2021-04-21,118,36307,25,9208,93,26688,0,411,62,4960,51,15836,62,20796,California
Tuolumne,2021-04-22,711,37018,46,9254,665,27353,0,411,431,5120,271,16107,431,21227,California
Tuolumne,2021-04-23,175,37193,31,9285,144,27497,0,411,81,5110,92,16199,82,21309,California
Tuolumne,2021-04-24,78,37271,17,9302,61,27558,0,411,49,5130,29,16228,49,21358,California
Tuolumne,2021-04-25,25,37296,9,9311,16,27574,0,411,22,5149,3,16231,22,21380,California
Tuolumne,2021-04-26,157,37453,56,9367,101,27675,0,411,73,5140,83,16314,74,21454,California
Tuolumne,2021-04-27,138,37591,23,9390,108,27783,7,418,63,5138,72,16386,70,21524,California
Tuolumne,2021-04-28,114,37705,23,9413,80,27863,11,429,61,5158,52,16438,72,21596,California
Tuolumne,2021-04-29,278,37983,16,9429,254,28117,8,437,54,4998,222,16660,62,21658,California
Tuolumne,2021-04-30,365,38348,22,9451,331,28448,12,449,71,4791,290,16950,83,21741,California
Tuolumne,2021-05-01,25,38373,7,9458,13,28461,5,454,16,4803,9,16959,21,21762,California
Tuolumne,2021-05-02,26,38399,3,9461,21,28482,2,456,19,4817,7,16966,21,21783,California
Tuolumne,2021-05-03,111,38510,14,9475,92,28574,5,461,36,4785,73,17039,41,21824,California
Tuolumne,2021-05-04,705,39215,600,10075,101,28675,4,465,213,4510,491,17530,216,22040,California
Tuolumne,2021-05-05,107,39322,25,10100,76,28751,6,471,56,4523,49,17579,62,22102,California
Tuolumne,2021-05-06,287,39609,12,10112,259,29010,16,487,41,4337,242,17821,56,22158,California
Tuolumne,2021-05-07,329,39938,26,10138,295,29305,8,495,71,4159,257,18078,79,22237,California
Tuolumne,2021-05-08,45,39983,6,10144,35,29340,4,499,30,4178,15,18093,34,22271,California
Tuolumne,2021-05-09,15,39998,2,10146,11,29351,2,501,2,4169,13,18106,4,22275,California
Tuolumne,2021-05-10,113,40111,44,10190,63,29414,6,507,32,4127,80,18186,38,22313,California
Tuolumne,2021-05-11,198,40309,62,10252,124,29538,12,519,56,4054,141,18327,68,22381,California
Tuolumne,2021-05-12,128,40437,20,10272,105,29643,3,522,49,4027,79,18406,52,22433,California
Tuolumne,2021-05-13,109,40546,18,10290,83,29726,8,530,69,4064,40,18446,77,22510,California
Tuolumne,2021-05-14,207,40753,75,10365,120,29846,12,542,106,4083,99,18545,118,22628,California
Tuolumne,2021-05-15,56,40809,14,10379,35,29881,7,549,19,4073,37,18582,27,22655,California
Tuolumne,2021-05-16,25,40834,7,10386,16,29897,2,551,12,4074,13,18595,14,22669,California
Tuolumne,2021-05-17,110,40944,29,10415,78,29975,3,554,47,4062,63,18658,51,22720,California
Tuolumne,2021-05-18,178,41122,54,10469,77,30052,47,601,59,4050,118,18776,106,22826,California
Tuolumne,2021-05-19,118,41240,20,10489,65,30117,33,634,47,4060,70,18846,80,22906,California
Tuolumne,2021-05-20,396,41636,19,10508,372,30489,5,639,51,3772,344,19190,56,22962,California
Tuolumne,2021-05-21,193,41829,89,10597,99,30588,5,644,117,3820,74,19264,122,23084,California
Tuolumne,2021-05-22,53,41882,16,10613,32,30620,5,649,21,3814,31,19295,25,23109,California
Tuolumne,2021-05-23,26,41908,7,10620,18,30638,1,650,9,3807,17,19312,10,23119,California
Tuolumne,2021-05-24,133,42041,40,10660,87,30725,6,656,51,3783,81,19393,57,23176,California
Tuolumne,2021-05-25,290,42331,217,10877,67,30792,6,662,112,3724,177,19570,118,23294,California
Tuolumne,2021-05-26,86,42417,23,10900,62,30854,1,663,37,3713,49,19619,38,23332,California
Tuolumne,2021-05-27,73,42490,14,10914,56,30910,3,666,29,3702,43,19662,32,23364,California
Tuolumne,2021-05-28,111,42601,53,10967,57,30967,1,667,65,3724,44,19706,66,23430,California
Tuolumne,2021-05-29,37,42638,7,10974,24,30991,6,673,16,3725,21,19727,22,23452,California
Tuolumne,2021-05-30,18,42656,1,10975,14,31005,3,676,4,3718,14,19741,7,23459,California
Tuolumne,2021-05-31,10,42666,2,10977,7,31012,1,677,2,3713,8,19749,3,23462,California
Tuolumne,2021-06-01,76,42742,21,10998,51,31063,4,681,23,3687,53,19802,27,23489,California
Tuolumne,2021-06-02,73,42815,7,11005,58,31121,8,689,23,3669,49,19851,31,23520,California
Tuolumne,2021-06-03,75,42890,25,11030,35,31156,15,704,23,3656,51,19902,38,23558,California
Tuolumne,2021-06-04,130,43020,62,11092,65,31221,3,707,37,3605,91,19993,40,23598,California
Tuolumne,2021-06-05,41,43061,11,11103,28,31249,2,709,17,3601,23,20016,19,23617,California
Tuolumne,2021-06-06,16,43077,4,11107,5,31254,7,716,4,3600,12,20028,11,23628,California
Tuolumne,2021-06-07,56,43133,13,11120,35,31289,8,724,23,3598,33,20061,31,23659,California
Tuolumne,2021-06-08,20,43153,4,11124,15,31304,1,725,5,3590,14,20075,6,23665,California
Ventura,2020-12-15,5,5,5,5,0,0,0,0,5,5,0,0,5,5,California
Ventura,2020-12-16,74,79,74,79,0,0,0,0,74,79,0,0,74,79,California
Ventura,2020-12-17,246,325,246,325,0,0,0,0,246,325,0,0,246,325,California
Ventura,2020-12-18,1416,1741,1416,1741,0,0,0,0,1416,1741,0,0,1416,1741,California
Ventura,2020-12-19,911,2652,911,2652,0,0,0,0,911,2652,0,0,911,2652,California
Ventura,2020-12-20,430,3082,430,3082,0,0,0,0,430,3082,0,0,430,3082,California
Ventura,2020-12-21,1467,4549,1467,4549,0,0,0,0,1467,4549,0,0,1467,4549,California
Ventura,2020-12-22,1107,5656,1103,5652,4,4,0,0,1107,5656,0,0,1107,5656,California
Ventura,2020-12-23,1037,6693,987,6639,50,54,0,0,1037,6693,0,0,1037,6693,California
Ventura,2020-12-24,476,7169,378,7017,98,152,0,0,476,7169,0,0,476,7169,California
Ventura,2020-12-25,12,7181,7,7024,5,157,0,0,12,7181,0,0,12,7181,California
Ventura,2020-12-26,116,7297,95,7119,21,178,0,0,116,7297,0,0,116,7297,California
Ventura,2020-12-27,60,7357,29,7148,31,209,0,0,60,7357,0,0,60,7357,California
Ventura,2020-12-28,1069,8426,929,8077,140,349,0,0,1069,8426,0,0,1069,8426,California
Ventura,2020-12-29,1178,9604,770,8847,408,757,0,0,1178,9604,0,0,1178,9604,California
Ventura,2020-12-30,1992,11596,1527,10374,465,1222,0,0,1992,11596,0,0,1992,11596,California
Ventura,2020-12-31,478,12074,163,10537,315,1537,0,0,478,12074,0,0,478,12074,California
Ventura,2021-01-01,33,12107,12,10549,21,1558,0,0,33,12107,0,0,33,12107,California
Ventura,2021-01-02,172,12279,77,10626,95,1653,0,0,172,12279,0,0,172,12279,California
Ventura,2021-01-03,17,12296,8,10634,9,1662,0,0,17,12296,0,0,17,12296,California
Ventura,2021-01-04,1096,13392,555,11189,541,2203,0,0,1095,13391,0,0,1095,13391,California
Ventura,2021-01-05,1377,14769,782,11971,595,2798,0,0,1333,14680,44,44,1333,14724,California
Ventura,2021-01-06,2054,16823,1174,13145,880,3678,0,0,1627,15891,418,462,1629,16353,California
Ventura,2021-01-07,2067,18890,1320,14465,747,4425,0,0,1181,16190,883,1345,1182,17535,California
Ventura,2021-01-08,2198,21088,1474,15939,724,5149,0,0,907,15809,1289,2634,908,18443,California
Ventura,2021-01-09,722,21810,499,16438,223,5372,0,0,318,15723,404,3038,318,18761,California
Ventura,2021-01-10,340,22150,323,16761,17,5389,0,0,127,15637,213,3251,127,18888,California
Ventura,2021-01-11,2439,24589,1492,18253,947,6336,0,0,1483,16168,956,4207,1487,20375,California
Ventura,2021-01-12,3042,27631,1609,19862,1433,7769,0,0,2012,17150,1030,5237,2012,22387,California
Ventura,2021-01-13,2940,30571,1438,21300,1502,9271,0,0,2048,18310,889,6126,2049,24436,California
Ventura,2021-01-14,2730,33301,1056,22356,1674,10945,0,0,2283,20148,446,6572,2284,26720,California
Ventura,2021-01-15,2889,36190,966,23322,1923,12868,0,0,2674,22608,215,6787,2675,29395,California
Ventura,2021-01-16,481,36671,186,23508,295,13163,0,0,402,22931,79,6866,402,29797,California
Ventura,2021-01-17,262,36933,142,23650,120,13283,0,0,254,23177,8,6874,254,30051,California
Ventura,2021-01-18,2211,39144,1667,25317,544,13827,0,0,1666,24301,544,7418,1668,31719,California
Ventura,2021-01-19,3046,42190,2126,27443,920,14747,0,0,2150,25558,896,8314,2153,33872,California
Ventura,2021-01-20,4086,46276,3142,30585,944,15691,0,0,3032,27540,1051,9365,3033,36905,California
Ventura,2021-01-21,3849,50125,2687,33272,1162,16853,0,0,3172,30040,674,10039,3174,40079,California
Ventura,2021-01-22,3591,53716,2479,35751,1112,17965,0,0,3425,33300,166,10205,3426,43505,California
Ventura,2021-01-23,1163,54879,638,36389,525,18490,0,0,1065,34270,97,10302,1067,44572,California
Ventura,2021-01-24,451,55330,134,36523,317,18807,0,0,438,34695,13,10315,438,45010,California
Ventura,2021-01-25,3142,58472,2023,38546,1119,19926,0,0,2587,36729,554,10869,2588,47598,California
Ventura,2021-01-26,3695,62167,2207,40753,1488,21414,0,0,2696,38428,998,11867,2697,50295,California
Ventura,2021-01-27,3451,65618,1551,42304,1900,23314,0,0,2704,40391,744,12611,2707,53002,California
Ventura,2021-01-28,3854,69472,1989,44293,1865,25179,0,0,3235,43024,604,13215,3237,56239,California
Ventura,2021-01-29,4256,73728,2519,46812,1737,26916,0,0,3758,46296,486,13701,3758,59997,California
Ventura,2021-01-30,3029,76757,1964,48776,1065,27981,0,0,2859,48990,166,13867,2860,62857,California
Ventura,2021-01-31,815,77572,432,49208,383,28364,0,0,729,49634,85,13952,729,63586,California
Ventura,2021-02-01,3958,81530,2114,51322,1844,30208,0,0,3179,52043,772,14724,3181,66767,California
Ventura,2021-02-02,4388,85918,2353,53675,2035,32243,0,0,3362,54385,1022,15746,3364,70131,California
Ventura,2021-02-03,4438,90356,2084,55759,2354,34597,0,0,3424,56801,1009,16755,3425,73556,California
Ventura,2021-02-04,4791,95147,2290,58049,2501,37098,0,0,3513,59048,1270,18025,3517,77073,California
Ventura,2021-02-05,4841,99988,2328,60377,2513,39611,0,0,3343,60908,1485,19510,3345,80418,California
Ventura,2021-02-06,2820,102808,1504,61881,1316,40927,0,0,2420,62929,399,19909,2420,82838,California
Ventura,2021-02-07,715,103523,241,62122,474,41401,0,0,586,63387,129,20038,587,83425,California
Ventura,2021-02-08,3524,107047,1643,63765,1881,43282,0,0,2441,64751,1078,21116,2442,85867,California
Ventura,2021-02-09,4710,111757,1969,65734,2741,46023,0,0,2456,64959,2251,23367,2459,88326,California
Ventura,2021-02-10,4696,116453,2225,67959,2471,48494,0,0,2381,65037,2304,25671,2382,90708,California
Ventura,2021-02-11,4657,121110,1866,69825,2791,51285,0,0,2440,65271,2209,27880,2443,93151,California
Ventura,2021-02-12,6292,127402,2651,72476,3641,54926,0,0,3222,65429,3064,30944,3222,96373,California
Ventura,2021-02-13,3285,130687,1821,74297,1464,56390,0,0,1836,65822,1445,32389,1838,98211,California
Ventura,2021-02-14,1213,131900,121,74418,1092,57482,0,0,1001,66612,212,32601,1002,99213,California
Ventura,2021-02-15,3978,135878,1790,76208,2188,59670,0,0,2113,66863,1862,34463,2113,101326,California
Ventura,2021-02-16,5536,141414,2698,78906,2838,62508,0,0,3004,67345,2522,36985,3004,104330,California
Ventura,2021-02-17,5281,146695,1909,80815,3372,65880,0,0,3330,68733,1942,38927,3330,107660,California
Ventura,2021-02-18,5772,152467,1825,82640,3947,69827,0,0,3637,70248,2122,41049,3637,111297,California
Ventura,2021-02-19,6462,158929,3758,86398,2704,72531,0,0,3008,69812,3447,44496,3011,114308,California
Ventura,2021-02-20,4925,163854,3167,89565,1758,74289,0,0,2762,70422,2156,46652,2766,117074,California
Ventura,2021-02-21,1091,164945,803,90368,288,74577,0,0,451,70238,635,47287,451,117525,California
Ventura,2021-02-22,5401,170346,2408,92776,2993,77570,0,0,3461,71771,1930,49217,3463,120988,California
Ventura,2021-02-23,5935,176281,2952,95728,2983,80553,0,0,3412,72680,2505,51722,3414,124402,California
Ventura,2021-02-24,7058,183339,2613,98341,4445,84998,0,0,4253,74146,2789,54511,4255,128657,California
Ventura,2021-02-25,7553,190892,2563,100904,4990,89988,0,0,4572,75752,2968,57479,4574,133231,California
Ventura,2021-02-26,9442,200334,2765,103669,6677,96665,0,0,6172,78683,3245,60724,6176,139407,California
Ventura,2021-02-27,10572,210906,5272,108941,5300,101965,0,0,7949,84037,2605,63329,7959,147366,California
Ventura,2021-02-28,2534,213440,1622,110563,911,102876,1,1,2072,85655,454,63783,2072,149438,California
Ventura,2021-03-01,7130,220570,2838,113401,4290,107166,2,3,4732,88020,2382,66165,4747,154185,California
Ventura,2021-03-02,7697,228267,4035,117436,3660,110826,2,5,5395,91124,2291,68456,5395,159580,California
Ventura,2021-03-03,8647,236914,3905,121341,4739,115565,3,8,6103,94707,2527,70983,6110,165690,California
Ventura,2021-03-04,8243,245157,3873,125214,4370,119935,0,8,5543,97568,2684,73667,5545,171235,California
Ventura,2021-03-05,10081,255238,4816,130030,5255,125190,10,18,7191,101903,2874,76541,7209,178444,California
Ventura,2021-03-06,7755,262993,4392,134422,3210,128400,153,171,5795,105901,1952,78493,5950,184394,California
Ventura,2021-03-07,1650,264643,613,135035,937,129337,100,271,1241,106833,409,78902,1341,185735,California
Ventura,2021-03-08,6838,271481,3439,138474,3244,132581,155,426,4728,109616,2103,81005,4886,190621,California
Ventura,2021-03-09,6839,278320,3016,141490,3627,136208,196,622,3969,110928,2857,83862,4169,194790,California
Ventura,2021-03-10,6998,285318,3013,144503,3746,139954,239,861,4679,113541,2304,86166,4917,199707,California
Ventura,2021-03-11,6518,291836,2890,147393,3315,143269,313,1174,3555,114458,2949,89115,3866,203573,California
Ventura,2021-03-12,8675,300511,3044,150437,4790,148059,841,2015,4249,115138,4409,93524,5089,208662,California
Ventura,2021-03-13,7243,307754,2506,152943,3900,151959,837,2852,4309,117360,2925,96449,5147,213809,California
Ventura,2021-03-14,2125,309879,477,153420,1149,153108,499,3351,715,117166,1409,97858,1215,215024,California
Ventura,2021-03-15,7066,316945,2045,155465,3674,156782,1347,4698,3123,117712,3920,101778,4466,219490,California
Ventura,2021-03-16,8111,325056,2455,157920,4544,161326,1112,5810,4175,119075,3922,105700,5285,224775,California
Ventura,2021-03-17,7700,332756,2769,160689,4584,165910,347,6157,4695,121136,2982,108682,5043,229818,California
Ventura,2021-03-18,7388,340144,3269,163958,3970,169880,149,6306,4821,123551,2554,111236,4969,234787,California
Ventura,2021-03-19,8631,348775,3781,167739,4739,174619,111,6417,5239,125531,3368,114604,5348,240135,California
Ventura,2021-03-20,8692,357467,5745,173484,2924,177543,23,6440,4433,125751,4237,118841,4457,244592,California
Ventura,2021-03-21,2786,360253,1518,175002,896,178439,372,6812,1314,125975,1458,120299,1682,246274,California
Ventura,2021-03-22,7412,367665,3689,178691,3620,182059,103,6915,4896,128479,2497,122796,5001,251275,California
Ventura,2021-03-23,8244,375909,3926,182617,4248,186307,70,6985,4631,129595,3584,126380,4700,255975,California
Ventura,2021-03-24,8926,384835,3407,186024,5443,191750,76,7061,4475,129727,4420,130800,4552,260527,California
Ventura,2021-03-25,8833,393668,3910,189934,4822,196572,101,7162,4476,129967,4337,135137,4577,265104,California
Ventura,2021-03-26,9927,403595,3367,193301,5905,202477,655,7817,3978,128680,5918,141055,4631,269735,California
Ventura,2021-03-27,8490,412085,3925,197226,4527,207004,38,7855,2411,125082,6048,147103,2450,272185,California
Ventura,2021-03-28,2526,414611,1420,198646,1098,208102,8,7863,1365,125300,1155,148258,1373,273558,California
Ventura,2021-03-29,8579,423190,4309,202955,4225,212327,45,7908,4264,125332,4286,152544,4318,277876,California
Ventura,2021-03-30,8994,432184,4465,207420,4401,216728,128,8036,4393,125266,4586,157130,4520,282396,California
Ventura,2021-03-31,10790,442974,4867,212287,5292,222020,631,8667,4674,124477,6092,163222,5303,287699,California
Ventura,2021-04-01,10845,453819,5282,217569,4683,226703,880,9547,5501,125546,5307,168529,6376,294075,California
Ventura,2021-04-02,11780,465599,4633,222202,5804,232507,1343,10890,5625,126395,6122,174651,6971,301046,California
Ventura,2021-04-03,8107,473706,4020,226222,2911,235418,1176,12066,3425,126318,4670,179321,4593,305639,California
Ventura,2021-04-04,1708,475414,956,227178,617,236035,135,12201,1144,127039,558,179879,1279,306918,California
Ventura,2021-04-05,9406,484820,4863,232041,3427,239462,1116,13317,4797,128351,4599,184478,5911,312829,California
Ventura,2021-04-06,10939,495759,5572,237613,3875,243337,1492,14809,5634,130196,5278,189756,7123,319952,California
Ventura,2021-04-07,11481,507240,5392,243005,4579,247916,1510,16319,5255,130752,6208,195964,6764,326716,California
Ventura,2021-04-08,10445,517685,5282,248287,4177,252093,986,17305,5211,131729,5213,201177,6190,332906,California
Ventura,2021-04-09,11314,528999,4367,252654,5224,257317,1723,19028,4941,132039,6348,207525,6658,339564,California
Ventura,2021-04-10,9563,538562,3885,256539,3518,260835,2160,21188,3139,130929,6404,213929,5294,344858,California
Ventura,2021-04-11,2447,541009,857,257396,1015,261850,575,21763,686,130445,1752,215681,1268,346126,California
Ventura,2021-04-12,9039,550048,4510,261906,3697,265547,832,22595,3779,129831,5241,220922,4627,350753,California
Ventura,2021-04-13,8876,558924,4502,266408,4368,269915,6,22601,3774,128551,5063,225985,3783,354536,California
Ventura,2021-04-14,8767,567691,4095,270503,4657,274572,15,22616,3366,126585,5365,231350,3399,357935,California
Ventura,2021-04-15,9356,577047,4537,275040,4795,279367,24,22640,4091,125465,5237,236587,4117,362052,California
Ventura,2021-04-16,10090,587137,4443,279483,5645,285012,2,22642,4762,124922,5311,241898,4768,366820,California
Ventura,2021-04-17,8758,595895,5321,284804,3425,288437,12,22654,5091,126373,3652,245550,5103,371923,California
Ventura,2021-04-18,2126,598021,1009,285813,1117,289554,0,22654,908,126069,1212,246762,908,372831,California
Ventura,2021-04-19,8059,606080,4838,290651,3219,292773,2,22656,4628,127289,3410,250172,4630,377461,California
Ventura,2021-04-20,9300,615380,4912,295563,4383,297156,5,22661,4366,126746,4914,255086,4371,381832,California
Ventura,2021-04-21,8921,624301,4571,300134,4345,301501,5,22666,4246,126337,4661,259747,4252,386084,California
Ventura,2021-04-22,10052,634353,5479,305613,4573,306074,0,22666,4467,125239,5566,265313,4468,390552,California
Ventura,2021-04-23,10848,645201,5381,310994,5466,311540,1,22667,5416,125251,5405,270718,5417,395969,California
Ventura,2021-04-24,10437,655638,5890,316884,4547,316087,0,22667,6139,127106,4285,275003,6140,402109,California
Ventura,2021-04-25,2461,658099,1697,318581,764,316851,0,22667,1147,126942,1311,276314,1147,403256,California
Ventura,2021-04-26,7875,665974,4501,323082,3307,320158,67,22734,3283,125722,4565,280879,3345,406601,California
Ventura,2021-04-27,8827,674801,4904,327986,3720,323878,203,22937,3338,123788,5473,286352,3539,410140,California
Ventura,2021-04-28,8303,683104,4822,332808,3165,327043,316,23253,3261,122346,5020,291372,3578,413718,California
Ventura,2021-04-29,7823,690927,4222,337030,3338,330381,263,23516,2797,120406,4999,296371,3059,416777,California
Ventura,2021-04-30,9380,700307,5439,342469,3668,334049,273,23789,3897,119116,5449,301820,4159,420936,California
Ventura,2021-05-01,5028,705335,3624,346093,1301,335350,103,23892,1948,118108,3058,304878,2050,422986,California
Ventura,2021-05-02,2119,707454,1421,347514,610,335960,88,23980,1028,118138,1087,305965,1117,424103,California
Ventura,2021-05-03,6247,713701,3864,351378,2103,338063,280,24260,1968,116123,4261,310226,2246,426349,California
Ventura,2021-05-04,6305,720006,3287,354665,2723,340786,295,24555,2308,114743,3983,314209,2603,428952,California
Ventura,2021-05-05,5316,725322,2966,357631,2091,342877,259,24814,1921,113547,3369,317578,2173,431125,California
Ventura,2021-05-06,6150,731472,3159,360790,2722,345599,269,25083,1979,111643,4153,321731,2249,433374,California
Ventura,2021-05-07,6756,738228,3377,364167,3108,348707,271,25354,2331,109848,4397,326128,2602,435976,California
Ventura,2021-05-08,5299,743527,4114,368281,1031,349738,154,25508,1220,107154,4066,330194,1372,437348,California
Ventura,2021-05-09,1040,744567,728,369009,267,350005,45,25553,394,106952,640,330834,438,437786,California
Ventura,2021-05-10,6068,750635,4069,373078,1790,351795,209,25762,1400,103902,4658,335492,1608,439394,California
Ventura,2021-05-11,5173,755808,3220,376298,1742,353537,211,25973,1514,101977,3649,339141,1724,441118,California
Ventura,2021-05-12,4895,760703,2848,379146,1837,355374,210,26183,1532,100372,3347,342488,1742,442860,California
Ventura,2021-05-13,5729,766432,3381,382527,2142,357516,206,26389,1949,98761,3767,346255,2156,445016,California
Ventura,2021-05-14,7244,773676,4459,386986,2582,360098,203,26592,2757,97250,4468,350723,2957,447973,California
Ventura,2021-05-15,6625,780301,5364,392350,1176,361274,85,26677,2837,96402,3771,354494,2923,450896,California
Ventura,2021-05-16,2157,782458,1669,394019,436,361710,52,26729,1025,96352,1127,355621,1077,451973,California
Ventura,2021-05-17,5836,788294,3548,397567,2074,363784,214,26943,2458,95663,3360,358981,2671,454644,California
Ventura,2021-05-18,5364,793658,3170,400737,2014,365798,180,27123,2220,94939,3124,362105,2400,457044,California
Ventura,2021-05-19,5797,799455,3519,404256,2068,367866,210,27333,2401,94176,3370,365475,2607,459651,California
Ventura,2021-05-20,4360,803815,2297,406553,1907,369773,156,27489,1776,93548,2557,368032,1929,461580,California
Ventura,2021-05-21,6894,810709,3815,410368,2906,372679,173,27662,2218,91294,4644,372676,2390,463970,California
Ventura,2021-05-22,4983,815692,2388,412756,2522,375201,73,27735,1538,89467,3438,376114,1611,465581,California
Ventura,2021-05-23,1412,817104,1135,413891,206,375407,71,27806,559,89246,851,376965,630,466211,California
Ventura,2021-05-24,4510,821614,2434,416325,1909,377316,167,27973,1458,87833,3035,380000,1622,467833,California
Ventura,2021-05-25,4268,825882,2209,418534,1909,379225,150,28123,1441,86614,2809,382809,1590,469423,California
Ventura,2021-05-26,4251,830133,2262,420796,1827,381052,162,28285,1662,85867,2572,385381,1825,471248,California
Ventura,2021-05-27,3806,833939,1854,422650,1828,382880,124,28409,1390,84978,2403,387784,1514,472762,California
Ventura,2021-05-28,4469,838408,2452,425102,1825,384705,192,28601,1980,84672,2475,390259,2169,474931,California
Ventura,2021-05-29,2139,840547,1335,426437,737,385442,67,28668,1053,84718,1074,391333,1120,476051,California
Ventura,2021-05-30,905,841452,581,427018,271,385713,53,28721,375,84618,528,391861,428,476479,California
Ventura,2021-05-31,255,841707,137,427155,109,385822,9,28730,60,84492,195,392056,69,476548,California
Ventura,2021-06-01,3908,845615,2262,429417,1481,387303,165,28895,1310,83385,2583,394639,1476,478024,California
Ventura,2021-06-02,2922,848537,1624,431041,1163,388466,135,29030,1036,82680,1876,396515,1171,479195,California
Ventura,2021-06-03,3179,851716,1980,433021,1061,389527,138,29168,1079,81806,2091,398606,1217,480412,California
Ventura,2021-06-04,4481,856197,2994,436015,1326,390853,161,29329,1496,80488,2975,401581,1657,482069,California
Ventura,2021-06-05,3777,859974,3156,439171,560,391413,61,29390,1159,79103,2605,404186,1220,483289,California
Ventura,2021-06-06,1242,861216,1056,440227,140,391553,46,29436,298,78512,933,405119,342,483631,California
Ventura,2021-06-07,2938,864154,2165,442392,677,392230,96,29532,916,77519,2005,407124,1012,484643,California
Ventura,2021-06-08,1326,865480,806,443198,440,392670,80,29612,419,77114,904,408028,499,485142,California
Yolo,2020-12-15,39,39,39,39,0,0,0,0,39,39,0,0,39,39,California
Yolo,2020-12-16,78,117,78,117,0,0,0,0,78,117,0,0,78,117,California
Yolo,2020-12-17,105,222,105,222,0,0,0,0,105,222,0,0,105,222,California
Yolo,2020-12-18,228,450,228,450,0,0,0,0,228,450,0,0,228,450,California
Yolo,2020-12-19,87,537,87,537,0,0,0,0,87,537,0,0,87,537,California
Yolo,2020-12-20,101,638,101,638,0,0,0,0,101,638,0,0,101,638,California
Yolo,2020-12-21,250,888,250,888,0,0,0,0,250,888,0,0,250,888,California
Yolo,2020-12-22,381,1269,380,1268,1,1,0,0,381,1269,0,0,381,1269,California
Yolo,2020-12-23,437,1706,417,1685,20,21,0,0,437,1706,0,0,437,1706,California
Yolo,2020-12-24,152,1858,95,1780,57,78,0,0,152,1858,0,0,152,1858,California
Yolo,2020-12-25,1,1859,1,1781,0,78,0,0,1,1859,0,0,1,1859,California
Yolo,2020-12-26,75,1934,25,1806,50,128,0,0,75,1934,0,0,75,1934,California
Yolo,2020-12-27,46,1980,19,1825,27,155,0,0,46,1980,0,0,46,1980,California
Yolo,2020-12-28,353,2333,180,2005,173,328,0,0,353,2333,0,0,353,2333,California
Yolo,2020-12-29,488,2821,268,2273,220,548,0,0,488,2821,0,0,488,2821,California
Yolo,2020-12-30,629,3450,259,2532,370,918,0,0,629,3450,0,0,629,3450,California
Yolo,2020-12-31,183,3633,94,2626,89,1007,0,0,183,3633,0,0,183,3633,California
Yolo,2021-01-01,57,3690,55,2681,2,1009,0,0,57,3690,0,0,57,3690,California
Yolo,2021-01-02,70,3760,27,2708,43,1052,0,0,70,3760,0,0,70,3760,California
Yolo,2021-01-03,45,3805,19,2727,26,1078,0,0,45,3805,0,0,45,3805,California
Yolo,2021-01-04,193,3998,43,2770,150,1228,0,0,190,3992,3,3,190,3995,California
Yolo,2021-01-05,614,4612,237,3007,377,1605,0,0,552,4482,62,65,552,4547,California
Yolo,2021-01-06,483,5095,183,3190,300,1905,0,0,345,4689,138,203,345,4892,California
Yolo,2021-01-07,712,5807,231,3421,481,2386,0,0,523,5024,188,391,523,5415,California
Yolo,2021-01-08,635,6442,312,3733,323,2709,0,0,412,5214,222,613,412,5827,California
Yolo,2021-01-09,415,6857,70,3803,345,3054,0,0,369,5537,46,659,369,6196,California
Yolo,2021-01-10,399,7256,79,3882,320,3374,0,0,330,5798,69,728,330,6526,California
Yolo,2021-01-11,564,7820,324,4206,240,3614,0,0,292,5820,272,1000,294,6820,California
Yolo,2021-01-12,486,8306,367,4573,119,3733,0,0,179,5693,307,1307,180,7000,California
Yolo,2021-01-13,767,9073,311,4884,456,4189,0,0,516,5958,251,1558,516,7516,California
Yolo,2021-01-14,382,9455,183,5067,199,4388,0,0,278,6132,104,1662,278,7794,California
Yolo,2021-01-15,631,10086,324,5391,307,4695,0,0,549,6600,82,1744,550,8344,California
Yolo,2021-01-16,742,10828,94,5485,648,5343,0,0,711,7280,31,1775,711,9055,California
Yolo,2021-01-17,190,11018,117,5602,73,5416,0,0,184,7458,6,1781,184,9239,California
Yolo,2021-01-18,484,11502,305,5907,179,5595,0,0,380,7734,104,1885,380,9619,California
Yolo,2021-01-19,558,12060,372,6279,186,5781,0,0,385,7946,173,2058,385,10004,California
Yolo,2021-01-20,661,12721,381,6660,280,6061,0,0,475,8236,185,2243,475,10479,California
Yolo,2021-01-21,647,13368,384,7044,263,6324,0,0,461,8511,186,2429,461,10940,California
Yolo,2021-01-22,750,14118,251,7295,499,6823,0,0,633,9029,115,2544,633,11573,California
Yolo,2021-01-23,616,14734,123,7418,493,7316,0,0,568,9549,48,2592,568,12141,California
Yolo,2021-01-24,208,14942,123,7541,85,7401,0,0,167,9675,41,2633,167,12308,California
Yolo,2021-01-25,733,15675,157,7698,576,7977,0,0,511,9964,222,2855,511,12819,California
Yolo,2021-01-26,827,16502,327,8025,500,8477,0,0,431,9999,396,3251,431,13250,California
Yolo,2021-01-27,554,17056,220,8245,334,8811,0,0,379,10203,175,3426,379,13629,California
Yolo,2021-01-28,1051,18107,565,8810,486,9297,0,0,926,11005,124,3550,926,14555,California
Yolo,2021-01-29,903,19010,268,9078,635,9932,0,0,817,11737,85,3635,817,15372,California
Yolo,2021-01-30,1528,20538,928,10006,600,10532,0,0,1406,13027,116,3751,1406,16778,California
Yolo,2021-01-31,239,20777,200,10206,39,10571,0,0,212,13213,26,3777,212,16990,California
Yolo,2021-02-01,849,21626,364,10570,485,11056,0,0,614,13596,231,4008,614,17604,California
Yolo,2021-02-02,1339,22965,755,11325,584,11640,0,0,930,14118,409,4417,931,18535,California
Yolo,2021-02-03,1524,24489,397,11722,1127,12767,0,0,1185,14967,336,4753,1185,19720,California
Yolo,2021-02-04,1789,26278,281,12003,1508,14275,0,0,1236,15662,542,5295,1237,20957,California
Yolo,2021-02-05,1596,27874,908,12911,688,14963,0,0,1195,16458,400,5695,1196,22153,California
Yolo,2021-02-06,1943,29817,1266,14177,677,15640,0,0,1577,17670,366,6061,1578,23731,California
Yolo,2021-02-07,525,30342,248,14425,277,15917,0,0,169,17484,355,6416,169,23900,California
Yolo,2021-02-08,949,31291,331,14756,618,16535,0,0,603,17744,343,6759,603,24503,California
Yolo,2021-02-09,859,32150,389,15145,470,17005,0,0,574,18033,285,7044,574,25077,California
Yolo,2021-02-10,1466,33616,481,15626,985,17990,0,0,825,18219,641,7685,827,25904,California
Yolo,2021-02-11,1581,35197,811,16437,770,18760,0,0,1186,19010,395,8080,1186,27090,California
Yolo,2021-02-12,1923,37120,762,17199,1161,19921,0,0,1446,19983,473,8553,1446,28536,California
Yolo,2021-02-13,2056,39176,712,17911,1344,21265,0,0,1386,20699,670,9223,1386,29922,California
Yolo,2021-02-14,569,39745,152,18063,417,21682,0,0,441,21013,127,9350,441,30363,California
Yolo,2021-02-15,535,40280,194,18257,341,22023,0,0,266,21011,269,9619,267,30630,California
Yolo,2021-02-16,1131,41411,425,18682,706,22729,0,0,809,21499,322,9941,810,31440,California
Yolo,2021-02-17,1392,42803,701,19383,691,23420,0,0,996,22099,396,10337,996,32436,California
Yolo,2021-02-18,2489,45292,812,20195,1677,25097,0,0,1717,23046,771,11108,1718,34154,California
Yolo,2021-02-19,1754,47046,751,20946,1003,26100,0,0,1130,23554,622,11730,1130,35284,California
Yolo,2021-02-20,2460,49506,957,21903,1503,27603,0,0,1374,23848,1081,12811,1375,36659,California
Yolo,2021-02-21,286,49792,225,22128,61,27664,0,0,74,23711,211,13022,74,36733,California
Yolo,2021-02-22,1369,51161,599,22727,770,28434,0,0,695,23733,673,13695,695,37428,California
Yolo,2021-02-23,1147,52308,856,23583,291,28725,0,0,444,23476,701,14396,444,37872,California
Yolo,2021-02-24,2090,54398,593,24176,1497,30222,0,0,1382,24152,706,15102,1382,39254,California
Yolo,2021-02-25,1395,55793,487,24663,908,31130,0,0,922,24602,472,15574,922,40176,California
Yolo,2021-02-26,2625,58418,1028,25691,1597,32727,0,0,1384,24748,1238,16812,1384,41560,California
Yolo,2021-02-27,1686,60104,786,26477,900,33627,0,0,1229,25520,457,17269,1229,42789,California
Yolo,2021-02-28,1838,61942,1537,28014,301,33928,0,0,720,25125,1116,18385,721,43510,California
Yolo,2021-03-01,1132,63074,374,28388,758,34686,0,0,682,25359,448,18833,682,44192,California
Yolo,2021-03-02,1477,64551,697,29085,780,35466,0,0,944,25770,533,19366,944,45136,California
Yolo,2021-03-03,1857,66408,638,29723,1219,36685,0,0,832,25579,1023,20389,832,45968,California
Yolo,2021-03-04,2923,69331,1477,31200,1446,38131,0,0,1567,25793,1353,21742,1567,47535,California
Yolo,2021-03-05,2361,71692,1412,32612,938,39069,11,11,1470,26385,889,22631,1481,49016,California
Yolo,2021-03-06,1495,73187,1144,33756,322,39391,29,40,851,26623,642,23273,880,49896,California
Yolo,2021-03-07,916,74103,680,34436,222,39613,14,54,784,27289,132,23405,798,50694,California
Yolo,2021-03-08,1097,75200,490,34926,564,40177,43,97,763,27764,332,23737,807,51501,California
Yolo,2021-03-09,1272,76472,682,35608,527,40704,63,160,780,28117,490,24227,843,52344,California
Yolo,2021-03-10,1817,78289,1062,36670,465,41169,290,450,752,28091,1061,25288,1035,53379,California
Yolo,2021-03-11,2349,80638,1609,38279,672,41841,68,518,1609,29030,739,26027,1678,55057,California
Yolo,2021-03-12,2909,83547,1355,39634,1473,43314,81,599,1373,28957,1528,27555,1455,56512,California
Yolo,2021-03-13,1848,85395,731,40365,941,44255,176,775,1002,29292,843,28398,1178,57690,California
Yolo,2021-03-14,1016,86411,208,40573,660,44915,148,923,536,29491,479,28877,678,58368,California
Yolo,2021-03-15,1324,87735,772,41345,370,45285,182,1105,710,29768,612,29489,889,59257,California
Yolo,2021-03-16,1879,89614,720,42065,1087,46372,72,1177,1111,30183,768,30257,1183,60440,California
Yolo,2021-03-17,2511,92125,980,43045,1459,47831,72,1249,1722,31223,786,31043,1826,62266,California
Yolo,2021-03-18,3031,95156,1039,44084,1770,49601,222,1471,1260,30937,1767,32810,1481,63747,California
Yolo,2021-03-19,2098,97254,874,44958,1156,50757,68,1539,1091,31096,1000,33810,1159,64906,California
Yolo,2021-03-20,2779,100033,822,45780,1914,52671,43,1582,1096,30560,1677,35487,1141,66047,California
Yolo,2021-03-21,318,100351,215,45995,95,52766,8,1590,208,30667,109,35596,216,66263,California
Yolo,2021-03-22,1408,101759,490,46485,857,53623,61,1651,919,31160,486,36082,979,67242,California
Yolo,2021-03-23,1741,103500,937,47422,746,54369,58,1709,1066,31609,674,36756,1123,68365,California
Yolo,2021-03-24,2882,106382,1410,48832,1422,55791,50,1759,1405,31600,1465,38221,1456,69821,California
Yolo,2021-03-25,2552,108934,1415,50247,1109,56900,28,1787,1251,31589,1290,39511,1279,71100,California
Yolo,2021-03-26,2390,111324,1256,51503,1115,58015,19,1806,1018,31260,1365,40876,1036,72136,California
Yolo,2021-03-27,1657,112981,463,51966,1176,59191,18,1824,752,31126,904,41780,770,72906,California
Yolo,2021-03-28,1107,114088,865,52831,224,59415,18,1842,249,30539,853,42633,266,73172,California
Yolo,2021-03-29,2013,116101,819,53650,1164,60579,30,1872,961,30482,1048,43681,991,74163,California
Yolo,2021-03-30,2278,118379,1085,54735,1171,61750,22,1894,1168,30567,1105,44786,1190,75353,California
Yolo,2021-03-31,2357,120736,1229,55964,1092,62842,36,1930,1193,30633,1163,45949,1229,76582,California
Yolo,2021-04-01,3850,124586,1862,57826,1514,64356,474,2404,1614,30487,2233,48182,2087,78669,California
Yolo,2021-04-02,3396,127982,1519,59345,1730,66086,147,2551,2107,31458,1283,49465,2254,80923,California
Yolo,2021-04-03,1823,129805,1098,60443,504,66590,221,2772,813,31483,1009,50474,1034,81957,California
Yolo,2021-04-04,395,130200,156,60599,178,66768,61,2833,146,31441,249,50723,207,82164,California
Yolo,2021-04-05,1929,132129,742,61341,1087,67855,100,2933,1021,31660,903,51626,1122,83286,California
Yolo,2021-04-06,2581,134710,1320,62661,1092,68947,169,3102,1304,31866,1268,52894,1474,84760,California
Yolo,2021-04-07,2990,137700,1524,64185,1109,70056,357,3459,1926,33095,1058,53952,2287,87047,California
Yolo,2021-04-08,2423,140123,1007,65192,942,70998,474,3933,1025,33195,1395,55347,1495,88542,California
Yolo,2021-04-09,2579,142702,920,66112,1089,72087,570,4503,850,32882,1726,57073,1413,89955,California
Yolo,2021-04-10,1759,144461,828,66940,749,72836,182,4685,1039,33385,717,57790,1220,91175,California
Yolo,2021-04-11,915,145376,286,67226,575,73411,54,4739,372,33271,540,58330,426,91601,California
Yolo,2021-04-12,1766,147142,522,67748,1102,74513,142,4881,1098,33846,665,58995,1240,92841,California
Yolo,2021-04-13,1983,149125,915,68663,1068,75581,0,4881,1046,33956,936,59931,1046,93887,California
Yolo,2021-04-14,2782,151907,766,69429,2016,77597,0,4881,1369,33918,1408,61339,1370,95257,California
Yolo,2021-04-15,3330,155237,1139,70568,2191,79788,0,4881,2289,35173,1036,62375,2291,97548,California
Yolo,2021-04-16,3042,158279,1968,72536,1074,80862,0,4881,1943,36023,1093,63468,1943,99491,California
Yolo,2021-04-17,1606,159885,470,73006,1136,81998,0,4881,834,36088,769,64237,834,100325,California
Yolo,2021-04-18,629,160514,301,73307,328,82326,0,4881,351,36165,274,64511,351,100676,California
Yolo,2021-04-19,1669,162183,714,74021,954,83280,1,4882,765,36032,899,65410,766,101442,California
Yolo,2021-04-20,2006,164189,1018,75039,988,84268,0,4882,1076,36180,928,66338,1076,102518,California
Yolo,2021-04-21,1980,166169,985,76024,995,85263,0,4882,1071,36347,904,67242,1071,103589,California
Yolo,2021-04-22,1942,168111,879,76903,1063,86326,0,4882,964,36339,973,68215,965,104554,California
Yolo,2021-04-23,2615,170726,1531,78434,1084,87410,0,4882,1164,36063,1440,69655,1164,105718,California
Yolo,2021-04-24,1165,171891,644,79078,519,87929,2,4884,461,35829,697,70352,463,106181,California
Yolo,2021-04-25,951,172842,410,79488,541,88470,0,4884,731,36341,219,70571,731,106912,California
Yolo,2021-04-26,1224,174066,482,79970,739,89209,3,4887,523,36170,698,71269,527,107439,California
Yolo,2021-04-27,1522,175588,719,80689,792,90001,11,4898,597,35855,925,72194,610,108049,California
Yolo,2021-04-28,2048,177636,1010,81699,1011,91012,27,4925,742,35322,1302,73496,769,108818,California
Yolo,2021-04-29,1753,179389,817,82516,854,91866,82,5007,693,35039,1057,74553,774,109592,California
Yolo,2021-04-30,2007,181396,990,83506,959,92825,58,5065,957,35010,1043,75596,1014,110606,California
Yolo,2021-05-01,1288,182684,998,84504,270,93095,20,5085,378,34499,909,76505,398,111004,California
Yolo,2021-05-02,523,183207,430,84934,70,93165,23,5108,326,34651,197,76702,349,111353,California
Yolo,2021-05-03,1121,184328,407,85341,681,93846,33,5141,300,34164,819,77521,332,111685,California
Yolo,2021-05-04,1452,185780,675,86016,754,94600,23,5164,503,33745,945,78466,526,112211,California
Yolo,2021-05-05,1554,187334,426,86442,1063,95663,65,5229,444,33151,1103,79569,509,112720,California
Yolo,2021-05-06,1502,188836,702,87144,719,96382,81,5310,490,32722,1000,80569,571,113291,California
Yolo,2021-05-07,2317,191153,1395,88539,871,97253,51,5361,466,31394,1843,82412,515,113806,California
Yolo,2021-05-08,844,191997,363,88902,424,97677,57,5418,315,31239,526,82938,371,114177,California
Yolo,2021-05-09,393,192390,162,89064,218,97895,13,5431,90,31040,302,83240,103,114280,California
Yolo,2021-05-10,898,193288,353,89417,500,98395,45,5476,151,30490,745,83985,195,114475,California
Yolo,2021-05-11,1125,194413,652,90069,452,98847,21,5497,274,29937,848,84833,295,114770,California
Yolo,2021-05-12,1551,195964,692,90761,829,99676,30,5527,308,29038,1240,86073,341,115111,California
Yolo,2021-05-13,2107,198071,818,91579,1237,100913,52,5579,619,28225,1484,87557,671,115782,California
Yolo,2021-05-14,2036,200107,1519,93098,486,101399,31,5610,1159,28541,874,88431,1190,116972,California
Yolo,2021-05-15,1244,201351,704,93802,493,101892,47,5657,641,28626,603,89034,688,117660,California
Yolo,2021-05-16,1411,202762,1199,95001,206,102098,6,5663,987,29201,418,89452,993,118653,California
Yolo,2021-05-17,1083,203845,393,95394,671,102769,19,5682,319,28779,760,90212,338,118991,California
Yolo,2021-05-18,1688,205533,1107,96501,562,103331,19,5701,918,28951,765,90977,937,119928,California
Yolo,2021-05-19,996,206529,582,97083,378,103709,36,5737,487,28967,507,91484,523,120451,California
Yolo,2021-05-20,936,207465,622,97705,292,104001,22,5759,355,28769,575,92059,377,120828,California
Yolo,2021-05-21,1302,208767,887,98592,396,104397,19,5778,331,28151,966,93025,348,121176,California
Yolo,2021-05-22,745,209512,483,99075,255,104652,7,5785,274,27964,468,93493,281,121457,California
Yolo,2021-05-23,551,210063,116,99191,421,105073,14,5799,96,27620,454,93947,110,121567,California
Yolo,2021-05-24,704,210767,347,99538,338,105411,19,5818,218,27375,483,94430,238,121805,California
Yolo,2021-05-25,879,211646,509,100047,348,105759,22,5840,344,27212,529,94959,366,122171,California
Yolo,2021-05-26,799,212445,258,100305,509,106268,32,5872,246,26941,549,95508,278,122449,California
Yolo,2021-05-27,757,213202,379,100684,327,106595,51,5923,303,26845,450,95958,354,122803,California
Yolo,2021-05-28,865,214067,393,101077,444,107039,28,5951,369,26749,492,96450,396,123199,California
Yolo,2021-05-29,593,214660,342,101419,214,107253,37,5988,272,26737,319,96769,307,123506,California
Yolo,2021-05-30,127,214787,70,101489,51,107304,6,5994,54,26726,71,96840,60,123566,California
Yolo,2021-05-31,68,214855,18,101507,48,107352,2,5996,16,26691,52,96892,17,123583,California
Yolo,2021-06-01,748,215603,321,101828,402,107754,25,6021,256,26486,486,97378,281,123864,California
Yolo,2021-06-02,757,216360,302,102130,434,108188,21,6042,239,26231,515,97893,260,124124,California
Yolo,2021-06-03,923,217283,593,102723,307,108495,23,6065,228,25790,692,98585,251,124375,California
Yolo,2021-06-04,1484,218767,1218,103941,245,108740,21,6086,377,25085,1103,99688,398,124773,California
Yolo,2021-06-05,713,219480,546,104487,151,108891,16,6102,170,24729,541,100229,185,124958,California
Yolo,2021-06-06,1108,220588,1041,105528,59,108950,8,6110,181,23992,926,101155,189,125147,California
Yolo,2021-06-07,514,221102,272,105800,218,109168,24,6134,169,23842,341,101496,191,125338,California
Yolo,2021-06-08,793,221895,668,106468,117,109285,8,6142,119,23295,674,102170,127,125465,California
Yuba,2020-12-16,4,4,4,4,0,0,0,0,4,4,0,0,4,4,California
Yuba,2020-12-17,4,8,4,8,0,0,0,0,4,8,0,0,4,8,California
Yuba,2020-12-18,8,16,8,16,0,0,0,0,8,16,0,0,8,16,California
Yuba,2020-12-19,12,28,12,28,0,0,0,0,12,28,0,0,12,28,California
Yuba,2020-12-20,19,47,19,47,0,0,0,0,19,47,0,0,19,47,California
Yuba,2020-12-21,40,87,40,87,0,0,0,0,40,87,0,0,40,87,California
Yuba,2020-12-22,86,173,86,173,0,0,0,0,86,173,0,0,86,173,California
Yuba,2020-12-23,65,238,63,236,2,2,0,0,65,238,0,0,65,238,California
Yuba,2020-12-24,20,258,10,246,10,12,0,0,20,258,0,0,20,258,California
Yuba,2020-12-26,14,272,13,259,1,13,0,0,14,272,0,0,14,272,California
Yuba,2020-12-27,15,287,15,274,0,13,0,0,15,287,0,0,15,287,California
Yuba,2020-12-28,50,337,34,308,16,29,0,0,50,337,0,0,50,337,California
Yuba,2020-12-29,76,413,10,318,66,95,0,0,76,413,0,0,76,413,California
Yuba,2020-12-30,66,479,21,339,45,140,0,0,66,479,0,0,66,479,California
Yuba,2020-12-31,37,516,6,345,31,171,0,0,37,516,0,0,37,516,California
Yuba,2021-01-02,23,539,22,367,1,172,0,0,23,539,0,0,23,539,California
Yuba,2021-01-03,10,549,6,373,4,176,0,0,10,549,0,0,10,549,California
Yuba,2021-01-04,93,642,23,396,70,246,0,0,93,642,0,0,93,642,California
Yuba,2021-01-05,71,713,38,434,33,279,0,0,70,711,1,1,70,712,California
Yuba,2021-01-06,154,867,76,510,78,357,0,0,148,853,6,7,148,860,California
Yuba,2021-01-07,75,942,19,529,56,413,0,0,72,921,4,11,72,932,California
Yuba,2021-01-08,73,1015,24,553,49,462,0,0,66,980,7,18,66,998,California
Yuba,2021-01-09,18,1033,16,569,2,464,0,0,10,982,8,26,10,1008,California
Yuba,2021-01-10,117,1150,22,591,95,559,0,0,95,1055,22,48,95,1103,California
Yuba,2021-01-11,72,1222,50,641,22,581,0,0,32,1047,40,88,32,1135,California
Yuba,2021-01-12,107,1329,78,719,29,610,0,0,42,1024,65,153,42,1177,California
Yuba,2021-01-13,119,1448,72,791,47,657,0,0,54,1014,64,217,54,1231,California
Yuba,2021-01-14,112,1560,43,834,69,726,0,0,100,1102,12,229,100,1331,California
Yuba,2021-01-15,202,1762,87,921,115,841,0,0,191,1282,11,240,191,1522,California
Yuba,2021-01-16,186,1948,21,942,165,1006,0,0,173,1442,13,253,173,1695,California
Yuba,2021-01-17,13,1961,9,951,4,1010,0,0,7,1443,6,259,7,1702,California
Yuba,2021-01-18,61,2022,31,982,30,1040,0,0,37,1456,24,283,37,1739,California
Yuba,2021-01-19,82,2104,32,1014,50,1090,0,0,66,1506,16,299,66,1805,California
Yuba,2021-01-20,135,2239,87,1101,48,1138,0,0,112,1595,23,322,112,1917,California
Yuba,2021-01-21,215,2454,98,1199,117,1255,0,0,207,1794,8,330,207,2124,California
Yuba,2021-01-22,104,2558,6,1205,98,1353,0,0,95,1880,9,339,95,2219,California
Yuba,2021-01-23,201,2759,7,1212,194,1547,0,0,199,2077,2,341,199,2418,California
Yuba,2021-01-24,10,2769,7,1219,3,1550,0,0,8,2083,2,343,8,2426,California
Yuba,2021-01-25,86,2855,30,1249,56,1606,0,0,53,2104,32,375,53,2479,California
Yuba,2021-01-26,148,3003,39,1288,109,1715,0,0,90,2136,58,433,90,2569,California
Yuba,2021-01-27,186,3189,130,1418,56,1771,0,0,117,2184,69,502,117,2686,California
Yuba,2021-01-28,225,3414,89,1507,136,1907,0,0,173,2305,52,554,173,2859,California
Yuba,2021-01-29,152,3566,46,1553,106,2013,0,0,113,2379,39,593,113,2972,California
Yuba,2021-01-30,414,3980,23,1576,391,2404,0,0,403,2771,11,604,403,3375,California
Yuba,2021-01-31,18,3998,12,1588,6,2410,0,0,16,2785,2,606,16,3391,California
Yuba,2021-02-01,156,4154,75,1663,81,2491,0,0,131,2893,24,630,132,3523,California
Yuba,2021-02-02,123,4277,21,1684,102,2593,0,0,101,2972,22,652,101,3624,California
Yuba,2021-02-03,227,4504,30,1714,197,2790,0,0,115,2976,111,763,115,3739,California
Yuba,2021-02-04,294,4798,118,1832,176,2966,0,0,250,3182,44,807,250,3989,California
Yuba,2021-02-05,150,4948,33,1865,117,3083,0,0,73,3178,77,884,73,4062,California
Yuba,2021-02-06,448,5396,23,1888,425,3508,0,0,441,3612,7,891,441,4503,California
Yuba,2021-02-07,19,5415,13,1901,6,3514,0,0,15,3623,4,895,15,4518,California
Yuba,2021-02-08,97,5512,37,1938,60,3574,0,0,68,3662,29,924,68,4586,California
Yuba,2021-02-09,155,5667,57,1995,98,3672,0,0,86,3679,69,993,86,4672,California
Yuba,2021-02-10,361,6028,175,2170,186,3858,0,0,120,3559,240,1233,120,4792,California
Yuba,2021-02-11,398,6426,66,2236,332,4190,0,0,301,3765,95,1328,301,5093,California
Yuba,2021-02-12,264,6690,26,2262,238,4428,0,0,151,3803,113,1441,151,5244,California
Yuba,2021-02-13,434,7124,35,2297,399,4827,0,0,383,4135,51,1492,383,5627,California
Yuba,2021-02-14,51,7175,10,2307,41,4868,0,0,46,4176,5,1497,46,5673,California
Yuba,2021-02-15,88,7263,36,2343,52,4920,0,0,68,4224,20,1517,68,5741,California
Yuba,2021-02-16,199,7462,52,2395,147,5067,0,0,140,4306,58,1575,140,5881,California
Yuba,2021-02-17,380,7842,157,2552,223,5290,0,0,102,4131,277,1852,102,5983,California
Yuba,2021-02-18,314,8156,48,2600,266,5556,0,0,192,4201,122,1974,192,6175,California
Yuba,2021-02-19,226,8382,82,2682,144,5700,0,0,142,4259,84,2058,142,6317,California
Yuba,2021-02-20,391,8773,30,2712,361,6061,0,0,337,4542,54,2112,337,6654,California
Yuba,2021-02-21,17,8790,14,2726,3,6064,0,0,7,4539,10,2122,7,6661,California
Yuba,2021-02-22,128,8918,79,2805,49,6113,0,0,39,4490,88,2210,39,6700,California
Yuba,2021-02-23,116,9034,26,2831,90,6203,0,0,49,4473,66,2276,49,6749,California
Yuba,2021-02-24,485,9519,137,2968,348,6551,0,0,106,4200,379,2655,106,6855,California
Yuba,2021-02-25,340,9859,136,3104,204,6755,0,0,215,4290,125,2780,215,7070,California
Yuba,2021-02-26,264,10123,71,3175,193,6948,0,0,147,4322,115,2895,147,7217,California
Yuba,2021-02-27,470,10593,46,3221,424,7372,0,0,384,4622,84,2979,384,7601,California
Yuba,2021-02-28,69,10662,21,3242,48,7420,0,0,48,4649,21,3000,48,7649,California
Yuba,2021-03-01,161,10823,44,3286,117,7537,0,0,80,4649,80,3080,80,7729,California
Yuba,2021-03-02,163,10986,37,3323,126,7663,0,0,82,4650,81,3161,82,7811,California
Yuba,2021-03-03,631,11617,159,3482,472,8135,0,0,203,4426,427,3588,203,8014,California
Yuba,2021-03-04,471,12088,272,3754,199,8334,0,0,326,4608,144,3732,326,8340,California
Yuba,2021-03-05,320,12408,58,3812,261,8595,1,1,253,4795,67,3799,254,8594,California
Yuba,2021-03-06,474,12882,33,3845,437,9032,4,5,368,5062,105,3904,372,8966,California
Yuba,2021-03-07,52,12934,28,3873,23,9055,1,6,38,5087,14,3918,39,9005,California
Yuba,2021-03-08,161,13095,50,3923,95,9150,16,22,100,5142,61,3979,116,9121,California
Yuba,2021-03-09,176,13271,45,3968,111,9261,20,42,83,5152,93,4072,103,9224,California
Yuba,2021-03-10,741,14012,235,4203,476,9737,30,72,232,4906,508,4580,262,9486,California
Yuba,2021-03-11,440,14452,196,4399,231,9968,13,85,294,5067,146,4726,307,9793,California
Yuba,2021-03-12,462,14914,84,4483,324,10292,54,139,152,4963,310,5036,206,9999,California
Yuba,2021-03-13,459,15373,342,4825,102,10394,15,154,362,5244,96,5132,377,10376,California
Yuba,2021-03-14,107,15480,20,4845,77,10471,10,164,48,5244,58,5190,58,10434,California
Yuba,2021-03-15,193,15673,51,4896,126,10597,16,180,100,5267,93,5283,116,10550,California
Yuba,2021-03-16,299,15972,73,4969,202,10799,24,204,184,5361,114,5397,208,10758,California
Yuba,2021-03-17,748,16720,166,5135,552,11351,30,234,198,5041,548,5945,228,10986,California
Yuba,2021-03-18,583,17303,158,5293,310,11661,115,349,354,5280,229,6174,468,11454,California
Yuba,2021-03-19,330,17633,119,5412,161,11822,50,399,187,5375,142,6316,237,11691,California
Yuba,2021-03-20,559,18192,82,5494,460,12282,17,416,479,5792,79,6395,496,12187,California
Yuba,2021-03-21,62,18254,36,5530,26,12308,0,416,49,5828,13,6408,49,12236,California
Yuba,2021-03-22,194,18448,72,5602,115,12423,7,423,152,5945,42,6450,159,12395,California
Yuba,2021-03-23,266,18714,79,5681,159,12582,28,451,178,6065,86,6536,206,12601,California
Yuba,2021-03-24,768,19482,257,5938,432,13014,79,530,188,5754,578,7114,267,12868,California
Yuba,2021-03-25,511,19993,271,6209,218,13232,22,552,255,5775,256,7370,277,13145,California
Yuba,2021-03-26,397,20390,141,6350,227,13459,29,581,225,5858,171,7541,254,13399,California
Yuba,2021-03-27,460,20850,29,6379,428,13887,3,584,406,6213,53,7594,408,13807,California
Yuba,2021-03-28,101,20951,42,6421,55,13942,4,588,34,6184,67,7661,38,13845,California
Yuba,2021-03-29,298,21249,88,6509,178,14120,32,620,182,6282,116,7777,214,14059,California
Yuba,2021-03-30,276,21525,67,6576,201,14321,8,628,190,6394,86,7863,198,14257,California
Yuba,2021-03-31,678,22203,113,6689,553,14874,12,640,242,6214,434,8297,254,14511,California
Yuba,2021-04-01,623,22826,288,6977,307,15181,28,668,291,6201,332,8629,319,14830,California
Yuba,2021-04-02,503,23329,96,7073,323,15504,84,752,187,6156,315,8944,270,15100,California
Yuba,2021-04-03,657,23986,56,7129,117,15621,484,1236,88,6160,568,9512,572,15672,California
Yuba,2021-04-04,62,24048,11,7140,44,15665,7,1243,33,6171,29,9541,40,15712,California
Yuba,2021-04-05,250,24298,84,7224,145,15810,21,1264,126,6195,122,9663,146,15858,California
Yuba,2021-04-06,353,24651,113,7337,179,15989,61,1325,170,6243,182,9845,230,16088,California
Yuba,2021-04-07,790,25441,409,7746,327,16316,54,1379,358,6225,429,10274,411,16499,California
Yuba,2021-04-08,752,26193,293,8039,194,16510,265,1644,280,6299,471,10745,545,17044,California
Yuba,2021-04-09,407,26600,171,8210,168,16678,68,1712,171,6303,235,10980,239,17283,California
Yuba,2021-04-10,599,27199,72,8282,78,16756,449,2161,71,6296,526,11506,519,17802,California
Yuba,2021-04-11,109,27308,28,8310,69,16825,12,2173,47,6294,61,11567,59,17861,California
Yuba,2021-04-12,213,27521,46,8356,137,16962,30,2203,79,6270,133,11700,109,17970,California
Yuba,2021-04-13,400,27921,103,8459,297,17259,0,2203,203,6277,196,11896,203,18173,California
Yuba,2021-04-14,706,28627,110,8569,596,17855,0,2203,123,5822,581,12477,126,18299,California
Yuba,2021-04-15,343,28970,133,8702,210,18065,0,2203,151,5781,192,12669,151,18450,California
Yuba,2021-04-16,335,29305,96,8798,239,18304,0,2203,178,5803,156,12825,178,18628,California
Yuba,2021-04-17,407,29712,60,8858,347,18651,0,2203,333,6063,73,12898,333,18961,California
Yuba,2021-04-18,55,29767,10,8868,45,18696,0,2203,25,6058,30,12928,25,18986,California
Yuba,2021-04-19,249,30016,105,8973,144,18840,0,2203,104,6017,145,13073,104,19090,California
Yuba,2021-04-20,321,30337,81,9054,240,19080,0,2203,180,6058,140,13213,181,19271,California
Yuba,2021-04-21,698,31035,279,9333,419,19499,0,2203,295,5950,403,13616,295,19566,California
Yuba,2021-04-22,359,31394,138,9471,221,19720,0,2203,203,5997,156,13772,203,19769,California
Yuba,2021-04-23,352,31746,115,9586,237,19957,0,2203,167,5981,183,13955,167,19936,California
Yuba,2021-04-24,214,31960,67,9653,147,20104,0,2203,120,6007,94,14049,120,20056,California
Yuba,2021-04-25,73,32033,30,9683,43,20147,0,2203,36,6006,37,14086,36,20092,California
Yuba,2021-04-26,236,32269,57,9740,175,20322,4,2207,107,5988,129,14215,111,20203,California
Yuba,2021-04-27,480,32749,163,9903,307,20629,10,2217,239,5998,239,14454,249,20452,California
Yuba,2021-04-28,434,33183,175,10078,254,20883,5,2222,149,5873,279,14733,154,20606,California
Yuba,2021-04-29,438,33621,71,10149,366,21249,1,2223,152,5741,285,15018,153,20759,California
Yuba,2021-04-30,324,33945,90,10239,204,21453,30,2253,137,5723,185,15203,167,20926,California
Yuba,2021-05-01,206,34151,91,10330,96,21549,19,2272,92,5721,113,15316,111,21037,California
Yuba,2021-05-02,73,34224,43,10373,26,21575,4,2276,38,5728,35,15351,42,21079,California
Yuba,2021-05-03,163,34387,65,10438,90,21665,8,2284,52,5679,109,15460,60,21139,California
Yuba,2021-05-04,325,34712,94,10532,210,21875,21,2305,146,5667,179,15639,167,21306,California
Yuba,2021-05-05,315,35027,77,10609,231,22106,7,2312,112,5583,203,15842,119,21425,California
Yuba,2021-05-06,276,35303,102,10711,135,22241,39,2351,90,5529,183,16025,129,21554,California
Yuba,2021-05-07,357,35660,91,10802,238,22479,28,2379,120,5439,237,16262,147,21701,California
Yuba,2021-05-08,107,35767,32,10834,70,22549,5,2384,46,5429,61,16323,51,21752,California
Yuba,2021-05-09,52,35819,23,10857,26,22575,3,2387,37,5454,15,16338,40,21792,California
Yuba,2021-05-10,172,35991,56,10913,98,22673,18,2405,54,5409,117,16455,72,21864,California
Yuba,2021-05-11,379,36370,172,11085,194,22867,13,2418,144,5332,233,16688,156,22020,California
Yuba,2021-05-12,270,36640,142,11227,121,22988,7,2425,113,5295,157,16845,120,22140,California
Yuba,2021-05-13,355,36995,196,11423,116,23104,43,2468,115,5215,238,17083,158,22298,California
Yuba,2021-05-14,370,37365,140,11563,209,23313,21,2489,160,5185,210,17293,180,22478,California
Yuba,2021-05-15,435,37800,110,11673,304,23617,21,2510,111,4994,322,17615,131,22609,California
Yuba,2021-05-16,141,37941,44,11717,88,23705,9,2519,85,5033,55,17670,94,22703,California
Yuba,2021-05-17,215,38156,90,11807,105,23810,20,2539,93,5026,120,17790,113,22816,California
Yuba,2021-05-18,388,38544,159,11966,220,24030,9,2548,165,4977,223,18013,174,22990,California
Yuba,2021-05-19,261,38805,144,12110,111,24141,6,2554,135,4992,126,18139,141,23131,California
Yuba,2021-05-20,412,39217,292,12402,109,24250,11,2565,259,5110,152,18291,270,23401,California
Yuba,2021-05-21,480,39697,255,12657,218,24468,7,2572,299,5237,179,18470,306,23707,California
Yuba,2021-05-22,205,39902,118,12775,77,24545,10,2582,88,5218,117,18587,98,23805,California
Yuba,2021-05-23,40,39942,26,12801,12,24557,2,2584,29,5238,11,18598,31,23836,California
Yuba,2021-05-24,151,40093,47,12848,90,24647,14,2598,45,5192,105,18703,59,23895,California
Yuba,2021-05-25,314,40407,108,12956,190,24837,16,2614,116,5127,197,18900,132,24027,California
Yuba,2021-05-26,231,40638,100,13056,117,24954,14,2628,91,5093,139,19039,105,24132,California
Yuba,2021-05-27,248,40886,76,13132,160,25114,12,2640,109,5076,138,19177,121,24253,California
Yuba,2021-05-28,245,41131,113,13245,130,25244,2,2642,124,5083,119,19296,126,24379,California
Yuba,2021-05-29,161,41292,65,13310,74,25318,22,2664,92,5129,68,19364,114,24493,California
Yuba,2021-05-30,50,41342,20,13330,25,25343,5,2669,20,5124,30,19394,25,24518,California
Yuba,2021-05-31,31,41373,3,13333,21,25364,7,2676,11,5122,20,19414,18,24536,California
Yuba,2021-06-01,244,41617,106,13439,132,25496,6,2682,86,5059,154,19568,91,24627,California
Yuba,2021-06-02,199,41816,79,13518,113,25609,7,2689,64,4996,134,19702,71,24698,California
Yuba,2021-06-03,174,41990,101,13619,68,25677,5,2694,64,4955,110,19812,69,24767,California
Yuba,2021-06-04,248,42238,122,13741,115,25792,11,2705,81,4880,167,19979,92,24859,California
Yuba,2021-06-05,194,42432,148,13889,42,25834,4,2709,90,4871,103,20082,94,24953,California
Yuba,2021-06-06,106,42538,89,13978,13,25847,4,2713,22,4814,83,20165,26,24979,California
Yuba,2021-06-07,114,42652,50,14028,50,25897,14,2727,37,4788,77,20242,51,25030,California
Yuba,2021-06-08,123,42775,36,14064,86,25983,1,2728,33,4734,88,20330,34,25064,California
