county,administered_date,total_doses,cumulative_total_doses,pfizer_doses,cumulative_pfizer_doses,moderna_doses,cumulative_moderna_doses,jj_doses,cumulative_jj_doses,partially_vaccinated,total_partially_vaccinated,fully_vaccinated,cumulative_fully_vaccinated,at_least_one_dose,cumulative_at_least_one_dose,california_flag
All CA Counties,2020-12-15,1159,1159,1159,1159,0,0,0,0,1159,1159,0,0,1159,1159,
All CA Counties,2020-12-16,8482,9641,8482,9641,0,0,0,0,8482,9641,0,0,8482,9641,
All CA Counties,2020-12-17,26548,36189,26548,36189,0,0,0,0,26550,36191,0,0,26550,36191,
All CA Counties,2020-12-18,45233,81422,45173,81362,60,60,0,0,45233,81423,1,1,45233,81424,
All CA Counties,2020-12-19,25508,106930,25482,106844,26,86,0,0,25507,106929,1,2,25507,106931,
All CA Counties,2020-12-20,19130,126060,19098,125942,32,118,0,0,19129,126057,1,3,19129,126060,
All CA Counties,2020-12-21,49789,175849,49696,175638,93,211,0,0,49790,175845,3,6,49791,175851,
All CA Counties,2020-12-22,50188,226037,48046,223684,2142,2353,0,0,50180,226019,6,12,50180,226031,
All CA Counties,2020-12-23,50754,276791,41931,265615,8823,11176,0,0,50747,276763,6,18,50750,276781,
All CA Counties,2020-12-24,24118,300909,16358,281973,7760,18936,0,0,24113,300873,5,23,24115,300896,
All CA Counties,2020-12-25,2348,303257,2023,283996,325,19261,0,0,2348,303221,0,23,2348,303244,
All CA Counties,2020-12-26,14639,317896,9475,293471,5164,24425,0,0,14637,317856,2,25,14637,317881,
All CA Counties,2020-12-27,9473,327369,5612,299083,3861,28286,0,0,9470,327323,3,28,9470,327351,
All CA Counties,2020-12-28,46191,373560,29604,328687,16587,44873,0,0,46188,373508,3,31,46188,373539,
All CA Counties,2020-12-29,51367,424927,28629,357316,22738,67611,0,0,51360,424864,4,35,51360,424899,
All CA Counties,2020-12-30,63158,488085,35657,392973,27501,95112,0,0,63146,488004,9,44,63149,488048,
All CA Counties,2020-12-31,29602,517687,10949,403922,18653,113765,0,0,29580,517565,20,64,29581,517629,
All CA Counties,2021-01-01,4679,522366,2122,406044,2557,116322,0,0,4671,522229,7,71,4671,522300,
All CA Counties,2021-01-02,18545,540911,10262,416306,8283,124605,0,0,18540,540767,2,73,18540,540840,
All CA Counties,2021-01-03,6199,547110,3507,419813,2692,127297,0,0,6165,546919,13,86,6165,547005,
All CA Counties,2021-01-04,43663,590773,22026,441839,21637,148934,0,0,43583,590462,40,126,43583,590588,
All CA Counties,2021-01-05,56748,647521,29935,471774,26813,175747,0,0,51076,636027,5610,5736,51175,641763,
All CA Counties,2021-01-06,73653,721174,40644,512418,33009,208756,0,0,57921,678436,15552,21288,57961,699724,
All CA Counties,2021-01-07,92762,813936,52842,565260,39920,248676,0,0,61085,708079,31502,52790,61145,760869,
All CA Counties,2021-01-08,107469,921405,64688,629948,42781,291457,0,0,65399,731623,41927,94717,65471,826340,
All CA Counties,2021-01-09,44641,966046,25728,655676,18913,310370,0,0,27932,742902,16682,111399,27961,854301,
All CA Counties,2021-01-10,24467,990513,14961,670637,9506,319876,0,0,13155,744782,11294,122693,13174,867475,
All CA Counties,2021-01-11,105021,1095534,69894,740531,35127,355003,0,0,60924,761835,44049,166742,61102,928577,
All CA Counties,2021-01-12,114315,1209849,67796,808327,46519,401522,0,0,72771,793414,41438,208180,73017,1001594,
All CA Counties,2021-01-13,119909,1329758,62353,870680,57556,459078,0,0,85865,845413,33956,242136,85955,1087549,
All CA Counties,2021-01-14,124745,1454503,50153,920833,74592,533670,0,0,104939,930837,19700,261836,105124,1192673,
All CA Counties,2021-01-15,142560,1597063,52128,972961,90432,624102,0,0,127267,1043148,15194,277030,127505,1320178,
All CA Counties,2021-01-16,81006,1678069,27417,1000378,53589,677691,0,0,73366,1108958,7611,284641,73421,1393599,
All CA Counties,2021-01-17,48355,1726424,16904,1017282,31451,709142,0,0,44661,1149983,3681,288322,44706,1438305,
All CA Counties,2021-01-18,88424,1814848,46120,1063402,42304,751446,0,0,68988,1199790,19361,307683,69168,1507473,
All CA Counties,2021-01-19,142380,1957228,73730,1137132,68650,820096,0,0,111111,1280064,31168,338851,111442,1618915,
All CA Counties,2021-01-20,163730,2120958,84621,1221753,79109,899205,0,0,129420,1375698,34060,372911,129694,1748609,
All CA Counties,2021-01-21,176062,2297020,78823,1300576,97239,996444,0,0,156338,1512928,19490,392401,156720,1905329,
All CA Counties,2021-01-22,170824,2467844,69798,1370374,101026,1097470,0,0,156278,1654965,14401,406802,156438,2061767,
All CA Counties,2021-01-23,112036,2579880,49492,1419866,62544,1160014,0,0,99394,1741908,12575,419377,99518,2161285,
All CA Counties,2021-01-24,61221,2641101,29422,1449288,31799,1191813,0,0,56510,1793813,4672,424049,56577,2217862,
All CA Counties,2021-01-25,145763,2786864,65566,1514854,80197,1272010,0,0,110302,1869187,35312,459361,110686,2328548,
All CA Counties,2021-01-26,169590,2956454,83136,1597990,86454,1358464,0,0,131646,1963314,37792,497153,131919,2460467,
All CA Counties,2021-01-27,183294,3139748,87935,1685925,95359,1453823,0,0,143324,2067243,39618,536771,143547,2604014,
All CA Counties,2021-01-28,188861,3328609,86939,1772864,101922,1555745,0,0,154268,2187475,34274,571045,154506,2758520,
All CA Counties,2021-01-29,184675,3513284,88408,1861272,96267,1652012,0,0,149446,2302524,34582,605627,149631,2908151,
All CA Counties,2021-01-30,124601,3637885,55573,1916845,69028,1721040,0,0,108995,2396248,15423,621050,109147,3017298,
All CA Counties,2021-01-31,69195,3707080,38406,1955251,30789,1751829,0,0,64143,2455454,4993,626043,64199,3081497,
All CA Counties,2021-02-01,162661,3869741,75960,2031211,86701,1838530,0,0,121286,2535698,41172,667215,121416,3202913,
All CA Counties,2021-02-02,186477,4056218,78398,2109609,108079,1946609,0,0,141342,2632442,44825,712040,141569,3344482,
All CA Counties,2021-02-03,212504,4268722,96159,2205768,116345,2062954,0,0,157437,2735617,54518,766558,157693,3502175,
All CA Counties,2021-02-04,229503,4498225,100535,2306303,128968,2191922,0,0,168106,2843293,60796,827354,168472,3670647,
All CA Counties,2021-02-05,247450,4745675,106901,2413204,140549,2332471,0,0,167837,2932930,78750,906104,168387,3839034,
All CA Counties,2021-02-06,156028,4901703,75014,2488218,81014,2413485,0,0,121015,3019663,34779,940883,121512,3960546,
All CA Counties,2021-02-07,67033,4968736,43323,2531541,23710,2437195,0,0,50513,3054202,16425,957308,50964,4011510,
All CA Counties,2021-02-08,181672,5150408,89237,2620778,92435,2529630,0,0,119661,3113094,61523,1018831,120415,4131925,
All CA Counties,2021-02-09,212156,5362564,102360,2723138,109796,2639426,0,0,126810,3156225,84841,1103672,127972,4259897,
All CA Counties,2021-02-10,250260,5612824,120308,2843446,129952,2769378,0,0,137306,3182958,112060,1215732,138793,4398690,
All CA Counties,2021-02-11,267107,5879931,132015,2975461,135092,2904470,0,0,144379,3207661,121485,1337217,146188,4544878,
All CA Counties,2021-02-12,274551,6154482,120195,3095656,154356,3058826,0,0,147569,3231609,126015,1463232,149963,4694841,
All CA Counties,2021-02-13,168805,6323287,78116,3173772,90689,3149515,0,0,93045,3251270,75341,1538573,95002,4789843,
All CA Counties,2021-02-14,96089,6419376,47914,3221686,48175,3197690,0,0,51816,3260553,44079,1582652,53362,4843205,
All CA Counties,2021-02-15,143352,6562728,62833,3284519,80519,3278209,0,0,79090,3278939,63838,1646490,82224,4925429,
All CA Counties,2021-02-16,250740,6813468,118931,3403450,131809,3410018,0,0,133851,3299431,116455,1762945,136947,5062376,
All CA Counties,2021-02-17,261063,7074531,130044,3533494,131019,3541037,0,0,129568,3301354,130865,1893810,132788,5195164,
All CA Counties,2021-02-18,275318,7349849,143518,3677012,131800,3672837,0,0,132864,3296828,141633,2035443,137107,5332271,
All CA Counties,2021-02-19,256556,7606405,148677,3825689,107879,3780716,0,0,131864,3306720,124052,2159495,133944,5466215,
All CA Counties,2021-02-20,156492,7762897,99912,3925601,56580,3837296,0,0,85457,3323482,70682,2230177,87444,5553659,
All CA Counties,2021-02-21,86399,7849296,69788,3995389,16611,3853907,0,0,44377,3327691,41716,2271893,45925,5599584,
All CA Counties,2021-02-22,169599,8018895,113579,4108968,56020,3909927,0,0,84203,3328688,84927,2356820,85924,5685508,
All CA Counties,2021-02-23,231602,8250497,122441,4231409,109161,4019088,0,0,107302,3318480,123505,2480325,113297,5798805,
All CA Counties,2021-02-24,287223,8537720,145076,4376485,142147,4161235,0,0,136113,3311789,150357,2630682,143666,5942471,
All CA Counties,2021-02-25,324104,8861824,159911,4536396,164193,4325428,0,0,169611,3336247,153713,2784395,178171,6120642,
All CA Counties,2021-02-26,358468,9220292,167080,4703476,191388,4516816,0,0,199308,3384703,158138,2942533,206594,6327236,
All CA Counties,2021-02-27,254435,9474727,123691,4827167,130717,4647533,27,27,144579,3424559,109165,3051698,149021,6476257,
All CA Counties,2021-02-28,136643,9611370,81159,4908326,55471,4703004,13,40,79667,3450600,56487,3108185,82528,6558785,
All CA Counties,2021-03-01,245834,9857204,130788,5039114,114901,4817905,145,185,141428,3492684,103503,3211688,145587,6704372,
All CA Counties,2021-03-02,291275,10148479,147135,5186249,144108,4962013,32,217,175568,3560075,115098,3326786,182489,6886861,
All CA Counties,2021-03-03,336730,10485209,167814,5354063,168849,5130862,67,284,194613,3620754,141313,3468099,201992,7088853,
All CA Counties,2021-03-04,354751,10839960,179359,5533422,175292,5306154,100,384,208301,3690597,145589,3613688,215432,7304285,
All CA Counties,2021-03-05,342700,11182660,168121,5701543,173444,5479598,1135,1519,213037,3783263,128767,3742455,221433,7525718,
All CA Counties,2021-03-06,260520,11443180,133689,5835232,118962,5598560,7869,9388,161927,3859616,98120,3840575,174473,7700191,
All CA Counties,2021-03-07,129243,11572423,78797,5914029,46258,5644818,4188,13576,80450,3899352,48569,3889144,88305,7788496,
All CA Counties,2021-03-08,222322,11794745,108637,6022666,103176,5747994,10509,24085,145457,3983847,76403,3965547,160898,7949394,
All CA Counties,2021-03-09,294431,12089176,140550,6163216,137941,5885935,15940,40025,164718,4039357,129163,4094710,184673,8134067,
All CA Counties,2021-03-10,325985,12415161,162184,6325400,139208,6025143,24593,64618,176060,4094954,149161,4243871,204758,8338825,
All CA Counties,2021-03-11,380140,12795301,183990,6509390,162678,6187821,33472,98090,194470,4142452,184600,4428471,232098,8570923,
All CA Counties,2021-03-12,398518,13193819,177996,6687386,174117,6361938,46405,144495,195012,4185403,202535,4631006,245486,8816409,
All CA Counties,2021-03-13,286737,13480556,125463,6812849,130072,6492010,31202,175697,155149,4244862,131069,4762075,190528,9006937,
All CA Counties,2021-03-14,156767,13637323,83540,6896389,58106,6550116,15121,190818,78504,4262812,77917,4839992,95867,9102804,
All CA Counties,2021-03-15,292822,13930145,140007,7036396,132107,6682223,20708,211526,158584,4312146,133355,4973347,182689,9285493,
All CA Counties,2021-03-16,372732,14302877,175240,7211636,180029,6862252,17463,228989,215384,4391677,156500,5129847,236031,9521524,
All CA Counties,2021-03-17,387638,14690515,192258,7403894,176660,7038912,18720,247709,239841,4505893,146846,5276693,261062,9782586,
All CA Counties,2021-03-18,405245,15095760,207814,7611708,179038,7217950,18393,266102,239837,4602043,164189,5440882,260339,10042925,
All CA Counties,2021-03-19,414308,15510068,218207,7829915,174237,7392187,21864,287966,239887,4692516,173334,5614216,263807,10306732,
All CA Counties,2021-03-20,297335,15807403,156017,7985932,125348,7517535,15970,303936,187784,4788986,108776,5722992,205246,10511978,
All CA Counties,2021-03-21,144954,15952357,100332,8086264,37078,7554613,7544,311480,87233,4827860,57282,5780274,96156,10608134,
All CA Counties,2021-03-22,275733,16228090,160739,8247003,103749,7658362,11245,322725,178988,4925271,95866,5876140,193277,10801411,
All CA Counties,2021-03-23,360308,16588398,198871,8445874,150334,7808696,11103,333828,220679,5021026,138619,6014759,234374,11035785,
All CA Counties,2021-03-24,389765,16978163,223186,8669060,154021,7962717,12558,346386,225519,5098307,162880,6177639,240161,11275946,
All CA Counties,2021-03-25,420346,17398509,231768,8900828,173664,8136381,14914,361300,237461,5171372,181441,6359080,254506,11530452,
All CA Counties,2021-03-26,437140,17835649,233774,9134602,187149,8323530,16217,377517,235511,5225642,200277,6559357,254547,11784999,
All CA Counties,2021-03-27,314751,18150400,167094,9301696,135838,8459368,11819,389336,158419,5242705,155408,6714765,172471,11957470,
All CA Counties,2021-03-28,170267,18320667,109446,9411142,57216,8516584,3605,392941,88705,5256307,81063,6795828,94665,12052135,
All CA Counties,2021-03-29,311964,18632631,167782,9578924,135028,8651612,9154,402095,173180,5303229,137904,6933732,184826,12236961,
All CA Counties,2021-03-30,400621,19033252,202880,9781804,179400,8831012,18341,420436,224683,5372938,175053,7108785,244762,12481723,
All CA Counties,2021-03-31,428531,19461783,232736,10014540,173795,9004807,22000,442436,237770,5444121,189576,7298361,260759,12742482,
All CA Counties,2021-04-01,494822,19956605,253079,10267619,200837,9205644,40906,483342,271863,5536546,221363,7519724,313788,13056270,
All CA Counties,2021-04-02,476381,20432986,232106,10499725,200815,9406459,43460,526802,258126,5622793,216867,7736591,303114,13359384,
All CA Counties,2021-04-03,330896,20763882,168660,10668385,120625,9527084,41611,568413,164750,5664779,165420,7902011,207406,13566790,
All CA Counties,2021-04-04,132763,20896645,69275,10737660,44395,9571479,19093,587506,58098,5667763,74308,7976319,77292,13644082,
All CA Counties,2021-04-05,355155,21251800,183037,10920697,132098,9703577,40020,627526,174278,5704338,180088,8156407,216663,13860745,
All CA Counties,2021-04-06,459807,21711607,233095,11153792,160928,9864505,65784,693310,222481,5758106,236293,8392700,290061,14150806,
All CA Counties,2021-04-07,475323,22186930,246857,11400649,158193,10022698,70273,763583,230632,5816318,243610,8636310,301822,14452628,
All CA Counties,2021-04-08,502043,22688973,253293,11653942,163948,10186646,84802,848385,235778,5874054,264937,8901247,322673,14775301,
All CA Counties,2021-04-09,498009,23186982,248180,11902122,169421,10356067,80408,928793,228746,5918029,268071,9169318,312046,15087347,
All CA Counties,2021-04-10,370411,23557393,168829,12070951,126980,10483047,74602,1003395,155186,5936005,214389,9383707,232365,15319712,
All CA Counties,2021-04-11,188714,23746107,105771,12176722,48840,10531887,34103,1037498,77799,5940168,110522,9494229,114685,15434397,
All CA Counties,2021-04-12,342044,24088151,175788,12352510,127904,10659791,38352,1075850,157749,5956567,183211,9677440,199610,15634007,
All CA Counties,2021-04-13,435465,24523616,243830,12596340,190672,10850463,963,1076813,242958,6012132,191371,9868811,246936,15880943,
All CA Counties,2021-04-14,455732,24979348,255573,12851913,199865,11050328,294,1077107,237242,6037013,217173,10085984,242054,16122997,
All CA Counties,2021-04-15,496411,25475759,289215,13141128,206892,11257220,304,1077411,277410,6100203,217365,10303349,280555,16403552,
All CA Counties,2021-04-16,481081,25956840,270549,13411677,210219,11467439,313,1077724,256203,6135750,223407,10526756,258954,16662506,
All CA Counties,2021-04-17,346790,26303630,194000,13605677,152723,11620162,67,1077791,197300,6187779,148506,10675262,200535,16863041,
All CA Counties,2021-04-18,161716,26465346,104074,13709751,57624,11677786,18,1077809,82830,6195280,78405,10753667,85906,16948947,
All CA Counties,2021-04-19,323586,26788932,186068,13895819,137418,11815204,100,1077909,152910,6180523,169634,10923301,154877,17103824,
All CA Counties,2021-04-20,419504,27208436,226718,14122537,192704,12007908,82,1077991,208123,6181650,210162,11133463,211289,17315113,
All CA Counties,2021-04-21,440338,27648774,254634,14377171,185432,12193340,272,1078263,211573,6169879,227053,11360516,215282,17530395,
All CA Counties,2021-04-22,456267,28105041,262534,14639705,193651,12386991,82,1078345,203478,6125470,251217,11611733,206808,17737203,
All CA Counties,2021-04-23,448759,28553800,257854,14897559,190812,12577803,93,1078438,203553,6088838,243657,11855390,207025,17944228,
All CA Counties,2021-04-24,326470,28880270,205234,15102793,121052,12698855,184,1078622,165931,6098720,159513,12014903,169395,18113623,
All CA Counties,2021-04-25,150754,29031024,98781,15201574,51898,12750753,75,1078697,80504,6111044,69738,12084641,82062,18195685,
All CA Counties,2021-04-26,305429,29336453,177688,15379262,126185,12876938,1556,1080253,133429,6079636,170907,12255548,139499,18335184,
All CA Counties,2021-04-27,373527,29709980,207295,15586557,159585,13036523,6647,1086900,151055,6019288,221231,12476779,160883,18496067,
All CA Counties,2021-04-28,359605,30069585,207747,15794304,143914,13180437,7944,1094844,148505,5968241,209864,12686643,158817,18654884,
All CA Counties,2021-04-29,368960,30438545,214200,16008504,146812,13327249,7948,1102792,136161,5882747,231482,12918125,145988,18800872,
All CA Counties,2021-04-30,381621,30820166,220019,16228523,152636,13479885,8966,1111758,145755,5805017,234444,13152569,156714,18957586,
All CA Counties,2021-05-01,248887,31069053,158852,16387375,83905,13563790,6130,1117888,90342,5746129,157591,13310160,98703,19056289,
All CA Counties,2021-05-02,117095,31186148,81837,16469212,31369,13595159,3889,1121777,40949,5715625,75710,13385870,45206,19101495,
All CA Counties,2021-05-03,254352,31440500,156091,16625303,89471,13684630,8790,1130567,77681,5627252,175735,13561605,87362,19188857,
All CA Counties,2021-05-04,333844,31774344,205178,16830481,118842,13803472,9824,1140391,98829,5503224,233868,13795473,109840,19298697,
All CA Counties,2021-05-05,338413,32112757,212020,17042501,116304,13919776,10089,1150480,95802,5368904,241284,14036757,106964,19405661,
All CA Counties,2021-05-06,355373,32468130,233247,17275748,111571,14031347,10555,1161035,90428,5209186,263201,14299958,103483,19509144,
All CA Counties,2021-05-07,352681,32820811,221545,17497293,121235,14152582,9901,1170936,96084,5061300,255131,14555089,107245,19616389,
All CA Counties,2021-05-08,233413,33054224,148864,17646157,77580,14230162,6969,1177905,64394,4966181,168005,14723094,72886,19689275,
All CA Counties,2021-05-09,95408,33149632,72329,17718486,20105,14250267,2974,1180879,25126,4924791,69936,14793030,28546,19717821,
All CA Counties,2021-05-10,206373,33356005,118451,17836937,80039,14330306,7883,1188762,51126,4830736,154372,14947402,60317,19778138,
All CA Counties,2021-05-11,274309,33630314,156597,17993534,109049,14439355,8663,1197425,72554,4713010,200743,15148145,83017,19861155,
All CA Counties,2021-05-12,271711,33902025,158589,18152123,104001,14543356,9121,1206546,72989,4598669,197608,15345753,83267,19944422,
All CA Counties,2021-05-13,316961,34218986,204917,18357040,104629,14647985,7415,1213961,119466,4531915,196300,15542053,129546,20073968,
All CA Counties,2021-05-14,340541,34559527,218688,18575728,112933,14760918,8920,1222881,132935,4469563,206297,15748350,143945,20217913,
All CA Counties,2021-05-15,280200,34839727,195800,18771528,78388,14839306,6012,1228893,115514,4428330,163749,15912099,122516,20340429,
All CA Counties,2021-05-16,141319,34981046,108353,18879881,30014,14869320,2952,1231845,57711,4406282,83124,15995223,61076,20401505,
All CA Counties,2021-05-17,240191,35221237,158221,19038102,74555,14943875,7415,1239260,95204,4365711,144063,16139286,103492,20504997,
All CA Counties,2021-05-18,281616,35502853,171885,19209987,102328,15046203,7403,1246663,109914,4313877,170558,16309844,118724,20623721,
All CA Counties,2021-05-19,275242,35778095,172036,19382023,95640,15141843,7566,1254229,112652,4273716,161509,16471353,121348,20745069,
All CA Counties,2021-05-20,263501,36041596,157522,19539545,97837,15239680,8142,1262371,100311,4221697,162008,16633361,109989,20855058,
All CA Counties,2021-05-21,282195,36323791,173597,19713142,100643,15340323,7955,1270326,106314,4162631,174568,16807929,115502,20970560,
All CA Counties,2021-05-22,204328,36528119,135275,19848417,62831,15403154,6222,1276548,87124,4140725,116390,16924319,94484,21065044,
All CA Counties,2021-05-23,89578,36617697,62783,19911200,24098,15427252,2697,1279245,38544,4131748,50601,16974920,41624,21106668,
All CA Counties,2021-05-24,171140,36788837,100543,20011743,62273,15489525,8324,1287569,64873,4100360,105434,17080354,74046,21180714,
All CA Counties,2021-05-25,189410,36978247,111198,20122941,70199,15559724,8013,1295582,71643,4064426,116719,17197073,80785,21261499,
All CA Counties,2021-05-26,184410,37162657,106161,20229102,70394,15630118,7855,1303437,71548,4032803,111743,17308816,80120,21341619,
All CA Counties,2021-05-27,172135,37334792,98416,20327518,65224,15695342,8495,1311932,69153,4009403,102119,17410935,78719,21420338,
All CA Counties,2021-05-28,188550,37523342,108745,20436263,72692,15768034,7113,1319045,81204,3992493,106347,17517282,89437,21509775,
All CA Counties,2021-05-29,106811,37630153,65565,20501828,37420,15805454,3826,1322871,49821,3990197,56441,17573723,54145,21563920,
All CA Counties,2021-05-30,47005,37677158,31030,20532858,13520,15818974,2455,1325326,20568,3987244,26191,17599914,23238,21587158,
All CA Counties,2021-05-31,19781,37696939,11648,20544506,7159,15826133,974,1326300,6426,3981566,13192,17613106,7514,21594672,
All CA Counties,2021-06-01,168136,37865075,98095,20642601,62957,15889090,7084,1333384,59417,3941236,107718,17720824,67388,21662060,
All CA Counties,2021-06-02,142537,38007612,84300,20726901,51130,15940220,7107,1340491,53758,3914891,87867,17808691,61522,21723582,
All CA Counties,2021-06-03,170671,38178283,116751,20843652,46874,15987094,7046,1347537,51809,3856743,118004,17926695,59856,21783438,
All CA Counties,2021-06-04,199099,38377382,140308,20983960,52603,16039697,6188,1353725,59411,3785555,138623,18065318,67435,21850873,
All CA Counties,2021-06-05,157179,38534561,118650,21102610,32896,16072593,5633,1359358,43532,3722809,112858,18178176,50112,21900985,
All CA Counties,2021-06-06,63756,38598317,53723,21156333,7821,16080414,2212,1361570,16914,3696187,46547,18224723,19925,21920910,
All CA Counties,2021-06-07,136329,38734646,100121,21256454,30342,16110756,5866,1367436,40053,3647157,95661,18320384,46631,21967541,
All CA Counties,2021-06-08,157975,38892621,114701,21371155,36491,16147247,6783,1374219,46809,3591521,110255,18430639,54619,22022160,
All CA Counties,2021-06-09,152090,39044711,110668,21481823,34674,16181921,6748,1380967,42133,3532175,109134,18539773,49788,22071948,
All CA Counties,2021-06-10,146451,39191162,105496,21587319,33624,16215545,7331,1388298,42900,3480624,102825,18642598,51274,22123222,
All CA Counties,2021-06-11,158712,39349874,111488,21698807,40508,16256053,6716,1395014,49269,3428968,108546,18751144,56890,22180112,
All CA Counties,2021-06-12,114687,39464561,86922,21785729,24053,16280106,3712,1398726,32691,3384584,81447,18832591,37063,22217175,
All CA Counties,2021-06-13,44665,39509226,33293,21819022,9322,16289428,2050,1400776,11098,3364802,33321,18865912,13539,22230714,
All CA Counties,2021-06-14,115091,39624317,81828,21900850,26513,16315941,6750,1407526,37754,3333192,76725,18942637,45115,22275829,
All CA Counties,2021-06-15,131539,39755856,88831,21989681,33933,16349874,8775,1416301,43947,3300071,86736,19029373,53615,22329444,
All CA Counties,2021-06-16,120633,39876489,84950,22074631,27984,16377858,7699,1424000,41454,3271537,78430,19107803,49896,22379340,
All CA Counties,2021-06-17,113917,39990406,79026,22153657,27063,16404921,7828,1431828,40151,3247120,73026,19180829,48609,22427949,
All CA Counties,2021-06-18,128388,40118794,89021,22242678,31904,16436825,7463,1439291,45967,3219766,81538,19262367,54184,22482133,
All CA Counties,2021-06-19,76394,40195188,55534,22298212,16862,16453687,3998,1443289,28628,3205723,47175,19309542,33132,22515265,
All CA Counties,2021-06-20,30616,40225804,23059,22321271,6206,16459893,1351,1444640,11505,3199897,18896,19328438,13070,22528335,
All CA Counties,2021-06-21,71099,40296903,44591,22365862,20515,16480408,5993,1450633,36459,3208613,34254,19362692,42970,22571305,
All CA Counties,2021-06-22,100208,40397111,70025,22435887,24324,16504732,5859,1456492,38997,3193508,60617,19423309,45512,22616817,
All CA Counties,2021-06-23,93588,40490699,66126,22502013,21757,16526489,5705,1462197,38102,3182992,54916,19478225,44400,22661217,
All CA Counties,2021-06-24,90604,40581303,63350,22565363,21737,16548226,5517,1467714,36637,3172378,53332,19531557,42718,22703935,
All CA Counties,2021-06-25,104391,40685694,73976,22639339,25142,16573368,5273,1472987,42565,3159604,61203,19592760,48429,22752364,
All CA Counties,2021-06-26,67323,40753017,50834,22690173,13427,16586795,3062,1476049,27727,3151713,39232,19631992,31341,22783705,
All CA Counties,2021-06-27,31374,40784391,24126,22714299,5720,16592515,1528,1477577,13364,3148993,17837,19649829,15117,22798822,
All CA Counties,2021-06-28,71155,40855546,55192,22769491,11646,16604161,4317,1481894,31162,3145302,39546,19689375,35855,22834677,
All CA Counties,2021-06-29,82610,40938156,58700,22828191,19774,16623935,4136,1486030,34750,3137375,47360,19736735,39433,22874110,
All CA Counties,2021-06-30,76753,41014909,55389,22883580,17678,16641613,3686,1489716,34252,3133815,42037,19778772,38477,22912587,
All CA Counties,2021-07-01,50664,41065573,36789,22920369,10756,16652369,3119,1492835,21619,3129999,28736,19807508,24920,22937507,
All CA and Non-CA Counties,2020-12-15,1168,1168,1168,1168,0,0,0,0,1168,1168,0,0,1168,1168,
All CA and Non-CA Counties,2020-12-16,8756,9924,8756,9924,0,0,0,0,8756,9924,0,0,8756,9924,
All CA and Non-CA Counties,2020-12-17,28140,38064,28140,38064,0,0,0,0,28140,38064,0,0,28140,38064,
All CA and Non-CA Counties,2020-12-18,47764,85828,47697,85761,67,67,0,0,47763,85826,1,1,47763,85827,
All CA and Non-CA Counties,2020-12-19,26542,112370,26515,112276,27,94,0,0,26541,112366,1,2,26541,112368,
All CA and Non-CA Counties,2020-12-20,19808,132178,19773,132049,35,129,0,0,19807,132172,1,3,19807,132175,
All CA and Non-CA Counties,2020-12-21,51963,184141,51867,183916,96,225,0,0,51960,184130,3,6,51961,184136,
All CA and Non-CA Counties,2020-12-22,52248,236389,50031,233947,2217,2442,0,0,52240,236364,6,12,52240,236376,
All CA and Non-CA Counties,2020-12-23,52283,288672,43317,277264,8966,11408,0,0,52275,288635,7,19,52278,288654,
All CA and Non-CA Counties,2020-12-24,24919,313591,16969,294233,7950,19358,0,0,24914,313546,5,24,24916,313570,
All CA and Non-CA Counties,2020-12-25,2383,315974,2053,296286,330,19688,0,0,2383,315929,0,24,2383,315953,
All CA and Non-CA Counties,2020-12-26,14947,330921,9683,305969,5264,24952,0,0,14945,330872,2,26,14945,330898,
All CA and Non-CA Counties,2020-12-27,9662,340583,5684,311653,3978,28930,0,0,9659,340528,3,29,9659,340557,
All CA and Non-CA Counties,2020-12-28,47601,388184,30503,342156,17098,46028,0,0,47597,388122,3,32,47597,388154,
All CA and Non-CA Counties,2020-12-29,52911,441095,29651,371807,23260,69288,0,0,52905,441023,4,36,52905,441059,
All CA and Non-CA Counties,2020-12-30,65087,506182,36931,408738,28156,97444,0,0,65075,506092,9,45,65078,506137,
All CA and Non-CA Counties,2020-12-31,30702,536884,11544,420282,19158,116602,0,0,30678,536750,21,66,30679,536816,
All CA and Non-CA Counties,2021-01-01,4798,541682,2150,422432,2648,119250,0,0,4790,541533,7,73,4790,541606,
All CA and Non-CA Counties,2021-01-02,18790,560472,10396,432828,8394,127644,0,0,18784,560314,3,76,18784,560390,
All CA and Non-CA Counties,2021-01-03,6371,566843,3599,436427,2772,130416,0,0,6337,566638,13,89,6337,566727,
All CA and Non-CA Counties,2021-01-04,44811,611654,22539,458966,22272,152688,0,0,44725,611322,41,130,44725,611452,
All CA and Non-CA Counties,2021-01-05,58294,669948,30754,489720,27540,180228,0,0,52429,658050,5801,5931,52529,663981,
All CA and Non-CA Counties,2021-01-06,76320,746268,42222,531942,34098,214326,0,0,59859,701671,16278,22209,59899,723880,
All CA and Non-CA Counties,2021-01-07,96940,843208,55433,587375,41507,255833,0,0,63616,732203,33146,55355,63678,787558,
All CA and Non-CA Counties,2021-01-08,111945,955153,67593,654968,44352,300185,0,0,68014,756512,43780,99135,68089,855647,
All CA and Non-CA Counties,2021-01-09,45953,1001106,26267,681235,19686,319871,0,0,28916,768449,17010,116145,28947,884594,
All CA and Non-CA Counties,2021-01-10,24783,1025889,15149,696384,9634,329505,0,0,13349,770401,11416,127561,13368,897962,
All CA and Non-CA Counties,2021-01-11,108301,1134190,71908,768292,36393,365898,0,0,62877,788081,45375,172936,63055,961017,
All CA and Non-CA Counties,2021-01-12,118157,1252347,70097,838389,48060,413958,0,0,75072,820429,42974,215910,75322,1036339,
All CA and Non-CA Counties,2021-01-13,123551,1375898,64137,902526,59414,473372,0,0,88328,873716,35135,251045,88422,1124761,
All CA and Non-CA Counties,2021-01-14,128401,1504299,51419,953945,76982,550354,0,0,107948,961519,20333,271378,108136,1232897,
All CA and Non-CA Counties,2021-01-15,146745,1651044,53130,1007075,93615,643969,0,0,130975,1077073,15659,287037,131213,1364110,
All CA and Non-CA Counties,2021-01-16,83657,1734701,27815,1034890,55842,699811,0,0,75840,1145182,7786,294823,75895,1440005,
All CA and Non-CA Counties,2021-01-17,48866,1783567,17060,1051950,31806,731617,0,0,45123,1186620,3730,298553,45168,1485173,
All CA and Non-CA Counties,2021-01-18,89667,1873234,46945,1098895,42722,774339,0,0,69772,1236754,19819,318372,69953,1555126,
All CA and Non-CA Counties,2021-01-19,146495,2019729,75090,1173985,71405,845744,0,0,114322,1319340,32070,350442,114656,1669782,
All CA and Non-CA Counties,2021-01-20,168245,2187974,86127,1260112,82118,927862,0,0,132940,1417504,35051,385493,133215,1802997,
All CA and Non-CA Counties,2021-01-21,180342,2368316,80043,1340155,100299,1028161,0,0,160040,1557873,20053,405546,160422,1963419,
All CA and Non-CA Counties,2021-01-22,175497,2543813,70928,1411083,104569,1132730,0,0,160528,1703749,14814,420360,160690,2124109,
All CA and Non-CA Counties,2021-01-23,114329,2658142,49844,1460927,64485,1197215,0,0,101513,1792640,12746,433106,101637,2225746,
All CA and Non-CA Counties,2021-01-24,61823,2719965,29675,1490602,32148,1229363,0,0,57032,1844986,4753,437859,57099,2282845,
All CA and Non-CA Counties,2021-01-25,150331,2870296,67558,1558160,82773,1312136,0,0,113992,1923182,36182,474041,114378,2397223,
All CA and Non-CA Counties,2021-01-26,175750,3046046,86156,1644316,89594,1401730,0,0,136935,2021732,38665,512706,137215,2534438,
All CA and Non-CA Counties,2021-01-27,188464,3234510,90688,1735004,97776,1499506,0,0,147845,2129541,40261,552967,148070,2682508,
All CA and Non-CA Counties,2021-01-28,194278,3428788,89919,1824923,104359,1603865,0,0,159082,2253991,34870,587837,159320,2841828,
All CA and Non-CA Counties,2021-01-29,189724,3618512,91604,1916527,98120,1701985,0,0,153684,2372472,35390,623227,153871,2995699,
All CA and Non-CA Counties,2021-01-30,129052,3747564,58006,1974533,71046,1773031,0,0,113213,2470181,15657,638884,113366,3109065,
All CA and Non-CA Counties,2021-01-31,72486,3820050,41269,2015802,31217,1804248,0,0,67371,2532555,5055,643939,67429,3176494,
All CA and Non-CA Counties,2021-02-01,168329,3988379,78620,2094422,89709,1893957,0,0,126212,2616990,41907,685846,126342,3302836,
All CA and Non-CA Counties,2021-02-02,193387,4181766,80648,2175070,112739,2006696,0,0,147505,2719164,45558,731404,147732,3450568,
All CA and Non-CA Counties,2021-02-03,220051,4401817,98310,2273380,121741,2128437,0,0,164080,2828089,55412,786816,164337,3614905,
All CA and Non-CA Counties,2021-02-04,236493,4638310,102769,2376149,133724,2262161,0,0,174048,2940676,61828,848644,174415,3789320,
All CA and Non-CA Counties,2021-02-05,254306,4892616,109150,2485299,145156,2407317,0,0,173580,3034951,79855,928499,174130,3963450,
All CA and Non-CA Counties,2021-02-06,160487,5053103,77202,2562501,83285,2490602,0,0,124996,3125200,35247,963746,125496,4088946,
All CA and Non-CA Counties,2021-02-07,69267,5122370,45160,2607661,24107,2514709,0,0,52657,3161797,16513,980259,53110,4142056,
All CA and Non-CA Counties,2021-02-08,187032,5309402,92627,2700288,94405,2609114,0,0,123916,3223850,62617,1042876,124670,4266726,
All CA and Non-CA Counties,2021-02-09,216465,5525867,104295,2804583,112170,2721284,0,0,129782,3268643,86165,1129041,130958,4397684,
All CA and Non-CA Counties,2021-02-10,255969,5781836,122293,2926876,133676,2854960,0,0,140508,3296127,114552,1243593,142036,4539720,
All CA and Non-CA Counties,2021-02-11,272101,6053937,134380,3061256,137721,2992681,0,0,147971,3323054,122871,1366464,149798,4689518,
All CA and Non-CA Counties,2021-02-12,279910,6333847,122207,3183463,157703,3150384,0,0,151023,3348573,127902,1494366,153421,4842939,
All CA and Non-CA Counties,2021-02-13,171257,6505104,78861,3262324,92396,3242780,0,0,94906,3369520,75928,1570294,96875,4939814,
All CA and Non-CA Counties,2021-02-14,97461,6602565,48343,3310667,49118,3291898,0,0,52930,3379669,44329,1614623,54478,4994292,
All CA and Non-CA Counties,2021-02-15,146050,6748615,64490,3375157,81560,3373458,0,0,80389,3397977,65218,1679841,83526,5077818,
All CA and Non-CA Counties,2021-02-16,257343,7005958,121953,3497110,135390,3508848,0,0,136478,3417143,120413,1800254,139579,5217397,
All CA and Non-CA Counties,2021-02-17,267168,7273126,133157,3630267,134011,3642859,0,0,131433,3416709,135092,1935346,134658,5352055,
All CA and Non-CA Counties,2021-02-18,282106,7555232,147465,3777732,134641,3777500,0,0,134979,3409663,146269,2081615,139223,5491278,
All CA and Non-CA Counties,2021-02-19,262660,7817892,152955,3930687,109705,3887205,0,0,134390,3418518,127617,2209232,136472,5627750,
All CA and Non-CA Counties,2021-02-20,160031,7977923,102783,4033470,57248,3944453,0,0,86737,3434309,72934,2282166,88725,5716475,
All CA and Non-CA Counties,2021-02-21,89526,8067449,72682,4106152,16844,3961297,0,0,45299,3437249,43907,2326073,46847,5763322,
All CA and Non-CA Counties,2021-02-22,173316,8240765,116308,4222460,57008,4018305,0,0,85888,3437911,86952,2413025,87614,5850936,
All CA and Non-CA Counties,2021-02-23,238270,8479035,126027,4348487,112243,4130548,0,0,109734,3426020,127635,2540660,115744,5966680,
All CA and Non-CA Counties,2021-02-24,293890,8772925,148704,4497191,145186,4275734,0,0,138610,3417710,154478,2695138,146168,6112848,
All CA and Non-CA Counties,2021-02-25,331109,9104034,163478,4660669,167631,4443365,0,0,172711,3441404,157581,2852719,181275,6294123,
All CA and Non-CA Counties,2021-02-26,365390,9469424,170734,4831403,194656,4638021,0,0,202409,3489238,161862,3014581,209696,6503819,
All CA and Non-CA Counties,2021-02-27,259951,9729375,126478,4957881,133445,4771466,28,28,146470,3527390,112764,3127345,150916,6654735,
All CA and Non-CA Counties,2021-02-28,139107,9868482,82940,5040821,56153,4827619,14,42,80481,3552605,58130,3185475,83345,6738080,
All CA and Non-CA Counties,2021-03-01,250868,10119350,133977,5174798,116745,4944364,146,188,142818,3592456,107132,3292607,146983,6885063,
All CA and Non-CA Counties,2021-03-02,298045,10417395,149646,5324444,148367,5092731,32,220,177655,3657276,119758,3412365,184578,7069641,
All CA and Non-CA Counties,2021-03-03,344711,10762106,170963,5495407,173679,5266410,69,289,197325,3715428,146557,3558922,204709,7274350,
All CA and Non-CA Counties,2021-03-04,361650,11123756,182314,5677721,179229,5445639,107,396,210638,3783082,150124,3709046,217778,7492128,
All CA and Non-CA Counties,2021-03-05,348025,11471781,170810,5848531,176065,5621704,1150,1546,215799,3875984,131316,3840362,224218,7716346,
All CA and Non-CA Counties,2021-03-06,265149,11736930,135847,5984378,121277,5742981,8025,9571,164279,3952581,100393,3940755,176990,7893336,
All CA and Non-CA Counties,2021-03-07,130855,11867785,79831,6064209,46780,5789761,4244,13815,81426,3992720,49200,3989955,89339,7982675,
All CA and Non-CA Counties,2021-03-08,225496,12093281,110521,6174730,104214,5893975,10761,24576,147681,4078779,77323,4067278,163382,8146057,
All CA and Non-CA Counties,2021-03-09,299193,12392474,143002,6317732,139931,6033906,16260,40836,167513,4135447,131120,4198398,187788,8333845,
All CA and Non-CA Counties,2021-03-10,330483,12722957,164340,6482072,141032,6174938,25111,65947,178793,4192549,150912,4349310,208014,8541859,
All CA and Non-CA Counties,2021-03-11,386402,13109359,187190,6669262,165044,6339982,34168,100115,197774,4241106,187541,4536851,236098,8777957,
All CA and Non-CA Counties,2021-03-12,405093,13514452,181951,6851213,176004,6515986,47138,147253,198579,4285370,205521,4742372,249785,9027742,
All CA and Non-CA Counties,2021-03-13,290581,13805033,127669,6978882,131235,6647221,31677,178930,157753,4346678,132298,4874670,193606,9221348,
All CA and Non-CA Counties,2021-03-14,158588,13963621,84476,7063358,58647,6705868,15465,194395,79491,4365130,78745,4953415,97197,9318545,
All CA and Non-CA Counties,2021-03-15,296908,14260529,142144,7205502,133582,6839450,21182,215577,160754,4415207,135260,5088675,185337,9503882,
All CA and Non-CA Counties,2021-03-16,380353,14640882,179660,7385162,182836,7022286,17857,233434,219583,4495928,159899,5248574,240620,9744502,
All CA and Non-CA Counties,2021-03-17,396160,15037042,197772,7582934,179287,7201573,19101,252535,244947,4612233,150246,5398820,266551,10011053,
All CA and Non-CA Counties,2021-03-18,413625,15450667,212991,7795925,181693,7383266,18941,271476,244654,4710199,167737,5566557,265703,10276756,
All CA and Non-CA Counties,2021-03-19,421684,15872351,222589,8018514,176686,7559952,22409,293885,244282,4802648,176303,5742860,268752,10545508,
All CA and Non-CA Counties,2021-03-20,302127,16174478,159174,8177688,126892,7686844,16061,309946,191432,4901731,109903,5852763,208986,10754494,
All CA and Non-CA Counties,2021-03-21,147065,16321543,101778,8279466,37654,7724498,7633,317579,88913,4941948,57708,5910471,97925,10852419,
All CA and Non-CA Counties,2021-03-22,279050,16600593,162744,8442210,104972,7829470,11334,328913,181252,5040673,96904,6007375,195629,11048048,
All CA and Non-CA Counties,2021-03-23,366447,16967040,201999,8644209,153036,7982506,11412,340325,224807,5138888,140598,6147973,238813,11286861,
All CA and Non-CA Counties,2021-03-24,397132,17364172,226961,8871170,157164,8139670,13007,353332,230577,5219379,165175,6313148,245666,11532527,
All CA and Non-CA Counties,2021-03-25,428639,17792811,235615,9106785,177584,8317254,15440,368772,243467,5296712,183706,6496854,261039,11793566,
All CA and Non-CA Counties,2021-03-26,443866,18236677,237330,9344115,190135,8507389,16401,385173,239935,5353320,202545,6699399,259153,12052719,
All CA and Non-CA Counties,2021-03-27,320332,18557009,170219,9514334,138073,8645462,12040,397213,161915,5372023,157482,6856881,176185,12228904,
All CA and Non-CA Counties,2021-03-28,173366,18730375,111105,9625439,58495,8703957,3766,400979,90702,5386690,82156,6939037,96823,12325727,
All CA and Non-CA Counties,2021-03-29,317202,19047577,170106,9795545,137594,8841551,9502,410481,176172,5434719,140137,7079174,188166,12513893,
All CA and Non-CA Counties,2021-03-30,407559,19455136,206533,10002078,182116,9023667,18910,429391,228783,5506283,177874,7257048,249438,12763331,
All CA and Non-CA Counties,2021-03-31,434944,19890080,236564,10238642,175593,9199260,22787,452178,241180,5578664,192570,7449618,264951,13028282,
All CA and Non-CA Counties,2021-04-01,502458,20392538,257658,10496300,203232,9402492,41568,493746,276288,5672970,224558,7674176,318864,13347146,
All CA and Non-CA Counties,2021-04-02,484880,20877418,236624,10732924,203646,9606138,44610,538356,262513,5760649,220965,7895141,308644,13655790,
All CA and Non-CA Counties,2021-04-03,337215,21214633,172446,10905370,121999,9728137,42770,581126,168111,5804205,168369,8063510,211925,13867715,
All CA and Non-CA Counties,2021-04-04,134566,21349199,70161,10975531,45071,9773208,19334,600460,59081,5807592,75125,8138635,78512,13946227,
All CA and Non-CA Counties,2021-04-05,359356,21708555,185078,11160609,133584,9906792,40694,641154,176283,5844656,182273,8320908,219337,14165564,
All CA and Non-CA Counties,2021-04-06,467018,22175573,236969,11397578,162617,10069409,67432,708586,225367,5898649,240597,8561505,294590,14460154,
All CA and Non-CA Counties,2021-04-07,483637,22659210,251539,11649117,160117,10229526,71981,780567,233863,5956722,248678,8810183,306751,14766905,
All CA and Non-CA Counties,2021-04-08,510362,23169572,257669,11906786,165941,10395467,86752,867319,239101,6014734,269919,9080102,327931,15094836,
All CA and Non-CA Counties,2021-04-09,505635,23675207,252087,12158873,171169,10566636,82379,949698,231673,6058914,272751,9352853,316931,15411767,
All CA and Non-CA Counties,2021-04-10,376547,24051754,171835,12330708,128245,10694881,76467,1026165,156873,6075994,218824,9571677,235904,15647671,
All CA and Non-CA Counties,2021-04-11,191593,24243347,107344,12438052,49497,10744378,34752,1060917,78772,6079875,112422,9684099,116303,15763974,
All CA and Non-CA Counties,2021-04-12,346275,24589622,178156,12616208,129201,10873579,38918,1099835,159631,6096381,185552,9869651,202058,15966032,
All CA and Non-CA Counties,2021-04-13,441359,25030981,247595,12863803,192776,11066355,988,1100823,245998,6152166,194216,10063867,250001,16216033,
All CA and Non-CA Counties,2021-04-14,461252,25492233,259111,13122914,201843,11268198,298,1101121,240279,6177616,219645,10283512,245095,16461128,
All CA and Non-CA Counties,2021-04-15,502622,25994855,293126,13416040,209185,11477383,311,1101432,280744,6241324,220188,10503700,283896,16745024,
All CA and Non-CA Counties,2021-04-16,487064,26481919,273983,13690023,212761,11690144,320,1101752,259538,6277584,226039,10729739,262299,17007323,
All CA and Non-CA Counties,2021-04-17,352362,26834281,197509,13887532,154785,11844929,68,1101820,200519,6330494,150845,10880584,203755,17211078,
All CA and Non-CA Counties,2021-04-18,163931,26998212,105345,13992877,58567,11903496,19,1101839,83914,6337956,79531,10960115,86993,17298071,
All CA and Non-CA Counties,2021-04-19,327795,27326007,188095,14180972,139599,12043095,101,1101940,155070,6323328,171669,11131784,157041,17455112,
All CA and Non-CA Counties,2021-04-20,425049,27751056,229297,14410269,195669,12238764,83,1102023,210415,6323510,213399,11345183,213581,17668693,
All CA and Non-CA Counties,2021-04-21,447055,28198111,257560,14667829,189217,12427981,278,1102301,214048,6309999,231275,11576458,217764,17886457,
All CA and Non-CA Counties,2021-04-22,463261,28661372,266154,14933983,197023,12625004,84,1102385,206064,6263787,255609,11832067,209397,18095854,
All CA and Non-CA Counties,2021-04-23,454763,29116135,260943,15194926,193726,12818730,94,1102479,206049,6226167,247144,12079211,209524,18305378,
All CA and Non-CA Counties,2021-04-24,331177,29447312,208310,15403236,122678,12941408,189,1102668,167828,6235153,162314,12241525,171300,18476678,
All CA and Non-CA Counties,2021-04-25,152993,29600305,100038,15503274,52879,12994287,76,1102744,81682,6247603,70794,12312319,83244,18559922,
All CA and Non-CA Counties,2021-04-26,309660,29909965,179590,15682864,128486,13122773,1584,1104328,135353,6215853,173201,12485520,141451,18701373,
All CA and Non-CA Counties,2021-04-27,379323,30289288,209487,15892351,162817,13285590,7019,1111347,153084,6154160,224985,12710505,163292,18864665,
All CA and Non-CA Counties,2021-04-28,364594,30653882,209910,16102261,146341,13431931,8343,1119690,150480,6102483,212863,12923368,161186,19025851,
All CA and Non-CA Counties,2021-04-29,373946,31027828,216559,16318820,149006,13580937,8381,1128071,138060,6016255,234547,13157915,148319,19174170,
All CA and Non-CA Counties,2021-04-30,386622,31414450,222462,16541282,154764,13735701,9396,1137467,147663,5937788,237522,13395437,159055,19333225,
All CA and Non-CA Counties,2021-05-01,252120,31666570,160722,16702004,84838,13820539,6560,1144027,91668,5878764,159483,13554920,100459,19433684,
All CA and Non-CA Counties,2021-05-02,118959,31785529,82928,16784932,32018,13852557,4013,1148040,41778,5848184,76739,13631659,46159,19479843,
All CA and Non-CA Counties,2021-05-03,257294,32042823,157700,16942632,90516,13943073,9078,1157118,78815,5759432,177534,13809193,88782,19568625,
All CA and Non-CA Counties,2021-05-04,337871,32380694,207357,17149989,120248,14063321,10266,1167384,100176,5634520,236539,14045732,111627,19680252,
All CA and Non-CA Counties,2021-05-05,342947,32723641,214572,17364561,117914,14181235,10461,1177845,97442,5499330,244169,14289901,108979,19789231,
All CA and Non-CA Counties,2021-05-06,359937,33083578,236060,17600621,112977,14294212,10900,1188745,92032,5338608,266154,14556055,105432,19894663,
All CA and Non-CA Counties,2021-05-07,357395,33440973,224286,17824907,122819,14417031,10290,1199035,97713,5189672,258199,14814254,109263,20003926,
All CA and Non-CA Counties,2021-05-08,236702,33677675,151091,17975998,78391,14495422,7220,1206255,65485,5093708,170193,14984447,74229,20078155,
All CA and Non-CA Counties,2021-05-09,96817,33774492,73266,18049264,20451,14515873,3100,1209355,25708,5052202,70758,15055205,29252,20107407,
All CA and Non-CA Counties,2021-05-10,208972,33983464,119652,18168916,81105,14596978,8215,1217570,52040,4957719,156048,15211253,61565,20168972,
All CA and Non-CA Counties,2021-05-11,277419,34260883,158124,18327040,110324,14707302,8971,1226541,73730,4839551,202673,15413926,84505,20253477,
All CA and Non-CA Counties,2021-05-12,274966,34535849,160173,18487213,105345,14812647,9448,1235989,74246,4724801,199600,15613526,84850,20338327,
All CA and Non-CA Counties,2021-05-13,320201,34856050,206813,18694026,105760,14918407,7628,1243617,120878,4657850,198123,15811649,131172,20469499,
All CA and Non-CA Counties,2021-05-14,344139,35200189,220724,18914750,114255,15032662,9160,1252777,134534,4595349,208287,16019936,145786,20615285,
All CA and Non-CA Counties,2021-05-15,282873,35483062,197381,19112131,79338,15112000,6154,1258931,116669,4553904,165260,16185196,123815,20739100,
All CA and Non-CA Counties,2021-05-16,143006,35626068,109442,19221573,30542,15142542,3022,1261953,58487,4531795,84032,16269228,61923,20801023,
All CA and Non-CA Counties,2021-05-17,243275,35869343,159869,19381442,75753,15218295,7653,1269606,96520,4491014,145826,16415054,105045,20906068,
All CA and Non-CA Counties,2021-05-18,284896,36154239,173547,19554989,103625,15321920,7724,1277330,111371,4439153,172366,16587420,120505,21026573,
All CA and Non-CA Counties,2021-05-19,278616,36432855,173732,19728721,97049,15418969,7835,1285165,114107,4398806,163418,16750838,123071,21149644,
All CA and Non-CA Counties,2021-05-20,266669,36699524,159280,19888001,98997,15517966,8392,1293557,101726,4346714,163748,16914586,111656,21261300,
All CA and Non-CA Counties,2021-05-21,285407,36984931,175385,20063386,101814,15619780,8208,1301765,107671,4287416,176410,17090996,117112,21378412,
All CA and Non-CA Counties,2021-05-22,207133,37192064,137112,20200498,63595,15683375,6426,1308191,88621,4265915,117687,17208683,96186,21474598,
All CA and Non-CA Counties,2021-05-23,91139,37283203,63804,20264302,24560,15707935,2775,1310966,39332,4257034,51372,17260055,42491,21517089,
All CA and Non-CA Counties,2021-05-24,173570,37456773,101709,20366011,63190,15771125,8671,1319637,65941,4225710,106785,17366840,75461,21592550,
All CA and Non-CA Counties,2021-05-25,191795,37648568,112306,20478317,71135,15842260,8354,1327991,72647,4189746,118091,17484931,82127,21674677,
All CA and Non-CA Counties,2021-05-26,186801,37835369,107267,20585584,71323,15913583,8211,1336202,72534,4158071,113138,17598069,81463,21756140,
All CA and Non-CA Counties,2021-05-27,174324,38009693,99504,20685088,66035,15979618,8785,1344987,70130,4134730,103325,17701394,79984,21836124,
All CA and Non-CA Counties,2021-05-28,191001,38200694,109976,20795064,73555,16053173,7470,1352457,82306,4117938,107689,17809083,90897,21927021,
All CA and Non-CA Counties,2021-05-29,108500,38309194,66421,20861485,37898,16091071,4181,1356638,50538,4115746,57409,17866492,55217,21982238,
All CA and Non-CA Counties,2021-05-30,47928,38357122,31596,20893081,13752,16104823,2580,1359218,21023,4112909,26655,17893147,23818,22006056,
All CA and Non-CA Counties,2021-05-31,20207,38377329,11835,20904916,7358,16112181,1014,1360232,6608,4107220,13425,17906572,7736,22013792,
All CA and Non-CA Counties,2021-06-01,170290,38547619,99232,21004148,63666,16175847,7392,1367624,60425,4067066,108858,18015430,68704,22082496,
All CA and Non-CA Counties,2021-06-02,144563,38692182,85305,21089453,51802,16227649,7456,1375080,54674,4040886,88967,18104397,62787,22145283,
All CA and Non-CA Counties,2021-06-03,172830,38865012,117939,21207392,47532,16275181,7359,1382439,52773,3982826,119192,18223589,61132,22206415,
All CA and Non-CA Counties,2021-06-04,201649,39066661,141728,21349120,53416,16328597,6505,1388944,60506,3911600,140072,18363661,68846,22275261,
All CA and Non-CA Counties,2021-06-05,158918,39225579,119860,21468980,33260,16361857,5798,1394742,44310,3848842,113814,18477475,51056,22326317,
All CA and Non-CA Counties,2021-06-06,64711,39290290,54440,21523420,7975,16369832,2296,1397038,17362,3822247,47052,18524527,20457,22346774,
All CA and Non-CA Counties,2021-06-07,138268,39428558,101168,21624588,30902,16400734,6198,1403236,40855,3773214,96797,18621324,47764,22394538,
All CA and Non-CA Counties,2021-06-08,160048,39588606,115877,21740465,37040,16437774,7131,1410367,47595,3717429,111537,18732861,55752,22450290,
All CA and Non-CA Counties,2021-06-09,154077,39742683,111856,21852321,35187,16472961,7034,1417401,42940,3658004,110304,18843165,50879,22501169,
All CA and Non-CA Counties,2021-06-10,148406,39891089,106634,21958955,34132,16507093,7640,1425041,43732,3606476,103944,18947109,52416,22553585,
All CA and Non-CA Counties,2021-06-11,160885,40051974,112738,22071693,41101,16548194,7046,1432087,50191,3554829,109790,19056899,58143,22611728,
All CA and Non-CA Counties,2021-06-12,116322,40168296,88145,22159838,24339,16572533,3838,1435925,33339,3510239,82429,19139328,37839,22649567,
All CA and Non-CA Counties,2021-06-13,45619,40213915,33943,22193781,9525,16582058,2151,1438076,11515,3490442,33854,19173182,14057,22663624,
All CA and Non-CA Counties,2021-06-14,116860,40330775,82823,22276604,26987,16609045,7050,1445126,38497,3458853,77745,19250927,46156,22709780,
All CA and Non-CA Counties,2021-06-15,133277,40464052,89791,22366395,34435,16643480,9051,1454177,44720,3425823,87694,19338621,54664,22764444,
All CA and Non-CA Counties,2021-06-16,122311,40586363,85945,22452340,28444,16671924,7922,1462099,42259,3397453,79294,19417915,50924,22815368,
All CA and Non-CA Counties,2021-06-17,115782,40702145,80060,22532400,27538,16699462,8184,1470283,41001,3373231,74037,19491952,49815,22865183,
All CA and Non-CA Counties,2021-06-18,130356,40832501,90093,22622493,32341,16731803,7922,1478205,46800,3346040,82666,19574618,55475,22920658,
All CA and Non-CA Counties,2021-06-19,77456,40909957,56236,22678729,17122,16748925,4098,1482303,29177,3332136,47684,19622302,33780,22954438,
All CA and Non-CA Counties,2021-06-20,31392,40941349,23622,22702351,6372,16755297,1398,1483701,11966,3326506,19208,19641510,13578,22968016,
All CA and Non-CA Counties,2021-06-21,72383,41013732,45235,22747586,20841,16776138,6307,1490008,37154,3335648,34837,19676347,43979,23011995,
All CA and Non-CA Counties,2021-06-22,101861,41115593,71070,22818656,24677,16800815,6114,1496122,39883,3320922,61379,19737726,46653,23058648,
All CA and Non-CA Counties,2021-06-23,95274,41210867,67050,22885706,22196,16823011,6028,1502150,38901,3310646,55796,19793522,45520,23104168,
All CA and Non-CA Counties,2021-06-24,92158,41303025,64259,22949965,22104,16845115,5795,1507945,37456,3300395,54065,19847587,43814,23147982,
All CA and Non-CA Counties,2021-06-25,106182,41409207,75002,23024967,25547,16870662,5633,1513578,43434,3287931,62120,19909707,49656,23197638,
All CA and Non-CA Counties,2021-06-26,68478,41477685,51589,23076556,13648,16884310,3241,1516819,28328,3280269,39783,19949490,32121,23229759,
All CA and Non-CA Counties,2021-06-27,32147,41509832,24727,23101283,5831,16890141,1589,1518408,13822,3277754,18150,19967640,15635,23245394,
All CA and Non-CA Counties,2021-06-28,72563,41582395,56029,23157312,11917,16902058,4617,1523025,31893,3274419,40223,20007863,36888,23282282,
All CA and Non-CA Counties,2021-06-29,84038,41666433,59577,23216889,20097,16922155,4364,1527389,35517,3266832,48014,20055877,40427,23322709,
All CA and Non-CA Counties,2021-06-30,78117,41744550,56172,23273061,18042,16940197,3903,1531292,34974,3263571,42676,20098553,39415,23362124,
All CA and Non-CA Counties,2021-07-01,51754,41796304,37373,23310434,11036,16951233,3345,1534637,22183,3260028,29252,20127805,25709,23387833,
Outside California,2020-12-15,9,9,9,9,0,0,0,0,9,9,0,0,9,9,Not in California
Outside California,2020-12-16,274,283,274,283,0,0,0,0,274,283,0,0,274,283,Not in California
Outside California,2020-12-17,1590,1873,1590,1873,0,0,0,0,1590,1873,0,0,1590,1873,Not in California
Outside California,2020-12-18,2530,4403,2523,4396,7,7,0,0,2530,4403,0,0,2530,4403,Not in California
Outside California,2020-12-19,1034,5437,1033,5429,1,8,0,0,1034,5437,0,0,1034,5437,Not in California
Outside California,2020-12-20,678,6115,675,6104,3,11,0,0,678,6115,0,0,678,6115,Not in California
Outside California,2020-12-21,2170,8285,2167,8271,3,14,0,0,2170,8285,0,0,2170,8285,Not in California
Outside California,2020-12-22,2060,10345,1985,10256,75,89,0,0,2060,10345,0,0,2060,10345,Not in California
Outside California,2020-12-23,1529,11874,1386,11642,143,232,0,0,1528,11872,1,1,1528,11873,Not in California
Outside California,2020-12-24,801,12675,611,12253,190,422,0,0,801,12673,0,1,801,12674,Not in California
Outside California,2020-12-25,35,12710,30,12283,5,427,0,0,35,12708,0,1,35,12709,Not in California
Outside California,2020-12-26,308,13018,208,12491,100,527,0,0,308,13016,0,1,308,13017,Not in California
Outside California,2020-12-27,189,13207,72,12563,117,644,0,0,189,13205,0,1,189,13206,Not in California
Outside California,2020-12-28,1406,14613,895,13458,511,1155,0,0,1406,14611,0,1,1406,14612,Not in California
Outside California,2020-12-29,1538,16151,1017,14475,521,1676,0,0,1538,16149,0,1,1538,16150,Not in California
Outside California,2020-12-30,1875,18026,1220,15695,655,2331,0,0,1875,18024,0,1,1875,18025,Not in California
Outside California,2020-12-31,1099,19125,595,16290,504,2835,0,0,1098,19121,1,2,1098,19123,Not in California
Outside California,2021-01-01,119,19244,28,16318,91,2926,0,0,119,19240,0,2,119,19242,Not in California
Outside California,2021-01-02,244,19488,134,16452,110,3036,0,0,243,19482,1,3,243,19485,Not in California
Outside California,2021-01-03,172,19660,92,16544,80,3116,0,0,172,19654,0,3,172,19657,Not in California
Outside California,2021-01-04,1145,20805,510,17054,635,3751,0,0,1140,20793,1,4,1140,20797,Not in California
Outside California,2021-01-05,1546,22351,819,17873,727,4478,0,0,1353,21956,191,195,1354,22151,Not in California
Outside California,2021-01-06,2663,25014,1576,19449,1087,5565,0,0,1934,23164,726,921,1934,24085,Not in California
Outside California,2021-01-07,4109,29123,2523,21972,1586,7151,0,0,2463,23985,1644,2565,2465,26550,Not in California
Outside California,2021-01-08,4475,33598,2905,24877,1570,8721,0,0,2612,24747,1853,4418,2615,29165,Not in California
Outside California,2021-01-09,1310,34908,537,25414,773,9494,0,0,981,25402,328,4746,983,30148,Not in California
Outside California,2021-01-10,316,35224,188,25602,128,9622,0,0,194,25474,122,4868,194,30342,Not in California
Outside California,2021-01-11,3260,38484,1994,27596,1266,10888,0,0,1933,26081,1326,6194,1933,32275,Not in California
Outside California,2021-01-12,3831,42315,2291,29887,1540,12428,0,0,2292,26841,1535,7729,2295,34570,Not in California
Outside California,2021-01-13,3632,45947,1774,31661,1858,14286,0,0,2452,28118,1179,8908,2456,37026,Not in California
Outside California,2021-01-14,3653,49600,1263,32924,2390,16676,0,0,3006,30494,633,9541,3009,40035,Not in California
Outside California,2021-01-15,4178,53778,996,33920,3182,19858,0,0,3701,33730,465,10006,3701,43736,Not in California
Outside California,2021-01-16,2644,56422,391,34311,2253,22111,0,0,2467,36022,175,10181,2467,46203,Not in California
Outside California,2021-01-17,507,56929,152,34463,355,22466,0,0,458,36431,49,10230,458,46661,Not in California
Outside California,2021-01-18,1187,58116,769,35232,418,22884,0,0,730,36706,456,10686,731,47392,Not in California
Outside California,2021-01-19,4090,62206,1335,36567,2755,25639,0,0,3191,39001,899,11585,3194,50586,Not in California
Outside California,2021-01-20,4434,66640,1425,37992,3009,28648,0,0,3491,41555,938,12523,3492,54078,Not in California
Outside California,2021-01-21,4226,70866,1168,39160,3058,31706,0,0,3647,44640,562,13085,3647,57725,Not in California
Outside California,2021-01-22,4638,75504,1099,40259,3539,35245,0,0,4215,48444,413,13498,4217,61942,Not in California
Outside California,2021-01-23,2282,77786,345,40604,1937,37182,0,0,2108,50381,171,13669,2108,64050,Not in California
Outside California,2021-01-24,600,78386,251,40855,349,37531,0,0,519,50819,81,13750,519,64569,Not in California
Outside California,2021-01-25,4548,82934,1975,42830,2573,40104,0,0,3673,53627,867,14617,3675,68244,Not in California
Outside California,2021-01-26,6073,89007,2934,45764,3139,43243,0,0,5200,57962,872,15489,5207,73451,Not in California
Outside California,2021-01-27,5152,94159,2735,48499,2417,45660,0,0,4505,61828,641,16130,4507,77958,Not in California
Outside California,2021-01-28,5266,99425,2831,51330,2435,48095,0,0,4720,66012,536,16666,4720,82678,Not in California
Outside California,2021-01-29,4910,104335,3057,54387,1853,49948,0,0,4095,69302,807,17473,4097,86775,Not in California
Outside California,2021-01-30,4439,108774,2423,56810,2016,51964,0,0,4204,73275,232,17705,4205,90980,Not in California
Outside California,2021-01-31,3276,112050,2848,59658,428,52392,0,0,3212,76427,62,17767,3214,94194,Not in California
Outside California,2021-02-01,5632,117682,2626,62284,3006,55398,0,0,4907,80618,716,18483,4907,99101,Not in California
Outside California,2021-02-02,6845,124527,2186,64470,4659,60057,0,0,6106,85998,726,19209,6106,105207,Not in California
Outside California,2021-02-03,7503,132030,2108,66578,5395,65452,0,0,6611,91727,883,20092,6612,111819,Not in California
Outside California,2021-02-04,6932,138962,2181,68759,4751,70203,0,0,5891,96594,1025,21117,5892,117711,Not in California
Outside California,2021-02-05,6836,145798,2233,70992,4603,74806,0,0,5728,101222,1100,22217,5728,123439,Not in California
Outside California,2021-02-06,4444,150242,2173,73165,2271,77077,0,0,3971,104734,462,22679,3974,127413,Not in California
Outside California,2021-02-07,2225,152467,1828,74993,397,77474,0,0,2137,106787,86,22765,2139,129552,Not in California
Outside California,2021-02-08,5304,157771,3337,78330,1967,79441,0,0,4240,109974,1053,23818,4240,133792,Not in California
Outside California,2021-02-09,4290,162061,1916,80246,2374,81815,0,0,2968,111647,1309,25127,2982,136774,Not in California
Outside California,2021-02-10,5675,167736,1955,82201,3720,85535,0,0,3193,112414,2467,27594,3234,140008,Not in California
Outside California,2021-02-11,4906,172642,2278,84479,2628,88163,0,0,3548,114640,1340,28934,3566,143574,Not in California
Outside California,2021-02-12,5315,177957,1976,86455,3339,91502,0,0,3441,116229,1856,30790,3445,147019,Not in California
Outside California,2021-02-13,2440,180397,740,87195,1700,93202,0,0,1853,117511,583,31373,1865,148884,Not in California
Outside California,2021-02-14,1365,181762,427,87622,938,94140,0,0,1110,118375,248,31621,1112,149996,Not in California
Outside California,2021-02-15,2654,184416,1619,89241,1035,95175,0,0,1271,118283,1366,32987,1274,151270,Not in California
Outside California,2021-02-16,6490,190906,2919,92160,3571,98746,0,0,2595,117006,3877,36864,2600,153870,Not in California
Outside California,2021-02-17,6092,196998,3102,95262,2990,101736,0,0,1857,114649,4219,41083,1862,155732,Not in California
Outside California,2021-02-18,6685,203683,3849,99111,2836,104572,0,0,2098,112198,4550,45633,2099,157831,Not in California
Outside California,2021-02-19,5920,209603,4099,103210,1821,106393,0,0,2480,111252,3428,49061,2482,160313,Not in California
Outside California,2021-02-20,3531,213134,2865,106075,666,107059,0,0,1278,110285,2246,51307,1279,161592,Not in California
Outside California,2021-02-21,3111,216245,2878,108953,233,107292,0,0,921,109030,2176,53483,921,162513,Not in California
Outside California,2021-02-22,3707,219952,2719,111672,988,108280,0,0,1680,108695,2020,55503,1685,164198,Not in California
Outside California,2021-02-23,6606,226558,3535,115207,3071,111351,0,0,2417,107043,4084,59587,2432,166630,Not in California
Outside California,2021-02-24,6628,233186,3597,118804,3031,114382,0,0,2483,105435,4096,63683,2488,169118,Not in California
Outside California,2021-02-25,6938,240124,3513,122317,3425,117807,0,0,3076,104691,3824,67507,3080,172198,Not in California
Outside California,2021-02-26,6884,247008,3630,125947,3254,121061,0,0,3080,104063,3709,71216,3081,175279,Not in California
Outside California,2021-02-27,5493,252501,2770,128717,2722,123783,1,1,1880,102356,3591,74807,1884,177163,Not in California
Outside California,2021-02-28,2446,254947,1768,130485,677,124460,1,2,803,101524,1638,76445,806,177969,Not in California
Outside California,2021-03-01,4990,259937,3163,133648,1826,126286,1,3,1366,99286,3610,80055,1372,179341,Not in California
Outside California,2021-03-02,6749,266686,2501,136149,4248,130534,0,3,2075,96709,4654,84709,2077,181418,Not in California
Outside California,2021-03-03,7967,274653,3139,139288,4826,135360,2,5,2702,94175,5241,89950,2707,184125,Not in California
Outside California,2021-03-04,6852,281505,2911,142199,3934,139294,7,12,2320,91999,4505,94455,2329,186454,Not in California
Outside California,2021-03-05,5300,286805,2674,144873,2611,141905,15,27,2740,92219,2543,96998,2763,189217,Not in California
Outside California,2021-03-06,4609,291414,2146,147019,2309,144214,154,181,2336,92449,2269,99267,2499,191716,Not in California
Outside California,2021-03-07,1611,293025,1033,148052,522,144736,56,237,974,92850,631,99898,1032,192748,Not in California
Outside California,2021-03-08,3143,296168,1862,149914,1031,145767,250,487,2217,94430,895,100793,2475,195223,Not in California
Outside California,2021-03-09,4724,300892,2421,152335,1987,147754,316,803,2785,95603,1928,102721,3101,198324,Not in California
Outside California,2021-03-10,4484,305376,2146,154481,1823,149577,515,1318,2727,97108,1742,104463,3247,201571,Not in California
Outside California,2021-03-11,6232,311608,3187,157668,2363,151940,682,2000,3297,98168,2919,107382,3979,205550,Not in California
Outside California,2021-03-12,6513,318121,3908,161576,1877,153817,728,2728,3556,99514,2937,110319,4283,209833,Not in California
Outside California,2021-03-13,3829,321950,2202,163778,1156,154973,471,3199,2598,101363,1219,111538,3068,212901,Not in California
Outside California,2021-03-14,1807,323757,930,164708,535,155508,342,3541,982,101866,820,112358,1323,214224,Not in California
Outside California,2021-03-15,4052,327809,2123,166831,1457,156965,472,4013,2146,102595,1893,114251,2622,216846,Not in California
Outside California,2021-03-16,7572,335381,4398,171229,2784,159749,390,4403,4170,103772,3379,117630,4556,221402,Not in California
Outside California,2021-03-17,8483,343864,5498,176727,2605,162354,380,4783,5072,105830,3396,121026,5454,226856,Not in California
Outside California,2021-03-18,8347,352211,5157,181884,2642,164996,548,5331,4797,107638,3536,124562,5344,232200,Not in California
Outside California,2021-03-19,7347,359558,4363,186247,2439,167435,545,5876,4372,109599,2961,127523,4922,237122,Not in California
Outside California,2021-03-20,4764,364322,3142,189389,1531,168966,91,5967,3633,112208,1116,128639,3725,240847,Not in California
Outside California,2021-03-21,2095,366417,1436,190825,570,169536,89,6056,1668,113542,423,129062,1757,242604,Not in California
Outside California,2021-03-22,3282,369699,1986,192811,1208,170744,88,6144,2247,114850,1026,130088,2334,244938,Not in California
Outside California,2021-03-23,6114,375813,3118,195929,2692,173436,304,6448,4116,117304,1968,132056,4422,249360,Not in California
Outside California,2021-03-24,7346,383159,3767,199696,3130,176566,449,6897,5044,120507,2288,134344,5491,254851,Not in California
Outside California,2021-03-25,8255,391414,3822,203518,3907,180473,526,7423,5982,124764,2252,136596,6509,261360,Not in California
Outside California,2021-03-26,6690,398104,3536,207054,2975,183448,179,7602,4406,127094,2253,138849,4583,265943,Not in California
Outside California,2021-03-27,5549,403653,3110,210164,2221,185669,218,7820,3478,128730,2057,140906,3693,269636,Not in California
Outside California,2021-03-28,3081,406734,1650,211814,1270,186939,161,7981,1985,129788,1088,141994,2146,271782,Not in California
Outside California,2021-03-29,5198,411932,2305,214119,2545,189484,348,8329,2968,130883,2221,144215,3316,275098,Not in California
Outside California,2021-03-30,6897,418829,3627,217746,2701,192185,569,8898,4076,132729,2806,147021,4652,279750,Not in California
Outside California,2021-03-31,6376,425205,3806,221552,1784,193969,786,9684,3384,133912,2982,150003,4165,283915,Not in California
Outside California,2021-04-01,7611,432816,4564,226116,2388,196357,659,10343,4409,135782,3187,153190,5057,288972,Not in California
Outside California,2021-04-02,8457,441273,4498,230614,2818,199175,1141,11484,4371,137215,4072,157262,5505,294477,Not in California
Outside California,2021-04-03,6299,447572,3776,234390,1364,200539,1159,12643,3347,138781,2939,160201,4505,298982,Not in California
Outside California,2021-04-04,1788,449360,882,235272,665,201204,241,12884,974,139180,812,161013,1211,300193,Not in California
Outside California,2021-04-05,4167,453527,2021,237293,1473,202677,673,13557,1989,139669,2168,163181,2657,302850,Not in California
Outside California,2021-04-06,7188,460715,3859,241152,1682,204359,1647,15204,2874,139892,4293,167474,4516,307366,Not in California
Outside California,2021-04-07,8276,468991,4656,245808,1913,206272,1707,16911,3205,139738,5057,172531,4903,312269,Not in California
Outside California,2021-04-08,8283,477274,4353,250161,1986,208258,1944,18855,3307,140013,4961,177492,5236,317505,Not in California
Outside California,2021-04-09,7593,484867,3884,254045,1738,209996,1971,20826,2906,140208,4669,182161,4864,322369,Not in California
Outside California,2021-04-10,6125,490992,2997,257042,1264,211260,1864,22690,1682,139313,4428,186589,3533,325902,Not in California
Outside California,2021-04-11,2868,493860,1566,258608,653,211913,649,23339,968,139031,1895,188484,1613,327515,Not in California
Outside California,2021-04-12,4194,498054,2348,260956,1281,213194,565,23904,1865,139142,2319,190803,2430,329945,Not in California
Outside California,2021-04-13,5847,503901,3737,264693,2085,215279,25,23929,3023,139373,2817,193620,3048,332993,Not in California
Outside California,2021-04-14,5490,509391,3529,268222,1957,217236,4,23933,3031,139960,2448,196068,3035,336028,Not in California
Outside California,2021-04-15,6179,515570,3894,272116,2279,219515,6,23939,3323,140489,2801,198869,3330,339358,Not in California
Outside California,2021-04-16,5957,521527,3418,275534,2532,222047,7,23946,3325,141208,2616,201485,3335,342693,Not in California
Outside California,2021-04-17,5548,527075,3494,279028,2053,224100,1,23947,3211,142095,2324,203809,3211,345904,Not in California
Outside California,2021-04-18,2196,529271,1264,280292,931,225031,1,23948,1076,142060,1114,204923,1079,346983,Not in California
Outside California,2021-04-19,4174,533445,2005,282297,2168,227199,1,23949,2146,142195,2015,206938,2150,349133,Not in California
Outside California,2021-04-20,5519,538964,2563,284860,2955,230154,1,23950,2286,141264,3217,210155,2286,351419,Not in California
Outside California,2021-04-21,6677,545641,2906,287766,3765,233919,6,23956,2459,139533,4197,214352,2466,353885,Not in California
Outside California,2021-04-22,6970,552611,3604,291370,3364,237283,2,23958,2580,137741,4375,218727,2583,356468,Not in California
Outside California,2021-04-23,5973,558584,3073,294443,2899,240182,1,23959,2481,136752,3473,222200,2484,358952,Not in California
Outside California,2021-04-24,4676,563260,3053,297496,1618,241800,5,23964,1881,135854,2787,224987,1889,360841,Not in California
Outside California,2021-04-25,2219,565479,1248,298744,970,242770,1,23965,1171,135985,1044,226031,1175,362016,Not in California
Outside California,2021-04-26,4201,569680,1884,300628,2289,245059,28,23993,1912,135648,2277,228308,1940,363956,Not in California
Outside California,2021-04-27,5766,575446,2175,302803,3220,248279,371,24364,2019,134311,3735,232043,2398,366354,Not in California
Outside California,2021-04-28,4961,580407,2144,304947,2420,250699,397,24761,1967,133691,2979,235022,2359,368713,Not in California
Outside California,2021-04-29,4951,585358,2336,307283,2182,252881,433,25194,1883,132962,3044,238066,2315,371028,Not in California
Outside California,2021-04-30,4971,590329,2428,309711,2118,254999,425,25619,1892,132219,3063,241129,2320,373348,Not in California
Outside California,2021-05-01,3206,593535,1850,311561,926,255925,430,26049,1311,132079,1881,243010,1741,375089,Not in California
Outside California,2021-05-02,1850,595385,1085,312646,642,256567,123,26172,824,132005,1021,244031,947,376036,Not in California
Outside California,2021-05-03,2919,598304,1593,314239,1041,257608,285,26457,1128,131635,1782,245813,1412,377448,Not in California
Outside California,2021-05-04,4009,602313,2170,316409,1401,259009,438,26895,1341,130755,2657,248470,1777,379225,Not in California
Outside California,2021-05-05,4509,606822,2542,318951,1596,260605,371,27266,1629,129887,2871,251341,2003,381228,Not in California
Outside California,2021-05-06,4530,611352,2792,321743,1400,262005,338,27604,1593,128889,2929,254270,1931,383159,Not in California
Outside California,2021-05-07,4687,616039,2728,324471,1574,263579,385,27989,1619,127843,3050,257320,2004,385163,Not in California
Outside California,2021-05-08,3275,619314,2218,326689,808,264387,249,28238,1086,126999,2180,259500,1336,386499,Not in California
Outside California,2021-05-09,1392,620706,933,327622,337,264724,122,28360,574,126880,813,260313,694,387193,Not in California
Outside California,2021-05-10,2578,623284,1190,328812,1059,265783,329,28689,911,126462,1660,261973,1242,388435,Not in California
Outside California,2021-05-11,3093,626377,1518,330330,1271,267054,304,28993,1167,126015,1922,263895,1475,389910,Not in California
Outside California,2021-05-12,3241,629618,1575,331905,1340,268394,326,29319,1253,125610,1983,265878,1578,391488,Not in California
Outside California,2021-05-13,3222,632840,1884,333789,1130,269524,208,29527,1401,125405,1814,267692,1609,393097,Not in California
Outside California,2021-05-14,3575,636415,2018,335807,1318,270842,239,29766,1587,125254,1980,269672,1829,394926,Not in California
Outside California,2021-05-15,2651,639066,1561,337368,948,271790,142,29908,1141,125037,1502,271174,1285,396211,Not in California
Outside California,2021-05-16,1662,640728,1072,338440,521,272311,69,29977,762,124972,897,272071,832,397043,Not in California
Outside California,2021-05-17,3061,643789,1631,340071,1194,273505,236,30213,1307,124764,1750,273821,1542,398585,Not in California
Outside California,2021-05-18,3249,647038,1643,341714,1287,274792,319,30532,1439,124730,1795,275616,1761,400346,Not in California
Outside California,2021-05-19,3344,650382,1674,343388,1402,276194,268,30800,1445,124552,1890,277506,1712,402058,Not in California
Outside California,2021-05-20,3149,653531,1743,345131,1157,277351,249,31049,1405,124476,1732,279238,1656,403714,Not in California
Outside California,2021-05-21,3188,656719,1775,346906,1164,278515,249,31298,1347,124245,1827,281065,1596,405310,Not in California
Outside California,2021-05-22,2779,659498,1815,348721,761,279276,203,31501,1486,124650,1285,282350,1690,407000,Not in California
Outside California,2021-05-23,1551,661049,1014,349735,459,279735,78,31579,782,124744,767,283117,861,407861,Not in California
Outside California,2021-05-24,2420,663469,1160,350895,914,280649,346,31925,1063,124807,1346,284463,1409,409270,Not in California
Outside California,2021-05-25,2364,665833,1098,351993,931,281580,335,32260,997,124777,1359,285822,1329,410599,Not in California
Outside California,2021-05-26,2379,668212,1097,353090,927,282507,355,32615,983,124728,1388,287210,1339,411938,Not in California
Outside California,2021-05-27,2167,670379,1073,354163,806,283313,288,32903,971,124794,1191,288401,1257,413195,Not in California
Outside California,2021-05-28,2429,672808,1219,355382,858,284171,352,33255,1090,124905,1332,289733,1443,414638,Not in California
Outside California,2021-05-29,1658,674466,831,356213,472,284643,355,33610,692,124990,962,290695,1047,415685,Not in California
Outside California,2021-05-30,916,675382,562,356775,230,284873,124,33734,452,125106,460,291155,576,416261,Not in California
Outside California,2021-05-31,425,675807,186,356961,199,285072,40,33774,182,125096,232,291387,222,416483,Not in California
Outside California,2021-06-01,2126,677933,1121,358082,703,285775,302,34076,997,125271,1124,292511,1299,417782,Not in California
Outside California,2021-06-02,2019,679952,1001,359083,669,286444,349,34425,914,125439,1095,293606,1263,419045,Not in California
Outside California,2021-06-03,2142,682094,1172,360255,657,287101,313,34738,956,125528,1179,294785,1268,420313,Not in California
Outside California,2021-06-04,2522,684616,1402,361657,803,287904,317,35055,1079,125486,1437,296222,1395,421708,Not in California
Outside California,2021-06-05,1709,686325,1189,362846,356,288260,164,35219,762,125471,942,297164,927,422635,Not in California
Outside California,2021-06-06,923,687248,693,363539,149,288409,81,35300,434,125499,487,297651,515,423150,Not in California
Outside California,2021-06-07,1918,689166,1037,364576,552,288961,329,35629,793,125496,1124,298775,1121,424271,Not in California
Outside California,2021-06-08,2057,691223,1168,365744,544,289505,345,35974,781,125350,1271,300046,1125,425396,Not in California
Outside California,2021-06-09,1960,693183,1171,366915,504,290009,285,36259,793,125268,1158,301204,1076,426472,Not in California
Outside California,2021-06-10,1941,695124,1127,368042,505,290514,309,36568,826,125293,1111,302315,1136,427608,Not in California
Outside California,2021-06-11,2167,697291,1246,369288,592,291106,329,36897,918,125299,1242,303557,1248,428856,Not in California
Outside California,2021-06-12,1622,698913,1214,370502,282,291388,126,37023,640,125090,977,304534,768,429624,Not in California
Outside California,2021-06-13,944,699857,644,371146,199,291587,101,37124,414,125079,526,305060,515,430139,Not in California
Outside California,2021-06-14,1762,701619,989,372135,473,292060,300,37424,740,125101,1016,306076,1038,431177,Not in California
Outside California,2021-06-15,1716,703335,947,373082,493,292553,276,37700,765,125197,945,307021,1041,432218,Not in California
Outside California,2021-06-16,1672,705007,992,374074,457,293010,223,37923,800,125357,863,307884,1023,433241,Not in California
Outside California,2021-06-17,1849,706856,1024,375098,471,293481,354,38277,838,125541,1008,308892,1192,434433,Not in California
Outside California,2021-06-18,1953,708809,1061,376159,433,293914,459,38736,825,125703,1121,310013,1283,435716,Not in California
Outside California,2021-06-19,1049,709858,691,376850,259,294173,99,38835,547,125850,498,310511,645,436361,Not in California
Outside California,2021-06-20,768,710626,557,377407,165,294338,46,38881,458,126047,307,310818,504,436865,Not in California
Outside California,2021-06-21,1272,711898,636,378043,322,294660,314,39195,688,126471,578,311396,1002,437867,Not in California
Outside California,2021-06-22,1635,713533,1033,379076,347,295007,255,39450,872,126840,758,312154,1127,438994,Not in California
Outside California,2021-06-23,1677,715210,920,379996,435,295442,322,39772,793,127076,877,313031,1113,440107,Not in California
Outside California,2021-06-24,1543,716753,904,380900,362,295804,277,40049,813,127437,728,313759,1089,441196,Not in California
Outside California,2021-06-25,1778,718531,1014,381914,404,296208,360,40409,861,127743,913,314672,1219,442415,Not in California
Outside California,2021-06-26,1143,719674,743,382657,221,296429,179,40588,591,127964,549,315221,770,443185,Not in California
Outside California,2021-06-27,749,720423,582,383239,108,296537,59,40647,446,128167,301,315522,504,443689,Not in California
Outside California,2021-06-28,1392,721815,824,384063,268,296805,300,40947,720,128517,672,316194,1022,444711,Not in California
Outside California,2021-06-29,1420,723235,871,384934,321,297126,228,41175,760,128851,653,316847,987,445698,Not in California
Outside California,2021-06-30,1342,724577,762,385696,363,297489,217,41392,710,129148,629,317476,926,446624,Not in California
Outside California,2021-07-01,1075,725652,570,386266,279,297768,226,41618,554,129414,513,317989,779,447403,Not in California
Unknown,2020-12-17,2,2,2,2,0,0,0,0,0,0,0,0,0,0,Not in California
Unknown,2020-12-18,1,3,1,3,0,0,0,0,0,0,0,0,0,0,Not in California
Unknown,2020-12-21,4,7,4,7,0,0,0,0,0,0,0,0,0,0,Not in California
Unknown,2020-12-28,4,11,4,11,0,0,0,0,3,3,0,0,3,3,Not in California
Unknown,2020-12-29,6,17,5,16,1,1,0,0,7,10,0,0,7,10,Not in California
Unknown,2020-12-30,54,71,54,70,0,1,0,0,54,64,0,0,54,64,Not in California
Unknown,2020-12-31,1,72,0,70,1,2,0,0,0,64,0,0,0,64,Not in California
Unknown,2021-01-02,1,73,0,70,1,3,0,0,1,65,0,0,1,65,Not in California
Unknown,2021-01-04,3,76,3,73,0,3,0,0,2,67,0,0,2,67,Not in California
Unknown,2021-01-06,4,80,2,75,2,5,0,0,4,71,0,0,4,71,Not in California
Unknown,2021-01-07,69,149,68,143,1,6,0,0,68,139,0,0,68,139,Not in California
Unknown,2021-01-08,1,150,0,143,1,7,0,0,3,142,0,0,3,142,Not in California
Unknown,2021-01-09,2,152,2,145,0,7,0,0,3,145,0,0,3,145,Not in California
Unknown,2021-01-11,20,172,20,165,0,7,0,0,20,165,0,0,20,165,Not in California
Unknown,2021-01-12,11,183,10,175,1,8,0,0,9,174,1,1,10,175,Not in California
Unknown,2021-01-13,10,193,10,185,0,8,0,0,11,185,0,1,11,186,Not in California
Unknown,2021-01-14,3,196,3,188,0,8,0,0,3,188,0,1,3,189,Not in California
Unknown,2021-01-15,7,203,6,194,1,9,0,0,7,195,0,1,7,196,Not in California
Unknown,2021-01-16,7,210,7,201,0,9,0,0,7,202,0,1,7,203,Not in California
Unknown,2021-01-17,4,214,4,205,0,9,0,0,4,206,0,1,4,207,Not in California
Unknown,2021-01-18,56,270,56,261,0,9,0,0,54,258,2,3,54,261,Not in California
Unknown,2021-01-19,25,295,25,286,0,9,0,0,20,275,3,6,20,281,Not in California
Unknown,2021-01-20,81,376,81,367,0,9,0,0,29,251,53,59,29,310,Not in California
Unknown,2021-01-21,54,430,52,419,2,11,0,0,55,305,1,60,55,365,Not in California
Unknown,2021-01-22,35,465,31,450,4,15,0,0,35,340,0,60,35,400,Not in California
Unknown,2021-01-23,11,476,7,457,4,19,0,0,11,351,0,60,11,411,Not in California
Unknown,2021-01-24,2,478,2,459,0,19,0,0,3,354,0,60,3,414,Not in California
Unknown,2021-01-25,20,498,17,476,3,22,0,0,17,368,3,63,17,431,Not in California
Unknown,2021-01-26,87,585,86,562,1,23,0,0,89,456,1,64,89,520,Not in California
Unknown,2021-01-27,18,603,18,580,0,23,0,0,16,470,2,66,16,536,Not in California
Unknown,2021-01-28,151,754,149,729,2,25,0,0,94,504,60,126,94,630,Not in California
Unknown,2021-01-29,139,893,139,868,0,25,0,0,143,646,1,127,143,773,Not in California
Unknown,2021-01-30,12,905,10,878,2,27,0,0,14,658,2,129,14,787,Not in California
Unknown,2021-01-31,15,920,15,893,0,27,0,0,16,674,0,129,16,803,Not in California
Unknown,2021-02-01,36,956,34,927,2,29,0,0,19,674,19,148,19,822,Not in California
Unknown,2021-02-02,65,1021,64,991,1,30,0,0,57,724,7,155,57,879,Not in California
Unknown,2021-02-03,44,1065,43,1034,1,31,0,0,32,745,11,166,32,911,Not in California
Unknown,2021-02-04,58,1123,53,1087,5,36,0,0,51,789,7,173,51,962,Not in California
Unknown,2021-02-05,20,1143,16,1103,4,40,0,0,15,799,5,178,15,977,Not in California
Unknown,2021-02-06,15,1158,15,1118,0,40,0,0,10,803,6,184,10,987,Not in California
Unknown,2021-02-07,9,1167,9,1127,0,40,0,0,7,808,2,186,7,994,Not in California
Unknown,2021-02-08,56,1223,53,1180,3,43,0,0,15,782,41,227,15,1009,Not in California
Unknown,2021-02-09,19,1242,19,1199,0,43,0,0,4,771,15,242,4,1013,Not in California
Unknown,2021-02-10,34,1276,30,1229,4,47,0,0,9,755,25,267,9,1022,Not in California
Unknown,2021-02-11,88,1364,87,1316,1,48,0,0,44,753,46,313,44,1066,Not in California
Unknown,2021-02-12,44,1408,36,1352,8,56,0,0,13,735,31,344,13,1079,Not in California
Unknown,2021-02-13,12,1420,5,1357,7,63,0,0,8,739,4,348,8,1087,Not in California
Unknown,2021-02-14,7,1427,2,1359,5,68,0,0,4,741,2,350,4,1091,Not in California
Unknown,2021-02-15,44,1471,38,1397,6,74,0,0,28,755,14,364,28,1119,Not in California
Unknown,2021-02-16,113,1584,103,1500,10,84,0,0,32,706,81,445,32,1151,Not in California
Unknown,2021-02-17,13,1597,11,1511,2,86,0,0,8,706,8,453,8,1159,Not in California
Unknown,2021-02-18,103,1700,98,1609,5,91,0,0,17,637,86,539,17,1176,Not in California
Unknown,2021-02-19,184,1884,179,1788,5,96,0,0,46,546,137,676,46,1222,Not in California
Unknown,2021-02-20,8,1892,6,1794,2,98,0,0,2,542,6,682,2,1224,Not in California
Unknown,2021-02-21,16,1908,16,1810,0,98,0,0,1,528,15,697,1,1225,Not in California
Unknown,2021-02-22,10,1918,10,1820,0,98,0,0,5,528,5,702,5,1230,Not in California
Unknown,2021-02-23,62,1980,51,1871,11,109,0,0,15,497,46,748,15,1245,Not in California
Unknown,2021-02-24,39,2019,31,1902,8,117,0,0,14,486,25,773,14,1259,Not in California
Unknown,2021-02-25,67,2086,54,1956,13,130,0,0,24,466,44,817,24,1283,Not in California
Unknown,2021-02-26,38,2124,24,1980,14,144,0,0,21,472,15,832,21,1304,Not in California
Unknown,2021-02-27,23,2147,17,1997,6,150,0,0,11,475,8,840,11,1315,Not in California
Unknown,2021-02-28,18,2165,13,2010,5,155,0,0,11,481,5,845,11,1326,Not in California
Unknown,2021-03-01,44,2209,26,2036,18,173,0,0,24,486,19,864,24,1350,Not in California
Unknown,2021-03-02,21,2230,10,2046,11,184,0,0,12,492,6,870,12,1362,Not in California
Unknown,2021-03-03,14,2244,10,2056,4,188,0,0,10,499,3,873,10,1372,Not in California
Unknown,2021-03-04,47,2291,44,2100,3,191,0,0,17,486,30,903,17,1389,Not in California
Unknown,2021-03-05,25,2316,15,2115,10,201,0,0,22,502,6,909,22,1411,Not in California
Unknown,2021-03-06,20,2336,12,2127,6,207,2,2,16,516,4,913,18,1429,Not in California
Unknown,2021-03-07,1,2337,1,2128,0,207,0,2,2,518,0,913,2,1431,Not in California
Unknown,2021-03-08,31,2368,22,2150,7,214,2,4,7,502,25,938,9,1440,Not in California
Unknown,2021-03-09,38,2406,31,2181,3,217,4,8,10,487,29,967,14,1454,Not in California
Unknown,2021-03-10,14,2420,10,2191,1,218,3,11,6,487,9,976,9,1463,Not in California
Unknown,2021-03-11,30,2450,13,2204,3,221,14,25,7,486,22,998,21,1484,Not in California
Unknown,2021-03-12,62,2512,47,2251,10,231,5,30,11,453,49,1047,16,1500,Not in California
Unknown,2021-03-13,15,2527,4,2255,7,238,4,34,6,453,10,1057,10,1510,Not in California
Unknown,2021-03-14,14,2541,6,2261,6,244,2,36,5,452,8,1065,7,1517,Not in California
Unknown,2021-03-15,34,2575,14,2275,18,262,2,38,24,466,12,1077,26,1543,Not in California
Unknown,2021-03-16,49,2624,22,2297,23,285,4,42,29,479,20,1097,33,1576,Not in California
Unknown,2021-03-17,39,2663,16,2313,22,307,1,43,34,510,4,1101,35,1611,Not in California
Unknown,2021-03-18,33,2696,20,2333,13,320,0,43,20,518,12,1113,20,1631,Not in California
Unknown,2021-03-19,29,2725,19,2352,10,330,0,43,23,533,8,1121,23,1654,Not in California
Unknown,2021-03-20,28,2753,15,2367,13,343,0,43,15,537,11,1132,15,1669,Not in California
Unknown,2021-03-21,16,2769,10,2377,6,349,0,43,12,546,3,1135,12,1681,Not in California
Unknown,2021-03-22,35,2804,19,2396,15,364,1,44,17,552,12,1147,18,1699,Not in California
Unknown,2021-03-23,25,2829,10,2406,10,374,5,49,12,558,11,1158,17,1716,Not in California
Unknown,2021-03-24,21,2850,8,2414,13,387,0,49,14,565,7,1165,14,1730,Not in California
Unknown,2021-03-25,38,2888,25,2439,13,400,0,49,24,576,13,1178,24,1754,Not in California
Unknown,2021-03-26,36,2924,20,2459,11,411,5,54,18,584,15,1193,23,1777,Not in California
Unknown,2021-03-27,32,2956,15,2474,14,425,3,57,18,588,17,1210,21,1798,Not in California
Unknown,2021-03-28,18,2974,9,2483,9,434,0,57,12,595,5,1215,12,1810,Not in California
Unknown,2021-03-29,40,3014,19,2502,21,455,0,57,24,607,12,1227,24,1834,Not in California
Unknown,2021-03-30,41,3055,26,2528,15,470,0,57,24,616,15,1242,24,1858,Not in California
Unknown,2021-03-31,37,3092,22,2550,14,484,1,58,26,631,12,1254,27,1885,Not in California
Unknown,2021-04-01,25,3117,15,2565,7,491,3,61,16,642,8,1262,19,1904,Not in California
Unknown,2021-04-02,42,3159,20,2585,13,504,9,70,16,641,26,1288,25,1929,Not in California
Unknown,2021-04-03,20,3179,10,2595,10,514,0,70,14,645,10,1298,14,1943,Not in California
Unknown,2021-04-04,15,3194,4,2599,11,525,0,70,9,649,5,1303,9,1952,Not in California
Unknown,2021-04-05,34,3228,20,2619,13,538,1,71,16,649,17,1320,17,1969,Not in California
Unknown,2021-04-06,23,3251,15,2634,7,545,1,72,12,651,11,1331,13,1982,Not in California
Unknown,2021-04-07,38,3289,26,2660,11,556,1,73,26,666,11,1342,26,2008,Not in California
Unknown,2021-04-08,36,3325,23,2683,7,563,6,79,16,667,21,1363,22,2030,Not in California
Unknown,2021-04-09,33,3358,23,2706,10,573,0,79,21,677,11,1374,21,2051,Not in California
Unknown,2021-04-10,11,3369,9,2715,1,574,1,80,5,676,7,1381,6,2057,Not in California
Unknown,2021-04-11,11,3380,7,2722,4,578,0,80,5,676,5,1386,5,2062,Not in California
Unknown,2021-04-12,37,3417,20,2742,16,594,1,81,17,672,22,1408,18,2080,Not in California
Unknown,2021-04-13,47,3464,28,2770,19,613,0,81,17,661,28,1436,17,2097,Not in California
Unknown,2021-04-14,30,3494,9,2779,21,634,0,81,6,643,24,1460,6,2103,Not in California
Unknown,2021-04-15,32,3526,17,2796,14,648,1,82,11,632,22,1482,11,2114,Not in California
Unknown,2021-04-16,26,3552,16,2812,10,658,0,82,10,626,16,1498,10,2124,Not in California
Unknown,2021-04-17,24,3576,15,2827,9,667,0,82,8,620,15,1513,9,2133,Not in California
Unknown,2021-04-18,19,3595,7,2834,12,679,0,82,8,616,12,1525,8,2141,Not in California
Unknown,2021-04-19,35,3630,22,2856,13,692,0,82,14,610,20,1545,14,2155,Not in California
Unknown,2021-04-20,26,3656,16,2872,10,702,0,82,6,596,20,1565,6,2161,Not in California
Unknown,2021-04-21,40,3696,20,2892,20,722,0,82,16,587,25,1590,16,2177,Not in California
Unknown,2021-04-22,24,3720,16,2908,8,730,0,82,6,576,17,1607,6,2183,Not in California
Unknown,2021-04-23,31,3751,16,2924,15,745,0,82,15,577,14,1621,15,2198,Not in California
Unknown,2021-04-24,31,3782,23,2947,8,753,0,82,16,579,14,1635,16,2214,Not in California
Unknown,2021-04-25,20,3802,9,2956,11,764,0,82,7,574,12,1647,7,2221,Not in California
Unknown,2021-04-26,30,3832,18,2974,12,776,0,82,12,569,17,1664,12,2233,Not in California
Unknown,2021-04-27,30,3862,17,2991,12,788,1,83,10,561,19,1683,11,2244,Not in California
Unknown,2021-04-28,28,3890,19,3010,7,795,2,85,8,551,20,1703,10,2254,Not in California
Unknown,2021-04-29,35,3925,23,3033,12,807,0,85,16,546,21,1724,16,2270,Not in California
Unknown,2021-04-30,30,3955,15,3048,10,817,5,90,16,552,15,1739,21,2291,Not in California
Unknown,2021-05-01,27,3982,20,3068,7,824,0,90,15,556,11,1750,15,2306,Not in California
Unknown,2021-05-02,14,3996,6,3074,7,831,1,91,5,554,8,1758,6,2312,Not in California
Unknown,2021-05-03,23,4019,16,3090,4,835,3,94,6,545,17,1775,8,2320,Not in California
Unknown,2021-05-04,18,4037,9,3099,5,840,4,98,6,541,14,1789,10,2330,Not in California
Unknown,2021-05-05,25,4062,10,3109,14,854,1,99,11,539,14,1803,12,2342,Not in California
Unknown,2021-05-06,34,4096,21,3130,6,860,7,106,11,533,24,1827,18,2360,Not in California
Unknown,2021-05-07,27,4123,13,3143,10,870,4,110,10,529,18,1845,14,2374,Not in California
Unknown,2021-05-08,14,4137,9,3152,3,873,2,112,5,528,8,1853,7,2381,Not in California
Unknown,2021-05-09,17,4154,4,3156,9,882,4,116,8,531,9,1862,12,2393,Not in California
Unknown,2021-05-10,21,4175,11,3167,7,889,3,119,3,521,16,1878,6,2399,Not in California
Unknown,2021-05-11,17,4192,9,3176,4,893,4,123,9,526,8,1886,13,2412,Not in California
Unknown,2021-05-12,14,4206,9,3185,4,897,1,124,4,522,9,1895,5,2417,Not in California
Unknown,2021-05-13,18,4224,12,3197,1,898,5,129,11,530,9,1904,17,2434,Not in California
Unknown,2021-05-14,23,4247,18,3215,4,902,1,130,12,532,10,1914,12,2446,Not in California
Unknown,2021-05-15,22,4269,20,3235,2,904,0,130,14,537,9,1923,14,2460,Not in California
Unknown,2021-05-16,25,4294,17,3252,7,911,1,131,14,541,11,1934,15,2475,Not in California
Unknown,2021-05-17,23,4317,17,3269,4,915,2,133,9,539,13,1947,11,2486,Not in California
Unknown,2021-05-18,31,4348,19,3288,10,925,2,135,18,546,13,1960,20,2506,Not in California
Unknown,2021-05-19,30,4378,22,3310,7,932,1,136,10,538,19,1979,11,2517,Not in California
Unknown,2021-05-20,19,4397,15,3325,3,935,1,137,10,541,8,1987,11,2528,Not in California
Unknown,2021-05-21,24,4421,13,3338,7,942,4,141,10,540,15,2002,14,2542,Not in California
Unknown,2021-05-22,26,4447,22,3360,3,945,1,142,11,540,12,2014,12,2554,Not in California
Unknown,2021-05-23,10,4457,7,3367,3,948,0,142,6,542,4,2018,6,2560,Not in California
Unknown,2021-05-24,10,4467,6,3373,3,951,1,143,5,543,5,2023,6,2566,Not in California
Unknown,2021-05-25,21,4488,10,3383,5,956,6,149,7,543,13,2036,13,2579,Not in California
Unknown,2021-05-26,12,4500,9,3392,2,958,1,150,3,540,7,2043,4,2583,Not in California
Unknown,2021-05-27,22,4522,15,3407,5,963,2,152,6,533,15,2058,8,2591,Not in California
Unknown,2021-05-28,22,4544,12,3419,5,968,5,157,12,540,10,2068,17,2608,Not in California
Unknown,2021-05-29,31,4575,25,3444,6,974,0,157,25,559,6,2074,25,2633,Not in California
Unknown,2021-05-30,7,4582,4,3448,2,976,1,158,3,559,4,2078,4,2637,Not in California
Unknown,2021-05-31,1,4583,1,3449,0,976,0,158,0,558,1,2079,0,2637,Not in California
Unknown,2021-06-01,28,4611,16,3465,6,982,6,164,11,559,16,2095,17,2654,Not in California
Unknown,2021-06-02,7,4618,4,3469,3,985,0,164,2,556,5,2100,2,2656,Not in California
Unknown,2021-06-03,17,4635,16,3485,1,986,0,164,8,555,9,2109,8,2664,Not in California
Unknown,2021-06-04,28,4663,18,3503,10,996,0,164,16,559,12,2121,16,2680,Not in California
Unknown,2021-06-05,30,4693,21,3524,8,1004,1,165,16,562,14,2135,17,2697,Not in California
Unknown,2021-06-06,32,4725,24,3548,5,1009,3,168,14,561,18,2153,17,2714,Not in California
Unknown,2021-06-07,21,4746,10,3558,8,1017,3,171,9,561,12,2165,12,2726,Not in California
Unknown,2021-06-08,16,4762,8,3566,5,1022,3,174,5,558,11,2176,8,2734,Not in California
Unknown,2021-06-09,27,4789,17,3583,9,1031,1,175,14,561,12,2188,15,2749,Not in California
Unknown,2021-06-10,14,4803,11,3594,3,1034,0,175,6,559,8,2196,6,2755,Not in California
Unknown,2021-06-11,6,4809,4,3598,1,1035,1,176,4,562,2,2198,5,2760,Not in California
Unknown,2021-06-12,13,4822,9,3607,4,1039,0,176,8,565,5,2203,8,2768,Not in California
Unknown,2021-06-13,10,4832,6,3613,4,1043,0,176,3,561,7,2210,3,2771,Not in California
Unknown,2021-06-14,7,4839,6,3619,1,1044,0,176,3,560,4,2214,3,2774,Not in California
Unknown,2021-06-15,22,4861,13,3632,9,1053,0,176,8,555,13,2227,8,2782,Not in California
Unknown,2021-06-16,6,4867,3,3635,3,1056,0,176,5,559,1,2228,5,2787,Not in California
Unknown,2021-06-17,16,4883,10,3645,4,1060,2,178,12,570,3,2231,14,2801,Not in California
Unknown,2021-06-18,15,4898,11,3656,4,1064,0,178,8,571,7,2238,8,2809,Not in California
Unknown,2021-06-19,13,4911,11,3667,1,1065,1,179,2,563,11,2249,3,2812,Not in California
Unknown,2021-06-20,8,4919,6,3673,1,1066,1,180,3,562,5,2254,4,2816,Not in California
Unknown,2021-06-21,12,4931,8,3681,4,1070,0,180,7,564,5,2259,7,2823,Not in California
Unknown,2021-06-22,18,4949,12,3693,6,1076,0,180,14,574,4,2263,14,2837,Not in California
Unknown,2021-06-23,9,4958,4,3697,4,1080,1,181,6,578,3,2266,7,2844,Not in California
Unknown,2021-06-24,11,4969,5,3702,5,1085,1,182,6,580,5,2271,7,2851,Not in California
Unknown,2021-06-25,13,4982,12,3714,1,1086,0,182,8,584,4,2275,8,2859,Not in California
Unknown,2021-06-26,12,4994,12,3726,0,1086,0,182,10,592,2,2277,10,2869,Not in California
Unknown,2021-06-27,24,5018,19,3745,3,1089,2,184,12,594,12,2289,14,2883,Not in California
Unknown,2021-06-28,16,5034,13,3758,3,1092,0,184,11,600,5,2294,11,2894,Not in California
Unknown,2021-06-29,8,5042,6,3764,2,1094,0,184,7,606,1,2295,7,2901,Not in California
Unknown,2021-06-30,22,5064,21,3785,1,1095,0,184,12,608,10,2305,12,2913,Not in California
Unknown,2021-07-01,15,5079,14,3799,1,1096,0,184,10,615,3,2308,10,2923,Not in California
Alameda,2020-12-15,37,37,37,37,0,0,0,0,37,37,0,0,37,37,California
Alameda,2020-12-16,211,248,211,248,0,0,0,0,211,248,0,0,211,248,California
Alameda,2020-12-17,512,760,512,760,0,0,0,0,512,760,0,0,512,760,California
Alameda,2020-12-18,1917,2677,1916,2676,1,1,0,0,1917,2677,0,0,1917,2677,California
Alameda,2020-12-19,1431,4108,1431,4107,0,1,0,0,1431,4108,0,0,1431,4108,California
Alameda,2020-12-20,1180,5288,1179,5286,1,2,0,0,1179,5286,1,1,1179,5287,California
Alameda,2020-12-21,1851,7139,1849,7135,2,4,0,0,1850,7136,0,1,1850,7137,California
Alameda,2020-12-22,2101,9240,2047,9182,54,58,0,0,2100,9235,1,2,2100,9237,California
Alameda,2020-12-23,1936,11176,1680,10862,256,314,0,0,1936,11171,0,2,1936,11173,California
Alameda,2020-12-24,1219,12395,756,11618,463,777,0,0,1219,12390,0,2,1219,12392,California
Alameda,2020-12-25,164,12559,127,11745,37,814,0,0,164,12554,0,2,164,12556,California
Alameda,2020-12-26,860,13419,323,12068,537,1351,0,0,860,13414,0,2,860,13416,California
Alameda,2020-12-27,498,13917,257,12325,241,1592,0,0,498,13912,0,2,498,13914,California
Alameda,2020-12-28,1889,15806,966,13291,923,2515,0,0,1889,15801,0,2,1889,15803,California
Alameda,2020-12-29,2488,18294,1080,14371,1408,3923,0,0,2487,18288,0,2,2487,18290,California
Alameda,2020-12-30,3098,21392,1328,15699,1770,5693,0,0,3098,21386,0,2,3098,21388,California
Alameda,2020-12-31,1802,23194,448,16147,1354,7047,0,0,1799,23183,2,4,1799,23187,California
Alameda,2021-01-01,178,23372,76,16223,102,7149,0,0,176,23357,2,6,176,23363,California
Alameda,2021-01-02,732,24104,527,16750,205,7354,0,0,731,24088,0,6,731,24094,California
Alameda,2021-01-03,335,24439,217,16967,118,7472,0,0,332,24417,3,9,332,24426,California
Alameda,2021-01-04,1622,26061,914,17881,708,8180,0,0,1610,26016,11,20,1610,26036,California
Alameda,2021-01-05,2225,28286,1283,19164,942,9122,0,0,1971,27736,251,271,1971,28007,California
Alameda,2021-01-06,3286,31572,1816,20980,1470,10592,0,0,2407,29269,876,1147,2409,30416,California
Alameda,2021-01-07,3837,35409,2154,23134,1683,12275,0,0,2643,30732,1185,2332,2648,33064,California
Alameda,2021-01-08,4776,40185,2731,25865,2045,14320,0,0,3034,32034,1737,4069,3039,36103,California
Alameda,2021-01-09,2033,42218,1383,27248,650,14970,0,0,1169,32339,864,4933,1169,37272,California
Alameda,2021-01-10,1063,43281,840,28088,223,15193,0,0,426,32127,638,5571,426,37698,California
Alameda,2021-01-11,4680,47961,3541,31629,1139,16332,0,0,2866,33188,1812,7383,2873,40571,California
Alameda,2021-01-12,4868,52829,3284,34913,1584,17916,0,0,3462,35249,1404,8787,3465,44036,California
Alameda,2021-01-13,5081,57910,2703,37616,2378,20294,0,0,3876,37926,1201,9988,3878,47914,California
Alameda,2021-01-14,5684,63594,2815,40431,2869,23163,0,0,4781,41816,894,10882,4784,52698,California
Alameda,2021-01-15,5873,69467,2334,42765,3539,26702,0,0,5089,46132,777,11659,5093,57791,California
Alameda,2021-01-16,3007,72474,1403,44168,1604,28306,0,0,2735,48595,273,11932,2736,60527,California
Alameda,2021-01-17,1882,74356,1090,45258,792,29098,0,0,1675,50064,207,12139,1676,62203,California
Alameda,2021-01-18,3195,77551,2050,47308,1145,30243,0,0,2600,52076,590,12729,2602,64805,California
Alameda,2021-01-19,5556,83107,3334,50642,2222,32465,0,0,4355,55234,1199,13928,4357,69162,California
Alameda,2021-01-20,6937,90044,4244,54886,2693,35158,0,0,5630,59575,1293,15221,5634,74796,California
Alameda,2021-01-21,8181,98225,3768,58654,4413,39571,0,0,7323,66053,850,16071,7328,82124,California
Alameda,2021-01-22,6914,105139,2065,60719,4849,44420,0,0,5759,70667,1146,17217,5760,87884,California
Alameda,2021-01-23,3302,108441,953,61672,2349,46769,0,0,2743,72853,557,17774,2743,90627,California
Alameda,2021-01-24,2051,110492,656,62328,1395,48164,0,0,1776,74358,271,18045,1776,92403,California
Alameda,2021-01-25,5216,115708,1981,64309,3235,51399,0,0,3632,76416,1576,19621,3634,96037,California
Alameda,2021-01-26,7362,123070,2322,66631,5040,56439,0,0,5461,79986,1892,21513,5462,101499,California
Alameda,2021-01-27,6759,129829,2083,68714,4676,61115,0,0,4878,82995,1869,23382,4878,106377,California
Alameda,2021-01-28,7930,137759,2563,71277,5367,66482,0,0,5676,86435,2238,25620,5678,112055,California
Alameda,2021-01-29,8024,145783,3195,74472,4829,71311,0,0,6172,90769,1840,27460,6174,118229,California
Alameda,2021-01-30,3465,149248,1697,76169,1768,73079,0,0,2749,92808,710,28170,2749,120978,California
Alameda,2021-01-31,1934,151182,959,77128,975,74054,0,0,1694,94266,236,28406,1694,122672,California
Alameda,2021-02-01,6522,157704,3894,81022,2628,76682,0,0,4365,96485,2147,30553,4366,127038,California
Alameda,2021-02-02,7095,164799,3819,84841,3276,79958,0,0,4746,98893,2338,32891,4746,131784,California
Alameda,2021-02-03,7171,171970,3790,88631,3381,83339,0,0,4424,100583,2739,35630,4429,136213,California
Alameda,2021-02-04,9613,181583,4177,92808,5436,88775,0,0,6461,103911,3139,38769,6467,142680,California
Alameda,2021-02-05,10395,191978,5417,98225,4978,93753,0,0,6486,106502,3902,42671,6493,149173,California
Alameda,2021-02-06,7044,199022,4463,102688,2581,96334,0,0,5895,111254,1144,43815,5896,155069,California
Alameda,2021-02-07,3592,202614,2896,105584,696,97030,0,0,2645,112957,943,44758,2646,157715,California
Alameda,2021-02-08,8168,210782,5839,111423,2329,99359,0,0,5568,115938,2589,47347,5570,163285,California
Alameda,2021-02-09,9762,220544,5874,117297,3888,103247,0,0,6087,118373,3654,51001,6089,169374,California
Alameda,2021-02-10,11585,232129,6842,124139,4743,107990,0,0,6501,119816,5066,56067,6509,175883,California
Alameda,2021-02-11,14074,246203,8073,132212,6001,113991,0,0,8150,122062,5907,61974,8153,184036,California
Alameda,2021-02-12,12661,258864,5764,137976,6897,120888,0,0,7825,125080,4810,66784,7828,191864,California
Alameda,2021-02-13,7872,266736,4090,142066,3782,124670,0,0,5880,128978,1984,68768,5882,197746,California
Alameda,2021-02-14,4064,270800,2560,144626,1504,126174,0,0,2878,130678,1181,69949,2881,200627,California
Alameda,2021-02-15,5702,276502,3205,147831,2497,128671,0,0,3702,132385,1998,71947,3705,204332,California
Alameda,2021-02-16,12629,289131,7014,154845,5615,134286,0,0,9350,138478,3266,75213,9359,213691,California
Alameda,2021-02-17,14300,303431,8495,163340,5805,140091,0,0,10601,145402,3679,78892,10603,224294,California
Alameda,2021-02-18,16072,319503,10206,173546,5866,145957,0,0,11652,152652,4408,83300,11658,235952,California
Alameda,2021-02-19,18045,337548,11720,185266,6325,152282,0,0,11903,158442,6118,89418,11908,247860,California
Alameda,2021-02-20,12213,349761,9872,195138,2341,154623,0,0,9359,164959,2848,92266,9365,257225,California
Alameda,2021-02-21,7977,357738,6996,202134,981,155604,0,0,5361,167717,2604,94870,5362,262587,California
Alameda,2021-02-22,11338,369076,8363,210497,2975,158579,0,0,7122,170650,4198,99068,7131,269718,California
Alameda,2021-02-23,13413,382489,8147,218644,5266,163845,0,0,8330,173915,5072,104140,8337,278055,California
Alameda,2021-02-24,15173,397662,8527,227171,6646,170491,0,0,9806,178425,5301,109441,9811,287866,California
Alameda,2021-02-25,16127,413789,9345,236516,6782,177273,0,0,10153,182644,5941,115382,10160,298026,California
Alameda,2021-02-26,18770,432559,10954,247470,7816,185089,0,0,11899,187724,6825,122207,11905,309931,California
Alameda,2021-02-27,15251,447810,11251,258721,3998,189087,2,2,9419,191341,5807,128014,9424,319355,California
Alameda,2021-02-28,10167,457977,8478,267199,1688,190775,1,3,6582,194369,3557,131571,6585,325940,California
Alameda,2021-03-01,14181,472158,9805,277004,4365,195140,11,14,8663,197583,5467,137038,8681,334621,California
Alameda,2021-03-02,15118,487276,10869,287873,4247,199387,2,16,9882,202262,5213,142251,9892,344513,California
Alameda,2021-03-03,15943,503219,10452,298325,5488,204875,3,19,10895,208148,5017,147268,10903,355416,California
Alameda,2021-03-04,17578,520797,11278,309603,6298,211173,2,21,11063,212740,6473,153741,11065,366481,California
Alameda,2021-03-05,16411,537208,10737,320340,5664,216837,10,31,11058,218509,5306,159047,11075,377556,California
Alameda,2021-03-06,14692,551900,10321,330661,4105,220942,266,297,9695,223525,4946,163993,9962,387518,California
Alameda,2021-03-07,9832,561732,8533,339194,1212,222154,87,384,7023,227861,2776,166769,7112,394630,California
Alameda,2021-03-08,12059,573791,7512,346706,4165,226319,382,766,9016,234263,2992,169761,9394,404024,California
Alameda,2021-03-09,14819,588610,10381,357087,4006,230325,432,1198,8067,236046,6717,176478,8500,412524,California
Alameda,2021-03-10,17686,606296,12236,369323,4883,235208,567,1765,7948,234849,9706,186184,8509,421033,California
Alameda,2021-03-11,19955,626251,11688,381011,6550,241758,1717,3482,6780,230185,13142,199326,8478,429511,California
Alameda,2021-03-12,21554,647805,12599,393610,7247,249005,1708,5190,7437,225229,14084,213410,9128,438639,California
Alameda,2021-03-13,16252,664057,10409,404019,4833,253838,1010,6200,5158,220327,11058,224468,6156,444795,California
Alameda,2021-03-14,10954,675011,8058,412077,2104,255942,792,6992,3311,216800,7621,232089,4094,448889,California
Alameda,2021-03-15,14597,689608,9542,421619,4522,260464,533,7525,6203,215176,8360,240449,6736,455625,California
Alameda,2021-03-16,17409,707017,11279,432898,5583,266047,547,8072,7358,213088,9996,250445,7908,463533,California
Alameda,2021-03-17,17810,724827,10111,443009,6965,273012,734,8806,8246,212550,9515,259960,8977,472510,California
Alameda,2021-03-18,19499,744326,10672,453681,7926,280938,901,9707,8873,211732,10595,270555,9777,482287,California
Alameda,2021-03-19,19763,764089,10878,464559,7084,288022,1801,11508,7817,209442,11894,282449,9604,491891,California
Alameda,2021-03-20,15929,780018,10438,474997,4631,292653,860,12368,6386,207173,9507,291956,7238,499129,California
Alameda,2021-03-21,9347,789365,7352,482349,1439,294092,556,12924,3476,205344,5860,297816,4031,503160,California
Alameda,2021-03-22,15334,804699,10329,492678,3993,298085,1012,13936,6975,204997,8325,306141,7978,511138,California
Alameda,2021-03-23,19630,824329,11912,504590,6902,304987,816,14752,9978,206194,9600,315741,10797,521935,California
Alameda,2021-03-24,19534,843863,11815,516405,6691,311678,1028,15780,8504,204748,10966,326707,9520,531455,California
Alameda,2021-03-25,20814,864677,11591,527996,7812,319490,1411,17191,9551,204506,11190,337897,10948,542403,California
Alameda,2021-03-26,21207,885884,12799,540795,6837,326327,1571,18762,8594,202091,12562,350459,10147,552550,California
Alameda,2021-03-27,18504,904388,12619,553414,4928,331255,957,19719,7600,199783,10852,361311,8544,561094,California
Alameda,2021-03-28,10724,915112,8728,562142,1794,333049,202,19921,3486,196258,7218,368529,3693,564787,California
Alameda,2021-03-29,14934,930046,9524,571666,4410,337459,1000,20921,5985,194332,8908,377437,6982,571769,California
Alameda,2021-03-30,18880,948926,9935,581601,7216,344675,1729,22650,9483,196169,9362,386799,11199,582968,California
Alameda,2021-03-31,19688,968614,10392,591993,7179,351854,2117,24767,9225,197063,10431,397230,11325,594293,California
Alameda,2021-04-01,23611,992225,10148,602141,7752,359606,5711,30478,11227,201622,12326,409556,16885,611178,California
Alameda,2021-04-02,24405,1016630,10023,612164,8480,368086,5902,36380,11846,206803,12516,422072,17697,628875,California
Alameda,2021-04-03,20531,1037161,9930,622094,5724,373810,4877,41257,10365,211885,10140,432212,15222,644097,California
Alameda,2021-04-04,10019,1047180,4005,626099,2304,376114,3710,44967,3464,212514,6533,438745,7162,651259,California
Alameda,2021-04-05,18000,1065180,7600,633699,5587,381701,4813,49780,7352,214047,10619,449364,12152,663411,California
Alameda,2021-04-06,22456,1087636,10819,644518,5758,387459,5879,55659,10224,217922,12192,461556,16067,679478,California
Alameda,2021-04-07,22812,1110448,11725,656243,5588,393047,5499,61158,11532,223702,11231,472787,17011,696489,California
Alameda,2021-04-08,25809,1136257,11667,667910,6103,399150,8039,69197,11053,228088,14674,487461,19060,715549,California
Alameda,2021-04-09,23692,1159949,10829,678739,7594,406744,5269,74466,12188,234071,11466,498927,17449,732998,California
Alameda,2021-04-10,19483,1179432,7524,686263,5722,412466,6237,80703,8284,237396,11169,510096,14494,747492,California
Alameda,2021-04-11,11114,1190546,4873,691136,2277,414743,3964,84667,4511,239266,6584,516680,8454,755946,California
Alameda,2021-04-12,18316,1208862,11884,703020,4436,419179,1996,86663,10305,243591,7969,524649,12294,768240,California
Alameda,2021-04-13,23284,1232146,14754,717774,8469,427648,61,86724,17094,254621,6132,530781,17162,785402,California
Alameda,2021-04-14,23400,1255546,15345,733119,8053,435701,2,86726,15661,262594,7695,538476,15668,801070,California
Alameda,2021-04-15,24487,1280033,15619,748738,8863,444564,5,86731,16134,270455,8288,546764,16149,817219,California
Alameda,2021-04-16,24895,1304928,14655,763393,10234,454798,6,86737,15889,277426,8939,555703,15910,833129,California
Alameda,2021-04-17,21212,1326140,14660,778053,6550,461348,2,86739,14658,285589,6511,562214,14674,847803,California
Alameda,2021-04-18,10435,1336575,8058,786111,2377,463725,0,86739,7209,289616,3191,565405,7218,855021,California
Alameda,2021-04-19,15983,1352558,9937,796048,6045,469770,1,86740,9234,292153,6707,572112,9244,864265,California
Alameda,2021-04-20,19007,1371565,11765,807813,7240,477010,2,86742,10337,293896,8615,580727,10358,874623,California
Alameda,2021-04-21,20445,1392010,12289,820102,8144,485154,12,86754,11798,297144,8583,589310,11831,886454,California
Alameda,2021-04-22,22138,1414148,14390,834492,7743,492897,5,86759,11734,298568,10341,599651,11765,898219,California
Alameda,2021-04-23,22504,1436652,14697,849189,7803,500700,4,86763,12501,301170,9932,609583,12534,910753,California
Alameda,2021-04-24,19079,1455731,14469,863658,4602,505302,8,86771,10069,302301,8961,618544,10092,920845,California
Alameda,2021-04-25,9028,1464759,7023,870681,2004,507306,1,86772,5906,305126,3093,621637,5918,926763,California
Alameda,2021-04-26,14852,1479611,10307,880988,4519,511825,26,86798,9097,308545,5716,627353,9135,935898,California
Alameda,2021-04-27,16719,1496330,9957,890945,6394,518219,368,87166,7841,307955,8823,636176,8233,944131,California
Alameda,2021-04-28,17075,1513405,10887,901832,5719,523938,469,87635,6903,305209,10134,646310,7388,951519,California
Alameda,2021-04-29,17726,1531131,10744,912576,6650,530588,332,87967,6604,301110,11059,657369,6960,958479,California
Alameda,2021-04-30,20571,1551702,12944,925520,7280,537868,347,88314,8472,297966,12008,669377,8864,967343,California
Alameda,2021-05-01,14097,1565799,9431,934951,4455,542323,211,88525,5262,294676,8792,678169,5502,972845,California
Alameda,2021-05-02,7111,1572910,4964,939915,1976,544299,171,88696,2899,293557,4192,682361,3073,975918,California
Alameda,2021-05-03,14621,1587531,10993,950908,3307,547606,321,89017,2860,285070,11700,694061,3213,979131,California
Alameda,2021-05-04,18881,1606412,13647,964555,4872,552478,362,89379,3806,274273,15001,709062,4204,983335,California
Alameda,2021-05-05,18784,1625196,13729,978284,4546,557024,509,89888,3836,263752,14883,723945,4362,987697,California
Alameda,2021-05-06,19271,1644467,14667,992951,3909,560933,695,90583,3776,252824,15413,739358,4485,992182,California
Alameda,2021-05-07,19507,1663974,13176,1006127,5913,566846,418,91001,4476,242778,14957,754315,4911,997093,California
Alameda,2021-05-08,17090,1681064,11860,1017987,5017,571863,213,91214,3265,232488,13784,768099,3494,1000587,California
Alameda,2021-05-09,8581,1689645,7024,1025011,1414,573277,143,91357,1330,226737,7229,775328,1478,1002065,California
Alameda,2021-05-10,10422,1700067,7196,1032207,2900,576177,326,91683,2511,221709,7875,783203,2847,1004912,California
Alameda,2021-05-11,15721,1715788,8627,1040834,6779,582956,315,91998,2808,212008,12862,796065,3161,1008073,California
Alameda,2021-05-12,13525,1729313,9030,1049864,4051,587007,444,92442,2712,204436,10765,806830,3193,1011266,California
Alameda,2021-05-13,18072,1747385,13013,1062877,4516,591523,543,92985,5740,198479,12279,819109,6322,1017588,California
Alameda,2021-05-14,20837,1768222,14166,1077043,6205,597728,466,93451,7065,192335,13689,832798,7545,1025133,California
Alameda,2021-05-15,17335,1785557,12652,1089695,4450,602178,233,93684,5931,187151,11353,844151,6169,1031302,California
Alameda,2021-05-16,8900,1794457,7652,1097347,1142,603320,106,93790,3141,184678,5725,849876,3252,1034554,California
Alameda,2021-05-17,13559,1808016,10112,1107459,2917,606237,530,94320,4201,180106,9317,859193,4745,1039299,California
Alameda,2021-05-18,14282,1822298,10391,1117850,3466,609703,425,94745,4985,176267,9251,868444,5412,1044711,California
Alameda,2021-05-19,14533,1836831,9974,1127824,4221,613924,338,95083,5882,173891,8598,877042,6222,1050933,California
Alameda,2021-05-20,13435,1850266,8882,1136706,4017,617941,536,95619,5743,172534,7636,884678,6279,1057212,California
Alameda,2021-05-21,15299,1865565,10059,1146765,4969,622910,271,95890,5070,167722,10158,894836,5346,1062558,California
Alameda,2021-05-22,10330,1875895,7463,1154228,2699,625609,168,96058,4155,165907,6141,900977,4326,1066884,California
Alameda,2021-05-23,5130,1881025,3951,1158179,1090,626699,89,96147,1673,164234,3436,904413,1763,1068647,California
Alameda,2021-05-24,7276,1888301,4244,1162423,2772,629471,260,96407,2822,162908,4413,908826,3087,1071734,California
Alameda,2021-05-25,8033,1896334,5194,1167617,2578,632049,261,96668,3519,162206,4477,913303,3775,1075509,California
Alameda,2021-05-26,8296,1904630,5185,1172802,2809,634858,302,96970,3579,161391,4690,917993,3875,1079384,California
Alameda,2021-05-27,8160,1912790,4878,1177680,2882,637740,400,97370,3340,160349,4778,922771,3736,1083120,California
Alameda,2021-05-28,8631,1921421,5053,1182733,3353,641093,225,97595,3599,159171,5004,927775,3826,1086946,California
Alameda,2021-05-29,4961,1926382,3005,1185738,1769,642862,187,97782,2455,159330,2485,930260,2644,1089590,California
Alameda,2021-05-30,2466,1928848,1616,1187354,761,643623,89,97871,970,158903,1486,931746,1059,1090649,California
Alameda,2021-05-31,1160,1930008,858,1188212,247,643870,55,97926,346,158506,798,932544,401,1091050,California
Alameda,2021-06-01,7119,1937127,4984,1193196,1889,645759,246,98172,2951,157561,4140,936684,3195,1094245,California
Alameda,2021-06-02,5824,1942951,3621,1196817,1979,647738,224,98396,2180,156347,3610,940294,2396,1096641,California
Alameda,2021-06-03,8490,1951441,6415,1203232,1794,649532,281,98677,2768,153708,5683,945977,3044,1099685,California
Alameda,2021-06-04,10480,1961921,7726,1210958,2512,652044,242,98919,2831,149173,7609,953586,3074,1102759,California
Alameda,2021-06-05,8099,1970020,5888,1216846,2050,654094,161,99080,1786,144838,6279,959865,1944,1104703,California
Alameda,2021-06-06,3680,1973700,3322,1220168,277,654371,81,99161,859,142965,2813,962678,940,1105643,California
Alameda,2021-06-07,5864,1979564,4275,1224443,1412,655783,177,99338,1712,140726,4128,966806,1889,1107532,California
Alameda,2021-06-08,7267,1986831,5806,1230249,1218,657001,243,99581,2092,137911,5148,971954,2333,1109865,California
Alameda,2021-06-09,7289,1994120,5960,1236209,1135,658136,194,99775,1667,134171,5596,977550,1856,1111721,California
Alameda,2021-06-10,8010,2002130,6703,1242912,1001,659137,306,100081,2131,130751,5854,983404,2434,1114155,California
Alameda,2021-06-11,8058,2010188,6187,1249099,1648,660785,223,100304,2458,127864,5572,988976,2685,1116840,California
Alameda,2021-06-12,5506,2015694,4222,1253321,1096,661881,188,100492,1365,125304,4117,993093,1557,1118397,California
Alameda,2021-06-13,2310,2018004,1759,1255080,429,662310,122,100614,662,124450,1636,994729,782,1119179,California
Alameda,2021-06-14,4573,2022577,3437,1258517,925,663235,211,100825,1534,123177,3017,997746,1744,1120923,California
Alameda,2021-06-15,6012,2028589,4368,1262885,1362,664597,282,101107,1786,121057,4187,1001933,2067,1122990,California
Alameda,2021-06-16,5151,2033740,4113,1266998,834,665431,204,101311,1522,119169,3611,1005544,1723,1124713,California
Alameda,2021-06-17,5583,2039323,4518,1271516,834,666265,231,101542,1836,117524,3714,1009258,2069,1126782,California
Alameda,2021-06-18,5933,2045256,4478,1275994,1201,667466,254,101796,1979,115825,3929,1013187,2230,1129012,California
Alameda,2021-06-19,3462,2048718,2622,1278616,681,668147,159,101955,1059,114652,2390,1015577,1217,1130229,California
Alameda,2021-06-20,1400,2050118,1168,1279784,186,668333,46,102001,519,114340,875,1016452,563,1130792,California
Alameda,2021-06-21,2715,2052833,1847,1281631,707,669040,161,102162,1389,114580,1310,1017762,1550,1132342,California
Alameda,2021-06-22,4574,2057407,3543,1285174,838,669878,193,102355,1405,113024,3152,1020914,1596,1133938,California
Alameda,2021-06-23,3504,2060911,2694,1287868,623,670501,187,102542,1180,112078,2309,1023223,1363,1135301,California
Alameda,2021-06-24,4394,2065305,3509,1291377,650,671151,235,102777,1508,110955,2865,1026088,1742,1137043,California
Alameda,2021-06-25,4615,2069920,3465,1294842,948,672099,202,102979,1708,109975,2890,1028978,1910,1138953,California
Alameda,2021-06-26,3077,2072997,2262,1297104,650,672749,165,103144,1071,109224,1986,1030964,1235,1140188,California
Alameda,2021-06-27,1303,2074300,1070,1298174,186,672935,47,103191,512,108999,784,1031748,559,1140747,California
Alameda,2021-06-28,2906,2077206,2363,1300537,348,673283,195,103386,1136,108581,1748,1033496,1330,1142077,California
Alameda,2021-06-29,3670,2080876,2938,1303475,595,673878,137,103523,1282,107627,2372,1035868,1418,1143495,California
Alameda,2021-06-30,2816,2083692,2206,1305681,479,674357,131,103654,1058,107067,1747,1037615,1187,1144682,California
Alameda,2021-07-01,2876,2086568,2284,1307965,457,674814,135,103789,959,106260,1899,1039514,1092,1145774,California
Alpine,2020-12-18,2,2,2,2,0,0,0,0,2,2,0,0,2,2,California
Alpine,2020-12-19,2,4,2,4,0,0,0,0,2,4,0,0,2,4,California
Alpine,2020-12-21,2,6,2,6,0,0,0,0,2,6,0,0,2,6,California
Alpine,2020-12-29,1,7,0,6,1,1,0,0,1,7,0,0,1,7,California
Alpine,2020-12-30,14,21,0,6,14,15,0,0,14,21,0,0,14,21,California
Alpine,2020-12-31,1,22,0,6,1,16,0,0,1,22,0,0,1,22,California
Alpine,2021-01-01,1,23,0,6,1,17,0,0,1,23,0,0,1,23,California
Alpine,2021-01-02,1,24,1,7,0,17,0,0,1,24,0,0,1,24,California
Alpine,2021-01-04,10,34,0,7,10,27,0,0,10,34,0,0,10,34,California
Alpine,2021-01-05,9,43,1,8,8,35,0,0,9,43,0,0,9,43,California
Alpine,2021-01-06,31,74,0,8,31,66,0,0,31,74,0,0,31,74,California
Alpine,2021-01-07,8,82,0,8,8,74,0,0,8,82,0,0,8,82,California
Alpine,2021-01-08,4,86,2,10,2,76,0,0,2,82,2,2,2,84,California
Alpine,2021-01-09,2,88,2,12,0,76,0,0,0,80,2,4,0,84,California
Alpine,2021-01-11,32,120,1,13,31,107,0,0,31,110,1,5,31,115,California
Alpine,2021-01-13,35,155,0,13,35,142,0,0,35,145,0,5,35,150,California
Alpine,2021-01-14,1,156,0,13,1,143,0,0,1,146,0,5,1,151,California
Alpine,2021-01-15,1,157,0,13,1,144,0,0,1,147,0,5,1,152,California
Alpine,2021-01-18,1,158,1,14,0,144,0,0,1,148,0,5,1,153,California
Alpine,2021-01-20,21,179,0,14,21,165,0,0,21,169,0,5,21,174,California
Alpine,2021-01-21,1,180,0,14,1,166,0,0,1,170,0,5,1,175,California
Alpine,2021-01-22,33,213,0,14,33,199,0,0,33,203,0,5,33,208,California
Alpine,2021-01-23,1,214,1,15,0,199,0,0,0,202,1,6,0,208,California
Alpine,2021-01-25,16,230,0,15,16,215,0,0,16,218,0,6,16,224,California
Alpine,2021-01-26,1,231,0,15,1,216,0,0,0,217,1,7,0,224,California
Alpine,2021-01-27,1,232,1,16,0,216,0,0,0,216,1,8,0,224,California
Alpine,2021-01-28,1,233,0,16,1,217,0,0,0,215,1,9,0,224,California
Alpine,2021-01-29,1,234,0,16,1,218,0,0,1,216,0,9,1,225,California
Alpine,2021-02-01,25,259,0,16,25,243,0,0,7,205,18,27,7,232,California
Alpine,2021-02-03,34,293,0,16,34,277,0,0,10,191,24,51,10,242,California
Alpine,2021-02-04,8,301,0,16,8,285,0,0,3,189,5,56,3,245,California
Alpine,2021-02-05,32,333,1,17,31,316,0,0,12,181,20,76,12,257,California
Alpine,2021-02-07,1,334,1,18,0,316,0,0,1,182,0,76,1,258,California
Alpine,2021-02-08,32,366,0,18,32,348,0,0,4,158,28,104,4,262,California
Alpine,2021-02-10,34,400,0,18,34,382,0,0,0,124,34,138,0,262,California
Alpine,2021-02-11,6,406,0,18,6,388,0,0,3,124,3,141,3,265,California
Alpine,2021-02-12,1,407,0,18,1,389,0,0,0,123,1,142,0,265,California
Alpine,2021-02-17,23,430,0,18,23,412,0,0,3,106,20,162,3,268,California
Alpine,2021-02-18,2,432,0,18,2,414,0,0,1,106,1,163,1,269,California
Alpine,2021-02-19,34,466,1,19,33,447,0,0,2,76,32,195,2,271,California
Alpine,2021-02-22,27,493,0,19,27,474,0,0,8,65,19,214,8,279,California
Alpine,2021-02-24,1,494,1,20,0,474,0,0,1,66,0,214,1,280,California
Alpine,2021-02-25,6,500,1,21,5,479,0,0,6,72,0,214,6,286,California
Alpine,2021-02-26,30,530,1,22,29,508,0,0,29,100,1,215,29,315,California
Alpine,2021-02-27,1,531,0,22,1,509,0,0,1,101,0,215,1,316,California
Alpine,2021-03-01,36,567,0,22,36,545,0,0,26,117,10,225,26,342,California
Alpine,2021-03-03,30,597,1,23,29,574,0,0,18,123,12,237,18,360,California
Alpine,2021-03-04,10,607,0,23,10,584,0,0,10,133,0,237,10,370,California
Alpine,2021-03-05,30,637,0,23,30,614,0,0,22,147,8,245,22,392,California
Alpine,2021-03-08,31,668,0,23,31,645,0,0,29,174,2,247,29,421,California
Alpine,2021-03-10,73,741,0,23,73,718,0,0,73,247,0,247,73,494,California
Alpine,2021-03-11,35,776,0,23,35,753,0,0,31,274,4,251,31,525,California
Alpine,2021-03-12,19,795,0,23,19,772,0,0,17,289,2,253,17,542,California
Alpine,2021-03-15,21,816,1,24,20,792,0,0,20,308,1,254,20,562,California
Alpine,2021-03-17,23,839,0,24,22,814,1,1,19,324,4,258,20,582,California
Alpine,2021-03-18,38,877,3,27,35,849,0,1,35,356,3,261,35,617,California
Alpine,2021-03-19,2,879,1,28,1,850,0,1,1,356,1,262,1,618,California
Alpine,2021-03-22,24,903,0,28,24,874,0,1,15,362,9,271,15,633,California
Alpine,2021-03-24,19,922,0,28,19,893,0,1,8,359,11,282,8,641,California
Alpine,2021-03-25,34,956,0,28,33,926,1,2,27,381,6,288,28,669,California
Alpine,2021-03-27,1,957,0,28,1,927,0,2,0,380,1,289,0,669,California
Alpine,2021-03-28,1,958,1,29,0,927,0,2,1,381,0,289,1,670,California
Alpine,2021-03-29,19,977,0,29,18,945,1,3,2,367,17,306,3,673,California
Alpine,2021-04-01,18,995,0,29,18,963,0,3,8,365,10,316,8,681,California
Alpine,2021-04-02,101,1096,1,30,100,1063,0,3,46,357,54,370,46,727,California
Alpine,2021-04-05,4,1100,1,31,3,1066,0,3,0,353,4,374,0,727,California
Alpine,2021-04-06,3,1103,2,33,1,1067,0,3,2,354,1,375,2,729,California
Alpine,2021-04-07,117,1220,0,33,116,1183,1,4,30,299,86,461,31,760,California
Alpine,2021-04-08,37,1257,0,33,35,1218,2,6,10,284,27,488,12,772,California
Alpine,2021-04-09,2,1259,0,33,2,1220,0,6,2,286,0,488,2,774,California
Alpine,2021-04-14,47,1306,0,33,47,1267,0,6,10,259,37,525,10,784,California
Alpine,2021-04-15,35,1341,0,33,35,1302,0,6,3,230,32,557,3,787,California
Alpine,2021-04-16,1,1342,0,33,1,1303,0,6,1,231,0,557,1,788,California
Alpine,2021-04-19,1,1343,0,33,1,1304,0,6,1,232,0,557,1,789,California
Alpine,2021-04-21,31,1374,0,33,31,1335,0,6,15,231,16,573,15,804,California
Alpine,2021-04-22,24,1398,0,33,24,1359,0,6,1,209,23,596,1,805,California
Alpine,2021-04-24,2,1400,2,35,0,1359,0,6,0,208,2,598,1,806,California
Alpine,2021-04-25,1,1401,1,36,0,1359,0,6,0,207,1,599,0,806,California
Alpine,2021-04-27,2,1403,1,37,1,1360,0,6,1,207,1,600,1,807,California
Alpine,2021-04-28,36,1439,0,37,36,1396,0,6,6,183,30,630,6,813,California
Alpine,2021-04-29,7,1446,1,38,6,1402,0,6,1,178,6,636,1,814,California
Alpine,2021-04-30,2,1448,1,39,0,1402,1,7,1,179,1,637,2,816,California
Alpine,2021-05-02,1,1449,0,39,0,1402,1,8,0,179,1,638,1,817,California
Alpine,2021-05-05,17,1466,0,39,17,1419,0,8,4,170,13,651,4,821,California
Alpine,2021-05-06,8,1474,0,39,8,1427,0,8,0,162,8,659,0,821,California
Alpine,2021-05-07,1,1475,0,39,1,1428,0,8,0,161,1,660,0,821,California
Alpine,2021-05-10,1,1476,0,39,1,1429,0,8,1,162,0,660,1,822,California
Alpine,2021-05-12,1,1477,0,39,0,1429,1,9,0,162,1,661,1,823,California
Alpine,2021-05-13,3,1480,0,39,3,1432,0,9,0,159,3,664,0,823,California
Alpine,2021-05-17,2,1482,0,39,2,1434,0,9,1,159,1,665,1,824,California
Alpine,2021-05-18,1,1483,0,39,1,1435,0,9,1,160,0,665,1,825,California
Alpine,2021-05-19,15,1498,0,39,15,1450,0,9,0,145,15,680,0,825,California
Alpine,2021-05-20,1,1499,1,40,0,1450,0,9,0,144,1,681,0,825,California
Alpine,2021-05-21,1,1500,1,41,0,1450,0,9,0,143,1,682,0,825,California
Alpine,2021-05-25,2,1502,0,41,2,1452,0,9,0,141,2,684,0,825,California
Alpine,2021-05-27,3,1505,2,43,1,1453,0,9,3,144,0,684,3,828,California
Alpine,2021-05-28,2,1507,1,44,1,1454,0,9,2,146,0,684,2,830,California
Alpine,2021-05-29,1,1508,0,44,1,1455,0,9,1,147,0,684,1,831,California
Alpine,2021-06-02,8,1516,0,44,8,1463,0,9,1,141,7,691,1,832,California
Alpine,2021-06-04,1,1517,0,44,1,1464,0,9,1,142,0,691,1,833,California
Alpine,2021-06-07,1,1518,0,44,1,1465,0,9,0,141,1,692,0,833,California
Alpine,2021-06-10,1,1519,1,45,0,1465,0,9,1,142,0,692,1,834,California
Alpine,2021-06-15,2,1521,1,46,1,1466,0,9,0,140,2,694,0,834,California
Alpine,2021-06-18,1,1522,1,47,0,1466,0,9,0,139,1,695,0,834,California
Alpine,2021-06-19,1,1523,1,48,0,1466,0,9,0,138,1,696,0,834,California
Alpine,2021-06-25,1,1524,0,48,1,1467,0,9,0,137,1,697,0,834,California
Alpine,2021-06-29,1,1525,0,48,1,1468,0,9,1,138,0,697,1,835,California
Alpine,2021-06-30,1,1526,0,48,1,1469,0,9,0,137,1,698,0,835,California
Amador,2020-12-16,2,2,2,2,0,0,0,0,2,2,0,0,2,2,California
Amador,2020-12-17,5,7,5,7,0,0,0,0,5,7,0,0,5,7,California
Amador,2020-12-18,45,52,45,52,0,0,0,0,45,52,0,0,45,52,California
Amador,2020-12-19,16,68,16,68,0,0,0,0,16,68,0,0,16,68,California
Amador,2020-12-20,4,72,4,72,0,0,0,0,4,72,0,0,4,72,California
Amador,2020-12-21,31,103,31,103,0,0,0,0,31,103,0,0,31,103,California
Amador,2020-12-22,35,138,34,137,1,1,0,0,35,138,0,0,35,138,California
Amador,2020-12-23,41,179,39,176,2,3,0,0,41,179,0,0,41,179,California
Amador,2020-12-24,5,184,3,179,2,5,0,0,5,184,0,0,5,184,California
Amador,2020-12-26,5,189,4,183,1,6,0,0,5,189,0,0,5,189,California
Amador,2020-12-27,1,190,0,183,1,7,0,0,1,190,0,0,1,190,California
Amador,2020-12-28,30,220,26,209,4,11,0,0,30,220,0,0,30,220,California
Amador,2020-12-29,25,245,18,227,7,18,0,0,25,245,0,0,25,245,California
Amador,2020-12-30,123,368,77,304,46,64,0,0,123,368,0,0,123,368,California
Amador,2020-12-31,195,563,170,474,25,89,0,0,195,563,0,0,195,563,California
Amador,2021-01-01,2,565,0,474,2,91,0,0,2,565,0,0,2,565,California
Amador,2021-01-02,57,622,57,531,0,91,0,0,57,622,0,0,57,622,California
Amador,2021-01-03,66,688,17,548,49,140,0,0,66,688,0,0,66,688,California
Amador,2021-01-04,125,813,2,550,123,263,0,0,125,813,0,0,125,813,California
Amador,2021-01-05,33,846,3,553,30,293,0,0,32,844,1,1,32,845,California
Amador,2021-01-06,40,886,11,564,29,322,0,0,36,876,4,5,36,881,California
Amador,2021-01-07,234,1120,72,636,162,484,0,0,222,1086,12,17,222,1103,California
Amador,2021-01-08,85,1205,70,706,15,499,0,0,42,1086,43,60,43,1146,California
Amador,2021-01-09,11,1216,11,717,0,499,0,0,2,1079,9,69,2,1148,California
Amador,2021-01-10,6,1222,4,721,2,501,0,0,2,1077,4,73,2,1150,California
Amador,2021-01-11,125,1347,44,765,81,582,0,0,88,1129,37,110,89,1239,California
Amador,2021-01-12,69,1416,53,818,16,598,0,0,41,1142,28,138,41,1280,California
Amador,2021-01-13,41,1457,24,842,17,615,0,0,29,1159,12,150,29,1309,California
Amador,2021-01-14,150,1607,22,864,128,743,0,0,140,1290,10,160,141,1450,California
Amador,2021-01-15,62,1669,26,890,36,779,0,0,53,1334,9,169,53,1503,California
Amador,2021-01-16,20,1689,13,903,7,786,0,0,14,1343,6,175,15,1518,California
Amador,2021-01-17,25,1714,5,908,20,806,0,0,25,1368,0,175,25,1543,California
Amador,2021-01-18,31,1745,27,935,4,810,0,0,10,1357,21,196,10,1553,California
Amador,2021-01-19,126,1871,101,1036,25,835,0,0,81,1393,45,241,81,1634,California
Amador,2021-01-20,182,2053,32,1068,150,985,0,0,168,1548,13,254,168,1802,California
Amador,2021-01-21,261,2314,230,1298,31,1016,0,0,149,1586,112,366,150,1952,California
Amador,2021-01-22,142,2456,74,1372,68,1084,0,0,135,1714,7,373,135,2087,California
Amador,2021-01-23,60,2516,33,1405,27,1111,0,0,57,1768,3,376,57,2144,California
Amador,2021-01-24,28,2544,12,1417,16,1127,0,0,24,1788,4,380,24,2168,California
Amador,2021-01-25,60,2604,29,1446,31,1158,0,0,42,1812,18,398,42,2210,California
Amador,2021-01-26,246,2850,17,1463,229,1387,0,0,236,2038,10,408,236,2446,California
Amador,2021-01-27,307,3157,35,1498,272,1659,0,0,259,2253,45,453,260,2706,California
Amador,2021-01-28,374,3531,99,1597,275,1934,0,0,290,2460,84,537,291,2997,California
Amador,2021-01-29,105,3636,33,1630,72,2006,0,0,90,2535,15,552,90,3087,California
Amador,2021-01-30,198,3834,37,1667,161,2167,0,0,193,2723,5,557,193,3280,California
Amador,2021-01-31,34,3868,29,1696,5,2172,0,0,33,2755,1,558,33,3313,California
Amador,2021-02-01,67,3935,23,1719,44,2216,0,0,39,2766,28,586,39,3352,California
Amador,2021-02-02,216,4151,66,1785,150,2366,0,0,129,2810,85,671,129,3481,California
Amador,2021-02-03,143,4294,40,1825,103,2469,0,0,91,2850,51,722,91,3572,California
Amador,2021-02-04,253,4547,76,1901,177,2646,0,0,166,2932,86,808,168,3740,California
Amador,2021-02-05,337,4884,63,1964,274,2920,0,0,319,3234,17,825,319,4059,California
Amador,2021-02-06,125,5009,81,2045,44,2964,0,0,120,3349,5,830,120,4179,California
Amador,2021-02-07,38,5047,34,2079,4,2968,0,0,34,3380,4,834,35,4214,California
Amador,2021-02-08,92,5139,63,2142,29,2997,0,0,73,3434,19,853,73,4287,California
Amador,2021-02-09,178,5317,82,2224,96,3093,0,0,111,3478,67,920,111,4398,California
Amador,2021-02-10,984,6301,81,2305,903,3996,0,0,949,4392,35,955,949,5347,California
Amador,2021-02-11,312,6613,120,2425,192,4188,0,0,200,4482,110,1065,200,5547,California
Amador,2021-02-12,336,6949,121,2546,215,4403,0,0,261,4668,75,1140,261,5808,California
Amador,2021-02-13,183,7132,84,2630,99,4502,0,0,156,4797,27,1167,156,5964,California
Amador,2021-02-14,122,7254,54,2684,68,4570,0,0,105,4885,17,1184,105,6069,California
Amador,2021-02-15,189,7443,62,2746,127,4697,0,0,172,5041,16,1200,172,6241,California
Amador,2021-02-16,465,7908,53,2799,412,5109,0,0,424,5425,41,1241,425,6666,California
Amador,2021-02-17,264,8172,84,2883,180,5289,0,0,166,5493,98,1339,166,6832,California
Amador,2021-02-18,400,8572,101,2984,299,5588,0,0,334,5761,66,1405,334,7166,California
Amador,2021-02-19,204,8776,78,3062,126,5714,0,0,116,5789,88,1493,116,7282,California
Amador,2021-02-20,103,8879,34,3096,69,5783,0,0,67,5820,36,1529,67,7349,California
Amador,2021-02-21,54,8933,36,3132,18,5801,0,0,19,5806,33,1562,19,7368,California
Amador,2021-02-22,66,8999,26,3158,40,5841,0,0,32,5805,33,1595,32,7400,California
Amador,2021-02-23,323,9322,55,3213,268,6109,0,0,139,5761,184,1779,140,7540,California
Amador,2021-02-24,402,9724,62,3275,340,6449,0,0,265,5893,133,1912,265,7805,California
Amador,2021-02-25,530,10254,121,3396,409,6858,0,0,280,5925,248,2160,280,8085,California
Amador,2021-02-26,644,10898,81,3477,563,7421,0,0,518,6318,125,2285,518,8603,California
Amador,2021-02-27,301,11199,95,3572,206,7627,0,0,99,6218,201,2486,101,8704,California
Amador,2021-02-28,127,11326,57,3629,70,7697,0,0,63,6219,64,2550,65,8769,California
Amador,2021-03-01,198,11524,69,3698,129,7826,0,0,126,6274,72,2622,127,8896,California
Amador,2021-03-02,385,11909,64,3762,321,8147,0,0,335,6560,50,2672,336,9232,California
Amador,2021-03-03,245,12154,80,3842,165,8312,0,0,168,6653,76,2748,169,9401,California
Amador,2021-03-04,501,12655,117,3959,384,8696,0,0,396,6945,104,2852,396,9797,California
Amador,2021-03-05,519,13174,76,4035,443,9139,0,0,295,7021,222,3074,298,10095,California
Amador,2021-03-06,103,13277,50,4085,52,9191,1,1,57,7033,46,3120,58,10153,California
Amador,2021-03-07,90,13367,44,4129,46,9237,0,1,22,6987,68,3188,22,10175,California
Amador,2021-03-08,155,13522,73,4202,81,9318,1,2,92,7017,63,3251,93,10268,California
Amador,2021-03-09,378,13900,53,4255,325,9643,0,2,293,7229,81,3332,293,10561,California
Amador,2021-03-10,521,14421,77,4332,442,10085,2,4,112,6936,409,3741,116,10677,California
Amador,2021-03-11,484,14905,125,4457,349,10434,10,14,303,7072,180,3921,316,10993,California
Amador,2021-03-12,587,15492,71,4528,510,10944,6,20,343,7184,243,4164,355,11348,California
Amador,2021-03-13,119,15611,18,4546,94,11038,7,27,76,7229,43,4207,88,11436,California
Amador,2021-03-14,100,15711,19,4565,78,11116,3,30,21,7174,79,4286,24,11460,California
Amador,2021-03-15,183,15894,27,4592,149,11265,7,37,55,7109,128,4414,63,11523,California
Amador,2021-03-16,451,16345,53,4645,389,11654,9,46,139,6948,310,4724,149,11672,California
Amador,2021-03-17,386,16731,45,4690,338,11992,3,49,262,7091,122,4846,265,11937,California
Amador,2021-03-18,516,17247,101,4791,411,12403,4,53,258,7101,256,5102,266,12203,California
Amador,2021-03-19,546,17793,58,4849,473,12876,15,68,386,7348,158,5260,405,12608,California
Amador,2021-03-20,113,17906,46,4895,66,12942,1,69,48,7335,64,5324,51,12659,California
Amador,2021-03-21,50,17956,37,4932,12,12954,1,70,28,7345,21,5345,31,12690,California
Amador,2021-03-22,115,18071,34,4966,53,13007,28,98,50,7358,65,5410,78,12768,California
Amador,2021-03-23,436,18507,47,5013,382,13389,7,105,275,7481,160,5570,283,13051,California
Amador,2021-03-24,342,18849,35,5048,55,13444,252,357,35,7462,306,5876,287,13338,California
Amador,2021-03-25,615,19464,87,5135,521,13965,7,364,398,7651,216,6092,405,13743,California
Amador,2021-03-26,753,20217,45,5180,702,14667,6,370,281,7472,469,6561,290,14033,California
Amador,2021-03-27,94,20311,15,5195,77,14744,2,372,31,7444,63,6624,35,14068,California
Amador,2021-03-28,72,20383,17,5212,53,14797,2,374,13,7402,58,6682,16,14084,California
Amador,2021-03-29,184,20567,28,5240,155,14952,1,375,78,7383,103,6785,84,14168,California
Amador,2021-03-30,539,21106,29,5269,509,15461,1,376,292,7430,246,7031,293,14461,California
Amador,2021-03-31,201,21307,58,5327,138,15599,5,381,44,7324,155,7186,49,14510,California
Amador,2021-04-01,625,21932,94,5421,531,16130,0,381,269,7242,353,7539,271,14781,California
Amador,2021-04-02,617,22549,39,5460,565,16695,13,394,384,7409,232,7771,399,15180,California
Amador,2021-04-03,86,22635,24,5484,42,16737,20,414,21,7388,65,7836,44,15224,California
Amador,2021-04-04,39,22674,3,5487,30,16767,6,420,15,7385,24,7860,21,15245,California
Amador,2021-04-05,146,22820,53,5540,76,16843,17,437,49,7357,96,7956,68,15313,California
Amador,2021-04-06,506,23326,39,5579,449,17292,18,455,225,7321,279,8235,243,15556,California
Amador,2021-04-07,99,23425,33,5612,47,17339,19,474,43,7330,53,8288,62,15618,California
Amador,2021-04-08,499,23924,84,5696,393,17732,22,496,221,7297,276,8564,243,15861,California
Amador,2021-04-09,488,24412,22,5718,446,18178,20,516,212,7251,275,8839,229,16090,California
Amador,2021-04-10,52,24464,14,5732,29,18207,9,525,23,7254,29,8868,32,16122,California
Amador,2021-04-11,51,24515,25,5757,22,18229,4,529,23,7254,27,8895,27,16149,California
Amador,2021-04-12,99,24614,26,5783,63,18292,10,539,43,7251,56,8951,53,16202,California
Amador,2021-04-13,347,24961,49,5832,298,18590,0,539,67,7042,277,9228,68,16270,California
Amador,2021-04-14,280,25241,26,5858,254,18844,0,539,56,6878,221,9449,57,16327,California
Amador,2021-04-15,342,25583,78,5936,264,19108,0,539,73,6693,258,9707,73,16400,California
Amador,2021-04-16,489,26072,29,5965,460,19568,0,539,381,6967,107,9814,381,16781,California
Amador,2021-04-17,66,26138,34,5999,32,19600,0,539,30,6961,36,9850,30,16811,California
Amador,2021-04-18,33,26171,11,6010,22,19622,0,539,12,6953,20,9870,12,16823,California
Amador,2021-04-19,69,26240,27,6037,42,19664,0,539,30,6947,38,9908,32,16855,California
Amador,2021-04-20,441,26681,59,6096,382,20046,0,539,110,6735,324,10232,112,16967,California
Amador,2021-04-21,89,26770,35,6131,53,20099,1,540,44,6737,43,10275,45,17012,California
Amador,2021-04-22,521,27291,80,6211,440,20539,1,541,100,6435,403,10678,101,17113,California
Amador,2021-04-23,368,27659,47,6258,321,20860,0,541,289,6652,74,10752,291,17404,California
Amador,2021-04-24,52,27711,25,6283,27,20887,0,541,31,6663,20,10772,31,17435,California
Amador,2021-04-25,45,27756,19,6302,26,20913,0,541,29,6676,16,10788,29,17464,California
Amador,2021-04-26,95,27851,27,6329,67,20980,1,542,44,6673,50,10838,47,17511,California
Amador,2021-04-27,502,28353,45,6374,456,21436,1,543,91,6359,407,11245,93,17604,California
Amador,2021-04-28,70,28423,30,6404,37,21473,3,546,41,6374,29,11274,44,17648,California
Amador,2021-04-29,228,28651,70,6474,49,21522,109,655,67,6388,161,11435,175,17823,California
Amador,2021-04-30,347,28998,28,6502,315,21837,4,659,89,6224,258,11693,94,17917,California
Amador,2021-05-01,47,29045,15,6517,27,21864,5,664,26,6236,19,11712,31,17948,California
Amador,2021-05-02,28,29073,14,6531,11,21875,3,667,11,6234,17,11729,15,17963,California
Amador,2021-05-03,69,29142,35,6566,24,21899,10,677,28,6231,41,11770,38,18001,California
Amador,2021-05-04,468,29610,29,6595,432,22331,7,684,68,5906,400,12170,75,18076,California
Amador,2021-05-05,207,29817,153,6748,46,22377,8,692,162,6033,42,12212,169,18245,California
Amador,2021-05-06,110,29927,56,6804,49,22426,5,697,63,6056,45,12257,68,18313,California
Amador,2021-05-07,129,30056,29,6833,93,22519,7,704,67,6068,62,12319,74,18387,California
Amador,2021-05-08,43,30099,8,6841,32,22551,3,707,21,6070,22,12341,24,18411,California
Amador,2021-05-09,17,30116,1,6842,10,22561,6,713,4,6067,13,12354,10,18421,California
Amador,2021-05-10,60,30176,14,6856,43,22604,3,716,24,6058,36,12390,27,18448,California
Amador,2021-05-11,103,30279,34,6890,43,22647,26,742,45,6071,58,12448,71,18519,California
Amador,2021-05-12,72,30351,25,6915,44,22691,3,745,35,6072,37,12485,38,18557,California
Amador,2021-05-13,79,30430,40,6955,33,22724,6,751,38,6076,40,12525,44,18601,California
Amador,2021-05-14,404,30834,38,6993,361,23085,5,756,92,5864,311,12836,99,18700,California
Amador,2021-05-15,51,30885,20,7013,21,23106,10,766,23,5870,28,12864,34,18734,California
Amador,2021-05-16,41,30926,15,7028,26,23132,0,766,17,5863,24,12888,17,18751,California
Amador,2021-05-17,75,31001,22,7050,51,23183,2,768,35,5862,39,12927,38,18789,California
Amador,2021-05-18,251,31252,171,7221,45,23228,35,803,166,5979,84,13011,201,18990,California
Amador,2021-05-19,75,31327,24,7245,47,23275,4,807,34,5979,40,13051,40,19030,California
Amador,2021-05-20,89,31416,47,7292,37,23312,5,812,30,5956,58,13109,35,19065,California
Amador,2021-05-21,275,31691,29,7321,244,23556,2,814,37,5757,238,13347,39,19104,California
Amador,2021-05-22,47,31738,16,7337,26,23582,5,819,13,5742,34,13381,19,19123,California
Amador,2021-05-23,29,31767,5,7342,21,23603,3,822,5,5726,24,13405,8,19131,California
Amador,2021-05-24,91,31858,32,7374,47,23650,12,834,42,5731,49,13454,54,19185,California
Amador,2021-05-25,141,31999,89,7463,27,23677,25,859,82,5781,57,13511,107,19292,California
Amador,2021-05-26,204,32203,160,7623,37,23714,7,866,39,5662,164,13675,45,19337,California
Amador,2021-05-27,82,32285,37,7660,36,23750,9,875,30,5649,52,13727,39,19376,California
Amador,2021-05-28,69,32354,26,7686,39,23789,4,879,29,5643,39,13766,33,19409,California
Amador,2021-05-29,26,32380,2,7688,21,23810,3,882,8,5636,18,13784,11,19420,California
Amador,2021-05-30,19,32399,5,7693,8,23818,6,888,5,5633,14,13798,11,19431,California
Amador,2021-05-31,10,32409,0,7693,9,23827,1,889,2,5628,8,13806,3,19434,California
Amador,2021-06-01,95,32504,66,7759,24,23851,5,894,43,5625,51,13857,48,19482,California
Amador,2021-06-02,46,32550,16,7775,22,23873,8,902,16,5620,30,13887,25,19507,California
Amador,2021-06-03,59,32609,26,7801,28,23901,5,907,19,5605,39,13926,24,19531,California
Amador,2021-06-04,101,32710,22,7823,58,23959,21,928,20,5565,81,14007,41,19572,California
Amador,2021-06-05,41,32751,16,7839,20,23979,5,933,4,5537,37,14044,9,19581,California
Amador,2021-06-06,19,32770,9,7848,9,23988,1,934,9,5537,10,14054,10,19591,California
Amador,2021-06-07,44,32814,18,7866,22,24010,4,938,17,5531,27,14081,21,19612,California
Amador,2021-06-08,174,32988,138,8004,25,24035,11,949,54,5478,119,14200,66,19678,California
Amador,2021-06-09,49,33037,20,8024,20,24055,9,958,13,5464,36,14236,22,19700,California
Amador,2021-06-10,55,33092,23,8047,20,24075,12,970,19,5459,36,14272,31,19731,California
Amador,2021-06-11,58,33150,17,8064,36,24111,5,975,12,5430,46,14318,17,19748,California
Amador,2021-06-12,23,33173,10,8074,11,24122,2,977,8,5426,14,14332,10,19758,California
Amador,2021-06-13,9,33182,2,8076,6,24128,1,978,2,5422,7,14339,3,19761,California
Amador,2021-06-14,47,33229,24,8100,21,24149,2,980,15,5407,32,14371,17,19778,California
Amador,2021-06-15,44,33273,13,8113,19,24168,12,992,18,5411,26,14397,30,19808,California
Amador,2021-06-16,73,33346,33,8146,31,24199,9,1001,34,5415,39,14436,43,19851,California
Amador,2021-06-17,47,33393,23,8169,20,24219,4,1005,27,5427,19,14455,31,19882,California
Amador,2021-06-18,157,33550,121,8290,29,24248,7,1012,63,5403,94,14549,70,19952,California
Amador,2021-06-19,30,33580,8,8298,14,24262,8,1020,11,5404,19,14568,20,19972,California
Amador,2021-06-20,8,33588,6,8304,1,24263,1,1021,3,5403,5,14573,4,19976,California
Amador,2021-06-21,46,33634,14,8318,23,24286,9,1030,15,5396,31,14604,24,20000,California
Amador,2021-06-22,48,33682,27,8345,19,24305,2,1032,28,5406,20,14624,30,20030,California
Amador,2021-06-23,39,33721,19,8364,12,24317,8,1040,20,5415,19,14643,28,20058,California
Amador,2021-06-24,43,33764,19,8383,18,24335,6,1046,21,5421,21,14664,27,20085,California
Amador,2021-06-25,50,33814,28,8411,11,24346,11,1057,27,5437,23,14687,39,20124,California
Amador,2021-06-26,11,33825,4,8415,5,24351,2,1059,7,5442,4,14691,9,20133,California
Amador,2021-06-27,22,33847,14,8429,4,24355,4,1063,11,5446,11,14702,15,20148,California
Amador,2021-06-28,45,33892,20,8449,14,24369,11,1074,20,5452,25,14727,31,20179,California
Amador,2021-06-29,45,33937,18,8467,18,24387,9,1083,21,5458,24,14751,30,20209,California
Amador,2021-06-30,43,33980,14,8481,14,24401,15,1098,19,5467,24,14775,33,20242,California
Amador,2021-07-01,15,33995,7,8488,7,24408,1,1099,4,5461,11,14786,5,20247,California
Butte,2020-12-16,3,3,3,3,0,0,0,0,3,3,0,0,3,3,California
Butte,2020-12-17,21,24,21,24,0,0,0,0,21,24,0,0,21,24,California
Butte,2020-12-18,52,76,52,76,0,0,0,0,52,76,0,0,52,76,California
Butte,2020-12-19,7,83,7,83,0,0,0,0,7,83,0,0,7,83,California
Butte,2020-12-20,10,93,10,93,0,0,0,0,10,93,0,0,10,93,California
Butte,2020-12-21,631,724,631,724,0,0,0,0,631,724,0,0,631,724,California
Butte,2020-12-22,619,1343,617,1341,2,2,0,0,619,1343,0,0,619,1343,California
Butte,2020-12-23,877,2220,861,2202,16,18,0,0,877,2220,0,0,877,2220,California
Butte,2020-12-24,159,2379,155,2357,4,22,0,0,159,2379,0,0,159,2379,California
Butte,2020-12-26,91,2470,89,2446,2,24,0,0,91,2470,0,0,91,2470,California
Butte,2020-12-27,35,2505,34,2480,1,25,0,0,35,2505,0,0,35,2505,California
Butte,2020-12-28,279,2784,273,2753,6,31,0,0,279,2784,0,0,279,2784,California
Butte,2020-12-29,205,2989,181,2934,24,55,0,0,205,2989,0,0,205,2989,California
Butte,2020-12-30,513,3502,291,3225,222,277,0,0,513,3502,0,0,513,3502,California
Butte,2020-12-31,213,3715,18,3243,195,472,0,0,213,3715,0,0,213,3715,California
Butte,2021-01-01,15,3730,6,3249,9,481,0,0,15,3730,0,0,15,3730,California
Butte,2021-01-02,40,3770,37,3286,3,484,0,0,40,3770,0,0,40,3770,California
Butte,2021-01-03,3,3773,0,3286,3,487,0,0,3,3773,0,0,3,3773,California
Butte,2021-01-04,208,3981,175,3461,33,520,0,0,208,3981,0,0,208,3981,California
Butte,2021-01-05,197,4178,152,3613,45,565,0,0,196,4176,1,1,196,4177,California
Butte,2021-01-06,625,4803,395,4008,230,795,0,0,620,4792,5,6,621,4798,California
Butte,2021-01-07,764,5567,370,4378,394,1189,0,0,744,5516,20,26,744,5542,California
Butte,2021-01-08,673,6240,531,4909,142,1331,0,0,625,6093,48,74,625,6167,California
Butte,2021-01-09,14,6254,8,4917,6,1337,0,0,8,6095,6,80,8,6175,California
Butte,2021-01-10,19,6273,5,4922,14,1351,0,0,14,6104,5,85,14,6189,California
Butte,2021-01-11,983,7256,947,5869,36,1387,0,0,356,5836,627,712,359,6548,California
Butte,2021-01-12,700,7956,655,6524,45,1432,0,0,276,5688,424,1136,276,6824,California
Butte,2021-01-13,1570,9526,1076,7600,494,1926,0,0,727,5575,842,1978,729,7553,California
Butte,2021-01-14,1637,11163,893,8493,744,2670,0,0,1440,6819,196,2174,1440,8993,California
Butte,2021-01-15,1064,12227,819,9312,245,2915,0,0,955,7664,110,2284,955,9948,California
Butte,2021-01-16,589,12816,301,9613,288,3203,0,0,544,8163,45,2329,544,10492,California
Butte,2021-01-17,239,13055,64,9677,175,3378,0,0,201,8326,38,2367,201,10693,California
Butte,2021-01-18,347,13402,305,9982,42,3420,0,0,279,8538,67,2434,279,10972,California
Butte,2021-01-19,494,13896,432,10414,62,3482,0,0,222,8488,272,2706,222,11194,California
Butte,2021-01-20,1396,15292,710,11124,686,4168,0,0,1093,9278,303,3009,1093,12287,California
Butte,2021-01-21,1495,16787,883,12007,612,4780,0,0,1387,10558,107,3116,1387,13674,California
Butte,2021-01-22,1143,17930,483,12490,660,5440,0,0,1089,11593,54,3170,1089,14763,California
Butte,2021-01-23,128,18058,85,12575,43,5483,0,0,103,11671,25,3195,103,14866,California
Butte,2021-01-24,8,18066,6,12581,2,5485,0,0,8,11679,0,3195,8,14874,California
Butte,2021-01-25,661,18727,338,12919,323,5808,0,0,498,12014,163,3358,498,15372,California
Butte,2021-01-26,1485,20212,379,13298,1106,6914,0,0,1347,13223,138,3496,1347,16719,California
Butte,2021-01-27,2110,22322,705,14003,1405,8319,0,0,1375,13864,734,4230,1375,18094,California
Butte,2021-01-28,2270,24592,262,14265,2008,10327,0,0,1957,15509,312,4542,1957,20051,California
Butte,2021-01-29,1694,26286,489,14754,1205,11532,0,0,1314,16445,378,4920,1314,21365,California
Butte,2021-01-30,32,26318,9,14763,23,11555,0,0,30,16473,2,4922,30,21395,California
Butte,2021-01-31,17,26335,15,14778,2,11557,0,0,16,16488,1,4923,16,21411,California
Butte,2021-02-01,1763,28098,406,15184,1357,12914,0,0,1369,17467,390,5313,1369,22780,California
Butte,2021-02-02,1949,30047,363,15547,1586,14500,0,0,1645,18807,305,5618,1645,24425,California
Butte,2021-02-03,2754,32801,781,16328,1973,16473,0,0,1854,19763,898,6516,1854,26279,California
Butte,2021-02-04,2977,35778,324,16652,2653,19126,0,0,2415,21619,559,7075,2415,28694,California
Butte,2021-02-05,1280,37058,670,17322,610,19736,0,0,554,21448,726,7801,555,29249,California
Butte,2021-02-06,150,37208,105,17427,45,19781,0,0,64,21426,86,7887,64,29313,California
Butte,2021-02-07,37,37245,33,17460,4,19785,0,0,14,21417,23,7910,14,29327,California
Butte,2021-02-08,700,37945,547,18007,153,19938,0,0,239,21196,460,8370,239,29566,California
Butte,2021-02-09,954,38899,459,18466,495,20433,0,0,724,21690,230,8600,724,30290,California
Butte,2021-02-10,1710,40609,1191,19657,519,20952,0,0,654,21290,1054,9654,654,30944,California
Butte,2021-02-11,2215,42824,1355,21012,860,21812,0,0,1001,21076,1215,10869,1001,31945,California
Butte,2021-02-12,1002,43826,435,21447,567,22379,0,0,323,20721,678,11547,323,32268,California
Butte,2021-02-13,252,44078,43,21490,209,22588,0,0,151,20771,101,11648,151,32419,California
Butte,2021-02-14,164,44242,10,21500,154,22742,0,0,158,20923,6,11654,158,32577,California
Butte,2021-02-15,263,44505,49,21549,214,22956,0,0,196,21052,67,11721,196,32773,California
Butte,2021-02-16,761,45266,437,21986,324,23280,0,0,302,20894,460,12181,302,33075,California
Butte,2021-02-17,1533,46799,853,22839,680,23960,0,0,851,21065,680,12861,851,33926,California
Butte,2021-02-18,1588,48387,782,23621,806,24766,0,0,772,21020,817,13678,772,34698,California
Butte,2021-02-19,1178,49565,395,24016,783,25549,0,0,403,20655,768,14446,403,35101,California
Butte,2021-02-20,489,50054,36,24052,453,26002,0,0,128,20423,360,14806,128,35229,California
Butte,2021-02-21,20,50074,17,24069,3,26005,0,0,14,20431,6,14812,14,35243,California
Butte,2021-02-22,1549,51623,311,24380,1238,27243,0,0,392,19670,1153,15965,392,35635,California
Butte,2021-02-23,1663,53286,297,24677,1366,28609,0,0,467,18948,1189,17154,467,36102,California
Butte,2021-02-24,2206,55492,629,25306,1577,30186,0,0,761,18272,1437,18591,761,36863,California
Butte,2021-02-25,2107,57599,605,25911,1502,31688,0,0,678,17530,1421,20012,679,37542,California
Butte,2021-02-26,924,58523,310,26221,614,32302,0,0,399,17408,521,20533,399,37941,California
Butte,2021-02-27,240,58763,50,26271,190,32492,0,0,188,17546,50,20583,188,38129,California
Butte,2021-02-28,144,58907,17,26288,127,32619,0,0,136,17674,8,20591,136,38265,California
Butte,2021-03-01,1642,60549,181,26469,1460,34079,1,1,337,16712,1300,21891,338,38603,California
Butte,2021-03-02,1770,62319,202,26671,1568,35647,0,1,308,15563,1457,23348,308,38911,California
Butte,2021-03-03,2794,65113,857,27528,1937,37584,0,1,481,13737,2307,25655,481,39392,California
Butte,2021-03-04,3165,68278,688,28216,2477,40061,0,1,624,11823,2538,28193,624,40016,California
Butte,2021-03-05,1362,69640,620,28836,741,40802,1,2,738,11942,620,28813,739,40755,California
Butte,2021-03-06,250,69890,27,28863,200,41002,23,25,187,12090,62,28875,210,40965,California
Butte,2021-03-07,57,69947,3,28866,37,41039,17,42,32,12114,25,28900,49,41014,California
Butte,2021-03-08,1276,71223,133,28999,1065,42104,78,120,1105,13129,168,29068,1183,42197,California
Butte,2021-03-09,1910,73133,284,29283,1524,43628,102,222,1413,14151,493,29561,1515,43712,California
Butte,2021-03-10,2330,75463,975,30258,1255,44883,100,322,1586,15099,738,30299,1686,45398,California
Butte,2021-03-11,2824,78287,1329,31587,1367,46250,128,450,1974,16363,839,31138,2103,47501,California
Butte,2021-03-12,1166,79453,334,31921,465,46715,367,817,352,16275,807,31945,719,48220,California
Butte,2021-03-13,274,79727,70,31991,143,46858,61,878,65,16191,209,32154,125,48345,California
Butte,2021-03-14,166,79893,17,32008,107,46965,42,920,22,16112,143,32297,64,48409,California
Butte,2021-03-15,1737,81630,356,32364,1087,48052,294,1214,1140,16958,588,32885,1434,49843,California
Butte,2021-03-16,1688,83318,431,32795,1179,49231,78,1292,1101,17554,582,33467,1178,51021,California
Butte,2021-03-17,1960,85278,1355,34150,524,49755,81,1373,1108,17898,844,34311,1188,52209,California
Butte,2021-03-18,1819,87097,1470,35620,221,49976,128,1501,1040,18292,773,35084,1167,53376,California
Butte,2021-03-19,698,87795,312,35932,302,50278,84,1585,344,18375,345,35429,428,53804,California
Butte,2021-03-20,209,88004,31,35963,161,50439,17,1602,97,18377,112,35541,114,53918,California
Butte,2021-03-21,73,88077,40,36003,4,50443,29,1631,24,18383,47,35588,53,53971,California
Butte,2021-03-22,1506,89583,372,36375,1039,51482,95,1726,1239,19451,265,35853,1333,55304,California
Butte,2021-03-23,1862,91445,524,36899,1224,52706,114,1840,1506,20719,352,36205,1620,56924,California
Butte,2021-03-24,2267,93712,1270,38169,871,53577,126,1966,1705,21992,557,36762,1830,58754,California
Butte,2021-03-25,1487,95199,1200,39369,195,53772,92,2058,1019,22640,463,37225,1111,59865,California
Butte,2021-03-26,1212,96411,441,39810,524,54296,247,2305,561,22804,644,37869,808,60673,California
Butte,2021-03-27,305,96716,87,39897,194,54490,24,2329,137,22798,165,38034,159,60832,California
Butte,2021-03-28,230,96946,45,39942,177,54667,8,2337,103,22784,124,38158,110,60942,California
Butte,2021-03-29,1764,98710,383,40325,1311,55978,70,2407,1341,23777,418,38576,1411,62353,California
Butte,2021-03-30,1039,99749,472,40797,476,56454,91,2498,491,23817,542,39118,582,62935,California
Butte,2021-03-31,1781,101530,1304,42101,410,56864,67,2565,1084,24280,688,39806,1151,64086,California
Butte,2021-04-01,3340,104870,2712,44813,499,57363,129,2694,2258,25593,1074,40880,2387,66473,California
Butte,2021-04-02,1010,105880,424,45237,465,57828,121,2815,570,25850,432,41312,689,67162,California
Butte,2021-04-03,347,106227,47,45284,225,58053,75,2890,164,25906,183,41495,239,67401,California
Butte,2021-04-04,190,106417,25,45309,141,58194,24,2914,110,25962,78,41573,134,67535,California
Butte,2021-04-05,1971,108388,419,45728,1381,59575,171,3085,594,25357,1368,42941,763,68298,California
Butte,2021-04-06,2215,110603,620,46348,1173,60748,422,3507,803,25177,1403,44344,1223,69521,California
Butte,2021-04-07,3046,113649,1325,47673,1326,62074,395,3902,717,23966,2323,46667,1112,70633,California
Butte,2021-04-08,2755,116404,1202,48875,1284,63358,269,4171,458,22399,2294,48961,727,71360,California
Butte,2021-04-09,1379,117783,354,49229,542,63900,483,4654,330,22162,1045,50006,808,72168,California
Butte,2021-04-10,229,118012,48,49277,80,63980,101,4755,102,22238,126,50132,202,72370,California
Butte,2021-04-11,107,118119,44,49321,53,64033,10,4765,83,22308,23,50155,93,72463,California
Butte,2021-04-12,1414,119533,315,49636,965,64998,134,4899,234,21496,1180,51335,368,72831,California
Butte,2021-04-13,1655,121188,574,50210,1075,66073,6,4905,345,20544,1303,52638,351,73182,California
Butte,2021-04-14,2855,124043,2361,52571,494,66567,0,4905,1326,20347,1524,54162,1327,74509,California
Butte,2021-04-15,649,124692,399,52970,250,66817,0,4905,486,20676,157,54319,486,74995,California
Butte,2021-04-16,816,125508,419,53389,397,67214,0,4905,482,20826,332,54651,482,75477,California
Butte,2021-04-17,345,125853,62,53451,283,67497,0,4905,242,20966,102,54753,242,75719,California
Butte,2021-04-18,57,125910,23,53474,34,67531,0,4905,44,20997,13,54766,44,75763,California
Butte,2021-04-19,1567,127477,385,53859,1182,68713,0,4905,419,20271,1145,55911,419,76182,California
Butte,2021-04-20,2031,129508,765,54624,1266,69979,0,4905,758,19764,1265,57176,758,76940,California
Butte,2021-04-21,2110,131618,1227,55851,883,70862,0,4905,487,18635,1616,58792,487,77427,California
Butte,2021-04-22,2270,133888,1984,57835,286,71148,0,4905,625,17620,1640,60432,625,78052,California
Butte,2021-04-23,971,134859,473,58308,498,71646,0,4905,491,17632,479,60911,491,78543,California
Butte,2021-04-24,349,135208,139,58447,210,71856,0,4905,191,17665,158,61069,191,78734,California
Butte,2021-04-25,174,135382,69,58516,105,71961,0,4905,65,17621,109,61178,65,78799,California
Butte,2021-04-26,1576,136958,470,58986,1101,73062,5,4910,409,16874,1161,62339,414,79213,California
Butte,2021-04-27,1036,137994,696,59682,313,73375,27,4937,588,17047,443,62782,616,79829,California
Butte,2021-04-28,1432,139426,977,60659,430,73805,25,4962,509,16663,918,63700,534,80363,California
Butte,2021-04-29,914,140340,569,61228,320,74125,25,4987,311,16402,597,64297,336,80699,California
Butte,2021-04-30,927,141267,419,61647,487,74612,21,5008,465,16433,454,64751,485,81184,California
Butte,2021-05-01,244,141511,64,61711,158,74770,22,5030,72,16355,169,64920,91,81275,California
Butte,2021-05-02,151,141662,63,61774,75,74845,13,5043,44,16304,107,65027,56,81331,California
Butte,2021-05-03,635,142297,257,62031,347,75192,31,5074,177,16064,448,65475,208,81539,California
Butte,2021-05-04,848,143145,343,62374,473,75665,32,5106,223,15699,619,66094,254,81793,California
Butte,2021-05-05,1374,144519,1121,63495,215,75880,38,5144,291,14951,1077,67171,329,82122,California
Butte,2021-05-06,965,145484,701,64196,225,76105,39,5183,366,14761,595,67766,405,82527,California
Butte,2021-05-07,581,146065,310,64506,235,76340,36,5219,296,14810,282,68048,331,82858,California
Butte,2021-05-08,188,146253,53,64559,124,76464,11,5230,91,14816,96,68144,102,82960,California
Butte,2021-05-09,103,146356,27,64586,73,76537,3,5233,54,14824,49,68193,57,83017,California
Butte,2021-05-10,535,146891,316,64902,174,76711,45,5278,214,14765,318,68511,259,83276,California
Butte,2021-05-11,915,147806,661,65563,194,76905,60,5338,296,14505,616,69127,356,83632,California
Butte,2021-05-12,784,148590,483,66046,253,77158,48,5386,334,14442,445,69572,382,84014,California
Butte,2021-05-13,948,149538,628,66674,255,77413,65,5451,349,14266,588,70160,412,84426,California
Butte,2021-05-14,869,150407,543,67217,293,77706,33,5484,380,14192,486,70646,412,84838,California
Butte,2021-05-15,509,150916,247,67464,228,77934,34,5518,239,14197,268,70914,273,85111,California
Butte,2021-05-16,168,151084,82,67546,68,78002,18,5536,98,14244,69,70983,116,85227,California
Butte,2021-05-17,770,151854,497,68043,224,78226,49,5585,331,14188,435,71418,379,85606,California
Butte,2021-05-18,1068,152922,735,68778,284,78510,49,5634,475,14125,587,72005,524,86130,California
Butte,2021-05-19,833,153755,541,69319,248,78758,44,5678,327,13995,500,72505,370,86500,California
Butte,2021-05-20,985,154740,660,69979,215,78973,110,5788,384,13890,598,73103,493,86993,California
Butte,2021-05-21,890,155630,543,70522,321,79294,26,5814,293,13615,593,73696,318,87311,California
Butte,2021-05-22,299,155929,139,70661,145,79439,15,5829,144,13621,152,73848,158,87469,California
Butte,2021-05-23,131,156060,82,70743,48,79487,1,5830,79,13649,52,73900,80,87549,California
Butte,2021-05-24,353,156413,165,70908,138,79625,50,5880,177,13701,174,74074,226,87775,California
Butte,2021-05-25,699,157112,448,71356,215,79840,36,5916,342,13729,350,74424,378,88153,California
Butte,2021-05-26,561,157673,180,71536,358,80198,23,5939,242,13682,311,74735,264,88417,California
Butte,2021-05-27,865,158538,623,72159,224,80422,18,5957,422,13685,438,75173,441,88858,California
Butte,2021-05-28,520,159058,141,72300,300,80722,79,6036,212,13671,305,75478,291,89149,California
Butte,2021-05-29,225,159283,116,72416,97,80819,12,6048,144,13746,81,75559,156,89305,California
Butte,2021-05-30,107,159390,56,72472,51,80870,0,6048,59,13757,48,75607,59,89364,California
Butte,2021-05-31,43,159433,23,72495,18,80888,2,6050,25,13766,18,75625,27,89391,California
Butte,2021-06-01,676,160109,427,72922,213,81101,36,6086,252,13634,420,76045,288,89679,California
Butte,2021-06-02,818,160927,565,73487,208,81309,45,6131,349,13563,464,76509,393,90072,California
Butte,2021-06-03,626,161553,422,73909,187,81496,17,6148,205,13367,418,76927,222,90294,California
Butte,2021-06-04,483,162036,276,74185,179,81675,28,6176,144,13206,333,77260,172,90466,California
Butte,2021-06-05,320,162356,208,74393,92,81767,20,6196,96,13099,223,77483,116,90582,California
Butte,2021-06-06,134,162490,99,74492,33,81800,2,6198,32,13032,101,77584,34,90616,California
Butte,2021-06-07,404,162894,258,74750,116,81916,30,6228,168,12995,235,77819,198,90814,California
Butte,2021-06-08,652,163546,470,75220,163,82079,19,6247,179,12732,462,78281,199,91013,California
Butte,2021-06-09,437,163983,300,75520,118,82197,19,6266,147,12614,284,78565,166,91179,California
Butte,2021-06-10,633,164616,451,75971,150,82347,32,6298,234,12481,397,78962,264,91443,California
Butte,2021-06-11,444,165060,265,76236,158,82505,21,6319,149,12358,293,79255,170,91613,California
Butte,2021-06-12,252,165312,154,76390,88,82593,10,6329,75,12267,176,79431,85,91698,California
Butte,2021-06-13,97,165409,64,76454,30,82623,3,6332,20,12213,77,79508,23,91721,California
Butte,2021-06-14,387,165796,232,76686,135,82758,20,6352,136,12120,250,79758,157,91878,California
Butte,2021-06-15,548,166344,385,77071,137,82895,26,6378,161,11926,381,80139,187,92065,California
Butte,2021-06-16,417,166761,256,77327,116,83011,45,6423,168,11892,246,80385,212,92277,California
Butte,2021-06-17,581,167342,433,77760,121,83132,27,6450,179,11697,401,80786,206,92483,California
Butte,2021-06-18,411,167753,206,77966,152,83284,53,6503,161,11660,248,81034,211,92694,California
Butte,2021-06-19,207,167960,153,78119,49,83333,5,6508,92,11642,115,81149,97,92791,California
Butte,2021-06-20,93,168053,68,78187,25,83358,0,6508,24,11597,69,81218,24,92815,California
Butte,2021-06-21,277,168330,164,78351,91,83449,22,6530,132,11608,143,81361,154,92969,California
Butte,2021-06-22,419,168749,274,78625,121,83570,24,6554,151,11519,264,81625,175,93144,California
Butte,2021-06-23,448,169197,331,78956,92,83662,25,6579,164,11424,283,81908,188,93332,California
Butte,2021-06-24,421,169618,284,79240,108,83770,29,6608,153,11338,267,82175,181,93513,California
Butte,2021-06-25,411,170029,201,79441,187,83957,23,6631,153,11257,257,82432,176,93689,California
Butte,2021-06-26,132,170161,96,79537,34,83991,2,6633,55,11237,77,82509,57,93746,California
Butte,2021-06-27,63,170224,38,79575,24,84015,1,6634,20,11215,43,82552,21,93767,California
Butte,2021-06-28,296,170520,223,79798,54,84069,19,6653,122,11183,173,82725,141,93908,California
Butte,2021-06-29,316,170836,213,80011,92,84161,11,6664,137,11154,176,82901,147,94055,California
Butte,2021-06-30,296,171132,206,80217,74,84235,16,6680,143,11161,152,83053,159,94214,California
Butte,2021-07-01,222,171354,144,80361,71,84306,7,6687,89,11124,133,83186,96,94310,California
Calaveras,2020-12-16,5,5,5,5,0,0,0,0,5,5,0,0,5,5,California
Calaveras,2020-12-17,3,8,3,8,0,0,0,0,3,8,0,0,3,8,California
Calaveras,2020-12-18,39,47,39,47,0,0,0,0,39,47,0,0,39,47,California
Calaveras,2020-12-19,3,50,3,50,0,0,0,0,3,50,0,0,3,50,California
Calaveras,2020-12-20,4,54,4,54,0,0,0,0,4,54,0,0,4,54,California
Calaveras,2020-12-21,54,108,47,101,7,7,0,0,54,108,0,0,54,108,California
Calaveras,2020-12-22,82,190,78,179,4,11,0,0,83,191,0,0,83,191,California
Calaveras,2020-12-23,76,266,74,253,2,13,0,0,76,267,0,0,76,267,California
Calaveras,2020-12-24,2,268,2,255,0,13,0,0,2,269,0,0,2,269,California
Calaveras,2020-12-26,3,271,3,258,0,13,0,0,3,272,0,0,3,272,California
Calaveras,2020-12-27,1,272,1,259,0,13,0,0,1,273,0,0,1,273,California
Calaveras,2020-12-28,22,294,18,277,4,17,0,0,21,293,1,1,21,294,California
Calaveras,2020-12-29,160,454,138,415,22,39,0,0,160,453,0,1,160,454,California
Calaveras,2020-12-30,94,548,82,497,12,51,0,0,94,547,0,1,94,548,California
Calaveras,2020-12-31,37,585,26,523,11,62,0,0,37,584,0,1,37,585,California
Calaveras,2021-01-02,11,596,11,534,0,62,0,0,11,595,0,1,11,596,California
Calaveras,2021-01-03,10,606,4,538,6,68,0,0,10,605,0,1,10,606,California
Calaveras,2021-01-04,33,639,5,543,28,96,0,0,33,638,0,1,33,639,California
Calaveras,2021-01-05,41,680,10,553,31,127,0,0,32,666,9,10,37,676,California
Calaveras,2021-01-06,107,787,30,583,77,204,0,0,97,753,10,20,97,773,California
Calaveras,2021-01-07,106,893,26,609,80,284,0,0,93,836,11,31,94,867,California
Calaveras,2021-01-08,69,962,39,648,30,314,0,0,45,859,24,55,47,914,California
Calaveras,2021-01-09,5,967,5,653,0,314,0,0,2,858,3,58,2,916,California
Calaveras,2021-01-10,2,969,0,653,2,316,0,0,2,860,0,58,2,918,California
Calaveras,2021-01-11,66,1035,60,713,6,322,0,0,27,851,38,96,29,947,California
Calaveras,2021-01-12,87,1122,54,767,33,355,0,0,52,869,35,131,53,1000,California
Calaveras,2021-01-13,110,1232,46,813,64,419,0,0,75,910,35,166,76,1076,California
Calaveras,2021-01-14,144,1376,45,858,99,518,0,0,110,988,33,199,111,1187,California
Calaveras,2021-01-15,92,1468,28,886,64,582,0,0,72,1040,20,219,72,1259,California
Calaveras,2021-01-16,13,1481,2,888,11,593,0,0,12,1051,1,220,12,1271,California
Calaveras,2021-01-17,10,1491,2,890,8,601,0,0,9,1059,1,221,9,1280,California
Calaveras,2021-01-18,138,1629,21,911,117,718,0,0,122,1169,16,237,126,1406,California
Calaveras,2021-01-19,208,1837,177,1088,31,749,0,0,70,1104,137,374,72,1478,California
Calaveras,2021-01-20,380,2217,82,1170,298,1047,0,0,286,1315,93,467,304,1782,California
Calaveras,2021-01-21,468,2685,42,1212,426,1473,0,0,426,1717,42,509,444,2226,California
Calaveras,2021-01-22,406,3091,25,1237,381,1854,0,0,388,2101,18,527,402,2628,California
Calaveras,2021-01-23,19,3110,8,1245,11,1865,0,0,18,2118,1,528,18,2646,California
Calaveras,2021-01-24,14,3124,8,1253,6,1871,0,0,12,2128,2,530,12,2658,California
Calaveras,2021-01-25,88,3212,7,1260,81,1952,0,0,83,2206,5,535,83,2741,California
Calaveras,2021-01-26,49,3261,16,1276,33,1985,0,0,40,2237,9,544,40,2781,California
Calaveras,2021-01-27,140,3401,47,1323,93,2078,0,0,111,2320,28,572,111,2892,California
Calaveras,2021-01-28,165,3566,25,1348,140,2218,0,0,137,2435,28,600,143,3035,California
Calaveras,2021-01-29,398,3964,14,1362,384,2602,0,0,363,2779,35,635,379,3414,California
Calaveras,2021-01-30,27,3991,10,1372,17,2619,0,0,25,2804,0,635,25,3439,California
Calaveras,2021-01-31,6,3997,4,1376,2,2621,0,0,5,2808,1,636,5,3444,California
Calaveras,2021-02-01,31,4028,12,1388,19,2640,0,0,22,2821,9,645,22,3466,California
Calaveras,2021-02-02,113,4141,24,1412,89,2729,0,0,74,2862,34,679,75,3541,California
Calaveras,2021-02-03,445,4586,45,1457,400,3129,0,0,360,3140,84,763,362,3903,California
Calaveras,2021-02-04,391,4977,26,1483,365,3494,0,0,305,3362,86,849,308,4211,California
Calaveras,2021-02-05,81,5058,22,1505,59,3553,0,0,42,3366,39,888,43,4254,California
Calaveras,2021-02-06,22,5080,12,1517,10,3563,0,0,22,3388,0,888,22,4276,California
Calaveras,2021-02-07,6,5086,1,1518,5,3568,0,0,2,3388,2,890,2,4278,California
Calaveras,2021-02-08,41,5127,19,1537,22,3590,0,0,33,3415,6,896,33,4311,California
Calaveras,2021-02-09,195,5322,78,1615,117,3707,0,0,132,3487,61,957,133,4444,California
Calaveras,2021-02-10,518,5840,33,1648,485,4192,0,0,443,3864,75,1032,452,4896,California
Calaveras,2021-02-11,601,6441,91,1739,510,4702,0,0,481,4240,117,1149,493,5389,California
Calaveras,2021-02-12,577,7018,326,2065,251,4953,0,0,491,4657,84,1233,501,5890,California
Calaveras,2021-02-13,203,7221,45,2110,158,5111,0,0,188,4830,15,1248,188,6078,California
Calaveras,2021-02-14,224,7445,71,2181,153,5264,0,0,208,5024,14,1262,208,6286,California
Calaveras,2021-02-15,387,7832,25,2206,362,5626,0,0,263,5168,119,1381,263,6549,California
Calaveras,2021-02-16,269,8101,146,2352,123,5749,0,0,231,5364,38,1419,234,6783,California
Calaveras,2021-02-17,514,8615,40,2392,474,6223,0,0,204,5281,292,1711,209,6992,California
Calaveras,2021-02-18,503,9118,96,2488,407,6630,0,0,96,4995,383,2094,97,7089,California
Calaveras,2021-02-19,442,9560,43,2531,399,7029,0,0,98,4765,328,2422,98,7187,California
Calaveras,2021-02-20,58,9618,15,2546,43,7072,0,0,48,4803,10,2432,48,7235,California
Calaveras,2021-02-21,27,9645,16,2562,11,7083,0,0,20,4817,6,2438,20,7255,California
Calaveras,2021-02-22,63,9708,38,2600,25,7108,0,0,33,4820,30,2468,33,7288,California
Calaveras,2021-02-23,136,9844,49,2649,87,7195,0,0,95,4875,41,2509,96,7384,California
Calaveras,2021-02-24,98,9942,48,2697,50,7245,0,0,67,4912,30,2539,67,7451,California
Calaveras,2021-02-25,557,10499,104,2801,453,7698,0,0,355,5082,193,2732,363,7814,California
Calaveras,2021-02-26,784,11283,45,2846,739,8437,0,0,376,5077,383,3115,378,8192,California
Calaveras,2021-02-27,204,11487,25,2871,179,8616,0,0,179,5231,25,3140,179,8371,California
Calaveras,2021-02-28,95,11582,15,2886,80,8696,0,0,90,5316,5,3145,90,8461,California
Calaveras,2021-03-01,252,11834,48,2934,204,8900,0,0,154,5378,93,3238,155,8616,California
Calaveras,2021-03-02,262,12096,105,3039,157,9057,0,0,209,5539,50,3288,211,8827,California
Calaveras,2021-03-03,571,12667,110,3149,461,9518,0,0,218,5411,347,3635,219,9046,California
Calaveras,2021-03-04,755,13422,71,3220,683,10201,1,1,352,5371,394,4029,354,9400,California
Calaveras,2021-03-05,457,13879,272,3492,181,10382,4,5,142,5215,302,4331,146,9546,California
Calaveras,2021-03-06,154,14033,43,3535,105,10487,6,11,113,5294,41,4372,120,9666,California
Calaveras,2021-03-07,76,14109,32,3567,37,10524,7,18,35,5295,41,4413,42,9708,California
Calaveras,2021-03-08,166,14275,31,3598,127,10651,8,26,128,5395,36,4449,136,9844,California
Calaveras,2021-03-09,376,14651,143,3741,227,10878,6,32,33,5097,337,4786,39,9883,California
Calaveras,2021-03-10,432,15083,35,3776,394,11272,3,35,58,4795,363,5149,61,9944,California
Calaveras,2021-03-11,881,15964,441,4217,427,11699,13,48,436,4815,431,5580,451,10395,California
Calaveras,2021-03-12,429,16393,224,4441,195,11894,10,58,325,5057,102,5682,344,10739,California
Calaveras,2021-03-13,192,16585,19,4460,165,12059,8,66,139,5157,51,5733,151,10890,California
Calaveras,2021-03-14,162,16747,11,4471,150,12209,1,67,18,5038,144,5877,25,10915,California
Calaveras,2021-03-15,334,17081,50,4521,258,12467,26,93,53,4841,280,6157,83,10998,California
Calaveras,2021-03-16,699,17780,562,5083,117,12584,20,113,553,5270,144,6301,573,11571,California
Calaveras,2021-03-17,287,18067,53,5136,220,12804,14,127,52,5109,228,6529,67,11638,California
Calaveras,2021-03-18,671,18738,575,5711,80,12884,16,143,548,5553,123,6652,567,12205,California
Calaveras,2021-03-19,236,18974,51,5762,110,12994,75,218,59,5512,173,6825,132,12337,California
Calaveras,2021-03-20,81,19055,22,5784,58,13052,1,219,23,5479,58,6883,25,12362,California
Calaveras,2021-03-21,47,19102,29,5813,7,13059,11,230,9,5463,37,6920,21,12383,California
Calaveras,2021-03-22,83,19185,39,5852,23,13082,21,251,26,5453,57,6977,47,12430,California
Calaveras,2021-03-23,299,19484,205,6057,84,13166,10,261,118,5411,169,7146,127,12557,California
Calaveras,2021-03-24,136,19620,52,6109,74,13240,10,271,44,5375,90,7236,54,12611,California
Calaveras,2021-03-25,754,20374,109,6218,641,13881,4,275,451,5538,292,7528,455,13066,California
Calaveras,2021-03-26,436,20810,29,6247,400,14281,7,282,90,5297,340,7868,99,13165,California
Calaveras,2021-03-27,211,21021,21,6268,186,14467,4,286,38,5171,170,8038,44,13209,California
Calaveras,2021-03-28,111,21132,12,6280,96,14563,3,289,8,5081,102,8140,12,13221,California
Calaveras,2021-03-29,185,21317,23,6303,159,14722,3,292,59,5021,123,8263,63,13284,California
Calaveras,2021-03-30,541,21858,26,6329,498,15220,17,309,362,5222,178,8441,379,13663,California
Calaveras,2021-03-31,327,22185,143,6472,174,15394,10,319,158,5224,167,8608,169,13832,California
Calaveras,2021-04-01,693,22878,448,6920,244,15638,1,320,184,4908,505,9113,189,14021,California
Calaveras,2021-04-02,399,23277,234,7154,157,15795,8,328,116,4759,275,9388,126,14147,California
Calaveras,2021-04-03,143,23420,35,7189,104,15899,4,332,40,4700,103,9491,44,14191,California
Calaveras,2021-04-04,82,23502,26,7215,56,15955,0,332,50,4718,32,9523,50,14241,California
Calaveras,2021-04-05,211,23713,81,7296,120,16075,10,342,99,4715,112,9635,109,14350,California
Calaveras,2021-04-06,661,24374,581,7877,66,16141,14,356,115,4302,542,10177,129,14479,California
Calaveras,2021-04-07,762,25136,664,8541,61,16202,37,393,621,4820,141,10318,659,15138,California
Calaveras,2021-04-08,950,26086,857,9398,70,16272,23,416,433,4764,513,10831,457,15595,California
Calaveras,2021-04-09,159,26245,61,9459,49,16321,49,465,56,4769,99,10930,104,15699,California
Calaveras,2021-04-10,194,26439,42,9501,133,16454,19,484,148,4892,45,10975,168,15867,California
Calaveras,2021-04-11,70,26509,45,9546,23,16477,2,486,49,4922,21,10996,51,15918,California
Calaveras,2021-04-12,106,26615,46,9592,41,16518,19,505,56,4948,50,11046,76,15994,California
Calaveras,2021-04-13,427,27042,372,9964,55,16573,0,505,366,5256,60,11106,368,16362,California
Calaveras,2021-04-14,185,27227,28,9992,157,16730,0,505,135,5343,49,11155,136,16498,California
Calaveras,2021-04-15,335,27562,284,10276,51,16781,0,505,244,5501,86,11241,244,16742,California
Calaveras,2021-04-16,109,27671,32,10308,77,16858,0,505,50,5499,52,11293,50,16792,California
Calaveras,2021-04-17,334,28005,128,10436,206,17064,0,505,291,5747,43,11336,291,17083,California
Calaveras,2021-04-18,18,28023,5,10441,13,17077,0,505,11,5751,7,11343,11,17094,California
Calaveras,2021-04-19,76,28099,27,10468,49,17126,0,505,44,5765,31,11374,45,17139,California
Calaveras,2021-04-20,270,28369,93,10561,177,17303,0,505,197,5895,67,11441,197,17336,California
Calaveras,2021-04-21,217,28586,146,10707,71,17374,0,505,83,5847,132,11573,84,17420,California
Calaveras,2021-04-22,546,29132,97,10804,449,17823,0,505,143,5593,399,11972,145,17565,California
Calaveras,2021-04-23,162,29294,81,10885,81,17904,0,505,64,5562,95,12067,64,17629,California
Calaveras,2021-04-24,172,29466,37,10922,135,18039,0,505,129,5650,42,12109,130,17759,California
Calaveras,2021-04-25,42,29508,28,10950,14,18053,0,505,21,5652,21,12130,23,17782,California
Calaveras,2021-04-26,119,29627,74,11024,45,18098,0,505,35,5605,83,12213,36,17818,California
Calaveras,2021-04-27,446,30073,74,11098,359,18457,13,518,58,5292,384,12597,71,17889,California
Calaveras,2021-04-28,650,30723,580,11678,39,18496,31,549,55,4793,592,13189,93,17982,California
Calaveras,2021-04-29,519,31242,443,12121,57,18553,19,568,72,4444,444,13633,95,18077,California
Calaveras,2021-04-30,156,31398,62,12183,89,18642,5,573,71,4442,84,13717,82,18159,California
Calaveras,2021-05-01,202,31600,111,12294,88,18730,3,576,134,4516,67,13784,141,18300,California
Calaveras,2021-05-02,53,31653,36,12330,16,18746,1,577,20,4507,31,13815,22,18322,California
Calaveras,2021-05-03,94,31747,69,12399,20,18766,5,582,30,4483,63,13878,39,18361,California
Calaveras,2021-05-04,420,32167,330,12729,53,18819,37,619,44,4190,375,14253,82,18443,California
Calaveras,2021-05-05,113,32280,58,12787,23,18842,32,651,50,4210,61,14314,81,18524,California
Calaveras,2021-05-06,255,32535,193,12980,38,18880,24,675,47,4076,206,14520,72,18596,California
Calaveras,2021-05-07,89,32624,25,13005,58,18938,6,681,58,4109,31,14551,64,18660,California
Calaveras,2021-05-08,291,32915,142,13147,146,19084,3,684,90,4005,197,14748,93,18753,California
Calaveras,2021-05-09,28,32943,12,13159,13,19097,3,687,13,4006,15,14763,16,18769,California
Calaveras,2021-05-10,64,33007,29,13188,34,19131,1,688,28,4002,34,14797,30,18799,California
Calaveras,2021-05-11,136,33143,91,13279,33,19164,12,700,95,4070,40,14837,108,18907,California
Calaveras,2021-05-12,171,33314,49,13328,122,19286,0,700,53,4006,117,14954,53,18960,California
Calaveras,2021-05-13,121,33435,66,13394,40,19326,15,715,65,4033,54,15008,81,19041,California
Calaveras,2021-05-14,148,33583,92,13486,53,19379,3,718,99,4087,48,15056,102,19143,California
Calaveras,2021-05-15,268,33851,96,13582,169,19548,3,721,106,4040,156,15212,109,19252,California
Calaveras,2021-05-16,30,33881,12,13594,18,19566,0,721,14,4039,16,15228,15,19267,California
Calaveras,2021-05-17,90,33971,42,13636,41,19607,7,728,47,4052,42,15270,55,19322,California
Calaveras,2021-05-18,228,34199,62,13698,144,19751,22,750,73,3993,154,15424,95,19417,California
Calaveras,2021-05-19,151,34350,63,13761,84,19835,4,754,72,3992,78,15502,77,19494,California
Calaveras,2021-05-20,203,34553,80,13841,97,19932,26,780,66,3949,134,15636,91,19585,California
Calaveras,2021-05-21,97,34650,55,13896,38,19970,4,784,58,3972,38,15674,61,19646,California
Calaveras,2021-05-22,301,34951,160,14056,141,20111,0,784,148,3968,152,15826,148,19794,California
Calaveras,2021-05-23,31,34982,16,14072,15,20126,0,784,13,3963,18,15844,13,19807,California
Calaveras,2021-05-24,76,35058,40,14112,20,20146,16,800,32,3968,44,15888,49,19856,California
Calaveras,2021-05-25,125,35183,48,14160,60,20206,17,817,57,3974,68,15956,74,19930,California
Calaveras,2021-05-26,121,35304,87,14247,30,20236,4,821,83,4023,37,15993,86,20016,California
Calaveras,2021-05-27,85,35389,44,14291,37,20273,4,825,29,4004,53,16046,34,20050,California
Calaveras,2021-05-28,85,35474,44,14335,37,20310,4,829,39,4001,46,16092,43,20093,California
Calaveras,2021-05-29,69,35543,23,14358,41,20351,5,834,33,4004,36,16128,39,20132,California
Calaveras,2021-05-30,36,35579,14,14372,17,20368,5,839,11,3995,25,16153,16,20148,California
Calaveras,2021-05-31,5,35584,0,14372,3,20371,2,841,0,3992,5,16158,2,20150,California
Calaveras,2021-06-01,145,35729,97,14469,42,20413,6,847,44,3941,101,16259,50,20200,California
Calaveras,2021-06-02,85,35814,54,14523,27,20440,4,851,36,3932,49,16308,40,20240,California
Calaveras,2021-06-03,93,35907,55,14578,31,20471,7,858,42,3934,49,16357,51,20291,California
Calaveras,2021-06-04,139,36046,93,14671,34,20505,12,870,36,3879,103,16460,48,20339,California
Calaveras,2021-06-05,85,36131,28,14699,55,20560,2,872,34,3865,50,16510,36,20375,California
Calaveras,2021-06-06,40,36171,28,14727,9,20569,3,875,21,3870,19,16529,24,20399,California
Calaveras,2021-06-07,62,36233,45,14772,9,20578,8,883,25,3867,36,16565,33,20432,California
Calaveras,2021-06-08,125,36358,79,14851,39,20617,7,890,57,3865,66,16631,64,20496,California
Calaveras,2021-06-09,95,36453,51,14902,38,20655,6,896,30,3838,65,16696,38,20534,California
Calaveras,2021-06-10,119,36572,58,14960,52,20707,9,905,41,3812,76,16772,50,20584,California
Calaveras,2021-06-11,104,36676,59,15019,40,20747,5,910,33,3779,71,16843,38,20622,California
Calaveras,2021-06-12,62,36738,36,15055,24,20771,2,912,19,3758,43,16886,22,20644,California
Calaveras,2021-06-13,31,36769,18,15073,9,20780,4,916,8,3747,23,16909,12,20656,California
Calaveras,2021-06-14,59,36828,39,15112,16,20796,4,920,22,3738,37,16946,28,20684,California
Calaveras,2021-06-15,90,36918,55,15167,26,20822,9,929,23,3704,67,17013,33,20717,California
Calaveras,2021-06-16,179,37097,138,15305,27,20849,14,943,39,3618,139,17152,53,20770,California
Calaveras,2021-06-17,60,37157,32,15337,23,20872,5,948,24,3614,33,17185,29,20799,California
Calaveras,2021-06-18,60,37217,41,15378,15,20887,4,952,25,3608,35,17220,29,20828,California
Calaveras,2021-06-19,66,37283,23,15401,26,20913,17,969,23,3605,43,17263,40,20868,California
Calaveras,2021-06-20,6,37289,2,15403,3,20916,1,970,2,3604,4,17267,3,20871,California
Calaveras,2021-06-21,39,37328,15,15418,18,20934,6,976,24,3620,15,17282,31,20902,California
Calaveras,2021-06-22,63,37391,32,15450,29,20963,2,978,28,3617,34,17316,31,20933,California
Calaveras,2021-06-23,58,37449,33,15483,18,20981,7,985,25,3616,33,17349,32,20965,California
Calaveras,2021-06-24,62,37511,30,15513,30,21011,2,987,30,3616,32,17381,32,20997,California
Calaveras,2021-06-25,51,37562,31,15544,12,21023,8,995,21,3615,30,17411,29,21026,California
Calaveras,2021-06-26,33,37595,16,15560,15,21038,2,997,20,3625,13,17424,23,21049,California
Calaveras,2021-06-27,18,37613,16,15576,1,21039,1,998,8,3624,10,17434,9,21058,California
Calaveras,2021-06-28,42,37655,24,15600,13,21052,5,1003,18,3624,24,17458,24,21082,California
Calaveras,2021-06-29,53,37708,41,15641,9,21061,3,1006,22,3618,31,17489,25,21107,California
Calaveras,2021-06-30,39,37747,22,15663,9,21070,8,1014,18,3623,21,17510,26,21133,California
Calaveras,2021-07-01,31,37778,19,15682,9,21079,3,1017,15,3626,15,17525,18,21151,California
Colusa,2020-12-18,1,1,1,1,0,0,0,0,1,1,0,0,1,1,California
Colusa,2020-12-21,2,3,2,3,0,0,0,0,2,3,0,0,2,3,California
Colusa,2020-12-22,10,13,10,13,0,0,0,0,10,13,0,0,10,13,California
Colusa,2020-12-23,10,23,10,23,0,0,0,0,10,23,0,0,10,23,California
Colusa,2020-12-24,2,25,1,24,1,1,0,0,2,25,0,0,2,25,California
Colusa,2020-12-27,1,26,1,25,0,1,0,0,1,26,0,0,1,26,California
Colusa,2020-12-28,7,33,3,28,4,5,0,0,7,33,0,0,7,33,California
Colusa,2020-12-29,10,43,8,36,2,7,0,0,10,43,0,0,10,43,California
Colusa,2020-12-30,51,94,14,50,37,44,0,0,51,94,0,0,51,94,California
Colusa,2020-12-31,18,112,1,51,17,61,0,0,18,112,0,0,18,112,California
Colusa,2021-01-04,3,115,0,51,3,64,0,0,3,115,0,0,3,115,California
Colusa,2021-01-05,68,183,1,52,67,131,0,0,68,183,0,0,68,183,California
Colusa,2021-01-06,15,198,9,61,6,137,0,0,15,198,0,0,15,198,California
Colusa,2021-01-07,40,238,5,66,35,172,0,0,39,236,1,1,39,237,California
Colusa,2021-01-08,9,247,7,73,2,174,0,0,8,243,1,2,8,245,California
Colusa,2021-01-09,2,249,1,74,1,175,0,0,2,245,0,2,2,247,California
Colusa,2021-01-10,1,250,0,74,1,176,0,0,1,246,0,2,1,248,California
Colusa,2021-01-11,12,262,6,80,6,182,0,0,7,248,5,7,7,255,California
Colusa,2021-01-12,11,273,9,89,2,184,0,0,6,249,5,12,6,261,California
Colusa,2021-01-13,21,294,13,102,8,192,0,0,13,254,8,20,13,274,California
Colusa,2021-01-14,36,330,29,131,7,199,0,0,34,286,2,22,34,308,California
Colusa,2021-01-15,42,372,5,136,37,236,0,0,40,324,2,24,40,348,California
Colusa,2021-01-16,12,384,1,137,11,247,0,0,11,334,1,25,11,359,California
Colusa,2021-01-17,3,387,2,139,1,248,0,0,2,335,1,26,2,361,California
Colusa,2021-01-18,4,391,0,139,4,252,0,0,4,339,0,26,4,365,California
Colusa,2021-01-19,9,400,8,147,1,253,0,0,5,340,4,30,5,370,California
Colusa,2021-01-20,115,515,101,248,14,267,0,0,101,427,14,44,101,471,California
Colusa,2021-01-21,59,574,44,292,15,282,0,0,58,484,1,45,58,529,California
Colusa,2021-01-22,40,614,17,309,23,305,0,0,35,514,5,50,35,564,California
Colusa,2021-01-23,35,649,6,315,29,334,0,0,35,549,0,50,35,599,California
Colusa,2021-01-25,7,656,0,315,7,341,0,0,7,556,0,50,7,606,California
Colusa,2021-01-26,8,664,5,320,3,344,0,0,5,558,3,53,5,611,California
Colusa,2021-01-27,110,774,31,351,79,423,0,0,108,664,2,55,108,719,California
Colusa,2021-01-28,83,857,48,399,35,458,0,0,74,729,9,64,74,793,California
Colusa,2021-01-29,42,899,7,406,35,493,0,0,41,769,1,65,41,834,California
Colusa,2021-01-30,27,926,4,410,23,516,0,0,27,796,0,65,27,861,California
Colusa,2021-01-31,7,933,7,417,0,516,0,0,7,803,0,65,7,868,California
Colusa,2021-02-01,27,960,10,427,17,533,0,0,22,820,5,70,22,890,California
Colusa,2021-02-02,42,1002,8,435,34,567,0,0,36,850,6,76,36,926,California
Colusa,2021-02-03,70,1072,10,445,60,627,0,0,58,896,12,88,58,984,California
Colusa,2021-02-04,143,1215,81,526,62,689,0,0,114,981,29,117,114,1098,California
Colusa,2021-02-05,32,1247,8,534,24,713,0,0,29,1007,3,120,29,1127,California
Colusa,2021-02-06,285,1532,9,543,276,989,0,0,274,1270,11,131,274,1401,California
Colusa,2021-02-07,2,1534,1,544,1,990,0,0,0,1268,2,133,0,1401,California
Colusa,2021-02-08,40,1574,5,549,35,1025,0,0,37,1302,3,136,37,1438,California
Colusa,2021-02-09,231,1805,14,563,217,1242,0,0,176,1423,55,191,176,1614,California
Colusa,2021-02-10,118,1923,42,605,76,1318,0,0,74,1453,44,235,74,1688,California
Colusa,2021-02-11,102,2025,39,644,63,1381,0,0,75,1501,27,262,75,1763,California
Colusa,2021-02-12,117,2142,9,653,108,1489,0,0,78,1539,40,302,78,1841,California
Colusa,2021-02-13,60,2202,8,661,52,1541,0,0,52,1583,8,310,52,1893,California
Colusa,2021-02-14,21,2223,8,669,13,1554,0,0,15,1592,6,316,15,1908,California
Colusa,2021-02-15,46,2269,10,679,36,1590,0,0,39,1624,7,323,39,1947,California
Colusa,2021-02-16,69,2338,4,683,65,1655,0,0,68,1691,1,324,68,2015,California
Colusa,2021-02-17,209,2547,143,826,66,1721,0,0,62,1606,147,471,62,2077,California
Colusa,2021-02-18,139,2686,39,865,100,1821,0,0,116,1699,23,494,116,2193,California
Colusa,2021-02-19,157,2843,19,884,138,1959,0,0,131,1804,26,520,131,2324,California
Colusa,2021-02-20,32,2875,6,890,26,1985,0,0,13,1798,19,539,13,2337,California
Colusa,2021-02-21,4,2879,2,892,2,1987,0,0,2,1798,2,541,2,2339,California
Colusa,2021-02-22,45,2924,27,919,18,2005,0,0,30,1813,15,556,30,2369,California
Colusa,2021-02-23,21,2945,6,925,15,2020,0,0,17,1826,4,560,17,2386,California
Colusa,2021-02-24,306,3251,55,980,251,2271,0,0,159,1838,147,707,159,2545,California
Colusa,2021-02-25,109,3360,61,1041,48,2319,0,0,73,1875,36,743,73,2618,California
Colusa,2021-02-26,99,3459,14,1055,85,2404,0,0,60,1896,39,782,60,2678,California
Colusa,2021-02-27,57,3516,4,1059,53,2457,0,0,42,1923,15,797,42,2720,California
Colusa,2021-02-28,27,3543,15,1074,12,2469,0,0,18,1932,9,806,18,2738,California
Colusa,2021-03-01,46,3589,15,1089,31,2500,0,0,29,1944,17,823,29,2767,California
Colusa,2021-03-02,50,3639,13,1102,37,2537,0,0,26,1946,24,847,26,2793,California
Colusa,2021-03-03,247,3886,46,1148,201,2738,0,0,189,2077,58,905,189,2982,California
Colusa,2021-03-04,147,4033,60,1208,87,2825,0,0,82,2094,65,970,82,3064,California
Colusa,2021-03-05,111,4144,25,1233,77,2902,9,9,54,2100,57,1027,63,3127,California
Colusa,2021-03-06,276,4420,9,1242,267,3169,0,9,39,1902,237,1264,39,3166,California
Colusa,2021-03-07,8,4428,5,1247,3,3172,0,9,6,1906,2,1266,6,3172,California
Colusa,2021-03-08,107,4535,22,1269,50,3222,35,44,48,1931,58,1324,83,3255,California
Colusa,2021-03-09,288,4823,74,1343,191,3413,23,67,94,1854,194,1518,117,3372,California
Colusa,2021-03-10,310,5133,38,1381,236,3649,36,103,211,2002,99,1617,247,3619,California
Colusa,2021-03-11,436,5569,62,1443,353,4002,21,124,339,2263,97,1714,358,3977,California
Colusa,2021-03-12,111,5680,18,1461,80,4082,13,137,20,2205,91,1805,33,4010,California
Colusa,2021-03-13,68,5748,16,1477,43,4125,9,146,21,2188,47,1852,30,4040,California
Colusa,2021-03-14,21,5769,0,1477,19,4144,2,148,5,2180,15,1867,7,4047,California
Colusa,2021-03-15,80,5849,27,1504,45,4189,8,156,23,2154,57,1924,31,4078,California
Colusa,2021-03-16,298,6147,16,1520,236,4425,46,202,189,2280,109,2033,235,4313,California
Colusa,2021-03-17,196,6343,50,1570,146,4571,0,202,106,2296,90,2123,106,4419,California
Colusa,2021-03-18,325,6668,38,1608,216,4787,71,273,195,2433,130,2253,267,4686,California
Colusa,2021-03-19,80,6748,20,1628,58,4845,2,275,53,2461,27,2280,55,4741,California
Colusa,2021-03-20,51,6799,8,1636,42,4887,1,276,37,2485,14,2294,38,4779,California
Colusa,2021-03-21,6,6805,4,1640,2,4889,0,276,1,2481,5,2299,1,4780,California
Colusa,2021-03-22,62,6867,10,1650,43,4932,9,285,40,2508,22,2321,49,4829,California
Colusa,2021-03-23,82,6949,16,1666,64,4996,2,287,56,2540,26,2347,58,4887,California
Colusa,2021-03-24,339,7288,57,1723,276,5272,6,293,67,2340,272,2619,72,4959,California
Colusa,2021-03-25,109,7397,60,1783,44,5316,5,298,51,2338,58,2677,56,5015,California
Colusa,2021-03-26,300,7697,47,1830,249,5565,4,302,247,2536,53,2730,251,5266,California
Colusa,2021-03-27,63,7760,5,1835,58,5623,0,302,24,2521,39,2769,24,5290,California
Colusa,2021-03-28,16,7776,7,1842,9,5632,0,302,7,2519,9,2778,7,5297,California
Colusa,2021-03-29,72,7848,20,1862,46,5678,6,308,31,2515,41,2819,37,5334,California
Colusa,2021-03-30,151,7999,82,1944,67,5745,2,310,72,2510,79,2898,74,5408,California
Colusa,2021-03-31,234,8233,41,1985,193,5938,0,310,70,2417,163,3061,70,5478,California
Colusa,2021-04-01,434,8667,72,2057,307,6245,55,365,309,2656,124,3185,363,5841,California
Colusa,2021-04-02,82,8749,14,2071,54,6299,14,379,38,2664,44,3229,52,5893,California
Colusa,2021-04-03,62,8811,10,2081,29,6328,23,402,14,2652,48,3277,36,5929,California
Colusa,2021-04-04,18,8829,0,2081,8,6336,10,412,3,2650,15,3292,13,5942,California
Colusa,2021-04-05,96,8925,26,2107,54,6390,16,428,34,2638,62,3354,50,5992,California
Colusa,2021-04-06,130,9055,35,2142,45,6435,50,478,35,2628,95,3449,85,6077,California
Colusa,2021-04-07,357,9412,42,2184,292,6727,23,501,125,2546,231,3680,149,6226,California
Colusa,2021-04-08,429,9841,34,2218,367,7094,28,529,117,2382,309,3989,145,6371,California
Colusa,2021-04-09,77,9918,21,2239,32,7126,24,553,28,2385,49,4038,52,6423,California
Colusa,2021-04-10,45,9963,10,2249,14,7140,21,574,8,2377,37,4075,29,6452,California
Colusa,2021-04-11,16,9979,3,2252,11,7151,2,576,8,2379,8,4083,10,6462,California
Colusa,2021-04-12,32,10011,3,2255,29,7180,0,576,15,2377,17,4100,15,6477,California
Colusa,2021-04-13,280,10291,23,2278,257,7437,0,576,95,2288,184,4284,95,6572,California
Colusa,2021-04-14,97,10388,20,2298,77,7514,0,576,35,2261,62,4346,35,6607,California
Colusa,2021-04-15,324,10712,47,2345,277,7791,0,576,131,2199,193,4539,131,6738,California
Colusa,2021-04-16,81,10793,11,2356,70,7861,0,576,35,2189,45,4584,35,6773,California
Colusa,2021-04-17,53,10846,7,2363,46,7907,0,576,30,2196,23,4607,30,6803,California
Colusa,2021-04-18,9,10855,2,2365,7,7914,0,576,7,2201,2,4609,7,6810,California
Colusa,2021-04-19,61,10916,21,2386,40,7954,0,576,17,2174,44,4653,17,6827,California
Colusa,2021-04-20,189,11105,38,2424,151,8105,0,576,134,2253,55,4708,134,6961,California
Colusa,2021-04-21,178,11283,68,2492,110,8215,0,576,110,2295,68,4776,110,7071,California
Colusa,2021-04-22,425,11708,27,2519,397,8612,1,577,221,2313,203,4979,221,7292,California
Colusa,2021-04-23,96,11804,21,2540,75,8687,0,577,37,2291,59,5038,37,7329,California
Colusa,2021-04-24,241,12045,19,2559,221,8908,1,578,210,2470,31,5069,210,7539,California
Colusa,2021-04-25,12,12057,6,2565,6,8914,0,578,8,2474,4,5073,8,7547,California
Colusa,2021-04-26,25,12082,5,2570,19,8933,1,579,6,2462,18,5091,6,7553,California
Colusa,2021-04-27,97,12179,25,2595,68,9001,4,583,44,2457,53,5144,48,7601,California
Colusa,2021-04-28,196,12375,33,2628,160,9161,3,586,144,2553,51,5195,147,7748,California
Colusa,2021-04-29,319,12694,29,2657,286,9447,4,590,48,2336,269,5464,52,7800,California
Colusa,2021-04-30,67,12761,20,2677,47,9494,0,590,43,2355,24,5488,43,7843,California
Colusa,2021-05-01,19,12780,8,2685,8,9502,3,593,9,2357,10,5498,12,7855,California
Colusa,2021-05-02,4,12784,1,2686,2,9504,1,594,2,2358,2,5500,3,7858,California
Colusa,2021-05-03,31,12815,7,2693,24,9528,0,594,15,2357,16,5516,15,7873,California
Colusa,2021-05-04,99,12914,55,2748,43,9571,1,595,69,2397,30,5546,70,7943,California
Colusa,2021-05-05,84,12998,21,2769,62,9633,1,596,35,2384,49,5595,36,7979,California
Colusa,2021-05-06,254,13252,16,2785,236,9869,2,598,111,2354,143,5738,113,8092,California
Colusa,2021-05-07,66,13318,4,2789,58,9927,4,602,30,2352,36,5774,34,8126,California
Colusa,2021-05-08,18,13336,6,2795,12,9939,0,602,9,2352,9,5783,9,8135,California
Colusa,2021-05-09,13,13349,5,2800,5,9944,3,605,6,2354,7,5790,9,8144,California
Colusa,2021-05-10,16,13365,6,2806,10,9954,0,605,7,2352,9,5799,7,8151,California
Colusa,2021-05-11,93,13458,34,2840,59,10013,0,605,48,2355,45,5844,48,8199,California
Colusa,2021-05-12,74,13532,32,2872,38,10051,4,609,20,2325,54,5898,24,8223,California
Colusa,2021-05-13,242,13774,24,2896,217,10268,1,610,78,2240,164,6062,79,8302,California
Colusa,2021-05-14,85,13859,18,2914,52,10320,15,625,32,2235,52,6114,47,8349,California
Colusa,2021-05-15,41,13900,10,2924,29,10349,2,627,21,2238,20,6134,23,8372,California
Colusa,2021-05-16,24,13924,8,2932,9,10358,7,634,11,2243,13,6147,18,8390,California
Colusa,2021-05-17,25,13949,5,2937,18,10376,2,636,13,2246,12,6159,15,8405,California
Colusa,2021-05-18,102,14051,27,2964,73,10449,2,638,46,2238,56,6215,48,8453,California
Colusa,2021-05-19,220,14271,44,3008,156,10605,20,658,66,2170,154,6369,86,8539,California
Colusa,2021-05-20,282,14553,34,3042,244,10849,4,662,68,2028,214,6583,72,8611,California
Colusa,2021-05-21,70,14623,24,3066,44,10893,2,664,34,2028,36,6619,36,8647,California
Colusa,2021-05-22,222,14845,24,3090,197,11090,1,665,34,1875,188,6807,35,8682,California
Colusa,2021-05-23,19,14864,8,3098,7,11097,4,669,5,1870,14,6821,9,8691,California
Colusa,2021-05-24,26,14890,3,3101,18,11115,5,674,15,1879,11,6832,20,8711,California
Colusa,2021-05-25,135,15025,75,3176,58,11173,2,676,52,1850,83,6915,54,8765,California
Colusa,2021-05-26,72,15097,25,3201,47,11220,0,676,32,1842,40,6955,32,8797,California
Colusa,2021-05-27,171,15268,17,3218,154,11374,0,676,54,1779,117,7072,54,8851,California
Colusa,2021-05-28,79,15347,25,3243,53,11427,1,677,40,1781,39,7111,41,8892,California
Colusa,2021-05-29,40,15387,18,3261,18,11445,4,681,29,1803,11,7122,33,8925,California
Colusa,2021-05-30,8,15395,1,3262,2,11447,5,686,1,1802,7,7129,6,8931,California
Colusa,2021-05-31,4,15399,0,3262,4,11451,0,686,1,1800,3,7132,1,8932,California
Colusa,2021-06-01,49,15448,15,3277,33,11484,1,687,25,1802,24,7156,26,8958,California
Colusa,2021-06-02,146,15594,20,3297,124,11608,2,689,51,1761,94,7250,53,9011,California
Colusa,2021-06-03,63,15657,20,3317,42,11650,1,690,26,1754,34,7284,27,9038,California
Colusa,2021-06-04,60,15717,19,3336,37,11687,4,694,21,1740,39,7323,25,9063,California
Colusa,2021-06-05,35,15752,16,3352,18,11705,1,695,17,1740,18,7341,18,9081,California
Colusa,2021-06-06,11,15763,6,3358,4,11709,1,696,6,1742,5,7346,7,9088,California
Colusa,2021-06-07,23,15786,6,3364,17,11726,0,696,10,1739,13,7359,10,9098,California
Colusa,2021-06-08,75,15861,21,3385,54,11780,0,696,29,1722,46,7405,29,9127,California
Colusa,2021-06-09,71,15932,41,3426,30,11810,0,696,30,1711,41,7446,30,9157,California
Colusa,2021-06-10,58,15990,23,3449,31,11841,4,700,14,1685,44,7490,18,9175,California
Colusa,2021-06-11,60,16050,33,3482,27,11868,0,700,29,1683,31,7521,29,9204,California
Colusa,2021-06-12,37,16087,23,3505,14,11882,0,700,9,1664,28,7549,9,9213,California
Colusa,2021-06-13,10,16097,3,3508,5,11887,2,702,2,1660,8,7557,4,9217,California
Colusa,2021-06-14,19,16116,9,3517,10,11897,0,702,7,1655,12,7569,7,9224,California
Colusa,2021-06-15,75,16191,36,3553,38,11935,1,703,19,1619,56,7625,20,9244,California
Colusa,2021-06-16,55,16246,15,3568,39,11974,1,704,15,1595,40,7665,16,9260,California
Colusa,2021-06-17,116,16362,10,3578,105,12079,1,705,17,1514,99,7764,18,9278,California
Colusa,2021-06-18,63,16425,32,3610,27,12106,4,709,25,1505,38,7802,29,9307,California
Colusa,2021-06-19,26,16451,21,3631,4,12110,1,710,6,1492,20,7822,7,9314,California
Colusa,2021-06-20,9,16460,6,3637,3,12113,0,710,7,1497,2,7824,7,9321,California
Colusa,2021-06-21,20,16480,3,3640,16,12129,1,711,8,1494,12,7836,9,9330,California
Colusa,2021-06-22,67,16547,28,3668,34,12163,5,716,29,1491,37,7873,34,9364,California
Colusa,2021-06-23,50,16597,27,3695,22,12185,1,717,21,1484,29,7902,22,9386,California
Colusa,2021-06-24,59,16656,26,3721,31,12216,2,719,21,1469,38,7940,23,9409,California
Colusa,2021-06-25,41,16697,16,3737,25,12241,0,719,25,1478,16,7956,25,9434,California
Colusa,2021-06-26,18,16715,13,3750,5,12246,0,719,5,1470,13,7969,5,9439,California
Colusa,2021-06-27,7,16722,4,3754,3,12249,0,719,5,1473,2,7971,5,9444,California
Colusa,2021-06-28,8,16730,1,3755,6,12255,1,720,5,1476,3,7974,6,9450,California
Colusa,2021-06-29,42,16772,18,3773,20,12275,4,724,18,1475,23,7997,22,9472,California
Colusa,2021-06-30,77,16849,38,3811,38,12313,1,725,28,1456,49,8046,30,9502,California
Colusa,2021-07-01,20,16869,7,3818,12,12325,1,726,7,1451,13,8059,8,9510,California
Contra Costa,2020-12-15,19,19,19,19,0,0,0,0,19,19,0,0,19,19,California
Contra Costa,2020-12-16,524,543,524,543,0,0,0,0,524,543,0,0,524,543,California
Contra Costa,2020-12-17,1049,1592,1049,1592,0,0,0,0,1049,1592,0,0,1049,1592,California
Contra Costa,2020-12-18,1762,3354,1760,3352,2,2,0,0,1762,3354,0,0,1762,3354,California
Contra Costa,2020-12-19,1116,4470,1115,4467,1,3,0,0,1116,4470,0,0,1116,4470,California
Contra Costa,2020-12-20,601,5071,600,5067,1,4,0,0,601,5071,0,0,601,5071,California
Contra Costa,2020-12-21,1671,6742,1668,6735,3,7,0,0,1671,6742,0,0,1671,6742,California
Contra Costa,2020-12-22,1678,8420,1571,8306,107,114,0,0,1678,8420,0,0,1678,8420,California
Contra Costa,2020-12-23,1631,10051,1380,9686,251,365,0,0,1631,10051,0,0,1631,10051,California
Contra Costa,2020-12-24,656,10707,335,10021,321,686,0,0,656,10707,0,0,656,10707,California
Contra Costa,2020-12-25,41,10748,19,10040,22,708,0,0,41,10748,0,0,41,10748,California
Contra Costa,2020-12-26,653,11401,135,10175,518,1226,0,0,653,11401,0,0,653,11401,California
Contra Costa,2020-12-27,243,11644,87,10262,156,1382,0,0,243,11644,0,0,243,11644,California
Contra Costa,2020-12-28,1851,13495,872,11134,979,2361,0,0,1851,13495,0,0,1851,13495,California
Contra Costa,2020-12-29,1851,15346,827,11961,1024,3385,0,0,1851,15346,0,0,1851,15346,California
Contra Costa,2020-12-30,2414,17760,1218,13179,1196,4581,0,0,2412,17757,2,2,2413,17759,California
Contra Costa,2020-12-31,928,18688,309,13488,619,5200,0,0,927,18684,0,2,927,18686,California
Contra Costa,2021-01-01,68,18756,24,13512,44,5244,0,0,68,18752,0,2,68,18754,California
Contra Costa,2021-01-02,347,19103,179,13691,168,5412,0,0,347,19099,0,2,347,19101,California
Contra Costa,2021-01-03,182,19285,123,13814,59,5471,0,0,181,19280,0,2,181,19282,California
Contra Costa,2021-01-04,1907,21192,1249,15063,658,6129,0,0,1887,21149,18,20,1887,21169,California
Contra Costa,2021-01-05,2114,23306,1264,16327,850,6979,0,0,1828,22693,285,305,1829,22998,California
Contra Costa,2021-01-06,3304,26610,2268,18595,1036,8015,0,0,2488,24374,810,1115,2491,25489,California
Contra Costa,2021-01-07,3124,29734,2087,20682,1037,9052,0,0,1801,24855,1320,2435,1801,27290,California
Contra Costa,2021-01-08,3419,33153,2412,23094,1007,10059,0,0,1765,24974,1649,4084,1768,29058,California
Contra Costa,2021-01-09,1596,34749,1141,24235,455,10514,0,0,736,24853,859,4943,738,29796,California
Contra Costa,2021-01-10,369,35118,294,24529,75,10589,0,0,153,24790,216,5159,153,29949,California
Contra Costa,2021-01-11,3859,38977,3162,27691,697,11286,0,0,2229,25392,1630,6789,2232,32181,California
Contra Costa,2021-01-12,3960,42937,2970,30661,990,12276,0,0,2605,26646,1354,8143,2608,34789,California
Contra Costa,2021-01-13,4805,47742,3000,33661,1805,14081,0,0,3830,29506,971,9114,3831,38620,California
Contra Costa,2021-01-14,4336,52078,1573,35234,2763,16844,0,0,3948,33066,388,9502,3948,42568,California
Contra Costa,2021-01-15,5370,57448,2476,37710,2894,19738,0,0,5039,37779,330,9832,5043,47611,California
Contra Costa,2021-01-16,1752,59200,565,38275,1187,20925,0,0,1675,39377,77,9909,1675,49286,California
Contra Costa,2021-01-17,1672,60872,985,39260,687,21612,0,0,1551,40810,121,10030,1554,50840,California
Contra Costa,2021-01-18,3237,64109,1283,40543,1954,23566,0,0,2603,42786,628,10658,2604,53444,California
Contra Costa,2021-01-19,7088,71197,3173,43716,3915,27481,0,0,6075,47858,1008,11666,6080,59524,California
Contra Costa,2021-01-20,6914,78111,4315,48031,2599,30080,0,0,5664,52281,1246,12912,5669,65193,California
Contra Costa,2021-01-21,7096,85207,3156,51187,3940,34020,0,0,6361,57921,729,13641,6369,71562,California
Contra Costa,2021-01-22,6469,91676,2762,53949,3707,37727,0,0,5598,62660,862,14503,5601,77163,California
Contra Costa,2021-01-23,2057,93733,358,54307,1699,39426,0,0,1790,64187,265,14768,1792,78955,California
Contra Costa,2021-01-24,1592,95325,219,54526,1373,40799,0,0,1444,65487,148,14916,1448,80403,California
Contra Costa,2021-01-25,6727,102052,3056,57582,3671,44470,0,0,5130,69029,1592,16508,5134,85537,California
Contra Costa,2021-01-26,8196,110248,4733,62315,3463,47933,0,0,6313,73473,1875,18383,6319,91856,California
Contra Costa,2021-01-27,8250,118498,5441,67756,2809,50742,0,0,6383,78005,1855,20238,6387,98243,California
Contra Costa,2021-01-28,7515,126013,4109,71865,3406,54148,0,0,5886,82272,1623,21861,5890,104133,California
Contra Costa,2021-01-29,7538,133551,3916,75781,3622,57770,0,0,6205,87152,1327,23188,6207,110340,California
Contra Costa,2021-01-30,2152,135703,650,76431,1502,59272,0,0,1748,88504,396,23584,1748,112088,California
Contra Costa,2021-01-31,664,136367,433,76864,231,59503,0,0,569,88981,92,23676,569,112657,California
Contra Costa,2021-02-01,5869,142236,4077,80941,1792,61295,0,0,3955,91033,1906,25582,3958,116615,California
Contra Costa,2021-02-02,7649,149885,5120,86061,2529,63824,0,0,5930,95247,1717,27299,5931,122546,California
Contra Costa,2021-02-03,8344,158229,5505,91566,2839,66663,0,0,5632,98179,2701,30000,5633,128179,California
Contra Costa,2021-02-04,7527,165756,3601,95167,3926,70589,0,0,5753,102164,1771,31771,5756,133935,California
Contra Costa,2021-02-05,8486,174242,4839,100006,3647,74236,0,0,5770,105225,2709,34480,5770,139705,California
Contra Costa,2021-02-06,3494,177736,2167,102173,1327,75563,0,0,2837,107407,656,35136,2838,142543,California
Contra Costa,2021-02-07,995,178731,722,102895,273,75836,0,0,606,107625,388,35524,606,143149,California
Contra Costa,2021-02-08,5910,184641,3515,106410,2395,78231,0,0,4403,110529,1500,37024,4404,147553,California
Contra Costa,2021-02-09,8718,193359,4812,111222,3906,82137,0,0,5787,113394,2923,39947,5788,153341,California
Contra Costa,2021-02-10,8715,202074,4683,115905,4032,86169,0,0,5338,115375,3361,43308,5342,158683,California
Contra Costa,2021-02-11,9410,211484,4255,120160,5155,91324,0,0,5182,116341,4221,47529,5187,163870,California
Contra Costa,2021-02-12,10202,221686,4677,124837,5525,96849,0,0,5491,117132,4703,52232,5494,169364,California
Contra Costa,2021-02-13,4945,226631,1391,126228,3554,100403,0,0,3436,119065,1505,53737,3438,172802,California
Contra Costa,2021-02-14,2113,228744,872,127100,1241,101644,0,0,1227,119409,883,54620,1227,174029,California
Contra Costa,2021-02-15,4519,233263,2497,129597,2022,103666,0,0,2345,119591,2164,56784,2346,176375,California
Contra Costa,2021-02-16,10499,243762,4962,134559,5537,109203,0,0,4672,118450,5817,62601,4676,181051,California
Contra Costa,2021-02-17,12399,256161,6218,140777,6181,115384,0,0,5668,117406,6713,69314,5669,186720,California
Contra Costa,2021-02-18,11606,267767,6017,146794,5589,120973,0,0,5365,116546,6227,75541,5367,192087,California
Contra Costa,2021-02-19,11624,279391,7243,154037,4381,125354,0,0,5243,115428,6363,81904,5245,197332,California
Contra Costa,2021-02-20,6619,286010,2995,157032,3624,128978,0,0,4658,118147,1943,83847,4662,201994,California
Contra Costa,2021-02-21,2360,288370,1768,158800,592,129570,0,0,1581,118950,778,84625,1581,203575,California
Contra Costa,2021-02-22,7905,296275,5349,164149,2556,132126,0,0,3633,118331,4255,88880,3636,207211,California
Contra Costa,2021-02-23,12397,308672,7627,171776,4770,136896,0,0,6243,118446,6136,95016,6251,213462,California
Contra Costa,2021-02-24,10830,319502,7944,179720,2886,139782,0,0,5267,118172,5541,100557,5267,218729,California
Contra Costa,2021-02-25,11945,331447,7579,187299,4366,144148,0,0,5547,117351,6375,106932,5554,224283,California
Contra Costa,2021-02-26,11166,342613,7045,194344,4121,148269,0,0,5524,117250,5627,112559,5526,229809,California
Contra Costa,2021-02-27,6923,349536,4459,198803,2464,150733,0,0,4343,119023,2572,115131,4345,234154,California
Contra Costa,2021-02-28,4349,353885,3606,202409,742,151475,1,1,3669,122017,677,115808,3671,237825,California
Contra Costa,2021-03-01,8727,362612,6597,209006,2123,153598,7,8,5373,124061,3339,119147,5383,243208,California
Contra Costa,2021-03-02,10749,373361,6879,215885,3869,157467,1,9,5766,124863,4966,124113,5768,248976,California
Contra Costa,2021-03-03,11440,384801,7203,223088,4236,161703,1,10,6460,126363,4962,129075,6462,255438,California
Contra Costa,2021-03-04,12007,396808,7181,230269,4824,166527,2,12,6251,126878,5738,134813,6253,261691,California
Contra Costa,2021-03-05,11519,408327,6925,237194,4587,171114,7,19,6618,128621,4883,139696,6626,268317,California
Contra Costa,2021-03-06,7523,415850,4218,241412,2994,174108,311,330,4924,131270,2584,142280,5233,273550,California
Contra Costa,2021-03-07,3863,419713,2467,243879,1332,175440,64,394,3172,133816,689,142969,3235,276785,California
Contra Costa,2021-03-08,8265,427978,3939,247818,4020,179460,306,700,5549,136970,2704,145673,5858,282643,California
Contra Costa,2021-03-09,11217,439195,5945,253763,4975,184435,297,997,5865,137796,5339,151012,6165,288808,California
Contra Costa,2021-03-10,12497,451692,6242,260005,4755,189190,1500,2497,5684,138168,6799,157811,7171,295979,California
Contra Costa,2021-03-11,12551,464243,6610,266615,5373,194563,568,3065,6399,139004,6126,163937,6962,302941,California
Contra Costa,2021-03-12,12698,476941,5230,271845,6898,201461,570,3635,6308,139510,6367,170304,6873,309814,California
Contra Costa,2021-03-13,7911,484852,3180,275025,4298,205759,433,4068,3113,138272,4777,175081,3539,313353,California
Contra Costa,2021-03-14,4448,489300,2632,277657,1329,207088,487,4555,1689,137697,2750,177831,2175,315528,California
Contra Costa,2021-03-15,9537,498837,5178,282835,3595,210683,764,5319,4684,138311,4832,182663,5446,320974,California
Contra Costa,2021-03-16,14437,513274,8608,291443,5419,216102,410,5729,7100,138507,7312,189975,7508,328482,California
Contra Costa,2021-03-17,15185,528459,10499,301942,4462,220564,224,5953,8479,140536,6679,196654,8708,337190,California
Contra Costa,2021-03-18,15536,543995,8678,310620,6377,226941,481,6434,8577,142671,6921,203575,9056,346246,California
Contra Costa,2021-03-19,15764,559759,9121,319741,5230,232171,1413,7847,8170,144680,7575,211150,9584,355830,California
Contra Costa,2021-03-20,10787,570546,6472,326213,3999,236170,316,8163,5103,144442,5657,216807,5419,361249,California
Contra Costa,2021-03-21,4599,575145,4024,330237,477,236647,98,8261,1791,143534,2796,219603,1888,363137,California
Contra Costa,2021-03-22,11725,586870,8838,339075,2628,239275,259,8520,6808,145699,4898,224501,7063,370200,California
Contra Costa,2021-03-23,15774,602644,10893,349968,4709,243984,172,8692,9046,148218,6699,231200,9218,379418,California
Contra Costa,2021-03-24,15122,617766,11789,361757,3119,247103,214,8906,9124,151596,5962,237162,9340,388758,California
Contra Costa,2021-03-25,15444,633210,12033,373790,3117,250220,294,9200,9430,155340,5976,243138,9720,398478,California
Contra Costa,2021-03-26,15144,648354,10862,384652,3879,254099,403,9603,8686,157999,6425,249563,9084,407562,California
Contra Costa,2021-03-27,10591,658945,6885,391537,3193,257292,513,10116,5618,159161,4960,254523,6122,413684,California
Contra Costa,2021-03-28,4258,663203,3037,394574,1167,258459,54,10170,1616,158202,2630,257153,1671,415355,California
Contra Costa,2021-03-29,10960,674163,8546,403120,2299,260758,115,10285,6945,161268,3997,261150,7063,422418,California
Contra Costa,2021-03-30,16864,691027,9229,412349,6278,267036,1357,11642,10388,166556,6451,267601,11739,434157,California
Contra Costa,2021-03-31,18106,709133,12664,425013,3997,271033,1445,13087,11370,172674,6686,274287,12804,446961,California
Contra Costa,2021-04-01,17638,726771,12304,437317,3941,274974,1393,14480,11417,179295,6180,280467,12801,459762,California
Contra Costa,2021-04-02,17549,744320,12909,450226,3607,278581,1033,15513,11620,186022,5918,286385,12645,472407,California
Contra Costa,2021-04-03,10897,755217,6506,456732,2839,281420,1552,17065,6213,189111,4670,291055,7759,480166,California
Contra Costa,2021-04-04,3362,758579,1331,458063,1429,282849,602,17667,852,188060,2502,293557,1451,481617,California
Contra Costa,2021-04-05,12147,770726,7915,465978,3246,286095,986,18653,6582,190079,5549,299106,7568,489185,California
Contra Costa,2021-04-06,17401,788127,12040,478018,3061,289156,2300,20953,9747,194485,7632,306738,12038,501223,California
Contra Costa,2021-04-07,18654,806781,12623,490641,3203,292359,2828,23781,10563,199840,8065,314803,13420,514643,California
Contra Costa,2021-04-08,18731,825512,12479,503120,3325,295684,2927,26708,10033,204119,8670,323473,12949,527592,California
Contra Costa,2021-04-09,18921,844433,12071,515191,4340,300024,2510,29218,10105,207940,8784,332257,12605,540197,California
Contra Costa,2021-04-10,10603,855036,3846,519037,2192,302216,4565,33783,3320,208544,7262,339519,7866,548063,California
Contra Costa,2021-04-11,3374,858410,2011,521048,697,302913,666,34449,1135,208111,2233,341752,1800,549863,California
Contra Costa,2021-04-12,12033,870443,7932,528980,3018,305931,1083,35532,5655,208494,6361,348113,6744,556607,California
Contra Costa,2021-04-13,17980,888423,11032,540012,6940,312871,8,35540,11990,214535,5962,354075,12003,568610,California
Contra Costa,2021-04-14,17792,906215,11180,551192,6611,319482,1,35541,9883,216537,7886,361961,9888,578498,California
Contra Costa,2021-04-15,17597,923812,10798,561990,6798,326280,1,35542,8152,215301,9413,371374,8177,586675,California
Contra Costa,2021-04-16,17020,940832,10597,572587,6422,332702,1,35543,7688,213694,9304,380678,7697,594372,California
Contra Costa,2021-04-17,11599,952431,6367,578954,5232,337934,0,35543,6262,214646,5317,385995,6269,600641,California
Contra Costa,2021-04-18,2927,955358,2287,581241,640,338574,0,35543,1853,215436,1063,387058,1853,602494,California
Contra Costa,2021-04-19,11524,966882,8602,589843,2922,341496,0,35543,3671,211287,7824,394882,3675,606169,California
Contra Costa,2021-04-20,17048,983930,11115,600958,5933,347429,0,35543,6457,207192,10557,405439,6462,612631,California
Contra Costa,2021-04-21,17857,1001787,14601,615559,3255,350684,1,35544,6426,202244,11383,416822,6435,619066,California
Contra Costa,2021-04-22,17375,1019162,14074,629633,3299,353983,2,35546,6147,197215,11187,428009,6158,625224,California
Contra Costa,2021-04-23,17210,1036372,13698,643331,3510,357493,2,35548,5569,191191,11604,439613,5580,630804,California
Contra Costa,2021-04-24,10968,1047340,8452,651783,2515,360008,1,35549,4207,188667,6735,446348,4211,635015,California
Contra Costa,2021-04-25,3292,1050632,2220,654003,1070,361078,2,35551,2079,189540,1212,447560,2085,637100,California
Contra Costa,2021-04-26,10131,1060763,8456,662459,1651,362729,24,35575,3066,185600,7043,454603,3103,640203,California
Contra Costa,2021-04-27,14762,1075525,10789,673248,3795,366524,178,35753,4038,179127,10699,465302,4226,644429,California
Contra Costa,2021-04-28,14342,1089867,11186,684434,2872,369396,284,36037,3858,172828,10447,475749,4148,648577,California
Contra Costa,2021-04-29,13561,1103428,10511,694945,2881,372277,169,36206,3278,166030,10251,486000,3453,652030,California
Contra Costa,2021-04-30,13850,1117278,10903,705848,2689,374966,258,36464,3208,158890,10612,496612,3472,655502,California
Contra Costa,2021-05-01,8051,1125329,5854,711702,1874,376840,323,36787,1919,155027,6104,502716,2241,657743,California
Contra Costa,2021-05-02,2338,1127667,1589,713291,668,377508,81,36868,984,154750,1342,504058,1065,658808,California
Contra Costa,2021-05-03,9138,1136805,8019,721310,944,378452,175,37043,1931,149670,7189,511247,2109,660917,California
Contra Costa,2021-05-04,14220,1151025,12280,733590,1610,380062,330,37373,2313,140437,11876,523123,2643,663560,California
Contra Costa,2021-05-05,12666,1163691,10928,744518,1536,381598,202,37575,2451,132907,10184,533307,2654,666214,California
Contra Costa,2021-05-06,10374,1174065,8621,753139,1416,383014,337,37912,1970,126844,8378,541685,2315,668529,California
Contra Costa,2021-05-07,9707,1183772,7805,760944,1678,384692,224,38136,2241,121875,7430,549115,2461,670990,California
Contra Costa,2021-05-08,5417,1189189,4100,765044,1149,385841,168,38304,1312,119270,4089,553204,1484,672474,California
Contra Costa,2021-05-09,2149,1191338,1819,766863,271,386112,59,38363,451,118091,1691,554895,512,672986,California
Contra Costa,2021-05-10,4979,1196317,3989,770852,770,386882,220,38583,1337,116026,3620,558515,1555,674541,California
Contra Costa,2021-05-11,8896,1205213,4690,775542,3968,390850,238,38821,1784,110963,7092,565607,2029,676570,California
Contra Costa,2021-05-12,9286,1214499,4791,780333,4229,395079,266,39087,1596,105169,7662,573269,1868,678438,California
Contra Costa,2021-05-13,11801,1226300,7882,788215,3732,398811,187,39274,4238,102062,7535,580804,4428,682866,California
Contra Costa,2021-05-14,12280,1238580,8213,796428,3783,402594,284,39558,5026,100144,7226,588030,5308,688174,California
Contra Costa,2021-05-15,10033,1248613,7283,803711,2632,405226,118,39676,4418,99083,5599,593629,4538,692712,California
Contra Costa,2021-05-16,2640,1251253,2324,806035,265,405491,51,39727,1223,98945,1411,595040,1273,693985,California
Contra Costa,2021-05-17,7134,1258387,5758,811793,1199,406690,177,39904,3560,99129,3554,598594,3738,697723,California
Contra Costa,2021-05-18,10249,1268636,7009,818802,3022,409712,218,40122,4442,98015,5777,604371,4663,702386,California
Contra Costa,2021-05-19,8492,1277128,6865,825667,1432,411144,195,40317,3832,97406,4640,609011,4031,706417,California
Contra Costa,2021-05-20,7202,1284330,5682,831349,1333,412477,187,40504,3325,97071,3847,612858,3512,709929,California
Contra Costa,2021-05-21,7089,1291419,5430,836779,1447,413924,212,40716,3208,96634,3854,616712,3417,713346,California
Contra Costa,2021-05-22,5142,1296561,4068,840847,894,414818,180,40896,2508,96711,2609,619321,2686,716032,California
Contra Costa,2021-05-23,1281,1297842,854,841701,370,415188,57,40953,606,96707,666,619987,662,716694,California
Contra Costa,2021-05-24,4750,1302592,3931,845632,642,415830,177,41130,2232,96616,2504,622491,2413,719107,California
Contra Costa,2021-05-25,6281,1308873,5108,850740,922,416752,251,41381,2636,95875,3627,626118,2886,721993,California
Contra Costa,2021-05-26,5634,1314507,3621,854361,1824,418576,189,41570,1938,94327,3674,629792,2126,724119,California
Contra Costa,2021-05-27,3816,1318323,2700,857061,939,419515,177,41747,1605,93910,2195,631987,1778,725897,California
Contra Costa,2021-05-28,5360,1323683,3749,860810,1440,420955,171,41918,2230,93202,3105,635092,2397,728294,California
Contra Costa,2021-05-29,3294,1326977,2146,862956,1031,421986,117,42035,1629,93294,1654,636746,1746,730040,California
Contra Costa,2021-05-30,931,1327908,588,863544,314,422300,29,42064,343,93080,586,637332,372,730412,California
Contra Costa,2021-05-31,387,1328295,267,863811,108,422408,12,42076,127,92961,257,637589,138,730550,California
Contra Costa,2021-06-01,4803,1333098,3573,867384,1084,423492,146,42222,1659,91640,3126,640715,1805,732355,California
Contra Costa,2021-06-02,3439,1336537,2438,869822,857,424349,144,42366,1404,91163,2024,642739,1547,733902,California
Contra Costa,2021-06-03,5436,1341973,4533,874355,788,425137,115,42481,1406,88661,4023,646762,1521,735423,California
Contra Costa,2021-06-04,6392,1348365,5360,879715,894,426031,138,42619,1580,85583,4793,651555,1715,737138,California
Contra Costa,2021-06-05,5213,1353578,4421,884136,680,426711,112,42731,1078,82648,4123,655678,1188,738326,California
Contra Costa,2021-06-06,1363,1354941,1190,885326,143,426854,30,42761,320,81960,1038,656716,350,738676,California
Contra Costa,2021-06-07,4938,1359879,4345,889671,493,427347,100,42861,1353,79839,3575,660291,1454,740130,California
Contra Costa,2021-06-08,6101,1365980,5264,894935,714,428061,123,42984,1417,76712,4667,664958,1540,741670,California
Contra Costa,2021-06-09,4865,1370845,4147,899082,571,428632,147,43131,1253,74520,3592,668550,1400,743070,California
Contra Costa,2021-06-10,4787,1375632,4024,903106,594,429226,169,43300,1225,72368,3546,672096,1394,744464,California
Contra Costa,2021-06-11,4851,1380483,3975,907081,677,429903,199,43499,1275,70280,3561,675657,1473,745937,California
Contra Costa,2021-06-12,3169,1383652,2688,909769,414,430317,67,43566,715,68617,2443,678100,780,746717,California
Contra Costa,2021-06-13,1150,1384802,859,910628,183,430500,108,43674,285,68152,858,678958,393,747110,California
Contra Costa,2021-06-14,3892,1388694,3288,913916,475,430975,129,43803,1115,66634,2759,681717,1241,748351,California
Contra Costa,2021-06-15,4178,1392872,3483,917399,535,431510,160,43963,1311,65247,2858,684575,1471,749822,California
Contra Costa,2021-06-16,3478,1396350,2832,920231,461,431971,185,44148,1208,64387,2251,686826,1391,751213,California
Contra Costa,2021-06-17,2770,1399120,2268,922499,377,432348,125,44273,1051,63849,1712,688538,1174,752387,California
Contra Costa,2021-06-18,3692,1402812,3037,925536,464,432812,191,44464,1327,63012,2353,690891,1516,753903,California
Contra Costa,2021-06-19,2035,1404847,1699,927235,232,433044,104,44568,574,62233,1458,692349,679,754582,California
Contra Costa,2021-06-20,790,1405637,663,927898,98,433142,29,44597,334,62143,452,692801,362,754944,California
Contra Costa,2021-06-21,1814,1407451,1383,929281,275,433417,156,44753,978,62447,828,693629,1132,756076,California
Contra Costa,2021-06-22,3041,1410492,2576,931857,324,433741,141,44894,1187,61933,1841,695470,1327,757403,California
Contra Costa,2021-06-23,2561,1413053,2129,933986,330,434071,102,44996,1028,61538,1525,696995,1130,758533,California
Contra Costa,2021-06-24,2351,1415404,1980,935966,242,434313,129,45125,944,61214,1395,698390,1071,759604,California
Contra Costa,2021-06-25,2771,1418175,2260,938226,356,434669,155,45280,1132,60869,1634,700024,1289,760893,California
Contra Costa,2021-06-26,1455,1419630,1209,939435,170,434839,76,45356,478,60448,975,700999,554,761447,California
Contra Costa,2021-06-27,691,1420321,603,940038,66,434905,22,45378,273,60327,416,701415,295,761742,California
Contra Costa,2021-06-28,2326,1422647,2022,942060,176,435081,128,45506,844,59830,1468,702883,971,762713,California
Contra Costa,2021-06-29,2513,1425160,2106,944166,291,435372,116,45622,969,59380,1532,704415,1082,763795,California
Contra Costa,2021-06-30,2159,1427319,1768,945934,290,435662,101,45723,878,59087,1270,705685,977,764772,California
Contra Costa,2021-07-01,1630,1428949,1361,947295,183,435845,86,45809,633,58818,991,706676,722,765494,California
Del Norte,2020-12-21,23,23,23,23,0,0,0,0,23,23,0,0,23,23,California
Del Norte,2020-12-22,46,69,46,69,0,0,0,0,46,69,0,0,46,69,California
Del Norte,2020-12-23,59,128,48,117,11,11,0,0,57,126,0,0,57,126,California
Del Norte,2020-12-28,34,162,34,151,0,11,0,0,34,160,0,0,34,160,California
Del Norte,2020-12-29,4,166,4,155,0,11,0,0,4,164,0,0,4,164,California
Del Norte,2020-12-30,67,233,55,210,12,23,0,0,68,232,0,0,68,232,California
Del Norte,2020-12-31,16,249,13,223,3,26,0,0,16,248,0,0,16,248,California
Del Norte,2021-01-04,103,352,50,273,53,79,0,0,103,351,0,0,103,351,California
Del Norte,2021-01-05,32,384,0,273,32,111,0,0,32,383,0,0,32,383,California
Del Norte,2021-01-06,77,461,18,291,59,170,0,0,77,460,0,0,77,460,California
Del Norte,2021-01-07,21,482,1,292,20,190,0,0,21,481,0,0,21,481,California
Del Norte,2021-01-08,77,559,7,299,70,260,0,0,77,558,0,0,77,558,California
Del Norte,2021-01-11,40,599,21,320,19,279,0,0,18,555,22,22,19,577,California
Del Norte,2021-01-12,52,651,33,353,19,298,0,0,31,565,21,43,31,608,California
Del Norte,2021-01-13,86,737,40,393,46,344,0,0,53,585,33,76,53,661,California
Del Norte,2021-01-14,54,791,14,407,40,384,0,0,48,627,6,82,48,709,California
Del Norte,2021-01-15,107,898,18,425,89,473,0,0,95,710,12,94,95,804,California
Del Norte,2021-01-17,1,899,1,426,0,473,0,0,1,711,0,94,1,805,California
Del Norte,2021-01-18,2,901,0,426,2,475,0,0,2,713,0,94,2,807,California
Del Norte,2021-01-19,119,1020,56,482,63,538,0,0,77,748,42,136,77,884,California
Del Norte,2021-01-20,161,1181,86,568,75,613,0,0,98,783,63,199,98,982,California
Del Norte,2021-01-21,43,1224,40,608,3,616,0,0,32,804,11,210,32,1014,California
Del Norte,2021-01-22,19,1243,17,625,2,618,0,0,12,809,7,217,12,1026,California
Del Norte,2021-01-23,1,1244,0,625,1,619,0,0,1,810,0,217,1,1027,California
Del Norte,2021-01-24,1,1245,0,625,1,620,0,0,1,811,0,217,1,1028,California
Del Norte,2021-01-25,101,1346,83,708,18,638,0,0,56,822,45,262,56,1084,California
Del Norte,2021-01-26,18,1364,11,719,7,645,0,0,7,818,11,273,7,1091,California
Del Norte,2021-01-27,64,1428,21,740,43,688,0,0,61,876,3,276,61,1152,California
Del Norte,2021-01-28,293,1721,20,760,273,961,0,0,288,1159,5,281,288,1440,California
Del Norte,2021-01-29,64,1785,23,783,41,1002,0,0,44,1183,20,301,44,1484,California
Del Norte,2021-01-30,8,1793,1,784,7,1009,0,0,8,1191,0,301,8,1492,California
Del Norte,2021-02-01,41,1834,1,785,40,1049,0,0,26,1202,15,316,26,1518,California
Del Norte,2021-02-02,142,1976,34,819,108,1157,0,0,72,1207,68,384,73,1591,California
Del Norte,2021-02-03,129,2105,42,861,87,1244,0,0,74,1226,55,439,74,1665,California
Del Norte,2021-02-04,70,2175,28,889,42,1286,0,0,41,1237,30,469,41,1706,California
Del Norte,2021-02-05,184,2359,22,911,162,1448,0,0,119,1292,64,533,119,1825,California
Del Norte,2021-02-06,311,2670,5,916,306,1754,0,0,311,1603,0,533,311,2136,California
Del Norte,2021-02-07,2,2672,1,917,1,1755,0,0,2,1605,0,533,2,2138,California
Del Norte,2021-02-08,35,2707,1,918,34,1789,0,0,31,1632,4,537,31,2169,California
Del Norte,2021-02-09,8,2715,5,923,3,1792,0,0,2,1628,6,543,2,2171,California
Del Norte,2021-02-10,143,2858,20,943,123,1915,0,0,85,1656,57,600,85,2256,California
Del Norte,2021-02-11,178,3036,59,1002,119,2034,0,0,64,1606,114,714,64,2320,California
Del Norte,2021-02-12,123,3159,14,1016,109,2143,0,0,69,1621,54,768,69,2389,California
Del Norte,2021-02-13,2,3161,1,1017,1,2144,0,0,2,1623,0,768,2,2391,California
Del Norte,2021-02-14,3,3164,1,1018,2,2146,0,0,2,1624,1,769,2,2393,California
Del Norte,2021-02-15,5,3169,0,1018,5,2151,0,0,3,1625,2,771,3,2396,California
Del Norte,2021-02-16,132,3301,1,1019,131,2282,0,0,13,1519,119,890,13,2409,California
Del Norte,2021-02-17,93,3394,20,1039,73,2355,0,0,25,1477,67,957,25,2434,California
Del Norte,2021-02-18,77,3471,24,1063,53,2408,0,0,51,1502,26,983,51,2485,California
Del Norte,2021-02-19,43,3514,17,1080,26,2434,0,0,33,1525,10,993,33,2518,California
Del Norte,2021-02-20,9,3523,6,1086,3,2437,0,0,6,1528,3,996,6,2524,California
Del Norte,2021-02-21,1,3524,0,1086,1,2438,0,0,0,1527,1,997,0,2524,California
Del Norte,2021-02-22,2,3526,0,1086,2,2440,0,0,2,1529,0,997,2,2526,California
Del Norte,2021-02-23,109,3635,90,1176,19,2459,0,0,32,1485,76,1073,32,2558,California
Del Norte,2021-02-24,156,3791,100,1276,56,2515,0,0,81,1491,75,1148,81,2639,California
Del Norte,2021-02-25,479,4270,131,1407,348,2863,0,0,214,1442,263,1411,214,2853,California
Del Norte,2021-02-26,213,4483,177,1584,36,2899,0,0,166,1561,47,1458,166,3019,California
Del Norte,2021-02-27,150,4633,144,1728,5,2904,1,1,141,1694,9,1467,142,3161,California
Del Norte,2021-02-28,4,4637,1,1729,3,2907,0,1,3,1696,1,1468,3,3164,California
Del Norte,2021-03-01,28,4665,2,1731,26,2933,0,1,4,1677,23,1491,4,3168,California
Del Norte,2021-03-02,222,4887,142,1873,80,3013,0,1,188,1831,34,1525,188,3356,California
Del Norte,2021-03-03,177,5064,107,1980,70,3083,0,1,135,1924,42,1567,135,3491,California
Del Norte,2021-03-04,120,5184,83,2063,37,3120,0,1,91,1987,28,1595,91,3582,California
Del Norte,2021-03-05,122,5306,11,2074,111,3231,0,1,74,2013,48,1643,74,3656,California
Del Norte,2021-03-06,465,5771,77,2151,339,3570,49,50,163,1881,302,1945,170,3826,California
Del Norte,2021-03-07,2,5773,1,2152,1,3571,0,50,1,1881,1,1946,1,3827,California
Del Norte,2021-03-08,29,5802,1,2153,26,3597,2,52,6,1867,22,1968,8,3835,California
Del Norte,2021-03-09,194,5996,113,2266,78,3675,3,55,183,2042,11,1979,186,4021,California
Del Norte,2021-03-10,236,6232,96,2362,111,3786,29,84,134,2103,102,2081,163,4184,California
Del Norte,2021-03-11,151,6383,55,2417,91,3877,5,89,103,2163,48,2129,108,4292,California
Del Norte,2021-03-12,178,6561,88,2505,90,3967,0,89,124,2234,53,2182,124,4416,California
Del Norte,2021-03-13,94,6655,93,2598,1,3968,0,89,91,2322,3,2185,91,4507,California
Del Norte,2021-03-14,1,6656,0,2598,1,3969,0,89,1,2322,1,2186,1,4508,California
Del Norte,2021-03-15,38,6694,0,2598,38,4007,0,89,34,2352,4,2190,34,4542,California
Del Norte,2021-03-16,282,6976,135,2733,147,4154,0,89,261,2592,21,2211,261,4803,California
Del Norte,2021-03-17,284,7260,95,2828,187,4341,2,91,170,2650,114,2325,172,4975,California
Del Norte,2021-03-18,284,7544,107,2935,175,4516,2,93,149,2667,134,2459,151,5126,California
Del Norte,2021-03-19,270,7814,160,3095,104,4620,6,99,92,2587,178,2637,98,5224,California
Del Norte,2021-03-20,157,7971,154,3249,3,4623,0,99,15,2460,142,2779,15,5239,California
Del Norte,2021-03-21,4,7975,2,3251,2,4625,0,99,2,2460,2,2781,2,5241,California
Del Norte,2021-03-22,43,8018,3,3254,39,4664,1,100,39,2497,3,2784,40,5281,California
Del Norte,2021-03-23,335,8353,164,3418,153,4817,18,118,164,2509,169,2953,181,5462,California
Del Norte,2021-03-24,397,8750,107,3525,250,5067,40,158,228,2608,169,3122,268,5730,California
Del Norte,2021-03-25,193,8943,88,3613,105,5172,0,158,85,2586,107,3229,85,5815,California
Del Norte,2021-03-26,234,9177,113,3726,121,5293,0,158,197,2746,37,3266,197,6012,California
Del Norte,2021-03-27,107,9284,86,3812,4,5297,17,175,17,2690,90,3356,34,6046,California
Del Norte,2021-03-28,4,9288,2,3814,2,5299,0,175,1,2688,3,3359,1,6047,California
Del Norte,2021-03-29,57,9345,6,3820,34,5333,17,192,32,2712,25,3384,49,6096,California
Del Norte,2021-03-30,338,9683,119,3939,208,5541,11,203,126,2637,212,3596,137,6233,California
Del Norte,2021-03-31,356,10039,101,4040,238,5779,17,220,199,2698,155,3751,216,6449,California
Del Norte,2021-04-01,164,10203,58,4098,72,5851,34,254,69,2707,94,3845,103,6552,California
Del Norte,2021-04-02,232,10435,78,4176,105,5956,49,303,49,2623,183,4028,99,6651,California
Del Norte,2021-04-03,108,10543,83,4259,2,5958,23,326,5,2549,102,4130,28,6679,California
Del Norte,2021-04-04,4,10547,0,4259,0,5958,4,330,0,2549,4,4134,4,6683,California
Del Norte,2021-04-05,47,10594,5,4264,38,5996,4,334,40,2586,7,4141,44,6727,California
Del Norte,2021-04-06,381,10975,120,4384,223,6219,38,372,146,2540,231,4372,185,6912,California
Del Norte,2021-04-07,438,11413,115,4499,261,6480,62,434,289,2743,149,4521,352,7264,California
Del Norte,2021-04-08,229,11642,54,4553,106,6586,69,503,105,2793,124,4645,174,7438,California
Del Norte,2021-04-09,207,11849,47,4600,83,6669,77,580,100,2862,106,4751,175,7613,California
Del Norte,2021-04-10,47,11896,26,4626,4,6673,17,597,27,2886,20,4771,44,7657,California
Del Norte,2021-04-11,12,11908,3,4629,2,6675,7,604,2,2885,10,4781,9,7666,California
Del Norte,2021-04-12,27,11935,1,4630,9,6684,17,621,1,2878,25,4806,18,7684,California
Del Norte,2021-04-13,299,12234,50,4680,249,6933,0,621,155,2889,144,4950,155,7839,California
Del Norte,2021-04-14,331,12565,23,4703,308,7241,0,621,139,2841,192,5142,144,7983,California
Del Norte,2021-04-15,164,12729,31,4734,133,7374,0,621,45,2768,119,5261,46,8029,California
Del Norte,2021-04-16,162,12891,40,4774,122,7496,0,621,60,2727,102,5363,61,8090,California
Del Norte,2021-04-17,108,12999,76,4850,32,7528,0,621,102,2823,6,5369,102,8192,California
Del Norte,2021-04-18,6,13005,5,4855,1,7529,0,621,5,2827,1,5370,5,8197,California
Del Norte,2021-04-19,51,13056,6,4861,45,7574,0,621,9,2794,42,5412,9,8206,California
Del Norte,2021-04-20,209,13265,40,4901,169,7743,0,621,74,2733,135,5547,74,8280,California
Del Norte,2021-04-21,292,13557,23,4924,269,8012,0,621,67,2578,225,5772,70,8350,California
Del Norte,2021-04-22,116,13673,16,4940,100,8112,0,621,63,2588,53,5825,63,8413,California
Del Norte,2021-04-23,155,13828,22,4962,133,8245,0,621,41,2515,114,5939,41,8454,California
Del Norte,2021-04-24,25,13853,14,4976,11,8256,0,621,20,2530,5,5944,20,8474,California
Del Norte,2021-04-25,2,13855,0,4976,2,8258,0,621,2,2532,0,5944,2,8476,California
Del Norte,2021-04-26,31,13886,0,4976,31,8289,0,621,9,2519,22,5966,9,8485,California
Del Norte,2021-04-27,181,14067,21,4997,155,8444,5,626,50,2444,131,6097,56,8541,California
Del Norte,2021-04-28,351,14418,100,5097,246,8690,5,631,63,2227,286,6383,69,8610,California
Del Norte,2021-04-29,93,14511,6,5103,83,8773,4,635,26,2190,67,6450,30,8640,California
Del Norte,2021-04-30,87,14598,7,5110,70,8843,10,645,47,2207,40,6490,57,8697,California
Del Norte,2021-05-01,7,14605,2,5112,5,8848,0,645,5,2210,2,6492,5,8702,California
Del Norte,2021-05-02,8,14613,0,5112,8,8856,0,645,8,2218,0,6492,8,8710,California
Del Norte,2021-05-03,40,14653,3,5115,34,8890,3,648,2,2186,37,6529,5,8715,California
Del Norte,2021-05-04,221,14874,36,5151,180,9070,5,653,46,2062,175,6704,51,8766,California
Del Norte,2021-05-05,234,15108,20,5171,206,9276,8,661,59,1955,174,6878,67,8833,California
Del Norte,2021-05-06,113,15221,26,5197,74,9350,13,674,26,1907,87,6965,39,8872,California
Del Norte,2021-05-07,151,15372,28,5225,119,9469,4,678,31,1822,120,7085,35,8907,California
Del Norte,2021-05-08,65,15437,55,5280,8,9477,2,680,7,1773,58,7143,9,8916,California
Del Norte,2021-05-09,10,15447,4,5284,3,9480,3,683,2,1770,8,7151,5,8921,California
Del Norte,2021-05-10,24,15471,3,5287,17,9497,4,687,14,1778,10,7161,18,8939,California
Del Norte,2021-05-11,177,15648,50,5337,125,9622,2,689,34,1671,143,7304,36,8975,California
Del Norte,2021-05-12,151,15799,23,5360,118,9740,10,699,27,1585,123,7427,37,9012,California
Del Norte,2021-05-13,68,15867,30,5390,37,9777,1,700,38,1594,30,7457,39,9051,California
Del Norte,2021-05-14,76,15943,26,5416,49,9826,1,701,41,1601,35,7492,42,9093,California
Del Norte,2021-05-15,96,16039,53,5469,37,9863,6,707,53,1617,43,7535,59,9152,California
Del Norte,2021-05-16,11,16050,0,5469,11,9874,0,707,11,1628,0,7535,11,9163,California
Del Norte,2021-05-17,26,16076,3,5472,20,9894,3,710,15,1635,11,7546,18,9181,California
Del Norte,2021-05-18,129,16205,69,5541,60,9954,0,710,81,1668,48,7594,81,9262,California
Del Norte,2021-05-19,97,16302,14,5555,66,10020,17,727,35,1657,62,7656,51,9313,California
Del Norte,2021-05-20,101,16403,33,5588,65,10085,3,730,41,1642,59,7715,44,9357,California
Del Norte,2021-05-21,81,16484,34,5622,44,10129,3,733,44,1652,37,7752,47,9404,California
Del Norte,2021-05-22,24,16508,8,5630,16,10145,0,733,11,1651,12,7764,11,9415,California
Del Norte,2021-05-23,14,16522,5,5635,9,10154,0,733,7,1651,7,7771,7,9422,California
Del Norte,2021-05-24,25,16547,9,5644,16,10170,0,733,16,1658,9,7780,16,9438,California
Del Norte,2021-05-25,47,16594,5,5649,36,10206,6,739,17,1654,27,7807,23,9461,California
Del Norte,2021-05-26,117,16711,36,5685,74,10280,7,746,54,1653,62,7869,61,9522,California
Del Norte,2021-05-27,72,16783,27,5712,41,10321,4,750,34,1653,38,7907,38,9560,California
Del Norte,2021-05-28,52,16835,7,5719,37,10358,8,758,8,1625,44,7951,16,9576,California
Del Norte,2021-05-29,8,16843,0,5719,4,10362,4,762,3,1627,5,7956,7,9583,California
Del Norte,2021-05-30,6,16849,0,5719,6,10368,0,762,1,1623,5,7961,1,9584,California
Del Norte,2021-05-31,4,16853,2,5721,2,10370,0,762,3,1625,1,7962,3,9587,California
Del Norte,2021-06-01,52,16905,6,5727,39,10409,7,769,11,1602,41,8003,18,9605,California
Del Norte,2021-06-02,83,16988,11,5738,67,10476,5,774,19,1562,64,8067,24,9629,California
Del Norte,2021-06-03,62,17050,36,5774,24,10500,2,776,27,1556,35,8102,29,9658,California
Del Norte,2021-06-04,70,17120,24,5798,41,10541,5,781,20,1531,50,8152,25,9683,California
Del Norte,2021-06-05,1,17121,0,5798,1,10542,0,781,0,1530,1,8153,0,9683,California
Del Norte,2021-06-06,10,17131,4,5802,4,10546,2,783,7,1536,3,8156,9,9692,California
Del Norte,2021-06-07,40,17171,9,5811,26,10572,5,788,15,1531,25,8181,20,9712,California
Del Norte,2021-06-08,112,17283,81,5892,26,10598,5,793,33,1490,79,8260,38,9750,California
Del Norte,2021-06-09,58,17341,11,5903,40,10638,7,800,16,1471,42,8302,23,9773,California
Del Norte,2021-06-10,57,17398,27,5930,23,10661,7,807,12,1446,44,8346,19,9792,California
Del Norte,2021-06-11,59,17457,23,5953,27,10688,9,816,13,1422,46,8392,22,9814,California
Del Norte,2021-06-12,17,17474,3,5956,11,10699,3,819,2,1412,15,8407,5,9819,California
Del Norte,2021-06-13,61,17535,43,5999,13,10712,5,824,13,1382,48,8455,18,9837,California
Del Norte,2021-06-14,37,17572,15,6014,18,10730,4,828,15,1380,21,8476,19,9856,California
Del Norte,2021-06-15,38,17610,9,6023,21,10751,8,836,5,1360,33,8509,13,9869,California
Del Norte,2021-06-16,99,17709,38,6061,50,10801,11,847,22,1316,77,8586,33,9902,California
Del Norte,2021-06-17,31,17740,13,6074,15,10816,3,850,7,1302,24,8610,10,9912,California
Del Norte,2021-06-18,48,17788,22,6096,21,10837,5,855,19,1297,29,8639,24,9936,California
Del Norte,2021-06-19,11,17799,0,6096,7,10844,4,859,3,1296,8,8647,7,9943,California
Del Norte,2021-06-20,13,17812,9,6105,4,10848,0,859,8,1299,5,8652,8,9951,California
Del Norte,2021-06-21,24,17836,9,6114,10,10858,5,864,10,1300,14,8666,15,9966,California
Del Norte,2021-06-22,39,17875,9,6123,19,10877,11,875,14,1300,25,8691,25,9991,California
Del Norte,2021-06-23,68,17943,32,6155,30,10907,6,881,31,1301,36,8727,37,10028,California
Del Norte,2021-06-24,48,17991,27,6182,13,10920,8,889,17,1295,31,8758,25,10053,California
Del Norte,2021-06-25,28,18019,14,6196,12,10932,2,891,13,1295,15,8773,15,10068,California
Del Norte,2021-06-26,5,18024,0,6196,5,10937,0,891,2,1294,3,8776,2,10070,California
Del Norte,2021-06-27,9,18033,4,6200,5,10942,0,891,6,1297,3,8779,6,10076,California
Del Norte,2021-06-28,13,18046,6,6206,5,10947,2,893,7,1300,6,8785,9,10085,California
Del Norte,2021-06-29,53,18099,39,6245,12,10959,2,895,19,1287,34,8819,21,10106,California
Del Norte,2021-06-30,34,18133,17,6262,13,10972,4,899,11,1279,23,8842,15,10121,California
Del Norte,2021-07-01,18,18151,5,6267,9,10981,4,903,4,1273,14,8856,8,10129,California
El Dorado,2020-12-15,12,12,12,12,0,0,0,0,12,12,0,0,12,12,California
El Dorado,2020-12-16,40,52,40,52,0,0,0,0,40,52,0,0,40,52,California
El Dorado,2020-12-17,33,85,33,85,0,0,0,0,33,85,0,0,33,85,California
El Dorado,2020-12-18,263,348,263,348,0,0,0,0,263,348,0,0,263,348,California
El Dorado,2020-12-19,119,467,119,467,0,0,0,0,119,467,0,0,119,467,California
El Dorado,2020-12-20,87,554,87,554,0,0,0,0,87,554,0,0,87,554,California
El Dorado,2020-12-21,312,866,311,865,1,1,0,0,312,866,0,0,312,866,California
El Dorado,2020-12-22,241,1107,217,1082,24,25,0,0,241,1107,0,0,241,1107,California
El Dorado,2020-12-23,190,1297,141,1223,49,74,0,0,190,1297,0,0,190,1297,California
El Dorado,2020-12-24,87,1384,66,1289,21,95,0,0,87,1384,0,0,87,1384,California
El Dorado,2020-12-25,8,1392,8,1297,0,95,0,0,8,1392,0,0,8,1392,California
El Dorado,2020-12-26,45,1437,27,1324,18,113,0,0,45,1437,0,0,45,1437,California
El Dorado,2020-12-27,38,1475,34,1358,4,117,0,0,38,1475,0,0,38,1475,California
El Dorado,2020-12-28,217,1692,168,1526,49,166,0,0,217,1692,0,0,217,1692,California
El Dorado,2020-12-29,462,2154,145,1671,317,483,0,0,462,2154,0,0,462,2154,California
El Dorado,2020-12-30,510,2664,139,1810,371,854,0,0,510,2664,0,0,510,2664,California
El Dorado,2020-12-31,110,2774,69,1879,41,895,0,0,110,2774,0,0,110,2774,California
El Dorado,2021-01-01,7,2781,4,1883,3,898,0,0,7,2781,0,0,7,2781,California
El Dorado,2021-01-02,154,2935,142,2025,12,910,0,0,154,2935,0,0,154,2935,California
El Dorado,2021-01-03,96,3031,19,2044,77,987,0,0,96,3031,0,0,96,3031,California
El Dorado,2021-01-04,192,3223,61,2105,131,1118,0,0,192,3223,0,0,192,3223,California
El Dorado,2021-01-05,229,3452,73,2178,156,1274,0,0,211,3416,18,18,211,3434,California
El Dorado,2021-01-06,242,3694,168,2346,74,1348,0,0,176,3527,65,83,176,3610,California
El Dorado,2021-01-07,334,4028,137,2483,197,1545,0,0,257,3707,77,160,257,3867,California
El Dorado,2021-01-08,995,5023,514,2997,481,2026,0,0,768,4249,227,387,769,4636,California
El Dorado,2021-01-09,199,5222,161,3158,38,2064,0,0,127,4304,72,459,127,4763,California
El Dorado,2021-01-10,182,5404,133,3291,49,2113,0,0,109,4341,73,532,110,4873,California
El Dorado,2021-01-11,663,6067,294,3585,369,2482,0,0,463,4606,199,731,464,5337,California
El Dorado,2021-01-12,810,6877,427,4012,383,2865,0,0,558,4912,252,983,558,5895,California
El Dorado,2021-01-13,706,7583,301,4313,405,3270,0,0,541,5288,165,1148,541,6436,California
El Dorado,2021-01-14,806,8389,224,4537,582,3852,0,0,708,5899,97,1245,708,7144,California
El Dorado,2021-01-15,797,9186,189,4726,608,4460,0,0,723,6548,74,1319,723,7867,California
El Dorado,2021-01-16,218,9404,104,4830,114,4574,0,0,191,6712,27,1346,191,8058,California
El Dorado,2021-01-17,107,9511,50,4880,57,4631,0,0,89,6783,18,1364,89,8147,California
El Dorado,2021-01-18,427,9938,143,5023,284,4915,0,0,354,7064,73,1437,354,8501,California
El Dorado,2021-01-19,754,10692,452,5475,302,5217,0,0,603,7517,151,1588,604,9105,California
El Dorado,2021-01-20,1014,11706,692,6167,322,5539,0,0,899,8302,114,1702,899,10004,California
El Dorado,2021-01-21,1272,12978,683,6850,589,6128,0,0,1064,9199,167,1869,1064,11068,California
El Dorado,2021-01-22,1246,14224,843,7693,403,6531,0,0,1184,10322,61,1930,1184,12252,California
El Dorado,2021-01-23,884,15108,626,8319,258,6789,0,0,767,10972,117,2047,767,13019,California
El Dorado,2021-01-24,132,15240,80,8399,52,6841,0,0,112,11064,20,2067,112,13131,California
El Dorado,2021-01-25,699,15939,291,8690,408,7249,0,0,611,11587,88,2155,611,13742,California
El Dorado,2021-01-26,685,16624,371,9061,314,7563,0,0,579,12060,106,2261,579,14321,California
El Dorado,2021-01-27,1000,17624,396,9457,604,8167,0,0,661,12381,340,2601,661,14982,California
El Dorado,2021-01-28,1118,18742,455,9912,663,8830,0,0,755,12773,363,2964,755,15737,California
El Dorado,2021-01-29,1048,19790,557,10469,491,9321,0,0,755,13237,292,3256,756,16493,California
El Dorado,2021-01-30,841,20631,293,10762,548,9869,0,0,744,13885,96,3352,744,17237,California
El Dorado,2021-01-31,239,20870,215,10977,24,9893,0,0,184,14014,55,3407,184,17421,California
El Dorado,2021-02-01,805,21675,368,11345,437,10330,0,0,654,14517,151,3558,654,18075,California
El Dorado,2021-02-02,850,22525,369,11714,481,10811,0,0,686,15039,164,3722,686,18761,California
El Dorado,2021-02-03,908,23433,478,12192,430,11241,0,0,695,15521,213,3935,695,19456,California
El Dorado,2021-02-04,1255,24688,710,12902,545,11786,0,0,874,16016,379,4314,874,20330,California
El Dorado,2021-02-05,1506,26194,611,13513,895,12681,0,0,871,16289,598,4912,871,21201,California
El Dorado,2021-02-06,1088,27282,333,13846,755,13436,0,0,978,17158,110,5022,979,22180,California
El Dorado,2021-02-07,264,27546,181,14027,83,13519,0,0,198,17290,66,5088,198,22378,California
El Dorado,2021-02-08,888,28434,420,14447,468,13987,0,0,608,17620,278,5366,608,22986,California
El Dorado,2021-02-09,976,29410,548,14995,428,14415,0,0,543,17730,433,5799,543,23529,California
El Dorado,2021-02-10,1269,30679,743,15738,526,14941,0,0,669,17800,599,6398,669,24198,California
El Dorado,2021-02-11,2171,32850,898,16636,1273,16214,0,0,753,17139,1415,7813,754,24952,California
El Dorado,2021-02-12,1586,34436,833,17469,753,16967,0,0,675,16905,910,8723,676,25628,California
El Dorado,2021-02-13,1260,35696,676,18145,584,17551,0,0,659,16966,598,9321,659,26287,California
El Dorado,2021-02-14,494,36190,158,18303,336,17887,0,0,401,17274,93,9414,401,26688,California
El Dorado,2021-02-15,1180,37370,386,18689,794,18681,0,0,820,17738,360,9774,824,27512,California
El Dorado,2021-02-16,1212,38582,531,19220,681,19362,0,0,671,17870,540,10314,672,28184,California
El Dorado,2021-02-17,959,39541,425,19645,534,19896,0,0,464,17841,495,10809,466,28650,California
El Dorado,2021-02-18,2117,41658,1034,20679,1083,20979,0,0,1077,17880,1038,11847,1077,29727,California
El Dorado,2021-02-19,1240,42898,664,21343,576,21555,0,0,695,18032,543,12390,695,30422,California
El Dorado,2021-02-20,1097,43995,464,21807,633,22188,0,0,686,18314,405,12795,687,31109,California
El Dorado,2021-02-21,371,44366,238,22045,133,22321,0,0,181,18305,190,12985,181,31290,California
El Dorado,2021-02-22,914,45280,456,22501,458,22779,0,0,285,17964,626,13611,285,31575,California
El Dorado,2021-02-23,896,46176,508,23009,388,23167,0,0,364,17798,530,14141,364,31939,California
El Dorado,2021-02-24,1044,47220,450,23459,594,23761,0,0,437,17628,607,14748,437,32376,California
El Dorado,2021-02-25,1929,49149,1152,24611,777,24538,0,0,697,17105,1224,15972,701,33077,California
El Dorado,2021-02-26,2409,51558,1507,26118,902,25440,0,0,1614,17928,791,16763,1614,34691,California
El Dorado,2021-02-27,1742,53300,448,26566,1294,26734,0,0,1293,18775,446,17209,1293,35984,California
El Dorado,2021-02-28,966,54266,230,26796,736,27470,0,0,505,18821,460,17669,506,36490,California
El Dorado,2021-03-01,1167,55433,468,27264,697,28167,2,2,644,18945,522,18191,646,37136,California
El Dorado,2021-03-02,943,56376,273,27537,669,28836,1,3,495,18996,446,18637,497,37633,California
El Dorado,2021-03-03,1763,58139,470,28007,1293,30129,0,3,1204,19651,551,19188,1206,38839,California
El Dorado,2021-03-04,2534,60673,1555,29562,979,31108,0,3,1201,19524,1329,20517,1202,40041,California
El Dorado,2021-03-05,1592,62265,432,29994,1155,32263,5,8,1054,20051,532,21049,1059,41100,California
El Dorado,2021-03-06,747,63012,218,30212,494,32757,35,43,394,20129,351,21400,429,41529,California
El Dorado,2021-03-07,859,63871,198,30410,642,33399,19,62,244,19780,612,22012,263,41792,California
El Dorado,2021-03-08,1346,65217,379,30789,894,34293,73,135,863,20235,479,22491,934,42726,California
El Dorado,2021-03-09,1002,66219,231,31020,702,34995,69,204,597,20511,390,22881,666,43392,California
El Dorado,2021-03-10,980,67199,350,31370,574,35569,56,260,571,20734,403,23284,626,44018,California
El Dorado,2021-03-11,3050,70249,1850,33220,1013,36582,187,447,1291,20473,1736,25020,1475,45493,California
El Dorado,2021-03-12,1812,72061,628,33848,937,37519,247,694,752,20430,1042,26062,999,46492,California
El Dorado,2021-03-13,1141,73202,348,34196,509,38028,284,978,436,20445,702,26764,717,47209,California
El Dorado,2021-03-14,1024,74226,207,34403,706,38734,111,1089,279,20091,744,27508,390,47599,California
El Dorado,2021-03-15,1405,75631,304,34707,975,39709,126,1215,608,20033,793,28301,735,48334,California
El Dorado,2021-03-16,1236,76867,427,35134,665,40374,144,1359,564,20075,667,28968,709,49043,California
El Dorado,2021-03-17,1155,78022,363,35497,694,41068,98,1457,749,20515,405,29373,845,49888,California
El Dorado,2021-03-18,3012,81034,1784,37281,1183,42251,45,1502,1975,21508,1027,30400,2020,51908,California
El Dorado,2021-03-19,1127,82161,364,37645,611,42862,152,1654,627,21788,498,30898,778,52686,California
El Dorado,2021-03-20,1088,83249,272,37917,801,43663,15,1669,504,21735,572,31470,519,53205,California
El Dorado,2021-03-21,1036,84285,424,38341,607,44270,5,1674,909,22525,124,31594,914,54119,California
El Dorado,2021-03-22,1516,85801,494,38835,940,45210,82,1756,1187,23471,323,31917,1269,55388,California
El Dorado,2021-03-23,1161,86962,459,39294,607,45817,95,1851,736,23889,413,32330,831,56219,California
El Dorado,2021-03-24,1469,88431,633,39927,642,46459,194,2045,661,23964,780,33110,855,57074,California
El Dorado,2021-03-25,2525,90956,1690,41617,728,47187,107,2152,1371,24296,1147,34257,1479,58553,California
El Dorado,2021-03-26,1831,92787,698,42315,1021,48208,112,2264,929,24461,877,35134,1042,59595,California
El Dorado,2021-03-27,1506,94293,189,42504,1312,49520,5,2269,496,23958,1004,36138,501,60096,California
El Dorado,2021-03-28,694,94987,182,42686,500,50020,12,2281,170,23620,520,36658,182,60278,California
El Dorado,2021-03-29,1321,96308,434,43120,871,50891,16,2297,824,23966,494,37152,840,61118,California
El Dorado,2021-03-30,1369,97677,417,43537,859,51750,93,2390,682,24060,679,37831,773,61891,California
El Dorado,2021-03-31,1572,99249,589,44126,917,52667,66,2456,658,23870,911,38742,721,62612,California
El Dorado,2021-04-01,3247,102496,1774,45900,1390,54057,83,2539,1540,23791,1703,40445,1624,64236,California
El Dorado,2021-04-02,1901,104397,565,46465,1239,55296,97,2636,749,23491,1146,41591,846,65082,California
El Dorado,2021-04-03,752,105149,298,46763,333,55629,121,2757,228,23319,520,42111,348,65430,California
El Dorado,2021-04-04,274,105423,85,46848,141,55770,48,2805,98,23290,175,42286,146,65576,California
El Dorado,2021-04-05,1424,106847,424,47272,906,56676,94,2899,591,23149,825,43111,684,66260,California
El Dorado,2021-04-06,1415,108262,525,47797,670,57346,220,3119,441,22838,969,44080,658,66918,California
El Dorado,2021-04-07,1593,109855,559,48356,583,57929,451,3570,545,22786,1045,45125,993,67911,California
El Dorado,2021-04-08,2697,112552,1729,50085,731,58660,237,3807,1114,22561,1574,46699,1349,69260,California
El Dorado,2021-04-09,1448,114000,458,50543,768,59428,222,4029,569,22472,876,47575,787,70047,California
El Dorado,2021-04-10,997,114997,229,50772,656,60084,112,4141,641,22872,352,47927,752,70799,California
El Dorado,2021-04-11,773,115770,454,51226,303,60387,16,4157,206,22528,566,48493,222,71021,California
El Dorado,2021-04-12,1287,117057,501,51727,638,61025,148,4305,560,22515,720,49213,707,71728,California
El Dorado,2021-04-13,1123,118180,611,52338,512,61537,0,4305,507,22410,612,49825,507,72235,California
El Dorado,2021-04-14,1103,119283,468,52806,634,62171,1,4306,378,22080,709,50534,379,72614,California
El Dorado,2021-04-15,2525,121808,1696,54502,829,63000,0,4306,961,21483,1559,52093,962,73576,California
El Dorado,2021-04-16,1472,123280,522,55024,950,63950,0,4306,608,21233,859,52952,609,74185,California
El Dorado,2021-04-17,1011,124291,203,55227,807,64757,1,4307,709,21643,299,53251,709,74894,California
El Dorado,2021-04-18,1209,125500,120,55347,1089,65846,0,4307,426,21288,781,54032,426,75320,California
El Dorado,2021-04-19,1738,127238,444,55791,1294,67140,0,4307,697,20950,1035,55067,697,76017,California
El Dorado,2021-04-20,1153,128391,399,56190,754,67894,0,4307,479,20761,669,55736,480,76497,California
El Dorado,2021-04-21,1238,129629,536,56726,698,68592,4,4311,635,20803,595,56331,637,77134,California
El Dorado,2021-04-22,2581,132210,1713,58439,868,69460,0,4311,1073,20373,1504,57835,1074,78208,California
El Dorado,2021-04-23,1435,133645,521,58960,914,70374,0,4311,726,20395,706,58541,728,78936,California
El Dorado,2021-04-24,1044,134689,521,59481,523,70897,0,4311,805,20963,237,58778,805,79741,California
El Dorado,2021-04-25,832,135521,450,59931,382,71279,0,4311,475,21081,357,59135,475,80216,California
El Dorado,2021-04-26,1206,136727,495,60426,694,71973,17,4328,566,21028,635,59770,582,80798,California
El Dorado,2021-04-27,1138,137865,432,60858,668,72641,38,4366,509,20953,622,60392,547,81345,California
El Dorado,2021-04-28,1087,138952,375,61233,672,73313,40,4406,441,20790,644,61036,481,81826,California
El Dorado,2021-04-29,2007,140959,1379,62612,596,73909,32,4438,599,20016,1405,62441,631,82457,California
El Dorado,2021-04-30,2154,143113,1366,63978,747,74656,41,4479,1378,20672,762,63203,1418,83875,California
El Dorado,2021-05-01,621,143734,285,64263,308,74964,28,4507,278,20642,336,63539,306,84181,California
El Dorado,2021-05-02,301,144035,214,64477,58,75022,29,4536,100,20572,198,63737,128,84309,California
El Dorado,2021-05-03,825,144860,403,64880,372,75394,50,4586,281,20364,540,64277,332,84641,California
El Dorado,2021-05-04,915,145775,462,65342,393,75787,60,4646,328,20169,583,64860,388,85029,California
El Dorado,2021-05-05,904,146679,451,65793,379,76166,74,4720,436,20213,466,65326,510,85539,California
El Dorado,2021-05-06,1140,147819,504,66297,588,76754,48,4768,486,20095,648,65974,530,86069,California
El Dorado,2021-05-07,995,148814,390,66687,546,77300,59,4827,404,19966,591,66565,462,86531,California
El Dorado,2021-05-08,676,149490,155,66842,484,77784,37,4864,210,19763,463,67028,260,86791,California
El Dorado,2021-05-09,232,149722,93,66935,112,77896,27,4891,102,19763,129,67157,129,86920,California
El Dorado,2021-05-10,829,150551,276,67211,495,78391,58,4949,241,19482,578,67735,297,87217,California
El Dorado,2021-05-11,697,151248,310,67521,325,78716,62,5011,283,19417,411,68146,346,87563,California
El Dorado,2021-05-12,655,151903,346,67867,268,78984,41,5052,251,19306,404,68550,293,87856,California
El Dorado,2021-05-13,1263,153166,797,68664,426,79410,40,5092,469,19026,788,69338,508,88364,California
El Dorado,2021-05-14,1411,154577,814,69478,513,79923,84,5176,667,19038,739,70077,751,89115,California
El Dorado,2021-05-15,908,155485,561,70039,291,80214,56,5232,322,18830,586,70663,378,89493,California
El Dorado,2021-05-16,873,156358,464,70503,383,80597,26,5258,235,18455,637,71300,262,89755,California
El Dorado,2021-05-17,1580,157938,669,71172,862,81459,49,5307,560,18047,1016,72316,608,90363,California
El Dorado,2021-05-18,1029,158967,517,71689,458,81917,54,5361,437,17947,591,72907,491,90854,California
El Dorado,2021-05-19,817,159784,332,72021,433,82350,52,5413,306,17800,504,73411,357,91211,California
El Dorado,2021-05-20,1184,160968,660,72681,449,82799,75,5488,442,17576,739,74150,515,91726,California
El Dorado,2021-05-21,2339,163307,1749,74430,548,83347,42,5530,812,16907,1523,75673,854,92580,California
El Dorado,2021-05-22,708,164015,207,74637,465,83812,36,5566,223,16682,484,76157,259,92839,California
El Dorado,2021-05-23,381,164396,134,74771,218,84030,29,5595,94,16520,285,76442,123,92962,California
El Dorado,2021-05-24,883,165279,456,75227,358,84388,69,5664,308,16324,571,77013,375,93337,California
El Dorado,2021-05-25,609,165888,255,75482,318,84706,36,5700,221,16195,385,77398,256,93593,California
El Dorado,2021-05-26,811,166699,400,75882,387,85093,24,5724,279,15968,530,77928,303,93896,California
El Dorado,2021-05-27,623,167322,245,76127,343,85436,35,5759,311,16002,311,78239,345,94241,California
El Dorado,2021-05-28,729,168051,256,76383,409,85845,64,5823,304,15948,422,78661,368,94609,California
El Dorado,2021-05-29,394,168445,114,76497,264,86109,16,5839,174,15918,220,78881,190,94799,California
El Dorado,2021-05-30,173,168618,101,76598,58,86167,14,5853,81,15922,91,78972,95,94894,California
El Dorado,2021-05-31,37,168655,12,76610,14,86181,11,5864,8,15912,29,79001,19,94913,California
El Dorado,2021-06-01,680,169335,293,76903,347,86528,40,5904,231,15737,446,79447,271,95184,California
El Dorado,2021-06-02,631,169966,301,77204,280,86808,50,5954,259,15676,370,79817,309,95493,California
El Dorado,2021-06-03,728,170694,339,77543,346,87154,43,5997,175,15341,553,80370,218,95711,California
El Dorado,2021-06-04,884,171578,527,78070,323,87477,34,6031,185,14863,697,81067,219,95930,California
El Dorado,2021-06-05,389,171967,225,78295,152,87629,12,6043,83,14653,305,81372,95,96025,California
El Dorado,2021-06-06,280,172247,195,78490,69,87698,16,6059,52,14493,227,81599,67,96092,California
El Dorado,2021-06-07,787,173034,489,78979,258,87956,40,6099,172,14098,607,82206,212,96304,California
El Dorado,2021-06-08,634,173668,385,79364,216,88172,33,6132,131,13761,500,82706,163,96467,California
El Dorado,2021-06-09,466,174134,278,79642,162,88334,26,6158,112,13545,354,83060,138,96605,California
El Dorado,2021-06-10,588,174722,366,80008,191,88525,31,6189,160,13310,426,83486,191,96796,California
El Dorado,2021-06-11,657,175379,394,80402,219,88744,44,6233,130,12958,526,84012,174,96970,California
El Dorado,2021-06-12,262,175641,154,80556,89,88833,19,6252,61,12838,200,84212,80,97050,California
El Dorado,2021-06-13,162,175803,89,80645,55,88888,18,6270,33,12761,128,84340,51,97101,California
El Dorado,2021-06-14,513,176316,361,81006,122,89010,30,6300,135,12548,378,84718,165,97266,California
El Dorado,2021-06-15,449,176765,239,81245,173,89183,37,6337,126,12391,320,85038,163,97429,California
El Dorado,2021-06-16,508,177273,359,81604,109,89292,40,6377,131,12186,376,85414,171,97600,California
El Dorado,2021-06-17,436,177709,267,81871,136,89428,33,6410,139,12063,296,85710,173,97773,California
El Dorado,2021-06-18,398,178107,254,82125,109,89537,35,6445,119,11939,278,85988,154,97927,California
El Dorado,2021-06-19,248,178355,154,82279,80,89617,14,6459,91,11888,156,86144,105,98032,California
El Dorado,2021-06-20,123,178478,89,82368,28,89645,6,6465,52,11875,71,86215,58,98090,California
El Dorado,2021-06-21,319,178797,164,82532,129,89774,26,6491,124,11832,193,86408,150,98240,California
El Dorado,2021-06-22,396,179193,259,82791,114,89888,23,6514,133,11726,262,86670,156,98396,California
El Dorado,2021-06-23,422,179615,290,83081,110,89998,22,6536,138,11604,282,86952,160,98556,California
El Dorado,2021-06-24,392,180007,241,83322,137,90135,14,6550,145,11516,247,87199,159,98715,California
El Dorado,2021-06-25,352,180359,214,83536,100,90235,38,6588,144,11495,203,87402,182,98897,California
El Dorado,2021-06-26,208,180567,122,83658,71,90306,15,6603,69,11442,138,87540,85,98982,California
El Dorado,2021-06-27,115,180682,80,83738,29,90335,6,6609,51,11435,64,87604,57,99039,California
El Dorado,2021-06-28,303,180985,214,83952,63,90398,26,6635,132,11423,170,87774,158,99197,California
El Dorado,2021-06-29,292,181277,168,84120,102,90500,22,6657,115,11385,175,87949,137,99334,California
El Dorado,2021-06-30,243,181520,171,84291,60,90560,12,6669,120,11395,122,88071,132,99466,California
El Dorado,2021-07-01,181,181701,106,84397,63,90623,12,6681,65,11355,116,88187,76,99542,California
Fresno,2020-12-15,2,2,2,2,0,0,0,0,2,2,0,0,2,2,California
Fresno,2020-12-16,124,126,124,126,0,0,0,0,124,126,0,0,124,126,California
Fresno,2020-12-17,123,249,123,249,0,0,0,0,123,249,0,0,123,249,California
Fresno,2020-12-18,350,599,350,599,0,0,0,0,350,599,0,0,350,599,California
Fresno,2020-12-19,161,760,161,760,0,0,0,0,161,760,0,0,161,760,California
Fresno,2020-12-20,256,1016,254,1014,2,2,0,0,256,1016,0,0,256,1016,California
Fresno,2020-12-21,929,1945,927,1941,2,4,0,0,958,1974,0,0,958,1974,California
Fresno,2020-12-22,907,2852,875,2816,32,36,0,0,911,2885,0,0,911,2885,California
Fresno,2020-12-23,1088,3940,1045,3861,43,79,0,0,1089,3974,0,0,1089,3974,California
Fresno,2020-12-24,590,4530,564,4425,26,105,0,0,590,4564,0,0,590,4564,California
Fresno,2020-12-25,3,4533,1,4426,2,107,0,0,3,4567,0,0,3,4567,California
Fresno,2020-12-26,723,5256,714,5140,9,116,0,0,723,5290,0,0,723,5290,California
Fresno,2020-12-27,306,5562,210,5350,96,212,0,0,306,5596,0,0,306,5596,California
Fresno,2020-12-28,1095,6657,801,6151,294,506,0,0,1096,6692,0,0,1096,6692,California
Fresno,2020-12-29,1764,8421,998,7149,766,1272,0,0,1762,8453,1,1,1762,8454,California
Fresno,2020-12-30,985,9406,444,7593,541,1813,0,0,985,9438,0,1,985,9439,California
Fresno,2020-12-31,929,10335,310,7903,619,2432,0,0,928,10366,0,1,928,10367,California
Fresno,2021-01-01,10,10345,3,7906,7,2439,0,0,10,10376,0,1,10,10377,California
Fresno,2021-01-02,1026,11371,712,8618,314,2753,0,0,1026,11402,0,1,1026,11403,California
Fresno,2021-01-03,155,11526,129,8747,26,2779,0,0,155,11557,0,1,155,11558,California
Fresno,2021-01-04,623,12149,376,9123,247,3026,0,0,623,12180,0,1,623,12181,California
Fresno,2021-01-05,786,12935,312,9435,474,3500,0,0,712,12818,74,75,712,12893,California
Fresno,2021-01-06,994,13929,351,9786,643,4143,0,0,820,13464,174,249,820,13713,California
Fresno,2021-01-07,1902,15831,918,10704,984,5127,0,0,1647,14859,255,504,1650,15363,California
Fresno,2021-01-08,1795,17626,615,11319,1180,6307,0,0,1429,15925,364,868,1430,16793,California
Fresno,2021-01-09,635,18261,390,11709,245,6552,0,0,357,16004,278,1146,357,17150,California
Fresno,2021-01-10,517,18778,487,12196,30,6582,0,0,204,15895,313,1459,204,17354,California
Fresno,2021-01-11,2228,21006,1810,14006,418,7000,0,0,1533,16737,695,2154,1537,18891,California
Fresno,2021-01-12,2539,23545,1830,15836,709,7709,0,0,1688,17574,853,3007,1690,20581,California
Fresno,2021-01-13,3570,27115,2437,18273,1133,8842,0,0,2716,19438,855,3862,2719,23300,California
Fresno,2021-01-14,4166,31281,2200,20473,1966,10808,0,0,3694,22661,471,4333,3694,26994,California
Fresno,2021-01-15,3679,34960,2541,23014,1138,11946,0,0,3320,25626,359,4692,3324,30318,California
Fresno,2021-01-16,3159,38119,2314,25328,845,12791,0,0,2689,27847,470,5162,2691,33009,California
Fresno,2021-01-17,978,39097,556,25884,422,13213,0,0,778,28425,200,5362,778,33787,California
Fresno,2021-01-18,3093,42190,2378,28262,715,13928,0,0,2436,30208,655,6017,2438,36225,California
Fresno,2021-01-19,4355,46545,2551,30813,1804,15732,0,0,3696,33249,659,6676,3700,39925,California
Fresno,2021-01-20,3055,49600,1227,32040,1828,17560,0,0,2741,35682,311,6987,2744,42669,California
Fresno,2021-01-21,4446,54046,2079,34119,2367,19927,0,0,4082,39429,341,7328,4088,46757,California
Fresno,2021-01-22,3334,57380,1355,35474,1979,21906,0,0,2946,42005,371,7699,2947,49704,California
Fresno,2021-01-23,3066,60446,1982,37456,1084,22990,0,0,2343,43631,722,8421,2348,52052,California
Fresno,2021-01-24,557,61003,376,37832,181,23171,0,0,350,43776,207,8628,352,52404,California
Fresno,2021-01-25,2445,63448,868,38700,1577,24748,0,0,1866,45066,579,9207,1869,54273,California
Fresno,2021-01-26,2099,65547,597,39297,1502,26250,0,0,1330,45630,767,9974,1331,55604,California
Fresno,2021-01-27,2424,67971,1250,40547,1174,27424,0,0,1743,46707,676,10650,1753,57357,California
Fresno,2021-01-28,4580,72551,3069,43616,1511,28935,0,0,3477,49088,1099,11749,3480,60837,California
Fresno,2021-01-29,1682,74233,950,44566,732,29667,0,0,1376,50164,301,12050,1377,62214,California
Fresno,2021-01-30,1451,75684,545,45111,906,30573,0,0,1034,50781,417,12467,1034,63248,California
Fresno,2021-01-31,226,75910,215,45326,11,30584,0,0,72,50699,154,12621,72,63320,California
Fresno,2021-02-01,3368,79278,1670,46996,1698,32282,0,0,1777,50896,1590,14211,1787,65107,California
Fresno,2021-02-02,2744,82022,561,47557,2183,34465,0,0,1582,51347,1147,15358,1598,66705,California
Fresno,2021-02-03,3578,85600,2110,49667,1468,35933,0,0,1549,50880,2017,17375,1550,68255,California
Fresno,2021-02-04,4224,89824,1911,51578,2313,38246,0,0,1932,50555,2262,19637,1937,70192,California
Fresno,2021-02-05,5371,95195,2742,54320,2629,40875,0,0,2311,49815,3055,22692,2315,72507,California
Fresno,2021-02-06,2945,98140,2050,56370,895,41770,0,0,973,48826,1963,24655,974,73481,California
Fresno,2021-02-07,469,98609,287,56657,182,41952,0,0,272,48902,196,24851,272,73753,California
Fresno,2021-02-08,4295,102904,2303,58960,1992,43944,0,0,1808,48245,2474,27325,1817,75570,California
Fresno,2021-02-09,5356,108260,2085,61045,3271,47215,0,0,3129,49234,2149,29474,3138,78708,California
Fresno,2021-02-10,3915,112175,1239,62284,2676,49891,0,0,1983,49351,1878,31352,1995,80703,California
Fresno,2021-02-11,6477,118652,2097,64381,4380,54271,0,0,3322,49542,3136,34488,3327,84030,California
Fresno,2021-02-12,5444,124096,1388,65769,4056,58327,0,0,2737,49599,2689,37177,2746,86776,California
Fresno,2021-02-13,3771,127867,1572,67341,2199,60526,0,0,2089,50022,1671,38848,2094,88870,California
Fresno,2021-02-14,1581,129448,289,67630,1292,61818,0,0,848,50140,732,39580,850,89720,California
Fresno,2021-02-15,2909,132357,272,67902,2637,64455,0,0,1801,50841,1104,40684,1805,91525,California
Fresno,2021-02-16,6747,139104,2419,70321,4328,68783,0,0,4256,52632,2471,43155,4262,95787,California
Fresno,2021-02-17,5381,144485,2483,72804,2898,71681,0,0,2991,53283,2344,45499,2995,98782,California
Fresno,2021-02-18,6936,151421,2929,75733,4007,75688,0,0,2596,51595,4295,49794,2607,101389,California
Fresno,2021-02-19,3973,155394,1130,76863,2843,78531,0,0,1841,51319,2120,51914,1844,103233,California
Fresno,2021-02-20,4612,160006,2516,79379,2096,80627,0,0,3092,52903,1514,53428,3098,106331,California
Fresno,2021-02-21,201,160207,181,79560,20,80647,0,0,133,52982,54,53482,133,106464,California
Fresno,2021-02-22,2316,162523,1033,80593,1283,81930,0,0,1267,53213,1038,54520,1269,107733,California
Fresno,2021-02-23,4717,167240,2273,82866,2444,84374,0,0,3830,56170,875,55395,3832,111565,California
Fresno,2021-02-24,4232,171472,1505,84371,2727,87101,0,0,3475,58902,745,56140,3477,115042,California
Fresno,2021-02-25,8726,180198,3754,88125,4972,92073,0,0,7226,64701,1436,57576,7235,122277,California
Fresno,2021-02-26,9068,189266,3716,91841,5352,97425,0,0,7736,71137,1306,58882,7742,130019,California
Fresno,2021-02-27,7300,196566,3165,95006,4134,101559,1,1,6582,77021,703,59585,6587,136606,California
Fresno,2021-02-28,1663,198229,540,95546,1123,102682,0,1,1569,78510,81,59666,1570,138176,California
Fresno,2021-03-01,5122,203351,1329,96875,3793,106475,0,1,3698,80805,1407,61073,3702,141878,California
Fresno,2021-03-02,9891,213242,3394,100269,6497,112972,0,1,8500,87964,1366,62439,8525,150403,California
Fresno,2021-03-03,7086,220328,1787,102056,5298,118270,1,2,6062,93130,1011,63450,6177,156580,California
Fresno,2021-03-04,10478,230806,4133,106189,6345,124615,0,2,8726,100142,1724,65174,8736,165316,California
Fresno,2021-03-05,9378,240184,3643,109832,5733,130348,2,4,8073,107119,1173,66347,8150,173466,California
Fresno,2021-03-06,7024,247208,3954,113786,2952,133300,118,122,6022,112270,994,67341,6145,179611,California
Fresno,2021-03-07,1496,248704,681,114467,778,134078,37,159,1265,113345,228,67569,1303,180914,California
Fresno,2021-03-08,5348,254052,2064,116531,3133,137211,151,310,4050,116273,1285,68854,4213,185127,California
Fresno,2021-03-09,8672,262724,3806,120337,4594,141805,272,582,4662,117253,3989,72843,4969,190096,California
Fresno,2021-03-10,6926,269650,2880,123217,3656,145461,390,972,5411,121556,1506,74349,5809,195905,California
Fresno,2021-03-11,11636,281286,4594,127811,6491,151952,551,1523,6324,123224,5285,79634,6953,202858,California
Fresno,2021-03-12,12090,293376,5151,132962,6512,158464,427,1950,9085,129892,2984,82618,9652,212510,California
Fresno,2021-03-13,8358,301734,4066,137028,3279,161743,1013,2963,4037,130719,4299,86917,5126,217636,California
Fresno,2021-03-14,1781,303515,484,137512,1008,162751,289,3252,672,130582,1098,88015,961,218597,California
Fresno,2021-03-15,7148,310663,3180,140692,3791,166542,177,3429,4936,133701,2197,90212,5316,223913,California
Fresno,2021-03-16,10245,320908,4548,145240,5303,171845,394,3823,5429,134840,4783,94995,5922,229835,California
Fresno,2021-03-17,8750,329658,4002,149242,4046,175891,702,4525,5916,139056,2810,97805,7026,236861,California
Fresno,2021-03-18,12560,342218,6799,156041,5084,180975,677,5202,7039,141797,5470,103275,8211,245072,California
Fresno,2021-03-19,11287,353505,5962,162003,4702,185677,623,5825,6924,145393,4330,107605,7926,252998,California
Fresno,2021-03-20,7645,361150,4617,166620,2703,188380,325,6150,3760,145944,3854,111459,4405,257403,California
Fresno,2021-03-21,1868,363018,1275,167895,213,188593,380,6530,1022,146510,838,112297,1404,258807,California
Fresno,2021-03-22,5716,368734,2934,170829,2184,190777,598,7128,3814,149281,1883,114180,4654,263461,California
Fresno,2021-03-23,10653,379387,5331,176160,4822,195599,500,7628,5105,149809,5524,119704,6052,269513,California
Fresno,2021-03-24,8902,388289,3855,180015,4214,199813,833,8461,4976,151782,3889,123593,5862,275375,California
Fresno,2021-03-25,12231,400520,5690,185705,5736,205549,805,9266,4752,149991,7429,131022,5638,281013,California
Fresno,2021-03-26,12263,412783,5470,191175,6146,211695,647,9913,4446,147352,7757,138779,5118,286131,California
Fresno,2021-03-27,10144,422927,4858,196033,4198,215893,1088,11001,2970,144282,7134,145913,4064,290195,California
Fresno,2021-03-28,3423,426350,1323,197356,1407,217300,693,11694,1117,144242,2298,148211,2258,292453,California
Fresno,2021-03-29,6004,432354,2016,199372,3449,220749,539,12233,2896,144612,3079,151290,3449,295902,California
Fresno,2021-03-30,11023,443377,4277,203649,5847,226596,899,13132,3826,142174,7164,158454,4726,300628,California
Fresno,2021-03-31,9739,453116,3397,207046,5342,231938,1000,14132,3664,140804,6027,164481,4657,305285,California
Fresno,2021-04-01,12249,465365,4224,211270,7152,239090,873,15005,4052,137593,8091,172572,4880,310165,California
Fresno,2021-04-02,12128,477493,4641,215911,6689,245779,798,15803,4275,134981,7689,180261,5077,315242,California
Fresno,2021-04-03,6423,483916,3529,219440,2630,248409,264,16067,2143,133163,4261,184522,2443,317685,California
Fresno,2021-04-04,1498,485414,538,219978,915,249324,45,16112,543,132807,945,185467,589,318274,California
Fresno,2021-04-05,8349,493763,4478,224456,3068,252392,803,16915,2442,130232,5890,191357,3315,321589,California
Fresno,2021-04-06,9656,503419,4046,228502,4417,256809,1193,18108,3552,128929,6064,197421,4761,326350,California
Fresno,2021-04-07,10647,514066,5515,234017,3916,260725,1216,19324,3541,126650,7061,204482,4782,331132,California
Fresno,2021-04-08,10992,525058,5184,239201,4644,265369,1164,20488,3454,123820,7487,211969,4657,335789,California
Fresno,2021-04-09,11734,536792,5463,244664,4866,270235,1405,21893,3682,120923,8003,219972,5106,340895,California
Fresno,2021-04-10,7937,544729,5175,249839,2234,272469,528,22421,3687,120905,4231,224203,4213,345108,California
Fresno,2021-04-11,1404,546133,939,250778,373,272842,92,22513,448,120495,951,225154,541,345649,California
Fresno,2021-04-12,7573,553706,4096,254874,2543,275385,934,23447,2414,118714,5127,230281,3346,348995,California
Fresno,2021-04-13,9045,562751,4321,259195,4653,280038,71,23518,3522,116917,5484,235765,3687,352682,California
Fresno,2021-04-14,9761,572512,5812,265007,3948,283986,1,23519,3788,114824,5929,241694,3836,356518,California
Fresno,2021-04-15,8531,581043,4246,269253,4282,288268,3,23522,3198,112726,5302,246996,3204,359722,California
Fresno,2021-04-16,9631,590674,4674,273927,4955,293223,2,23524,3913,110970,5676,252672,3920,363642,California
Fresno,2021-04-17,5670,596344,3790,277717,1880,295103,0,23524,2697,110719,2950,255622,2699,366341,California
Fresno,2021-04-18,1159,597503,683,278400,476,295579,0,23524,519,110603,635,256257,519,366860,California
Fresno,2021-04-19,5802,603305,3229,281629,2570,298149,3,23527,2264,109376,3497,259754,2270,369130,California
Fresno,2021-04-20,7226,610531,3692,285321,3525,301674,9,23536,2697,107581,4501,264255,2706,371836,California
Fresno,2021-04-21,6966,617497,4097,289418,2860,304534,9,23545,2880,106429,4044,268299,2892,374728,California
Fresno,2021-04-22,6574,624071,3349,292767,3224,307758,1,23546,2416,104752,4097,272396,2420,377148,California
Fresno,2021-04-23,7347,631418,4041,296808,3289,311047,17,23563,2803,103104,4456,276852,2808,379956,California
Fresno,2021-04-24,4173,635591,2490,299298,1683,312730,0,23563,1917,102778,2243,279095,1917,381873,California
Fresno,2021-04-25,1369,636960,552,299850,814,313544,3,23566,684,102786,679,279774,687,382560,California
Fresno,2021-04-26,4314,641274,2212,302062,2057,315601,45,23611,1822,102193,2460,282234,1867,384427,California
Fresno,2021-04-27,4933,646207,2530,304592,2277,317878,126,23737,1939,101286,2971,285205,2064,386491,California
Fresno,2021-04-28,4917,651124,2810,307402,1977,319855,130,23867,2064,100653,2828,288033,2195,388686,California
Fresno,2021-04-29,4907,656031,2758,310160,2009,321864,140,24007,1878,99670,2999,291032,2016,390702,California
Fresno,2021-04-30,5522,661553,3387,313547,2001,323865,134,24141,2216,98744,3275,294307,2349,393051,California
Fresno,2021-05-01,4201,665754,3468,317015,593,324458,140,24281,1234,97169,2947,297254,1372,394423,California
Fresno,2021-05-02,1251,667005,775,317790,425,324883,51,24332,615,97209,624,297878,664,395087,California
Fresno,2021-05-03,4054,671059,2703,320493,1158,326041,193,24525,1308,95987,2717,300595,1495,396582,California
Fresno,2021-05-04,4947,676006,2611,323104,2184,328225,152,24677,1573,94368,3346,303941,1727,398309,California
Fresno,2021-05-05,5367,681373,3408,326512,1731,329956,228,24905,1691,92633,3651,307592,1916,400225,California
Fresno,2021-05-06,4492,685865,2899,329411,1488,331444,105,25010,1560,91398,2900,310492,1665,401890,California
Fresno,2021-05-07,5090,690955,3359,332770,1564,333008,167,25177,1578,89651,3488,313980,1741,403631,California
Fresno,2021-05-08,4062,695017,2649,335419,1265,334273,148,25325,1253,88268,2785,316765,1402,405033,California
Fresno,2021-05-09,721,695738,393,335812,285,334558,43,25368,349,88294,366,317131,392,405425,California
Fresno,2021-05-10,2979,698717,1590,337402,1248,335806,141,25509,931,87329,2037,319168,1072,406497,California
Fresno,2021-05-11,3893,702610,2076,339478,1720,337526,97,25606,1257,86062,2621,321789,1354,407851,California
Fresno,2021-05-12,4151,706761,2713,342191,1274,338800,164,25770,1401,84905,2723,324512,1566,409417,California
Fresno,2021-05-13,4183,710944,2449,344640,1629,340429,105,25875,1858,84584,2285,326797,1964,411381,California
Fresno,2021-05-14,5112,716056,3079,347719,1849,342278,184,26059,2155,84000,2924,329721,2340,413721,California
Fresno,2021-05-15,3642,719698,2733,350452,778,343056,131,26190,1864,84227,1766,331487,1993,415714,California
Fresno,2021-05-16,1583,721281,1084,351536,465,343521,34,26224,919,84523,658,332145,954,416668,California
Fresno,2021-05-17,4183,725464,2829,354365,1191,344712,163,26387,2223,84976,1931,334076,2384,419052,California
Fresno,2021-05-18,4131,729595,2555,356920,1420,346132,156,26543,2082,85186,2025,336101,2235,421287,California
Fresno,2021-05-19,4358,733953,2768,359688,1413,347545,177,26720,2057,85142,2277,338378,2233,423520,California
Fresno,2021-05-20,4118,738071,2459,362147,1471,349016,188,26908,1873,84974,2227,340605,2059,425579,California
Fresno,2021-05-21,4594,742665,3002,365149,1497,350513,95,27003,2050,84604,2513,343118,2143,427722,California
Fresno,2021-05-22,3945,746610,2928,368077,844,351357,173,27176,2268,85384,1660,344778,2440,430162,California
Fresno,2021-05-23,957,747567,624,368701,303,351660,30,27206,470,85407,477,345255,500,430662,California
Fresno,2021-05-24,3307,750874,2101,370802,1091,352751,115,27321,1529,85298,1753,347008,1644,432306,California
Fresno,2021-05-25,3219,754093,1930,372732,1163,353914,126,27447,1349,84916,1856,348864,1474,433780,California
Fresno,2021-05-26,3255,757348,2148,374880,1000,354914,107,27554,1574,84936,1660,350524,1680,435460,California
Fresno,2021-05-27,3151,760499,1913,376793,1131,356045,107,27661,1314,84546,1812,352336,1422,436882,California
Fresno,2021-05-28,3445,763944,2216,379009,1134,357179,95,27756,1871,84962,1551,353887,1967,438849,California
Fresno,2021-05-29,2282,766226,1662,380671,550,357729,70,27826,1192,85145,1080,354967,1263,440112,California
Fresno,2021-05-30,892,767118,535,381206,321,358050,36,27862,412,85131,461,355428,447,440559,California
Fresno,2021-05-31,317,767435,158,381364,147,358197,12,27874,133,85095,179,355607,143,440702,California
Fresno,2021-06-01,3021,770456,1816,383180,1108,359305,97,27971,1142,84477,1856,357463,1238,441940,California
Fresno,2021-06-02,2671,773127,1721,384901,860,360165,90,28061,1062,84052,1579,359042,1154,443094,California
Fresno,2021-06-03,2957,776084,2026,386927,829,360994,102,28163,1108,83433,1827,360869,1208,444302,California
Fresno,2021-06-04,3242,779326,2351,389278,790,361784,101,28264,1068,82453,2150,363019,1170,445472,California
Fresno,2021-06-05,3125,782451,2311,391589,693,362477,121,28385,1224,81923,1873,364892,1343,446815,California
Fresno,2021-06-06,1179,783630,937,392526,204,362681,38,28423,347,81481,827,365719,385,447200,California
Fresno,2021-06-07,3093,786723,2428,394954,574,363255,91,28514,888,80277,2183,367902,979,448179,California
Fresno,2021-06-08,2765,789488,2037,396991,646,363901,82,28596,808,79221,1945,369847,889,449068,California
Fresno,2021-06-09,2943,792431,2197,399188,656,364557,90,28686,970,78326,1954,371801,1059,450127,California
Fresno,2021-06-10,2661,795092,1931,401119,660,365217,70,28756,919,77593,1721,373522,988,451115,California
Fresno,2021-06-11,3135,798227,2194,403313,831,366048,110,28866,1161,76927,1937,375459,1271,452386,California
Fresno,2021-06-12,2904,801131,2296,405609,443,366491,165,29031,777,75749,2115,377574,937,453323,California
Fresno,2021-06-13,714,801845,463,406072,234,366725,17,29048,197,75451,512,378086,214,453537,California
Fresno,2021-06-14,2505,804350,1823,407895,554,367279,128,29176,946,74985,1538,379624,1072,454609,California
Fresno,2021-06-15,2369,806719,1700,409595,593,367872,76,29252,931,74572,1419,381043,1006,455615,California
Fresno,2021-06-16,2633,809352,1889,411484,631,368503,113,29365,1037,74137,1583,382626,1148,456763,California
Fresno,2021-06-17,2260,811612,1580,413064,587,369090,93,29458,951,73884,1295,383921,1042,457805,California
Fresno,2021-06-18,3004,814616,2158,415222,729,369819,117,29575,1188,73393,1797,385718,1306,459111,California
Fresno,2021-06-19,1691,816307,1249,416471,365,370184,77,29652,582,72945,1105,386823,657,459768,California
Fresno,2021-06-20,499,816806,353,416824,135,370319,11,29663,192,72846,302,387125,203,459971,California
Fresno,2021-06-21,1624,818430,1083,417907,476,370795,65,29728,936,73173,674,387799,1001,460972,California
Fresno,2021-06-22,2170,820600,1500,419407,560,371355,110,29838,1004,73132,1152,388951,1111,462083,California
Fresno,2021-06-23,2056,822656,1472,420879,516,371871,68,29906,1010,73179,1029,389980,1076,463159,California
Fresno,2021-06-24,1997,824653,1411,422290,510,372381,76,29982,889,73053,1091,391071,965,464124,California
Fresno,2021-06-25,2057,826710,1440,423730,536,372917,81,30063,978,73050,1062,392133,1059,465183,California
Fresno,2021-06-26,1835,828545,1422,425152,313,373230,100,30163,715,72752,1113,393246,815,465998,California
Fresno,2021-06-27,914,829459,677,425829,138,373368,99,30262,466,72870,444,393690,562,466560,California
Fresno,2021-06-28,1606,831065,1223,427052,288,373656,95,30357,710,72787,885,394575,802,467362,California
Fresno,2021-06-29,1777,832842,1181,428233,519,374175,77,30434,798,72691,970,395545,874,468236,California
Fresno,2021-06-30,1696,834538,1158,429391,449,374624,89,30523,736,72572,945,396490,826,469062,California
Fresno,2021-07-01,1119,835657,806,430197,251,374875,62,30585,457,72439,650,397140,517,469579,California
Glenn,2020-12-17,1,1,1,1,0,0,0,0,1,1,0,0,1,1,California
Glenn,2020-12-19,1,2,1,2,0,0,0,0,1,2,0,0,1,2,California
Glenn,2020-12-20,1,3,1,3,0,0,0,0,1,3,0,0,1,3,California
Glenn,2020-12-21,12,15,12,15,0,0,0,0,12,15,0,0,12,15,California
Glenn,2020-12-22,59,74,59,74,0,0,0,0,59,74,0,0,59,74,California
Glenn,2020-12-23,28,102,28,102,0,0,0,0,28,102,0,0,28,102,California
Glenn,2020-12-24,9,111,9,111,0,0,0,0,9,111,0,0,9,111,California
Glenn,2020-12-26,2,113,2,113,0,0,0,0,2,113,0,0,2,113,California
Glenn,2020-12-27,4,117,4,117,0,0,0,0,4,117,0,0,4,117,California
Glenn,2020-12-28,21,138,21,138,0,0,0,0,21,138,0,0,21,138,California
Glenn,2020-12-29,83,221,83,221,0,0,0,0,83,221,0,0,83,221,California
Glenn,2020-12-30,129,350,106,327,23,23,0,0,129,350,0,0,129,350,California
Glenn,2020-12-31,38,388,9,336,29,52,0,0,38,388,0,0,38,388,California
Glenn,2021-01-02,3,391,3,339,0,52,0,0,3,391,0,0,3,391,California
Glenn,2021-01-04,7,398,5,344,2,54,0,0,7,398,0,0,7,398,California
Glenn,2021-01-05,9,407,8,352,1,55,0,0,9,407,0,0,9,407,California
Glenn,2021-01-06,60,467,8,360,52,107,0,0,60,467,0,0,60,467,California
Glenn,2021-01-07,67,534,12,372,55,162,0,0,65,530,2,2,65,532,California
Glenn,2021-01-08,12,546,9,381,3,165,0,0,12,542,0,2,12,544,California
Glenn,2021-01-10,1,547,1,382,0,165,0,0,0,541,1,3,0,544,California
Glenn,2021-01-11,30,577,30,412,0,165,0,0,12,535,18,21,12,556,California
Glenn,2021-01-12,42,619,37,449,5,170,0,0,14,521,28,49,14,570,California
Glenn,2021-01-13,221,840,158,607,63,233,0,0,176,652,45,94,176,746,California
Glenn,2021-01-14,119,959,30,637,89,322,0,0,109,751,10,104,109,855,California
Glenn,2021-01-15,40,999,33,670,7,329,0,0,35,781,5,109,35,890,California
Glenn,2021-01-16,33,1032,14,684,19,348,0,0,23,794,10,119,23,913,California
Glenn,2021-01-17,4,1036,2,686,2,350,0,0,2,794,2,121,2,915,California
Glenn,2021-01-18,17,1053,16,702,1,351,0,0,9,795,8,129,9,924,California
Glenn,2021-01-19,30,1083,20,722,10,361,0,0,13,791,17,146,13,937,California
Glenn,2021-01-20,164,1247,95,817,69,430,0,0,82,791,82,228,82,1019,California
Glenn,2021-01-21,124,1371,98,915,26,456,0,0,30,727,94,322,30,1049,California
Glenn,2021-01-22,340,1711,66,981,274,730,0,0,333,1053,7,329,333,1382,California
Glenn,2021-01-23,16,1727,9,990,7,737,0,0,13,1063,3,332,13,1395,California
Glenn,2021-01-24,2,1729,2,992,0,737,0,0,2,1065,0,332,2,1397,California
Glenn,2021-01-25,26,1755,8,1000,18,755,0,0,23,1085,3,335,23,1420,California
Glenn,2021-01-26,30,1785,14,1014,16,771,0,0,24,1103,6,341,24,1444,California
Glenn,2021-01-27,190,1975,13,1027,177,948,0,0,168,1249,22,363,168,1612,California
Glenn,2021-01-28,147,2122,8,1035,139,1087,0,0,117,1336,30,393,117,1729,California
Glenn,2021-01-29,297,2419,12,1047,285,1372,0,0,283,1605,14,407,283,2012,California
Glenn,2021-01-30,4,2423,0,1047,4,1376,0,0,4,1609,0,407,4,2016,California
Glenn,2021-01-31,1,2424,0,1047,1,1377,0,0,1,1610,0,407,1,2017,California
Glenn,2021-02-01,30,2454,11,1058,19,1396,0,0,18,1616,12,419,18,2035,California
Glenn,2021-02-02,32,2486,16,1074,16,1412,0,0,22,1628,10,429,22,2057,California
Glenn,2021-02-03,279,2765,126,1200,153,1565,0,0,133,1616,146,575,134,2191,California
Glenn,2021-02-04,85,2850,18,1218,67,1632,0,0,28,1587,57,632,28,2219,California
Glenn,2021-02-05,319,3169,24,1242,295,1927,0,0,299,1866,20,652,299,2518,California
Glenn,2021-02-06,14,3183,2,1244,12,1939,0,0,13,1878,1,653,13,2531,California
Glenn,2021-02-07,2,3185,2,1246,0,1939,0,0,2,1880,0,653,2,2533,California
Glenn,2021-02-08,21,3206,17,1263,4,1943,0,0,4,1867,17,670,4,2537,California
Glenn,2021-02-09,50,3256,20,1283,30,1973,0,0,37,1891,13,683,37,2574,California
Glenn,2021-02-10,143,3399,19,1302,124,2097,0,0,72,1892,71,754,72,2646,California
Glenn,2021-02-11,254,3653,153,1455,101,2198,0,0,171,1980,83,837,171,2817,California
Glenn,2021-02-12,419,4072,99,1554,320,2518,0,0,352,2265,67,904,352,3169,California
Glenn,2021-02-13,37,4109,9,1563,28,2546,0,0,17,2262,20,924,17,3186,California
Glenn,2021-02-14,1,4110,0,1563,1,2547,0,0,1,2263,0,924,1,3187,California
Glenn,2021-02-15,9,4119,0,1563,9,2556,0,0,8,2270,1,925,8,3195,California
Glenn,2021-02-16,44,4163,9,1572,35,2591,0,0,25,2276,19,944,25,3220,California
Glenn,2021-02-17,381,4544,14,1586,367,2958,0,0,303,2501,78,1022,303,3523,California
Glenn,2021-02-18,174,4718,139,1725,35,2993,0,0,149,2626,24,1046,149,3672,California
Glenn,2021-02-19,303,5021,17,1742,286,3279,0,0,29,2381,274,1320,29,3701,California
Glenn,2021-02-20,9,5030,0,1742,9,3288,0,0,1,2374,8,1328,1,3702,California
Glenn,2021-02-21,1,5031,1,1743,0,3288,0,0,1,2375,0,1328,1,3703,California
Glenn,2021-02-22,36,5067,17,1760,19,3307,0,0,18,2376,17,1345,18,3721,California
Glenn,2021-02-23,43,5110,11,1771,32,3339,0,0,30,2393,13,1358,30,3751,California
Glenn,2021-02-24,258,5368,48,1819,210,3549,0,0,50,2235,208,1566,50,3801,California
Glenn,2021-02-25,313,5681,199,2018,114,3663,0,0,200,2321,114,1680,200,4001,California
Glenn,2021-02-26,305,5986,24,2042,281,3944,0,0,20,2057,284,1964,20,4021,California
Glenn,2021-02-27,16,6002,6,2048,10,3954,0,0,6,2054,9,1973,6,4027,California
Glenn,2021-02-28,6,6008,3,2051,3,3957,0,0,3,2055,2,1975,3,4030,California
Glenn,2021-03-01,28,6036,6,2057,22,3979,0,0,13,2053,15,1990,13,4043,California
Glenn,2021-03-02,37,6073,7,2064,30,4009,0,0,18,2052,19,2009,18,4061,California
Glenn,2021-03-03,191,6264,37,2101,154,4163,0,0,100,2063,89,2098,100,4161,California
Glenn,2021-03-04,531,6795,186,2287,345,4508,0,0,362,2256,169,2267,362,4523,California
Glenn,2021-03-05,357,7152,49,2336,308,4816,0,0,35,1969,322,2589,35,4558,California
Glenn,2021-03-06,28,7180,4,2340,23,4839,1,1,11,1964,17,2606,12,4570,California
Glenn,2021-03-07,5,7185,0,2340,5,4844,0,1,3,1966,1,2607,3,4573,California
Glenn,2021-03-08,20,7205,2,2342,17,4861,1,2,18,1983,2,2609,19,4592,California
Glenn,2021-03-09,82,7287,12,2354,67,4928,3,5,53,2009,29,2638,55,4647,California
Glenn,2021-03-10,185,7472,77,2431,106,5034,2,7,101,2028,84,2722,103,4750,California
Glenn,2021-03-11,590,8062,176,2607,391,5425,23,30,417,2298,173,2895,443,5193,California
Glenn,2021-03-12,420,8482,14,2621,343,5768,63,93,41,2023,379,3274,104,5297,California
Glenn,2021-03-13,13,8495,1,2622,4,5772,8,101,1,2020,12,3286,9,5306,California
Glenn,2021-03-14,3,8498,1,2623,2,5774,0,101,1,2019,2,3288,1,5307,California
Glenn,2021-03-15,76,8574,15,2638,56,5830,5,106,59,2066,17,3305,64,5371,California
Glenn,2021-03-16,113,8687,34,2672,69,5899,10,116,69,2101,44,3349,79,5450,California
Glenn,2021-03-17,419,9106,99,2771,313,6212,7,123,114,1915,305,3654,119,5569,California
Glenn,2021-03-18,533,9639,228,2999,50,6262,255,378,77,1790,456,4110,331,5900,California
Glenn,2021-03-19,96,9735,16,3015,74,6336,6,384,75,1851,20,4130,81,5981,California
Glenn,2021-03-20,133,9868,2,3017,130,6466,1,385,130,1979,3,4133,131,6112,California
Glenn,2021-03-21,6,9874,5,3022,0,6466,1,386,3,1981,2,4135,4,6116,California
Glenn,2021-03-22,124,9998,55,3077,61,6527,8,394,104,2075,18,4153,112,6228,California
Glenn,2021-03-23,179,10177,67,3144,61,6588,51,445,104,2156,74,4227,155,6383,California
Glenn,2021-03-24,209,10386,100,3244,104,6692,5,450,131,2217,76,4303,137,6520,California
Glenn,2021-03-25,471,10857,230,3474,147,6839,94,544,343,2527,127,4430,437,6957,California
Glenn,2021-03-26,238,11095,37,3511,165,7004,36,580,187,2699,51,4481,223,7180,California
Glenn,2021-03-27,168,11263,22,3533,140,7144,6,586,154,2845,14,4495,160,7340,California
Glenn,2021-03-28,15,11278,10,3543,5,7149,0,586,10,2850,5,4500,10,7350,California
Glenn,2021-03-29,62,11340,20,3563,39,7188,3,589,47,2885,15,4515,50,7400,California
Glenn,2021-03-30,76,11416,43,3606,32,7220,1,590,44,2900,30,4545,45,7445,California
Glenn,2021-03-31,124,11540,35,3641,88,7308,1,591,54,2886,69,4614,55,7500,California
Glenn,2021-04-01,656,12196,189,3830,458,7766,9,600,236,2714,417,5031,245,7745,California
Glenn,2021-04-02,170,12366,26,3856,132,7898,12,612,133,2822,37,5068,145,7890,California
Glenn,2021-04-03,95,12461,4,3860,84,7982,7,619,84,2902,11,5079,91,7981,California
Glenn,2021-04-04,9,12470,3,3863,4,7986,2,621,5,2905,4,5083,7,7988,California
Glenn,2021-04-05,67,12537,26,3889,28,8014,13,634,30,2911,37,5120,43,8031,California
Glenn,2021-04-06,144,12681,52,3941,53,8067,39,673,37,2880,106,5226,75,8106,California
Glenn,2021-04-07,161,12842,47,3988,60,8127,54,727,75,2923,86,5312,129,8235,California
Glenn,2021-04-08,642,13484,188,4176,418,8545,36,763,138,2595,502,5814,174,8409,California
Glenn,2021-04-09,160,13644,57,4233,86,8631,17,780,102,2655,58,5872,118,8527,California
Glenn,2021-04-10,77,13721,1,4234,60,8691,16,796,58,2711,18,5890,74,8601,California
Glenn,2021-04-11,17,13738,8,4242,4,8695,5,801,7,2713,10,5900,12,8613,California
Glenn,2021-04-12,116,13854,26,4268,61,8756,29,830,21,2668,95,5995,50,8663,California
Glenn,2021-04-13,119,13973,64,4332,55,8811,0,830,30,2609,89,6084,30,8693,California
Glenn,2021-04-14,122,14095,46,4378,76,8887,0,830,67,2621,55,6139,67,8760,California
Glenn,2021-04-15,365,14460,276,4654,89,8976,0,830,124,2505,240,6379,124,8884,California
Glenn,2021-04-16,169,14629,42,4696,127,9103,0,830,79,2494,90,6469,79,8963,California
Glenn,2021-04-17,168,14797,17,4713,151,9254,0,830,29,2392,131,6600,29,8992,California
Glenn,2021-04-18,19,14816,6,4719,13,9267,0,830,15,2403,4,6604,15,9007,California
Glenn,2021-04-19,84,14900,17,4736,67,9334,0,830,23,2366,60,6664,23,9030,California
Glenn,2021-04-20,134,15034,90,4826,44,9378,0,830,55,2342,79,6743,55,9085,California
Glenn,2021-04-21,431,15465,328,5154,103,9481,0,830,291,2493,140,6883,291,9376,California
Glenn,2021-04-22,214,15679,54,5208,160,9641,0,830,38,2356,175,7058,38,9414,California
Glenn,2021-04-23,191,15870,36,5244,155,9796,0,830,49,2264,141,7199,49,9463,California
Glenn,2021-04-24,180,16050,32,5276,148,9944,0,830,30,2145,149,7348,30,9493,California
Glenn,2021-04-25,30,16080,18,5294,12,9956,0,830,22,2159,8,7356,22,9515,California
Glenn,2021-04-26,50,16130,14,5308,36,9992,0,830,19,2147,31,7387,19,9534,California
Glenn,2021-04-27,66,16196,50,5358,11,10003,5,835,34,2153,32,7419,38,9572,California
Glenn,2021-04-28,263,16459,184,5542,68,10071,11,846,132,2166,130,7549,143,9715,California
Glenn,2021-04-29,186,16645,27,5569,157,10228,2,848,40,2062,146,7695,42,9757,California
Glenn,2021-04-30,163,16808,42,5611,119,10347,2,850,40,1981,123,7818,42,9799,California
Glenn,2021-05-01,108,16916,13,5624,94,10441,1,851,26,1926,82,7900,27,9826,California
Glenn,2021-05-02,32,16948,14,5638,9,10450,9,860,15,1933,17,7917,24,9850,California
Glenn,2021-05-03,39,16987,24,5662,14,10464,1,861,14,1923,25,7942,15,9865,California
Glenn,2021-05-04,60,17047,36,5698,19,10483,5,866,28,1924,32,7974,33,9898,California
Glenn,2021-05-05,127,17174,39,5737,77,10560,11,877,52,1912,75,8049,63,9961,California
Glenn,2021-05-06,111,17285,41,5778,65,10625,5,882,40,1886,71,8120,45,10006,California
Glenn,2021-05-07,122,17407,36,5814,77,10702,9,891,30,1834,91,8211,39,10045,California
Glenn,2021-05-08,65,17472,12,5826,49,10751,4,895,21,1816,43,8254,25,10070,California
Glenn,2021-05-09,17,17489,11,5837,6,10757,0,895,11,1821,6,8260,11,10081,California
Glenn,2021-05-10,37,17526,15,5852,17,10774,5,900,13,1815,24,8284,18,10099,California
Glenn,2021-05-11,84,17610,59,5911,16,10790,9,909,17,1774,67,8351,26,10125,California
Glenn,2021-05-12,335,17945,252,6163,69,10859,14,923,50,1553,285,8636,64,10189,California
Glenn,2021-05-13,158,18103,59,6222,80,10939,19,942,64,1542,94,8730,83,10272,California
Glenn,2021-05-14,105,18208,24,6246,76,11015,5,947,34,1510,71,8801,39,10311,California
Glenn,2021-05-15,67,18275,40,6286,24,11039,3,950,32,1510,34,8835,34,10345,California
Glenn,2021-05-16,31,18306,18,6304,13,11052,0,950,9,1497,22,8857,9,10354,California
Glenn,2021-05-17,86,18392,61,6365,21,11073,4,954,60,1535,26,8883,64,10418,California
Glenn,2021-05-18,68,18460,50,6415,14,11087,4,958,22,1515,46,8929,26,10444,California
Glenn,2021-05-19,199,18659,118,6533,69,11156,12,970,73,1474,125,9054,84,10528,California
Glenn,2021-05-20,120,18779,79,6612,39,11195,2,972,80,1516,40,9094,82,10610,California
Glenn,2021-05-21,70,18849,26,6638,43,11238,1,973,28,1503,42,9136,29,10639,California
Glenn,2021-05-22,56,18905,24,6662,32,11270,0,973,29,1505,27,9163,29,10668,California
Glenn,2021-05-23,29,18934,16,6678,13,11283,0,973,12,1501,16,9179,12,10680,California
Glenn,2021-05-24,30,18964,11,6689,15,11298,4,977,11,1498,18,9197,15,10695,California
Glenn,2021-05-25,47,19011,35,6724,10,11308,2,979,23,1499,24,9221,25,10720,California
Glenn,2021-05-26,73,19084,14,6738,55,11363,4,983,25,1480,48,9269,29,10749,California
Glenn,2021-05-27,101,19185,62,6800,38,11401,1,984,47,1476,52,9321,48,10797,California
Glenn,2021-05-28,62,19247,18,6818,37,11438,7,991,32,1485,30,9351,39,10836,California
Glenn,2021-05-29,48,19295,11,6829,33,11471,4,995,21,1483,27,9378,25,10861,California
Glenn,2021-05-30,21,19316,13,6842,8,11479,0,995,8,1479,12,9390,8,10869,California
Glenn,2021-05-31,4,19320,0,6842,4,11483,0,995,0,1475,4,9394,0,10869,California
Glenn,2021-06-01,59,19379,34,6876,22,11505,3,998,24,1467,35,9429,27,10896,California
Glenn,2021-06-02,98,19477,49,6925,46,11551,3,1001,39,1450,59,9488,42,10938,California
Glenn,2021-06-03,75,19552,42,6967,26,11577,7,1008,18,1420,55,9543,25,10963,California
Glenn,2021-06-04,77,19629,37,7004,37,11614,3,1011,42,1430,35,9578,45,11008,California
Glenn,2021-06-05,55,19684,30,7034,22,11636,3,1014,17,1412,38,9616,20,11028,California
Glenn,2021-06-06,30,19714,27,7061,2,11638,1,1015,14,1412,15,9631,15,11043,California
Glenn,2021-06-07,68,19782,59,7120,7,11645,2,1017,13,1373,54,9685,15,11058,California
Glenn,2021-06-08,35,19817,19,7139,11,11656,5,1022,16,1375,19,9704,21,11079,California
Glenn,2021-06-09,64,19881,36,7175,21,11677,7,1029,31,1380,33,9737,38,11117,California
Glenn,2021-06-10,119,20000,88,7263,25,11702,6,1035,35,1337,84,9821,41,11158,California
Glenn,2021-06-11,88,20088,57,7320,28,11730,3,1038,25,1302,63,9884,28,11186,California
Glenn,2021-06-12,35,20123,19,7339,13,11743,3,1041,13,1296,22,9906,16,11202,California
Glenn,2021-06-13,11,20134,11,7350,0,11743,0,1041,5,1295,6,9912,5,11207,California
Glenn,2021-06-14,40,20174,27,7377,10,11753,3,1044,16,1291,23,9935,19,11226,California
Glenn,2021-06-15,49,20223,33,7410,15,11768,1,1045,23,1289,26,9961,24,11250,California
Glenn,2021-06-16,85,20308,50,7460,34,11802,1,1046,58,1323,25,9986,59,11309,California
Glenn,2021-06-17,61,20369,36,7496,21,11823,4,1050,7,1280,54,10040,11,11320,California
Glenn,2021-06-18,82,20451,44,7540,17,11840,21,1071,28,1275,54,10094,49,11369,California
Glenn,2021-06-19,42,20493,21,7561,21,11861,0,1071,24,1281,18,10112,24,11393,California
Glenn,2021-06-20,15,20508,11,7572,4,11865,0,1071,4,1274,11,10123,4,11397,California
Glenn,2021-06-21,26,20534,18,7590,6,11871,2,1073,19,1288,7,10130,21,11418,California
Glenn,2021-06-22,47,20581,32,7622,13,11884,2,1075,22,1288,24,10154,24,11442,California
Glenn,2021-06-23,54,20635,37,7659,14,11898,3,1078,28,1293,26,10180,31,11473,California
Glenn,2021-06-24,44,20679,27,7686,13,11911,4,1082,17,1287,27,10207,21,11494,California
Glenn,2021-06-25,68,20747,48,7734,19,11930,1,1083,32,1284,36,10243,33,11527,California
Glenn,2021-06-26,35,20782,20,7754,14,11944,1,1084,16,1282,19,10262,17,11544,California
Glenn,2021-06-27,17,20799,13,7767,4,11948,0,1084,4,1273,13,10275,4,11548,California
Glenn,2021-06-28,27,20826,23,7790,1,11949,3,1087,12,1272,15,10290,14,11562,California
Glenn,2021-06-29,33,20859,16,7806,12,11961,5,1092,11,1266,22,10312,16,11578,California
Glenn,2021-06-30,72,20931,50,7856,20,11981,2,1094,36,1268,36,10348,38,11616,California
Glenn,2021-07-01,25,20956,18,7874,6,11987,1,1095,9,1262,16,10364,10,11626,California
Humboldt,2020-12-15,3,3,3,3,0,0,0,0,3,3,0,0,3,3,California
Humboldt,2020-12-16,16,19,16,19,0,0,0,0,16,19,0,0,16,19,California
Humboldt,2020-12-17,119,138,119,138,0,0,0,0,119,138,0,0,119,138,California
Humboldt,2020-12-18,177,315,177,315,0,0,0,0,177,315,0,0,177,315,California
Humboldt,2020-12-19,10,325,10,325,0,0,0,0,10,325,0,0,10,325,California
Humboldt,2020-12-20,27,352,27,352,0,0,0,0,27,352,0,0,27,352,California
Humboldt,2020-12-21,167,519,167,519,0,0,0,0,167,519,0,0,167,519,California
Humboldt,2020-12-22,337,856,337,856,0,0,0,0,337,856,0,0,337,856,California
Humboldt,2020-12-23,322,1178,264,1120,58,58,0,0,324,1180,0,0,324,1180,California
Humboldt,2020-12-24,25,1203,2,1122,23,81,0,0,25,1205,0,0,25,1205,California
Humboldt,2020-12-25,2,1205,2,1124,0,81,0,0,2,1207,0,0,2,1207,California
Humboldt,2020-12-26,6,1211,5,1129,1,82,0,0,6,1213,0,0,6,1213,California
Humboldt,2020-12-28,207,1418,149,1278,58,140,0,0,207,1420,0,0,207,1420,California
Humboldt,2020-12-29,186,1604,125,1403,61,201,0,0,187,1607,0,0,187,1607,California
Humboldt,2020-12-30,235,1839,129,1532,106,307,0,0,235,1842,0,0,235,1842,California
Humboldt,2020-12-31,246,2085,81,1613,165,472,0,0,246,2088,0,0,246,2088,California
Humboldt,2021-01-01,3,2088,2,1615,1,473,0,0,3,2091,0,0,3,2091,California
Humboldt,2021-01-02,40,2128,2,1617,38,511,0,0,40,2131,0,0,40,2131,California
Humboldt,2021-01-04,219,2347,142,1759,77,588,0,0,220,2351,0,0,220,2351,California
Humboldt,2021-01-05,133,2480,21,1780,112,700,0,0,133,2483,1,1,133,2484,California
Humboldt,2021-01-06,314,2794,214,1994,100,800,0,0,240,2661,62,63,240,2724,California
Humboldt,2021-01-07,438,3232,326,2320,112,912,0,0,320,2880,101,164,320,3044,California
Humboldt,2021-01-08,426,3658,286,2606,140,1052,0,0,286,3032,134,298,286,3330,California
Humboldt,2021-01-09,67,3725,43,2649,24,1076,0,0,65,3096,2,300,66,3396,California
Humboldt,2021-01-10,84,3809,84,2733,0,1076,0,0,4,3020,80,380,4,3400,California
Humboldt,2021-01-11,292,4101,281,3014,11,1087,0,0,70,2872,218,598,70,3470,California
Humboldt,2021-01-12,504,4605,339,3353,165,1252,0,0,286,2962,196,794,286,3756,California
Humboldt,2021-01-13,501,5106,281,3634,220,1472,0,0,322,3109,176,970,323,4079,California
Humboldt,2021-01-14,558,5664,174,3808,384,1856,0,0,502,3556,56,1026,503,4582,California
Humboldt,2021-01-15,371,6035,28,3836,343,2199,0,0,353,3891,18,1044,353,4935,California
Humboldt,2021-01-16,169,6204,6,3842,163,2362,0,0,168,4058,1,1045,168,5103,California
Humboldt,2021-01-17,7,6211,4,3846,3,2365,0,0,7,4065,0,1045,7,5110,California
Humboldt,2021-01-18,305,6516,270,4116,35,2400,0,0,149,4058,156,1201,149,5259,California
Humboldt,2021-01-19,659,7175,400,4516,259,2659,0,0,529,4463,124,1325,529,5788,California
Humboldt,2021-01-20,950,8125,421,4937,529,3188,0,0,786,5095,156,1481,788,6576,California
Humboldt,2021-01-21,971,9096,260,5197,711,3899,0,0,928,5980,43,1524,928,7504,California
Humboldt,2021-01-22,689,9785,381,5578,308,4207,0,0,679,6650,10,1534,680,8184,California
Humboldt,2021-01-23,928,10713,283,5861,645,4852,0,0,919,7561,9,1543,920,9104,California
Humboldt,2021-01-24,228,10941,1,5862,227,5079,0,0,227,7787,1,1544,227,9331,California
Humboldt,2021-01-25,351,11292,234,6096,117,5196,0,0,154,7744,197,1741,154,9485,California
Humboldt,2021-01-26,543,11835,149,6245,394,5590,0,0,479,8159,64,1805,479,9964,California
Humboldt,2021-01-27,1272,13107,584,6829,688,6278,0,0,1199,9294,66,1871,1201,11165,California
Humboldt,2021-01-28,1466,14573,638,7467,828,7106,0,0,1324,10481,139,2010,1326,12491,California
Humboldt,2021-01-29,1164,15737,547,8014,617,7723,0,0,695,10707,469,2479,695,13186,California
Humboldt,2021-01-30,1028,16765,470,8484,558,8281,0,0,983,11646,45,2524,984,14170,California
Humboldt,2021-01-31,317,17082,315,8799,2,8283,0,0,316,11961,1,2525,316,14486,California
Humboldt,2021-02-01,321,17403,177,8976,144,8427,0,0,185,12010,136,2661,185,14671,California
Humboldt,2021-02-02,454,17857,79,9055,375,8802,0,0,349,12259,102,2763,351,15022,California
Humboldt,2021-02-03,678,18535,267,9322,411,9213,0,0,522,12625,156,2919,522,15544,California
Humboldt,2021-02-04,652,19187,260,9582,392,9605,0,0,444,12864,205,3124,444,15988,California
Humboldt,2021-02-05,827,20014,108,9690,719,10324,0,0,625,13288,201,3325,625,16613,California
Humboldt,2021-02-06,1082,21096,468,10158,614,10938,0,0,1033,14274,48,3373,1034,17647,California
Humboldt,2021-02-07,379,21475,8,10166,371,11309,0,0,374,14645,4,3377,375,18022,California
Humboldt,2021-02-08,339,21814,147,10313,192,11501,0,0,180,14667,158,3535,180,18202,California
Humboldt,2021-02-09,504,22318,228,10541,276,11777,0,0,177,14517,327,3862,177,18379,California
Humboldt,2021-02-10,565,22883,370,10911,195,11972,0,0,206,14369,354,4216,206,18585,California
Humboldt,2021-02-11,1322,24205,398,11309,924,12896,0,0,490,14033,828,5044,492,19077,California
Humboldt,2021-02-12,1168,25373,748,12057,420,13316,0,0,711,14288,456,5500,711,19788,California
Humboldt,2021-02-13,1550,26923,601,12658,949,14265,0,0,923,14587,625,6125,924,20712,California
Humboldt,2021-02-14,114,27037,5,12663,109,14374,0,0,110,14694,3,6128,110,20822,California
Humboldt,2021-02-15,294,27331,81,12744,213,14587,0,0,193,14787,100,6228,193,21015,California
Humboldt,2021-02-16,555,27886,124,12868,431,15018,0,0,253,14741,301,6529,255,21270,California
Humboldt,2021-02-17,455,28341,283,13151,172,15190,0,0,133,14553,321,6850,133,21403,California
Humboldt,2021-02-18,1029,29370,605,13756,424,15614,0,0,276,14079,750,7600,276,21679,California
Humboldt,2021-02-19,489,29859,441,14197,48,15662,0,0,92,13778,393,7993,92,21771,California
Humboldt,2021-02-20,1735,31594,1031,15228,704,16366,0,0,481,13011,1251,9244,484,22255,California
Humboldt,2021-02-21,495,32089,487,15715,8,16374,0,0,186,12889,309,9553,187,22442,California
Humboldt,2021-02-22,140,32229,95,15810,45,16419,0,0,29,12809,109,9662,29,22471,California
Humboldt,2021-02-23,185,32414,72,15882,113,16532,0,0,45,12716,138,9800,45,22516,California
Humboldt,2021-02-24,1247,33661,751,16633,496,17028,0,0,593,12657,652,10452,593,23109,California
Humboldt,2021-02-25,840,34501,320,16953,520,17548,0,0,232,12284,605,11057,232,23341,California
Humboldt,2021-02-26,2150,36651,107,17060,2043,19591,0,0,438,11017,1706,12763,439,23780,California
Humboldt,2021-02-27,1712,38363,1091,18151,621,20212,0,0,854,11019,856,13619,858,24638,California
Humboldt,2021-02-28,126,38489,11,18162,115,20327,0,0,118,11130,7,13626,118,24756,California
Humboldt,2021-03-01,262,38751,46,18208,216,20543,0,0,187,11243,74,13700,187,24943,California
Humboldt,2021-03-02,305,39056,51,18259,254,20797,0,0,166,11270,139,13839,166,25109,California
Humboldt,2021-03-03,1676,40732,1107,19366,569,21366,0,0,1224,12050,445,14284,1225,26334,California
Humboldt,2021-03-04,926,41658,114,19480,812,22178,0,0,300,11726,626,14910,302,26636,California
Humboldt,2021-03-05,948,42606,190,19670,747,22925,11,11,389,11570,556,15466,400,27036,California
Humboldt,2021-03-06,1798,44404,936,20606,813,23738,49,60,796,11414,1001,16467,845,27881,California
Humboldt,2021-03-07,369,44773,296,20902,54,23792,19,79,158,11380,211,16678,177,28058,California
Humboldt,2021-03-08,275,45048,6,20908,191,23983,78,157,180,11544,94,16772,258,28316,California
Humboldt,2021-03-09,501,45549,206,21114,147,24130,148,305,245,11682,254,17026,392,28708,California
Humboldt,2021-03-10,695,46244,468,21582,72,24202,155,460,420,11981,274,17300,573,29281,California
Humboldt,2021-03-11,1489,47733,460,22042,929,25131,100,560,657,11910,827,18127,756,30037,California
Humboldt,2021-03-12,1753,49486,1086,23128,444,25575,223,783,1055,12501,690,18817,1281,31318,California
Humboldt,2021-03-13,1586,51072,1038,24166,497,26072,51,834,672,12315,908,19725,722,32040,California
Humboldt,2021-03-14,143,51215,19,24185,116,26188,8,842,29,12238,114,19839,37,32077,California
Humboldt,2021-03-15,280,51495,52,24237,206,26394,22,864,60,12100,220,20059,82,32159,California
Humboldt,2021-03-16,639,52134,201,24438,176,26570,262,1126,262,12246,376,20435,522,32681,California
Humboldt,2021-03-17,732,52866,395,24833,229,26799,108,1234,340,12303,391,20826,448,33129,California
Humboldt,2021-03-18,1741,54607,1167,26000,531,27330,43,1277,1030,12671,705,21531,1073,34202,California
Humboldt,2021-03-19,1076,55683,61,26061,700,28030,315,1592,441,12793,633,22164,755,34957,California
Humboldt,2021-03-20,1385,57068,759,26820,612,28642,14,1606,425,12275,958,23122,440,35397,California
Humboldt,2021-03-21,252,57320,34,26854,189,28831,29,1635,207,12465,45,23167,235,35632,California
Humboldt,2021-03-22,118,57438,14,26868,54,28885,50,1685,62,12523,54,23221,112,35744,California
Humboldt,2021-03-23,413,57851,41,26909,329,29214,43,1728,320,12794,92,23313,363,36107,California
Humboldt,2021-03-24,1413,59264,389,27298,977,30191,47,1775,1037,13509,368,23681,1083,37190,California
Humboldt,2021-03-25,1843,61107,1214,28512,565,30756,64,1839,946,13623,895,24576,1009,38199,California
Humboldt,2021-03-26,2043,63150,441,28953,1545,32301,57,1896,1595,14832,442,25018,1651,39850,California
Humboldt,2021-03-27,2096,65246,1497,30450,425,32726,174,2070,1121,15156,971,25989,1295,41145,California
Humboldt,2021-03-28,268,65514,82,30532,114,32840,72,2142,81,15124,186,26175,154,41299,California
Humboldt,2021-03-29,468,65982,124,30656,248,33088,96,2238,198,15148,269,26444,293,41592,California
Humboldt,2021-03-30,946,66928,303,30959,529,33617,114,2352,561,15442,380,26824,674,42266,California
Humboldt,2021-03-31,1869,68797,522,31481,1249,34866,98,2450,1411,16498,454,27278,1510,43776,California
Humboldt,2021-04-01,2122,70919,711,32192,1318,36184,93,2543,1482,17441,632,27910,1575,45351,California
Humboldt,2021-04-02,1728,72647,1113,33305,508,36692,107,2650,620,17066,1102,29012,727,46078,California
Humboldt,2021-04-03,1672,74319,1512,34817,145,36837,15,2665,674,16767,988,30000,689,46767,California
Humboldt,2021-04-04,485,74804,372,35189,104,36941,9,2674,404,17100,80,30080,413,47180,California
Humboldt,2021-04-05,781,75585,466,35655,267,37208,48,2722,445,17260,333,30413,493,47673,California
Humboldt,2021-04-06,848,76433,319,35974,394,37602,135,2857,589,17729,253,30666,722,48395,California
Humboldt,2021-04-07,1501,77934,1067,37041,292,37894,142,2999,994,18361,504,31170,1136,49531,California
Humboldt,2021-04-08,1759,79693,1096,38137,504,38398,159,3158,743,18249,1014,32184,902,50433,California
Humboldt,2021-04-09,1445,81138,441,38578,849,39247,155,3313,1154,19261,290,32474,1302,51735,California
Humboldt,2021-04-10,944,82082,139,38717,630,39877,175,3488,743,19978,199,32673,916,52651,California
Humboldt,2021-04-11,646,82728,138,38855,36,39913,472,3960,128,20058,518,33191,598,53249,California
Humboldt,2021-04-12,443,83171,230,39085,86,39999,127,4087,282,20307,160,33351,409,53658,California
Humboldt,2021-04-13,594,83765,324,39409,265,40264,5,4092,558,20835,34,33385,562,54220,California
Humboldt,2021-04-14,1450,85215,1047,40456,403,40667,0,4092,1332,22050,117,33502,1332,55552,California
Humboldt,2021-04-15,1835,87050,1204,41660,627,41294,4,4096,1261,22758,555,34057,1263,56815,California
Humboldt,2021-04-16,1139,88189,522,42182,617,41911,0,4096,554,22730,582,34639,554,57369,California
Humboldt,2021-04-17,1859,90048,1536,43718,323,42234,0,4096,1050,22977,803,35442,1050,58419,California
Humboldt,2021-04-18,670,90718,354,44072,315,42549,1,4097,85,22483,579,36021,85,58504,California
Humboldt,2021-04-19,208,90926,86,44158,122,42671,0,4097,92,22461,114,36135,92,58596,California
Humboldt,2021-04-20,511,91437,140,44298,371,43042,0,4097,255,22461,255,36390,255,58851,California
Humboldt,2021-04-21,1123,92560,391,44689,732,43774,0,4097,456,22260,658,37048,457,59308,California
Humboldt,2021-04-22,900,93460,538,45227,361,44135,1,4098,457,22277,440,37488,457,59765,California
Humboldt,2021-04-23,2195,95655,312,45539,1883,46018,0,4098,339,20764,1852,39340,339,60104,California
Humboldt,2021-04-24,1105,96760,887,46426,213,46231,5,4103,364,20395,738,40078,369,60473,California
Humboldt,2021-04-25,377,97137,241,46667,136,46367,0,4103,194,20408,181,40259,194,60667,California
Humboldt,2021-04-26,391,97528,272,46939,115,46482,4,4107,110,20241,279,40538,112,60779,California
Humboldt,2021-04-27,777,98305,278,47217,470,46952,29,4136,154,19803,621,41159,183,60962,California
Humboldt,2021-04-28,1603,99908,843,48060,715,47667,45,4181,418,19084,1182,42341,463,61425,California
Humboldt,2021-04-29,1789,101697,635,48695,1116,48783,38,4219,299,17936,1485,43826,337,61762,California
Humboldt,2021-04-30,1303,103000,436,49131,833,49616,34,4253,205,17082,1091,44917,237,61999,California
Humboldt,2021-05-01,484,103484,387,49518,74,49690,23,4276,300,17222,183,45100,323,62322,California
Humboldt,2021-05-02,233,103717,186,49704,38,49728,9,4285,117,17233,115,45215,126,62448,California
Humboldt,2021-05-03,618,104335,375,50079,219,49947,24,4309,102,16846,514,45729,127,62575,California
Humboldt,2021-05-04,869,105204,522,50601,302,50249,45,4354,261,16546,605,46334,305,62880,California
Humboldt,2021-05-05,1741,106945,1116,51717,567,50816,58,4412,185,15240,1547,47881,241,63121,California
Humboldt,2021-05-06,1695,108640,1076,52793,367,51183,252,4664,141,14082,1551,49432,393,63514,California
Humboldt,2021-05-07,1436,110076,316,53109,1060,52243,60,4724,238,13183,1195,50627,296,63810,California
Humboldt,2021-05-08,743,110819,147,53256,573,52816,23,4747,90,12645,651,51278,113,63923,California
Humboldt,2021-05-09,906,111725,854,54110,42,52858,10,4757,47,11843,859,52137,57,63980,California
Humboldt,2021-05-10,218,111943,37,54147,142,53000,39,4796,82,11828,136,52273,121,64101,California
Humboldt,2021-05-11,536,112479,184,54331,279,53279,73,4869,204,11774,331,52604,277,64378,California
Humboldt,2021-05-12,621,113100,142,54473,433,53712,46,4915,226,11651,394,52998,271,64649,California
Humboldt,2021-05-13,630,113730,302,54775,301,54013,27,4942,289,11628,339,53337,316,64965,California
Humboldt,2021-05-14,711,114441,142,54917,465,54478,104,5046,233,11489,475,53812,336,65301,California
Humboldt,2021-05-15,787,115228,643,55560,135,54613,9,5055,212,11136,574,54386,221,65522,California
Humboldt,2021-05-16,122,115350,54,55614,64,54677,4,5059,68,11154,54,54440,72,65594,California
Humboldt,2021-05-17,410,115760,215,55829,172,54849,23,5082,225,11218,183,54623,247,65841,California
Humboldt,2021-05-18,664,116424,326,56155,309,55158,29,5111,361,11304,303,54926,389,66230,California
Humboldt,2021-05-19,988,117412,548,56703,397,55555,43,5154,340,11041,644,55570,381,66611,California
Humboldt,2021-05-20,828,118240,607,57310,208,55763,13,5167,593,11416,232,55802,607,67218,California
Humboldt,2021-05-21,878,119118,291,57601,526,56289,61,5228,351,11301,527,56329,412,67630,California
Humboldt,2021-05-22,415,119533,321,57922,86,56375,8,5236,147,11190,266,56595,155,67785,California
Humboldt,2021-05-23,393,119926,323,58245,67,56442,3,5239,75,10950,318,56913,78,67863,California
Humboldt,2021-05-24,337,120263,174,58419,134,56576,29,5268,182,11007,154,57067,211,68074,California
Humboldt,2021-05-25,529,120792,337,58756,168,56744,24,5292,287,11079,239,57306,311,68385,California
Humboldt,2021-05-26,648,121440,310,59066,314,57058,24,5316,309,11074,338,57644,333,68718,California
Humboldt,2021-05-27,465,121905,247,59313,181,57239,37,5353,276,11198,189,57833,313,69031,California
Humboldt,2021-05-28,410,122315,192,59505,171,57410,47,5400,168,11174,239,58072,215,69246,California
Humboldt,2021-05-29,172,122487,103,59608,66,57476,3,5403,91,11187,81,58153,94,69340,California
Humboldt,2021-05-30,104,122591,45,59653,54,57530,5,5408,49,11187,54,58207,54,69394,California
Humboldt,2021-05-31,73,122664,27,59680,40,57570,6,5414,49,11218,23,58230,54,69448,California
Humboldt,2021-06-01,462,123126,266,59946,181,57751,15,5429,186,11143,276,58506,201,69649,California
Humboldt,2021-06-02,533,123659,249,60195,230,57981,54,5483,237,11142,290,58796,289,69938,California
Humboldt,2021-06-03,391,124050,226,60421,143,58124,22,5505,85,10971,278,59074,107,70045,California
Humboldt,2021-06-04,507,124557,317,60738,166,58290,24,5529,133,10797,330,59404,156,70201,California
Humboldt,2021-06-05,408,124965,313,61051,50,58340,45,5574,205,10899,148,59552,250,70451,California
Humboldt,2021-06-06,171,125136,119,61170,43,58383,9,5583,70,10882,96,59648,79,70530,California
Humboldt,2021-06-07,360,125496,217,61387,119,58502,24,5607,111,10769,248,59896,135,70665,California
Humboldt,2021-06-08,521,126017,302,61689,190,58692,29,5636,151,10580,368,60264,179,70844,California
Humboldt,2021-06-09,397,126414,204,61893,146,58838,47,5683,125,10482,270,60534,172,71016,California
Humboldt,2021-06-10,564,126978,446,62339,91,58929,27,5710,94,10135,466,61000,119,71135,California
Humboldt,2021-06-11,437,127415,245,62584,164,59093,28,5738,99,9925,337,61337,127,71262,California
Humboldt,2021-06-12,178,127593,131,62715,47,59140,0,5738,48,9844,129,61466,48,71310,California
Humboldt,2021-06-13,214,127807,146,62861,43,59183,25,5763,92,9840,120,61586,116,71426,California
Humboldt,2021-06-14,417,128224,253,63114,137,59320,27,5790,114,9679,302,61888,141,71567,California
Humboldt,2021-06-15,544,128768,369,63483,147,59467,28,5818,154,9476,384,62272,181,71748,California
Humboldt,2021-06-16,484,129252,323,63806,114,59581,47,5865,141,9330,334,62606,188,71936,California
Humboldt,2021-06-17,397,129649,260,64066,91,59672,46,5911,98,9175,299,62905,144,72080,California
Humboldt,2021-06-18,398,130047,229,64295,140,59812,29,5940,130,9071,262,63167,158,72238,California
Humboldt,2021-06-19,202,130249,136,64431,45,59857,21,5961,87,9064,114,63281,107,72345,California
Humboldt,2021-06-20,80,130329,36,64467,30,59887,14,5975,33,9066,45,63326,47,72392,California
Humboldt,2021-06-21,153,130482,72,64539,54,59941,27,6002,53,9046,100,63426,80,72472,California
Humboldt,2021-06-22,349,130831,220,64759,110,60051,19,6021,144,9005,204,63630,163,72635,California
Humboldt,2021-06-23,353,131184,248,65007,74,60125,31,6052,106,8900,240,63870,135,72770,California
Humboldt,2021-06-24,210,131394,106,65113,49,60174,55,6107,88,8923,118,63988,141,72911,California
Humboldt,2021-06-25,255,131649,144,65257,96,60270,15,6122,104,8894,148,64136,119,73030,California
Humboldt,2021-06-26,251,131900,190,65447,38,60308,23,6145,64,8794,187,64323,87,73117,California
Humboldt,2021-06-27,73,131973,50,65497,21,60329,2,6147,26,8775,47,64370,28,73145,California
Humboldt,2021-06-28,155,132128,100,65597,27,60356,28,6175,68,8784,87,64457,96,73241,California
Humboldt,2021-06-29,262,132390,156,65753,73,60429,33,6208,87,8730,173,64630,119,73360,California
Humboldt,2021-06-30,221,132611,146,65899,55,60484,20,6228,93,8717,126,64756,113,73473,California
Humboldt,2021-07-01,101,132712,57,65956,30,60514,14,6242,44,8718,56,64812,57,73530,California
Imperial,2020-12-16,1,1,1,1,0,0,0,0,1,1,0,0,1,1,California
Imperial,2020-12-17,4,5,4,5,0,0,0,0,4,5,0,0,4,5,California
Imperial,2020-12-18,13,18,13,18,0,0,0,0,13,18,0,0,13,18,California
Imperial,2020-12-20,3,21,3,21,0,0,0,0,3,21,0,0,3,21,California
Imperial,2020-12-21,184,205,184,205,0,0,0,0,184,205,0,0,184,205,California
Imperial,2020-12-22,240,445,238,443,2,2,0,0,240,445,0,0,240,445,California
Imperial,2020-12-23,211,656,210,653,1,3,0,0,211,656,0,0,211,656,California
Imperial,2020-12-24,7,663,7,660,0,3,0,0,7,663,0,0,7,663,California
Imperial,2020-12-26,3,666,1,661,2,5,0,0,3,666,0,0,3,666,California
Imperial,2020-12-27,62,728,0,661,62,67,0,0,62,728,0,0,62,728,California
Imperial,2020-12-28,216,944,115,776,101,168,0,0,216,944,0,0,216,944,California
Imperial,2020-12-29,190,1134,37,813,153,321,0,0,190,1134,0,0,190,1134,California
Imperial,2020-12-30,367,1501,51,864,316,637,0,0,367,1501,0,0,367,1501,California
Imperial,2020-12-31,199,1700,28,892,171,808,0,0,199,1700,0,0,199,1700,California
Imperial,2021-01-01,47,1747,5,897,42,850,0,0,47,1747,0,0,47,1747,California
Imperial,2021-01-02,5,1752,0,897,5,855,0,0,5,1752,0,0,5,1752,California
Imperial,2021-01-03,90,1842,0,897,90,945,0,0,90,1842,0,0,90,1842,California
Imperial,2021-01-04,87,1929,7,904,80,1025,0,0,87,1929,0,0,87,1929,California
Imperial,2021-01-05,174,2103,14,918,160,1185,0,0,174,2103,0,0,174,2103,California
Imperial,2021-01-06,192,2295,26,944,166,1351,0,0,191,2293,1,1,191,2294,California
Imperial,2021-01-07,330,2625,12,956,318,1669,0,0,325,2613,5,6,325,2619,California
Imperial,2021-01-08,195,2820,51,1007,144,1813,0,0,186,2790,9,15,186,2805,California
Imperial,2021-01-09,24,2844,21,1028,3,1816,0,0,24,2814,0,15,24,2829,California
Imperial,2021-01-10,4,2848,1,1029,3,1819,0,0,3,2816,1,16,3,2832,California
Imperial,2021-01-11,403,3251,243,1272,160,1979,0,0,176,2765,227,243,176,3008,California
Imperial,2021-01-12,576,3827,468,1740,108,2087,0,0,314,2818,261,504,314,3322,California
Imperial,2021-01-13,386,4213,135,1875,251,2338,0,0,284,3000,102,606,284,3606,California
Imperial,2021-01-14,307,4520,190,2065,117,2455,0,0,301,3296,5,611,301,3907,California
Imperial,2021-01-15,247,4767,182,2247,65,2520,0,0,239,3527,8,619,239,4146,California
Imperial,2021-01-16,94,4861,74,2321,20,2540,0,0,93,3619,1,620,93,4239,California
Imperial,2021-01-17,18,4879,5,2326,13,2553,0,0,17,3635,1,621,17,4256,California
Imperial,2021-01-18,1073,5952,401,2727,672,3225,0,0,975,4513,98,719,976,5232,California
Imperial,2021-01-19,173,6125,130,2857,43,3268,0,0,126,4592,47,766,126,5358,California
Imperial,2021-01-20,300,6425,198,3055,102,3370,0,0,261,4814,39,805,261,5619,California
Imperial,2021-01-21,436,6861,185,3240,251,3621,0,0,414,5206,22,827,414,6033,California
Imperial,2021-01-22,476,7337,188,3428,288,3909,0,0,467,5664,9,836,467,6500,California
Imperial,2021-01-23,1063,8400,291,3719,772,4681,0,0,1061,6723,2,838,1061,7561,California
Imperial,2021-01-24,24,8424,2,3721,22,4703,0,0,24,6747,0,838,24,7585,California
Imperial,2021-01-25,224,8648,10,3731,214,4917,0,0,41,6607,181,1019,41,7626,California
Imperial,2021-01-26,376,9024,181,3912,195,5112,0,0,232,6697,143,1162,233,7859,California
Imperial,2021-01-27,589,9613,163,4075,426,5538,0,0,255,6618,334,1496,255,8114,California
Imperial,2021-01-28,654,10267,165,4240,489,6027,0,0,544,7052,110,1606,544,8658,California
Imperial,2021-01-29,446,10713,298,4538,148,6175,0,0,396,7398,50,1656,396,9054,California
Imperial,2021-01-30,81,10794,39,4577,42,6217,0,0,64,7445,17,1673,64,9118,California
Imperial,2021-01-31,27,10821,4,4581,23,6240,0,0,26,7470,1,1674,26,9144,California
Imperial,2021-02-01,466,11287,68,4649,398,6638,0,0,253,7512,211,1885,253,9397,California
Imperial,2021-02-02,764,12051,83,4732,681,7319,0,0,580,7908,184,2069,580,9977,California
Imperial,2021-02-03,623,12674,180,4912,443,7762,0,0,360,8007,261,2330,360,10337,California
Imperial,2021-02-04,1936,14610,1378,6290,558,8320,0,0,1496,9064,439,2769,1496,11833,California
Imperial,2021-02-05,456,15066,255,6545,201,8521,0,0,219,9047,238,3007,221,12054,California
Imperial,2021-02-06,889,15955,849,7394,40,8561,0,0,853,9862,38,3045,853,12907,California
Imperial,2021-02-07,48,16003,16,7410,32,8593,0,0,44,9902,4,3049,44,12951,California
Imperial,2021-02-08,275,16278,45,7455,230,8823,0,0,206,10039,69,3118,206,13157,California
Imperial,2021-02-09,490,16768,153,7608,337,9160,0,0,322,10196,168,3286,325,13482,California
Imperial,2021-02-10,479,17247,59,7667,420,9580,0,0,111,9942,368,3654,114,13596,California
Imperial,2021-02-11,1083,18330,387,8054,696,10276,0,0,180,9227,898,4552,183,13779,California
Imperial,2021-02-12,2184,20514,1438,9492,746,11022,0,0,1828,10702,359,4911,1834,15613,California
Imperial,2021-02-13,110,20624,57,9549,53,11075,0,0,92,10775,21,4932,94,15707,California
Imperial,2021-02-14,50,20674,34,9583,16,11091,0,0,47,10819,3,4935,47,15754,California
Imperial,2021-02-15,145,20819,37,9620,108,11199,0,0,127,10931,18,4953,130,15884,California
Imperial,2021-02-16,521,21340,264,9884,257,11456,0,0,303,11020,218,5171,307,16191,California
Imperial,2021-02-17,460,21800,303,10187,157,11613,0,0,104,10773,356,5527,109,16300,California
Imperial,2021-02-18,681,22481,328,10515,353,11966,0,0,160,10423,520,6047,170,16470,California
Imperial,2021-02-19,792,23273,400,10915,392,12358,0,0,207,10048,584,6631,209,16679,California
Imperial,2021-02-20,1062,24335,208,11123,854,13212,0,0,337,9672,723,7354,347,17026,California
Imperial,2021-02-21,613,24948,579,11702,34,13246,0,0,605,10273,7,7361,608,17634,California
Imperial,2021-02-22,845,25793,597,12299,248,13494,0,0,779,10992,65,7426,784,18418,California
Imperial,2021-02-23,1133,26926,532,12831,601,14095,0,0,963,11799,169,7595,976,19394,California
Imperial,2021-02-24,795,27721,354,13185,441,14536,0,0,669,12358,124,7719,683,20077,California
Imperial,2021-02-25,955,28676,421,13606,534,15070,0,0,538,12502,417,8136,561,20638,California
Imperial,2021-02-26,2369,31045,1409,15015,960,16030,0,0,1856,13868,512,8648,1878,22516,California
Imperial,2021-02-27,1010,32055,923,15938,87,16117,0,0,251,13379,760,9408,271,22787,California
Imperial,2021-02-28,109,32164,90,16028,19,16136,0,0,88,13457,21,9429,99,22886,California
Imperial,2021-03-01,587,32751,358,16386,226,16362,3,3,500,13888,83,9512,514,23400,California
Imperial,2021-03-02,777,33528,300,16686,476,16838,1,4,438,14003,337,9849,452,23852,California
Imperial,2021-03-03,1001,34529,96,16782,905,17743,0,4,606,14246,391,10240,634,24486,California
Imperial,2021-03-04,839,35368,151,16933,687,18430,1,5,547,14553,290,10530,597,25083,California
Imperial,2021-03-05,3168,38536,2268,19201,900,19330,0,5,1784,14981,1388,11918,1816,26899,California
Imperial,2021-03-06,818,39354,330,19531,488,19818,0,5,722,15636,93,12011,748,27647,California
Imperial,2021-03-07,158,39512,103,19634,55,19873,0,5,105,15714,52,12063,130,27777,California
Imperial,2021-03-08,500,40012,387,20021,77,19950,36,41,407,16098,93,12156,477,28254,California
Imperial,2021-03-09,746,40758,353,20374,144,20094,249,290,447,16497,299,12455,698,28952,California
Imperial,2021-03-10,832,41590,363,20737,285,20379,184,474,366,16595,465,12920,563,29515,California
Imperial,2021-03-11,1944,43534,527,21264,1147,21526,270,744,1237,17423,703,13623,1531,31046,California
Imperial,2021-03-12,4971,48505,3491,24755,1215,22741,265,1009,3154,19052,1811,15434,3440,34486,California
Imperial,2021-03-13,1235,49740,117,24872,884,23625,234,1243,893,19865,339,15773,1152,35638,California
Imperial,2021-03-14,216,49956,60,24932,142,23767,14,1257,156,19992,59,15832,186,35824,California
Imperial,2021-03-15,781,50737,267,25199,219,23986,295,1552,417,20362,361,16193,731,36555,California
Imperial,2021-03-16,1261,51998,372,25571,379,24365,510,2062,606,20856,652,16845,1146,37701,California
Imperial,2021-03-17,1718,53716,740,26311,793,25158,185,2247,1056,21451,655,17500,1250,38951,California
Imperial,2021-03-18,1901,55617,1251,27562,565,25723,85,2332,1307,22260,589,18089,1398,40349,California
Imperial,2021-03-19,3881,59498,2824,30386,1033,26756,24,2356,1954,22321,1920,20009,1981,42330,California
Imperial,2021-03-20,1828,61326,583,30969,1227,27983,18,2374,1349,23223,471,20480,1373,43703,California
Imperial,2021-03-21,292,61618,104,31073,183,28166,5,2379,165,23274,127,20607,178,43881,California
Imperial,2021-03-22,1110,62728,400,31473,703,28869,7,2386,647,23478,461,21068,665,44546,California
Imperial,2021-03-23,1545,64273,556,32029,983,29852,6,2392,964,23876,577,21645,975,45521,California
Imperial,2021-03-24,2212,66485,637,32666,1149,31001,426,2818,1190,24477,1018,22663,1619,47140,California
Imperial,2021-03-25,3307,69792,798,33464,889,31890,1620,4438,1248,25284,2053,24716,2860,50000,California
Imperial,2021-03-26,3291,73083,1252,34716,1038,32928,1001,5439,945,24901,2334,27050,1951,51951,California
Imperial,2021-03-27,685,73768,327,35043,291,33219,67,5506,451,25191,230,27280,520,52471,California
Imperial,2021-03-28,247,74015,79,35122,161,33380,7,5513,182,25318,63,27343,190,52661,California
Imperial,2021-03-29,1599,75614,392,35514,407,33787,800,6313,330,25185,1264,28607,1131,53792,California
Imperial,2021-03-30,2207,77821,726,36240,598,34385,883,7196,689,25239,1515,30122,1569,55361,California
Imperial,2021-03-31,1635,79456,768,37008,812,35197,55,7251,1025,25713,607,30729,1081,56442,California
Imperial,2021-04-01,2192,81648,467,37475,1400,36597,325,7576,887,25628,1297,32026,1212,57654,California
Imperial,2021-04-02,2251,83899,515,37990,1601,38198,135,7711,1446,26412,797,32823,1581,59235,California
Imperial,2021-04-03,1566,85465,460,38450,1018,39216,88,7799,714,26367,849,33672,804,60039,California
Imperial,2021-04-04,111,85576,67,38517,27,39243,17,7816,33,26340,78,33750,51,60090,California
Imperial,2021-04-05,3498,89074,2349,40866,925,40168,224,8040,812,24707,2675,36425,1042,61132,California
Imperial,2021-04-06,1436,90510,572,41438,603,40771,261,8301,697,24934,734,37159,961,62093,California
Imperial,2021-04-07,2282,92792,612,42050,1235,42006,435,8736,1577,26234,708,37867,2008,64101,California
Imperial,2021-04-08,2318,95110,1121,43171,843,42849,354,9090,1082,26437,1231,39098,1434,65535,California
Imperial,2021-04-09,3568,98678,1712,44883,1061,43910,795,9885,1576,26821,1982,41080,2366,67901,California
Imperial,2021-04-10,1398,100076,226,45109,849,44759,323,10208,245,26237,1149,42229,565,68466,California
Imperial,2021-04-11,253,100329,62,45171,158,44917,33,10241,84,26187,169,42398,119,68585,California
Imperial,2021-04-12,1486,101815,808,45979,457,45374,221,10462,830,26591,648,43046,1052,69637,California
Imperial,2021-04-13,2961,104776,1919,47898,1040,46414,2,10464,2033,27706,923,43969,2038,71675,California
Imperial,2021-04-14,2078,106854,983,48881,1095,47509,0,10464,1396,28431,676,44645,1401,73076,California
Imperial,2021-04-15,2043,108897,958,49839,1085,48594,0,10464,1369,29137,669,45314,1375,74451,California
Imperial,2021-04-16,3558,112455,1823,51662,1735,50329,0,10464,2227,30051,1316,46630,2230,76681,California
Imperial,2021-04-17,1887,114342,957,52619,928,51257,2,10466,1458,31088,424,47054,1461,78142,California
Imperial,2021-04-18,274,114616,85,52704,189,51446,0,10466,92,31003,180,47234,95,78237,California
Imperial,2021-04-19,852,115468,270,52974,582,52028,0,10466,421,31001,428,47662,426,78663,California
Imperial,2021-04-20,1392,116860,554,53528,838,52866,0,10466,777,31168,613,48275,780,79443,California
Imperial,2021-04-21,1476,118336,380,53908,1095,53961,1,10467,843,31385,626,48901,843,80286,California
Imperial,2021-04-22,2432,120768,830,54738,1602,55563,0,10467,1673,32317,743,49644,1675,81961,California
Imperial,2021-04-23,2871,123639,551,55289,2320,57883,0,10467,1110,31702,1729,51373,1114,83075,California
Imperial,2021-04-24,592,124231,326,55615,266,58149,0,10467,234,31581,355,51728,234,83309,California
Imperial,2021-04-25,273,124504,103,55718,170,58319,0,10467,132,31574,139,51867,132,83441,California
Imperial,2021-04-26,1239,125743,483,56201,751,59070,5,10472,710,31767,522,52389,715,84156,California
Imperial,2021-04-27,1164,126907,371,56572,782,59852,11,10483,590,31801,568,52957,602,84758,California
Imperial,2021-04-28,1541,128448,652,57224,856,60708,33,10516,709,31718,825,53782,742,85500,California
Imperial,2021-04-29,1886,130334,866,58090,972,61680,48,10564,849,31592,1025,54807,899,86399,California
Imperial,2021-04-30,3330,133664,1689,59779,1603,63283,38,10602,1613,31538,1705,56512,1651,88050,California
Imperial,2021-05-01,370,134034,129,59908,238,63521,3,10605,195,31565,173,56685,200,88250,California
Imperial,2021-05-02,92,134126,29,59937,56,63577,7,10612,41,31563,51,56736,49,88299,California
Imperial,2021-05-03,1645,135771,546,60483,1050,64627,49,10661,368,30715,1264,58000,416,88715,California
Imperial,2021-05-04,1818,137589,969,61452,822,65449,27,10688,591,30114,1219,59219,618,89333,California
Imperial,2021-05-05,1555,139144,911,62363,624,66073,20,10708,475,29542,1068,60287,496,89829,California
Imperial,2021-05-06,1746,140890,1140,63503,564,66637,42,10750,564,28974,1176,61463,608,90437,California
Imperial,2021-05-07,2646,143536,1454,64957,1135,67772,57,10807,899,28206,1727,63190,959,91396,California
Imperial,2021-05-08,817,144353,649,65606,159,67931,9,10816,211,27827,599,63789,220,91616,California
Imperial,2021-05-09,102,144455,70,65676,31,67962,1,10817,29,27787,70,63859,30,91646,California
Imperial,2021-05-10,1182,145637,303,65979,755,68717,124,10941,361,27457,813,64672,483,92129,California
Imperial,2021-05-11,1523,147160,477,66456,1025,69742,21,10962,536,27040,979,65651,562,92691,California
Imperial,2021-05-12,903,148063,282,66738,581,70323,40,11002,342,26865,556,66207,381,93072,California
Imperial,2021-05-13,1910,149973,1257,67995,581,70904,72,11074,862,26760,1037,67244,932,94004,California
Imperial,2021-05-14,1824,151797,973,68968,789,71693,62,11136,1186,27382,626,67870,1248,95252,California
Imperial,2021-05-15,1282,153079,482,69450,778,72471,22,11158,485,27099,791,68661,508,95760,California
Imperial,2021-05-16,128,153207,87,69537,37,72508,4,11162,54,27084,73,68734,58,95818,California
Imperial,2021-05-17,1982,155189,725,70262,1206,73714,51,11213,692,26544,1283,70017,743,96561,California
Imperial,2021-05-18,1783,156972,895,71157,812,74526,76,11289,968,26782,807,70824,1045,97606,California
Imperial,2021-05-19,1366,158338,624,71781,673,75199,69,11358,637,26767,720,71544,705,98311,California
Imperial,2021-05-20,1778,160116,1018,72799,682,75881,78,11436,773,26626,992,72536,851,99162,California
Imperial,2021-05-21,1985,162101,1242,74041,679,76560,64,11500,1001,26720,971,73507,1065,100227,California
Imperial,2021-05-22,358,162459,194,74235,140,76700,24,11524,172,26736,180,73687,196,100423,California
Imperial,2021-05-23,95,162554,35,74270,51,76751,9,11533,33,26718,60,73747,42,100465,California
Imperial,2021-05-24,1285,163839,630,74900,595,77346,60,11593,531,26561,747,74494,590,101055,California
Imperial,2021-05-25,1559,165398,488,75388,1023,78369,48,11641,565,26192,983,75477,614,101669,California
Imperial,2021-05-26,1133,166531,580,75968,495,78864,58,11699,504,26129,624,76101,561,102230,California
Imperial,2021-05-27,1409,167940,754,76722,582,79446,73,11772,695,26188,709,76810,768,102998,California
Imperial,2021-05-28,1122,169062,610,77332,420,79866,92,11864,413,25998,696,77506,506,103504,California
Imperial,2021-05-29,348,169410,152,77484,155,80021,41,11905,161,26013,187,77693,202,103706,California
Imperial,2021-05-30,99,169509,30,77514,67,80088,2,11907,68,26052,31,77724,70,103776,California
Imperial,2021-05-31,80,169589,20,77534,53,80141,7,11914,36,26051,44,77768,43,103819,California
Imperial,2021-06-01,1316,170905,575,78109,622,80763,119,12033,499,25861,809,78577,619,104438,California
Imperial,2021-06-02,1199,172104,620,78729,457,81220,122,12155,599,25989,591,79168,719,105157,California
Imperial,2021-06-03,1363,173467,755,79484,470,81690,138,12293,633,26036,724,79892,771,105928,California
Imperial,2021-06-04,2494,175961,1734,81218,601,82291,159,12452,1033,25778,1449,81341,1191,107119,California
Imperial,2021-06-05,460,176421,258,81476,144,82435,58,12510,215,25811,240,81581,273,107392,California
Imperial,2021-06-06,81,176502,47,81523,22,82457,12,12522,45,25832,36,81617,57,107449,California
Imperial,2021-06-07,1008,177510,657,82180,285,82742,66,12588,479,25851,526,82143,545,107994,California
Imperial,2021-06-08,1452,178962,1044,83224,322,83064,86,12674,580,25648,867,83010,664,108658,California
Imperial,2021-06-09,1130,180092,782,84006,272,83336,76,12750,513,25626,610,83620,588,109246,California
Imperial,2021-06-10,1217,181309,789,84795,354,83690,74,12824,463,25412,750,84370,536,109782,California
Imperial,2021-06-11,1710,183019,1199,85994,443,84133,68,12892,739,25262,957,85327,807,110589,California
Imperial,2021-06-12,309,183328,141,86135,137,84270,31,12923,138,25262,169,85496,169,110758,California
Imperial,2021-06-13,85,183413,23,86158,60,84330,2,12925,54,25289,30,85526,57,110815,California
Imperial,2021-06-14,867,184280,611,86769,212,84542,44,12969,372,25214,491,86017,416,111231,California
Imperial,2021-06-15,1083,185363,750,87519,285,84827,48,13017,486,25160,589,86606,535,111766,California
Imperial,2021-06-16,1022,186385,651,88170,301,85128,70,13087,484,25181,534,87140,555,112321,California
Imperial,2021-06-17,1108,187493,781,88951,267,85395,60,13147,485,25106,618,87758,543,112864,California
Imperial,2021-06-18,1177,188670,822,89773,285,85680,70,13217,723,25456,442,88200,792,113656,California
Imperial,2021-06-19,345,189015,213,89986,117,85797,15,13232,172,25471,172,88372,187,113843,California
Imperial,2021-06-20,63,189078,30,90016,29,85826,4,13236,24,25460,39,88411,28,113871,California
Imperial,2021-06-21,679,189757,414,90430,227,86053,38,13274,417,25662,255,88666,457,114328,California
Imperial,2021-06-22,1165,190922,804,91234,311,86364,50,13324,630,25816,527,89193,681,115009,California
Imperial,2021-06-23,1138,192060,777,92011,300,86664,61,13385,617,25982,511,89704,677,115686,California
Imperial,2021-06-24,1047,193107,709,92720,290,86954,48,13433,537,26062,505,90209,585,116271,California
Imperial,2021-06-25,1394,194501,1042,93762,290,87244,62,13495,599,25941,782,90991,661,116932,California
Imperial,2021-06-26,249,194750,153,93915,87,87331,9,13504,82,25867,165,91156,91,117023,California
Imperial,2021-06-27,123,194873,60,93975,58,87389,5,13509,51,25850,72,91228,55,117078,California
Imperial,2021-06-28,642,195515,463,94438,157,87546,22,13531,335,25904,302,91530,356,117434,California
Imperial,2021-06-29,804,196319,589,95027,171,87717,44,13575,376,25900,425,91955,421,117855,California
Imperial,2021-06-30,840,197159,540,95567,277,87994,23,13598,345,25779,491,92446,370,118225,California
Imperial,2021-07-01,667,197826,521,96088,130,88124,16,13614,331,25797,329,92775,347,118572,California
Inyo,2020-12-19,85,85,85,85,0,0,0,0,85,85,0,0,85,85,California
Inyo,2020-12-20,58,143,58,143,0,0,0,0,58,143,0,0,58,143,California
Inyo,2020-12-21,88,231,85,228,3,3,0,0,88,231,0,0,88,231,California
Inyo,2020-12-22,105,336,105,333,0,3,0,0,105,336,0,0,105,336,California
Inyo,2020-12-23,70,406,67,400,3,6,0,0,70,406,0,0,70,406,California
Inyo,2020-12-24,15,421,15,415,0,6,0,0,15,421,0,0,15,421,California
Inyo,2020-12-25,1,422,0,415,1,7,0,0,1,422,0,0,1,422,California
Inyo,2020-12-26,74,496,74,489,0,7,0,0,74,496,0,0,74,496,California
Inyo,2020-12-28,49,545,37,526,12,19,0,0,49,545,0,0,49,545,California
Inyo,2020-12-29,19,564,19,545,0,19,0,0,19,564,0,0,19,564,California
Inyo,2020-12-30,56,620,54,599,2,21,0,0,56,620,0,0,56,620,California
Inyo,2020-12-31,29,649,0,599,29,50,0,0,29,649,0,0,29,649,California
Inyo,2021-01-01,1,650,0,599,1,51,0,0,1,650,0,0,1,650,California
Inyo,2021-01-03,1,651,0,599,1,52,0,0,1,651,0,0,1,651,California
Inyo,2021-01-04,4,655,1,600,3,55,0,0,4,655,0,0,4,655,California
Inyo,2021-01-05,34,689,0,600,34,89,0,0,34,689,0,0,34,689,California
Inyo,2021-01-06,68,757,0,600,68,157,0,0,68,757,0,0,68,757,California
Inyo,2021-01-07,31,788,1,601,30,187,0,0,31,788,0,0,31,788,California
Inyo,2021-01-08,9,797,8,609,1,188,0,0,4,788,5,5,5,793,California
Inyo,2021-01-09,87,884,86,695,1,189,0,0,1,703,86,91,1,794,California
Inyo,2021-01-10,52,936,52,747,0,189,0,0,0,651,52,143,0,794,California
Inyo,2021-01-11,97,1033,82,829,15,204,0,0,16,586,81,224,16,810,California
Inyo,2021-01-12,138,1171,117,946,21,225,0,0,28,504,110,334,28,838,California
Inyo,2021-01-13,86,1257,68,1014,18,243,0,0,21,461,65,399,22,860,California
Inyo,2021-01-14,59,1316,13,1027,46,289,0,0,49,500,10,409,49,909,California
Inyo,2021-01-15,163,1479,28,1055,135,424,0,0,163,663,0,409,163,1072,California
Inyo,2021-01-16,74,1553,73,1128,1,425,0,0,1,591,73,482,1,1073,California
Inyo,2021-01-18,59,1612,37,1165,22,447,0,0,19,570,40,522,19,1092,California
Inyo,2021-01-19,116,1728,74,1239,42,489,0,0,99,652,17,539,99,1191,California
Inyo,2021-01-20,148,1876,71,1310,77,566,0,0,93,690,55,594,93,1284,California
Inyo,2021-01-21,120,1996,57,1367,63,629,0,0,119,808,1,595,119,1403,California
Inyo,2021-01-22,63,2059,0,1367,63,692,0,0,61,867,2,597,61,1464,California
Inyo,2021-01-23,54,2113,52,1419,2,694,0,0,53,920,0,597,53,1517,California
Inyo,2021-01-25,49,2162,6,1425,43,737,0,0,37,945,12,609,37,1554,California
Inyo,2021-01-26,136,2298,55,1480,81,818,0,0,130,1069,6,615,130,1684,California
Inyo,2021-01-27,24,2322,2,1482,22,840,0,0,23,1091,1,616,23,1707,California
Inyo,2021-01-28,92,2414,2,1484,90,930,0,0,63,1125,29,645,63,1770,California
Inyo,2021-01-29,25,2439,3,1487,22,952,0,0,23,1146,2,647,23,1793,California
Inyo,2021-01-30,11,2450,1,1488,10,962,0,0,11,1157,0,647,11,1804,California
Inyo,2021-01-31,32,2482,4,1492,28,990,0,0,4,1133,28,675,4,1808,California
Inyo,2021-02-01,11,2493,10,1502,1,991,0,0,1,1124,10,685,1,1809,California
Inyo,2021-02-02,130,2623,14,1516,116,1107,0,0,104,1202,26,711,104,1913,California
Inyo,2021-02-03,118,2741,0,1516,118,1225,0,0,74,1232,44,755,74,1987,California
Inyo,2021-02-04,152,2893,34,1550,118,1343,0,0,91,1263,61,816,92,2079,California
Inyo,2021-02-05,118,3011,62,1612,56,1399,0,0,116,1377,2,818,116,2195,California
Inyo,2021-02-06,5,3016,3,1615,2,1401,0,0,3,1379,1,819,3,2198,California
Inyo,2021-02-07,4,3020,2,1617,2,1403,0,0,4,1383,0,819,4,2202,California
Inyo,2021-02-08,117,3137,7,1624,110,1513,0,0,97,1460,20,839,97,2299,California
Inyo,2021-02-09,201,3338,52,1676,149,1662,0,0,128,1515,73,912,128,2427,California
Inyo,2021-02-10,140,3478,16,1692,124,1786,0,0,107,1589,33,945,107,2534,California
Inyo,2021-02-11,222,3700,57,1749,165,1951,0,0,126,1619,96,1041,126,2660,California
Inyo,2021-02-12,303,4003,52,1801,251,2202,0,0,168,1653,134,1175,168,2828,California
Inyo,2021-02-13,59,4062,54,1855,5,2207,0,0,7,1608,52,1227,7,2835,California
Inyo,2021-02-14,2,4064,0,1855,2,2209,0,0,2,1610,0,1227,2,2837,California
Inyo,2021-02-15,29,4093,9,1864,20,2229,0,0,5,1591,24,1251,5,2842,California
Inyo,2021-02-16,184,4277,54,1918,130,2359,0,0,92,1594,89,1340,92,2934,California
Inyo,2021-02-17,38,4315,4,1922,34,2393,0,0,8,1572,30,1370,8,2942,California
Inyo,2021-02-18,122,4437,6,1928,116,2509,0,0,79,1608,43,1413,79,3021,California
Inyo,2021-02-19,53,4490,4,1932,49,2558,0,0,10,1575,43,1456,10,3031,California
Inyo,2021-02-20,513,5003,507,2439,6,2564,0,0,509,2081,3,1459,509,3540,California
Inyo,2021-02-21,446,5449,446,2885,0,2564,0,0,445,2526,0,1459,445,3985,California
Inyo,2021-02-22,62,5511,19,2904,43,2607,0,0,27,2518,35,1494,27,4012,California
Inyo,2021-02-23,200,5711,19,2923,181,2788,0,0,94,2508,104,1598,94,4106,California
Inyo,2021-02-24,118,5829,0,2923,118,2906,0,0,57,2504,61,1659,57,4163,California
Inyo,2021-02-25,132,5961,5,2928,127,3033,0,0,62,2496,70,1729,62,4225,California
Inyo,2021-02-26,105,6066,61,2989,44,3077,0,0,20,2431,85,1814,20,4245,California
Inyo,2021-02-27,14,6080,3,2992,11,3088,0,0,2,2421,12,1826,2,4247,California
Inyo,2021-02-28,3,6083,1,2993,2,3090,0,0,2,2422,1,1827,2,4249,California
Inyo,2021-03-01,19,6102,2,2995,17,3107,0,0,17,2437,2,1829,17,4266,California
Inyo,2021-03-02,197,6299,1,2996,196,3303,0,0,112,2464,85,1914,112,4378,California
Inyo,2021-03-03,87,6386,4,3000,83,3386,0,0,42,2462,44,1958,42,4420,California
Inyo,2021-03-04,127,6513,3,3003,124,3510,0,0,45,2426,81,2039,45,4465,California
Inyo,2021-03-05,146,6659,57,3060,89,3599,0,0,42,2364,104,2143,42,4507,California
Inyo,2021-03-06,30,6689,1,3061,29,3628,0,0,29,2392,1,2144,29,4536,California
Inyo,2021-03-07,7,6696,4,3065,3,3631,0,0,5,2395,2,2146,5,4541,California
Inyo,2021-03-08,184,6880,5,3070,179,3810,0,0,91,2393,93,2239,91,4632,California
Inyo,2021-03-09,191,7071,3,3073,188,3998,0,0,74,2350,117,2356,74,4706,California
Inyo,2021-03-10,71,7142,8,3081,62,4060,1,1,30,2340,41,2397,31,4737,California
Inyo,2021-03-11,205,7347,1,3082,199,4259,5,6,74,2288,131,2528,79,4816,California
Inyo,2021-03-12,178,7525,5,3087,167,4426,6,12,77,2271,100,2628,83,4899,California
Inyo,2021-03-13,584,8109,549,3636,25,4451,10,22,70,1839,512,3140,80,4979,California
Inyo,2021-03-14,441,8550,440,4076,1,4452,0,22,2,1403,438,3578,2,4981,California
Inyo,2021-03-15,51,8601,15,4091,34,4486,2,24,30,1414,21,3599,32,5013,California
Inyo,2021-03-16,165,8766,4,4095,155,4641,6,30,64,1385,99,3698,70,5083,California
Inyo,2021-03-17,108,8874,3,4098,98,4739,7,37,92,1468,16,3714,99,5182,California
Inyo,2021-03-18,185,9059,16,4114,162,4901,7,44,104,1498,81,3795,111,5293,California
Inyo,2021-03-19,47,9106,5,4119,38,4939,4,48,36,1528,10,3805,40,5333,California
Inyo,2021-03-20,20,9126,1,4120,10,4949,9,57,1,1519,19,3824,10,5343,California
Inyo,2021-03-22,59,9185,3,4123,51,5000,5,62,39,1543,20,3844,44,5387,California
Inyo,2021-03-23,195,9380,4,4127,187,5187,4,66,105,1562,90,3934,109,5496,California
Inyo,2021-03-24,141,9521,3,4130,133,5320,5,71,86,1598,55,3989,91,5587,California
Inyo,2021-03-25,330,9851,110,4240,217,5537,3,74,264,1799,66,4055,267,5854,California
Inyo,2021-03-26,92,9943,3,4243,85,5622,4,78,71,1853,21,4076,75,5929,California
Inyo,2021-03-27,53,9996,45,4288,5,5627,3,81,47,1897,6,4082,50,5979,California
Inyo,2021-03-28,4,10000,1,4289,2,5629,1,82,1,1896,3,4085,2,5981,California
Inyo,2021-03-29,109,10109,2,4291,102,5731,5,87,82,1957,26,4111,87,6068,California
Inyo,2021-03-30,221,10330,2,4293,214,5945,5,92,109,1959,112,4223,114,6182,California
Inyo,2021-03-31,150,10480,4,4297,141,6086,5,97,107,2029,43,4266,113,6295,California
Inyo,2021-04-01,166,10646,3,4300,162,6248,1,98,117,2098,49,4315,118,6413,California
Inyo,2021-04-02,80,10726,1,4301,77,6325,2,100,49,2118,31,4346,51,6464,California
Inyo,2021-04-03,92,10818,46,4347,32,6357,14,114,4,2049,86,4432,17,6481,California
Inyo,2021-04-04,5,10823,4,4351,0,6357,1,115,1,2047,4,4436,2,6483,California
Inyo,2021-04-05,117,10940,1,4352,112,6469,4,119,29,1992,88,4524,33,6516,California
Inyo,2021-04-06,237,11177,5,4357,169,6638,63,182,105,2028,132,4656,168,6684,California
Inyo,2021-04-07,204,11381,1,4358,76,6714,127,309,47,2044,158,4814,174,6858,California
Inyo,2021-04-08,182,11563,15,4373,150,6864,17,326,82,2043,100,4914,99,6957,California
Inyo,2021-04-09,125,11688,7,4380,95,6959,23,349,37,2016,87,5001,60,7017,California
Inyo,2021-04-10,42,11730,1,4381,24,6983,17,366,3,1997,39,5040,20,7037,California
Inyo,2021-04-11,1,11731,0,4381,1,6984,0,366,1,1998,0,5040,1,7038,California
Inyo,2021-04-12,79,11810,0,4381,74,7058,5,371,41,2006,38,5078,46,7084,California
Inyo,2021-04-13,124,11934,5,4386,116,7174,3,374,64,2014,59,5137,67,7151,California
Inyo,2021-04-14,130,12064,2,4388,128,7302,0,374,45,1974,85,5222,45,7196,California
Inyo,2021-04-15,275,12339,117,4505,158,7460,0,374,79,1857,196,5418,79,7275,California
Inyo,2021-04-16,48,12387,6,4511,42,7502,0,374,19,1848,28,5446,19,7294,California
Inyo,2021-04-17,2,12389,1,4512,1,7503,0,374,1,1848,1,5447,1,7295,California
Inyo,2021-04-19,133,12522,44,4556,89,7592,0,374,46,1808,86,5533,46,7341,California
Inyo,2021-04-20,163,12685,2,4558,161,7753,0,374,79,1803,84,5617,79,7420,California
Inyo,2021-04-21,113,12798,5,4563,108,7861,0,374,32,1754,81,5698,32,7452,California
Inyo,2021-04-22,195,12993,1,4564,194,8055,0,374,51,1661,144,5842,51,7503,California
Inyo,2021-04-23,95,13088,4,4568,91,8146,0,374,22,1610,73,5915,22,7525,California
Inyo,2021-04-24,309,13397,308,4876,1,8147,0,374,305,1911,4,5919,305,7830,California
Inyo,2021-04-25,135,13532,134,5010,1,8148,0,374,135,2046,0,5919,135,7965,California
Inyo,2021-04-26,93,13625,2,5012,90,8238,1,375,11,1977,81,6000,12,7977,California
Inyo,2021-04-27,184,13809,7,5019,172,8410,5,380,48,1894,136,6136,53,8030,California
Inyo,2021-04-28,121,13930,2,5021,117,8527,2,382,20,1816,100,6236,22,8052,California
Inyo,2021-04-29,171,14101,55,5076,116,8643,0,382,77,1800,93,6329,77,8129,California
Inyo,2021-04-30,82,14183,5,5081,76,8719,1,383,23,1765,59,6388,24,8153,California
Inyo,2021-05-01,12,14195,3,5084,9,8728,0,383,10,1773,2,6390,10,8163,California
Inyo,2021-05-02,7,14202,3,5087,2,8730,2,385,4,1776,3,6393,6,8169,California
Inyo,2021-05-03,38,14240,1,5088,33,8763,4,389,5,1752,33,6426,9,8178,California
Inyo,2021-05-04,123,14363,2,5090,117,8880,4,393,19,1671,104,6530,23,8201,California
Inyo,2021-05-05,36,14399,0,5090,34,8914,2,395,11,1659,25,6555,13,8214,California
Inyo,2021-05-06,94,14493,4,5094,82,8996,8,403,13,1599,81,6636,21,8235,California
Inyo,2021-05-07,50,14543,5,5099,37,9033,8,411,24,1607,24,6660,32,8267,California
Inyo,2021-05-08,11,14554,2,5101,4,9037,5,416,4,1609,7,6667,9,8276,California
Inyo,2021-05-09,1,14555,0,5101,1,9038,0,416,0,1608,1,6668,0,8276,California
Inyo,2021-05-10,70,14625,1,5102,67,9105,2,418,32,1604,39,6707,35,8311,California
Inyo,2021-05-11,88,14713,1,5103,84,9189,3,421,20,1559,68,6775,23,8334,California
Inyo,2021-05-12,43,14756,2,5105,39,9228,2,423,11,1540,32,6807,13,8347,California
Inyo,2021-05-13,75,14831,1,5106,73,9301,1,424,12,1490,63,6870,13,8360,California
Inyo,2021-05-14,28,14859,5,5111,18,9319,5,429,14,1495,14,6884,19,8379,California
Inyo,2021-05-15,379,15238,367,5478,10,9329,2,431,85,1288,294,7178,87,8466,California
Inyo,2021-05-16,200,15438,200,5678,0,9329,0,431,73,1234,127,7305,73,8539,California
Inyo,2021-05-17,64,15502,3,5681,57,9386,4,435,18,1211,45,7350,22,8561,California
Inyo,2021-05-18,84,15586,2,5683,81,9467,1,436,17,1162,67,7417,18,8579,California
Inyo,2021-05-19,46,15632,2,5685,39,9506,5,441,13,1147,33,7450,18,8597,California
Inyo,2021-05-20,146,15778,83,5768,62,9568,1,442,37,1075,110,7560,38,8635,California
Inyo,2021-05-21,49,15827,18,5786,26,9594,5,447,19,1069,30,7590,24,8659,California
Inyo,2021-05-22,25,15852,15,5801,7,9601,3,450,18,1083,7,7597,21,8680,California
Inyo,2021-05-23,2,15854,1,5802,0,9601,1,451,0,1082,2,7599,1,8681,California
Inyo,2021-05-24,33,15887,6,5808,24,9625,3,454,13,1078,20,7619,16,8697,California
Inyo,2021-05-25,82,15969,39,5847,41,9666,2,456,47,1092,35,7654,49,8746,California
Inyo,2021-05-26,44,16013,16,5863,26,9692,2,458,21,1093,22,7676,23,8769,California
Inyo,2021-05-27,39,16052,10,5873,21,9713,8,466,12,1087,26,7702,20,8789,California
Inyo,2021-05-28,26,16078,6,5879,15,9728,5,471,8,1082,18,7720,13,8802,California
Inyo,2021-05-29,16,16094,5,5884,11,9739,0,471,7,1080,9,7729,7,8809,California
Inyo,2021-05-30,2,16096,0,5884,2,9741,0,471,0,1078,2,7731,0,8809,California
Inyo,2021-06-01,54,16150,16,5900,32,9773,6,477,23,1076,31,7762,29,8838,California
Inyo,2021-06-02,11,16161,9,5909,1,9774,1,478,9,1084,2,7764,10,8848,California
Inyo,2021-06-03,25,16186,0,5909,18,9792,7,485,1,1068,24,7788,8,8856,California
Inyo,2021-06-04,32,16218,6,5915,22,9814,4,489,12,1064,20,7808,16,8872,California
Inyo,2021-06-05,17,16235,8,5923,8,9822,1,490,4,1056,13,7821,5,8877,California
Inyo,2021-06-06,1,16236,1,5924,0,9822,0,490,1,1057,0,7821,1,8878,California
Inyo,2021-06-07,51,16287,15,5939,33,9855,3,493,5,1019,46,7867,8,8886,California
Inyo,2021-06-08,51,16338,23,5962,25,9880,3,496,24,1019,27,7894,27,8913,California
Inyo,2021-06-09,111,16449,95,6057,14,9894,2,498,14,938,97,7991,16,8929,California
Inyo,2021-06-10,53,16502,39,6096,9,9903,5,503,15,920,38,8029,20,8949,California
Inyo,2021-06-11,43,16545,23,6119,18,9921,2,505,17,913,26,8055,19,8968,California
Inyo,2021-06-12,15,16560,8,6127,6,9927,1,506,5,909,10,8065,6,8974,California
Inyo,2021-06-13,1,16561,0,6127,1,9928,0,506,0,908,1,8066,0,8974,California
Inyo,2021-06-14,58,16619,27,6154,28,9956,3,509,8,869,50,8116,11,8985,California
Inyo,2021-06-15,52,16671,39,6193,9,9965,4,513,9,839,43,8159,13,8998,California
Inyo,2021-06-16,32,16703,19,6212,13,9978,0,513,6,819,26,8185,6,9004,California
Inyo,2021-06-17,23,16726,13,6225,6,9984,4,517,5,811,17,8202,9,9013,California
Inyo,2021-06-18,14,16740,5,6230,6,9990,3,520,2,804,12,8214,5,9018,California
Inyo,2021-06-19,21,16761,7,6237,13,10003,1,521,7,799,13,8227,8,9026,California
Inyo,2021-06-21,29,16790,8,6245,18,10021,3,524,13,799,16,8243,16,9042,California
Inyo,2021-06-22,50,16840,41,6286,7,10028,2,526,24,799,26,8269,26,9068,California
Inyo,2021-06-23,14,16854,6,6292,7,10035,1,527,1,788,13,8282,2,9070,California
Inyo,2021-06-24,6,16860,2,6294,3,10038,1,528,3,789,3,8285,4,9074,California
Inyo,2021-06-25,26,16886,10,6304,13,10051,3,531,12,790,14,8299,15,9089,California
Inyo,2021-06-26,12,16898,6,6310,4,10055,2,533,4,788,8,8307,6,9095,California
Inyo,2021-06-28,13,16911,11,6321,2,10057,0,533,8,791,5,8312,8,9103,California
Inyo,2021-06-29,34,16945,29,6350,5,10062,0,533,14,785,20,8332,14,9117,California
Inyo,2021-06-30,21,16966,17,6367,4,10066,0,533,7,778,14,8346,7,9124,California
Inyo,2021-07-01,10,16976,9,6376,1,10067,0,533,5,778,5,8351,5,9129,California
Kern,2020-12-15,1,1,1,1,0,0,0,0,1,1,0,0,1,1,California
Kern,2020-12-16,19,20,19,20,0,0,0,0,19,20,0,0,19,20,California
Kern,2020-12-17,164,184,164,184,0,0,0,0,164,184,0,0,164,184,California
Kern,2020-12-18,325,509,325,509,0,0,0,0,325,509,0,0,325,509,California
Kern,2020-12-19,99,608,99,608,0,0,0,0,100,609,0,0,100,609,California
Kern,2020-12-20,62,670,62,670,0,0,0,0,62,671,0,0,62,671,California
Kern,2020-12-21,673,1343,672,1342,1,1,0,0,673,1344,0,0,673,1344,California
Kern,2020-12-22,533,1876,530,1872,3,4,0,0,533,1877,0,0,533,1877,California
Kern,2020-12-23,558,2434,420,2292,138,142,0,0,558,2435,0,0,558,2435,California
Kern,2020-12-24,123,2557,44,2336,79,221,0,0,123,2558,0,0,123,2558,California
Kern,2020-12-25,1,2558,1,2337,0,221,0,0,1,2559,0,0,1,2559,California
Kern,2020-12-26,34,2592,2,2339,32,253,0,0,34,2593,0,0,34,2593,California
Kern,2020-12-27,35,2627,3,2342,32,285,0,0,35,2628,0,0,35,2628,California
Kern,2020-12-28,831,3458,666,3008,165,450,0,0,831,3459,0,0,831,3459,California
Kern,2020-12-29,744,4202,451,3459,293,743,0,0,743,4201,1,1,743,4202,California
Kern,2020-12-30,1207,5409,915,4374,292,1035,0,0,1207,5408,0,1,1207,5409,California
Kern,2020-12-31,276,5685,99,4473,177,1212,0,0,276,5684,0,1,276,5685,California
Kern,2021-01-01,18,5703,9,4482,9,1221,0,0,18,5702,0,1,18,5703,California
Kern,2021-01-02,79,5782,18,4500,61,1282,0,0,79,5781,0,1,79,5782,California
Kern,2021-01-03,23,5805,4,4504,19,1301,0,0,23,5804,0,1,23,5805,California
Kern,2021-01-04,553,6358,361,4865,192,1493,0,0,553,6357,0,1,553,6358,California
Kern,2021-01-05,1134,7492,740,5605,394,1887,0,0,1122,7467,12,13,1122,7480,California
Kern,2021-01-06,1166,8658,449,6054,717,2604,0,0,1136,8573,30,43,1136,8616,California
Kern,2021-01-07,1415,10073,491,6545,924,3528,0,0,1245,9649,169,212,1245,9861,California
Kern,2021-01-08,1630,11703,771,7316,859,4387,0,0,1329,10677,302,514,1330,11191,California
Kern,2021-01-09,229,11932,79,7395,150,4537,0,0,193,10834,36,550,193,11384,California
Kern,2021-01-10,195,12127,149,7544,46,4583,0,0,154,10947,41,591,154,11538,California
Kern,2021-01-11,1562,13689,988,8532,574,5157,0,0,1004,11393,558,1149,1004,12542,California
Kern,2021-01-12,1878,15567,818,9350,1060,6217,0,0,1361,12237,517,1666,1361,13903,California
Kern,2021-01-13,1863,17430,879,10229,984,7201,0,0,1439,13252,424,2090,1439,15342,California
Kern,2021-01-14,2204,19634,655,10884,1549,8750,0,0,2158,15364,46,2136,2158,17500,California
Kern,2021-01-15,2729,22363,863,11747,1866,10616,0,0,2633,17903,95,2231,2634,20134,California
Kern,2021-01-16,675,23038,214,11961,461,11077,0,0,640,18508,35,2266,640,20774,California
Kern,2021-01-17,74,23112,7,11968,67,11144,0,0,72,18578,2,2268,72,20846,California
Kern,2021-01-18,1646,24758,657,12625,989,12133,0,0,1480,19892,166,2434,1480,22326,California
Kern,2021-01-19,1868,26626,1033,13658,835,12968,0,0,1400,20825,468,2902,1401,23727,California
Kern,2021-01-20,2739,29365,1793,15451,946,13914,0,0,1956,22005,778,3680,1958,25685,California
Kern,2021-01-21,2139,31504,875,16326,1264,15178,0,0,1941,23749,197,3877,1941,27626,California
Kern,2021-01-22,2735,34239,1314,17640,1421,16599,0,0,2454,25923,280,4157,2454,30080,California
Kern,2021-01-23,1258,35497,544,18184,714,17313,0,0,1210,27085,48,4205,1210,31290,California
Kern,2021-01-24,155,35652,12,18196,143,17456,0,0,149,27228,6,4211,149,31439,California
Kern,2021-01-25,2383,38035,1083,19279,1300,18756,0,0,1896,28640,485,4696,1897,33336,California
Kern,2021-01-26,2791,40826,1131,20410,1660,20416,0,0,1930,29710,860,5556,1930,35266,California
Kern,2021-01-27,3559,44385,1894,22304,1665,22081,0,0,2860,31874,696,6252,2860,38126,California
Kern,2021-01-28,2896,47281,1360,23664,1536,23617,0,0,2463,33912,428,6680,2466,40592,California
Kern,2021-01-29,3801,51082,1803,25467,1998,25615,0,0,3250,36614,548,7228,3250,43842,California
Kern,2021-01-30,1335,52417,499,25966,836,26451,0,0,1283,37847,50,7278,1283,45125,California
Kern,2021-01-31,400,52817,273,26239,127,26578,0,0,265,37977,135,7413,265,45390,California
Kern,2021-02-01,2585,55402,975,27214,1610,28188,0,0,1871,39138,711,8124,1872,47262,California
Kern,2021-02-02,2766,58168,805,28019,1961,30149,0,0,2056,40485,710,8834,2057,49319,California
Kern,2021-02-03,3701,61869,1558,29577,2143,32292,0,0,2718,42227,976,9810,2718,52037,California
Kern,2021-02-04,3835,65704,1459,31036,2376,34668,0,0,2595,43592,1230,11040,2595,54632,California
Kern,2021-02-05,4877,70581,1994,33030,2883,37551,0,0,3104,44942,1754,12794,3104,57736,California
Kern,2021-02-06,1749,72330,769,33799,980,38531,0,0,1514,46226,230,13024,1514,59250,California
Kern,2021-02-07,284,72614,151,33950,133,38664,0,0,266,46476,16,13040,266,59516,California
Kern,2021-02-08,2571,75185,789,34739,1782,40446,0,0,1259,46442,1294,14334,1260,60776,California
Kern,2021-02-09,3046,78231,979,35718,2067,42513,0,0,1467,46340,1569,15903,1467,62243,California
Kern,2021-02-10,3836,82067,1675,37393,2161,44674,0,0,1873,46268,1946,17849,1874,64117,California
Kern,2021-02-11,4295,86362,1540,38933,2755,47429,0,0,2233,46455,2049,19898,2236,66353,California
Kern,2021-02-12,5012,91374,1910,40843,3102,50531,0,0,2489,46436,2508,22406,2489,68842,California
Kern,2021-02-13,2019,93393,736,41579,1283,51814,0,0,1164,46748,852,23258,1164,70006,California
Kern,2021-02-14,353,93746,12,41591,341,52155,0,0,271,46938,81,23339,271,70277,California
Kern,2021-02-15,2772,96518,908,42499,1864,54019,0,0,1225,46625,1538,24877,1225,71502,California
Kern,2021-02-16,2968,99486,722,43221,2246,56265,0,0,1662,46991,1297,26174,1663,73165,California
Kern,2021-02-17,4115,103601,2099,45320,2016,58281,0,0,1939,46761,2170,28344,1940,75105,California
Kern,2021-02-18,3800,107401,1507,46827,2293,60574,0,0,1628,46229,2160,30504,1628,76733,California
Kern,2021-02-19,4241,111642,1934,48761,2307,62881,0,0,1758,45511,2476,32980,1758,78491,California
Kern,2021-02-20,2633,114275,984,49745,1649,64530,0,0,1373,45628,1256,34236,1373,79864,California
Kern,2021-02-21,279,114554,170,49915,109,64639,0,0,92,45536,185,34421,93,79957,California
Kern,2021-02-22,2752,117306,1199,51114,1553,66192,0,0,1476,45747,1265,35686,1476,81433,California
Kern,2021-02-23,3624,120930,1145,52259,2479,68671,0,0,2010,46146,1612,37298,2011,83444,California
Kern,2021-02-24,5266,126196,2301,54560,2965,71636,0,0,3123,47133,2136,39434,3123,86567,California
Kern,2021-02-25,5401,131597,2465,57025,2936,74572,0,0,3201,48154,2180,41614,3201,89768,California
Kern,2021-02-26,6943,138540,3542,60567,3401,77973,0,0,4370,49959,2567,44181,4372,94140,California
Kern,2021-02-27,3970,142510,1983,62550,1987,79960,0,0,2621,51241,1339,45520,2621,96761,California
Kern,2021-02-28,919,143429,503,63053,415,80375,1,1,695,51716,221,45741,696,97457,California
Kern,2021-03-01,4022,147451,1826,64879,2192,82567,4,5,2702,53112,1310,47051,2706,100163,California
Kern,2021-03-02,4546,151997,1417,66296,3125,85692,4,9,2990,54558,1545,48596,2991,103154,California
Kern,2021-03-03,6014,158011,2848,69144,3164,88856,2,11,3891,56342,2108,50704,3892,107046,California
Kern,2021-03-04,5705,163716,2282,71426,3418,92274,5,16,3698,58053,1990,52694,3701,110747,California
Kern,2021-03-05,6736,170452,2885,74311,3832,96106,19,35,4211,59769,2514,55208,4230,114977,California
Kern,2021-03-06,4774,175226,1931,76242,2734,98840,109,144,3483,62077,1284,56492,3592,118569,California
Kern,2021-03-07,2063,177289,1593,77835,413,99253,57,201,1862,63797,199,56691,1919,120488,California
Kern,2021-03-08,2910,180199,925,78760,1762,101015,223,424,1525,64161,1382,58073,1746,122234,California
Kern,2021-03-09,3748,183947,815,79575,2543,103558,390,814,2338,65482,1402,59475,2723,124957,California
Kern,2021-03-10,6171,190118,2570,82145,2523,106081,1078,1892,3609,67621,2546,62021,4685,129642,California
Kern,2021-03-11,6342,196460,2443,84588,2870,108951,1029,2921,3773,69859,2559,64580,4797,134439,California
Kern,2021-03-12,7872,204332,3085,87673,3433,112384,1354,4275,4330,72001,3529,68109,5671,140110,California
Kern,2021-03-13,4684,209016,2534,90207,1812,114196,338,4613,3255,74166,1422,69531,3587,143697,California
Kern,2021-03-14,2313,211329,1534,91741,535,114731,244,4857,1787,75669,525,70056,2028,145725,California
Kern,2021-03-15,4288,215617,1112,92853,2461,117192,715,5572,2183,76468,2092,72148,2891,148616,California
Kern,2021-03-16,4447,220064,1020,93873,2890,120082,537,6109,2420,77405,2014,74162,2951,151567,California
Kern,2021-03-17,7479,227543,4089,97962,2836,122918,554,6663,4489,79469,2978,77140,5042,156609,California
Kern,2021-03-18,7328,234871,3720,101682,3018,125936,590,7253,4440,81630,2865,80005,5026,161635,California
Kern,2021-03-19,9148,244019,5014,106696,3365,129301,769,8022,4724,82714,4403,84408,5487,167122,California
Kern,2021-03-20,6274,250293,3836,110532,2253,131554,185,8207,3966,84572,2294,86702,4152,171274,California
Kern,2021-03-21,3091,253384,1962,112494,245,131799,884,9091,1884,86138,1200,87902,2766,174040,California
Kern,2021-03-22,3997,257381,1570,114064,2070,133869,357,9448,1928,86372,2051,89953,2285,176325,California
Kern,2021-03-23,4755,262136,1680,115744,2874,136743,201,9649,2473,86790,2252,92205,2670,178995,California
Kern,2021-03-24,7198,269334,3682,119426,3039,139782,477,10126,3649,87384,3530,95735,4124,183119,California
Kern,2021-03-25,6805,276139,3011,122437,3459,143241,335,10461,3224,87378,3562,99297,3556,186675,California
Kern,2021-03-26,9897,286036,4430,126867,4207,147448,1260,11721,4718,88197,5158,104455,5977,192652,California
Kern,2021-03-27,5720,291756,3998,130865,1593,149041,129,11850,3450,89507,2268,106723,3578,196230,California
Kern,2021-03-28,4692,296448,4200,135065,478,149519,14,11864,2957,90745,1733,108456,2971,199201,California
Kern,2021-03-29,4263,300711,1683,136748,2302,151821,278,12142,2612,91995,1637,110093,2887,202088,California
Kern,2021-03-30,5613,306324,1878,138626,3347,155168,388,12530,3042,92854,2567,112660,3426,205514,California
Kern,2021-03-31,8460,314784,4575,143201,3228,158396,657,13187,4320,93709,4121,116781,4976,210490,California
Kern,2021-04-01,7934,322718,3885,147086,3738,162134,311,13498,4236,94583,3668,120449,4542,215032,California
Kern,2021-04-02,8474,331192,4464,151550,3399,165533,611,14109,4225,95179,4230,124679,4826,219858,California
Kern,2021-04-03,6006,337198,3674,155224,2148,167681,184,14293,2658,94680,3338,128017,2839,222697,California
Kern,2021-04-04,1342,338540,874,156098,383,168064,85,14378,478,94380,861,128878,561,223258,California
Kern,2021-04-05,5378,343918,2221,158319,2382,170446,775,15153,2900,95560,2465,131343,3645,226903,California
Kern,2021-04-06,7144,351062,2481,160800,3282,173728,1381,16534,3567,96951,3552,134895,4943,231846,California
Kern,2021-04-07,9400,360462,5482,166282,2953,176681,965,17499,4574,97682,4806,139701,5537,237383,California
Kern,2021-04-08,8683,369145,4810,171092,2959,179640,914,18413,3731,97390,4925,144626,4633,242016,California
Kern,2021-04-09,10294,379439,5152,176244,4147,183787,995,19408,4362,96839,5903,150529,5352,247368,California
Kern,2021-04-10,6607,386046,3466,179710,1891,185678,1250,20658,2141,95770,4454,154983,3385,250753,California
Kern,2021-04-11,3933,389979,2920,182630,369,186047,644,21302,1274,95037,2644,157627,1911,252664,California
Kern,2021-04-12,4426,394405,996,183626,2456,188503,974,22276,1589,94785,2813,160440,2561,255225,California
Kern,2021-04-13,4322,398727,1427,185053,2869,191372,26,22302,2132,94768,2174,162614,2157,257382,California
Kern,2021-04-14,6119,404846,3012,188065,3085,194457,22,22324,3016,94721,3084,165698,3037,260419,California
Kern,2021-04-15,5321,410167,2497,190562,2821,197278,3,22327,2521,94462,2783,168481,2524,262943,California
Kern,2021-04-16,7328,417495,3477,194039,3850,201128,1,22328,2996,93159,4303,172784,3000,265943,California
Kern,2021-04-17,6018,423513,3948,197987,2070,203198,0,22328,2111,91384,3888,176672,2113,268056,California
Kern,2021-04-18,3902,427415,3656,201643,246,203444,0,22328,941,89373,2952,179624,941,268997,California
Kern,2021-04-19,3872,431287,1748,203391,2122,205566,2,22330,1443,88409,2407,182031,1443,270440,California
Kern,2021-04-20,4491,435778,1670,205061,2819,208385,2,22332,1723,87387,2746,184777,1724,272164,California
Kern,2021-04-21,6030,441808,3269,208330,2756,211141,5,22337,2211,85811,3790,188567,2214,274378,California
Kern,2021-04-22,4888,446696,2391,210721,2497,213638,0,22337,1742,84432,3122,191689,1743,276121,California
Kern,2021-04-23,6227,452923,3093,213814,3133,216771,1,22338,1950,82149,4236,195925,1953,278074,California
Kern,2021-04-24,4026,456949,2809,216623,1206,217977,11,22349,1448,81052,2557,198482,1460,279534,California
Kern,2021-04-25,1404,458353,1117,217740,287,218264,0,22349,827,81308,571,199053,827,280361,California
Kern,2021-04-26,3902,462255,1866,219606,1985,220249,51,22400,1081,79630,2812,201865,1134,281495,California
Kern,2021-04-27,4837,467092,2366,221972,2363,222612,108,22508,1494,77901,3328,205193,1599,283094,California
Kern,2021-04-28,6422,473514,3826,225798,2472,225084,124,22632,1872,75365,4529,209722,1993,285087,California
Kern,2021-04-29,5630,479144,3167,228965,2364,227448,99,22731,1691,73239,3917,213639,1791,286878,California
Kern,2021-04-30,5716,484860,3231,232196,2326,229774,159,22890,1683,71063,4017,217656,1841,288719,California
Kern,2021-05-01,2725,487585,1931,234127,735,230509,59,22949,1089,70586,1624,219280,1147,289866,California
Kern,2021-05-02,1896,489481,1607,235734,267,230776,22,22971,695,70109,1194,220474,717,290583,California
Kern,2021-05-03,2559,492040,1035,236769,1390,232166,134,23105,789,69278,1755,222229,924,291507,California
Kern,2021-05-04,3743,495783,1356,238125,2278,234444,109,23214,1317,68292,2410,224639,1424,292931,California
Kern,2021-05-05,4231,500014,2201,240326,1878,236322,152,23366,1405,67039,2808,227447,1555,294486,California
Kern,2021-05-06,3661,503675,1683,242009,1832,238154,146,23512,1149,65844,2486,229933,1291,295777,California
Kern,2021-05-07,4646,508321,2332,244341,2138,240292,176,23688,1308,64024,3304,233237,1484,297261,California
Kern,2021-05-08,2942,511263,1852,246193,974,241266,116,23804,914,63039,2013,235250,1028,298289,California
Kern,2021-05-09,1354,512617,1180,247373,145,241411,29,23833,442,62607,903,236153,471,298760,California
Kern,2021-05-10,2317,514934,913,248286,1302,242713,102,23935,685,61780,1612,237765,785,299545,California
Kern,2021-05-11,2738,517672,986,249272,1626,244339,126,24061,991,61163,1735,239500,1118,300663,California
Kern,2021-05-12,3667,521339,1478,250750,2038,246377,151,24212,1149,59959,2502,242002,1298,301961,California
Kern,2021-05-13,3543,524882,1866,252616,1523,247900,154,24366,1644,59868,1885,243887,1794,303755,California
Kern,2021-05-14,4339,529221,2577,255193,1539,249439,223,24589,1995,59761,2324,246211,2217,305972,California
Kern,2021-05-15,2946,532167,1921,257114,937,250376,88,24677,1566,60050,1364,247575,1653,307625,California
Kern,2021-05-16,1616,533783,1386,258500,190,250566,40,24717,936,60352,674,248249,976,308601,California
Kern,2021-05-17,2336,536119,1007,259507,1182,251748,147,24864,1178,60531,1145,249394,1324,309925,California
Kern,2021-05-18,3235,539354,1503,261010,1599,253347,133,24997,1627,60697,1591,250985,1757,311682,California
Kern,2021-05-19,3839,543193,2393,263403,1317,254664,129,25126,1784,60565,2042,253027,1910,313592,California
Kern,2021-05-20,3122,546315,1695,265098,1283,255947,144,25270,1402,60410,1699,254726,1544,315136,California
Kern,2021-05-21,3650,549965,2210,267308,1305,257252,135,25405,1814,60548,1811,256537,1949,317085,California
Kern,2021-05-22,2960,552925,2304,269612,607,257859,49,25454,1400,60446,1548,258085,1446,318531,California
Kern,2021-05-23,1292,554217,1096,270708,170,258029,26,25480,671,60529,613,258698,696,319227,California
Kern,2021-05-24,1905,556122,820,271528,970,258999,115,25595,897,60538,1002,259700,1011,320238,California
Kern,2021-05-25,2406,558528,1115,272643,1202,260201,89,25684,1110,60454,1282,260982,1198,321436,California
Kern,2021-05-26,2789,561317,1613,274256,1074,261275,102,25786,1193,60167,1580,262562,1293,322729,California
Kern,2021-05-27,2419,563736,1245,275501,1070,262345,104,25890,1267,60406,1130,263692,1369,324098,California
Kern,2021-05-28,2730,566466,1387,276888,1232,263577,111,26001,1262,60323,1454,265146,1371,325469,California
Kern,2021-05-29,1908,568374,1265,278153,594,264171,49,26050,931,60340,963,266109,980,326449,California
Kern,2021-05-30,863,569237,705,278858,139,264310,19,26069,433,60369,422,266531,451,326900,California
Kern,2021-05-31,147,569384,48,278906,88,264398,11,26080,56,60347,88,266619,66,326966,California
Kern,2021-06-01,2289,571673,950,279856,1268,265666,71,26151,967,60078,1306,267925,1037,328003,California
Kern,2021-06-02,2253,573926,1304,281160,843,266509,106,26257,944,59830,1298,269223,1050,329053,California
Kern,2021-06-03,2379,576305,1340,282500,883,267392,156,26413,861,59339,1507,270730,1016,330069,California
Kern,2021-06-04,2966,579271,1925,284425,929,268321,112,26525,865,58240,2075,272805,976,331045,California
Kern,2021-06-05,2530,581801,2044,286469,452,268773,34,26559,788,57330,1732,274537,822,331867,California
Kern,2021-06-06,1227,583028,1121,287590,83,268856,23,26582,403,56937,819,275356,426,332293,California
Kern,2021-06-07,1814,584842,1129,288719,588,269444,97,26679,682,56595,1119,276475,777,333070,California
Kern,2021-06-08,2127,586969,1238,289957,817,270261,72,26751,649,55856,1459,277934,720,333790,California
Kern,2021-06-09,2624,589593,1840,291797,695,270956,89,26840,821,54976,1789,279723,909,334699,California
Kern,2021-06-10,2238,591831,1384,293181,754,271710,100,26940,785,54418,1441,281164,883,335582,California
Kern,2021-06-11,2854,594685,1917,295098,845,272555,92,27032,1069,53807,1773,282937,1162,336744,California
Kern,2021-06-12,1791,596476,1330,296428,411,272966,50,27082,533,53137,1253,284190,583,337327,California
Kern,2021-06-13,924,597400,807,297235,110,273076,7,27089,270,52763,652,284842,278,337605,California
Kern,2021-06-14,1859,599259,1132,298367,630,273706,97,27186,641,52291,1208,286050,736,338341,California
Kern,2021-06-15,2120,601379,1185,299552,857,274563,78,27264,820,51897,1292,287342,898,339239,California
Kern,2021-06-16,2081,603460,1372,300924,632,275195,77,27341,823,51554,1242,288584,899,340138,California
Kern,2021-06-17,1884,605344,1179,302103,591,275786,114,27455,903,51600,972,289556,1018,341156,California
Kern,2021-06-18,2212,607556,1385,303488,710,276496,117,27572,943,51408,1251,290807,1059,342215,California
Kern,2021-06-19,1238,608794,890,304378,316,276812,32,27604,528,51268,700,291507,560,342775,California
Kern,2021-06-20,714,609508,592,304970,103,276915,19,27623,271,51115,443,291950,290,343065,California
Kern,2021-06-21,1241,610749,665,305635,498,277413,78,27701,670,51298,563,292513,746,343811,California
Kern,2021-06-22,1656,612405,882,306517,697,278110,77,27778,673,51076,972,293485,750,344561,California
Kern,2021-06-23,1720,614125,1098,307615,545,278655,77,27855,761,50972,940,294425,836,345397,California
Kern,2021-06-24,1593,615718,982,308597,522,279177,89,27944,679,50832,907,295332,767,346164,California
Kern,2021-06-25,1797,617515,1126,309723,582,279759,89,28033,853,50840,932,296264,940,347104,California
Kern,2021-06-26,1324,618839,989,310712,304,280063,31,28064,568,50687,751,297015,598,347702,California
Kern,2021-06-27,608,619447,513,311225,81,280144,14,28078,265,50627,339,297354,279,347981,California
Kern,2021-06-28,1139,620586,758,311983,293,280437,88,28166,501,50589,625,297979,587,348568,California
Kern,2021-06-29,1390,621976,708,312691,592,281029,90,28256,604,50507,774,298753,692,349260,California
Kern,2021-06-30,1554,623530,1050,313741,429,281458,75,28331,801,50635,749,299502,877,350137,California
Kern,2021-07-01,917,624447,604,314345,263,281721,50,28381,389,50550,524,300026,439,350576,California
Kings,2020-12-16,1,1,1,1,0,0,0,0,1,1,0,0,1,1,California
Kings,2020-12-17,8,9,8,9,0,0,0,0,8,9,0,0,8,9,California
Kings,2020-12-18,12,21,12,21,0,0,0,0,12,21,0,0,12,21,California
Kings,2020-12-19,12,33,12,33,0,0,0,0,12,33,0,0,12,33,California
Kings,2020-12-20,13,46,13,46,0,0,0,0,13,46,0,0,13,46,California
Kings,2020-12-21,156,202,156,202,0,0,0,0,268,314,0,0,268,314,California
Kings,2020-12-22,141,343,141,343,0,0,0,0,138,452,0,0,138,452,California
Kings,2020-12-23,137,480,123,466,14,14,0,0,138,590,0,0,138,590,California
Kings,2020-12-24,11,491,9,475,2,16,0,0,11,601,0,0,11,601,California
Kings,2020-12-26,7,498,4,479,3,19,0,0,7,608,0,0,7,608,California
Kings,2020-12-27,4,502,4,483,0,19,0,0,4,612,0,0,4,612,California
Kings,2020-12-28,131,633,103,586,28,47,0,0,132,744,0,0,132,744,California
Kings,2020-12-29,83,716,55,641,28,75,0,0,84,828,0,0,84,828,California
Kings,2020-12-30,150,866,109,750,41,116,0,0,150,978,0,0,150,978,California
Kings,2020-12-31,45,911,6,756,39,155,0,0,45,1023,0,0,45,1023,California
Kings,2021-01-01,1,912,0,756,1,156,0,0,1,1024,0,0,1,1024,California
Kings,2021-01-02,12,924,10,766,2,158,0,0,12,1036,0,0,12,1036,California
Kings,2021-01-03,1,925,1,767,0,158,0,0,1,1037,0,0,1,1037,California
Kings,2021-01-04,112,1037,41,808,71,229,0,0,112,1149,0,0,112,1149,California
Kings,2021-01-05,195,1232,39,847,156,385,0,0,195,1344,0,0,195,1344,California
Kings,2021-01-06,278,1510,179,1026,99,484,0,0,275,1616,3,3,275,1619,California
Kings,2021-01-07,182,1692,83,1109,99,583,0,0,174,1782,8,11,174,1793,California
Kings,2021-01-08,249,1941,54,1163,195,778,0,0,229,1991,20,31,229,2022,California
Kings,2021-01-09,63,2004,9,1172,54,832,0,0,55,2038,8,39,55,2077,California
Kings,2021-01-10,15,2019,3,1175,12,844,0,0,12,2047,3,42,12,2089,California
Kings,2021-01-11,517,2536,353,1528,164,1008,0,0,276,2083,241,283,277,2366,California
Kings,2021-01-12,349,2885,253,1781,96,1104,0,0,216,2169,130,413,216,2582,California
Kings,2021-01-13,422,3307,275,2056,147,1251,0,0,331,2409,91,504,331,2913,California
Kings,2021-01-14,210,3517,30,2086,180,1431,0,0,200,2589,21,525,201,3114,California
Kings,2021-01-15,417,3934,30,2116,387,1818,0,0,405,2982,12,537,405,3519,California
Kings,2021-01-16,28,3962,9,2125,19,1837,0,0,27,3008,1,538,27,3546,California
Kings,2021-01-17,12,3974,9,2134,3,1840,0,0,10,3016,2,540,10,3556,California
Kings,2021-01-18,173,4147,41,2175,132,1972,0,0,147,3137,26,566,147,3703,California
Kings,2021-01-19,381,4528,161,2336,220,2192,0,0,252,3260,129,695,252,3955,California
Kings,2021-01-20,254,4782,162,2498,92,2284,0,0,134,3279,115,810,134,4089,California
Kings,2021-01-21,213,4995,57,2555,156,2440,0,0,196,3456,19,829,196,4285,California
Kings,2021-01-22,105,5100,17,2572,88,2528,0,0,104,3555,5,834,104,4389,California
Kings,2021-01-23,26,5126,14,2586,12,2540,0,0,19,3567,7,841,19,4408,California
Kings,2021-01-24,4,5130,4,2590,0,2540,0,0,2,3567,2,843,2,4410,California
Kings,2021-01-25,156,5286,55,2645,101,2641,0,0,93,3597,63,906,93,4503,California
Kings,2021-01-26,172,5458,52,2697,120,2761,0,0,113,3651,59,965,113,4616,California
Kings,2021-01-27,356,5814,61,2758,295,3056,0,0,252,3800,103,1068,252,4868,California
Kings,2021-01-28,361,6175,74,2832,287,3343,0,0,276,3991,85,1153,276,5144,California
Kings,2021-01-29,113,6288,27,2859,86,3429,0,0,96,4070,17,1170,96,5240,California
Kings,2021-01-30,1567,7855,28,2887,1539,4968,0,0,1563,5631,4,1174,1565,6805,California
Kings,2021-01-31,1,7856,1,2888,0,4968,0,0,1,5632,0,1174,1,6806,California
Kings,2021-02-01,241,8097,87,2975,154,5122,0,0,92,5577,147,1321,92,6898,California
Kings,2021-02-02,342,8439,110,3085,232,5354,0,0,97,5430,244,1565,97,6995,California
Kings,2021-02-03,459,8898,250,3335,209,5563,0,0,242,5456,216,1781,242,7237,California
Kings,2021-02-04,466,9364,132,3467,334,5897,0,0,228,5447,237,2018,228,7465,California
Kings,2021-02-05,340,9704,58,3525,282,6179,0,0,180,5470,157,2175,180,7645,California
Kings,2021-02-06,61,9765,10,3535,51,6230,0,0,28,5465,33,2208,28,7673,California
Kings,2021-02-07,6,9771,4,3539,2,6232,0,0,3,5465,3,2211,3,7676,California
Kings,2021-02-08,175,9946,29,3568,146,6378,0,0,68,5426,107,2318,68,7744,California
Kings,2021-02-09,256,10202,59,3627,197,6575,0,0,112,5396,142,2460,112,7856,California
Kings,2021-02-10,380,10582,113,3740,267,6842,0,0,255,5526,125,2585,255,8111,California
Kings,2021-02-11,494,11076,66,3806,428,7270,0,0,361,5755,132,2717,361,8472,California
Kings,2021-02-12,673,11749,36,3842,637,7907,0,0,352,5787,320,3037,352,8824,California
Kings,2021-02-13,231,11980,6,3848,225,8132,0,0,205,5966,26,3063,205,9029,California
Kings,2021-02-14,103,12083,4,3852,99,8231,0,0,95,6053,8,3071,95,9124,California
Kings,2021-02-15,248,12331,5,3857,243,8474,0,0,138,6082,109,3180,138,9262,California
Kings,2021-02-16,590,12921,33,3890,557,9031,0,0,350,6194,239,3419,351,9613,California
Kings,2021-02-17,440,13361,24,3914,416,9447,0,0,301,6358,139,3558,303,9916,California
Kings,2021-02-18,345,13706,22,3936,323,9770,0,0,213,6440,131,3689,213,10129,California
Kings,2021-02-19,210,13916,24,3960,186,9956,0,0,129,6491,78,3767,129,10258,California
Kings,2021-02-20,173,14089,41,4001,132,10088,0,0,135,6588,38,3805,135,10393,California
Kings,2021-02-21,3,14092,2,4003,1,10089,0,0,3,6591,0,3805,3,10396,California
Kings,2021-02-22,125,14217,22,4025,103,10192,0,0,57,6581,67,3872,57,10453,California
Kings,2021-02-23,440,14657,71,4096,369,10561,0,0,320,6781,120,3992,320,10773,California
Kings,2021-02-24,739,15396,157,4253,582,11143,0,0,522,7086,217,4209,522,11295,California
Kings,2021-02-25,820,16216,132,4385,688,11831,0,0,593,7454,225,4434,593,11888,California
Kings,2021-02-26,859,17075,136,4521,723,12554,0,0,770,8136,88,4522,770,12658,California
Kings,2021-02-27,1518,18593,65,4586,1453,14007,0,0,582,7783,935,5457,582,13240,California
Kings,2021-02-28,1206,19799,597,5183,609,14616,0,0,674,7928,530,5987,675,13915,California
Kings,2021-03-01,295,20094,90,5273,205,14821,0,0,222,8077,73,6060,222,14137,California
Kings,2021-03-02,591,20685,258,5531,333,15154,0,0,517,8522,74,6134,519,14656,California
Kings,2021-03-03,759,21444,327,5858,432,15586,0,0,534,8834,223,6357,535,15191,California
Kings,2021-03-04,834,22278,356,6214,478,16064,0,0,705,9411,129,6486,706,15897,California
Kings,2021-03-05,1193,23471,369,6583,815,16879,9,9,1040,10310,153,6639,1052,16949,California
Kings,2021-03-06,518,23989,187,6770,318,17197,13,22,488,10781,30,6669,501,17450,California
Kings,2021-03-07,363,24352,223,6993,136,17333,4,26,355,11132,8,6677,359,17809,California
Kings,2021-03-08,383,24735,98,7091,232,17565,53,79,265,11332,118,6795,318,18127,California
Kings,2021-03-09,687,25422,389,7480,243,17808,55,134,579,11860,107,6902,635,18762,California
Kings,2021-03-10,769,26191,251,7731,412,18220,106,240,555,12308,212,7114,660,19422,California
Kings,2021-03-11,1202,27393,430,8161,656,18876,116,356,752,12729,448,7562,869,20291,California
Kings,2021-03-12,1517,28910,447,8608,976,19852,94,450,984,13280,529,8091,1080,21371,California
Kings,2021-03-13,681,29591,334,8942,305,20157,42,492,557,13757,124,8215,601,21972,California
Kings,2021-03-14,674,30265,101,9043,184,20341,389,881,200,13872,474,8689,589,22561,California
Kings,2021-03-15,713,30978,267,9310,327,20668,119,1000,470,14222,242,8931,592,23153,California
Kings,2021-03-16,1166,32144,478,9788,625,21293,63,1063,750,14620,415,9346,813,23966,California
Kings,2021-03-17,1109,33253,419,10207,628,21921,62,1125,780,15141,329,9675,850,24816,California
Kings,2021-03-18,1131,34384,475,10682,433,22354,223,1348,749,15735,380,10055,974,25790,California
Kings,2021-03-19,977,35361,468,11150,418,22772,91,1439,726,16317,250,10305,832,26622,California
Kings,2021-03-20,642,36003,256,11406,354,23126,32,1471,463,16644,176,10481,503,27125,California
Kings,2021-03-21,1422,37425,1091,12497,319,23445,12,1483,863,16960,559,11040,875,28000,California
Kings,2021-03-22,451,37876,200,12697,165,23610,86,1569,267,17134,183,11223,357,28357,California
Kings,2021-03-23,1046,38922,506,13203,476,24086,64,1633,548,17254,496,11719,616,28973,California
Kings,2021-03-24,1093,40015,486,13689,584,24670,23,1656,501,17190,590,12309,526,29499,California
Kings,2021-03-25,1051,41066,471,14160,553,25223,27,1683,445,17057,604,12913,471,29970,California
Kings,2021-03-26,1407,42473,380,14540,937,26160,90,1773,514,16772,888,13801,603,30573,California
Kings,2021-03-27,643,43116,259,14799,372,26532,12,1785,155,16453,486,14287,167,30740,California
Kings,2021-03-28,673,43789,602,15401,64,26596,7,1792,403,16606,270,14557,423,31163,California
Kings,2021-03-29,470,44259,212,15613,197,26793,61,1853,257,16712,211,14768,317,31480,California
Kings,2021-03-30,949,45208,532,16145,378,27171,39,1892,433,16668,515,15283,471,31951,California
Kings,2021-03-31,881,46089,458,16603,350,27521,73,1965,420,16708,453,15736,493,32444,California
Kings,2021-04-01,914,47003,489,17092,336,27857,89,2054,355,16600,552,16288,444,32888,California
Kings,2021-04-02,1118,48121,454,17546,538,28395,126,2180,394,16401,718,17006,519,33407,California
Kings,2021-04-03,496,48617,348,17894,139,28534,9,2189,171,16263,319,17325,181,33588,California
Kings,2021-04-04,157,48774,83,17977,68,28602,6,2195,42,16198,113,17438,48,33636,California
Kings,2021-04-05,1063,49837,328,18305,480,29082,255,2450,240,15870,822,18260,494,34130,California
Kings,2021-04-06,1259,51096,494,18799,452,29534,313,2763,286,15498,970,19230,598,34728,California
Kings,2021-04-07,1377,52473,655,19454,536,30070,186,2949,337,14984,1037,20267,523,35251,California
Kings,2021-04-08,1631,54104,638,20092,740,30810,253,3202,374,14361,1250,21517,627,35878,California
Kings,2021-04-09,1242,55346,594,20686,467,31277,181,3383,239,13777,1001,22518,417,36295,California
Kings,2021-04-10,595,55941,333,21019,160,31437,102,3485,175,13635,418,22936,276,36571,California
Kings,2021-04-11,355,56296,76,21095,272,31709,7,3492,196,13681,157,23093,203,36774,California
Kings,2021-04-12,710,57006,315,21410,192,31901,203,3695,194,13564,514,23607,397,37171,California
Kings,2021-04-13,919,57925,527,21937,392,32293,0,3695,295,13242,622,24229,300,37471,California
Kings,2021-04-14,1050,58975,579,22516,471,32764,0,3695,379,12951,671,24900,380,37851,California
Kings,2021-04-15,1063,60038,524,23040,538,33302,1,3696,453,12798,607,25507,454,38305,California
Kings,2021-04-16,797,60835,364,23404,433,33735,0,3696,262,12528,533,26040,263,38568,California
Kings,2021-04-17,459,61294,245,23649,214,33949,0,3696,187,12444,271,26311,187,38755,California
Kings,2021-04-18,571,61865,246,23895,325,34274,0,3696,45,11963,526,26837,45,38800,California
Kings,2021-04-19,629,62494,386,24281,243,34517,0,3696,296,11929,330,27167,296,39096,California
Kings,2021-04-20,756,63250,462,24743,294,34811,0,3696,243,11660,512,27679,243,39339,California
Kings,2021-04-21,693,63943,352,25095,341,35152,0,3696,241,11457,444,28123,241,39580,California
Kings,2021-04-22,573,64516,291,25386,282,35434,0,3696,209,11306,361,28484,210,39790,California
Kings,2021-04-23,677,65193,298,25684,379,35813,0,3696,330,11293,343,28827,330,40120,California
Kings,2021-04-24,247,65440,179,25863,67,35880,1,3697,119,11286,127,28954,120,40240,California
Kings,2021-04-25,204,65644,184,26047,20,35900,0,3697,166,11415,37,28991,166,40406,California
Kings,2021-04-26,325,65969,176,26223,146,36046,3,3700,201,11496,123,29114,204,40610,California
Kings,2021-04-27,434,66403,196,26419,219,36265,19,3719,184,11451,248,29362,203,40813,California
Kings,2021-04-28,523,66926,263,26682,240,36505,20,3739,270,11488,253,29615,290,41103,California
Kings,2021-04-29,302,67228,125,26807,165,36670,12,3751,141,11483,158,29773,153,41256,California
Kings,2021-04-30,376,67604,168,26975,191,36861,17,3768,155,11438,217,29990,172,41428,California
Kings,2021-05-01,228,67832,167,27142,51,36912,10,3778,72,11365,155,30145,82,41510,California
Kings,2021-05-02,170,68002,148,27290,22,36934,0,3778,128,11451,42,30187,128,41638,California
Kings,2021-05-03,474,68476,252,27542,209,37143,13,3791,121,11233,352,30539,134,41772,California
Kings,2021-05-04,528,69004,273,27815,235,37378,20,3811,161,11049,365,30904,181,41953,California
Kings,2021-05-05,566,69570,300,28115,246,37624,20,3831,143,10790,422,31326,163,42116,California
Kings,2021-05-06,571,70141,290,28405,258,37882,23,3854,132,10508,437,31763,155,42271,California
Kings,2021-05-07,368,70509,211,28616,143,38025,14,3868,149,10454,217,31980,163,42434,California
Kings,2021-05-08,244,70753,179,28795,53,38078,12,3880,85,10392,158,32138,96,42530,California
Kings,2021-05-09,191,70944,63,28858,128,38206,0,3880,40,10281,151,32289,40,42570,California
Kings,2021-05-10,347,71291,270,29128,67,38273,10,3890,114,10173,231,32520,123,42693,California
Kings,2021-05-11,387,71678,239,29367,119,38392,29,3919,116,10049,270,32790,146,42839,California
Kings,2021-05-12,401,72079,163,29530,224,38616,14,3933,164,9992,235,33025,178,43017,California
Kings,2021-05-13,410,72489,167,29697,235,38851,8,3941,168,9927,241,33266,176,43193,California
Kings,2021-05-14,463,72952,316,30013,116,38967,31,3972,239,9974,223,33489,270,43463,California
Kings,2021-05-15,356,73308,256,30269,82,39049,18,3990,198,10032,158,33647,216,43679,California
Kings,2021-05-16,247,73555,221,30490,25,39074,1,3991,75,9936,172,33819,76,43755,California
Kings,2021-05-17,409,73964,324,30814,68,39142,17,4008,211,9967,197,34016,228,43983,California
Kings,2021-05-18,398,74362,283,31097,102,39244,13,4021,227,10037,171,34187,241,44224,California
Kings,2021-05-19,574,74936,281,31378,271,39515,22,4043,227,9941,345,34532,249,44473,California
Kings,2021-05-20,451,75387,237,31615,187,39702,27,4070,260,10038,191,34723,288,44761,California
Kings,2021-05-21,518,75905,262,31877,245,39947,11,4081,263,10061,251,34974,274,45035,California
Kings,2021-05-22,306,76211,246,32123,48,39995,12,4093,217,10203,87,35061,229,45264,California
Kings,2021-05-23,234,76445,225,32348,9,40004,0,4093,106,10181,128,35189,106,45370,California
Kings,2021-05-24,262,76707,175,32523,72,40076,15,4108,125,10184,137,35326,140,45510,California
Kings,2021-05-25,405,77112,268,32791,104,40180,33,4141,236,10286,167,35493,269,45779,California
Kings,2021-05-26,304,77416,125,32916,162,40342,17,4158,121,10242,182,35675,138,45917,California
Kings,2021-05-27,325,77741,176,33092,131,40473,18,4176,177,10292,145,35820,195,46112,California
Kings,2021-05-28,288,78029,140,33232,130,40603,18,4194,132,10289,153,35973,150,46262,California
Kings,2021-05-29,174,78203,101,33333,62,40665,11,4205,87,10301,86,36059,98,46360,California
Kings,2021-05-30,132,78335,115,33448,15,40680,2,4207,71,10313,61,36120,73,46433,California
Kings,2021-05-31,41,78376,22,33470,16,40696,3,4210,15,10305,26,36146,18,46451,California
Kings,2021-06-01,316,78692,187,33657,113,40809,16,4226,118,10244,194,36340,133,46584,California
Kings,2021-06-02,276,78968,125,33782,144,40953,7,4233,85,10148,188,36528,92,46676,California
Kings,2021-06-03,226,79194,126,33908,89,41042,11,4244,70,10081,148,36676,81,46757,California
Kings,2021-06-04,427,79621,284,34192,129,41171,14,4258,153,9978,270,36946,167,46924,California
Kings,2021-06-05,258,79879,224,34416,27,41198,7,4265,62,9864,183,37129,69,46993,California
Kings,2021-06-06,162,80041,154,34570,3,41201,5,4270,81,9873,77,37206,86,47079,California
Kings,2021-06-07,293,80334,225,34795,54,41255,14,4284,95,9783,198,37404,108,47187,California
Kings,2021-06-08,312,80646,240,35035,52,41307,20,4304,78,9649,232,37636,98,47285,California
Kings,2021-06-09,397,81043,264,35299,124,41431,9,4313,116,9496,278,37914,125,47410,California
Kings,2021-06-10,341,81384,223,35522,105,41536,13,4326,82,9332,259,38173,95,47505,California
Kings,2021-06-11,373,81757,280,35802,90,41626,3,4329,143,9253,225,38398,146,47651,California
Kings,2021-06-12,268,82025,220,36022,44,41670,4,4333,69,9143,183,38581,73,47724,California
Kings,2021-06-13,127,82152,118,36140,8,41678,1,4334,34,9086,92,38673,35,47759,California
Kings,2021-06-14,240,82392,172,36312,46,41724,22,4356,97,9062,143,38816,119,47878,California
Kings,2021-06-15,255,82647,182,36494,62,41786,11,4367,88,8995,166,38982,99,47977,California
Kings,2021-06-16,254,82901,130,36624,116,41902,8,4375,90,8937,157,39139,99,48076,California
Kings,2021-06-17,207,83108,110,36734,87,41989,10,4385,80,8900,127,39266,90,48166,California
Kings,2021-06-18,252,83360,173,36907,70,42059,9,4394,118,8893,134,39400,127,48293,California
Kings,2021-06-19,101,83461,69,36976,27,42086,5,4399,40,8877,61,39461,45,48338,California
Kings,2021-06-20,84,83545,69,37045,9,42095,6,4405,28,8855,56,39517,34,48372,California
Kings,2021-06-21,181,83726,97,37142,53,42148,31,4436,97,8899,84,39601,128,48500,California
Kings,2021-06-22,199,83925,128,37270,63,42211,8,4444,82,8872,117,39718,90,48590,California
Kings,2021-06-23,197,84122,94,37364,88,42299,15,4459,86,8863,110,39828,101,48691,California
Kings,2021-06-24,145,84267,68,37432,72,42371,5,4464,56,8836,88,39916,61,48752,California
Kings,2021-06-25,306,84573,219,37651,78,42449,9,4473,150,8840,155,40071,159,48911,California
Kings,2021-06-26,124,84697,82,37733,38,42487,4,4477,53,8826,71,40142,57,48968,California
Kings,2021-06-27,118,84815,111,37844,6,42493,1,4478,38,8788,77,40219,39,49007,California
Kings,2021-06-28,192,85007,138,37982,37,42530,17,4495,82,8777,110,40329,99,49106,California
Kings,2021-06-29,179,85186,133,38115,36,42566,10,4505,86,8782,91,40420,96,49202,California
Kings,2021-06-30,189,85375,117,38232,64,42630,8,4513,87,8775,102,40522,95,49297,California
Kings,2021-07-01,60,85435,31,38263,25,42655,4,4517,32,8785,26,40548,36,49333,California
Lake,2020-12-17,4,4,4,4,0,0,0,0,4,4,0,0,4,4,California
Lake,2020-12-18,50,54,50,54,0,0,0,0,50,54,0,0,50,54,California
Lake,2020-12-19,3,57,3,57,0,0,0,0,3,57,0,0,3,57,California
Lake,2020-12-20,6,63,6,63,0,0,0,0,6,63,0,0,6,63,California
Lake,2020-12-21,87,150,87,150,0,0,0,0,87,150,0,0,87,150,California
Lake,2020-12-22,63,213,60,210,3,3,0,0,63,213,0,0,63,213,California
Lake,2020-12-23,124,337,115,325,9,12,0,0,124,337,0,0,124,337,California
Lake,2020-12-24,2,339,0,325,2,14,0,0,2,339,0,0,2,339,California
Lake,2020-12-26,2,341,2,327,0,14,0,0,2,341,0,0,2,341,California
Lake,2020-12-27,2,343,2,329,0,14,0,0,2,343,0,0,2,343,California
Lake,2020-12-28,52,395,43,372,9,23,0,0,52,395,0,0,52,395,California
Lake,2020-12-29,52,447,47,419,5,28,0,0,52,447,0,0,52,447,California
Lake,2020-12-30,130,577,122,541,8,36,0,0,130,577,0,0,130,577,California
Lake,2020-12-31,67,644,64,605,3,39,0,0,67,644,0,0,67,644,California
Lake,2021-01-01,4,648,1,606,3,42,0,0,4,648,0,0,4,648,California
Lake,2021-01-02,2,650,1,607,1,43,0,0,2,650,0,0,2,650,California
Lake,2021-01-04,88,738,21,628,67,110,0,0,88,738,0,0,88,738,California
Lake,2021-01-05,120,858,59,687,61,171,0,0,118,854,2,2,118,856,California
Lake,2021-01-06,103,961,64,751,39,210,0,0,101,953,2,4,101,957,California
Lake,2021-01-07,110,1071,86,837,24,234,0,0,101,1045,9,13,101,1058,California
Lake,2021-01-08,155,1226,126,963,29,263,0,0,104,1098,51,64,104,1162,California
Lake,2021-01-09,63,1289,61,1024,2,265,0,0,59,1153,4,68,59,1221,California
Lake,2021-01-10,3,1292,3,1027,0,265,0,0,0,1150,3,71,0,1221,California
Lake,2021-01-11,189,1481,150,1177,39,304,0,0,109,1179,80,151,109,1330,California
Lake,2021-01-12,81,1562,48,1225,33,337,0,0,58,1214,23,174,58,1388,California
Lake,2021-01-13,170,1732,115,1340,55,392,0,0,110,1264,60,234,110,1498,California
Lake,2021-01-14,151,1883,48,1388,103,495,0,0,129,1371,22,256,129,1627,California
Lake,2021-01-15,221,2104,95,1483,126,621,0,0,193,1536,28,284,193,1820,California
Lake,2021-01-16,136,2240,83,1566,53,674,0,0,134,1668,2,286,134,1954,California
Lake,2021-01-17,18,2258,6,1572,12,686,0,0,12,1674,6,292,12,1966,California
Lake,2021-01-18,246,2504,227,1799,19,705,0,0,125,1678,121,413,125,2091,California
Lake,2021-01-19,318,2822,121,1920,197,902,0,0,271,1903,47,460,272,2363,California
Lake,2021-01-20,426,3248,82,2002,344,1246,0,0,361,2200,64,524,361,2724,California
Lake,2021-01-21,442,3690,50,2052,392,1638,0,0,406,2570,36,560,406,3130,California
Lake,2021-01-22,322,4012,47,2099,275,1913,0,0,285,2818,37,597,285,3415,California
Lake,2021-01-23,127,4139,6,2105,121,2034,0,0,126,2943,1,598,126,3541,California
Lake,2021-01-24,5,4144,2,2107,3,2037,0,0,5,2948,0,598,5,3546,California
Lake,2021-01-25,259,4403,96,2203,163,2200,0,0,177,3043,82,680,177,3723,California
Lake,2021-01-26,433,4836,36,2239,397,2597,0,0,409,3428,24,704,409,4132,California
Lake,2021-01-27,362,5198,40,2279,322,2919,0,0,335,3737,27,731,336,4468,California
Lake,2021-01-28,499,5697,162,2441,337,3256,0,0,367,3974,130,861,367,4835,California
Lake,2021-01-29,653,6350,101,2542,552,3808,0,0,578,4477,75,936,578,5413,California
Lake,2021-01-30,557,6907,43,2585,514,4322,0,0,551,5022,6,942,551,5964,California
Lake,2021-01-31,15,6922,9,2594,6,4328,0,0,13,5033,2,944,13,5977,California
Lake,2021-02-01,181,7103,18,2612,163,4491,0,0,167,5186,14,958,167,6144,California
Lake,2021-02-02,565,7668,153,2765,412,4903,0,0,397,5415,168,1126,397,6541,California
Lake,2021-02-03,445,8113,33,2798,412,5315,0,0,341,5652,104,1230,341,6882,California
Lake,2021-02-04,121,8234,70,2868,51,5366,0,0,71,5673,50,1280,71,6953,California
Lake,2021-02-05,382,8616,73,2941,309,5675,0,0,287,5867,93,1373,287,7240,California
Lake,2021-02-06,276,8892,42,2983,234,5909,0,0,264,6119,12,1385,264,7504,California
Lake,2021-02-07,2,8894,1,2984,1,5910,0,0,2,6121,0,1385,2,7506,California
Lake,2021-02-08,278,9172,206,3190,72,5982,0,0,159,6161,119,1504,159,7665,California
Lake,2021-02-09,345,9517,25,3215,320,6302,0,0,300,6417,44,1548,300,7965,California
Lake,2021-02-10,356,9873,54,3269,302,6604,0,0,275,6611,81,1629,275,8240,California
Lake,2021-02-11,181,10054,18,3287,163,6767,0,0,60,6550,121,1750,60,8300,California
Lake,2021-02-12,377,10431,29,3316,348,7115,0,0,287,6748,89,1839,287,8587,California
Lake,2021-02-13,252,10683,8,3324,244,7359,0,0,239,6974,13,1852,239,8826,California
Lake,2021-02-14,22,10705,5,3329,17,7376,0,0,8,6968,14,1866,8,8834,California
Lake,2021-02-15,172,10877,13,3342,159,7535,0,0,8,6813,163,2029,8,8842,California
Lake,2021-02-16,429,11306,23,3365,406,7941,0,0,178,6740,251,2280,178,9020,California
Lake,2021-02-17,354,11660,56,3421,298,8239,0,0,73,6533,280,2560,73,9093,California
Lake,2021-02-18,466,12126,73,3494,393,8632,0,0,117,6302,348,2908,117,9210,California
Lake,2021-02-19,435,12561,28,3522,407,9039,0,0,93,6053,342,3250,93,9303,California
Lake,2021-02-20,296,12857,61,3583,235,9274,0,0,251,6260,44,3294,251,9554,California
Lake,2021-02-21,7,12864,7,3590,0,9274,0,0,0,6253,7,3301,0,9554,California
Lake,2021-02-22,140,13004,22,3612,118,9392,0,0,40,6193,100,3401,40,9594,California
Lake,2021-02-23,219,13223,15,3627,204,9596,0,0,28,6030,191,3592,28,9622,California
Lake,2021-02-24,1008,14231,429,4056,579,10175,0,0,468,5959,539,4131,468,10090,California
Lake,2021-02-25,759,14990,494,4550,265,10440,0,0,498,6199,258,4389,498,10588,California
Lake,2021-02-26,1018,16008,322,4872,696,11136,0,0,363,5911,651,5040,363,10951,California
Lake,2021-02-27,410,16418,97,4969,313,11449,0,0,327,6156,82,5122,327,11278,California
Lake,2021-02-28,21,16439,12,4981,9,11458,0,0,12,6159,9,5131,12,11290,California
Lake,2021-03-01,597,17036,55,5036,542,12000,0,0,444,6450,153,5284,444,11734,California
Lake,2021-03-02,747,17783,18,5054,729,12729,0,0,287,6279,458,5742,287,12021,California
Lake,2021-03-03,370,18153,196,5250,174,12903,0,0,147,6204,222,5964,147,12168,California
Lake,2021-03-04,578,18731,506,5756,72,12975,0,0,562,6750,16,5980,562,12730,California
Lake,2021-03-05,1046,19777,52,5808,994,13969,0,0,187,6082,855,6835,187,12917,California
Lake,2021-03-06,35,19812,9,5817,25,13994,1,1,22,6092,13,6848,23,12940,California
Lake,2021-03-07,8,19820,6,5823,2,13996,0,1,5,6094,3,6851,5,12945,California
Lake,2021-03-08,341,20161,266,6089,65,14061,10,11,299,6361,42,6893,309,13254,California
Lake,2021-03-09,932,21093,44,6133,871,14932,17,28,407,6262,524,7417,425,13679,California
Lake,2021-03-10,204,21297,60,6193,131,15063,13,41,134,6340,70,7487,148,13827,California
Lake,2021-03-11,587,21884,49,6242,64,15127,474,515,45,6317,542,8029,519,14346,California
Lake,2021-03-12,854,22738,203,6445,625,15752,26,541,361,6213,491,8520,387,14733,California
Lake,2021-03-13,283,23021,22,6467,25,15777,236,777,20,6206,262,8782,255,14988,California
Lake,2021-03-14,11,23032,2,6469,9,15786,0,777,7,6209,4,8786,7,14995,California
Lake,2021-03-15,641,23673,12,6481,611,16397,18,795,481,6549,159,8945,499,15494,California
Lake,2021-03-16,1116,24789,835,7316,264,16661,17,812,378,6209,734,9679,394,15888,California
Lake,2021-03-17,250,25039,122,7438,105,16766,23,835,91,6164,159,9838,114,16002,California
Lake,2021-03-18,750,25789,376,7814,337,17103,37,872,356,6165,391,10229,392,16394,California
Lake,2021-03-19,584,26373,317,8131,248,17351,19,891,476,6553,107,10336,495,16889,California
Lake,2021-03-20,249,26622,9,8140,237,17588,3,894,31,6371,216,10552,34,16923,California
Lake,2021-03-21,15,26637,10,8150,4,17592,1,895,10,6377,5,10557,11,16934,California
Lake,2021-03-22,337,26974,256,8406,67,17659,14,909,250,6554,87,10644,264,17198,California
Lake,2021-03-23,429,27403,21,8427,394,18053,14,923,363,6866,65,10709,377,17575,California
Lake,2021-03-24,423,27826,62,8489,353,18406,8,931,326,7105,96,10805,335,17910,California
Lake,2021-03-25,674,28500,482,8971,185,18591,7,938,174,6785,500,11305,180,18090,California
Lake,2021-03-26,68,28568,33,9004,34,18625,1,939,31,6781,36,11341,32,18122,California
Lake,2021-03-27,309,28877,7,9011,299,18924,3,942,17,6511,290,11631,20,18142,California
Lake,2021-03-28,17,28894,8,9019,9,18933,0,942,9,6512,8,11639,9,18151,California
Lake,2021-03-29,987,29881,286,9305,699,19632,2,944,202,5933,783,12422,204,18355,California
Lake,2021-03-30,465,30346,314,9619,148,19780,3,947,366,6204,98,12520,369,18724,California
Lake,2021-03-31,615,30961,60,9679,555,20335,0,947,432,6463,173,12693,432,19156,California
Lake,2021-04-01,449,31410,234,9913,203,20538,12,959,187,6404,258,12951,199,19355,California
Lake,2021-04-02,224,31634,41,9954,155,20693,28,987,97,6402,127,13078,125,19480,California
Lake,2021-04-03,33,31667,6,9960,24,20717,3,990,13,6398,20,13098,16,19496,California
Lake,2021-04-04,20,31687,11,9971,7,20724,2,992,15,6410,5,13103,17,19513,California
Lake,2021-04-05,643,32330,71,10042,552,21276,20,1012,402,6593,238,13341,421,19934,California
Lake,2021-04-06,479,32809,17,10059,436,21712,26,1038,307,6755,171,13512,333,20267,California
Lake,2021-04-07,526,33335,58,10117,416,22128,52,1090,356,6995,168,13680,408,20675,California
Lake,2021-04-08,606,33941,494,10611,46,22174,66,1156,105,6668,498,14178,171,20846,California
Lake,2021-04-09,282,34223,40,10651,173,22347,69,1225,48,6554,230,14408,116,20962,California
Lake,2021-04-10,257,34480,15,10666,16,22363,226,1451,11,6545,246,14654,237,21199,California
Lake,2021-04-11,21,34501,16,10682,3,22366,2,1453,7,6540,14,14668,9,21208,California
Lake,2021-04-12,1083,35584,233,10915,816,23182,34,1487,244,5980,838,15506,278,21486,California
Lake,2021-04-13,181,35765,110,11025,71,23253,0,1487,54,5907,127,15633,54,21540,California
Lake,2021-04-14,620,36385,38,11063,582,23835,0,1487,554,6395,66,15699,554,22094,California
Lake,2021-04-15,647,37032,193,11256,454,24289,0,1487,332,6412,315,16014,332,22426,California
Lake,2021-04-16,267,37299,31,11287,236,24525,0,1487,76,6298,190,16204,76,22502,California
Lake,2021-04-17,42,37341,12,11299,30,24555,0,1487,32,6320,10,16214,32,22534,California
Lake,2021-04-18,9,37350,6,11305,3,24558,0,1487,0,6311,9,16223,0,22534,California
Lake,2021-04-19,298,37648,39,11344,259,24817,0,1487,247,6507,51,16274,247,22781,California
Lake,2021-04-20,695,38343,281,11625,414,25231,0,1487,95,6004,599,16873,96,22877,California
Lake,2021-04-21,532,38875,62,11687,470,25701,0,1487,197,5866,335,17208,197,23074,California
Lake,2021-04-22,471,39346,50,11737,421,26122,0,1487,323,6042,147,17355,323,23397,California
Lake,2021-04-23,122,39468,64,11801,58,26180,0,1487,72,6066,48,17403,72,23469,California
Lake,2021-04-24,55,39523,9,11810,46,26226,0,1487,41,6093,14,17417,41,23510,California
Lake,2021-04-25,37,39560,20,11830,17,26243,0,1487,25,6106,12,17429,25,23535,California
Lake,2021-04-26,295,39855,82,11912,212,26455,1,1488,90,5992,205,17634,91,23626,California
Lake,2021-04-27,249,40104,24,11936,207,26662,18,1506,86,5933,163,17797,104,23730,California
Lake,2021-04-28,511,40615,51,11987,445,27107,15,1521,90,5618,419,18216,104,23834,California
Lake,2021-04-29,209,40824,82,12069,111,27218,16,1537,110,5644,99,18315,125,23959,California
Lake,2021-04-30,289,41113,45,12114,213,27431,31,1568,147,5681,141,18456,178,24137,California
Lake,2021-05-01,50,41163,27,12141,21,27452,2,1570,34,5702,15,18471,36,24173,California
Lake,2021-05-02,19,41182,10,12151,8,27460,1,1571,10,5704,9,18480,11,24184,California
Lake,2021-05-03,413,41595,30,12181,347,27807,36,1607,66,5460,346,18826,102,24286,California
Lake,2021-05-04,403,41998,217,12398,138,27945,48,1655,123,5352,279,19105,171,24457,California
Lake,2021-05-05,629,42627,44,12442,573,28518,12,1667,84,4905,542,19647,95,24552,California
Lake,2021-05-06,142,42769,19,12461,94,28612,29,1696,72,4935,70,19717,100,24652,California
Lake,2021-05-07,166,42935,29,12490,117,28729,20,1716,102,4995,62,19779,122,24774,California
Lake,2021-05-08,43,42978,8,12498,35,28764,0,1716,36,5024,7,19786,36,24810,California
Lake,2021-05-09,17,42995,2,12500,10,28774,5,1721,10,5032,7,19793,15,24825,California
Lake,2021-05-10,244,43239,10,12510,206,28980,28,1749,58,4933,185,19978,86,24911,California
Lake,2021-05-11,195,43434,25,12535,153,29133,17,1766,116,4988,79,20057,134,25045,California
Lake,2021-05-12,542,43976,33,12568,489,29622,20,1786,56,4577,486,20543,75,25120,California
Lake,2021-05-13,318,44294,69,12637,235,29857,14,1800,72,4419,244,20787,86,25206,California
Lake,2021-05-14,268,44562,83,12720,167,30024,18,1818,163,4496,103,20890,180,25386,California
Lake,2021-05-15,45,44607,19,12739,23,30047,3,1821,28,4510,17,20907,31,25417,California
Lake,2021-05-16,33,44640,19,12758,13,30060,1,1822,18,4514,15,20922,19,25436,California
Lake,2021-05-17,315,44955,44,12802,256,30316,15,1837,82,4381,230,21152,97,25533,California
Lake,2021-05-18,299,45254,65,12867,215,30531,19,1856,171,4444,127,21279,190,25723,California
Lake,2021-05-19,313,45567,57,12924,241,30772,15,1871,88,4323,224,21503,103,25826,California
Lake,2021-05-20,236,45803,60,12984,165,30937,11,1882,92,4282,144,21647,103,25929,California
Lake,2021-05-21,274,46077,51,13035,199,31136,24,1906,114,4262,158,21805,138,26067,California
Lake,2021-05-22,98,46175,54,13089,41,31177,3,1909,49,4265,49,21854,52,26119,California
Lake,2021-05-23,58,46233,28,13117,29,31206,1,1910,30,4268,28,21882,31,26150,California
Lake,2021-05-24,159,46392,36,13153,109,31315,14,1924,72,4267,87,21969,86,26236,California
Lake,2021-05-25,204,46596,57,13210,136,31451,11,1935,74,4223,129,22098,85,26321,California
Lake,2021-05-26,151,46747,44,13254,96,31547,11,1946,54,4193,95,22193,65,26386,California
Lake,2021-05-27,175,46922,48,13302,113,31660,14,1960,61,4155,113,22306,75,26461,California
Lake,2021-05-28,222,47144,21,13323,163,31823,38,1998,50,4073,169,22475,87,26548,California
Lake,2021-05-29,37,47181,10,13333,21,31844,6,2004,14,4070,23,22498,20,26568,California
Lake,2021-05-30,22,47203,6,13339,14,31858,2,2006,12,4074,10,22508,14,26582,California
Lake,2021-05-31,63,47266,21,13360,40,31898,2,2008,53,4119,10,22518,55,26637,California
Lake,2021-06-01,198,47464,39,13399,150,32048,9,2017,69,4069,128,22646,78,26715,California
Lake,2021-06-02,132,47596,46,13445,74,32122,12,2029,53,4055,79,22725,65,26780,California
Lake,2021-06-03,181,47777,53,13498,109,32231,19,2048,79,4051,102,22827,98,26878,California
Lake,2021-06-04,183,47960,53,13551,115,32346,15,2063,46,3977,135,22962,61,26939,California
Lake,2021-06-05,91,48051,56,13607,27,32373,8,2071,55,4004,36,22998,63,27002,California
Lake,2021-06-06,68,48119,38,13645,30,32403,0,2071,24,3984,44,23042,24,27026,California
Lake,2021-06-07,89,48208,29,13674,52,32455,8,2079,31,3966,57,23099,39,27065,California
Lake,2021-06-08,180,48388,68,13742,100,32555,12,2091,67,3932,113,23212,79,27144,California
Lake,2021-06-09,172,48560,43,13785,125,32680,4,2095,37,3840,133,23345,41,27185,California
Lake,2021-06-10,128,48688,63,13848,52,32732,13,2108,50,3825,78,23423,63,27248,California
Lake,2021-06-11,209,48897,67,13915,119,32851,23,2131,48,3737,159,23582,71,27319,California
Lake,2021-06-12,67,48964,39,13954,22,32873,6,2137,34,3744,33,23615,40,27359,California
Lake,2021-06-13,29,48993,16,13970,13,32886,0,2137,14,3743,15,23630,14,27373,California
Lake,2021-06-14,179,49172,87,14057,79,32965,13,2150,50,3678,128,23758,63,27436,California
Lake,2021-06-15,244,49416,64,14121,162,33127,18,2168,78,3608,166,23924,96,27532,California
Lake,2021-06-16,163,49579,57,14178,91,33218,15,2183,55,3571,107,24031,70,27602,California
Lake,2021-06-17,179,49758,86,14264,83,33301,10,2193,80,3563,98,24129,90,27692,California
Lake,2021-06-18,136,49894,38,14302,89,33390,9,2202,53,3542,83,24212,62,27754,California
Lake,2021-06-19,67,49961,25,14327,42,33432,0,2202,34,3543,33,24245,34,27788,California
Lake,2021-06-20,21,49982,7,14334,12,33444,2,2204,10,3544,11,24256,12,27800,California
Lake,2021-06-21,67,50049,17,14351,43,33487,7,2211,29,3542,38,24294,36,27836,California
Lake,2021-06-22,135,50184,51,14402,74,33561,10,2221,62,3542,72,24366,72,27908,California
Lake,2021-06-23,148,50332,68,14470,56,33617,24,2245,80,3578,68,24434,104,28012,California
Lake,2021-06-24,140,50472,93,14563,34,33651,13,2258,48,3549,90,24524,61,28073,California
Lake,2021-06-25,129,50601,57,14620,63,33714,9,2267,66,3562,62,24586,75,28148,California
Lake,2021-06-26,48,50649,37,14657,11,33725,0,2267,6,3526,42,24628,6,28154,California
Lake,2021-06-27,42,50691,30,14687,12,33737,0,2267,23,3530,19,24647,23,28177,California
Lake,2021-06-28,65,50756,22,14709,22,33759,21,2288,28,3543,36,24683,49,28226,California
Lake,2021-06-29,118,50874,47,14756,67,33826,4,2292,63,3555,55,24738,67,28293,California
Lake,2021-06-30,111,50985,61,14817,46,33872,4,2296,59,3566,52,24790,63,28356,California
Lake,2021-07-01,92,51077,35,14852,55,33927,2,2298,28,3532,64,24854,30,28386,California
Lassen,2020-12-16,8,8,8,8,0,0,0,0,8,8,0,0,8,8,California
Lassen,2020-12-17,6,14,6,14,0,0,0,0,6,14,0,0,6,14,California
Lassen,2020-12-18,1,15,1,15,0,0,0,0,1,15,0,0,1,15,California
Lassen,2020-12-19,5,20,5,20,0,0,0,0,5,20,0,0,5,20,California
Lassen,2020-12-20,2,22,2,22,0,0,0,0,2,22,0,0,2,22,California
Lassen,2020-12-21,11,33,11,33,0,0,0,0,11,33,0,0,11,33,California
Lassen,2020-12-22,23,56,23,56,0,0,0,0,23,56,0,0,23,56,California
Lassen,2020-12-23,6,62,6,62,0,0,0,0,6,62,0,0,6,62,California
Lassen,2020-12-24,10,72,10,72,0,0,0,0,10,72,0,0,10,72,California
Lassen,2020-12-28,3,75,2,74,1,1,0,0,3,75,0,0,3,75,California
Lassen,2020-12-29,35,110,35,109,0,1,0,0,35,110,0,0,35,110,California
Lassen,2020-12-30,36,146,35,144,1,2,0,0,36,146,0,0,36,146,California
Lassen,2020-12-31,49,195,42,186,7,9,0,0,49,195,0,0,49,195,California
Lassen,2021-01-02,1,196,0,186,1,10,0,0,1,196,0,0,1,196,California
Lassen,2021-01-04,15,211,2,188,13,23,0,0,15,211,0,0,15,211,California
Lassen,2021-01-05,193,404,52,240,141,164,0,0,193,404,0,0,193,404,California
Lassen,2021-01-06,97,501,45,285,52,216,0,0,89,486,8,8,90,494,California
Lassen,2021-01-07,43,544,7,292,36,252,0,0,37,517,6,14,37,531,California
Lassen,2021-01-08,50,594,2,294,48,300,0,0,50,567,0,14,50,581,California
Lassen,2021-01-09,12,606,6,300,6,306,0,0,12,579,0,14,12,593,California
Lassen,2021-01-11,27,633,5,305,22,328,0,0,27,606,0,14,27,620,California
Lassen,2021-01-12,49,682,29,334,20,348,0,0,30,617,19,33,30,650,California
Lassen,2021-01-13,160,842,18,352,142,490,0,0,146,749,14,47,146,796,California
Lassen,2021-01-14,161,1003,18,370,143,633,0,0,149,886,12,59,149,945,California
Lassen,2021-01-15,32,1035,6,376,26,659,0,0,32,918,0,59,32,977,California
Lassen,2021-01-16,34,1069,33,409,1,660,0,0,34,952,0,59,34,1011,California
Lassen,2021-01-17,1,1070,0,409,1,661,0,0,1,953,0,59,1,1012,California
Lassen,2021-01-18,5,1075,2,411,3,664,0,0,4,956,1,60,4,1016,California
Lassen,2021-01-19,186,1261,36,447,150,814,0,0,158,1086,28,88,158,1174,California
Lassen,2021-01-20,187,1448,100,547,87,901,0,0,104,1122,68,156,104,1278,California
Lassen,2021-01-21,145,1593,93,640,52,953,0,0,121,1225,18,174,121,1399,California
Lassen,2021-01-22,31,1624,18,658,13,966,0,0,21,1236,10,184,21,1420,California
Lassen,2021-01-23,2,1626,0,658,2,968,0,0,2,1238,0,184,2,1422,California
Lassen,2021-01-24,1,1627,0,658,1,969,0,0,1,1239,0,184,1,1423,California
Lassen,2021-01-25,12,1639,1,659,11,980,0,0,11,1249,1,185,11,1434,California
Lassen,2021-01-26,126,1765,12,671,114,1094,0,0,122,1367,4,189,122,1556,California
Lassen,2021-01-27,89,1854,37,708,52,1146,0,0,71,1420,18,207,71,1627,California
Lassen,2021-01-28,85,1939,15,723,70,1216,0,0,84,1503,1,208,84,1711,California
Lassen,2021-01-29,23,1962,7,730,16,1232,0,0,22,1524,1,209,22,1733,California
Lassen,2021-02-01,61,2023,4,734,57,1289,0,0,36,1535,25,234,36,1769,California
Lassen,2021-02-02,177,2200,12,746,165,1454,0,0,44,1446,133,367,44,1813,California
Lassen,2021-02-03,98,2298,21,767,77,1531,0,0,50,1448,48,415,50,1863,California
Lassen,2021-02-04,113,2411,16,783,97,1628,0,0,64,1463,49,464,64,1927,California
Lassen,2021-02-05,66,2477,12,795,54,1682,0,0,24,1445,42,506,24,1951,California
Lassen,2021-02-06,69,2546,34,829,35,1717,0,0,36,1449,32,538,36,1987,California
Lassen,2021-02-07,3,2549,3,832,0,1717,0,0,3,1452,0,538,3,1990,California
Lassen,2021-02-08,44,2593,4,836,40,1757,0,0,18,1444,26,564,18,2008,California
Lassen,2021-02-09,128,2721,7,843,121,1878,0,0,49,1414,79,643,49,2057,California
Lassen,2021-02-10,182,2903,21,864,161,2039,0,0,75,1382,107,750,75,2132,California
Lassen,2021-02-11,182,3085,17,881,165,2204,0,0,79,1359,102,852,79,2211,California
Lassen,2021-02-12,43,3128,11,892,32,2236,0,0,16,1348,27,879,16,2227,California
Lassen,2021-02-13,11,3139,3,895,8,2244,0,0,9,1355,2,881,9,2236,California
Lassen,2021-02-14,13,3152,0,895,13,2257,0,0,12,1366,1,882,12,2248,California
Lassen,2021-02-15,22,3174,3,898,19,2276,0,0,17,1379,4,886,17,2265,California
Lassen,2021-02-16,192,3366,4,902,188,2464,0,0,31,1251,159,1045,31,2296,California
Lassen,2021-02-17,182,3548,94,996,88,2552,0,0,10,1089,172,1217,10,2306,California
Lassen,2021-02-18,80,3628,22,1018,58,2610,0,0,20,1049,60,1277,20,2326,California
Lassen,2021-02-19,83,3711,62,1080,21,2631,0,0,19,1004,64,1341,19,2345,California
Lassen,2021-02-20,8,3719,0,1080,8,2639,0,0,6,1008,2,1343,6,2351,California
Lassen,2021-02-21,22,3741,2,1082,20,2659,0,0,18,1022,4,1347,18,2369,California
Lassen,2021-02-22,28,3769,13,1095,15,2674,0,0,9,1012,19,1366,9,2378,California
Lassen,2021-02-23,154,3923,10,1105,144,2818,0,0,43,944,111,1477,43,2421,California
Lassen,2021-02-24,166,4089,16,1121,150,2968,0,0,107,993,58,1535,107,2528,California
Lassen,2021-02-25,159,4248,22,1143,137,3105,0,0,99,1032,60,1595,99,2627,California
Lassen,2021-02-26,74,4322,16,1159,58,3163,0,0,37,1032,37,1632,37,2664,California
Lassen,2021-02-27,8,4330,7,1166,1,3164,0,0,3,1030,5,1637,3,2667,California
Lassen,2021-02-28,7,4337,2,1168,5,3169,0,0,3,1029,4,1641,3,2670,California
Lassen,2021-03-01,42,4379,4,1172,38,3207,0,0,8,1004,33,1674,8,2678,California
Lassen,2021-03-02,108,4487,8,1180,100,3307,0,0,81,1059,26,1700,81,2759,California
Lassen,2021-03-03,169,4656,11,1191,158,3465,0,0,113,1116,56,1756,113,2872,California
Lassen,2021-03-04,149,4805,17,1208,132,3597,0,0,97,1162,51,1807,97,2969,California
Lassen,2021-03-05,49,4854,7,1215,18,3615,24,24,11,1159,38,1845,35,3004,California
Lassen,2021-03-06,55,4909,4,1219,29,3644,22,46,5,1136,50,1895,27,3031,California
Lassen,2021-03-07,58,4967,3,1222,0,3644,55,101,3,1139,55,1950,58,3089,California
Lassen,2021-03-08,88,5055,2,1224,7,3651,79,180,3,1136,85,2035,82,3171,California
Lassen,2021-03-09,137,5192,11,1235,109,3760,17,197,89,1194,48,2083,106,3277,California
Lassen,2021-03-10,173,5365,10,1245,161,3921,2,199,79,1182,93,2176,81,3358,California
Lassen,2021-03-11,185,5550,16,1261,162,4083,7,206,113,1233,69,2245,120,3478,California
Lassen,2021-03-12,34,5584,17,1278,13,4096,4,210,12,1227,22,2267,16,3494,California
Lassen,2021-03-13,48,5632,0,1278,2,4098,46,256,1,1226,47,2314,46,3540,California
Lassen,2021-03-14,14,5646,2,1280,11,4109,1,257,2,1217,12,2326,3,3543,California
Lassen,2021-03-15,36,5682,5,1285,31,4140,0,257,16,1213,20,2346,16,3559,California
Lassen,2021-03-16,92,5774,2,1287,85,4225,5,262,73,1272,19,2365,78,3637,California
Lassen,2021-03-17,1083,6857,9,1296,1069,5294,5,267,1063,2320,20,2385,1068,4705,California
Lassen,2021-03-18,94,6951,9,1305,84,5378,1,268,81,2389,13,2398,82,4787,California
Lassen,2021-03-19,18,6969,11,1316,3,5381,4,272,7,2389,11,2409,11,4798,California
Lassen,2021-03-20,29,6998,3,1319,23,5404,3,275,22,2407,7,2416,25,4823,California
Lassen,2021-03-21,34,7032,1,1320,33,5437,0,275,14,2402,19,2435,14,4837,California
Lassen,2021-03-22,59,7091,1,1321,58,5495,0,275,56,2455,3,2438,56,4893,California
Lassen,2021-03-23,120,7211,11,1332,108,5603,1,276,67,2470,53,2491,68,4961,California
Lassen,2021-03-24,212,7423,13,1345,198,5801,1,277,105,2471,105,2596,106,5067,California
Lassen,2021-03-25,155,7578,23,1368,132,5933,0,277,72,2460,83,2679,72,5139,California
Lassen,2021-03-26,77,7655,13,1381,26,5959,38,315,19,2459,57,2736,56,5195,California
Lassen,2021-03-27,21,7676,4,1385,1,5960,16,331,3,2460,18,2754,19,5214,California
Lassen,2021-03-28,19,7695,4,1389,4,5964,11,342,2,2456,17,2771,13,5227,California
Lassen,2021-03-29,53,7748,0,1389,28,5992,25,367,20,2469,32,2803,45,5272,California
Lassen,2021-03-30,200,7948,10,1399,164,6156,26,393,52,2399,148,2951,78,5350,California
Lassen,2021-03-31,147,8095,12,1411,113,6269,22,415,62,2399,84,3035,84,5434,California
Lassen,2021-04-01,166,8261,15,1426,130,6399,21,436,47,2349,118,3153,68,5502,California
Lassen,2021-04-02,30,8291,4,1430,3,6402,23,459,2,2346,28,3181,25,5527,California
Lassen,2021-04-03,12,8303,0,1430,2,6404,10,469,0,2344,12,3193,10,5537,California
Lassen,2021-04-04,7,8310,2,1432,0,6404,5,474,1,2344,6,3199,6,5543,California
Lassen,2021-04-05,22,8332,4,1436,11,6415,7,481,11,2351,11,3210,18,5561,California
Lassen,2021-04-06,183,8515,8,1444,145,6560,30,511,53,2304,130,3340,83,5644,California
Lassen,2021-04-07,135,8650,6,1450,92,6652,37,548,32,2272,103,3443,71,5715,California
Lassen,2021-04-08,169,8819,9,1459,104,6756,56,604,32,2227,133,3576,88,5803,California
Lassen,2021-04-09,54,8873,6,1465,10,6766,38,642,8,2227,45,3621,45,5848,California
Lassen,2021-04-10,10,8883,0,1465,2,6768,8,650,0,2226,9,3630,8,5856,California
Lassen,2021-04-11,6,8889,2,1467,1,6769,3,653,3,2229,3,3633,6,5862,California
Lassen,2021-04-12,32,8921,4,1471,15,6784,13,666,4,2218,28,3661,17,5879,California
Lassen,2021-04-13,129,9050,6,1477,123,6907,0,666,40,2170,88,3749,40,5919,California
Lassen,2021-04-14,989,10039,16,1493,973,7880,0,666,51,1284,937,4686,51,5970,California
Lassen,2021-04-15,147,10186,14,1507,133,8013,0,666,19,1175,128,4814,19,5989,California
Lassen,2021-04-16,14,10200,5,1512,9,8022,0,666,6,1173,8,4822,6,5995,California
Lassen,2021-04-17,24,10224,3,1515,21,8043,0,666,4,1157,20,4842,4,5999,California
Lassen,2021-04-18,5,10229,2,1517,3,8046,0,666,2,1156,3,4845,2,6001,California
Lassen,2021-04-19,35,10264,0,1517,35,8081,0,666,18,1157,17,4862,18,6019,California
Lassen,2021-04-20,137,10401,7,1524,130,8211,0,666,51,1122,86,4948,51,6070,California
Lassen,2021-04-21,167,10568,10,1534,156,8367,1,667,34,1026,131,5079,35,6105,California
Lassen,2021-04-22,102,10670,16,1550,86,8453,0,667,32,988,70,5149,32,6137,California
Lassen,2021-04-23,27,10697,1,1551,26,8479,0,667,21,1003,6,5155,21,6158,California
Lassen,2021-04-24,9,10706,5,1556,4,8483,0,667,3,1000,6,5161,3,6161,California
Lassen,2021-04-25,5,10711,0,1556,4,8487,1,668,3,1002,2,5163,4,6165,California
Lassen,2021-04-26,44,10755,2,1558,38,8525,4,672,9,981,34,5197,13,6178,California
Lassen,2021-04-27,119,10874,9,1567,107,8632,3,675,66,997,53,5250,69,6247,California
Lassen,2021-04-28,82,10956,7,1574,73,8705,2,677,29,975,53,5303,31,6278,California
Lassen,2021-04-29,69,11025,7,1581,59,8764,3,680,24,958,44,5347,27,6305,California
Lassen,2021-04-30,15,11040,8,1589,4,8768,3,683,6,958,9,5356,9,6314,California
Lassen,2021-05-01,5,11045,0,1589,4,8772,1,684,4,962,1,5357,5,6319,California
Lassen,2021-05-02,10,11055,6,1595,4,8776,0,684,6,964,4,5361,6,6325,California
Lassen,2021-05-03,17,11072,2,1597,9,8785,6,690,2,957,15,5376,8,6333,California
Lassen,2021-05-04,73,11145,5,1602,60,8845,8,698,21,934,52,5428,29,6362,California
Lassen,2021-05-05,83,11228,4,1606,67,8912,12,710,26,916,56,5484,38,6400,California
Lassen,2021-05-06,80,11308,21,1627,37,8949,22,732,21,900,59,5543,43,6443,California
Lassen,2021-05-07,49,11357,33,1660,11,8960,5,737,41,938,8,5551,46,6489,California
Lassen,2021-05-08,11,11368,0,1660,5,8965,6,743,4,941,7,5558,10,6499,California
Lassen,2021-05-09,3,11371,1,1661,0,8965,2,745,0,940,3,5561,2,6501,California
Lassen,2021-05-10,12,11383,1,1662,8,8973,3,748,6,943,6,5567,9,6510,California
Lassen,2021-05-11,74,11457,1,1663,62,9035,11,759,20,920,54,5621,31,6541,California
Lassen,2021-05-12,44,11501,4,1667,34,9069,6,765,14,910,30,5651,20,6561,California
Lassen,2021-05-13,36,11537,10,1677,21,9090,5,770,10,899,26,5677,15,6576,California
Lassen,2021-05-14,21,11558,3,1680,10,9100,8,778,10,906,11,5688,18,6594,California
Lassen,2021-05-15,16,11574,2,1682,4,9104,10,788,4,908,12,5700,14,6608,California
Lassen,2021-05-16,7,11581,2,1684,3,9107,2,790,2,908,4,5704,4,6612,California
Lassen,2021-05-17,36,11617,4,1688,20,9127,12,802,10,904,26,5730,22,6634,California
Lassen,2021-05-18,92,11709,11,1699,68,9195,13,815,28,881,64,5794,41,6675,California
Lassen,2021-05-19,59,11768,3,1702,45,9240,11,826,7,847,51,5845,17,6692,California
Lassen,2021-05-20,33,11801,8,1710,16,9256,9,835,11,845,22,5867,20,6712,California
Lassen,2021-05-21,67,11868,33,1743,20,9276,14,849,35,862,32,5899,49,6761,California
Lassen,2021-05-22,17,11885,2,1745,7,9283,8,857,7,867,10,5909,15,6776,California
Lassen,2021-05-23,6,11891,3,1748,1,9284,2,859,0,863,6,5915,2,6778,California
Lassen,2021-05-24,13,11904,1,1749,10,9294,2,861,5,863,7,5922,7,6785,California
Lassen,2021-05-25,99,12003,6,1755,84,9378,9,870,33,839,66,5988,42,6827,California
Lassen,2021-05-26,59,12062,1,1756,42,9420,16,886,11,818,48,6036,27,6854,California
Lassen,2021-05-27,43,12105,17,1773,20,9440,6,892,12,806,30,6066,18,6872,California
Lassen,2021-05-28,74,12179,48,1821,18,9458,8,900,30,800,44,6110,38,6910,California
Lassen,2021-05-29,15,12194,1,1822,12,9470,2,902,8,803,7,6117,10,6920,California
Lassen,2021-05-30,2,12196,0,1822,1,9471,1,903,1,804,1,6118,2,6922,California
Lassen,2021-05-31,7,12203,0,1822,6,9477,1,904,1,800,6,6124,2,6924,California
Lassen,2021-06-01,45,12248,2,1824,36,9513,7,911,15,792,30,6154,22,6946,California
Lassen,2021-06-02,57,12305,2,1826,41,9554,14,925,15,780,41,6195,29,6975,California
Lassen,2021-06-03,20,12325,2,1828,9,9563,9,934,6,781,14,6209,15,6990,California
Lassen,2021-06-04,37,12362,1,1829,24,9587,12,946,12,780,25,6234,24,7014,California
Lassen,2021-06-05,14,12376,3,1832,7,9594,4,950,4,778,10,6244,8,7022,California
Lassen,2021-06-06,5,12381,0,1832,2,9596,3,953,1,778,4,6248,4,7026,California
Lassen,2021-06-07,18,12399,0,1832,9,9605,9,962,3,775,15,6263,12,7038,California
Lassen,2021-06-08,40,12439,9,1841,27,9632,4,966,13,765,27,6290,17,7055,California
Lassen,2021-06-09,18,12457,1,1842,15,9647,2,968,7,764,10,6300,9,7064,California
Lassen,2021-06-10,20,12477,10,1852,7,9654,3,971,10,767,10,6310,13,7077,California
Lassen,2021-06-11,43,12520,29,1881,14,9668,0,971,11,747,32,6342,12,7089,California
Lassen,2021-06-12,5,12525,1,1882,4,9672,0,971,1,744,4,6346,1,7090,California
Lassen,2021-06-13,3,12528,2,1884,1,9673,0,971,1,743,2,6348,1,7091,California
Lassen,2021-06-14,9,12537,1,1885,6,9679,2,973,3,743,5,6353,5,7096,California
Lassen,2021-06-15,48,12585,5,1890,38,9717,5,978,15,730,33,6386,20,7116,California
Lassen,2021-06-16,12,12597,1,1891,6,9723,5,983,7,737,5,6391,12,7128,California
Lassen,2021-06-17,23,12620,11,1902,8,9731,4,987,10,738,13,6404,14,7142,California
Lassen,2021-06-18,45,12665,19,1921,18,9749,8,995,9,719,36,6440,17,7159,California
Lassen,2021-06-19,13,12678,1,1922,10,9759,2,997,5,718,8,6448,7,7166,California
Lassen,2021-06-20,6,12684,2,1924,3,9762,1,998,5,723,1,6449,6,7172,California
Lassen,2021-06-21,14,12698,0,1924,12,9774,2,1000,4,719,10,6459,6,7178,California
Lassen,2021-06-22,36,12734,1,1925,34,9808,1,1001,19,722,17,6476,20,7198,California
Lassen,2021-06-23,17,12751,2,1927,12,9820,3,1004,5,718,12,6488,8,7206,California
Lassen,2021-06-24,26,12777,3,1930,16,9836,7,1011,14,727,12,6500,21,7227,California
Lassen,2021-06-25,21,12798,3,1933,18,9854,0,1011,12,730,9,6509,12,7239,California
Lassen,2021-06-26,6,12804,0,1933,6,9860,0,1011,1,726,5,6514,1,7240,California
Lassen,2021-06-27,1,12805,0,1933,0,9860,1,1012,0,726,1,6515,1,7241,California
Lassen,2021-06-28,13,12818,2,1935,9,9869,2,1014,9,733,4,6519,11,7252,California
Lassen,2021-06-29,30,12848,1,1936,28,9897,1,1015,8,720,22,6541,9,7261,California
Lassen,2021-06-30,28,12876,7,1943,16,9913,5,1020,13,723,15,6556,18,7279,California
Lassen,2021-07-01,17,12893,14,1957,3,9916,0,1020,11,728,6,6562,11,7290,California
Los Angeles,2020-12-15,399,399,399,399,0,0,0,0,399,399,0,0,399,399,California
Los Angeles,2020-12-16,3602,4001,3602,4001,0,0,0,0,3602,4001,0,0,3602,4001,California
Los Angeles,2020-12-17,10431,14432,10431,14432,0,0,0,0,10432,14433,0,0,10432,14433,California
Los Angeles,2020-12-18,14803,29235,14777,29209,26,26,0,0,14803,29236,0,0,14803,29236,California
Los Angeles,2020-12-19,7317,36552,7308,36517,9,35,0,0,7319,36555,0,0,7319,36555,California
Los Angeles,2020-12-20,4677,41229,4666,41183,11,46,0,0,4679,41234,0,0,4679,41234,California
Los Angeles,2020-12-21,13791,55020,13774,54957,17,63,0,0,13792,55025,1,1,13792,55026,California
Los Angeles,2020-12-22,11615,66635,11222,66179,393,456,0,0,11614,66637,2,3,11614,66640,California
Los Angeles,2020-12-23,12030,78665,10249,76428,1781,2237,0,0,12031,78668,0,3,12031,78671,California
Los Angeles,2020-12-24,7073,85738,4279,80707,2794,5031,0,0,7076,85744,0,3,7076,85747,California
Los Angeles,2020-12-25,528,86266,421,81128,107,5138,0,0,529,86273,0,3,529,86276,California
Los Angeles,2020-12-26,2553,88819,2198,83326,355,5493,0,0,2552,88823,2,5,2552,88828,California
Los Angeles,2020-12-27,1789,90608,1049,84375,740,6233,0,0,1789,90612,0,5,1789,90617,California
Los Angeles,2020-12-28,10406,101014,6448,90823,3958,10191,0,0,10403,101014,1,6,10403,101020,California
Los Angeles,2020-12-29,11699,112713,6138,96961,5561,15752,0,0,11699,112712,1,7,11699,112719,California
Los Angeles,2020-12-30,14975,127688,8139,105100,6836,22588,0,0,14974,127686,0,7,14974,127693,California
Los Angeles,2020-12-31,8022,135710,2783,107883,5239,27827,0,0,8016,135697,5,12,8016,135709,California
Los Angeles,2021-01-01,1097,136807,324,108207,773,28600,0,0,1095,136790,2,14,1095,136804,California
Los Angeles,2021-01-02,4512,141319,1687,109894,2825,31425,0,0,4511,141301,0,14,4511,141315,California
Los Angeles,2021-01-03,971,142290,230,110124,741,32166,0,0,969,142268,2,16,969,142284,California
Los Angeles,2021-01-04,12830,155120,4919,115043,7911,40077,0,0,12814,155080,2,18,12814,155098,California
Los Angeles,2021-01-05,16157,171277,7140,122183,9017,49094,0,0,14205,167372,1923,1941,14215,169313,California
Los Angeles,2021-01-06,22827,194104,12139,134322,10688,59782,0,0,17127,178877,5632,7573,17137,186450,California
Los Angeles,2021-01-07,29853,223957,16143,150465,13710,73492,0,0,18950,186987,10856,18429,18966,205416,California
Los Angeles,2021-01-08,33582,257539,18274,168739,15308,88800,0,0,21067,195579,12487,30916,21079,226495,California
Los Angeles,2021-01-09,12571,270110,7218,175957,5353,94153,0,0,7614,198247,4954,35870,7622,234117,California
Los Angeles,2021-01-10,4789,274899,3717,179674,1072,95225,0,0,2005,197469,2784,38654,2006,236123,California
Los Angeles,2021-01-11,26070,300969,16409,196083,9661,104886,0,0,15061,201546,10995,49649,15072,251195,California
Los Angeles,2021-01-12,29524,330493,16265,212348,13259,118145,0,0,19301,210653,10207,59856,19314,270509,California
Los Angeles,2021-01-13,29675,360168,15908,228256,13767,131912,0,0,20641,222284,9017,68873,20648,291157,California
Los Angeles,2021-01-14,29472,389640,12765,241021,16707,148619,0,0,23893,240630,5560,74433,23906,315063,California
Los Angeles,2021-01-15,34138,423778,12439,253460,21699,170318,0,0,30520,267570,3590,78023,30530,345593,California
Los Angeles,2021-01-16,17757,441535,5013,258473,12744,183062,0,0,15956,281741,1792,79815,15963,361556,California
Los Angeles,2021-01-17,5278,446813,2358,260831,2920,185982,0,0,5016,286498,261,80076,5018,366574,California
Los Angeles,2021-01-18,15779,462592,10160,270991,5619,191601,0,0,11027,292790,4739,84815,11031,377605,California
Los Angeles,2021-01-19,38858,501450,20703,291694,18155,209756,0,0,30978,315945,7838,92653,30993,408598,California
Los Angeles,2021-01-20,47239,548689,24752,316446,22487,232243,0,0,39567,347887,7638,100291,39580,448178,California
Los Angeles,2021-01-21,49377,598066,22689,339135,26688,258931,0,0,45011,388624,4292,104583,45029,493207,California
Los Angeles,2021-01-22,48587,646653,22493,361628,26094,285025,0,0,45060,430222,3478,108061,45076,538283,California
Los Angeles,2021-01-23,34318,680971,15815,377443,18503,303528,0,0,32205,460361,2080,110141,32219,570502,California
Los Angeles,2021-01-24,15759,696730,12187,389630,3572,307100,0,0,15198,475011,551,110692,15201,585703,California
Los Angeles,2021-01-25,39772,736502,16767,406397,23005,330105,0,0,31037,497370,8694,119386,31053,616756,California
Los Angeles,2021-01-26,49910,786412,24742,431139,25168,355273,0,0,41532,530587,8336,127722,41553,658309,California
Los Angeles,2021-01-27,51174,837586,25923,457062,25251,380524,0,0,41646,562880,9380,137102,41673,699982,California
Los Angeles,2021-01-28,49263,886849,23519,480581,25744,406268,0,0,40660,595083,8473,145575,40676,740658,California
Los Angeles,2021-01-29,50104,936953,25767,506348,24337,430605,0,0,39756,624873,9983,155558,39773,780431,California
Los Angeles,2021-01-30,30441,967394,15597,521945,14844,445449,0,0,26041,646606,4314,159872,26047,806478,California
Los Angeles,2021-01-31,12879,980273,10086,532031,2793,448242,0,0,11957,657661,906,160778,11961,818439,California
Los Angeles,2021-02-01,38871,1019144,16416,548447,22455,470697,0,0,28055,674962,10766,171544,28067,846506,California
Los Angeles,2021-02-02,45118,1064262,18115,566562,27003,497700,0,0,32591,695082,12477,184021,32597,879103,California
Los Angeles,2021-02-03,52753,1117015,19695,586257,33058,530758,0,0,37632,717860,14866,198887,37644,916747,California
Los Angeles,2021-02-04,57753,1174768,20865,607122,36888,567646,0,0,39430,739332,17973,216860,39445,956192,California
Los Angeles,2021-02-05,62048,1236816,21267,628389,40781,608427,0,0,39755,757267,21834,238694,39769,995961,California
Los Angeles,2021-02-06,35834,1272650,13468,641857,22366,630793,0,0,27236,776010,8516,247210,27259,1023220,California
Los Angeles,2021-02-07,11024,1283674,8519,650376,2505,633298,0,0,8589,782192,2415,249625,8597,1031817,California
Los Angeles,2021-02-08,47372,1331046,21848,672224,25524,658822,0,0,30908,796788,16318,265943,30914,1062731,California
Los Angeles,2021-02-09,56316,1387362,24800,697024,31516,690338,0,0,28508,797598,27710,293653,28520,1091251,California
Los Angeles,2021-02-10,67671,1455033,29593,726617,38078,728416,0,0,30587,791527,36676,330329,30605,1121856,California
Los Angeles,2021-02-11,58901,1513934,31419,758036,27482,755898,0,0,28212,789561,30188,360517,28222,1150078,California
Los Angeles,2021-02-12,60605,1574539,30146,788182,30459,786357,0,0,26354,782084,33854,394371,26377,1176455,California
Los Angeles,2021-02-13,34231,1608770,19999,808181,14232,800589,0,0,15531,779076,18594,412965,15586,1192041,California
Los Angeles,2021-02-14,22044,1630814,15055,823236,6989,807578,0,0,8833,774777,13141,426106,8842,1200883,California
Los Angeles,2021-02-15,33284,1664098,16152,839388,17132,824710,0,0,18203,777999,14998,441104,18220,1219103,California
Los Angeles,2021-02-16,64823,1728921,32951,872339,31872,856582,0,0,29950,773215,34751,475855,29967,1249070,California
Los Angeles,2021-02-17,65661,1794582,35038,907377,30623,887205,0,0,26615,761018,38827,514682,26630,1275700,California
Los Angeles,2021-02-18,69337,1863919,35255,942632,34082,921287,0,0,28796,749511,40324,555006,28817,1304517,California
Los Angeles,2021-02-19,59533,1923452,36696,979328,22837,944124,0,0,29007,748167,30371,585377,29027,1333544,California
Los Angeles,2021-02-20,33636,1957088,24497,1003825,9139,953263,0,0,16141,746915,17418,602795,16166,1349710,California
Los Angeles,2021-02-21,22698,1979786,20968,1024793,1730,954993,0,0,11378,747053,11246,614041,11384,1361094,California
Los Angeles,2021-02-22,35919,2015705,26185,1050978,9734,964727,0,0,18340,747955,17461,631502,18363,1379457,California
Los Angeles,2021-02-23,56550,2072255,24290,1075268,32260,996987,0,0,21984,735613,34355,665857,22013,1401470,California
Los Angeles,2021-02-24,65994,2138249,29303,1104571,36691,1033678,0,0,28363,726619,37394,703251,28400,1429870,California
Los Angeles,2021-02-25,74617,2212866,34141,1138712,40476,1074154,0,0,38425,729092,35988,739239,38461,1468331,California
Los Angeles,2021-02-26,84262,2297128,39001,1177713,45261,1119415,0,0,47243,739630,36753,775992,47291,1515622,California
Los Angeles,2021-02-27,60706,2357834,26757,1204470,33940,1153355,9,9,30969,741087,29558,805550,31015,1546637,California
Los Angeles,2021-02-28,27081,2384915,18662,1223132,8416,1161771,3,12,18976,752098,7985,813535,18996,1565633,California
Los Angeles,2021-03-01,57699,2442614,32717,1255849,24938,1186709,44,56,34600,763910,22867,836402,34679,1600312,California
Los Angeles,2021-03-02,78455,2521069,38057,1293906,40390,1227099,8,64,49462,784603,28813,865215,49506,1649818,California
Los Angeles,2021-03-03,86389,2607458,44302,1338208,42068,1269167,19,83,54709,807903,31464,896679,54764,1704582,California
Los Angeles,2021-03-04,92176,2699634,47208,1385416,44951,1314118,17,100,58287,832575,33671,930350,58343,1762925,California
Los Angeles,2021-03-05,90853,2790487,44825,1430241,45994,1360112,34,134,60700,863458,29922,960272,60805,1823730,California
Los Angeles,2021-03-06,67653,2858140,34507,1464748,31310,1391422,1836,1970,43567,884947,23926,984198,45415,1869145,California
Los Angeles,2021-03-07,27424,2885564,20877,1485625,5706,1397128,841,2811,21205,900816,6182,990380,22051,1891196,California
Los Angeles,2021-03-08,54630,2940194,29557,1515182,23102,1420230,1971,4782,41282,930857,13220,1003600,43261,1934457,California
Los Angeles,2021-03-09,82163,3022357,39172,1554354,39700,1459930,3291,8073,52244,956643,29748,1033348,55534,1989991,California
Los Angeles,2021-03-10,83698,3106055,41214,1595568,37586,1497516,4898,12971,52929,983866,30563,1063911,57786,2047777,California
Los Angeles,2021-03-11,93803,3199858,46117,1641685,40941,1538457,6745,19716,54899,1006781,38684,1102595,61599,2109376,California
Los Angeles,2021-03-12,99854,3299712,45262,1686947,40657,1579114,13935,33651,58230,1037486,41379,1143974,72084,2181460,California
Los Angeles,2021-03-13,76034,3375746,35906,1722853,28129,1607243,11999,45650,45276,1064068,30627,1174601,57209,2238669,California
Los Angeles,2021-03-14,39246,3414992,26372,1749225,10316,1617559,2558,48208,23929,1075309,15233,1189834,26474,2265143,California
Los Angeles,2021-03-15,75703,3490695,37202,1786427,33033,1650592,5468,53676,45675,1096623,29800,1219634,51114,2316257,California
Los Angeles,2021-03-16,100566,3591261,44250,1830677,50433,1701025,5883,59559,64979,1132086,35347,1254981,70810,2387067,California
Los Angeles,2021-03-17,98208,3689469,44924,1875601,44958,1745983,8326,67885,65810,1173899,32165,1287146,73978,2461045,California
Los Angeles,2021-03-18,103713,3793182,49811,1925412,48316,1794299,5586,73471,65556,1207191,37828,1324974,71120,2532165,California
Los Angeles,2021-03-19,110051,3903233,57601,1983013,47652,1841951,4798,78269,67732,1237664,42014,1366988,72487,2604652,California
Los Angeles,2021-03-20,77023,3980256,37926,2020939,34488,1876439,4609,82878,52284,1270006,24531,1391519,56873,2661525,California
Los Angeles,2021-03-21,34966,4015222,26035,2046974,8024,1884463,907,83785,22360,1280800,12471,1403990,23265,2684790,California
Los Angeles,2021-03-22,71464,4086686,42131,2089105,27157,1911620,2176,85961,50042,1311889,21125,1425115,52214,2737004,California
Los Angeles,2021-03-23,97164,4183850,52790,2141895,41125,1952745,3249,89210,58557,1335369,38315,1463430,61795,2798799,California
Los Angeles,2021-03-24,105582,4289432,56163,2198058,46247,1998992,3172,92382,60498,1354302,44726,1508156,63659,2862458,California
Los Angeles,2021-03-25,111476,4400908,59910,2257968,47657,2046649,3909,96291,62282,1371611,48858,1557014,66167,2928625,California
Los Angeles,2021-03-26,115864,4516772,63533,2321501,48085,2094734,4246,100537,63737,1387753,51806,1608820,67948,2996573,California
Los Angeles,2021-03-27,83821,4600593,44138,2365639,37542,2132276,2141,102678,42647,1391661,40879,1649699,44787,3041360,California
Los Angeles,2021-03-28,42320,4642913,28711,2394350,13023,2145299,586,103264,20073,1390214,22108,1671807,20661,3062021,California
Los Angeles,2021-03-29,83515,4726428,47071,2441421,34660,2179959,1784,105048,46161,1401050,37105,1708912,47941,3109962,California
Los Angeles,2021-03-30,109653,4836081,52503,2493924,51207,2231166,5943,110991,56963,1411498,52416,1761328,62864,3172826,California
Los Angeles,2021-03-31,123253,4959334,62358,2556282,52047,2283213,8848,119839,68381,1434140,54522,1815850,77164,3249990,California
Los Angeles,2021-04-01,134229,5093563,62988,2619270,55764,2338977,15477,135316,71613,1458905,62211,1878061,86976,3336966,California
Los Angeles,2021-04-02,133210,5226773,59642,2678912,57976,2396953,15592,150908,70465,1482535,62366,1940427,85996,3422962,California
Los Angeles,2021-04-03,98968,5325741,45364,2724276,39923,2436876,13681,164589,48704,1494774,50053,1990480,62292,3485254,California
Los Angeles,2021-04-04,39327,5365068,20607,2744883,12075,2448951,6645,171234,16380,1494909,22845,2013325,22980,3508234,California
Los Angeles,2021-04-05,94479,5459547,44782,2789665,39361,2488312,10336,181570,44455,1499828,49788,2063113,54707,3562941,California
Los Angeles,2021-04-06,121890,5581437,57527,2847192,43980,2532292,20383,201953,55745,1509945,65865,2128978,75982,3638923,California
Los Angeles,2021-04-07,121379,5702816,55295,2902487,44808,2577100,21276,223229,54555,1519093,66531,2195509,75679,3714602,California
Los Angeles,2021-04-08,133940,5836756,59030,2961517,50649,2627749,24261,247490,60086,1529758,73495,2269004,84160,3798762,California
Los Angeles,2021-04-09,132844,5969600,57690,3019207,51002,2678751,24152,271642,56692,1534613,75798,2344802,80653,3879415,California
Los Angeles,2021-04-10,102201,6071801,43197,3062404,34764,2713515,24240,295882,37409,1531583,64529,2409331,61499,3940914,California
Los Angeles,2021-04-11,41993,6113794,22701,3085105,9888,2723403,9404,305286,14453,1527928,27443,2436774,23788,3964702,California
Los Angeles,2021-04-12,79827,6193621,39010,3124115,34326,2757729,6491,311777,32588,1519940,46998,2483772,39010,4003712,California
Los Angeles,2021-04-13,118629,6312250,59832,3183947,58362,2816091,435,312212,62683,1527409,55658,2539430,63127,4066839,California
Los Angeles,2021-04-14,120439,6432689,60299,3244246,60005,2876096,135,312347,65203,1537826,54921,2594351,65338,4132177,California
Los Angeles,2021-04-15,131774,6564463,71279,3315525,60297,2936393,198,312545,75299,1557057,56137,2650488,75368,4207545,California
Los Angeles,2021-04-16,131961,6696424,69708,3385233,62107,2998500,146,312691,69443,1564442,62141,2712629,69526,4277071,California
Los Angeles,2021-04-17,99761,6796185,52226,3437459,47504,3046004,31,312722,56843,1578655,42656,2755285,56869,4333940,California
Los Angeles,2021-04-18,35798,6831983,24178,3461637,11619,3057623,1,312723,19574,1582111,16127,2771412,19583,4353523,California
Los Angeles,2021-04-19,77446,6909429,40609,3502246,36820,3094443,17,312740,34744,1574413,42471,2813883,34773,4388296,California
Los Angeles,2021-04-20,105939,7015368,52542,3554788,53367,3147810,30,312770,52378,1573558,53270,2867153,52415,4440711,California
Los Angeles,2021-04-21,114941,7130309,56360,3611148,58390,3206200,191,312961,51006,1561231,63532,2930685,51205,4491916,California
Los Angeles,2021-04-22,118839,7249148,61802,3672950,57004,3263204,33,312994,52392,1547596,66073,2996758,52438,4544354,California
Los Angeles,2021-04-23,118340,7367488,65063,3738013,53255,3316459,22,313016,56448,1542531,61544,3058302,56479,4600833,California
Los Angeles,2021-04-24,90472,7457960,57493,3795506,32937,3349396,42,313058,50480,1553331,39735,3098037,50535,4651368,California
Los Angeles,2021-04-25,38014,7495974,25180,3820686,12828,3362224,6,313064,20451,1556358,17430,3115467,20457,4671825,California
Los Angeles,2021-04-26,79132,7575106,41278,3861964,37343,3399567,511,313575,39018,1556020,39866,3155333,39528,4711353,California
Los Angeles,2021-04-27,95471,7670577,45996,3907960,47472,3447039,2003,315578,37030,1536911,58130,3213463,39021,4750374,California
Los Angeles,2021-04-28,87986,7758563,42684,3950644,43199,3490238,2103,317681,34829,1521056,52781,3266244,36926,4787300,California
Los Angeles,2021-04-29,94593,7853156,47346,3997990,45033,3535271,2214,319895,34273,1497647,59891,3326135,36482,4823782,California
Los Angeles,2021-04-30,102539,7955695,50831,4048821,49247,3584518,2461,322356,37731,1473498,64325,3390460,40176,4863958,California
Los Angeles,2021-05-01,75844,8031539,42412,4091233,31876,3616394,1556,323912,28573,1456702,46921,3437381,30125,4894083,California
Los Angeles,2021-05-02,28083,8059622,18037,4109270,9306,3625700,740,324652,10175,1449833,17782,3455163,10913,4904996,California
Los Angeles,2021-05-03,62588,8122210,30403,4139673,29949,3655649,2236,326888,22758,1435263,39546,3494709,24976,4929972,California
Los Angeles,2021-05-04,88643,8210853,49429,4189102,36916,3692565,2298,329186,27677,1404582,60640,3555349,29959,4959931,California
Los Angeles,2021-05-05,91601,8302454,53642,4242744,35558,3728123,2401,331587,25425,1366599,65798,3621147,27815,4987746,California
Los Angeles,2021-05-06,98637,8401091,59665,4302409,36453,3764576,2519,334106,23609,1318087,74625,3695772,26113,5013859,California
Los Angeles,2021-05-07,98468,8499559,58309,4360718,37778,3802354,2381,336487,27169,1276703,70912,3766684,29528,5043387,California
Los Angeles,2021-05-08,66965,8566524,43959,4404677,21229,3823583,1777,338264,18614,1249083,48002,3814686,20382,5063769,California
Los Angeles,2021-05-09,24481,8591005,18808,4423485,4932,3828515,741,339005,6167,1237774,18209,3832895,6900,5070669,California
Los Angeles,2021-05-10,50790,8641795,26938,4450423,21943,3850458,1909,340914,15557,1220253,34981,3867876,17460,5088129,California
Los Angeles,2021-05-11,71520,8713315,39018,4489441,30349,3880807,2153,343067,18751,1188650,52488,3920364,20885,5109014,California
Los Angeles,2021-05-12,72649,8785964,39805,4529246,30524,3911331,2320,345387,20450,1159520,51873,3972237,22743,5131757,California
Los Angeles,2021-05-13,78450,8864414,47306,4576552,29411,3940742,1733,347120,27985,1139169,50057,4022294,29706,5161463,California
Los Angeles,2021-05-14,89837,8954251,57208,4633760,30748,3971490,1881,349001,33922,1119417,55545,4077839,35793,5197256,California
Los Angeles,2021-05-15,76582,9030833,53607,4687367,21421,3992911,1554,350555,29802,1104289,46471,4124310,31343,5228599,California
Los Angeles,2021-05-16,31026,9061859,24594,4711961,5816,3998727,616,351171,12327,1098632,18595,4142905,12938,5241537,California
Los Angeles,2021-05-17,62065,9123924,40219,4752180,20066,4018793,1780,352951,24933,1088443,36879,4179784,26690,5268227,California
Los Angeles,2021-05-18,65322,9189246,38688,4790868,24799,4043592,1835,354786,25719,1076641,39323,4219107,27521,5295748,California
Los Angeles,2021-05-19,67604,9256850,40758,4831626,25000,4068592,1846,356632,28792,1068730,38532,4257639,30621,5326369,California
Los Angeles,2021-05-20,66632,9323482,37320,4868946,27231,4095823,2081,358713,25197,1054959,41040,4298679,27269,5353638,California
Los Angeles,2021-05-21,70137,9393619,42540,4911486,25521,4121344,2076,360789,27173,1041633,42564,4341243,29238,5382876,California
Los Angeles,2021-05-22,57457,9451076,37365,4948851,18437,4139781,1655,362444,23331,1032723,33884,4375127,24974,5407850,California
Los Angeles,2021-05-23,24298,9475374,16941,4965792,6513,4146294,844,363288,10734,1030867,13430,4388557,11574,5419424,California
Los Angeles,2021-05-24,49076,9524450,27132,4992924,20086,4166380,1858,365146,18588,1021050,30246,4418803,20429,5439853,California
Los Angeles,2021-05-25,49852,9574302,28845,5021769,19233,4185613,1774,366920,19169,1011566,30421,4449224,20937,5460790,California
Los Angeles,2021-05-26,47214,9621516,26691,5048460,18673,4204286,1850,368770,19724,1005954,27067,4476291,21455,5482245,California
Los Angeles,2021-05-27,45519,9667035,25453,5073913,18232,4222518,1834,370604,18802,1000109,26464,4502755,20619,5502864,California
Los Angeles,2021-05-28,52389,9719424,29673,5103586,20820,4243338,1896,372500,23259,996444,28807,4531562,25142,5528006,California
Los Angeles,2021-05-29,30528,9749952,17649,5121235,11834,4255172,1045,373545,14176,995496,16157,4547719,15209,5543215,California
Los Angeles,2021-05-30,12497,9762449,8199,5129434,3564,4258736,734,374279,5790,995362,6652,4554371,6518,5549733,California
Los Angeles,2021-05-31,6051,9768500,3739,5133173,2006,4260742,306,374585,1728,993131,4262,4558633,2031,5551764,California
Los Angeles,2021-06-01,46308,9814808,25933,5159106,18802,4279544,1573,376158,17001,982718,28962,4587595,18549,5570313,California
Los Angeles,2021-06-02,38587,9853395,22300,5181406,14834,4294378,1453,377611,15087,976013,23218,4610813,16513,5586826,California
Los Angeles,2021-06-03,42843,9896238,28369,5209775,12913,4307291,1561,379172,14719,964441,27836,4638649,16264,5603090,California
Los Angeles,2021-06-04,52408,9948646,35423,5245198,15305,4322596,1680,380852,16555,947161,35492,4674141,18212,5621302,California
Los Angeles,2021-06-05,42544,9991190,30490,5275688,10671,4333267,1383,382235,12321,930815,30036,4704177,13690,5634992,California
Los Angeles,2021-06-06,14760,10005950,12180,5287868,1841,4335108,739,382974,3953,924765,10736,4714913,4686,5639678,California
Los Angeles,2021-06-07,36967,10042917,26387,5314255,9129,4344237,1451,384425,11750,912934,25015,4739928,13184,5652862,California
Los Angeles,2021-06-08,38401,10081318,26466,5340721,10345,4354582,1590,386015,12769,901951,25328,4765256,14345,5667207,California
Los Angeles,2021-06-09,39867,10121185,28164,5368885,10182,4364764,1521,387536,11722,887286,27880,4793136,13215,5680422,California
Los Angeles,2021-06-10,36638,10157823,25370,5394255,9661,4374425,1607,389143,11548,875568,24856,4817992,13138,5693560,California
Los Angeles,2021-06-11,41208,10199031,28221,5422476,11320,4385745,1667,390810,13475,863262,27433,4845425,15127,5708687,California
Los Angeles,2021-06-12,33413,10232444,24067,5446543,8128,4393873,1218,392028,10315,851854,22929,4868354,11521,5720208,California
Los Angeles,2021-06-13,11525,10243969,8254,5454797,2633,4396506,638,392666,2629,846283,8831,4877185,3260,5723468,California
Los Angeles,2021-06-14,32655,10276624,23481,5478278,7798,4404304,1376,394042,11423,838029,21033,4898218,12779,5736247,California
Los Angeles,2021-06-15,33898,10310522,22757,5501035,9439,4413743,1702,395744,11804,829775,21733,4919951,13479,5749726,California
Los Angeles,2021-06-16,32286,10342808,22310,5523345,8233,4421976,1743,397487,11335,822129,20717,4940668,13071,5762797,California
Los Angeles,2021-06-17,29631,10372439,19853,5543198,8047,4430023,1731,399218,10832,816140,18537,4959205,12548,5775345,California
Los Angeles,2021-06-18,35249,10407688,24250,5567448,9051,4439074,1948,401166,12471,808134,22405,4981610,14399,5789744,California
Los Angeles,2021-06-19,22277,10429965,15023,5582471,5886,4444960,1368,402534,8594,804625,13452,4995062,9943,5799687,California
Los Angeles,2021-06-20,8443,10438408,5944,5588415,2009,4446969,490,403024,3060,802862,5309,5000371,3546,5803233,California
Los Angeles,2021-06-21,19096,10457504,11738,5600153,5986,4452955,1372,404396,10254,805750,8724,5009095,11612,5814845,California
Los Angeles,2021-06-22,26193,10483697,17684,5617837,6998,4459953,1511,405907,10150,801541,15865,5024960,11656,5826501,California
Los Angeles,2021-06-23,24889,10508586,17125,5634962,6371,4466324,1393,407300,10002,798207,14712,5039672,11378,5837879,California
Los Angeles,2021-06-24,24639,10533225,16972,5651934,6068,4472392,1599,408899,9528,794393,14902,5054574,11088,5848967,California
Los Angeles,2021-06-25,29149,10562374,20312,5672246,7232,4479624,1605,410504,11892,790821,17049,5071623,13477,5862444,California
Los Angeles,2021-06-26,19930,10582304,14497,5686743,4417,4484041,1016,411520,8283,788568,11535,5083158,9282,5871726,California
Los Angeles,2021-06-27,8573,10590877,6236,5692979,1905,4485946,432,411952,3638,787758,4870,5088028,4060,5875786,California
Los Angeles,2021-06-28,19968,10610845,15401,5708380,3347,4489293,1220,413172,8745,786615,11098,5099126,9955,5885741,California
Los Angeles,2021-06-29,22251,10633096,15280,5723660,5911,4495204,1060,414232,9743,785053,12353,5111479,10791,5896532,California
Los Angeles,2021-06-30,21514,10654610,15245,5738905,5204,4500408,1065,415297,9633,783993,11744,5123223,10684,5907216,California
Los Angeles,2021-07-01,14857,10669467,10622,5749527,3400,4503808,835,416132,6533,783116,8234,5131457,7357,5914573,California
Madera,2020-12-16,22,22,22,22,0,0,0,0,22,22,0,0,22,22,California
Madera,2020-12-17,12,34,12,34,0,0,0,0,12,34,0,0,12,34,California
Madera,2020-12-18,61,95,61,95,0,0,0,0,61,95,0,0,61,95,California
Madera,2020-12-19,5,100,5,100,0,0,0,0,5,100,0,0,5,100,California
Madera,2020-12-20,14,114,14,114,0,0,0,0,14,114,0,0,14,114,California
Madera,2020-12-21,59,173,59,173,0,0,0,0,59,173,0,0,59,173,California
Madera,2020-12-22,97,270,95,268,2,2,0,0,97,270,0,0,97,270,California
Madera,2020-12-23,67,337,67,335,0,2,0,0,67,337,0,0,67,337,California
Madera,2020-12-24,45,382,40,375,5,7,0,0,45,382,0,0,45,382,California
Madera,2020-12-26,27,409,26,401,1,8,0,0,27,409,0,0,27,409,California
Madera,2020-12-27,30,439,12,413,18,26,0,0,30,439,0,0,30,439,California
Madera,2020-12-28,107,546,36,449,71,97,0,0,107,546,0,0,107,546,California
Madera,2020-12-29,176,722,37,486,139,236,0,0,176,722,0,0,176,722,California
Madera,2020-12-30,226,948,90,576,136,372,0,0,226,948,0,0,226,948,California
Madera,2020-12-31,203,1151,81,657,122,494,0,0,203,1151,0,0,203,1151,California
Madera,2021-01-01,2,1153,1,658,1,495,0,0,2,1153,0,0,2,1153,California
Madera,2021-01-02,89,1242,33,691,56,551,0,0,89,1242,0,0,89,1242,California
Madera,2021-01-03,4,1246,4,695,0,551,0,0,4,1246,0,0,4,1246,California
Madera,2021-01-04,130,1376,66,761,64,615,0,0,130,1376,0,0,130,1376,California
Madera,2021-01-05,280,1656,143,904,137,752,0,0,276,1648,4,4,276,1652,California
Madera,2021-01-06,184,1840,27,931,157,909,0,0,164,1792,20,24,164,1816,California
Madera,2021-01-07,400,2240,116,1047,284,1193,0,0,377,2147,23,47,378,2194,California
Madera,2021-01-08,420,2660,72,1119,348,1541,0,0,365,2459,54,101,366,2560,California
Madera,2021-01-09,38,2698,14,1133,24,1565,0,0,29,2479,9,110,29,2589,California
Madera,2021-01-10,17,2715,14,1147,3,1568,0,0,5,2472,12,122,5,2594,California
Madera,2021-01-11,238,2953,190,1337,48,1616,0,0,197,2628,41,163,197,2791,California
Madera,2021-01-12,388,3341,157,1494,231,1847,0,0,284,2808,104,267,284,3075,California
Madera,2021-01-13,182,3523,90,1584,92,1939,0,0,126,2879,56,323,127,3202,California
Madera,2021-01-14,556,4079,84,1668,472,2411,0,0,522,3367,34,357,522,3724,California
Madera,2021-01-15,599,4678,160,1828,439,2850,0,0,577,3922,22,379,577,4301,California
Madera,2021-01-16,383,5061,49,1877,334,3184,0,0,355,4249,28,407,355,4656,California
Madera,2021-01-17,334,5395,15,1892,319,3503,0,0,330,4575,4,411,330,4986,California
Madera,2021-01-18,77,5472,61,1953,16,3519,0,0,58,4615,18,429,58,5044,California
Madera,2021-01-19,566,6038,133,2086,433,3952,0,0,540,5130,26,455,541,5585,California
Madera,2021-01-20,341,6379,184,2270,157,4109,0,0,245,5280,95,550,245,5830,California
Madera,2021-01-21,291,6670,183,2453,108,4217,0,0,227,5445,62,612,227,6057,California
Madera,2021-01-22,262,6932,84,2537,178,4395,0,0,245,5673,17,629,245,6302,California
Madera,2021-01-23,101,7033,53,2590,48,4443,0,0,77,5726,24,653,77,6379,California
Madera,2021-01-24,101,7134,82,2672,19,4462,0,0,79,5783,22,675,79,6458,California
Madera,2021-01-25,269,7403,126,2798,143,4605,0,0,145,5804,124,799,145,6603,California
Madera,2021-01-26,493,7896,190,2988,303,4908,0,0,301,5915,191,990,302,6905,California
Madera,2021-01-27,749,8645,67,3055,682,5590,0,0,611,6390,138,1128,613,7518,California
Madera,2021-01-28,551,9196,112,3167,439,6029,0,0,445,6730,106,1234,446,7964,California
Madera,2021-01-29,471,9667,93,3260,378,6407,0,0,416,7091,55,1289,416,8380,California
Madera,2021-01-30,503,10170,16,3276,487,6894,0,0,449,7486,54,1343,449,8829,California
Madera,2021-01-31,8,10178,5,3281,3,6897,0,0,7,7492,1,1344,7,8836,California
Madera,2021-02-01,331,10509,146,3427,185,7082,0,0,207,7575,124,1468,207,9043,California
Madera,2021-02-02,252,10761,89,3516,163,7245,0,0,159,7643,92,1560,160,9203,California
Madera,2021-02-03,595,11356,458,3974,137,7382,0,0,477,8005,116,1676,478,9681,California
Madera,2021-02-04,398,11754,126,4100,272,7654,0,0,116,7841,281,1957,117,9798,California
Madera,2021-02-05,979,12733,299,4399,680,8334,0,0,371,7611,602,2559,372,10170,California
Madera,2021-02-06,365,13098,327,4726,38,8372,0,0,323,7893,41,2600,323,10493,California
Madera,2021-02-07,35,13133,7,4733,28,8400,0,0,30,7918,5,2605,30,10523,California
Madera,2021-02-08,384,13517,308,5041,76,8476,0,0,269,8073,114,2719,269,10792,California
Madera,2021-02-09,483,14000,118,5159,365,8841,0,0,198,7991,282,3001,200,10992,California
Madera,2021-02-10,434,14434,150,5309,284,9125,0,0,281,8121,151,3152,281,11273,California
Madera,2021-02-11,934,15368,305,5614,629,9754,0,0,400,7989,533,3685,401,11674,California
Madera,2021-02-12,850,16218,121,5735,729,10483,0,0,314,7776,530,4215,317,11991,California
Madera,2021-02-13,484,16702,45,5780,439,10922,0,0,136,7568,347,4562,139,12130,California
Madera,2021-02-14,400,17102,74,5854,326,11248,0,0,134,7437,266,4828,135,12265,California
Madera,2021-02-15,247,17349,100,5954,147,11395,0,0,175,7542,70,4898,175,12440,California
Madera,2021-02-16,778,18127,184,6138,594,11989,0,0,227,7221,549,5447,228,12668,California
Madera,2021-02-17,616,18743,278,6416,338,12327,0,0,343,7300,266,5713,345,13013,California
Madera,2021-02-18,1305,20048,542,6958,763,13090,0,0,1123,8243,181,5894,1124,14137,California
Madera,2021-02-19,869,20917,551,7509,318,13408,0,0,723,8822,145,6039,724,14861,California
Madera,2021-02-20,1078,21995,985,8494,93,13501,0,0,1003,9752,74,6113,1004,15865,California
Madera,2021-02-21,992,22987,850,9344,142,13643,0,0,984,10729,7,6120,984,16849,California
Madera,2021-02-22,956,23943,878,10222,78,13721,0,0,898,11570,57,6177,898,17747,California
Madera,2021-02-23,755,24698,468,10690,287,14008,0,0,527,11870,227,6404,527,18274,California
Madera,2021-02-24,918,25616,300,10990,618,14626,0,0,380,11713,537,6941,380,18654,California
Madera,2021-02-25,1034,26650,317,11307,717,15343,0,0,600,11881,432,7373,600,19254,California
Madera,2021-02-26,1096,27746,199,11506,897,16240,0,0,711,12209,383,7756,711,19965,California
Madera,2021-02-27,924,28670,293,11799,631,16871,0,0,494,12279,427,8183,497,20462,California
Madera,2021-02-28,193,28863,30,11829,163,17034,0,0,187,12460,6,8189,187,20649,California
Madera,2021-03-01,380,29243,120,11949,260,17294,0,0,195,12474,182,8371,196,20845,California
Madera,2021-03-02,744,29987,348,12297,396,17690,0,0,631,12996,111,8482,633,21478,California
Madera,2021-03-03,1360,31347,729,13026,631,18321,0,0,951,13568,406,8888,978,22456,California
Madera,2021-03-04,1204,32551,525,13551,679,19000,0,0,951,14269,254,9142,955,23411,California
Madera,2021-03-05,1364,33915,422,13973,929,19929,13,13,1081,15094,281,9423,1106,24517,California
Madera,2021-03-06,817,34732,636,14609,149,20078,32,45,498,15307,318,9741,531,25048,California
Madera,2021-03-07,156,34888,27,14636,107,20185,22,67,105,15383,51,9792,127,25175,California
Madera,2021-03-08,606,35494,338,14974,208,20393,60,127,312,15462,294,10086,373,25548,California
Madera,2021-03-09,599,36093,296,15270,269,20662,34,161,409,15725,188,10274,451,25999,California
Madera,2021-03-10,1193,37286,559,15829,554,21216,80,241,755,16128,433,10707,836,26835,California
Madera,2021-03-11,1683,38969,868,16697,487,21703,328,569,768,16325,911,11618,1108,27943,California
Madera,2021-03-12,1585,40554,822,17519,608,22311,155,724,801,16528,781,12399,984,28927,California
Madera,2021-03-13,1892,42446,1330,18849,363,22674,199,923,817,16494,1069,13468,1035,29962,California
Madera,2021-03-14,584,43030,449,19298,103,22777,32,955,286,16519,293,13761,318,30280,California
Madera,2021-03-15,746,43776,229,19527,471,23248,46,1001,512,16884,230,13991,595,30875,California
Madera,2021-03-16,934,44710,529,20056,358,23606,47,1048,741,17499,190,14181,805,31680,California
Madera,2021-03-17,1466,46176,981,21037,422,24028,63,1111,906,18011,551,14732,1063,32743,California
Madera,2021-03-18,1956,48132,689,21726,1203,25231,64,1175,970,18158,979,15711,1126,33869,California
Madera,2021-03-19,1586,49718,590,22316,913,26144,83,1258,1027,18792,555,16266,1189,35058,California
Madera,2021-03-20,1179,50897,773,23089,353,26497,53,1311,585,18904,591,16857,703,35761,California
Madera,2021-03-21,1100,51997,897,23986,157,26654,46,1357,365,18587,730,17587,413,36174,California
Madera,2021-03-22,1357,53354,853,24839,440,27094,64,1421,659,18663,694,18281,770,36944,California
Madera,2021-03-23,1431,54785,877,25716,463,27557,91,1512,677,18765,751,19032,853,37797,California
Madera,2021-03-24,949,55734,509,26225,409,27966,31,1543,615,19086,330,19362,651,38448,California
Madera,2021-03-25,1167,56901,527,26752,616,28582,24,1567,644,19254,513,19875,681,39129,California
Madera,2021-03-26,1521,58422,579,27331,809,29391,133,1700,712,19298,805,20680,849,39978,California
Madera,2021-03-27,928,59350,605,27936,298,29689,25,1725,414,19228,510,21190,440,40418,California
Madera,2021-03-28,437,59787,151,28087,226,29915,60,1785,202,19351,234,21424,357,40775,California
Madera,2021-03-29,684,60471,180,28267,475,30390,29,1814,490,19684,190,21614,523,41298,California
Madera,2021-03-30,1071,61542,606,28873,436,30826,29,1843,476,19599,591,22205,506,41804,California
Madera,2021-03-31,1401,62943,542,29415,721,31547,138,1981,424,19190,971,23176,562,42366,California
Madera,2021-04-01,1394,64337,628,30043,715,32262,51,2032,482,18820,901,24077,531,42897,California
Madera,2021-04-02,1607,65944,461,30504,1087,33349,59,2091,479,18242,1117,25194,539,43436,California
Madera,2021-04-03,962,66906,764,31268,178,33527,20,2111,392,18096,568,25762,422,43858,California
Madera,2021-04-04,187,67093,65,31333,120,33647,2,2113,86,18084,101,25863,89,43947,California
Madera,2021-04-05,737,67830,254,31587,424,34071,59,2172,338,18098,397,26260,411,44358,California
Madera,2021-04-06,1703,69533,886,32473,462,34533,355,2527,526,17804,1175,27435,881,45239,California
Madera,2021-04-07,1229,70762,384,32857,695,35228,150,2677,423,17580,802,28237,578,45817,California
Madera,2021-04-08,1729,72491,671,33528,798,36026,260,2937,556,17238,1164,29401,822,46639,California
Madera,2021-04-09,1656,74147,699,34227,808,36834,149,3086,949,17637,702,30103,1101,47740,California
Madera,2021-04-10,979,75126,686,34913,225,37059,68,3154,711,18148,269,30372,780,48520,California
Madera,2021-04-11,812,75938,657,35570,76,37135,79,3233,287,17991,521,30893,364,48884,California
Madera,2021-04-12,817,76755,295,35865,447,37582,75,3308,315,17881,501,31394,391,49275,California
Madera,2021-04-13,1251,78006,618,36483,591,38173,42,3350,728,18141,519,31913,779,50054,California
Madera,2021-04-14,1400,79406,867,37350,533,38706,0,3350,576,17901,822,32735,582,50636,California
Madera,2021-04-15,1170,80576,509,37859,660,39366,1,3351,422,17589,736,33471,424,51060,California
Madera,2021-04-16,1363,81939,548,38407,815,40181,0,3351,386,17015,963,34434,389,51449,California
Madera,2021-04-17,1294,83233,1091,39498,203,40384,0,3351,774,17272,517,34951,774,52223,California
Madera,2021-04-18,260,83493,220,39718,40,40424,0,3351,89,17195,166,35117,89,52312,California
Madera,2021-04-19,820,84313,245,39963,574,40998,1,3352,286,16953,528,35645,286,52598,California
Madera,2021-04-20,907,85220,456,40419,451,41449,0,3352,237,16526,666,36311,239,52837,California
Madera,2021-04-21,896,86116,484,40903,412,41861,0,3352,303,16239,592,36903,305,53142,California
Madera,2021-04-22,1102,87218,535,41438,567,42428,0,3352,379,15900,719,37622,380,53522,California
Madera,2021-04-23,971,88189,318,41756,653,43081,0,3352,340,15614,626,38248,340,53862,California
Madera,2021-04-24,708,88897,466,42222,242,43323,0,3352,247,15405,457,38705,248,54110,California
Madera,2021-04-25,266,89163,160,42382,103,43426,3,3355,119,15385,143,38848,123,54233,California
Madera,2021-04-26,564,89727,110,42492,448,43874,6,3361,133,15096,428,39276,139,54372,California
Madera,2021-04-27,629,90356,281,42773,323,44197,25,3386,316,15128,310,39586,342,54714,California
Madera,2021-04-28,510,90866,205,42978,286,44483,19,3405,247,15132,261,39847,265,54979,California
Madera,2021-04-29,554,91420,251,43229,276,44759,27,3432,259,15131,288,40135,287,55266,California
Madera,2021-04-30,944,92364,510,43739,418,45177,16,3448,274,14758,664,40799,291,55557,California
Madera,2021-05-01,968,93332,870,44609,85,45262,13,3461,389,14582,578,41377,402,55959,California
Madera,2021-05-02,400,93732,352,44961,43,45305,5,3466,145,14477,255,41632,150,56109,California
Madera,2021-05-03,499,94231,199,45160,260,45565,40,3506,101,14223,395,42027,141,56250,California
Madera,2021-05-04,911,95142,440,45600,427,45992,44,3550,216,13788,695,42722,260,56510,California
Madera,2021-05-05,1023,96165,490,46090,473,46465,60,3610,280,13387,741,43463,340,56850,California
Madera,2021-05-06,710,96875,260,46350,418,46883,32,3642,166,13046,539,44002,198,57048,California
Madera,2021-05-07,814,97689,284,46634,509,47392,21,3663,197,12652,611,44613,217,57265,California
Madera,2021-05-08,976,98665,762,47396,203,47595,11,3674,188,12064,787,45400,199,57464,California
Madera,2021-05-09,147,98812,21,47417,115,47710,11,3685,35,12000,110,45510,46,57510,California
Madera,2021-05-10,361,99173,75,47492,274,47984,12,3697,101,11854,259,45769,113,57623,California
Madera,2021-05-11,538,99711,186,47678,343,48327,9,3706,172,11671,364,46133,181,57804,California
Madera,2021-05-12,504,100215,228,47906,240,48567,36,3742,125,11455,377,46510,161,57965,California
Madera,2021-05-13,511,100726,311,48217,168,48735,32,3774,176,11331,332,46842,208,58173,California
Madera,2021-05-14,538,101264,271,48488,243,48978,24,3798,233,11286,302,47144,257,58430,California
Madera,2021-05-15,560,101824,476,48964,76,49054,8,3806,361,11459,196,47340,369,58799,California
Madera,2021-05-16,258,102082,190,49154,36,49090,32,3838,107,11447,151,47491,139,58938,California
Madera,2021-05-17,451,102533,189,49343,234,49324,28,3866,200,11427,248,47739,228,59166,California
Madera,2021-05-18,551,103084,368,49711,159,49483,24,3890,288,11481,258,47997,312,59478,California
Madera,2021-05-19,487,103571,224,49935,241,49724,22,3912,216,11450,269,48266,238,59716,California
Madera,2021-05-20,593,104164,271,50206,285,50009,37,3949,232,11365,354,48620,269,59985,California
Madera,2021-05-21,504,104668,194,50400,283,50292,27,3976,193,11279,306,48926,220,60205,California
Madera,2021-05-22,903,105571,817,51217,74,50366,12,3988,532,11452,371,49297,544,60749,California
Madera,2021-05-23,267,105838,240,51457,17,50383,10,3998,143,11482,123,49420,153,60902,California
Madera,2021-05-24,308,106146,140,51597,127,50510,41,4039,122,11460,185,49605,163,61065,California
Madera,2021-05-25,382,106528,169,51766,181,50691,32,4071,151,11414,229,49834,183,61248,California
Madera,2021-05-26,445,106973,259,52025,164,50855,22,4093,237,11467,206,50040,259,61507,California
Madera,2021-05-27,372,107345,134,52159,200,51055,38,4131,126,11389,242,50282,164,61671,California
Madera,2021-05-28,449,107794,173,52332,248,51303,28,4159,174,11318,273,50555,202,61873,California
Madera,2021-05-29,308,108102,217,52549,73,51376,18,4177,167,11362,141,50696,185,62058,California
Madera,2021-05-30,61,108163,27,52576,30,51406,4,4181,28,11362,32,50728,32,62090,California
Madera,2021-05-31,26,108189,9,52585,13,51419,4,4185,11,11362,15,50743,15,62105,California
Madera,2021-06-01,289,108478,144,52729,122,51541,23,4208,106,11310,181,50924,129,62234,California
Madera,2021-06-02,396,108874,126,52855,247,51788,23,4231,117,11172,278,51202,140,62374,California
Madera,2021-06-03,282,109156,150,53005,117,51905,15,4246,91,11087,191,51393,106,62480,California
Madera,2021-06-04,380,109536,244,53249,125,52030,11,4257,150,11019,229,51622,161,62641,California
Madera,2021-06-05,516,110052,390,53639,113,52143,13,4270,150,10823,359,51981,163,62804,California
Madera,2021-06-06,135,110187,115,53754,13,52156,7,4277,38,10771,97,52078,45,62849,California
Madera,2021-06-07,249,110436,154,53908,74,52230,21,4298,44,10632,204,52282,65,62914,California
Madera,2021-06-08,389,110825,274,54182,94,52324,21,4319,97,10458,292,52574,118,63032,California
Madera,2021-06-09,375,111200,239,54421,109,52433,27,4346,146,10403,228,52802,173,63205,California
Madera,2021-06-10,341,111541,197,54618,128,52561,16,4362,116,10312,223,53025,132,63337,California
Madera,2021-06-11,379,111920,220,54838,127,52688,32,4394,170,10304,208,53233,200,63537,California
Madera,2021-06-12,574,112494,504,55342,54,52742,16,4410,92,9930,482,53715,108,63645,California
Madera,2021-06-13,194,112688,160,55502,29,52771,5,4415,54,9850,139,53854,59,63704,California
Madera,2021-06-14,227,112915,162,55664,42,52813,23,4438,89,9827,135,53989,112,63816,California
Madera,2021-06-15,362,113277,251,55915,78,52891,33,4471,156,9811,205,54194,189,64005,California
Madera,2021-06-16,326,113603,250,56165,62,52953,14,4485,118,9739,204,54398,132,64137,California
Madera,2021-06-17,264,113867,131,56296,124,53077,9,4494,98,9681,165,54563,107,64244,California
Madera,2021-06-18,277,114144,176,56472,77,53154,24,4518,118,9664,158,54721,141,64385,California
Madera,2021-06-19,246,114390,199,56671,39,53193,8,4526,80,9586,166,54887,88,64473,California
Madera,2021-06-20,55,114445,45,56716,3,53196,7,4533,27,9592,28,54915,34,64507,California
Madera,2021-06-21,166,114611,81,56797,60,53256,25,4558,74,9600,91,55006,99,64606,California
Madera,2021-06-22,236,114847,160,56957,58,53314,18,4576,116,9616,118,55124,134,64740,California
Madera,2021-06-23,263,115110,188,57145,65,53379,10,4586,140,9643,123,55247,150,64890,California
Madera,2021-06-24,206,115316,100,57245,84,53463,22,4608,77,9614,128,55375,99,64989,California
Madera,2021-06-25,261,115577,169,57414,68,53531,24,4632,100,9580,158,55533,124,65113,California
Madera,2021-06-26,182,115759,136,57550,34,53565,12,4644,76,9562,106,55639,88,65201,California
Madera,2021-06-27,110,115869,85,57635,21,53586,4,4648,57,9570,53,55692,61,65262,California
Madera,2021-06-28,154,116023,94,57729,41,53627,19,4667,82,9600,71,55763,101,65363,California
Madera,2021-06-29,212,116235,153,57882,43,53670,16,4683,101,9608,109,55872,117,65480,California
Madera,2021-06-30,212,116447,142,58024,63,53733,7,4690,121,9646,90,55962,128,65608,California
Madera,2021-07-01,121,116568,69,58093,33,53766,19,4709,43,9631,77,56039,62,65670,California
Marin,2020-12-15,2,2,2,2,0,0,0,0,2,2,0,0,2,2,California
Marin,2020-12-16,108,110,108,110,0,0,0,0,108,110,0,0,108,110,California
Marin,2020-12-17,275,385,275,385,0,0,0,0,275,385,0,0,275,385,California
Marin,2020-12-18,389,774,389,774,0,0,0,0,389,774,0,0,389,774,California
Marin,2020-12-19,348,1122,347,1121,1,1,0,0,348,1122,0,0,348,1122,California
Marin,2020-12-20,166,1288,165,1286,1,2,0,0,166,1288,0,0,166,1288,California
Marin,2020-12-21,239,1527,236,1522,3,5,0,0,239,1527,0,0,239,1527,California
Marin,2020-12-22,521,2048,317,1839,204,209,0,0,521,2048,0,0,521,2048,California
Marin,2020-12-23,730,2778,316,2155,414,623,0,0,730,2778,0,0,730,2778,California
Marin,2020-12-24,358,3136,158,2313,200,823,0,0,358,3136,0,0,358,3136,California
Marin,2020-12-25,26,3162,0,2313,26,849,0,0,26,3162,0,0,26,3162,California
Marin,2020-12-26,144,3306,95,2408,49,898,0,0,144,3306,0,0,144,3306,California
Marin,2020-12-27,91,3397,54,2462,37,935,0,0,91,3397,0,0,91,3397,California
Marin,2020-12-28,407,3804,99,2561,308,1243,0,0,407,3804,0,0,407,3804,California
Marin,2020-12-29,398,4202,88,2649,310,1553,0,0,398,4202,0,0,398,4202,California
Marin,2020-12-30,630,4832,390,3039,240,1793,0,0,630,4832,0,0,630,4832,California
Marin,2020-12-31,201,5033,35,3074,166,1959,0,0,200,5031,1,1,200,5032,California
Marin,2021-01-01,32,5065,15,3089,17,1976,0,0,32,5063,0,1,32,5064,California
Marin,2021-01-02,115,5180,109,3198,6,1982,0,0,115,5178,0,1,115,5179,California
Marin,2021-01-03,49,5229,31,3229,18,2000,0,0,45,5223,0,1,45,5224,California
Marin,2021-01-04,299,5528,194,3423,105,2105,0,0,298,5520,1,2,298,5522,California
Marin,2021-01-05,371,5899,224,3647,147,2252,0,0,328,5805,43,45,328,5850,California
Marin,2021-01-06,818,6717,318,3965,500,2752,0,0,638,6263,180,225,638,6488,California
Marin,2021-01-07,888,7605,502,4467,386,3138,0,0,528,6432,360,585,529,7017,California
Marin,2021-01-08,974,8579,517,4984,457,3595,0,0,583,6625,390,975,583,7600,California
Marin,2021-01-09,618,9197,223,5207,395,3990,0,0,488,6983,130,1105,488,8088,California
Marin,2021-01-10,130,9327,101,5308,29,4019,0,0,57,6967,73,1178,57,8145,California
Marin,2021-01-11,471,9798,328,5636,143,4162,0,0,250,6998,221,1399,252,8397,California
Marin,2021-01-12,937,10735,545,6181,392,4554,0,0,567,7199,366,1765,567,8964,California
Marin,2021-01-13,1169,11904,494,6675,675,5229,0,0,936,7902,233,1998,936,9900,California
Marin,2021-01-14,1074,12978,321,6996,753,5982,0,0,922,8674,150,2148,922,10822,California
Marin,2021-01-15,1167,14145,356,7352,811,6793,0,0,1035,9580,131,2279,1037,11859,California
Marin,2021-01-16,1125,15270,916,8268,209,7002,0,0,1049,10553,76,2355,1049,12908,California
Marin,2021-01-17,1228,16498,1109,9377,119,7121,0,0,1199,11727,28,2383,1202,14110,California
Marin,2021-01-18,367,16865,161,9538,206,7327,0,0,317,11994,50,2433,317,14427,California
Marin,2021-01-19,1152,18017,910,10448,242,7569,0,0,981,12805,170,2603,981,15408,California
Marin,2021-01-20,1807,19824,1219,11667,588,8157,0,0,1070,13151,725,3328,1071,16479,California
Marin,2021-01-21,1700,21524,1068,12735,632,8789,0,0,1341,14138,356,3684,1343,17822,California
Marin,2021-01-22,1716,23240,1095,13830,621,9410,0,0,1542,15507,174,3858,1543,19365,California
Marin,2021-01-23,1857,25097,1351,15181,506,9916,0,0,1767,17185,89,3947,1767,21132,California
Marin,2021-01-24,618,25715,165,15346,453,10369,0,0,584,17735,34,3981,584,21716,California
Marin,2021-01-25,1132,26847,234,15580,898,11267,0,0,693,17990,439,4420,694,22410,California
Marin,2021-01-26,1520,28367,782,16362,738,12005,0,0,1138,18747,381,4801,1138,23548,California
Marin,2021-01-27,1730,30097,891,17253,839,12844,0,0,1358,19736,370,5171,1359,24907,California
Marin,2021-01-28,2091,32188,1076,18329,1015,13859,0,0,1825,21297,265,5436,1826,26733,California
Marin,2021-01-29,2216,34404,1441,19770,775,14634,0,0,2017,23129,186,5622,2018,28751,California
Marin,2021-01-30,1719,36123,906,20676,813,15447,0,0,1640,24690,79,5701,1640,30391,California
Marin,2021-01-31,459,36582,322,20998,137,15584,0,0,432,25095,27,5728,432,30823,California
Marin,2021-02-01,1102,37684,417,21415,685,16269,0,0,899,25793,202,5930,900,31723,California
Marin,2021-02-02,1429,39113,499,21914,930,17199,0,0,762,25899,656,6586,762,32485,California
Marin,2021-02-03,1785,40898,426,22340,1359,18558,0,0,1275,26665,509,7095,1275,33760,California
Marin,2021-02-04,1554,42452,503,22843,1051,19609,0,0,949,27013,601,7696,949,34709,California
Marin,2021-02-05,2178,44630,676,23519,1502,21111,0,0,1338,27515,836,8532,1338,36047,California
Marin,2021-02-06,1428,46058,849,24368,579,21690,0,0,601,27292,824,9356,601,36648,California
Marin,2021-02-07,1293,47351,1010,25378,283,21973,0,0,495,26990,797,10153,495,37143,California
Marin,2021-02-08,1533,48884,758,26136,775,22748,0,0,732,26924,798,10951,732,37875,California
Marin,2021-02-09,1789,50673,1128,27264,661,23409,0,0,844,26823,945,11896,844,38719,California
Marin,2021-02-10,2358,53031,1504,28768,854,24263,0,0,1225,26918,1131,13027,1226,39945,California
Marin,2021-02-11,2882,55913,1653,30421,1229,25492,0,0,1453,26951,1424,14451,1457,41402,California
Marin,2021-02-12,3091,59004,1551,31972,1540,27032,0,0,1570,27004,1518,15969,1571,42973,California
Marin,2021-02-13,2346,61350,1250,33222,1096,28128,0,0,1126,26912,1218,17187,1126,44099,California
Marin,2021-02-14,823,62173,309,33531,514,28642,0,0,728,27546,95,17282,729,44828,California
Marin,2021-02-15,1231,63404,359,33890,872,29514,0,0,845,28007,385,17667,846,45674,California
Marin,2021-02-16,2484,65888,1063,34953,1421,30935,0,0,1514,28552,969,18636,1514,47188,California
Marin,2021-02-17,2118,68006,948,35901,1170,32105,0,0,1100,28637,1016,19652,1101,48289,California
Marin,2021-02-18,2444,70450,1598,37499,846,32951,0,0,1068,28335,1370,21022,1068,49357,California
Marin,2021-02-19,2806,73256,2191,39690,615,33566,0,0,1246,28037,1545,22567,1247,50604,California
Marin,2021-02-20,2654,75910,2174,41864,480,34046,0,0,1251,27894,1396,23963,1253,51857,California
Marin,2021-02-21,1350,77260,1148,43012,202,34248,0,0,953,28455,392,24355,953,52810,California
Marin,2021-02-22,1893,79153,1452,44464,441,34689,0,0,1251,29068,638,24993,1251,54061,California
Marin,2021-02-23,2956,82109,1705,46169,1251,35940,0,0,1985,30098,956,25949,1986,56047,California
Marin,2021-02-24,3568,85677,1644,47813,1924,37864,0,0,2279,31099,1279,27228,2280,58327,California
Marin,2021-02-25,4097,89774,1936,49749,2161,40025,0,0,2893,32799,1195,28423,2895,61222,California
Marin,2021-02-26,3682,93456,2006,51755,1676,41701,0,0,2652,34434,1018,29441,2653,63875,California
Marin,2021-02-27,2744,96200,1616,53371,1128,42829,0,0,1897,35491,842,30283,1899,65774,California
Marin,2021-02-28,1649,97849,927,54298,722,43551,0,0,1297,36440,348,30631,1297,67071,California
Marin,2021-03-01,2698,100547,1674,55972,1023,44574,1,1,1821,37394,868,31499,1822,68893,California
Marin,2021-03-02,2528,103075,1689,57661,838,45412,1,2,1728,38328,796,32295,1730,70623,California
Marin,2021-03-03,4351,107426,2426,60087,1921,47333,4,6,2818,39622,1528,33823,2822,73445,California
Marin,2021-03-04,3408,110834,1673,61760,1734,49067,1,7,2364,40954,1037,34860,2369,75814,California
Marin,2021-03-05,3086,113920,1179,62939,1894,50961,13,20,1805,41496,1276,36136,1818,77632,California
Marin,2021-03-06,3238,117158,2320,65259,840,51801,78,98,2661,43663,571,36707,2738,80370,California
Marin,2021-03-07,1400,118558,1177,66436,199,52000,24,122,1001,44294,394,37101,1025,81395,California
Marin,2021-03-08,1903,120461,1391,67827,395,52395,117,239,1427,45366,472,37573,1544,82939,California
Marin,2021-03-09,2237,122698,1343,69170,784,53179,110,349,1551,46342,683,38256,1659,84598,California
Marin,2021-03-10,4473,127171,2509,71679,1670,54849,294,643,3219,48605,1248,39504,3511,88109,California
Marin,2021-03-11,4596,131767,1889,73568,2570,57419,137,780,3294,50743,1293,40797,3431,91540,California
Marin,2021-03-12,4004,135771,1550,75118,2100,59519,354,1134,1563,50232,2427,43224,1916,93456,California
Marin,2021-03-13,4112,139883,2865,77983,1173,60692,74,1208,2392,50978,1714,44938,2460,95916,California
Marin,2021-03-14,2284,142167,1106,79089,1060,61752,118,1326,699,50209,1583,46521,814,96730,California
Marin,2021-03-15,3263,145430,1784,80873,1432,63184,47,1373,1202,49414,2044,48565,1249,97979,California
Marin,2021-03-16,4300,149730,2318,83191,1619,64803,363,1736,1453,48385,2843,51408,1814,99793,California
Marin,2021-03-17,4226,153956,2290,85481,1883,66686,53,1789,2053,48331,2159,53567,2105,101898,California
Marin,2021-03-18,4507,158463,2281,87762,2151,68837,75,1864,2139,48194,2348,55915,2211,104109,California
Marin,2021-03-19,4495,162958,2312,90074,1963,70800,220,2084,2330,48587,2154,58069,2547,106656,California
Marin,2021-03-20,3599,166557,2001,92075,1486,72286,112,2196,1931,48973,1658,59727,2044,108700,California
Marin,2021-03-21,1555,168112,1154,93229,378,72664,23,2219,814,49072,738,60465,837,109537,California
Marin,2021-03-22,2511,170623,2167,95396,176,72840,168,2387,918,48571,1587,62052,1086,110623,California
Marin,2021-03-23,4320,174943,2268,97664,1923,74763,129,2516,1924,48236,2388,64440,2053,112676,California
Marin,2021-03-24,4478,179421,2910,100574,1454,76217,114,2630,1824,47531,2641,67081,1936,114612,California
Marin,2021-03-25,4667,184088,2843,103417,1752,77969,72,2702,2250,47450,2401,69482,2320,116932,California
Marin,2021-03-26,4317,188405,2352,105769,1751,79720,214,2916,2397,48156,1905,71387,2611,119543,California
Marin,2021-03-27,3710,192115,2663,108432,1028,80748,19,2935,1143,46761,2556,73943,1161,120704,California
Marin,2021-03-28,2390,194505,1722,110154,662,81410,6,2941,842,46068,1541,75484,848,121552,California
Marin,2021-03-29,2696,197201,2102,112256,569,81979,25,2966,1138,45675,1556,77040,1163,122715,California
Marin,2021-03-30,4671,201872,3654,115910,983,82962,34,3000,2954,46949,1714,78754,2988,125703,California
Marin,2021-03-31,5850,207722,4141,120051,1659,84621,50,3050,2553,46267,3285,82039,2603,128306,California
Marin,2021-04-01,4468,212190,2290,122341,1917,86538,261,3311,2115,46302,2340,84379,2375,130681,California
Marin,2021-04-02,3752,215942,1861,124202,1519,88057,372,3683,2012,46945,1732,86111,2375,133056,California
Marin,2021-04-03,3869,219811,2521,126723,968,89025,380,4063,1463,46394,2394,88505,1843,134899,California
Marin,2021-04-04,1651,221462,1241,127964,208,89233,202,4265,1201,47348,448,88953,1402,136301,California
Marin,2021-04-05,2223,223685,1542,129506,307,89540,374,4639,1275,48052,943,89896,1647,137948,California
Marin,2021-04-06,4002,227687,2125,131631,1321,90861,556,5195,2218,49048,1776,91672,2772,140720,California
Marin,2021-04-07,3998,231685,2017,133648,1334,92195,647,5842,1464,48632,2524,94196,2108,142828,California
Marin,2021-04-08,5071,236756,1979,135627,2479,94674,613,6455,2310,48797,2748,96944,2913,145741,California
Marin,2021-04-09,4009,240765,1568,137195,1709,96383,732,7187,1327,48175,2677,99621,2055,147796,California
Marin,2021-04-10,3228,243993,1487,138682,1306,97689,435,7622,1450,48291,1764,101385,1880,149676,California
Marin,2021-04-11,1068,245061,813,139495,93,97782,162,7784,478,48342,588,101973,639,150315,California
Marin,2021-04-12,1759,246820,1248,140743,349,98131,162,7946,921,48592,834,102807,1084,151399,California
Marin,2021-04-13,3802,250622,2335,143078,1460,99591,7,7953,1381,47572,2408,105215,1388,152787,California
Marin,2021-04-14,4273,254895,2558,145636,1712,101303,3,7956,1749,46823,2499,107714,1750,154537,California
Marin,2021-04-15,5646,260541,3984,149620,1662,102965,0,7956,3229,47652,2401,110115,3230,157767,California
Marin,2021-04-16,4305,264846,2259,151879,2043,105008,3,7959,2093,47553,2196,112311,2097,159864,California
Marin,2021-04-17,3580,268426,2177,154056,1403,106411,0,7959,1788,47557,1785,114096,1789,161653,California
Marin,2021-04-18,3243,271669,3142,157198,101,106512,0,7959,2557,49431,683,114779,2557,164210,California
Marin,2021-04-19,2067,273736,1888,159086,178,106690,1,7960,1155,49683,905,115684,1157,165367,California
Marin,2021-04-20,3800,277536,2639,161725,1161,107851,0,7960,1482,48858,2308,117992,1483,166850,California
Marin,2021-04-21,4153,281689,3061,164786,1089,108940,3,7963,1402,47529,2732,120724,1403,168253,California
Marin,2021-04-22,4298,285987,3276,168062,1022,109962,0,7963,1504,46255,2782,123506,1508,169761,California
Marin,2021-04-23,3294,289281,1859,169921,1435,111397,0,7963,1255,45484,2027,125533,1256,171017,California
Marin,2021-04-24,2525,291806,1685,171606,839,112236,1,7964,923,44819,1590,127123,925,171942,California
Marin,2021-04-25,1384,293190,1263,172869,121,112357,0,7964,303,44049,1073,128196,303,172245,California
Marin,2021-04-26,1668,294858,1431,174300,234,112591,3,7967,409,43206,1256,129452,413,172658,California
Marin,2021-04-27,3083,297941,2223,176523,809,113400,51,8018,1006,42191,2068,131520,1053,173711,California
Marin,2021-04-28,2354,300295,1626,178149,677,114077,51,8069,741,41373,1609,133129,791,174502,California
Marin,2021-04-29,2945,303240,2021,180170,861,114938,63,8132,821,40145,2113,135242,885,175387,California
Marin,2021-04-30,1989,305229,1290,181460,612,115550,87,8219,703,39658,1277,136519,790,176177,California
Marin,2021-05-01,1842,307071,1028,182488,791,116341,23,8242,544,38935,1289,137808,566,176743,California
Marin,2021-05-02,730,307801,590,183078,111,116452,29,8271,201,38641,523,138331,229,176972,California
Marin,2021-05-03,1225,309026,998,184076,171,116623,56,8327,264,38004,956,139287,319,177291,California
Marin,2021-05-04,2963,311989,1994,186070,877,117500,92,8419,480,36102,2474,141761,572,177863,California
Marin,2021-05-05,2795,314784,2033,188103,636,118136,126,8545,453,34345,2335,144096,578,178441,California
Marin,2021-05-06,3278,318062,2539,190642,650,118786,89,8634,427,32019,2839,146935,513,178954,California
Marin,2021-05-07,2058,320120,1552,192194,420,119206,86,8720,385,30821,1666,148601,468,179422,California
Marin,2021-05-08,2506,322626,1900,194094,484,119690,122,8842,348,29142,2150,150751,471,179893,California
Marin,2021-05-09,990,323616,899,194993,72,119762,19,8861,112,28399,875,151626,132,180025,California
Marin,2021-05-10,1419,325035,1158,196151,191,119953,70,8931,204,27462,1210,152836,273,180298,California
Marin,2021-05-11,2350,327385,1869,198020,424,120377,57,8988,307,25785,2040,154876,363,180661,California
Marin,2021-05-12,1861,329246,1464,199484,329,120706,68,9056,298,24592,1557,156433,364,181025,California
Marin,2021-05-13,2682,331928,2295,201779,333,121039,54,9110,1416,24803,1258,157691,1469,182494,California
Marin,2021-05-14,2207,334135,1451,203230,656,121695,100,9210,883,24468,1317,159008,982,183476,California
Marin,2021-05-15,2760,336895,2279,205509,401,122096,80,9290,1674,25137,1085,160093,1754,185230,California
Marin,2021-05-16,1725,338620,1664,207173,53,122149,8,9298,1397,26216,326,160419,1405,186635,California
Marin,2021-05-17,2144,340764,1992,209165,109,122258,43,9341,1704,27530,433,160852,1747,188382,California
Marin,2021-05-18,1536,342300,1189,210354,292,122550,55,9396,791,27636,738,161590,844,189226,California
Marin,2021-05-19,1571,343871,1241,211595,258,122808,72,9468,770,27681,795,162385,840,190066,California
Marin,2021-05-20,1835,345706,1496,213091,253,123061,86,9554,750,27441,1077,163462,837,190903,California
Marin,2021-05-21,1471,347177,844,213935,578,123639,49,9603,437,26900,1027,164489,486,191389,California
Marin,2021-05-22,1434,348611,1084,215019,292,123931,58,9661,962,27454,466,164955,1020,192409,California
Marin,2021-05-23,480,349091,426,215445,42,123973,12,9673,221,27431,257,165212,234,192643,California
Marin,2021-05-24,671,349762,497,215942,134,124107,40,9713,351,27504,317,165529,390,193033,California
Marin,2021-05-25,1006,350768,628,216570,332,124439,46,9759,317,27183,681,166210,360,193393,California
Marin,2021-05-26,728,351496,491,217061,187,124626,50,9809,261,27032,462,166672,311,193704,California
Marin,2021-05-27,1033,352529,663,217724,291,124917,79,9888,341,26763,689,167361,420,194124,California
Marin,2021-05-28,1110,353639,722,218446,308,125225,80,9968,328,26392,778,168139,407,194531,California
Marin,2021-05-29,376,354015,219,218665,147,125372,10,9978,207,26440,169,168308,217,194748,California
Marin,2021-05-30,97,354112,57,218722,35,125407,5,9983,55,26459,41,168349,60,194808,California
Marin,2021-05-31,28,354140,14,218736,13,125420,1,9984,14,26460,14,168363,15,194823,California
Marin,2021-06-01,757,354897,550,219286,162,125582,45,10029,320,26390,434,168797,364,195187,California
Marin,2021-06-02,627,355524,476,219762,99,125681,52,10081,216,26249,407,169204,266,195453,California
Marin,2021-06-03,1501,357025,1328,221090,114,125795,59,10140,230,25270,1268,170472,289,195742,California
Marin,2021-06-04,1035,358060,860,221950,141,125936,34,10174,186,24645,843,171315,218,195960,California
Marin,2021-06-05,1929,359989,1711,223661,170,126106,48,10222,318,23408,1603,172918,366,196326,California
Marin,2021-06-06,1408,361397,1359,225020,15,126121,34,10256,151,22337,1256,174174,185,196511,California
Marin,2021-06-07,1942,363339,1825,226845,67,126188,50,10306,240,20931,1696,175870,290,196801,California
Marin,2021-06-08,978,364317,869,227714,68,126256,41,10347,231,20463,740,176610,272,197073,California
Marin,2021-06-09,744,365061,668,228382,66,126322,10,10357,138,20006,605,177215,148,197221,California
Marin,2021-06-10,883,365944,772,229154,60,126382,51,10408,179,19536,700,177915,230,197451,California
Marin,2021-06-11,690,366634,577,229731,81,126463,32,10440,144,19167,545,178460,176,197627,California
Marin,2021-06-12,922,367556,791,230522,89,126552,42,10482,151,18592,768,179228,193,197820,California
Marin,2021-06-13,416,367972,385,230907,20,126572,11,10493,67,18325,345,179573,78,197898,California
Marin,2021-06-14,870,368842,742,231649,80,126652,48,10541,211,17927,655,180228,257,198155,California
Marin,2021-06-15,539,369381,429,232078,84,126736,26,10567,170,17755,368,180596,196,198351,California
Marin,2021-06-16,493,369874,402,232480,45,126781,46,10613,161,17636,325,180921,206,198557,California
Marin,2021-06-17,558,370432,479,232959,47,126828,32,10645,193,17497,363,181284,224,198781,California
Marin,2021-06-18,494,370926,379,233338,77,126905,38,10683,172,17391,315,181599,209,198990,California
Marin,2021-06-19,364,371290,293,233631,37,126942,34,10717,145,17350,218,181817,177,199167,California
Marin,2021-06-20,113,371403,88,233719,14,126956,11,10728,47,17342,66,181883,58,199225,California
Marin,2021-06-21,349,371752,248,233967,46,127002,55,10783,139,17327,209,182092,194,199419,California
Marin,2021-06-22,450,372202,350,234317,69,127071,31,10814,139,17189,308,182400,170,199589,California
Marin,2021-06-23,358,372560,295,234612,30,127101,33,10847,119,17102,238,182638,151,199740,California
Marin,2021-06-24,396,372956,304,234916,42,127143,50,10897,132,17022,260,182898,180,199920,California
Marin,2021-06-25,376,373332,274,235190,59,127202,43,10940,171,17033,203,183101,214,200134,California
Marin,2021-06-26,321,373653,270,235460,20,127222,31,10971,116,16975,205,183306,147,200281,California
Marin,2021-06-27,209,373862,161,235621,22,127244,26,10997,69,16931,138,183444,94,200375,California
Marin,2021-06-28,396,374258,337,235958,31,127275,28,11025,135,16835,259,183703,163,200538,California
Marin,2021-06-29,364,374622,297,236255,40,127315,27,11052,139,16779,222,183925,166,200704,California
Marin,2021-06-30,264,374886,228,236483,23,127338,13,11065,113,16756,149,184074,126,200830,California
Marin,2021-07-01,176,375062,133,236616,30,127368,13,11078,68,16728,108,184182,80,200910,California
Mariposa,2020-12-17,38,38,38,38,0,0,0,0,40,40,0,0,40,40,California
Mariposa,2020-12-18,55,93,55,93,0,0,0,0,56,96,0,0,56,96,California
Mariposa,2020-12-20,2,95,2,95,0,0,0,0,2,98,0,0,2,98,California
Mariposa,2020-12-21,49,144,49,144,0,0,0,0,53,151,0,0,53,151,California
Mariposa,2020-12-22,5,149,5,149,0,0,0,0,5,156,0,0,5,156,California
Mariposa,2020-12-23,16,165,16,165,0,0,0,0,16,172,0,0,16,172,California
Mariposa,2020-12-24,1,166,0,165,1,1,0,0,0,172,1,1,1,173,California
Mariposa,2020-12-26,1,167,1,166,0,1,0,0,1,173,0,1,1,174,California
Mariposa,2020-12-27,1,168,0,166,1,2,0,0,1,174,0,1,1,175,California
Mariposa,2020-12-28,6,174,3,169,3,5,0,0,6,180,0,1,6,181,California
Mariposa,2020-12-29,33,207,3,172,30,35,0,0,33,213,0,1,33,214,California
Mariposa,2020-12-30,26,233,4,176,22,57,0,0,26,239,0,1,26,240,California
Mariposa,2020-12-31,17,250,0,176,17,74,0,0,17,256,0,1,17,257,California
Mariposa,2021-01-02,1,251,1,177,0,74,0,0,1,257,0,1,1,258,California
Mariposa,2021-01-04,9,260,2,179,7,81,0,0,9,266,0,1,9,267,California
Mariposa,2021-01-05,24,284,14,193,10,91,0,0,14,270,10,11,14,281,California
Mariposa,2021-01-06,6,290,3,196,3,94,0,0,3,270,3,14,3,284,California
Mariposa,2021-01-07,50,340,45,241,5,99,0,0,5,230,45,59,5,289,California
Mariposa,2021-01-08,110,450,80,321,30,129,0,0,34,188,76,135,34,323,California
Mariposa,2021-01-09,1,451,0,321,1,130,0,0,1,189,0,135,1,324,California
Mariposa,2021-01-11,31,482,10,331,21,151,0,0,23,204,8,143,23,347,California
Mariposa,2021-01-12,19,501,4,335,15,166,0,0,15,215,4,147,15,362,California
Mariposa,2021-01-13,21,522,4,339,17,183,0,0,18,230,3,150,18,380,California
Mariposa,2021-01-14,74,596,7,346,67,250,0,0,68,292,6,156,68,448,California
Mariposa,2021-01-15,68,664,27,373,41,291,0,0,58,340,10,166,58,506,California
Mariposa,2021-01-16,14,678,2,375,12,303,0,0,13,352,1,167,13,519,California
Mariposa,2021-01-17,3,681,1,376,2,305,0,0,2,353,1,168,2,521,California
Mariposa,2021-01-18,4,685,3,379,1,306,0,0,2,353,2,170,2,523,California
Mariposa,2021-01-19,8,693,4,383,4,310,0,0,5,356,2,172,5,528,California
Mariposa,2021-01-20,24,717,1,384,23,333,0,0,23,378,1,173,23,551,California
Mariposa,2021-01-21,66,783,8,392,58,391,0,0,62,436,4,177,62,613,California
Mariposa,2021-01-22,56,839,3,395,53,444,0,0,56,492,0,177,56,669,California
Mariposa,2021-01-23,116,955,2,397,114,558,0,0,114,604,2,179,114,783,California
Mariposa,2021-01-24,2,957,2,399,0,558,0,0,2,606,0,179,2,785,California
Mariposa,2021-01-25,4,961,1,400,3,561,0,0,0,602,4,183,0,785,California
Mariposa,2021-01-26,37,998,3,403,34,595,0,0,4,577,33,216,8,793,California
Mariposa,2021-01-27,26,1024,2,405,24,619,0,0,13,578,12,228,13,806,California
Mariposa,2021-01-28,127,1151,3,408,124,743,0,0,114,680,12,240,114,920,California
Mariposa,2021-01-29,94,1245,23,431,71,814,0,0,93,772,1,241,93,1013,California
Mariposa,2021-01-30,9,1254,1,432,8,822,0,0,8,779,1,242,8,1021,California
Mariposa,2021-01-31,1,1255,0,432,1,823,0,0,1,780,0,242,1,1022,California
Mariposa,2021-02-01,93,1348,32,464,61,884,0,0,72,831,21,263,72,1094,California
Mariposa,2021-02-02,15,1363,3,467,12,896,0,0,9,834,6,269,9,1103,California
Mariposa,2021-02-03,20,1383,1,468,19,915,0,0,13,841,6,275,13,1116,California
Mariposa,2021-02-04,98,1481,8,476,90,1005,0,0,93,931,4,279,94,1210,California
Mariposa,2021-02-05,193,1674,5,481,188,1193,0,0,166,1070,27,306,166,1376,California
Mariposa,2021-02-06,11,1685,4,485,7,1200,0,0,10,1079,1,307,10,1386,California
Mariposa,2021-02-07,1,1686,0,485,1,1201,0,0,1,1080,0,307,1,1387,California
Mariposa,2021-02-08,42,1728,2,487,40,1241,0,0,23,1084,19,326,23,1410,California
Mariposa,2021-02-09,45,1773,25,512,20,1261,0,0,39,1117,6,332,39,1449,California
Mariposa,2021-02-10,28,1801,5,517,23,1284,0,0,17,1130,10,342,23,1472,California
Mariposa,2021-02-11,378,2179,6,523,372,1656,0,0,362,1479,16,358,365,1837,California
Mariposa,2021-02-12,188,2367,8,531,180,1836,0,0,144,1579,44,402,144,1981,California
Mariposa,2021-02-13,12,2379,3,534,9,1845,0,0,10,1587,2,404,10,1991,California
Mariposa,2021-02-14,8,2387,4,538,4,1849,0,0,5,1589,3,407,5,1996,California
Mariposa,2021-02-15,9,2396,3,541,6,1855,0,0,7,1594,2,409,7,2003,California
Mariposa,2021-02-16,60,2456,36,577,24,1879,0,0,36,1607,24,433,37,2040,California
Mariposa,2021-02-17,37,2493,9,586,28,1907,0,0,27,1626,9,442,28,2068,California
Mariposa,2021-02-18,57,2550,7,593,50,1957,0,0,20,1609,37,479,20,2088,California
Mariposa,2021-02-19,83,2633,4,597,79,2036,0,0,75,1676,8,487,75,2163,California
Mariposa,2021-02-20,256,2889,4,601,252,2288,0,0,224,1870,30,517,224,2387,California
Mariposa,2021-02-21,238,3127,4,605,234,2522,0,0,236,2105,1,518,236,2623,California
Mariposa,2021-02-22,24,3151,9,614,15,2537,0,0,21,2123,3,521,21,2644,California
Mariposa,2021-02-23,43,3194,37,651,6,2543,0,0,25,2130,18,539,25,2669,California
Mariposa,2021-02-24,21,3215,3,654,18,2561,0,0,8,2126,12,551,8,2677,California
Mariposa,2021-02-25,18,3233,9,663,9,2570,0,0,12,2132,6,557,12,2689,California
Mariposa,2021-02-26,421,3654,7,670,414,2984,0,0,354,2420,67,624,355,3044,California
Mariposa,2021-02-27,172,3826,7,677,165,3149,0,0,161,2570,11,635,161,3205,California
Mariposa,2021-02-28,2,3828,1,678,1,3150,0,0,0,2568,2,637,0,3205,California
Mariposa,2021-03-01,87,3915,26,704,61,3211,0,0,18,2518,68,705,18,3223,California
Mariposa,2021-03-02,21,3936,14,718,7,3218,0,0,11,2520,9,714,11,3234,California
Mariposa,2021-03-03,72,4008,6,724,66,3284,0,0,66,2581,6,720,67,3301,California
Mariposa,2021-03-04,42,4050,10,734,32,3316,0,0,20,2580,22,742,21,3322,California
Mariposa,2021-03-05,62,4112,10,744,52,3368,0,0,40,2605,22,764,47,3369,California
Mariposa,2021-03-06,17,4129,7,751,10,3378,0,0,7,2603,10,774,8,3377,California
Mariposa,2021-03-07,1,4130,1,752,0,3378,0,0,0,2602,1,775,0,3377,California
Mariposa,2021-03-08,39,4169,4,756,24,3402,11,11,9,2592,30,805,20,3397,California
Mariposa,2021-03-09,46,4215,18,774,18,3420,10,21,14,2584,32,837,24,3421,California
Mariposa,2021-03-10,34,4249,12,786,12,3432,10,31,10,2581,23,860,20,3441,California
Mariposa,2021-03-11,471,4720,6,792,445,3877,20,51,222,2578,248,1108,245,3686,California
Mariposa,2021-03-12,255,4975,8,800,219,4096,28,79,108,2566,147,1255,135,3821,California
Mariposa,2021-03-13,35,5010,6,806,14,4110,15,94,12,2569,23,1278,26,3847,California
Mariposa,2021-03-14,18,5028,2,808,5,4115,11,105,3,2569,14,1292,14,3861,California
Mariposa,2021-03-15,78,5106,8,816,31,4146,39,144,32,2593,46,1338,70,3931,California
Mariposa,2021-03-16,82,5188,34,850,14,4160,34,178,24,2593,58,1396,58,3989,California
Mariposa,2021-03-17,73,5261,11,861,54,4214,8,186,52,2633,21,1417,61,4050,California
Mariposa,2021-03-18,67,5328,17,878,41,4255,9,195,43,2661,24,1441,52,4102,California
Mariposa,2021-03-19,340,5668,11,889,324,4579,5,200,303,2932,37,1478,308,4410,California
Mariposa,2021-03-20,427,6095,7,896,418,4997,2,202,45,2599,382,1860,49,4459,California
Mariposa,2021-03-21,15,6110,9,905,5,5002,1,203,10,2606,4,1864,11,4470,California
Mariposa,2021-03-22,38,6148,8,913,22,5024,8,211,25,2628,13,1877,35,4505,California
Mariposa,2021-03-23,55,6203,35,948,10,5034,10,221,34,2651,21,1898,44,4549,California
Mariposa,2021-03-24,57,6260,6,954,49,5083,2,223,52,2700,5,1903,54,4603,California
Mariposa,2021-03-25,77,6337,16,970,53,5136,8,231,54,2741,21,1924,62,4665,California
Mariposa,2021-03-26,490,6827,10,980,479,5615,1,232,252,2756,238,2162,253,4918,California
Mariposa,2021-03-27,224,7051,9,989,215,5830,0,232,89,2712,135,2297,91,5009,California
Mariposa,2021-03-28,5,7056,0,989,2,5832,3,235,1,2712,4,2301,4,5013,California
Mariposa,2021-03-29,20,7076,6,995,14,5846,0,235,12,2716,8,2309,12,5025,California
Mariposa,2021-03-30,37,7113,13,1008,8,5854,16,251,14,2723,23,2332,30,5055,California
Mariposa,2021-03-31,89,7202,16,1024,66,5920,7,258,68,2777,21,2353,75,5130,California
Mariposa,2021-04-01,55,7257,11,1035,35,5955,9,267,35,2801,20,2373,44,5174,California
Mariposa,2021-04-02,350,7607,13,1048,334,6289,3,270,307,3069,42,2415,310,5484,California
Mariposa,2021-04-03,11,7618,8,1056,3,6292,0,270,6,3070,5,2420,6,5490,California
Mariposa,2021-04-04,2,7620,1,1057,0,6292,1,271,0,3069,2,2422,1,5491,California
Mariposa,2021-04-05,34,7654,23,1080,7,6299,4,275,17,3073,17,2439,21,5512,California
Mariposa,2021-04-06,43,7697,21,1101,6,6305,16,291,13,3073,29,2468,29,5541,California
Mariposa,2021-04-07,99,7796,7,1108,73,6378,19,310,28,3049,71,2539,47,5588,California
Mariposa,2021-04-08,280,8076,16,1124,245,6623,19,329,145,3081,133,2672,165,5753,California
Mariposa,2021-04-09,39,8115,9,1133,15,6638,15,344,11,3079,28,2700,26,5779,California
Mariposa,2021-04-10,202,8317,4,1137,188,6826,10,354,187,3262,13,2713,196,5975,California
Mariposa,2021-04-11,124,8441,4,1141,118,6944,2,356,57,3255,67,2780,60,6035,California
Mariposa,2021-04-12,43,8484,14,1155,27,6971,2,358,14,3242,29,2809,16,6051,California
Mariposa,2021-04-13,53,8537,46,1201,7,6978,0,358,34,3257,19,2828,34,6085,California
Mariposa,2021-04-14,113,8650,9,1210,104,7082,0,358,58,3261,54,2882,58,6143,California
Mariposa,2021-04-15,58,8708,16,1226,42,7124,0,358,41,3288,14,2896,41,6184,California
Mariposa,2021-04-16,381,9089,11,1237,370,7494,0,358,106,3119,275,3171,106,6290,California
Mariposa,2021-04-17,11,9100,7,1244,4,7498,0,358,8,3124,3,3174,8,6298,California
Mariposa,2021-04-18,7,9107,0,1244,7,7505,0,358,3,3123,4,3178,3,6301,California
Mariposa,2021-04-19,58,9165,26,1270,32,7537,0,358,30,3127,26,3204,30,6331,California
Mariposa,2021-04-20,62,9227,48,1318,14,7551,0,358,37,3141,23,3227,37,6368,California
Mariposa,2021-04-21,93,9320,15,1333,78,7629,0,358,43,3135,49,3276,43,6411,California
Mariposa,2021-04-22,51,9371,11,1344,40,7669,0,358,38,3161,12,3288,38,6449,California
Mariposa,2021-04-23,316,9687,71,1415,245,7914,0,358,145,3137,171,3459,147,6596,California
Mariposa,2021-04-24,106,9793,10,1425,96,8010,0,358,43,3118,62,3521,43,6639,California
Mariposa,2021-04-26,17,9810,12,1437,5,8015,0,358,6,3113,11,3532,6,6645,California
Mariposa,2021-04-27,34,9844,17,1454,15,8030,2,360,15,3114,16,3548,17,6662,California
Mariposa,2021-04-28,73,9917,13,1467,53,8083,7,367,27,3102,46,3594,34,6696,California
Mariposa,2021-04-29,83,10000,12,1479,70,8153,1,368,78,3176,5,3599,79,6775,California
Mariposa,2021-04-30,210,10210,5,1484,200,8353,5,373,62,3095,148,3747,67,6842,California
Mariposa,2021-05-01,3,10213,2,1486,1,8354,0,373,1,3094,2,3749,1,6843,California
Mariposa,2021-05-02,3,10216,2,1488,0,8354,1,374,0,3092,3,3752,1,6844,California
Mariposa,2021-05-03,16,10232,12,1500,3,8357,1,375,7,3091,9,3761,8,6852,California
Mariposa,2021-05-04,50,10282,31,1531,15,8372,4,379,37,3119,13,3774,41,6893,California
Mariposa,2021-05-05,57,10339,9,1540,46,8418,2,381,18,3100,39,3813,20,6913,California
Mariposa,2021-05-06,57,10396,36,1576,16,8434,5,386,40,3128,17,3830,45,6958,California
Mariposa,2021-05-07,28,10424,8,1584,17,8451,3,389,13,3129,15,3845,16,6974,California
Mariposa,2021-05-08,282,10706,7,1591,275,8726,0,389,33,2915,249,4094,35,7009,California
Mariposa,2021-05-09,2,10708,1,1592,1,8727,0,389,0,2913,2,4096,0,7009,California
Mariposa,2021-05-10,20,10728,9,1601,9,8736,2,391,5,2905,15,4111,7,7016,California
Mariposa,2021-05-11,28,10756,18,1619,10,8746,0,391,21,2920,6,4117,21,7037,California
Mariposa,2021-05-12,68,10824,4,1623,58,8804,6,397,6,2870,62,4179,12,7049,California
Mariposa,2021-05-13,48,10872,8,1631,38,8842,2,399,13,2850,35,4214,15,7064,California
Mariposa,2021-05-14,249,11121,121,1752,121,8963,7,406,117,2842,132,4346,124,7188,California
Mariposa,2021-05-15,19,11140,9,1761,8,8971,2,408,11,2848,6,4352,12,7200,California
Mariposa,2021-05-16,3,11143,1,1762,1,8972,1,409,1,2848,2,4354,2,7202,California
Mariposa,2021-05-17,18,11161,7,1769,7,8979,4,413,7,2847,11,4365,10,7212,California
Mariposa,2021-05-18,63,11224,43,1812,15,8994,5,418,46,2882,16,4381,51,7263,California
Mariposa,2021-05-19,71,11295,32,1844,38,9032,1,419,52,2917,18,4399,53,7316,California
Mariposa,2021-05-20,33,11328,18,1862,13,9045,2,421,12,2910,21,4420,14,7330,California
Mariposa,2021-05-21,94,11422,9,1871,83,9128,2,423,43,2906,49,4469,45,7375,California
Mariposa,2021-05-22,49,11471,7,1878,41,9169,1,424,18,2894,31,4500,19,7394,California
Mariposa,2021-05-23,4,11475,2,1880,1,9170,1,425,2,2895,2,4502,3,7397,California
Mariposa,2021-05-24,14,11489,8,1888,4,9174,2,427,8,2899,6,4508,10,7407,California
Mariposa,2021-05-25,26,11515,16,1904,10,9184,0,427,18,2909,8,4516,18,7425,California
Mariposa,2021-05-26,35,11550,4,1908,27,9211,4,431,28,2934,7,4523,32,7457,California
Mariposa,2021-05-27,120,11670,64,1972,55,9266,1,432,62,2939,58,4581,63,7520,California
Mariposa,2021-05-28,65,11735,5,1977,56,9322,4,436,23,2924,42,4623,27,7547,California
Mariposa,2021-05-29,8,11743,2,1979,5,9327,1,437,3,2925,3,4626,4,7551,California
Mariposa,2021-05-30,1,11744,0,1979,0,9327,1,438,0,2925,1,4627,1,7552,California
Mariposa,2021-05-31,2,11746,0,1979,1,9328,1,439,0,2924,2,4629,1,7553,California
Mariposa,2021-06-01,14,11760,3,1982,11,9339,0,439,5,2920,9,4638,5,7558,California
Mariposa,2021-06-02,26,11786,14,1996,7,9346,5,444,6,2912,19,4657,11,7569,California
Mariposa,2021-06-03,20,11806,10,2006,7,9353,3,447,7,2909,13,4670,10,7579,California
Mariposa,2021-06-04,90,11896,79,2085,9,9362,2,449,27,2876,61,4731,28,7607,California
Mariposa,2021-06-05,30,11926,4,2089,24,9386,2,451,7,2862,23,4754,9,7616,California
Mariposa,2021-06-06,4,11930,3,2092,0,9386,1,452,1,2861,3,4757,2,7618,California
Mariposa,2021-06-07,10,11940,5,2097,5,9391,0,452,4,2860,5,4762,4,7622,California
Mariposa,2021-06-08,45,11985,34,2131,9,9400,2,454,13,2843,32,4794,15,7637,California
Mariposa,2021-06-09,28,12013,21,2152,2,9402,5,459,6,2832,22,4816,11,7648,California
Mariposa,2021-06-10,16,12029,8,2160,5,9407,3,462,6,2832,10,4826,10,7658,California
Mariposa,2021-06-11,43,12072,12,2172,23,9430,8,470,9,2815,34,4860,17,7675,California
Mariposa,2021-06-12,17,12089,11,2183,5,9435,1,471,3,2804,14,4874,3,7678,California
Mariposa,2021-06-13,1,12090,0,2183,0,9435,1,472,0,2804,1,4875,1,7679,California
Mariposa,2021-06-14,13,12103,4,2187,8,9443,1,473,5,2802,8,4883,6,7685,California
Mariposa,2021-06-15,23,12126,11,2198,11,9454,1,474,6,2792,17,4900,7,7692,California
Mariposa,2021-06-16,28,12154,12,2210,15,9469,1,475,7,2779,21,4921,8,7700,California
Mariposa,2021-06-17,11,12165,6,2216,5,9474,0,475,4,2776,7,4928,4,7704,California
Mariposa,2021-06-18,68,12233,49,2265,16,9490,3,478,33,2777,34,4962,35,7739,California
Mariposa,2021-06-19,18,12251,5,2270,13,9503,0,478,6,2771,12,4974,6,7745,California
Mariposa,2021-06-21,11,12262,4,2274,7,9510,0,478,7,2775,3,4977,7,7752,California
Mariposa,2021-06-22,23,12285,9,2283,11,9521,3,481,13,2781,10,4987,16,7768,California
Mariposa,2021-06-23,8,12293,2,2285,3,9524,3,484,4,2784,4,4991,7,7775,California
Mariposa,2021-06-24,11,12304,4,2289,7,9531,0,484,5,2783,6,4997,5,7780,California
Mariposa,2021-06-25,50,12354,22,2311,27,9558,1,485,17,2769,32,5029,18,7798,California
Mariposa,2021-06-26,1,12355,1,2312,0,9558,0,485,0,2768,1,5030,0,7798,California
Mariposa,2021-06-27,1,12356,0,2312,0,9558,1,486,0,2768,1,5031,1,7799,California
Mariposa,2021-06-28,1,12357,1,2313,0,9558,0,486,1,2769,0,5031,1,7800,California
Mariposa,2021-06-29,4,12361,0,2313,3,9561,1,487,2,2770,2,5033,3,7803,California
Mariposa,2021-06-30,2,12363,0,2313,1,9562,1,488,0,2769,2,5035,1,7804,California
Mariposa,2021-07-01,21,12384,17,2330,2,9564,2,490,8,2766,13,5048,10,7814,California
Mendocino,2020-12-17,70,70,70,70,0,0,0,0,70,70,0,0,70,70,California
Mendocino,2020-12-18,85,155,84,154,1,1,0,0,84,154,0,0,84,154,California
Mendocino,2020-12-19,4,159,4,158,0,1,0,0,4,158,0,0,4,158,California
Mendocino,2020-12-20,7,166,7,165,0,1,0,0,7,165,0,0,7,165,California
Mendocino,2020-12-21,238,404,238,403,0,1,0,0,77,242,0,0,77,242,California
Mendocino,2020-12-22,253,657,192,595,61,62,0,0,253,495,0,0,253,495,California
Mendocino,2020-12-23,272,929,48,643,224,286,0,0,271,766,0,0,271,766,California
Mendocino,2020-12-24,49,978,8,651,41,327,0,0,49,815,0,0,49,815,California
Mendocino,2020-12-25,1,979,0,651,1,328,0,0,1,816,0,0,1,816,California
Mendocino,2020-12-26,2,981,2,653,0,328,0,0,2,818,0,0,2,818,California
Mendocino,2020-12-27,1,982,0,653,1,329,0,0,1,819,0,0,1,819,California
Mendocino,2020-12-28,74,1056,9,662,65,394,0,0,74,893,0,0,74,893,California
Mendocino,2020-12-29,122,1178,61,723,61,455,0,0,122,1015,0,0,122,1015,California
Mendocino,2020-12-30,122,1300,69,792,53,508,0,0,122,1137,0,0,122,1137,California
Mendocino,2020-12-31,132,1432,97,889,35,543,0,0,132,1269,0,0,132,1269,California
Mendocino,2021-01-01,10,1442,7,896,3,546,0,0,10,1279,0,0,10,1279,California
Mendocino,2021-01-02,1,1443,1,897,0,546,0,0,1,1280,0,0,1,1280,California
Mendocino,2021-01-04,838,2281,18,915,820,1366,0,0,838,2118,0,0,838,2118,California
Mendocino,2021-01-05,71,2352,36,951,35,1401,0,0,58,2163,13,13,58,2176,California
Mendocino,2021-01-06,158,2510,136,1087,22,1423,0,0,148,2301,10,23,148,2324,California
Mendocino,2021-01-07,361,2871,239,1326,122,1545,0,0,298,2536,63,86,298,2622,California
Mendocino,2021-01-08,95,2966,82,1408,13,1558,0,0,41,2524,54,140,42,2664,California
Mendocino,2021-01-09,10,2976,6,1414,4,1562,0,0,8,2530,2,142,8,2672,California
Mendocino,2021-01-10,9,2985,8,1422,1,1563,0,0,2,2525,7,149,2,2674,California
Mendocino,2021-01-11,103,3088,93,1515,10,1573,0,0,45,2513,57,206,45,2719,California
Mendocino,2021-01-12,389,3477,379,1894,10,1583,0,0,272,2668,117,323,272,2991,California
Mendocino,2021-01-13,496,3973,149,2043,347,1930,0,0,451,3077,43,366,452,3443,California
Mendocino,2021-01-14,655,4628,20,2063,635,2565,0,0,646,3714,9,375,646,4089,California
Mendocino,2021-01-15,1879,6507,868,2931,1011,3576,0,0,1874,5584,5,380,1875,5964,California
Mendocino,2021-01-16,790,7297,48,2979,742,4318,0,0,788,6370,2,382,788,6752,California
Mendocino,2021-01-17,554,7851,1,2980,553,4871,0,0,553,6922,1,383,553,7305,California
Mendocino,2021-01-18,487,8338,462,3442,25,4896,0,0,475,7385,12,395,475,7780,California
Mendocino,2021-01-19,337,8675,151,3593,186,5082,0,0,159,7366,178,573,159,7939,California
Mendocino,2021-01-20,558,9233,409,4002,149,5231,0,0,451,7713,105,678,452,8391,California
Mendocino,2021-01-21,539,9772,226,4228,313,5544,0,0,352,7879,186,864,352,8743,California
Mendocino,2021-01-22,152,9924,61,4289,91,5635,0,0,112,7951,40,904,112,8855,California
Mendocino,2021-01-23,156,10080,85,4374,71,5706,0,0,150,8095,6,910,150,9005,California
Mendocino,2021-01-24,5,10085,3,4377,2,5708,0,0,5,8100,0,910,5,9010,California
Mendocino,2021-01-25,192,10277,18,4395,174,5882,0,0,122,8152,70,980,122,9132,California
Mendocino,2021-01-26,154,10431,54,4449,100,5982,0,0,95,8188,59,1039,95,9227,California
Mendocino,2021-01-27,445,10876,374,4823,71,6053,0,0,178,8106,260,1299,178,9405,California
Mendocino,2021-01-28,605,11481,542,5365,63,6116,0,0,509,8520,95,1394,509,9914,California
Mendocino,2021-01-29,392,11873,352,5717,40,6156,0,0,363,8855,29,1423,364,10278,California
Mendocino,2021-01-30,50,11923,31,5748,19,6175,0,0,43,8891,7,1430,43,10321,California
Mendocino,2021-01-31,275,12198,2,5750,273,6448,0,0,4,8624,271,1701,4,10325,California
Mendocino,2021-02-01,383,12581,54,5804,329,6777,0,0,60,8361,323,2024,60,10385,California
Mendocino,2021-02-02,747,13328,526,6330,221,6998,0,0,385,8384,362,2386,385,10770,California
Mendocino,2021-02-03,398,13726,209,6539,189,7187,0,0,226,8440,170,2556,226,10996,California
Mendocino,2021-02-04,631,14357,535,7074,96,7283,0,0,504,8817,127,2683,504,11500,California
Mendocino,2021-02-05,1307,15664,1217,8291,90,7373,0,0,588,8688,717,3400,588,12088,California
Mendocino,2021-02-06,558,16222,159,8450,399,7772,0,0,543,9216,15,3415,543,12631,California
Mendocino,2021-02-07,34,16256,30,8480,4,7776,0,0,34,9250,0,3415,34,12665,California
Mendocino,2021-02-08,753,17009,720,9200,33,7809,0,0,287,9071,466,3881,287,12952,California
Mendocino,2021-02-09,143,17152,60,9260,83,7892,0,0,89,9106,54,3935,89,13041,California
Mendocino,2021-02-10,1491,18643,925,10185,566,8458,0,0,743,9108,741,4676,743,13784,California
Mendocino,2021-02-11,1214,19857,209,10394,1005,9463,0,0,299,8492,915,5591,299,14083,California
Mendocino,2021-02-12,1459,21316,162,10556,1297,10760,0,0,658,8350,800,6391,658,14741,California
Mendocino,2021-02-13,507,21823,14,10570,493,11253,0,0,104,8057,402,6793,109,14850,California
Mendocino,2021-02-14,695,22518,4,10574,691,11944,0,0,135,7632,560,7353,135,14985,California
Mendocino,2021-02-15,334,22852,43,10617,291,12235,0,0,175,7649,158,7511,175,15160,California
Mendocino,2021-02-16,200,23052,51,10668,149,12384,0,0,128,7705,72,7583,128,15288,California
Mendocino,2021-02-17,1363,24415,1200,11868,163,12547,0,0,880,8104,481,8064,880,16168,California
Mendocino,2021-02-18,1821,26236,675,12543,1146,13693,0,0,1229,8743,590,8654,1229,17397,California
Mendocino,2021-02-19,760,26996,153,12696,607,14300,0,0,616,9217,144,8798,618,18015,California
Mendocino,2021-02-20,578,27574,550,13246,28,14328,0,0,546,9733,30,8828,546,18561,California
Mendocino,2021-02-21,327,27901,9,13255,318,14646,0,0,314,10035,12,8840,314,18875,California
Mendocino,2021-02-22,167,28068,31,13286,136,14782,0,0,71,10012,94,8934,71,18946,California
Mendocino,2021-02-23,865,28933,851,14137,14,14796,0,0,649,10447,214,9148,649,19595,California
Mendocino,2021-02-24,1855,30788,1772,15909,83,14879,0,0,1434,11467,416,9564,1436,21031,California
Mendocino,2021-02-25,1713,32501,538,16447,1175,16054,0,0,1288,12331,424,9988,1288,22319,California
Mendocino,2021-02-26,1416,33917,750,17197,666,16720,0,0,1048,13014,365,10353,1048,23367,California
Mendocino,2021-02-27,203,34120,153,17350,50,16770,0,0,78,12968,124,10477,78,23445,California
Mendocino,2021-02-28,37,34157,14,17364,23,16793,0,0,24,12979,13,10490,24,23469,California
Mendocino,2021-03-01,592,34749,547,17911,45,16838,0,0,550,13490,39,10529,550,24019,California
Mendocino,2021-03-02,75,34824,28,17939,47,16885,0,0,42,13500,32,10561,42,24061,California
Mendocino,2021-03-03,2036,36860,1334,19273,702,17587,0,0,1384,14234,650,11211,1384,25445,California
Mendocino,2021-03-04,1853,38713,152,19425,1701,19288,0,0,1632,15650,218,11429,1634,27079,California
Mendocino,2021-03-05,481,39194,417,19842,55,19343,9,9,374,15930,103,11532,383,27462,California
Mendocino,2021-03-06,250,39444,25,19867,198,19541,27,36,206,16120,43,11575,233,27695,California
Mendocino,2021-03-07,525,39969,27,19894,478,20019,20,56,137,15889,387,11962,156,27851,California
Mendocino,2021-03-08,123,40092,28,19922,58,20077,37,93,64,15933,57,12019,101,27952,California
Mendocino,2021-03-09,941,41033,598,20520,302,20379,41,134,832,16697,109,12128,873,28825,California
Mendocino,2021-03-10,1148,42181,984,21504,99,20478,65,199,266,16155,876,13004,334,29159,California
Mendocino,2021-03-11,849,43030,632,22136,162,20640,55,254,399,16162,447,13451,454,29613,California
Mendocino,2021-03-12,2068,45098,1057,23193,899,21539,112,366,1235,16682,827,14278,1347,30960,California
Mendocino,2021-03-13,705,45803,570,23763,77,21616,58,424,109,16257,592,14870,167,31127,California
Mendocino,2021-03-14,105,45908,3,23766,95,21711,7,431,12,16187,89,14959,19,31146,California
Mendocino,2021-03-15,602,46510,52,23818,491,22202,59,490,210,16066,389,15348,268,31414,California
Mendocino,2021-03-16,584,47094,389,24207,149,22351,46,536,116,15762,466,15814,162,31576,California
Mendocino,2021-03-17,1585,48679,1380,25587,57,22408,148,684,217,14773,1361,17175,372,31948,California
Mendocino,2021-03-18,1309,49988,248,25835,1024,23432,37,721,278,14065,1023,18198,315,32263,California
Mendocino,2021-03-19,1778,51766,855,26690,862,24294,61,782,329,13015,1442,19640,392,32655,California
Mendocino,2021-03-20,70,51836,10,26700,39,24333,21,803,12,12990,58,19698,33,32688,California
Mendocino,2021-03-21,8,51844,1,26701,2,24335,5,808,3,12993,5,19703,8,32696,California
Mendocino,2021-03-22,656,52500,611,27312,16,24351,29,837,146,12661,506,20209,174,32870,California
Mendocino,2021-03-23,165,52665,34,27346,101,24452,30,867,114,12754,51,20260,144,33014,California
Mendocino,2021-03-24,918,53583,843,28189,27,24479,48,915,111,12108,805,21065,159,33173,California
Mendocino,2021-03-25,2016,55599,54,28243,1942,26421,20,935,176,10468,1834,22899,194,33367,California
Mendocino,2021-03-26,548,56147,395,28638,127,26548,26,961,115,10176,432,23331,140,33507,California
Mendocino,2021-03-27,163,56310,33,28671,118,26666,12,973,83,10191,79,23410,94,33601,California
Mendocino,2021-03-28,28,56338,7,28678,17,26683,4,977,5,10178,22,23432,9,33610,California
Mendocino,2021-03-29,193,56531,99,28777,50,26733,44,1021,97,10223,96,23528,141,33751,California
Mendocino,2021-03-30,719,57250,634,29411,48,26781,37,1058,107,9758,609,24137,144,33895,California
Mendocino,2021-03-31,918,58168,280,29691,577,27358,61,1119,154,9212,761,24898,215,34110,California
Mendocino,2021-04-01,1754,59922,427,30118,1246,28604,81,1200,384,8317,1359,26257,464,34574,California
Mendocino,2021-04-02,1311,61233,1077,31195,161,28765,73,1273,159,7400,1149,27406,232,34806,California
Mendocino,2021-04-03,715,61948,14,31209,680,29445,21,1294,88,6887,622,28028,109,34915,California
Mendocino,2021-04-04,71,62019,35,31244,30,29475,6,1300,55,6932,16,28044,61,34976,California
Mendocino,2021-04-05,213,62232,141,31385,48,29523,24,1324,127,6994,86,28130,148,35124,California
Mendocino,2021-04-06,402,62634,125,31510,182,29705,95,1419,108,6904,294,28424,204,35328,California
Mendocino,2021-04-07,493,63127,181,31691,65,29770,247,1666,118,6895,372,28796,363,35691,California
Mendocino,2021-04-08,1499,64626,920,32611,464,30234,115,1781,1006,7530,486,29282,1121,36812,California
Mendocino,2021-04-09,760,65386,428,33039,171,30405,161,1942,397,7725,363,29645,558,37370,California
Mendocino,2021-04-10,406,65792,92,33131,268,30673,46,1988,99,7563,307,29952,145,37515,California
Mendocino,2021-04-11,121,65913,47,33178,19,30692,55,2043,59,7615,62,30014,114,37629,California
Mendocino,2021-04-12,624,66537,515,33693,48,30740,61,2104,409,7870,215,30229,470,38099,California
Mendocino,2021-04-13,292,66829,229,33922,63,30803,0,2104,224,8026,68,30297,224,38323,California
Mendocino,2021-04-14,525,67354,430,34352,95,30898,0,2104,422,8345,103,30400,422,38745,California
Mendocino,2021-04-15,662,68016,328,34680,334,31232,0,2104,387,8462,270,30670,387,39132,California
Mendocino,2021-04-16,128,68144,54,34734,73,31305,1,2105,79,8493,48,30718,79,39211,California
Mendocino,2021-04-17,195,68339,12,34746,183,31488,0,2105,68,8436,125,30843,68,39279,California
Mendocino,2021-04-18,16,68355,8,34754,8,31496,0,2105,8,8438,6,30849,8,39287,California
Mendocino,2021-04-19,542,68897,516,35270,25,31521,1,2106,429,8757,111,30960,430,39717,California
Mendocino,2021-04-20,431,69328,297,35567,134,31655,0,2106,269,8866,160,31120,269,39986,California
Mendocino,2021-04-21,199,69527,136,35703,62,31717,1,2107,118,8905,79,31199,118,40104,California
Mendocino,2021-04-22,488,70015,318,36021,169,31886,1,2108,313,9047,171,31370,313,40417,California
Mendocino,2021-04-23,861,70876,703,36724,158,32044,0,2108,699,9587,159,31529,699,41116,California
Mendocino,2021-04-24,110,70986,16,36740,94,32138,0,2108,102,9681,8,31537,102,41218,California
Mendocino,2021-04-25,58,71044,34,36774,20,32158,4,2112,18,9664,39,31576,22,41240,California
Mendocino,2021-04-26,310,71354,239,37013,66,32224,5,2117,202,9765,106,31682,207,41447,California
Mendocino,2021-04-27,208,71562,91,37104,90,32314,27,2144,95,9774,112,31794,121,41568,California
Mendocino,2021-04-28,223,71785,147,37251,57,32371,19,2163,126,9823,97,31891,146,41714,California
Mendocino,2021-04-29,1147,72932,842,38093,290,32661,15,2178,113,8922,1028,32919,127,41841,California
Mendocino,2021-04-30,608,73540,383,38476,215,32876,10,2188,229,8783,378,33297,239,42080,California
Mendocino,2021-05-01,480,74020,435,38911,37,32913,8,2196,374,9060,105,33402,382,42462,California
Mendocino,2021-05-02,56,74076,46,38957,7,32920,3,2199,8,9024,47,33449,11,42473,California
Mendocino,2021-05-03,147,74223,85,39042,41,32961,21,2220,43,8986,102,33551,64,42537,California
Mendocino,2021-05-04,379,74602,253,39295,94,33055,32,2252,142,8923,237,33788,174,42711,California
Mendocino,2021-05-05,878,75480,791,40086,72,33127,15,2267,222,8504,655,34443,236,42947,California
Mendocino,2021-05-06,632,76112,382,40468,228,33355,22,2289,154,8204,476,34919,176,43123,California
Mendocino,2021-05-07,189,76301,36,40504,128,33483,25,2314,121,8282,67,34986,145,43268,California
Mendocino,2021-05-08,126,76427,5,40509,120,33603,1,2315,110,8378,15,35001,111,43379,California
Mendocino,2021-05-09,22,76449,7,40516,14,33617,1,2316,5,8367,17,35018,6,43385,California
Mendocino,2021-05-10,244,76693,161,40677,78,33695,5,2321,151,8430,93,35111,156,43541,California
Mendocino,2021-05-11,280,76973,143,40820,119,33814,18,2339,130,8427,149,35260,146,43687,California
Mendocino,2021-05-12,143,77116,81,40901,54,33868,8,2347,44,8382,97,35357,52,43739,California
Mendocino,2021-05-13,1236,78352,1122,42023,97,33965,17,2364,322,7808,913,36270,339,44078,California
Mendocino,2021-05-14,722,79074,492,42515,167,34132,63,2427,248,7650,469,36739,311,44389,California
Mendocino,2021-05-15,85,79159,29,42544,52,34184,4,2431,40,7649,45,36784,44,44433,California
Mendocino,2021-05-16,117,79276,104,42648,11,34195,2,2433,99,7734,17,36801,102,44535,California
Mendocino,2021-05-17,177,79453,84,42732,77,34272,16,2449,101,7775,76,36877,117,44652,California
Mendocino,2021-05-18,245,79698,118,42850,99,34371,28,2477,108,7774,136,37013,135,44787,California
Mendocino,2021-05-19,328,80026,191,43041,116,34487,21,2498,242,7954,83,37096,263,45050,California
Mendocino,2021-05-20,297,80323,116,43157,139,34626,42,2540,105,7912,189,37285,147,45197,California
Mendocino,2021-05-21,654,80977,475,43632,164,34790,15,2555,507,8288,146,37431,522,45719,California
Mendocino,2021-05-22,785,81762,675,44307,102,34892,8,2563,240,7992,544,37975,248,45967,California
Mendocino,2021-05-23,29,81791,12,44319,10,34902,7,2570,15,8000,13,37988,21,45988,California
Mendocino,2021-05-24,129,81920,45,44364,63,34965,21,2591,61,8015,67,38055,82,46070,California
Mendocino,2021-05-25,296,82216,177,44541,89,35054,30,2621,135,8019,160,38215,164,46234,California
Mendocino,2021-05-26,324,82540,244,44785,68,35122,12,2633,131,7970,192,38407,143,46377,California
Mendocino,2021-05-27,246,82786,112,44897,112,35234,22,2655,102,7951,142,38549,123,46500,California
Mendocino,2021-05-28,237,83023,98,44995,126,35360,13,2668,152,8034,83,38632,166,46666,California
Mendocino,2021-05-29,48,83071,17,45012,26,35386,5,2673,24,8039,24,38656,29,46695,California
Mendocino,2021-05-30,15,83086,2,45014,12,35398,1,2674,10,8045,5,38661,11,46706,California
Mendocino,2021-05-31,6,83092,0,45014,5,35403,1,2675,2,8045,3,38664,3,46709,California
Mendocino,2021-06-01,313,83405,105,45119,199,35602,9,2684,83,7907,230,38894,92,46801,California
Mendocino,2021-06-02,155,83560,58,45177,89,35691,8,2692,54,7871,98,38992,62,46863,California
Mendocino,2021-06-03,558,84118,457,45634,92,35783,9,2701,124,7577,427,39419,133,46996,California
Mendocino,2021-06-04,319,84437,193,45827,103,35886,23,2724,86,7454,232,39651,109,47105,California
Mendocino,2021-06-05,227,84664,94,45921,115,36001,18,2742,74,7395,151,39802,92,47197,California
Mendocino,2021-06-06,63,84727,58,45979,2,36003,3,2745,2,7339,61,39863,5,47202,California
Mendocino,2021-06-07,148,84875,71,46050,65,36068,12,2757,59,7321,89,39952,71,47273,California
Mendocino,2021-06-08,231,85106,130,46180,87,36155,14,2771,97,7303,129,40081,111,47384,California
Mendocino,2021-06-09,312,85418,249,46429,53,36208,10,2781,108,7218,203,40284,118,47502,California
Mendocino,2021-06-10,131,85549,70,46499,45,36253,16,2797,58,7219,73,40357,74,47576,California
Mendocino,2021-06-11,748,86297,588,47087,132,36385,28,2825,122,6745,624,40981,150,47726,California
Mendocino,2021-06-12,78,86375,53,47140,19,36404,6,2831,28,6730,49,41030,34,47760,California
Mendocino,2021-06-13,29,86404,16,47156,11,36415,2,2833,15,6734,13,41043,17,47777,California
Mendocino,2021-06-14,131,86535,59,47215,53,36468,19,2852,49,6720,81,41124,67,47844,California
Mendocino,2021-06-15,259,86794,166,47381,74,36542,19,2871,83,6646,176,41300,102,47946,California
Mendocino,2021-06-16,270,87064,168,47549,80,36622,22,2893,66,6532,202,41502,88,48034,California
Mendocino,2021-06-17,170,87234,89,47638,64,36686,17,2910,55,6490,114,41616,72,48106,California
Mendocino,2021-06-18,280,87514,128,47766,122,36808,30,2940,79,6399,199,41815,108,48214,California
Mendocino,2021-06-19,76,87590,43,47809,26,36834,7,2947,17,6364,59,41874,24,48238,California
Mendocino,2021-06-20,12,87602,4,47813,4,36838,4,2951,7,6370,5,41879,11,48249,California
Mendocino,2021-06-21,100,87702,34,47847,55,36893,11,2962,43,6369,54,41933,53,48302,California
Mendocino,2021-06-22,133,87835,86,47933,34,36927,13,2975,56,6363,75,42008,69,48371,California
Mendocino,2021-06-23,226,88061,160,48093,37,36964,29,3004,101,6368,125,42133,130,48501,California
Mendocino,2021-06-24,194,88255,110,48203,70,37034,14,3018,73,6335,120,42253,87,48588,California
Mendocino,2021-06-25,184,88439,97,48300,74,37108,13,3031,71,6307,112,42365,84,48672,California
Mendocino,2021-06-26,73,88512,48,48348,21,37129,4,3035,21,6280,52,42417,25,48697,California
Mendocino,2021-06-27,23,88535,13,48361,9,37138,1,3036,13,6284,10,42427,14,48711,California
Mendocino,2021-06-28,63,88598,42,48403,11,37149,10,3046,20,6273,41,42468,30,48741,California
Mendocino,2021-06-29,125,88723,90,48493,34,37183,1,3047,38,6225,87,42555,39,48780,California
Mendocino,2021-06-30,180,88903,146,48639,27,37210,7,3054,56,6166,123,42678,64,48844,California
Mendocino,2021-07-01,56,88959,27,48666,24,37234,5,3059,32,6179,24,42702,37,48881,California
Merced,2020-12-16,3,3,3,3,0,0,0,0,3,3,0,0,3,3,California
Merced,2020-12-17,9,12,9,12,0,0,0,0,9,12,0,0,9,12,California
Merced,2020-12-18,146,158,146,158,0,0,0,0,146,158,0,0,146,158,California
Merced,2020-12-19,38,196,38,196,0,0,0,0,38,196,0,0,38,196,California
Merced,2020-12-20,18,214,18,214,0,0,0,0,18,214,0,0,18,214,California
Merced,2020-12-21,125,339,122,336,3,3,0,0,125,339,0,0,125,339,California
Merced,2020-12-22,153,492,153,489,0,3,0,0,153,492,0,0,153,492,California
Merced,2020-12-23,255,747,248,737,7,10,0,0,255,747,0,0,255,747,California
Merced,2020-12-24,72,819,72,809,0,10,0,0,72,819,0,0,72,819,California
Merced,2020-12-25,4,823,4,813,0,10,0,0,4,823,0,0,4,823,California
Merced,2020-12-26,6,829,3,816,3,13,0,0,6,829,0,0,6,829,California
Merced,2020-12-27,12,841,11,827,1,14,0,0,12,841,0,0,12,841,California
Merced,2020-12-28,122,963,97,924,25,39,0,0,122,963,0,0,122,963,California
Merced,2020-12-29,193,1156,123,1047,70,109,0,0,193,1156,0,0,193,1156,California
Merced,2020-12-30,218,1374,90,1137,128,237,0,0,218,1374,0,0,218,1374,California
Merced,2020-12-31,102,1476,33,1170,69,306,0,0,102,1476,0,0,102,1476,California
Merced,2021-01-01,6,1482,1,1171,5,311,0,0,6,1482,0,0,6,1482,California
Merced,2021-01-02,129,1611,118,1289,11,322,0,0,129,1611,0,0,129,1611,California
Merced,2021-01-03,9,1620,5,1294,4,326,0,0,9,1620,0,0,9,1620,California
Merced,2021-01-04,82,1702,42,1336,40,366,0,0,82,1702,0,0,82,1702,California
Merced,2021-01-05,330,2032,235,1571,95,461,0,0,324,2022,6,6,326,2028,California
Merced,2021-01-06,259,2291,106,1677,153,614,0,0,251,2267,8,14,253,2281,California
Merced,2021-01-07,187,2478,83,1760,104,718,0,0,175,2429,13,27,175,2456,California
Merced,2021-01-08,527,3005,394,2154,133,851,0,0,374,2651,152,179,374,2830,California
Merced,2021-01-09,22,3027,9,2163,13,864,0,0,17,2663,5,184,17,2847,California
Merced,2021-01-10,11,3038,7,2170,4,868,0,0,7,2666,4,188,7,2854,California
Merced,2021-01-11,230,3268,172,2342,58,926,0,0,101,2640,129,317,103,2957,California
Merced,2021-01-12,298,3566,173,2515,125,1051,0,0,248,2837,51,368,248,3205,California
Merced,2021-01-13,394,3960,178,2693,216,1267,0,0,239,2925,154,522,242,3447,California
Merced,2021-01-14,327,4287,204,2897,123,1390,0,0,160,2920,166,688,161,3608,California
Merced,2021-01-15,593,4880,133,3030,460,1850,0,0,554,3437,40,728,557,4165,California
Merced,2021-01-16,214,5094,130,3160,84,1934,0,0,197,3617,17,745,197,4362,California
Merced,2021-01-17,51,5145,12,3172,39,1973,0,0,49,3664,2,747,49,4411,California
Merced,2021-01-18,268,5413,129,3301,139,2112,0,0,244,3888,24,771,248,4659,California
Merced,2021-01-19,715,6128,589,3890,126,2238,0,0,542,4265,172,943,549,5208,California
Merced,2021-01-20,574,6702,468,4358,106,2344,0,0,517,4728,57,1000,520,5728,California
Merced,2021-01-21,1030,7732,654,5012,376,2720,0,0,927,5556,102,1102,930,6658,California
Merced,2021-01-22,1321,9053,697,5709,624,3344,0,0,1292,6832,28,1130,1304,7962,California
Merced,2021-01-23,333,9386,199,5908,134,3478,0,0,226,6951,107,1237,226,8188,California
Merced,2021-01-24,36,9422,15,5923,21,3499,0,0,28,6972,7,1244,28,8216,California
Merced,2021-01-25,743,10165,243,6166,500,3999,0,0,681,7593,61,1305,682,8898,California
Merced,2021-01-26,947,11112,488,6654,459,4458,0,0,690,8055,229,1534,691,9589,California
Merced,2021-01-27,1006,12118,590,7244,416,4874,0,0,833,8717,171,1705,833,10422,California
Merced,2021-01-28,1160,13278,596,7840,564,5438,0,0,1036,9632,123,1828,1038,11460,California
Merced,2021-01-29,874,14152,314,8154,560,5998,0,0,620,10013,242,2070,623,12083,California
Merced,2021-01-30,269,14421,28,8182,241,6239,0,0,252,10248,17,2087,252,12335,California
Merced,2021-01-31,48,14469,11,8193,37,6276,0,0,47,10294,1,2088,47,12382,California
Merced,2021-02-01,396,14865,51,8244,345,6621,0,0,343,10587,51,2139,344,12726,California
Merced,2021-02-02,315,15180,183,8427,132,6753,0,0,186,10648,126,2265,187,12913,California
Merced,2021-02-03,364,15544,80,8507,284,7037,0,0,182,10649,181,2446,182,13095,California
Merced,2021-02-04,389,15933,160,8667,229,7266,0,0,256,10774,132,2578,257,13352,California
Merced,2021-02-05,522,16455,179,8846,343,7609,0,0,281,10818,239,2817,283,13635,California
Merced,2021-02-06,395,16850,221,9067,174,7783,0,0,251,10929,141,2958,252,13887,California
Merced,2021-02-07,21,16871,13,9080,8,7791,0,0,14,10936,7,2965,14,13901,California
Merced,2021-02-08,290,17161,200,9280,90,7881,0,0,178,11005,110,3075,179,14080,California
Merced,2021-02-09,1230,18391,966,10246,264,8145,0,0,782,11348,440,3515,783,14863,California
Merced,2021-02-10,1906,20297,1445,11691,461,8606,0,0,1308,12068,588,4103,1308,16171,California
Merced,2021-02-11,2564,22861,2043,13734,521,9127,0,0,1843,13204,708,4811,1844,18015,California
Merced,2021-02-12,1745,24606,1028,14762,717,9844,0,0,765,13011,961,5772,768,18783,California
Merced,2021-02-13,370,24976,211,14973,159,10003,0,0,269,13186,96,5868,271,19054,California
Merced,2021-02-14,119,25095,27,15000,92,10095,0,0,97,13262,22,5890,98,19152,California
Merced,2021-02-15,278,25373,43,15043,235,10330,0,0,170,13332,101,5991,171,19323,California
Merced,2021-02-16,1237,26610,855,15898,382,10712,0,0,847,13813,370,6361,851,20174,California
Merced,2021-02-17,1912,28522,1665,17563,247,10959,0,0,1333,14595,559,6920,1341,21515,California
Merced,2021-02-18,1279,29801,873,18436,406,11365,0,0,451,14243,807,7727,455,21970,California
Merced,2021-02-19,1292,31093,440,18876,852,12217,0,0,554,14067,732,8459,556,22526,California
Merced,2021-02-20,291,31384,34,18910,257,12474,0,0,144,14066,145,8604,144,22670,California
Merced,2021-02-21,84,31468,68,18978,16,12490,0,0,31,14046,51,8655,31,22701,California
Merced,2021-02-22,850,32318,298,19276,552,13042,0,0,485,14170,363,9018,487,23188,California
Merced,2021-02-23,1117,33435,433,19709,684,13726,0,0,646,14354,465,9483,649,23837,California
Merced,2021-02-24,861,34296,310,20019,551,14277,0,0,456,14418,393,9876,457,24294,California
Merced,2021-02-25,1831,36127,912,20931,919,15196,0,0,1346,15286,481,10357,1349,25643,California
Merced,2021-02-26,2225,38352,1414,22345,811,16007,0,0,1760,16594,453,10810,1761,27404,California
Merced,2021-02-27,2633,40985,1196,23541,1437,17444,0,0,2341,18644,291,11101,2341,29745,California
Merced,2021-02-28,324,41309,76,23617,247,17691,1,1,257,18838,63,11164,257,30002,California
Merced,2021-03-01,1162,42471,287,23904,874,18565,1,2,788,19263,364,11528,789,30791,California
Merced,2021-03-02,1896,44367,1038,24942,857,19422,1,3,1486,20350,403,11931,1490,32281,California
Merced,2021-03-03,2473,46840,1969,26911,503,19925,1,4,1697,21294,755,12686,1699,33980,California
Merced,2021-03-04,3151,49991,2524,29435,625,20550,2,6,2160,22486,971,13657,2163,36143,California
Merced,2021-03-05,2357,52348,1470,30905,863,21413,24,30,1802,23772,541,14198,1827,37970,California
Merced,2021-03-06,1180,53528,670,31575,488,21901,22,52,912,24439,267,14465,934,38904,California
Merced,2021-03-07,232,53760,66,31641,141,22042,25,77,203,24638,29,14494,228,39132,California
Merced,2021-03-08,1557,55317,946,32587,546,22588,65,142,1325,25796,231,14725,1389,40521,California
Merced,2021-03-09,1891,57208,1146,33733,637,23225,108,250,1222,26466,660,15385,1330,41851,California
Merced,2021-03-10,2965,60173,1988,35721,777,24002,200,450,1637,26997,1310,16695,1841,43692,California
Merced,2021-03-11,2219,62392,836,36557,1179,25181,204,654,1233,27489,966,17661,1458,45150,California
Merced,2021-03-12,2548,64940,1113,37670,1160,26341,275,929,1656,28545,887,18548,1943,47093,California
Merced,2021-03-13,1032,65972,322,37992,468,26809,242,1171,712,29185,312,18860,952,48045,California
Merced,2021-03-14,268,66240,155,38147,83,26892,30,1201,151,29253,113,18973,181,48226,California
Merced,2021-03-15,1719,67959,670,38817,792,27684,257,1458,1185,30171,523,19496,1441,49667,California
Merced,2021-03-16,1662,69621,878,39695,557,28241,227,1685,1140,31029,510,20006,1368,51035,California
Merced,2021-03-17,2317,71938,1388,41083,748,28989,181,1866,1840,32586,465,20471,2022,53057,California
Merced,2021-03-18,2267,74205,1383,42466,734,29723,150,2016,1410,33320,839,21310,1573,54630,California
Merced,2021-03-19,2806,77011,1584,44050,1027,30750,195,2211,1401,33523,1392,22702,1595,56225,California
Merced,2021-03-20,2468,79479,1532,45582,540,31290,396,2607,967,33397,1493,24195,1367,57592,California
Merced,2021-03-21,569,80048,345,45927,211,31501,13,2620,448,33740,120,24315,463,58055,California
Merced,2021-03-22,1283,81331,642,46569,564,32065,77,2697,894,34333,380,24695,973,59028,California
Merced,2021-03-23,1977,83308,1233,47802,678,32743,66,2763,1372,35177,594,25289,1438,60466,California
Merced,2021-03-24,1726,85034,1169,48971,521,33264,36,2799,1003,35506,710,25999,1039,61505,California
Merced,2021-03-25,3628,88662,2559,51530,1046,34310,23,2822,2123,36172,1483,27482,2149,63654,California
Merced,2021-03-26,2209,90871,1347,52877,825,35135,37,2859,903,35835,1276,28758,939,64593,California
Merced,2021-03-27,3601,94472,1927,54804,1251,36386,423,3282,1570,35814,2015,30773,1994,66587,California
Merced,2021-03-28,525,94997,217,55021,301,36687,7,3289,213,35726,309,31082,221,66808,California
Merced,2021-03-29,1960,96957,890,55911,898,37585,172,3461,682,35317,1265,32347,856,67664,California
Merced,2021-03-30,2294,99251,922,56833,1313,38898,59,3520,1011,35112,1277,33624,1072,68736,California
Merced,2021-03-31,2392,101643,1486,58319,721,39619,185,3705,993,34916,1374,34998,1178,69914,California
Merced,2021-04-01,2603,104246,1062,59381,1183,40802,358,4063,1067,34819,1521,36519,1424,71338,California
Merced,2021-04-02,2482,106728,750,60131,1309,42111,423,4486,799,34393,1638,38157,1212,72550,California
Merced,2021-04-03,1098,107826,607,60738,472,42583,19,4505,668,34661,420,38577,688,73238,California
Merced,2021-04-04,374,108200,143,60881,227,42810,4,4509,141,34576,231,38808,146,73384,California
Merced,2021-04-05,1510,109710,830,61711,467,43277,213,4722,413,34115,1087,39895,626,74010,California
Merced,2021-04-06,2613,112323,1070,62781,713,43990,830,5552,894,34127,1711,41606,1723,75733,California
Merced,2021-04-07,1923,114246,1135,63916,680,44670,108,5660,596,33548,1286,42892,707,76440,California
Merced,2021-04-08,2508,116754,1354,65270,934,45604,220,5880,992,33290,1466,44358,1208,77648,California
Merced,2021-04-09,1713,118467,483,65753,652,46256,578,6458,559,33295,1133,45491,1138,78786,California
Merced,2021-04-10,987,119454,371,66124,428,46684,188,6646,178,32856,803,46294,364,79150,California
Merced,2021-04-11,488,119942,281,66405,72,46756,135,6781,147,32800,339,46633,283,79433,California
Merced,2021-04-12,1527,121469,999,67404,404,47160,124,6905,871,33180,616,47249,996,80429,California
Merced,2021-04-13,2063,123532,1475,68879,586,47746,2,6907,935,33093,1028,48277,941,81370,California
Merced,2021-04-14,2256,125788,1396,70275,860,48606,0,6907,1046,33066,1074,49351,1047,82417,California
Merced,2021-04-15,3056,128844,1993,72268,1063,49669,0,6907,941,32134,1877,51228,945,83362,California
Merced,2021-04-16,2417,131261,1175,73443,1242,50911,0,6907,962,31749,1347,52575,962,84324,California
Merced,2021-04-17,2156,133417,1482,74925,673,51584,1,6908,663,30931,1485,54060,667,84991,California
Merced,2021-04-18,523,133940,298,75223,225,51809,0,6908,199,30834,296,54356,199,85190,California
Merced,2021-04-19,1379,135319,763,75986,616,52425,0,6908,711,30978,567,54923,711,85901,California
Merced,2021-04-20,1559,136878,797,76783,762,53187,0,6908,813,31118,673,55596,813,86714,California
Merced,2021-04-21,1638,138516,1024,77807,614,53801,0,6908,801,31199,721,56317,802,87516,California
Merced,2021-04-22,1723,140239,794,78601,929,54730,0,6908,786,31142,844,57161,787,88303,California
Merced,2021-04-23,1714,141953,733,79334,981,55711,0,6908,924,31326,741,57902,925,89228,California
Merced,2021-04-24,884,142837,705,80039,179,55890,0,6908,555,31557,324,58226,555,89783,California
Merced,2021-04-25,334,143171,192,80231,142,56032,0,6908,193,31613,137,58363,193,89976,California
Merced,2021-04-26,1291,144462,561,80792,730,56762,0,6908,648,31657,606,58969,650,90626,California
Merced,2021-04-27,1842,146304,938,81730,892,57654,12,6920,744,31386,1027,59996,756,91382,California
Merced,2021-04-28,1445,147749,727,82457,710,58364,8,6928,821,31618,598,60594,830,92212,California
Merced,2021-04-29,1512,149261,684,83141,803,59167,25,6953,717,31578,784,61378,744,92956,California
Merced,2021-04-30,1519,150780,655,83796,820,59987,44,6997,785,31681,727,62105,830,93786,California
Merced,2021-05-01,567,151347,242,84038,321,60308,4,7001,266,31655,295,62400,269,94055,California
Merced,2021-05-02,304,151651,122,84160,167,60475,15,7016,126,31620,177,62577,142,94197,California
Merced,2021-05-03,876,152527,574,84734,228,60703,74,7090,315,31454,557,63134,391,94588,California
Merced,2021-05-04,1082,153609,592,85326,438,61141,52,7142,396,31223,679,63813,448,95036,California
Merced,2021-05-05,1473,155082,964,86290,433,61574,76,7218,646,31133,812,64625,722,95758,California
Merced,2021-05-06,953,156035,509,86799,394,61968,50,7268,317,30872,628,65253,367,96125,California
Merced,2021-05-07,1179,157214,520,87319,617,62585,42,7310,459,30662,714,65967,504,96629,California
Merced,2021-05-08,451,157665,252,87571,163,62748,36,7346,219,30686,231,66198,255,96884,California
Merced,2021-05-09,214,157879,106,87677,101,62849,7,7353,96,30672,117,66315,103,96987,California
Merced,2021-05-10,728,158607,384,88061,307,63156,37,7390,201,30387,524,66839,239,97226,California
Merced,2021-05-11,1204,159811,723,88784,421,63577,60,7450,476,30202,721,67560,536,97762,California
Merced,2021-05-12,1122,160933,644,89428,436,64013,42,7492,386,29898,733,68293,429,98191,California
Merced,2021-05-13,949,161882,539,89967,368,64381,42,7534,427,29850,517,68810,469,98660,California
Merced,2021-05-14,1080,162962,665,90632,375,64756,40,7574,569,29954,505,69315,609,99269,California
Merced,2021-05-15,767,163729,580,91212,168,64924,19,7593,452,30124,303,69618,473,99742,California
Merced,2021-05-16,370,164099,253,91465,108,65032,9,7602,215,30196,153,69771,225,99967,California
Merced,2021-05-17,1110,165209,723,92188,357,65389,30,7632,543,30210,560,70331,574,100541,California
Merced,2021-05-18,1290,166499,861,93049,398,65787,31,7663,712,30382,571,70902,743,101284,California
Merced,2021-05-19,1154,167653,762,93811,385,66172,7,7670,645,30533,505,71407,656,101940,California
Merced,2021-05-20,1067,168720,565,94376,446,66618,56,7726,403,30332,662,72069,461,102401,California
Merced,2021-05-21,1202,169922,695,95071,479,67097,28,7754,487,30145,703,72772,516,102917,California
Merced,2021-05-22,767,170689,550,95621,204,67301,13,7767,456,30308,309,73081,472,103389,California
Merced,2021-05-23,359,171048,259,95880,87,67388,13,7780,235,30433,123,73204,248,103637,California
Merced,2021-05-24,635,171683,273,96153,331,67719,31,7811,233,30303,395,73599,265,103902,California
Merced,2021-05-25,776,172459,436,96589,306,68025,34,7845,391,30347,380,73979,424,104326,California
Merced,2021-05-26,1006,173465,558,97147,415,68440,33,7878,400,30177,604,74583,434,104760,California
Merced,2021-05-27,930,174395,655,97802,240,68680,35,7913,558,30403,368,74951,594,105354,California
Merced,2021-05-28,776,175171,352,98154,378,69058,46,7959,333,30348,434,75385,379,105733,California
Merced,2021-05-29,393,175564,273,98427,112,69170,8,7967,160,30287,230,75615,169,105902,California
Merced,2021-05-30,215,175779,146,98573,58,69228,11,7978,130,30343,85,75700,141,106043,California
Merced,2021-05-31,111,175890,25,98598,80,69308,6,7984,31,30303,78,75778,38,106081,California
Merced,2021-06-01,866,176756,542,99140,290,69598,34,8018,316,30108,545,76323,350,106431,California
Merced,2021-06-02,756,177512,484,99624,246,69844,26,8044,341,30067,408,76731,367,106798,California
Merced,2021-06-03,763,178275,484,100108,245,70089,34,8078,301,29946,456,77187,335,107133,California
Merced,2021-06-04,797,179072,453,100561,322,70411,22,8100,305,29788,486,77673,328,107461,California
Merced,2021-06-05,511,179583,404,100965,95,70506,12,8112,190,29674,316,77989,202,107663,California
Merced,2021-06-06,228,179811,192,101157,30,70536,6,8118,80,29612,148,78137,86,107749,California
Merced,2021-06-07,665,180476,533,101690,119,70655,13,8131,195,29352,470,78607,210,107959,California
Merced,2021-06-08,865,181341,640,102330,201,70856,24,8155,272,29060,588,79195,296,108255,California
Merced,2021-06-09,884,182225,651,102981,218,71074,15,8170,264,28731,609,79804,280,108535,California
Merced,2021-06-10,649,182874,449,103430,180,71254,20,8190,264,28636,379,80183,284,108819,California
Merced,2021-06-11,577,183451,366,103796,196,71450,15,8205,240,28560,333,80516,257,109076,California
Merced,2021-06-12,590,184041,483,104279,84,71534,23,8228,175,28344,414,80930,198,109274,California
Merced,2021-06-13,256,184297,134,104413,117,71651,5,8233,63,28219,193,81123,68,109342,California
Merced,2021-06-14,554,184851,364,104777,156,71807,34,8267,254,28211,297,81420,289,109631,California
Merced,2021-06-15,789,185640,560,105337,202,72009,27,8294,269,27996,512,81932,297,109928,California
Merced,2021-06-16,722,186362,499,105836,201,72210,22,8316,327,27960,385,82317,349,110277,California
Merced,2021-06-17,738,187100,562,106398,145,72355,31,8347,237,27735,493,82810,268,110545,California
Merced,2021-06-18,778,187878,510,106908,237,72592,31,8378,390,27775,381,83191,421,110966,California
Merced,2021-06-19,366,188244,252,107160,87,72679,27,8405,197,27832,167,83358,224,111190,California
Merced,2021-06-20,238,188482,184,107344,46,72725,8,8413,140,27883,97,83455,148,111338,California
Merced,2021-06-21,322,188804,196,107540,114,72839,12,8425,200,27974,121,83576,212,111550,California
Merced,2021-06-22,515,189319,357,107897,139,72978,19,8444,254,27987,261,83837,274,111824,California
Merced,2021-06-23,580,189899,362,108259,207,73185,11,8455,288,28002,284,84121,299,112123,California
Merced,2021-06-24,543,190442,384,108643,127,73312,32,8487,250,27995,289,84410,282,112405,California
Merced,2021-06-25,486,190928,340,108983,122,73434,24,8511,254,28047,225,84635,277,112682,California
Merced,2021-06-26,186,191114,127,109110,53,73487,6,8517,91,28052,93,84728,98,112780,California
Merced,2021-06-27,196,191310,145,109255,39,73526,12,8529,120,28108,76,84804,132,112912,California
Merced,2021-06-28,337,191647,222,109477,98,73624,17,8546,176,28143,158,84962,193,113105,California
Merced,2021-06-29,332,191979,196,109673,114,73738,22,8568,156,28146,175,85137,178,113283,California
Merced,2021-06-30,381,192360,241,109914,118,73856,22,8590,216,28222,162,85299,238,113521,California
Merced,2021-07-01,204,192564,113,110027,83,73939,8,8598,119,28266,85,85384,129,113650,California
Modoc,2020-12-16,1,1,1,1,0,0,0,0,1,1,0,0,1,1,California
Modoc,2020-12-21,99,100,99,100,0,0,0,0,99,100,0,0,99,100,California
Modoc,2020-12-22,14,114,14,114,0,0,0,0,14,114,0,0,14,114,California
Modoc,2020-12-23,4,118,4,118,0,0,0,0,4,118,0,0,4,118,California
Modoc,2020-12-24,1,119,1,119,0,0,0,0,1,119,0,0,1,119,California
Modoc,2020-12-28,2,121,2,121,0,0,0,0,2,121,0,0,2,121,California
Modoc,2020-12-29,10,131,1,122,9,9,0,0,10,131,0,0,10,131,California
Modoc,2020-12-30,7,138,0,122,7,16,0,0,7,138,0,0,7,138,California
Modoc,2021-01-02,3,141,1,123,2,18,0,0,3,141,0,0,3,141,California
Modoc,2021-01-04,8,149,0,123,8,26,0,0,8,149,0,0,8,149,California
Modoc,2021-01-05,3,152,2,125,1,27,0,0,3,152,0,0,3,152,California
Modoc,2021-01-06,3,155,2,127,1,28,0,0,2,153,1,1,2,154,California
Modoc,2021-01-07,72,227,0,127,72,100,0,0,72,225,0,1,72,226,California
Modoc,2021-01-08,105,332,0,127,105,205,0,0,105,330,0,1,105,331,California
Modoc,2021-01-10,1,333,1,128,0,205,0,0,0,329,1,2,0,331,California
Modoc,2021-01-11,90,423,81,209,9,214,0,0,19,277,71,73,19,350,California
Modoc,2021-01-12,94,517,25,234,69,283,0,0,68,319,26,99,68,418,California
Modoc,2021-01-13,24,541,4,238,20,303,0,0,22,339,2,101,22,440,California
Modoc,2021-01-14,128,669,6,244,122,425,0,0,123,457,5,106,123,563,California
Modoc,2021-01-15,6,675,1,245,5,430,0,0,6,463,0,106,6,569,California
Modoc,2021-01-16,2,677,1,246,1,431,0,0,2,465,0,106,2,571,California
Modoc,2021-01-18,3,680,1,247,2,433,0,0,3,468,0,106,3,574,California
Modoc,2021-01-19,5,685,3,250,2,435,0,0,3,469,2,108,3,577,California
Modoc,2021-01-20,11,696,1,251,10,445,0,0,11,480,0,108,11,588,California
Modoc,2021-01-21,157,853,2,253,155,600,0,0,157,637,0,108,157,745,California
Modoc,2021-01-22,2,855,0,253,2,602,0,0,2,639,0,108,2,747,California
Modoc,2021-01-25,11,866,0,253,11,613,0,0,11,650,0,108,11,758,California
Modoc,2021-01-26,65,931,1,254,64,677,0,0,65,715,0,108,65,823,California
Modoc,2021-01-27,42,973,3,257,39,716,0,0,26,725,16,124,26,849,California
Modoc,2021-01-28,146,1119,2,259,144,860,0,0,145,869,1,125,145,994,California
Modoc,2021-01-29,3,1122,1,260,2,862,0,0,3,872,0,125,3,997,California
Modoc,2021-02-01,26,1148,13,273,13,875,0,0,12,870,14,139,12,1009,California
Modoc,2021-02-02,170,1318,2,275,168,1043,0,0,167,1034,3,142,167,1176,California
Modoc,2021-02-03,18,1336,13,288,5,1048,0,0,11,1038,7,149,11,1187,California
Modoc,2021-02-04,155,1491,4,292,151,1199,0,0,27,937,128,277,27,1214,California
Modoc,2021-02-05,2,1493,2,294,0,1199,0,0,1,937,1,278,1,1215,California
Modoc,2021-02-08,9,1502,2,296,7,1206,0,0,8,944,1,279,8,1223,California
Modoc,2021-02-09,197,1699,13,309,184,1390,0,0,65,877,132,411,65,1288,California
Modoc,2021-02-10,5,1704,2,311,3,1393,0,0,4,880,1,412,4,1292,California
Modoc,2021-02-11,202,1906,3,314,199,1592,0,0,85,848,117,529,85,1377,California
Modoc,2021-02-12,4,1910,0,314,4,1596,0,0,2,848,2,531,2,1379,California
Modoc,2021-02-13,2,1912,0,314,2,1598,0,0,1,848,1,532,1,1380,California
Modoc,2021-02-16,147,2059,6,320,141,1739,0,0,141,983,6,538,141,1521,California
Modoc,2021-02-17,25,2084,2,322,23,1762,0,0,12,982,13,551,12,1533,California
Modoc,2021-02-18,187,2271,2,324,185,1947,0,0,23,844,163,714,25,1558,California
Modoc,2021-02-19,3,2274,3,327,0,1947,0,0,2,845,1,715,2,1560,California
Modoc,2021-02-20,1,2275,1,328,0,1947,0,0,0,844,1,716,0,1560,California
Modoc,2021-02-22,19,2294,9,337,10,1957,0,0,3,831,16,732,3,1563,California
Modoc,2021-02-23,20,2314,2,339,18,1975,0,0,1,813,19,751,1,1564,California
Modoc,2021-02-24,91,2405,1,340,90,2065,0,0,31,784,60,811,31,1595,California
Modoc,2021-02-25,169,2574,0,340,169,2234,0,0,12,639,157,968,12,1607,California
Modoc,2021-02-26,3,2577,0,340,3,2237,0,0,1,638,2,970,1,1608,California
Modoc,2021-02-27,4,2581,4,344,0,2237,0,0,2,638,2,972,2,1610,California
Modoc,2021-03-01,6,2587,0,344,6,2243,0,0,1,635,4,976,1,1611,California
Modoc,2021-03-02,193,2780,12,356,181,2424,0,0,26,494,167,1143,26,1637,California
Modoc,2021-03-03,12,2792,6,362,6,2430,0,0,2,486,10,1153,2,1639,California
Modoc,2021-03-04,174,2966,2,364,172,2602,0,0,147,606,27,1180,147,1786,California
Modoc,2021-03-05,3,2969,3,367,0,2602,0,0,2,607,1,1181,2,1788,California
Modoc,2021-03-06,11,2980,0,367,1,2603,10,10,1,608,10,1191,11,1799,California
Modoc,2021-03-07,8,2988,2,369,0,2603,6,16,2,610,6,1197,8,1807,California
Modoc,2021-03-08,8,2996,1,370,3,2606,4,20,1,609,6,1203,5,1812,California
Modoc,2021-03-09,127,3123,10,380,108,2714,9,29,61,613,66,1269,70,1882,California
Modoc,2021-03-10,9,3132,3,383,2,2716,4,33,4,616,5,1274,8,1890,California
Modoc,2021-03-11,207,3339,0,383,99,2815,108,141,22,561,185,1459,130,2020,California
Modoc,2021-03-12,10,3349,1,384,4,2819,5,146,4,564,6,1465,9,2029,California
Modoc,2021-03-13,6,3355,0,384,3,2822,3,149,1,563,5,1470,4,2033,California
Modoc,2021-03-15,12,3367,1,385,10,2832,1,150,10,572,2,1472,11,2044,California
Modoc,2021-03-16,174,3541,2,387,168,3000,4,154,42,485,132,1604,45,2089,California
Modoc,2021-03-17,10,3551,1,388,4,3004,5,159,2,484,8,1612,7,2096,California
Modoc,2021-03-18,66,3617,2,390,57,3061,7,166,34,493,32,1644,41,2137,California
Modoc,2021-03-19,5,3622,0,390,0,3061,5,171,0,493,5,1649,5,2142,California
Modoc,2021-03-20,5,3627,2,392,0,3061,3,174,0,491,5,1654,3,2145,California
Modoc,2021-03-21,3,3630,1,393,0,3061,2,176,1,492,2,1656,3,2148,California
Modoc,2021-03-22,17,3647,1,394,11,3072,5,181,12,504,5,1661,17,2165,California
Modoc,2021-03-23,37,3684,7,401,27,3099,3,184,28,526,9,1670,31,2196,California
Modoc,2021-03-24,29,3713,1,402,18,3117,10,194,1,509,28,1698,11,2207,California
Modoc,2021-03-25,76,3789,1,403,73,3190,2,196,44,523,32,1730,46,2253,California
Modoc,2021-03-26,7,3796,2,405,2,3192,3,199,2,523,5,1735,5,2258,California
Modoc,2021-03-27,2,3798,0,405,1,3193,1,200,1,524,1,1736,2,2260,California
Modoc,2021-03-28,2,3800,1,406,0,3193,1,201,0,523,2,1738,1,2261,California
Modoc,2021-03-29,14,3814,1,407,5,3198,8,209,5,527,9,1747,13,2274,California
Modoc,2021-03-30,54,3868,9,416,38,3236,7,216,20,520,34,1781,27,2301,California
Modoc,2021-03-31,10,3878,3,419,3,3239,4,220,4,522,6,1787,8,2309,California
Modoc,2021-04-01,167,4045,2,421,160,3399,5,225,32,424,135,1922,37,2346,California
Modoc,2021-04-02,5,4050,0,421,2,3401,3,228,1,425,3,1925,4,2350,California
Modoc,2021-04-03,5,4055,2,423,0,3401,3,231,2,427,2,1927,4,2354,California
Modoc,2021-04-05,9,4064,0,423,9,3410,0,231,9,436,0,1927,9,2363,California
Modoc,2021-04-06,24,4088,5,428,9,3419,10,241,6,434,18,1945,16,2379,California
Modoc,2021-04-07,12,4100,1,429,4,3423,7,248,3,435,9,1954,10,2389,California
Modoc,2021-04-08,95,4195,1,430,92,3515,2,250,26,394,69,2023,28,2417,California
Modoc,2021-04-09,11,4206,2,432,6,3521,3,253,2,389,9,2032,4,2421,California
Modoc,2021-04-10,5,4211,0,432,1,3522,4,257,0,388,5,2037,4,2425,California
Modoc,2021-04-11,2,4213,2,434,0,3522,0,257,1,388,1,2038,1,2426,California
Modoc,2021-04-12,14,4227,0,434,10,3532,4,261,1,382,11,2049,5,2431,California
Modoc,2021-04-13,30,4257,29,463,1,3533,0,261,21,394,9,2058,21,2452,California
Modoc,2021-04-14,2,4259,2,465,0,3533,0,261,1,394,1,2059,1,2453,California
Modoc,2021-04-15,100,4359,0,465,100,3633,0,261,27,349,72,2131,27,2480,California
Modoc,2021-04-16,4,4363,4,469,0,3633,0,261,3,351,1,2132,3,2483,California
Modoc,2021-04-17,2,4365,2,471,0,3633,0,261,2,353,0,2132,2,2485,California
Modoc,2021-04-18,1,4366,0,471,1,3634,0,261,1,354,0,2132,1,2486,California
Modoc,2021-04-19,7,4373,0,471,7,3641,0,261,2,351,5,2137,2,2488,California
Modoc,2021-04-20,26,4399,2,473,24,3665,0,261,8,341,18,2155,8,2496,California
Modoc,2021-04-21,3,4402,3,476,0,3665,0,261,1,340,2,2157,1,2497,California
Modoc,2021-04-22,94,4496,1,477,93,3758,0,261,38,322,56,2213,38,2535,California
Modoc,2021-04-23,4,4500,0,477,4,3762,0,261,3,324,1,2214,3,2538,California
Modoc,2021-04-24,2,4502,0,477,1,3763,1,262,1,325,1,2215,2,2540,California
Modoc,2021-04-25,1,4503,1,478,0,3763,0,262,1,326,0,2215,1,2541,California
Modoc,2021-04-26,7,4510,0,478,7,3770,0,262,2,323,5,2220,2,2543,California
Modoc,2021-04-27,5,4515,4,482,0,3770,1,263,0,319,5,2225,1,2544,California
Modoc,2021-04-28,7,4522,1,483,5,3775,1,264,2,317,5,2230,3,2547,California
Modoc,2021-04-29,63,4585,2,485,61,3836,0,264,22,298,41,2271,22,2569,California
Modoc,2021-04-30,4,4589,3,488,1,3837,0,264,2,298,2,2273,2,2571,California
Modoc,2021-05-01,1,4590,1,489,0,3837,0,264,0,297,1,2274,0,2571,California
Modoc,2021-05-02,4,4594,3,492,1,3838,0,264,3,299,1,2275,3,2574,California
Modoc,2021-05-03,12,4606,0,492,11,3849,1,265,2,292,10,2285,3,2577,California
Modoc,2021-05-04,11,4617,3,495,6,3855,2,267,5,293,6,2291,7,2584,California
Modoc,2021-05-05,27,4644,24,519,2,3857,1,268,8,283,19,2310,9,2593,California
Modoc,2021-05-06,54,4698,3,522,49,3906,2,270,21,273,33,2343,23,2616,California
Modoc,2021-05-07,8,4706,3,525,3,3909,2,272,2,271,6,2349,4,2620,California
Modoc,2021-05-08,3,4709,2,527,0,3909,1,273,1,271,2,2351,2,2622,California
Modoc,2021-05-09,1,4710,1,528,0,3909,0,273,0,270,1,2352,0,2622,California
Modoc,2021-05-10,2,4712,0,528,1,3910,1,274,1,271,1,2353,2,2624,California
Modoc,2021-05-11,3,4715,2,530,0,3910,1,275,0,269,3,2356,1,2625,California
Modoc,2021-05-12,2,4717,0,530,0,3910,2,277,0,269,2,2358,2,2627,California
Modoc,2021-05-13,42,4759,0,530,38,3948,4,281,14,259,28,2386,18,2645,California
Modoc,2021-05-14,8,4767,3,533,0,3948,5,286,3,262,5,2391,8,2653,California
Modoc,2021-05-15,4,4771,3,536,1,3949,0,286,4,266,0,2391,4,2657,California
Modoc,2021-05-16,2,4773,1,537,1,3950,0,286,0,264,2,2393,0,2657,California
Modoc,2021-05-17,5,4778,3,540,2,3952,0,286,4,267,1,2394,4,2661,California
Modoc,2021-05-18,23,4801,12,552,9,3961,2,288,14,274,9,2403,16,2677,California
Modoc,2021-05-19,8,4809,1,553,3,3964,4,292,4,278,4,2407,8,2685,California
Modoc,2021-05-20,59,4868,3,556,47,4011,9,301,8,244,51,2458,17,2702,California
Modoc,2021-05-21,6,4874,4,560,1,4012,1,302,1,241,5,2463,2,2704,California
Modoc,2021-05-22,2,4876,2,562,0,4012,0,302,1,241,1,2464,1,2705,California
Modoc,2021-05-23,2,4878,2,564,0,4012,0,302,0,239,2,2466,0,2705,California
Modoc,2021-05-24,4,4882,1,565,1,4013,2,304,2,241,2,2468,4,2709,California
Modoc,2021-05-25,2,4884,1,566,1,4014,0,304,1,241,1,2469,1,2710,California
Modoc,2021-05-26,36,4920,33,599,3,4017,0,304,26,258,10,2479,27,2737,California
Modoc,2021-05-27,28,4948,1,600,22,4039,5,309,6,247,22,2501,11,2748,California
Modoc,2021-05-28,8,4956,1,601,4,4043,3,312,3,248,5,2506,6,2754,California
Modoc,2021-05-29,1,4957,1,602,0,4043,0,312,0,247,1,2507,0,2754,California
Modoc,2021-05-31,1,4958,0,602,0,4043,1,313,0,247,0,2507,0,2754,California
Modoc,2021-06-01,7,4965,0,602,6,4049,1,314,2,245,5,2512,3,2757,California
Modoc,2021-06-02,8,4973,0,602,6,4055,2,316,4,247,4,2516,6,2763,California
Modoc,2021-06-03,25,4998,1,603,22,4077,2,318,4,232,21,2537,6,2769,California
Modoc,2021-06-04,5,5003,3,606,1,4078,1,319,0,228,5,2542,1,2770,California
Modoc,2021-06-05,1,5004,0,606,1,4079,0,319,0,227,1,2543,0,2770,California
Modoc,2021-06-07,4,5008,4,610,0,4079,0,319,1,225,3,2546,1,2771,California
Modoc,2021-06-08,29,5037,10,620,18,4097,1,320,18,233,11,2557,19,2790,California
Modoc,2021-06-09,3,5040,2,622,1,4098,0,320,2,234,1,2558,2,2792,California
Modoc,2021-06-10,21,5061,1,623,19,4117,1,321,7,228,14,2572,8,2800,California
Modoc,2021-06-11,4,5065,2,625,1,4118,1,322,2,229,2,2574,3,2803,California
Modoc,2021-06-12,1,5066,1,626,0,4118,0,322,0,228,1,2575,0,2803,California
Modoc,2021-06-14,4,5070,0,626,2,4120,2,324,0,226,4,2579,2,2805,California
Modoc,2021-06-15,6,5076,0,626,4,4124,2,326,3,228,3,2582,5,2810,California
Modoc,2021-06-16,41,5117,25,651,11,4135,5,331,22,238,19,2601,29,2839,California
Modoc,2021-06-17,46,5163,20,671,25,4160,1,332,27,247,19,2620,28,2867,California
Modoc,2021-06-18,5,5168,0,671,3,4163,2,334,3,250,2,2622,5,2872,California
Modoc,2021-06-19,3,5171,0,671,1,4164,2,336,1,251,2,2624,3,2875,California
Modoc,2021-06-21,1,5172,0,671,1,4165,0,336,1,252,0,2624,1,2876,California
Modoc,2021-06-22,11,5183,4,675,7,4172,0,336,9,259,2,2626,9,2885,California
Modoc,2021-06-23,6,5189,0,675,3,4175,3,339,1,258,5,2631,4,2889,California
Modoc,2021-06-24,32,5221,14,689,14,4189,4,343,22,274,10,2641,26,2915,California
Modoc,2021-06-25,7,5228,0,689,5,4194,2,345,2,273,5,2646,4,2919,California
Modoc,2021-06-28,4,5232,1,690,3,4197,0,345,3,275,1,2647,3,2922,California
Modoc,2021-06-29,8,5240,1,691,6,4203,1,346,5,278,3,2650,6,2928,California
Modoc,2021-06-30,8,5248,1,692,7,4210,0,346,5,280,3,2653,5,2933,California
Modoc,2021-07-01,22,5270,11,703,0,4210,11,357,8,285,14,2667,19,2952,California
Mono,2020-12-18,1,1,1,1,0,0,0,0,1,1,0,0,1,1,California
Mono,2020-12-19,5,6,5,6,0,0,0,0,5,6,0,0,5,6,California
Mono,2020-12-20,7,13,7,13,0,0,0,0,7,13,0,0,7,13,California
Mono,2020-12-21,24,37,17,30,7,7,0,0,24,37,0,0,24,37,California
Mono,2020-12-22,66,103,65,95,1,8,0,0,66,103,0,0,66,103,California
Mono,2020-12-23,71,174,43,138,28,36,0,0,71,174,0,0,71,174,California
Mono,2020-12-24,3,177,1,139,2,38,0,0,3,177,0,0,3,177,California
Mono,2020-12-26,3,180,3,142,0,38,0,0,3,180,0,0,3,180,California
Mono,2020-12-27,1,181,0,142,1,39,0,0,1,181,0,0,1,181,California
Mono,2020-12-28,94,275,63,205,31,70,0,0,94,275,0,0,94,275,California
Mono,2020-12-29,29,304,29,234,0,70,0,0,29,304,0,0,29,304,California
Mono,2020-12-30,77,381,36,270,41,111,0,0,77,381,0,0,77,381,California
Mono,2020-12-31,4,385,1,271,3,114,0,0,4,385,0,0,4,385,California
Mono,2021-01-01,4,389,4,275,0,114,0,0,4,389,0,0,4,389,California
Mono,2021-01-02,2,391,2,277,0,114,0,0,2,391,0,0,2,391,California
Mono,2021-01-04,2,393,0,277,2,116,0,0,2,393,0,0,2,393,California
Mono,2021-01-05,45,438,2,279,43,159,0,0,44,436,1,1,44,437,California
Mono,2021-01-06,44,482,0,279,44,203,0,0,44,480,0,1,44,481,California
Mono,2021-01-07,55,537,3,282,52,255,0,0,53,532,2,3,54,535,California
Mono,2021-01-08,2,539,1,283,1,256,0,0,1,532,1,4,1,536,California
Mono,2021-01-09,4,543,4,287,0,256,0,0,0,528,4,8,0,536,California
Mono,2021-01-10,5,548,5,292,0,256,0,0,0,523,5,13,0,536,California
Mono,2021-01-11,8,556,5,297,3,259,0,0,4,523,4,17,4,540,California
Mono,2021-01-12,283,839,75,372,208,467,0,0,219,679,63,80,219,759,California
Mono,2021-01-13,234,1073,73,445,161,628,0,0,179,803,55,135,179,938,California
Mono,2021-01-14,74,1147,72,517,2,630,0,0,73,875,1,136,73,1011,California
Mono,2021-01-15,65,1212,3,520,62,692,0,0,65,940,0,136,65,1076,California
Mono,2021-01-16,4,1216,3,523,1,693,0,0,1,938,3,139,1,1077,California
Mono,2021-01-18,64,1280,55,578,9,702,0,0,2,878,62,201,2,1079,California
Mono,2021-01-19,210,1490,207,785,3,705,0,0,172,1013,38,239,173,1252,California
Mono,2021-01-20,235,1725,201,986,34,739,0,0,173,1124,62,301,173,1425,California
Mono,2021-01-21,4,1729,4,990,0,739,0,0,4,1128,0,301,4,1429,California
Mono,2021-01-22,4,1733,0,990,4,743,0,0,4,1132,0,301,4,1433,California
Mono,2021-01-23,590,2323,590,1580,0,743,0,0,589,1720,1,302,589,2022,California
Mono,2021-01-24,1,2324,0,1580,1,744,0,0,0,1719,1,303,0,2022,California
Mono,2021-01-25,200,2524,162,1742,38,782,0,0,161,1841,39,342,161,2183,California
Mono,2021-01-26,500,3024,498,2240,2,784,0,0,494,2329,6,348,494,2677,California
Mono,2021-01-27,4,3028,0,2240,4,788,0,0,4,2333,0,348,4,2681,California
Mono,2021-01-28,6,3034,2,2242,4,792,0,0,2,2331,4,352,2,2683,California
Mono,2021-01-30,197,3231,195,2437,2,794,0,0,196,2526,1,353,196,2879,California
Mono,2021-01-31,241,3472,136,2573,105,899,0,0,137,2559,104,457,137,3016,California
Mono,2021-02-01,27,3499,27,2600,0,899,0,0,0,2532,27,484,0,3016,California
Mono,2021-02-02,5,3504,0,2600,5,904,0,0,2,2531,3,487,2,3018,California
Mono,2021-02-03,4,3508,2,2602,2,906,0,0,2,2531,2,489,2,3020,California
Mono,2021-02-04,214,3722,159,2761,55,961,0,0,91,2501,121,610,91,3111,California
Mono,2021-02-05,611,4333,605,3366,6,967,0,0,608,3106,3,613,608,3719,California
Mono,2021-02-06,135,4468,134,3500,1,968,0,0,134,3239,1,614,134,3853,California
Mono,2021-02-07,2,4470,0,3500,2,970,0,0,2,3241,0,614,2,3855,California
Mono,2021-02-08,171,4641,171,3671,0,970,0,0,15,3101,155,769,15,3870,California
Mono,2021-02-09,231,4872,6,3677,225,1195,0,0,14,2898,217,986,14,3884,California
Mono,2021-02-10,542,5414,188,3865,354,1549,0,0,198,2753,344,1330,199,4083,California
Mono,2021-02-11,8,5422,5,3870,3,1552,0,0,3,2751,5,1335,3,4086,California
Mono,2021-02-12,89,5511,21,3891,68,1620,0,0,27,2716,62,1397,27,4113,California
Mono,2021-02-13,586,6097,584,4475,2,1622,0,0,26,2183,559,1956,26,4139,California
Mono,2021-02-15,167,6264,165,4640,2,1624,0,0,2,2022,163,2119,2,4141,California
Mono,2021-02-16,520,6784,516,5156,4,1628,0,0,45,1596,472,2591,46,4187,California
Mono,2021-02-17,6,6790,1,5157,5,1633,0,0,2,1594,4,2595,2,4189,California
Mono,2021-02-18,4,6794,2,5159,2,1635,0,0,3,1596,1,2596,3,4192,California
Mono,2021-02-19,56,6850,55,5214,1,1636,0,0,56,1652,0,2596,56,4248,California
Mono,2021-02-20,4,6854,4,5218,0,1636,0,0,4,1656,0,2596,4,4252,California
Mono,2021-02-21,6,6860,6,5224,0,1636,0,0,4,1658,2,2598,4,4256,California
Mono,2021-02-22,288,7148,287,5511,1,1637,0,0,26,1423,261,2859,26,4282,California
Mono,2021-02-23,144,7292,124,5635,20,1657,0,0,24,1327,120,2979,24,4306,California
Mono,2021-02-24,10,7302,2,5637,8,1665,0,0,3,1323,7,2986,3,4309,California
Mono,2021-02-25,5,7307,2,5639,3,1668,0,0,3,1325,1,2987,3,4312,California
Mono,2021-02-26,596,7903,594,6233,2,1670,0,0,21,772,574,3561,21,4333,California
Mono,2021-02-27,138,8041,134,6367,4,1674,0,0,4,644,132,3693,4,4337,California
Mono,2021-02-28,1,8042,0,6367,0,1674,1,1,0,644,1,3694,1,4338,California
Mono,2021-03-01,3,8045,2,6369,1,1675,0,1,2,646,0,3694,2,4340,California
Mono,2021-03-02,6,8051,4,6373,2,1677,0,1,4,648,2,3696,4,4344,California
Mono,2021-03-03,113,8164,3,6376,110,1787,0,1,109,754,3,3699,109,4453,California
Mono,2021-03-04,6,8170,2,6378,4,1791,0,1,3,754,3,3702,3,4456,California
Mono,2021-03-05,37,8207,28,6406,9,1800,0,1,13,743,24,3726,13,4469,California
Mono,2021-03-06,506,8713,18,6424,488,2288,0,1,497,1234,7,3733,498,4967,California
Mono,2021-03-07,1,8714,0,6424,1,2289,0,1,0,1233,1,3734,0,4967,California
Mono,2021-03-08,531,9245,11,6435,517,2806,3,4,521,1747,10,3744,524,5491,California
Mono,2021-03-09,6,9251,2,6437,3,2809,1,5,3,1749,2,3746,4,5495,California
Mono,2021-03-10,287,9538,91,6528,193,3002,3,8,8,1484,276,4022,11,5506,California
Mono,2021-03-11,10,9548,0,6528,1,3003,9,17,0,1483,10,4032,9,5515,California
Mono,2021-03-12,6,9554,1,6529,1,3004,4,21,0,1481,6,4038,4,5519,California
Mono,2021-03-13,822,10376,384,6913,438,3442,0,21,812,2283,10,4048,812,6331,California
Mono,2021-03-14,5,10381,5,6918,0,3442,0,21,1,2280,4,4052,1,6332,California
Mono,2021-03-15,31,10412,23,6941,3,3445,5,26,14,2283,16,4068,19,6351,California
Mono,2021-03-16,16,10428,6,6947,4,3449,6,32,8,2289,8,4076,14,6365,California
Mono,2021-03-17,33,10461,5,6952,20,3469,8,40,21,2306,12,4088,29,6394,California
Mono,2021-03-18,21,10482,2,6954,11,3480,8,48,8,2309,13,4101,16,6410,California
Mono,2021-03-19,21,10503,1,6955,17,3497,3,51,17,2326,3,4104,20,6430,California
Mono,2021-03-20,5,10508,3,6958,1,3498,1,52,4,2330,1,4105,5,6435,California
Mono,2021-03-21,1,10509,1,6959,0,3498,0,52,1,2331,0,4105,1,6436,California
Mono,2021-03-22,11,10520,0,6959,6,3504,5,57,5,2335,6,4111,10,6446,California
Mono,2021-03-23,43,10563,6,6965,32,3536,5,62,17,2331,26,4137,22,6468,California
Mono,2021-03-24,14,10577,1,6966,8,3544,5,67,5,2333,9,4146,11,6479,California
Mono,2021-03-25,19,10596,3,6969,12,3556,4,71,12,2342,7,4153,16,6495,California
Mono,2021-03-26,19,10615,3,6972,11,3567,5,76,10,2349,8,4161,15,6510,California
Mono,2021-03-27,353,10968,350,7322,3,3570,0,76,326,2648,27,4188,326,6836,California
Mono,2021-03-29,10,10978,3,7325,6,3576,1,77,8,2655,2,4190,9,6845,California
Mono,2021-03-30,12,10990,0,7325,8,3584,4,81,7,2661,5,4195,11,6856,California
Mono,2021-03-31,134,11124,7,7332,126,3710,1,82,23,2575,110,4305,24,6880,California
Mono,2021-04-01,9,11133,0,7332,8,3718,1,83,4,2575,5,4310,5,6885,California
Mono,2021-04-02,19,11152,2,7334,17,3735,0,83,8,2572,11,4321,8,6893,California
Mono,2021-04-03,862,12014,371,7705,491,4226,0,83,48,1809,811,5132,48,6941,California
Mono,2021-04-04,1,12015,1,7706,0,4226,0,83,0,1808,1,5133,0,6941,California
Mono,2021-04-05,529,12544,18,7724,510,4736,1,84,35,1351,493,5626,36,6977,California
Mono,2021-04-06,19,12563,1,7725,5,4741,13,97,1,1347,18,5644,14,6991,California
Mono,2021-04-07,23,12586,2,7727,2,4743,19,116,2,1347,21,5665,21,7012,California
Mono,2021-04-08,26,12612,4,7731,3,4746,19,135,6,1352,20,5685,25,7037,California
Mono,2021-04-09,39,12651,4,7735,6,4752,29,164,9,1360,30,5715,38,7075,California
Mono,2021-04-10,451,13102,2,7737,442,5194,7,171,30,976,421,6136,37,7112,California
Mono,2021-04-11,1,13103,1,7738,0,5194,0,171,0,975,1,6137,0,7112,California
Mono,2021-04-12,6,13109,0,7738,3,5197,3,174,3,978,3,6140,6,7118,California
Mono,2021-04-13,20,13129,3,7741,16,5213,1,175,14,987,6,6146,15,7133,California
Mono,2021-04-14,26,13155,2,7743,24,5237,0,175,8,977,18,6164,8,7141,California
Mono,2021-04-15,18,13173,4,7747,14,5251,0,175,10,979,8,6172,10,7151,California
Mono,2021-04-16,18,13191,1,7748,17,5268,0,175,7,975,11,6183,7,7158,California
Mono,2021-04-17,52,13243,2,7750,50,5318,0,175,45,1013,7,6190,45,7203,California
Mono,2021-04-18,1,13244,0,7750,1,5319,0,175,1,1014,0,6190,1,7204,California
Mono,2021-04-19,538,13782,329,8079,209,5528,0,175,202,883,333,6523,202,7406,California
Mono,2021-04-20,15,13797,2,8081,13,5541,0,175,10,888,5,6528,10,7416,California
Mono,2021-04-21,7,13804,0,8081,7,5548,0,175,2,885,5,6533,2,7418,California
Mono,2021-04-22,25,13829,11,8092,14,5562,0,175,11,882,14,6547,11,7429,California
Mono,2021-04-23,22,13851,2,8094,20,5582,0,175,12,884,10,6557,12,7441,California
Mono,2021-04-24,35,13886,21,8115,14,5596,0,175,20,889,15,6572,20,7461,California
Mono,2021-04-25,3,13889,2,8117,1,5597,0,175,3,892,0,6572,3,7464,California
Mono,2021-04-26,12,13901,2,8119,10,5607,0,175,3,886,9,6581,3,7467,California
Mono,2021-04-27,68,13969,42,8161,19,5626,7,182,52,929,16,6597,59,7526,California
Mono,2021-04-28,62,14031,40,8201,18,5644,4,186,48,969,12,6609,52,7578,California
Mono,2021-04-29,10,14041,3,8204,4,5648,3,189,3,968,7,6616,6,7584,California
Mono,2021-04-30,18,14059,3,8207,12,5660,3,192,8,969,10,6626,11,7595,California
Mono,2021-05-01,109,14168,5,8212,104,5764,0,192,96,1053,12,6638,96,7691,California
Mono,2021-05-02,1,14169,1,8213,0,5764,0,192,1,1054,0,6638,1,7692,California
Mono,2021-05-03,2,14171,1,8214,1,5765,0,192,1,1054,1,6639,1,7693,California
Mono,2021-05-04,20,14191,1,8215,13,5778,6,198,10,1060,10,6649,16,7709,California
Mono,2021-05-05,52,14243,8,8223,40,5818,4,202,45,1102,7,6656,49,7758,California
Mono,2021-05-06,16,14259,4,8227,11,5829,1,203,10,1107,6,6662,11,7769,California
Mono,2021-05-07,30,14289,22,8249,8,5837,0,203,25,1127,5,6667,25,7794,California
Mono,2021-05-08,53,14342,7,8256,46,5883,0,203,24,1122,29,6696,24,7818,California
Mono,2021-05-09,1,14343,1,8257,0,5883,0,203,0,1122,0,6696,0,7818,California
Mono,2021-05-10,18,14361,1,8258,13,5896,4,207,9,1126,9,6705,13,7831,California
Mono,2021-05-11,15,14376,2,8260,10,5906,3,210,5,1124,10,6715,8,7839,California
Mono,2021-05-12,12,14388,0,8260,11,5917,1,211,4,1121,8,6723,5,7844,California
Mono,2021-05-13,47,14435,31,8291,15,5932,1,212,38,1151,9,6732,39,7883,California
Mono,2021-05-14,11,14446,1,8292,9,5941,1,213,6,1153,5,6737,7,7890,California
Mono,2021-05-15,66,14512,24,8316,35,5976,7,220,19,1132,47,6784,26,7916,California
Mono,2021-05-16,6,14518,4,8320,1,5977,1,221,2,1131,4,6788,3,7919,California
Mono,2021-05-17,250,14768,34,8354,209,6186,7,228,54,998,195,6983,62,7981,California
Mono,2021-05-18,134,14902,110,8464,23,6209,1,229,87,1040,47,7030,89,8070,California
Mono,2021-05-19,119,15021,112,8576,2,6211,5,234,75,1076,44,7074,80,8150,California
Mono,2021-05-20,71,15092,56,8632,10,6221,5,239,54,1118,17,7091,59,8209,California
Mono,2021-05-21,23,15115,4,8636,16,6237,3,242,10,1118,13,7104,13,8222,California
Mono,2021-05-22,22,15137,12,8648,8,6245,2,244,16,1130,6,7110,18,8240,California
Mono,2021-05-23,2,15139,0,8648,2,6247,0,244,1,1130,1,7111,1,8241,California
Mono,2021-05-24,16,15155,2,8650,13,6260,1,245,9,1134,7,7118,11,8252,California
Mono,2021-05-25,15,15170,5,8655,10,6270,0,245,8,1135,7,7125,8,8260,California
Mono,2021-05-26,18,15188,2,8657,15,6285,1,246,7,1132,11,7136,8,8268,California
Mono,2021-05-27,8,15196,0,8657,8,6293,0,246,5,1135,2,7138,5,8273,California
Mono,2021-05-28,42,15238,28,8685,14,6307,0,246,11,1115,31,7169,11,8284,California
Mono,2021-05-29,129,15367,27,8712,99,6406,3,249,32,1053,97,7266,35,8319,California
Mono,2021-06-01,16,15383,7,8719,9,6415,0,249,9,1055,7,7273,9,8328,California
Mono,2021-06-02,48,15431,4,8723,44,6459,0,249,11,1029,37,7310,11,8339,California
Mono,2021-06-03,11,15442,1,8724,7,6466,3,252,1,1023,10,7320,4,8343,California
Mono,2021-06-04,12,15454,1,8725,10,6476,1,253,3,1018,9,7329,4,8347,California
Mono,2021-06-05,44,15498,23,8748,21,6497,0,253,5,984,39,7368,5,8352,California
Mono,2021-06-06,1,15499,0,8748,1,6498,0,253,0,983,1,7369,0,8352,California
Mono,2021-06-07,99,15598,87,8835,8,6506,4,257,12,912,87,7456,16,8368,California
Mono,2021-06-08,113,15711,103,8938,8,6514,2,259,12,825,101,7557,14,8382,California
Mono,2021-06-09,6,15717,1,8939,5,6519,0,259,1,821,5,7562,1,8383,California
Mono,2021-06-10,6,15723,0,8939,4,6523,2,261,2,821,4,7566,4,8387,California
Mono,2021-06-11,74,15797,62,9001,7,6530,5,266,6,764,68,7634,11,8398,California
Mono,2021-06-12,1,15798,1,9002,0,6530,0,266,0,763,1,7635,0,8398,California
Mono,2021-06-13,1,15799,0,9002,1,6531,0,266,1,764,0,7635,1,8399,California
Mono,2021-06-14,65,15864,30,9032,29,6560,6,272,20,745,45,7680,26,8425,California
Mono,2021-06-15,8,15872,5,9037,3,6563,0,272,4,745,4,7684,4,8429,California
Mono,2021-06-16,14,15886,5,9042,9,6572,0,272,6,743,8,7692,6,8435,California
Mono,2021-06-17,6,15892,1,9043,3,6575,2,274,2,743,4,7696,4,8439,California
Mono,2021-06-18,5,15897,3,9046,1,6576,1,275,1,742,3,7699,2,8441,California
Mono,2021-06-19,3,15900,3,9049,0,6576,0,275,3,745,0,7699,3,8444,California
Mono,2021-06-20,1,15901,0,9049,1,6577,0,275,0,744,1,7700,0,8444,California
Mono,2021-06-21,14,15915,2,9051,10,6587,2,277,3,739,10,7710,5,8449,California
Mono,2021-06-22,13,15928,2,9053,10,6597,1,278,4,736,8,7718,5,8454,California
Mono,2021-06-23,12,15940,0,9053,6,6603,6,284,2,735,10,7728,9,8463,California
Mono,2021-06-24,7,15947,0,9053,5,6608,2,286,2,734,5,7733,4,8467,California
Mono,2021-06-25,33,15980,22,9075,11,6619,0,286,7,715,26,7759,7,8474,California
Mono,2021-06-26,1,15981,1,9076,0,6619,0,286,0,714,1,7760,0,8474,California
Mono,2021-06-28,11,15992,7,9083,1,6620,3,289,2,710,9,7769,5,8479,California
Mono,2021-06-29,2,15994,2,9085,0,6620,0,289,2,712,0,7769,2,8481,California
Mono,2021-06-30,6,16000,1,9086,3,6623,2,291,3,714,3,7772,5,8486,California
Mono,2021-07-01,1,16001,1,9087,0,6623,0,291,1,715,0,7772,1,8487,California
Monterey,2020-12-16,6,6,6,6,0,0,0,0,6,6,0,0,6,6,California
Monterey,2020-12-17,87,93,87,93,0,0,0,0,87,93,0,0,87,93,California
Monterey,2020-12-18,488,581,488,581,0,0,0,0,488,581,0,0,488,581,California
Monterey,2020-12-19,582,1163,581,1162,1,1,0,0,581,1162,0,0,581,1162,California
Monterey,2020-12-20,421,1584,420,1582,1,2,0,0,421,1583,0,0,421,1583,California
Monterey,2020-12-21,724,2308,724,2306,0,2,0,0,724,2307,0,0,724,2307,California
Monterey,2020-12-22,536,2844,523,2829,13,15,0,0,536,2843,0,0,536,2843,California
Monterey,2020-12-23,442,3286,266,3095,176,191,0,0,442,3285,0,0,442,3285,California
Monterey,2020-12-24,84,3370,10,3105,74,265,0,0,84,3369,0,0,84,3369,California
Monterey,2020-12-25,6,3376,0,3105,6,271,0,0,6,3375,0,0,6,3375,California
Monterey,2020-12-26,92,3468,5,3110,87,358,0,0,92,3467,0,0,92,3467,California
Monterey,2020-12-27,6,3474,3,3113,3,361,0,0,6,3473,0,0,6,3473,California
Monterey,2020-12-28,477,3951,25,3138,452,813,0,0,477,3950,0,0,477,3950,California
Monterey,2020-12-29,901,4852,168,3306,733,1546,0,0,901,4851,0,0,901,4851,California
Monterey,2020-12-30,567,5419,98,3404,469,2015,0,0,567,5418,0,0,567,5418,California
Monterey,2020-12-31,33,5452,11,3415,22,2037,0,0,33,5451,0,0,33,5451,California
Monterey,2021-01-01,13,5465,3,3418,10,2047,0,0,13,5464,0,0,13,5464,California
Monterey,2021-01-02,137,5602,134,3552,3,2050,0,0,137,5601,0,0,137,5601,California
Monterey,2021-01-03,30,5632,29,3581,1,2051,0,0,30,5631,0,0,30,5631,California
Monterey,2021-01-04,412,6044,19,3600,393,2444,0,0,412,6043,0,0,412,6043,California
Monterey,2021-01-05,758,6802,330,3930,428,2872,0,0,744,6773,14,14,744,6787,California
Monterey,2021-01-06,662,7464,175,4105,487,3359,0,0,638,7387,24,38,638,7425,California
Monterey,2021-01-07,753,8217,577,4682,176,3535,0,0,425,7486,326,364,425,7850,California
Monterey,2021-01-08,1094,9311,739,5421,355,3890,0,0,395,7182,699,1063,395,8245,California
Monterey,2021-01-09,963,10274,933,6354,30,3920,0,0,311,6843,650,1713,311,8556,California
Monterey,2021-01-10,272,10546,270,6624,2,3922,0,0,8,6587,264,1977,8,8564,California
Monterey,2021-01-11,1068,11614,986,7610,82,4004,0,0,365,6249,703,2680,365,8929,California
Monterey,2021-01-12,474,12088,395,8005,79,4083,0,0,210,6195,264,2944,210,9139,California
Monterey,2021-01-13,1222,13310,595,8600,627,4710,0,0,1176,7325,46,2990,1176,10315,California
Monterey,2021-01-14,1200,14510,244,8844,956,5666,0,0,1180,8489,20,3010,1184,11499,California
Monterey,2021-01-15,1057,15567,46,8890,1011,6677,0,0,1045,9522,12,3022,1045,12544,California
Monterey,2021-01-16,365,15932,300,9190,65,6742,0,0,360,9877,5,3027,360,12904,California
Monterey,2021-01-17,313,16245,293,9483,20,6762,0,0,301,10166,12,3039,301,13205,California
Monterey,2021-01-18,399,16644,49,9532,350,7112,0,0,377,10521,22,3061,377,13582,California
Monterey,2021-01-19,584,17228,399,9931,185,7297,0,0,421,10781,161,3222,421,14003,California
Monterey,2021-01-20,543,17771,270,10201,273,7570,0,0,334,10906,209,3431,334,14337,California
Monterey,2021-01-21,873,18644,115,10316,758,8328,0,0,761,11559,112,3543,765,15102,California
Monterey,2021-01-22,1071,19715,200,10516,871,9199,0,0,1030,12548,41,3584,1030,16132,California
Monterey,2021-01-23,245,19960,175,10691,70,9269,0,0,121,12548,123,3707,123,16255,California
Monterey,2021-01-24,61,20021,38,10729,23,9292,0,0,27,12541,34,3741,27,16282,California
Monterey,2021-01-25,803,20824,176,10905,627,9919,0,0,177,12099,619,4360,177,16459,California
Monterey,2021-01-26,955,21779,234,11139,721,10640,0,0,253,11650,702,5062,253,16712,California
Monterey,2021-01-27,854,22633,299,11438,555,11195,0,0,372,11540,482,5544,372,17084,California
Monterey,2021-01-28,2031,24664,741,12179,1290,12485,0,0,1688,12887,343,5887,1690,18774,California
Monterey,2021-01-29,1284,25948,716,12895,568,13053,0,0,1166,13937,117,6004,1167,19941,California
Monterey,2021-01-30,465,26413,295,13190,170,13223,0,0,209,13890,256,6260,209,20150,California
Monterey,2021-01-31,496,26909,74,13264,422,13645,0,0,485,14365,11,6271,486,20636,California
Monterey,2021-02-01,1641,28550,1126,14390,515,14160,0,0,1073,14871,567,6838,1073,21709,California
Monterey,2021-02-02,2187,30737,477,14867,1710,15870,0,0,1574,15833,612,7450,1574,23283,California
Monterey,2021-02-03,2347,33084,1053,15920,1294,17164,0,0,1565,16620,778,8228,1565,24848,California
Monterey,2021-02-04,2817,35901,2101,18021,716,17880,0,0,2463,18734,349,8577,2463,27311,California
Monterey,2021-02-05,3674,39575,2827,20848,847,18727,0,0,3232,21529,437,9014,3232,30543,California
Monterey,2021-02-06,1101,40676,379,21227,722,19449,0,0,756,21943,342,9356,756,31299,California
Monterey,2021-02-07,317,40993,272,21499,45,19494,0,0,96,21818,221,9577,96,31395,California
Monterey,2021-02-08,520,41513,291,21790,229,19723,0,0,421,22140,99,9676,421,31816,California
Monterey,2021-02-09,879,42392,684,22474,195,19918,0,0,567,22397,312,9988,569,32385,California
Monterey,2021-02-10,2096,44488,1107,23581,989,20907,0,0,1237,22777,859,10847,1239,33624,California
Monterey,2021-02-11,2522,47010,977,24558,1545,22452,0,0,1537,23333,983,11830,1539,35163,California
Monterey,2021-02-12,2626,49636,447,25005,2179,24631,0,0,1524,23757,1101,12931,1525,36688,California
Monterey,2021-02-13,1079,50715,50,25055,1029,25660,0,0,989,24657,89,13020,989,37677,California
Monterey,2021-02-14,598,51313,74,25129,524,26184,0,0,525,25109,73,13093,525,38202,California
Monterey,2021-02-15,1387,52700,167,25296,1220,27404,0,0,979,25683,406,13499,980,39182,California
Monterey,2021-02-16,1098,53798,248,25544,850,28254,0,0,872,26329,226,13725,872,40054,California
Monterey,2021-02-17,1974,55772,1181,26725,793,29047,0,0,1658,27674,315,14040,1660,41714,California
Monterey,2021-02-18,2246,58018,1181,27906,1065,30112,0,0,911,27266,1321,15361,913,42627,California
Monterey,2021-02-19,2959,60977,1544,29450,1415,31527,0,0,1348,27007,1609,16970,1350,43977,California
Monterey,2021-02-20,1040,62017,627,30077,413,31940,0,0,977,27923,62,17032,978,44955,California
Monterey,2021-02-21,1320,63337,1289,31366,31,31971,0,0,1243,29094,73,17105,1244,46199,California
Monterey,2021-02-22,1054,64391,900,32266,154,32125,0,0,682,29407,369,17474,682,46881,California
Monterey,2021-02-23,1020,65411,649,32915,371,32496,0,0,328,29045,691,18165,329,47210,California
Monterey,2021-02-24,2497,67908,1319,34234,1178,33674,0,0,1873,30300,619,18784,1874,49084,California
Monterey,2021-02-25,4415,72323,2420,36654,1995,35669,0,0,1476,28846,2932,21716,1478,50562,California
Monterey,2021-02-26,5303,77626,3087,39741,2216,37885,0,0,2632,28811,2668,24384,2633,53195,California
Monterey,2021-02-27,1026,78652,187,39928,839,38724,0,0,816,29422,205,24589,816,54011,California
Monterey,2021-02-28,1536,80188,86,40014,1449,40173,1,1,1067,30027,463,25052,1068,55079,California
Monterey,2021-03-01,1295,81483,143,40157,1149,41322,3,4,752,30245,537,25589,755,55834,California
Monterey,2021-03-02,2816,84299,1733,41890,1083,42405,0,4,1954,31341,858,26447,1954,57788,California
Monterey,2021-03-03,3223,87522,1247,43137,1976,44381,0,4,1283,30689,1936,28383,1284,59072,California
Monterey,2021-03-04,4576,92098,1476,44613,3100,47481,0,4,2944,32009,1626,30009,2946,62018,California
Monterey,2021-03-05,3676,95774,1620,46233,1776,49257,280,284,3002,34618,673,30682,3282,65300,California
Monterey,2021-03-06,5065,100839,1069,47302,3692,52949,304,588,4159,38176,903,31585,4461,69761,California
Monterey,2021-03-07,522,101361,107,47409,169,53118,246,834,232,38363,289,31874,476,70237,California
Monterey,2021-03-08,1674,103035,329,47738,957,54075,388,1222,1128,39330,546,32420,1513,71750,California
Monterey,2021-03-09,1992,105027,699,48437,1018,55093,275,1497,1488,40587,503,32923,1760,73510,California
Monterey,2021-03-10,3190,108217,1035,49472,1668,56761,487,1984,1471,40830,1712,34635,1955,75465,California
Monterey,2021-03-11,4167,112384,1412,50884,2380,59141,375,2359,2392,41831,1766,36401,2767,78232,California
Monterey,2021-03-12,4426,116810,2046,52930,2245,61386,135,2494,2728,42998,1695,38096,2862,81094,California
Monterey,2021-03-13,5311,122121,962,53892,4002,65388,347,2841,3981,45998,1328,39424,4328,85422,California
Monterey,2021-03-14,2157,124278,1326,55218,806,66194,25,2866,518,44919,1623,41047,544,85966,California
Monterey,2021-03-15,3992,128270,1274,56492,2415,68609,303,3169,2252,45739,1736,42783,2556,88522,California
Monterey,2021-03-16,3548,131818,593,57085,2564,71173,391,3560,2119,46818,1427,44210,2506,91028,California
Monterey,2021-03-17,5824,137642,2367,59452,3200,74373,257,3817,4202,49669,1613,45823,4464,95492,California
Monterey,2021-03-18,4466,142108,2167,61619,2130,76503,169,3986,3104,51622,1357,47180,3310,98802,California
Monterey,2021-03-19,5512,147620,2579,64198,2787,79290,146,4132,4223,54707,1284,48464,4369,103171,California
Monterey,2021-03-20,3372,150992,425,64623,2254,81544,693,4825,2282,56596,1086,49550,2975,106146,California
Monterey,2021-03-21,641,151633,214,64837,418,81962,9,4834,569,57103,70,49620,577,106723,California
Monterey,2021-03-22,2504,154137,1444,66281,997,82959,63,4897,2284,59231,217,49837,2345,109068,California
Monterey,2021-03-23,4027,158164,2361,68642,1623,84582,43,4940,2547,60346,1475,51312,2590,111658,California
Monterey,2021-03-24,5131,163295,2125,70767,2687,87269,319,5259,3739,63015,1385,52697,4054,115712,California
Monterey,2021-03-25,5335,168630,1229,71996,3747,91016,359,5618,2691,63430,2636,55333,3051,118763,California
Monterey,2021-03-26,5462,174092,2615,74611,2761,93777,86,5704,2796,63660,2654,57987,2884,121647,California
Monterey,2021-03-27,4856,178948,1451,76062,3150,96927,255,5959,3129,65322,1724,59711,3386,125033,California
Monterey,2021-03-28,1127,180075,346,76408,772,97699,9,5968,632,65476,487,60198,641,125674,California
Monterey,2021-03-29,3232,183307,1418,77826,1800,99499,14,5982,2006,66283,1218,61416,2025,127699,California
Monterey,2021-03-30,4522,187829,2141,79967,2335,101834,46,6028,2776,67373,1735,63151,2825,130524,California
Monterey,2021-03-31,5315,193144,2300,82267,2217,104051,798,6826,3322,69496,1988,65139,4111,134635,California
Monterey,2021-04-01,6153,199297,2065,84332,3676,107727,412,7238,3115,69995,3022,68161,3521,138156,California
Monterey,2021-04-02,4707,204004,2188,86520,2455,110182,64,7302,3165,71686,1540,69701,3231,141387,California
Monterey,2021-04-03,5944,209948,1119,87639,3779,113961,1046,8348,1233,69255,4702,74403,2271,143658,California
Monterey,2021-04-04,769,210717,157,87796,597,114558,15,8363,497,69497,272,74675,514,144172,California
Monterey,2021-04-05,4040,214757,2496,90292,1308,115866,236,8599,1507,68710,2528,77203,1741,145913,California
Monterey,2021-04-06,3453,218210,1356,91648,1624,117490,473,9072,1187,68105,2262,79465,1657,147570,California
Monterey,2021-04-07,5652,223862,1392,93040,3741,121231,519,9591,2708,68394,2933,82398,3222,150792,California
Monterey,2021-04-08,6696,230558,3515,96555,2370,123601,811,10402,3305,69125,3386,85784,4117,154909,California
Monterey,2021-04-09,5771,236329,3437,99992,1693,125294,641,11043,2293,68580,3475,89259,2930,157839,California
Monterey,2021-04-10,10299,246628,4964,104956,3126,128420,2209,13252,4999,70494,5287,94546,7201,165040,California
Monterey,2021-04-11,5516,252144,4338,109294,571,128991,607,13859,4466,74517,1044,95590,5067,170107,California
Monterey,2021-04-12,4154,256298,1883,111177,1955,130946,316,14175,960,72737,3055,98645,1275,171382,California
Monterey,2021-04-13,3228,259526,742,111919,2480,133426,6,14181,1552,72639,1658,100303,1560,172942,California
Monterey,2021-04-14,6856,266382,3189,115108,3664,137090,3,14184,1865,69541,4967,105270,1869,174811,California
Monterey,2021-04-15,5921,272303,3910,119018,2011,139101,0,14184,3885,71422,2005,107275,3886,178697,California
Monterey,2021-04-16,4789,277092,2335,121353,2441,141542,13,14197,2140,70944,2632,109907,2154,180851,California
Monterey,2021-04-17,5861,282953,1400,122753,4461,146003,0,14197,3800,72700,2045,111952,3801,184652,California
Monterey,2021-04-18,885,283838,292,123045,593,146596,0,14197,258,72335,623,112575,258,184910,California
Monterey,2021-04-19,3622,287460,1159,124204,2463,149059,0,14197,1648,72023,1960,114535,1648,186558,California
Monterey,2021-04-20,3845,291305,1546,125750,2299,151358,0,14197,1526,71255,2295,116830,1527,188085,California
Monterey,2021-04-21,6196,297501,3377,129127,2819,154177,0,14197,2960,71021,3196,120026,2962,191047,California
Monterey,2021-04-22,4899,302400,1069,130196,3830,158007,0,14197,1999,70164,2856,122882,1999,193046,California
Monterey,2021-04-23,5755,308155,2715,132911,3039,161046,1,14198,2268,68972,3466,126348,2274,195320,California
Monterey,2021-04-24,4291,312446,582,133493,3709,164755,0,14198,1547,67792,2727,129075,1547,196867,California
Monterey,2021-04-25,1247,313693,608,134101,639,165394,0,14198,788,68131,449,129524,788,197655,California
Monterey,2021-04-26,3785,317478,2243,136344,1525,166919,17,14215,983,66355,2776,132300,1000,198655,California
Monterey,2021-04-27,2884,320362,945,137289,1799,168718,140,14355,1222,66058,1658,133958,1361,200016,California
Monterey,2021-04-28,3665,324027,1401,138690,2111,170829,153,14508,2254,67063,1396,135354,2401,202417,California
Monterey,2021-04-29,4552,328579,2438,141128,2038,172867,76,14584,1667,65936,2871,138225,1744,204161,California
Monterey,2021-04-30,3245,331824,1686,142814,1484,174351,75,14659,832,64437,2404,140629,905,205066,California
Monterey,2021-05-01,5644,337468,4238,147052,1366,175717,40,14699,686,60224,4937,145566,724,205790,California
Monterey,2021-05-02,4351,341819,3924,150976,400,176117,27,14726,302,56518,4035,149601,329,206119,California
Monterey,2021-05-03,2546,344365,1567,152543,865,176982,114,14840,583,55262,1953,151554,697,206816,California
Monterey,2021-05-04,1826,346191,627,153170,1109,178091,90,14930,660,54861,1152,152706,751,207567,California
Monterey,2021-05-05,3381,349572,1243,154413,2053,180144,85,15015,1072,53721,2298,155004,1158,208725,California
Monterey,2021-05-06,4218,353790,2780,157193,1221,181365,217,15232,1123,51980,3080,158084,1339,210064,California
Monterey,2021-05-07,1970,355760,954,158147,918,182283,98,15330,704,51524,1257,159341,801,210865,California
Monterey,2021-05-08,2716,358476,1483,159630,910,183193,323,15653,964,51070,1740,161081,1286,212151,California
Monterey,2021-05-09,392,358868,113,159743,252,183445,27,15680,127,50960,264,161345,154,212305,California
Monterey,2021-05-10,2823,361691,2081,161824,695,184140,47,15727,523,49244,2288,163633,572,212877,California
Monterey,2021-05-11,1865,363556,952,162776,835,184975,78,15805,759,48989,1093,164726,838,213715,California
Monterey,2021-05-12,3929,367485,2075,164851,1771,186746,83,15888,876,46910,3039,167765,960,214675,California
Monterey,2021-05-13,2683,370168,1604,166455,1025,187771,54,15942,1536,47362,1136,168901,1588,216263,California
Monterey,2021-05-14,1872,372040,582,167037,1190,188961,100,16042,740,47080,1122,170023,840,217103,California
Monterey,2021-05-15,3389,375429,827,167864,2296,191257,266,16308,955,45876,2421,172444,1217,218320,California
Monterey,2021-05-16,983,376412,631,168495,281,191538,71,16379,283,45535,694,173138,353,218673,California
Monterey,2021-05-17,2245,378657,1342,169837,826,192364,77,16456,1069,45518,1163,174301,1146,219819,California
Monterey,2021-05-18,1758,380415,692,170529,1022,193386,44,16500,813,45441,936,175237,859,220678,California
Monterey,2021-05-19,3632,384047,2356,172885,1186,194572,90,16590,1937,45781,1689,176926,2029,222707,California
Monterey,2021-05-20,2785,386832,983,173868,1693,196265,109,16699,936,44994,1835,178761,1048,223755,California
Monterey,2021-05-21,3280,390112,1323,175191,1864,198129,93,16792,1009,43838,2257,181018,1101,224856,California
Monterey,2021-05-22,2133,392245,734,175925,1119,199248,280,17072,808,43610,1314,182332,1086,225942,California
Monterey,2021-05-23,867,393112,510,176435,341,199589,16,17088,494,43753,367,182699,510,226452,California
Monterey,2021-05-24,1740,394852,563,176998,1115,200704,62,17150,579,43239,1156,183855,642,227094,California
Monterey,2021-05-25,1434,396286,548,177546,816,201520,70,17220,567,43024,852,184707,637,227731,California
Monterey,2021-05-26,2677,398963,1031,178577,1589,203109,57,17277,1014,42448,1647,186354,1071,228802,California
Monterey,2021-05-27,2493,401456,1366,179943,1070,204179,57,17334,895,41819,1582,187936,953,229755,California
Monterey,2021-05-28,1744,403200,581,180524,1103,205282,60,17394,753,41653,980,188916,814,230569,California
Monterey,2021-05-29,991,404191,636,181160,322,205604,33,17427,403,41508,582,189498,437,231006,California
Monterey,2021-05-30,380,404571,164,181324,202,205806,14,17441,142,41427,237,189735,156,231162,California
Monterey,2021-05-31,187,404758,34,181358,144,205950,9,17450,53,41356,133,189868,62,231224,California
Monterey,2021-06-01,1723,406481,924,182282,667,206617,132,17582,531,40842,1173,191041,659,231883,California
Monterey,2021-06-02,1688,408169,978,183260,661,207278,49,17631,700,40608,983,192024,749,232632,California
Monterey,2021-06-03,2224,410393,1418,184678,771,208049,35,17666,518,39464,1696,193720,552,233184,California
Monterey,2021-06-04,1333,411726,688,185366,611,208660,34,17700,530,39233,795,194515,564,233748,California
Monterey,2021-06-05,2176,413902,854,186220,702,209362,620,18320,473,38630,1688,196203,1085,234833,California
Monterey,2021-06-06,494,414396,406,186626,79,209441,9,18329,252,38649,241,196444,260,235093,California
Monterey,2021-06-07,942,415338,487,187113,408,209849,47,18376,361,38485,570,197014,406,235499,California
Monterey,2021-06-08,1181,416519,740,187853,417,210266,24,18400,418,38174,752,197766,441,235940,California
Monterey,2021-06-09,2918,419437,2190,190043,602,210868,126,18526,641,36668,2273,200039,767,236707,California
Monterey,2021-06-10,1530,420967,940,190983,529,211397,61,18587,544,36292,979,201018,603,237310,California
Monterey,2021-06-11,1403,422370,764,191747,563,211960,76,18663,510,35990,886,201904,584,237894,California
Monterey,2021-06-12,749,423119,511,192258,223,212183,15,18678,351,35960,396,202300,366,238260,California
Monterey,2021-06-13,597,423716,463,192721,121,212304,13,18691,123,35625,470,202770,135,238395,California
Monterey,2021-06-14,1404,425120,1009,193730,361,212665,34,18725,367,34996,1030,203800,401,238796,California
Monterey,2021-06-15,1171,426291,597,194327,451,213116,123,18848,410,34777,752,204552,533,239329,California
Monterey,2021-06-16,1592,427883,1112,195439,447,213563,33,18881,408,34042,1176,205728,441,239770,California
Monterey,2021-06-17,1185,429068,689,196128,342,213905,154,19035,430,33874,751,206479,583,240353,California
Monterey,2021-06-18,1211,430279,731,196859,451,214356,29,19064,539,33776,666,207145,568,240921,California
Monterey,2021-06-19,1307,431586,1010,197869,266,214622,31,19095,491,33490,808,207953,522,241443,California
Monterey,2021-06-20,236,431822,158,198027,70,214692,8,19103,81,33425,155,208108,90,241533,California
Monterey,2021-06-21,678,432500,371,198398,272,214964,35,19138,387,33560,286,208394,421,241954,California
Monterey,2021-06-22,1522,434022,979,199377,354,215318,189,19327,498,33231,1011,209405,682,242636,California
Monterey,2021-06-23,1080,435102,722,200099,324,215642,34,19361,439,33071,632,210037,472,243108,California
Monterey,2021-06-24,867,435969,519,200618,326,215968,22,19383,418,33066,445,210482,440,243548,California
Monterey,2021-06-25,997,436966,614,201232,367,216335,16,19399,471,33031,521,211003,486,244034,California
Monterey,2021-06-26,610,437576,444,201676,154,216489,12,19411,336,33106,271,211274,346,244380,California
Monterey,2021-06-27,352,437928,272,201948,66,216555,14,19425,99,32967,252,211526,113,244493,California
Monterey,2021-06-28,575,438503,373,202321,171,216726,31,19456,252,32932,318,211844,283,244776,California
Monterey,2021-06-29,858,439361,528,202849,245,216971,85,19541,339,32840,514,212358,422,245198,California
Monterey,2021-06-30,990,440351,679,203528,291,217262,20,19561,397,32670,587,212945,417,245615,California
Monterey,2021-07-01,582,440933,391,203919,184,217446,7,19568,264,32627,314,213259,271,245886,California
Napa,2020-12-16,12,12,12,12,0,0,0,0,12,12,0,0,12,12,California
Napa,2020-12-17,46,58,46,58,0,0,0,0,46,58,0,0,46,58,California
Napa,2020-12-18,106,164,106,164,0,0,0,0,106,164,0,0,106,164,California
Napa,2020-12-19,222,386,222,386,0,0,0,0,222,386,0,0,222,386,California
Napa,2020-12-20,190,576,190,576,0,0,0,0,190,576,0,0,190,576,California
Napa,2020-12-21,314,890,314,890,0,0,0,0,315,891,0,0,315,891,California
Napa,2020-12-22,338,1228,329,1219,9,9,0,0,338,1229,0,0,338,1229,California
Napa,2020-12-23,436,1664,324,1543,112,121,0,0,436,1665,0,0,436,1665,California
Napa,2020-12-24,139,1803,77,1620,62,183,0,0,139,1804,0,0,139,1804,California
Napa,2020-12-25,1,1804,1,1621,0,183,0,0,1,1805,0,0,1,1805,California
Napa,2020-12-26,40,1844,11,1632,29,212,0,0,40,1845,0,0,40,1845,California
Napa,2020-12-27,32,1876,16,1648,16,228,0,0,32,1877,0,0,32,1877,California
Napa,2020-12-28,252,2128,184,1832,68,296,0,0,279,2156,0,0,279,2156,California
Napa,2020-12-29,274,2402,215,2047,59,355,0,0,307,2463,0,0,307,2463,California
Napa,2020-12-30,634,3036,486,2533,148,503,0,0,642,3105,0,0,642,3105,California
Napa,2020-12-31,462,3498,373,2906,89,592,0,0,462,3567,0,0,462,3567,California
Napa,2021-01-01,1,3499,1,2907,0,592,0,0,1,3568,0,0,1,3568,California
Napa,2021-01-02,95,3594,90,2997,5,597,0,0,95,3663,0,0,95,3663,California
Napa,2021-01-03,14,3608,12,3009,2,599,0,0,9,3672,0,0,9,3672,California
Napa,2021-01-04,105,3713,62,3071,43,642,0,0,105,3777,0,0,105,3777,California
Napa,2021-01-05,163,3876,86,3157,77,719,0,0,146,3899,24,24,146,3923,California
Napa,2021-01-06,465,4341,117,3274,348,1067,0,0,399,4234,64,88,399,4322,California
Napa,2021-01-07,498,4839,236,3510,262,1329,0,0,394,4525,103,191,394,4716,California
Napa,2021-01-08,442,5281,228,3738,214,1543,0,0,258,4600,183,374,258,4974,California
Napa,2021-01-09,328,5609,303,4041,25,1568,0,0,190,4652,138,512,190,5164,California
Napa,2021-01-10,185,5794,102,4143,83,1651,0,0,108,4683,77,589,108,5272,California
Napa,2021-01-11,870,6664,420,4563,450,2101,0,0,500,4814,371,960,502,5774,California
Napa,2021-01-12,1330,7994,381,4944,949,3050,0,0,1006,5496,324,1284,1006,6780,California
Napa,2021-01-13,1319,9313,269,5213,1050,4100,0,0,1155,6489,163,1447,1156,7936,California
Napa,2021-01-14,1055,10368,169,5382,886,4986,0,0,938,7312,115,1562,938,8874,California
Napa,2021-01-15,1471,11839,385,5767,1086,6072,0,0,1324,8482,155,1717,1325,10199,California
Napa,2021-01-16,361,12200,132,5899,229,6301,0,0,343,8807,18,1735,343,10542,California
Napa,2021-01-17,344,12544,179,6078,165,6466,0,0,334,9131,10,1745,334,10876,California
Napa,2021-01-18,1092,13636,197,6275,895,7361,0,0,1001,10041,91,1836,1001,11877,California
Napa,2021-01-19,1006,14642,403,6678,603,7964,0,0,766,10568,239,2075,766,12643,California
Napa,2021-01-20,838,15480,189,6867,649,8613,0,0,650,11033,186,2261,651,13294,California
Napa,2021-01-21,1573,17053,610,7477,963,9576,0,0,1119,11700,453,2714,1120,14414,California
Napa,2021-01-22,1580,18633,436,7913,1144,10720,0,0,1235,12592,344,3058,1236,15650,California
Napa,2021-01-23,397,19030,317,8230,80,10800,0,0,337,12869,60,3118,337,15987,California
Napa,2021-01-24,267,19297,189,8419,78,10878,0,0,209,13020,58,3176,209,16196,California
Napa,2021-01-25,1524,20821,230,8649,1294,12172,0,0,1435,14366,89,3265,1435,17631,California
Napa,2021-01-26,880,21701,284,8933,596,12768,0,0,785,15057,95,3360,786,18417,California
Napa,2021-01-27,632,22333,222,9155,410,13178,0,0,469,15363,164,3524,470,18887,California
Napa,2021-01-28,390,22723,175,9330,215,13393,0,0,197,15369,191,3715,197,19084,California
Napa,2021-01-29,263,22986,66,9396,197,13590,0,0,166,15438,97,3812,166,19250,California
Napa,2021-01-30,821,23807,709,10105,112,13702,0,0,652,15921,169,3981,652,19902,California
Napa,2021-01-31,693,24500,661,10766,32,13734,0,0,669,16566,24,4005,669,20571,California
Napa,2021-02-01,323,24823,113,10879,210,13944,0,0,165,16573,158,4163,165,20736,California
Napa,2021-02-02,616,25439,283,11162,333,14277,0,0,304,16568,309,4472,304,21040,California
Napa,2021-02-03,753,26192,314,11476,439,14716,0,0,435,16686,317,4789,435,21475,California
Napa,2021-02-04,791,26983,373,11849,418,15134,0,0,443,16783,346,5135,443,21918,California
Napa,2021-02-05,714,27697,312,12161,402,15536,0,0,343,16755,371,5506,343,22261,California
Napa,2021-02-06,439,28136,146,12307,293,15829,0,0,333,16983,105,5611,333,22594,California
Napa,2021-02-07,180,28316,167,12474,13,15842,0,0,72,16947,108,5719,72,22666,California
Napa,2021-02-08,839,29155,193,12667,646,16488,0,0,278,16666,559,6278,278,22944,California
Napa,2021-02-09,1090,30245,450,13117,640,17128,0,0,445,16467,644,6922,445,23389,California
Napa,2021-02-10,1741,31986,195,13312,1546,18674,0,0,454,15638,1284,8206,455,23844,California
Napa,2021-02-11,1508,33494,198,13510,1310,19984,0,0,408,14959,1087,9293,408,24252,California
Napa,2021-02-12,2199,35693,867,14377,1332,21316,0,0,697,14159,1497,10790,697,24949,California
Napa,2021-02-13,514,36207,56,14433,458,21774,0,0,320,14285,194,10984,320,25269,California
Napa,2021-02-14,354,36561,88,14521,266,22040,0,0,191,14313,163,11147,191,25460,California
Napa,2021-02-15,886,37447,185,14706,701,22741,0,0,225,13879,659,11806,225,25685,California
Napa,2021-02-16,1298,38745,602,15308,696,23437,0,0,619,13822,676,12482,619,26304,California
Napa,2021-02-17,1066,39811,536,15844,530,23967,0,0,486,13731,578,13060,487,26791,California
Napa,2021-02-18,1945,41756,496,16340,1449,25416,0,0,675,13139,1267,14327,675,27466,California
Napa,2021-02-19,1517,43273,598,16938,919,26335,0,0,683,12990,832,15159,683,28149,California
Napa,2021-02-20,877,44150,638,17576,239,26574,0,0,285,12683,592,15751,285,28434,California
Napa,2021-02-21,894,45044,826,18402,68,26642,0,0,198,12185,696,16447,198,28632,California
Napa,2021-02-22,485,45529,202,18604,283,26925,0,0,149,11998,336,16783,149,28781,California
Napa,2021-02-23,1165,46694,318,18922,847,27772,0,0,330,11493,835,17618,330,29111,California
Napa,2021-02-24,1203,47897,673,19595,530,28302,0,0,608,11508,593,18211,608,29719,California
Napa,2021-02-25,2601,50498,1256,20851,1345,29647,0,0,1879,12667,720,18931,1879,31598,California
Napa,2021-02-26,1553,52051,552,21403,1001,30648,0,0,620,12356,931,19862,620,32218,California
Napa,2021-02-27,1189,53240,425,21828,764,31412,0,0,931,13031,256,20118,931,33149,California
Napa,2021-02-28,727,53967,607,22435,120,31532,0,0,610,13526,115,20233,610,33759,California
Napa,2021-03-01,1173,55140,881,23316,292,31824,0,0,895,14145,276,20509,895,34654,California
Napa,2021-03-02,1507,56647,1051,24367,456,32280,0,0,1161,14961,345,20854,1161,35815,California
Napa,2021-03-03,1572,58219,695,25062,877,33157,0,0,1382,16154,189,21043,1382,37197,California
Napa,2021-03-04,1723,59942,792,25854,931,34088,0,0,1479,17392,241,21284,1479,38676,California
Napa,2021-03-05,1911,61853,792,26646,1115,35203,4,4,1483,18454,425,21709,1487,40163,California
Napa,2021-03-06,657,62510,289,26935,337,35540,31,35,544,18918,111,21820,575,40738,California
Napa,2021-03-07,533,63043,322,27257,196,35736,15,50,382,19165,150,21970,397,41135,California
Napa,2021-03-08,716,63759,337,27594,326,36062,53,103,539,19582,174,22144,591,41726,California
Napa,2021-03-09,1692,65451,610,28204,1036,37098,46,149,1249,20438,439,22583,1295,43021,California
Napa,2021-03-10,1502,66953,927,29131,481,37579,94,243,800,20631,698,23281,891,43912,California
Napa,2021-03-11,1890,68843,1068,30199,690,38269,132,375,987,20845,902,24183,1116,45028,California
Napa,2021-03-12,1520,70363,925,31124,499,38768,96,471,813,21048,704,24887,907,45935,California
Napa,2021-03-13,1181,71544,310,31434,846,39614,25,496,835,21564,344,25231,860,46795,California
Napa,2021-03-14,621,72165,337,31771,134,39748,150,646,206,21505,414,25645,355,47150,California
Napa,2021-03-15,963,73128,414,32185,479,40227,70,716,483,21579,478,26123,552,47702,California
Napa,2021-03-16,1857,74985,394,32579,1336,41563,127,843,1381,22616,472,26595,1509,49211,California
Napa,2021-03-17,2533,77518,1863,34442,491,42054,179,1022,1589,23445,943,27538,1772,50983,California
Napa,2021-03-18,2148,79666,954,35396,1183,43237,11,1033,1284,23881,859,28397,1295,52278,California
Napa,2021-03-19,1460,81126,889,36285,544,43781,27,1060,694,23839,763,29160,721,52999,California
Napa,2021-03-20,1015,82141,531,36816,331,44112,153,1213,390,23758,624,29784,543,53542,California
Napa,2021-03-21,726,82867,701,37517,22,44134,3,1216,232,23501,492,30276,235,53777,California
Napa,2021-03-22,1302,84169,1122,38639,168,44302,12,1228,438,23092,859,31135,450,54227,California
Napa,2021-03-23,1899,86068,1202,39841,680,44982,17,1245,1008,23230,887,32022,1025,55252,California
Napa,2021-03-24,1712,87780,947,40788,756,45738,9,1254,816,23159,895,32917,824,56076,California
Napa,2021-03-25,1938,89718,1059,41847,825,46563,54,1308,774,22829,1158,34075,828,56904,California
Napa,2021-03-26,1313,91031,839,42686,468,47031,6,1314,588,22704,719,34794,594,57498,California
Napa,2021-03-27,953,91984,434,43120,492,47523,27,1341,295,22368,658,35452,322,57820,California
Napa,2021-03-28,492,92476,382,43502,103,47626,7,1348,180,22245,310,35762,187,58007,California
Napa,2021-03-29,1203,93679,877,44379,321,47947,5,1353,731,22511,470,36232,736,58743,California
Napa,2021-03-30,2801,96480,935,45314,1861,49808,5,1358,1980,23674,822,37054,1985,60728,California
Napa,2021-03-31,1976,98456,963,46277,944,50752,69,1427,800,23368,1173,38227,867,61595,California
Napa,2021-04-01,1760,100216,847,47124,795,51547,118,1545,479,22689,1274,39501,595,62190,California
Napa,2021-04-02,1871,102087,844,47968,885,52432,142,1687,473,21908,1395,40896,614,62804,California
Napa,2021-04-03,638,102725,372,48340,208,52640,58,1745,213,21754,424,41320,270,63074,California
Napa,2021-04-04,360,103085,146,48486,155,52795,59,1804,124,21702,235,41555,183,63257,California
Napa,2021-04-05,1277,104362,759,49245,299,53094,219,2023,572,21791,702,42257,791,64048,California
Napa,2021-04-06,2271,106633,567,49812,1443,54537,261,2284,528,20838,1740,43997,787,64835,California
Napa,2021-04-07,1754,108387,709,50521,823,55360,222,2506,531,20372,1217,45214,751,65586,California
Napa,2021-04-08,1870,110257,1071,51592,423,55783,376,2882,963,20809,901,46115,1338,66924,California
Napa,2021-04-09,1550,111807,927,52519,318,56101,305,3187,679,20923,869,46984,983,67907,California
Napa,2021-04-10,1052,112859,352,52871,597,56698,103,3290,245,20467,804,47788,348,68255,California
Napa,2021-04-11,386,113245,300,53171,63,56761,23,3313,157,20418,229,48017,180,68435,California
Napa,2021-04-12,796,114041,302,53473,369,57130,125,3438,292,20329,502,48519,413,68848,California
Napa,2021-04-13,2590,116631,868,54341,1722,58852,0,3438,941,19627,1643,50162,941,69789,California
Napa,2021-04-14,2159,118790,1019,55360,1140,59992,0,3438,1053,19582,1098,51260,1053,70842,California
Napa,2021-04-15,2095,120885,535,55895,1560,61552,0,3438,902,19299,1185,52445,902,71744,California
Napa,2021-04-16,3013,123898,1646,57541,1367,62919,0,3438,2280,20851,728,53173,2280,74024,California
Napa,2021-04-17,1167,125065,273,57814,894,63813,0,3438,862,21409,304,53477,862,74886,California
Napa,2021-04-18,286,125351,190,58004,96,63909,0,3438,124,21371,162,53639,124,75010,California
Napa,2021-04-19,631,125982,342,58346,289,64198,0,3438,276,21293,354,53993,276,75286,California
Napa,2021-04-20,3075,129057,2096,60442,979,65177,0,3438,2090,22401,983,54976,2091,77377,California
Napa,2021-04-21,2980,132037,2201,62643,779,65956,0,3438,1885,23198,1089,56065,1886,79263,California
Napa,2021-04-22,1833,133870,1297,63940,536,66492,0,3438,865,23099,964,57029,865,80128,California
Napa,2021-04-23,1653,135523,1270,65210,381,66873,2,3440,1164,23778,485,57514,1164,81292,California
Napa,2021-04-24,573,136096,322,65532,251,67124,0,3440,297,23802,273,57787,297,81589,California
Napa,2021-04-25,249,136345,190,65722,59,67183,0,3440,127,23808,121,57908,127,81716,California
Napa,2021-04-26,551,136896,282,66004,269,67452,0,3440,284,23830,262,58170,284,82000,California
Napa,2021-04-27,1789,138685,469,66473,1308,68760,12,3452,594,23245,1191,59361,606,82606,California
Napa,2021-04-28,1022,139707,473,66946,532,69292,17,3469,349,22940,671,60032,366,82972,California
Napa,2021-04-29,732,140439,364,67310,349,69641,19,3488,268,22769,457,60489,286,83258,California
Napa,2021-04-30,623,141062,312,67622,247,69888,64,3552,258,22727,363,60852,321,83579,California
Napa,2021-05-01,330,141392,271,67893,48,69936,11,3563,122,22652,208,61060,133,83712,California
Napa,2021-05-02,238,141630,194,68087,38,69974,6,3569,100,22621,137,61197,106,83818,California
Napa,2021-05-03,637,142267,497,68584,104,70078,36,3605,111,22247,522,61719,148,83966,California
Napa,2021-05-04,1140,143407,727,69311,301,70379,112,3717,305,21833,831,62550,417,84383,California
Napa,2021-05-05,1042,144449,705,70016,299,70678,38,3755,263,21358,776,63326,301,84684,California
Napa,2021-05-06,723,145172,321,70337,379,71057,23,3778,372,21412,342,63668,396,85080,California
Napa,2021-05-07,1596,146768,1365,71702,168,71225,63,3841,332,20565,1241,64909,394,85474,California
Napa,2021-05-08,258,147026,165,71867,82,71307,11,3852,87,20494,169,65078,98,85572,California
Napa,2021-05-09,120,147146,88,71955,32,71339,0,3852,59,20492,61,65139,59,85631,California
Napa,2021-05-10,430,147576,146,72101,265,71604,19,3871,111,20304,318,65457,130,85761,California
Napa,2021-05-11,2195,149771,1810,73911,360,71964,25,3896,386,18912,1803,67260,411,86172,California
Napa,2021-05-12,2218,151989,1388,75299,773,72737,57,3953,311,17378,1901,69161,367,86539,California
Napa,2021-05-13,1966,153955,1249,76548,677,73414,40,3993,864,17188,1095,70256,905,87444,California
Napa,2021-05-14,1966,155921,1187,77735,693,74107,86,4079,533,16382,1426,71682,620,88064,California
Napa,2021-05-15,1078,156999,366,78101,700,74807,12,4091,258,15837,816,72498,271,88335,California
Napa,2021-05-16,245,157244,164,78265,79,74886,2,4093,73,15740,172,72670,75,88410,California
Napa,2021-05-17,892,158136,347,78612,515,75401,30,4123,306,15553,524,73194,337,88747,California
Napa,2021-05-18,1078,159214,553,79165,468,75869,57,4180,511,15559,562,73756,568,89315,California
Napa,2021-05-19,976,160190,574,79739,372,76241,30,4210,507,15629,466,74222,536,89851,California
Napa,2021-05-20,660,160850,435,80174,194,76435,31,4241,380,15762,278,74500,411,90262,California
Napa,2021-05-21,528,161378,267,80441,229,76664,32,4273,219,15706,307,74807,251,90513,California
Napa,2021-05-22,463,161841,276,80717,178,76842,9,4282,192,15637,271,75078,202,90715,California
Napa,2021-05-23,401,162242,355,81072,35,76877,11,4293,296,15839,105,75183,307,91022,California
Napa,2021-05-24,385,162627,188,81260,177,77054,20,4313,154,15784,229,75412,174,91196,California
Napa,2021-05-25,429,163056,175,81435,183,77237,71,4384,144,15714,284,75696,214,91410,California
Napa,2021-05-26,560,163616,362,81797,174,77411,24,4408,320,15821,237,75933,344,91754,California
Napa,2021-05-27,398,164014,170,81967,200,77611,28,4436,150,15751,248,76181,178,91932,California
Napa,2021-05-28,406,164420,211,82178,171,77782,24,4460,169,15709,233,76414,191,92123,California
Napa,2021-05-29,128,164548,79,82257,45,77827,4,4464,74,15734,53,76467,78,92201,California
Napa,2021-05-30,97,164645,61,82318,31,77858,5,4469,28,15700,67,76534,33,92234,California
Napa,2021-05-31,51,164696,17,82335,28,77886,6,4475,9,15673,42,76576,15,92249,California
Napa,2021-06-01,605,165301,313,82648,268,78154,24,4499,261,15619,338,76914,284,92533,California
Napa,2021-06-02,412,165713,244,82892,146,78300,22,4521,190,15610,220,77134,211,92744,California
Napa,2021-06-03,754,166467,460,83352,269,78569,25,4546,129,15140,622,77756,152,92896,California
Napa,2021-06-04,784,167251,603,83955,144,78713,37,4583,146,14687,636,78392,183,93079,California
Napa,2021-06-05,312,167563,254,84209,47,78760,11,4594,73,14534,237,78629,84,93163,California
Napa,2021-06-06,145,167708,126,84335,18,78778,1,4595,44,14479,100,78729,45,93208,California
Napa,2021-06-07,396,168104,286,84621,82,78860,28,4623,93,14297,303,79032,121,93329,California
Napa,2021-06-08,623,168727,494,85115,112,78972,17,4640,275,14244,345,79377,292,93621,California
Napa,2021-06-09,555,169282,450,85565,90,79062,15,4655,96,13897,458,79835,111,93732,California
Napa,2021-06-10,511,169793,414,85979,64,79126,33,4688,107,13633,404,80239,140,93872,California
Napa,2021-06-11,410,170203,267,86246,119,79245,24,4712,116,13480,293,80532,140,94012,California
Napa,2021-06-12,205,170408,173,86419,27,79272,5,4717,41,13363,163,80695,46,94058,California
Napa,2021-06-13,290,170698,277,86696,8,79280,5,4722,29,13136,261,80956,34,94092,California
Napa,2021-06-14,483,171181,340,87036,117,79397,26,4748,93,12866,386,81342,116,94208,California
Napa,2021-06-15,377,171558,277,87313,87,79484,13,4761,185,12874,190,81532,198,94406,California
Napa,2021-06-16,261,171819,164,87477,81,79565,16,4777,84,12801,173,81705,100,94506,California
Napa,2021-06-17,391,172210,322,87799,61,79626,8,4785,71,12560,320,82025,79,94585,California
Napa,2021-06-18,267,172477,173,87972,83,79709,11,4796,90,12486,175,82200,101,94686,California
Napa,2021-06-19,110,172587,77,88049,23,79732,10,4806,47,12482,61,82261,57,94743,California
Napa,2021-06-20,54,172641,42,88091,9,79741,3,4809,19,12469,35,82296,22,94765,California
Napa,2021-06-21,158,172799,73,88164,65,79806,20,4829,75,12481,82,82378,94,94859,California
Napa,2021-06-22,374,173173,296,88460,64,79870,14,4843,109,12341,263,82641,123,94982,California
Napa,2021-06-23,340,173513,264,88724,54,79924,22,4865,109,12243,228,82869,130,95112,California
Napa,2021-06-24,167,173680,114,88838,48,79972,5,4870,71,12225,94,82963,76,95188,California
Napa,2021-06-25,243,173923,160,88998,70,80042,13,4883,118,12236,119,83082,130,95318,California
Napa,2021-06-26,92,174015,76,89074,11,80053,5,4888,45,12239,47,83129,50,95368,California
Napa,2021-06-27,70,174085,60,89134,10,80063,0,4888,33,12235,37,83166,33,95401,California
Napa,2021-06-28,189,174274,144,89278,34,80097,11,4899,82,12221,106,83272,92,95493,California
Napa,2021-06-29,368,174642,297,89575,55,80152,16,4915,104,12078,262,83534,119,95612,California
Napa,2021-06-30,173,174815,118,89693,46,80198,9,4924,78,12071,94,83628,87,95699,California
Napa,2021-07-01,103,174918,79,89772,22,80220,2,4926,42,12053,61,83689,43,95742,California
Nevada,2020-12-16,3,3,3,3,0,0,0,0,3,3,0,0,3,3,California
Nevada,2020-12-17,6,9,6,9,0,0,0,0,6,9,0,0,6,9,California
Nevada,2020-12-18,57,66,57,66,0,0,0,0,57,66,0,0,57,66,California
Nevada,2020-12-19,55,121,55,121,0,0,0,0,55,121,0,0,55,121,California
Nevada,2020-12-20,13,134,13,134,0,0,0,0,13,134,0,0,13,134,California
Nevada,2020-12-21,69,203,69,203,0,0,0,0,69,203,0,0,69,203,California
Nevada,2020-12-22,90,293,88,291,2,2,0,0,90,293,0,0,90,293,California
Nevada,2020-12-23,232,525,202,493,30,32,0,0,232,525,0,0,232,525,California
Nevada,2020-12-24,13,538,11,504,2,34,0,0,13,538,0,0,13,538,California
Nevada,2020-12-25,3,541,3,507,0,34,0,0,3,541,0,0,3,541,California
Nevada,2020-12-26,6,547,4,511,2,36,0,0,6,547,0,0,6,547,California
Nevada,2020-12-27,89,636,89,600,0,36,0,0,89,636,0,0,89,636,California
Nevada,2020-12-28,172,808,94,694,78,114,0,0,172,808,0,0,172,808,California
Nevada,2020-12-29,100,908,74,768,26,140,0,0,100,908,0,0,100,908,California
Nevada,2020-12-30,86,994,66,834,20,160,0,0,86,994,0,0,86,994,California
Nevada,2020-12-31,38,1032,8,842,30,190,0,0,38,1032,0,0,38,1032,California
Nevada,2021-01-01,3,1035,0,842,3,193,0,0,3,1035,0,0,3,1035,California
Nevada,2021-01-02,2,1037,1,843,1,194,0,0,2,1037,0,0,2,1037,California
Nevada,2021-01-03,130,1167,125,968,5,199,0,0,130,1167,0,0,130,1167,California
Nevada,2021-01-04,72,1239,47,1015,25,224,0,0,72,1239,0,0,72,1239,California
Nevada,2021-01-05,274,1513,133,1148,141,365,0,0,273,1511,1,1,273,1512,California
Nevada,2021-01-06,90,1603,42,1190,48,413,0,0,82,1585,8,9,82,1594,California
Nevada,2021-01-07,217,1820,43,1233,174,587,0,0,210,1790,6,15,211,1805,California
Nevada,2021-01-08,222,2042,129,1362,93,680,0,0,165,1899,57,72,166,1971,California
Nevada,2021-01-09,64,2106,57,1419,7,687,0,0,14,1863,50,122,14,1985,California
Nevada,2021-01-10,19,2125,10,1429,9,696,0,0,10,1864,9,131,10,1995,California
Nevada,2021-01-11,188,2313,131,1560,57,753,0,0,60,1796,128,259,60,2055,California
Nevada,2021-01-12,600,2913,453,2013,147,900,0,0,533,2262,67,326,533,2588,California
Nevada,2021-01-13,262,3175,148,2161,114,1014,0,0,128,2256,134,460,128,2716,California
Nevada,2021-01-14,239,3414,127,2288,112,1126,0,0,222,2462,16,476,222,2938,California
Nevada,2021-01-15,402,3816,174,2462,228,1354,0,0,301,2662,101,577,301,3239,California
Nevada,2021-01-16,299,4115,15,2477,284,1638,0,0,295,2953,4,581,295,3534,California
Nevada,2021-01-17,37,4152,33,2510,4,1642,0,0,35,2986,2,583,35,3569,California
Nevada,2021-01-18,151,4303,41,2551,110,1752,0,0,141,3117,10,593,141,3710,California
Nevada,2021-01-19,250,4553,90,2641,160,1912,0,0,228,3323,22,615,228,3938,California
Nevada,2021-01-20,276,4829,166,2807,110,2022,0,0,262,3571,14,629,262,4200,California
Nevada,2021-01-21,345,5174,207,3014,138,2160,0,0,332,3890,13,642,332,4532,California
Nevada,2021-01-22,379,5553,237,3251,142,2302,0,0,349,4209,30,672,349,4881,California
Nevada,2021-01-23,182,5735,107,3358,75,2377,0,0,182,4391,0,672,182,5063,California
Nevada,2021-01-24,110,5845,102,3460,8,2385,0,0,69,4419,41,713,69,5132,California
Nevada,2021-01-25,265,6110,135,3595,130,2515,0,0,203,4560,62,775,203,5335,California
Nevada,2021-01-26,408,6518,145,3740,263,2778,0,0,303,4758,105,880,303,5638,California
Nevada,2021-01-27,429,6947,254,3994,175,2953,0,0,404,5137,25,905,404,6042,California
Nevada,2021-01-28,480,7427,327,4321,153,3106,0,0,436,5530,43,948,436,6478,California
Nevada,2021-01-29,607,8034,392,4713,215,3321,0,0,579,6083,27,975,580,7058,California
Nevada,2021-01-30,296,8330,106,4819,190,3511,0,0,293,6373,3,978,293,7351,California
Nevada,2021-01-31,104,8434,87,4906,17,3528,0,0,100,6471,3,981,101,7452,California
Nevada,2021-02-01,294,8728,72,4978,222,3750,0,0,280,6737,14,995,280,7732,California
Nevada,2021-02-02,533,9261,188,5166,345,4095,0,0,333,6870,200,1195,333,8065,California
Nevada,2021-02-03,819,10080,576,5742,243,4338,0,0,764,7580,54,1249,764,8829,California
Nevada,2021-02-04,741,10821,393,6135,348,4686,0,0,489,7818,251,1500,489,9318,California
Nevada,2021-02-05,658,11479,370,6505,288,4974,0,0,467,8096,189,1689,467,9785,California
Nevada,2021-02-06,271,11750,83,6588,188,5162,0,0,242,8309,29,1718,242,10027,California
Nevada,2021-02-07,247,11997,193,6781,54,5216,0,0,192,8446,55,1773,192,10219,California
Nevada,2021-02-08,655,12652,406,7187,249,5465,0,0,551,8895,102,1875,551,10770,California
Nevada,2021-02-09,607,13259,340,7527,267,5732,0,0,464,9216,143,2018,464,11234,California
Nevada,2021-02-10,655,13914,327,7854,328,6060,0,0,422,9407,232,2250,423,11657,California
Nevada,2021-02-11,889,14803,514,8368,375,6435,0,0,554,9628,333,2583,554,12211,California
Nevada,2021-02-12,958,15761,446,8814,512,6947,0,0,630,9933,325,2908,630,12841,California
Nevada,2021-02-13,618,16379,240,9054,378,7325,0,0,392,10104,222,3130,393,13234,California
Nevada,2021-02-14,234,16613,120,9174,114,7439,0,0,205,10280,29,3159,205,13439,California
Nevada,2021-02-15,712,17325,438,9612,274,7713,0,0,538,10644,174,3333,538,13977,California
Nevada,2021-02-16,629,17954,202,9814,427,8140,0,0,458,10932,170,3503,458,14435,California
Nevada,2021-02-17,1201,19155,777,10591,424,8564,0,0,858,11447,343,3846,858,15293,California
Nevada,2021-02-18,1025,20180,558,11149,467,9031,0,0,603,11631,419,4265,603,15896,California
Nevada,2021-02-19,1131,21311,635,11784,496,9527,0,0,760,12023,369,4634,761,16657,California
Nevada,2021-02-20,308,21619,113,11897,195,9722,0,0,180,12076,127,4761,180,16837,California
Nevada,2021-02-21,105,21724,91,11988,14,9736,0,0,15,12004,87,4848,15,16852,California
Nevada,2021-02-22,516,22240,346,12334,170,9906,0,0,365,12219,150,4998,365,17217,California
Nevada,2021-02-23,506,22746,249,12583,257,10163,0,0,225,12167,278,5276,226,17443,California
Nevada,2021-02-24,517,23263,278,12861,239,10402,0,0,254,12162,263,5539,258,17701,California
Nevada,2021-02-25,870,24133,470,13331,400,10802,0,0,436,12166,432,5971,436,18137,California
Nevada,2021-02-26,1250,25383,889,14220,361,11163,0,0,418,11755,829,6800,418,18555,California
Nevada,2021-02-27,425,25808,112,14332,313,11476,0,0,195,11720,230,7030,195,18750,California
Nevada,2021-02-28,274,26082,160,14492,114,11590,0,0,127,11701,146,7176,127,18877,California
Nevada,2021-03-01,840,26922,438,14930,402,11992,0,0,368,11600,469,7645,368,19245,California
Nevada,2021-03-02,741,27663,292,15222,449,12441,0,0,511,11886,225,7870,511,19756,California
Nevada,2021-03-03,992,28655,509,15731,482,12923,1,1,519,11935,471,8341,520,20276,California
Nevada,2021-03-04,1112,29767,623,16354,489,13412,0,1,468,11763,640,8981,468,20744,California
Nevada,2021-03-05,1183,30950,480,16834,693,14105,10,11,707,12007,473,9454,717,21461,California
Nevada,2021-03-06,364,31314,121,16955,216,14321,27,38,149,11967,215,9669,175,21636,California
Nevada,2021-03-07,209,31523,108,17063,81,14402,20,58,69,11916,140,9809,89,21725,California
Nevada,2021-03-08,831,32354,562,17625,223,14625,46,104,374,11881,456,10265,421,22146,California
Nevada,2021-03-09,794,33148,404,18029,340,14965,50,154,467,12072,325,10590,516,22662,California
Nevada,2021-03-10,1009,34157,650,18679,303,15268,56,210,340,11805,662,11252,395,23057,California
Nevada,2021-03-11,1113,35270,729,19408,359,15627,25,235,550,11826,554,11806,575,23632,California
Nevada,2021-03-12,1536,36806,727,20135,779,16406,30,265,838,11998,694,12500,866,24498,California
Nevada,2021-03-13,944,37750,59,20194,880,17286,5,270,758,12577,184,12684,763,25261,California
Nevada,2021-03-14,160,37910,20,20214,135,17421,5,275,33,12488,127,12811,38,25299,California
Nevada,2021-03-15,857,38767,467,20681,378,17799,12,287,359,12365,494,13305,371,25670,California
Nevada,2021-03-16,1006,39773,470,21151,474,18273,62,349,640,12702,364,13669,701,26371,California
Nevada,2021-03-17,1027,40800,455,21606,562,18835,10,359,586,12861,438,14107,597,26968,California
Nevada,2021-03-18,982,41782,531,22137,428,19263,23,382,476,12859,500,14607,498,27466,California
Nevada,2021-03-19,939,42721,440,22577,462,19725,37,419,362,12686,572,15179,399,27865,California
Nevada,2021-03-20,837,43558,94,22671,316,20041,427,846,243,12764,588,15767,666,28531,California
Nevada,2021-03-21,59,43617,32,22703,26,20067,1,847,33,12773,25,15792,34,28565,California
Nevada,2021-03-22,803,44420,520,23223,278,20345,5,852,530,13039,270,16062,536,29101,California
Nevada,2021-03-23,863,45283,391,23614,444,20789,28,880,619,13445,241,16303,647,29748,California
Nevada,2021-03-24,1023,46306,544,24158,472,21261,7,887,640,13714,377,16680,646,30394,California
Nevada,2021-03-25,915,47221,465,24623,425,21686,25,912,493,13811,420,17100,517,30911,California
Nevada,2021-03-26,1171,48392,445,25068,687,22373,39,951,842,14365,326,17426,880,31791,California
Nevada,2021-03-27,592,48984,73,25141,503,22876,16,967,406,14602,185,17611,422,32213,California
Nevada,2021-03-28,177,49161,53,25194,111,22987,13,980,35,14513,137,17748,48,32261,California
Nevada,2021-03-29,824,49985,501,25695,301,23288,22,1002,373,14461,446,18194,394,32655,California
Nevada,2021-03-30,1059,51044,483,26178,542,23830,34,1036,487,14418,564,18758,521,33176,California
Nevada,2021-03-31,1182,52226,661,26839,504,24334,17,1053,670,14601,503,19261,686,33862,California
Nevada,2021-04-01,1247,53473,728,27567,466,24800,53,1106,553,14523,683,19944,605,34467,California
Nevada,2021-04-02,1304,54777,662,28229,606,25406,36,1142,772,14803,528,20472,808,35275,California
Nevada,2021-04-03,290,55067,87,28316,162,25568,41,1183,82,14719,207,20679,123,35398,California
Nevada,2021-04-04,129,55196,42,28358,80,25648,7,1190,77,14751,52,20731,84,35482,California
Nevada,2021-04-05,937,56133,615,28973,302,25950,20,1210,621,15080,311,21042,640,36122,California
Nevada,2021-04-06,1077,57210,666,29639,267,26217,144,1354,435,15023,635,21677,578,36700,California
Nevada,2021-04-07,1150,58360,822,30461,245,26462,83,1437,611,15184,532,22209,693,37393,California
Nevada,2021-04-08,1283,59643,891,31352,307,26769,85,1522,708,15406,570,22779,792,38185,California
Nevada,2021-04-09,1275,60918,850,32202,358,27127,67,1589,863,15925,410,23189,929,39114,California
Nevada,2021-04-10,899,61817,78,32280,745,27872,76,1665,125,15358,768,23957,201,39315,California
Nevada,2021-04-11,112,61929,34,32314,72,27944,6,1671,36,15324,76,24033,42,39357,California
Nevada,2021-04-12,747,62676,542,32856,188,28132,17,1688,316,15231,426,24459,333,39690,California
Nevada,2021-04-13,891,63567,354,33210,537,28669,0,1688,471,15286,416,24875,471,40161,California
Nevada,2021-04-14,1059,64626,569,33779,490,29159,0,1688,539,15313,512,25387,539,40700,California
Nevada,2021-04-15,1084,65710,710,34489,374,29533,0,1688,625,15491,447,25834,625,41325,California
Nevada,2021-04-16,912,66622,694,35183,218,29751,0,1688,518,15617,392,26226,518,41843,California
Nevada,2021-04-17,203,66825,54,35237,149,29900,0,1688,88,15592,113,26339,88,41931,California
Nevada,2021-04-18,202,67027,21,35258,181,30081,0,1688,102,15594,100,26439,102,42033,California
Nevada,2021-04-19,757,67784,484,35742,273,30354,0,1688,309,15466,437,26876,309,42342,California
Nevada,2021-04-20,832,68616,332,36074,500,30854,0,1688,313,15266,513,27389,313,42655,California
Nevada,2021-04-21,935,69551,520,36594,415,31269,0,1688,272,14886,652,28041,272,42927,California
Nevada,2021-04-22,1008,70559,632,37226,376,31645,0,1688,341,14572,656,28697,342,43269,California
Nevada,2021-04-23,1255,71814,552,37778,703,32348,0,1688,400,14130,843,29540,401,43670,California
Nevada,2021-04-24,520,72334,71,37849,449,32797,0,1688,168,13948,350,29890,168,43838,California
Nevada,2021-04-25,132,72466,60,37909,67,32864,5,1693,51,13923,80,29970,55,43893,California
Nevada,2021-04-26,745,73211,561,38470,176,33040,8,1701,218,13632,517,30487,226,44119,California
Nevada,2021-04-27,819,74030,380,38850,434,33474,5,1706,412,13650,399,30886,417,44536,California
Nevada,2021-04-28,994,75024,582,39432,407,33881,5,1711,387,13442,600,31486,392,44928,California
Nevada,2021-04-29,1020,76044,709,40141,307,34188,4,1715,280,12988,738,32224,284,45212,California
Nevada,2021-04-30,1248,77292,728,40869,511,34699,9,1724,214,12179,1032,33256,223,45435,California
Nevada,2021-05-01,144,77436,60,40929,80,34779,4,1728,63,12167,79,33335,67,45502,California
Nevada,2021-05-02,58,77494,32,40961,22,34801,4,1732,20,12153,38,33373,24,45526,California
Nevada,2021-05-03,610,78104,405,41366,186,34987,19,1751,178,11921,428,33801,196,45722,California
Nevada,2021-05-04,594,78698,173,41539,403,35390,18,1769,338,12025,252,34053,356,46078,California
Nevada,2021-05-05,737,79435,381,41920,342,35732,14,1783,323,11957,405,34458,337,46415,California
Nevada,2021-05-06,807,80242,565,42485,231,35963,11,1794,198,11567,599,35057,209,46624,California
Nevada,2021-05-07,891,81133,488,42973,368,36331,35,1829,184,11084,703,35760,220,46844,California
Nevada,2021-05-08,175,81308,19,42992,136,36467,20,1849,77,11085,96,35856,97,46941,California
Nevada,2021-05-09,45,81353,9,43001,34,36501,2,1851,21,11084,24,35880,23,46964,California
Nevada,2021-05-10,391,81744,248,43249,119,36620,24,1875,78,10874,312,36192,102,47066,California
Nevada,2021-05-11,516,82260,154,43403,349,36969,13,1888,128,10635,380,36572,141,47207,California
Nevada,2021-05-12,542,82802,237,43640,294,37263,11,1899,152,10417,381,36953,163,47370,California
Nevada,2021-05-13,839,83641,556,44196,273,37536,10,1909,433,10462,398,37351,443,47813,California
Nevada,2021-05-14,792,84433,583,44779,191,37727,18,1927,443,10578,345,37696,461,48274,California
Nevada,2021-05-15,187,84620,87,44866,92,37819,8,1935,87,10574,99,37795,95,48369,California
Nevada,2021-05-16,161,84781,54,44920,107,37926,0,1935,56,10525,105,37900,56,48425,California
Nevada,2021-05-17,499,85280,320,45240,149,38075,30,1965,215,10497,273,38173,245,48670,California
Nevada,2021-05-18,419,85699,256,45496,159,38234,4,1969,221,10527,196,38369,226,48896,California
Nevada,2021-05-19,492,86191,355,45851,132,38366,5,1974,257,10563,226,38595,262,49158,California
Nevada,2021-05-20,611,86802,352,46203,247,38613,12,1986,219,10407,387,38982,231,49389,California
Nevada,2021-05-21,511,87313,328,46531,173,38786,10,1996,219,10347,289,39271,229,49618,California
Nevada,2021-05-22,243,87556,34,46565,156,38942,53,2049,92,10341,151,39422,145,49763,California
Nevada,2021-05-23,52,87608,18,46583,34,38976,0,2049,17,10324,34,39456,17,49780,California
Nevada,2021-05-24,314,87922,219,46802,81,39057,14,2063,105,10237,206,39662,119,49899,California
Nevada,2021-05-25,343,88265,83,46885,248,39305,12,2075,81,10073,257,39919,93,49992,California
Nevada,2021-05-26,453,88718,196,47081,247,39552,10,2085,134,9905,312,40231,144,50136,California
Nevada,2021-05-27,426,89144,226,47307,179,39731,21,2106,179,9862,243,40474,200,50336,California
Nevada,2021-05-28,348,89492,214,47521,111,39842,23,2129,190,9921,155,40629,214,50550,California
Nevada,2021-05-29,66,89558,12,47533,54,39896,0,2129,41,9937,25,40654,41,50591,California
Nevada,2021-05-30,37,89595,19,47552,16,39912,2,2131,25,9952,12,40666,27,50618,California
Nevada,2021-05-31,6,89601,4,47556,0,39912,2,2133,2,9952,4,40670,4,50622,California
Nevada,2021-06-01,420,90021,127,47683,275,40187,18,2151,100,9759,311,40981,118,50740,California
Nevada,2021-06-02,403,90424,165,47848,231,40418,7,2158,101,9573,294,41275,108,50848,California
Nevada,2021-06-03,566,90990,405,48253,156,40574,5,2163,99,9215,462,41737,104,50952,California
Nevada,2021-06-04,546,91536,438,48691,104,40678,4,2167,105,8888,436,42173,109,51061,California
Nevada,2021-06-05,173,91709,70,48761,101,40779,2,2169,66,8850,106,42279,68,51129,California
Nevada,2021-06-06,53,91762,40,48801,13,40792,0,2169,12,8821,41,42320,12,51141,California
Nevada,2021-06-07,270,92032,196,48997,44,40836,30,2199,60,8706,205,42525,90,51231,California
Nevada,2021-06-08,293,92325,194,49191,85,40921,14,2213,67,8570,217,42742,81,51312,California
Nevada,2021-06-09,326,92651,218,49409,101,41022,7,2220,82,8420,239,42981,89,51401,California
Nevada,2021-06-10,275,92926,177,49586,89,41111,9,2229,74,8308,194,43175,82,51483,California
Nevada,2021-06-11,328,93254,233,49819,76,41187,19,2248,76,8153,249,43424,94,51577,California
Nevada,2021-06-12,91,93345,53,49872,33,41220,5,2253,26,8119,65,43489,31,51608,California
Nevada,2021-06-13,32,93377,17,49889,14,41234,1,2254,6,8100,26,43515,7,51615,California
Nevada,2021-06-14,191,93568,137,50026,43,41277,11,2265,49,8025,135,43650,60,51675,California
Nevada,2021-06-15,170,93738,97,50123,65,41342,8,2273,67,8000,100,43750,75,51750,California
Nevada,2021-06-16,236,93974,132,50255,95,41437,9,2282,69,7918,160,43910,78,51828,California
Nevada,2021-06-17,227,94201,133,50388,80,41517,14,2296,40,7786,186,44096,54,51882,California
Nevada,2021-06-18,219,94420,152,50540,50,41567,17,2313,68,7722,149,44245,85,51967,California
Nevada,2021-06-19,69,94489,33,50573,30,41597,6,2319,29,7717,40,44285,35,52002,California
Nevada,2021-06-20,27,94516,20,50593,7,41604,0,2319,8,7707,18,44303,8,52010,California
Nevada,2021-06-21,109,94625,49,50642,53,41657,7,2326,49,7709,54,44357,56,52066,California
Nevada,2021-06-22,166,94791,97,50739,58,41715,11,2337,67,7694,93,44450,78,52144,California
Nevada,2021-06-23,213,95004,139,50878,44,41759,30,2367,87,7689,121,44571,116,52260,California
Nevada,2021-06-24,178,95182,114,50992,47,41806,17,2384,61,7656,111,44682,78,52338,California
Nevada,2021-06-25,207,95389,138,51130,48,41854,21,2405,76,7622,131,44813,97,52435,California
Nevada,2021-06-26,83,95472,61,51191,20,41874,2,2407,31,7603,52,44865,33,52468,California
Nevada,2021-06-27,29,95501,13,51204,12,41886,4,2411,7,7592,22,44887,11,52479,California
Nevada,2021-06-28,169,95670,119,51323,28,41914,22,2433,67,7587,94,44981,89,52568,California
Nevada,2021-06-29,129,95799,74,51397,43,41957,12,2445,46,7570,75,45056,58,52626,California
Nevada,2021-06-30,164,95963,125,51522,33,41990,6,2451,53,7520,108,45164,58,52684,California
Nevada,2021-07-01,94,96057,66,51588,17,42007,11,2462,39,7517,53,45217,50,52734,California
Orange,2020-12-15,17,17,17,17,0,0,0,0,17,17,0,0,17,17,California
Orange,2020-12-16,400,417,400,417,0,0,0,0,400,417,0,0,400,417,California
Orange,2020-12-17,3772,4189,3772,4189,0,0,0,0,3771,4188,0,0,3771,4188,California
Orange,2020-12-18,5123,9312,5115,9304,8,8,0,0,5121,9308,1,1,5121,9309,California
Orange,2020-12-19,2246,11558,2239,11543,7,15,0,0,2245,11553,0,1,2245,11554,California
Orange,2020-12-20,2004,13562,2001,13544,3,18,0,0,2005,13558,0,1,2005,13559,California
Orange,2020-12-21,4272,17834,4266,17810,6,24,0,0,4272,17830,0,1,4272,17831,California
Orange,2020-12-22,4003,21837,3967,21777,36,60,0,0,4003,21833,0,1,4003,21834,California
Orange,2020-12-23,3608,25445,3238,25015,370,430,0,0,3608,25440,1,2,3608,25442,California
Orange,2020-12-24,1389,26834,1089,26104,300,730,0,0,1389,26829,0,2,1389,26831,California
Orange,2020-12-25,21,26855,16,26120,5,735,0,0,21,26850,0,2,21,26852,California
Orange,2020-12-26,999,27854,423,26543,576,1311,0,0,999,27849,0,2,999,27851,California
Orange,2020-12-27,587,28441,275,26818,312,1623,0,0,587,28436,0,2,587,28438,California
Orange,2020-12-28,3632,32073,2635,29453,997,2620,0,0,3632,32068,0,2,3632,32070,California
Orange,2020-12-29,3537,35610,2517,31970,1020,3640,0,0,3536,35603,1,3,3536,35606,California
Orange,2020-12-30,5145,40755,3556,35526,1589,5229,0,0,5145,40748,0,3,5145,40751,California
Orange,2020-12-31,1534,42289,821,36347,713,5942,0,0,1531,42276,3,6,1531,42282,California
Orange,2021-01-01,719,43008,393,36740,326,6268,0,0,717,42991,2,8,717,42999,California
Orange,2021-01-02,1373,44381,845,37585,528,6796,0,0,1370,44359,2,10,1370,44369,California
Orange,2021-01-03,588,44969,322,37907,266,7062,0,0,588,44947,0,10,588,44957,California
Orange,2021-01-04,2784,47753,1573,39480,1211,8273,0,0,2785,47731,1,11,2785,47742,California
Orange,2021-01-05,3555,51308,2318,41798,1237,9510,0,0,3140,50462,412,423,3143,50885,California
Orange,2021-01-06,5050,56358,3479,45277,1571,11081,0,0,3671,52766,1367,1790,3671,54556,California
Orange,2021-01-07,9389,65747,5245,50522,4144,15225,0,0,5740,54877,3634,5424,5745,60301,California
Orange,2021-01-08,9580,75327,5385,55907,4195,19420,0,0,5719,56749,3850,9274,5722,66023,California
Orange,2021-01-09,5069,80396,1771,57678,3298,22718,0,0,3772,59224,1297,10571,3772,69795,California
Orange,2021-01-10,4274,84670,1056,58734,3218,25936,0,0,3386,61727,887,11458,3390,73185,California
Orange,2021-01-11,9537,94207,4945,63679,4592,30528,0,0,5891,63972,3650,15108,5895,79080,California
Orange,2021-01-12,9034,103241,4857,68536,4177,34705,0,0,5542,66028,3488,18596,5544,84624,California
Orange,2021-01-13,10374,113615,4957,73493,5417,40122,0,0,7149,69962,3222,21818,7156,91780,California
Orange,2021-01-14,10155,123770,3821,77314,6334,46456,0,0,8551,76917,1602,23420,8557,100337,California
Orange,2021-01-15,10338,134108,2678,79992,7660,54116,0,0,9448,85474,898,24318,9455,109792,California
Orange,2021-01-16,8868,142976,2118,82110,6750,60866,0,0,8465,93544,400,24718,8470,118262,California
Orange,2021-01-17,8283,151259,1516,83626,6767,67633,0,0,8127,101525,156,24874,8137,126399,California
Orange,2021-01-18,9816,161075,4446,88072,5370,73003,0,0,7550,106811,2267,27141,7553,133952,California
Orange,2021-01-19,7618,168693,5475,93547,2143,75146,0,0,4972,109141,2644,29785,4974,138926,California
Orange,2021-01-20,8690,177383,6105,99652,2585,77731,0,0,5610,111682,3078,32863,5619,144545,California
Orange,2021-01-21,11372,188755,5125,104777,6247,83978,0,0,10519,121361,851,33714,10530,155075,California
Orange,2021-01-22,13983,202738,5224,110001,8759,92737,0,0,13084,133563,890,34604,13092,168167,California
Orange,2021-01-23,13339,216077,6216,116217,7123,99860,0,0,12390,145021,944,35548,12402,180569,California
Orange,2021-01-24,9954,226031,4313,120530,5641,105501,0,0,9611,154298,338,35886,9615,190184,California
Orange,2021-01-25,10573,236604,5896,126426,4677,110178,0,0,7812,159363,2752,38638,7817,198001,California
Orange,2021-01-26,11998,248602,7718,134144,4280,114458,0,0,9804,166980,2190,40828,9807,207808,California
Orange,2021-01-27,13690,262292,8022,142166,5668,120126,0,0,10921,175149,2757,43585,10926,218734,California
Orange,2021-01-28,13319,275611,7272,149438,6047,126173,0,0,11373,184603,1928,45513,11382,230116,California
Orange,2021-01-29,13845,289456,8470,157908,5375,131548,0,0,10877,192541,2942,48455,10880,240996,California
Orange,2021-01-30,13256,302712,4538,162446,8718,140266,0,0,12451,204208,788,49243,12455,253451,California
Orange,2021-01-31,13877,316589,4922,167368,8955,149221,0,0,13405,217156,465,49708,13413,266864,California
Orange,2021-02-01,15074,331663,6530,173898,8544,157765,0,0,12531,227180,2515,52223,12539,279403,California
Orange,2021-02-02,15232,346895,8008,181906,7224,164989,0,0,12716,237425,2477,54700,12722,292125,California
Orange,2021-02-03,16818,363713,12470,194376,4348,169337,0,0,13812,248321,2922,57622,13818,305943,California
Orange,2021-02-04,20159,383872,13122,207498,7037,176374,0,0,15001,258212,5118,62740,15009,320952,California
Orange,2021-02-05,21040,404912,12077,219575,8963,185337,0,0,14618,266467,6374,69114,14629,335581,California
Orange,2021-02-06,16571,421483,10892,230467,5679,191016,0,0,11251,272636,5302,74416,11471,347052,California
Orange,2021-02-07,11612,433095,8124,238591,3488,194504,0,0,7610,276431,3984,78400,7779,354831,California
Orange,2021-02-08,15245,448340,8732,247323,6513,201017,0,0,9112,279446,6102,84502,9117,363948,California
Orange,2021-02-09,17939,466279,12154,259477,5785,206802,0,0,10744,283087,7117,91619,10758,374706,California
Orange,2021-02-10,21110,487389,11250,270727,9860,216662,0,0,12750,287598,8262,99881,12773,387479,California
Orange,2021-02-11,22438,509827,11624,282351,10814,227476,0,0,12267,289862,10027,109908,12291,399770,California
Orange,2021-02-12,25212,535039,12134,294485,13078,240554,0,0,14763,294269,10377,120285,14784,414554,California
Orange,2021-02-13,22216,557255,12037,306522,10179,250733,0,0,11180,295234,10872,131157,11837,426391,California
Orange,2021-02-14,16375,573630,6664,313186,9711,260444,0,0,9655,298210,6687,137844,9663,436054,California
Orange,2021-02-15,17507,591137,7527,320713,9980,270424,0,0,9017,298807,8442,146286,9039,445093,California
Orange,2021-02-16,20284,611421,9179,329892,11105,281529,0,0,10876,300371,9352,155638,10916,456009,California
Orange,2021-02-17,18299,629720,9592,339484,8707,290236,0,0,9318,300844,8915,164553,9388,465397,California
Orange,2021-02-18,15347,645067,10043,349527,5304,295540,0,0,6913,299415,8375,172928,6946,472343,California
Orange,2021-02-19,18633,663700,11125,360652,7508,303048,0,0,7025,294924,11542,184470,7051,479394,California
Orange,2021-02-20,7724,671424,5730,366382,1994,305042,0,0,3854,294972,3835,188305,3883,483277,California
Orange,2021-02-21,4807,676231,4080,370462,727,305769,0,0,990,292198,3772,192077,998,484275,California
Orange,2021-02-22,10173,686404,8275,378737,1898,307667,0,0,4065,290229,6062,198139,4093,488368,California
Orange,2021-02-23,13962,700366,7628,386365,6334,314001,0,0,3659,283715,10216,208355,3702,492070,California
Orange,2021-02-24,21632,721998,13056,399421,8576,322577,0,0,5502,273232,16054,224409,5571,497641,California
Orange,2021-02-25,23070,745068,12471,411892,10599,333176,0,0,8122,266538,14869,239278,8175,505816,California
Orange,2021-02-26,28289,773357,14317,426209,13972,347148,0,0,11430,261321,16716,255994,11499,517315,California
Orange,2021-02-27,25347,798704,10330,436539,15014,362162,3,3,7397,250962,17820,273814,7461,524776,California
Orange,2021-02-28,19287,817991,7489,444028,11798,373960,0,3,4899,241653,14251,288065,4942,529718,California
Orange,2021-03-01,18961,836952,8682,452710,10259,384219,20,23,7388,237653,11455,299520,7455,537173,California
Orange,2021-03-02,19688,856640,9515,462225,10169,394388,4,27,9595,237285,10029,309549,9661,546834,California
Orange,2021-03-03,21381,878021,10152,472377,11224,405612,5,32,11508,239080,9782,319331,11577,558411,California
Orange,2021-03-04,22927,900948,13164,485541,9749,415361,14,46,11830,239933,11050,330381,11903,570314,California
Orange,2021-03-05,21504,922452,11201,496742,10254,425615,49,95,13122,244870,8334,338715,13271,583585,California
Orange,2021-03-06,24457,946909,13431,510173,10148,435763,878,973,12898,247190,11505,350220,13825,597410,California
Orange,2021-03-07,15465,962374,8675,518848,6371,442134,419,1392,9007,250254,6414,356634,9478,606888,California
Orange,2021-03-08,17077,979451,7912,526760,7851,449985,1314,2706,10909,256435,6096,362730,12277,619165,California
Orange,2021-03-09,21384,1000835,9909,536669,9007,458992,2468,5174,12582,262752,8754,371484,15071,634236,California
Orange,2021-03-10,25041,1025876,12296,548965,9284,468276,3461,8635,12605,266475,12364,383848,16087,650323,California
Orange,2021-03-11,29371,1055247,15913,564878,9200,477476,4258,12893,13557,268594,15706,399554,17825,668148,California
Orange,2021-03-12,29630,1084877,14415,579293,11330,488806,3885,16778,14806,272599,14722,414276,18727,686875,California
Orange,2021-03-13,28000,1112877,10297,589590,13744,502550,3959,20737,14120,276866,13814,428090,18081,704956,California
Orange,2021-03-14,19002,1131879,8257,597847,8193,510743,2552,23289,11828,284110,7135,435225,14379,719335,California
Orange,2021-03-15,23316,1155195,10293,608140,12255,522998,768,24057,14442,290559,8771,443996,15220,734555,California
Orange,2021-03-16,26668,1181863,11306,619446,15088,538086,274,24331,17170,298620,9408,453404,17469,752024,California
Orange,2021-03-17,27579,1209442,13724,633170,13290,551376,565,24896,19578,310852,7913,461317,20145,772169,California
Orange,2021-03-18,28148,1237590,14208,647378,13636,565012,304,25200,21766,326633,6305,467622,22086,794255,California
Orange,2021-03-19,34091,1271681,18848,666226,14789,579801,454,25654,25269,343670,8700,476322,25737,819992,California
Orange,2021-03-20,26059,1297740,13760,679986,12092,591893,207,25861,22175,362254,3808,480130,22392,842384,California
Orange,2021-03-21,18766,1316506,10887,690873,7131,599024,748,26609,15828,375937,2896,483026,16579,858963,California
Orange,2021-03-22,22972,1339478,11937,702810,10711,609735,324,26933,19265,391939,3599,486625,19601,878564,California
Orange,2021-03-23,26331,1365809,13766,716576,11918,621653,647,27580,20815,407984,5424,492049,21469,900033,California
Orange,2021-03-24,29429,1395238,16486,733062,12013,633666,930,28510,22033,423668,7284,499333,22968,923001,California
Orange,2021-03-25,32691,1427929,17382,750444,14591,648257,718,29228,24291,440392,8289,507622,25013,948014,California
Orange,2021-03-26,35098,1463027,18237,768681,15994,664251,867,30095,24892,456083,10079,517701,25770,973784,California
Orange,2021-03-27,28644,1491671,13725,782406,14603,678854,316,30411,19813,467488,8727,526428,20132,993916,California
Orange,2021-03-28,24990,1516661,12998,795404,11924,690778,68,30479,18631,479926,6268,532696,18706,1012622,California
Orange,2021-03-29,26723,1543384,12259,807663,13895,704673,569,31048,17840,489573,8766,541462,18413,1031035,California
Orange,2021-03-30,31062,1574446,14061,821724,16363,721036,638,31686,20428,500106,10533,551995,21066,1052101,California
Orange,2021-03-31,37382,1611828,19607,841331,17049,738085,726,32412,23712,511014,13531,565526,24439,1076540,California
Orange,2021-04-01,40923,1652751,21485,862816,17484,755569,1954,34366,26258,524739,14472,579998,28197,1104737,California
Orange,2021-04-02,40439,1693190,20402,883218,18177,773746,1860,36226,22738,531770,17575,597573,24606,1129343,California
Orange,2021-04-03,30506,1723696,15794,899012,12933,786679,1779,38005,14366,531864,16045,613618,16139,1145482,California
Orange,2021-04-04,18519,1742215,10748,909760,6996,793675,775,38780,8161,530504,10292,623910,8932,1154414,California
Orange,2021-04-05,30275,1772490,14155,923915,12688,806363,3432,42212,13850,531457,16321,640231,17274,1171688,California
Orange,2021-04-06,33650,1806140,15754,939669,14438,820801,3458,45670,14424,530199,19116,659347,17858,1189546,California
Orange,2021-04-07,36455,1842595,20259,959928,11533,832334,4663,50333,16042,530554,20313,679660,20668,1210214,California
Orange,2021-04-08,39499,1882094,21838,981766,12098,844432,5563,55896,19097,534902,20272,699932,24620,1234834,California
Orange,2021-04-09,41369,1923463,24064,1005830,12009,856441,5296,61192,18072,535052,23183,723115,23333,1258167,California
Orange,2021-04-10,34857,1958320,18391,1024221,12159,868600,4307,65499,14364,533309,20392,743507,18649,1276816,California
Orange,2021-04-11,25865,1984185,14650,1038871,7922,876522,3293,68792,9905,530589,15898,759405,13178,1289994,California
Orange,2021-04-12,30855,2015040,15583,1054454,11622,888144,3650,72442,12126,527704,18643,778048,15758,1305752,California
Orange,2021-04-13,32896,2047936,18522,1072976,14304,902448,70,72512,15301,525572,17505,795553,15373,1321125,California
Orange,2021-04-14,35074,2083010,20577,1093553,14461,916909,36,72548,15244,521155,19709,815262,15292,1336417,California
Orange,2021-04-15,40927,2123937,24929,1118482,15982,932891,16,72564,19043,518459,21751,837013,19055,1355472,California
Orange,2021-04-16,42154,2166091,24790,1143272,17334,950225,30,72594,19054,514599,22955,859968,19095,1374567,California
Orange,2021-04-17,30695,2196786,17408,1160680,13280,963505,7,72601,13468,511004,17076,877044,13481,1388048,California
Orange,2021-04-18,22330,2219116,13612,1174292,8718,972223,0,72601,8895,506544,13361,890405,8901,1396949,California
Orange,2021-04-19,33110,2252226,18297,1192589,14809,987032,4,72605,15238,504029,17763,908168,15248,1412197,California
Orange,2021-04-20,36634,2288860,19372,1211961,17255,1004287,7,72612,18238,503984,18296,926464,18251,1430448,California
Orange,2021-04-21,42523,2331383,24924,1236885,17590,1021877,9,72621,20181,502023,22158,948622,20197,1450645,California
Orange,2021-04-22,40160,2371543,21505,1258390,18644,1040521,11,72632,16730,495493,23279,971901,16749,1467394,California
Orange,2021-04-23,41106,2412649,21599,1279989,19499,1060020,8,72640,18405,491343,22572,994473,18422,1485816,California
Orange,2021-04-24,32140,2444789,16836,1296825,15272,1075292,32,72672,13487,486310,18555,1013028,13522,1499338,California
Orange,2021-04-25,23021,2467810,12999,1309824,10007,1085299,15,72687,9834,483052,13114,1026142,9856,1509194,California
Orange,2021-04-26,29304,2497114,14542,1324366,14563,1099862,199,72886,12691,479456,16489,1042631,12893,1522087,California
Orange,2021-04-27,31586,2528700,14980,1339346,15974,1115836,632,73518,11971,472631,19435,1062066,12610,1534697,California
Orange,2021-04-28,31481,2560181,15989,1355335,14606,1130442,886,74404,12648,467471,18693,1080759,13533,1548230,California
Orange,2021-04-29,32531,2592712,17967,1373302,13593,1144035,971,75375,11588,459206,20816,1101575,12551,1560781,California
Orange,2021-04-30,30447,2623159,17550,1390852,11951,1155986,946,76321,13012,455838,17316,1118891,13948,1574729,California
Orange,2021-05-01,23069,2646228,15803,1406655,6275,1162261,991,77312,8797,451472,14144,1133035,9778,1584507,California
Orange,2021-05-02,15458,2661686,10300,1416955,4514,1166775,644,77956,5385,447494,10001,1143036,6023,1590530,California
Orange,2021-05-03,20728,2682414,12663,1429618,7301,1174076,764,78720,6514,440656,14114,1157150,7276,1597806,California
Orange,2021-05-04,24219,2706633,14008,1443626,9290,1183366,921,79641,8268,434001,15830,1172980,9175,1606981,California
Orange,2021-05-05,25459,2732092,14459,1458085,10103,1193469,897,80538,8192,425964,17126,1190106,9089,1616070,California
Orange,2021-05-06,26895,2758987,16409,1474494,9484,1202953,1002,81540,7398,415001,19356,1209462,8393,1624463,California
Orange,2021-05-07,29402,2788389,17806,1492300,10542,1213495,1054,82594,8178,403230,20997,1230459,9226,1633689,California
Orange,2021-05-08,19172,2807561,12822,1505122,5549,1219044,801,83395,5552,396084,13490,1243949,6344,1640033,California
Orange,2021-05-09,11138,2818699,8502,1513624,2261,1221305,375,83770,2802,390974,8287,1252236,3177,1643210,California
Orange,2021-05-10,19517,2838216,12027,1525651,6708,1228013,782,84552,4309,380956,15110,1267346,5092,1648302,California
Orange,2021-05-11,22742,2860958,12859,1538510,9145,1237158,738,85290,5393,369840,17240,1284586,6124,1654426,California
Orange,2021-05-12,24095,2885053,14992,1553502,8267,1245425,836,86126,6539,359796,17416,1302002,7372,1661798,California
Orange,2021-05-13,22139,2907192,13735,1567237,7795,1253220,609,86735,8158,354701,13864,1315866,8769,1670567,California
Orange,2021-05-14,26873,2934065,17783,1585020,8238,1261458,852,87587,10470,349737,16257,1332123,11293,1681860,California
Orange,2021-05-15,20479,2954544,14794,1599814,5134,1266592,551,88138,8309,346495,12095,1344218,8853,1690713,California
Orange,2021-05-16,15586,2970130,12855,1612669,2392,1268984,339,88477,6709,344729,8812,1353030,7046,1697759,California
Orange,2021-05-17,19588,2989718,12874,1625543,6013,1274997,701,89178,6916,339729,12603,1365633,7603,1705362,California
Orange,2021-05-18,20633,3010351,12031,1637574,7931,1282928,671,89849,8009,335874,12526,1378159,8671,1714033,California
Orange,2021-05-19,22566,3032917,12920,1650494,8972,1291900,674,90523,7709,329513,14735,1392894,8374,1722407,California
Orange,2021-05-20,22603,3055520,13267,1663761,8668,1300568,668,91191,7736,323162,14752,1407646,8401,1730808,California
Orange,2021-05-21,25800,3081320,14855,1678616,10220,1310788,725,91916,8283,314774,17391,1425037,9003,1739811,California
Orange,2021-05-22,18322,3099642,12202,1690818,5572,1316360,548,92464,6973,311042,11254,1436291,7522,1747333,California
Orange,2021-05-23,10057,3109699,6951,1697769,2832,1319192,274,92738,3532,308367,6480,1442771,3805,1751138,California
Orange,2021-05-24,15698,3125397,9339,1707108,5735,1324927,624,93362,5793,304968,9809,1452580,6410,1757548,California
Orange,2021-05-25,15660,3141057,9223,1716331,5913,1330840,524,93886,5571,301085,9973,1462553,6090,1763638,California
Orange,2021-05-26,15262,3156319,8566,1724897,6196,1337036,500,94386,5620,297645,9550,1472103,6110,1769748,California
Orange,2021-05-27,14415,3170734,8679,1733576,5192,1342228,544,94930,6292,296427,8046,1480149,6828,1776576,California
Orange,2021-05-28,16830,3187564,9924,1743500,6277,1348505,629,95559,7369,295050,9363,1489512,7986,1784562,California
Orange,2021-05-29,9014,3196578,5283,1748783,3372,1351877,359,95918,4077,294600,4880,1494392,4430,1788992,California
Orange,2021-05-30,6038,3202616,3919,1752702,1838,1353715,281,96199,2172,293219,3829,1498221,2448,1791440,California
Orange,2021-05-31,1700,3204316,1054,1753756,599,1354314,47,96246,521,292629,1157,1499378,567,1792007,California
Orange,2021-06-01,13413,3217729,7790,1761546,5132,1359446,491,96737,4984,289779,8317,1507695,5467,1797474,California
Orange,2021-06-02,13032,3230761,8076,1769622,4539,1363985,417,97154,4456,286221,8424,1516119,4866,1802340,California
Orange,2021-06-03,12906,3243667,8916,1778538,3536,1367521,454,97608,4394,282615,8449,1524568,4843,1807183,California
Orange,2021-06-04,17174,3260841,12181,1790719,4414,1371935,579,98187,5236,276576,11851,1536419,5812,1812995,California
Orange,2021-06-05,12940,3273781,9766,1800485,2792,1374727,382,98569,3819,271711,9062,1545481,4197,1817192,California
Orange,2021-06-06,5371,3279152,4565,1805050,604,1375331,202,98771,1812,270188,3537,1549018,2014,1819206,California
Orange,2021-06-07,10792,3289944,7634,1812684,2693,1378024,465,99236,3303,266534,7415,1556433,3761,1822967,California
Orange,2021-06-08,12207,3302151,8793,1821477,2905,1380929,509,99745,3772,262473,8343,1564776,4282,1827249,California
Orange,2021-06-09,11756,3313907,8138,1829615,3161,1384090,457,100202,3299,257853,8371,1573147,3751,1831000,California
Orange,2021-06-10,11616,3325523,8459,1838074,2692,1386782,465,100667,3402,253561,8154,1581301,3862,1834862,California
Orange,2021-06-11,13305,3338828,9366,1847440,3443,1390225,496,101163,4281,249399,8934,1590235,4772,1839634,California
Orange,2021-06-12,9810,3348638,7513,1854953,1980,1392205,317,101480,3005,245971,6750,1596985,3322,1842956,California
Orange,2021-06-13,4056,3352694,2957,1857910,935,1393140,164,101644,1012,244138,3010,1599995,1177,1844133,California
Orange,2021-06-14,9852,3362546,7188,1865098,2206,1395346,458,102102,3252,241299,6547,1606542,3708,1847841,California
Orange,2021-06-15,10198,3372744,7345,1872443,2421,1397767,432,102534,3560,238724,6563,1613105,3988,1851829,California
Orange,2021-06-16,9559,3382303,6871,1879314,2221,1399988,467,103001,3269,236222,6233,1619338,3731,1855560,California
Orange,2021-06-17,9378,3391681,7089,1886403,1922,1401910,367,103368,3335,233943,5980,1625318,3701,1859261,California
Orange,2021-06-18,11228,3402909,8205,1894608,2526,1404436,497,103865,3887,231062,7263,1632581,4382,1863643,California
Orange,2021-06-19,6323,3409232,4707,1899315,1372,1405808,244,104109,2615,230266,3658,1636239,2862,1866505,California
Orange,2021-06-20,3071,3412303,2382,1901697,595,1406403,94,104203,1033,229368,2025,1638264,1127,1867632,California
Orange,2021-06-21,6690,3418993,4595,1906292,1658,1408061,437,104640,3589,230325,3070,1641334,4027,1871659,California
Orange,2021-06-22,7725,3426718,5718,1912010,1654,1409715,353,104993,2941,228903,4717,1646051,3295,1874954,California
Orange,2021-06-23,7369,3434087,5551,1917561,1512,1411227,306,105299,2999,227884,4322,1650373,3303,1878257,California
Orange,2021-06-24,7191,3441278,5401,1922962,1423,1412650,367,105666,3067,227230,4087,1654460,3433,1881690,California
Orange,2021-06-25,8584,3449862,6259,1929221,1944,1414594,381,106047,3345,225759,5191,1659651,3720,1885410,California
Orange,2021-06-26,5885,3455747,4520,1933741,1138,1415732,227,106274,2477,225098,3365,1663016,2704,1888114,California
Orange,2021-06-27,3442,3459189,2791,1936532,539,1416271,112,106386,1485,224761,1935,1664951,1598,1889712,California
Orange,2021-06-28,6248,3465437,5067,1941599,843,1417114,338,106724,2782,224465,3415,1668366,3119,1892831,California
Orange,2021-06-29,6281,3471718,4642,1946241,1398,1418512,241,106965,2596,223665,3638,1672004,2838,1895669,California
Orange,2021-06-30,5982,3477700,4342,1950583,1394,1419906,246,107211,2684,223346,3248,1675252,2929,1898598,California
Orange,2021-07-01,3965,3481665,3037,1953620,770,1420676,158,107369,1764,223103,2165,1677417,1922,1900520,California
Placer,2020-12-15,30,30,30,30,0,0,0,0,30,30,0,0,30,30,California
Placer,2020-12-16,56,86,56,86,0,0,0,0,56,86,0,0,56,86,California
Placer,2020-12-17,148,234,148,234,0,0,0,0,148,234,0,0,148,234,California
Placer,2020-12-18,427,661,427,661,0,0,0,0,427,661,0,0,427,661,California
Placer,2020-12-19,253,914,253,914,0,0,0,0,253,914,0,0,253,914,California
Placer,2020-12-20,234,1148,234,1148,0,0,0,0,234,1148,0,0,234,1148,California
Placer,2020-12-21,501,1649,499,1647,2,2,0,0,501,1649,0,0,501,1649,California
Placer,2020-12-22,681,2330,674,2321,7,9,0,0,681,2330,0,0,681,2330,California
Placer,2020-12-23,760,3090,671,2992,89,98,0,0,760,3090,0,0,760,3090,California
Placer,2020-12-24,411,3501,357,3349,54,152,0,0,411,3501,0,0,411,3501,California
Placer,2020-12-26,161,3662,116,3465,45,197,0,0,161,3662,0,0,161,3662,California
Placer,2020-12-27,183,3845,161,3626,22,219,0,0,183,3845,0,0,183,3845,California
Placer,2020-12-28,672,4517,545,4171,127,346,0,0,672,4517,0,0,672,4517,California
Placer,2020-12-29,770,5287,517,4688,253,599,0,0,770,5287,0,0,770,5287,California
Placer,2020-12-30,736,6023,461,5149,275,874,0,0,734,6021,0,0,734,6021,California
Placer,2020-12-31,548,6571,360,5509,188,1062,0,0,548,6569,0,0,548,6569,California
Placer,2021-01-01,17,6588,12,5521,5,1067,0,0,17,6586,0,0,17,6586,California
Placer,2021-01-02,188,6776,156,5677,32,1099,0,0,188,6774,0,0,188,6774,California
Placer,2021-01-03,155,6931,80,5757,75,1174,0,0,155,6929,0,0,155,6929,California
Placer,2021-01-04,624,7555,181,5938,443,1617,0,0,624,7553,0,0,624,7553,California
Placer,2021-01-05,737,8292,160,6098,577,2194,0,0,648,8114,88,88,649,8202,California
Placer,2021-01-06,763,9055,246,6344,517,2711,0,0,612,8575,151,239,612,8814,California
Placer,2021-01-07,991,10046,369,6713,622,3333,0,0,764,9112,227,466,764,9578,California
Placer,2021-01-08,1192,11238,533,7246,659,3992,0,0,799,9521,390,856,799,10377,California
Placer,2021-01-09,456,11694,321,7567,135,4127,0,0,239,9544,216,1072,239,10616,California
Placer,2021-01-10,334,12028,187,7754,147,4274,0,0,166,9542,168,1240,166,10782,California
Placer,2021-01-11,1440,13468,816,8570,624,4898,0,0,844,9791,596,1836,845,11627,California
Placer,2021-01-12,1677,15145,894,9464,783,5681,0,0,1063,10241,613,2449,1063,12690,California
Placer,2021-01-13,1660,16805,839,10303,821,6502,0,0,1227,11040,431,2880,1230,13920,California
Placer,2021-01-14,1826,18631,679,10982,1147,7649,0,0,1451,12120,372,3252,1452,15372,California
Placer,2021-01-15,1955,20586,731,11713,1224,8873,0,0,1601,13369,353,3605,1602,16974,California
Placer,2021-01-16,1511,22097,717,12430,794,9667,0,0,1389,14637,122,3727,1390,18364,California
Placer,2021-01-17,575,22672,400,12830,175,9842,0,0,436,14935,138,3865,436,18800,California
Placer,2021-01-18,986,23658,544,13374,442,10284,0,0,751,15452,235,4100,752,19552,California
Placer,2021-01-19,2635,26293,1969,15343,666,10950,0,0,2180,17178,455,4555,2181,21733,California
Placer,2021-01-20,2347,28640,1769,17112,578,11528,0,0,2007,18846,340,4895,2008,23741,California
Placer,2021-01-21,2592,31232,1139,18251,1453,12981,0,0,2186,20629,404,5299,2187,25928,California
Placer,2021-01-22,2354,33586,633,18884,1721,14702,0,0,2175,22628,177,5476,2176,28104,California
Placer,2021-01-23,1206,34792,388,19272,818,15520,0,0,1046,23515,159,5635,1046,29150,California
Placer,2021-01-24,522,35314,274,19546,248,15768,0,0,440,23874,82,5717,441,29591,California
Placer,2021-01-25,1686,37000,807,20353,879,16647,0,0,1390,24969,296,6013,1391,30982,California
Placer,2021-01-26,1888,38888,1048,21401,840,17487,0,0,1616,26313,272,6285,1616,32598,California
Placer,2021-01-27,1865,40753,1171,22572,694,18181,0,0,1614,27679,249,6534,1615,34213,California
Placer,2021-01-28,1821,42574,1124,23696,697,18878,0,0,1570,29000,249,6783,1570,35783,California
Placer,2021-01-29,1935,44509,1181,24877,754,19632,0,0,1732,30531,202,6985,1733,37516,California
Placer,2021-01-30,1747,46256,972,25849,775,20407,0,0,1626,32037,120,7105,1626,39142,California
Placer,2021-01-31,787,47043,626,26475,161,20568,0,0,716,32682,71,7176,716,39858,California
Placer,2021-02-01,2093,49136,1103,27578,990,21558,0,0,1773,34136,319,7495,1773,41631,California
Placer,2021-02-02,2416,51552,1554,29132,862,22420,0,0,1908,35539,505,8000,1908,43539,California
Placer,2021-02-03,2933,54485,1884,31016,1049,23469,0,0,2299,37208,630,8630,2299,45838,California
Placer,2021-02-04,2784,57269,1192,32208,1592,25061,0,0,1944,38317,836,9466,1945,47783,California
Placer,2021-02-05,2813,60082,1281,33489,1532,26593,0,0,1433,38394,1356,10822,1433,49216,California
Placer,2021-02-06,1998,62080,1334,34823,664,27257,0,0,1444,39285,553,11375,1444,50660,California
Placer,2021-02-07,1228,63308,913,35736,315,27572,0,0,936,39930,291,11666,936,51596,California
Placer,2021-02-08,3300,66608,1757,37493,1543,29115,0,0,1956,40569,1318,12984,1957,53553,California
Placer,2021-02-09,3579,70187,2194,39687,1385,30500,0,0,1652,40298,1923,14907,1652,55205,California
Placer,2021-02-10,3789,73976,2217,41904,1572,32072,0,0,1717,39949,2068,16975,1719,56924,California
Placer,2021-02-11,3734,77710,1924,43828,1810,33882,0,0,1582,39396,2136,19111,1583,58507,California
Placer,2021-02-12,2889,80599,1347,45175,1542,35424,0,0,1679,39903,1173,20284,1680,60187,California
Placer,2021-02-13,2627,83226,1472,46647,1155,36579,0,0,1933,41142,694,20978,1933,62120,California
Placer,2021-02-14,1096,84322,686,47333,410,36989,0,0,740,41528,354,21332,740,62860,California
Placer,2021-02-15,2265,86587,1050,48383,1215,38204,0,0,1553,42370,712,22044,1554,64414,California
Placer,2021-02-16,3612,90199,1806,50189,1806,40010,0,0,1604,41976,1999,24043,1605,66019,California
Placer,2021-02-17,3576,93775,1987,52176,1589,41599,0,0,1521,41446,2051,26094,1521,67540,California
Placer,2021-02-18,3852,97627,2080,54256,1772,43371,0,0,1640,40886,2201,28295,1641,69181,California
Placer,2021-02-19,3659,101286,1966,56222,1693,45064,0,0,1363,39964,2286,30581,1364,70545,California
Placer,2021-02-20,2106,103392,1307,57529,799,45863,0,0,942,39754,1156,31737,946,71491,California
Placer,2021-02-21,1180,104572,774,58303,406,46269,0,0,427,39431,751,32488,428,71919,California
Placer,2021-02-22,2606,107178,1827,60130,779,47048,0,0,615,38059,1987,34475,615,72534,California
Placer,2021-02-23,2700,109878,1649,61779,1051,48099,0,0,914,37188,1785,36260,914,73448,California
Placer,2021-02-24,3378,113256,1212,62991,2166,50265,0,0,1831,37486,1535,37795,1833,75281,California
Placer,2021-02-25,3749,117005,1549,64540,2200,52465,0,0,2051,37851,1689,39484,2054,77335,California
Placer,2021-02-26,4278,121283,2458,66998,1820,54285,0,0,2466,38512,1806,41290,2467,79802,California
Placer,2021-02-27,2932,124215,1536,68534,1396,55681,0,0,1513,38613,1414,42704,1515,81317,California
Placer,2021-02-28,1620,125835,879,69413,740,56421,1,1,741,38482,873,43577,742,82059,California
Placer,2021-03-01,3216,129051,2139,71552,1077,57498,0,1,1637,38548,1571,45148,1637,83696,California
Placer,2021-03-02,2929,131980,1804,73356,1125,58623,0,1,1908,39448,1008,46156,1908,85604,California
Placer,2021-03-03,3400,135380,1483,74839,1916,60539,1,2,1860,39778,1532,47688,1862,87466,California
Placer,2021-03-04,3653,139033,1468,76307,2185,62724,0,2,1897,39932,1744,49432,1898,89364,California
Placer,2021-03-05,3022,142055,1038,77345,1963,64687,21,23,1817,40570,1200,50632,1838,91202,California
Placer,2021-03-06,2446,144501,1512,78857,839,65526,95,118,941,40109,1497,52129,1036,92238,California
Placer,2021-03-07,1351,145852,774,79631,538,66064,39,157,548,39897,799,52928,587,92825,California
Placer,2021-03-08,2941,148793,1849,81480,979,67043,113,270,1662,40397,1275,54203,1775,94600,California
Placer,2021-03-09,3212,152005,1709,83189,1412,68455,91,361,1842,40963,1367,55570,1933,96533,California
Placer,2021-03-10,3318,155323,1341,84530,1871,70326,106,467,1728,41212,1585,57155,1834,98367,California
Placer,2021-03-11,3685,159008,1682,86212,1877,72203,126,593,1755,41177,1918,59073,1883,100250,California
Placer,2021-03-12,3711,162719,1498,87710,1433,73636,780,1373,1252,40763,2447,61520,2033,102283,California
Placer,2021-03-13,2220,164939,752,88462,1344,74980,124,1497,1185,41040,1031,62551,1308,103591,California
Placer,2021-03-14,1708,166647,685,89147,874,75854,149,1646,894,41271,812,63363,1043,104634,California
Placer,2021-03-15,3232,169879,1552,90699,1550,77404,130,1776,1775,41724,1453,64816,1906,106540,California
Placer,2021-03-16,3641,173520,1964,92663,1542,78946,135,1911,2313,42855,1317,66133,2448,108988,California
Placer,2021-03-17,3477,176997,1752,94415,1621,80567,104,2015,2233,43953,1240,67373,2338,111326,California
Placer,2021-03-18,4127,181124,2341,96756,1747,82314,39,2054,2866,45605,1252,68625,2904,114230,California
Placer,2021-03-19,3477,184601,2082,98838,1126,83440,269,2323,2162,46729,1304,69929,2428,116658,California
Placer,2021-03-20,2201,186802,909,99747,1193,84633,99,2422,1344,47319,852,70781,1442,118100,California
Placer,2021-03-21,1279,188081,588,100335,681,85314,10,2432,794,47642,481,71262,804,118904,California
Placer,2021-03-22,3330,191411,2133,102468,1106,86420,91,2523,2159,48725,1167,72429,2250,121154,California
Placer,2021-03-23,3593,195004,2125,104593,1380,87800,88,2611,2564,50355,1023,73452,2653,123807,California
Placer,2021-03-24,3814,198818,2008,106601,1709,89509,97,2708,1914,50490,1877,75329,2012,125819,California
Placer,2021-03-25,3878,202696,1870,108471,1907,91416,101,2809,1714,50153,2151,77480,1814,127633,California
Placer,2021-03-26,3796,206492,1679,110150,1885,93301,232,3041,1520,49646,2259,79739,1752,129385,California
Placer,2021-03-27,1640,208132,482,110632,1138,94439,20,3061,638,49308,995,80734,657,130042,California
Placer,2021-03-28,1133,209265,530,111162,593,95032,10,3071,300,48802,816,81550,310,130352,California
Placer,2021-03-29,3582,212847,1998,113160,1548,96580,36,3107,1729,48728,1842,83392,1768,132120,California
Placer,2021-03-30,3986,216833,2095,115255,1847,98427,44,3151,2079,48956,1893,85285,2121,134241,California
Placer,2021-03-31,4125,220958,1839,117094,2211,100638,75,3226,1690,48292,2427,87712,1763,136004,California
Placer,2021-04-01,3009,223967,1447,118541,1514,102152,48,3274,1670,48680,1330,89042,1718,137722,California
Placer,2021-04-02,2855,226822,1457,119998,1331,103483,67,3341,1604,49104,1244,90286,1668,139390,California
Placer,2021-04-03,1866,228688,997,120995,740,104223,129,3470,895,49163,963,91249,1022,140412,California
Placer,2021-04-04,717,229405,368,121363,296,104519,53,3523,287,49078,425,91674,340,140752,California
Placer,2021-04-05,3024,232429,1913,123276,925,105444,186,3709,1754,49754,1264,92938,1940,142692,California
Placer,2021-04-06,4319,236748,2496,125772,1520,106964,303,4012,1534,48814,2776,95714,1836,144528,California
Placer,2021-04-07,4570,241318,2607,128379,1499,108463,464,4476,2083,48877,2480,98194,2543,147071,California
Placer,2021-04-08,4741,246059,2616,130995,1581,110044,544,5020,1587,47867,3141,101335,2131,149202,California
Placer,2021-04-09,4159,250218,2280,133275,1253,111297,626,5646,1248,46840,2902,104237,1875,151077,California
Placer,2021-04-10,2114,252332,886,134161,1044,112341,184,5830,919,46750,1192,105429,1102,152179,California
Placer,2021-04-11,1394,253726,536,134697,825,113166,33,5863,445,46283,944,106373,477,152656,California
Placer,2021-04-12,4141,257867,2664,137361,1089,114255,388,6251,2471,47482,1660,108033,2859,155515,California
Placer,2021-04-13,4373,262240,3008,140369,1364,115619,1,6252,2189,47496,2177,110210,2191,157706,California
Placer,2021-04-14,4181,266421,2595,142964,1585,117204,1,6253,1859,47044,2311,112521,1859,159565,California
Placer,2021-04-15,4528,270949,2521,145485,2006,119210,1,6254,2360,47247,2158,114679,2361,161926,California
Placer,2021-04-16,3715,274664,2201,147686,1514,120724,0,6254,1449,46437,2259,116938,1449,163375,California
Placer,2021-04-17,2643,277307,855,148541,1788,122512,0,6254,1728,47256,909,117847,1728,165103,California
Placer,2021-04-18,1273,278580,302,148843,971,123483,0,6254,441,46867,830,118677,441,165544,California
Placer,2021-04-19,2970,281550,1830,150673,1140,124623,0,6254,1169,46241,1796,120473,1170,166714,California
Placer,2021-04-20,3916,285466,2561,153234,1355,125978,0,6254,2452,47239,1454,121927,2452,169166,California
Placer,2021-04-21,3821,289287,2537,155771,1283,127261,1,6255,2485,48394,1331,123258,2486,171652,California
Placer,2021-04-22,3748,293035,2335,158106,1413,128674,0,6255,1794,48240,1948,125206,1794,173446,California
Placer,2021-04-23,3583,296618,2382,160488,1200,129874,1,6256,1404,47473,2172,127378,1405,174851,California
Placer,2021-04-24,2095,298713,1272,161760,822,130696,1,6257,1224,47836,861,128239,1224,176075,California
Placer,2021-04-25,932,299645,500,162260,432,131128,0,6257,554,48013,378,128617,555,176630,California
Placer,2021-04-26,2516,302161,1361,163621,1131,132259,24,6281,1213,47955,1294,129911,1236,177866,California
Placer,2021-04-27,2796,304957,1482,165103,1265,133524,49,6330,1586,48386,1206,131117,1637,179503,California
Placer,2021-04-28,3060,308017,1915,167018,1109,134633,36,6366,1613,48599,1437,132554,1650,181153,California
Placer,2021-04-29,3441,311458,2246,169264,1141,135774,54,6420,1452,48122,1983,134537,1506,182659,California
Placer,2021-04-30,3043,314501,1849,171113,1145,136919,49,6469,1223,47581,1814,136351,1273,183932,California
Placer,2021-05-01,1339,315840,935,172048,379,137298,25,6494,612,47497,720,137071,636,184568,California
Placer,2021-05-02,736,316576,572,172620,142,137440,22,6516,332,47449,402,137473,354,184922,California
Placer,2021-05-03,1621,318197,1001,173621,553,137993,67,6583,442,46782,1175,138648,508,185430,California
Placer,2021-05-04,2367,320564,1357,174978,844,138837,166,6749,878,46344,1482,140130,1044,186474,California
Placer,2021-05-05,3733,324297,2536,177514,1092,139929,105,6854,979,44685,2743,142873,1084,187558,California
Placer,2021-05-06,3114,327411,1910,179424,1128,141057,76,6930,818,43309,2270,145143,894,188452,California
Placer,2021-05-07,2836,330247,1913,181337,830,141887,93,7023,799,42176,2025,147168,892,189344,California
Placer,2021-05-08,1411,331658,737,182074,631,142518,43,7066,412,41633,998,148166,455,189799,California
Placer,2021-05-09,452,332110,221,182295,210,142728,21,7087,209,41620,243,148409,230,190029,California
Placer,2021-05-10,1928,334038,1032,183327,800,143528,96,7183,423,40639,1500,149909,519,190548,California
Placer,2021-05-11,3041,337079,2203,185530,720,144248,118,7301,657,39041,2373,152282,775,191323,California
Placer,2021-05-12,2887,339966,2002,187532,828,145076,57,7358,683,37587,2196,154478,742,192065,California
Placer,2021-05-13,2871,342837,1855,189387,968,146044,48,7406,1010,36785,1859,156337,1057,193122,California
Placer,2021-05-14,2849,345686,1872,191259,841,146885,136,7542,1373,36827,1461,157798,1503,194625,California
Placer,2021-05-15,2105,347791,1366,192625,715,147600,24,7566,934,36621,1164,158962,958,195583,California
Placer,2021-05-16,1193,348984,530,193155,644,148244,19,7585,343,36135,848,159810,362,195945,California
Placer,2021-05-17,2358,351342,1569,194724,713,148957,76,7661,1015,35887,1339,161149,1091,197036,California
Placer,2021-05-18,2511,353853,1683,196407,748,149705,80,7741,1127,35713,1380,162529,1206,198242,California
Placer,2021-05-19,2543,356396,1595,198002,902,150607,46,7787,874,34969,1664,164193,920,199162,California
Placer,2021-05-20,2543,358939,1651,199653,844,151451,48,7835,863,34210,1671,165864,912,200074,California
Placer,2021-05-21,2448,361387,1530,201183,773,152224,145,7980,1054,34021,1386,167250,1197,201271,California
Placer,2021-05-22,1611,362998,1059,202242,510,152734,42,8022,763,33984,843,168093,806,202077,California
Placer,2021-05-23,637,363635,357,202599,264,152998,16,8038,279,33922,358,168451,296,202373,California
Placer,2021-05-24,1514,365149,771,203370,606,153604,137,8175,447,33441,1065,169516,584,202957,California
Placer,2021-05-25,1796,366945,945,204315,751,154355,100,8275,641,33034,1148,170664,741,203698,California
Placer,2021-05-26,1586,368531,909,205224,638,154993,39,8314,613,32719,968,171632,653,204351,California
Placer,2021-05-27,1462,369993,721,205945,696,155689,45,8359,661,32632,793,172425,706,205057,California
Placer,2021-05-28,1705,371698,857,206802,751,156440,97,8456,725,32480,974,173399,822,205879,California
Placer,2021-05-29,750,372448,405,207207,314,156754,31,8487,378,32520,368,173767,408,206287,California
Placer,2021-05-30,342,372790,230,207437,98,156852,14,8501,210,32613,131,173898,224,206511,California
Placer,2021-05-31,147,372937,70,207507,60,156912,17,8518,30,32543,116,174014,46,206557,California
Placer,2021-06-01,1678,374615,883,208390,722,157634,73,8591,591,32124,1082,175096,663,207220,California
Placer,2021-06-02,1508,376123,761,209151,680,158314,67,8658,488,31660,1019,176115,555,207775,California
Placer,2021-06-03,1700,377823,1031,210182,610,158924,59,8717,429,30882,1265,177380,487,208262,California
Placer,2021-06-04,1860,379683,1318,211500,488,159412,54,8771,457,29997,1394,178774,509,208771,California
Placer,2021-06-05,1088,380771,770,212270,277,159689,41,8812,267,29488,817,179591,308,209079,California
Placer,2021-06-06,500,381271,361,212631,122,159811,17,8829,124,29254,375,179966,141,209220,California
Placer,2021-06-07,1049,382320,717,213348,260,160071,72,8901,224,28726,822,180788,294,209514,California
Placer,2021-06-08,1729,384049,1317,214665,363,160434,49,8950,433,27914,1293,182081,481,209995,California
Placer,2021-06-09,1169,385218,848,215513,269,160703,52,9002,256,27313,910,182991,309,210304,California
Placer,2021-06-10,1254,386472,865,216378,314,161017,75,9077,314,26763,937,183928,387,210691,California
Placer,2021-06-11,1488,387960,1073,217451,356,161373,59,9136,341,26020,1142,185070,399,211090,California
Placer,2021-06-12,1018,388978,755,218206,237,161610,26,9162,221,25472,795,185865,247,211337,California
Placer,2021-06-13,394,389372,303,218509,80,161690,11,9173,92,25274,301,186166,103,211440,California
Placer,2021-06-14,769,390141,524,219033,199,161889,46,9219,223,24999,542,186708,267,211707,California
Placer,2021-06-15,1290,391431,860,219893,367,162256,63,9282,423,24621,863,187571,485,212192,California
Placer,2021-06-16,1035,392466,749,220642,231,162487,55,9337,332,24305,702,188273,386,212578,California
Placer,2021-06-17,879,393345,607,221249,235,162722,37,9374,275,24017,600,188873,312,212890,California
Placer,2021-06-18,1154,394499,762,222011,303,163025,89,9463,378,23709,775,189648,467,213357,California
Placer,2021-06-19,608,395107,437,222448,138,163163,33,9496,237,23611,367,190015,269,213626,California
Placer,2021-06-20,282,395389,231,222679,43,163206,8,9504,106,23550,174,190189,113,213739,California
Placer,2021-06-21,492,395881,288,222967,166,163372,38,9542,234,23564,258,190447,272,214011,California
Placer,2021-06-22,881,396762,623,223590,204,163576,54,9596,264,23272,610,191057,318,214329,California
Placer,2021-06-23,842,397604,610,224200,185,163761,47,9643,386,23250,455,191512,433,214762,California
Placer,2021-06-24,820,398424,515,224715,258,164019,47,9690,312,23104,505,192017,359,215121,California
Placer,2021-06-25,936,399360,665,225380,218,164237,53,9743,386,23000,543,192560,439,215560,California
Placer,2021-06-26,540,399900,390,225770,120,164357,30,9773,238,22968,300,192860,268,215828,California
Placer,2021-06-27,249,400149,181,225951,57,164414,11,9784,117,22964,131,192991,127,215955,California
Placer,2021-06-28,489,400638,362,226313,83,164497,44,9828,209,22938,279,193270,253,216208,California
Placer,2021-06-29,828,401466,583,226896,199,164696,46,9874,321,22799,506,193776,367,216575,California
Placer,2021-06-30,592,402058,415,227311,137,164833,40,9914,257,22762,334,194110,297,216872,California
Placer,2021-07-01,431,402489,288,227599,105,164938,38,9952,176,22723,253,194363,214,217086,California
Plumas,2020-12-18,3,3,3,3,0,0,0,0,3,3,0,0,3,3,California
Plumas,2020-12-19,1,4,1,4,0,0,0,0,1,4,0,0,1,4,California
Plumas,2020-12-21,45,49,45,49,0,0,0,0,45,49,0,0,45,49,California
Plumas,2020-12-22,92,141,92,141,0,0,0,0,92,141,0,0,92,141,California
Plumas,2020-12-23,50,191,50,191,0,0,0,0,50,191,0,0,50,191,California
Plumas,2020-12-24,6,197,6,197,0,0,0,0,6,197,0,0,6,197,California
Plumas,2020-12-28,8,205,0,197,8,8,0,0,8,205,0,0,8,205,California
Plumas,2020-12-29,32,237,22,219,10,18,0,0,32,237,0,0,32,237,California
Plumas,2020-12-30,23,260,1,220,22,40,0,0,23,260,0,0,23,260,California
Plumas,2020-12-31,4,264,1,221,3,43,0,0,4,264,0,0,4,264,California
Plumas,2021-01-01,1,265,0,221,1,44,0,0,1,265,0,0,1,265,California
Plumas,2021-01-02,1,266,0,221,1,45,0,0,1,266,0,0,1,266,California
Plumas,2021-01-04,10,276,4,225,6,51,0,0,10,276,0,0,10,276,California
Plumas,2021-01-05,22,298,2,227,20,71,0,0,22,298,0,0,22,298,California
Plumas,2021-01-06,123,421,5,232,118,189,0,0,123,421,0,0,123,421,California
Plumas,2021-01-07,53,474,2,234,51,240,0,0,52,472,1,1,52,473,California
Plumas,2021-01-08,11,485,4,238,7,247,0,0,8,477,3,4,8,481,California
Plumas,2021-01-09,2,487,2,240,0,247,0,0,1,477,1,5,1,482,California
Plumas,2021-01-11,58,545,50,290,8,255,0,0,11,441,47,52,11,493,California
Plumas,2021-01-12,155,700,86,376,69,324,0,0,71,428,84,136,71,564,California
Plumas,2021-01-13,55,755,50,426,5,329,0,0,9,391,46,182,9,573,California
Plumas,2021-01-14,99,854,14,440,85,414,0,0,94,480,5,187,94,667,California
Plumas,2021-01-15,63,917,7,447,56,470,0,0,61,539,2,189,61,728,California
Plumas,2021-01-16,58,975,1,448,57,527,0,0,58,597,0,189,58,786,California
Plumas,2021-01-18,2,977,1,449,1,528,0,0,2,599,0,189,2,788,California
Plumas,2021-01-19,36,1013,5,454,31,559,0,0,32,627,4,193,32,820,California
Plumas,2021-01-20,122,1135,3,457,119,678,0,0,120,745,2,195,120,940,California
Plumas,2021-01-21,112,1247,2,459,110,788,0,0,112,857,0,195,112,1052,California
Plumas,2021-01-22,5,1252,1,460,4,792,0,0,5,862,0,195,5,1057,California
Plumas,2021-01-23,94,1346,2,462,92,884,0,0,94,956,0,195,94,1151,California
Plumas,2021-01-24,1,1347,1,463,0,884,0,0,1,957,0,195,1,1152,California
Plumas,2021-01-25,11,1358,8,471,3,887,0,0,8,962,3,198,8,1160,California
Plumas,2021-01-26,59,1417,2,473,57,944,0,0,51,1005,8,206,51,1211,California
Plumas,2021-01-27,26,1443,20,493,6,950,0,0,6,991,20,226,6,1217,California
Plumas,2021-01-28,24,1467,0,493,24,974,0,0,22,1011,2,228,22,1239,California
Plumas,2021-01-29,9,1476,3,496,6,980,0,0,8,1018,1,229,8,1247,California
Plumas,2021-01-30,11,1487,4,500,7,987,0,0,9,1025,2,231,9,1256,California
Plumas,2021-01-31,3,1490,3,503,0,987,0,0,3,1028,0,231,3,1259,California
Plumas,2021-02-01,22,1512,4,507,18,1005,0,0,14,1034,8,239,14,1273,California
Plumas,2021-02-02,24,1536,4,511,20,1025,0,0,4,1018,20,259,4,1277,California
Plumas,2021-02-03,129,1665,8,519,121,1146,0,0,14,918,114,373,14,1291,California
Plumas,2021-02-04,102,1767,8,527,94,1240,0,0,23,862,79,452,23,1314,California
Plumas,2021-02-05,25,1792,11,538,14,1254,0,0,10,857,15,467,10,1324,California
Plumas,2021-02-06,8,1800,1,539,7,1261,0,0,8,865,0,467,8,1332,California
Plumas,2021-02-08,14,1814,5,544,9,1270,0,0,2,855,12,479,2,1334,California
Plumas,2021-02-09,172,1986,2,546,170,1440,0,0,112,907,60,539,112,1446,California
Plumas,2021-02-10,88,2074,9,555,79,1519,0,0,80,980,8,547,81,1527,California
Plumas,2021-02-11,322,2396,6,561,316,1835,0,0,262,1182,60,607,262,1789,California
Plumas,2021-02-12,125,2521,4,565,121,1956,0,0,119,1295,6,613,119,1908,California
Plumas,2021-02-13,76,2597,6,571,70,2026,0,0,15,1249,61,674,15,1923,California
Plumas,2021-02-14,8,2605,5,576,3,2029,0,0,8,1257,0,674,8,1931,California
Plumas,2021-02-15,26,2631,5,581,21,2050,0,0,23,1277,3,677,23,1954,California
Plumas,2021-02-16,78,2709,4,585,74,2124,0,0,14,1227,64,741,14,1968,California
Plumas,2021-02-17,137,2846,5,590,132,2256,0,0,12,1114,125,866,12,1980,California
Plumas,2021-02-18,129,2975,6,596,123,2379,0,0,20,1026,109,975,21,2001,California
Plumas,2021-02-19,43,3018,6,602,37,2416,0,0,7,997,36,1011,7,2008,California
Plumas,2021-02-20,105,3123,7,609,98,2514,0,0,13,918,92,1103,13,2021,California
Plumas,2021-02-21,6,3129,5,614,1,2515,0,0,2,916,4,1107,2,2023,California
Plumas,2021-02-22,6,3135,3,617,3,2518,0,0,1,912,5,1112,1,2024,California
Plumas,2021-02-23,24,3159,5,622,19,2537,0,0,17,922,7,1119,17,2041,California
Plumas,2021-02-24,459,3618,8,630,451,2988,0,0,446,1355,13,1132,446,2487,California
Plumas,2021-02-25,234,3852,11,641,223,3211,0,0,170,1461,64,1196,170,2657,California
Plumas,2021-02-26,268,4120,9,650,259,3470,0,0,260,1714,8,1204,261,2918,California
Plumas,2021-02-27,42,4162,4,654,38,3508,0,0,35,1742,7,1211,35,2953,California
Plumas,2021-02-28,4,4166,0,654,4,3512,0,0,2,1742,2,1213,2,2955,California
Plumas,2021-03-01,22,4188,6,660,16,3528,0,0,12,1745,9,1222,12,2967,California
Plumas,2021-03-02,10,4198,0,660,10,3538,0,0,7,1750,2,1224,7,2974,California
Plumas,2021-03-03,156,4354,11,671,145,3683,0,0,139,1872,17,1241,139,3113,California
Plumas,2021-03-04,253,4607,9,680,244,3927,0,0,231,2081,22,1263,231,3344,California
Plumas,2021-03-05,399,5006,6,686,388,4315,5,5,387,2461,12,1275,392,3736,California
Plumas,2021-03-06,21,5027,2,688,11,4326,8,13,4,2456,17,1292,12,3748,California
Plumas,2021-03-07,13,5040,2,690,2,4328,9,22,3,2458,10,1302,12,3760,California
Plumas,2021-03-08,30,5070,3,693,3,4331,24,46,3,2459,27,1329,28,3788,California
Plumas,2021-03-09,133,5203,2,695,116,4447,15,61,18,2377,115,1444,33,3821,California
Plumas,2021-03-10,255,5458,3,698,238,4685,14,75,107,2351,147,1591,121,3942,California
Plumas,2021-03-11,177,5635,8,706,164,4849,5,80,142,2463,35,1626,147,4089,California
Plumas,2021-03-12,594,6229,4,710,303,5152,287,367,22,2200,572,2198,309,4398,California
Plumas,2021-03-13,28,6257,5,715,12,5164,11,378,7,2197,21,2219,18,4416,California
Plumas,2021-03-14,12,6269,3,718,4,5168,5,383,1,2193,10,2229,6,4422,California
Plumas,2021-03-15,32,6301,1,719,24,5192,7,390,6,2180,26,2255,13,4435,California
Plumas,2021-03-16,61,6362,3,722,57,5249,1,391,49,2219,11,2266,50,4485,California
Plumas,2021-03-17,76,6438,10,732,65,5314,1,392,59,2263,16,2282,60,4545,California
Plumas,2021-03-18,61,6499,7,739,38,5352,16,408,14,2246,47,2329,30,4575,California
Plumas,2021-03-19,165,6664,7,746,156,5508,2,410,155,2396,8,2337,158,4733,California
Plumas,2021-03-20,700,7364,4,750,695,6203,1,411,678,3055,20,2357,679,5412,California
Plumas,2021-03-21,2,7366,1,751,1,6204,0,411,1,3056,0,2357,1,5413,California
Plumas,2021-03-22,183,7549,2,753,181,6385,0,411,175,3224,7,2364,175,5588,California
Plumas,2021-03-23,28,7577,2,755,26,6411,0,411,14,3224,14,2378,14,5602,California
Plumas,2021-03-24,657,8234,6,761,650,7061,1,412,222,3015,434,2812,225,5827,California
Plumas,2021-03-25,309,8543,7,768,300,7361,2,414,165,3036,144,2956,165,5992,California
Plumas,2021-03-26,315,8858,9,777,306,7667,0,414,46,2814,268,3224,46,6038,California
Plumas,2021-03-27,14,8872,1,778,12,7679,1,415,3,2807,11,3235,4,6042,California
Plumas,2021-03-28,6,8878,3,781,2,7681,1,416,3,2808,3,3238,4,6046,California
Plumas,2021-03-29,12,8890,4,785,7,7688,1,417,4,2805,8,3246,5,6051,California
Plumas,2021-03-30,152,9042,3,788,148,7836,1,418,25,2704,127,3373,26,6077,California
Plumas,2021-03-31,297,9339,4,792,292,8128,1,419,272,2952,25,3398,273,6350,California
Plumas,2021-04-01,309,9648,12,804,296,8424,1,420,66,2778,240,3638,66,6416,California
Plumas,2021-04-02,377,10025,5,809,371,8795,1,421,31,2476,334,3972,32,6448,California
Plumas,2021-04-03,16,10041,3,812,5,8800,8,429,2,2472,14,3986,10,6458,California
Plumas,2021-04-04,3,10044,1,813,1,8801,1,430,0,2470,3,3989,1,6459,California
Plumas,2021-04-05,12,10056,4,817,7,8808,1,431,4,2468,7,3996,5,6464,California
Plumas,2021-04-06,120,10176,6,823,88,8896,26,457,13,2400,107,4103,39,6503,California
Plumas,2021-04-07,284,10460,8,831,99,8995,177,634,29,2351,255,4358,206,6709,California
Plumas,2021-04-08,150,10610,4,835,131,9126,15,649,35,2286,114,4472,49,6758,California
Plumas,2021-04-09,51,10661,10,845,24,9150,17,666,18,2287,33,4505,34,6792,California
Plumas,2021-04-10,25,10686,2,847,6,9156,17,683,5,2289,20,4525,22,6814,California
Plumas,2021-04-11,5,10691,3,850,1,9157,1,684,3,2292,1,4526,4,6818,California
Plumas,2021-04-12,13,10704,5,855,5,9162,3,687,7,2297,5,4531,10,6828,California
Plumas,2021-04-13,211,10915,5,860,206,9368,0,687,141,2368,70,4601,141,6969,California
Plumas,2021-04-14,111,11026,8,868,103,9471,0,687,56,2370,54,4655,56,7025,California
Plumas,2021-04-15,53,11079,2,870,51,9522,0,687,33,2384,19,4674,33,7058,California
Plumas,2021-04-16,142,11221,2,872,140,9662,0,687,2,2246,140,4814,2,7060,California
Plumas,2021-04-17,672,11893,2,874,670,10332,0,687,18,1613,651,5465,18,7078,California
Plumas,2021-04-18,4,11897,3,877,1,10333,0,687,1,1611,3,5468,1,7079,California
Plumas,2021-04-19,38,11935,3,880,35,10368,0,687,5,1583,33,5501,5,7084,California
Plumas,2021-04-20,43,11978,5,885,38,10406,0,687,27,1595,15,5516,27,7111,California
Plumas,2021-04-21,311,12289,5,890,305,10711,1,688,18,1320,293,5809,18,7129,California
Plumas,2021-04-22,276,12565,8,898,268,10979,0,688,126,1296,150,5959,126,7255,California
Plumas,2021-04-23,73,12638,6,904,67,11046,0,688,16,1255,57,6016,16,7271,California
Plumas,2021-04-24,171,12809,5,909,166,11212,0,688,144,1373,26,6042,144,7415,California
Plumas,2021-04-26,30,12839,4,913,26,11238,0,688,8,1360,21,6063,8,7423,California
Plumas,2021-04-27,93,12932,3,916,90,11328,0,688,56,1379,37,6100,56,7479,California
Plumas,2021-04-28,286,13218,4,920,282,11610,0,688,38,1171,246,6346,38,7517,California
Plumas,2021-04-29,172,13390,69,989,103,11713,0,688,118,1235,54,6400,118,7635,California
Plumas,2021-04-30,21,13411,10,999,11,11724,0,688,5,1224,16,6416,5,7640,California
Plumas,2021-05-01,7,13418,1,1000,5,11729,1,689,1,1222,4,6420,2,7642,California
Plumas,2021-05-02,3,13421,3,1003,0,11729,0,689,1,1221,2,6422,1,7643,California
Plumas,2021-05-03,20,13441,7,1010,7,11736,6,695,6,1221,12,6434,12,7655,California
Plumas,2021-05-04,32,13473,5,1015,21,11757,6,701,19,1234,12,6446,25,7680,California
Plumas,2021-05-05,49,13522,6,1021,42,11799,1,702,22,1230,27,6473,23,7703,California
Plumas,2021-05-06,61,13583,2,1023,54,11853,5,707,19,1212,42,6515,24,7727,California
Plumas,2021-05-07,22,13605,5,1028,16,11869,1,708,8,1207,14,6529,9,7736,California
Plumas,2021-05-08,6,13611,0,1028,4,11873,2,710,4,1211,2,6531,6,7742,California
Plumas,2021-05-10,51,13662,1,1029,27,11900,23,733,23,1229,28,6559,46,7788,California
Plumas,2021-05-11,163,13825,3,1032,141,12041,19,752,12,1109,151,6710,31,7819,California
Plumas,2021-05-12,99,13924,2,1034,89,12130,8,760,37,1093,61,6771,45,7864,California
Plumas,2021-05-13,36,13960,3,1037,31,12161,2,762,14,1087,22,6793,16,7880,California
Plumas,2021-05-14,20,13980,4,1041,11,12172,5,767,10,1092,10,6803,15,7895,California
Plumas,2021-05-15,10,13990,4,1045,4,12176,2,769,4,1092,6,6809,6,7901,California
Plumas,2021-05-16,2,13992,1,1046,1,12177,0,769,1,1092,1,6810,1,7902,California
Plumas,2021-05-17,13,14005,0,1046,4,12181,9,778,4,1096,9,6819,13,7915,California
Plumas,2021-05-18,44,14049,7,1053,36,12217,1,779,24,1101,20,6839,25,7940,California
Plumas,2021-05-19,47,14096,3,1056,30,12247,14,793,12,1093,35,6874,27,7967,California
Plumas,2021-05-20,191,14287,136,1192,44,12291,11,804,78,1071,111,6985,89,8056,California
Plumas,2021-05-21,28,14315,7,1199,14,12305,7,811,13,1076,15,7000,20,8076,California
Plumas,2021-05-22,137,14452,1,1200,136,12441,0,811,7,955,128,7128,7,8083,California
Plumas,2021-05-23,1,14453,1,1201,0,12441,0,811,0,954,1,7129,0,8083,California
Plumas,2021-05-24,51,14504,37,1238,13,12454,1,812,41,987,9,7138,42,8125,California
Plumas,2021-05-25,67,14571,3,1241,63,12517,1,813,15,951,52,7190,16,8141,California
Plumas,2021-05-26,41,14612,7,1248,27,12544,7,820,17,952,23,7213,24,8165,California
Plumas,2021-05-27,100,14712,25,1273,62,12606,13,833,41,948,58,7271,54,8219,California
Plumas,2021-05-28,42,14754,14,1287,26,12632,2,835,22,953,19,7290,24,8243,California
Plumas,2021-05-29,8,14762,0,1287,8,12640,0,835,6,958,2,7292,7,8250,California
Plumas,2021-05-30,1,14763,0,1287,1,12641,0,835,0,958,0,7292,0,8250,California
Plumas,2021-05-31,7,14770,0,1287,4,12645,3,838,0,956,5,7297,3,8253,California
Plumas,2021-06-01,32,14802,7,1294,20,12665,5,843,9,948,23,7320,15,8268,California
Plumas,2021-06-02,59,14861,6,1300,31,12696,22,865,10,931,49,7369,32,8300,California
Plumas,2021-06-03,66,14927,17,1317,39,12735,10,875,27,929,39,7408,37,8337,California
Plumas,2021-06-04,15,14942,3,1320,11,12746,1,876,8,933,5,7413,9,8346,California
Plumas,2021-06-05,7,14949,3,1323,4,12750,0,876,2,930,5,7418,2,8348,California
Plumas,2021-06-06,2,14951,1,1324,1,12751,0,876,0,928,2,7420,0,8348,California
Plumas,2021-06-07,37,14988,5,1329,25,12776,7,883,9,916,28,7448,16,8364,California
Plumas,2021-06-08,30,15018,9,1338,19,12795,2,885,8,904,22,7470,10,8374,California
Plumas,2021-06-09,42,15060,5,1343,34,12829,3,888,9,883,33,7503,12,8386,California
Plumas,2021-06-10,36,15096,15,1358,17,12846,4,892,12,876,23,7526,16,8402,California
Plumas,2021-06-11,25,15121,13,1371,9,12855,3,895,8,870,17,7543,11,8413,California
Plumas,2021-06-12,11,15132,3,1374,7,12862,1,896,6,872,5,7548,7,8420,California
Plumas,2021-06-13,3,15135,1,1375,2,12864,0,896,3,875,0,7548,3,8423,California
Plumas,2021-06-14,97,15232,88,1463,6,12870,3,899,13,807,84,7632,16,8439,California
Plumas,2021-06-15,29,15261,7,1470,20,12890,2,901,9,798,20,7652,11,8450,California
Plumas,2021-06-16,33,15294,11,1481,13,12903,9,910,9,792,24,7676,18,8468,California
Plumas,2021-06-17,49,15343,30,1511,15,12918,4,914,11,770,37,7713,15,8483,California
Plumas,2021-06-18,39,15382,17,1528,14,12932,8,922,13,764,26,7739,20,8503,California
Plumas,2021-06-19,9,15391,2,1530,7,12939,0,922,2,759,7,7746,2,8505,California
Plumas,2021-06-21,9,15400,4,1534,4,12943,1,923,5,761,4,7750,6,8511,California
Plumas,2021-06-22,29,15429,11,1545,16,12959,2,925,9,752,20,7770,11,8522,California
Plumas,2021-06-23,27,15456,15,1560,9,12968,3,928,15,758,12,7782,18,8540,California
Plumas,2021-06-24,30,15486,19,1579,8,12976,3,931,14,759,15,7797,16,8556,California
Plumas,2021-06-25,22,15508,9,1588,11,12987,2,933,8,757,12,7809,10,8566,California
Plumas,2021-06-26,13,15521,4,1592,8,12995,1,934,3,751,10,7819,4,8570,California
Plumas,2021-06-28,10,15531,4,1596,2,12997,4,938,2,749,8,7827,6,8576,California
Plumas,2021-06-29,24,15555,16,1612,7,13004,1,939,11,748,13,7840,12,8588,California
Plumas,2021-06-30,22,15577,9,1621,9,13013,4,943,8,746,14,7854,12,8600,California
Plumas,2021-07-01,32,15609,21,1642,7,13020,4,947,14,746,18,7872,18,8618,California
Riverside,2020-12-15,7,7,7,7,0,0,0,0,7,7,0,0,7,7,California
Riverside,2020-12-16,96,103,96,103,0,0,0,0,96,103,0,0,96,103,California
Riverside,2020-12-17,836,939,836,939,0,0,0,0,836,939,0,0,836,939,California
Riverside,2020-12-18,1778,2717,1777,2716,1,1,0,0,1778,2717,0,0,1778,2717,California
Riverside,2020-12-19,1055,3772,1052,3768,3,4,0,0,1053,3769,1,1,1053,3770,California
Riverside,2020-12-20,1114,4886,1113,4881,1,5,0,0,1114,4883,0,1,1114,4884,California
Riverside,2020-12-21,2342,7228,2340,7221,2,7,0,0,2342,7225,0,1,2342,7226,California
Riverside,2020-12-22,2294,9522,2247,9468,47,54,0,0,2293,9518,0,1,2293,9519,California
Riverside,2020-12-23,2165,11687,1821,11289,344,398,0,0,2166,11684,0,1,2166,11685,California
Riverside,2020-12-24,859,12546,655,11944,204,602,0,0,859,12543,0,1,859,12544,California
Riverside,2020-12-25,41,12587,18,11962,23,625,0,0,40,12583,0,1,40,12584,California
Riverside,2020-12-26,490,13077,270,12232,220,845,0,0,490,13073,0,1,490,13074,California
Riverside,2020-12-27,398,13475,268,12500,130,975,0,0,397,13469,1,2,397,13471,California
Riverside,2020-12-28,1715,15190,1196,13696,519,1494,0,0,1715,15184,0,2,1715,15186,California
Riverside,2020-12-29,1809,16999,1026,14722,783,2277,0,0,1809,16993,0,2,1809,16995,California
Riverside,2020-12-30,2651,19650,1725,16447,926,3203,0,0,2649,19641,1,3,2649,19644,California
Riverside,2020-12-31,1081,20731,422,16869,659,3862,0,0,1082,20722,1,4,1082,20726,California
Riverside,2021-01-01,134,20865,58,16927,76,3938,0,0,134,20856,0,4,134,20860,California
Riverside,2021-01-02,896,21761,708,17635,188,4126,0,0,896,21752,0,4,896,21756,California
Riverside,2021-01-03,359,22120,305,17940,54,4180,0,0,358,22110,0,4,358,22114,California
Riverside,2021-01-04,1303,23423,809,18749,494,4674,0,0,1302,23412,0,4,1302,23416,California
Riverside,2021-01-05,2062,25485,1416,20165,646,5320,0,0,1938,25233,117,121,1938,25354,California
Riverside,2021-01-06,2598,28083,1160,21325,1438,6758,0,0,2255,27151,337,458,2255,27609,California
Riverside,2021-01-07,2885,30968,1886,23211,999,7757,0,0,1770,27817,1107,1565,1773,29382,California
Riverside,2021-01-08,4123,35091,2978,26189,1145,8902,0,0,2264,28227,1854,3419,2264,31646,California
Riverside,2021-01-09,2138,37229,878,27067,1260,10162,0,0,1760,29611,376,3795,1760,33406,California
Riverside,2021-01-10,1698,38927,751,27818,947,11109,0,0,1082,30077,616,4411,1082,34488,California
Riverside,2021-01-11,4623,43550,3160,30978,1463,12572,0,0,2844,31144,1777,6188,2844,37332,California
Riverside,2021-01-12,3521,47071,2780,33758,741,13313,0,0,1807,31245,1709,7897,1810,39142,California
Riverside,2021-01-13,4591,51662,3007,36765,1584,14897,0,0,2946,32550,1641,9538,2946,42088,California
Riverside,2021-01-14,5800,57462,2068,38833,3732,18629,0,0,5169,37092,629,10167,5171,47259,California
Riverside,2021-01-15,6288,63750,2109,40942,4179,22808,0,0,5952,42711,334,10501,5953,53212,California
Riverside,2021-01-16,3720,67470,1034,41976,2686,25494,0,0,3458,45908,262,10763,3459,56671,California
Riverside,2021-01-17,3665,71135,605,42581,3060,28554,0,0,3456,49157,207,10970,3456,60127,California
Riverside,2021-01-18,3866,75001,2106,44687,1760,30314,0,0,2817,50927,1048,12018,2818,62945,California
Riverside,2021-01-19,7540,82541,2688,47375,4852,35166,0,0,6393,56179,1146,13164,6398,69343,California
Riverside,2021-01-20,8473,91014,3271,50646,5202,40368,0,0,6797,61319,1663,14827,6803,76146,California
Riverside,2021-01-21,8565,99579,3576,54222,4989,45357,0,0,7859,68472,707,15534,7860,84006,California
Riverside,2021-01-22,8975,108554,3062,57284,5913,51270,0,0,8496,76493,477,16011,8498,92504,California
Riverside,2021-01-23,6074,114628,2355,59639,3719,54989,0,0,5264,80949,809,16820,5265,97769,California
Riverside,2021-01-24,3116,117744,1437,61076,1679,56668,0,0,2891,83620,221,17041,2892,100661,California
Riverside,2021-01-25,8036,125780,4596,65672,3440,60108,0,0,6868,89325,1165,18206,6870,107531,California
Riverside,2021-01-26,9230,135010,5721,71393,3509,63617,0,0,7696,95491,1531,19737,7697,115228,California
Riverside,2021-01-27,11117,146127,6416,77809,4701,68318,0,0,9473,103329,1638,21375,9476,124704,California
Riverside,2021-01-28,11739,157866,6822,84631,4917,73235,0,0,10537,112675,1194,22569,10540,135244,California
Riverside,2021-01-29,12106,169972,7310,91941,4796,78031,0,0,10706,122011,1376,23945,10712,145956,California
Riverside,2021-01-30,9199,179171,4622,96563,4577,82608,0,0,8694,130205,501,24446,8695,154651,California
Riverside,2021-01-31,5189,184360,4222,100785,967,83575,0,0,5045,135113,142,24588,5050,159701,California
Riverside,2021-02-01,11500,195860,7167,107952,4333,87908,0,0,9475,142576,2016,26604,9479,169180,California
Riverside,2021-02-02,9693,205553,4880,112832,4813,92721,0,0,8178,149256,1504,28108,8184,177364,California
Riverside,2021-02-03,12441,217994,5205,118037,7236,99957,0,0,9978,156786,2453,30561,9983,187347,California
Riverside,2021-02-04,13775,231769,6065,124102,7710,107667,0,0,11607,166244,2157,32718,11615,198962,California
Riverside,2021-02-05,14678,246447,5555,129657,9123,116790,0,0,11427,174437,3242,35960,11435,210397,California
Riverside,2021-02-06,7350,253797,4272,133929,3078,119868,0,0,5683,178468,1656,37616,5687,216084,California
Riverside,2021-02-07,2222,256019,809,134738,1413,121281,0,0,1884,180023,336,37952,1891,217975,California
Riverside,2021-02-08,12616,268635,5592,140330,7024,128305,0,0,10223,187885,2375,40327,10237,228212,California
Riverside,2021-02-09,9825,278460,4571,144901,5254,133559,0,0,7788,193668,2026,42353,7809,236021,California
Riverside,2021-02-10,12278,290738,7023,151924,5255,138814,0,0,8964,199350,3301,45654,8983,245004,California
Riverside,2021-02-11,16897,307635,9105,161029,7792,146606,0,0,12214,206942,4659,50313,12251,257255,California
Riverside,2021-02-12,18062,325697,10933,171962,7129,153735,0,0,12947,214848,5069,55382,12975,270230,California
Riverside,2021-02-13,6441,332138,2173,174135,4268,158003,0,0,3113,214679,3313,58695,3144,273374,California
Riverside,2021-02-14,5042,337180,1186,175321,3856,161859,0,0,2262,214180,2774,61469,2275,275649,California
Riverside,2021-02-15,10025,347205,5124,180445,4901,166760,0,0,5529,215246,4480,65949,5546,281195,California
Riverside,2021-02-16,16388,363593,10240,190685,6148,172908,0,0,9409,217714,6967,72916,9435,290630,California
Riverside,2021-02-17,15373,378966,8422,199107,6951,179859,0,0,7622,217657,7734,80650,7677,298307,California
Riverside,2021-02-18,15792,394758,9066,208173,6726,186585,0,0,8099,218133,7666,88316,8142,306449,California
Riverside,2021-02-19,15656,410414,8398,216571,7258,193843,0,0,7371,217277,8255,96571,7399,313848,California
Riverside,2021-02-20,8577,418991,4635,221206,3942,197785,0,0,2258,213248,6297,102868,2268,316116,California
Riverside,2021-02-21,4564,423555,4028,225234,536,198321,0,0,1287,211294,3252,106120,1298,317414,California
Riverside,2021-02-22,12790,436345,8085,233319,4705,203026,0,0,5076,208689,7693,113813,5088,322502,California
Riverside,2021-02-23,11629,447974,7879,241198,3750,206776,0,0,5634,208394,5959,119772,5664,328166,California
Riverside,2021-02-24,15130,463104,8231,249429,6899,213675,0,0,6417,206200,8668,128440,6474,334640,California
Riverside,2021-02-25,17651,480755,7522,256951,10129,223804,0,0,8170,204989,9451,137891,8240,342880,California
Riverside,2021-02-26,18963,499718,6855,263806,12108,235912,0,0,9449,205059,9446,147337,9516,352396,California
Riverside,2021-02-27,12196,511914,5642,269448,6554,242466,0,0,5799,204552,6363,153700,5856,358252,California
Riverside,2021-02-28,5005,516919,3293,272741,1712,244178,0,0,2483,204558,2508,156208,2514,360766,California
Riverside,2021-03-01,14505,531424,6182,278923,8317,252495,6,6,8518,207196,5939,162147,8577,369343,California
Riverside,2021-03-02,15564,546988,7602,286525,7961,260456,1,7,9092,209897,6444,168591,9145,378488,California
Riverside,2021-03-03,17278,564266,8556,295081,8722,269178,0,7,7524,207883,9698,178289,7684,386172,California
Riverside,2021-03-04,19023,583289,7566,302647,11452,280630,5,12,9052,207216,9920,188209,9253,395425,California
Riverside,2021-03-05,19144,602433,7701,310348,11397,292027,46,58,9445,207379,9646,197855,9809,405234,California
Riverside,2021-03-06,9646,612079,5106,315454,4056,296083,484,542,4778,207838,4851,202706,5310,410544,California
Riverside,2021-03-07,4330,616409,2794,318248,1144,297227,392,934,2025,207995,2293,204999,2450,412994,California
Riverside,2021-03-08,12145,628554,4837,323085,6895,304122,413,1347,5412,207191,6709,211708,5905,418899,California
Riverside,2021-03-09,15025,643579,7017,330102,7499,311621,509,1856,5944,204741,9057,220765,6607,425506,California
Riverside,2021-03-10,16164,659743,8677,338779,6551,318172,936,2792,6262,202268,9855,230620,7382,432888,California
Riverside,2021-03-11,19593,679336,9592,348371,8127,326299,1874,4666,7647,200112,11903,242523,9747,442635,California
Riverside,2021-03-12,21361,700697,8002,356373,8600,334899,4759,9425,7061,198010,14253,256776,12151,454786,California
Riverside,2021-03-13,8623,709320,2581,358954,4807,339706,1235,10660,4390,199533,4206,260982,5729,460515,California
Riverside,2021-03-14,4839,714159,1664,360618,1800,341506,1375,12035,2114,200322,2708,263690,3497,464012,California
Riverside,2021-03-15,18806,732965,7925,368543,9208,350714,1673,13708,9156,201668,9602,273292,10948,474960,California
Riverside,2021-03-16,21132,754097,10281,378824,10033,360747,818,14526,11410,204332,9678,282970,12342,487302,California
Riverside,2021-03-17,21591,775688,11082,389906,9444,370191,1065,15591,12888,209697,8656,291626,14021,501323,California
Riverside,2021-03-18,23127,798815,11996,401902,9450,379641,1681,17272,12695,213715,10373,301999,14391,515714,California
Riverside,2021-03-19,24340,823155,12781,414683,10585,390226,974,18246,14141,219063,10137,312136,15485,531199,California
Riverside,2021-03-20,10938,834093,6956,421639,2772,392998,1210,19456,6981,223348,3919,316055,8204,539403,California
Riverside,2021-03-21,3938,838031,3039,424678,621,393619,278,19734,2610,224938,1304,317359,2894,542297,California
Riverside,2021-03-22,16800,854831,10017,434695,6229,399848,554,20288,10627,230010,6111,323470,11183,553480,California
Riverside,2021-03-23,18783,873614,10613,445308,7747,407595,423,20711,11952,235643,6769,330239,12402,565882,California
Riverside,2021-03-24,18894,892508,10525,455833,8247,415842,122,20833,12875,242704,5961,336200,13022,578904,California
Riverside,2021-03-25,21289,913797,11731,467564,9371,425213,187,21020,14178,250056,7030,343230,14382,593286,California
Riverside,2021-03-26,24298,938095,12000,479564,12123,437336,175,21195,15054,256169,9132,352362,15245,608531,California
Riverside,2021-03-27,9396,947491,4916,484480,3426,440762,1054,22249,4842,257547,4524,356886,5902,614433,California
Riverside,2021-03-28,4812,952303,3157,487637,1561,442323,94,22343,2858,258561,1942,358828,2956,617389,California
Riverside,2021-03-29,17738,970041,8476,496113,9136,451459,126,22469,10945,262910,6743,365571,11092,628481,California
Riverside,2021-03-30,18457,988498,9610,505723,8636,460095,211,22680,11736,268186,6676,372247,11952,640433,California
Riverside,2021-03-31,18261,1006759,8490,514213,9445,469540,326,23006,11395,273106,6813,379060,11733,652166,California
Riverside,2021-04-01,25730,1032489,12566,526779,12360,481900,804,23810,16513,281296,9131,388191,17321,669487,California
Riverside,2021-04-02,26278,1058767,14115,540894,11178,493078,985,24795,16410,289111,9802,397993,17617,687104,California
Riverside,2021-04-03,9464,1068231,6000,546894,2849,495927,615,25410,6084,292449,3360,401353,6698,693802,California
Riverside,2021-04-04,3445,1071676,2082,548976,1096,497023,267,25677,1720,292726,1712,403065,1989,695791,California
Riverside,2021-04-05,18632,1090308,9508,558484,7237,504260,1887,27564,9987,296007,8600,411665,11881,707672,California
Riverside,2021-04-06,23942,1114250,12439,570923,9329,513589,2174,29738,13344,300969,10545,422210,15507,723179,California
Riverside,2021-04-07,25071,1139321,13485,584408,9046,522635,2540,32278,13925,306340,11094,433304,16465,739644,California
Riverside,2021-04-08,27664,1166985,15256,599664,9363,531998,3045,35323,16834,315447,10758,444062,19865,759509,California
Riverside,2021-04-09,26540,1193525,15584,615248,8432,540430,2524,37847,16128,323773,10358,454420,18684,778193,California
Riverside,2021-04-10,12162,1205687,6811,622059,3926,544356,1425,39272,5322,323721,6794,461214,6742,784935,California
Riverside,2021-04-11,4700,1210387,2793,624852,1265,545621,642,39914,2201,324085,2484,463698,2848,787783,California
Riverside,2021-04-12,20304,1230691,9043,633895,8594,554215,2667,42581,10153,326802,10108,473806,12825,800608,California
Riverside,2021-04-13,20271,1250962,11341,645236,8902,563117,28,42609,11606,329821,8623,482429,11642,812250,California
Riverside,2021-04-14,22502,1273464,12408,657644,10079,573196,15,42624,11023,329473,11408,493837,11060,823310,California
Riverside,2021-04-15,22300,1295764,12619,670263,9673,582869,8,42632,11770,330805,10457,504294,11789,835099,California
Riverside,2021-04-16,25423,1321187,14681,684944,10736,593605,6,42638,11809,329082,13551,517845,11828,846927,California
Riverside,2021-04-17,10022,1331209,6611,691555,3411,597016,0,42638,5017,329131,4978,522823,5027,851954,California
Riverside,2021-04-18,4223,1335432,3143,694698,1073,598089,7,42645,1955,328853,2250,525073,1972,853926,California
Riverside,2021-04-19,19767,1355199,11743,706441,8021,606110,3,42648,7107,323369,12607,537680,7123,861049,California
Riverside,2021-04-20,19581,1374780,10550,716991,9022,615132,9,42657,7987,319830,11542,549222,8003,869052,California
Riverside,2021-04-21,20894,1395674,12351,729342,8533,623665,10,42667,8401,315838,12415,561637,8423,877475,California
Riverside,2021-04-22,23894,1419568,14113,743455,9777,633442,4,42671,8943,309918,14878,576515,8958,886433,California
Riverside,2021-04-23,23844,1443412,14168,757623,9662,643104,14,42685,9345,304864,14435,590950,9381,895814,California
Riverside,2021-04-24,10543,1453955,7328,764951,3206,646310,9,42694,4831,304036,5671,596621,4843,900657,California
Riverside,2021-04-25,4256,1458211,2827,767778,1422,647732,7,42701,2201,304209,2037,598658,2210,902867,California
Riverside,2021-04-26,17390,1475601,10941,778719,6390,654122,59,42760,5925,298791,11418,610076,6000,908867,California
Riverside,2021-04-27,18625,1494226,10701,789420,7717,661839,207,42967,6494,293418,12083,622159,6710,915577,California
Riverside,2021-04-28,16921,1511147,9232,798652,7424,669263,265,43232,5754,288344,11103,633262,6029,921606,California
Riverside,2021-04-29,19157,1530304,11823,810475,6982,676245,352,43584,5579,280767,13507,646769,5930,927536,California
Riverside,2021-04-30,20332,1550636,11858,822333,8086,684331,388,43972,6658,274197,13617,660386,7047,934583,California
Riverside,2021-05-01,6890,1557526,4943,827276,1762,686093,185,44157,2365,272252,4495,664881,2550,937133,California
Riverside,2021-05-02,3394,1560920,2218,829494,967,687060,209,44366,1090,271273,2285,667166,1306,938439,California
Riverside,2021-05-03,18078,1578998,11103,840597,6478,693538,497,44863,4184,262126,13826,680992,4679,943118,California
Riverside,2021-05-04,17770,1596768,11382,851979,5924,699462,464,45327,5005,254914,12693,693685,5481,948599,California
Riverside,2021-05-05,16356,1613124,9432,861411,6550,706012,374,45701,4725,248464,11570,705255,5120,953719,California
Riverside,2021-05-06,18355,1631479,10448,871859,7491,713503,416,46117,4705,240056,13568,718823,5160,958879,California
Riverside,2021-05-07,20783,1652262,11888,883747,8449,721952,446,46563,5534,230876,15163,733986,5983,964862,California
Riverside,2021-05-08,7106,1659368,4725,888472,2118,724070,263,46826,2655,229387,4415,738401,2926,967788,California
Riverside,2021-05-09,2496,1661864,1697,890169,646,724716,153,46979,926,228913,1561,739962,1087,968875,California
Riverside,2021-05-10,10150,1672014,5206,895375,4550,729266,394,47373,2866,224944,7234,747196,3265,972140,California
Riverside,2021-05-11,14351,1686365,8753,904128,5071,734337,527,47900,4013,219248,10252,757448,4556,976696,California
Riverside,2021-05-12,13066,1699431,6721,910849,6012,740349,333,48233,3936,214439,9078,766526,4269,980965,California
Riverside,2021-05-13,15253,1714684,9337,920186,5634,745983,282,48515,5409,210352,9791,776317,5704,986669,California
Riverside,2021-05-14,18249,1732933,11564,931750,5889,751872,796,49311,7106,207182,11070,787387,7900,994569,California
Riverside,2021-05-15,9897,1742830,7129,938879,2371,754243,397,49708,5096,207905,4770,792157,5493,1000062,California
Riverside,2021-05-16,3720,1746550,2760,941639,842,755085,118,49826,1868,208051,1838,793995,1984,1002046,California
Riverside,2021-05-17,11820,1758370,7608,949247,3857,758942,355,50181,5090,206803,6698,800693,5450,1007496,California
Riverside,2021-05-18,15256,1773626,9480,958727,5417,764359,359,50540,6158,204270,9051,809744,6518,1014014,California
Riverside,2021-05-19,12241,1785867,7739,966466,4257,768616,245,50785,5900,204129,6289,816033,6148,1020162,California
Riverside,2021-05-20,11950,1797817,7509,973975,4182,772798,259,51044,5316,203123,6585,822618,5579,1025741,California
Riverside,2021-05-21,14481,1812298,8925,982900,5232,778030,324,51368,6061,201159,8351,830969,6387,1032128,California
Riverside,2021-05-22,7230,1819528,4896,987796,2137,780167,197,51565,3866,201900,3324,834293,4065,1036193,California
Riverside,2021-05-23,2751,1822279,1839,989635,835,781002,77,51642,1290,201820,1446,835739,1366,1037559,California
Riverside,2021-05-24,8883,1831162,5810,995445,2760,783762,313,51955,3963,201211,4885,840624,4276,1041835,California
Riverside,2021-05-25,9737,1840899,5795,1001240,3669,787431,273,52228,3880,199551,5817,846441,4157,1045992,California
Riverside,2021-05-26,8927,1849826,5534,1006774,3061,790492,332,52560,3897,198806,4979,851420,4234,1050226,California
Riverside,2021-05-27,8567,1858393,5128,1011902,3202,793694,237,52797,3880,198292,4636,856056,4122,1054348,California
Riverside,2021-05-28,10776,1869169,6522,1018424,3940,797634,314,53111,4962,197824,5751,861807,5283,1059631,California
Riverside,2021-05-29,5049,1874218,3437,1021861,1486,799120,126,53237,2815,198557,2210,864017,2943,1062574,California
Riverside,2021-05-30,1972,1876190,1425,1023286,479,799599,68,53305,1019,198699,945,864962,1087,1063661,California
Riverside,2021-05-31,878,1877068,500,1023786,345,799944,33,53338,335,198529,538,865500,368,1064029,California
Riverside,2021-06-01,9174,1886242,5662,1029448,3275,803219,237,53575,3441,196526,5679,871179,3676,1067705,California
Riverside,2021-06-02,7136,1893378,4346,1033794,2511,805730,279,53854,2737,195188,4356,875535,3018,1070723,California
Riverside,2021-06-03,7964,1901342,5300,1039094,2392,808122,272,54126,2725,192985,5196,880731,2993,1073716,California
Riverside,2021-06-04,10725,1912067,7647,1046741,2819,810941,259,54385,3711,189995,6962,887693,3972,1077688,California
Riverside,2021-06-05,6957,1919024,5135,1051876,1276,812217,546,54931,2175,187961,4758,892451,2724,1080412,California
Riverside,2021-06-06,2214,1921238,1882,1053758,281,812498,51,54982,683,187172,1524,893975,735,1081147,California
Riverside,2021-06-07,6932,1928170,5256,1059014,1445,813943,231,55213,2265,185033,4636,898611,2497,1083644,California
Riverside,2021-06-08,9057,1937227,6561,1065575,2221,816164,275,55488,2954,182216,6048,904659,3231,1086875,California
Riverside,2021-06-09,7747,1944974,5638,1071213,1813,817977,296,55784,2358,179526,5342,910001,2652,1089527,California
Riverside,2021-06-10,7585,1952559,5346,1076559,2004,819981,235,56019,2356,176920,5201,915202,2595,1092122,California
Riverside,2021-06-11,8887,1961446,6024,1082583,2571,822552,292,56311,2997,174380,5829,921031,3289,1095411,California
Riverside,2021-06-12,5343,1966789,3948,1086531,1267,823819,128,56439,1656,172514,3656,924687,1790,1097201,California
Riverside,2021-06-13,1795,1968584,1334,1087865,417,824236,44,56483,497,171769,1286,925973,541,1097742,California
Riverside,2021-06-14,6364,1974948,4555,1092420,1502,825738,307,56790,2080,169904,4248,930221,2383,1100125,California
Riverside,2021-06-15,7076,1982024,4829,1097249,1936,827674,311,57101,2645,168482,4383,934604,2961,1103086,California
Riverside,2021-06-16,6837,1988861,4709,1101958,1815,829489,313,57414,2407,166814,4387,938991,2719,1105805,California
Riverside,2021-06-17,6398,1995259,4479,1106437,1677,831166,242,57656,2379,165455,3986,942977,2627,1108432,California
Riverside,2021-06-18,8206,2003465,5939,1112376,1990,833156,277,57933,3368,164314,4791,947768,3650,1112082,California
Riverside,2021-06-19,4277,2007742,3279,1115655,842,833998,156,58089,1786,163795,2464,950232,1945,1114027,California
Riverside,2021-06-20,1506,2009248,1144,1116799,325,834323,37,58126,578,163494,917,951149,616,1114643,California
Riverside,2021-06-21,4263,2013511,2827,1119626,1161,835484,275,58401,2205,163935,2039,953188,2480,1117123,California
Riverside,2021-06-22,6329,2019840,4476,1124102,1602,837086,251,58652,2714,163328,3576,956764,2969,1120092,California
Riverside,2021-06-23,5492,2025332,3895,1127997,1340,838426,257,58909,2554,163235,2904,959668,2811,1122903,California
Riverside,2021-06-24,5378,2030710,3693,1131690,1443,839869,242,59151,2345,162825,2998,962666,2588,1125491,California
Riverside,2021-06-25,6813,2037523,4921,1136611,1611,841480,281,59432,2959,162247,3822,966488,3244,1128735,California
Riverside,2021-06-26,3798,2041321,2929,1139540,749,842229,120,59552,1752,162096,2023,968511,1872,1130607,California
Riverside,2021-06-27,1497,2042818,1205,1140745,247,842476,45,59597,692,162039,794,969305,737,1131344,California
Riverside,2021-06-28,4209,2047027,3287,1144032,715,843191,207,59804,1965,162000,2214,971519,2175,1133519,California
Riverside,2021-06-29,5572,2052599,4143,1148175,1254,844445,175,59979,2536,161713,3000,974519,2713,1136232,California
Riverside,2021-06-30,4842,2057441,3591,1151766,1093,845538,158,60137,2366,161826,2409,976928,2522,1138754,California
Riverside,2021-07-01,3075,2060516,2037,1153803,764,846302,274,60411,1388,161812,1677,978605,1663,1140417,California
Sacramento,2020-12-15,315,315,315,315,0,0,0,0,315,315,0,0,315,315,California
Sacramento,2020-12-16,646,961,646,961,0,0,0,0,646,961,0,0,646,961,California
Sacramento,2020-12-17,705,1666,705,1666,0,0,0,0,705,1666,0,0,705,1666,California
Sacramento,2020-12-18,1118,2784,1118,2784,0,0,0,0,1118,2784,0,0,1118,2784,California
Sacramento,2020-12-19,613,3397,613,3397,0,0,0,0,613,3397,0,0,613,3397,California
Sacramento,2020-12-20,634,4031,634,4031,0,0,0,0,634,4031,0,0,634,4031,California
Sacramento,2020-12-21,1678,5709,1678,5709,0,0,0,0,1679,5710,0,0,1679,5710,California
Sacramento,2020-12-22,2106,7815,2070,7779,36,36,0,0,2106,7816,0,0,2106,7816,California
Sacramento,2020-12-23,2269,10084,2095,9874,174,210,0,0,2269,10085,0,0,2269,10085,California
Sacramento,2020-12-24,1041,11125,829,10703,212,422,0,0,1041,11126,0,0,1041,11126,California
Sacramento,2020-12-25,2,11127,1,10704,1,423,0,0,2,11128,0,0,2,11128,California
Sacramento,2020-12-26,508,11635,290,10994,218,641,0,0,508,11636,0,0,508,11636,California
Sacramento,2020-12-27,358,11993,252,11246,106,747,0,0,358,11994,0,0,358,11994,California
Sacramento,2020-12-28,1927,13920,1342,12588,585,1332,0,0,1926,13919,1,1,1926,13920,California
Sacramento,2020-12-29,1974,15894,1201,13789,773,2105,0,0,1974,15893,0,1,1974,15894,California
Sacramento,2020-12-30,2567,18461,1460,15249,1107,3212,0,0,2568,18461,0,1,2568,18462,California
Sacramento,2020-12-31,1231,19692,695,15944,536,3748,0,0,1232,19693,0,1,1232,19694,California
Sacramento,2021-01-01,82,19774,70,16014,12,3760,0,0,82,19775,0,1,82,19776,California
Sacramento,2021-01-02,572,20346,367,16381,205,3965,0,0,572,20347,0,1,572,20348,California
Sacramento,2021-01-03,412,20758,223,16604,189,4154,0,0,412,20759,0,1,412,20760,California
Sacramento,2021-01-04,1946,22704,835,17439,1111,5265,0,0,1944,22702,1,2,1944,22704,California
Sacramento,2021-01-05,2219,24923,994,18433,1225,6490,0,0,1855,24200,364,366,1862,24566,California
Sacramento,2021-01-06,2736,27659,1620,20053,1116,7606,0,0,1936,25339,797,1163,1936,26502,California
Sacramento,2021-01-07,2854,30513,1516,21569,1338,8944,0,0,1921,26331,929,2092,1921,28423,California
Sacramento,2021-01-08,3297,33810,2083,23652,1214,10158,0,0,2179,27397,1114,3206,2180,30603,California
Sacramento,2021-01-09,1297,35107,804,24456,493,10651,0,0,899,27900,396,3602,899,31502,California
Sacramento,2021-01-10,1251,36358,712,25168,539,11190,0,0,782,28215,468,4070,783,32285,California
Sacramento,2021-01-11,4371,40729,2970,28138,1401,12591,0,0,2423,28703,1947,6017,2435,34720,California
Sacramento,2021-01-12,4666,45395,3275,31413,1391,13982,0,0,2626,29296,2039,8056,2632,37352,California
Sacramento,2021-01-13,3859,49254,2232,33645,1627,15609,0,0,2434,30307,1424,9480,2435,39787,California
Sacramento,2021-01-14,4751,54005,2433,36078,2318,17927,0,0,3835,33227,915,10395,3835,43622,California
Sacramento,2021-01-15,4459,58464,2258,38336,2201,20128,0,0,3741,36251,718,11113,3742,47364,California
Sacramento,2021-01-16,2222,60686,1285,39621,937,21065,0,0,2001,38032,220,11333,2001,49365,California
Sacramento,2021-01-17,1685,62371,987,40608,698,21763,0,0,1499,39348,186,11519,1502,50867,California
Sacramento,2021-01-18,2818,65189,1723,42331,1095,22858,0,0,2229,40990,588,12107,2230,53097,California
Sacramento,2021-01-19,4988,70177,3027,45358,1961,24819,0,0,3747,43499,1240,13347,3749,56846,California
Sacramento,2021-01-20,4983,75160,3002,48360,1981,26800,0,0,3671,45863,1313,14660,3677,60523,California
Sacramento,2021-01-21,5241,80401,3013,51373,2228,29028,0,0,4270,49170,965,15625,4272,64795,California
Sacramento,2021-01-22,5032,85433,2686,54059,2346,31374,0,0,4730,53600,301,15926,4731,69526,California
Sacramento,2021-01-23,3867,89300,1559,55618,2308,33682,0,0,3404,56541,463,16389,3404,72930,California
Sacramento,2021-01-24,1637,90937,1022,56640,615,34297,0,0,1388,57681,249,16638,1389,74319,California
Sacramento,2021-01-25,4423,95360,2165,58805,2258,36555,0,0,2943,59146,1480,18118,2945,77264,California
Sacramento,2021-01-26,4777,100137,2175,60980,2602,39157,0,0,3560,61496,1212,19330,3562,80826,California
Sacramento,2021-01-27,5894,106031,3045,64025,2849,42006,0,0,4262,64134,1626,20956,4264,85090,California
Sacramento,2021-01-28,5486,111517,2738,66763,2748,44754,0,0,4378,67407,1106,22062,4379,89469,California
Sacramento,2021-01-29,5444,116961,2936,69699,2508,47262,0,0,4416,70803,1020,23082,4416,93885,California
Sacramento,2021-01-30,4886,121847,2200,71899,2686,49948,0,0,4453,74826,430,23512,4453,98338,California
Sacramento,2021-01-31,2416,124263,2114,74013,302,50250,0,0,2062,76538,352,23864,2064,100402,California
Sacramento,2021-02-01,5962,130225,3037,77050,2925,53175,0,0,4274,79133,1680,25544,4275,104677,California
Sacramento,2021-02-02,6964,137189,3719,80769,3245,56420,0,0,4858,81907,2086,27630,4860,109537,California
Sacramento,2021-02-03,7180,144369,3620,84389,3560,59980,0,0,5296,85333,1872,29502,5298,114835,California
Sacramento,2021-02-04,7803,152172,3690,88079,4113,64093,0,0,5538,88614,2257,31759,5538,120373,California
Sacramento,2021-02-05,7894,160066,4501,92580,3393,67486,0,0,4848,90444,3022,34781,4852,125225,California
Sacramento,2021-02-06,8851,168917,3502,96082,5349,72835,0,0,7491,96579,1358,36139,7493,132718,California
Sacramento,2021-02-07,4098,173015,2207,98289,1891,74726,0,0,2893,98274,1200,37339,2895,135613,California
Sacramento,2021-02-08,6262,179277,3250,101539,3012,77738,0,0,3912,99841,2345,39684,3912,139525,California
Sacramento,2021-02-09,6797,186074,3571,105110,3226,80964,0,0,3996,101051,2787,42471,3997,143522,California
Sacramento,2021-02-10,7768,193842,4253,109363,3515,84479,0,0,4537,102375,3215,45686,4539,148061,California
Sacramento,2021-02-11,9629,203471,5736,115099,3893,88372,0,0,5520,103803,4094,49780,5522,153583,California
Sacramento,2021-02-12,10747,214218,4176,119275,6571,94943,0,0,6437,105998,4245,54025,6440,160023,California
Sacramento,2021-02-13,8143,222361,3018,122293,5125,100068,0,0,6379,110620,1758,55783,6380,166403,California
Sacramento,2021-02-14,3255,225616,2006,124299,1249,101317,0,0,2121,111614,1132,56915,2126,168529,California
Sacramento,2021-02-15,6041,231657,2060,126359,3981,105298,0,0,4195,113976,1836,58751,4198,172727,California
Sacramento,2021-02-16,9312,240969,4237,130596,5075,110373,0,0,5352,115380,3953,62704,5357,178084,California
Sacramento,2021-02-17,8947,249916,5038,135634,3909,114282,0,0,5200,116849,3734,66438,5203,183287,California
Sacramento,2021-02-18,9662,259578,5787,141421,3875,118157,0,0,5760,118722,3891,70329,5764,189051,California
Sacramento,2021-02-19,10153,269731,6218,147639,3935,122092,0,0,5989,120568,4150,74479,5996,195047,California
Sacramento,2021-02-20,8210,277941,5845,153484,2365,124457,0,0,4795,121959,3407,77886,4798,199845,California
Sacramento,2021-02-21,4956,282897,2515,155999,2441,126898,0,0,2897,122804,2052,79938,2897,202742,California
Sacramento,2021-02-22,6490,289387,3948,159947,2542,129440,0,0,2816,121969,3655,83593,2820,205562,California
Sacramento,2021-02-23,7566,296953,4712,164659,2854,132294,0,0,3620,121666,3927,87520,3624,209186,California
Sacramento,2021-02-24,9914,306867,5447,170106,4467,136761,0,0,5396,122570,4499,92019,5403,214589,California
Sacramento,2021-02-25,11330,318197,6487,176593,4843,141604,0,0,6605,124467,4709,96728,6606,221195,California
Sacramento,2021-02-26,14499,332696,6823,183416,7676,149280,0,0,9925,129857,4541,101269,9931,231126,California
Sacramento,2021-02-27,11251,343947,6885,190301,4363,153643,3,3,8339,135316,2883,104152,8342,239468,California
Sacramento,2021-02-28,6670,350617,2350,192651,4320,157963,0,3,3127,134917,3529,107681,3130,242598,California
Sacramento,2021-03-01,8643,359260,3630,196281,5011,162974,2,5,4708,135718,3912,111593,4713,247311,California
Sacramento,2021-03-02,9378,368638,4070,200351,5307,168281,1,6,5744,137852,3614,115207,5748,253059,California
Sacramento,2021-03-03,11181,379819,5112,205463,6066,174347,3,9,6714,140125,4446,119653,6719,259778,California
Sacramento,2021-03-04,13691,393510,6332,211795,7355,181702,4,13,7586,141657,6065,125718,7597,267375,California
Sacramento,2021-03-05,10699,404209,4939,216734,5730,187432,30,43,7101,145217,3572,129290,7132,274507,California
Sacramento,2021-03-06,8171,412380,3131,219865,4918,192350,122,165,4152,145487,4003,133293,4273,278780,California
Sacramento,2021-03-07,8061,420441,2232,222097,5739,198089,90,255,3779,145080,4274,137567,3867,282647,California
Sacramento,2021-03-08,9213,429654,4337,226434,4650,202739,226,481,5989,148084,3209,140776,6213,288860,California
Sacramento,2021-03-09,9764,439418,4583,231017,4887,207626,294,775,5586,149805,4159,144935,5880,294740,California
Sacramento,2021-03-10,11875,451293,7532,238549,3985,211611,358,1133,6935,152203,4900,149835,7298,302038,California
Sacramento,2021-03-11,15223,466516,10113,248662,4281,215892,829,1962,8980,155809,6199,156034,9805,311843,California
Sacramento,2021-03-12,18095,484611,8351,257013,8875,224767,869,2831,8870,156383,9168,165202,9742,321585,California
Sacramento,2021-03-13,13659,498270,3589,260602,9640,234407,430,3261,8447,160055,5200,170402,8872,330457,California
Sacramento,2021-03-14,9487,507757,3479,264081,5372,239779,636,3897,4480,160190,4979,175381,5114,335571,California
Sacramento,2021-03-15,12303,520060,4886,268967,6753,246532,664,4561,7069,162722,5203,180584,7735,343306,California
Sacramento,2021-03-16,14167,534227,6310,275277,7201,253733,656,5217,8660,166563,5468,186052,9309,352615,California
Sacramento,2021-03-17,13883,548110,6670,281947,6577,260310,636,5853,8813,170970,5044,191096,9451,362066,California
Sacramento,2021-03-18,15839,563949,8339,290286,6894,267204,606,6459,10032,175834,5772,196868,10636,372702,California
Sacramento,2021-03-19,15728,579677,8026,298312,6309,273513,1393,7852,7928,177378,7768,204636,9312,382014,California
Sacramento,2021-03-20,13379,593056,7562,305874,5473,278986,344,8196,8472,181319,4876,209512,8817,390831,California
Sacramento,2021-03-21,5632,598688,2783,308657,2810,281796,39,8235,3363,182471,2254,211766,3406,394237,California
Sacramento,2021-03-22,9481,608169,4883,313540,3744,285540,854,9089,6260,186390,3192,214958,7111,401348,California
Sacramento,2021-03-23,11490,619659,6855,320395,3829,289369,806,9895,7359,190467,4086,219044,8163,409511,California
Sacramento,2021-03-24,11948,631607,7296,327691,4020,293389,632,10527,6745,192726,5119,224163,7378,416889,California
Sacramento,2021-03-25,14311,645918,8430,336121,5043,298432,838,11365,8533,196360,5731,229894,9365,426254,California
Sacramento,2021-03-26,18375,664293,8956,345077,8907,307339,512,11877,9175,196919,9129,239023,9688,435942,California
Sacramento,2021-03-27,10196,674489,3585,348662,6319,313658,292,12169,5562,198170,4598,243621,5849,441791,California
Sacramento,2021-03-28,6626,681115,3234,351896,3142,316800,250,12419,2659,197126,3956,247577,2912,444703,California
Sacramento,2021-03-29,11067,692182,5912,357808,4765,321565,390,12809,4955,196390,6081,253658,5345,450048,California
Sacramento,2021-03-30,11959,704141,6109,363917,5431,326996,419,13228,6040,196954,5892,259550,6456,456504,California
Sacramento,2021-03-31,13522,717663,7877,371794,5231,332227,414,13642,5591,195052,7901,267451,5999,462503,California
Sacramento,2021-04-01,17529,735192,10480,382274,6795,339022,254,13896,7365,192559,10116,277567,7623,470126,California
Sacramento,2021-04-02,17229,752421,9734,392008,6751,345773,744,14640,9042,194192,8152,285719,9785,479911,California
Sacramento,2021-04-03,10483,762904,6244,398252,3689,349462,550,15190,6423,197131,4029,289748,6968,486879,California
Sacramento,2021-04-04,3731,766635,1533,399785,1993,351455,205,15395,1452,196511,2273,292021,1653,488532,California
Sacramento,2021-04-05,12090,778725,7571,407356,3675,355130,844,16239,5383,196062,6669,298690,6220,494752,California
Sacramento,2021-04-06,15720,794445,8889,416245,5487,360617,1344,17583,6930,195574,8756,307446,8268,503020,California
Sacramento,2021-04-07,14943,809388,8054,424299,5271,365888,1618,19201,7173,196629,7723,315169,8778,511798,California
Sacramento,2021-04-08,15155,824543,6813,431112,5337,371225,3005,22206,6019,196529,9102,324271,9002,520800,California
Sacramento,2021-04-09,18393,842936,9392,440504,6771,377996,2230,24436,7474,195345,10876,335147,9692,530492,California
Sacramento,2021-04-10,13412,856348,3852,444356,8333,386329,1227,25663,5824,194813,7558,342705,7026,537518,California
Sacramento,2021-04-11,11183,867531,4372,448728,6584,392913,227,25890,3639,191161,7517,350222,3865,541383,California
Sacramento,2021-04-12,13041,880572,5076,453804,6072,398985,1893,27783,4935,189936,8038,358260,6813,548196,California
Sacramento,2021-04-13,16345,896917,9988,463792,6352,405337,5,27788,7581,188797,8729,366989,7590,555786,California
Sacramento,2021-04-14,15069,911986,8017,471809,7050,412387,2,27790,5934,185633,9102,376091,5938,561724,California
Sacramento,2021-04-15,16480,928466,8468,480277,8009,420396,3,27793,6675,182550,9763,385854,6680,568404,California
Sacramento,2021-04-16,17615,946081,9731,490008,7884,428280,0,27793,7974,180934,9592,395446,7976,576380,California
Sacramento,2021-04-17,15864,961945,6189,496197,9675,437955,0,27793,11599,188296,4242,399688,11604,587984,California
Sacramento,2021-04-18,9078,971023,3267,499464,5811,443766,0,27793,3880,187018,5176,404864,3898,591882,California
Sacramento,2021-04-19,10681,981704,5771,505235,4905,448671,5,27798,4722,185816,5932,410796,4730,596612,California
Sacramento,2021-04-20,11574,993278,7140,512375,4430,453101,4,27802,6085,186449,5461,416257,6094,602706,California
Sacramento,2021-04-21,12327,1005605,7382,519757,4943,458044,2,27804,6621,187398,5675,421932,6624,609330,California
Sacramento,2021-04-22,15253,1020858,10272,530029,4976,463020,5,27809,6995,186180,8220,430152,7002,616332,California
Sacramento,2021-04-23,16308,1037166,10355,540384,5953,468973,0,27809,7559,185033,8708,438860,7561,623893,California
Sacramento,2021-04-24,11615,1048781,7008,547392,4606,473579,1,27810,6200,185858,5378,444238,6203,630096,California
Sacramento,2021-04-25,8465,1057246,4478,551870,3987,477566,0,27810,4166,185751,4284,448522,4177,634273,California
Sacramento,2021-04-26,10841,1068087,6836,558706,3981,481547,24,27834,5156,185278,5653,454175,5180,639453,California
Sacramento,2021-04-27,12285,1080372,8087,566793,4043,485590,155,27989,6036,185257,6214,460389,6193,645646,California
Sacramento,2021-04-28,10795,1091167,6118,572911,4473,490063,204,28193,5964,186630,4799,465188,6172,651818,California
Sacramento,2021-04-29,11197,1102364,7598,580509,3295,493358,304,28497,6145,188070,5012,470200,6452,658270,California
Sacramento,2021-04-30,12751,1115115,8080,588589,4408,497766,263,28760,6029,187692,6671,476871,6293,664563,California
Sacramento,2021-05-01,7629,1122744,5484,594073,1969,499735,176,28936,2789,185853,4802,481673,2963,667526,California
Sacramento,2021-05-02,5013,1127757,4314,598387,548,500283,151,29087,2229,185477,2754,484427,2378,669904,California
Sacramento,2021-05-03,9147,1136904,7310,605697,1555,501838,282,29369,3975,184583,5147,489574,4253,674157,California
Sacramento,2021-05-04,9694,1146598,5956,611653,3428,505266,310,29679,3854,182954,5793,495367,4164,678321,California
Sacramento,2021-05-05,11373,1157971,6241,617894,4670,509936,462,30141,4647,181378,6677,502044,5101,683422,California
Sacramento,2021-05-06,11443,1169414,6398,624292,4737,514673,308,30449,4684,179940,6426,508470,4988,688410,California
Sacramento,2021-05-07,10796,1180210,6305,630597,4120,518793,371,30820,4541,178654,6199,514669,4913,693323,California
Sacramento,2021-05-08,8993,1189203,4002,634599,4760,523553,231,31051,2828,175619,6121,520790,3086,696409,California
Sacramento,2021-05-09,3286,1192489,1790,636389,1383,524936,113,31164,1203,174863,2072,522862,1316,697725,California
Sacramento,2021-05-10,8239,1200728,3872,640261,4096,529032,271,31435,1997,170923,6209,529071,2269,699994,California
Sacramento,2021-05-11,8648,1209376,5465,645726,2923,531955,260,31695,3014,168598,5599,534670,3274,703268,California
Sacramento,2021-05-12,8742,1218118,5287,651013,3198,535153,257,31952,2945,166038,5760,540430,3200,706468,California
Sacramento,2021-05-13,11963,1230081,7699,658712,3988,539141,276,32228,4535,163461,7387,547817,4810,711278,California
Sacramento,2021-05-14,12452,1242533,7096,665808,5067,544208,289,32517,5048,161452,7346,555163,5337,716615,California
Sacramento,2021-05-15,13238,1255771,8023,673831,5069,549277,146,32663,5869,160130,7333,562496,6011,722626,California
Sacramento,2021-05-16,8409,1264180,4221,678052,4075,553352,113,32776,2204,156270,6180,568676,2320,724946,California
Sacramento,2021-05-17,10483,1274663,6399,684451,3795,557147,289,33065,3923,153962,6523,575199,4215,729161,California
Sacramento,2021-05-18,9884,1284547,6209,690660,3464,560611,211,33276,3700,151736,6142,581341,3916,733077,California
Sacramento,2021-05-19,9812,1294359,6253,696913,3295,563906,264,33540,4419,151075,5350,586691,4689,737766,California
Sacramento,2021-05-20,10222,1304581,6743,703656,3219,567125,260,33800,3800,148766,6370,593061,4061,741827,California
Sacramento,2021-05-21,10739,1315320,6813,710469,3603,570728,323,34123,4450,147297,6248,599309,4779,746606,California
Sacramento,2021-05-22,7445,1322765,4602,715071,2670,573398,173,34296,3341,146740,4074,603383,3517,750123,California
Sacramento,2021-05-23,4575,1327340,3021,718092,1451,574849,103,34399,1968,146225,2587,605970,2072,752195,California
Sacramento,2021-05-24,7815,1335155,4719,722811,2766,577615,330,34729,2480,143744,5289,611259,2808,755003,California
Sacramento,2021-05-25,6711,1341866,3876,726687,2543,580158,292,35021,2373,142098,4311,615570,2665,757668,California
Sacramento,2021-05-26,8564,1350430,4727,731414,3502,583660,335,35356,2812,139539,5701,621271,3142,760810,California
Sacramento,2021-05-27,6691,1357121,3648,735062,2803,586463,240,35596,2945,139022,3702,624973,3185,763995,California
Sacramento,2021-05-28,8273,1365394,4582,739644,3317,589780,374,35970,3455,138075,4776,629749,3829,767824,California
Sacramento,2021-05-29,4434,1369828,2696,742340,1579,591359,159,36129,2231,138286,2178,631927,2389,770213,California
Sacramento,2021-05-30,1677,1371505,1060,743400,579,591938,38,36167,748,138151,922,632849,787,771000,California
Sacramento,2021-05-31,884,1372389,443,743843,428,592366,13,36180,313,137909,568,633417,326,771326,California
Sacramento,2021-06-01,6975,1379364,4179,748022,2590,594956,206,36386,2533,136246,4399,637816,2736,774062,California
Sacramento,2021-06-02,6102,1385466,3349,751371,2539,597495,214,36600,2264,134929,3793,641609,2476,776538,California
Sacramento,2021-06-03,7459,1392925,5071,756442,2204,599699,184,36784,2141,131974,5277,646886,2322,778860,California
Sacramento,2021-06-04,7068,1399993,4519,760961,2337,602036,212,36996,2202,129554,4834,651720,2414,781274,California
Sacramento,2021-06-05,6218,1406211,4558,765519,1519,603555,141,37137,1756,127017,4433,656153,1896,783170,California
Sacramento,2021-06-06,2409,1408620,1892,767411,458,604013,59,37196,783,126240,1620,657773,843,784013,California
Sacramento,2021-06-07,5572,1414192,3904,771315,1488,605501,180,37376,1550,123971,3996,661769,1727,785740,California
Sacramento,2021-06-08,5409,1419601,3684,774999,1545,607046,180,37556,1723,122217,3659,665428,1905,787645,California
Sacramento,2021-06-09,6173,1425774,4282,779281,1706,608752,185,37741,1627,119534,4494,669922,1811,789456,California
Sacramento,2021-06-10,5416,1431190,3464,782745,1741,610493,211,37952,1676,117731,3690,673612,1887,791343,California
Sacramento,2021-06-11,7562,1438752,5222,787967,2146,612639,194,38146,2060,114515,5468,679080,2252,793595,California
Sacramento,2021-06-12,4727,1443479,3063,791030,1546,614185,118,38264,1285,112496,3423,682503,1404,794999,California
Sacramento,2021-06-13,1932,1445411,1424,792454,464,614649,44,38308,396,111411,1523,684026,438,795437,California
Sacramento,2021-06-14,4307,1449718,2787,795241,1358,616007,162,38470,1339,109960,2950,686976,1499,796936,California
Sacramento,2021-06-15,4921,1454639,2960,798201,1736,617743,225,38695,1719,108718,3185,690161,1943,798879,California
Sacramento,2021-06-16,4478,1459117,3008,801209,1251,618994,219,38914,1554,107585,2898,693059,1765,800644,California
Sacramento,2021-06-17,4066,1463183,2643,803852,1257,620251,166,39080,1399,106511,2634,695693,1560,802204,California
Sacramento,2021-06-18,5125,1468308,3350,807202,1534,621785,241,39321,1739,105129,3361,699054,1979,804183,California
Sacramento,2021-06-19,3338,1471646,2265,809467,928,622713,145,39466,1191,104335,2129,701183,1335,805518,California
Sacramento,2021-06-20,1235,1472881,916,810383,291,623004,28,39494,565,104268,660,701843,593,806111,California
Sacramento,2021-06-21,2524,1475405,1337,811720,1026,624030,161,39655,1239,104395,1271,703114,1398,807509,California
Sacramento,2021-06-22,3913,1479318,2696,814416,1020,625050,197,39852,1540,103780,2347,705461,1732,809241,California
Sacramento,2021-06-23,4080,1483398,2813,817229,1058,626108,209,40061,1522,102970,2537,707998,1727,810968,California
Sacramento,2021-06-24,3469,1486867,2247,819476,1028,627136,194,40255,1383,102480,2066,710064,1576,812544,California
Sacramento,2021-06-25,4186,1491053,2832,822308,1141,628277,213,40468,1691,101905,2476,712540,1901,814445,California
Sacramento,2021-06-26,2845,1493898,2033,824341,689,628966,123,40591,1191,101583,1635,714175,1313,815758,California
Sacramento,2021-06-27,1236,1495134,909,825250,296,629262,31,40622,449,101280,783,714958,480,816238,California
Sacramento,2021-06-28,2617,1497751,1946,827196,531,629793,140,40762,1139,101098,1460,716418,1278,817516,California
Sacramento,2021-06-29,3283,1501034,2190,829386,954,630747,139,40901,1328,100644,1926,718344,1472,818988,California
Sacramento,2021-06-30,3247,1504281,2231,831617,889,631636,127,41028,1534,100613,1693,720037,1662,820650,California
Sacramento,2021-07-01,2079,1506360,1410,833027,534,632170,135,41163,889,100456,1177,721214,1020,821670,California
San Benito,2020-12-16,29,29,29,29,0,0,0,0,29,29,0,0,29,29,California
San Benito,2020-12-17,48,77,48,77,0,0,0,0,48,77,0,0,48,77,California
San Benito,2020-12-18,72,149,72,149,0,0,0,0,72,149,0,0,72,149,California
San Benito,2020-12-19,48,197,48,197,0,0,0,0,48,197,0,0,48,197,California
San Benito,2020-12-20,24,221,24,221,0,0,0,0,24,221,0,0,24,221,California
San Benito,2020-12-21,77,298,77,298,0,0,0,0,77,298,0,0,77,298,California
San Benito,2020-12-22,101,399,101,399,0,0,0,0,101,399,0,0,101,399,California
San Benito,2020-12-23,86,485,74,473,12,12,0,0,86,485,0,0,86,485,California
San Benito,2020-12-24,13,498,5,478,8,20,0,0,13,498,0,0,13,498,California
San Benito,2020-12-25,3,501,3,481,0,20,0,0,3,501,0,0,3,501,California
San Benito,2020-12-26,13,514,4,485,9,29,0,0,13,514,0,0,13,514,California
San Benito,2020-12-27,8,522,7,492,1,30,0,0,8,522,0,0,8,522,California
San Benito,2020-12-28,66,588,36,528,30,60,0,0,66,588,0,0,66,588,California
San Benito,2020-12-29,49,637,21,549,28,88,0,0,49,637,0,0,49,637,California
San Benito,2020-12-30,59,696,37,586,22,110,0,0,59,696,0,0,59,696,California
San Benito,2020-12-31,19,715,2,588,17,127,0,0,19,715,0,0,19,715,California
San Benito,2021-01-02,24,739,23,611,1,128,0,0,24,739,0,0,24,739,California
San Benito,2021-01-03,4,743,2,613,2,130,0,0,3,742,0,0,3,742,California
San Benito,2021-01-04,61,804,23,636,38,168,0,0,61,803,0,0,61,803,California
San Benito,2021-01-05,117,921,37,673,80,248,0,0,114,914,3,3,114,917,California
San Benito,2021-01-06,102,1023,42,715,60,308,0,0,87,986,15,18,87,1004,California
San Benito,2021-01-07,106,1129,68,783,38,346,0,0,54,988,52,70,54,1058,California
San Benito,2021-01-08,181,1310,89,872,92,438,0,0,117,1041,64,134,117,1175,California
San Benito,2021-01-09,44,1354,31,903,13,451,0,0,30,1057,14,148,30,1205,California
San Benito,2021-01-10,17,1371,15,918,2,453,0,0,5,1050,12,160,5,1210,California
San Benito,2021-01-11,173,1544,108,1026,65,518,0,0,72,1021,101,261,72,1282,California
San Benito,2021-01-12,161,1705,57,1083,104,622,0,0,121,1102,40,301,121,1403,California
San Benito,2021-01-13,239,1944,68,1151,171,793,0,0,188,1239,51,352,188,1591,California
San Benito,2021-01-14,132,2076,24,1175,108,901,0,0,113,1333,19,371,113,1704,California
San Benito,2021-01-15,218,2294,21,1196,197,1098,0,0,204,1523,14,385,204,1908,California
San Benito,2021-01-16,25,2319,8,1204,17,1115,0,0,20,1538,5,390,20,1928,California
San Benito,2021-01-17,12,2331,5,1209,7,1122,0,0,9,1544,3,393,9,1937,California
San Benito,2021-01-18,37,2368,23,1232,14,1136,0,0,22,1551,15,408,22,1959,California
San Benito,2021-01-19,187,2555,81,1313,106,1242,0,0,149,1662,38,446,149,2108,California
San Benito,2021-01-20,338,2893,102,1415,236,1478,0,0,292,1909,45,491,292,2400,California
San Benito,2021-01-21,146,3039,33,1448,113,1591,0,0,120,2003,26,517,120,2520,California
San Benito,2021-01-22,237,3276,19,1467,218,1809,0,0,227,2220,10,527,227,2747,California
San Benito,2021-01-23,31,3307,17,1484,14,1823,0,0,13,2215,18,545,13,2760,California
San Benito,2021-01-24,28,3335,3,1487,25,1848,0,0,24,2235,4,549,24,2784,California
San Benito,2021-01-25,72,3407,24,1511,48,1896,0,0,24,2211,48,597,24,2808,California
San Benito,2021-01-26,138,3545,41,1552,97,1993,0,0,86,2245,52,649,86,2894,California
San Benito,2021-01-27,230,3775,69,1621,161,2154,0,0,191,2397,39,688,191,3085,California
San Benito,2021-01-28,151,3926,32,1653,119,2273,0,0,120,2487,30,718,120,3205,California
San Benito,2021-01-29,293,4219,33,1686,260,2533,0,0,268,2731,24,742,268,3473,California
San Benito,2021-01-30,52,4271,33,1719,19,2552,0,0,29,2737,23,765,29,3502,California
San Benito,2021-01-31,16,4287,5,1724,11,2563,0,0,11,2743,5,770,11,3513,California
San Benito,2021-02-01,137,4424,29,1753,108,2671,0,0,93,2792,44,814,93,3606,California
San Benito,2021-02-02,229,4653,49,1802,180,2851,0,0,139,2841,90,904,139,3745,California
San Benito,2021-02-03,341,4994,43,1845,298,3149,0,0,273,3046,68,972,273,4018,California
San Benito,2021-02-04,167,5161,24,1869,143,3292,0,0,121,3121,46,1018,121,4139,California
San Benito,2021-02-05,291,5452,40,1909,251,3543,0,0,228,3286,63,1081,228,4367,California
San Benito,2021-02-06,50,5502,9,1918,41,3584,0,0,33,3302,17,1098,33,4400,California
San Benito,2021-02-07,18,5520,9,1927,9,3593,0,0,16,3316,2,1100,16,4416,California
San Benito,2021-02-08,142,5662,18,1945,124,3717,0,0,96,3366,46,1146,96,4512,California
San Benito,2021-02-09,327,5989,64,2009,263,3980,0,0,195,3429,132,1278,195,4707,California
San Benito,2021-02-10,322,6311,89,2098,233,4213,0,0,105,3318,216,1494,105,4812,California
San Benito,2021-02-11,299,6610,33,2131,266,4479,0,0,201,3421,98,1592,201,5013,California
San Benito,2021-02-12,415,7025,32,2163,383,4862,0,0,208,3423,206,1798,208,5221,California
San Benito,2021-02-13,56,7081,7,2170,49,4911,0,0,44,3455,12,1810,44,5265,California
San Benito,2021-02-14,40,7121,5,2175,35,4946,0,0,30,3475,10,1820,30,5295,California
San Benito,2021-02-15,107,7228,9,2184,98,5044,0,0,96,3560,11,1831,96,5391,California
San Benito,2021-02-16,206,7434,11,2195,195,5239,0,0,101,3557,105,1936,102,5493,California
San Benito,2021-02-17,328,7762,29,2224,299,5538,0,0,278,3785,50,1986,278,5771,California
San Benito,2021-02-18,296,8058,38,2262,258,5796,0,0,73,3635,223,2209,73,5844,California
San Benito,2021-02-19,347,8405,47,2309,300,6096,0,0,181,3650,166,2375,181,6025,California
San Benito,2021-02-20,50,8455,28,2337,22,6118,0,0,38,3676,12,2387,38,6063,California
San Benito,2021-02-21,24,8479,9,2346,15,6133,0,0,15,3682,9,2396,15,6078,California
San Benito,2021-02-22,138,8617,37,2383,101,6234,0,0,101,3747,36,2432,101,6179,California
San Benito,2021-02-23,385,9002,97,2480,288,6522,0,0,267,3896,118,2550,267,6446,California
San Benito,2021-02-24,385,9387,68,2548,317,6839,0,0,245,4001,140,2690,245,6691,California
San Benito,2021-02-25,392,9779,64,2612,328,7167,0,0,271,4149,123,2813,271,6962,California
San Benito,2021-02-26,652,10431,75,2687,577,7744,0,0,402,4301,250,3063,402,7364,California
San Benito,2021-02-27,105,10536,41,2728,64,7808,0,0,86,4368,19,3082,86,7450,California
San Benito,2021-02-28,255,10791,31,2759,224,8032,0,0,243,4599,12,3094,243,7693,California
San Benito,2021-03-01,232,11023,61,2820,171,8203,0,0,161,4688,72,3166,161,7854,California
San Benito,2021-03-02,287,11310,95,2915,192,8395,0,0,215,4831,72,3238,215,8069,California
San Benito,2021-03-03,405,11715,65,2980,340,8735,0,0,227,4882,176,3414,227,8296,California
San Benito,2021-03-04,617,12332,126,3106,476,9211,15,15,429,5126,188,3602,432,8728,California
San Benito,2021-03-05,583,12915,307,3413,264,9475,12,27,375,5307,206,3808,387,9115,California
San Benito,2021-03-06,193,13108,69,3482,110,9585,14,41,140,5408,53,3861,154,9269,California
San Benito,2021-03-07,648,13756,603,4085,22,9607,23,64,615,6013,33,3894,638,9907,California
San Benito,2021-03-08,290,14046,66,4151,177,9784,47,111,167,6104,123,4017,214,10121,California
San Benito,2021-03-09,425,14471,83,4234,243,10027,99,210,138,6028,286,4303,210,10331,California
San Benito,2021-03-10,410,14881,121,4355,194,10221,95,305,239,6191,171,4474,334,10665,California
San Benito,2021-03-11,476,15357,124,4479,199,10420,153,458,212,6292,264,4738,365,11030,California
San Benito,2021-03-12,523,15880,124,4603,302,10722,97,555,233,6334,288,5026,330,11360,California
San Benito,2021-03-13,200,16080,99,4702,83,10805,18,573,126,6407,71,5097,144,11504,California
San Benito,2021-03-14,233,16313,40,4742,173,10978,20,593,180,6555,52,5149,200,11704,California
San Benito,2021-03-15,323,16636,98,4840,206,11184,19,612,190,6631,133,5282,209,11913,California
San Benito,2021-03-16,501,17137,218,5058,252,11436,31,643,353,6867,147,5429,383,12296,California
San Benito,2021-03-17,791,17928,479,5537,290,11726,22,665,561,7216,226,5655,575,12871,California
San Benito,2021-03-18,789,18717,528,6065,206,11932,55,720,573,7621,214,5869,619,13490,California
San Benito,2021-03-19,778,19495,403,6468,351,12283,24,744,573,8012,205,6074,596,14086,California
San Benito,2021-03-20,245,19740,148,6616,84,12367,13,757,186,8152,59,6133,199,14285,California
San Benito,2021-03-21,109,19849,57,6673,47,12414,5,762,81,8210,28,6161,86,14371,California
San Benito,2021-03-22,354,20203,173,6846,156,12570,25,787,222,8325,132,6293,247,14618,California
San Benito,2021-03-23,475,20678,198,7044,267,12837,10,797,206,8271,269,6562,215,14833,California
San Benito,2021-03-24,575,21253,304,7348,264,13101,7,804,349,8403,224,6786,356,15189,California
San Benito,2021-03-25,741,21994,441,7789,296,13397,4,808,439,8549,298,7084,444,15633,California
San Benito,2021-03-26,1020,23014,521,8310,494,13891,5,813,337,8209,682,7766,342,15975,California
San Benito,2021-03-27,338,23352,189,8499,117,14008,32,845,219,8342,118,7884,251,16226,California
San Benito,2021-03-28,735,24087,609,9108,121,14129,5,850,130,7872,605,8489,135,16361,California
San Benito,2021-03-29,344,24431,108,9216,216,14345,20,870,143,7834,200,8689,162,16523,California
San Benito,2021-03-30,580,25011,274,9490,213,14558,93,963,294,7935,286,8975,387,16910,California
San Benito,2021-03-31,595,25606,365,9855,206,14764,24,987,334,8034,259,9234,358,17268,California
San Benito,2021-04-01,954,26560,384,10239,531,15295,39,1026,564,8243,388,9622,597,17865,California
San Benito,2021-04-02,542,27102,262,10501,144,15439,136,1162,264,8366,277,9899,400,18265,California
San Benito,2021-04-03,254,27356,87,10588,103,15542,64,1226,75,8326,178,10077,138,18403,California
San Benito,2021-04-04,143,27499,108,10696,30,15572,5,1231,106,8400,37,10114,111,18514,California
San Benito,2021-04-05,354,27853,169,10865,141,15713,44,1275,143,8375,211,10325,186,18700,California
San Benito,2021-04-06,468,28321,164,11029,127,15840,177,1452,163,8409,305,10630,339,19039,California
San Benito,2021-04-07,944,29265,526,11555,227,16067,191,1643,264,8187,677,11307,455,19494,California
San Benito,2021-04-08,872,30137,437,11992,180,16247,255,1898,231,8033,640,11947,486,19980,California
San Benito,2021-04-09,854,30991,506,12498,256,16503,92,1990,298,7868,555,12502,390,20370,California
San Benito,2021-04-10,341,31332,206,12704,77,16580,58,2048,192,7969,149,12651,250,20620,California
San Benito,2021-04-11,480,31812,273,12977,172,16752,35,2083,270,8042,210,12861,283,20903,California
San Benito,2021-04-12,531,32343,286,13263,133,16885,112,2195,279,8178,251,13112,387,21290,California
San Benito,2021-04-13,760,33103,295,13558,442,17327,23,2218,527,8497,232,13344,551,21841,California
San Benito,2021-04-14,833,33936,655,14213,178,17505,0,2218,395,8460,432,13776,395,22236,California
San Benito,2021-04-15,946,34882,736,14949,209,17714,1,2219,475,8467,470,14246,477,22713,California
San Benito,2021-04-16,713,35595,372,15321,332,18046,9,2228,303,8373,407,14653,313,23026,California
San Benito,2021-04-17,323,35918,227,15548,96,18142,0,2228,130,8308,195,14848,130,23156,California
San Benito,2021-04-18,507,36425,426,15974,81,18223,0,2228,247,8297,260,15108,249,23405,California
San Benito,2021-04-19,745,37170,595,16569,150,18373,0,2228,420,8395,323,15431,421,23826,California
San Benito,2021-04-20,790,37960,419,16988,369,18742,2,2230,497,8605,288,15719,498,24324,California
San Benito,2021-04-21,973,38933,721,17709,252,18994,0,2230,525,8697,433,16152,525,24849,California
San Benito,2021-04-22,904,39837,697,18406,207,19201,0,2230,567,8935,329,16481,567,25416,California
San Benito,2021-04-23,644,40481,408,18814,235,19436,1,2231,342,9024,253,16734,342,25758,California
San Benito,2021-04-24,362,40843,202,19016,160,19596,0,2231,166,9034,156,16890,166,25924,California
San Benito,2021-04-25,205,41048,128,19144,77,19673,0,2231,95,9037,92,16982,95,26019,California
San Benito,2021-04-26,496,41544,393,19537,103,19776,0,2231,260,9122,175,17157,260,26279,California
San Benito,2021-04-27,560,42104,286,19823,267,20043,7,2238,408,9395,142,17299,415,26694,California
San Benito,2021-04-28,555,42659,393,20216,154,20197,8,2246,390,9632,160,17459,397,27091,California
San Benito,2021-04-29,635,43294,235,20451,390,20587,10,2256,255,9535,379,17838,282,27373,California
San Benito,2021-04-30,385,43679,216,20667,162,20749,7,2263,209,9577,174,18012,216,27589,California
San Benito,2021-05-01,195,43874,142,20809,44,20793,9,2272,65,9522,129,18141,74,27663,California
San Benito,2021-05-02,189,44063,160,20969,25,20818,4,2276,57,9451,132,18273,61,27724,California
San Benito,2021-05-03,359,44422,283,21252,66,20884,10,2286,86,9276,273,18546,98,27822,California
San Benito,2021-05-04,416,44838,257,21509,151,21035,8,2294,150,9169,264,18810,157,27979,California
San Benito,2021-05-05,612,45450,432,21941,164,21199,16,2310,217,9011,391,19201,233,28212,California
San Benito,2021-05-06,625,46075,497,22438,113,21312,15,2325,225,8855,396,19597,240,28452,California
San Benito,2021-05-07,454,46529,290,22728,154,21466,10,2335,174,8762,278,19875,185,28637,California
San Benito,2021-05-08,279,46808,228,22956,46,21512,5,2340,155,8798,124,19999,160,28797,California
San Benito,2021-05-09,108,46916,83,23039,22,21534,3,2343,48,8789,60,20059,51,28848,California
San Benito,2021-05-10,411,47327,322,23361,65,21599,24,2367,53,8509,358,20417,78,28926,California
San Benito,2021-05-11,837,48164,425,23786,396,21995,16,2383,191,8073,644,21061,208,29134,California
San Benito,2021-05-12,517,48681,412,24198,92,22087,13,2396,123,7817,393,21454,137,29271,California
San Benito,2021-05-13,738,49419,631,24829,90,22177,17,2413,212,7522,523,21977,228,29499,California
San Benito,2021-05-14,602,50021,445,25274,150,22327,7,2420,231,7391,369,22346,238,29737,California
San Benito,2021-05-15,228,50249,172,25446,50,22377,6,2426,127,7423,101,22447,133,29870,California
San Benito,2021-05-16,174,50423,146,25592,26,22403,2,2428,97,7445,77,22524,99,29969,California
San Benito,2021-05-17,388,50811,313,25905,66,22469,9,2437,177,7423,208,22732,186,30155,California
San Benito,2021-05-18,675,51486,355,26260,315,22784,5,2442,212,7178,463,23195,218,30373,California
San Benito,2021-05-19,572,52058,421,26681,143,22927,8,2450,231,7076,341,23536,239,30612,California
San Benito,2021-05-20,593,52651,470,27151,112,23039,11,2461,315,7125,277,23813,326,30938,California
San Benito,2021-05-21,466,53117,275,27426,175,23214,16,2477,213,7103,251,24064,229,31167,California
San Benito,2021-05-22,296,53413,224,27650,67,23281,5,2482,182,7179,112,24176,188,31355,California
San Benito,2021-05-23,99,53512,61,27711,34,23315,4,2486,36,7155,63,24239,39,31394,California
San Benito,2021-05-24,307,53819,258,27969,42,23357,7,2493,191,7237,116,24355,198,31592,California
San Benito,2021-05-25,527,54346,241,28210,279,23636,7,2500,170,7059,355,24710,177,31769,California
San Benito,2021-05-26,312,54658,196,28406,109,23745,7,2507,125,7004,186,24896,131,31900,California
San Benito,2021-05-27,408,55066,312,28718,73,23818,23,2530,151,6924,257,25153,177,32077,California
San Benito,2021-05-28,287,55353,177,28895,103,23921,7,2537,110,6865,176,25329,117,32194,California
San Benito,2021-05-29,146,55499,124,29019,20,23941,2,2539,61,6843,85,25414,63,32257,California
San Benito,2021-05-30,269,55768,253,29272,16,23957,0,2539,90,6755,178,25592,90,32347,California
San Benito,2021-05-31,100,55868,87,29359,11,23968,2,2541,43,6744,56,25648,45,32392,California
San Benito,2021-06-01,267,56135,121,29480,120,24088,26,2567,86,6675,180,25828,111,32503,California
San Benito,2021-06-02,322,56457,244,29724,76,24164,2,2569,110,6577,211,26039,113,32616,California
San Benito,2021-06-03,339,56796,288,30012,45,24209,6,2575,99,6444,238,26277,105,32721,California
San Benito,2021-06-04,272,57068,205,30217,67,24276,0,2575,86,6345,185,26462,86,32807,California
San Benito,2021-06-05,94,57162,76,30293,17,24293,1,2576,21,6295,72,26534,22,32829,California
San Benito,2021-06-06,59,57221,49,30342,7,24300,3,2579,13,6265,46,26580,16,32845,California
San Benito,2021-06-07,339,57560,299,30641,35,24335,5,2584,85,6103,252,26832,90,32935,California
San Benito,2021-06-08,309,57869,217,30858,77,24412,15,2599,94,5998,214,27046,109,33044,California
San Benito,2021-06-09,241,58110,189,31047,44,24456,8,2607,68,5901,173,27219,76,33120,California
San Benito,2021-06-10,359,58469,330,31377,22,24478,7,2614,72,5696,284,27503,79,33199,California
San Benito,2021-06-11,272,58741,231,31608,21,24499,20,2634,94,5633,177,27680,114,33313,California
San Benito,2021-06-12,161,58902,147,31755,10,24509,4,2638,51,5593,95,27775,55,33368,California
San Benito,2021-06-13,53,58955,41,31796,10,24519,2,2640,16,5581,30,27805,18,33386,California
San Benito,2021-06-14,180,59135,150,31946,25,24544,5,2645,61,5528,118,27923,65,33451,California
San Benito,2021-06-15,221,59356,128,32074,87,24631,6,2651,77,5470,142,28065,84,33535,California
San Benito,2021-06-16,214,59570,171,32245,29,24660,14,2665,73,5417,140,28205,87,33622,California
San Benito,2021-06-17,251,59821,207,32452,17,24677,27,2692,78,5350,173,28378,106,33728,California
San Benito,2021-06-18,159,59980,102,32554,50,24727,7,2699,64,5326,95,28473,71,33799,California
San Benito,2021-06-19,115,60095,109,32663,6,24733,0,2699,48,5307,67,28540,48,33847,California
San Benito,2021-06-20,38,60133,36,32699,2,24735,0,2699,18,5305,20,28560,18,33865,California
San Benito,2021-06-21,113,60246,83,32782,15,24750,15,2714,59,5325,53,28613,73,33938,California
San Benito,2021-06-22,207,60453,126,32908,60,24810,21,2735,75,5289,131,28744,95,34033,California
San Benito,2021-06-23,150,60603,113,33021,27,24837,10,2745,61,5271,89,28833,71,34104,California
San Benito,2021-06-24,190,60793,162,33183,15,24852,13,2758,81,5257,108,28941,94,34198,California
San Benito,2021-06-25,151,60944,120,33303,29,24881,2,2760,64,5237,87,29028,67,34265,California
San Benito,2021-06-26,76,61020,61,33364,14,24895,1,2761,33,5229,42,29070,34,34299,California
San Benito,2021-06-27,59,61079,52,33416,2,24897,5,2766,25,5225,34,29104,30,34329,California
San Benito,2021-06-28,123,61202,100,33516,19,24916,4,2770,51,5208,72,29176,55,34384,California
San Benito,2021-06-29,110,61312,55,33571,43,24959,12,2782,40,5190,70,29246,52,34436,California
San Benito,2021-06-30,134,61446,110,33681,18,24977,6,2788,51,5165,82,29328,57,34493,California
San Benito,2021-07-01,111,61557,82,33763,20,24997,9,2797,42,5146,68,29396,49,34542,California
San Bernardino,2020-12-15,13,13,13,13,0,0,0,0,13,13,0,0,13,13,California
San Bernardino,2020-12-16,114,127,114,127,0,0,0,0,114,127,0,0,114,127,California
San Bernardino,2020-12-17,2375,2502,2375,2502,0,0,0,0,2375,2502,0,0,2375,2502,California
San Bernardino,2020-12-18,3173,5675,3170,5672,3,3,0,0,3174,5676,0,0,3174,5676,California
San Bernardino,2020-12-19,1076,6751,1075,6747,1,4,0,0,1077,6753,0,0,1077,6753,California
San Bernardino,2020-12-20,1184,7935,1180,7927,4,8,0,0,1184,7937,0,0,1184,7937,California
San Bernardino,2020-12-21,2463,10398,2456,10383,7,15,0,0,2463,10400,0,0,2463,10400,California
San Bernardino,2020-12-22,2282,12680,2153,12536,129,144,0,0,2283,12683,0,0,2283,12683,California
San Bernardino,2020-12-23,2676,15356,1468,14004,1208,1352,0,0,2674,15357,0,0,2674,15357,California
San Bernardino,2020-12-24,1161,16517,582,14586,579,1931,0,0,1162,16518,1,1,1162,16519,California
San Bernardino,2020-12-25,76,16593,15,14601,61,1992,0,0,76,16594,0,1,76,16595,California
San Bernardino,2020-12-26,466,17059,255,14856,211,2203,0,0,466,17060,0,1,466,17061,California
San Bernardino,2020-12-27,351,17410,164,15020,187,2390,0,0,350,17409,1,2,350,17411,California
San Bernardino,2020-12-28,1588,18998,717,15737,871,3261,0,0,1589,18998,0,2,1589,19000,California
San Bernardino,2020-12-29,2230,21228,1048,16785,1182,4443,0,0,2230,21228,0,2,2230,21230,California
San Bernardino,2020-12-30,2918,24146,1461,18246,1457,5900,0,0,2918,24146,0,2,2918,24148,California
San Bernardino,2020-12-31,1382,25528,441,18687,941,6841,0,0,1380,25526,0,2,1380,25528,California
San Bernardino,2021-01-01,289,25817,152,18839,137,6978,0,0,288,25814,0,2,288,25816,California
San Bernardino,2021-01-02,485,26302,345,19184,140,7118,0,0,485,26299,0,2,485,26301,California
San Bernardino,2021-01-03,142,26444,88,19272,54,7172,0,0,142,26441,0,2,142,26443,California
San Bernardino,2021-01-04,2144,28588,1293,20565,851,8023,0,0,2143,28584,0,2,2143,28586,California
San Bernardino,2021-01-05,2346,30934,1462,22027,884,8907,0,0,2233,30706,111,113,2233,30819,California
San Bernardino,2021-01-06,3465,34399,2363,24390,1102,10009,0,0,2964,33176,495,608,2965,33784,California
San Bernardino,2021-01-07,5453,39852,4520,28910,933,10942,0,0,2488,32718,2946,3554,2488,36272,California
San Bernardino,2021-01-08,5400,45252,4469,33379,931,11873,0,0,2299,31921,3097,6651,2300,38572,California
San Bernardino,2021-01-09,1411,46663,1105,34484,306,12179,0,0,909,32328,502,7153,909,39481,California
San Bernardino,2021-01-10,1031,47694,601,35085,430,12609,0,0,579,32455,452,7605,579,40060,California
San Bernardino,2021-01-11,4996,52690,4083,39168,913,13522,0,0,2779,33020,2214,9819,2779,42839,California
San Bernardino,2021-01-12,4255,56945,3231,42399,1024,14546,0,0,2527,33821,1726,11545,2527,45366,California
San Bernardino,2021-01-13,4611,61556,2871,45270,1740,16286,0,0,3384,35991,1215,12760,3385,48751,California
San Bernardino,2021-01-14,4877,66433,2884,48154,1993,18279,0,0,4290,39698,583,13343,4290,53041,California
San Bernardino,2021-01-15,6002,72435,2962,51116,3040,21319,0,0,5601,44911,391,13734,5604,58645,California
San Bernardino,2021-01-16,2276,74711,1292,52408,984,22303,0,0,2132,46899,144,13878,2132,60777,California
San Bernardino,2021-01-17,1191,75902,508,52916,683,22986,0,0,1108,47926,82,13960,1109,61886,California
San Bernardino,2021-01-18,4287,80189,2648,55564,1639,24625,0,0,3657,50955,630,14590,3659,65545,California
San Bernardino,2021-01-19,6357,86546,3716,59280,2641,27266,0,0,5261,55124,1094,15684,5263,70808,California
San Bernardino,2021-01-20,6915,93461,3795,63075,3120,30386,0,0,4944,58109,1961,17645,4946,75754,California
San Bernardino,2021-01-21,6036,99497,3100,66175,2936,33322,0,0,4903,61892,1123,18768,4906,80660,California
San Bernardino,2021-01-22,6601,106098,3089,69264,3512,36834,0,0,5871,67036,728,19496,5872,86532,California
San Bernardino,2021-01-23,3136,109234,1895,71159,1241,38075,0,0,2730,69361,405,19901,2730,89262,California
San Bernardino,2021-01-24,1211,110445,462,71621,749,38824,0,0,1107,70364,104,20005,1107,90369,California
San Bernardino,2021-01-25,6919,117364,3416,75037,3503,42327,0,0,5057,73566,1858,21863,5060,95429,California
San Bernardino,2021-01-26,7110,124474,3543,78580,3567,45894,0,0,5003,76465,2106,23969,5005,100434,California
San Bernardino,2021-01-27,8571,133045,4148,82728,4423,50317,0,0,5735,79374,2826,26795,5735,106169,California
San Bernardino,2021-01-28,8652,141697,4086,86814,4566,54883,0,0,6306,83343,2337,29132,6306,112475,California
San Bernardino,2021-01-29,8229,149926,3751,90565,4478,59361,0,0,6233,87597,1980,31112,6234,118709,California
San Bernardino,2021-01-30,3097,153023,1877,92442,1220,60581,0,0,2803,90108,293,31405,2804,121513,California
San Bernardino,2021-01-31,920,153943,474,92916,446,61027,0,0,861,90911,58,31463,861,122374,California
San Bernardino,2021-02-01,7635,161578,4260,97176,3375,64402,0,0,4951,93184,2679,34142,4952,127326,California
San Bernardino,2021-02-02,10563,172141,3683,100859,6880,71282,0,0,8454,99536,2104,36246,8456,135782,California
San Bernardino,2021-02-03,9108,181249,4172,105031,4936,76218,0,0,6574,103585,2526,38772,6575,142357,California
San Bernardino,2021-02-04,10609,191858,5218,110249,5391,81609,0,0,7479,107946,3119,41891,7480,149837,California
San Bernardino,2021-02-05,11141,202999,5971,116220,5170,86779,0,0,7548,111914,3581,45472,7549,157386,California
San Bernardino,2021-02-06,5293,208292,2222,118442,3071,89850,0,0,3648,113950,1615,47087,3651,161037,California
San Bernardino,2021-02-07,854,209146,495,118937,359,90209,0,0,476,114052,375,47462,477,161514,California
San Bernardino,2021-02-08,7327,216473,3900,122837,3427,93636,0,0,5636,117998,1690,49152,5636,167150,California
San Bernardino,2021-02-09,10173,226646,5909,128746,4264,97900,0,0,6849,121528,3323,52475,6853,174003,California
San Bernardino,2021-02-10,12184,238830,6490,135236,5694,103594,0,0,8018,125392,4155,56630,8019,182022,California
San Bernardino,2021-02-11,12543,251373,7183,142419,5360,108954,0,0,7969,128818,4547,61177,7973,189995,California
San Bernardino,2021-02-12,10600,261973,5996,148415,4604,113558,0,0,5777,129796,4802,65979,5780,195775,California
San Bernardino,2021-02-13,6124,268097,4076,152491,2048,115606,0,0,3837,131368,2270,68249,3842,199617,California
San Bernardino,2021-02-14,1577,269674,666,153157,911,116517,0,0,884,131567,686,68935,885,200502,California
San Bernardino,2021-02-15,5523,275197,3018,156175,2505,119022,0,0,3082,132221,2428,71363,3082,203584,California
San Bernardino,2021-02-16,12762,287959,7457,163632,5305,124327,0,0,8035,135546,4714,76077,8039,211623,California
San Bernardino,2021-02-17,11942,299901,6536,170168,5406,129733,0,0,7196,138023,4724,80801,7201,218824,California
San Bernardino,2021-02-18,12612,312513,7644,177812,4968,134701,0,0,7784,140998,4811,85612,7786,226610,California
San Bernardino,2021-02-19,11810,324323,6047,183859,5763,140464,0,0,6971,143156,4815,90427,6973,233583,California
San Bernardino,2021-02-20,4610,328933,3536,187395,1074,141538,0,0,2070,142699,2530,92957,2073,235656,California
San Bernardino,2021-02-21,1178,330111,704,188099,474,142012,0,0,410,142342,768,93725,411,236067,California
San Bernardino,2021-02-22,8961,339072,5532,193631,3429,145441,0,0,4156,141714,4785,98510,4157,240224,California
San Bernardino,2021-02-23,9676,348748,5877,199508,3799,149240,0,0,4898,141868,4750,103260,4904,245128,California
San Bernardino,2021-02-24,12648,361396,7266,206774,5382,154622,0,0,6233,141712,6395,109655,6239,251367,California
San Bernardino,2021-02-25,13181,374577,6306,213080,6875,161497,0,0,7672,143896,5492,115147,7676,259043,California
San Bernardino,2021-02-26,13738,388315,6396,219476,7342,168839,0,0,7654,145538,6020,121167,7662,266705,California
San Bernardino,2021-02-27,6705,395020,3751,223227,2953,171792,1,1,4819,148488,1874,123041,4824,271529,California
San Bernardino,2021-02-28,1788,396808,748,223975,1040,172832,0,1,1146,149004,632,123673,1148,272677,California
San Bernardino,2021-03-01,8511,405319,4391,228366,4115,176947,5,6,3864,148266,4618,128291,3880,276557,California
San Bernardino,2021-03-02,13934,419253,5582,233948,8352,185299,0,6,6542,147462,7356,135647,6552,283109,California
San Bernardino,2021-03-03,13157,432410,6696,240644,6457,191756,4,10,6203,146748,6930,142577,6216,289325,California
San Bernardino,2021-03-04,14003,446413,6945,247589,7057,198813,1,11,6071,144918,7910,150487,6080,295405,California
San Bernardino,2021-03-05,14498,460911,7574,255163,6922,205735,2,13,7062,144604,7399,157886,7085,302490,California
San Bernardino,2021-03-06,9762,470673,5479,260642,4057,209792,226,239,4557,144196,5187,163073,4779,307269,California
San Bernardino,2021-03-07,1691,472364,1023,261665,596,210388,72,311,1064,144710,625,163698,1139,308408,California
San Bernardino,2021-03-08,8143,480507,3604,265269,4368,214756,171,482,3615,143982,4519,168217,3791,312199,California
San Bernardino,2021-03-09,13130,493637,7502,272771,5377,220133,251,733,5273,141664,7844,176061,5526,317725,California
San Bernardino,2021-03-10,14245,507882,7869,280640,5821,225954,555,1288,6365,140734,7853,183914,6923,324648,California
San Bernardino,2021-03-11,15687,523569,7266,287906,6814,232768,1607,2895,7391,141455,8274,192188,8995,333643,California
San Bernardino,2021-03-12,15638,539207,6968,294874,6619,239387,2051,4946,7344,142636,8258,200446,9439,343082,California
San Bernardino,2021-03-13,8409,547616,4579,299453,3313,242700,517,5463,4964,144689,3430,203876,5483,348565,California
San Bernardino,2021-03-14,3311,550927,1682,301135,1046,243746,583,6046,1843,145650,1461,205337,2422,350987,California
San Bernardino,2021-03-15,11444,562371,5403,306538,4007,247753,2034,8080,5419,147090,6006,211343,7446,358433,California
San Bernardino,2021-03-16,16270,578641,8055,314593,7273,255026,942,9022,9853,151506,6386,217729,10802,369235,California
San Bernardino,2021-03-17,17506,596147,8703,323296,8053,263079,750,9772,10550,155874,6933,224662,11301,380536,California
San Bernardino,2021-03-18,16778,612925,8298,331594,8089,271168,391,10163,9892,159297,6856,231518,10279,390815,California
San Bernardino,2021-03-19,17115,630040,8496,340090,8020,279188,599,10762,9787,162434,7299,238817,10436,401251,California
San Bernardino,2021-03-20,9560,639600,5983,346073,2977,282165,600,11362,5671,164838,3861,242678,6265,407516,California
San Bernardino,2021-03-21,2849,642449,2303,348376,495,282660,51,11413,2279,166611,557,243235,2330,409846,California
San Bernardino,2021-03-22,9738,652187,4601,352977,4701,287361,436,11849,7043,171420,2670,245905,7479,417325,California
San Bernardino,2021-03-23,15657,667844,8886,361863,6150,293511,621,12470,9645,175696,5987,251892,10263,427588,California
San Bernardino,2021-03-24,15222,683066,7838,369701,7078,300589,306,12776,10025,180873,5155,257047,10332,437920,California
San Bernardino,2021-03-25,17126,700192,8389,378090,8432,309021,305,13081,10785,185672,6285,263332,11084,449004,California
San Bernardino,2021-03-26,18241,718433,8673,386763,8798,317819,770,13851,10880,189993,7331,270663,11652,460656,California
San Bernardino,2021-03-27,10886,729319,7023,393786,3108,320927,755,14606,6186,192256,4676,275339,6939,467595,California
San Bernardino,2021-03-28,3652,732971,2563,396349,974,321901,115,14721,2528,193785,1114,276453,2643,470238,California
San Bernardino,2021-03-29,11827,744798,6144,402493,5281,327182,402,15123,7964,198311,3839,280292,8365,478603,California
San Bernardino,2021-03-30,17034,761832,9511,412004,6804,333986,719,15842,10532,203089,6462,286754,11240,489843,California
San Bernardino,2021-03-31,16647,778479,9374,421378,6631,340617,642,16484,10876,208868,5736,292490,11515,501358,California
San Bernardino,2021-04-01,19880,798359,10490,431868,7961,348578,1429,17913,12731,215919,7100,299590,14151,515509,California
San Bernardino,2021-04-02,18938,817297,9544,441412,8099,356677,1295,19208,11417,221183,7489,307079,12753,528262,California
San Bernardino,2021-04-03,11189,828486,6994,448406,3047,359724,1148,20356,6082,223317,5086,312165,7220,535482,California
San Bernardino,2021-04-04,2514,831000,1516,449922,746,360470,252,20608,1260,223584,1244,313409,1511,536993,California
San Bernardino,2021-04-05,11870,842870,5312,455234,4778,365248,1780,22388,6038,225589,5806,319215,7811,544804,California
San Bernardino,2021-04-06,19877,862747,11179,466413,6570,371818,2128,24516,10483,228842,9346,328561,12599,557403,California
San Bernardino,2021-04-07,21211,883958,11391,477804,7316,379134,2504,27020,11527,233207,9649,338210,14014,571417,California
San Bernardino,2021-04-08,22107,906065,11335,489139,8133,387267,2639,29659,12102,237962,9974,348184,14729,586146,California
San Bernardino,2021-04-09,21995,928060,11181,500320,8181,395448,2633,32292,11920,242465,10034,358218,14537,600683,California
San Bernardino,2021-04-10,15739,943799,8145,508465,3871,399319,3723,36015,7811,246079,7904,366122,11518,612201,California
San Bernardino,2021-04-11,4455,948254,2594,511059,894,400213,967,36982,2045,246681,2403,368525,3005,615206,California
San Bernardino,2021-04-12,13532,961786,6248,517307,5612,405825,1672,38654,6407,247655,7100,375625,8074,623280,California
San Bernardino,2021-04-13,19486,981272,11106,528413,8361,414186,19,38673,11187,250596,8268,383893,11209,634489,California
San Bernardino,2021-04-14,19545,1000817,10444,538857,9098,423284,3,38676,11011,253120,8493,392386,11017,645506,California
San Bernardino,2021-04-15,20635,1021452,11533,550390,9096,432380,6,38682,10930,254394,9663,402049,10937,656443,California
San Bernardino,2021-04-16,18903,1040355,10706,561096,8196,440576,1,38683,9260,254059,9596,411645,9261,665704,California
San Bernardino,2021-04-17,12089,1052444,7971,569067,4118,444694,0,38683,6283,254583,5759,417404,6283,671987,California
San Bernardino,2021-04-18,3239,1055683,2307,571374,932,445626,0,38683,1385,254127,1841,419245,1385,673372,California
San Bernardino,2021-04-19,12734,1068417,6805,578179,5929,451555,0,38683,4934,251293,7773,427018,4939,678311,California
San Bernardino,2021-04-20,18295,1086712,10365,588544,7927,459482,3,38686,8275,249587,9986,437004,8280,686591,California
San Bernardino,2021-04-21,19109,1105821,11235,599779,7872,467354,2,38688,8329,247211,10710,447714,8334,694925,California
San Bernardino,2021-04-22,19675,1125496,11400,611179,8271,475625,4,38692,7966,243532,11652,459366,7973,702898,California
San Bernardino,2021-04-23,18949,1144445,10992,622171,7956,483581,1,38693,8235,241113,10657,470023,8238,711136,California
San Bernardino,2021-04-24,12865,1157310,9488,631659,3375,486956,2,38695,6911,242088,5938,475961,6913,718049,California
San Bernardino,2021-04-25,3424,1160734,2238,633897,1186,488142,0,38695,1677,242038,1730,477691,1680,719729,California
San Bernardino,2021-04-26,11365,1172099,6213,640110,5062,493204,90,38785,4835,240477,6487,484178,4926,724655,California
San Bernardino,2021-04-27,16754,1188853,10175,650285,6367,499571,212,38997,6881,237741,9829,494007,7093,731748,California
San Bernardino,2021-04-28,15107,1203960,9092,659377,5737,505308,278,39275,5471,233871,9610,503617,5740,737488,California
San Bernardino,2021-04-29,16619,1220579,9700,669077,6651,511959,268,39543,5577,228710,11003,514620,5842,743330,California
San Bernardino,2021-04-30,16879,1237458,10753,679830,5845,517804,281,39824,6271,224694,10566,525186,6550,749880,California
San Bernardino,2021-05-01,10790,1248248,8431,688261,2045,519849,314,40138,3738,221696,7045,532231,4047,753927,California
San Bernardino,2021-05-02,2951,1251199,2135,690396,685,520534,131,40269,1050,220986,1890,534121,1180,755107,California
San Bernardino,2021-05-03,10068,1261267,5792,696188,3872,524406,404,40673,2905,217143,7152,541273,3309,758416,California
San Bernardino,2021-05-04,16054,1277321,9851,706039,5746,530152,457,41130,4687,210961,11323,552596,5141,763557,California
San Bernardino,2021-05-05,15748,1293069,9206,715245,6129,536281,413,41543,4451,204572,11248,563844,4859,768416,California
San Bernardino,2021-05-06,16075,1309144,9263,724508,6397,542678,415,41958,4400,197754,11631,575475,4813,773229,California
San Bernardino,2021-05-07,15700,1324844,8874,733382,6448,549126,378,42336,4670,191827,10971,586446,5044,778273,California
San Bernardino,2021-05-08,9588,1334432,6433,739815,2888,552014,267,42603,3301,189143,6252,592698,3568,781841,California
San Bernardino,2021-05-09,2078,1336510,1376,741191,612,552626,90,42693,832,188826,1239,593937,922,782763,California
San Bernardino,2021-05-10,7685,1344195,3562,744753,3805,556431,318,43011,2367,186237,5271,599208,2682,785445,California
San Bernardino,2021-05-11,12599,1356794,7086,751839,5154,561585,359,43370,4040,182121,8515,607723,4399,789844,California
San Bernardino,2021-05-12,12840,1369634,7038,758877,5486,567071,316,43686,3655,176957,9134,616857,3970,793814,California
San Bernardino,2021-05-13,13514,1383148,8209,767086,4953,572024,352,44038,5296,174426,8172,625029,5641,799455,California
San Bernardino,2021-05-14,14003,1397151,9366,776452,4298,576322,339,44377,5817,172453,8129,633158,6156,805611,California
San Bernardino,2021-05-15,11438,1408589,8521,784973,2728,579050,189,44566,4656,170543,6749,639907,4839,810450,California
San Bernardino,2021-05-16,3118,1411707,2376,787349,680,579730,62,44628,1559,170624,1540,641447,1621,812071,California
San Bernardino,2021-05-17,10100,1421807,6817,794166,2990,582720,293,44921,4495,169842,5566,647013,4784,816855,California
San Bernardino,2021-05-18,13784,1435591,9160,803326,4376,587096,248,45169,6180,168691,7575,654588,6424,823279,California
San Bernardino,2021-05-19,11558,1447149,7237,810563,3941,591037,380,45549,5211,167968,6309,660897,5586,828865,California
San Bernardino,2021-05-20,11628,1458777,6961,817524,4350,595387,317,45866,5030,166759,6556,667453,5347,834212,California
San Bernardino,2021-05-21,12618,1471395,8351,825875,3884,599271,383,46249,5348,165270,7215,674668,5726,839938,California
San Bernardino,2021-05-22,8938,1480333,6701,832576,2029,601300,208,46457,4280,165144,4610,679278,4484,844422,California
San Bernardino,2021-05-23,2444,1482777,1556,834132,796,602096,92,46549,1137,165076,1296,680574,1228,845650,California
San Bernardino,2021-05-24,6971,1489748,4463,838595,2202,604298,306,46855,3087,164640,3828,684402,3392,849042,California
San Bernardino,2021-05-25,9334,1499082,5729,844324,3349,607647,256,47111,4103,163803,5193,689595,4356,853398,California
San Bernardino,2021-05-26,8252,1507334,5241,849565,2760,610407,251,47362,3746,163332,4462,694057,3991,857389,California
San Bernardino,2021-05-27,7670,1515004,4661,854226,2772,613179,237,47599,3453,162844,4178,698235,3690,861079,California
San Bernardino,2021-05-28,8817,1523821,5481,859707,3057,616236,279,47878,4375,163100,4396,702631,4652,865731,California
San Bernardino,2021-05-29,5061,1528882,3379,863086,1563,617799,119,47997,2563,163303,2478,705109,2681,868412,California
San Bernardino,2021-05-30,1750,1530632,1239,864325,432,618231,79,48076,852,163342,891,706000,930,869342,California
San Bernardino,2021-05-31,897,1531529,568,864893,312,618543,17,48093,319,163106,573,706573,337,869679,California
San Bernardino,2021-06-01,8653,1540182,5558,870451,2848,621391,247,48340,3364,161482,5232,711805,3608,873287,California
San Bernardino,2021-06-02,6843,1547025,4306,874757,2296,623687,241,48581,2880,160669,3930,715735,3117,876404,California
San Bernardino,2021-06-03,7976,1555001,5381,880138,2397,626084,198,48779,2701,158317,5251,720986,2899,879303,California
San Bernardino,2021-06-04,9149,1564150,6187,886325,2669,628753,293,49072,3139,155787,5961,726947,3431,882734,California
San Bernardino,2021-06-05,6557,1570707,5009,891334,1421,630174,127,49199,2245,153866,4289,731236,2368,885102,California
San Bernardino,2021-06-06,2036,1572743,1698,893032,274,630448,64,49263,672,153247,1355,732591,736,885838,California
San Bernardino,2021-06-07,6297,1579040,4899,897931,1184,631632,214,49477,1959,151104,4314,736905,2171,888009,California
San Bernardino,2021-06-08,8442,1587482,6128,904059,2089,633721,225,49702,2610,148169,5765,742670,2830,890839,California
San Bernardino,2021-06-09,7006,1594488,4988,909047,1826,635547,192,49894,2272,145953,4681,747351,2465,893304,California
San Bernardino,2021-06-10,7093,1601581,5009,914056,1880,637427,204,50098,2229,143568,4817,752168,2432,895736,California
San Bernardino,2021-06-11,8061,1609642,5627,919683,2202,639629,232,50330,2911,141606,5103,757271,3141,898877,California
San Bernardino,2021-06-12,5898,1615540,4645,924328,1131,640760,122,50452,1710,139275,4165,761436,1834,900711,California
San Bernardino,2021-06-13,1495,1617035,1062,925390,362,641122,71,50523,402,138658,1089,762525,472,901183,California
San Bernardino,2021-06-14,4923,1621958,3554,928944,1149,642271,220,50743,1801,137583,3094,765619,2019,903202,California
San Bernardino,2021-06-15,7177,1629135,5073,934017,1855,644126,249,50992,2561,135823,4565,770184,2805,906007,California
San Bernardino,2021-06-16,6361,1635496,4532,938549,1607,645733,222,51214,2332,134396,3982,774166,2555,908562,California
San Bernardino,2021-06-17,5653,1641149,3972,942521,1518,647251,163,51377,2204,133351,3411,777577,2366,910928,California
San Bernardino,2021-06-18,6870,1648019,4614,947135,2016,649267,240,51617,2574,131903,4259,781836,2811,913739,California
San Bernardino,2021-06-19,4061,1652080,3035,950170,895,650162,131,51748,1748,131490,2290,784126,1877,915616,California
San Bernardino,2021-06-20,1466,1653546,1127,951297,279,650441,60,51808,585,131261,874,785000,645,916261,California
San Bernardino,2021-06-21,3563,1657109,2304,953601,1034,651475,225,52033,1995,131927,1552,786552,2218,918479,California
San Bernardino,2021-06-22,5681,1662790,3869,957470,1596,653071,216,52249,2278,131049,3374,789926,2496,920975,California
San Bernardino,2021-06-23,5037,1667827,3570,961040,1270,654341,197,52446,2118,130469,2891,792817,2311,923286,California
San Bernardino,2021-06-24,4862,1672689,3374,964414,1278,655619,210,52656,2079,130000,2753,795570,2284,925570,California
San Bernardino,2021-06-25,5772,1678461,4100,968514,1467,657086,205,52861,2520,129496,3226,798796,2722,928292,California
San Bernardino,2021-06-26,3576,1682037,2727,971241,775,657861,74,52935,1666,129346,1889,800685,1739,930031,California
San Bernardino,2021-06-27,1445,1683482,1149,972390,244,658105,52,52987,677,129313,762,801447,729,930760,California
San Bernardino,2021-06-28,3461,1686943,2725,975115,586,658691,150,53137,1700,129415,1747,803194,1849,932609,California
San Bernardino,2021-06-29,5186,1692129,3759,978874,1246,659937,181,53318,2355,129136,2809,806003,2530,935139,California
San Bernardino,2021-06-30,4516,1696645,3208,982082,1145,661082,163,53481,2264,129331,2228,808231,2423,937562,California
San Bernardino,2021-07-01,2712,1699357,1992,984074,605,661687,115,53596,1259,129269,1436,809667,1374,938936,California
San Diego,2020-12-15,120,120,120,120,0,0,0,0,120,120,0,0,120,120,California
San Diego,2020-12-16,1076,1196,1076,1196,0,0,0,0,1076,1196,0,0,1076,1196,California
San Diego,2020-12-17,2324,3520,2324,3520,0,0,0,0,2324,3520,0,0,2324,3520,California
San Diego,2020-12-18,3607,7127,3606,7126,1,1,0,0,3607,7127,0,0,3607,7127,California
San Diego,2020-12-19,2269,9396,2269,9395,0,1,0,0,2269,9396,0,0,2269,9396,California
San Diego,2020-12-20,1148,10544,1147,10542,1,2,0,0,1148,10544,0,0,1148,10544,California
San Diego,2020-12-21,3458,14002,3456,13998,2,4,0,0,3458,14002,0,0,3458,14002,California
San Diego,2020-12-22,4019,18021,3382,17380,637,641,0,0,4019,18021,0,0,4019,18021,California
San Diego,2020-12-23,3158,21179,1957,19337,1201,1842,0,0,3158,21179,0,0,3158,21179,California
San Diego,2020-12-24,2703,23882,2189,21526,514,2356,0,0,2703,23882,0,0,2703,23882,California
San Diego,2020-12-25,857,24739,856,22382,1,2357,0,0,857,24739,0,0,857,24739,California
San Diego,2020-12-26,3199,27938,2129,24511,1070,3427,0,0,3199,27938,0,0,3199,27938,California
San Diego,2020-12-27,2479,30417,1594,26105,885,4312,0,0,2478,30415,1,1,2478,30416,California
San Diego,2020-12-28,5832,36249,4156,30261,1676,5988,0,0,5832,36247,0,1,5832,36248,California
San Diego,2020-12-29,5499,41748,2944,33205,2555,8543,0,0,5499,41746,0,1,5499,41747,California
San Diego,2020-12-30,5849,47597,3047,36252,2802,11345,0,0,5849,47595,0,1,5849,47596,California
San Diego,2020-12-31,2970,50567,1030,37282,1940,13285,0,0,2970,50565,0,1,2970,50566,California
San Diego,2021-01-01,992,51559,442,37724,550,13835,0,0,992,51557,0,1,992,51558,California
San Diego,2021-01-02,3666,55225,1287,39011,2379,16214,0,0,3666,55223,0,1,3666,55224,California
San Diego,2021-01-03,833,56058,621,39632,212,16426,0,0,832,56055,0,1,832,56056,California
San Diego,2021-01-04,3644,59702,2019,41651,1625,18051,0,0,3638,59693,0,1,3638,59694,California
San Diego,2021-01-05,4296,63998,2144,43795,2152,20203,0,0,3712,62836,581,582,3724,63418,California
San Diego,2021-01-06,4835,68833,2249,46044,2586,22789,0,0,3639,65304,1175,1757,3643,67061,California
San Diego,2021-01-07,5548,74381,2930,48974,2618,25407,0,0,3434,66638,2109,3866,3443,70504,California
San Diego,2021-01-08,7800,82181,4894,53868,2906,28313,0,0,4066,67003,3718,7584,4083,74587,California
San Diego,2021-01-09,3417,85598,1907,55775,1510,29823,0,0,1893,67393,1514,9098,1904,76491,California
San Diego,2021-01-10,1847,87445,1277,57052,570,30393,0,0,757,67082,1078,10176,767,77258,California
San Diego,2021-01-11,10193,97638,5794,62846,4399,34792,0,0,6706,70326,3480,13656,6724,83982,California
San Diego,2021-01-12,11003,108641,5261,68107,5742,40534,0,0,7659,74760,3335,16991,7769,91751,California
San Diego,2021-01-13,11288,119929,4987,73094,6301,46835,0,0,8772,81054,2505,19496,8799,100550,California
San Diego,2021-01-14,11957,131886,4516,77610,7441,54276,0,0,9834,88806,2116,21612,9868,110418,California
San Diego,2021-01-15,14788,146674,5232,82842,9556,63832,0,0,12187,98469,2583,24195,12246,122664,California
San Diego,2021-01-16,10532,157206,3552,86394,6980,70812,0,0,9099,106171,1429,25624,9131,131795,California
San Diego,2021-01-17,8471,165677,2431,88825,6040,76852,0,0,7645,113009,826,26450,7664,139459,California
San Diego,2021-01-18,12662,178339,6220,95045,6442,83294,0,0,9853,120149,2778,29228,9918,149377,California
San Diego,2021-01-19,14409,192748,5625,100670,8784,92078,0,0,11315,128640,3085,32313,11576,160953,California
San Diego,2021-01-20,18068,210816,6330,107000,11738,103816,0,0,14769,140314,3279,35592,14953,175906,California
San Diego,2021-01-21,17030,227846,5745,112745,11285,115101,0,0,15663,154763,1358,36950,15807,191713,California
San Diego,2021-01-22,17204,245050,4584,117329,12620,127721,0,0,15203,168063,1988,38938,15288,207001,California
San Diego,2021-01-23,14058,259108,5196,122525,8862,136583,0,0,11796,177670,2251,41189,11858,218859,California
San Diego,2021-01-24,11572,270680,3249,125774,8323,144906,0,0,10609,187362,961,42150,10653,229512,California
San Diego,2021-01-25,11981,282661,5669,131443,6312,151218,0,0,9006,193559,2966,45116,9163,238675,California
San Diego,2021-01-26,14960,297621,7813,139256,7147,158365,0,0,11573,201938,3385,48501,11764,250439,California
San Diego,2021-01-27,20165,317786,7833,147089,12332,170697,0,0,17175,216280,2980,51481,17322,267761,California
San Diego,2021-01-28,20896,338682,7587,154676,13309,184006,0,0,18648,232779,2237,53718,18736,286497,California
San Diego,2021-01-29,19214,357896,6302,160978,12912,196918,0,0,16783,247193,2420,56138,16834,303331,California
San Diego,2021-01-30,15428,373324,3507,164485,11921,208839,0,0,12783,257448,2634,58772,12889,316220,California
San Diego,2021-01-31,14482,387806,5692,170177,8790,217629,0,0,14135,271272,343,59115,14167,330387,California
San Diego,2021-02-01,20454,408260,7466,177643,12988,230617,0,0,16963,284834,3478,62593,17040,347427,California
San Diego,2021-02-02,22494,430754,8286,185929,14208,244825,0,0,19261,301033,3225,65818,19424,366851,California
San Diego,2021-02-03,27187,457941,11673,197602,15514,260339,0,0,22958,319967,4208,70026,23142,389993,California
San Diego,2021-02-04,23804,481745,9804,207406,14000,274339,0,0,19255,334966,4534,74560,19533,409526,California
San Diego,2021-02-05,24238,505983,8597,216003,15641,289980,0,0,17825,346858,6388,80948,18280,427806,California
San Diego,2021-02-06,20394,526377,8447,224450,11947,301927,0,0,17183,361054,3208,84156,17404,445210,California
San Diego,2021-02-07,11897,538274,5307,229757,6590,308517,0,0,10053,369526,1833,85989,10305,455515,California
San Diego,2021-02-08,19788,558062,8416,238173,11372,319889,0,0,12426,375278,7348,93337,13100,468615,California
San Diego,2021-02-09,20149,578211,8240,246413,11909,331798,0,0,12970,382145,7158,100495,14025,482640,California
San Diego,2021-02-10,22608,600819,9264,255677,13344,345142,0,0,13633,388206,8924,109419,14985,497625,California
San Diego,2021-02-11,23462,624281,10079,265756,13383,358525,0,0,12550,391528,10888,120307,14210,511835,California
San Diego,2021-02-12,23269,647550,7280,273036,15989,374514,0,0,11545,393614,11706,132013,13792,525627,California
San Diego,2021-02-13,19740,667290,8960,281996,10780,385294,0,0,10739,396525,8994,141007,11905,537532,California
San Diego,2021-02-14,11019,678309,7326,289322,3693,388987,0,0,6130,399261,4885,145892,7621,545153,California
San Diego,2021-02-15,14971,693280,7563,296885,7408,396395,0,0,7583,402519,7365,153257,10623,555776,California
San Diego,2021-02-16,19002,712282,11092,307977,7910,404305,0,0,9040,404543,9949,163206,11973,567749,California
San Diego,2021-02-17,22963,735245,10733,318710,12230,416535,0,0,7841,400270,15107,178313,10834,578583,California
San Diego,2021-02-18,23284,758529,11913,330623,11371,427906,0,0,7638,396295,15635,193948,11660,590243,California
San Diego,2021-02-19,15659,774188,10892,341515,4767,432673,0,0,6366,395323,9271,203219,8299,598542,California
San Diego,2021-02-20,10071,784259,6307,347822,3764,436437,0,0,5621,398360,4448,207667,7485,606027,California
San Diego,2021-02-21,11436,795695,10030,357852,1406,437843,0,0,5027,398473,6403,214070,6516,612543,California
San Diego,2021-02-22,12289,807984,10487,368339,1802,439645,0,0,5579,398966,6704,220774,7197,619740,California
San Diego,2021-02-23,25208,833192,14098,382437,11110,450755,0,0,9219,398021,15980,236754,15035,634775,California
San Diego,2021-02-24,28495,861687,12615,395052,15880,466635,0,0,6626,390126,21848,258602,13953,648728,California
San Diego,2021-02-25,32508,894195,14416,409468,18092,484727,0,0,9791,385509,22695,281297,18078,666806,California
San Diego,2021-02-26,32686,926881,12135,421603,20551,505278,0,0,11667,383196,20985,302282,18672,685478,California
San Diego,2021-02-27,20716,947597,9367,430970,11349,516627,0,0,11100,388855,9610,311892,15269,700747,California
San Diego,2021-02-28,14918,962515,9752,440722,5166,521793,0,0,9252,395167,5664,317556,11976,712723,California
San Diego,2021-03-01,23952,986467,14129,454851,9822,531615,1,1,14510,404111,9362,326918,18306,731029,California
San Diego,2021-03-02,25806,1012273,13894,468745,11912,543527,0,1,12556,410036,13237,340155,19162,750191,California
San Diego,2021-03-03,33527,1045800,15783,484528,17741,561268,3,4,13830,411036,19671,359826,20671,770862,California
San Diego,2021-03-04,27847,1073647,13883,498411,13964,575232,0,4,12391,414633,15435,375261,19032,789894,California
San Diego,2021-03-05,28473,1102120,14667,513078,13726,588958,80,84,13295,419434,15150,390411,19951,809845,California
San Diego,2021-03-06,23035,1125155,9406,522484,12933,601891,696,780,10169,422036,12852,403263,15454,825299,California
San Diego,2021-03-07,17943,1143098,9138,531622,8237,610128,568,1348,6822,421885,11108,414371,10957,836256,California
San Diego,2021-03-08,22714,1165812,11046,542668,10762,620890,906,2254,11272,427401,11420,425791,16936,853192,California
San Diego,2021-03-09,25432,1191244,11707,554375,11972,632862,1753,4007,9956,427508,15459,441250,15566,868758,California
San Diego,2021-03-10,25083,1216327,10507,564882,12191,645053,2385,6392,9923,428653,15144,456394,16289,885047,California
San Diego,2021-03-11,28070,1244397,10790,575672,13760,658813,3520,9912,9771,427565,18274,474668,17186,902233,California
San Diego,2021-03-12,26881,1271278,9412,585084,14374,673187,3095,13007,9819,427044,17049,491717,16528,918761,California
San Diego,2021-03-13,25881,1297159,7197,592281,16925,690112,1759,14766,10009,427036,15867,507584,15859,934620,California
San Diego,2021-03-14,13686,1310845,5411,597692,7541,697653,734,15500,4765,425891,8912,516496,7767,942387,California
San Diego,2021-03-15,21766,1332611,10033,607725,10950,708603,783,16283,8962,425887,12786,529282,12782,955169,California
San Diego,2021-03-16,29549,1362160,15483,623208,13651,722254,415,16698,15608,430953,13917,543199,18983,974152,California
San Diego,2021-03-17,26391,1388551,12136,635344,13538,735792,717,17415,16955,441236,9419,552618,19702,993854,California
San Diego,2021-03-18,31122,1419673,17501,652845,12699,748491,922,18337,16943,446448,14144,566762,19356,1013210,California
San Diego,2021-03-19,30093,1449766,14263,667108,14777,763268,1053,19390,19282,457177,10790,577552,21519,1034729,California
San Diego,2021-03-20,27668,1477434,8414,675522,17480,780748,1774,21164,21328,475032,6327,583879,24182,1058911,California
San Diego,2021-03-21,16271,1493705,11864,687386,3712,784460,695,21859,7649,476082,8608,592487,9658,1068569,California
San Diego,2021-03-22,22394,1516099,13053,700439,9055,793515,286,22145,14267,485270,8114,600601,17302,1085871,California
San Diego,2021-03-23,25709,1541808,13481,713920,11942,805457,286,22431,17022,495927,8673,609274,19330,1105201,California
San Diego,2021-03-24,29284,1571092,19573,733493,9323,814780,388,22819,16984,503034,12287,621561,19394,1124595,California
San Diego,2021-03-25,30131,1601223,18137,751630,11312,826092,682,23501,17888,511480,12221,633782,20667,1145262,California
San Diego,2021-03-26,31831,1633054,17801,769431,13515,839607,515,24016,17377,517742,14429,648211,20691,1165953,California
San Diego,2021-03-27,25360,1658414,11044,780475,13936,853543,380,24396,15609,526244,9732,657943,18234,1184187,California
San Diego,2021-03-28,15248,1673662,9385,789860,5805,859348,58,24454,9302,531317,5939,663882,11012,1195199,California
San Diego,2021-03-29,26577,1700239,12841,802701,13105,872453,631,25085,16357,540530,10209,674091,19422,1214621,California
San Diego,2021-03-30,33056,1733295,17798,820499,14466,886919,792,25877,21885,553872,11156,685247,24498,1239119,California
San Diego,2021-03-31,30298,1763593,18701,839200,10889,897808,708,26585,20552,566510,9727,694974,22365,1261484,California
San Diego,2021-04-01,34124,1797717,19918,859118,12725,910533,1481,28066,23119,581442,10981,705955,25913,1287397,California
San Diego,2021-04-02,35600,1833317,20595,879713,12227,922760,2778,30844,23997,598063,11584,717539,28205,1315602,California
San Diego,2021-04-03,30730,1864047,14410,894123,11705,934465,4615,35459,19585,612329,11130,728669,25396,1340998,California
San Diego,2021-04-04,8990,1873037,5161,899284,2910,937375,919,36378,4777,613994,4207,732876,5872,1346870,California
San Diego,2021-04-05,29633,1902670,15336,914620,11599,948974,2698,39076,19226,627993,10390,743266,24389,1371259,California
San Diego,2021-04-06,38539,1941209,20286,934906,12351,961325,5902,44978,22159,641799,16360,759626,30166,1401425,California
San Diego,2021-04-07,35965,1977174,21862,956768,9553,970878,4550,49528,20238,652092,15702,775328,25995,1427420,California
San Diego,2021-04-08,34996,2012170,21255,978023,9611,980489,4130,53658,21136,666077,13839,789167,27824,1455244,California
San Diego,2021-04-09,38160,2050330,22755,1000778,10218,990707,5187,58845,20597,677649,17499,806666,29071,1484315,California
San Diego,2021-04-10,28970,2079300,11712,1012490,13260,1003967,3998,62843,14921,685540,14038,820704,21929,1506244,California
San Diego,2021-04-11,16138,2095438,9983,1022473,3860,1007827,2295,65138,7130,688962,9003,829707,12425,1518669,California
San Diego,2021-04-12,30629,2126067,12849,1035322,13503,1021330,4277,69415,17000,700281,13614,843321,24933,1543602,California
San Diego,2021-04-13,36902,2162969,17683,1053005,19184,1040514,35,69450,24468,715199,12411,855732,27329,1570931,California
San Diego,2021-04-14,32853,2195822,18826,1071831,14014,1054528,13,69463,17672,722050,15166,870898,22017,1592948,California
San Diego,2021-04-15,39272,2235094,20346,1092177,18917,1073445,9,69472,23752,733178,15495,886393,26623,1619571,California
San Diego,2021-04-16,33578,2268672,18459,1110636,15116,1088561,3,69475,19395,740827,14124,900517,21773,1641344,California
San Diego,2021-04-17,27864,2296536,13533,1124169,14331,1102892,0,69475,12287,740693,15481,915998,15347,1656691,California
San Diego,2021-04-18,14632,2311168,9088,1133257,5541,1108433,3,69478,6761,742571,7858,923856,9736,1666427,California
San Diego,2021-04-19,26563,2337731,13575,1146832,12986,1121419,2,69480,12445,742646,14098,937954,14173,1680600,California
San Diego,2021-04-20,39615,2377346,18395,1165227,21218,1142637,2,69482,20192,746393,19400,957354,23147,1703747,California
San Diego,2021-04-21,36398,2413744,22006,1187233,14392,1157029,0,69482,17522,748380,18835,976189,20822,1724569,California
San Diego,2021-04-22,44928,2458672,23304,1210537,21620,1178649,4,69486,22448,751434,22438,998627,25492,1750061,California
San Diego,2021-04-23,42714,2501386,26517,1237054,16195,1194844,2,69488,15978,743899,26699,1025326,19164,1769225,California
San Diego,2021-04-24,34910,2536296,18899,1255953,15996,1210840,15,69503,15565,743347,19305,1044631,18753,1787978,California
San Diego,2021-04-25,12634,2548930,7670,1263623,4964,1215804,0,69503,5857,743832,6765,1051396,7250,1795228,California
San Diego,2021-04-26,33421,2582351,16798,1280421,16484,1232288,139,69642,11700,738382,21697,1073093,16247,1811475,California
San Diego,2021-04-27,44805,2627156,24674,1305095,19578,1251866,553,70195,19755,736750,25005,1098098,23373,1834848,California
San Diego,2021-04-28,38473,2665629,22820,1327915,14977,1266843,676,70871,17423,736093,21007,1119105,20350,1855198,California
San Diego,2021-04-29,38312,2703941,24460,1352375,13195,1280038,657,71528,15568,731320,22708,1141813,17935,1873133,California
San Diego,2021-04-30,38262,2742203,23239,1375614,13942,1293980,1081,72609,15037,726103,23185,1164998,17968,1891101,California
San Diego,2021-05-01,24215,2766418,10675,1386289,12902,1306882,638,73247,9501,723696,14704,1179702,12297,1903398,California
San Diego,2021-05-02,10610,2777028,7432,1393721,2596,1309478,582,73829,3228,720460,7378,1187080,4142,1907540,California
San Diego,2021-05-03,25200,2802228,12391,1406112,11658,1321136,1151,74980,9253,715758,15924,1203004,11222,1918762,California
San Diego,2021-05-04,32041,2834269,17829,1423941,12934,1334070,1278,76258,11560,709240,20454,1223458,13936,1932698,California
San Diego,2021-05-05,27995,2862264,17239,1441180,9476,1343546,1280,77538,10590,704752,17382,1240840,12894,1945592,California
San Diego,2021-05-06,28532,2890796,18964,1460144,8657,1352203,911,78449,10766,701139,17736,1258576,14123,1959715,California
San Diego,2021-05-07,29725,2920521,19468,1479612,9217,1361420,1040,79489,11020,695745,18671,1277247,13277,1972992,California
San Diego,2021-05-08,23101,2943622,11104,1490716,11254,1372674,743,80232,7252,689355,15823,1293070,9433,1982425,California
San Diego,2021-05-09,7523,2951145,5665,1496381,1452,1374126,406,80638,2574,687813,4943,1298013,3401,1985826,California
San Diego,2021-05-10,21754,2972899,8656,1505037,12279,1386405,819,81457,5869,679926,15855,1313868,7968,1993794,California
San Diego,2021-05-11,28797,3001696,12228,1517265,15752,1402157,817,82274,10102,673900,18666,1332534,12640,2006434,California
San Diego,2021-05-12,23104,3024800,12642,1529907,9590,1411747,872,83146,8320,669468,14754,1347288,10322,2016756,California
San Diego,2021-05-13,31441,3056241,19075,1548982,11728,1423475,638,83784,13034,667383,18349,1365637,16264,2033020,California
San Diego,2021-05-14,30877,3087118,19816,1568798,10224,1433699,837,84621,13990,667456,16845,1382482,16918,2049938,California
San Diego,2021-05-15,26168,3113286,16472,1585270,8874,1442573,822,85443,10819,664773,15293,1397775,12610,2062548,California
San Diego,2021-05-16,13702,3126988,10228,1595498,2912,1445485,562,86005,6739,665518,6950,1404725,7695,2070243,California
San Diego,2021-05-17,21383,3148371,12968,1608466,7671,1453156,744,86749,8838,663467,12506,1417231,10455,2080698,California
San Diego,2021-05-18,34229,3182600,19399,1627865,13967,1467123,863,87612,13269,658110,20928,1438159,15571,2096269,California
San Diego,2021-05-19,28395,3210995,17816,1645681,9799,1476922,780,88392,11959,655579,16405,1454564,13874,2110143,California
San Diego,2021-05-20,34797,3245792,19247,1664928,14730,1491652,820,89212,11662,646507,23105,1477669,14033,2124176,California
San Diego,2021-05-21,27008,3272800,17161,1682089,8859,1500511,988,90200,10842,643447,16134,1493803,13074,2137250,California
San Diego,2021-05-22,21527,3294327,12416,1694505,7864,1508375,1247,91447,8991,642300,12512,1506315,11365,2148615,California
San Diego,2021-05-23,7350,3301677,5248,1699753,1794,1510169,308,91755,3480,642625,3846,1510161,4171,2152786,California
San Diego,2021-05-24,17864,3319541,9138,1708891,6815,1516984,1911,93666,6419,640387,11427,1521588,9189,2161975,California
San Diego,2021-05-25,24207,3343748,13098,1721989,9270,1526254,1839,95505,8433,636074,15745,1537333,11432,2173407,California
San Diego,2021-05-26,19129,3362877,10600,1732589,6519,1532773,2010,97515,6581,633016,12517,1549850,9459,2182866,California
San Diego,2021-05-27,20623,3383500,11953,1744542,6279,1539052,2391,99906,6934,629780,13669,1563519,10433,2193299,California
San Diego,2021-05-28,21259,3404759,13192,1757734,7358,1546410,709,100615,8362,627114,12878,1576397,10212,2203511,California
San Diego,2021-05-29,11989,3416748,7576,1765310,3922,1550332,491,101106,5157,626462,6819,1583216,6167,2209678,California
San Diego,2021-05-30,4670,3421418,3191,1768501,1101,1551433,378,101484,2002,626410,2662,1585878,2610,2212288,California
San Diego,2021-05-31,2585,3424003,1743,1770244,671,1552104,171,101655,848,625825,1730,1587608,1145,2213433,California
San Diego,2021-06-01,21266,3445269,11332,1781576,8305,1560409,1629,103284,5757,618668,15483,1603091,8326,2221759,California
San Diego,2021-06-02,17067,3462336,8813,1790389,6182,1566591,2072,105356,5472,615369,11569,1614660,8270,2230029,California
San Diego,2021-06-03,19199,3481535,12003,1802392,5397,1571988,1799,107155,5167,609368,14011,1628671,8010,2238039,California
San Diego,2021-06-04,19820,3501355,13844,1816236,5359,1577347,617,107772,5724,603542,14066,1642737,8240,2246279,California
San Diego,2021-06-05,15811,3517166,12033,1828269,2996,1580343,782,108554,4479,598471,11315,1654052,6244,2252523,California
San Diego,2021-06-06,5603,3522769,4530,1832799,762,1581105,311,108865,1592,597185,4000,1658052,2714,2255237,California
San Diego,2021-06-07,12791,3535560,8040,1840839,3402,1584507,1349,110214,3544,593597,9229,1667281,5641,2260878,California
San Diego,2021-06-08,20478,3556038,14473,1855312,4118,1588625,1887,112101,4996,586069,15468,1682749,7940,2268818,California
San Diego,2021-06-09,17026,3573064,11343,1866655,3735,1592360,1948,114049,4359,580682,12653,1695402,7266,2276084,California
San Diego,2021-06-10,17875,3590939,11866,1878521,3932,1596292,2077,116126,4369,574732,13480,1708882,7530,2283614,California
San Diego,2021-06-11,15800,3606739,10068,1888589,4381,1600673,1351,117477,4308,569862,11462,1720344,6592,2290206,California
San Diego,2021-06-12,11002,3617741,8435,1897024,2145,1602818,422,117899,3159,566262,7824,1728168,4224,2294430,California
San Diego,2021-06-13,4156,3621897,3108,1900132,843,1603661,205,118104,1009,564732,3141,1731309,1611,2296041,California
San Diego,2021-06-14,12621,3634518,7577,1907709,2853,1606514,2191,120295,3556,562087,9051,1740360,6406,2302447,California
San Diego,2021-06-15,17902,3652420,10259,1917968,4206,1610720,3437,123732,4706,557973,13186,1753546,9072,2311519,California
San Diego,2021-06-16,13948,3666368,8864,1926832,2770,1613490,2314,126046,4448,556040,9486,1763032,7553,2319072,California
San Diego,2021-06-17,14739,3681107,8476,1935308,3426,1616916,2837,128883,4164,553136,10563,1773595,7659,2326731,California
San Diego,2021-06-18,14145,3695252,8749,1944057,3568,1620484,1828,130711,4425,550482,9709,1783304,7055,2333786,California
San Diego,2021-06-19,7539,3702791,5567,1949624,1512,1621996,460,131171,2754,549464,4763,1788067,3745,2337531,California
San Diego,2021-06-20,3106,3705897,2258,1951882,649,1622645,199,131370,1154,549090,1947,1790014,1573,2339104,California
San Diego,2021-06-21,9120,3715017,5149,1957031,2427,1625072,1544,132914,3890,549845,5223,1795237,5978,2345082,California
San Diego,2021-06-22,11284,3726301,7559,1964590,2584,1627656,1141,134055,4444,549288,6833,1802070,6276,2351358,California
San Diego,2021-06-23,10823,3737124,7044,1971634,2334,1629990,1445,135500,4428,549429,6385,1808455,6526,2357884,California
San Diego,2021-06-24,10050,3747174,6538,1978172,2750,1632740,762,136262,4050,548879,5991,1814446,5441,2363325,California
San Diego,2021-06-25,10601,3757775,7385,1985557,2613,1635353,603,136865,4114,547754,6478,1820924,5353,2368678,California
San Diego,2021-06-26,6679,3764454,5237,1990794,1133,1636486,309,137174,2677,547328,3992,1824916,3566,2372244,California
San Diego,2021-06-27,3014,3767468,2307,1993101,500,1636986,207,137381,1332,547432,1679,1826595,1783,2374027,California
San Diego,2021-06-28,7150,3774618,5252,1998353,1383,1638369,515,137896,3432,548069,3714,1830309,4351,2378378,California
San Diego,2021-06-29,8740,3783358,6089,2004442,1979,1640348,672,138568,3666,547931,5060,1835369,4922,2383300,California
San Diego,2021-06-30,8067,3791425,5996,2010438,1586,1641934,485,139053,3525,547969,4532,1839901,4570,2387870,California
San Diego,2021-07-01,2920,3794345,2190,2012628,456,1642390,274,139327,1372,548281,1546,1841447,1858,2389728,California
San Francisco,2020-12-15,6,6,6,6,0,0,0,0,6,6,0,0,6,6,California
San Francisco,2020-12-16,233,239,233,239,0,0,0,0,233,239,0,0,233,239,California
San Francisco,2020-12-17,416,655,416,655,0,0,0,0,416,655,0,0,416,655,California
San Francisco,2020-12-18,909,1564,908,1563,1,1,0,0,909,1564,0,0,909,1564,California
San Francisco,2020-12-19,611,2175,611,2174,0,1,0,0,611,2175,0,0,611,2175,California
San Francisco,2020-12-20,480,2655,480,2654,0,1,0,0,480,2655,0,0,480,2655,California
San Francisco,2020-12-21,1164,3819,1164,3818,0,1,0,0,1164,3819,0,0,1164,3819,California
San Francisco,2020-12-22,1396,5215,1362,5180,34,35,0,0,1396,5215,0,0,1396,5215,California
San Francisco,2020-12-23,1355,6570,1056,6236,299,334,0,0,1355,6570,0,0,1355,6570,California
San Francisco,2020-12-24,844,7414,504,6740,340,674,0,0,844,7414,0,0,844,7414,California
San Francisco,2020-12-25,37,7451,31,6771,6,680,0,0,37,7451,0,0,37,7451,California
San Francisco,2020-12-26,250,7701,154,6925,96,776,0,0,250,7701,0,0,250,7701,California
San Francisco,2020-12-27,274,7975,60,6985,214,990,0,0,274,7975,0,0,274,7975,California
San Francisco,2020-12-28,1278,9253,692,7677,586,1576,0,0,1278,9253,0,0,1278,9253,California
San Francisco,2020-12-29,1262,10515,632,8309,630,2206,0,0,1262,10515,0,0,1262,10515,California
San Francisco,2020-12-30,1488,12003,782,9091,706,2912,0,0,1488,12003,0,0,1488,12003,California
San Francisco,2020-12-31,983,12986,415,9506,568,3480,0,0,982,12985,0,0,982,12985,California
San Francisco,2021-01-01,107,13093,79,9585,28,3508,0,0,107,13092,0,0,107,13092,California
San Francisco,2021-01-02,337,13430,301,9886,36,3544,0,0,337,13429,0,0,337,13429,California
San Francisco,2021-01-03,299,13729,105,9991,194,3738,0,0,298,13726,1,1,298,13727,California
San Francisco,2021-01-04,1846,15575,1358,11349,488,4226,0,0,1843,15566,3,4,1843,15570,California
San Francisco,2021-01-05,2239,17814,1422,12771,817,5043,0,0,2200,17729,39,43,2202,17772,California
San Francisco,2021-01-06,1877,19691,1163,13934,714,5757,0,0,1607,19069,268,311,1608,19380,California
San Francisco,2021-01-07,2078,21769,1213,15147,865,6622,0,0,1601,20196,474,785,1601,20981,California
San Francisco,2021-01-08,2337,24106,1646,16793,691,7313,0,0,1472,20808,860,1645,1472,22453,California
San Francisco,2021-01-09,1399,25505,902,17695,497,7810,0,0,888,21187,511,2156,890,23343,California
San Francisco,2021-01-10,920,26425,541,18236,379,8189,0,0,461,21190,458,2614,461,23804,California
San Francisco,2021-01-11,2513,28938,1870,20106,643,8832,0,0,1408,21493,1106,3720,1409,25213,California
San Francisco,2021-01-12,3097,32035,2061,22167,1036,9868,0,0,1902,22203,1194,4914,1904,27117,California
San Francisco,2021-01-13,2853,34888,1621,23788,1232,11100,0,0,2012,23374,841,5755,2012,29129,California
San Francisco,2021-01-14,2463,37351,1111,24899,1352,12452,0,0,1896,24703,567,6322,1896,31025,California
San Francisco,2021-01-15,2774,40125,1163,26062,1611,14063,0,0,2371,26675,401,6723,2373,33398,California
San Francisco,2021-01-16,2240,42365,937,26999,1303,15366,0,0,2071,28579,169,6892,2073,35471,California
San Francisco,2021-01-17,1942,44307,536,27535,1406,16772,0,0,1722,30082,219,7111,1722,37193,California
San Francisco,2021-01-18,1390,45697,603,28138,787,17559,0,0,1120,30934,269,7380,1121,38314,California
San Francisco,2021-01-19,2602,48299,1483,29621,1119,18678,0,0,1846,32024,756,8136,1846,40160,California
San Francisco,2021-01-20,2840,51139,1191,30812,1649,20327,0,0,2077,33342,760,8896,2078,42238,California
San Francisco,2021-01-21,3445,54584,1038,31850,2407,22734,0,0,2566,35030,878,9774,2566,44804,California
San Francisco,2021-01-22,3252,57836,678,32528,2574,25308,0,0,2803,37386,447,10221,2803,47607,California
San Francisco,2021-01-23,3116,60952,609,33137,2507,27815,0,0,2746,39764,369,10590,2747,50354,California
San Francisco,2021-01-24,2432,63384,363,33500,2069,29884,0,0,2198,41732,230,10820,2198,52552,California
San Francisco,2021-01-25,4646,68030,1837,35337,2809,32693,0,0,3055,43200,1588,12408,3056,55608,California
San Francisco,2021-01-26,4754,72784,2180,37517,2574,35267,0,0,3103,44657,1648,14056,3105,58713,California
San Francisco,2021-01-27,4382,77166,1980,39497,2402,37669,0,0,3072,46421,1308,15364,3072,61785,California
San Francisco,2021-01-28,3804,80970,1579,41076,2225,39894,0,0,2627,47879,1170,16534,2628,64413,California
San Francisco,2021-01-29,4839,85809,1763,42839,3076,42970,0,0,3510,50097,1292,17826,3510,67923,California
San Francisco,2021-01-30,3817,89626,1850,44689,1967,44937,0,0,3354,52993,462,18288,3358,71281,California
San Francisco,2021-01-31,2358,91984,819,45508,1539,46476,0,0,2207,55051,150,18438,2208,73489,California
San Francisco,2021-02-01,4005,95989,1712,47220,2293,48769,0,0,2924,56896,1080,19518,2925,76414,California
San Francisco,2021-02-02,4570,100559,1823,49043,2747,51516,0,0,2955,58242,1609,21127,2955,79369,California
San Francisco,2021-02-03,5122,105681,2407,51450,2715,54231,0,0,3795,60713,1325,22452,3796,83165,California
San Francisco,2021-02-04,5073,110754,2443,53893,2630,56861,0,0,3888,63419,1182,23634,3888,87053,California
San Francisco,2021-02-05,6024,116778,3247,57140,2777,59638,0,0,4666,66730,1356,24990,4667,91720,California
San Francisco,2021-02-06,5492,122270,3666,60806,1826,61464,0,0,4616,70504,845,25835,4619,96339,California
San Francisco,2021-02-07,4369,126639,3213,64019,1156,62620,0,0,3785,73713,580,26415,3789,100128,California
San Francisco,2021-02-08,6775,133414,4658,68677,2117,64737,0,0,5540,78037,1219,27634,5543,105671,California
San Francisco,2021-02-09,5975,139389,4018,72695,1957,66694,0,0,4414,80883,1570,29204,4416,110087,California
San Francisco,2021-02-10,6946,146335,4205,76900,2741,69435,0,0,5068,84082,1873,31077,5072,115159,California
San Francisco,2021-02-11,6767,153102,4012,80912,2755,72190,0,0,4895,87113,1867,32944,4898,120057,California
San Francisco,2021-02-12,5374,158476,2697,83609,2677,74867,0,0,3485,88708,1890,34834,3485,123542,California
San Francisco,2021-02-13,4422,162898,2591,86200,1831,76698,0,0,3068,90425,1354,36188,3071,126613,California
San Francisco,2021-02-14,3450,166348,2264,88464,1186,77884,0,0,2311,91600,1138,37326,2313,128926,California
San Francisco,2021-02-15,2803,169151,1517,89981,1286,79170,0,0,1680,92160,1120,38446,1680,130606,California
San Francisco,2021-02-16,5163,174314,2839,92820,2324,81494,0,0,3013,93037,2143,40589,3020,133626,California
San Francisco,2021-02-17,5390,179704,2648,95468,2742,84236,0,0,2966,93594,2412,43001,2969,136595,California
San Francisco,2021-02-18,5444,185148,2661,98129,2783,87019,0,0,2818,93795,2623,45624,2824,139419,California
San Francisco,2021-02-19,5730,190878,2694,100823,3036,90055,0,0,2973,94021,2748,48372,2974,142393,California
San Francisco,2021-02-20,4657,195535,2254,103077,2403,92458,0,0,1740,92855,2907,51279,1741,144134,California
San Francisco,2021-02-21,2978,198513,1570,104647,1408,93866,0,0,1321,92531,1646,52925,1322,145456,California
San Francisco,2021-02-22,5388,203901,3359,108006,2029,95895,0,0,2703,92563,2674,55599,2706,148162,California
San Francisco,2021-02-23,5852,209753,3335,111341,2517,98412,0,0,2977,92673,2867,58466,2977,151139,California
San Francisco,2021-02-24,9238,218991,5235,116576,4003,102415,0,0,4951,93353,4273,62739,4953,156092,California
San Francisco,2021-02-25,10101,229092,7053,123629,3048,105463,0,0,6480,96219,3616,66355,6482,162574,California
San Francisco,2021-02-26,12393,241485,8047,131676,4346,109809,0,0,7317,98463,5074,71429,7318,169892,California
San Francisco,2021-02-27,9428,250913,6069,137745,3358,113167,1,1,4699,98450,4714,76143,4701,174593,California
San Francisco,2021-02-28,7923,258836,5663,143408,2260,115427,0,1,3872,98278,4045,80188,3873,178466,California
San Francisco,2021-03-01,11420,270256,7705,151113,3710,119137,5,6,5570,98033,5822,86010,5577,184043,California
San Francisco,2021-03-02,10050,280306,6767,157880,3283,122420,0,6,5680,99355,4359,90369,5681,189724,California
San Francisco,2021-03-03,11425,291731,6678,164558,4746,127166,1,7,6279,100506,5132,95501,6283,196007,California
San Francisco,2021-03-04,8819,300550,5535,170093,3284,130450,0,7,4971,101642,3837,99338,4973,200980,California
San Francisco,2021-03-05,9263,309813,5667,175760,3592,134042,4,11,5801,104000,3448,102786,5806,206786,California
San Francisco,2021-03-06,7237,317050,4696,180456,2331,136373,210,221,4540,106036,2708,105494,4744,211530,California
San Francisco,2021-03-07,5420,322470,4227,184683,1133,137506,60,281,3119,106903,2312,107806,3179,214709,California
San Francisco,2021-03-08,7560,330030,5490,190173,1881,139387,189,470,5966,111432,1625,109431,6154,220863,California
San Francisco,2021-03-09,8357,338387,5534,195707,2445,141832,378,848,6093,115629,2269,111700,6466,227329,California
San Francisco,2021-03-10,11289,349676,6621,202328,4164,145996,504,1352,7043,118951,4223,115923,7545,234874,California
San Francisco,2021-03-11,10134,359810,6393,208721,2768,148764,973,2325,6639,123071,3475,119398,7595,242469,California
San Francisco,2021-03-12,10899,370709,6359,215080,3189,151953,1351,3676,6061,125659,4814,124212,7402,249871,California
San Francisco,2021-03-13,6776,377485,3950,219030,1744,153697,1082,4758,4207,128387,2559,126771,5287,255158,California
San Francisco,2021-03-14,7584,385069,4930,223960,2407,156104,247,5005,3959,128985,3606,130377,4204,259362,California
San Francisco,2021-03-15,12137,397206,9283,233243,1908,158012,946,5951,8367,134532,3753,134130,9300,268662,California
San Francisco,2021-03-16,12272,409478,8345,241588,3448,161460,479,6430,8763,140290,3486,137616,9244,277906,California
San Francisco,2021-03-17,13635,423113,8455,250043,4546,166006,634,7064,9725,146765,3878,141494,10353,288259,California
San Francisco,2021-03-18,10299,433412,7050,257093,2620,168626,629,7693,5864,148838,4410,145904,6483,294742,California
San Francisco,2021-03-19,12596,446008,9237,266330,2886,171512,473,8166,6588,149910,5981,151885,7053,301795,California
San Francisco,2021-03-20,8953,454961,6585,272915,1900,173412,468,8634,5199,151857,3722,155607,5669,307464,California
San Francisco,2021-03-21,6698,461659,6139,279054,420,173832,139,8773,3764,152840,2917,158524,3900,311364,California
San Francisco,2021-03-22,10006,471665,6970,286024,2195,176027,841,9614,5154,153999,4827,163351,5986,317350,California
San Francisco,2021-03-23,11401,483066,7590,293614,3158,179185,653,10267,6322,155919,5047,168398,6967,324317,California
San Francisco,2021-03-24,12419,495485,9515,303129,2366,181551,538,10805,6134,156340,6242,174640,6663,330980,California
San Francisco,2021-03-25,12009,507494,8766,311895,2676,184227,567,11372,5817,156602,6118,180758,6380,337360,California
San Francisco,2021-03-26,12061,519555,8356,320251,3471,187698,234,11606,5836,156477,6190,186948,6065,343425,California
San Francisco,2021-03-27,8902,528457,5916,326167,2634,190332,352,11958,3822,155592,5057,192005,4172,347597,California
San Francisco,2021-03-28,6674,535131,5326,331493,1306,191638,42,12000,2974,154931,3675,195680,3014,350611,California
San Francisco,2021-03-29,11659,546790,8020,339513,3453,195091,186,12186,4815,153119,6811,202491,4999,355610,California
San Francisco,2021-03-30,11693,558483,7320,346833,4082,199173,291,12477,5508,152759,6158,208649,5798,361408,California
San Francisco,2021-03-31,12327,570810,8196,355029,3832,203005,299,12776,4915,150589,7377,216026,5207,366615,California
San Francisco,2021-04-01,14030,584840,7436,362465,4885,207890,1709,14485,6039,150356,7949,223975,7716,374331,California
San Francisco,2021-04-02,14897,599737,6574,369039,6425,214315,1898,16383,6946,151254,7927,231902,8825,383156,California
San Francisco,2021-04-03,10616,610353,4929,373968,3861,218176,1826,18209,4805,152081,5792,237694,6619,389775,California
San Francisco,2021-04-04,9058,619411,4806,378774,2594,220770,1658,19867,3586,151860,5453,243147,5232,395007,California
San Francisco,2021-04-05,16137,635548,9854,388628,4390,225160,1893,21760,6296,150225,9810,252957,8175,403182,California
San Francisco,2021-04-06,16169,651717,9549,398177,4547,229707,2073,23833,6285,148712,9855,262812,8342,411524,California
San Francisco,2021-04-07,16904,668621,10061,408238,4601,234308,2242,26075,7008,148068,9870,272682,9226,420750,California
San Francisco,2021-04-08,14250,682871,6783,415021,3033,237341,4434,30509,4642,147534,9570,282252,9036,429786,California
San Francisco,2021-04-09,15892,698763,7686,422707,4841,242182,3365,33874,6628,148273,9229,291481,9968,439754,California
San Francisco,2021-04-10,13368,712131,5714,428421,5897,248079,1757,35631,7114,150898,6227,297708,8852,448606,California
San Francisco,2021-04-11,10078,722209,7549,435970,1351,249430,1178,36809,5205,152415,4857,302565,6374,454980,California
San Francisco,2021-04-12,10656,732865,6920,442890,2580,252010,1156,37965,4877,152685,5753,308318,6023,461003,California
San Francisco,2021-04-13,10872,743737,7371,450261,3489,255499,12,37977,5476,152810,5368,313686,5493,466496,California
San Francisco,2021-04-14,13399,757136,8072,458333,5326,260825,1,37978,6359,152173,6999,320685,6362,472858,California
San Francisco,2021-04-15,13882,771018,9613,467946,4268,265093,1,37979,8072,154475,5776,326461,8078,480936,California
San Francisco,2021-04-16,13050,784068,8766,476712,4240,269333,44,38023,7611,156726,5408,331869,7659,488595,California
San Francisco,2021-04-17,10258,794326,7385,484097,2872,272205,1,38024,7239,160969,3001,334870,7244,495839,California
San Francisco,2021-04-18,6953,801279,5382,489479,1569,273774,2,38026,4317,162674,2616,337486,4321,500160,California
San Francisco,2021-04-19,11125,812404,8311,497790,2809,276583,5,38031,7098,165779,4008,341494,7113,507273,California
San Francisco,2021-04-20,13107,825511,7905,505695,5200,281783,2,38033,8923,170552,4153,345647,8926,516199,California
San Francisco,2021-04-21,11924,837435,8749,514444,3170,284953,5,38038,7235,173138,4659,350306,7245,523444,California
San Francisco,2021-04-22,11102,848537,8283,522727,2818,287771,1,38039,6371,174821,4696,355002,6379,529823,California
San Francisco,2021-04-23,10934,859471,6410,529137,4524,292295,0,38039,6481,176890,4421,359423,6490,536313,California
San Francisco,2021-04-24,7971,867442,5476,534613,2495,294790,0,38039,4711,178372,3238,362661,4720,541033,California
San Francisco,2021-04-25,5047,872489,4338,538951,703,295493,6,38045,2947,179243,2087,364748,2958,543991,California
San Francisco,2021-04-26,8533,881022,6081,545032,2440,297933,12,38057,4249,179266,4254,369002,4277,548268,California
San Francisco,2021-04-27,8990,890012,6113,551145,2707,300640,170,38227,4491,179463,4473,373475,4670,552938,California
San Francisco,2021-04-28,9961,899973,6972,558117,2798,303438,191,38418,5225,180184,4702,378177,5423,558361,California
San Francisco,2021-04-29,9806,909779,5832,563949,3779,307217,195,38613,4821,180255,4958,383135,5029,563390,California
San Francisco,2021-04-30,11338,921117,5611,569560,5524,312741,203,38816,4227,177627,7064,390199,4436,567826,California
San Francisco,2021-05-01,6996,928113,3595,573155,3286,316027,115,38931,1700,174183,5260,395459,1816,569642,California
San Francisco,2021-05-02,5340,933453,3095,576250,2146,318173,99,39030,977,170910,4353,399812,1080,570722,California
San Francisco,2021-05-03,9703,943156,6612,582862,2926,321099,165,39195,2441,166293,7231,407043,2614,573336,California
San Francisco,2021-05-04,9852,953008,6441,589303,3160,324259,251,39446,2386,161502,7433,414476,2642,575978,California
San Francisco,2021-05-05,9272,962280,6577,595880,2382,326641,313,39759,2272,157140,6951,421427,2589,578567,California
San Francisco,2021-05-06,10977,973257,8790,604670,1714,328355,473,40232,1908,150488,9035,430462,2383,580950,California
San Francisco,2021-05-07,10321,983578,6669,611339,3379,331734,273,40505,1678,143821,8616,439078,1949,582899,California
San Francisco,2021-05-08,8908,992486,4057,615396,4721,336455,130,40635,1100,137278,7774,446852,1231,584130,California
San Francisco,2021-05-09,6745,999231,5856,621252,806,337261,83,40718,1086,132805,5636,452488,1163,585293,California
San Francisco,2021-05-10,7390,1006621,5324,626576,1811,339072,255,40973,1007,127715,6351,458839,1261,586554,California
San Francisco,2021-05-11,8160,1014781,6031,632607,1910,340982,219,41192,1497,122804,6626,465465,1715,588269,California
San Francisco,2021-05-12,8389,1023170,6154,638761,1778,342760,457,41649,1495,117891,6861,472326,1948,590217,California
San Francisco,2021-05-13,11394,1034564,8389,647150,2779,345539,226,41875,4182,115125,7182,479508,4416,594633,California
San Francisco,2021-05-14,9588,1044152,6827,653977,2590,348129,171,42046,2990,111731,6566,486074,3172,597805,California
San Francisco,2021-05-15,8134,1052286,6442,660419,1636,349765,56,42102,3205,110091,4913,490987,3273,601078,California
San Francisco,2021-05-16,5303,1057589,4460,664879,784,350549,59,42161,2025,108919,3257,494244,2085,603163,California
San Francisco,2021-05-17,7408,1064997,5522,670401,1721,352270,165,42326,2381,106463,5005,499249,2549,605712,California
San Francisco,2021-05-18,8766,1073763,5023,675424,3567,355837,176,42502,1830,101581,6888,506137,2006,607718,California
San Francisco,2021-05-19,7496,1081259,5547,680971,1714,357551,235,42737,2157,98660,5311,511448,2390,610108,California
San Francisco,2021-05-20,6143,1087402,4124,685095,1766,359317,253,42990,1492,95787,4613,516061,1740,611848,California
San Francisco,2021-05-21,7201,1094603,4079,689174,2936,362253,186,43176,1576,91966,5578,521639,1757,613605,California
San Francisco,2021-05-22,4811,1099414,3624,692798,1096,363349,91,43267,2183,91631,2608,524247,2273,615878,California
San Francisco,2021-05-23,1939,1101353,1483,694281,381,363730,75,43342,849,91475,1080,525327,924,616802,California
San Francisco,2021-05-24,4229,1105582,3003,697284,1063,364793,163,43505,1236,89909,2967,528294,1401,618203,California
San Francisco,2021-05-25,3703,1109285,2405,699689,1075,365868,223,43728,1030,88504,2653,530947,1248,619451,California
San Francisco,2021-05-26,3960,1113245,2555,702244,1259,367127,146,43874,1045,86806,2889,533836,1191,620642,California
San Francisco,2021-05-27,3719,1116964,2146,704390,1397,368524,176,44050,1164,85602,2543,536379,1339,621981,California
San Francisco,2021-05-28,3778,1120742,2153,706543,1463,369987,162,44212,1315,84644,2434,538813,1476,623457,California
San Francisco,2021-05-29,2032,1122774,1463,708006,467,370454,102,44314,788,84305,1223,540036,884,624341,California
San Francisco,2021-05-30,971,1123745,693,708699,241,370695,37,44351,396,84167,571,540607,433,624774,California
San Francisco,2021-05-31,259,1124004,211,708910,41,370736,7,44358,86,84089,171,540778,93,624867,California
San Francisco,2021-06-01,3584,1127588,2169,711079,1227,371963,188,44546,1061,82828,2507,543285,1246,626113,California
San Francisco,2021-06-02,2463,1130051,1782,712861,558,372521,123,44669,809,82116,1639,544924,927,627040,California
San Francisco,2021-06-03,3963,1134014,2720,715581,1040,373561,203,44872,911,80191,3034,547958,1109,628149,California
San Francisco,2021-06-04,5723,1139737,4851,720432,736,374297,136,45008,1238,77109,4451,552409,1369,629518,California
San Francisco,2021-06-05,3725,1143462,3148,723580,429,374726,148,45156,871,75282,2842,555251,1015,630533,California
San Francisco,2021-06-06,2335,1145797,2185,725765,112,374838,38,45194,384,73760,1944,557195,422,630955,California
San Francisco,2021-06-07,3650,1149447,3022,728787,493,375331,135,45329,868,71998,2763,559958,1001,631956,California
San Francisco,2021-06-08,2829,1152276,2224,731011,439,375770,166,45495,795,70936,2017,561975,955,632911,California
San Francisco,2021-06-09,2326,1154602,1864,732875,326,376096,136,45631,658,70076,1652,563627,792,633703,California
San Francisco,2021-06-10,2498,1157100,1910,734785,398,376494,190,45821,750,69280,1736,565363,940,634643,California
San Francisco,2021-06-11,3161,1160261,2495,737280,501,376995,165,45986,924,68156,2211,567574,1087,635730,California
San Francisco,2021-06-12,3036,1163297,2636,739916,274,377269,126,46112,718,66694,2304,569878,842,636572,California
San Francisco,2021-06-13,924,1164221,803,740719,74,377343,47,46159,223,66270,693,570571,269,636841,California
San Francisco,2021-06-14,2510,1166731,2028,742747,331,377674,151,46310,825,65570,1674,572245,974,637815,California
San Francisco,2021-06-15,1906,1168637,1472,744219,301,377975,133,46443,668,65143,1228,573473,801,638616,California
San Francisco,2021-06-16,1853,1170490,1399,745618,260,378235,194,46637,633,64761,1202,574675,820,639436,California
San Francisco,2021-06-17,1984,1172474,1528,747146,256,378491,200,46837,648,64283,1321,575996,843,640279,California
San Francisco,2021-06-18,2347,1174821,1734,748880,438,378929,175,47012,750,63621,1583,577579,921,641200,California
San Francisco,2021-06-19,1415,1176236,1182,750062,122,379051,111,47123,435,63198,966,578545,543,641743,California
San Francisco,2021-06-20,625,1176861,534,750596,56,379107,35,47158,254,63122,365,578910,289,642032,California
San Francisco,2021-06-21,1162,1178023,863,751459,188,379295,111,47269,603,63285,549,579459,712,642744,California
San Francisco,2021-06-22,1581,1179604,1242,752701,227,379522,112,47381,549,62922,1018,580477,655,643399,California
San Francisco,2021-06-23,1483,1181087,1170,753871,173,379695,140,47521,589,62762,882,581359,722,644121,California
San Francisco,2021-06-24,1539,1182626,1127,754998,243,379938,169,47690,511,62428,1009,582368,675,644796,California
San Francisco,2021-06-25,1820,1184446,1470,756468,248,380186,102,47792,653,62034,1147,583515,753,645549,California
San Francisco,2021-06-26,1396,1185842,1249,757717,66,380252,81,47873,498,61720,889,584404,575,646124,California
San Francisco,2021-06-27,553,1186395,491,758208,34,380286,28,47901,225,61650,322,584726,252,646376,California
San Francisco,2021-06-28,1484,1187879,1276,759484,115,380401,93,47994,528,61326,944,585670,620,646996,California
San Francisco,2021-06-29,1372,1189251,1052,760536,220,380621,100,48094,494,61047,867,586537,588,647584,California
San Francisco,2021-06-30,1282,1190533,1053,761589,161,380782,68,48162,498,60833,779,587316,565,648149,California
San Francisco,2021-07-01,828,1191361,627,762216,129,380911,72,48234,302,60685,518,587834,370,648519,California
San Joaquin,2020-12-15,14,14,14,14,0,0,0,0,14,14,0,0,14,14,California
San Joaquin,2020-12-16,310,324,310,324,0,0,0,0,310,324,0,0,310,324,California
San Joaquin,2020-12-17,324,648,324,648,0,0,0,0,324,648,0,0,324,648,California
San Joaquin,2020-12-18,541,1189,537,1185,4,4,0,0,541,1189,0,0,541,1189,California
San Joaquin,2020-12-19,191,1380,191,1376,0,4,0,0,191,1380,0,0,191,1380,California
San Joaquin,2020-12-20,117,1497,115,1491,2,6,0,0,117,1497,0,0,117,1497,California
San Joaquin,2020-12-21,496,1993,495,1986,1,7,0,0,496,1993,0,0,496,1993,California
San Joaquin,2020-12-22,980,2973,859,2845,121,128,0,0,979,2972,0,0,979,2972,California
San Joaquin,2020-12-23,980,3953,923,3768,57,185,0,0,978,3950,2,2,980,3952,California
San Joaquin,2020-12-24,218,4171,189,3957,29,214,0,0,217,4167,1,3,218,4170,California
San Joaquin,2020-12-25,16,4187,16,3973,0,214,0,0,16,4183,0,3,16,4186,California
San Joaquin,2020-12-26,103,4290,31,4004,72,286,0,0,103,4286,0,3,103,4289,California
San Joaquin,2020-12-27,45,4335,31,4035,14,300,0,0,45,4331,0,3,45,4334,California
San Joaquin,2020-12-28,626,4961,423,4458,203,503,0,0,626,4957,0,3,626,4960,California
San Joaquin,2020-12-29,799,5760,669,5127,130,633,0,0,799,5756,0,3,799,5759,California
San Joaquin,2020-12-30,1015,6775,721,5848,294,927,0,0,1013,6769,2,5,1015,6774,California
San Joaquin,2020-12-31,456,7231,203,6051,253,1180,0,0,456,7225,1,6,457,7231,California
San Joaquin,2021-01-01,24,7255,13,6064,11,1191,0,0,24,7249,0,6,24,7255,California
San Joaquin,2021-01-02,267,7522,244,6308,23,1214,0,0,267,7516,0,6,267,7522,California
San Joaquin,2021-01-03,37,7559,20,6328,17,1231,0,0,36,7551,1,7,36,7558,California
San Joaquin,2021-01-04,480,8039,341,6669,139,1370,0,0,478,8028,1,8,478,8036,California
San Joaquin,2021-01-05,991,9030,656,7325,335,1705,0,0,814,8704,176,184,852,8888,California
San Joaquin,2021-01-06,1231,10261,717,8042,514,2219,0,0,924,9330,302,486,928,9816,California
San Joaquin,2021-01-07,1092,11353,693,8735,399,2618,0,0,789,9819,300,786,789,10605,California
San Joaquin,2021-01-08,1216,12569,830,9565,386,3004,0,0,716,10043,498,1284,722,11327,California
San Joaquin,2021-01-09,385,12954,303,9868,82,3086,0,0,251,10162,134,1418,253,11580,California
San Joaquin,2021-01-10,225,13179,116,9984,109,3195,0,0,172,10282,52,1470,172,11752,California
San Joaquin,2021-01-11,1538,14717,1328,11312,210,3405,0,0,870,10553,667,2137,938,12690,California
San Joaquin,2021-01-12,1528,16245,1107,12419,421,3826,0,0,739,10579,785,2922,811,13501,California
San Joaquin,2021-01-13,1544,17789,903,13322,641,4467,0,0,963,10969,578,3500,968,14469,California
San Joaquin,2021-01-14,1773,19562,976,14298,797,5264,0,0,1423,12082,329,3829,1442,15911,California
San Joaquin,2021-01-15,1561,21123,553,14851,1008,6272,0,0,1318,13197,228,4057,1343,17254,California
San Joaquin,2021-01-16,1136,22259,181,15032,955,7227,0,0,1104,14270,31,4088,1104,18358,California
San Joaquin,2021-01-17,1631,23890,138,15170,1493,8720,0,0,1587,15815,44,4132,1589,19947,California
San Joaquin,2021-01-18,747,24637,240,15410,507,9227,0,0,625,16322,118,4250,625,20572,California
San Joaquin,2021-01-19,1879,26516,897,16307,982,10209,0,0,1195,16846,679,4929,1203,21775,California
San Joaquin,2021-01-20,2108,28624,1292,17599,816,11025,0,0,1456,17664,645,5574,1463,23238,California
San Joaquin,2021-01-21,1992,30616,901,18500,1091,12116,0,0,1594,18876,391,5965,1603,24841,California
San Joaquin,2021-01-22,1971,32587,900,19400,1071,13187,0,0,1829,20570,137,6102,1831,26672,California
San Joaquin,2021-01-23,906,33493,393,19793,513,13700,0,0,617,20902,287,6389,619,27291,California
San Joaquin,2021-01-24,367,33860,137,19930,230,13930,0,0,344,21226,20,6409,344,27635,California
San Joaquin,2021-01-25,2014,35874,1149,21079,865,14795,0,0,1440,22098,571,6980,1443,29078,California
San Joaquin,2021-01-26,2166,38040,1113,22192,1053,15848,0,0,1544,23036,614,7594,1552,30630,California
San Joaquin,2021-01-27,1754,39794,769,22961,985,16833,0,0,1250,23793,499,8093,1256,31886,California
San Joaquin,2021-01-28,2087,41881,782,23743,1305,18138,0,0,1418,24556,664,8757,1427,33313,California
San Joaquin,2021-01-29,2198,44079,1054,24797,1144,19282,0,0,1843,26061,348,9105,1853,35166,California
San Joaquin,2021-01-30,2185,46264,355,25152,1830,21112,0,0,2002,27883,182,9287,2004,37170,California
San Joaquin,2021-01-31,1555,47819,175,25327,1380,22492,0,0,1486,29304,67,9354,1488,38658,California
San Joaquin,2021-02-01,2526,50345,1297,26624,1229,23721,0,0,1757,30294,769,10123,1759,40417,California
San Joaquin,2021-02-02,2655,53000,1180,27804,1475,25196,0,0,2041,31786,553,10676,2045,42462,California
San Joaquin,2021-02-03,3144,56144,1239,29043,1905,27101,0,0,2266,33191,870,11546,2275,44737,California
San Joaquin,2021-02-04,3607,59751,1833,30876,1774,28875,0,0,2706,35008,895,12441,2712,47449,California
San Joaquin,2021-02-05,3213,62964,1805,32681,1408,30283,0,0,2374,36573,823,13264,2388,49837,California
San Joaquin,2021-02-06,1077,64041,727,33408,350,30633,0,0,928,37356,146,13410,929,50766,California
San Joaquin,2021-02-07,623,64664,493,33901,130,30763,0,0,417,37573,201,13611,418,51184,California
San Joaquin,2021-02-08,1884,66548,1045,34946,839,31602,0,0,1525,38769,335,13946,1531,52715,California
San Joaquin,2021-02-09,2165,68713,1149,36095,1016,32618,0,0,1609,39897,484,14430,1612,54327,California
San Joaquin,2021-02-10,2629,71342,1263,37358,1366,33984,0,0,1395,40082,1211,15641,1396,55723,California
San Joaquin,2021-02-11,2959,74301,1475,38833,1484,35468,0,0,1719,40606,1204,16845,1728,57451,California
San Joaquin,2021-02-12,2867,77168,1137,39970,1730,37198,0,0,1626,41024,1212,18057,1630,59081,California
San Joaquin,2021-02-13,2143,79311,411,40381,1732,38930,0,0,866,40636,1260,19317,872,59953,California
San Joaquin,2021-02-14,1920,81231,265,40646,1655,40585,0,0,700,40150,1187,20504,701,60654,California
San Joaquin,2021-02-15,2010,83241,842,41488,1168,41753,0,0,1206,40588,772,21276,1210,61864,California
San Joaquin,2021-02-16,3219,86460,1405,42893,1814,43567,0,0,1777,40947,1428,22704,1787,63651,California
San Joaquin,2021-02-17,3328,89788,1284,44177,2044,45611,0,0,1901,41442,1411,24115,1906,65557,California
San Joaquin,2021-02-18,3393,93181,1405,45582,1988,47599,0,0,1930,41953,1425,25540,1936,67493,California
San Joaquin,2021-02-19,4314,97495,2443,48025,1871,49470,0,0,2402,42499,1856,27396,2402,69895,California
San Joaquin,2021-02-20,1610,99105,695,48720,915,50385,0,0,1077,43047,529,27925,1077,70972,California
San Joaquin,2021-02-21,701,99806,521,49241,180,50565,0,0,430,43212,267,28192,432,71404,California
San Joaquin,2021-02-22,3623,103429,2555,51796,1068,51633,0,0,2559,44741,1034,29226,2563,73967,California
San Joaquin,2021-02-23,4384,107813,2665,54461,1719,53352,0,0,2669,45738,1678,30904,2675,76642,California
San Joaquin,2021-02-24,5852,113665,3469,57930,2383,55735,0,0,4164,48248,1658,32562,4168,80810,California
San Joaquin,2021-02-25,6448,120113,3975,61905,2473,58208,0,0,4120,50094,2284,34846,4130,84940,California
San Joaquin,2021-02-26,5583,125696,2887,64792,2696,60904,0,0,3793,52141,1752,36598,3799,88739,California
San Joaquin,2021-02-27,5511,131207,1637,66429,3873,64777,1,1,2655,52016,2791,39389,2666,91405,California
San Joaquin,2021-02-28,3123,134330,1129,67558,1994,66771,0,1,2056,53039,1036,40425,2059,93464,California
San Joaquin,2021-03-01,4321,138651,1849,69407,2469,69240,3,4,2343,53439,1956,42381,2356,95820,California
San Joaquin,2021-03-02,4277,142928,1700,71107,2577,71817,0,4,2672,54582,1582,43963,2725,98545,California
San Joaquin,2021-03-03,5876,148804,3481,74588,2393,74210,2,6,4215,57168,1630,45593,4216,102761,California
San Joaquin,2021-03-04,5775,154579,2293,76881,3479,77689,3,9,3758,58931,1999,47592,3762,106523,California
San Joaquin,2021-03-05,4543,159122,1912,78793,2626,80315,5,14,3126,60668,1398,48990,3135,109658,California
San Joaquin,2021-03-06,3341,162463,2197,80990,1014,81329,130,144,2742,62951,592,49582,2875,112533,California
San Joaquin,2021-03-07,1231,163694,572,81562,611,81940,48,192,940,63651,273,49855,973,113506,California
San Joaquin,2021-03-08,3230,166924,1288,82850,1818,83758,124,316,2103,64767,1111,50966,2227,115733,California
San Joaquin,2021-03-09,4210,171134,1873,84723,2208,85966,129,445,2682,66076,1507,52473,2816,118549,California
San Joaquin,2021-03-10,4941,176075,2541,87264,2256,88222,144,589,3455,68206,1469,53942,3599,122148,California
San Joaquin,2021-03-11,5248,181323,2474,89738,2170,90392,604,1193,2955,69488,2278,56220,3560,125708,California
San Joaquin,2021-03-12,6620,187943,3238,92976,3043,93435,339,1532,4163,71569,2426,58646,4507,130215,California
San Joaquin,2021-03-13,3255,191198,1519,94495,1610,95045,126,1658,2327,73114,916,59562,2461,132676,California
San Joaquin,2021-03-14,2180,193378,678,95173,1196,96241,306,1964,1027,73305,1146,60708,1337,134013,California
San Joaquin,2021-03-15,6152,199530,3521,98694,2223,98464,408,2372,3184,73983,2929,63637,3607,137620,California
San Joaquin,2021-03-16,6953,206483,3941,102635,2756,101220,256,2628,4089,75498,2837,66474,4352,141972,California
San Joaquin,2021-03-17,7985,214468,4742,107377,3172,104392,71,2699,4392,76427,3539,70013,4468,146440,California
San Joaquin,2021-03-18,7752,222220,4546,111923,2698,107090,508,3207,3842,76924,3858,73871,4355,150795,California
San Joaquin,2021-03-19,8040,230260,4696,116619,2800,109890,544,3751,4865,79244,3147,77018,5467,156262,California
San Joaquin,2021-03-20,3715,233975,2151,118770,1321,111211,243,3994,1828,79469,1859,78877,2084,158346,California
San Joaquin,2021-03-21,2133,236108,1511,120281,415,111626,207,4201,1154,79941,959,79836,1431,159777,California
San Joaquin,2021-03-22,4124,240232,2098,122379,1610,113236,416,4617,2472,81203,1630,81466,2892,162669,California
San Joaquin,2021-03-23,5514,245746,2698,125077,2648,115884,168,4785,3808,83508,1678,83144,3983,166652,California
San Joaquin,2021-03-24,6977,252723,4294,129371,2594,118478,89,4874,3100,82875,3828,86972,3195,169847,California
San Joaquin,2021-03-25,5722,258445,3373,132744,2303,120781,46,4920,3417,84065,2276,89248,3466,173313,California
San Joaquin,2021-03-26,6326,264771,2611,135355,3561,124342,154,5074,3328,84599,2969,92217,3503,176816,California
San Joaquin,2021-03-27,4696,269467,2640,137995,1981,126323,75,5149,1808,83632,2859,95076,1892,178708,California
San Joaquin,2021-03-28,2756,272223,1832,139827,899,127222,25,5174,1269,83569,1466,96542,1403,180111,California
San Joaquin,2021-03-29,4162,276385,2204,142031,1935,129157,23,5197,2112,83689,2031,98573,2151,182262,California
San Joaquin,2021-03-30,6371,282756,3197,145228,3081,132238,93,5290,3529,84522,2807,101380,3640,185902,California
San Joaquin,2021-03-31,6802,289558,4206,149434,2535,134773,61,5351,3482,84800,3289,104669,3567,189469,California
San Joaquin,2021-04-01,6584,296142,3021,152455,3470,138243,93,5444,2949,84297,3603,108272,3100,192569,California
San Joaquin,2021-04-02,6481,302623,2902,155357,3080,141323,499,5943,2601,83579,3849,112121,3131,195700,California
San Joaquin,2021-04-03,4222,306845,2401,157758,1495,142818,326,6269,2017,83748,2185,114306,2354,198054,California
San Joaquin,2021-04-04,2296,309141,1374,159132,716,143534,206,6475,1548,84785,736,115042,1773,199827,California
San Joaquin,2021-04-05,4873,314014,2867,161999,1766,145300,240,6715,2714,85604,2142,117184,2961,202788,California
San Joaquin,2021-04-06,7208,321222,4575,166574,2353,147653,280,6995,3451,85626,3720,120904,3742,206530,California
San Joaquin,2021-04-07,8483,329705,4594,171168,2297,149950,1592,8587,3580,85929,4876,125780,5179,211709,California
San Joaquin,2021-04-08,8927,338632,4769,175937,1993,151943,2165,10752,3385,85966,5512,131292,5549,217258,California
San Joaquin,2021-04-09,9064,347696,4406,180343,3088,155031,1570,12322,3346,85204,5690,136982,4928,222186,California
San Joaquin,2021-04-10,5262,352958,1666,182009,1686,156717,1910,14232,1787,85438,3460,140442,3694,225880,California
San Joaquin,2021-04-11,4309,357267,1778,183787,1364,158081,1167,15399,1979,86262,2316,142758,3140,229020,California
San Joaquin,2021-04-12,6175,363442,2516,186303,2107,160188,1552,16951,2438,86547,3709,146467,3994,233014,California
San Joaquin,2021-04-13,7673,371115,4412,190715,3252,163440,9,16960,4681,88280,2963,149430,4696,237710,California
San Joaquin,2021-04-14,7740,378855,3922,194637,3816,167256,2,16962,4647,89875,3066,152496,4661,242371,California
San Joaquin,2021-04-15,8044,386899,4773,199410,3271,170527,0,16962,4439,90765,3558,156054,4448,246819,California
San Joaquin,2021-04-16,7922,394821,4296,203706,3623,174150,3,16965,4768,92429,3120,159174,4784,251603,California
San Joaquin,2021-04-17,5212,400033,2832,206538,2378,176528,2,16967,3692,94635,1507,160681,3713,255316,California
San Joaquin,2021-04-18,2602,402635,1498,208036,1104,177632,0,16967,1382,94820,1203,161884,1388,256704,California
San Joaquin,2021-04-19,5329,407964,2837,210873,2491,180123,1,16968,2772,95084,2520,164404,2784,259488,California
San Joaquin,2021-04-20,6497,414461,3484,214357,3012,183135,1,16969,3050,94733,3412,167816,3061,262549,California
San Joaquin,2021-04-21,6052,420513,3446,217803,2606,185741,0,16969,3081,94913,2909,170725,3089,265638,California
San Joaquin,2021-04-22,5569,426082,3315,221118,2252,187993,2,16971,3149,95696,2385,173110,3168,268806,California
San Joaquin,2021-04-23,6216,432298,3033,224151,3182,191175,1,16972,3894,97302,2296,175406,3902,272708,California
San Joaquin,2021-04-24,5284,437582,3639,227790,1643,192818,2,16974,3436,98930,1819,177225,3447,276155,California
San Joaquin,2021-04-25,3083,440665,2597,230387,486,193304,0,16974,2048,99975,1009,178234,2054,278209,California
San Joaquin,2021-04-26,4243,444908,2740,233127,1499,194803,4,16978,2184,100130,2039,180273,2194,280403,California
San Joaquin,2021-04-27,4833,449741,2769,235896,2002,196805,62,17040,2039,99475,2764,183037,2109,282512,California
San Joaquin,2021-04-28,5872,455613,3520,239416,2272,199077,80,17120,2854,99439,2980,186017,2944,285456,California
San Joaquin,2021-04-29,5189,460802,3052,242468,2080,201157,57,17177,2626,99601,2532,188549,2694,288150,California
San Joaquin,2021-04-30,5251,466053,2592,245060,2592,203749,67,17244,2691,99833,2536,191085,2768,290918,California
San Joaquin,2021-05-01,3383,469436,1933,246993,1392,205141,58,17302,2154,100839,1218,192303,2224,293142,California
San Joaquin,2021-05-02,2311,471747,1608,248601,646,205787,57,17359,1169,100928,1138,193441,1227,294369,California
San Joaquin,2021-05-03,3419,475166,2287,250888,1052,206839,80,17439,1412,100438,1990,195431,1500,295869,California
San Joaquin,2021-05-04,5091,480257,3431,254319,1503,208342,157,17596,1857,99253,3210,198641,2025,297894,California
San Joaquin,2021-05-05,5375,485632,3722,258041,1489,209831,164,17760,2394,98872,2946,201587,2565,300459,California
San Joaquin,2021-05-06,4914,490546,3317,261358,1466,211297,131,17891,2140,98397,2757,204344,2282,302741,California
San Joaquin,2021-05-07,5350,495896,3143,264501,2055,213352,152,18043,2039,97313,3285,207629,2201,304942,California
San Joaquin,2021-05-08,3405,499301,2234,266735,1070,214422,101,18144,1286,96606,2103,209732,1396,306338,California
San Joaquin,2021-05-09,1518,500819,867,267602,581,215003,70,18214,574,96315,941,210673,650,306988,California
San Joaquin,2021-05-10,2946,503765,1562,269164,1259,216262,125,18339,946,95408,1983,212656,1076,308064,California
San Joaquin,2021-05-11,4275,508040,2232,271396,1920,218182,123,18462,1298,93901,2959,215615,1452,309516,California
San Joaquin,2021-05-12,4522,512562,2155,273551,2241,220423,126,18588,1397,92332,3103,218718,1534,311050,California
San Joaquin,2021-05-13,4894,517456,2881,276432,1923,222346,90,18678,1876,91310,3002,221720,1980,313030,California
San Joaquin,2021-05-14,5924,523380,3568,280000,2248,224594,108,18786,2439,90408,3455,225175,2553,315583,California
San Joaquin,2021-05-15,5266,528646,3140,283140,2045,226639,81,18867,1654,88566,3581,228756,1739,317322,California
San Joaquin,2021-05-16,3627,532273,2853,285993,725,227364,49,18916,1473,87956,2140,230896,1530,318852,California
San Joaquin,2021-05-17,4179,536452,2506,288499,1576,228940,97,19013,1793,87488,2368,233264,1900,320752,California
San Joaquin,2021-05-18,4010,540462,2320,290819,1575,230515,115,19128,1862,87338,2130,235394,1980,322732,California
San Joaquin,2021-05-19,4792,545254,2794,293613,1863,232378,135,19263,2025,86772,2736,238130,2170,324902,California
San Joaquin,2021-05-20,4015,549269,2405,296018,1505,233883,105,19368,1733,86357,2256,240386,1841,326743,California
San Joaquin,2021-05-21,5098,554367,2997,299015,1979,235862,122,19490,2309,86041,2757,243143,2441,329184,California
San Joaquin,2021-05-22,4067,558434,2552,301567,1420,237282,95,19585,1815,85724,2238,245381,1921,331105,California
San Joaquin,2021-05-23,2541,560975,2086,303653,411,237693,44,19629,1468,86179,1061,246442,1516,332621,California
San Joaquin,2021-05-24,3105,564080,1823,305476,1189,238882,93,19722,1449,86086,1640,248082,1547,334168,California
San Joaquin,2021-05-25,3137,567217,1953,307429,1036,239918,148,19870,1447,86013,1669,249751,1596,335764,California
San Joaquin,2021-05-26,3934,571151,2424,309853,1435,241353,75,19945,1599,85372,2318,252069,1677,337441,California
San Joaquin,2021-05-27,3149,574300,1717,311570,1347,242700,85,20030,1281,84889,1851,253920,1368,338809,California
San Joaquin,2021-05-28,3139,577439,1678,313248,1369,244069,92,20122,1454,84784,1660,255580,1555,340364,California
San Joaquin,2021-05-29,2151,579590,1189,314437,926,244995,36,20158,917,84512,1229,256809,957,341321,California
San Joaquin,2021-05-30,976,580566,522,314959,428,245423,26,20184,399,84369,571,257380,428,341749,California
San Joaquin,2021-05-31,621,581187,260,315219,354,245777,7,20191,235,84230,381,257761,242,341991,California
San Joaquin,2021-06-01,2480,583667,1496,316715,887,246664,97,20288,1180,84223,1290,259051,1283,343274,California
San Joaquin,2021-06-02,2737,586404,1619,318334,1064,247728,54,20342,1134,83827,1587,260638,1191,344465,California
San Joaquin,2021-06-03,2857,589261,1765,320099,1035,248763,57,20399,1058,83165,1781,262419,1119,345584,California
San Joaquin,2021-06-04,3153,592414,1938,322037,1110,249873,105,20504,1058,82262,2067,264486,1164,346748,California
San Joaquin,2021-06-05,2519,594933,1918,323955,535,250408,66,20570,1149,82203,1278,265764,1219,347967,California
San Joaquin,2021-06-06,1098,596031,884,324839,177,250585,37,20607,428,82017,651,266415,465,348432,California
San Joaquin,2021-06-07,2836,598867,2103,326942,692,251277,41,20648,975,81189,1853,268268,1025,349457,California
San Joaquin,2021-06-08,2775,601642,2103,329045,627,251904,45,20693,871,80221,1887,270155,919,350376,California
San Joaquin,2021-06-09,2858,604500,1990,331035,824,252728,44,20737,968,79362,1872,272027,1013,351389,California
San Joaquin,2021-06-10,2678,607178,1948,332983,664,253392,66,20803,1005,78769,1668,273695,1075,352464,California
San Joaquin,2021-06-11,2971,610149,2056,335039,798,254190,117,20920,972,77869,1990,275685,1090,353554,California
San Joaquin,2021-06-12,1862,612011,1402,336441,429,254619,31,20951,630,77326,1225,276910,682,354236,California
San Joaquin,2021-06-13,1076,613087,826,337267,202,254821,48,20999,497,77298,575,277485,547,354783,California
San Joaquin,2021-06-14,2218,615305,1490,338757,656,255477,72,21071,930,77025,1277,278762,1004,355787,California
San Joaquin,2021-06-15,2245,617550,1498,340255,670,256147,77,21148,870,76613,1362,280124,950,356737,California
San Joaquin,2021-06-16,2722,620272,1955,342210,685,256832,82,21230,906,75800,1800,281924,987,357724,California
San Joaquin,2021-06-17,2621,622893,1864,344074,694,257526,63,21293,888,75031,1720,283644,951,358675,California
San Joaquin,2021-06-18,2767,625660,1815,345889,876,258402,76,21369,1147,74648,1607,285251,1224,359899,California
San Joaquin,2021-06-19,1396,627056,869,346758,267,258669,260,21629,500,74520,889,286140,761,360660,California
San Joaquin,2021-06-20,655,627711,517,347275,112,258781,26,21655,290,74476,359,286499,315,360975,California
San Joaquin,2021-06-21,1619,629330,955,348230,555,259336,109,21764,818,74609,794,287293,927,361902,California
San Joaquin,2021-06-22,1895,631225,1249,349479,575,259911,71,21835,813,74420,1071,288364,882,362784,California
San Joaquin,2021-06-23,1970,633195,1295,350774,598,260509,77,21912,769,74084,1182,289546,846,363630,California
San Joaquin,2021-06-24,1972,635167,1343,352117,535,261044,94,22006,872,74010,1039,290585,965,364595,California
San Joaquin,2021-06-25,1721,636888,1099,353216,544,261588,78,22084,762,73898,952,291537,840,365435,California
San Joaquin,2021-06-26,1072,637960,802,354018,219,261807,51,22135,517,73916,551,292088,569,366004,California
San Joaquin,2021-06-27,570,638530,431,354449,99,261906,40,22175,264,73918,302,292390,304,366308,California
San Joaquin,2021-06-28,1449,639979,1021,355470,359,262265,69,22244,661,73891,757,293147,730,367038,California
San Joaquin,2021-06-29,1432,641411,904,356374,458,262723,70,22314,644,73824,780,293927,713,367751,California
San Joaquin,2021-06-30,1490,642901,1020,357394,400,263123,70,22384,639,73692,845,294772,713,368464,California
San Joaquin,2021-07-01,1000,643901,711,358105,237,263360,52,22436,412,73575,580,295352,463,368927,California
San Luis Obispo,2020-12-16,4,4,4,4,0,0,0,0,4,4,0,0,4,4,California
San Luis Obispo,2020-12-17,196,200,196,200,0,0,0,0,196,200,0,0,196,200,California
San Luis Obispo,2020-12-18,224,424,224,424,0,0,0,0,224,424,0,0,224,424,California
San Luis Obispo,2020-12-19,164,588,164,588,0,0,0,0,164,588,0,0,164,588,California
San Luis Obispo,2020-12-20,215,803,215,803,0,0,0,0,215,803,0,0,215,803,California
San Luis Obispo,2020-12-21,550,1353,549,1352,1,1,0,0,550,1353,0,0,550,1353,California
San Luis Obispo,2020-12-22,309,1662,305,1657,4,5,0,0,309,1662,0,0,309,1662,California
San Luis Obispo,2020-12-23,681,2343,367,2024,314,319,0,0,681,2343,0,0,681,2343,California
San Luis Obispo,2020-12-24,194,2537,19,2043,175,494,0,0,194,2537,0,0,194,2537,California
San Luis Obispo,2020-12-25,2,2539,1,2044,1,495,0,0,2,2539,0,0,2,2539,California
San Luis Obispo,2020-12-26,90,2629,13,2057,77,572,0,0,90,2629,0,0,90,2629,California
San Luis Obispo,2020-12-27,76,2705,0,2057,76,648,0,0,76,2705,0,0,76,2705,California
San Luis Obispo,2020-12-28,878,3583,429,2486,449,1097,0,0,878,3583,0,0,878,3583,California
San Luis Obispo,2020-12-29,904,4487,505,2991,399,1496,0,0,904,4487,0,0,904,4487,California
San Luis Obispo,2020-12-30,1172,5659,679,3670,493,1989,0,0,1172,5659,0,0,1172,5659,California
San Luis Obispo,2020-12-31,109,5768,4,3674,105,2094,0,0,109,5768,0,0,109,5768,California
San Luis Obispo,2021-01-01,18,5786,11,3685,7,2101,0,0,18,5786,0,0,18,5786,California
San Luis Obispo,2021-01-02,34,5820,8,3693,26,2127,0,0,34,5820,0,0,34,5820,California
San Luis Obispo,2021-01-03,17,5837,6,3699,11,2138,0,0,17,5837,0,0,17,5837,California
San Luis Obispo,2021-01-04,681,6518,525,4224,156,2294,0,0,681,6518,0,0,681,6518,California
San Luis Obispo,2021-01-05,975,7493,755,4979,220,2514,0,0,972,7487,3,3,972,7490,California
San Luis Obispo,2021-01-06,728,8221,481,5460,247,2761,0,0,720,8200,7,10,720,8210,California
San Luis Obispo,2021-01-07,1122,9343,946,6406,176,2937,0,0,679,8436,443,453,679,8889,California
San Luis Obispo,2021-01-08,885,10228,804,7210,81,3018,0,0,516,8584,368,821,516,9405,California
San Luis Obispo,2021-01-09,205,10433,195,7405,10,3028,0,0,28,8435,177,998,28,9433,California
San Luis Obispo,2021-01-10,12,10445,8,7413,4,3032,0,0,8,8439,4,1002,8,9441,California
San Luis Obispo,2021-01-11,560,11005,509,7922,51,3083,0,0,298,8476,261,1263,298,9739,California
San Luis Obispo,2021-01-12,600,11605,382,8304,218,3301,0,0,319,8514,281,1544,319,10058,California
San Luis Obispo,2021-01-13,887,12492,259,8563,628,3929,0,0,650,8929,235,1779,650,10708,California
San Luis Obispo,2021-01-14,727,13219,239,8802,488,4417,0,0,605,9421,113,1892,605,11313,California
San Luis Obispo,2021-01-15,734,13953,293,9095,441,4858,0,0,555,9802,174,2066,555,11868,California
San Luis Obispo,2021-01-16,102,14055,82,9177,20,4878,0,0,96,9892,6,2072,96,11964,California
San Luis Obispo,2021-01-17,63,14118,56,9233,7,4885,0,0,63,9955,0,2072,63,12027,California
San Luis Obispo,2021-01-18,1371,15489,391,9624,980,5865,0,0,1107,10798,264,2336,1107,13134,California
San Luis Obispo,2021-01-19,1584,17073,417,10041,1167,7032,0,0,1174,11563,410,2746,1175,14309,California
San Luis Obispo,2021-01-20,1894,18967,602,10643,1292,8324,0,0,1301,12274,591,3337,1302,15611,California
San Luis Obispo,2021-01-21,1578,20545,469,11112,1109,9433,0,0,1207,13115,367,3704,1208,16819,California
San Luis Obispo,2021-01-22,1523,22068,508,11620,1015,10448,0,0,1207,14008,314,4018,1207,18026,California
San Luis Obispo,2021-01-23,309,22377,290,11910,19,10467,0,0,293,14285,16,4034,293,18319,California
San Luis Obispo,2021-01-24,441,22818,233,12143,208,10675,0,0,435,14713,7,4041,435,18754,California
San Luis Obispo,2021-01-25,2074,24892,601,12744,1473,12148,0,0,1244,15127,830,4871,1244,19998,California
San Luis Obispo,2021-01-26,2004,26896,705,13449,1299,13447,0,0,1140,15403,864,5735,1140,21138,California
San Luis Obispo,2021-01-27,1608,28504,280,13729,1328,14775,0,0,1149,16093,459,6194,1149,22287,California
San Luis Obispo,2021-01-28,1496,30000,342,14071,1154,15929,0,0,1232,17063,262,6456,1232,23519,California
San Luis Obispo,2021-01-29,1747,31747,689,14760,1058,16987,0,0,1457,18230,290,6746,1457,24976,California
San Luis Obispo,2021-01-30,41,31788,19,14779,22,17009,0,0,29,18248,11,6757,29,25005,California
San Luis Obispo,2021-01-31,235,32023,19,14798,216,17225,0,0,233,18479,2,6759,233,25238,California
San Luis Obispo,2021-02-01,1710,33733,741,15539,969,18194,0,0,1405,19580,304,7063,1405,26643,California
San Luis Obispo,2021-02-02,1905,35638,680,16219,1225,19419,0,0,1527,20730,378,7441,1528,28171,California
San Luis Obispo,2021-02-03,1711,37349,728,16947,983,20402,0,0,1295,21609,416,7857,1295,29466,California
San Luis Obispo,2021-02-04,1664,39013,803,17750,861,21263,0,0,1097,22139,567,8424,1097,30563,California
San Luis Obispo,2021-02-05,1610,40623,717,18467,893,22156,0,0,1064,22657,547,8971,1065,31628,California
San Luis Obispo,2021-02-06,178,40801,108,18575,70,22226,0,0,98,22675,80,9051,98,31726,California
San Luis Obispo,2021-02-07,124,40925,79,18654,45,22271,0,0,72,22696,52,9103,73,31799,California
San Luis Obispo,2021-02-08,865,41790,473,19127,392,22663,0,0,501,22834,363,9466,501,32300,California
San Luis Obispo,2021-02-09,1127,42917,448,19575,679,23342,0,0,545,22810,576,10042,552,32852,California
San Luis Obispo,2021-02-10,1443,44360,493,20068,950,24292,0,0,528,22428,913,10955,531,33383,California
San Luis Obispo,2021-02-11,1335,45695,846,20914,489,24781,0,0,660,22415,673,11628,660,34043,California
San Luis Obispo,2021-02-12,781,46476,361,21275,420,25201,0,0,415,22464,366,11994,415,34458,California
San Luis Obispo,2021-02-13,395,46871,131,21406,264,25465,0,0,287,22644,107,12101,287,34745,California
San Luis Obispo,2021-02-14,323,47194,44,21450,279,25744,0,0,284,22890,39,12140,285,35030,California
San Luis Obispo,2021-02-15,729,47923,138,21588,591,26335,0,0,474,23110,254,12394,474,35504,California
San Luis Obispo,2021-02-16,2980,50903,1199,22787,1781,28116,0,0,1367,22864,1613,14007,1367,36871,California
San Luis Obispo,2021-02-17,2793,53696,1247,24034,1546,29662,0,0,1026,22132,1758,15765,1026,37897,California
San Luis Obispo,2021-02-18,2842,56538,1469,25503,1373,31035,0,0,1136,21572,1697,17462,1137,39034,California
San Luis Obispo,2021-02-19,1476,58014,1353,26856,123,31158,0,0,1142,22382,332,17794,1142,40176,California
San Luis Obispo,2021-02-20,261,58275,88,26944,173,31331,0,0,222,22565,39,17833,222,40398,California
San Luis Obispo,2021-02-21,57,58332,53,26997,4,31335,0,0,32,22572,25,17858,32,40430,California
San Luis Obispo,2021-02-22,2431,60763,1880,28877,551,31886,0,0,1472,23087,958,18816,1473,41903,California
San Luis Obispo,2021-02-23,1865,62628,1750,30627,115,32001,0,0,1366,23957,497,19313,1367,43270,California
San Luis Obispo,2021-02-24,2657,65285,1308,31935,1349,33350,0,0,836,22975,1818,21131,836,44106,California
San Luis Obispo,2021-02-25,2133,67418,1243,33178,890,34240,0,0,1208,23266,918,22049,1209,45315,California
San Luis Obispo,2021-02-26,2651,70069,1150,34328,1501,35741,0,0,1330,23285,1311,23360,1330,46645,California
San Luis Obispo,2021-02-27,585,70654,354,34682,231,35972,0,0,528,23757,56,23416,528,47173,California
San Luis Obispo,2021-02-28,592,71246,67,34749,525,36497,0,0,163,23493,427,23843,163,47336,California
San Luis Obispo,2021-03-01,3011,74257,1879,36628,1130,37627,2,2,2078,24641,933,24776,2081,49417,California
San Luis Obispo,2021-03-02,3060,77317,1917,38545,1143,38770,0,2,1899,25385,1156,25932,1900,51317,California
San Luis Obispo,2021-03-03,2351,79668,345,38890,2006,40776,0,2,857,24755,1488,27420,858,52175,California
San Luis Obispo,2021-03-04,2206,81874,1162,40052,1044,41820,0,2,1186,24926,1017,28437,1188,53363,California
San Luis Obispo,2021-03-05,2304,84178,1021,41073,1213,43033,70,72,1296,25298,994,29431,1366,54729,California
San Luis Obispo,2021-03-06,841,85019,312,41385,421,43454,108,180,618,25795,223,29654,720,55449,California
San Luis Obispo,2021-03-07,202,85221,34,41419,84,43538,84,264,77,25829,124,29778,158,55607,California
San Luis Obispo,2021-03-08,2738,87959,759,42178,1661,45199,318,582,1542,26497,1191,30969,1859,57466,California
San Luis Obispo,2021-03-09,2964,90923,975,43153,1741,46940,248,830,1533,26852,1427,32396,1782,59248,California
San Luis Obispo,2021-03-10,3202,94125,1241,44394,1679,48619,282,1112,1822,27578,1376,33772,2102,61350,California
San Luis Obispo,2021-03-11,3353,97478,1322,45716,1708,50327,323,1435,1811,28183,1530,35302,2135,63485,California
San Luis Obispo,2021-03-12,3219,100697,1240,46956,1641,51968,338,1773,1624,28558,1588,36890,1963,65448,California
San Luis Obispo,2021-03-13,912,101609,263,47219,539,52507,110,1883,542,28838,369,37259,649,66097,California
San Luis Obispo,2021-03-14,517,102126,55,47274,351,52858,111,1994,135,28704,380,37639,246,66343,California
San Luis Obispo,2021-03-15,3067,105193,1104,48378,1862,54720,101,2095,1529,28802,1535,39174,1633,67976,California
San Luis Obispo,2021-03-16,2857,108050,1510,49888,1237,55957,110,2205,1440,28941,1410,40584,1549,69525,California
San Luis Obispo,2021-03-17,3458,111508,1447,51335,1749,57706,262,2467,2005,29767,1440,42024,2266,71791,California
San Luis Obispo,2021-03-18,2831,114339,1449,52784,1168,58874,214,2681,1356,29867,1468,43492,1568,73359,California
San Luis Obispo,2021-03-19,2601,116940,1573,54357,706,59580,322,3003,965,29530,1626,45118,1289,74648,California
San Luis Obispo,2021-03-20,841,117781,501,54858,303,59883,37,3040,385,29497,455,45573,422,75070,California
San Luis Obispo,2021-03-21,190,117971,45,54903,141,60024,4,3044,160,29631,29,45602,163,75233,California
San Luis Obispo,2021-03-22,2762,120733,1175,56078,1539,61563,48,3092,1928,30777,830,46432,1976,77209,California
San Luis Obispo,2021-03-23,3348,124081,2227,58305,1092,62655,29,3121,2223,31909,1120,47552,2252,79461,California
San Luis Obispo,2021-03-24,3583,127664,2195,60500,1303,63958,85,3206,2670,33756,907,48459,2754,82215,California
San Luis Obispo,2021-03-25,3727,131391,2339,62839,1376,65334,12,3218,2669,35383,1053,49512,2680,84895,California
San Luis Obispo,2021-03-26,3328,134719,1814,64653,1042,66376,472,3690,1852,36238,1469,50981,2324,87219,California
San Luis Obispo,2021-03-27,1006,135725,508,65161,407,66783,91,3781,452,36229,552,51533,543,87762,California
San Luis Obispo,2021-03-28,621,136346,155,65316,410,67193,56,3837,417,36500,203,51736,474,88236,California
San Luis Obispo,2021-03-29,2632,138978,1323,66639,1176,68369,133,3970,1681,37380,935,52671,1815,90051,California
San Luis Obispo,2021-03-30,3538,142516,1942,68581,1455,69824,141,4111,2343,38675,1188,53859,2483,92534,California
San Luis Obispo,2021-03-31,3896,146412,2478,71059,1269,71093,149,4260,2504,39945,1381,55240,2651,95185,California
San Luis Obispo,2021-04-01,3901,150313,2470,73529,1313,72406,118,4378,2716,41608,1169,56409,2832,98017,California
San Luis Obispo,2021-04-02,1759,152072,691,74220,753,73159,315,4693,956,42077,800,57209,1269,99286,California
San Luis Obispo,2021-04-03,1113,153185,556,74776,430,73589,127,4820,494,42084,614,57823,621,99907,California
San Luis Obispo,2021-04-04,388,153573,134,74910,214,73803,40,4860,241,42218,147,57970,281,100188,California
San Luis Obispo,2021-04-05,3645,157218,1947,76857,1585,75388,113,4973,2041,42771,1600,59570,2153,102341,California
San Luis Obispo,2021-04-06,4175,161393,2209,79066,1642,77030,324,5297,1988,42904,2178,61748,2311,104652,California
San Luis Obispo,2021-04-07,4319,165712,2351,81417,1601,78631,367,5664,2474,43913,1829,63577,2838,107490,California
San Luis Obispo,2021-04-08,3999,169711,2193,83610,1398,80029,408,6072,2136,44603,1854,65431,2544,110034,California
San Luis Obispo,2021-04-09,3687,173398,1753,85363,1173,81202,761,6833,1506,44695,2169,67600,2261,112295,California
San Luis Obispo,2021-04-10,1699,175097,569,85932,460,81662,670,7503,499,44663,1197,68797,1165,113460,California
San Luis Obispo,2021-04-11,317,175414,64,85996,186,81848,67,7570,126,44667,189,68986,193,113653,California
San Luis Obispo,2021-04-12,3426,178840,1719,87715,1545,83393,162,7732,1418,44240,2006,70992,1579,115232,California
San Luis Obispo,2021-04-13,3727,182567,2163,89878,1563,84956,1,7733,1992,44503,1732,72724,1995,117227,California
San Luis Obispo,2021-04-14,3617,186184,2065,91943,1547,86503,5,7738,1767,44442,1832,74556,1771,118998,California
San Luis Obispo,2021-04-15,3793,189977,2470,94413,1322,87825,1,7739,2023,44719,1748,76304,2025,121023,California
San Luis Obispo,2021-04-16,3681,193658,2245,96658,1432,89257,4,7743,1770,44590,1901,78205,1772,122795,California
San Luis Obispo,2021-04-17,1096,194754,434,97092,660,89917,2,7745,712,44921,383,78588,714,123509,California
San Luis Obispo,2021-04-18,328,195082,104,97196,223,90140,1,7746,115,44827,209,78797,115,123624,California
San Luis Obispo,2021-04-19,3213,198295,1355,98551,1820,91960,38,7784,1103,43865,2104,80901,1142,124766,California
San Luis Obispo,2021-04-20,3657,201952,2031,100582,1626,93586,0,7784,1339,42897,2307,83208,1339,126105,California
San Luis Obispo,2021-04-21,4005,205957,1848,102430,2157,95743,0,7784,1605,42126,2379,85587,1608,127713,California
San Luis Obispo,2021-04-22,4622,210579,2079,104509,2543,98286,0,7784,1422,40370,3180,88767,1424,129137,California
San Luis Obispo,2021-04-23,1442,212021,837,105346,601,98887,4,7788,722,40381,716,89483,727,129864,California
San Luis Obispo,2021-04-24,1081,213102,438,105784,624,99511,19,7807,506,40324,582,90065,525,130389,California
San Luis Obispo,2021-04-25,518,213620,163,105947,355,99866,0,7807,114,40039,399,90464,114,130503,California
San Luis Obispo,2021-04-26,1086,214706,397,106344,671,100537,18,7825,399,39780,675,91139,416,130919,California
San Luis Obispo,2021-04-27,3928,218634,1994,108338,1855,102392,79,7904,1528,38994,2392,93531,1606,132525,California
San Luis Obispo,2021-04-28,3821,222455,2109,110447,1640,104032,72,7976,1339,37935,2470,96001,1411,133936,California
San Luis Obispo,2021-04-29,3733,226188,2128,112575,1538,105570,67,8043,1249,36785,2467,98468,1317,135253,California
San Luis Obispo,2021-04-30,3004,229192,1686,114261,1244,106814,74,8117,917,35710,2065,100533,990,136243,California
San Luis Obispo,2021-05-01,478,229670,164,114425,279,107093,35,8152,103,35476,371,100904,137,136380,California
San Luis Obispo,2021-05-02,172,229842,53,114478,99,107192,20,8172,43,35410,129,101033,63,136443,California
San Luis Obispo,2021-05-03,891,230733,286,114764,494,107686,111,8283,223,35076,666,101699,332,136775,California
San Luis Obispo,2021-05-04,2975,233708,1921,116685,983,108669,71,8354,874,33924,2094,103793,942,137717,California
San Luis Obispo,2021-05-05,2861,236569,1877,118562,917,109586,67,8421,677,32497,2171,105964,744,138461,California
San Luis Obispo,2021-05-06,2846,239415,1915,120477,867,110453,64,8485,722,31178,2105,108069,786,139247,California
San Luis Obispo,2021-05-07,2366,241781,1775,122252,523,110976,68,8553,598,30097,1748,109817,667,139914,California
San Luis Obispo,2021-05-08,606,242387,343,122595,239,111215,24,8577,204,29942,383,110200,228,140142,California
San Luis Obispo,2021-05-09,165,242552,42,122637,104,111319,19,8596,45,29887,119,110319,64,140206,California
San Luis Obispo,2021-05-10,733,243285,158,122795,523,111842,52,8648,157,29523,571,110890,207,140413,California
San Luis Obispo,2021-05-11,1218,244503,598,123393,545,112387,75,8723,382,29150,830,111720,457,140870,California
San Luis Obispo,2021-05-12,2508,247011,1611,125004,814,113201,83,8806,694,28130,1797,113517,777,141647,California
San Luis Obispo,2021-05-13,1185,248196,717,125721,406,113607,62,8868,488,27988,691,114208,549,142196,California
San Luis Obispo,2021-05-14,2268,250464,1648,127369,568,114175,52,8920,934,27657,1316,115524,985,143181,California
San Luis Obispo,2021-05-15,987,251451,454,127823,499,114674,34,8954,462,27632,522,116046,497,143678,California
San Luis Obispo,2021-05-16,310,251761,166,127989,138,114812,6,8960,176,27681,133,116179,182,143860,California
San Luis Obispo,2021-05-17,1690,253451,978,128967,652,115464,60,9020,669,27399,1012,117191,730,144590,California
San Luis Obispo,2021-05-18,1907,255358,1161,130128,713,116177,33,9053,723,26978,1178,118369,757,145347,California
San Luis Obispo,2021-05-19,1458,256816,624,130752,771,116948,63,9116,406,26401,1045,119414,468,145815,California
San Luis Obispo,2021-05-20,1148,257964,498,131250,613,117561,37,9153,338,25977,799,120213,375,146190,California
San Luis Obispo,2021-05-21,1110,259074,573,131823,492,118053,45,9198,510,25942,590,120803,555,146745,California
San Luis Obispo,2021-05-22,683,259757,326,132149,334,118387,23,9221,341,25971,335,121138,364,147109,California
San Luis Obispo,2021-05-23,147,259904,69,132218,72,118459,6,9227,52,25935,94,121232,58,147167,California
San Luis Obispo,2021-05-24,569,260473,262,132480,267,118726,40,9267,200,25808,367,121599,240,147407,California
San Luis Obispo,2021-05-25,881,261354,429,132909,424,119150,28,9295,345,25652,528,122127,372,147779,California
San Luis Obispo,2021-05-26,2143,263497,993,133902,1095,120245,55,9350,664,24898,1472,123599,718,148497,California
San Luis Obispo,2021-05-27,1879,265376,668,134570,1179,121424,32,9382,492,24040,1381,124980,523,149020,California
San Luis Obispo,2021-05-28,920,266296,467,135037,426,121850,27,9409,481,24111,437,125417,508,149528,California
San Luis Obispo,2021-05-29,378,266674,153,135190,214,122064,11,9420,208,24162,169,125586,220,149748,California
San Luis Obispo,2021-05-30,88,266762,35,135225,45,122109,8,9428,34,24150,53,125639,41,149789,California
San Luis Obispo,2021-05-31,41,266803,5,135230,23,122132,13,9441,16,24154,24,125663,28,149817,California
San Luis Obispo,2021-06-01,756,267559,325,135555,400,122532,31,9472,270,23973,482,126145,301,150118,California
San Luis Obispo,2021-06-02,640,268199,287,135842,311,122843,42,9514,184,23749,449,126594,225,150343,California
San Luis Obispo,2021-06-03,917,269116,454,136296,431,123274,32,9546,253,23372,662,127256,285,150628,California
San Luis Obispo,2021-06-04,2484,271600,1525,137821,917,124191,42,9588,704,22349,1767,129023,744,151372,California
San Luis Obispo,2021-06-05,660,272260,288,138109,352,124543,20,9608,317,22344,342,129365,337,151709,California
San Luis Obispo,2021-06-06,186,272446,132,138241,45,124588,9,9617,47,22261,139,129504,56,151765,California
San Luis Obispo,2021-06-07,547,272993,358,138599,148,124736,41,9658,154,22065,391,129895,195,151960,California
San Luis Obispo,2021-06-08,808,273801,524,139123,243,124979,41,9699,243,21788,561,130456,284,152244,California
San Luis Obispo,2021-06-09,639,274440,355,139478,253,125232,31,9730,187,21557,449,130905,218,152462,California
San Luis Obispo,2021-06-10,754,275194,363,139841,352,125584,39,9769,220,21284,532,131437,259,152721,California
San Luis Obispo,2021-06-11,937,276131,540,140381,361,125945,36,9805,339,21066,594,132031,376,153097,California
San Luis Obispo,2021-06-12,392,276523,268,140649,121,126066,3,9808,167,21012,224,132255,170,153267,California
San Luis Obispo,2021-06-13,161,276684,92,140741,66,126132,3,9811,43,20941,117,132372,46,153313,California
San Luis Obispo,2021-06-14,455,277139,298,141039,126,126258,31,9842,129,20776,323,132695,158,153471,California
San Luis Obispo,2021-06-15,640,277779,397,141436,205,126463,38,9880,237,20651,399,133094,274,153745,California
San Luis Obispo,2021-06-16,625,278404,365,141801,225,126688,35,9915,180,20427,438,133532,214,153959,California
San Luis Obispo,2021-06-17,597,279001,340,142141,231,126919,26,9941,196,20249,400,133932,222,154181,California
San Luis Obispo,2021-06-18,789,279790,506,142647,237,127156,46,9987,279,20069,506,134438,326,154507,California
San Luis Obispo,2021-06-19,266,280056,151,142798,101,127257,14,10001,100,20019,164,134602,114,154621,California
San Luis Obispo,2021-06-20,110,280166,73,142871,29,127286,8,10009,45,20008,64,134666,53,154674,California
San Luis Obispo,2021-06-21,351,280517,222,143093,103,127389,26,10035,154,19993,195,134861,180,154854,California
San Luis Obispo,2021-06-22,622,281139,363,143456,227,127616,32,10067,277,19959,343,135204,309,155163,California
San Luis Obispo,2021-06-23,495,281634,272,143728,203,127819,20,10087,238,19960,257,135461,258,155421,California
San Luis Obispo,2021-06-24,468,282102,262,143990,180,127999,26,10113,204,19930,260,135721,230,155651,California
San Luis Obispo,2021-06-25,527,282629,212,144202,293,128292,22,10135,210,19849,311,136032,230,155881,California
San Luis Obispo,2021-06-26,272,282901,147,144349,107,128399,18,10153,119,19832,153,136185,136,156017,California
San Luis Obispo,2021-06-27,146,283047,94,144443,47,128446,5,10158,76,19844,69,136254,81,156098,California
San Luis Obispo,2021-06-28,341,283388,245,144688,80,128526,16,10174,130,19781,208,136462,145,156243,California
San Luis Obispo,2021-06-29,483,283871,315,145003,152,128678,16,10190,204,19727,274,136736,220,156463,California
San Luis Obispo,2021-06-30,439,284310,243,145246,158,128836,38,10228,163,19653,274,137010,200,156663,California
San Luis Obispo,2021-07-01,188,284498,92,145338,92,128928,4,10232,85,19641,101,137111,89,156752,California
San Mateo,2020-12-15,27,27,27,27,0,0,0,0,27,27,0,0,27,27,California
San Mateo,2020-12-16,113,140,113,140,0,0,0,0,113,140,0,0,113,140,California
San Mateo,2020-12-17,172,312,172,312,0,0,0,0,172,312,0,0,172,312,California
San Mateo,2020-12-18,776,1088,774,1086,2,2,0,0,776,1088,0,0,776,1088,California
San Mateo,2020-12-19,517,1605,517,1603,0,2,0,0,517,1605,0,0,517,1605,California
San Mateo,2020-12-20,504,2109,503,2106,1,3,0,0,504,2109,0,0,504,2109,California
San Mateo,2020-12-21,1145,3254,1144,3250,1,4,0,0,1145,3254,0,0,1145,3254,California
San Mateo,2020-12-22,1522,4776,1514,4764,8,12,0,0,1521,4774,1,1,1521,4775,California
San Mateo,2020-12-23,1568,6344,1378,6142,190,202,0,0,1568,6342,0,1,1568,6343,California
San Mateo,2020-12-24,870,7214,612,6754,258,460,0,0,870,7212,0,1,870,7213,California
San Mateo,2020-12-25,113,7327,109,6863,4,464,0,0,113,7325,0,1,113,7326,California
San Mateo,2020-12-26,559,7886,417,7280,142,606,0,0,559,7884,0,1,559,7885,California
San Mateo,2020-12-27,303,8189,172,7452,131,737,0,0,303,8187,0,1,303,8188,California
San Mateo,2020-12-28,1060,9249,710,8162,350,1087,0,0,1060,9247,0,1,1060,9248,California
San Mateo,2020-12-29,1138,10387,715,8877,423,1510,0,0,1138,10385,0,1,1138,10386,California
San Mateo,2020-12-30,1267,11654,764,9641,503,2013,0,0,1267,11652,0,1,1267,11653,California
San Mateo,2020-12-31,706,12360,228,9869,478,2491,0,0,705,12356,1,2,705,12358,California
San Mateo,2021-01-01,111,12471,75,9944,36,2527,0,0,111,12467,0,2,111,12469,California
San Mateo,2021-01-02,399,12870,273,10217,126,2653,0,0,399,12866,0,2,399,12868,California
San Mateo,2021-01-03,284,13154,209,10426,75,2728,0,0,281,13144,3,5,281,13149,California
San Mateo,2021-01-04,1053,14207,679,11105,374,3102,0,0,1053,14197,0,5,1053,14202,California
San Mateo,2021-01-05,1217,15424,715,11820,502,3604,0,0,1184,15349,33,38,1185,15387,California
San Mateo,2021-01-06,1458,16882,958,12778,500,4104,0,0,1263,16421,192,230,1264,16651,California
San Mateo,2021-01-07,1463,18345,816,13594,647,4751,0,0,1154,17273,302,532,1154,17805,California
San Mateo,2021-01-08,1852,20197,1199,14793,653,5404,0,0,1138,17704,707,1239,1138,18943,California
San Mateo,2021-01-09,1178,21375,780,15573,398,5802,0,0,716,17958,462,1701,716,19659,California
San Mateo,2021-01-10,711,22086,580,16153,131,5933,0,0,270,17787,441,2142,270,19929,California
San Mateo,2021-01-11,2619,24705,1511,17664,1108,7041,0,0,1540,18250,1079,3221,1542,21471,California
San Mateo,2021-01-12,3455,28160,1938,19602,1517,8558,0,0,2229,19266,1217,4438,2233,23704,California
San Mateo,2021-01-13,3416,31576,1671,21273,1745,10303,0,0,2366,20584,1050,5488,2368,26072,California
San Mateo,2021-01-14,3805,35381,1610,22883,2195,12498,0,0,3105,22994,700,6188,3110,29182,California
San Mateo,2021-01-15,4350,39731,1735,24618,2615,15113,0,0,3801,26250,547,6735,3803,32985,California
San Mateo,2021-01-16,3090,42821,770,25388,2320,17433,0,0,2759,28681,329,7064,2760,35745,California
San Mateo,2021-01-17,1314,44135,304,25692,1010,18443,0,0,1109,29585,205,7269,1109,36854,California
San Mateo,2021-01-18,1370,45505,543,26235,827,19270,0,0,988,30194,379,7648,988,37842,California
San Mateo,2021-01-19,2808,48313,1797,28032,1011,20281,0,0,2004,31397,801,8449,2004,39846,California
San Mateo,2021-01-20,2990,51303,1726,29758,1264,21545,0,0,2138,32687,849,9298,2139,41985,California
San Mateo,2021-01-21,2934,54237,1359,31117,1575,23120,0,0,2333,34425,598,9896,2336,44321,California
San Mateo,2021-01-22,2834,57071,1146,32263,1688,24808,0,0,2528,36652,302,10198,2529,46850,California
San Mateo,2021-01-23,2887,59958,1681,33944,1206,26014,0,0,2524,38814,363,10561,2525,49375,California
San Mateo,2021-01-24,1517,61475,374,34318,1143,27157,0,0,1206,39711,310,10871,1207,50582,California
San Mateo,2021-01-25,4423,65898,3144,37462,1279,28436,0,0,3516,42328,903,11774,3520,54102,California
San Mateo,2021-01-26,4357,70255,3011,40473,1346,29782,0,0,3421,44816,934,12708,3422,57524,California
San Mateo,2021-01-27,2830,73085,1475,41948,1355,31137,0,0,1820,45633,1004,13712,1821,59345,California
San Mateo,2021-01-28,2824,75909,1371,43319,1453,32590,0,0,1971,46767,837,14549,1971,61316,California
San Mateo,2021-01-29,3022,78931,1356,44675,1666,34256,0,0,2173,48095,847,15396,2175,63491,California
San Mateo,2021-01-30,3422,82353,1489,46164,1933,36189,0,0,2957,50590,463,15859,2958,66449,California
San Mateo,2021-01-31,1690,84043,896,47060,794,36983,0,0,1527,51956,161,16020,1527,67976,California
San Mateo,2021-02-01,2967,87010,1371,48431,1596,38579,0,0,2233,53460,730,16750,2234,70210,California
San Mateo,2021-02-02,3260,90270,1752,50183,1508,40087,0,0,2212,54627,1045,17795,2212,72422,California
San Mateo,2021-02-03,5032,95302,2075,52258,2957,43044,0,0,3884,57367,1145,18940,3885,76307,California
San Mateo,2021-02-04,6260,101562,2519,54777,3741,46785,0,0,4976,61069,1278,20218,4980,81287,California
San Mateo,2021-02-05,6841,108403,2559,57336,4282,51067,0,0,5000,64246,1823,22041,5000,86287,California
San Mateo,2021-02-06,3284,111687,1912,59248,1372,52439,0,0,2626,66221,653,22694,2628,88915,California
San Mateo,2021-02-07,1905,113592,1347,60595,558,52997,0,0,1712,67742,191,22885,1712,90627,California
San Mateo,2021-02-08,5305,118897,2265,62860,3040,56037,0,0,3128,68757,2113,24998,3128,93755,California
San Mateo,2021-02-09,6190,125087,3204,66064,2986,59023,0,0,3324,69224,2857,27855,3324,97079,California
San Mateo,2021-02-10,6543,131630,3286,69350,3257,62280,0,0,3276,69252,3248,31103,3276,100355,California
San Mateo,2021-02-11,7101,138731,3596,72946,3505,65785,0,0,3772,69705,3321,34424,3774,104129,California
San Mateo,2021-02-12,6691,145422,2997,75943,3694,69479,0,0,4728,72476,1959,36383,4730,108859,California
San Mateo,2021-02-13,6207,151629,4094,80037,2113,71592,0,0,2647,71569,3554,39937,2647,111506,California
San Mateo,2021-02-14,4733,156362,3102,83139,1631,73223,0,0,1986,70817,2739,42676,1987,113493,California
San Mateo,2021-02-15,3184,159546,1460,84599,1724,74947,0,0,1795,71231,1382,44058,1796,115289,California
San Mateo,2021-02-16,7199,166745,1906,86505,5293,80240,0,0,5303,74642,1894,45952,5305,120594,California
San Mateo,2021-02-17,7121,173866,1986,88491,5135,85375,0,0,5051,77630,2064,48016,5052,125646,California
San Mateo,2021-02-18,6816,180682,4711,93202,2105,87480,0,0,4530,79882,2281,50297,4533,130179,California
San Mateo,2021-02-19,7913,188595,5660,98862,2253,89733,0,0,5858,83694,2046,52343,5858,136037,California
San Mateo,2021-02-20,3825,192420,2471,101333,1354,91087,0,0,2350,84578,1467,53810,2351,138388,California
San Mateo,2021-02-21,2697,195117,1822,103155,875,91962,0,0,1601,85091,1089,54899,1602,139990,California
San Mateo,2021-02-22,4602,199719,3334,106489,1268,93230,0,0,2893,86283,1702,56601,2894,142884,California
San Mateo,2021-02-23,4465,204184,3184,109673,1281,94511,0,0,2586,87002,1867,58468,2586,145470,California
San Mateo,2021-02-24,7421,211605,3342,113015,4079,98590,0,0,4912,89416,2499,60967,4913,150383,California
San Mateo,2021-02-25,9313,220918,4150,117165,5163,103753,0,0,6138,92397,3158,64125,6139,156522,California
San Mateo,2021-02-26,10062,230980,3880,121045,6182,109935,0,0,6968,96289,3078,67203,6970,163492,California
San Mateo,2021-02-27,6912,237892,3567,124612,3344,113279,1,1,3762,96917,3141,70344,3769,167261,California
San Mateo,2021-02-28,4464,242356,2756,127368,1708,114987,0,1,2681,97826,1773,72117,2682,169943,California
San Mateo,2021-03-01,6043,248399,3806,131174,2233,117220,4,5,2984,97772,3044,75161,2990,172933,California
San Mateo,2021-03-02,6282,254681,4462,135636,1819,119039,1,6,3613,98726,2661,77822,3615,176548,California
San Mateo,2021-03-03,8556,263237,4039,139675,4515,123554,2,8,3708,97604,4832,82654,3710,180258,California
San Mateo,2021-03-04,8584,271821,4022,143697,4558,128112,4,12,3879,96807,4682,87336,3885,184143,California
San Mateo,2021-03-05,9401,281222,6261,149958,3136,131248,4,16,6584,100603,2795,90131,6591,190734,California
San Mateo,2021-03-06,7998,289220,5561,155519,2261,133509,176,192,5864,104521,2122,92253,6040,196774,California
San Mateo,2021-03-07,3632,292852,2456,157975,1105,134614,71,263,2144,105254,1484,93737,2217,198991,California
San Mateo,2021-03-08,4553,297405,2576,160551,1757,136371,220,483,3328,107582,1218,94955,3546,202537,California
San Mateo,2021-03-09,5357,302762,2870,163421,2211,138582,276,759,3730,109967,1615,96570,4000,206537,California
San Mateo,2021-03-10,7280,310042,2954,166375,4039,142621,287,1046,4844,112675,2420,98990,5128,211665,California
San Mateo,2021-03-11,9197,319239,5767,172142,3039,145660,391,1437,3675,111251,5488,104478,4064,215729,California
San Mateo,2021-03-12,10650,329889,6708,178850,3556,149216,386,1823,3582,108173,7044,111522,3966,219695,California
San Mateo,2021-03-13,8262,338151,3535,182385,3092,152308,1635,3458,3996,109538,4250,115772,5615,225310,California
San Mateo,2021-03-14,5029,343180,3395,185780,1525,153833,109,3567,2658,109941,2363,118135,2766,228076,California
San Mateo,2021-03-15,7244,350424,4678,190458,2388,156221,178,3745,3777,110439,3458,121593,3956,232032,California
San Mateo,2021-03-16,12020,362444,4430,194888,7465,163686,125,3870,4833,108233,7167,128760,4961,236993,California
San Mateo,2021-03-17,10986,373430,4483,199371,6357,170043,146,4016,4967,107358,5989,134749,5114,242107,California
San Mateo,2021-03-18,7415,380845,4160,203531,3066,173109,189,4205,4407,108952,3000,137749,4594,246701,California
San Mateo,2021-03-19,7596,388441,4902,208433,2020,175129,674,4879,3648,109337,3937,141686,4322,251023,California
San Mateo,2021-03-20,8430,396871,6559,214992,1534,176663,337,5216,5370,112002,3042,144728,5707,256730,California
San Mateo,2021-03-21,4290,401161,3251,218243,806,177469,233,5449,2296,112544,1983,146711,2525,259255,California
San Mateo,2021-03-22,5385,406546,3666,221909,1293,178762,426,5875,2826,113252,2543,149254,3251,262506,California
San Mateo,2021-03-23,9955,416501,4584,226493,5173,183935,198,6073,4487,112501,5436,154690,4685,267191,California
San Mateo,2021-03-24,9601,426102,5549,232042,3906,187841,146,6219,4095,111310,5430,160120,4239,271430,California
San Mateo,2021-03-25,10204,436306,5016,237058,4919,192760,269,6488,4458,110400,5639,165759,4729,276159,California
San Mateo,2021-03-26,11351,447657,7795,244853,3388,196148,168,6656,4337,107935,6970,172729,4505,280664,California
San Mateo,2021-03-27,10605,458262,8111,252964,2385,198533,109,6765,4673,106802,5913,178642,4780,285444,California
San Mateo,2021-03-28,4300,462562,2782,255746,1405,199938,113,6878,1994,106617,2296,180938,2111,287555,California
San Mateo,2021-03-29,6118,468680,3794,259540,2070,202008,254,7132,2744,106258,3355,184293,2996,290551,California
San Mateo,2021-03-30,7212,475892,4104,263644,2954,204962,154,7286,3882,106979,3315,187608,4036,294587,California
San Mateo,2021-03-31,7384,483276,4661,268305,2578,207540,145,7431,3881,107521,3484,191092,4026,298613,California
San Mateo,2021-04-01,10707,493983,5281,273586,4204,211744,1222,8653,5739,109558,4915,196007,6952,305565,California
San Mateo,2021-04-02,10976,504959,5246,278832,4128,215872,1602,10255,5774,111741,5178,201185,7361,312926,California
San Mateo,2021-04-03,10042,515001,5788,284620,2475,218347,1779,12034,5117,113716,4915,206100,6890,319816,California
San Mateo,2021-04-04,5473,520474,2635,287255,1579,219926,1259,13293,1712,112936,3746,209846,2966,322782,California
San Mateo,2021-04-05,9072,529546,4828,292083,2499,222425,1745,15038,3884,113388,5169,215015,5621,328403,California
San Mateo,2021-04-06,13286,542832,8298,300381,3131,225556,1857,16895,7573,117121,5697,220712,9430,337833,California
San Mateo,2021-04-07,11537,554369,5356,305737,4482,230038,1699,18594,4902,117097,6614,227326,6590,344423,California
San Mateo,2021-04-08,10271,564640,5113,310850,2537,232575,2621,21215,4544,118539,5706,233032,7148,351571,California
San Mateo,2021-04-09,11459,576099,5585,316435,3371,235946,2503,23718,5138,119853,6316,239348,7630,359201,California
San Mateo,2021-04-10,11327,587426,5754,322189,4124,240070,1449,25167,4688,119371,6607,245955,6125,365326,California
San Mateo,2021-04-11,6659,594085,3310,325499,878,240948,2471,27638,2324,119826,4328,250283,4783,370109,California
San Mateo,2021-04-12,7436,601521,4534,330033,1925,242873,977,28615,3585,120553,3829,254112,4556,374665,California
San Mateo,2021-04-13,8301,609822,5166,335199,3124,245997,11,28626,4382,121043,3905,258017,4395,379060,California
San Mateo,2021-04-14,8440,618262,5444,340643,2995,248992,1,28627,4307,121245,4114,262131,4316,383376,California
San Mateo,2021-04-15,11303,629565,7497,348140,3804,252796,2,28629,7361,124697,3913,266044,7365,390741,California
San Mateo,2021-04-16,10157,639722,6973,355113,3168,255964,16,28645,6412,127410,3721,269765,6434,397175,California
San Mateo,2021-04-17,9870,649592,6569,361682,3299,259263,2,28647,6237,130035,3621,273386,6246,403421,California
San Mateo,2021-04-18,5740,655332,2872,364554,2868,262131,0,28647,3853,132022,1872,275258,3859,407280,California
San Mateo,2021-04-19,8535,663867,5549,370103,2986,265117,0,28647,5538,134591,2981,278239,5550,412830,California
San Mateo,2021-04-20,10861,674728,6219,376322,4641,269758,1,28648,6947,137662,3889,282128,6960,419790,California
San Mateo,2021-04-21,9907,684635,6892,383214,3013,272771,2,28650,6134,140054,3750,285878,6142,425932,California
San Mateo,2021-04-22,10185,694820,6919,390133,3265,276036,1,28651,5689,141288,4461,290339,5695,431627,California
San Mateo,2021-04-23,10008,704828,6712,396845,3296,279332,0,28651,5613,142554,4365,294704,5631,437258,California
San Mateo,2021-04-24,11312,716140,8061,404906,3251,282583,0,28651,5823,142922,5465,300169,5833,443091,California
San Mateo,2021-04-25,5562,721702,3881,408787,1679,284262,2,28653,3950,145290,1596,301765,3964,447055,California
San Mateo,2021-04-26,6910,728612,5011,413798,1891,286153,8,28661,4001,146415,2895,304660,4020,451075,California
San Mateo,2021-04-27,11617,740229,8205,422003,3257,289410,155,28816,4758,144514,6825,311485,4924,455999,California
San Mateo,2021-04-28,8221,748450,4787,426790,3228,292638,206,29022,4382,145287,3822,315307,4595,460594,California
San Mateo,2021-04-29,8456,756906,4078,430868,4206,296844,172,29194,3836,144723,4589,319896,4025,464619,California
San Mateo,2021-04-30,8469,765375,5371,436239,2944,299788,154,29348,3629,143713,4812,324708,3802,468421,California
San Mateo,2021-05-01,6223,771598,4156,440395,1949,301737,118,29466,2690,143020,3514,328222,2821,471242,California
San Mateo,2021-05-02,3196,774794,1755,442150,1371,303108,70,29536,1155,142220,2030,330252,1230,472472,California
San Mateo,2021-05-03,6093,780887,4540,446690,1408,304516,145,29681,1849,139982,4233,334485,1995,474467,California
San Mateo,2021-05-04,7688,788575,5307,451997,2209,306725,172,29853,2547,137594,5126,339611,2738,477205,California
San Mateo,2021-05-05,7185,795760,4771,456768,2255,308980,159,30012,2451,135503,4704,344315,2613,479818,California
San Mateo,2021-05-06,8940,804700,7045,463813,1719,310699,176,30188,1797,130359,7122,351437,1978,481796,California
San Mateo,2021-05-07,8424,813124,6071,469884,2068,312767,285,30473,1869,125997,6529,357966,2167,483963,California
San Mateo,2021-05-08,7024,820148,4387,474271,2398,315165,239,30712,1927,123085,5082,363048,2170,486133,California
San Mateo,2021-05-09,3154,823302,2460,476731,620,315785,74,30786,944,121905,2199,365247,1019,487152,California
San Mateo,2021-05-10,4805,828107,3500,480231,1135,316920,170,30956,738,118766,4056,369303,917,488069,California
San Mateo,2021-05-11,7262,835369,5553,485784,1580,318500,129,31085,1718,115091,5524,374827,1849,489918,California
San Mateo,2021-05-12,7073,842442,5146,490930,1711,320211,216,31301,1427,111105,5632,380459,1646,491564,California
San Mateo,2021-05-13,9761,852203,7342,498272,2322,322533,97,31398,3414,108318,6312,386771,3525,495089,California
San Mateo,2021-05-14,8571,860774,6353,504625,2102,324635,116,31514,2580,105049,5971,392742,2702,497791,California
San Mateo,2021-05-15,10645,871419,8344,512969,2199,326834,102,31616,4712,103967,5917,398659,4835,502626,California
San Mateo,2021-05-16,7294,878713,5212,518181,2011,328845,71,31687,2280,101325,4994,403653,2352,504978,California
San Mateo,2021-05-17,7204,885917,5122,523303,1974,330819,108,31795,2126,98502,5061,408714,2238,507216,California
San Mateo,2021-05-18,8558,894475,5921,529224,2539,333358,98,31893,3059,96291,5374,414088,3163,510379,California
San Mateo,2021-05-19,7926,902401,5913,535137,1891,335249,122,32015,3553,95644,4325,418413,3678,514057,California
San Mateo,2021-05-20,5779,908180,3605,538742,2040,337289,134,32149,2177,94382,3576,421989,2314,516371,California
San Mateo,2021-05-21,7022,915202,4775,543517,2102,339391,145,32294,1865,91256,5136,427125,2010,518381,California
San Mateo,2021-05-22,6355,921557,4325,547842,1963,341354,67,32361,2631,90251,3705,430830,2700,521081,California
San Mateo,2021-05-23,3100,924657,1767,549609,1244,342598,89,32450,1184,89621,1903,432733,1273,522354,California
San Mateo,2021-05-24,3677,928334,2449,552058,1079,343677,149,32599,1225,88564,2429,435162,1372,523726,California
San Mateo,2021-05-25,4785,933119,3012,555070,1593,345270,180,32779,1573,87131,3189,438351,1756,525482,California
San Mateo,2021-05-26,5729,938848,3080,558150,2530,347800,119,32898,1783,85110,3923,442274,1902,527384,California
San Mateo,2021-05-27,3779,942627,2205,560355,1475,349275,99,32997,1196,83845,2556,444830,1291,528675,California
San Mateo,2021-05-28,3514,946141,2203,562558,1226,350501,85,33082,1303,83061,2171,447001,1387,530062,California
San Mateo,2021-05-29,3231,949372,2282,564840,898,351399,51,33133,1233,82374,1970,448971,1283,531345,California
San Mateo,2021-05-30,1640,951012,1111,565951,468,351867,61,33194,646,82097,984,449955,707,532052,California
San Mateo,2021-05-31,440,951452,275,566226,157,352024,8,33202,160,81988,277,450232,168,532220,California
San Mateo,2021-06-01,3342,954794,1976,568202,1271,353295,95,33297,958,80670,2370,452602,1052,533272,California
San Mateo,2021-06-02,2768,957562,1834,570036,856,354151,78,33375,1055,80103,1698,454300,1131,534403,California
San Mateo,2021-06-03,3816,961378,2995,573031,706,354857,115,33490,826,78064,2976,457276,937,535340,California
San Mateo,2021-06-04,4133,965511,3181,576212,857,355714,95,33585,1117,76268,2995,460271,1199,536539,California
San Mateo,2021-06-05,5153,970664,4502,580714,551,356265,100,33685,955,73156,4167,464438,1055,537594,California
San Mateo,2021-06-06,2519,973183,2077,582791,381,356646,61,33746,478,71672,2019,466457,535,538129,California
San Mateo,2021-06-07,3112,976295,2610,585401,419,357065,83,33829,696,70041,2408,468865,777,538906,California
San Mateo,2021-06-08,4084,980379,3450,588851,528,357593,106,33935,970,68039,3079,471944,1077,539983,California
San Mateo,2021-06-09,4138,984517,3563,592414,505,358098,70,34005,621,65223,3504,475448,688,540671,California
San Mateo,2021-06-10,2968,987485,2401,594815,452,358550,115,34120,751,63888,2201,477649,866,541537,California
San Mateo,2021-06-11,2859,990344,2298,597113,449,358999,112,34232,919,62990,1929,479578,1031,542568,California
San Mateo,2021-06-12,3147,993491,2806,599919,260,359259,81,34313,770,61478,2363,481941,851,543419,California
San Mateo,2021-06-13,1434,994925,1081,601000,290,359549,63,34376,351,60824,1068,483009,414,543833,California
San Mateo,2021-06-14,2430,997355,2100,603100,247,359796,83,34459,689,59887,1709,484718,772,544605,California
San Mateo,2021-06-15,2263,999618,1797,604897,345,360141,121,34580,681,59124,1564,486282,801,545406,California
San Mateo,2021-06-16,2440,1002058,2022,606919,261,360402,157,34737,701,58281,1696,487978,853,546259,California
San Mateo,2021-06-17,1947,1004005,1610,608529,249,360651,88,34825,689,57850,1208,489186,777,547036,California
San Mateo,2021-06-18,2121,1006126,1779,610308,264,360915,78,34903,617,57056,1485,490671,691,547727,California
San Mateo,2021-06-19,1785,1007911,1561,611869,163,361078,61,34964,588,56578,1125,491796,647,548374,California
San Mateo,2021-06-20,769,1008680,698,612567,60,361138,11,34975,287,56428,448,492244,298,548672,California
San Mateo,2021-06-21,1249,1009929,935,613502,239,361377,75,35050,607,56476,636,492880,684,549356,California
San Mateo,2021-06-22,1595,1011524,1291,614793,208,361585,96,35146,598,56189,980,493860,693,550049,California
San Mateo,2021-06-23,1851,1013375,1570,616363,178,361763,103,35249,622,55718,1196,495056,725,550774,California
San Mateo,2021-06-24,1462,1014837,1088,617451,273,362036,101,35350,536,55444,908,495964,634,551408,California
San Mateo,2021-06-25,1778,1016615,1480,618931,221,362257,77,35427,662,55078,1105,497069,739,552147,California
San Mateo,2021-06-26,1241,1017856,1046,619977,137,362394,58,35485,496,54901,730,497799,553,552700,California
San Mateo,2021-06-27,655,1018511,532,620509,77,362471,46,35531,290,54873,364,498163,336,553036,California
San Mateo,2021-06-28,1251,1019762,1070,621579,105,362576,76,35607,496,54702,742,498905,571,553607,California
San Mateo,2021-06-29,1405,1021167,1139,622718,188,362764,78,35685,482,54344,914,499819,556,554163,California
San Mateo,2021-06-30,1231,1022398,1016,623734,118,362882,97,35782,552,54325,667,500486,648,554811,California
San Mateo,2021-07-01,845,1023243,715,624449,85,362967,45,35827,336,54205,501,500987,381,555192,California
Santa Barbara,2020-12-15,2,2,2,2,0,0,0,0,2,2,0,0,2,2,California
Santa Barbara,2020-12-16,2,4,2,4,0,0,0,0,2,4,0,0,2,4,California
Santa Barbara,2020-12-17,56,60,56,60,0,0,0,0,56,60,0,0,56,60,California
Santa Barbara,2020-12-18,382,442,381,441,1,1,0,0,382,442,0,0,382,442,California
Santa Barbara,2020-12-19,325,767,325,766,0,1,0,0,325,767,0,0,325,767,California
Santa Barbara,2020-12-20,235,1002,235,1001,0,1,0,0,235,1002,0,0,235,1002,California
Santa Barbara,2020-12-21,657,1659,655,1656,2,3,0,0,657,1659,0,0,657,1659,California
Santa Barbara,2020-12-22,247,1906,245,1901,2,5,0,0,247,1906,0,0,247,1906,California
Santa Barbara,2020-12-23,325,2231,207,2108,118,123,0,0,325,2231,0,0,325,2231,California
Santa Barbara,2020-12-24,88,2319,40,2148,48,171,0,0,88,2319,0,0,88,2319,California
Santa Barbara,2020-12-26,326,2645,66,2214,260,431,0,0,326,2645,0,0,326,2645,California
Santa Barbara,2020-12-27,62,2707,1,2215,61,492,0,0,62,2707,0,0,62,2707,California
Santa Barbara,2020-12-28,357,3064,224,2439,133,625,0,0,357,3064,0,0,357,3064,California
Santa Barbara,2020-12-29,562,3626,359,2798,203,828,0,0,562,3626,0,0,562,3626,California
Santa Barbara,2020-12-30,580,4206,397,3195,183,1011,0,0,580,4206,0,0,580,4206,California
Santa Barbara,2020-12-31,242,4448,114,3309,128,1139,0,0,242,4448,0,0,242,4448,California
Santa Barbara,2021-01-01,117,4565,111,3420,6,1145,0,0,117,4565,0,0,117,4565,California
Santa Barbara,2021-01-02,598,5163,232,3652,366,1511,0,0,598,5163,0,0,598,5163,California
Santa Barbara,2021-01-03,23,5186,15,3667,8,1519,0,0,23,5186,0,0,23,5186,California
Santa Barbara,2021-01-04,305,5491,242,3909,63,1582,0,0,304,5490,0,0,304,5490,California
Santa Barbara,2021-01-05,755,6246,380,4289,375,1957,0,0,727,6189,28,28,727,6217,California
Santa Barbara,2021-01-06,658,6904,276,4565,382,2339,0,0,597,6726,60,88,597,6814,California
Santa Barbara,2021-01-07,1032,7936,709,5274,323,2662,0,0,528,6754,500,588,528,7342,California
Santa Barbara,2021-01-08,1208,9144,850,6124,358,3020,0,0,713,6972,495,1083,713,8055,California
Santa Barbara,2021-01-09,561,9705,292,6416,269,3289,0,0,316,7043,245,1328,316,8371,California
Santa Barbara,2021-01-10,64,9769,51,6467,13,3302,0,0,47,7073,17,1345,47,8418,California
Santa Barbara,2021-01-11,848,10617,678,7145,170,3472,0,0,619,7464,228,1573,619,9037,California
Santa Barbara,2021-01-12,1445,12062,648,7793,797,4269,0,0,1285,8589,160,1733,1285,10322,California
Santa Barbara,2021-01-13,1223,13285,270,8063,953,5222,0,0,1096,9558,127,1860,1096,11418,California
Santa Barbara,2021-01-14,1260,14545,140,8203,1120,6342,0,0,1204,10708,55,1915,1205,12623,California
Santa Barbara,2021-01-15,1806,16351,420,8623,1386,7728,0,0,1723,12350,81,1996,1723,14346,California
Santa Barbara,2021-01-16,1277,17628,203,8826,1074,8802,0,0,1237,13548,39,2035,1237,15583,California
Santa Barbara,2021-01-17,126,17754,23,8849,103,8905,0,0,123,13668,3,2038,123,15706,California
Santa Barbara,2021-01-18,1153,18907,419,9268,734,9639,0,0,968,14451,185,2223,968,16674,California
Santa Barbara,2021-01-19,1643,20550,570,9838,1073,10712,0,0,1363,15537,277,2500,1363,18037,California
Santa Barbara,2021-01-20,2224,22774,656,10494,1568,12280,0,0,1802,16918,421,2921,1802,19839,California
Santa Barbara,2021-01-21,3203,25977,1920,12414,1283,13563,0,0,3041,19799,162,3083,3043,22882,California
Santa Barbara,2021-01-22,2951,28928,1795,14209,1156,14719,0,0,2779,22410,169,3252,2780,25662,California
Santa Barbara,2021-01-23,1739,30667,1105,15314,634,15353,0,0,1223,23118,515,3767,1223,26885,California
Santa Barbara,2021-01-24,846,31513,749,16063,97,15450,0,0,835,23943,10,3777,835,27720,California
Santa Barbara,2021-01-25,1240,32753,493,16556,747,16197,0,0,1004,24711,236,4013,1004,28724,California
Santa Barbara,2021-01-26,2051,34804,465,17021,1586,17783,0,0,1668,25998,381,4394,1668,30392,California
Santa Barbara,2021-01-27,1168,35972,398,17419,770,18553,0,0,906,26645,261,4655,908,31300,California
Santa Barbara,2021-01-28,899,36871,296,17715,603,19156,0,0,683,27116,212,4867,683,31983,California
Santa Barbara,2021-01-29,1347,38218,526,18241,821,19977,0,0,983,27741,360,5227,985,32968,California
Santa Barbara,2021-01-30,1905,40123,1417,19658,488,20465,0,0,1487,28813,415,5642,1487,34455,California
Santa Barbara,2021-01-31,1455,41578,1213,20871,242,20707,0,0,1416,30190,39,5681,1416,35871,California
Santa Barbara,2021-02-01,948,42526,520,21391,428,21135,0,0,549,30340,399,6080,549,36420,California
Santa Barbara,2021-02-02,1812,44338,683,22074,1129,22264,0,0,1043,30616,767,6847,1043,37463,California
Santa Barbara,2021-02-03,1963,46301,1084,23158,879,23143,0,0,1514,31691,439,7286,1514,38977,California
Santa Barbara,2021-02-04,2805,49106,1876,25034,929,24072,0,0,2505,33902,294,7580,2505,41482,California
Santa Barbara,2021-02-05,2928,52034,2082,27116,846,24918,0,0,2282,35541,643,8223,2282,43764,California
Santa Barbara,2021-02-06,1207,53241,341,27457,866,25784,0,0,797,35928,410,8633,797,44561,California
Santa Barbara,2021-02-07,311,53552,268,27725,43,25827,0,0,272,36163,37,8670,272,44833,California
Santa Barbara,2021-02-08,956,54508,311,28036,645,26472,0,0,666,36539,290,8960,666,45499,California
Santa Barbara,2021-02-09,2453,56961,315,28351,2138,28610,0,0,1124,36344,1319,10279,1124,46623,California
Santa Barbara,2021-02-10,2779,59740,1502,29853,1277,29887,0,0,746,35071,2020,12299,747,47370,California
Santa Barbara,2021-02-11,4212,63952,2820,32673,1392,31279,0,0,632,32136,3567,15866,632,48002,California
Santa Barbara,2021-02-12,3321,67273,950,33623,2371,33650,0,0,773,30367,2542,18408,773,48775,California
Santa Barbara,2021-02-13,1244,68517,344,33967,900,34550,0,0,565,30255,677,19085,565,49340,California
Santa Barbara,2021-02-14,335,68852,37,34004,298,34848,0,0,288,30497,47,19132,289,49629,California
Santa Barbara,2021-02-15,983,69835,347,34351,636,35484,0,0,498,30514,482,19614,499,50128,California
Santa Barbara,2021-02-16,2133,71968,408,34759,1725,37209,0,0,727,29839,1402,21016,727,50855,California
Santa Barbara,2021-02-17,1453,73421,327,35086,1126,38335,0,0,522,29437,927,21943,525,51380,California
Santa Barbara,2021-02-18,3278,76699,2669,37755,609,38944,0,0,1526,29251,1713,23656,1527,52907,California
Santa Barbara,2021-02-19,3620,80319,2656,40411,964,39908,0,0,2341,30317,1276,24932,2342,55249,California
Santa Barbara,2021-02-20,2329,82648,1523,41934,806,40714,0,0,1755,31508,564,25496,1755,57004,California
Santa Barbara,2021-02-21,143,82791,114,42048,29,40743,0,0,63,31493,78,25574,63,57067,California
Santa Barbara,2021-02-22,971,83762,260,42308,711,41454,0,0,281,31087,687,26261,281,57348,California
Santa Barbara,2021-02-23,3270,87032,1108,43416,2162,43616,0,0,436,28693,2831,29092,437,57785,California
Santa Barbara,2021-02-24,3283,90315,1136,44552,2147,45763,0,0,739,26898,2534,31626,739,58524,California
Santa Barbara,2021-02-25,3469,93784,1926,46478,1543,47306,0,0,993,25427,2468,34094,997,59521,California
Santa Barbara,2021-02-26,3683,97467,2182,48660,1501,48807,0,0,1983,25721,1690,35784,1984,61505,California
Santa Barbara,2021-02-27,1546,99013,568,49228,978,49785,0,0,862,25908,680,36464,867,62372,California
Santa Barbara,2021-02-28,1096,100109,223,49451,873,50658,0,0,897,26614,193,36657,899,63271,California
Santa Barbara,2021-03-01,1670,101779,488,49939,1180,51838,2,2,1108,27180,545,37202,1111,64382,California
Santa Barbara,2021-03-02,2670,104449,426,50365,2244,54082,0,2,2163,28851,494,37696,2165,66547,California
Santa Barbara,2021-03-03,4652,109101,2107,52472,2543,56625,2,4,4050,32317,591,38287,4057,70604,California
Santa Barbara,2021-03-04,3443,112544,2291,54763,1152,57777,0,4,2875,34635,559,38846,2877,73481,California
Santa Barbara,2021-03-05,3834,116378,2172,56935,1603,59380,59,63,3102,37071,726,39572,3162,76643,California
Santa Barbara,2021-03-06,2443,118821,735,57670,1491,60871,217,280,1678,38203,760,40332,1892,78535,California
Santa Barbara,2021-03-07,566,119387,122,57792,312,61183,132,412,383,38537,182,40514,516,79051,California
Santa Barbara,2021-03-08,1586,120973,382,58174,861,62044,343,755,800,38901,779,41293,1143,80194,California
Santa Barbara,2021-03-09,2799,123772,346,58520,1686,63730,767,1522,745,38359,2050,43343,1508,81702,California
Santa Barbara,2021-03-10,2775,126547,555,59075,1167,64897,1053,2575,1048,38734,1722,45065,2097,83799,California
Santa Barbara,2021-03-11,5595,132142,3038,62113,1441,66338,1116,3691,2283,38831,3295,48360,3392,87191,California
Santa Barbara,2021-03-12,3710,135852,2113,64226,1162,67500,435,4126,2180,39921,1522,49882,2612,89803,California
Santa Barbara,2021-03-13,3508,139360,1943,66169,1359,68859,206,4332,2698,42019,806,50688,2904,92707,California
Santa Barbara,2021-03-14,815,140175,396,66565,362,69221,57,4389,491,42245,323,51011,549,93256,California
Santa Barbara,2021-03-15,2123,142298,701,67266,1131,70352,291,4680,1273,42965,842,51853,1562,94818,California
Santa Barbara,2021-03-16,3737,146035,1185,68451,2209,72561,343,5023,2737,45052,995,52848,3082,97900,California
Santa Barbara,2021-03-17,3328,149363,980,69431,1943,74504,405,5428,2333,46793,992,53840,2733,100633,California
Santa Barbara,2021-03-18,5272,154635,2802,72233,2268,76772,202,5630,4044,49827,1212,55052,4246,104879,California
Santa Barbara,2021-03-19,4487,159122,2778,75011,1375,78147,334,5964,3071,51820,1411,56463,3404,108283,California
Santa Barbara,2021-03-20,2235,161357,842,75853,1370,79517,23,5987,1367,52348,864,57327,1392,109675,California
Santa Barbara,2021-03-21,1183,162540,386,76239,767,80284,30,6017,852,52904,327,57654,883,110558,California
Santa Barbara,2021-03-22,2789,165329,1921,78160,824,81108,44,6061,2222,54614,557,58211,2267,112825,California
Santa Barbara,2021-03-23,4470,169799,2254,80414,2115,83223,101,6162,3694,57641,766,58977,3793,116618,California
Santa Barbara,2021-03-24,5437,175236,3154,83568,1520,84743,763,6925,2971,58926,2443,61420,3728,120346,California
Santa Barbara,2021-03-25,5571,180807,3274,86842,2100,86843,197,7122,2781,59132,2772,64192,2978,123324,California
Santa Barbara,2021-03-26,5109,185916,3231,90073,1572,88415,306,7428,2234,58814,2858,67050,2540,125864,California
Santa Barbara,2021-03-27,2966,188882,1225,91298,1698,90113,43,7471,1623,59139,1339,68389,1664,127528,California
Santa Barbara,2021-03-28,2792,191674,1658,92956,1106,91219,28,7499,1902,60184,886,69275,1931,129459,California
Santa Barbara,2021-03-29,4046,195720,2085,95041,1889,93108,72,7571,3225,62664,817,70092,3297,132756,California
Santa Barbara,2021-03-30,6801,202521,3511,98552,3139,96247,151,7722,4530,65087,2255,72347,4678,137434,California
Santa Barbara,2021-03-31,8686,211207,5528,104080,3090,99337,68,7790,5029,66549,3635,75982,5097,142531,California
Santa Barbara,2021-04-01,7063,218270,5216,109296,1586,100923,261,8051,4173,68118,2865,78847,4434,146965,California
Santa Barbara,2021-04-02,6655,224925,4559,113855,1502,102425,594,8645,3422,68909,3224,82071,4015,150980,California
Santa Barbara,2021-04-03,3818,228743,2112,115967,1634,104059,72,8717,2519,70205,1292,83363,2588,153568,California
Santa Barbara,2021-04-04,904,229647,446,116413,417,104476,41,8758,500,70344,402,83765,541,154109,California
Santa Barbara,2021-04-05,3483,233130,2298,118711,926,105402,259,9017,2178,71485,1296,85061,2437,156546,California
Santa Barbara,2021-04-06,5503,238633,2838,121549,2115,107517,550,9567,3357,73263,2127,87188,3905,160451,California
Santa Barbara,2021-04-07,6028,244661,3291,124840,2195,109712,542,10109,4088,75961,1931,89119,4629,165080,California
Santa Barbara,2021-04-08,7431,252092,5048,129888,654,110366,1729,11838,3430,77122,3993,93112,5154,170234,California
Santa Barbara,2021-04-09,7344,259436,4887,134775,1095,111461,1362,13200,3308,77760,4025,97137,4663,174897,California
Santa Barbara,2021-04-10,6716,266152,4654,139429,1443,112904,619,13819,4565,80799,2142,99279,5181,180078,California
Santa Barbara,2021-04-11,2683,268835,1967,141396,413,113317,303,14122,1857,82133,820,100099,2154,182232,California
Santa Barbara,2021-04-12,4433,273268,2849,144245,1028,114345,556,14678,1917,82097,2508,102607,2472,184704,California
Santa Barbara,2021-04-13,6389,279657,4192,148437,2191,116536,6,14684,2662,81042,3722,106329,2667,187371,California
Santa Barbara,2021-04-14,6812,286469,4422,152859,2388,118924,2,14686,4244,82732,2557,108886,4247,191618,California
Santa Barbara,2021-04-15,7019,293488,4113,156972,2905,121829,1,14687,3778,83283,3229,112115,3780,195398,California
Santa Barbara,2021-04-16,6430,299918,3775,160747,2644,124473,11,14698,4424,85731,1986,114101,4434,199832,California
Santa Barbara,2021-04-17,5364,305282,3885,164632,1479,125952,0,14698,4101,88584,1248,115349,4101,203933,California
Santa Barbara,2021-04-18,2196,307478,1534,166166,662,126614,0,14698,381,87157,1809,117158,382,204315,California
Santa Barbara,2021-04-19,3278,310756,2260,168426,1012,127626,6,14704,1036,85966,2234,119392,1043,205358,California
Santa Barbara,2021-04-20,5977,316733,4002,172428,1974,129600,1,14705,1693,83391,4268,123660,1693,207051,California
Santa Barbara,2021-04-21,5568,322301,3682,176110,1886,131486,0,14705,1780,81403,3770,127430,1782,208833,California
Santa Barbara,2021-04-22,5147,327448,2601,178711,2545,134031,1,14706,1481,79240,3647,131077,1484,210317,California
Santa Barbara,2021-04-23,5627,333075,3897,182608,1730,135761,0,14706,1992,77612,3620,134697,1992,212309,California
Santa Barbara,2021-04-24,4425,337500,2872,185480,1548,137309,5,14711,1633,76478,2773,137470,1639,213948,California
Santa Barbara,2021-04-25,1844,339344,1184,186664,660,137969,0,14711,498,75640,1336,138806,498,214446,California
Santa Barbara,2021-04-26,3255,342599,1988,188652,1246,139215,21,14732,560,73534,2688,141494,582,215028,California
Santa Barbara,2021-04-27,3987,346586,2192,190844,1693,140908,102,14834,1175,72009,2802,144296,1277,216305,California
Santa Barbara,2021-04-28,4928,351514,2876,193720,1936,142844,116,14950,1400,70017,3512,147808,1520,217825,California
Santa Barbara,2021-04-29,5273,356787,3817,197537,1229,144073,227,15177,1435,67856,3821,151629,1660,219485,California
Santa Barbara,2021-04-30,4967,361754,3713,201250,1090,145163,164,15341,1410,65890,3539,155168,1573,221058,California
Santa Barbara,2021-05-01,5249,367003,4051,205301,1164,146327,34,15375,892,62478,4340,159508,928,221986,California
Santa Barbara,2021-05-02,1131,368134,668,205969,335,146662,128,15503,304,62084,826,160334,432,222418,California
Santa Barbara,2021-05-03,2203,370337,1476,207445,589,147251,138,15641,441,60905,1755,162089,576,222994,California
Santa Barbara,2021-05-04,3318,373655,1694,209139,1552,148803,72,15713,1149,59971,2154,164243,1220,224214,California
Santa Barbara,2021-05-05,5457,379112,3684,212823,1626,150429,147,15860,634,55945,4809,169052,783,224997,California
Santa Barbara,2021-05-06,5083,384195,3931,216754,1047,151476,105,15965,971,52926,4095,173147,1076,226073,California
Santa Barbara,2021-05-07,4664,388859,3643,220397,841,152317,180,16145,996,50447,3652,176799,1173,227246,California
Santa Barbara,2021-05-08,4304,393163,3191,223588,1015,153332,98,16243,907,48068,3385,180184,1006,228252,California
Santa Barbara,2021-05-09,702,393865,111,223699,551,153883,40,16283,463,48334,238,180422,504,228756,California
Santa Barbara,2021-05-10,1360,395225,657,224356,619,154502,84,16367,376,47812,981,181403,459,229215,California
Santa Barbara,2021-05-11,1934,397159,839,225195,799,155301,296,16663,443,47067,1481,182884,736,229951,California
Santa Barbara,2021-05-12,2084,399243,744,225939,1116,156417,224,16887,524,46268,1547,184431,748,230699,California
Santa Barbara,2021-05-13,3894,403137,2789,228728,908,157325,197,17084,1235,45053,2647,187078,1432,232131,California
Santa Barbara,2021-05-14,4153,407290,2527,231255,1532,158857,94,17178,1617,44242,2521,189599,1710,233841,California
Santa Barbara,2021-05-15,3524,410814,2563,233818,942,159799,19,17197,1844,44438,1668,191267,1864,235705,California
Santa Barbara,2021-05-16,1137,411951,521,234339,501,160300,115,17312,528,44478,603,191870,643,236348,California
Santa Barbara,2021-05-17,1641,413592,936,235275,642,160942,63,17375,862,44629,773,192643,924,237272,California
Santa Barbara,2021-05-18,1856,415448,1160,236435,601,161543,95,17470,974,44833,866,193509,1070,238342,California
Santa Barbara,2021-05-19,1769,417217,975,237410,754,162297,40,17510,808,44728,952,194461,847,239189,California
Santa Barbara,2021-05-20,1751,418968,952,238362,680,162977,119,17629,878,44865,861,195322,998,240187,California
Santa Barbara,2021-05-21,3460,422428,2340,240702,1066,164043,54,17683,1256,43987,2189,197511,1311,241498,California
Santa Barbara,2021-05-22,2467,424895,1705,242407,718,164761,44,17727,1397,44367,1062,198573,1442,242940,California
Santa Barbara,2021-05-23,763,425658,338,242745,395,165156,30,17757,412,44459,350,198923,442,243382,California
Santa Barbara,2021-05-24,1007,426665,588,243333,356,165512,63,17820,484,44488,518,199441,547,243929,California
Santa Barbara,2021-05-25,1405,428070,568,243901,768,166280,69,17889,462,44082,937,200378,531,244460,California
Santa Barbara,2021-05-26,3011,431081,1709,245610,1180,167460,122,18011,838,42883,2158,202536,959,245419,California
Santa Barbara,2021-05-27,1953,433034,1211,246821,600,168060,142,18153,825,42730,1121,203657,968,246387,California
Santa Barbara,2021-05-28,1505,434539,697,247518,656,168716,152,18305,614,42608,888,204545,766,247153,California
Santa Barbara,2021-05-29,903,435442,318,247836,548,169264,37,18342,363,42471,537,205082,400,247553,California
Santa Barbara,2021-05-30,508,435950,179,248015,231,169495,98,18440,184,42430,322,205404,281,247834,California
Santa Barbara,2021-05-31,95,436045,42,248057,43,169538,10,18450,22,42389,72,205476,31,247865,California
Santa Barbara,2021-06-01,1132,437177,592,248649,482,170020,58,18508,441,42203,685,206161,499,248364,California
Santa Barbara,2021-06-02,980,438157,585,249234,312,170332,83,18591,423,42155,553,206714,505,248869,California
Santa Barbara,2021-06-03,2057,440214,1546,250780,454,170786,57,18648,614,41388,1435,208149,668,249537,California
Santa Barbara,2021-06-04,1456,441670,669,251449,647,171433,140,18788,487,41051,960,209109,623,250160,California
Santa Barbara,2021-06-05,2923,444593,2211,253660,660,172093,52,18840,491,39172,2421,211530,542,250702,California
Santa Barbara,2021-06-06,913,445506,482,254142,412,172505,19,18859,228,38737,682,212212,247,250949,California
Santa Barbara,2021-06-07,1168,446674,833,254975,283,172788,52,18911,299,38222,866,213078,351,251300,California
Santa Barbara,2021-06-08,1111,447785,711,255686,368,173156,32,18943,291,37730,814,213892,322,251622,California
Santa Barbara,2021-06-09,1020,448805,695,256381,240,173396,85,19028,314,37426,703,214595,399,252021,California
Santa Barbara,2021-06-10,2387,451192,2073,258454,243,173639,71,19099,524,36161,1860,216455,595,252616,California
Santa Barbara,2021-06-11,1309,452501,606,259060,599,174238,104,19203,392,35746,911,217366,496,253112,California
Santa Barbara,2021-06-12,892,453393,601,259661,268,174506,23,19226,236,35356,648,218014,258,253370,California
Santa Barbara,2021-06-13,487,453880,299,259960,91,174597,97,19323,128,35224,357,218371,225,253595,California
Santa Barbara,2021-06-14,1255,455135,857,260817,322,174919,76,19399,335,34723,912,219283,411,254006,California
Santa Barbara,2021-06-15,1144,456279,755,261572,354,175273,35,19434,396,34413,741,220024,431,254437,California
Santa Barbara,2021-06-16,932,457211,646,262218,239,175512,47,19481,352,34236,574,220598,397,254834,California
Santa Barbara,2021-06-17,1874,459085,1544,263762,241,175753,89,19570,621,33696,1250,221848,710,255544,California
Santa Barbara,2021-06-18,1108,460193,714,264476,295,176048,99,19669,362,33415,742,222590,461,256005,California
Santa Barbara,2021-06-19,540,460733,363,264839,145,176193,32,19701,250,33410,287,222877,282,256287,California
Santa Barbara,2021-06-20,369,461102,211,265050,148,176341,10,19711,153,33357,215,223092,162,256449,California
Santa Barbara,2021-06-21,528,461630,264,265314,211,176552,53,19764,275,33437,248,223340,328,256777,California
Santa Barbara,2021-06-22,764,462394,495,265809,238,176790,31,19795,298,33303,462,223802,328,257105,California
Santa Barbara,2021-06-23,778,463172,563,266372,183,176973,32,19827,333,33227,440,224242,364,257469,California
Santa Barbara,2021-06-24,1355,464527,1147,267519,150,177123,58,19885,579,33093,769,225011,635,258104,California
Santa Barbara,2021-06-25,968,465495,616,268135,290,177413,62,19947,447,33084,517,225528,508,258612,California
Santa Barbara,2021-06-26,507,466002,355,268490,121,177534,31,19978,200,33008,307,225835,231,258843,California
Santa Barbara,2021-06-27,392,466394,257,268747,73,177607,62,20040,188,33058,200,226035,250,259093,California
Santa Barbara,2021-06-28,464,466858,304,269051,126,177733,34,20074,235,33098,229,226264,269,259362,California
Santa Barbara,2021-06-29,556,467414,377,269428,164,177897,15,20089,267,33096,283,226547,281,259643,California
Santa Barbara,2021-06-30,647,468061,460,269888,148,178045,39,20128,312,33121,326,226873,351,259994,California
Santa Barbara,2021-07-01,951,469012,719,270607,90,178135,142,20270,356,33025,593,227466,497,260491,California
Santa Clara,2020-12-15,71,71,71,71,0,0,0,0,71,71,0,0,71,71,California
Santa Clara,2020-12-16,152,223,152,223,0,0,0,0,152,223,0,0,152,223,California
Santa Clara,2020-12-17,408,631,408,631,0,0,0,0,408,631,0,0,408,631,California
Santa Clara,2020-12-18,1756,2387,1756,2387,0,0,0,0,1756,2387,0,0,1756,2387,California
Santa Clara,2020-12-19,2077,4464,2077,4464,0,0,0,0,2076,4463,0,0,2076,4463,California
Santa Clara,2020-12-20,1905,6369,1904,6368,1,1,0,0,1902,6365,0,0,1902,6365,California
Santa Clara,2020-12-21,2675,9044,2675,9043,0,1,0,0,2672,9036,1,1,2672,9037,California
Santa Clara,2020-12-22,3129,12173,3122,12165,7,8,0,0,3124,12158,2,3,3124,12161,California
Santa Clara,2020-12-23,3278,15451,3088,15253,190,198,0,0,3275,15432,1,4,3275,15436,California
Santa Clara,2020-12-24,1890,17341,1699,16952,191,389,0,0,1883,17313,2,6,1883,17319,California
Santa Clara,2020-12-25,349,17690,348,17300,1,390,0,0,349,17662,0,6,349,17668,California
Santa Clara,2020-12-26,1275,18965,1040,18340,235,625,0,0,1274,18936,0,6,1274,18942,California
Santa Clara,2020-12-27,659,19624,516,18856,143,768,0,0,659,19595,0,6,659,19601,California
Santa Clara,2020-12-28,2352,21976,1741,20597,611,1379,0,0,2352,21947,0,6,2352,21953,California
Santa Clara,2020-12-29,2376,24352,1510,22107,866,2245,0,0,2374,24321,0,6,2374,24327,California
Santa Clara,2020-12-30,2995,27347,1896,24003,1099,3344,0,0,2992,27310,3,9,2992,27319,California
Santa Clara,2020-12-31,1238,28585,399,24402,839,4183,0,0,1237,28546,1,10,1237,28556,California
Santa Clara,2021-01-01,150,28735,14,24416,136,4319,0,0,149,28694,1,11,149,28705,California
Santa Clara,2021-01-02,1098,29833,820,25236,278,4597,0,0,1098,29792,0,11,1098,29803,California
Santa Clara,2021-01-03,589,30422,372,25608,217,4814,0,0,584,30373,3,14,584,30387,California
Santa Clara,2021-01-04,2486,32908,1681,27289,805,5619,0,0,2483,32856,0,14,2483,32870,California
Santa Clara,2021-01-05,3103,36011,2035,29324,1068,6687,0,0,2909,35578,193,207,2915,35785,California
Santa Clara,2021-01-06,3367,39378,1993,31317,1374,8061,0,0,2759,37736,603,810,2761,38546,California
Santa Clara,2021-01-07,4241,43619,2578,33895,1663,9724,0,0,3153,39819,1077,1887,3160,41706,California
Santa Clara,2021-01-08,5892,49511,3857,37752,2035,11759,0,0,3774,41484,2109,3996,3774,45480,California
Santa Clara,2021-01-09,3040,52551,1918,39670,1122,12881,0,0,1717,41884,1320,5316,1720,47200,California
Santa Clara,2021-01-10,1973,54524,1523,41193,450,13331,0,0,752,41417,1219,6535,752,47952,California
Santa Clara,2021-01-11,5998,60522,3792,44985,2206,15537,0,0,3402,42232,2593,9128,3408,51360,California
Santa Clara,2021-01-12,6909,67431,3507,48492,3402,18939,0,0,4569,44477,2325,11453,4570,55930,California
Santa Clara,2021-01-13,7477,74908,3143,51635,4334,23273,0,0,5220,47445,2253,13706,5221,61151,California
Santa Clara,2021-01-14,8315,83223,2870,54505,5445,28718,0,0,6512,52165,1794,15500,6514,67665,California
Santa Clara,2021-01-15,9566,92789,2771,57276,6795,35513,0,0,8159,58928,1401,16901,8164,75829,California
Santa Clara,2021-01-16,4357,97146,1255,58531,3102,38615,0,0,3497,61569,856,17757,3497,79326,California
Santa Clara,2021-01-17,3245,100391,619,59150,2626,41241,0,0,2734,63796,507,18264,2734,82060,California
Santa Clara,2021-01-18,5125,105516,1179,60329,3946,45187,0,0,4560,67792,565,18829,4561,86621,California
Santa Clara,2021-01-19,8523,114039,2707,63036,5816,51003,0,0,6820,72916,1699,20528,6823,93444,California
Santa Clara,2021-01-20,8454,122493,4454,67490,4000,55003,0,0,6884,78235,1565,22093,6884,100328,California
Santa Clara,2021-01-21,8920,131413,3951,71441,4969,59972,0,0,7633,84588,1282,23375,7635,107963,California
Santa Clara,2021-01-22,8742,140155,3310,74751,5432,65404,0,0,8160,92173,578,23953,8163,116126,California
Santa Clara,2021-01-23,3808,143963,1684,76435,2124,67528,0,0,2838,94042,970,24923,2839,118965,California
Santa Clara,2021-01-24,2852,146815,1431,77866,1421,68949,0,0,2356,95907,491,25414,2356,121321,California
Santa Clara,2021-01-25,8414,155229,3810,81676,4604,73553,0,0,6324,100151,2082,27496,6326,127647,California
Santa Clara,2021-01-26,8328,163557,3796,85472,4532,78085,0,0,6173,104183,2144,29640,6176,133823,California
Santa Clara,2021-01-27,8817,172374,3889,89361,4928,83013,0,0,6869,109126,1927,31567,6870,140693,California
Santa Clara,2021-01-28,9555,181929,3828,93189,5727,88740,0,0,7552,114701,1982,33549,7557,148250,California
Santa Clara,2021-01-29,9616,191545,3967,97156,5649,94389,0,0,7413,119925,2190,35739,7414,155664,California
Santa Clara,2021-01-30,4211,195756,2093,99249,2118,96507,0,0,2983,121690,1219,36958,2984,158648,California
Santa Clara,2021-01-31,2202,197958,1321,100570,881,97388,0,0,1593,122681,602,37560,1593,160241,California
Santa Clara,2021-02-01,7880,205838,3516,104086,4364,101752,0,0,6162,127141,1704,39264,6164,166405,California
Santa Clara,2021-02-02,8673,214511,2906,106992,5767,107519,0,0,6622,131725,2041,41305,6625,173030,California
Santa Clara,2021-02-03,9300,223811,3512,110504,5788,113307,0,0,6989,136415,2305,43610,6995,180025,California
Santa Clara,2021-02-04,11041,234852,4180,114684,6861,120168,0,0,8710,142810,2319,45929,8714,188739,California
Santa Clara,2021-02-05,12006,246858,4386,119070,7620,127788,0,0,8515,147852,3474,49403,8516,197255,California
Santa Clara,2021-02-06,5231,252089,2840,121910,2391,130179,0,0,4045,150718,1181,50584,4047,201302,California
Santa Clara,2021-02-07,3491,255580,2358,124268,1133,131312,0,0,3032,153295,456,51040,3033,204335,California
Santa Clara,2021-02-08,10074,265654,3529,127797,6545,137857,0,0,7331,157896,2731,53771,7332,211667,California
Santa Clara,2021-02-09,11231,276885,3839,131636,7392,145249,0,0,7702,162089,3513,57284,7706,219373,California
Santa Clara,2021-02-10,12794,289679,4967,136603,7827,153076,0,0,6635,162588,6140,63424,6639,226012,California
Santa Clara,2021-02-11,13653,303332,4788,141391,8865,161941,0,0,7659,164274,5975,69399,7661,233673,California
Santa Clara,2021-02-12,14709,318041,4542,145933,10167,172108,0,0,6992,163577,7691,77090,6994,240667,California
Santa Clara,2021-02-13,6173,324214,1500,147433,4673,176781,0,0,2247,161909,3917,81007,2249,242916,California
Santa Clara,2021-02-14,4654,328868,1163,148596,3491,180272,0,0,1479,160219,3171,84178,1481,244397,California
Santa Clara,2021-02-15,6332,335200,2826,151422,3506,183778,0,0,2732,159360,3592,87770,2733,247130,California
Santa Clara,2021-02-16,13918,349118,4034,155456,9884,193662,0,0,6981,159428,6914,94684,6982,254112,California
Santa Clara,2021-02-17,14164,363282,5561,161017,8603,202265,0,0,7051,159394,7091,101775,7057,261169,California
Santa Clara,2021-02-18,14363,377645,8471,169488,5892,208157,0,0,7312,159708,7002,108777,7316,268485,California
Santa Clara,2021-02-19,15038,392683,9660,179148,5378,213535,0,0,8734,162168,6281,115058,8741,277226,California
Santa Clara,2021-02-20,7067,399750,5293,184441,1774,215309,0,0,3794,162706,3257,118315,3795,281021,California
Santa Clara,2021-02-21,3440,403190,2562,187003,878,216187,0,0,1283,161853,2138,120453,1285,282306,California
Santa Clara,2021-02-22,10769,413959,6411,193414,4358,220545,0,0,4994,161104,5744,126197,4995,287301,California
Santa Clara,2021-02-23,12433,426392,8012,201426,4421,224966,0,0,7024,162746,5386,131583,7028,294329,California
Santa Clara,2021-02-24,14634,441026,9408,210834,5226,230192,0,0,9018,166170,5594,137177,9018,303347,California
Santa Clara,2021-02-25,15198,456224,9684,220518,5514,235706,0,0,8275,167558,6895,144072,8283,311630,California
Santa Clara,2021-02-26,15017,471241,8703,229221,6314,242020,0,0,8172,168925,6812,150884,8179,319809,California
Santa Clara,2021-02-27,8320,479561,5738,234959,2581,244601,1,1,4641,169906,3668,154552,4649,324458,California
Santa Clara,2021-02-28,5383,484944,3678,238637,1705,246306,0,1,2670,169881,2696,157248,2671,327129,California
Santa Clara,2021-03-01,14562,499506,8376,247013,6180,252486,6,7,9019,173386,5520,162768,9025,336154,California
Santa Clara,2021-03-02,16169,515675,9573,256586,6595,259081,1,8,10312,177870,5830,168598,10314,346468,California
Santa Clara,2021-03-03,18697,534372,9257,265843,9436,268517,4,12,11624,182470,7032,175630,11632,358100,California
Santa Clara,2021-03-04,16583,550955,9022,274865,7558,276075,3,15,9645,185274,6847,182477,9651,367751,California
Santa Clara,2021-03-05,16646,567601,9262,284127,7258,283333,126,141,9238,187262,7382,189859,9370,377121,California
Santa Clara,2021-03-06,9449,577050,6323,290450,2675,286008,451,592,7087,192450,2350,192209,7538,384659,California
Santa Clara,2021-03-07,6835,583885,4479,294929,2109,288117,247,839,5440,196750,1384,193593,5684,390343,California
Santa Clara,2021-03-08,12935,596820,6745,301674,5617,293734,573,1412,8297,200997,4621,198214,8868,399211,California
Santa Clara,2021-03-09,15323,612143,6533,308207,7461,301195,1329,2741,6905,200826,8395,206609,8224,407435,California
Santa Clara,2021-03-10,15288,627431,6709,314916,6463,307658,2116,4857,6316,200289,8939,215548,8402,415837,California
Santa Clara,2021-03-11,17149,644580,7794,322710,7850,315508,1505,6362,6072,196809,11039,226587,7559,423396,California
Santa Clara,2021-03-12,17761,662341,9132,331842,7060,322568,1569,7931,5943,192528,11768,238355,7487,430883,California
Santa Clara,2021-03-13,10875,673216,6301,338143,3070,325638,1504,9435,4833,192823,6016,244371,6311,437194,California
Santa Clara,2021-03-14,6548,679764,3407,341550,1836,327474,1305,10740,3170,193922,3359,247730,4458,441652,California
Santa Clara,2021-03-15,12852,692616,6567,348117,6007,333481,278,11018,5924,193226,6898,254628,6202,447854,California
Santa Clara,2021-03-16,18337,710953,10359,358476,7769,341250,209,11227,8781,192689,9525,264153,8988,456842,California
Santa Clara,2021-03-17,20115,731068,11434,369910,8512,349762,169,11396,10304,193400,9756,273909,10467,467309,California
Santa Clara,2021-03-18,19336,750404,9078,378988,9095,358857,1163,12559,9083,193444,10193,284102,10237,477546,California
Santa Clara,2021-03-19,19562,769966,10095,389083,8459,367316,1008,13567,10010,194968,9484,293586,11008,488554,California
Santa Clara,2021-03-20,11607,781573,6404,395487,4371,371687,832,14399,6746,197713,4830,298416,7575,496129,California
Santa Clara,2021-03-21,8373,789946,3847,399334,3131,374818,1395,15794,5353,201442,3003,301419,6732,502861,California
Santa Clara,2021-03-22,16563,806509,9236,408570,6973,381791,354,16148,9160,203580,7372,308791,9510,512371,California
Santa Clara,2021-03-23,19511,826020,12392,420962,6594,388385,525,16673,11234,207110,8224,317015,11754,524125,California
Santa Clara,2021-03-24,22825,848845,14649,435611,7758,396143,418,17091,14656,214060,8124,325139,15074,539199,California
Santa Clara,2021-03-25,23112,871957,13221,448832,8899,405042,992,18083,14848,221691,8192,333331,15823,555022,California
Santa Clara,2021-03-26,22132,894089,14066,462898,7674,412716,392,18475,13620,227224,8470,341801,14003,569025,California
Santa Clara,2021-03-27,15784,909873,10500,473398,4514,417230,770,19245,8476,229205,7260,349061,9241,578266,California
Santa Clara,2021-03-28,12094,921967,8390,481788,2987,420217,717,19962,6492,230831,5575,354636,7201,585467,California
Santa Clara,2021-03-29,20706,942673,12642,494430,7337,427554,727,20689,11208,233302,9453,364089,11924,597391,California
Santa Clara,2021-03-30,25787,968460,15283,509713,8552,436106,1952,22641,16223,241941,9519,373608,18158,615549,California
Santa Clara,2021-03-31,20640,989100,11942,521655,7562,443668,1136,23777,12567,247605,8023,381631,13687,629236,California
Santa Clara,2021-04-01,32053,1021153,19886,541541,9050,452718,3117,26894,20238,259181,11738,393369,23314,652550,California
Santa Clara,2021-04-02,25423,1046576,14395,555936,8800,461518,2228,29122,16589,269190,8786,402155,18795,671345,California
Santa Clara,2021-04-03,15395,1061971,9325,565261,3522,465040,2548,31670,8516,273375,6856,409011,11041,682386,California
Santa Clara,2021-04-04,7661,1069632,4051,569312,2434,467474,1176,32846,3975,274835,3674,412685,5134,687520,California
Santa Clara,2021-04-05,22011,1091643,14621,583933,4891,472365,2499,35345,14383,284101,7595,420280,16861,704381,California
Santa Clara,2021-04-06,29773,1121416,16369,600302,7903,480268,5501,40846,17837,295515,11880,432160,23294,727675,California
Santa Clara,2021-04-07,31064,1152480,16030,616332,8514,488782,6520,47366,18950,308890,12053,444213,25428,753103,California
Santa Clara,2021-04-08,30178,1182658,16463,632795,6063,494845,7652,55018,16426,319239,13672,457885,24021,777124,California
Santa Clara,2021-04-09,28279,1210937,13992,646787,6960,501805,7327,62345,14440,327171,13769,471654,21701,798825,California
Santa Clara,2021-04-10,21659,1232596,12477,659264,3811,505616,5371,67716,11551,333969,10067,481721,16865,815690,California
Santa Clara,2021-04-11,16106,1248702,9651,668915,2667,508283,3788,71504,8333,338322,7738,489459,12091,827781,California
Santa Clara,2021-04-12,27155,1275857,19076,687991,5592,513875,2487,73991,18464,350634,8625,498084,20937,848718,California
Santa Clara,2021-04-13,34682,1310539,27266,715257,7387,521262,29,74020,26706,369495,7897,505981,26758,875476,California
Santa Clara,2021-04-14,37221,1347760,28205,743462,9012,530274,4,74024,26385,385161,10762,516743,26428,901904,California
Santa Clara,2021-04-15,44696,1392456,34581,778043,10109,540383,6,74030,34352,409324,10221,526964,34384,936288,California
Santa Clara,2021-04-16,38910,1431366,26631,804674,12275,552658,4,74034,27821,426172,11004,537968,27852,964140,California
Santa Clara,2021-04-17,22362,1453728,15293,819967,7067,559725,2,74036,15352,434601,6945,544913,15374,979514,California
Santa Clara,2021-04-18,16961,1470689,11153,831120,5808,565533,0,74036,10604,438894,6324,551237,10617,990131,California
Santa Clara,2021-04-19,29337,1500026,21203,852323,8133,573666,1,74037,17566,444804,11692,562929,17602,1007733,California
Santa Clara,2021-04-20,38134,1538160,23493,875816,14639,588305,2,74039,23240,453313,14772,577701,23281,1031014,California
Santa Clara,2021-04-21,38191,1576351,22575,898391,15614,603919,2,74041,25007,465287,13076,590777,25050,1056064,California
Santa Clara,2021-04-22,37976,1614327,25472,923863,12503,616422,1,74042,17884,463265,19983,610760,17961,1074025,California
Santa Clara,2021-04-23,32782,1647109,20156,944019,12625,629047,1,74043,15339,461332,17333,628093,15400,1089425,California
Santa Clara,2021-04-24,21217,1668326,15498,959517,5718,634765,1,74044,12051,464325,9091,637184,12084,1101509,California
Santa Clara,2021-04-25,13611,1681937,9839,969356,3766,638531,6,74050,8683,468154,4884,642068,8713,1110222,California
Santa Clara,2021-04-26,25510,1707447,19699,989055,5751,644282,60,74110,10612,464052,14799,656867,10697,1120919,California
Santa Clara,2021-04-27,27994,1735441,19961,1009016,7646,651928,387,74497,12206,461005,15692,672559,12645,1133564,California
Santa Clara,2021-04-28,26587,1762028,19795,1028811,6353,658281,439,74936,11276,457568,15223,687782,11786,1145350,California
Santa Clara,2021-04-29,24516,1786544,17993,1046804,6124,664405,399,75335,9219,452056,15213,702995,9701,1155051,California
Santa Clara,2021-04-30,23695,1810239,16342,1063146,6984,671389,369,75704,10140,449197,13458,716453,10599,1165650,California
Santa Clara,2021-05-01,17523,1827762,14520,1077666,2738,674127,265,75969,5509,443056,11959,728412,5818,1171468,California
Santa Clara,2021-05-02,11305,1839067,9380,1087046,1691,675818,234,76203,3490,439030,7770,736182,3744,1175212,California
Santa Clara,2021-05-03,22891,1861958,19384,1106430,3075,678893,432,76635,5143,426981,17669,753851,5620,1180832,California
Santa Clara,2021-05-04,31171,1893129,24494,1130924,6133,685026,544,77179,5563,407641,25496,779347,6156,1186988,California
Santa Clara,2021-05-05,32794,1925923,25044,1155968,7206,692232,544,77723,5531,386581,27164,806511,6104,1193092,California
Santa Clara,2021-05-06,35964,1961887,30035,1186003,5456,697688,473,78196,4785,360821,31041,837552,5281,1198373,California
Santa Clara,2021-05-07,32919,1994806,26497,1212500,5932,703620,490,78686,4711,338000,28071,865623,5250,1203623,California
Santa Clara,2021-05-08,17220,2012026,14122,1226622,2673,706293,425,79111,3715,328742,13413,879036,4155,1207778,California
Santa Clara,2021-05-09,10579,2022605,9207,1235829,1186,707479,186,79297,2333,323066,8208,887244,2532,1210310,California
Santa Clara,2021-05-10,21152,2043757,16978,1252807,3771,711250,403,79700,2646,307715,18421,905665,3070,1213380,California
Santa Clara,2021-05-11,22886,2066643,17323,1270130,5119,716369,444,80144,4025,293422,18768,924433,4475,1217855,California
Santa Clara,2021-05-12,21567,2088210,15888,1286018,5155,721524,524,80668,4246,280977,17221,941654,4776,1222631,California
Santa Clara,2021-05-13,28355,2116565,22979,1308997,5073,726597,303,80971,11265,275553,17001,958655,11577,1234208,California
Santa Clara,2021-05-14,27959,2144524,19566,1328563,8003,734600,390,81361,9641,267377,18220,976875,10044,1244252,California
Santa Clara,2021-05-15,21009,2165533,16903,1345466,3825,738425,281,81642,8143,263030,12779,989654,8432,1252684,California
Santa Clara,2021-05-16,16421,2181954,13426,1358892,2819,741244,176,81818,5366,257604,10971,1000625,5545,1258229,California
Santa Clara,2021-05-17,20439,2202393,16085,1374977,3986,745230,368,82186,6866,251344,13496,1014121,7236,1265465,California
Santa Clara,2021-05-18,26189,2228582,16743,1391720,9031,754261,415,82601,7168,240046,18882,1033003,7584,1273049,California
Santa Clara,2021-05-19,24626,2253208,14415,1406135,9788,764049,423,83024,7304,230572,17208,1050211,7734,1280783,California
Santa Clara,2021-05-20,18535,2271743,12199,1418334,5885,769934,451,83475,6096,224766,12349,1062560,6543,1287326,California
Santa Clara,2021-05-21,22340,2294083,14851,1433185,6992,776926,497,83972,7384,217815,14846,1077406,7895,1295221,California
Santa Clara,2021-05-22,12990,2307073,9840,1443025,2795,779721,355,84327,5690,216631,7234,1084640,6050,1301271,California
Santa Clara,2021-05-23,8375,2315448,6228,1449253,1945,781666,202,84529,3348,215202,4981,1089621,3552,1304823,California
Santa Clara,2021-05-24,10912,2326360,7875,1457128,2588,784254,449,84978,3786,212373,7065,1096686,4236,1309059,California
Santa Clara,2021-05-25,11493,2337853,7957,1465085,3117,787371,419,85397,4401,210176,7015,1103701,4818,1313877,California
Santa Clara,2021-05-26,10434,2348287,6771,1471856,3326,790697,337,85734,3961,208102,6367,1110068,4293,1318170,California
Santa Clara,2021-05-27,9414,2357701,6010,1477866,2929,793626,475,86209,3512,206248,5834,1115902,3980,1322150,California
Santa Clara,2021-05-28,10903,2368604,7075,1484941,3399,797025,429,86638,4445,204733,6391,1122293,4876,1327026,California
Santa Clara,2021-05-29,6355,2374959,4334,1489275,1739,798764,282,86920,2708,204116,3604,1125897,2987,1330013,California
Santa Clara,2021-05-30,3860,2378819,2904,1492179,747,799511,209,87129,1828,204149,2003,1127900,2036,1332049,California
Santa Clara,2021-05-31,1097,2379916,629,1492808,359,799870,109,87238,439,204047,650,1128550,548,1332597,California
Santa Clara,2021-06-01,9084,2389000,6382,1499190,2318,802188,384,87622,3011,201445,5996,1134546,3394,1335991,California
Santa Clara,2021-06-02,7708,2396708,5539,1504729,1817,804005,352,87974,2906,199949,4745,1139291,3249,1339240,California
Santa Clara,2021-06-03,12243,2408951,10137,1514866,1739,805744,367,88341,2630,193396,9553,1148844,3000,1342240,California
Santa Clara,2021-06-04,13621,2422572,11404,1526270,1901,807645,316,88657,3284,186717,10272,1159116,3593,1345833,California
Santa Clara,2021-06-05,10506,2433078,9035,1535305,1211,808856,260,88917,2190,180902,8263,1167379,2448,1348281,California
Santa Clara,2021-06-06,6924,2440002,6173,1541478,597,809453,154,89071,1348,176881,5522,1172901,1501,1349782,California
Santa Clara,2021-06-07,9931,2449933,8371,1549849,1318,810771,242,89313,2293,171815,7599,1180500,2533,1352315,California
Santa Clara,2021-06-08,9173,2459106,7494,1557343,1409,812180,270,89583,2455,167877,6660,1187160,2722,1355037,California
Santa Clara,2021-06-09,9533,2468639,7954,1565297,1326,813506,253,89836,2256,163168,7213,1194373,2504,1357541,California
Santa Clara,2021-06-10,8331,2476970,6915,1572212,1086,814592,330,90166,2251,159719,6026,1200399,2577,1360118,California
Santa Clara,2021-06-11,10229,2487199,8685,1580897,1266,815858,278,90444,2513,154845,7665,1208064,2791,1362909,California
Santa Clara,2021-06-12,7178,2494377,5980,1586877,1033,816891,165,90609,1693,151264,5440,1213504,1859,1364768,California
Santa Clara,2021-06-13,3742,2498119,3023,1589900,606,817497,113,90722,875,149409,2843,1216347,988,1365756,California
Santa Clara,2021-06-14,5967,2504086,4823,1594723,911,818408,233,90955,1936,147581,3997,1220344,2169,1367925,California
Santa Clara,2021-06-15,7367,2511453,5967,1600690,1099,819507,301,91256,2077,144721,5240,1225584,2380,1370305,California
Santa Clara,2021-06-16,6369,2517822,5155,1605845,906,820413,308,91564,2093,142895,4228,1229812,2402,1372707,California
Santa Clara,2021-06-17,5366,2523188,4347,1610192,774,821187,245,91809,1835,141511,3460,1233272,2076,1374783,California
Santa Clara,2021-06-18,5444,2528632,4392,1614584,881,822068,171,91980,1789,139897,3573,1236845,1959,1376742,California
Santa Clara,2021-06-19,4525,2533157,3620,1618204,704,822772,201,92181,1285,138180,3203,1240048,1486,1378228,California
Santa Clara,2021-06-20,2143,2535300,1759,1619963,320,823092,64,92245,677,137472,1449,1241497,741,1378969,California
Santa Clara,2021-06-21,3699,2538999,2784,1622747,687,823779,228,92473,1805,137641,1861,1243358,2030,1380999,California
Santa Clara,2021-06-22,5090,2544089,4061,1626808,805,824584,224,92697,1709,136229,3343,1246701,1931,1382930,California
Santa Clara,2021-06-23,4477,2548566,3522,1630330,755,825339,200,92897,1607,135198,2836,1249537,1805,1384735,California
Santa Clara,2021-06-24,4367,2552933,3379,1633709,784,826123,204,93101,1612,134312,2702,1252239,1816,1386551,California
Santa Clara,2021-06-25,5519,2558452,4508,1638217,801,826924,210,93311,1893,132839,3572,1255811,2099,1388650,California
Santa Clara,2021-06-26,3685,2562137,2937,1641154,609,827533,139,93450,1334,131999,2311,1258122,1471,1390121,California
Santa Clara,2021-06-27,1985,2564122,1547,1642701,350,827883,88,93538,685,131484,1286,1259408,771,1390892,California
Santa Clara,2021-06-28,4042,2568164,3415,1646116,406,828289,221,93759,1552,130792,2462,1261870,1770,1392662,California
Santa Clara,2021-06-29,4126,2572290,3214,1649330,732,829021,180,93939,1587,130056,2503,1264373,1767,1394429,California
Santa Clara,2021-06-30,3680,2575970,2888,1652218,626,829647,166,94105,1413,129396,2242,1266615,1582,1396011,California
Santa Clara,2021-07-01,2508,2578478,1879,1654097,453,830100,176,94281,949,128975,1545,1268160,1124,1397135,California
Santa Cruz,2020-12-15,2,2,2,2,0,0,0,0,2,2,0,0,2,2,California
Santa Cruz,2020-12-16,57,59,57,59,0,0,0,0,57,59,0,0,57,59,California
Santa Cruz,2020-12-17,389,448,389,448,0,0,0,0,389,448,0,0,389,448,California
Santa Cruz,2020-12-18,465,913,465,913,0,0,0,0,465,913,0,0,465,913,California
Santa Cruz,2020-12-19,183,1096,182,1095,1,1,0,0,183,1096,0,0,183,1096,California
Santa Cruz,2020-12-20,93,1189,93,1188,0,1,0,0,93,1189,0,0,93,1189,California
Santa Cruz,2020-12-21,437,1626,436,1624,1,2,0,0,437,1626,0,0,437,1626,California
Santa Cruz,2020-12-22,423,2049,422,2046,1,3,0,0,423,2049,0,0,423,2049,California
Santa Cruz,2020-12-23,369,2418,325,2371,44,47,0,0,369,2418,0,0,369,2418,California
Santa Cruz,2020-12-24,123,2541,47,2418,76,123,0,0,123,2541,0,0,123,2541,California
Santa Cruz,2020-12-25,9,2550,9,2427,0,123,0,0,9,2550,0,0,9,2550,California
Santa Cruz,2020-12-26,65,2615,46,2473,19,142,0,0,65,2615,0,0,65,2615,California
Santa Cruz,2020-12-27,32,2647,27,2500,5,147,0,0,32,2647,0,0,32,2647,California
Santa Cruz,2020-12-28,483,3130,108,2608,375,522,0,0,483,3130,0,0,483,3130,California
Santa Cruz,2020-12-29,795,3925,367,2975,428,950,0,0,795,3925,0,0,795,3925,California
Santa Cruz,2020-12-30,357,4282,165,3140,192,1142,0,0,357,4282,0,0,357,4282,California
Santa Cruz,2020-12-31,311,4593,11,3151,300,1442,0,0,311,4593,0,0,311,4593,California
Santa Cruz,2021-01-01,33,4626,1,3152,32,1474,0,0,33,4626,0,0,33,4626,California
Santa Cruz,2021-01-02,68,4694,55,3207,13,1487,0,0,68,4694,0,0,68,4694,California
Santa Cruz,2021-01-03,15,4709,7,3214,8,1495,0,0,15,4709,0,0,15,4709,California
Santa Cruz,2021-01-04,281,4990,123,3337,158,1653,0,0,279,4988,0,0,279,4988,California
Santa Cruz,2021-01-05,571,5561,434,3771,137,1790,0,0,269,4955,302,302,269,5257,California
Santa Cruz,2021-01-06,801,6362,669,4440,132,1922,0,0,463,5081,337,639,463,5720,California
Santa Cruz,2021-01-07,538,6900,211,4651,327,2249,0,0,384,5312,154,793,385,6105,California
Santa Cruz,2021-01-08,940,7840,566,5217,374,2623,0,0,491,5355,449,1242,492,6597,California
Santa Cruz,2021-01-09,469,8309,127,5344,342,2965,0,0,411,5708,58,1300,411,7008,California
Santa Cruz,2021-01-10,77,8386,68,5412,9,2974,0,0,20,5671,57,1357,20,7028,California
Santa Cruz,2021-01-11,729,9115,592,6004,137,3111,0,0,195,5333,534,1891,196,7224,California
Santa Cruz,2021-01-12,734,9849,530,6534,204,3315,0,0,491,5581,243,2134,491,7715,California
Santa Cruz,2021-01-13,532,10381,234,6768,298,3613,0,0,445,5942,84,2218,445,8160,California
Santa Cruz,2021-01-14,556,10937,103,6871,453,4066,0,0,490,6366,66,2284,490,8650,California
Santa Cruz,2021-01-15,1459,12396,77,6948,1382,5448,0,0,1395,7699,64,2348,1397,10047,California
Santa Cruz,2021-01-16,423,12819,53,7001,370,5818,0,0,404,8084,19,2367,404,10451,California
Santa Cruz,2021-01-17,299,13118,41,7042,258,6076,0,0,274,8333,25,2392,274,10725,California
Santa Cruz,2021-01-18,1013,14131,102,7144,911,6987,0,0,951,9222,62,2454,951,11676,California
Santa Cruz,2021-01-19,1628,15759,525,7669,1103,8090,0,0,1276,10149,350,2804,1277,12953,California
Santa Cruz,2021-01-20,1251,17010,182,7851,1069,9159,0,0,1049,10999,199,3003,1049,14002,California
Santa Cruz,2021-01-21,1750,18760,226,8077,1524,10683,0,0,1641,12533,109,3112,1643,15645,California
Santa Cruz,2021-01-22,1805,20565,525,8602,1280,11963,0,0,1702,14136,100,3212,1703,17348,California
Santa Cruz,2021-01-23,403,20968,149,8751,254,12217,0,0,343,14420,59,3271,343,17691,California
Santa Cruz,2021-01-24,111,21079,19,8770,92,12309,0,0,94,14497,17,3288,94,17785,California
Santa Cruz,2021-01-25,1063,22142,363,9133,700,13009,0,0,552,14538,511,3799,552,18337,California
Santa Cruz,2021-01-26,1698,23840,253,9386,1445,14454,0,0,1184,15208,514,4313,1184,19521,California
Santa Cruz,2021-01-27,1678,25518,456,9842,1222,15676,0,0,1288,16108,388,4701,1288,20809,California
Santa Cruz,2021-01-28,1768,27286,292,10134,1476,17152,0,0,1490,17321,278,4979,1491,22300,California
Santa Cruz,2021-01-29,1751,29037,491,10625,1260,18412,0,0,1617,18805,133,5112,1617,23917,California
Santa Cruz,2021-01-30,1075,30112,309,10934,766,19178,0,0,940,19610,135,5247,940,24857,California
Santa Cruz,2021-01-31,222,30334,110,11044,112,19290,0,0,208,19804,14,5261,208,25065,California
Santa Cruz,2021-02-01,1234,31568,757,11801,477,19767,0,0,826,20222,408,5669,826,25891,California
Santa Cruz,2021-02-02,1020,32588,130,11931,890,20657,0,0,863,20930,155,5824,863,26754,California
Santa Cruz,2021-02-03,2237,34825,957,12888,1280,21937,0,0,1920,22538,312,6136,1920,28674,California
Santa Cruz,2021-02-04,1854,36679,767,13655,1087,23024,0,0,1510,23706,342,6478,1510,30184,California
Santa Cruz,2021-02-05,3178,39857,790,14445,2388,25412,0,0,2858,26245,319,6797,2858,33042,California
Santa Cruz,2021-02-06,2582,42439,157,14602,2425,27837,0,0,2236,28135,346,7143,2236,35278,California
Santa Cruz,2021-02-07,917,43356,123,14725,794,28631,0,0,899,29016,18,7161,899,36177,California
Santa Cruz,2021-02-08,716,44072,200,14925,516,29147,0,0,517,29335,198,7359,517,36694,California
Santa Cruz,2021-02-09,2375,46447,1057,15982,1318,30465,0,0,2108,31176,267,7626,2108,38802,California
Santa Cruz,2021-02-10,2211,48658,575,16557,1636,32101,0,0,1508,31993,692,8318,1509,40311,California
Santa Cruz,2021-02-11,1865,50523,317,16874,1548,33649,0,0,1313,32756,550,8868,1313,41624,California
Santa Cruz,2021-02-12,3246,53769,424,17298,2822,36471,0,0,1828,33177,1409,10277,1830,43454,California
Santa Cruz,2021-02-13,1732,55501,125,17423,1607,38078,0,0,1318,34082,413,10690,1318,44772,California
Santa Cruz,2021-02-14,1408,56909,68,17491,1340,39418,0,0,1146,34966,262,10952,1146,45918,California
Santa Cruz,2021-02-15,1591,58500,283,17774,1308,40726,0,0,567,34510,1024,11976,568,46486,California
Santa Cruz,2021-02-16,1715,60215,216,17990,1499,42225,0,0,541,33899,1152,13128,541,47027,California
Santa Cruz,2021-02-17,2934,63149,981,18971,1953,44178,0,0,1221,33423,1700,14828,1224,48251,California
Santa Cruz,2021-02-18,2901,66050,639,19610,2262,46440,0,0,1232,32992,1663,16491,1232,49483,California
Santa Cruz,2021-02-19,3289,69339,1158,20768,2131,48571,0,0,2016,33738,1270,17761,2016,51499,California
Santa Cruz,2021-02-20,2444,71783,1533,22301,911,49482,0,0,1913,35120,531,18292,1913,53412,California
Santa Cruz,2021-02-21,870,72653,379,22680,491,49973,0,0,739,35730,129,18421,739,54151,California
Santa Cruz,2021-02-22,1295,73948,1006,23686,289,50262,0,0,547,35531,746,19167,547,54698,California
Santa Cruz,2021-02-23,2130,76078,957,24643,1173,51435,0,0,723,34849,1405,20572,723,55421,California
Santa Cruz,2021-02-24,3218,79296,1673,26316,1545,52980,0,0,1217,34070,1996,22568,1217,56638,California
Santa Cruz,2021-02-25,3276,82572,1445,27761,1831,54811,0,0,1806,34417,1461,24029,1808,58446,California
Santa Cruz,2021-02-26,2752,85324,769,28530,1983,56794,0,0,1568,34808,1179,25208,1570,60016,California
Santa Cruz,2021-02-27,2648,87972,932,29462,1715,58509,1,1,1845,35853,801,26009,1846,61862,California
Santa Cruz,2021-02-28,1312,89284,371,29833,941,59450,0,1,1087,36718,222,26231,1087,62949,California
Santa Cruz,2021-03-01,1911,91195,1256,31089,655,60105,0,1,723,36256,1185,27416,723,63672,California
Santa Cruz,2021-03-02,1557,92752,373,31462,1184,61289,0,1,875,36453,681,28097,878,64550,California
Santa Cruz,2021-03-03,2376,95128,645,32107,1731,63020,0,1,1304,36687,1070,29167,1304,65854,California
Santa Cruz,2021-03-04,3021,98149,1419,33526,1601,64621,1,2,2029,37738,980,30147,2031,67885,California
Santa Cruz,2021-03-05,2651,100800,502,34028,2131,66752,18,20,1159,37426,1489,31636,1177,69062,California
Santa Cruz,2021-03-06,3876,104676,1347,35375,2424,69176,105,125,2164,37983,1711,33347,2268,71330,California
Santa Cruz,2021-03-07,1351,106027,128,35503,1150,70326,73,198,560,37827,789,34136,633,71963,California
Santa Cruz,2021-03-08,1120,107147,225,35728,764,71090,131,329,672,38180,448,34584,801,72764,California
Santa Cruz,2021-03-09,1824,108971,273,36001,1399,72489,152,481,725,37962,1095,35679,877,73641,California
Santa Cruz,2021-03-10,3907,112878,2103,38104,1654,74143,150,631,2017,38242,1888,37567,2168,75809,California
Santa Cruz,2021-03-11,2842,115720,1231,39335,1436,75579,175,806,1561,38701,1280,38847,1739,77548,California
Santa Cruz,2021-03-12,2794,118514,890,40225,1608,77187,296,1102,928,38061,1862,40709,1222,78770,California
Santa Cruz,2021-03-13,2349,120863,1345,41570,962,78149,42,1144,1185,38127,1161,41870,1227,79997,California
Santa Cruz,2021-03-14,915,121778,221,41791,681,78830,13,1157,439,38104,474,42344,451,80448,California
Santa Cruz,2021-03-15,1367,123145,479,42270,851,79681,37,1194,582,37943,781,43125,620,81068,California
Santa Cruz,2021-03-16,2390,125535,1148,43418,1197,80878,45,1239,1381,38363,1004,44129,1424,82492,California
Santa Cruz,2021-03-17,4072,129607,2418,45836,1643,82521,11,1250,2698,39707,1367,45496,2711,85203,California
Santa Cruz,2021-03-18,3956,133563,2133,47969,1703,84224,120,1370,2134,40141,1819,47315,2253,87456,California
Santa Cruz,2021-03-19,3466,137029,1379,49348,1863,86087,224,1594,1825,40554,1636,48951,2049,89505,California
Santa Cruz,2021-03-20,2245,139274,1647,50995,531,86618,67,1661,1101,40579,1143,50094,1168,90673,California
Santa Cruz,2021-03-21,883,140157,477,51472,280,86898,126,1787,474,40774,406,50500,601,91274,California
Santa Cruz,2021-03-22,1445,141602,884,52356,538,87436,23,1810,1011,41379,430,50930,1035,92309,California
Santa Cruz,2021-03-23,2625,144227,1475,53831,1099,88535,51,1861,1750,42308,872,51802,1801,94110,California
Santa Cruz,2021-03-24,3145,147372,2130,55961,994,89529,21,1882,2087,43364,1051,52853,2107,96217,California
Santa Cruz,2021-03-25,2682,150054,1347,57308,1298,90827,37,1919,1356,43438,1318,54171,1392,97609,California
Santa Cruz,2021-03-26,3168,153222,1835,59143,1305,92132,28,1947,2153,44610,1008,55179,2180,99789,California
Santa Cruz,2021-03-27,3246,156468,2022,61165,1197,93329,27,1974,1512,44428,1723,56902,1541,101330,California
Santa Cruz,2021-03-28,937,157405,579,61744,344,93673,14,1988,493,44495,440,57342,507,101837,California
Santa Cruz,2021-03-29,2016,159421,891,62635,1058,94731,67,2055,1278,45106,734,58076,1345,103182,California
Santa Cruz,2021-03-30,2742,162163,826,63461,1752,96483,164,2219,1739,46009,999,59075,1902,105084,California
Santa Cruz,2021-03-31,4212,166375,2849,66310,1313,97796,50,2269,2215,46282,1992,61067,2265,107349,California
Santa Cruz,2021-04-01,4087,170462,2178,68488,1800,99596,109,2378,2071,46452,2009,63076,2179,109528,California
Santa Cruz,2021-04-02,3329,173791,1435,69923,1713,101309,181,2559,1900,47108,1425,64501,2081,111609,California
Santa Cruz,2021-04-03,2281,176072,1244,71167,901,102210,136,2695,891,46746,1388,65889,1026,112635,California
Santa Cruz,2021-04-04,944,177016,493,71660,395,102605,56,2751,551,46959,393,66282,606,113241,California
Santa Cruz,2021-04-05,2279,179295,797,72457,1316,103921,166,2917,1400,47648,878,67160,1567,114808,California
Santa Cruz,2021-04-06,3435,182730,1670,74127,1382,105303,383,3300,1976,48553,1448,68608,2353,117161,California
Santa Cruz,2021-04-07,4221,186951,1667,75794,2183,107486,371,3671,1816,48336,2402,71010,2185,119346,California
Santa Cruz,2021-04-08,4330,191281,2376,78170,1429,108915,525,4196,2548,49637,1770,72780,3071,122417,California
Santa Cruz,2021-04-09,3757,195038,1529,79699,1817,110732,411,4607,2111,50521,1639,74419,2523,124940,California
Santa Cruz,2021-04-10,2303,197341,1103,80802,938,111670,262,4869,1086,50654,1213,75632,1346,126286,California
Santa Cruz,2021-04-11,1016,198357,534,81336,387,112057,95,4964,494,50720,522,76154,588,126874,California
Santa Cruz,2021-04-12,2353,200710,843,82179,1084,113141,426,5390,1125,51057,1214,77368,1551,128425,California
Santa Cruz,2021-04-13,2975,203685,1480,83659,1493,114634,2,5392,1668,51429,1298,78666,1670,130095,California
Santa Cruz,2021-04-14,4774,208459,2301,85960,2473,117107,0,5392,2303,51274,2460,81126,2305,132400,California
Santa Cruz,2021-04-15,5131,213590,3252,89212,1879,118986,0,5392,3208,52576,1908,83034,3210,135610,California
Santa Cruz,2021-04-16,4621,218211,2561,91773,2058,121044,2,5394,2496,52960,2116,85150,2500,138110,California
Santa Cruz,2021-04-17,2287,220498,912,92685,1375,122419,0,5394,1502,53680,782,85932,1502,139612,California
Santa Cruz,2021-04-18,1115,221613,553,93238,561,122980,1,5395,606,53782,505,86437,607,140219,California
Santa Cruz,2021-04-19,2607,224220,1534,94772,1072,124052,1,5396,1616,54410,988,87425,1616,141835,California
Santa Cruz,2021-04-20,3290,227510,1759,96531,1531,125583,0,5396,1863,54858,1415,88840,1863,143698,California
Santa Cruz,2021-04-21,4433,231943,2981,99512,1452,127035,0,5396,2394,55233,2020,90860,2395,146093,California
Santa Cruz,2021-04-22,4404,236347,2986,102498,1418,128453,0,5396,2459,55758,1935,92795,2460,148553,California
Santa Cruz,2021-04-23,3239,239586,1761,104259,1477,129930,1,5397,1405,55340,1824,94619,1406,149959,California
Santa Cruz,2021-04-24,2263,241849,1089,105348,1171,131101,3,5400,693,54477,1559,96178,696,150655,California
Santa Cruz,2021-04-25,1094,242943,704,106052,377,131478,13,5413,452,54307,633,96811,463,151118,California
Santa Cruz,2021-04-26,2162,245105,1076,107128,1069,132547,17,5430,906,53987,1244,98055,924,152042,California
Santa Cruz,2021-04-27,3035,248140,1000,108128,1953,134500,82,5512,1519,54080,1508,99563,1601,153643,California
Santa Cruz,2021-04-28,3518,251658,1962,110090,1479,135979,77,5589,1848,54345,1657,101220,1922,155565,California
Santa Cruz,2021-04-29,3825,255483,2557,112647,1205,137184,63,5652,1345,53285,2470,103690,1410,156975,California
Santa Cruz,2021-04-30,2408,257891,1223,113870,1142,138326,43,5695,1013,52955,1387,105077,1057,158032,California
Santa Cruz,2021-05-01,1317,259208,1045,114915,239,138565,33,5728,602,52880,711,105788,636,158668,California
Santa Cruz,2021-05-02,655,259863,463,115378,166,138731,26,5754,214,52680,441,106229,241,158909,California
Santa Cruz,2021-05-03,1934,261797,1001,116379,866,139597,67,5821,655,52136,1268,107497,724,159633,California
Santa Cruz,2021-05-04,2738,264535,1599,117978,1068,140665,71,5892,878,51227,1856,109353,947,160580,California
Santa Cruz,2021-05-05,2828,267363,1426,119404,1321,141986,81,5973,746,50020,2039,111392,832,161412,California
Santa Cruz,2021-05-06,3915,271278,2504,121908,1190,143176,221,6194,879,48100,3017,114409,1097,162509,California
Santa Cruz,2021-05-07,2808,274086,1301,123209,1424,144600,83,6277,437,46257,2365,116774,522,163031,California
Santa Cruz,2021-05-08,1426,275512,745,123954,653,145253,28,6305,393,45647,1033,117807,423,163454,California
Santa Cruz,2021-05-09,533,276045,338,124292,172,145425,23,6328,158,45455,373,118180,181,163635,California
Santa Cruz,2021-05-10,2115,278160,1275,125567,774,146199,66,6394,410,44234,1697,119877,476,164111,California
Santa Cruz,2021-05-11,2428,280588,1378,126945,961,147160,89,6483,644,43187,1779,121656,732,164843,California
Santa Cruz,2021-05-12,3233,283821,1408,128353,1744,148904,81,6564,557,41160,2666,124322,639,165482,California
Santa Cruz,2021-05-13,3936,287757,2664,131017,1178,150082,94,6658,1394,40113,2537,126859,1490,166972,California
Santa Cruz,2021-05-14,2995,290752,1630,132647,1325,151407,40,6698,1132,39433,1855,128714,1175,168147,California
Santa Cruz,2021-05-15,2288,293040,1322,133969,954,152361,12,6710,1108,39376,1177,129891,1120,169267,California
Santa Cruz,2021-05-16,808,293848,433,134402,353,152714,22,6732,251,39095,555,130446,274,169541,California
Santa Cruz,2021-05-17,1553,295401,802,135204,680,153394,71,6803,528,38670,1024,131470,599,170140,California
Santa Cruz,2021-05-18,2336,297737,1433,136637,879,154273,24,6827,1107,38579,1222,132692,1131,171271,California
Santa Cruz,2021-05-19,3122,300859,1876,138513,1209,155482,37,6864,1305,38114,1807,134499,1342,172613,California
Santa Cruz,2021-05-20,3395,304254,2429,140942,818,156300,148,7012,1565,38002,1825,136324,1713,174326,California
Santa Cruz,2021-05-21,1780,306034,913,141855,778,157078,89,7101,604,37525,1170,137494,693,175019,California
Santa Cruz,2021-05-22,1726,307760,1332,143187,383,157461,11,7112,599,37013,1123,138617,611,175630,California
Santa Cruz,2021-05-23,479,308239,270,143457,190,157651,19,7131,149,36854,327,138944,168,175798,California
Santa Cruz,2021-05-24,1190,309429,687,144144,424,158075,79,7210,300,36351,882,139826,379,176177,California
Santa Cruz,2021-05-25,2284,311713,1303,145447,936,159011,45,7255,460,35178,1678,141504,505,176682,California
Santa Cruz,2021-05-26,1751,313464,819,146266,887,159898,45,7300,472,34430,1265,142769,517,177199,California
Santa Cruz,2021-05-27,1324,314788,717,146983,502,160400,105,7405,441,34100,876,143645,546,177745,California
Santa Cruz,2021-05-28,846,315634,373,147356,443,160843,30,7435,357,34008,480,144125,388,178133,California
Santa Cruz,2021-05-29,594,316228,337,147693,244,161087,13,7448,319,34067,273,144398,332,178465,California
Santa Cruz,2021-05-30,243,316471,120,147813,109,161196,14,7462,93,34026,147,144545,106,178571,California
Santa Cruz,2021-05-31,145,316616,63,147876,81,161277,1,7463,45,33973,99,144644,46,178617,California
Santa Cruz,2021-06-01,946,317562,578,148454,355,161632,13,7476,340,33721,604,145248,352,178969,California
Santa Cruz,2021-06-02,901,318463,526,148980,334,161966,41,7517,338,33542,558,145806,379,179348,California
Santa Cruz,2021-06-03,2280,320743,1536,150516,706,162672,38,7555,532,32374,1738,147544,570,179918,California
Santa Cruz,2021-06-04,1058,321801,726,151242,298,162970,34,7589,243,31844,808,148352,278,180196,California
Santa Cruz,2021-06-05,1033,322834,835,152077,193,163163,5,7594,191,31202,838,149190,196,180392,California
Santa Cruz,2021-06-06,408,323242,300,152377,91,163254,17,7611,110,31034,295,149485,127,180519,California
Santa Cruz,2021-06-07,848,324090,632,153009,186,163440,30,7641,232,30681,615,150100,262,180781,California
Santa Cruz,2021-06-08,1467,325557,1170,154179,271,163711,26,7667,308,29862,1154,151254,335,181116,California
Santa Cruz,2021-06-09,1435,326992,1130,155309,288,163999,17,7684,284,29020,1144,152398,302,181418,California
Santa Cruz,2021-06-10,1953,328945,1602,156911,284,164283,67,7751,345,27827,1602,154000,409,181827,California
Santa Cruz,2021-06-11,816,329761,505,157416,276,164559,35,7786,283,27616,527,154527,316,182143,California
Santa Cruz,2021-06-12,965,330726,847,158263,112,164671,6,7792,165,26990,797,155324,171,182314,California
Santa Cruz,2021-06-13,199,330925,132,158395,45,164716,22,7814,30,26873,169,155493,52,182366,California
Santa Cruz,2021-06-14,553,331478,355,158750,163,164879,35,7849,160,26677,390,155883,194,182560,California
Santa Cruz,2021-06-15,922,332400,677,159427,223,165102,22,7871,332,26445,587,156470,355,182915,California
Santa Cruz,2021-06-16,801,333201,594,160021,173,165275,34,7905,259,26199,538,157008,292,183207,California
Santa Cruz,2021-06-17,794,333995,616,160637,139,165414,39,7944,296,26038,495,157503,334,183541,California
Santa Cruz,2021-06-18,639,334634,390,161027,219,165633,30,7974,286,26005,349,157852,316,183857,California
Santa Cruz,2021-06-19,328,334962,259,161286,63,165696,6,7980,116,25918,209,158061,122,183979,California
Santa Cruz,2021-06-20,161,335123,114,161400,29,165725,18,7998,69,25913,92,158153,87,184066,California
Santa Cruz,2021-06-21,348,335471,246,161646,83,165808,19,8017,181,25948,165,158318,200,184266,California
Santa Cruz,2021-06-22,671,336142,471,162117,170,165978,30,8047,261,25831,409,158727,292,184558,California
Santa Cruz,2021-06-23,394,336536,280,162397,104,166082,10,8057,192,25835,196,158923,200,184758,California
Santa Cruz,2021-06-24,533,337069,379,162776,111,166193,43,8100,214,25774,317,159240,256,185014,California
Santa Cruz,2021-06-25,513,337582,331,163107,157,166350,25,8125,229,25748,280,159520,254,185268,California
Santa Cruz,2021-06-26,260,337842,162,163269,89,166439,9,8134,106,25711,152,159672,115,185383,California
Santa Cruz,2021-06-27,182,338024,133,163402,19,166458,30,8164,65,25689,117,159789,95,185478,California
Santa Cruz,2021-06-28,472,338496,384,163786,77,166535,11,8175,208,25645,263,160052,219,185697,California
Santa Cruz,2021-06-29,732,339228,570,164356,135,166670,27,8202,284,25510,445,160497,310,186007,California
Santa Cruz,2021-06-30,419,339647,287,164643,111,166781,21,8223,178,25470,239,160736,199,186206,California
Santa Cruz,2021-07-01,286,339933,205,164848,74,166855,7,8230,139,25471,145,160881,146,186352,California
Shasta,2020-12-16,131,131,131,131,0,0,0,0,131,131,0,0,131,131,California
Shasta,2020-12-17,422,553,422,553,0,0,0,0,422,553,0,0,422,553,California
Shasta,2020-12-18,166,719,166,719,0,0,0,0,166,719,0,0,166,719,California
Shasta,2020-12-19,1,720,1,720,0,0,0,0,1,720,0,0,1,720,California
Shasta,2020-12-21,79,799,79,799,0,0,0,0,79,799,0,0,79,799,California
Shasta,2020-12-22,193,992,188,987,5,5,0,0,193,992,0,0,193,992,California
Shasta,2020-12-23,173,1165,169,1156,4,9,0,0,173,1165,0,0,173,1165,California
Shasta,2020-12-24,19,1184,19,1175,0,9,0,0,19,1184,0,0,19,1184,California
Shasta,2020-12-26,4,1188,1,1176,3,12,0,0,4,1188,0,0,4,1188,California
Shasta,2020-12-27,1,1189,0,1176,1,13,0,0,1,1189,0,0,1,1189,California
Shasta,2020-12-28,40,1229,31,1207,9,22,0,0,40,1229,0,0,40,1229,California
Shasta,2020-12-29,186,1415,185,1392,1,23,0,0,186,1415,0,0,186,1415,California
Shasta,2020-12-30,176,1591,166,1558,10,33,0,0,176,1591,0,0,176,1591,California
Shasta,2020-12-31,83,1674,2,1560,81,114,0,0,83,1674,0,0,83,1674,California
Shasta,2021-01-02,2,1676,0,1560,2,116,0,0,2,1676,0,0,2,1676,California
Shasta,2021-01-03,1,1677,1,1561,0,116,0,0,1,1677,0,0,1,1677,California
Shasta,2021-01-04,374,2051,308,1869,66,182,0,0,375,2052,0,0,375,2052,California
Shasta,2021-01-05,338,2389,315,2184,23,205,0,0,256,2226,82,82,256,2308,California
Shasta,2021-01-06,466,2855,395,2579,71,276,0,0,203,2167,262,344,203,2511,California
Shasta,2021-01-07,126,2981,37,2616,89,365,0,0,104,2249,22,366,104,2615,California
Shasta,2021-01-08,524,3505,447,3063,77,442,0,0,316,2357,208,574,316,2931,California
Shasta,2021-01-09,73,3578,64,3127,9,451,0,0,71,2426,2,576,71,3002,California
Shasta,2021-01-10,5,3583,0,3127,5,456,0,0,3,2429,2,578,5,3007,California
Shasta,2021-01-11,408,3991,186,3313,222,678,0,0,372,2765,36,614,372,3379,California
Shasta,2021-01-12,489,4480,332,3645,157,835,0,0,313,2903,176,790,314,3693,California
Shasta,2021-01-13,602,5082,269,3914,333,1168,0,0,431,3163,171,961,431,4124,California
Shasta,2021-01-14,504,5586,52,3966,452,1620,0,0,486,3631,18,979,486,4610,California
Shasta,2021-01-15,690,6276,136,4102,554,2174,0,0,688,4317,2,981,688,5298,California
Shasta,2021-01-16,896,7172,53,4155,843,3017,0,0,893,5207,3,984,893,6191,California
Shasta,2021-01-17,27,7199,6,4161,21,3038,0,0,23,5226,4,988,23,6214,California
Shasta,2021-01-18,599,7798,129,4290,470,3508,0,0,591,5809,8,996,591,6805,California
Shasta,2021-01-19,1065,8863,401,4691,664,4172,0,0,917,6578,148,1144,917,7722,California
Shasta,2021-01-20,759,9622,491,5182,268,4440,0,0,574,6972,180,1324,574,8296,California
Shasta,2021-01-21,689,10311,335,5517,354,4794,0,0,667,7617,22,1346,667,8963,California
Shasta,2021-01-22,450,10761,177,5694,273,5067,0,0,444,8055,6,1352,444,9407,California
Shasta,2021-01-23,69,10830,5,5699,64,5131,0,0,67,8120,2,1354,67,9474,California
Shasta,2021-01-24,26,10856,3,5702,23,5154,0,0,25,8144,1,1355,25,9499,California
Shasta,2021-01-25,751,11607,491,6193,260,5414,0,0,460,8314,290,1645,460,9959,California
Shasta,2021-01-26,713,12320,334,6527,379,5793,0,0,478,8560,232,1877,478,10437,California
Shasta,2021-01-27,463,12783,181,6708,282,6075,0,0,413,8924,49,1926,413,10850,California
Shasta,2021-01-28,920,13703,581,7289,339,6414,0,0,698,9400,222,2148,698,11548,California
Shasta,2021-01-29,834,14537,330,7619,504,6918,0,0,644,9856,189,2337,645,12193,California
Shasta,2021-01-30,615,15152,14,7633,601,7519,0,0,605,10451,10,2347,605,12798,California
Shasta,2021-01-31,27,15179,4,7637,23,7542,0,0,25,10474,2,2349,25,12823,California
Shasta,2021-02-01,532,15711,149,7786,383,7925,0,0,385,10712,147,2496,385,13208,California
Shasta,2021-02-02,993,16704,501,8287,492,8417,0,0,900,11521,91,2587,900,14108,California
Shasta,2021-02-03,727,17431,213,8500,514,8931,0,0,492,11778,235,2822,492,14600,California
Shasta,2021-02-04,1107,18538,679,9179,428,9359,0,0,911,12496,193,3015,911,15511,California
Shasta,2021-02-05,1267,19805,168,9347,1099,10458,0,0,1056,13343,209,3224,1056,16567,California
Shasta,2021-02-06,1745,21550,40,9387,1705,12163,0,0,1721,15041,24,3248,1722,18289,California
Shasta,2021-02-07,25,21575,3,9390,22,12185,0,0,23,15062,2,3250,23,18312,California
Shasta,2021-02-08,600,22175,169,9559,431,12616,0,0,308,15078,292,3542,308,18620,California
Shasta,2021-02-09,1129,23304,658,10217,471,13087,0,0,707,15364,422,3964,708,19328,California
Shasta,2021-02-10,1129,24433,791,11008,338,13425,0,0,545,15326,583,4547,545,19873,California
Shasta,2021-02-11,893,25326,187,11195,706,14131,0,0,315,15068,573,5120,315,20188,California
Shasta,2021-02-12,1804,27130,1218,12413,586,14717,0,0,1244,15752,560,5680,1244,21432,California
Shasta,2021-02-13,1382,28512,374,12787,1008,15725,0,0,569,15510,812,6492,570,22002,California
Shasta,2021-02-14,150,28662,5,12792,145,15870,0,0,124,15608,26,6518,124,22126,California
Shasta,2021-02-15,381,29043,93,12885,288,16158,0,0,211,15649,170,6688,211,22337,California
Shasta,2021-02-16,1204,30247,523,13408,681,16839,0,0,427,15301,775,7463,427,22764,California
Shasta,2021-02-17,1038,31285,439,13847,599,17438,0,0,411,15085,627,8090,411,23175,California
Shasta,2021-02-18,960,32245,474,14321,486,17924,0,0,461,15048,499,8589,462,23637,California
Shasta,2021-02-19,1345,33590,953,15274,392,18316,0,0,873,15450,471,9060,873,24510,California
Shasta,2021-02-20,817,34407,100,15374,717,19033,0,0,318,15269,499,9559,318,24828,California
Shasta,2021-02-21,32,34439,3,15377,29,19062,0,0,11,15259,21,9580,11,24839,California
Shasta,2021-02-22,434,34873,79,15456,355,19417,0,0,182,15190,251,9831,182,25021,California
Shasta,2021-02-23,919,35792,472,15928,447,19864,0,0,329,14929,590,10421,329,25350,California
Shasta,2021-02-24,898,36690,514,16442,384,20248,0,0,278,14589,618,11039,278,25628,California
Shasta,2021-02-25,524,37214,167,16609,357,20605,0,0,145,14357,377,11416,145,25773,California
Shasta,2021-02-26,798,38012,98,16707,700,21305,0,0,336,14233,460,11876,336,26109,California
Shasta,2021-02-27,886,38898,77,16784,809,22114,0,0,240,13832,641,12517,240,26349,California
Shasta,2021-02-28,176,39074,4,16788,172,22286,0,0,127,13910,49,12566,127,26476,California
Shasta,2021-03-01,588,39662,61,16849,527,22813,0,0,297,13917,290,12856,297,26773,California
Shasta,2021-03-02,1036,40698,475,17324,561,23374,0,0,337,13557,697,13553,337,27110,California
Shasta,2021-03-03,683,41381,175,17499,508,23882,0,0,246,13367,436,13989,246,27356,California
Shasta,2021-03-04,3106,44487,2489,19988,617,24499,0,0,1788,13842,1313,15302,1788,29144,California
Shasta,2021-03-05,1939,46426,163,20151,1747,26246,29,29,804,13540,1135,16437,833,29977,California
Shasta,2021-03-06,2757,49183,385,20536,2325,28571,47,76,857,12546,1898,18335,904,30881,California
Shasta,2021-03-07,93,49276,4,20540,57,28628,32,108,39,12563,54,18389,71,30952,California
Shasta,2021-03-08,573,49849,50,20590,384,29012,139,247,158,12446,413,18802,296,31248,California
Shasta,2021-03-09,1256,51105,596,21186,482,29494,178,425,696,12761,558,19360,873,32121,California
Shasta,2021-03-10,804,51909,257,21443,345,29839,202,627,142,12442,661,20021,342,32463,California
Shasta,2021-03-11,1557,53466,472,21915,814,30653,271,898,940,13039,613,20634,1210,33673,California
Shasta,2021-03-12,1561,55027,849,22764,466,31119,246,1144,411,12546,1149,21783,656,34329,California
Shasta,2021-03-13,822,55849,425,23189,299,31418,98,1242,494,12810,326,22109,590,34919,California
Shasta,2021-03-14,1017,56866,8,23197,986,32404,23,1265,878,13574,139,22248,903,35822,California
Shasta,2021-03-15,496,57362,36,23233,361,32765,99,1364,209,13594,287,22535,307,36129,California
Shasta,2021-03-16,1145,58507,150,23383,927,33692,68,1432,858,14234,286,22821,926,37055,California
Shasta,2021-03-17,742,59249,192,23575,492,34184,58,1490,396,14351,337,23158,454,37509,California
Shasta,2021-03-18,1548,60797,589,24164,855,35039,104,1594,1116,15143,428,23586,1220,38729,California
Shasta,2021-03-19,647,61444,198,24362,393,35432,56,1650,411,15375,235,23821,467,39196,California
Shasta,2021-03-20,747,62191,488,24850,245,35677,14,1664,543,15728,204,24025,557,39753,California
Shasta,2021-03-21,313,62504,298,25148,4,35681,11,1675,285,15997,27,24052,296,40049,California
Shasta,2021-03-22,349,62853,39,25187,274,35955,36,1711,199,16084,148,24200,235,40284,California
Shasta,2021-03-23,1313,64166,652,25839,602,36557,59,1770,759,16354,548,24748,818,41102,California
Shasta,2021-03-24,610,64776,154,25993,418,36975,38,1808,367,16517,242,24990,405,41507,California
Shasta,2021-03-25,1136,65912,452,26445,663,37638,21,1829,821,17048,312,25302,843,42350,California
Shasta,2021-03-26,1838,67750,1403,27848,405,38043,30,1859,1475,18192,362,25664,1506,43856,California
Shasta,2021-03-27,1596,69346,406,28254,318,38361,872,2731,579,18623,1015,26679,1446,45302,California
Shasta,2021-03-28,408,69754,301,28555,97,38458,10,2741,302,18831,104,26783,312,45614,California
Shasta,2021-03-29,422,70176,40,28595,370,38828,12,2753,166,18754,255,27038,178,45792,California
Shasta,2021-03-30,1248,71424,770,29365,461,39289,17,2770,626,18778,619,27657,643,46435,California
Shasta,2021-03-31,620,72044,207,29572,407,39696,6,2776,383,18934,233,27890,389,46824,California
Shasta,2021-04-01,896,72940,247,29819,636,40332,13,2789,574,19201,320,28210,587,47411,California
Shasta,2021-04-02,757,73697,198,30017,504,40836,55,2844,411,19324,343,28553,466,47877,California
Shasta,2021-04-03,512,74209,360,30377,133,40969,19,2863,387,19605,125,28678,406,48283,California
Shasta,2021-04-04,292,74501,175,30552,96,41065,21,2884,218,19770,74,28752,239,48522,California
Shasta,2021-04-05,446,74947,70,30622,312,41377,64,2948,254,19896,192,28944,318,48840,California
Shasta,2021-04-06,1172,76119,487,31109,507,41884,178,3126,540,19986,627,29571,717,49557,California
Shasta,2021-04-07,663,76782,215,31324,283,42167,165,3291,259,20008,400,29971,422,49979,California
Shasta,2021-04-08,1152,77934,264,31588,731,42898,157,3448,221,19457,927,30898,376,50355,California
Shasta,2021-04-09,2601,80535,2078,33666,310,43208,213,3661,2017,21106,577,31475,2226,52581,California
Shasta,2021-04-10,885,81420,597,34263,157,43365,131,3792,245,20841,639,32114,374,52955,California
Shasta,2021-04-11,1252,82672,399,34662,833,44198,20,3812,144,19901,1104,33218,164,53119,California
Shasta,2021-04-12,343,83015,7,34669,272,44470,64,3876,98,19818,244,33462,161,53280,California
Shasta,2021-04-13,1279,84294,368,35037,909,45379,2,3878,340,19225,934,34396,341,53621,California
Shasta,2021-04-14,594,84888,143,35180,449,45828,2,3880,220,19074,373,34769,222,53843,California
Shasta,2021-04-15,1084,85972,258,35438,825,46653,1,3881,300,18596,778,35547,300,54143,California
Shasta,2021-04-16,2362,88334,1861,37299,501,47154,0,3881,951,18138,1409,36956,951,55094,California
Shasta,2021-04-17,648,88982,417,37716,231,47385,0,3881,193,17877,455,37411,194,55288,California
Shasta,2021-04-18,270,89252,244,37960,26,47411,0,3881,35,17679,233,37644,35,55323,California
Shasta,2021-04-19,387,89639,28,37988,359,47770,0,3881,168,17628,219,37863,168,55491,California
Shasta,2021-04-20,1031,90670,266,38254,765,48535,0,3881,385,17369,644,38507,385,55876,California
Shasta,2021-04-21,624,91294,228,38482,396,48931,0,3881,317,17379,307,38814,317,56193,California
Shasta,2021-04-22,970,92264,286,38768,684,49615,0,3881,300,17011,668,39482,300,56493,California
Shasta,2021-04-23,668,92932,262,39030,406,50021,0,3881,339,17022,328,39810,339,56832,California
Shasta,2021-04-24,601,93533,358,39388,242,50263,1,3882,109,16641,490,40300,109,56941,California
Shasta,2021-04-25,210,93743,180,39568,29,50292,1,3883,36,16504,174,40474,37,56978,California
Shasta,2021-04-26,505,94248,57,39625,443,50735,5,3888,356,16717,147,40621,360,57338,California
Shasta,2021-04-27,554,94802,183,39808,331,51066,40,3928,303,16810,247,40868,340,57678,California
Shasta,2021-04-28,584,95386,166,39974,385,51451,33,3961,250,16758,334,41202,282,57960,California
Shasta,2021-04-29,783,96169,121,40095,638,52089,24,3985,179,16359,603,41805,204,58164,California
Shasta,2021-04-30,2277,98446,1848,41943,397,52486,32,4017,272,14660,2003,43808,304,58468,California
Shasta,2021-05-01,232,98678,21,41964,135,52621,76,4093,103,14710,129,43937,179,58647,California
Shasta,2021-05-02,49,98727,17,41981,19,52640,13,4106,22,14718,27,43964,35,58682,California
Shasta,2021-05-03,357,99084,99,42080,232,52872,26,4132,113,14615,242,44206,139,58821,California
Shasta,2021-05-04,536,99620,201,42281,296,53168,39,4171,252,14625,281,44487,291,59112,California
Shasta,2021-05-05,451,100071,152,42433,281,53449,18,4189,207,14606,244,44731,225,59337,California
Shasta,2021-05-06,693,100764,263,42696,390,53839,40,4229,296,14552,388,45119,334,59671,California
Shasta,2021-05-07,1120,101884,742,43438,338,54177,40,4269,301,14075,818,45937,341,60012,California
Shasta,2021-05-08,176,102060,85,43523,80,54257,11,4280,104,14117,72,46009,114,60126,California
Shasta,2021-05-09,65,102125,15,43538,45,54302,5,4285,34,14125,31,46040,39,60165,California
Shasta,2021-05-10,258,102383,23,43561,186,54488,49,4334,112,14140,144,46184,159,60324,California
Shasta,2021-05-11,523,102906,160,43721,212,54700,151,4485,182,14133,340,46524,333,60657,California
Shasta,2021-05-12,398,103304,147,43868,227,54927,24,4509,133,14026,264,46788,157,60814,California
Shasta,2021-05-13,580,103884,241,44109,322,55249,17,4526,225,13915,353,47141,242,61056,California
Shasta,2021-05-14,646,104530,274,44383,346,55595,26,4552,296,13889,349,47490,323,61379,California
Shasta,2021-05-15,398,104928,130,44513,165,55760,103,4655,168,13930,229,47719,270,61649,California
Shasta,2021-05-16,222,105150,155,44668,57,55817,10,4665,163,14044,59,47778,173,61822,California
Shasta,2021-05-17,538,105688,246,44914,232,56049,60,4725,282,14131,255,48033,342,62164,California
Shasta,2021-05-18,619,106307,293,45207,301,56350,25,4750,325,14188,293,48326,350,62514,California
Shasta,2021-05-19,589,106896,278,45485,243,56593,68,4818,278,14227,307,48633,346,62860,California
Shasta,2021-05-20,570,107466,255,45740,296,56889,19,4837,264,14206,303,48936,282,63142,California
Shasta,2021-05-21,656,108122,301,46041,336,57225,19,4856,331,14234,322,49258,350,63492,California
Shasta,2021-05-22,235,108357,134,46175,93,57318,8,4864,143,14297,89,49347,152,63644,California
Shasta,2021-05-23,112,108469,47,46222,56,57374,9,4873,67,14328,45,49392,76,63720,California
Shasta,2021-05-24,547,109016,171,46393,344,57718,32,4905,191,14197,354,49746,223,63943,California
Shasta,2021-05-25,467,109483,200,46593,222,57940,45,4950,159,14096,304,50050,203,64146,California
Shasta,2021-05-26,371,109854,146,46739,200,58140,25,4975,147,14045,223,50273,172,64318,California
Shasta,2021-05-27,418,110272,152,46891,257,58397,9,4984,154,13947,261,50534,163,64481,California
Shasta,2021-05-28,441,110713,197,47088,215,58612,29,5013,204,13946,234,50768,233,64714,California
Shasta,2021-05-29,227,110940,65,47153,131,58743,31,5044,89,13926,138,50906,118,64832,California
Shasta,2021-05-30,84,111024,48,47201,34,58777,2,5046,53,13950,31,50937,55,64887,California
Shasta,2021-05-31,34,111058,8,47209,25,58802,1,5047,11,13940,22,50959,12,64899,California
Shasta,2021-06-01,525,111583,155,47364,225,59027,145,5192,134,13836,384,51343,280,65179,California
Shasta,2021-06-02,293,111876,119,47483,165,59192,9,5201,119,13792,172,51515,128,65307,California
Shasta,2021-06-03,371,112247,159,47642,203,59395,9,5210,119,13669,251,51766,128,65435,California
Shasta,2021-06-04,565,112812,281,47923,256,59651,28,5238,197,13527,367,52133,225,65660,California
Shasta,2021-06-05,259,113071,154,48077,88,59739,17,5255,77,13441,181,52314,95,65755,California
Shasta,2021-06-06,162,113233,128,48205,32,59771,2,5257,48,13377,114,52428,50,65805,California
Shasta,2021-06-07,405,113638,236,48441,152,59923,17,5274,109,13208,295,52723,126,65931,California
Shasta,2021-06-08,514,114152,308,48749,160,60083,46,5320,152,13046,359,53082,197,66128,California
Shasta,2021-06-09,483,114635,272,49021,123,60206,88,5408,112,12877,368,53450,199,66327,California
Shasta,2021-06-10,412,115047,247,49268,140,60346,25,5433,128,12752,278,53728,153,66480,California
Shasta,2021-06-11,465,115512,253,49521,175,60521,37,5470,127,12579,336,54064,163,66643,California
Shasta,2021-06-12,211,115723,138,49659,67,60588,6,5476,77,12529,133,54197,83,66726,California
Shasta,2021-06-13,89,115812,55,49714,32,60620,2,5478,25,12492,64,54261,27,66753,California
Shasta,2021-06-14,284,116096,155,49869,111,60731,18,5496,83,12393,200,54461,101,66854,California
Shasta,2021-06-15,462,116558,233,50102,113,60844,116,5612,160,12367,296,54757,270,67124,California
Shasta,2021-06-16,256,116814,149,50251,95,60939,12,5624,82,12291,170,54927,94,67218,California
Shasta,2021-06-17,289,117103,124,50375,129,61068,36,5660,101,12241,187,55114,137,67355,California
Shasta,2021-06-18,367,117470,224,50599,122,61190,21,5681,154,12204,212,55326,175,67530,California
Shasta,2021-06-19,115,117585,75,50674,38,61228,2,5683,52,12196,62,55388,54,67584,California
Shasta,2021-06-20,56,117641,35,50709,18,61246,3,5686,21,12185,35,55423,24,67608,California
Shasta,2021-06-21,202,117843,64,50773,109,61355,29,5715,81,12175,120,55543,110,67718,California
Shasta,2021-06-22,372,118215,142,50915,81,61436,149,5864,94,12138,270,55813,233,67951,California
Shasta,2021-06-23,221,118436,131,51046,73,61509,17,5881,93,12121,127,55940,110,68061,California
Shasta,2021-06-24,226,118662,137,51183,71,61580,18,5899,91,12097,133,56073,109,68170,California
Shasta,2021-06-25,298,118960,203,51386,82,61662,13,5912,123,12057,175,56248,135,68305,California
Shasta,2021-06-26,137,119097,80,51466,47,61709,10,5922,55,12041,81,56329,65,68370,California
Shasta,2021-06-27,68,119165,45,51511,19,61728,4,5926,24,12025,44,56373,28,68398,California
Shasta,2021-06-28,187,119352,121,51632,49,61777,17,5943,92,12039,95,56468,109,68507,California
Shasta,2021-06-29,265,119617,155,51787,82,61859,28,5971,99,12003,163,56631,127,68634,California
Shasta,2021-06-30,199,119816,113,51900,74,61933,12,5983,86,11989,112,56743,98,68732,California
Shasta,2021-07-01,116,119932,74,51974,36,61969,6,5989,45,11971,69,56812,51,68783,California
Sierra,2020-12-18,1,1,1,1,0,0,0,0,1,1,0,0,1,1,California
Sierra,2020-12-21,2,3,2,3,0,0,0,0,2,3,0,0,2,3,California
Sierra,2020-12-22,12,15,12,15,0,0,0,0,12,15,0,0,12,15,California
Sierra,2020-12-23,4,19,4,19,0,0,0,0,4,19,0,0,4,19,California
Sierra,2020-12-28,1,20,0,19,1,1,0,0,1,20,0,0,1,20,California
Sierra,2020-12-29,50,70,7,26,43,44,0,0,50,70,0,0,50,70,California
Sierra,2020-12-30,2,72,0,26,2,46,0,0,2,72,0,0,2,72,California
Sierra,2020-12-31,13,85,0,26,13,59,0,0,13,85,0,0,13,85,California
Sierra,2021-01-01,1,86,1,27,0,59,0,0,1,86,0,0,1,86,California
Sierra,2021-01-05,63,149,2,29,61,120,0,0,63,149,0,0,63,149,California
Sierra,2021-01-06,1,150,1,30,0,120,0,0,1,150,0,0,1,150,California
Sierra,2021-01-07,21,171,1,31,20,140,0,0,20,169,1,1,20,170,California
Sierra,2021-01-08,1,172,1,32,0,140,0,0,1,170,0,1,1,171,California
Sierra,2021-01-11,3,175,3,35,0,140,0,0,0,167,3,4,0,171,California
Sierra,2021-01-12,39,214,12,47,27,167,0,0,27,182,12,16,27,198,California
Sierra,2021-01-13,4,218,3,50,1,168,0,0,1,180,3,19,1,199,California
Sierra,2021-01-14,35,253,2,52,33,201,0,0,35,215,0,19,35,234,California
Sierra,2021-01-15,3,256,1,53,2,203,0,0,3,218,0,19,3,237,California
Sierra,2021-01-18,3,259,0,53,3,206,0,0,3,221,0,19,3,240,California
Sierra,2021-01-19,31,290,0,53,31,237,0,0,31,252,0,19,31,271,California
Sierra,2021-01-20,1,291,1,54,0,237,0,0,1,253,0,19,1,272,California
Sierra,2021-01-21,52,343,0,54,52,289,0,0,52,305,0,19,52,324,California
Sierra,2021-01-22,2,345,0,54,2,291,0,0,2,307,0,19,2,326,California
Sierra,2021-01-23,2,347,0,54,2,293,0,0,2,309,0,19,2,328,California
Sierra,2021-01-25,1,348,1,55,0,293,0,0,1,310,0,19,1,329,California
Sierra,2021-01-26,63,411,1,56,62,355,0,0,24,295,39,58,24,353,California
Sierra,2021-01-27,4,415,4,60,0,355,0,0,0,291,4,62,0,353,California
Sierra,2021-01-28,53,468,0,60,53,408,0,0,43,324,10,72,43,396,California
Sierra,2021-01-29,2,470,0,60,2,410,0,0,2,326,0,72,2,398,California
Sierra,2021-01-30,3,473,3,63,0,410,0,0,2,327,1,73,2,400,California
Sierra,2021-02-01,1,474,0,63,1,411,0,0,0,326,1,74,0,400,California
Sierra,2021-02-02,57,531,1,64,56,467,0,0,18,305,39,113,18,418,California
Sierra,2021-02-03,6,537,5,69,1,468,0,0,5,309,1,114,5,423,California
Sierra,2021-02-04,102,639,5,74,97,565,0,0,53,313,49,163,53,476,California
Sierra,2021-02-05,6,645,4,78,2,567,0,0,5,317,1,164,5,481,California
Sierra,2021-02-09,51,696,0,78,51,618,0,0,48,362,3,167,48,529,California
Sierra,2021-02-10,5,701,2,80,3,621,0,0,4,365,1,168,4,533,California
Sierra,2021-02-11,195,896,1,81,194,815,0,0,134,438,61,229,134,667,California
Sierra,2021-02-12,20,916,0,81,20,835,0,0,20,458,0,229,20,687,California
Sierra,2021-02-13,1,917,1,82,0,835,0,0,1,459,0,229,1,688,California
Sierra,2021-02-15,4,921,3,85,1,836,0,0,0,455,4,233,0,688,California
Sierra,2021-02-16,43,964,1,86,42,878,0,0,10,432,33,266,10,698,California
Sierra,2021-02-17,4,968,0,86,4,882,0,0,1,430,3,269,1,699,California
Sierra,2021-02-18,139,1107,0,86,139,1021,0,0,90,471,49,318,90,789,California
Sierra,2021-02-19,2,1109,1,87,1,1022,0,0,1,471,1,319,1,790,California
Sierra,2021-02-20,2,1111,2,89,0,1022,0,0,0,469,2,321,0,790,California
Sierra,2021-02-22,1,1112,1,90,0,1022,0,0,1,470,0,321,1,791,California
Sierra,2021-02-23,4,1116,0,90,4,1026,0,0,4,474,0,321,4,795,California
Sierra,2021-02-24,3,1119,2,92,1,1027,0,0,3,477,0,321,3,798,California
Sierra,2021-02-25,124,1243,2,94,122,1149,0,0,58,470,65,386,58,856,California
Sierra,2021-02-26,11,1254,6,100,5,1154,0,0,4,467,7,393,4,860,California
Sierra,2021-02-27,2,1256,2,102,0,1154,0,0,0,465,2,395,0,860,California
Sierra,2021-03-01,2,1258,2,104,0,1154,0,0,0,463,2,397,0,860,California
Sierra,2021-03-02,56,1314,0,104,56,1210,0,0,38,483,18,415,38,898,California
Sierra,2021-03-03,2,1316,2,106,0,1210,0,0,1,483,1,416,1,899,California
Sierra,2021-03-04,108,1424,0,106,108,1318,0,0,60,495,48,464,60,959,California
Sierra,2021-03-05,13,1437,1,107,12,1330,0,0,11,504,2,466,11,970,California
Sierra,2021-03-07,1,1438,1,108,0,1330,0,0,0,503,1,467,0,970,California
Sierra,2021-03-08,2,1440,2,110,0,1330,0,0,2,505,0,467,2,972,California
Sierra,2021-03-09,56,1496,0,110,56,1386,0,0,12,473,44,511,12,984,California
Sierra,2021-03-10,6,1502,0,110,6,1392,0,0,4,475,2,513,4,988,California
Sierra,2021-03-11,173,1675,0,110,173,1565,0,0,41,384,132,645,41,1029,California
Sierra,2021-03-12,20,1695,1,111,19,1584,0,0,0,364,20,665,0,1029,California
Sierra,2021-03-13,27,1722,0,111,27,1611,0,0,27,391,0,665,27,1056,California
Sierra,2021-03-14,1,1723,0,111,0,1611,1,1,0,391,1,666,1,1057,California
Sierra,2021-03-15,2,1725,1,112,0,1611,1,2,0,390,2,668,1,1058,California
Sierra,2021-03-16,35,1760,0,112,34,1645,1,3,22,400,13,681,23,1081,California
Sierra,2021-03-17,3,1763,2,114,1,1646,0,3,0,397,3,684,0,1081,California
Sierra,2021-03-18,157,1920,0,114,157,1803,0,3,65,370,92,776,65,1146,California
Sierra,2021-03-19,4,1924,2,116,2,1805,0,3,1,368,3,779,1,1147,California
Sierra,2021-03-20,1,1925,0,116,1,1806,0,3,1,369,0,779,1,1148,California
Sierra,2021-03-23,22,1947,0,116,22,1828,0,3,13,373,9,788,13,1161,California
Sierra,2021-03-24,3,1950,1,117,2,1830,0,3,1,372,2,790,1,1162,California
Sierra,2021-03-25,99,2049,1,118,98,1928,0,3,50,373,49,839,50,1212,California
Sierra,2021-03-26,12,2061,1,119,11,1939,0,3,8,377,4,843,8,1220,California
Sierra,2021-03-27,1,2062,0,119,1,1940,0,3,0,376,1,844,0,1220,California
Sierra,2021-03-29,1,2063,1,120,0,1940,0,3,0,375,1,845,0,1220,California
Sierra,2021-03-30,54,2117,1,121,53,1993,0,3,22,365,32,877,22,1242,California
Sierra,2021-03-31,8,2125,0,121,8,2001,0,3,8,373,0,877,8,1250,California
Sierra,2021-04-01,63,2188,1,122,62,2063,0,3,5,322,56,933,5,1255,California
Sierra,2021-04-02,3,2191,2,124,1,2064,0,3,2,323,1,934,2,1257,California
Sierra,2021-04-04,1,2192,0,124,1,2065,0,3,0,323,0,934,0,1257,California
Sierra,2021-04-06,11,2203,0,124,11,2076,0,3,1,314,10,944,1,1258,California
Sierra,2021-04-07,14,2217,3,127,6,2082,5,8,3,312,10,954,8,1266,California
Sierra,2021-04-08,53,2270,2,129,51,2133,0,8,16,291,37,991,16,1282,California
Sierra,2021-04-09,2,2272,2,131,0,2133,0,8,1,291,1,992,1,1283,California
Sierra,2021-04-10,27,2299,0,131,27,2160,0,8,0,264,27,1019,0,1283,California
Sierra,2021-04-13,43,2342,0,131,43,2203,0,8,5,231,38,1057,5,1288,California
Sierra,2021-04-14,1,2343,0,131,1,2204,0,8,1,232,0,1057,1,1289,California
Sierra,2021-04-15,48,2391,1,132,47,2251,0,8,2,188,46,1103,2,1291,California
Sierra,2021-04-17,2,2393,1,133,1,2252,0,8,1,188,1,1104,1,1292,California
Sierra,2021-04-18,1,2394,0,133,1,2253,0,8,0,188,0,1104,0,1292,California
Sierra,2021-04-19,1,2395,1,134,0,2253,0,8,0,187,1,1105,0,1292,California
Sierra,2021-04-20,34,2429,1,135,33,2286,0,8,7,167,27,1132,7,1299,California
Sierra,2021-04-21,2,2431,1,136,1,2287,0,8,1,167,1,1133,1,1300,California
Sierra,2021-04-22,64,2495,1,137,63,2350,0,8,5,114,58,1191,5,1305,California
Sierra,2021-04-23,13,2508,0,137,13,2363,0,8,4,109,9,1200,4,1309,California
Sierra,2021-04-24,4,2512,0,137,4,2367,0,8,4,113,0,1200,4,1313,California
Sierra,2021-04-26,1,2513,0,137,1,2368,0,8,1,114,0,1200,1,1314,California
Sierra,2021-04-27,27,2540,0,137,27,2395,0,8,4,95,23,1223,4,1318,California
Sierra,2021-04-28,10,2550,2,139,8,2403,0,8,1,87,9,1232,1,1319,California
Sierra,2021-04-29,20,2570,2,141,18,2421,0,8,14,95,6,1238,14,1333,California
Sierra,2021-04-30,4,2574,2,143,2,2423,0,8,2,95,2,1240,2,1335,California
Sierra,2021-05-01,1,2575,0,143,1,2424,0,8,0,95,0,1240,0,1335,California
Sierra,2021-05-03,1,2576,1,144,0,2424,0,8,1,96,0,1240,1,1336,California
Sierra,2021-05-04,1,2577,0,144,1,2425,0,8,0,95,1,1241,0,1336,California
Sierra,2021-05-05,23,2600,1,145,22,2447,0,8,8,88,15,1256,8,1344,California
Sierra,2021-05-06,1,2601,1,146,0,2447,0,8,0,87,1,1257,0,1344,California
Sierra,2021-05-07,1,2602,1,147,0,2447,0,8,1,88,0,1257,1,1345,California
Sierra,2021-05-08,1,2603,0,147,0,2447,1,9,0,88,1,1258,1,1346,California
Sierra,2021-05-11,11,2614,0,147,4,2451,7,16,0,84,11,1269,7,1353,California
Sierra,2021-05-12,11,2625,1,148,10,2461,0,16,8,89,3,1272,8,1361,California
Sierra,2021-05-13,3,2628,2,150,1,2462,0,16,2,90,1,1273,2,1363,California
Sierra,2021-05-14,3,2631,1,151,2,2464,0,16,3,93,0,1273,3,1366,California
Sierra,2021-05-17,1,2632,1,152,0,2464,0,16,1,94,0,1273,1,1367,California
Sierra,2021-05-18,2,2634,0,152,1,2465,1,17,0,93,2,1275,1,1368,California
Sierra,2021-05-19,6,2640,2,154,4,2469,0,17,2,91,4,1279,2,1370,California
Sierra,2021-05-20,9,2649,8,162,0,2469,1,18,8,99,1,1280,9,1379,California
Sierra,2021-05-21,4,2653,2,164,2,2471,0,18,1,97,3,1283,1,1380,California
Sierra,2021-05-22,5,2658,0,164,5,2476,0,18,1,94,4,1287,1,1381,California
Sierra,2021-05-23,1,2659,0,164,1,2477,0,18,1,95,0,1287,1,1382,California
Sierra,2021-05-24,3,2662,1,165,2,2479,0,18,2,96,1,1288,2,1384,California
Sierra,2021-05-25,3,2665,0,165,3,2482,0,18,1,95,2,1290,1,1385,California
Sierra,2021-05-26,8,2673,0,165,8,2490,0,18,4,95,4,1294,4,1389,California
Sierra,2021-05-27,9,2682,1,166,7,2497,1,19,2,91,7,1301,3,1392,California
Sierra,2021-05-28,4,2686,2,168,2,2499,0,19,2,91,2,1303,2,1394,California
Sierra,2021-05-29,2,2688,0,168,2,2501,0,19,2,93,0,1303,2,1396,California
Sierra,2021-05-30,1,2689,1,169,0,2501,0,19,1,94,0,1303,1,1397,California
Sierra,2021-06-01,1,2690,0,169,1,2502,0,19,0,93,1,1304,0,1397,California
Sierra,2021-06-02,23,2713,0,169,21,2523,2,21,0,73,22,1326,2,1399,California
Sierra,2021-06-03,3,2716,2,171,1,2524,0,21,0,70,3,1329,0,1399,California
Sierra,2021-06-04,2,2718,2,173,0,2524,0,21,1,70,1,1330,1,1400,California
Sierra,2021-06-08,1,2719,1,174,0,2524,0,21,1,71,0,1330,1,1401,California
Sierra,2021-06-09,8,2727,1,175,5,2529,2,23,0,65,8,1338,2,1403,California
Sierra,2021-06-10,8,2735,8,183,0,2529,0,23,4,65,4,1342,4,1407,California
Sierra,2021-06-11,3,2738,1,184,2,2531,0,23,0,62,3,1345,0,1407,California
Sierra,2021-06-12,1,2739,1,185,0,2531,0,23,1,63,0,1345,1,1408,California
Sierra,2021-06-13,1,2740,1,186,0,2531,0,23,0,62,1,1346,0,1408,California
Sierra,2021-06-14,6,2746,4,190,1,2532,1,24,2,61,4,1350,3,1411,California
Sierra,2021-06-15,2,2748,1,191,1,2533,0,24,1,62,0,1350,1,1412,California
Sierra,2021-06-16,6,2754,1,192,5,2538,0,24,2,60,4,1354,2,1414,California
Sierra,2021-06-17,4,2758,2,194,1,2539,1,25,2,61,2,1356,3,1417,California
Sierra,2021-06-18,2,2760,1,195,0,2539,1,26,0,60,2,1358,1,1418,California
Sierra,2021-06-21,1,2761,0,195,1,2540,0,26,0,59,1,1359,0,1418,California
Sierra,2021-06-22,5,2766,3,198,2,2542,0,26,3,60,2,1361,3,1421,California
Sierra,2021-06-23,6,2772,0,198,6,2548,0,26,2,58,4,1365,2,1423,California
Sierra,2021-06-24,6,2778,0,198,2,2550,4,30,1,58,5,1370,5,1428,California
Sierra,2021-06-27,1,2779,1,199,0,2550,0,30,1,59,0,1370,1,1429,California
Sierra,2021-06-28,1,2780,0,199,0,2550,1,31,0,59,1,1371,1,1430,California
Sierra,2021-06-30,3,2783,2,201,0,2550,1,32,1,59,2,1373,2,1432,California
Sierra,2021-07-01,3,2786,1,202,2,2552,0,32,2,60,1,1374,2,1434,California
Siskiyou,2020-12-16,2,2,2,2,0,0,0,0,2,2,0,0,2,2,California
Siskiyou,2020-12-17,4,6,4,6,0,0,0,0,4,6,0,0,4,6,California
Siskiyou,2020-12-18,2,8,2,8,0,0,0,0,2,8,0,0,2,8,California
Siskiyou,2020-12-19,4,12,4,12,0,0,0,0,4,12,0,0,4,12,California
Siskiyou,2020-12-20,1,13,1,13,0,0,0,0,1,13,0,0,1,13,California
Siskiyou,2020-12-21,132,145,132,145,0,0,0,0,132,145,0,0,132,145,California
Siskiyou,2020-12-22,159,304,159,304,0,0,0,0,159,304,0,0,159,304,California
Siskiyou,2020-12-23,142,446,142,446,0,0,0,0,142,446,0,0,142,446,California
Siskiyou,2020-12-24,5,451,5,451,0,0,0,0,5,451,0,0,5,451,California
Siskiyou,2020-12-26,2,453,0,451,2,2,0,0,2,453,0,0,2,453,California
Siskiyou,2020-12-27,2,455,0,451,2,4,0,0,2,455,0,0,2,455,California
Siskiyou,2020-12-28,3,458,1,452,2,6,0,0,3,458,0,0,3,458,California
Siskiyou,2020-12-29,6,464,2,454,4,10,0,0,6,464,0,0,6,464,California
Siskiyou,2020-12-30,101,565,4,458,97,107,0,0,101,565,0,0,101,565,California
Siskiyou,2020-12-31,12,577,0,458,12,119,0,0,12,577,0,0,12,577,California
Siskiyou,2021-01-02,1,578,1,459,0,119,0,0,1,578,0,0,1,578,California
Siskiyou,2021-01-03,1,579,0,459,1,120,0,0,1,579,0,0,1,579,California
Siskiyou,2021-01-04,130,709,3,462,127,247,0,0,130,709,0,0,130,709,California
Siskiyou,2021-01-05,118,827,4,466,114,361,0,0,116,824,2,2,117,826,California
Siskiyou,2021-01-06,59,886,6,472,53,414,0,0,55,875,4,6,55,881,California
Siskiyou,2021-01-07,178,1064,4,476,174,588,0,0,177,1051,1,7,177,1058,California
Siskiyou,2021-01-08,41,1105,3,479,38,626,0,0,39,1088,2,9,39,1097,California
Siskiyou,2021-01-09,3,1108,3,482,0,626,0,0,1,1087,2,11,1,1098,California
Siskiyou,2021-01-11,296,1404,135,617,161,787,0,0,163,1117,133,144,163,1261,California
Siskiyou,2021-01-12,253,1657,204,821,49,836,0,0,90,1045,163,307,91,1352,California
Siskiyou,2021-01-13,159,1816,138,959,21,857,0,0,23,932,136,443,23,1375,California
Siskiyou,2021-01-14,36,1852,1,960,35,892,0,0,35,966,1,444,35,1410,California
Siskiyou,2021-01-15,55,1907,3,963,52,944,0,0,55,1021,0,444,55,1465,California
Siskiyou,2021-01-16,7,1914,2,965,5,949,0,0,7,1028,0,444,7,1472,California
Siskiyou,2021-01-17,1,1915,1,966,0,949,0,0,0,1027,1,445,0,1472,California
Siskiyou,2021-01-18,74,1989,2,968,72,1021,0,0,73,1099,1,446,73,1545,California
Siskiyou,2021-01-19,41,2030,1,969,40,1061,0,0,40,1138,1,447,40,1585,California
Siskiyou,2021-01-20,68,2098,35,1004,33,1094,0,0,64,1198,4,451,64,1649,California
Siskiyou,2021-01-21,69,2167,1,1005,68,1162,0,0,69,1267,0,451,69,1718,California
Siskiyou,2021-01-22,1345,3512,1177,2182,168,1330,0,0,1345,2612,0,451,1345,3063,California
Siskiyou,2021-01-23,6,3518,2,2184,4,1334,0,0,3,2612,3,454,3,3066,California
Siskiyou,2021-01-25,208,3726,8,2192,200,1534,0,0,204,2812,4,458,204,3270,California
Siskiyou,2021-01-26,158,3884,4,2196,154,1688,0,0,149,2952,9,467,149,3419,California
Siskiyou,2021-01-27,203,4087,3,2199,200,1888,0,0,138,3026,64,531,138,3557,California
Siskiyou,2021-01-28,260,4347,118,2317,142,2030,0,0,235,3242,19,550,235,3792,California
Siskiyou,2021-01-29,272,4619,3,2320,269,2299,0,0,253,3476,19,569,253,4045,California
Siskiyou,2021-01-30,6,4625,5,2325,1,2300,0,0,6,3482,0,569,6,4051,California
Siskiyou,2021-02-01,215,4840,3,2328,212,2512,0,0,114,3495,101,670,114,4165,California
Siskiyou,2021-02-02,318,5158,45,2373,273,2785,0,0,165,3507,153,823,165,4330,California
Siskiyou,2021-02-03,334,5492,1,2374,333,3118,0,0,265,3703,69,892,265,4595,California
Siskiyou,2021-02-04,368,5860,7,2381,361,3479,0,0,227,3789,141,1033,227,4822,California
Siskiyou,2021-02-05,547,6407,4,2385,543,4022,0,0,372,3986,175,1208,372,5194,California
Siskiyou,2021-02-06,15,6422,0,2385,15,4037,0,0,15,4001,0,1208,15,5209,California
Siskiyou,2021-02-07,2,6424,1,2386,1,4038,0,0,2,4003,0,1208,2,5211,California
Siskiyou,2021-02-08,242,6666,4,2390,238,4276,0,0,217,4195,25,1233,217,5428,California
Siskiyou,2021-02-09,249,6915,4,2394,245,4521,0,0,196,4338,53,1286,196,5624,California
Siskiyou,2021-02-10,389,7304,41,2435,348,4869,0,0,319,4588,69,1355,319,5943,California
Siskiyou,2021-02-11,215,7519,1,2436,214,5083,0,0,185,4743,30,1385,185,6128,California
Siskiyou,2021-02-12,1705,9224,1199,3635,506,5589,0,0,497,4032,1208,2593,497,6625,California
Siskiyou,2021-02-13,36,9260,2,3637,34,5623,0,0,31,4058,5,2598,31,6656,California
Siskiyou,2021-02-14,6,9266,2,3639,4,5627,0,0,6,4064,0,2598,6,6662,California
Siskiyou,2021-02-15,105,9371,8,3647,97,5724,0,0,103,4165,2,2600,103,6765,California
Siskiyou,2021-02-16,138,9509,2,3649,136,5860,0,0,101,4229,37,2637,101,6866,California
Siskiyou,2021-02-17,298,9807,16,3665,282,6142,0,0,261,4453,37,2674,261,7127,California
Siskiyou,2021-02-18,272,10079,88,3753,184,6326,0,0,129,4439,143,2817,129,7256,California
Siskiyou,2021-02-19,97,10176,34,3787,63,6389,0,0,36,4416,59,2876,36,7292,California
Siskiyou,2021-02-20,23,10199,5,3792,18,6407,0,0,16,4427,7,2883,18,7310,California
Siskiyou,2021-02-21,1,10200,1,3793,0,6407,0,0,1,4428,0,2883,1,7311,California
Siskiyou,2021-02-22,218,10418,2,3795,216,6623,0,0,78,4366,140,3023,78,7389,California
Siskiyou,2021-02-23,347,10765,15,3810,332,6955,0,0,194,4407,153,3176,194,7583,California
Siskiyou,2021-02-24,172,10937,5,3815,167,7122,0,0,49,4333,123,3299,49,7632,California
Siskiyou,2021-02-25,316,11253,26,3841,290,7412,0,0,159,4336,156,3455,159,7791,California
Siskiyou,2021-02-26,676,11929,11,3852,665,8077,0,0,371,4402,305,3760,371,8162,California
Siskiyou,2021-02-27,32,11961,5,3857,27,8104,0,0,28,4426,4,3764,28,8190,California
Siskiyou,2021-02-28,4,11965,4,3861,0,8104,0,0,3,4428,1,3765,3,8193,California
Siskiyou,2021-03-01,295,12260,6,3867,289,8393,0,0,51,4235,244,4009,51,8244,California
Siskiyou,2021-03-02,211,12471,1,3868,210,8603,0,0,70,4164,141,4150,70,8314,California
Siskiyou,2021-03-03,353,12824,12,3880,341,8944,0,0,155,4121,198,4348,155,8469,California
Siskiyou,2021-03-04,834,13658,624,4504,210,9154,0,0,648,4583,186,4534,648,9117,California
Siskiyou,2021-03-05,353,14011,6,4510,336,9490,11,11,105,4454,245,4779,116,9233,California
Siskiyou,2021-03-06,43,14054,3,4513,33,9523,7,18,28,4474,15,4794,35,9268,California
Siskiyou,2021-03-07,12,14066,4,4517,0,9523,8,26,2,4474,10,4804,10,9278,California
Siskiyou,2021-03-08,440,14506,28,4545,377,9900,35,61,68,4205,372,5176,103,9381,California
Siskiyou,2021-03-09,178,14684,2,4547,122,10022,54,115,44,4169,134,5310,98,9479,California
Siskiyou,2021-03-10,281,14965,7,4554,244,10266,30,145,26,3970,255,5565,56,9535,California
Siskiyou,2021-03-11,521,15486,205,4759,269,10535,47,192,282,4061,238,5803,329,9864,California
Siskiyou,2021-03-12,697,16183,141,4900,517,11052,39,231,184,3772,511,6314,222,10086,California
Siskiyou,2021-03-13,427,16610,379,5279,25,11077,23,254,379,4126,48,6362,402,10488,California
Siskiyou,2021-03-14,19,16629,0,5279,3,11080,16,270,1,4125,18,6380,17,10505,California
Siskiyou,2021-03-15,515,17144,258,5537,193,11273,64,334,339,4352,176,6556,403,10908,California
Siskiyou,2021-03-16,258,17402,34,5571,207,11480,17,351,140,4392,117,6673,157,11065,California
Siskiyou,2021-03-17,202,17604,9,5580,185,11665,8,359,34,4266,168,6841,42,11107,California
Siskiyou,2021-03-18,927,18531,789,6369,126,11791,12,371,807,4965,120,6961,819,11926,California
Siskiyou,2021-03-19,68,18599,10,6379,45,11836,13,384,19,4948,49,7010,32,11958,California
Siskiyou,2021-03-20,29,18628,7,6386,18,11854,4,388,6,4935,23,7033,10,11968,California
Siskiyou,2021-03-21,9,18637,3,6389,1,11855,5,393,3,4937,6,7039,8,11976,California
Siskiyou,2021-03-22,207,18844,21,6410,164,12019,22,415,143,5041,61,7100,165,12141,California
Siskiyou,2021-03-23,194,19038,19,6429,166,12185,9,424,141,5137,53,7153,149,12290,California
Siskiyou,2021-03-24,144,19182,48,6477,96,12281,0,424,116,5225,28,7181,116,12406,California
Siskiyou,2021-03-25,573,19755,320,6797,250,12531,3,427,400,5455,173,7354,403,12809,California
Siskiyou,2021-03-26,307,20062,35,6832,272,12803,0,427,103,5356,202,7556,103,12912,California
Siskiyou,2021-03-27,38,20100,5,6837,28,12831,5,432,10,5343,28,7584,15,12927,California
Siskiyou,2021-03-28,8,20108,7,6844,1,12832,0,432,5,5345,3,7587,5,12932,California
Siskiyou,2021-03-29,96,20204,10,6854,84,12916,2,434,46,5343,50,7637,48,12980,California
Siskiyou,2021-03-30,100,20304,6,6860,93,13009,1,435,40,5324,60,7697,41,13021,California
Siskiyou,2021-03-31,191,20495,21,6881,167,13176,3,438,48,5236,140,7837,52,13073,California
Siskiyou,2021-04-01,829,21324,670,7551,159,13335,0,438,214,4835,615,8452,214,13287,California
Siskiyou,2021-04-02,347,21671,197,7748,146,13481,4,442,66,4626,279,8731,70,13357,California
Siskiyou,2021-04-03,26,21697,5,7753,14,13495,7,449,5,4617,21,8752,12,13369,California
Siskiyou,2021-04-04,1,21698,0,7753,1,13496,0,449,1,4618,0,8752,1,13370,California
Siskiyou,2021-04-05,438,22136,331,8084,81,13577,26,475,26,4259,411,9163,52,13422,California
Siskiyou,2021-04-06,221,22357,37,8121,131,13708,53,528,128,4348,91,9254,180,13602,California
Siskiyou,2021-04-07,117,22474,11,8132,64,13772,42,570,65,4404,52,9306,108,13710,California
Siskiyou,2021-04-08,355,22829,187,8319,127,13899,41,611,65,4220,290,9596,106,13816,California
Siskiyou,2021-04-09,547,23376,377,8696,132,14031,38,649,85,3883,461,10057,124,13940,California
Siskiyou,2021-04-10,45,23421,5,8701,3,14034,37,686,6,3887,39,10096,43,13983,California
Siskiyou,2021-04-11,7,23428,4,8705,1,14035,2,688,2,3886,5,10101,4,13987,California
Siskiyou,2021-04-12,129,23557,24,8729,103,14138,2,690,31,3821,98,10199,33,14020,California
Siskiyou,2021-04-13,207,23764,37,8766,169,14307,1,691,81,3777,126,10325,82,14102,California
Siskiyou,2021-04-14,156,23920,64,8830,92,14399,0,691,84,3791,70,10395,84,14186,California
Siskiyou,2021-04-15,1116,25036,957,9787,159,14558,0,691,437,3550,679,11074,438,14624,California
Siskiyou,2021-04-16,314,25350,219,10006,95,14653,0,691,270,3778,42,11116,270,14894,California
Siskiyou,2021-04-17,11,25361,8,10014,3,14656,0,691,7,3781,4,11120,7,14901,California
Siskiyou,2021-04-18,5,25366,3,10017,2,14658,0,691,1,3778,4,11124,1,14902,California
Siskiyou,2021-04-19,129,25495,24,10041,105,14763,0,691,47,3743,82,11206,47,14949,California
Siskiyou,2021-04-20,236,25731,5,10046,231,14994,0,691,94,3696,141,11347,94,15043,California
Siskiyou,2021-04-21,96,25827,10,10056,86,15080,0,691,26,3652,70,11417,26,15069,California
Siskiyou,2021-04-22,414,26241,301,10357,113,15193,0,691,49,3336,365,11782,49,15118,California
Siskiyou,2021-04-23,181,26422,15,10372,166,15359,0,691,159,3474,21,11803,159,15277,California
Siskiyou,2021-04-24,28,26450,4,10376,24,15383,0,691,20,3486,8,11811,20,15297,California
Siskiyou,2021-04-25,2,26452,0,10376,2,15385,0,691,2,3488,0,11811,2,15299,California
Siskiyou,2021-04-26,101,26553,4,10380,92,15477,5,696,24,3440,77,11888,29,15328,California
Siskiyou,2021-04-27,114,26667,5,10385,107,15584,2,698,87,3504,25,11913,89,15417,California
Siskiyou,2021-04-28,111,26778,8,10393,95,15679,8,706,53,3507,58,11971,61,15478,California
Siskiyou,2021-04-29,149,26927,16,10409,132,15811,1,707,30,3419,119,12090,31,15509,California
Siskiyou,2021-04-30,102,27029,20,10429,81,15892,1,708,45,3410,54,12144,45,15554,California
Siskiyou,2021-05-01,11,27040,7,10436,1,15893,3,711,7,3416,4,12148,10,15564,California
Siskiyou,2021-05-02,10,27050,4,10440,6,15899,0,711,9,3424,1,12149,9,15573,California
Siskiyou,2021-05-03,109,27159,23,10463,84,15983,2,713,46,3409,63,12212,48,15621,California
Siskiyou,2021-05-04,123,27282,7,10470,114,16097,2,715,60,3409,62,12274,62,15683,California
Siskiyou,2021-05-05,115,27397,20,10490,86,16183,9,724,39,3382,75,12349,48,15731,California
Siskiyou,2021-05-06,367,27764,296,10786,65,16248,6,730,190,3401,177,12526,196,15927,California
Siskiyou,2021-05-07,308,28072,219,11005,84,16332,5,735,31,3161,276,12802,36,15963,California
Siskiyou,2021-05-08,25,28097,4,11009,20,16352,1,736,18,3173,7,12809,19,15982,California
Siskiyou,2021-05-09,1,28098,0,11009,1,16353,0,736,0,3172,1,12810,0,15982,California
Siskiyou,2021-05-10,98,28196,67,11076,30,16383,1,737,21,3117,77,12887,22,16004,California
Siskiyou,2021-05-11,87,28283,8,11084,74,16457,5,742,51,3137,36,12923,56,16060,California
Siskiyou,2021-05-12,56,28339,4,11088,48,16505,4,746,16,3117,40,12963,20,16080,California
Siskiyou,2021-05-13,83,28422,35,11123,39,16544,9,755,38,3119,45,13008,47,16127,California
Siskiyou,2021-05-14,176,28598,82,11205,93,16637,1,756,108,3161,67,13075,109,16236,California
Siskiyou,2021-05-15,43,28641,13,11218,28,16665,2,758,36,3193,6,13081,38,16274,California
Siskiyou,2021-05-16,6,28647,2,11220,4,16669,0,758,4,3195,2,13083,4,16278,California
Siskiyou,2021-05-17,65,28712,1,11221,41,16710,23,781,11,3175,54,13137,34,16312,California
Siskiyou,2021-05-18,221,28933,83,11304,134,16844,4,785,124,3207,96,13233,128,16440,California
Siskiyou,2021-05-19,157,29090,97,11401,59,16903,1,786,125,3301,32,13265,126,16566,California
Siskiyou,2021-05-20,532,29622,429,11830,101,17004,2,788,237,3246,294,13559,239,16805,California
Siskiyou,2021-05-21,197,29819,95,11925,102,17106,0,788,109,3268,87,13646,109,16914,California
Siskiyou,2021-05-22,42,29861,19,11944,23,17129,0,788,27,3280,15,13661,27,16941,California
Siskiyou,2021-05-23,4,29865,3,11947,1,17130,0,788,2,3280,2,13663,2,16943,California
Siskiyou,2021-05-24,18,29883,3,11950,15,17145,0,788,5,3273,12,13675,5,16948,California
Siskiyou,2021-05-25,157,30040,16,11966,121,17266,20,808,50,3238,105,13780,70,17018,California
Siskiyou,2021-05-26,76,30116,19,11985,57,17323,0,808,41,3244,35,13815,41,17059,California
Siskiyou,2021-05-27,133,30249,94,12079,37,17360,2,810,57,3227,76,13891,59,17118,California
Siskiyou,2021-05-28,154,30403,58,12137,95,17455,1,811,102,3279,51,13942,103,17221,California
Siskiyou,2021-05-29,16,30419,9,12146,4,17459,3,814,5,3276,11,13953,8,17229,California
Siskiyou,2021-05-31,2,30421,1,12147,0,17459,1,815,1,3277,1,13954,2,17231,California
Siskiyou,2021-06-01,86,30507,20,12167,66,17525,0,815,29,3250,56,14010,29,17260,California
Siskiyou,2021-06-02,121,30628,33,12200,88,17613,0,815,45,3219,76,14086,45,17305,California
Siskiyou,2021-06-03,156,30784,109,12309,42,17655,5,820,40,3148,116,14202,45,17350,California
Siskiyou,2021-06-04,99,30883,76,12385,23,17678,0,820,20,3089,79,14281,20,17370,California
Siskiyou,2021-06-05,37,30920,17,12402,19,17697,1,821,15,3083,22,14303,16,17386,California
Siskiyou,2021-06-06,3,30923,2,12404,0,17697,1,822,0,3081,3,14306,1,17387,California
Siskiyou,2021-06-07,38,30961,4,12408,30,17727,4,826,26,3099,12,14318,30,17417,California
Siskiyou,2021-06-08,209,31170,94,12502,112,17839,3,829,64,3026,140,14458,67,17484,California
Siskiyou,2021-06-09,113,31283,84,12586,28,17867,1,830,31,2976,82,14540,32,17516,California
Siskiyou,2021-06-10,176,31459,144,12730,31,17898,1,831,76,2953,100,14640,77,17593,California
Siskiyou,2021-06-11,111,31570,59,12789,45,17943,7,838,22,2914,68,14708,29,17622,California
Siskiyou,2021-06-12,29,31599,6,12795,23,17966,0,838,9,2903,20,14728,9,17631,California
Siskiyou,2021-06-13,24,31623,16,12811,8,17974,0,838,2,2883,22,14750,2,17633,California
Siskiyou,2021-06-14,24,31647,4,12815,16,17990,4,842,11,2884,13,14763,14,17647,California
Siskiyou,2021-06-15,89,31736,22,12837,54,18044,13,855,33,2874,56,14819,46,17693,California
Siskiyou,2021-06-16,102,31838,23,12860,77,18121,2,857,49,2872,53,14872,51,17744,California
Siskiyou,2021-06-17,186,32024,142,13002,32,18153,12,869,40,2779,145,15017,52,17796,California
Siskiyou,2021-06-18,97,32121,62,13064,27,18180,8,877,20,2730,77,15094,28,17824,California
Siskiyou,2021-06-19,26,32147,17,13081,9,18189,0,877,12,2728,14,15108,12,17836,California
Siskiyou,2021-06-20,2,32149,1,13082,0,18189,1,878,1,2729,1,15109,2,17838,California
Siskiyou,2021-06-21,38,32187,3,13085,33,18222,2,880,27,2747,11,15120,29,17867,California
Siskiyou,2021-06-22,65,32252,24,13109,37,18259,4,884,32,2750,33,15153,36,17903,California
Siskiyou,2021-06-23,52,32304,7,13116,41,18300,4,888,11,2725,40,15193,15,17918,California
Siskiyou,2021-06-24,92,32396,51,13167,32,18332,9,897,46,2734,46,15239,55,17973,California
Siskiyou,2021-06-25,96,32492,60,13227,36,18368,0,897,65,2768,31,15270,65,18038,California
Siskiyou,2021-06-26,8,32500,3,13230,5,18373,0,897,4,2768,4,15274,4,18042,California
Siskiyou,2021-06-28,10,32510,4,13234,6,18379,0,897,5,2768,5,15279,5,18047,California
Siskiyou,2021-06-29,76,32586,51,13285,23,18402,2,899,40,2774,36,15315,42,18089,California
Siskiyou,2021-06-30,53,32639,10,13295,40,18442,3,902,13,2750,40,15355,16,18105,California
Siskiyou,2021-07-01,29,32668,18,13313,7,18449,4,906,8,2741,21,15376,12,18117,California
Solano,2020-12-15,4,4,4,4,0,0,0,0,4,4,0,0,4,4,California
Solano,2020-12-16,70,74,70,74,0,0,0,0,70,74,0,0,70,74,California
Solano,2020-12-17,171,245,171,245,0,0,0,0,171,245,0,0,171,245,California
Solano,2020-12-18,478,723,477,722,1,1,0,0,478,723,0,0,478,723,California
Solano,2020-12-19,522,1245,522,1244,0,1,0,0,522,1245,0,0,522,1245,California
Solano,2020-12-20,356,1601,354,1598,2,3,0,0,356,1601,0,0,356,1601,California
Solano,2020-12-21,575,2176,573,2171,2,5,0,0,575,2176,0,0,575,2176,California
Solano,2020-12-22,664,2840,631,2802,33,38,0,0,664,2840,0,0,664,2840,California
Solano,2020-12-23,863,3703,771,3573,92,130,0,0,862,3701,1,1,862,3702,California
Solano,2020-12-24,425,4128,171,3744,254,384,0,0,425,4126,0,1,425,4127,California
Solano,2020-12-25,9,4137,1,3745,8,392,0,0,9,4135,0,1,9,4136,California
Solano,2020-12-26,175,4312,48,3793,127,519,0,0,175,4310,0,1,175,4311,California
Solano,2020-12-27,106,4418,29,3822,77,596,0,0,106,4416,0,1,106,4417,California
Solano,2020-12-28,877,5295,432,4254,445,1041,0,0,877,5293,0,1,877,5294,California
Solano,2020-12-29,913,6208,376,4630,537,1578,0,0,913,6206,0,1,913,6207,California
Solano,2020-12-30,1241,7449,602,5232,639,2217,0,0,1241,7447,0,1,1241,7448,California
Solano,2020-12-31,546,7995,141,5373,405,2622,0,0,546,7993,0,1,546,7994,California
Solano,2021-01-01,14,8009,13,5386,1,2623,0,0,14,8007,0,1,14,8008,California
Solano,2021-01-02,219,8228,171,5557,48,2671,0,0,219,8226,0,1,219,8227,California
Solano,2021-01-03,56,8284,40,5597,16,2687,0,0,50,8276,0,1,50,8277,California
Solano,2021-01-04,450,8734,242,5839,208,2895,0,0,441,8715,2,3,441,8718,California
Solano,2021-01-05,734,9468,382,6221,352,3247,0,0,573,9132,156,159,573,9291,California
Solano,2021-01-06,850,10318,439,6660,411,3658,0,0,577,9438,271,430,577,9868,California
Solano,2021-01-07,1070,11388,684,7344,386,4044,0,0,594,9559,474,904,595,10463,California
Solano,2021-01-08,1152,12540,784,8128,368,4412,0,0,550,9527,584,1488,552,11015,California
Solano,2021-01-09,887,13427,763,8891,124,4536,0,0,428,9499,456,1944,428,11443,California
Solano,2021-01-10,254,13681,193,9084,61,4597,0,0,152,9549,102,2046,152,11595,California
Solano,2021-01-11,1336,15017,1123,10207,213,4810,0,0,817,9847,519,2565,817,12412,California
Solano,2021-01-12,1583,16600,1181,11388,402,5212,0,0,1026,10318,556,3121,1027,13439,California
Solano,2021-01-13,1469,18069,1007,12395,462,5674,0,0,1210,11271,257,3378,1210,14649,California
Solano,2021-01-14,1918,19987,832,13227,1086,6760,0,0,1599,12554,316,3694,1599,16248,California
Solano,2021-01-15,1722,21709,1065,14292,657,7417,0,0,1422,13676,300,3994,1422,17670,California
Solano,2021-01-16,1296,23005,905,15197,391,7808,0,0,1122,14624,174,4168,1122,18792,California
Solano,2021-01-17,1053,24058,756,15953,297,8105,0,0,1032,15636,21,4189,1033,19825,California
Solano,2021-01-18,1428,25486,855,16808,573,8678,0,0,1307,16822,121,4310,1307,21132,California
Solano,2021-01-19,1666,27152,1347,18155,319,8997,0,0,1390,17937,275,4585,1390,22522,California
Solano,2021-01-20,2061,29213,1428,19583,633,9630,0,0,1573,19025,485,5070,1573,24095,California
Solano,2021-01-21,3220,32433,1033,20616,2187,11817,0,0,2862,21531,358,5428,2864,26959,California
Solano,2021-01-22,1789,34222,859,21475,930,12747,0,0,1590,22923,199,5627,1591,28550,California
Solano,2021-01-23,744,34966,245,21720,499,13246,0,0,532,23243,213,5840,533,29083,California
Solano,2021-01-24,408,35374,63,21783,345,13591,0,0,340,23515,68,5908,340,29423,California
Solano,2021-01-25,1678,37052,630,22413,1048,14639,0,0,1118,24075,559,6467,1119,30542,California
Solano,2021-01-26,1806,38858,748,23161,1058,15697,0,0,1159,24588,647,7114,1160,31702,California
Solano,2021-01-27,1809,40667,719,23880,1090,16787,0,0,1193,25169,612,7726,1193,32895,California
Solano,2021-01-28,1983,42650,714,24594,1269,18056,0,0,1384,25956,598,8324,1385,34280,California
Solano,2021-01-29,1722,44372,777,25371,945,19001,0,0,1355,26947,364,8688,1355,35635,California
Solano,2021-01-30,930,45302,432,25803,498,19499,0,0,604,27226,326,9014,605,36240,California
Solano,2021-01-31,269,45571,177,25980,92,19591,0,0,173,27304,95,9109,173,36413,California
Solano,2021-02-01,1559,47130,1033,27013,526,20117,0,0,773,27294,783,9892,773,37186,California
Solano,2021-02-02,3384,50514,1103,28116,2281,22398,0,0,2565,29045,814,10706,2565,39751,California
Solano,2021-02-03,2277,52791,1314,29430,963,23361,0,0,1169,29109,1105,11811,1169,40920,California
Solano,2021-02-04,1813,54604,903,30333,910,24271,0,0,1081,29463,727,12538,1081,42001,California
Solano,2021-02-05,3124,57728,1422,31755,1702,25973,0,0,2110,30566,1007,13545,2110,44111,California
Solano,2021-02-06,3081,60809,1172,32927,1909,27882,0,0,2262,32013,815,14360,2262,46373,California
Solano,2021-02-07,845,61654,779,33706,66,27948,0,0,236,31641,608,14968,236,46609,California
Solano,2021-02-08,1772,63426,1243,34949,529,28477,0,0,722,31315,1048,16016,722,47331,California
Solano,2021-02-09,1960,65386,1494,36443,466,28943,0,0,702,30760,1257,17273,702,48033,California
Solano,2021-02-10,2290,67676,1508,37951,782,29725,0,0,821,30113,1468,18741,821,48854,California
Solano,2021-02-11,2546,70222,1500,39451,1046,30771,0,0,1201,29980,1334,20075,1201,50055,California
Solano,2021-02-12,4278,74500,1636,41087,2642,33413,0,0,2916,31542,1354,21429,2916,52971,California
Solano,2021-02-13,2897,77397,247,41334,2650,36063,0,0,2479,33607,414,21843,2479,55450,California
Solano,2021-02-14,734,78131,204,41538,530,36593,0,0,407,33690,325,22168,408,55858,California
Solano,2021-02-15,1272,79403,267,41805,1005,37598,0,0,653,33724,619,22787,653,56511,California
Solano,2021-02-16,2581,81984,1388,43193,1193,38791,0,0,1679,34503,901,23688,1680,58191,California
Solano,2021-02-17,3274,85258,1450,44643,1824,40615,0,0,2217,35667,1054,24742,2218,60409,California
Solano,2021-02-18,2921,88179,850,45493,2071,42686,0,0,859,34471,2055,26797,859,61268,California
Solano,2021-02-19,2494,90673,1468,46961,1026,43712,0,0,1180,34346,1307,28104,1182,62450,California
Solano,2021-02-20,2770,93443,392,47353,2378,46090,0,0,2247,36070,523,28627,2247,64697,California
Solano,2021-02-21,2339,95782,2011,49364,328,46418,0,0,2009,37754,325,28952,2009,66706,California
Solano,2021-02-22,1833,97615,1073,50437,760,47178,0,0,950,37826,879,29831,951,67657,California
Solano,2021-02-23,2978,100593,1156,51593,1822,49000,0,0,2011,38873,964,30795,2011,69668,California
Solano,2021-02-24,2552,103145,1272,52865,1280,50280,0,0,1411,39148,1137,31932,1412,71080,California
Solano,2021-02-25,2653,105798,1573,54438,1080,51360,0,0,1463,39426,1185,33117,1463,72543,California
Solano,2021-02-26,3552,109350,2277,56715,1275,52635,0,0,2102,40083,1445,34562,2102,74645,California
Solano,2021-02-27,3993,113343,1539,58254,2453,55088,1,1,3228,42558,754,35316,3229,77874,California
Solano,2021-02-28,1949,115292,1574,59828,374,55462,1,2,1618,43849,328,35644,1619,79493,California
Solano,2021-03-01,2752,118044,1227,61055,1524,56986,1,3,2077,45259,668,36312,2078,81571,California
Solano,2021-03-02,2317,120361,1410,62465,907,57893,0,3,1291,45525,1025,37337,1291,82862,California
Solano,2021-03-03,2269,122630,1277,63742,992,58885,0,3,1405,46077,854,38191,1406,84268,California
Solano,2021-03-04,4434,127064,3438,67180,994,59879,2,5,3170,47998,1254,39445,3175,87443,California
Solano,2021-03-05,4972,132036,1682,68862,3285,63164,5,10,3974,50990,987,40432,3979,91422,California
Solano,2021-03-06,3869,135905,835,69697,2995,66159,39,49,2648,52467,1210,41642,2687,94109,California
Solano,2021-03-07,3579,139484,760,70457,2810,68969,9,58,1952,52815,1614,43256,1962,96071,California
Solano,2021-03-08,2202,141686,1352,71809,581,69550,269,327,1631,54150,563,43819,1898,97969,California
Solano,2021-03-09,3243,144929,1568,73377,1620,71170,55,382,2335,55630,906,44725,2386,100355,California
Solano,2021-03-10,2439,147368,1761,75138,592,71762,86,468,1282,55844,1152,45877,1366,101721,California
Solano,2021-03-11,6054,153422,1763,76901,4038,75800,253,721,4995,60039,1054,46931,5249,106970,California
Solano,2021-03-12,6053,159475,1574,78475,4300,80100,179,900,3169,60514,2872,49803,3347,110317,California
Solano,2021-03-13,4619,164094,805,79280,3729,83829,85,985,2238,60467,2373,52176,2326,112643,California
Solano,2021-03-14,4023,168117,3137,82417,430,84259,456,1441,1557,60016,2461,54637,2010,114653,California
Solano,2021-03-15,4037,172154,2458,84875,1252,85511,327,1768,2520,61356,1505,56142,2845,117498,California
Solano,2021-03-16,3110,175264,1323,86198,1549,87060,238,2006,1575,61639,1529,57671,1812,119310,California
Solano,2021-03-17,6520,181784,1682,87880,4743,91803,95,2101,4946,65110,1570,59241,5041,124351,California
Solano,2021-03-18,5228,187012,1860,89740,3330,95133,38,2139,3748,67425,1472,60713,3787,128138,California
Solano,2021-03-19,3595,190607,2655,92395,864,95997,76,2215,1633,67182,1953,62666,1710,129848,California
Solano,2021-03-20,5590,196197,1681,94076,3855,99852,54,2269,2623,66905,2954,65620,2677,132525,California
Solano,2021-03-21,1699,197896,1591,95667,83,99935,25,2294,376,65988,1316,66936,399,132924,California
Solano,2021-03-22,2708,200604,2055,97722,602,100537,51,2345,1568,66470,1134,68070,1616,134540,California
Solano,2021-03-23,3571,204175,1687,99409,1840,102377,44,2389,1395,65739,2169,70239,1438,135978,California
Solano,2021-03-24,2842,207017,1777,101186,1030,103407,35,2424,1362,65661,1473,71712,1395,137373,California
Solano,2021-03-25,4899,211916,4010,105196,854,104261,35,2459,2278,65359,2615,74327,2313,139686,California
Solano,2021-03-26,3251,215167,2111,107307,1102,105363,38,2497,1743,65642,1498,75825,1781,141467,California
Solano,2021-03-27,4231,219398,1162,108469,3028,108391,41,2538,1663,64783,2561,78386,1702,143169,California
Solano,2021-03-28,1424,220822,1112,109581,294,108685,18,2556,539,64459,881,79267,557,143726,California
Solano,2021-03-29,3538,224360,2046,111627,1476,110161,16,2572,1543,64038,1981,81248,1560,145286,California
Solano,2021-03-30,3053,227413,2022,113649,939,111100,92,2664,1905,64887,1147,82395,1996,147282,California
Solano,2021-03-31,3157,230570,2147,115796,849,111949,161,2825,1847,65586,1305,83700,2004,149286,California
Solano,2021-04-01,5580,236150,2114,117910,3312,115261,154,2979,3521,67215,2046,85746,3675,152961,California
Solano,2021-04-02,6634,242784,2238,120148,4227,119488,169,3148,2552,65870,4063,89809,2718,155679,California
Solano,2021-04-03,1530,244314,968,121116,409,119897,153,3301,568,65630,960,90769,720,156399,California
Solano,2021-04-04,786,245100,288,121404,194,120091,304,3605,242,65636,540,91309,546,156945,California
Solano,2021-04-05,3014,248114,2062,123466,744,120835,208,3813,1515,65860,1497,92806,1721,158666,California
Solano,2021-04-06,6071,254185,1640,125106,3941,124776,490,4303,1636,63558,4426,97232,2124,160790,California
Solano,2021-04-07,5989,260174,4640,129746,946,125722,403,4706,3398,64787,2571,99803,3800,164590,California
Solano,2021-04-08,6505,266679,1802,131548,3829,129551,874,5580,1801,62780,4673,104476,2666,167256,California
Solano,2021-04-09,6319,272998,1662,133210,3807,133358,850,6430,1523,60376,4770,109246,2366,169622,California
Solano,2021-04-10,1758,274756,966,134176,454,133812,338,6768,812,60580,944,110190,1148,170770,California
Solano,2021-04-11,1242,275998,773,134949,337,134149,132,6900,639,60751,600,110790,771,171541,California
Solano,2021-04-12,3293,279291,1702,136651,1230,135379,361,7261,1344,60510,1943,112733,1702,173243,California
Solano,2021-04-13,2573,281864,1115,137766,1457,136836,1,7262,1332,60606,1237,113970,1333,174576,California
Solano,2021-04-14,6546,288410,1965,139731,4581,141417,0,7262,1851,57772,4686,118656,1852,176428,California
Solano,2021-04-15,5744,294154,2171,141902,3572,144989,1,7263,1746,55535,3984,122640,1747,178175,California
Solano,2021-04-16,3712,297866,2600,144502,1110,146099,2,7265,2298,56429,1406,124046,2300,180475,California
Solano,2021-04-17,3294,301160,1074,145576,2220,148319,0,7265,1127,55403,2155,126201,1129,181604,California
Solano,2021-04-18,1056,302216,658,146234,398,148717,0,7265,549,55446,506,126707,549,182153,California
Solano,2021-04-19,2160,304376,1173,147407,987,149704,0,7265,1171,55637,982,127689,1173,183326,California
Solano,2021-04-20,3084,307460,1889,149296,1195,150899,0,7265,1706,55971,1372,129061,1706,185032,California
Solano,2021-04-21,3894,311354,2409,151705,1485,152384,0,7265,2040,56166,1845,130906,2040,187072,California
Solano,2021-04-22,3047,314401,1527,153232,1520,153904,0,7265,1804,56732,1239,132145,1805,188877,California
Solano,2021-04-23,4220,318621,2143,155375,2077,155981,0,7265,2538,57595,1677,133822,2540,191417,California
Solano,2021-04-24,3896,322517,2346,157721,1548,157529,2,7267,2585,58957,1225,135047,2587,194004,California
Solano,2021-04-25,1433,323950,1118,158839,315,157844,0,7267,1134,59799,292,135339,1134,195138,California
Solano,2021-04-26,2619,326569,1701,160540,914,158758,4,7271,1447,60092,1158,136497,1451,196589,California
Solano,2021-04-27,2605,329174,1309,161849,1266,160024,30,7301,1477,60483,1117,137614,1508,198097,California
Solano,2021-04-28,6080,335254,5025,166874,1009,161033,46,7347,3806,62075,2259,139873,3851,201948,California
Solano,2021-04-29,4575,339829,1475,168349,3065,164098,35,7382,2067,61679,2498,142371,2102,204050,California
Solano,2021-04-30,4169,343998,2227,170576,1801,165899,141,7523,1940,61546,2213,144584,2080,206130,California
Solano,2021-05-01,2187,346185,1683,172259,304,166203,200,7723,1297,62159,884,145468,1497,207627,California
Solano,2021-05-02,1200,347385,941,173200,234,166437,25,7748,661,62311,534,146002,686,208313,California
Solano,2021-05-03,1465,348850,1017,174217,361,166798,87,7835,602,62141,860,146862,690,209003,California
Solano,2021-05-04,1828,350678,1071,175288,691,167489,66,7901,823,62027,1003,147865,889,209892,California
Solano,2021-05-05,2284,352962,1441,176729,730,168219,113,8014,1101,62060,1179,149044,1212,211104,California
Solano,2021-05-06,1991,354953,1192,177921,590,168809,209,8223,724,61730,1255,150299,925,212029,California
Solano,2021-05-07,2837,357790,1978,179899,739,169548,120,8343,986,60991,1843,152142,1104,213133,California
Solano,2021-05-08,1484,359274,939,180838,429,169977,116,8459,571,60769,909,153051,687,213820,California
Solano,2021-05-09,452,359726,275,181113,166,170143,11,8470,175,60682,274,153325,187,214007,California
Solano,2021-05-10,1370,361096,647,181760,616,170759,107,8577,389,60201,976,154301,495,214502,California
Solano,2021-05-11,2339,363435,1211,182971,1039,171798,89,8666,680,59316,1654,155955,769,215271,California
Solano,2021-05-12,2193,365628,1267,184238,751,172549,175,8841,729,58769,1449,157404,902,216173,California
Solano,2021-05-13,3079,368707,2122,186360,745,173294,212,9053,1628,59162,1447,158851,1840,218013,California
Solano,2021-05-14,2499,371206,1706,188066,671,173965,122,9175,1059,58911,1432,160283,1181,219194,California
Solano,2021-05-15,3412,374618,2760,190826,566,174531,86,9261,1298,58192,2102,162385,1383,220577,California
Solano,2021-05-16,1542,376160,1144,191970,365,174896,33,9294,277,57240,1261,163646,309,220886,California
Solano,2021-05-17,2459,378619,1413,193383,959,175855,87,9381,865,56614,1574,165220,948,221834,California
Solano,2021-05-18,2946,381565,1639,195022,1218,177073,89,9470,1468,56706,1465,166685,1557,223391,California
Solano,2021-05-19,5697,387262,4138,199160,1427,178500,132,9602,2170,55491,3517,170202,2302,225693,California
Solano,2021-05-20,2622,389884,1581,200741,978,179478,63,9665,941,54825,1670,171872,1004,226697,California
Solano,2021-05-21,3564,393448,1874,202615,1621,181099,69,9734,1368,54075,2187,174059,1437,228134,California
Solano,2021-05-22,2742,396190,2113,204728,535,181634,94,9828,1158,53749,1577,175636,1251,229385,California
Solano,2021-05-23,1409,397599,1165,205893,219,181853,25,9853,753,53874,653,176289,778,230163,California
Solano,2021-05-24,1885,399484,1090,206983,722,182575,73,9926,636,53341,1241,177530,708,230871,California
Solano,2021-05-25,1625,401109,823,207806,744,183319,58,9984,583,52947,1034,178564,640,231511,California
Solano,2021-05-26,1895,403004,1087,208893,751,184070,57,10041,705,52526,1185,179749,764,232275,California
Solano,2021-05-27,2133,405137,945,209838,1113,185183,75,10116,879,52236,1243,180992,953,233228,California
Solano,2021-05-28,2018,407155,1022,210860,940,186123,56,10172,759,51801,1251,182243,816,234044,California
Solano,2021-05-29,653,407808,322,211182,300,186423,31,10203,300,51781,350,182593,330,234374,California
Solano,2021-05-30,324,408132,155,211337,144,186567,25,10228,115,51715,206,182799,140,234514,California
Solano,2021-05-31,129,408261,20,211357,100,186667,9,10237,25,51645,104,182903,34,234548,California
Solano,2021-06-01,1839,410100,1182,212539,579,187246,78,10315,727,51344,1107,184010,806,235354,California
Solano,2021-06-02,1827,411927,1289,213828,472,187718,66,10381,925,51437,895,184905,988,236342,California
Solano,2021-06-03,2189,414116,1730,215558,376,188094,83,10464,705,50748,1478,186383,789,237131,California
Solano,2021-06-04,1653,415769,1148,216706,439,188533,66,10530,501,50167,1148,187531,567,237698,California
Solano,2021-06-05,1418,417187,1024,217730,343,188876,51,10581,469,49744,943,188474,520,238218,California
Solano,2021-06-06,673,417860,554,218284,87,188963,32,10613,362,49828,310,188784,394,238612,California
Solano,2021-06-07,1240,419100,950,219234,228,189191,62,10675,409,49472,827,189611,471,239083,California
Solano,2021-06-08,1834,420934,1326,220560,474,189665,34,10709,486,48649,1343,190954,520,239603,California
Solano,2021-06-09,2105,423039,1793,222353,251,189916,61,10770,667,47944,1432,192386,727,240330,California
Solano,2021-06-10,1242,424281,845,223198,323,190239,74,10844,396,47576,837,193223,469,240799,California
Solano,2021-06-11,1599,425880,1270,224468,263,190502,66,10910,587,47221,1007,194230,652,241451,California
Solano,2021-06-12,1204,427084,925,225393,218,190720,61,10971,206,46497,991,195221,267,241718,California
Solano,2021-06-13,610,427694,521,225914,80,190800,9,10980,111,46119,498,195719,120,241838,California
Solano,2021-06-14,1310,429004,928,226842,349,191149,33,11013,276,45400,1026,196745,307,242145,California
Solano,2021-06-15,1469,430473,931,227773,487,191636,51,11064,606,45201,856,197601,657,242802,California
Solano,2021-06-16,1162,431635,769,228542,323,191959,70,11134,396,44905,761,198362,465,243267,California
Solano,2021-06-17,1222,432857,936,229478,217,192176,69,11203,436,44637,772,199134,504,243771,California
Solano,2021-06-18,1177,434034,874,230352,237,192413,66,11269,441,44413,731,199865,507,244278,California
Solano,2021-06-19,423,434457,295,230647,100,192513,28,11297,161,44345,257,200122,189,244467,California
Solano,2021-06-20,183,434640,140,230787,36,192549,7,11304,85,44339,98,200220,92,244559,California
Solano,2021-06-21,630,435270,405,231192,162,192711,63,11367,395,44563,234,200454,458,245017,California
Solano,2021-06-22,1155,436425,872,232064,238,192949,45,11412,421,44299,730,201184,466,245483,California
Solano,2021-06-23,1405,437830,1160,233224,174,193123,71,11483,481,43932,918,202102,551,246034,California
Solano,2021-06-24,904,438734,686,233910,152,193275,66,11549,385,43868,514,202616,450,246484,California
Solano,2021-06-25,1036,439770,723,234633,245,193520,68,11617,481,43879,537,203153,548,247032,California
Solano,2021-06-26,560,440330,430,235063,93,193613,37,11654,220,43797,338,203491,256,247288,California
Solano,2021-06-27,440,440770,383,235446,55,193668,2,11656,157,43674,282,203773,159,247447,California
Solano,2021-06-28,967,441737,802,236248,130,193798,35,11691,392,43531,570,204343,427,247874,California
Solano,2021-06-29,844,442581,647,236895,144,193942,53,11744,378,43499,462,204805,430,248304,California
Solano,2021-06-30,813,443394,600,237495,169,194111,44,11788,369,43468,444,205249,413,248717,California
Solano,2021-07-01,536,443930,395,237890,82,194193,59,11847,185,43363,349,205598,244,248961,California
Sonoma,2020-12-15,4,4,4,4,0,0,0,0,4,4,0,0,4,4,California
Sonoma,2020-12-16,27,31,27,31,0,0,0,0,27,31,0,0,27,31,California
Sonoma,2020-12-17,111,142,111,142,0,0,0,0,111,142,0,0,111,142,California
Sonoma,2020-12-18,437,579,437,579,0,0,0,0,437,579,0,0,437,579,California
Sonoma,2020-12-19,111,690,110,689,1,1,0,0,111,690,0,0,111,690,California
Sonoma,2020-12-20,177,867,177,866,0,1,0,0,177,867,0,0,177,867,California
Sonoma,2020-12-21,908,1775,906,1772,2,3,0,0,907,1774,0,0,907,1774,California
Sonoma,2020-12-22,1356,3131,1265,3037,91,94,0,0,1356,3130,0,0,1356,3130,California
Sonoma,2020-12-23,1604,4735,1228,4265,376,470,0,0,1605,4735,0,0,1605,4735,California
Sonoma,2020-12-24,310,5045,103,4368,207,677,0,0,310,5045,0,0,310,5045,California
Sonoma,2020-12-25,9,5054,2,4370,7,684,0,0,9,5054,0,0,9,5054,California
Sonoma,2020-12-26,268,5322,257,4627,11,695,0,0,268,5322,0,0,268,5322,California
Sonoma,2020-12-27,94,5416,80,4707,14,709,0,0,94,5416,0,0,94,5416,California
Sonoma,2020-12-28,980,6396,546,5253,434,1143,0,0,953,6369,0,0,953,6369,California
Sonoma,2020-12-29,1136,7532,779,6032,357,1500,0,0,1102,7471,0,0,1102,7471,California
Sonoma,2020-12-30,1098,8630,482,6514,616,2116,0,0,1090,8561,0,0,1090,8561,California
Sonoma,2020-12-31,518,9148,69,6583,449,2565,0,0,519,9080,0,0,519,9080,California
Sonoma,2021-01-01,217,9365,102,6685,115,2680,0,0,217,9297,0,0,217,9297,California
Sonoma,2021-01-02,135,9500,128,6813,7,2687,0,0,135,9432,0,0,135,9432,California
Sonoma,2021-01-03,26,9526,10,6823,16,2703,0,0,26,9458,0,0,26,9458,California
Sonoma,2021-01-04,346,9872,108,6931,238,2941,0,0,345,9803,0,0,345,9803,California
Sonoma,2021-01-05,433,10305,100,7031,333,3274,0,0,407,10194,16,16,407,10210,California
Sonoma,2021-01-06,952,11257,432,7463,520,3794,0,0,837,10922,109,125,837,11047,California
Sonoma,2021-01-07,1039,12296,539,8002,500,4294,0,0,864,11612,174,299,864,11911,California
Sonoma,2021-01-08,1810,14106,1245,9247,565,4859,0,0,1327,12458,481,780,1327,13238,California
Sonoma,2021-01-09,641,14747,401,9648,240,5099,0,0,593,13003,48,828,593,13831,California
Sonoma,2021-01-10,471,15218,460,10108,11,5110,0,0,277,13086,194,1022,277,14108,California
Sonoma,2021-01-11,1388,16606,1239,11347,149,5259,0,0,417,12537,966,1988,417,14525,California
Sonoma,2021-01-12,1553,18159,1296,12643,257,5516,0,0,401,11788,1150,3138,401,14926,California
Sonoma,2021-01-13,2050,20209,1369,14012,681,6197,0,0,1182,12106,865,4003,1183,16109,California
Sonoma,2021-01-14,1541,21750,807,14819,734,6931,0,0,1313,13191,228,4231,1313,17422,California
Sonoma,2021-01-15,1566,23316,635,15454,931,7862,0,0,1342,14321,214,4445,1344,18766,California
Sonoma,2021-01-16,1153,24469,618,16072,535,8397,0,0,905,14982,244,4689,905,19671,California
Sonoma,2021-01-17,680,25149,558,16630,122,8519,0,0,600,15502,80,4769,600,20271,California
Sonoma,2021-01-18,1108,26257,938,17568,170,8689,0,0,618,15631,490,5259,619,20890,California
Sonoma,2021-01-19,2102,28359,1003,18571,1099,9788,0,0,1390,16312,710,5969,1391,22281,California
Sonoma,2021-01-20,2191,30550,712,19283,1479,11267,0,0,1516,17164,665,6634,1517,23798,California
Sonoma,2021-01-21,2321,32871,675,19958,1646,12913,0,0,2093,19032,226,6860,2094,25892,California
Sonoma,2021-01-22,2773,35644,1058,21016,1715,14628,0,0,2621,21502,151,7011,2621,28513,California
Sonoma,2021-01-23,768,36412,591,21607,177,14805,0,0,659,22053,108,7119,659,29172,California
Sonoma,2021-01-24,853,37265,715,22322,138,14943,0,0,834,22868,19,7138,834,30006,California
Sonoma,2021-01-25,2195,39460,533,22855,1662,16605,0,0,1703,24079,492,7630,1703,31709,California
Sonoma,2021-01-26,2064,41524,307,23162,1757,18362,0,0,1596,25208,467,8097,1596,33305,California
Sonoma,2021-01-27,3749,45273,1279,24441,2470,20832,0,0,3164,27792,582,8679,3166,36471,California
Sonoma,2021-01-28,4131,49404,1838,26279,2293,23125,0,0,3443,30552,685,9364,3445,39916,California
Sonoma,2021-01-29,3023,52427,1421,27700,1602,24727,0,0,2172,31877,849,10213,2174,42090,California
Sonoma,2021-01-30,2598,55025,2402,30102,196,24923,0,0,2250,33782,346,10559,2251,44341,California
Sonoma,2021-01-31,797,55822,681,30783,116,25039,0,0,565,34116,231,10790,565,44906,California
Sonoma,2021-02-01,2503,58325,860,31643,1643,26682,0,0,2110,35837,389,11179,2110,47016,California
Sonoma,2021-02-02,3615,61940,1397,33040,2218,28900,0,0,3027,38279,585,11764,3027,50043,California
Sonoma,2021-02-03,4076,66016,1330,34370,2746,31646,0,0,3127,40461,945,12709,3127,53170,California
Sonoma,2021-02-04,4257,70273,1750,36120,2507,34153,0,0,3449,43106,805,13514,3450,56620,California
Sonoma,2021-02-05,4863,75136,1761,37881,3102,37255,0,0,3793,45835,1065,14579,3794,60414,California
Sonoma,2021-02-06,2666,77802,2299,40180,367,37622,0,0,2124,47419,540,15119,2124,62538,California
Sonoma,2021-02-07,1557,79359,1420,41600,137,37759,0,0,1294,48450,263,15382,1294,63832,California
Sonoma,2021-02-08,3292,82651,1041,42641,2251,40010,0,0,2689,50538,601,15983,2689,66521,California
Sonoma,2021-02-09,3600,86251,1715,44356,1885,41895,0,0,3113,53167,485,16468,3114,69635,California
Sonoma,2021-02-10,4596,90847,2508,46864,2088,43983,0,0,3570,55719,1019,17487,3571,73206,California
Sonoma,2021-02-11,5633,96480,3040,49904,2593,46576,0,0,4350,58790,1279,18766,4350,77556,California
Sonoma,2021-02-12,5972,102452,3289,53193,2683,49259,0,0,4513,61855,1452,20218,4517,82073,California
Sonoma,2021-02-13,2011,104463,1160,54353,851,50110,0,0,1204,62255,804,21022,1204,83277,California
Sonoma,2021-02-14,2338,106801,1833,56186,505,50615,0,0,1581,63083,753,21775,1581,84858,California
Sonoma,2021-02-15,2146,108947,790,56976,1356,51971,0,0,1599,64135,547,22322,1599,86457,California
Sonoma,2021-02-16,4991,113938,2131,59107,2860,54831,0,0,3711,66572,1276,23598,3713,90170,California
Sonoma,2021-02-17,5655,119593,2934,62041,2721,57552,0,0,3569,68071,2072,25670,3571,93741,California
Sonoma,2021-02-18,7016,126609,3166,65207,3850,61402,0,0,4021,69117,2976,28646,4022,97763,California
Sonoma,2021-02-19,5653,132262,1722,66929,3931,65333,0,0,3495,70466,2148,30794,3497,101260,California
Sonoma,2021-02-20,3155,135417,2856,69785,299,65632,0,0,1233,69785,1914,32708,1233,102493,California
Sonoma,2021-02-21,558,135975,442,70227,116,65748,0,0,148,69529,404,33112,148,102641,California
Sonoma,2021-02-22,3016,138991,1416,71643,1600,67348,0,0,1237,69001,1765,34877,1237,103878,California
Sonoma,2021-02-23,3476,142467,2135,73778,1341,68689,0,0,1634,68801,1834,36711,1634,105512,California
Sonoma,2021-02-24,5751,148218,2579,76357,3172,71861,0,0,2936,68934,2804,39515,2937,108449,California
Sonoma,2021-02-25,6019,154237,2357,78714,3662,75523,0,0,3226,69395,2765,42280,3226,111675,California
Sonoma,2021-02-26,6647,160884,2929,81643,3718,79241,0,0,4213,71184,2424,44704,4213,115888,California
Sonoma,2021-02-27,4234,165118,1963,83606,2271,81512,0,0,2838,72631,1391,46095,2838,118726,California
Sonoma,2021-02-28,2506,167624,1854,85460,651,82163,1,1,756,71649,1739,47834,757,119483,California
Sonoma,2021-03-01,4147,171771,1326,86786,2820,84983,1,2,2167,71856,1962,49796,2169,121652,California
Sonoma,2021-03-02,4439,176210,1531,88317,2906,87889,2,4,2551,72532,1877,51673,2553,124205,California
Sonoma,2021-03-03,5093,181303,2646,90963,2447,90336,0,4,2332,72118,2746,54419,2332,126537,California
Sonoma,2021-03-04,5981,187284,2688,93651,3293,93629,0,4,2582,71317,3383,57802,2582,129119,California
Sonoma,2021-03-05,6505,193789,2868,96519,3622,97251,15,19,2737,70323,3748,61550,2754,131873,California
Sonoma,2021-03-06,2809,196598,1229,97748,1442,98693,138,157,1927,71515,872,62422,2064,133937,California
Sonoma,2021-03-07,1737,198335,1400,99148,300,98993,37,194,398,70614,1336,63758,435,134372,California
Sonoma,2021-03-08,4090,202425,664,99812,3252,102245,174,368,2390,71490,1686,65444,2562,136934,California
Sonoma,2021-03-09,5625,208050,3100,102912,2256,104501,269,637,2703,71542,2907,68351,2959,139893,California
Sonoma,2021-03-10,6053,214103,3213,106125,2490,106991,350,987,2432,70720,3601,71952,2779,142672,California
Sonoma,2021-03-11,7567,221670,3028,109153,3717,110708,822,1809,2549,69093,4996,76948,3369,146041,California
Sonoma,2021-03-12,7434,229104,2270,111423,3799,114507,1365,3174,2057,67163,5346,82294,3416,149457,California
Sonoma,2021-03-13,3464,232568,1716,113139,1508,116015,240,3414,2019,67976,1441,83735,2254,151711,California
Sonoma,2021-03-14,1398,233966,388,113527,868,116883,142,3556,851,68425,544,84279,993,152704,California
Sonoma,2021-03-15,5262,239228,1521,115048,3355,120238,386,3942,2176,67920,3065,87344,2560,155264,California
Sonoma,2021-03-16,6333,245561,2273,117321,3831,124069,229,4171,2897,67619,3425,90769,3124,158388,California
Sonoma,2021-03-17,6806,252367,3550,120871,3077,127146,179,4350,3279,67566,3509,94278,3456,161844,California
Sonoma,2021-03-18,7167,259534,2956,123827,3595,130741,616,4966,3117,67260,4034,98312,3728,165572,California
Sonoma,2021-03-19,7529,267063,3261,127088,4039,134780,229,5195,3053,66102,4444,102756,3286,168858,California
Sonoma,2021-03-20,3735,270798,1765,128853,1144,135924,826,6021,2016,67229,1710,104466,2837,171695,California
Sonoma,2021-03-21,1402,272200,615,129468,752,136676,35,6056,1211,68290,185,104651,1246,172941,California
Sonoma,2021-03-22,4588,276788,3123,132591,1366,138042,99,6155,3337,70483,1244,105895,3437,176378,California
Sonoma,2021-03-23,5876,282664,3642,136233,2161,140203,73,6228,4420,73533,1444,107339,4494,180872,California
Sonoma,2021-03-24,6842,289506,4285,140518,2482,142685,75,6303,4160,75107,2659,109998,4233,185105,California
Sonoma,2021-03-25,7145,296651,4205,144723,2828,145513,112,6415,4288,76681,2828,112826,4402,189507,California
Sonoma,2021-03-26,7478,304129,3474,148197,3907,149420,97,6512,3812,76950,3639,116465,3908,193415,California
Sonoma,2021-03-27,3868,307997,1517,149714,1988,151408,363,6875,993,75443,2860,119325,1353,194768,California
Sonoma,2021-03-28,1515,309512,950,150664,537,151945,28,6903,796,75551,715,120040,823,195591,California
Sonoma,2021-03-29,2991,312503,1110,151774,1848,153793,33,6936,1546,75696,1434,121474,1579,197170,California
Sonoma,2021-03-30,5927,318430,3231,155005,2633,156426,63,6999,3101,76044,2816,124290,3164,200334,California
Sonoma,2021-03-31,5750,324180,3419,158424,2115,158541,216,7215,3347,77221,2385,126675,3562,203896,California
Sonoma,2021-04-01,6966,331146,4074,162498,2547,161088,345,7560,3778,78175,3158,129833,4112,208008,California
Sonoma,2021-04-02,5978,337124,3581,166079,2286,163374,111,7671,3577,79475,2387,132220,3687,211695,California
Sonoma,2021-04-03,3740,340864,1827,167906,1685,165059,228,7899,1676,79327,2047,134267,1899,213594,California
Sonoma,2021-04-04,1070,341934,695,168601,284,165343,91,7990,648,79649,417,134684,739,214333,California
Sonoma,2021-04-05,4455,346389,664,169265,3444,168787,347,8337,1673,78895,2774,137458,2020,216353,California
Sonoma,2021-04-06,6937,353326,3514,172779,3011,171798,412,8749,4030,80443,2891,140349,4439,220792,California
Sonoma,2021-04-07,6866,360192,3881,176660,2138,173936,847,9596,3344,81121,3505,143854,4183,224975,California
Sonoma,2021-04-08,7686,367878,4158,180818,2752,176688,776,10372,4204,82626,3469,147323,4974,229949,California
Sonoma,2021-04-09,6868,374746,3832,184650,2143,178831,893,11265,3528,83714,3326,150649,4414,234363,California
Sonoma,2021-04-10,3923,378669,1709,186359,1653,180484,561,11826,1154,82666,2756,153405,1708,236071,California
Sonoma,2021-04-11,1295,379964,613,186972,600,181084,82,11908,442,82339,851,154256,524,236595,California
Sonoma,2021-04-12,4974,384938,2069,189041,2418,183502,487,12395,1849,81561,3107,157363,2329,238924,California
Sonoma,2021-04-13,7952,392890,4681,193722,3267,186769,4,12399,3054,79735,4883,162246,3057,241981,California
Sonoma,2021-04-14,6707,399597,3788,197510,2898,189667,21,12420,2576,78213,4117,166363,2595,244576,California
Sonoma,2021-04-15,7547,407144,4286,201796,3260,192927,1,12421,3661,78006,3869,170232,3662,248238,California
Sonoma,2021-04-16,6939,414083,3466,205262,3471,196398,2,12423,3919,78919,3009,173241,3922,252160,California
Sonoma,2021-04-17,3545,417628,1834,207096,1711,198109,0,12423,1692,78778,1834,175075,1693,253853,California
Sonoma,2021-04-18,1410,419038,1009,208105,401,198510,0,12423,540,78450,868,175943,540,254393,California
Sonoma,2021-04-19,3443,422481,1893,209998,1549,200059,1,12424,1529,78073,1907,177850,1530,255923,California
Sonoma,2021-04-20,6409,428890,3536,213534,2873,202932,0,12424,2388,76456,4007,181857,2390,258313,California
Sonoma,2021-04-21,6845,435735,4357,217891,2486,205418,2,12426,3133,75902,3688,185545,3134,261447,California
Sonoma,2021-04-22,6476,442211,4524,222415,1951,207369,1,12427,2615,74675,3842,189387,2615,264062,California
Sonoma,2021-04-23,7572,449783,4670,227085,2895,210264,7,12434,3689,74504,3868,193255,3697,267759,California
Sonoma,2021-04-24,2788,452571,1515,228600,1259,211523,14,12448,1549,74834,1233,194488,1563,269322,California
Sonoma,2021-04-25,1086,453657,789,229389,297,211820,0,12448,431,74613,652,195140,431,269753,California
Sonoma,2021-04-26,2999,456656,1435,230824,1536,213356,28,12476,1625,74901,1365,196505,1653,271406,California
Sonoma,2021-04-27,5533,462189,3737,234561,1672,215028,124,12600,2241,73985,3280,199785,2364,273770,California
Sonoma,2021-04-28,4933,467122,3232,237793,1501,216529,200,12800,2020,73308,2892,202677,2215,275985,California
Sonoma,2021-04-29,5117,472239,3602,241395,1371,217900,144,12944,1914,72179,3187,205864,2058,278043,California
Sonoma,2021-04-30,5565,477804,3630,245025,1640,219540,295,13239,1826,70578,3721,209585,2120,280163,California
Sonoma,2021-05-01,2530,480334,1790,246815,632,220172,108,13347,1197,70556,1322,210907,1300,281463,California
Sonoma,2021-05-02,873,481207,651,247466,171,220343,51,13398,555,70845,318,211225,607,282070,California
Sonoma,2021-05-03,3265,484472,1685,249151,1428,221771,152,13550,1072,69887,2180,213405,1222,283292,California
Sonoma,2021-05-04,4623,489095,2414,251565,2027,223798,182,13732,1456,68375,3144,216549,1632,284924,California
Sonoma,2021-05-05,3721,492816,2190,253755,1337,225135,194,13926,1320,67503,2384,218933,1512,286436,California
Sonoma,2021-05-06,4599,497415,2422,256177,2050,227185,127,14053,1311,65712,3226,222159,1435,287871,California
Sonoma,2021-05-07,3642,501057,2327,258504,1192,228377,123,14176,1090,64386,2539,224698,1213,289084,California
Sonoma,2021-05-08,1936,502993,1295,259799,549,228926,92,14268,680,63916,1242,225940,772,289856,California
Sonoma,2021-05-09,500,503493,284,260083,175,229101,41,14309,158,63778,337,226277,199,290055,California
Sonoma,2021-05-10,2364,505857,1042,261125,1189,230290,133,14442,295,62152,2051,228328,425,290480,California
Sonoma,2021-05-11,3602,509459,1941,263066,1539,231829,122,14564,878,60447,2705,231033,1000,291480,California
Sonoma,2021-05-12,4077,513536,2498,265564,1427,233256,152,14716,849,58231,3216,234249,1000,292480,California
Sonoma,2021-05-13,4970,518506,2844,268408,1996,235252,130,14846,1656,56714,3301,237550,1784,294264,California
Sonoma,2021-05-14,5848,524354,3606,272014,2105,237357,137,14983,2212,55443,3621,241171,2350,296614,California
Sonoma,2021-05-15,2990,527344,2200,274214,727,238084,63,15046,1872,56269,1109,242280,1935,298549,California
Sonoma,2021-05-16,1351,528695,1133,275347,159,238243,59,15105,996,56974,350,242630,1055,299604,California
Sonoma,2021-05-17,2444,531139,1815,277162,534,238777,95,15200,888,56404,1551,244181,981,300585,California
Sonoma,2021-05-18,4338,535477,2863,280025,1366,240143,109,15309,1463,55119,2856,247037,1571,302156,California
Sonoma,2021-05-19,3877,539354,2420,282445,1342,241485,115,15424,1483,54339,2378,249415,1598,303754,California
Sonoma,2021-05-20,3426,542780,2245,284690,1087,242572,94,15518,1331,53675,2083,251498,1419,305173,California
Sonoma,2021-05-21,4254,547034,2389,287079,1736,244308,129,15647,1502,52562,2729,254227,1616,306789,California
Sonoma,2021-05-22,2350,549384,1291,288370,1019,245327,40,15687,668,51602,1668,255895,708,307497,California
Sonoma,2021-05-23,1502,550886,1222,289592,262,245589,18,15705,774,51671,723,256618,792,308289,California
Sonoma,2021-05-24,2018,552904,1257,290849,627,246216,134,15839,661,51137,1329,257947,795,309084,California
Sonoma,2021-05-25,2943,555847,1800,292649,1055,247271,88,15927,740,49774,2189,260136,826,309910,California
Sonoma,2021-05-26,2490,558337,1734,294383,645,247916,111,16038,1000,49408,1475,261611,1109,311019,California
Sonoma,2021-05-27,2075,560412,1137,295520,841,248757,97,16135,684,48804,1382,262993,778,311797,California
Sonoma,2021-05-28,2188,562600,1127,296647,968,249725,93,16228,621,47962,1556,264549,714,312511,California
Sonoma,2021-05-29,1353,563953,923,297570,362,250087,68,16296,641,47969,702,265251,709,313220,California
Sonoma,2021-05-30,346,564299,213,297783,122,250209,11,16307,138,47915,202,265453,148,313368,California
Sonoma,2021-05-31,70,564369,26,297809,43,250252,1,16308,17,47880,53,265506,18,313386,California
Sonoma,2021-06-01,1942,566311,1113,298922,753,251005,76,16384,696,47415,1233,266739,768,314154,California
Sonoma,2021-06-02,1590,567901,975,299897,499,251504,116,16500,659,47262,926,267665,773,314927,California
Sonoma,2021-06-03,2009,569910,1385,301282,545,252049,79,16579,439,46218,1561,269226,517,315444,California
Sonoma,2021-06-04,2709,572619,2205,303487,396,252445,108,16687,514,44654,2185,271411,621,316065,California
Sonoma,2021-06-05,1817,574436,1493,304980,293,252738,31,16718,274,43421,1538,272949,305,316370,California
Sonoma,2021-06-06,1013,575449,936,305916,68,252806,9,16727,143,42706,867,273816,152,316522,California
Sonoma,2021-06-07,1485,576934,1243,307159,187,252993,55,16782,330,41941,1147,274963,382,316904,California
Sonoma,2021-06-08,1899,578833,1525,308684,326,253319,48,16830,531,41162,1356,276319,577,317481,California
Sonoma,2021-06-09,1651,580484,1363,310047,226,253545,62,16892,389,40365,1248,277567,451,317932,California
Sonoma,2021-06-10,1833,582317,1505,311552,224,253769,104,16996,553,39753,1267,278834,655,318587,California
Sonoma,2021-06-11,1996,584313,1631,313183,273,254042,92,17088,542,38940,1447,280281,634,319221,California
Sonoma,2021-06-12,1127,585440,890,314073,191,254233,46,17134,348,38564,771,281052,395,319616,California
Sonoma,2021-06-13,556,585996,467,314540,70,254303,19,17153,105,38237,450,281502,123,319739,California
Sonoma,2021-06-14,951,586947,678,315218,214,254517,59,17212,342,38038,600,282102,401,320140,California
Sonoma,2021-06-15,1849,588796,1382,316600,359,254876,108,17320,607,37520,1232,283334,714,320854,California
Sonoma,2021-06-16,1577,590373,1215,317815,261,255137,101,17421,501,37051,1069,284403,600,321454,California
Sonoma,2021-06-17,1040,591413,788,318603,172,255309,80,17501,410,36915,625,285028,489,321943,California
Sonoma,2021-06-18,1074,592487,773,319376,199,255508,102,17603,451,36852,613,285641,550,322493,California
Sonoma,2021-06-19,835,593322,690,320066,106,255614,39,17642,275,36608,557,286198,313,322806,California
Sonoma,2021-06-20,241,593563,199,320265,36,255650,6,17648,82,36539,157,286355,88,322894,California
Sonoma,2021-06-21,539,594102,306,320571,156,255806,77,17725,255,36600,271,286626,332,323226,California
Sonoma,2021-06-22,1249,595351,987,321558,171,255977,91,17816,583,36610,661,287287,671,323897,California
Sonoma,2021-06-23,1220,596571,941,322499,195,256172,84,17900,477,36435,736,288023,561,324458,California
Sonoma,2021-06-24,950,597521,634,323133,216,256388,100,18000,418,36429,523,288546,517,324975,California
Sonoma,2021-06-25,1193,598714,915,324048,197,256585,81,18081,518,36372,654,289200,597,325572,California
Sonoma,2021-06-26,688,599402,492,324540,115,256700,81,18162,331,36428,355,289555,411,325983,California
Sonoma,2021-06-27,193,599595,158,324698,24,256724,11,18173,101,36449,91,289646,112,326095,California
Sonoma,2021-06-28,708,600303,569,325267,82,256806,57,18230,309,36416,398,290044,365,326460,California
Sonoma,2021-06-29,937,601240,726,325993,161,256967,50,18280,399,36330,535,290579,449,326909,California
Sonoma,2021-06-30,861,602101,667,326660,157,257124,37,18317,375,36261,480,291059,411,327320,California
Sonoma,2021-07-01,834,602935,685,327345,90,257214,59,18376,359,36206,471,291530,416,327736,California
Stanislaus,2020-12-15,5,5,5,5,0,0,0,0,5,5,0,0,5,5,California
Stanislaus,2020-12-16,39,44,39,44,0,0,0,0,39,44,0,0,39,44,California
Stanislaus,2020-12-17,74,118,74,118,0,0,0,0,74,118,0,0,74,118,California
Stanislaus,2020-12-18,342,460,336,454,6,6,0,0,342,460,0,0,342,460,California
Stanislaus,2020-12-19,133,593,133,587,0,6,0,0,133,593,0,0,133,593,California
Stanislaus,2020-12-20,87,680,87,674,0,6,0,0,87,680,0,0,87,680,California
Stanislaus,2020-12-21,998,1678,997,1671,1,7,0,0,997,1677,1,1,998,1678,California
Stanislaus,2020-12-22,796,2474,784,2455,12,19,0,0,796,2473,0,1,796,2474,California
Stanislaus,2020-12-23,450,2924,431,2886,19,38,0,0,449,2922,1,2,450,2924,California
Stanislaus,2020-12-24,98,3022,89,2975,9,47,0,0,98,3020,0,2,98,3022,California
Stanislaus,2020-12-26,53,3075,9,2984,44,91,0,0,53,3073,0,2,53,3075,California
Stanislaus,2020-12-27,11,3086,6,2990,5,96,0,0,11,3084,0,2,11,3086,California
Stanislaus,2020-12-28,490,3576,396,3386,94,190,0,0,490,3574,0,2,490,3576,California
Stanislaus,2020-12-29,500,4076,415,3801,85,275,0,0,500,4074,0,2,500,4076,California
Stanislaus,2020-12-30,538,4614,281,4082,257,532,0,0,537,4610,1,3,537,4613,California
Stanislaus,2020-12-31,283,4897,159,4241,124,656,0,0,283,4893,0,3,283,4896,California
Stanislaus,2021-01-01,18,4915,7,4248,11,667,0,0,18,4911,0,3,18,4914,California
Stanislaus,2021-01-02,34,4949,26,4274,8,675,0,0,34,4945,0,3,34,4948,California
Stanislaus,2021-01-03,90,5039,87,4361,3,678,0,0,90,5035,0,3,90,5038,California
Stanislaus,2021-01-04,233,5272,153,4514,80,758,0,0,233,5268,0,3,233,5271,California
Stanislaus,2021-01-05,854,6126,358,4872,496,1254,0,0,827,6078,26,29,836,6107,California
Stanislaus,2021-01-06,1012,7138,607,5479,405,1659,0,0,935,6945,74,103,941,7048,California
Stanislaus,2021-01-07,1084,8222,706,6185,378,2037,0,0,890,7650,189,292,894,7942,California
Stanislaus,2021-01-08,1299,9521,736,6921,563,2600,0,0,951,8263,345,637,958,8900,California
Stanislaus,2021-01-09,290,9811,144,7065,146,2746,0,0,201,8375,89,726,201,9101,California
Stanislaus,2021-01-10,49,9860,22,7087,27,2773,0,0,29,8384,20,746,29,9130,California
Stanislaus,2021-01-11,1511,11371,1226,8313,285,3058,0,0,574,8047,930,1676,593,9723,California
Stanislaus,2021-01-12,1486,12857,870,9183,616,3674,0,0,835,8253,647,2323,853,10576,California
Stanislaus,2021-01-13,1457,14314,692,9875,765,4439,0,0,1126,9065,330,2653,1142,11718,California
Stanislaus,2021-01-14,2271,16585,289,10164,1982,6421,0,0,2075,11036,193,2846,2164,13882,California
Stanislaus,2021-01-15,2860,19445,1174,11338,1686,8107,0,0,2686,13649,169,3015,2782,16664,California
Stanislaus,2021-01-16,473,19918,50,11388,423,8530,0,0,454,14087,18,3033,456,17120,California
Stanislaus,2021-01-17,244,20162,202,11590,42,8572,0,0,237,14318,6,3039,237,17357,California
Stanislaus,2021-01-18,2213,22375,1032,12622,1181,9753,0,0,1810,15815,398,3437,1895,19252,California
Stanislaus,2021-01-19,1271,23646,727,13349,544,10297,0,0,821,16191,446,3883,822,20074,California
Stanislaus,2021-01-20,1033,24679,493,13842,540,10837,0,0,738,16636,293,4176,738,20812,California
Stanislaus,2021-01-21,3735,28414,2998,16840,737,11574,0,0,3377,19789,354,4530,3507,24319,California
Stanislaus,2021-01-22,1117,29531,313,17153,804,12378,0,0,1071,20821,42,4572,1074,25393,California
Stanislaus,2021-01-23,379,29910,43,17196,336,12714,0,0,320,21084,58,4630,321,25714,California
Stanislaus,2021-01-24,315,30225,99,17295,216,12930,0,0,248,21268,67,4697,251,25965,California
Stanislaus,2021-01-25,3202,33427,232,17527,2970,15900,0,0,2847,23968,319,5016,3019,28984,California
Stanislaus,2021-01-26,1754,35181,751,18278,1003,16903,0,0,1304,24850,442,5458,1324,30308,California
Stanislaus,2021-01-27,1936,37117,1069,19347,867,17770,0,0,1216,25399,669,6127,1218,31526,California
Stanislaus,2021-01-28,2241,39358,1531,20878,710,18480,0,0,1734,26708,497,6624,1806,33332,California
Stanislaus,2021-01-29,2491,41849,1218,22096,1273,19753,0,0,1933,28196,504,7128,1992,35324,California
Stanislaus,2021-01-30,298,42147,132,22228,166,19919,0,0,230,28370,56,7184,230,35554,California
Stanislaus,2021-01-31,374,42521,319,22547,55,19974,0,0,357,28713,14,7198,357,35911,California
Stanislaus,2021-02-01,1346,43867,585,23132,761,20735,0,0,979,29340,353,7551,980,36891,California
Stanislaus,2021-02-02,1265,45132,349,23481,916,21651,0,0,822,29735,431,7982,826,37717,California
Stanislaus,2021-02-03,2684,47816,1238,24719,1446,23097,0,0,1977,31026,702,8684,1993,39710,California
Stanislaus,2021-02-04,2136,49952,719,25438,1417,24514,0,0,1612,32136,512,9196,1622,41332,California
Stanislaus,2021-02-05,2893,52845,1485,26923,1408,25922,0,0,1613,32557,1209,10405,1630,42962,California
Stanislaus,2021-02-06,892,53737,302,27225,590,26512,0,0,698,33066,191,10596,700,43662,California
Stanislaus,2021-02-07,234,53971,208,27433,26,26538,0,0,45,32927,185,10781,46,43708,California
Stanislaus,2021-02-08,2087,56058,1355,28788,732,27270,0,0,1130,33173,913,11694,1159,44867,California
Stanislaus,2021-02-09,1873,57931,792,29580,1081,28351,0,0,1065,33471,779,12473,1077,45944,California
Stanislaus,2021-02-10,1981,59912,548,30128,1433,29784,0,0,1045,33610,908,13381,1047,46991,California
Stanislaus,2021-02-11,5460,65372,3291,33419,2169,31953,0,0,1239,30900,3956,17337,1246,48237,California
Stanislaus,2021-02-12,3346,68718,928,34347,2418,34371,0,0,1471,30601,1783,19120,1484,49721,California
Stanislaus,2021-02-13,1386,70104,679,35026,707,35078,0,0,1009,31246,369,19489,1014,50735,California
Stanislaus,2021-02-14,426,70530,171,35197,255,35333,0,0,353,31529,70,19559,353,51088,California
Stanislaus,2021-02-15,1838,72368,235,35432,1603,36936,0,0,587,30991,1130,20689,592,51680,California
Stanislaus,2021-02-16,1380,73748,428,35860,952,37888,0,0,581,30789,785,21474,583,52263,California
Stanislaus,2021-02-17,2798,76546,1719,37579,1079,38967,0,0,1923,31864,866,22340,1941,54204,California
Stanislaus,2021-02-18,3416,79962,1931,39510,1485,40452,0,0,1777,32154,1539,23879,1829,56033,California
Stanislaus,2021-02-19,2830,82792,1113,40623,1717,42169,0,0,1535,32472,1240,25119,1558,57591,California
Stanislaus,2021-02-20,766,83558,387,41010,379,42548,0,0,471,32670,274,25393,472,58063,California
Stanislaus,2021-02-21,916,84474,699,41709,217,42765,0,0,535,32863,355,25748,548,58611,California
Stanislaus,2021-02-22,2386,86860,1711,43420,675,43440,0,0,1634,33767,731,26479,1635,60246,California
Stanislaus,2021-02-23,3766,90626,680,44100,3086,46526,0,0,1723,33646,1855,28334,1734,61980,California
Stanislaus,2021-02-24,4234,94860,2882,46982,1352,47878,0,0,3123,35689,1085,29419,3128,65108,California
Stanislaus,2021-02-25,3996,98856,2748,49730,1248,49126,0,0,3168,38055,806,30225,3172,68280,California
Stanislaus,2021-02-26,4255,103111,1226,50956,3029,52155,0,0,2839,39552,1354,31579,2851,71131,California
Stanislaus,2021-02-27,2106,105217,716,51672,1389,53544,1,1,1868,41215,207,31786,1870,73001,California
Stanislaus,2021-02-28,837,106054,269,51941,568,54112,0,1,779,41949,46,31832,780,73781,California
Stanislaus,2021-03-01,3141,109195,1668,53609,1468,55580,5,6,1662,42200,1427,33259,1678,75459,California
Stanislaus,2021-03-02,2426,111621,1449,55058,976,56556,1,7,1671,43137,737,33996,1674,77133,California
Stanislaus,2021-03-03,3760,115381,2268,57326,1488,58044,4,11,2927,45256,812,34808,2931,80064,California
Stanislaus,2021-03-04,5491,120872,3141,60467,2333,60377,17,28,4215,48249,1234,36042,4227,84291,California
Stanislaus,2021-03-05,4136,125008,1147,61614,2973,63350,16,44,3120,50401,983,37025,3135,87426,California
Stanislaus,2021-03-06,3610,128618,2247,63861,1270,64620,93,137,2748,52388,856,37881,2843,90269,California
Stanislaus,2021-03-07,859,129477,391,64252,431,65051,37,174,667,52906,186,38067,704,90973,California
Stanislaus,2021-03-08,2034,131511,887,65139,1058,66109,89,263,1348,53678,665,38732,1437,92410,California
Stanislaus,2021-03-09,2699,134210,1022,66161,1585,67694,92,355,1646,54381,1039,39771,1742,94152,California
Stanislaus,2021-03-10,5575,139785,2724,68885,2622,70316,229,584,3765,56602,1783,41554,4004,98156,California
Stanislaus,2021-03-11,6202,145987,3381,72266,2340,72656,481,1065,4148,59369,1866,43420,4633,102789,California
Stanislaus,2021-03-12,6327,152314,1379,73645,3019,75675,1929,2994,2942,60885,3350,46770,4866,107655,California
Stanislaus,2021-03-13,3749,156063,2342,75987,1336,77011,71,3065,2835,62891,906,47676,2912,110567,California
Stanislaus,2021-03-14,1002,157065,596,76583,351,77362,55,3120,495,62940,502,48178,551,111118,California
Stanislaus,2021-03-15,3824,160889,1994,78577,1468,78830,362,3482,1654,62891,2070,50248,2021,113139,California
Stanislaus,2021-03-16,5121,166010,2515,81092,2168,80998,438,3920,3676,65583,1419,51667,4111,117250,California
Stanislaus,2021-03-17,4951,170961,2945,84037,1827,82825,179,4099,2983,66820,1929,53596,3166,120416,California
Stanislaus,2021-03-18,5584,176545,3463,87500,2051,84876,70,4169,3052,67569,2376,55972,3125,123541,California
Stanislaus,2021-03-19,6044,182589,1587,89087,2931,87807,1526,5695,3200,69486,2802,58774,4719,128260,California
Stanislaus,2021-03-20,3880,186469,3042,92129,770,88577,68,5763,3384,72466,474,59248,3454,131714,California
Stanislaus,2021-03-21,1021,187490,911,93040,44,88621,66,5829,771,73060,243,59491,837,132551,California
Stanislaus,2021-03-22,3030,190520,1399,94439,904,89525,727,6556,1420,73632,1576,61067,2148,134699,California
Stanislaus,2021-03-23,4148,194668,2119,96558,1769,91294,260,6816,2980,75744,1147,62214,3259,137958,California
Stanislaus,2021-03-24,4727,199395,3294,99852,1354,92648,79,6895,2765,76682,1910,64124,2848,140806,California
Stanislaus,2021-03-25,4431,203826,3010,102862,1405,94053,16,6911,1962,76274,2388,66512,1980,142786,California
Stanislaus,2021-03-26,4949,208775,1421,104283,3454,97507,74,6985,2527,76503,2382,68894,2611,145397,California
Stanislaus,2021-03-27,4453,213228,2777,107060,1592,99099,84,7069,1405,74968,3029,71923,1494,146891,California
Stanislaus,2021-03-28,1122,214350,448,107508,566,99665,108,7177,323,74621,785,72708,438,147329,California
Stanislaus,2021-03-29,3189,217539,1851,109359,1298,100963,40,7217,2165,75819,1013,73721,2211,149540,California
Stanislaus,2021-03-30,3864,221403,2083,111442,1755,102718,26,7243,2391,76780,1462,75183,2423,151963,California
Stanislaus,2021-03-31,5635,227038,3884,115326,1621,104339,130,7373,2932,77167,2679,77862,3066,155029,California
Stanislaus,2021-04-01,5952,232990,3874,119200,1961,106300,117,7490,2751,76872,3171,81033,2876,157905,California
Stanislaus,2021-04-02,5209,238199,1238,120438,3802,110102,169,7659,2376,76692,2733,83766,2553,160458,California
Stanislaus,2021-04-03,4704,242903,3449,123887,1218,111320,37,7696,2255,76557,2436,86202,2301,162759,California
Stanislaus,2021-04-04,1328,244231,477,124364,821,112141,30,7726,649,76571,670,86872,684,163443,California
Stanislaus,2021-04-05,3779,248010,2568,126932,951,113092,260,7986,2450,77967,1318,88190,2714,166157,California
Stanislaus,2021-04-06,5964,253974,4243,131175,1436,114528,285,8271,3219,78746,2728,90918,3507,169664,California
Stanislaus,2021-04-07,6548,260522,3681,134856,2428,116956,439,8710,2904,78476,3621,94539,3351,173015,California
Stanislaus,2021-04-08,5893,266415,3429,138285,2017,118973,447,9157,2905,78875,2954,97493,3353,176368,California
Stanislaus,2021-04-09,5007,271422,2183,140468,2442,121415,382,9539,2286,78856,2690,100183,2671,179039,California
Stanislaus,2021-04-10,6517,277939,4001,144469,876,122291,1640,11179,1996,77992,4494,104677,3630,182669,California
Stanislaus,2021-04-11,1533,279472,858,145327,542,122833,133,11312,665,77926,865,105542,799,183468,California
Stanislaus,2021-04-12,3796,283268,2126,147453,1221,124054,449,11761,1955,78531,1809,107351,2414,185882,California
Stanislaus,2021-04-13,5417,288685,3509,150962,1894,125948,14,11775,2971,79113,2397,109748,2979,188861,California
Stanislaus,2021-04-14,4830,293515,3339,154301,1489,127437,2,11777,2349,79027,2441,112189,2355,191216,California
Stanislaus,2021-04-15,5584,299099,3391,157692,2190,129627,3,11780,3254,80009,2275,114464,3257,194473,California
Stanislaus,2021-04-16,4504,303603,1065,158757,3438,133065,1,11781,1867,79296,2583,117047,1870,196343,California
Stanislaus,2021-04-17,3176,306779,2136,160893,1040,134105,0,11781,1841,79818,1321,118368,1843,198186,California
Stanislaus,2021-04-18,616,307395,297,161190,317,134422,2,11783,433,80078,176,118544,436,198622,California
Stanislaus,2021-04-19,3643,311038,2465,163655,1176,135598,2,11785,1658,79803,1941,120485,1666,200288,California
Stanislaus,2021-04-20,4177,315215,2493,166148,1684,137282,0,11785,1772,79213,2364,122849,1774,202062,California
Stanislaus,2021-04-21,4060,319275,2683,168831,1376,138658,1,11786,1634,78481,2373,125222,1641,203703,California
Stanislaus,2021-04-22,4142,323417,2455,171286,1686,140344,1,11787,1638,77672,2453,127675,1644,205347,California
Stanislaus,2021-04-23,3840,327257,912,172198,2927,143271,1,11788,1567,77075,2171,129846,1574,206921,California
Stanislaus,2021-04-24,3891,331148,2965,175163,926,144197,0,11788,1856,76920,2016,131862,1861,208782,California
Stanislaus,2021-04-25,942,332090,483,175646,459,144656,0,11788,689,77367,246,132108,693,209475,California
Stanislaus,2021-04-26,3669,335759,2443,178089,1220,145876,6,11794,1152,76040,2490,134598,1163,210638,California
Stanislaus,2021-04-27,4306,340065,2888,180977,1370,147246,48,11842,1251,74322,3021,137619,1303,211941,California
Stanislaus,2021-04-28,4599,344664,3158,184135,1379,148625,62,11904,1950,73717,2625,140244,2020,213961,California
Stanislaus,2021-04-29,3981,348645,2442,186577,1491,150116,48,11952,1562,72942,2394,142638,1619,215580,California
Stanislaus,2021-04-30,4827,353472,2153,188730,2590,152706,84,12036,1901,72034,2901,145539,1993,217573,California
Stanislaus,2021-05-01,2735,356207,1936,190666,758,153464,41,12077,1027,71412,1698,147237,1076,218649,California
Stanislaus,2021-05-02,1089,357296,625,191291,425,153889,39,12116,523,71420,560,147797,568,219217,California
Stanislaus,2021-05-03,2575,359871,1998,193289,506,154395,71,12187,978,70892,1581,149378,1053,220270,California
Stanislaus,2021-05-04,3757,363628,2569,195858,1094,155489,94,12281,1174,69597,2569,151947,1274,221544,California
Stanislaus,2021-05-05,3442,367070,2264,198122,1102,156591,76,12357,1198,68651,2223,154170,1277,222821,California
Stanislaus,2021-05-06,3778,370848,2863,200985,791,157382,124,12481,1158,67344,2595,156765,1288,224109,California
Stanislaus,2021-05-07,2594,373442,1040,202025,1392,158774,162,12643,1107,67139,1476,158241,1271,225380,California
Stanislaus,2021-05-08,2019,375461,1405,203430,581,159355,33,12676,750,66678,1251,159492,790,226170,California
Stanislaus,2021-05-09,720,376181,345,203775,349,159704,26,12702,304,66595,414,159906,331,226501,California
Stanislaus,2021-05-10,1814,377995,1151,204926,564,160268,99,12801,490,65874,1312,161218,591,227092,California
Stanislaus,2021-05-11,2532,380527,1578,206504,794,161062,160,12961,752,65022,1769,162987,917,228009,California
Stanislaus,2021-05-12,2406,382933,1368,207872,929,161991,109,13070,934,64610,1457,164444,1045,229054,California
Stanislaus,2021-05-13,2183,385116,1289,209161,774,162765,120,13190,1037,64632,1137,165581,1159,230213,California
Stanislaus,2021-05-14,2786,387902,1258,210419,1390,164155,138,13328,1304,64615,1461,167042,1444,231657,California
Stanislaus,2021-05-15,2495,390397,1778,212197,667,164822,50,13378,1209,64607,1276,168318,1268,232925,California
Stanislaus,2021-05-16,1105,391502,746,212943,351,165173,8,13386,590,64697,512,168830,602,233527,California
Stanislaus,2021-05-17,2060,393562,1391,214334,587,165760,82,13468,995,64722,1059,169889,1084,234611,California
Stanislaus,2021-05-18,2325,395887,1608,215942,602,166362,115,13583,1205,64932,1109,170998,1319,235930,California
Stanislaus,2021-05-19,3132,399019,2152,218094,825,167187,155,13738,1378,64727,1742,172740,1537,237467,California
Stanislaus,2021-05-20,2242,401261,1217,219311,921,168108,104,13842,892,64389,1339,174079,1001,238468,California
Stanislaus,2021-05-21,2500,403761,1222,220533,1180,169288,98,13940,997,64001,1486,175565,1098,239566,California
Stanislaus,2021-05-22,2011,405772,1214,221747,727,170015,70,14010,873,63816,1129,176694,944,240510,California
Stanislaus,2021-05-23,1079,406851,707,222454,356,170371,16,14026,512,63782,562,177256,528,241038,California
Stanislaus,2021-05-24,1832,408683,1273,223727,480,170851,79,14105,727,63492,1102,178358,812,241850,California
Stanislaus,2021-05-25,1812,410495,1237,224964,475,171326,100,14205,860,63509,948,179306,965,242815,California
Stanislaus,2021-05-26,2034,412529,1267,226231,715,172041,52,14257,951,63437,1075,180381,1003,243818,California
Stanislaus,2021-05-27,1782,414311,979,227210,723,172764,80,14337,616,62977,1156,181537,696,244514,California
Stanislaus,2021-05-28,2187,416498,1033,228243,1067,173831,87,14424,943,62769,1238,182775,1030,245544,California
Stanislaus,2021-05-29,1317,417815,848,229091,428,174259,41,14465,589,62677,724,183499,632,246176,California
Stanislaus,2021-05-30,455,418270,273,229364,148,174407,34,14499,209,62678,242,183741,243,246419,California
Stanislaus,2021-05-31,259,418529,122,229486,130,174537,7,14506,97,62620,162,183903,104,246523,California
Stanislaus,2021-06-01,1689,420218,1054,230540,579,175116,56,14562,634,62265,1048,184951,693,247216,California
Stanislaus,2021-06-02,1812,422030,1151,231691,590,175706,71,14633,746,62032,1053,186004,820,248036,California
Stanislaus,2021-06-03,1396,423426,828,232519,520,176226,48,14681,514,61726,870,186874,564,248600,California
Stanislaus,2021-06-04,1913,425339,1149,233668,695,176921,69,14750,721,61336,1184,188058,794,249394,California
Stanislaus,2021-06-05,1572,426911,1221,234889,308,177229,43,14793,515,60843,1051,189109,558,249952,California
Stanislaus,2021-06-06,510,427421,418,235307,83,177312,9,14802,187,60718,322,189431,197,250149,California
Stanislaus,2021-06-07,1612,429033,1232,236539,335,177647,45,14847,605,60369,998,190429,649,250798,California
Stanislaus,2021-06-08,1913,430946,1440,237979,396,178043,77,14924,673,59889,1230,191659,750,251548,California
Stanislaus,2021-06-09,1861,432807,1315,239294,464,178507,82,15006,635,59385,1222,192881,718,252266,California
Stanislaus,2021-06-10,1479,434286,939,240233,476,178983,64,15070,604,59188,867,193748,670,252936,California
Stanislaus,2021-06-11,1486,435772,894,241127,542,179525,50,15120,543,58854,929,194677,595,253531,California
Stanislaus,2021-06-12,1029,436801,751,241878,253,179778,25,15145,379,58617,644,195321,407,253938,California
Stanislaus,2021-06-13,538,437339,397,242275,135,179913,6,15151,168,58426,367,195688,176,254114,California
Stanislaus,2021-06-14,1356,438695,965,243240,369,180282,22,15173,492,58085,856,196544,515,254629,California
Stanislaus,2021-06-15,1581,440276,1141,244381,396,180678,44,15217,531,57617,1045,197589,577,255206,California
Stanislaus,2021-06-16,1934,442210,1390,245771,480,181158,64,15281,774,57299,1156,198745,838,256044,California
Stanislaus,2021-06-17,1150,443360,731,246502,377,181535,42,15323,540,57280,605,199350,586,256630,California
Stanislaus,2021-06-18,1306,444666,796,247298,428,181963,82,15405,520,57103,781,200131,604,257234,California
Stanislaus,2021-06-19,855,445521,628,247926,183,182146,44,15449,372,57041,479,200610,417,257651,California
Stanislaus,2021-06-20,305,445826,213,248139,86,182232,6,15455,138,57019,166,200776,144,257795,California
Stanislaus,2021-06-21,966,446792,561,248700,278,182510,127,15582,500,57187,461,201237,629,258424,California
Stanislaus,2021-06-22,1211,448003,881,249581,261,182771,69,15651,495,57046,708,201945,567,258991,California
Stanislaus,2021-06-23,1230,449233,814,250395,354,183125,62,15713,522,56923,706,202651,583,259574,California
Stanislaus,2021-06-24,944,450177,631,251026,266,183391,47,15760,479,56989,463,203114,529,260103,California
Stanislaus,2021-06-25,1103,451280,713,251739,328,183719,62,15822,467,56885,631,203745,527,260630,California
Stanislaus,2021-06-26,605,451885,459,252198,122,183841,24,15846,279,56864,325,204070,304,260934,California
Stanislaus,2021-06-27,393,452278,298,252496,85,183926,10,15856,201,56884,191,204261,211,261145,California
Stanislaus,2021-06-28,949,453227,747,253243,161,184087,41,15897,417,56812,530,204791,458,261603,California
Stanislaus,2021-06-29,870,454097,682,253925,150,184237,38,15935,354,56693,511,205302,392,261995,California
Stanislaus,2021-06-30,927,455024,637,254562,259,184496,31,15966,427,56659,494,205796,460,262455,California
Stanislaus,2021-07-01,764,455788,459,255021,276,184772,29,15995,340,56613,415,206211,369,262824,California
Sutter,2020-12-15,1,1,1,1,0,0,0,0,1,1,0,0,1,1,California
Sutter,2020-12-16,4,5,4,5,0,0,0,0,4,5,0,0,4,5,California
Sutter,2020-12-17,3,8,3,8,0,0,0,0,3,8,0,0,3,8,California
Sutter,2020-12-18,21,29,21,29,0,0,0,0,21,29,0,0,21,29,California
Sutter,2020-12-19,45,74,45,74,0,0,0,0,45,74,0,0,45,74,California
Sutter,2020-12-20,43,117,43,117,0,0,0,0,43,117,0,0,43,117,California
Sutter,2020-12-21,99,216,99,216,0,0,0,0,99,216,0,0,99,216,California
Sutter,2020-12-22,172,388,172,388,0,0,0,0,172,388,0,0,172,388,California
Sutter,2020-12-23,115,503,110,498,5,5,0,0,115,503,0,0,115,503,California
Sutter,2020-12-24,17,520,11,509,6,11,0,0,17,520,0,0,17,520,California
Sutter,2020-12-26,38,558,34,543,4,15,0,0,38,558,0,0,38,558,California
Sutter,2020-12-27,24,582,23,566,1,16,0,0,24,582,0,0,24,582,California
Sutter,2020-12-28,83,665,55,621,28,44,0,0,83,665,0,0,83,665,California
Sutter,2020-12-29,101,766,14,635,87,131,0,0,101,766,0,0,101,766,California
Sutter,2020-12-30,136,902,33,668,103,234,0,0,136,902,0,0,136,902,California
Sutter,2020-12-31,70,972,6,674,64,298,0,0,70,972,0,0,70,972,California
Sutter,2021-01-01,3,975,3,677,0,298,0,0,3,975,0,0,3,975,California
Sutter,2021-01-02,130,1105,128,805,2,300,0,0,130,1105,0,0,130,1105,California
Sutter,2021-01-03,1,1106,0,805,1,301,0,0,1,1106,0,0,1,1106,California
Sutter,2021-01-04,246,1352,137,942,109,410,0,0,246,1352,0,0,246,1352,California
Sutter,2021-01-05,99,1451,56,998,43,453,0,0,96,1445,3,3,96,1448,California
Sutter,2021-01-06,205,1656,50,1048,155,608,0,0,200,1640,5,8,200,1648,California
Sutter,2021-01-07,251,1907,153,1201,98,706,0,0,241,1872,9,17,241,1889,California
Sutter,2021-01-08,150,2057,40,1241,110,816,0,0,133,1988,17,34,133,2022,California
Sutter,2021-01-09,46,2103,43,1284,3,819,0,0,5,1952,41,75,5,2027,California
Sutter,2021-01-10,394,2497,37,1321,357,1176,0,0,356,2271,37,112,356,2383,California
Sutter,2021-01-11,132,2629,115,1436,17,1193,0,0,25,2189,107,219,25,2408,California
Sutter,2021-01-12,202,2831,165,1601,37,1230,0,0,58,2103,144,363,58,2466,California
Sutter,2021-01-13,163,2994,99,1700,64,1294,0,0,73,2087,89,452,73,2539,California
Sutter,2021-01-14,148,3142,52,1752,96,1390,0,0,128,2195,20,472,128,2667,California
Sutter,2021-01-15,436,3578,131,1883,305,1695,0,0,422,2603,14,486,422,3089,California
Sutter,2021-01-16,385,3963,41,1924,344,2039,0,0,354,2927,30,516,354,3443,California
Sutter,2021-01-17,26,3989,24,1948,2,2041,0,0,10,2921,16,532,10,3453,California
Sutter,2021-01-18,117,4106,62,2010,55,2096,0,0,69,2942,48,580,69,3522,California
Sutter,2021-01-19,108,4214,42,2052,66,2162,0,0,84,3002,24,604,84,3606,California
Sutter,2021-01-20,273,4487,209,2261,64,2226,0,0,251,3231,22,626,251,3857,California
Sutter,2021-01-21,523,5010,352,2613,171,2397,0,0,505,3718,18,644,505,4362,California
Sutter,2021-01-22,239,5249,52,2665,187,2584,0,0,229,3938,9,653,229,4591,California
Sutter,2021-01-23,397,5646,39,2704,358,2942,0,0,371,4283,26,679,371,4962,California
Sutter,2021-01-24,17,5663,15,2719,2,2944,0,0,15,4296,2,681,15,4977,California
Sutter,2021-01-25,305,5968,195,2914,110,3054,0,0,149,4291,155,836,150,5127,California
Sutter,2021-01-26,250,6218,109,3023,141,3195,0,0,144,4330,105,941,144,5271,California
Sutter,2021-01-27,388,6606,256,3279,132,3327,0,0,321,4584,67,1008,321,5592,California
Sutter,2021-01-28,583,7189,359,3638,224,3551,0,0,410,4823,171,1179,410,6002,California
Sutter,2021-01-29,364,7553,88,3726,276,3827,0,0,242,4943,122,1301,242,6244,California
Sutter,2021-01-30,775,8328,38,3764,737,4564,0,0,764,5696,11,1312,764,7008,California
Sutter,2021-01-31,28,8356,27,3791,1,4565,0,0,28,5724,0,1312,28,7036,California
Sutter,2021-02-01,171,8527,53,3844,118,4683,0,0,138,5830,32,1344,138,7174,California
Sutter,2021-02-02,247,8774,27,3871,220,4903,0,0,213,6009,34,1378,213,7387,California
Sutter,2021-02-03,447,9221,39,3910,408,5311,0,0,211,5985,235,1613,211,7598,California
Sutter,2021-02-04,669,9890,365,4275,304,5615,0,0,619,6555,49,1662,619,8217,California
Sutter,2021-02-05,289,10179,33,4308,256,5871,0,0,135,6536,154,1816,135,8352,California
Sutter,2021-02-06,732,10911,28,4336,704,6575,0,0,710,7224,22,1838,710,9062,California
Sutter,2021-02-07,24,10935,20,4356,4,6579,0,0,20,7240,4,1842,20,9082,California
Sutter,2021-02-08,136,11071,31,4387,105,6684,0,0,98,7300,38,1880,98,9180,California
Sutter,2021-02-09,249,11320,46,4433,203,6887,0,0,187,7425,62,1942,187,9367,California
Sutter,2021-02-10,823,12143,385,4818,438,7325,0,0,180,6963,642,2584,180,9547,California
Sutter,2021-02-11,608,12751,275,5093,333,7658,0,0,317,6989,291,2875,317,9864,California
Sutter,2021-02-12,637,13388,69,5162,568,8226,0,0,312,6977,324,3199,312,10176,California
Sutter,2021-02-13,905,14293,48,5210,857,9083,0,0,786,7644,119,3318,786,10962,California
Sutter,2021-02-14,90,14383,25,5235,65,9148,0,0,79,7712,11,3329,79,11041,California
Sutter,2021-02-15,202,14585,72,5307,130,9278,0,0,123,7756,79,3408,123,11164,California
Sutter,2021-02-16,289,14874,44,5351,245,9523,0,0,203,7875,84,3492,203,11367,California
Sutter,2021-02-17,836,15710,436,5787,400,9923,0,0,135,7310,700,4192,135,11502,California
Sutter,2021-02-18,719,16429,58,5845,661,10584,0,0,502,7597,215,4407,502,12004,California
Sutter,2021-02-19,670,17099,380,6225,290,10874,0,0,464,7858,203,4610,464,12468,California
Sutter,2021-02-20,626,17725,56,6281,570,11444,0,0,517,8267,108,4718,517,12985,California
Sutter,2021-02-21,28,17753,27,6308,1,11445,0,0,7,8253,21,4739,7,12992,California
Sutter,2021-02-22,213,17966,124,6432,89,11534,0,0,85,8210,128,4867,85,13077,California
Sutter,2021-02-23,234,18200,35,6467,199,11733,0,0,101,8180,131,4998,101,13178,California
Sutter,2021-02-24,984,19184,357,6824,627,12360,0,0,196,7589,787,5785,196,13374,California
Sutter,2021-02-25,785,19969,497,7321,288,12648,0,0,604,8016,177,5962,604,13978,California
Sutter,2021-02-26,380,20349,61,7382,319,12967,0,0,159,7956,219,6181,159,14137,California
Sutter,2021-02-27,867,21216,47,7429,820,13787,0,0,713,8513,156,6337,713,14850,California
Sutter,2021-02-28,89,21305,43,7472,46,13833,0,0,68,8561,20,6357,68,14918,California
Sutter,2021-03-01,250,21555,62,7534,188,14021,0,0,151,8613,99,6456,151,15069,California
Sutter,2021-03-02,340,21895,59,7593,281,14302,0,0,162,8600,175,6631,162,15231,California
Sutter,2021-03-03,1402,23297,531,8124,871,15173,0,0,660,8525,735,7366,660,15891,California
Sutter,2021-03-04,1255,24552,863,8987,392,15565,0,0,944,9163,306,7672,944,16835,California
Sutter,2021-03-05,340,24892,80,9067,259,15824,1,1,207,9238,133,7805,208,17043,California
Sutter,2021-03-06,1027,25919,46,9113,976,16800,5,6,857,9933,167,7972,862,17905,California
Sutter,2021-03-07,67,25986,23,9136,43,16843,1,7,45,9958,21,7993,46,17951,California
Sutter,2021-03-08,235,26221,81,9217,142,16985,12,19,164,10063,71,8064,176,18127,California
Sutter,2021-03-09,393,26614,138,9355,243,17228,12,31,187,10056,206,8270,199,18326,California
Sutter,2021-03-10,1575,28189,680,10035,834,18062,61,92,526,9603,1040,9310,587,18913,California
Sutter,2021-03-11,904,29093,439,10474,446,18508,19,111,654,10029,247,9557,673,19586,California
Sutter,2021-03-12,680,29773,111,10585,389,18897,180,291,203,9936,474,10031,381,19967,California
Sutter,2021-03-13,993,30766,751,11336,223,19120,19,310,781,10525,210,10241,799,20766,California
Sutter,2021-03-14,133,30899,22,11358,100,19220,11,321,46,10495,87,10328,57,20823,California
Sutter,2021-03-15,327,31226,67,11425,211,19431,49,370,155,10529,170,10498,204,21027,California
Sutter,2021-03-16,391,31617,86,11511,258,19689,47,417,213,10610,178,10676,259,21286,California
Sutter,2021-03-17,1499,33116,562,12073,915,20604,22,439,305,9755,1181,11857,326,21612,California
Sutter,2021-03-18,975,34091,182,12255,589,21193,204,643,567,10121,403,12260,769,22381,California
Sutter,2021-03-19,463,34554,166,12421,268,21461,29,672,282,10253,179,12439,311,22692,California
Sutter,2021-03-20,948,35502,118,12539,819,22280,11,683,857,11031,90,12529,868,23560,California
Sutter,2021-03-21,68,35570,47,12586,18,22298,3,686,33,11032,35,12564,36,23596,California
Sutter,2021-03-22,288,35858,120,12706,142,22440,26,712,211,11194,75,12639,237,23833,California
Sutter,2021-03-23,379,36237,114,12820,232,22672,33,745,252,11353,125,12764,284,24117,California
Sutter,2021-03-24,1687,37924,773,13593,845,23517,69,814,311,10373,1360,14124,380,24497,California
Sutter,2021-03-25,1040,38964,677,14270,320,23837,43,857,365,10110,671,14795,408,24905,California
Sutter,2021-03-26,498,39462,175,14445,306,24143,17,874,295,10224,198,14993,312,25217,California
Sutter,2021-03-27,927,40389,63,14508,862,25005,2,876,811,10926,111,15104,813,26030,California
Sutter,2021-03-28,125,40514,72,14580,53,25058,0,876,77,10957,46,15150,77,26107,California
Sutter,2021-03-29,427,40941,143,14723,228,25286,56,932,223,11034,202,15352,279,26386,California
Sutter,2021-03-30,480,41421,161,14884,309,25595,10,942,317,11198,163,15515,327,26713,California
Sutter,2021-03-31,1258,42679,177,15061,1065,26660,16,958,443,10855,801,16316,458,27171,California
Sutter,2021-04-01,1386,44065,741,15802,460,27120,185,1143,429,10522,946,17262,613,27784,California
Sutter,2021-04-02,514,44579,101,15903,295,27415,118,1261,201,10527,310,17572,315,28099,California
Sutter,2021-04-03,910,45489,77,15980,211,27626,622,1883,122,10487,783,18355,743,28842,California
Sutter,2021-04-04,118,45607,22,16002,90,27716,6,1889,54,10484,63,18418,60,28902,California
Sutter,2021-04-05,370,45977,144,16146,189,27905,37,1926,172,10498,195,18613,209,29111,California
Sutter,2021-04-06,510,46487,199,16345,255,28160,56,1982,269,10584,239,18852,325,29436,California
Sutter,2021-04-07,1480,47967,886,17231,520,28680,74,2056,604,10396,866,19718,678,30114,California
Sutter,2021-04-08,1062,49029,583,17814,364,29044,115,2171,573,10598,483,20201,685,30799,California
Sutter,2021-04-09,571,49600,250,18064,256,29300,65,2236,236,10569,330,20531,301,31100,California
Sutter,2021-04-10,829,50429,111,18175,88,29388,630,2866,110,10586,713,21244,730,31830,California
Sutter,2021-04-11,120,50549,33,18208,40,29428,47,2913,38,10588,82,21326,84,31914,California
Sutter,2021-04-12,344,50893,94,18302,196,29624,54,2967,135,10570,207,21533,189,32103,California
Sutter,2021-04-13,432,51325,126,18428,306,29930,0,2967,213,10566,217,21750,213,32316,California
Sutter,2021-04-14,1327,52652,162,18590,1164,31094,1,2968,224,9696,1095,22845,225,32541,California
Sutter,2021-04-15,542,53194,173,18763,369,31463,0,2968,219,9595,320,23165,219,32760,California
Sutter,2021-04-16,408,53602,129,18892,279,31742,0,2968,189,9567,217,23382,189,32949,California
Sutter,2021-04-17,579,54181,82,18974,497,32239,0,2968,507,10004,71,23453,508,33457,California
Sutter,2021-04-18,93,54274,34,19008,59,32298,0,2968,59,10031,32,23485,59,33516,California
Sutter,2021-04-19,294,54568,113,19121,181,32479,0,2968,123,9985,169,23654,123,33639,California
Sutter,2021-04-20,466,55034,182,19303,284,32763,0,2968,224,9970,239,23893,224,33863,California
Sutter,2021-04-21,1312,56346,503,19806,809,33572,0,2968,514,9700,784,24677,514,34377,California
Sutter,2021-04-22,528,56874,194,20000,334,33906,0,2968,259,9693,266,24943,259,34636,California
Sutter,2021-04-23,439,57313,154,20154,285,34191,0,2968,200,9658,235,25178,200,34836,California
Sutter,2021-04-24,327,57640,107,20261,219,34410,1,2969,185,9702,141,25319,185,35021,California
Sutter,2021-04-25,158,57798,75,20336,83,34493,0,2969,86,9718,70,25389,86,35107,California
Sutter,2021-04-26,320,58118,105,20441,213,34706,2,2971,135,9672,183,25572,137,35244,California
Sutter,2021-04-27,560,58678,286,20727,270,34976,4,2975,256,9633,299,25871,260,35504,California
Sutter,2021-04-28,861,59539,386,21113,467,35443,8,2983,284,9355,570,26441,292,35796,California
Sutter,2021-04-29,805,60344,166,21279,638,36081,1,2984,325,9207,474,26915,326,36122,California
Sutter,2021-04-30,395,60739,144,21423,238,36319,13,2997,173,9175,217,27132,185,36307,California
Sutter,2021-05-01,301,61040,109,21532,151,36470,41,3038,130,9178,168,27300,171,36478,California
Sutter,2021-05-02,80,61120,53,21585,25,36495,2,3040,45,9190,35,27335,47,36525,California
Sutter,2021-05-03,219,61339,111,21696,99,36594,9,3049,89,9158,130,27465,98,36623,California
Sutter,2021-05-04,556,61895,254,21950,238,36832,64,3113,228,9124,325,27790,291,36914,California
Sutter,2021-05-05,564,62459,174,22124,382,37214,8,3121,164,8902,394,28184,172,37086,California
Sutter,2021-05-06,437,62896,234,22358,182,37396,21,3142,197,8880,239,28423,217,37303,California
Sutter,2021-05-07,427,63323,160,22518,245,37641,22,3164,163,8806,259,28682,185,37488,California
Sutter,2021-05-08,240,63563,94,22612,140,37781,6,3170,115,8802,125,28807,121,37609,California
Sutter,2021-05-09,107,63670,79,22691,23,37804,5,3175,62,8824,45,28852,67,37676,California
Sutter,2021-05-10,193,63863,44,22735,130,37934,19,3194,50,8752,141,28993,69,37745,California
Sutter,2021-05-11,471,64334,237,22972,213,38147,21,3215,191,8687,275,29268,210,37955,California
Sutter,2021-05-12,464,64798,262,23234,191,38338,11,3226,156,8550,304,29572,167,38122,California
Sutter,2021-05-13,490,65288,262,23496,206,38544,22,3248,190,8463,299,29871,212,38334,California
Sutter,2021-05-14,442,65730,189,23685,237,38781,16,3264,204,8450,233,30104,220,38554,California
Sutter,2021-05-15,849,66579,316,24001,502,39283,31,3295,310,8254,537,30641,341,38895,California
Sutter,2021-05-16,172,66751,118,24119,46,39329,8,3303,93,8277,78,30719,101,38996,California
Sutter,2021-05-17,291,67042,116,24235,161,39490,14,3317,149,8300,140,30859,163,39159,California
Sutter,2021-05-18,553,67595,313,24548,236,39726,4,3321,299,8352,251,31110,303,39462,California
Sutter,2021-05-19,462,68057,264,24812,191,39917,7,3328,222,8344,237,31347,229,39691,California
Sutter,2021-05-20,458,68515,238,25050,208,40125,12,3340,214,8330,240,31587,226,39917,California
Sutter,2021-05-21,489,69004,222,25272,255,40380,12,3352,210,8276,275,31862,221,40138,California
Sutter,2021-05-22,370,69374,206,25478,161,40541,3,3355,184,8281,181,32043,186,40324,California
Sutter,2021-05-23,191,69565,95,25573,87,40628,9,3364,92,8289,93,32136,101,40425,California
Sutter,2021-05-24,241,69806,91,25664,127,40755,23,3387,97,8268,141,32277,120,40545,California
Sutter,2021-05-25,402,70208,197,25861,192,40947,13,3400,165,8215,230,32507,177,40722,California
Sutter,2021-05-26,323,70531,157,26018,157,41104,9,3409,112,8130,206,32713,121,40843,California
Sutter,2021-05-27,433,70964,116,26134,298,41402,19,3428,121,7962,308,33021,140,40983,California
Sutter,2021-05-28,339,71303,165,26299,157,41559,17,3445,169,7983,165,33186,186,41169,California
Sutter,2021-05-29,254,71557,120,26419,119,41678,15,3460,132,8012,118,33304,147,41316,California
Sutter,2021-05-30,84,71641,61,26480,20,41698,3,3463,39,8010,44,33348,42,41358,California
Sutter,2021-05-31,21,71662,3,26483,14,41712,4,3467,7,8007,14,33362,11,41369,California
Sutter,2021-06-01,310,71972,134,26617,168,41880,8,3475,115,7936,194,33556,123,41492,California
Sutter,2021-06-02,282,72254,120,26737,156,42036,6,3481,97,7860,179,33735,103,41595,California
Sutter,2021-06-03,343,72597,224,26961,109,42145,10,3491,116,7765,221,33956,126,41721,California
Sutter,2021-06-04,343,72940,198,27159,138,42283,7,3498,119,7672,219,34175,126,41847,California
Sutter,2021-06-05,436,73376,366,27525,66,42349,4,3502,150,7545,281,34456,154,42001,California
Sutter,2021-06-06,134,73510,115,27640,16,42365,3,3505,44,7504,88,34544,47,42048,California
Sutter,2021-06-07,163,73673,105,27745,49,42414,9,3514,56,7463,106,34650,65,42113,California
Sutter,2021-06-08,368,74041,207,27952,149,42563,12,3526,157,7424,208,34858,169,42282,California
Sutter,2021-06-09,368,74409,235,28187,128,42691,5,3531,129,7321,237,35095,134,42416,California
Sutter,2021-06-10,383,74792,276,28463,97,42788,10,3541,149,7250,230,35325,159,42575,California
Sutter,2021-06-11,338,75130,216,28679,116,42904,6,3547,115,7151,219,35544,120,42695,California
Sutter,2021-06-12,244,75374,171,28850,58,42962,15,3562,69,7060,175,35719,84,42779,California
Sutter,2021-06-13,83,75457,65,28915,17,42979,1,3563,22,7023,60,35779,23,42802,California
Sutter,2021-06-14,190,75647,111,29026,68,43047,11,3574,74,6994,114,35893,85,42887,California
Sutter,2021-06-15,283,75930,153,29179,117,43164,13,3587,101,6928,180,36073,114,43001,California
Sutter,2021-06-16,221,76151,142,29321,70,43234,9,3596,107,6930,114,36187,116,43117,California
Sutter,2021-06-17,281,76432,171,29492,104,43338,6,3602,121,6899,158,36345,127,43244,California
Sutter,2021-06-18,266,76698,171,29663,80,43418,15,3617,94,6839,169,36514,109,43353,California
Sutter,2021-06-19,208,76906,139,29802,65,43483,4,3621,59,6755,147,36661,63,43416,California
Sutter,2021-06-20,70,76976,49,29851,19,43502,2,3623,31,6749,39,36700,33,43449,California
Sutter,2021-06-21,113,77089,54,29905,47,43549,12,3635,51,6752,60,36760,63,43512,California
Sutter,2021-06-22,222,77311,128,30033,91,43640,3,3638,86,6707,134,36894,89,43601,California
Sutter,2021-06-23,185,77496,108,30141,69,43709,8,3646,77,6683,108,37002,84,43685,California
Sutter,2021-06-24,226,77722,152,30293,66,43775,8,3654,95,6655,131,37133,103,43788,California
Sutter,2021-06-25,225,77947,146,30439,73,43848,6,3660,89,6618,132,37265,95,43883,California
Sutter,2021-06-26,219,78166,177,30616,36,43884,6,3666,75,6558,142,37407,82,43965,California
Sutter,2021-06-27,78,78244,65,30681,12,43896,1,3667,29,6540,48,37455,30,43995,California
Sutter,2021-06-28,121,78365,75,30756,40,43936,6,3673,61,6548,59,37514,67,44062,California
Sutter,2021-06-29,193,78558,119,30875,67,44003,7,3680,79,6522,112,37626,86,44148,California
Sutter,2021-06-30,170,78728,110,30985,54,44057,6,3686,72,6505,95,37721,78,44226,California
Sutter,2021-07-01,112,78840,84,31069,21,44078,7,3693,40,6479,72,37793,46,44272,California
Tehama,2020-12-15,1,1,1,1,0,0,0,0,1,1,0,0,1,1,California
Tehama,2020-12-16,2,3,2,3,0,0,0,0,2,3,0,0,2,3,California
Tehama,2020-12-17,12,15,12,15,0,0,0,0,12,15,0,0,12,15,California
Tehama,2020-12-18,2,17,2,17,0,0,0,0,3,18,0,0,3,18,California
Tehama,2020-12-21,33,50,33,50,0,0,0,0,33,51,0,0,33,51,California
Tehama,2020-12-22,69,119,63,113,6,6,0,0,69,120,0,0,69,120,California
Tehama,2020-12-23,48,167,40,153,8,14,0,0,48,168,0,0,48,168,California
Tehama,2020-12-24,5,172,3,156,2,16,0,0,5,173,0,0,5,173,California
Tehama,2020-12-26,3,175,2,158,1,17,0,0,3,176,0,0,3,176,California
Tehama,2020-12-27,2,177,2,160,0,17,0,0,2,178,0,0,2,178,California
Tehama,2020-12-28,56,233,43,203,13,30,0,0,56,234,0,0,56,234,California
Tehama,2020-12-29,31,264,31,234,0,30,0,0,31,265,0,0,31,265,California
Tehama,2020-12-30,55,319,39,273,16,46,0,0,54,319,0,0,54,319,California
Tehama,2020-12-31,14,333,4,277,10,56,0,0,14,333,0,0,14,333,California
Tehama,2021-01-01,3,336,0,277,3,59,0,0,3,336,0,0,3,336,California
Tehama,2021-01-04,32,368,9,286,23,82,0,0,32,368,0,0,32,368,California
Tehama,2021-01-05,70,438,43,329,27,109,0,0,67,432,3,3,67,435,California
Tehama,2021-01-06,72,510,21,350,51,160,0,0,63,487,8,11,63,498,California
Tehama,2021-01-07,57,567,7,357,50,210,0,0,56,542,1,12,56,554,California
Tehama,2021-01-08,34,601,25,382,9,219,0,0,29,566,5,17,29,583,California
Tehama,2021-01-09,7,608,5,387,2,221,0,0,5,569,2,19,5,588,California
Tehama,2021-01-10,1,609,0,387,1,222,0,0,1,570,0,19,1,589,California
Tehama,2021-01-11,48,657,46,433,2,224,0,0,15,552,33,52,15,604,California
Tehama,2021-01-12,132,789,112,545,20,244,0,0,86,592,46,98,86,690,California
Tehama,2021-01-13,73,862,55,600,18,262,0,0,27,573,46,144,27,717,California
Tehama,2021-01-14,223,1085,50,650,173,435,0,0,221,792,2,146,221,938,California
Tehama,2021-01-15,250,1335,75,725,175,610,0,0,246,1034,4,150,246,1184,California
Tehama,2021-01-16,264,1599,19,744,245,855,0,0,261,1292,3,153,261,1445,California
Tehama,2021-01-17,7,1606,3,747,4,859,0,0,4,1293,3,156,4,1449,California
Tehama,2021-01-18,11,1617,6,753,5,864,0,0,6,1294,5,161,6,1455,California
Tehama,2021-01-19,293,1910,66,819,227,1091,0,0,238,1477,55,216,238,1693,California
Tehama,2021-01-20,303,2213,87,906,216,1307,0,0,253,1681,49,265,253,1946,California
Tehama,2021-01-21,214,2427,11,917,203,1510,0,0,204,1875,10,275,204,2150,California
Tehama,2021-01-22,224,2651,21,938,203,1713,0,0,221,2093,3,278,221,2371,California
Tehama,2021-01-23,257,2908,7,945,250,1963,0,0,256,2348,1,279,256,2627,California
Tehama,2021-01-24,2,2910,1,946,1,1964,0,0,2,2350,0,279,2,2629,California
Tehama,2021-01-25,33,2943,15,961,18,1982,0,0,15,2347,18,297,15,2644,California
Tehama,2021-01-26,322,3265,42,1003,280,2262,0,0,285,2595,37,334,285,2929,California
Tehama,2021-01-27,300,3565,21,1024,279,2541,0,0,280,2855,20,354,280,3209,California
Tehama,2021-01-28,343,3908,31,1055,312,2853,0,0,328,3168,15,369,328,3537,California
Tehama,2021-01-29,323,4231,20,1075,303,3156,0,0,305,3455,18,387,305,3842,California
Tehama,2021-01-30,102,4333,2,1077,100,3256,0,0,101,3555,1,388,101,3943,California
Tehama,2021-01-31,1,4334,0,1077,1,3257,0,0,1,3556,0,388,1,3944,California
Tehama,2021-02-01,79,4413,23,1100,56,3313,0,0,36,3549,43,431,36,3980,California
Tehama,2021-02-02,360,4773,64,1164,296,3609,0,0,262,3713,98,529,262,4242,California
Tehama,2021-02-03,409,5182,12,1176,397,4006,0,0,364,4032,45,574,364,4606,California
Tehama,2021-02-04,497,5679,99,1275,398,4404,0,0,416,4368,81,655,417,5023,California
Tehama,2021-02-05,180,5859,73,1348,107,4511,0,0,118,4424,62,717,118,5141,California
Tehama,2021-02-06,29,5888,14,1362,15,4526,0,0,17,4429,12,729,17,5158,California
Tehama,2021-02-07,6,5894,5,1367,1,4527,0,0,2,4428,3,732,2,5160,California
Tehama,2021-02-08,35,5929,13,1380,22,4549,0,0,26,4445,9,741,26,5186,California
Tehama,2021-02-09,75,6004,35,1415,40,4589,0,0,40,4450,35,776,40,5226,California
Tehama,2021-02-10,233,6237,63,1478,170,4759,0,0,157,4531,76,852,157,5383,California
Tehama,2021-02-11,220,6457,15,1493,205,4964,0,0,82,4477,136,988,82,5465,California
Tehama,2021-02-12,364,6821,66,1559,298,5262,0,0,172,4457,192,1180,172,5637,California
Tehama,2021-02-13,385,7206,14,1573,371,5633,0,0,145,4362,240,1420,145,5782,California
Tehama,2021-02-14,38,7244,2,1575,36,5669,0,0,36,4396,2,1422,36,5818,California
Tehama,2021-02-15,53,7297,10,1585,43,5712,0,0,47,4437,6,1428,47,5865,California
Tehama,2021-02-16,248,7545,16,1601,232,5944,0,0,64,4317,184,1612,64,5929,California
Tehama,2021-02-17,284,7829,12,1613,272,6216,0,0,54,4141,230,1842,54,5983,California
Tehama,2021-02-18,371,8200,32,1645,339,6555,0,0,145,4060,226,2068,145,6128,California
Tehama,2021-02-19,215,8415,18,1663,197,6752,0,0,43,3931,172,2240,43,6171,California
Tehama,2021-02-20,271,8686,7,1670,264,7016,0,0,27,3714,244,2484,27,6198,California
Tehama,2021-02-21,2,8688,1,1671,1,7017,0,0,1,3714,1,2485,1,6199,California
Tehama,2021-02-22,41,8729,16,1687,25,7042,0,0,28,3729,13,2498,28,6227,California
Tehama,2021-02-23,71,8800,20,1707,51,7093,0,0,27,3712,44,2542,27,6254,California
Tehama,2021-02-24,303,9103,13,1720,290,7383,0,0,29,3467,274,2816,29,6283,California
Tehama,2021-02-25,381,9484,61,1781,320,7703,0,0,41,3168,340,3156,41,6324,California
Tehama,2021-02-26,461,9945,19,1800,442,8145,0,0,71,2849,390,3546,71,6395,California
Tehama,2021-02-27,296,10241,5,1805,291,8436,0,0,34,2621,262,3808,34,6429,California
Tehama,2021-02-28,23,10264,2,1807,21,8457,0,0,20,2638,3,3811,20,6449,California
Tehama,2021-03-01,67,10331,8,1815,59,8516,0,0,33,2637,34,3845,33,6482,California
Tehama,2021-03-02,155,10486,18,1833,137,8653,0,0,31,2544,124,3969,31,6513,California
Tehama,2021-03-03,166,10652,32,1865,134,8787,0,0,50,2478,116,4085,50,6563,California
Tehama,2021-03-04,663,11315,39,1904,624,9411,0,0,225,2270,433,4518,225,6788,California
Tehama,2021-03-05,406,11721,20,1924,386,9797,0,0,215,2295,190,4708,215,7003,California
Tehama,2021-03-06,303,12024,15,1939,288,10085,0,0,80,2154,222,4930,81,7084,California
Tehama,2021-03-07,6,12030,1,1940,5,10090,0,0,3,2155,2,4932,3,7087,California
Tehama,2021-03-08,57,12087,12,1952,30,10120,15,15,26,2166,30,4962,41,7128,California
Tehama,2021-03-09,367,12454,8,1960,340,10460,19,34,312,2442,55,5017,331,7459,California
Tehama,2021-03-10,356,12810,17,1977,318,10778,21,55,73,2254,282,5299,94,7553,California
Tehama,2021-03-11,496,13306,18,1995,429,11207,49,104,348,2503,148,5447,397,7950,California
Tehama,2021-03-12,307,13613,20,2015,222,11429,65,169,179,2620,127,5574,244,8194,California
Tehama,2021-03-13,49,13662,8,2023,34,11463,7,176,6,2590,43,5617,13,8207,California
Tehama,2021-03-14,53,13715,3,2026,40,11503,10,186,9,2565,44,5661,19,8226,California
Tehama,2021-03-15,154,13869,22,2048,112,11615,20,206,84,2599,70,5731,104,8330,California
Tehama,2021-03-16,419,14288,14,2062,367,11982,38,244,315,2849,103,5834,353,8683,California
Tehama,2021-03-17,434,14722,22,2084,380,12362,32,276,351,3151,81,5915,383,9066,California
Tehama,2021-03-18,486,15208,26,2110,436,12798,24,300,307,3305,177,6092,331,9397,California
Tehama,2021-03-19,318,15526,22,2132,283,13081,13,313,276,3552,42,6134,289,9686,California
Tehama,2021-03-20,41,15567,8,2140,31,13112,2,315,29,3571,12,6146,31,9717,California
Tehama,2021-03-21,12,15579,5,2145,7,13119,0,315,12,3583,0,6146,12,9729,California
Tehama,2021-03-22,92,15671,8,2153,67,13186,17,332,50,3608,42,6188,67,9796,California
Tehama,2021-03-23,88,15759,28,2181,54,13240,6,338,70,3666,18,6206,76,9872,California
Tehama,2021-03-24,85,15844,16,2197,67,13307,2,340,54,3691,31,6237,56,9928,California
Tehama,2021-03-25,539,16383,363,2560,163,13470,13,353,482,4130,56,6293,495,10423,California
Tehama,2021-03-26,514,16897,403,2963,99,13569,12,365,434,4499,77,6370,446,10869,California
Tehama,2021-03-27,452,17349,356,3319,71,13640,25,390,383,4839,68,6438,408,11277,California
Tehama,2021-03-28,31,17380,10,3329,21,13661,0,390,19,4846,12,6450,19,11296,California
Tehama,2021-03-29,127,17507,32,3361,94,13755,1,391,81,4881,46,6496,81,11377,California
Tehama,2021-03-30,374,17881,222,3583,150,13905,2,393,253,5015,121,6617,255,11632,California
Tehama,2021-03-31,401,18282,298,3881,100,14005,3,396,328,5273,72,6689,330,11962,California
Tehama,2021-04-01,528,18810,247,4128,275,14280,6,402,395,5542,132,6821,401,12363,California
Tehama,2021-04-02,458,19268,216,4344,237,14517,5,407,273,5634,185,7006,277,12640,California
Tehama,2021-04-03,62,19330,4,4348,53,14570,5,412,31,5639,31,7037,36,12676,California
Tehama,2021-04-04,35,19365,7,4355,27,14597,1,413,23,5651,12,7049,24,12700,California
Tehama,2021-04-05,118,19483,21,4376,69,14666,28,441,61,5683,57,7106,89,12789,California
Tehama,2021-04-06,492,19975,109,4485,332,14998,51,492,137,5516,355,7461,188,12977,California
Tehama,2021-04-07,417,20392,284,4769,90,15088,43,535,304,5750,112,7573,346,13323,California
Tehama,2021-04-08,608,21000,174,4943,394,15482,40,575,230,5643,377,7950,270,13593,California
Tehama,2021-04-09,431,21431,193,5136,204,15686,34,609,215,5677,215,8165,249,13842,California
Tehama,2021-04-10,79,21510,9,5145,38,15724,32,641,40,5710,39,8204,72,13914,California
Tehama,2021-04-11,33,21543,7,5152,15,15739,11,652,8,5704,25,8229,19,13933,California
Tehama,2021-04-12,112,21655,6,5158,87,15826,19,671,40,5691,72,8301,59,13992,California
Tehama,2021-04-13,390,22045,66,5224,324,16150,0,671,67,5435,323,8624,67,14059,California
Tehama,2021-04-14,408,22453,54,5278,354,16504,0,671,51,5131,355,8979,51,14110,California
Tehama,2021-04-15,518,22971,193,5471,325,16829,0,671,81,4776,436,9415,81,14191,California
Tehama,2021-04-16,598,23569,342,5813,256,17085,0,671,75,4328,523,9938,75,14266,California
Tehama,2021-04-17,349,23918,269,6082,80,17165,0,671,41,4063,307,10245,42,14308,California
Tehama,2021-04-18,17,23935,3,6085,14,17179,0,671,14,4074,3,10248,14,14322,California
Tehama,2021-04-19,97,24032,8,6093,89,17268,0,671,41,4059,56,10304,41,14363,California
Tehama,2021-04-20,528,24560,435,6528,93,17361,0,671,152,3840,373,10677,154,14517,California
Tehama,2021-04-21,512,25072,434,6962,78,17439,0,671,170,3670,340,11017,170,14687,California
Tehama,2021-04-22,526,25598,366,7328,160,17599,0,671,157,3461,366,11383,157,14844,California
Tehama,2021-04-23,454,26052,351,7679,103,17702,0,671,204,3417,249,11632,205,15049,California
Tehama,2021-04-24,104,26156,18,7697,86,17788,0,671,27,3367,77,11709,27,15076,California
Tehama,2021-04-25,29,26185,18,7715,11,17799,0,671,9,3357,19,11728,9,15085,California
Tehama,2021-04-26,87,26272,12,7727,75,17874,0,671,47,3364,40,11768,47,15132,California
Tehama,2021-04-27,257,26529,209,7936,47,17921,1,672,95,3298,162,11930,96,15228,California
Tehama,2021-04-28,405,26934,324,8260,64,17985,17,689,71,3052,334,12264,88,15316,California
Tehama,2021-04-29,359,27293,172,8432,181,18166,6,695,72,2844,286,12550,78,15394,California
Tehama,2021-04-30,327,27620,240,8672,81,18247,6,701,113,2749,214,12764,119,15513,California
Tehama,2021-05-01,74,27694,4,8676,67,18314,3,704,16,2710,58,12822,19,15532,California
Tehama,2021-05-02,44,27738,22,8698,10,18324,12,716,24,2726,20,12842,36,15568,California
Tehama,2021-05-03,119,27857,40,8738,71,18395,8,724,64,2743,55,12897,72,15640,California
Tehama,2021-05-04,164,28021,59,8797,98,18493,7,731,71,2728,93,12990,78,15718,California
Tehama,2021-05-05,95,28116,26,8823,59,18552,10,741,44,2731,51,13041,54,15772,California
Tehama,2021-05-06,169,28285,94,8917,60,18612,15,756,103,2783,66,13107,118,15890,California
Tehama,2021-05-07,178,28463,73,8990,94,18706,11,767,52,2722,124,13231,63,15953,California
Tehama,2021-05-08,50,28513,6,8996,43,18749,1,768,14,2701,36,13267,15,15968,California
Tehama,2021-05-09,17,28530,4,9000,13,18762,0,768,7,2698,10,13277,7,15975,California
Tehama,2021-05-10,80,28610,8,9008,66,18828,6,774,39,2702,40,13317,44,16019,California
Tehama,2021-05-11,176,28786,117,9125,49,18877,10,784,37,2610,139,13456,47,16066,California
Tehama,2021-05-12,213,28999,133,9258,69,18946,11,795,48,2504,165,13621,59,16125,California
Tehama,2021-05-13,249,29248,168,9426,73,19019,8,803,114,2492,134,13755,122,16247,California
Tehama,2021-05-14,248,29496,134,9560,93,19112,21,824,59,2384,188,13943,80,16327,California
Tehama,2021-05-15,225,29721,135,9695,54,19166,36,860,161,2518,63,14006,197,16524,California
Tehama,2021-05-16,27,29748,7,9702,17,19183,3,863,15,2524,12,14018,18,16542,California
Tehama,2021-05-17,113,29861,29,9731,69,19252,15,878,54,2535,58,14076,69,16611,California
Tehama,2021-05-18,153,30014,78,9809,60,19312,15,893,50,2499,101,14177,65,16676,California
Tehama,2021-05-19,127,30141,54,9863,63,19375,10,903,41,2464,86,14263,51,16727,California
Tehama,2021-05-20,334,30475,242,10105,69,19444,23,926,231,2616,102,14365,254,16981,California
Tehama,2021-05-21,222,30697,99,10204,110,19554,13,939,79,2567,141,14506,92,17073,California
Tehama,2021-05-22,66,30763,32,10236,30,19584,4,943,38,2581,28,14534,42,17115,California
Tehama,2021-05-23,50,30813,25,10261,14,19598,11,954,14,2570,36,14570,25,17140,California
Tehama,2021-05-24,99,30912,31,10292,60,19658,8,962,34,2547,65,14635,42,17182,California
Tehama,2021-05-25,77,30989,20,10312,49,19707,8,970,47,2572,29,14664,54,17236,California
Tehama,2021-05-26,80,31069,31,10343,46,19753,3,973,52,2600,27,14691,55,17291,California
Tehama,2021-05-27,156,31225,98,10441,54,19807,4,977,51,2552,103,14794,55,17346,California
Tehama,2021-05-28,136,31361,37,10478,92,19899,7,984,65,2554,70,14864,72,17418,California
Tehama,2021-05-29,53,31414,8,10486,40,19939,5,989,34,2574,19,14883,39,17457,California
Tehama,2021-05-30,15,31429,5,10491,9,19948,1,990,6,2572,9,14892,7,17464,California
Tehama,2021-05-31,18,31447,2,10493,15,19963,1,991,5,2565,13,14905,6,17470,California
Tehama,2021-06-01,100,31547,18,10511,64,20027,18,1009,32,2547,68,14973,50,17520,California
Tehama,2021-06-02,88,31635,30,10541,53,20080,5,1014,32,2528,56,15029,37,17557,California
Tehama,2021-06-03,136,31771,102,10643,23,20103,11,1025,29,2461,107,15136,40,17597,California
Tehama,2021-06-04,145,31916,38,10681,93,20196,14,1039,63,2455,81,15217,75,17672,California
Tehama,2021-06-05,158,32074,128,10809,22,20218,8,1047,31,2368,126,15343,39,17711,California
Tehama,2021-06-06,15,32089,7,10816,2,20220,6,1053,2,2363,12,15355,7,17718,California
Tehama,2021-06-07,68,32157,27,10843,39,20259,2,1055,18,2333,50,15405,20,17738,California
Tehama,2021-06-08,103,32260,34,10877,60,20319,9,1064,37,2314,65,15470,46,17784,California
Tehama,2021-06-09,87,32347,43,10920,42,20361,2,1066,43,2315,44,15514,45,17829,California
Tehama,2021-06-10,268,32615,217,11137,41,20402,10,1076,38,2134,229,15743,48,17877,California
Tehama,2021-06-11,148,32763,66,11203,73,20475,9,1085,55,2108,90,15833,64,17941,California
Tehama,2021-06-12,62,32825,39,11242,23,20498,0,1085,24,2094,38,15871,24,17965,California
Tehama,2021-06-13,22,32847,6,11248,10,20508,6,1091,5,2088,17,15888,11,17976,California
Tehama,2021-06-14,92,32939,16,11264,69,20577,7,1098,26,2055,66,15954,33,18009,California
Tehama,2021-06-15,97,33036,43,11307,39,20616,15,1113,37,2048,59,16013,52,18061,California
Tehama,2021-06-16,93,33129,62,11369,28,20644,3,1116,47,2052,46,16059,50,18111,California
Tehama,2021-06-17,153,33282,109,11478,29,20673,15,1131,88,2091,63,16122,102,18213,California
Tehama,2021-06-18,108,33390,42,11520,52,20725,14,1145,36,2069,72,16194,50,18263,California
Tehama,2021-06-19,40,33430,14,11534,21,20746,5,1150,17,2068,23,16217,22,18285,California
Tehama,2021-06-20,16,33446,5,11539,10,20756,1,1151,6,2065,10,16227,7,18292,California
Tehama,2021-06-21,64,33510,19,11558,37,20793,8,1159,23,2055,41,16268,31,18323,California
Tehama,2021-06-22,81,33591,25,11583,42,20835,14,1173,34,2057,46,16314,48,18371,California
Tehama,2021-06-23,95,33686,54,11637,37,20872,4,1177,46,2058,48,16362,49,18420,California
Tehama,2021-06-24,88,33774,42,11679,38,20910,8,1185,48,2074,40,16402,56,18476,California
Tehama,2021-06-25,136,33910,74,11753,55,20965,7,1192,59,2064,76,16478,66,18542,California
Tehama,2021-06-26,46,33956,23,11776,23,20988,0,1192,22,2062,24,16502,22,18564,California
Tehama,2021-06-27,8,33964,4,11780,3,20991,1,1193,5,2065,3,16505,6,18570,California
Tehama,2021-06-28,42,34006,16,11796,21,21012,5,1198,21,2070,21,16526,26,18596,California
Tehama,2021-06-29,64,34070,23,11819,37,21049,4,1202,33,2077,30,16556,37,18633,California
Tehama,2021-06-30,75,34145,55,11874,19,21068,1,1203,37,2077,38,16594,38,18671,California
Tehama,2021-07-01,43,34188,26,11900,14,21082,3,1206,23,2083,20,16614,26,18697,California
Trinity,2020-12-17,4,4,4,4,0,0,0,0,4,4,0,0,4,4,California
Trinity,2020-12-18,2,6,2,6,0,0,0,0,2,6,0,0,2,6,California
Trinity,2020-12-21,38,44,38,44,0,0,0,0,38,44,0,0,38,44,California
Trinity,2020-12-22,4,48,4,48,0,0,0,0,4,48,0,0,4,48,California
Trinity,2020-12-23,6,54,5,53,1,1,0,0,6,54,0,0,6,54,California
Trinity,2020-12-28,31,85,31,84,0,1,0,0,31,85,0,0,31,85,California
Trinity,2020-12-29,8,93,7,91,1,2,0,0,8,93,0,0,8,93,California
Trinity,2020-12-30,10,103,8,99,2,4,0,0,10,103,0,0,10,103,California
Trinity,2020-12-31,2,105,1,100,1,5,0,0,2,105,0,0,2,105,California
Trinity,2021-01-04,27,132,0,100,27,32,0,0,26,131,0,0,26,131,California
Trinity,2021-01-05,3,135,1,101,2,34,0,0,3,134,0,0,3,134,California
Trinity,2021-01-06,24,159,4,105,20,54,0,0,20,150,4,4,20,154,California
Trinity,2021-01-08,49,208,2,107,47,101,0,0,48,196,2,6,48,202,California
Trinity,2021-01-11,41,249,38,145,3,104,0,0,4,163,37,43,4,206,California
Trinity,2021-01-12,9,258,6,151,3,107,0,0,4,162,5,48,4,210,California
Trinity,2021-01-13,7,265,4,155,3,110,0,0,4,163,3,51,4,214,California
Trinity,2021-01-14,4,269,1,156,3,113,0,0,4,167,0,51,4,218,California
Trinity,2021-01-15,4,273,0,156,4,117,0,0,4,171,0,51,4,222,California
Trinity,2021-01-16,4,277,0,156,4,121,0,0,4,175,0,51,4,226,California
Trinity,2021-01-18,31,308,31,187,0,121,0,0,0,144,31,82,0,226,California
Trinity,2021-01-19,35,343,14,201,21,142,0,0,21,151,14,96,21,247,California
Trinity,2021-01-20,20,363,3,204,17,159,0,0,17,165,3,99,17,264,California
Trinity,2021-01-21,17,380,7,211,10,169,0,0,17,182,0,99,17,281,California
Trinity,2021-01-22,5,385,1,212,4,173,0,0,5,187,0,99,5,286,California
Trinity,2021-01-23,7,392,3,215,4,177,0,0,7,194,0,99,7,293,California
Trinity,2021-01-25,14,406,1,216,13,190,0,0,13,206,1,100,13,306,California
Trinity,2021-01-26,10,416,1,217,9,199,0,0,9,214,1,101,9,315,California
Trinity,2021-01-27,12,428,0,217,12,211,0,0,12,226,0,101,12,327,California
Trinity,2021-01-28,12,440,2,219,10,221,0,0,9,232,3,104,9,336,California
Trinity,2021-01-29,2,442,0,219,2,223,0,0,1,232,1,105,1,337,California
Trinity,2021-01-30,12,454,11,230,1,224,0,0,12,244,0,105,12,349,California
Trinity,2021-02-01,2,456,1,231,1,225,0,0,1,244,1,106,1,350,California
Trinity,2021-02-02,15,471,3,234,12,237,0,0,14,257,1,107,14,364,California
Trinity,2021-02-03,7,478,1,235,6,243,0,0,4,258,3,110,4,368,California
Trinity,2021-02-04,42,520,32,267,10,253,0,0,35,286,7,117,35,403,California
Trinity,2021-02-05,354,874,0,267,354,607,0,0,323,578,31,148,323,726,California
Trinity,2021-02-06,210,1084,5,272,205,812,0,0,203,774,7,155,203,929,California
Trinity,2021-02-07,1,1085,0,272,1,813,0,0,1,775,0,155,1,930,California
Trinity,2021-02-08,27,1112,0,272,27,840,0,0,16,780,11,166,16,946,California
Trinity,2021-02-09,27,1139,2,274,25,865,0,0,11,775,16,182,11,957,California
Trinity,2021-02-10,122,1261,10,284,112,977,0,0,102,857,20,202,102,1059,California
Trinity,2021-02-11,338,1599,2,286,336,1313,0,0,331,1181,7,209,331,1390,California
Trinity,2021-02-12,18,1617,10,296,8,1321,0,0,14,1191,4,213,14,1404,California
Trinity,2021-02-13,13,1630,6,302,7,1328,0,0,6,1190,7,220,6,1410,California
Trinity,2021-02-14,2,1632,2,304,0,1328,0,0,2,1192,0,220,2,1412,California
Trinity,2021-02-15,47,1679,0,304,47,1375,0,0,47,1239,0,220,47,1459,California
Trinity,2021-02-16,5,1684,1,305,4,1379,0,0,3,1240,2,222,3,1462,California
Trinity,2021-02-17,94,1778,2,307,92,1471,0,0,84,1314,10,232,84,1546,California
Trinity,2021-02-18,4,1782,0,307,4,1475,0,0,1,1312,3,235,1,1547,California
Trinity,2021-02-19,307,2089,1,308,306,1781,0,0,294,1593,13,248,294,1841,California
Trinity,2021-02-20,142,2231,14,322,128,1909,0,0,114,1679,28,276,114,1955,California
Trinity,2021-02-21,1,2232,1,323,0,1909,0,0,1,1680,0,276,1,1956,California
Trinity,2021-02-22,8,2240,0,323,8,1917,0,0,5,1682,3,279,5,1961,California
Trinity,2021-02-23,10,2250,3,326,7,1924,0,0,5,1682,5,284,5,1966,California
Trinity,2021-02-24,30,2280,8,334,22,1946,0,0,7,1666,23,307,7,1973,California
Trinity,2021-02-25,36,2316,23,357,13,1959,0,0,5,1640,31,338,5,1978,California
Trinity,2021-02-26,12,2328,2,359,10,1969,0,0,6,1640,6,344,6,1984,California
Trinity,2021-02-27,12,2340,10,369,2,1971,0,0,6,1640,6,350,6,1990,California
Trinity,2021-03-01,10,2350,0,369,10,1981,0,0,5,1640,5,355,5,1995,California
Trinity,2021-03-02,9,2359,3,372,6,1987,0,0,2,1635,7,362,2,1997,California
Trinity,2021-03-03,4,2363,0,372,4,1991,0,0,3,1637,1,363,3,2000,California
Trinity,2021-03-04,24,2387,19,391,5,1996,0,0,10,1633,14,377,10,2010,California
Trinity,2021-03-05,391,2778,1,392,390,2386,0,0,120,1486,267,644,120,2130,California
Trinity,2021-03-06,202,2980,7,399,195,2581,0,0,26,1336,176,820,26,2156,California
Trinity,2021-03-07,4,2984,3,402,1,2582,0,0,3,1338,1,821,3,2159,California
Trinity,2021-03-08,5,2989,1,403,3,2585,1,1,2,1338,3,824,3,2162,California
Trinity,2021-03-09,94,3083,0,403,92,2677,2,3,88,1422,6,830,90,2252,California
Trinity,2021-03-10,126,3209,3,406,120,2797,3,6,38,1375,88,918,41,2293,California
Trinity,2021-03-11,16,3225,4,410,10,2807,2,8,5,1371,11,929,7,2300,California
Trinity,2021-03-12,397,3622,5,415,386,3193,6,14,96,1172,301,1230,102,2402,California
Trinity,2021-03-13,14,3636,8,423,4,3197,2,16,8,1176,6,1236,10,2412,California
Trinity,2021-03-14,4,3640,1,424,3,3200,0,16,3,1178,1,1237,3,2415,California
Trinity,2021-03-15,67,3707,0,424,66,3266,1,17,14,1140,53,1290,15,2430,California
Trinity,2021-03-16,116,3823,7,431,109,3375,0,17,103,1230,13,1303,103,2533,California
Trinity,2021-03-17,100,3923,3,434,97,3472,0,17,26,1182,74,1377,26,2559,California
Trinity,2021-03-18,11,3934,2,436,6,3478,3,20,5,1184,6,1383,8,2567,California
Trinity,2021-03-19,461,4395,4,440,347,3825,110,130,33,899,428,1811,143,2710,California
Trinity,2021-03-20,105,4500,7,447,98,3923,0,130,68,931,36,1847,68,2778,California
Trinity,2021-03-21,4,4504,0,447,3,3926,1,131,3,934,1,1848,4,2782,California
Trinity,2021-03-22,2,4506,0,447,2,3928,0,131,2,936,0,1848,2,2784,California
Trinity,2021-03-23,95,4601,2,449,93,4021,0,131,77,995,18,1866,77,2861,California
Trinity,2021-03-24,12,4613,1,450,11,4032,0,131,9,1001,3,1869,9,2870,California
Trinity,2021-03-25,111,4724,8,458,97,4129,6,137,85,1066,26,1895,91,2961,California
Trinity,2021-03-26,83,4807,8,466,75,4204,0,137,76,1135,7,1902,76,3037,California
Trinity,2021-03-27,20,4827,4,470,7,4211,9,146,9,1142,11,1913,18,3055,California
Trinity,2021-03-28,5,4832,3,473,2,4213,0,146,1,1139,4,1917,1,3056,California
Trinity,2021-03-29,6,4838,1,474,5,4218,0,146,2,1137,4,1921,2,3058,California
Trinity,2021-03-30,77,4915,5,479,72,4290,0,146,67,1194,10,1931,67,3125,California
Trinity,2021-03-31,56,4971,5,484,19,4309,32,178,21,1211,35,1966,52,3177,California
Trinity,2021-04-01,41,5012,11,495,19,4328,11,189,21,1223,20,1986,32,3209,California
Trinity,2021-04-02,251,5263,5,500,172,4500,74,263,79,1205,171,2157,153,3362,California
Trinity,2021-04-03,17,5280,12,512,5,4505,0,263,7,1202,10,2167,7,3369,California
Trinity,2021-04-04,10,5290,8,520,2,4507,0,263,8,1208,2,2169,8,3377,California
Trinity,2021-04-05,58,5348,6,526,51,4558,1,264,54,1259,4,2173,55,3432,California
Trinity,2021-04-06,118,5466,15,541,100,4658,3,267,29,1202,89,2262,32,3464,California
Trinity,2021-04-07,27,5493,12,553,10,4668,5,272,19,1218,8,2270,24,3488,California
Trinity,2021-04-08,89,5582,10,563,77,4745,2,274,52,1235,37,2307,54,3542,California
Trinity,2021-04-09,170,5752,20,583,146,4891,4,278,92,1253,78,2385,96,3638,California
Trinity,2021-04-10,11,5763,7,590,4,4895,0,278,10,1262,1,2386,10,3648,California
Trinity,2021-04-11,10,5773,5,595,3,4898,2,280,4,1262,6,2392,6,3654,California
Trinity,2021-04-12,77,5850,5,600,71,4969,1,281,64,1314,12,2404,64,3718,California
Trinity,2021-04-13,104,5954,5,605,99,5068,0,281,11,1232,93,2497,11,3729,California
Trinity,2021-04-14,10,5964,5,610,5,5073,0,281,6,1234,4,2501,6,3735,California
Trinity,2021-04-15,45,6009,10,620,35,5108,0,281,15,1220,29,2530,15,3750,California
Trinity,2021-04-16,153,6162,13,633,140,5248,0,281,80,1228,72,2602,80,3830,California
Trinity,2021-04-17,11,6173,5,638,6,5254,0,281,9,1235,2,2604,9,3839,California
Trinity,2021-04-18,3,6176,1,639,2,5256,0,281,0,1232,3,2607,0,3839,California
Trinity,2021-04-19,67,6243,2,641,65,5321,0,281,66,1297,1,2608,66,3905,California
Trinity,2021-04-20,94,6337,8,649,86,5407,0,281,21,1245,73,2681,21,3926,California
Trinity,2021-04-21,22,6359,9,658,13,5420,0,281,9,1241,13,2694,9,3935,California
Trinity,2021-04-22,92,6451,5,663,87,5507,0,281,14,1177,78,2772,14,3949,California
Trinity,2021-04-23,178,6629,6,669,172,5679,0,281,110,1219,68,2840,110,4059,California
Trinity,2021-04-24,23,6652,12,681,11,5690,0,281,6,1208,17,2857,6,4065,California
Trinity,2021-04-25,10,6662,9,690,1,5691,0,281,3,1205,6,2863,3,4068,California
Trinity,2021-04-26,48,6710,9,699,39,5730,0,281,40,1237,8,2871,40,4108,California
Trinity,2021-04-27,88,6798,11,710,77,5807,0,281,23,1195,65,2936,23,4131,California
Trinity,2021-04-28,32,6830,11,721,21,5828,0,281,12,1187,20,2956,12,4143,California
Trinity,2021-04-29,34,6864,13,734,21,5849,0,281,12,1177,22,2978,12,4155,California
Trinity,2021-04-30,27,6891,21,755,6,5855,0,281,8,1167,18,2996,8,4163,California
Trinity,2021-05-01,15,6906,8,763,2,5857,5,286,5,1167,10,3006,10,4173,California
Trinity,2021-05-02,8,6914,5,768,1,5858,2,288,2,1165,6,3012,4,4177,California
Trinity,2021-05-03,58,6972,13,781,44,5902,1,289,9,1127,48,3060,10,4187,California
Trinity,2021-05-04,24,6996,11,792,12,5914,1,290,8,1120,16,3076,9,4196,California
Trinity,2021-05-05,11,7007,7,799,4,5918,0,290,4,1117,7,3083,4,4200,California
Trinity,2021-05-06,73,7080,10,809,61,5979,2,292,16,1078,57,3140,18,4218,California
Trinity,2021-05-07,179,7259,12,821,133,6112,34,326,14,961,165,3305,48,4266,California
Trinity,2021-05-08,6,7265,2,823,4,6116,0,326,2,959,4,3309,2,4268,California
Trinity,2021-05-09,11,7276,8,831,3,6119,0,326,7,962,4,3313,7,4275,California
Trinity,2021-05-10,15,7291,5,836,9,6128,1,327,8,964,7,3320,9,4284,California
Trinity,2021-05-11,8,7299,4,840,4,6132,0,327,6,968,2,3322,6,4290,California
Trinity,2021-05-12,19,7318,16,856,2,6134,1,328,14,978,5,3327,15,4305,California
Trinity,2021-05-13,15,7333,10,866,4,6138,1,329,9,982,6,3333,10,4315,California
Trinity,2021-05-14,140,7473,19,885,93,6231,28,357,39,948,101,3434,67,4382,California
Trinity,2021-05-15,15,7488,10,895,4,6235,1,358,7,949,7,3441,8,4390,California
Trinity,2021-05-16,8,7496,6,901,2,6237,0,358,6,953,2,3443,6,4396,California
Trinity,2021-05-17,108,7604,20,921,86,6323,2,360,42,931,66,3509,44,4440,California
Trinity,2021-05-18,37,7641,7,928,29,6352,1,361,11,917,26,3535,12,4452,California
Trinity,2021-05-19,146,7787,17,945,100,6452,29,390,29,859,116,3651,58,4510,California
Trinity,2021-05-20,28,7815,21,966,4,6456,3,393,17,868,11,3662,20,4530,California
Trinity,2021-05-21,21,7836,12,978,9,6465,0,393,12,871,9,3671,12,4542,California
Trinity,2021-05-22,17,7853,14,992,3,6468,0,393,13,880,4,3675,13,4555,California
Trinity,2021-05-23,6,7859,4,996,2,6470,0,393,2,878,4,3679,2,4557,California
Trinity,2021-05-24,109,7968,12,1008,96,6566,1,394,8,787,100,3779,9,4566,California
Trinity,2021-05-25,39,8007,14,1022,25,6591,0,394,17,782,22,3801,17,4583,California
Trinity,2021-05-26,12,8019,6,1028,6,6597,0,394,4,778,8,3809,4,4587,California
Trinity,2021-05-27,31,8050,14,1042,12,6609,5,399,8,768,23,3832,13,4600,California
Trinity,2021-05-28,14,8064,10,1052,3,6612,1,400,7,769,7,3839,8,4608,California
Trinity,2021-05-29,10,8074,7,1059,2,6614,1,401,7,774,3,3842,8,4616,California
Trinity,2021-05-30,6,8080,5,1064,1,6615,0,401,0,768,6,3848,0,4616,California
Trinity,2021-05-31,4,8084,3,1067,1,6616,0,401,2,768,2,3850,2,4618,California
Trinity,2021-06-01,14,8098,7,1074,5,6621,2,403,3,763,10,3860,5,4623,California
Trinity,2021-06-02,24,8122,19,1093,3,6624,2,405,9,759,15,3875,11,4634,California
Trinity,2021-06-03,39,8161,13,1106,26,6650,0,405,13,746,26,3901,13,4647,California
Trinity,2021-06-04,45,8206,21,1127,16,6666,8,413,12,733,33,3934,20,4667,California
Trinity,2021-06-05,19,8225,18,1145,1,6667,0,413,13,740,6,3940,13,4680,California
Trinity,2021-06-06,9,8234,6,1151,2,6669,1,414,2,736,7,3947,3,4683,California
Trinity,2021-06-07,28,8262,19,1170,8,6677,1,415,12,733,16,3963,13,4696,California
Trinity,2021-06-08,15,8277,13,1183,1,6678,1,416,4,727,11,3974,5,4701,California
Trinity,2021-06-09,24,8301,14,1197,1,6679,9,425,5,722,19,3993,14,4715,California
Trinity,2021-06-10,20,8321,18,1215,2,6681,0,425,5,712,15,4008,5,4720,California
Trinity,2021-06-11,45,8366,10,1225,33,6714,2,427,14,697,31,4039,16,4736,California
Trinity,2021-06-12,9,8375,9,1234,0,6714,0,427,2,692,7,4046,2,4738,California
Trinity,2021-06-13,4,8379,4,1238,0,6714,0,427,1,690,3,4049,1,4739,California
Trinity,2021-06-14,43,8422,16,1254,27,6741,0,427,11,669,32,4081,11,4750,California
Trinity,2021-06-15,45,8467,21,1275,3,6744,21,448,9,662,36,4117,29,4779,California
Trinity,2021-06-16,10,8477,6,1281,4,6748,0,448,3,658,7,4124,3,4782,California
Trinity,2021-06-17,16,8493,13,1294,1,6749,2,450,6,657,9,4133,8,4790,California
Trinity,2021-06-18,18,8511,10,1304,6,6755,2,452,6,653,12,4145,8,4798,California
Trinity,2021-06-19,10,8521,10,1314,0,6755,0,452,2,647,8,4153,2,4800,California
Trinity,2021-06-20,3,8524,3,1317,0,6755,0,452,3,650,0,4153,3,4803,California
Trinity,2021-06-21,8,8532,6,1323,0,6755,2,454,5,654,3,4156,7,4810,California
Trinity,2021-06-22,32,8564,9,1332,13,6768,10,464,14,660,18,4174,24,4834,California
Trinity,2021-06-23,15,8579,8,1340,1,6769,6,470,2,655,13,4187,8,4842,California
Trinity,2021-06-24,24,8603,14,1354,4,6773,6,476,15,667,9,4196,21,4863,California
Trinity,2021-06-25,10,8613,10,1364,0,6773,0,476,6,669,4,4200,6,4869,California
Trinity,2021-06-26,18,8631,18,1382,0,6773,0,476,8,667,10,4210,8,4877,California
Trinity,2021-06-27,4,8635,4,1386,0,6773,0,476,0,663,4,4214,0,4877,California
Trinity,2021-06-28,11,8646,9,1395,1,6774,1,477,4,661,7,4221,5,4882,California
Trinity,2021-06-29,11,8657,5,1400,3,6777,3,480,5,663,6,4227,8,4890,California
Trinity,2021-06-30,14,8671,10,1410,1,6778,3,483,6,664,8,4235,9,4899,California
Trinity,2021-07-01,18,8689,10,1420,1,6779,7,490,8,669,10,4245,15,4914,California
Tulare,2020-12-15,1,1,1,1,0,0,0,0,1,1,0,0,1,1,California
Tulare,2020-12-16,4,5,4,5,0,0,0,0,4,5,0,0,4,5,California
Tulare,2020-12-17,110,115,110,115,0,0,0,0,110,115,0,0,110,115,California
Tulare,2020-12-18,290,405,289,404,1,1,0,0,290,405,0,0,290,405,California
Tulare,2020-12-19,326,731,326,730,0,1,0,0,326,731,0,0,326,731,California
Tulare,2020-12-20,165,896,165,895,0,1,0,0,165,896,0,0,165,896,California
Tulare,2020-12-21,424,1320,424,1319,0,1,0,0,444,1340,0,0,444,1340,California
Tulare,2020-12-22,470,1790,468,1787,2,3,0,0,469,1809,0,0,469,1809,California
Tulare,2020-12-23,327,2117,318,2105,9,12,0,0,325,2134,0,0,325,2134,California
Tulare,2020-12-24,18,2135,16,2121,2,14,0,0,18,2152,0,0,18,2152,California
Tulare,2020-12-26,8,2143,7,2128,1,15,0,0,8,2160,0,0,8,2160,California
Tulare,2020-12-27,16,2159,12,2140,4,19,0,0,16,2176,0,0,16,2176,California
Tulare,2020-12-28,480,2639,467,2607,13,32,0,0,479,2655,0,0,479,2655,California
Tulare,2020-12-29,550,3189,480,3087,70,102,0,0,550,3205,0,0,550,3205,California
Tulare,2020-12-30,468,3657,424,3511,44,146,0,0,468,3673,0,0,468,3673,California
Tulare,2020-12-31,100,3757,22,3533,78,224,0,0,100,3773,0,0,100,3773,California
Tulare,2021-01-01,3,3760,1,3534,2,226,0,0,3,3776,0,0,3,3776,California
Tulare,2021-01-02,32,3792,19,3553,13,239,0,0,32,3808,0,0,32,3808,California
Tulare,2021-01-03,23,3815,9,3562,14,253,0,0,23,3831,0,0,23,3831,California
Tulare,2021-01-04,93,3908,16,3578,77,330,0,0,93,3924,0,0,93,3924,California
Tulare,2021-01-05,465,4373,279,3857,186,516,0,0,463,4385,2,2,463,4387,California
Tulare,2021-01-06,864,5237,634,4491,230,746,0,0,854,5229,10,12,854,5241,California
Tulare,2021-01-07,782,6019,585,5076,197,943,0,0,674,5795,108,120,674,5915,California
Tulare,2021-01-08,1279,7298,573,5649,706,1649,0,0,942,6401,336,456,942,6857,California
Tulare,2021-01-09,806,8104,204,5853,602,2251,0,0,618,6831,188,644,618,7475,California
Tulare,2021-01-10,51,8155,43,5896,8,2259,0,0,13,6806,38,682,13,7488,California
Tulare,2021-01-11,1275,9430,772,6668,503,2762,0,0,836,7203,439,1121,836,8324,California
Tulare,2021-01-12,1452,10882,505,7173,947,3709,0,0,1040,7834,411,1532,1042,9366,California
Tulare,2021-01-13,411,11293,179,7352,232,3941,0,0,336,8095,75,1607,336,9702,California
Tulare,2021-01-14,495,11788,145,7497,350,4291,0,0,469,8549,15,1622,469,10171,California
Tulare,2021-01-15,1651,13439,156,7653,1495,5786,0,0,1642,10182,9,1631,1642,11813,California
Tulare,2021-01-16,1928,15367,115,7768,1813,7599,0,0,1914,12082,14,1645,1914,13727,California
Tulare,2021-01-17,142,15509,122,7890,20,7619,0,0,132,12204,10,1655,132,13859,California
Tulare,2021-01-18,693,16202,657,8547,36,7655,0,0,295,12101,398,2053,295,14154,California
Tulare,2021-01-19,1019,17221,690,9237,329,7984,0,0,592,12266,427,2480,592,14746,California
Tulare,2021-01-20,2481,19702,667,9904,1814,9798,0,0,2044,13919,392,2872,2045,16791,California
Tulare,2021-01-21,1618,21320,227,10131,1391,11189,0,0,1590,15487,22,2894,1590,18381,California
Tulare,2021-01-22,1092,22412,214,10345,878,12067,0,0,1062,16520,29,2923,1062,19443,California
Tulare,2021-01-23,440,22852,157,10502,283,12350,0,0,419,16918,21,2944,419,19862,California
Tulare,2021-01-24,31,22883,28,10530,3,12353,0,0,29,16945,2,2946,29,19891,California
Tulare,2021-01-25,1353,24236,987,11517,366,12719,0,0,1300,18192,53,2999,1300,21191,California
Tulare,2021-01-26,1508,25744,1102,12619,406,13125,0,0,1168,19021,339,3338,1168,22359,California
Tulare,2021-01-27,1506,27250,1072,13691,434,13559,0,0,924,19364,581,3919,924,23283,California
Tulare,2021-01-28,1220,28470,779,14470,441,14000,0,0,819,19782,401,4320,819,24102,California
Tulare,2021-01-29,1130,29600,718,15188,412,14412,0,0,820,20292,310,4630,820,24922,California
Tulare,2021-01-30,1673,31273,1578,16766,95,14507,0,0,1648,21916,25,4655,1649,26571,California
Tulare,2021-01-31,66,31339,61,16827,5,14512,0,0,62,21974,4,4659,62,26633,California
Tulare,2021-02-01,1178,32517,905,17732,273,14785,0,0,816,22429,361,5020,816,27449,California
Tulare,2021-02-02,715,33232,360,18092,355,15140,0,0,460,22637,253,5273,461,27910,California
Tulare,2021-02-03,561,33793,228,18320,333,15473,0,0,330,22776,191,5464,330,28240,California
Tulare,2021-02-04,577,34370,176,18496,401,15874,0,0,283,22767,293,5757,284,28524,California
Tulare,2021-02-05,1245,35615,240,18736,1005,16879,0,0,407,22338,836,6593,407,28931,California
Tulare,2021-02-06,835,36450,156,18892,679,17558,0,0,207,21919,626,7219,207,29138,California
Tulare,2021-02-07,84,36534,71,18963,13,17571,0,0,23,21881,61,7280,23,29161,California
Tulare,2021-02-08,946,37480,329,19292,617,18188,0,0,239,21416,704,7984,239,29400,California
Tulare,2021-02-09,1416,38896,336,19628,1080,19268,0,0,341,20687,1070,9054,341,29741,California
Tulare,2021-02-10,2486,41382,1990,21618,496,19764,0,0,2074,22352,409,9463,2074,31815,California
Tulare,2021-02-11,1341,42723,377,21995,964,20728,0,0,878,22767,463,9926,878,32693,California
Tulare,2021-02-12,2792,45515,575,22570,2217,22945,0,0,1163,22309,1621,11547,1163,33856,California
Tulare,2021-02-13,2481,47996,159,22729,2322,25267,0,0,642,21116,1835,13382,642,34498,California
Tulare,2021-02-14,340,48336,39,22768,301,25568,0,0,303,21382,37,13419,303,34801,California
Tulare,2021-02-15,923,49259,295,23063,628,26196,0,0,662,21784,260,13679,662,35463,California
Tulare,2021-02-16,2851,52110,1596,24659,1255,27451,0,0,1084,21105,1764,15443,1085,36548,California
Tulare,2021-02-17,2706,54816,517,25176,2189,29640,0,0,450,19304,2251,17694,450,36998,California
Tulare,2021-02-18,2351,57167,453,25629,1898,31538,0,0,644,18249,1699,19393,644,37642,California
Tulare,2021-02-19,2347,59514,882,26511,1465,33003,0,0,972,17851,1370,20763,972,38614,California
Tulare,2021-02-20,2998,62512,1885,28396,1113,34116,0,0,1263,17387,1727,22490,1263,39877,California
Tulare,2021-02-21,102,62614,96,28492,6,34122,0,0,51,17390,48,22538,51,39928,California
Tulare,2021-02-22,1131,63745,712,29204,419,34541,0,0,215,16691,914,23452,215,40143,California
Tulare,2021-02-23,1981,65726,949,30153,1032,35573,0,0,1475,17663,503,23955,1475,41618,California
Tulare,2021-02-24,2494,68220,1554,31707,940,36513,0,0,2112,19395,381,24336,2113,43731,California
Tulare,2021-02-25,3524,71744,1990,33697,1534,38047,0,0,3106,22089,414,24750,3108,46839,California
Tulare,2021-02-26,3865,75609,1892,35589,1973,40020,0,0,3387,25000,476,25226,3387,50226,California
Tulare,2021-02-27,3007,78616,1497,37086,1510,41530,0,0,2872,27749,123,25349,2872,53098,California
Tulare,2021-02-28,1314,79930,1040,38126,274,41804,0,0,1292,29023,18,25367,1292,54390,California
Tulare,2021-03-01,1793,81723,809,38935,983,42787,1,1,1600,30434,190,25557,1601,55991,California
Tulare,2021-03-02,2817,84540,1271,40206,1546,44333,0,1,2637,32894,178,25735,2638,58629,California
Tulare,2021-03-03,4086,88626,2733,42939,1352,45685,1,2,2130,33076,1951,27686,2133,60762,California
Tulare,2021-03-04,2987,91613,1348,44287,1639,47324,0,2,2640,35378,338,28024,2640,63402,California
Tulare,2021-03-05,3505,95118,1759,46046,1731,49055,15,17,2985,37864,517,28541,3003,66405,California
Tulare,2021-03-06,3096,98214,1447,47493,1589,50644,60,77,2840,40509,253,28794,2898,69303,California
Tulare,2021-03-07,1140,99354,706,48199,413,51057,21,98,1099,41589,40,28834,1120,70423,California
Tulare,2021-03-08,1737,101091,1007,49206,561,51618,169,267,1404,42834,327,29161,1572,71995,California
Tulare,2021-03-09,3269,104360,2246,51452,875,52493,148,415,2854,45420,414,29575,3000,74995,California
Tulare,2021-03-10,2984,107344,1404,52856,1405,53898,175,590,2576,47773,397,29972,2750,77745,California
Tulare,2021-03-11,4246,111590,1999,54855,1943,55841,304,894,3294,50420,952,30924,3599,81344,California
Tulare,2021-03-12,4424,116014,2436,57291,1635,57476,353,1247,3129,52615,1285,32209,3480,84824,California
Tulare,2021-03-13,4157,120171,1946,59237,2106,59582,105,1352,3199,54969,950,33159,3304,88128,California
Tulare,2021-03-14,1862,122033,989,60226,653,60235,220,1572,1335,55995,526,33685,1552,89680,California
Tulare,2021-03-15,2755,124788,1632,61858,1008,61243,115,1687,1972,57307,778,34463,2090,91770,California
Tulare,2021-03-16,3439,128227,2119,63977,1243,62486,77,1764,1876,57704,1559,36022,1956,93726,California
Tulare,2021-03-17,4086,132313,2667,66644,1343,63829,76,1840,2329,58365,1751,37773,2412,96138,California
Tulare,2021-03-18,4677,136990,3414,70058,1191,65020,72,1912,2468,58712,2198,39971,2545,98683,California
Tulare,2021-03-19,5150,142140,3380,73438,1552,66572,218,2130,2732,59267,2397,42368,2952,101635,California
Tulare,2021-03-20,4492,146632,2799,76237,1322,67894,371,2501,2066,59291,2416,44784,2440,104075,California
Tulare,2021-03-21,2012,148644,1723,77960,263,68157,26,2527,1064,59436,944,45728,1089,105164,California
Tulare,2021-03-22,2583,151227,1795,79755,676,68833,112,2639,1697,60368,880,46608,1812,106976,California
Tulare,2021-03-23,3797,155024,2198,81953,1547,70380,52,2691,2083,60805,1704,48312,2141,109117,California
Tulare,2021-03-24,3205,158229,1988,83941,1176,71556,41,2732,1718,61088,1477,49789,1760,110877,California
Tulare,2021-03-25,3484,161713,1812,85753,1498,73054,174,2906,1676,61140,1800,51589,1852,112729,California
Tulare,2021-03-26,5263,166976,3136,88889,2015,75069,112,3018,2545,61097,2700,54289,2657,115386,California
Tulare,2021-03-27,3543,170519,1817,90706,1628,76697,98,3116,989,59637,2546,56835,1086,116472,California
Tulare,2021-03-28,1475,171994,1070,91776,374,77071,31,3147,672,59549,801,57636,713,117185,California
Tulare,2021-03-29,2888,174882,1673,93449,1108,78179,107,3254,1226,59227,1657,59293,1335,118520,California
Tulare,2021-03-30,4923,179805,2789,96238,1901,80080,233,3487,1498,57536,3414,62707,1723,120243,California
Tulare,2021-03-31,3973,183778,2343,98581,1516,81596,114,3601,1552,56791,2412,65119,1667,121910,California
Tulare,2021-04-01,4542,188320,2455,101036,2015,83611,72,3673,1559,55451,2972,68091,1632,123542,California
Tulare,2021-04-02,5372,193692,3062,104098,2184,85795,126,3799,1554,53331,3801,71892,1681,125223,California
Tulare,2021-04-03,3633,197325,2095,106193,1163,86958,375,4174,833,51775,2762,74654,1206,126429,California
Tulare,2021-04-04,1633,198958,1146,107339,480,87438,7,4181,356,50866,1272,75926,363,126792,California
Tulare,2021-04-05,3355,202313,2344,109683,744,88182,267,4448,851,49494,2491,78417,1119,127911,California
Tulare,2021-04-06,3440,205753,1472,111155,1471,89653,497,4945,891,48344,2540,80957,1390,129301,California
Tulare,2021-04-07,3936,209689,1840,112995,1654,91307,442,5387,1175,47201,2750,83707,1607,130908,California
Tulare,2021-04-08,4802,214491,2627,115622,1715,93022,460,5847,1537,45944,3251,86958,1994,132902,California
Tulare,2021-04-09,4848,219339,2997,118619,1415,94437,436,6283,1819,45179,3021,89979,2256,135158,California
Tulare,2021-04-10,3843,223182,2071,120690,1452,95889,320,6603,930,43521,2904,92883,1246,136404,California
Tulare,2021-04-11,1588,224770,1050,121740,464,96353,74,6677,490,42990,1095,93978,564,136968,California
Tulare,2021-04-12,3426,228196,2137,123877,693,97046,596,7273,1071,42313,2345,96323,1668,138636,California
Tulare,2021-04-13,2411,230607,1595,125472,807,97853,9,7282,900,41727,1497,97820,911,139547,California
Tulare,2021-04-14,2879,233486,1702,127174,1177,99030,0,7282,911,40675,1963,99783,911,140458,California
Tulare,2021-04-15,3319,236805,2165,129339,1154,100184,0,7282,1472,40313,1834,101617,1472,141930,California
Tulare,2021-04-16,3725,240530,2249,131588,1476,101660,0,7282,1492,39585,2220,103837,1492,143422,California
Tulare,2021-04-17,2253,242783,1326,132914,927,102587,0,7282,1194,39727,1053,104890,1195,144617,California
Tulare,2021-04-18,1575,244358,1237,134151,338,102925,0,7282,827,39807,747,105637,827,145444,California
Tulare,2021-04-19,2187,246545,1272,135423,914,103839,1,7283,897,39420,1285,106922,898,146342,California
Tulare,2021-04-20,2423,248968,1390,136813,1033,104872,0,7283,1006,39026,1400,108322,1006,147348,California
Tulare,2021-04-21,2322,251290,1440,138253,882,105754,0,7283,841,38428,1440,109762,842,148190,California
Tulare,2021-04-22,2173,253463,1235,139488,938,106692,0,7283,742,37758,1412,111174,742,148932,California
Tulare,2021-04-23,2641,256104,1630,141118,1010,107702,1,7284,1029,37189,1599,112773,1030,149962,California
Tulare,2021-04-24,1644,257748,1054,142172,588,108290,2,7286,852,37256,787,113560,854,150816,California
Tulare,2021-04-25,694,258442,522,142694,172,108462,0,7286,266,37095,427,113987,266,151082,California
Tulare,2021-04-26,1557,259999,947,143641,591,109053,19,7305,655,36872,895,114882,672,151754,California
Tulare,2021-04-27,1703,261702,708,144349,957,110010,38,7343,731,36673,967,115849,768,152522,California
Tulare,2021-04-28,1752,263454,1006,145355,704,110714,42,7385,698,36363,1049,116898,739,153261,California
Tulare,2021-04-29,2043,265497,1229,146584,776,111490,38,7423,796,35961,1234,118132,832,154093,California
Tulare,2021-04-30,2467,267964,1801,148385,616,112106,50,7473,911,35373,1548,119680,960,155053,California
Tulare,2021-05-01,1420,269384,1216,149601,192,112298,12,7485,732,35439,678,120358,744,155797,California
Tulare,2021-05-02,590,269974,501,150102,72,112370,17,7502,188,35245,398,120756,204,156001,California
Tulare,2021-05-03,1623,271597,1096,151198,402,112772,125,7627,349,34452,1267,122023,474,156475,California
Tulare,2021-05-04,1574,273171,845,152043,659,113431,70,7697,630,34215,934,122957,697,157172,California
Tulare,2021-05-05,1317,274488,656,152699,572,114003,89,7786,451,33900,855,123812,540,157712,California
Tulare,2021-05-06,1991,276479,1347,154046,595,114598,49,7835,603,33173,1379,125191,652,158364,California
Tulare,2021-05-07,1855,278334,1263,155309,524,115122,68,7903,524,32441,1323,126514,591,158955,California
Tulare,2021-05-08,1242,279576,816,156125,401,115523,25,7928,533,32298,701,127215,558,159513,California
Tulare,2021-05-09,595,280171,471,156596,103,115626,21,7949,115,31960,475,127690,137,159650,California
Tulare,2021-05-10,1024,281195,591,157187,367,115993,66,8015,307,31620,713,128403,373,160023,California
Tulare,2021-05-11,1320,282515,702,157889,539,116532,79,8094,548,31482,765,129168,627,160650,California
Tulare,2021-05-12,1603,284118,1039,158928,506,117038,58,8152,433,30817,1155,130323,490,161140,California
Tulare,2021-05-13,1585,285703,1019,159947,528,117566,38,8190,723,30720,857,131180,760,161900,California
Tulare,2021-05-14,1980,287683,1286,161233,632,118198,62,8252,898,30611,1069,132249,960,162860,California
Tulare,2021-05-15,1568,289251,884,162117,637,118835,47,8299,663,30418,897,133146,704,163564,California
Tulare,2021-05-16,699,289950,558,162675,129,118964,12,8311,325,30383,372,133518,337,163901,California
Tulare,2021-05-17,1568,291518,984,163659,510,119474,74,8385,745,30387,815,134333,819,164720,California
Tulare,2021-05-18,1586,293104,860,164519,673,120147,53,8438,785,30427,796,135129,836,165556,California
Tulare,2021-05-19,1482,294586,954,165473,494,120641,34,8472,759,30505,715,135844,793,166349,California
Tulare,2021-05-20,1592,296178,1075,166548,430,121071,87,8559,761,30526,827,136671,848,167197,California
Tulare,2021-05-21,1951,298129,1423,167971,486,121557,42,8601,1060,30745,883,137554,1102,168299,California
Tulare,2021-05-22,1614,299743,1148,169119,443,122000,23,8624,607,30377,999,138553,631,168930,California
Tulare,2021-05-23,412,300155,327,169446,75,122075,10,8634,208,30393,202,138755,218,169148,California
Tulare,2021-05-24,937,301092,578,170024,299,122374,60,8694,418,30354,517,139272,478,169626,California
Tulare,2021-05-25,1187,302279,703,170727,452,122826,32,8726,506,30217,675,139947,538,170164,California
Tulare,2021-05-26,885,303164,488,171215,355,123181,42,8768,395,30167,486,140433,436,170600,California
Tulare,2021-05-27,1276,304440,806,172021,439,123620,31,8799,586,30099,687,141120,619,171219,California
Tulare,2021-05-28,1189,305629,659,172680,481,124101,49,8848,624,30212,559,141679,672,171891,California
Tulare,2021-05-29,882,306511,653,173333,209,124310,20,8868,502,30356,378,142057,522,172413,California
Tulare,2021-05-30,285,306796,206,173539,71,124381,8,8876,163,30407,120,142177,171,172584,California
Tulare,2021-05-31,132,306928,52,173591,69,124450,11,8887,55,30397,76,142253,66,172650,California
Tulare,2021-06-01,1056,307984,627,174218,398,124848,31,8918,382,30143,666,142919,412,173062,California
Tulare,2021-06-02,795,308779,467,174685,295,125143,33,8951,354,30098,430,143349,385,173447,California
Tulare,2021-06-03,1139,309918,810,175495,272,125415,57,9008,390,29815,729,144078,446,173893,California
Tulare,2021-06-04,1167,311085,829,176324,306,125721,32,9040,359,29403,803,144881,391,174284,California
Tulare,2021-06-05,884,311969,698,177022,171,125892,15,9055,301,29138,581,145462,316,174600,California
Tulare,2021-06-06,419,312388,355,177377,46,125938,18,9073,137,29012,281,145743,155,174755,California
Tulare,2021-06-07,881,313269,693,178070,153,126091,35,9108,276,28720,602,146345,310,175065,California
Tulare,2021-06-08,1049,314318,776,178846,213,126304,60,9168,351,28438,693,147038,411,175476,California
Tulare,2021-06-09,1085,315403,757,179603,292,126596,36,9204,343,28079,736,147774,377,175853,California
Tulare,2021-06-10,1102,316505,886,180489,180,126776,36,9240,381,27776,719,148493,416,176269,California
Tulare,2021-06-11,1231,317736,882,181371,314,127090,35,9275,381,27352,840,149333,416,176685,California
Tulare,2021-06-12,958,318694,744,182115,203,127293,11,9286,335,27081,617,149950,346,177031,California
Tulare,2021-06-13,315,319009,226,182341,85,127378,4,9290,91,26953,223,150173,95,177126,California
Tulare,2021-06-14,770,319779,566,182907,179,127557,25,9315,296,26805,469,150642,321,177447,California
Tulare,2021-06-15,985,320764,667,183574,288,127845,30,9345,433,26723,545,151187,463,177910,California
Tulare,2021-06-16,860,321624,583,184157,226,128071,51,9396,377,26672,480,151667,429,178339,California
Tulare,2021-06-17,1025,322649,754,184911,241,128312,30,9426,410,26500,612,152279,440,178779,California
Tulare,2021-06-18,988,323637,695,185606,256,128568,37,9463,372,26294,614,152893,408,179187,California
Tulare,2021-06-19,852,324489,680,186286,159,128727,13,9476,391,26241,457,153350,404,179591,California
Tulare,2021-06-20,249,324738,186,186472,55,128782,8,9484,74,26150,174,153524,83,179674,California
Tulare,2021-06-21,522,325260,342,186814,149,128931,31,9515,304,26267,217,153741,334,180008,California
Tulare,2021-06-22,750,326010,514,187328,212,129143,24,9539,345,26237,399,154140,369,180377,California
Tulare,2021-06-23,736,326746,501,187829,209,129352,26,9565,401,26333,331,154471,427,180804,California
Tulare,2021-06-24,845,327591,638,188467,152,129504,55,9620,421,26388,421,154892,476,181280,California
Tulare,2021-06-25,847,328438,550,189017,277,129781,20,9640,441,26448,401,155293,461,181741,California
Tulare,2021-06-26,929,329367,732,189749,172,129953,25,9665,530,26607,396,155689,555,182296,California
Tulare,2021-06-27,246,329613,183,189932,56,130009,7,9672,115,26599,130,155819,122,182418,California
Tulare,2021-06-28,576,330189,434,190366,112,130121,30,9702,291,26637,282,156101,320,182738,California
Tulare,2021-06-29,711,330900,459,190825,211,130332,41,9743,334,26641,371,156472,375,183113,California
Tulare,2021-06-30,681,331581,465,191290,188,130520,28,9771,372,26733,306,156778,398,183511,California
Tulare,2021-07-01,547,332128,409,191699,110,130630,28,9799,266,26753,274,157052,294,183805,California
Tuolumne,2020-12-16,47,47,47,47,0,0,0,0,47,47,0,0,47,47,California
Tuolumne,2020-12-17,18,65,18,65,0,0,0,0,18,65,0,0,18,65,California
Tuolumne,2020-12-18,101,166,100,165,1,1,0,0,101,166,0,0,101,166,California
Tuolumne,2020-12-19,5,171,5,170,0,1,0,0,5,171,0,0,5,171,California
Tuolumne,2020-12-20,2,173,2,172,0,1,0,0,2,173,0,0,2,173,California
Tuolumne,2020-12-21,115,288,101,273,14,15,0,0,115,288,0,0,115,288,California
Tuolumne,2020-12-22,172,460,172,445,0,15,0,0,172,460,0,0,172,460,California
Tuolumne,2020-12-23,185,645,183,628,2,17,0,0,185,645,0,0,185,645,California
Tuolumne,2020-12-25,1,646,1,629,0,17,0,0,1,646,0,0,1,646,California
Tuolumne,2020-12-26,2,648,2,631,0,17,0,0,2,648,0,0,2,648,California
Tuolumne,2020-12-28,75,723,73,704,2,19,0,0,75,723,0,0,75,723,California
Tuolumne,2020-12-29,102,825,38,742,64,83,0,0,102,825,0,0,102,825,California
Tuolumne,2020-12-30,77,902,22,764,55,138,0,0,77,902,0,0,77,902,California
Tuolumne,2020-12-31,27,929,20,784,7,145,0,0,27,929,0,0,27,929,California
Tuolumne,2021-01-01,6,935,5,789,1,146,0,0,6,935,0,0,6,935,California
Tuolumne,2021-01-02,120,1055,117,906,3,149,0,0,120,1055,0,0,120,1055,California
Tuolumne,2021-01-03,2,1057,2,908,0,149,0,0,2,1057,0,0,2,1057,California
Tuolumne,2021-01-04,69,1126,26,934,43,192,0,0,69,1126,0,0,69,1126,California
Tuolumne,2021-01-05,94,1220,28,962,66,258,0,0,91,1215,3,3,92,1218,California
Tuolumne,2021-01-06,132,1352,71,1033,61,319,0,0,68,1219,64,67,68,1286,California
Tuolumne,2021-01-07,120,1472,64,1097,56,375,0,0,64,1227,56,123,64,1350,California
Tuolumne,2021-01-08,106,1578,82,1179,24,399,0,0,27,1178,78,201,29,1379,California
Tuolumne,2021-01-09,2,1580,0,1179,2,401,0,0,2,1180,0,201,2,1381,California
Tuolumne,2021-01-10,3,1583,1,1180,2,403,0,0,3,1183,0,201,3,1384,California
Tuolumne,2021-01-11,117,1700,91,1271,26,429,0,0,35,1136,82,283,35,1419,California
Tuolumne,2021-01-12,102,1802,86,1357,16,445,0,0,18,1070,84,367,18,1437,California
Tuolumne,2021-01-13,231,2033,125,1482,106,551,0,0,182,1204,49,416,183,1620,California
Tuolumne,2021-01-14,148,2181,108,1590,40,591,0,0,43,1143,104,520,43,1663,California
Tuolumne,2021-01-15,474,2655,73,1663,401,992,0,0,411,1492,62,582,411,2074,California
Tuolumne,2021-01-16,7,2662,3,1666,4,996,0,0,6,1497,1,583,6,2080,California
Tuolumne,2021-01-17,8,2670,4,1670,4,1000,0,0,8,1505,0,583,8,2088,California
Tuolumne,2021-01-18,47,2717,38,1708,9,1009,0,0,10,1479,36,619,10,2098,California
Tuolumne,2021-01-19,478,3195,72,1780,406,1415,0,0,434,1869,44,663,434,2532,California
Tuolumne,2021-01-20,76,3271,58,1838,18,1433,0,0,24,1842,51,714,24,2556,California
Tuolumne,2021-01-21,58,3329,24,1862,34,1467,0,0,42,1868,16,730,42,2598,California
Tuolumne,2021-01-22,172,3501,17,1879,155,1622,0,0,164,2024,8,738,164,2762,California
Tuolumne,2021-01-23,653,4154,131,2010,522,2144,0,0,543,2473,110,848,559,3321,California
Tuolumne,2021-01-24,525,4679,2,2012,523,2667,0,0,521,2993,4,852,524,3845,California
Tuolumne,2021-01-25,51,4730,28,2040,23,2690,0,0,25,2993,26,878,26,3871,California
Tuolumne,2021-01-26,81,4811,68,2108,13,2703,0,0,40,2993,41,919,41,3912,California
Tuolumne,2021-01-27,61,4872,4,2112,57,2760,0,0,9,2951,51,970,9,3921,California
Tuolumne,2021-01-28,27,4899,6,2118,21,2781,0,0,18,2960,9,979,18,3939,California
Tuolumne,2021-01-29,74,4973,5,2123,69,2850,0,0,36,2958,38,1017,36,3975,California
Tuolumne,2021-01-30,723,5696,561,2684,162,3012,0,0,698,3650,25,1042,717,4692,California
Tuolumne,2021-01-31,9,5705,2,2686,7,3019,0,0,6,3653,3,1045,6,4698,California
Tuolumne,2021-02-01,27,5732,7,2693,20,3039,0,0,24,3674,3,1048,24,4722,California
Tuolumne,2021-02-02,656,6388,49,2742,607,3646,0,0,642,4306,11,1059,643,5365,California
Tuolumne,2021-02-03,247,6635,112,2854,135,3781,0,0,93,4245,154,1213,93,5458,California
Tuolumne,2021-02-04,126,6761,14,2868,112,3893,0,0,64,4247,62,1275,64,5522,California
Tuolumne,2021-02-05,104,6865,14,2882,90,3983,0,0,39,4222,64,1339,39,5561,California
Tuolumne,2021-02-06,872,7737,593,3475,279,4262,0,0,862,5080,10,1349,868,6429,California
Tuolumne,2021-02-07,8,7745,4,3479,4,4266,0,0,4,5080,4,1353,4,6433,California
Tuolumne,2021-02-08,95,7840,43,3522,52,4318,0,0,70,5125,25,1378,70,6503,California
Tuolumne,2021-02-09,864,8704,51,3573,813,5131,0,0,822,5905,42,1420,822,7325,California
Tuolumne,2021-02-10,96,8800,18,3591,78,5209,0,0,33,5877,61,1481,33,7358,California
Tuolumne,2021-02-11,148,8948,68,3659,80,5289,0,0,82,5893,66,1547,82,7440,California
Tuolumne,2021-02-12,652,9600,22,3681,630,5919,0,0,212,5666,439,1986,212,7652,California
Tuolumne,2021-02-13,159,9759,46,3727,113,6032,0,0,123,5754,35,2021,123,7775,California
Tuolumne,2021-02-14,152,9911,14,3741,138,6170,0,0,151,5904,1,2022,151,7926,California
Tuolumne,2021-02-15,189,10100,11,3752,178,6348,0,0,180,6075,9,2031,180,8106,California
Tuolumne,2021-02-16,533,10633,18,3770,515,6863,0,0,124,5796,405,2436,126,8232,California
Tuolumne,2021-02-17,112,10745,64,3834,48,6911,0,0,62,5809,49,2485,62,8294,California
Tuolumne,2021-02-18,689,11434,30,3864,659,7570,0,0,637,6395,52,2537,638,8932,California
Tuolumne,2021-02-19,147,11581,25,3889,122,7692,0,0,46,6340,101,2638,46,8978,California
Tuolumne,2021-02-20,914,12495,344,4233,570,8262,0,0,386,6220,510,3148,390,9368,California
Tuolumne,2021-02-21,991,13486,43,4276,948,9210,0,0,476,6191,511,3659,482,9850,California
Tuolumne,2021-02-22,82,13568,60,4336,22,9232,0,0,47,6205,33,3692,47,9897,California
Tuolumne,2021-02-23,49,13617,25,4361,24,9256,0,0,25,6207,23,3715,25,9922,California
Tuolumne,2021-02-24,104,13721,57,4418,47,9303,0,0,40,6185,63,3778,41,9963,California
Tuolumne,2021-02-25,1059,14780,36,4454,1023,10326,0,0,1024,7175,35,3813,1025,10988,California
Tuolumne,2021-02-26,154,14934,12,4466,142,10468,0,0,124,7270,30,3843,125,11113,California
Tuolumne,2021-02-27,963,15897,584,5050,379,10847,0,0,247,6826,696,4539,252,11365,California
Tuolumne,2021-02-28,56,15953,4,5054,52,10899,0,0,52,6875,3,4542,52,11417,California
Tuolumne,2021-03-01,121,16074,22,5076,98,10997,1,1,79,6915,41,4583,81,11498,California
Tuolumne,2021-03-02,715,16789,79,5155,636,11633,0,1,109,6419,605,5188,109,11607,California
Tuolumne,2021-03-03,97,16886,22,5177,75,11708,0,1,65,6453,31,5219,65,11672,California
Tuolumne,2021-03-04,1177,18063,77,5254,1100,12808,0,1,1108,7494,67,5286,1108,12780,California
Tuolumne,2021-03-05,93,18156,10,5264,83,12891,0,1,52,7507,40,5326,53,12833,California
Tuolumne,2021-03-06,1069,19225,610,5874,457,13348,2,3,201,6855,860,6186,208,13041,California
Tuolumne,2021-03-07,41,19266,12,5886,14,13362,15,18,18,6865,23,6209,33,13074,California
Tuolumne,2021-03-08,201,19467,92,5978,102,13464,7,25,143,6956,58,6267,149,13223,California
Tuolumne,2021-03-09,875,20342,19,5997,845,14309,11,36,66,6231,802,7069,77,13300,California
Tuolumne,2021-03-10,101,20443,19,6016,71,14380,11,47,54,6249,47,7116,65,13365,California
Tuolumne,2021-03-11,1308,21751,45,6061,1257,15637,6,53,1256,7460,52,7168,1263,14628,California
Tuolumne,2021-03-12,317,22068,44,6105,258,15895,15,68,191,7545,124,7292,209,14837,California
Tuolumne,2021-03-13,119,22187,12,6117,107,16002,0,68,83,7594,35,7327,84,14921,California
Tuolumne,2021-03-14,149,22336,10,6127,130,16132,9,77,6,7471,143,7470,20,14941,California
Tuolumne,2021-03-15,305,22641,83,6210,219,16351,3,80,104,7386,200,7670,115,15056,California
Tuolumne,2021-03-16,811,23452,41,6251,759,17110,11,91,672,7932,138,7808,684,15740,California
Tuolumne,2021-03-17,156,23608,33,6284,110,17220,13,104,80,7949,75,7883,92,15832,California
Tuolumne,2021-03-18,953,24561,27,6311,912,18132,14,118,316,7647,632,8515,330,16162,California
Tuolumne,2021-03-19,138,24699,20,6331,89,18221,29,147,76,7691,61,8576,105,16267,California
Tuolumne,2021-03-20,93,24792,8,6339,75,18296,10,157,38,7684,54,8630,47,16314,California
Tuolumne,2021-03-21,843,25635,395,6734,438,18734,10,167,38,6945,789,9419,50,16364,California
Tuolumne,2021-03-22,167,25802,75,6809,73,18807,19,186,97,6993,69,9488,117,16481,California
Tuolumne,2021-03-23,717,26519,641,7450,62,18869,14,200,678,7646,38,9526,691,17172,California
Tuolumne,2021-03-24,112,26631,22,7472,72,18941,18,218,78,7709,33,9559,96,17268,California
Tuolumne,2021-03-25,1303,27934,24,7496,1276,20217,3,221,325,7064,973,10532,328,17596,California
Tuolumne,2021-03-26,281,28215,19,7515,238,20455,24,245,119,7058,150,10682,144,17740,California
Tuolumne,2021-03-27,588,28803,55,7570,533,20988,0,245,318,7114,265,10947,321,18061,California
Tuolumne,2021-03-28,47,28850,6,7576,41,21029,0,245,8,7085,38,10985,9,18070,California
Tuolumne,2021-03-29,210,29060,87,7663,123,21152,0,245,111,7100,96,11081,111,18181,California
Tuolumne,2021-03-30,170,29230,13,7676,156,21308,1,246,124,7180,45,11126,125,18306,California
Tuolumne,2021-03-31,97,29327,14,7690,81,21389,2,248,40,7167,55,11181,42,18348,California
Tuolumne,2021-04-01,1254,30581,30,7720,1224,22613,0,248,229,6374,1022,12203,229,18577,California
Tuolumne,2021-04-02,171,30752,12,7732,133,22746,26,274,93,6418,75,12278,119,18696,California
Tuolumne,2021-04-03,437,31189,36,7768,399,23145,2,276,245,6475,189,12467,246,18942,California
Tuolumne,2021-04-04,34,31223,4,7772,30,23175,0,276,21,6485,11,12478,21,18963,California
Tuolumne,2021-04-05,131,31354,19,7791,105,23280,7,283,58,6477,73,12551,65,19028,California
Tuolumne,2021-04-06,655,32009,518,8309,110,23390,27,310,518,6887,136,12687,546,19574,California
Tuolumne,2021-04-07,130,32139,38,8347,75,23465,17,327,50,6874,80,12767,67,19641,California
Tuolumne,2021-04-08,1454,33593,36,8383,1403,24868,15,342,251,5942,1198,13965,266,19907,California
Tuolumne,2021-04-09,279,33872,44,8427,190,25058,45,387,133,5977,146,14111,181,20088,California
Tuolumne,2021-04-10,56,33928,2,8429,34,25092,20,407,23,5988,32,14143,43,20131,California
Tuolumne,2021-04-11,18,33946,3,8432,12,25104,3,410,12,5997,6,14149,15,20146,California
Tuolumne,2021-04-12,172,34118,66,8498,101,25205,5,415,89,6013,78,14227,94,20240,California
Tuolumne,2021-04-13,789,34907,35,8533,754,25959,0,415,171,5574,610,14837,171,20411,California
Tuolumne,2021-04-14,159,35066,32,8565,127,26086,0,415,79,5578,76,14913,80,20491,California
Tuolumne,2021-04-15,346,35412,22,8587,324,26410,0,415,61,5361,278,15191,61,20552,California
Tuolumne,2021-04-16,261,35673,56,8643,205,26615,0,415,143,5397,108,15299,144,20696,California
Tuolumne,2021-04-17,44,35717,6,8649,38,26653,0,415,28,5409,16,15315,28,20724,California
Tuolumne,2021-04-18,10,35727,3,8652,7,26660,0,415,5,5410,5,15320,6,20730,California
Tuolumne,2021-04-19,177,35904,79,8731,98,26758,0,415,97,5429,78,15398,97,20827,California
Tuolumne,2021-04-20,714,36618,618,9349,96,26854,0,415,75,4873,631,16029,75,20902,California
Tuolumne,2021-04-21,122,36740,27,9376,95,26949,0,415,64,4885,52,16081,64,20966,California
Tuolumne,2021-04-22,711,37451,46,9422,665,27614,0,415,429,5043,272,16353,430,21396,California
Tuolumne,2021-04-23,180,37631,31,9453,149,27763,0,415,82,5034,92,16445,83,21479,California
Tuolumne,2021-04-24,79,37710,18,9471,61,27824,0,415,50,5055,29,16474,50,21529,California
Tuolumne,2021-04-25,26,37736,10,9481,16,27840,0,415,23,5075,3,16477,23,21552,California
Tuolumne,2021-04-26,159,37895,56,9537,103,27943,0,415,74,5067,83,16560,75,21627,California
Tuolumne,2021-04-27,144,38039,23,9560,114,28057,7,422,65,5063,76,16636,72,21699,California
Tuolumne,2021-04-28,120,38159,24,9584,84,28141,12,434,63,5082,56,16692,75,21774,California
Tuolumne,2021-04-29,285,38444,21,9605,256,28397,8,442,57,4923,224,16916,65,21839,California
Tuolumne,2021-04-30,373,38817,26,9631,335,28732,12,454,73,4712,296,17212,85,21924,California
Tuolumne,2021-05-01,25,38842,7,9638,13,28745,5,459,16,4724,9,17221,21,21945,California
Tuolumne,2021-05-02,26,38868,3,9641,21,28766,2,461,19,4738,7,17228,21,21966,California
Tuolumne,2021-05-03,111,38979,15,9656,91,28857,5,466,37,4708,72,17300,42,22008,California
Tuolumne,2021-05-04,709,39688,601,10257,103,28960,5,471,214,4433,493,17793,218,22226,California
Tuolumne,2021-05-05,110,39798,26,10283,78,29038,6,477,58,4448,49,17842,64,22290,California
Tuolumne,2021-05-06,292,40090,15,10298,261,29299,16,493,43,4262,244,18086,58,22348,California
Tuolumne,2021-05-07,329,40419,25,10323,296,29595,8,501,63,4068,265,18351,71,22419,California
Tuolumne,2021-05-08,50,40469,6,10329,40,29635,4,505,32,4086,18,18369,36,22455,California
Tuolumne,2021-05-09,17,40486,2,10331,13,29648,2,507,3,4077,14,18383,5,22460,California
Tuolumne,2021-05-10,114,40600,45,10376,64,29712,5,512,32,4033,81,18464,37,22497,California
Tuolumne,2021-05-11,204,40804,61,10437,131,29843,12,524,55,3953,147,18611,67,22564,California
Tuolumne,2021-05-12,133,40937,22,10459,107,29950,4,528,51,3926,82,18693,55,22619,California
Tuolumne,2021-05-13,117,41054,19,10478,90,30040,8,536,73,3962,44,18737,80,22699,California
Tuolumne,2021-05-14,207,41261,76,10554,120,30160,11,547,107,3982,98,18835,118,22817,California
Tuolumne,2021-05-15,59,41320,16,10570,36,30196,7,554,20,3971,39,18874,28,22845,California
Tuolumne,2021-05-16,28,41348,8,10578,18,30214,2,556,13,3972,14,18888,15,22860,California
Tuolumne,2021-05-17,110,41458,30,10608,77,30291,3,559,47,3960,63,18951,51,22911,California
Tuolumne,2021-05-18,181,41639,57,10665,77,30368,47,606,60,3947,120,19071,107,23018,California
Tuolumne,2021-05-19,118,41757,20,10685,65,30433,33,639,46,3954,72,19143,79,23097,California
Tuolumne,2021-05-20,411,42168,21,10706,383,30816,7,646,52,3656,357,19500,59,23156,California
Tuolumne,2021-05-21,200,42368,94,10800,101,30917,5,651,119,3701,79,19579,124,23280,California
Tuolumne,2021-05-22,58,42426,18,10818,34,30951,6,657,25,3699,32,19611,30,23310,California
Tuolumne,2021-05-23,27,42453,7,10825,19,30970,1,658,10,3693,17,19628,11,23321,California
Tuolumne,2021-05-24,138,42591,43,10868,89,31059,6,664,53,3668,84,19712,59,23380,California
Tuolumne,2021-05-25,296,42887,222,11090,68,31127,6,670,111,3601,184,19896,117,23497,California
Tuolumne,2021-05-26,87,42974,23,11113,63,31190,1,671,37,3589,50,19946,38,23535,California
Tuolumne,2021-05-27,76,43050,15,11128,59,31249,2,673,31,3578,44,19990,33,23568,California
Tuolumne,2021-05-28,111,43161,51,11179,59,31308,1,674,64,3599,44,20034,65,23633,California
Tuolumne,2021-05-29,38,43199,7,11186,25,31333,6,680,17,3601,21,20055,23,23656,California
Tuolumne,2021-05-30,18,43217,1,11187,14,31347,3,683,4,3594,14,20069,7,23663,California
Tuolumne,2021-05-31,10,43227,2,11189,7,31354,1,684,2,3589,8,20077,3,23666,California
Tuolumne,2021-06-01,79,43306,22,11211,53,31407,4,688,25,3565,53,20130,29,23695,California
Tuolumne,2021-06-02,74,43380,8,11219,58,31465,8,696,23,3546,50,20180,31,23726,California
Tuolumne,2021-06-03,75,43455,25,11244,35,31500,15,711,23,3534,50,20230,38,23764,California
Tuolumne,2021-06-04,131,43586,62,11306,66,31566,3,714,38,3484,91,20321,41,23805,California
Tuolumne,2021-06-05,42,43628,11,11317,29,31595,2,716,16,3476,26,20347,18,23823,California
Tuolumne,2021-06-06,19,43647,5,11322,7,31602,7,723,4,3472,15,20362,11,23834,California
Tuolumne,2021-06-07,59,43706,14,11336,37,31639,8,731,26,3473,33,20395,34,23868,California
Tuolumne,2021-06-08,74,43780,22,11358,51,31690,1,732,27,3456,45,20440,28,23896,California
Tuolumne,2021-06-09,87,43867,45,11403,32,31722,10,742,40,3460,46,20486,50,23946,California
Tuolumne,2021-06-10,98,43965,15,11418,76,31798,7,749,27,3423,71,20557,34,23980,California
Tuolumne,2021-06-11,103,44068,48,11466,52,31850,3,752,25,3374,77,20634,28,24008,California
Tuolumne,2021-06-12,61,44129,20,11486,25,31875,16,768,18,3367,41,20675,34,24042,California
Tuolumne,2021-06-13,17,44146,2,11488,10,31885,5,773,3,3361,14,20689,8,24050,California
Tuolumne,2021-06-14,100,44246,33,11521,63,31948,4,777,52,3369,48,20737,56,24106,California
Tuolumne,2021-06-15,130,44376,82,11603,39,31987,9,786,21,3292,107,20844,30,24136,California
Tuolumne,2021-06-16,95,44471,46,11649,46,32033,3,789,54,3309,40,20884,57,24193,California
Tuolumne,2021-06-17,45,44516,10,11659,34,32067,1,790,17,3299,28,20912,18,24211,California
Tuolumne,2021-06-18,170,44686,95,11754,61,32128,14,804,60,3263,109,21021,73,24284,California
Tuolumne,2021-06-19,26,44712,9,11763,14,32142,3,807,10,3260,16,21037,13,24297,California
Tuolumne,2021-06-20,13,44725,2,11765,11,32153,0,807,10,3267,3,21040,10,24307,California
Tuolumne,2021-06-21,40,44765,4,11769,35,32188,1,808,20,3268,20,21060,21,24328,California
Tuolumne,2021-06-22,45,44810,11,11780,34,32222,0,808,22,3268,22,21082,22,24350,California
Tuolumne,2021-06-23,62,44872,5,11785,37,32259,20,828,26,3278,36,21118,46,24396,California
Tuolumne,2021-06-24,46,44918,14,11799,26,32285,6,834,17,3273,29,21147,24,24420,California
Tuolumne,2021-06-25,51,44969,28,11827,18,32303,5,839,27,3280,24,21171,31,24451,California
Tuolumne,2021-06-26,12,44981,5,11832,7,32310,0,839,7,3282,5,21176,7,24458,California
Tuolumne,2021-06-27,7,44988,2,11834,5,32315,0,839,7,3289,0,21176,7,24465,California
Tuolumne,2021-06-28,31,45019,11,11845,15,32330,5,844,21,3305,10,21186,26,24491,California
Tuolumne,2021-06-29,27,45046,10,11855,15,32345,2,846,15,3310,12,21198,17,24508,California
Tuolumne,2021-06-30,69,45115,32,11887,36,32381,1,847,18,3279,50,21248,19,24527,California
Tuolumne,2021-07-01,29,45144,9,11896,13,32394,7,854,17,3291,12,21260,24,24551,California
Ventura,2020-12-15,5,5,5,5,0,0,0,0,5,5,0,0,5,5,California
Ventura,2020-12-16,75,80,75,80,0,0,0,0,75,80,0,0,75,80,California
Ventura,2020-12-17,315,395,315,395,0,0,0,0,315,395,0,0,315,395,California
Ventura,2020-12-18,1599,1994,1599,1994,0,0,0,0,1599,1994,0,0,1599,1994,California
Ventura,2020-12-19,987,2981,986,2980,1,1,0,0,987,2981,0,0,987,2981,California
Ventura,2020-12-20,458,3439,458,3438,0,1,0,0,458,3439,0,0,458,3439,California
Ventura,2020-12-21,1516,4955,1516,4954,0,1,0,0,1516,4955,0,0,1516,4955,California
Ventura,2020-12-22,1159,6114,1153,6107,6,7,0,0,1159,6114,0,0,1159,6114,California
Ventura,2020-12-23,1087,7201,1037,7144,50,57,0,0,1087,7201,0,0,1087,7201,California
Ventura,2020-12-24,478,7679,378,7522,100,157,0,0,478,7679,0,0,478,7679,California
Ventura,2020-12-25,12,7691,7,7529,5,162,0,0,12,7691,0,0,12,7691,California
Ventura,2020-12-26,112,7803,91,7620,21,183,0,0,112,7803,0,0,112,7803,California
Ventura,2020-12-27,59,7862,27,7647,32,215,0,0,59,7862,0,0,59,7862,California
Ventura,2020-12-28,1093,8955,950,8597,143,358,0,0,1093,8955,0,0,1093,8955,California
Ventura,2020-12-29,1186,10141,776,9373,410,768,0,0,1185,10140,0,0,1185,10140,California
Ventura,2020-12-30,1998,12139,1531,10904,467,1235,0,0,1998,12138,0,0,1998,12138,California
Ventura,2020-12-31,486,12625,165,11069,321,1556,0,0,481,12614,5,5,481,12619,California
Ventura,2021-01-01,39,12664,17,11086,22,1578,0,0,39,12653,0,5,39,12658,California
Ventura,2021-01-02,176,12840,81,11167,95,1673,0,0,176,12829,0,5,176,12834,California
Ventura,2021-01-03,19,12859,8,11175,11,1684,0,0,19,12848,0,5,19,12853,California
Ventura,2021-01-04,1033,13892,493,11668,540,2224,0,0,1031,13879,0,5,1031,13884,California
Ventura,2021-01-05,1380,15272,783,12451,597,2821,0,0,1268,15038,109,114,1268,15152,California
Ventura,2021-01-06,2072,17344,1188,13639,884,3705,0,0,1571,16119,492,606,1573,16725,California
Ventura,2021-01-07,2083,19427,1333,14972,750,4455,0,0,1039,16120,1039,1645,1040,17765,California
Ventura,2021-01-08,2204,21631,1477,16449,727,5182,0,0,908,15736,1294,2939,910,18675,California
Ventura,2021-01-09,724,22355,503,16952,221,5403,0,0,318,15648,406,3345,318,18993,California
Ventura,2021-01-10,343,22698,326,17278,17,5420,0,0,129,15563,214,3559,129,19122,California
Ventura,2021-01-11,2460,25158,1492,18770,968,6388,0,0,1508,16123,952,4511,1512,20634,California
Ventura,2021-01-12,3053,28211,1616,20386,1437,7825,0,0,1934,16938,1119,5630,1934,22568,California
Ventura,2021-01-13,2948,31159,1435,21821,1513,9338,0,0,2038,18070,907,6537,2039,24607,California
Ventura,2021-01-14,2793,33952,1106,22927,1687,11025,0,0,2330,19939,462,6999,2331,26938,California
Ventura,2021-01-15,2900,36852,968,23895,1932,12957,0,0,2686,22412,214,7213,2687,29625,California
Ventura,2021-01-16,492,37344,188,24083,304,13261,0,0,412,22744,80,7293,412,30037,California
Ventura,2021-01-17,269,37613,140,24223,129,13390,0,0,262,23000,6,7299,262,30299,California
Ventura,2021-01-18,2221,39834,1667,25890,554,13944,0,0,1670,24121,550,7849,1671,31970,California
Ventura,2021-01-19,3063,42897,2132,28022,931,14875,0,0,2151,25363,912,8761,2154,34124,California
Ventura,2021-01-20,4182,47079,3215,31237,967,15842,0,0,3085,27356,1093,9854,3086,37210,California
Ventura,2021-01-21,3891,50970,2709,33946,1182,17024,0,0,3208,29891,675,10529,3210,40420,California
Ventura,2021-01-22,3645,54615,2510,36456,1135,18159,0,0,3477,33200,168,10697,3477,43897,California
Ventura,2021-01-23,1193,55808,652,37108,541,18700,0,0,1092,34194,100,10797,1094,44991,California
Ventura,2021-01-24,458,56266,136,37244,322,19022,0,0,445,34626,13,10810,445,45436,California
Ventura,2021-01-25,3178,59444,2039,39283,1139,20161,0,0,2617,36684,560,11370,2618,48054,California
Ventura,2021-01-26,3737,63181,2212,41495,1525,21686,0,0,2726,38404,1007,12377,2727,50781,California
Ventura,2021-01-27,3503,66684,1568,43063,1935,23621,0,0,2749,40405,750,13127,2751,53532,California
Ventura,2021-01-28,3904,70588,2005,45068,1899,25520,0,0,3278,43076,610,13737,3281,56813,California
Ventura,2021-01-29,4302,74890,2537,47605,1765,27285,0,0,3790,46368,498,14235,3790,60603,California
Ventura,2021-01-30,3045,77935,1956,49561,1089,28374,0,0,2872,49072,169,14404,2873,63476,California
Ventura,2021-01-31,835,78770,443,50004,392,28766,0,0,746,49730,88,14492,746,64222,California
Ventura,2021-02-01,3989,82759,2113,52117,1876,30642,0,0,3204,52159,777,15269,3206,67428,California
Ventura,2021-02-02,4447,87206,2382,54499,2065,32707,0,0,3414,54547,1029,16298,3417,70845,California
Ventura,2021-02-03,4487,91693,2095,56594,2392,35099,0,0,3457,56981,1025,17323,3459,74304,California
Ventura,2021-02-04,4830,96523,2310,58904,2520,37619,0,0,3545,59253,1277,18600,3549,77853,California
Ventura,2021-02-05,4923,101446,2390,61294,2533,40152,0,0,3374,61095,1535,20135,3377,81230,California
Ventura,2021-02-06,2862,104308,1522,62816,1340,41492,0,0,2456,63145,406,20541,2456,83686,California
Ventura,2021-02-07,747,105055,247,63063,500,41992,0,0,621,63641,126,20667,622,84308,California
Ventura,2021-02-08,3533,108588,1634,64697,1899,43891,0,0,2439,64995,1086,21753,2440,86748,California
Ventura,2021-02-09,4761,113349,1980,66677,2781,46672,0,0,2489,65219,2269,24022,2493,89241,California
Ventura,2021-02-10,4778,118127,2258,68935,2520,49192,0,0,2398,65252,2366,26388,2399,91640,California
Ventura,2021-02-11,4727,122854,1883,70818,2844,52036,0,0,2476,65488,2243,28631,2479,94119,California
Ventura,2021-02-12,6398,129252,2697,73515,3701,55737,0,0,3264,65625,3127,31758,3264,97383,California
Ventura,2021-02-13,3333,132585,1847,75362,1486,57223,0,0,1858,66014,1471,33229,1860,99243,California
Ventura,2021-02-14,1235,133820,126,75488,1109,58332,0,0,1015,66812,219,33448,1017,100260,California
Ventura,2021-02-15,4045,137865,1834,77322,2211,60543,0,0,2133,67038,1909,35357,2135,102395,California
Ventura,2021-02-16,5612,143477,2747,80069,2865,63408,0,0,3041,67519,2561,37918,3042,105437,California
Ventura,2021-02-17,5360,148837,1943,82012,3417,66825,0,0,3360,68889,1990,39908,3360,108797,California
Ventura,2021-02-18,5829,154666,1848,83860,3981,70806,0,0,3657,70390,2156,42064,3657,112454,California
Ventura,2021-02-19,6563,161229,3831,87691,2732,73538,0,0,3038,69916,3518,45582,3044,115498,California
Ventura,2021-02-20,5008,166237,3222,90913,1786,75324,0,0,2789,70507,2202,47784,2793,118291,California
Ventura,2021-02-21,1147,167384,841,91754,306,75630,0,0,474,70314,667,48451,474,118765,California
Ventura,2021-02-22,5642,173026,2509,94263,3133,78763,0,0,3607,71908,2015,50466,3609,122374,California
Ventura,2021-02-23,6107,179133,3033,97296,3074,81837,0,0,3491,72810,2593,53059,3495,125869,California
Ventura,2021-02-24,7160,186293,2635,99931,4525,86362,0,0,4295,74261,2846,55905,4297,130166,California
Ventura,2021-02-25,7626,193919,2580,102511,5046,91408,0,0,4584,75823,3027,58932,4589,134755,California
Ventura,2021-02-26,9482,203401,2784,105295,6698,98106,0,0,6173,78718,3282,62214,6177,140932,California
Ventura,2021-02-27,10623,214024,5298,110593,5325,103431,0,0,7969,84061,2636,64850,7979,148911,California
Ventura,2021-02-28,2583,216607,1649,112242,933,104364,1,1,2100,85687,475,65325,2101,151012,California
Ventura,2021-03-01,7183,223790,2861,115103,4319,108683,3,4,4766,88074,2395,67720,4782,155794,California
Ventura,2021-03-02,7748,231538,4051,119154,3695,112378,2,6,5425,91189,2311,70031,5426,161220,California
Ventura,2021-03-03,8717,240255,3933,123087,4781,117159,3,9,6134,94769,2561,72592,6141,167361,California
Ventura,2021-03-04,8324,248579,3888,126975,4436,121595,0,9,5608,97682,2700,75292,5613,172974,California
Ventura,2021-03-05,10109,258688,4818,131793,5279,126874,12,21,7187,101989,2905,78197,7212,180186,California
Ventura,2021-03-06,7804,266492,4405,136198,3245,130119,154,175,5814,105979,1982,80179,5972,186158,California
Ventura,2021-03-07,1670,268162,620,136818,949,131068,101,276,1250,106912,420,80599,1353,187511,California
Ventura,2021-03-08,6868,275030,3447,140265,3264,134332,157,433,4744,109704,2113,82712,4905,192416,California
Ventura,2021-03-09,6899,281929,3035,143300,3664,137996,200,633,3992,111011,2891,85603,4198,196614,California
Ventura,2021-03-10,7058,288987,3025,146325,3791,141787,242,875,4702,113614,2341,87944,4944,201558,California
Ventura,2021-03-11,6587,295574,2909,149234,3359,145146,319,1194,3583,114531,2984,90928,3901,205459,California
Ventura,2021-03-12,8762,304336,3062,152296,4855,150001,845,2039,4277,115185,4460,95388,5114,210573,California
Ventura,2021-03-13,7317,311653,2514,154810,3957,153958,846,2885,4341,117408,2962,98350,5185,215758,California
Ventura,2021-03-14,2145,313798,487,155297,1162,155120,496,3381,727,117216,1415,99765,1223,216981,California
Ventura,2021-03-15,7132,320930,2058,157355,3725,158845,1349,4730,3141,117742,3960,103725,4486,221467,California
Ventura,2021-03-16,8197,329127,2468,159823,4613,163458,1116,5846,4217,119111,3963,107688,5332,226799,California
Ventura,2021-03-17,7750,336877,2810,162633,4591,168049,349,6195,4712,121157,3016,110704,5062,231861,California
Ventura,2021-03-18,7610,344487,3309,165942,4148,172197,153,6348,5003,123720,2593,113297,5156,237017,California
Ventura,2021-03-19,8721,353208,3836,169778,4772,176969,113,6461,5294,125729,3396,116693,5405,242422,California
Ventura,2021-03-20,8940,362148,5956,175734,2961,179930,23,6484,4653,126146,4260,120953,4677,247099,California
Ventura,2021-03-21,2813,364961,1531,177265,910,180840,372,6856,1317,126349,1482,122435,1685,248784,California
Ventura,2021-03-22,7465,372426,3738,181003,3624,184464,103,6959,4912,128837,2529,124964,5017,253801,California
Ventura,2021-03-23,8298,380724,3957,184960,4268,188732,73,7032,4633,129918,3625,128589,4706,258507,California
Ventura,2021-03-24,8977,389701,3441,188401,5458,194190,78,7110,4453,129972,4483,133072,4537,263044,California
Ventura,2021-03-25,8880,398581,3935,192336,4841,199031,104,7214,4492,130202,4365,137437,4595,267639,California
Ventura,2021-03-26,9997,408578,3385,195721,5958,204989,654,7868,4020,128933,5940,143377,4671,272310,California
Ventura,2021-03-27,8803,417381,3952,199673,4808,209797,43,7911,2434,125083,6328,149705,2478,274788,California
Ventura,2021-03-28,2551,419932,1431,201104,1111,210908,9,7920,1377,125301,1168,150873,1386,276174,California
Ventura,2021-03-29,8663,428595,4328,205432,4289,215197,46,7966,4279,125275,4351,155224,4325,280499,California
Ventura,2021-03-30,9041,437636,4483,209915,4427,219624,131,8097,4398,125180,4624,159848,4529,285028,California
Ventura,2021-03-31,10871,448507,4881,214796,5361,224985,629,8726,4690,124349,6147,165995,5316,290344,California
Ventura,2021-04-01,10956,459463,5314,220110,4753,229738,889,9615,5532,125388,5376,171371,6415,296759,California
Ventura,2021-04-02,11881,471344,4673,224783,5863,235601,1345,10960,5698,126287,6145,177516,7044,303803,California
Ventura,2021-04-03,8165,479509,4044,228827,2942,238543,1179,12139,3446,126202,4701,182217,4616,308419,California
Ventura,2021-04-04,1722,481231,963,229790,624,239167,135,12274,1148,126918,567,182784,1283,309702,California
Ventura,2021-04-05,9479,490710,4883,234673,3475,242642,1121,13395,4837,128246,4627,187411,5955,315657,California
Ventura,2021-04-06,11026,501736,5581,240254,3944,246586,1501,14896,5665,130081,5331,192742,7166,322823,California
Ventura,2021-04-07,11530,513266,5422,245676,4592,251178,1516,16412,5266,130614,6243,198985,6776,329599,California
Ventura,2021-04-08,10512,523778,5306,250982,4218,255396,988,17400,5248,131600,5237,204222,6223,335822,California
Ventura,2021-04-09,11409,535187,4407,255389,5270,260666,1732,19132,4997,131937,6383,210605,6720,342542,California
Ventura,2021-04-10,9886,545073,4177,259566,3537,264203,2172,21304,3068,130374,6797,217402,5234,347776,California
Ventura,2021-04-11,2455,547528,862,260428,1016,265219,577,21881,688,129881,1756,219158,1263,349039,California
Ventura,2021-04-12,9130,556658,4543,264971,3752,268971,835,22716,3826,129253,5283,224441,4655,353694,California
Ventura,2021-04-13,8972,565630,4574,269545,4392,273363,6,22722,3792,127911,5140,229581,3798,357492,California
Ventura,2021-04-14,8908,574538,4150,273695,4743,278106,15,22737,3411,125889,5454,235035,3432,360924,California
Ventura,2021-04-15,9537,584075,4611,278306,4899,283005,27,22764,4105,124630,5392,240427,4133,365057,California
Ventura,2021-04-16,10365,594440,4579,282885,5784,288789,2,22766,4870,124040,5467,245894,4877,369934,California
Ventura,2021-04-17,9078,603518,5425,288310,3639,292428,14,22780,5282,125557,3779,249673,5296,375230,California
Ventura,2021-04-18,2242,605760,1104,289414,1138,293566,0,22780,968,125261,1265,250938,969,376199,California
Ventura,2021-04-19,8182,613942,4884,294298,3295,296861,3,22783,4699,126507,3457,254395,4703,380902,California
Ventura,2021-04-20,9593,623535,5105,299403,4483,301344,5,22788,4524,125997,5039,259434,4529,385431,California
Ventura,2021-04-21,9249,632784,4817,304220,4426,305770,6,22794,4428,125634,4796,264230,4433,389864,California
Ventura,2021-04-22,10212,642996,5590,309810,4621,310391,1,22795,4540,124529,5648,269878,4543,394407,California
Ventura,2021-04-23,11048,654044,5513,315323,5534,315925,1,22796,5493,124499,5525,275403,5495,399902,California
Ventura,2021-04-24,10585,664629,5917,321240,4668,320593,0,22796,6215,126366,4349,279752,6216,406118,California
Ventura,2021-04-25,2493,667122,1720,322960,773,321366,0,22796,1160,126197,1329,281081,1160,407278,California
Ventura,2021-04-26,8028,675150,4612,327572,3349,324715,67,22863,3338,124937,4660,285741,3400,410678,California
Ventura,2021-04-27,9220,684370,5149,332721,3843,328558,228,23091,3472,122910,5726,291467,3699,414377,California
Ventura,2021-04-28,8445,692815,4898,337619,3226,331784,321,23412,3313,121444,5101,296568,3635,418012,California
Ventura,2021-04-29,7965,700780,4298,341917,3403,335187,264,23676,2833,119437,5103,301671,3096,421108,California
Ventura,2021-04-30,9545,710325,5518,347435,3753,338940,274,23950,3936,118064,5573,307244,4200,425308,California
Ventura,2021-05-01,5153,715478,3643,351078,1403,340343,107,24057,2040,117123,3084,310328,2143,427451,California
Ventura,2021-05-02,2138,717616,1431,352509,616,340959,91,24148,1036,117155,1096,311424,1128,428579,California
Ventura,2021-05-03,6336,723952,3892,356401,2155,343114,289,24437,1981,115094,4331,315755,2270,430849,California
Ventura,2021-05-04,6458,730410,3380,359781,2780,345894,298,24735,2324,113598,4119,319874,2623,433472,California
Ventura,2021-05-05,5473,735883,3066,362847,2146,348040,261,24996,1954,112319,3488,323362,2209,435681,California
Ventura,2021-05-06,6245,742128,3221,366068,2755,350795,269,25265,1996,110357,4228,327590,2266,437947,California
Ventura,2021-05-07,6919,749047,3469,369537,3175,353970,275,25540,2356,108453,4534,332124,2630,440577,California
Ventura,2021-05-08,5418,754465,4215,373752,1045,355015,158,25698,1221,105648,4182,336306,1377,441954,California
Ventura,2021-05-09,1128,755593,821,374573,261,355276,46,25744,427,105427,693,336999,472,442426,California
Ventura,2021-05-10,6161,761754,4111,378684,1840,357116,210,25954,1389,102267,4758,341757,1598,444024,California
Ventura,2021-05-11,5357,767111,3305,381989,1828,358944,224,26178,1503,100151,3842,345599,1726,445750,California
Ventura,2021-05-12,5073,772184,2994,384983,1859,360803,220,26398,1535,98384,3522,349121,1755,447505,California
Ventura,2021-05-13,6372,778556,3861,388844,2304,363107,207,26605,2273,96786,4081,353202,2483,449988,California
Ventura,2021-05-14,7511,786067,4656,393500,2636,365743,219,26824,2833,95174,4659,357861,3047,453035,California
Ventura,2021-05-15,6755,792822,5391,398891,1276,367019,88,26912,2805,94144,3923,361784,2893,455928,California
Ventura,2021-05-16,2203,795025,1711,400602,440,367459,52,26964,1040,94078,1158,362942,1092,457020,California
Ventura,2021-05-17,5895,800920,3560,404162,2121,369580,214,27178,2404,93222,3473,366415,2617,459637,California
Ventura,2021-05-18,5419,806339,3168,407330,2071,371651,180,27358,2129,92259,3271,369686,2308,461945,California
Ventura,2021-05-19,5840,812179,3525,410855,2104,373755,211,27569,2358,91372,3452,373138,2565,464510,California
Ventura,2021-05-20,5495,817674,3050,413905,2286,376041,159,27728,2130,90322,3334,376472,2284,466794,California
Ventura,2021-05-21,7941,825615,4473,418378,3292,379333,176,27904,2560,87711,5348,381820,2737,469531,California
Ventura,2021-05-22,5649,831264,2888,421266,2686,382019,75,27979,1761,85669,3878,385698,1836,471367,California
Ventura,2021-05-23,1993,833257,1529,422795,392,382411,72,28051,743,85243,1241,386939,815,472182,California
Ventura,2021-05-24,4546,837803,2465,425260,1913,384324,168,28219,1450,83781,3077,390016,1615,473797,California
Ventura,2021-05-25,4295,842098,2229,427489,1914,386238,152,28371,1414,82484,2862,392878,1565,475362,California
Ventura,2021-05-26,4295,846393,2286,429775,1843,388081,166,28537,1653,81685,2619,395497,1820,477182,California
Ventura,2021-05-27,3875,850268,1912,431687,1835,389916,128,28665,1380,80711,2481,397978,1507,478689,California
Ventura,2021-05-28,4568,854836,2480,434167,1894,391810,194,28859,1976,80303,2572,400550,2164,480853,California
Ventura,2021-05-29,2152,856988,1347,435514,738,392548,67,28926,1042,80314,1098,401648,1109,481962,California
Ventura,2021-05-30,911,857899,583,436097,275,392823,53,28979,358,80175,550,402198,411,482373,California
Ventura,2021-05-31,257,858156,138,436235,110,392933,9,28988,61,80049,196,402394,70,482443,California
Ventura,2021-06-01,4016,862172,2285,438520,1565,394498,166,29154,1292,78808,2699,405093,1458,483901,California
Ventura,2021-06-02,2968,865140,1632,440152,1200,395698,136,29290,1006,78004,1946,407039,1142,485043,California
Ventura,2021-06-03,3245,868385,2008,442160,1082,396780,155,29445,883,76692,2349,409388,1037,486080,California
Ventura,2021-06-04,4593,872978,3023,445183,1409,398189,161,29606,1417,75107,3162,412550,1577,487657,California
Ventura,2021-06-05,3822,876800,3191,448374,567,398756,64,29670,1155,73673,2654,415204,1220,488877,California
Ventura,2021-06-06,1254,878054,1074,449448,135,398891,45,29715,284,73042,959,416163,328,489205,California
Ventura,2021-06-07,3167,881221,2357,451805,699,399590,111,29826,946,71892,2206,418369,1056,490261,California
Ventura,2021-06-08,3028,884249,1992,453797,901,400491,135,29961,884,70783,2128,420497,1019,491280,California
Ventura,2021-06-09,2944,887193,2048,455845,790,401281,106,30067,763,69484,2167,422664,868,492148,California
Ventura,2021-06-10,3032,890225,2121,457966,809,402090,102,30169,809,68183,2210,424874,909,493057,California
Ventura,2021-06-11,3471,893696,2388,460354,946,403036,137,30306,975,66807,2485,427359,1109,494166,California
Ventura,2021-06-12,2155,895851,1689,462043,420,403456,46,30352,515,65738,1630,428989,561,494727,California
Ventura,2021-06-13,1018,896869,780,462823,174,403630,64,30416,236,65259,781,429770,302,495029,California
Ventura,2021-06-14,2643,899512,1804,464627,708,404338,131,30547,814,64386,1817,431587,944,495973,California
Ventura,2021-06-15,2433,901945,1569,466196,753,405091,111,30658,849,63773,1571,433158,958,496931,California
Ventura,2021-06-16,2485,904430,1822,468018,558,405649,105,30763,829,63069,1637,434795,933,497864,California
Ventura,2021-06-17,2224,906654,1558,469576,566,406215,100,30863,818,62590,1397,436192,918,498782,California
Ventura,2021-06-18,2962,909616,2088,471664,749,406964,125,30988,977,61721,1970,438162,1101,499883,California
Ventura,2021-06-19,1375,910991,1064,472728,286,407250,25,31013,521,61424,843,439005,546,500429,California
Ventura,2021-06-20,692,911683,537,473265,114,407364,41,31054,260,61296,429,439434,301,500730,California
Ventura,2021-06-21,1683,913366,1076,474341,489,407853,118,31172,837,61414,836,440270,954,501684,California
Ventura,2021-06-22,1970,915336,1379,475720,492,408345,99,31271,737,61028,1221,441491,835,502519,California
Ventura,2021-06-23,1778,917114,1220,476940,452,408797,106,31377,738,60842,1029,442520,843,503362,California
Ventura,2021-06-24,1821,918935,1198,478138,504,409301,119,31496,723,60597,1087,443607,842,504204,California
Ventura,2021-06-25,2418,921353,1613,479751,630,409931,175,31671,879,60122,1529,445136,1054,505258,California
Ventura,2021-06-26,1552,922905,1264,481015,225,410156,63,31734,521,59682,1024,446160,584,505842,California
Ventura,2021-06-27,581,923486,452,481467,103,410259,26,31760,259,59648,319,446479,285,506127,California
Ventura,2021-06-28,1769,925255,1429,482896,243,410502,97,31857,722,59433,1034,447513,819,506946,California
Ventura,2021-06-29,1652,926907,1108,484004,453,410955,91,31948,682,59241,963,448476,771,507717,California
Ventura,2021-06-30,1481,928388,1037,485041,349,411304,95,32043,704,59267,770,449246,796,508513,California
Ventura,2021-07-01,1178,929566,889,485930,230,411534,59,32102,506,59168,664,449910,565,509078,California
Yolo,2020-12-15,39,39,39,39,0,0,0,0,39,39,0,0,39,39,California
Yolo,2020-12-16,78,117,78,117,0,0,0,0,78,117,0,0,78,117,California
Yolo,2020-12-17,105,222,105,222,0,0,0,0,105,222,0,0,105,222,California
Yolo,2020-12-18,230,452,230,452,0,0,0,0,230,452,0,0,230,452,California
Yolo,2020-12-19,87,539,87,539,0,0,0,0,87,539,0,0,87,539,California
Yolo,2020-12-20,102,641,102,641,0,0,0,0,102,641,0,0,102,641,California
Yolo,2020-12-21,254,895,254,895,0,0,0,0,254,895,0,0,254,895,California
Yolo,2020-12-22,385,1280,384,1279,1,1,0,0,385,1280,0,0,385,1280,California
Yolo,2020-12-23,438,1718,418,1697,20,21,0,0,438,1718,0,0,438,1718,California
Yolo,2020-12-24,153,1871,96,1793,57,78,0,0,153,1871,0,0,153,1871,California
Yolo,2020-12-25,1,1872,1,1794,0,78,0,0,1,1872,0,0,1,1872,California
Yolo,2020-12-26,75,1947,25,1819,50,128,0,0,75,1947,0,0,75,1947,California
Yolo,2020-12-27,46,1993,19,1838,27,155,0,0,46,1993,0,0,46,1993,California
Yolo,2020-12-28,404,2397,233,2071,171,326,0,0,404,2397,0,0,404,2397,California
Yolo,2020-12-29,491,2888,268,2339,223,549,0,0,491,2888,0,0,491,2888,California
Yolo,2020-12-30,626,3514,256,2595,370,919,0,0,626,3514,0,0,626,3514,California
Yolo,2020-12-31,183,3697,93,2688,90,1009,0,0,183,3697,0,0,183,3697,California
Yolo,2021-01-01,58,3755,56,2744,2,1011,0,0,58,3755,0,0,58,3755,California
Yolo,2021-01-02,71,3826,28,2772,43,1054,0,0,71,3826,0,0,71,3826,California
Yolo,2021-01-03,44,3870,19,2791,25,1079,0,0,44,3870,0,0,44,3870,California
Yolo,2021-01-04,192,4062,41,2832,151,1230,0,0,192,4062,0,0,192,4062,California
Yolo,2021-01-05,619,4681,238,3070,381,1611,0,0,555,4553,64,64,555,4617,California
Yolo,2021-01-06,483,5164,183,3253,300,1911,0,0,346,4762,137,201,346,4963,California
Yolo,2021-01-07,711,5875,233,3486,478,2389,0,0,519,5090,191,392,519,5482,California
Yolo,2021-01-08,631,6506,311,3797,320,2709,0,0,407,5274,223,615,407,5889,California
Yolo,2021-01-09,411,6917,72,3869,339,3048,0,0,365,5593,46,661,365,6254,California
Yolo,2021-01-10,394,7311,80,3949,314,3362,0,0,324,5847,70,731,324,6578,California
Yolo,2021-01-11,565,7876,329,4278,236,3598,0,0,290,5864,275,1006,292,6870,California
Yolo,2021-01-12,564,8440,443,4721,121,3719,0,0,195,5691,369,1375,196,7066,California
Yolo,2021-01-13,775,9215,313,5034,462,4181,0,0,522,5960,253,1628,522,7588,California
Yolo,2021-01-14,382,9597,184,5218,198,4379,0,0,279,6136,103,1731,279,7867,California
Yolo,2021-01-15,632,10229,323,5541,309,4688,0,0,550,6605,82,1813,551,8418,California
Yolo,2021-01-16,749,10978,96,5637,653,5341,0,0,718,7292,31,1844,718,9136,California
Yolo,2021-01-17,190,11168,121,5758,69,5410,0,0,183,7468,7,1851,183,9319,California
Yolo,2021-01-18,485,11653,305,6063,180,5590,0,0,334,7651,151,2002,334,9653,California
Yolo,2021-01-19,560,12213,372,6435,188,5778,0,0,383,7857,177,2179,383,10036,California
Yolo,2021-01-20,663,12876,385,6820,278,6056,0,0,472,8139,190,2369,472,10508,California
Yolo,2021-01-21,651,13527,385,7205,266,6322,0,0,462,8412,189,2558,462,10970,California
Yolo,2021-01-22,758,14285,254,7459,504,6826,0,0,640,8936,116,2674,640,11610,California
Yolo,2021-01-23,627,14912,126,7585,501,7327,0,0,577,9463,50,2724,577,12187,California
Yolo,2021-01-24,207,15119,123,7708,84,7411,0,0,166,9588,41,2765,166,12353,California
Yolo,2021-01-25,738,15857,160,7868,578,7989,0,0,516,9881,223,2988,516,12869,California
Yolo,2021-01-26,832,16689,330,8198,502,8491,0,0,435,9919,397,3385,435,13304,California
Yolo,2021-01-27,684,17373,230,8428,454,8945,0,0,401,10037,283,3668,401,13705,California
Yolo,2021-01-28,1056,18429,565,8993,491,9436,0,0,930,10842,125,3793,930,14635,California
Yolo,2021-01-29,965,19394,266,9259,699,10135,0,0,880,11638,84,3877,880,15515,California
Yolo,2021-01-30,1526,20920,921,10180,605,10740,0,0,1405,12928,115,3992,1405,16920,California
Yolo,2021-01-31,240,21160,202,10382,38,10778,0,0,211,13111,28,4020,211,17131,California
Yolo,2021-02-01,856,22016,365,10747,491,11269,0,0,620,13498,233,4253,620,17751,California
Yolo,2021-02-02,1350,23366,756,11503,594,11863,0,0,934,14017,416,4669,935,18686,California
Yolo,2021-02-03,1533,24899,401,11904,1132,12995,0,0,1191,14869,339,5008,1191,19877,California
Yolo,2021-02-04,1812,26711,284,12188,1528,14523,0,0,1256,15581,545,5553,1257,21134,California
Yolo,2021-02-05,1612,28323,916,13104,696,15219,0,0,1208,16387,403,5956,1209,22343,California
Yolo,2021-02-06,1926,30249,1255,14359,671,15890,0,0,1563,17588,363,6319,1564,23907,California
Yolo,2021-02-07,523,30772,252,14611,271,16161,0,0,172,17410,350,6669,172,24079,California
Yolo,2021-02-08,951,31723,334,14945,617,16778,0,0,605,17673,342,7011,605,24684,California
Yolo,2021-02-09,861,32584,386,15331,475,17253,0,0,574,17960,287,7298,574,25258,California
Yolo,2021-02-10,1478,34062,481,15812,997,18250,0,0,830,18144,648,7946,832,26090,California
Yolo,2021-02-11,1582,35644,809,16621,773,19023,0,0,1186,18934,396,8342,1186,27276,California
Yolo,2021-02-12,1944,37588,761,17382,1183,20206,0,0,1458,19911,482,8824,1459,28735,California
Yolo,2021-02-13,2073,39661,716,18098,1357,21563,0,0,1394,20626,679,9503,1394,30129,California
Yolo,2021-02-14,572,40233,156,18254,416,21979,0,0,447,20949,124,9627,447,30576,California
Yolo,2021-02-15,535,40768,193,18447,342,22321,0,0,265,20945,270,9897,266,30842,California
Yolo,2021-02-16,1151,41919,434,18881,717,23038,0,0,821,21437,330,10227,822,31664,California
Yolo,2021-02-17,1398,43317,705,19586,693,23731,0,0,994,22027,404,10631,994,32658,California
Yolo,2021-02-18,2509,45826,819,20405,1690,25421,0,0,1729,22978,779,11410,1730,34388,California
Yolo,2021-02-19,1762,47588,754,21159,1008,26429,0,0,1133,23484,627,12037,1133,35521,California
Yolo,2021-02-20,2573,50161,956,22115,1617,28046,0,0,1390,23698,1177,13214,1391,36912,California
Yolo,2021-02-21,326,50487,236,22351,90,28136,0,0,108,23589,217,13431,108,37020,California
Yolo,2021-02-22,1409,51896,613,22964,796,28932,0,0,708,23597,700,14131,708,37728,California
Yolo,2021-02-23,1173,53069,881,23845,292,29224,0,0,447,23320,724,14855,447,38175,California
Yolo,2021-02-24,2123,55192,601,24446,1522,30746,0,0,1394,23987,727,15582,1394,39569,California
Yolo,2021-02-25,1397,56589,495,24941,902,31648,0,0,917,24425,479,16061,917,40486,California
Yolo,2021-02-26,2661,59250,1042,25983,1619,33267,0,0,1337,24442,1320,17381,1337,41823,California
Yolo,2021-02-27,1705,60955,780,26763,925,34192,0,0,1249,25235,456,17837,1249,43072,California
Yolo,2021-02-28,1831,62786,1523,28286,308,34500,0,0,710,24827,1119,18956,711,43783,California
Yolo,2021-03-01,1157,63943,378,28664,779,35279,0,0,699,25070,456,19412,699,44482,California
Yolo,2021-03-02,1505,65448,705,29369,800,36079,0,0,957,25479,548,19960,957,45439,California
Yolo,2021-03-03,1896,67344,649,30018,1247,37326,0,0,856,25297,1038,20998,856,46295,California
Yolo,2021-03-04,3042,70386,1466,31484,1576,38902,0,0,1579,25416,1460,22458,1579,47874,California
Yolo,2021-03-05,2491,72877,1411,32895,1069,39971,11,11,1516,25969,974,23432,1527,49401,California
Yolo,2021-03-06,1492,74369,1137,34032,326,40297,29,40,850,26209,639,24071,879,50280,California
Yolo,2021-03-07,919,75288,679,34711,226,40523,14,54,780,26864,139,24210,794,51074,California
Yolo,2021-03-08,1343,76631,498,35209,802,41325,43,97,885,27336,457,24667,929,52003,California
Yolo,2021-03-09,1590,78221,691,35900,836,42161,63,160,967,27745,621,25288,1030,53033,California
Yolo,2021-03-10,2217,80438,1061,36961,864,43025,292,452,976,27769,1236,26524,1260,54293,California
Yolo,2021-03-11,2715,83153,1609,38570,1040,44065,66,518,1814,28750,900,27424,1881,56174,California
Yolo,2021-03-12,2931,86084,1360,39930,1490,45555,81,599,1378,28666,1544,28968,1460,57634,California
Yolo,2021-03-13,1962,88046,736,40666,1050,46605,176,775,1029,28940,930,29898,1204,58838,California
Yolo,2021-03-14,1067,89113,213,40879,703,47308,151,926,526,29071,540,30438,671,59509,California
Yolo,2021-03-15,1676,90789,769,41648,726,48034,181,1107,1056,29686,618,31056,1233,60742,California
Yolo,2021-03-16,2031,92820,730,42378,1229,49263,72,1179,1236,30199,795,31851,1308,62050,California
Yolo,2021-03-17,2531,95351,988,43366,1471,50734,72,1251,1733,31241,794,32645,1836,63886,California
Yolo,2021-03-18,3057,98408,1045,44411,1786,52520,226,1477,1266,30946,1787,34432,1492,65378,California
Yolo,2021-03-19,2110,100518,876,45287,1166,53686,68,1545,1094,31098,1010,35442,1162,66540,California
Yolo,2021-03-20,2783,103301,819,46106,1921,55607,43,1588,1091,30548,1686,37128,1136,67676,California
Yolo,2021-03-21,316,103617,215,46321,93,55700,8,1596,176,30593,139,37267,184,67860,California
Yolo,2021-03-22,1412,105029,496,46817,856,56556,60,1656,913,31069,496,37763,972,68832,California
Yolo,2021-03-23,1759,106788,946,47763,756,57312,57,1713,1082,31531,676,38439,1138,69970,California
Yolo,2021-03-24,2891,109679,1407,49170,1433,58745,51,1764,1398,31502,1479,39918,1450,71420,California
Yolo,2021-03-25,2540,112219,1405,50575,1106,59851,29,1793,1250,31504,1278,41196,1280,72700,California
Yolo,2021-03-26,2404,114623,1262,51837,1122,60973,20,1813,1021,31168,1376,42572,1040,73740,California
Yolo,2021-03-27,1665,116288,458,52295,1189,62162,18,1831,747,31016,917,43489,765,74505,California
Yolo,2021-03-28,1107,117395,863,53158,225,62387,19,1850,250,30431,853,44342,268,74773,California
Yolo,2021-03-29,2038,119433,825,53983,1183,63570,30,1880,969,30365,1065,45407,999,75772,California
Yolo,2021-03-30,2291,121724,1086,55069,1184,64754,21,1901,1166,30433,1120,46527,1188,76960,California
Yolo,2021-03-31,2359,124083,1228,56297,1094,65848,37,1938,1177,30466,1181,47708,1214,78174,California
Yolo,2021-04-01,3862,127945,1865,58162,1518,67366,479,2417,1594,30273,2265,49973,2072,80246,California
Yolo,2021-04-02,3407,131352,1525,59687,1736,69102,146,2563,2067,31154,1332,51305,2213,82459,California
Yolo,2021-04-03,1828,133180,1103,60790,503,69605,222,2785,807,31164,1019,52324,1029,83488,California
Yolo,2021-04-04,395,133575,157,60947,177,69782,61,2846,147,31125,247,52571,208,83696,California
Yolo,2021-04-05,1925,135500,738,61685,1087,70869,100,2946,901,31108,1019,53590,1002,84698,California
Yolo,2021-04-06,2597,138097,1320,63005,1105,71974,172,3118,1136,30964,1451,55041,1307,86005,California
Yolo,2021-04-07,2996,141093,1520,64525,1120,73094,356,3474,1745,31823,1246,56287,2105,88110,California
Yolo,2021-04-08,2433,143526,1011,65536,946,74040,476,3950,854,31573,1576,57863,1326,89436,California
Yolo,2021-04-09,2604,146130,921,66457,1102,75142,581,4531,831,31207,1770,59633,1404,90840,California
Yolo,2021-04-10,1769,147899,831,67288,755,75897,183,4714,1024,31672,741,60374,1206,92046,California
Yolo,2021-04-11,895,148794,286,67574,565,76462,44,4758,362,31547,530,60904,405,92451,California
Yolo,2021-04-12,1780,150574,529,68103,1107,77569,144,4902,788,31491,989,61893,933,93384,California
Yolo,2021-04-13,1995,152569,918,69021,1077,78646,0,4902,921,31339,1073,62966,921,94305,California
Yolo,2021-04-14,2802,155371,772,69793,2030,80676,0,4902,1373,31289,1423,64389,1373,95678,California
Yolo,2021-04-15,3358,158729,1140,70933,2218,82894,0,4902,2283,32503,1069,65458,2283,97961,California
Yolo,2021-04-16,3097,161826,1997,72930,1100,83994,0,4902,1977,33368,1112,66570,1977,99938,California
Yolo,2021-04-17,1633,163459,479,73409,1154,85148,0,4902,844,33431,784,67354,847,100785,California
Yolo,2021-04-18,647,164106,319,73728,328,85476,0,4902,361,33511,282,67636,362,101147,California
Yolo,2021-04-19,1690,165796,727,74455,962,86438,1,4903,777,33381,908,68544,778,101925,California
Yolo,2021-04-20,2059,167855,1058,75513,1001,87439,0,4903,1090,33506,967,69511,1092,103017,California
Yolo,2021-04-21,2072,169927,1060,76573,1012,88451,0,4903,1114,33669,952,70463,1115,104132,California
Yolo,2021-04-22,1987,171914,914,77487,1073,89524,0,4903,979,33650,1002,71465,983,105115,California
Yolo,2021-04-23,2653,174567,1561,79048,1092,90616,0,4903,1163,33336,1478,72943,1164,106279,California
Yolo,2021-04-24,1175,175742,646,79694,526,91142,3,4906,463,33098,704,73647,466,106745,California
Yolo,2021-04-25,950,176692,406,80100,544,91686,0,4906,727,33603,222,73869,727,107472,California
Yolo,2021-04-26,1255,177947,499,80599,753,92439,3,4909,531,33418,721,74590,536,108008,California
Yolo,2021-04-27,1562,179509,736,81335,806,93245,20,4929,604,33087,957,75547,626,108634,California
Yolo,2021-04-28,2074,181583,1029,82364,1018,94263,27,4956,749,32543,1321,76868,777,109411,California
Yolo,2021-04-29,1794,183377,853,83217,858,95121,83,5039,709,32252,1081,77949,790,110201,California
Yolo,2021-04-30,2041,185418,1021,84238,961,96082,59,5098,973,32223,1061,79010,1032,111233,California
Yolo,2021-05-01,1289,186707,999,85237,270,96352,20,5118,377,31710,910,79920,397,111630,California
Yolo,2021-05-02,521,187228,427,85664,71,96423,23,5141,323,31858,198,80118,346,111976,California
Yolo,2021-05-03,1127,188355,405,86069,688,97111,34,5175,298,31364,826,80944,332,112308,California
Yolo,2021-05-04,1470,189825,684,86753,761,97872,25,5200,507,30939,958,81902,533,112841,California
Yolo,2021-05-05,1593,191418,455,87208,1072,98944,66,5266,459,30338,1127,83029,526,113367,California
Yolo,2021-05-06,1528,192946,714,87922,732,99676,82,5348,498,29905,1013,84042,580,113947,California
Yolo,2021-05-07,2330,195276,1405,89327,874,100550,51,5399,463,28558,1859,85901,512,114459,California
Yolo,2021-05-08,850,196126,373,89700,421,100971,56,5455,320,28406,526,86427,374,114833,California
Yolo,2021-05-09,402,196528,172,89872,217,101188,13,5468,91,28200,310,86737,104,114937,California
Yolo,2021-05-10,910,197438,358,90230,506,101694,46,5514,153,27643,755,87492,198,115135,California
Yolo,2021-05-11,1179,198617,697,90927,460,102154,22,5536,294,27080,879,88371,316,115451,California
Yolo,2021-05-12,1585,200202,715,91642,837,102991,33,5569,307,26150,1273,89644,343,115794,California
Yolo,2021-05-13,2182,202384,861,92503,1266,104257,55,5624,646,25319,1532,91176,701,116495,California
Yolo,2021-05-14,2041,204425,1521,94024,489,104746,31,5655,1153,25619,884,92060,1184,117679,California
Yolo,2021-05-15,1280,205705,733,94757,500,105246,47,5702,660,25707,619,92679,707,118386,California
Yolo,2021-05-16,1451,207156,1237,95994,207,105453,7,5709,1011,26290,435,93114,1018,119404,California
Yolo,2021-05-17,1137,208293,446,96440,673,106126,18,5727,350,25875,783,93897,368,119772,California
Yolo,2021-05-18,1692,209985,1107,97547,563,106689,22,5749,909,26029,777,94674,931,120703,California
Yolo,2021-05-19,1008,210993,585,98132,384,107073,39,5788,482,26026,524,95198,521,121224,California
Yolo,2021-05-20,1099,212092,699,98831,374,107447,26,5814,379,25717,714,95912,405,121629,California
Yolo,2021-05-21,1443,213535,932,99763,484,107931,27,5841,362,25030,1074,96986,387,122016,California
Yolo,2021-05-22,824,214359,541,100304,275,108206,8,5849,281,24784,536,97522,290,122306,California
Yolo,2021-05-23,618,214977,165,100469,437,108643,16,5865,108,24401,508,98030,125,122431,California
Yolo,2021-05-24,708,215685,349,100818,339,108982,20,5885,221,24159,484,98514,242,122673,California
Yolo,2021-05-25,882,216567,511,101329,348,109330,23,5908,342,23990,534,99048,365,123038,California
Yolo,2021-05-26,819,217386,270,101599,516,109846,33,5941,249,23706,566,99614,282,123320,California
Yolo,2021-05-27,761,218147,381,101980,329,110175,51,5992,304,23609,452,100066,355,123675,California
Yolo,2021-05-28,881,219028,402,102382,450,110625,29,6021,379,23518,497,100563,406,124081,California
Yolo,2021-05-29,600,219628,346,102728,218,110843,36,6057,274,23502,323,100886,307,124388,California
Yolo,2021-05-30,136,219764,71,102799,58,110901,7,6064,55,23485,79,100965,62,124450,California
Yolo,2021-05-31,68,219832,18,102817,48,110949,2,6066,16,23450,52,101017,17,124467,California
Yolo,2021-06-01,753,220585,326,103143,403,111352,24,6090,245,23217,502,101519,269,124736,California
Yolo,2021-06-02,757,221342,302,103445,434,111786,21,6111,232,22948,522,102041,253,124989,California
Yolo,2021-06-03,928,222270,592,104037,312,112098,24,6135,215,22478,709,102750,239,125228,California
Yolo,2021-06-04,1495,223765,1217,105254,256,112354,22,6157,380,21769,1110,103860,401,125629,California
Yolo,2021-06-05,720,224485,548,105802,155,112509,17,6174,149,21365,570,104430,166,125795,California
Yolo,2021-06-06,1107,225592,1043,106845,57,112566,7,6181,154,20574,952,105382,161,125956,California
Yolo,2021-06-07,516,226108,270,107115,226,112792,20,6201,148,20378,363,105745,167,126123,California
Yolo,2021-06-08,1043,227151,812,107927,213,113005,18,6219,200,19754,842,106587,218,126341,California
Yolo,2021-06-09,790,227941,490,108417,269,113274,31,6250,260,19518,526,107113,290,126631,California
Yolo,2021-06-10,568,228509,360,108777,175,113449,33,6283,166,19318,399,107512,199,126830,California
Yolo,2021-06-11,658,229167,450,109227,184,113633,24,6307,195,19076,461,107973,219,127049,California
Yolo,2021-06-12,481,229648,277,109504,179,113812,25,6332,146,18914,333,108306,171,127220,California
Yolo,2021-06-13,155,229803,116,109620,38,113850,1,6333,63,18888,91,108397,65,127285,California
Yolo,2021-06-14,411,230214,255,109875,123,113973,33,6366,129,18770,281,108678,163,127448,California
Yolo,2021-06-15,769,230983,397,110272,346,114319,26,6392,298,18626,468,109146,324,127772,California
Yolo,2021-06-16,474,231457,242,110514,190,114509,42,6434,168,18530,304,109450,208,127980,California
Yolo,2021-06-17,498,231955,317,110831,125,114634,56,6490,173,18436,323,109773,229,128209,California
Yolo,2021-06-18,554,232509,396,111227,136,114770,22,6512,212,18330,339,110112,233,128442,California
Yolo,2021-06-19,320,232829,207,111434,97,114867,16,6528,117,18261,202,110314,133,128575,California
Yolo,2021-06-20,114,232943,74,111508,36,114903,4,6532,62,18278,50,110364,67,128642,California
Yolo,2021-06-21,205,233148,88,111596,98,115001,19,6551,111,18315,93,110457,130,128772,California
Yolo,2021-06-22,520,233668,296,111892,206,115207,18,6569,242,18299,276,110733,260,129032,California
Yolo,2021-06-23,374,234042,213,112105,144,115351,17,6586,152,18249,219,110952,169,129201,California
Yolo,2021-06-24,395,234437,247,112352,106,115457,42,6628,173,18243,221,111173,215,129416,California
Yolo,2021-06-25,548,234985,384,112736,120,115577,44,6672,191,18123,355,111528,235,129651,California
Yolo,2021-06-26,269,235254,164,112900,82,115659,23,6695,109,18096,158,111686,131,129782,California
Yolo,2021-06-27,177,235431,140,113040,32,115691,5,6700,64,18051,113,111799,68,129850,California
Yolo,2021-06-28,254,235685,130,113170,52,115743,72,6772,108,18085,145,111944,179,130029,California
Yolo,2021-06-29,420,236105,265,113435,106,115849,49,6821,154,18025,263,112207,203,130232,California
Yolo,2021-06-30,363,236468,204,113639,134,115983,25,6846,135,17956,228,112435,159,130391,California
Yolo,2021-07-01,206,236674,119,113758,58,116041,29,6875,74,17929,129,112564,102,130493,California
Yuba,2020-12-16,4,4,4,4,0,0,0,0,4,4,0,0,4,4,California
Yuba,2020-12-17,4,8,4,8,0,0,0,0,4,8,0,0,4,8,California
Yuba,2020-12-18,8,16,8,16,0,0,0,0,8,16,0,0,8,16,California
Yuba,2020-12-19,12,28,12,28,0,0,0,0,12,28,0,0,12,28,California
Yuba,2020-12-20,19,47,19,47,0,0,0,0,19,47,0,0,19,47,California
Yuba,2020-12-21,41,88,41,88,0,0,0,0,41,88,0,0,41,88,California
Yuba,2020-12-22,85,173,85,173,0,0,0,0,85,173,0,0,85,173,California
Yuba,2020-12-23,65,238,63,236,2,2,0,0,65,238,0,0,65,238,California
Yuba,2020-12-24,20,258,10,246,10,12,0,0,20,258,0,0,20,258,California
Yuba,2020-12-25,1,259,1,247,0,12,0,0,1,259,0,0,1,259,California
Yuba,2020-12-26,13,272,12,259,1,13,0,0,13,272,0,0,13,272,California
Yuba,2020-12-27,15,287,15,274,0,13,0,0,15,287,0,0,15,287,California
Yuba,2020-12-28,51,338,35,309,16,29,0,0,51,338,0,0,51,338,California
Yuba,2020-12-29,74,412,10,319,64,93,0,0,74,412,0,0,74,412,California
Yuba,2020-12-30,63,475,20,339,43,136,0,0,63,475,0,0,63,475,California
Yuba,2020-12-31,39,514,6,345,33,169,0,0,39,514,0,0,39,514,California
Yuba,2021-01-02,23,537,22,367,1,170,0,0,23,537,0,0,23,537,California
Yuba,2021-01-03,10,547,6,373,4,174,0,0,10,547,0,0,10,547,California
Yuba,2021-01-04,92,639,23,396,69,243,0,0,92,639,0,0,92,639,California
Yuba,2021-01-05,71,710,39,435,32,275,0,0,70,708,1,1,70,709,California
Yuba,2021-01-06,154,864,76,511,78,353,0,0,148,850,6,7,148,857,California
Yuba,2021-01-07,75,939,19,530,56,409,0,0,72,918,4,11,72,929,California
Yuba,2021-01-08,74,1013,24,554,50,459,0,0,67,978,7,18,67,996,California
Yuba,2021-01-09,19,1032,16,570,3,462,0,0,11,981,8,26,11,1007,California
Yuba,2021-01-10,117,1149,22,592,95,557,0,0,95,1054,22,48,95,1102,California
Yuba,2021-01-11,73,1222,50,642,23,580,0,0,33,1047,40,88,33,1135,California
Yuba,2021-01-12,109,1331,78,720,31,611,0,0,45,1028,64,152,45,1180,California
Yuba,2021-01-13,119,1450,72,792,47,658,0,0,54,1018,64,216,54,1234,California
Yuba,2021-01-14,114,1564,44,836,70,728,0,0,102,1108,12,228,102,1336,California
Yuba,2021-01-15,204,1768,85,921,119,847,0,0,194,1292,10,238,194,1530,California
Yuba,2021-01-16,188,1956,21,942,167,1014,0,0,176,1455,13,251,176,1706,California
Yuba,2021-01-17,13,1969,9,951,4,1018,0,0,7,1456,6,257,7,1713,California
Yuba,2021-01-18,61,2030,32,983,29,1047,0,0,36,1467,25,282,36,1749,California
Yuba,2021-01-19,80,2110,30,1013,50,1097,0,0,65,1517,15,297,65,1814,California
Yuba,2021-01-20,133,2243,86,1099,47,1144,0,0,110,1604,23,320,110,1924,California
Yuba,2021-01-21,221,2464,103,1202,118,1262,0,0,212,1807,9,329,212,2136,California
Yuba,2021-01-22,107,2571,7,1209,100,1362,0,0,98,1896,9,338,98,2234,California
Yuba,2021-01-23,199,2770,7,1216,192,1554,0,0,197,2091,2,340,197,2431,California
Yuba,2021-01-24,10,2780,7,1223,3,1557,0,0,8,2097,2,342,8,2439,California
Yuba,2021-01-25,86,2866,30,1253,56,1613,0,0,53,2118,32,374,53,2492,California
Yuba,2021-01-26,149,3015,41,1294,108,1721,0,0,90,2149,59,433,90,2582,California
Yuba,2021-01-27,184,3199,129,1423,55,1776,0,0,117,2199,67,500,117,2699,California
Yuba,2021-01-28,228,3427,90,1513,138,1914,0,0,177,2325,51,551,177,2876,California
Yuba,2021-01-29,150,3577,46,1559,104,2018,0,0,111,2397,39,590,111,2987,California
Yuba,2021-01-30,409,3986,23,1582,386,2404,0,0,398,2784,11,601,398,3385,California
Yuba,2021-01-31,18,4004,12,1594,6,2410,0,0,16,2798,2,603,16,3401,California
Yuba,2021-02-01,155,4159,75,1669,80,2490,0,0,131,2907,23,626,132,3533,California
Yuba,2021-02-02,128,4287,23,1692,105,2595,0,0,104,2987,24,650,104,3637,California
Yuba,2021-02-03,230,4517,30,1722,200,2795,0,0,116,2990,113,763,116,3753,California
Yuba,2021-02-04,298,4815,120,1842,178,2973,0,0,253,3198,45,808,253,4006,California
Yuba,2021-02-05,148,4963,32,1874,116,3089,0,0,71,3192,77,885,71,4077,California
Yuba,2021-02-06,451,5414,26,1900,425,3514,0,0,443,3627,8,893,443,4520,California
Yuba,2021-02-07,20,5434,13,1913,7,3521,0,0,16,3639,4,897,16,4536,California
Yuba,2021-02-08,98,5532,35,1948,63,3584,0,0,66,3673,32,929,66,4602,California
Yuba,2021-02-09,156,5688,56,2004,100,3684,0,0,85,3687,71,1000,85,4687,California
Yuba,2021-02-10,363,6051,177,2181,186,3870,0,0,122,3570,239,1239,122,4809,California
Yuba,2021-02-11,404,6455,67,2248,337,4207,0,0,301,3770,101,1340,301,5110,California
Yuba,2021-02-12,271,6726,28,2276,243,4450,0,0,153,3805,118,1458,153,5263,California
Yuba,2021-02-13,438,7164,36,2312,402,4852,0,0,387,4141,51,1509,387,5650,California
Yuba,2021-02-14,52,7216,10,2322,42,4894,0,0,47,4183,5,1514,47,5697,California
Yuba,2021-02-15,89,7305,36,2358,53,4947,0,0,69,4232,20,1534,69,5766,California
Yuba,2021-02-16,203,7508,55,2413,148,5095,0,0,144,4318,58,1592,144,5910,California
Yuba,2021-02-17,379,7887,158,2571,221,5316,0,0,101,4142,277,1869,101,6011,California
Yuba,2021-02-18,324,8211,48,2619,276,5592,0,0,197,4212,127,1996,197,6208,California
Yuba,2021-02-19,229,8440,82,2701,147,5739,0,0,143,4269,86,2082,143,6351,California
Yuba,2021-02-20,397,8837,31,2732,366,6105,0,0,339,4550,58,2140,339,6690,California
Yuba,2021-02-21,24,8861,14,2746,10,6115,0,0,14,4554,10,2150,14,6704,California
Yuba,2021-02-22,129,8990,80,2826,49,6164,0,0,38,4501,91,2241,38,6742,California
Yuba,2021-02-23,124,9114,28,2854,96,6260,0,0,53,4485,70,2311,54,6796,California
Yuba,2021-02-24,491,9605,141,2995,350,6610,0,0,110,4214,381,2692,110,6906,California
Yuba,2021-02-25,347,9952,142,3137,205,6815,0,0,217,4301,130,2822,217,7123,California
Yuba,2021-02-26,263,10215,69,3206,194,7009,0,0,147,4334,114,2936,147,7270,California
Yuba,2021-02-27,474,10689,47,3253,427,7436,0,0,386,4634,86,3022,386,7656,California
Yuba,2021-02-28,72,10761,23,3276,49,7485,0,0,48,4658,24,3046,48,7704,California
Yuba,2021-03-01,162,10923,43,3319,119,7604,0,0,81,4659,80,3126,81,7785,California
Yuba,2021-03-02,160,11083,36,3355,124,7728,0,0,80,4659,80,3206,80,7865,California
Yuba,2021-03-03,628,11711,159,3514,469,8197,0,0,200,4432,427,3633,200,8065,California
Yuba,2021-03-04,471,12182,274,3788,197,8394,0,0,327,4616,143,3776,327,8392,California
Yuba,2021-03-05,326,12508,61,3849,264,8658,1,1,258,4807,68,3844,259,8651,California
Yuba,2021-03-06,475,12983,35,3884,436,9094,4,5,368,5073,106,3950,372,9023,California
Yuba,2021-03-07,51,13034,28,3912,22,9116,1,6,36,5095,15,3965,37,9060,California
Yuba,2021-03-08,159,13193,48,3960,95,9211,16,22,99,5150,60,4025,115,9175,California
Yuba,2021-03-09,180,13373,48,4008,112,9323,20,42,85,5160,95,4120,105,9280,California
Yuba,2021-03-10,738,14111,235,4243,473,9796,30,72,234,4920,504,4624,264,9544,California
Yuba,2021-03-11,439,14550,198,4441,229,10025,12,84,296,5085,143,4767,308,9852,California
Yuba,2021-03-12,467,15017,87,4528,327,10352,53,137,155,4981,312,5079,208,10060,California
Yuba,2021-03-13,464,15481,338,4866,111,10463,15,152,364,5261,99,5178,379,10439,California
Yuba,2021-03-14,108,15589,21,4887,77,10540,10,162,46,5257,60,5238,56,10495,California
Yuba,2021-03-15,194,15783,50,4937,128,10668,16,178,99,5277,95,5333,115,10610,California
Yuba,2021-03-16,298,16081,74,5011,200,10868,24,202,185,5374,112,5445,209,10819,California
Yuba,2021-03-17,749,16830,164,5175,554,11422,31,233,196,5051,550,5995,227,11046,California
Yuba,2021-03-18,588,17418,162,5337,313,11735,113,346,354,5283,234,6229,466,11512,California
Yuba,2021-03-19,332,17750,119,5456,159,11894,54,400,184,5372,148,6377,237,11749,California
Yuba,2021-03-20,555,18305,81,5537,456,12350,18,418,475,5786,79,6456,493,12242,California
Yuba,2021-03-21,61,18366,36,5573,25,12375,0,418,42,5809,19,6475,42,12284,California
Yuba,2021-03-22,191,18557,70,5643,114,12489,7,425,149,5923,42,6517,156,12440,California
Yuba,2021-03-23,266,18823,79,5722,159,12648,28,453,176,6039,88,6605,204,12644,California
Yuba,2021-03-24,771,19594,254,5976,436,13084,81,534,186,5723,583,7188,267,12911,California
Yuba,2021-03-25,507,20101,270,6246,215,13299,22,556,254,5746,253,7441,276,13187,California
Yuba,2021-03-26,402,20503,144,6390,229,13528,29,585,227,5828,174,7615,256,13443,California
Yuba,2021-03-27,463,20966,28,6418,432,13960,3,588,408,6184,54,7669,410,13853,California
Yuba,2021-03-28,102,21068,42,6460,56,14016,4,592,34,6154,68,7737,38,13891,California
Yuba,2021-03-29,297,21365,87,6547,178,14194,32,624,179,6247,118,7855,211,14102,California
Yuba,2021-03-30,275,21640,70,6617,197,14391,8,632,189,6358,86,7941,197,14299,California
Yuba,2021-03-31,676,22316,115,6732,550,14941,11,643,244,6183,430,8371,255,14554,California
Yuba,2021-04-01,627,22943,291,7023,306,15247,30,673,291,6168,336,8707,321,14875,California
Yuba,2021-04-02,504,23447,96,7119,325,15572,83,756,187,6121,316,9023,269,15144,California
Yuba,2021-04-03,654,24101,55,7174,117,15689,482,1238,87,6124,566,9589,569,15713,California
Yuba,2021-04-04,59,24160,10,7184,42,15731,7,1245,32,6136,27,9616,39,15752,California
Yuba,2021-04-05,245,24405,79,7263,145,15876,21,1266,124,6161,119,9735,144,15896,California
Yuba,2021-04-06,358,24763,115,7378,182,16058,61,1327,173,6210,184,9919,233,16129,California
Yuba,2021-04-07,788,25551,408,7786,327,16385,53,1380,360,6197,425,10344,412,16541,California
Yuba,2021-04-08,754,26305,292,8078,197,16582,265,1645,281,6270,472,10816,545,17086,California
Yuba,2021-04-09,406,26711,172,8250,167,16749,67,1712,172,6276,233,11049,239,17325,California
Yuba,2021-04-10,603,27314,73,8323,81,16830,449,2161,71,6265,530,11579,519,17844,California
Yuba,2021-04-11,102,27416,24,8347,66,16896,12,2173,43,6262,58,11637,55,17899,California
Yuba,2021-04-12,212,27628,45,8392,137,17033,30,2203,79,6238,132,11769,108,18007,California
Yuba,2021-04-13,400,28028,104,8496,296,17329,0,2203,202,6243,197,11966,202,18209,California
Yuba,2021-04-14,717,28745,110,8606,607,17936,0,2203,129,5785,587,12553,129,18338,California
Yuba,2021-04-15,345,29090,135,8741,210,18146,0,2203,150,5740,195,12748,150,18488,California
Yuba,2021-04-16,342,29432,100,8841,242,18388,0,2203,181,5762,159,12907,181,18669,California
Yuba,2021-04-17,407,29839,60,8901,347,18735,0,2203,335,6026,71,12978,335,19004,California
Yuba,2021-04-18,65,29904,20,8921,45,18780,0,2203,33,6028,31,13009,33,19037,California
Yuba,2021-04-19,247,30151,102,9023,145,18925,0,2203,104,5989,143,13152,104,19141,California
Yuba,2021-04-20,341,30492,103,9126,238,19163,0,2203,187,6026,151,13303,188,19329,California
Yuba,2021-04-21,741,31233,322,9448,419,19582,0,2203,321,5927,420,13723,321,19650,California
Yuba,2021-04-22,377,31610,154,9602,223,19805,0,2203,209,5968,168,13891,209,19859,California
Yuba,2021-04-23,365,31975,127,9729,238,20043,0,2203,174,5953,189,14080,174,20033,California
Yuba,2021-04-24,217,32192,69,9798,148,20191,0,2203,123,5982,94,14174,123,20156,California
Yuba,2021-04-25,75,32267,30,9828,45,20236,0,2203,35,5977,40,14214,35,20191,California
Yuba,2021-04-26,249,32516,66,9894,179,20415,4,2207,114,5960,135,14349,118,20309,California
Yuba,2021-04-27,488,33004,172,10066,306,20721,10,2217,242,5968,244,14593,252,20561,California
Yuba,2021-04-28,450,33454,189,10255,256,20977,5,2222,155,5839,289,14882,160,20721,California
Yuba,2021-04-29,454,33908,89,10344,364,21341,1,2223,162,5711,291,15173,163,20884,California
Yuba,2021-04-30,346,34254,108,10452,208,21549,30,2253,151,5699,193,15366,181,21065,California
Yuba,2021-05-01,208,34462,92,10544,97,21646,19,2272,94,5699,113,15479,113,21178,California
Yuba,2021-05-02,70,34532,39,10583,27,21673,4,2276,38,5709,32,15511,42,21220,California
Yuba,2021-05-03,164,34696,65,10648,90,21763,9,2285,51,5658,111,15622,60,21280,California
Yuba,2021-05-04,340,35036,107,10755,212,21975,21,2306,150,5639,190,15812,171,21451,California
Yuba,2021-05-05,333,35369,96,10851,230,22205,7,2313,116,5545,217,16029,123,21574,California
Yuba,2021-05-06,303,35672,126,10977,139,22344,38,2351,102,5487,198,16227,140,21714,California
Yuba,2021-05-07,362,36034,100,11077,234,22578,28,2379,118,5389,243,16470,145,21859,California
Yuba,2021-05-08,130,36164,56,11133,71,22649,3,2382,55,5373,75,16545,59,21918,California
Yuba,2021-05-09,56,36220,25,11158,28,22677,3,2385,34,5388,22,16567,37,21955,California
Yuba,2021-05-10,174,36394,57,11215,99,22776,18,2403,54,5341,119,16686,72,22027,California
Yuba,2021-05-11,389,36783,178,11393,197,22973,14,2417,143,5253,244,16930,156,22183,California
Yuba,2021-05-12,278,37061,147,11540,123,23096,8,2425,105,5193,173,17103,113,22296,California
Yuba,2021-05-13,366,37427,198,11738,125,23221,43,2468,112,5097,251,17354,155,22451,California
Yuba,2021-05-14,368,37795,139,11877,209,23430,20,2488,154,5056,214,17568,173,22624,California
Yuba,2021-05-15,437,38232,113,11990,303,23733,21,2509,113,4867,322,17890,133,22757,California
Yuba,2021-05-16,151,38383,52,12042,90,23823,9,2518,95,4916,55,17945,104,22861,California
Yuba,2021-05-17,217,38600,90,12132,107,23930,20,2538,90,4901,125,18070,110,22971,California
Yuba,2021-05-18,394,38994,163,12295,222,24152,9,2547,165,4846,229,18299,174,23145,California
Yuba,2021-05-19,261,39255,145,12440,110,24262,6,2553,129,4849,132,18431,135,23280,California
Yuba,2021-05-20,433,39688,305,12745,116,24378,12,2565,259,4947,173,18604,271,23551,California
Yuba,2021-05-21,518,40206,272,13017,238,24616,8,2573,307,5053,209,18813,315,23866,California
Yuba,2021-05-22,229,40435,123,13140,97,24713,9,2582,95,5023,134,18947,104,23970,California
Yuba,2021-05-23,73,40508,41,13181,30,24743,2,2584,37,5027,35,18982,39,24009,California
Yuba,2021-05-24,164,40672,55,13236,92,24835,17,2601,48,4978,115,19097,66,24075,California
Yuba,2021-05-25,315,40987,109,13345,189,25024,17,2618,112,4905,201,19298,128,24203,California
Yuba,2021-05-26,232,41219,100,13445,116,25140,16,2634,85,4860,146,19444,101,24304,California
Yuba,2021-05-27,247,41466,76,13521,159,25299,12,2646,97,4822,147,19591,109,24413,California
Yuba,2021-05-28,246,41712,109,13630,130,25429,7,2653,116,4817,128,19719,123,24536,California
Yuba,2021-05-29,165,41877,68,13698,75,25504,22,2675,88,4851,76,19795,110,24646,California
Yuba,2021-05-30,52,41929,22,13720,25,25529,5,2680,21,4846,31,19826,26,24672,California
Yuba,2021-05-31,30,41959,3,13723,20,25549,7,2687,10,4843,20,19846,17,24689,California
Yuba,2021-06-01,247,42206,108,13831,132,25681,7,2694,84,4774,159,20005,90,24779,California
Yuba,2021-06-02,201,42407,82,13913,112,25793,7,2701,60,4702,140,20145,68,24847,California
Yuba,2021-06-03,179,42586,105,14018,68,25861,6,2707,64,4658,114,20259,70,24917,California
Yuba,2021-06-04,244,42830,121,14139,113,25974,10,2717,80,4584,164,20423,90,25007,California
Yuba,2021-06-05,200,43030,151,14290,43,26017,6,2723,90,4571,109,20532,96,25103,California
Yuba,2021-06-06,109,43139,93,14383,13,26030,3,2726,20,4506,88,20620,23,25126,California
Yuba,2021-06-07,117,43256,49,14432,52,26082,16,2742,38,4481,79,20699,54,25180,California
Yuba,2021-06-08,246,43502,115,14547,124,26206,7,2749,72,4388,172,20871,79,25259,California
Yuba,2021-06-09,171,43673,103,14650,62,26268,6,2755,72,4368,98,20969,78,25337,California
Yuba,2021-06-10,377,44050,302,14952,66,26334,9,2764,93,4188,282,21251,102,25439,California
Yuba,2021-06-11,329,44379,235,15187,82,26416,12,2776,65,4002,264,21515,78,25517,California
Yuba,2021-06-12,133,44512,90,15277,37,26453,6,2782,36,3947,97,21612,42,25559,California
Yuba,2021-06-13,47,44559,22,15299,22,26475,3,2785,13,3929,34,21646,16,25575,California
Yuba,2021-06-14,112,44671,53,15352,49,26524,10,2795,31,3890,80,21726,41,25616,California
Yuba,2021-06-15,242,44913,99,15451,135,26659,8,2803,90,3839,149,21875,98,25714,California
Yuba,2021-06-16,156,45069,94,15545,51,26710,11,2814,74,3845,79,21954,85,25799,California
Yuba,2021-06-17,195,45264,114,15659,69,26779,12,2826,83,3828,112,22066,95,25894,California
Yuba,2021-06-18,222,45486,110,15769,90,26869,22,2848,70,3770,150,22216,92,25986,California
Yuba,2021-06-19,139,45625,70,15839,62,26931,7,2855,36,3710,103,22319,43,26029,California
Yuba,2021-06-20,33,45658,19,15858,11,26942,3,2858,13,3706,20,22339,16,26045,California
Yuba,2021-06-21,86,45744,38,15896,39,26981,9,2867,41,3714,41,22380,49,26094,California
Yuba,2021-06-22,174,45918,73,15969,89,27070,12,2879,69,3691,103,22483,80,26174,California
Yuba,2021-06-23,119,46037,67,16036,43,27113,9,2888,48,3677,70,22553,56,26230,California
Yuba,2021-06-24,133,46170,80,16116,47,27160,6,2894,57,3664,76,22629,63,26293,California
Yuba,2021-06-25,153,46323,84,16200,63,27223,6,2900,68,3653,85,22714,74,26367,California
Yuba,2021-06-26,133,46456,106,16306,26,27249,1,2901,44,3610,88,22802,45,26412,California
Yuba,2021-06-27,66,46522,44,16350,20,27269,2,2903,36,3618,30,22832,38,26450,California
Yuba,2021-06-28,61,46583,33,16383,24,27293,4,2907,27,3615,34,22866,31,26481,California
Yuba,2021-06-29,145,46728,83,16466,56,27349,6,2913,57,3591,87,22953,63,26544,California
Yuba,2021-06-30,120,46848,64,16530,51,27400,5,2918,66,3608,54,23007,71,26615,California
Yuba,2021-07-01,80,46928,49,16579,25,27425,6,2924,24,3583,55,23062,30,26645,California
