county,administered_date,total_doses,cumulative_total_doses,pfizer_doses,cumulative_pfizer_doses,moderna_doses,cumulative_moderna_doses,jj_doses,cumulative_jj_doses,partially_vaccinated,total_partially_vaccinated,fully_vaccinated,cumulative_fully_vaccinated,at_least_one_dose,cumulative_at_least_one_dose,california_flag
All CA Counties,2020-12-15,1131,1131,1131,1131,0,0,0,0,1131,1131,0,0,1131,1131,
All CA Counties,2020-12-16,8110,9241,8110,9241,0,0,0,0,8110,9241,0,0,8110,9241,
All CA Counties,2020-12-17,25700,34941,25700,34941,0,0,0,0,25702,34943,0,0,25702,34943,
All CA Counties,2020-12-18,43714,78655,43659,78600,55,55,0,0,43715,78658,0,0,43715,78658,
All CA Counties,2020-12-19,25183,103838,25160,103760,23,78,0,0,25182,103839,1,1,25182,103840,
All CA Counties,2020-12-20,18920,122758,18891,122651,29,107,0,0,18919,122757,1,2,18919,122759,
All CA Counties,2020-12-21,49533,172291,49450,172101,83,190,0,0,49535,172291,1,3,49535,172294,
All CA Counties,2020-12-22,49815,222106,47707,219808,2108,2298,0,0,49813,222103,1,4,49813,222107,
All CA Counties,2020-12-23,50173,272279,41485,261293,8688,10986,0,0,50169,272272,0,4,50169,272276,
All CA Counties,2020-12-24,23997,296276,16311,277604,7686,18672,0,0,23994,296265,1,5,23994,296270,
All CA Counties,2020-12-25,2330,298606,2011,279615,319,18991,0,0,2330,298595,0,5,2330,298600,
All CA Counties,2020-12-26,14597,313203,9427,289042,5170,24161,0,0,14596,313190,1,6,14596,313196,
All CA Counties,2020-12-27,9387,322590,5565,294607,3822,27983,0,0,9386,322575,1,7,9386,322582,
All CA Counties,2020-12-28,45608,368198,29240,323847,16368,44351,0,0,45605,368177,3,10,45605,368187,
All CA Counties,2020-12-29,50971,419169,28489,352336,22482,66833,0,0,50967,419141,3,13,50967,419154,
All CA Counties,2020-12-30,62838,482007,35611,387947,27227,94060,0,0,62832,481970,3,16,62832,481986,
All CA Counties,2020-12-31,29160,511167,10739,398686,18421,112481,0,0,29154,511120,4,20,29154,511140,
All CA Counties,2021-01-01,3856,515023,1699,400385,2157,114638,0,0,3852,514970,2,22,3852,514992,
All CA Counties,2021-01-02,18408,533431,10213,410598,8195,122833,0,0,18407,533377,0,22,18407,533399,
All CA Counties,2021-01-03,6116,539547,3467,414065,2649,125482,0,0,6087,539452,12,34,6087,539486,
All CA Counties,2021-01-04,43268,582815,21895,435960,21373,146855,0,0,43190,582599,43,77,43190,582676,
All CA Counties,2021-01-05,56093,638908,29544,465504,26549,173404,0,0,50661,627968,5377,5454,50746,633422,
All CA Counties,2021-01-06,72794,711702,40279,505783,32515,205919,0,0,57549,670476,15069,20523,57577,690999,
All CA Counties,2021-01-07,91578,803280,52106,557889,39472,245391,0,0,61169,701436,30251,50774,61211,752210,
All CA Counties,2021-01-08,105968,909248,63888,621777,42080,287471,0,0,64963,725580,40875,91649,65019,817229,
All CA Counties,2021-01-09,43561,952809,25033,646810,18528,305999,0,0,27476,737012,16066,107715,27498,844727,
All CA Counties,2021-01-10,24191,977000,14805,661615,9386,315385,0,0,12983,738819,11192,118907,12999,857726,
All CA Counties,2021-01-11,103966,1080966,69202,730817,34764,350149,0,0,60323,755639,43604,162511,60424,918150,
All CA Counties,2021-01-12,112388,1193354,66363,797180,46025,396174,0,0,71483,786517,40825,203336,71703,989853,
All CA Counties,2021-01-13,118267,1311621,61260,858440,57007,453181,0,0,84756,837919,33426,236762,84828,1074681,
All CA Counties,2021-01-14,122901,1434522,49251,907691,73650,526831,0,0,103430,922119,19369,256131,103569,1178250,
All CA Counties,2021-01-15,141358,1575880,51966,959657,89392,616223,0,0,126393,1033814,14873,271004,126568,1304818,
All CA Counties,2021-01-16,80290,1656170,27364,987021,52926,669149,0,0,72772,1099142,7493,278497,72821,1377639,
All CA Counties,2021-01-17,48001,1704171,16761,1003782,31240,700389,0,0,44379,1139949,3615,282112,44422,1422061,
All CA Counties,2021-01-18,87529,1791700,45530,1049312,41999,742388,0,0,68415,1189478,19035,301147,68564,1490625,
All CA Counties,2021-01-19,140849,1932549,73286,1122598,67563,809951,0,0,109845,1268715,30912,332059,110149,1600774,
All CA Counties,2021-01-20,157818,2090367,80031,1202629,77787,887738,0,0,124761,1360832,32880,364939,124997,1725771,
All CA Counties,2021-01-21,171815,2262182,76007,1278636,95808,983546,0,0,153030,1495588,18586,383525,153342,1879113,
All CA Counties,2021-01-22,168321,2430503,68611,1347247,99710,1083256,0,0,154163,1635876,14030,397555,154318,2033431,
All CA Counties,2021-01-23,110889,2541392,49359,1396606,61530,1144786,0,0,98383,1721923,12447,410002,98494,2131925,
All CA Counties,2021-01-24,60831,2602223,29455,1426061,31376,1176162,0,0,56214,1773601,4588,414590,56266,2188191,
All CA Counties,2021-01-25,143538,2745761,64744,1490805,78794,1254956,0,0,108970,1848419,34486,449076,109304,2297495,
All CA Counties,2021-01-26,167423,2913184,82232,1573037,85191,1340147,0,0,130426,1942221,36875,485951,130677,2428172,
All CA Counties,2021-01-27,178938,3092122,87667,1660704,91271,1431418,0,0,140147,2044130,38433,524384,140342,2568514,
All CA Counties,2021-01-28,186293,3278415,85745,1746449,100548,1531966,0,0,152615,2163532,33403,557787,152805,2721319,
All CA Counties,2021-01-29,182234,3460649,87718,1834167,94516,1626482,0,0,147962,2277965,33718,591505,148151,2869470,
All CA Counties,2021-01-30,122543,3583192,55048,1889215,67495,1693977,0,0,107626,2370967,14760,606265,107762,2977232,
All CA Counties,2021-01-31,69096,3652288,38842,1928057,30254,1724231,0,0,64068,2430101,4983,611248,64117,3041349,
All CA Counties,2021-02-01,157782,3810070,72662,2000719,85120,1809351,0,0,119833,2512245,37814,649062,119958,3161307,
All CA Counties,2021-02-02,185005,3995075,79331,2080050,105674,1915025,0,0,139462,2606722,45200,694262,139677,3300984,
All CA Counties,2021-02-03,209518,4204593,94721,2174771,114797,2029822,0,0,156035,2709963,53015,747277,156256,3457240,
All CA Counties,2021-02-04,227047,4431640,99633,2274404,127414,2157236,0,0,166824,2817433,59692,806969,167162,3624402,
All CA Counties,2021-02-05,244748,4676388,106065,2380469,138683,2295919,0,0,166730,2907425,77271,884240,167263,3791665,
All CA Counties,2021-02-06,154282,4830670,74600,2455069,79682,2375601,0,0,119764,2993320,34354,918594,120249,3911914,
All CA Counties,2021-02-07,66519,4897189,42993,2498062,23526,2399127,0,0,50175,3027676,16261,934855,50617,3962531,
All CA Counties,2021-02-08,179540,5076729,88131,2586193,91409,2490536,0,0,118684,3086664,60414,995269,119402,4081933,
All CA Counties,2021-02-09,209913,5286642,101482,2687675,108431,2598967,0,0,126151,3130594,83341,1078610,127271,4209204,
All CA Counties,2021-02-10,247244,5533886,119322,2806997,127922,2726889,0,0,138058,3161699,108388,1186998,139493,4348697,
All CA Counties,2021-02-11,262560,5796446,130108,2937105,132452,2859341,0,0,144579,3191055,116975,1303973,146331,4495028,
All CA Counties,2021-02-12,270157,6066603,118331,3055436,151826,3011167,0,0,146298,3216542,123133,1427106,148620,4643648,
All CA Counties,2021-02-13,166071,6232674,76958,3132394,89113,3100280,0,0,91815,3236444,73846,1500952,93748,4737396,
All CA Counties,2021-02-14,95070,6327744,47393,3179787,47677,3147957,0,0,51531,3246256,43394,1544346,53206,4790602,
All CA Counties,2021-02-15,141200,6468944,62116,3241903,79084,3227041,0,0,78316,3265215,62545,1606891,81504,4872106,
All CA Counties,2021-02-16,246646,6715590,117310,3359213,129336,3356377,0,0,132372,3287082,113942,1720833,135809,5007915,
All CA Counties,2021-02-17,256073,6971663,127749,3486962,128324,3484701,0,0,127914,3290977,127680,1848513,131575,5139490,
All CA Counties,2021-02-18,269758,7241421,141190,3628152,128568,3613269,0,0,131451,3289433,137700,1986213,136156,5275646,
All CA Counties,2021-02-19,249098,7490519,144500,3772652,104598,3717867,0,0,129279,3301495,119390,2105603,131452,5407098,
All CA Counties,2021-02-20,150465,7640984,96726,3869378,53739,3771606,0,0,83188,3319918,67054,2172657,85477,5492575,
All CA Counties,2021-02-21,71810,7712794,57932,3927310,13878,3785484,0,0,35447,3321516,36164,2208821,37762,5530337,
All CA Counties,2021-02-22,162010,7874804,108817,4036127,53193,3838677,0,0,81205,3324732,80506,2289327,83722,5614059,
All CA Counties,2021-02-23,220736,8095540,116164,4152291,104572,3943249,0,0,102288,3316067,117936,2407263,109271,5723330,
All CA Counties,2021-02-24,279708,8375248,141040,4293331,138668,4081917,0,0,133208,3311989,145936,2553199,141858,5865188,
All CA Counties,2021-02-25,314558,8689806,153812,4447143,160746,4242663,0,0,164419,3336377,149511,2702710,173899,6039087,
All CA Counties,2021-02-26,348482,9038288,162307,4609450,186175,4428838,0,0,194961,3385950,152702,2855412,202275,6241362,
All CA Counties,2021-02-27,245200,9283488,117165,4726615,128016,4556854,19,19,138870,3423625,105789,2961201,143464,6384826,
All CA Counties,2021-02-28,129183,9412671,77125,4803740,52056,4608910,2,21,75721,3450046,53125,3014326,79546,6464372,
All CA Counties,2021-03-01,235234,9647905,124690,4928430,110506,4719416,38,59,135981,3492281,98675,3113001,140910,6605282,
All CA Counties,2021-03-02,273748,9921653,133253,5061683,140483,4859899,12,71,163151,3553134,110177,3223178,171030,6776312,
All CA Counties,2021-03-03,323982,10245635,159389,5221072,164559,5024458,34,105,185624,3609238,137766,3360944,193870,6970182,
All CA Counties,2021-03-04,341971,10587606,171573,5392645,170318,5194776,80,185,200674,3676945,140642,3501586,208349,7178531,
All CA Counties,2021-03-05,329484,10917090,160078,5552723,168307,5363083,1099,1284,204102,3765084,124673,3626259,212812,7391343,
All CA Counties,2021-03-06,254321,11171411,129593,5682316,116958,5480041,7770,9054,157516,3839199,96437,3722696,170552,7561895,
All CA Counties,2021-03-07,123712,11295123,75303,5757619,44391,5524432,4018,13072,76928,3878108,46630,3769326,85539,7647434,
All CA Counties,2021-03-08,213484,11508607,102440,5860059,100721,5625153,10323,23395,138906,3958077,74266,3843592,154235,7801669,
All CA Counties,2021-03-09,264189,11772796,114295,5974354,134160,5759313,15734,39129,142401,4000606,121381,3964973,163910,7965579,
All CA Counties,2021-03-10,311337,12084133,152888,6127242,134857,5894170,23592,62721,167498,4053966,143290,4108263,196650,8162229,
All CA Counties,2021-03-11,369569,12453702,178175,6305417,158823,6052993,32571,95292,190128,4103497,178619,4286882,228150,8390379,
All CA Counties,2021-03-12,386343,12840045,171775,6477192,168887,6221880,45681,140973,188495,4144581,197153,4484035,238237,8628616,
All CA Counties,2021-03-13,277447,13117492,121316,6598508,125481,6347361,30650,171623,149841,4202161,127213,4611248,184793,8813409,
All CA Counties,2021-03-14,151567,13269059,81184,6679692,55623,6402984,14760,186383,81597,4231177,69728,4680976,98744,8912153,
All CA Counties,2021-03-15,286391,13555450,136149,6815841,129982,6532966,20260,206643,156501,4282110,129258,4810234,180191,9092344,
All CA Counties,2021-03-16,365198,13920648,170567,6986408,177588,6710554,17046,223689,213870,4366229,150699,4960933,234818,9327162,
All CA Counties,2021-03-17,376773,14297421,186023,7172431,172592,6883146,18158,241847,234057,4479399,142045,5102978,255215,9582377,
All CA Counties,2021-03-18,390857,14688278,198805,7371236,174402,7057548,17650,259497,234521,4579346,155381,5258359,255328,9837705,
All CA Counties,2021-03-19,400213,15088491,209279,7580515,169656,7227204,21278,280775,234903,4673571,164485,5422844,258710,10096415,
All CA Counties,2021-03-20,288166,15376657,150967,7731482,121806,7349010,15393,296168,185224,4773760,102374,5525218,202563,10298978,
All CA Counties,2021-03-21,140822,15517479,96943,7828425,36499,7385509,7380,303548,88962,4821277,51594,5576812,99111,10398089,
All CA Counties,2021-03-22,267358,15784837,155855,7984280,100709,7486218,10794,314342,177087,4923026,89689,5666501,191438,10589527,
All CA Counties,2021-03-23,350588,16135425,192279,8176559,147672,7633890,10637,324979,226461,5039582,123362,5789863,239918,10829445,
All CA Counties,2021-03-24,379981,16515406,217923,8394482,150048,7783938,12010,336989,224656,5125217,154319,5944182,239954,11069399,
All CA Counties,2021-03-25,407189,16922595,223611,8618093,169432,7953370,14146,351135,235172,5205835,170902,6115084,251520,11320919,
All CA Counties,2021-03-26,424388,17346983,226372,8844465,182315,8135685,15701,366836,235201,5271605,188144,6303228,253914,11574833,
All CA Counties,2021-03-27,305045,17652028,161850,9006315,131977,8267662,11218,378054,157015,5294775,147338,6450566,170508,11745341,
All CA Counties,2021-03-28,165482,17817510,105692,9112007,56228,8323890,3562,381616,90678,5316469,74461,6525027,96155,11841496,
All CA Counties,2021-03-29,304102,18121612,163889,9275896,131866,8455756,8347,389963,174048,5371929,129437,6654464,184897,12026393,
All CA Counties,2021-03-30,389572,18511184,196616,9472512,175819,8631575,17137,407100,238143,5478261,150793,6805257,257125,12283518,
All CA Counties,2021-03-31,417022,18928206,226739,9699251,169333,8800908,20950,428050,241067,5566224,175159,6980416,263122,12546640,
All CA Counties,2021-04-01,477167,19405373,244323,9943574,194488,8995396,38356,466406,265927,5661470,210354,7190770,305600,12852240,
All CA Counties,2021-04-02,459514,19864887,223988,10167562,194195,9189591,41331,507737,251700,5749438,206772,7397542,294740,13146980,
All CA Counties,2021-04-03,320566,20185453,162651,10330213,118008,9307599,39907,547644,161503,5793786,158529,7556071,202877,13349857,
All CA Counties,2021-04-04,130752,20316205,68191,10398404,43850,9351449,18711,566355,58397,5799002,72149,7628220,77365,13427222,
All CA Counties,2021-04-05,343626,20659831,178373,10576777,126721,9478170,38532,604887,172546,5842299,170573,7798793,213870,13641092,
All CA Counties,2021-04-06,449257,21109088,228190,10804967,156733,9634903,64334,669221,220064,5900877,228430,8027223,287008,13928100,
All CA Counties,2021-04-07,463220,21572308,240985,11045952,153585,9788488,68650,737871,227683,5964825,234742,8261965,298690,14226790,
All CA Counties,2021-04-08,488118,22060426,247383,11293335,158467,9946955,82268,820139,232046,6026485,255123,8517088,316783,14543573,
All CA Counties,2021-04-09,479422,22539848,239019,11532354,162584,10109539,77819,897958,222977,6075354,255551,8772639,304420,14847993,
All CA Counties,2021-04-10,357246,22897094,164299,11696653,120619,10230158,72328,970286,151193,6096453,205456,8978095,226555,15074548,
All CA Counties,2021-04-11,182426,23079520,102518,11799171,46532,10276690,33376,1003662,75930,6103144,106208,9084303,112899,15187447,
All CA Counties,2021-04-12,333547,23413067,172206,11971377,124663,10401353,36678,1040340,156063,6122791,176673,9260976,196320,15383767,
All CA Counties,2021-04-13,423691,23836758,236858,12208235,185947,10587300,886,1041226,236955,6178868,185879,9446855,241956,15625723,
All CA Counties,2021-04-14,438375,24275133,246455,12454690,191672,10778972,248,1041474,231044,6210000,206333,9653188,237465,15863188,
All CA Counties,2021-04-15,474471,24749604,277365,12732055,196898,10975870,208,1041682,267412,6276538,205828,9859016,272366,16135554,
All CA Counties,2021-04-16,460955,25210559,260677,12992732,199988,11175858,290,1041972,247625,6315413,212294,10071310,251169,16386723,
All CA Counties,2021-04-17,326777,25537336,185242,13177974,141511,11317369,24,1041996,185656,6364547,140486,10211796,189620,16576343,
All CA Counties,2021-04-18,150345,25687681,94917,13272891,55415,11372784,13,1042009,78465,6375131,71554,10283350,82138,16658481,
All CA Counties,2021-04-19,309975,25997656,178904,13451795,130978,11503762,93,1042102,147035,6363165,162207,10445557,150241,16808722,
All CA Counties,2021-04-20,395070,26392726,209265,13661060,185762,11689524,43,1042145,197489,6369652,196730,10642287,203217,17011939,
All CA Counties,2021-04-21,405463,26798189,230750,13891810,174461,11863985,252,1042397,195478,6362617,208850,10851137,201815,17213754,
All CA Counties,2021-04-22,404183,27202372,230265,14122075,173861,12037846,57,1042454,180182,6327371,222942,11074079,187696,17401450,
All CA Counties,2021-04-23,365122,27567494,210221,14332296,154822,12192668,79,1042533,163142,6300616,200939,11275018,174184,17575634,
All CA Counties,2021-04-24,237442,27804936,149298,14481594,88031,12280699,113,1042646,120727,6310094,116223,11391241,125701,17701335,
All CA Counties,2021-04-25,40968,27845904,28956,14510550,12010,12292709,2,1042648,24154,6318514,16741,11407982,25161,17726496,
All CA and Non-CA Counties,2020-12-15,1138,1138,1138,1138,0,0,0,0,1138,1138,0,0,1138,1138,
All CA and Non-CA Counties,2020-12-16,8379,9517,8379,9517,0,0,0,0,8379,9517,0,0,8379,9517,
All CA and Non-CA Counties,2020-12-17,27303,36820,27303,36820,0,0,0,0,27303,36820,0,0,27303,36820,
All CA and Non-CA Counties,2020-12-18,46293,83113,46231,83051,62,62,0,0,46293,83113,0,0,46293,83113,
All CA and Non-CA Counties,2020-12-19,26307,109420,26283,109334,24,86,0,0,26306,109418,1,1,26306,109419,
All CA and Non-CA Counties,2020-12-20,19620,129040,19589,128923,31,117,0,0,19619,129036,1,2,19619,129038,
All CA and Non-CA Counties,2020-12-21,51754,180794,51667,180590,87,204,0,0,51752,180787,1,3,51752,180790,
All CA and Non-CA Counties,2020-12-22,51889,232683,49708,230298,2181,2385,0,0,51887,232673,1,4,51887,232677,
All CA and Non-CA Counties,2020-12-23,51727,284410,42904,273202,8823,11208,0,0,51723,284396,0,4,51723,284400,
All CA and Non-CA Counties,2020-12-24,24804,309214,16926,290128,7878,19086,0,0,24801,309196,1,5,24801,309201,
All CA and Non-CA Counties,2020-12-25,2363,311577,2040,292168,323,19409,0,0,2363,311559,0,5,2363,311564,
All CA and Non-CA Counties,2020-12-26,14906,326483,9632,301800,5274,24683,0,0,14905,326463,1,6,14905,326469,
All CA and Non-CA Counties,2020-12-27,9573,336056,5637,307437,3936,28619,0,0,9572,336034,1,7,9572,336041,
All CA and Non-CA Counties,2020-12-28,47035,383091,30149,337586,16886,45505,0,0,47032,383063,3,10,47032,383073,
All CA and Non-CA Counties,2020-12-29,52530,435621,29511,367097,23019,68524,0,0,52526,435586,3,13,52526,435599,
All CA and Non-CA Counties,2020-12-30,64820,500441,36900,403997,27920,96444,0,0,64812,500395,3,16,64812,500411,
All CA and Non-CA Counties,2020-12-31,30288,530729,11337,415334,18951,115395,0,0,30279,530669,5,21,30279,530690,
All CA and Non-CA Counties,2021-01-01,3967,534696,1722,417056,2245,117640,0,0,3963,534630,2,23,3963,534653,
All CA and Non-CA Counties,2021-01-02,18650,553346,10346,427402,8304,125944,0,0,18648,553277,1,24,18648,553301,
All CA and Non-CA Counties,2021-01-03,6286,559632,3557,430959,2729,128673,0,0,6257,559522,12,36,6257,559558,
All CA and Non-CA Counties,2021-01-04,44418,604050,22406,453365,22012,150685,0,0,44335,603814,43,79,44335,603893,
All CA and Non-CA Counties,2021-01-05,57639,661689,30358,483723,27281,177966,0,0,52016,650349,5566,5645,52101,655994,
All CA and Non-CA Counties,2021-01-06,75543,737232,41912,525635,33631,211597,0,0,59535,694084,15828,21473,59563,715557,
All CA and Non-CA Counties,2021-01-07,95849,833081,54763,580398,41086,252683,0,0,63742,725923,31947,53420,63786,779343,
All CA and Non-CA Counties,2021-01-08,110526,943607,66841,647239,43685,296368,0,0,67616,750828,42770,96190,67675,847018,
All CA and Non-CA Counties,2021-01-09,44888,988495,25566,672805,19322,315690,0,0,28476,762936,16392,112582,28500,875518,
All CA and Non-CA Counties,2021-01-10,24492,1012987,14984,687789,9508,325198,0,0,13164,764804,11312,123894,13180,888698,
All CA and Non-CA Counties,2021-01-11,107316,1120303,71255,759044,36061,361259,0,0,62316,782261,44960,168854,62417,951115,
All CA and Non-CA Counties,2021-01-12,116278,1236581,68686,827730,47592,408851,0,0,73824,813937,42370,211224,74046,1025161,
All CA and Non-CA Counties,2021-01-13,121972,1358553,63070,890800,58902,467753,0,0,87286,866695,34602,245826,87360,1112521,
All CA and Non-CA Counties,2021-01-14,126688,1485241,50535,941335,76153,543906,0,0,106570,953402,20003,265829,106710,1219231,
All CA and Non-CA Counties,2021-01-15,145687,1630928,52964,994299,92723,636629,0,0,130251,1068497,15331,281160,130426,1349657,
All CA and Non-CA Counties,2021-01-16,82998,1713926,27751,1022050,55247,691876,0,0,75310,1136195,7661,288821,75359,1425016,
All CA and Non-CA Counties,2021-01-17,48500,1762426,16910,1038960,31590,723466,0,0,44829,1177403,3664,292485,44872,1469888,
All CA and Non-CA Counties,2021-01-18,88788,1851214,46358,1085318,42430,765896,0,0,69214,1227273,19494,311979,69364,1539252,
All CA and Non-CA Counties,2021-01-19,144933,1996147,74622,1159940,70311,836207,0,0,113035,1308809,31805,343784,113341,1652593,
All CA and Non-CA Counties,2021-01-20,162314,2158461,81513,1241453,80801,917008,0,0,128272,1403455,33863,377647,128509,1781102,
All CA and Non-CA Counties,2021-01-21,176032,2334493,77177,1318630,98855,1015863,0,0,156684,1541315,19136,396783,156996,1938098,
All CA and Non-CA Counties,2021-01-22,173003,2507496,69725,1388355,103278,1119141,0,0,158451,1685502,14420,411203,158607,2096705,
All CA and Non-CA Counties,2021-01-23,113161,2620657,49697,1438052,63464,1182605,0,0,100491,1773493,12611,423814,100602,2197307,
All CA and Non-CA Counties,2021-01-24,61438,2682095,29703,1467755,31735,1214340,0,0,56744,1825623,4666,428480,56796,2254103,
All CA and Non-CA Counties,2021-01-25,148030,2830125,66722,1534477,81308,1295648,0,0,112592,1903196,35354,463834,112927,2367030,
All CA and Non-CA Counties,2021-01-26,173489,3003614,85227,1619704,88262,1383910,0,0,135646,2001377,37723,501557,135904,2502934,
All CA and Non-CA Counties,2021-01-27,183778,3187392,90361,1710065,93417,1477327,0,0,144374,2106905,39042,540599,144570,2647504,
All CA and Non-CA Counties,2021-01-28,191599,3378991,88661,1798726,102938,1580265,0,0,157335,2230450,33981,574580,157526,2805030,
All CA and Non-CA Counties,2021-01-29,187201,3566192,90849,1889575,96352,1676617,0,0,152153,2348298,34495,609075,152343,2957373,
All CA and Non-CA Counties,2021-01-30,126902,3693094,57358,1946933,69544,1746161,0,0,111761,2445211,14984,624059,111897,3069270,
All CA and Non-CA Counties,2021-01-31,72289,3765383,41616,1988549,30673,1776834,0,0,67209,2507434,5036,629095,67259,3136529,
All CA and Non-CA Counties,2021-02-01,163308,3928691,75268,2063817,88040,1864874,0,0,124651,2593692,38518,667613,124776,3261305,
All CA and Non-CA Counties,2021-02-02,191846,4120537,81566,2145383,110280,1975154,0,0,145576,2693564,45919,713532,145791,3407096,
All CA and Non-CA Counties,2021-02-03,216901,4337438,96854,2242237,120047,2095201,0,0,162540,2802442,53884,767416,162762,3569858,
All CA and Non-CA Counties,2021-02-04,233907,4571345,101861,2344098,132046,2227247,0,0,172695,2914804,60671,828087,173033,3742891,
All CA and Non-CA Counties,2021-02-05,251588,4822933,108291,2452389,143297,2370544,0,0,172502,3009501,78338,906425,173035,3915926,
All CA and Non-CA Counties,2021-02-06,158752,4981685,76785,2529174,81967,2452511,0,0,123775,3098957,34807,941232,124263,4040189,
All CA and Non-CA Counties,2021-02-07,68699,5050384,44790,2573964,23909,2476420,0,0,52275,3135335,16341,957573,52719,4092908,
All CA and Non-CA Counties,2021-02-08,184829,5235213,91455,2665419,93374,2569794,0,0,122879,3197434,61498,1019071,123597,4216505,
All CA and Non-CA Counties,2021-02-09,214211,5449424,103400,2768819,110811,2680605,0,0,129130,3243047,84651,1103722,130264,4346769,
All CA and Non-CA Counties,2021-02-10,252818,5702242,121211,2890030,131607,2812212,0,0,141162,3274835,110851,1214573,142639,4489408,
All CA and Non-CA Counties,2021-02-11,267370,5969612,132342,3022372,135028,2947240,0,0,148047,3306341,118310,1332883,149816,4639224,
All CA and Non-CA Counties,2021-02-12,275418,6245030,120293,3142665,155125,3102365,0,0,149719,3333415,124971,1457854,152045,4791269,
All CA and Non-CA Counties,2021-02-13,168480,6413510,77654,3220319,90826,3193191,0,0,93681,3354650,74391,1532245,95626,4886895,
All CA and Non-CA Counties,2021-02-14,96401,6509911,47795,3268114,48606,3241797,0,0,52621,3365317,43631,1575876,54298,4941193,
All CA and Non-CA Counties,2021-02-15,143742,6653653,63665,3331779,80077,3321874,0,0,79541,3384204,63846,1639722,82733,5023926,
All CA and Non-CA Counties,2021-02-16,253189,6906842,120300,3452079,132889,3454763,0,0,135019,3404836,117828,1757550,138460,5162386,
All CA and Non-CA Counties,2021-02-17,261991,7168833,130696,3582775,131295,3586058,0,0,129753,3406501,131753,1889303,133418,5295804,
All CA and Non-CA Counties,2021-02-18,276218,7445051,144944,3727719,131274,3717332,0,0,133503,3402619,142091,2031394,138209,5434013,
All CA and Non-CA Counties,2021-02-19,254981,7700032,148625,3876344,106356,3823688,0,0,131751,3413749,122795,2154189,133925,5567938,
All CA and Non-CA Counties,2021-02-20,153715,7853747,99318,3975662,54397,3878085,0,0,84387,3431325,69101,2223290,86677,5654615,
All CA and Non-CA Counties,2021-02-21,73614,7927361,59520,4035182,14094,3892179,0,0,36070,3432369,37341,2260631,38385,5693000,
All CA and Non-CA Counties,2021-02-22,165477,8092838,111359,4146541,54118,3946297,0,0,82833,3435379,82345,2342976,85355,5778355,
All CA and Non-CA Counties,2021-02-23,226656,8319494,119456,4265997,107200,4053497,0,0,104615,3425467,121524,2464500,111612,5889967,
All CA and Non-CA Counties,2021-02-24,286094,8605588,144564,4410561,141530,4195027,0,0,135717,3420031,149808,2614308,144372,6034339,
All CA and Non-CA Counties,2021-02-25,321539,8927127,157375,4567936,164164,4359191,0,0,167576,3443787,153304,2767612,177060,6211399,
All CA and Non-CA Counties,2021-02-26,355327,9282454,165943,4733879,189384,4548575,0,0,198163,3492998,156267,2923879,205478,6416877,
All CA and Non-CA Counties,2021-02-27,250514,9532968,119735,4853614,130759,4679334,20,20,140728,3529090,109234,3033113,145326,6562203,
All CA and Non-CA Counties,2021-02-28,131617,9664585,78902,4932516,52713,4732047,2,22,76524,3554687,54753,3087866,80350,6642553,
All CA and Non-CA Counties,2021-03-01,239987,9904572,127645,5060161,112304,4844351,38,60,137302,3594823,102100,3189966,142236,6784789,
All CA and Non-CA Counties,2021-03-02,279933,10184505,135243,5195404,144678,4989029,12,72,165016,3653231,114489,3304455,172897,6957686,
All CA and Non-CA Counties,2021-03-03,331741,10516246,162348,5357752,169357,5158386,36,108,188221,3706785,142919,3447374,196473,7154159,
All CA and Non-CA Counties,2021-03-04,348736,10864982,174445,5532197,174207,5332593,84,192,203020,3772441,145045,3592419,210701,7364860,
All CA and Non-CA Counties,2021-03-05,334562,11199544,162537,5694734,170912,5503505,1113,1305,206712,3860743,127141,3719560,215443,7580303,
All CA and Non-CA Counties,2021-03-06,258952,11458496,131732,5826466,119292,5622797,7928,9233,159874,3935111,98708,3818268,173076,7753379,
All CA and Non-CA Counties,2021-03-07,125265,11583761,76283,5902749,44911,5667708,4071,13304,77859,3974385,47250,3865518,86524,7839903,
All CA and Non-CA Counties,2021-03-08,216462,11800223,104149,6006898,101741,5769449,10572,23876,140976,4055798,75146,3940664,156559,7996462,
All CA and Non-CA Counties,2021-03-09,268495,12068718,116338,6123236,136101,5905550,16056,39932,144836,4099216,123249,4063913,166667,8163129,
All CA and Non-CA Counties,2021-03-10,315443,12384161,154728,6277964,136615,6042165,24100,64032,169944,4153884,144943,4208856,199611,8362740,
All CA and Non-CA Counties,2021-03-11,375521,12759682,181093,6459057,161170,6203335,33258,97290,193271,4204442,181423,4390279,231981,8594721,
All CA and Non-CA Counties,2021-03-12,392552,13152234,175409,6634466,170731,6374066,46412,143702,191801,4246670,200047,4590326,242275,8836996,
All CA and Non-CA Counties,2021-03-13,281179,13433413,123460,6757926,126603,6500669,31116,174818,152433,4306177,128347,4718673,187854,9024850,
All CA and Non-CA Counties,2021-03-14,153335,13586748,82083,6840009,56164,6556833,15088,189906,82647,4335853,70447,4789120,100123,9124973,
All CA and Non-CA Counties,2021-03-15,290342,13877090,138193,6978202,131457,6688290,20692,210598,158605,4387482,131102,4920222,182731,9307704,
All CA and Non-CA Counties,2021-03-16,372484,14249574,174715,7152917,180353,6868643,17419,228017,217852,4472654,154000,5074222,239172,9546876,
All CA and Non-CA Counties,2021-03-17,384843,14634417,191103,7344020,175217,7043860,18523,246540,238788,4587586,145380,5219602,260312,9807188,
All CA and Non-CA Counties,2021-03-18,398840,15033257,203615,7547635,177046,7220906,18179,264719,239083,4689212,158793,5378395,260419,10067607,
All CA and Non-CA Counties,2021-03-19,407543,15440800,213633,7761268,172086,7392992,21824,286543,239345,4785536,167378,5545773,263702,10331309,
All CA and Non-CA Counties,2021-03-20,292869,15733669,154034,7915302,123352,7516344,15483,302026,188841,4888351,103456,5649229,206271,10537580,
All CA and Non-CA Counties,2021-03-21,142845,15876514,98307,8013609,37071,7553415,7467,309493,90587,4937186,51989,5701218,100824,10638404,
All CA and Non-CA Counties,2021-03-22,270605,16147119,157802,8171411,101920,7655335,10883,320376,179327,5040267,90686,5791904,193767,10832171,
All CA and Non-CA Counties,2021-03-23,356612,16503731,195337,8366748,150363,7805698,10912,331288,230705,5159576,125130,5917034,244439,11076610,
All CA and Non-CA Counties,2021-03-24,387255,16890986,221633,8588381,153187,7958885,12435,343723,229794,5248634,156457,6073491,245515,11322125,
All CA and Non-CA Counties,2021-03-25,415361,17306347,227335,8815716,173394,8132279,14632,358355,241308,5333844,172932,6246423,258142,11580267,
All CA and Non-CA Counties,2021-03-26,431036,17737383,229827,9045543,185335,8317614,15874,374229,239763,5402282,190210,6436633,258648,11838915,
All CA and Non-CA Counties,2021-03-27,310392,18047775,164899,9210442,134177,8451791,11316,385545,160462,5427097,149235,6585868,174050,12012965,
All CA and Non-CA Counties,2021-03-28,168539,18216314,107307,9317749,57513,8509304,3719,389264,92739,5450019,75451,6661319,98373,12111338,
All CA and Non-CA Counties,2021-03-29,309101,18525415,166068,9483817,134344,8643648,8689,397953,177087,5506904,131394,6792713,188279,12299617,
All CA and Non-CA Counties,2021-03-30,396317,18921732,200077,9683894,178563,8822211,17677,415630,242413,5615589,153258,6945971,261943,12561560,
All CA and Non-CA Counties,2021-03-31,423237,19344969,230411,9914305,171117,8993328,21709,437339,244666,5705295,177773,7123744,267479,12829039,
All CA and Non-CA Counties,2021-04-01,484365,19829334,248497,10162802,196891,9190219,38977,476316,270202,5802518,213271,7337015,310494,13139533,
All CA and Non-CA Counties,2021-04-02,467785,20297119,228229,10391031,197093,9387312,42463,518779,256197,5892344,210544,7547559,300370,13439903,
All CA and Non-CA Counties,2021-04-03,326739,20623858,166266,10557297,119419,9506731,41054,559833,164795,5938253,161407,7708966,207316,13647219,
All CA and Non-CA Counties,2021-04-04,132572,20756430,69098,10626395,44525,9551256,18949,578782,59428,5943950,72937,7781903,78634,13725853,
All CA and Non-CA Counties,2021-04-05,347573,21104003,180270,10806665,128122,9679378,39181,617963,174468,5987797,172595,7954498,216442,13942295,
All CA and Non-CA Counties,2021-04-06,455892,21559895,231638,11038303,158374,9837752,65880,683843,222718,6046605,232398,8186896,291206,14233501,
All CA and Non-CA Counties,2021-04-07,470996,22030891,245341,11283644,155347,9993099,70308,754151,230878,6110824,239315,8426211,303534,14537035,
All CA and Non-CA Counties,2021-04-08,495910,22526801,251418,11535062,160323,10153422,84169,838320,235214,6172930,259739,8685950,321845,14858880,
All CA and Non-CA Counties,2021-04-09,486846,23013647,242799,11777861,164299,10317721,79748,918068,226017,6222392,259930,8945880,309392,15168272,
All CA and Non-CA Counties,2021-04-10,363286,23376933,167336,11945197,121755,10439476,74195,992263,152928,6242791,209757,9155637,230156,15398428,
All CA and Non-CA Counties,2021-04-11,185278,23562211,104054,12049251,47212,10486688,34012,1026275,76975,6249358,108014,9263651,114581,15513009,
All CA and Non-CA Counties,2021-04-12,337483,23899694,174398,12223649,125890,10612578,37195,1063470,157902,6269268,178766,9442417,198676,15711685,
All CA and Non-CA Counties,2021-04-13,429276,24328970,240395,12464044,187968,10800546,913,1064383,239775,6325435,188639,9631056,244806,15956491,
All CA and Non-CA Counties,2021-04-14,443533,24772503,249704,12713748,193579,10994125,250,1064633,233853,6357034,208677,9839733,240276,16196767,
All CA and Non-CA Counties,2021-04-15,480431,25252934,280992,12994740,199224,11193349,215,1064848,270658,6424164,208490,10048223,275620,16472387,
All CA and Non-CA Counties,2021-04-16,466832,25719766,264083,13258823,202453,11395802,296,1065144,251033,6463992,214757,10262980,254585,16726972,
All CA and Non-CA Counties,2021-04-17,331860,26051626,188264,13447087,143571,11539373,25,1065169,188596,6513931,142622,10405602,192561,16919533,
All CA and Non-CA Counties,2021-04-18,152442,26204068,96074,13543161,56354,11595727,14,1065183,79470,6524436,72640,10478242,83145,17002678,
All CA and Non-CA Counties,2021-04-19,314051,26518119,180818,13723979,133139,11728866,94,1065277,149162,6512661,164146,10642388,152371,17155049,
All CA and Non-CA Counties,2021-04-20,400584,26918703,211877,13935856,188664,11917530,43,1065320,199992,6518648,199733,10842121,205720,17360769,
All CA and Non-CA Counties,2021-04-21,412274,27330977,233792,14169648,178228,12095758,254,1065574,198272,6510404,212857,11054978,204613,17565382,
All CA and Non-CA Counties,2021-04-22,412046,27743023,234551,14404199,177435,12273193,60,1065634,183794,6474536,227182,11282160,191314,17756696,
All CA and Non-CA Counties,2021-04-23,371749,28114772,213658,14617857,158011,12431204,80,1065714,166368,6447625,204326,11486486,177415,17934111,
All CA and Non-CA Counties,2021-04-24,242625,28357397,152918,14770775,89591,12520795,116,1065830,123367,6457210,118761,11605247,128346,18062457,
All CA and Non-CA Counties,2021-04-25,41518,28398915,29322,14800097,12193,12532988,3,1065833,24512,6465804,16933,11622180,25527,18087984,
Outside California,2020-12-15,7,7,7,7,0,0,0,0,7,7,0,0,7,7,Not in California
Outside California,2020-12-16,269,276,269,276,0,0,0,0,269,276,0,0,269,276,Not in California
Outside California,2020-12-17,1601,1877,1601,1877,0,0,0,0,1601,1877,0,0,1601,1877,Not in California
Outside California,2020-12-18,2569,4446,2562,4439,7,7,0,0,2569,4446,0,0,2569,4446,Not in California
Outside California,2020-12-19,1043,5489,1042,5481,1,8,0,0,1043,5489,0,0,1043,5489,Not in California
Outside California,2020-12-20,676,6165,674,6155,2,10,0,0,676,6165,0,0,676,6165,Not in California
Outside California,2020-12-21,2216,8381,2212,8367,4,14,0,0,2216,8381,0,0,2216,8381,Not in California
Outside California,2020-12-22,2071,10452,1998,10365,73,87,0,0,2071,10452,0,0,2071,10452,Not in California
Outside California,2020-12-23,1554,12006,1419,11784,135,222,0,0,1554,12006,0,0,1554,12006,Not in California
Outside California,2020-12-24,807,12813,615,12399,192,414,0,0,807,12813,0,0,807,12813,Not in California
Outside California,2020-12-25,33,12846,29,12428,4,418,0,0,33,12846,0,0,33,12846,Not in California
Outside California,2020-12-26,308,13154,204,12632,104,522,0,0,308,13154,0,0,308,13154,Not in California
Outside California,2020-12-27,186,13340,72,12704,114,636,0,0,186,13340,0,0,186,13340,Not in California
Outside California,2020-12-28,1423,14763,905,13609,518,1154,0,0,1423,14763,0,0,1423,14763,Not in California
Outside California,2020-12-29,1556,16319,1019,14628,537,1691,0,0,1556,16319,0,0,1556,16319,Not in California
Outside California,2020-12-30,1924,18243,1234,15862,690,2381,0,0,1924,18243,0,0,1924,18243,Not in California
Outside California,2020-12-31,1125,19368,598,16460,527,2908,0,0,1124,19366,1,1,1124,19367,Not in California
Outside California,2021-01-01,111,19479,23,16483,88,2996,0,0,111,19477,0,1,111,19478,Not in California
Outside California,2021-01-02,241,19720,133,16616,108,3104,0,0,240,19716,1,2,240,19718,Not in California
Outside California,2021-01-03,170,19890,90,16706,80,3184,0,0,170,19886,0,2,170,19888,Not in California
Outside California,2021-01-04,1147,21037,508,17214,639,3823,0,0,1143,21029,0,2,1143,21031,Not in California
Outside California,2021-01-05,1544,22581,814,18028,730,4553,0,0,1353,22193,189,191,1353,22384,Not in California
Outside California,2021-01-06,2718,25299,1604,19632,1114,5667,0,0,1980,23438,735,926,1980,24364,Not in California
Outside California,2021-01-07,4161,29460,2550,22182,1611,7278,0,0,2501,24283,1658,2584,2503,26867,Not in California
Outside California,2021-01-08,4532,33992,2932,25114,1600,8878,0,0,2648,25060,1874,4458,2651,29518,Not in California
Outside California,2021-01-09,1324,35316,531,25645,793,9671,0,0,996,25732,326,4784,998,30516,Not in California
Outside California,2021-01-10,301,35617,179,25824,122,9793,0,0,181,25793,120,4904,181,30697,Not in California
Outside California,2021-01-11,3328,38945,2031,27855,1297,11090,0,0,1975,26415,1353,6257,1975,32672,Not in California
Outside California,2021-01-12,3881,42826,2316,30171,1565,12655,0,0,2334,27206,1544,7801,2335,35007,Not in California
Outside California,2021-01-13,3694,46520,1799,31970,1895,14550,0,0,2518,28550,1176,8977,2520,37527,Not in California
Outside California,2021-01-14,3783,50303,1281,33251,2502,17052,0,0,3136,31053,634,9611,3137,40664,Not in California
Outside California,2021-01-15,4325,54628,995,34246,3330,20382,0,0,3854,34449,458,10069,3854,44518,Not in California
Outside California,2021-01-16,2701,57329,380,34626,2321,22703,0,0,2532,36814,167,10236,2532,47050,Not in California
Outside California,2021-01-17,496,57825,146,34772,350,23053,0,0,447,37212,49,10285,447,47497,Not in California
Outside California,2021-01-18,1204,59029,773,35545,431,23484,0,0,746,37502,457,10742,747,48244,Not in California
Outside California,2021-01-19,4061,63090,1314,36859,2747,26231,0,0,3169,39781,892,11634,3171,51415,Not in California
Outside California,2021-01-20,4417,67507,1403,38262,3014,29245,0,0,3484,42335,931,12565,3485,54900,Not in California
Outside California,2021-01-21,4157,71664,1112,39374,3045,32290,0,0,3592,45377,550,13115,3592,58492,Not in California
Outside California,2021-01-22,4642,76306,1079,40453,3563,35853,0,0,4248,49236,390,13505,4249,62741,Not in California
Outside California,2021-01-23,2259,78565,331,40784,1928,37781,0,0,2095,51167,164,13669,2095,64836,Not in California
Outside California,2021-01-24,605,79170,246,41030,359,38140,0,0,527,51616,78,13747,527,65363,Not in California
Outside California,2021-01-25,4471,83641,1960,42990,2511,40651,0,0,3604,54356,865,14612,3605,68968,Not in California
Outside California,2021-01-26,5967,89608,2900,45890,3067,43718,0,0,5118,58633,848,15460,5125,74093,Not in California
Outside California,2021-01-27,4823,94431,2677,48567,2146,45864,0,0,4211,62237,608,16068,4212,78305,Not in California
Outside California,2021-01-28,5151,99582,2764,51331,2387,48251,0,0,4622,66342,518,16586,4623,82928,Not in California
Outside California,2021-01-29,4819,104401,2984,54315,1835,50086,0,0,4039,69606,776,17362,4040,86968,Not in California
Outside California,2021-01-30,4349,108750,2302,56617,2047,52133,0,0,4122,73505,223,17585,4122,91090,Not in California
Outside California,2021-01-31,3177,111927,2758,59375,419,52552,0,0,3125,76579,52,17637,3126,94216,Not in California
Outside California,2021-02-01,5490,117417,2572,61947,2918,55470,0,0,4797,80689,687,18324,4797,99013,Not in California
Outside California,2021-02-02,6772,124189,2168,64115,4604,60074,0,0,6051,86026,714,19038,6051,105064,Not in California
Outside California,2021-02-03,7334,131523,2087,66202,5247,65321,0,0,6468,91637,858,19896,6469,111533,Not in California
Outside California,2021-02-04,6799,138322,2172,68374,4627,69948,0,0,5815,96478,974,20870,5815,117348,Not in California
Outside California,2021-02-05,6820,145142,2213,70587,4607,74555,0,0,5756,101174,1060,21930,5756,123104,Not in California
Outside California,2021-02-06,4451,149593,2171,72758,2280,76835,0,0,3996,104727,446,22376,3999,127103,Not in California
Outside California,2021-02-07,2172,151765,1789,74547,383,77218,0,0,2094,106745,78,22454,2096,129199,Not in California
Outside California,2021-02-08,5236,157001,3274,77821,1962,79180,0,0,4182,109883,1044,23498,4182,133381,Not in California
Outside California,2021-02-09,4278,161279,1899,79720,2379,81559,0,0,2974,111576,1295,24793,2988,136369,Not in California
Outside California,2021-02-10,5539,166818,1859,81579,3680,85239,0,0,3095,112276,2437,27230,3137,139506,Not in California
Outside California,2021-02-11,4717,171535,2142,83721,2575,87814,0,0,3425,114434,1284,28514,3442,142948,Not in California
Outside California,2021-02-12,5214,176749,1924,85645,3290,91104,0,0,3403,116036,1805,30319,3407,146355,Not in California
Outside California,2021-02-13,2394,179143,693,86338,1701,92805,0,0,1849,117353,544,30863,1861,148216,Not in California
Outside California,2021-02-14,1324,180467,401,86739,923,93728,0,0,1085,118204,236,31099,1087,149303,Not in California
Outside California,2021-02-15,2499,182966,1512,88251,987,94715,0,0,1196,118115,1289,32388,1200,150503,Not in California
Outside California,2021-02-16,6438,189404,2894,91145,3544,98259,0,0,2616,116923,3812,36200,2620,153123,Not in California
Outside California,2021-02-17,5908,195312,2939,94084,2969,101228,0,0,1835,114694,4068,40268,1839,154962,Not in California
Outside California,2021-02-18,6355,201667,3654,97738,2701,103929,0,0,2033,112423,4305,44573,2034,156996,Not in California
Outside California,2021-02-19,5686,207353,3934,101672,1752,105681,0,0,2414,111571,3267,47840,2415,159411,Not in California
Outside California,2021-02-20,3238,210591,2587,104259,651,106332,0,0,1194,110724,2042,49882,1195,160606,Not in California
Outside California,2021-02-21,1786,212377,1570,105829,216,106548,0,0,619,110180,1163,51045,619,161225,Not in California
Outside California,2021-02-22,3458,215835,2533,108362,925,107473,0,0,1622,109971,1836,52881,1627,162852,Not in California
Outside California,2021-02-23,5858,221693,3242,111604,2616,110089,0,0,2312,108756,3541,56422,2326,165178,Not in California
Outside California,2021-02-24,6343,228036,3489,115093,2854,112943,0,0,2495,107413,3843,60265,2500,167678,Not in California
Outside California,2021-02-25,6905,234941,3503,118596,3402,116345,0,0,3130,106803,3744,64009,3134,170812,Not in California
Outside California,2021-02-26,6806,241747,3612,122208,3194,119539,0,0,3178,106431,3551,67560,3179,173991,Not in California
Outside California,2021-02-27,5287,247034,2556,124764,2730,122269,1,1,1839,104837,3437,70997,1843,175834,Not in California
Outside California,2021-02-28,2417,249451,1764,126528,653,122922,0,1,793,104008,1623,72620,794,176628,Not in California
Outside California,2021-03-01,4711,254162,2930,129458,1781,124703,0,1,1298,101905,3406,76026,1303,177931,Not in California
Outside California,2021-03-02,6166,260328,1983,131441,4183,128886,0,1,1854,99455,4306,80332,1856,179787,Not in California
Outside California,2021-03-03,7746,268074,2952,134393,4792,133678,2,3,2587,96898,5150,85482,2593,182380,Not in California
Outside California,2021-03-04,6712,274786,2823,137216,3885,137563,4,7,2325,94857,4372,89854,2331,184711,Not in California
Outside California,2021-03-05,5047,279833,2446,139662,2587,140150,14,21,2576,94992,2462,92316,2597,187308,Not in California
Outside California,2021-03-06,4600,284433,2129,141791,2315,142465,156,177,2336,95230,2262,94578,2500,189808,Not in California
Outside California,2021-03-07,1544,285977,979,142770,512,142977,53,230,926,95593,617,95195,980,190788,Not in California
Outside California,2021-03-08,2945,288922,1686,144456,1012,143989,247,477,2062,97053,854,96049,2314,193102,Not in California
Outside California,2021-03-09,4267,293189,2011,146467,1938,145927,318,795,2425,97958,1838,97887,2743,195845,Not in California
Outside California,2021-03-10,4097,297286,1834,148301,1757,147684,506,1301,2441,99264,1648,99535,2954,198799,Not in California
Outside California,2021-03-11,5915,303201,2905,151206,2337,150021,673,1974,3127,100282,2783,102318,3801,202600,Not in California
Outside California,2021-03-12,6127,309328,3578,154784,1823,151844,726,2700,3289,101467,2831,105149,4016,206616,Not in California
Outside California,2021-03-13,3708,313036,2140,156924,1106,152950,462,3162,2584,103398,1118,106267,3049,209665,Not in California
Outside California,2021-03-14,1751,314787,890,157814,535,153485,326,3488,1043,104060,708,106975,1370,211035,Not in California
Outside California,2021-03-15,3921,318708,2033,159847,1458,154943,430,3918,2084,104747,1831,108806,2518,213553,Not in California
Outside California,2021-03-16,7225,325933,4127,163974,2728,157671,370,4288,3940,105773,3283,112089,4309,217862,Not in California
Outside California,2021-03-17,8023,333956,5065,169039,2594,160265,364,4652,4689,107496,3331,115420,5054,222916,Not in California
Outside California,2021-03-18,7942,341898,4790,173829,2623,162888,529,5181,4533,109158,3400,118820,5062,227978,Not in California
Outside California,2021-03-19,7302,349200,4335,178164,2421,165309,546,5727,4416,111239,2885,121705,4966,232944,Not in California
Outside California,2021-03-20,4674,353874,3053,181217,1531,166840,90,5817,3598,113858,1070,122775,3689,236633,Not in California
Outside California,2021-03-21,2000,355874,1347,182564,566,167406,87,5904,1606,115160,392,123167,1694,238327,Not in California
Outside California,2021-03-22,3213,359087,1929,184493,1196,168602,88,5992,2222,116485,985,124152,2310,240637,Not in California
Outside California,2021-03-23,6001,365088,3049,187542,2682,171284,270,6262,4231,119231,1757,125909,4503,245140,Not in California
Outside California,2021-03-24,7248,372336,3701,191243,3122,174406,425,6687,5109,122630,2133,128042,5532,250672,Not in California
Outside California,2021-03-25,8124,380460,3691,194934,3947,178353,486,7173,6097,127197,2016,130058,6583,257255,Not in California
Outside California,2021-03-26,6609,387069,3436,198370,3005,181358,168,7341,4535,129849,2050,132108,4702,261957,Not in California
Outside California,2021-03-27,5308,392377,3036,201406,2174,183532,98,7439,3422,131489,1877,133985,3517,265474,Not in California
Outside California,2021-03-28,3040,395417,1606,203012,1277,184809,157,7596,2049,132709,986,134971,2206,267680,Not in California
Outside California,2021-03-29,4964,400381,2165,205177,2458,187267,341,7937,3016,134122,1945,136916,3358,271038,Not in California
Outside California,2021-03-30,6710,407091,3441,208618,2729,189996,540,8477,4247,136465,2452,139368,4795,275833,Not in California
Outside California,2021-03-31,6177,413268,3648,212266,1770,191766,759,9236,3570,138189,2604,141972,4328,280161,Not in California
Outside California,2021-04-01,7169,420437,4160,216426,2388,194154,621,9857,4251,140147,2912,144884,4870,285031,Not in California
Outside California,2021-04-02,8208,428645,4225,220651,2860,197014,1123,10980,4463,141995,3739,148623,5587,290618,Not in California
Outside California,2021-04-03,6155,434800,3606,224257,1402,198416,1147,12127,3282,143556,2868,151491,4429,295047,Not in California
Outside California,2021-04-04,1804,436604,902,225159,664,199080,238,12365,1021,144032,783,152274,1259,296306,Not in California
Outside California,2021-04-05,3913,440517,1877,227036,1388,200468,648,13013,1903,144577,2007,154281,2552,298858,Not in California
Outside California,2021-04-06,6600,447117,3430,230466,1625,202093,1545,14558,2637,144807,3950,158231,4180,303038,Not in California
Outside California,2021-04-07,7732,454849,4326,234792,1749,203842,1657,16215,3162,145054,4563,162794,4810,307848,Not in California
Outside California,2021-04-08,7755,462604,4010,238802,1848,205690,1897,18112,3151,145499,4596,167390,5041,312889,Not in California
Outside California,2021-04-09,7382,469986,3755,242557,1698,207388,1929,20041,3013,146080,4364,171754,4945,317834,Not in California
Outside California,2021-04-10,6030,476016,3028,245585,1135,208523,1867,21908,1732,145384,4294,176048,3598,321432,Not in California
Outside California,2021-04-11,2838,478854,1526,247111,676,209199,636,22544,1040,145264,1797,177845,1677,323109,Not in California
Outside California,2021-04-12,3896,482750,2169,249280,1211,210410,516,23060,1822,145532,2070,179915,2338,325447,Not in California
Outside California,2021-04-13,5516,488266,3511,252791,1978,212388,27,23087,2792,145635,2719,182634,2822,328269,Not in California
Outside California,2021-04-14,5119,493385,3237,256028,1880,214268,2,23089,2796,146115,2318,184952,2798,331067,Not in California
Outside California,2021-04-15,5908,499293,3603,259631,2299,216567,6,23095,3223,146711,2634,187586,3230,334297,Not in California
Outside California,2021-04-16,5833,505126,3379,263010,2448,219015,6,23101,3385,147662,2442,190028,3393,337690,Not in California
Outside California,2021-04-17,5059,510185,3007,266017,2051,221066,1,23102,2931,148471,2122,192150,2931,340621,Not in California
Outside California,2021-04-18,2078,512263,1150,267167,927,221993,1,23103,998,148397,1074,193224,1000,341621,Not in California
Outside California,2021-04-19,4041,516304,1893,269060,2147,224140,1,23104,2111,148590,1921,195145,2114,343735,Not in California
Outside California,2021-04-20,5496,521800,2599,271659,2897,227037,0,23104,2498,148098,2990,198135,2498,346233,Not in California
Outside California,2021-04-21,6718,528518,2967,274626,3749,230786,2,23106,2721,146836,3987,202122,2725,348958,Not in California
Outside California,2021-04-22,7497,536015,4116,278742,3378,234164,3,23109,3279,145912,4209,206331,3285,352243,Not in California
Outside California,2021-04-23,6285,542300,3283,282025,3001,237165,1,23110,2914,145473,3358,209689,2919,355162,Not in California
Outside California,2021-04-24,4824,547124,3411,285436,1410,238575,3,23113,2299,145257,2520,212209,2304,357466,Not in California
Outside California,2021-04-25,550,547674,366,285802,183,238758,1,23114,358,145431,192,212401,366,357832,Not in California
Unknown,2020-12-17,2,2,2,2,0,0,0,0,0,0,0,0,0,0,Not in California
Unknown,2020-12-18,10,12,10,12,0,0,0,0,9,9,0,0,9,9,Not in California
Unknown,2020-12-19,81,93,81,93,0,0,0,0,81,90,0,0,81,90,Not in California
Unknown,2020-12-20,24,117,24,117,0,0,0,0,24,114,0,0,24,114,Not in California
Unknown,2020-12-21,5,122,5,122,0,0,0,0,1,115,0,0,1,115,Not in California
Unknown,2020-12-22,3,125,3,125,0,0,0,0,3,118,0,0,3,118,Not in California
Unknown,2020-12-26,1,126,1,126,0,0,0,0,1,119,0,0,1,119,Not in California
Unknown,2020-12-28,4,130,4,130,0,0,0,0,4,123,0,0,4,123,Not in California
Unknown,2020-12-29,3,133,3,133,0,0,0,0,3,126,0,0,3,126,Not in California
Unknown,2020-12-30,58,191,55,188,3,3,0,0,56,182,0,0,56,182,Not in California
Unknown,2020-12-31,3,194,0,188,3,6,0,0,1,183,0,0,1,183,Not in California
Unknown,2021-01-02,1,195,0,188,1,7,0,0,1,184,0,0,1,184,Not in California
Unknown,2021-01-04,3,198,3,191,0,7,0,0,2,186,0,0,2,186,Not in California
Unknown,2021-01-05,2,200,0,191,2,9,0,0,2,188,0,0,2,188,Not in California
Unknown,2021-01-06,31,231,29,220,2,11,0,0,6,170,24,24,6,194,Not in California
Unknown,2021-01-07,110,341,107,327,3,14,0,0,72,204,38,62,72,266,Not in California
Unknown,2021-01-08,26,367,21,348,5,19,0,0,5,188,21,83,5,271,Not in California
Unknown,2021-01-09,3,370,2,350,1,20,0,0,4,192,0,83,4,275,Not in California
Unknown,2021-01-11,22,392,22,372,0,20,0,0,18,207,3,86,18,293,Not in California
Unknown,2021-01-12,9,401,7,379,2,22,0,0,7,214,1,87,8,301,Not in California
Unknown,2021-01-13,11,412,11,390,0,22,0,0,12,226,0,87,12,313,Not in California
Unknown,2021-01-14,4,416,3,393,1,23,0,0,4,230,0,87,4,317,Not in California
Unknown,2021-01-15,4,420,3,396,1,24,0,0,4,234,0,87,4,321,Not in California
Unknown,2021-01-16,7,427,7,403,0,24,0,0,6,239,1,88,6,327,Not in California
Unknown,2021-01-17,3,430,3,406,0,24,0,0,3,242,0,88,3,330,Not in California
Unknown,2021-01-18,55,485,55,461,0,24,0,0,53,293,2,90,53,383,Not in California
Unknown,2021-01-19,23,508,22,483,1,25,0,0,21,313,1,91,21,404,Not in California
Unknown,2021-01-20,79,587,79,562,0,25,0,0,27,288,52,143,27,431,Not in California
Unknown,2021-01-21,60,647,58,620,2,27,0,0,62,350,0,143,62,493,Not in California
Unknown,2021-01-22,40,687,35,655,5,32,0,0,40,390,0,143,40,533,Not in California
Unknown,2021-01-23,13,700,7,662,6,38,0,0,13,403,0,143,13,546,Not in California
Unknown,2021-01-24,2,702,2,664,0,38,0,0,3,406,0,143,3,549,Not in California
Unknown,2021-01-25,21,723,18,682,3,41,0,0,18,421,3,146,18,567,Not in California
Unknown,2021-01-26,99,822,95,777,4,45,0,0,102,523,0,146,102,669,Not in California
Unknown,2021-01-27,17,839,17,794,0,45,0,0,16,538,1,147,16,685,Not in California
Unknown,2021-01-28,155,994,152,946,3,48,0,0,98,576,60,207,98,783,Not in California
Unknown,2021-01-29,148,1142,147,1093,1,49,0,0,152,727,1,208,152,935,Not in California
Unknown,2021-01-30,10,1152,8,1101,2,51,0,0,13,739,1,209,13,948,Not in California
Unknown,2021-01-31,16,1168,16,1117,0,51,0,0,16,754,1,210,16,964,Not in California
Unknown,2021-02-01,36,1204,34,1151,2,53,0,0,21,758,17,227,21,985,Not in California
Unknown,2021-02-02,69,1273,67,1218,2,55,0,0,63,816,5,232,63,1048,Not in California
Unknown,2021-02-03,49,1322,46,1264,3,58,0,0,37,842,11,243,37,1085,Not in California
Unknown,2021-02-04,61,1383,56,1320,5,63,0,0,56,893,5,248,56,1141,Not in California
Unknown,2021-02-05,20,1403,13,1333,7,70,0,0,16,902,7,255,16,1157,Not in California
Unknown,2021-02-06,19,1422,14,1347,5,75,0,0,15,910,7,262,15,1172,Not in California
Unknown,2021-02-07,8,1430,8,1355,0,75,0,0,6,914,2,264,6,1178,Not in California
Unknown,2021-02-08,53,1483,50,1405,3,78,0,0,13,887,40,304,13,1191,Not in California
Unknown,2021-02-09,20,1503,19,1424,1,79,0,0,5,877,15,319,5,1196,Not in California
Unknown,2021-02-10,35,1538,30,1454,5,84,0,0,9,860,26,345,9,1205,Not in California
Unknown,2021-02-11,93,1631,92,1546,1,85,0,0,43,852,51,396,43,1248,Not in California
Unknown,2021-02-12,47,1678,38,1584,9,94,0,0,18,837,33,429,18,1266,Not in California
Unknown,2021-02-13,15,1693,3,1587,12,106,0,0,17,853,1,430,17,1283,Not in California
Unknown,2021-02-14,7,1700,1,1588,6,112,0,0,5,857,1,431,5,1288,Not in California
Unknown,2021-02-15,43,1743,37,1625,6,118,0,0,29,874,12,443,29,1317,Not in California
Unknown,2021-02-16,105,1848,96,1721,9,127,0,0,31,831,74,517,31,1348,Not in California
Unknown,2021-02-17,10,1858,8,1729,2,129,0,0,4,830,5,522,4,1352,Not in California
Unknown,2021-02-18,105,1963,100,1829,5,134,0,0,19,763,86,608,19,1371,Not in California
Unknown,2021-02-19,197,2160,191,2020,6,140,0,0,58,683,138,746,58,1429,Not in California
Unknown,2021-02-20,12,2172,5,2025,7,147,0,0,5,683,5,751,5,1434,Not in California
Unknown,2021-02-21,18,2190,18,2043,0,147,0,0,4,673,14,765,4,1438,Not in California
Unknown,2021-02-22,9,2199,9,2052,0,147,0,0,6,676,3,768,6,1444,Not in California
Unknown,2021-02-23,62,2261,50,2102,12,159,0,0,15,644,47,815,15,1459,Not in California
Unknown,2021-02-24,43,2304,35,2137,8,167,0,0,14,629,29,844,14,1473,Not in California
Unknown,2021-02-25,76,2380,60,2197,16,183,0,0,27,607,49,893,27,1500,Not in California
Unknown,2021-02-26,39,2419,24,2221,15,198,0,0,24,617,14,907,24,1524,Not in California
Unknown,2021-02-27,27,2446,14,2235,13,211,0,0,19,628,8,915,19,1543,Not in California
Unknown,2021-02-28,17,2463,13,2248,4,215,0,0,10,633,5,920,10,1553,Not in California
Unknown,2021-03-01,42,2505,25,2273,17,232,0,0,23,637,19,939,23,1576,Not in California
Unknown,2021-03-02,19,2524,7,2280,12,244,0,0,11,642,6,945,11,1587,Not in California
Unknown,2021-03-03,13,2537,7,2287,6,250,0,0,10,649,3,948,10,1597,Not in California
Unknown,2021-03-04,53,2590,49,2336,4,254,0,0,21,639,31,979,21,1618,Not in California
Unknown,2021-03-05,31,2621,13,2349,18,272,0,0,34,667,6,985,34,1652,Not in California
Unknown,2021-03-06,31,2652,10,2359,19,291,2,2,22,682,9,994,24,1676,Not in California
Unknown,2021-03-07,9,2661,1,2360,8,299,0,2,5,684,3,997,5,1681,Not in California
Unknown,2021-03-08,33,2694,23,2383,8,307,2,4,8,668,26,1023,10,1691,Not in California
Unknown,2021-03-09,39,2733,32,2415,3,310,4,8,10,652,30,1053,14,1705,Not in California
Unknown,2021-03-10,9,2742,6,2421,1,311,2,10,5,654,5,1058,7,1712,Not in California
Unknown,2021-03-11,37,2779,13,2434,10,321,14,24,16,663,21,1079,30,1742,Not in California
Unknown,2021-03-12,82,2861,56,2490,21,342,5,29,17,622,63,1142,22,1764,Not in California
Unknown,2021-03-13,24,2885,4,2494,16,358,4,33,8,618,16,1158,12,1776,Not in California
Unknown,2021-03-14,17,2902,9,2503,6,364,2,35,7,616,11,1169,9,1785,Not in California
Unknown,2021-03-15,30,2932,11,2514,17,381,2,37,20,625,13,1182,22,1807,Not in California
Unknown,2021-03-16,61,2993,21,2535,37,418,3,40,42,652,18,1200,45,1852,Not in California
Unknown,2021-03-17,47,3040,15,2550,31,449,1,41,42,691,4,1204,43,1895,Not in California
Unknown,2021-03-18,41,3081,20,2570,21,470,0,41,29,708,12,1216,29,1924,Not in California
Unknown,2021-03-19,28,3109,19,2589,9,479,0,41,26,726,8,1224,26,1950,Not in California
Unknown,2021-03-20,29,3138,14,2603,15,494,0,41,19,733,12,1236,19,1969,Not in California
Unknown,2021-03-21,23,3161,17,2620,6,500,0,41,19,749,3,1239,19,1988,Not in California
Unknown,2021-03-22,34,3195,18,2638,15,515,1,42,18,756,12,1251,19,2007,Not in California
Unknown,2021-03-23,23,3218,9,2647,9,524,5,47,13,763,11,1262,18,2025,Not in California
Unknown,2021-03-24,26,3244,9,2656,17,541,0,47,29,787,5,1267,29,2054,Not in California
Unknown,2021-03-25,48,3292,33,2689,15,556,0,47,39,812,14,1281,39,2093,Not in California
Unknown,2021-03-26,39,3331,19,2708,15,571,5,52,27,828,16,1297,32,2125,Not in California
Unknown,2021-03-27,39,3370,13,2721,26,597,0,52,25,833,20,1317,25,2150,Not in California
Unknown,2021-03-28,17,3387,9,2730,8,605,0,52,12,841,4,1321,12,2162,Not in California
Unknown,2021-03-29,35,3422,14,2744,20,625,1,53,23,853,12,1333,24,2186,Not in California
Unknown,2021-03-30,35,3457,20,2764,15,640,0,53,23,863,13,1346,23,2209,Not in California
Unknown,2021-03-31,38,3495,24,2788,14,654,0,53,29,882,10,1356,29,2238,Not in California
Unknown,2021-04-01,29,3524,14,2802,15,669,0,53,24,901,5,1361,24,2262,Not in California
Unknown,2021-04-02,63,3587,16,2818,38,707,9,62,34,911,33,1394,43,2305,Not in California
Unknown,2021-04-03,18,3605,9,2827,9,716,0,62,10,911,10,1404,10,2315,Not in California
Unknown,2021-04-04,16,3621,5,2832,11,727,0,62,10,916,5,1409,10,2325,Not in California
Unknown,2021-04-05,34,3655,20,2852,13,740,1,63,19,921,15,1424,20,2345,Not in California
Unknown,2021-04-06,35,3690,18,2870,16,756,1,64,17,921,18,1442,18,2363,Not in California
Unknown,2021-04-07,44,3734,30,2900,13,769,1,65,33,945,10,1452,34,2397,Not in California
Unknown,2021-04-08,37,3771,25,2925,8,777,4,69,17,946,20,1472,21,2418,Not in California
Unknown,2021-04-09,42,3813,25,2950,17,794,0,69,27,958,15,1487,27,2445,Not in California
Unknown,2021-04-10,10,3823,9,2959,1,795,0,69,3,954,7,1494,3,2448,Not in California
Unknown,2021-04-11,14,3837,10,2969,4,799,0,69,5,950,9,1503,5,2453,Not in California
Unknown,2021-04-12,40,3877,23,2992,16,815,1,70,17,945,23,1526,18,2471,Not in California
Unknown,2021-04-13,69,3946,26,3018,43,858,0,70,28,932,41,1567,28,2499,Not in California
Unknown,2021-04-14,39,3985,12,3030,27,885,0,70,13,919,26,1593,13,2512,Not in California
Unknown,2021-04-15,52,4037,24,3054,27,912,1,71,23,915,28,1621,24,2536,Not in California
Unknown,2021-04-16,44,4081,27,3081,17,929,0,71,23,917,21,1642,23,2559,Not in California
Unknown,2021-04-17,24,4105,15,3096,9,938,0,71,9,913,14,1656,10,2569,Not in California
Unknown,2021-04-18,19,4124,7,3103,12,950,0,71,7,908,12,1668,7,2576,Not in California
Unknown,2021-04-19,35,4159,21,3124,14,964,0,71,16,906,18,1686,16,2592,Not in California
Unknown,2021-04-20,18,4177,13,3137,5,969,0,71,5,898,13,1699,5,2597,Not in California
Unknown,2021-04-21,93,4270,75,3212,18,987,0,71,73,951,20,1719,73,2670,Not in California
Unknown,2021-04-22,366,4636,170,3382,196,1183,0,71,333,1253,31,1750,333,3003,Not in California
Unknown,2021-04-23,342,4978,154,3536,188,1371,0,71,312,1536,29,1779,312,3315,Not in California
Unknown,2021-04-24,359,5337,209,3745,150,1521,0,71,341,1859,18,1797,341,3656,Not in California
Alameda,2020-12-15,36,36,36,36,0,0,0,0,36,36,0,0,36,36,California
Alameda,2020-12-16,202,238,202,238,0,0,0,0,202,238,0,0,202,238,California
Alameda,2020-12-17,396,634,396,634,0,0,0,0,396,634,0,0,396,634,California
Alameda,2020-12-18,1766,2400,1765,2399,1,1,0,0,1766,2400,0,0,1766,2400,California
Alameda,2020-12-19,1357,3757,1357,3756,0,1,0,0,1357,3757,0,0,1357,3757,California
Alameda,2020-12-20,1157,4914,1156,4912,1,2,0,0,1156,4912,1,1,1156,4913,California
Alameda,2020-12-21,1859,6773,1858,6770,1,3,0,0,1858,6770,0,1,1858,6771,California
Alameda,2020-12-22,2099,8872,2047,8817,52,55,0,0,2099,8869,0,1,2099,8870,California
Alameda,2020-12-23,1927,10799,1671,10488,256,311,0,0,1927,10796,0,1,1927,10797,California
Alameda,2020-12-24,1218,12017,758,11246,460,771,0,0,1218,12014,0,1,1218,12015,California
Alameda,2020-12-25,165,12182,128,11374,37,808,0,0,165,12179,0,1,165,12180,California
Alameda,2020-12-26,867,13049,323,11697,544,1352,0,0,867,13046,0,1,867,13047,California
Alameda,2020-12-27,500,13549,256,11953,244,1596,0,0,500,13546,0,1,500,13547,California
Alameda,2020-12-28,1883,15432,957,12910,926,2522,0,0,1883,15429,0,1,1883,15430,California
Alameda,2020-12-29,2427,17859,1022,13932,1405,3927,0,0,2426,17855,0,1,2426,17856,California
Alameda,2020-12-30,3122,20981,1359,15291,1763,5690,0,0,3124,20979,0,1,3124,20980,California
Alameda,2020-12-31,1789,22770,441,15732,1348,7038,0,0,1788,22766,1,2,1788,22768,California
Alameda,2021-01-01,171,22941,70,15802,101,7139,0,0,170,22935,1,3,170,22938,California
Alameda,2021-01-02,719,23660,521,16323,198,7337,0,0,718,23653,0,3,718,23656,California
Alameda,2021-01-03,341,24001,220,16543,121,7458,0,0,338,23988,3,6,338,23994,California
Alameda,2021-01-04,1647,25648,944,17487,703,8161,0,0,1635,25612,11,17,1635,25629,California
Alameda,2021-01-05,2199,27847,1265,18752,934,9095,0,0,1963,27342,233,250,1963,27592,California
Alameda,2021-01-06,3243,31090,1777,20529,1466,10561,0,0,2429,28962,811,1061,2431,30023,California
Alameda,2021-01-07,3774,34864,2112,22641,1662,12223,0,0,2687,30575,1078,2139,2691,32714,California
Alameda,2021-01-08,4724,39588,2695,25336,2029,14252,0,0,3102,32063,1618,3757,3106,35820,California
Alameda,2021-01-09,2031,41619,1388,26724,643,14895,0,0,1170,32372,861,4618,1170,36990,California
Alameda,2021-01-10,1061,42680,843,27567,218,15113,0,0,424,32158,638,5256,424,37414,California
Alameda,2021-01-11,4631,47311,3502,31069,1129,16242,0,0,2843,33219,1788,7044,2849,40263,California
Alameda,2021-01-12,4824,52135,3246,34315,1578,17820,0,0,3432,35263,1391,8435,3435,43698,California
Alameda,2021-01-13,5026,57161,2654,36969,2372,20192,0,0,3847,37936,1175,9610,3848,47546,California
Alameda,2021-01-14,5603,62764,2740,39709,2863,23055,0,0,4717,41779,877,10487,4720,52266,California
Alameda,2021-01-15,5827,68591,2309,42018,3518,26573,0,0,5060,46082,760,11247,5063,57329,California
Alameda,2021-01-16,3005,71596,1409,43427,1596,28169,0,0,2737,48552,268,11515,2738,60067,California
Alameda,2021-01-17,1868,73464,1084,44511,784,28953,0,0,1661,50008,206,11721,1662,61729,California
Alameda,2021-01-18,3192,76656,2049,46560,1143,30096,0,0,2598,52021,590,12311,2603,64332,California
Alameda,2021-01-19,5516,82172,3329,49889,2187,32283,0,0,4329,55167,1185,13496,4331,68663,California
Alameda,2021-01-20,6690,88862,4026,53915,2664,34947,0,0,5397,59287,1281,14777,5401,74064,California
Alameda,2021-01-21,7740,96602,3382,57297,4358,39305,0,0,6912,65380,822,15599,6915,80979,California
Alameda,2021-01-22,6838,103440,2032,59329,4806,44111,0,0,5700,69951,1131,16730,5702,86681,California
Alameda,2021-01-23,3280,106720,943,60272,2337,46448,0,0,2728,72129,552,17282,2730,89411,California
Alameda,2021-01-24,2049,108769,654,60926,1395,47843,0,0,1773,73630,272,17554,1773,91184,California
Alameda,2021-01-25,5213,113982,1985,62911,3228,51071,0,0,3628,75681,1577,19131,3628,94812,California
Alameda,2021-01-26,7241,121223,2286,65197,4955,56026,0,0,5382,79212,1852,20983,5383,100195,California
Alameda,2021-01-27,6667,127890,2076,67273,4591,60617,0,0,4824,82204,1832,22815,4824,105019,California
Alameda,2021-01-28,7869,135759,2541,69814,5328,65945,0,0,5632,85616,2221,25036,5633,110652,California
Alameda,2021-01-29,7906,143665,3178,72992,4728,70673,0,0,6082,89885,1814,26850,6083,116735,California
Alameda,2021-01-30,3411,147076,1666,74658,1745,72418,0,0,2710,91899,696,27546,2710,119445,California
Alameda,2021-01-31,1902,148978,962,75620,940,73358,0,0,1659,93317,241,27787,1659,121104,California
Alameda,2021-02-01,5957,154935,3355,78975,2602,75960,0,0,4321,96009,1630,29417,4322,125426,California
Alameda,2021-02-02,7447,162382,4243,83218,3204,79164,0,0,4660,97892,2777,32194,4660,130086,California
Alameda,2021-02-03,7077,169459,3728,86946,3349,82513,0,0,4406,99638,2665,34859,4411,134497,California
Alameda,2021-02-04,9503,178962,4129,91075,5374,87887,0,0,6449,103055,3037,37896,6454,140951,California
Alameda,2021-02-05,10321,189283,5387,96462,4934,92821,0,0,6455,105656,3860,41756,6461,147412,California
Alameda,2021-02-06,6996,196279,4436,100898,2560,95381,0,0,5877,110414,1119,42875,5877,153289,California
Alameda,2021-02-07,3581,199860,2892,103790,689,96070,0,0,2641,112119,937,43812,2642,155931,California
Alameda,2021-02-08,8081,207941,5779,109569,2302,98372,0,0,5539,115128,2532,46344,5541,161472,California
Alameda,2021-02-09,9706,217647,5856,115425,3850,102222,0,0,6057,117544,3643,49987,6059,167531,California
Alameda,2021-02-10,11451,229098,6772,122197,4679,106901,0,0,6634,119386,4800,54787,6642,174173,California
Alameda,2021-02-11,13921,243019,7981,130178,5940,112841,0,0,8381,122247,5523,60310,8384,182557,California
Alameda,2021-02-12,12519,255538,5692,135870,6827,119668,0,0,7750,125245,4755,65065,7753,190310,California
Alameda,2021-02-13,7804,263342,4063,139933,3741,123409,0,0,5845,129137,1955,67020,5847,196157,California
Alameda,2021-02-14,4026,267368,2535,142468,1491,124900,0,0,2868,130852,1155,68175,2870,199027,California
Alameda,2021-02-15,5706,273074,3220,145688,2486,127386,0,0,3697,132546,2006,70181,3700,202727,California
Alameda,2021-02-16,12527,285601,6951,152639,5576,132962,0,0,9321,138676,3196,73377,9326,212053,California
Alameda,2021-02-17,14098,299699,8351,160990,5747,138709,0,0,10482,145562,3598,76975,10484,222537,California
Alameda,2021-02-18,15845,315544,10058,171048,5787,144496,0,0,11510,152746,4332,81307,11516,234053,California
Alameda,2021-02-19,17630,333174,11428,182476,6202,150698,0,0,11686,158514,5922,87229,11690,245743,California
Alameda,2021-02-20,11856,345030,9609,192085,2247,152945,0,0,9144,164954,2709,89938,9149,254892,California
Alameda,2021-02-21,6187,351217,5257,197342,930,153875,0,0,3735,166246,2443,92381,3735,258627,California
Alameda,2021-02-22,10692,361909,7916,205258,2776,156651,0,0,6739,169056,3939,96320,6749,265376,California
Alameda,2021-02-23,12700,374609,7711,212969,4989,161640,0,0,7907,172187,4783,101103,7914,273290,California
Alameda,2021-02-24,14647,389256,8203,221172,6444,168084,0,0,9499,176603,5088,106191,9504,282794,California
Alameda,2021-02-25,15607,404863,9121,230293,6486,174570,0,0,9943,180920,5632,111823,9949,292743,California
Alameda,2021-02-26,18078,422941,10628,240921,7450,182020,0,0,11697,186280,6341,118164,11701,304444,California
Alameda,2021-02-27,14689,437630,10801,251722,3886,185906,2,2,9096,189809,5571,123735,9100,313544,California
Alameda,2021-02-28,9139,446769,7705,259427,1434,187340,0,2,6071,192833,3048,126783,6072,319616,California
Alameda,2021-03-01,13208,459977,9174,268601,4032,191372,2,4,8196,196067,4970,131753,8204,327820,California
Alameda,2021-03-02,13794,473771,9581,278182,4213,195585,0,4,8869,200037,4906,136659,8876,336696,California
Alameda,2021-03-03,15296,489067,9911,288093,5384,200969,1,5,10409,205587,4862,141521,10412,347108,California
Alameda,2021-03-04,17266,506333,11030,299123,6235,207204,1,6,10864,210084,6368,147889,10865,357973,California
Alameda,2021-03-05,15847,522180,10234,309357,5604,212808,9,15,10632,215556,5175,153064,10647,368620,California
Alameda,2021-03-06,14217,536397,9948,319305,4010,216818,259,274,9337,220317,4837,157901,9598,378218,California
Alameda,2021-03-07,9283,545680,8071,327376,1131,217949,81,355,6565,224272,2693,160594,6648,384866,California
Alameda,2021-03-08,11616,557296,7155,334531,4085,222034,376,731,8650,230381,2916,163510,9025,393891,California
Alameda,2021-03-09,11340,568636,6996,341527,3915,225949,429,1160,6272,232047,5037,168547,6703,400594,California
Alameda,2021-03-10,16649,585285,11311,352838,4783,230732,555,1715,7540,231053,9085,177632,8091,408685,California
Alameda,2021-03-11,19745,605030,11547,364385,6492,237224,1706,3421,6757,226556,12959,190591,8462,417147,California
Alameda,2021-03-12,21116,626146,12296,376681,7170,244394,1650,5071,7457,222019,13638,204229,9101,426248,California
Alameda,2021-03-13,15829,641975,10102,386783,4749,249143,978,6049,5114,217424,10682,214911,6087,432335,California
Alameda,2021-03-14,10687,652662,7806,394589,2096,251239,785,6834,4662,216856,6009,220920,5441,437776,California
Alameda,2021-03-15,14288,666950,9313,403902,4458,255697,517,7351,6357,215824,7903,228823,6871,444647,California
Alameda,2021-03-16,17135,684085,11086,414988,5516,261213,533,7884,7549,214371,9536,238359,8083,452730,California
Alameda,2021-03-17,17334,701419,9756,424744,6886,268099,692,8576,8154,214069,9147,247506,8845,461575,California
Alameda,2021-03-18,19028,720447,10310,435054,7841,275940,877,9453,8757,213463,10243,257749,9637,471212,California
Alameda,2021-03-19,19073,739520,10317,445371,6969,282909,1787,11240,7637,211493,11389,269138,9419,480631,California
Alameda,2021-03-20,15590,755110,10177,455548,4595,287504,818,12058,6526,209797,9037,278175,7341,487972,California
Alameda,2021-03-21,9043,764153,7091,462639,1421,288925,531,12589,3766,208827,5268,283443,4298,492270,California
Alameda,2021-03-22,14860,779013,9987,472626,3894,292819,979,13568,7176,209311,7667,291110,8151,500421,California
Alameda,2021-03-23,19047,798060,11481,484107,6773,299592,793,14361,10702,212505,8306,299416,11500,511921,California
Alameda,2021-03-24,18932,816992,11384,495491,6558,306150,990,15351,8585,211780,10292,309708,9567,521488,California
Alameda,2021-03-25,20313,837305,11202,506693,7733,313883,1378,16729,9555,212009,10695,320403,10924,532412,California
Alameda,2021-03-26,20625,857930,12355,519048,6742,320625,1528,18257,8841,210630,11740,332143,10361,542773,California
Alameda,2021-03-27,18125,876055,12303,531351,4867,325492,955,19212,7817,209122,10263,342406,8755,551528,California
Alameda,2021-03-28,10418,886473,8434,539785,1781,327273,203,19415,3832,206587,6576,348982,4041,555569,California
Alameda,2021-03-29,14554,901027,9267,549052,4293,331566,994,20409,6256,205572,8265,357247,7250,562819,California
Alameda,2021-03-30,18388,919415,9655,558707,7044,338610,1689,22098,10793,210485,7567,364814,12480,575299,California
Alameda,2021-03-31,19171,938586,10089,568796,7029,345639,2053,24151,9571,212506,9577,374391,11598,586897,California
Alameda,2021-04-01,22942,961528,9932,578728,7540,353179,5470,29621,10951,216956,11966,386357,16416,603313,California
Alameda,2021-04-02,23684,985212,9803,588531,8209,361388,5672,35293,11477,221913,12178,398535,17135,620448,California
Alameda,2021-04-03,20046,1005258,9708,598239,5651,367039,4687,39980,10255,227084,9771,408306,14942,635390,California
Alameda,2021-04-04,9898,1015156,3949,602188,2276,369315,3673,43653,3505,227873,6384,414690,7173,642563,California
Alameda,2021-04-05,17643,1032799,7387,609575,5498,374813,4758,48411,7160,229324,10466,425156,11917,654480,California
Alameda,2021-04-06,22005,1054804,10553,620128,5641,380454,5811,54222,9977,233110,11998,437154,15784,670264,California
Alameda,2021-04-07,22329,1077133,11432,631560,5473,385927,5424,59646,11312,238865,10976,448130,16731,686995,California
Alameda,2021-04-08,25234,1102367,11425,642985,5896,391823,7913,67559,10759,243126,14409,462539,18670,705665,California
Alameda,2021-04-09,23012,1125379,10404,653389,7434,399257,5174,72733,11834,248988,11155,473694,17017,722682,California
Alameda,2021-04-10,18749,1144128,7370,660759,5572,404829,5807,78540,8127,252311,10603,484297,13926,736608,California
Alameda,2021-04-11,10958,1155086,4764,665523,2261,407090,3933,82473,4478,254250,6465,490762,8404,745012,California
Alameda,2021-04-12,17735,1172821,11637,677160,4280,411370,1818,84291,10057,258473,7649,498411,11872,756884,California
Alameda,2021-04-13,22974,1195795,14615,691775,8306,419676,53,84344,16963,269531,5967,504378,17025,773909,California
Alameda,2021-04-14,22965,1218760,15168,706943,7796,427472,1,84345,15608,277819,7326,511704,15614,789523,California
Alameda,2021-04-15,23631,1242391,15171,722114,8458,435930,2,84347,15687,285618,7898,519602,15697,805220,California
Alameda,2021-04-16,24181,1266572,14308,736422,9869,445799,4,84351,15633,292769,8496,528098,15647,820867,California
Alameda,2021-04-17,20558,1287130,14165,750587,6393,452192,0,84351,14186,300626,6343,534441,14200,835067,California
Alameda,2021-04-18,9842,1296972,7507,758094,2335,454527,0,84351,6824,304463,2991,537432,6828,841895,California
Alameda,2021-04-19,15201,1312173,9434,767528,5767,460294,0,84351,8734,306764,6442,543874,8743,850638,California
Alameda,2021-04-20,17809,1329982,10750,778278,7057,467351,2,84353,9686,308387,8084,551958,9707,860345,California
Alameda,2021-04-21,19013,1348995,11152,789430,7855,475206,6,84359,11114,311680,7846,559804,11139,871484,California
Alameda,2021-04-22,20293,1369288,12956,802386,7334,482540,3,84362,10788,313025,9467,569271,10812,882296,California
Alameda,2021-04-23,19533,1388821,12669,815055,6863,489403,1,84363,10857,315261,8637,577908,10873,893169,California
Alameda,2021-04-24,14948,1403769,11391,826446,3550,492953,7,84370,7845,316054,7068,584976,7861,901030,California
Alameda,2021-04-25,3222,1406991,2845,829291,377,493330,0,84370,2224,317299,994,585970,2239,903269,California
Alpine,2020-12-18,2,2,2,2,0,0,0,0,2,2,0,0,2,2,California
Alpine,2020-12-19,2,4,2,4,0,0,0,0,2,4,0,0,2,4,California
Alpine,2020-12-21,2,6,2,6,0,0,0,0,2,6,0,0,2,6,California
Alpine,2020-12-30,14,20,0,6,14,14,0,0,14,20,0,0,14,20,California
Alpine,2020-12-31,1,21,0,6,1,15,0,0,1,21,0,0,1,21,California
Alpine,2021-01-01,1,22,0,6,1,16,0,0,1,22,0,0,1,22,California
Alpine,2021-01-02,1,23,1,7,0,16,0,0,1,23,0,0,1,23,California
Alpine,2021-01-04,10,33,0,7,10,26,0,0,10,33,0,0,10,33,California
Alpine,2021-01-05,9,42,1,8,8,34,0,0,9,42,0,0,9,42,California
Alpine,2021-01-06,31,73,0,8,31,65,0,0,31,73,0,0,31,73,California
Alpine,2021-01-07,8,81,0,8,8,73,0,0,8,81,0,0,8,81,California
Alpine,2021-01-08,4,85,2,10,2,75,0,0,2,81,2,2,2,83,California
Alpine,2021-01-09,2,87,2,12,0,75,0,0,0,79,2,4,0,83,California
Alpine,2021-01-11,32,119,1,13,31,106,0,0,31,109,1,5,31,114,California
Alpine,2021-01-13,35,154,0,13,35,141,0,0,35,144,0,5,35,149,California
Alpine,2021-01-14,1,155,0,13,1,142,0,0,1,145,0,5,1,150,California
Alpine,2021-01-15,1,156,0,13,1,143,0,0,1,146,0,5,1,151,California
Alpine,2021-01-20,21,177,0,13,21,164,0,0,21,167,0,5,21,172,California
Alpine,2021-01-21,1,178,0,13,1,165,0,0,1,168,0,5,1,173,California
Alpine,2021-01-22,32,210,0,13,32,197,0,0,32,200,0,5,32,205,California
Alpine,2021-01-23,1,211,1,14,0,197,0,0,0,199,1,6,0,205,California
Alpine,2021-01-25,16,227,0,14,16,213,0,0,16,215,0,6,16,221,California
Alpine,2021-01-27,1,228,1,15,0,213,0,0,0,214,1,7,0,221,California
Alpine,2021-01-28,1,229,0,15,1,214,0,0,0,213,1,8,0,221,California
Alpine,2021-01-29,1,230,0,15,1,215,0,0,1,214,0,8,1,222,California
Alpine,2021-02-01,25,255,0,15,25,240,0,0,7,203,18,26,7,229,California
Alpine,2021-02-03,34,289,0,15,34,274,0,0,10,189,24,50,10,239,California
Alpine,2021-02-04,8,297,0,15,8,282,0,0,3,187,5,55,3,242,California
Alpine,2021-02-05,31,328,0,15,31,313,0,0,12,180,19,74,12,254,California
Alpine,2021-02-06,1,329,1,16,0,313,0,0,1,181,0,74,1,255,California
Alpine,2021-02-07,1,330,1,17,0,313,0,0,1,182,0,74,1,256,California
Alpine,2021-02-08,32,362,0,17,32,345,0,0,4,158,28,102,4,260,California
Alpine,2021-02-10,34,396,0,17,34,379,0,0,0,124,34,136,0,260,California
Alpine,2021-02-11,6,402,0,17,6,385,0,0,3,124,3,139,3,263,California
Alpine,2021-02-12,1,403,0,17,1,386,0,0,0,123,1,140,0,263,California
Alpine,2021-02-17,23,426,0,17,23,409,0,0,3,106,20,160,3,266,California
Alpine,2021-02-18,2,428,0,17,2,411,0,0,1,106,1,161,1,267,California
Alpine,2021-02-19,34,462,1,18,33,444,0,0,2,76,32,193,2,269,California
Alpine,2021-02-22,27,489,0,18,27,471,0,0,8,65,19,212,8,277,California
Alpine,2021-02-24,1,490,1,19,0,471,0,0,1,66,0,212,1,278,California
Alpine,2021-02-25,6,496,1,20,5,476,0,0,6,72,0,212,6,284,California
Alpine,2021-02-26,29,525,1,21,28,504,0,0,28,99,1,213,28,312,California
Alpine,2021-02-27,1,526,0,21,1,505,0,0,1,100,0,213,1,313,California
Alpine,2021-03-01,35,561,0,21,35,540,0,0,25,115,10,223,25,338,California
Alpine,2021-03-02,1,562,1,22,0,540,0,0,0,114,1,224,0,338,California
Alpine,2021-03-03,30,592,1,23,29,569,0,0,18,120,12,236,18,356,California
Alpine,2021-03-04,11,603,1,24,10,579,0,0,11,131,0,236,11,367,California
Alpine,2021-03-05,30,633,0,24,30,609,0,0,22,145,8,244,22,389,California
Alpine,2021-03-08,31,664,0,24,31,640,0,0,29,172,2,246,29,418,California
Alpine,2021-03-10,72,736,0,24,72,712,0,0,72,244,0,246,72,490,California
Alpine,2021-03-11,36,772,0,24,36,748,0,0,32,272,4,250,32,522,California
Alpine,2021-03-12,19,791,0,24,19,767,0,0,17,287,2,252,17,539,California
Alpine,2021-03-15,21,812,1,25,20,787,0,0,20,306,1,253,20,559,California
Alpine,2021-03-17,23,835,0,25,22,809,1,1,19,322,4,257,20,579,California
Alpine,2021-03-18,38,873,3,28,35,844,0,1,35,354,3,260,35,614,California
Alpine,2021-03-19,2,875,1,29,1,845,0,1,1,354,1,261,1,615,California
Alpine,2021-03-22,24,899,0,29,24,869,0,1,15,360,9,270,15,630,California
Alpine,2021-03-24,19,918,0,29,19,888,0,1,9,359,10,280,9,639,California
Alpine,2021-03-25,35,953,1,30,33,921,1,2,28,381,7,287,29,668,California
Alpine,2021-03-27,1,954,0,30,1,922,0,2,0,380,1,288,0,668,California
Alpine,2021-03-28,1,955,1,31,0,922,0,2,1,381,0,288,1,669,California
Alpine,2021-03-29,20,975,0,31,19,941,1,3,3,368,17,305,4,673,California
Alpine,2021-04-01,16,991,0,31,16,957,0,3,7,366,9,314,7,680,California
Alpine,2021-04-02,100,1091,1,32,99,1056,0,3,46,359,53,367,46,726,California
Alpine,2021-04-05,4,1095,1,33,3,1059,0,3,0,355,4,371,0,726,California
Alpine,2021-04-06,3,1098,2,35,1,1060,0,3,2,356,1,372,2,728,California
Alpine,2021-04-07,115,1213,0,35,114,1174,1,4,29,301,85,457,30,758,California
Alpine,2021-04-08,38,1251,0,35,36,1210,2,6,10,285,28,485,12,770,California
Alpine,2021-04-09,1,1252,0,35,1,1211,0,6,1,286,0,485,1,771,California
Alpine,2021-04-14,47,1299,0,35,47,1258,0,6,10,259,37,522,10,781,California
Alpine,2021-04-15,35,1334,0,35,35,1293,0,6,3,230,32,554,3,784,California
Alpine,2021-04-16,1,1335,0,35,1,1294,0,6,1,231,0,554,1,785,California
Alpine,2021-04-19,1,1336,0,35,1,1295,0,6,1,232,0,554,1,786,California
Alpine,2021-04-21,31,1367,0,35,31,1326,0,6,15,231,16,570,15,801,California
Alpine,2021-04-22,24,1391,0,35,24,1350,0,6,1,209,23,593,1,802,California
Alpine,2021-04-24,1,1392,1,36,0,1350,0,6,0,208,1,594,0,802,California
Amador,2020-12-16,2,2,2,2,0,0,0,0,2,2,0,0,2,2,California
Amador,2020-12-17,5,7,5,7,0,0,0,0,5,7,0,0,5,7,California
Amador,2020-12-18,45,52,45,52,0,0,0,0,45,52,0,0,45,52,California
Amador,2020-12-19,17,69,17,69,0,0,0,0,17,69,0,0,17,69,California
Amador,2020-12-20,4,73,4,73,0,0,0,0,4,73,0,0,4,73,California
Amador,2020-12-21,32,105,32,105,0,0,0,0,32,105,0,0,32,105,California
Amador,2020-12-22,35,140,34,139,1,1,0,0,35,140,0,0,35,140,California
Amador,2020-12-23,39,179,38,177,1,2,0,0,39,179,0,0,39,179,California
Amador,2020-12-24,5,184,3,180,2,4,0,0,5,184,0,0,5,184,California
Amador,2020-12-26,5,189,4,184,1,5,0,0,5,189,0,0,5,189,California
Amador,2020-12-27,1,190,0,184,1,6,0,0,1,190,0,0,1,190,California
Amador,2020-12-28,31,221,27,211,4,10,0,0,31,221,0,0,31,221,California
Amador,2020-12-29,26,247,19,230,7,17,0,0,26,247,0,0,26,247,California
Amador,2020-12-30,124,371,78,308,46,63,0,0,124,371,0,0,124,371,California
Amador,2020-12-31,192,563,167,475,25,88,0,0,192,563,0,0,192,563,California
Amador,2021-01-01,1,564,0,475,1,89,0,0,1,564,0,0,1,564,California
Amador,2021-01-02,55,619,55,530,0,89,0,0,55,619,0,0,55,619,California
Amador,2021-01-03,65,684,17,547,48,137,0,0,65,684,0,0,65,684,California
Amador,2021-01-04,123,807,1,548,122,259,0,0,123,807,0,0,123,807,California
Amador,2021-01-05,33,840,3,551,30,289,0,0,31,837,2,2,32,839,California
Amador,2021-01-06,40,880,10,561,30,319,0,0,36,869,4,6,36,875,California
Amador,2021-01-07,227,1107,68,629,159,478,0,0,215,1072,12,18,215,1090,California
Amador,2021-01-08,84,1191,70,699,14,492,0,0,40,1069,44,62,41,1131,California
Amador,2021-01-09,11,1202,11,710,0,492,0,0,2,1062,9,71,2,1133,California
Amador,2021-01-10,7,1209,5,715,2,494,0,0,3,1061,4,75,3,1136,California
Amador,2021-01-11,125,1334,45,760,80,574,0,0,89,1114,36,111,89,1225,California
Amador,2021-01-12,64,1398,49,809,15,589,0,0,40,1130,24,135,40,1265,California
Amador,2021-01-13,38,1436,23,832,15,604,0,0,26,1144,12,147,26,1291,California
Amador,2021-01-14,147,1583,20,852,127,731,0,0,137,1271,10,157,137,1428,California
Amador,2021-01-15,55,1638,24,876,31,762,0,0,48,1312,7,164,48,1476,California
Amador,2021-01-16,19,1657,12,888,7,769,0,0,13,1320,6,170,14,1490,California
Amador,2021-01-17,25,1682,5,893,20,789,0,0,25,1345,0,170,25,1515,California
Amador,2021-01-18,31,1713,27,920,4,793,0,0,9,1332,22,192,9,1524,California
Amador,2021-01-19,119,1832,96,1016,23,816,0,0,75,1363,44,236,75,1599,California
Amador,2021-01-20,183,2015,34,1050,149,965,0,0,167,1515,15,251,167,1766,California
Amador,2021-01-21,252,2267,221,1271,31,996,0,0,144,1552,108,359,145,1911,California
Amador,2021-01-22,133,2400,72,1343,61,1057,0,0,126,1671,7,366,126,2037,California
Amador,2021-01-23,52,2452,32,1375,20,1077,0,0,50,1719,2,368,50,2087,California
Amador,2021-01-24,28,2480,12,1387,16,1093,0,0,25,1741,3,371,25,2112,California
Amador,2021-01-25,59,2539,28,1415,31,1124,0,0,42,1766,17,388,42,2154,California
Amador,2021-01-26,244,2783,16,1431,228,1352,0,0,234,1990,10,398,234,2388,California
Amador,2021-01-27,296,3079,30,1461,266,1618,0,0,249,2195,45,443,250,2638,California
Amador,2021-01-28,345,3424,76,1537,269,1887,0,0,284,2419,61,504,285,2923,California
Amador,2021-01-29,95,3519,30,1567,65,1952,0,0,80,2484,15,519,80,3003,California
Amador,2021-01-30,167,3686,33,1600,134,2086,0,0,162,2641,5,524,162,3165,California
Amador,2021-01-31,32,3718,28,1628,4,2090,0,0,31,2671,1,525,31,3196,California
Amador,2021-02-01,63,3781,23,1651,40,2130,0,0,36,2680,27,552,36,3232,California
Amador,2021-02-02,213,3994,65,1716,148,2278,0,0,127,2724,83,635,127,3359,California
Amador,2021-02-03,141,4135,38,1754,103,2381,0,0,90,2764,50,685,90,3449,California
Amador,2021-02-04,248,4383,72,1826,176,2557,0,0,163,2844,85,770,165,3614,California
Amador,2021-02-05,331,4714,63,1889,268,2825,0,0,315,3143,16,786,315,3929,California
Amador,2021-02-06,99,4813,80,1969,19,2844,0,0,95,3234,4,790,95,4024,California
Amador,2021-02-07,38,4851,35,2004,3,2847,0,0,35,3266,3,793,35,4059,California
Amador,2021-02-08,90,4941,62,2066,28,2875,0,0,73,3322,17,810,73,4132,California
Amador,2021-02-09,173,5114,83,2149,90,2965,0,0,108,3365,65,875,108,4240,California
Amador,2021-02-10,976,6090,77,2226,899,3864,0,0,943,4275,33,908,943,5183,California
Amador,2021-02-11,306,6396,118,2344,188,4052,0,0,200,4370,105,1013,200,5383,California
Amador,2021-02-12,324,6720,118,2462,206,4258,0,0,253,4552,71,1084,253,5636,California
Amador,2021-02-13,165,6885,81,2543,84,4342,0,0,139,4665,26,1110,139,5775,California
Amador,2021-02-14,123,7008,54,2597,69,4411,0,0,106,4754,17,1127,106,5881,California
Amador,2021-02-15,186,7194,60,2657,126,4537,0,0,169,4907,16,1143,169,6050,California
Amador,2021-02-16,462,7656,53,2710,409,4946,0,0,425,5296,37,1180,426,6476,California
Amador,2021-02-17,258,7914,80,2790,178,5124,0,0,163,5364,95,1275,163,6639,California
Amador,2021-02-18,398,8312,99,2889,299,5423,0,0,336,5639,62,1337,337,6976,California
Amador,2021-02-19,192,8504,76,2965,116,5539,0,0,111,5669,81,1418,111,7087,California
Amador,2021-02-20,91,8595,29,2994,62,5601,0,0,64,5706,27,1445,64,7151,California
Amador,2021-02-21,45,8640,34,3028,11,5612,0,0,15,5691,30,1475,15,7166,California
Amador,2021-02-22,63,8703,24,3052,39,5651,0,0,32,5693,30,1505,32,7198,California
Amador,2021-02-23,318,9021,55,3107,263,5914,0,0,138,5652,180,1685,139,7337,California
Amador,2021-02-24,392,9413,56,3163,336,6250,0,0,262,5788,126,1811,262,7599,California
Amador,2021-02-25,517,9930,113,3276,404,6654,0,0,278,5828,238,2049,278,7877,California
Amador,2021-02-26,608,10538,75,3351,533,7187,0,0,503,6227,105,2154,504,8381,California
Amador,2021-02-27,288,10826,91,3442,197,7384,0,0,100,6142,187,2341,102,8483,California
Amador,2021-02-28,101,10927,52,3494,49,7433,0,0,55,6154,46,2387,58,8541,California
Amador,2021-03-01,188,11115,66,3560,122,7555,0,0,119,6205,69,2456,120,8661,California
Amador,2021-03-02,379,11494,62,3622,317,7872,0,0,329,6485,50,2506,330,8991,California
Amador,2021-03-03,240,11734,78,3700,162,8034,0,0,165,6577,74,2580,166,9157,California
Amador,2021-03-04,494,12228,116,3816,378,8412,0,0,392,6867,102,2682,392,9549,California
Amador,2021-03-05,512,12740,77,3893,435,8847,0,0,294,6946,217,2899,296,9845,California
Amador,2021-03-06,99,12839,45,3938,53,8900,1,1,54,6956,45,2944,55,9900,California
Amador,2021-03-07,63,12902,42,3980,21,8921,0,1,20,6933,43,2987,20,9920,California
Amador,2021-03-08,152,13054,71,4051,80,9001,1,2,91,6964,61,3048,92,10012,California
Amador,2021-03-09,367,13421,47,4098,320,9321,0,2,291,7182,73,3121,291,10303,California
Amador,2021-03-10,506,13927,73,4171,431,9752,2,4,109,6897,397,3518,112,10415,California
Amador,2021-03-11,468,14395,113,4284,344,10096,11,15,297,7038,170,3688,311,10726,California
Amador,2021-03-12,567,14962,65,4349,494,10590,8,23,337,7159,229,3917,350,11076,California
Amador,2021-03-13,114,15076,18,4367,89,10679,7,30,75,7206,39,3956,86,11162,California
Amador,2021-03-14,89,15165,19,4386,67,10746,3,33,21,7162,68,4024,24,11186,California
Amador,2021-03-15,177,15342,25,4411,145,10891,7,40,53,7100,124,4148,62,11248,California
Amador,2021-03-16,448,15790,55,4466,383,11274,10,50,137,6938,309,4457,147,11395,California
Amador,2021-03-17,191,15981,41,4507,147,11421,3,53,115,6981,76,4533,119,11514,California
Amador,2021-03-18,472,16453,97,4604,371,11792,4,57,247,7011,225,4758,255,11769,California
Amador,2021-03-19,540,16993,56,4660,467,12259,17,74,391,7275,147,4905,411,12180,California
Amador,2021-03-20,110,17103,46,4706,63,12322,1,75,47,7263,62,4967,50,12230,California
Amador,2021-03-21,48,17151,36,4742,11,12333,1,76,31,7281,16,4983,34,12264,California
Amador,2021-03-22,114,17265,33,4775,52,12385,29,105,50,7296,64,5047,79,12343,California
Amador,2021-03-23,432,17697,48,4823,376,12761,8,113,276,7425,155,5202,284,12627,California
Amador,2021-03-24,341,18038,35,4858,55,12816,251,364,36,7408,304,5506,287,12914,California
Amador,2021-03-25,598,18636,81,4939,511,13327,6,370,388,7593,209,5715,394,13308,California
Amador,2021-03-26,738,19374,43,4982,689,14016,6,376,282,7431,453,6168,291,13599,California
Amador,2021-03-27,91,19465,14,4996,75,14091,2,378,27,7398,64,6232,31,13630,California
Amador,2021-03-28,68,19533,15,5011,51,14142,2,380,14,7362,53,6285,17,13647,California
Amador,2021-03-29,179,19712,26,5037,152,14294,1,381,81,7353,96,6381,87,13734,California
Amador,2021-03-30,532,20244,28,5065,503,14797,1,382,298,7419,233,6614,299,14033,California
Amador,2021-03-31,202,20446,57,5122,140,14937,5,387,47,7316,155,6769,52,14085,California
Amador,2021-04-01,613,21059,85,5207,528,15465,0,387,266,7239,345,7114,268,14353,California
Amador,2021-04-02,603,21662,34,5241,557,16022,12,399,383,7417,218,7332,396,14749,California
Amador,2021-04-03,83,21745,20,5261,43,16065,20,419,20,7395,63,7395,41,14790,California
Amador,2021-04-04,39,21784,4,5265,29,16094,6,425,16,7394,23,7418,22,14812,California
Amador,2021-04-05,140,21924,48,5313,74,16168,18,443,45,7364,94,7512,64,14876,California
Amador,2021-04-06,501,22425,37,5350,445,16613,19,462,223,7330,276,7788,242,15118,California
Amador,2021-04-07,100,22525,34,5384,47,16660,19,481,44,7339,54,7842,63,15181,California
Amador,2021-04-08,497,23022,84,5468,391,17051,22,503,223,7311,273,8115,245,15426,California
Amador,2021-04-09,482,23504,21,5489,442,17493,19,522,214,7275,267,8382,231,15657,California
Amador,2021-04-10,51,23555,14,5503,26,17519,11,533,22,7279,29,8411,33,15690,California
Amador,2021-04-11,48,23603,23,5526,21,17540,4,537,22,7279,26,8437,26,15716,California
Amador,2021-04-12,98,23701,27,5553,62,17602,9,546,43,7276,55,8492,52,15768,California
Amador,2021-04-13,343,24044,49,5602,294,17896,0,546,68,7070,274,8766,68,15836,California
Amador,2021-04-14,276,24320,25,5627,251,18147,0,546,177,7149,98,8864,177,16013,California
Amador,2021-04-15,329,24649,74,5701,255,18402,0,546,73,6972,250,9114,73,16086,California
Amador,2021-04-16,483,25132,29,5730,454,18856,0,546,384,7259,97,9211,384,16470,California
Amador,2021-04-17,63,25195,37,5767,26,18882,0,546,27,7250,36,9247,27,16497,California
Amador,2021-04-18,25,25220,5,5772,20,18902,0,546,11,7247,14,9261,11,16508,California
Amador,2021-04-19,69,25289,27,5799,42,18944,0,546,31,7243,37,9298,33,16541,California
Amador,2021-04-20,434,25723,53,5852,381,19325,0,546,111,7039,317,9615,113,16654,California
Amador,2021-04-21,86,25809,33,5885,53,19378,0,546,43,7040,42,9657,43,16697,California
Amador,2021-04-22,149,25958,69,5954,79,19457,1,547,65,7026,80,9737,66,16763,California
Amador,2021-04-23,331,26289,21,5975,310,19767,0,547,261,7220,69,9806,263,17026,California
Amador,2021-04-24,27,26316,13,5988,14,19781,0,547,15,7223,12,9818,15,17041,California
Amador,2021-04-25,12,26328,5,5993,7,19788,0,547,4,7219,8,9826,4,17045,California
Butte,2020-12-16,3,3,3,3,0,0,0,0,3,3,0,0,3,3,California
Butte,2020-12-17,21,24,21,24,0,0,0,0,21,24,0,0,21,24,California
Butte,2020-12-18,50,74,50,74,0,0,0,0,50,74,0,0,50,74,California
Butte,2020-12-19,7,81,7,81,0,0,0,0,7,81,0,0,7,81,California
Butte,2020-12-20,10,91,10,91,0,0,0,0,10,91,0,0,10,91,California
Butte,2020-12-21,634,725,634,725,0,0,0,0,634,725,0,0,634,725,California
Butte,2020-12-22,618,1343,616,1341,2,2,0,0,618,1343,0,0,618,1343,California
Butte,2020-12-23,869,2212,853,2194,16,18,0,0,869,2212,0,0,869,2212,California
Butte,2020-12-24,159,2371,156,2350,3,21,0,0,159,2371,0,0,159,2371,California
Butte,2020-12-26,93,2464,91,2441,2,23,0,0,93,2464,0,0,93,2464,California
Butte,2020-12-27,35,2499,34,2475,1,24,0,0,35,2499,0,0,35,2499,California
Butte,2020-12-28,279,2778,273,2748,6,30,0,0,279,2778,0,0,279,2778,California
Butte,2020-12-29,204,2982,180,2928,24,54,0,0,204,2982,0,0,204,2982,California
Butte,2020-12-30,502,3484,291,3219,211,265,0,0,502,3484,0,0,502,3484,California
Butte,2020-12-31,211,3695,18,3237,193,458,0,0,211,3695,0,0,211,3695,California
Butte,2021-01-01,8,3703,1,3238,7,465,0,0,8,3703,0,0,8,3703,California
Butte,2021-01-02,41,3744,38,3276,3,468,0,0,41,3744,0,0,41,3744,California
Butte,2021-01-03,4,3748,1,3277,3,471,0,0,4,3748,0,0,4,3748,California
Butte,2021-01-04,209,3957,175,3452,34,505,0,0,209,3957,0,0,209,3957,California
Butte,2021-01-05,196,4153,151,3603,45,550,0,0,195,4151,1,1,195,4152,California
Butte,2021-01-06,623,4776,397,4000,226,776,0,0,618,4765,5,6,619,4771,California
Butte,2021-01-07,763,5539,371,4371,392,1168,0,0,743,5488,20,26,743,5514,California
Butte,2021-01-08,572,6111,529,4900,43,1211,0,0,526,5968,46,72,526,6040,California
Butte,2021-01-09,12,6123,7,4907,5,1216,0,0,7,5970,5,77,7,6047,California
Butte,2021-01-10,19,6142,5,4912,14,1230,0,0,14,5979,5,82,14,6061,California
Butte,2021-01-11,986,7128,950,5862,36,1266,0,0,357,5710,629,711,360,6421,California
Butte,2021-01-12,697,7825,652,6514,45,1311,0,0,274,5561,423,1134,274,6695,California
Butte,2021-01-13,1448,9273,954,7468,494,1805,0,0,614,5343,834,1968,616,7311,California
Butte,2021-01-14,1637,10910,896,8364,741,2546,0,0,1440,6587,196,2164,1440,8751,California
Butte,2021-01-15,1170,12080,926,9290,244,2790,0,0,1061,7538,110,2274,1061,9812,California
Butte,2021-01-16,586,12666,300,9590,286,3076,0,0,541,8034,45,2319,541,10353,California
Butte,2021-01-17,239,12905,64,9654,175,3251,0,0,202,8199,37,2356,202,10555,California
Butte,2021-01-18,342,13247,302,9956,40,3291,0,0,274,8406,67,2423,274,10829,California
Butte,2021-01-19,493,13740,429,10385,64,3355,0,0,220,8353,273,2696,220,11049,California
Butte,2021-01-20,1346,15086,665,11050,681,4036,0,0,1043,9093,303,2999,1043,12092,California
Butte,2021-01-21,1474,16560,866,11916,608,4644,0,0,1366,10352,107,3106,1366,13458,California
Butte,2021-01-22,995,17555,336,12252,659,5303,0,0,942,11241,53,3159,942,14400,California
Butte,2021-01-23,125,17680,83,12335,42,5345,0,0,99,11314,26,3185,99,14499,California
Butte,2021-01-24,9,17689,7,12342,2,5347,0,0,9,11323,0,3185,9,14508,California
Butte,2021-01-25,654,18343,336,12678,318,5665,0,0,491,11651,163,3348,491,14999,California
Butte,2021-01-26,1467,19810,377,13055,1090,6755,0,0,1330,12844,137,3485,1330,16329,California
Butte,2021-01-27,2083,21893,708,13763,1375,8130,0,0,1364,13490,718,4203,1364,17693,California
Butte,2021-01-28,2262,24155,261,14024,2001,10131,0,0,1951,15131,310,4513,1951,19644,California
Butte,2021-01-29,1677,25832,488,14512,1189,11320,0,0,1298,16051,378,4891,1298,20942,California
Butte,2021-01-30,32,25864,9,14521,23,11343,0,0,29,16077,3,4894,29,20971,California
Butte,2021-01-31,17,25881,15,14536,2,11345,0,0,16,16092,1,4895,16,20987,California
Butte,2021-02-01,1748,27629,406,14942,1342,12687,0,0,1359,17064,387,5282,1359,22346,California
Butte,2021-02-02,1931,29560,362,15304,1569,14256,0,0,1628,18388,304,5586,1628,23974,California
Butte,2021-02-03,2733,32293,772,16076,1961,16217,0,0,1843,19343,888,6474,1843,25817,California
Butte,2021-02-04,2960,35253,327,16403,2633,18850,0,0,2405,21195,553,7027,2405,28222,California
Butte,2021-02-05,1168,36421,662,17065,506,19356,0,0,537,21102,631,7658,538,28760,California
Butte,2021-02-06,143,36564,102,17167,41,19397,0,0,61,21081,82,7740,61,28821,California
Butte,2021-02-07,37,36601,33,17200,4,19401,0,0,13,21070,24,7764,13,28834,California
Butte,2021-02-08,689,37290,540,17740,149,19550,0,0,238,20857,451,8215,238,29072,California
Butte,2021-02-09,951,38241,457,18197,494,20044,0,0,724,21354,227,8442,724,29796,California
Butte,2021-02-10,1708,39949,1191,19388,517,20561,0,0,699,21046,1007,9449,699,30495,California
Butte,2021-02-11,2198,42147,1348,20736,850,21411,0,0,1004,20856,1194,10643,1004,31499,California
Butte,2021-02-12,867,43014,302,21038,565,21976,0,0,317,20624,549,11192,317,31816,California
Butte,2021-02-13,254,43268,45,21083,209,22185,0,0,151,20672,103,11295,151,31967,California
Butte,2021-02-14,160,43428,9,21092,151,22336,0,0,155,20822,5,11300,155,32122,California
Butte,2021-02-15,261,43689,48,21140,213,22549,0,0,198,20957,63,11363,198,32320,California
Butte,2021-02-16,729,44418,428,21568,301,22850,0,0,273,20773,457,11820,273,32593,California
Butte,2021-02-17,1513,45931,847,22415,666,23516,0,0,841,20944,670,12490,841,33434,California
Butte,2021-02-18,1551,47482,759,23174,792,24308,0,0,745,20883,806,13296,745,34179,California
Butte,2021-02-19,1166,48648,387,23561,779,25087,0,0,401,20526,758,14054,401,34580,California
Butte,2021-02-20,473,49121,28,23589,445,25532,0,0,120,20294,352,14406,120,34700,California
Butte,2021-02-21,16,49137,14,23603,2,25534,0,0,11,20300,5,14411,11,34711,California
Butte,2021-02-22,1492,50629,295,23898,1197,26731,0,0,381,19571,1110,15521,381,35092,California
Butte,2021-02-23,1633,52262,298,24196,1335,28066,0,0,463,18869,1165,16686,463,35555,California
Butte,2021-02-24,2132,54394,596,24792,1536,29602,0,0,729,18203,1395,18081,729,36284,California
Butte,2021-02-25,2073,56467,574,25366,1499,31101,0,0,652,17440,1416,19497,653,36937,California
Butte,2021-02-26,921,57388,311,25677,610,31711,0,0,398,17318,520,20017,398,37335,California
Butte,2021-02-27,233,57621,47,25724,186,31897,0,0,186,17459,45,20062,186,37521,California
Butte,2021-02-28,139,57760,16,25740,123,32020,0,0,131,17582,8,20070,131,37652,California
Butte,2021-03-01,1623,59383,178,25918,1444,33464,1,1,327,16615,1295,21365,328,37980,California
Butte,2021-03-02,1737,61120,192,26110,1545,35009,0,1,305,15492,1428,22793,305,38285,California
Butte,2021-03-03,2779,63899,844,26954,1935,36944,0,1,481,13676,2297,25090,481,38766,California
Butte,2021-03-04,3134,67033,671,27625,2463,39407,0,1,617,11777,2516,27606,617,39383,California
Butte,2021-03-05,1329,68362,604,28229,724,40131,1,2,723,11898,603,28209,724,40107,California
Butte,2021-03-06,246,68608,27,28256,196,40327,23,25,185,12046,60,28269,208,40315,California
Butte,2021-03-07,55,68663,3,28259,35,40362,17,42,30,12068,25,28294,47,40362,California
Butte,2021-03-08,1262,69925,128,28387,1057,41419,77,119,1098,13081,162,28456,1175,41537,California
Butte,2021-03-09,1896,71821,276,28663,1517,42936,103,222,1411,14111,484,28940,1514,43051,California
Butte,2021-03-10,2321,74142,966,29629,1255,44191,100,322,1582,15058,734,29674,1681,44732,California
Butte,2021-03-11,2800,76942,1313,30942,1362,45553,125,447,1977,16347,813,30487,2102,46834,California
Butte,2021-03-12,1139,78081,327,31269,466,46019,346,793,354,16268,779,31266,700,47534,California
Butte,2021-03-13,252,78333,68,31337,136,46155,48,841,64,16192,188,31454,112,47646,California
Butte,2021-03-14,160,78493,15,31352,103,46258,42,883,21,16117,138,31592,63,47709,California
Butte,2021-03-15,1719,80212,360,31712,1066,47324,293,1176,1126,16948,588,32180,1419,49128,California
Butte,2021-03-16,1623,81835,414,32126,1131,48455,78,1254,1083,17571,537,32717,1160,50288,California
Butte,2021-03-17,1950,83785,1357,33483,512,48967,81,1335,1131,17971,811,33528,1211,51499,California
Butte,2021-03-18,1797,85582,1455,34938,213,49180,129,1464,1058,18423,734,34262,1186,52685,California
Butte,2021-03-19,697,86279,313,35251,300,49480,84,1548,345,18507,345,34607,429,53114,California
Butte,2021-03-20,205,86484,32,35283,157,49637,16,1564,93,18504,112,34719,109,53223,California
Butte,2021-03-21,57,86541,26,35309,2,49639,29,1593,15,18506,42,34761,44,53267,California
Butte,2021-03-22,1461,88002,353,35662,1014,50653,94,1687,1197,19535,262,35023,1291,54558,California
Butte,2021-03-23,1795,89797,487,36149,1194,51847,114,1801,1451,20757,343,35366,1565,56123,California
Butte,2021-03-24,2246,92043,1263,37412,857,52704,126,1927,1700,22040,542,35908,1825,57948,California
Butte,2021-03-25,1481,93524,1199,38611,192,52896,90,2017,1019,22690,459,36367,1109,59057,California
Butte,2021-03-26,1207,94731,440,39051,521,53417,246,2263,567,22871,632,36999,813,59870,California
Butte,2021-03-27,300,95031,83,39134,193,53610,24,2287,132,22861,165,37164,155,60025,California
Butte,2021-03-28,224,95255,42,39176,174,53784,8,2295,100,22847,121,37285,107,60132,California
Butte,2021-03-29,1720,96975,381,39557,1269,55053,70,2365,1309,23818,408,37693,1379,61511,California
Butte,2021-03-30,1032,98007,466,40023,476,55529,90,2455,492,23866,534,38227,582,62093,California
Butte,2021-03-31,1776,99783,1304,41327,405,55934,67,2522,1086,24335,684,38911,1153,63246,California
Butte,2021-04-01,3282,103065,2665,43992,490,56424,127,2649,2214,25614,1063,39974,2342,65588,California
Butte,2021-04-02,993,104058,414,44406,460,56884,119,2768,561,25869,424,40398,679,66267,California
Butte,2021-04-03,345,104403,47,44453,223,57107,75,2843,166,25931,179,40577,241,66508,California
Butte,2021-04-04,185,104588,22,44475,140,57247,23,2866,107,25985,76,40653,130,66638,California
Butte,2021-04-05,1958,106546,419,44894,1369,58616,170,3036,601,25405,1350,42003,770,67408,California
Butte,2021-04-06,2183,108729,617,45511,1146,59762,420,3456,785,25216,1392,43395,1203,68611,California
Butte,2021-04-07,2998,111727,1310,46821,1295,61057,393,3849,687,23990,2306,45701,1080,69691,California
Butte,2021-04-08,2715,114442,1185,48006,1264,62321,266,4115,437,22418,2275,47976,703,70394,California
Butte,2021-04-09,1365,115807,346,48352,540,62861,479,4594,327,22188,1035,49011,805,71199,California
Butte,2021-04-10,217,116024,46,48398,74,62935,97,4691,95,22258,121,49132,191,71390,California
Butte,2021-04-11,101,116125,44,48442,47,62982,10,4701,81,22331,18,49150,91,71481,California
Butte,2021-04-12,1406,117531,316,48758,956,63938,134,4835,252,21563,1154,50304,386,71867,California
Butte,2021-04-13,1636,119167,571,49329,1059,64997,6,4841,351,20643,1278,51582,358,72225,California
Butte,2021-04-14,2828,121995,2337,51666,491,65488,0,4841,1315,20451,1508,53090,1316,73541,California
Butte,2021-04-15,610,122605,373,52039,237,65725,0,4841,462,20767,146,53236,462,74003,California
Butte,2021-04-16,806,123411,413,52452,393,66118,0,4841,474,20914,329,53565,476,74479,California
Butte,2021-04-17,336,123747,61,52513,275,66393,0,4841,235,21049,100,53665,235,74714,California
Butte,2021-04-18,38,123785,8,52521,30,66423,0,4841,34,21079,4,53669,34,74748,California
Butte,2021-04-19,1557,125342,381,52902,1176,67599,0,4841,448,20421,1106,54775,448,75196,California
Butte,2021-04-20,1971,127313,726,53628,1245,68844,0,4841,790,20035,1176,55951,790,75986,California
Butte,2021-04-21,2051,129364,1168,54796,883,69727,0,4841,485,18960,1560,57511,485,76471,California
Butte,2021-04-22,2152,131516,1881,56677,271,69998,0,4841,588,17987,1561,59072,588,77059,California
Butte,2021-04-23,924,132440,439,57116,485,70483,0,4841,480,18025,442,59514,480,77539,California
Butte,2021-04-24,246,132686,84,57200,162,70645,0,4841,129,18037,117,59631,129,77668,California
Butte,2021-04-25,20,132706,4,57204,16,70661,0,4841,11,18039,9,59640,11,77679,California
Calaveras,2020-12-16,5,5,5,5,0,0,0,0,5,5,0,0,5,5,California
Calaveras,2020-12-17,3,8,3,8,0,0,0,0,3,8,0,0,3,8,California
Calaveras,2020-12-18,38,46,38,46,0,0,0,0,38,46,0,0,38,46,California
Calaveras,2020-12-19,3,49,3,49,0,0,0,0,3,49,0,0,3,49,California
Calaveras,2020-12-20,3,52,3,52,0,0,0,0,3,52,0,0,3,52,California
Calaveras,2020-12-21,55,107,48,100,7,7,0,0,55,107,0,0,55,107,California
Calaveras,2020-12-22,80,187,76,176,4,11,0,0,81,188,0,0,81,188,California
Calaveras,2020-12-23,76,263,74,250,2,13,0,0,76,264,0,0,76,264,California
Calaveras,2020-12-24,2,265,2,252,0,13,0,0,2,266,0,0,2,266,California
Calaveras,2020-12-26,3,268,3,255,0,13,0,0,3,269,0,0,3,269,California
Calaveras,2020-12-28,22,290,18,273,4,17,0,0,21,289,1,1,21,290,California
Calaveras,2020-12-29,168,458,148,421,20,37,0,0,168,457,0,1,168,458,California
Calaveras,2020-12-30,94,552,82,503,12,49,0,0,94,551,0,1,94,552,California
Calaveras,2020-12-31,35,587,25,528,10,59,0,0,35,586,0,1,35,587,California
Calaveras,2021-01-02,11,598,11,539,0,59,0,0,11,597,0,1,11,598,California
Calaveras,2021-01-03,9,607,4,543,5,64,0,0,9,606,0,1,9,607,California
Calaveras,2021-01-04,33,640,5,548,28,92,0,0,33,639,0,1,33,640,California
Calaveras,2021-01-05,41,681,10,558,31,123,0,0,33,669,8,9,38,678,California
Calaveras,2021-01-06,107,788,29,587,78,201,0,0,97,756,10,19,97,775,California
Calaveras,2021-01-07,104,892,25,612,79,280,0,0,92,838,11,30,93,868,California
Calaveras,2021-01-08,68,960,38,650,30,310,0,0,45,861,23,53,46,914,California
Calaveras,2021-01-09,5,965,5,655,0,310,0,0,2,860,3,56,2,916,California
Calaveras,2021-01-10,2,967,0,655,2,312,0,0,2,862,0,56,2,918,California
Calaveras,2021-01-11,64,1031,58,713,6,318,0,0,27,854,36,92,28,946,California
Calaveras,2021-01-12,85,1116,52,765,33,351,0,0,52,874,33,125,53,999,California
Calaveras,2021-01-13,107,1223,43,808,64,415,0,0,74,916,33,158,75,1074,California
Calaveras,2021-01-14,135,1358,40,848,95,510,0,0,102,987,32,190,103,1177,California
Calaveras,2021-01-15,90,1448,28,876,62,572,0,0,71,1039,19,209,71,1248,California
Calaveras,2021-01-16,13,1461,2,878,11,583,0,0,12,1050,1,210,12,1260,California
Calaveras,2021-01-17,10,1471,1,879,9,592,0,0,10,1060,0,210,10,1270,California
Calaveras,2021-01-18,131,1602,19,898,112,704,0,0,118,1168,13,223,121,1391,California
Calaveras,2021-01-19,204,1806,174,1072,30,734,0,0,62,1090,141,364,63,1454,California
Calaveras,2021-01-20,375,2181,81,1153,294,1028,0,0,291,1306,83,447,299,1753,California
Calaveras,2021-01-21,461,2642,40,1193,421,1449,0,0,434,1719,27,474,440,2193,California
Calaveras,2021-01-22,400,3042,23,1216,377,1826,0,0,390,2106,10,484,397,2590,California
Calaveras,2021-01-23,22,3064,10,1226,12,1838,0,0,18,2120,4,488,18,2608,California
Calaveras,2021-01-24,13,3077,8,1234,5,1843,0,0,11,2129,2,490,11,2619,California
Calaveras,2021-01-25,84,3161,8,1242,76,1919,0,0,79,2203,5,495,79,2698,California
Calaveras,2021-01-26,47,3208,16,1258,31,1950,0,0,38,2232,9,504,38,2736,California
Calaveras,2021-01-27,133,3341,43,1301,90,2040,0,0,106,2312,26,530,106,2842,California
Calaveras,2021-01-28,163,3504,22,1323,141,2181,0,0,140,2432,23,553,143,2985,California
Calaveras,2021-01-29,386,3890,13,1336,373,2554,0,0,362,2778,24,577,370,3355,California
Calaveras,2021-01-30,27,3917,10,1346,17,2571,0,0,25,2803,0,577,25,3380,California
Calaveras,2021-01-31,5,3922,3,1349,2,2573,0,0,4,2806,1,578,4,3384,California
Calaveras,2021-02-01,24,3946,11,1360,13,2586,0,0,18,2818,6,584,18,3402,California
Calaveras,2021-02-02,108,4054,22,1382,86,2672,0,0,70,2855,34,618,71,3473,California
Calaveras,2021-02-03,430,4484,43,1425,387,3059,0,0,347,3121,82,700,348,3821,California
Calaveras,2021-02-04,377,4861,24,1449,353,3412,0,0,295,3334,82,782,295,4116,California
Calaveras,2021-02-05,79,4940,23,1472,56,3468,0,0,41,3338,38,820,42,4158,California
Calaveras,2021-02-06,22,4962,13,1485,9,3477,0,0,22,3360,0,820,22,4180,California
Calaveras,2021-02-07,4,4966,1,1486,3,3480,0,0,2,3360,2,822,2,4182,California
Calaveras,2021-02-08,38,5004,17,1503,21,3501,0,0,30,3384,6,828,30,4212,California
Calaveras,2021-02-09,189,5193,74,1577,115,3616,0,0,128,3457,55,883,128,4340,California
Calaveras,2021-02-10,508,5701,27,1604,481,4097,0,0,443,3836,65,948,444,4784,California
Calaveras,2021-02-11,579,6280,78,1682,501,4598,0,0,473,4207,103,1051,474,5258,California
Calaveras,2021-02-12,569,6849,325,2007,244,4842,0,0,494,4629,73,1124,495,5753,California
Calaveras,2021-02-13,193,7042,37,2044,156,4998,0,0,178,4792,15,1139,178,5931,California
Calaveras,2021-02-14,221,7263,71,2115,150,5148,0,0,206,4983,15,1154,206,6137,California
Calaveras,2021-02-15,381,7644,22,2137,359,5507,0,0,261,5127,117,1271,261,6398,California
Calaveras,2021-02-16,268,7912,143,2280,125,5632,0,0,232,5323,36,1307,232,6630,California
Calaveras,2021-02-17,509,8421,37,2317,472,6104,0,0,211,5244,291,1598,212,6842,California
Calaveras,2021-02-18,498,8919,91,2408,407,6511,0,0,99,4954,389,1987,99,6941,California
Calaveras,2021-02-19,436,9355,43,2451,393,6904,0,0,97,4722,329,2316,97,7038,California
Calaveras,2021-02-20,59,9414,15,2466,44,6948,0,0,48,4759,11,2327,48,7086,California
Calaveras,2021-02-21,22,9436,13,2479,9,6957,0,0,19,4775,3,2330,19,7105,California
Calaveras,2021-02-22,61,9497,38,2517,23,6980,0,0,33,4780,28,2358,33,7138,California
Calaveras,2021-02-23,121,9618,39,2556,82,7062,0,0,87,4834,34,2392,88,7226,California
Calaveras,2021-02-24,97,9715,48,2604,49,7111,0,0,66,4870,30,2422,66,7292,California
Calaveras,2021-02-25,549,10264,98,2702,451,7562,0,0,360,5044,186,2608,360,7652,California
Calaveras,2021-02-26,706,10970,47,2749,659,8221,0,0,370,5095,321,2929,372,8024,California
Calaveras,2021-02-27,202,11172,21,2770,181,8402,0,0,179,5251,23,2952,179,8203,California
Calaveras,2021-02-28,96,11268,15,2785,81,8483,0,0,92,5339,4,2956,92,8295,California
Calaveras,2021-03-01,226,11494,40,2825,186,8669,0,0,146,5407,79,3035,147,8442,California
Calaveras,2021-03-02,241,11735,91,2916,150,8819,0,0,201,5570,39,3074,202,8644,California
Calaveras,2021-03-03,509,12244,102,3018,407,9226,0,0,214,5492,292,3366,214,8858,California
Calaveras,2021-03-04,736,12980,61,3079,674,9900,1,1,349,5461,382,3748,351,9209,California
Calaveras,2021-03-05,456,13436,271,3350,181,10081,4,5,141,5294,312,4060,145,9354,California
Calaveras,2021-03-06,155,13591,43,3393,106,10187,6,11,121,5387,34,4094,127,9481,California
Calaveras,2021-03-07,76,13667,32,3425,36,10223,8,19,34,5387,42,4136,42,9523,California
Calaveras,2021-03-08,160,13827,25,3450,127,10350,8,27,126,5488,33,4169,134,9657,California
Calaveras,2021-03-09,360,14187,137,3587,217,10567,6,33,33,5203,324,4493,39,9696,California
Calaveras,2021-03-10,414,14601,25,3612,386,10953,3,36,57,4908,355,4848,60,9756,California
Calaveras,2021-03-11,840,15441,414,4026,413,11366,13,49,425,4933,413,5261,438,10194,California
Calaveras,2021-03-12,399,15840,210,4236,178,11544,11,60,326,5202,73,5334,342,10536,California
Calaveras,2021-03-13,177,16017,16,4252,153,11697,8,68,144,5324,32,5366,154,10690,California
Calaveras,2021-03-14,155,16172,10,4262,144,11841,1,69,17,5211,138,5504,25,10715,California
Calaveras,2021-03-15,330,16502,47,4309,257,12098,26,95,52,5016,277,5781,82,10797,California
Calaveras,2021-03-16,682,17184,547,4856,115,12213,20,115,542,5439,139,5920,562,11359,California
Calaveras,2021-03-17,278,17462,52,4908,213,12426,13,128,51,5279,225,6145,65,11424,California
Calaveras,2021-03-18,665,18127,569,5477,81,12507,15,143,550,5731,115,6260,567,11991,California
Calaveras,2021-03-19,229,18356,49,5526,107,12614,73,216,55,5688,170,6430,127,12118,California
Calaveras,2021-03-20,80,18436,20,5546,59,12673,1,217,24,5658,56,6486,26,12144,California
Calaveras,2021-03-21,48,18484,31,5577,6,12679,11,228,13,5647,35,6521,24,12168,California
Calaveras,2021-03-22,79,18563,36,5613,22,12701,21,249,25,5639,54,6575,46,12214,California
Calaveras,2021-03-23,292,18855,204,5817,78,12779,10,259,114,5591,172,6747,124,12338,California
Calaveras,2021-03-24,131,18986,49,5866,72,12851,10,269,42,5554,89,6836,52,12390,California
Calaveras,2021-03-25,736,19722,101,5967,632,13483,3,272,444,5712,289,7125,447,12837,California
Calaveras,2021-03-26,425,20147,26,5993,393,13876,6,278,87,5472,335,7460,95,12932,California
Calaveras,2021-03-27,211,20358,18,6011,189,14065,4,282,37,5345,171,7631,44,12976,California
Calaveras,2021-03-28,112,20470,12,6023,98,14163,2,284,8,5253,103,7734,11,12987,California
Calaveras,2021-03-29,175,20645,21,6044,152,14315,2,286,57,5197,117,7851,61,13048,California
Calaveras,2021-03-30,517,21162,21,6065,481,14796,15,301,345,5386,172,8023,361,13409,California
Calaveras,2021-03-31,322,21484,141,6206,171,14967,10,311,154,5383,168,8191,165,13574,California
Calaveras,2021-04-01,677,22161,437,6643,239,15206,1,312,181,5073,495,8686,185,13759,California
Calaveras,2021-04-02,387,22548,226,6869,153,15359,8,320,112,4921,273,8959,121,13880,California
Calaveras,2021-04-03,141,22689,30,6899,107,15466,4,324,39,4862,102,9061,43,13923,California
Calaveras,2021-04-04,79,22768,26,6925,53,15519,0,324,51,4885,28,9089,51,13974,California
Calaveras,2021-04-05,205,22973,76,7001,120,15639,9,333,95,4880,110,9199,105,14079,California
Calaveras,2021-04-06,644,23617,570,7571,60,15699,14,347,106,4465,535,9734,120,14199,California
Calaveras,2021-04-07,749,24366,650,8221,63,15762,36,383,612,4977,137,9871,649,14848,California
Calaveras,2021-04-08,939,25305,851,9072,68,15830,20,403,434,4929,504,10375,456,15304,California
Calaveras,2021-04-09,149,25454,57,9129,45,15875,47,450,55,4938,94,10469,103,15407,California
Calaveras,2021-04-10,188,25642,42,9171,127,16002,19,469,146,5062,42,10511,166,15573,California
Calaveras,2021-04-11,67,25709,43,9214,22,16024,2,471,46,5089,21,10532,48,15621,California
Calaveras,2021-04-12,101,25810,49,9263,38,16062,14,485,57,5117,44,10576,72,15693,California
Calaveras,2021-04-13,419,26229,363,9626,56,16118,0,485,362,5426,55,10631,364,16057,California
Calaveras,2021-04-14,177,26406,27,9653,150,16268,0,485,133,5516,44,10675,134,16191,California
Calaveras,2021-04-15,334,26740,284,9937,50,16318,0,485,249,5683,82,10757,249,16440,California
Calaveras,2021-04-16,94,26834,21,9958,73,16391,0,485,45,5683,45,10802,45,16485,California
Calaveras,2021-04-17,323,27157,123,10081,200,16591,0,485,282,5924,41,10843,282,16767,California
Calaveras,2021-04-18,19,27176,6,10087,13,16604,0,485,12,5929,7,10850,12,16779,California
Calaveras,2021-04-19,67,27243,24,10111,43,16647,0,485,41,5946,25,10875,42,16821,California
Calaveras,2021-04-20,252,27495,87,10198,165,16812,0,485,188,6072,62,10937,188,17009,California
Calaveras,2021-04-21,204,27699,142,10340,62,16874,0,485,79,6029,123,11060,80,17089,California
Calaveras,2021-04-22,532,28231,91,10431,441,17315,0,485,140,5781,391,11451,143,17232,California
Calaveras,2021-04-23,142,28373,69,10500,73,17388,0,485,53,5747,87,11538,53,17285,California
Calaveras,2021-04-24,149,28522,27,10527,122,17510,0,485,115,5829,33,11571,115,17400,California
Calaveras,2021-04-25,2,28524,1,10528,1,17511,0,485,1,5830,1,11572,2,17402,California
Colusa,2020-12-18,1,1,1,1,0,0,0,0,1,1,0,0,1,1,California
Colusa,2020-12-21,2,3,2,3,0,0,0,0,2,3,0,0,2,3,California
Colusa,2020-12-22,10,13,10,13,0,0,0,0,10,13,0,0,10,13,California
Colusa,2020-12-23,10,23,10,23,0,0,0,0,10,23,0,0,10,23,California
Colusa,2020-12-24,2,25,1,24,1,1,0,0,2,25,0,0,2,25,California
Colusa,2020-12-27,1,26,1,25,0,1,0,0,1,26,0,0,1,26,California
Colusa,2020-12-28,7,33,3,28,4,5,0,0,7,33,0,0,7,33,California
Colusa,2020-12-29,11,44,8,36,3,8,0,0,11,44,0,0,11,44,California
Colusa,2020-12-30,50,94,13,49,37,45,0,0,50,94,0,0,50,94,California
Colusa,2020-12-31,18,112,1,50,17,62,0,0,18,112,0,0,18,112,California
Colusa,2021-01-04,4,116,0,50,4,66,0,0,4,116,0,0,4,116,California
Colusa,2021-01-05,67,183,1,51,66,132,0,0,67,183,0,0,67,183,California
Colusa,2021-01-06,15,198,9,60,6,138,0,0,15,198,0,0,15,198,California
Colusa,2021-01-07,38,236,4,64,34,172,0,0,37,234,1,1,37,235,California
Colusa,2021-01-08,9,245,7,71,2,174,0,0,8,241,1,2,8,243,California
Colusa,2021-01-09,2,247,1,72,1,175,0,0,2,243,0,2,2,245,California
Colusa,2021-01-10,1,248,0,72,1,176,0,0,1,244,0,2,1,246,California
Colusa,2021-01-11,12,260,6,78,6,182,0,0,7,246,5,7,7,253,California
Colusa,2021-01-12,11,271,9,87,2,184,0,0,6,247,5,12,6,259,California
Colusa,2021-01-13,21,292,13,100,8,192,0,0,13,252,8,20,13,272,California
Colusa,2021-01-14,35,327,28,128,7,199,0,0,33,283,2,22,33,305,California
Colusa,2021-01-15,41,368,5,133,36,235,0,0,39,320,2,24,39,344,California
Colusa,2021-01-16,12,380,1,134,11,246,0,0,11,330,1,25,11,355,California
Colusa,2021-01-17,3,383,2,136,1,247,0,0,2,331,1,26,2,357,California
Colusa,2021-01-18,4,387,0,136,4,251,0,0,4,335,0,26,4,361,California
Colusa,2021-01-19,9,396,8,144,1,252,0,0,5,336,4,30,5,366,California
Colusa,2021-01-20,115,511,101,245,14,266,0,0,102,425,13,43,102,468,California
Colusa,2021-01-21,56,567,41,286,15,281,0,0,55,479,1,44,55,523,California
Colusa,2021-01-22,40,607,17,303,23,304,0,0,35,509,5,49,35,558,California
Colusa,2021-01-23,35,642,6,309,29,333,0,0,35,544,0,49,35,593,California
Colusa,2021-01-25,7,649,0,309,7,340,0,0,7,551,0,49,7,600,California
Colusa,2021-01-26,8,657,5,314,3,343,0,0,5,553,3,52,5,605,California
Colusa,2021-01-27,107,764,31,345,76,419,0,0,105,656,2,54,105,710,California
Colusa,2021-01-28,79,843,46,391,33,452,0,0,72,721,7,61,72,782,California
Colusa,2021-01-29,41,884,7,398,34,486,0,0,40,760,1,62,40,822,California
Colusa,2021-01-30,27,911,4,402,23,509,0,0,27,787,0,62,27,849,California
Colusa,2021-01-31,7,918,7,409,0,509,0,0,7,794,0,62,7,856,California
Colusa,2021-02-01,27,945,10,419,17,526,0,0,22,811,5,67,22,878,California
Colusa,2021-02-02,42,987,8,427,34,560,0,0,36,841,6,73,36,914,California
Colusa,2021-02-03,69,1056,10,437,59,619,0,0,59,890,10,83,59,973,California
Colusa,2021-02-04,143,1199,81,518,62,681,0,0,115,977,28,111,115,1088,California
Colusa,2021-02-05,32,1231,8,526,24,705,0,0,29,1003,3,114,29,1117,California
Colusa,2021-02-06,284,1515,8,534,276,981,0,0,273,1265,11,125,273,1390,California
Colusa,2021-02-07,2,1517,1,535,1,982,0,0,0,1263,2,127,0,1390,California
Colusa,2021-02-08,40,1557,5,540,35,1017,0,0,37,1297,3,130,37,1427,California
Colusa,2021-02-09,231,1788,14,554,217,1234,0,0,176,1418,55,185,176,1603,California
Colusa,2021-02-10,116,1904,41,595,75,1309,0,0,73,1448,43,228,73,1676,California
Colusa,2021-02-11,97,2001,36,631,61,1370,0,0,72,1495,25,253,72,1748,California
Colusa,2021-02-12,117,2118,9,640,108,1478,0,0,79,1535,39,292,79,1827,California
Colusa,2021-02-13,60,2178,8,648,52,1530,0,0,52,1579,8,300,52,1879,California
Colusa,2021-02-14,20,2198,8,656,12,1542,0,0,14,1587,6,306,14,1893,California
Colusa,2021-02-15,45,2243,10,666,35,1577,0,0,38,1618,7,313,38,1931,California
Colusa,2021-02-16,67,2310,4,670,63,1640,0,0,66,1683,1,314,66,1997,California
Colusa,2021-02-17,206,2516,143,813,63,1703,0,0,60,1597,146,460,60,2057,California
Colusa,2021-02-18,135,2651,35,848,100,1803,0,0,112,1686,23,483,112,2169,California
Colusa,2021-02-19,155,2806,19,867,136,1939,0,0,129,1789,26,509,129,2298,California
Colusa,2021-02-20,28,2834,6,873,22,1961,0,0,12,1785,16,525,12,2310,California
Colusa,2021-02-21,1,2835,1,874,0,1961,0,0,0,1784,1,526,0,2310,California
Colusa,2021-02-22,43,2878,26,900,17,1978,0,0,29,1799,14,540,29,2339,California
Colusa,2021-02-23,22,2900,6,906,16,1994,0,0,18,1813,4,544,18,2357,California
Colusa,2021-02-24,300,3200,54,960,246,2240,0,0,158,1829,142,686,158,2515,California
Colusa,2021-02-25,101,3301,54,1014,47,2287,0,0,66,1860,35,721,66,2581,California
Colusa,2021-02-26,97,3398,12,1026,85,2372,0,0,58,1879,39,760,58,2639,California
Colusa,2021-02-27,55,3453,4,1030,51,2423,0,0,40,1904,15,775,40,2679,California
Colusa,2021-02-28,26,3479,14,1044,12,2435,0,0,18,1914,8,783,18,2697,California
Colusa,2021-03-01,46,3525,15,1059,31,2466,0,0,29,1926,17,800,29,2726,California
Colusa,2021-03-02,49,3574,13,1072,36,2502,0,0,26,1929,23,823,26,2752,California
Colusa,2021-03-03,238,3812,39,1111,199,2701,0,0,181,2053,57,880,181,2933,California
Colusa,2021-03-04,136,3948,58,1169,78,2779,0,0,80,2077,56,936,80,3013,California
Colusa,2021-03-05,98,4046,25,1194,64,2843,9,9,53,2094,45,981,62,3075,California
Colusa,2021-03-06,274,4320,9,1203,265,3108,0,9,37,1894,237,1218,37,3112,California
Colusa,2021-03-07,8,4328,5,1208,3,3111,0,9,6,1898,2,1220,6,3118,California
Colusa,2021-03-08,88,4416,20,1228,33,3144,35,44,44,1933,44,1264,79,3197,California
Colusa,2021-03-09,272,4688,70,1298,179,3323,23,67,83,1850,189,1453,106,3303,California
Colusa,2021-03-10,287,4975,35,1333,216,3539,36,103,201,2001,86,1539,237,3540,California
Colusa,2021-03-11,416,5391,57,1390,338,3877,21,124,335,2274,81,1620,354,3894,California
Colusa,2021-03-12,109,5500,18,1408,78,3955,13,137,19,2216,90,1710,32,3926,California
Colusa,2021-03-13,61,5561,16,1424,36,3991,9,146,18,2200,43,1753,27,3953,California
Colusa,2021-03-14,20,5581,0,1424,18,4009,2,148,6,2195,13,1766,8,3961,California
Colusa,2021-03-15,69,5650,26,1450,35,4044,8,156,14,2162,55,1821,22,3983,California
Colusa,2021-03-16,295,5945,15,1465,234,4278,46,202,188,2289,107,1928,234,4217,California
Colusa,2021-03-17,195,6140,49,1514,146,4424,0,202,111,2316,84,2012,111,4328,California
Colusa,2021-03-18,320,6460,33,1547,216,4640,71,273,198,2462,122,2134,268,4596,California
Colusa,2021-03-19,78,6538,20,1567,56,4696,2,275,55,2496,23,2157,57,4653,California
Colusa,2021-03-20,49,6587,7,1574,41,4737,1,276,36,2520,13,2170,37,4690,California
Colusa,2021-03-21,6,6593,4,1578,2,4739,0,276,4,2522,2,2172,4,4694,California
Colusa,2021-03-22,62,6655,10,1588,43,4782,9,285,40,2549,22,2194,49,4743,California
Colusa,2021-03-23,81,6736,16,1604,63,4845,2,287,54,2578,27,2221,56,4799,California
Colusa,2021-03-24,338,7074,57,1661,275,5120,6,293,70,2385,268,2489,75,4874,California
Colusa,2021-03-25,109,7183,60,1721,44,5164,5,298,52,2385,57,2546,57,4931,California
Colusa,2021-03-26,297,7480,46,1767,247,5411,4,302,244,2580,53,2599,248,5179,California
Colusa,2021-03-27,62,7542,5,1772,57,5468,0,302,25,2567,38,2637,25,5204,California
Colusa,2021-03-28,15,7557,6,1778,9,5477,0,302,7,2566,8,2645,7,5211,California
Colusa,2021-03-29,69,7626,19,1797,44,5521,6,308,30,2563,39,2684,36,5247,California
Colusa,2021-03-30,147,7773,78,1875,67,5588,2,310,75,2568,72,2756,77,5324,California
Colusa,2021-03-31,228,8001,36,1911,192,5780,0,310,72,2486,154,2910,72,5396,California
Colusa,2021-04-01,421,8422,65,1976,301,6081,55,365,300,2721,120,3030,355,5751,California
Colusa,2021-04-02,83,8505,14,1990,55,6136,14,379,39,2730,44,3074,53,5804,California
Colusa,2021-04-03,62,8567,10,2000,29,6165,23,402,14,2719,48,3122,37,5841,California
Colusa,2021-04-04,18,8585,0,2000,8,6173,10,412,3,2717,15,3137,13,5854,California
Colusa,2021-04-05,95,8680,25,2025,55,6228,15,427,39,2715,56,3193,54,5908,California
Colusa,2021-04-06,128,8808,33,2058,45,6273,50,477,43,2723,85,3278,93,6001,California
Colusa,2021-04-07,357,9165,40,2098,294,6567,23,500,133,2656,224,3502,157,6158,California
Colusa,2021-04-08,427,9592,33,2131,366,6933,28,528,122,2503,302,3804,149,6307,California
Colusa,2021-04-09,76,9668,21,2152,32,6965,23,551,28,2506,48,3852,51,6358,California
Colusa,2021-04-10,45,9713,9,2161,16,6981,20,571,13,2507,32,3884,33,6391,California
Colusa,2021-04-11,15,9728,2,2163,11,6992,2,573,7,2508,8,3892,9,6400,California
Colusa,2021-04-12,31,9759,3,2166,28,7020,0,573,24,2525,7,3899,24,6424,California
Colusa,2021-04-13,279,10038,23,2189,256,7276,0,573,95,2437,183,4082,95,6519,California
Colusa,2021-04-14,94,10132,19,2208,75,7351,0,573,33,2409,61,4143,33,6552,California
Colusa,2021-04-15,317,10449,42,2250,275,7626,0,573,129,2350,188,4331,129,6681,California
Colusa,2021-04-16,80,10529,11,2261,69,7695,0,573,36,2343,43,4374,36,6717,California
Colusa,2021-04-17,53,10582,7,2268,46,7741,0,573,31,2352,22,4396,31,6748,California
Colusa,2021-04-18,9,10591,2,2270,7,7748,0,573,7,2357,2,4398,7,6755,California
Colusa,2021-04-19,61,10652,22,2292,39,7787,0,573,17,2330,44,4442,17,6772,California
Colusa,2021-04-20,176,10828,32,2324,144,7931,0,573,128,2410,48,4490,128,6900,California
Colusa,2021-04-21,169,10997,59,2383,110,8041,0,573,109,2459,60,4550,109,7009,California
Colusa,2021-04-22,372,11369,25,2408,346,8387,1,574,186,2460,185,4735,186,7195,California
Colusa,2021-04-23,86,11455,20,2428,66,8453,0,574,37,2448,49,4784,37,7232,California
Colusa,2021-04-24,32,11487,10,2438,22,8475,0,574,13,2442,19,4803,13,7245,California
Colusa,2021-04-25,7,11494,3,2441,4,8479,0,574,5,2445,2,4805,5,7250,California
Contra Costa,2020-12-15,18,18,18,18,0,0,0,0,18,18,0,0,18,18,California
Contra Costa,2020-12-16,522,540,522,540,0,0,0,0,522,540,0,0,522,540,California
Contra Costa,2020-12-17,909,1449,909,1449,0,0,0,0,909,1449,0,0,909,1449,California
Contra Costa,2020-12-18,1591,3040,1590,3039,1,1,0,0,1591,3040,0,0,1591,3040,California
Contra Costa,2020-12-19,1101,4141,1100,4139,1,2,0,0,1101,4141,0,0,1101,4141,California
Contra Costa,2020-12-20,583,4724,582,4721,1,3,0,0,583,4724,0,0,583,4724,California
Contra Costa,2020-12-21,1653,6377,1651,6372,2,5,0,0,1653,6377,0,0,1653,6377,California
Contra Costa,2020-12-22,1665,8042,1561,7933,104,109,0,0,1665,8042,0,0,1665,8042,California
Contra Costa,2020-12-23,1582,9624,1335,9268,247,356,0,0,1582,9624,0,0,1582,9624,California
Contra Costa,2020-12-24,654,10278,336,9604,318,674,0,0,654,10278,0,0,654,10278,California
Contra Costa,2020-12-25,39,10317,17,9621,22,696,0,0,39,10317,0,0,39,10317,California
Contra Costa,2020-12-26,641,10958,131,9752,510,1206,0,0,641,10958,0,0,641,10958,California
Contra Costa,2020-12-27,240,11198,87,9839,153,1359,0,0,240,11198,0,0,240,11198,California
Contra Costa,2020-12-28,1829,13027,860,10699,969,2328,0,0,1829,13027,0,0,1829,13027,California
Contra Costa,2020-12-29,1826,14853,824,11523,1002,3330,0,0,1826,14853,0,0,1826,14853,California
Contra Costa,2020-12-30,2389,17242,1214,12737,1175,4505,0,0,2388,17241,0,0,2388,17241,California
Contra Costa,2020-12-31,914,18156,308,13045,606,5111,0,0,913,18154,0,0,913,18154,California
Contra Costa,2021-01-01,59,18215,23,13068,36,5147,0,0,59,18213,0,0,59,18213,California
Contra Costa,2021-01-02,334,18549,173,13241,161,5308,0,0,334,18547,0,0,334,18547,California
Contra Costa,2021-01-03,175,18724,117,13358,58,5366,0,0,174,18721,0,0,174,18721,California
Contra Costa,2021-01-04,1902,20626,1250,14608,652,6018,0,0,1881,20583,19,19,1881,20602,California
Contra Costa,2021-01-05,2098,22724,1257,15865,841,6859,0,0,1839,22165,258,277,1840,22442,California
Contra Costa,2021-01-06,3271,25995,2242,18107,1029,7888,0,0,2510,23923,755,1032,2513,24955,California
Contra Costa,2021-01-07,3087,29082,2057,20164,1030,8918,0,0,1876,24591,1208,2240,1876,26831,California
Contra Costa,2021-01-08,3380,32462,2388,22552,992,9910,0,0,1818,24855,1557,3797,1821,28652,California
Contra Costa,2021-01-09,1585,34047,1133,23685,452,10362,0,0,749,24771,835,4632,751,29403,California
Contra Costa,2021-01-10,359,34406,286,23971,73,10435,0,0,150,24712,209,4841,150,29553,California
Contra Costa,2021-01-11,3834,38240,3143,27114,691,11126,0,0,2231,25342,1603,6444,2233,31786,California
Contra Costa,2021-01-12,3906,42146,2929,30043,977,12103,0,0,2582,26602,1324,7768,2584,34370,California
Contra Costa,2021-01-13,4667,46813,2880,32923,1787,13890,0,0,3733,29406,930,8698,3734,38104,California
Contra Costa,2021-01-14,4301,51114,1553,34476,2748,16638,0,0,3919,32943,382,9080,3919,42023,California
Contra Costa,2021-01-15,5331,56445,2457,36933,2874,19512,0,0,5008,37633,322,9402,5012,47035,California
Contra Costa,2021-01-16,1716,58161,552,37485,1164,20676,0,0,1641,39199,75,9477,1641,48676,California
Contra Costa,2021-01-17,1636,59797,974,38459,662,21338,0,0,1513,40592,123,9600,1516,50192,California
Contra Costa,2021-01-18,3194,62991,1254,39713,1940,23278,0,0,2571,42547,617,10217,2572,52764,California
Contra Costa,2021-01-19,7059,70050,3157,42870,3902,27180,0,0,6056,47608,1000,11217,6061,58825,California
Contra Costa,2021-01-20,6608,76658,4053,46923,2555,29735,0,0,5375,51759,1229,12446,5380,64205,California
Contra Costa,2021-01-21,6953,83611,3091,50014,3862,33597,0,0,6230,57279,718,13164,6238,70443,California
Contra Costa,2021-01-22,6362,89973,2699,52713,3663,37260,0,0,5505,61939,848,14012,5508,75951,California
Contra Costa,2021-01-23,2023,91996,358,53071,1665,38925,0,0,1765,63450,256,14268,1767,77718,California
Contra Costa,2021-01-24,1581,93577,219,53290,1362,40287,0,0,1436,64745,145,14413,1440,79158,California
Contra Costa,2021-01-25,6647,100224,3016,56306,3631,43918,0,0,5084,68271,1561,15974,5087,84245,California
Contra Costa,2021-01-26,8074,108298,4676,60982,3398,47316,0,0,6239,72686,1827,17801,6242,90487,California
Contra Costa,2021-01-27,8228,116526,5491,66473,2737,50053,0,0,6339,77221,1808,19609,6343,96830,California
Contra Costa,2021-01-28,7430,123956,4076,70549,3354,53407,0,0,5831,81463,1593,21202,5835,102665,California
Contra Costa,2021-01-29,7438,131394,3888,74437,3550,56957,0,0,6129,86289,1305,22507,6131,108796,California
Contra Costa,2021-01-30,2080,133474,595,75032,1485,58442,0,0,1715,87646,358,22865,1715,110511,California
Contra Costa,2021-01-31,699,134173,480,75512,219,58661,0,0,572,88094,124,22989,572,111083,California
Contra Costa,2021-02-01,5518,139691,3761,79273,1757,60418,0,0,3889,90362,1624,24613,3892,114975,California
Contra Costa,2021-02-02,7747,147438,5273,84546,2474,62892,0,0,5899,94416,1846,26459,5900,120875,California
Contra Costa,2021-02-03,8265,155703,5458,90004,2807,65699,0,0,5631,97425,2623,29082,5632,126507,California
Contra Costa,2021-02-04,7440,163143,3534,93538,3906,69605,0,0,5721,101433,1715,30797,5723,132230,California
Contra Costa,2021-02-05,8422,171565,4818,98356,3604,73209,0,0,5717,104452,2698,33495,5717,137947,California
Contra Costa,2021-02-06,3465,175030,2152,100508,1313,74522,0,0,2814,106617,650,34145,2815,140762,California
Contra Costa,2021-02-07,980,176010,709,101217,271,74793,0,0,604,106846,375,34520,604,141366,California
Contra Costa,2021-02-08,5806,181816,3438,104655,2368,77161,0,0,4331,109708,1470,35990,4332,145698,California
Contra Costa,2021-02-09,8644,190460,4763,109418,3881,81042,0,0,5760,112590,2879,38869,5761,151459,California
Contra Costa,2021-02-10,8624,199084,4645,114063,3979,85021,0,0,5406,114797,3203,42072,5410,156869,California
Contra Costa,2021-02-11,9295,208379,4206,118269,5089,90110,0,0,5272,116056,4017,46089,5276,162145,California
Contra Costa,2021-02-12,10063,218442,4607,122876,5456,95566,0,0,5455,116913,4601,50690,5458,167603,California
Contra Costa,2021-02-13,4873,223315,1363,124239,3510,99076,0,0,3405,118854,1465,52155,3406,171009,California
Contra Costa,2021-02-14,2088,225403,864,125103,1224,100300,0,0,1226,119219,861,53016,1226,172235,California
Contra Costa,2021-02-15,4440,229843,2461,127564,1979,102279,0,0,2351,119489,2082,55098,2352,174587,California
Contra Costa,2021-02-16,10408,240251,4902,132466,5506,107785,0,0,4636,118363,5765,60863,4639,179226,California
Contra Costa,2021-02-17,12268,252519,6123,138589,6145,113930,0,0,5621,117352,6633,67496,5622,184848,California
Contra Costa,2021-02-18,11447,263966,5956,144545,5491,119421,0,0,5312,116542,6124,73620,5314,190162,California
Contra Costa,2021-02-19,11396,275362,7104,151649,4292,123713,0,0,5170,115502,6211,79831,5171,195333,California
Contra Costa,2021-02-20,6441,281803,2887,154536,3554,127267,0,0,4566,118211,1859,81690,4568,199901,California
Contra Costa,2021-02-21,1794,283597,1248,155784,546,127813,0,0,1081,118580,712,82402,1081,200982,California
Contra Costa,2021-02-22,7528,291125,5095,160879,2433,130246,0,0,3458,117981,4059,86461,3460,204442,California
Contra Costa,2021-02-23,11887,303012,7246,168125,4641,134887,0,0,5916,117943,5958,92419,5920,210362,California
Contra Costa,2021-02-24,10461,313473,7668,175793,2793,137680,0,0,5038,117576,5407,97826,5040,215402,California
Contra Costa,2021-02-25,11453,324926,7206,182999,4247,141927,0,0,5197,116541,6236,104062,5201,220603,California
Contra Costa,2021-02-26,10684,335610,6733,189732,3951,145878,0,0,5292,116457,5377,109439,5293,225896,California
Contra Costa,2021-02-27,6612,342222,4203,193935,2409,148287,0,0,4102,118056,2504,111943,4103,229999,California
Contra Costa,2021-02-28,3784,346006,3116,197051,668,148955,0,0,3189,120654,592,112535,3190,233189,California
Contra Costa,2021-03-01,8084,354090,6074,203125,2007,150962,3,3,4961,122511,3109,115644,4966,238155,California
Contra Costa,2021-03-02,10120,364210,6305,209430,3814,154776,1,4,5247,122901,4858,120502,5248,243403,California
Contra Costa,2021-03-03,11100,375310,6930,216360,4169,158945,1,5,6191,124199,4895,125397,6193,249596,California
Contra Costa,2021-03-04,11851,387161,7068,223428,4783,163728,0,5,6130,124627,5702,131099,6130,255726,California
Contra Costa,2021-03-05,11215,398376,6665,230093,4545,168273,5,10,6384,126199,4817,135916,6389,262115,California
Contra Costa,2021-03-06,7286,405662,4002,234095,2975,171248,309,319,4709,128650,2565,138481,5016,267131,California
Contra Costa,2021-03-07,3614,409276,2267,236362,1287,172535,60,379,2941,130979,672,139153,3001,270132,California
Contra Costa,2021-03-08,8037,417313,3750,240112,3984,176519,303,682,5356,133972,2670,141823,5663,275795,California
Contra Costa,2021-03-09,10171,427484,4993,245105,4885,181404,293,975,5021,134144,5143,146966,5315,281110,California
Contra Costa,2021-03-10,12101,439585,5949,251054,4660,186064,1492,2467,5458,134453,6635,153601,6944,288054,California
Contra Costa,2021-03-11,12452,452037,6560,257614,5333,191397,559,3026,6354,135292,6077,159678,6916,294970,California
Contra Costa,2021-03-12,12517,464554,5136,262750,6840,198237,541,3567,6253,135837,6248,165926,6793,301763,California
Contra Costa,2021-03-13,7749,472303,3067,265817,4259,202496,423,3990,3070,134662,4662,170588,3487,305250,California
Contra Costa,2021-03-14,4342,476645,2540,268357,1318,203814,484,4474,2075,134959,2261,172849,2558,307808,California
Contra Costa,2021-03-15,9373,486018,5054,273411,3566,207380,753,5227,4754,135862,4604,177453,5507,313315,California
Contra Costa,2021-03-16,14240,500258,8456,281867,5389,212769,395,5622,7261,136559,6959,184412,7656,320971,California
Contra Costa,2021-03-17,14960,515218,10326,292193,4423,217192,211,5833,8561,138958,6378,190790,8777,329748,California
Contra Costa,2021-03-18,15351,530569,8526,300719,6345,223537,480,6313,8790,141692,6534,197324,9268,339016,California
Contra Costa,2021-03-19,15475,546044,8877,309596,5210,228747,1388,7701,8297,144215,7166,204490,9689,348705,California
Contra Costa,2021-03-20,10602,556646,6326,315922,3971,232718,305,8006,5232,144397,5354,209844,5536,354241,California
Contra Costa,2021-03-21,4431,561077,3881,319803,463,233181,87,8093,2082,144221,2344,212188,2168,356409,California
Contra Costa,2021-03-22,11497,572574,8664,328467,2584,235765,249,8342,7070,147124,4415,216603,7318,363727,California
Contra Costa,2021-03-23,15562,588136,10720,339187,4672,240437,170,8512,9495,150750,6041,222644,9667,373394,California
Contra Costa,2021-03-24,14941,603077,11669,350856,3060,243497,212,8724,9194,154440,5717,228361,9407,382801,California
Contra Costa,2021-03-25,15218,618295,11855,362711,3078,246575,285,9009,9402,158344,5781,234142,9685,392486,California
Contra Costa,2021-03-26,14910,633205,10685,373396,3831,250406,394,9403,8805,161455,6085,240227,9196,401682,California
Contra Costa,2021-03-27,10410,643615,6737,380133,3164,253570,509,9912,5771,163098,4632,244859,6275,407957,California
Contra Costa,2021-03-28,4121,647736,2917,383050,1151,254721,53,9965,1769,162578,2342,247201,1822,409779,California
Contra Costa,2021-03-29,10810,658546,8440,391490,2255,256976,115,10080,7083,166064,3713,250914,7199,416978,California
Contra Costa,2021-03-30,16711,675257,9104,400594,6255,263231,1352,11432,11050,172815,5645,256559,12396,429374,California
Contra Costa,2021-03-31,17923,693180,12550,413144,3934,267165,1439,12871,11560,179485,6331,262890,13001,442375,California
Contra Costa,2021-04-01,17408,710588,12198,425342,3849,271014,1361,14232,11350,186160,6036,268926,12711,455086,California
Contra Costa,2021-04-02,17379,727967,12834,438176,3539,274553,1006,15238,11567,192931,5801,274727,12572,467658,California
Contra Costa,2021-04-03,10783,738750,6432,444608,2816,277369,1535,16773,6195,196086,4575,279302,7730,475388,California
Contra Costa,2021-04-04,3316,742066,1312,445920,1414,278783,590,17363,899,195162,2413,281715,1489,476877,California
Contra Costa,2021-04-05,12044,754110,7873,453793,3207,281990,964,18327,6603,197296,5432,287147,7566,484443,California
Contra Costa,2021-04-06,17249,771359,11983,465776,2994,284984,2272,20599,9758,201853,7473,294620,12030,496473,California
Contra Costa,2021-04-07,18432,789791,12492,478268,3150,288134,2790,23389,10484,207238,7929,302549,13314,509787,California
Contra Costa,2021-04-08,18620,808411,12447,490715,3272,291406,2901,26290,10040,211611,8556,311105,12929,522716,California
Contra Costa,2021-04-09,18649,827060,11943,502658,4234,295640,2472,28762,10007,215473,8618,319723,12480,535196,California
Contra Costa,2021-04-10,10494,837554,3810,506468,2143,297783,4541,33303,3289,216102,7193,326916,7822,543018,California
Contra Costa,2021-04-11,3320,840874,1989,508457,680,298463,651,33954,1129,215698,2186,329102,1782,544800,California
Contra Costa,2021-04-12,11844,852718,7853,516310,2961,301424,1030,34984,5613,216127,6219,335321,6648,551448,California
Contra Costa,2021-04-13,17793,870511,10883,527193,6905,308329,5,34989,11899,222162,5874,341195,11909,563357,California
Contra Costa,2021-04-14,17489,888000,10970,538163,6519,314848,0,34989,9698,224094,7769,348964,9701,573058,California
Contra Costa,2021-04-15,17371,905371,10647,548810,6723,321571,1,34990,8070,222911,9272,358236,8089,581147,California
Contra Costa,2021-04-16,16823,922194,10506,559316,6316,327887,1,34991,7595,221308,9204,367440,7601,588748,California
Contra Costa,2021-04-17,11319,933513,6236,565552,5083,332970,0,34991,6101,222210,5204,372644,6106,594854,California
Contra Costa,2021-04-18,2724,936237,2105,567657,619,333589,0,34991,1778,223049,939,373583,1778,596632,California
Contra Costa,2021-04-19,11241,947478,8395,576052,2846,336435,0,34991,3504,218840,7715,381298,3506,600138,California
Contra Costa,2021-04-20,16551,964029,10732,586784,5819,342254,0,34991,6230,214777,10297,391595,6234,606372,California
Contra Costa,2021-04-21,17258,981287,14092,600876,3166,345420,0,34991,6149,209858,11077,402672,6158,612530,California
Contra Costa,2021-04-22,16842,998129,13663,614539,3178,348598,1,34992,5861,204783,10951,413623,5876,618406,California
Contra Costa,2021-04-23,15700,1013829,12514,627053,3186,351784,0,34992,4822,198770,10843,424466,4830,623236,California
Contra Costa,2021-04-24,8942,1022771,7046,634099,1896,353680,0,34992,3116,196077,5811,430277,3118,626354,California
Contra Costa,2021-04-25,971,1023742,764,634863,207,353887,0,34992,733,196581,236,430513,740,627094,California
Del Norte,2020-12-21,23,23,23,23,0,0,0,0,23,23,0,0,23,23,California
Del Norte,2020-12-22,46,69,46,69,0,0,0,0,46,69,0,0,46,69,California
Del Norte,2020-12-23,58,127,48,117,10,10,0,0,57,126,0,0,57,126,California
Del Norte,2020-12-28,34,161,34,151,0,10,0,0,34,160,0,0,34,160,California
Del Norte,2020-12-29,4,165,4,155,0,10,0,0,4,164,0,0,4,164,California
Del Norte,2020-12-30,67,232,55,210,12,22,0,0,68,232,0,0,68,232,California
Del Norte,2020-12-31,16,248,13,223,3,25,0,0,16,248,0,0,16,248,California
Del Norte,2021-01-04,102,350,49,272,53,78,0,0,102,350,0,0,102,350,California
Del Norte,2021-01-05,32,382,0,272,32,110,0,0,32,382,0,0,32,382,California
Del Norte,2021-01-06,77,459,18,290,59,169,0,0,77,459,0,0,77,459,California
Del Norte,2021-01-07,21,480,1,291,20,189,0,0,21,480,0,0,21,480,California
Del Norte,2021-01-08,77,557,7,298,70,259,0,0,77,557,0,0,77,557,California
Del Norte,2021-01-11,40,597,21,319,19,278,0,0,18,554,22,22,19,576,California
Del Norte,2021-01-12,51,648,32,351,19,297,0,0,30,563,21,43,30,606,California
Del Norte,2021-01-13,85,733,40,391,45,342,0,0,52,582,33,76,52,658,California
Del Norte,2021-01-14,52,785,14,405,38,380,0,0,46,622,6,82,46,704,California
Del Norte,2021-01-15,107,892,18,423,89,469,0,0,95,705,12,94,95,799,California
Del Norte,2021-01-17,1,893,1,424,0,469,0,0,1,706,0,94,1,800,California
Del Norte,2021-01-18,2,895,0,424,2,471,0,0,2,708,0,94,2,802,California
Del Norte,2021-01-19,119,1014,56,480,63,534,0,0,77,743,42,136,77,879,California
Del Norte,2021-01-20,158,1172,84,564,74,608,0,0,96,777,62,198,96,975,California
Del Norte,2021-01-21,43,1215,40,604,3,611,0,0,32,798,11,209,32,1007,California
Del Norte,2021-01-22,19,1234,16,620,3,614,0,0,12,803,7,216,12,1019,California
Del Norte,2021-01-23,1,1235,0,620,1,615,0,0,1,804,0,216,1,1020,California
Del Norte,2021-01-24,1,1236,0,620,1,616,0,0,1,805,0,216,1,1021,California
Del Norte,2021-01-25,100,1336,82,702,18,634,0,0,56,817,44,260,56,1077,California
Del Norte,2021-01-26,18,1354,11,713,7,641,0,0,7,813,11,271,7,1084,California
Del Norte,2021-01-27,64,1418,21,734,43,684,0,0,61,871,3,274,61,1145,California
Del Norte,2021-01-28,291,1709,20,754,271,955,0,0,286,1152,5,279,286,1431,California
Del Norte,2021-01-29,54,1763,21,775,33,988,0,0,44,1186,10,289,44,1475,California
Del Norte,2021-01-30,8,1771,1,776,7,995,0,0,8,1194,0,289,8,1483,California
Del Norte,2021-02-01,41,1812,1,777,40,1035,0,0,26,1205,15,304,26,1509,California
Del Norte,2021-02-02,142,1954,34,811,108,1143,0,0,73,1210,68,372,73,1582,California
Del Norte,2021-02-03,125,2079,40,851,85,1228,0,0,71,1227,54,426,71,1653,California
Del Norte,2021-02-04,71,2150,29,880,42,1270,0,0,42,1240,29,455,42,1695,California
Del Norte,2021-02-05,183,2333,22,902,161,1431,0,0,120,1298,62,517,120,1815,California
Del Norte,2021-02-06,312,2645,6,908,306,1737,0,0,312,1610,0,517,312,2127,California
Del Norte,2021-02-07,2,2647,1,909,1,1738,0,0,2,1612,0,517,2,2129,California
Del Norte,2021-02-08,36,2683,1,910,35,1773,0,0,32,1640,4,521,32,2161,California
Del Norte,2021-02-09,8,2691,5,915,3,1776,0,0,2,1636,6,527,2,2163,California
Del Norte,2021-02-10,143,2834,20,935,123,1899,0,0,86,1666,56,583,86,2249,California
Del Norte,2021-02-11,175,3009,58,993,117,2016,0,0,63,1617,112,695,63,2312,California
Del Norte,2021-02-12,121,3130,14,1007,107,2123,0,0,67,1630,54,749,67,2379,California
Del Norte,2021-02-13,2,3132,1,1008,1,2124,0,0,2,1632,0,749,2,2381,California
Del Norte,2021-02-14,3,3135,1,1009,2,2126,0,0,2,1633,1,750,2,2383,California
Del Norte,2021-02-15,4,3139,0,1009,4,2130,0,0,2,1633,2,752,2,2385,California
Del Norte,2021-02-16,132,3271,1,1010,131,2261,0,0,13,1527,119,871,13,2398,California
Del Norte,2021-02-17,91,3362,20,1030,71,2332,0,0,24,1484,67,938,24,2422,California
Del Norte,2021-02-18,77,3439,24,1054,53,2385,0,0,51,1509,26,964,51,2473,California
Del Norte,2021-02-19,43,3482,17,1071,26,2411,0,0,33,1532,10,974,33,2506,California
Del Norte,2021-02-20,8,3490,5,1076,3,2414,0,0,6,1536,2,976,6,2512,California
Del Norte,2021-02-22,2,3492,0,1076,2,2416,0,0,2,1538,0,976,2,2514,California
Del Norte,2021-02-23,106,3598,88,1164,18,2434,0,0,31,1494,75,1051,31,2545,California
Del Norte,2021-02-24,152,3750,98,1262,54,2488,0,0,79,1500,73,1124,79,2624,California
Del Norte,2021-02-25,475,4225,131,1393,344,2832,0,0,212,1451,261,1385,212,2836,California
Del Norte,2021-02-26,212,4437,176,1569,36,2868,0,0,166,1571,46,1431,166,3002,California
Del Norte,2021-02-27,152,4589,145,1714,6,2874,1,1,141,1702,11,1442,142,3144,California
Del Norte,2021-02-28,4,4593,1,1715,3,2877,0,1,3,1704,1,1443,3,3147,California
Del Norte,2021-03-01,28,4621,2,1717,26,2903,0,1,4,1684,24,1467,4,3151,California
Del Norte,2021-03-02,220,4841,140,1857,80,2983,0,1,187,1838,33,1500,187,3338,California
Del Norte,2021-03-03,159,5000,91,1948,68,3051,0,1,118,1915,41,1541,118,3456,California
Del Norte,2021-03-04,120,5120,83,2031,37,3088,0,1,91,1978,28,1569,91,3547,California
Del Norte,2021-03-05,91,5211,9,2040,82,3170,0,1,43,1973,48,1617,43,3590,California
Del Norte,2021-03-06,466,5677,78,2118,338,3508,50,51,164,1842,302,1919,171,3761,California
Del Norte,2021-03-07,2,5679,1,2119,1,3509,0,51,1,1842,1,1920,1,3762,California
Del Norte,2021-03-08,28,5707,1,2120,25,3534,2,53,5,1826,23,1943,7,3769,California
Del Norte,2021-03-09,194,5901,112,2232,79,3613,3,56,183,2001,11,1954,186,3955,California
Del Norte,2021-03-10,218,6119,97,2329,93,3706,28,84,132,2075,86,2040,160,4115,California
Del Norte,2021-03-11,152,6271,55,2384,92,3798,5,89,104,2136,48,2088,109,4224,California
Del Norte,2021-03-12,177,6448,89,2473,88,3886,0,89,124,2207,53,2141,124,4348,California
Del Norte,2021-03-13,94,6542,93,2566,1,3887,0,89,91,2295,3,2144,91,4439,California
Del Norte,2021-03-14,1,6543,0,2566,1,3888,0,89,1,2295,1,2145,1,4440,California
Del Norte,2021-03-15,38,6581,0,2566,38,3926,0,89,34,2325,4,2149,34,4474,California
Del Norte,2021-03-16,280,6861,136,2702,144,4070,0,89,259,2563,21,2170,259,4733,California
Del Norte,2021-03-17,282,7143,95,2797,185,4255,2,91,168,2619,114,2284,170,4903,California
Del Norte,2021-03-18,284,7427,107,2904,174,4429,3,94,148,2635,135,2419,151,5054,California
Del Norte,2021-03-19,266,7693,159,3063,101,4530,6,100,91,2557,175,2594,97,5151,California
Del Norte,2021-03-20,158,7851,155,3218,3,4533,0,100,16,2431,142,2736,16,5167,California
Del Norte,2021-03-21,4,7855,2,3220,2,4535,0,100,2,2431,2,2738,2,5169,California
Del Norte,2021-03-22,42,7897,3,3223,38,4573,1,101,39,2468,3,2741,40,5209,California
Del Norte,2021-03-23,333,8230,163,3386,152,4725,18,119,164,2482,167,2908,181,5390,California
Del Norte,2021-03-24,395,8625,107,3493,247,4972,41,160,241,2610,154,3062,282,5672,California
Del Norte,2021-03-25,194,8819,90,3583,104,5076,0,160,86,2589,107,3169,86,5758,California
Del Norte,2021-03-26,230,9049,111,3694,119,5195,0,160,197,2753,33,3202,197,5955,California
Del Norte,2021-03-27,108,9157,87,3781,4,5199,17,177,17,2696,91,3293,34,5989,California
Del Norte,2021-03-28,4,9161,2,3783,2,5201,0,177,1,2694,3,3296,1,5990,California
Del Norte,2021-03-29,57,9218,6,3789,34,5235,17,194,32,2718,25,3321,49,6039,California
Del Norte,2021-03-30,336,9554,118,3907,207,5442,11,205,124,2641,212,3533,135,6174,California
Del Norte,2021-03-31,346,9900,100,4007,229,5671,17,222,190,2694,154,3687,207,6381,California
Del Norte,2021-04-01,166,10066,60,4067,72,5743,34,256,71,2705,94,3781,105,6486,California
Del Norte,2021-04-02,232,10298,79,4146,104,5847,49,305,76,2675,156,3937,126,6612,California
Del Norte,2021-04-03,103,10401,82,4228,2,5849,19,324,4,2600,98,4035,23,6635,California
Del Norte,2021-04-04,4,10405,0,4228,0,5849,4,328,0,2600,4,4039,4,6639,California
Del Norte,2021-04-05,53,10458,5,4233,44,5893,4,332,46,2643,7,4046,50,6689,California
Del Norte,2021-04-06,378,10836,119,4352,222,6115,37,369,145,2597,229,4275,183,6872,California
Del Norte,2021-04-07,425,11261,115,4467,251,6366,59,428,283,2798,141,4416,342,7214,California
Del Norte,2021-04-08,233,11494,54,4521,111,6477,68,496,111,2855,122,4538,179,7393,California
Del Norte,2021-04-09,201,11695,47,4568,80,6557,74,570,97,2921,103,4641,169,7562,California
Del Norte,2021-04-10,48,11743,27,4595,4,6561,17,587,27,2944,21,4662,44,7606,California
Del Norte,2021-04-11,12,11755,3,4598,2,6563,7,594,2,2943,10,4672,9,7615,California
Del Norte,2021-04-12,28,11783,1,4599,9,6572,18,612,1,2936,26,4698,19,7634,California
Del Norte,2021-04-13,296,12079,49,4648,247,6819,0,612,155,2950,141,4839,155,7789,California
Del Norte,2021-04-14,325,12404,23,4671,302,7121,0,612,136,2902,189,5028,141,7930,California
Del Norte,2021-04-15,162,12566,30,4701,132,7253,0,612,44,2829,118,5146,45,7975,California
Del Norte,2021-04-16,161,12727,40,4741,121,7374,0,612,59,2788,102,5248,61,8036,California
Del Norte,2021-04-17,100,12827,69,4810,31,7405,0,612,95,2878,5,5253,95,8131,California
Del Norte,2021-04-18,4,12831,3,4813,1,7406,0,612,3,2880,1,5254,3,8134,California
Del Norte,2021-04-19,50,12881,6,4819,44,7450,0,612,8,2846,42,5296,8,8142,California
Del Norte,2021-04-20,208,13089,40,4859,168,7618,0,612,74,2786,134,5430,74,8216,California
Del Norte,2021-04-21,290,13379,24,4883,266,7884,0,612,66,2632,223,5653,69,8285,California
Del Norte,2021-04-22,117,13496,18,4901,99,7983,0,612,63,2641,54,5707,63,8348,California
Del Norte,2021-04-23,151,13647,21,4922,130,8113,0,612,40,2570,111,5818,40,8388,California
Del Norte,2021-04-24,15,13662,9,4931,6,8119,0,612,11,2577,4,5822,11,8399,California
El Dorado,2020-12-15,12,12,12,12,0,0,0,0,12,12,0,0,12,12,California
El Dorado,2020-12-16,40,52,40,52,0,0,0,0,40,52,0,0,40,52,California
El Dorado,2020-12-17,30,82,30,82,0,0,0,0,30,82,0,0,30,82,California
El Dorado,2020-12-18,236,318,236,318,0,0,0,0,236,318,0,0,236,318,California
El Dorado,2020-12-19,116,434,116,434,0,0,0,0,116,434,0,0,116,434,California
El Dorado,2020-12-20,85,519,85,519,0,0,0,0,85,519,0,0,85,519,California
El Dorado,2020-12-21,307,826,306,825,1,1,0,0,307,826,0,0,307,826,California
El Dorado,2020-12-22,238,1064,214,1039,24,25,0,0,238,1064,0,0,238,1064,California
El Dorado,2020-12-23,189,1253,139,1178,50,75,0,0,189,1253,0,0,189,1253,California
El Dorado,2020-12-24,87,1340,66,1244,21,96,0,0,87,1340,0,0,87,1340,California
El Dorado,2020-12-25,8,1348,8,1252,0,96,0,0,8,1348,0,0,8,1348,California
El Dorado,2020-12-26,44,1392,26,1278,18,114,0,0,44,1392,0,0,44,1392,California
El Dorado,2020-12-27,37,1429,33,1311,4,118,0,0,37,1429,0,0,37,1429,California
El Dorado,2020-12-28,216,1645,169,1480,47,165,0,0,216,1645,0,0,216,1645,California
El Dorado,2020-12-29,456,2101,140,1620,316,481,0,0,456,2101,0,0,456,2101,California
El Dorado,2020-12-30,504,2605,136,1756,368,849,0,0,504,2605,0,0,504,2605,California
El Dorado,2020-12-31,109,2714,69,1825,40,889,0,0,109,2714,0,0,109,2714,California
El Dorado,2021-01-01,7,2721,4,1829,3,892,0,0,7,2721,0,0,7,2721,California
El Dorado,2021-01-02,151,2872,140,1969,11,903,0,0,151,2872,0,0,151,2872,California
El Dorado,2021-01-03,92,2964,17,1986,75,978,0,0,92,2964,0,0,92,2964,California
El Dorado,2021-01-04,189,3153,62,2048,127,1105,0,0,189,3153,0,0,189,3153,California
El Dorado,2021-01-05,205,3358,50,2098,155,1260,0,0,189,3326,16,16,189,3342,California
El Dorado,2021-01-06,262,3620,189,2287,73,1333,0,0,198,3460,64,80,198,3540,California
El Dorado,2021-01-07,328,3948,135,2422,193,1526,0,0,258,3648,70,150,258,3798,California
El Dorado,2021-01-08,974,4922,500,2922,474,2000,0,0,771,4217,203,353,772,4570,California
El Dorado,2021-01-09,193,5115,157,3079,36,2036,0,0,125,4274,68,421,125,4695,California
El Dorado,2021-01-10,180,5295,129,3208,51,2087,0,0,111,4316,69,490,111,4806,California
El Dorado,2021-01-11,658,5953,292,3500,366,2453,0,0,460,4579,197,687,460,5266,California
El Dorado,2021-01-12,692,6645,421,3921,271,2724,0,0,444,4775,248,935,444,5710,California
El Dorado,2021-01-13,698,7343,295,4216,403,3127,0,0,538,5153,160,1095,538,6248,California
El Dorado,2021-01-14,688,8031,218,4434,470,3597,0,0,593,5651,95,1190,593,6841,California
El Dorado,2021-01-15,677,8708,184,4618,493,4090,0,0,605,6184,72,1262,605,7446,California
El Dorado,2021-01-16,171,8879,103,4721,68,4158,0,0,144,6301,27,1289,144,7590,California
El Dorado,2021-01-17,99,8978,47,4768,52,4210,0,0,82,6366,17,1306,82,7672,California
El Dorado,2021-01-18,417,9395,138,4906,279,4489,0,0,349,6647,68,1374,349,8021,California
El Dorado,2021-01-19,643,10038,352,5258,291,4780,0,0,494,6993,149,1523,495,8516,California
El Dorado,2021-01-20,1009,11047,686,5944,323,5103,0,0,897,7779,111,1634,897,9413,California
El Dorado,2021-01-21,1151,12198,570,6514,581,5684,0,0,945,8559,165,1799,945,10358,California
El Dorado,2021-01-22,1098,13296,706,7220,392,6076,0,0,1045,9552,52,1851,1045,11403,California
El Dorado,2021-01-23,736,14032,617,7837,119,6195,0,0,625,10066,111,1962,625,12028,California
El Dorado,2021-01-24,126,14158,76,7913,50,6245,0,0,107,10154,19,1981,107,12135,California
El Dorado,2021-01-25,610,14768,204,8117,406,6651,0,0,522,10588,88,2069,522,12657,California
El Dorado,2021-01-26,673,15441,363,8480,310,6961,0,0,569,11054,104,2173,570,13227,California
El Dorado,2021-01-27,926,16367,329,8809,597,7558,0,0,590,11307,337,2510,590,13817,California
El Dorado,2021-01-28,1101,17468,451,9260,650,8208,0,0,742,11690,359,2869,742,14559,California
El Dorado,2021-01-29,973,18441,488,9748,485,8693,0,0,744,12207,228,3097,745,15304,California
El Dorado,2021-01-30,611,19052,359,10107,252,8945,0,0,450,12496,161,3258,450,15754,California
El Dorado,2021-01-31,209,19261,188,10295,21,8966,0,0,180,12647,29,3287,180,15934,California
El Dorado,2021-02-01,799,20060,368,10663,431,9397,0,0,655,13159,143,3430,655,16589,California
El Dorado,2021-02-02,838,20898,367,11030,471,9868,0,0,677,13675,161,3591,677,17266,California
El Dorado,2021-02-03,898,21796,475,11505,423,10291,0,0,686,14149,212,3803,686,17952,California
El Dorado,2021-02-04,1264,23060,721,12226,543,10834,0,0,871,14627,393,4196,871,18823,California
El Dorado,2021-02-05,1479,24539,596,12822,883,11717,0,0,865,14913,579,4775,865,19688,California
El Dorado,2021-02-06,638,25177,333,13155,305,12022,0,0,530,15336,108,4883,531,20219,California
El Dorado,2021-02-07,256,25433,176,13331,80,12102,0,0,192,15464,64,4947,192,20411,California
El Dorado,2021-02-08,878,26311,417,13748,461,12563,0,0,605,15796,273,5220,605,21016,California
El Dorado,2021-02-09,901,27212,487,14235,414,12977,0,0,479,15853,422,5642,479,21495,California
El Dorado,2021-02-10,1247,28459,730,14965,517,13494,0,0,656,15919,590,6232,656,22151,California
El Dorado,2021-02-11,2145,30604,890,15855,1255,14749,0,0,964,15704,1180,7412,965,23116,California
El Dorado,2021-02-12,1564,32168,822,16677,742,15491,0,0,678,15497,886,8298,679,23795,California
El Dorado,2021-02-13,976,33144,668,17345,308,15799,0,0,432,15388,541,8839,432,24227,California
El Dorado,2021-02-14,481,33625,153,17498,328,16127,0,0,398,15703,83,8922,398,24625,California
El Dorado,2021-02-15,1179,34804,387,17885,792,16919,0,0,826,16179,353,9275,829,25454,California
El Dorado,2021-02-16,1188,35992,529,18414,659,17578,0,0,675,16343,512,9787,676,26130,California
El Dorado,2021-02-17,898,36890,373,18787,525,18103,0,0,419,16285,479,10266,421,26551,California
El Dorado,2021-02-18,2083,38973,1011,19798,1072,19175,0,0,1354,16911,728,10994,1354,27905,California
El Dorado,2021-02-19,1164,40137,602,20400,562,19737,0,0,646,17040,518,11512,647,28552,California
El Dorado,2021-02-20,915,41052,435,20835,480,20217,0,0,667,17465,242,11754,667,29219,California
El Dorado,2021-02-21,282,41334,225,21060,57,20274,0,0,99,17382,182,11936,99,29318,California
El Dorado,2021-02-22,869,42203,434,21494,435,20709,0,0,285,17084,583,12519,285,29603,California
El Dorado,2021-02-23,835,43038,471,21965,364,21073,0,0,346,16942,488,13007,346,29949,California
El Dorado,2021-02-24,1004,44042,439,22404,565,21638,0,0,411,16761,593,13600,412,30361,California
El Dorado,2021-02-25,1621,45663,884,23288,737,22375,0,0,715,16578,900,14500,717,31078,California
El Dorado,2021-02-26,2347,48010,1481,24769,866,23241,0,0,1583,17399,762,15262,1583,32661,California
El Dorado,2021-02-27,1656,49666,439,25208,1217,24458,0,0,1217,18180,436,15698,1217,33878,California
El Dorado,2021-02-28,570,50236,204,25412,366,24824,0,0,419,18449,151,15849,420,34298,California
El Dorado,2021-03-01,1115,51351,452,25864,663,25487,0,0,606,18547,508,16357,606,34904,California
El Dorado,2021-03-02,895,52246,266,26130,629,26116,0,0,457,18568,436,16793,457,35361,California
El Dorado,2021-03-03,1666,53912,460,26590,1206,27322,0,0,1139,19188,521,17314,1141,36502,California
El Dorado,2021-03-04,2484,56396,1533,28123,951,28273,0,0,1212,19131,1269,18583,1212,37714,California
El Dorado,2021-03-05,1559,57955,422,28545,1132,29405,5,5,1029,19640,525,19108,1034,38748,California
El Dorado,2021-03-06,731,58686,208,28753,489,29894,34,39,385,19713,346,19454,419,39167,California
El Dorado,2021-03-07,400,59086,197,28950,185,30079,18,57,237,19807,161,19615,255,39422,California
El Dorado,2021-03-08,1318,60404,364,29314,884,30963,70,127,851,20264,464,20079,921,40343,California
El Dorado,2021-03-09,960,61364,227,29541,666,31629,67,194,567,20520,378,20457,634,40977,California
El Dorado,2021-03-10,932,62296,342,29883,535,32164,55,249,536,20721,390,20847,591,41568,California
El Dorado,2021-03-11,2984,65280,1823,31706,979,33143,182,431,1362,20657,1607,22454,1543,43111,California
El Dorado,2021-03-12,1764,67044,619,32325,899,34042,246,677,732,20617,1018,23472,978,44089,California
El Dorado,2021-03-13,1058,68102,344,32669,431,34473,283,960,372,20587,683,24155,653,44742,California
El Dorado,2021-03-14,792,68894,207,32876,473,34946,112,1072,279,20465,513,24668,391,45133,California
El Dorado,2021-03-15,1396,70290,300,33176,970,35916,126,1198,607,20414,785,25453,734,45867,California
El Dorado,2021-03-16,1207,71497,404,33580,659,36575,144,1342,566,20489,635,26088,710,46577,California
El Dorado,2021-03-17,1079,72576,351,33931,634,37209,94,1436,696,20896,383,26471,790,47367,California
El Dorado,2021-03-18,2967,75543,1747,35678,1176,38385,44,1480,1980,21940,980,27451,2024,49391,California
El Dorado,2021-03-19,1099,76642,358,36036,597,38982,144,1624,625,22236,474,27925,770,50161,California
El Dorado,2021-03-20,937,77579,267,36303,653,39635,17,1641,359,22045,567,28492,376,50537,California
El Dorado,2021-03-21,1024,78603,418,36721,601,40236,5,1646,935,22897,88,28580,940,51477,California
El Dorado,2021-03-22,1498,80101,487,37208,929,41165,82,1728,1190,23866,303,28883,1272,52749,California
El Dorado,2021-03-23,1144,81245,449,37657,603,41768,92,1820,740,24304,394,29277,832,53581,California
El Dorado,2021-03-24,1453,82698,620,38277,637,42405,196,2016,691,24444,747,30024,887,54468,California
El Dorado,2021-03-25,2469,85167,1666,39943,700,43105,103,2119,1368,24819,1096,31120,1471,55939,California
El Dorado,2021-03-26,1805,86972,698,40641,998,44103,109,2228,958,25056,831,31951,1068,57007,California
El Dorado,2021-03-27,1307,88279,187,40828,1116,45219,4,2232,331,24421,970,32921,335,57342,California
El Dorado,2021-03-28,613,88892,181,41009,423,45642,9,2241,196,24212,414,33335,205,57547,California
El Dorado,2021-03-29,1300,90192,431,41440,854,46496,15,2256,818,24566,479,33814,833,58380,California
El Dorado,2021-03-30,1326,91518,408,41848,827,47323,91,2347,679,24693,642,34456,769,59149,California
El Dorado,2021-03-31,1533,93051,579,42427,892,48215,62,2409,699,24621,832,35288,760,59909,California
El Dorado,2021-04-01,3194,96245,1747,44174,1364,49579,83,2492,1516,24546,1676,36964,1601,61510,California
El Dorado,2021-04-02,1861,98106,554,44728,1212,50791,95,2587,745,24274,1112,38076,840,62350,California
El Dorado,2021-04-03,734,98840,284,45012,330,51121,120,2707,216,24094,515,38591,335,62685,California
El Dorado,2021-04-04,266,99106,84,45096,135,51256,47,2754,95,24066,170,38761,142,62827,California
El Dorado,2021-04-05,1415,100521,422,45518,900,52156,93,2847,592,23932,819,39580,685,63512,California
El Dorado,2021-04-06,1405,101926,516,46034,668,52824,221,3068,447,23644,956,40536,668,64180,California
El Dorado,2021-04-07,1559,103485,551,46585,564,53388,444,3512,553,23636,1003,41539,995,65175,California
El Dorado,2021-04-08,2666,106151,1722,48307,708,54096,236,3748,1115,23442,1544,43083,1350,66525,California
El Dorado,2021-04-09,1402,107553,440,48747,744,54840,218,3966,556,23371,843,43926,772,67297,California
El Dorado,2021-04-10,814,108367,219,48966,486,55326,109,4075,472,23612,340,44266,581,67878,California
El Dorado,2021-04-11,693,109060,451,49417,226,55552,16,4091,204,23343,489,44755,220,68098,California
El Dorado,2021-04-12,1280,110340,499,49916,635,56187,146,4237,564,23344,709,45464,710,68808,California
El Dorado,2021-04-13,1116,111456,608,50524,508,56695,0,4237,519,23270,593,46057,519,69327,California
El Dorado,2021-04-14,1062,112518,434,50958,627,57322,1,4238,362,22945,688,46745,363,69690,California
El Dorado,2021-04-15,2479,114997,1671,52629,808,58130,0,4238,964,22398,1512,48257,965,70655,California
El Dorado,2021-04-16,1447,116444,513,53142,934,59064,0,4238,610,22177,832,49089,611,71266,California
El Dorado,2021-04-17,743,117187,195,53337,548,59612,0,4238,477,22389,265,49354,477,71743,California
El Dorado,2021-04-18,959,118146,74,53411,885,60497,0,4238,394,22219,564,49918,394,72137,California
El Dorado,2021-04-19,1695,119841,433,53844,1262,61759,0,4238,686,21902,1003,50921,686,72823,California
El Dorado,2021-04-20,1097,120938,346,54190,751,62510,0,4238,454,21717,639,51560,454,73277,California
El Dorado,2021-04-21,1115,122053,452,54642,660,63170,3,4241,565,21739,544,52104,566,73843,California
El Dorado,2021-04-22,2396,124449,1616,56258,780,63950,0,4241,966,21276,1429,53533,966,74809,California
El Dorado,2021-04-23,1217,125666,421,56679,796,64746,0,4241,609,21280,605,54138,609,75418,California
El Dorado,2021-04-24,386,126052,204,56883,182,64928,0,4241,243,21382,141,54279,243,75661,California
El Dorado,2021-04-25,64,126116,46,56929,18,64946,0,4241,42,21403,22,54301,43,75704,California
Fresno,2020-12-15,2,2,2,2,0,0,0,0,2,2,0,0,2,2,California
Fresno,2020-12-16,121,123,121,123,0,0,0,0,121,123,0,0,121,123,California
Fresno,2020-12-17,120,243,120,243,0,0,0,0,120,243,0,0,120,243,California
Fresno,2020-12-18,344,587,344,587,0,0,0,0,344,587,0,0,344,587,California
Fresno,2020-12-19,157,744,157,744,0,0,0,0,157,744,0,0,157,744,California
Fresno,2020-12-20,257,1001,255,999,2,2,0,0,257,1001,0,0,257,1001,California
Fresno,2020-12-21,925,1926,924,1923,1,3,0,0,957,1958,0,0,957,1958,California
Fresno,2020-12-22,901,2827,872,2795,29,32,0,0,905,2863,0,0,905,2863,California
Fresno,2020-12-23,1084,3911,1047,3842,37,69,0,0,1085,3948,0,0,1085,3948,California
Fresno,2020-12-24,581,4492,562,4404,19,88,0,0,581,4529,0,0,581,4529,California
Fresno,2020-12-25,2,4494,1,4405,1,89,0,0,2,4531,0,0,2,4531,California
Fresno,2020-12-26,722,5216,713,5118,9,98,0,0,722,5253,0,0,722,5253,California
Fresno,2020-12-27,300,5516,204,5322,96,194,0,0,300,5553,0,0,300,5553,California
Fresno,2020-12-28,1061,6577,774,6096,287,481,0,0,1061,6614,0,0,1061,6614,California
Fresno,2020-12-29,1769,8346,1040,7136,729,1210,0,0,1767,8380,1,1,1767,8381,California
Fresno,2020-12-30,980,9326,477,7613,503,1713,0,0,980,9360,0,1,980,9361,California
Fresno,2020-12-31,894,10220,310,7923,584,2297,0,0,893,10253,0,1,893,10254,California
Fresno,2021-01-01,9,10229,3,7926,6,2303,0,0,9,10262,0,1,9,10263,California
Fresno,2021-01-02,1031,11260,717,8643,314,2617,0,0,1031,11293,0,1,1031,11294,California
Fresno,2021-01-03,153,11413,128,8771,25,2642,0,0,153,11446,0,1,153,11447,California
Fresno,2021-01-04,612,12025,374,9145,238,2880,0,0,612,12058,0,1,612,12059,California
Fresno,2021-01-05,777,12802,311,9456,466,3346,0,0,703,12687,74,75,703,12762,California
Fresno,2021-01-06,974,13776,346,9802,628,3974,0,0,802,13317,172,247,802,13564,California
Fresno,2021-01-07,1887,15663,916,10718,971,4945,0,0,1633,14699,254,501,1636,15200,California
Fresno,2021-01-08,1779,17442,614,11332,1165,6110,0,0,1415,15752,362,863,1415,16615,California
Fresno,2021-01-09,628,18070,386,11718,242,6352,0,0,354,15832,274,1137,354,16969,California
Fresno,2021-01-10,515,18585,485,12203,30,6382,0,0,202,15721,313,1450,202,17171,California
Fresno,2021-01-11,2157,20742,1751,13954,406,6788,0,0,1464,16495,693,2143,1467,18638,California
Fresno,2021-01-12,2522,23264,1826,15780,696,7484,0,0,1675,17323,849,2992,1677,20315,California
Fresno,2021-01-13,3534,26798,2421,18201,1113,8597,0,0,2678,19147,856,3848,2680,22995,California
Fresno,2021-01-14,4147,30945,2198,20399,1949,10546,0,0,3677,22355,469,4317,3677,26672,California
Fresno,2021-01-15,3641,34586,2531,22930,1110,11656,0,0,3283,25284,358,4675,3287,29959,California
Fresno,2021-01-16,3150,37736,2308,25238,842,12498,0,0,2686,27508,463,5138,2687,32646,California
Fresno,2021-01-17,977,38713,555,25793,422,12920,0,0,779,28089,198,5336,779,33425,California
Fresno,2021-01-18,3072,41785,2367,28160,705,13625,0,0,2408,29837,662,5998,2410,35835,California
Fresno,2021-01-19,4323,46108,2540,30700,1783,15408,0,0,3676,32869,647,6645,3679,39514,California
Fresno,2021-01-20,2994,49102,1186,31886,1808,17216,0,0,2694,35265,301,6946,2697,42211,California
Fresno,2021-01-21,4347,53449,1999,33885,2348,19564,0,0,4000,38941,329,7275,4005,46216,California
Fresno,2021-01-22,3308,56757,1346,35231,1962,21526,0,0,2920,41491,371,7646,2921,49137,California
Fresno,2021-01-23,3042,59799,1969,37200,1073,22599,0,0,2319,43095,722,8368,2326,51463,California
Fresno,2021-01-24,552,60351,372,37572,180,22779,0,0,347,43240,205,8573,350,51813,California
Fresno,2021-01-25,2338,62689,864,38436,1474,24253,0,0,1852,44610,486,9059,1856,53669,California
Fresno,2021-01-26,2019,64708,584,39020,1435,25688,0,0,1316,45226,701,9760,1317,54986,California
Fresno,2021-01-27,2254,66962,1164,40184,1090,26778,0,0,1734,46444,519,10279,1737,56723,California
Fresno,2021-01-28,4472,71434,3038,43222,1434,28212,0,0,3456,48891,1012,11291,3459,60182,California
Fresno,2021-01-29,1700,73134,984,44206,716,28928,0,0,1403,50001,294,11585,1404,61586,California
Fresno,2021-01-30,1443,74577,550,44756,893,29821,0,0,1028,50614,415,12000,1028,62614,California
Fresno,2021-01-31,225,74802,216,44972,9,29830,0,0,71,50531,154,12154,71,62685,California
Fresno,2021-02-01,3327,78129,1662,46634,1665,31495,0,0,1815,50853,1511,13665,1833,64518,California
Fresno,2021-02-02,2715,80844,551,47185,2164,33659,0,0,1585,51338,1116,14781,1601,66119,California
Fresno,2021-02-03,3532,84376,2095,49280,1437,35096,0,0,1518,50857,2000,16781,1519,67638,California
Fresno,2021-02-04,4193,88569,1894,51174,2299,37395,0,0,1929,50557,2234,19015,1934,69572,California
Fresno,2021-02-05,5323,93892,2723,53897,2600,39995,0,0,2305,49851,3013,22028,2307,71879,California
Fresno,2021-02-06,2933,96825,2046,55943,887,40882,0,0,975,48873,1955,23983,977,72856,California
Fresno,2021-02-07,465,97290,286,56229,179,41061,0,0,271,48951,193,24176,271,73127,California
Fresno,2021-02-08,4273,101563,2293,58522,1980,43041,0,0,1810,48331,2439,26615,1819,74946,California
Fresno,2021-02-09,5327,106890,2081,60603,3246,46287,0,0,3118,49323,2134,28749,3126,78072,California
Fresno,2021-02-10,3875,110765,1234,61837,2641,48928,0,0,1985,49484,1835,30584,1996,80068,California
Fresno,2021-02-11,6441,117206,2089,63926,4352,53280,0,0,3380,49823,3046,33630,3385,83453,California
Fresno,2021-02-12,5371,122577,1382,65308,3989,57269,0,0,2742,49961,2610,36240,2748,86201,California
Fresno,2021-02-13,3729,126306,1546,66854,2183,59452,0,0,2079,50406,1639,37879,2084,88285,California
Fresno,2021-02-14,1561,127867,281,67135,1280,60732,0,0,848,50544,712,38591,850,89135,California
Fresno,2021-02-15,2887,130754,271,67406,2616,63348,0,0,1783,51231,1100,39691,1787,90922,California
Fresno,2021-02-16,6677,137431,2400,69806,4277,67625,0,0,4244,53065,2416,42107,4250,95172,California
Fresno,2021-02-17,5331,142762,2454,72260,2877,70502,0,0,2982,53746,2305,44412,2986,98158,California
Fresno,2021-02-18,6854,149616,2902,75162,3952,74454,0,0,2579,52110,4226,48638,2590,100748,California
Fresno,2021-02-19,3833,153449,1099,76261,2734,77188,0,0,1828,51946,1995,50633,1831,102579,California
Fresno,2021-02-20,4535,157984,2501,78762,2034,79222,0,0,3056,53535,1473,52106,3062,105641,California
Fresno,2021-02-21,187,158171,170,78932,17,79239,0,0,128,53617,46,52152,128,105769,California
Fresno,2021-02-22,2227,160398,1000,79932,1227,80466,0,0,1224,53850,995,53147,1228,106997,California
Fresno,2021-02-23,3877,164275,1470,81402,2407,82873,0,0,3018,56021,849,53996,3020,110017,California
Fresno,2021-02-24,4171,168446,1492,82894,2679,85552,0,0,3427,58718,733,54729,3430,113447,California
Fresno,2021-02-25,7468,175914,2511,85405,4957,90509,0,0,6013,63347,1391,56120,6020,119467,California
Fresno,2021-02-26,8313,184227,3031,88436,5282,95791,0,0,7033,69126,1259,57379,7038,126505,California
Fresno,2021-02-27,6286,190513,2197,90633,4089,99880,0,0,5603,74060,675,58054,5609,132114,California
Fresno,2021-02-28,1634,192147,530,91163,1104,100984,0,0,1548,75533,75,58129,1548,133662,California
Fresno,2021-03-01,4901,197048,1289,92452,3612,104596,0,0,3598,77846,1293,59422,3606,137268,California
Fresno,2021-03-02,8486,205534,2302,94754,6184,110780,0,0,7128,83662,1335,60757,7151,144419,California
Fresno,2021-03-03,6678,212212,1610,96364,5067,115847,1,1,5665,88443,999,61756,5780,150199,California
Fresno,2021-03-04,8471,220683,2529,98893,5942,121789,0,1,6957,93920,1488,63244,6965,157164,California
Fresno,2021-03-05,7934,228617,2701,101594,5232,127021,1,2,6921,100035,882,64126,6997,164161,California
Fresno,2021-03-06,6460,235077,3537,105131,2806,129827,117,119,5516,104734,938,65064,5637,169798,California
Fresno,2021-03-07,1473,236550,675,105806,764,130591,34,153,1246,105790,225,65289,1281,171079,California
Fresno,2021-03-08,5039,241589,1997,107803,2890,133481,152,305,3868,108657,1164,66453,4031,175110,California
Fresno,2021-03-09,7045,248634,2369,110172,4407,137888,269,574,3947,109828,3080,69533,4251,179361,California
Fresno,2021-03-10,6610,255244,2742,112914,3476,141364,392,966,5215,114059,1385,70918,5616,184977,California
Fresno,2021-03-11,11335,266579,4537,117451,6232,147596,566,1532,6191,115789,5103,76021,6833,191810,California
Fresno,2021-03-12,11512,278091,4917,122368,6145,153741,450,1982,8528,121940,2967,78988,9118,200928,California
Fresno,2021-03-13,8155,286246,3897,126265,3236,156977,1022,3004,3915,122729,4221,83209,5010,205938,California
Fresno,2021-03-14,1746,287992,466,126731,1000,157977,280,3284,659,122588,1078,84287,937,206875,California
Fresno,2021-03-15,6904,294896,2985,129716,3749,161726,170,3454,4746,125543,2144,86431,5099,211974,California
Fresno,2021-03-16,10045,304941,4402,134118,5249,166975,394,3848,6043,128102,3974,90405,6533,218507,California
Fresno,2021-03-17,8445,313386,3868,137986,3882,170857,695,4543,5672,132094,2755,93160,6747,225254,California
Fresno,2021-03-18,12231,325617,6555,144541,5047,175904,629,5172,8023,137002,4166,97326,9074,234328,California
Fresno,2021-03-19,10740,336357,5622,150163,4504,180408,614,5786,7275,141746,3438,100764,8182,242510,California
Fresno,2021-03-20,7363,343720,4409,154572,2642,183050,312,6098,4510,144006,2831,103595,5091,247601,California
Fresno,2021-03-21,1770,345490,1199,155771,200,183250,371,6469,960,144532,806,104401,1332,248933,California
Fresno,2021-03-22,5632,351122,2887,158658,2150,185400,595,7064,3841,147391,1776,106177,4635,253568,California
Fresno,2021-03-23,10533,361655,5236,163894,4804,190204,493,7557,6074,149943,4442,110619,6994,260562,California
Fresno,2021-03-24,8592,370247,3630,167524,4133,194337,829,8386,4733,151731,3827,114446,5615,266177,California
Fresno,2021-03-25,12039,382286,5572,173096,5685,200022,782,9168,6186,152966,5815,120261,7050,273227,California
Fresno,2021-03-26,11985,394271,5321,178417,6022,206044,642,9810,5276,152238,6665,126926,5937,279164,California
Fresno,2021-03-27,9359,403630,4123,182540,4152,210196,1084,10894,2935,149869,6391,133317,4022,283186,California
Fresno,2021-03-28,3277,406907,1197,183737,1393,211589,687,11581,1257,150059,2013,135330,2203,285389,California
Fresno,2021-03-29,5988,412895,1976,185713,3471,215060,541,12122,2906,150462,3057,138387,3460,288849,California
Fresno,2021-03-30,10720,423615,4199,189912,5640,220700,881,13003,4437,149520,6261,144648,5319,294168,California
Fresno,2021-03-31,9209,432824,3307,193219,4924,225624,978,13981,3838,149001,5334,149982,4815,298983,California
Fresno,2021-04-01,11267,444091,4048,197267,6371,231995,848,14829,3911,146436,7283,157265,4718,303701,California
Fresno,2021-04-02,11453,455544,4390,201657,6278,238273,785,15614,4195,144312,7110,164375,4986,308687,California
Fresno,2021-04-03,6130,461674,3372,205029,2510,240783,248,15862,2208,142898,3908,168283,2494,311181,California
Fresno,2021-04-04,1488,463162,534,205563,911,241694,43,15905,564,142589,916,169199,607,311788,California
Fresno,2021-04-05,8220,471382,4437,210000,2990,244684,793,16698,2518,140275,5694,174893,3380,315168,California
Fresno,2021-04-06,9451,480833,3935,213935,4341,249025,1175,17873,3583,139210,5836,180729,4771,319939,California
Fresno,2021-04-07,10279,491112,5284,219219,3815,252840,1180,19053,3541,137255,6705,187434,4750,324689,California
Fresno,2021-04-08,10769,501881,5109,224328,4528,257368,1132,20185,3500,134700,7232,194666,4677,329366,California
Fresno,2021-04-09,10612,512493,5068,229396,4195,261563,1349,21534,3576,132649,6999,201665,4948,334314,California
Fresno,2021-04-10,7801,520294,5105,234501,2176,263739,520,22054,3715,132804,4081,205746,4236,338550,California
Fresno,2021-04-11,1387,521681,928,235429,369,264108,90,22144,449,132409,933,206679,538,339088,California
Fresno,2021-04-12,7088,528769,3755,239184,2430,266538,903,23047,2313,130870,4756,211435,3217,342305,California
Fresno,2021-04-13,8871,537640,4211,243395,4590,271128,70,23117,3500,129190,5342,216777,3662,345967,California
Fresno,2021-04-14,8757,546397,5126,248521,3631,274759,0,23117,3617,127744,5108,221885,3662,349629,California
Fresno,2021-04-15,7745,554142,3604,252125,4139,278898,2,23119,3001,126032,4718,226603,3006,352635,California
Fresno,2021-04-16,8898,563040,4221,256346,4675,283573,2,23121,3812,124803,5048,231651,3819,356454,California
Fresno,2021-04-17,5560,568600,3729,260075,1831,285404,0,23121,2712,124683,2833,234484,2713,359167,California
Fresno,2021-04-18,1016,569616,547,260622,469,285873,0,23121,472,124613,542,235026,472,359639,California
Fresno,2021-04-19,5372,574988,2899,263521,2469,288342,4,23125,2167,123613,3174,238200,2174,361813,California
Fresno,2021-04-20,6767,581755,3287,266808,3472,291814,8,23133,2522,121922,4222,242422,2531,364344,California
Fresno,2021-04-21,6116,587871,3385,270193,2723,294537,8,23141,2551,120942,3543,245965,2563,366907,California
Fresno,2021-04-22,6085,593956,3000,273193,3084,297621,1,23142,2201,119303,3843,249808,2204,369111,California
Fresno,2021-04-23,6195,600151,3464,276657,2709,300330,22,23164,2489,118131,3672,253480,2500,371611,California
Fresno,2021-04-24,3264,603415,2079,278736,1185,301515,0,23164,1563,117999,1695,255175,1563,373174,California
Fresno,2021-04-25,213,603628,43,278779,170,301685,0,23164,138,118062,75,255250,138,373312,California
Glenn,2020-12-17,1,1,1,1,0,0,0,0,1,1,0,0,1,1,California
Glenn,2020-12-19,1,2,1,2,0,0,0,0,1,2,0,0,1,2,California
Glenn,2020-12-20,1,3,1,3,0,0,0,0,1,3,0,0,1,3,California
Glenn,2020-12-21,11,14,11,14,0,0,0,0,11,14,0,0,11,14,California
Glenn,2020-12-22,59,73,59,73,0,0,0,0,59,73,0,0,59,73,California
Glenn,2020-12-23,27,100,27,100,0,0,0,0,27,100,0,0,27,100,California
Glenn,2020-12-24,9,109,9,109,0,0,0,0,9,109,0,0,9,109,California
Glenn,2020-12-26,2,111,2,111,0,0,0,0,2,111,0,0,2,111,California
Glenn,2020-12-27,4,115,4,115,0,0,0,0,4,115,0,0,4,115,California
Glenn,2020-12-28,21,136,21,136,0,0,0,0,21,136,0,0,21,136,California
Glenn,2020-12-29,82,218,82,218,0,0,0,0,82,218,0,0,82,218,California
Glenn,2020-12-30,128,346,106,324,22,22,0,0,128,346,0,0,128,346,California
Glenn,2020-12-31,38,384,9,333,29,51,0,0,38,384,0,0,38,384,California
Glenn,2021-01-02,2,386,2,335,0,51,0,0,2,386,0,0,2,386,California
Glenn,2021-01-04,7,393,5,340,2,53,0,0,7,393,0,0,7,393,California
Glenn,2021-01-05,9,402,8,348,1,54,0,0,9,402,0,0,9,402,California
Glenn,2021-01-06,60,462,8,356,52,106,0,0,60,462,0,0,60,462,California
Glenn,2021-01-07,67,529,12,368,55,161,0,0,65,525,2,2,65,527,California
Glenn,2021-01-08,11,540,9,377,2,163,0,0,11,536,0,2,11,538,California
Glenn,2021-01-10,1,541,1,378,0,163,0,0,0,535,1,3,0,538,California
Glenn,2021-01-11,30,571,30,408,0,163,0,0,12,529,18,21,12,550,California
Glenn,2021-01-12,42,613,37,445,5,168,0,0,14,515,28,49,14,564,California
Glenn,2021-01-13,153,766,88,533,65,233,0,0,109,580,44,93,109,673,California
Glenn,2021-01-14,185,951,96,629,89,322,0,0,175,745,10,103,175,848,California
Glenn,2021-01-15,42,993,34,663,8,330,0,0,37,777,5,108,37,885,California
Glenn,2021-01-16,34,1027,14,677,20,350,0,0,24,791,10,118,24,909,California
Glenn,2021-01-17,4,1031,2,679,2,352,0,0,2,791,2,120,2,911,California
Glenn,2021-01-18,17,1048,16,695,1,353,0,0,9,792,8,128,9,920,California
Glenn,2021-01-19,31,1079,20,715,11,364,0,0,14,789,17,145,14,934,California
Glenn,2021-01-20,163,1242,94,809,69,433,0,0,82,790,81,226,82,1016,California
Glenn,2021-01-21,124,1366,98,907,26,459,0,0,30,726,94,320,30,1046,California
Glenn,2021-01-22,337,1703,63,970,274,733,0,0,330,1049,7,327,330,1376,California
Glenn,2021-01-23,14,1717,7,977,7,740,0,0,12,1059,2,329,12,1388,California
Glenn,2021-01-24,2,1719,2,979,0,740,0,0,2,1061,0,329,2,1390,California
Glenn,2021-01-25,27,1746,9,988,18,758,0,0,24,1082,3,332,24,1414,California
Glenn,2021-01-26,29,1775,13,1001,16,774,0,0,23,1099,6,338,23,1437,California
Glenn,2021-01-27,187,1962,13,1014,174,948,0,0,166,1244,21,359,166,1603,California
Glenn,2021-01-28,146,2108,8,1022,138,1086,0,0,116,1330,30,389,116,1719,California
Glenn,2021-01-29,296,2404,12,1034,284,1370,0,0,282,1598,14,403,282,2001,California
Glenn,2021-01-30,5,2409,0,1034,5,1375,0,0,5,1603,0,403,5,2006,California
Glenn,2021-01-31,1,2410,0,1034,1,1376,0,0,1,1604,0,403,1,2007,California
Glenn,2021-02-01,28,2438,10,1044,18,1394,0,0,16,1608,12,415,16,2023,California
Glenn,2021-02-02,28,2466,13,1057,15,1409,0,0,19,1618,9,424,19,2042,California
Glenn,2021-02-03,207,2673,58,1115,149,1558,0,0,112,1635,95,519,112,2154,California
Glenn,2021-02-04,150,2823,84,1199,66,1624,0,0,45,1575,105,624,45,2199,California
Glenn,2021-02-05,319,3142,24,1223,295,1919,0,0,300,1856,19,643,300,2499,California
Glenn,2021-02-06,14,3156,2,1225,12,1931,0,0,13,1868,1,644,13,2512,California
Glenn,2021-02-07,2,3158,2,1227,0,1931,0,0,2,1870,0,644,2,2514,California
Glenn,2021-02-08,21,3179,17,1244,4,1935,0,0,4,1857,17,661,4,2518,California
Glenn,2021-02-09,49,3228,20,1264,29,1964,0,0,36,1880,13,674,36,2554,California
Glenn,2021-02-10,138,3366,19,1283,119,2083,0,0,64,1870,74,748,64,2618,California
Glenn,2021-02-11,232,3598,132,1415,100,2183,0,0,149,1936,83,831,149,2767,California
Glenn,2021-02-12,420,4018,99,1514,321,2504,0,0,356,2228,64,895,356,3123,California
Glenn,2021-02-13,34,4052,7,1521,27,2531,0,0,16,2226,18,913,16,3139,California
Glenn,2021-02-14,1,4053,0,1521,1,2532,0,0,1,2227,0,913,1,3140,California
Glenn,2021-02-15,8,4061,0,1521,8,2540,0,0,8,2235,0,913,8,3148,California
Glenn,2021-02-16,39,4100,9,1530,30,2570,0,0,21,2238,18,931,21,3169,California
Glenn,2021-02-17,380,4480,15,1545,365,2935,0,0,302,2462,78,1009,302,3471,California
Glenn,2021-02-18,135,4615,100,1645,35,2970,0,0,111,2549,24,1033,111,3582,California
Glenn,2021-02-19,303,4918,17,1662,286,3256,0,0,29,2304,274,1307,29,3611,California
Glenn,2021-02-20,8,4926,0,1662,8,3264,0,0,0,2296,8,1315,0,3611,California
Glenn,2021-02-22,33,4959,14,1676,19,3283,0,0,17,2297,16,1331,17,3628,California
Glenn,2021-02-23,40,4999,10,1686,30,3313,0,0,28,2313,12,1343,28,3656,California
Glenn,2021-02-24,221,5220,15,1701,206,3519,0,0,47,2186,174,1517,47,3703,California
Glenn,2021-02-25,262,5482,148,1849,114,3633,0,0,118,2160,144,1661,118,3821,California
Glenn,2021-02-26,304,5786,24,1873,280,3913,0,0,20,1897,283,1944,20,3841,California
Glenn,2021-02-27,15,5801,5,1878,10,3923,0,0,5,1893,9,1953,5,3846,California
Glenn,2021-02-28,6,5807,3,1881,3,3926,0,0,3,1894,2,1955,3,3849,California
Glenn,2021-03-01,28,5835,6,1887,22,3948,0,0,12,1890,16,1971,12,3861,California
Glenn,2021-03-02,35,5870,7,1894,28,3976,0,0,17,1889,18,1989,17,3878,California
Glenn,2021-03-03,193,6063,37,1931,156,4132,0,0,101,1899,91,2080,101,3979,California
Glenn,2021-03-04,521,6584,176,2107,345,4477,0,0,376,2130,145,2225,376,4355,California
Glenn,2021-03-05,355,6939,47,2154,308,4785,0,0,34,1843,321,2546,34,4389,California
Glenn,2021-03-06,26,6965,3,2157,22,4807,1,1,9,1836,17,2563,10,4399,California
Glenn,2021-03-07,5,6970,0,2157,5,4812,0,1,3,1838,1,2564,3,4402,California
Glenn,2021-03-08,20,6990,2,2159,17,4829,1,2,18,1855,2,2566,19,4421,California
Glenn,2021-03-09,82,7072,11,2170,68,4897,3,5,54,1883,28,2594,56,4477,California
Glenn,2021-03-10,171,7243,68,2238,101,4998,2,7,95,1904,76,2670,97,4574,California
Glenn,2021-03-11,584,7827,170,2408,391,5389,23,30,454,2251,130,2800,477,5051,California
Glenn,2021-03-12,417,8244,14,2422,342,5731,61,91,41,1977,376,3176,102,5153,California
Glenn,2021-03-13,12,8256,1,2423,3,5734,8,99,1,1975,11,3187,9,5162,California
Glenn,2021-03-14,3,8259,1,2424,2,5736,0,99,2,1976,1,3188,2,5164,California
Glenn,2021-03-15,75,8334,15,2439,55,5791,5,104,60,2026,15,3203,65,5229,California
Glenn,2021-03-16,106,8440,33,2472,62,5853,11,115,65,2061,41,3244,76,5305,California
Glenn,2021-03-17,417,8857,97,2569,313,6166,7,122,116,1881,301,3545,121,5426,California
Glenn,2021-03-18,520,9377,214,2783,50,6216,256,378,145,1906,375,3920,400,5826,California
Glenn,2021-03-19,91,9468,16,2799,69,6285,6,384,70,1962,20,3940,76,5902,California
Glenn,2021-03-20,121,9589,1,2800,119,6404,1,385,119,2080,2,3942,120,6022,California
Glenn,2021-03-21,6,9595,5,2805,0,6404,1,386,3,2082,2,3944,4,6026,California
Glenn,2021-03-22,116,9711,53,2858,55,6459,8,394,96,2168,18,3962,104,6130,California
Glenn,2021-03-23,173,9884,66,2924,56,6515,51,445,100,2247,72,4034,151,6281,California
Glenn,2021-03-24,205,10089,100,3024,100,6615,5,450,133,2314,71,4105,138,6419,California
Glenn,2021-03-25,455,10544,226,3250,135,6750,94,544,326,2606,128,4233,420,6839,California
Glenn,2021-03-26,226,10770,35,3285,155,6905,36,580,176,2768,50,4283,212,7051,California
Glenn,2021-03-27,151,10921,21,3306,125,7030,5,585,140,2903,10,4293,145,7196,California
Glenn,2021-03-28,15,10936,10,3316,5,7035,0,585,10,2908,5,4298,10,7206,California
Glenn,2021-03-29,58,10994,19,3335,36,7071,3,588,44,2941,14,4312,47,7253,California
Glenn,2021-03-30,73,11067,41,3376,31,7102,1,589,42,2955,29,4341,43,7296,California
Glenn,2021-03-31,125,11192,35,3411,89,7191,1,590,54,2940,70,4411,55,7351,California
Glenn,2021-04-01,637,11829,182,3593,446,7637,9,599,226,2766,409,4820,235,7586,California
Glenn,2021-04-02,158,11987,25,3618,121,7758,12,611,122,2864,36,4856,134,7720,California
Glenn,2021-04-03,91,12078,4,3622,80,7838,7,618,80,2940,11,4867,87,7807,California
Glenn,2021-04-04,8,12086,3,3625,3,7841,2,620,4,2942,4,4871,6,7813,California
Glenn,2021-04-05,65,12151,25,3650,27,7868,13,633,28,2946,37,4908,41,7854,California
Glenn,2021-04-06,143,12294,52,3702,52,7920,39,672,37,2916,105,5013,75,7929,California
Glenn,2021-04-07,159,12453,46,3748,59,7979,54,726,73,2957,86,5099,127,8056,California
Glenn,2021-04-08,638,13091,188,3936,416,8395,34,760,137,2629,499,5598,171,8227,California
Glenn,2021-04-09,158,13249,58,3994,84,8479,16,776,101,2689,57,5655,117,8344,California
Glenn,2021-04-10,75,13324,1,3995,63,8542,11,787,63,2751,12,5667,74,8418,California
Glenn,2021-04-11,17,13341,8,4003,4,8546,5,792,7,2753,10,5677,12,8430,California
Glenn,2021-04-12,114,13455,24,4027,61,8607,29,821,20,2708,94,5771,49,8479,California
Glenn,2021-04-13,117,13572,63,4090,54,8661,0,821,31,2654,85,5856,31,8510,California
Glenn,2021-04-14,120,13692,45,4135,75,8736,0,821,66,2666,54,5910,66,8576,California
Glenn,2021-04-15,360,14052,274,4409,86,8822,0,821,124,2554,236,6146,124,8700,California
Glenn,2021-04-16,164,14216,40,4449,124,8946,0,821,81,2552,83,6229,81,8781,California
Glenn,2021-04-17,163,14379,16,4465,147,9093,0,821,35,2465,122,6351,35,8816,California
Glenn,2021-04-18,16,14395,3,4468,13,9106,0,821,13,2475,3,6354,13,8829,California
Glenn,2021-04-19,82,14477,17,4485,65,9171,0,821,27,2448,54,6408,27,8856,California
Glenn,2021-04-20,125,14602,81,4566,44,9215,0,821,56,2435,69,6477,56,8912,California
Glenn,2021-04-21,407,15009,304,4870,103,9318,0,821,282,2592,125,6602,282,9194,California
Glenn,2021-04-22,206,15215,47,4917,159,9477,0,821,44,2475,161,6763,44,9238,California
Glenn,2021-04-23,166,15381,24,4941,142,9619,0,821,46,2402,119,6882,46,9284,California
Glenn,2021-04-24,168,15549,20,4961,148,9767,0,821,39,2312,129,7011,39,9323,California
Glenn,2021-04-25,2,15551,0,4961,2,9769,0,821,2,2314,0,7011,2,9325,California
Humboldt,2020-12-15,2,2,2,2,0,0,0,0,2,2,0,0,2,2,California
Humboldt,2020-12-16,15,17,15,17,0,0,0,0,15,17,0,0,15,17,California
Humboldt,2020-12-17,117,134,117,134,0,0,0,0,117,134,0,0,117,134,California
Humboldt,2020-12-18,176,310,176,310,0,0,0,0,176,310,0,0,176,310,California
Humboldt,2020-12-19,10,320,10,320,0,0,0,0,10,320,0,0,10,320,California
Humboldt,2020-12-20,28,348,28,348,0,0,0,0,28,348,0,0,28,348,California
Humboldt,2020-12-21,165,513,165,513,0,0,0,0,165,513,0,0,165,513,California
Humboldt,2020-12-22,293,806,293,806,0,0,0,0,293,806,0,0,293,806,California
Humboldt,2020-12-23,310,1116,262,1068,48,48,0,0,311,1117,0,0,311,1117,California
Humboldt,2020-12-24,25,1141,2,1070,23,71,0,0,25,1142,0,0,25,1142,California
Humboldt,2020-12-25,2,1143,2,1072,0,71,0,0,2,1144,0,0,2,1144,California
Humboldt,2020-12-26,6,1149,5,1077,1,72,0,0,6,1150,0,0,6,1150,California
Humboldt,2020-12-28,154,1303,144,1221,10,82,0,0,154,1304,0,0,154,1304,California
Humboldt,2020-12-29,167,1470,124,1345,43,125,0,0,167,1471,0,0,167,1471,California
Humboldt,2020-12-30,223,1693,124,1469,99,224,0,0,223,1694,0,0,223,1694,California
Humboldt,2020-12-31,242,1935,79,1548,163,387,0,0,242,1936,0,0,242,1936,California
Humboldt,2021-01-01,2,1937,1,1549,1,388,0,0,2,1938,0,0,2,1938,California
Humboldt,2021-01-02,38,1975,1,1550,37,425,0,0,38,1976,0,0,38,1976,California
Humboldt,2021-01-04,217,2192,142,1692,75,500,0,0,218,2194,0,0,218,2194,California
Humboldt,2021-01-05,128,2320,18,1710,110,610,0,0,127,2320,1,1,127,2321,California
Humboldt,2021-01-06,302,2622,203,1913,99,709,0,0,230,2489,61,62,230,2551,California
Humboldt,2021-01-07,417,3039,305,2218,112,821,0,0,304,2695,98,160,304,2855,California
Humboldt,2021-01-08,419,3458,279,2497,140,961,0,0,284,2848,131,291,284,3139,California
Humboldt,2021-01-09,69,3527,45,2542,24,985,0,0,66,2912,3,294,67,3206,California
Humboldt,2021-01-10,84,3611,84,2626,0,985,0,0,4,2836,80,374,4,3210,California
Humboldt,2021-01-11,287,3898,276,2902,11,996,0,0,72,2697,211,585,72,3282,California
Humboldt,2021-01-12,480,4378,317,3219,163,1159,0,0,298,2835,160,745,298,3580,California
Humboldt,2021-01-13,480,4858,274,3493,206,1365,0,0,303,2965,174,919,304,3884,California
Humboldt,2021-01-14,518,5376,161,3654,357,1722,0,0,462,3372,56,975,463,4347,California
Humboldt,2021-01-15,374,5750,39,3693,335,2057,0,0,357,3712,17,992,357,4704,California
Humboldt,2021-01-16,170,5920,6,3699,164,2221,0,0,169,3880,1,993,169,4873,California
Humboldt,2021-01-17,6,5926,4,3703,2,2223,0,0,6,3886,0,993,6,4879,California
Humboldt,2021-01-18,292,6218,257,3960,35,2258,0,0,143,3880,149,1142,143,5022,California
Humboldt,2021-01-19,626,6844,372,4332,254,2512,0,0,499,4258,121,1263,499,5521,California
Humboldt,2021-01-20,911,7755,401,4733,510,3022,0,0,763,4884,139,1402,765,6286,California
Humboldt,2021-01-21,956,8711,260,4993,696,3718,0,0,915,5758,41,1443,915,7201,California
Humboldt,2021-01-22,675,9386,376,5369,299,4017,0,0,667,6417,8,1451,667,7868,California
Humboldt,2021-01-23,800,10186,271,5640,529,4546,0,0,791,7200,9,1460,792,8660,California
Humboldt,2021-01-24,226,10412,1,5641,225,4771,0,0,225,7424,1,1461,225,8885,California
Humboldt,2021-01-25,303,10715,232,5873,71,4842,0,0,149,7419,154,1615,149,9034,California
Humboldt,2021-01-26,526,11241,141,6014,385,5227,0,0,479,7851,47,1662,479,9513,California
Humboldt,2021-01-27,1258,12499,585,6599,673,5900,0,0,1193,8987,58,1720,1194,10707,California
Humboldt,2021-01-28,1448,13947,627,7226,821,6721,0,0,1313,10170,132,1852,1315,12022,California
Humboldt,2021-01-29,1129,15076,543,7769,586,7307,0,0,710,10462,419,2271,711,12733,California
Humboldt,2021-01-30,972,16048,458,8227,514,7821,0,0,961,11413,11,2282,962,13695,California
Humboldt,2021-01-31,310,16358,309,8536,1,7822,0,0,309,11721,1,2283,309,14004,California
Humboldt,2021-02-01,333,16691,192,8728,141,7963,0,0,189,11767,143,2426,189,14193,California
Humboldt,2021-02-02,442,17133,73,8801,369,8332,0,0,339,12007,101,2527,341,14534,California
Humboldt,2021-02-03,652,17785,259,9060,393,8725,0,0,502,12359,150,2677,502,15036,California
Humboldt,2021-02-04,638,18423,262,9322,376,9101,0,0,442,12608,193,2870,442,15478,California
Humboldt,2021-02-05,810,19233,94,9416,716,9817,0,0,624,13046,186,3056,624,16102,California
Humboldt,2021-02-06,1053,20286,443,9859,610,10427,0,0,1012,14019,40,3096,1013,17115,California
Humboldt,2021-02-07,377,20663,7,9866,370,10797,0,0,373,14389,4,3100,374,17489,California
Humboldt,2021-02-08,325,20988,142,10008,183,10980,0,0,184,14433,140,3240,184,17673,California
Humboldt,2021-02-09,493,21481,218,10226,275,11255,0,0,178,14296,315,3555,178,17851,California
Humboldt,2021-02-10,562,22043,369,10595,193,11448,0,0,232,14203,325,3880,232,18083,California
Humboldt,2021-02-11,1291,23334,392,10987,899,12347,0,0,510,13935,778,4658,510,18593,California
Humboldt,2021-02-12,1145,24479,733,11720,412,12759,0,0,705,14200,440,5098,705,19298,California
Humboldt,2021-02-13,1499,25978,552,12272,947,13706,0,0,911,14525,586,5684,911,20209,California
Humboldt,2021-02-14,112,26090,5,12277,107,13813,0,0,109,14632,2,5686,109,20318,California
Humboldt,2021-02-15,293,26383,78,12355,215,14028,0,0,196,14731,97,5783,196,20514,California
Humboldt,2021-02-16,534,26917,117,12472,417,14445,0,0,252,14702,282,6065,253,20767,California
Humboldt,2021-02-17,452,27369,280,12752,172,14617,0,0,137,14524,315,6380,137,20904,California
Humboldt,2021-02-18,967,28336,596,13348,371,14988,0,0,230,14018,736,7116,230,21134,California
Humboldt,2021-02-19,476,28812,435,13783,41,15029,0,0,90,13725,383,7499,90,21224,California
Humboldt,2021-02-20,1584,30396,978,14761,606,15635,0,0,475,13096,1106,8605,477,21701,California
Humboldt,2021-02-21,480,30876,472,15233,8,15643,0,0,184,12985,296,8901,185,21886,California
Humboldt,2021-02-22,125,31001,91,15324,34,15677,0,0,26,12914,97,8998,26,21912,California
Humboldt,2021-02-23,173,31174,70,15394,103,15780,0,0,40,12823,131,9129,40,21952,California
Humboldt,2021-02-24,1145,32319,687,16081,458,16238,0,0,568,12815,576,9705,568,22520,California
Humboldt,2021-02-25,829,33148,315,16396,514,16752,0,0,227,12442,600,10305,227,22747,California
Humboldt,2021-02-26,2143,35291,106,16502,2037,18789,0,0,455,11215,1682,11987,455,23202,California
Humboldt,2021-02-27,1687,36978,1072,17574,615,19404,0,0,867,11268,818,12805,871,24073,California
Humboldt,2021-02-28,122,37100,11,17585,111,19515,0,0,117,11380,5,12810,117,24190,California
Humboldt,2021-03-01,255,37355,47,17632,208,19723,0,0,180,11485,75,12885,180,24370,California
Humboldt,2021-03-02,286,37641,48,17680,238,19961,0,0,156,11511,130,13015,156,24526,California
Humboldt,2021-03-03,1643,39284,1095,18775,548,20509,0,0,1220,12315,417,13432,1221,25747,California
Humboldt,2021-03-04,886,40170,111,18886,775,21284,0,0,268,11967,618,14050,270,26017,California
Humboldt,2021-03-05,928,41098,181,19067,736,22020,11,11,375,11804,549,14599,386,26403,California
Humboldt,2021-03-06,1691,42789,837,19904,805,22825,49,60,710,11583,980,15579,759,27162,California
Humboldt,2021-03-07,363,43152,295,20199,50,22875,18,78,158,11554,205,15784,176,27338,California
Humboldt,2021-03-08,257,43409,6,20205,173,23048,78,156,163,11701,94,15878,241,27579,California
Humboldt,2021-03-09,457,43866,201,20406,111,23159,145,301,213,11817,242,16120,358,27937,California
Humboldt,2021-03-10,681,44547,466,20872,62,23221,153,454,412,12112,268,16388,563,28500,California
Humboldt,2021-03-11,1370,45917,461,21333,809,24030,100,554,553,11949,815,17203,652,29152,California
Humboldt,2021-03-12,1736,47653,1082,22415,434,24464,220,774,1047,12537,681,17884,1269,30421,California
Humboldt,2021-03-13,1568,49221,1021,23436,495,24959,52,826,679,12385,883,18767,731,31152,California
Humboldt,2021-03-14,139,49360,18,23454,112,25071,9,835,25,12305,114,18881,34,31186,California
Humboldt,2021-03-15,268,49628,51,23505,197,25268,20,855,51,12159,217,19098,71,31257,California
Humboldt,2021-03-16,632,50260,200,23705,172,25440,260,1115,258,12302,373,19471,516,31773,California
Humboldt,2021-03-17,728,50988,397,24102,223,25663,108,1223,335,12353,392,19863,443,32216,California
Humboldt,2021-03-18,1729,52717,1164,25266,522,26185,43,1266,1037,12746,687,20550,1080,33296,California
Humboldt,2021-03-19,1073,53790,58,25324,701,26886,314,1580,441,12872,629,21179,755,34051,California
Humboldt,2021-03-20,1372,55162,750,26074,609,27495,13,1593,426,12368,944,22123,440,34491,California
Humboldt,2021-03-21,246,55408,33,26107,184,27679,29,1622,199,12549,47,22170,228,34719,California
Humboldt,2021-03-22,111,55519,15,26122,47,27726,49,1671,56,12600,54,22224,105,34824,California
Humboldt,2021-03-23,408,55927,40,26162,325,28051,43,1714,318,12873,88,22312,361,35185,California
Humboldt,2021-03-24,1412,57339,389,26551,976,29027,47,1761,1038,13590,366,22678,1083,36268,California
Humboldt,2021-03-25,1827,59166,1202,27753,563,29590,62,1823,944,13715,881,23559,1006,37274,California
Humboldt,2021-03-26,2032,61198,434,28187,1543,31133,55,1878,1591,14925,436,23995,1646,38920,California
Humboldt,2021-03-27,1922,63120,1436,29623,318,31451,168,2046,1058,15291,860,24855,1226,40146,California
Humboldt,2021-03-28,265,63385,79,29702,115,31566,71,2117,83,15264,182,25037,155,40301,California
Humboldt,2021-03-29,465,63850,124,29826,246,31812,95,2212,197,15288,267,25304,291,40592,California
Humboldt,2021-03-30,931,64781,300,30126,517,32329,114,2326,557,15588,370,25674,670,41262,California
Humboldt,2021-03-31,1846,66627,515,30641,1235,33564,96,2422,1395,16633,448,26122,1493,42755,California
Humboldt,2021-04-01,2084,68711,694,31335,1301,34865,89,2511,1473,17591,604,26726,1562,44317,California
Humboldt,2021-04-02,1687,70398,1100,32435,484,35349,103,2614,597,17207,1084,27810,700,45017,California
Humboldt,2021-04-03,1646,72044,1491,33926,139,35488,16,2630,668,16923,968,28778,684,45701,California
Humboldt,2021-04-04,470,72514,360,34286,101,35589,9,2639,397,17257,73,28851,407,46108,California
Humboldt,2021-04-05,755,73269,454,34740,253,35842,48,2687,436,17424,317,29168,484,46592,California
Humboldt,2021-04-06,811,74080,310,35050,367,36209,134,2821,575,17902,230,29398,708,47300,California
Humboldt,2021-04-07,1475,75555,1054,36104,283,36492,138,2959,983,18533,490,29888,1121,48421,California
Humboldt,2021-04-08,1593,77148,1058,37162,410,36902,125,3084,705,18476,887,30775,830,49251,California
Humboldt,2021-04-09,1405,78553,431,37593,824,37726,150,3234,1133,19481,272,31047,1277,50528,California
Humboldt,2021-04-10,922,79475,134,37727,614,38340,174,3408,727,20187,194,31241,900,51428,California
Humboldt,2021-04-11,632,80107,136,37863,30,38370,466,3874,125,20270,507,31748,590,52018,California
Humboldt,2021-04-12,410,80517,222,38085,75,38445,113,3987,273,20519,137,31885,386,52404,California
Humboldt,2021-04-13,580,81097,321,38406,256,38701,3,3990,545,21034,32,31917,547,52951,California
Humboldt,2021-04-14,1409,82506,1029,39435,380,39081,0,3990,1309,22244,99,32016,1309,54260,California
Humboldt,2021-04-15,1796,84302,1194,40629,598,39679,4,3994,1238,22944,540,32556,1240,55500,California
Humboldt,2021-04-16,1104,85406,501,41130,603,40282,0,3994,533,22912,568,33124,536,56036,California
Humboldt,2021-04-17,1549,86955,1229,42359,320,40602,0,3994,1010,23388,534,33658,1010,57046,California
Humboldt,2021-04-18,470,87425,341,42700,129,40731,0,3994,92,23106,374,34032,92,57138,California
Humboldt,2021-04-19,144,87569,54,42754,90,40821,0,3994,64,23090,80,34112,64,57202,California
Humboldt,2021-04-20,435,88004,97,42851,338,41159,0,3994,218,23091,217,34329,218,57420,California
Humboldt,2021-04-21,990,88994,339,43190,651,41810,0,3994,391,22893,590,34919,392,57812,California
Humboldt,2021-04-22,850,89844,505,43695,343,42153,2,3996,430,22906,418,35337,431,58243,California
Humboldt,2021-04-23,1136,90980,192,43887,944,43097,0,3996,273,22318,861,36198,273,58516,California
Humboldt,2021-04-24,419,91399,342,44229,72,43169,5,4001,279,22462,140,36338,284,58800,California
Humboldt,2021-04-25,162,91561,89,44318,73,43242,0,4001,129,22558,33,36371,129,58929,California
Imperial,2020-12-16,1,1,1,1,0,0,0,0,1,1,0,0,1,1,California
Imperial,2020-12-17,4,5,4,5,0,0,0,0,4,5,0,0,4,5,California
Imperial,2020-12-18,11,16,11,16,0,0,0,0,11,16,0,0,11,16,California
Imperial,2020-12-20,2,18,2,18,0,0,0,0,2,18,0,0,2,18,California
Imperial,2020-12-21,186,204,186,204,0,0,0,0,186,204,0,0,186,204,California
Imperial,2020-12-22,241,445,239,443,2,2,0,0,241,445,0,0,241,445,California
Imperial,2020-12-23,211,656,210,653,1,3,0,0,210,655,0,0,210,655,California
Imperial,2020-12-24,5,661,5,658,0,3,0,0,5,660,0,0,5,660,California
Imperial,2020-12-26,1,662,0,658,1,4,0,0,1,661,0,0,1,661,California
Imperial,2020-12-27,62,724,0,658,62,66,0,0,62,723,0,0,62,723,California
Imperial,2020-12-28,214,938,114,772,100,166,0,0,214,937,0,0,214,937,California
Imperial,2020-12-29,189,1127,36,808,153,319,0,0,189,1126,0,0,189,1126,California
Imperial,2020-12-30,366,1493,50,858,316,635,0,0,366,1492,0,0,366,1492,California
Imperial,2020-12-31,197,1690,26,884,171,806,0,0,197,1689,0,0,197,1689,California
Imperial,2021-01-01,46,1736,5,889,41,847,0,0,46,1735,0,0,46,1735,California
Imperial,2021-01-02,4,1740,0,889,4,851,0,0,4,1739,0,0,4,1739,California
Imperial,2021-01-03,90,1830,0,889,90,941,0,0,90,1829,0,0,90,1829,California
Imperial,2021-01-04,85,1915,5,894,80,1021,0,0,85,1914,0,0,85,1914,California
Imperial,2021-01-05,172,2087,13,907,159,1180,0,0,172,2086,0,0,172,2086,California
Imperial,2021-01-06,190,2277,25,932,165,1345,0,0,189,2274,1,1,189,2275,California
Imperial,2021-01-07,319,2596,9,941,310,1655,0,0,316,2587,3,4,316,2591,California
Imperial,2021-01-08,190,2786,50,991,140,1795,0,0,181,2759,9,13,181,2772,California
Imperial,2021-01-09,24,2810,21,1012,3,1798,0,0,24,2783,0,13,24,2796,California
Imperial,2021-01-10,1,2811,0,1012,1,1799,0,0,1,2784,0,13,1,2797,California
Imperial,2021-01-11,403,3214,244,1256,159,1958,0,0,175,2731,228,241,175,2972,California
Imperial,2021-01-12,403,3617,301,1557,102,2060,0,0,141,2611,261,502,141,3113,California
Imperial,2021-01-13,379,3996,132,1689,247,2307,0,0,280,2792,99,601,280,3393,California
Imperial,2021-01-14,260,4256,151,1840,109,2416,0,0,254,3041,5,606,254,3647,California
Imperial,2021-01-15,240,4496,182,2022,58,2474,0,0,233,3267,7,613,233,3880,California
Imperial,2021-01-16,76,4572,72,2094,4,2478,0,0,75,3341,1,614,75,3955,California
Imperial,2021-01-17,10,4582,2,2096,8,2486,0,0,10,3351,0,614,10,3965,California
Imperial,2021-01-18,1056,5638,401,2497,655,3141,0,0,957,4210,99,713,958,4923,California
Imperial,2021-01-19,164,5802,128,2625,36,3177,0,0,117,4280,47,760,117,5040,California
Imperial,2021-01-20,292,6094,195,2820,97,3274,0,0,254,4496,38,798,254,5294,California
Imperial,2021-01-21,415,6509,183,3003,232,3506,0,0,395,4871,20,818,395,5689,California
Imperial,2021-01-22,456,6965,189,3192,267,3773,0,0,447,5309,9,827,447,6136,California
Imperial,2021-01-23,1041,8006,290,3482,751,4524,0,0,1040,6348,1,828,1040,7176,California
Imperial,2021-01-24,10,8016,3,3485,7,4531,0,0,10,6358,0,828,10,7186,California
Imperial,2021-01-25,213,8229,5,3490,208,4739,0,0,34,6214,178,1006,34,7220,California
Imperial,2021-01-26,359,8588,184,3674,175,4914,0,0,216,6287,143,1149,216,7436,California
Imperial,2021-01-27,570,9158,162,3836,408,5322,0,0,237,6191,333,1482,237,7673,California
Imperial,2021-01-28,632,9790,159,3995,473,5795,0,0,525,6609,107,1589,525,8198,California
Imperial,2021-01-29,423,10213,296,4291,127,5922,0,0,373,6932,50,1639,373,8571,California
Imperial,2021-01-30,56,10269,31,4322,25,5947,0,0,39,6954,17,1656,39,8610,California
Imperial,2021-01-31,16,10285,6,4328,10,5957,0,0,15,6968,1,1657,15,8625,California
Imperial,2021-02-01,419,10704,53,4381,366,6323,0,0,208,6967,209,1866,208,8833,California
Imperial,2021-02-02,679,11383,54,4435,625,6948,0,0,498,7284,181,2047,498,9331,California
Imperial,2021-02-03,456,11839,47,4482,409,7357,0,0,263,7355,192,2239,263,9594,California
Imperial,2021-02-04,1716,13555,1197,5679,519,7876,0,0,1402,8445,312,2551,1402,10996,California
Imperial,2021-02-05,389,13944,241,5920,148,8024,0,0,153,8364,234,2785,153,11149,California
Imperial,2021-02-06,861,14805,838,6758,23,8047,0,0,824,9152,36,2821,824,11973,California
Imperial,2021-02-07,21,14826,9,6767,12,8059,0,0,20,9171,1,2822,20,11993,California
Imperial,2021-02-08,250,15076,42,6809,208,8267,0,0,182,9285,68,2890,182,12175,California
Imperial,2021-02-09,461,15537,145,6954,316,8583,0,0,304,9432,157,3047,304,12479,California
Imperial,2021-02-10,384,15921,56,7010,328,8911,0,0,94,9237,290,3337,95,12574,California
Imperial,2021-02-11,462,16383,258,7268,204,9115,0,0,89,8953,373,3710,89,12663,California
Imperial,2021-02-12,2129,18512,1411,8679,718,9833,0,0,1777,10379,351,4061,1777,14440,California
Imperial,2021-02-13,42,18554,18,8697,24,9857,0,0,34,10406,8,4069,35,14475,California
Imperial,2021-02-14,23,18577,11,8708,12,9869,0,0,21,10425,2,4071,21,14496,California
Imperial,2021-02-15,30,18607,10,8718,20,9889,0,0,23,10441,7,4078,23,14519,California
Imperial,2021-02-16,514,19121,266,8984,248,10137,0,0,293,10513,221,4299,293,14812,California
Imperial,2021-02-17,439,19560,285,9269,154,10291,0,0,83,10240,356,4655,83,14895,California
Imperial,2021-02-18,646,20206,308,9577,338,10629,0,0,140,9876,504,5159,140,15035,California
Imperial,2021-02-19,766,20972,381,9958,385,11014,0,0,192,9495,573,5732,192,15227,California
Imperial,2021-02-20,1039,22011,191,10149,848,11862,0,0,325,9109,713,6445,327,15554,California
Imperial,2021-02-21,588,22599,554,10703,34,11896,0,0,577,9676,10,6455,577,16131,California
Imperial,2021-02-22,809,23408,569,11272,240,12136,0,0,759,10385,50,6505,759,16890,California
Imperial,2021-02-23,937,24345,372,11644,565,12701,0,0,887,11222,50,6555,887,17777,California
Imperial,2021-02-24,700,25045,285,11929,415,13116,0,0,602,11727,97,6652,602,18379,California
Imperial,2021-02-25,815,25860,338,12267,477,13593,0,0,449,11816,365,7017,454,18833,California
Imperial,2021-02-26,1743,27603,1350,13617,393,13986,0,0,1569,13213,172,7189,1569,20402,California
Imperial,2021-02-27,858,28461,809,14426,49,14035,0,0,120,12596,738,7927,121,20523,California
Imperial,2021-02-28,29,28490,19,14445,10,14045,0,0,20,12607,9,7936,20,20543,California
Imperial,2021-03-01,492,28982,293,14738,198,14243,1,1,427,12973,63,7999,429,20972,California
Imperial,2021-03-02,673,29655,246,14984,427,14670,0,1,384,13070,289,8288,386,21358,California
Imperial,2021-03-03,915,30570,39,15023,875,15545,1,2,546,13262,366,8654,558,21916,California
Imperial,2021-03-04,745,31315,76,15099,668,16213,1,3,485,13519,258,8912,515,22431,California
Imperial,2021-03-05,2568,33883,1937,17036,631,16844,0,3,1243,13442,1322,10234,1245,23676,California
Imperial,2021-03-06,688,34571,236,17272,452,17296,0,3,647,14055,38,10272,651,24327,California
Imperial,2021-03-07,72,34643,39,17311,33,17329,0,3,52,14088,20,10292,53,24380,California
Imperial,2021-03-08,412,35055,329,17640,48,17377,35,38,360,14431,52,10344,395,24775,California
Imperial,2021-03-09,681,35736,310,17950,125,17502,246,284,397,14790,284,10628,643,25418,California
Imperial,2021-03-10,681,36417,312,18262,266,17768,103,387,318,14850,362,10990,422,25840,California
Imperial,2021-03-11,1787,38204,478,18740,1116,18884,193,580,1186,15640,600,11590,1390,27230,California
Imperial,2021-03-12,3699,41903,2538,21278,976,19860,185,765,2101,16331,1596,13186,2287,29517,California
Imperial,2021-03-13,1141,43044,90,21368,828,20688,223,988,856,17130,283,13469,1082,30599,California
Imperial,2021-03-14,168,43212,30,21398,126,20814,12,1000,138,17251,30,13499,151,30750,California
Imperial,2021-03-15,669,43881,214,21612,197,21011,258,1258,374,17589,294,13793,632,31382,California
Imperial,2021-03-16,1069,44950,276,21888,340,21351,453,1711,532,18039,535,14328,985,32367,California
Imperial,2021-03-17,1572,46522,691,22579,744,22095,137,1848,994,18596,575,14903,1132,33499,California
Imperial,2021-03-18,1779,48301,1176,23755,543,22638,60,1908,1250,19381,527,15430,1312,34811,California
Imperial,2021-03-19,3335,51636,2445,26200,886,23524,4,1912,1499,19056,1829,17259,1504,36315,California
Imperial,2021-03-20,862,52498,550,26750,307,23831,5,1917,418,19045,440,17699,429,36744,California
Imperial,2021-03-21,214,52712,33,26783,177,24008,4,1921,156,19151,58,17757,164,36908,California
Imperial,2021-03-22,1044,53756,338,27121,699,24707,7,1928,623,19362,420,18177,631,37539,California
Imperial,2021-03-23,1388,55144,410,27531,972,25679,6,1934,889,19762,497,18674,897,38436,California
Imperial,2021-03-24,1870,57014,542,28073,901,26580,427,2361,899,20120,969,19643,1327,39763,California
Imperial,2021-03-25,2795,59809,500,28573,874,27454,1421,3782,1003,20752,1788,21431,2420,42183,California
Imperial,2021-03-26,2475,62284,875,29448,730,28184,870,4652,771,20695,1698,23129,1641,43824,California
Imperial,2021-03-27,577,62861,264,29712,261,28445,52,4704,418,21009,156,23285,470,44294,California
Imperial,2021-03-28,209,63070,51,29763,156,28601,2,4706,172,21147,36,23321,174,44468,California
Imperial,2021-03-29,1172,64242,345,30108,390,28991,437,5143,313,21041,857,24178,751,45219,California
Imperial,2021-03-30,1771,66013,676,30784,591,29582,504,5647,675,21125,1096,25274,1180,46399,California
Imperial,2021-03-31,1531,67544,715,31499,811,30393,5,5652,1021,21642,508,25782,1025,47424,California
Imperial,2021-04-01,1799,69343,396,31895,1162,31555,241,5893,808,21704,987,26769,1049,48473,California
Imperial,2021-04-02,1250,70593,445,32340,731,32286,74,5967,736,22001,512,27281,809,49282,California
Imperial,2021-04-03,1490,72083,405,32745,1007,33293,78,6045,684,21961,802,28083,762,50044,California
Imperial,2021-04-04,83,72166,39,32784,28,33321,16,6061,24,21942,59,28142,40,50084,California
Imperial,2021-04-05,2108,74274,1278,34062,763,34084,67,6128,400,20709,1701,29843,468,50552,California
Imperial,2021-04-06,1291,75565,528,34590,574,34658,189,6317,680,20971,608,30451,870,51422,California
Imperial,2021-04-07,2148,77713,549,35139,1224,35882,375,6692,1539,22280,605,31056,1914,53336,California
Imperial,2021-04-08,2182,79895,1068,36207,822,36704,292,6984,1075,22542,1104,32160,1366,54702,California
Imperial,2021-04-09,2134,82029,627,36834,892,37596,615,7599,829,22685,1301,33461,1444,56146,California
Imperial,2021-04-10,1270,83299,182,37016,818,38414,270,7869,211,22107,1057,34518,479,56625,California
Imperial,2021-04-11,215,83514,29,37045,154,38568,32,7901,73,22070,142,34660,105,56730,California
Imperial,2021-04-12,1363,84877,761,37806,404,38972,198,8099,767,22445,593,35253,968,57698,California
Imperial,2021-04-13,2253,87130,1442,39248,810,39782,1,8100,1573,23344,675,35928,1574,59272,California
Imperial,2021-04-14,1911,89041,941,40189,970,40752,0,8100,1346,24131,560,36488,1347,60619,California
Imperial,2021-04-15,1814,90855,873,41062,941,41693,0,8100,1315,24950,497,36985,1316,61935,California
Imperial,2021-04-16,2022,92877,961,42023,1061,42754,0,8100,1153,25238,865,37850,1153,63088,California
Imperial,2021-04-17,1722,94599,853,42876,867,43621,2,8102,1356,26235,362,38212,1359,64447,California
Imperial,2021-04-18,245,94844,64,42940,181,43802,0,8102,86,26163,158,38370,86,64533,California
Imperial,2021-04-19,755,95599,248,43188,507,44309,0,8102,442,26297,312,38682,446,64979,California
Imperial,2021-04-20,1257,96856,510,43698,747,45056,0,8102,736,26515,518,39200,736,65715,California
Imperial,2021-04-21,1262,98118,324,44022,938,45994,0,8102,776,26808,483,39683,776,66491,California
Imperial,2021-04-22,1663,99781,772,44794,891,46885,0,8102,1167,27487,490,40173,1169,67660,California
Imperial,2021-04-23,1455,101236,406,45200,1049,47934,0,8102,814,27671,634,40807,818,68478,California
Imperial,2021-04-24,499,101735,288,45488,211,48145,0,8102,190,27555,307,41114,191,68669,California
Imperial,2021-04-25,49,101784,5,45493,44,48189,0,8102,42,27591,7,41121,43,68712,California
Inyo,2020-12-19,85,85,85,85,0,0,0,0,85,85,0,0,85,85,California
Inyo,2020-12-20,58,143,58,143,0,0,0,0,58,143,0,0,58,143,California
Inyo,2020-12-21,88,231,85,228,3,3,0,0,88,231,0,0,88,231,California
Inyo,2020-12-22,105,336,105,333,0,3,0,0,105,336,0,0,105,336,California
Inyo,2020-12-23,70,406,67,400,3,6,0,0,70,406,0,0,70,406,California
Inyo,2020-12-24,16,422,16,416,0,6,0,0,16,422,0,0,16,422,California
Inyo,2020-12-25,1,423,0,416,1,7,0,0,1,423,0,0,1,423,California
Inyo,2020-12-26,74,497,74,490,0,7,0,0,74,497,0,0,74,497,California
Inyo,2020-12-28,48,545,36,526,12,19,0,0,48,545,0,0,48,545,California
Inyo,2020-12-29,20,565,20,546,0,19,0,0,20,565,0,0,20,565,California
Inyo,2020-12-30,56,621,54,600,2,21,0,0,56,621,0,0,56,621,California
Inyo,2020-12-31,29,650,0,600,29,50,0,0,29,650,0,0,29,650,California
Inyo,2021-01-01,1,651,0,600,1,51,0,0,1,651,0,0,1,651,California
Inyo,2021-01-03,1,652,0,600,1,52,0,0,1,652,0,0,1,652,California
Inyo,2021-01-04,1,653,1,601,0,52,0,0,1,653,0,0,1,653,California
Inyo,2021-01-05,34,687,0,601,34,86,0,0,34,687,0,0,34,687,California
Inyo,2021-01-06,68,755,0,601,68,154,0,0,68,755,0,0,68,755,California
Inyo,2021-01-07,31,786,1,602,30,184,0,0,31,786,0,0,31,786,California
Inyo,2021-01-08,9,795,8,610,1,185,0,0,4,786,5,5,5,791,California
Inyo,2021-01-09,87,882,86,696,1,186,0,0,1,701,86,91,1,792,California
Inyo,2021-01-10,52,934,52,748,0,186,0,0,0,649,52,143,0,792,California
Inyo,2021-01-11,97,1031,82,830,15,201,0,0,16,584,81,224,16,808,California
Inyo,2021-01-12,139,1170,118,948,21,222,0,0,28,501,111,335,28,836,California
Inyo,2021-01-13,86,1256,68,1016,18,240,0,0,21,458,65,400,22,858,California
Inyo,2021-01-14,59,1315,13,1029,46,286,0,0,49,497,10,410,49,907,California
Inyo,2021-01-15,163,1478,28,1057,135,421,0,0,163,660,0,410,163,1070,California
Inyo,2021-01-16,74,1552,73,1130,1,422,0,0,1,588,73,483,1,1071,California
Inyo,2021-01-18,58,1610,36,1166,22,444,0,0,19,568,39,522,19,1090,California
Inyo,2021-01-19,115,1725,72,1238,43,487,0,0,99,651,16,538,99,1189,California
Inyo,2021-01-20,145,1870,70,1308,75,562,0,0,91,688,54,592,91,1280,California
Inyo,2021-01-21,121,1991,57,1365,64,626,0,0,120,807,1,593,120,1400,California
Inyo,2021-01-22,62,2053,0,1365,62,688,0,0,61,867,1,594,61,1461,California
Inyo,2021-01-23,52,2105,52,1417,0,688,0,0,52,919,0,594,52,1513,California
Inyo,2021-01-25,49,2154,6,1423,43,731,0,0,37,944,12,606,37,1550,California
Inyo,2021-01-26,135,2289,54,1477,81,812,0,0,129,1067,6,612,129,1679,California
Inyo,2021-01-27,23,2312,2,1479,21,833,0,0,22,1088,1,613,22,1701,California
Inyo,2021-01-28,92,2404,2,1481,90,923,0,0,63,1122,29,642,63,1764,California
Inyo,2021-01-29,25,2429,3,1484,22,945,0,0,23,1143,2,644,23,1787,California
Inyo,2021-01-30,11,2440,1,1485,10,955,0,0,11,1154,0,644,11,1798,California
Inyo,2021-01-31,32,2472,4,1489,28,983,0,0,4,1130,28,672,4,1802,California
Inyo,2021-02-01,11,2483,9,1498,2,985,0,0,1,1121,10,682,1,1803,California
Inyo,2021-02-02,130,2613,14,1512,116,1101,0,0,104,1199,26,708,104,1907,California
Inyo,2021-02-03,116,2729,0,1512,116,1217,0,0,74,1231,42,750,74,1981,California
Inyo,2021-02-04,149,2878,31,1543,118,1335,0,0,90,1262,59,809,90,2071,California
Inyo,2021-02-05,117,2995,61,1604,56,1391,0,0,115,1375,2,811,115,2186,California
Inyo,2021-02-06,4,2999,2,1606,2,1393,0,0,3,1377,1,812,3,2189,California
Inyo,2021-02-07,4,3003,2,1608,2,1395,0,0,4,1381,0,812,4,2193,California
Inyo,2021-02-08,117,3120,7,1615,110,1505,0,0,97,1458,20,832,97,2290,California
Inyo,2021-02-09,194,3314,51,1666,143,1648,0,0,123,1510,71,903,123,2413,California
Inyo,2021-02-10,143,3457,18,1684,125,1773,0,0,109,1585,34,937,109,2522,California
Inyo,2021-02-11,220,3677,56,1740,164,1937,0,0,126,1617,94,1031,126,2648,California
Inyo,2021-02-12,299,3976,52,1792,247,2184,0,0,168,1654,131,1162,168,2816,California
Inyo,2021-02-13,60,4036,55,1847,5,2189,0,0,8,1610,52,1214,8,2824,California
Inyo,2021-02-14,1,4037,0,1847,1,2190,0,0,1,1611,0,1214,1,2825,California
Inyo,2021-02-15,29,4066,9,1856,20,2210,0,0,5,1592,24,1238,5,2830,California
Inyo,2021-02-16,181,4247,50,1906,131,2341,0,0,93,1597,88,1326,93,2923,California
Inyo,2021-02-17,37,4284,4,1910,33,2374,0,0,7,1574,30,1356,7,2930,California
Inyo,2021-02-18,123,4407,6,1916,117,2491,0,0,79,1609,44,1400,79,3009,California
Inyo,2021-02-19,52,4459,4,1920,48,2539,0,0,9,1575,43,1443,9,3018,California
Inyo,2021-02-20,504,4963,500,2420,4,2543,0,0,502,2075,2,1445,502,3520,California
Inyo,2021-02-21,267,5230,267,2687,0,2543,0,0,267,2342,0,1445,267,3787,California
Inyo,2021-02-22,61,5291,19,2706,42,2585,0,0,27,2335,34,1479,27,3814,California
Inyo,2021-02-23,198,5489,20,2726,178,2763,0,0,94,2326,103,1582,94,3908,California
Inyo,2021-02-24,116,5605,0,2726,116,2879,0,0,57,2324,59,1641,57,3965,California
Inyo,2021-02-25,130,5735,3,2729,127,3006,0,0,62,2318,68,1709,62,4027,California
Inyo,2021-02-26,103,5838,60,2789,43,3049,0,0,19,2253,84,1793,19,4046,California
Inyo,2021-02-27,15,5853,4,2793,11,3060,0,0,3,2244,12,1805,3,4049,California
Inyo,2021-02-28,3,5856,1,2794,2,3062,0,0,2,2245,1,1806,2,4051,California
Inyo,2021-03-01,20,5876,2,2796,18,3080,0,0,17,2259,3,1809,17,4068,California
Inyo,2021-03-02,195,6071,1,2797,194,3274,0,0,111,2286,84,1893,111,4179,California
Inyo,2021-03-03,83,6154,2,2799,81,3355,0,0,40,2283,43,1936,40,4219,California
Inyo,2021-03-04,128,6282,4,2803,124,3479,0,0,46,2247,82,2018,46,4265,California
Inyo,2021-03-05,142,6424,57,2860,85,3564,0,0,38,2181,104,2122,38,4303,California
Inyo,2021-03-06,31,6455,1,2861,30,3594,0,0,30,2210,1,2123,30,4333,California
Inyo,2021-03-07,7,6462,4,2865,3,3597,0,0,5,2213,2,2125,5,4338,California
Inyo,2021-03-08,182,6644,5,2870,177,3774,0,0,91,2213,91,2216,91,4429,California
Inyo,2021-03-09,186,6830,2,2872,184,3958,0,0,71,2169,115,2331,71,4500,California
Inyo,2021-03-10,70,6900,8,2880,61,4019,1,1,30,2160,40,2371,31,4531,California
Inyo,2021-03-11,203,7103,1,2881,197,4216,5,6,73,2108,130,2501,78,4609,California
Inyo,2021-03-12,174,7277,4,2885,165,4381,5,11,76,2091,98,2599,81,4690,California
Inyo,2021-03-13,576,7853,541,3426,25,4406,10,21,77,1680,498,3097,87,4777,California
Inyo,2021-03-14,432,8285,430,3856,2,4408,0,21,169,1587,262,3359,169,4946,California
Inyo,2021-03-15,51,8336,15,3871,34,4442,2,23,30,1598,21,3380,32,4978,California
Inyo,2021-03-16,164,8500,4,3875,154,4596,6,29,63,1567,100,3480,69,5047,California
Inyo,2021-03-17,107,8607,3,3878,97,4693,7,36,92,1651,15,3495,99,5146,California
Inyo,2021-03-18,182,8789,14,3892,161,4854,7,43,102,1680,80,3575,109,5255,California
Inyo,2021-03-19,45,8834,4,3896,37,4891,4,47,35,1709,10,3585,39,5294,California
Inyo,2021-03-20,20,8854,1,3897,10,4901,9,56,1,1700,19,3604,10,5304,California
Inyo,2021-03-22,59,8913,2,3899,52,4953,5,61,39,1724,20,3624,44,5348,California
Inyo,2021-03-23,195,9108,4,3903,187,5140,4,65,105,1743,90,3714,109,5457,California
Inyo,2021-03-24,140,9248,2,3905,134,5274,4,69,87,1781,53,3767,91,5548,California
Inyo,2021-03-25,325,9573,104,4009,217,5491,4,73,259,1978,66,3833,263,5811,California
Inyo,2021-03-26,91,9664,3,4012,84,5575,4,77,71,2033,20,3853,75,5886,California
Inyo,2021-03-27,52,9716,44,4056,5,5580,3,80,46,2076,6,3859,49,5935,California
Inyo,2021-03-28,4,9720,1,4057,2,5582,1,81,1,2075,3,3862,2,5937,California
Inyo,2021-03-29,109,9829,2,4059,102,5684,5,86,82,2136,26,3888,87,6024,California
Inyo,2021-03-30,212,10041,3,4062,204,5888,5,91,102,2133,110,3998,107,6131,California
Inyo,2021-03-31,144,10185,4,4066,135,6023,5,96,103,2200,41,4039,108,6239,California
Inyo,2021-04-01,164,10349,4,4070,159,6182,1,97,115,2267,49,4088,116,6355,California
Inyo,2021-04-02,81,10430,1,4071,78,6260,2,99,52,2292,29,4117,54,6409,California
Inyo,2021-04-03,93,10523,46,4117,33,6293,14,113,5,2224,86,4203,18,6427,California
Inyo,2021-04-04,5,10528,4,4121,0,6293,1,114,1,2222,4,4207,2,6429,California
Inyo,2021-04-05,117,10645,1,4122,112,6405,4,118,29,2167,88,4295,33,6462,California
Inyo,2021-04-06,235,10880,6,4128,166,6571,63,181,104,2203,131,4426,167,6629,California
Inyo,2021-04-07,200,11080,3,4131,71,6642,126,307,44,2217,156,4582,170,6799,California
Inyo,2021-04-08,176,11256,14,4145,145,6787,17,324,80,2218,96,4678,97,6896,California
Inyo,2021-04-09,123,11379,5,4150,95,6882,23,347,36,2191,86,4764,59,6955,California
Inyo,2021-04-10,42,11421,1,4151,24,6906,17,364,3,2172,39,4803,20,6975,California
Inyo,2021-04-11,1,11422,0,4151,1,6907,0,364,1,2173,0,4803,1,6976,California
Inyo,2021-04-12,79,11501,0,4151,74,6981,5,369,41,2181,38,4841,46,7022,California
Inyo,2021-04-13,119,11620,3,4154,113,7094,3,372,61,2188,57,4898,64,7086,California
Inyo,2021-04-14,121,11741,2,4156,119,7213,0,372,39,2145,82,4980,39,7125,California
Inyo,2021-04-15,261,12002,102,4258,159,7372,0,372,82,2048,179,5159,82,7207,California
Inyo,2021-04-16,47,12049,6,4264,41,7413,0,372,21,2043,26,5185,21,7228,California
Inyo,2021-04-17,2,12051,1,4265,1,7414,0,372,1,2043,1,5186,1,7229,California
Inyo,2021-04-19,130,12181,43,4308,87,7501,0,372,44,2001,86,5272,44,7273,California
Inyo,2021-04-20,162,12343,3,4311,159,7660,0,372,80,1999,82,5354,80,7353,California
Inyo,2021-04-21,114,12457,4,4315,110,7770,0,372,32,1949,82,5436,32,7385,California
Inyo,2021-04-22,197,12654,3,4318,194,7964,0,372,54,1860,143,5579,54,7439,California
Inyo,2021-04-23,96,12750,4,4322,92,8056,0,372,23,1810,73,5652,23,7462,California
Inyo,2021-04-24,308,13058,306,4628,2,8058,0,372,304,2110,4,5656,304,7766,California
Inyo,2021-04-25,120,13178,118,4746,2,8060,0,372,120,2230,0,5656,120,7886,California
Kern,2020-12-15,1,1,1,1,0,0,0,0,1,1,0,0,1,1,California
Kern,2020-12-16,18,19,18,19,0,0,0,0,18,19,0,0,18,19,California
Kern,2020-12-17,164,183,164,183,0,0,0,0,164,183,0,0,164,183,California
Kern,2020-12-18,320,503,320,503,0,0,0,0,320,503,0,0,320,503,California
Kern,2020-12-19,98,601,98,601,0,0,0,0,99,602,0,0,99,602,California
Kern,2020-12-20,61,662,61,662,0,0,0,0,61,663,0,0,61,663,California
Kern,2020-12-21,671,1333,670,1332,1,1,0,0,671,1334,0,0,671,1334,California
Kern,2020-12-22,530,1863,527,1859,3,4,0,0,530,1864,0,0,530,1864,California
Kern,2020-12-23,557,2420,418,2277,139,143,0,0,557,2421,0,0,557,2421,California
Kern,2020-12-24,122,2542,43,2320,79,222,0,0,122,2543,0,0,122,2543,California
Kern,2020-12-25,1,2543,1,2321,0,222,0,0,1,2544,0,0,1,2544,California
Kern,2020-12-26,33,2576,1,2322,32,254,0,0,33,2577,0,0,33,2577,California
Kern,2020-12-27,35,2611,3,2325,32,286,0,0,35,2612,0,0,35,2612,California
Kern,2020-12-28,824,3435,660,2985,164,450,0,0,824,3436,0,0,824,3436,California
Kern,2020-12-29,746,4181,453,3438,293,743,0,0,745,4180,1,1,745,4181,California
Kern,2020-12-30,1200,5381,908,4346,292,1035,0,0,1200,5380,0,1,1200,5381,California
Kern,2020-12-31,277,5658,99,4445,178,1213,0,0,277,5657,0,1,277,5658,California
Kern,2021-01-01,12,5670,6,4451,6,1219,0,0,12,5669,0,1,12,5670,California
Kern,2021-01-02,78,5748,18,4469,60,1279,0,0,78,5747,0,1,78,5748,California
Kern,2021-01-03,23,5771,4,4473,19,1298,0,0,23,5770,0,1,23,5771,California
Kern,2021-01-04,553,6324,360,4833,193,1491,0,0,553,6323,0,1,553,6324,California
Kern,2021-01-05,1132,7456,738,5571,394,1885,0,0,1120,7431,12,13,1120,7444,California
Kern,2021-01-06,1166,8622,455,6026,711,2596,0,0,1136,8537,30,43,1136,8580,California
Kern,2021-01-07,1407,10029,494,6520,913,3509,0,0,1238,9607,168,211,1238,9818,California
Kern,2021-01-08,1628,11657,767,7287,861,4370,0,0,1331,10641,298,509,1332,11150,California
Kern,2021-01-09,225,11882,76,7363,149,4519,0,0,191,10798,34,543,191,11341,California
Kern,2021-01-10,194,12076,147,7510,47,4566,0,0,153,10910,41,584,153,11494,California
Kern,2021-01-11,1555,13631,983,8493,572,5138,0,0,1000,11355,555,1139,1000,12494,California
Kern,2021-01-12,1869,15500,809,9302,1060,6198,0,0,1359,12204,510,1649,1359,13853,California
Kern,2021-01-13,1855,17355,869,10171,986,7184,0,0,1433,13215,422,2071,1433,15286,California
Kern,2021-01-14,2181,19536,645,10816,1536,8720,0,0,2136,15305,46,2117,2136,17422,California
Kern,2021-01-15,2702,22238,857,11673,1845,10565,0,0,2605,17816,95,2212,2606,20028,California
Kern,2021-01-16,670,22908,212,11885,458,11023,0,0,636,18418,34,2246,636,20664,California
Kern,2021-01-17,73,22981,7,11892,66,11089,0,0,71,18487,2,2248,71,20735,California
Kern,2021-01-18,1643,24624,658,12550,985,12074,0,0,1474,19792,169,2417,1474,22209,California
Kern,2021-01-19,1852,26476,1031,13581,821,12895,0,0,1384,20709,468,2885,1385,23594,California
Kern,2021-01-20,2444,28920,1510,15091,934,13829,0,0,1821,21914,618,3503,1823,25417,California
Kern,2021-01-21,2163,31083,919,16010,1244,15073,0,0,1967,23686,195,3698,1967,27384,California
Kern,2021-01-22,2706,33789,1289,17299,1417,16490,0,0,2430,25842,274,3972,2430,29814,California
Kern,2021-01-23,1245,35034,534,17833,711,17201,0,0,1199,26995,46,4018,1199,31013,California
Kern,2021-01-24,159,35193,18,17851,141,17342,0,0,154,27144,5,4023,154,31167,California
Kern,2021-01-25,2383,37576,1084,18935,1299,18641,0,0,1900,28563,482,4505,1901,33068,California
Kern,2021-01-26,2764,40340,1125,20060,1639,20280,0,0,1908,29616,855,5360,1908,34976,California
Kern,2021-01-27,3557,43897,1902,21962,1655,21935,0,0,2857,31776,697,6057,2857,37833,California
Kern,2021-01-28,2860,46757,1351,23313,1509,23444,0,0,2428,33779,428,6485,2431,40264,California
Kern,2021-01-29,3766,50523,1801,25114,1965,25409,0,0,3224,36464,539,7024,3224,43488,California
Kern,2021-01-30,1323,51846,496,25610,827,26236,0,0,1276,37695,45,7069,1276,44764,California
Kern,2021-01-31,402,52248,275,25885,127,26363,0,0,267,37827,135,7204,267,45031,California
Kern,2021-02-01,2407,54655,818,26703,1589,27952,0,0,1857,39138,547,7751,1858,46889,California
Kern,2021-02-02,2923,57578,973,27676,1950,29902,0,0,2060,40336,863,8614,2061,48950,California
Kern,2021-02-03,3653,61231,1548,29224,2105,32007,0,0,2686,42062,960,9574,2686,51636,California
Kern,2021-02-04,3800,65031,1450,30674,2350,34357,0,0,2585,43443,1204,10778,2585,54221,California
Kern,2021-02-05,4849,69880,1990,32664,2859,37216,0,0,3091,44795,1739,12517,3091,57312,California
Kern,2021-02-06,1735,71615,766,33430,969,38185,0,0,1512,46087,220,12737,1512,58824,California
Kern,2021-02-07,282,71897,149,33579,133,38318,0,0,266,46339,14,12751,266,59090,California
Kern,2021-02-08,2562,74459,788,34367,1774,40092,0,0,1257,46310,1287,14038,1258,60348,California
Kern,2021-02-09,3037,77496,986,35353,2051,42143,0,0,1467,46214,1563,15601,1467,61815,California
Kern,2021-02-10,3782,81278,1656,37009,2126,44269,0,0,1895,46239,1871,17472,1896,63711,California
Kern,2021-02-11,4257,85535,1538,38547,2719,46988,0,0,2229,46453,2015,19487,2229,65940,California
Kern,2021-02-12,4947,90482,1890,40437,3057,50045,0,0,2482,46484,2451,21938,2482,68422,California
Kern,2021-02-13,2009,92491,726,41163,1283,51328,0,0,1166,46809,841,22779,1166,69588,California
Kern,2021-02-14,350,92841,12,41175,338,51666,0,0,269,46998,80,22859,269,69857,California
Kern,2021-02-15,2738,95579,889,42064,1849,53515,0,0,1209,46686,1521,24380,1209,71066,California
Kern,2021-02-16,2946,98525,719,42783,2227,55742,0,0,1656,47063,1280,25660,1657,72723,California
Kern,2021-02-17,4063,102588,2074,44857,1989,57731,0,0,1929,46864,2129,27789,1930,74653,California
Kern,2021-02-18,3749,106337,1476,46333,2273,60004,0,0,1618,46364,2118,29907,1618,76271,California
Kern,2021-02-19,4195,110532,1916,48249,2279,62283,0,0,1739,45655,2448,32355,1739,78010,California
Kern,2021-02-20,2572,113104,968,49217,1604,63887,0,0,1340,45766,1229,33584,1340,79350,California
Kern,2021-02-21,247,113351,141,49358,106,63993,0,0,86,45693,159,33743,86,79436,California
Kern,2021-02-22,2655,116006,1148,50506,1507,65500,0,0,1424,45891,1226,34969,1424,80860,California
Kern,2021-02-23,3537,119543,1119,51625,2418,67918,0,0,1975,46307,1560,36529,1976,82836,California
Kern,2021-02-24,5156,124699,2266,53891,2890,70808,0,0,3073,47301,2079,38608,3073,85909,California
Kern,2021-02-25,5352,130051,2445,56336,2907,73715,0,0,3176,48319,2158,40766,3176,89085,California
Kern,2021-02-26,6882,136933,3518,59854,3364,77079,0,0,4356,50157,2519,43285,4357,93442,California
Kern,2021-02-27,3852,140785,1892,61746,1960,79039,0,0,2518,51348,1327,44612,2518,95960,California
Kern,2021-02-28,905,141690,497,62243,408,79447,0,0,689,51823,214,44826,689,96649,California
Kern,2021-03-01,3981,145671,1804,64047,2176,81623,1,1,2690,53231,1283,46109,2691,99340,California
Kern,2021-03-02,4368,150039,1372,65419,2995,84618,1,2,2864,54602,1493,47602,2864,102204,California
Kern,2021-03-03,5764,155803,2682,68101,3082,87700,0,2,3678,56209,2072,49674,3679,105883,California
Kern,2021-03-04,5530,161333,2141,70242,3387,91087,2,4,3542,57777,1975,51649,3543,109426,California
Kern,2021-03-05,6456,167789,2664,72906,3775,94862,17,21,4038,59421,2411,54060,4055,113481,California
Kern,2021-03-06,4710,172499,1910,74816,2699,97561,101,122,3445,61709,1257,55317,3545,117026,California
Kern,2021-03-07,2041,174540,1584,76400,410,97971,47,169,1852,63420,188,55505,1899,118925,California
Kern,2021-03-08,2802,177342,851,77251,1738,99709,213,382,1457,63746,1342,56847,1668,120593,California
Kern,2021-03-09,3619,180961,784,78035,2452,102161,383,765,2227,64967,1387,58234,2608,123201,California
Kern,2021-03-10,6015,186976,2461,80496,2483,104644,1071,1836,3498,67029,2506,60740,4568,127769,California
Kern,2021-03-11,6279,193255,2404,82900,2849,107493,1026,2862,3728,69240,2540,63280,4751,132520,California
Kern,2021-03-12,7655,200910,2918,85818,3386,110879,1351,4213,4151,71239,3494,66774,5493,138013,California
Kern,2021-03-13,4422,205332,2300,88118,1787,112666,335,4548,3004,73159,1413,68187,3333,141346,California
Kern,2021-03-14,2261,207593,1413,89531,610,113276,238,4786,1746,74628,512,68699,1981,143327,California
Kern,2021-03-15,4240,211833,1080,90611,2447,115723,713,5499,2174,75457,2055,70754,2884,146211,California
Kern,2021-03-16,4323,216156,1000,91611,2795,118518,528,6027,2321,76310,1993,72747,2846,149057,California
Kern,2021-03-17,7223,223379,3795,95406,2871,121389,557,6584,4290,78233,2923,75670,4846,153903,California
Kern,2021-03-18,6958,230337,3378,98784,3001,124390,579,7163,4134,80137,2805,78475,4709,158612,California
Kern,2021-03-19,8723,239060,4747,103531,3327,127717,649,7812,4526,81123,4183,82658,5169,163781,California
Kern,2021-03-20,5934,244994,3587,107118,2174,129891,173,7985,3812,82996,2113,84771,3986,167767,California
Kern,2021-03-21,2860,247854,1748,108866,235,130126,877,8862,1681,84380,1174,85945,2558,170325,California
Kern,2021-03-22,3917,251771,1517,110383,2044,132170,356,9218,1900,84627,2009,87954,2256,172581,California
Kern,2021-03-23,4681,256452,1641,112024,2842,135012,198,9416,2479,85128,2173,90127,2674,175255,California
Kern,2021-03-24,6980,263432,3499,115523,3008,138020,473,9889,3657,85947,3309,93436,4128,179383,California
Kern,2021-03-25,6609,270041,2876,118399,3406,141426,327,10216,3278,86235,3316,96752,3604,182987,California
Kern,2021-03-26,9443,279484,4138,122537,4049,145475,1256,11472,4651,87365,4776,101528,5906,188893,California
Kern,2021-03-27,5437,284921,3738,126275,1573,147048,126,11598,3302,88661,2132,103660,3428,192321,California
Kern,2021-03-28,4281,289202,3797,130072,470,147518,14,11612,2736,89867,1544,105204,2750,195071,California
Kern,2021-03-29,4173,293375,1623,131695,2272,149790,278,11890,2606,91194,1556,106760,2883,197954,California
Kern,2021-03-30,5438,298813,1804,133499,3303,153093,331,12221,3062,92214,2372,109132,3392,201346,California
Kern,2021-03-31,8043,306856,4237,137736,3162,156255,644,12865,4283,93389,3751,112883,4926,206272,California
Kern,2021-04-01,7572,314428,3627,141363,3651,159906,294,13159,4089,94297,3472,116355,4380,210652,California
Kern,2021-04-02,8112,322540,4181,145544,3327,163233,604,13763,4074,94948,4024,120379,4675,215327,California
Kern,2021-04-03,5666,328206,3374,148918,2111,165344,181,13944,2585,94636,3076,123455,2764,218091,California
Kern,2021-04-04,1331,329537,867,149785,380,165724,84,14028,550,94492,778,124233,634,218725,California
Kern,2021-04-05,5288,334825,2179,151964,2348,168072,761,14789,2854,95675,2423,126656,3606,222331,California
Kern,2021-04-06,6770,341595,2431,154395,3128,171200,1211,16000,3567,97267,3185,129841,4777,227108,California
Kern,2021-04-07,9205,350800,5367,159762,2887,174087,951,16951,4629,98284,4562,134403,5579,232687,California
Kern,2021-04-08,8549,359349,4728,164490,2925,177012,896,17847,3921,98492,4609,139012,4817,237504,California
Kern,2021-04-09,9791,369140,5079,169569,3731,180743,981,18828,4366,98432,5405,144417,5345,242849,California
Kern,2021-04-10,6522,375662,3430,172999,1855,182598,1237,20065,2308,97764,4207,148624,3539,246388,California
Kern,2021-04-11,3761,379423,2888,175887,356,182954,517,20582,1426,97380,2325,150949,1941,248329,California
Kern,2021-04-12,4343,383766,978,176865,2400,185354,965,21547,1573,97161,2756,153705,2537,250866,California
Kern,2021-04-13,4256,388022,1408,178273,2823,188177,25,21572,2125,97191,2121,155826,2151,253017,California
Kern,2021-04-14,5996,394018,2947,181220,3027,191204,22,21594,3054,97340,2926,158752,3075,256092,California
Kern,2021-04-15,5153,399171,2434,183654,2717,193921,2,21596,2493,97188,2647,161399,2495,258587,California
Kern,2021-04-16,6862,406033,3405,187059,3457,197378,0,21596,3033,96414,3808,165207,3034,261621,California
Kern,2021-04-17,5890,411923,3847,190906,2043,199421,0,21596,2256,95049,3622,168829,2257,263878,California
Kern,2021-04-18,3608,415531,3372,194278,236,199657,0,21596,1067,93580,2536,171365,1067,264945,California
Kern,2021-04-19,3795,419326,1725,196003,2069,201726,1,21597,1440,92683,2337,173702,1440,266385,California
Kern,2021-04-20,4198,423524,1506,197509,2691,204417,1,21598,1620,91741,2564,176266,1622,268007,California
Kern,2021-04-21,5639,429163,2996,200505,2639,207056,4,21602,2216,90556,3404,179670,2219,270226,California
Kern,2021-04-22,4692,433855,2275,202780,2417,209473,0,21602,1730,89344,2944,182614,1732,271958,California
Kern,2021-04-23,5359,439214,2824,205604,2535,212008,0,21602,1797,87608,3534,186148,1798,273756,California
Kern,2021-04-24,3436,442650,2536,208140,890,212898,10,21612,1285,86764,2139,188287,1295,275051,California
Kern,2021-04-25,686,443336,603,208743,83,212981,0,21612,448,86978,235,188522,449,275500,California
Kings,2020-12-16,1,1,1,1,0,0,0,0,1,1,0,0,1,1,California
Kings,2020-12-17,8,9,8,9,0,0,0,0,8,9,0,0,8,9,California
Kings,2020-12-18,12,21,12,21,0,0,0,0,12,21,0,0,12,21,California
Kings,2020-12-19,11,32,11,32,0,0,0,0,11,32,0,0,11,32,California
Kings,2020-12-20,13,45,13,45,0,0,0,0,13,45,0,0,13,45,California
Kings,2020-12-21,156,201,156,201,0,0,0,0,271,316,0,0,271,316,California
Kings,2020-12-22,143,344,143,344,0,0,0,0,140,456,0,0,140,456,California
Kings,2020-12-23,134,478,122,466,12,12,0,0,135,591,0,0,135,591,California
Kings,2020-12-24,11,489,9,475,2,14,0,0,11,602,0,0,11,602,California
Kings,2020-12-26,7,496,4,479,3,17,0,0,7,609,0,0,7,609,California
Kings,2020-12-27,4,500,4,483,0,17,0,0,4,613,0,0,4,613,California
Kings,2020-12-28,131,631,103,586,28,45,0,0,132,745,0,0,132,745,California
Kings,2020-12-29,78,709,51,637,27,72,0,0,79,824,0,0,79,824,California
Kings,2020-12-30,147,856,108,745,39,111,0,0,147,971,0,0,147,971,California
Kings,2020-12-31,44,900,6,751,38,149,0,0,44,1015,0,0,44,1015,California
Kings,2021-01-01,1,901,0,751,1,150,0,0,1,1016,0,0,1,1016,California
Kings,2021-01-02,10,911,9,760,1,151,0,0,10,1026,0,0,10,1026,California
Kings,2021-01-04,112,1023,42,802,70,221,0,0,112,1138,0,0,112,1138,California
Kings,2021-01-05,196,1219,39,841,157,378,0,0,196,1334,0,0,196,1334,California
Kings,2021-01-06,276,1495,177,1018,99,477,0,0,273,1604,3,3,273,1607,California
Kings,2021-01-07,178,1673,81,1099,97,574,0,0,170,1766,8,11,170,1777,California
Kings,2021-01-08,247,1920,54,1153,193,767,0,0,228,1975,19,30,228,2005,California
Kings,2021-01-09,63,1983,9,1162,54,821,0,0,55,2022,8,38,55,2060,California
Kings,2021-01-10,15,1998,3,1165,12,833,0,0,12,2031,3,41,12,2072,California
Kings,2021-01-11,520,2518,356,1521,164,997,0,0,276,2064,244,285,277,2349,California
Kings,2021-01-12,350,2868,253,1774,97,1094,0,0,216,2149,131,416,216,2565,California
Kings,2021-01-13,414,3282,267,2041,147,1241,0,0,323,2381,91,507,323,2888,California
Kings,2021-01-14,208,3490,31,2072,177,1418,0,0,198,2559,21,528,199,3087,California
Kings,2021-01-15,415,3905,29,2101,386,1804,0,0,403,2950,12,540,403,3490,California
Kings,2021-01-16,31,3936,12,2113,19,1823,0,0,30,2979,1,541,30,3520,California
Kings,2021-01-17,8,3944,5,2118,3,1826,0,0,6,2983,2,543,6,3526,California
Kings,2021-01-18,172,4116,40,2158,132,1958,0,0,146,3103,26,569,146,3672,California
Kings,2021-01-19,376,4492,158,2316,218,2176,0,0,248,3223,128,697,248,3920,California
Kings,2021-01-20,224,4716,134,2450,90,2266,0,0,119,3241,101,798,119,4039,California
Kings,2021-01-21,186,4902,32,2482,154,2420,0,0,172,3397,16,814,172,4211,California
Kings,2021-01-22,125,5027,38,2520,87,2507,0,0,125,3517,5,819,125,4336,California
Kings,2021-01-23,26,5053,14,2534,12,2519,0,0,20,3531,6,825,20,4356,California
Kings,2021-01-24,4,5057,4,2538,0,2519,0,0,2,3531,2,827,2,4358,California
Kings,2021-01-25,124,5181,26,2564,98,2617,0,0,90,3587,34,861,90,4448,California
Kings,2021-01-26,154,5335,35,2599,119,2736,0,0,115,3663,39,900,115,4563,California
Kings,2021-01-27,319,5654,34,2633,285,3021,0,0,249,3843,69,969,249,4812,California
Kings,2021-01-28,324,5978,46,2679,278,3299,0,0,270,4059,54,1023,270,5082,California
Kings,2021-01-29,86,6064,26,2705,60,3359,0,0,69,4111,17,1040,69,5151,California
Kings,2021-01-30,1555,7619,31,2736,1524,4883,0,0,1552,5662,3,1043,1554,6705,California
Kings,2021-02-01,199,7818,64,2800,135,5018,0,0,72,5609,125,1168,72,6777,California
Kings,2021-02-02,226,8044,14,2814,212,5230,0,0,82,5548,143,1311,82,6859,California
Kings,2021-02-03,357,8401,191,3005,166,5396,0,0,203,5598,153,1464,203,7062,California
Kings,2021-02-04,395,8796,98,3103,297,5693,0,0,199,5602,195,1659,199,7261,California
Kings,2021-02-05,256,9052,14,3117,242,5935,0,0,101,5550,153,1812,101,7362,California
Kings,2021-02-06,60,9112,10,3127,50,5985,0,0,27,5544,33,1845,27,7389,California
Kings,2021-02-07,5,9117,3,3130,2,5987,0,0,3,5545,2,1847,3,7392,California
Kings,2021-02-08,170,9287,29,3159,141,6128,0,0,68,5511,102,1949,68,7460,California
Kings,2021-02-09,253,9540,57,3216,196,6324,0,0,110,5480,141,2090,110,7570,California
Kings,2021-02-10,286,9826,112,3328,174,6498,0,0,173,5540,113,2203,173,7743,California
Kings,2021-02-11,429,10255,65,3393,364,6862,0,0,318,5748,110,2313,318,8061,California
Kings,2021-02-12,610,10865,36,3429,574,7436,0,0,339,5816,271,2584,339,8400,California
Kings,2021-02-13,103,10968,6,3435,97,7533,0,0,78,5869,25,2609,78,8478,California
Kings,2021-02-14,102,11070,4,3439,98,7631,0,0,94,5955,8,2617,94,8572,California
Kings,2021-02-15,246,11316,5,3444,241,7872,0,0,137,5984,108,2725,137,8709,California
Kings,2021-02-16,484,11800,33,3477,451,8323,0,0,250,6001,233,2958,250,8959,California
Kings,2021-02-17,378,12178,22,3499,356,8679,0,0,241,6106,137,3095,242,9201,California
Kings,2021-02-18,154,12332,22,3521,132,8811,0,0,98,6148,56,3151,98,9299,California
Kings,2021-02-19,157,12489,22,3543,135,8946,0,0,101,6196,53,3204,101,9400,California
Kings,2021-02-20,171,12660,40,3583,131,9077,0,0,134,6293,37,3241,134,9534,California
Kings,2021-02-21,3,12663,2,3585,1,9078,0,0,3,6296,0,3241,3,9537,California
Kings,2021-02-22,110,12773,19,3604,91,9169,0,0,51,6288,59,3300,51,9588,California
Kings,2021-02-23,295,13068,69,3673,226,9395,0,0,178,6349,117,3417,178,9766,California
Kings,2021-02-24,591,13659,153,3826,438,9833,0,0,379,6516,212,3629,379,10145,California
Kings,2021-02-25,661,14320,112,3938,549,10382,0,0,443,6743,216,3845,443,10588,California
Kings,2021-02-26,657,14977,129,4067,528,10910,0,0,594,7275,62,3907,594,11182,California
Kings,2021-02-27,1497,16474,62,4129,1435,12345,0,0,564,6907,932,4839,564,11746,California
Kings,2021-02-28,1169,17643,594,4723,575,12920,0,0,671,7083,495,5334,671,12417,California
Kings,2021-03-01,256,17899,77,4800,179,13099,0,0,211,7249,45,5379,211,12628,California
Kings,2021-03-02,469,18368,205,5005,264,13363,0,0,419,7619,50,5429,420,13048,California
Kings,2021-03-03,617,18985,294,5299,323,13686,0,0,430,7863,186,5615,430,13478,California
Kings,2021-03-04,713,19698,342,5641,371,14057,0,0,617,8385,96,5711,618,14096,California
Kings,2021-03-05,1006,20704,349,5990,648,14705,9,9,890,9169,116,5827,900,14996,California
Kings,2021-03-06,509,21213,183,6173,313,15018,13,22,480,9633,29,5856,493,15489,California
Kings,2021-03-07,366,21579,225,6398,137,15155,4,26,358,9987,8,5864,362,15851,California
Kings,2021-03-08,349,21928,97,6495,199,15354,53,79,240,10170,109,5973,292,16143,California
Kings,2021-03-09,515,22443,238,6733,222,15576,55,134,410,10531,105,6078,466,16609,California
Kings,2021-03-10,501,22944,123,6856,287,15863,91,225,319,10759,181,6259,409,17018,California
Kings,2021-03-11,1017,23961,305,7161,602,16465,110,335,612,11078,403,6662,722,17740,California
Kings,2021-03-12,1293,25254,391,7552,808,17273,94,429,892,11666,400,7062,988,18728,California
Kings,2021-03-13,672,25926,332,7884,296,17569,44,473,545,12129,127,7189,590,19318,California
Kings,2021-03-14,671,26597,101,7985,184,17753,386,859,200,12244,471,7660,586,19904,California
Kings,2021-03-15,639,27236,204,8189,320,18073,115,974,403,12529,235,7895,520,20424,California
Kings,2021-03-16,1039,28275,439,8628,539,18612,61,1035,703,12957,336,8231,764,21188,California
Kings,2021-03-17,1085,29360,415,9043,609,19221,61,1096,768,13476,317,8548,836,22024,California
Kings,2021-03-18,1098,30458,466,9509,410,19631,222,1318,766,14136,331,8879,991,23015,California
Kings,2021-03-19,931,31389,468,9977,378,20009,85,1403,714,14731,217,9096,812,23827,California
Kings,2021-03-20,622,32011,255,10232,337,20346,30,1433,449,15046,171,9267,486,24313,California
Kings,2021-03-21,1400,33411,1085,11317,304,20650,11,1444,847,15351,553,9820,858,25171,California
Kings,2021-03-22,449,33860,202,11519,163,20813,84,1528,275,15540,174,9994,363,25534,California
Kings,2021-03-23,896,34756,492,12011,341,21154,63,1591,575,15862,319,10313,641,26175,California
Kings,2021-03-24,914,35670,474,12485,417,21571,23,1614,510,15995,402,10715,535,26710,California
Kings,2021-03-25,884,36554,440,12925,418,21989,26,1640,443,16025,439,11154,469,27179,California
Kings,2021-03-26,1280,37834,374,13299,821,22810,85,1725,527,15889,748,11902,612,27791,California
Kings,2021-03-27,616,38450,245,13544,359,23169,12,1737,170,15627,444,12346,182,27973,California
Kings,2021-03-28,547,38997,476,14020,64,23233,7,1744,342,15779,205,12551,357,28330,California
Kings,2021-03-29,456,39453,201,14221,195,23428,60,1804,251,15886,203,12754,310,28640,California
Kings,2021-03-30,824,40277,452,14673,334,23762,38,1842,415,15931,408,13162,453,29093,California
Kings,2021-03-31,718,40995,371,15044,283,24045,64,1906,416,16116,295,13457,480,29573,California
Kings,2021-04-01,747,41742,375,15419,293,24338,79,1985,342,16138,399,13856,421,29994,California
Kings,2021-04-02,969,42711,419,15838,428,24766,122,2107,425,16144,540,14396,546,30540,California
Kings,2021-04-03,471,43182,327,16165,136,24902,8,2115,159,16007,306,14702,169,30709,California
Kings,2021-04-04,156,43338,82,16247,68,24970,6,2121,44,15946,111,14813,50,30759,California
Kings,2021-04-05,1043,44381,320,16567,473,25443,250,2371,254,15662,788,15601,504,31263,California
Kings,2021-04-06,1178,45559,446,17013,425,25868,307,2678,295,15383,880,16481,601,31864,California
Kings,2021-04-07,1336,46895,637,17650,515,26383,184,2862,412,15057,922,17403,596,32460,California
Kings,2021-04-08,1592,48487,627,18277,713,27096,252,3114,363,14450,1222,18625,615,33075,California
Kings,2021-04-09,1103,49590,523,18800,406,27502,174,3288,237,13995,864,19489,409,33484,California
Kings,2021-04-10,589,50179,328,19128,159,27661,102,3390,177,13863,411,19900,279,33763,California
Kings,2021-04-11,322,50501,74,19202,242,27903,6,3396,190,13927,132,20032,196,33959,California
Kings,2021-04-12,691,51192,307,19509,186,28089,198,3594,189,13814,500,20532,387,34346,California
Kings,2021-04-13,874,52066,502,20011,372,28461,0,3594,283,13512,590,21122,288,34634,California
Kings,2021-04-14,1016,53082,562,20573,454,28915,0,3594,368,13233,648,21770,369,35003,California
Kings,2021-04-15,1015,54097,495,21068,519,29434,1,3595,453,13126,561,22331,454,35457,California
Kings,2021-04-16,763,54860,359,21427,404,29838,0,3595,267,12898,495,22826,267,35724,California
Kings,2021-04-17,454,55314,241,21668,213,30051,0,3595,198,12841,255,23081,198,35922,California
Kings,2021-04-18,547,55861,237,21905,310,30361,0,3595,69,12432,478,23559,69,35991,California
Kings,2021-04-19,523,56384,288,22193,233,30594,2,3597,285,12481,236,23795,285,36276,California
Kings,2021-04-20,723,57107,438,22631,285,30879,0,3597,241,12242,480,24275,241,36517,California
Kings,2021-04-21,628,57735,303,22934,325,31204,0,3597,221,12061,402,24677,221,36738,California
Kings,2021-04-22,542,58277,278,23212,264,31468,0,3597,200,11924,338,25015,201,36939,California
Kings,2021-04-23,611,58888,267,23479,344,31812,0,3597,302,11921,305,25320,302,37241,California
Kings,2021-04-24,190,59078,127,23606,62,31874,1,3598,95,11923,94,25414,96,37337,California
Kings,2021-04-25,87,59165,82,23688,5,31879,0,3598,81,11998,6,25420,81,37418,California
Lake,2020-12-17,4,4,4,4,0,0,0,0,4,4,0,0,4,4,California
Lake,2020-12-18,51,55,51,55,0,0,0,0,51,55,0,0,51,55,California
Lake,2020-12-19,3,58,3,58,0,0,0,0,3,58,0,0,3,58,California
Lake,2020-12-20,6,64,6,64,0,0,0,0,6,64,0,0,6,64,California
Lake,2020-12-21,86,150,86,150,0,0,0,0,86,150,0,0,86,150,California
Lake,2020-12-22,63,213,60,210,3,3,0,0,63,213,0,0,63,213,California
Lake,2020-12-23,123,336,114,324,9,12,0,0,123,336,0,0,123,336,California
Lake,2020-12-24,2,338,0,324,2,14,0,0,2,338,0,0,2,338,California
Lake,2020-12-26,2,340,2,326,0,14,0,0,2,340,0,0,2,340,California
Lake,2020-12-27,2,342,2,328,0,14,0,0,2,342,0,0,2,342,California
Lake,2020-12-28,52,394,43,371,9,23,0,0,52,394,0,0,52,394,California
Lake,2020-12-29,49,443,44,415,5,28,0,0,49,443,0,0,49,443,California
Lake,2020-12-30,124,567,117,532,7,35,0,0,124,567,0,0,124,567,California
Lake,2020-12-31,67,634,64,596,3,38,0,0,67,634,0,0,67,634,California
Lake,2021-01-01,1,635,0,596,1,39,0,0,1,635,0,0,1,635,California
Lake,2021-01-02,2,637,1,597,1,40,0,0,2,637,0,0,2,637,California
Lake,2021-01-04,87,724,21,618,66,106,0,0,87,724,0,0,87,724,California
Lake,2021-01-05,119,843,59,677,60,166,0,0,117,839,2,2,117,841,California
Lake,2021-01-06,105,948,65,742,40,206,0,0,103,940,2,4,103,944,California
Lake,2021-01-07,104,1052,83,825,21,227,0,0,95,1026,9,13,95,1039,California
Lake,2021-01-08,152,1204,124,949,28,255,0,0,100,1074,52,65,100,1139,California
Lake,2021-01-09,63,1267,61,1010,2,257,0,0,59,1129,4,69,59,1198,California
Lake,2021-01-10,3,1270,3,1013,0,257,0,0,0,1126,3,72,0,1198,California
Lake,2021-01-11,192,1462,151,1164,41,298,0,0,112,1158,80,152,112,1310,California
Lake,2021-01-12,80,1542,48,1212,32,330,0,0,56,1190,24,176,56,1366,California
Lake,2021-01-13,164,1706,112,1324,52,382,0,0,107,1240,57,233,107,1473,California
Lake,2021-01-14,147,1853,46,1370,101,483,0,0,125,1343,22,255,125,1598,California
Lake,2021-01-15,215,2068,92,1462,123,606,0,0,188,1504,27,282,188,1786,California
Lake,2021-01-16,134,2202,81,1543,53,659,0,0,132,1634,2,284,132,1918,California
Lake,2021-01-17,18,2220,6,1549,12,671,0,0,12,1640,6,290,12,1930,California
Lake,2021-01-18,244,2464,224,1773,20,691,0,0,126,1648,118,408,126,2056,California
Lake,2021-01-19,311,2775,117,1890,194,885,0,0,266,1870,45,453,267,2323,California
Lake,2021-01-20,421,3196,80,1970,341,1226,0,0,357,2164,63,516,357,2680,California
Lake,2021-01-21,433,3629,49,2019,384,1610,0,0,398,2527,35,551,398,3078,California
Lake,2021-01-22,318,3947,46,2065,272,1882,0,0,282,2773,36,587,282,3360,California
Lake,2021-01-23,122,4069,5,2070,117,1999,0,0,121,2893,1,588,121,3481,California
Lake,2021-01-24,4,4073,1,2071,3,2002,0,0,4,2897,0,588,4,3485,California
Lake,2021-01-25,257,4330,95,2166,162,2164,0,0,176,2992,81,669,176,3661,California
Lake,2021-01-26,428,4758,36,2202,392,2556,0,0,405,3374,23,692,405,4066,California
Lake,2021-01-27,356,5114,39,2241,317,2873,0,0,329,3677,27,719,330,4396,California
Lake,2021-01-28,500,5614,160,2401,340,3213,0,0,372,3921,128,847,372,4768,California
Lake,2021-01-29,637,6251,83,2484,554,3767,0,0,577,4438,60,907,577,5345,California
Lake,2021-01-30,556,6807,45,2529,511,4278,0,0,550,4982,6,913,550,5895,California
Lake,2021-01-31,14,6821,8,2537,6,4284,0,0,12,4992,2,915,12,5907,California
Lake,2021-02-01,179,7000,18,2555,161,4445,0,0,166,5145,13,928,166,6073,California
Lake,2021-02-02,563,7563,153,2708,410,4855,0,0,398,5378,165,1093,398,6471,California
Lake,2021-02-03,445,8008,33,2741,412,5267,0,0,340,5613,105,1198,340,6811,California
Lake,2021-02-04,118,8126,68,2809,50,5317,0,0,72,5639,46,1244,72,6883,California
Lake,2021-02-05,377,8503,69,2878,308,5625,0,0,288,5840,87,1331,288,7171,California
Lake,2021-02-06,275,8778,40,2918,235,5860,0,0,264,6093,11,1342,264,7435,California
Lake,2021-02-07,2,8780,1,2919,1,5861,0,0,2,6095,0,1342,2,7437,California
Lake,2021-02-08,279,9059,206,3125,73,5934,0,0,160,6136,119,1461,160,7597,California
Lake,2021-02-09,347,9406,25,3150,322,6256,0,0,303,6396,43,1504,303,7900,California
Lake,2021-02-10,350,9756,54,3204,296,6552,0,0,274,6594,76,1580,274,8174,California
Lake,2021-02-11,169,9925,18,3222,151,6703,0,0,56,6537,113,1693,56,8230,California
Lake,2021-02-12,375,10300,28,3250,347,7050,0,0,289,6740,86,1779,289,8519,California
Lake,2021-02-13,249,10549,9,3259,240,7290,0,0,238,6967,11,1790,238,8757,California
Lake,2021-02-14,19,10568,4,3263,15,7305,0,0,6,6960,13,1803,6,8763,California
Lake,2021-02-15,172,10740,13,3276,159,7464,0,0,8,6805,163,1966,8,8771,California
Lake,2021-02-16,420,11160,22,3298,398,7862,0,0,174,6733,246,2212,174,8945,California
Lake,2021-02-17,351,11511,54,3352,297,8159,0,0,70,6523,280,2492,70,9015,California
Lake,2021-02-18,456,11967,69,3421,387,8546,0,0,114,6295,342,2834,114,9129,California
Lake,2021-02-19,414,12381,25,3446,389,8935,0,0,89,6059,325,3159,89,9218,California
Lake,2021-02-20,294,12675,60,3506,234,9169,0,0,251,6268,42,3201,251,9469,California
Lake,2021-02-21,6,12681,6,3512,0,9169,0,0,0,6262,6,3207,0,9469,California
Lake,2021-02-22,139,12820,23,3535,116,9285,0,0,43,6209,96,3303,43,9512,California
Lake,2021-02-23,212,13032,15,3550,197,9482,0,0,26,6049,186,3489,26,9538,California
Lake,2021-02-24,957,13989,379,3929,578,10060,0,0,419,5931,537,4026,419,9957,California
Lake,2021-02-25,732,14721,463,4392,269,10329,0,0,471,6143,259,4285,471,10428,California
Lake,2021-02-26,994,15715,304,4696,690,11019,0,0,348,5848,643,4928,348,10776,California
Lake,2021-02-27,410,16125,97,4793,313,11332,0,0,328,6094,82,5010,328,11104,California
Lake,2021-02-28,18,16143,12,4805,6,11338,0,0,10,6096,8,5018,10,11114,California
Lake,2021-03-01,594,16737,52,4857,542,11880,0,0,442,6386,152,5170,442,11556,California
Lake,2021-03-02,744,17481,18,4875,726,12606,0,0,291,6223,454,5624,291,11847,California
Lake,2021-03-03,359,17840,196,5071,163,12769,0,0,135,6134,224,5848,135,11982,California
Lake,2021-03-04,577,18417,509,5580,68,12837,0,0,562,6681,15,5863,562,12544,California
Lake,2021-03-05,1037,19454,40,5620,997,13834,0,0,174,5996,859,6722,174,12718,California
Lake,2021-03-06,36,19490,11,5631,24,13858,1,1,21,6003,15,6737,22,12740,California
Lake,2021-03-07,7,19497,5,5636,2,13860,0,1,4,6004,3,6740,4,12744,California
Lake,2021-03-08,338,19835,267,5903,62,13922,9,10,298,6271,40,6780,307,13051,California
Lake,2021-03-09,917,20752,29,5932,871,14793,17,27,392,6156,524,7304,409,13460,California
Lake,2021-03-10,202,20954,60,5992,129,14922,13,40,135,6237,67,7371,148,13608,California
Lake,2021-03-11,584,21538,47,6039,62,14984,475,515,49,6226,535,7906,524,14132,California
Lake,2021-03-12,858,22396,205,6244,629,15613,24,539,365,6123,492,8398,389,14521,California
Lake,2021-03-13,278,22674,21,6265,20,15633,237,776,16,6114,261,8659,252,14773,California
Lake,2021-03-14,11,22685,2,6267,9,15642,0,776,7,6117,4,8663,7,14780,California
Lake,2021-03-15,642,23327,14,6281,611,16253,17,793,483,6458,159,8822,500,15280,California
Lake,2021-03-16,1115,24442,836,7117,262,16515,17,810,450,6263,661,9483,466,15746,California
Lake,2021-03-17,246,24688,121,7238,103,16618,22,832,89,6217,157,9640,111,15857,California
Lake,2021-03-18,751,25439,373,7611,341,16959,37,869,374,6251,376,10016,410,16267,California
Lake,2021-03-19,581,26020,315,7926,246,17205,20,889,479,6649,101,10117,499,16766,California
Lake,2021-03-20,249,26269,8,7934,238,17443,3,892,30,6465,217,10334,33,16799,California
Lake,2021-03-21,17,26286,11,7945,5,17448,1,893,12,6473,5,10339,13,16812,California
Lake,2021-03-22,320,26606,240,8185,66,17514,14,907,235,6637,85,10424,249,17061,California
Lake,2021-03-23,416,27022,18,8203,385,17899,13,920,355,6945,60,10484,368,17429,California
Lake,2021-03-24,413,27435,61,8264,344,18243,8,928,317,7176,95,10579,326,17755,California
Lake,2021-03-25,658,28093,468,8732,184,18427,6,934,174,6872,484,11063,180,17935,California
Lake,2021-03-26,71,28164,33,8765,37,18464,1,935,49,6900,22,11085,50,17985,California
Lake,2021-03-27,309,28473,7,8772,299,18763,3,938,17,6630,290,11375,20,18005,California
Lake,2021-03-28,16,28489,7,8779,9,18772,0,938,10,6634,6,11381,10,18015,California
Lake,2021-03-29,899,29388,269,9048,628,19400,2,940,193,6125,704,12085,195,18210,California
Lake,2021-03-30,452,29840,304,9352,146,19546,2,942,366,6408,85,12170,368,18578,California
Lake,2021-03-31,582,30422,62,9414,519,20065,1,943,416,6667,158,12328,417,18995,California
Lake,2021-04-01,429,30851,224,9638,193,20258,12,955,181,6615,245,12573,193,19188,California
Lake,2021-04-02,224,31075,43,9681,153,20411,28,983,101,6621,123,12696,129,19317,California
Lake,2021-04-03,30,31105,7,9688,20,20431,3,986,11,6616,19,12715,14,19331,California
Lake,2021-04-04,20,31125,10,9698,8,20439,2,988,15,6628,5,12720,17,19348,California
Lake,2021-04-05,634,31759,69,9767,546,20985,19,1007,396,6807,235,12955,414,19762,California
Lake,2021-04-06,471,32230,15,9782,430,21415,26,1033,299,6961,171,13126,325,20087,California
Lake,2021-04-07,515,32745,55,9837,410,21825,50,1083,350,7198,163,13289,400,20487,California
Lake,2021-04-08,597,33342,485,10322,45,21870,67,1150,102,6875,492,13781,169,20656,California
Lake,2021-04-09,283,33625,44,10366,170,22040,69,1219,49,6762,231,14012,118,20774,California
Lake,2021-04-10,253,33878,15,10381,14,22054,224,1443,11,6755,242,14254,235,21009,California
Lake,2021-04-11,22,33900,17,10398,3,22057,2,1445,7,6749,15,14269,9,21018,California
Lake,2021-04-12,1067,34967,231,10629,803,22860,33,1478,248,6212,818,15087,281,21299,California
Lake,2021-04-13,180,35147,109,10738,71,22931,0,1478,53,6138,127,15214,53,21352,California
Lake,2021-04-14,606,35753,36,10774,570,23501,0,1478,546,6624,60,15274,546,21898,California
Lake,2021-04-15,622,36375,176,10950,446,23947,0,1478,315,6632,307,15581,315,22213,California
Lake,2021-04-16,256,36631,23,10973,232,24179,1,1479,67,6512,188,15769,68,22281,California
Lake,2021-04-17,39,36670,10,10983,29,24208,0,1479,28,6529,11,15780,28,22309,California
Lake,2021-04-18,8,36678,5,10988,3,24211,0,1479,0,6521,8,15788,0,22309,California
Lake,2021-04-19,297,36975,40,11028,257,24468,0,1479,246,6716,51,15839,246,22555,California
Lake,2021-04-20,687,37662,274,11302,413,24881,0,1479,112,6255,574,16413,113,22668,California
Lake,2021-04-21,521,38183,58,11360,463,25344,0,1479,194,6123,326,16739,194,22862,California
Lake,2021-04-22,421,38604,43,11403,378,25722,0,1479,278,6258,143,16882,278,23140,California
Lake,2021-04-23,103,38707,56,11459,47,25769,0,1479,56,6267,47,16929,56,23196,California
Lake,2021-04-24,42,38749,11,11470,31,25800,0,1479,30,6285,12,16941,30,23226,California
Lake,2021-04-25,6,38755,1,11471,5,25805,0,1479,4,6288,1,16942,4,23230,California
Lassen,2020-12-16,8,8,8,8,0,0,0,0,8,8,0,0,8,8,California
Lassen,2020-12-17,6,14,6,14,0,0,0,0,6,14,0,0,6,14,California
Lassen,2020-12-18,1,15,1,15,0,0,0,0,1,15,0,0,1,15,California
Lassen,2020-12-19,5,20,5,20,0,0,0,0,5,20,0,0,5,20,California
Lassen,2020-12-20,2,22,2,22,0,0,0,0,2,22,0,0,2,22,California
Lassen,2020-12-21,11,33,11,33,0,0,0,0,11,33,0,0,11,33,California
Lassen,2020-12-22,23,56,23,56,0,0,0,0,23,56,0,0,23,56,California
Lassen,2020-12-23,6,62,6,62,0,0,0,0,6,62,0,0,6,62,California
Lassen,2020-12-24,11,73,11,73,0,0,0,0,11,73,0,0,11,73,California
Lassen,2020-12-28,3,76,2,75,1,1,0,0,3,76,0,0,3,76,California
Lassen,2020-12-29,35,111,35,110,0,1,0,0,35,111,0,0,35,111,California
Lassen,2020-12-30,37,148,36,146,1,2,0,0,37,148,0,0,37,148,California
Lassen,2020-12-31,49,197,42,188,7,9,0,0,49,197,0,0,49,197,California
Lassen,2021-01-02,1,198,0,188,1,10,0,0,1,198,0,0,1,198,California
Lassen,2021-01-04,15,213,1,189,14,24,0,0,15,213,0,0,15,213,California
Lassen,2021-01-05,194,407,53,242,141,165,0,0,194,407,0,0,194,407,California
Lassen,2021-01-06,93,500,42,284,51,216,0,0,85,485,8,8,86,493,California
Lassen,2021-01-07,43,543,7,291,36,252,0,0,37,516,6,14,37,530,California
Lassen,2021-01-08,50,593,2,293,48,300,0,0,50,566,0,14,50,580,California
Lassen,2021-01-09,12,605,6,299,6,306,0,0,12,578,0,14,12,592,California
Lassen,2021-01-11,27,632,5,304,22,328,0,0,27,605,0,14,27,619,California
Lassen,2021-01-12,49,681,29,333,20,348,0,0,30,616,19,33,30,649,California
Lassen,2021-01-13,161,842,18,351,143,491,0,0,146,747,15,48,146,795,California
Lassen,2021-01-14,163,1005,18,369,145,636,0,0,151,886,12,60,151,946,California
Lassen,2021-01-15,33,1038,6,375,27,663,0,0,33,919,0,60,33,979,California
Lassen,2021-01-16,34,1072,33,408,1,664,0,0,34,953,0,60,34,1013,California
Lassen,2021-01-17,1,1073,0,408,1,665,0,0,1,954,0,60,1,1014,California
Lassen,2021-01-18,5,1078,2,410,3,668,0,0,4,957,1,61,4,1018,California
Lassen,2021-01-19,185,1263,36,446,149,817,0,0,157,1086,28,89,157,1175,California
Lassen,2021-01-20,188,1451,100,546,88,905,0,0,104,1121,69,158,104,1279,California
Lassen,2021-01-21,144,1595,93,639,51,956,0,0,120,1223,18,176,120,1399,California
Lassen,2021-01-22,31,1626,18,657,13,969,0,0,21,1234,10,186,21,1420,California
Lassen,2021-01-23,2,1628,0,657,2,971,0,0,2,1236,0,186,2,1422,California
Lassen,2021-01-24,1,1629,0,657,1,972,0,0,1,1237,0,186,1,1423,California
Lassen,2021-01-25,11,1640,0,657,11,983,0,0,11,1248,0,186,11,1434,California
Lassen,2021-01-26,126,1766,12,669,114,1097,0,0,122,1366,4,190,122,1556,California
Lassen,2021-01-27,85,1851,33,702,52,1149,0,0,69,1419,16,206,69,1625,California
Lassen,2021-01-28,85,1936,14,716,71,1220,0,0,84,1502,1,207,84,1709,California
Lassen,2021-01-29,23,1959,7,723,16,1236,0,0,22,1523,1,208,22,1731,California
Lassen,2021-02-01,62,2021,4,727,58,1294,0,0,36,1533,26,234,36,1767,California
Lassen,2021-02-02,177,2198,12,739,165,1459,0,0,44,1444,133,367,44,1811,California
Lassen,2021-02-03,96,2294,21,760,75,1534,0,0,51,1450,45,412,51,1862,California
Lassen,2021-02-04,112,2406,15,775,97,1631,0,0,63,1464,49,461,63,1925,California
Lassen,2021-02-05,65,2471,12,787,53,1684,0,0,23,1445,42,503,23,1948,California
Lassen,2021-02-06,70,2541,35,822,35,1719,0,0,37,1450,32,535,37,1985,California
Lassen,2021-02-07,2,2543,2,824,0,1719,0,0,2,1452,0,535,2,1987,California
Lassen,2021-02-08,43,2586,4,828,39,1758,0,0,18,1445,25,560,18,2005,California
Lassen,2021-02-09,129,2715,8,836,121,1879,0,0,50,1416,79,639,50,2055,California
Lassen,2021-02-10,182,2897,20,856,162,2041,0,0,75,1384,107,746,75,2130,California
Lassen,2021-02-11,184,3081,16,872,168,2209,0,0,80,1361,103,849,80,2210,California
Lassen,2021-02-12,42,3123,11,883,31,2240,0,0,14,1347,28,877,14,2224,California
Lassen,2021-02-13,11,3134,3,886,8,2248,0,0,9,1354,2,879,9,2233,California
Lassen,2021-02-14,13,3147,0,886,13,2261,0,0,12,1365,1,880,12,2245,California
Lassen,2021-02-15,21,3168,2,888,19,2280,0,0,17,1378,4,884,17,2262,California
Lassen,2021-02-16,192,3360,4,892,188,2468,0,0,31,1250,159,1043,31,2293,California
Lassen,2021-02-17,184,3544,94,986,90,2558,0,0,11,1088,173,1216,11,2304,California
Lassen,2021-02-18,79,3623,22,1008,57,2615,0,0,20,1049,59,1275,20,2324,California
Lassen,2021-02-19,82,3705,62,1070,20,2635,0,0,18,1003,64,1339,18,2342,California
Lassen,2021-02-20,7,3712,0,1070,7,2642,0,0,5,1006,2,1341,5,2347,California
Lassen,2021-02-21,22,3734,2,1072,20,2662,0,0,18,1020,4,1345,18,2365,California
Lassen,2021-02-22,23,3757,8,1080,15,2677,0,0,5,1007,18,1363,5,2370,California
Lassen,2021-02-23,153,3910,10,1090,143,2820,0,0,41,936,112,1475,41,2411,California
Lassen,2021-02-24,166,4076,17,1107,149,2969,0,0,108,987,57,1532,108,2519,California
Lassen,2021-02-25,156,4232,19,1126,137,3106,0,0,99,1029,57,1589,99,2618,California
Lassen,2021-02-26,73,4305,16,1142,57,3163,0,0,36,1028,37,1626,36,2654,California
Lassen,2021-02-27,8,4313,7,1149,1,3164,0,0,3,1026,5,1631,3,2657,California
Lassen,2021-02-28,6,4319,1,1150,5,3169,0,0,3,1026,3,1634,3,2660,California
Lassen,2021-03-01,41,4360,4,1154,37,3206,0,0,8,1001,33,1667,8,2668,California
Lassen,2021-03-02,107,4467,9,1163,98,3304,0,0,80,1054,27,1694,80,2748,California
Lassen,2021-03-03,170,4637,12,1175,158,3462,0,0,113,1110,57,1751,113,2861,California
Lassen,2021-03-04,148,4785,15,1190,133,3595,0,0,98,1159,49,1800,98,2959,California
Lassen,2021-03-05,47,4832,7,1197,17,3612,23,23,11,1157,36,1836,34,2993,California
Lassen,2021-03-06,56,4888,5,1202,29,3641,22,45,6,1135,50,1886,28,3021,California
Lassen,2021-03-07,56,4944,1,1203,0,3641,55,100,1,1136,55,1941,56,3077,California
Lassen,2021-03-08,90,5034,2,1205,8,3649,80,180,3,1133,86,2027,83,3160,California
Lassen,2021-03-09,137,5171,11,1216,109,3758,17,197,88,1190,49,2076,106,3266,California
Lassen,2021-03-10,173,5344,10,1226,162,3920,1,198,79,1177,93,2169,80,3346,California
Lassen,2021-03-11,185,5529,16,1242,162,4082,7,205,113,1228,69,2238,120,3466,California
Lassen,2021-03-12,35,5564,18,1260,13,4095,4,209,12,1221,23,2261,16,3482,California
Lassen,2021-03-13,49,5613,0,1260,3,4098,46,255,1,1219,48,2309,46,3528,California
Lassen,2021-03-14,14,5627,2,1262,11,4109,1,256,2,1210,12,2321,3,3531,California
Lassen,2021-03-15,32,5659,1,1263,31,4140,0,256,16,1210,16,2337,16,3547,California
Lassen,2021-03-16,93,5752,2,1265,85,4225,6,262,75,1273,18,2355,81,3628,California
Lassen,2021-03-17,1086,6838,9,1274,1072,5297,5,267,1066,2324,20,2375,1071,4699,California
Lassen,2021-03-18,95,6933,9,1283,85,5382,1,268,81,2392,14,2389,82,4781,California
Lassen,2021-03-19,17,6950,11,1294,2,5384,4,272,7,2393,10,2399,11,4792,California
Lassen,2021-03-20,28,6978,3,1297,22,5406,3,275,22,2412,6,2405,25,4817,California
Lassen,2021-03-21,34,7012,0,1297,34,5440,0,275,14,2407,19,2424,14,4831,California
Lassen,2021-03-22,57,7069,1,1298,56,5496,0,275,54,2458,3,2427,54,4885,California
Lassen,2021-03-23,117,7186,9,1307,107,5603,1,276,66,2474,51,2478,67,4952,California
Lassen,2021-03-24,212,7398,13,1320,199,5802,0,276,107,2477,104,2582,107,5059,California
Lassen,2021-03-25,151,7549,20,1340,131,5933,0,276,69,2464,82,2664,69,5128,California
Lassen,2021-03-26,78,7627,12,1352,27,5960,39,315,19,2463,59,2723,58,5186,California
Lassen,2021-03-27,20,7647,4,1356,1,5961,15,330,3,2464,17,2740,18,5204,California
Lassen,2021-03-28,18,7665,3,1359,5,5966,10,340,4,2464,14,2754,14,5218,California
Lassen,2021-03-29,52,7717,0,1359,27,5993,25,365,20,2478,31,2785,45,5263,California
Lassen,2021-03-30,198,7915,10,1369,163,6156,25,390,51,2407,147,2932,76,5339,California
Lassen,2021-03-31,146,8061,12,1381,112,6268,22,412,62,2407,84,3016,84,5423,California
Lassen,2021-04-01,166,8227,16,1397,131,6399,19,431,49,2359,116,3132,68,5491,California
Lassen,2021-04-02,29,8256,4,1401,3,6402,22,453,2,2356,27,3159,24,5515,California
Lassen,2021-04-03,12,8268,0,1401,2,6404,10,463,0,2354,12,3171,10,5525,California
Lassen,2021-04-04,7,8275,2,1403,0,6404,5,468,1,2354,6,3177,6,5531,California
Lassen,2021-04-05,23,8298,4,1407,12,6416,7,475,11,2361,11,3188,18,5549,California
Lassen,2021-04-06,183,8481,8,1415,145,6561,30,505,52,2312,131,3319,82,5631,California
Lassen,2021-04-07,135,8616,5,1420,93,6654,37,542,32,2280,103,3422,71,5702,California
Lassen,2021-04-08,169,8785,8,1428,105,6759,56,598,33,2237,132,3554,89,5791,California
Lassen,2021-04-09,52,8837,6,1434,11,6770,35,633,9,2238,42,3596,43,5834,California
Lassen,2021-04-10,9,8846,0,1434,2,6772,7,640,0,2237,8,3604,7,5841,California
Lassen,2021-04-11,5,8851,2,1436,0,6772,3,643,2,2239,3,3607,5,5846,California
Lassen,2021-04-12,25,8876,2,1438,10,6782,13,656,1,2229,24,3631,14,5860,California
Lassen,2021-04-13,129,9005,6,1444,123,6905,0,656,40,2181,88,3719,40,5900,California
Lassen,2021-04-14,986,9991,16,1460,970,7875,0,656,50,1296,935,4654,50,5950,California
Lassen,2021-04-15,147,10138,14,1474,133,8008,0,656,19,1187,128,4782,19,5969,California
Lassen,2021-04-16,11,10149,4,1478,7,8015,0,656,5,1187,6,4788,6,5975,California
Lassen,2021-04-17,24,10173,3,1481,21,8036,0,656,4,1171,20,4808,4,5979,California
Lassen,2021-04-18,5,10178,2,1483,3,8039,0,656,2,1170,3,4811,2,5981,California
Lassen,2021-04-19,32,10210,0,1483,32,8071,0,656,16,1170,16,4827,16,5997,California
Lassen,2021-04-20,133,10343,7,1490,126,8197,0,656,48,1133,85,4912,48,6045,California
Lassen,2021-04-21,139,10482,9,1499,128,8325,2,658,32,1059,106,5018,32,6077,California
Lassen,2021-04-22,40,10522,14,1513,26,8351,0,658,28,1075,12,5030,28,6105,California
Lassen,2021-04-23,30,10552,1,1514,28,8379,1,659,21,1087,9,5039,21,6126,California
Lassen,2021-04-24,10,10562,6,1520,4,8383,0,659,3,1084,6,5045,3,6129,California
Los Angeles,2020-12-15,391,391,391,391,0,0,0,0,391,391,0,0,391,391,California
Los Angeles,2020-12-16,3364,3755,3364,3755,0,0,0,0,3364,3755,0,0,3364,3755,California
Los Angeles,2020-12-17,10229,13984,10229,13984,0,0,0,0,10230,13985,0,0,10230,13985,California
Los Angeles,2020-12-18,14502,28486,14478,28462,24,24,0,0,14502,28487,0,0,14502,28487,California
Los Angeles,2020-12-19,7220,35706,7212,35674,8,32,0,0,7221,35708,0,0,7221,35708,California
Los Angeles,2020-12-20,4582,40288,4575,40249,7,39,0,0,4584,40292,0,0,4584,40292,California
Los Angeles,2020-12-21,13679,53967,13665,53914,14,53,0,0,13680,53971,1,1,13680,53972,California
Los Angeles,2020-12-22,11516,65483,11135,65049,381,434,0,0,11517,65487,1,2,11517,65489,California
Los Angeles,2020-12-23,11875,77358,10122,75171,1753,2187,0,0,11876,77363,0,2,11876,77365,California
Los Angeles,2020-12-24,7011,84369,4245,79416,2766,4953,0,0,7014,84377,0,2,7014,84379,California
Los Angeles,2020-12-25,524,84893,419,79835,105,5058,0,0,524,84901,0,2,524,84903,California
Los Angeles,2020-12-26,2523,87416,2178,82013,345,5403,0,0,2523,87423,1,3,2523,87426,California
Los Angeles,2020-12-27,1757,89173,1027,83040,730,6133,0,0,1757,89180,0,3,1757,89183,California
Los Angeles,2020-12-28,10267,99440,6369,89409,3898,10031,0,0,10265,99444,1,4,10265,99448,California
Los Angeles,2020-12-29,11581,111021,6064,95473,5517,15548,0,0,11583,111027,0,4,11583,111031,California
Los Angeles,2020-12-30,14848,125869,8080,103553,6768,22316,0,0,14847,125874,0,4,14847,125878,California
Los Angeles,2020-12-31,7913,133782,2749,106302,5164,27480,0,0,7911,133784,1,5,7911,133789,California
Los Angeles,2021-01-01,976,134758,263,106565,713,28193,0,0,976,134760,0,5,976,134765,California
Los Angeles,2021-01-02,4444,139202,1650,108215,2794,30987,0,0,4444,139204,0,5,4444,139209,California
Los Angeles,2021-01-03,927,140129,209,108424,718,31705,0,0,926,140129,1,6,926,140135,California
Los Angeles,2021-01-04,12663,152792,4852,113276,7811,39516,0,0,12649,152775,3,9,12649,152784,California
Los Angeles,2021-01-05,15973,168765,7053,120329,8920,48436,0,0,14074,164979,1872,1881,14076,166860,California
Los Angeles,2021-01-06,22494,191259,12048,132377,10446,58882,0,0,16910,176380,5516,7397,16917,183777,California
Los Angeles,2021-01-07,29338,220597,15793,148170,13545,72427,0,0,18849,184796,10444,17841,18860,202637,California
Los Angeles,2021-01-08,33045,253642,17880,166050,15165,87592,0,0,20843,193471,12176,30017,20851,223488,California
Los Angeles,2021-01-09,12340,265982,7062,173112,5278,92870,0,0,7480,196098,4859,34876,7486,230974,California
Los Angeles,2021-01-10,4646,270628,3626,176738,1020,93890,0,0,1919,195291,2727,37603,1920,232894,California
Los Angeles,2021-01-11,25762,296390,16227,192965,9535,103425,0,0,14834,199216,10917,48520,14842,247736,California
Los Angeles,2021-01-12,29189,325579,16065,209030,13124,116549,0,0,19064,208181,10107,58627,19072,266808,California
Los Angeles,2021-01-13,29224,354803,15608,224638,13616,130165,0,0,20288,219555,8919,67546,20293,287101,California
Los Angeles,2021-01-14,29211,384014,12702,237340,16509,146674,0,0,23714,237800,5478,73024,23723,310824,California
Los Angeles,2021-01-15,33749,417763,12336,249676,21413,168087,0,0,30182,264447,3542,76566,30189,341013,California
Los Angeles,2021-01-16,17545,435308,4963,254639,12582,180669,0,0,15767,278448,1770,78336,15771,356784,California
Los Angeles,2021-01-17,5181,440489,2301,256940,2880,183549,0,0,4936,283142,244,78580,4938,361722,California
Los Angeles,2021-01-18,15566,456055,10049,266989,5517,189066,0,0,10863,289316,4691,83271,10865,372587,California
Los Angeles,2021-01-19,38408,494463,20538,287527,17870,206936,0,0,30634,312224,7733,91004,30641,403228,California
Los Angeles,2021-01-20,45543,540006,23723,311250,21820,228756,0,0,38061,342841,7452,98456,38069,441297,California
Los Angeles,2021-01-21,48571,588577,22387,333637,26184,254940,0,0,44315,382975,4195,102651,44329,485626,California
Los Angeles,2021-01-22,47751,636328,22201,355838,25550,280490,0,0,44346,423969,3361,106012,44355,529981,California
Los Angeles,2021-01-23,33925,670253,15693,371531,18232,298722,0,0,31883,453853,2010,108022,31894,561875,California
Los Angeles,2021-01-24,15719,685972,12204,383735,3515,302237,0,0,15170,468482,542,108564,15171,577046,California
Los Angeles,2021-01-25,38627,724599,16393,400128,22234,324471,0,0,30176,490253,8422,116986,30193,607239,California
Los Angeles,2021-01-26,49156,773755,24393,424521,24763,349234,0,0,41001,523150,8122,125108,41019,648258,California
Los Angeles,2021-01-27,48375,822130,25771,450292,22604,371838,0,0,39212,553354,9028,134136,39232,687490,California
Los Angeles,2021-01-28,48462,870592,23053,473345,25409,397247,0,0,40099,585228,8244,142380,40118,727608,California
Los Angeles,2021-01-29,49167,919759,25354,498699,23813,421060,0,0,39143,614720,9673,152053,39165,766773,California
Los Angeles,2021-01-30,29950,949709,15384,514083,14566,435626,0,0,25824,636496,4051,156104,25827,792600,California
Los Angeles,2021-01-31,12991,962700,10358,524441,2633,438259,0,0,12073,647666,906,157010,12076,804676,California
Los Angeles,2021-02-01,37917,1000617,16133,540574,21784,460043,0,0,27681,665150,10206,167216,27690,832366,California
Los Angeles,2021-02-02,44133,1044750,17859,558433,26274,486317,0,0,31989,685035,12107,179323,31992,864358,California
Los Angeles,2021-02-03,51973,1096723,19447,577880,32526,518843,0,0,37315,707931,14425,193748,37321,901679,California
Los Angeles,2021-02-04,57104,1153827,20675,598555,36429,555272,0,0,39080,729305,17717,211465,39091,940770,California
Los Angeles,2021-02-05,61043,1214870,21005,619560,40038,595310,0,0,39223,747132,21402,232867,39229,979999,California
Los Angeles,2021-02-06,35435,1250305,13271,632831,22164,617474,0,0,27032,765855,8330,241197,27053,1007052,California
Los Angeles,2021-02-07,10778,1261083,8366,641197,2412,619886,0,0,8398,771893,2365,243562,8403,1015455,California
Los Angeles,2021-02-08,46661,1307744,21455,662652,25206,645092,0,0,30538,786442,15991,259553,30540,1045995,California
Los Angeles,2021-02-09,55668,1363412,24560,687212,31108,676200,0,0,28362,787569,27241,286794,28368,1074363,California
Los Angeles,2021-02-10,66778,1430190,29350,716562,37428,713628,0,0,30945,783058,35463,322257,30952,1105315,California
Los Angeles,2021-02-11,57892,1488082,30824,747386,27068,740696,0,0,28003,781611,29452,351709,28005,1133320,California
Los Angeles,2021-02-12,59437,1547519,29764,777150,29673,770369,0,0,25950,774420,33157,384866,25966,1159286,California
Los Angeles,2021-02-13,33768,1581287,19602,796752,14166,784535,0,0,15459,771689,18226,403092,15495,1174781,California
Los Angeles,2021-02-14,21856,1603143,14952,811704,6904,791439,0,0,8770,767436,13026,416118,8773,1183554,California
Los Angeles,2021-02-15,32364,1635507,15824,827528,16540,807979,0,0,17763,770662,14543,430661,17769,1201323,California
Los Angeles,2021-02-16,63875,1699382,32455,859983,31420,839399,0,0,29835,766548,33961,464622,29847,1231170,California
Los Angeles,2021-02-17,63896,1763278,34209,894192,29687,869086,0,0,26340,755502,37392,502014,26346,1257516,California
Los Angeles,2021-02-18,67940,1831218,34647,928839,33293,902379,0,0,28583,744910,39184,541198,28592,1286108,California
Los Angeles,2021-02-19,56909,1888127,34965,963804,21944,924323,0,0,28283,744674,28533,569731,28297,1314405,California
Los Angeles,2021-02-20,32057,1920184,23801,987605,8256,932579,0,0,15665,743994,16353,586084,15673,1330078,California
Los Angeles,2021-02-21,16585,1936769,14946,1002551,1639,934218,0,0,8469,744381,8085,594169,8472,1338550,California
Los Angeles,2021-02-22,34212,1970981,24914,1027465,9298,943516,0,0,17705,745661,16435,610604,17715,1356265,California
Los Angeles,2021-02-23,53430,2024411,22662,1050127,30768,974284,0,0,21063,734469,32266,642870,21074,1377339,California
Los Angeles,2021-02-24,63797,2088208,28017,1078144,35780,1010064,0,0,27986,726819,35653,678523,28003,1405342,California
Los Angeles,2021-02-25,73288,2161496,33657,1111801,39631,1049695,0,0,38532,730755,34607,713130,38543,1443885,California
Los Angeles,2021-02-26,82579,2244075,38501,1150302,44078,1093773,0,0,47308,743042,35048,748178,47335,1491220,California
Los Angeles,2021-02-27,58449,2302524,24831,1175133,33614,1127387,4,4,29870,744500,28439,776617,29897,1521117,California
Los Angeles,2021-02-28,26727,2329251,18450,1193583,8276,1135663,1,5,18830,755519,7819,784436,18838,1539955,California
Los Angeles,2021-03-01,55313,2384564,30979,1224562,24320,1159983,14,19,33540,767458,21630,806066,33569,1573524,California
Los Angeles,2021-03-02,70704,2455268,31313,1255875,39389,1199372,2,21,43202,783280,27391,833457,43213,1616737,California
Los Angeles,2021-03-03,81949,2537217,41012,1296887,40930,1240302,7,28,51432,804374,30367,863824,51461,1668198,California
Los Angeles,2021-03-04,88818,2626035,45632,1342519,43176,1283478,10,38,55923,827599,32724,896548,55949,1724147,California
Los Angeles,2021-03-05,87346,2713381,42546,1385065,44776,1328254,24,62,58244,856964,28936,925484,58301,1782448,California
Los Angeles,2021-03-06,65818,2779199,32982,1418047,31028,1359282,1808,1870,42315,877723,23370,948854,44129,1826577,California
Los Angeles,2021-03-07,25600,2804799,19262,1437309,5547,1364829,791,2661,19735,892406,5841,954695,20524,1847101,California
Los Angeles,2021-03-08,51193,2855992,26584,1463893,22672,1387501,1937,4598,38499,920238,12602,967297,40434,1887535,California
Los Angeles,2021-03-09,68507,2924499,26115,1490008,39125,1426626,3267,7865,40889,936911,27478,994775,44151,1931686,California
Los Angeles,2021-03-10,78624,3003123,37137,1527145,36843,1463469,4644,12509,49395,961833,29085,1023860,54007,1985693,California
Los Angeles,2021-03-11,91336,3094459,44449,1571594,40507,1503976,6380,18889,53653,984313,37522,1061382,60002,2045695,California
Los Angeles,2021-03-12,96420,3190879,42725,1614319,39987,1543963,13708,32597,56080,1013891,40168,1101550,69746,2115441,California
Los Angeles,2021-03-13,73566,3264445,34056,1648375,27632,1571595,11878,44475,43758,1039779,29710,1131260,55598,2171039,California
Los Angeles,2021-03-14,37961,3302406,25358,1673733,10193,1581788,2410,46885,25466,1055198,12439,1143699,27858,2198897,California
Los Angeles,2021-03-15,73298,3375704,35431,1709164,32554,1614342,5313,52198,44740,1076852,28388,1172087,50042,2248939,California
Los Angeles,2021-03-16,97820,3473524,42096,1751260,49982,1664324,5742,57940,63859,1112638,33788,1205875,69574,2318513,California
Los Angeles,2021-03-17,94841,3568365,42571,1793831,44086,1708410,8184,66124,63690,1153429,30980,1236855,71771,2390284,California
Los Angeles,2021-03-18,98259,3666624,46901,1840732,46186,1754596,5172,71296,62585,1185744,35430,1272285,67745,2458029,California
Los Angeles,2021-03-19,104988,3771612,54606,1895338,45722,1800318,4660,75956,65222,1216051,39537,1311822,69844,2527873,California
Los Angeles,2021-03-20,74165,3845777,36061,1931399,33850,1834168,4254,80210,51579,1249439,22434,1334256,55822,2583695,California
Los Angeles,2021-03-21,33492,3879269,24719,1956118,7930,1842098,843,81053,21772,1260422,11628,1345884,22611,2606306,California
Los Angeles,2021-03-22,67733,3947002,40120,1996238,25651,1867749,1962,83015,48310,1291473,19218,1365102,50269,2656575,California
Los Angeles,2021-03-23,93248,4040250,50350,2046588,39985,1907734,2913,85928,62029,1325401,31005,1396107,64933,2721508,California
Los Angeles,2021-03-24,101860,4142110,54144,2100732,44851,1952585,2865,88793,60459,1347597,41117,1437224,63313,2784821,California
Los Angeles,2021-03-25,106889,4248999,57195,2157927,46072,1998657,3622,92415,61471,1367504,45172,1482396,65079,2849900,California
Los Angeles,2021-03-26,111423,4360422,60802,2218729,46538,2045195,4083,96498,63508,1387410,47672,1530068,67578,2917478,California
Los Angeles,2021-03-27,80791,4441213,42366,2261095,36312,2081507,2113,98611,42177,1393305,38396,1568464,44291,2961769,California
Los Angeles,2021-03-28,40752,4481965,27259,2288354,12911,2094418,582,99193,20738,1394700,19925,1588389,21320,2983089,California
Los Angeles,2021-03-29,81010,4562975,45738,2334092,33686,2128104,1586,100779,46512,1408461,34335,1622724,48096,3031185,California
Los Angeles,2021-03-30,105899,4668874,49579,2383671,50627,2178731,5693,106472,65317,1439055,40397,1663121,70991,3102176,California
Los Angeles,2021-03-31,119185,4788059,59799,2443470,50900,2229631,8486,114958,70119,1468789,48839,1711960,78573,3180749,California
Los Angeles,2021-04-01,129529,4917588,60450,2503920,54350,2283981,14729,129687,71046,1496271,58254,1770214,85736,3266485,California
Los Angeles,2021-04-02,127509,5045097,56347,2560267,56367,2340348,14795,144482,68795,1521423,58430,1828644,83582,3350067,California
Los Angeles,2021-04-03,94994,5140091,42900,2603167,39097,2379445,12997,157479,47533,1534607,47316,1875960,60500,3410567,California
Los Angeles,2021-04-04,38816,5178907,20277,2623444,11979,2391424,6560,164039,16679,1535748,22081,1898041,23222,3433789,California
Los Angeles,2021-04-05,90358,5269265,43843,2667287,36626,2428050,9889,173928,44511,1544436,45694,1943735,54382,3488171,California
Los Angeles,2021-04-06,119420,5388685,56194,2723481,43181,2471231,20045,193973,55474,1556145,63742,2007477,75451,3563622,California
Los Angeles,2021-04-07,118205,5506890,53848,2777329,43529,2514760,20828,214801,54107,1567137,63880,2071357,74872,3638494,California
Los Angeles,2021-04-08,130115,5637005,57134,2834463,49221,2563981,23760,238561,59400,1579738,70482,2141839,83083,3721577,California
Los Angeles,2021-04-09,128580,5765585,55817,2890280,49370,2613351,23393,261954,55933,1586578,72408,2214247,79248,3800825,California
Los Angeles,2021-04-10,99174,5864759,42133,2932413,33416,2646767,23625,285579,36686,1584540,62290,2276537,60252,3861077,California
Los Angeles,2021-04-11,41082,5905841,22289,2954702,9568,2656335,9225,294804,14306,1581328,26715,2303252,23503,3884580,California
Los Angeles,2021-04-12,77630,5983471,38267,2992969,33179,2689514,6184,300988,32440,1574900,45017,2348269,38589,3923169,California
Los Angeles,2021-04-13,116177,6099648,58696,3051665,57079,2746593,402,301390,61706,1582963,54273,2402542,62336,3985505,California
Los Angeles,2021-04-14,115443,6215091,58507,3110172,56824,2803417,112,301502,62987,1593827,52230,2454772,63094,4048599,California
Los Angeles,2021-04-15,125061,6340152,67836,3178008,57070,2860487,155,301657,71431,1612014,53399,2508171,71586,4120185,California
Los Angeles,2021-04-16,126599,6466751,67814,3245822,58646,2919133,139,301796,67164,1620109,59212,2567383,67307,4187492,California
Los Angeles,2021-04-17,95204,6561955,50366,3296188,44826,2963959,12,301808,54162,1633433,40870,2608253,54194,4241686,California
Los Angeles,2021-04-18,33659,6595614,22297,3318485,11361,2975320,1,301809,18636,1637104,14972,2623225,18643,4260329,California
Los Angeles,2021-04-19,73308,6668922,39207,3357692,34075,3009395,26,301835,32935,1629849,40222,2663447,32967,4293296,California
Los Angeles,2021-04-20,99227,6768149,48626,3406318,50590,3059985,11,301846,49550,1629939,49481,2712928,49571,4342867,California
Los Angeles,2021-04-21,106352,6874501,51590,3457908,54573,3114558,189,302035,47605,1619241,58496,2771424,47798,4390665,California
Los Angeles,2021-04-22,106643,6981144,57019,3514927,49595,3164153,29,302064,47390,1607683,59020,2830444,47462,4438127,California
Los Angeles,2021-04-23,96102,7077246,53896,3568823,42189,3206342,17,302081,44645,1601130,51217,2881661,44664,4482791,California
Los Angeles,2021-04-24,73889,7151135,48725,3617548,25141,3231483,23,302104,41897,1611197,31856,2913517,41923,4524714,California
Los Angeles,2021-04-25,9139,7160274,8159,3625707,980,3232463,0,302104,6516,1615115,2607,2916124,6525,4531239,California
Madera,2020-12-16,22,22,22,22,0,0,0,0,22,22,0,0,22,22,California
Madera,2020-12-17,13,35,13,35,0,0,0,0,13,35,0,0,13,35,California
Madera,2020-12-18,61,96,61,96,0,0,0,0,61,96,0,0,61,96,California
Madera,2020-12-19,5,101,5,101,0,0,0,0,5,101,0,0,5,101,California
Madera,2020-12-20,14,115,14,115,0,0,0,0,14,115,0,0,14,115,California
Madera,2020-12-21,60,175,60,175,0,0,0,0,60,175,0,0,60,175,California
Madera,2020-12-22,97,272,95,270,2,2,0,0,97,272,0,0,97,272,California
Madera,2020-12-23,68,340,68,338,0,2,0,0,68,340,0,0,68,340,California
Madera,2020-12-24,44,384,39,377,5,7,0,0,44,384,0,0,44,384,California
Madera,2020-12-26,28,412,26,403,2,9,0,0,28,412,0,0,28,412,California
Madera,2020-12-27,30,442,12,415,18,27,0,0,30,442,0,0,30,442,California
Madera,2020-12-28,105,547,36,451,69,96,0,0,105,547,0,0,105,547,California
Madera,2020-12-29,174,721,40,491,134,230,0,0,174,721,0,0,174,721,California
Madera,2020-12-30,218,939,86,577,132,362,0,0,218,939,0,0,218,939,California
Madera,2020-12-31,201,1140,80,657,121,483,0,0,201,1140,0,0,201,1140,California
Madera,2021-01-01,1,1141,1,658,0,483,0,0,1,1141,0,0,1,1141,California
Madera,2021-01-02,89,1230,34,692,55,538,0,0,89,1230,0,0,89,1230,California
Madera,2021-01-03,5,1235,5,697,0,538,0,0,5,1235,0,0,5,1235,California
Madera,2021-01-04,129,1364,65,762,64,602,0,0,129,1364,0,0,129,1364,California
Madera,2021-01-05,279,1643,143,905,136,738,0,0,275,1635,4,4,275,1639,California
Madera,2021-01-06,184,1827,27,932,157,895,0,0,164,1779,20,24,164,1803,California
Madera,2021-01-07,394,2221,113,1045,281,1176,0,0,372,2129,22,46,372,2175,California
Madera,2021-01-08,419,2640,72,1117,347,1523,0,0,364,2440,54,100,365,2540,California
Madera,2021-01-09,37,2677,14,1131,23,1546,0,0,28,2459,9,109,28,2568,California
Madera,2021-01-10,17,2694,14,1145,3,1549,0,0,5,2452,12,121,5,2573,California
Madera,2021-01-11,238,2932,190,1335,48,1597,0,0,195,2604,43,164,195,2768,California
Madera,2021-01-12,390,3322,157,1492,233,1830,0,0,284,2782,106,270,284,3052,California
Madera,2021-01-13,185,3507,91,1583,94,1924,0,0,129,2856,56,326,130,3182,California
Madera,2021-01-14,554,4061,82,1665,472,2396,0,0,520,3342,34,360,520,3702,California
Madera,2021-01-15,599,4660,159,1824,440,2836,0,0,579,3901,20,380,579,4281,California
Madera,2021-01-16,382,5042,47,1871,335,3171,0,0,353,4225,29,409,353,4634,California
Madera,2021-01-17,335,5377,15,1886,320,3491,0,0,331,4552,4,413,331,4965,California
Madera,2021-01-18,76,5453,60,1946,16,3507,0,0,57,4591,18,431,57,5022,California
Madera,2021-01-19,570,6023,135,2081,435,3942,0,0,543,5108,27,458,544,5566,California
Madera,2021-01-20,234,6257,80,2161,154,4096,0,0,206,5287,27,485,206,5772,California
Madera,2021-01-21,237,6494,130,2291,107,4203,0,0,204,5460,31,516,204,5976,California
Madera,2021-01-22,257,6751,83,2374,174,4377,0,0,243,5689,14,530,243,6219,California
Madera,2021-01-23,100,6851,52,2426,48,4425,0,0,76,5741,24,554,76,6295,California
Madera,2021-01-24,101,6952,82,2508,19,4444,0,0,78,5796,23,577,78,6373,California
Madera,2021-01-25,255,7207,124,2632,131,4575,0,0,142,5825,113,690,142,6515,California
Madera,2021-01-26,481,7688,189,2821,292,4867,0,0,292,5931,188,878,294,6809,California
Madera,2021-01-27,737,8425,63,2884,674,5541,0,0,601,6397,136,1014,602,7411,California
Madera,2021-01-28,536,8961,103,2987,433,5974,0,0,433,6727,103,1117,433,7844,California
Madera,2021-01-29,468,9429,95,3082,373,6347,0,0,412,7083,56,1173,412,8256,California
Madera,2021-01-30,504,9933,16,3098,488,6835,0,0,450,7479,54,1227,450,8706,California
Madera,2021-01-31,10,9943,7,3105,3,6838,0,0,9,7487,1,1228,9,8715,California
Madera,2021-02-01,256,10199,72,3177,184,7022,0,0,197,7625,59,1287,197,8912,California
Madera,2021-02-02,252,10451,87,3264,165,7187,0,0,161,7697,90,1377,162,9074,California
Madera,2021-02-03,592,11043,459,3723,133,7320,0,0,473,8054,117,1494,474,9548,California
Madera,2021-02-04,385,11428,120,3843,265,7585,0,0,111,7893,273,1767,112,9660,California
Madera,2021-02-05,974,12402,297,4140,677,8262,0,0,368,7661,601,2368,369,10029,California
Madera,2021-02-06,360,12762,325,4465,35,8297,0,0,321,7944,38,2406,321,10350,California
Madera,2021-02-07,35,12797,7,4472,28,8325,0,0,30,7969,5,2411,30,10380,California
Madera,2021-02-08,382,13179,306,4778,76,8401,0,0,269,8126,112,2523,269,10649,California
Madera,2021-02-09,479,13658,119,4897,360,8761,0,0,197,8045,279,2802,198,10847,California
Madera,2021-02-10,428,14086,148,5045,280,9041,0,0,322,8261,106,2908,322,11169,California
Madera,2021-02-11,935,15021,307,5352,628,9669,0,0,407,8142,527,3435,408,11577,California
Madera,2021-02-12,843,15864,119,5471,724,10393,0,0,310,7928,527,3962,313,11890,California
Madera,2021-02-13,484,16348,44,5515,440,10833,0,0,139,7725,344,4306,141,12031,California
Madera,2021-02-14,400,16748,75,5590,325,11158,0,0,137,7600,263,4569,138,12169,California
Madera,2021-02-15,244,16992,98,5688,146,11304,0,0,175,7707,68,4637,175,12344,California
Madera,2021-02-16,774,17766,183,5871,591,11895,0,0,230,7397,541,5178,231,12575,California
Madera,2021-02-17,608,18374,273,6144,335,12230,0,0,339,7474,264,5442,341,12916,California
Madera,2021-02-18,1297,19671,538,6682,759,12989,0,0,1121,8421,176,5618,1123,14039,California
Madera,2021-02-19,860,20531,545,7227,315,13304,0,0,718,8999,142,5760,720,14759,California
Madera,2021-02-20,1069,21600,978,8205,91,13395,0,0,998,9928,70,5830,999,15758,California
Madera,2021-02-21,965,22565,821,9026,144,13539,0,0,959,10881,6,5836,959,16717,California
Madera,2021-02-22,908,23473,832,9858,76,13615,0,0,854,11681,54,5890,854,17571,California
Madera,2021-02-23,769,24242,497,10355,272,13887,0,0,549,12011,219,6109,549,18120,California
Madera,2021-02-24,906,25148,300,10655,606,14493,0,0,377,11859,529,6638,377,18497,California
Madera,2021-02-25,1020,26168,308,10963,712,15205,0,0,591,12023,427,7065,591,19088,California
Madera,2021-02-26,1070,27238,185,11148,885,16090,0,0,695,12345,373,7438,695,19783,California
Madera,2021-02-27,868,28106,244,11392,624,16714,0,0,446,12375,419,7857,449,20232,California
Madera,2021-02-28,188,28294,29,11421,159,16873,0,0,182,12551,6,7863,182,20414,California
Madera,2021-03-01,371,28665,116,11537,255,17128,0,0,192,12566,177,8040,192,20606,California
Madera,2021-03-02,650,29315,268,11805,382,17510,0,0,538,12993,112,8152,539,21145,California
Madera,2021-03-03,1305,30620,696,12501,609,18119,0,0,906,13527,396,8548,930,22075,California
Madera,2021-03-04,1162,31782,502,13003,660,18779,0,0,920,14207,243,8791,923,22998,California
Madera,2021-03-05,1324,33106,405,13408,907,19686,12,12,1062,15032,260,9051,1085,24083,California
Madera,2021-03-06,803,33909,622,14030,149,19835,32,44,484,15230,319,9370,517,24600,California
Madera,2021-03-07,153,34062,27,14057,104,19939,22,66,103,15305,50,9420,125,24725,California
Madera,2021-03-08,595,34657,335,14392,201,20140,59,125,302,15375,293,9713,363,25088,California
Madera,2021-03-09,449,35106,158,14550,257,20397,34,159,275,15520,172,9885,317,25405,California
Madera,2021-03-10,1130,36236,507,15057,546,20943,77,236,704,15880,422,10307,782,26187,California
Madera,2021-03-11,1655,37891,842,15899,481,21424,332,568,748,16066,905,11212,1091,27278,California
Madera,2021-03-12,1527,39418,778,16677,595,22019,154,722,750,16220,775,11987,929,28207,California
Madera,2021-03-13,1811,41229,1268,17945,345,22364,198,920,746,16117,1063,13050,960,29167,California
Madera,2021-03-14,581,41810,448,18393,101,22465,32,952,293,16156,286,13336,325,29492,California
Madera,2021-03-15,728,42538,213,18606,469,22934,46,998,505,16513,220,13556,577,30069,California
Madera,2021-03-16,820,43358,420,19026,353,23287,47,1045,638,17036,179,13735,702,30771,California
Madera,2021-03-17,1417,44775,935,19961,420,23707,62,1107,863,17505,546,14281,1015,31786,California
Madera,2021-03-18,1870,46645,646,20607,1164,24871,60,1167,909,17605,953,15234,1053,32839,California
Madera,2021-03-19,1494,48139,588,21195,822,25693,84,1251,960,18185,528,15762,1108,33947,California
Madera,2021-03-20,1130,49269,772,21967,307,26000,51,1302,579,18311,550,16312,676,34623,California
Madera,2021-03-21,1071,50340,872,22839,154,26154,45,1347,355,17999,713,17025,401,35024,California
Madera,2021-03-22,1357,51697,852,23691,437,26591,68,1415,685,18125,669,17694,795,35819,California
Madera,2021-03-23,1395,53092,840,24531,464,27055,91,1506,737,18379,656,18350,910,36729,California
Madera,2021-03-24,901,53993,467,24998,403,27458,31,1537,599,18713,300,18650,634,37363,California
Madera,2021-03-25,1122,55115,488,25486,610,28068,24,1561,642,18923,469,19119,679,38042,California
Madera,2021-03-26,1435,56550,508,25994,796,28864,131,1692,674,18976,755,19874,808,38850,California
Madera,2021-03-27,824,57374,525,26519,278,29142,21,1713,369,18917,449,20323,390,39240,California
Madera,2021-03-28,420,57794,136,26655,223,29365,61,1774,230,19071,189,20512,343,39583,California
Madera,2021-03-29,681,58475,178,26833,476,29841,27,1801,492,19408,186,20698,523,40106,California
Madera,2021-03-30,1015,59490,561,27394,422,30263,32,1833,557,19543,455,21153,590,40696,California
Madera,2021-03-31,1313,60803,486,27880,697,30960,130,1963,451,19268,857,22010,582,41278,California
Madera,2021-04-01,1224,62027,535,28415,640,31600,49,2012,437,18971,782,22792,485,41763,California
Madera,2021-04-02,1512,63539,411,28826,1042,32642,59,2071,465,18459,1038,23830,526,42289,California
Madera,2021-04-03,871,64410,681,29507,170,32812,20,2091,379,18377,490,24320,408,42697,California
Madera,2021-04-04,184,64594,65,29572,117,32929,2,2093,85,18365,99,24419,87,42784,California
Madera,2021-04-05,733,65327,254,29826,422,33351,57,2150,340,18384,392,24811,411,43195,California
Madera,2021-04-06,1687,67014,877,30703,462,33813,348,2498,636,18317,1050,25861,983,44178,California
Madera,2021-04-07,1194,68208,371,31074,674,34487,149,2647,452,18184,739,26600,606,44784,California
Madera,2021-04-08,1673,69881,655,31729,767,35254,251,2898,559,17891,1110,27710,817,45601,California
Madera,2021-04-09,1605,71486,670,32399,788,36042,147,3045,940,18321,660,28370,1090,46691,California
Madera,2021-04-10,944,72430,675,33074,202,36244,67,3112,698,18842,245,28615,766,47457,California
Madera,2021-04-11,770,73200,628,33702,65,36309,77,3189,285,18720,483,29098,361,47818,California
Madera,2021-04-12,778,73978,266,33968,434,36743,78,3267,301,18623,477,29575,380,48198,California
Madera,2021-04-13,1233,75211,609,34577,583,37326,41,3308,730,18903,501,30076,781,48979,California
Madera,2021-04-14,1359,76570,837,35414,522,37848,0,3308,573,18699,783,30859,579,49558,California
Madera,2021-04-15,1080,77650,454,35868,625,38473,1,3309,428,18488,641,31500,430,49988,California
Madera,2021-04-16,1245,78895,517,36385,728,39201,0,3309,427,18108,808,32308,428,50416,California
Madera,2021-04-17,1264,80159,1065,37450,199,39400,0,3309,827,18499,436,32744,827,51243,California
Madera,2021-04-18,241,80400,205,37655,36,39436,0,3309,98,18455,142,32886,98,51341,California
Madera,2021-04-19,794,81194,232,37887,561,39997,1,3310,268,18203,521,33407,269,51610,California
Madera,2021-04-20,857,82051,417,38304,440,40437,0,3310,236,17823,618,34025,238,51848,California
Madera,2021-04-21,844,82895,448,38752,396,40833,0,3310,294,17573,546,34571,296,52144,California
Madera,2021-04-22,1042,83937,508,39260,534,41367,0,3310,387,17310,650,35221,387,52531,California
Madera,2021-04-23,760,84697,283,39543,476,41843,1,3311,283,17122,472,35693,284,52815,California
Madera,2021-04-24,637,85334,411,39954,226,42069,0,3311,270,17027,365,36058,270,53085,California
Madera,2021-04-25,69,85403,54,40008,15,42084,0,3311,50,17060,17,36075,50,53135,California
Marin,2020-12-15,2,2,2,2,0,0,0,0,2,2,0,0,2,2,California
Marin,2020-12-16,107,109,107,109,0,0,0,0,107,109,0,0,107,109,California
Marin,2020-12-17,260,369,260,369,0,0,0,0,260,369,0,0,260,369,California
Marin,2020-12-18,372,741,372,741,0,0,0,0,372,741,0,0,372,741,California
Marin,2020-12-19,350,1091,349,1090,1,1,0,0,350,1091,0,0,350,1091,California
Marin,2020-12-20,167,1258,166,1256,1,2,0,0,167,1258,0,0,167,1258,California
Marin,2020-12-21,238,1496,235,1491,3,5,0,0,238,1496,0,0,238,1496,California
Marin,2020-12-22,523,2019,319,1810,204,209,0,0,523,2019,0,0,523,2019,California
Marin,2020-12-23,730,2749,322,2132,408,617,0,0,730,2749,0,0,730,2749,California
Marin,2020-12-24,357,3106,159,2291,198,815,0,0,357,3106,0,0,357,3106,California
Marin,2020-12-25,27,3133,0,2291,27,842,0,0,27,3133,0,0,27,3133,California
Marin,2020-12-26,142,3275,93,2384,49,891,0,0,142,3275,0,0,142,3275,California
Marin,2020-12-27,92,3367,55,2439,37,928,0,0,92,3367,0,0,92,3367,California
Marin,2020-12-28,408,3775,99,2538,309,1237,0,0,408,3775,0,0,408,3775,California
Marin,2020-12-29,401,4176,88,2626,313,1550,0,0,401,4176,0,0,401,4176,California
Marin,2020-12-30,626,4802,388,3014,238,1788,0,0,626,4802,0,0,626,4802,California
Marin,2020-12-31,197,4999,33,3047,164,1952,0,0,197,4999,0,0,197,4999,California
Marin,2021-01-01,14,5013,5,3052,9,1961,0,0,14,5013,0,0,14,5013,California
Marin,2021-01-02,103,5116,97,3149,6,1967,0,0,103,5116,0,0,103,5116,California
Marin,2021-01-03,54,5170,36,3185,18,1985,0,0,51,5167,0,0,51,5167,California
Marin,2021-01-04,292,5462,189,3374,103,2088,0,0,291,5457,1,1,291,5458,California
Marin,2021-01-05,365,5827,222,3596,143,2231,0,0,322,5736,43,44,322,5780,California
Marin,2021-01-06,816,6643,315,3911,501,2732,0,0,640,6200,176,220,640,6420,California
Marin,2021-01-07,888,7531,501,4412,387,3119,0,0,541,6394,347,567,541,6961,California
Marin,2021-01-08,971,8502,515,4927,456,3575,0,0,594,6612,376,943,594,7555,California
Marin,2021-01-09,618,9120,223,5150,395,3970,0,0,487,6968,131,1074,487,8042,California
Marin,2021-01-10,128,9248,99,5249,29,3999,0,0,54,6948,74,1148,54,8096,California
Marin,2021-01-11,467,9715,326,5575,141,4140,0,0,248,6978,219,1367,249,8345,California
Marin,2021-01-12,936,10651,539,6114,397,4537,0,0,566,7177,367,1734,566,8911,California
Marin,2021-01-13,1175,11826,498,6612,677,5214,0,0,937,7876,238,1972,937,9848,California
Marin,2021-01-14,1066,12892,318,6930,748,5962,0,0,916,8644,148,2120,916,10764,California
Marin,2021-01-15,1152,14044,354,7284,798,6760,0,0,1022,9538,129,2249,1023,11787,California
Marin,2021-01-16,1117,15161,914,8198,203,6963,0,0,1043,10507,74,2323,1043,12830,California
Marin,2021-01-17,1233,16394,1114,9312,119,7082,0,0,1205,11688,27,2350,1208,14038,California
Marin,2021-01-18,360,16754,159,9471,201,7283,0,0,309,11946,51,2401,309,14347,California
Marin,2021-01-19,1155,17909,913,10384,242,7525,0,0,983,12758,171,2572,983,15330,California
Marin,2021-01-20,1784,19693,1203,11587,581,8106,0,0,1054,13093,719,3291,1054,16384,California
Marin,2021-01-21,1683,21376,1062,12649,621,8727,0,0,1331,14077,349,3640,1333,17717,California
Marin,2021-01-22,1697,23073,1087,13736,610,9337,0,0,1530,15440,167,3807,1530,19247,California
Marin,2021-01-23,1842,24915,1341,15077,501,9838,0,0,1757,17113,84,3891,1757,21004,California
Marin,2021-01-24,613,25528,166,15243,447,10285,0,0,581,17662,32,3923,581,21585,California
Marin,2021-01-25,1125,26653,227,15470,898,11183,0,0,693,17924,432,4355,694,22279,California
Marin,2021-01-26,1503,28156,780,16250,723,11906,0,0,1124,18670,378,4733,1124,23403,California
Marin,2021-01-27,1697,29853,871,17121,826,12732,0,0,1347,19670,348,5081,1348,24751,California
Marin,2021-01-28,2071,31924,1064,18185,1007,13739,0,0,1808,21217,262,5343,1809,26560,California
Marin,2021-01-29,2184,34108,1437,19622,747,14486,0,0,1982,23009,191,5534,1983,28543,California
Marin,2021-01-30,1713,35821,899,20521,814,15300,0,0,1635,24567,78,5612,1636,30179,California
Marin,2021-01-31,453,36274,316,20837,137,15437,0,0,428,24970,25,5637,428,30607,California
Marin,2021-02-01,1087,37361,416,21253,671,16108,0,0,888,25660,199,5836,889,31496,California
Marin,2021-02-02,1350,38711,462,21715,888,16996,0,0,724,25768,616,6452,724,32220,California
Marin,2021-02-03,1779,40490,428,22143,1351,18347,0,0,1255,26500,523,6975,1255,33475,California
Marin,2021-02-04,1535,42025,512,22655,1023,19370,0,0,935,26838,597,7572,935,34410,California
Marin,2021-02-05,2174,44199,681,23336,1493,20863,0,0,1336,27340,834,8406,1336,35746,California
Marin,2021-02-06,1426,45625,850,24186,576,21439,0,0,603,27121,822,9228,603,36349,California
Marin,2021-02-07,1287,46912,1005,25191,282,21721,0,0,489,26813,797,10025,489,36838,California
Marin,2021-02-08,1517,48429,753,25944,764,22485,0,0,725,26748,790,10815,725,37563,California
Marin,2021-02-09,1782,50211,1122,27066,660,23145,0,0,837,26640,945,11760,837,38400,California
Marin,2021-02-10,2335,52546,1489,28555,846,23991,0,0,1217,26742,1116,12876,1218,39618,California
Marin,2021-02-11,2866,55412,1646,30201,1220,25211,0,0,1453,26789,1408,14284,1455,41073,California
Marin,2021-02-12,3061,58473,1538,31739,1523,26734,0,0,1567,26864,1492,15776,1567,42640,California
Marin,2021-02-13,2332,60805,1242,32981,1090,27824,0,0,1128,26790,1202,16978,1128,43768,California
Marin,2021-02-14,810,61615,301,33282,509,28333,0,0,717,27415,93,17071,718,44486,California
Marin,2021-02-15,1214,62829,356,33638,858,29191,0,0,833,27869,380,17451,834,45320,California
Marin,2021-02-16,2463,65292,1056,34694,1407,30598,0,0,1503,28413,959,18410,1503,46823,California
Marin,2021-02-17,2094,67386,938,35632,1156,31754,0,0,1087,28496,1005,19415,1088,47911,California
Marin,2021-02-18,2413,69799,1579,37211,834,32588,0,0,1062,28208,1350,20765,1062,48973,California
Marin,2021-02-19,2756,72555,2154,39365,602,33190,0,0,1220,27905,1524,22289,1221,50194,California
Marin,2021-02-20,2566,75121,2112,41477,454,33644,0,0,1218,27780,1343,23632,1218,51412,California
Marin,2021-02-21,1281,76402,1089,42566,192,33836,0,0,907,28317,370,24002,907,52319,California
Marin,2021-02-22,1823,78225,1405,43971,418,34254,0,0,1212,28920,609,24611,1212,53531,California
Marin,2021-02-23,2832,81057,1614,45585,1218,35472,0,0,1908,29914,915,25526,1909,55440,California
Marin,2021-02-24,3505,84562,1605,47190,1900,37372,0,0,2253,30923,1245,26771,2254,57694,California
Marin,2021-02-25,3925,88487,1808,48998,2117,39489,0,0,2768,32542,1150,27921,2769,60463,California
Marin,2021-02-26,3480,91967,1879,50877,1601,41090,0,0,2528,34129,941,28862,2528,62991,California
Marin,2021-02-27,2608,94575,1495,52372,1113,42203,0,0,1774,35074,831,29693,1776,64767,California
Marin,2021-02-28,1379,95954,918,53290,461,42664,0,0,1043,35784,333,30026,1043,65810,California
Marin,2021-03-01,2472,98426,1535,54825,937,43601,0,0,1662,36640,806,30832,1662,67472,California
Marin,2021-03-02,2430,100856,1596,56421,833,44434,1,1,1683,37580,744,31576,1684,69156,California
Marin,2021-03-03,4287,105143,2377,58798,1908,46342,2,3,2778,38856,1504,33080,2780,71936,California
Marin,2021-03-04,3340,108483,1646,60444,1693,48035,1,4,2331,40189,1002,34082,2335,74271,California
Marin,2021-03-05,3024,111507,1133,61577,1879,49914,12,16,1775,40730,1246,35328,1787,76058,California
Marin,2021-03-06,3225,114732,2314,63891,832,50746,79,95,2653,42894,567,35895,2731,78789,California
Marin,2021-03-07,1368,116100,1152,65043,192,50938,24,119,979,43512,385,36280,1003,79792,California
Marin,2021-03-08,1872,117972,1367,66410,388,51326,117,236,1407,44574,462,36742,1524,81316,California
Marin,2021-03-09,2098,120070,1217,67627,774,52100,107,343,1425,45435,671,37413,1532,82848,California
Marin,2021-03-10,4396,124466,2457,70084,1659,53759,280,623,3173,47669,1220,38633,3454,86302,California
Marin,2021-03-11,4551,129017,1869,71953,2546,56305,136,759,3262,49785,1282,39915,3398,89700,California
Marin,2021-03-12,3967,132984,1534,73487,2077,58382,356,1115,1559,49302,2397,42312,1914,91614,California
Marin,2021-03-13,4089,137073,2855,76342,1163,59545,71,1186,2418,50117,1669,43981,2484,94098,California
Marin,2021-03-14,2271,139344,1095,77437,1060,60605,116,1302,726,49416,1543,45524,842,94940,California
Marin,2021-03-15,3226,142570,1761,79198,1418,62023,47,1349,1220,48686,1996,47520,1266,96206,California
Marin,2021-03-16,4294,146864,2308,81506,1622,63645,364,1713,1520,47797,2771,50291,1882,98088,California
Marin,2021-03-17,4174,151038,2263,83769,1867,65512,44,1757,2054,47784,2110,52401,2097,100185,California
Marin,2021-03-18,4471,155509,2248,86017,2150,67662,73,1830,2242,47882,2215,54616,2313,102498,California
Marin,2021-03-19,4456,159965,2274,88291,1965,69627,217,2047,2432,48512,2018,56634,2648,105146,California
Marin,2021-03-20,3576,163541,1981,90272,1481,71108,114,2161,2035,49128,1534,58168,2150,107296,California
Marin,2021-03-21,1530,165071,1126,91398,379,71487,25,2186,797,49219,731,58899,822,108118,California
Marin,2021-03-22,2461,167532,2129,93527,167,71654,165,2351,987,48901,1470,60369,1152,109270,California
Marin,2021-03-23,4233,171765,2190,95717,1913,73567,130,2481,1938,48680,2289,62658,2068,111338,California
Marin,2021-03-24,4414,176179,2894,98611,1416,74983,104,2585,1796,47971,2607,65265,1898,113236,California
Marin,2021-03-25,4641,180820,2832,101443,1741,76724,68,2653,2270,47948,2359,67624,2336,115572,California
Marin,2021-03-26,4283,185103,2323,103766,1746,78470,214,2867,2420,48736,1846,69470,2634,118206,California
Marin,2021-03-27,3689,188792,2647,106413,1024,79494,18,2885,1146,47367,2533,72003,1164,119370,California
Marin,2021-03-28,2374,191166,1718,108131,650,80144,6,2891,1100,47204,1269,73272,1106,120476,California
Marin,2021-03-29,2687,193853,2095,110226,567,80711,25,2916,1191,46927,1493,74765,1216,121692,California
Marin,2021-03-30,4652,198505,3649,113875,970,81681,33,2949,3065,48441,1584,76349,3098,124790,California
Marin,2021-03-31,5781,204286,4100,117975,1632,83313,49,2998,2576,47871,3195,79544,2625,127415,California
Marin,2021-04-01,4385,208671,2262,120237,1872,85185,251,3249,2110,47965,2267,81811,2361,129776,California
Marin,2021-04-02,3676,212347,1821,122058,1492,86677,363,3612,1959,48574,1711,83522,2320,132096,California
Marin,2021-04-03,3834,216181,2520,124578,945,87622,369,3981,1465,48049,2359,85881,1834,133930,California
Marin,2021-04-04,1632,217813,1227,125805,201,87823,204,4185,1193,49008,438,86319,1397,135327,California
Marin,2021-04-05,2184,219997,1517,127322,296,88119,371,4556,1259,49714,922,87241,1628,136955,California
Marin,2021-04-06,3932,223929,2102,129424,1283,89402,547,5103,2186,50704,1740,88981,2730,139685,California
Marin,2021-04-07,3899,227828,1966,131390,1295,90697,638,5741,1415,50280,2477,91458,2053,141738,California
Marin,2021-04-08,4987,232815,1950,133340,2431,93128,606,6347,2278,50456,2702,94160,2878,144616,California
Marin,2021-04-09,3933,236748,1529,134869,1681,94809,723,7070,1296,49839,2633,96793,2016,146632,California
Marin,2021-04-10,3181,239929,1460,136329,1288,96097,433,7503,1432,49963,1739,98532,1863,148495,California
Marin,2021-04-11,1056,240985,801,137130,93,96190,162,7665,474,50017,581,99113,635,149130,California
Marin,2021-04-12,1705,242690,1228,138358,341,96531,136,7801,920,50292,782,99895,1057,150187,California
Marin,2021-04-13,3707,246397,2272,140630,1428,97959,7,7808,1350,49302,2347,102242,1357,151544,California
Marin,2021-04-14,4144,250541,2477,143107,1665,99624,2,7810,1704,48574,2433,104675,1705,153249,California
Marin,2021-04-15,5539,256080,3924,147031,1615,101239,0,7810,3179,49408,2346,107021,3180,156429,California
Marin,2021-04-16,4232,260312,2228,149259,2001,103240,3,7813,2064,49319,2156,109177,2067,158496,California
Marin,2021-04-17,3516,263828,2151,151410,1365,104605,0,7813,1758,49324,1753,110930,1758,160254,California
Marin,2021-04-18,3201,267029,3100,154510,101,104706,0,7813,2562,51250,636,111566,2562,162816,California
Marin,2021-04-19,2006,269035,1837,156347,169,104875,0,7813,1160,51569,843,112409,1162,163978,California
Marin,2021-04-20,3694,272729,2555,158902,1139,106014,0,7813,1483,50846,2206,114615,1483,165461,California
Marin,2021-04-21,4010,276739,2947,161849,1061,107075,2,7815,1386,49624,2609,117224,1387,166848,California
Marin,2021-04-22,4086,280825,3083,164932,1003,108078,0,7815,1376,48300,2702,119926,1378,168226,California
Marin,2021-04-23,1818,282643,722,165654,1096,109174,0,7815,792,48068,1025,120951,793,169019,California
Marin,2021-04-24,1106,283749,499,166153,605,109779,2,7817,423,47817,676,121627,425,169444,California
Marin,2021-04-25,765,284514,759,166912,6,109785,0,7817,126,47307,638,122265,128,169572,California
Mariposa,2020-12-17,37,37,37,37,0,0,0,0,39,39,0,0,39,39,California
Mariposa,2020-12-18,56,93,56,93,0,0,0,0,57,96,0,0,57,96,California
Mariposa,2020-12-20,2,95,2,95,0,0,0,0,2,98,0,0,2,98,California
Mariposa,2020-12-21,47,142,47,142,0,0,0,0,52,150,0,0,52,150,California
Mariposa,2020-12-22,5,147,5,147,0,0,0,0,5,155,0,0,5,155,California
Mariposa,2020-12-23,17,164,17,164,0,0,0,0,17,172,0,0,17,172,California
Mariposa,2020-12-24,1,165,0,164,1,1,0,0,0,172,0,0,0,172,California
Mariposa,2020-12-26,1,166,1,165,0,1,0,0,1,173,0,0,1,173,California
Mariposa,2020-12-27,1,167,0,165,1,2,0,0,1,174,0,0,1,174,California
Mariposa,2020-12-28,6,173,3,168,3,5,0,0,6,180,0,0,6,180,California
Mariposa,2020-12-29,33,206,3,171,30,35,0,0,33,213,0,0,33,213,California
Mariposa,2020-12-30,25,231,4,175,21,56,0,0,25,238,0,0,25,238,California
Mariposa,2020-12-31,17,248,0,175,17,73,0,0,17,255,0,0,17,255,California
Mariposa,2021-01-02,2,250,2,177,0,73,0,0,2,257,0,0,2,257,California
Mariposa,2021-01-04,8,258,1,178,7,80,0,0,8,265,0,0,8,265,California
Mariposa,2021-01-05,24,282,14,192,10,90,0,0,14,269,10,10,14,279,California
Mariposa,2021-01-06,6,288,3,195,3,93,0,0,3,269,3,13,3,282,California
Mariposa,2021-01-07,52,340,47,242,5,98,0,0,5,227,47,60,5,287,California
Mariposa,2021-01-08,109,449,80,322,29,127,0,0,34,186,75,135,34,321,California
Mariposa,2021-01-09,1,450,0,322,1,128,0,0,1,187,0,135,1,322,California
Mariposa,2021-01-11,31,481,10,332,21,149,0,0,23,202,8,143,23,345,California
Mariposa,2021-01-12,19,500,4,336,15,164,0,0,15,213,4,147,15,360,California
Mariposa,2021-01-13,21,521,4,340,17,181,0,0,18,228,3,150,18,378,California
Mariposa,2021-01-14,73,594,7,347,66,247,0,0,67,289,6,156,67,445,California
Mariposa,2021-01-15,67,661,27,374,40,287,0,0,57,336,10,166,57,502,California
Mariposa,2021-01-16,14,675,2,376,12,299,0,0,13,348,1,167,13,515,California
Mariposa,2021-01-17,2,677,0,376,2,301,0,0,2,350,0,167,2,517,California
Mariposa,2021-01-18,3,680,3,379,0,301,0,0,1,349,2,169,1,518,California
Mariposa,2021-01-19,8,688,4,383,4,305,0,0,5,352,2,171,5,523,California
Mariposa,2021-01-20,23,711,1,384,22,327,0,0,22,373,1,172,22,545,California
Mariposa,2021-01-21,64,775,8,392,56,383,0,0,59,427,5,177,59,604,California
Mariposa,2021-01-22,55,830,2,394,53,436,0,0,55,482,0,177,55,659,California
Mariposa,2021-01-23,116,946,2,396,114,550,0,0,115,596,1,178,115,774,California
Mariposa,2021-01-24,2,948,2,398,0,550,0,0,2,598,0,178,2,776,California
Mariposa,2021-01-25,4,952,1,399,3,553,0,0,0,594,4,182,0,776,California
Mariposa,2021-01-26,36,988,4,403,32,585,0,0,4,570,32,214,8,784,California
Mariposa,2021-01-27,22,1010,1,404,21,606,0,0,13,574,9,223,13,797,California
Mariposa,2021-01-28,127,1137,3,407,124,730,0,0,113,674,13,236,113,910,California
Mariposa,2021-01-29,84,1221,22,429,62,792,0,0,83,756,1,237,83,993,California
Mariposa,2021-01-30,9,1230,1,430,8,800,0,0,8,763,1,238,8,1001,California
Mariposa,2021-01-31,1,1231,0,430,1,801,0,0,1,764,0,238,1,1002,California
Mariposa,2021-02-01,87,1318,30,460,57,858,0,0,66,809,21,259,66,1068,California
Mariposa,2021-02-02,15,1333,3,463,12,870,0,0,9,812,6,265,9,1077,California
Mariposa,2021-02-03,20,1353,1,464,19,889,0,0,14,820,6,271,14,1091,California
Mariposa,2021-02-04,92,1445,8,472,84,973,0,0,87,904,4,275,88,1179,California
Mariposa,2021-02-05,189,1634,5,477,184,1157,0,0,162,1039,27,302,162,1341,California
Mariposa,2021-02-06,11,1645,4,481,7,1164,0,0,10,1048,1,303,10,1351,California
Mariposa,2021-02-08,40,1685,2,483,38,1202,0,0,21,1050,19,322,21,1372,California
Mariposa,2021-02-09,43,1728,25,508,18,1220,0,0,37,1081,6,328,37,1409,California
Mariposa,2021-02-10,28,1756,5,513,23,1243,0,0,17,1094,10,338,23,1432,California
Mariposa,2021-02-11,373,2129,5,518,368,1611,0,0,360,1443,13,351,362,1794,California
Mariposa,2021-02-12,183,2312,7,525,176,1787,0,0,140,1540,43,394,140,1934,California
Mariposa,2021-02-13,11,2323,3,528,8,1795,0,0,9,1547,2,396,9,1943,California
Mariposa,2021-02-14,8,2331,4,532,4,1799,0,0,5,1549,3,399,5,1948,California
Mariposa,2021-02-15,9,2340,3,535,6,1805,0,0,7,1554,2,401,7,1955,California
Mariposa,2021-02-16,57,2397,34,569,23,1828,0,0,34,1565,23,424,34,1989,California
Mariposa,2021-02-17,36,2433,8,577,28,1856,0,0,27,1585,8,432,28,2017,California
Mariposa,2021-02-18,55,2488,7,584,48,1904,0,0,20,1570,35,467,20,2037,California
Mariposa,2021-02-19,82,2570,3,587,79,1983,0,0,77,1642,5,472,77,2114,California
Mariposa,2021-02-20,251,2821,4,591,247,2230,0,0,222,1836,28,500,222,2336,California
Mariposa,2021-02-21,233,3054,2,593,231,2461,0,0,232,2067,1,501,232,2568,California
Mariposa,2021-02-22,24,3078,7,600,17,2478,0,0,21,2085,3,504,21,2589,California
Mariposa,2021-02-23,42,3120,36,636,6,2484,0,0,25,2093,17,521,25,2614,California
Mariposa,2021-02-24,19,3139,3,639,16,2500,0,0,7,2089,11,532,7,2621,California
Mariposa,2021-02-25,17,3156,8,647,9,2509,0,0,11,2094,6,538,11,2632,California
Mariposa,2021-02-26,421,3577,6,653,415,2924,0,0,360,2394,61,599,361,2993,California
Mariposa,2021-02-27,171,3748,5,658,166,3090,0,0,160,2543,11,610,160,3153,California
Mariposa,2021-02-28,2,3750,1,659,1,3091,0,0,0,2541,2,612,0,3153,California
Mariposa,2021-03-01,81,3831,25,684,56,3147,0,0,16,2493,64,676,16,3169,California
Mariposa,2021-03-02,20,3851,13,697,7,3154,0,0,11,2495,9,685,11,3180,California
Mariposa,2021-03-03,71,3922,5,702,66,3220,0,0,66,2557,5,690,67,3247,California
Mariposa,2021-03-04,32,3954,8,710,24,3244,0,0,20,2565,12,702,20,3267,California
Mariposa,2021-03-05,50,4004,8,718,42,3286,0,0,37,2593,13,715,41,3308,California
Mariposa,2021-03-06,15,4019,6,724,9,3295,0,0,7,2592,8,723,7,3315,California
Mariposa,2021-03-07,1,4020,1,725,0,3295,0,0,0,2591,1,724,0,3315,California
Mariposa,2021-03-08,38,4058,4,729,23,3318,11,11,9,2582,29,753,20,3335,California
Mariposa,2021-03-09,47,4105,18,747,19,3337,10,21,16,2577,31,784,26,3361,California
Mariposa,2021-03-10,30,4135,10,757,10,3347,10,31,10,2577,20,804,20,3381,California
Mariposa,2021-03-11,464,4599,6,763,440,3787,18,49,224,2583,239,1043,245,3626,California
Mariposa,2021-03-12,252,4851,6,769,218,4005,28,77,112,2582,140,1183,139,3765,California
Mariposa,2021-03-13,33,4884,7,776,11,4016,15,92,12,2587,21,1204,26,3791,California
Mariposa,2021-03-14,17,4901,2,778,4,4020,11,103,3,2587,14,1218,14,3805,California
Mariposa,2021-03-15,76,4977,7,785,31,4051,38,141,31,2611,45,1263,69,3874,California
Mariposa,2021-03-16,82,5059,32,817,15,4066,35,176,24,2612,58,1321,59,3933,California
Mariposa,2021-03-17,72,5131,11,828,53,4119,8,184,52,2653,19,1340,60,3993,California
Mariposa,2021-03-18,66,5197,15,843,41,4160,10,194,41,2679,25,1365,51,4044,California
Mariposa,2021-03-19,335,5532,8,851,322,4482,5,199,301,2951,34,1399,306,4350,California
Mariposa,2021-03-20,424,5956,5,856,417,4899,2,201,48,2626,376,1775,51,4401,California
Mariposa,2021-03-21,13,5969,8,864,4,4903,1,202,9,2632,4,1779,10,4411,California
Mariposa,2021-03-22,36,6005,7,871,21,4924,8,210,25,2655,11,1790,34,4445,California
Mariposa,2021-03-23,52,6057,32,903,10,4934,10,220,32,2677,20,1810,42,4487,California
Mariposa,2021-03-24,56,6113,5,908,49,4983,2,222,51,2725,5,1815,53,4540,California
Mariposa,2021-03-25,73,6186,15,923,50,5033,8,230,53,2766,20,1835,61,4601,California
Mariposa,2021-03-26,486,6672,9,932,476,5509,1,231,250,2781,236,2071,251,4852,California
Mariposa,2021-03-27,225,6897,8,940,217,5726,0,231,90,2737,135,2206,91,4943,California
Mariposa,2021-03-28,5,6902,0,940,2,5728,3,234,1,2737,4,2210,4,4947,California
Mariposa,2021-03-29,18,6920,5,945,13,5741,0,234,11,2741,7,2217,11,4958,California
Mariposa,2021-03-30,38,6958,14,959,8,5749,16,250,15,2749,23,2240,31,4989,California
Mariposa,2021-03-31,89,7047,17,976,68,5817,4,254,71,2806,18,2258,75,5064,California
Mariposa,2021-04-01,49,7096,8,984,33,5850,8,262,29,2823,20,2278,37,5101,California
Mariposa,2021-04-02,265,7361,10,994,253,6103,2,264,230,3021,34,2312,232,5333,California
Mariposa,2021-04-03,9,7370,6,1000,3,6106,0,264,4,3020,5,2317,4,5337,California
Mariposa,2021-04-04,2,7372,1,1001,0,6106,1,265,0,3019,2,2319,1,5338,California
Mariposa,2021-04-05,30,7402,22,1023,5,6111,3,268,14,3020,16,2335,17,5355,California
Mariposa,2021-04-06,43,7445,20,1043,7,6118,16,284,13,3020,29,2364,29,5384,California
Mariposa,2021-04-07,31,7476,5,1048,7,6125,19,303,2,3012,29,2393,21,5405,California
Mariposa,2021-04-08,50,7526,13,1061,18,6143,19,322,16,3015,32,2425,35,5440,California
Mariposa,2021-04-09,33,7559,9,1070,12,6155,12,334,10,3014,23,2448,22,5462,California
Mariposa,2021-04-10,15,7574,1,1071,4,6159,10,344,4,3016,11,2459,13,5475,California
Mariposa,2021-04-11,8,7582,4,1075,2,6161,2,346,1,3012,7,2466,3,5478,California
Mariposa,2021-04-12,36,7618,10,1085,24,6185,2,348,8,2994,28,2494,10,5488,California
Mariposa,2021-04-13,55,7673,46,1131,9,6194,0,348,36,3011,19,2513,36,5524,California
Mariposa,2021-04-14,111,7784,6,1137,105,6299,0,348,59,3018,52,2565,59,5583,California
Mariposa,2021-04-15,28,7812,16,1153,12,6311,0,348,14,3021,11,2576,14,5597,California
Mariposa,2021-04-16,59,7871,12,1165,47,6358,0,348,25,3012,34,2610,25,5622,California
Mariposa,2021-04-17,11,7882,6,1171,5,6363,0,348,8,3017,3,2613,8,5630,California
Mariposa,2021-04-18,6,7888,0,1171,6,6369,0,348,3,3017,3,2616,3,5633,California
Mariposa,2021-04-19,54,7942,24,1195,30,6399,0,348,29,3022,24,2640,29,5662,California
Mariposa,2021-04-20,62,8004,49,1244,13,6412,0,348,40,3043,19,2659,40,5702,California
Mariposa,2021-04-21,20,8024,12,1256,8,6420,0,348,9,3042,10,2669,9,5711,California
Mariposa,2021-04-22,23,8047,8,1264,15,6435,0,348,18,3056,4,2673,18,5729,California
Mariposa,2021-04-23,133,8180,68,1332,65,6500,0,348,117,3157,16,2689,117,5846,California
Mariposa,2021-04-24,18,8198,5,1337,13,6513,0,348,15,3169,3,2692,15,5861,California
Mendocino,2020-12-17,70,70,70,70,0,0,0,0,70,70,0,0,70,70,California
Mendocino,2020-12-18,85,155,84,154,1,1,0,0,84,154,0,0,84,154,California
Mendocino,2020-12-19,4,159,4,158,0,1,0,0,4,158,0,0,4,158,California
Mendocino,2020-12-20,7,166,7,165,0,1,0,0,7,165,0,0,7,165,California
Mendocino,2020-12-21,244,410,244,409,0,1,0,0,77,242,0,0,77,242,California
Mendocino,2020-12-22,250,660,189,598,61,62,0,0,250,492,0,0,250,492,California
Mendocino,2020-12-23,270,930,47,645,223,285,0,0,269,761,0,0,269,761,California
Mendocino,2020-12-24,49,979,8,653,41,326,0,0,49,810,0,0,49,810,California
Mendocino,2020-12-25,1,980,0,653,1,327,0,0,1,811,0,0,1,811,California
Mendocino,2020-12-26,2,982,2,655,0,327,0,0,2,813,0,0,2,813,California
Mendocino,2020-12-27,1,983,0,655,1,328,0,0,1,814,0,0,1,814,California
Mendocino,2020-12-28,74,1057,9,664,65,393,0,0,74,888,0,0,74,888,California
Mendocino,2020-12-29,122,1179,61,725,61,454,0,0,122,1010,0,0,122,1010,California
Mendocino,2020-12-30,123,1302,68,793,55,509,0,0,123,1133,0,0,123,1133,California
Mendocino,2020-12-31,130,1432,95,888,35,544,0,0,130,1263,0,0,130,1263,California
Mendocino,2021-01-01,7,1439,5,893,2,546,0,0,7,1270,0,0,7,1270,California
Mendocino,2021-01-02,1,1440,1,894,0,546,0,0,1,1271,0,0,1,1271,California
Mendocino,2021-01-04,840,2280,19,913,821,1367,0,0,840,2111,0,0,840,2111,California
Mendocino,2021-01-05,71,2351,35,948,36,1403,0,0,58,2156,13,13,58,2169,California
Mendocino,2021-01-06,151,2502,129,1077,22,1425,0,0,141,2287,10,23,141,2310,California
Mendocino,2021-01-07,355,2857,235,1312,120,1545,0,0,292,2516,63,86,292,2602,California
Mendocino,2021-01-08,95,2952,82,1394,13,1558,0,0,41,2504,54,140,42,2644,California
Mendocino,2021-01-09,10,2962,6,1400,4,1562,0,0,8,2510,2,142,8,2652,California
Mendocino,2021-01-10,8,2970,8,1408,0,1562,0,0,1,2504,7,149,1,2653,California
Mendocino,2021-01-11,101,3071,92,1500,9,1571,0,0,43,2490,57,206,43,2696,California
Mendocino,2021-01-12,386,3457,376,1876,10,1581,0,0,270,2644,116,322,270,2966,California
Mendocino,2021-01-13,483,3940,145,2021,338,1919,0,0,442,3048,39,361,443,3409,California
Mendocino,2021-01-14,636,4576,20,2041,616,2535,0,0,627,3666,9,370,627,4036,California
Mendocino,2021-01-15,1856,6432,858,2899,998,3533,0,0,1852,5514,4,374,1852,5888,California
Mendocino,2021-01-16,791,7223,50,2949,741,4274,0,0,789,6301,2,376,789,6677,California
Mendocino,2021-01-17,554,7777,1,2950,553,4827,0,0,553,6853,1,377,553,7230,California
Mendocino,2021-01-18,488,8265,463,3413,25,4852,0,0,476,7317,12,389,476,7706,California
Mendocino,2021-01-19,332,8597,147,3560,185,5037,0,0,156,7297,176,565,156,7862,California
Mendocino,2021-01-20,552,9149,405,3965,147,5184,0,0,446,7640,104,669,447,8309,California
Mendocino,2021-01-21,535,9684,222,4187,313,5497,0,0,351,7808,183,852,351,8660,California
Mendocino,2021-01-22,149,9833,58,4245,91,5588,0,0,110,7879,39,891,110,8770,California
Mendocino,2021-01-23,155,9988,83,4328,72,5660,0,0,149,8022,6,897,149,8919,California
Mendocino,2021-01-24,5,9993,3,4331,2,5662,0,0,5,8027,0,897,5,8924,California
Mendocino,2021-01-25,191,10184,18,4349,173,5835,0,0,121,8078,70,967,121,9045,California
Mendocino,2021-01-26,157,10341,57,4406,100,5935,0,0,96,8113,61,1028,96,9141,California
Mendocino,2021-01-27,432,10773,362,4768,70,6005,0,0,174,8036,251,1279,174,9315,California
Mendocino,2021-01-28,585,11358,521,5289,64,6069,0,0,491,8433,94,1373,491,9806,California
Mendocino,2021-01-29,391,11749,350,5639,41,6110,0,0,362,8767,29,1402,363,10169,California
Mendocino,2021-01-30,48,11797,30,5669,18,6128,0,0,41,8801,7,1409,41,10210,California
Mendocino,2021-01-31,273,12070,2,5671,271,6399,0,0,3,8534,270,1679,3,10213,California
Mendocino,2021-02-01,381,12451,53,5724,328,6727,0,0,58,8269,323,2002,58,10271,California
Mendocino,2021-02-02,720,13171,501,6225,219,6946,0,0,362,8273,358,2360,362,10633,California
Mendocino,2021-02-03,391,13562,206,6431,185,7131,0,0,221,8326,168,2528,221,10854,California
Mendocino,2021-02-04,624,14186,528,6959,96,7227,0,0,500,8702,124,2652,500,11354,California
Mendocino,2021-02-05,1298,15484,1211,8170,87,7314,0,0,584,8573,713,3365,584,11938,California
Mendocino,2021-02-06,559,16043,158,8328,401,7715,0,0,544,9102,15,3380,544,12482,California
Mendocino,2021-02-07,32,16075,28,8356,4,7719,0,0,32,9134,0,3380,32,12514,California
Mendocino,2021-02-08,745,16820,714,9070,31,7750,0,0,284,8957,461,3841,284,12798,California
Mendocino,2021-02-09,141,16961,58,9128,83,7833,0,0,89,8994,52,3893,89,12887,California
Mendocino,2021-02-10,1480,18441,920,10048,560,8393,0,0,740,9000,734,4627,740,13627,California
Mendocino,2021-02-11,1133,19574,208,10256,925,9318,0,0,284,8435,849,5476,284,13911,California
Mendocino,2021-02-12,1401,20975,158,10414,1243,10561,0,0,636,8307,764,6240,636,14547,California
Mendocino,2021-02-13,496,21471,12,10426,484,11045,0,0,103,8023,392,6632,108,14655,California
Mendocino,2021-02-14,694,22165,3,10429,691,11736,0,0,134,7597,560,7192,134,14789,California
Mendocino,2021-02-15,329,22494,43,10472,286,12022,0,0,174,7616,155,7347,174,14963,California
Mendocino,2021-02-16,201,22695,51,10523,150,12172,0,0,131,7677,70,7417,131,15094,California
Mendocino,2021-02-17,1349,24044,1187,11710,162,12334,0,0,877,8084,470,7887,877,15971,California
Mendocino,2021-02-18,1780,25824,639,12349,1141,13475,0,0,1215,8735,564,8451,1215,17186,California
Mendocino,2021-02-19,749,26573,146,12495,603,14078,0,0,610,9206,139,8590,610,17796,California
Mendocino,2021-02-20,570,27143,544,13039,26,14104,0,0,540,9718,28,8618,540,18336,California
Mendocino,2021-02-21,326,27469,6,13045,320,14424,0,0,314,10021,11,8629,314,18650,California
Mendocino,2021-02-22,162,27631,30,13075,132,14556,0,0,70,10000,91,8720,70,18720,California
Mendocino,2021-02-23,672,28303,660,13735,12,14568,0,0,611,10551,60,8780,611,19331,California
Mendocino,2021-02-24,1838,30141,1759,15494,79,14647,0,0,1429,11577,405,9185,1431,20762,California
Mendocino,2021-02-25,1702,31843,531,16025,1171,15818,0,0,1284,12444,417,9602,1284,22046,California
Mendocino,2021-02-26,1400,33243,747,16772,653,16471,0,0,1037,13120,361,9963,1037,23083,California
Mendocino,2021-02-27,199,33442,151,16923,48,16519,0,0,76,13074,122,10085,76,23159,California
Mendocino,2021-02-28,34,33476,12,16935,22,16541,0,0,23,13086,11,10096,23,23182,California
Mendocino,2021-03-01,576,34052,533,17468,43,16584,0,0,539,13588,37,10133,539,23721,California
Mendocino,2021-03-02,70,34122,24,17492,46,16630,0,0,41,13601,28,10161,41,23762,California
Mendocino,2021-03-03,1703,35825,1326,18818,377,17007,0,0,1073,14046,628,10789,1073,24835,California
Mendocino,2021-03-04,1769,37594,147,18965,1622,18629,0,0,1552,15384,215,11004,1553,26388,California
Mendocino,2021-03-05,206,37800,145,19110,52,18681,9,9,117,15423,87,11091,126,26514,California
Mendocino,2021-03-06,242,38042,20,19130,197,18878,25,34,201,15609,40,11131,226,26740,California
Mendocino,2021-03-07,503,38545,6,19136,477,19355,20,54,116,15358,386,11517,135,26875,California
Mendocino,2021-03-08,124,38669,29,19165,59,19414,36,90,64,15400,58,11575,100,26975,California
Mendocino,2021-03-09,443,39112,226,19391,176,19590,41,131,348,15694,95,11670,389,27364,California
Mendocino,2021-03-10,1107,40219,978,20369,64,19654,65,196,267,15192,837,12507,335,27699,California
Mendocino,2021-03-11,820,41039,611,20980,156,19810,53,249,394,15215,424,12931,447,28146,California
Mendocino,2021-03-12,2015,43054,1029,22009,892,20702,94,343,1210,15721,798,13729,1304,29450,California
Mendocino,2021-03-13,653,43707,524,22533,72,20774,57,400,96,15321,553,14282,153,29603,California
Mendocino,2021-03-14,103,43810,2,22535,94,20868,7,407,11,15250,89,14371,18,29621,California
Mendocino,2021-03-15,596,44406,51,22586,488,21356,57,464,208,15128,387,14758,265,29886,California
Mendocino,2021-03-16,571,44977,374,22960,152,21508,45,509,139,14882,430,15188,184,30070,California
Mendocino,2021-03-17,1562,46539,1359,24319,56,21564,147,656,214,13905,1345,16533,368,30438,California
Mendocino,2021-03-18,1307,47846,248,24567,1021,22585,38,694,284,13211,1015,17548,321,30759,California
Mendocino,2021-03-19,1756,49602,857,25424,838,23423,61,755,334,12190,1418,18966,397,31156,California
Mendocino,2021-03-20,69,49671,11,25435,37,23460,21,776,13,12168,56,19022,34,31190,California
Mendocino,2021-03-21,8,49679,1,25436,2,23462,5,781,3,12171,5,19027,8,31198,California
Mendocino,2021-03-22,624,50303,580,26016,15,23477,29,810,146,11871,474,19501,174,31372,California
Mendocino,2021-03-23,166,50469,33,26049,103,23580,30,840,116,11967,50,19551,146,31518,California
Mendocino,2021-03-24,910,51379,839,26888,24,23604,47,887,115,11336,793,20344,162,31680,California
Mendocino,2021-03-25,1984,53363,50,26938,1915,25519,19,906,173,9719,1808,22152,191,31871,California
Mendocino,2021-03-26,505,53868,357,27295,123,25642,25,931,323,9885,182,22334,348,32219,California
Mendocino,2021-03-27,141,54009,12,27307,118,25760,11,942,82,9919,58,22392,92,32311,California
Mendocino,2021-03-28,26,54035,5,27312,17,25777,4,946,4,9905,22,22414,8,32319,California
Mendocino,2021-03-29,186,54221,97,27409,47,25824,42,988,95,9951,91,22505,137,32456,California
Mendocino,2021-03-30,681,54902,596,28005,48,25872,37,1025,415,10138,265,22770,452,32908,California
Mendocino,2021-03-31,862,55764,270,28275,533,26405,59,1084,409,10155,451,23221,468,33376,California
Mendocino,2021-04-01,1703,57467,393,28668,1232,27637,78,1162,378,9292,1318,24539,455,33831,California
Mendocino,2021-04-02,1282,58749,1054,29722,155,27792,73,1235,223,8532,1056,25595,296,34127,California
Mendocino,2021-04-03,703,59452,7,29729,675,28467,21,1256,87,8028,612,26207,108,34235,California
Mendocino,2021-04-04,69,59521,34,29763,29,28496,6,1262,54,8073,15,26222,60,34295,California
Mendocino,2021-04-05,209,59730,141,29904,44,28540,24,1286,129,8144,80,26302,151,34446,California
Mendocino,2021-04-06,382,60112,121,30025,180,28720,81,1367,106,8055,276,26578,187,34633,California
Mendocino,2021-04-07,473,60585,167,30192,63,28783,243,1610,114,8054,357,26935,356,34989,California
Mendocino,2021-04-08,1483,62068,910,31102,459,29242,114,1724,996,8683,482,27417,1111,36100,California
Mendocino,2021-04-09,750,62818,426,31528,170,29412,154,1878,395,8878,354,27771,549,36649,California
Mendocino,2021-04-10,386,63204,90,31618,251,29663,45,1923,192,8921,194,27965,237,36886,California
Mendocino,2021-04-11,121,63325,47,31665,18,29681,56,1979,58,8972,63,28028,114,37000,California
Mendocino,2021-04-12,615,63940,510,32175,46,29727,59,2038,411,9238,204,28232,470,37470,California
Mendocino,2021-04-13,286,64226,224,32399,62,29789,0,2038,220,9392,66,28298,220,37690,California
Mendocino,2021-04-14,509,64735,420,32819,89,29878,0,2038,408,9699,101,28399,408,38098,California
Mendocino,2021-04-15,652,65387,325,33144,327,30205,0,2038,394,9838,255,28654,394,38492,California
Mendocino,2021-04-16,120,65507,48,33192,72,30277,0,2038,72,9863,47,28701,72,38564,California
Mendocino,2021-04-17,195,65702,11,33203,184,30461,0,2038,70,9809,124,28825,70,38634,California
Mendocino,2021-04-18,7,65709,2,33205,5,30466,0,2038,4,9810,3,28828,4,38638,California
Mendocino,2021-04-19,513,66222,488,33693,25,30491,0,2038,433,10164,79,28907,433,39071,California
Mendocino,2021-04-20,390,66612,263,33956,127,30618,0,2038,262,10298,128,29035,262,39333,California
Mendocino,2021-04-21,163,66775,111,34067,52,30670,0,2038,108,10352,54,29089,108,39441,California
Mendocino,2021-04-22,437,67212,287,34354,150,30820,0,2038,315,10546,121,29210,315,39756,California
Mendocino,2021-04-23,656,67868,573,34927,83,30903,0,2038,555,11001,100,29310,555,40311,California
Mendocino,2021-04-24,31,67899,5,34932,26,30929,0,2038,29,11028,2,29312,29,40340,California
Mendocino,2021-04-25,2,67901,1,34933,1,30930,0,2038,1,11028,1,29313,1,40341,California
Merced,2020-12-16,3,3,3,3,0,0,0,0,3,3,0,0,3,3,California
Merced,2020-12-17,5,8,5,8,0,0,0,0,5,8,0,0,5,8,California
Merced,2020-12-18,145,153,145,153,0,0,0,0,145,153,0,0,145,153,California
Merced,2020-12-19,39,192,39,192,0,0,0,0,39,192,0,0,39,192,California
Merced,2020-12-20,17,209,17,209,0,0,0,0,17,209,0,0,17,209,California
Merced,2020-12-21,126,335,123,332,3,3,0,0,126,335,0,0,126,335,California
Merced,2020-12-22,153,488,153,485,0,3,0,0,153,488,0,0,153,488,California
Merced,2020-12-23,248,736,242,727,6,9,0,0,248,736,0,0,248,736,California
Merced,2020-12-24,71,807,71,798,0,9,0,0,71,807,0,0,71,807,California
Merced,2020-12-25,4,811,4,802,0,9,0,0,4,811,0,0,4,811,California
Merced,2020-12-26,6,817,3,805,3,12,0,0,6,817,0,0,6,817,California
Merced,2020-12-27,12,829,11,816,1,13,0,0,12,829,0,0,12,829,California
Merced,2020-12-28,122,951,98,914,24,37,0,0,122,951,0,0,122,951,California
Merced,2020-12-29,178,1129,123,1037,55,92,0,0,178,1129,0,0,178,1129,California
Merced,2020-12-30,215,1344,89,1126,126,218,0,0,215,1344,0,0,215,1344,California
Merced,2020-12-31,101,1445,34,1160,67,285,0,0,101,1445,0,0,101,1445,California
Merced,2021-01-01,2,1447,0,1160,2,287,0,0,2,1447,0,0,2,1447,California
Merced,2021-01-02,127,1574,117,1277,10,297,0,0,127,1574,0,0,127,1574,California
Merced,2021-01-03,9,1583,5,1282,4,301,0,0,9,1583,0,0,9,1583,California
Merced,2021-01-04,79,1662,41,1323,38,339,0,0,79,1662,0,0,79,1662,California
Merced,2021-01-05,317,1979,230,1553,87,426,0,0,311,1969,6,6,313,1975,California
Merced,2021-01-06,247,2226,98,1651,149,575,0,0,241,2204,6,12,241,2216,California
Merced,2021-01-07,183,2409,79,1730,104,679,0,0,173,2366,11,23,173,2389,California
Merced,2021-01-08,524,2933,393,2123,131,810,0,0,372,2587,151,174,372,2761,California
Merced,2021-01-09,23,2956,10,2133,13,823,0,0,17,2598,6,180,17,2778,California
Merced,2021-01-10,10,2966,6,2139,4,827,0,0,6,2600,4,184,6,2784,California
Merced,2021-01-11,224,3190,167,2306,57,884,0,0,101,2579,123,307,102,2886,California
Merced,2021-01-12,279,3469,156,2462,123,1007,0,0,229,2757,51,358,229,3115,California
Merced,2021-01-13,370,3839,173,2635,197,1204,0,0,220,2829,150,508,222,3337,California
Merced,2021-01-14,324,4163,200,2835,124,1328,0,0,159,2825,164,672,160,3497,California
Merced,2021-01-15,564,4727,125,2960,439,1767,0,0,526,3314,39,711,528,4025,California
Merced,2021-01-16,201,4928,122,3082,79,1846,0,0,196,3505,5,716,196,4221,California
Merced,2021-01-17,49,4977,12,3094,37,1883,0,0,48,3552,1,717,48,4269,California
Merced,2021-01-18,258,5235,126,3220,132,2015,0,0,236,3769,22,739,239,4508,California
Merced,2021-01-19,701,5936,579,3799,122,2137,0,0,531,4134,170,909,535,5043,California
Merced,2021-01-20,571,6507,466,4265,105,2242,0,0,515,4596,56,965,518,5561,California
Merced,2021-01-21,1004,7511,644,4909,360,2602,0,0,905,5405,99,1064,908,6469,California
Merced,2021-01-22,1297,8808,681,5590,616,3218,0,0,1271,6662,26,1090,1283,7752,California
Merced,2021-01-23,305,9113,183,5773,122,3340,0,0,200,6757,105,1195,200,7952,California
Merced,2021-01-24,32,9145,14,5787,18,3358,0,0,23,6772,8,1203,23,7975,California
Merced,2021-01-25,727,9872,242,6029,485,3843,0,0,667,7380,59,1262,667,8642,California
Merced,2021-01-26,905,10777,477,6506,428,4271,0,0,668,7839,210,1472,669,9311,California
Merced,2021-01-27,976,11753,583,7089,393,4664,0,0,814,8493,160,1632,814,10125,California
Merced,2021-01-28,1135,12888,591,7680,544,5208,0,0,1016,9391,119,1751,1017,11142,California
Merced,2021-01-29,845,13733,321,8001,524,5732,0,0,601,9757,237,1988,603,11745,California
Merced,2021-01-30,258,13991,27,8028,231,5963,0,0,243,9985,15,2003,243,11988,California
Merced,2021-01-31,45,14036,10,8038,35,5998,0,0,44,10028,1,2004,44,12032,California
Merced,2021-02-01,371,14407,52,8090,319,6317,0,0,324,10306,46,2050,324,12356,California
Merced,2021-02-02,290,14697,178,8268,112,6429,0,0,171,10361,117,2167,172,12528,California
Merced,2021-02-03,349,15046,71,8339,278,6707,0,0,169,10350,180,2347,169,12697,California
Merced,2021-02-04,369,15415,146,8485,223,6930,0,0,241,10465,127,2474,242,12939,California
Merced,2021-02-05,515,15930,174,8659,341,7271,0,0,275,10503,239,2713,277,13216,California
Merced,2021-02-06,388,16318,218,8877,170,7441,0,0,245,10607,142,2855,246,13462,California
Merced,2021-02-07,20,16338,12,8889,8,7449,0,0,13,10613,7,2862,13,13475,California
Merced,2021-02-08,279,16617,197,9086,82,7531,0,0,171,10677,108,2970,172,13647,California
Merced,2021-02-09,1212,17829,953,10039,259,7790,0,0,777,11028,427,3397,778,14425,California
Merced,2021-02-10,1848,19677,1431,11470,417,8207,0,0,1271,11730,569,3966,1271,15696,California
Merced,2021-02-11,2492,22169,1999,13469,493,8700,0,0,1810,12866,674,4640,1810,17506,California
Merced,2021-02-12,1709,23878,1011,14480,698,9398,0,0,752,12670,949,5589,753,18259,California
Merced,2021-02-13,355,24233,200,14680,155,9553,0,0,262,12842,92,5681,264,18523,California
Merced,2021-02-14,116,24349,26,14706,90,9643,0,0,95,12917,21,5702,96,18619,California
Merced,2021-02-15,272,24621,40,14746,232,9875,0,0,169,12989,98,5800,170,18789,California
Merced,2021-02-16,1209,25830,841,15587,368,10243,0,0,839,13477,353,6153,841,19630,California
Merced,2021-02-17,1868,27698,1625,17212,243,10486,0,0,1308,14241,546,6699,1310,20940,California
Merced,2021-02-18,1198,28896,809,18021,389,10875,0,0,396,13855,782,7481,396,21336,California
Merced,2021-02-19,1251,30147,405,18426,846,11721,0,0,528,13668,717,8198,530,21866,California
Merced,2021-02-20,274,30421,31,18457,243,11964,0,0,140,13676,132,8330,140,22006,California
Merced,2021-02-21,73,30494,59,18516,14,11978,0,0,29,13661,44,8374,29,22035,California
Merced,2021-02-22,825,31319,292,18808,533,12511,0,0,480,13797,344,8718,480,22515,California
Merced,2021-02-23,1070,32389,414,19222,656,13167,0,0,631,13993,435,9153,631,23146,California
Merced,2021-02-24,812,33201,300,19522,512,13679,0,0,443,14077,360,9513,444,23590,California
Merced,2021-02-25,1749,34950,860,20382,889,14568,0,0,1299,14931,447,9960,1301,24891,California
Merced,2021-02-26,2125,37075,1359,21741,766,15334,0,0,1717,16243,406,10366,1718,26609,California
Merced,2021-02-27,2500,39575,1086,22827,1413,16747,1,1,2216,18176,283,10649,2216,28825,California
Merced,2021-02-28,298,39873,71,22898,227,16974,0,1,251,18383,44,10693,251,29076,California
Merced,2021-03-01,1106,40979,277,23175,829,17803,0,1,771,18826,328,11021,771,29847,California
Merced,2021-03-02,1703,42682,863,24038,839,18642,1,2,1320,19769,378,11399,1321,31168,California
Merced,2021-03-03,2196,44878,1713,25751,482,19124,1,3,1445,20478,737,12136,1446,32614,California
Merced,2021-03-04,2872,47750,2262,28013,608,19732,2,5,1908,21441,947,13083,1910,34524,California
Merced,2021-03-05,2051,49801,1183,29196,845,20577,23,28,1515,22456,524,13607,1539,36063,California
Merced,2021-03-06,1148,50949,647,29843,479,21056,22,50,894,23119,253,13860,916,36979,California
Merced,2021-03-07,224,51173,62,29905,137,21193,25,75,195,23310,29,13889,220,37199,California
Merced,2021-03-08,1206,52379,610,30515,531,21724,65,140,995,24159,210,14099,1059,38258,California
Merced,2021-03-09,1673,54052,992,31507,575,22299,106,246,1086,24770,582,14681,1193,39451,California
Merced,2021-03-10,2676,56728,1855,33362,621,22920,200,446,1610,25531,1054,15735,1815,41266,California
Merced,2021-03-11,1823,58551,616,33978,1001,23921,206,652,1216,26380,596,16331,1445,42711,California
Merced,2021-03-12,2178,60729,888,34866,1021,24942,269,921,1471,27428,704,17035,1752,44463,California
Merced,2021-03-13,720,61449,309,35175,169,25111,242,1163,414,27787,298,17333,657,45120,California
Merced,2021-03-14,248,61697,135,35310,83,25194,30,1193,150,27871,97,17430,181,45301,California
Merced,2021-03-15,1486,63183,489,35799,744,25938,253,1446,973,28591,505,17935,1225,46526,California
Merced,2021-03-16,1420,64603,679,36478,518,26456,223,1669,941,29283,470,18405,1162,47688,California
Merced,2021-03-17,1925,66528,1028,37506,719,27175,178,1847,1484,30513,434,18839,1664,49352,California
Merced,2021-03-18,1982,68510,1123,38629,713,27888,146,1993,1369,31434,605,19444,1526,50878,California
Merced,2021-03-19,2651,71161,1444,40073,1014,28902,193,2186,1379,31744,1264,20708,1574,52452,California
Merced,2021-03-20,2327,73488,1416,41489,522,29424,389,2575,905,31626,1416,22124,1298,53750,California
Merced,2021-03-21,556,74044,342,41831,201,29625,13,2588,437,31959,119,22243,452,54202,California
Merced,2021-03-22,1260,75304,627,42458,557,30182,76,2664,890,32563,363,22606,967,55169,California
Merced,2021-03-23,1807,77111,1089,43547,654,30836,64,2728,1334,33492,470,23076,1399,56568,California
Merced,2021-03-24,1279,78390,761,44308,484,31320,34,2762,888,34029,384,23460,921,57489,California
Merced,2021-03-25,3281,81671,2253,46561,1006,32326,22,2784,2061,34902,1212,24672,2085,59574,California
Merced,2021-03-26,1902,83573,1068,47629,800,33126,34,2818,877,34796,1017,25689,911,60485,California
Merced,2021-03-27,2815,86388,1568,49197,1190,34316,57,2875,1190,34428,1615,27304,1247,61732,California
Merced,2021-03-28,508,86896,210,49407,291,34607,7,2882,211,34352,296,27600,220,61952,California
Merced,2021-03-29,1554,88450,535,49942,858,35465,161,3043,655,34279,893,28493,820,62772,California
Merced,2021-03-30,2062,90512,783,50725,1220,36685,59,3102,922,34125,1135,29628,981,63753,California
Merced,2021-03-31,2096,92608,1394,52119,668,37353,34,3136,937,33951,1145,30773,971,64724,California
Merced,2021-04-01,2000,94608,886,53005,1007,38360,107,3243,844,33755,1149,31922,953,65677,California
Merced,2021-04-02,2245,96853,606,53611,1237,39597,402,3645,708,33346,1522,33444,1113,66790,California
Merced,2021-04-03,727,97580,342,53953,375,39972,10,3655,332,33296,394,33838,344,67134,California
Merced,2021-04-04,365,97945,141,54094,220,40192,4,3659,141,33220,223,34061,147,67281,California
Merced,2021-04-05,1206,99151,552,54646,443,40635,211,3870,395,33016,809,34870,605,67886,California
Merced,2021-04-06,2201,101352,710,55356,676,41311,815,4685,716,33066,1482,36352,1532,69418,California
Merced,2021-04-07,1596,102948,852,56208,637,41948,107,4792,561,32710,1025,37377,669,70087,California
Merced,2021-04-08,2176,105124,1099,57307,864,42812,213,5005,741,32257,1405,38782,952,71039,California
Merced,2021-04-09,1661,106785,462,57769,620,43432,579,5584,560,32314,1084,39866,1141,72180,California
Merced,2021-04-10,657,107442,342,58111,132,43564,183,5767,168,32179,485,40351,350,72530,California
Merced,2021-04-11,487,107929,279,58390,73,43637,135,5902,148,32126,337,40688,284,72814,California
Merced,2021-04-12,1378,109307,898,59288,362,43999,118,6020,803,32505,542,41230,921,73735,California
Merced,2021-04-13,2003,111310,1437,60725,563,44562,3,6023,934,32456,990,42220,941,74676,California
Merced,2021-04-14,1925,113235,1106,61831,819,45381,0,6023,894,32446,906,43126,896,75572,California
Merced,2021-04-15,2982,116217,1954,63785,1028,46409,0,6023,950,31588,1812,44938,954,76526,California
Merced,2021-04-16,2318,118535,1142,64927,1176,47585,0,6023,941,31243,1286,46224,941,77467,California
Merced,2021-04-17,1239,119774,779,65706,460,48045,0,6023,384,30777,850,47074,384,77851,California
Merced,2021-04-18,468,120242,249,65955,219,48264,0,6023,192,30719,250,47324,192,78043,California
Merced,2021-04-19,1294,121536,731,66686,563,48827,0,6023,697,30914,502,47826,697,78740,California
Merced,2021-04-20,1330,122866,730,67416,600,49427,0,6023,780,31212,482,48308,780,79520,California
Merced,2021-04-21,1439,124305,868,68284,571,49998,0,6023,742,31369,586,48894,743,80263,California
Merced,2021-04-22,1495,125800,722,69006,773,50771,0,6023,756,31465,660,49554,756,81019,California
Merced,2021-04-23,1143,126943,492,69498,651,51422,0,6023,589,31547,508,50062,590,81609,California
Merced,2021-04-24,334,127277,196,69694,138,51560,0,6023,242,31699,91,50153,243,81852,California
Merced,2021-04-25,15,127292,9,69703,6,51566,0,6023,12,31709,2,50155,12,81864,California
Modoc,2020-12-16,1,1,1,1,0,0,0,0,1,1,0,0,1,1,California
Modoc,2020-12-21,100,101,100,101,0,0,0,0,100,101,0,0,100,101,California
Modoc,2020-12-22,14,115,14,115,0,0,0,0,14,115,0,0,14,115,California
Modoc,2020-12-23,4,119,4,119,0,0,0,0,4,119,0,0,4,119,California
Modoc,2020-12-24,1,120,1,120,0,0,0,0,1,120,0,0,1,120,California
Modoc,2020-12-28,2,122,2,122,0,0,0,0,2,122,0,0,2,122,California
Modoc,2020-12-29,10,132,1,123,9,9,0,0,10,132,0,0,10,132,California
Modoc,2020-12-30,7,139,0,123,7,16,0,0,7,139,0,0,7,139,California
Modoc,2021-01-02,2,141,0,123,2,18,0,0,2,141,0,0,2,141,California
Modoc,2021-01-04,8,149,0,123,8,26,0,0,8,149,0,0,8,149,California
Modoc,2021-01-05,2,151,1,124,1,27,0,0,2,151,0,0,2,151,California
Modoc,2021-01-06,3,154,2,126,1,28,0,0,2,152,1,1,2,153,California
Modoc,2021-01-07,72,226,0,126,72,100,0,0,72,224,0,1,72,225,California
Modoc,2021-01-08,105,331,0,126,105,205,0,0,105,329,0,1,105,330,California
Modoc,2021-01-10,1,332,1,127,0,205,0,0,0,328,1,2,0,330,California
Modoc,2021-01-11,91,423,82,209,9,214,0,0,19,275,72,74,19,349,California
Modoc,2021-01-12,94,517,25,234,69,283,0,0,68,317,26,100,68,417,California
Modoc,2021-01-13,24,541,4,238,20,303,0,0,22,337,2,102,22,439,California
Modoc,2021-01-14,129,670,6,244,123,426,0,0,124,456,5,107,124,563,California
Modoc,2021-01-15,6,676,1,245,5,431,0,0,6,462,0,107,6,569,California
Modoc,2021-01-16,1,677,1,246,0,431,0,0,1,463,0,107,1,570,California
Modoc,2021-01-18,1,678,1,247,0,431,0,0,1,464,0,107,1,571,California
Modoc,2021-01-19,5,683,3,250,2,433,0,0,3,465,2,109,3,574,California
Modoc,2021-01-20,11,694,1,251,10,443,0,0,11,476,0,109,11,585,California
Modoc,2021-01-21,157,851,2,253,155,598,0,0,157,633,0,109,157,742,California
Modoc,2021-01-22,2,853,0,253,2,600,0,0,2,635,0,109,2,744,California
Modoc,2021-01-25,11,864,0,253,11,611,0,0,11,646,0,109,11,755,California
Modoc,2021-01-26,65,929,1,254,64,675,0,0,65,711,0,109,65,820,California
Modoc,2021-01-27,41,970,2,256,39,714,0,0,25,720,16,125,25,845,California
Modoc,2021-01-28,144,1114,1,257,143,857,0,0,144,864,0,125,144,989,California
Modoc,2021-01-29,3,1117,1,258,2,859,0,0,3,867,0,125,3,992,California
Modoc,2021-02-01,25,1142,12,270,13,872,0,0,11,864,14,139,11,1003,California
Modoc,2021-02-02,170,1312,2,272,168,1040,0,0,167,1028,3,142,167,1170,California
Modoc,2021-02-03,18,1330,13,285,5,1045,0,0,11,1032,7,149,11,1181,California
Modoc,2021-02-04,155,1485,4,289,151,1196,0,0,27,931,128,277,27,1208,California
Modoc,2021-02-05,4,1489,3,292,1,1197,0,0,3,933,1,278,3,1211,California
Modoc,2021-02-08,9,1498,2,294,7,1204,0,0,8,940,1,279,8,1219,California
Modoc,2021-02-09,198,1696,13,307,185,1389,0,0,66,874,132,411,66,1285,California
Modoc,2021-02-10,5,1701,2,309,3,1392,0,0,4,877,1,412,4,1289,California
Modoc,2021-02-11,201,1902,3,312,198,1590,0,0,83,842,118,530,83,1372,California
Modoc,2021-02-12,4,1906,0,312,4,1594,0,0,2,842,2,532,2,1374,California
Modoc,2021-02-13,1,1907,0,312,1,1595,0,0,1,843,0,532,1,1375,California
Modoc,2021-02-16,147,2054,6,318,141,1736,0,0,143,982,4,536,143,1518,California
Modoc,2021-02-17,24,2078,1,319,23,1759,0,0,12,982,12,548,12,1530,California
Modoc,2021-02-18,188,2266,2,321,186,1945,0,0,25,846,162,710,26,1556,California
Modoc,2021-02-19,2,2268,2,323,0,1945,0,0,2,848,0,710,2,1558,California
Modoc,2021-02-20,1,2269,1,324,0,1945,0,0,1,849,0,710,1,1559,California
Modoc,2021-02-22,17,2286,9,333,8,1953,0,0,3,838,14,724,3,1562,California
Modoc,2021-02-23,20,2306,2,335,18,1971,0,0,1,820,19,743,1,1563,California
Modoc,2021-02-24,90,2396,1,336,89,2060,0,0,30,790,60,803,30,1593,California
Modoc,2021-02-25,169,2565,1,337,168,2228,0,0,13,647,156,959,13,1606,California
Modoc,2021-02-26,3,2568,0,337,3,2231,0,0,1,646,2,961,1,1607,California
Modoc,2021-02-27,5,2573,5,342,0,2231,0,0,2,645,3,964,2,1609,California
Modoc,2021-03-01,4,2577,0,342,4,2235,0,0,0,641,4,968,0,1609,California
Modoc,2021-03-02,193,2770,12,354,181,2416,0,0,26,500,167,1135,26,1635,California
Modoc,2021-03-03,12,2782,6,360,6,2422,0,0,2,492,10,1145,2,1637,California
Modoc,2021-03-04,175,2957,2,362,173,2595,0,0,148,613,27,1172,148,1785,California
Modoc,2021-03-05,4,2961,3,365,1,2596,0,0,2,613,2,1174,2,1787,California
Modoc,2021-03-06,11,2972,0,365,1,2597,10,10,1,614,10,1184,11,1798,California
Modoc,2021-03-07,6,2978,1,366,0,2597,5,15,1,615,5,1189,6,1804,California
Modoc,2021-03-08,7,2985,1,367,2,2599,4,19,1,614,6,1195,5,1809,California
Modoc,2021-03-09,126,3111,10,377,108,2707,8,27,61,618,65,1260,69,1878,California
Modoc,2021-03-10,9,3120,3,380,2,2709,4,31,4,621,5,1265,8,1886,California
Modoc,2021-03-11,207,3327,0,380,99,2808,108,139,22,566,185,1450,130,2016,California
Modoc,2021-03-12,10,3337,1,381,4,2812,5,144,4,569,6,1456,9,2025,California
Modoc,2021-03-13,4,3341,0,381,1,2813,3,147,1,570,3,1459,4,2029,California
Modoc,2021-03-15,12,3353,1,382,10,2823,1,148,10,579,2,1461,11,2040,California
Modoc,2021-03-16,173,3526,1,383,168,2991,4,152,42,493,131,1592,45,2085,California
Modoc,2021-03-17,10,3536,1,384,4,2995,5,157,2,492,8,1600,7,2092,California
Modoc,2021-03-18,66,3602,1,385,58,3053,7,164,34,501,32,1632,41,2133,California
Modoc,2021-03-19,5,3607,0,385,0,3053,5,169,0,501,5,1637,5,2138,California
Modoc,2021-03-20,6,3613,2,387,1,3054,3,172,1,500,5,1642,4,2142,California
Modoc,2021-03-21,4,3617,1,388,1,3055,2,174,2,502,2,1644,4,2146,California
Modoc,2021-03-22,18,3635,1,389,11,3066,6,180,12,514,6,1650,18,2164,California
Modoc,2021-03-23,35,3670,5,394,27,3093,3,183,27,536,8,1658,30,2194,California
Modoc,2021-03-24,29,3699,1,395,18,3111,10,193,2,521,27,1685,12,2206,California
Modoc,2021-03-25,76,3775,1,396,73,3184,2,195,44,535,32,1717,46,2252,California
Modoc,2021-03-26,7,3782,2,398,2,3186,3,198,2,535,5,1722,5,2257,California
Modoc,2021-03-27,2,3784,0,398,1,3187,1,199,1,536,1,1723,2,2259,California
Modoc,2021-03-28,2,3786,1,399,0,3187,1,200,0,535,2,1725,1,2260,California
Modoc,2021-03-29,14,3800,1,400,5,3192,8,208,5,539,9,1734,13,2273,California
Modoc,2021-03-30,56,3856,10,410,39,3231,7,215,22,534,34,1768,29,2302,California
Modoc,2021-03-31,9,3865,3,413,2,3233,4,219,3,535,6,1774,7,2309,California
Modoc,2021-04-01,170,4035,3,416,162,3395,5,224,35,440,135,1909,40,2349,California
Modoc,2021-04-02,4,4039,0,416,1,3396,3,227,0,440,3,1912,3,2352,California
Modoc,2021-04-03,4,4043,2,418,0,3396,2,229,2,442,2,1914,4,2356,California
Modoc,2021-04-05,9,4052,0,418,9,3405,0,229,9,451,0,1914,9,2365,California
Modoc,2021-04-06,24,4076,5,423,9,3414,10,239,6,449,18,1932,16,2381,California
Modoc,2021-04-07,11,4087,1,424,4,3418,6,245,3,450,8,1940,9,2390,California
Modoc,2021-04-08,97,4184,1,425,93,3511,3,248,26,408,71,2011,29,2419,California
Modoc,2021-04-09,11,4195,2,427,6,3517,3,251,2,403,9,2020,4,2423,California
Modoc,2021-04-10,5,4200,0,427,1,3518,4,255,0,402,5,2025,4,2427,California
Modoc,2021-04-11,2,4202,2,429,0,3518,0,255,1,402,1,2026,1,2428,California
Modoc,2021-04-12,14,4216,1,430,9,3527,4,259,1,396,11,2037,5,2433,California
Modoc,2021-04-13,28,4244,27,457,1,3528,0,259,21,410,7,2044,21,2454,California
Modoc,2021-04-14,2,4246,2,459,0,3528,0,259,1,410,1,2045,1,2455,California
Modoc,2021-04-15,99,4345,0,459,99,3627,0,259,26,363,73,2118,26,2481,California
Modoc,2021-04-16,4,4349,4,463,0,3627,0,259,3,365,1,2119,3,2484,California
Modoc,2021-04-17,2,4351,2,465,0,3627,0,259,2,367,0,2119,2,2486,California
Modoc,2021-04-18,1,4352,0,465,1,3628,0,259,1,368,0,2119,1,2487,California
Modoc,2021-04-19,7,4359,1,466,6,3634,0,259,2,365,5,2124,2,2489,California
Modoc,2021-04-20,27,4386,2,468,25,3659,0,259,9,356,18,2142,9,2498,California
Modoc,2021-04-21,2,4388,2,470,0,3659,0,259,0,354,2,2144,0,2498,California
Modoc,2021-04-22,91,4479,3,473,88,3747,0,259,33,330,58,2202,34,2532,California
Modoc,2021-04-23,4,4483,0,473,4,3751,0,259,3,332,1,2203,3,2535,California
Modoc,2021-04-24,1,4484,0,473,1,3752,0,259,1,333,0,2203,1,2536,California
Mono,2020-12-18,1,1,1,1,0,0,0,0,1,1,0,0,1,1,California
Mono,2020-12-19,5,6,5,6,0,0,0,0,5,6,0,0,5,6,California
Mono,2020-12-20,7,13,7,13,0,0,0,0,7,13,0,0,7,13,California
Mono,2020-12-21,24,37,17,30,7,7,0,0,24,37,0,0,24,37,California
Mono,2020-12-22,66,103,65,95,1,8,0,0,66,103,0,0,66,103,California
Mono,2020-12-23,70,173,42,137,28,36,0,0,70,173,0,0,70,173,California
Mono,2020-12-24,3,176,1,138,2,38,0,0,3,176,0,0,3,176,California
Mono,2020-12-26,3,179,3,141,0,38,0,0,3,179,0,0,3,179,California
Mono,2020-12-28,94,273,63,204,31,69,0,0,94,273,0,0,94,273,California
Mono,2020-12-29,29,302,29,233,0,69,0,0,29,302,0,0,29,302,California
Mono,2020-12-30,76,378,35,268,41,110,0,0,76,378,0,0,76,378,California
Mono,2020-12-31,4,382,1,269,3,113,0,0,4,382,0,0,4,382,California
Mono,2021-01-01,4,386,4,273,0,113,0,0,4,386,0,0,4,386,California
Mono,2021-01-02,2,388,2,275,0,113,0,0,2,388,0,0,2,388,California
Mono,2021-01-04,1,389,0,275,1,114,0,0,1,389,0,0,1,389,California
Mono,2021-01-05,45,434,2,277,43,157,0,0,44,432,1,1,44,433,California
Mono,2021-01-06,44,478,0,277,44,201,0,0,44,476,0,1,44,477,California
Mono,2021-01-07,55,533,3,280,52,253,0,0,54,529,1,2,54,531,California
Mono,2021-01-08,2,535,1,281,1,254,0,0,1,529,1,3,1,532,California
Mono,2021-01-09,4,539,4,285,0,254,0,0,0,525,4,7,0,532,California
Mono,2021-01-10,5,544,5,290,0,254,0,0,0,520,5,12,0,532,California
Mono,2021-01-11,8,552,5,295,3,257,0,0,4,520,4,16,4,536,California
Mono,2021-01-12,282,834,75,370,207,464,0,0,218,675,63,79,218,754,California
Mono,2021-01-13,233,1067,73,443,160,624,0,0,178,798,55,134,178,932,California
Mono,2021-01-14,73,1140,71,514,2,626,0,0,73,871,0,134,73,1005,California
Mono,2021-01-15,62,1202,2,516,60,686,0,0,62,933,0,134,62,1067,California
Mono,2021-01-16,4,1206,3,519,1,687,0,0,1,931,3,137,1,1068,California
Mono,2021-01-18,63,1269,54,573,9,696,0,0,2,872,61,198,2,1070,California
Mono,2021-01-19,209,1478,207,780,2,698,0,0,171,1006,38,236,172,1242,California
Mono,2021-01-20,230,1708,199,979,31,729,0,0,169,1114,61,297,169,1411,California
Mono,2021-01-21,3,1711,3,982,0,729,0,0,3,1117,0,297,3,1414,California
Mono,2021-01-22,4,1715,0,982,4,733,0,0,4,1121,0,297,4,1418,California
Mono,2021-01-23,595,2310,595,1577,0,733,0,0,594,1714,1,298,594,2012,California
Mono,2021-01-25,205,2515,167,1744,38,771,0,0,166,1841,39,337,166,2178,California
Mono,2021-01-26,507,3022,505,2249,2,773,0,0,501,2336,6,343,501,2679,California
Mono,2021-01-27,5,3027,1,2250,4,777,0,0,5,2341,0,343,5,2684,California
Mono,2021-01-28,7,3034,3,2253,4,781,0,0,3,2340,4,347,3,2687,California
Mono,2021-01-30,202,3236,200,2453,2,783,0,0,201,2540,1,348,201,2888,California
Mono,2021-01-31,243,3479,138,2591,105,888,0,0,139,2575,104,452,139,3027,California
Mono,2021-02-01,27,3506,27,2618,0,888,0,0,0,2548,27,479,0,3027,California
Mono,2021-02-02,5,3511,0,2618,5,893,0,0,2,2547,3,482,2,3029,California
Mono,2021-02-03,4,3515,2,2620,2,895,0,0,2,2547,2,484,2,3031,California
Mono,2021-02-04,211,3726,158,2778,53,948,0,0,90,2516,121,605,90,3121,California
Mono,2021-02-05,619,4345,613,3391,6,954,0,0,616,3129,3,608,616,3737,California
Mono,2021-02-06,139,4484,138,3529,1,955,0,0,137,3264,2,610,137,3874,California
Mono,2021-02-07,2,4486,0,3529,2,957,0,0,2,3266,0,610,2,3876,California
Mono,2021-02-08,171,4657,171,3700,0,957,0,0,15,3126,155,765,15,3891,California
Mono,2021-02-09,226,4883,6,3706,220,1177,0,0,14,2928,212,977,14,3905,California
Mono,2021-02-10,536,5419,186,3892,350,1527,0,0,194,2781,342,1319,195,4100,California
Mono,2021-02-11,7,5426,4,3896,3,1530,0,0,2,2778,5,1324,2,4102,California
Mono,2021-02-12,84,5510,20,3916,64,1594,0,0,26,2746,58,1382,26,4128,California
Mono,2021-02-13,586,6096,586,4502,0,1594,0,0,25,2211,560,1942,25,4153,California
Mono,2021-02-15,168,6264,166,4668,2,1596,0,0,3,2051,163,2105,3,4156,California
Mono,2021-02-16,518,6782,515,5183,3,1599,0,0,45,1626,470,2575,45,4201,California
Mono,2021-02-17,5,6787,1,5184,4,1603,0,0,1,1623,4,2579,1,4202,California
Mono,2021-02-18,3,6790,2,5186,1,1604,0,0,2,1624,1,2580,2,4204,California
Mono,2021-02-19,54,6844,53,5239,1,1605,0,0,54,1678,0,2580,54,4258,California
Mono,2021-02-20,4,6848,4,5243,0,1605,0,0,4,1682,0,2580,4,4262,California
Mono,2021-02-21,3,6851,3,5246,0,1605,0,0,3,1685,0,2580,3,4265,California
Mono,2021-02-22,285,7136,284,5530,1,1606,0,0,24,1449,260,2840,24,4289,California
Mono,2021-02-23,135,7271,115,5645,20,1626,0,0,22,1358,113,2953,22,4311,California
Mono,2021-02-24,8,7279,3,5648,5,1631,0,0,2,1354,6,2959,2,4313,California
Mono,2021-02-25,5,7284,2,5650,3,1634,0,0,3,1356,1,2960,3,4316,California
Mono,2021-02-26,600,7884,599,6249,1,1635,0,0,20,797,579,3539,20,4336,California
Mono,2021-02-27,141,8025,137,6386,4,1639,0,0,4,667,134,3673,4,4340,California
Mono,2021-03-01,2,8027,2,6388,0,1639,0,0,1,668,0,3673,1,4341,California
Mono,2021-03-02,5,8032,3,6391,2,1641,0,0,3,669,2,3675,3,4344,California
Mono,2021-03-03,82,8114,2,6393,80,1721,0,0,79,746,2,3677,79,4423,California
Mono,2021-03-04,4,8118,0,6393,4,1725,0,0,2,746,2,3679,2,4425,California
Mono,2021-03-05,37,8155,27,6420,10,1735,0,0,14,737,23,3702,14,4439,California
Mono,2021-03-06,509,8664,16,6436,493,2228,0,0,503,1235,5,3707,503,4942,California
Mono,2021-03-07,1,8665,0,6436,1,2229,0,0,0,1234,1,3708,0,4942,California
Mono,2021-03-08,540,9205,11,6447,526,2755,3,3,531,1759,9,3717,534,5476,California
Mono,2021-03-09,6,9211,2,6449,3,2758,1,4,3,1761,2,3719,4,5480,California
Mono,2021-03-10,286,9497,91,6540,192,2950,3,7,10,1500,274,3993,13,5493,California
Mono,2021-03-11,11,9508,0,6540,1,2951,10,17,0,1499,11,4004,10,5503,California
Mono,2021-03-12,7,9515,1,6541,1,2952,5,22,0,1497,7,4011,5,5508,California
Mono,2021-03-13,826,10341,389,6930,437,3389,0,22,818,2307,8,4019,818,6326,California
Mono,2021-03-14,4,10345,4,6934,0,3389,0,22,1,2305,3,4022,1,6327,California
Mono,2021-03-15,29,10374,23,6957,1,3390,5,27,12,2306,16,4038,17,6344,California
Mono,2021-03-16,16,10390,6,6963,4,3394,6,33,8,2312,8,4046,14,6358,California
Mono,2021-03-17,32,10422,3,6966,21,3415,8,41,21,2330,11,4057,29,6387,California
Mono,2021-03-18,21,10443,2,6968,11,3426,8,49,9,2335,12,4069,17,6404,California
Mono,2021-03-19,21,10464,1,6969,17,3443,3,52,17,2352,3,4072,20,6424,California
Mono,2021-03-20,5,10469,3,6972,1,3444,1,53,4,2356,1,4073,5,6429,California
Mono,2021-03-21,1,10470,1,6973,0,3444,0,53,1,2357,0,4073,1,6430,California
Mono,2021-03-22,11,10481,0,6973,6,3450,5,58,5,2361,6,4079,10,6440,California
Mono,2021-03-23,42,10523,5,6978,32,3482,5,63,19,2362,23,4102,24,6464,California
Mono,2021-03-24,12,10535,1,6979,6,3488,5,68,6,2367,6,4108,11,6475,California
Mono,2021-03-25,18,10553,2,6981,12,3500,4,72,12,2377,6,4114,16,6491,California
Mono,2021-03-26,19,10572,3,6984,11,3511,5,77,10,2384,8,4122,15,6506,California
Mono,2021-03-27,354,10926,351,7335,3,3514,0,77,328,2686,26,4148,328,6834,California
Mono,2021-03-28,1,10927,1,7336,0,3514,0,77,1,2687,0,4148,1,6835,California
Mono,2021-03-29,10,10937,3,7339,6,3520,1,78,8,2694,2,4150,9,6844,California
Mono,2021-03-30,15,10952,0,7339,11,3531,4,82,10,2703,5,4155,14,6858,California
Mono,2021-03-31,125,11077,7,7346,117,3648,1,83,46,2672,78,4233,47,6905,California
Mono,2021-04-01,8,11085,0,7346,7,3655,1,84,3,2671,5,4238,4,6909,California
Mono,2021-04-02,17,11102,2,7348,15,3670,0,84,6,2666,11,4249,6,6915,California
Mono,2021-04-03,849,11951,366,7714,483,4153,0,84,35,1888,813,5062,35,6950,California
Mono,2021-04-05,529,12480,17,7731,511,4664,1,85,31,1423,497,5559,32,6982,California
Mono,2021-04-06,20,12500,2,7733,5,4669,13,98,2,1420,18,5577,15,6997,California
Mono,2021-04-07,23,12523,2,7735,2,4671,19,117,3,1422,20,5597,22,7019,California
Mono,2021-04-08,21,12544,2,7737,2,4673,17,134,3,1424,18,5615,20,7039,California
Mono,2021-04-09,37,12581,4,7741,4,4677,29,163,7,1430,30,5645,36,7075,California
Mono,2021-04-10,446,13027,2,7743,437,5114,7,170,28,1047,418,6063,35,7110,California
Mono,2021-04-11,1,13028,1,7744,0,5114,0,170,0,1046,1,6064,0,7110,California
Mono,2021-04-12,6,13034,0,7744,3,5117,3,173,3,1049,3,6067,6,7116,California
Mono,2021-04-13,18,13052,2,7746,15,5132,1,174,12,1056,6,6073,13,7129,California
Mono,2021-04-14,26,13078,1,7747,25,5157,0,174,7,1044,19,6092,7,7136,California
Mono,2021-04-15,18,13096,3,7750,15,5172,0,174,9,1044,9,6101,9,7145,California
Mono,2021-04-16,14,13110,1,7751,13,5185,0,174,5,1040,9,6110,5,7150,California
Mono,2021-04-17,51,13161,2,7753,49,5234,0,174,44,1077,7,6117,44,7194,California
Mono,2021-04-18,2,13163,1,7754,1,5235,0,174,2,1079,0,6117,2,7196,California
Mono,2021-04-19,527,13690,320,8074,207,5442,0,174,200,954,325,6442,200,7396,California
Mono,2021-04-20,16,13706,2,8076,14,5456,0,174,11,960,5,6447,11,7407,California
Mono,2021-04-21,10,13716,1,8077,9,5465,0,174,3,956,7,6454,3,7410,California
Mono,2021-04-22,31,13747,16,8093,15,5480,0,174,12,949,19,6473,12,7422,California
Mono,2021-04-23,22,13769,2,8095,20,5500,0,174,12,951,10,6483,12,7434,California
Mono,2021-04-24,32,13801,19,8114,13,5513,0,174,20,959,12,6495,20,7454,California
Mono,2021-04-25,1,13802,1,8115,0,5513,0,174,1,960,0,6495,1,7455,California
Monterey,2020-12-16,4,4,4,4,0,0,0,0,4,4,0,0,4,4,California
Monterey,2020-12-17,83,87,83,87,0,0,0,0,83,87,0,0,83,87,California
Monterey,2020-12-18,481,568,481,568,0,0,0,0,481,568,0,0,481,568,California
Monterey,2020-12-19,579,1147,579,1147,0,0,0,0,579,1147,0,0,579,1147,California
Monterey,2020-12-20,422,1569,422,1569,0,0,0,0,422,1569,0,0,422,1569,California
Monterey,2020-12-21,719,2288,719,2288,0,0,0,0,719,2288,0,0,719,2288,California
Monterey,2020-12-22,533,2821,520,2808,13,13,0,0,533,2821,0,0,533,2821,California
Monterey,2020-12-23,436,3257,261,3069,175,188,0,0,436,3257,0,0,436,3257,California
Monterey,2020-12-24,84,3341,10,3079,74,262,0,0,84,3341,0,0,84,3341,California
Monterey,2020-12-25,6,3347,0,3079,6,268,0,0,6,3347,0,0,6,3347,California
Monterey,2020-12-26,92,3439,5,3084,87,355,0,0,92,3439,0,0,92,3439,California
Monterey,2020-12-27,7,3446,4,3088,3,358,0,0,7,3446,0,0,7,3446,California
Monterey,2020-12-28,475,3921,25,3113,450,808,0,0,475,3921,0,0,475,3921,California
Monterey,2020-12-29,900,4821,167,3280,733,1541,0,0,900,4821,0,0,900,4821,California
Monterey,2020-12-30,568,5389,98,3378,470,2011,0,0,568,5389,0,0,568,5389,California
Monterey,2020-12-31,34,5423,11,3389,23,2034,0,0,34,5423,0,0,34,5423,California
Monterey,2021-01-01,12,5435,2,3391,10,2044,0,0,12,5435,0,0,12,5435,California
Monterey,2021-01-02,137,5572,134,3525,3,2047,0,0,137,5572,0,0,137,5572,California
Monterey,2021-01-03,30,5602,29,3554,1,2048,0,0,30,5602,0,0,30,5602,California
Monterey,2021-01-04,410,6012,18,3572,392,2440,0,0,410,6012,0,0,410,6012,California
Monterey,2021-01-05,750,6762,326,3898,424,2864,0,0,736,6734,14,14,736,6748,California
Monterey,2021-01-06,655,7417,172,4070,483,3347,0,0,633,7345,22,36,633,7381,California
Monterey,2021-01-07,746,8163,572,4642,174,3521,0,0,422,7445,322,358,422,7803,California
Monterey,2021-01-08,1085,9248,733,5375,352,3873,0,0,393,7146,692,1050,393,8196,California
Monterey,2021-01-09,962,10210,934,6309,28,3901,0,0,312,6808,650,1700,312,8508,California
Monterey,2021-01-10,273,10483,270,6579,3,3904,0,0,8,6551,265,1965,8,8516,California
Monterey,2021-01-11,1065,11548,984,7563,81,3985,0,0,362,6210,703,2668,362,8878,California
Monterey,2021-01-12,464,12012,387,7950,77,4062,0,0,203,6152,261,2929,203,9081,California
Monterey,2021-01-13,1217,13229,591,8541,626,4688,0,0,1172,7279,45,2974,1172,10253,California
Monterey,2021-01-14,1047,14276,93,8634,954,5642,0,0,1029,8293,18,2992,1032,11285,California
Monterey,2021-01-15,1045,15321,44,8678,1001,6643,0,0,1032,9312,13,3005,1032,12317,California
Monterey,2021-01-16,361,15682,298,8976,63,6706,0,0,356,9663,5,3010,356,12673,California
Monterey,2021-01-17,309,15991,288,9264,21,6727,0,0,296,9946,13,3023,296,12969,California
Monterey,2021-01-18,402,16393,50,9314,352,7079,0,0,381,10306,21,3044,381,13350,California
Monterey,2021-01-19,576,16969,395,9709,181,7260,0,0,417,10566,157,3201,417,13767,California
Monterey,2021-01-20,530,17499,268,9977,262,7522,0,0,324,10684,206,3407,324,14091,California
Monterey,2021-01-21,840,18339,93,10070,747,8269,0,0,730,11308,110,3517,734,14825,California
Monterey,2021-01-22,1048,19387,191,10261,857,9126,0,0,1009,12278,39,3556,1009,15834,California
Monterey,2021-01-23,240,19627,174,10435,66,9192,0,0,117,12274,122,3678,118,15952,California
Monterey,2021-01-24,56,19683,38,10473,18,9210,0,0,22,12262,34,3712,22,15974,California
Monterey,2021-01-25,782,20465,173,10646,609,9819,0,0,156,11799,619,4331,156,16130,California
Monterey,2021-01-26,927,21392,223,10869,704,10523,0,0,235,11342,692,5023,235,16365,California
Monterey,2021-01-27,857,22249,307,11176,550,11073,0,0,377,11239,480,5503,377,16742,California
Monterey,2021-01-28,2008,24257,736,11912,1272,12345,0,0,1667,12567,341,5844,1669,18411,California
Monterey,2021-01-29,1225,25482,705,12617,520,12865,0,0,1109,13562,115,5959,1110,19521,California
Monterey,2021-01-30,437,25919,290,12907,147,13012,0,0,182,13489,255,6214,182,19703,California
Monterey,2021-01-31,493,26412,71,12978,422,13434,0,0,483,13963,10,6224,484,20187,California
Monterey,2021-02-01,1660,28072,1146,14124,514,13948,0,0,1098,14500,561,6785,1098,21285,California
Monterey,2021-02-02,2151,30223,454,14578,1697,15645,0,0,1544,15438,606,7391,1544,22829,California
Monterey,2021-02-03,2327,32550,1046,15624,1281,16926,0,0,1552,16219,771,8162,1552,24381,California
Monterey,2021-02-04,2703,35253,2019,17643,684,17610,0,0,2441,18400,260,8422,2441,26822,California
Monterey,2021-02-05,3640,38893,2820,20463,820,18430,0,0,3208,21181,427,8849,3208,30030,California
Monterey,2021-02-06,1095,39988,378,20841,717,19147,0,0,754,21596,339,9188,754,30784,California
Monterey,2021-02-07,314,40302,270,21111,44,19191,0,0,95,21472,219,9407,95,30879,California
Monterey,2021-02-08,515,40817,289,21400,226,19417,0,0,429,21815,86,9493,429,31308,California
Monterey,2021-02-09,860,41677,673,22073,187,19604,0,0,550,22057,310,9803,552,31860,California
Monterey,2021-02-10,2010,43687,1040,23113,970,20574,0,0,1162,22371,848,10651,1162,33022,California
Monterey,2021-02-11,2498,46185,971,24084,1527,22101,0,0,1544,22965,952,11603,1546,34568,California
Monterey,2021-02-12,2584,48769,426,24510,2158,24259,0,0,1522,23426,1061,12664,1522,36090,California
Monterey,2021-02-13,1068,49837,50,24560,1018,25277,0,0,977,24312,91,12755,977,37067,California
Monterey,2021-02-14,589,50426,73,24633,516,25793,0,0,516,24755,73,12828,516,37583,California
Monterey,2021-02-15,1368,51794,160,24793,1208,27001,0,0,993,25376,373,13201,994,38577,California
Monterey,2021-02-16,1088,52882,243,25036,845,27846,0,0,866,26020,222,13423,866,39443,California
Monterey,2021-02-17,1934,54816,1161,26197,773,28619,0,0,1635,27361,297,13720,1638,41081,California
Monterey,2021-02-18,2223,57039,1177,27374,1046,29665,0,0,908,26966,1305,15025,910,41991,California
Monterey,2021-02-19,2934,59973,1530,28904,1404,31069,0,0,1344,26720,1590,16615,1344,43335,California
Monterey,2021-02-20,1003,60976,603,29507,400,31469,0,0,951,27620,51,16666,951,44286,California
Monterey,2021-02-21,1239,62215,1211,30718,28,31497,0,0,1170,28723,67,16733,1170,45456,California
Monterey,2021-02-22,975,63190,844,31562,131,31628,0,0,642,29034,331,17064,642,46098,California
Monterey,2021-02-23,949,64139,617,32179,332,31960,0,0,299,28685,649,17713,300,46398,California
Monterey,2021-02-24,2458,66597,1312,33491,1146,33106,0,0,1847,29926,607,18320,1848,48246,California
Monterey,2021-02-25,4343,70940,2377,35868,1966,35072,0,0,1449,28489,2887,21207,1450,49696,California
Monterey,2021-02-26,5241,76181,3079,38947,2162,37234,0,0,2620,28492,2618,23825,2621,52317,California
Monterey,2021-02-27,995,77176,182,39129,813,38047,0,0,805,29112,185,24010,805,53122,California
Monterey,2021-02-28,1527,78703,81,39210,1446,39493,0,0,1065,29720,457,24467,1065,54187,California
Monterey,2021-03-01,1277,79980,137,39347,1137,40630,3,3,742,29934,532,24999,746,54933,California
Monterey,2021-03-02,2727,82707,1717,41064,1010,41640,0,3,1878,30967,845,25844,1878,56811,California
Monterey,2021-03-03,3194,85901,1236,42300,1958,43598,0,3,1303,30382,1889,27733,1304,58115,California
Monterey,2021-03-04,4544,90445,1464,43764,3080,46678,0,3,2975,31792,1565,29298,2975,61090,California
Monterey,2021-03-05,3253,93698,1418,45182,1558,48236,277,280,2623,34063,629,29927,2900,63990,California
Monterey,2021-03-06,4992,98690,1065,46247,3625,51861,302,582,4089,37552,900,30827,4389,68379,California
Monterey,2021-03-07,521,99211,108,46355,168,52029,245,827,234,37742,287,31114,477,68856,California
Monterey,2021-03-08,1645,100856,325,46680,941,52970,379,1206,1116,38707,529,31643,1494,70350,California
Monterey,2021-03-09,1901,102757,675,47355,950,53920,276,1482,1414,39909,486,32129,1688,72038,California
Monterey,2021-03-10,2908,105665,870,48225,1553,55473,485,1967,1357,40206,1545,33674,1842,73880,California
Monterey,2021-03-11,4099,109764,1403,49628,2324,57797,372,2339,2338,41162,1754,35428,2710,76590,California
Monterey,2021-03-12,4264,114028,2016,51644,2131,59928,117,2456,2602,42220,1660,37088,2718,79308,California
Monterey,2021-03-13,5227,119255,961,52605,3919,63847,347,2803,3921,45182,1306,38394,4268,83576,California
Monterey,2021-03-14,2147,121402,1326,53931,796,64643,25,2828,576,44223,1560,39954,601,84177,California
Monterey,2021-03-15,3941,125343,1265,55196,2386,67029,290,3118,2254,45083,1683,41637,2543,86720,California
Monterey,2021-03-16,3487,128830,571,55767,2542,69571,374,3492,2076,46121,1410,43047,2448,89168,California
Monterey,2021-03-17,5675,134505,2307,58074,3117,72688,251,3743,4085,48880,1582,44629,4341,93509,California
Monterey,2021-03-18,4351,138856,2153,60227,2031,74719,167,3910,3004,50749,1342,45971,3211,96720,California
Monterey,2021-03-19,5383,144239,2558,62785,2683,77402,142,4052,4114,53742,1264,47235,4257,100977,California
Monterey,2021-03-20,3246,147485,420,63205,2131,79533,695,4747,2167,55529,1075,48310,2862,103839,California
Monterey,2021-03-21,622,148107,200,63405,414,79947,8,4755,556,56027,65,48375,563,104402,California
Monterey,2021-03-22,2452,150559,1430,64835,961,80908,61,4816,2247,58132,202,48577,2307,106709,California
Monterey,2021-03-23,3961,154520,2345,67180,1574,82482,42,4858,2507,59232,1449,50026,2549,109258,California
Monterey,2021-03-24,4974,159494,2084,69264,2579,85061,311,5169,3623,61816,1347,51373,3931,113189,California
Monterey,2021-03-25,5206,164700,1213,70477,3636,88697,357,5526,2609,62194,2589,53962,2967,116156,California
Monterey,2021-03-26,5290,169990,2604,73081,2620,91317,66,5592,2847,62675,2434,56396,2915,119071,California
Monterey,2021-03-27,4747,174737,1415,74496,3076,94393,256,5848,3037,64262,1706,58102,3293,122364,California
Monterey,2021-03-28,1109,175846,334,74830,767,95160,8,5856,628,64421,477,58579,636,123000,California
Monterey,2021-03-29,3164,179010,1402,76232,1748,96908,14,5870,1950,65181,1207,59786,1967,124967,California
Monterey,2021-03-30,4434,183444,2130,78362,2264,99172,40,5910,2749,66301,1674,61460,2794,127761,California
Monterey,2021-03-31,5278,188722,2375,80737,2112,101284,791,6701,3321,68462,1953,63413,4114,131875,California
Monterey,2021-04-01,6011,194733,2057,82794,3549,104833,405,7106,3012,68893,2986,66399,3417,135292,California
Monterey,2021-04-02,4660,199393,2241,85035,2358,107191,61,7167,3286,70871,1372,67771,3350,138642,California
Monterey,2021-04-03,5626,205019,1091,86126,3556,110747,979,8146,1189,68613,4422,72193,2164,140806,California
Monterey,2021-04-04,751,205770,155,86281,583,111330,13,8159,483,68843,268,72461,498,141304,California
Monterey,2021-04-05,3961,209731,2458,88739,1276,112606,227,8386,1484,68082,2472,74933,1711,143015,California
Monterey,2021-04-06,3093,212824,1307,90046,1315,113921,471,8857,1120,67705,1968,76901,1591,144606,California
Monterey,2021-04-07,5467,218291,1401,91447,3557,117478,509,9366,2697,68151,2759,79660,3205,147811,California
Monterey,2021-04-08,6353,224644,3453,94900,2100,119578,800,10166,3165,68935,3182,82842,3966,151777,California
Monterey,2021-04-09,5511,230155,3368,98268,1514,121092,629,10795,2233,68521,3274,86116,2860,154637,California
Monterey,2021-04-10,9793,239948,4925,103193,2720,123812,2148,12943,4922,70728,4863,90979,7070,161707,California
Monterey,2021-04-11,5432,245380,4267,107460,567,124379,598,13541,4394,74687,1032,92011,4991,166698,California
Monterey,2021-04-12,4021,249401,1844,109304,1867,126246,310,13851,895,72904,2988,94999,1205,167903,California
Monterey,2021-04-13,3109,252510,712,110016,2393,128639,4,13855,1488,72797,1600,96599,1493,169396,California
Monterey,2021-04-14,6531,259041,3110,113126,3419,132058,2,13857,1785,69852,4732,101331,1787,171183,California
Monterey,2021-04-15,5708,264749,3860,116986,1848,133906,0,13857,3808,71790,1870,103201,3808,174991,California
Monterey,2021-04-16,4657,269406,2389,119375,2254,136160,14,13871,2172,71502,2474,105675,2186,177177,California
Monterey,2021-04-17,4381,273787,1328,120703,3053,139213,0,13871,3132,73393,1241,106916,3132,180309,California
Monterey,2021-04-18,832,274619,254,120957,578,139791,0,13871,236,73037,592,107508,236,180545,California
Monterey,2021-04-19,3664,278283,1279,122236,2385,142176,0,13871,1757,72895,1899,109407,1757,182302,California
Monterey,2021-04-20,3697,281980,1558,123794,2139,144315,0,13871,1534,72288,2142,111549,1535,183837,California
Monterey,2021-04-21,5551,287531,3100,126894,2451,146766,0,13871,2720,72212,2798,114347,2722,186559,California
Monterey,2021-04-22,4491,292022,944,127838,3547,150313,0,13871,1801,71346,2667,117014,1801,188360,California
Monterey,2021-04-23,5170,297192,2324,130162,2845,153158,1,13872,2025,70246,3126,120140,2026,190386,California
Monterey,2021-04-24,2803,299995,419,130581,2384,155542,0,13872,1340,70139,1447,121587,1340,191726,California
Monterey,2021-04-25,347,300342,308,130889,39,155581,0,13872,320,70432,27,121614,320,192046,California
Napa,2020-12-16,12,12,12,12,0,0,0,0,12,12,0,0,12,12,California
Napa,2020-12-17,44,56,44,56,0,0,0,0,44,56,0,0,44,56,California
Napa,2020-12-18,102,158,102,158,0,0,0,0,102,158,0,0,102,158,California
Napa,2020-12-19,221,379,221,379,0,0,0,0,221,379,0,0,221,379,California
Napa,2020-12-20,188,567,188,567,0,0,0,0,188,567,0,0,188,567,California
Napa,2020-12-21,310,877,310,877,0,0,0,0,311,878,0,0,311,878,California
Napa,2020-12-22,340,1217,331,1208,9,9,0,0,340,1218,0,0,340,1218,California
Napa,2020-12-23,428,1645,319,1527,109,118,0,0,428,1646,0,0,428,1646,California
Napa,2020-12-24,139,1784,78,1605,61,179,0,0,139,1785,0,0,139,1785,California
Napa,2020-12-25,1,1785,1,1606,0,179,0,0,1,1786,0,0,1,1786,California
Napa,2020-12-26,39,1824,11,1617,28,207,0,0,39,1825,0,0,39,1825,California
Napa,2020-12-27,32,1856,16,1633,16,223,0,0,32,1857,0,0,32,1857,California
Napa,2020-12-28,251,2107,185,1818,66,289,0,0,279,2136,0,0,279,2136,California
Napa,2020-12-29,273,2380,214,2032,59,348,0,0,307,2443,0,0,307,2443,California
Napa,2020-12-30,630,3010,486,2518,144,492,0,0,638,3081,0,0,638,3081,California
Napa,2020-12-31,461,3471,373,2891,88,580,0,0,461,3542,0,0,461,3542,California
Napa,2021-01-01,1,3472,1,2892,0,580,0,0,1,3543,0,0,1,3543,California
Napa,2021-01-02,98,3570,93,2985,5,585,0,0,98,3641,0,0,98,3641,California
Napa,2021-01-03,13,3583,11,2996,2,587,0,0,9,3650,0,0,9,3650,California
Napa,2021-01-04,107,3690,64,3060,43,630,0,0,107,3757,0,0,107,3757,California
Napa,2021-01-05,155,3845,85,3145,70,700,0,0,138,3871,24,24,138,3895,California
Napa,2021-01-06,455,4300,114,3259,341,1041,0,0,391,4200,62,86,391,4286,California
Napa,2021-01-07,495,4795,234,3493,261,1302,0,0,395,4496,99,185,395,4681,California
Napa,2021-01-08,442,5237,226,3719,216,1518,0,0,262,4579,179,364,262,4943,California
Napa,2021-01-09,325,5562,300,4019,25,1543,0,0,189,4632,136,500,189,5132,California
Napa,2021-01-10,184,5746,101,4120,83,1626,0,0,109,4666,75,575,109,5241,California
Napa,2021-01-11,881,6627,426,4546,455,2081,0,0,508,4801,374,949,509,5750,California
Napa,2021-01-12,1311,7938,370,4916,941,3022,0,0,996,5482,315,1264,996,6746,California
Napa,2021-01-13,1313,9251,264,5180,1049,4071,0,0,1151,6473,161,1425,1152,7898,California
Napa,2021-01-14,1052,10303,173,5353,879,4950,0,0,934,7291,116,1541,934,8832,California
Napa,2021-01-15,1453,11756,384,5737,1069,6019,0,0,1305,8441,156,1697,1306,10138,California
Napa,2021-01-16,356,12112,134,5871,222,6241,0,0,338,8761,18,1715,338,10476,California
Napa,2021-01-17,340,12452,175,6046,165,6406,0,0,330,9081,10,1725,330,10806,California
Napa,2021-01-18,1081,13533,197,6243,884,7290,0,0,990,9980,91,1816,990,11796,California
Napa,2021-01-19,1009,14542,406,6649,603,7893,0,0,766,10504,242,2058,766,12562,California
Napa,2021-01-20,825,15367,185,6834,640,8533,0,0,643,10967,180,2238,643,13205,California
Napa,2021-01-21,1335,16702,374,7208,961,9494,0,0,1080,11794,254,2492,1081,14286,California
Napa,2021-01-22,1539,18241,411,7619,1128,10622,0,0,1212,12681,326,2818,1213,15499,California
Napa,2021-01-23,398,18639,318,7937,80,10702,0,0,336,12955,62,2880,336,15835,California
Napa,2021-01-24,266,18905,189,8126,77,10779,0,0,208,13105,58,2938,208,16043,California
Napa,2021-01-25,1522,20427,231,8357,1291,12070,0,0,1432,14447,90,3028,1432,17475,California
Napa,2021-01-26,880,21307,283,8640,597,12667,0,0,786,15140,94,3122,787,18262,California
Napa,2021-01-27,626,21933,220,8860,406,13073,0,0,470,15455,156,3278,471,18733,California
Napa,2021-01-28,390,22323,177,9037,213,13286,0,0,198,15463,190,3468,198,18931,California
Napa,2021-01-29,254,22577,65,9102,189,13475,0,0,159,15527,95,3563,159,19090,California
Napa,2021-01-30,804,23381,695,9797,109,13584,0,0,640,16003,164,3727,640,19730,California
Napa,2021-01-31,655,24036,625,10422,30,13614,0,0,629,16606,26,3753,629,20359,California
Napa,2021-02-01,315,24351,110,10532,205,13819,0,0,163,16617,152,3905,163,20522,California
Napa,2021-02-02,594,24945,281,10813,313,14132,0,0,292,16610,299,4204,292,20814,California
Napa,2021-02-03,741,25686,309,11122,432,14564,0,0,432,16733,309,4513,432,21246,California
Napa,2021-02-04,789,26475,374,11496,415,14979,0,0,441,16828,346,4859,441,21687,California
Napa,2021-02-05,707,27182,314,11810,393,15372,0,0,340,16801,367,5226,340,22027,California
Napa,2021-02-06,434,27616,145,11955,289,15661,0,0,329,17025,105,5331,329,22356,California
Napa,2021-02-07,175,27791,162,12117,13,15674,0,0,71,16992,104,5435,71,22427,California
Napa,2021-02-08,834,28625,191,12308,643,16317,0,0,272,16705,559,5994,272,22699,California
Napa,2021-02-09,1075,29700,441,12749,634,16951,0,0,436,16502,639,6633,436,23135,California
Napa,2021-02-10,1720,31420,192,12941,1528,18479,0,0,452,15690,1265,7898,453,23588,California
Napa,2021-02-11,1491,32911,194,13135,1297,19776,0,0,406,15024,1073,8971,407,23995,California
Napa,2021-02-12,2156,35067,837,13972,1319,21095,0,0,721,14313,1432,10403,721,24716,California
Napa,2021-02-13,495,35562,52,14024,443,21538,0,0,312,14442,183,10586,312,25028,California
Napa,2021-02-14,356,35918,90,14114,266,21804,0,0,195,14476,161,10747,195,25223,California
Napa,2021-02-15,872,36790,182,14296,690,22494,0,0,220,14046,650,11397,220,25443,California
Napa,2021-02-16,1286,38076,597,14893,689,23183,0,0,612,13985,673,12070,612,26055,California
Napa,2021-02-17,1046,39122,530,15423,516,23699,0,0,479,13899,565,12635,479,26534,California
Napa,2021-02-18,1895,41017,485,15908,1410,25109,0,0,659,13325,1233,13868,659,27193,California
Napa,2021-02-19,1479,42496,584,16492,895,26004,0,0,676,13199,802,14670,676,27869,California
Napa,2021-02-20,820,43316,595,17087,225,26229,0,0,272,12923,548,15218,272,28141,California
Napa,2021-02-21,797,44113,735,17822,62,26291,0,0,195,12516,602,15820,195,28336,California
Napa,2021-02-22,441,44554,185,18007,256,26547,0,0,136,12347,305,16125,136,28472,California
Napa,2021-02-23,1125,45679,301,18308,824,27371,0,0,307,11836,818,16943,307,28779,California
Napa,2021-02-24,1158,46837,638,18946,520,27891,0,0,570,11821,586,17529,571,29350,California
Napa,2021-02-25,2539,49376,1211,20157,1328,29219,0,0,1826,12935,712,18241,1826,31176,California
Napa,2021-02-26,1496,50872,521,20678,975,30194,0,0,583,12607,911,19152,583,31759,California
Napa,2021-02-27,1118,51990,378,21056,740,30934,0,0,866,13223,250,19402,866,32625,California
Napa,2021-02-28,560,52550,459,21515,101,31035,0,0,461,13587,97,19499,461,33086,California
Napa,2021-03-01,1101,53651,814,22329,287,31322,0,0,832,14151,268,19767,832,33918,California
Napa,2021-03-02,1484,55135,1024,23353,460,31782,0,0,1150,14968,333,20100,1150,35068,California
Napa,2021-03-03,1544,56679,684,24037,860,32642,0,0,1358,16141,185,20285,1358,36426,California
Napa,2021-03-04,1706,58385,783,24820,923,33565,0,0,1468,17374,235,20520,1468,37894,California
Napa,2021-03-05,1890,60275,782,25602,1104,34669,4,4,1475,18440,413,20933,1479,39373,California
Napa,2021-03-06,643,60918,281,25883,331,35000,31,35,531,18892,110,21043,562,39935,California
Napa,2021-03-07,521,61439,320,26203,186,35186,15,50,370,19126,151,21194,385,40320,California
Napa,2021-03-08,694,62133,319,26522,322,35508,53,103,517,19521,175,21369,570,40890,California
Napa,2021-03-09,1629,63762,567,27089,1016,36524,46,149,1199,20339,427,21796,1245,42135,California
Napa,2021-03-10,1472,65234,914,28003,466,36990,92,241,772,20506,697,22493,864,42999,California
Napa,2021-03-11,1830,67064,1035,29038,667,37657,128,369,938,20681,891,23384,1066,44065,California
Napa,2021-03-12,1495,68559,908,29946,492,38149,95,464,794,20870,699,24083,888,44953,California
Napa,2021-03-13,1164,69723,300,30246,840,38989,24,488,828,21388,334,24417,852,45805,California
Napa,2021-03-14,611,70334,328,30574,135,39124,148,636,227,21379,383,24800,374,46179,California
Napa,2021-03-15,945,71279,405,30979,471,39595,69,705,479,21463,464,25264,548,46727,California
Napa,2021-03-16,1832,73111,385,31364,1321,40916,126,831,1372,22506,456,25720,1499,48226,California
Napa,2021-03-17,2481,75592,1845,33209,457,41373,179,1010,1577,23358,904,26624,1756,49982,California
Napa,2021-03-18,2098,77690,912,34121,1176,42549,10,1020,1288,23848,808,27432,1298,51280,California
Napa,2021-03-19,1429,79119,857,34978,544,43093,28,1048,710,23870,716,28148,738,52018,California
Napa,2021-03-20,996,80115,527,35505,316,43409,153,1201,423,23874,572,28720,576,52594,California
Napa,2021-03-21,702,80817,680,36185,20,43429,2,1203,352,23879,349,29069,354,52948,California
Napa,2021-03-22,1080,81897,905,37090,164,43593,11,1214,474,23761,603,29672,485,53433,California
Napa,2021-03-23,1509,83406,818,37908,674,44267,17,1231,1001,24273,506,30178,1018,54451,California
Napa,2021-03-24,1701,85107,942,38850,751,45018,8,1239,820,24221,880,31058,828,55279,California
Napa,2021-03-25,1612,86719,1041,39891,517,45535,54,1293,742,24148,869,31927,796,56075,California
Napa,2021-03-26,1276,87995,826,40717,444,45979,6,1299,576,24033,697,32624,582,56657,California
Napa,2021-03-27,946,88941,431,41148,488,46467,27,1326,313,23740,633,33257,340,56997,California
Napa,2021-03-28,482,89423,372,41520,103,46570,7,1333,182,23630,299,33556,189,57186,California
Napa,2021-03-29,1178,90601,857,42377,316,46886,5,1338,726,23910,451,34007,731,57917,California
Napa,2021-03-30,2393,92994,929,43306,1460,48346,4,1342,1611,24743,782,34789,1615,59532,California
Napa,2021-03-31,1956,94950,954,44260,933,49279,69,1411,805,24467,1148,35937,872,60404,California
Napa,2021-04-01,1705,96655,811,45071,779,50058,115,1526,473,23828,1227,37164,588,60992,California
Napa,2021-04-02,1821,98476,814,45885,865,50923,142,1668,456,23064,1362,38526,598,61590,California
Napa,2021-04-03,624,99100,362,46247,203,51126,59,1727,209,22916,415,38941,267,61857,California
Napa,2021-04-04,351,99451,142,46389,151,51277,58,1785,122,22868,228,39169,180,62037,California
Napa,2021-04-05,1262,100713,753,47142,291,51568,218,2003,573,22971,688,39857,791,62828,California
Napa,2021-04-06,2211,102924,557,47699,1399,52967,255,2258,529,22076,1679,41536,784,63612,California
Napa,2021-04-07,1707,104631,686,48385,800,53767,221,2479,519,21632,1184,42720,740,64352,California
Napa,2021-04-08,1829,106460,1055,49440,404,54171,370,2849,974,22124,851,43571,1343,65695,California
Napa,2021-04-09,1506,107966,908,50348,297,54468,301,3150,672,22264,832,44403,972,66667,California
Napa,2021-04-10,1028,108994,346,50694,582,55050,100,3250,237,21811,790,45193,337,67004,California
Napa,2021-04-11,384,109378,301,50995,62,55112,21,3271,157,21762,227,45420,178,67182,California
Napa,2021-04-12,786,110164,303,51298,360,55472,123,3394,296,21690,489,45909,417,67599,California
Napa,2021-04-13,2515,112679,840,52138,1675,57147,0,3394,917,21013,1594,47503,917,68516,California
Napa,2021-04-14,2037,114716,974,53112,1063,58210,0,3394,1009,21001,1021,48524,1009,69525,California
Napa,2021-04-15,1589,116305,518,53630,1071,59281,0,3394,861,21139,723,49247,861,70386,California
Napa,2021-04-16,2474,118779,1184,54814,1290,60571,0,3394,1798,22262,675,49922,1798,72184,California
Napa,2021-04-17,1091,119870,264,55078,827,61398,0,3394,819,22809,272,50194,819,73003,California
Napa,2021-04-18,263,120133,171,55249,92,61490,0,3394,118,22783,144,50338,118,73121,California
Napa,2021-04-19,605,120738,336,55585,269,61759,0,3394,264,22707,340,50678,264,73385,California
Napa,2021-04-20,2907,123645,1940,57525,967,62726,0,3394,1965,23732,941,51619,1966,75351,California
Napa,2021-04-21,2311,125956,1704,59229,606,63332,1,3395,1280,23986,1026,52645,1280,76631,California
Napa,2021-04-22,1224,127180,907,60136,317,63649,0,3395,470,23705,751,53396,470,77101,California
Napa,2021-04-23,1089,128269,762,60898,325,63974,2,3397,656,23930,431,53827,656,77757,California
Napa,2021-04-24,363,128632,206,61104,157,64131,0,3397,205,23978,157,53984,205,77962,California
Napa,2021-04-25,42,128674,33,61137,9,64140,0,3397,25,23987,16,54000,25,77987,California
Nevada,2020-12-16,3,3,3,3,0,0,0,0,3,3,0,0,3,3,California
Nevada,2020-12-17,6,9,6,9,0,0,0,0,6,9,0,0,6,9,California
Nevada,2020-12-18,52,61,52,61,0,0,0,0,52,61,0,0,52,61,California
Nevada,2020-12-19,55,116,55,116,0,0,0,0,55,116,0,0,55,116,California
Nevada,2020-12-20,12,128,12,128,0,0,0,0,12,128,0,0,12,128,California
Nevada,2020-12-21,69,197,69,197,0,0,0,0,69,197,0,0,69,197,California
Nevada,2020-12-22,91,288,89,286,2,2,0,0,91,288,0,0,91,288,California
Nevada,2020-12-23,234,522,202,488,32,34,0,0,234,522,0,0,234,522,California
Nevada,2020-12-24,13,535,11,499,2,36,0,0,13,535,0,0,13,535,California
Nevada,2020-12-25,3,538,3,502,0,36,0,0,3,538,0,0,3,538,California
Nevada,2020-12-26,6,544,4,506,2,38,0,0,6,544,0,0,6,544,California
Nevada,2020-12-27,88,632,88,594,0,38,0,0,88,632,0,0,88,632,California
Nevada,2020-12-28,170,802,93,687,77,115,0,0,170,802,0,0,170,802,California
Nevada,2020-12-29,100,902,74,761,26,141,0,0,100,902,0,0,100,902,California
Nevada,2020-12-30,86,988,66,827,20,161,0,0,86,988,0,0,86,988,California
Nevada,2020-12-31,39,1027,9,836,30,191,0,0,39,1027,0,0,39,1027,California
Nevada,2021-01-01,1,1028,0,836,1,192,0,0,1,1028,0,0,1,1028,California
Nevada,2021-01-02,1,1029,1,837,0,192,0,0,1,1029,0,0,1,1029,California
Nevada,2021-01-03,129,1158,126,963,3,195,0,0,129,1158,0,0,129,1158,California
Nevada,2021-01-04,71,1229,47,1010,24,219,0,0,71,1229,0,0,71,1229,California
Nevada,2021-01-05,271,1500,130,1140,141,360,0,0,270,1498,1,1,270,1499,California
Nevada,2021-01-06,91,1591,43,1183,48,408,0,0,83,1573,8,9,83,1582,California
Nevada,2021-01-07,215,1806,43,1226,172,580,0,0,208,1776,6,15,209,1791,California
Nevada,2021-01-08,221,2027,127,1353,94,674,0,0,169,1893,52,67,169,1960,California
Nevada,2021-01-09,63,2090,56,1409,7,681,0,0,15,1860,48,115,15,1975,California
Nevada,2021-01-10,17,2107,9,1418,8,689,0,0,9,1861,8,123,9,1984,California
Nevada,2021-01-11,185,2292,131,1549,54,743,0,0,57,1790,128,251,57,2041,California
Nevada,2021-01-12,597,2889,451,2000,146,889,0,0,531,2255,66,317,531,2572,California
Nevada,2021-01-13,259,3148,146,2146,113,1002,0,0,124,2244,135,452,124,2696,California
Nevada,2021-01-14,237,3385,125,2271,112,1114,0,0,219,2446,17,469,219,2915,California
Nevada,2021-01-15,394,3779,169,2440,225,1339,0,0,296,2644,98,567,296,3211,California
Nevada,2021-01-16,296,4075,15,2455,281,1620,0,0,292,2932,4,571,292,3503,California
Nevada,2021-01-17,35,4110,31,2486,4,1624,0,0,33,2963,2,573,33,3536,California
Nevada,2021-01-18,150,4260,40,2526,110,1734,0,0,141,3095,9,582,141,3677,California
Nevada,2021-01-19,238,4498,85,2611,153,1887,0,0,219,3295,19,601,219,3896,California
Nevada,2021-01-20,259,4757,153,2764,106,1993,0,0,246,3528,13,614,246,4142,California
Nevada,2021-01-21,339,5096,207,2971,132,2125,0,0,326,3841,13,627,326,4468,California
Nevada,2021-01-22,347,5443,209,3180,138,2263,0,0,316,4126,31,658,316,4784,California
Nevada,2021-01-23,177,5620,104,3284,73,2336,0,0,177,4303,0,658,177,4961,California
Nevada,2021-01-24,105,5725,98,3382,7,2343,0,0,66,4330,39,697,66,5027,California
Nevada,2021-01-25,267,5992,137,3519,130,2473,0,0,206,4475,61,758,206,5233,California
Nevada,2021-01-26,401,6393,141,3660,260,2733,0,0,299,4672,102,860,299,5532,California
Nevada,2021-01-27,416,6809,247,3907,169,2902,0,0,392,5040,24,884,392,5924,California
Nevada,2021-01-28,466,7275,316,4223,150,3052,0,0,423,5421,42,926,423,6347,California
Nevada,2021-01-29,600,7875,391,4614,209,3261,0,0,577,5976,23,949,578,6925,California
Nevada,2021-01-30,231,8106,104,4718,127,3388,0,0,228,6201,3,952,228,7153,California
Nevada,2021-01-31,103,8209,87,4805,16,3404,0,0,102,6303,1,953,103,7256,California
Nevada,2021-02-01,290,8499,71,4876,219,3623,0,0,276,6565,14,967,276,7532,California
Nevada,2021-02-02,511,9010,173,5049,338,3961,0,0,323,6700,188,1155,323,7855,California
Nevada,2021-02-03,809,9819,569,5618,240,4201,0,0,757,7406,51,1206,757,8612,California
Nevada,2021-02-04,737,10556,391,6009,346,4547,0,0,488,7646,248,1454,488,9100,California
Nevada,2021-02-05,641,11197,363,6372,278,4825,0,0,453,7913,186,1640,453,9553,California
Nevada,2021-02-06,268,11465,82,6454,186,5011,0,0,241,8127,27,1667,241,9794,California
Nevada,2021-02-07,245,11710,192,6646,53,5064,0,0,191,8264,54,1721,191,9985,California
Nevada,2021-02-08,651,12361,408,7054,243,5307,0,0,552,8717,99,1820,552,10537,California
Nevada,2021-02-09,601,12962,337,7391,264,5571,0,0,463,9042,138,1958,463,11000,California
Nevada,2021-02-10,646,13608,322,7713,324,5895,0,0,417,9231,229,2187,418,11418,California
Nevada,2021-02-11,870,14478,504,8217,366,6261,0,0,541,9444,328,2515,541,11959,California
Nevada,2021-02-12,928,15406,434,8651,494,6755,0,0,611,9739,316,2831,611,12570,California
Nevada,2021-02-13,596,16002,234,8885,362,7117,0,0,388,9924,204,3035,389,12959,California
Nevada,2021-02-14,229,16231,119,9004,110,7227,0,0,201,10097,28,3063,201,13160,California
Nevada,2021-02-15,704,16935,438,9442,266,7493,0,0,534,10461,170,3233,534,13694,California
Nevada,2021-02-16,619,17554,197,9639,422,7915,0,0,452,10747,166,3399,452,14146,California
Nevada,2021-02-17,1185,18739,762,10401,423,8338,0,0,858,11278,327,3726,858,15004,California
Nevada,2021-02-18,1008,19747,548,10949,460,8798,0,0,603,11477,404,4130,603,15607,California
Nevada,2021-02-19,1009,20756,629,11578,380,9178,0,0,651,11771,358,4488,652,16259,California
Nevada,2021-02-20,296,21052,104,11682,192,9370,0,0,173,11822,122,4610,173,16432,California
Nevada,2021-02-21,88,21140,83,11765,5,9375,0,0,8,11751,79,4689,8,16440,California
Nevada,2021-02-22,494,21634,327,12092,167,9542,0,0,346,11950,147,4836,346,16786,California
Nevada,2021-02-23,468,22102,219,12311,249,9791,0,0,206,11897,259,5095,206,16992,California
Nevada,2021-02-24,472,22574,234,12545,238,10029,0,0,248,11923,224,5319,250,17242,California
Nevada,2021-02-25,859,23433,463,13008,396,10425,0,0,431,11928,426,5745,431,17673,California
Nevada,2021-02-26,1234,24667,880,13888,354,10779,0,0,407,11511,824,6569,407,18080,California
Nevada,2021-02-27,352,25019,110,13998,242,11021,0,0,182,11523,170,6739,182,18262,California
Nevada,2021-02-28,265,25284,153,14151,112,11133,0,0,124,11507,140,6879,124,18386,California
Nevada,2021-03-01,815,26099,423,14574,392,11525,0,0,350,11393,464,7343,350,18736,California
Nevada,2021-03-02,703,26802,259,14833,444,11969,0,0,477,11648,222,7565,477,19213,California
Nevada,2021-03-03,962,27764,489,15322,472,12441,1,1,491,11670,470,8035,492,19705,California
Nevada,2021-03-04,1096,28860,609,15931,487,12928,0,1,464,11505,629,8664,464,20169,California
Nevada,2021-03-05,814,29674,456,16387,348,13276,10,11,360,11423,452,9116,370,20539,California
Nevada,2021-03-06,356,30030,119,16506,210,13486,27,38,144,11382,212,9328,171,20710,California
Nevada,2021-03-07,209,30239,110,16616,80,13566,19,57,68,11328,141,9469,87,20797,California
Nevada,2021-03-08,804,31043,538,17154,221,13787,45,102,358,11287,445,9914,404,21201,California
Nevada,2021-03-09,664,31707,315,17469,299,14086,50,152,361,11396,301,10215,410,21611,California
Nevada,2021-03-10,954,32661,603,18072,294,14380,57,209,319,11141,631,10846,376,21987,California
Nevada,2021-03-11,1092,33753,718,18790,349,14729,25,234,539,11160,545,11391,564,22551,California
Nevada,2021-03-12,1186,34939,720,19510,436,15165,30,264,502,11009,682,12073,531,23082,California
Nevada,2021-03-13,265,35204,52,19562,208,15373,5,269,94,10937,170,12243,98,23180,California
Nevada,2021-03-14,155,35359,21,19583,128,15501,6,275,33,10854,122,12365,39,23219,California
Nevada,2021-03-15,835,36194,453,20036,370,15871,12,287,353,10740,479,12844,365,23584,California
Nevada,2021-03-16,994,37188,465,20501,468,16339,61,348,647,11102,346,13190,708,24292,California
Nevada,2021-03-17,1012,38200,449,20950,553,16892,10,358,583,11269,426,13616,593,24885,California
Nevada,2021-03-18,969,39169,525,21475,421,17313,23,381,475,11277,490,14106,498,25383,California
Nevada,2021-03-19,750,39919,437,21912,281,17594,32,413,351,11264,396,14502,383,25766,California
Nevada,2021-03-20,822,40741,93,22005,306,17900,423,836,235,11338,581,15083,655,26421,California
Nevada,2021-03-21,57,40798,31,22036,25,17925,1,837,39,11361,17,15100,40,26461,California
Nevada,2021-03-22,798,41596,514,22550,279,18204,5,842,540,11650,256,15356,545,27006,California
Nevada,2021-03-23,848,42444,381,22931,441,18645,26,868,639,12109,206,15562,665,27671,California
Nevada,2021-03-24,1015,43459,538,23469,470,19115,7,875,648,12401,363,15925,655,28326,California
Nevada,2021-03-25,889,44348,448,23917,416,19531,25,900,488,12513,400,16325,512,28838,California
Nevada,2021-03-26,1140,45488,433,24350,670,20201,37,937,829,13070,308,16633,865,29703,California
Nevada,2021-03-27,559,46047,70,24420,473,20674,16,953,378,13283,181,16814,394,30097,California
Nevada,2021-03-28,174,46221,50,24470,111,20785,13,966,39,13202,133,16947,52,30149,California
Nevada,2021-03-29,819,47040,501,24971,296,21081,22,988,392,13191,424,17371,413,30562,California
Nevada,2021-03-30,1038,48078,470,25441,534,21615,34,1022,538,13271,492,17863,572,31134,California
Nevada,2021-03-31,1173,49251,663,26104,493,22108,17,1039,700,13523,464,18327,716,31850,California
Nevada,2021-04-01,1226,50477,718,26822,455,22563,53,1092,547,13448,675,19002,600,32450,California
Nevada,2021-04-02,1277,51754,653,27475,588,23151,36,1128,761,13732,513,19515,797,33247,California
Nevada,2021-04-03,284,52038,86,27561,160,23311,38,1166,79,13645,204,19719,117,33364,California
Nevada,2021-04-04,128,52166,42,27603,79,23390,7,1173,78,13680,50,19769,85,33449,California
Nevada,2021-04-05,936,53102,614,28217,303,23693,19,1192,626,14018,307,20076,645,34094,California
Nevada,2021-04-06,1066,54168,661,28878,262,23955,143,1335,469,14039,591,20667,612,34706,California
Nevada,2021-04-07,1135,55303,811,29689,242,24197,82,1417,602,14195,527,21194,683,35389,California
Nevada,2021-04-08,1271,56574,891,30580,297,24494,83,1500,706,14422,562,21756,789,36178,California
Nevada,2021-04-09,1235,57809,845,31425,321,24815,69,1569,840,14936,395,22151,909,37087,California
Nevada,2021-04-10,261,58070,80,31505,105,24920,76,1645,115,14982,145,22296,191,37278,California
Nevada,2021-04-11,99,58169,31,31536,64,24984,4,1649,39,14965,60,22356,43,37321,California
Nevada,2021-04-12,734,58903,537,32073,180,25164,17,1666,312,14875,419,22775,329,37650,California
Nevada,2021-04-13,875,59778,349,32422,526,25690,0,1666,468,14938,405,23180,468,38118,California
Nevada,2021-04-14,1044,60822,562,32984,482,26172,0,1666,538,14978,498,23678,538,38656,California
Nevada,2021-04-15,1057,61879,703,33687,354,26526,0,1666,615,15161,432,24110,615,39271,California
Nevada,2021-04-16,897,62776,696,34383,201,26727,0,1666,531,15327,365,24475,531,39802,California
Nevada,2021-04-17,191,62967,49,34432,142,26869,0,1666,84,15304,107,24582,84,39886,California
Nevada,2021-04-18,180,63147,17,34449,163,27032,0,1666,100,15324,80,24662,100,39986,California
Nevada,2021-04-19,750,63897,481,34930,269,27301,0,1666,304,15190,438,25100,304,40290,California
Nevada,2021-04-20,798,64695,307,35237,491,27792,0,1666,301,14999,492,25592,301,40591,California
Nevada,2021-04-21,897,65592,493,35730,404,28196,0,1666,265,14640,624,26216,265,40856,California
Nevada,2021-04-22,969,66561,598,36328,371,28567,0,1666,323,14324,639,26855,323,41179,California
Nevada,2021-04-23,922,67483,397,36725,525,29092,0,1666,333,14075,582,27437,333,41512,California
Nevada,2021-04-24,459,67942,59,36784,400,29492,0,1666,128,13873,330,27767,128,41640,California
Nevada,2021-04-25,24,67966,9,36793,15,29507,0,1666,6,13861,18,27785,6,41646,California
Orange,2020-12-15,16,16,16,16,0,0,0,0,16,16,0,0,16,16,California
Orange,2020-12-16,365,381,365,381,0,0,0,0,365,381,0,0,365,381,California
Orange,2020-12-17,3724,4105,3724,4105,0,0,0,0,3723,4104,0,0,3723,4104,California
Orange,2020-12-18,5048,9153,5041,9146,7,7,0,0,5047,9151,0,0,5047,9151,California
Orange,2020-12-19,2230,11383,2223,11369,7,14,0,0,2229,11380,0,0,2229,11380,California
Orange,2020-12-20,1983,13366,1981,13350,2,16,0,0,1984,13364,0,0,1984,13364,California
Orange,2020-12-21,4246,17612,4240,17590,6,22,0,0,4245,17609,0,0,4245,17609,California
Orange,2020-12-22,3979,21591,3946,21536,33,55,0,0,3979,21588,0,0,3979,21588,California
Orange,2020-12-23,3562,25153,3200,24736,362,417,0,0,3564,25152,0,0,3564,25152,California
Orange,2020-12-24,1376,26529,1079,25815,297,714,0,0,1376,26528,0,0,1376,26528,California
Orange,2020-12-25,17,26546,12,25827,5,719,0,0,17,26545,0,0,17,26545,California
Orange,2020-12-26,1020,27566,422,26249,598,1317,0,0,1020,27565,0,0,1020,27565,California
Orange,2020-12-27,582,28148,275,26524,307,1624,0,0,582,28147,0,0,582,28147,California
Orange,2020-12-28,3535,31683,2564,29088,971,2595,0,0,3535,31682,0,0,3535,31682,California
Orange,2020-12-29,3566,35249,2562,31650,1004,3599,0,0,3565,35246,1,1,3565,35247,California
Orange,2020-12-30,5123,40372,3557,35207,1566,5165,0,0,5123,40369,0,1,5123,40370,California
Orange,2020-12-31,1457,41829,759,35966,698,5863,0,0,1457,41826,0,1,1457,41827,California
Orange,2021-01-01,485,42314,261,36227,224,6087,0,0,484,42309,1,2,484,42311,California
Orange,2021-01-02,1403,43717,894,37121,509,6596,0,0,1403,43712,0,2,1403,43714,California
Orange,2021-01-03,573,44290,315,37436,258,6854,0,0,573,44285,0,2,573,44287,California
Orange,2021-01-04,2724,47014,1555,38991,1169,8023,0,0,2725,47009,1,3,2725,47012,California
Orange,2021-01-05,3507,50521,2285,41276,1222,9245,0,0,3100,49709,403,406,3103,50115,California
Orange,2021-01-06,4977,55498,3459,44735,1518,10763,0,0,3609,51962,1356,1762,3609,53724,California
Orange,2021-01-07,9244,64742,5158,49893,4086,14849,0,0,5676,54087,3555,5317,5680,59404,California
Orange,2021-01-08,9389,74131,5249,55142,4140,18989,0,0,5637,55984,3742,9059,5639,65043,California
Orange,2021-01-09,4988,79119,1733,56875,3255,22244,0,0,3709,58414,1279,10338,3709,68752,California
Orange,2021-01-10,4231,83350,1041,57916,3190,25434,0,0,3351,60890,879,11217,3355,72107,California
Orange,2021-01-11,9429,92779,4895,62811,4534,29968,0,0,5812,63083,3620,14837,5813,77920,California
Orange,2021-01-12,8802,101581,4718,67529,4084,34052,0,0,5338,64960,3462,18299,5339,83259,California
Orange,2021-01-13,10224,111805,4899,72428,5325,39377,0,0,7026,68799,3194,21493,7033,90292,California
Orange,2021-01-14,9951,121756,3768,76196,6183,45560,0,0,8362,75580,1587,23080,8368,98660,California
Orange,2021-01-15,10154,131910,2618,78814,7536,53096,0,0,9282,83987,880,23960,9287,107947,California
Orange,2021-01-16,8704,140614,2096,80910,6608,59704,0,0,8308,91904,396,24356,8313,116260,California
Orange,2021-01-17,8152,148766,1485,82395,6667,66371,0,0,8007,99775,145,24501,8016,124276,California
Orange,2021-01-18,9744,158510,4455,86850,5289,71660,0,0,7504,105038,2243,26744,7506,131782,California
Orange,2021-01-19,7483,165993,5415,92265,2068,73728,0,0,4855,107266,2628,29372,4856,136638,California
Orange,2021-01-20,8271,174264,5816,98081,2455,76183,0,0,5216,109433,3056,32428,5223,141861,California
Orange,2021-01-21,10847,185111,4813,102894,6034,82217,0,0,10054,118704,792,33220,10063,151924,California
Orange,2021-01-22,13584,198695,5079,107973,8505,90722,0,0,12750,130636,826,34046,12758,164682,California
Orange,2021-01-23,13114,211809,6173,114146,6941,97663,0,0,12143,141818,969,35015,12151,176833,California
Orange,2021-01-24,9809,221618,4287,118433,5522,103185,0,0,9492,150999,314,35329,9495,186328,California
Orange,2021-01-25,10416,232034,5846,124279,4570,107755,0,0,7707,156007,2704,38033,7712,194040,California
Orange,2021-01-26,11871,243905,7708,131987,4163,111918,0,0,9725,163593,2142,40175,9728,203768,California
Orange,2021-01-27,13401,257306,7990,139977,5411,117329,0,0,10721,171648,2669,42844,10724,214492,California
Orange,2021-01-28,13006,270312,7188,147165,5818,123147,0,0,11153,180969,1840,44684,11161,225653,California
Orange,2021-01-29,13578,283890,8400,155565,5178,128325,0,0,10702,188825,2863,47547,10719,236372,California
Orange,2021-01-30,12926,296816,4444,160009,8482,136807,0,0,12195,200306,717,48264,12198,248570,California
Orange,2021-01-31,13710,310526,4943,164952,8767,145574,0,0,13270,213146,435,48699,13275,261845,California
Orange,2021-02-01,14017,324543,5773,170725,8244,153818,0,0,12028,223208,1970,50669,12032,273877,California
Orange,2021-02-02,15402,339945,8359,179084,7043,160861,0,0,12661,233239,2633,53302,12664,286541,California
Orange,2021-02-03,16724,356669,12564,191648,4160,165021,0,0,13721,244040,2925,56227,13726,300267,California
Orange,2021-02-04,19801,376470,12942,204590,6859,171880,0,0,14726,253730,5044,61271,14734,315001,California
Orange,2021-02-05,20727,397197,12001,216591,8726,180606,0,0,14463,261969,6226,67497,14465,329466,California
Orange,2021-02-06,16311,413508,10781,227372,5530,186136,0,0,11061,268013,5235,72732,11279,340745,California
Orange,2021-02-07,11517,425025,8100,235472,3417,189553,0,0,7545,271771,3957,76689,7715,348460,California
Orange,2021-02-08,14814,439839,8468,243940,6346,195899,0,0,8820,274628,5964,82653,8821,357281,California
Orange,2021-02-09,17636,457475,12010,255950,5626,201525,0,0,10737,278542,6827,89480,10741,368022,California
Orange,2021-02-10,20884,478359,11169,267119,9715,211240,0,0,12670,283098,8121,97601,12677,380699,California
Orange,2021-02-11,21985,500344,11391,278510,10594,221834,0,0,12379,286015,9480,107081,12397,393096,California
Orange,2021-02-12,24734,525078,11885,290395,12849,234683,0,0,14620,290581,10059,117140,14625,407721,California
Orange,2021-02-13,22004,547082,11908,302303,10096,244779,0,0,11141,291703,10660,127800,11782,419503,California
Orange,2021-02-14,16182,563264,6566,308869,9616,254395,0,0,9549,294644,6609,134409,9550,429053,California
Orange,2021-02-15,17212,580476,7388,316257,9824,264219,0,0,8879,295242,8290,142699,8888,437941,California
Orange,2021-02-16,19896,600372,8971,325228,10925,275144,0,0,10701,296814,9153,151852,10725,448666,California
Orange,2021-02-17,17782,618154,9312,334540,8470,283614,0,0,9161,297427,8579,160431,9192,457858,California
Orange,2021-02-18,14871,633025,9829,344369,5042,288656,0,0,6789,296189,8035,168466,6797,464655,California
Orange,2021-02-19,17830,650855,10723,355092,7107,295763,0,0,6880,292174,10906,179372,6891,471546,California
Orange,2021-02-20,7392,658247,5567,360659,1825,297588,0,0,3746,292304,3626,182998,3756,475302,California
Orange,2021-02-21,4318,662565,3642,364301,676,298264,0,0,774,289567,3511,186509,774,476076,California
Orange,2021-02-22,9598,672163,7837,372138,1761,300025,0,0,3881,287769,5693,192202,3895,479971,California
Orange,2021-02-23,13234,685397,7226,379364,6008,306033,0,0,3483,281565,9697,201899,3493,483464,California
Orange,2021-02-24,21085,706482,12779,392143,8306,314339,0,0,5355,271269,15670,217569,5374,488838,California
Orange,2021-02-25,22568,729050,12226,404369,10342,324681,0,0,7962,264709,14538,232107,7978,496816,California
Orange,2021-02-26,27652,756702,14005,418374,13647,338328,0,0,11138,259467,16404,248511,11162,507978,California
Orange,2021-02-27,24927,781629,10055,428429,14870,353198,2,2,7241,249141,17584,266095,7258,515236,California
Orange,2021-02-28,18989,800618,7344,435773,11645,364843,0,2,4794,239859,14093,280188,4811,520047,California
Orange,2021-03-01,18293,818911,8330,444103,9960,374803,3,5,7055,235760,11169,291357,7070,527117,California
Orange,2021-03-02,18714,837625,8842,452945,9871,384674,1,6,9142,235399,9532,300889,9171,536288,California
Orange,2021-03-03,20105,857730,9330,462275,10772,395446,3,9,10780,236945,9257,310146,10803,547091,California
Orange,2021-03-04,22189,879919,12786,475061,9390,404836,13,22,11497,237822,10658,320804,11535,558626,California
Orange,2021-03-05,20631,900550,10690,485751,9897,414733,44,66,12639,242610,7954,328758,12742,571368,California
Orange,2021-03-06,23833,924383,13084,498835,9887,424620,862,928,12609,244916,11192,339950,13498,584866,California
Orange,2021-03-07,14789,939172,8296,507131,6109,430729,384,1312,8631,247826,6126,346076,9036,593902,California
Orange,2021-03-08,16125,955297,7375,514506,7491,438220,1259,2571,10368,253762,5716,351792,11652,605554,California
Orange,2021-03-09,19645,974942,8545,523051,8672,446892,2428,4999,11266,259118,8342,360134,13698,619252,California
Orange,2021-03-10,23916,998858,11699,534750,9065,455957,3152,8151,12093,262591,11770,371904,15243,634495,California
Orange,2021-03-11,28812,1027670,15666,550416,9035,464992,4111,12262,13396,264764,15332,387236,17505,652000,California
Orange,2021-03-12,29120,1056790,14191,564607,11109,476101,3820,16082,14632,268828,14412,401648,18476,670476,California
Orange,2021-03-13,27651,1084441,10122,574729,13613,489714,3916,19998,13997,273138,13603,415251,17913,688389,California
Orange,2021-03-14,18758,1103199,8127,582856,8119,497833,2512,22510,11846,280607,6883,422134,14352,702741,California
Orange,2021-03-15,22913,1126112,10076,592932,12082,509915,755,23265,14313,287132,8538,430672,15063,717804,California
Orange,2021-03-16,26236,1152348,11080,604012,14936,524851,220,23485,17079,295355,9084,439756,17307,735111,California
Orange,2021-03-17,27100,1179448,13499,617511,13129,537980,472,23957,19377,307541,7662,447418,19848,754959,California
Orange,2021-03-18,27562,1207010,13841,631352,13450,551430,271,24228,21508,323328,5995,453413,21782,776741,California
Orange,2021-03-19,33220,1240230,18231,649583,14560,565990,429,24657,24789,340227,8329,461742,25228,801969,California
Orange,2021-03-20,25648,1265878,13467,663050,11977,577967,204,24861,21968,358776,3622,465364,22171,824140,California
Orange,2021-03-21,18337,1284215,10642,673692,6968,584935,727,25588,15603,372395,2711,468075,16330,840470,California
Orange,2021-03-22,22599,1306814,11672,685364,10608,595543,319,25907,19144,388480,3385,471460,19470,859940,California
Orange,2021-03-23,25821,1332635,13387,698751,11804,607347,630,26537,20780,404918,4974,476434,21412,881352,California
Orange,2021-03-24,28834,1361469,16084,714835,11870,619217,880,27417,21898,420829,6866,483300,22777,904129,California
Orange,2021-03-25,32060,1393529,17067,731902,14329,633546,664,28081,24143,437791,7844,491144,24806,928935,California
Orange,2021-03-26,34582,1428111,17943,749845,15792,649338,847,28928,24944,454033,9546,500690,25788,954723,California
Orange,2021-03-27,28255,1456366,13506,763351,14435,663773,314,29242,19751,465673,8427,509117,20067,974790,California
Orange,2021-03-28,24650,1481016,12749,776100,11834,675607,67,29309,18602,478357,5989,515106,18673,993463,California
Orange,2021-03-29,26311,1507327,12023,788123,13739,689346,549,29858,17913,488491,8329,523435,18463,1011926,California
Orange,2021-03-30,30381,1537708,13762,801885,16236,705582,383,30241,21276,501104,9047,532482,21660,1033586,California
Orange,2021-03-31,36710,1574418,19268,821153,16852,722434,590,30831,24098,513269,12528,545010,24693,1058279,California
Orange,2021-04-01,39649,1614067,20911,842064,17203,739637,1535,32366,25971,527170,13601,558611,27502,1085781,California
Orange,2021-04-02,39430,1653497,19910,861974,17867,757504,1653,34019,22470,534426,16874,575485,24130,1109911,California
Orange,2021-04-03,29557,1683054,15421,877395,12529,770033,1607,35626,14076,534693,15417,590902,15684,1125595,California
Orange,2021-04-04,18183,1701237,10613,888008,6884,776917,686,36312,8152,533539,9991,600893,8837,1134432,California
Orange,2021-04-05,29246,1730483,13874,901882,12149,789066,3223,39535,13787,535140,15403,616296,17004,1151436,California
Orange,2021-04-06,33015,1763498,15495,917377,14215,803281,3305,42840,14336,534173,18598,634894,17631,1169067,California
Orange,2021-04-07,35606,1799104,19945,937322,11232,814513,4429,47269,15742,534532,19794,654688,20153,1189220,California
Orange,2021-04-08,38212,1837316,21281,958603,11610,826123,5321,52590,18712,539132,19412,674100,24012,1213232,California
Orange,2021-04-09,40214,1877530,23472,982075,11713,837836,5029,57619,17846,539709,22284,696384,22861,1236093,California
Orange,2021-04-10,33843,1911373,17938,1000013,11787,849623,4118,61737,14091,538227,19678,716062,18196,1254289,California
Orange,2021-04-11,25288,1936661,14243,1014256,7827,857450,3218,64955,9703,535594,15544,731606,12911,1267200,California
Orange,2021-04-12,30072,1966733,15270,1029526,11354,868804,3448,68403,11852,532707,18173,749779,15286,1282486,California
Orange,2021-04-13,32153,1998886,18084,1047610,14007,882811,62,68465,15026,530729,17064,766843,15086,1297572,California
Orange,2021-04-14,33816,2032702,19653,1067263,14133,896944,30,68495,14760,526541,18980,785823,14792,1312364,California
Orange,2021-04-15,39348,2072050,23950,1091213,15387,912331,11,68506,18153,523597,21110,806933,18166,1330530,California
Orange,2021-04-16,40723,2112773,23875,1115088,16823,929154,25,68531,18310,519609,22329,829262,18341,1348871,California
Orange,2021-04-17,29554,2142327,17152,1132240,12399,941553,3,68534,12731,515594,16753,846015,12738,1361609,California
Orange,2021-04-18,21222,2163549,12797,1145037,8424,949977,1,68535,8380,511180,12798,858813,8384,1369993,California
Orange,2021-04-19,32106,2195655,17620,1162657,14484,964461,2,68537,14706,508563,17328,876141,14711,1384704,California
Orange,2021-04-20,34816,2230471,18048,1180705,16766,981227,2,68539,17381,508578,17367,893508,17382,1402086,California
Orange,2021-04-21,39727,2270198,22728,1203433,16989,998216,10,68549,18583,506110,21061,914569,18593,1420679,California
Orange,2021-04-22,38358,2308556,20294,1223727,18059,1016275,5,68554,15974,499826,22275,936844,15991,1436670,California
Orange,2021-04-23,36693,2345249,18991,1242718,17698,1033973,4,68558,16060,495348,20545,957389,16067,1452737,California
Orange,2021-04-24,28453,2373702,14811,1257529,13621,1047594,21,68579,11461,489898,16934,974323,11484,1464221,California
Orange,2021-04-25,10429,2384131,5844,1263373,4585,1052179,0,68579,4918,489334,5495,979818,4931,1469152,California
Placer,2020-12-15,29,29,29,29,0,0,0,0,29,29,0,0,29,29,California
Placer,2020-12-16,54,83,54,83,0,0,0,0,54,83,0,0,54,83,California
Placer,2020-12-17,139,222,139,222,0,0,0,0,139,222,0,0,139,222,California
Placer,2020-12-18,331,553,331,553,0,0,0,0,331,553,0,0,331,553,California
Placer,2020-12-19,251,804,251,804,0,0,0,0,251,804,0,0,251,804,California
Placer,2020-12-20,234,1038,234,1038,0,0,0,0,234,1038,0,0,234,1038,California
Placer,2020-12-21,492,1530,491,1529,1,1,0,0,492,1530,0,0,492,1530,California
Placer,2020-12-22,676,2206,669,2198,7,8,0,0,676,2206,0,0,676,2206,California
Placer,2020-12-23,743,2949,658,2856,85,93,0,0,743,2949,0,0,743,2949,California
Placer,2020-12-24,398,3347,346,3202,52,145,0,0,398,3347,0,0,398,3347,California
Placer,2020-12-26,158,3505,113,3315,45,190,0,0,158,3505,0,0,158,3505,California
Placer,2020-12-27,186,3691,163,3478,23,213,0,0,186,3691,0,0,186,3691,California
Placer,2020-12-28,664,4355,537,4015,127,340,0,0,664,4355,0,0,664,4355,California
Placer,2020-12-29,761,5116,513,4528,248,588,0,0,761,5116,0,0,761,5116,California
Placer,2020-12-30,730,5846,454,4982,276,864,0,0,728,5844,0,0,728,5844,California
Placer,2020-12-31,528,6374,343,5325,185,1049,0,0,528,6372,0,0,528,6372,California
Placer,2021-01-01,15,6389,11,5336,4,1053,0,0,15,6387,0,0,15,6387,California
Placer,2021-01-02,184,6573,152,5488,32,1085,0,0,184,6571,0,0,184,6571,California
Placer,2021-01-03,154,6727,79,5567,75,1160,0,0,154,6725,0,0,154,6725,California
Placer,2021-01-04,618,7345,179,5746,439,1599,0,0,618,7343,0,0,618,7343,California
Placer,2021-01-05,724,8069,159,5905,565,2164,0,0,641,7903,82,82,642,7985,California
Placer,2021-01-06,760,8829,244,6149,516,2680,0,0,618,8379,142,224,618,8603,California
Placer,2021-01-07,982,9811,366,6515,616,3296,0,0,777,8951,205,429,777,9380,California
Placer,2021-01-08,1182,10993,529,7044,653,3949,0,0,855,9482,324,753,855,10235,California
Placer,2021-01-09,449,11442,321,7365,128,4077,0,0,233,9500,215,968,233,10468,California
Placer,2021-01-10,329,11771,186,7551,143,4220,0,0,164,9499,165,1133,164,10632,California
Placer,2021-01-11,1426,13197,808,8359,618,4838,0,0,837,9748,589,1722,838,11470,California
Placer,2021-01-12,1645,14842,874,9233,771,5609,0,0,1043,10189,602,2324,1043,12513,California
Placer,2021-01-13,1626,16468,818,10051,808,6417,0,0,1206,10979,418,2742,1208,13721,California
Placer,2021-01-14,1756,18224,652,10703,1104,7521,0,0,1401,12029,352,3094,1402,15123,California
Placer,2021-01-15,1907,20131,723,11426,1184,8705,0,0,1556,13236,350,3444,1557,16680,California
Placer,2021-01-16,1471,21602,719,12145,752,9457,0,0,1350,14466,121,3565,1351,18031,California
Placer,2021-01-17,563,22165,397,12542,166,9623,0,0,431,14765,132,3697,431,18462,California
Placer,2021-01-18,977,23142,540,13082,437,10060,0,0,747,15283,230,3927,748,19210,California
Placer,2021-01-19,2571,25713,1947,15029,624,10684,0,0,2120,16952,451,4378,2120,21330,California
Placer,2021-01-20,2244,27957,1694,16723,550,11234,0,0,1916,18541,328,4706,1917,23247,California
Placer,2021-01-21,2539,30496,1113,17836,1426,12660,0,0,2145,20294,393,5099,2146,25393,California
Placer,2021-01-22,2293,32789,591,18427,1702,14362,0,0,2120,22244,171,5270,2121,27514,California
Placer,2021-01-23,1189,33978,380,18807,809,15171,0,0,1034,23123,155,5425,1034,28548,California
Placer,2021-01-24,507,34485,264,19071,243,15414,0,0,431,23479,76,5501,432,28980,California
Placer,2021-01-25,1669,36154,801,19872,868,16282,0,0,1382,24575,287,5788,1383,30363,California
Placer,2021-01-26,1847,38001,1026,20898,821,17103,0,0,1583,25894,264,6052,1583,31946,California
Placer,2021-01-27,1840,39841,1154,22052,686,17789,0,0,1597,27251,241,6293,1598,33544,California
Placer,2021-01-28,1797,41638,1111,23163,686,18475,0,0,1550,28556,245,6538,1550,35094,California
Placer,2021-01-29,1886,43524,1171,24334,715,19190,0,0,1694,30061,191,6729,1696,36790,California
Placer,2021-01-30,1723,45247,970,25304,753,19943,0,0,1604,31547,118,6847,1604,38394,California
Placer,2021-01-31,780,46027,624,25928,156,20099,0,0,712,32192,68,6915,713,39107,California
Placer,2021-02-01,2068,48095,1088,27016,980,21079,0,0,1754,33632,314,7229,1754,40861,California
Placer,2021-02-02,2367,50462,1535,28551,832,21911,0,0,1882,35032,482,7711,1882,42743,California
Placer,2021-02-03,2912,53374,1872,30423,1040,22951,0,0,2291,36706,617,8328,2291,45034,California
Placer,2021-02-04,2756,56130,1186,31609,1570,24521,0,0,1934,37822,819,9147,1935,46969,California
Placer,2021-02-05,2725,58855,1201,32810,1524,26045,0,0,1399,37900,1321,10468,1399,48368,California
Placer,2021-02-06,1945,60800,1308,34118,637,26682,0,0,1395,38745,550,11018,1395,49763,California
Placer,2021-02-07,1219,62019,909,35027,310,26992,0,0,938,39403,280,11298,938,50701,California
Placer,2021-02-08,3299,65318,1767,36794,1532,28524,0,0,1975,40063,1316,12614,1976,52677,California
Placer,2021-02-09,3545,68863,2173,38967,1372,29896,0,0,1641,39802,1902,14516,1641,54318,California
Placer,2021-02-10,3745,72608,2190,41157,1555,31451,0,0,1745,39552,1997,16513,1747,56065,California
Placer,2021-02-11,3622,76230,1902,43059,1720,33171,0,0,1579,39097,2035,18548,1580,57645,California
Placer,2021-02-12,2749,78979,1317,44376,1432,34603,0,0,1653,39672,1079,19627,1654,59299,California
Placer,2021-02-13,2533,81512,1484,45860,1049,35652,0,0,1882,40903,651,20278,1882,61181,California
Placer,2021-02-14,1075,82587,674,46534,401,36053,0,0,735,41301,337,20615,735,61916,California
Placer,2021-02-15,2181,84768,1043,47577,1138,37191,0,0,1521,42162,661,21276,1522,63438,California
Placer,2021-02-16,3537,88305,1778,49355,1759,38950,0,0,1579,41793,1949,23225,1580,65018,California
Placer,2021-02-17,3536,91841,1961,51316,1575,40525,0,0,1506,41273,2026,25251,1506,66524,California
Placer,2021-02-18,3745,95586,2042,53358,1703,42228,0,0,1621,40780,2115,27366,1622,68146,California
Placer,2021-02-19,3565,99151,1910,55268,1655,43883,0,0,1318,39856,2243,29609,1319,69465,California
Placer,2021-02-20,1970,101121,1230,56498,740,44623,0,0,886,39667,1078,30687,889,70354,California
Placer,2021-02-21,970,102091,728,57226,242,44865,0,0,278,39257,689,31376,279,70633,California
Placer,2021-02-22,2514,104605,1768,58994,746,45611,0,0,602,37948,1911,33287,602,71235,California
Placer,2021-02-23,2531,107136,1564,60558,967,46578,0,0,876,37170,1654,34941,876,72111,California
Placer,2021-02-24,3257,110393,1173,61731,2084,48662,0,0,1778,37481,1469,36410,1780,73891,California
Placer,2021-02-25,3473,113866,1423,63154,2050,50712,0,0,1839,37694,1627,38037,1840,75731,California
Placer,2021-02-26,4089,117955,2372,65526,1717,52429,0,0,2349,38307,1736,39773,2349,78080,California
Placer,2021-02-27,2813,120768,1492,67018,1321,53750,0,0,1448,38399,1359,41132,1451,79531,California
Placer,2021-02-28,1389,122157,790,67808,599,54349,0,0,580,38176,803,41935,580,80111,California
Placer,2021-03-01,2984,125141,1985,69793,999,55348,0,0,1536,38269,1443,43378,1536,81647,California
Placer,2021-03-02,2865,128006,1760,71553,1105,56453,0,0,1876,39161,984,44362,1876,83523,California
Placer,2021-03-03,3291,131297,1400,72953,1891,58344,0,0,1794,39465,1491,45853,1795,85318,California
Placer,2021-03-04,3564,134861,1426,74379,2138,60482,0,0,1849,39612,1703,47556,1850,87168,California
Placer,2021-03-05,2989,137850,1024,75403,1943,62425,22,22,1792,40231,1195,48751,1814,88982,California
Placer,2021-03-06,2399,140249,1481,76884,822,63247,96,118,920,39775,1472,50223,1016,89998,California
Placer,2021-03-07,1294,141543,755,77639,501,63748,38,156,526,39574,765,50988,564,90562,California
Placer,2021-03-08,2909,144452,1828,79467,968,64716,113,269,1651,40082,1256,52244,1764,92326,California
Placer,2021-03-09,3160,147612,1678,81145,1392,66108,90,359,1809,40633,1348,53592,1899,94225,California
Placer,2021-03-10,3267,150879,1315,82460,1845,67953,107,466,1703,40884,1559,55151,1810,96035,California
Placer,2021-03-11,3541,154420,1587,84047,1830,69783,124,590,1702,40881,1831,56982,1828,97863,California
Placer,2021-03-12,3665,158085,1480,85527,1405,71188,780,1370,1248,40499,2411,59393,2029,99892,California
Placer,2021-03-13,2103,160188,737,86264,1248,72436,118,1488,1130,40778,970,60363,1249,101141,California
Placer,2021-03-14,1635,161823,672,86936,814,73250,149,1637,889,41071,745,61108,1038,102179,California
Placer,2021-03-15,3171,164994,1527,88463,1513,74763,131,1768,1758,41550,1411,62519,1890,104069,California
Placer,2021-03-16,3546,168540,1910,90373,1503,76266,133,1901,2277,42702,1259,63778,2411,106480,California
Placer,2021-03-17,3393,171933,1724,92097,1570,77836,99,2000,2198,43808,1193,64971,2299,108779,California
Placer,2021-03-18,3952,175885,2195,94292,1719,79555,38,2038,2816,45531,1130,66101,2853,111632,California
Placer,2021-03-19,3409,179294,2060,96352,1085,80640,264,2302,2174,46740,1228,67329,2437,114069,California
Placer,2021-03-20,2135,181429,896,97248,1142,81782,97,2399,1304,47313,827,68156,1400,115469,California
Placer,2021-03-21,1245,182674,571,97819,665,82447,9,2408,938,47956,304,68460,947,116416,California
Placer,2021-03-22,3262,185936,2097,99916,1078,83525,87,2495,2190,49166,1068,69528,2278,118694,California
Placer,2021-03-23,3516,189452,2090,102006,1335,84860,91,2586,2521,50789,990,70518,2613,121307,California
Placer,2021-03-24,3759,193211,1998,104004,1664,86524,97,2683,1955,51049,1792,72310,2052,123359,California
Placer,2021-03-25,3771,196982,1796,105800,1878,88402,97,2780,1725,50833,2037,74347,1821,125180,California
Placer,2021-03-26,3744,200726,1654,107454,1858,90260,232,3012,1584,50499,2150,76497,1816,126996,California
Placer,2021-03-27,1593,202319,469,107923,1104,91364,20,3032,649,50231,937,77434,669,127665,California
Placer,2021-03-28,1095,203414,526,108449,559,91923,10,3042,368,49887,722,78156,378,128043,California
Placer,2021-03-29,3546,206960,1982,110431,1530,93453,34,3076,1720,49826,1816,79972,1755,129798,California
Placer,2021-03-30,3982,210942,2111,112542,1827,95280,44,3120,2105,50110,1864,81836,2148,131946,California
Placer,2021-03-31,4057,214999,1829,114371,2154,97434,74,3194,1687,49507,2363,84199,1760,133706,California
Placer,2021-04-01,2862,217861,1366,115737,1451,98885,45,3239,1594,49880,1266,85465,1639,135345,California
Placer,2021-04-02,2782,220643,1439,117176,1279,100164,64,3303,1552,50273,1222,86687,1615,136960,California
Placer,2021-04-03,1855,222498,984,118160,741,100905,130,3433,892,50338,956,87643,1021,137981,California
Placer,2021-04-04,706,223204,360,118520,293,101198,53,3486,284,50255,420,88063,337,138318,California
Placer,2021-04-05,2988,226192,1892,120412,914,102112,182,3668,1744,50941,1240,89303,1926,140244,California
Placer,2021-04-06,4263,230455,2466,122878,1499,103611,298,3966,1520,50021,2738,92041,1818,142062,California
Placer,2021-04-07,4484,234939,2563,125441,1461,105072,460,4426,2050,50100,2428,94469,2507,144569,California
Placer,2021-04-08,4666,239605,2590,128031,1532,106604,544,4970,1571,49132,3083,97552,2115,146684,California
Placer,2021-04-09,4054,243659,2238,130269,1203,107807,613,5583,1205,48110,2842,100394,1820,148504,California
Placer,2021-04-10,1978,245637,854,131123,945,108752,179,5762,845,48003,1130,101524,1023,149527,California
Placer,2021-04-11,1311,246948,500,131623,778,109530,33,5795,425,47578,882,102406,457,149984,California
Placer,2021-04-12,4101,251049,2652,134275,1069,110599,380,6175,2469,48803,1623,104029,2848,152832,California
Placer,2021-04-13,4332,255381,2985,137260,1346,111945,1,6176,2188,48852,2140,106169,2189,155021,California
Placer,2021-04-14,4055,259436,2506,139766,1548,113493,1,6177,1795,48396,2251,108420,1795,156816,California
Placer,2021-04-15,4379,263815,2422,142188,1956,115449,1,6178,2276,48578,2095,110515,2277,159093,California
Placer,2021-04-16,3649,267464,2169,144357,1480,116929,0,6178,1426,47788,2217,112732,1427,160520,California
Placer,2021-04-17,2335,269799,794,145151,1541,118470,0,6178,1449,48354,883,113615,1449,161969,California
Placer,2021-04-18,1145,270944,223,145374,922,119392,0,6178,398,48008,744,114359,398,162367,California
Placer,2021-04-19,2878,273822,1752,147126,1126,120518,0,6178,1137,47408,1738,116097,1138,163505,California
Placer,2021-04-20,3748,277570,2420,149546,1328,121846,0,6178,2382,48432,1358,117455,2382,165887,California
Placer,2021-04-21,3600,281170,2363,151909,1236,123082,1,6179,2347,49532,1248,118703,2348,168235,California
Placer,2021-04-22,3489,284659,2124,154033,1365,124447,0,6179,1700,49448,1786,120489,1702,169937,California
Placer,2021-04-23,2385,287044,1349,155382,1035,125482,1,6180,1159,49385,1223,121712,1160,171097,California
Placer,2021-04-24,1393,288437,751,156133,642,126124,0,6180,801,49599,587,122299,801,171898,California
Placer,2021-04-25,191,288628,82,156215,109,126233,0,6180,85,49579,106,122405,86,171984,California
Plumas,2020-12-18,4,4,4,4,0,0,0,0,4,4,0,0,4,4,California
Plumas,2020-12-19,1,5,1,5,0,0,0,0,1,5,0,0,1,5,California
Plumas,2020-12-21,45,50,45,50,0,0,0,0,45,50,0,0,45,50,California
Plumas,2020-12-22,92,142,92,142,0,0,0,0,92,142,0,0,92,142,California
Plumas,2020-12-23,50,192,50,192,0,0,0,0,50,192,0,0,50,192,California
Plumas,2020-12-24,6,198,6,198,0,0,0,0,6,198,0,0,6,198,California
Plumas,2020-12-28,8,206,0,198,8,8,0,0,8,206,0,0,8,206,California
Plumas,2020-12-29,32,238,22,220,10,18,0,0,32,238,0,0,32,238,California
Plumas,2020-12-30,22,260,1,221,21,39,0,0,22,260,0,0,22,260,California
Plumas,2020-12-31,4,264,1,222,3,42,0,0,4,264,0,0,4,264,California
Plumas,2021-01-04,10,274,4,226,6,48,0,0,10,274,0,0,10,274,California
Plumas,2021-01-05,22,296,2,228,20,68,0,0,22,296,0,0,22,296,California
Plumas,2021-01-06,124,420,5,233,119,187,0,0,124,420,0,0,124,420,California
Plumas,2021-01-07,53,473,2,235,51,238,0,0,52,471,1,1,52,472,California
Plumas,2021-01-08,12,485,5,240,7,245,0,0,8,475,4,5,8,480,California
Plumas,2021-01-09,2,487,2,242,0,245,0,0,1,475,1,6,1,481,California
Plumas,2021-01-11,59,546,50,292,9,254,0,0,12,440,47,53,12,493,California
Plumas,2021-01-12,155,701,86,378,69,323,0,0,71,427,84,137,71,564,California
Plumas,2021-01-13,56,757,50,428,6,329,0,0,10,391,46,183,10,574,California
Plumas,2021-01-14,96,853,14,442,82,411,0,0,91,477,5,188,91,665,California
Plumas,2021-01-15,62,915,7,449,55,466,0,0,60,535,2,190,60,725,California
Plumas,2021-01-16,58,973,1,450,57,523,0,0,58,593,0,190,58,783,California
Plumas,2021-01-18,2,975,1,451,1,524,0,0,2,595,0,190,2,785,California
Plumas,2021-01-19,36,1011,5,456,31,555,0,0,32,623,4,194,32,817,California
Plumas,2021-01-20,121,1132,3,459,118,673,0,0,119,740,2,196,119,936,California
Plumas,2021-01-21,113,1245,2,461,111,784,0,0,113,853,0,196,113,1049,California
Plumas,2021-01-22,4,1249,0,461,4,788,0,0,4,857,0,196,4,1053,California
Plumas,2021-01-23,92,1341,1,462,91,879,0,0,92,949,0,196,92,1145,California
Plumas,2021-01-24,1,1342,1,463,0,879,0,0,1,950,0,196,1,1146,California
Plumas,2021-01-25,10,1352,7,470,3,882,0,0,7,954,3,199,7,1153,California
Plumas,2021-01-26,60,1412,2,472,58,940,0,0,52,998,8,207,52,1205,California
Plumas,2021-01-27,25,1437,20,492,5,945,0,0,5,983,20,227,5,1210,California
Plumas,2021-01-28,23,1460,0,492,23,968,0,0,21,1002,2,229,21,1231,California
Plumas,2021-01-29,8,1468,2,494,6,974,0,0,7,1008,1,230,7,1238,California
Plumas,2021-01-30,8,1476,4,498,4,978,0,0,7,1014,1,231,7,1245,California
Plumas,2021-01-31,3,1479,3,501,0,978,0,0,3,1017,0,231,3,1248,California
Plumas,2021-02-01,15,1494,2,503,13,991,0,0,7,1016,8,239,7,1255,California
Plumas,2021-02-02,20,1514,1,504,19,1010,0,0,1,998,19,258,1,1256,California
Plumas,2021-02-03,128,1642,8,512,120,1130,0,0,13,897,114,372,13,1269,California
Plumas,2021-02-04,101,1743,8,520,93,1223,0,0,23,842,78,450,23,1292,California
Plumas,2021-02-05,24,1767,11,531,13,1236,0,0,9,836,15,465,9,1301,California
Plumas,2021-02-06,7,1774,0,531,7,1243,0,0,7,843,0,465,7,1308,California
Plumas,2021-02-08,16,1790,7,538,9,1252,0,0,4,835,12,477,4,1312,California
Plumas,2021-02-09,171,1961,1,539,170,1422,0,0,111,886,60,537,111,1423,California
Plumas,2021-02-10,89,2050,9,548,80,1502,0,0,80,958,9,546,81,1504,California
Plumas,2021-02-11,322,2372,7,555,315,1817,0,0,263,1162,59,605,263,1767,California
Plumas,2021-02-12,122,2494,3,558,119,1936,0,0,118,1276,4,609,118,1885,California
Plumas,2021-02-13,73,2567,4,562,69,2005,0,0,14,1231,59,668,14,1899,California
Plumas,2021-02-14,8,2575,5,567,3,2008,0,0,8,1239,0,668,8,1907,California
Plumas,2021-02-15,28,2603,5,572,23,2031,0,0,25,1261,3,671,25,1932,California
Plumas,2021-02-16,76,2679,4,576,72,2103,0,0,14,1213,62,733,14,1946,California
Plumas,2021-02-17,136,2815,5,581,131,2234,0,0,12,1101,124,857,12,1958,California
Plumas,2021-02-18,128,2943,6,587,122,2356,0,0,19,1011,109,966,19,1977,California
Plumas,2021-02-19,41,2984,4,591,37,2393,0,0,6,982,35,1001,6,1983,California
Plumas,2021-02-20,103,3087,6,597,97,2490,0,0,11,901,92,1093,11,1994,California
Plumas,2021-02-21,6,3093,5,602,1,2491,0,0,2,899,4,1097,2,1996,California
Plumas,2021-02-22,3,3096,1,603,2,2493,0,0,0,896,3,1100,0,1996,California
Plumas,2021-02-23,24,3120,4,607,20,2513,0,0,16,904,8,1108,16,2012,California
Plumas,2021-02-24,456,3576,6,613,450,2963,0,0,443,1334,13,1121,443,2455,California
Plumas,2021-02-25,231,3807,9,622,222,3185,0,0,171,1445,60,1181,171,2626,California
Plumas,2021-02-26,264,4071,8,630,256,3441,0,0,256,1694,8,1189,257,2883,California
Plumas,2021-02-27,41,4112,4,634,37,3478,0,0,34,1721,7,1196,34,2917,California
Plumas,2021-02-28,1,4113,0,634,1,3479,0,0,1,1722,0,1196,1,2918,California
Plumas,2021-03-01,12,4125,3,637,9,3488,0,0,7,1725,4,1200,7,2925,California
Plumas,2021-03-02,8,4133,0,637,8,3496,0,0,6,1729,2,1202,6,2931,California
Plumas,2021-03-03,152,4285,10,647,142,3638,0,0,136,1849,16,1218,136,3067,California
Plumas,2021-03-04,250,4535,9,656,241,3879,0,0,229,2057,21,1239,229,3296,California
Plumas,2021-03-05,399,4934,6,662,388,4267,5,5,388,2439,11,1250,393,3689,California
Plumas,2021-03-06,19,4953,2,664,9,4276,8,13,3,2434,16,1266,11,3700,California
Plumas,2021-03-07,13,4966,2,666,2,4278,9,22,3,2436,10,1276,12,3712,California
Plumas,2021-03-08,29,4995,3,669,2,4280,24,46,3,2437,26,1302,27,3739,California
Plumas,2021-03-09,132,5127,1,670,116,4396,15,61,18,2356,114,1416,33,3772,California
Plumas,2021-03-10,255,5382,3,673,238,4634,14,75,108,2332,146,1562,122,3894,California
Plumas,2021-03-11,181,5563,8,681,168,4802,5,80,146,2448,35,1597,151,4045,California
Plumas,2021-03-12,595,6158,3,684,304,5106,288,368,23,2187,572,2169,311,4356,California
Plumas,2021-03-13,25,6183,4,688,10,5116,11,379,5,2183,20,2189,16,4372,California
Plumas,2021-03-14,12,6195,3,691,4,5120,5,384,1,2179,10,2199,6,4378,California
Plumas,2021-03-15,34,6229,1,692,26,5146,7,391,7,2166,27,2226,14,4392,California
Plumas,2021-03-16,59,6288,2,694,56,5202,1,392,49,2206,10,2236,50,4442,California
Plumas,2021-03-17,74,6362,10,704,63,5265,1,393,59,2252,14,2250,60,4502,California
Plumas,2021-03-18,57,6419,6,710,34,5299,17,410,8,2228,49,2299,25,4527,California
Plumas,2021-03-19,164,6583,6,716,156,5455,2,412,155,2379,7,2306,158,4685,California
Plumas,2021-03-20,693,7276,4,720,688,6143,1,413,672,3033,19,2325,673,5358,California
Plumas,2021-03-21,2,7278,1,721,1,6144,0,413,1,3034,0,2325,1,5359,California
Plumas,2021-03-22,182,7460,2,723,180,6324,0,413,175,3202,7,2332,175,5534,California
Plumas,2021-03-23,27,7487,2,725,25,6349,0,413,13,3201,14,2346,13,5547,California
Plumas,2021-03-24,650,8137,7,732,642,6991,1,414,220,2993,429,2775,221,5768,California
Plumas,2021-03-25,291,8428,5,737,284,7275,2,416,151,3004,140,2915,151,5919,California
Plumas,2021-03-26,307,8735,7,744,300,7575,0,416,45,2788,261,3176,45,5964,California
Plumas,2021-03-27,12,8747,1,745,10,7585,1,417,2,2781,10,3186,3,5967,California
Plumas,2021-03-28,5,8752,3,748,1,7586,1,418,3,2783,2,3188,4,5971,California
Plumas,2021-03-29,13,8765,4,752,8,7594,1,419,5,2781,8,3196,6,5977,California
Plumas,2021-03-30,151,8916,3,755,147,7741,1,420,24,2679,127,3323,25,6002,California
Plumas,2021-03-31,287,9203,2,757,284,8025,1,421,268,2929,19,3342,269,6271,California
Plumas,2021-04-01,291,9494,12,769,279,8304,0,421,59,2757,231,3573,59,6330,California
Plumas,2021-04-02,373,9867,4,773,368,8672,1,422,27,2451,334,3907,28,6358,California
Plumas,2021-04-03,16,9883,2,775,6,8678,8,430,3,2449,13,3920,11,6369,California
Plumas,2021-04-04,3,9886,1,776,1,8679,1,431,0,2447,3,3923,1,6370,California
Plumas,2021-04-05,13,9899,4,780,8,8687,1,432,6,2447,7,3930,7,6377,California
Plumas,2021-04-06,120,10019,6,786,83,8770,31,463,13,2379,107,4037,39,6416,California
Plumas,2021-04-07,281,10300,7,793,99,8869,175,638,27,2327,254,4291,202,6618,California
Plumas,2021-04-08,149,10449,3,796,131,9000,15,653,34,2261,114,4405,48,6666,California
Plumas,2021-04-09,50,10499,9,805,25,9025,16,669,19,2264,31,4436,34,6700,California
Plumas,2021-04-10,23,10522,2,807,5,9030,16,685,4,2265,19,4455,20,6720,California
Plumas,2021-04-11,4,10526,3,810,0,9030,1,686,3,2268,1,4456,4,6724,California
Plumas,2021-04-12,10,10536,4,814,4,9034,2,688,6,2272,4,4460,8,6732,California
Plumas,2021-04-13,207,10743,5,819,202,9236,0,688,138,2341,69,4529,138,6870,California
Plumas,2021-04-14,108,10851,7,826,101,9337,0,688,54,2341,54,4583,54,6924,California
Plumas,2021-04-15,48,10899,3,829,45,9382,0,688,33,2359,15,4598,33,6957,California
Plumas,2021-04-16,144,11043,4,833,140,9522,0,688,4,2223,140,4738,4,6961,California
Plumas,2021-04-17,665,11708,1,834,664,10186,0,688,20,1600,643,5381,20,6981,California
Plumas,2021-04-18,3,11711,2,836,1,10187,0,688,1,1599,2,5383,1,6982,California
Plumas,2021-04-19,38,11749,3,839,35,10222,0,688,5,1571,33,5416,5,6987,California
Plumas,2021-04-20,40,11789,4,843,36,10258,0,688,25,1581,15,5431,25,7012,California
Plumas,2021-04-21,238,12027,6,849,227,10485,5,693,18,1380,219,5650,18,7030,California
Plumas,2021-04-22,267,12294,7,856,260,10745,0,693,132,1377,135,5785,132,7162,California
Plumas,2021-04-23,69,12363,3,859,66,10811,0,693,14,1336,55,5840,14,7176,California
Plumas,2021-04-24,165,12528,3,862,162,10973,0,693,141,1454,23,5863,141,7317,California
Riverside,2020-12-15,4,4,4,4,0,0,0,0,4,4,0,0,4,4,California
Riverside,2020-12-16,64,68,64,68,0,0,0,0,64,68,0,0,64,68,California
Riverside,2020-12-17,805,873,805,873,0,0,0,0,805,873,0,0,805,873,California
Riverside,2020-12-18,1725,2598,1724,2597,1,1,0,0,1725,2598,0,0,1725,2598,California
Riverside,2020-12-19,1026,3624,1023,3620,3,4,0,0,1024,3621,1,1,1024,3622,California
Riverside,2020-12-20,1084,4708,1083,4703,1,5,0,0,1084,4705,0,1,1084,4706,California
Riverside,2020-12-21,2272,6980,2270,6973,2,7,0,0,2272,6977,0,1,2272,6978,California
Riverside,2020-12-22,2251,9231,2212,9185,39,46,0,0,2250,9227,0,1,2250,9228,California
Riverside,2020-12-23,2128,11359,1791,10976,337,383,0,0,2129,11356,0,1,2129,11357,California
Riverside,2020-12-24,826,12185,624,11600,202,585,0,0,826,12182,0,1,826,12183,California
Riverside,2020-12-25,28,12213,5,11605,23,608,0,0,28,12210,0,1,28,12211,California
Riverside,2020-12-26,400,12613,257,11862,143,751,0,0,400,12610,0,1,400,12611,California
Riverside,2020-12-27,361,12974,243,12105,118,869,0,0,361,12971,0,1,361,12972,California
Riverside,2020-12-28,1626,14600,1126,13231,500,1369,0,0,1626,14597,0,1,1626,14598,California
Riverside,2020-12-29,1736,16336,972,14203,764,2133,0,0,1736,16333,0,1,1736,16334,California
Riverside,2020-12-30,2571,18907,1680,15883,891,3024,0,0,2570,18903,0,1,2570,18904,California
Riverside,2020-12-31,1022,19929,394,16277,628,3652,0,0,1024,19927,0,1,1024,19928,California
Riverside,2021-01-01,107,20036,42,16319,65,3717,0,0,107,20034,0,1,107,20035,California
Riverside,2021-01-02,830,20866,691,17010,139,3856,0,0,830,20864,0,1,830,20865,California
Riverside,2021-01-03,345,21211,300,17310,45,3901,0,0,344,21208,0,1,344,21209,California
Riverside,2021-01-04,1257,22468,792,18102,465,4366,0,0,1257,22465,0,1,1257,22466,California
Riverside,2021-01-05,1978,24446,1362,19464,616,4982,0,0,1884,24261,88,89,1884,24350,California
Riverside,2021-01-06,2474,26920,1103,20567,1371,6353,0,0,2168,26127,302,391,2168,26518,California
Riverside,2021-01-07,2767,29687,1814,22381,953,7306,0,0,1704,26774,1059,1450,1706,28224,California
Riverside,2021-01-08,4045,33732,2936,25317,1109,8415,0,0,2233,27199,1808,3258,2233,30457,California
Riverside,2021-01-09,2068,35800,845,26162,1223,9638,0,0,1722,28576,345,3603,1722,32179,California
Riverside,2021-01-10,1663,37463,734,26896,929,10567,0,0,1060,29033,603,4206,1060,33239,California
Riverside,2021-01-11,4509,41972,3094,29990,1415,11982,0,0,2777,30081,1730,5936,2778,36017,California
Riverside,2021-01-12,3402,45374,2730,32720,672,12654,0,0,1715,30114,1682,7618,1715,37732,California
Riverside,2021-01-13,4382,49756,2868,35588,1514,14168,0,0,2779,31293,1600,9218,2779,40511,California
Riverside,2021-01-14,5463,55219,1866,37454,3597,17765,0,0,4877,35584,586,9804,4877,45388,California
Riverside,2021-01-15,6140,61359,2093,39547,4047,21812,0,0,5853,41151,286,10090,5853,51241,California
Riverside,2021-01-16,3611,64970,1018,40565,2593,24405,0,0,3366,44273,245,10335,3367,54608,California
Riverside,2021-01-17,3591,68561,582,41147,3009,27414,0,0,3395,47473,195,10530,3395,58003,California
Riverside,2021-01-18,3718,72279,2019,43166,1699,29113,0,0,2713,49181,1005,11535,2713,60716,California
Riverside,2021-01-19,7399,79678,2637,45803,4762,33875,0,0,6281,54345,1118,12653,6282,66998,California
Riverside,2021-01-20,7955,87633,2873,48676,5082,38957,0,0,6473,59349,1473,14126,6477,73475,California
Riverside,2021-01-21,8216,95849,3379,52055,4837,43794,0,0,7602,66336,615,14741,7602,81077,California
Riverside,2021-01-22,8702,104551,2963,55018,5739,49533,0,0,8274,74185,426,15167,8275,89352,California
Riverside,2021-01-23,5921,110472,2393,57411,3528,53061,0,0,5193,78651,728,15895,5194,94546,California
Riverside,2021-01-24,3032,113504,1430,58841,1602,54663,0,0,2819,81261,210,16105,2820,97366,California
Riverside,2021-01-25,7873,121377,4535,63376,3338,58001,0,0,6749,86888,1123,17228,6750,104116,California
Riverside,2021-01-26,9118,130495,5735,69111,3383,61384,0,0,7606,92985,1510,18738,7607,111723,California
Riverside,2021-01-27,10832,141327,6353,75464,4479,65863,0,0,9269,100697,1560,20298,9272,120995,California
Riverside,2021-01-28,11407,152734,6714,82178,4693,70556,0,0,10251,109801,1148,21446,10252,131247,California
Riverside,2021-01-29,11849,164583,7230,89408,4619,75175,0,0,10481,118947,1341,22787,10487,141734,California
Riverside,2021-01-30,9042,173625,4606,94014,4436,79611,0,0,8581,127071,458,23245,8582,150316,California
Riverside,2021-01-31,5146,178771,4242,98256,904,80515,0,0,5014,131958,131,23376,5018,155334,California
Riverside,2021-02-01,10840,189611,6698,104954,4142,84657,0,0,9063,139253,1771,25147,9066,164400,California
Riverside,2021-02-02,9503,199114,4850,109804,4653,89310,0,0,8020,145799,1476,26623,8022,172422,California
Riverside,2021-02-03,11994,211108,4975,114779,7019,96329,0,0,9766,153347,2218,28841,9766,182188,California
Riverside,2021-02-04,13546,224654,6045,120824,7501,103830,0,0,11458,162726,2081,30922,11460,193648,California
Riverside,2021-02-05,14313,238967,5396,126220,8917,112747,0,0,11277,170979,3028,33950,11281,204929,California
Riverside,2021-02-06,7253,246220,4283,130503,2970,115717,0,0,5614,174965,1631,35581,5617,210546,California
Riverside,2021-02-07,2162,248382,792,131295,1370,117087,0,0,1846,176497,315,35896,1847,212393,California
Riverside,2021-02-08,12438,260820,5526,136821,6912,123999,0,0,10157,184393,2264,38160,10160,222553,California
Riverside,2021-02-09,9637,270457,4522,141343,5115,129114,0,0,7723,190215,1906,40066,7728,230281,California
Riverside,2021-02-10,12050,282507,6975,148318,5075,134189,0,0,8900,195985,3138,43204,8908,239189,California
Riverside,2021-02-11,16550,299057,9035,157353,7515,141704,0,0,12172,203815,4356,47560,12186,251375,California
Riverside,2021-02-12,17663,316720,10813,168166,6850,148554,0,0,12826,211857,4794,52354,12836,264211,California
Riverside,2021-02-13,6319,323039,2124,170290,4195,152749,0,0,3091,211759,3210,55564,3112,267323,California
Riverside,2021-02-14,4925,327964,1122,171412,3803,156552,0,0,2175,211189,2746,58310,2176,269499,California
Riverside,2021-02-15,9806,337770,4995,176407,4811,161363,0,0,5400,212198,4398,62708,5407,274906,California
Riverside,2021-02-16,16100,353870,10107,186514,5993,167356,0,0,9250,214611,6844,69552,9257,284163,California
Riverside,2021-02-17,14996,368866,8192,194706,6804,174160,0,0,7438,214512,7546,77098,7447,291610,California
Riverside,2021-02-18,15467,384333,8939,203645,6528,180688,0,0,8053,215181,7397,84495,8066,299676,California
Riverside,2021-02-19,15235,399568,8212,211857,7023,187711,0,0,7209,214391,8007,92502,7217,306893,California
Riverside,2021-02-20,8056,407624,4252,216109,3804,191515,0,0,2089,210531,5952,98454,2092,308985,California
Riverside,2021-02-21,3407,411031,2893,219002,514,192029,0,0,1025,209187,2369,100823,1025,310010,California
Riverside,2021-02-22,12317,423348,7736,226738,4581,196610,0,0,5094,207080,7206,108029,5099,315109,California
Riverside,2021-02-23,11067,434415,7544,234282,3523,200133,0,0,5380,206804,5660,113689,5384,320493,California
Riverside,2021-02-24,14785,449200,8092,242374,6693,206826,0,0,6301,204677,8445,122134,6318,326811,California
Riverside,2021-02-25,17283,466483,7358,249732,9925,216751,0,0,8019,203478,9243,131377,8044,334855,California
Riverside,2021-02-26,18549,485032,6690,256422,11859,228610,0,0,9270,203557,9223,140600,9302,344157,California
Riverside,2021-02-27,11344,496376,4909,261331,6435,235045,0,0,5664,203599,5648,146248,5690,349847,California
Riverside,2021-02-28,4611,500987,2947,264278,1664,236709,0,0,2375,203755,2226,148474,2382,352229,California
Riverside,2021-03-01,14260,515247,6070,270348,8189,244898,1,1,8415,206381,5817,154291,8443,360672,California
Riverside,2021-03-02,15252,530499,7428,277776,7823,252721,1,2,8962,209104,6268,160559,8991,369663,California
Riverside,2021-03-03,16716,547215,8262,286038,8454,261175,0,2,7170,206900,9499,170058,7295,376958,California
Riverside,2021-03-04,18538,565753,7390,293428,11144,272319,4,6,8794,206147,9702,179760,8949,385907,California
Riverside,2021-03-05,18675,584428,7486,300914,11145,283464,44,50,9245,206331,9380,189140,9564,395471,California
Riverside,2021-03-06,9374,593802,4964,305878,3932,287396,478,528,4654,206787,4706,193846,5162,400633,California
Riverside,2021-03-07,4169,597971,2694,308572,1087,288483,388,916,1959,206937,2201,196047,2351,402984,California
Riverside,2021-03-08,11902,609873,4733,313305,6768,295251,401,1317,5302,206103,6584,202631,5750,408734,California
Riverside,2021-03-09,14630,624503,6755,320060,7380,302631,495,1812,5773,203668,8841,211472,6406,415140,California
Riverside,2021-03-10,15563,640066,8361,328421,6327,308958,875,2687,5994,201155,9535,221007,7022,422162,California
Riverside,2021-03-11,19148,659214,9415,337836,7898,316856,1835,4522,7546,199176,11570,232577,9591,431753,California
Riverside,2021-03-12,21074,680288,7906,345742,8483,325339,4685,9207,7080,197308,13964,246541,12096,443849,California
Riverside,2021-03-13,8336,688624,2501,348243,4667,330006,1168,10375,4282,198802,4035,250576,5529,449378,California
Riverside,2021-03-14,4597,693221,1577,349820,1731,331737,1289,11664,2039,199579,2548,253124,3325,452703,California
Riverside,2021-03-15,18596,711817,7831,357651,9096,340833,1669,13333,9137,201065,9421,262545,10907,463610,California
Riverside,2021-03-16,20843,732660,10103,367754,9927,350760,813,14146,11359,203884,9447,271992,12266,475876,California
Riverside,2021-03-17,21225,753885,10880,378634,9298,360058,1047,15193,12747,209293,8447,280439,13856,489732,California
Riverside,2021-03-18,22519,776404,11701,390335,9165,369223,1653,16846,12502,213482,9974,290413,14163,503895,California
Riverside,2021-03-19,23980,800384,12565,402900,10466,379689,949,17795,14028,218919,9902,300315,15339,519234,California
Riverside,2021-03-20,10571,810955,6831,409731,2578,382267,1162,18957,6808,223151,3739,304054,7971,527205,California
Riverside,2021-03-21,3669,814624,2865,412596,551,382818,253,19210,2520,224789,1136,305190,2774,529979,California
Riverside,2021-03-22,16598,831222,9901,422497,6145,388963,552,19762,10587,229953,5972,311162,11136,541115,California
Riverside,2021-03-23,18513,849735,10479,432976,7613,396576,421,20183,11941,235809,6523,317685,12379,553494,California
Riverside,2021-03-24,18627,868362,10381,443357,8127,404703,119,20302,12829,243008,5755,323440,12954,566448,California
Riverside,2021-03-25,21067,889429,11633,454990,9258,413961,176,20478,14208,250602,6795,330235,14389,580837,California
Riverside,2021-03-26,24025,913454,11857,466847,11996,425957,172,20650,15010,256860,8927,339162,15185,596022,California
Riverside,2021-03-27,9224,922678,4843,471690,3326,429283,1055,21705,4763,258234,4445,343607,5819,601841,California
Riverside,2021-03-28,4722,927400,3106,474796,1524,430807,92,21797,2841,259295,1873,345480,2934,604775,California
Riverside,2021-03-29,17524,944924,8422,483218,8985,439792,117,21914,10897,263724,6595,352075,11024,615799,California
Riverside,2021-03-30,18270,963194,9530,492748,8537,448329,203,22117,11776,269244,6462,358537,11982,627781,California
Riverside,2021-03-31,17952,981146,8366,501114,9285,457614,301,22418,11491,274621,6422,364959,11799,639580,California
Riverside,2021-04-01,25263,1006409,12366,513480,12156,469770,741,23159,16425,282997,8789,373748,17165,656745,California
Riverside,2021-04-02,25906,1032315,13986,527466,10993,480763,927,24086,16320,290935,9538,383286,17476,674221,California
Riverside,2021-04-03,9133,1041448,5799,533265,2774,483537,560,24646,5911,294198,3207,386493,6470,680691,California
Riverside,2021-04-04,3335,1044783,2039,535304,1078,484615,218,24864,1742,294569,1589,388082,1960,682651,California
Riverside,2021-04-05,18081,1062864,9357,544661,6907,491522,1817,26681,9827,297991,8225,396307,11647,694298,California
Riverside,2021-04-06,23540,1086404,12243,556904,9210,500732,2087,28768,13116,302813,10377,406684,15199,709497,California
Riverside,2021-04-07,24448,1110852,13170,570074,8826,509558,2452,31220,13651,308159,10758,417442,16104,725601,California
Riverside,2021-04-08,26875,1137727,14796,584870,9169,518727,2910,34130,16402,317046,10413,427855,19300,744901,California
Riverside,2021-04-09,25933,1163660,15304,600174,8245,526972,2384,36514,15860,325282,10030,437885,18266,763167,California
Riverside,2021-04-10,11819,1175479,6695,606869,3743,530715,1381,37895,5141,325165,6636,444521,6519,769686,California
Riverside,2021-04-11,4543,1180022,2722,609591,1234,531949,587,38482,2160,325540,2372,446893,2747,772433,California
Riverside,2021-04-12,19905,1199927,8887,618478,8445,540394,2573,41055,10012,328272,9855,456748,12587,785020,California
Riverside,2021-04-13,19731,1219658,11125,629603,8578,548972,28,41083,11281,331175,8408,465156,11311,796331,California
Riverside,2021-04-14,21859,1241517,12062,641665,9784,558756,13,41096,10713,330816,11089,476245,10730,807061,California
Riverside,2021-04-15,21343,1262860,12031,653696,9305,568061,7,41103,11151,331840,10136,486381,11160,818221,California
Riverside,2021-04-16,24694,1287554,14335,668031,10353,578414,6,41109,11495,330197,13152,499533,11509,829730,California
Riverside,2021-04-17,9801,1297355,6450,674481,3351,581765,0,41109,4961,330338,4826,504359,4967,834697,California
Riverside,2021-04-18,3835,1301190,2791,677272,1037,582802,7,41116,1828,330180,1995,506354,1837,836534,California
Riverside,2021-04-19,18839,1320029,11036,688308,7801,590603,2,41118,6608,324600,12194,518548,6614,843148,California
Riverside,2021-04-20,18125,1338154,9412,697720,8703,599306,10,41128,7367,321256,10724,529272,7380,850528,California
Riverside,2021-04-21,19099,1357253,10884,708604,8208,607514,7,41135,7526,317278,11517,540789,7539,858067,California
Riverside,2021-04-22,21787,1379040,12536,721140,9248,616762,3,41138,7987,311529,13743,554532,7994,866061,California
Riverside,2021-04-23,20079,1399119,12197,733337,7872,624634,10,41148,7582,306673,12456,566988,7600,873661,California
Riverside,2021-04-24,8313,1407432,5988,739325,2324,626958,1,41149,3678,305742,4613,571601,3682,877343,California
Riverside,2021-04-25,956,1408388,559,739884,397,627355,0,41149,528,305857,423,572024,538,877881,California
Sacramento,2020-12-15,314,314,314,314,0,0,0,0,314,314,0,0,314,314,California
Sacramento,2020-12-16,643,957,643,957,0,0,0,0,643,957,0,0,643,957,California
Sacramento,2020-12-17,645,1602,645,1602,0,0,0,0,645,1602,0,0,645,1602,California
Sacramento,2020-12-18,972,2574,972,2574,0,0,0,0,972,2574,0,0,972,2574,California
Sacramento,2020-12-19,612,3186,612,3186,0,0,0,0,612,3186,0,0,612,3186,California
Sacramento,2020-12-20,633,3819,633,3819,0,0,0,0,633,3819,0,0,633,3819,California
Sacramento,2020-12-21,1679,5498,1678,5497,1,1,0,0,1680,5499,0,0,1680,5499,California
Sacramento,2020-12-22,2092,7590,2062,7559,30,31,0,0,2092,7591,0,0,2092,7591,California
Sacramento,2020-12-23,2247,9837,2080,9639,167,198,0,0,2247,9838,0,0,2247,9838,California
Sacramento,2020-12-24,1044,10881,833,10472,211,409,0,0,1044,10882,0,0,1044,10882,California
Sacramento,2020-12-25,1,10882,0,10472,1,410,0,0,1,10883,0,0,1,10883,California
Sacramento,2020-12-26,508,11390,291,10763,217,627,0,0,508,11391,0,0,508,11391,California
Sacramento,2020-12-27,350,11740,247,11010,103,730,0,0,350,11741,0,0,350,11741,California
Sacramento,2020-12-28,1902,13642,1323,12333,579,1309,0,0,1901,13641,1,1,1901,13642,California
Sacramento,2020-12-29,1952,15594,1189,13522,763,2072,0,0,1952,15593,0,1,1952,15594,California
Sacramento,2020-12-30,2558,18152,1456,14978,1102,3174,0,0,2559,18152,0,1,2559,18153,California
Sacramento,2020-12-31,1229,19381,695,15673,534,3708,0,0,1229,19381,0,1,1229,19382,California
Sacramento,2021-01-01,77,19458,68,15741,9,3717,0,0,77,19458,0,1,77,19459,California
Sacramento,2021-01-02,563,20021,362,16103,201,3918,0,0,563,20021,0,1,563,20022,California
Sacramento,2021-01-03,409,20430,220,16323,189,4107,0,0,409,20430,0,1,409,20431,California
Sacramento,2021-01-04,1958,22388,845,17168,1113,5220,0,0,1956,22385,1,2,1956,22387,California
Sacramento,2021-01-05,2210,24598,986,18154,1224,6444,0,0,1856,23894,354,356,1863,24250,California
Sacramento,2021-01-06,2732,27330,1623,19777,1109,7553,0,0,1958,25081,771,1127,1958,26208,California
Sacramento,2021-01-07,2825,30155,1503,21280,1322,8875,0,0,1966,26191,856,1983,1966,28174,California
Sacramento,2021-01-08,3286,33441,2085,23365,1201,10076,0,0,2249,27408,1033,3016,2250,30424,California
Sacramento,2021-01-09,1287,34728,796,24161,491,10567,0,0,897,27917,388,3404,897,31321,California
Sacramento,2021-01-10,1246,35974,711,24872,535,11102,0,0,774,28221,471,3875,775,32096,California
Sacramento,2021-01-11,4342,40316,2952,27824,1390,12492,0,0,2412,28709,1929,5804,2417,34513,California
Sacramento,2021-01-12,4423,44739,3033,30857,1390,13882,0,0,2457,29205,1965,7769,2461,36974,California
Sacramento,2021-01-13,3780,48519,2167,33024,1613,15495,0,0,2370,30168,1409,9178,2372,39346,California
Sacramento,2021-01-14,4599,53118,2364,35388,2235,17730,0,0,3676,32925,919,10097,3676,43022,California
Sacramento,2021-01-15,4408,57526,2263,37651,2145,19875,0,0,3684,35888,723,10820,3686,46708,California
Sacramento,2021-01-16,2093,59619,1293,38944,800,20675,0,0,1876,37547,217,11037,1876,48584,California
Sacramento,2021-01-17,1637,61256,952,39896,685,21360,0,0,1459,38831,178,11215,1462,50046,California
Sacramento,2021-01-18,2857,64113,1764,41660,1093,22453,0,0,2332,40640,524,11739,2333,52379,California
Sacramento,2021-01-19,4627,68740,3053,44713,1574,24027,0,0,3362,42738,1265,13004,3363,55742,California
Sacramento,2021-01-20,4770,73510,2822,47535,1948,25975,0,0,3554,45079,1218,14222,3559,59301,California
Sacramento,2021-01-21,5184,78694,2987,50522,2197,28172,0,0,4222,48346,956,15178,4223,63524,California
Sacramento,2021-01-22,4970,83664,2647,53169,2323,30495,0,0,4668,52714,301,15479,4669,68193,California
Sacramento,2021-01-23,3727,87391,1559,54728,2168,32663,0,0,3270,55527,457,15936,3270,71463,California
Sacramento,2021-01-24,1583,88974,992,55720,591,33254,0,0,1343,56631,240,16176,1344,72807,California
Sacramento,2021-01-25,4356,93330,2109,57829,2247,35501,0,0,2940,58157,1416,17592,2942,75749,California
Sacramento,2021-01-26,4720,98050,2135,59964,2585,38086,0,0,3517,60475,1201,18793,3519,79268,California
Sacramento,2021-01-27,5800,103850,3050,63014,2750,40836,0,0,4194,63068,1603,20396,4196,83464,California
Sacramento,2021-01-28,5353,109203,2706,65720,2647,43483,0,0,4258,66233,1094,21490,4259,87723,California
Sacramento,2021-01-29,5384,114587,2932,68652,2452,45935,0,0,4369,69595,1007,22497,4369,92092,California
Sacramento,2021-01-30,4506,119093,2203,70855,2303,48238,0,0,4072,73235,432,22929,4072,96164,California
Sacramento,2021-01-31,2295,121388,2000,72855,295,48533,0,0,2020,74984,273,23202,2022,98186,California
Sacramento,2021-02-01,5906,127294,3010,75865,2896,51429,0,0,4248,77578,1654,24856,4248,102434,California
Sacramento,2021-02-02,6922,134216,3758,79623,3164,54593,0,0,4843,80362,2061,26917,4845,107279,California
Sacramento,2021-02-03,7086,141302,3549,83172,3537,58130,0,0,5226,83740,1850,28767,5228,112507,California
Sacramento,2021-02-04,7702,149004,3628,86800,4074,62204,0,0,5490,87028,2202,30969,5490,117997,California
Sacramento,2021-02-05,7715,156719,4366,91166,3349,65553,0,0,4808,88955,2884,33853,4811,122808,California
Sacramento,2021-02-06,8423,165142,3443,94609,4980,70533,0,0,7094,94725,1325,35178,7095,129903,California
Sacramento,2021-02-07,4053,169195,2170,96779,1883,72416,0,0,2834,96350,1211,36389,2836,132739,California
Sacramento,2021-02-08,6191,175386,3198,99977,2993,75409,0,0,3884,97931,2303,38692,3884,136623,California
Sacramento,2021-02-09,6802,182188,3592,103569,3210,78619,0,0,4010,99159,2783,41475,4011,140634,California
Sacramento,2021-02-10,7660,189848,4181,107750,3479,82098,0,0,4540,100594,3107,44582,4542,145176,California
Sacramento,2021-02-11,9511,199359,5716,113466,3795,85893,0,0,5523,102143,3976,48558,5525,150701,California
Sacramento,2021-02-12,10571,209930,4137,117603,6434,92327,0,0,6381,104377,4150,52708,6384,157085,California
Sacramento,2021-02-13,7598,217528,2989,120592,4609,96936,0,0,6019,108819,1577,54285,6019,163104,California
Sacramento,2021-02-14,3117,220645,1930,122522,1187,98123,0,0,2069,109846,1046,55331,2073,165177,California
Sacramento,2021-02-15,5945,226590,2033,124555,3912,102035,0,0,4151,112213,1786,57117,4153,169330,California
Sacramento,2021-02-16,8858,235448,4198,128753,4660,106695,0,0,5267,113901,3584,60701,5272,174602,California
Sacramento,2021-02-17,8806,244254,4967,133720,3839,110534,0,0,5125,115359,3669,64370,5127,179729,California
Sacramento,2021-02-18,9478,253732,5704,139424,3774,114308,0,0,5733,117358,3737,68107,5736,185465,California
Sacramento,2021-02-19,9986,263718,6130,145554,3856,118164,0,0,5906,119202,4067,72174,5911,191376,California
Sacramento,2021-02-20,7335,271053,5356,150910,1979,120143,0,0,4286,120447,3042,75216,4287,195663,California
Sacramento,2021-02-21,2898,273951,2306,153216,592,120735,0,0,1012,119581,1878,77094,1012,196675,California
Sacramento,2021-02-22,6163,280114,3731,156947,2432,123167,0,0,2670,118772,3483,80577,2674,199349,California
Sacramento,2021-02-23,7117,287231,4426,161373,2691,125858,0,0,3462,118597,3640,84217,3465,202814,California
Sacramento,2021-02-24,9593,296824,5282,166655,4311,130169,0,0,5255,119533,4324,88541,5260,208074,California
Sacramento,2021-02-25,9998,306822,5390,172045,4608,134777,0,0,5528,120605,4456,92997,5528,213602,California
Sacramento,2021-02-26,13862,320684,6449,178494,7413,142190,0,0,9539,125856,4292,97289,9543,223145,California
Sacramento,2021-02-27,10784,331468,6708,185202,4073,146263,3,3,7932,130959,2833,100122,7936,231081,California
Sacramento,2021-02-28,5570,337038,2204,187406,3366,149629,0,3,2563,130531,2992,103114,2564,233645,California
Sacramento,2021-03-01,7956,344994,3424,190830,4532,154161,0,3,4278,131153,3658,106772,4280,237925,California
Sacramento,2021-03-02,9203,354197,3997,194827,5205,159366,1,4,5639,133247,3549,110321,5643,243568,California
Sacramento,2021-03-03,10744,364941,4919,199746,5822,165188,3,7,6358,135242,4368,114689,6363,249931,California
Sacramento,2021-03-04,12306,377247,5103,204849,7199,172387,4,11,7074,137125,5202,119891,7085,257016,California
Sacramento,2021-03-05,10513,387760,4869,209718,5614,178001,30,41,6981,140625,3512,123403,7012,264028,California
Sacramento,2021-03-06,8055,395815,3091,212809,4842,182843,122,163,4075,140858,3963,127366,4196,268224,California
Sacramento,2021-03-07,7553,403368,2185,214994,5283,188126,85,248,3705,140802,3844,131210,3788,272012,California
Sacramento,2021-03-08,9065,412433,4223,219217,4618,192744,224,472,5931,143834,3121,134331,6153,278165,California
Sacramento,2021-03-09,9463,421896,4513,223730,4683,197427,267,739,5431,145515,4017,138348,5698,283863,California
Sacramento,2021-03-10,11604,433500,7462,231192,3815,201242,327,1066,6778,147830,4792,143140,7107,290970,California
Sacramento,2021-03-11,13824,447324,8870,240062,4166,205408,788,1854,8197,151227,5587,148727,8984,299954,California
Sacramento,2021-03-12,17213,464537,8295,248357,8087,213495,831,2685,8117,151140,9044,157771,8957,308911,California
Sacramento,2021-03-13,12911,477448,3564,251921,8926,222421,421,3106,8136,154934,4762,162533,8556,317467,California
Sacramento,2021-03-14,8354,485802,3450,255371,4277,226698,627,3733,4470,156169,3861,166394,5096,322563,California
Sacramento,2021-03-15,12117,497919,4805,260176,6671,233369,641,4374,7057,158829,5039,171433,7699,330262,California
Sacramento,2021-03-16,13919,511838,6185,266361,7097,240466,637,5011,8605,162788,5280,176713,9239,339501,California
Sacramento,2021-03-17,13513,525351,6547,272908,6355,246821,611,5622,8701,167321,4783,181496,9316,348817,California
Sacramento,2021-03-18,13970,539321,6576,279484,6833,253654,561,6183,9259,172458,4681,186177,9818,358635,California
Sacramento,2021-03-19,15010,554331,7447,286931,6197,259851,1366,7549,7595,174026,7392,193569,8960,367595,California
Sacramento,2021-03-20,12876,567207,7534,294465,5003,264854,339,7888,8168,177855,4680,198249,8509,376104,California
Sacramento,2021-03-21,5598,572805,2748,297213,2811,267665,39,7927,4952,182214,634,198883,4993,381097,California
Sacramento,2021-03-22,9223,582028,4759,301972,3697,271362,767,8694,6236,186258,2961,201844,7005,388102,California
Sacramento,2021-03-23,11266,593294,6711,308683,3748,275110,807,9501,7288,190412,3941,205785,8095,396197,California
Sacramento,2021-03-24,11792,605086,7238,315921,3923,279033,631,10132,6809,192913,4941,210726,7442,403639,California
Sacramento,2021-03-25,12483,617569,6812,322733,4864,283897,807,10939,7249,195770,5197,215923,8054,411693,California
Sacramento,2021-03-26,17526,635095,8285,331018,8753,292650,488,11427,8591,195975,8876,224799,9081,420774,California
Sacramento,2021-03-27,9618,644713,3545,334563,5789,298439,284,11711,5187,197043,4401,229200,5469,426243,California
Sacramento,2021-03-28,6472,651185,3212,337775,3012,301451,248,11959,3108,197049,3355,232555,3361,429604,California
Sacramento,2021-03-29,10792,661977,5874,343649,4659,306110,259,12218,5157,196859,5609,238164,5419,435023,California
Sacramento,2021-03-30,11648,673625,6042,349691,5255,311365,351,12569,5964,197511,5662,243826,6314,441337,California
Sacramento,2021-03-31,13225,686850,7799,357490,5030,316395,396,12965,5669,196041,7531,251357,6061,447398,California
Sacramento,2021-04-01,15404,702254,8673,366163,6511,322906,220,13185,5784,192462,9590,260947,6011,453409,California
Sacramento,2021-04-02,15943,718197,8662,374825,6558,329464,723,13908,7931,193133,7986,268933,8657,462066,California
Sacramento,2021-04-03,10340,728537,6163,380988,3630,333094,547,14455,6355,196077,3956,272889,6900,468966,California
Sacramento,2021-04-04,3635,732172,1508,382496,1938,335032,189,14644,1423,195478,2208,275097,1609,470575,California
Sacramento,2021-04-05,11962,744134,7509,390005,3624,338656,829,15473,5344,195062,6585,281682,6169,476744,California
Sacramento,2021-04-06,15451,759585,8797,398802,5332,343988,1322,16795,6844,194651,8576,290258,8165,484909,California
Sacramento,2021-04-07,14640,774225,7927,406729,5140,349128,1573,18368,7115,195838,7493,297751,8680,493589,California
Sacramento,2021-04-08,14846,789071,6684,413413,5216,354344,2946,21314,5923,195804,8891,306642,8857,502446,California
Sacramento,2021-04-09,15664,804735,7640,421053,5867,360211,2157,23471,6092,194512,9535,316177,8243,510689,California
Sacramento,2021-04-10,11514,816249,3104,424157,7371,367582,1039,24510,4584,193221,6907,323084,5616,516305,California
Sacramento,2021-04-11,9448,825697,3090,427247,6138,373720,220,24730,2593,189200,6833,329917,2812,519117,California
Sacramento,2021-04-12,12838,838535,4969,432216,6022,379742,1847,26577,4921,188086,7870,337787,6756,525873,California
Sacramento,2021-04-13,14202,852737,7902,440118,6296,386038,4,26581,5587,185093,8588,346375,5595,531468,California
Sacramento,2021-04-14,14043,866780,7118,447236,6923,392961,2,26583,5102,181290,8911,355286,5108,536576,California
Sacramento,2021-04-15,15092,881872,7421,454657,7669,400630,2,26585,6303,178839,8759,364045,6308,542884,California
Sacramento,2021-04-16,15919,897791,8225,462882,7694,408324,0,26585,7078,177120,8802,372847,7083,549967,California
Sacramento,2021-04-17,11885,909676,4383,467265,7502,415826,0,26585,7879,181010,3992,376839,7882,557849,California
Sacramento,2021-04-18,7203,916879,1909,469174,5294,421120,0,26585,3428,180677,3762,380601,3429,561278,California
Sacramento,2021-04-19,10452,927331,5639,474813,4811,425931,2,26587,4680,179607,5754,386355,4684,565962,California
Sacramento,2021-04-20,10984,938315,6642,481455,4339,430270,3,26590,5880,180406,5088,391443,5887,571849,California
Sacramento,2021-04-21,11320,949635,6540,487995,4777,435047,3,26593,6141,181394,5157,396600,6145,577994,California
Sacramento,2021-04-22,12015,961650,7203,495198,4809,439856,3,26596,6461,182330,5531,402131,6467,584461,California
Sacramento,2021-04-23,11990,973640,7127,502325,4863,444719,0,26596,5590,181549,6371,408502,5590,590051,California
Sacramento,2021-04-24,6844,980484,3841,506166,3002,447721,1,26597,3965,182660,2857,411359,3968,594019,California
Sacramento,2021-04-25,2651,983135,982,507148,1669,449390,0,26597,941,181894,1707,413066,941,594960,California
San Benito,2020-12-16,2,2,2,2,0,0,0,0,2,2,0,0,2,2,California
San Benito,2020-12-17,8,10,8,10,0,0,0,0,8,10,0,0,8,10,California
San Benito,2020-12-18,32,42,32,42,0,0,0,0,32,42,0,0,32,42,California
San Benito,2020-12-19,47,89,47,89,0,0,0,0,47,89,0,0,47,89,California
San Benito,2020-12-20,22,111,21,110,1,1,0,0,22,111,0,0,22,111,California
San Benito,2020-12-21,48,159,48,158,0,1,0,0,48,159,0,0,48,159,California
San Benito,2020-12-22,65,224,65,223,0,1,0,0,65,224,0,0,65,224,California
San Benito,2020-12-23,48,272,36,259,12,13,0,0,48,272,0,0,48,272,California
San Benito,2020-12-24,12,284,4,263,8,21,0,0,12,284,0,0,12,284,California
San Benito,2020-12-25,4,288,4,267,0,21,0,0,4,288,0,0,4,288,California
San Benito,2020-12-26,13,301,4,271,9,30,0,0,13,301,0,0,13,301,California
San Benito,2020-12-27,8,309,7,278,1,31,0,0,8,309,0,0,8,309,California
San Benito,2020-12-28,63,372,36,314,27,58,0,0,63,372,0,0,63,372,California
San Benito,2020-12-29,49,421,20,334,29,87,0,0,49,421,0,0,49,421,California
San Benito,2020-12-30,59,480,37,371,22,109,0,0,59,480,0,0,59,480,California
San Benito,2020-12-31,19,499,2,373,17,126,0,0,19,499,0,0,19,499,California
San Benito,2021-01-02,24,523,23,396,1,127,0,0,24,523,0,0,24,523,California
San Benito,2021-01-03,3,526,1,397,2,129,0,0,3,526,0,0,3,526,California
San Benito,2021-01-04,62,588,23,420,39,168,0,0,62,588,0,0,62,588,California
San Benito,2021-01-05,118,706,36,456,82,250,0,0,115,700,3,3,115,703,California
San Benito,2021-01-06,97,803,42,498,55,305,0,0,83,769,14,17,83,786,California
San Benito,2021-01-07,80,883,43,541,37,342,0,0,52,793,28,45,52,838,California
San Benito,2021-01-08,129,1012,66,607,63,405,0,0,86,836,43,88,86,924,California
San Benito,2021-01-09,44,1056,31,638,13,418,0,0,30,852,14,102,30,954,California
San Benito,2021-01-10,15,1071,13,651,2,420,0,0,5,847,10,112,5,959,California
San Benito,2021-01-11,102,1173,59,710,43,463,0,0,49,843,53,165,49,1008,California
San Benito,2021-01-12,156,1329,53,763,103,566,0,0,120,927,36,201,120,1128,California
San Benito,2021-01-13,190,1519,35,798,155,721,0,0,163,1063,27,228,163,1291,California
San Benito,2021-01-14,116,1635,23,821,93,814,0,0,99,1145,17,245,99,1390,California
San Benito,2021-01-15,215,1850,21,842,194,1008,0,0,201,1332,14,259,201,1591,California
San Benito,2021-01-16,27,1877,9,851,18,1026,0,0,21,1347,6,265,21,1612,California
San Benito,2021-01-17,11,1888,5,856,6,1032,0,0,8,1352,3,268,8,1620,California
San Benito,2021-01-18,36,1924,23,879,13,1045,0,0,21,1358,15,283,21,1641,California
San Benito,2021-01-19,149,2073,63,942,86,1131,0,0,123,1455,26,309,123,1764,California
San Benito,2021-01-20,261,2334,80,1022,181,1312,0,0,215,1625,45,354,215,1979,California
San Benito,2021-01-21,124,2458,31,1053,93,1405,0,0,100,1701,24,378,100,2079,California
San Benito,2021-01-22,230,2688,19,1072,211,1616,0,0,220,1911,10,388,220,2299,California
San Benito,2021-01-23,30,2718,16,1088,14,1630,0,0,13,1907,17,405,13,2312,California
San Benito,2021-01-24,11,2729,3,1091,8,1638,0,0,7,1910,4,409,7,2319,California
San Benito,2021-01-25,67,2796,25,1116,42,1680,0,0,22,1887,45,454,22,2341,California
San Benito,2021-01-26,134,2930,41,1157,93,1773,0,0,81,1915,53,507,81,2422,California
San Benito,2021-01-27,230,3160,69,1226,161,1934,0,0,190,2065,40,547,190,2612,California
San Benito,2021-01-28,155,3315,32,1258,123,2057,0,0,123,2157,31,578,123,2735,California
San Benito,2021-01-29,284,3599,31,1289,253,2310,0,0,261,2396,22,600,261,2996,California
San Benito,2021-01-30,50,3649,31,1320,19,2329,0,0,28,2402,22,622,28,3024,California
San Benito,2021-01-31,16,3665,5,1325,11,2340,0,0,11,2408,5,627,11,3035,California
San Benito,2021-02-01,133,3798,28,1353,105,2445,0,0,89,2453,44,671,89,3124,California
San Benito,2021-02-02,225,4023,49,1402,176,2621,0,0,135,2498,90,761,135,3259,California
San Benito,2021-02-03,336,4359,42,1444,294,2915,0,0,272,2706,64,825,272,3531,California
San Benito,2021-02-04,161,4520,24,1468,137,3052,0,0,117,2779,44,869,117,3648,California
San Benito,2021-02-05,289,4809,40,1508,249,3301,0,0,227,2944,62,931,227,3875,California
San Benito,2021-02-06,49,4858,9,1517,40,3341,0,0,32,2959,17,948,32,3907,California
San Benito,2021-02-07,15,4873,7,1524,8,3349,0,0,14,2972,1,949,14,3921,California
San Benito,2021-02-08,137,5010,15,1539,122,3471,0,0,91,3017,46,995,91,4012,California
San Benito,2021-02-09,326,5336,64,1603,262,3733,0,0,195,3081,131,1126,195,4207,California
San Benito,2021-02-10,318,5654,88,1691,230,3963,0,0,124,3011,194,1320,124,4331,California
San Benito,2021-02-11,296,5950,32,1723,264,4227,0,0,198,3111,98,1418,198,4529,California
San Benito,2021-02-12,412,6362,30,1753,382,4609,0,0,207,3114,204,1622,207,4736,California
San Benito,2021-02-13,57,6419,8,1761,49,4658,0,0,43,3143,14,1636,43,4779,California
San Benito,2021-02-14,40,6459,5,1766,35,4693,0,0,30,3163,10,1646,30,4809,California
San Benito,2021-02-15,106,6565,9,1775,97,4790,0,0,95,3247,11,1657,95,4904,California
San Benito,2021-02-16,204,6769,11,1786,193,4983,0,0,101,3245,103,1760,101,5005,California
San Benito,2021-02-17,327,7096,30,1816,297,5280,0,0,278,3474,49,1809,278,5283,California
San Benito,2021-02-18,291,7387,38,1854,253,5533,0,0,70,3323,221,2030,70,5353,California
San Benito,2021-02-19,323,7710,45,1899,278,5811,0,0,158,3316,165,2195,158,5511,California
San Benito,2021-02-20,45,7755,26,1925,19,5830,0,0,36,3343,9,2204,36,5547,California
San Benito,2021-02-21,23,7778,8,1933,15,5845,0,0,14,3348,9,2213,14,5561,California
San Benito,2021-02-22,132,7910,36,1969,96,5941,0,0,98,3413,33,2246,98,5659,California
San Benito,2021-02-23,374,8284,92,2061,282,6223,0,0,262,3563,112,2358,262,5921,California
San Benito,2021-02-24,375,8659,63,2124,312,6535,0,0,236,3660,139,2497,236,6157,California
San Benito,2021-02-25,390,9049,63,2187,327,6862,0,0,270,3808,122,2619,270,6427,California
San Benito,2021-02-26,641,9690,73,2260,568,7430,0,0,398,3963,243,2862,398,6825,California
San Benito,2021-02-27,98,9788,36,2296,62,7492,0,0,83,4031,15,2877,83,6908,California
San Benito,2021-02-28,248,10036,24,2320,224,7716,0,0,239,4261,9,2886,239,7147,California
San Benito,2021-03-01,224,10260,59,2379,165,7881,0,0,155,4346,70,2956,155,7302,California
San Benito,2021-03-02,274,10534,90,2469,184,8065,0,0,205,4482,69,3025,205,7507,California
San Benito,2021-03-03,387,10921,55,2524,332,8397,0,0,213,4523,172,3197,213,7720,California
San Benito,2021-03-04,608,11529,123,2647,470,8867,15,15,429,4777,179,3376,433,8153,California
San Benito,2021-03-05,582,12111,305,2952,264,9131,13,28,373,4955,208,3584,386,8539,California
San Benito,2021-03-06,189,12300,66,3018,109,9240,14,42,138,5056,51,3635,152,8691,California
San Benito,2021-03-07,647,12947,603,3621,22,9262,22,64,615,5661,32,3667,637,9328,California
San Benito,2021-03-08,288,13235,65,3686,177,9439,46,110,167,5753,121,3788,213,9541,California
San Benito,2021-03-09,422,13657,84,3770,239,9678,99,209,136,5676,285,4073,208,9749,California
San Benito,2021-03-10,400,14057,114,3884,193,9871,93,302,232,5833,168,4241,325,10074,California
San Benito,2021-03-11,467,14524,119,4003,196,10067,152,454,207,5932,260,4501,359,10433,California
San Benito,2021-03-12,511,15035,117,4120,300,10367,94,548,229,5976,280,4781,324,10757,California
San Benito,2021-03-13,201,15236,102,4222,81,10448,18,566,128,6051,71,4852,146,10903,California
San Benito,2021-03-14,232,15468,40,4262,172,10620,20,586,180,6200,51,4903,200,11103,California
San Benito,2021-03-15,323,15791,99,4361,205,10825,19,605,189,6274,134,5037,208,11311,California
San Benito,2021-03-16,494,16285,217,4578,246,11071,31,636,347,6504,147,5184,377,11688,California
San Benito,2021-03-17,785,17070,475,5053,288,11359,22,658,558,6853,223,5407,572,12260,California
San Benito,2021-03-18,786,17856,523,5576,207,11566,56,714,571,7258,213,5620,618,12878,California
San Benito,2021-03-19,778,18634,404,5980,351,11917,23,737,595,7693,183,5803,618,13496,California
San Benito,2021-03-20,235,18869,146,6126,77,11994,12,749,179,7828,56,5859,191,13687,California
San Benito,2021-03-21,108,18977,56,6182,47,12041,5,754,81,7887,27,5886,86,13773,California
San Benito,2021-03-22,343,19320,170,6352,148,12189,25,779,221,8011,122,6008,246,14019,California
San Benito,2021-03-23,475,19795,197,6549,268,12457,10,789,215,7975,260,6268,224,14243,California
San Benito,2021-03-24,573,20368,304,6853,262,12719,7,796,360,8130,212,6480,367,14610,California
San Benito,2021-03-25,741,21109,440,7293,297,13016,4,800,445,8285,294,6774,449,15059,California
San Benito,2021-03-26,995,22104,517,7810,475,13491,3,803,328,7950,666,7440,331,15390,California
San Benito,2021-03-27,330,22434,182,7992,115,13606,33,836,213,8080,116,7556,246,15636,California
San Benito,2021-03-28,691,23125,570,8562,116,13722,5,841,126,7646,565,8121,131,15767,California
San Benito,2021-03-29,349,23474,113,8675,216,13938,20,861,154,7624,195,8316,173,15940,California
San Benito,2021-03-30,570,24044,267,8942,209,14147,94,955,287,7722,283,8599,381,16321,California
San Benito,2021-03-31,577,24621,354,9296,199,14346,24,979,330,7831,245,8844,354,16675,California
San Benito,2021-04-01,930,25551,374,9670,518,14864,38,1017,554,8042,375,9219,586,17261,California
San Benito,2021-04-02,536,26087,261,9931,140,15004,135,1152,264,8169,272,9491,399,17660,California
San Benito,2021-04-03,250,26337,86,10017,104,15108,60,1212,75,8129,175,9666,135,17795,California
San Benito,2021-04-04,143,26480,108,10125,30,15138,5,1217,106,8203,37,9703,111,17906,California
San Benito,2021-04-05,351,26831,171,10296,138,15276,42,1259,143,8179,208,9911,184,18090,California
San Benito,2021-04-06,454,27285,158,10454,121,15397,175,1434,159,8218,295,10206,334,18424,California
San Benito,2021-04-07,922,28207,520,10974,212,15609,190,1624,253,7993,668,10874,443,18867,California
San Benito,2021-04-08,846,29053,423,11397,171,15780,252,1876,214,7828,631,11505,466,19333,California
San Benito,2021-04-09,856,29909,515,11912,250,16030,91,1967,307,7677,549,12054,398,19731,California
San Benito,2021-04-10,343,30252,214,12126,71,16101,58,2025,197,7786,146,12200,255,19986,California
San Benito,2021-04-11,503,30755,303,12429,167,16268,33,2058,277,7869,226,12426,309,20295,California
San Benito,2021-04-12,553,31308,313,12742,129,16397,111,2169,303,8031,249,12675,411,20706,California
San Benito,2021-04-13,781,32089,323,13065,435,16832,23,2192,553,8381,227,12902,577,21283,California
San Benito,2021-04-14,860,32949,683,13748,177,17009,0,2192,426,8378,429,13331,426,21709,California
San Benito,2021-04-15,919,33868,717,14465,201,17210,1,2193,452,8365,466,13797,453,22162,California
San Benito,2021-04-16,693,34561,362,14827,322,17532,9,2202,290,8264,400,14197,299,22461,California
San Benito,2021-04-17,306,34867,225,15052,81,17613,0,2202,123,8204,183,14380,123,22584,California
San Benito,2021-04-18,492,35359,411,15463,81,17694,0,2202,241,8195,251,14631,242,22826,California
San Benito,2021-04-19,716,36075,575,16038,141,17835,0,2202,408,8297,307,14938,409,23235,California
San Benito,2021-04-20,730,36805,384,16422,345,18180,1,2203,466,8504,259,15197,466,23701,California
San Benito,2021-04-21,930,37735,687,17109,243,18423,0,2203,505,8598,411,15608,505,24206,California
San Benito,2021-04-22,803,38538,646,17755,157,18580,0,2203,496,8795,299,15907,496,24702,California
San Benito,2021-04-23,442,38980,284,18039,158,18738,0,2203,232,8866,161,16068,232,24934,California
San Benito,2021-04-24,148,39128,69,18108,79,18817,0,2203,62,8850,78,16146,62,24996,California
San Benito,2021-04-25,29,39157,18,18126,11,18828,0,2203,6,8833,23,16169,6,25002,California
San Bernardino,2020-12-15,13,13,13,13,0,0,0,0,13,13,0,0,13,13,California
San Bernardino,2020-12-16,107,120,107,120,0,0,0,0,107,120,0,0,107,120,California
San Bernardino,2020-12-17,2349,2469,2349,2469,0,0,0,0,2349,2469,0,0,2349,2469,California
San Bernardino,2020-12-18,3142,5611,3139,5608,3,3,0,0,3143,5612,0,0,3143,5612,California
San Bernardino,2020-12-19,1068,6679,1067,6675,1,4,0,0,1069,6681,0,0,1069,6681,California
San Bernardino,2020-12-20,1174,7853,1172,7847,2,6,0,0,1174,7855,0,0,1174,7855,California
San Bernardino,2020-12-21,2452,10305,2447,10294,5,11,0,0,2452,10307,0,0,2452,10307,California
San Bernardino,2020-12-22,2266,12571,2140,12434,126,137,0,0,2267,12574,0,0,2267,12574,California
San Bernardino,2020-12-23,2646,15217,1454,13888,1192,1329,0,0,2645,15219,0,0,2645,15219,California
San Bernardino,2020-12-24,1160,16377,585,14473,575,1904,0,0,1162,16381,0,0,1162,16381,California
San Bernardino,2020-12-25,74,16451,14,14487,60,1964,0,0,74,16455,0,0,74,16455,California
San Bernardino,2020-12-26,462,16913,254,14741,208,2172,0,0,462,16917,0,0,462,16917,California
San Bernardino,2020-12-27,343,17256,160,14901,183,2355,0,0,343,17260,0,0,343,17260,California
San Bernardino,2020-12-28,1564,18820,711,15612,853,3208,0,0,1565,18825,0,0,1565,18825,California
San Bernardino,2020-12-29,2209,21029,1041,16653,1168,4376,0,0,2209,21034,0,0,2209,21034,California
San Bernardino,2020-12-30,2891,23920,1459,18112,1432,5808,0,0,2892,23926,0,0,2892,23926,California
San Bernardino,2020-12-31,1358,25278,440,18552,918,6726,0,0,1356,25282,0,0,1356,25282,California
San Bernardino,2021-01-01,281,25559,150,18702,131,6857,0,0,280,25562,0,0,280,25562,California
San Bernardino,2021-01-02,474,26033,338,19040,136,6993,0,0,474,26036,0,0,474,26036,California
San Bernardino,2021-01-03,134,26167,85,19125,49,7042,0,0,134,26170,0,0,134,26170,California
San Bernardino,2021-01-04,2119,28286,1286,20411,833,7875,0,0,2118,28288,0,0,2118,28288,California
San Bernardino,2021-01-05,2329,30615,1458,21869,871,8746,0,0,2219,30398,109,109,2219,30507,California
San Bernardino,2021-01-06,3429,34044,2353,24222,1076,9822,0,0,2936,32848,487,596,2937,33444,California
San Bernardino,2021-01-07,5408,39452,4499,28721,909,10731,0,0,2478,32415,2911,3507,2478,35922,California
San Bernardino,2021-01-08,5360,44812,4441,33162,919,11650,0,0,2286,31632,3070,6577,2287,38209,California
San Bernardino,2021-01-09,1400,46212,1101,34263,299,11949,0,0,904,32040,496,7073,904,39113,California
San Bernardino,2021-01-10,1019,47231,597,34860,422,12371,0,0,572,32165,447,7520,572,39685,California
San Bernardino,2021-01-11,4979,52210,4075,38935,904,13275,0,0,2766,32721,2210,9730,2766,42451,California
San Bernardino,2021-01-12,4227,56437,3218,42153,1009,14284,0,0,2514,33523,1712,11442,2514,44965,California
San Bernardino,2021-01-13,4552,60989,2849,45002,1703,15987,0,0,3328,35641,1211,12653,3329,48294,California
San Bernardino,2021-01-14,4743,65732,2774,47776,1969,17956,0,0,4160,39222,579,13232,4160,52454,California
San Bernardino,2021-01-15,5976,71708,2973,50749,3003,20959,0,0,5581,44421,385,13617,5584,58038,California
San Bernardino,2021-01-16,2257,73965,1292,52041,965,21924,0,0,2116,46396,141,13758,2116,60154,California
San Bernardino,2021-01-17,1189,75154,515,52556,674,22598,0,0,1099,47408,89,13847,1101,61255,California
San Bernardino,2021-01-18,4267,79421,2638,55194,1629,24227,0,0,3648,50441,618,14465,3651,64906,California
San Bernardino,2021-01-19,6298,85719,3705,58899,2593,26820,0,0,5208,54563,1088,15553,5210,70116,California
San Bernardino,2021-01-20,6800,92519,3732,62631,3068,29888,0,0,4872,57517,1920,17473,4874,74990,California
San Bernardino,2021-01-21,5979,98498,3072,65703,2907,32795,0,0,4864,61277,1106,18579,4866,79856,California
San Bernardino,2021-01-22,6500,104998,3035,68738,3465,36260,0,0,5779,66338,719,19298,5780,85636,California
San Bernardino,2021-01-23,3103,108101,1889,70627,1214,37474,0,0,2716,68668,386,19684,2716,88352,California
San Bernardino,2021-01-24,1194,109295,461,71088,733,38207,0,0,1094,69662,100,19784,1094,89446,California
San Bernardino,2021-01-25,6862,116157,3396,74484,3466,41673,0,0,5017,72839,1843,21627,5020,94466,California
San Bernardino,2021-01-26,7105,123262,3568,78052,3537,45210,0,0,5011,75756,2094,23721,5011,99477,California
San Bernardino,2021-01-27,8396,131658,4149,82201,4247,49457,0,0,5692,78752,2696,26417,5692,105169,California
San Bernardino,2021-01-28,8569,140227,4066,86267,4503,53960,0,0,6250,82688,2314,28731,6250,111419,California
San Bernardino,2021-01-29,8174,148401,3765,90032,4409,58369,0,0,6209,86959,1952,30683,6223,117642,California
San Bernardino,2021-01-30,3086,151487,1897,91929,1189,59558,0,0,2801,89476,284,30967,2801,120443,California
San Bernardino,2021-01-31,922,152409,492,92421,430,59988,0,0,869,90293,52,31019,869,121312,California
San Bernardino,2021-02-01,7534,159943,4229,96650,3305,63293,0,0,4916,92594,2615,33634,4916,126228,California
San Bernardino,2021-02-02,10396,170339,3654,100304,6742,70035,0,0,8347,98897,2045,35679,8348,134576,California
San Bernardino,2021-02-03,8973,179312,4145,104449,4828,74863,0,0,6485,102903,2480,38159,6486,141062,California
San Bernardino,2021-02-04,10508,189820,5195,109644,5313,80176,0,0,7441,107288,3056,41215,7441,148503,California
San Bernardino,2021-02-05,10974,200794,5909,115553,5065,85241,0,0,7455,111236,3508,44723,7456,155959,California
San Bernardino,2021-02-06,5251,206045,2206,117759,3045,88286,0,0,3616,113245,1610,46333,3619,159578,California
San Bernardino,2021-02-07,844,206889,491,118250,353,88639,0,0,467,113339,374,46707,468,160046,California
San Bernardino,2021-02-08,7273,214162,3878,122128,3395,92034,0,0,5607,117284,1662,48369,5607,165653,California
San Bernardino,2021-02-09,9909,224071,5822,127950,4087,96121,0,0,6683,120746,3224,51593,6686,172339,California
San Bernardino,2021-02-10,12006,236077,6532,134482,5474,101595,0,0,7844,124440,4151,55744,7845,180184,California
San Bernardino,2021-02-11,12322,248399,7105,141587,5217,106812,0,0,7883,127909,4417,60161,7886,188070,California
San Bernardino,2021-02-12,10345,258744,5928,147515,4417,111229,0,0,5690,128958,4641,64802,5690,193760,California
San Bernardino,2021-02-13,6012,264756,3996,151511,2016,113245,0,0,3775,130517,2221,67023,3780,197540,California
San Bernardino,2021-02-14,1549,266305,649,152160,900,114145,0,0,872,130720,669,67692,872,198412,California
San Bernardino,2021-02-15,5455,271760,2996,155156,2459,116604,0,0,3053,131385,2388,70080,3053,201465,California
San Bernardino,2021-02-16,12591,284351,7373,162529,5218,121822,0,0,7967,134742,4611,74691,7968,209433,California
San Bernardino,2021-02-17,11783,296134,6454,168983,5329,127151,0,0,7140,137257,4627,79318,7142,216575,California
San Bernardino,2021-02-18,12449,308583,7584,176567,4865,132016,0,0,7709,140242,4725,84043,7710,224285,California
San Bernardino,2021-02-19,11465,320048,5904,182471,5561,137577,0,0,6782,142360,4664,88707,6782,231067,California
San Bernardino,2021-02-20,4494,324542,3450,185921,1044,138621,0,0,2040,141949,2452,91159,2041,233108,California
San Bernardino,2021-02-21,1021,325563,564,186485,457,139078,0,0,323,141575,697,91856,323,233431,California
San Bernardino,2021-02-22,8615,334178,5320,191805,3295,142373,0,0,4028,141028,4576,96432,4029,237460,California
San Bernardino,2021-02-23,9066,343244,5402,197207,3664,146037,0,0,4555,141104,4479,100911,4555,242015,California
San Bernardino,2021-02-24,12331,355575,7135,204342,5196,151233,0,0,6074,140946,6233,107144,6075,248090,California
San Bernardino,2021-02-25,12984,368559,6263,210605,6721,157954,0,0,7553,143089,5413,112557,7556,255646,California
San Bernardino,2021-02-26,13546,382105,6373,216978,7173,165127,0,0,7542,144690,5943,118500,7544,263190,California
San Bernardino,2021-02-27,6605,388710,3672,220650,2932,168059,1,1,4785,147665,1811,120311,4786,267976,California
San Bernardino,2021-02-28,1734,390444,710,221360,1024,169083,0,1,1121,148178,608,120919,1121,269097,California
San Bernardino,2021-03-01,8374,398818,4315,225675,4057,173140,2,3,3816,147466,4537,125456,3825,272922,California
San Bernardino,2021-03-02,13633,412451,5354,231029,8279,181419,0,3,6425,146713,7181,132637,6428,279350,California
San Bernardino,2021-03-03,12524,424975,6359,237388,6163,187582,2,5,5750,145714,6756,139393,5757,285107,California
San Bernardino,2021-03-04,13538,438513,6856,244244,6682,194264,0,5,5876,143952,7642,147035,5880,290987,California
San Bernardino,2021-03-05,14120,452633,7301,251545,6818,201082,1,6,6832,143544,7259,154294,6851,297838,California
San Bernardino,2021-03-06,9556,462189,5307,256852,4034,205116,215,221,4443,143102,5099,159393,4657,302495,California
San Bernardino,2021-03-07,1568,463757,926,257778,587,205703,55,276,998,143587,568,159961,1053,303548,California
San Bernardino,2021-03-08,7960,471717,3489,261267,4311,210014,160,436,3503,142802,4451,164412,3666,307214,California
San Bernardino,2021-03-09,12580,484297,7018,268285,5317,215331,245,681,4847,140175,7720,172132,5093,312307,California
San Bernardino,2021-03-10,13971,498268,7673,275958,5776,221107,522,1203,6186,139130,7758,179890,6713,319020,California
San Bernardino,2021-03-11,15150,513418,7111,283069,6532,227639,1507,2710,7247,139998,7883,187773,8751,327771,California
San Bernardino,2021-03-12,15215,528633,6787,289856,6414,234053,2014,4724,7269,141410,7918,195691,9330,337101,California
San Bernardino,2021-03-13,8266,536899,4495,294351,3270,237323,501,5225,4904,143465,3352,199043,5407,342508,California
San Bernardino,2021-03-14,3209,540108,1606,295957,1035,238358,568,5793,1838,144500,1365,200408,2400,344908,California
San Bernardino,2021-03-15,11266,551374,5311,301268,3956,242314,1999,7792,5527,146292,5731,206139,7523,352431,California
San Bernardino,2021-03-16,15999,567373,7906,309174,7150,249464,943,8735,9759,150772,6218,212357,10698,363129,California
San Bernardino,2021-03-17,16925,584298,8462,317636,7715,257179,748,9483,10137,154886,6772,219129,10886,374015,California
San Bernardino,2021-03-18,16265,600563,8066,325702,7815,264994,384,9867,9554,158141,6684,225813,9939,383954,California
San Bernardino,2021-03-19,16756,617319,8295,333997,7874,272868,587,10454,9583,161216,7148,232961,10223,394177,California
San Bernardino,2021-03-20,9382,626701,5906,339903,2894,275762,582,11036,5577,163591,3781,236742,6156,400333,California
San Bernardino,2021-03-21,2746,629447,2237,342140,462,276224,47,11083,2225,165354,509,237251,2272,402605,California
San Bernardino,2021-03-22,9540,638987,4483,346623,4624,280848,433,11516,6927,170117,2598,239849,7361,409966,California
San Bernardino,2021-03-23,15385,654372,8739,355362,6025,286873,621,12137,9631,174632,5736,245585,10251,420217,California
San Bernardino,2021-03-24,14927,669299,7755,363117,6874,293747,298,12435,9955,179948,4938,250523,10254,430471,California
San Bernardino,2021-03-25,16818,686117,8277,371394,8247,301994,294,12729,10694,184853,6079,256602,10984,441455,California
San Bernardino,2021-03-26,17859,703976,8580,379974,8512,310506,767,13496,10853,189498,6975,263577,11620,453075,California
San Bernardino,2021-03-27,10688,714664,6889,386863,3052,313558,747,14243,6135,191843,4537,268114,6882,459957,California
San Bernardino,2021-03-28,3517,718181,2469,389332,936,314494,112,14355,2482,193408,1028,269142,2593,462550,California
San Bernardino,2021-03-29,11575,729756,6070,395402,5107,319601,398,14753,7895,198034,3667,272809,8293,470843,California
San Bernardino,2021-03-30,16747,746503,9398,404800,6640,326241,709,15462,10777,203577,5937,278746,11480,482323,California
San Bernardino,2021-03-31,16151,762654,9141,413941,6402,332643,608,16070,10885,209825,5242,283988,11490,493813,California
San Bernardino,2021-04-01,19391,782045,10257,424198,7782,340425,1352,17422,12560,216931,6802,290790,13908,507721,California
San Bernardino,2021-04-02,18410,800455,9226,433424,7916,348341,1268,18690,11135,222125,7249,298039,12443,520164,California
San Bernardino,2021-04-03,10902,811357,6818,440242,2962,351303,1122,19812,5975,224305,4914,302953,7094,527258,California
San Bernardino,2021-04-04,2446,813803,1483,441725,717,352020,246,20058,1256,224618,1187,304140,1500,528758,California
San Bernardino,2021-04-05,11649,825452,5242,446967,4683,356703,1724,21782,5987,226685,5641,309781,7708,536466,California
San Bernardino,2021-04-06,19558,845010,10991,457958,6478,363181,2089,23871,10389,230027,9135,318916,12477,548943,California
San Bernardino,2021-04-07,20756,865766,11108,469066,7201,370382,2447,26318,11377,234490,9351,328267,13814,562757,California
San Bernardino,2021-04-08,21552,887318,11046,480112,7922,378304,2584,28902,11942,239430,9581,337848,14521,577278,California
San Bernardino,2021-04-09,21429,908747,10879,490991,8022,386326,2528,31430,11684,243925,9712,347560,14207,591485,California
San Bernardino,2021-04-10,15479,924226,8013,499004,3791,390117,3675,35105,7694,247522,7764,355324,11361,602846,California
San Bernardino,2021-04-11,4329,928555,2541,501545,881,390998,907,36012,2009,248123,2314,357638,2915,605761,California
San Bernardino,2021-04-12,13237,941792,6149,507694,5478,396476,1610,37622,6279,249072,6938,364576,7887,613648,California
San Bernardino,2021-04-13,19080,960872,10919,518613,8142,404618,19,37641,10915,251865,8141,372717,10934,624582,California
San Bernardino,2021-04-14,18782,979654,10239,528852,8540,413158,3,37644,10743,254603,8009,380726,10747,635329,California
San Bernardino,2021-04-15,19786,999440,11152,540004,8631,421789,3,37647,10536,255931,9214,389940,10542,645871,California
San Bernardino,2021-04-16,18361,1017801,10490,550494,7869,429658,2,37649,9078,255765,9245,399185,9079,654950,California
San Bernardino,2021-04-17,11747,1029548,7733,558227,4014,433672,0,37649,6163,256373,5555,404740,6163,661113,California
San Bernardino,2021-04-18,2764,1032312,1861,560088,903,434575,0,37649,1258,256136,1495,406235,1258,662371,California
San Bernardino,2021-04-19,12239,1044551,6493,566581,5746,440321,0,37649,4698,253316,7522,413757,4702,667073,California
San Bernardino,2021-04-20,17205,1061756,9594,576175,7608,447929,3,37652,7854,251844,9330,423087,7858,674931,California
San Bernardino,2021-04-21,17537,1079293,10190,586365,7346,455275,1,37653,7743,249848,9740,432827,7744,682675,California
San Bernardino,2021-04-22,18307,1097600,10674,597039,7633,462908,0,37653,7658,246913,10597,443424,7662,690337,California
San Bernardino,2021-04-23,16083,1113683,9502,606541,6579,469487,2,37655,6941,244757,9101,452525,6945,697282,California
San Bernardino,2021-04-24,10170,1123853,7686,614227,2482,471969,2,37657,5701,246008,4453,456978,5704,702986,California
San Bernardino,2021-04-25,523,1124376,291,614518,232,472201,0,37657,322,246131,199,457177,322,703308,California
San Diego,2020-12-15,119,119,119,119,0,0,0,0,119,119,0,0,119,119,California
San Diego,2020-12-16,1102,1221,1102,1221,0,0,0,0,1102,1221,0,0,1102,1221,California
San Diego,2020-12-17,2349,3570,2349,3570,0,0,0,0,2349,3570,0,0,2349,3570,California
San Diego,2020-12-18,3670,7240,3669,7239,1,1,0,0,3670,7240,0,0,3670,7240,California
San Diego,2020-12-19,2309,9549,2309,9548,0,1,0,0,2309,9549,0,0,2309,9549,California
San Diego,2020-12-20,1183,10732,1182,10730,1,2,0,0,1183,10732,0,0,1183,10732,California
San Diego,2020-12-21,3521,14253,3520,14250,1,3,0,0,3521,14253,0,0,3521,14253,California
San Diego,2020-12-22,4055,18308,3412,17662,643,646,0,0,4055,18308,0,0,4055,18308,California
San Diego,2020-12-23,3178,21486,1976,19638,1202,1848,0,0,3178,21486,0,0,3178,21486,California
San Diego,2020-12-24,2735,24221,2219,21857,516,2364,0,0,2735,24221,0,0,2735,24221,California
San Diego,2020-12-25,874,25095,873,22730,1,2365,0,0,874,25095,0,0,874,25095,California
San Diego,2020-12-26,3294,28389,2143,24873,1151,3516,0,0,3294,28389,0,0,3294,28389,California
San Diego,2020-12-27,2508,30897,1617,26490,891,4407,0,0,2507,30895,1,1,2507,30896,California
San Diego,2020-12-28,5900,36797,4212,30702,1688,6095,0,0,5900,36795,0,1,5900,36796,California
San Diego,2020-12-29,5589,42386,3014,33716,2575,8670,0,0,5589,42384,0,1,5589,42385,California
San Diego,2020-12-30,5943,48329,3100,36816,2843,11513,0,0,5943,48327,0,1,5943,48328,California
San Diego,2020-12-31,2983,51312,1004,37820,1979,13492,0,0,2983,51310,0,1,2983,51311,California
San Diego,2021-01-01,1006,52318,452,38272,554,14046,0,0,1005,52315,0,1,1005,52316,California
San Diego,2021-01-02,3762,56080,1321,39593,2441,16487,0,0,3762,56077,0,1,3762,56078,California
San Diego,2021-01-03,859,56939,632,40225,227,16714,0,0,858,56935,0,1,858,56936,California
San Diego,2021-01-04,3703,60642,2052,42277,1651,18365,0,0,3696,60631,0,1,3696,60632,California
San Diego,2021-01-05,4310,64952,2122,44399,2188,20553,0,0,3693,63723,613,614,3705,64337,California
San Diego,2021-01-06,4947,69899,2299,46698,2648,23201,0,0,3712,66227,1212,1826,3716,68053,California
San Diego,2021-01-07,5608,75507,2981,49679,2627,25828,0,0,3452,67536,2149,3975,3458,71511,California
San Diego,2021-01-08,7721,83228,4958,54637,2763,28591,0,0,3935,67718,3769,7744,3951,75462,California
San Diego,2021-01-09,2956,86184,1554,56191,1402,29993,0,0,1788,68356,1158,8902,1796,77258,California
San Diego,2021-01-10,1881,88065,1292,57483,589,30582,0,0,779,68054,1090,9992,788,78046,California
San Diego,2021-01-11,10326,98391,5858,63341,4468,35050,0,0,6802,71353,3517,13509,6816,84862,California
San Diego,2021-01-12,11204,109595,5316,68657,5888,40938,0,0,7831,75933,3364,16873,7944,92806,California
San Diego,2021-01-13,11478,121073,5025,73682,6453,47391,0,0,8933,82357,2532,19405,8956,101762,California
San Diego,2021-01-14,12366,133439,4752,78434,7614,55005,0,0,10199,90432,2158,21563,10233,111995,California
San Diego,2021-01-15,15124,148563,5354,83788,9770,64775,0,0,12481,100341,2624,24187,12533,124528,California
San Diego,2021-01-16,10767,159330,3594,87382,7173,71948,0,0,9320,108251,1442,25629,9352,133880,California
San Diego,2021-01-17,8682,168012,2499,89881,6183,78131,0,0,7844,115275,838,26467,7862,141742,California
San Diego,2021-01-18,12499,180511,5941,95822,6558,84689,0,0,9669,122207,2791,29258,9723,151465,California
San Diego,2021-01-19,14751,195262,5823,101645,8928,93617,0,0,11625,130978,3112,32370,11883,163348,California
San Diego,2021-01-20,18322,213584,6383,108028,11939,105556,0,0,15032,142910,3271,35641,15203,178551,California
San Diego,2021-01-21,17403,230987,5898,113926,11505,117061,0,0,16011,157688,1381,37022,16159,194710,California
San Diego,2021-01-22,17677,248664,4753,118679,12924,129985,0,0,15623,171367,2041,39063,15720,210430,California
San Diego,2021-01-23,14478,263142,5271,123950,9207,139192,0,0,12117,181191,2348,41411,12172,222602,California
San Diego,2021-01-24,11916,275058,3360,127310,8556,147748,0,0,10940,191192,974,42385,10975,233577,California
San Diego,2021-01-25,12222,287280,5750,133060,6472,154220,0,0,9210,197548,3005,45390,9361,242938,California
San Diego,2021-01-26,14944,302224,7646,140706,7298,161518,0,0,11669,206134,3270,48660,11856,254794,California
San Diego,2021-01-27,20762,322986,8128,148834,12634,174152,0,0,17672,220870,3076,51736,17812,272606,California
San Diego,2021-01-28,21303,344289,7646,156480,13657,187809,0,0,19042,237740,2251,53987,19121,291727,California
San Diego,2021-01-29,19703,363992,6459,162939,13244,201053,0,0,17278,252649,2415,56402,17324,309051,California
San Diego,2021-01-30,15899,379891,3667,166606,12232,213285,0,0,13219,263297,2670,59072,13318,322369,California
San Diego,2021-01-31,14792,394683,5753,172359,9039,222324,0,0,14432,277402,356,59428,14461,336830,California
San Diego,2021-02-01,20520,415203,7232,179591,13288,235612,0,0,17330,291633,3176,62604,17407,354237,California
San Diego,2021-02-02,23198,438401,8689,188280,14509,250121,0,0,19668,307948,3520,66124,19835,374072,California
San Diego,2021-02-03,27451,465852,11562,199842,15889,266010,0,0,23276,327247,4157,70281,23456,397528,California
San Diego,2021-02-04,24379,490231,10029,209871,14350,280360,0,0,19677,342521,4685,74966,19959,417487,California
San Diego,2021-02-05,25023,515254,8986,218857,16037,296397,0,0,18479,354969,6521,81487,18969,436456,California
San Diego,2021-02-06,20792,536046,8569,227426,12223,308620,0,0,17596,369599,3190,84677,17820,454276,California
San Diego,2021-02-07,12129,548175,5375,232801,6754,315374,0,0,10263,378269,1846,86523,10516,464792,California
San Diego,2021-02-08,20103,568278,8519,241320,11584,326958,0,0,12688,384246,7399,93922,13376,478168,California
San Diego,2021-02-09,20396,588674,8238,249558,12158,339116,0,0,13197,391332,7179,101101,14265,492433,California
San Diego,2021-02-10,22984,611658,9359,258917,13625,352741,0,0,13885,397517,9055,110156,15240,507673,California
San Diego,2021-02-11,23779,635437,10141,269058,13638,366379,0,0,12736,400910,11016,121172,14409,522082,California
San Diego,2021-02-12,23843,659280,7459,276517,16384,382763,0,0,11920,403179,11905,133077,14174,536256,California
San Diego,2021-02-13,20021,679301,9014,285531,11007,393770,0,0,10896,406153,9117,142194,12091,548347,California
San Diego,2021-02-14,11187,690488,7431,292962,3756,397526,0,0,6335,409292,4848,147042,7987,556334,California
San Diego,2021-02-15,15190,705678,7682,300644,7508,405034,0,0,7847,412952,7324,154366,10984,567318,California
San Diego,2021-02-16,19281,724959,11251,311895,8030,413064,0,0,9234,415497,10036,164402,12581,579899,California
San Diego,2021-02-17,23396,748355,10983,322878,12413,425477,0,0,8145,411969,15239,179641,11711,591610,California
San Diego,2021-02-18,23573,771928,12021,334899,11552,437029,0,0,7790,408603,15775,195416,12409,604019,California
San Diego,2021-02-19,15909,787837,10921,345820,4988,442017,0,0,6634,408080,9255,204671,8732,612751,California
San Diego,2021-02-20,10259,798096,6361,352181,3898,445915,0,0,5818,411700,4437,209108,8057,620808,California
San Diego,2021-02-21,11527,809623,10116,362297,1411,447326,0,0,5201,412897,6299,215407,7496,628304,California
San Diego,2021-02-22,12445,822068,10584,372881,1861,449187,0,0,5803,414520,6635,222042,8258,636562,California
San Diego,2021-02-23,25901,847969,14524,387405,11377,460564,0,0,9668,414881,16228,238270,16589,653151,California
San Diego,2021-02-24,28952,876921,12762,400167,16190,476754,0,0,6869,408241,22065,260335,15425,668576,California
San Diego,2021-02-25,33187,910108,14711,414878,18476,495230,0,0,10171,404785,22998,283333,19542,688118,California
San Diego,2021-02-26,33457,943565,12393,427271,21064,516294,0,0,12147,402829,21283,304616,19327,707445,California
San Diego,2021-02-27,21242,964807,9676,436947,11566,527860,0,0,11453,408948,9784,314400,15903,723348,California
San Diego,2021-02-28,15244,980051,9944,446891,5300,533160,0,0,9498,416480,5745,320145,13277,736625,California
San Diego,2021-03-01,24162,1004213,14239,461130,9922,543082,1,1,14674,426516,9414,329559,19450,756075,California
San Diego,2021-03-02,26079,1030292,13995,475125,12084,555166,0,1,12726,433591,13346,342905,20421,776496,California
San Diego,2021-03-03,33950,1064242,15881,491006,18066,573232,3,4,14056,435634,19879,362784,21922,798418,California
San Diego,2021-03-04,28279,1092521,14067,505073,14212,587444,0,4,12647,440011,15612,378396,19989,818407,California
San Diego,2021-03-05,28917,1121438,14820,519893,14015,601459,82,86,13490,445271,15412,393808,20672,839079,California
San Diego,2021-03-06,23363,1144801,9524,529417,13137,614596,702,788,10299,448473,13050,406858,16252,855331,California
San Diego,2021-03-07,18196,1162997,9294,538711,8332,622928,570,1358,6911,449259,11278,418136,12064,867395,California
San Diego,2021-03-08,23034,1186031,11165,549876,10970,633898,899,2257,11431,454920,11592,429728,17253,884648,California
San Diego,2021-03-09,25849,1211880,11940,561816,12154,646052,1755,4012,10104,456673,15733,445461,17486,902134,California
San Diego,2021-03-10,25257,1237137,10731,572547,12133,658185,2393,6405,9875,459014,15371,460832,17712,919846,California
San Diego,2021-03-11,28667,1265804,10996,583543,14073,672258,3598,10003,10011,459157,18637,479469,18780,938626,California
San Diego,2021-03-12,27064,1292868,9448,592991,14482,686740,3134,13137,9959,458694,17091,496560,16628,955254,California
San Diego,2021-03-13,25974,1318842,7298,600289,17073,703813,1603,14740,10074,458668,15897,512457,15871,971125,California
San Diego,2021-03-14,13704,1332546,5358,605647,7610,711423,736,15476,4788,457711,8909,521366,7952,979077,California
San Diego,2021-03-15,22006,1354552,10154,615801,11074,722497,778,16254,9045,457714,12943,534309,12946,992023,California
San Diego,2021-03-16,29890,1384442,15696,631497,13781,736278,413,16667,15648,463270,14221,548530,19777,1011800,California
San Diego,2021-03-17,26234,1410676,12147,643644,13378,749656,709,17376,16709,473671,9514,558044,19915,1031715,California
San Diego,2021-03-18,31371,1442047,17693,661337,12783,762439,895,18271,16925,479691,14411,572455,20431,1052146,California
San Diego,2021-03-19,30159,1472206,14292,675629,14890,777329,977,19248,19286,490832,10856,583311,21997,1074143,California
San Diego,2021-03-20,27785,1499991,8360,683989,17634,794963,1791,21039,21367,509196,6409,589720,24773,1098916,California
San Diego,2021-03-21,16481,1516472,12005,695994,3760,798723,716,21755,7684,511545,8785,598505,11134,1110050,California
San Diego,2021-03-22,22450,1538922,13094,709088,9115,807838,241,21996,14302,521259,8138,606643,17852,1127902,California
San Diego,2021-03-23,25930,1564852,13604,722692,12066,819904,260,22256,17138,532154,8776,615419,19671,1147573,California
San Diego,2021-03-24,29471,1594323,19700,742392,9407,829311,364,22620,17078,540459,12384,627803,20689,1168262,California
San Diego,2021-03-25,30278,1624601,18198,760590,11423,840734,657,23277,17986,548968,12277,640080,20786,1189048,California
San Diego,2021-03-26,32086,1656687,17861,778451,13678,854412,547,23824,17575,555591,14481,654561,21104,1210152,California
San Diego,2021-03-27,25431,1682118,10976,789427,14062,868474,393,24217,15713,564262,9702,664263,18373,1228525,California
San Diego,2021-03-28,14937,1697055,9170,798597,5711,874185,56,24273,9202,569268,5728,669991,10734,1239259,California
San Diego,2021-03-29,26573,1723628,12843,811440,13133,887318,597,24870,16398,578526,10166,680157,19424,1258683,California
San Diego,2021-03-30,33153,1756781,17868,829308,14514,901832,771,25641,21999,592011,11137,691294,24622,1283305,California
San Diego,2021-03-31,30192,1786973,18722,848030,10831,912663,639,26280,20549,604701,9625,700919,22315,1305620,California
San Diego,2021-04-01,34061,1821034,20113,868143,12596,925259,1352,27632,23149,619654,10885,711804,25838,1331458,California
San Diego,2021-04-02,35475,1856509,20668,888811,12254,937513,2553,30185,24157,636462,11300,723104,28108,1359566,California
San Diego,2021-04-03,30714,1887223,14478,903289,11760,949273,4476,34661,19738,651153,10962,734066,25653,1385219,California
San Diego,2021-04-04,8900,1896123,5077,908366,2924,952197,899,35560,4703,652821,4193,738259,5861,1391080,California
San Diego,2021-04-05,29591,1925714,15361,923727,11681,963878,2549,38109,19386,667302,10193,748452,24674,1415754,California
San Diego,2021-04-06,38514,1964228,20358,944085,12389,976267,5767,43876,22355,681970,16139,764591,30807,1446561,California
San Diego,2021-04-07,35464,1999692,21894,965979,9148,985415,4422,48298,20313,694008,15126,779717,27164,1473725,California
San Diego,2021-04-08,34896,2034588,21254,987233,9652,995067,3990,52288,21242,708228,13634,793351,27854,1501579,California
San Diego,2021-04-09,37934,2072522,22708,1009941,10230,1005297,4996,57284,20728,720520,17136,810487,29428,1531007,California
San Diego,2021-04-10,28496,2101018,11700,1021641,12866,1018163,3930,61214,14621,728420,13863,824350,21763,1552770,California
San Diego,2021-04-11,16102,2117120,9986,1031627,3855,1022018,2261,63475,7229,732708,8870,833220,13158,1565928,California
San Diego,2021-04-12,30496,2147616,12773,1044400,13430,1035448,4293,67768,17017,744199,13464,846684,24955,1590883,California
San Diego,2021-04-13,37046,2184662,17655,1062055,19356,1054804,35,67803,24735,760398,12293,858977,28492,1619375,California
San Diego,2021-04-14,32748,2217410,18762,1080817,13975,1068779,11,67814,17729,769187,15004,873981,23793,1643168,California
San Diego,2021-04-15,38789,2256199,20079,1100896,18708,1087487,2,67816,23501,782090,15262,889243,28165,1671333,California
San Diego,2021-04-16,33159,2289358,18466,1119362,14692,1102179,1,67817,19195,790283,13896,903139,22089,1693422,California
San Diego,2021-04-17,27542,2316900,13416,1132778,14126,1116305,0,67817,12207,791091,15237,918376,16045,1709467,California
San Diego,2021-04-18,14169,2331069,8823,1141601,5343,1121648,3,67820,6629,793806,7532,925908,10247,1719714,California
San Diego,2021-04-19,26118,2357187,13264,1154865,12853,1134501,1,67821,12418,795545,13685,939593,15424,1735138,California
San Diego,2021-04-20,38119,2395306,17004,1171869,21115,1155616,0,67821,19462,801946,18639,958232,25040,1760178,California
San Diego,2021-04-21,34557,2429863,20578,1192447,13979,1169595,0,67821,16693,806792,17836,976068,22682,1782860,California
San Diego,2021-04-22,43164,2473027,21627,1214074,21531,1191126,6,67827,21097,813115,22037,998105,28360,1811220,California
San Diego,2021-04-23,40594,2513621,25122,1239196,15461,1206587,11,67838,14747,812908,25822,1023927,25615,1836835,California
San Diego,2021-04-24,18474,2532095,9141,1248337,9329,1215916,4,67842,8557,816331,9908,1033835,13331,1850166,California
San Diego,2021-04-25,2458,2534553,1827,1250164,631,1216547,0,67842,1357,817427,1101,1034936,2197,1852363,California
San Francisco,2020-12-15,7,7,7,7,0,0,0,0,7,7,0,0,7,7,California
San Francisco,2020-12-16,229,236,229,236,0,0,0,0,229,236,0,0,229,236,California
San Francisco,2020-12-17,394,630,394,630,0,0,0,0,394,630,0,0,394,630,California
San Francisco,2020-12-18,877,1507,876,1506,1,1,0,0,877,1507,0,0,877,1507,California
San Francisco,2020-12-19,601,2108,601,2107,0,1,0,0,601,2108,0,0,601,2108,California
San Francisco,2020-12-20,483,2591,483,2590,0,1,0,0,483,2591,0,0,483,2591,California
San Francisco,2020-12-21,1162,3753,1162,3752,0,1,0,0,1162,3753,0,0,1162,3753,California
San Francisco,2020-12-22,1399,5152,1365,5117,34,35,0,0,1399,5152,0,0,1399,5152,California
San Francisco,2020-12-23,1332,6484,1042,6159,290,325,0,0,1332,6484,0,0,1332,6484,California
San Francisco,2020-12-24,840,7324,503,6662,337,662,0,0,840,7324,0,0,840,7324,California
San Francisco,2020-12-25,34,7358,29,6691,5,667,0,0,34,7358,0,0,34,7358,California
San Francisco,2020-12-26,245,7603,151,6842,94,761,0,0,245,7603,0,0,245,7603,California
San Francisco,2020-12-27,273,7876,60,6902,213,974,0,0,273,7876,0,0,273,7876,California
San Francisco,2020-12-28,1269,9145,685,7587,584,1558,0,0,1269,9145,0,0,1269,9145,California
San Francisco,2020-12-29,1242,10387,621,8208,621,2179,0,0,1242,10387,0,0,1242,10387,California
San Francisco,2020-12-30,1486,11873,780,8988,706,2885,0,0,1486,11873,0,0,1486,11873,California
San Francisco,2020-12-31,962,12835,411,9399,551,3436,0,0,961,12834,0,0,961,12834,California
San Francisco,2021-01-01,73,12908,63,9462,10,3446,0,0,73,12907,0,0,73,12907,California
San Francisco,2021-01-02,334,13242,303,9765,31,3477,0,0,334,13241,0,0,334,13241,California
San Francisco,2021-01-03,293,13535,101,9866,192,3669,0,0,292,13532,1,1,292,13533,California
San Francisco,2021-01-04,1839,15374,1358,11224,481,4150,0,0,1836,15365,3,4,1836,15369,California
San Francisco,2021-01-05,2233,17607,1415,12639,818,4968,0,0,2198,17530,35,39,2200,17569,California
San Francisco,2021-01-06,1867,19474,1161,13800,706,5674,0,0,1602,18870,263,302,1603,19172,California
San Francisco,2021-01-07,2059,21533,1202,15002,857,6531,0,0,1603,20020,453,755,1603,20775,California
San Francisco,2021-01-08,2328,23861,1630,16632,698,7229,0,0,1492,20681,831,1586,1492,22267,California
San Francisco,2021-01-09,1387,25248,892,17524,495,7724,0,0,883,21062,504,2090,885,23152,California
San Francisco,2021-01-10,920,26168,542,18066,378,8102,0,0,460,21063,459,2549,460,23612,California
San Francisco,2021-01-11,2501,28669,1870,19936,631,8733,0,0,1402,21365,1100,3649,1402,25014,California
San Francisco,2021-01-12,3084,31753,2055,21991,1029,9762,0,0,1893,22068,1191,4840,1894,26908,California
San Francisco,2021-01-13,2817,34570,1598,23589,1219,10981,0,0,1989,23229,828,5668,1989,28897,California
San Francisco,2021-01-14,2435,37005,1097,24686,1338,12319,0,0,1875,24544,560,6228,1875,30772,California
San Francisco,2021-01-15,2739,39744,1145,25831,1594,13913,0,0,2348,26505,389,6617,2350,33122,California
San Francisco,2021-01-16,2249,41993,963,26794,1286,15199,0,0,2084,28425,165,6782,2085,35207,California
San Francisco,2021-01-17,1918,43911,532,27326,1386,16585,0,0,1703,29913,215,6997,1703,36910,California
San Francisco,2021-01-18,1371,45282,587,27913,784,17369,0,0,1109,30763,261,7258,1111,38021,California
San Francisco,2021-01-19,2568,47850,1470,29383,1098,18467,0,0,1823,31841,745,8003,1823,39844,California
San Francisco,2021-01-20,2703,50553,1084,30467,1619,20086,0,0,1955,33052,745,8748,1956,41800,California
San Francisco,2021-01-21,3288,53841,926,31393,2362,22448,0,0,2469,34704,817,9565,2469,44269,California
San Francisco,2021-01-22,3171,57012,634,32027,2537,24985,0,0,2729,36993,440,10005,2729,46998,California
San Francisco,2021-01-23,3089,60101,608,32635,2481,27466,0,0,2722,39350,366,10371,2723,49721,California
San Francisco,2021-01-24,2400,62501,337,32972,2063,29529,0,0,2172,41297,225,10596,2172,51893,California
San Francisco,2021-01-25,4578,67079,1779,34751,2799,32328,0,0,3030,42782,1546,12142,3031,54924,California
San Francisco,2021-01-26,4661,71740,2134,36885,2527,34855,0,0,3071,44268,1587,13729,3073,57997,California
San Francisco,2021-01-27,4414,76154,2069,38954,2345,37200,0,0,3067,45992,1343,15072,3067,61064,California
San Francisco,2021-01-28,3749,79903,1551,40505,2198,39398,0,0,2589,47426,1155,16227,2589,63653,California
San Francisco,2021-01-29,4712,84615,1678,42183,3034,42432,0,0,3446,49613,1259,17486,3446,67099,California
San Francisco,2021-01-30,3722,88337,1792,43975,1930,44362,0,0,3276,52447,445,17931,3279,70378,California
San Francisco,2021-01-31,2348,90685,822,44797,1526,45888,0,0,2197,54495,150,18081,2198,72576,California
San Francisco,2021-02-01,3779,94464,1518,46315,2261,48149,0,0,2880,56477,899,18980,2881,75457,California
San Francisco,2021-02-02,4641,99105,1961,48276,2680,50829,0,0,2877,57596,1758,20738,2877,78334,California
San Francisco,2021-02-03,5053,104158,2370,50646,2683,53512,0,0,3752,60051,1298,22036,3753,82087,California
San Francisco,2021-02-04,5014,109172,2430,53076,2584,56096,0,0,3854,62747,1158,23194,3854,85941,California
San Francisco,2021-02-05,5916,115088,3192,56268,2724,58820,0,0,4579,65993,1334,24528,4580,90521,California
San Francisco,2021-02-06,5467,120555,3647,59915,1820,60640,0,0,4569,69667,896,25424,4570,95091,California
San Francisco,2021-02-07,4320,124875,3170,63085,1150,61790,0,0,3744,72839,575,25999,3747,98838,California
San Francisco,2021-02-08,6688,131563,4605,67690,2083,63873,0,0,5481,77132,1190,27189,5483,104321,California
San Francisco,2021-02-09,5911,137474,3981,71671,1930,65803,0,0,4361,79947,1547,28736,4362,108683,California
San Francisco,2021-02-10,6852,144326,4173,75844,2679,68482,0,0,5089,83284,1755,30491,5092,113775,California
San Francisco,2021-02-11,6698,151024,3973,79817,2725,71207,0,0,4889,86368,1806,32297,4890,118665,California
San Francisco,2021-02-12,5305,156329,2664,82481,2641,73848,0,0,3477,88018,1827,34124,3477,122142,California
San Francisco,2021-02-13,4354,160683,2546,85027,1808,75656,0,0,3031,89728,1323,35447,3033,125175,California
San Francisco,2021-02-14,3412,164095,2239,87266,1173,76829,0,0,2289,90896,1122,36569,2290,127465,California
San Francisco,2021-02-15,2750,166845,1486,88752,1264,78093,0,0,1673,91494,1075,37644,1673,129138,California
San Francisco,2021-02-16,4977,171822,2720,91472,2257,80350,0,0,2950,92430,2020,39664,2956,132094,California
San Francisco,2021-02-17,5391,177213,2676,94148,2715,83065,0,0,2957,92963,2425,42089,2958,135052,California
San Francisco,2021-02-18,5368,182581,2627,96775,2741,85806,0,0,2808,93214,2560,44649,2811,137863,California
San Francisco,2021-02-19,5625,188206,2643,99418,2982,88788,0,0,2928,93453,2691,47340,2930,140793,California
San Francisco,2021-02-20,4478,192684,2143,101561,2335,91123,0,0,1697,92378,2773,50113,1698,142491,California
San Francisco,2021-02-21,2736,195420,1367,102928,1369,92492,0,0,1140,91927,1592,51705,1141,143632,California
San Francisco,2021-02-22,5088,200508,3166,106094,1922,94414,0,0,2560,91969,2520,54225,2562,146194,California
San Francisco,2021-02-23,5445,205953,3080,109174,2365,96779,0,0,2757,92044,2682,56907,2757,148951,California
San Francisco,2021-02-24,8960,214913,5072,114246,3888,100667,0,0,4778,92650,4173,61080,4779,153730,California
San Francisco,2021-02-25,9744,224657,6848,121094,2896,103563,0,0,6290,95490,3452,64532,6292,160022,California
San Francisco,2021-02-26,11891,236548,7716,128810,4175,107738,0,0,7044,97686,4849,69381,7045,167067,California
San Francisco,2021-02-27,8887,245435,5653,134463,3233,110971,1,1,4501,97816,4373,73754,4503,171570,California
San Francisco,2021-02-28,7697,253132,5520,139983,2177,113148,0,1,3828,97778,3867,77621,3829,175399,California
San Francisco,2021-03-01,10660,263792,7153,147136,3505,116653,2,3,5152,97445,5490,83111,5157,180556,California
San Francisco,2021-03-02,8831,272623,5633,152769,3198,119851,0,3,5119,98861,3704,86815,5120,185676,California
San Francisco,2021-03-03,10907,283530,6224,158993,4682,124533,1,4,5922,99813,4974,91789,5926,191602,California
San Francisco,2021-03-04,8611,292141,5417,164410,3194,127727,0,4,4846,100900,3759,95548,4846,196448,California
San Francisco,2021-03-05,8638,300779,5119,169529,3516,131243,3,7,5432,103139,3197,98745,5436,201884,California
San Francisco,2021-03-06,6853,307632,4409,173938,2237,133480,207,214,4205,104888,2660,101405,4409,206293,California
San Francisco,2021-03-07,5116,312748,3973,177911,1087,134567,56,270,2879,105572,2251,103656,2935,209228,California
San Francisco,2021-03-08,7116,319864,5150,183061,1780,136347,186,456,5568,109746,1580,105236,5754,214982,California
San Francisco,2021-03-09,6691,326555,3923,186984,2394,138741,374,830,4565,112548,2133,107369,4935,219917,California
San Francisco,2021-03-10,10363,336918,5861,192845,4006,142747,496,1326,6336,115373,4008,111377,6833,226750,California
San Francisco,2021-03-11,10018,346936,6336,199181,2723,145470,959,2285,6575,119473,3427,114804,7527,234277,California
San Francisco,2021-03-12,10690,357626,6235,205416,3148,148618,1307,3592,5937,121985,4729,119533,7241,241518,California
San Francisco,2021-03-13,6567,364193,3835,209251,1683,150301,1049,4641,4072,124618,2487,122020,5120,246638,California
San Francisco,2021-03-14,7475,371668,4840,214091,2399,152700,236,4877,4035,125461,3428,125448,4271,250909,California
San Francisco,2021-03-15,11899,383567,9076,223167,1890,154590,933,5810,8239,130979,3647,129095,9165,260074,California
San Francisco,2021-03-16,12022,395589,8158,231325,3407,157997,457,6267,8744,136915,3264,132359,9200,269274,California
San Francisco,2021-03-17,13137,408726,8113,239438,4483,162480,541,6808,9495,143331,3616,135975,10032,279306,California
San Francisco,2021-03-18,9935,418661,6728,246166,2586,165066,621,7429,5653,145345,4257,140232,6271,285577,California
San Francisco,2021-03-19,12000,430661,8687,254853,2850,167916,463,7892,6387,146602,5589,145821,6846,292423,California
San Francisco,2021-03-20,8639,439300,6367,261220,1813,169729,459,8351,5132,148716,3479,149300,5593,298016,California
San Francisco,2021-03-21,6442,445742,5892,267112,416,170145,134,8485,3681,149782,2749,152049,3815,301831,California
San Francisco,2021-03-22,9641,455383,6792,273904,2008,172153,841,9326,5073,151144,4548,156597,5910,307741,California
San Francisco,2021-03-23,11112,466495,7341,281245,3125,175278,646,9972,6696,154097,4386,160983,7339,315080,California
San Francisco,2021-03-24,12230,478725,9376,290621,2319,177597,535,10507,6327,155089,5867,166850,6859,321939,California
San Francisco,2021-03-25,11754,490479,8629,299250,2564,180161,561,11068,5886,155728,5804,172654,6443,328382,California
San Francisco,2021-03-26,11829,502308,8180,307430,3419,183580,230,11298,6112,156380,5687,178341,6339,334721,California
San Francisco,2021-03-27,8598,510906,5736,313166,2517,186097,345,11643,3903,155950,4677,183018,4247,338968,California
San Francisco,2021-03-28,6566,517472,5237,318403,1287,187384,42,11685,3163,155771,3381,186399,3202,342170,California
San Francisco,2021-03-29,11352,528824,7857,326260,3312,190696,183,11868,5135,154896,6192,192591,5317,347487,California
San Francisco,2021-03-30,11481,540305,7170,333430,4021,194717,290,12158,6883,157494,4574,197165,7172,354659,California
San Francisco,2021-03-31,12081,552386,8018,341448,3769,198486,294,12452,5626,156983,6426,203591,5915,360574,California
San Francisco,2021-04-01,13652,566038,7258,348706,4760,203246,1634,14086,5940,156869,7685,211276,7571,368145,California
San Francisco,2021-04-02,14564,580602,6416,355122,6340,209586,1808,15894,6869,157866,7677,218953,8674,376819,California
San Francisco,2021-04-03,10360,590962,4763,359885,3811,213397,1786,17680,4794,158889,5554,224507,6577,383396,California
San Francisco,2021-04-04,8978,599940,4745,364630,2581,215978,1652,19332,3605,158786,5361,229868,5258,388654,California
San Francisco,2021-04-05,15872,615812,9723,374353,4275,220253,1874,21206,6355,157517,9496,239364,8227,396881,California
San Francisco,2021-04-06,15901,631713,9416,383769,4432,224685,2053,23259,6242,156167,9640,249004,8290,405171,California
San Francisco,2021-04-07,16606,648319,9958,393727,4433,229118,2215,25474,6971,155724,9616,258620,9173,414344,California
San Francisco,2021-04-08,14020,662339,6688,400415,2958,232076,4374,29848,4618,155325,9375,267995,8976,423320,California
San Francisco,2021-04-09,15664,678003,7582,407997,4751,236827,3331,33179,6689,156384,8947,276942,10006,433326,California
San Francisco,2021-04-10,13045,691048,5653,413650,5773,242600,1619,34798,7094,159164,5927,282869,8707,442033,California
San Francisco,2021-04-11,9956,701004,7452,421102,1336,243936,1168,35966,5194,160773,4751,287620,6360,448393,California
San Francisco,2021-04-12,10548,711552,6867,427969,2555,246491,1126,37092,4880,161131,5645,293265,6003,454396,California
San Francisco,2021-04-13,10650,722202,7259,435228,3380,249871,11,37103,5421,161359,5207,298472,5435,459831,California
San Francisco,2021-04-14,13245,735447,7984,443212,5260,255131,1,37104,6448,161040,6768,305240,6449,466280,California
San Francisco,2021-04-15,13550,748997,9400,452612,4149,259280,1,37105,8003,163526,5522,310762,8008,474288,California
San Francisco,2021-04-16,12893,761890,8668,461280,4182,263462,43,37148,7660,166028,5207,315969,7709,481997,California
San Francisco,2021-04-17,9871,771761,7234,468514,2637,266099,0,37148,6976,170126,2881,318850,6979,488976,California
San Francisco,2021-04-18,6533,778294,4988,473502,1545,267644,0,37148,4056,171726,2458,321308,4058,493034,California
San Francisco,2021-04-19,10704,788998,8039,481541,2660,270304,5,37153,6905,174860,3786,325094,6920,499954,California
San Francisco,2021-04-20,12204,801202,7103,488644,5100,275404,1,37154,8445,179568,3740,328834,8448,508402,California
San Francisco,2021-04-21,10497,811699,7526,496170,2967,278371,4,37158,6467,182035,4007,332841,6474,514876,California
San Francisco,2021-04-22,10427,822126,7754,503924,2673,281044,0,37158,6097,183830,4308,337149,6103,520979,California
San Francisco,2021-04-23,9562,831688,5568,509492,3994,285038,0,37158,5723,185746,3811,340960,5727,526706,California
San Francisco,2021-04-24,6137,837825,4239,513731,1898,286936,0,37158,3739,187112,2380,343340,3746,530452,California
San Francisco,2021-04-25,2346,840171,2181,515912,163,287099,2,37160,1576,187928,767,344107,1583,532035,California
San Joaquin,2020-12-15,12,12,12,12,0,0,0,0,12,12,0,0,12,12,California
San Joaquin,2020-12-16,305,317,305,317,0,0,0,0,305,317,0,0,305,317,California
San Joaquin,2020-12-17,311,628,311,628,0,0,0,0,311,628,0,0,311,628,California
San Joaquin,2020-12-18,519,1147,515,1143,4,4,0,0,519,1147,0,0,519,1147,California
San Joaquin,2020-12-19,189,1336,189,1332,0,4,0,0,189,1336,0,0,189,1336,California
San Joaquin,2020-12-20,112,1448,111,1443,1,5,0,0,112,1448,0,0,112,1448,California
San Joaquin,2020-12-21,517,1965,515,1958,2,7,0,0,517,1965,0,0,517,1965,California
San Joaquin,2020-12-22,962,2927,842,2800,120,127,0,0,961,2926,0,0,961,2926,California
San Joaquin,2020-12-23,956,3883,898,3698,58,185,0,0,954,3880,0,0,954,3880,California
San Joaquin,2020-12-24,214,4097,186,3884,28,213,0,0,213,4093,0,0,213,4093,California
San Joaquin,2020-12-25,14,4111,14,3898,0,213,0,0,14,4107,0,0,14,4107,California
San Joaquin,2020-12-26,101,4212,29,3927,72,285,0,0,101,4208,0,0,101,4208,California
San Joaquin,2020-12-27,41,4253,29,3956,12,297,0,0,41,4249,0,0,41,4249,California
San Joaquin,2020-12-28,618,4871,418,4374,200,497,0,0,618,4867,0,0,618,4867,California
San Joaquin,2020-12-29,794,5665,668,5042,126,623,0,0,794,5661,0,0,794,5661,California
San Joaquin,2020-12-30,1004,6669,713,5755,291,914,0,0,1002,6663,0,0,1002,6663,California
San Joaquin,2020-12-31,450,7119,201,5956,249,1163,0,0,451,7114,0,0,451,7114,California
San Joaquin,2021-01-01,17,7136,10,5966,7,1170,0,0,17,7131,0,0,17,7131,California
San Joaquin,2021-01-02,260,7396,238,6204,22,1192,0,0,260,7391,0,0,260,7391,California
San Joaquin,2021-01-03,37,7433,19,6223,18,1210,0,0,36,7426,1,1,36,7427,California
San Joaquin,2021-01-04,470,7903,335,6558,135,1345,0,0,468,7893,1,2,468,7895,California
San Joaquin,2021-01-05,972,8875,643,7201,329,1674,0,0,805,8566,168,170,841,8736,California
San Joaquin,2021-01-06,1212,10087,700,7901,512,2186,0,0,911,9183,297,467,914,9650,California
San Joaquin,2021-01-07,1062,11149,666,8567,396,2582,0,0,776,9677,283,750,777,10427,California
San Joaquin,2021-01-08,1191,12340,817,9384,374,2956,0,0,709,9908,482,1232,713,11140,California
San Joaquin,2021-01-09,376,12716,300,9684,76,3032,0,0,247,10026,129,1361,247,11387,California
San Joaquin,2021-01-10,222,12938,114,9798,108,3140,0,0,170,10144,52,1413,170,11557,California
San Joaquin,2021-01-11,1504,14442,1302,11100,202,3342,0,0,854,10377,649,2062,882,12439,California
San Joaquin,2021-01-12,1416,15858,1014,12114,402,3744,0,0,651,10337,761,2823,721,13160,California
San Joaquin,2021-01-13,1459,17317,834,12948,625,4369,0,0,941,10766,517,3340,946,14106,California
San Joaquin,2021-01-14,1640,18957,871,13819,769,5138,0,0,1305,11771,315,3655,1320,15426,California
San Joaquin,2021-01-15,1587,20544,616,14435,971,6109,0,0,1375,12956,198,3853,1383,16809,California
San Joaquin,2021-01-16,1133,21677,190,14625,943,7052,0,0,1106,14036,26,3879,1106,17915,California
San Joaquin,2021-01-17,1608,23285,130,14755,1478,8530,0,0,1571,15572,37,3916,1573,19488,California
San Joaquin,2021-01-18,734,24019,236,14991,498,9028,0,0,616,16074,114,4030,616,20104,California
San Joaquin,2021-01-19,1845,25864,884,15875,961,9989,0,0,1168,16575,673,4703,1174,21278,California
San Joaquin,2021-01-20,2069,27933,1276,17151,793,10782,0,0,1425,17365,640,5343,1430,22708,California
San Joaquin,2021-01-21,1951,29884,881,18032,1070,11852,0,0,1561,18548,383,5726,1566,24274,California
San Joaquin,2021-01-22,1949,31833,908,18940,1041,12893,0,0,1808,20221,138,5864,1811,26085,California
San Joaquin,2021-01-23,887,32720,401,19341,486,13379,0,0,604,20546,282,6146,607,26692,California
San Joaquin,2021-01-24,361,33081,156,19497,205,13584,0,0,341,20869,18,6164,341,27033,California
San Joaquin,2021-01-25,1968,35049,1128,20625,840,14424,0,0,1412,21732,553,6717,1416,28449,California
San Joaquin,2021-01-26,2136,37185,1108,21733,1028,15452,0,0,1533,22668,601,7318,1537,29986,California
San Joaquin,2021-01-27,1713,38898,761,22494,952,16404,0,0,1227,23418,483,7801,1233,31219,California
San Joaquin,2021-01-28,2008,40906,751,23245,1257,17661,0,0,1373,24161,633,8434,1376,32595,California
San Joaquin,2021-01-29,2124,43030,1032,24277,1092,18753,0,0,1781,25611,338,8772,1788,34383,California
San Joaquin,2021-01-30,2200,45230,395,24672,1805,20558,0,0,2025,27465,173,8945,2027,36410,California
San Joaquin,2021-01-31,1554,46784,177,24849,1377,21935,0,0,1494,28904,56,9001,1495,37905,California
San Joaquin,2021-02-01,2476,49260,1305,26154,1171,23106,0,0,1750,29932,725,9726,1753,39658,California
San Joaquin,2021-02-02,2571,51831,1161,27315,1410,24516,0,0,1961,31346,551,10277,1965,41623,California
San Joaquin,2021-02-03,3041,54872,1202,28517,1839,26355,0,0,2183,32680,853,11130,2187,43810,California
San Joaquin,2021-02-04,3419,58291,1702,30219,1717,28072,0,0,2616,34501,797,11927,2618,46428,California
San Joaquin,2021-02-05,3200,61491,1852,32071,1348,29420,0,0,2348,36006,846,12773,2351,48779,California
San Joaquin,2021-02-06,1117,62608,786,32857,331,29751,0,0,943,36779,172,12945,945,49724,California
San Joaquin,2021-02-07,612,63220,486,33343,126,29877,0,0,411,36997,194,13139,412,50136,California
San Joaquin,2021-02-08,1764,64984,1030,34373,734,30611,0,0,1439,38135,304,13443,1442,51578,California
San Joaquin,2021-02-09,2080,67064,1132,35505,948,31559,0,0,1555,39235,456,13899,1556,53134,California
San Joaquin,2021-02-10,2544,69608,1251,36756,1293,32852,0,0,1332,39384,1183,15082,1332,54466,California
San Joaquin,2021-02-11,2912,72520,1495,38251,1417,34269,0,0,1704,39914,1179,16261,1709,56175,California
San Joaquin,2021-02-12,2785,75305,1116,39367,1669,35938,0,0,1577,40299,1196,17457,1581,57756,California
San Joaquin,2021-02-13,2102,77407,395,39762,1707,37645,0,0,843,39899,1249,18706,849,58605,California
San Joaquin,2021-02-14,1891,79298,259,40021,1632,39277,0,0,686,39403,1183,19889,687,59292,California
San Joaquin,2021-02-15,1979,81277,846,40867,1133,40410,0,0,1195,39845,757,20646,1199,60491,California
San Joaquin,2021-02-16,3134,84411,1366,42233,1768,42178,0,0,1742,40214,1380,22026,1749,62240,California
San Joaquin,2021-02-17,3251,87662,1259,43492,1992,44170,0,0,1855,40689,1384,23410,1859,64099,California
San Joaquin,2021-02-18,3304,90966,1360,44852,1944,46114,0,0,1888,41192,1392,24802,1895,65994,California
San Joaquin,2021-02-19,4143,95109,2306,47158,1837,47951,0,0,2362,41807,1748,26550,2363,68357,California
San Joaquin,2021-02-20,1563,96672,680,47838,883,48834,0,0,1058,42361,504,27054,1058,69415,California
San Joaquin,2021-02-21,628,97300,475,48313,153,48987,0,0,398,42531,229,27283,399,69814,California
San Joaquin,2021-02-22,3497,100797,2466,50779,1031,50018,0,0,2508,44085,959,28242,2513,72327,California
San Joaquin,2021-02-23,4235,105032,2564,53343,1671,51689,0,0,2604,45085,1608,29850,2608,74935,California
San Joaquin,2021-02-24,5649,110681,3359,56702,2290,53979,0,0,4076,47611,1554,31404,4080,79015,California
San Joaquin,2021-02-25,6253,116934,3862,60564,2391,56370,0,0,4041,49479,2183,33587,4051,83066,California
San Joaquin,2021-02-26,5384,122318,2828,63392,2556,58926,0,0,3716,51560,1643,35230,3724,86790,California
San Joaquin,2021-02-27,5408,127726,1608,65000,3800,62726,0,0,2597,51405,2766,37996,2611,89401,California
San Joaquin,2021-02-28,3033,130759,1088,66088,1945,64671,0,0,1993,52374,1027,39023,1996,91397,California
San Joaquin,2021-03-01,4039,134798,1773,67861,2266,66937,0,0,2283,52925,1741,40764,2292,93689,California
San Joaquin,2021-03-02,4063,138861,1649,69510,2414,69351,0,0,2521,53979,1525,42289,2579,96268,California
San Joaquin,2021-03-03,5660,144521,3384,72894,2274,71625,2,2,4079,56498,1560,43849,4079,100347,California
San Joaquin,2021-03-04,5625,150146,2228,75122,3394,75019,3,5,3680,58251,1935,45784,3688,104035,California
San Joaquin,2021-03-05,4373,154519,1851,76973,2520,77539,2,7,3020,59935,1341,47125,3025,107060,California
San Joaquin,2021-03-06,3269,157788,2161,79134,979,78518,129,136,2690,62180,577,47702,2822,109882,California
San Joaquin,2021-03-07,1195,158983,549,79683,601,79119,45,181,917,62867,262,47964,949,110831,California
San Joaquin,2021-03-08,3054,162037,1243,80926,1687,80806,124,305,2056,64057,989,48953,2179,113010,California
San Joaquin,2021-03-09,3927,165964,1771,82697,2030,82836,126,431,2597,65467,1316,50269,2726,115736,California
San Joaquin,2021-03-10,4603,170567,2441,85138,2024,84860,138,569,3393,67801,1197,51466,3531,119267,California
San Joaquin,2021-03-11,4883,175450,2311,87449,1978,86838,594,1163,2904,69335,1968,53434,3502,122769,California
San Joaquin,2021-03-12,6202,181652,3099,90548,2773,89611,330,1493,4131,71748,2053,55487,4466,127235,California
San Joaquin,2021-03-13,3040,184692,1436,91984,1477,91088,127,1620,2285,73420,747,56234,2419,129654,California
San Joaquin,2021-03-14,2146,186838,667,92651,1178,92266,301,1921,1036,73655,1107,57341,1342,130996,California
San Joaquin,2021-03-15,6002,192840,3455,96106,2146,94412,401,2322,3156,74398,2826,60167,3569,134565,California
San Joaquin,2021-03-16,6744,199584,3829,99935,2664,97076,251,2573,3988,75901,2745,62912,4248,138813,California
San Joaquin,2021-03-17,7690,207274,4612,104547,3008,100084,70,2643,4283,76882,3383,66295,4364,143177,California
San Joaquin,2021-03-18,7560,214834,4446,108993,2612,102696,502,3145,3739,77345,3785,70080,4248,147425,California
San Joaquin,2021-03-19,7835,222669,4581,113574,2711,105407,543,3688,4739,79595,3078,73158,5328,152753,California
San Joaquin,2021-03-20,3634,226303,2102,115676,1291,106698,241,3929,1816,79859,1805,74963,2069,154822,California
San Joaquin,2021-03-21,2090,228393,1484,117160,400,107098,206,4135,1187,80398,897,75860,1436,156258,California
San Joaquin,2021-03-22,3920,232313,2003,119163,1502,108600,415,4550,2327,81562,1583,77443,2747,159005,California
San Joaquin,2021-03-23,5318,237631,2605,121768,2548,111148,165,4715,3692,83813,1611,79054,3862,162867,California
San Joaquin,2021-03-24,6751,244382,4185,125953,2479,113627,87,4802,3009,83197,3720,82774,3104,165971,California
San Joaquin,2021-03-25,5466,249848,3228,129181,2197,115824,41,4843,3260,84319,2186,84960,3308,169279,California
San Joaquin,2021-03-26,6090,255938,2505,131686,3437,119261,148,4991,3220,84856,2850,87810,3387,172666,California
San Joaquin,2021-03-27,4573,260511,2594,134280,1937,121198,42,5033,1803,83962,2753,90563,1859,174525,California
San Joaquin,2021-03-28,2671,263182,1770,136050,876,122074,25,5058,1280,83983,1372,91935,1393,175918,California
San Joaquin,2021-03-29,3960,267142,2122,138172,1816,123890,22,5080,2005,84092,1945,93880,2054,177972,California
San Joaquin,2021-03-30,6066,273208,3088,141260,2919,126809,59,5139,3453,85037,2592,96472,3537,181509,California
San Joaquin,2021-03-31,6471,279679,4063,145323,2349,129158,59,5198,3318,85299,3142,99614,3404,184913,California
San Joaquin,2021-04-01,6222,285901,2900,148223,3243,132401,79,5277,2757,84746,3455,103069,2902,187815,California
San Joaquin,2021-04-02,6227,292128,2829,151052,2910,135311,488,5765,2473,84012,3735,106804,3001,190816,California
San Joaquin,2021-04-03,4078,296206,2300,153352,1454,136765,324,6089,1966,84216,2097,108901,2301,193117,California
San Joaquin,2021-04-04,2227,298433,1316,154668,709,137474,202,6291,1514,85236,705,109606,1725,194842,California
San Joaquin,2021-04-05,4100,302533,2516,157184,1417,138891,167,6458,2327,85980,1766,111372,2510,197352,California
San Joaquin,2021-04-06,6902,309435,4423,161607,2222,141113,257,6715,3282,85930,3601,114973,3551,200903,California
San Joaquin,2021-04-07,8169,317604,4408,166015,2194,143307,1567,8282,3403,86161,4755,119728,4986,205889,California
San Joaquin,2021-04-08,8560,326164,4622,170637,1934,145241,2004,10286,3269,86166,5273,125001,5278,211167,California
San Joaquin,2021-04-09,8430,334594,3923,174560,2964,148205,1543,11829,3034,85388,5376,130377,4598,215765,California
San Joaquin,2021-04-10,5107,339701,1600,176160,1620,149825,1887,13716,1698,85566,3406,133783,3584,219349,California
San Joaquin,2021-04-11,3971,343672,1524,177684,1292,151117,1155,14871,1684,86127,2274,136057,2835,222184,California
San Joaquin,2021-04-12,5395,349067,2153,179837,2030,153147,1212,16083,2107,86179,3273,139330,3325,225509,California
San Joaquin,2021-04-13,7275,356342,4204,184041,3068,156215,3,16086,4431,87794,2827,142157,4442,229951,California
San Joaquin,2021-04-14,6987,363329,3461,187502,3526,159741,0,16086,4106,89044,2864,145021,4114,234065,California
San Joaquin,2021-04-15,7204,370533,4101,191603,3103,162844,0,16086,3915,89706,3258,148279,3920,237985,California
San Joaquin,2021-04-16,6629,377162,3304,194907,3322,166166,3,16089,3909,90933,2694,150973,3921,241906,California
San Joaquin,2021-04-17,4684,381846,2367,197274,2317,168483,0,16089,3261,92796,1415,152388,3278,245184,California
San Joaquin,2021-04-18,2368,384214,1285,198559,1083,169566,0,16089,1266,92981,1088,153476,1273,246457,California
San Joaquin,2021-04-19,4779,388993,2442,201001,2337,171903,0,16089,2458,93148,2302,155778,2469,248926,California
San Joaquin,2021-04-20,5783,394776,2882,203883,2901,174804,0,16089,2848,93093,2914,158692,2859,251785,California
San Joaquin,2021-04-21,5052,399828,2600,206483,2451,177255,1,16090,2834,93761,2173,160865,2841,254626,California
San Joaquin,2021-04-22,4919,404747,2909,209392,2010,179265,0,16090,2873,94622,2021,162886,2882,257508,California
San Joaquin,2021-04-23,5358,410105,2524,211916,2834,182099,0,16090,3443,96171,1901,164787,3450,260958,California
San Joaquin,2021-04-24,3071,413176,1856,213772,1214,183313,1,16091,2152,97417,914,165701,2160,263118,California
San Joaquin,2021-04-25,217,413393,136,213908,81,183394,0,16091,122,97492,95,165796,170,263288,California
San Luis Obispo,2020-12-16,4,4,4,4,0,0,0,0,4,4,0,0,4,4,California
San Luis Obispo,2020-12-17,196,200,196,200,0,0,0,0,196,200,0,0,196,200,California
San Luis Obispo,2020-12-18,224,424,224,424,0,0,0,0,224,424,0,0,224,424,California
San Luis Obispo,2020-12-19,162,586,162,586,0,0,0,0,162,586,0,0,162,586,California
San Luis Obispo,2020-12-20,215,801,215,801,0,0,0,0,215,801,0,0,215,801,California
San Luis Obispo,2020-12-21,549,1350,549,1350,0,0,0,0,549,1350,0,0,549,1350,California
San Luis Obispo,2020-12-22,307,1657,303,1653,4,4,0,0,307,1657,0,0,307,1657,California
San Luis Obispo,2020-12-23,680,2337,367,2020,313,317,0,0,680,2337,0,0,680,2337,California
San Luis Obispo,2020-12-24,194,2531,19,2039,175,492,0,0,194,2531,0,0,194,2531,California
San Luis Obispo,2020-12-25,2,2533,1,2040,1,493,0,0,2,2533,0,0,2,2533,California
San Luis Obispo,2020-12-26,90,2623,12,2052,78,571,0,0,90,2623,0,0,90,2623,California
San Luis Obispo,2020-12-27,76,2699,0,2052,76,647,0,0,76,2699,0,0,76,2699,California
San Luis Obispo,2020-12-28,879,3578,430,2482,449,1096,0,0,879,3578,0,0,879,3578,California
San Luis Obispo,2020-12-29,903,4481,502,2984,401,1497,0,0,903,4481,0,0,903,4481,California
San Luis Obispo,2020-12-30,1174,5655,681,3665,493,1990,0,0,1174,5655,0,0,1174,5655,California
San Luis Obispo,2020-12-31,106,5761,4,3669,102,2092,0,0,106,5761,0,0,106,5761,California
San Luis Obispo,2021-01-01,13,5774,8,3677,5,2097,0,0,13,5774,0,0,13,5774,California
San Luis Obispo,2021-01-02,33,5807,8,3685,25,2122,0,0,33,5807,0,0,33,5807,California
San Luis Obispo,2021-01-03,16,5823,6,3691,10,2132,0,0,16,5823,0,0,16,5823,California
San Luis Obispo,2021-01-04,676,6499,524,4215,152,2284,0,0,676,6499,0,0,676,6499,California
San Luis Obispo,2021-01-05,974,7473,756,4971,218,2502,0,0,972,7469,2,2,972,7471,California
San Luis Obispo,2021-01-06,724,8197,480,5451,244,2746,0,0,716,8178,7,9,716,8187,California
San Luis Obispo,2021-01-07,1127,9324,949,6400,178,2924,0,0,685,8421,442,451,685,8872,California
San Luis Obispo,2021-01-08,881,10205,804,7204,77,3001,0,0,512,8565,368,819,512,9384,California
San Luis Obispo,2021-01-09,205,10410,196,7400,9,3010,0,0,28,8416,177,996,28,9412,California
San Luis Obispo,2021-01-10,12,10422,8,7408,4,3014,0,0,8,8420,4,1000,8,9420,California
San Luis Obispo,2021-01-11,526,10948,475,7883,51,3065,0,0,265,8425,260,1260,265,9685,California
San Luis Obispo,2021-01-12,597,11545,379,8262,218,3283,0,0,320,8468,277,1537,320,10005,California
San Luis Obispo,2021-01-13,882,12427,254,8516,628,3911,0,0,644,8876,236,1773,644,10649,California
San Luis Obispo,2021-01-14,730,13157,244,8760,486,4397,0,0,605,9369,112,1885,605,11254,California
San Luis Obispo,2021-01-15,729,13886,287,9047,442,4839,0,0,554,9753,170,2055,554,11808,California
San Luis Obispo,2021-01-16,99,13985,81,9128,18,4857,0,0,94,9842,5,2060,94,11902,California
San Luis Obispo,2021-01-17,67,14052,61,9189,6,4863,0,0,67,9909,0,2060,67,11969,California
San Luis Obispo,2021-01-18,1372,15424,389,9578,983,5846,0,0,1110,10757,262,2322,1110,13079,California
San Luis Obispo,2021-01-19,1585,17009,418,9996,1167,7013,0,0,1177,11526,408,2730,1177,14256,California
San Luis Obispo,2021-01-20,1883,18892,596,10592,1287,8300,0,0,1293,12232,588,3318,1294,15550,California
San Luis Obispo,2021-01-21,1570,20462,466,11058,1104,9404,0,0,1197,13061,369,3687,1198,16748,California
San Luis Obispo,2021-01-22,1521,21983,508,11566,1013,10417,0,0,1206,13954,313,4000,1206,17954,California
San Luis Obispo,2021-01-23,311,22294,293,11859,18,10435,0,0,295,14233,16,4016,295,18249,California
San Luis Obispo,2021-01-24,245,22539,238,12097,7,10442,0,0,239,14466,6,4022,239,18488,California
San Luis Obispo,2021-01-25,2071,24610,606,12703,1465,11907,0,0,1243,14881,828,4850,1243,19731,California
San Luis Obispo,2021-01-26,2003,26613,703,13406,1300,13207,0,0,1136,15150,867,5717,1136,20867,California
San Luis Obispo,2021-01-27,1612,28225,283,13689,1329,14536,0,0,1151,15840,461,6178,1151,22018,California
San Luis Obispo,2021-01-28,1484,29709,342,14031,1142,15678,0,0,1224,16805,259,6437,1224,23242,California
San Luis Obispo,2021-01-29,1734,31443,681,14712,1053,16731,0,0,1450,17971,284,6721,1450,24692,California
San Luis Obispo,2021-01-30,37,31480,18,14730,19,16750,0,0,26,17987,10,6731,26,24718,California
San Luis Obispo,2021-01-31,26,31506,20,14750,6,16756,0,0,23,18007,3,6734,23,24741,California
San Luis Obispo,2021-02-01,1664,33170,703,15453,961,17717,0,0,1395,19134,268,7002,1395,26136,California
San Luis Obispo,2021-02-02,1895,35065,676,16129,1219,18936,0,0,1521,20281,374,7376,1521,27657,California
San Luis Obispo,2021-02-03,1701,36766,727,16856,974,19910,0,0,1289,21158,412,7788,1289,28946,California
San Luis Obispo,2021-02-04,1656,38422,800,17656,856,20766,0,0,1089,21680,567,8355,1089,30035,California
San Luis Obispo,2021-02-05,1604,40026,717,18373,887,21653,0,0,1060,22196,545,8900,1061,31096,California
San Luis Obispo,2021-02-06,159,40185,92,18465,67,21720,0,0,93,22223,66,8966,93,31189,California
San Luis Obispo,2021-02-07,144,40329,99,18564,45,21765,0,0,74,22228,70,9036,75,31264,California
San Luis Obispo,2021-02-08,853,41182,468,19032,385,22150,0,0,495,22366,357,9393,495,31759,California
San Luis Obispo,2021-02-09,1122,42304,448,19480,674,22824,0,0,541,22339,575,9968,548,32307,California
San Luis Obispo,2021-02-10,1428,43732,486,19966,942,23766,0,0,521,21959,904,10872,524,32831,California
San Luis Obispo,2021-02-11,1330,45062,844,20810,486,24252,0,0,655,21942,672,11544,655,33486,California
San Luis Obispo,2021-02-12,787,45849,363,21173,424,24676,0,0,417,21989,370,11914,417,33903,California
San Luis Obispo,2021-02-13,390,46239,124,21297,266,24942,0,0,284,22168,105,12019,284,34187,California
San Luis Obispo,2021-02-14,317,46556,42,21339,275,25217,0,0,280,22412,37,12056,281,34468,California
San Luis Obispo,2021-02-15,723,47279,137,21476,586,25803,0,0,467,22626,253,12309,467,34935,California
San Luis Obispo,2021-02-16,2960,50239,1194,22670,1766,27569,0,0,1358,22388,1596,13905,1358,36293,California
San Luis Obispo,2021-02-17,2773,53012,1237,23907,1536,29105,0,0,1029,21682,1735,15640,1029,37322,California
San Luis Obispo,2021-02-18,2809,55821,1445,25352,1364,30469,0,0,1120,21122,1681,17321,1121,38443,California
San Luis Obispo,2021-02-19,1452,57273,1332,26684,120,30589,0,0,1129,21929,322,17643,1129,39572,California
San Luis Obispo,2021-02-20,249,57522,79,26763,170,30759,0,0,213,22106,36,17679,213,39785,California
San Luis Obispo,2021-02-21,48,57570,45,26808,3,30762,0,0,29,22116,19,17698,29,39814,California
San Luis Obispo,2021-02-22,2400,59970,1856,28664,544,31306,0,0,1460,22637,940,18638,1461,41275,California
San Luis Obispo,2021-02-23,1856,61826,1740,30404,116,31422,0,0,1365,23512,490,19128,1365,42640,California
San Luis Obispo,2021-02-24,2643,64469,1300,31704,1343,32765,0,0,835,22541,1806,20934,835,43475,California
San Luis Obispo,2021-02-25,2130,66599,1243,32947,887,33652,0,0,1206,22831,917,21851,1207,44682,California
San Luis Obispo,2021-02-26,2642,69241,1148,34095,1494,35146,0,0,1324,22843,1312,23163,1324,46006,California
San Luis Obispo,2021-02-27,566,69807,340,34435,226,35372,0,0,520,23317,46,23209,520,46526,California
San Luis Obispo,2021-02-28,196,70003,72,34507,124,35496,0,0,163,23451,29,23238,163,46689,California
San Luis Obispo,2021-03-01,2955,72958,1842,36349,1112,36608,1,1,2033,24564,922,24160,2035,48724,California
San Luis Obispo,2021-03-02,2985,75943,1886,38235,1099,37707,0,1,1840,25264,1141,25301,1841,50565,California
San Luis Obispo,2021-03-03,2267,78210,328,38563,1939,39646,0,1,822,24648,1439,26740,823,51388,California
San Luis Obispo,2021-03-04,2174,80384,1147,39710,1027,40673,0,1,1166,24810,1006,27746,1168,52556,California
San Luis Obispo,2021-03-05,2292,82676,1017,40727,1205,41878,70,71,1287,25177,990,28736,1357,53913,California
San Luis Obispo,2021-03-06,831,83507,308,41035,416,42294,107,178,611,25669,220,28956,712,54625,California
San Luis Obispo,2021-03-07,199,83706,32,41067,83,42377,84,262,70,25696,128,29084,155,54780,California
San Luis Obispo,2021-03-08,2722,86428,752,41819,1656,44033,314,576,1540,26369,1180,30264,1853,56633,California
San Luis Obispo,2021-03-09,2914,89342,956,42775,1722,45755,236,812,1512,26719,1399,31663,1749,58382,California
San Luis Obispo,2021-03-10,3174,92516,1240,44015,1664,47419,270,1082,1811,27440,1360,33023,2081,60463,California
San Luis Obispo,2021-03-11,3086,95602,1271,45286,1513,48932,302,1384,1693,28050,1384,34407,1994,62457,California
San Luis Obispo,2021-03-12,3162,98764,1282,46568,1541,50473,339,1723,1553,28344,1601,36008,1895,64352,California
San Luis Obispo,2021-03-13,788,99552,259,46827,420,50893,109,1832,428,28520,360,36368,536,64888,California
San Luis Obispo,2021-03-14,513,100065,54,46881,348,51241,111,1943,135,28389,377,36745,246,65134,California
San Luis Obispo,2021-03-15,3046,103111,1096,47977,1852,53093,98,2041,1527,28498,1516,38261,1625,66759,California
San Luis Obispo,2021-03-16,2844,105955,1510,49487,1234,54327,100,2141,1448,28655,1390,39651,1547,68306,California
San Luis Obispo,2021-03-17,3422,109377,1448,50935,1712,56039,262,2403,1979,29459,1436,41087,2240,70546,California
San Luis Obispo,2021-03-18,2782,112159,1445,52380,1144,57183,193,2596,1333,29539,1446,42533,1526,72072,California
San Luis Obispo,2021-03-19,2582,114741,1563,53943,697,57880,322,2918,960,29206,1617,44150,1284,73356,California
San Luis Obispo,2021-03-20,824,115565,492,54435,296,58176,36,2954,378,29174,446,44596,414,73770,California
San Luis Obispo,2021-03-21,186,115751,45,54480,138,58314,3,2957,157,29305,29,44625,160,73930,California
San Luis Obispo,2021-03-22,2678,118429,1170,55650,1461,59775,47,3004,1862,30402,812,45437,1909,75839,California
San Luis Obispo,2021-03-23,3357,121786,2212,57862,1127,60902,18,3022,2264,31595,1089,46526,2282,78121,California
San Luis Obispo,2021-03-24,3477,125263,2127,59989,1280,62182,70,3092,2616,33423,857,47383,2685,80806,California
San Luis Obispo,2021-03-25,3656,128919,2282,62271,1362,63544,12,3104,2633,35047,1020,48403,2644,83450,California
San Luis Obispo,2021-03-26,3132,132051,1758,64029,953,64497,421,3525,1752,35845,1375,49778,2173,85623,California
San Luis Obispo,2021-03-27,993,133044,506,64535,392,64889,95,3620,450,35848,541,50319,544,86167,California
San Luis Obispo,2021-03-28,441,133485,151,64686,234,65123,56,3676,240,35943,201,50520,296,86463,California
San Luis Obispo,2021-03-29,2574,136059,1271,65957,1169,66292,134,3810,1656,36827,906,51426,1790,88253,California
San Luis Obispo,2021-03-30,3494,139553,1904,67861,1447,67739,143,3953,2343,38165,1146,52572,2484,90737,California
San Luis Obispo,2021-03-31,3807,143360,2444,70305,1216,68955,147,4100,2445,39404,1353,53925,2592,93329,California
San Luis Obispo,2021-04-01,3797,147157,2420,72725,1283,70238,94,4194,2683,41075,1105,55030,2776,96105,California
San Luis Obispo,2021-04-02,1714,148871,682,73407,721,70959,311,4505,918,41508,795,55825,1228,97333,California
San Luis Obispo,2021-04-03,1087,149958,552,73959,408,71367,127,4632,472,41497,610,56435,599,97932,California
San Luis Obispo,2021-04-04,378,150336,130,74089,208,71575,40,4672,231,41621,147,56582,271,98203,California
San Luis Obispo,2021-04-05,3591,153927,1945,76034,1536,73111,110,4782,2048,42236,1541,58123,2156,100359,California
San Luis Obispo,2021-04-06,3989,157916,2136,78170,1544,74655,309,5091,1937,42436,2046,60169,2246,102605,California
San Luis Obispo,2021-04-07,4249,162165,2333,80503,1576,76231,340,5431,2467,43472,1769,61938,2805,105410,California
San Luis Obispo,2021-04-08,3988,166153,2187,82690,1411,77642,390,5821,2172,44225,1809,63747,2562,107972,California
San Luis Obispo,2021-04-09,3595,169748,1709,84399,1145,78787,741,6562,1534,44445,2052,65799,2272,110244,California
San Luis Obispo,2021-04-10,1559,171307,555,84954,343,79130,661,7223,480,44506,1078,66877,1139,111383,California
San Luis Obispo,2021-04-11,312,171619,63,85017,186,79316,63,7286,125,44509,185,67062,188,111571,California
San Luis Obispo,2021-04-12,3346,174965,1694,86711,1489,80805,163,7449,1392,44110,1954,69016,1555,113126,California
San Luis Obispo,2021-04-13,3623,178588,2094,88805,1528,82333,1,7450,1957,44405,1664,70680,1959,115085,California
San Luis Obispo,2021-04-14,2815,181403,1675,90480,1137,83470,3,7453,1654,44911,1150,71830,1656,116741,California
San Luis Obispo,2021-04-15,3608,185011,2362,92842,1245,84715,1,7454,1927,45175,1664,73494,1928,118669,California
San Luis Obispo,2021-04-16,3596,188607,2189,95031,1404,86119,3,7457,1794,45172,1799,75293,1796,120465,California
San Luis Obispo,2021-04-17,1092,189699,432,95463,658,86777,2,7459,716,45515,375,75668,718,121183,California
San Luis Obispo,2021-04-18,317,190016,96,95559,220,86997,1,7460,108,45417,207,75875,109,121292,California
San Luis Obispo,2021-04-19,3008,193024,1283,96842,1689,88686,36,7496,1126,44700,1880,77755,1163,122455,California
San Luis Obispo,2021-04-20,3483,196507,1891,98733,1592,90278,0,7496,1361,43950,2111,79866,1361,123816,California
San Luis Obispo,2021-04-21,3071,199578,1246,99979,1825,92103,0,7496,1373,43635,1688,81554,1373,125189,California
San Luis Obispo,2021-04-22,2204,201782,943,100922,1261,93364,0,7496,807,43055,1389,82943,809,125998,California
San Luis Obispo,2021-04-23,1262,203044,702,101624,556,93920,4,7500,551,42908,710,83653,563,126561,California
San Luis Obispo,2021-04-24,743,203787,237,101861,496,94416,10,7510,350,42878,391,84044,361,126922,California
San Luis Obispo,2021-04-25,30,203817,12,101873,18,94434,0,7510,26,42900,4,84048,26,126948,California
San Mateo,2020-12-15,26,26,26,26,0,0,0,0,26,26,0,0,26,26,California
San Mateo,2020-12-16,110,136,110,136,0,0,0,0,110,136,0,0,110,136,California
San Mateo,2020-12-17,163,299,163,299,0,0,0,0,163,299,0,0,163,299,California
San Mateo,2020-12-18,740,1039,738,1037,2,2,0,0,740,1039,0,0,740,1039,California
San Mateo,2020-12-19,509,1548,509,1546,0,2,0,0,509,1548,0,0,509,1548,California
San Mateo,2020-12-20,508,2056,507,2053,1,3,0,0,508,2056,0,0,508,2056,California
San Mateo,2020-12-21,1153,3209,1153,3206,0,3,0,0,1153,3209,0,0,1153,3209,California
San Mateo,2020-12-22,1513,4722,1506,4712,7,10,0,0,1513,4722,0,0,1513,4722,California
San Mateo,2020-12-23,1570,6292,1384,6096,186,196,0,0,1570,6292,0,0,1570,6292,California
San Mateo,2020-12-24,866,7158,609,6705,257,453,0,0,866,7158,0,0,866,7158,California
San Mateo,2020-12-25,114,7272,110,6815,4,457,0,0,114,7272,0,0,114,7272,California
San Mateo,2020-12-26,560,7832,417,7232,143,600,0,0,560,7832,0,0,560,7832,California
San Mateo,2020-12-27,305,8137,175,7407,130,730,0,0,305,8137,0,0,305,8137,California
San Mateo,2020-12-28,1048,9185,702,8109,346,1076,0,0,1048,9185,0,0,1048,9185,California
San Mateo,2020-12-29,1129,10314,705,8814,424,1500,0,0,1129,10314,0,0,1129,10314,California
San Mateo,2020-12-30,1263,11577,760,9574,503,2003,0,0,1263,11577,0,0,1263,11577,California
San Mateo,2020-12-31,717,12294,232,9806,485,2488,0,0,716,12292,1,1,716,12293,California
San Mateo,2021-01-01,41,12335,32,9838,9,2497,0,0,41,12333,0,1,41,12334,California
San Mateo,2021-01-02,398,12733,269,10107,129,2626,0,0,398,12731,0,1,398,12732,California
San Mateo,2021-01-03,281,13014,206,10313,75,2701,0,0,278,13006,3,4,278,13010,California
San Mateo,2021-01-04,1056,14070,682,10995,374,3075,0,0,1056,14062,0,4,1056,14066,California
San Mateo,2021-01-05,1199,15269,705,11700,494,3569,0,0,1170,15204,29,33,1171,15237,California
San Mateo,2021-01-06,1447,16716,950,12650,497,4066,0,0,1267,16294,178,211,1268,16505,California
San Mateo,2021-01-07,1451,18167,805,13455,646,4712,0,0,1162,17175,282,493,1163,17668,California
San Mateo,2021-01-08,1837,20004,1190,14645,647,5359,0,0,1140,17626,690,1183,1141,18809,California
San Mateo,2021-01-09,1179,21183,775,15420,404,5763,0,0,723,17893,456,1639,723,19532,California
San Mateo,2021-01-10,699,21882,570,15990,129,5892,0,0,265,17724,434,2073,265,19797,California
San Mateo,2021-01-11,2587,24469,1480,17470,1107,6999,0,0,1525,18187,1063,3136,1526,21323,California
San Mateo,2021-01-12,3280,27749,1770,19240,1510,8509,0,0,2100,19112,1178,4314,2103,23426,California
San Mateo,2021-01-13,3471,31220,1748,20988,1723,10232,0,0,2439,20522,1032,5346,2442,25868,California
San Mateo,2021-01-14,3775,34995,1582,22570,2193,12425,0,0,3091,22934,684,6030,3096,28964,California
San Mateo,2021-01-15,4332,39327,1710,24280,2622,15047,0,0,3804,26214,526,6556,3806,32770,California
San Mateo,2021-01-16,3084,42411,776,25056,2308,17355,0,0,2765,28660,319,6875,2765,35535,California
San Mateo,2021-01-17,1309,43720,308,25364,1001,18356,0,0,1101,29553,208,7083,1101,36636,California
San Mateo,2021-01-18,1363,45083,531,25895,832,19188,0,0,989,30175,371,7454,993,37629,California
San Mateo,2021-01-19,2793,47876,1781,27676,1012,20200,0,0,2003,31391,787,8241,2003,39632,California
San Mateo,2021-01-20,2655,50531,1402,29078,1253,21453,0,0,1810,32360,842,9083,1811,41443,California
San Mateo,2021-01-21,2824,53355,1280,30358,1544,22997,0,0,2244,34028,579,9662,2247,43690,California
San Mateo,2021-01-22,2788,56143,1130,31488,1658,24655,0,0,2489,36221,297,9959,2490,46180,California
San Mateo,2021-01-23,2881,59024,1688,33176,1193,25848,0,0,2518,38377,363,10322,2519,48699,California
San Mateo,2021-01-24,1518,60542,373,33549,1145,26993,0,0,1210,39280,307,10629,1210,49909,California
San Mateo,2021-01-25,4429,64971,3146,36695,1283,28276,0,0,3534,41923,893,11522,3536,53445,California
San Mateo,2021-01-26,4295,69266,2982,39677,1313,29589,0,0,3392,44413,902,12424,3392,56837,California
San Mateo,2021-01-27,2778,72044,1462,41139,1316,30905,0,0,1785,45212,987,13411,1786,58623,California
San Mateo,2021-01-28,2794,74838,1348,42487,1446,32351,0,0,1948,46329,831,14242,1948,60571,California
San Mateo,2021-01-29,2971,77809,1331,43818,1640,33991,0,0,2139,47642,829,15071,2142,62713,California
San Mateo,2021-01-30,3374,81183,1473,45291,1901,35892,0,0,2917,50104,456,15527,2918,65631,California
San Mateo,2021-01-31,1681,82864,897,46188,784,36676,0,0,1519,51463,160,15687,1519,67150,California
San Mateo,2021-02-01,2921,85785,1343,47531,1578,38254,0,0,2213,52973,704,16391,2214,69364,California
San Mateo,2021-02-02,3167,88952,1726,49257,1441,39695,0,0,2154,54117,1010,17401,2154,71518,California
San Mateo,2021-02-03,4875,93827,1944,51201,2931,42626,0,0,3823,56892,1049,18450,3824,75342,California
San Mateo,2021-02-04,6282,100109,2586,53787,3696,46322,0,0,4923,60465,1353,19803,4926,80268,California
San Mateo,2021-02-05,6786,106895,2551,56338,4235,50557,0,0,4961,63618,1808,21611,4961,85229,California
San Mateo,2021-02-06,3282,110177,1917,58255,1365,51922,0,0,2618,65575,663,22274,2620,87849,California
San Mateo,2021-02-07,1898,112075,1343,59598,555,52477,0,0,1711,67099,187,22461,1711,89560,California
San Mateo,2021-02-08,5274,117349,2244,61842,3030,55507,0,0,3101,68091,2109,24570,3101,92661,California
San Mateo,2021-02-09,6174,123523,3216,65058,2958,58465,0,0,3333,68587,2837,27407,3333,95994,California
San Mateo,2021-02-10,6496,130019,3270,68328,3226,61691,0,0,3541,69182,2946,30353,3541,99535,California
San Mateo,2021-02-11,7044,137063,3578,71906,3466,65157,0,0,3816,69783,3218,33571,3819,103354,California
San Mateo,2021-02-12,6618,143681,2952,74858,3666,68823,0,0,4705,72581,1909,35480,4707,108061,California
San Mateo,2021-02-13,6089,149770,3992,78850,2097,70920,0,0,2639,71774,3446,38926,2639,110700,California
San Mateo,2021-02-14,4625,154395,3014,81864,1611,72531,0,0,1977,71107,2645,41571,1978,112678,California
San Mateo,2021-02-15,3165,157560,1458,83322,1707,74238,0,0,1788,71523,1373,42944,1789,114467,California
San Mateo,2021-02-16,7143,164703,1871,85193,5272,79510,0,0,5280,74943,1862,44806,5282,119749,California
San Mateo,2021-02-17,7050,171753,1933,87126,5117,84627,0,0,5066,78032,1979,46785,5068,124817,California
San Mateo,2021-02-18,6680,178433,4623,91749,2057,86684,0,0,4441,80240,2235,49020,4443,129260,California
San Mateo,2021-02-19,7808,186241,5609,97358,2199,88883,0,0,5822,84082,1980,51000,5822,135082,California
San Mateo,2021-02-20,3730,189971,2414,99772,1316,90199,0,0,2306,84971,1417,52417,2306,137388,California
San Mateo,2021-02-21,2304,192275,1463,101235,841,91040,0,0,1259,85189,1041,53458,1259,138647,California
San Mateo,2021-02-22,4414,196689,3191,104426,1223,92263,0,0,2781,86343,1627,55085,2781,141428,California
San Mateo,2021-02-23,4285,200974,3041,107467,1244,93507,0,0,2480,87024,1799,56884,2480,143908,California
San Mateo,2021-02-24,7265,208239,3247,110714,4018,97525,0,0,4845,89454,2415,59299,4845,148753,California
San Mateo,2021-02-25,9071,217310,4001,114715,5070,102595,0,0,6007,92412,3049,62348,6007,154760,California
San Mateo,2021-02-26,9741,227051,3704,118419,6037,108632,0,0,6826,96338,2902,65250,6828,161588,California
San Mateo,2021-02-27,6677,233728,3411,121830,3265,111897,1,1,3630,96932,3042,68292,3636,165224,California
San Mateo,2021-02-28,4121,237849,2503,124333,1618,113515,0,1,2552,97920,1565,69857,2553,167777,California
San Mateo,2021-03-01,5618,243467,3510,127843,2108,115623,0,1,2777,97865,2832,72689,2777,170554,California
San Mateo,2021-03-02,5765,249232,3964,131807,1800,117423,1,2,3319,98748,2438,75127,3321,173875,California
San Mateo,2021-03-03,8267,257499,3849,135656,4417,121840,1,3,3567,97626,4690,79817,3568,177443,California
San Mateo,2021-03-04,8365,265864,3922,139578,4441,126281,2,5,3788,96856,4562,84379,3792,181235,California
San Mateo,2021-03-05,9066,274930,5973,145551,3090,129371,3,8,6406,100629,2640,87019,6413,187648,California
San Mateo,2021-03-06,7832,282762,5427,150978,2229,131600,176,184,5726,104433,2097,89116,5901,193549,California
San Mateo,2021-03-07,3464,286226,2311,153289,1086,132686,67,251,2004,105048,1456,90572,2071,195620,California
San Mateo,2021-03-08,4416,290642,2463,155752,1737,134423,216,467,3200,107256,1209,91781,3417,199037,California
San Mateo,2021-03-09,4527,295169,2109,157861,2146,136569,272,739,2991,108988,1530,93311,3262,202299,California
San Mateo,2021-03-10,6908,302077,2636,160497,3988,140557,284,1023,4561,111497,2335,95646,4844,207143,California
San Mateo,2021-03-11,9110,311187,5718,166215,2999,143556,393,1416,3699,110203,5385,101031,4091,211234,California
San Mateo,2021-03-12,10481,321668,6601,172816,3505,147061,375,1791,3492,107095,6975,108006,3867,215101,California
San Mateo,2021-03-13,8093,329761,3408,176224,3059,150120,1626,3417,3907,108449,4175,112181,5529,220630,California
San Mateo,2021-03-14,4929,334690,3298,179522,1524,151644,107,3524,2902,109437,2021,114202,3009,223639,California
San Mateo,2021-03-15,7114,341804,4571,184093,2369,154013,174,3698,3763,110029,3345,117547,3937,227576,California
San Mateo,2021-03-16,11892,353696,4354,188447,7415,161428,123,3821,4849,107976,7028,124575,4975,232551,California
San Mateo,2021-03-17,10775,364471,4353,192800,6298,167726,124,3945,4880,107112,5872,130447,5008,237559,California
San Mateo,2021-03-18,7215,371686,4020,196820,3012,170738,183,4128,4300,108682,2911,133358,4481,242040,California
San Mateo,2021-03-19,7348,379034,4709,201529,1972,172710,667,4795,3604,109216,3737,137095,4271,246311,California
San Mateo,2021-03-20,8267,387301,6431,207960,1502,174212,334,5129,5395,112087,2858,139953,5729,252040,California
San Mateo,2021-03-21,4139,391440,3117,211077,791,175003,231,5360,2340,112866,1789,141742,2568,254608,California
San Mateo,2021-03-22,5213,396653,3538,214615,1257,176260,418,5778,2860,113804,2341,144083,3279,257887,California
San Mateo,2021-03-23,9750,406403,4425,219040,5129,181389,196,5974,4643,113562,5081,149164,4839,262726,California
San Mateo,2021-03-24,9423,415826,5426,224466,3855,185244,142,6116,4099,112539,5261,154425,4238,266964,California
San Mateo,2021-03-25,9974,425800,4853,229319,4853,190097,268,6384,4394,111724,5480,159905,4665,271629,California
San Mateo,2021-03-26,11104,436904,7648,236967,3293,193390,163,6547,4439,109698,6629,166534,4603,276232,California
San Mateo,2021-03-27,10397,447301,7951,244918,2342,195732,104,6651,4667,108755,5711,172245,4768,281000,California
San Mateo,2021-03-28,4193,451494,2696,247614,1386,197118,111,6762,2087,108856,2098,174343,2199,283199,California
San Mateo,2021-03-29,5994,457488,3740,251354,2002,199120,252,7014,2844,108819,3133,177476,3096,286295,California
San Mateo,2021-03-30,7035,464523,3984,255338,2899,202019,152,7166,4454,110857,2568,180044,4606,290901,California
San Mateo,2021-03-31,7161,471684,4533,259871,2491,204510,137,7303,4058,111962,3090,183134,4195,295096,California
San Mateo,2021-04-01,10355,482039,5085,264956,4092,208602,1178,8481,5557,113931,4765,187899,6734,301830,California
San Mateo,2021-04-02,10579,492618,5052,270008,3969,212571,1558,10039,5542,116010,5019,192918,7098,308928,California
San Mateo,2021-04-03,9607,502225,5448,275456,2430,215001,1729,11768,4840,117817,4763,197681,6570,315498,California
San Mateo,2021-04-04,5372,507597,2584,278040,1543,216544,1245,13013,1697,117094,3665,201346,2942,318440,California
San Mateo,2021-04-05,8902,516499,4726,282766,2442,218986,1734,14747,3833,117602,5058,206404,5566,324006,California
San Mateo,2021-04-06,13039,529538,8158,290924,3033,222019,1848,16595,7444,121319,5583,211987,9300,333306,California
San Mateo,2021-04-07,11271,540809,5216,296140,4387,226406,1668,18263,4778,121286,6473,218460,6440,339746,California
San Mateo,2021-04-08,9965,550774,4981,301121,2433,228839,2551,20814,4422,122723,5530,223990,6967,346713,California
San Mateo,2021-04-09,11184,561958,5421,306542,3295,232134,2468,23282,5029,124075,6142,230132,7494,354207,California
San Mateo,2021-04-10,11080,573038,5642,312184,4025,236159,1413,24695,4591,123610,6467,236599,6002,360209,California
San Mateo,2021-04-11,6596,579634,3270,315454,880,237039,2446,27141,2325,124113,4265,240864,4768,364977,California
San Mateo,2021-04-12,7282,586916,4457,319911,1871,238910,954,28095,3542,124884,3726,244590,4497,369474,California
San Mateo,2021-04-13,8082,594998,5051,324962,3024,241934,7,28102,4286,125389,3791,248381,4296,373770,California
San Mateo,2021-04-14,8245,603243,5344,330306,2899,244833,2,28104,4312,125784,3923,252304,4318,378088,California
San Mateo,2021-04-15,10913,614156,7258,337564,3654,248487,1,28105,7164,129228,3723,256027,7167,385255,California
San Mateo,2021-04-16,9915,624071,6862,344426,3037,251524,16,28121,6311,131973,3588,259615,6333,391588,California
San Mateo,2021-04-17,9339,633410,6184,350610,3152,254676,3,28124,6011,134669,3320,262935,6016,397604,California
San Mateo,2021-04-18,5298,638708,2491,353101,2807,257483,0,28124,3582,136550,1707,264642,3588,401192,California
San Mateo,2021-04-19,8085,646793,5373,358474,2712,260195,0,28124,5186,138853,2890,267532,5193,406385,California
San Mateo,2021-04-20,10136,656929,5580,364054,4556,264751,0,28124,6513,141769,3607,271139,6523,412908,California
San Mateo,2021-04-21,8871,665800,5967,370021,2904,267655,0,28124,5516,143947,3345,274484,5523,418431,California
San Mateo,2021-04-22,8620,674420,5783,375804,2836,270491,1,28125,4871,145101,3723,278207,4877,423308,California
San Mateo,2021-04-23,8040,682460,5112,380916,2928,273419,0,28125,4693,146483,3326,281533,4708,428016,California
San Mateo,2021-04-24,8418,690878,5979,386895,2439,275858,0,28125,4419,146913,3993,285526,4423,432439,California
San Mateo,2021-04-25,1531,692409,924,387819,607,276465,0,28125,1266,147920,264,285790,1271,433710,California
Santa Barbara,2020-12-15,2,2,2,2,0,0,0,0,2,2,0,0,2,2,California
Santa Barbara,2020-12-16,2,4,2,4,0,0,0,0,2,4,0,0,2,4,California
Santa Barbara,2020-12-17,53,57,53,57,0,0,0,0,53,57,0,0,53,57,California
Santa Barbara,2020-12-18,377,434,376,433,1,1,0,0,377,434,0,0,377,434,California
Santa Barbara,2020-12-19,325,759,325,758,0,1,0,0,325,759,0,0,325,759,California
Santa Barbara,2020-12-20,235,994,235,993,0,1,0,0,235,994,0,0,235,994,California
Santa Barbara,2020-12-21,651,1645,649,1642,2,3,0,0,651,1645,0,0,651,1645,California
Santa Barbara,2020-12-22,243,1888,241,1883,2,5,0,0,243,1888,0,0,243,1888,California
Santa Barbara,2020-12-23,320,2208,202,2085,118,123,0,0,320,2208,0,0,320,2208,California
Santa Barbara,2020-12-24,87,2295,40,2125,47,170,0,0,87,2295,0,0,87,2295,California
Santa Barbara,2020-12-26,326,2621,66,2191,260,430,0,0,326,2621,0,0,326,2621,California
Santa Barbara,2020-12-27,62,2683,1,2192,61,491,0,0,62,2683,0,0,62,2683,California
Santa Barbara,2020-12-28,355,3038,222,2414,133,624,0,0,355,3038,0,0,355,3038,California
Santa Barbara,2020-12-29,554,3592,361,2775,193,817,0,0,554,3592,0,0,554,3592,California
Santa Barbara,2020-12-30,587,4179,405,3180,182,999,0,0,587,4179,0,0,587,4179,California
Santa Barbara,2020-12-31,239,4418,113,3293,126,1125,0,0,239,4418,0,0,239,4418,California
Santa Barbara,2021-01-01,108,4526,107,3400,1,1126,0,0,108,4526,0,0,108,4526,California
Santa Barbara,2021-01-02,587,5113,223,3623,364,1490,0,0,587,5113,0,0,587,5113,California
Santa Barbara,2021-01-03,23,5136,15,3638,8,1498,0,0,23,5136,0,0,23,5136,California
Santa Barbara,2021-01-04,308,5444,245,3883,63,1561,0,0,307,5443,0,0,307,5443,California
Santa Barbara,2021-01-05,751,6195,378,4261,373,1934,0,0,724,6140,27,27,724,6167,California
Santa Barbara,2021-01-06,654,6849,275,4536,379,2313,0,0,595,6677,58,85,595,6762,California
Santa Barbara,2021-01-07,1030,7879,708,5244,322,2635,0,0,525,6701,501,586,525,7287,California
Santa Barbara,2021-01-08,1201,9080,839,6083,362,2997,0,0,708,6916,493,1079,708,7995,California
Santa Barbara,2021-01-09,566,9646,293,6376,273,3270,0,0,320,6990,246,1325,320,8315,California
Santa Barbara,2021-01-10,62,9708,50,6426,12,3282,0,0,46,7020,16,1341,46,8361,California
Santa Barbara,2021-01-11,837,10545,668,7094,169,3451,0,0,614,7412,222,1563,614,8975,California
Santa Barbara,2021-01-12,1426,11971,634,7728,792,4243,0,0,1270,8526,156,1719,1270,10245,California
Santa Barbara,2021-01-13,1227,13198,281,8009,946,5189,0,0,1101,9501,126,1845,1101,11346,California
Santa Barbara,2021-01-14,1250,14448,134,8143,1116,6305,0,0,1196,10645,53,1898,1197,12543,California
Santa Barbara,2021-01-15,1800,16248,419,8562,1381,7686,0,0,1719,12284,80,1978,1719,14262,California
Santa Barbara,2021-01-16,1273,17521,203,8765,1070,8756,0,0,1234,13480,38,2016,1234,15496,California
Santa Barbara,2021-01-17,123,17644,20,8785,103,8859,0,0,120,13597,3,2019,120,15616,California
Santa Barbara,2021-01-18,1152,18796,417,9202,735,9594,0,0,967,14379,185,2204,967,16583,California
Santa Barbara,2021-01-19,1638,20434,569,9771,1069,10663,0,0,1360,15462,277,2481,1360,17943,California
Santa Barbara,2021-01-20,1997,22431,445,10216,1552,12215,0,0,1704,16874,292,2773,1704,19647,California
Santa Barbara,2021-01-21,3085,25516,1818,12034,1267,13482,0,0,2930,19650,155,2928,2931,22578,California
Santa Barbara,2021-01-22,3000,28516,1851,13885,1149,14631,0,0,2855,22363,142,3070,2855,25433,California
Santa Barbara,2021-01-23,1735,30251,1106,14991,629,15260,0,0,1225,23079,509,3579,1225,26658,California
Santa Barbara,2021-01-24,844,31095,752,15743,92,15352,0,0,835,23905,9,3588,835,27493,California
Santa Barbara,2021-01-25,1238,32333,499,16242,739,16091,0,0,1000,24667,238,3826,1000,28493,California
Santa Barbara,2021-01-26,2042,34375,466,16708,1576,17667,0,0,1655,25937,385,4211,1655,30148,California
Santa Barbara,2021-01-27,1158,35533,398,17106,760,18427,0,0,901,26583,256,4467,902,31050,California
Santa Barbara,2021-01-28,895,36428,297,17403,598,19025,0,0,681,27054,211,4678,682,31732,California
Santa Barbara,2021-01-29,1332,37760,538,17941,794,19819,0,0,980,27687,349,5027,982,32714,California
Santa Barbara,2021-01-30,1890,39650,1418,19359,472,20291,0,0,1486,28772,401,5428,1486,34200,California
Santa Barbara,2021-01-31,1456,41106,1218,20577,238,20529,0,0,1417,30150,39,5467,1417,35617,California
Santa Barbara,2021-02-01,938,42044,517,21094,421,20950,0,0,550,30312,388,5855,550,36167,California
Santa Barbara,2021-02-02,1821,43865,699,21793,1122,22072,0,0,1046,30585,773,6628,1046,37213,California
Santa Barbara,2021-02-03,1941,45806,1078,22871,863,22935,0,0,1499,31652,432,7060,1499,38712,California
Santa Barbara,2021-02-04,2776,48582,1861,24732,915,23850,0,0,2481,33843,290,7350,2481,41193,California
Santa Barbara,2021-02-05,2905,51487,2059,26791,846,24696,0,0,2262,35463,642,7992,2262,43455,California
Santa Barbara,2021-02-06,1208,52695,339,27130,869,25565,0,0,796,35847,412,8404,796,44251,California
Santa Barbara,2021-02-07,299,52994,262,27392,37,25602,0,0,264,36077,34,8438,264,44515,California
Santa Barbara,2021-02-08,955,53949,311,27703,644,26246,0,0,669,36460,286,8724,669,45184,California
Santa Barbara,2021-02-09,2439,56388,314,28017,2125,28371,0,0,1121,36272,1309,10033,1121,46305,California
Santa Barbara,2021-02-10,2760,59148,1496,29513,1264,29635,0,0,803,35126,1949,11982,803,47108,California
Santa Barbara,2021-02-11,4180,63328,2806,32319,1374,31009,0,0,624,32200,3550,15532,624,47732,California
Santa Barbara,2021-02-12,3307,66635,948,33267,2359,33368,0,0,773,30444,2529,18061,773,48505,California
Santa Barbara,2021-02-13,1237,67872,341,33608,896,34264,0,0,562,30334,672,18733,562,49067,California
Santa Barbara,2021-02-14,331,68203,34,33642,297,34561,0,0,285,30573,46,18779,285,49352,California
Santa Barbara,2021-02-15,964,69167,337,33979,627,35188,0,0,491,30595,469,19248,491,49843,California
Santa Barbara,2021-02-16,2109,71276,396,34375,1713,36901,0,0,716,29922,1389,20637,716,50559,California
Santa Barbara,2021-02-17,1436,72712,322,34697,1114,38015,0,0,521,29530,913,21550,521,51080,California
Santa Barbara,2021-02-18,3252,75964,2647,37344,605,38620,0,0,1519,29350,1699,23249,1519,52599,California
Santa Barbara,2021-02-19,3603,79567,2648,39992,955,39575,0,0,2334,30418,1266,24515,2334,54933,California
Santa Barbara,2021-02-20,2219,81786,1432,41424,787,40362,0,0,1667,31542,543,25058,1667,56600,California
Santa Barbara,2021-02-21,124,81910,97,41521,27,40389,0,0,57,31532,67,25125,57,56657,California
Santa Barbara,2021-02-22,934,82844,243,41764,691,41080,0,0,262,31128,666,25791,262,56919,California
Santa Barbara,2021-02-23,3181,86025,1043,42807,2138,43218,0,0,419,28787,2760,28551,419,57338,California
Santa Barbara,2021-02-24,3195,89220,1086,43893,2109,45327,0,0,721,27043,2465,31016,721,58059,California
Santa Barbara,2021-02-25,3452,92672,1916,45809,1536,46863,0,0,985,25569,2460,33476,986,59045,California
Santa Barbara,2021-02-26,3664,96336,2174,47983,1490,48353,0,0,1980,25872,1677,35153,1980,61025,California
Santa Barbara,2021-02-27,1527,97863,561,48544,966,49319,0,0,846,26045,675,35828,848,61873,California
Santa Barbara,2021-02-28,1082,98945,220,48764,862,50181,0,0,891,26750,187,36015,892,62765,California
Santa Barbara,2021-03-01,1622,100567,461,49225,1161,51342,0,0,1080,27298,533,36548,1081,63846,California
Santa Barbara,2021-03-02,2609,103176,411,49636,2198,53540,0,0,2115,28931,483,37031,2116,65962,California
Santa Barbara,2021-03-03,4625,107801,2096,51732,2528,56068,1,1,4033,32386,582,37613,4037,69999,California
Santa Barbara,2021-03-04,3410,111211,2281,54013,1129,57197,0,1,2857,34696,547,38160,2857,72856,California
Santa Barbara,2021-03-05,3801,115012,2152,56165,1590,58787,59,60,3079,37118,716,38876,3138,75994,California
Santa Barbara,2021-03-06,2437,117449,726,56891,1492,60279,219,279,1671,38245,762,39638,1889,77883,California
Santa Barbara,2021-03-07,557,118006,122,57013,307,60586,128,407,381,38580,175,39813,510,78393,California
Santa Barbara,2021-03-08,1570,119576,374,57387,854,61440,342,749,790,38938,774,40587,1132,79525,California
Santa Barbara,2021-03-09,2766,122342,324,57711,1672,63112,770,1519,718,38377,2045,42632,1484,81009,California
Santa Barbara,2021-03-10,2751,125093,545,58256,1160,64272,1046,2565,1034,38745,1712,44344,2080,83089,California
Santa Barbara,2021-03-11,5573,130666,3031,61287,1428,65700,1114,3679,2279,38852,3282,47626,3389,86478,California
Santa Barbara,2021-03-12,3651,134317,2094,63381,1130,66830,427,4106,2172,39978,1471,49097,2597,89075,California
Santa Barbara,2021-03-13,3469,137786,1920,65301,1340,68170,209,4315,2695,42110,773,49870,2905,91980,California
Santa Barbara,2021-03-14,775,138561,366,65667,352,68522,57,4372,457,42306,318,50188,514,92494,California
Santa Barbara,2021-03-15,2102,140663,694,66361,1117,69639,291,4663,1266,43028,833,51021,1555,94049,California
Santa Barbara,2021-03-16,3725,144388,1170,67531,2214,71853,341,5004,2742,45131,980,52001,3083,97132,California
Santa Barbara,2021-03-17,3297,147685,970,68501,1922,73775,405,5409,2307,46853,988,52989,2710,99842,California
Santa Barbara,2021-03-18,5116,152801,2796,71297,2120,75895,200,5609,3897,49743,1207,54196,4097,103939,California
Santa Barbara,2021-03-19,4435,157236,2762,74059,1341,77236,332,5941,3045,51733,1386,55582,3376,107315,California
Santa Barbara,2021-03-20,2159,159395,825,74884,1324,78560,10,5951,1324,52234,833,56415,1334,108649,California
Santa Barbara,2021-03-21,1161,160556,382,75266,750,79310,29,5980,838,52779,322,56737,867,109516,California
Santa Barbara,2021-03-22,2777,163333,1914,77180,819,80129,44,6024,2226,54504,545,57282,2270,111786,California
Santa Barbara,2021-03-23,4470,167803,2246,79426,2128,82257,96,6120,3711,57561,750,58032,3807,115593,California
Santa Barbara,2021-03-24,5383,173186,3154,82580,1496,83753,733,6853,2953,58835,2411,60443,3685,119278,California
Santa Barbara,2021-03-25,5534,178720,3278,85858,2070,85823,186,7039,2765,59031,2755,63198,2951,122229,California
Santa Barbara,2021-03-26,5071,183791,3215,89073,1558,87381,298,7337,2237,58748,2818,66016,2535,124764,California
Santa Barbara,2021-03-27,2927,186718,1222,90295,1662,89043,43,7380,1595,59057,1327,67343,1636,126400,California
Santa Barbara,2021-03-28,2777,189495,1653,91948,1096,90139,28,7408,1896,60103,878,68221,1924,128324,California
Santa Barbara,2021-03-29,4041,193536,2087,94035,1885,92024,69,7477,3236,62608,800,69021,3305,131629,California
Santa Barbara,2021-03-30,6780,200316,3501,97536,3131,95155,148,7625,4557,65102,2209,71230,4703,136332,California
Santa Barbara,2021-03-31,8625,208941,5498,103034,3063,98218,64,7689,5051,66660,3558,74788,5116,141448,California
Santa Barbara,2021-04-01,6892,215833,5083,108117,1551,99769,258,7947,4049,68134,2831,77619,4305,145753,California
Santa Barbara,2021-04-02,6595,222428,4526,112643,1477,101246,592,8539,3384,68905,3204,80823,3975,149728,California
Santa Barbara,2021-04-03,3780,226208,2100,114743,1612,102858,68,8607,2490,70176,1286,82109,2557,152285,California
Santa Barbara,2021-04-04,894,227102,442,115185,412,103270,40,8647,496,70316,396,82505,536,152821,California
Santa Barbara,2021-04-05,3437,230539,2265,117450,914,104184,258,8905,2145,71434,1286,83791,2404,155225,California
Santa Barbara,2021-04-06,5448,235987,2816,120266,2097,106281,535,9440,3335,73203,2099,85890,3868,159093,California
Santa Barbara,2021-04-07,5986,241973,3287,123553,2159,108440,540,9980,4083,75932,1892,87782,4621,163714,California
Santa Barbara,2021-04-08,7375,249348,5027,128580,635,109075,1713,11693,3411,77093,3961,91743,5122,168836,California
Santa Barbara,2021-04-09,7282,256630,4864,133444,1074,110149,1344,13037,3297,77755,3976,95719,4638,173474,California
Santa Barbara,2021-04-10,6625,263255,4599,138043,1411,111560,615,13652,4517,80783,2104,97823,5132,178606,California
Santa Barbara,2021-04-11,2660,265915,1947,139990,414,111974,299,13951,1840,82103,815,98638,2135,180741,California
Santa Barbara,2021-04-12,4446,270361,2865,142855,1027,113001,554,14505,1940,82095,2500,101138,2492,183233,California
Santa Barbara,2021-04-13,6297,276658,4136,146991,2155,115156,6,14511,2610,81026,3684,104822,2615,185848,California
Santa Barbara,2021-04-14,6739,283397,4418,151409,2319,117475,2,14513,4226,82750,2503,107325,4227,190075,California
Santa Barbara,2021-04-15,6932,290329,4093,155502,2838,120313,1,14514,3847,83526,3073,110398,3849,193924,California
Santa Barbara,2021-04-16,6372,296701,3749,159251,2612,122925,11,14525,4394,85967,1963,112361,4404,198328,California
Santa Barbara,2021-04-17,5303,302004,3872,163123,1431,124356,0,14525,4098,88868,1197,113558,4098,202426,California
Santa Barbara,2021-04-18,2120,304124,1471,164594,649,125005,0,14525,370,87492,1747,115305,371,202797,California
Santa Barbara,2021-04-19,3186,307310,2214,166808,967,125972,5,14530,994,86303,2189,117494,1000,203797,California
Santa Barbara,2021-04-20,5873,313183,3954,170762,1918,127890,1,14531,1661,83764,4200,121694,1661,205458,California
Santa Barbara,2021-04-21,5476,318659,3638,174400,1838,129728,0,14531,1755,81810,3709,125403,1755,207213,California
Santa Barbara,2021-04-22,4855,323514,2416,176816,2439,132167,0,14531,1394,79759,3446,128849,1395,208608,California
Santa Barbara,2021-04-23,3772,327286,2562,179378,1210,133377,0,14531,1508,79009,2258,131107,1508,210116,California
Santa Barbara,2021-04-24,2232,329518,1406,180784,821,134198,5,14536,1098,78983,1129,132236,1103,211219,California
Santa Barbara,2021-04-25,73,329591,46,180830,27,134225,0,14536,37,78986,34,132270,37,211256,California
Santa Clara,2020-12-15,65,65,65,65,0,0,0,0,65,65,0,0,65,65,California
Santa Clara,2020-12-16,136,201,136,201,0,0,0,0,136,201,0,0,136,201,California
Santa Clara,2020-12-17,390,591,390,591,0,0,0,0,390,591,0,0,390,591,California
Santa Clara,2020-12-18,1674,2265,1674,2265,0,0,0,0,1674,2265,0,0,1674,2265,California
Santa Clara,2020-12-19,2073,4338,2073,4338,0,0,0,0,2072,4337,0,0,2072,4337,California
Santa Clara,2020-12-20,1898,6236,1892,6230,6,6,0,0,1895,6232,0,0,1895,6232,California
Santa Clara,2020-12-21,2668,8904,2668,8898,0,6,0,0,2666,8898,0,0,2666,8898,California
Santa Clara,2020-12-22,3125,12029,3116,12014,9,15,0,0,3122,12020,0,0,3122,12020,California
Santa Clara,2020-12-23,3258,15287,3073,15087,185,200,0,0,3256,15276,0,0,3256,15276,California
Santa Clara,2020-12-24,1899,17186,1712,16799,187,387,0,0,1893,17168,1,1,1893,17169,California
Santa Clara,2020-12-25,343,17529,342,17141,1,388,0,0,343,17511,0,1,343,17512,California
Santa Clara,2020-12-26,1263,18792,1031,18172,232,620,0,0,1262,18773,0,1,1262,18774,California
Santa Clara,2020-12-27,647,19439,507,18679,140,760,0,0,647,19420,0,1,647,19421,California
Santa Clara,2020-12-28,2331,21770,1729,20408,602,1362,0,0,2331,21751,0,1,2331,21752,California
Santa Clara,2020-12-29,2326,24096,1466,21874,860,2222,0,0,2324,24075,0,1,2324,24076,California
Santa Clara,2020-12-30,2987,27083,1898,23772,1089,3311,0,0,2985,27058,2,3,2985,27061,California
Santa Clara,2020-12-31,1211,28294,387,24159,824,4135,0,0,1210,28267,1,4,1210,28271,California
Santa Clara,2021-01-01,138,28432,8,24167,130,4265,0,0,138,28405,0,4,138,28409,California
Santa Clara,2021-01-02,1081,29513,812,24979,269,4534,0,0,1081,29486,0,4,1081,29490,California
Santa Clara,2021-01-03,584,30097,369,25348,215,4749,0,0,579,30062,3,7,579,30069,California
Santa Clara,2021-01-04,2465,32562,1666,27014,799,5548,0,0,2463,32525,0,7,2463,32532,California
Santa Clara,2021-01-05,3057,35619,2002,29016,1055,6603,0,0,2869,35213,187,194,2875,35407,California
Santa Clara,2021-01-06,3319,38938,1954,30970,1365,7968,0,0,2744,37387,571,765,2745,38152,California
Santa Clara,2021-01-07,4212,43150,2554,33524,1658,9626,0,0,3146,39482,1056,1821,3151,41303,California
Santa Clara,2021-01-08,5840,48990,3820,37344,2020,11646,0,0,3787,41220,2049,3870,3787,45090,California
Santa Clara,2021-01-09,2970,51960,1863,39207,1107,12753,0,0,1686,41625,1284,5154,1689,46779,California
Santa Clara,2021-01-10,1952,53912,1509,40716,443,13196,0,0,740,41154,1211,6365,740,47519,California
Santa Clara,2021-01-11,5932,59844,3733,44449,2199,15395,0,0,3373,41974,2558,8923,3378,50897,California
Santa Clara,2021-01-12,6799,66643,3398,47847,3401,18796,0,0,4556,44290,2241,11164,4557,55454,California
Santa Clara,2021-01-13,7361,74004,3042,50889,4319,23115,0,0,5193,47318,2166,13330,5194,60648,California
Santa Clara,2021-01-14,8227,82231,2790,53679,5437,28552,0,0,6489,52075,1733,15063,6490,67138,California
Santa Clara,2021-01-15,9445,91676,2680,56359,6765,35317,0,0,8130,58898,1312,16375,8135,75273,California
Santa Clara,2021-01-16,4295,95971,1224,57583,3071,38388,0,0,3463,61533,828,17203,3463,78736,California
Santa Clara,2021-01-17,3213,99184,601,58184,2612,41000,0,0,2717,63754,496,17699,2717,81453,California
Santa Clara,2021-01-18,5086,104270,1149,59333,3937,44937,0,0,4534,67737,552,18251,4535,85988,California
Santa Clara,2021-01-19,8460,112730,2658,61991,5802,50739,0,0,6785,72853,1672,19923,6788,92776,California
Santa Clara,2021-01-20,7985,120715,4014,66005,3971,54710,0,0,6446,77765,1534,21457,6446,99222,California
Santa Clara,2021-01-21,8542,129257,3633,69638,4909,59619,0,0,7393,84013,1147,22604,7395,106617,California
Santa Clara,2021-01-22,8582,137839,3202,72840,5380,64999,0,0,8019,91472,562,23166,8021,114638,California
Santa Clara,2021-01-23,3780,141619,1687,74527,2093,67092,0,0,2823,93339,957,24123,2824,117462,California
Santa Clara,2021-01-24,2824,144443,1421,75948,1403,68495,0,0,2337,95191,485,24608,2337,119799,California
Santa Clara,2021-01-25,8365,152808,3780,79728,4585,73080,0,0,6309,99455,2049,26657,6313,126112,California
Santa Clara,2021-01-26,8228,161036,3760,83488,4468,77548,0,0,6117,103473,2101,28758,6119,132231,California
Santa Clara,2021-01-27,8704,169740,3823,87311,4881,82429,0,0,6784,108359,1899,30657,6785,139016,California
Santa Clara,2021-01-28,9413,179153,3769,91080,5644,88073,0,0,7465,113900,1928,32585,7469,146485,California
Santa Clara,2021-01-29,9498,188651,3935,95015,5563,93636,0,0,7334,119082,2155,34740,7337,153822,California
Santa Clara,2021-01-30,4167,192818,2061,97076,2106,95742,0,0,2963,120849,1197,35937,2964,156786,California
Santa Clara,2021-01-31,2170,194988,1302,98378,868,96610,0,0,1580,121842,587,36524,1580,158366,California
Santa Clara,2021-02-01,7826,202814,3480,101858,4346,100956,0,0,6140,126304,1679,38203,6141,164507,California
Santa Clara,2021-02-02,8294,211108,2870,104728,5424,106380,0,0,6305,130628,1984,40187,6308,170815,California
Santa Clara,2021-02-03,9191,220299,3480,108208,5711,112091,0,0,6919,135287,2266,42453,6925,177740,California
Santa Clara,2021-02-04,10883,231182,4109,112317,6774,118865,0,0,8604,141625,2269,44722,8607,186347,California
Santa Clara,2021-02-05,11903,243085,4345,116662,7558,126423,0,0,8447,146632,3441,48163,8448,194795,California
Santa Clara,2021-02-06,5173,248258,2808,119470,2365,128788,0,0,4013,149491,1156,49319,4015,198810,California
Santa Clara,2021-02-07,3470,251728,2347,121817,1123,129911,0,0,3019,152061,450,49769,3020,201830,California
Santa Clara,2021-02-08,10002,261730,3478,125295,6524,136435,0,0,7291,156656,2697,52466,7292,209122,California
Santa Clara,2021-02-09,11130,272860,3808,129103,7322,143757,0,0,7654,160847,3466,55932,7657,216779,California
Santa Clara,2021-02-10,12619,285479,4894,133997,7725,151482,0,0,6904,162051,5702,61634,6906,223685,California
Santa Clara,2021-02-11,13456,298935,4700,138697,8756,160238,0,0,7671,163952,5771,67405,7672,231357,California
Santa Clara,2021-02-12,14529,313464,4477,143174,10052,170290,0,0,7012,163468,7498,74903,7014,238371,California
Santa Clara,2021-02-13,6061,319525,1447,144621,4614,174904,0,0,2209,161833,3846,78749,2211,240582,California
Santa Clara,2021-02-14,4612,324137,1140,145761,3472,178376,0,0,1468,160160,3143,81892,1470,242052,California
Santa Clara,2021-02-15,6244,330381,2795,148556,3449,181825,0,0,2701,159324,3537,85429,2701,244753,California
Santa Clara,2021-02-16,13749,344130,3992,152548,9757,191582,0,0,6917,159426,6815,92244,6917,251670,California
Santa Clara,2021-02-17,14054,358184,5485,158033,8569,200151,0,0,7040,159475,6996,99240,7045,258715,California
Santa Clara,2021-02-18,13695,371879,8348,166381,5347,205498,0,0,7004,159814,6668,105908,7007,265722,California
Santa Clara,2021-02-19,14677,386556,9513,175894,5164,210662,0,0,8496,162148,6166,112074,8500,274222,California
Santa Clara,2021-02-20,6807,393363,5093,180987,1714,212376,0,0,3673,162696,3125,115199,3673,277895,California
Santa Clara,2021-02-21,3240,396603,2424,183411,816,213192,0,0,1163,161791,2070,117269,1165,279060,California
Santa Clara,2021-02-22,10143,406746,6075,189486,4068,217260,0,0,4734,161127,5399,122668,4735,283795,California
Santa Clara,2021-02-23,11837,418583,7696,197182,4141,221401,0,0,6710,162726,5115,127783,6714,290509,California
Santa Clara,2021-02-24,14110,432693,9084,206266,5026,226427,0,0,8736,166104,5358,133141,8736,299245,California
Santa Clara,2021-02-25,14568,447261,9222,215488,5346,231773,0,0,7865,167289,6685,139826,7870,307115,California
Santa Clara,2021-02-26,14547,461808,8432,223920,6115,237888,0,0,7998,168767,6523,146349,8001,315116,California
Santa Clara,2021-02-27,8043,469851,5488,229408,2554,240442,1,1,4451,169644,3582,149931,4459,319575,California
Santa Clara,2021-02-28,4715,474566,3068,232476,1647,242089,0,1,2204,169346,2502,152433,2204,321779,California
Santa Clara,2021-03-01,14053,488619,7966,240442,6084,248173,3,4,8693,172703,5339,157772,8696,330475,California
Santa Clara,2021-03-02,15759,504378,9379,249821,6380,254553,0,4,10212,177393,5523,163295,10213,340688,California
Santa Clara,2021-03-03,18265,522643,8893,258714,9371,263924,1,5,11322,181816,6906,170201,11329,352017,California
Santa Clara,2021-03-04,16342,538985,8911,267625,7428,271352,3,8,9533,184611,6743,176944,9538,361555,California
Santa Clara,2021-03-05,16427,555412,9117,276742,7185,278537,125,133,9115,186562,7293,184237,9244,370799,California
Santa Clara,2021-03-06,9342,564754,6263,283005,2644,281181,435,568,7038,191744,2291,186528,7473,378272,California
Santa Clara,2021-03-07,6713,571467,4405,287410,2077,283258,231,799,5349,195967,1356,187884,5579,383851,California
Santa Clara,2021-03-08,12828,584295,6680,294090,5587,288845,561,1360,8217,200152,4595,192479,8780,392631,California
Santa Clara,2021-03-09,14792,599087,6208,300298,7258,296103,1326,2686,6545,199791,8230,200709,7869,400500,California
Santa Clara,2021-03-10,14864,613951,6464,306762,6382,302485,2018,4704,6068,199088,8772,209481,8069,408569,California
Santa Clara,2021-03-11,16884,630835,7726,314488,7655,310140,1503,6207,5973,195669,10884,220365,7465,416034,California
Santa Clara,2021-03-12,17611,648446,9053,323541,6988,317128,1570,7777,5940,191534,11632,231997,7497,423531,California
Santa Clara,2021-03-13,10666,659112,6179,329720,3002,320130,1485,9262,4762,191887,5881,237878,6234,429765,California
Santa Clara,2021-03-14,6466,665578,3345,333065,1822,321952,1299,10561,3192,193111,3259,241137,4483,434248,California
Santa Clara,2021-03-15,12738,678316,6515,339580,5955,327907,268,10829,5966,192593,6753,247890,6235,440483,California
Santa Clara,2021-03-16,18106,696422,10243,349823,7657,335564,206,11035,8770,192258,9309,257199,8974,449457,California
Santa Clara,2021-03-17,19784,716206,11207,361030,8409,343973,168,11203,10213,193111,9523,266722,10376,459833,California
Santa Clara,2021-03-18,18943,735149,8855,369885,8930,352903,1158,12361,9139,193655,9750,276472,10294,470127,California
Santa Clara,2021-03-19,19133,754282,9838,379723,8297,361200,998,13359,10019,195605,9058,285530,11008,481135,California
Santa Clara,2021-03-20,11437,765719,6277,386000,4333,365533,827,14186,6719,198457,4690,290220,7542,488677,California
Santa Clara,2021-03-21,8234,773953,3715,389715,3119,368652,1400,15586,5521,202665,2704,292924,6912,495589,California
Santa Clara,2021-03-22,16221,790174,9044,398759,6833,375485,344,15930,9269,205348,6930,299854,9613,505202,California
Santa Clara,2021-03-23,19119,809293,12163,410922,6443,381928,513,16443,11239,209264,7836,307690,11752,516954,California
Santa Clara,2021-03-24,22469,831762,14478,425400,7580,389508,411,16854,14643,216535,7785,315475,15056,532010,California
Santa Clara,2021-03-25,22782,854544,13049,438449,8750,398258,983,17837,14703,224195,8016,323491,15676,547686,California
Santa Clara,2021-03-26,21764,876308,13870,452319,7511,405769,383,18220,13460,229764,8269,331760,13838,561524,California
Santa Clara,2021-03-27,15587,891895,10369,462688,4456,410225,762,18982,8408,231790,7142,338902,9168,570692,California
Santa Clara,2021-03-28,11980,903875,8281,470969,2986,413211,713,19695,6484,233509,5473,344375,7192,577884,California
Santa Clara,2021-03-29,20486,924361,12574,483543,7188,420399,724,20419,11151,236086,9295,353670,11872,589756,California
Santa Clara,2021-03-30,25427,949788,15142,498685,8353,428752,1932,22351,16269,245158,9123,362793,18195,607951,California
Santa Clara,2021-03-31,20250,970038,11746,510431,7382,436134,1122,23473,12554,251162,7664,370457,13668,621619,California
Santa Clara,2021-04-01,31338,1001376,19608,530039,8745,444879,2985,26458,19792,262441,11488,381945,22767,644386,California
Santa Clara,2021-04-02,24840,1026216,14193,544232,8535,453414,2112,28570,16211,272160,8598,390543,18317,662703,California
Santa Clara,2021-04-03,15045,1041261,9124,553356,3441,456855,2480,31050,8342,276289,6684,397227,10813,673516,California
Santa Clara,2021-04-04,7561,1048822,4005,557361,2404,459259,1152,32202,3933,277755,3619,400846,5085,678601,California
Santa Clara,2021-04-05,21461,1070283,14304,571665,4706,463965,2451,34653,13971,286709,7466,408312,16420,695021,California
Santa Clara,2021-04-06,29103,1099386,15994,587659,7701,471666,5408,40061,17455,297957,11608,419920,22856,717877,California
Santa Clara,2021-04-07,30412,1129798,15678,603337,8312,479978,6422,46483,18546,311097,11815,431735,24955,742832,California
Santa Clara,2021-04-08,28928,1158726,15939,619276,5911,485889,7078,53561,15928,321156,12929,444664,22988,765820,California
Santa Clara,2021-04-09,27497,1186223,13595,632871,6748,492637,7154,60715,13992,328830,13454,458118,21128,786948,California
Santa Clara,2021-04-10,21123,1207346,12215,645086,3720,496357,5188,65903,11300,335501,9791,467909,16462,803410,California
Santa Clara,2021-04-11,15875,1223221,9495,654581,2622,498979,3758,69661,8212,339834,7630,475539,11963,815373,California
Santa Clara,2021-04-12,26635,1249856,18753,673334,5485,504464,2397,72058,18176,351999,8406,483945,20571,835944,California
Santa Clara,2021-04-13,33414,1283270,26769,700103,6619,511083,26,72084,25932,370575,7405,491350,25981,861925,California
Santa Clara,2021-04-14,35838,1319108,27094,727197,8741,519824,3,72087,25808,386443,9970,501320,25838,887763,California
Santa Clara,2021-04-15,43013,1362121,33903,761100,9110,528934,0,72087,33366,410283,9550,510870,33390,921153,California
Santa Clara,2021-04-16,37745,1399866,26137,787237,11606,540540,2,72089,27326,427285,10350,521220,27352,948505,California
Santa Clara,2021-04-17,21377,1421243,14861,802098,6515,547055,1,72090,14884,435735,6451,527671,14901,963406,California
Santa Clara,2021-04-18,16099,1437342,10366,812464,5733,552788,0,72090,10026,439730,6041,533712,10036,973442,California
Santa Clara,2021-04-19,28038,1465380,20132,832596,7905,560693,1,72091,16900,445588,11071,544783,16929,990371,California
Santa Clara,2021-04-20,35207,1500587,21087,853683,14120,574813,0,72091,21405,453315,13706,558489,21433,1011804,California
Santa Clara,2021-04-21,34642,1535229,20000,873683,14642,589455,0,72091,22399,463574,12173,570662,22432,1034236,California
Santa Clara,2021-04-22,23374,1558603,14669,888352,8704,598159,1,72092,9803,459903,13506,584168,9835,1044071,California
Santa Clara,2021-04-23,16315,1574918,9681,898033,6634,604793,0,72092,6652,456969,9603,593771,6669,1050740,California
Santa Clara,2021-04-24,9607,1584525,5940,903973,3666,608459,1,72093,3688,454784,5893,599664,3708,1054448,California
Santa Clara,2021-04-25,1743,1586268,1007,904980,736,609195,0,72093,821,454710,919,600583,845,1055293,California
Santa Cruz,2020-12-15,2,2,2,2,0,0,0,0,2,2,0,0,2,2,California
Santa Cruz,2020-12-16,57,59,57,59,0,0,0,0,57,59,0,0,57,59,California
Santa Cruz,2020-12-17,389,448,389,448,0,0,0,0,389,448,0,0,389,448,California
Santa Cruz,2020-12-18,464,912,464,912,0,0,0,0,464,912,0,0,464,912,California
Santa Cruz,2020-12-19,178,1090,177,1089,1,1,0,0,178,1090,0,0,178,1090,California
Santa Cruz,2020-12-20,95,1185,95,1184,0,1,0,0,95,1185,0,0,95,1185,California
Santa Cruz,2020-12-21,435,1620,435,1619,0,1,0,0,435,1620,0,0,435,1620,California
Santa Cruz,2020-12-22,424,2044,423,2042,1,2,0,0,424,2044,0,0,424,2044,California
Santa Cruz,2020-12-23,372,2416,329,2371,43,45,0,0,372,2416,0,0,372,2416,California
Santa Cruz,2020-12-24,125,2541,49,2420,76,121,0,0,125,2541,0,0,125,2541,California
Santa Cruz,2020-12-25,11,2552,11,2431,0,121,0,0,11,2552,0,0,11,2552,California
Santa Cruz,2020-12-26,64,2616,45,2476,19,140,0,0,64,2616,0,0,64,2616,California
Santa Cruz,2020-12-27,32,2648,27,2503,5,145,0,0,32,2648,0,0,32,2648,California
Santa Cruz,2020-12-28,485,3133,108,2611,377,522,0,0,485,3133,0,0,485,3133,California
Santa Cruz,2020-12-29,800,3933,370,2981,430,952,0,0,800,3933,0,0,800,3933,California
Santa Cruz,2020-12-30,356,4289,164,3145,192,1144,0,0,356,4289,0,0,356,4289,California
Santa Cruz,2020-12-31,313,4602,11,3156,302,1446,0,0,313,4602,0,0,313,4602,California
Santa Cruz,2021-01-01,33,4635,1,3157,32,1478,0,0,33,4635,0,0,33,4635,California
Santa Cruz,2021-01-02,71,4706,57,3214,14,1492,0,0,71,4706,0,0,71,4706,California
Santa Cruz,2021-01-03,15,4721,7,3221,8,1500,0,0,15,4721,0,0,15,4721,California
Santa Cruz,2021-01-04,281,5002,123,3344,158,1658,0,0,279,5000,0,0,279,5000,California
Santa Cruz,2021-01-05,566,5568,428,3772,138,1796,0,0,264,4962,302,302,264,5264,California
Santa Cruz,2021-01-06,802,6370,669,4441,133,1929,0,0,464,5089,337,639,464,5728,California
Santa Cruz,2021-01-07,541,6911,212,4653,329,2258,0,0,388,5325,153,792,389,6117,California
Santa Cruz,2021-01-08,932,7843,560,5213,372,2630,0,0,485,5364,447,1239,486,6603,California
Santa Cruz,2021-01-09,463,8306,123,5336,340,2970,0,0,409,5719,54,1293,409,7012,California
Santa Cruz,2021-01-10,80,8386,70,5406,10,2980,0,0,21,5681,59,1352,21,7033,California
Santa Cruz,2021-01-11,723,9109,589,5995,134,3114,0,0,191,5340,532,1884,191,7224,California
Santa Cruz,2021-01-12,736,9845,532,6527,204,3318,0,0,493,5590,243,2127,493,7717,California
Santa Cruz,2021-01-13,522,10367,228,6755,294,3612,0,0,438,5947,81,2208,438,8155,California
Santa Cruz,2021-01-14,555,10922,101,6856,454,4066,0,0,489,6370,66,2274,489,8644,California
Santa Cruz,2021-01-15,1459,12381,77,6933,1382,5448,0,0,1394,7702,64,2338,1396,10040,California
Santa Cruz,2021-01-16,426,12807,54,6987,372,5820,0,0,407,8090,19,2357,407,10447,California
Santa Cruz,2021-01-17,297,13104,41,7028,256,6076,0,0,272,8337,25,2382,272,10719,California
Santa Cruz,2021-01-18,1015,14119,105,7133,910,6986,0,0,953,9228,62,2444,953,11672,California
Santa Cruz,2021-01-19,1622,15741,524,7657,1098,8084,0,0,1269,10147,351,2795,1270,12942,California
Santa Cruz,2021-01-20,1235,16976,183,7840,1052,9136,0,0,1038,10991,194,2989,1038,13980,California
Santa Cruz,2021-01-21,1712,18688,200,8040,1512,10648,0,0,1604,12489,108,3097,1606,15586,California
Santa Cruz,2021-01-22,1796,20484,532,8572,1264,11912,0,0,1694,14085,99,3196,1695,17281,California
Santa Cruz,2021-01-23,402,20886,147,8719,255,12167,0,0,342,14368,59,3255,342,17623,California
Santa Cruz,2021-01-24,116,21002,21,8740,95,12262,0,0,98,14448,18,3273,98,17721,California
Santa Cruz,2021-01-25,1062,22064,361,9101,701,12963,0,0,551,14488,511,3784,551,18272,California
Santa Cruz,2021-01-26,1695,23759,248,9349,1447,14410,0,0,1182,15157,513,4297,1182,19454,California
Santa Cruz,2021-01-27,1653,25412,449,9798,1204,15614,0,0,1269,16044,382,4679,1269,20723,California
Santa Cruz,2021-01-28,1749,27161,293,10091,1456,17070,0,0,1472,17240,277,4956,1473,22196,California
Santa Cruz,2021-01-29,1733,28894,489,10580,1244,18314,0,0,1603,18714,129,5085,1603,23799,California
Santa Cruz,2021-01-30,1059,29953,308,10888,751,19065,0,0,926,19507,133,5218,926,24725,California
Santa Cruz,2021-01-31,221,30174,113,11001,108,19173,0,0,207,19700,14,5232,207,24932,California
Santa Cruz,2021-02-01,1232,31406,759,11760,473,19646,0,0,826,20120,406,5638,826,25758,California
Santa Cruz,2021-02-02,1008,32414,128,11888,880,20526,0,0,853,20819,154,5792,853,26611,California
Santa Cruz,2021-02-03,2237,34651,960,12848,1277,21803,0,0,1922,22430,311,6103,1922,28533,California
Santa Cruz,2021-02-04,1855,36506,773,13621,1082,22885,0,0,1518,23612,336,6439,1518,30051,California
Santa Cruz,2021-02-05,3172,39678,793,14414,2379,25264,0,0,2852,26145,319,6758,2852,32903,California
Santa Cruz,2021-02-06,2588,42266,164,14578,2424,27688,0,0,2240,28037,348,7106,2240,35143,California
Santa Cruz,2021-02-07,909,43175,122,14700,787,28475,0,0,891,28910,18,7124,891,36034,California
Santa Cruz,2021-02-08,715,43890,202,14902,513,28988,0,0,515,29226,199,7323,515,36549,California
Santa Cruz,2021-02-09,2373,46263,1056,15958,1317,30305,0,0,2110,31077,259,7582,2110,38659,California
Santa Cruz,2021-02-10,2201,48464,579,16537,1622,31927,0,0,1502,31890,690,8272,1503,40162,California
Santa Cruz,2021-02-11,1856,50320,317,16854,1539,33466,0,0,1329,32694,525,8797,1329,41491,California
Santa Cruz,2021-02-12,3225,53545,421,17275,2804,36270,0,0,1815,33109,1402,10199,1817,43308,California
Santa Cruz,2021-02-13,1710,55255,124,17399,1586,37856,0,0,1296,33991,414,10613,1296,44604,California
Santa Cruz,2021-02-14,1403,56658,70,17469,1333,39189,0,0,1139,34866,264,10877,1139,45743,California
Santa Cruz,2021-02-15,1583,58241,280,17749,1303,40492,0,0,566,34416,1017,11894,567,46310,California
Santa Cruz,2021-02-16,1696,59937,206,17955,1490,41982,0,0,537,33815,1138,13032,537,46847,California
Santa Cruz,2021-02-17,2922,62859,976,18931,1946,43928,0,0,1221,33351,1688,14720,1224,48071,California
Santa Cruz,2021-02-18,2881,65740,639,19570,2242,46170,0,0,1230,32934,1647,16367,1230,49301,California
Santa Cruz,2021-02-19,3266,69006,1145,20715,2121,48291,0,0,2009,33688,1255,17622,2009,51310,California
Santa Cruz,2021-02-20,2386,71392,1499,22214,887,49178,0,0,1892,35086,494,18116,1892,53202,California
Santa Cruz,2021-02-21,826,72218,360,22574,466,49644,0,0,700,35662,124,18240,700,53902,California
Santa Cruz,2021-02-22,1258,73476,967,23541,291,49935,0,0,535,35476,721,18961,535,54437,California
Santa Cruz,2021-02-23,2097,75573,938,24479,1159,51094,0,0,708,34796,1388,20349,708,55145,California
Santa Cruz,2021-02-24,3182,78755,1664,26143,1518,52612,0,0,1203,34024,1975,22324,1203,56348,California
Santa Cruz,2021-02-25,3239,81994,1431,27574,1808,54420,0,0,1781,34354,1451,23775,1781,58129,California
Santa Cruz,2021-02-26,2721,84715,763,28337,1958,56378,0,0,1549,34737,1168,24943,1551,59680,California
Santa Cruz,2021-02-27,2635,87350,930,29267,1705,58083,0,0,1836,35775,798,25741,1836,61516,California
Santa Cruz,2021-02-28,1296,88646,359,29626,937,59020,0,0,1084,36650,209,25950,1084,62600,California
Santa Cruz,2021-03-01,1828,90474,1255,30881,573,59593,0,0,689,36203,1136,27086,689,63289,California
Santa Cruz,2021-03-02,1527,92001,357,31238,1170,60763,0,0,855,36391,670,27756,858,64147,California
Santa Cruz,2021-03-03,2345,94346,607,31845,1738,62501,0,0,1274,36597,1068,28824,1274,65421,California
Santa Cruz,2021-03-04,3008,97354,1407,33252,1600,64101,1,1,2024,37650,973,29797,2026,67447,California
Santa Cruz,2021-03-05,2603,99957,476,33728,2109,66210,18,19,1123,37314,1477,31274,1141,68588,California
Santa Cruz,2021-03-06,3870,103827,1346,35074,2419,68629,105,124,2158,37863,1712,32986,2261,70849,California
Santa Cruz,2021-03-07,1346,105173,128,35202,1144,69773,74,198,555,37702,790,33776,629,71478,California
Santa Cruz,2021-03-08,1080,106253,219,35421,732,70505,129,327,650,38052,429,34205,779,72257,California
Santa Cruz,2021-03-09,1773,108026,239,35660,1387,71892,147,474,700,37828,1071,35276,847,73104,California
Santa Cruz,2021-03-10,3860,111886,2090,37750,1621,73513,149,623,1997,38115,1861,37137,2148,75252,California
Santa Cruz,2021-03-11,2805,114691,1218,38968,1412,74925,175,798,1549,38586,1255,38392,1726,76978,California
Santa Cruz,2021-03-12,2756,117447,891,39859,1573,76498,292,1090,908,37940,1845,40237,1199,78177,California
Santa Cruz,2021-03-13,2309,119756,1333,41192,932,77430,44,1134,1177,38032,1130,41367,1222,79399,California
Santa Cruz,2021-03-14,902,120658,215,41407,673,78103,14,1148,440,38025,460,41827,453,79852,California
Santa Cruz,2021-03-15,1353,122011,484,41891,834,78937,35,1183,582,37875,768,42595,618,80470,California
Santa Cruz,2021-03-16,2318,124329,1088,42979,1189,80126,41,1224,1343,38286,972,43567,1383,81853,California
Santa Cruz,2021-03-17,3869,128198,2234,45213,1625,81751,10,1234,2523,39480,1342,44909,2536,84389,California
Santa Cruz,2021-03-18,3868,132066,2095,47308,1653,83404,120,1354,2072,39879,1793,46702,2192,86581,California
Santa Cruz,2021-03-19,3284,135350,1325,48633,1734,85138,225,1579,1657,40139,1622,48324,1882,88463,California
Santa Cruz,2021-03-20,2167,137517,1614,50247,516,85654,37,1616,1095,40202,1069,49393,1132,89595,California
Santa Cruz,2021-03-21,826,138343,438,50685,266,85920,122,1738,444,40389,380,49773,567,90162,California
Santa Cruz,2021-03-22,1373,139716,849,51534,502,86422,22,1760,942,40926,428,50201,965,91127,California
Santa Cruz,2021-03-23,2570,142286,1444,52978,1076,87498,50,1810,1717,41842,851,51052,1767,92894,California
Santa Cruz,2021-03-24,3020,145306,2031,55009,967,88465,22,1832,2001,42850,1014,52066,2022,94916,California
Santa Cruz,2021-03-25,2642,147948,1330,56339,1277,89742,35,1867,1357,42965,1277,53343,1392,96308,California
Santa Cruz,2021-03-26,3035,150983,1828,58167,1180,90922,27,1894,2063,44090,965,54308,2090,98398,California
Santa Cruz,2021-03-27,3238,154221,2014,60181,1199,92121,25,1919,1530,43948,1698,56006,1556,99954,California
Santa Cruz,2021-03-28,927,155148,569,60750,344,92465,14,1933,493,44026,429,56435,507,100461,California
Santa Cruz,2021-03-29,1959,157107,880,61630,1011,93476,68,2001,1260,44658,696,57131,1328,101789,California
Santa Cruz,2021-03-30,2706,159813,817,62447,1726,95202,163,2164,1735,45587,969,58100,1898,103687,California
Santa Cruz,2021-03-31,4062,163875,2722,65169,1292,96494,48,2212,2085,45747,1973,60073,2133,105820,California
Santa Cruz,2021-04-01,4023,167898,2154,67323,1762,98256,107,2319,2028,45892,1990,62063,2135,107955,California
Santa Cruz,2021-04-02,3145,171043,1427,68750,1536,99792,182,2501,1740,46414,1400,63463,1922,109877,California
Santa Cruz,2021-04-03,2261,173304,1234,69984,893,100685,134,2635,890,46069,1368,64831,1023,110900,California
Santa Cruz,2021-04-04,937,174241,492,70476,390,101075,55,2690,552,46291,385,65216,607,111507,California
Santa Cruz,2021-04-05,2263,176504,798,71274,1294,102369,171,2861,1394,46988,868,66084,1565,113072,California
Santa Cruz,2021-04-06,3378,179882,1670,72944,1328,103697,380,3241,1988,47973,1380,67464,2365,115437,California
Santa Cruz,2021-04-07,4148,184030,1636,74580,2150,105847,362,3603,1864,47918,2280,69744,2225,117662,California
Santa Cruz,2021-04-08,4267,188297,2350,76930,1402,107249,515,4118,2513,49198,1744,71488,3024,120686,California
Santa Cruz,2021-04-09,3581,191878,1523,78453,1657,108906,401,4519,1981,49986,1595,73083,2383,123069,California
Santa Cruz,2021-04-10,2262,194140,1101,79554,911,109817,250,4769,1077,50130,1182,74265,1326,124395,California
Santa Cruz,2021-04-11,1001,195141,527,80081,382,110199,92,4861,487,50195,514,74779,579,124974,California
Santa Cruz,2021-04-12,2305,197446,833,80914,1038,111237,434,5295,1104,50546,1186,75965,1537,126511,California
Santa Cruz,2021-04-13,2899,200345,1460,82374,1437,112674,2,5297,1633,50920,1261,77226,1635,128146,California
Santa Cruz,2021-04-14,4603,204948,2222,84596,2381,115055,0,5297,2383,51093,2211,79437,2384,130530,California
Santa Cruz,2021-04-15,4789,209737,2979,87575,1810,116865,0,5297,3137,52588,1642,81079,3137,133667,California
Santa Cruz,2021-04-16,4424,214161,2543,90118,1879,118744,2,5299,2470,53114,1947,83026,2473,136140,California
Santa Cruz,2021-04-17,2243,216404,894,91012,1349,120093,0,5299,1486,53844,756,83782,1486,137626,California
Santa Cruz,2021-04-18,1071,217475,511,91523,560,120653,0,5299,596,53967,473,84255,596,138222,California
Santa Cruz,2021-04-19,2428,219903,1520,93043,907,121560,1,5300,1499,54540,926,85181,1499,139721,California
Santa Cruz,2021-04-20,3116,223019,1694,94737,1422,122982,0,5300,1778,54991,1328,86509,1779,141500,California
Santa Cruz,2021-04-21,4218,227237,2873,97610,1345,124327,0,5300,2362,55513,1841,88350,2363,143863,California
Santa Cruz,2021-04-22,4117,231354,2794,100404,1323,125650,0,5300,2266,55937,1843,90193,2267,146130,California
Santa Cruz,2021-04-23,2791,234145,1633,102037,1157,126807,1,5301,1226,55607,1557,91750,1227,147357,California
Santa Cruz,2021-04-24,1796,235941,878,102915,918,127725,0,5301,460,54740,1327,93077,460,147817,California
Santa Cruz,2021-04-25,175,236116,144,103059,31,127756,0,5301,39,54643,136,93213,39,147856,California
Shasta,2020-12-16,131,131,131,131,0,0,0,0,131,131,0,0,131,131,California
Shasta,2020-12-17,417,548,417,548,0,0,0,0,417,548,0,0,417,548,California
Shasta,2020-12-18,166,714,166,714,0,0,0,0,166,714,0,0,166,714,California
Shasta,2020-12-19,1,715,1,715,0,0,0,0,1,715,0,0,1,715,California
Shasta,2020-12-21,80,795,80,795,0,0,0,0,80,795,0,0,80,795,California
Shasta,2020-12-22,191,986,186,981,5,5,0,0,191,986,0,0,191,986,California
Shasta,2020-12-23,174,1160,170,1151,4,9,0,0,174,1160,0,0,174,1160,California
Shasta,2020-12-24,18,1178,18,1169,0,9,0,0,18,1178,0,0,18,1178,California
Shasta,2020-12-26,4,1182,1,1170,3,12,0,0,4,1182,0,0,4,1182,California
Shasta,2020-12-27,1,1183,0,1170,1,13,0,0,1,1183,0,0,1,1183,California
Shasta,2020-12-28,40,1223,31,1201,9,22,0,0,40,1223,0,0,40,1223,California
Shasta,2020-12-29,186,1409,185,1386,1,23,0,0,186,1409,0,0,186,1409,California
Shasta,2020-12-30,178,1587,168,1554,10,33,0,0,178,1587,0,0,178,1587,California
Shasta,2020-12-31,83,1670,2,1556,81,114,0,0,83,1670,0,0,83,1670,California
Shasta,2021-01-02,2,1672,0,1556,2,116,0,0,2,1672,0,0,2,1672,California
Shasta,2021-01-03,1,1673,1,1557,0,116,0,0,1,1673,0,0,1,1673,California
Shasta,2021-01-04,347,2020,306,1863,41,157,0,0,348,2021,0,0,348,2021,California
Shasta,2021-01-05,335,2355,314,2177,21,178,0,0,254,2194,81,81,254,2275,California
Shasta,2021-01-06,437,2792,395,2572,42,220,0,0,175,2108,261,342,175,2450,California
Shasta,2021-01-07,116,2908,35,2607,81,301,0,0,95,2182,21,363,95,2545,California
Shasta,2021-01-08,507,3415,447,3054,60,361,0,0,299,2273,208,571,299,2844,California
Shasta,2021-01-09,72,3487,63,3117,9,370,0,0,70,2341,2,573,70,2914,California
Shasta,2021-01-10,5,3492,0,3117,5,375,0,0,4,2345,1,574,5,2919,California
Shasta,2021-01-11,353,3845,185,3302,168,543,0,0,317,2626,36,610,317,3236,California
Shasta,2021-01-12,444,4289,327,3629,117,660,0,0,270,2722,174,784,270,3506,California
Shasta,2021-01-13,541,4830,268,3897,273,933,0,0,371,2923,170,954,371,3877,California
Shasta,2021-01-14,453,5283,51,3948,402,1335,0,0,435,3340,18,972,435,4312,California
Shasta,2021-01-15,638,5921,136,4084,502,1837,0,0,636,3974,2,974,636,4948,California
Shasta,2021-01-16,898,6819,54,4138,844,2681,0,0,895,4866,3,977,895,5843,California
Shasta,2021-01-17,27,6846,6,4144,21,2702,0,0,23,4885,4,981,23,5866,California
Shasta,2021-01-18,598,7444,129,4273,469,3171,0,0,590,5467,8,989,590,6456,California
Shasta,2021-01-19,1018,8462,397,4670,621,3792,0,0,870,6189,148,1137,870,7326,California
Shasta,2021-01-20,677,9139,409,5079,268,4060,0,0,493,6503,179,1316,493,7819,California
Shasta,2021-01-21,630,9769,277,5356,353,4413,0,0,607,7087,23,1339,607,8426,California
Shasta,2021-01-22,446,10215,171,5527,275,4688,0,0,440,7521,6,1345,440,8866,California
Shasta,2021-01-23,68,10283,5,5532,63,4751,0,0,67,7587,1,1346,67,8933,California
Shasta,2021-01-24,25,10308,2,5534,23,4774,0,0,24,7610,1,1347,24,8957,California
Shasta,2021-01-25,750,11058,491,6025,259,5033,0,0,464,7789,285,1632,464,9421,California
Shasta,2021-01-26,708,11766,332,6357,376,5409,0,0,475,8033,231,1863,475,9896,California
Shasta,2021-01-27,459,12225,179,6536,280,5689,0,0,410,8394,49,1912,410,10306,California
Shasta,2021-01-28,855,13080,576,7112,279,5968,0,0,633,8805,222,2134,633,10939,California
Shasta,2021-01-29,831,13911,330,7442,501,6469,0,0,641,9257,190,2324,642,11581,California
Shasta,2021-01-30,616,14527,14,7456,602,7071,0,0,607,9855,9,2333,607,12188,California
Shasta,2021-01-31,28,14555,4,7460,24,7095,0,0,26,9879,2,2335,26,12214,California
Shasta,2021-02-01,510,15065,148,7608,362,7457,0,0,386,10141,124,2459,386,12600,California
Shasta,2021-02-02,938,16003,493,8101,445,7902,0,0,847,10899,89,2548,847,13447,California
Shasta,2021-02-03,677,16680,210,8311,467,8369,0,0,481,11184,196,2744,481,13928,California
Shasta,2021-02-04,1071,17751,663,8974,408,8777,0,0,880,11874,190,2934,880,14808,California
Shasta,2021-02-05,1221,18972,163,9137,1058,9835,0,0,1032,12718,188,3122,1032,15840,California
Shasta,2021-02-06,1733,20705,41,9178,1692,11527,0,0,1710,14405,23,3145,1710,17550,California
Shasta,2021-02-07,26,20731,3,9181,23,11550,0,0,24,14427,2,3147,24,17574,California
Shasta,2021-02-08,540,21271,167,9348,373,11923,0,0,303,14493,237,3384,303,17877,California
Shasta,2021-02-09,1026,22297,651,9999,375,12298,0,0,676,14819,350,3734,676,18553,California
Shasta,2021-02-10,1085,23382,782,10781,303,12601,0,0,595,14924,491,4225,596,19149,California
Shasta,2021-02-11,784,24166,186,10967,598,13199,0,0,303,14751,476,4701,303,19452,California
Shasta,2021-02-12,1663,25829,1142,12109,521,13720,0,0,1169,15426,494,5195,1169,20621,California
Shasta,2021-02-13,1383,27212,367,12476,1016,14736,0,0,571,15184,813,6008,571,21192,California
Shasta,2021-02-14,149,27361,4,12480,145,14881,0,0,125,15285,24,6032,125,21317,California
Shasta,2021-02-15,380,27741,90,12570,290,15171,0,0,211,15327,169,6201,211,21528,California
Shasta,2021-02-16,1086,28827,515,13085,571,15742,0,0,319,14880,766,6967,319,21847,California
Shasta,2021-02-17,994,29821,438,13523,556,16298,0,0,376,14638,618,7585,376,22223,California
Shasta,2021-02-18,875,30696,442,13965,433,16731,0,0,428,14619,447,8032,428,22651,California
Shasta,2021-02-19,1329,32025,936,14901,393,17124,0,0,861,15012,468,8500,861,23512,California
Shasta,2021-02-20,802,32827,89,14990,713,17837,0,0,303,14816,499,8999,303,23815,California
Shasta,2021-02-21,31,32858,2,14992,29,17866,0,0,9,14803,22,9021,9,23824,California
Shasta,2021-02-22,348,33206,74,15066,274,18140,0,0,99,14654,248,9269,99,23923,California
Shasta,2021-02-23,801,34007,466,15532,335,18475,0,0,216,14285,585,9854,216,24139,California
Shasta,2021-02-24,884,34891,503,16035,381,18856,0,0,270,13942,613,10467,270,24409,California
Shasta,2021-02-25,480,35371,159,16194,321,19177,0,0,159,13781,320,10787,159,24568,California
Shasta,2021-02-26,791,36162,95,16289,696,19873,0,0,331,13654,458,11245,331,24899,California
Shasta,2021-02-27,831,36993,27,16316,804,20677,0,0,190,13205,639,11884,190,25089,California
Shasta,2021-02-28,176,37169,4,16320,172,20849,0,0,126,13281,50,11934,126,25215,California
Shasta,2021-03-01,555,37724,59,16379,496,21345,0,0,266,13259,288,12222,266,25481,California
Shasta,2021-03-02,952,38676,465,16844,487,21832,0,0,268,12845,682,12904,268,25749,California
Shasta,2021-03-03,659,39335,164,17008,495,22327,0,0,241,12668,418,13322,241,25990,California
Shasta,2021-03-04,2236,41571,1684,18692,552,22879,0,0,1257,12948,978,14300,1258,27248,California
Shasta,2021-03-05,1532,43103,161,18853,1342,24221,29,29,789,13022,744,15044,818,28066,California
Shasta,2021-03-06,2716,45819,386,19239,2283,26504,47,76,859,12072,1856,16900,906,28972,California
Shasta,2021-03-07,91,45910,3,19242,56,26560,32,108,37,12087,54,16954,69,29041,California
Shasta,2021-03-08,558,46468,46,19288,373,26933,139,247,145,11960,411,17365,284,29325,California
Shasta,2021-03-09,624,47092,48,19336,398,27331,178,425,249,12011,375,17740,426,29751,California
Shasta,2021-03-10,797,47889,256,19592,339,27670,202,627,132,11680,664,18404,333,30084,California
Shasta,2021-03-11,1047,48936,173,19765,628,28298,246,873,646,12171,401,18805,892,30976,California
Shasta,2021-03-12,1496,50432,835,20600,418,28716,243,1116,394,11705,1101,19906,635,31611,California
Shasta,2021-03-13,757,51189,425,21025,232,28948,100,1216,474,11996,282,20188,573,32184,California
Shasta,2021-03-14,365,51554,8,21033,335,29283,22,1238,227,12107,138,20326,249,32433,California
Shasta,2021-03-15,495,52049,34,21067,361,29644,100,1338,209,12129,286,20612,308,32741,California
Shasta,2021-03-16,1084,53133,145,21212,872,30516,67,1405,806,12724,278,20890,873,33614,California
Shasta,2021-03-17,688,53821,190,21402,440,30956,58,1463,389,12878,293,21183,447,34061,California
Shasta,2021-03-18,1073,54894,236,21638,734,31690,103,1566,799,13510,270,21453,902,34963,California
Shasta,2021-03-19,630,55524,197,21835,378,32068,55,1621,398,13732,231,21684,453,35416,California
Shasta,2021-03-20,747,56271,490,22325,243,32311,14,1635,599,14197,148,21832,613,36029,California
Shasta,2021-03-21,312,56583,297,22622,4,32315,11,1646,286,14469,25,21857,297,36326,California
Shasta,2021-03-22,343,56926,37,22659,276,32591,30,1676,201,14559,141,21998,231,36557,California
Shasta,2021-03-23,816,57742,158,22817,600,33191,58,1734,625,15056,186,22184,683,37240,California
Shasta,2021-03-24,518,58260,156,22973,325,33516,37,1771,359,15294,158,22342,396,37636,California
Shasta,2021-03-25,780,59040,194,23167,569,34085,17,1788,637,15808,140,22482,654,38290,California
Shasta,2021-03-26,1529,60569,1099,24266,400,34485,30,1818,1172,16654,357,22839,1203,39493,California
Shasta,2021-03-27,1557,62126,405,24671,316,34801,836,2654,572,17076,983,23822,1405,40898,California
Shasta,2021-03-28,404,62530,299,24970,95,34896,10,2664,302,17288,100,23922,312,41210,California
Shasta,2021-03-29,416,62946,41,25011,363,35259,12,2676,162,17209,253,24175,174,41384,California
Shasta,2021-03-30,528,63474,186,25197,335,35594,7,2683,321,17333,204,24379,328,41712,California
Shasta,2021-03-31,622,64096,208,25405,409,36003,5,2688,387,17495,230,24609,392,42104,California
Shasta,2021-04-01,779,64875,245,25650,527,36530,7,2695,552,17827,227,24836,559,42663,California
Shasta,2021-04-02,748,65623,202,25852,494,37024,52,2747,411,17956,334,25170,463,43126,California
Shasta,2021-04-03,518,66141,366,26218,133,37157,19,2766,394,18245,124,25294,413,43539,California
Shasta,2021-04-04,292,66433,178,26396,94,37251,20,2786,218,18409,74,25368,238,43777,California
Shasta,2021-04-05,439,66872,67,26463,309,37560,63,2849,253,18539,186,25554,316,44093,California
Shasta,2021-04-06,719,67591,171,26634,377,37937,171,3020,275,18542,442,25996,445,44538,California
Shasta,2021-04-07,649,68240,211,26845,275,38212,163,3183,254,18569,390,26386,417,44955,California
Shasta,2021-04-08,1053,69293,260,27105,640,38852,153,3336,229,18129,822,27208,382,45337,California
Shasta,2021-04-09,2576,71869,2060,29165,307,39159,209,3545,2015,19795,556,27764,2222,47559,California
Shasta,2021-04-10,876,72745,594,29759,154,39313,128,3673,264,19575,612,28376,392,47951,California
Shasta,2021-04-11,450,73195,396,30155,34,39347,20,3693,140,19428,307,28683,160,48111,California
Shasta,2021-04-12,321,73516,8,30163,253,39600,60,3753,86,19339,234,28917,145,48256,California
Shasta,2021-04-13,979,74495,162,30325,816,40416,1,3754,229,18820,749,29666,230,48486,California
Shasta,2021-04-14,596,75091,143,30468,451,40867,2,3756,219,18665,376,30042,221,48707,California
Shasta,2021-04-15,979,76070,258,30726,721,41588,0,3756,293,18274,684,30726,293,49000,California
Shasta,2021-04-16,2327,78397,1833,32559,494,42082,0,3756,951,18092,1376,32102,1194,50194,California
Shasta,2021-04-17,641,79038,410,32969,231,42313,0,3756,196,17843,445,32547,196,50390,California
Shasta,2021-04-18,266,79304,241,33210,25,42338,0,3756,33,17645,231,32778,33,50423,California
Shasta,2021-04-19,379,79683,31,33241,348,42686,0,3756,162,17590,217,32995,162,50585,California
Shasta,2021-04-20,917,80600,257,33498,660,43346,0,3756,293,17260,623,33618,293,50878,California
Shasta,2021-04-21,535,81135,214,33712,321,43667,0,3756,277,17279,258,33876,277,51155,California
Shasta,2021-04-22,876,82011,287,33999,589,44256,0,3756,277,16959,597,34473,277,51432,California
Shasta,2021-04-23,622,82633,264,34263,358,44614,0,3756,299,16935,323,34796,299,51731,California
Shasta,2021-04-24,301,82934,85,34348,216,44830,0,3756,76,16786,225,35021,76,51807,California
Shasta,2021-04-25,6,82940,6,34354,0,44830,0,3756,5,16790,1,35022,5,51812,California
Sierra,2020-12-18,1,1,1,1,0,0,0,0,1,1,0,0,1,1,California
Sierra,2020-12-21,2,3,2,3,0,0,0,0,2,3,0,0,2,3,California
Sierra,2020-12-22,12,15,12,15,0,0,0,0,12,15,0,0,12,15,California
Sierra,2020-12-23,4,19,4,19,0,0,0,0,4,19,0,0,4,19,California
Sierra,2020-12-28,1,20,0,19,1,1,0,0,1,20,0,0,1,20,California
Sierra,2020-12-29,49,69,7,26,42,43,0,0,49,69,0,0,49,69,California
Sierra,2020-12-30,2,71,0,26,2,45,0,0,2,71,0,0,2,71,California
Sierra,2020-12-31,13,84,0,26,13,58,0,0,13,84,0,0,13,84,California
Sierra,2021-01-01,1,85,1,27,0,58,0,0,1,85,0,0,1,85,California
Sierra,2021-01-05,64,149,2,29,62,120,0,0,64,149,0,0,64,149,California
Sierra,2021-01-06,1,150,1,30,0,120,0,0,1,150,0,0,1,150,California
Sierra,2021-01-07,21,171,1,31,20,140,0,0,20,169,1,1,20,170,California
Sierra,2021-01-08,1,172,1,32,0,140,0,0,1,170,0,1,1,171,California
Sierra,2021-01-11,3,175,3,35,0,140,0,0,0,167,3,4,0,171,California
Sierra,2021-01-12,40,215,12,47,28,168,0,0,28,183,12,16,28,199,California
Sierra,2021-01-13,4,219,3,50,1,169,0,0,1,181,3,19,1,200,California
Sierra,2021-01-14,35,254,2,52,33,202,0,0,35,216,0,19,35,235,California
Sierra,2021-01-15,3,257,1,53,2,204,0,0,3,219,0,19,3,238,California
Sierra,2021-01-18,2,259,0,53,2,206,0,0,2,221,0,19,2,240,California
Sierra,2021-01-19,32,291,0,53,32,238,0,0,32,253,0,19,32,272,California
Sierra,2021-01-20,1,292,1,54,0,238,0,0,1,254,0,19,1,273,California
Sierra,2021-01-21,53,345,0,54,53,291,0,0,53,307,0,19,53,326,California
Sierra,2021-01-22,2,347,0,54,2,293,0,0,2,309,0,19,2,328,California
Sierra,2021-01-23,2,349,0,54,2,295,0,0,2,311,0,19,2,330,California
Sierra,2021-01-26,62,411,0,54,62,357,0,0,24,297,38,57,24,354,California
Sierra,2021-01-27,4,415,4,58,0,357,0,0,0,293,4,61,0,354,California
Sierra,2021-01-28,53,468,0,58,53,410,0,0,43,326,10,71,43,397,California
Sierra,2021-01-29,2,470,0,58,2,412,0,0,2,328,0,71,2,399,California
Sierra,2021-01-30,3,473,3,61,0,412,0,0,2,329,1,72,2,401,California
Sierra,2021-02-01,1,474,0,61,1,413,0,0,0,328,1,73,0,401,California
Sierra,2021-02-02,58,532,1,62,57,470,0,0,19,308,39,112,19,420,California
Sierra,2021-02-03,6,538,5,67,1,471,0,0,5,312,1,113,5,425,California
Sierra,2021-02-04,105,643,6,73,99,570,0,0,56,319,49,162,56,481,California
Sierra,2021-02-05,6,649,4,77,2,572,0,0,5,323,1,163,5,486,California
Sierra,2021-02-09,51,700,0,77,51,623,0,0,48,368,3,166,48,534,California
Sierra,2021-02-10,5,705,2,79,3,626,0,0,4,371,1,167,4,538,California
Sierra,2021-02-11,196,901,1,80,195,821,0,0,134,443,62,229,134,672,California
Sierra,2021-02-12,21,922,0,80,21,842,0,0,20,462,1,230,20,692,California
Sierra,2021-02-13,1,923,1,81,0,842,0,0,1,463,0,230,1,693,California
Sierra,2021-02-14,1,924,0,81,1,843,0,0,1,464,0,230,1,694,California
Sierra,2021-02-15,2,926,2,83,0,843,0,0,0,462,2,232,0,694,California
Sierra,2021-02-16,43,969,0,83,43,886,0,0,10,439,33,265,10,704,California
Sierra,2021-02-17,4,973,0,83,4,890,0,0,1,437,3,268,1,705,California
Sierra,2021-02-18,141,1114,0,83,141,1031,0,0,91,478,50,318,91,796,California
Sierra,2021-02-19,2,1116,1,84,1,1032,0,0,1,478,1,319,1,797,California
Sierra,2021-02-20,2,1118,2,86,0,1032,0,0,0,476,2,321,0,797,California
Sierra,2021-02-22,1,1119,1,87,0,1032,0,0,1,477,0,321,1,798,California
Sierra,2021-02-23,4,1123,0,87,4,1036,0,0,4,481,0,321,4,802,California
Sierra,2021-02-24,4,1127,3,90,1,1037,0,0,3,483,1,322,3,805,California
Sierra,2021-02-25,125,1252,2,92,123,1160,0,0,58,475,66,388,58,863,California
Sierra,2021-02-26,11,1263,6,98,5,1165,0,0,4,472,7,395,4,867,California
Sierra,2021-02-27,2,1265,2,100,0,1165,0,0,0,470,2,397,0,867,California
Sierra,2021-03-01,2,1267,2,102,0,1165,0,0,0,468,2,399,0,867,California
Sierra,2021-03-02,56,1323,0,102,56,1221,0,0,38,488,18,417,38,905,California
Sierra,2021-03-03,2,1325,2,104,0,1221,0,0,1,488,1,418,1,906,California
Sierra,2021-03-04,108,1433,0,104,108,1329,0,0,58,496,50,468,58,964,California
Sierra,2021-03-05,13,1446,1,105,12,1341,0,0,11,505,2,470,11,975,California
Sierra,2021-03-07,1,1447,1,106,0,1341,0,0,0,504,1,471,0,975,California
Sierra,2021-03-08,2,1449,2,108,0,1341,0,0,2,506,0,471,2,977,California
Sierra,2021-03-09,56,1505,0,108,56,1397,0,0,12,474,44,515,12,989,California
Sierra,2021-03-10,6,1511,0,108,6,1403,0,0,4,476,2,517,4,993,California
Sierra,2021-03-11,175,1686,0,108,175,1578,0,0,43,388,131,648,43,1036,California
Sierra,2021-03-12,20,1706,1,109,19,1597,0,0,0,368,20,668,0,1036,California
Sierra,2021-03-13,28,1734,0,109,28,1625,0,0,28,396,0,668,28,1064,California
Sierra,2021-03-14,1,1735,0,109,0,1625,1,1,0,396,1,669,1,1065,California
Sierra,2021-03-15,2,1737,1,110,1,1626,0,1,0,394,2,671,0,1065,California
Sierra,2021-03-16,36,1773,0,110,35,1661,1,2,23,405,13,684,24,1089,California
Sierra,2021-03-17,4,1777,3,113,1,1662,0,2,1,403,3,687,1,1090,California
Sierra,2021-03-18,158,1935,0,113,158,1820,0,2,65,375,93,780,65,1155,California
Sierra,2021-03-19,4,1939,2,115,2,1822,0,2,1,373,3,783,1,1156,California
Sierra,2021-03-20,1,1940,0,115,1,1823,0,2,1,374,0,783,1,1157,California
Sierra,2021-03-23,22,1962,0,115,22,1845,0,2,13,378,9,792,13,1170,California
Sierra,2021-03-24,3,1965,1,116,2,1847,0,2,1,377,2,794,1,1171,California
Sierra,2021-03-25,100,2065,1,117,99,1946,0,2,51,379,49,843,51,1222,California
Sierra,2021-03-26,12,2077,1,118,11,1957,0,2,9,385,3,846,9,1231,California
Sierra,2021-03-27,2,2079,1,119,1,1958,0,2,0,383,2,848,0,1231,California
Sierra,2021-03-29,1,2080,1,120,0,1958,0,2,0,382,1,849,0,1231,California
Sierra,2021-03-30,55,2135,1,121,54,2012,0,2,22,371,33,882,22,1253,California
Sierra,2021-03-31,8,2143,0,121,8,2020,0,2,8,379,0,882,8,1261,California
Sierra,2021-04-01,60,2203,2,123,58,2078,0,2,6,331,54,936,6,1267,California
Sierra,2021-04-02,3,2206,2,125,1,2079,0,2,2,332,1,937,2,1269,California
Sierra,2021-04-05,1,2207,1,126,0,2079,0,2,1,333,0,937,1,1270,California
Sierra,2021-04-06,10,2217,0,126,10,2089,0,2,0,323,10,947,0,1270,California
Sierra,2021-04-07,15,2232,3,129,6,2095,6,8,3,321,11,958,9,1279,California
Sierra,2021-04-08,54,2286,2,131,52,2147,0,8,17,301,37,995,17,1296,California
Sierra,2021-04-09,2,2288,2,133,0,2147,0,8,1,301,1,996,1,1297,California
Sierra,2021-04-10,27,2315,0,133,27,2174,0,8,0,274,27,1023,0,1297,California
Sierra,2021-04-13,46,2361,0,133,46,2220,0,8,5,238,41,1064,5,1302,California
Sierra,2021-04-14,2,2363,1,134,1,2221,0,8,2,240,0,1064,2,1304,California
Sierra,2021-04-15,49,2412,1,135,48,2269,0,8,2,195,47,1111,2,1306,California
Sierra,2021-04-16,1,2413,0,135,1,2270,0,8,1,196,0,1111,1,1307,California
Sierra,2021-04-17,2,2415,1,136,1,2271,0,8,1,196,1,1112,1,1308,California
Sierra,2021-04-19,1,2416,1,137,0,2271,0,8,0,195,1,1113,0,1308,California
Sierra,2021-04-20,34,2450,1,138,33,2304,0,8,7,175,27,1140,7,1315,California
Sierra,2021-04-21,2,2452,1,139,1,2305,0,8,1,175,1,1141,1,1316,California
Sierra,2021-04-22,63,2515,1,140,62,2367,0,8,3,119,59,1200,3,1319,California
Sierra,2021-04-23,12,2527,0,140,12,2379,0,8,4,115,8,1208,4,1323,California
Sierra,2021-04-24,4,2531,0,140,4,2383,0,8,4,119,0,1208,4,1327,California
Siskiyou,2020-12-16,2,2,2,2,0,0,0,0,2,2,0,0,2,2,California
Siskiyou,2020-12-17,4,6,4,6,0,0,0,0,4,6,0,0,4,6,California
Siskiyou,2020-12-18,2,8,2,8,0,0,0,0,2,8,0,0,2,8,California
Siskiyou,2020-12-19,4,12,4,12,0,0,0,0,4,12,0,0,4,12,California
Siskiyou,2020-12-20,1,13,1,13,0,0,0,0,1,13,0,0,1,13,California
Siskiyou,2020-12-21,132,145,132,145,0,0,0,0,132,145,0,0,132,145,California
Siskiyou,2020-12-22,159,304,159,304,0,0,0,0,159,304,0,0,159,304,California
Siskiyou,2020-12-23,142,446,142,446,0,0,0,0,142,446,0,0,142,446,California
Siskiyou,2020-12-24,5,451,5,451,0,0,0,0,5,451,0,0,5,451,California
Siskiyou,2020-12-26,2,453,0,451,2,2,0,0,2,453,0,0,2,453,California
Siskiyou,2020-12-27,2,455,0,451,2,4,0,0,2,455,0,0,2,455,California
Siskiyou,2020-12-28,3,458,1,452,2,6,0,0,3,458,0,0,3,458,California
Siskiyou,2020-12-29,6,464,2,454,4,10,0,0,6,464,0,0,6,464,California
Siskiyou,2020-12-30,98,562,3,457,95,105,0,0,98,562,0,0,98,562,California
Siskiyou,2020-12-31,12,574,0,457,12,117,0,0,12,574,0,0,12,574,California
Siskiyou,2021-01-02,1,575,1,458,0,117,0,0,1,575,0,0,1,575,California
Siskiyou,2021-01-03,1,576,0,458,1,118,0,0,1,576,0,0,1,576,California
Siskiyou,2021-01-04,130,706,3,461,127,245,0,0,130,706,0,0,130,706,California
Siskiyou,2021-01-05,117,823,4,465,113,358,0,0,116,821,1,1,116,822,California
Siskiyou,2021-01-06,59,882,6,471,53,411,0,0,55,872,4,5,55,877,California
Siskiyou,2021-01-07,177,1059,4,475,173,584,0,0,176,1047,1,6,176,1053,California
Siskiyou,2021-01-08,41,1100,3,478,38,622,0,0,39,1084,2,8,39,1092,California
Siskiyou,2021-01-09,2,1102,2,480,0,622,0,0,0,1082,2,10,0,1092,California
Siskiyou,2021-01-11,226,1328,65,545,161,783,0,0,163,1182,63,73,163,1255,California
Siskiyou,2021-01-12,322,1650,274,819,48,831,0,0,88,1037,234,307,89,1344,California
Siskiyou,2021-01-13,157,1807,137,956,20,851,0,0,23,926,134,441,23,1367,California
Siskiyou,2021-01-14,26,1833,1,957,25,876,0,0,25,950,1,442,25,1392,California
Siskiyou,2021-01-15,35,1868,3,960,32,908,0,0,35,985,0,442,35,1427,California
Siskiyou,2021-01-16,7,1875,2,962,5,913,0,0,7,992,0,442,7,1434,California
Siskiyou,2021-01-17,1,1876,1,963,0,913,0,0,0,991,1,443,0,1434,California
Siskiyou,2021-01-18,76,1952,4,967,72,985,0,0,74,1063,2,445,74,1508,California
Siskiyou,2021-01-19,21,1973,1,968,20,1005,0,0,20,1082,1,446,20,1528,California
Siskiyou,2021-01-20,47,2020,35,1003,12,1017,0,0,43,1121,4,450,43,1571,California
Siskiyou,2021-01-21,42,2062,1,1004,41,1058,0,0,42,1163,0,450,42,1613,California
Siskiyou,2021-01-22,1329,3391,1177,2181,152,1210,0,0,1329,2492,0,450,1329,2942,California
Siskiyou,2021-01-23,5,3396,1,2182,4,1214,0,0,2,2491,3,453,2,2944,California
Siskiyou,2021-01-25,182,3578,8,2190,174,1388,0,0,178,2665,4,457,178,3122,California
Siskiyou,2021-01-26,148,3726,3,2193,145,1533,0,0,140,2797,8,465,140,3262,California
Siskiyou,2021-01-27,181,3907,1,2194,180,1713,0,0,126,2868,55,520,126,3388,California
Siskiyou,2021-01-28,232,4139,118,2312,114,1827,0,0,226,3088,6,526,226,3614,California
Siskiyou,2021-01-29,248,4387,2,2314,246,2073,0,0,246,3332,2,528,246,3860,California
Siskiyou,2021-01-30,3,4390,2,2316,1,2074,0,0,3,3335,0,528,3,3863,California
Siskiyou,2021-02-01,195,4585,3,2319,192,2266,0,0,105,3350,90,618,105,3968,California
Siskiyou,2021-02-02,289,4874,45,2364,244,2510,0,0,147,3355,142,760,147,4115,California
Siskiyou,2021-02-03,313,5187,1,2365,312,2822,0,0,264,3570,49,809,264,4379,California
Siskiyou,2021-02-04,320,5507,7,2372,313,3135,0,0,200,3650,120,929,200,4579,California
Siskiyou,2021-02-05,512,6019,4,2376,508,3643,0,0,347,3832,165,1094,347,4926,California
Siskiyou,2021-02-06,15,6034,0,2376,15,3658,0,0,15,3847,0,1094,15,4941,California
Siskiyou,2021-02-07,3,6037,2,2378,1,3659,0,0,3,3850,0,1094,3,4944,California
Siskiyou,2021-02-08,221,6258,5,2383,216,3875,0,0,216,4061,5,1099,216,5160,California
Siskiyou,2021-02-09,196,6454,4,2387,192,4067,0,0,163,4191,33,1132,163,5323,California
Siskiyou,2021-02-10,370,6824,40,2427,330,4397,0,0,316,4454,53,1185,316,5639,California
Siskiyou,2021-02-11,191,7015,1,2428,190,4587,0,0,175,4613,16,1201,175,5814,California
Siskiyou,2021-02-12,1692,8707,1200,3628,492,5079,0,0,501,3923,1191,2392,501,6315,California
Siskiyou,2021-02-13,36,8743,2,3630,34,5113,0,0,32,3951,4,2396,32,6347,California
Siskiyou,2021-02-14,5,8748,1,3631,4,5117,0,0,5,3956,0,2396,5,6352,California
Siskiyou,2021-02-15,107,8855,10,3641,97,5214,0,0,105,4059,2,2398,105,6457,California
Siskiyou,2021-02-16,114,8969,2,3643,112,5326,0,0,99,4143,15,2413,99,6556,California
Siskiyou,2021-02-17,184,9153,15,3658,169,5495,0,0,170,4299,14,2427,170,6726,California
Siskiyou,2021-02-18,221,9374,89,3747,132,5627,0,0,98,4274,123,2550,98,6824,California
Siskiyou,2021-02-19,70,9444,33,3780,37,5664,0,0,34,4272,36,2586,34,6858,California
Siskiyou,2021-02-20,21,9465,3,3783,18,5682,0,0,17,4285,4,2590,17,6875,California
Siskiyou,2021-02-21,1,9466,1,3784,0,5682,0,0,1,4286,0,2590,1,6876,California
Siskiyou,2021-02-22,124,9590,1,3785,123,5805,0,0,18,4198,106,2696,18,6894,California
Siskiyou,2021-02-23,195,9785,15,3800,180,5985,0,0,51,4105,144,2840,51,6945,California
Siskiyou,2021-02-24,147,9932,4,3804,143,6128,0,0,35,4028,112,2952,35,6980,California
Siskiyou,2021-02-25,300,10232,24,3828,276,6404,0,0,154,4036,146,3098,154,7134,California
Siskiyou,2021-02-26,667,10899,9,3837,658,7062,0,0,365,4099,302,3400,365,7499,California
Siskiyou,2021-02-27,33,10932,5,3842,28,7090,0,0,28,4122,5,3405,28,7527,California
Siskiyou,2021-02-28,5,10937,4,3846,1,7091,0,0,4,4125,1,3406,4,7531,California
Siskiyou,2021-03-01,280,11217,6,3852,274,7365,0,0,50,3945,230,3636,50,7581,California
Siskiyou,2021-03-02,190,11407,1,3853,189,7554,0,0,70,3895,120,3756,70,7651,California
Siskiyou,2021-03-03,343,11750,7,3860,336,7890,0,0,153,3858,190,3946,153,7804,California
Siskiyou,2021-03-04,783,12533,611,4471,172,8062,0,0,628,4331,155,4101,628,8432,California
Siskiyou,2021-03-05,324,12857,6,4477,307,8369,11,11,104,4229,217,4318,115,8547,California
Siskiyou,2021-03-06,42,12899,2,4479,33,8402,7,18,27,4248,15,4333,34,8581,California
Siskiyou,2021-03-07,12,12911,4,4483,0,8402,8,26,3,4250,9,4342,11,8592,California
Siskiyou,2021-03-08,361,13272,31,4514,295,8697,35,61,59,4042,302,4644,94,8686,California
Siskiyou,2021-03-09,162,13434,0,4514,109,8806,53,114,56,4045,106,4750,109,8795,California
Siskiyou,2021-03-10,221,13655,7,4521,184,8990,30,144,31,3916,190,4940,61,8856,California
Siskiyou,2021-03-11,469,14124,203,4724,219,9209,47,191,270,4035,198,5138,317,9173,California
Siskiyou,2021-03-12,646,14770,141,4865,466,9675,39,230,184,3798,460,5598,223,9396,California
Siskiyou,2021-03-13,428,15198,381,5246,24,9699,23,253,382,4157,46,5644,405,9801,California
Siskiyou,2021-03-14,21,15219,1,5247,4,9703,16,269,3,4158,18,5662,19,9820,California
Siskiyou,2021-03-15,453,15672,257,5504,176,9879,20,289,321,4367,132,5794,341,10161,California
Siskiyou,2021-03-16,255,15927,32,5536,206,10085,17,306,140,4410,114,5908,157,10318,California
Siskiyou,2021-03-17,200,16127,8,5544,184,10269,8,314,33,4284,167,6075,41,10359,California
Siskiyou,2021-03-18,925,17052,787,6331,126,10395,12,326,809,4989,116,6191,821,11180,California
Siskiyou,2021-03-19,66,17118,9,6340,44,10439,13,339,20,4976,46,6237,33,11213,California
Siskiyou,2021-03-20,30,17148,7,6347,18,10457,5,344,6,4963,24,6261,11,11224,California
Siskiyou,2021-03-21,10,17158,4,6351,1,10458,5,349,4,4966,6,6267,9,11233,California
Siskiyou,2021-03-22,207,17365,21,6372,164,10622,22,371,144,5072,60,6327,166,11399,California
Siskiyou,2021-03-23,195,17560,19,6391,166,10788,10,381,141,5169,54,6381,151,11550,California
Siskiyou,2021-03-24,141,17701,48,6439,93,10881,0,381,116,5260,25,6406,116,11666,California
Siskiyou,2021-03-25,568,18269,318,6757,247,11128,3,384,398,5491,170,6576,401,12067,California
Siskiyou,2021-03-26,299,18568,32,6789,267,11395,0,384,100,5394,197,6773,100,12167,California
Siskiyou,2021-03-27,37,18605,4,6793,28,11423,5,389,9,5380,28,6801,14,12181,California
Siskiyou,2021-03-28,7,18612,7,6800,0,11423,0,389,4,5381,3,6804,4,12185,California
Siskiyou,2021-03-29,98,18710,11,6811,85,11508,2,391,47,5380,50,6854,49,12234,California
Siskiyou,2021-03-30,98,18808,3,6814,94,11602,1,392,38,5359,60,6914,39,12273,California
Siskiyou,2021-03-31,189,18997,22,6836,165,11767,2,394,50,5274,138,7052,53,12326,California
Siskiyou,2021-04-01,824,19821,668,7504,156,11923,0,394,216,4882,608,7660,216,12542,California
Siskiyou,2021-04-02,343,20164,196,7700,143,12066,4,398,64,4672,278,7938,68,12610,California
Siskiyou,2021-04-03,25,20189,4,7704,14,12080,7,405,5,4664,20,7958,12,12622,California
Siskiyou,2021-04-04,2,20191,2,7706,0,12080,0,405,1,4664,1,7959,1,12623,California
Siskiyou,2021-04-05,436,20627,330,8036,79,12159,27,432,24,4304,411,8370,51,12674,California
Siskiyou,2021-04-06,215,20842,32,8068,130,12289,53,485,122,4386,92,8462,174,12848,California
Siskiyou,2021-04-07,115,20957,10,8078,63,12352,42,527,66,4445,49,8511,108,12956,California
Siskiyou,2021-04-08,346,21303,183,8261,122,12474,41,568,60,4260,286,8797,101,13057,California
Siskiyou,2021-04-09,543,21846,377,8638,129,12603,37,605,84,3924,458,9255,122,13179,California
Siskiyou,2021-04-10,45,21891,6,8644,2,12605,37,642,6,3928,39,9294,43,13222,California
Siskiyou,2021-04-11,7,21898,5,8649,0,12605,2,644,2,3927,5,9299,4,13226,California
Siskiyou,2021-04-12,129,22027,25,8674,103,12708,1,645,49,3897,80,9379,50,13276,California
Siskiyou,2021-04-13,204,22231,36,8710,167,12875,1,646,78,3850,126,9505,79,13355,California
Siskiyou,2021-04-14,158,22389,66,8776,92,12967,0,646,86,3866,70,9575,86,13441,California
Siskiyou,2021-04-15,1115,23504,955,9731,160,13127,0,646,436,3623,679,10254,436,13877,California
Siskiyou,2021-04-16,287,23791,197,9928,90,13217,0,646,257,3853,29,10283,259,14136,California
Siskiyou,2021-04-17,11,23802,8,9936,3,13220,0,646,8,3858,3,10286,8,14144,California
Siskiyou,2021-04-18,5,23807,3,9939,2,13222,0,646,2,3857,3,10289,2,14146,California
Siskiyou,2021-04-19,125,23932,22,9961,103,13325,0,646,43,3818,82,10371,43,14189,California
Siskiyou,2021-04-20,238,24170,4,9965,234,13559,0,646,95,3770,143,10514,95,14284,California
Siskiyou,2021-04-21,91,24261,12,9977,79,13638,0,646,25,3729,66,10580,25,14309,California
Siskiyou,2021-04-22,410,24671,299,10276,111,13749,0,646,49,3417,361,10941,49,14358,California
Siskiyou,2021-04-23,145,24816,16,10292,129,13878,0,646,130,3534,13,10954,130,14488,California
Siskiyou,2021-04-24,14,24830,3,10295,11,13889,0,646,9,3538,5,10959,9,14497,California
Solano,2020-12-15,4,4,4,4,0,0,0,0,4,4,0,0,4,4,California
Solano,2020-12-16,71,75,71,75,0,0,0,0,71,75,0,0,71,75,California
Solano,2020-12-17,152,227,152,227,0,0,0,0,152,227,0,0,152,227,California
Solano,2020-12-18,445,672,444,671,1,1,0,0,445,672,0,0,445,672,California
Solano,2020-12-19,516,1188,516,1187,0,1,0,0,516,1188,0,0,516,1188,California
Solano,2020-12-20,353,1541,352,1539,1,2,0,0,353,1541,0,0,353,1541,California
Solano,2020-12-21,573,2114,571,2110,2,4,0,0,573,2114,0,0,573,2114,California
Solano,2020-12-22,662,2776,629,2739,33,37,0,0,662,2776,0,0,662,2776,California
Solano,2020-12-23,858,3634,772,3511,86,123,0,0,857,3633,0,0,857,3633,California
Solano,2020-12-24,421,4055,170,3681,251,374,0,0,421,4054,0,0,421,4054,California
Solano,2020-12-25,10,4065,2,3683,8,382,0,0,10,4064,0,0,10,4064,California
Solano,2020-12-26,175,4240,48,3731,127,509,0,0,175,4239,0,0,175,4239,California
Solano,2020-12-27,104,4344,29,3760,75,584,0,0,104,4343,0,0,104,4343,California
Solano,2020-12-28,863,5207,421,4181,442,1026,0,0,863,5206,0,0,863,5206,California
Solano,2020-12-29,891,6098,374,4555,517,1543,0,0,891,6097,0,0,891,6097,California
Solano,2020-12-30,1210,7308,599,5154,611,2154,0,0,1210,7307,0,0,1210,7307,California
Solano,2020-12-31,535,7843,135,5289,400,2554,0,0,535,7842,0,0,535,7842,California
Solano,2021-01-01,13,7856,12,5301,1,2555,0,0,13,7855,0,0,13,7855,California
Solano,2021-01-02,212,8068,164,5465,48,2603,0,0,212,8067,0,0,212,8067,California
Solano,2021-01-03,58,8126,41,5506,17,2620,0,0,53,8120,0,0,53,8120,California
Solano,2021-01-04,449,8575,245,5751,204,2824,0,0,439,8556,3,3,439,8559,California
Solano,2021-01-05,695,9270,377,6128,318,3142,0,0,541,8948,149,152,541,9100,California
Solano,2021-01-06,822,10092,436,6564,386,3528,0,0,560,9248,260,412,560,9660,California
Solano,2021-01-07,1055,11147,683,7247,372,3900,0,0,599,9394,454,866,600,10260,California
Solano,2021-01-08,1129,12276,774,8021,355,4255,0,0,537,9359,574,1440,539,10799,California
Solano,2021-01-09,885,13161,763,8784,122,4377,0,0,428,9333,454,1894,428,11227,California
Solano,2021-01-10,254,13415,194,8978,60,4437,0,0,153,9385,101,1995,153,11380,California
Solano,2021-01-11,1327,14742,1116,10094,211,4648,0,0,811,9680,516,2511,811,12191,California
Solano,2021-01-12,1560,16302,1164,11258,396,5044,0,0,1012,10146,547,3058,1013,13204,California
Solano,2021-01-13,1461,17763,1004,12262,457,5501,0,0,1201,11089,258,3316,1201,14405,California
Solano,2021-01-14,1869,19632,798,13060,1071,6572,0,0,1555,12330,314,3630,1555,15960,California
Solano,2021-01-15,1684,21316,1054,14114,630,7202,0,0,1386,13418,298,3928,1386,17346,California
Solano,2021-01-16,1289,22605,903,15017,386,7588,0,0,1114,14357,175,4103,1114,18460,California
Solano,2021-01-17,1041,23646,760,15777,281,7869,0,0,1024,15364,17,4120,1024,19484,California
Solano,2021-01-18,1407,25053,857,16634,550,8419,0,0,1288,16535,119,4239,1290,20774,California
Solano,2021-01-19,1641,26694,1336,17970,305,8724,0,0,1370,17635,270,4509,1370,22144,California
Solano,2021-01-20,2027,28721,1417,19387,610,9334,0,0,1544,18699,480,4989,1544,23688,California
Solano,2021-01-21,3144,31865,999,20386,2145,11479,0,0,2801,21158,343,5332,2802,26490,California
Solano,2021-01-22,1750,33615,842,21228,908,12387,0,0,1560,22528,190,5522,1560,28050,California
Solano,2021-01-23,732,34347,238,21466,494,12881,0,0,529,22854,204,5726,530,28580,California
Solano,2021-01-24,401,34748,60,21526,341,13222,0,0,335,23123,66,5792,335,28915,California
Solano,2021-01-25,1635,36383,622,22148,1013,14235,0,0,1086,23661,549,6341,1087,30002,California
Solano,2021-01-26,1770,38153,736,22884,1034,15269,0,0,1140,24173,629,6970,1141,31143,California
Solano,2021-01-27,1770,39923,726,23610,1044,16313,0,0,1177,24770,580,7550,1177,32320,California
Solano,2021-01-28,1899,41822,703,24313,1196,17509,0,0,1309,25491,589,8139,1310,33630,California
Solano,2021-01-29,1697,43519,782,25095,915,18424,0,0,1344,26484,351,8490,1344,34974,California
Solano,2021-01-30,710,44229,220,25315,490,18914,0,0,549,26872,161,8651,549,35523,California
Solano,2021-01-31,486,44715,394,25709,92,19006,0,0,231,26849,255,8906,232,35755,California
Solano,2021-02-01,1498,46213,979,26688,519,19525,0,0,760,26873,736,9642,760,36515,California
Solano,2021-02-02,3318,49531,1111,27799,2207,21732,0,0,2522,28603,792,10434,2522,39037,California
Solano,2021-02-03,2241,51772,1303,29102,938,22670,0,0,1163,28692,1074,11508,1163,40200,California
Solano,2021-02-04,1761,53533,907,30009,854,23524,0,0,1049,29034,707,12215,1049,41249,California
Solano,2021-02-05,3063,56596,1406,31415,1657,25181,0,0,2072,30124,982,13197,2072,43321,California
Solano,2021-02-06,3044,59640,1169,32584,1875,27056,0,0,2229,31541,812,14009,2229,45550,California
Solano,2021-02-07,848,60488,784,33368,64,27120,0,0,232,31157,616,14625,232,45782,California
Solano,2021-02-08,1712,62200,1232,34600,480,27600,0,0,681,30809,1029,15654,681,46463,California
Solano,2021-02-09,1899,64099,1469,36069,430,28030,0,0,677,30265,1221,16875,677,47140,California
Solano,2021-02-10,2254,66353,1496,37565,758,28788,0,0,828,29667,1426,18301,828,47968,California
Solano,2021-02-11,2450,68803,1445,39010,1005,29793,0,0,1172,29571,1268,19569,1172,49140,California
Solano,2021-02-12,4137,72940,1597,40607,2540,32333,0,0,2827,31095,1303,20872,2827,51967,California
Solano,2021-02-13,2816,75756,243,40850,2573,34906,0,0,2431,33144,382,21254,2431,54398,California
Solano,2021-02-14,690,76446,201,41051,489,35395,0,0,412,33280,276,21530,412,54810,California
Solano,2021-02-15,1295,77741,323,41374,972,36367,0,0,671,33328,623,22153,671,55481,California
Solano,2021-02-16,2396,80137,1231,42605,1165,37532,0,0,1629,34191,766,22919,1629,57110,California
Solano,2021-02-17,2706,82843,1222,43827,1484,39016,0,0,1914,35317,789,23708,1915,59025,California
Solano,2021-02-18,2596,85439,708,44535,1888,40904,0,0,817,34363,1772,25480,818,59843,California
Solano,2021-02-19,2213,87652,1266,45801,947,41851,0,0,1132,34420,1077,26557,1134,60977,California
Solano,2021-02-20,2546,90198,381,46182,2165,44016,0,0,2075,36023,472,27029,2075,63052,California
Solano,2021-02-21,2139,92337,1860,48042,279,44295,0,0,1856,37599,280,27309,1856,64908,California
Solano,2021-02-22,1577,93914,911,48953,666,44961,0,0,814,37652,762,28071,815,65723,California
Solano,2021-02-23,2735,96649,1001,49954,1734,46695,0,0,1862,38644,870,28941,1862,67585,California
Solano,2021-02-24,2361,99010,1132,51086,1229,47924,0,0,1331,38947,1028,29969,1331,68916,California
Solano,2021-02-25,2290,101300,1347,52433,943,48867,0,0,1261,39185,1023,30992,1261,70177,California
Solano,2021-02-26,2705,104005,1598,54031,1107,49974,0,0,1448,39382,1251,32243,1448,71625,California
Solano,2021-02-27,3643,107648,1374,55405,2268,52242,1,1,2952,41652,683,32926,2953,74578,California
Solano,2021-02-28,1353,109001,1039,56444,314,52556,0,1,1079,42460,271,33197,1079,75657,California
Solano,2021-03-01,2413,111414,1051,57495,1362,53918,0,1,1811,43674,597,33794,1811,77468,California
Solano,2021-03-02,2004,113418,1245,58740,759,54677,0,1,1231,44132,773,34567,1231,78699,California
Solano,2021-03-03,2156,115574,1207,59947,949,55626,0,1,1344,44672,804,35371,1344,80043,California
Solano,2021-03-04,4245,119819,3311,63258,932,56558,2,3,3153,46744,1086,36457,3158,83201,California
Solano,2021-03-05,4827,124646,1609,64867,3214,59772,4,7,3912,49755,905,37362,3916,87117,California
Solano,2021-03-06,3781,128427,825,65692,2917,62689,39,46,2601,51224,1171,38533,2640,89757,California
Solano,2021-03-07,3464,131891,733,66425,2721,65410,10,56,1908,51596,1547,40080,1919,91676,California
Solano,2021-03-08,1607,133498,815,67240,521,65931,271,327,1095,52452,509,40589,1365,93041,California
Solano,2021-03-09,2957,136455,1342,68582,1563,67494,52,379,2121,53786,836,41425,2170,95211,California
Solano,2021-03-10,2208,138663,1560,70142,562,68056,86,465,1110,53885,1094,42519,1193,96404,California
Solano,2021-03-11,5655,144318,1409,71551,3992,72048,254,719,4618,57720,1036,43555,4871,101275,California
Solano,2021-03-12,5770,150088,1392,72943,4205,76253,173,892,3019,58165,2747,46302,3192,104467,California
Solano,2021-03-13,4571,154659,805,73748,3682,79935,84,976,2241,58169,2323,48625,2327,106794,California
Solano,2021-03-14,3984,158643,3107,76855,424,80359,453,1429,1651,57941,2329,50954,2101,108895,California
Solano,2021-03-15,3826,162469,2273,79128,1237,81596,316,1745,2447,59332,1372,52326,2763,111658,California
Solano,2021-03-16,2871,165340,1141,80269,1495,83091,235,1980,1441,59582,1425,53751,1675,113333,California
Solano,2021-03-17,6009,171349,1483,81752,4436,87527,90,2070,4656,62980,1348,55099,4746,118079,California
Solano,2021-03-18,5001,176350,1675,83427,3289,90816,37,2107,3694,65411,1299,56398,3730,121809,California
Solano,2021-03-19,2789,179139,1879,85306,837,91653,73,2180,1515,65731,1269,57667,1589,123398,California
Solano,2021-03-20,5467,184606,1663,86969,3750,95403,54,2234,2807,65943,2649,60316,2861,126259,California
Solano,2021-03-21,1666,186272,1565,88534,77,95480,24,2258,853,66007,811,61127,875,127134,California
Solano,2021-03-22,2419,188691,1797,90331,573,96053,49,2307,1459,66558,954,62081,1505,128639,California
Solano,2021-03-23,3314,192005,1489,91820,1783,97836,42,2349,1355,66001,1954,64035,1397,130036,California
Solano,2021-03-24,2681,194686,1637,93457,1010,98846,34,2383,1266,65892,1409,65444,1300,131336,California
Solano,2021-03-25,4544,199230,3674,97131,835,99681,35,2418,2003,65394,2537,67981,2039,133375,California
Solano,2021-03-26,3033,202263,1918,99049,1079,100760,36,2454,1624,65654,1400,69381,1660,135035,California
Solano,2021-03-27,4176,206439,1147,100196,2993,103753,36,2490,1797,65114,2373,71754,1833,136868,California
Solano,2021-03-28,1410,207849,1100,101296,292,104045,18,2508,567,64861,839,72593,586,137454,California
Solano,2021-03-29,2896,210745,1496,102792,1384,105429,16,2524,1506,65000,1383,73976,1522,138976,California
Solano,2021-03-30,2790,213535,1824,104616,879,106308,87,2611,1737,65773,1051,75027,1824,140800,California
Solano,2021-03-31,2927,216462,1934,106550,835,107143,158,2769,1688,66381,1236,76263,1844,142644,California
Solano,2021-04-01,5083,221545,1687,108237,3252,110395,144,2913,3414,68281,1658,77921,3558,146202,California
Solano,2021-04-02,5942,227487,1688,109925,4088,114483,166,3079,2443,67409,3480,81401,2608,148810,California
Solano,2021-04-03,1512,228999,954,110879,406,114889,152,3231,549,67149,961,82362,701,149511,California
Solano,2021-04-04,778,229777,287,111166,190,115079,301,3532,239,67154,535,82897,540,150051,California
Solano,2021-04-05,2832,232609,1892,113058,734,115813,206,3738,1398,67324,1433,84330,1603,151654,California
Solano,2021-04-06,5387,237996,1388,114446,3509,119322,490,4228,1547,65524,3836,88166,2036,153690,California
Solano,2021-04-07,5071,243067,3753,118199,924,120246,394,4622,2917,66687,2147,90313,3310,157000,California
Solano,2021-04-08,5729,248796,1550,119749,3323,123569,856,5478,1606,65038,4106,94419,2457,159457,California
Solano,2021-04-09,5716,254512,1460,121209,3488,127057,768,6246,1401,62909,4298,98717,2169,161626,California
Solano,2021-04-10,1699,256211,944,122153,444,127501,311,6557,788,63098,910,99627,1099,162725,California
Solano,2021-04-11,1172,257383,741,122894,304,127805,127,6684,608,63272,561,100188,735,163460,California
Solano,2021-04-12,3236,260619,1662,124556,1215,129020,359,7043,1489,63377,1742,101930,1847,165307,California
Solano,2021-04-13,2518,263137,1089,125645,1428,130448,1,7044,1315,63494,1199,103129,1316,166623,California
Solano,2021-04-14,5878,269015,1737,127382,4141,134589,0,7044,1849,61327,4016,107145,1849,168472,California
Solano,2021-04-15,5040,274055,1839,129221,3201,137790,0,7044,1618,59531,3414,110559,1618,170090,California
Solano,2021-04-16,3491,277546,2411,131632,1078,138868,2,7046,2249,60547,1237,111796,2253,172343,California
Solano,2021-04-17,2652,280198,1057,132689,1595,140463,0,7046,1054,60009,1592,113388,1054,173397,California
Solano,2021-04-18,991,281189,596,133285,395,140858,0,7046,528,60075,462,113850,528,173925,California
Solano,2021-04-19,2037,283226,1143,134428,894,141752,0,7046,1126,60297,906,114756,1128,175053,California
Solano,2021-04-20,2842,286068,1682,136110,1160,142912,0,7046,1671,60799,1169,115925,1671,176724,California
Solano,2021-04-21,3096,289164,1952,138062,1144,144056,0,7046,1656,61020,1435,117360,1656,178380,California
Solano,2021-04-22,2682,291846,1358,139420,1324,145380,0,7046,1611,61564,1067,118427,1611,179991,California
Solano,2021-04-23,2506,294352,1366,140786,1140,146520,0,7046,1340,61744,1161,119588,1341,181332,California
Solano,2021-04-24,1493,295845,881,141667,610,147130,2,7048,1073,62404,415,120003,1075,182407,California
Solano,2021-04-25,309,296154,250,141917,59,147189,0,7048,242,62585,62,120065,243,182650,California
Sonoma,2020-12-15,4,4,4,4,0,0,0,0,4,4,0,0,4,4,California
Sonoma,2020-12-16,27,31,27,31,0,0,0,0,27,31,0,0,27,31,California
Sonoma,2020-12-17,103,134,103,134,0,0,0,0,103,134,0,0,103,134,California
Sonoma,2020-12-18,421,555,421,555,0,0,0,0,421,555,0,0,421,555,California
Sonoma,2020-12-19,111,666,110,665,1,1,0,0,111,666,0,0,111,666,California
Sonoma,2020-12-20,174,840,174,839,0,1,0,0,174,840,0,0,174,840,California
Sonoma,2020-12-21,910,1750,908,1747,2,3,0,0,909,1749,0,0,909,1749,California
Sonoma,2020-12-22,1356,3106,1264,3011,92,95,0,0,1356,3105,0,0,1356,3105,California
Sonoma,2020-12-23,1605,4711,1229,4240,376,471,0,0,1606,4711,0,0,1606,4711,California
Sonoma,2020-12-24,305,5016,101,4341,204,675,0,0,305,5016,0,0,305,5016,California
Sonoma,2020-12-25,8,5024,2,4343,6,681,0,0,8,5024,0,0,8,5024,California
Sonoma,2020-12-26,266,5290,255,4598,11,692,0,0,266,5290,0,0,266,5290,California
Sonoma,2020-12-27,93,5383,80,4678,13,705,0,0,93,5383,0,0,93,5383,California
Sonoma,2020-12-28,987,6370,552,5230,435,1140,0,0,959,6342,0,0,959,6342,California
Sonoma,2020-12-29,1129,7499,776,6006,353,1493,0,0,1095,7437,0,0,1095,7437,California
Sonoma,2020-12-30,1093,8592,479,6485,614,2107,0,0,1085,8522,0,0,1085,8522,California
Sonoma,2020-12-31,518,9110,71,6556,447,2554,0,0,519,9041,0,0,519,9041,California
Sonoma,2021-01-01,10,9120,5,6561,5,2559,0,0,10,9051,0,0,10,9051,California
Sonoma,2021-01-02,132,9252,126,6687,6,2565,0,0,132,9183,0,0,132,9183,California
Sonoma,2021-01-03,25,9277,11,6698,14,2579,0,0,25,9208,0,0,25,9208,California
Sonoma,2021-01-04,340,9617,105,6803,235,2814,0,0,339,9547,0,0,339,9547,California
Sonoma,2021-01-05,437,10054,102,6905,335,3149,0,0,413,9945,15,15,413,9960,California
Sonoma,2021-01-06,948,11002,434,7339,514,3663,0,0,836,10676,105,120,836,10796,California
Sonoma,2021-01-07,1028,12030,535,7874,493,4156,0,0,858,11365,169,289,858,11654,California
Sonoma,2021-01-08,1784,13814,1228,9102,556,4712,0,0,1313,12209,469,758,1313,12967,California
Sonoma,2021-01-09,637,14451,400,9502,237,4949,0,0,589,12750,48,806,589,13556,California
Sonoma,2021-01-10,472,14923,461,9963,11,4960,0,0,279,12836,193,999,279,13835,California
Sonoma,2021-01-11,1381,16304,1235,11198,146,5106,0,0,413,12285,964,1963,413,14248,California
Sonoma,2021-01-12,1547,17851,1294,12492,253,5359,0,0,395,11530,1150,3113,395,14643,California
Sonoma,2021-01-13,2070,19921,1426,13918,644,6003,0,0,1208,11879,859,3972,1208,15851,California
Sonoma,2021-01-14,1530,21451,808,14726,722,6725,0,0,1300,12949,230,4202,1300,17151,California
Sonoma,2021-01-15,1563,23014,634,15360,929,7654,0,0,1343,14082,211,4413,1344,18495,California
Sonoma,2021-01-16,1144,24158,615,15975,529,8183,0,0,899,14740,241,4654,899,19394,California
Sonoma,2021-01-17,668,24826,548,16523,120,8303,0,0,587,15246,81,4735,587,19981,California
Sonoma,2021-01-18,1105,25931,932,17455,173,8476,0,0,614,15370,491,5226,615,20596,California
Sonoma,2021-01-19,2093,28024,1004,18459,1089,9565,0,0,1384,16048,707,5933,1385,21981,California
Sonoma,2021-01-20,2073,30097,624,19083,1449,11014,0,0,1412,16809,652,6585,1413,23394,California
Sonoma,2021-01-21,2232,32329,619,19702,1613,12627,0,0,2013,18606,217,6802,2014,25408,California
Sonoma,2021-01-22,2725,35054,1034,20736,1691,14318,0,0,2577,21036,147,6949,2577,27985,California
Sonoma,2021-01-23,767,35821,592,21328,175,14493,0,0,660,21590,106,7055,660,28645,California
Sonoma,2021-01-24,850,36671,714,22042,136,14629,0,0,834,22408,16,7071,834,29479,California
Sonoma,2021-01-25,2171,38842,520,22562,1651,16280,0,0,1684,23605,487,7558,1684,31163,California
Sonoma,2021-01-26,2008,40850,295,22857,1713,17993,0,0,1552,24702,455,8013,1552,32715,California
Sonoma,2021-01-27,3693,44543,1277,24134,2416,20409,0,0,3120,27254,571,8584,3123,35838,California
Sonoma,2021-01-28,4113,48656,1843,25977,2270,22679,0,0,3443,30032,667,9251,3445,39283,California
Sonoma,2021-01-29,2961,51617,1408,27385,1553,24232,0,0,2129,31332,830,10081,2130,41413,California
Sonoma,2021-01-30,2575,54192,2387,29772,188,24420,0,0,2241,33240,334,10415,2242,43655,California
Sonoma,2021-01-31,776,54968,664,30436,112,24532,0,0,578,33621,197,10612,578,44233,California
Sonoma,2021-02-01,2500,57468,881,31317,1619,26151,0,0,2096,35315,402,11014,2096,46329,California
Sonoma,2021-02-02,3444,60912,1366,32683,2078,28229,0,0,2879,37631,563,11577,2879,49208,California
Sonoma,2021-02-03,4027,64939,1322,34005,2705,30934,0,0,3099,39804,926,12503,3099,52307,California
Sonoma,2021-02-04,4191,69130,1704,35709,2487,33421,0,0,3415,42445,774,13277,3415,55722,California
Sonoma,2021-02-05,4803,73933,1733,37442,3070,36491,0,0,3790,45227,1009,14286,3791,59513,California
Sonoma,2021-02-06,2654,76587,2294,39736,360,36851,0,0,2096,46766,557,14843,2096,61609,California
Sonoma,2021-02-07,1532,78119,1398,41134,134,36985,0,0,1282,47798,250,15093,1282,62891,California
Sonoma,2021-02-08,3253,81372,1033,42167,2220,39205,0,0,2673,49892,579,15672,2673,65564,California
Sonoma,2021-02-09,3552,84924,1696,43863,1856,41061,0,0,3073,52489,477,16149,3074,68638,California
Sonoma,2021-02-10,4403,89327,2360,46223,2043,43104,0,0,3371,54835,1026,17175,3372,72010,California
Sonoma,2021-02-11,5336,94663,2789,49012,2547,45651,0,0,4161,57823,1173,18348,4161,76171,California
Sonoma,2021-02-12,5625,100288,2972,51984,2653,48304,0,0,4211,60627,1410,19758,4214,80385,California
Sonoma,2021-02-13,1983,102271,1152,53136,831,49135,0,0,1205,61057,775,20533,1205,81590,California
Sonoma,2021-02-14,2316,104587,1821,54957,495,49630,0,0,1570,61882,745,21278,1570,83160,California
Sonoma,2021-02-15,2133,106720,787,55744,1346,50976,0,0,1605,62960,527,21805,1605,84765,California
Sonoma,2021-02-16,4609,111329,2048,57792,2561,53537,0,0,3361,65077,1244,23049,3361,88126,California
Sonoma,2021-02-17,5318,116647,2886,60678,2432,55969,0,0,3327,66422,1983,25032,3328,91454,California
Sonoma,2021-02-18,6780,123427,3001,63679,3779,59748,0,0,3875,67400,2897,27929,3875,95329,California
Sonoma,2021-02-19,5364,128791,1658,65337,3706,63454,0,0,3272,68586,2087,30016,3273,98602,California
Sonoma,2021-02-20,3104,131895,2823,68160,281,63735,0,0,1223,67934,1875,31891,1223,99825,California
Sonoma,2021-02-21,517,132412,413,68573,104,63839,0,0,128,67676,386,32277,128,99953,California
Sonoma,2021-02-22,2714,135126,1353,69926,1361,65200,0,0,1042,67051,1667,33944,1042,100995,California
Sonoma,2021-02-23,3094,138220,2067,71993,1027,66227,0,0,1351,66663,1739,35683,1351,102346,California
Sonoma,2021-02-24,5448,143668,2536,74529,2912,69139,0,0,2730,66682,2713,38396,2732,105078,California
Sonoma,2021-02-25,5648,149316,2227,76756,3421,72560,0,0,2974,67003,2653,41049,2974,108052,California
Sonoma,2021-02-26,6018,155334,2744,79500,3274,75834,0,0,3744,68478,2269,43318,3744,111796,California
Sonoma,2021-02-27,4000,159334,1903,81403,2097,77931,0,0,2664,69808,1334,44652,2664,114460,California
Sonoma,2021-02-28,2331,161665,1847,83250,484,78415,0,0,612,68707,1713,46365,612,115072,California
Sonoma,2021-03-01,3664,165329,1128,84378,2536,80951,0,0,1810,68673,1845,48210,1811,116883,California
Sonoma,2021-03-02,4210,169539,1462,85840,2748,83699,0,0,2479,69429,1723,49933,2479,119362,California
Sonoma,2021-03-03,4833,174372,2509,88349,2324,86023,0,0,2246,69095,2580,52513,2246,121608,California
Sonoma,2021-03-04,5682,180054,2438,90787,3244,89267,0,0,2563,68553,3105,55618,2563,124171,California
Sonoma,2021-03-05,6156,186210,2549,93336,3592,92859,15,15,2702,67830,3441,59059,2718,126889,California
Sonoma,2021-03-06,2759,188969,1207,94543,1418,94277,134,149,1896,69002,857,59916,2029,128918,California
Sonoma,2021-03-07,1681,190650,1393,95936,253,94530,35,184,356,68070,1323,61239,391,129309,California
Sonoma,2021-03-08,3879,194529,652,96588,3053,97583,174,358,2214,68801,1655,62894,2386,131695,California
Sonoma,2021-03-09,5433,199962,3000,99588,2192,99775,241,599,2682,68980,2744,65638,2923,134618,California
Sonoma,2021-03-10,5927,205889,3164,102752,2438,102213,325,924,2394,68178,3520,69158,2718,137336,California
Sonoma,2021-03-11,7491,213380,2975,105727,3695,105908,821,1745,2650,66815,4833,73991,3470,140806,California
Sonoma,2021-03-12,7387,220767,2260,107987,3765,109673,1362,3107,2102,65009,5266,79257,3460,144266,California
Sonoma,2021-03-13,3239,224006,1541,109528,1463,111136,235,3342,1845,65693,1393,80650,2077,146343,California
Sonoma,2021-03-14,1374,225380,381,109909,852,111988,141,3483,847,66156,524,81174,987,147330,California
Sonoma,2021-03-15,5214,230594,1498,111407,3331,115319,385,3868,2192,65717,3014,84188,2575,149905,California
Sonoma,2021-03-16,6261,236855,2231,113638,3798,119117,232,4100,3166,66024,3090,87278,3397,153302,California
Sonoma,2021-03-17,6732,243587,3519,117157,3033,122150,180,4280,3535,66551,3188,90466,3715,157017,California
Sonoma,2021-03-18,7097,250684,2930,120087,3557,125707,610,4890,3175,66417,3916,94382,3782,160799,California
Sonoma,2021-03-19,7472,258156,3227,123314,4014,129721,231,5121,3317,65833,4136,98518,3552,164351,California
Sonoma,2021-03-20,3629,261785,1744,125058,1054,130775,831,5952,1971,66981,1651,100169,2799,167150,California
Sonoma,2021-03-21,1376,263161,600,125658,743,131518,33,5985,1211,68062,163,100332,1244,168394,California
Sonoma,2021-03-22,4484,267645,3084,128742,1300,132818,100,6085,3541,70764,940,101272,3642,172036,California
Sonoma,2021-03-23,5788,273433,3599,132341,2113,134931,76,6161,4665,74390,1115,102387,4741,176777,California
Sonoma,2021-03-24,6584,280017,4263,136604,2256,137187,65,6226,4152,76191,2415,104802,4216,180993,California
Sonoma,2021-03-25,6964,286981,4189,140793,2670,139857,105,6331,4337,78029,2605,107407,4443,185436,California
Sonoma,2021-03-26,7259,294240,3445,144238,3726,143583,88,6419,4011,78894,3234,110641,4099,189535,California
Sonoma,2021-03-27,3782,298022,1498,145736,1923,145506,361,6780,1124,77728,2651,113292,1485,191020,California
Sonoma,2021-03-28,1502,299524,946,146682,529,146035,27,6807,944,78143,556,113848,971,191991,California
Sonoma,2021-03-29,2819,302343,1081,147763,1705,147740,33,6840,1620,78601,1195,115043,1653,193644,California
Sonoma,2021-03-30,5638,307981,3119,150882,2457,150197,62,6902,3047,79124,2586,117629,3109,196753,California
Sonoma,2021-03-31,5493,313474,3339,154221,1942,152139,212,7114,3282,80417,2202,119831,3495,200248,California
Sonoma,2021-04-01,6674,320148,3972,158193,2369,154508,333,7447,3583,81250,3078,122909,3911,204159,California
Sonoma,2021-04-02,5903,326051,3537,161730,2257,156765,109,7556,3557,82577,2340,125249,3667,207826,California
Sonoma,2021-04-03,3360,329411,1643,163373,1498,158263,219,7775,1473,82394,1875,127124,1692,209518,California
Sonoma,2021-04-04,1056,330467,686,164059,280,158543,90,7865,667,82765,386,127510,757,210275,California
Sonoma,2021-04-05,4348,334815,581,164640,3430,161973,337,8202,1790,82340,2552,130062,2127,212402,California
Sonoma,2021-04-06,6815,341630,3453,168093,2963,164936,399,8601,3957,83850,2845,132907,4355,216757,California
Sonoma,2021-04-07,6735,348365,3803,171896,2101,167037,831,9432,3270,84490,3457,136364,4097,220854,California
Sonoma,2021-04-08,7464,355829,4084,175980,2614,169651,766,10198,4073,85947,3380,139744,4837,225691,California
Sonoma,2021-04-09,6741,362570,3747,179727,2111,171762,883,11081,3457,87010,3272,143016,4335,230026,California
Sonoma,2021-04-10,3812,366382,1679,181406,1580,173342,553,11634,1109,85973,2694,145710,1657,231683,California
Sonoma,2021-04-11,1274,367656,602,182008,591,173933,81,11715,434,85650,838,146548,515,232198,California
Sonoma,2021-04-12,4931,372587,2051,184059,2400,176333,480,12195,1851,84902,3073,149621,2325,234523,California
Sonoma,2021-04-13,7777,380364,4609,188668,3166,179499,2,12197,2958,83051,4811,154432,2960,237483,California
Sonoma,2021-04-14,6347,386711,3590,192258,2738,182237,19,12216,2504,81746,3828,158260,2523,240006,California
Sonoma,2021-04-15,7047,393758,4016,196274,3031,185268,0,12216,3483,81677,3552,161812,3483,243489,California
Sonoma,2021-04-16,6771,400529,3407,199681,3363,188631,1,12217,3843,82599,2922,164734,3844,247333,California
Sonoma,2021-04-17,3062,403591,1492,201173,1570,190201,0,12217,1488,82520,1568,166302,1489,248822,California
Sonoma,2021-04-18,1199,404790,808,201981,391,190592,0,12217,368,82060,828,167130,368,249190,California
Sonoma,2021-04-19,3271,408061,1872,203853,1399,191991,0,12217,1444,81679,1825,168955,1444,250634,California
Sonoma,2021-04-20,6234,414295,3434,207287,2800,194791,0,12217,2362,80182,3860,172815,2363,252997,California
Sonoma,2021-04-21,6215,420510,4116,211403,2097,196888,2,12219,2830,79640,3373,176188,2831,255828,California
Sonoma,2021-04-22,5823,426333,4201,215604,1622,198510,0,12219,2373,78575,3438,179626,2373,258201,California
Sonoma,2021-04-23,6488,432821,4316,219920,2172,200682,0,12219,3082,78258,3400,183026,3083,261284,California
Sonoma,2021-04-24,1684,434505,880,220800,791,201473,13,12232,979,78547,703,183729,992,262276,California
Sonoma,2021-04-25,141,434646,102,220902,39,201512,0,12232,74,78555,66,183795,74,262350,California
Stanislaus,2020-12-15,3,3,3,3,0,0,0,0,3,3,0,0,3,3,California
Stanislaus,2020-12-16,37,40,37,40,0,0,0,0,37,40,0,0,37,40,California
Stanislaus,2020-12-17,73,113,73,113,0,0,0,0,73,113,0,0,73,113,California
Stanislaus,2020-12-18,336,449,330,443,6,6,0,0,336,449,0,0,336,449,California
Stanislaus,2020-12-19,133,582,133,576,0,6,0,0,133,582,0,0,133,582,California
Stanislaus,2020-12-20,86,668,86,662,0,6,0,0,86,668,0,0,86,668,California
Stanislaus,2020-12-21,996,1664,994,1656,2,8,0,0,995,1663,0,0,995,1663,California
Stanislaus,2020-12-22,796,2460,784,2440,12,20,0,0,796,2459,0,0,796,2459,California
Stanislaus,2020-12-23,446,2906,429,2869,17,37,0,0,445,2904,0,0,445,2904,California
Stanislaus,2020-12-24,97,3003,88,2957,9,46,0,0,97,3001,0,0,97,3001,California
Stanislaus,2020-12-26,50,3053,8,2965,42,88,0,0,50,3051,0,0,50,3051,California
Stanislaus,2020-12-27,11,3064,6,2971,5,93,0,0,11,3062,0,0,11,3062,California
Stanislaus,2020-12-28,490,3554,395,3366,95,188,0,0,490,3552,0,0,490,3552,California
Stanislaus,2020-12-29,493,4047,416,3782,77,265,0,0,493,4045,0,0,493,4045,California
Stanislaus,2020-12-30,535,4582,279,4061,256,521,0,0,534,4578,1,1,534,4579,California
Stanislaus,2020-12-31,276,4858,156,4217,120,641,0,0,276,4854,0,1,276,4855,California
Stanislaus,2021-01-01,11,4869,4,4221,7,648,0,0,11,4865,0,1,11,4866,California
Stanislaus,2021-01-02,31,4900,24,4245,7,655,0,0,31,4896,0,1,31,4897,California
Stanislaus,2021-01-03,89,4989,86,4331,3,658,0,0,89,4985,0,1,89,4986,California
Stanislaus,2021-01-04,111,5100,33,4364,78,736,0,0,111,5096,0,1,111,5097,California
Stanislaus,2021-01-05,832,5932,340,4704,492,1228,0,0,809,5889,22,23,815,5912,California
Stanislaus,2021-01-06,948,6880,546,5250,402,1630,0,0,880,6705,65,88,881,6793,California
Stanislaus,2021-01-07,1074,7954,701,5951,373,2003,0,0,959,7552,113,201,960,7753,California
Stanislaus,2021-01-08,1279,9233,722,6673,557,2560,0,0,938,8156,338,539,942,8695,California
Stanislaus,2021-01-09,285,9518,141,6814,144,2704,0,0,195,8261,90,629,195,8890,California
Stanislaus,2021-01-10,48,9566,21,6835,27,2731,0,0,29,8271,19,648,29,8919,California
Stanislaus,2021-01-11,1517,11083,1241,8076,276,3007,0,0,595,7964,916,1564,609,9528,California
Stanislaus,2021-01-12,1459,12542,862,8938,597,3604,0,0,823,8162,632,2196,830,10358,California
Stanislaus,2021-01-13,1415,13957,664,9602,751,4355,0,0,1101,8956,314,2510,1108,11466,California
Stanislaus,2021-01-14,2213,16170,281,9883,1932,6287,0,0,2059,10919,152,2662,2115,13581,California
Stanislaus,2021-01-15,2796,18966,1136,11019,1660,7947,0,0,2661,13515,131,2793,2727,16308,California
Stanislaus,2021-01-16,467,19433,50,11069,417,8364,0,0,452,13955,14,2807,454,16762,California
Stanislaus,2021-01-17,243,19676,201,11270,42,8406,0,0,237,14187,5,2812,237,16999,California
Stanislaus,2021-01-18,2174,21850,1016,12286,1158,9564,0,0,1803,15684,366,3178,1863,18862,California
Stanislaus,2021-01-19,1245,23095,719,13005,526,10090,0,0,802,16046,441,3619,803,19665,California
Stanislaus,2021-01-20,995,24090,480,13485,515,10605,0,0,705,16462,289,3908,705,20370,California
Stanislaus,2021-01-21,3624,27714,2935,16420,689,11294,0,0,3319,19565,303,4211,3406,23776,California
Stanislaus,2021-01-22,1059,28773,308,16728,751,12045,0,0,1016,20546,39,4250,1020,24796,California
Stanislaus,2021-01-23,339,29112,38,16766,301,12346,0,0,283,20778,55,4305,287,25083,California
Stanislaus,2021-01-24,292,29404,100,16866,192,12538,0,0,226,20940,66,4371,228,25311,California
Stanislaus,2021-01-25,3124,32528,218,17084,2906,15444,0,0,2819,23585,305,4676,2950,28261,California
Stanislaus,2021-01-26,1710,34238,738,17822,972,16416,0,0,1291,24476,415,5091,1306,29567,California
Stanislaus,2021-01-27,1814,36052,974,18796,840,17256,0,0,1159,24989,647,5738,1160,30727,California
Stanislaus,2021-01-28,2189,38241,1496,20292,693,17949,0,0,1714,26284,467,6205,1762,32489,California
Stanislaus,2021-01-29,2421,40662,1184,21476,1237,19186,0,0,1904,27758,473,6678,1947,34436,California
Stanislaus,2021-01-30,284,40946,123,21599,161,19347,0,0,221,27927,52,6730,221,34657,California
Stanislaus,2021-01-31,364,41310,311,21910,53,19400,0,0,350,28266,11,6741,350,35007,California
Stanislaus,2021-02-01,1244,42554,544,22454,700,20100,0,0,911,28853,324,7065,911,35918,California
Stanislaus,2021-02-02,1227,43781,373,22827,854,20954,0,0,774,29187,444,7509,778,36696,California
Stanislaus,2021-02-03,2454,46235,1075,23902,1379,22333,0,0,1790,30322,660,8169,1795,38491,California
Stanislaus,2021-02-04,2075,48310,717,24619,1358,23691,0,0,1566,31391,501,8670,1570,40061,California
Stanislaus,2021-02-05,2822,51132,1452,26071,1370,25061,0,0,1590,31805,1180,9850,1594,41655,California
Stanislaus,2021-02-06,875,52007,293,26364,582,25643,0,0,685,32303,188,10038,686,42341,California
Stanislaus,2021-02-07,212,52219,188,26552,24,25667,0,0,42,32177,169,10207,43,42384,California
Stanislaus,2021-02-08,1999,54218,1305,27857,694,26361,0,0,1095,32403,872,11079,1098,43482,California
Stanislaus,2021-02-09,1820,56038,773,28630,1047,27408,0,0,1042,32686,762,11841,1045,44527,California
Stanislaus,2021-02-10,1926,57964,529,29159,1397,28805,0,0,1013,32806,895,12736,1015,45542,California
Stanislaus,2021-02-11,5341,63305,3246,32405,2095,30900,0,0,1226,30088,3948,16684,1230,46772,California
Stanislaus,2021-02-12,3277,66582,908,33313,2369,33269,0,0,1456,29779,1766,18450,1457,48229,California
Stanislaus,2021-02-13,1341,67923,648,33961,693,33962,0,0,977,30399,361,18811,981,49210,California
Stanislaus,2021-02-14,420,68343,169,34130,251,34213,0,0,353,30687,65,18876,353,49563,California
Stanislaus,2021-02-15,1788,70131,217,34347,1571,35784,0,0,580,30161,1111,19987,585,50148,California
Stanislaus,2021-02-16,1348,71479,414,34761,934,36718,0,0,574,29969,768,20755,576,50724,California
Stanislaus,2021-02-17,2719,74198,1658,36419,1061,37779,0,0,1940,31140,776,21531,1947,52671,California
Stanislaus,2021-02-18,3324,77522,1876,38295,1448,39227,0,0,1792,31482,1459,22990,1801,54472,California
Stanislaus,2021-02-19,2694,80216,1039,39334,1655,40882,0,0,1518,31864,1145,24135,1527,55999,California
Stanislaus,2021-02-20,739,80955,372,39706,367,41249,0,0,482,32102,246,24381,484,56483,California
Stanislaus,2021-02-21,871,81826,657,40363,214,41463,0,0,525,32307,331,24712,536,57019,California
Stanislaus,2021-02-22,2321,84147,1675,42038,646,42109,0,0,1630,33271,668,25380,1632,58651,California
Stanislaus,2021-02-23,3677,87824,679,42717,2998,45107,0,0,1736,33207,1806,27186,1742,60393,California
Stanislaus,2021-02-24,4133,91957,2823,45540,1310,46417,0,0,3126,35345,992,28178,3130,63523,California
Stanislaus,2021-02-25,3846,95803,2621,48161,1225,47642,0,0,3055,37629,774,28952,3058,66581,California
Stanislaus,2021-02-26,4135,99938,1190,49351,2945,50587,0,0,2802,39147,1293,30245,2811,69392,California
Stanislaus,2021-02-27,2058,101996,693,50044,1364,51951,1,1,1835,40783,200,30445,1836,71228,California
Stanislaus,2021-02-28,797,102793,256,50300,541,52492,0,1,753,41500,37,30482,754,71982,California
Stanislaus,2021-03-01,2704,105497,1581,51881,1123,53615,0,1,1592,41997,1099,31581,1596,73578,California
Stanislaus,2021-03-02,2353,107850,1399,53280,953,54568,1,2,1642,42934,706,32287,1643,75221,California
Stanislaus,2021-03-03,3682,111532,2212,55492,1468,56036,2,4,2884,45033,785,33072,2884,78105,California
Stanislaus,2021-03-04,5369,116901,3056,58548,2298,58334,15,19,4183,48061,1166,34238,4194,82299,California
Stanislaus,2021-03-05,3997,120898,1105,59653,2876,61210,16,35,3041,50176,941,35179,3056,85355,California
Stanislaus,2021-03-06,3547,124445,2202,61855,1251,62461,94,129,2698,52125,845,36024,2794,88149,California
Stanislaus,2021-03-07,840,125285,379,62234,424,62885,37,166,651,52630,182,36206,687,88836,California
Stanislaus,2021-03-08,1965,127250,842,63076,1035,63920,88,254,1310,53382,645,36851,1397,90233,California
Stanislaus,2021-03-09,2142,129392,878,63954,1172,65092,92,346,1616,54575,519,37370,1712,91945,California
Stanislaus,2021-03-10,5015,134407,2466,66420,2329,67421,220,566,3711,57228,1289,38659,3942,95887,California
Stanislaus,2021-03-11,5696,140103,3129,69549,2090,69511,477,1043,4128,60420,1415,40074,4607,100494,California
Stanislaus,2021-03-12,5729,145832,1215,70764,2597,72108,1917,2960,2908,62436,2807,42881,4823,105317,California
Stanislaus,2021-03-13,3336,149168,2145,72909,1123,73231,68,3028,2668,64514,663,43544,2741,108058,California
Stanislaus,2021-03-14,971,150139,576,73485,344,73575,51,3079,481,64561,488,44032,535,108593,California
Stanislaus,2021-03-15,3653,153792,1956,75441,1348,74923,349,3428,1598,64551,1965,45997,1955,110548,California
Stanislaus,2021-03-16,4872,158664,2430,77871,2031,76954,414,3842,3514,67135,1356,47353,3940,114488,California
Stanislaus,2021-03-17,4676,163340,2836,80707,1667,78621,173,4015,2862,68378,1799,49152,3042,117530,California
Stanislaus,2021-03-18,5384,168724,3397,84104,1921,80542,66,4081,2961,69132,2279,51431,3033,120563,California
Stanislaus,2021-03-19,5890,174614,1517,85621,2851,83393,1522,5603,3094,70976,2772,54203,4616,125179,California
Stanislaus,2021-03-20,3810,178424,2974,88595,767,84160,69,5672,3343,73927,461,54664,3412,128591,California
Stanislaus,2021-03-21,977,179401,877,89472,35,84195,65,5737,748,74511,228,54892,812,129403,California
Stanislaus,2021-03-22,2783,182184,1302,90774,755,84950,726,6463,1232,74928,1539,56431,1956,131359,California
Stanislaus,2021-03-23,3901,186085,2001,92775,1642,86592,258,6721,2792,76897,1095,57526,3064,134423,California
Stanislaus,2021-03-24,4487,190572,3184,95959,1235,87827,68,6789,2616,77752,1832,59358,2687,137110,California
Stanislaus,2021-03-25,4192,194764,2890,98849,1286,89113,16,6805,1803,77254,2318,61676,1820,138930,California
Stanislaus,2021-03-26,4663,199427,1325,100174,3263,92376,75,6880,2345,77400,2287,63963,2433,141363,California
Stanislaus,2021-03-27,4258,203685,2667,102841,1565,93941,26,6906,1367,75931,2876,66839,1407,142770,California
Stanislaus,2021-03-28,1093,204778,435,103276,554,94495,104,7010,348,75657,738,67577,464,143234,California
Stanislaus,2021-03-29,2921,207699,1793,105069,1089,95584,39,7049,1957,76702,958,68535,2003,145237,California
Stanislaus,2021-03-30,3577,211276,2020,107089,1529,97113,28,7077,2174,77516,1397,69932,2211,147448,California
Stanislaus,2021-03-31,5336,216612,3784,110873,1436,98549,116,7193,2727,77780,2595,72527,2859,150307,California
Stanislaus,2021-04-01,5598,222210,3741,114614,1768,100317,89,7282,2527,77362,3059,75586,2641,152948,California
Stanislaus,2021-04-02,4877,227087,1178,115792,3552,103869,147,7429,2154,77041,2641,78227,2320,155268,California
Stanislaus,2021-04-03,4428,231515,3199,118991,1192,105061,37,7466,2151,76983,2269,80496,2211,157479,California
Stanislaus,2021-04-04,1290,232805,458,119449,803,105864,29,7495,635,77008,650,81146,675,158154,California
Stanislaus,2021-04-05,3541,236346,2460,121909,831,106695,250,7745,2289,78307,1246,82392,2545,160699,California
Stanislaus,2021-04-06,5586,241932,4077,125986,1232,107927,277,8022,2941,78898,2634,85026,3225,163924,California
Stanislaus,2021-04-07,6208,248140,3495,129481,2298,110225,415,8437,2725,78573,3470,88496,3145,167069,California
Stanislaus,2021-04-08,5558,253698,3233,132714,1896,112121,429,8866,2677,78819,2866,91362,3112,170181,California
Stanislaus,2021-04-09,4736,258434,2042,134756,2327,114448,367,9233,2132,78745,2588,93950,2514,172695,California
Stanislaus,2021-04-10,6389,264823,3898,138654,857,115305,1634,10867,1944,77891,4427,98377,3573,176268,California
Stanislaus,2021-04-11,1497,266320,836,139490,527,115832,134,11001,650,77829,846,99223,784,177052,California
Stanislaus,2021-04-12,3471,269791,1996,141486,1100,116932,375,11376,1838,78424,1625,100848,2220,179272,California
Stanislaus,2021-04-13,5103,274894,3344,144830,1746,118678,13,11389,2870,79097,2202,103050,2875,182147,California
Stanislaus,2021-04-14,4566,279460,3190,148020,1376,120054,0,11389,2213,78992,2323,105373,2218,184365,California
Stanislaus,2021-04-15,5309,284769,3276,151296,2031,122085,2,11391,3190,80101,2085,107458,3194,187559,California
Stanislaus,2021-04-16,4184,288953,959,152255,3225,125310,0,11391,1777,79512,2369,109827,1780,189339,California
Stanislaus,2021-04-17,3083,292036,2046,154301,1037,126347,0,11391,1797,80037,1277,111104,1802,191141,California
Stanislaus,2021-04-18,509,292545,199,154500,310,126657,0,11391,391,80317,113,111217,393,191534,California
Stanislaus,2021-04-19,3418,295963,2431,156931,987,127644,0,11391,1645,80229,1741,112958,1653,193187,California
Stanislaus,2021-04-20,3900,299863,2375,159306,1525,129169,0,11391,1740,79835,2136,115094,1742,194929,California
Stanislaus,2021-04-21,3754,303617,2508,161814,1245,130414,1,11392,1623,79367,2097,117191,1629,196558,California
Stanislaus,2021-04-22,3838,307455,2368,164182,1470,131884,0,11392,1559,78715,2241,119432,1589,198147,California
Stanislaus,2021-04-23,3330,310785,752,164934,2578,134462,0,11392,1385,78262,1856,121288,1403,199550,California
Stanislaus,2021-04-24,3176,313961,2567,167501,609,135071,0,11392,1474,78076,1689,122977,1503,201053,California
Stanislaus,2021-04-25,96,314057,13,167514,83,135154,0,11392,69,78138,27,123004,89,201142,California
Sutter,2020-12-15,1,1,1,1,0,0,0,0,1,1,0,0,1,1,California
Sutter,2020-12-16,4,5,4,5,0,0,0,0,4,5,0,0,4,5,California
Sutter,2020-12-17,2,7,2,7,0,0,0,0,2,7,0,0,2,7,California
Sutter,2020-12-18,20,27,20,27,0,0,0,0,20,27,0,0,20,27,California
Sutter,2020-12-19,44,71,44,71,0,0,0,0,44,71,0,0,44,71,California
Sutter,2020-12-20,42,113,42,113,0,0,0,0,42,113,0,0,42,113,California
Sutter,2020-12-21,100,213,100,213,0,0,0,0,100,213,0,0,100,213,California
Sutter,2020-12-22,172,385,172,385,0,0,0,0,172,385,0,0,172,385,California
Sutter,2020-12-23,116,501,111,496,5,5,0,0,116,501,0,0,116,501,California
Sutter,2020-12-24,17,518,11,507,6,11,0,0,17,518,0,0,17,518,California
Sutter,2020-12-26,39,557,35,542,4,15,0,0,39,557,0,0,39,557,California
Sutter,2020-12-27,24,581,23,565,1,16,0,0,24,581,0,0,24,581,California
Sutter,2020-12-28,83,664,55,620,28,44,0,0,83,664,0,0,83,664,California
Sutter,2020-12-29,101,765,14,634,87,131,0,0,101,765,0,0,101,765,California
Sutter,2020-12-30,136,901,34,668,102,233,0,0,136,901,0,0,136,901,California
Sutter,2020-12-31,70,971,6,674,64,297,0,0,70,971,0,0,70,971,California
Sutter,2021-01-01,3,974,3,677,0,297,0,0,3,974,0,0,3,974,California
Sutter,2021-01-02,133,1107,131,808,2,299,0,0,133,1107,0,0,133,1107,California
Sutter,2021-01-03,1,1108,0,808,1,300,0,0,1,1108,0,0,1,1108,California
Sutter,2021-01-04,248,1356,139,947,109,409,0,0,248,1356,0,0,248,1356,California
Sutter,2021-01-05,99,1455,56,1003,43,452,0,0,97,1451,2,2,97,1453,California
Sutter,2021-01-06,205,1660,51,1054,154,606,0,0,200,1646,5,7,200,1653,California
Sutter,2021-01-07,252,1912,151,1205,101,707,0,0,243,1881,8,15,243,1896,California
Sutter,2021-01-08,147,2059,40,1245,107,814,0,0,130,1994,17,32,130,2026,California
Sutter,2021-01-09,45,2104,43,1288,2,816,0,0,4,1957,41,73,4,2030,California
Sutter,2021-01-10,394,2498,37,1325,357,1173,0,0,356,2276,37,110,356,2386,California
Sutter,2021-01-11,132,2630,114,1439,18,1191,0,0,26,2196,106,216,26,2412,California
Sutter,2021-01-12,201,2831,164,1603,37,1228,0,0,58,2111,143,359,58,2470,California
Sutter,2021-01-13,161,2992,98,1701,63,1291,0,0,71,2093,89,448,71,2541,California
Sutter,2021-01-14,144,3136,49,1750,95,1386,0,0,125,2199,19,467,125,2666,California
Sutter,2021-01-15,435,3571,132,1882,303,1689,0,0,420,2604,15,482,420,3086,California
Sutter,2021-01-16,386,3957,42,1924,344,2033,0,0,354,2927,31,513,354,3440,California
Sutter,2021-01-17,26,3983,24,1948,2,2035,0,0,10,2921,16,529,10,3450,California
Sutter,2021-01-18,116,4099,61,2009,55,2090,0,0,69,2943,47,576,69,3519,California
Sutter,2021-01-19,103,4202,43,2052,60,2150,0,0,78,2996,25,601,78,3597,California
Sutter,2021-01-20,255,4457,190,2242,65,2215,0,0,235,3211,20,621,235,3832,California
Sutter,2021-01-21,435,4892,267,2509,168,2383,0,0,416,3608,19,640,416,4248,California
Sutter,2021-01-22,268,5160,81,2590,187,2570,0,0,259,3858,9,649,259,4507,California
Sutter,2021-01-23,398,5558,40,2630,358,2928,0,0,371,4202,27,676,371,4878,California
Sutter,2021-01-24,17,5575,14,2644,3,2931,0,0,15,4215,2,678,15,4893,California
Sutter,2021-01-25,304,5879,196,2840,108,3039,0,0,151,4214,152,830,151,5044,California
Sutter,2021-01-26,243,6122,103,2943,140,3179,0,0,144,4260,98,928,144,5188,California
Sutter,2021-01-27,384,6506,254,3197,130,3309,0,0,319,4514,65,993,319,5507,California
Sutter,2021-01-28,525,7031,302,3499,223,3532,0,0,395,4780,129,1122,395,5902,California
Sutter,2021-01-29,419,7450,146,3645,273,3805,0,0,254,4869,165,1287,254,6156,California
Sutter,2021-01-30,775,8225,39,3684,736,4541,0,0,764,5622,11,1298,764,6920,California
Sutter,2021-01-31,27,8252,27,3711,0,4541,0,0,27,5649,0,1298,27,6947,California
Sutter,2021-02-01,164,8416,49,3760,115,4656,0,0,133,5751,31,1329,133,7080,California
Sutter,2021-02-02,241,8657,26,3786,215,4871,0,0,211,5932,30,1359,211,7291,California
Sutter,2021-02-03,444,9101,38,3824,406,5277,0,0,209,5906,235,1594,209,7500,California
Sutter,2021-02-04,669,9770,366,4190,303,5580,0,0,620,6477,49,1643,620,8120,California
Sutter,2021-02-05,286,10056,32,4222,254,5834,0,0,137,6465,149,1792,137,8257,California
Sutter,2021-02-06,734,10790,28,4250,706,6540,0,0,713,7157,21,1813,713,8970,California
Sutter,2021-02-07,23,10813,20,4270,3,6543,0,0,19,7172,4,1817,19,8989,California
Sutter,2021-02-08,134,10947,29,4299,105,6648,0,0,98,7234,36,1853,98,9087,California
Sutter,2021-02-09,245,11192,45,4344,200,6848,0,0,184,7357,61,1914,184,9271,California
Sutter,2021-02-10,814,12006,379,4723,435,7283,0,0,177,6898,636,2550,177,9448,California
Sutter,2021-02-11,602,12608,273,4996,329,7612,0,0,373,7042,229,2779,373,9821,California
Sutter,2021-02-12,628,13236,67,5063,561,8173,0,0,311,7036,317,3096,311,10132,California
Sutter,2021-02-13,898,14134,49,5112,849,9022,0,0,781,7700,117,3213,781,10913,California
Sutter,2021-02-14,90,14224,25,5137,65,9087,0,0,80,7770,10,3223,80,10993,California
Sutter,2021-02-15,197,14421,72,5209,125,9212,0,0,120,7813,77,3300,120,11113,California
Sutter,2021-02-16,288,14709,45,5254,243,9455,0,0,205,7936,82,3382,205,11318,California
Sutter,2021-02-17,826,15535,430,5684,396,9851,0,0,129,7368,697,4079,129,11447,California
Sutter,2021-02-18,700,16235,55,5739,645,10496,0,0,490,7649,209,4288,490,11937,California
Sutter,2021-02-19,663,16898,377,6116,286,10782,0,0,462,7912,199,4487,462,12399,California
Sutter,2021-02-20,617,17515,52,6168,565,11347,0,0,513,8322,103,4590,513,12912,California
Sutter,2021-02-21,29,17544,26,6194,3,11350,0,0,6,8305,23,4613,6,12918,California
Sutter,2021-02-22,206,17750,122,6316,84,11434,0,0,87,8273,119,4732,87,13005,California
Sutter,2021-02-23,222,17972,32,6348,190,11624,0,0,98,8247,124,4856,98,13103,California
Sutter,2021-02-24,956,18928,348,6696,608,12232,0,0,189,7670,766,5622,189,13292,California
Sutter,2021-02-25,774,19702,490,7186,284,12516,0,0,595,8089,176,5798,595,13887,California
Sutter,2021-02-26,367,20069,59,7245,308,12824,0,0,151,8026,214,6012,151,14038,California
Sutter,2021-02-27,864,20933,43,7288,821,13645,0,0,710,8580,156,6168,710,14748,California
Sutter,2021-02-28,83,21016,38,7326,45,13690,0,0,65,8627,18,6186,65,14813,California
Sutter,2021-03-01,246,21262,61,7387,185,13875,0,0,150,8681,96,6282,150,14963,California
Sutter,2021-03-02,333,21595,56,7443,277,14152,0,0,159,8667,173,6455,159,15122,California
Sutter,2021-03-03,1375,22970,504,7947,871,15023,0,0,638,8574,731,7186,638,15760,California
Sutter,2021-03-04,1254,24224,866,8813,388,15411,0,0,952,9228,298,7484,952,16712,California
Sutter,2021-03-05,337,24561,76,8889,260,15671,1,1,203,9299,133,7617,204,16916,California
Sutter,2021-03-06,1025,25586,46,8935,974,16645,5,6,863,10005,162,7779,868,17784,California
Sutter,2021-03-07,63,25649,23,8958,39,16684,1,7,43,10029,20,7799,44,17828,California
Sutter,2021-03-08,225,25874,77,9035,135,16819,13,20,156,10129,69,7868,169,17997,California
Sutter,2021-03-09,384,26258,134,9169,237,17056,13,33,181,10121,202,8070,194,18191,California
Sutter,2021-03-10,1566,27824,679,9848,826,17882,61,94,523,9665,1040,9110,584,18775,California
Sutter,2021-03-11,892,28716,439,10287,434,18316,19,113,647,10089,242,9352,666,19441,California
Sutter,2021-03-12,670,29386,108,10395,380,18696,182,295,197,9996,470,9822,377,19818,California
Sutter,2021-03-13,982,30368,749,11144,216,18912,17,312,782,10597,198,10020,799,20617,California
Sutter,2021-03-14,126,30494,20,11164,95,19007,11,323,41,10564,85,10105,52,20669,California
Sutter,2021-03-15,318,30812,66,11230,203,19210,49,372,151,10598,166,10271,200,20869,California
Sutter,2021-03-16,386,31198,86,11316,254,19464,46,418,209,10676,177,10448,255,21124,California
Sutter,2021-03-17,1496,32694,564,11880,913,20377,19,437,311,9829,1177,11625,330,21454,California
Sutter,2021-03-18,958,33652,164,12044,595,20972,199,636,570,10210,387,12012,768,22222,California
Sutter,2021-03-19,461,34113,163,12207,269,21241,29,665,282,10344,177,12189,311,22533,California
Sutter,2021-03-20,954,35067,116,12323,827,22068,11,676,866,11133,88,12277,877,23410,California
Sutter,2021-03-21,66,35133,46,12369,17,22085,3,679,37,11144,29,12306,40,23450,California
Sutter,2021-03-22,289,35422,122,12491,141,22226,26,705,213,11307,76,12382,239,23689,California
Sutter,2021-03-23,375,35797,115,12606,228,22454,32,737,252,11468,123,12505,284,23973,California
Sutter,2021-03-24,1686,37483,775,13381,841,23295,70,807,318,10502,1354,13859,388,24361,California
Sutter,2021-03-25,1039,38522,677,14058,321,23616,41,848,370,10246,667,14526,411,24772,California
Sutter,2021-03-26,482,39004,172,14230,293,23909,17,865,293,10370,186,14712,310,25082,California
Sutter,2021-03-27,936,39940,63,14293,871,24780,2,867,828,11095,105,14817,830,25912,California
Sutter,2021-03-28,126,40066,71,14364,55,24835,0,867,78,11127,46,14863,78,25990,California
Sutter,2021-03-29,422,40488,141,14505,226,25061,55,922,224,11210,196,15059,279,26269,California
Sutter,2021-03-30,474,40962,157,14662,307,25368,10,932,317,11380,157,15216,327,26596,California
Sutter,2021-03-31,1252,42214,176,14838,1059,26427,17,949,461,11076,781,15997,477,27073,California
Sutter,2021-04-01,1368,43582,724,15562,455,26882,189,1138,409,10723,952,16949,599,27672,California
Sutter,2021-04-02,508,44090,93,15655,297,27179,118,1256,200,10731,307,17256,315,27987,California
Sutter,2021-04-03,912,45002,77,15732,209,27388,626,1882,120,10687,790,18046,746,28733,California
Sutter,2021-04-04,117,45119,22,15754,89,27477,6,1888,56,10688,61,18107,62,28795,California
Sutter,2021-04-05,364,45483,142,15896,186,27663,36,1924,174,10711,187,18294,210,29005,California
Sutter,2021-04-06,498,45981,190,16086,252,27915,56,1980,265,10800,232,18526,321,29326,California
Sutter,2021-04-07,1476,47457,867,16953,534,28449,75,2055,615,10635,855,19381,690,30016,California
Sutter,2021-04-08,1025,48482,577,17530,340,28789,108,2163,563,10848,456,19837,669,30685,California
Sutter,2021-04-09,555,49037,245,17775,247,29036,63,2226,233,10824,320,20157,296,30981,California
Sutter,2021-04-10,818,49855,105,17880,87,29123,626,2852,102,10833,714,20871,723,31704,California
Sutter,2021-04-11,108,49963,26,17906,40,29163,42,2894,30,10827,78,20949,72,31776,California
Sutter,2021-04-12,336,50299,90,17996,192,29355,54,2948,136,10817,200,21149,190,31966,California
Sutter,2021-04-13,426,50725,123,18119,303,29658,0,2948,211,10815,213,21362,211,32177,California
Sutter,2021-04-14,1294,52019,158,18277,1135,30793,1,2949,214,9957,1074,22436,216,32393,California
Sutter,2021-04-15,468,52487,172,18449,296,31089,0,2949,180,9851,286,22722,180,32573,California
Sutter,2021-04-16,387,52874,115,18564,272,31361,0,2949,176,9817,210,22932,176,32749,California
Sutter,2021-04-17,572,53446,82,18646,490,31851,0,2949,500,10248,69,23001,500,33249,California
Sutter,2021-04-18,68,53514,8,18654,60,31911,0,2949,43,10267,24,23025,43,33292,California
Sutter,2021-04-19,288,53802,109,18763,179,32090,0,2949,121,10223,165,23190,121,33413,California
Sutter,2021-04-20,387,54189,133,18896,254,32344,0,2949,201,10239,185,23375,201,33614,California
Sutter,2021-04-21,1240,55429,426,19322,814,33158,0,2949,477,9962,754,24129,477,34091,California
Sutter,2021-04-22,448,55877,155,19477,293,33451,0,2949,241,9997,206,24335,241,34332,California
Sutter,2021-04-23,373,56250,104,19581,269,33720,0,2949,178,9983,192,24527,178,34510,California
Sutter,2021-04-24,258,56508,56,19637,202,33922,0,2949,139,10003,119,24646,139,34649,California
Sutter,2021-04-25,10,56518,2,19639,8,33930,0,2949,7,10007,3,24649,7,34656,California
Tehama,2020-12-15,1,1,1,1,0,0,0,0,1,1,0,0,1,1,California
Tehama,2020-12-16,2,3,2,3,0,0,0,0,2,3,0,0,2,3,California
Tehama,2020-12-17,12,15,12,15,0,0,0,0,12,15,0,0,12,15,California
Tehama,2020-12-18,2,17,2,17,0,0,0,0,3,18,0,0,3,18,California
Tehama,2020-12-21,33,50,33,50,0,0,0,0,33,51,0,0,33,51,California
Tehama,2020-12-22,68,118,62,112,6,6,0,0,68,119,0,0,68,119,California
Tehama,2020-12-23,48,166,40,152,8,14,0,0,48,167,0,0,48,167,California
Tehama,2020-12-24,5,171,3,155,2,16,0,0,5,172,0,0,5,172,California
Tehama,2020-12-26,3,174,2,157,1,17,0,0,3,175,0,0,3,175,California
Tehama,2020-12-27,2,176,2,159,0,17,0,0,2,177,0,0,2,177,California
Tehama,2020-12-28,56,232,43,202,13,30,0,0,56,233,0,0,56,233,California
Tehama,2020-12-29,31,263,31,233,0,30,0,0,31,264,0,0,31,264,California
Tehama,2020-12-30,54,317,38,271,16,46,0,0,53,317,0,0,53,317,California
Tehama,2020-12-31,14,331,4,275,10,56,0,0,14,331,0,0,14,331,California
Tehama,2021-01-01,2,333,0,275,2,58,0,0,2,333,0,0,2,333,California
Tehama,2021-01-04,31,364,8,283,23,81,0,0,31,364,0,0,31,364,California
Tehama,2021-01-05,70,434,43,326,27,108,0,0,67,428,3,3,67,431,California
Tehama,2021-01-06,71,505,21,347,50,158,0,0,62,482,8,11,62,493,California
Tehama,2021-01-07,56,561,7,354,49,207,0,0,55,536,1,12,55,548,California
Tehama,2021-01-08,30,591,24,378,6,213,0,0,25,556,5,17,25,573,California
Tehama,2021-01-09,7,598,5,383,2,215,0,0,5,559,2,19,5,578,California
Tehama,2021-01-10,1,599,0,383,1,216,0,0,1,560,0,19,1,579,California
Tehama,2021-01-11,47,646,46,429,1,217,0,0,14,541,33,52,14,593,California
Tehama,2021-01-12,116,762,96,525,20,237,0,0,71,567,45,97,71,664,California
Tehama,2021-01-13,72,834,55,580,17,254,0,0,26,547,46,143,26,690,California
Tehama,2021-01-14,224,1058,50,630,174,428,0,0,222,767,2,145,222,912,California
Tehama,2021-01-15,246,1304,74,704,172,600,0,0,242,1005,4,149,242,1154,California
Tehama,2021-01-16,272,1576,27,731,245,845,0,0,269,1271,3,152,269,1423,California
Tehama,2021-01-17,13,1589,9,740,4,849,0,0,11,1280,2,154,11,1434,California
Tehama,2021-01-18,10,1599,6,746,4,853,0,0,5,1280,5,159,5,1439,California
Tehama,2021-01-19,288,1887,62,808,226,1079,0,0,233,1458,55,214,233,1672,California
Tehama,2021-01-20,301,2188,87,895,214,1293,0,0,251,1660,49,263,251,1923,California
Tehama,2021-01-21,214,2402,11,906,203,1496,0,0,204,1854,10,273,204,2127,California
Tehama,2021-01-22,214,2616,12,918,202,1698,0,0,211,2062,3,276,211,2338,California
Tehama,2021-01-23,261,2877,10,928,251,1949,0,0,260,2321,1,277,260,2598,California
Tehama,2021-01-25,31,2908,13,941,18,1967,0,0,14,2318,17,294,14,2612,California
Tehama,2021-01-26,325,3233,42,983,283,2250,0,0,288,2569,37,331,288,2900,California
Tehama,2021-01-27,299,3532,21,1004,278,2528,0,0,279,2828,20,351,279,3179,California
Tehama,2021-01-28,340,3872,29,1033,311,2839,0,0,325,3138,15,366,325,3504,California
Tehama,2021-01-29,321,4193,19,1052,302,3141,0,0,304,3425,17,383,304,3808,California
Tehama,2021-01-30,103,4296,2,1054,101,3242,0,0,102,3526,1,384,102,3910,California
Tehama,2021-01-31,1,4297,0,1054,1,3243,0,0,1,3527,0,384,1,3911,California
Tehama,2021-02-01,77,4374,22,1076,55,3298,0,0,36,3522,41,425,36,3947,California
Tehama,2021-02-02,343,4717,63,1139,280,3578,0,0,246,3674,94,519,246,4193,California
Tehama,2021-02-03,377,5094,12,1151,365,3943,0,0,333,3963,44,563,333,4526,California
Tehama,2021-02-04,466,5560,99,1250,367,4310,0,0,387,4272,79,642,388,4914,California
Tehama,2021-02-05,162,5722,73,1323,89,4399,0,0,103,4316,59,701,103,5017,California
Tehama,2021-02-06,28,5750,13,1336,15,4414,0,0,16,4320,12,713,16,5033,California
Tehama,2021-02-07,5,5755,4,1340,1,4415,0,0,2,4319,3,716,2,5035,California
Tehama,2021-02-08,35,5790,14,1354,21,4436,0,0,27,4338,8,724,27,5062,California
Tehama,2021-02-09,76,5866,33,1387,43,4479,0,0,42,4346,34,758,42,5104,California
Tehama,2021-02-10,233,6099,62,1449,171,4650,0,0,158,4429,75,833,158,5262,California
Tehama,2021-02-11,219,6318,16,1465,203,4853,0,0,80,4372,137,970,80,5342,California
Tehama,2021-02-12,355,6673,57,1522,298,5151,0,0,174,4365,181,1151,174,5516,California
Tehama,2021-02-13,386,7059,13,1535,373,5524,0,0,147,4273,239,1390,147,5663,California
Tehama,2021-02-14,33,7092,0,1535,33,5557,0,0,32,4304,1,1391,32,5695,California
Tehama,2021-02-15,51,7143,9,1544,42,5599,0,0,45,4343,6,1397,45,5740,California
Tehama,2021-02-16,240,7383,16,1560,224,5823,0,0,58,4219,182,1579,58,5798,California
Tehama,2021-02-17,280,7663,12,1572,268,6091,0,0,54,4047,226,1805,54,5852,California
Tehama,2021-02-18,368,8031,32,1604,336,6427,0,0,144,3967,224,2029,144,5996,California
Tehama,2021-02-19,213,8244,18,1622,195,6622,0,0,42,3838,171,2200,42,6038,California
Tehama,2021-02-20,271,8515,6,1628,265,6887,0,0,26,3619,245,2445,26,6064,California
Tehama,2021-02-22,37,8552,13,1641,24,6911,0,0,24,3630,13,2458,24,6088,California
Tehama,2021-02-23,46,8598,19,1660,27,6938,0,0,26,3636,20,2478,26,6114,California
Tehama,2021-02-24,299,8897,12,1672,287,7225,0,0,26,3389,273,2751,26,6140,California
Tehama,2021-02-25,377,9274,61,1733,316,7541,0,0,37,3086,340,3091,37,6177,California
Tehama,2021-02-26,455,9729,19,1752,436,7977,0,0,70,2771,385,3476,70,6247,California
Tehama,2021-02-27,294,10023,5,1757,289,8266,0,0,34,2545,260,3736,34,6281,California
Tehama,2021-02-28,23,10046,2,1759,21,8287,0,0,20,2562,3,3739,20,6301,California
Tehama,2021-03-01,63,10109,8,1767,55,8342,0,0,29,2557,34,3773,29,6330,California
Tehama,2021-03-02,124,10233,17,1784,107,8449,0,0,29,2491,95,3868,29,6359,California
Tehama,2021-03-03,132,10365,33,1817,99,8548,0,0,47,2453,85,3953,47,6406,California
Tehama,2021-03-04,605,10970,35,1852,570,9118,0,0,222,2298,377,4330,222,6628,California
Tehama,2021-03-05,384,11354,18,1870,366,9484,0,0,214,2343,169,4499,214,6842,California
Tehama,2021-03-06,299,11653,17,1887,282,9766,0,0,81,2208,217,4716,82,6924,California
Tehama,2021-03-07,5,11658,1,1888,4,9770,0,0,3,2210,1,4717,3,6927,California
Tehama,2021-03-08,58,11716,12,1900,31,9801,15,15,27,2222,30,4747,42,6969,California
Tehama,2021-03-09,359,12075,5,1905,335,10136,19,34,304,2490,55,4802,323,7292,California
Tehama,2021-03-10,350,12425,12,1917,317,10453,21,55,68,2298,281,5083,89,7381,California
Tehama,2021-03-11,482,12907,14,1931,422,10875,46,101,340,2542,142,5225,386,7767,California
Tehama,2021-03-12,301,13208,19,1950,217,11092,65,166,176,2658,125,5350,241,8008,California
Tehama,2021-03-13,45,13253,8,1958,31,11123,6,172,6,2631,39,5389,12,8020,California
Tehama,2021-03-14,43,13296,3,1961,29,11152,11,183,2,2603,41,5430,13,8033,California
Tehama,2021-03-15,153,13449,21,1982,112,11264,20,203,86,2642,67,5497,106,8139,California
Tehama,2021-03-16,408,13857,14,1996,356,11620,38,241,309,2891,98,5595,347,8486,California
Tehama,2021-03-17,423,14280,22,2018,369,11989,32,273,338,3178,83,5678,370,8856,California
Tehama,2021-03-18,484,14764,25,2043,435,12424,24,297,306,3332,176,5854,330,9186,California
Tehama,2021-03-19,313,15077,23,2066,277,12701,13,310,271,3574,42,5896,284,9470,California
Tehama,2021-03-20,41,15118,8,2074,31,12732,2,312,29,3593,12,5908,31,9501,California
Tehama,2021-03-21,12,15130,5,2079,7,12739,0,312,12,3605,0,5908,12,9513,California
Tehama,2021-03-22,90,15220,7,2086,66,12805,17,329,49,3630,41,5949,66,9579,California
Tehama,2021-03-23,85,15305,24,2110,54,12859,7,336,66,3684,19,5968,73,9652,California
Tehama,2021-03-24,85,15390,16,2126,66,12925,3,339,55,3712,30,5998,58,9710,California
Tehama,2021-03-25,514,15904,351,2477,150,13075,13,352,467,4146,46,6044,480,10190,California
Tehama,2021-03-26,476,16380,368,2845,96,13171,12,364,401,4484,75,6119,413,10603,California
Tehama,2021-03-27,437,16817,348,3193,68,13239,21,385,374,4817,62,6181,395,10998,California
Tehama,2021-03-28,34,16851,13,3206,21,13260,0,385,22,4827,12,6193,22,11020,California
Tehama,2021-03-29,121,16972,32,3238,89,13349,0,385,76,4859,44,6237,76,11096,California
Tehama,2021-03-30,361,17333,212,3450,147,13496,2,387,247,4994,114,6351,249,11345,California
Tehama,2021-03-31,379,17712,278,3728,98,13594,3,390,305,5229,73,6424,308,11653,California
Tehama,2021-04-01,519,18231,243,3971,270,13864,6,396,388,5492,131,6555,394,12047,California
Tehama,2021-04-02,442,18673,204,4175,232,14096,6,402,257,5570,185,6740,263,12310,California
Tehama,2021-04-03,61,18734,3,4178,53,14149,5,407,30,5574,31,6771,35,12345,California
Tehama,2021-04-04,34,18768,6,4184,27,14176,1,408,22,5585,12,6783,23,12368,California
Tehama,2021-04-05,114,18882,20,4204,68,14244,26,434,59,5615,55,6838,85,12453,California
Tehama,2021-04-06,480,19362,105,4309,324,14568,51,485,133,5452,347,7185,184,12637,California
Tehama,2021-04-07,418,19780,279,4588,95,14663,44,529,304,5687,112,7297,347,12984,California
Tehama,2021-04-08,596,20376,172,4760,386,15049,38,567,228,5586,367,7664,266,13250,California
Tehama,2021-04-09,418,20794,185,4945,201,15250,32,599,208,5618,208,7872,240,13490,California
Tehama,2021-04-10,73,20867,9,4954,37,15287,27,626,39,5650,34,7906,66,13556,California
Tehama,2021-04-11,25,20892,7,4961,7,15294,11,637,8,5652,17,7923,19,13575,California
Tehama,2021-04-12,113,21005,6,4967,88,15382,19,656,44,5646,69,7992,63,13638,California
Tehama,2021-04-13,296,21301,57,5024,239,15621,0,656,62,5474,234,8226,62,13700,California
Tehama,2021-04-14,463,21764,48,5072,415,16036,0,656,51,5113,412,8638,51,13751,California
Tehama,2021-04-15,493,22257,192,5264,301,16337,0,656,84,4788,409,9047,84,13835,California
Tehama,2021-04-16,583,22840,331,5595,252,16589,0,656,95,4402,488,9535,102,13937,California
Tehama,2021-04-17,344,23184,266,5861,78,16667,0,656,50,4160,293,9828,51,13988,California
Tehama,2021-04-18,16,23200,2,5863,14,16681,0,656,12,4168,4,9832,12,14000,California
Tehama,2021-04-19,93,23293,7,5870,86,16767,0,656,41,4157,52,9884,41,14041,California
Tehama,2021-04-20,499,23792,412,6282,87,16854,0,656,149,3960,348,10232,151,14192,California
Tehama,2021-04-21,502,24294,438,6720,64,16918,0,656,182,3822,320,10552,182,14374,California
Tehama,2021-04-22,504,24798,357,7077,147,17065,0,656,148,3615,355,10907,148,14522,California
Tehama,2021-04-23,428,25226,332,7409,96,17161,0,656,199,3586,229,11136,200,14722,California
Tehama,2021-04-24,99,25325,12,7421,87,17248,0,656,28,3543,71,11207,28,14750,California
Tehama,2021-04-25,2,25327,2,7423,0,17248,0,656,2,3545,0,11207,2,14752,California
Trinity,2020-12-17,4,4,4,4,0,0,0,0,4,4,0,0,4,4,California
Trinity,2020-12-18,2,6,2,6,0,0,0,0,2,6,0,0,2,6,California
Trinity,2020-12-21,38,44,38,44,0,0,0,0,38,44,0,0,38,44,California
Trinity,2020-12-22,5,49,5,49,0,0,0,0,5,49,0,0,5,49,California
Trinity,2020-12-23,5,54,5,54,0,0,0,0,5,54,0,0,5,54,California
Trinity,2020-12-28,30,84,30,84,0,0,0,0,30,84,0,0,30,84,California
Trinity,2020-12-29,8,92,7,91,1,1,0,0,8,92,0,0,8,92,California
Trinity,2020-12-30,10,102,8,99,2,3,0,0,10,102,0,0,10,102,California
Trinity,2020-12-31,2,104,1,100,1,4,0,0,2,104,0,0,2,104,California
Trinity,2021-01-04,27,131,0,100,27,31,0,0,26,130,0,0,26,130,California
Trinity,2021-01-05,2,133,1,101,1,32,0,0,2,132,0,0,2,132,California
Trinity,2021-01-06,23,156,4,105,19,51,0,0,19,147,4,4,19,151,California
Trinity,2021-01-08,49,205,2,107,47,98,0,0,48,193,2,6,48,199,California
Trinity,2021-01-11,39,244,38,145,1,99,0,0,2,158,37,43,2,201,California
Trinity,2021-01-12,9,253,7,152,2,101,0,0,4,157,5,48,4,205,California
Trinity,2021-01-13,7,260,4,156,3,104,0,0,4,158,3,51,4,209,California
Trinity,2021-01-14,3,263,1,157,2,106,0,0,3,161,0,51,3,212,California
Trinity,2021-01-16,4,267,0,157,4,110,0,0,4,165,0,51,4,216,California
Trinity,2021-01-18,31,298,31,188,0,110,0,0,1,136,30,81,1,217,California
Trinity,2021-01-19,95,393,14,202,81,191,0,0,81,203,14,95,81,298,California
Trinity,2021-01-20,19,412,3,205,16,207,0,0,17,218,2,97,17,315,California
Trinity,2021-01-21,17,429,7,212,10,217,0,0,17,235,0,97,17,332,California
Trinity,2021-01-22,5,434,1,213,4,221,0,0,5,240,0,97,5,337,California
Trinity,2021-01-23,7,441,3,216,4,225,0,0,7,247,0,97,7,344,California
Trinity,2021-01-25,14,455,1,217,13,238,0,0,13,259,1,98,13,357,California
Trinity,2021-01-26,10,465,1,218,9,247,0,0,9,267,1,99,9,366,California
Trinity,2021-01-27,12,477,0,218,12,259,0,0,12,279,0,99,12,378,California
Trinity,2021-01-28,13,490,3,221,10,269,0,0,10,286,3,102,10,388,California
Trinity,2021-01-29,3,493,1,222,2,271,0,0,2,287,1,103,2,390,California
Trinity,2021-01-30,12,505,11,233,1,272,0,0,12,299,0,103,12,402,California
Trinity,2021-02-01,2,507,1,234,1,273,0,0,1,299,1,104,1,403,California
Trinity,2021-02-02,13,520,3,237,10,283,0,0,13,312,0,104,13,416,California
Trinity,2021-02-03,6,526,1,238,5,288,0,0,3,312,3,107,3,419,California
Trinity,2021-02-04,36,562,32,270,4,292,0,0,34,344,2,109,34,453,California
Trinity,2021-02-05,348,910,0,270,348,640,0,0,318,632,30,139,318,771,California
Trinity,2021-02-06,209,1119,5,275,204,844,0,0,202,827,7,146,202,973,California
Trinity,2021-02-07,1,1120,0,275,1,845,0,0,1,828,0,146,1,974,California
Trinity,2021-02-08,23,1143,0,275,23,868,0,0,15,835,8,154,15,989,California
Trinity,2021-02-09,21,1164,2,277,19,887,0,0,6,826,15,169,6,995,California
Trinity,2021-02-10,123,1287,10,287,113,1000,0,0,103,909,20,189,103,1098,California
Trinity,2021-02-11,335,1622,2,289,333,1333,0,0,329,1232,6,195,329,1427,California
Trinity,2021-02-12,9,1631,6,295,3,1336,0,0,9,1241,0,195,9,1436,California
Trinity,2021-02-13,12,1643,5,300,7,1343,0,0,5,1239,7,202,5,1441,California
Trinity,2021-02-14,2,1645,2,302,0,1343,0,0,2,1241,0,202,2,1443,California
Trinity,2021-02-15,46,1691,0,302,46,1389,0,0,46,1287,0,202,46,1489,California
Trinity,2021-02-16,7,1698,2,304,5,1394,0,0,4,1288,3,205,4,1493,California
Trinity,2021-02-17,94,1792,2,306,92,1486,0,0,84,1362,10,215,84,1577,California
Trinity,2021-02-18,4,1796,0,306,4,1490,0,0,1,1360,3,218,1,1578,California
Trinity,2021-02-19,209,2005,2,308,207,1697,0,0,196,1543,13,231,196,1774,California
Trinity,2021-02-20,141,2146,14,322,127,1824,0,0,113,1628,28,259,113,1887,California
Trinity,2021-02-22,3,2149,0,322,3,1827,0,0,0,1625,3,262,0,1887,California
Trinity,2021-02-23,8,2157,4,326,4,1831,0,0,3,1623,5,267,3,1890,California
Trinity,2021-02-24,30,2187,8,334,22,1853,0,0,7,1607,23,290,7,1897,California
Trinity,2021-02-25,36,2223,23,357,13,1866,0,0,5,1581,31,321,5,1902,California
Trinity,2021-02-26,11,2234,1,358,10,1876,0,0,5,1580,6,327,5,1907,California
Trinity,2021-02-27,9,2243,7,365,2,1878,0,0,4,1579,5,332,4,1911,California
Trinity,2021-03-01,8,2251,0,365,8,1886,0,0,5,1581,3,335,5,1916,California
Trinity,2021-03-02,8,2259,3,368,5,1891,0,0,1,1575,7,342,1,1917,California
Trinity,2021-03-03,5,2264,0,368,5,1896,0,0,4,1578,1,343,4,1921,California
Trinity,2021-03-04,20,2284,15,383,5,1901,0,0,13,1584,7,350,13,1934,California
Trinity,2021-03-05,300,2584,1,384,299,2200,0,0,37,1362,259,609,37,1971,California
Trinity,2021-03-06,200,2784,7,391,193,2393,0,0,27,1216,173,782,27,1998,California
Trinity,2021-03-07,3,2787,3,394,0,2393,0,0,2,1217,1,783,2,2000,California
Trinity,2021-03-08,3,2790,0,394,2,2395,1,1,1,1217,2,785,2,2002,California
Trinity,2021-03-09,93,2883,0,394,91,2486,2,3,89,1304,4,789,91,2093,California
Trinity,2021-03-10,127,3010,3,397,121,2607,3,6,38,1256,89,878,41,2134,California
Trinity,2021-03-11,8,3018,3,400,3,2610,2,8,4,1258,4,882,6,2140,California
Trinity,2021-03-12,340,3358,5,405,329,2939,6,14,47,1018,293,1175,53,2193,California
Trinity,2021-03-13,13,3371,8,413,3,2942,2,16,8,1023,5,1180,10,2203,California
Trinity,2021-03-15,66,3437,0,413,65,3007,1,17,14,986,52,1232,15,2218,California
Trinity,2021-03-16,115,3552,7,420,108,3115,0,17,101,1073,14,1246,101,2319,California
Trinity,2021-03-17,100,3652,3,423,97,3212,0,17,26,1025,74,1320,26,2345,California
Trinity,2021-03-18,10,3662,2,425,5,3217,3,20,5,1028,5,1325,8,2353,California
Trinity,2021-03-19,367,4029,4,429,253,3470,110,130,33,837,334,1659,143,2496,California
Trinity,2021-03-20,104,4133,7,436,97,3567,0,130,69,871,35,1694,69,2565,California
Trinity,2021-03-21,3,4136,0,436,2,3569,1,131,2,873,1,1695,3,2568,California
Trinity,2021-03-22,2,4138,0,436,2,3571,0,131,2,875,0,1695,2,2570,California
Trinity,2021-03-23,95,4233,1,437,94,3665,0,131,78,936,17,1712,78,2648,California
Trinity,2021-03-24,9,4242,1,438,8,3673,0,131,9,945,0,1712,9,2657,California
Trinity,2021-03-25,106,4348,7,445,93,3766,6,137,83,1011,23,1735,89,2746,California
Trinity,2021-03-26,18,4366,5,450,13,3779,0,137,12,1017,6,1741,12,2758,California
Trinity,2021-03-27,16,4382,4,454,3,3782,9,146,5,1020,11,1752,14,2772,California
Trinity,2021-03-28,5,4387,3,457,2,3784,0,146,1,1017,4,1756,1,2773,California
Trinity,2021-03-29,4,4391,0,457,4,3788,0,146,1,1015,3,1759,1,2774,California
Trinity,2021-03-30,75,4466,4,461,71,3859,0,146,67,1074,8,1767,67,2841,California
Trinity,2021-03-31,56,4522,5,466,19,3878,32,178,21,1091,35,1802,52,2893,California
Trinity,2021-04-01,38,4560,11,477,16,3894,11,189,19,1102,19,1821,30,2923,California
Trinity,2021-04-02,163,4723,6,483,83,3977,74,263,69,1152,93,1914,143,3066,California
Trinity,2021-04-03,19,4742,14,497,5,3982,0,263,9,1151,10,1924,9,3075,California
Trinity,2021-04-04,10,4752,8,505,2,3984,0,263,10,1161,0,1924,10,3085,California
Trinity,2021-04-05,59,4811,6,511,52,4036,1,264,55,1213,4,1928,56,3141,California
Trinity,2021-04-06,110,4921,13,524,94,4130,3,267,22,1150,88,2016,25,3166,California
Trinity,2021-04-07,21,4942,12,536,4,4134,5,272,13,1160,8,2024,18,3184,California
Trinity,2021-04-08,87,5029,10,546,75,4209,2,274,50,1175,37,2061,52,3236,California
Trinity,2021-04-09,118,5147,20,566,93,4302,5,279,84,1230,34,2095,89,3325,California
Trinity,2021-04-10,11,5158,7,573,4,4306,0,279,10,1239,1,2096,10,3335,California
Trinity,2021-04-11,8,5166,5,578,1,4307,2,281,4,1241,4,2100,6,3341,California
Trinity,2021-04-12,77,5243,5,583,71,4378,1,282,64,1293,12,2112,64,3405,California
Trinity,2021-04-13,96,5339,4,587,92,4470,0,282,10,1217,86,2198,10,3415,California
Trinity,2021-04-14,10,5349,5,592,5,4475,0,282,6,1219,4,2202,6,3421,California
Trinity,2021-04-15,43,5392,10,602,33,4508,0,282,14,1204,29,2231,14,3435,California
Trinity,2021-04-16,110,5502,12,614,98,4606,0,282,41,1179,69,2300,44,3479,California
Trinity,2021-04-17,11,5513,5,619,6,4612,0,282,9,1186,2,2302,9,3488,California
Trinity,2021-04-18,1,5514,1,620,0,4612,0,282,0,1185,1,2303,0,3488,California
Trinity,2021-04-19,3,5517,0,620,3,4615,0,282,3,1188,0,2303,3,3491,California
Trinity,2021-04-20,91,5608,8,628,83,4698,0,282,19,1135,72,2375,19,3510,California
Trinity,2021-04-21,22,5630,10,638,12,4710,0,282,10,1133,12,2387,10,3520,California
Trinity,2021-04-22,91,5721,7,645,84,4794,0,282,15,1072,76,2463,15,3535,California
Trinity,2021-04-23,114,5835,5,650,109,4903,0,282,103,1164,11,2474,103,3638,California
Trinity,2021-04-24,17,5852,12,662,5,4908,0,282,8,1163,9,2483,8,3646,California
Tulare,2020-12-15,1,1,1,1,0,0,0,0,1,1,0,0,1,1,California
Tulare,2020-12-16,3,4,3,4,0,0,0,0,3,4,0,0,3,4,California
Tulare,2020-12-17,110,114,110,114,0,0,0,0,110,114,0,0,110,114,California
Tulare,2020-12-18,289,403,289,403,0,0,0,0,289,403,0,0,289,403,California
Tulare,2020-12-19,328,731,328,731,0,0,0,0,328,731,0,0,328,731,California
Tulare,2020-12-20,166,897,165,896,1,1,0,0,166,897,0,0,166,897,California
Tulare,2020-12-21,422,1319,422,1318,0,1,0,0,442,1339,0,0,442,1339,California
Tulare,2020-12-22,469,1788,467,1785,2,3,0,0,468,1807,0,0,468,1807,California
Tulare,2020-12-23,328,2116,320,2105,8,11,0,0,326,2133,0,0,326,2133,California
Tulare,2020-12-24,18,2134,16,2121,2,13,0,0,18,2151,0,0,18,2151,California
Tulare,2020-12-26,8,2142,7,2128,1,14,0,0,8,2159,0,0,8,2159,California
Tulare,2020-12-27,16,2158,12,2140,4,18,0,0,16,2175,0,0,16,2175,California
Tulare,2020-12-28,483,2641,471,2611,12,30,0,0,482,2657,0,0,482,2657,California
Tulare,2020-12-29,546,3187,478,3089,68,98,0,0,546,3203,0,0,546,3203,California
Tulare,2020-12-30,474,3661,435,3524,39,137,0,0,474,3677,0,0,474,3677,California
Tulare,2020-12-31,94,3755,22,3546,72,209,0,0,94,3771,0,0,94,3771,California
Tulare,2021-01-01,2,3757,1,3547,1,210,0,0,2,3773,0,0,2,3773,California
Tulare,2021-01-02,28,3785,17,3564,11,221,0,0,28,3801,0,0,28,3801,California
Tulare,2021-01-03,23,3808,9,3573,14,235,0,0,23,3824,0,0,23,3824,California
Tulare,2021-01-04,92,3900,16,3589,76,311,0,0,92,3916,0,0,92,3916,California
Tulare,2021-01-05,460,4360,278,3867,182,493,0,0,458,4372,2,2,458,4374,California
Tulare,2021-01-06,865,5225,636,4503,229,722,0,0,855,5217,10,12,855,5229,California
Tulare,2021-01-07,782,6007,584,5087,198,920,0,0,676,5787,106,118,676,5905,California
Tulare,2021-01-08,1267,7274,575,5662,692,1612,0,0,929,6379,337,455,929,6834,California
Tulare,2021-01-09,742,8016,204,5866,538,2150,0,0,554,6745,188,643,554,7388,California
Tulare,2021-01-10,50,8066,44,5910,6,2156,0,0,11,6717,39,682,11,7399,California
Tulare,2021-01-11,1266,9332,767,6677,499,2655,0,0,831,7113,435,1117,831,8230,California
Tulare,2021-01-12,1402,10734,488,7165,914,3569,0,0,995,7703,406,1523,996,9226,California
Tulare,2021-01-13,458,11192,228,7393,230,3799,0,0,383,8011,75,1598,383,9609,California
Tulare,2021-01-14,492,11684,141,7534,351,4150,0,0,466,8462,15,1613,466,10075,California
Tulare,2021-01-15,1619,13303,151,7685,1468,5618,0,0,1610,10063,9,1622,1610,11685,California
Tulare,2021-01-16,1901,15204,114,7799,1787,7405,0,0,1887,11936,14,1636,1887,13572,California
Tulare,2021-01-17,141,15345,122,7921,19,7424,0,0,131,12057,10,1646,131,13703,California
Tulare,2021-01-18,695,16040,662,8583,33,7457,0,0,295,11952,400,2046,295,13998,California
Tulare,2021-01-19,1006,17046,683,9266,323,7780,0,0,578,12102,428,2474,578,14576,California
Tulare,2021-01-20,2377,19423,564,9830,1813,9593,0,0,1991,13707,386,2860,1991,16567,California
Tulare,2021-01-21,1511,20934,150,9980,1361,10954,0,0,1485,15171,21,2881,1485,18052,California
Tulare,2021-01-22,1054,21988,185,10165,869,11823,0,0,1030,16178,23,2904,1030,19082,California
Tulare,2021-01-23,438,22426,156,10321,282,12105,0,0,417,16574,21,2925,417,19499,California
Tulare,2021-01-24,30,22456,27,10348,3,12108,0,0,28,16600,2,2927,28,19527,California
Tulare,2021-01-25,1324,23780,979,11327,345,12453,0,0,1295,17866,29,2956,1295,20822,California
Tulare,2021-01-26,1498,25278,1099,12426,399,12852,0,0,1173,18715,324,3280,1173,21995,California
Tulare,2021-01-27,1456,26734,1070,13496,386,13238,0,0,878,19015,578,3858,878,22873,California
Tulare,2021-01-28,1199,27933,768,14264,431,13669,0,0,804,19424,395,4253,804,23677,California
Tulare,2021-01-29,1129,29062,719,14983,410,14079,0,0,819,19933,310,4563,819,24496,California
Tulare,2021-01-30,1673,30735,1579,16562,94,14173,0,0,1649,21559,24,4587,1650,26146,California
Tulare,2021-01-31,51,30786,47,16609,4,14177,0,0,48,21604,3,4590,48,26194,California
Tulare,2021-02-01,1183,31969,916,17525,267,14444,0,0,831,22084,351,4941,831,27025,California
Tulare,2021-02-02,676,32645,328,17853,348,14792,0,0,445,22301,229,5170,446,27471,California
Tulare,2021-02-03,613,33258,287,18140,326,15118,0,0,336,22362,275,5445,336,27807,California
Tulare,2021-02-04,551,33809,164,18304,387,15505,0,0,266,22344,285,5730,267,28074,California
Tulare,2021-02-05,1230,35039,233,18537,997,16502,0,0,414,21944,814,6544,414,28488,California
Tulare,2021-02-06,834,35873,158,18695,676,17178,0,0,266,21644,566,7110,266,28754,California
Tulare,2021-02-07,78,35951,66,18761,12,17190,0,0,23,21612,55,7165,23,28777,California
Tulare,2021-02-08,941,36892,327,19088,614,17804,0,0,245,21164,693,7858,245,29022,California
Tulare,2021-02-09,1404,38296,327,19415,1077,18881,0,0,361,20487,1038,8896,361,29383,California
Tulare,2021-02-10,2469,40765,1986,21401,483,19364,0,0,2069,22159,397,9293,2069,31452,California
Tulare,2021-02-11,1322,42087,376,21777,946,20310,0,0,938,22713,384,9677,938,32390,California
Tulare,2021-02-12,2776,44863,576,22353,2200,22510,0,0,1214,22372,1555,11232,1214,33604,California
Tulare,2021-02-13,2479,47342,157,22510,2322,24832,0,0,666,21228,1810,13042,666,34270,California
Tulare,2021-02-14,333,47675,36,22546,297,25129,0,0,300,21495,33,13075,300,34570,California
Tulare,2021-02-15,915,48590,291,22837,624,25753,0,0,658,21897,256,13331,658,35228,California
Tulare,2021-02-16,2831,51421,1595,24432,1236,26989,0,0,1077,21221,1753,15084,1077,36305,California
Tulare,2021-02-17,2699,54120,509,24941,2190,29179,0,0,463,19453,2231,17315,463,36768,California
Tulare,2021-02-18,2299,56419,456,25397,1843,31022,0,0,632,18426,1659,18974,632,37400,California
Tulare,2021-02-19,2295,58714,855,26252,1440,32462,0,0,942,18017,1351,20325,942,38342,California
Tulare,2021-02-20,2989,61703,1892,28144,1097,33559,0,0,1267,17567,1717,22042,1267,39609,California
Tulare,2021-02-21,95,61798,91,28235,4,33563,0,0,60,17592,35,22077,60,39669,California
Tulare,2021-02-22,1105,62903,701,28936,404,33967,0,0,212,16912,892,22969,212,39881,California
Tulare,2021-02-23,1946,64849,940,29876,1006,34973,0,0,1457,17881,488,23457,1457,41338,California
Tulare,2021-02-24,2473,67322,1549,31425,924,35897,0,0,2095,19600,377,23834,2096,43434,California
Tulare,2021-02-25,3483,70805,1948,33373,1535,37432,0,0,3069,22259,410,24244,3069,46503,California
Tulare,2021-02-26,3837,74642,1879,35252,1958,39390,0,0,3375,25174,460,24704,3375,49878,California
Tulare,2021-02-27,2898,77540,1390,36642,1508,40898,0,0,2766,27819,121,24825,2766,52644,California
Tulare,2021-02-28,1304,78844,1033,37675,271,41169,0,0,1284,29085,18,24843,1284,53928,California
Tulare,2021-03-01,1737,80581,773,38448,964,42133,0,0,1553,30456,182,25025,1553,55481,California
Tulare,2021-03-02,2678,83259,1191,39639,1487,43620,0,0,2513,32807,163,25188,2514,57995,California
Tulare,2021-03-03,3822,87081,2507,42146,1315,44935,0,0,1875,32739,1945,27133,1877,59872,California
Tulare,2021-03-04,2866,89947,1293,43439,1573,46508,0,0,2550,34976,313,27446,2550,62422,California
Tulare,2021-03-05,3281,93228,1692,45131,1574,48082,15,15,2777,37270,500,27946,2794,65216,California
Tulare,2021-03-06,3058,96286,1431,46562,1568,49650,59,74,2811,39894,244,28190,2868,68084,California
Tulare,2021-03-07,1093,97379,683,47245,389,50039,21,95,1053,40928,40,28230,1074,69158,California
Tulare,2021-03-08,1664,99043,977,48222,519,50558,168,263,1351,42136,310,28540,1518,70676,California
Tulare,2021-03-09,3179,102222,2182,50404,850,51408,147,410,2783,44668,396,28936,2928,73604,California
Tulare,2021-03-10,2786,105008,1384,51788,1227,52635,175,585,2407,46877,371,29307,2580,76184,California
Tulare,2021-03-11,4134,109142,1960,53748,1873,54508,301,886,3199,49441,935,30242,3499,79683,California
Tulare,2021-03-12,4334,113476,2377,56125,1609,56117,348,1234,3066,51597,1260,31502,3416,83099,California
Tulare,2021-03-13,4005,117481,1846,57971,2054,58171,105,1339,3068,53839,931,32433,3173,86272,California
Tulare,2021-03-14,1801,119282,973,58944,609,58780,219,1558,1273,54803,527,32960,1491,87763,California
Tulare,2021-03-15,2713,121995,1596,60540,1002,59782,115,1673,1941,56090,770,33730,2057,89820,California
Tulare,2021-03-16,3420,125415,2114,62654,1229,61011,77,1750,1872,56497,1545,35275,1952,91772,California
Tulare,2021-03-17,4006,129421,2604,65258,1325,62336,77,1827,2265,57111,1735,37010,2349,94121,California
Tulare,2021-03-18,4538,133959,3296,68554,1171,63507,71,1898,2414,57479,2119,39129,2487,96608,California
Tulare,2021-03-19,5054,139013,3311,71865,1547,65054,196,2094,2713,58063,2327,41456,2911,99519,California
Tulare,2021-03-20,4347,143360,2682,74547,1293,66347,372,2466,2012,58122,2328,43784,2387,101906,California
Tulare,2021-03-21,1891,145251,1619,76166,246,66593,26,2492,965,58189,923,44707,990,102896,California
Tulare,2021-03-22,2485,147736,1697,77863,677,67270,111,2603,1666,59155,813,45520,1779,104675,California
Tulare,2021-03-23,3719,151455,2137,80000,1530,68800,52,2655,2078,59660,1631,47151,2136,106811,California
Tulare,2021-03-24,3172,154627,1967,81967,1163,69963,42,2697,1865,60267,1300,48451,1907,108718,California
Tulare,2021-03-25,3401,158028,1748,83715,1480,71443,173,2870,1675,60396,1721,50172,1850,110568,California
Tulare,2021-03-26,5082,163110,3003,86718,1970,73413,109,2979,2476,60393,2588,52760,2585,113153,California
Tulare,2021-03-27,3454,166564,1766,88484,1591,75004,97,3076,942,58930,2505,55265,1042,114195,California
Tulare,2021-03-28,1434,167998,1035,89519,368,75372,31,3107,664,58862,769,56034,701,114896,California
Tulare,2021-03-29,2846,170844,1624,91143,1110,76482,112,3219,1221,58576,1621,57655,1335,116231,California
Tulare,2021-03-30,4585,175429,2578,93721,1777,78259,230,3449,1457,57139,3121,60776,1684,117915,California
Tulare,2021-03-31,3713,179142,2169,95890,1433,79692,111,3560,1517,56581,2188,62964,1630,119545,California
Tulare,2021-04-01,4305,183447,2321,98211,1919,81611,65,3625,1502,55354,2795,65759,1568,121113,California
Tulare,2021-04-02,5145,188592,2917,101128,2111,83722,117,3742,1648,53639,3481,69240,1766,122879,California
Tulare,2021-04-03,3436,192028,2003,103131,1122,84844,311,4053,850,52251,2549,71789,1161,124040,California
Tulare,2021-04-04,1618,193646,1133,104264,478,85322,7,4060,392,51426,1224,73013,399,124439,California
Tulare,2021-04-05,3290,196936,2311,106575,716,86038,263,4323,856,50122,2424,75437,1120,125559,California
Tulare,2021-04-06,3323,200259,1463,108038,1369,87407,491,4814,929,49158,2390,77827,1426,126985,California
Tulare,2021-04-07,3734,203993,1799,109837,1516,88923,419,5233,1230,48302,2496,80323,1640,128625,California
Tulare,2021-04-08,4634,208627,2586,112423,1594,90517,454,5687,1524,47176,3102,83425,1976,130601,California
Tulare,2021-04-09,4723,213350,2921,115344,1389,91906,413,6100,1810,46494,2906,86331,2224,132825,California
Tulare,2021-04-10,3785,217135,2037,117381,1434,93340,314,6414,1029,45086,2749,89080,1341,134166,California
Tulare,2021-04-11,1574,218709,1034,118415,468,93808,72,6486,595,44777,976,90056,667,134833,California
Tulare,2021-04-12,3368,222077,2104,120519,670,94478,594,7080,1085,44191,2266,92322,1680,136513,California
Tulare,2021-04-13,2392,224469,1578,122097,804,95282,10,7090,911,43641,1473,93795,923,137436,California
Tulare,2021-04-14,2804,227273,1662,123759,1142,96424,0,7090,911,42661,1891,95686,911,138347,California
Tulare,2021-04-15,3174,230447,2069,125828,1105,97529,0,7090,1436,42368,1729,97415,1436,139783,California
Tulare,2021-04-16,3609,234056,2207,128035,1402,98931,0,7090,1511,41791,2089,99504,1512,141295,California
Tulare,2021-04-17,2147,236203,1260,129295,887,99818,0,7090,1179,42006,965,100469,1180,142475,California
Tulare,2021-04-18,1502,237705,1174,130469,328,100146,0,7090,823,42151,678,101147,823,143298,California
Tulare,2021-04-19,2102,239807,1211,131680,889,101035,2,7092,899,41850,1202,102349,901,144199,California
Tulare,2021-04-20,2199,242006,1259,132939,940,101975,0,7092,1003,41661,1192,103541,1003,145202,California
Tulare,2021-04-21,2068,244074,1304,134243,764,102739,0,7092,815,41233,1243,104784,815,146017,California
Tulare,2021-04-22,2068,246142,1162,135405,906,103645,0,7092,738,40650,1321,106105,738,146755,California
Tulare,2021-04-23,2402,248544,1532,136937,869,104514,1,7093,987,40232,1405,107510,987,147742,California
Tulare,2021-04-24,1507,250051,984,137921,521,105035,2,7095,784,40299,719,108229,786,148528,California
Tulare,2021-04-25,287,250338,215,138136,72,105107,0,7095,112,40236,175,108404,112,148640,California
Tuolumne,2020-12-16,45,45,45,45,0,0,0,0,45,45,0,0,45,45,California
Tuolumne,2020-12-17,17,62,17,62,0,0,0,0,17,62,0,0,17,62,California
Tuolumne,2020-12-18,101,163,100,162,1,1,0,0,101,163,0,0,101,163,California
Tuolumne,2020-12-19,5,168,5,167,0,1,0,0,5,168,0,0,5,168,California
Tuolumne,2020-12-20,1,169,1,168,0,1,0,0,1,169,0,0,1,169,California
Tuolumne,2020-12-21,112,281,98,266,14,15,0,0,112,281,0,0,112,281,California
Tuolumne,2020-12-22,168,449,168,434,0,15,0,0,168,449,0,0,168,449,California
Tuolumne,2020-12-23,186,635,184,618,2,17,0,0,186,635,0,0,186,635,California
Tuolumne,2020-12-26,3,638,3,621,0,17,0,0,3,638,0,0,3,638,California
Tuolumne,2020-12-28,78,716,76,697,2,19,0,0,78,716,0,0,78,716,California
Tuolumne,2020-12-29,102,818,39,736,63,82,0,0,102,818,0,0,102,818,California
Tuolumne,2020-12-30,77,895,22,758,55,137,0,0,77,895,0,0,77,895,California
Tuolumne,2020-12-31,27,922,20,778,7,144,0,0,27,922,0,0,27,922,California
Tuolumne,2021-01-01,6,928,5,783,1,145,0,0,6,928,0,0,6,928,California
Tuolumne,2021-01-02,118,1046,115,898,3,148,0,0,118,1046,0,0,118,1046,California
Tuolumne,2021-01-03,3,1049,2,900,1,149,0,0,3,1049,0,0,3,1049,California
Tuolumne,2021-01-04,68,1117,25,925,43,192,0,0,68,1117,0,0,68,1117,California
Tuolumne,2021-01-05,91,1208,26,951,65,257,0,0,89,1204,2,2,89,1206,California
Tuolumne,2021-01-06,111,1319,51,1002,60,317,0,0,68,1229,43,45,68,1274,California
Tuolumne,2021-01-07,119,1438,62,1064,57,374,0,0,64,1238,55,100,64,1338,California
Tuolumne,2021-01-08,103,1541,79,1143,24,398,0,0,26,1189,76,176,27,1365,California
Tuolumne,2021-01-09,1,1542,0,1143,1,399,0,0,1,1190,0,176,1,1366,California
Tuolumne,2021-01-10,3,1545,1,1144,2,401,0,0,3,1193,0,176,3,1369,California
Tuolumne,2021-01-11,114,1659,88,1232,26,427,0,0,33,1145,81,257,33,1402,California
Tuolumne,2021-01-12,101,1760,85,1317,16,443,0,0,17,1078,84,341,17,1419,California
Tuolumne,2021-01-13,230,1990,125,1442,105,548,0,0,181,1211,49,390,182,1601,California
Tuolumne,2021-01-14,130,2120,90,1532,40,588,0,0,43,1168,86,476,43,1644,California
Tuolumne,2021-01-15,475,2595,73,1605,402,990,0,0,412,1519,62,538,413,2057,California
Tuolumne,2021-01-16,7,2602,3,1608,4,994,0,0,6,1524,1,539,6,2063,California
Tuolumne,2021-01-17,6,2608,3,1611,3,997,0,0,5,1529,0,539,5,2068,California
Tuolumne,2021-01-18,46,2654,38,1649,8,1005,0,0,9,1502,36,575,9,2077,California
Tuolumne,2021-01-19,473,3127,72,1721,401,1406,0,0,428,1885,45,620,428,2505,California
Tuolumne,2021-01-20,76,3203,58,1779,18,1424,0,0,24,1858,51,671,24,2529,California
Tuolumne,2021-01-21,56,3259,22,1801,34,1458,0,0,41,1884,15,686,41,2570,California
Tuolumne,2021-01-22,165,3424,13,1814,152,1610,0,0,159,2037,6,692,159,2729,California
Tuolumne,2021-01-23,664,4088,146,1960,518,2128,0,0,551,2485,113,805,561,3290,California
Tuolumne,2021-01-24,523,4611,1,1961,522,2650,0,0,519,3002,3,808,520,3810,California
Tuolumne,2021-01-25,48,4659,27,1988,21,2671,0,0,22,2999,26,834,23,3833,California
Tuolumne,2021-01-26,80,4739,68,2056,12,2683,0,0,40,3000,40,874,41,3874,California
Tuolumne,2021-01-27,60,4799,4,2060,56,2739,0,0,7,2955,52,926,7,3881,California
Tuolumne,2021-01-28,27,4826,7,2067,20,2759,0,0,18,2964,9,935,18,3899,California
Tuolumne,2021-01-29,71,4897,6,2073,65,2824,0,0,33,2959,38,973,33,3932,California
Tuolumne,2021-01-30,709,5606,552,2625,157,2981,0,0,687,3640,22,995,703,4635,California
Tuolumne,2021-01-31,8,5614,2,2627,6,2987,0,0,5,3642,3,998,5,4640,California
Tuolumne,2021-02-01,24,5638,6,2633,18,3005,0,0,21,3660,3,1001,21,4661,California
Tuolumne,2021-02-02,645,6283,36,2669,609,3614,0,0,635,4286,9,1010,635,5296,California
Tuolumne,2021-02-03,238,6521,108,2777,130,3744,0,0,85,4218,153,1163,85,5381,California
Tuolumne,2021-02-04,125,6646,13,2790,112,3856,0,0,62,4217,63,1226,62,5443,California
Tuolumne,2021-02-05,99,6745,12,2802,87,3943,0,0,36,4191,62,1288,36,5479,California
Tuolumne,2021-02-06,852,7597,580,3382,272,4215,0,0,849,5037,3,1291,849,6328,California
Tuolumne,2021-02-07,7,7604,4,3386,3,4218,0,0,3,5036,4,1295,3,6331,California
Tuolumne,2021-02-08,91,7695,40,3426,51,4269,0,0,67,5079,24,1319,67,6398,California
Tuolumne,2021-02-09,865,8560,52,3478,813,5082,0,0,827,5868,38,1357,827,7225,California
Tuolumne,2021-02-10,87,8647,15,3493,72,5154,0,0,27,5836,59,1416,27,7252,California
Tuolumne,2021-02-11,142,8789,66,3559,76,5230,0,0,75,5844,67,1483,75,7327,California
Tuolumne,2021-02-12,640,9429,17,3576,623,5853,0,0,203,5612,436,1919,204,7531,California
Tuolumne,2021-02-13,146,9575,42,3618,104,5957,0,0,115,5702,25,1944,115,7646,California
Tuolumne,2021-02-14,148,9723,12,3630,136,6093,0,0,147,5848,1,1945,147,7793,California
Tuolumne,2021-02-15,184,9907,10,3640,174,6267,0,0,175,6014,9,1954,175,7968,California
Tuolumne,2021-02-16,525,10432,17,3657,508,6775,0,0,123,5739,400,2354,125,8093,California
Tuolumne,2021-02-17,107,10539,62,3719,45,6820,0,0,62,5757,44,2398,62,8155,California
Tuolumne,2021-02-18,675,11214,26,3745,649,7469,0,0,627,6336,48,2446,627,8782,California
Tuolumne,2021-02-19,131,11345,21,3766,110,7579,0,0,43,6291,88,2534,43,8825,California
Tuolumne,2021-02-20,904,12249,342,4108,562,8141,0,0,386,6172,506,3040,387,9212,California
Tuolumne,2021-02-21,974,13223,35,4143,939,9080,0,0,471,6143,500,3540,471,9683,California
Tuolumne,2021-02-22,77,13300,56,4199,21,9101,0,0,46,6159,30,3570,46,9729,California
Tuolumne,2021-02-23,46,13346,23,4222,23,9124,0,0,25,6164,20,3590,25,9754,California
Tuolumne,2021-02-24,102,13448,58,4280,44,9168,0,0,43,6149,58,3648,43,9797,California
Tuolumne,2021-02-25,1052,14500,34,4314,1018,10186,0,0,1021,7139,31,3679,1021,10818,California
Tuolumne,2021-02-26,142,14642,10,4324,132,10318,0,0,121,7239,21,3700,121,10939,California
Tuolumne,2021-02-27,947,15589,575,4899,372,10690,0,0,247,6802,684,4384,247,11186,California
Tuolumne,2021-02-28,55,15644,4,4903,51,10741,0,0,52,6852,2,4386,52,11238,California
Tuolumne,2021-03-01,110,15754,21,4924,89,10830,0,0,75,6895,33,4419,76,11314,California
Tuolumne,2021-03-02,705,16459,73,4997,632,11462,0,0,106,6403,598,5017,106,11420,California
Tuolumne,2021-03-03,88,16547,20,5017,68,11530,0,0,64,6443,24,5041,64,11484,California
Tuolumne,2021-03-04,1166,17713,73,5090,1093,12623,0,0,1103,7483,63,5104,1103,12587,California
Tuolumne,2021-03-05,84,17797,10,5100,74,12697,0,0,48,7497,35,5139,49,12636,California
Tuolumne,2021-03-06,1051,18848,604,5704,445,13142,2,2,204,6857,846,5985,206,12842,California
Tuolumne,2021-03-07,40,18888,12,5716,14,13156,14,16,18,6867,22,6007,32,12874,California
Tuolumne,2021-03-08,196,19084,88,5804,101,13257,7,23,140,6958,56,6063,147,13021,California
Tuolumne,2021-03-09,852,19936,15,5819,826,14083,11,34,66,6252,784,6847,78,13099,California
Tuolumne,2021-03-10,74,20010,12,5831,51,14134,11,45,51,6291,23,6870,62,13161,California
Tuolumne,2021-03-11,1271,21281,34,5865,1232,15366,5,50,1248,7523,23,6893,1255,14416,California
Tuolumne,2021-03-12,295,21576,31,5896,249,15615,15,65,189,7626,104,6997,207,14623,California
Tuolumne,2021-03-13,112,21688,12,5908,100,15715,0,65,93,7701,19,7016,94,14717,California
Tuolumne,2021-03-14,142,21830,8,5916,125,15840,9,74,8,7589,134,7150,22,14739,California
Tuolumne,2021-03-15,292,22122,79,5995,211,16051,2,76,101,7508,191,7341,110,14849,California
Tuolumne,2021-03-16,804,22926,38,6033,755,16806,11,87,667,8049,137,7478,678,15527,California
Tuolumne,2021-03-17,152,23078,31,6064,108,16914,13,100,79,8068,73,7551,92,15619,California
Tuolumne,2021-03-18,946,24024,28,6092,905,17819,13,113,320,7776,626,8177,334,15953,California
Tuolumne,2021-03-19,131,24155,16,6108,83,17902,32,145,70,7818,59,8236,101,16054,California
Tuolumne,2021-03-20,89,24244,6,6114,73,17975,10,155,37,7813,51,8287,46,16100,California
Tuolumne,2021-03-21,833,25077,390,6504,434,18409,9,164,40,7071,791,9078,49,16149,California
Tuolumne,2021-03-22,163,25240,72,6576,72,18481,19,183,97,7121,66,9144,116,16265,California
Tuolumne,2021-03-23,704,25944,636,7212,54,18535,14,197,668,7766,36,9180,681,16946,California
Tuolumne,2021-03-24,107,26051,19,7231,70,18605,18,215,75,7828,31,9211,93,17039,California
Tuolumne,2021-03-25,1291,27342,21,7252,1267,19872,3,218,322,7185,968,10179,325,17364,California
Tuolumne,2021-03-26,267,27609,15,7267,229,20101,23,241,110,7171,147,10326,133,17497,California
Tuolumne,2021-03-27,577,28186,54,7321,523,20624,0,241,316,7227,261,10587,317,17814,California
Tuolumne,2021-03-28,51,28237,8,7329,43,20667,0,241,11,7201,38,10625,12,17826,California
Tuolumne,2021-03-29,200,28437,81,7410,119,20786,0,241,105,7213,93,10718,105,17931,California
Tuolumne,2021-03-30,161,28598,13,7423,147,20933,1,242,118,7290,42,10760,119,18050,California
Tuolumne,2021-03-31,90,28688,13,7436,75,21008,2,244,34,7273,55,10815,38,18088,California
Tuolumne,2021-04-01,1229,29917,27,7463,1202,22210,0,244,214,6475,1013,11828,215,18303,California
Tuolumne,2021-04-02,163,30080,12,7475,125,22335,26,270,90,6519,72,11900,116,18419,California
Tuolumne,2021-04-03,415,30495,34,7509,380,22715,1,271,230,6567,185,12085,233,18652,California
Tuolumne,2021-04-04,33,30528,2,7511,31,22746,0,271,21,6578,10,12095,21,18673,California
Tuolumne,2021-04-05,128,30656,20,7531,102,22848,6,277,56,6568,72,12167,62,18735,California
Tuolumne,2021-04-06,634,31290,507,8038,100,22948,27,304,503,6968,131,12298,531,19266,California
Tuolumne,2021-04-07,121,31411,37,8075,68,23016,16,320,43,6949,78,12376,59,19325,California
Tuolumne,2021-04-08,1414,32825,30,8105,1370,24386,14,334,233,6017,1179,13555,247,19572,California
Tuolumne,2021-04-09,267,33092,41,8146,182,24568,44,378,128,6054,136,13691,173,19745,California
Tuolumne,2021-04-10,58,33150,3,8149,33,24601,22,400,23,6065,34,13725,45,19790,California
Tuolumne,2021-04-11,16,33166,2,8151,11,24612,3,403,11,6074,5,13730,14,19804,California
Tuolumne,2021-04-12,160,33326,67,8218,87,24699,6,409,87,6100,67,13797,93,19897,California
Tuolumne,2021-04-13,782,34108,35,8253,747,25446,0,409,167,5659,608,14405,167,20064,California
Tuolumne,2021-04-14,138,34246,27,8280,111,25557,0,409,66,5657,69,14474,67,20131,California
Tuolumne,2021-04-15,336,34582,22,8302,314,25871,0,409,58,5442,273,14747,58,20189,California
Tuolumne,2021-04-16,234,34816,50,8352,184,26055,0,409,133,5480,95,14842,133,20322,California
Tuolumne,2021-04-17,45,34861,7,8359,38,26093,0,409,29,5493,16,14858,29,20351,California
Tuolumne,2021-04-18,7,34868,2,8361,5,26098,0,409,3,5492,4,14862,3,20354,California
Tuolumne,2021-04-19,164,35032,77,8438,87,26185,0,409,89,5509,72,14934,89,20443,California
Tuolumne,2021-04-20,699,35731,610,9048,89,26274,0,409,78,4972,615,15549,78,20521,California
Tuolumne,2021-04-21,104,35835,25,9073,79,26353,0,409,60,4993,39,15588,60,20581,California
Tuolumne,2021-04-22,672,36507,46,9119,626,26979,0,409,409,5149,253,15841,409,20990,California
Tuolumne,2021-04-23,145,36652,26,9145,119,27098,0,409,72,5150,71,15912,72,21062,California
Tuolumne,2021-04-24,46,36698,11,9156,35,27133,0,409,29,5162,17,15929,29,21091,California
Tuolumne,2021-04-25,1,36699,0,9156,1,27134,0,409,0,5161,1,15930,0,21091,California
Ventura,2020-12-15,5,5,5,5,0,0,0,0,5,5,0,0,5,5,California
Ventura,2020-12-16,72,77,72,77,0,0,0,0,72,77,0,0,72,77,California
Ventura,2020-12-17,250,327,250,327,0,0,0,0,250,327,0,0,250,327,California
Ventura,2020-12-18,1411,1738,1411,1738,0,0,0,0,1411,1738,0,0,1411,1738,California
Ventura,2020-12-19,910,2648,910,2648,0,0,0,0,910,2648,0,0,910,2648,California
Ventura,2020-12-20,429,3077,429,3077,0,0,0,0,429,3077,0,0,429,3077,California
Ventura,2020-12-21,1470,4547,1470,4547,0,0,0,0,1470,4547,0,0,1470,4547,California
Ventura,2020-12-22,1103,5650,1098,5645,5,5,0,0,1103,5650,0,0,1103,5650,California
Ventura,2020-12-23,1026,6676,979,6624,47,52,0,0,1026,6676,0,0,1026,6676,California
Ventura,2020-12-24,477,7153,379,7003,98,150,0,0,477,7153,0,0,477,7153,California
Ventura,2020-12-25,11,7164,7,7010,4,154,0,0,11,7164,0,0,11,7164,California
Ventura,2020-12-26,111,7275,90,7100,21,175,0,0,111,7275,0,0,111,7275,California
Ventura,2020-12-27,58,7333,27,7127,31,206,0,0,58,7333,0,0,58,7333,California
Ventura,2020-12-28,1068,8401,929,8056,139,345,0,0,1068,8401,0,0,1068,8401,California
Ventura,2020-12-29,1167,9568,762,8818,405,750,0,0,1167,9568,0,0,1167,9568,California
Ventura,2020-12-30,1983,11551,1518,10336,465,1215,0,0,1983,11551,0,0,1983,11551,California
Ventura,2020-12-31,479,12030,162,10498,317,1532,0,0,479,12030,0,0,479,12030,California
Ventura,2021-01-01,20,12050,5,10503,15,1547,0,0,20,12050,0,0,20,12050,California
Ventura,2021-01-02,172,12222,79,10582,93,1640,0,0,172,12222,0,0,172,12222,California
Ventura,2021-01-03,15,12237,8,10590,7,1647,0,0,15,12237,0,0,15,12237,California
Ventura,2021-01-04,1080,13317,549,11139,531,2178,0,0,1079,13316,0,0,1079,13316,California
Ventura,2021-01-05,1371,14688,775,11914,596,2774,0,0,1330,14605,41,41,1330,14646,California
Ventura,2021-01-06,2056,16744,1179,13093,877,3651,0,0,1625,15810,422,463,1627,16273,California
Ventura,2021-01-07,2068,18812,1327,14420,741,4392,0,0,1181,16106,885,1348,1181,17454,California
Ventura,2021-01-08,2198,21010,1476,15896,722,5114,0,0,905,15721,1291,2639,906,18360,California
Ventura,2021-01-09,721,21731,500,16396,221,5335,0,0,319,15638,402,3041,319,18679,California
Ventura,2021-01-10,340,22071,326,16722,14,5349,0,0,126,15550,214,3255,126,18805,California
Ventura,2021-01-11,2445,24516,1488,18210,957,6306,0,0,1492,16092,953,4208,1495,20300,California
Ventura,2021-01-12,3036,27552,1606,19816,1430,7736,0,0,2014,17084,1022,5230,2014,22314,California
Ventura,2021-01-13,2924,30476,1423,21239,1501,9237,0,0,2041,18246,880,6110,2042,24356,California
Ventura,2021-01-14,2728,33204,1058,22297,1670,10907,0,0,2283,20086,444,6554,2284,26640,California
Ventura,2021-01-15,2886,36090,969,23266,1917,12824,0,0,2674,22549,212,6766,2675,29315,California
Ventura,2021-01-16,483,36573,186,23452,297,13121,0,0,403,22872,80,6846,403,29718,California
Ventura,2021-01-17,260,36833,137,23589,123,13244,0,0,254,23120,6,6852,254,29972,California
Ventura,2021-01-18,2218,39051,1672,25261,546,13790,0,0,1668,24240,549,7401,1669,31641,California
Ventura,2021-01-19,3032,42083,2115,27376,917,14707,0,0,2141,25492,891,8292,2143,33784,California
Ventura,2021-01-20,4059,46142,3108,30484,951,15658,0,0,3023,27483,1033,9325,3024,36808,California
Ventura,2021-01-21,3836,49978,2670,33154,1166,16824,0,0,3166,29983,667,9992,3167,39975,California
Ventura,2021-01-22,3608,53586,2490,35644,1118,17942,0,0,3447,33269,161,10153,3447,43422,California
Ventura,2021-01-23,1184,54770,650,36294,534,18476,0,0,1083,34254,100,10253,1085,44507,California
Ventura,2021-01-24,451,55221,137,36431,314,18790,0,0,438,34679,13,10266,438,44945,California
Ventura,2021-01-25,3148,58369,2028,38459,1120,19910,0,0,2598,36729,549,10815,2599,47544,California
Ventura,2021-01-26,3707,62076,2201,40660,1506,21416,0,0,2711,38446,995,11810,2712,50256,California
Ventura,2021-01-27,3454,65530,1556,42216,1898,23314,0,0,2716,40427,735,12545,2716,52972,California
Ventura,2021-01-28,3852,69382,1978,44194,1874,25188,0,0,3239,43071,596,13141,3240,56212,California
Ventura,2021-01-29,4258,73640,2519,46713,1739,26927,0,0,3759,46345,487,13628,3761,59973,California
Ventura,2021-01-30,3025,76665,1955,48668,1070,27997,0,0,2856,49036,166,13794,2857,62830,California
Ventura,2021-01-31,831,77496,444,49112,387,28384,0,0,746,49697,85,13879,746,63576,California
Ventura,2021-02-01,3935,81431,2107,51219,1828,30212,0,0,3166,52098,766,14645,3167,66743,California
Ventura,2021-02-02,4399,85830,2371,53590,2028,32240,0,0,3377,54458,1018,15663,3378,70121,California
Ventura,2021-02-03,4452,90282,2089,55679,2363,34603,0,0,3441,56894,1006,16669,3442,73563,California
Ventura,2021-02-04,4768,95050,2285,57964,2483,37086,0,0,3517,59169,1244,17913,3519,77082,California
Ventura,2021-02-05,4827,99877,2310,60274,2517,39603,0,0,3337,61031,1477,19390,3339,80421,California
Ventura,2021-02-06,2832,102709,1513,61787,1319,40922,0,0,2430,63060,401,19791,2430,82851,California
Ventura,2021-02-07,709,103418,240,62027,469,41391,0,0,584,63520,125,19916,585,83436,California
Ventura,2021-02-08,3495,106913,1622,63649,1873,43264,0,0,2425,64880,1065,20981,2425,85861,California
Ventura,2021-02-09,4716,111629,1973,65622,2743,46007,0,0,2467,65101,2248,23229,2469,88330,California
Ventura,2021-02-10,4710,116339,2235,67857,2475,48482,0,0,2403,65209,2296,25525,2404,90734,California
Ventura,2021-02-11,4657,120996,1862,69719,2795,51277,0,0,2446,65454,2204,27729,2449,93183,California
Ventura,2021-02-12,6297,127293,2657,72376,3640,54917,0,0,3220,65599,3075,30804,3220,96403,California
Ventura,2021-02-13,3293,130586,1826,74202,1467,56384,0,0,1842,65996,1447,32251,1844,98247,California
Ventura,2021-02-14,1226,131812,124,74326,1102,57486,0,0,1010,66791,216,32467,1011,99258,California
Ventura,2021-02-15,3985,135797,1795,76121,2190,59676,0,0,2115,67039,1867,34334,2115,101373,California
Ventura,2021-02-16,5531,141328,2701,78822,2830,62506,0,0,3008,67531,2516,36850,3008,104381,California
Ventura,2021-02-17,5229,146557,1919,80741,3310,65816,0,0,3263,68837,1957,38807,3263,107644,California
Ventura,2021-02-18,5776,152333,1829,82570,3947,69763,0,0,3636,70342,2131,40938,3636,111280,California
Ventura,2021-02-19,6449,158782,3769,86339,2680,72443,0,0,3011,69924,3431,44369,3013,114293,California
Ventura,2021-02-20,4925,163707,3161,89500,1764,74207,0,0,2770,70544,2151,46520,2771,117064,California
Ventura,2021-02-21,1042,164749,754,90254,288,74495,0,0,428,70363,609,47129,428,117492,California
Ventura,2021-02-22,5363,170112,2407,92661,2956,77451,0,0,3449,71907,1905,49034,3449,120941,California
Ventura,2021-02-23,5923,176035,2963,95624,2960,80411,0,0,3414,72830,2493,51527,3416,124357,California
Ventura,2021-02-24,6993,183028,2607,98231,4386,84797,0,0,4246,74345,2733,54260,4248,128605,California
Ventura,2021-02-25,7483,190511,2571,100802,4912,89709,0,0,4572,76022,2897,57157,4574,133179,California
Ventura,2021-02-26,9330,199841,2760,103562,6570,96279,0,0,6159,79036,3147,60304,6161,139340,California
Ventura,2021-02-27,9984,209825,5267,108829,4717,100996,0,0,7366,83807,2603,62907,7374,146714,California
Ventura,2021-02-28,2562,212387,1630,110459,931,101927,1,1,2096,85443,460,63367,2096,148810,California
Ventura,2021-03-01,6933,219320,2806,113265,4127,106054,0,1,4620,87772,2304,65671,4633,153443,California
Ventura,2021-03-02,7465,226785,3932,117197,3532,109586,1,2,5247,90809,2210,67881,5247,158690,California
Ventura,2021-03-03,8502,235287,3890,121087,4612,114198,0,2,6064,94452,2425,70306,6068,164758,California
Ventura,2021-03-04,8051,243338,3865,124952,4186,118384,0,2,5431,97277,2607,72913,5432,170190,California
Ventura,2021-03-05,9962,253300,4797,129749,5155,123539,10,12,7078,101502,2871,75784,7096,177286,California
Ventura,2021-03-06,7232,260532,4396,134145,2683,126222,153,165,5323,105077,1903,77687,5478,182764,California
Ventura,2021-03-07,1650,262182,601,134746,948,127170,101,266,1234,105996,416,78103,1335,184099,California
Ventura,2021-03-08,6735,268917,3414,138160,3168,130338,153,419,4632,108687,2097,80200,4788,188887,California
Ventura,2021-03-09,6517,275434,2804,140964,3516,133854,197,616,3655,109690,2851,83051,3854,192741,California
Ventura,2021-03-10,6792,282226,2965,143929,3589,137443,238,854,4479,112102,2305,85356,4717,197458,California
Ventura,2021-03-11,6269,288495,2883,146812,3167,140610,219,1073,3413,112888,2845,88201,3631,201089,California
Ventura,2021-03-12,8491,296986,3031,149843,4618,145228,842,1915,4088,113432,4387,92588,4931,206020,California
Ventura,2021-03-13,6675,303661,2494,152337,3341,148569,840,2755,3752,115107,2916,95504,4591,210611,California
Ventura,2021-03-14,2129,305790,476,152813,1158,149727,495,3250,729,114933,1399,96903,1225,211836,California
Ventura,2021-03-15,6910,312700,2047,154860,3513,153240,1350,4600,2968,115331,3918,100821,4316,216152,California
Ventura,2021-03-16,7890,320590,2451,157311,4327,157567,1112,5712,3976,116514,3902,104723,5085,221237,California
Ventura,2021-03-17,7445,328035,2758,160069,4341,161908,346,6058,4452,118340,2974,107697,4800,226037,California
Ventura,2021-03-18,7211,335246,3266,163335,3792,165700,153,6211,4698,120689,2500,110197,4849,230886,California
Ventura,2021-03-19,8318,343564,3764,167099,4444,170144,110,6321,4950,122395,3352,113549,5058,235944,California
Ventura,2021-03-20,8131,351695,5238,172337,2873,173017,20,6341,3887,122078,4225,117774,3908,239852,California
Ventura,2021-03-21,2772,354467,1507,173844,894,173911,371,6712,1313,122312,1449,119223,1683,241535,California
Ventura,2021-03-22,7326,361793,3683,177527,3541,177452,102,6814,4840,124784,2472,121695,4944,246479,California
Ventura,2021-03-23,8168,369961,3873,181400,4224,181676,71,6885,4660,126030,3484,125179,4730,251209,California
Ventura,2021-03-24,8837,378798,3406,184806,5357,187033,74,6959,4412,126117,4399,129578,4486,255695,California
Ventura,2021-03-25,8773,387571,3904,188710,4769,191802,100,7059,4437,126334,4320,133898,4537,260232,California
Ventura,2021-03-26,9666,397237,3335,192045,5678,197480,653,7712,3762,124871,5877,139775,4414,264646,California
Ventura,2021-03-27,8102,405339,3899,195944,4163,201643,40,7752,2393,121614,5691,145466,2434,267080,California
Ventura,2021-03-28,2511,407850,1396,197340,1106,202749,9,7761,1376,121868,1131,146597,1385,268465,California
Ventura,2021-03-29,8445,416295,4260,201600,4141,206890,44,7805,4218,121930,4200,150797,4262,272727,California
Ventura,2021-03-30,8907,425202,4391,205991,4392,211282,124,7929,4533,122223,4362,155159,4655,277382,California
Ventura,2021-03-31,10636,435838,4806,210797,5203,216485,627,8556,4618,121468,5998,161157,5243,282625,California
Ventura,2021-04-01,10606,446444,5176,215973,4564,221049,866,9422,5380,122500,5210,166367,6242,288867,California
Ventura,2021-04-02,11371,457815,4575,220548,5548,226597,1248,10670,5362,123129,5985,172352,6614,295481,California
Ventura,2021-04-03,8003,465818,3944,224492,2927,229524,1132,11802,3363,122992,4630,176982,4493,299974,California
Ventura,2021-04-04,1710,467528,962,225454,619,230143,129,11931,1155,123726,550,177532,1284,301258,California
Ventura,2021-04-05,9202,476730,4862,230316,3285,233428,1055,12986,4681,124947,4514,182046,5735,306993,California
Ventura,2021-04-06,10793,487523,5539,235855,3794,237222,1460,14446,5545,126723,5227,187273,7003,313996,California
Ventura,2021-04-07,11221,498744,5423,241278,4329,241551,1469,15915,5116,127212,6090,193363,6579,320575,California
Ventura,2021-04-08,10191,508935,5287,246565,3979,245530,925,16840,5098,128151,5077,198440,6016,326591,California
Ventura,2021-04-09,10985,519920,4330,250895,4968,250498,1687,18527,4822,128513,6142,204582,6504,333095,California
Ventura,2021-04-10,9105,529025,3483,254378,3474,253972,2148,20675,2990,127547,6100,210682,5134,338229,California
Ventura,2021-04-11,2414,531439,864,255242,992,254964,558,21233,687,127071,1720,212402,1244,339473,California
Ventura,2021-04-12,8869,540308,4463,259705,3611,258575,795,22028,3736,126482,5115,217517,4526,343999,California
Ventura,2021-04-13,8734,549042,4437,264142,4291,262866,6,22034,3738,125267,4959,222476,3744,347743,California
Ventura,2021-04-14,8639,557681,4050,268192,4574,267440,15,22049,3364,123409,5239,227715,3381,351124,California
Ventura,2021-04-15,9220,566901,4469,272661,4744,272184,7,22056,4047,122309,5154,232869,4054,355178,California
Ventura,2021-04-16,10004,576905,4436,277097,5568,277752,0,22056,4831,121979,5163,238032,4833,360011,California
Ventura,2021-04-17,8515,585420,5290,282387,3224,280976,1,22057,4989,123453,3517,241549,4991,365002,California
Ventura,2021-04-18,2105,587525,1009,283396,1096,282072,0,22057,906,123165,1194,242743,906,365908,California
Ventura,2021-04-19,7976,595501,4823,288219,3152,285224,1,22058,4611,124428,3349,246092,4612,370520,California
Ventura,2021-04-20,9177,604678,4889,293108,4288,289512,0,22058,4326,123922,4834,250926,4328,374848,California
Ventura,2021-04-21,8705,613383,4531,297639,4172,293684,2,22060,4147,123533,4539,255465,4150,378998,California
Ventura,2021-04-22,9881,623264,5457,303096,4424,298108,0,22060,4418,122502,5449,260914,4418,383416,California
Ventura,2021-04-23,9968,633232,5246,308342,4722,302830,0,22060,5065,122687,4880,265794,5065,388481,California
Ventura,2021-04-24,9224,642456,5555,313897,3669,306499,0,22060,5621,124715,3593,269387,5621,394102,California
Ventura,2021-04-25,347,642803,299,314196,48,306547,0,22060,251,124872,95,269482,252,394354,California
Yolo,2020-12-15,39,39,39,39,0,0,0,0,39,39,0,0,39,39,California
Yolo,2020-12-16,78,117,78,117,0,0,0,0,78,117,0,0,78,117,California
Yolo,2020-12-17,102,219,102,219,0,0,0,0,102,219,0,0,102,219,California
Yolo,2020-12-18,210,429,210,429,0,0,0,0,210,429,0,0,210,429,California
Yolo,2020-12-19,87,516,87,516,0,0,0,0,87,516,0,0,87,516,California
Yolo,2020-12-20,101,617,101,617,0,0,0,0,101,617,0,0,101,617,California
Yolo,2020-12-21,253,870,253,870,0,0,0,0,253,870,0,0,253,870,California
Yolo,2020-12-22,382,1252,381,1251,1,1,0,0,382,1252,0,0,382,1252,California
Yolo,2020-12-23,430,1682,412,1663,18,19,0,0,430,1682,0,0,430,1682,California
Yolo,2020-12-24,150,1832,94,1757,56,75,0,0,150,1832,0,0,150,1832,California
Yolo,2020-12-25,1,1833,1,1758,0,75,0,0,1,1833,0,0,1,1833,California
Yolo,2020-12-26,75,1908,25,1783,50,125,0,0,75,1908,0,0,75,1908,California
Yolo,2020-12-27,46,1954,19,1802,27,152,0,0,46,1954,0,0,46,1954,California
Yolo,2020-12-28,345,2299,178,1980,167,319,0,0,345,2299,0,0,345,2299,California
Yolo,2020-12-29,487,2786,268,2248,219,538,0,0,487,2786,0,0,487,2786,California
Yolo,2020-12-30,622,3408,255,2503,367,905,0,0,622,3408,0,0,622,3408,California
Yolo,2020-12-31,184,3592,95,2598,89,994,0,0,184,3592,0,0,184,3592,California
Yolo,2021-01-01,57,3649,56,2654,1,995,0,0,57,3649,0,0,57,3649,California
Yolo,2021-01-02,68,3717,25,2679,43,1038,0,0,68,3717,0,0,68,3717,California
Yolo,2021-01-03,44,3761,19,2698,25,1063,0,0,44,3761,0,0,44,3761,California
Yolo,2021-01-04,193,3954,43,2741,150,1213,0,0,193,3954,0,0,193,3954,California
Yolo,2021-01-05,609,4563,235,2976,374,1587,0,0,548,4441,61,61,548,4502,California
Yolo,2021-01-06,481,5044,183,3159,298,1885,0,0,350,4660,131,192,350,4852,California
Yolo,2021-01-07,710,5754,234,3393,476,2361,0,0,520,4991,189,381,520,5372,California
Yolo,2021-01-08,631,6385,311,3704,320,2681,0,0,414,5189,216,597,414,5786,California
Yolo,2021-01-09,410,6795,68,3772,342,3023,0,0,364,5507,46,643,364,6150,California
Yolo,2021-01-10,393,7188,80,3852,313,3336,0,0,323,5760,70,713,323,6473,California
Yolo,2021-01-11,559,7747,322,4174,237,3573,0,0,292,5785,267,980,292,6765,California
Yolo,2021-01-12,481,8228,364,4538,117,3690,0,0,173,5651,308,1288,174,6939,California
Yolo,2021-01-13,767,8995,310,4848,457,4147,0,0,518,5920,249,1537,518,7457,California
Yolo,2021-01-14,374,9369,181,5029,193,4340,0,0,270,6086,104,1641,270,7727,California
Yolo,2021-01-15,624,9993,321,5350,303,4643,0,0,545,6553,79,1720,546,8273,California
Yolo,2021-01-16,738,10731,95,5445,643,5286,0,0,707,7229,31,1751,707,8980,California
Yolo,2021-01-17,186,10917,117,5562,69,5355,0,0,179,7401,7,1758,179,9159,California
Yolo,2021-01-18,478,11395,303,5865,175,5530,0,0,380,7683,98,1856,380,9539,California
Yolo,2021-01-19,541,11936,372,6237,169,5699,0,0,366,7874,175,2031,366,9905,California
Yolo,2021-01-20,659,12595,381,6618,278,5977,0,0,474,8164,184,2215,474,10379,California
Yolo,2021-01-21,646,13241,382,7000,264,6241,0,0,458,8434,188,2403,458,10837,California
Yolo,2021-01-22,745,13986,250,7250,495,6736,0,0,628,8947,115,2518,628,11465,California
Yolo,2021-01-23,613,14599,124,7374,489,7225,0,0,566,9466,47,2565,566,12031,California
Yolo,2021-01-24,207,14806,124,7498,83,7308,0,0,166,9591,41,2606,166,12197,California
Yolo,2021-01-25,727,15533,153,7651,574,7882,0,0,513,9890,214,2820,513,12710,California
Yolo,2021-01-26,817,16350,326,7977,491,8373,0,0,429,9931,388,3208,429,13139,California
Yolo,2021-01-27,554,16904,223,8200,331,8704,0,0,381,10139,173,3381,381,13520,California
Yolo,2021-01-28,1045,17949,563,8763,482,9186,0,0,922,10939,122,3503,922,14442,California
Yolo,2021-01-29,867,18816,263,9026,604,9790,0,0,785,11643,81,3584,785,15227,California
Yolo,2021-01-30,1516,20332,916,9942,600,10390,0,0,1408,12949,102,3686,1408,16635,California
Yolo,2021-01-31,249,20581,211,10153,38,10428,0,0,214,13129,34,3720,214,16849,California
Yolo,2021-02-01,842,21423,359,10512,483,10911,0,0,612,13514,227,3947,612,17461,California
Yolo,2021-02-02,1319,22742,745,11257,574,11485,0,0,929,14054,390,4337,930,18391,California
Yolo,2021-02-03,1513,24255,396,11653,1117,12602,0,0,1183,14910,327,4664,1183,19574,California
Yolo,2021-02-04,1786,26041,281,11934,1505,14107,0,0,1237,15610,538,5202,1238,20812,California
Yolo,2021-02-05,1592,27633,899,12833,693,14800,0,0,1194,16407,398,5600,1195,22007,California
Yolo,2021-02-06,1919,29552,1246,14079,673,15473,0,0,1558,17605,361,5961,1559,23566,California
Yolo,2021-02-07,517,30069,248,14327,269,15742,0,0,170,17429,346,6307,170,23736,California
Yolo,2021-02-08,945,31014,331,14658,614,16356,0,0,603,17693,339,6646,603,24339,California
Yolo,2021-02-09,860,31874,388,15046,472,16828,0,0,578,17989,282,6928,578,24917,California
Yolo,2021-02-10,1454,33328,476,15522,978,17806,0,0,818,18173,636,7564,820,25737,California
Yolo,2021-02-11,1559,34887,795,16317,764,18570,0,0,1182,18978,377,7941,1182,26919,California
Yolo,2021-02-12,1905,36792,747,17064,1158,19728,0,0,1439,19955,462,8403,1439,28358,California
Yolo,2021-02-13,2047,38839,709,17773,1338,21066,0,0,1384,20676,663,9066,1384,29742,California
Yolo,2021-02-14,567,39406,152,17925,415,21481,0,0,442,20994,124,9190,442,30184,California
Yolo,2021-02-15,528,39934,189,18114,339,21820,0,0,265,20997,263,9453,266,30450,California
Yolo,2021-02-16,1114,41048,424,18538,690,22510,0,0,807,21497,307,9760,807,31257,California
Yolo,2021-02-17,1381,42429,698,19236,683,23193,0,0,990,22096,391,10151,990,32247,California
Yolo,2021-02-18,2492,44921,811,20047,1681,24874,0,0,1729,23062,763,10914,1729,33976,California
Yolo,2021-02-19,1735,46656,742,20789,993,25867,0,0,1118,23565,615,11529,1118,35094,California
Yolo,2021-02-20,2432,49088,942,21731,1490,27357,0,0,1360,23859,1067,12596,1361,36455,California
Yolo,2021-02-21,282,49370,225,21956,57,27414,0,0,73,23724,208,12804,73,36528,California
Yolo,2021-02-22,1360,50730,599,22555,761,28175,0,0,693,23751,666,13470,693,37221,California
Yolo,2021-02-23,1120,51850,840,23395,280,28455,0,0,439,23511,679,14149,439,37660,California
Yolo,2021-02-24,2089,53939,589,23984,1500,29955,0,0,1381,24186,706,14855,1381,39041,California
Yolo,2021-02-25,1338,55277,444,24428,894,30849,0,0,873,24595,464,15319,873,39914,California
Yolo,2021-02-26,2564,57841,984,25412,1580,32429,0,0,1366,24766,1195,16514,1366,41280,California
Yolo,2021-02-27,1647,59488,765,26177,882,33311,0,0,1197,25513,450,16964,1197,42477,California
Yolo,2021-02-28,1772,61260,1489,27666,283,33594,0,0,680,25103,1090,18054,680,43157,California
Yolo,2021-03-01,1088,62348,354,28020,734,34328,0,0,658,25333,428,18482,658,43815,California
Yolo,2021-03-02,1457,63805,678,28698,779,35107,0,0,928,25732,529,19011,928,44743,California
Yolo,2021-03-03,1816,65621,611,29309,1205,36312,0,0,812,25542,1002,20013,812,45555,California
Yolo,2021-03-04,2845,68466,1404,30713,1441,37753,0,0,1540,25779,1303,21316,1540,47095,California
Yolo,2021-03-05,2337,70803,1392,32105,934,38687,11,11,1467,26388,869,22185,1478,48573,California
Yolo,2021-03-06,1471,72274,1121,33226,321,39008,29,40,839,26627,629,22814,868,49441,California
Yolo,2021-03-07,903,73177,670,33896,219,39227,14,54,770,27278,133,22947,784,50225,California
Yolo,2021-03-08,1074,74251,480,34376,551,39778,43,97,749,27746,325,23272,793,51018,California
Yolo,2021-03-09,1243,75494,669,35045,514,40292,60,157,755,28075,486,23758,815,51833,California
Yolo,2021-03-10,1783,77277,1040,36085,452,40744,291,448,743,28065,1039,24797,1029,52862,California
Yolo,2021-03-11,2278,79555,1534,37619,677,41421,67,515,1567,28990,710,25507,1635,54497,California
Yolo,2021-03-12,2885,82440,1339,38958,1467,42888,79,594,1370,28929,1509,27016,1448,55945,California
Yolo,2021-03-13,1841,84281,730,39688,934,43822,177,771,1007,29283,830,27846,1184,57129,California
Yolo,2021-03-14,1007,85288,213,39901,644,44466,150,921,525,29474,481,28327,672,57801,California
Yolo,2021-03-15,1319,86607,773,40674,370,44836,176,1097,703,29737,614,28941,877,58678,California
Yolo,2021-03-16,1864,88471,714,41388,1078,45914,72,1169,1101,30147,763,29704,1173,59851,California
Yolo,2021-03-17,2480,90951,965,42353,1443,47357,72,1241,1700,31173,777,30481,1803,61654,California
Yolo,2021-03-18,2882,93833,895,43248,1764,49121,223,1464,1172,30860,1708,32189,1395,63049,California
Yolo,2021-03-19,2037,95870,816,44064,1154,50275,67,1531,1074,31044,957,33146,1141,64190,California
Yolo,2021-03-20,2744,98614,815,44879,1888,52163,41,1572,1114,30577,1624,34770,1157,65347,California
Yolo,2021-03-21,317,98931,216,45095,93,52256,8,1580,229,30728,86,34856,237,65584,California
Yolo,2021-03-22,1385,100316,482,45577,851,53107,52,1632,912,31220,471,35327,963,66547,California
Yolo,2021-03-23,1724,102040,931,46508,737,53844,56,1688,1065,31683,658,35985,1121,67668,California
Yolo,2021-03-24,2838,104878,1385,47893,1404,55248,49,1737,1419,31742,1409,37394,1468,69136,California
Yolo,2021-03-25,2417,107295,1296,49189,1094,56342,27,1764,1155,31672,1252,38646,1182,70318,California
Yolo,2021-03-26,2382,109677,1239,50428,1124,57466,19,1783,1024,31363,1351,39997,1042,71360,California
Yolo,2021-03-27,1635,111312,455,50883,1164,58630,16,1799,755,31255,879,40876,771,72131,California
Yolo,2021-03-28,1102,112414,860,51743,224,58854,18,1817,272,30719,826,41702,290,72421,California
Yolo,2021-03-29,1994,114408,819,52562,1157,60011,18,1835,986,30719,1004,42706,1004,73425,California
Yolo,2021-03-30,2269,116677,1066,53628,1180,61191,23,1858,1188,30854,1076,43782,1211,74636,California
Yolo,2021-03-31,2330,119007,1205,54833,1089,62280,36,1894,1204,30969,1125,44907,1240,75876,California
Yolo,2021-04-01,3745,122752,1765,56598,1505,63785,475,2369,1568,30838,2174,47081,2043,77919,California
Yolo,2021-04-02,3347,126099,1481,58079,1723,65508,143,2512,2070,31780,1271,48352,2213,80132,California
Yolo,2021-04-03,1788,127887,1080,59159,493,66001,215,2727,800,31808,987,49339,1015,81147,California
Yolo,2021-04-04,385,128272,151,59310,171,66172,63,2790,143,31772,242,49581,206,81353,California
Yolo,2021-04-05,1893,130165,721,60031,1074,67246,98,2888,1011,32003,878,50459,1109,82462,California
Yolo,2021-04-06,2555,132720,1294,61325,1091,68337,170,3058,1309,32246,1237,51696,1480,83942,California
Yolo,2021-04-07,2967,135687,1512,62837,1104,69441,351,3409,1925,33486,1035,52731,2275,86217,California
Yolo,2021-04-08,2403,138090,992,63829,941,70382,470,3879,1022,33598,1378,54109,1490,87707,California
Yolo,2021-04-09,2424,140514,877,64706,1053,71435,494,4373,803,33276,1618,55727,1296,89003,California
Yolo,2021-04-10,1680,142194,790,65496,719,72154,171,4544,997,33764,679,56406,1167,90170,California
Yolo,2021-04-11,866,143060,261,65757,560,72714,45,4589,344,33633,519,56925,388,90558,California
Yolo,2021-04-12,1752,144812,515,66272,1095,73809,142,4731,1091,34208,658,57583,1233,91791,California
Yolo,2021-04-13,1931,146743,873,67145,1058,74867,0,4731,1001,34281,928,58511,1001,92792,California
Yolo,2021-04-14,2731,149474,734,67879,1997,76864,0,4731,1351,34257,1375,59886,1351,94143,California
Yolo,2021-04-15,3197,152671,1041,68920,2156,79020,0,4731,2247,35558,946,60832,2247,96390,California
Yolo,2021-04-16,2900,155571,1843,70763,1057,80077,0,4731,1831,36324,1065,61897,1831,98221,California
Yolo,2021-04-17,1513,157084,420,71183,1093,81170,0,4731,746,36308,762,62659,746,98967,California
Yolo,2021-04-18,591,157675,263,71446,328,81498,0,4731,349,36418,239,62898,349,99316,California
Yolo,2021-04-19,1666,159341,718,72164,947,82445,1,4732,770,36298,891,63789,771,100087,California
Yolo,2021-04-20,1992,161333,1005,73169,987,83432,0,4732,1075,36458,915,64704,1075,101162,California
Yolo,2021-04-21,1964,163297,984,74153,980,84412,0,4732,1080,36657,881,65585,1080,102242,California
Yolo,2021-04-22,1729,165026,733,74886,996,85408,0,4732,898,36731,825,66410,899,103141,California
Yolo,2021-04-23,1800,166826,881,75767,919,86327,0,4732,1036,37013,756,67166,1038,104179,California
Yolo,2021-04-24,734,167560,346,76113,386,86713,2,4734,297,36882,430,67596,299,104478,California
Yolo,2021-04-25,384,167944,71,76184,313,87026,0,4734,307,37112,77,67673,307,104785,California
Yuba,2020-12-16,4,4,4,4,0,0,0,0,4,4,0,0,4,4,California
Yuba,2020-12-17,4,8,4,8,0,0,0,0,4,8,0,0,4,8,California
Yuba,2020-12-18,8,16,8,16,0,0,0,0,8,16,0,0,8,16,California
Yuba,2020-12-19,12,28,12,28,0,0,0,0,12,28,0,0,12,28,California
Yuba,2020-12-20,20,48,20,48,0,0,0,0,20,48,0,0,20,48,California
Yuba,2020-12-21,40,88,40,88,0,0,0,0,40,88,0,0,40,88,California
Yuba,2020-12-22,86,174,86,174,0,0,0,0,86,174,0,0,86,174,California
Yuba,2020-12-23,63,237,61,235,2,2,0,0,63,237,0,0,63,237,California
Yuba,2020-12-24,20,257,10,245,10,12,0,0,20,257,0,0,20,257,California
Yuba,2020-12-26,15,272,13,258,2,14,0,0,15,272,0,0,15,272,California
Yuba,2020-12-27,15,287,15,273,0,14,0,0,15,287,0,0,15,287,California
Yuba,2020-12-28,51,338,35,308,16,30,0,0,51,338,0,0,51,338,California
Yuba,2020-12-29,75,413,10,318,65,95,0,0,75,413,0,0,75,413,California
Yuba,2020-12-30,63,476,20,338,43,138,0,0,63,476,0,0,63,476,California
Yuba,2020-12-31,36,512,6,344,30,168,0,0,36,512,0,0,36,512,California
Yuba,2021-01-02,23,535,22,366,1,169,0,0,23,535,0,0,23,535,California
Yuba,2021-01-03,10,545,6,372,4,173,0,0,10,545,0,0,10,545,California
Yuba,2021-01-04,90,635,21,393,69,242,0,0,90,635,0,0,90,635,California
Yuba,2021-01-05,68,703,36,429,32,274,0,0,67,701,1,1,67,702,California
Yuba,2021-01-06,153,856,76,505,77,351,0,0,147,842,6,7,147,849,California
Yuba,2021-01-07,75,931,19,524,56,407,0,0,72,910,4,11,72,921,California
Yuba,2021-01-08,73,1004,25,549,48,455,0,0,66,969,7,18,66,987,California
Yuba,2021-01-09,19,1023,16,565,3,458,0,0,11,972,8,26,11,998,California
Yuba,2021-01-10,117,1140,22,587,95,553,0,0,95,1045,22,48,95,1093,California
Yuba,2021-01-11,72,1212,50,637,22,575,0,0,32,1037,40,88,32,1125,California
Yuba,2021-01-12,107,1319,77,714,30,605,0,0,42,1014,65,153,42,1167,California
Yuba,2021-01-13,118,1437,71,785,47,652,0,0,54,1005,63,216,54,1221,California
Yuba,2021-01-14,109,1546,43,828,66,718,0,0,97,1090,12,228,97,1318,California
Yuba,2021-01-15,206,1752,88,916,118,836,0,0,195,1274,11,239,195,1513,California
Yuba,2021-01-16,184,1936,21,937,163,999,0,0,172,1433,13,252,172,1685,California
Yuba,2021-01-17,13,1949,9,946,4,1003,0,0,7,1434,6,258,7,1692,California
Yuba,2021-01-18,60,2009,32,978,28,1031,0,0,35,1444,25,283,35,1727,California
Yuba,2021-01-19,80,2089,29,1007,51,1082,0,0,65,1494,15,298,65,1792,California
Yuba,2021-01-20,132,2221,87,1094,45,1127,0,0,109,1580,23,321,109,1901,California
Yuba,2021-01-21,210,2431,95,1189,115,1242,0,0,202,1774,8,329,202,2103,California
Yuba,2021-01-22,103,2534,6,1195,97,1339,0,0,94,1859,9,338,94,2197,California
Yuba,2021-01-23,200,2734,7,1202,193,1532,0,0,197,2053,3,341,197,2394,California
Yuba,2021-01-24,10,2744,7,1209,3,1535,0,0,8,2059,2,343,8,2402,California
Yuba,2021-01-25,83,2827,27,1236,56,1591,0,0,52,2081,30,373,52,2454,California
Yuba,2021-01-26,148,2975,39,1275,109,1700,0,0,92,2117,56,429,92,2546,California
Yuba,2021-01-27,182,3157,128,1403,54,1754,0,0,115,2165,67,496,115,2661,California
Yuba,2021-01-28,215,3372,79,1482,136,1890,0,0,174,2298,41,537,174,2835,California
Yuba,2021-01-29,159,3531,56,1538,103,1993,0,0,112,2363,47,584,112,2947,California
Yuba,2021-01-30,410,3941,23,1561,387,2380,0,0,399,2751,11,595,399,3346,California
Yuba,2021-01-31,17,3958,12,1573,5,2385,0,0,15,2764,2,597,15,3361,California
Yuba,2021-02-01,155,4113,75,1648,80,2465,0,0,131,2873,23,620,132,3493,California
Yuba,2021-02-02,123,4236,23,1671,100,2565,0,0,101,2952,22,642,101,3594,California
Yuba,2021-02-03,225,4461,29,1700,196,2761,0,0,113,2954,111,753,113,3707,California
Yuba,2021-02-04,295,4756,120,1820,175,2936,0,0,252,3163,43,796,252,3959,California
Yuba,2021-02-05,146,4902,32,1852,114,3050,0,0,70,3157,76,872,70,4029,California
Yuba,2021-02-06,448,5350,26,1878,422,3472,0,0,440,3589,8,880,440,4469,California
Yuba,2021-02-07,18,5368,11,1889,7,3479,0,0,15,3601,3,883,15,4484,California
Yuba,2021-02-08,95,5463,35,1924,60,3539,0,0,66,3638,29,912,66,4550,California
Yuba,2021-02-09,153,5616,55,1979,98,3637,0,0,84,3653,69,981,84,4634,California
Yuba,2021-02-10,352,5968,172,2151,180,3817,0,0,114,3530,237,1218,114,4748,California
Yuba,2021-02-11,398,6366,64,2215,334,4151,0,0,302,3738,94,1312,302,5050,California
Yuba,2021-02-12,264,6630,27,2242,237,4388,0,0,151,3776,113,1425,151,5201,California
Yuba,2021-02-13,435,7065,35,2277,400,4788,0,0,387,4115,48,1473,387,5588,California
Yuba,2021-02-14,54,7119,11,2288,43,4831,0,0,49,4159,5,1478,49,5637,California
Yuba,2021-02-15,88,7207,36,2324,52,4883,0,0,69,4209,19,1497,69,5706,California
Yuba,2021-02-16,198,7405,53,2377,145,5028,0,0,140,4292,57,1554,140,5846,California
Yuba,2021-02-17,369,7774,155,2532,214,5242,0,0,98,4120,270,1824,98,5944,California
Yuba,2021-02-18,317,8091,46,2578,271,5513,0,0,194,4191,123,1947,194,6138,California
Yuba,2021-02-19,224,8315,84,2662,140,5653,0,0,141,4249,83,2030,141,6279,California
Yuba,2021-02-20,390,8705,30,2692,360,6013,0,0,336,4531,54,2084,336,6615,California
Yuba,2021-02-21,16,8721,14,2706,2,6015,0,0,6,4527,10,2094,6,6621,California
Yuba,2021-02-22,128,8849,79,2785,49,6064,0,0,38,4476,89,2183,38,6659,California
Yuba,2021-02-23,113,8962,25,2810,88,6152,0,0,46,4456,66,2249,46,6705,California
Yuba,2021-02-24,479,9441,135,2945,344,6496,0,0,106,4189,373,2622,106,6811,California
Yuba,2021-02-25,332,9773,133,3078,199,6695,0,0,204,4265,128,2750,204,7015,California
Yuba,2021-02-26,256,10029,67,3145,189,6884,0,0,143,4297,111,2861,143,7158,California
Yuba,2021-02-27,471,10500,46,3191,425,7309,0,0,382,4592,87,2948,382,7540,California
Yuba,2021-02-28,65,10565,21,3212,44,7353,0,0,44,4615,21,2969,44,7584,California
Yuba,2021-03-01,152,10717,39,3251,113,7466,0,0,76,4616,75,3044,76,7660,California
Yuba,2021-03-02,158,10875,35,3286,123,7589,0,0,78,4614,80,3124,78,7738,California
Yuba,2021-03-03,618,11493,157,3443,461,8050,0,0,198,4393,419,3543,198,7936,California
Yuba,2021-03-04,465,11958,270,3713,195,8245,0,0,324,4577,140,3683,324,8260,California
Yuba,2021-03-05,315,12273,59,3772,255,8500,1,1,248,4759,67,3750,249,8509,California
Yuba,2021-03-06,475,12748,35,3807,436,8936,4,5,369,5026,106,3856,373,8882,California
Yuba,2021-03-07,49,12797,27,3834,21,8957,1,6,33,5044,16,3872,34,8916,California
Yuba,2021-03-08,160,12957,49,3883,95,9052,16,22,101,5102,59,3931,117,9033,California
Yuba,2021-03-09,175,13132,46,3929,110,9162,19,41,83,5112,92,4023,102,9135,California
Yuba,2021-03-10,733,13865,232,4161,471,9633,30,71,229,4868,503,4526,259,9394,California
Yuba,2021-03-11,428,14293,186,4347,230,9863,12,83,295,5042,133,4659,307,9701,California
Yuba,2021-03-12,462,14755,86,4433,322,10185,54,137,149,4932,313,4972,203,9904,California
Yuba,2021-03-13,451,15206,331,4764,105,10290,15,152,357,5211,93,5065,372,10276,California
Yuba,2021-03-14,107,15313,21,4785,76,10366,10,162,46,5207,60,5125,56,10332,California
Yuba,2021-03-15,194,15507,49,4834,128,10494,17,179,99,5228,95,5220,116,10448,California
Yuba,2021-03-16,290,15797,71,4905,194,10688,25,204,177,5318,112,5332,202,10650,California
Yuba,2021-03-17,737,16534,161,5066,547,11235,29,233,191,4994,544,5876,220,10870,California
Yuba,2021-03-18,564,17098,148,5214,303,11538,113,346,342,5226,222,6098,454,11324,California
Yuba,2021-03-19,325,17423,120,5334,156,11694,49,395,186,5323,138,6236,235,11559,California
Yuba,2021-03-20,552,17975,80,5414,454,12148,18,413,472,5734,79,6315,490,12049,California
Yuba,2021-03-21,59,18034,35,5449,24,12172,0,413,47,5769,12,6327,47,12096,California
Yuba,2021-03-22,190,18224,70,5519,113,12285,7,420,148,5882,42,6369,155,12251,California
Yuba,2021-03-23,264,18488,79,5598,158,12443,27,447,178,6003,84,6453,205,12456,California
Yuba,2021-03-24,762,19250,251,5849,430,12873,81,528,185,5693,575,7028,265,12721,California
Yuba,2021-03-25,496,19746,263,6112,211,13084,22,550,246,5711,250,7278,268,12989,California
Yuba,2021-03-26,387,20133,143,6255,217,13301,27,577,221,5794,165,7443,248,13237,California
Yuba,2021-03-27,461,20594,27,6282,431,13732,3,580,407,6150,53,7496,409,13646,California
Yuba,2021-03-28,98,20692,40,6322,54,13786,4,584,37,6130,61,7557,41,13687,California
Yuba,2021-03-29,293,20985,85,6407,177,13963,31,615,181,6230,112,7669,212,13899,California
Yuba,2021-03-30,272,21257,67,6474,197,14160,8,623,191,6348,81,7750,199,14098,California
Yuba,2021-03-31,671,21928,113,6587,546,14706,12,635,246,6182,424,8174,258,14356,California
Yuba,2021-04-01,615,22543,283,6870,303,15009,29,664,283,6162,332,8506,312,14668,California
Yuba,2021-04-02,487,23030,90,6960,314,15323,83,747,181,6120,305,8811,263,14931,California
Yuba,2021-04-03,653,23683,56,7016,115,15438,482,1229,87,6124,565,9376,569,15500,California
Yuba,2021-04-04,58,23741,11,7027,41,15479,6,1235,33,6138,25,9401,39,15539,California
Yuba,2021-04-05,245,23986,79,7106,147,15626,19,1254,124,6161,119,9520,142,15681,California
Yuba,2021-04-06,349,24335,114,7220,175,15801,60,1314,166,6205,182,9702,226,15907,California
Yuba,2021-04-07,770,25105,397,7617,320,16121,53,1367,347,6184,420,10122,399,16306,California
Yuba,2021-04-08,730,25835,297,7914,171,16292,262,1629,262,6241,467,10589,524,16830,California
Yuba,2021-04-09,391,26226,170,8084,157,16449,64,1693,159,6233,231,10820,223,17053,California
Yuba,2021-04-10,593,26819,72,8156,74,16523,447,2140,70,6229,521,11341,517,17570,California
Yuba,2021-04-11,98,26917,22,8178,64,16587,12,2152,39,6221,59,11400,51,17621,California
Yuba,2021-04-12,209,27126,46,8224,135,16722,28,2180,81,6203,127,11527,109,17730,California
Yuba,2021-04-13,394,27520,100,8324,294,17016,0,2180,202,6214,191,11718,202,17932,California
Yuba,2021-04-14,690,28210,107,8431,583,17599,0,2180,117,5759,572,12290,117,18049,California
Yuba,2021-04-15,294,28504,123,8554,171,17770,0,2180,124,5713,170,12460,124,18173,California
Yuba,2021-04-16,329,28833,102,8656,227,17997,0,2180,178,5740,151,12611,178,18351,California
Yuba,2021-04-17,392,29225,55,8711,337,18334,0,2180,321,5991,70,12681,321,18672,California
Yuba,2021-04-18,51,29276,9,8720,42,18376,0,2180,24,5988,27,12708,24,18696,California
Yuba,2021-04-19,244,29520,102,8822,142,18518,0,2180,103,5950,141,12849,103,18799,California
Yuba,2021-04-20,302,29822,79,8901,223,18741,0,2180,177,6003,125,12974,178,18977,California
Yuba,2021-04-21,698,30520,283,9184,415,19156,0,2180,301,5907,397,13371,301,19278,California
Yuba,2021-04-22,287,30807,104,9288,183,19339,0,2180,156,5932,131,13502,156,19434,California
Yuba,2021-04-23,300,31107,93,9381,207,19546,0,2180,151,5934,149,13651,151,19585,California
Yuba,2021-04-24,166,31273,37,9418,129,19675,0,2180,89,5946,77,13728,89,19674,California
Yuba,2021-04-25,6,31279,1,9419,5,19680,0,2180,0,5940,6,13734,0,19674,California
