county,administered_date,total_doses,cumulative_total_doses,pfizer_doses,cumulative_pfizer_doses,moderna_doses,cumulative_moderna_doses,jj_doses,cumulative_jj_doses,partially_vaccinated,total_partially_vaccinated,fully_vaccinated,cumulative_fully_vaccinated,at_least_one_dose,cumulative_at_least_one_dose,california_flag
All CA Counties,2020-12-15,1127,1127,1127,1127,0,0,0,0,1127,1127,0,0,1127,1127,
All CA Counties,2020-12-16,8231,9358,8231,9358,0,0,0,0,8231,9358,0,0,8231,9358,
All CA Counties,2020-12-17,25842,35200,25842,35200,0,0,0,0,25878,35236,0,0,25878,35236,
All CA Counties,2020-12-18,43934,79134,43856,79056,78,78,0,0,43984,79219,1,1,43984,79220,
All CA Counties,2020-12-19,25374,104508,25354,104410,20,98,0,0,25372,104589,2,3,25372,104592,
All CA Counties,2020-12-20,18940,123448,18913,123323,27,125,0,0,18939,123527,1,4,18939,123531,
All CA Counties,2020-12-21,49520,172968,49437,172760,83,208,0,0,49559,173084,2,6,49559,173090,
All CA Counties,2020-12-22,49887,222855,47747,220507,2140,2348,0,0,49887,222971,0,6,49887,222977,
All CA Counties,2020-12-23,50122,272977,41438,261945,8684,11032,0,0,50118,273089,0,6,50118,273095,
All CA Counties,2020-12-24,23947,296924,16275,278220,7672,18704,0,0,23943,297030,2,8,23943,297038,
All CA Counties,2020-12-25,2303,299227,1984,280204,319,19023,0,0,2302,299331,1,9,2302,299340,
All CA Counties,2020-12-26,14563,313790,9396,289600,5167,24190,0,0,14561,313891,1,10,14561,313901,
All CA Counties,2020-12-27,9323,323113,5538,295138,3785,27975,0,0,9322,323212,1,11,9322,323223,
All CA Counties,2020-12-28,45483,368596,29148,324286,16335,44310,0,0,45480,368690,2,13,45480,368703,
All CA Counties,2020-12-29,50849,419445,28450,352736,22399,66709,0,0,50845,419532,3,16,50845,419548,
All CA Counties,2020-12-30,62672,482117,35498,388234,27174,93883,0,0,62665,482195,2,18,62665,482213,
All CA Counties,2020-12-31,29057,511174,10714,398948,18343,112226,0,0,29051,511242,4,22,29051,511264,
All CA Counties,2021-01-01,3641,514815,1596,400544,2045,114271,0,0,3638,514879,1,23,3638,514902,
All CA Counties,2021-01-02,18315,533130,10152,410696,8163,122434,0,0,18314,533193,0,23,18314,533216,
All CA Counties,2021-01-03,6069,539199,3437,414133,2632,125066,0,0,6043,539224,12,35,6043,539259,
All CA Counties,2021-01-04,43146,582345,21818,435951,21328,146394,0,0,43064,582240,48,83,43064,582323,
All CA Counties,2021-01-05,55994,638339,29538,465489,26456,172850,0,0,50567,627478,5360,5443,50598,632921,
All CA Counties,2021-01-06,72671,711010,40285,505774,32386,205236,0,0,57371,669765,15114,20557,57401,690322,
All CA Counties,2021-01-07,91157,802167,51798,557572,39359,244595,0,0,60821,700472,30183,50740,60890,751212,
All CA Counties,2021-01-08,105971,908138,64018,621590,41953,286548,0,0,64889,724481,40952,91692,64961,816173,
All CA Counties,2021-01-09,43506,951644,25038,646628,18468,305016,0,0,27445,735915,16040,107732,27474,843647,
All CA Counties,2021-01-10,23993,975637,14647,661275,9346,314362,0,0,12906,737768,11071,118803,12924,856571,
All CA Counties,2021-01-11,102991,1078628,68329,729604,34662,349024,0,0,60001,754887,42955,161758,60074,916645,
All CA Counties,2021-01-12,111965,1190593,66147,795751,45818,394842,0,0,71201,785551,40694,202452,71358,988003,
All CA Counties,2021-01-13,118106,1308699,61197,856948,56909,451751,0,0,84600,836823,33418,235870,84690,1072693,
All CA Counties,2021-01-14,122355,1431054,49056,906004,73299,525050,0,0,103011,920726,19235,255105,103138,1175831,
All CA Counties,2021-01-15,141187,1572241,52371,958375,88816,613866,0,0,125938,1031690,15143,270248,126107,1301938,
All CA Counties,2021-01-16,80666,1652907,27560,985935,53106,666972,0,0,73002,1097091,7642,277890,73043,1374981,
All CA Counties,2021-01-17,48039,1700946,16704,1002639,31335,698307,0,0,44439,1137969,3594,281484,44472,1419453,
All CA Counties,2021-01-18,87689,1788635,45658,1048297,42031,740338,0,0,68447,1187377,19168,300652,68576,1488029,
All CA Counties,2021-01-19,140435,1929070,73044,1121341,67391,807729,0,0,109536,1266441,30812,331464,109876,1597905,
All CA Counties,2021-01-20,157417,2086487,79797,1201138,77620,885349,0,0,124523,1358455,32729,364193,124743,1722648,
All CA Counties,2021-01-21,171343,2257830,75950,1277088,95393,980742,0,0,152567,1492735,18577,382770,152857,1875505,
All CA Counties,2021-01-22,168220,2426050,68759,1345847,99461,1080203,0,0,153926,1632612,14173,396943,154050,2029555,
All CA Counties,2021-01-23,110672,2536722,49237,1395084,61435,1141638,0,0,98273,1718621,12344,409287,98353,2127908,
All CA Counties,2021-01-24,60694,2597416,29284,1424368,31410,1173048,0,0,56039,1770068,4628,413915,56075,2183983,
All CA Counties,2021-01-25,142952,2740368,64447,1488815,78505,1251553,0,0,108590,1844843,34257,448172,109032,2293015,
All CA Counties,2021-01-26,166222,2906590,81609,1570424,84613,1336166,0,0,129295,1937625,36783,484955,129565,2422580,
All CA Counties,2021-01-27,177473,3084063,86674,1657098,90799,1426965,0,0,138977,2038627,38112,523067,139114,2561694,
All CA Counties,2021-01-28,185389,3269452,85046,1742144,100343,1527308,0,0,151840,2157386,33246,556313,152005,2713699,
All CA Counties,2021-01-29,181383,3450835,87051,1829195,94332,1621640,0,0,147409,2271519,33415,589728,147548,2861247,
All CA Counties,2021-01-30,121622,3572457,53983,1883178,67639,1689279,0,0,107480,2365138,13996,603724,107615,2968862,
All CA Counties,2021-01-31,69672,3642129,39443,1922621,30229,1719508,0,0,63674,2422932,5927,609651,63721,3032583,
All CA Counties,2021-02-01,156797,3798926,71874,1994495,84923,1804431,0,0,118924,2504345,37734,647385,119147,3151730,
All CA Counties,2021-02-02,183264,3982190,78361,2072856,104903,1909334,0,0,137839,2597287,45164,692549,138106,3289836,
All CA Counties,2021-02-03,208214,4190404,93714,2166570,114500,2023834,0,0,154969,2699687,52791,745340,155191,3445027,
All CA Counties,2021-02-04,225699,4416103,98844,2265414,126855,2150689,0,0,165625,2806072,59548,804888,165933,3610960,
All CA Counties,2021-02-05,244097,4660200,105726,2371140,138371,2289060,0,0,166226,2895728,77120,882008,166776,3777736,
All CA Counties,2021-02-06,153776,4813976,74209,2445349,79567,2368627,0,0,119384,2981339,34230,916238,119841,3897577,
All CA Counties,2021-02-07,65550,4879526,42204,2487553,23346,2391973,0,0,49264,3014858,16206,932444,49725,3947302,
All CA Counties,2021-02-08,178678,5058204,87537,2575090,91141,2483114,0,0,118008,3073308,60263,992707,118713,4066015,
All CA Counties,2021-02-09,208430,5266634,100821,2675911,107609,2590723,0,0,125015,3116349,83090,1075797,126131,4192146,
All CA Counties,2021-02-10,245649,5512283,118816,2794727,126833,2717556,0,0,137004,3146867,107893,1183690,138411,4330557,
All CA Counties,2021-02-11,259835,5772118,128775,2923502,131060,2848616,0,0,142398,3174604,116449,1300139,144186,4474743,
All CA Counties,2021-02-12,269299,6041417,117889,3041391,151410,3000026,0,0,145633,3199571,122981,1423120,147948,4622691,
All CA Counties,2021-02-13,164879,6206296,75860,3117251,89019,3089045,0,0,90953,3218945,73540,1496660,92914,4715605,
All CA Counties,2021-02-14,94087,6300383,46645,3163896,47442,3136487,0,0,50889,3228365,43069,1539729,52489,4768094,
All CA Counties,2021-02-15,139969,6440352,61569,3225465,78400,3214887,0,0,77511,3246850,62146,1601875,80631,4848725,
All CA Counties,2021-02-16,245151,6685503,116581,3342046,128570,3343457,0,0,131631,3268523,113202,1715077,134875,4983600,
All CA Counties,2021-02-17,254236,6939739,126530,3468576,127706,3471163,0,0,127303,3272635,126487,1841564,130599,5114199,
All CA Counties,2021-02-18,267502,7207241,139387,3607963,128115,3599278,0,0,130045,3270156,136820,1978384,134341,5248540,
All CA Counties,2021-02-19,248577,7455818,144385,3752348,104192,3703470,0,0,129419,3283168,118752,2097136,131764,5380304,
All CA Counties,2021-02-20,149267,7605085,95916,3848264,53351,3756821,0,0,82555,3301257,66510,2163646,84599,5464903,
All CA Counties,2021-02-21,68268,7673353,54665,3902929,13603,3770424,0,0,34241,3303016,33868,2197514,35627,5500530,
All CA Counties,2021-02-22,160885,7834238,107904,4010833,52981,3823405,0,0,81992,3308150,78624,2276138,83758,5584288,
All CA Counties,2021-02-23,218852,8053090,115613,4126446,103239,3926644,0,0,102831,3301510,115551,2391689,108911,5693199,
All CA Counties,2021-02-24,278584,8331674,140708,4267154,137876,4064520,0,0,134534,3300278,143544,2535233,142312,5835511,
All CA Counties,2021-02-25,312105,8643779,153455,4420609,158650,4223170,0,0,164071,3325736,147440,2682673,172898,6008409,
All CA Counties,2021-02-26,345724,8989503,161773,4582382,183951,4407121,0,0,193435,3375207,151511,2834184,200982,6209391,
All CA Counties,2021-02-27,243775,9233278,116028,4698410,127740,4534861,7,7,137990,3412574,105292,2939476,142659,6352050,
All CA Counties,2021-02-28,127889,9361167,76188,4774598,51700,4586561,1,8,75839,3439606,51775,2991251,78807,6430857,
All CA Counties,2021-03-01,232389,9593556,123028,4897626,109344,4695905,17,25,134749,3481404,97122,3088373,138920,6569777,
All CA Counties,2021-03-02,261757,9855313,127929,5025555,133818,4829723,10,35,158646,3544545,102688,3191061,165829,6735606,
All CA Counties,2021-03-03,306905,10162218,152035,5177590,154847,4984570,23,58,173416,3592518,132898,3323959,180871,6916477,
All CA Counties,2021-03-04,311970,10474188,157884,5335474,154015,5138585,71,129,183404,3655082,127986,3451945,190550,7107027,
All CA Counties,2021-03-05,293244,10767432,144775,5480249,147421,5286006,1048,1177,182494,3735914,110083,3562028,190915,7297942,
All CA Counties,2021-03-06,226230,10993662,117421,5597670,101414,5387420,7395,8572,141929,3806148,83978,3646006,154212,7452154,
All CA Counties,2021-03-07,119503,11113165,73521,5671191,42084,5429504,3898,12470,76080,3846668,43290,3689296,83810,7535964,
All CA Counties,2021-03-08,202583,11315748,98486,5769677,94790,5524294,9307,21777,132080,3922852,70241,3759537,146425,7682389,
All CA Counties,2021-03-09,251592,11567340,108504,5878181,127898,5652192,15190,36967,137732,3966523,113509,3873046,157180,7839569,
All CA Counties,2021-03-10,292450,11859790,145115,6023296,125938,5778130,21397,58364,157642,4015646,134317,4007363,183440,8023009,
All CA Counties,2021-03-11,343694,12203484,164150,6187446,150739,5928869,28805,87169,176723,4059516,166277,4173640,210147,8233156,
All CA Counties,2021-03-12,340505,12543989,152496,6339942,148198,6077067,39811,126980,165287,4094350,174656,4348296,209490,8442646,
All CA Counties,2021-03-13,238640,12782629,108655,6448597,102319,6179386,27666,154646,127629,4143579,110693,4458989,159922,8602568,
All CA Counties,2021-03-14,132967,12915596,74879,6523476,43807,6223193,14281,168927,72748,4172936,60028,4519017,89385,8691953,
All CA Counties,2021-03-15,281384,13196980,133998,6657474,127462,6350655,19924,188851,154902,4225468,125925,4644942,178457,8870410,
All CA Counties,2021-03-16,356655,13553635,169474,6826948,170470,6521125,16711,205562,210176,4309863,145850,4790792,230245,9100655,
All CA Counties,2021-03-17,359223,13912858,181114,7008062,161126,6682251,16983,222545,222170,4415405,136442,4927234,241984,9342639,
All CA Counties,2021-03-18,330359,14243217,170708,7178770,144160,6826411,15491,238036,196781,4497170,132792,5060026,214557,9557196,
All CA Counties,2021-03-19,340374,14583591,180741,7359511,142097,6968508,17536,255572,199919,4576871,139764,5199790,219465,9776661,
All CA Counties,2021-03-20,220886,14804477,110726,7470237,98444,7066952,11716,267288,146336,4662273,74110,5273900,159512,9936173,
All CA Counties,2021-03-21,137839,14942316,94441,7564678,36132,7103084,7266,274554,90247,4713932,47377,5321277,99036,10035209,
All CA Counties,2021-03-22,264441,15206757,154331,7719009,99476,7202560,10634,285188,176903,4817853,86982,5408259,190903,10226112,
All CA Counties,2021-03-23,344177,15550934,189887,7908896,144263,7346823,10027,295215,225776,4939132,117655,5525914,238934,10465046,
All CA Counties,2021-03-24,372625,15923559,214349,8123245,146789,7493612,11487,306702,224296,5031676,147445,5673359,239989,10705035,
All CA Counties,2021-03-25,396621,16320180,218036,8341281,165682,7659294,12903,319605,231787,5119518,163820,5837179,251662,10956697,
All CA Counties,2021-03-26,415510,16735690,221087,8562368,179219,7838513,15204,334809,232339,5194875,182234,6019413,257591,11214288,
All CA Counties,2021-03-27,295221,17030911,155144,8717512,129137,7967650,10940,345749,151474,5221297,143126,6162539,169548,11383836,
All CA Counties,2021-03-28,162642,17193553,103656,8821168,55473,8023123,3513,349262,89109,5243178,73287,6235826,95168,11479004,
All CA Counties,2021-03-29,295620,17489173,158754,8979922,128827,8151950,8039,357301,171744,5303773,123298,6359124,183893,11662897,
All CA Counties,2021-03-30,374755,17863928,191501,9171423,168401,8320351,14853,372154,235346,5419086,138873,6497997,254186,11917083,
All CA Counties,2021-03-31,397374,18261302,217121,9388544,160690,8481041,19563,391717,235489,5518921,161153,6659150,260988,12178071,
All CA Counties,2021-04-01,441649,18702951,228541,9617085,179409,8660450,33699,425416,254017,5630329,186897,6846047,298305,12476376,
All CA Counties,2021-04-02,412804,19115755,203625,9820710,173546,8833996,35633,461049,234806,5736501,177157,7023204,283329,12759705,
All CA Counties,2021-04-03,283255,19399010,143146,9963856,107862,8941858,32247,493296,148645,5792287,134179,7157383,189965,12949670,
All CA Counties,2021-04-04,70233,19469243,39806,10003662,16294,8958152,14133,507429,21868,5781087,48283,7205666,37083,12986753,
All CA and Non-CA Counties,2020-12-15,1134,1134,1134,1134,0,0,0,0,1134,1134,0,0,1134,1134,
All CA and Non-CA Counties,2020-12-16,8364,9498,8364,9498,0,0,0,0,8364,9498,0,0,8364,9498,
All CA and Non-CA Counties,2020-12-17,27411,36909,27411,36909,0,0,0,0,27411,36909,0,0,27411,36909,
All CA and Non-CA Counties,2020-12-18,46384,83293,46302,83211,82,82,0,0,46383,83291,1,1,46383,83292,
All CA and Non-CA Counties,2020-12-19,26380,109673,26359,109570,21,103,0,0,26378,109667,2,3,26378,109670,
All CA and Non-CA Counties,2020-12-20,19590,129263,19562,129132,28,131,0,0,19589,129255,1,4,19589,129259,
All CA and Non-CA Counties,2020-12-21,51657,180920,51574,180706,83,214,0,0,51654,180907,2,6,51654,180913,
All CA and Non-CA Counties,2020-12-22,51845,232765,49672,230378,2173,2387,0,0,51845,232752,0,6,51845,232758,
All CA and Non-CA Counties,2020-12-23,51548,284313,42751,273129,8797,11184,0,0,51544,284296,0,6,51544,284302,
All CA and Non-CA Counties,2020-12-24,24756,309069,16890,290019,7866,19050,0,0,24752,309046,2,8,24752,309054,
All CA and Non-CA Counties,2020-12-25,2336,311405,2013,292032,323,19373,0,0,2335,311380,1,9,2335,311389,
All CA and Non-CA Counties,2020-12-26,14873,326278,9601,301633,5272,24645,0,0,14871,326250,1,10,14871,326260,
All CA and Non-CA Counties,2020-12-27,9513,335791,5610,307243,3903,28548,0,0,9512,335761,1,11,9512,335772,
All CA and Non-CA Counties,2020-12-28,46886,382677,30034,337277,16852,45400,0,0,46883,382642,2,13,46883,382655,
All CA and Non-CA Counties,2020-12-29,52314,434991,29391,366668,22923,68323,0,0,52310,434949,3,16,52310,434965,
All CA and Non-CA Counties,2020-12-30,64585,499576,36750,403418,27835,96158,0,0,64579,499526,2,18,64579,499544,
All CA and Non-CA Counties,2020-12-31,30128,529704,11304,414722,18824,114982,0,0,30121,529643,4,22,30121,529665,
All CA and Non-CA Counties,2021-01-01,3747,533451,1617,416339,2130,117112,0,0,3744,533386,1,23,3744,533409,
All CA and Non-CA Counties,2021-01-02,18558,552009,10288,426627,8270,125382,0,0,18556,551941,1,24,18556,551965,
All CA and Non-CA Counties,2021-01-03,6247,558256,3534,430161,2713,128095,0,0,6221,558150,12,36,6221,558186,
All CA and Non-CA Counties,2021-01-04,44277,602533,22324,452485,21953,150048,0,0,44189,602290,49,85,44189,602375,
All CA and Non-CA Counties,2021-01-05,57448,659981,30299,482784,27149,177197,0,0,51884,648709,5496,5581,51915,654290,
All CA and Non-CA Counties,2021-01-06,75250,735231,41822,524606,33428,210625,0,0,59274,692217,15797,21378,59305,713595,
All CA and Non-CA Counties,2021-01-07,95329,830560,54387,578993,40942,251567,0,0,63354,723829,31821,53199,63433,777028,
All CA and Non-CA Counties,2021-01-08,110260,940820,66728,645721,43532,295099,0,0,67432,748652,42689,95888,67512,844540,
All CA and Non-CA Counties,2021-01-09,44851,985671,25582,671303,19269,314368,0,0,28461,760776,16368,112256,28492,873032,
All CA and Non-CA Counties,2021-01-10,24288,1009959,14826,686129,9462,323830,0,0,13080,762682,11192,123448,13098,886130,
All CA and Non-CA Counties,2021-01-11,106276,1116235,70303,756432,35973,359803,0,0,61969,780452,44273,167721,62043,948173,
All CA and Non-CA Counties,2021-01-12,115790,1232025,68423,824855,47367,407170,0,0,73536,811969,42179,209900,73696,1021869,
All CA and Non-CA Counties,2021-01-13,121685,1353710,62959,887814,58726,465896,0,0,87056,864573,34547,244447,87151,1109020,
All CA and Non-CA Counties,2021-01-14,126080,1479790,50300,938114,75780,541676,0,0,106123,950982,19846,264293,106255,1215275,
All CA and Non-CA Counties,2021-01-15,145287,1625077,53309,991423,91978,633654,0,0,129594,1065166,15585,279878,129769,1345044,
All CA and Non-CA Counties,2021-01-16,83244,1708321,27911,1019334,55333,688987,0,0,75418,1132824,7801,287679,75459,1420503,
All CA and Non-CA Counties,2021-01-17,48496,1756817,16850,1036184,31646,720633,0,0,44840,1174048,3649,291328,44873,1465376,
All CA and Non-CA Counties,2021-01-18,88864,1845681,46466,1082650,42398,763031,0,0,69148,1223685,19641,310969,69278,1534654,
All CA and Non-CA Counties,2021-01-19,144454,1990135,74357,1157007,70097,833128,0,0,112709,1305078,31657,342626,113050,1647704,
All CA and Non-CA Counties,2021-01-20,161838,2151973,81209,1238216,80629,913757,0,0,128025,1399680,33645,376271,128247,1775951,
All CA and Non-CA Counties,2021-01-21,175409,2327382,76986,1315202,98423,1012180,0,0,156116,1537008,19081,395352,156409,1932360,
All CA and Non-CA Counties,2021-01-22,172822,2500204,69803,1385005,103019,1115199,0,0,158123,1680685,14572,409924,158249,2090609,
All CA and Non-CA Counties,2021-01-23,112930,2613134,49569,1434574,63361,1178560,0,0,100362,1768615,12512,422436,100442,2191051,
All CA and Non-CA Counties,2021-01-24,61407,2674541,29625,1464199,31782,1210342,0,0,56670,1820610,4711,427147,56706,2247757,
All CA and Non-CA Counties,2021-01-25,147410,2821951,66404,1530603,81006,1291348,0,0,112214,1898169,35104,462251,112663,2360420,
All CA and Non-CA Counties,2021-01-26,172470,2994421,84867,1615470,87603,1378951,0,0,134745,1995593,37603,499854,135027,2495447,
All CA and Non-CA Counties,2021-01-27,182491,3176912,89664,1705134,92827,1471778,0,0,143451,2100506,38677,538531,143590,2639037,
All CA and Non-CA Counties,2021-01-28,190667,3367579,88178,1793312,102489,1574267,0,0,156633,2223551,33753,572284,156798,2795835,
All CA and Non-CA Counties,2021-01-29,186150,3553729,90156,1883468,95994,1670261,0,0,151475,2341039,34126,606410,151614,2947449,
All CA and Non-CA Counties,2021-01-30,125815,3679544,56496,1939964,69319,1739580,0,0,111461,2438422,14213,620623,111596,3059045,
All CA and Non-CA Counties,2021-01-31,73136,3752680,42619,1982583,30517,1770097,0,0,67059,2499525,6006,626629,67109,3126154,
All CA and Non-CA Counties,2021-02-01,162643,3915323,74831,2057414,87812,1857909,0,0,124114,2585474,38390,665019,124339,3250493,
All CA and Non-CA Counties,2021-02-02,190617,4105940,81161,2138575,109456,1967365,0,0,144483,2684366,45862,710881,144754,3395247,
All CA and Non-CA Counties,2021-02-03,216156,4322096,96555,2235130,119601,2086966,0,0,162096,2793091,53595,764476,162320,3557567,
All CA and Non-CA Counties,2021-02-04,232934,4555030,101630,2336760,131304,2218270,0,0,171922,2904849,60475,824951,172233,3729800,
All CA and Non-CA Counties,2021-02-05,250693,4805723,107896,2444656,142797,2361067,0,0,171833,2999115,78117,903068,172383,3902183,
All CA and Non-CA Counties,2021-02-06,158277,4964000,76558,2521214,81719,2442786,0,0,123455,3088375,34654,937722,123914,4026097,
All CA and Non-CA Counties,2021-02-07,68423,5032423,44624,2565838,23799,2466585,0,0,52057,3124610,16286,954008,52521,4078618,
All CA and Non-CA Counties,2021-02-08,184540,5216963,91355,2657193,93185,2559770,0,0,122758,3186716,61360,1015368,123466,4202084,
All CA and Non-CA Counties,2021-02-09,213213,5430176,103129,2760322,110084,2669854,0,0,128479,3231931,84394,1099762,129609,4331693,
All CA and Non-CA Counties,2021-02-10,251585,5681761,121034,2881356,130551,2800405,0,0,140573,3263708,110252,1210014,142029,4473722,
All CA and Non-CA Counties,2021-02-11,264722,5946483,130944,3012300,133778,2934183,0,0,146083,3293954,117644,1327658,147890,4621612,
All CA and Non-CA Counties,2021-02-12,273951,6220434,119532,3131832,154419,3088602,0,0,148625,3320265,124637,1452295,150948,4772560,
All CA and Non-CA Counties,2021-02-13,167171,6387605,76492,3208324,90679,3179281,0,0,92788,3341033,73992,1526287,94760,4867320,
All CA and Non-CA Counties,2021-02-14,95555,6483160,47110,3255434,48445,3227726,0,0,52076,3351400,43345,1569632,53712,4921032,
All CA and Non-CA Counties,2021-02-15,142525,6625685,63163,3318597,79362,3307088,0,0,78700,3369762,63496,1633128,81858,5002890,
All CA and Non-CA Counties,2021-02-16,251579,6877264,119547,3438144,132032,3439120,0,0,134188,3390142,117067,1750195,137447,5140337,
All CA and Non-CA Counties,2021-02-17,260030,7137294,129400,3567544,130630,3569750,0,0,129060,3391988,130516,1880711,132362,5272699,
All CA and Non-CA Counties,2021-02-18,273722,7411016,143065,3710609,130657,3700407,0,0,131930,3387080,141141,2021852,136233,5408932,
All CA and Non-CA Counties,2021-02-19,253956,7664972,148135,3858744,105821,3806228,0,0,131428,3398735,122122,2143974,133777,5542709,
All CA and Non-CA Counties,2021-02-20,152488,7817460,98611,3957355,53877,3860105,0,0,83721,3415941,68561,2212535,85767,5628476,
All CA and Non-CA Counties,2021-02-21,70082,7887542,56269,4013624,13813,3873918,0,0,34858,3417120,35065,2247600,36244,5664720,
All CA and Non-CA Counties,2021-02-22,163630,8051172,109830,4123454,53800,3927718,0,0,82982,3421495,80380,2327980,84755,5749475,
All CA and Non-CA Counties,2021-02-23,223986,8275158,118186,4241640,105800,4033518,0,0,104425,3412922,119088,2447068,110515,5859990,
All CA and Non-CA Counties,2021-02-24,283965,8559123,143396,4385036,140569,4174087,0,0,136131,3409512,147325,2594393,143915,6003905,
All CA and Non-CA Counties,2021-02-25,318012,8877135,156065,4541101,161947,4336034,0,0,166248,3433446,151150,2745543,175084,6178989,
All CA and Non-CA Counties,2021-02-26,351857,9228992,164865,4705966,186992,4523026,0,0,196021,3482039,154980,2900523,203573,6382562,
All CA and Non-CA Counties,2021-02-27,248392,9477384,118344,4824310,130040,4653066,8,8,139296,3517417,108591,3009114,143969,6526531,
All CA and Non-CA Counties,2021-02-28,130623,9608007,78271,4902581,52351,4705417,1,9,76937,3543918,53407,3062521,79908,6606439,
All CA and Non-CA Counties,2021-03-01,237042,9845049,126113,5028694,110912,4816329,17,26,136016,3583619,100498,3163019,140199,6746638,
All CA and Non-CA Counties,2021-03-02,267906,10112955,129998,5158692,137898,4954227,10,36,160460,3644326,107027,3270046,167734,6914372,
All CA and Non-CA Counties,2021-03-03,313832,10426787,154369,5313061,159439,5113666,24,60,175300,3689133,137958,3408004,182765,7097137,
All CA and Non-CA Counties,2021-03-04,318252,10745039,160380,5473441,157800,5271466,72,132,185475,3749590,132185,3540189,192642,7289779,
All CA and Non-CA Counties,2021-03-05,297752,11042791,146719,5620160,149969,5421435,1064,1196,184842,3830619,112264,3652453,193293,7483072,
All CA and Non-CA Counties,2021-03-06,230545,11273336,119244,5739404,103734,5525169,7567,8763,144092,3901121,86125,3738578,156627,7639699,
All CA and Non-CA Counties,2021-03-07,121181,11394517,74582,5813986,42635,5567804,3964,12727,77118,3942130,43930,3782508,84939,7724638,
All CA and Non-CA Counties,2021-03-08,205530,11600047,100220,5914206,95743,5663547,9567,22294,134225,4019948,71013,3853521,148831,7873469,
All CA and Non-CA Counties,2021-03-09,255478,11855525,110194,6024400,129754,5793301,15530,37824,139916,4064467,115207,3968728,159726,8033195,
All CA and Non-CA Counties,2021-03-10,296397,12151922,146824,6171224,127644,5920945,21929,59753,159932,4114821,135963,4104691,186317,8219512,
All CA and Non-CA Counties,2021-03-11,349457,12501379,166892,6338116,152997,6073942,29568,89321,179718,4159719,169049,4273740,213947,8433459,
All CA and Non-CA Counties,2021-03-12,345796,12847175,155299,6493415,149885,6223827,40612,129933,168174,4195940,177057,4450797,213278,8646737,
All CA and Non-CA Counties,2021-03-13,241843,13089018,110418,6603833,103171,6326998,28254,158187,129704,4246711,111818,4562615,162589,8809326,
All CA and Non-CA Counties,2021-03-14,134850,13223868,75903,6679736,44294,6371292,14653,172840,73934,4276939,60725,4623340,90953,8900279,
All CA and Non-CA Counties,2021-03-15,285327,13509195,135784,6815520,129185,6500477,20358,193198,157392,4331003,127371,4750711,181435,9081714,
All CA and Non-CA Counties,2021-03-16,363503,13872698,172861,6988381,173525,6674002,17117,210315,214310,4417270,148561,4899272,234828,9316542,
All CA and Non-CA Counties,2021-03-17,366317,14239015,184942,7173323,163964,6837966,17411,227726,226602,4525032,139100,5038372,246862,9563404,
All CA and Non-CA Counties,2021-03-18,336989,14576004,174267,7347590,146697,6984663,16025,243751,200991,4609184,135202,5173574,219354,9782758,
All CA and Non-CA Counties,2021-03-19,346455,14922459,184123,7531713,144255,7128918,18077,261828,203818,4691233,141941,5315515,223990,10006748,
All CA and Non-CA Counties,2021-03-20,224388,15146847,112962,7644675,99607,7228525,11819,273647,149236,4779048,74703,5390218,162518,10169266,
All CA and Non-CA Counties,2021-03-21,139844,15286691,95800,7740475,36667,7265192,7377,281024,91814,4831951,47814,5438032,100717,10269983,
All CA and Non-CA Counties,2021-03-22,267809,15554500,156220,7896695,100837,7366029,10752,291776,179214,4937254,88034,5526066,193337,10463320,
All CA and Non-CA Counties,2021-03-23,350562,15905062,193076,8089771,147194,7513223,10292,302068,230373,5061624,119431,5645497,243801,10707121,
All CA and Non-CA Counties,2021-03-24,379938,16285000,217893,8307664,150115,7663338,11930,313998,229941,5158607,149100,5794597,246083,10953204,
All CA and Non-CA Counties,2021-03-25,404870,16689870,221615,8529279,169802,7833140,13453,327451,238087,5251382,165755,5960352,258530,11211734,
All CA and Non-CA Counties,2021-03-26,422437,17112307,224700,8753979,182323,8015463,15414,342865,237285,5329965,184195,6144547,262778,11474512,
All CA and Non-CA Counties,2021-03-27,300078,17412385,157945,8911924,131123,8146586,11010,353875,154868,5358427,144581,6289128,173043,11647555,
All CA and Non-CA Counties,2021-03-28,165569,17577954,105189,9017113,56791,8203377,3589,357464,91065,5381388,74250,6363378,97211,11744766,
All CA and Non-CA Counties,2021-03-29,300683,17878637,161059,9178172,131300,8334677,8324,365788,175025,5443799,125076,6488454,187487,11932253,
All CA and Non-CA Counties,2021-03-30,381748,18260385,195025,9373197,171239,8505916,15484,381272,239858,5561997,141336,6629790,259534,12191787,
All CA and Non-CA Counties,2021-03-31,403832,18664217,220799,9593996,162652,8668568,20381,401653,239420,5664146,163672,6793462,265821,12457608,
All CA and Non-CA Counties,2021-04-01,448832,19113049,232687,9826683,181841,8850409,34304,435957,258388,5777977,189699,6983161,303530,12761138,
All CA and Non-CA Counties,2021-04-02,421178,19534227,208276,10034959,176355,9026764,36547,472504,239594,5886620,180732,7163893,289375,13050513,
All CA and Non-CA Counties,2021-04-03,289626,19823853,146781,10181740,109398,9136162,33447,505951,152047,5944347,137139,7301032,194866,13245379,
All CA and Non-CA Counties,2021-04-04,71032,19894885,40278,10222018,16393,9152555,14361,520312,22083,5933016,48867,7349899,37536,13282915,
Outside California,2020-12-15,7,7,7,7,0,0,0,0,7,7,0,0,7,7,Not in California
Outside California,2020-12-16,133,140,133,140,0,0,0,0,133,140,0,0,133,140,Not in California
Outside California,2020-12-17,1532,1672,1532,1672,0,0,0,0,1532,1672,0,0,1532,1672,Not in California
Outside California,2020-12-18,2398,4070,2394,4066,4,4,0,0,2397,4069,0,0,2397,4069,Not in California
Outside California,2020-12-19,1006,5076,1005,5071,1,5,0,0,1006,5075,0,0,1006,5075,Not in California
Outside California,2020-12-20,650,5726,649,5720,1,6,0,0,650,5725,0,0,650,5725,Not in California
Outside California,2020-12-21,2096,7822,2096,7816,0,6,0,0,2095,7820,0,0,2095,7820,Not in California
Outside California,2020-12-22,1958,9780,1925,9741,33,39,0,0,1958,9778,0,0,1958,9778,Not in California
Outside California,2020-12-23,1426,11206,1313,11054,113,152,0,0,1426,11204,0,0,1426,11204,Not in California
Outside California,2020-12-24,809,12015,615,11669,194,346,0,0,809,12013,0,0,809,12013,Not in California
Outside California,2020-12-25,33,12048,29,11698,4,350,0,0,33,12046,0,0,33,12046,Not in California
Outside California,2020-12-26,309,12357,204,11902,105,455,0,0,309,12355,0,0,309,12355,Not in California
Outside California,2020-12-27,190,12547,72,11974,118,573,0,0,190,12545,0,0,190,12545,Not in California
Outside California,2020-12-28,1400,13947,883,12857,517,1090,0,0,1400,13945,0,0,1400,13945,Not in California
Outside California,2020-12-29,1462,15409,938,13795,524,1614,0,0,1462,15407,0,0,1462,15407,Not in California
Outside California,2020-12-30,1858,17267,1197,14992,661,2275,0,0,1859,17266,0,0,1859,17266,Not in California
Outside California,2020-12-31,1069,18336,590,15582,479,2754,0,0,1070,18336,0,0,1070,18336,Not in California
Outside California,2021-01-01,106,18442,21,15603,85,2839,0,0,106,18442,0,0,106,18442,Not in California
Outside California,2021-01-02,241,18683,136,15739,105,2944,0,0,240,18681,1,1,240,18682,Not in California
Outside California,2021-01-03,177,18860,97,15836,80,3024,0,0,177,18858,0,1,177,18859,Not in California
Outside California,2021-01-04,1128,19988,504,16340,624,3648,0,0,1122,19979,1,2,1122,19981,Not in California
Outside California,2021-01-05,1450,21438,761,17101,689,4337,0,0,1312,21155,136,138,1312,21293,Not in California
Outside California,2021-01-06,2572,24010,1534,18635,1038,5375,0,0,1896,22369,683,821,1897,23190,Not in California
Outside California,2021-01-07,4102,28112,2521,21156,1581,6956,0,0,2463,23204,1638,2459,2473,25663,Not in California
Outside California,2021-01-08,4289,32401,2710,23866,1579,8535,0,0,2542,24017,1737,4196,2550,28213,Not in California
Outside California,2021-01-09,1341,33742,542,24408,799,9334,0,0,1011,24702,328,4524,1013,29226,Not in California
Outside California,2021-01-10,294,34036,179,24587,115,9449,0,0,173,24754,121,4645,173,29399,Not in California
Outside California,2021-01-11,3266,37302,1955,26542,1311,10760,0,0,1949,25386,1318,5963,1950,31349,Not in California
Outside California,2021-01-12,3816,41118,2268,28810,1548,12308,0,0,2327,26231,1484,7447,2329,33678,Not in California
Outside California,2021-01-13,3568,44686,1751,30561,1817,14125,0,0,2444,27551,1129,8576,2449,36127,Not in California
Outside California,2021-01-14,3723,48409,1242,31803,2481,16606,0,0,3110,30055,611,9187,3115,39242,Not in California
Outside California,2021-01-15,4096,52505,935,32738,3161,19767,0,0,3651,33270,442,9629,3657,42899,Not in California
Outside California,2021-01-16,2570,55075,343,33081,2227,21994,0,0,2409,35521,158,9787,2409,45308,Not in California
Outside California,2021-01-17,454,55529,143,33224,311,22305,0,0,398,35864,55,9842,398,45706,Not in California
Outside California,2021-01-18,1117,56646,750,33974,367,22672,0,0,645,36039,471,10313,646,46352,Not in California
Outside California,2021-01-19,3994,60640,1288,35262,2706,25378,0,0,3150,38346,844,11157,3151,49503,Not in California
Outside California,2021-01-20,4341,64981,1332,36594,3009,28387,0,0,3474,40958,864,12021,3476,52979,Not in California
Outside California,2021-01-21,4005,68986,978,37572,3027,31414,0,0,3486,43943,504,12525,3489,56468,Not in California
Outside California,2021-01-22,4559,73545,1007,38579,3552,34966,0,0,4155,47701,399,12924,4157,60625,Not in California
Outside California,2021-01-23,2245,75790,325,38904,1920,36886,0,0,2076,49609,168,13092,2076,62701,Not in California
Outside California,2021-01-24,711,76501,339,39243,372,37258,0,0,628,50154,83,13175,628,63329,Not in California
Outside California,2021-01-25,4438,80939,1939,41182,2499,39757,0,0,3606,52922,845,14020,3613,66942,Not in California
Outside California,2021-01-26,6152,87091,3162,44344,2990,42747,0,0,5352,57466,819,14839,5363,72305,Not in California
Outside California,2021-01-27,4999,92090,2971,47315,2028,44775,0,0,4456,61360,564,15403,4458,76763,Not in California
Outside California,2021-01-28,5112,97202,2969,50284,2143,46918,0,0,4681,65594,447,15850,4681,81444,Not in California
Outside California,2021-01-29,4604,101806,2943,53227,1661,48579,0,0,3899,68784,709,16559,3899,85343,Not in California
Outside California,2021-01-30,4180,105986,2504,55731,1676,50255,0,0,3966,72535,215,16774,3966,89309,Not in California
Outside California,2021-01-31,3444,109430,3157,58888,287,50542,0,0,3366,75827,77,16851,3369,92678,Not in California
Outside California,2021-02-01,5809,115239,2921,61809,2888,53430,0,0,5168,80358,639,17490,5170,97848,Not in California
Outside California,2021-02-02,7277,122516,2726,64535,4551,57981,0,0,6575,86245,692,18182,6579,104427,Not in California
Outside California,2021-02-03,7888,130404,2790,67325,5098,63079,0,0,7084,92539,792,18974,7086,111513,Not in California
Outside California,2021-02-04,7165,137569,2723,70048,4442,67521,0,0,6230,97852,920,19894,6233,117746,Not in California
Outside California,2021-02-05,6581,144150,2161,72209,4420,71941,0,0,5593,102454,991,20885,5593,123339,Not in California
Outside California,2021-02-06,4483,148633,2335,74544,2148,74089,0,0,4056,106094,418,21303,4058,127397,Not in California
Outside California,2021-02-07,2860,151493,2409,76953,451,74540,0,0,2784,108805,76,21379,2787,130184,Not in California
Outside California,2021-02-08,5802,157295,3761,80714,2041,76581,0,0,4730,112484,1054,22433,4733,134917,Not in California
Outside California,2021-02-09,4762,162057,2288,83002,2474,79055,0,0,3459,114669,1288,23721,3473,138390,Not in California
Outside California,2021-02-10,5896,167953,2183,85185,3713,82768,0,0,3555,115940,2333,26054,3604,141994,Not in California
Outside California,2021-02-11,4787,172740,2072,87257,2715,85483,0,0,3635,118451,1143,27197,3654,145648,Not in California
Outside California,2021-02-12,4602,177342,1603,88860,2999,88482,0,0,2971,119808,1622,28819,2979,148627,Not in California
Outside California,2021-02-13,2280,179622,628,89488,1652,90134,0,0,1820,121188,451,29270,1831,150458,Not in California
Outside California,2021-02-14,1460,181082,464,89952,996,91130,0,0,1181,122130,275,29545,1217,151675,Not in California
Outside California,2021-02-15,2510,183592,1555,91507,955,92085,0,0,1155,121985,1338,30883,1193,152868,Not in California
Outside California,2021-02-16,6304,189896,2851,94358,3453,95538,0,0,2513,120729,3784,34667,2528,155396,Not in California
Outside California,2021-02-17,5781,195677,2859,97217,2922,98460,0,0,1749,118460,4024,38691,1755,157151,Not in California
Outside California,2021-02-18,6102,201779,3566,100783,2536,100996,0,0,1861,116100,4228,42919,1868,159019,Not in California
Outside California,2021-02-19,5163,206942,3539,104322,1624,102620,0,0,1942,114828,3218,46137,1946,160965,Not in California
Outside California,2021-02-20,3204,210146,2689,107011,515,103135,0,0,1155,113938,2047,48184,1157,162122,Not in California
Outside California,2021-02-21,1794,211940,1584,108595,210,103345,0,0,607,113361,1184,49368,607,162729,Not in California
Outside California,2021-02-22,2735,214675,1916,110511,819,104164,0,0,982,112597,1753,51121,989,163718,Not in California
Outside California,2021-02-23,5063,219738,2514,113025,2549,106713,0,0,1573,110694,3486,54607,1583,165301,Not in California
Outside California,2021-02-24,5325,225063,2640,115665,2685,109398,0,0,1571,108523,3748,58355,1577,166878,Not in California
Outside California,2021-02-25,5824,230887,2541,118206,3283,112681,0,0,2146,107020,3658,62013,2155,169033,Not in California
Outside California,2021-02-26,6089,236976,3069,121275,3020,115701,0,0,2553,106122,3456,65469,2558,171591,Not in California
Outside California,2021-02-27,4591,241567,2303,123578,2287,117988,1,1,1285,104120,3291,68760,1289,172880,Not in California
Outside California,2021-02-28,2694,244261,2060,125638,634,118622,0,1,1066,103562,1626,70386,1068,173948,Not in California
Outside California,2021-03-01,4600,248861,3052,128690,1548,120170,0,1,1233,101450,3357,73743,1245,175193,Not in California
Outside California,2021-03-02,6128,254989,2063,130753,4065,124235,0,1,1799,99007,4333,78076,1890,177083,Not in California
Outside California,2021-03-03,6908,261897,2324,133077,4583,128818,1,2,1857,95817,5057,83133,1867,178950,Not in California
Outside California,2021-03-04,6225,268122,2442,135519,3782,132600,1,3,2045,93716,4167,87300,2066,181016,Not in California
Outside California,2021-03-05,4329,272451,1882,137401,2431,135031,16,19,2164,93736,2174,89474,2194,183210,Not in California
Outside California,2021-03-06,4112,276563,1779,139180,2200,137231,133,152,2009,93859,2098,91572,2221,185431,Not in California
Outside California,2021-03-07,1605,278168,1030,140210,523,137754,52,204,982,94295,623,92195,1059,186490,Not in California
Outside California,2021-03-08,2721,280889,1637,141847,873,138627,211,415,1997,95810,695,92890,2210,188700,Not in California
Outside California,2021-03-09,3707,284596,1575,143422,1847,140474,285,700,2094,96602,1609,94499,2401,191101,Not in California
Outside California,2021-03-10,3772,288368,1591,145013,1702,142176,479,1179,2178,97727,1586,96085,2711,193812,Not in California
Outside California,2021-03-11,5610,293978,2666,147679,2246,144422,698,1877,2910,98678,2699,98784,3650,197462,Not in California
Outside California,2021-03-12,5172,299150,2737,150416,1664,146086,771,2648,2833,100047,2333,101117,3702,201164,Not in California
Outside California,2021-03-13,3097,302247,1732,152148,829,146915,536,3184,2028,101550,1065,102182,2568,203732,Not in California
Outside California,2021-03-14,1763,304010,964,153112,452,147367,347,3531,1104,102352,659,102841,1461,205193,Not in California
Outside California,2021-03-15,3679,307689,1633,154745,1632,148999,414,3945,2265,103677,1408,104249,2733,207926,Not in California
Outside California,2021-03-16,6538,314227,3189,157934,2947,151946,402,4347,3854,105295,2681,106930,4299,212225,Not in California
Outside California,2021-03-17,6843,321070,3673,161607,2745,154691,425,4772,4194,107287,2645,109575,4637,216862,Not in California
Outside California,2021-03-18,6452,327522,3482,165089,2438,157129,532,5304,4047,109523,2396,111971,4632,221494,Not in California
Outside California,2021-03-19,5931,333453,3296,168385,2095,159224,540,5844,3755,111732,2171,114142,4380,225874,Not in California
Outside California,2021-03-20,3350,336803,2160,170545,1087,160311,103,5947,2763,114022,579,114721,2869,228743,Not in California
Outside California,2021-03-21,1835,338638,1265,171810,471,160782,99,6046,1415,115120,419,115140,1517,230260,Not in California
Outside California,2021-03-22,3136,341774,1744,173554,1281,162063,111,6157,2104,116310,1027,116167,2217,232477,Not in California
Outside California,2021-03-23,6155,347929,3033,176587,2858,164921,264,6421,4379,119194,1764,117931,4648,237125,Not in California
Outside California,2021-03-24,7025,354954,3357,179944,3228,168149,440,6861,5378,123384,1634,119565,5824,242949,Not in California
Outside California,2021-03-25,7944,362898,3397,183341,4004,172153,543,7404,6017,128048,1913,121478,6577,249526,Not in California
Outside California,2021-03-26,6601,369499,3419,186760,2978,175131,204,7608,4681,131063,1901,123379,4916,254442,Not in California
Outside California,2021-03-27,4580,374079,2657,189417,1856,176987,67,7675,3162,132911,1410,124789,3258,257700,Not in California
Outside California,2021-03-28,2607,376686,1338,190755,1198,178185,71,7746,1678,133749,922,125711,1760,259460,Not in California
Outside California,2021-03-29,4667,381353,2060,192815,2326,180511,281,8027,2954,135298,1709,127420,3258,262718,Not in California
Outside California,2021-03-30,6595,387948,3287,196102,2684,183195,624,8651,4191,137927,2386,129806,5015,267733,Not in California
Outside California,2021-03-31,5973,393921,3373,199475,1788,184983,812,9463,3529,139916,2436,132242,4425,272158,Not in California
Outside California,2021-04-01,6779,400700,3886,203361,2294,187277,599,10062,4028,142047,2741,134983,4872,277030,Not in California
Outside California,2021-04-02,7870,408570,4377,207738,2586,189863,907,10969,4416,144263,3444,138427,5660,282690,Not in California
Outside California,2021-04-03,6008,414578,3476,211214,1332,191195,1200,12169,3139,146036,2861,141288,4634,287324,Not in California
Outside California,2021-04-04,799,415377,472,211686,99,191294,228,12397,215,145905,584,141872,453,287777,Not in California
Unknown,2020-12-17,37,37,37,37,0,0,0,0,1,1,0,0,1,1,Not in California
Unknown,2020-12-18,52,89,52,89,0,0,0,0,2,3,0,0,2,3,Not in California
Unknown,2020-12-21,41,130,41,130,0,0,0,0,0,3,0,0,0,3,Not in California
Unknown,2020-12-26,1,131,1,131,0,0,0,0,1,4,0,0,1,4,Not in California
Unknown,2020-12-28,3,134,3,134,0,0,0,0,3,7,0,0,3,7,Not in California
Unknown,2020-12-29,3,137,3,137,0,0,0,0,3,10,0,0,3,10,Not in California
Unknown,2020-12-30,55,192,55,192,0,0,0,0,55,65,0,0,55,65,Not in California
Unknown,2020-12-31,2,194,0,192,2,2,0,0,0,65,0,0,0,65,Not in California
Unknown,2021-01-02,2,196,0,192,2,4,0,0,2,67,0,0,2,67,Not in California
Unknown,2021-01-03,1,197,0,192,1,5,0,0,1,68,0,0,1,68,Not in California
Unknown,2021-01-04,3,200,2,194,1,6,0,0,3,71,0,0,3,71,Not in California
Unknown,2021-01-05,4,204,0,194,4,10,0,0,5,76,0,0,5,76,Not in California
Unknown,2021-01-06,7,211,3,197,4,14,0,0,7,83,0,0,7,83,Not in California
Unknown,2021-01-07,70,281,68,265,2,16,0,0,70,153,0,0,70,153,Not in California
Unknown,2021-01-09,4,285,2,267,2,18,0,0,5,158,0,0,5,158,Not in California
Unknown,2021-01-10,1,286,0,267,1,19,0,0,1,159,0,0,1,159,Not in California
Unknown,2021-01-11,19,305,19,286,0,19,0,0,19,178,0,0,19,178,Not in California
Unknown,2021-01-12,9,314,8,294,1,20,0,0,8,186,1,1,9,187,Not in California
Unknown,2021-01-13,11,325,11,305,0,20,0,0,12,198,0,1,12,199,Not in California
Unknown,2021-01-14,2,327,2,307,0,20,0,0,2,200,0,1,2,201,Not in California
Unknown,2021-01-15,4,331,3,310,1,21,0,0,5,205,0,1,5,206,Not in California
Unknown,2021-01-16,8,339,8,318,0,21,0,0,7,211,1,2,7,213,Not in California
Unknown,2021-01-17,3,342,3,321,0,21,0,0,3,214,0,2,3,216,Not in California
Unknown,2021-01-18,58,400,58,379,0,21,0,0,56,268,2,4,56,272,Not in California
Unknown,2021-01-19,25,425,25,404,0,21,0,0,23,290,1,5,23,295,Not in California
Unknown,2021-01-20,80,505,80,484,0,21,0,0,28,266,52,57,28,323,Not in California
Unknown,2021-01-21,61,566,58,542,3,24,0,0,63,329,0,57,63,386,Not in California
Unknown,2021-01-22,43,609,37,579,6,30,0,0,42,371,0,57,42,428,Not in California
Unknown,2021-01-23,13,622,7,586,6,36,0,0,13,384,0,57,13,441,Not in California
Unknown,2021-01-24,2,624,2,588,0,36,0,0,3,387,0,57,3,444,Not in California
Unknown,2021-01-25,20,644,18,606,2,38,0,0,18,403,2,59,18,462,Not in California
Unknown,2021-01-26,96,740,96,702,0,38,0,0,98,501,1,60,99,561,Not in California
Unknown,2021-01-27,19,759,19,721,0,38,0,0,18,518,1,61,18,579,Not in California
Unknown,2021-01-28,166,925,163,884,3,41,0,0,112,570,60,121,112,691,Not in California
Unknown,2021-01-29,163,1088,162,1046,1,42,0,0,167,735,2,123,167,858,Not in California
Unknown,2021-01-30,13,1101,9,1055,4,46,0,0,15,748,2,125,15,873,Not in California
Unknown,2021-01-31,20,1121,19,1074,1,47,0,0,19,765,2,127,19,892,Not in California
Unknown,2021-02-01,37,1158,36,1110,1,48,0,0,22,770,17,144,22,914,Not in California
Unknown,2021-02-02,76,1234,74,1184,2,50,0,0,69,833,6,150,69,983,Not in California
Unknown,2021-02-03,54,1288,51,1235,3,53,0,0,43,864,12,162,43,1026,Not in California
Unknown,2021-02-04,70,1358,63,1298,7,60,0,0,67,924,7,169,67,1093,Not in California
Unknown,2021-02-05,15,1373,9,1307,6,66,0,0,14,932,6,175,14,1107,Not in California
Unknown,2021-02-06,18,1391,14,1321,4,70,0,0,15,941,6,181,15,1122,Not in California
Unknown,2021-02-07,13,1404,11,1332,2,72,0,0,9,946,4,185,9,1131,Not in California
Unknown,2021-02-08,60,1464,57,1389,3,75,0,0,20,923,43,228,20,1151,Not in California
Unknown,2021-02-09,21,1485,20,1409,1,76,0,0,5,912,16,244,5,1156,Not in California
Unknown,2021-02-10,40,1525,35,1444,5,81,0,0,14,900,26,270,14,1170,Not in California
Unknown,2021-02-11,100,1625,97,1541,3,84,0,0,50,898,52,322,50,1220,Not in California
Unknown,2021-02-12,50,1675,40,1581,10,94,0,0,21,885,34,356,21,1241,Not in California
Unknown,2021-02-13,12,1687,4,1585,8,102,0,0,15,899,1,357,15,1256,Not in California
Unknown,2021-02-14,8,1695,1,1586,7,109,0,0,6,904,1,358,6,1262,Not in California
Unknown,2021-02-15,46,1741,39,1625,7,116,0,0,34,926,12,370,34,1296,Not in California
Unknown,2021-02-16,124,1865,115,1740,9,125,0,0,44,889,81,451,44,1340,Not in California
Unknown,2021-02-17,13,1878,11,1751,2,127,0,0,8,892,5,456,8,1348,Not in California
Unknown,2021-02-18,118,1996,112,1863,6,133,0,0,24,823,93,549,24,1372,Not in California
Unknown,2021-02-19,216,2212,211,2074,5,138,0,0,67,738,152,701,67,1439,Not in California
Unknown,2021-02-20,17,2229,6,2080,11,149,0,0,11,745,4,705,11,1450,Not in California
Unknown,2021-02-21,20,2249,20,2100,0,149,0,0,10,742,13,718,10,1460,Not in California
Unknown,2021-02-22,10,2259,10,2110,0,149,0,0,8,747,3,721,8,1468,Not in California
Unknown,2021-02-23,71,2330,59,2169,12,161,0,0,21,717,51,772,21,1489,Not in California
Unknown,2021-02-24,56,2386,48,2217,8,169,0,0,26,710,33,805,26,1515,Not in California
Unknown,2021-02-25,83,2469,69,2286,14,183,0,0,31,689,52,857,31,1546,Not in California
Unknown,2021-02-26,44,2513,23,2309,21,204,0,0,33,709,13,870,33,1579,Not in California
Unknown,2021-02-27,26,2539,13,2322,13,217,0,0,21,722,8,878,21,1600,Not in California
Unknown,2021-02-28,40,2579,23,2345,17,234,0,0,32,749,6,884,33,1633,Not in California
Unknown,2021-03-01,53,2632,33,2378,20,254,0,0,34,764,19,903,34,1667,Not in California
Unknown,2021-03-02,21,2653,6,2384,15,269,0,0,15,773,6,909,15,1682,Not in California
Unknown,2021-03-03,19,2672,10,2394,9,278,0,0,27,797,3,912,27,1709,Not in California
Unknown,2021-03-04,57,2729,54,2448,3,281,0,0,26,791,32,944,26,1735,Not in California
Unknown,2021-03-05,179,2908,62,2510,117,398,0,0,184,968,7,951,184,1919,Not in California
Unknown,2021-03-06,203,3111,44,2554,120,518,39,39,154,1113,49,1000,194,2113,Not in California
Unknown,2021-03-07,73,3184,31,2585,28,546,14,53,56,1166,17,1017,70,2183,Not in California
Unknown,2021-03-08,226,3410,97,2682,80,626,49,102,148,1285,77,1094,196,2379,Not in California
Unknown,2021-03-09,179,3589,115,2797,9,635,55,157,90,1341,89,1183,145,2524,Not in California
Unknown,2021-03-10,175,3764,118,2915,4,639,53,210,112,1447,60,1243,166,2690,Not in California
Unknown,2021-03-11,153,3917,76,2991,12,651,65,275,85,1524,73,1316,150,2840,Not in California
Unknown,2021-03-12,119,4036,66,3057,23,674,30,305,54,1542,68,1384,86,2926,Not in California
Unknown,2021-03-13,106,4142,31,3088,23,697,52,357,47,1581,60,1444,99,3025,Not in California
Unknown,2021-03-14,120,4262,60,3148,35,732,25,382,82,1650,38,1482,107,3132,Not in California
Unknown,2021-03-15,264,4526,153,3301,91,823,20,402,225,1857,38,1520,245,3377,Not in California
Unknown,2021-03-16,310,4836,198,3499,108,931,4,406,280,2111,30,1550,284,3661,Not in California
Unknown,2021-03-17,251,5087,155,3654,93,1024,3,409,238,2339,13,1563,241,3902,Not in California
Unknown,2021-03-18,178,5265,77,3731,99,1123,2,411,163,2490,14,1577,165,4067,Not in California
Unknown,2021-03-19,150,5415,86,3817,63,1186,1,412,144,2629,6,1583,145,4212,Not in California
Unknown,2021-03-20,152,5567,76,3893,76,1262,0,412,137,2752,14,1597,137,4349,Not in California
Unknown,2021-03-21,170,5737,94,3987,64,1326,12,424,152,2898,18,1615,164,4513,Not in California
Unknown,2021-03-22,232,5969,145,4132,80,1406,7,431,207,3090,25,1640,217,4730,Not in California
Unknown,2021-03-23,230,6199,156,4288,73,1479,1,432,218,3297,12,1652,219,4949,Not in California
Unknown,2021-03-24,288,6487,187,4475,98,1577,3,435,267,3546,21,1673,270,5219,Not in California
Unknown,2021-03-25,305,6792,182,4657,116,1693,7,442,283,3815,22,1695,291,5510,Not in California
Unknown,2021-03-26,326,7118,194,4851,126,1819,6,448,265,4026,60,1755,271,5781,Not in California
Unknown,2021-03-27,277,7395,144,4995,130,1949,3,451,232,4218,45,1800,237,6018,Not in California
Unknown,2021-03-28,320,7715,195,5190,120,2069,5,456,278,4460,41,1841,283,6301,Not in California
Unknown,2021-03-29,396,8111,245,5435,147,2216,4,460,327,4727,69,1910,336,6637,Not in California
Unknown,2021-03-30,398,8509,237,5672,154,2370,7,467,321,4983,77,1987,333,6970,Not in California
Unknown,2021-03-31,485,8994,305,5977,174,2544,6,473,402,5308,83,2070,408,7378,Not in California
Unknown,2021-04-01,404,9398,260,6237,138,2682,6,479,343,5600,61,2131,353,7731,Not in California
Unknown,2021-04-02,504,9902,274,6511,223,2905,7,486,372,5855,131,2262,386,8117,Not in California
Unknown,2021-04-03,363,10265,159,6670,204,3109,0,486,263,6023,99,2361,267,8384,Not in California
Alameda,2020-12-15,36,36,36,36,0,0,0,0,36,36,0,0,36,36,California
Alameda,2020-12-16,201,237,201,237,0,0,0,0,201,237,0,0,201,237,California
Alameda,2020-12-17,445,682,445,682,0,0,0,0,445,682,0,0,445,682,California
Alameda,2020-12-18,1793,2475,1792,2474,1,1,0,0,1793,2475,0,0,1793,2475,California
Alameda,2020-12-19,1462,3937,1462,3936,0,1,0,0,1463,3938,0,0,1463,3938,California
Alameda,2020-12-20,1180,5117,1179,5115,1,2,0,0,1179,5116,1,1,1179,5117,California
Alameda,2020-12-21,1847,6964,1846,6961,1,3,0,0,1846,6962,0,1,1846,6963,California
Alameda,2020-12-22,2086,9050,2035,8996,51,54,0,0,2086,9048,0,1,2086,9049,California
Alameda,2020-12-23,1896,10946,1640,10636,256,310,0,0,1896,10944,0,1,1896,10945,California
Alameda,2020-12-24,1215,12161,757,11393,458,768,0,0,1215,12159,0,1,1215,12160,California
Alameda,2020-12-25,160,12321,124,11517,36,804,0,0,160,12319,0,1,160,12320,California
Alameda,2020-12-26,854,13175,312,11829,542,1346,0,0,854,13173,0,1,854,13174,California
Alameda,2020-12-27,499,13674,256,12085,243,1589,0,0,499,13672,0,1,499,13673,California
Alameda,2020-12-28,1855,15529,929,13014,926,2515,0,0,1855,15527,0,1,1855,15528,California
Alameda,2020-12-29,2421,17950,1022,14036,1399,3914,0,0,2420,17947,0,1,2420,17948,California
Alameda,2020-12-30,3104,21054,1339,15375,1765,5679,0,0,3104,21051,0,1,3104,21052,California
Alameda,2020-12-31,1782,22836,437,15812,1345,7024,0,0,1782,22833,0,1,1782,22834,California
Alameda,2021-01-01,168,23004,69,15881,99,7123,0,0,168,23001,0,1,168,23002,California
Alameda,2021-01-02,714,23718,518,16399,196,7319,0,0,713,23714,0,1,713,23715,California
Alameda,2021-01-03,339,24057,218,16617,121,7440,0,0,336,24047,3,4,336,24051,California
Alameda,2021-01-04,1645,25702,942,17559,703,8143,0,0,1633,25669,11,15,1633,25684,California
Alameda,2021-01-05,2193,27895,1257,18816,936,9079,0,0,1955,27388,236,251,1955,27639,California
Alameda,2021-01-06,3246,31141,1782,20598,1464,10543,0,0,2416,28977,828,1079,2417,30056,California
Alameda,2021-01-07,3752,34893,2111,22709,1641,12184,0,0,2630,30501,1113,2192,2637,32693,California
Alameda,2021-01-08,4732,39625,2703,25412,2029,14213,0,0,3099,31975,1628,3820,3102,35795,California
Alameda,2021-01-09,2032,41657,1390,26802,642,14855,0,0,1174,32291,859,4679,1175,36970,California
Alameda,2021-01-10,1033,42690,815,27617,218,15073,0,0,421,32099,613,5292,421,37391,California
Alameda,2021-01-11,4473,47163,3339,30956,1134,16207,0,0,2788,33208,1685,6977,2794,40185,California
Alameda,2021-01-12,4753,51916,3188,34144,1565,17772,0,0,3390,35239,1363,8340,3394,43579,California
Alameda,2021-01-13,5005,56921,2647,36791,2358,20130,0,0,3830,37904,1171,9511,3836,47415,California
Alameda,2021-01-14,5589,62510,2724,39515,2865,22995,0,0,4717,41761,863,10374,4720,52135,California
Alameda,2021-01-15,5815,68325,2408,41923,3407,26402,0,0,5000,45957,808,11182,5004,57139,California
Alameda,2021-01-16,3120,71445,1477,43400,1643,28045,0,0,2815,48467,305,11487,2815,59954,California
Alameda,2021-01-17,1871,73316,1077,44477,794,28839,0,0,1665,49926,206,11693,1665,61619,California
Alameda,2021-01-18,3237,76553,2092,46569,1145,29984,0,0,2619,51936,614,12307,2624,64243,California
Alameda,2021-01-19,5512,82065,3338,49907,2174,32158,0,0,4322,55077,1188,13495,4329,68572,California
Alameda,2021-01-20,6595,88660,4025,53932,2570,34728,0,0,5304,59106,1279,14774,5308,73880,California
Alameda,2021-01-21,7681,96341,3378,57310,4303,39031,0,0,6869,65171,806,15580,6871,80751,California
Alameda,2021-01-22,6903,103244,2047,59357,4856,43887,0,0,5744,69765,1152,16732,5746,86497,California
Alameda,2021-01-23,3271,106515,941,60298,2330,46217,0,0,2719,71935,551,17283,2721,89218,California
Alameda,2021-01-24,2081,108596,678,60976,1403,47620,0,0,1786,73430,291,17574,1786,91004,California
Alameda,2021-01-25,5164,113760,1959,62935,3205,50825,0,0,3609,75496,1549,19123,3615,94619,California
Alameda,2021-01-26,7214,120974,2273,65208,4941,55766,0,0,5349,78990,1855,20978,5349,99968,California
Alameda,2021-01-27,6646,127620,2054,67262,4592,60358,0,0,4822,81998,1814,22792,4822,104790,California
Alameda,2021-01-28,7818,135438,2494,69756,5324,65682,0,0,5618,85435,2182,24974,5619,110409,California
Alameda,2021-01-29,7818,143256,3103,72859,4715,70397,0,0,6053,89734,1754,26728,6053,116462,California
Alameda,2021-01-30,3240,146496,1501,74360,1739,72136,0,0,2699,91896,538,27266,2700,119162,California
Alameda,2021-01-31,2138,148634,1196,75556,942,73078,0,0,1665,93105,457,27723,1666,120828,California
Alameda,2021-02-01,5920,154554,3333,78889,2587,75665,0,0,4299,95792,1614,29337,4301,125129,California
Alameda,2021-02-02,7421,161975,4224,83113,3197,78862,0,0,4647,97673,2766,32103,4647,129776,California
Alameda,2021-02-03,7056,169031,3732,86845,3324,82186,0,0,4386,99396,2666,34769,4389,134165,California
Alameda,2021-02-04,9456,178487,4125,90970,5331,87517,0,0,6431,102821,3009,37778,6434,140599,California
Alameda,2021-02-05,10310,188797,5380,96350,4930,92447,0,0,6453,105429,3849,41627,6457,147056,California
Alameda,2021-02-06,7004,195801,4431,100781,2573,95020,0,0,5887,110198,1119,42746,5888,152944,California
Alameda,2021-02-07,3576,199377,2889,103670,687,95707,0,0,2646,111918,927,43673,2647,155591,California
Alameda,2021-02-08,8078,207455,5772,109442,2306,98013,0,0,5544,114940,2523,46196,5545,161136,California
Alameda,2021-02-09,9681,217136,5847,115289,3834,101847,0,0,6046,117358,3629,49825,6047,167183,California
Alameda,2021-02-10,11420,228556,6771,122060,4649,106496,0,0,6612,119184,4792,54617,6618,173801,California
Alameda,2021-02-11,13816,242372,7878,129938,5938,112434,0,0,8373,122131,5430,60047,8377,182178,California
Alameda,2021-02-12,12454,254826,5664,135602,6790,119224,0,0,7707,125101,4738,64785,7708,189886,California
Alameda,2021-02-13,7786,262612,4048,139650,3738,122962,0,0,5835,128990,1949,66734,5838,195724,California
Alameda,2021-02-14,4030,266642,2541,142191,1489,124451,0,0,2871,130707,1156,67890,2873,198597,California
Alameda,2021-02-15,5682,272324,3213,145404,2469,126920,0,0,3689,132406,1991,69881,3690,202287,California
Alameda,2021-02-16,12454,284778,6909,152313,5545,132465,0,0,9286,138535,3160,73041,9289,211576,California
Alameda,2021-02-17,14050,298828,8302,160615,5748,138213,0,0,10448,145399,3585,76626,10449,222025,California
Alameda,2021-02-18,15746,314574,9983,170598,5763,143976,0,0,11447,152551,4296,80922,11448,233473,California
Alameda,2021-02-19,17443,332017,11332,181930,6111,150087,0,0,11597,158315,5833,86755,11597,245070,California
Alameda,2021-02-20,11751,343768,9507,191437,2244,152331,0,0,9057,164682,2692,89447,9059,254129,California
Alameda,2021-02-21,6119,349887,5190,196627,929,153260,0,0,3688,165946,2424,91871,3688,257817,California
Alameda,2021-02-22,10615,360502,7830,204457,2785,156045,0,0,6723,168802,3877,95748,6733,264550,California
Alameda,2021-02-23,12670,373172,7690,212147,4980,161025,0,0,7895,171936,4768,100516,7902,272452,California
Alameda,2021-02-24,14573,387745,8173,220320,6400,167425,0,0,9473,176336,5079,105595,9479,281931,California
Alameda,2021-02-25,15519,403264,9100,229420,6419,173844,0,0,9877,180610,5614,111209,9888,291819,California
Alameda,2021-02-26,17990,421254,10580,240000,7410,181254,0,0,11641,185950,6306,117515,11646,303465,California
Alameda,2021-02-27,14641,435895,10769,250769,3872,185126,0,0,9067,189469,5551,123066,9070,312535,California
Alameda,2021-02-28,9132,445027,7701,258470,1431,186557,0,0,6079,192516,3034,126100,6081,318616,California
Alameda,2021-03-01,13147,458174,9142,267612,4005,190562,0,0,8159,195727,4951,131051,8162,326778,California
Alameda,2021-03-02,13601,471775,9484,277096,4117,194679,0,0,8758,199668,4825,135876,8766,335544,California
Alameda,2021-03-03,13977,485752,9088,286184,4889,199568,0,0,9441,204599,4511,140387,9442,344986,California
Alameda,2021-03-04,15447,501199,9691,295875,5756,205324,0,0,9513,208225,5899,146286,9525,354511,California
Alameda,2021-03-05,13992,515191,8760,304635,5228,210552,4,4,9394,213068,4564,150850,9407,363918,California
Alameda,2021-03-06,13374,528565,9642,314277,3481,214033,251,255,8825,217644,4512,155362,9088,373006,California
Alameda,2021-03-07,9289,537854,8069,322346,1143,215176,77,332,6586,221627,2682,158044,6665,379671,California
Alameda,2021-03-08,11387,549241,7066,329412,4022,219198,299,631,8581,227757,2759,160803,8889,388560,California
Alameda,2021-03-09,11244,560485,6906,336318,3905,223103,433,1064,6255,229492,4959,165762,6694,395254,California
Alameda,2021-03-10,16195,576680,10984,347302,4673,227776,538,1602,7285,228424,8892,174654,7824,403078,California
Alameda,2021-03-11,18948,595628,10979,358281,6510,234286,1459,3061,6507,223979,12417,187071,7972,411050,California
Alameda,2021-03-12,18916,614544,11117,369398,6531,240817,1268,4329,6654,219665,12243,199314,7929,418979,California
Alameda,2021-03-13,13749,628293,8798,378196,4007,244824,944,5273,4554,216000,9164,208478,5499,424478,California
Alameda,2021-03-14,10161,638454,7623,385819,1761,246585,777,6050,4506,215636,5643,214121,5279,429757,California
Alameda,2021-03-15,14388,652842,9339,395158,4522,251107,527,6577,6492,214785,7868,221989,7017,436774,California
Alameda,2021-03-16,17259,670101,11124,406282,5588,256695,547,7124,7701,213534,9503,231492,8252,445026,California
Alameda,2021-03-17,17028,687129,9645,415927,6720,263415,663,7787,8003,213206,8999,240491,8671,453697,California
Alameda,2021-03-18,15841,702970,8673,424600,6368,269783,800,8587,7100,212394,8718,249209,7906,461603,California
Alameda,2021-03-19,16439,719409,9044,433644,6000,275783,1395,9982,6603,210601,9802,259011,8009,469612,California
Alameda,2021-03-20,10840,730249,7229,440873,2955,278738,656,10638,4686,209813,6133,265144,5345,474957,California
Alameda,2021-03-21,8779,739028,6802,447675,1441,280179,536,11174,3717,209014,5053,270197,4254,479211,California
Alameda,2021-03-22,15076,754104,10097,457772,3994,284173,985,12159,7413,209782,7643,277840,8411,487622,California
Alameda,2021-03-23,19040,773144,11516,469288,6738,290911,786,12945,10755,213101,8249,286089,11568,499190,California
Alameda,2021-03-24,18821,791965,11380,480668,6455,297366,986,13931,8651,212899,10118,296207,9916,509106,California
Alameda,2021-03-25,20136,812101,11215,491883,7646,305012,1275,15206,9629,214066,10454,306661,11621,520727,California
Alameda,2021-03-26,20671,832772,12301,504184,6862,311874,1508,16714,8995,213808,11638,318299,11380,532107,California
Alameda,2021-03-27,18025,850797,12181,516365,4899,316773,945,17659,7747,212679,10233,328532,9104,541211,California
Alameda,2021-03-28,10474,861271,8451,524816,1814,318587,209,17868,3878,210245,6584,335116,4150,545361,California
Alameda,2021-03-29,14733,876004,9344,534160,4440,323027,949,18817,6477,209537,8223,343339,7515,552876,California
Alameda,2021-03-30,18529,894533,9768,543928,7169,330196,1592,20409,11127,214934,7382,350721,12779,565655,California
Alameda,2021-03-31,19030,913563,10175,554103,6816,337012,2039,22448,9702,217575,9309,360030,11950,577605,California
Alameda,2021-04-01,22537,936100,9977,564080,7315,344327,5245,27693,11061,222891,11452,371482,16768,594373,California
Alameda,2021-04-02,22838,958938,9846,573926,8075,352402,4917,32610,11801,229066,11016,382498,17191,611564,California
Alameda,2021-04-03,19286,978224,9289,583215,5596,357998,4401,37011,10003,234766,9264,391762,14964,626528,California
Alameda,2021-04-04,7492,985716,2815,586030,1456,359454,3221,40232,2271,235056,5219,396981,5509,632037,California
Alpine,2020-12-18,2,2,2,2,0,0,0,0,2,2,0,0,2,2,California
Alpine,2020-12-19,2,4,2,4,0,0,0,0,2,4,0,0,2,4,California
Alpine,2020-12-21,2,6,2,6,0,0,0,0,2,6,0,0,2,6,California
Alpine,2020-12-30,15,21,0,6,15,15,0,0,15,21,0,0,15,21,California
Alpine,2020-12-31,1,22,0,6,1,16,0,0,1,22,0,0,1,22,California
Alpine,2021-01-01,1,23,0,6,1,17,0,0,1,23,0,0,1,23,California
Alpine,2021-01-02,1,24,1,7,0,17,0,0,1,24,0,0,1,24,California
Alpine,2021-01-04,10,34,0,7,10,27,0,0,10,34,0,0,10,34,California
Alpine,2021-01-05,9,43,1,8,8,35,0,0,9,43,0,0,9,43,California
Alpine,2021-01-06,31,74,0,8,31,66,0,0,31,74,0,0,31,74,California
Alpine,2021-01-07,8,82,0,8,8,74,0,0,8,82,0,0,8,82,California
Alpine,2021-01-08,4,86,2,10,2,76,0,0,2,82,2,2,2,84,California
Alpine,2021-01-09,2,88,2,12,0,76,0,0,0,80,2,4,0,84,California
Alpine,2021-01-11,32,120,1,13,31,107,0,0,31,110,1,5,31,115,California
Alpine,2021-01-13,35,155,0,13,35,142,0,0,35,145,0,5,35,150,California
Alpine,2021-01-14,2,157,0,13,2,144,0,0,2,147,0,5,2,152,California
Alpine,2021-01-15,1,158,0,13,1,145,0,0,1,148,0,5,1,153,California
Alpine,2021-01-20,21,179,0,13,21,166,0,0,21,169,0,5,21,174,California
Alpine,2021-01-21,3,182,0,13,3,169,0,0,3,172,0,5,3,177,California
Alpine,2021-01-22,32,214,0,13,32,201,0,0,32,204,0,5,32,209,California
Alpine,2021-01-23,1,215,1,14,0,201,0,0,0,203,1,6,0,209,California
Alpine,2021-01-25,16,231,0,14,16,217,0,0,16,219,0,6,16,225,California
Alpine,2021-01-27,1,232,1,15,0,217,0,0,0,218,1,7,0,225,California
Alpine,2021-01-28,12,244,0,15,12,229,0,0,11,228,1,8,11,236,California
Alpine,2021-01-29,1,245,0,15,1,230,0,0,1,229,0,8,1,237,California
Alpine,2021-02-01,26,271,0,15,26,256,0,0,7,217,19,27,7,244,California
Alpine,2021-02-03,34,305,0,15,34,290,0,0,10,203,24,51,10,254,California
Alpine,2021-02-04,9,314,0,15,9,299,0,0,4,202,5,56,4,258,California
Alpine,2021-02-05,31,345,0,15,31,330,0,0,12,195,19,75,12,270,California
Alpine,2021-02-06,1,346,1,16,0,330,0,0,1,196,0,75,1,271,California
Alpine,2021-02-07,1,347,1,17,0,330,0,0,1,197,0,75,1,272,California
Alpine,2021-02-08,32,379,0,17,32,362,0,0,4,173,28,103,4,276,California
Alpine,2021-02-10,34,413,0,17,34,396,0,0,0,139,34,137,0,276,California
Alpine,2021-02-11,8,421,0,17,8,404,0,0,5,141,3,140,5,281,California
Alpine,2021-02-12,1,422,0,17,1,405,0,0,0,140,1,141,0,281,California
Alpine,2021-02-17,24,446,1,18,23,428,0,0,4,124,20,161,4,285,California
Alpine,2021-02-18,4,450,0,18,4,432,0,0,1,122,3,164,1,286,California
Alpine,2021-02-19,34,484,1,19,33,465,0,0,2,92,32,196,2,288,California
Alpine,2021-02-22,28,512,0,19,28,493,0,0,9,82,19,215,9,297,California
Alpine,2021-02-25,17,529,1,20,16,509,0,0,6,77,11,226,6,303,California
Alpine,2021-02-26,29,558,1,21,28,537,0,0,28,104,1,227,28,331,California
Alpine,2021-03-01,35,593,0,21,35,572,0,0,25,119,10,237,25,356,California
Alpine,2021-03-02,1,594,1,22,0,572,0,0,0,118,1,238,0,356,California
Alpine,2021-03-03,30,624,1,23,29,601,0,0,18,124,12,250,18,374,California
Alpine,2021-03-04,13,637,1,24,12,613,0,0,12,135,1,251,12,386,California
Alpine,2021-03-05,30,667,0,24,30,643,0,0,22,149,8,259,22,408,California
Alpine,2021-03-08,28,695,0,24,28,671,0,0,26,173,2,261,26,434,California
Alpine,2021-03-09,1,696,0,24,1,672,0,0,1,174,0,261,1,435,California
Alpine,2021-03-10,76,772,1,25,75,747,0,0,75,248,1,262,75,510,California
Alpine,2021-03-11,37,809,0,25,37,784,0,0,32,276,4,266,32,542,California
Alpine,2021-03-12,22,831,0,25,22,806,0,0,19,292,3,269,19,561,California
Alpine,2021-03-15,20,851,0,25,20,826,0,0,19,310,1,270,19,580,California
Alpine,2021-03-17,22,873,0,25,21,847,1,1,18,325,4,274,19,599,California
Alpine,2021-03-18,38,911,1,26,37,884,0,1,36,359,2,276,36,635,California
Alpine,2021-03-19,3,914,2,28,1,885,0,1,2,360,1,277,2,637,California
Alpine,2021-03-22,25,939,0,28,25,910,0,1,15,365,10,287,15,652,California
Alpine,2021-03-24,19,958,0,28,19,929,0,1,9,364,10,297,9,661,California
Alpine,2021-03-25,39,997,1,29,37,966,1,2,32,390,7,304,33,694,California
Alpine,2021-03-29,19,1016,0,29,18,984,1,3,2,376,17,321,3,697,California
Alpine,2021-03-31,2,1018,1,30,1,985,0,3,1,376,1,322,1,698,California
Alpine,2021-04-01,18,1036,0,30,18,1003,0,3,8,374,10,332,8,706,California
Amador,2020-12-16,2,2,2,2,0,0,0,0,2,2,0,0,2,2,California
Amador,2020-12-17,5,7,5,7,0,0,0,0,5,7,0,0,5,7,California
Amador,2020-12-18,44,51,44,51,0,0,0,0,44,51,0,0,44,51,California
Amador,2020-12-19,17,68,17,68,0,0,0,0,17,68,0,0,17,68,California
Amador,2020-12-20,4,72,4,72,0,0,0,0,4,72,0,0,4,72,California
Amador,2020-12-21,33,105,33,105,0,0,0,0,33,105,0,0,33,105,California
Amador,2020-12-22,35,140,34,139,1,1,0,0,35,140,0,0,35,140,California
Amador,2020-12-23,39,179,38,177,1,2,0,0,39,179,0,0,39,179,California
Amador,2020-12-24,5,184,3,180,2,4,0,0,5,184,0,0,5,184,California
Amador,2020-12-26,6,190,5,185,1,5,0,0,6,190,0,0,6,190,California
Amador,2020-12-27,1,191,0,185,1,6,0,0,1,191,0,0,1,191,California
Amador,2020-12-28,31,222,27,212,4,10,0,0,31,222,0,0,31,222,California
Amador,2020-12-29,26,248,19,231,7,17,0,0,26,248,0,0,26,248,California
Amador,2020-12-30,121,369,75,306,46,63,0,0,121,369,0,0,121,369,California
Amador,2020-12-31,192,561,167,473,25,88,0,0,192,561,0,0,192,561,California
Amador,2021-01-01,1,562,0,473,1,89,0,0,1,562,0,0,1,562,California
Amador,2021-01-02,56,618,56,529,0,89,0,0,56,618,0,0,56,618,California
Amador,2021-01-03,65,683,17,546,48,137,0,0,65,683,0,0,65,683,California
Amador,2021-01-04,125,808,1,547,124,261,0,0,124,806,1,1,124,807,California
Amador,2021-01-05,33,841,3,550,30,291,0,0,32,837,1,2,32,839,California
Amador,2021-01-06,38,879,10,560,28,319,0,0,34,867,4,6,34,873,California
Amador,2021-01-07,227,1106,68,628,159,478,0,0,215,1070,12,18,215,1088,California
Amador,2021-01-08,84,1190,70,698,14,492,0,0,40,1067,44,62,41,1129,California
Amador,2021-01-09,11,1201,11,709,0,492,0,0,2,1060,9,71,2,1131,California
Amador,2021-01-10,7,1208,5,714,2,494,0,0,3,1059,4,75,3,1134,California
Amador,2021-01-11,124,1332,44,758,80,574,0,0,89,1113,35,110,89,1223,California
Amador,2021-01-12,62,1394,48,806,14,588,0,0,39,1129,23,133,39,1262,California
Amador,2021-01-13,39,1433,25,831,14,602,0,0,26,1142,13,146,26,1288,California
Amador,2021-01-14,146,1579,20,851,126,728,0,0,136,1268,10,156,136,1424,California
Amador,2021-01-15,56,1635,23,874,33,761,0,0,49,1310,7,163,49,1473,California
Amador,2021-01-16,19,1654,12,886,7,768,0,0,13,1318,6,169,14,1487,California
Amador,2021-01-17,25,1679,5,891,20,788,0,0,25,1343,0,169,25,1512,California
Amador,2021-01-18,31,1710,27,918,4,792,0,0,9,1330,22,191,9,1521,California
Amador,2021-01-19,120,1830,96,1014,24,816,0,0,77,1364,43,234,77,1598,California
Amador,2021-01-20,181,2011,32,1046,149,965,0,0,166,1516,14,248,166,1764,California
Amador,2021-01-21,252,2263,221,1267,31,996,0,0,143,1550,109,357,143,1907,California
Amador,2021-01-22,133,2396,71,1338,62,1058,0,0,127,1671,6,363,127,2034,California
Amador,2021-01-23,52,2448,32,1370,20,1078,0,0,50,1719,2,365,50,2084,California
Amador,2021-01-24,28,2476,12,1382,16,1094,0,0,25,1741,3,368,25,2109,California
Amador,2021-01-25,56,2532,28,1410,28,1122,0,0,39,1763,17,385,39,2148,California
Amador,2021-01-26,242,2774,16,1426,226,1348,0,0,232,1985,10,395,232,2380,California
Amador,2021-01-27,296,3070,29,1455,267,1615,0,0,249,2190,45,440,250,2630,California
Amador,2021-01-28,343,3413,73,1528,270,1885,0,0,282,2412,61,501,283,2913,California
Amador,2021-01-29,96,3509,30,1558,66,1951,0,0,81,2478,15,516,81,2994,California
Amador,2021-01-30,166,3675,32,1590,134,2085,0,0,161,2634,5,521,161,3155,California
Amador,2021-01-31,32,3707,28,1618,4,2089,0,0,31,2664,1,522,31,3186,California
Amador,2021-02-01,62,3769,23,1641,39,2128,0,0,35,2672,27,549,35,3221,California
Amador,2021-02-02,216,3985,65,1706,151,2279,0,0,128,2715,85,634,128,3349,California
Amador,2021-02-03,141,4126,38,1744,103,2382,0,0,91,2757,49,683,91,3440,California
Amador,2021-02-04,248,4374,70,1814,178,2560,0,0,163,2837,85,768,165,3605,California
Amador,2021-02-05,326,4700,60,1874,266,2826,0,0,311,3133,15,783,311,3916,California
Amador,2021-02-06,101,4801,81,1955,20,2846,0,0,97,3226,4,787,97,4013,California
Amador,2021-02-07,38,4839,35,1990,3,2849,0,0,35,3258,3,790,35,4048,California
Amador,2021-02-08,91,4930,63,2053,28,2877,0,0,73,3313,18,808,73,4121,California
Amador,2021-02-09,171,5101,82,2135,89,2966,0,0,108,3358,63,871,108,4229,California
Amador,2021-02-10,717,5818,77,2212,640,3606,0,0,685,4011,32,903,685,4914,California
Amador,2021-02-11,308,6126,120,2332,188,3794,0,0,203,4110,104,1007,203,5117,California
Amador,2021-02-12,325,6451,118,2450,207,4001,0,0,252,4289,73,1080,252,5369,California
Amador,2021-02-13,163,6614,78,2528,85,4086,0,0,137,4400,26,1106,137,5506,California
Amador,2021-02-14,123,6737,54,2582,69,4155,0,0,106,4489,17,1123,106,5612,California
Amador,2021-02-15,183,6920,60,2642,123,4278,0,0,166,4639,16,1139,166,5778,California
Amador,2021-02-16,409,7329,52,2694,357,4635,0,0,370,4971,39,1178,371,6149,California
Amador,2021-02-17,263,7592,83,2777,180,4815,0,0,167,5042,96,1274,167,6316,California
Amador,2021-02-18,400,7992,99,2876,301,5116,0,0,339,5321,61,1335,340,6656,California
Amador,2021-02-19,191,8183,74,2950,117,5233,0,0,109,5349,82,1417,110,6766,California
Amador,2021-02-20,91,8274,27,2977,64,5297,0,0,63,5384,28,1445,63,6829,California
Amador,2021-02-21,46,8320,35,3012,11,5308,0,0,17,5372,29,1474,17,6846,California
Amador,2021-02-22,64,8384,25,3037,39,5347,0,0,33,5375,30,1504,33,6879,California
Amador,2021-02-23,315,8699,57,3094,258,5605,0,0,139,5341,176,1680,142,7021,California
Amador,2021-02-24,394,9093,53,3147,341,5946,0,0,266,5483,124,1804,266,7287,California
Amador,2021-02-25,515,9608,108,3255,407,6353,0,0,279,5528,234,2038,279,7566,California
Amador,2021-02-26,601,10209,75,3330,526,6879,0,0,501,5931,99,2137,502,8068,California
Amador,2021-02-27,287,10496,92,3422,195,7074,0,0,100,5850,186,2323,105,8173,California
Amador,2021-02-28,102,10598,52,3474,50,7124,0,0,57,5865,45,2368,60,8233,California
Amador,2021-03-01,190,10788,70,3544,120,7244,0,0,125,5926,65,2433,126,8359,California
Amador,2021-03-02,389,11177,62,3606,327,7571,0,0,337,6213,52,2485,339,8698,California
Amador,2021-03-03,236,11413,78,3684,158,7729,0,0,162,6302,74,2559,163,8861,California
Amador,2021-03-04,485,11898,114,3798,371,8100,0,0,383,6585,102,2661,385,9246,California
Amador,2021-03-05,490,12388,64,3862,426,8526,0,0,280,6658,209,2870,282,9528,California
Amador,2021-03-06,90,12478,39,3901,50,8576,1,1,49,6667,41,2911,50,9578,California
Amador,2021-03-07,62,12540,44,3945,18,8594,0,1,19,6643,43,2954,19,9597,California
Amador,2021-03-08,148,12688,71,4016,76,8670,1,2,87,6671,61,3015,89,9686,California
Amador,2021-03-09,380,13068,46,4062,334,9004,0,2,319,6932,58,3073,319,10005,California
Amador,2021-03-10,515,13583,78,4140,436,9440,1,3,245,6910,270,3343,248,10253,California
Amador,2021-03-11,475,14058,115,4255,351,9791,9,12,330,7110,142,3485,342,10595,California
Amador,2021-03-12,551,14609,67,4322,478,10269,6,18,310,7217,240,3725,347,10942,California
Amador,2021-03-13,86,14695,14,4336,65,10334,7,25,30,7220,56,3781,59,11001,California
Amador,2021-03-14,64,14759,20,4356,42,10376,2,27,21,7201,43,3824,24,11025,California
Amador,2021-03-15,186,14945,22,4378,151,10527,13,40,56,7144,130,3954,73,11098,California
Amador,2021-03-16,460,15405,58,4436,394,10921,8,48,195,7085,262,4216,203,11301,California
Amador,2021-03-17,189,15594,38,4474,148,11069,3,51,116,7133,73,4289,121,11422,California
Amador,2021-03-18,453,16047,84,4558,366,11435,3,54,235,7160,217,4506,244,11666,California
Amador,2021-03-19,531,16578,47,4605,468,11903,16,70,391,7433,138,4644,411,12077,California
Amador,2021-03-20,78,16656,37,4642,41,11944,0,70,29,7415,48,4692,30,12107,California
Amador,2021-03-21,45,16701,34,4676,10,11954,1,71,28,7430,16,4708,31,12138,California
Amador,2021-03-22,117,16818,35,4711,53,12007,29,100,49,7441,67,4775,78,12216,California
Amador,2021-03-23,438,17256,49,4760,381,12388,8,108,280,7573,156,4931,288,12504,California
Amador,2021-03-24,341,17597,34,4794,54,12442,253,361,34,7552,306,5237,285,12789,California
Amador,2021-03-25,603,18200,85,4879,513,12955,5,366,391,7742,209,5446,399,13188,California
Amador,2021-03-26,735,18935,39,4918,690,13645,6,372,287,7600,447,5893,305,13493,California
Amador,2021-03-27,86,19021,14,4932,71,13716,1,373,27,7572,58,5951,30,13523,California
Amador,2021-03-28,68,19089,14,4946,52,13768,2,375,12,7530,56,6007,14,13537,California
Amador,2021-03-29,181,19270,27,4973,153,13921,1,376,79,7518,98,6105,86,13623,California
Amador,2021-03-30,161,19431,22,4995,139,14060,0,376,98,7553,63,6168,98,13721,California
Amador,2021-03-31,149,19580,57,5052,87,14147,5,381,44,7501,105,6273,53,13774,California
Amador,2021-04-01,209,19789,72,5124,137,14284,0,381,62,7427,146,6419,72,13846,California
Amador,2021-04-02,202,19991,34,5158,159,14443,9,390,66,7374,136,6555,83,13929,California
Amador,2021-04-03,63,20054,15,5173,41,14484,7,397,21,7362,42,6597,30,13959,California
Amador,2021-04-04,9,20063,2,5175,7,14491,0,397,1,7355,8,6605,1,13960,California
Butte,2020-12-16,3,3,3,3,0,0,0,0,3,3,0,0,3,3,California
Butte,2020-12-17,20,23,20,23,0,0,0,0,20,23,0,0,20,23,California
Butte,2020-12-18,50,73,50,73,0,0,0,0,50,73,0,0,50,73,California
Butte,2020-12-19,7,80,7,80,0,0,0,0,7,80,0,0,7,80,California
Butte,2020-12-20,10,90,10,90,0,0,0,0,10,90,0,0,10,90,California
Butte,2020-12-21,633,723,633,723,0,0,0,0,633,723,0,0,633,723,California
Butte,2020-12-22,618,1341,616,1339,2,2,0,0,618,1341,0,0,618,1341,California
Butte,2020-12-23,870,2211,854,2193,16,18,0,0,870,2211,0,0,870,2211,California
Butte,2020-12-24,160,2371,157,2350,3,21,0,0,160,2371,0,0,160,2371,California
Butte,2020-12-26,93,2464,91,2441,2,23,0,0,93,2464,0,0,93,2464,California
Butte,2020-12-27,35,2499,34,2475,1,24,0,0,35,2499,0,0,35,2499,California
Butte,2020-12-28,280,2779,274,2749,6,30,0,0,280,2779,0,0,280,2779,California
Butte,2020-12-29,204,2983,180,2929,24,54,0,0,204,2983,0,0,204,2983,California
Butte,2020-12-30,498,3481,289,3218,209,263,0,0,498,3481,0,0,498,3481,California
Butte,2020-12-31,210,3691,18,3236,192,455,0,0,210,3691,0,0,210,3691,California
Butte,2021-01-01,7,3698,1,3237,6,461,0,0,7,3698,0,0,7,3698,California
Butte,2021-01-02,37,3735,36,3273,1,462,0,0,37,3735,0,0,37,3735,California
Butte,2021-01-03,4,3739,1,3274,3,465,0,0,4,3739,0,0,4,3739,California
Butte,2021-01-04,206,3945,173,3447,33,498,0,0,206,3945,0,0,206,3945,California
Butte,2021-01-05,194,4139,151,3598,43,541,0,0,193,4137,1,1,193,4138,California
Butte,2021-01-06,623,4762,396,3994,227,768,0,0,619,4752,4,5,619,4757,California
Butte,2021-01-07,761,5523,369,4363,392,1160,0,0,742,5475,19,24,742,5499,California
Butte,2021-01-08,570,6093,529,4892,41,1201,0,0,524,5953,46,70,524,6023,California
Butte,2021-01-09,12,6105,7,4899,5,1206,0,0,7,5955,5,75,7,6030,California
Butte,2021-01-10,19,6124,5,4904,14,1220,0,0,14,5964,5,80,14,6044,California
Butte,2021-01-11,987,7111,951,5855,36,1256,0,0,358,5696,629,709,361,6405,California
Butte,2021-01-12,697,7808,652,6507,45,1301,0,0,274,5547,423,1132,274,6679,California
Butte,2021-01-13,1446,9254,955,7462,491,1792,0,0,611,5325,835,1967,613,7292,California
Butte,2021-01-14,1637,10891,898,8360,739,2531,0,0,1440,6569,196,2163,1440,8732,California
Butte,2021-01-15,1169,12060,926,9286,243,2774,0,0,1059,7517,111,2274,1059,9791,California
Butte,2021-01-16,584,12644,300,9586,284,3058,0,0,539,8011,45,2319,539,10330,California
Butte,2021-01-17,239,12883,64,9650,175,3233,0,0,202,8176,37,2356,202,10532,California
Butte,2021-01-18,343,13226,302,9952,41,3274,0,0,275,8384,67,2423,275,10807,California
Butte,2021-01-19,489,13715,426,10378,63,3337,0,0,216,8330,273,2696,219,11026,California
Butte,2021-01-20,1346,15061,664,11042,682,4019,0,0,1046,9076,300,2996,1046,12072,California
Butte,2021-01-21,1475,16536,867,11909,608,4627,0,0,1369,10340,105,3101,1369,13441,California
Butte,2021-01-22,988,17524,333,12242,655,5282,0,0,935,11222,53,3154,935,14376,California
Butte,2021-01-23,123,17647,82,12324,41,5323,0,0,98,11295,25,3179,98,14474,California
Butte,2021-01-24,8,17655,6,12330,2,5325,0,0,8,11303,0,3179,8,14482,California
Butte,2021-01-25,650,18305,334,12664,316,5641,0,0,488,11629,162,3341,488,14970,California
Butte,2021-01-26,1459,19764,376,13040,1083,6724,0,0,1322,12815,137,3478,1323,16293,California
Butte,2021-01-27,2075,21839,704,13744,1371,8095,0,0,1360,13460,715,4193,1360,17653,California
Butte,2021-01-28,2255,24094,259,14003,1996,10091,0,0,1947,15100,307,4500,1947,19600,California
Butte,2021-01-29,1672,25766,487,14490,1185,11276,0,0,1292,16014,378,4878,1292,20892,California
Butte,2021-01-30,32,25798,10,14500,22,11298,0,0,29,16040,3,4881,29,20921,California
Butte,2021-01-31,16,25814,14,14514,2,11300,0,0,15,16054,1,4882,15,20936,California
Butte,2021-02-01,1738,27552,404,14918,1334,12634,0,0,1353,17025,383,5265,1354,22290,California
Butte,2021-02-02,1930,29482,362,15280,1568,14202,0,0,1626,18347,304,5569,1626,23916,California
Butte,2021-02-03,2730,32212,772,16052,1958,16160,0,0,1839,19297,889,6458,1839,25755,California
Butte,2021-02-04,2955,35167,325,16377,2630,18790,0,0,2399,21142,554,7012,2399,28154,California
Butte,2021-02-05,1167,36334,661,17038,506,19296,0,0,540,21055,627,7639,540,28694,California
Butte,2021-02-06,142,36476,102,17140,40,19336,0,0,60,21033,82,7721,60,28754,California
Butte,2021-02-07,39,36515,35,17175,4,19340,0,0,15,21024,24,7745,15,28769,California
Butte,2021-02-08,691,37206,540,17715,151,19491,0,0,241,20815,450,8195,241,29010,California
Butte,2021-02-09,950,38156,456,18171,494,19985,0,0,723,21311,227,8422,723,29733,California
Butte,2021-02-10,1706,39862,1190,19361,516,20501,0,0,697,21000,1008,9430,697,30430,California
Butte,2021-02-11,2199,42061,1351,20712,848,21349,0,0,1005,20812,1194,10624,1006,31436,California
Butte,2021-02-12,860,42921,298,21010,562,21911,0,0,313,20579,546,11170,313,31749,California
Butte,2021-02-13,246,43167,45,21055,201,22112,0,0,145,20622,102,11272,145,31894,California
Butte,2021-02-14,160,43327,11,21066,149,22261,0,0,155,20772,5,11277,155,32049,California
Butte,2021-02-15,258,43585,47,21113,211,22472,0,0,196,20906,62,11339,196,32245,California
Butte,2021-02-16,735,44320,433,21546,302,22774,0,0,278,20727,457,11796,278,32523,California
Butte,2021-02-17,1507,45827,843,22389,664,23438,0,0,834,20889,672,12468,834,33357,California
Butte,2021-02-18,1549,47376,754,23143,795,24233,0,0,745,20830,804,13272,745,34102,California
Butte,2021-02-19,1167,48543,389,23532,778,25011,0,0,404,20476,758,14030,404,34506,California
Butte,2021-02-20,477,49020,33,23565,444,25455,0,0,122,20244,354,14384,122,34628,California
Butte,2021-02-21,14,49034,12,23577,2,25457,0,0,10,20250,4,14388,10,34638,California
Butte,2021-02-22,1488,50522,293,23870,1195,26652,0,0,388,19539,1099,15487,388,35026,California
Butte,2021-02-23,1626,52148,300,24170,1326,27978,0,0,465,18848,1156,16643,465,35491,California
Butte,2021-02-24,2112,54260,594,24764,1518,29496,0,0,727,18197,1378,18021,727,36218,California
Butte,2021-02-25,2070,56330,578,25342,1492,30988,0,0,666,17463,1401,19422,667,36885,California
Butte,2021-02-26,922,57252,318,25660,604,31592,0,0,400,17344,519,19941,400,37285,California
Butte,2021-02-27,231,57483,43,25703,188,31780,0,0,184,17483,45,19986,184,37469,California
Butte,2021-02-28,141,57624,19,25722,122,31902,0,0,131,17604,10,19996,131,37600,California
Butte,2021-03-01,1525,59149,175,25897,1350,33252,0,0,321,16723,1203,21199,322,37922,California
Butte,2021-03-02,1662,60811,191,26088,1471,34723,0,0,300,15664,1359,22558,300,38222,California
Butte,2021-03-03,2602,63413,814,26902,1788,36511,0,0,444,13952,2157,24715,445,38667,California
Butte,2021-03-04,3001,66414,660,27562,2341,38852,0,0,601,12154,2399,27114,601,39268,California
Butte,2021-03-05,1298,67712,599,28161,698,39550,1,1,700,12256,599,27713,701,39969,California
Butte,2021-03-06,198,67910,30,28191,147,39697,21,22,144,12368,53,27766,165,40134,California
Butte,2021-03-07,61,67971,9,28200,35,39732,17,39,32,12388,29,27795,49,40183,California
Butte,2021-03-08,1229,69200,132,28332,1029,40761,68,107,1079,13388,148,27943,1148,41331,California
Butte,2021-03-09,1868,71068,278,28610,1487,42248,103,210,1381,14386,486,28429,1484,42815,California
Butte,2021-03-10,2216,73284,934,29544,1234,43482,48,258,1541,15305,670,29099,1589,44404,California
Butte,2021-03-11,2694,75978,1272,30816,1314,44796,108,366,1899,16528,785,29884,2008,46412,California
Butte,2021-03-12,955,76933,285,31101,401,45197,269,635,330,16506,620,30504,598,47010,California
Butte,2021-03-13,191,77124,54,31155,92,45289,45,680,59,16478,132,30636,104,47114,California
Butte,2021-03-14,120,77244,14,31169,65,45354,41,721,20,16439,100,30736,61,47175,California
Butte,2021-03-15,1673,78917,349,31518,1052,46406,272,993,1106,17253,564,31300,1378,48553,California
Butte,2021-03-16,1607,80524,411,31929,1124,47530,72,1065,1071,17862,534,31834,1143,49696,California
Butte,2021-03-17,1873,82397,1332,33261,466,47996,75,1140,1082,18233,786,32620,1157,50853,California
Butte,2021-03-18,1521,83918,1205,34466,202,48198,114,1254,881,18591,637,33257,995,51848,California
Butte,2021-03-19,541,84459,242,34708,229,48427,70,1324,255,18636,281,33538,326,52174,California
Butte,2021-03-20,159,84618,30,34738,114,48541,15,1339,75,18643,83,33621,90,52264,California
Butte,2021-03-21,64,84682,29,34767,6,48547,29,1368,22,18652,42,33663,51,52315,California
Butte,2021-03-22,1434,86116,335,35102,1010,49557,89,1457,1176,19663,255,33918,1266,53581,California
Butte,2021-03-23,1748,87864,448,35550,1194,50751,106,1563,1417,20855,330,34248,1522,55103,California
Butte,2021-03-24,2091,89955,1127,36677,851,51602,113,1676,1573,22028,514,34762,1687,56790,California
Butte,2021-03-25,1400,91355,1112,37789,195,51797,93,1769,935,22594,463,35225,1029,57819,California
Butte,2021-03-26,1161,92516,395,38184,525,52322,241,2010,519,22726,634,35859,766,58585,California
Butte,2021-03-27,308,92824,76,38260,208,52530,24,2034,133,22713,173,36032,160,58745,California
Butte,2021-03-28,212,93036,36,38296,169,52699,7,2041,87,22684,122,36154,93,58838,California
Butte,2021-03-29,1684,94720,350,38646,1265,53964,69,2110,1268,23609,412,36566,1337,60175,California
Butte,2021-03-30,989,95709,442,39088,459,54423,88,2198,450,23616,534,37100,541,60716,California
Butte,2021-03-31,1658,97367,1217,40305,376,54799,65,2263,1023,24104,633,37733,1121,61837,California
Butte,2021-04-01,3132,100499,2590,42895,422,55221,120,2383,2096,25306,1029,38762,2231,64068,California
Butte,2021-04-02,923,101422,383,43278,439,55660,101,2484,529,25559,384,39146,637,64705,California
Butte,2021-04-03,317,101739,52,43330,209,55869,56,2540,161,25626,155,39301,222,64927,California
Butte,2021-04-04,12,101751,5,43335,4,55873,3,2543,1,25619,11,39312,4,64931,California
Calaveras,2020-12-16,5,5,5,5,0,0,0,0,5,5,0,0,5,5,California
Calaveras,2020-12-17,3,8,3,8,0,0,0,0,3,8,0,0,3,8,California
Calaveras,2020-12-18,38,46,38,46,0,0,0,0,38,46,0,0,38,46,California
Calaveras,2020-12-19,3,49,3,49,0,0,0,0,3,49,0,0,3,49,California
Calaveras,2020-12-20,3,52,3,52,0,0,0,0,3,52,0,0,3,52,California
Calaveras,2020-12-21,55,107,48,100,7,7,0,0,55,107,0,0,55,107,California
Calaveras,2020-12-22,81,188,77,177,4,11,0,0,82,189,0,0,82,189,California
Calaveras,2020-12-23,77,265,75,252,2,13,0,0,86,275,0,0,86,275,California
Calaveras,2020-12-24,2,267,2,254,0,13,0,0,2,277,0,0,2,277,California
Calaveras,2020-12-26,3,270,3,257,0,13,0,0,3,280,0,0,3,280,California
Calaveras,2020-12-28,22,292,18,275,4,17,0,0,21,300,1,1,21,301,California
Calaveras,2020-12-29,166,458,147,422,19,36,0,0,166,466,0,1,166,467,California
Calaveras,2020-12-30,94,552,82,504,12,48,0,0,94,560,0,1,94,561,California
Calaveras,2020-12-31,36,588,26,530,10,58,0,0,36,596,0,1,36,597,California
Calaveras,2021-01-02,11,599,11,541,0,58,0,0,11,607,0,1,11,608,California
Calaveras,2021-01-03,8,607,3,544,5,63,0,0,8,615,0,1,8,616,California
Calaveras,2021-01-04,33,640,5,549,28,91,0,0,33,648,0,1,33,649,California
Calaveras,2021-01-05,39,679,9,558,30,121,0,0,38,683,3,4,38,687,California
Calaveras,2021-01-06,109,788,30,588,79,200,0,0,99,772,10,14,99,786,California
Calaveras,2021-01-07,108,896,27,615,81,281,0,0,95,856,12,26,96,882,California
Calaveras,2021-01-08,68,964,37,652,31,312,0,0,46,881,22,48,47,929,California
Calaveras,2021-01-09,6,970,6,658,0,312,0,0,2,879,4,52,2,931,California
Calaveras,2021-01-10,2,972,0,658,2,314,0,0,2,881,0,52,2,933,California
Calaveras,2021-01-11,63,1035,58,716,5,319,0,0,28,875,34,86,28,961,California
Calaveras,2021-01-12,87,1122,54,770,33,352,0,0,54,896,33,119,54,1015,California
Calaveras,2021-01-13,107,1229,43,813,64,416,0,0,74,938,33,152,75,1090,California
Calaveras,2021-01-14,137,1366,41,854,96,512,0,0,102,1006,34,186,102,1192,California
Calaveras,2021-01-15,112,1478,51,905,61,573,0,0,85,1065,27,213,86,1278,California
Calaveras,2021-01-16,13,1491,2,907,11,584,0,0,12,1076,1,214,12,1290,California
Calaveras,2021-01-17,10,1501,1,908,9,593,0,0,10,1086,0,214,10,1300,California
Calaveras,2021-01-18,132,1633,20,928,112,705,0,0,119,1195,13,227,122,1422,California
Calaveras,2021-01-19,200,1833,172,1100,28,733,0,0,60,1117,138,365,60,1482,California
Calaveras,2021-01-20,393,2226,79,1179,314,1047,0,0,309,1351,83,448,317,1799,California
Calaveras,2021-01-21,462,2688,40,1219,422,1469,0,0,435,1765,27,475,441,2240,California
Calaveras,2021-01-22,431,3119,22,1241,409,1878,0,0,421,2183,10,485,428,2668,California
Calaveras,2021-01-23,23,3142,10,1251,13,1891,0,0,19,2198,4,489,19,2687,California
Calaveras,2021-01-24,15,3157,9,1260,6,1897,0,0,13,2209,2,491,13,2700,California
Calaveras,2021-01-25,121,3278,7,1267,114,2011,0,0,116,2320,5,496,116,2816,California
Calaveras,2021-01-26,47,3325,17,1284,30,2041,0,0,37,2347,10,506,37,2853,California
Calaveras,2021-01-27,160,3485,44,1328,116,2157,0,0,133,2454,26,532,133,2986,California
Calaveras,2021-01-28,165,3650,22,1350,143,2300,0,0,141,2574,24,556,144,3130,California
Calaveras,2021-01-29,444,4094,34,1384,410,2710,0,0,424,2985,20,576,431,3561,California
Calaveras,2021-01-30,27,4121,10,1394,17,2727,0,0,26,3011,0,576,26,3587,California
Calaveras,2021-01-31,5,4126,2,1396,3,2730,0,0,4,3014,1,577,4,3591,California
Calaveras,2021-02-01,55,4181,41,1437,14,2744,0,0,36,3031,19,596,36,3627,California
Calaveras,2021-02-02,110,4291,25,1462,85,2829,0,0,71,3064,39,635,72,3699,California
Calaveras,2021-02-03,442,4733,43,1505,399,3228,0,0,358,3340,83,718,359,4058,California
Calaveras,2021-02-04,380,5113,24,1529,356,3584,0,0,296,3554,82,800,296,4354,California
Calaveras,2021-02-05,80,5193,22,1551,58,3642,0,0,41,3558,39,839,43,4397,California
Calaveras,2021-02-06,22,5215,13,1564,9,3651,0,0,22,3580,0,839,22,4419,California
Calaveras,2021-02-07,4,5219,1,1565,3,3654,0,0,2,3580,2,841,2,4421,California
Calaveras,2021-02-08,36,5255,18,1583,18,3672,0,0,28,3602,7,848,29,4450,California
Calaveras,2021-02-09,210,5465,93,1676,117,3789,0,0,147,3692,57,905,147,4597,California
Calaveras,2021-02-10,507,5972,28,1704,479,4268,0,0,441,4068,66,971,442,5039,California
Calaveras,2021-02-11,580,6552,75,1779,505,4773,0,0,473,4437,105,1076,474,5513,California
Calaveras,2021-02-12,565,7117,323,2102,242,5015,0,0,492,4858,72,1148,493,6006,California
Calaveras,2021-02-13,192,7309,37,2139,155,5170,0,0,177,5020,15,1163,177,6183,California
Calaveras,2021-02-14,215,7524,73,2212,142,5312,0,0,201,5207,14,1177,201,6384,California
Calaveras,2021-02-15,375,7899,20,2232,355,5667,0,0,257,5350,115,1292,258,6642,California
Calaveras,2021-02-16,298,8197,174,2406,124,5791,0,0,243,5538,55,1347,243,6885,California
Calaveras,2021-02-17,524,8721,35,2441,489,6280,0,0,209,5440,308,1655,210,7095,California
Calaveras,2021-02-18,492,9213,88,2529,404,6684,0,0,97,5151,386,2041,97,7192,California
Calaveras,2021-02-19,440,9653,44,2573,396,7080,0,0,99,4918,332,2373,99,7291,California
Calaveras,2021-02-20,60,9713,15,2588,45,7125,0,0,48,4954,12,2385,48,7339,California
Calaveras,2021-02-21,21,9734,12,2600,9,7134,0,0,18,4969,3,2388,18,7357,California
Calaveras,2021-02-22,65,9799,39,2639,26,7160,0,0,34,4972,31,2419,34,7391,California
Calaveras,2021-02-23,149,9948,67,2706,82,7242,0,0,100,5025,49,2468,102,7493,California
Calaveras,2021-02-24,96,10044,45,2751,51,7293,0,0,66,5061,30,2498,66,7559,California
Calaveras,2021-02-25,553,10597,99,2850,454,7747,0,0,360,5231,190,2688,360,7919,California
Calaveras,2021-02-26,669,11266,44,2894,625,8372,0,0,365,5307,291,2979,367,8286,California
Calaveras,2021-02-27,206,11472,21,2915,185,8557,0,0,182,5465,24,3003,182,8468,California
Calaveras,2021-02-28,99,11571,14,2929,85,8642,0,0,93,5553,6,3009,94,8562,California
Calaveras,2021-03-01,193,11764,59,2988,134,8776,0,0,146,5653,46,3055,146,8708,California
Calaveras,2021-03-02,243,12007,92,3080,151,8927,0,0,200,5813,41,3096,201,8909,California
Calaveras,2021-03-03,481,12488,97,3177,384,9311,0,0,188,5712,290,3386,189,9098,California
Calaveras,2021-03-04,686,13174,61,3238,625,9936,0,0,332,5699,350,3736,337,9435,California
Calaveras,2021-03-05,444,13618,269,3507,170,10106,5,5,122,5513,320,4056,134,9569,California
Calaveras,2021-03-06,135,13753,42,3549,87,10193,6,11,100,5585,35,4091,107,9676,California
Calaveras,2021-03-07,75,13828,32,3581,35,10228,8,19,30,5581,44,4135,40,9716,California
Calaveras,2021-03-08,124,13952,22,3603,95,10323,7,26,92,5651,32,4167,102,9818,California
Calaveras,2021-03-09,383,14335,153,3756,225,10548,5,31,38,5352,342,4509,43,9861,California
Calaveras,2021-03-10,407,14742,29,3785,376,10924,2,33,42,5033,363,4872,44,9905,California
Calaveras,2021-03-11,841,15583,413,4198,416,11340,12,45,413,5032,426,5298,425,10330,California
Calaveras,2021-03-12,351,15934,216,4414,126,11466,9,54,226,5189,125,5423,282,10612,California
Calaveras,2021-03-13,91,16025,17,4431,69,11535,5,59,26,5187,65,5488,63,10675,California
Calaveras,2021-03-14,89,16114,10,4441,78,11613,1,60,8,5124,80,5568,17,10692,California
Calaveras,2021-03-15,330,16444,47,4488,257,11870,26,86,51,4928,278,5846,82,10774,California
Calaveras,2021-03-16,716,17160,577,5065,119,11989,20,106,562,5361,150,5996,583,11357,California
Calaveras,2021-03-17,272,17432,45,5110,215,12204,12,118,47,5197,224,6220,60,11417,California
Calaveras,2021-03-18,649,18081,565,5675,69,12273,15,133,543,5650,106,6326,559,11976,California
Calaveras,2021-03-19,226,18307,44,5719,110,12383,72,205,54,5606,169,6495,125,12101,California
Calaveras,2021-03-20,62,18369,17,5736,45,12428,0,205,19,5583,43,6538,20,12121,California
Calaveras,2021-03-21,47,18416,30,5766,6,12434,11,216,12,5572,35,6573,24,12145,California
Calaveras,2021-03-22,81,18497,36,5802,24,12458,21,237,26,5564,55,6628,47,12192,California
Calaveras,2021-03-23,301,18798,218,6020,73,12531,10,247,123,5525,172,6800,133,12325,California
Calaveras,2021-03-24,133,18931,47,6067,76,12607,10,257,52,5506,81,6881,62,12387,California
Calaveras,2021-03-25,736,19667,100,6167,634,13241,2,259,446,5669,286,7167,449,12836,California
Calaveras,2021-03-26,424,20091,28,6195,390,13631,6,265,94,5447,327,7494,105,12941,California
Calaveras,2021-03-27,208,20299,18,6213,186,13817,4,269,32,5314,173,7667,40,12981,California
Calaveras,2021-03-28,107,20406,7,6220,98,13915,2,271,6,5223,100,7767,9,12990,California
Calaveras,2021-03-29,173,20579,20,6240,151,14066,2,273,59,5175,113,7880,65,13055,California
Calaveras,2021-03-30,541,21120,32,6272,493,14559,16,289,375,5403,164,8044,392,13447,California
Calaveras,2021-03-31,301,21421,133,6405,158,14717,10,299,157,5428,143,8187,168,13615,California
Calaveras,2021-04-01,649,22070,427,6832,221,14938,1,300,171,5133,475,8662,180,13795,California
Calaveras,2021-04-02,357,22427,223,7055,127,15065,7,307,97,4984,258,8920,109,13904,California
Calaveras,2021-04-03,110,22537,21,7076,89,15154,0,307,32,4939,78,8998,33,13937,California
Colusa,2020-12-18,1,1,1,1,0,0,0,0,1,1,0,0,1,1,California
Colusa,2020-12-21,2,3,2,3,0,0,0,0,2,3,0,0,2,3,California
Colusa,2020-12-22,10,13,10,13,0,0,0,0,10,13,0,0,10,13,California
Colusa,2020-12-23,10,23,10,23,0,0,0,0,10,23,0,0,10,23,California
Colusa,2020-12-24,2,25,1,24,1,1,0,0,2,25,0,0,2,25,California
Colusa,2020-12-27,1,26,1,25,0,1,0,0,1,26,0,0,1,26,California
Colusa,2020-12-28,7,33,3,28,4,5,0,0,7,33,0,0,7,33,California
Colusa,2020-12-29,11,44,7,35,4,9,0,0,11,44,0,0,11,44,California
Colusa,2020-12-30,50,94,13,48,37,46,0,0,50,94,0,0,50,94,California
Colusa,2020-12-31,18,112,1,49,17,63,0,0,18,112,0,0,18,112,California
Colusa,2021-01-04,5,117,0,49,5,68,0,0,5,117,0,0,5,117,California
Colusa,2021-01-05,68,185,1,50,67,135,0,0,68,185,0,0,68,185,California
Colusa,2021-01-06,15,200,9,59,6,141,0,0,15,200,0,0,15,200,California
Colusa,2021-01-07,37,237,4,63,33,174,0,0,36,235,1,1,36,236,California
Colusa,2021-01-08,9,246,7,70,2,176,0,0,8,242,1,2,8,244,California
Colusa,2021-01-09,3,249,1,71,2,178,0,0,3,245,0,2,3,247,California
Colusa,2021-01-10,1,250,0,71,1,179,0,0,1,246,0,2,1,248,California
Colusa,2021-01-11,12,262,6,77,6,185,0,0,7,248,5,7,7,255,California
Colusa,2021-01-12,11,273,9,86,2,187,0,0,6,249,5,12,6,261,California
Colusa,2021-01-13,21,294,13,99,8,195,0,0,13,254,8,20,13,274,California
Colusa,2021-01-14,35,329,28,127,7,202,0,0,33,285,2,22,33,307,California
Colusa,2021-01-15,43,372,5,132,38,240,0,0,41,324,2,24,41,348,California
Colusa,2021-01-16,12,384,1,133,11,251,0,0,11,334,1,25,11,359,California
Colusa,2021-01-17,3,387,2,135,1,252,0,0,2,335,1,26,2,361,California
Colusa,2021-01-18,4,391,0,135,4,256,0,0,4,339,0,26,4,365,California
Colusa,2021-01-19,9,400,8,143,1,257,0,0,5,340,4,30,5,370,California
Colusa,2021-01-20,114,514,101,244,13,270,0,0,101,428,13,43,101,471,California
Colusa,2021-01-21,56,570,41,285,15,285,0,0,55,482,1,44,55,526,California
Colusa,2021-01-22,39,609,17,302,22,307,0,0,34,511,5,49,34,560,California
Colusa,2021-01-23,36,645,6,308,30,337,0,0,36,547,0,49,36,596,California
Colusa,2021-01-25,7,652,0,308,7,344,0,0,7,554,0,49,7,603,California
Colusa,2021-01-26,9,661,5,313,4,348,0,0,5,555,4,53,5,608,California
Colusa,2021-01-27,107,768,31,344,76,424,0,0,105,658,2,55,105,713,California
Colusa,2021-01-28,78,846,45,389,33,457,0,0,72,724,6,61,72,785,California
Colusa,2021-01-29,40,886,6,395,34,491,0,0,39,762,1,62,39,824,California
Colusa,2021-01-30,27,913,4,399,23,514,0,0,27,789,0,62,27,851,California
Colusa,2021-01-31,7,920,7,406,0,514,0,0,7,796,0,62,7,858,California
Colusa,2021-02-01,27,947,10,416,17,531,0,0,22,813,5,67,22,880,California
Colusa,2021-02-02,42,989,8,424,34,565,0,0,36,843,6,73,36,916,California
Colusa,2021-02-03,70,1059,10,434,60,625,0,0,59,891,11,84,59,975,California
Colusa,2021-02-04,143,1202,81,515,62,687,0,0,116,980,27,111,116,1091,California
Colusa,2021-02-05,33,1235,8,523,25,712,0,0,30,1007,3,114,30,1121,California
Colusa,2021-02-06,287,1522,8,531,279,991,0,0,275,1271,11,125,275,1396,California
Colusa,2021-02-07,2,1524,1,532,1,992,0,0,0,1269,2,127,0,1396,California
Colusa,2021-02-08,40,1564,5,537,35,1027,0,0,37,1303,3,130,37,1433,California
Colusa,2021-02-09,232,1796,14,551,218,1245,0,0,176,1423,56,186,176,1609,California
Colusa,2021-02-10,115,1911,41,592,74,1319,0,0,71,1451,44,230,72,1681,California
Colusa,2021-02-11,97,2008,36,628,61,1380,0,0,72,1498,25,255,72,1753,California
Colusa,2021-02-12,119,2127,9,637,110,1490,0,0,79,1536,41,296,79,1832,California
Colusa,2021-02-13,60,2187,9,646,51,1541,0,0,52,1580,8,304,52,1884,California
Colusa,2021-02-14,20,2207,8,654,12,1553,0,0,14,1589,5,309,14,1898,California
Colusa,2021-02-15,46,2253,10,664,36,1589,0,0,39,1621,7,316,39,1937,California
Colusa,2021-02-16,67,2320,4,668,63,1652,0,0,66,1686,1,317,66,2003,California
Colusa,2021-02-17,206,2526,143,811,63,1715,0,0,60,1600,146,463,60,2063,California
Colusa,2021-02-18,138,2664,36,847,102,1817,0,0,114,1690,24,487,114,2177,California
Colusa,2021-02-19,155,2819,19,866,136,1953,0,0,129,1793,26,513,129,2306,California
Colusa,2021-02-20,26,2845,5,871,21,1974,0,0,9,1786,17,530,10,2316,California
Colusa,2021-02-21,1,2846,1,872,0,1974,0,0,0,1785,1,531,0,2316,California
Colusa,2021-02-22,42,2888,25,897,17,1991,0,0,28,1799,14,545,28,2344,California
Colusa,2021-02-23,19,2907,4,901,15,2006,0,0,16,1812,3,548,16,2360,California
Colusa,2021-02-24,299,3206,54,955,245,2251,0,0,157,1827,142,690,157,2517,California
Colusa,2021-02-25,99,3305,53,1008,46,2297,0,0,64,1856,35,725,64,2581,California
Colusa,2021-02-26,98,3403,14,1022,84,2381,0,0,59,1876,39,764,59,2640,California
Colusa,2021-02-27,55,3458,4,1026,51,2432,0,0,40,1901,15,779,40,2680,California
Colusa,2021-02-28,26,3484,14,1040,12,2444,0,0,17,1909,9,788,17,2697,California
Colusa,2021-03-01,45,3529,15,1055,30,2474,0,0,28,1920,17,805,28,2725,California
Colusa,2021-03-02,47,3576,13,1068,34,2508,0,0,23,1920,23,828,23,2748,California
Colusa,2021-03-03,220,3796,37,1105,183,2691,0,0,164,2028,56,884,164,2912,California
Colusa,2021-03-04,135,3931,57,1162,78,2769,0,0,78,2049,57,941,78,2990,California
Colusa,2021-03-05,91,4022,19,1181,63,2832,9,9,45,2057,46,987,54,3044,California
Colusa,2021-03-06,246,4268,10,1191,236,3068,0,9,32,1875,214,1201,32,3076,California
Colusa,2021-03-07,8,4276,5,1196,3,3071,0,9,6,1879,2,1203,6,3082,California
Colusa,2021-03-08,84,4360,17,1213,30,3101,37,46,37,1905,47,1250,73,3155,California
Colusa,2021-03-09,262,4622,63,1276,180,3281,19,65,78,1818,184,1434,97,3252,California
Colusa,2021-03-10,241,4863,34,1310,193,3474,14,79,179,1950,61,1495,193,3445,California
Colusa,2021-03-11,400,5263,54,1364,324,3798,22,101,316,2204,84,1579,338,3783,California
Colusa,2021-03-12,91,5354,14,1378,65,3863,12,113,17,2160,74,1653,30,3813,California
Colusa,2021-03-13,55,5409,14,1392,34,3897,7,120,17,2146,38,1691,24,3837,California
Colusa,2021-03-14,11,5420,0,1392,9,3906,2,122,4,2145,7,1698,6,3843,California
Colusa,2021-03-15,69,5489,27,1419,35,3941,7,129,16,2115,53,1751,23,3866,California
Colusa,2021-03-16,267,5756,15,1434,205,4146,47,176,158,2211,109,1860,205,4071,California
Colusa,2021-03-17,165,5921,45,1479,120,4266,0,176,81,2208,84,1944,81,4152,California
Colusa,2021-03-18,284,6205,28,1507,188,4454,68,244,169,2330,115,2059,237,4389,California
Colusa,2021-03-19,58,6263,15,1522,42,4496,1,245,43,2359,15,2074,44,4433,California
Colusa,2021-03-20,36,6299,6,1528,29,4525,1,246,27,2378,9,2083,28,4461,California
Colusa,2021-03-21,6,6305,5,1533,1,4526,0,246,4,2380,2,2085,4,4465,California
Colusa,2021-03-22,59,6364,9,1542,42,4568,8,254,38,2405,21,2106,46,4511,California
Colusa,2021-03-23,74,6438,16,1558,56,4624,2,256,48,2430,25,2131,50,4561,California
Colusa,2021-03-24,330,6768,55,1613,272,4896,3,259,72,2247,257,2388,74,4635,California
Colusa,2021-03-25,102,6870,54,1667,43,4939,5,264,48,2246,54,2442,53,4688,California
Colusa,2021-03-26,281,7151,43,1710,235,5174,3,267,230,2432,51,2493,237,4925,California
Colusa,2021-03-27,64,7215,5,1715,59,5233,0,267,26,2420,38,2531,26,4951,California
Colusa,2021-03-28,16,7231,7,1722,9,5242,0,267,8,2420,8,2539,8,4959,California
Colusa,2021-03-29,68,7299,19,1741,44,5286,5,272,29,2415,39,2578,34,4993,California
Colusa,2021-03-30,139,7438,70,1811,67,5353,2,274,75,2428,64,2642,77,5070,California
Colusa,2021-03-31,223,7661,35,1846,188,5541,0,274,71,2366,152,2794,90,5160,California
Colusa,2021-04-01,352,8013,68,1914,232,5773,52,326,237,2541,115,2909,290,5450,California
Colusa,2021-04-02,77,8090,13,1927,51,5824,13,339,39,2555,38,2947,52,5502,California
Colusa,2021-04-03,57,8147,5,1932,29,5853,23,362,11,2544,46,2993,35,5537,California
Colusa,2021-04-04,1,8148,0,1932,0,5853,1,363,0,2544,1,2994,1,5538,California
Contra Costa,2020-12-15,19,19,19,19,0,0,0,0,19,19,0,0,19,19,California
Contra Costa,2020-12-16,522,541,522,541,0,0,0,0,522,541,0,0,522,541,California
Contra Costa,2020-12-17,906,1447,906,1447,0,0,0,0,906,1447,0,0,906,1447,California
Contra Costa,2020-12-18,1592,3039,1591,3038,1,1,0,0,1592,3039,0,0,1592,3039,California
Contra Costa,2020-12-19,1105,4144,1104,4142,1,2,0,0,1105,4144,0,0,1105,4144,California
Contra Costa,2020-12-20,582,4726,581,4723,1,3,0,0,582,4726,0,0,582,4726,California
Contra Costa,2020-12-21,1656,6382,1654,6377,2,5,0,0,1656,6382,0,0,1656,6382,California
Contra Costa,2020-12-22,1667,8049,1560,7937,107,112,0,0,1667,8049,0,0,1667,8049,California
Contra Costa,2020-12-23,1572,9621,1327,9264,245,357,0,0,1572,9621,0,0,1572,9621,California
Contra Costa,2020-12-24,649,10270,333,9597,316,673,0,0,649,10270,0,0,649,10270,California
Contra Costa,2020-12-25,38,10308,16,9613,22,695,0,0,38,10308,0,0,38,10308,California
Contra Costa,2020-12-26,643,10951,133,9746,510,1205,0,0,643,10951,0,0,643,10951,California
Contra Costa,2020-12-27,238,11189,84,9830,154,1359,0,0,238,11189,0,0,238,11189,California
Contra Costa,2020-12-28,1819,13008,855,10685,964,2323,0,0,1819,13008,0,0,1819,13008,California
Contra Costa,2020-12-29,1829,14837,824,11509,1005,3328,0,0,1829,14837,0,0,1829,14837,California
Contra Costa,2020-12-30,2393,17230,1211,12720,1182,4510,0,0,2392,17229,0,0,2392,17229,California
Contra Costa,2020-12-31,909,18139,306,13026,603,5113,0,0,908,18137,0,0,908,18137,California
Contra Costa,2021-01-01,57,18196,23,13049,34,5147,0,0,57,18194,0,0,57,18194,California
Contra Costa,2021-01-02,332,18528,170,13219,162,5309,0,0,332,18526,0,0,332,18526,California
Contra Costa,2021-01-03,173,18701,115,13334,58,5367,0,0,172,18698,0,0,172,18698,California
Contra Costa,2021-01-04,1906,20607,1247,14581,659,6026,0,0,1886,20566,18,18,1886,20584,California
Contra Costa,2021-01-05,2095,22702,1254,15835,841,6867,0,0,1837,22147,257,275,1838,22422,California
Contra Costa,2021-01-06,3267,25969,2242,18077,1025,7892,0,0,2508,23904,753,1028,2510,24932,California
Contra Costa,2021-01-07,3085,29054,2053,20130,1032,8924,0,0,1873,24571,1209,2237,1876,26808,California
Contra Costa,2021-01-08,3360,32414,2376,22506,984,9908,0,0,1805,24830,1549,3786,1808,28616,California
Contra Costa,2021-01-09,1581,33995,1130,23636,451,10359,0,0,753,24757,827,4613,754,29370,California
Contra Costa,2021-01-10,361,34356,286,23922,75,10434,0,0,152,24700,209,4822,152,29522,California
Contra Costa,2021-01-11,3815,38171,3101,27023,714,11148,0,0,2222,25331,1593,6415,2224,31746,California
Contra Costa,2021-01-12,3893,42064,2923,29946,970,12118,0,0,2573,26584,1321,7736,2574,34320,California
Contra Costa,2021-01-13,4661,46725,2875,32821,1786,13904,0,0,3734,29397,923,8659,3736,38056,California
Contra Costa,2021-01-14,4294,51019,1556,34377,2738,16642,0,0,3907,32917,387,9046,3907,41963,California
Contra Costa,2021-01-15,5331,56350,2473,36850,2858,19500,0,0,5005,37601,325,9371,5009,46972,California
Contra Costa,2021-01-16,1714,58064,554,37404,1160,20660,0,0,1638,39163,76,9447,1638,48610,California
Contra Costa,2021-01-17,1645,59709,983,38387,662,21322,0,0,1519,40558,126,9573,1521,50131,California
Contra Costa,2021-01-18,3206,62915,1258,39645,1948,23270,0,0,2577,42514,623,10196,2579,52710,California
Contra Costa,2021-01-19,7059,69974,3155,42800,3904,27174,0,0,6061,47586,995,11191,6067,58777,California
Contra Costa,2021-01-20,6581,76555,4032,46832,2549,29723,0,0,5354,51724,1222,12413,5360,64137,California
Contra Costa,2021-01-21,6959,83514,3089,49921,3870,33593,0,0,6240,57254,714,13127,6244,70381,California
Contra Costa,2021-01-22,6343,89857,2693,52614,3650,37243,0,0,5485,61892,849,13976,5487,75868,California
Contra Costa,2021-01-23,2016,91873,356,52970,1660,38903,0,0,1763,63406,251,14227,1765,77633,California
Contra Costa,2021-01-24,1577,93450,213,53183,1364,40267,0,0,1432,64697,145,14372,1436,79069,California
Contra Costa,2021-01-25,6617,100067,3004,56187,3613,43880,0,0,5058,68202,1558,15930,5063,84132,California
Contra Costa,2021-01-26,8053,108120,4661,60848,3392,47272,0,0,6223,72606,1823,17753,6227,90359,California
Contra Costa,2021-01-27,8216,116336,5488,66336,2728,50000,0,0,6328,77138,1798,19551,6330,96689,California
Contra Costa,2021-01-28,7356,123692,4043,70379,3313,53313,0,0,5780,81350,1570,21121,5782,102471,California
Contra Costa,2021-01-29,7426,131118,3876,74255,3550,56863,0,0,6125,86179,1298,22419,6127,108598,California
Contra Costa,2021-01-30,2043,133161,558,74813,1485,58348,0,0,1719,87581,317,22736,1719,110317,California
Contra Costa,2021-01-31,744,133905,526,75339,218,58566,0,0,570,87983,168,22904,570,110887,California
Contra Costa,2021-02-01,5515,139420,3759,79098,1756,60322,0,0,3884,90247,1625,24529,3889,114776,California
Contra Costa,2021-02-02,7752,147172,5277,84375,2475,62797,0,0,5904,94306,1846,26375,5905,120681,California
Contra Costa,2021-02-03,8268,155440,5471,89846,2797,65594,0,0,5639,97325,2621,28996,5640,126321,California
Contra Costa,2021-02-04,7439,162879,3526,93372,3913,69507,0,0,5725,101341,1711,30707,5727,132048,California
Contra Costa,2021-02-05,8421,171300,4826,98198,3595,73102,0,0,5726,104378,2689,33396,5726,137774,California
Contra Costa,2021-02-06,3458,174758,2148,100346,1310,74412,0,0,2810,106542,647,34043,2811,140585,California
Contra Costa,2021-02-07,981,175739,713,101059,268,74680,0,0,605,106772,375,34418,605,141190,California
Contra Costa,2021-02-08,5804,181543,3443,104502,2361,77041,0,0,4323,109620,1476,35894,4324,145514,California
Contra Costa,2021-02-09,8621,190164,4763,109265,3858,80899,0,0,5753,112510,2863,38757,5753,151267,California
Contra Costa,2021-02-10,8575,198739,4620,113885,3955,84854,0,0,5390,114730,3173,41930,5393,156660,California
Contra Costa,2021-02-11,9186,207925,4192,118077,4994,89848,0,0,5236,116023,3944,45874,5237,161897,California
Contra Costa,2021-02-12,10039,217964,4603,122680,5436,95284,0,0,5452,116897,4582,50456,5456,167353,California
Contra Costa,2021-02-13,4843,222807,1348,124028,3495,98779,0,0,3381,118819,1459,51915,3381,170734,California
Contra Costa,2021-02-14,2068,224875,855,124883,1213,99992,0,0,1212,119176,855,52770,1212,171946,California
Contra Costa,2021-02-15,4417,229292,2453,127336,1964,101956,0,0,2333,119434,2078,54848,2336,174282,California
Contra Costa,2021-02-16,10387,239679,4889,132225,5498,107454,0,0,4630,118319,5750,60598,4635,178917,California
Contra Costa,2021-02-17,12202,251881,6093,138318,6109,113563,0,0,5578,117289,6610,67208,5580,184497,California
Contra Costa,2021-02-18,11414,263295,5956,144274,5458,119021,0,0,5291,116468,6114,73322,5293,189790,California
Contra Costa,2021-02-19,11383,274678,7096,151370,4287,123308,0,0,5166,115432,6203,79525,5167,194957,California
Contra Costa,2021-02-20,6463,281141,2908,154278,3555,126863,0,0,4583,118150,1865,81390,4583,199540,California
Contra Costa,2021-02-21,1752,282893,1204,155482,548,127411,0,0,1058,118516,693,82083,1059,200599,California
Contra Costa,2021-02-22,7504,290397,5068,160550,2436,129847,0,0,3479,117979,4017,86100,3480,204079,California
Contra Costa,2021-02-23,11847,302244,7231,167781,4616,134463,0,0,5894,117938,5939,92039,5898,209977,California
Contra Costa,2021-02-24,10446,312690,7666,175447,2780,137243,0,0,5047,117605,5383,97422,5050,215027,California
Contra Costa,2021-02-25,11423,324113,7181,182628,4242,141485,0,0,5189,116585,6214,103636,5194,220221,California
Contra Costa,2021-02-26,10638,334751,6729,189357,3909,145394,0,0,5253,116475,5370,109006,5260,225481,California
Contra Costa,2021-02-27,6580,341331,4197,193554,2383,147777,0,0,4081,118065,2493,111499,4083,229564,California
Contra Costa,2021-02-28,3777,345108,3124,196678,653,148430,0,0,3184,120660,591,112090,3186,232750,California
Contra Costa,2021-03-01,8029,353137,6031,202709,1998,150428,0,0,4928,122501,3089,115179,4930,237680,California
Contra Costa,2021-03-02,9952,363089,6210,208919,3740,154168,2,2,5126,122817,4814,119993,5130,242810,California
Contra Costa,2021-03-03,10140,373229,6323,215242,3817,157985,0,2,5380,123455,4743,124736,5381,248191,California
Contra Costa,2021-03-04,10786,384015,6239,221481,4547,162532,0,2,5254,123195,5516,130252,5256,253447,California
Contra Costa,2021-03-05,9807,393822,5721,227202,4081,166613,5,7,5260,123928,4535,134787,5268,258715,California
Contra Costa,2021-03-06,6954,400776,3948,231150,2714,169327,292,299,4453,126182,2492,137279,4746,263461,California
Contra Costa,2021-03-07,3554,404330,2236,233386,1261,170588,57,356,2894,128476,658,137937,2952,266413,California
Contra Costa,2021-03-08,7901,412231,3695,237081,3933,174521,273,629,5283,131433,2605,140542,5562,271975,California
Contra Costa,2021-03-09,10083,422314,4923,242004,4859,179380,301,930,4966,131591,5113,145655,5271,277246,California
Contra Costa,2021-03-10,11777,434091,5891,247895,4469,183849,1417,2347,5294,131830,6475,152130,6714,283960,California
Contra Costa,2021-03-11,11916,446007,6249,254144,5220,189069,447,2794,6096,132572,5804,157934,6546,290506,California
Contra Costa,2021-03-12,11084,457091,4587,258731,6174,195243,323,3117,5700,133228,5372,163306,6028,296534,California
Contra Costa,2021-03-13,6924,464015,2758,261489,3806,199049,360,3477,2759,132195,4151,167457,3118,299652,California
Contra Costa,2021-03-14,4014,468029,2412,263901,1143,200192,459,3936,1954,132553,2054,169511,2412,302064,California
Contra Costa,2021-03-15,9282,477311,5026,268927,3514,203706,742,4678,4695,133419,4575,174086,5441,307505,California
Contra Costa,2021-03-16,14121,491432,8361,277288,5362,209068,398,5076,7153,134027,6946,181032,7554,315059,California
Contra Costa,2021-03-17,14346,505778,9808,287096,4337,213405,201,5277,8128,136171,6197,187229,8341,323400,California
Contra Costa,2021-03-18,13338,519116,7302,294398,5632,219037,404,5681,7540,138349,5777,193006,7955,331355,California
Contra Costa,2021-03-19,12275,531391,7270,301668,3941,222978,1064,6745,6340,139847,5923,198929,7421,338776,California
Contra Costa,2021-03-20,6895,538286,4036,305704,2629,225607,230,6975,3525,140251,3356,202285,3760,342536,California
Contra Costa,2021-03-21,4332,542618,3758,309462,481,226088,93,7068,2068,140153,2261,204546,2163,344699,California
Contra Costa,2021-03-22,11317,553935,8492,317954,2590,228678,235,7303,6917,142933,4391,208937,7171,351870,California
Contra Costa,2021-03-23,15213,569148,10382,328336,4661,233339,170,7473,9209,146359,5983,214920,9409,361279,California
Contra Costa,2021-03-24,14645,583793,11366,339702,3070,236409,209,7682,9054,150301,5568,220488,9510,370789,California
Contra Costa,2021-03-25,14931,598724,11556,351258,3099,239508,276,7958,9204,154658,5694,226182,10051,380840,California
Contra Costa,2021-03-26,14635,613359,10418,361676,3817,243325,400,8358,8605,158249,6009,232191,9600,390440,California
Contra Costa,2021-03-27,10152,623511,6523,368199,3138,246463,491,8849,5564,159832,4577,236768,6160,396600,California
Contra Costa,2021-03-28,4062,627573,2866,371065,1138,247601,58,8907,1728,159305,2327,239095,1800,398400,California
Contra Costa,2021-03-29,10624,638197,8260,379325,2255,249856,109,9016,6921,162690,3690,242785,7075,405475,California
Contra Costa,2021-03-30,16102,654299,8829,388154,6008,255864,1265,10281,10653,169263,5434,248219,12007,417482,California
Contra Costa,2021-03-31,17144,671443,11948,400102,3838,259702,1358,11639,11056,175728,6064,254283,12529,430011,California
Contra Costa,2021-04-01,16559,688002,11548,411650,3736,263438,1275,12914,10693,182103,5850,260133,12225,442236,California
Contra Costa,2021-04-02,16234,704236,12009,423659,3292,266730,933,13847,10829,188935,5395,265528,12227,454463,California
Contra Costa,2021-04-03,9588,713824,5663,429322,2733,269463,1192,15039,5585,191940,4000,269528,7005,461468,California
Contra Costa,2021-04-04,2222,716046,853,430175,945,270408,424,15463,440,191033,1780,271308,873,462341,California
Del Norte,2020-12-19,1,1,1,1,0,0,0,0,1,1,0,0,1,1,California
Del Norte,2020-12-21,23,24,23,24,0,0,0,0,23,24,0,0,23,24,California
Del Norte,2020-12-22,46,70,46,70,0,0,0,0,46,70,0,0,46,70,California
Del Norte,2020-12-23,58,128,48,118,10,10,0,0,57,127,0,0,57,127,California
Del Norte,2020-12-28,34,162,34,152,0,10,0,0,34,161,0,0,34,161,California
Del Norte,2020-12-29,4,166,4,156,0,10,0,0,4,165,0,0,4,165,California
Del Norte,2020-12-30,67,233,55,211,12,22,0,0,68,233,0,0,68,233,California
Del Norte,2020-12-31,16,249,13,224,3,25,0,0,16,249,0,0,16,249,California
Del Norte,2021-01-04,102,351,49,273,53,78,0,0,102,351,0,0,102,351,California
Del Norte,2021-01-05,33,384,0,273,33,111,0,0,33,384,0,0,33,384,California
Del Norte,2021-01-06,78,462,18,291,60,171,0,0,78,462,0,0,78,462,California
Del Norte,2021-01-07,21,483,1,292,20,191,0,0,21,483,0,0,21,483,California
Del Norte,2021-01-08,77,560,7,299,70,261,0,0,77,560,0,0,77,560,California
Del Norte,2021-01-09,1,561,1,300,0,261,0,0,0,559,1,1,0,560,California
Del Norte,2021-01-11,40,601,21,321,19,280,0,0,18,556,22,23,19,579,California
Del Norte,2021-01-12,50,651,32,353,18,298,0,0,29,564,21,44,29,608,California
Del Norte,2021-01-13,85,736,40,393,45,343,0,0,52,583,33,77,52,660,California
Del Norte,2021-01-14,52,788,14,407,38,381,0,0,46,623,6,83,46,706,California
Del Norte,2021-01-15,107,895,18,425,89,470,0,0,95,706,12,95,95,801,California
Del Norte,2021-01-17,1,896,1,426,0,470,0,0,1,707,0,95,1,802,California
Del Norte,2021-01-18,2,898,0,426,2,472,0,0,2,709,0,95,2,804,California
Del Norte,2021-01-19,119,1017,56,482,63,535,0,0,77,744,42,137,77,881,California
Del Norte,2021-01-20,157,1174,83,565,74,609,0,0,96,779,61,198,96,977,California
Del Norte,2021-01-21,43,1217,40,605,3,612,0,0,32,800,11,209,32,1009,California
Del Norte,2021-01-22,19,1236,16,621,3,615,0,0,12,805,7,216,12,1021,California
Del Norte,2021-01-23,1,1237,0,621,1,616,0,0,1,806,0,216,1,1022,California
Del Norte,2021-01-24,1,1238,0,621,1,617,0,0,1,807,0,216,1,1023,California
Del Norte,2021-01-25,97,1335,79,700,18,635,0,0,53,816,44,260,53,1076,California
Del Norte,2021-01-26,18,1353,11,711,7,642,0,0,7,812,11,271,7,1083,California
Del Norte,2021-01-27,64,1417,21,732,43,685,0,0,61,870,3,274,61,1144,California
Del Norte,2021-01-28,291,1708,20,752,271,956,0,0,287,1153,4,278,287,1431,California
Del Norte,2021-01-29,50,1758,19,771,31,987,0,0,41,1185,9,287,41,1472,California
Del Norte,2021-01-30,8,1766,1,772,7,994,0,0,8,1193,0,287,8,1480,California
Del Norte,2021-02-01,41,1807,1,773,40,1034,0,0,26,1204,15,302,26,1506,California
Del Norte,2021-02-02,142,1949,34,807,108,1142,0,0,73,1209,68,370,73,1579,California
Del Norte,2021-02-03,126,2075,40,847,86,1228,0,0,71,1225,55,425,71,1650,California
Del Norte,2021-02-04,71,2146,29,876,42,1270,0,0,42,1238,29,454,42,1692,California
Del Norte,2021-02-05,182,2328,22,898,160,1430,0,0,119,1295,62,516,119,1811,California
Del Norte,2021-02-06,305,2633,7,905,298,1728,0,0,305,1600,0,516,305,2116,California
Del Norte,2021-02-07,4,2637,3,908,1,1729,0,0,4,1604,0,516,4,2120,California
Del Norte,2021-02-08,36,2673,1,909,35,1764,0,0,32,1632,4,520,32,2152,California
Del Norte,2021-02-09,8,2681,5,914,3,1767,0,0,2,1628,6,526,2,2154,California
Del Norte,2021-02-10,143,2824,20,934,123,1890,0,0,86,1658,56,582,86,2240,California
Del Norte,2021-02-11,175,2999,58,992,117,2007,0,0,63,1609,112,694,63,2303,California
Del Norte,2021-02-12,120,3119,14,1006,106,2113,0,0,66,1621,54,748,66,2369,California
Del Norte,2021-02-13,2,3121,1,1007,1,2114,0,0,2,1623,0,748,2,2371,California
Del Norte,2021-02-14,3,3124,1,1008,2,2116,0,0,2,1624,1,749,2,2373,California
Del Norte,2021-02-15,4,3128,0,1008,4,2120,0,0,2,1624,2,751,2,2375,California
Del Norte,2021-02-16,132,3260,1,1009,131,2251,0,0,13,1518,119,870,13,2388,California
Del Norte,2021-02-17,90,3350,19,1028,71,2322,0,0,23,1474,67,937,23,2411,California
Del Norte,2021-02-18,76,3426,24,1052,52,2374,0,0,50,1498,26,963,50,2461,California
Del Norte,2021-02-19,45,3471,18,1070,27,2401,0,0,35,1523,10,973,35,2496,California
Del Norte,2021-02-20,9,3480,6,1076,3,2404,0,0,7,1528,2,975,7,2503,California
Del Norte,2021-02-22,2,3482,0,1076,2,2406,0,0,2,1530,0,975,2,2505,California
Del Norte,2021-02-23,101,3583,83,1159,18,2424,0,0,30,1489,71,1046,30,2535,California
Del Norte,2021-02-24,152,3735,98,1257,54,2478,0,0,79,1495,73,1119,79,2614,California
Del Norte,2021-02-25,466,4201,129,1386,337,2815,0,0,208,1445,258,1377,208,2822,California
Del Norte,2021-02-26,201,4402,165,1551,36,2851,0,0,155,1554,46,1423,155,2977,California
Del Norte,2021-02-27,154,4556,146,1697,8,2859,0,0,144,1688,10,1433,144,3121,California
Del Norte,2021-02-28,6,4562,3,1700,3,2862,0,0,3,1688,3,1436,3,3124,California
Del Norte,2021-03-01,28,4590,2,1702,26,2888,0,0,5,1670,23,1459,5,3129,California
Del Norte,2021-03-02,210,4800,140,1842,70,2958,0,0,178,1816,32,1491,178,3307,California
Del Norte,2021-03-03,152,4952,90,1932,62,3020,0,0,112,1888,40,1531,112,3419,California
Del Norte,2021-03-04,121,5073,83,2015,38,3058,0,0,91,1950,29,1560,91,3510,California
Del Norte,2021-03-05,91,5164,8,2023,83,3141,0,0,43,1945,48,1608,43,3553,California
Del Norte,2021-03-06,427,5591,80,2103,297,3438,50,50,153,1831,274,1882,160,3713,California
Del Norte,2021-03-07,3,5594,2,2105,1,3439,0,50,2,1832,1,1883,2,3715,California
Del Norte,2021-03-08,27,5621,1,2106,24,3463,2,52,4,1815,23,1906,6,3721,California
Del Norte,2021-03-09,171,5792,95,2201,72,3535,4,56,160,1968,11,1917,164,3885,California
Del Norte,2021-03-10,129,5921,11,2212,92,3627,26,82,46,1957,83,2000,72,3957,California
Del Norte,2021-03-11,142,6063,49,2261,91,3718,2,84,97,2011,45,2045,99,4056,California
Del Norte,2021-03-12,160,6223,90,2351,70,3788,0,84,115,2081,45,2090,115,4171,California
Del Norte,2021-03-13,94,6317,92,2443,2,3790,0,84,89,2165,5,2095,89,4260,California
Del Norte,2021-03-14,1,6318,0,2443,0,3790,1,85,0,2165,1,2096,1,4261,California
Del Norte,2021-03-15,40,6358,0,2443,39,3829,1,86,35,2196,5,2101,36,4297,California
Del Norte,2021-03-16,260,6618,129,2572,129,3958,2,88,238,2414,22,2123,240,4537,California
Del Norte,2021-03-17,269,6887,88,2660,180,4138,1,89,166,2478,103,2226,167,4704,California
Del Norte,2021-03-18,261,7148,107,2767,151,4289,3,92,136,2493,124,2350,139,4843,California
Del Norte,2021-03-19,185,7333,111,2878,68,4357,6,98,62,2438,123,2473,68,4911,California
Del Norte,2021-03-20,150,7483,148,3026,2,4359,0,98,11,2310,139,2612,11,4922,California
Del Norte,2021-03-21,4,7487,1,3027,3,4362,0,98,2,2310,2,2614,2,4924,California
Del Norte,2021-03-22,46,7533,6,3033,39,4401,1,99,43,2351,3,2617,44,4968,California
Del Norte,2021-03-23,324,7857,163,3196,143,4544,18,117,155,2357,167,2784,173,5141,California
Del Norte,2021-03-24,330,8187,110,3306,217,4761,3,120,214,2459,116,2900,218,5359,California
Del Norte,2021-03-25,196,8383,89,3395,107,4868,0,120,88,2440,107,3007,88,5447,California
Del Norte,2021-03-26,223,8606,110,3505,113,4981,0,120,188,2593,35,3042,188,5635,California
Del Norte,2021-03-27,107,8713,87,3592,6,4987,14,134,20,2540,87,3129,34,5669,California
Del Norte,2021-03-28,5,8718,2,3594,3,4990,0,134,1,2537,4,3133,1,5670,California
Del Norte,2021-03-29,55,8773,7,3601,34,5024,14,148,33,2562,22,3155,47,5717,California
Del Norte,2021-03-30,331,9104,116,3717,205,5229,10,158,131,2525,200,3355,163,5880,California
Del Norte,2021-03-31,226,9330,94,3811,114,5343,18,176,95,2580,131,3486,186,6066,California
Del Norte,2021-04-01,159,9489,61,3872,69,5412,29,205,69,2592,89,3575,101,6167,California
Del Norte,2021-04-02,226,9715,78,3950,103,5515,45,250,74,2561,152,3727,121,6288,California
Del Norte,2021-04-03,90,9805,83,4033,2,5517,5,255,7,2492,82,3809,13,6301,California
Del Norte,2021-04-04,4,9809,0,4033,0,5517,4,259,0,2492,4,3813,4,6305,California
El Dorado,2020-12-15,12,12,12,12,0,0,0,0,12,12,0,0,12,12,California
El Dorado,2020-12-16,40,52,40,52,0,0,0,0,40,52,0,0,40,52,California
El Dorado,2020-12-17,31,83,31,83,0,0,0,0,31,83,0,0,31,83,California
El Dorado,2020-12-18,235,318,235,318,0,0,0,0,235,318,0,0,235,318,California
El Dorado,2020-12-19,116,434,116,434,0,0,0,0,116,434,0,0,116,434,California
El Dorado,2020-12-20,84,518,84,518,0,0,0,0,84,518,0,0,84,518,California
El Dorado,2020-12-21,304,822,303,821,1,1,0,0,304,822,0,0,304,822,California
El Dorado,2020-12-22,239,1061,215,1036,24,25,0,0,239,1061,0,0,239,1061,California
El Dorado,2020-12-23,189,1250,139,1175,50,75,0,0,189,1250,0,0,189,1250,California
El Dorado,2020-12-24,87,1337,65,1240,22,97,0,0,87,1337,0,0,87,1337,California
El Dorado,2020-12-25,8,1345,8,1248,0,97,0,0,8,1345,0,0,8,1345,California
El Dorado,2020-12-26,43,1388,25,1273,18,115,0,0,43,1388,0,0,43,1388,California
El Dorado,2020-12-27,37,1425,33,1306,4,119,0,0,37,1425,0,0,37,1425,California
El Dorado,2020-12-28,216,1641,170,1476,46,165,0,0,216,1641,0,0,216,1641,California
El Dorado,2020-12-29,452,2093,138,1614,314,479,0,0,452,2093,0,0,452,2093,California
El Dorado,2020-12-30,504,2597,135,1749,369,848,0,0,504,2597,0,0,504,2597,California
El Dorado,2020-12-31,108,2705,68,1817,40,888,0,0,108,2705,0,0,108,2705,California
El Dorado,2021-01-01,7,2712,4,1821,3,891,0,0,7,2712,0,0,7,2712,California
El Dorado,2021-01-02,148,2860,137,1958,11,902,0,0,148,2860,0,0,148,2860,California
El Dorado,2021-01-03,89,2949,16,1974,73,975,0,0,89,2949,0,0,89,2949,California
El Dorado,2021-01-04,190,3139,62,2036,128,1103,0,0,190,3139,0,0,190,3139,California
El Dorado,2021-01-05,200,3339,46,2082,154,1257,0,0,184,3307,16,16,184,3323,California
El Dorado,2021-01-06,259,3598,187,2269,72,1329,0,0,196,3440,63,79,196,3519,California
El Dorado,2021-01-07,326,3924,134,2403,192,1521,0,0,255,3624,71,150,255,3774,California
El Dorado,2021-01-08,971,4895,500,2903,471,1992,0,0,769,4192,202,352,770,4544,California
El Dorado,2021-01-09,191,5086,155,3058,36,2028,0,0,123,4247,68,420,123,4667,California
El Dorado,2021-01-10,180,5266,129,3187,51,2079,0,0,111,4289,69,489,111,4778,California
El Dorado,2021-01-11,654,5920,290,3477,364,2443,0,0,459,4554,194,683,459,5237,California
El Dorado,2021-01-12,693,6613,419,3896,274,2717,0,0,445,4751,248,931,445,5682,California
El Dorado,2021-01-13,692,7305,295,4191,397,3114,0,0,533,5126,159,1090,534,6216,California
El Dorado,2021-01-14,673,7978,218,4409,455,3569,0,0,577,5607,96,1186,577,6793,California
El Dorado,2021-01-15,668,8646,181,4590,487,4056,0,0,596,6131,72,1258,596,7389,California
El Dorado,2021-01-16,171,8817,104,4694,67,4123,0,0,144,6248,27,1285,144,7533,California
El Dorado,2021-01-17,96,8913,44,4738,52,4175,0,0,80,6312,16,1301,80,7613,California
El Dorado,2021-01-18,416,9329,138,4876,278,4453,0,0,348,6592,68,1369,348,7961,California
El Dorado,2021-01-19,632,9961,345,5221,287,4740,0,0,484,6928,148,1517,484,8445,California
El Dorado,2021-01-20,1006,10967,684,5905,322,5062,0,0,894,7711,111,1628,894,9339,California
El Dorado,2021-01-21,1140,12107,562,6467,578,5640,0,0,934,8481,164,1792,934,10273,California
El Dorado,2021-01-22,1091,13198,704,7171,387,6027,0,0,1040,9471,50,1842,1040,11313,California
El Dorado,2021-01-23,737,13935,618,7789,119,6146,0,0,627,9988,110,1952,627,11940,California
El Dorado,2021-01-24,125,14060,75,7864,50,6196,0,0,107,10077,18,1970,107,12047,California
El Dorado,2021-01-25,605,14665,200,8064,405,6601,0,0,517,10506,88,2058,517,12564,California
El Dorado,2021-01-26,666,15331,357,8421,309,6910,0,0,566,10973,100,2158,567,13131,California
El Dorado,2021-01-27,921,16252,327,8748,594,7504,0,0,588,11227,334,2492,588,13719,California
El Dorado,2021-01-28,1097,17349,449,9197,648,8152,0,0,738,11606,359,2851,738,14457,California
El Dorado,2021-01-29,964,18313,489,9686,475,8627,0,0,735,12113,228,3079,735,15192,California
El Dorado,2021-01-30,610,18923,359,10045,251,8878,0,0,451,12405,159,3238,451,15643,California
El Dorado,2021-01-31,206,19129,185,10230,21,8899,0,0,176,12551,30,3268,176,15819,California
El Dorado,2021-02-01,787,19916,367,10597,420,9319,0,0,642,13049,144,3412,642,16461,California
El Dorado,2021-02-02,816,20732,361,10958,455,9774,0,0,660,13554,155,3567,660,17121,California
El Dorado,2021-02-03,891,21623,476,11434,415,10189,0,0,681,14025,210,3777,681,17802,California
El Dorado,2021-02-04,1267,22890,722,12156,545,10734,0,0,874,14506,393,4170,874,18676,California
El Dorado,2021-02-05,1477,24367,596,12752,881,11615,0,0,868,14799,575,4745,868,19544,California
El Dorado,2021-02-06,639,25006,334,13086,305,11920,0,0,532,15225,107,4852,533,20077,California
El Dorado,2021-02-07,255,25261,176,13262,79,11999,0,0,190,15350,65,4917,190,20267,California
El Dorado,2021-02-08,876,26137,415,13677,461,12460,0,0,604,15682,272,5189,604,20871,California
El Dorado,2021-02-09,886,27023,484,14161,402,12862,0,0,468,15732,418,5607,468,21339,California
El Dorado,2021-02-10,1213,28236,725,14886,488,13350,0,0,625,15770,587,6194,625,21964,California
El Dorado,2021-02-11,2069,30305,872,15758,1197,14547,0,0,912,15527,1156,7350,913,22877,California
El Dorado,2021-02-12,1521,31826,824,16582,697,15244,0,0,659,15324,862,8212,659,23536,California
El Dorado,2021-02-13,964,32790,670,17252,294,15538,0,0,421,15205,540,8752,421,23957,California
El Dorado,2021-02-14,472,33262,151,17403,321,15859,0,0,390,15513,82,8834,390,24347,California
El Dorado,2021-02-15,1127,34389,385,17788,742,16601,0,0,781,15951,346,9180,784,25131,California
El Dorado,2021-02-16,1151,35540,525,18313,626,17227,0,0,646,16093,505,9685,647,25778,California
El Dorado,2021-02-17,848,36388,374,18687,474,17701,0,0,395,16038,453,10138,398,26176,California
El Dorado,2021-02-18,2063,38451,1007,19694,1056,18757,0,0,1344,16665,718,10856,1345,27521,California
El Dorado,2021-02-19,1154,39605,601,20295,553,19310,0,0,646,16804,508,11364,647,28168,California
El Dorado,2021-02-20,919,40524,431,20726,488,19798,0,0,672,17234,242,11606,672,28840,California
El Dorado,2021-02-21,276,40800,222,20948,54,19852,0,0,96,17150,180,11786,96,28936,California
El Dorado,2021-02-22,855,41655,436,21384,419,20271,0,0,274,16844,580,12366,274,29210,California
El Dorado,2021-02-23,739,42394,465,21849,274,20545,0,0,316,16737,423,12789,316,29526,California
El Dorado,2021-02-24,906,43300,440,22289,466,21011,0,0,368,16568,538,13327,369,29895,California
El Dorado,2021-02-25,1492,44792,859,23148,633,21644,0,0,625,16335,860,14187,627,30522,California
El Dorado,2021-02-26,2227,47019,1460,24608,767,22411,0,0,1531,17170,696,14883,1531,32053,California
El Dorado,2021-02-27,1614,48633,413,25021,1201,23612,0,0,1177,17914,433,15316,1177,33230,California
El Dorado,2021-02-28,556,49189,199,25220,357,23969,0,0,407,18172,149,15465,407,33637,California
El Dorado,2021-03-01,1057,50246,443,25663,614,24583,0,0,568,18252,488,15953,568,34205,California
El Dorado,2021-03-02,853,51099,264,25927,589,25172,0,0,436,18274,415,16368,437,34642,California
El Dorado,2021-03-03,1451,52550,413,26340,1038,26210,0,0,999,18828,447,16815,1001,35643,California
El Dorado,2021-03-04,2181,54731,1374,27714,807,27017,0,0,966,18582,1213,18028,967,36610,California
El Dorado,2021-03-05,1222,55953,259,27973,958,27975,5,5,758,18885,461,18489,764,37374,California
El Dorado,2021-03-06,605,56558,190,28163,385,28360,30,35,315,18940,290,18779,345,37719,California
El Dorado,2021-03-07,401,56959,199,28362,181,28541,21,56,240,19042,159,18938,261,37980,California
El Dorado,2021-03-08,1247,58206,367,28729,813,29354,67,123,791,19447,455,19393,860,38840,California
El Dorado,2021-03-09,899,59105,225,28954,611,29965,63,186,549,19712,348,19741,613,39453,California
El Dorado,2021-03-10,772,59877,330,29284,420,30385,22,208,466,19896,304,20045,488,39941,California
El Dorado,2021-03-11,2771,62648,1780,31064,822,31207,169,377,1231,19762,1533,21578,1399,41340,California
El Dorado,2021-03-12,1460,64108,604,31668,624,31831,232,609,545,19634,911,22489,783,42123,California
El Dorado,2021-03-13,926,65034,345,32013,325,32156,256,865,336,19636,588,23077,590,42713,California
El Dorado,2021-03-14,664,65698,201,32214,358,32514,105,970,240,19558,424,23501,346,43059,California
El Dorado,2021-03-15,1276,66974,300,32514,853,33367,123,1093,517,19443,756,24257,641,43700,California
El Dorado,2021-03-16,1127,68101,385,32899,603,33970,139,1232,498,19455,625,24882,637,44337,California
El Dorado,2021-03-17,965,69066,316,33215,556,34526,93,1325,601,19786,364,25246,695,45032,California
El Dorado,2021-03-18,1925,70991,973,34188,910,35436,42,1367,1185,20279,735,25981,1228,46260,California
El Dorado,2021-03-19,831,71822,270,34458,436,35872,125,1492,431,20435,400,26381,556,46816,California
El Dorado,2021-03-20,745,72567,178,34636,554,36426,13,1505,258,20230,476,26857,271,47087,California
El Dorado,2021-03-21,930,73497,379,35015,544,36970,7,1512,840,20989,89,26946,848,47935,California
El Dorado,2021-03-22,1395,74892,447,35462,867,37837,81,1593,1100,21880,292,27238,1183,49118,California
El Dorado,2021-03-23,1026,75918,437,35899,499,38336,90,1683,648,22250,369,27607,739,49857,California
El Dorado,2021-03-24,1268,77186,590,36489,486,38822,192,1875,579,22348,682,28289,780,50637,California
El Dorado,2021-03-25,2263,79449,1572,38061,588,39410,103,1978,1257,22804,1003,29292,1459,52096,California
El Dorado,2021-03-26,1627,81076,648,38709,873,40283,106,2084,836,23100,780,30072,1076,53172,California
El Dorado,2021-03-27,1241,82317,162,38871,1075,41358,4,2088,292,22463,943,31015,306,53478,California
El Dorado,2021-03-28,574,82891,171,39042,392,41750,11,2099,175,22253,397,31412,187,53665,California
El Dorado,2021-03-29,1201,84092,428,39470,760,42510,13,2112,759,22590,439,31851,776,54441,California
El Dorado,2021-03-30,1238,85330,414,39884,735,43245,89,2201,632,22715,603,32454,728,55169,California
El Dorado,2021-03-31,1459,86789,573,40457,818,44063,68,2269,679,22712,777,33231,774,55943,California
El Dorado,2021-04-01,2929,89718,1600,42057,1248,45311,81,2350,1365,22684,1563,34794,1535,57478,California
El Dorado,2021-04-02,1548,91266,542,42599,989,46300,17,2367,613,22479,932,35726,727,58205,California
El Dorado,2021-04-03,657,91923,275,42874,319,46619,63,2430,214,22347,443,36169,311,58516,California
El Dorado,2021-04-04,69,91992,16,42890,51,46670,2,2432,7,22294,62,36231,9,58525,California
Fresno,2020-12-15,1,1,1,1,0,0,0,0,1,1,0,0,1,1,California
Fresno,2020-12-16,120,121,120,121,0,0,0,0,120,121,0,0,120,121,California
Fresno,2020-12-17,119,240,119,240,0,0,0,0,119,240,0,0,119,240,California
Fresno,2020-12-18,344,584,344,584,0,0,0,0,344,584,0,0,344,584,California
Fresno,2020-12-19,157,741,157,741,0,0,0,0,157,741,0,0,157,741,California
Fresno,2020-12-20,255,996,254,995,1,1,0,0,255,996,0,0,255,996,California
Fresno,2020-12-21,927,1923,926,1921,1,2,0,0,959,1955,0,0,959,1955,California
Fresno,2020-12-22,900,2823,872,2793,28,30,0,0,904,2859,0,0,904,2859,California
Fresno,2020-12-23,1081,3904,1051,3844,30,60,0,0,1082,3941,0,0,1082,3941,California
Fresno,2020-12-24,578,4482,563,4407,15,75,0,0,578,4519,0,0,578,4519,California
Fresno,2020-12-25,3,4485,2,4409,1,76,0,0,3,4522,0,0,3,4522,California
Fresno,2020-12-26,720,5205,712,5121,8,84,0,0,720,5242,0,0,720,5242,California
Fresno,2020-12-27,299,5504,204,5325,95,179,0,0,299,5541,0,0,299,5541,California
Fresno,2020-12-28,1056,6560,772,6097,284,463,0,0,1056,6597,0,0,1056,6597,California
Fresno,2020-12-29,1775,8335,1038,7135,737,1200,0,0,1773,8369,1,1,1773,8370,California
Fresno,2020-12-30,970,9305,473,7608,497,1697,0,0,970,9339,0,1,970,9340,California
Fresno,2020-12-31,892,10197,311,7919,581,2278,0,0,891,10230,0,1,891,10231,California
Fresno,2021-01-01,9,10206,3,7922,6,2284,0,0,9,10239,0,1,9,10240,California
Fresno,2021-01-02,1028,11234,716,8638,312,2596,0,0,1028,11267,0,1,1028,11268,California
Fresno,2021-01-03,153,11387,128,8766,25,2621,0,0,153,11420,0,1,153,11421,California
Fresno,2021-01-04,606,11993,372,9138,234,2855,0,0,606,12026,0,1,606,12027,California
Fresno,2021-01-05,775,12768,311,9449,464,3319,0,0,701,12653,74,75,701,12728,California
Fresno,2021-01-06,967,13735,343,9792,624,3943,0,0,795,13276,172,247,795,13523,California
Fresno,2021-01-07,1872,15607,913,10705,959,4902,0,0,1620,14645,252,499,1621,15144,California
Fresno,2021-01-08,1769,17376,614,11319,1155,6057,0,0,1404,15687,363,862,1405,16549,California
Fresno,2021-01-09,628,18004,387,11706,241,6298,0,0,354,15767,274,1136,354,16903,California
Fresno,2021-01-10,513,18517,485,12191,28,6326,0,0,199,15652,314,1450,199,17102,California
Fresno,2021-01-11,2134,20651,1731,13922,403,6729,0,0,1440,16402,694,2144,1444,18546,California
Fresno,2021-01-12,2502,23153,1810,15732,692,7421,0,0,1656,17212,848,2992,1658,20204,California
Fresno,2021-01-13,3527,26680,2422,18154,1105,8526,0,0,2668,19023,859,3851,2670,22874,California
Fresno,2021-01-14,4129,30809,2206,20360,1923,10449,0,0,3656,22206,473,4324,3656,26530,California
Fresno,2021-01-15,3618,34427,2522,22882,1096,11545,0,0,3261,25112,357,4681,3263,29793,California
Fresno,2021-01-16,3133,37560,2293,25175,840,12385,0,0,2672,27324,461,5142,2673,32466,California
Fresno,2021-01-17,978,38538,555,25730,423,12808,0,0,778,27902,200,5342,778,33244,California
Fresno,2021-01-18,3071,41609,2363,28093,708,13516,0,0,2411,29657,658,6000,2413,35657,California
Fresno,2021-01-19,4289,45898,2529,30622,1760,15276,0,0,3648,32672,641,6641,3656,39313,California
Fresno,2021-01-20,2979,48877,1184,31806,1795,17071,0,0,2692,35078,288,6929,2694,42007,California
Fresno,2021-01-21,4325,53202,2001,33807,2324,19395,0,0,3979,38734,328,7257,3984,45991,California
Fresno,2021-01-22,3292,56494,1340,35147,1952,21347,0,0,2907,41273,369,7626,2908,48899,California
Fresno,2021-01-23,3032,59526,1957,37104,1075,22422,0,0,2309,42868,723,8349,2318,51217,California
Fresno,2021-01-24,550,60076,373,37477,177,22599,0,0,347,43015,203,8552,350,51567,California
Fresno,2021-01-25,2324,62400,859,38336,1465,24064,0,0,1840,44378,484,9036,1847,53414,California
Fresno,2021-01-26,2008,64408,578,38914,1430,25494,0,0,1299,44973,707,9743,1302,54716,California
Fresno,2021-01-27,2234,66642,1156,40070,1078,26572,0,0,1722,46185,512,10255,1724,56440,California
Fresno,2021-01-28,4448,71090,3022,43092,1426,27998,0,0,3444,48631,1001,11256,3447,59887,California
Fresno,2021-01-29,1692,72782,983,44075,709,28707,0,0,1395,49733,294,11550,1396,61283,California
Fresno,2021-01-30,1414,74196,527,44602,887,29594,0,0,1004,50327,410,11960,1004,62287,California
Fresno,2021-01-31,228,74424,219,44821,9,29603,0,0,74,50247,154,12114,74,62361,California
Fresno,2021-02-01,3322,77746,1658,46479,1664,31267,0,0,1728,50484,1593,13707,1830,64191,California
Fresno,2021-02-02,2715,80461,545,47024,2170,33437,0,0,1545,50938,1157,14864,1611,65802,California
Fresno,2021-02-03,3489,83950,2044,49068,1445,34882,0,0,1529,50527,1941,16805,1530,67332,California
Fresno,2021-02-04,4195,88145,1905,50973,2290,37172,0,0,1927,50221,2238,19043,1932,69264,California
Fresno,2021-02-05,5195,93340,2600,53573,2595,39767,0,0,2182,49399,3006,22049,2184,71448,California
Fresno,2021-02-06,2923,96263,2038,55611,885,40652,0,0,963,48409,1955,24004,965,72413,California
Fresno,2021-02-07,459,96722,285,55896,174,40826,0,0,270,48491,188,24192,270,72683,California
Fresno,2021-02-08,4277,100999,2301,58197,1976,42802,0,0,1815,47876,2439,26631,1824,74507,California
Fresno,2021-02-09,5331,106330,2089,60286,3242,46044,0,0,3131,48889,2126,28757,3139,77646,California
Fresno,2021-02-10,3664,109994,1227,61513,2437,48481,0,0,1964,49212,1647,30404,1970,79616,California
Fresno,2021-02-11,6346,116340,2087,63600,4259,52740,0,0,3367,49616,2967,33371,3371,82987,California
Fresno,2021-02-12,5348,121688,1373,64973,3975,56715,0,0,2751,49792,2581,35952,2757,85744,California
Fresno,2021-02-13,3717,125405,1544,66517,2173,58888,0,0,2072,50234,1633,37585,2075,87819,California
Fresno,2021-02-14,1556,126961,282,66799,1274,60162,0,0,846,50372,709,38294,847,88666,California
Fresno,2021-02-15,2865,129826,270,67069,2595,62757,0,0,1763,51040,1098,39392,1766,90432,California
Fresno,2021-02-16,6613,136439,2389,69458,4224,66981,0,0,4212,52872,2385,41777,4217,94649,California
Fresno,2021-02-17,5299,141738,2441,71899,2858,69839,0,0,2965,53560,2289,44066,2977,97626,California
Fresno,2021-02-18,6801,148539,2908,74807,3893,73732,0,0,2574,51969,4177,48243,2586,100212,California
Fresno,2021-02-19,3804,152343,1104,75911,2700,76432,0,0,1838,51855,1955,50198,1841,102053,California
Fresno,2021-02-20,4528,156871,2493,78404,2035,78467,0,0,3069,53476,1453,51651,3074,105127,California
Fresno,2021-02-21,179,157050,163,78567,16,78483,0,0,127,53562,41,51692,127,105254,California
Fresno,2021-02-22,2170,159220,960,79527,1210,79693,0,0,1197,53802,964,52656,1204,106458,California
Fresno,2021-02-23,3817,163037,1441,80968,2376,82069,0,0,2966,55930,844,53500,2972,109430,California
Fresno,2021-02-24,4094,167131,1492,82460,2602,84671,0,0,3357,58563,727,54227,3360,112790,California
Fresno,2021-02-25,7392,174523,2471,84931,4921,89592,0,0,5951,63142,1378,55605,5957,118747,California
Fresno,2021-02-26,8124,182647,2982,87913,5142,94734,0,0,6863,68772,1237,56842,6867,125614,California
Fresno,2021-02-27,6243,188890,2177,90090,4066,98800,0,0,5567,73679,668,57510,5575,131189,California
Fresno,2021-02-28,1625,190515,525,90615,1100,99900,0,0,1529,75135,86,57596,1542,132731,California
Fresno,2021-03-01,4750,195265,1242,91857,3508,103408,0,0,3490,77384,1248,58844,3497,136228,California
Fresno,2021-03-02,8221,203486,2246,94103,5975,109383,0,0,6899,83010,1298,60142,6924,143152,California
Fresno,2021-03-03,5938,209424,1374,95477,4564,113947,0,0,4967,87110,961,61103,5061,148213,California
Fresno,2021-03-04,8059,217483,2272,97749,5787,119734,0,0,6577,92238,1459,62562,6587,154800,California
Fresno,2021-03-05,7201,224684,2582,100331,4618,124352,1,1,6255,97715,816,63378,6293,161093,California
Fresno,2021-03-06,6144,230828,3332,103663,2700,127052,112,113,5227,102146,913,64291,5344,166437,California
Fresno,2021-03-07,1311,232139,536,104199,741,127793,34,147,1090,103050,221,64512,1125,167562,California
Fresno,2021-03-08,4560,236699,1700,105899,2728,130521,132,279,3428,105497,1128,65640,3575,171137,California
Fresno,2021-03-09,6602,243301,2226,108125,4109,134630,267,546,3738,106690,2853,68493,4046,175183,California
Fresno,2021-03-10,5925,249226,2360,110485,3205,137835,360,906,4569,110284,1345,69838,4939,180122,California
Fresno,2021-03-11,10278,259504,3972,114457,5788,143623,518,1424,5578,111787,4669,74507,6172,186294,California
Fresno,2021-03-12,9858,269362,4211,118668,5260,148883,387,1811,7370,117218,2476,76983,7907,194201,California
Fresno,2021-03-13,6805,276167,3627,122295,2279,151162,899,2710,3206,117823,3584,80567,4189,198390,California
Fresno,2021-03-14,1226,277393,385,122680,572,151734,269,2979,494,117858,729,81296,764,199154,California
Fresno,2021-03-15,6629,284022,2827,125507,3639,155373,163,3142,4525,120651,2095,83391,4888,204042,California
Fresno,2021-03-16,9845,293867,4321,129828,5146,160519,378,3520,6027,123366,3793,87184,6508,210550,California
Fresno,2021-03-17,7722,301589,3585,133413,3605,164124,532,4052,5183,126944,2521,89705,6099,216649,California
Fresno,2021-03-18,10250,311839,5653,139066,4050,168174,547,4599,6618,130869,3600,93305,7525,224174,California
Fresno,2021-03-19,9372,321211,5005,144071,3921,172095,446,5045,6330,134897,3019,96324,7047,231221,California
Fresno,2021-03-20,5183,326394,2952,147023,2033,174128,198,5243,3070,136253,2106,98430,3462,234683,California
Fresno,2021-03-21,1724,328118,1174,148197,188,174316,362,5605,934,136768,786,99216,1301,235984,California
Fresno,2021-03-22,5496,333614,2801,150998,2105,176421,590,6195,3670,139471,1797,101013,4500,240484,California
Fresno,2021-03-23,10409,344023,5172,156170,4801,181222,436,6631,6044,142096,4331,105344,6956,247440,California
Fresno,2021-03-24,8296,352319,3458,159628,4041,185263,797,7428,4615,144024,3655,108999,5583,253023,California
Fresno,2021-03-25,11709,364028,5396,165024,5623,190886,690,8118,6054,145453,5621,114620,7050,260073,California
Fresno,2021-03-26,11655,375683,5194,170218,5830,196716,631,8749,5170,144925,6439,121059,5911,265984,California
Fresno,2021-03-27,9187,384870,4037,174255,4114,200830,1036,9785,2871,142656,6286,127345,4017,270001,California
Fresno,2021-03-28,3118,387988,1159,175414,1381,202211,578,10363,1316,143019,1796,129141,2159,272160,California
Fresno,2021-03-29,5822,393810,1864,177278,3424,205635,534,10897,2822,143437,2972,132113,3390,275550,California
Fresno,2021-03-30,10207,404017,4004,181282,5419,211054,784,11681,4351,142817,5831,137944,5211,280761,California
Fresno,2021-03-31,8139,412156,3157,184439,4061,215115,921,12602,3643,143032,4455,142399,4670,285431,California
Fresno,2021-04-01,9822,421978,3842,188281,5388,220503,592,13194,3563,141245,6189,148588,4402,289833,California
Fresno,2021-04-02,9437,431415,4283,192564,4458,224961,696,13890,3915,140835,5391,153979,4981,294814,California
Fresno,2021-04-03,5689,437104,2993,195557,2473,227434,223,14113,2068,139645,3602,157581,2412,297226,California
Fresno,2021-04-04,524,437628,99,195656,392,227826,33,14146,74,139307,447,158028,109,297335,California
Glenn,2020-12-17,1,1,1,1,0,0,0,0,1,1,0,0,1,1,California
Glenn,2020-12-19,1,2,1,2,0,0,0,0,1,2,0,0,1,2,California
Glenn,2020-12-20,1,3,1,3,0,0,0,0,1,3,0,0,1,3,California
Glenn,2020-12-21,11,14,11,14,0,0,0,0,11,14,0,0,11,14,California
Glenn,2020-12-22,59,73,59,73,0,0,0,0,59,73,0,0,59,73,California
Glenn,2020-12-23,26,99,26,99,0,0,0,0,26,99,0,0,26,99,California
Glenn,2020-12-24,9,108,9,108,0,0,0,0,9,108,0,0,9,108,California
Glenn,2020-12-26,2,110,2,110,0,0,0,0,2,110,0,0,2,110,California
Glenn,2020-12-27,4,114,4,114,0,0,0,0,4,114,0,0,4,114,California
Glenn,2020-12-28,20,134,20,134,0,0,0,0,20,134,0,0,20,134,California
Glenn,2020-12-29,82,216,82,216,0,0,0,0,82,216,0,0,82,216,California
Glenn,2020-12-30,129,345,107,323,22,22,0,0,129,345,0,0,129,345,California
Glenn,2020-12-31,38,383,9,332,29,51,0,0,38,383,0,0,38,383,California
Glenn,2021-01-02,2,385,2,334,0,51,0,0,2,385,0,0,2,385,California
Glenn,2021-01-04,7,392,5,339,2,53,0,0,7,392,0,0,7,392,California
Glenn,2021-01-05,9,401,8,347,1,54,0,0,9,401,0,0,9,401,California
Glenn,2021-01-06,61,462,9,356,52,106,0,0,61,462,0,0,61,462,California
Glenn,2021-01-07,66,528,12,368,54,160,0,0,64,524,2,2,64,526,California
Glenn,2021-01-08,11,539,9,377,2,162,0,0,11,535,0,2,11,537,California
Glenn,2021-01-10,1,540,1,378,0,162,0,0,0,534,1,3,0,537,California
Glenn,2021-01-11,30,570,30,408,0,162,0,0,12,528,18,21,12,549,California
Glenn,2021-01-12,42,612,37,445,5,167,0,0,14,514,28,49,14,563,California
Glenn,2021-01-13,153,765,88,533,65,232,0,0,110,581,43,92,110,673,California
Glenn,2021-01-14,183,948,95,628,88,320,0,0,173,744,10,102,173,846,California
Glenn,2021-01-15,42,990,34,662,8,328,0,0,37,776,5,107,37,883,California
Glenn,2021-01-16,34,1024,14,676,20,348,0,0,24,790,10,117,24,907,California
Glenn,2021-01-17,4,1028,2,678,2,350,0,0,2,790,2,119,2,909,California
Glenn,2021-01-18,17,1045,16,694,1,351,0,0,9,791,8,127,9,918,California
Glenn,2021-01-19,28,1073,18,712,10,361,0,0,12,787,16,143,12,930,California
Glenn,2021-01-20,162,1235,93,805,69,430,0,0,81,787,81,224,81,1011,California
Glenn,2021-01-21,124,1359,98,903,26,456,0,0,29,721,95,319,29,1040,California
Glenn,2021-01-22,336,1695,63,966,273,729,0,0,329,1043,7,326,329,1369,California
Glenn,2021-01-23,14,1709,7,973,7,736,0,0,12,1053,2,328,12,1381,California
Glenn,2021-01-24,1,1710,1,974,0,736,0,0,1,1054,0,328,1,1382,California
Glenn,2021-01-25,27,1737,9,983,18,754,0,0,24,1075,3,331,24,1406,California
Glenn,2021-01-26,29,1766,13,996,16,770,0,0,23,1092,6,337,23,1429,California
Glenn,2021-01-27,188,1954,14,1010,174,944,0,0,166,1236,22,359,166,1595,California
Glenn,2021-01-28,145,2099,8,1018,137,1081,0,0,115,1321,30,389,115,1710,California
Glenn,2021-01-29,296,2395,11,1029,285,1366,0,0,282,1589,14,403,282,1992,California
Glenn,2021-01-30,4,2399,0,1029,4,1370,0,0,4,1593,0,403,4,1996,California
Glenn,2021-01-31,1,2400,0,1029,1,1371,0,0,1,1594,0,403,1,1997,California
Glenn,2021-02-01,29,2429,10,1039,19,1390,0,0,17,1599,12,415,17,2014,California
Glenn,2021-02-02,27,2456,12,1051,15,1405,0,0,18,1608,9,424,18,2032,California
Glenn,2021-02-03,206,2662,58,1109,148,1553,0,0,111,1624,95,519,111,2143,California
Glenn,2021-02-04,149,2811,84,1193,65,1618,0,0,45,1565,104,623,45,2188,California
Glenn,2021-02-05,320,3131,24,1217,296,1914,0,0,301,1847,19,642,301,2489,California
Glenn,2021-02-06,15,3146,2,1219,13,1927,0,0,14,1860,1,643,14,2503,California
Glenn,2021-02-07,1,3147,1,1220,0,1927,0,0,1,1861,0,643,1,2504,California
Glenn,2021-02-08,21,3168,17,1237,4,1931,0,0,4,1848,17,660,4,2508,California
Glenn,2021-02-09,48,3216,19,1256,29,1960,0,0,36,1872,12,672,36,2544,California
Glenn,2021-02-10,138,3354,19,1275,119,2079,0,0,64,1862,74,746,64,2608,California
Glenn,2021-02-11,233,3587,134,1409,99,2178,0,0,151,1931,82,828,151,2759,California
Glenn,2021-02-12,422,4009,100,1509,322,2500,0,0,358,2225,64,892,358,3117,California
Glenn,2021-02-13,33,4042,7,1516,26,2526,0,0,15,2222,18,910,15,3132,California
Glenn,2021-02-14,1,4043,0,1516,1,2527,0,0,1,2223,0,910,1,3133,California
Glenn,2021-02-15,8,4051,0,1516,8,2535,0,0,8,2231,0,910,8,3141,California
Glenn,2021-02-16,39,4090,9,1525,30,2565,0,0,21,2234,18,928,21,3162,California
Glenn,2021-02-17,381,4471,15,1540,366,2931,0,0,303,2459,78,1006,303,3465,California
Glenn,2021-02-18,138,4609,103,1643,35,2966,0,0,114,2549,24,1030,114,3579,California
Glenn,2021-02-19,302,4911,16,1659,286,3252,0,0,29,2305,273,1303,29,3608,California
Glenn,2021-02-20,8,4919,0,1659,8,3260,0,0,0,2297,8,1311,0,3608,California
Glenn,2021-02-22,32,4951,13,1672,19,3279,0,0,16,2297,16,1327,16,3624,California
Glenn,2021-02-23,40,4991,10,1682,30,3309,0,0,28,2313,12,1339,28,3652,California
Glenn,2021-02-24,223,5214,16,1698,207,3516,0,0,49,2188,174,1513,49,3701,California
Glenn,2021-02-25,262,5476,147,1845,115,3631,0,0,119,2164,143,1656,119,3820,California
Glenn,2021-02-26,304,5780,24,1869,280,3911,0,0,20,1901,283,1939,20,3840,California
Glenn,2021-02-27,14,5794,5,1874,9,3920,0,0,5,1898,8,1947,5,3845,California
Glenn,2021-02-28,5,5799,2,1876,3,3923,0,0,3,1900,1,1948,3,3848,California
Glenn,2021-03-01,29,5828,6,1882,23,3946,0,0,12,1895,17,1965,12,3860,California
Glenn,2021-03-02,36,5864,7,1889,29,3975,0,0,17,1893,19,1984,17,3877,California
Glenn,2021-03-03,180,6044,25,1914,155,4130,0,0,88,1891,90,2074,88,3965,California
Glenn,2021-03-04,479,6523,179,2093,300,4430,0,0,334,2080,145,2219,334,4299,California
Glenn,2021-03-05,331,6854,45,2138,286,4716,0,0,34,1817,297,2516,34,4333,California
Glenn,2021-03-06,28,6882,4,2142,23,4739,1,1,11,1812,17,2533,12,4345,California
Glenn,2021-03-07,5,6887,0,2142,5,4744,0,1,3,1814,1,2534,3,4348,California
Glenn,2021-03-08,21,6908,2,2144,18,4762,1,2,19,1832,2,2536,20,4368,California
Glenn,2021-03-09,70,6978,10,2154,57,4819,3,5,46,1857,24,2560,49,4417,California
Glenn,2021-03-10,165,7143,68,2222,95,4914,2,7,91,1876,74,2634,93,4510,California
Glenn,2021-03-11,504,7647,168,2390,322,5236,14,21,381,2148,123,2757,395,4905,California
Glenn,2021-03-12,398,8045,12,2402,336,5572,50,71,35,1870,363,3120,85,4990,California
Glenn,2021-03-13,10,8055,1,2403,1,5573,8,79,0,1868,10,3130,8,4998,California
Glenn,2021-03-14,3,8058,1,2404,2,5575,0,79,2,1869,1,3131,2,5000,California
Glenn,2021-03-15,74,8132,16,2420,54,5629,4,83,60,1919,14,3145,64,5064,California
Glenn,2021-03-16,101,8233,30,2450,61,5690,10,93,59,1946,42,3187,69,5133,California
Glenn,2021-03-17,415,8648,98,2548,311,6001,6,99,113,1762,302,3489,118,5251,California
Glenn,2021-03-18,459,9107,192,2740,44,6045,223,322,124,1774,335,3824,347,5598,California
Glenn,2021-03-19,84,9191,14,2754,66,6111,4,326,66,1827,17,3841,70,5668,California
Glenn,2021-03-20,74,9265,2,2756,72,6183,0,326,73,1899,1,3842,73,5741,California
Glenn,2021-03-21,7,9272,6,2762,0,6183,1,327,4,1902,2,3844,5,5746,California
Glenn,2021-03-22,116,9388,52,2814,55,6238,9,336,95,1987,19,3863,104,5850,California
Glenn,2021-03-23,154,9542,66,2880,50,6288,38,374,94,2060,59,3922,132,5982,California
Glenn,2021-03-24,196,9738,90,2970,101,6389,5,379,133,2136,62,3984,138,6120,California
Glenn,2021-03-25,463,10201,235,3205,135,6524,93,472,333,2433,129,4113,426,6546,California
Glenn,2021-03-26,225,10426,35,3240,152,6676,38,510,172,2592,53,4166,212,6758,California
Glenn,2021-03-27,149,10575,21,3261,124,6800,4,514,139,2725,10,4176,143,6901,California
Glenn,2021-03-28,14,10589,9,3270,5,6805,0,514,10,2731,4,4180,10,6911,California
Glenn,2021-03-29,55,10644,19,3289,33,6838,3,517,41,2761,14,4194,44,6955,California
Glenn,2021-03-30,73,10717,40,3329,32,6870,1,518,44,2778,28,4222,45,7000,California
Glenn,2021-03-31,119,10836,33,3362,86,6956,0,518,52,2763,67,4289,52,7052,California
Glenn,2021-04-01,639,11475,185,3547,444,7400,10,528,228,2635,411,4700,283,7335,California
Glenn,2021-04-02,151,11626,25,3572,117,7517,9,537,122,2738,29,4729,132,7467,California
Glenn,2021-04-03,90,11716,7,3579,80,7597,3,540,81,2814,8,4737,84,7551,California
Glenn,2021-04-04,1,11717,0,3579,0,7597,1,541,0,2814,1,4738,1,7552,California
Humboldt,2020-12-15,2,2,2,2,0,0,0,0,2,2,0,0,2,2,California
Humboldt,2020-12-16,15,17,15,17,0,0,0,0,15,17,0,0,15,17,California
Humboldt,2020-12-17,115,132,115,132,0,0,0,0,115,132,0,0,115,132,California
Humboldt,2020-12-18,172,304,172,304,0,0,0,0,172,304,0,0,172,304,California
Humboldt,2020-12-19,10,314,10,314,0,0,0,0,10,314,0,0,10,314,California
Humboldt,2020-12-20,28,342,28,342,0,0,0,0,28,342,0,0,28,342,California
Humboldt,2020-12-21,165,507,165,507,0,0,0,0,165,507,0,0,165,507,California
Humboldt,2020-12-22,288,795,288,795,0,0,0,0,288,795,0,0,288,795,California
Humboldt,2020-12-23,302,1097,254,1049,48,48,0,0,303,1098,0,0,303,1098,California
Humboldt,2020-12-24,25,1122,2,1051,23,71,0,0,25,1123,0,0,25,1123,California
Humboldt,2020-12-25,2,1124,2,1053,0,71,0,0,2,1125,0,0,2,1125,California
Humboldt,2020-12-26,7,1131,6,1059,1,72,0,0,7,1132,0,0,7,1132,California
Humboldt,2020-12-27,1,1132,0,1059,1,73,0,0,1,1133,0,0,1,1133,California
Humboldt,2020-12-28,152,1284,143,1202,9,82,0,0,152,1285,0,0,152,1285,California
Humboldt,2020-12-29,164,1448,121,1323,43,125,0,0,164,1449,0,0,164,1449,California
Humboldt,2020-12-30,221,1669,122,1445,99,224,0,0,221,1670,0,0,221,1670,California
Humboldt,2020-12-31,242,1911,80,1525,162,386,0,0,242,1912,0,0,242,1912,California
Humboldt,2021-01-01,1,1912,1,1526,0,386,0,0,1,1913,0,0,1,1913,California
Humboldt,2021-01-02,38,1950,1,1527,37,423,0,0,38,1951,0,0,38,1951,California
Humboldt,2021-01-04,214,2164,141,1668,73,496,0,0,215,2166,0,0,215,2166,California
Humboldt,2021-01-05,125,2289,17,1685,108,604,0,0,125,2291,0,0,125,2291,California
Humboldt,2021-01-06,299,2588,202,1887,97,701,0,0,228,2459,60,60,228,2519,California
Humboldt,2021-01-07,398,2986,285,2172,113,814,0,0,305,2679,85,145,305,2824,California
Humboldt,2021-01-08,417,3403,279,2451,138,952,0,0,285,2836,128,273,285,3109,California
Humboldt,2021-01-09,69,3472,45,2496,24,976,0,0,66,2900,3,276,67,3176,California
Humboldt,2021-01-10,84,3556,84,2580,0,976,0,0,4,2824,80,356,4,3180,California
Humboldt,2021-01-11,285,3841,274,2854,11,987,0,0,75,2693,206,562,75,3255,California
Humboldt,2021-01-12,478,4319,315,3169,163,1150,0,0,301,2839,155,717,301,3556,California
Humboldt,2021-01-13,473,4792,271,3440,202,1352,0,0,297,2964,173,890,298,3854,California
Humboldt,2021-01-14,517,5309,161,3601,356,1708,0,0,461,3370,56,946,462,4316,California
Humboldt,2021-01-15,374,5683,40,3641,334,2042,0,0,356,3709,17,963,356,4672,California
Humboldt,2021-01-16,169,5852,6,3647,163,2205,0,0,168,3876,1,964,168,4840,California
Humboldt,2021-01-17,4,5856,3,3650,1,2206,0,0,4,3880,0,964,4,4844,California
Humboldt,2021-01-18,276,6132,241,3891,35,2241,0,0,129,3862,147,1111,129,4973,California
Humboldt,2021-01-19,618,6750,372,4263,246,2487,0,0,492,4234,120,1231,492,5465,California
Humboldt,2021-01-20,875,7625,364,4627,511,2998,0,0,763,4888,111,1342,765,6230,California
Humboldt,2021-01-21,958,8583,261,4888,697,3695,0,0,918,5765,41,1383,918,7148,California
Humboldt,2021-01-22,676,9259,377,5265,299,3994,0,0,668,6425,8,1391,668,7816,California
Humboldt,2021-01-23,759,10018,250,5515,509,4503,0,0,753,7173,6,1397,754,8570,California
Humboldt,2021-01-24,224,10242,1,5516,223,4726,0,0,224,7397,0,1397,224,8794,California
Humboldt,2021-01-25,298,10540,228,5744,70,4796,0,0,144,7387,154,1551,144,8938,California
Humboldt,2021-01-26,518,11058,135,5879,383,5179,0,0,471,7811,47,1598,471,9409,California
Humboldt,2021-01-27,1255,12313,586,6465,669,5848,0,0,1191,8945,57,1655,1191,10600,California
Humboldt,2021-01-28,1444,13757,627,7092,817,6665,0,0,1307,10120,134,1789,1309,11909,California
Humboldt,2021-01-29,1123,14880,539,7631,584,7249,0,0,708,10413,415,2204,708,12617,California
Humboldt,2021-01-30,966,15846,455,8086,511,7760,0,0,957,11361,9,2213,957,13574,California
Humboldt,2021-01-31,307,16153,306,8392,1,7761,0,0,305,11664,2,2215,305,13879,California
Humboldt,2021-02-01,320,16473,180,8572,140,7901,0,0,184,11713,135,2350,184,14063,California
Humboldt,2021-02-02,430,16903,62,8634,368,8269,0,0,333,11952,96,2446,335,14398,California
Humboldt,2021-02-03,643,17546,257,8891,386,8655,0,0,495,12299,148,2594,495,14893,California
Humboldt,2021-02-04,636,18182,262,9153,374,9029,0,0,441,12547,193,2787,441,15334,California
Humboldt,2021-02-05,812,18994,96,9249,716,9745,0,0,629,12993,183,2970,629,15963,California
Humboldt,2021-02-06,1007,20001,397,9646,610,10355,0,0,966,13920,39,3009,966,16929,California
Humboldt,2021-02-07,378,20379,7,9653,371,10726,0,0,375,14292,3,3012,375,17304,California
Humboldt,2021-02-08,297,20676,115,9768,182,10908,0,0,173,14342,123,3135,173,17477,California
Humboldt,2021-02-09,483,21159,209,9977,274,11182,0,0,173,14205,310,3445,173,17650,California
Humboldt,2021-02-10,559,21718,368,10345,191,11373,0,0,232,14115,322,3767,232,17882,California
Humboldt,2021-02-11,1285,23003,389,10734,896,12269,0,0,505,13843,777,4544,505,18387,California
Humboldt,2021-02-12,1140,24143,731,11465,409,12678,0,0,704,14111,436,4980,704,19091,California
Humboldt,2021-02-13,1428,25571,483,11948,945,13623,0,0,858,14403,567,5547,859,19950,California
Humboldt,2021-02-14,115,25686,6,11954,109,13732,0,0,112,14513,2,5549,112,20062,California
Humboldt,2021-02-15,290,25976,76,12030,214,13946,0,0,196,14616,94,5643,197,20259,California
Humboldt,2021-02-16,521,26497,108,12138,413,14359,0,0,247,14590,274,5917,248,20507,California
Humboldt,2021-02-17,441,26938,273,12411,168,14527,0,0,136,14421,305,6222,136,20643,California
Humboldt,2021-02-18,968,27906,600,13011,368,14895,0,0,228,13910,739,6961,228,20871,California
Humboldt,2021-02-19,480,28386,438,13449,42,14937,0,0,93,13619,384,7345,93,20964,California
Humboldt,2021-02-20,1502,29888,904,14353,598,15535,0,0,419,12959,1081,8426,421,21385,California
Humboldt,2021-02-21,478,30366,469,14822,9,15544,0,0,192,12865,286,8712,192,21577,California
Humboldt,2021-02-22,111,30477,79,14901,32,15576,0,0,26,12808,83,8795,26,21603,California
Humboldt,2021-02-23,163,30640,63,14964,100,15676,0,0,41,12729,120,8915,41,21644,California
Humboldt,2021-02-24,1145,31785,686,15650,459,16135,0,0,572,12729,572,9487,572,22216,California
Humboldt,2021-02-25,832,32617,323,15973,509,16644,0,0,232,12363,598,10085,232,22448,California
Humboldt,2021-02-26,2137,34754,107,16080,2030,18674,0,0,454,11139,1678,11763,454,22902,California
Humboldt,2021-02-27,1558,36312,957,17037,601,19275,0,0,834,11253,722,12485,836,23738,California
Humboldt,2021-02-28,125,36437,13,17050,112,19387,0,0,118,11364,7,12492,118,23856,California
Humboldt,2021-03-01,248,36685,45,17095,203,19590,0,0,175,11466,73,12565,175,24031,California
Humboldt,2021-03-02,271,36956,41,17136,229,19819,1,1,152,11500,119,12684,153,24184,California
Humboldt,2021-03-03,1528,38484,1046,18182,482,20301,0,1,1117,12213,405,13089,1118,25302,California
Humboldt,2021-03-04,864,39348,99,18281,765,21066,0,1,259,11868,605,13694,260,25562,California
Humboldt,2021-03-05,912,40260,171,18452,731,21797,10,11,359,11688,549,14243,369,25931,California
Humboldt,2021-03-06,1581,41841,734,19186,798,22595,49,60,699,11557,881,15124,750,26681,California
Humboldt,2021-03-07,358,42199,297,19483,45,22640,16,76,154,11524,203,15327,170,26851,California
Humboldt,2021-03-08,222,42421,19,19502,132,22772,71,147,135,11643,87,15414,206,27057,California
Humboldt,2021-03-09,431,42852,194,19696,111,22883,126,273,210,11759,220,15634,336,27393,California
Humboldt,2021-03-10,605,43457,427,20123,67,22950,111,384,380,12026,224,15858,491,27884,California
Humboldt,2021-03-11,1263,44720,404,20527,763,23713,96,480,484,11829,776,16634,579,28463,California
Humboldt,2021-03-12,1566,46286,1004,21531,362,24075,200,680,975,12423,583,17217,1177,29640,California
Humboldt,2021-03-13,1392,47678,952,22483,396,24471,44,724,645,12370,742,17959,689,30329,California
Humboldt,2021-03-14,92,47770,14,22497,71,24542,7,731,19,12323,73,18032,26,30355,California
Humboldt,2021-03-15,276,48046,50,22547,205,24747,21,752,59,12186,217,18249,80,30435,California
Humboldt,2021-03-16,625,48671,204,22751,172,24919,249,1001,269,12347,356,18605,517,30952,California
Humboldt,2021-03-17,715,49386,391,23142,223,25142,101,1102,328,12390,386,18991,429,31381,California
Humboldt,2021-03-18,1269,50655,821,23963,417,25559,31,1133,732,12620,533,19524,763,32144,California
Humboldt,2021-03-19,924,51579,57,24020,562,26121,305,1438,349,12701,573,20097,654,32798,California
Humboldt,2021-03-20,961,52540,578,24598,372,26493,11,1449,271,12298,689,20786,286,33084,California
Humboldt,2021-03-21,246,52786,34,24632,184,26677,28,1477,199,12478,47,20833,227,33311,California
Humboldt,2021-03-22,119,52905,24,24656,50,26727,45,1522,68,12541,50,20883,113,33424,California
Humboldt,2021-03-23,411,53316,54,24710,317,27044,40,1562,325,12821,85,20968,365,33789,California
Humboldt,2021-03-24,1337,54653,354,25064,939,27983,44,1606,999,13552,332,21300,1063,34852,California
Humboldt,2021-03-25,1717,56370,1141,26205,515,28498,61,1667,853,13608,860,22160,916,35768,California
Humboldt,2021-03-26,1996,58366,428,26633,1513,30011,55,1722,1563,14808,429,22589,1629,37397,California
Humboldt,2021-03-27,1865,60231,1397,28030,316,30327,152,1874,1034,15167,829,23418,1188,38585,California
Humboldt,2021-03-28,257,60488,77,28107,113,30440,67,1941,79,15135,178,23596,146,38731,California
Humboldt,2021-03-29,464,60952,123,28230,251,30691,90,2031,200,15162,263,23859,290,39021,California
Humboldt,2021-03-30,883,61835,291,28521,504,31195,88,2119,538,15450,343,24202,631,39652,California
Humboldt,2021-03-31,1151,62986,421,28942,635,31830,95,2214,787,15998,363,24565,911,40563,California
Humboldt,2021-04-01,1919,64905,630,29572,1207,33037,82,2296,1359,16902,555,25120,1459,42022,California
Humboldt,2021-04-02,1002,65907,444,30016,461,33498,97,2393,457,16941,542,25662,581,42603,California
Humboldt,2021-04-03,1134,67041,977,30993,140,33638,17,2410,359,16561,770,26432,390,42993,California
Humboldt,2021-04-04,16,67057,6,30999,1,33639,9,2419,3,16560,13,26445,12,43005,California
Imperial,2020-12-16,1,1,1,1,0,0,0,0,1,1,0,0,1,1,California
Imperial,2020-12-17,4,5,4,5,0,0,0,0,4,5,0,0,4,5,California
Imperial,2020-12-18,11,16,11,16,0,0,0,0,11,16,0,0,11,16,California
Imperial,2020-12-20,2,18,2,18,0,0,0,0,2,18,0,0,2,18,California
Imperial,2020-12-21,186,204,186,204,0,0,0,0,186,204,0,0,186,204,California
Imperial,2020-12-22,242,446,240,444,2,2,0,0,242,446,0,0,242,446,California
Imperial,2020-12-23,212,658,211,655,1,3,0,0,211,657,0,0,211,657,California
Imperial,2020-12-24,5,663,5,660,0,3,0,0,5,662,0,0,5,662,California
Imperial,2020-12-26,1,664,0,660,1,4,0,0,1,663,0,0,1,663,California
Imperial,2020-12-27,62,726,0,660,62,66,0,0,62,725,0,0,62,725,California
Imperial,2020-12-28,215,941,114,774,101,167,0,0,215,940,0,0,215,940,California
Imperial,2020-12-29,188,1129,35,809,153,320,0,0,188,1128,0,0,188,1128,California
Imperial,2020-12-30,366,1495,49,858,317,637,0,0,366,1494,0,0,366,1494,California
Imperial,2020-12-31,200,1695,26,884,174,811,0,0,200,1694,0,0,200,1694,California
Imperial,2021-01-01,45,1740,5,889,40,851,0,0,45,1739,0,0,45,1739,California
Imperial,2021-01-02,4,1744,0,889,4,855,0,0,4,1743,0,0,4,1743,California
Imperial,2021-01-03,90,1834,0,889,90,945,0,0,90,1833,0,0,90,1833,California
Imperial,2021-01-04,84,1918,4,893,80,1025,0,0,84,1917,0,0,84,1917,California
Imperial,2021-01-05,172,2090,13,906,159,1184,0,0,172,2089,0,0,172,2089,California
Imperial,2021-01-06,190,2280,25,931,165,1349,0,0,189,2277,1,1,189,2278,California
Imperial,2021-01-07,319,2599,9,940,310,1659,0,0,316,2590,3,4,316,2594,California
Imperial,2021-01-08,190,2789,50,990,140,1799,0,0,181,2762,9,13,181,2775,California
Imperial,2021-01-09,24,2813,21,1011,3,1802,0,0,24,2786,0,13,24,2799,California
Imperial,2021-01-10,1,2814,0,1011,1,1803,0,0,1,2787,0,13,1,2800,California
Imperial,2021-01-11,401,3215,243,1254,158,1961,0,0,172,2730,229,242,172,2972,California
Imperial,2021-01-12,404,3619,301,1555,103,2064,0,0,142,2611,261,503,142,3114,California
Imperial,2021-01-13,382,4001,132,1687,250,2314,0,0,283,2795,99,602,283,3397,California
Imperial,2021-01-14,260,4261,152,1839,108,2422,0,0,253,3042,6,608,253,3650,California
Imperial,2021-01-15,240,4501,182,2021,58,2480,0,0,233,3268,7,615,233,3883,California
Imperial,2021-01-16,77,4578,71,2092,6,2486,0,0,77,3345,0,615,77,3960,California
Imperial,2021-01-17,9,4587,2,2094,7,2493,0,0,9,3354,0,615,9,3969,California
Imperial,2021-01-18,1061,5648,402,2496,659,3152,0,0,963,4220,98,713,964,4933,California
Imperial,2021-01-19,165,5813,128,2624,37,3189,0,0,118,4291,47,760,118,5051,California
Imperial,2021-01-20,291,6104,193,2817,98,3287,0,0,254,4508,37,797,254,5305,California
Imperial,2021-01-21,415,6519,183,3000,232,3519,0,0,395,4883,20,817,395,5700,California
Imperial,2021-01-22,460,6979,189,3189,271,3790,0,0,451,5325,9,826,451,6151,California
Imperial,2021-01-23,1042,8021,290,3479,752,4542,0,0,1041,6365,1,827,1041,7192,California
Imperial,2021-01-24,11,8032,3,3482,8,4550,0,0,11,6376,0,827,11,7203,California
Imperial,2021-01-25,216,8248,6,3488,210,4760,0,0,36,6233,179,1006,36,7239,California
Imperial,2021-01-26,359,8607,184,3672,175,4935,0,0,216,6307,143,1149,217,7456,California
Imperial,2021-01-27,573,9180,163,3835,410,5345,0,0,239,6212,334,1483,239,7695,California
Imperial,2021-01-28,632,9812,158,3993,474,5819,0,0,524,6628,108,1591,524,8219,California
Imperial,2021-01-29,420,10232,294,4287,126,5945,0,0,370,6948,50,1641,370,8589,California
Imperial,2021-01-30,51,10283,26,4313,25,5970,0,0,34,6965,17,1658,34,8623,California
Imperial,2021-01-31,14,10297,6,4319,8,5978,0,0,13,6977,1,1659,13,8636,California
Imperial,2021-02-01,421,10718,55,4374,366,6344,0,0,211,6979,209,1868,211,8847,California
Imperial,2021-02-02,681,11399,54,4428,627,6971,0,0,500,7298,181,2049,500,9347,California
Imperial,2021-02-03,458,11857,48,4476,410,7381,0,0,266,7373,191,2240,266,9613,California
Imperial,2021-02-04,1731,13588,1206,5682,525,7906,0,0,1416,8476,314,2554,1417,11030,California
Imperial,2021-02-05,390,13978,242,5924,148,8054,0,0,155,8399,232,2786,155,11185,California
Imperial,2021-02-06,863,14841,839,6763,24,8078,0,0,826,9189,36,2822,826,12011,California
Imperial,2021-02-07,25,14866,12,6775,13,8091,0,0,24,9212,1,2823,24,12035,California
Imperial,2021-02-08,252,15118,43,6818,209,8300,0,0,184,9328,68,2891,184,12219,California
Imperial,2021-02-09,464,15582,144,6962,320,8620,0,0,307,9478,157,3048,307,12526,California
Imperial,2021-02-10,383,15965,51,7013,332,8952,0,0,95,9285,288,3336,95,12621,California
Imperial,2021-02-11,461,16426,261,7274,200,9152,0,0,92,9008,369,3705,92,12713,California
Imperial,2021-02-12,2118,18544,1404,8678,714,9866,0,0,1764,10420,353,4058,1765,14478,California
Imperial,2021-02-13,45,18589,18,8696,27,9893,0,0,36,10448,9,4067,37,14515,California
Imperial,2021-02-14,24,18613,12,8708,12,9905,0,0,22,10468,2,4069,22,14537,California
Imperial,2021-02-15,33,18646,11,8719,22,9927,0,0,24,10483,9,4078,24,14561,California
Imperial,2021-02-16,518,19164,271,8990,247,10174,0,0,299,10563,219,4297,299,14860,California
Imperial,2021-02-17,440,19604,286,9276,154,10328,0,0,85,10293,355,4652,85,14945,California
Imperial,2021-02-18,653,20257,313,9589,340,10668,0,0,148,9937,504,5156,148,15093,California
Imperial,2021-02-19,768,21025,381,9970,387,11055,0,0,196,9562,571,5727,196,15289,California
Imperial,2021-02-20,1044,22069,196,10166,848,11903,0,0,330,9181,713,6440,332,15621,California
Imperial,2021-02-21,581,22650,547,10713,34,11937,0,0,573,9746,8,6448,573,16194,California
Imperial,2021-02-22,807,23457,567,11280,240,12177,0,0,757,10453,50,6498,757,16951,California
Imperial,2021-02-23,937,24394,380,11660,557,12734,0,0,881,11279,56,6554,882,17833,California
Imperial,2021-02-24,701,25095,293,11953,408,13142,0,0,602,11784,98,6652,603,18436,California
Imperial,2021-02-25,818,25913,344,12297,474,13616,0,0,451,11874,366,7018,456,18892,California
Imperial,2021-02-26,1744,27657,1373,13670,371,13987,0,0,1572,13276,170,7188,1572,20464,California
Imperial,2021-02-27,915,28572,866,14536,49,14036,0,0,176,12713,739,7927,176,20640,California
Imperial,2021-02-28,78,28650,69,14605,9,14045,0,0,68,12771,10,7937,68,20708,California
Imperial,2021-03-01,513,29163,311,14916,202,14247,0,0,451,13163,61,7998,453,21161,California
Imperial,2021-03-02,688,29851,266,15182,422,14669,0,0,399,13277,289,8287,403,21564,California
Imperial,2021-03-03,918,30769,48,15230,869,15538,1,1,548,13470,367,8654,560,22124,California
Imperial,2021-03-04,744,31513,93,15323,651,16189,0,1,483,13723,259,8913,512,22636,California
Imperial,2021-03-05,2552,34065,1942,17265,610,16799,0,1,1268,13709,1283,10196,1269,23905,California
Imperial,2021-03-06,681,34746,234,17499,447,17246,0,1,641,14319,36,10232,646,24551,California
Imperial,2021-03-07,76,34822,43,17542,32,17278,1,2,55,14355,21,10253,57,24608,California
Imperial,2021-03-08,400,35222,324,17866,44,17322,32,34,352,14690,49,10302,384,24992,California
Imperial,2021-03-09,693,35915,315,18181,133,17455,245,279,406,15058,287,10589,655,25647,California
Imperial,2021-03-10,663,36578,306,18487,254,17709,103,382,301,15104,362,10951,408,26055,California
Imperial,2021-03-11,1705,38283,436,18923,1079,18788,190,572,1104,15809,602,11553,1307,27362,California
Imperial,2021-03-12,3557,41840,2438,21361,935,19723,184,756,1972,16384,1582,13135,2157,29519,California
Imperial,2021-03-13,998,42838,91,21452,688,20411,219,975,723,17057,273,13408,946,30465,California
Imperial,2021-03-14,124,42962,29,21481,84,20495,11,986,98,17141,26,13434,110,30575,California
Imperial,2021-03-15,673,43635,219,21700,199,20694,255,1241,379,17484,293,13727,636,31211,California
Imperial,2021-03-16,1054,44689,275,21975,339,21033,440,1681,529,17930,524,14251,970,32181,California
Imperial,2021-03-17,1526,46215,658,22633,734,21767,134,1815,946,18437,576,14827,1083,33264,California
Imperial,2021-03-18,1513,47728,1014,23647,440,22207,59,1874,1070,19128,441,15268,1132,34396,California
Imperial,2021-03-19,2879,50607,2173,25820,702,22909,4,1878,1217,18693,1658,16926,1223,35619,California
Imperial,2021-03-20,637,51244,377,26197,255,23164,5,1883,337,18745,298,17224,350,35969,California
Imperial,2021-03-21,220,51464,37,26234,180,23344,3,1886,160,18852,60,17284,167,36136,California
Imperial,2021-03-22,1023,52487,316,26550,700,24044,7,1893,609,19067,413,17697,628,36764,California
Imperial,2021-03-23,1401,53888,408,26958,987,25031,6,1899,887,19458,512,18209,903,37667,California
Imperial,2021-03-24,1900,55788,539,27497,950,25981,411,2310,956,19902,942,19151,1386,39053,California
Imperial,2021-03-25,2424,58212,498,27995,809,26790,1117,3427,932,20462,1491,20642,2051,41104,California
Imperial,2021-03-26,2177,60389,773,28768,647,27437,757,4184,734,20522,1439,22081,1499,42603,California
Imperial,2021-03-27,562,60951,264,29032,249,27686,49,4233,407,20826,152,22233,456,43059,California
Imperial,2021-03-28,208,61159,51,29083,153,27839,4,4237,172,20965,36,22269,175,43234,California
Imperial,2021-03-29,957,62116,355,29438,354,28193,248,4485,289,20838,666,22935,539,43773,California
Imperial,2021-03-30,1326,63442,671,30109,525,28718,130,4615,604,20861,722,23657,745,44518,California
Imperial,2021-03-31,1473,64915,703,30812,762,29480,8,4623,968,21340,503,24160,982,45500,California
Imperial,2021-04-01,1295,66210,322,31134,749,30229,224,4847,696,21674,599,24759,933,46433,California
Imperial,2021-04-02,1209,67419,450,31584,686,30915,73,4920,706,21981,502,25261,809,47242,California
Imperial,2021-04-03,1226,68645,402,31986,800,31715,24,4944,478,21740,745,26006,504,47746,California
Imperial,2021-04-04,28,68673,4,31990,9,31724,15,4959,3,21733,25,26031,18,47764,California
Inyo,2020-12-19,85,85,85,85,0,0,0,0,85,85,0,0,85,85,California
Inyo,2020-12-20,58,143,58,143,0,0,0,0,58,143,0,0,58,143,California
Inyo,2020-12-21,88,231,85,228,3,3,0,0,88,231,0,0,88,231,California
Inyo,2020-12-22,104,335,104,332,0,3,0,0,104,335,0,0,104,335,California
Inyo,2020-12-23,71,406,68,400,3,6,0,0,71,406,0,0,71,406,California
Inyo,2020-12-24,16,422,16,416,0,6,0,0,16,422,0,0,16,422,California
Inyo,2020-12-25,1,423,0,416,1,7,0,0,1,423,0,0,1,423,California
Inyo,2020-12-26,74,497,74,490,0,7,0,0,74,497,0,0,74,497,California
Inyo,2020-12-28,48,545,36,526,12,19,0,0,48,545,0,0,48,545,California
Inyo,2020-12-29,20,565,20,546,0,19,0,0,20,565,0,0,20,565,California
Inyo,2020-12-30,56,621,54,600,2,21,0,0,56,621,0,0,56,621,California
Inyo,2020-12-31,29,650,0,600,29,50,0,0,29,650,0,0,29,650,California
Inyo,2021-01-01,1,651,0,600,1,51,0,0,1,651,0,0,1,651,California
Inyo,2021-01-03,1,652,0,600,1,52,0,0,1,652,0,0,1,652,California
Inyo,2021-01-04,1,653,1,601,0,52,0,0,1,653,0,0,1,653,California
Inyo,2021-01-05,34,687,0,601,34,86,0,0,34,687,0,0,34,687,California
Inyo,2021-01-06,68,755,0,601,68,154,0,0,68,755,0,0,68,755,California
Inyo,2021-01-07,31,786,1,602,30,184,0,0,31,786,0,0,31,786,California
Inyo,2021-01-08,9,795,8,610,1,185,0,0,4,786,5,5,5,791,California
Inyo,2021-01-09,87,882,86,696,1,186,0,0,1,701,86,91,1,792,California
Inyo,2021-01-10,52,934,52,748,0,186,0,0,0,649,52,143,0,792,California
Inyo,2021-01-11,97,1031,82,830,15,201,0,0,16,584,81,224,16,808,California
Inyo,2021-01-12,139,1170,117,947,22,223,0,0,29,503,110,334,29,837,California
Inyo,2021-01-13,87,1257,69,1016,18,241,0,0,21,459,66,400,22,859,California
Inyo,2021-01-14,59,1316,13,1029,46,287,0,0,49,498,10,410,49,908,California
Inyo,2021-01-15,162,1478,28,1057,134,421,0,0,162,660,0,410,162,1070,California
Inyo,2021-01-16,74,1552,73,1130,1,422,0,0,1,588,73,483,1,1071,California
Inyo,2021-01-18,58,1610,36,1166,22,444,0,0,19,568,39,522,19,1090,California
Inyo,2021-01-19,116,1726,73,1239,43,487,0,0,100,652,16,538,100,1190,California
Inyo,2021-01-20,142,1868,67,1306,75,562,0,0,88,686,54,592,88,1278,California
Inyo,2021-01-21,120,1988,57,1363,63,625,0,0,119,804,1,593,119,1397,California
Inyo,2021-01-22,62,2050,0,1363,62,687,0,0,61,864,1,594,61,1458,California
Inyo,2021-01-23,53,2103,53,1416,0,687,0,0,53,917,0,594,53,1511,California
Inyo,2021-01-25,49,2152,6,1422,43,730,0,0,37,942,12,606,37,1548,California
Inyo,2021-01-26,133,2285,51,1473,82,812,0,0,127,1063,6,612,127,1675,California
Inyo,2021-01-27,23,2308,2,1475,21,833,0,0,22,1084,1,613,22,1697,California
Inyo,2021-01-28,93,2401,2,1477,91,924,0,0,64,1119,29,642,64,1761,California
Inyo,2021-01-29,24,2425,3,1480,21,945,0,0,22,1139,2,644,22,1783,California
Inyo,2021-01-30,11,2436,1,1481,10,955,0,0,11,1150,0,644,11,1794,California
Inyo,2021-01-31,32,2468,4,1485,28,983,0,0,4,1126,28,672,4,1798,California
Inyo,2021-02-01,12,2480,9,1494,3,986,0,0,2,1118,10,682,2,1800,California
Inyo,2021-02-02,131,2611,15,1509,116,1102,0,0,105,1197,26,708,105,1905,California
Inyo,2021-02-03,115,2726,0,1509,115,1217,0,0,73,1228,42,750,73,1978,California
Inyo,2021-02-04,149,2875,31,1540,118,1335,0,0,90,1259,59,809,90,2068,California
Inyo,2021-02-05,118,2993,62,1602,56,1391,0,0,116,1373,2,811,116,2184,California
Inyo,2021-02-06,3,2996,1,1603,2,1393,0,0,2,1374,1,812,2,2186,California
Inyo,2021-02-07,3,2999,1,1604,2,1395,0,0,3,1377,0,812,3,2189,California
Inyo,2021-02-08,117,3116,7,1611,110,1505,0,0,97,1454,20,832,97,2286,California
Inyo,2021-02-09,193,3309,51,1662,142,1647,0,0,122,1505,71,903,122,2408,California
Inyo,2021-02-10,147,3456,16,1678,131,1778,0,0,115,1588,32,935,115,2523,California
Inyo,2021-02-11,218,3674,55,1733,163,1941,0,0,125,1620,93,1028,125,2648,California
Inyo,2021-02-12,302,3976,56,1789,246,2187,0,0,171,1660,131,1159,171,2819,California
Inyo,2021-02-13,60,4036,56,1845,4,2191,0,0,7,1614,53,1212,7,2826,California
Inyo,2021-02-14,1,4037,0,1845,1,2192,0,0,1,1615,0,1212,1,2827,California
Inyo,2021-02-15,29,4066,9,1854,20,2212,0,0,5,1596,24,1236,5,2832,California
Inyo,2021-02-16,180,4246,50,1904,130,2342,0,0,94,1604,86,1322,94,2926,California
Inyo,2021-02-17,37,4283,4,1908,33,2375,0,0,7,1581,30,1352,7,2933,California
Inyo,2021-02-18,119,4402,5,1913,114,2489,0,0,76,1614,43,1395,76,3009,California
Inyo,2021-02-19,52,4454,4,1917,48,2537,0,0,9,1580,43,1438,9,3018,California
Inyo,2021-02-20,502,4956,498,2415,4,2541,0,0,500,2078,2,1440,500,3518,California
Inyo,2021-02-21,267,5223,267,2682,0,2541,0,0,267,2345,0,1440,267,3785,California
Inyo,2021-02-22,60,5283,18,2700,42,2583,0,0,26,2337,34,1474,26,3811,California
Inyo,2021-02-23,196,5479,19,2719,177,2760,0,0,93,2328,102,1576,93,3904,California
Inyo,2021-02-24,116,5595,1,2720,115,2875,0,0,58,2328,58,1634,58,3962,California
Inyo,2021-02-25,130,5725,3,2723,127,3002,0,0,62,2322,68,1702,62,4024,California
Inyo,2021-02-26,104,5829,61,2784,43,3045,0,0,20,2258,84,1786,20,4044,California
Inyo,2021-02-27,14,5843,3,2787,11,3056,0,0,3,2250,11,1797,3,4047,California
Inyo,2021-02-28,2,5845,1,2788,1,3057,0,0,1,2250,1,1798,1,4048,California
Inyo,2021-03-01,23,5868,3,2791,20,3077,0,0,20,2267,3,1801,20,4068,California
Inyo,2021-03-02,188,6056,0,2791,188,3265,0,0,106,2291,82,1883,106,4174,California
Inyo,2021-03-03,82,6138,3,2794,79,3344,0,0,39,2287,43,1926,39,4213,California
Inyo,2021-03-04,127,6265,4,2798,123,3467,0,0,46,2252,81,2007,46,4259,California
Inyo,2021-03-05,148,6413,62,2860,86,3553,0,0,43,2191,104,2111,43,4302,California
Inyo,2021-03-06,29,6442,2,2862,27,3580,0,0,27,2216,2,2113,27,4329,California
Inyo,2021-03-07,7,6449,4,2866,3,3583,0,0,5,2219,2,2115,5,4334,California
Inyo,2021-03-08,173,6622,5,2871,168,3751,0,0,83,2212,90,2205,83,4417,California
Inyo,2021-03-09,179,6801,3,2874,176,3927,0,0,63,2159,116,2321,63,4480,California
Inyo,2021-03-10,68,6869,9,2883,58,3985,1,1,25,2142,43,2364,26,4506,California
Inyo,2021-03-11,181,7050,2,2885,173,4158,6,7,64,2095,116,2480,69,4575,California
Inyo,2021-03-12,100,7150,4,2889,91,4249,5,12,28,2056,72,2552,33,4608,California
Inyo,2021-03-13,562,7712,530,3419,23,4272,9,21,73,1650,488,3040,82,4690,California
Inyo,2021-03-14,431,8143,429,3848,2,4274,0,21,168,1556,262,3302,168,4858,California
Inyo,2021-03-15,51,8194,15,3863,34,4308,2,23,29,1565,22,3324,31,4889,California
Inyo,2021-03-16,157,8351,4,3867,148,4456,5,28,58,1529,99,3423,63,4952,California
Inyo,2021-03-17,93,8444,3,3870,83,4539,7,35,79,1601,14,3437,86,5038,California
Inyo,2021-03-18,165,8609,16,3886,143,4682,6,41,93,1628,72,3509,99,5137,California
Inyo,2021-03-19,27,8636,5,3891,18,4700,4,45,17,1639,10,3519,21,5158,California
Inyo,2021-03-20,22,8658,1,3892,12,4712,9,54,3,1632,19,3538,12,5170,California
Inyo,2021-03-22,50,8708,3,3895,42,4754,5,59,29,1645,21,3559,34,5204,California
Inyo,2021-03-23,189,8897,7,3902,178,4932,4,63,101,1662,88,3647,105,5309,California
Inyo,2021-03-24,134,9031,5,3907,125,5057,4,67,82,1696,52,3699,86,5395,California
Inyo,2021-03-25,331,9362,106,4013,222,5279,3,70,267,1903,64,3763,271,5666,California
Inyo,2021-03-26,92,9454,5,4018,83,5362,4,74,71,1958,20,3783,75,5741,California
Inyo,2021-03-27,53,9507,42,4060,8,5370,3,77,47,2002,6,3789,50,5791,California
Inyo,2021-03-28,3,9510,2,4062,1,5371,0,77,2,2003,1,3790,2,5793,California
Inyo,2021-03-29,103,9613,3,4065,94,5465,6,83,77,2061,25,3815,83,5876,California
Inyo,2021-03-30,213,9826,4,4069,204,5669,5,88,106,2067,107,3922,113,5989,California
Inyo,2021-03-31,147,9973,5,4074,136,5805,6,94,102,2131,45,3967,109,6098,California
Inyo,2021-04-01,156,10129,6,4080,149,5954,1,95,109,2194,47,4014,110,6208,California
Inyo,2021-04-02,82,10211,2,4082,78,6032,2,97,47,2209,35,4049,50,6258,California
Inyo,2021-04-03,90,10301,43,4125,34,6066,13,110,8,2152,81,4130,24,6282,California
Inyo,2021-04-04,2,10303,1,4126,0,6066,1,111,1,2153,1,4131,2,6284,California
Kern,2020-12-15,1,1,1,1,0,0,0,0,1,1,0,0,1,1,California
Kern,2020-12-16,18,19,18,19,0,0,0,0,18,19,0,0,18,19,California
Kern,2020-12-17,164,183,164,183,0,0,0,0,164,183,0,0,164,183,California
Kern,2020-12-18,317,500,317,500,0,0,0,0,317,500,0,0,317,500,California
Kern,2020-12-19,100,600,100,600,0,0,0,0,100,600,0,0,100,600,California
Kern,2020-12-20,61,661,61,661,0,0,0,0,61,661,0,0,61,661,California
Kern,2020-12-21,670,1331,670,1331,0,0,0,0,670,1331,0,0,670,1331,California
Kern,2020-12-22,531,1862,528,1859,3,3,0,0,531,1862,0,0,531,1862,California
Kern,2020-12-23,556,2418,417,2276,139,142,0,0,556,2418,0,0,556,2418,California
Kern,2020-12-24,122,2540,43,2319,79,221,0,0,122,2540,0,0,122,2540,California
Kern,2020-12-25,1,2541,1,2320,0,221,0,0,1,2541,0,0,1,2541,California
Kern,2020-12-26,35,2576,1,2321,34,255,0,0,35,2576,0,0,35,2576,California
Kern,2020-12-27,35,2611,3,2324,32,287,0,0,35,2611,0,0,35,2611,California
Kern,2020-12-28,826,3437,662,2986,164,451,0,0,826,3437,0,0,826,3437,California
Kern,2020-12-29,745,4182,452,3438,293,744,0,0,745,4182,0,0,745,4182,California
Kern,2020-12-30,1200,5382,909,4347,291,1035,0,0,1200,5382,0,0,1200,5382,California
Kern,2020-12-31,277,5659,98,4445,179,1214,0,0,277,5659,0,0,277,5659,California
Kern,2021-01-01,9,5668,6,4451,3,1217,0,0,9,5668,0,0,9,5668,California
Kern,2021-01-02,77,5745,18,4469,59,1276,0,0,77,5745,0,0,77,5745,California
Kern,2021-01-03,23,5768,4,4473,19,1295,0,0,23,5768,0,0,23,5768,California
Kern,2021-01-04,554,6322,360,4833,194,1489,0,0,554,6322,0,0,554,6322,California
Kern,2021-01-05,1129,7451,735,5568,394,1883,0,0,1117,7427,12,12,1117,7439,California
Kern,2021-01-06,1164,8615,453,6021,711,2594,0,0,1134,8531,30,42,1134,8573,California
Kern,2021-01-07,1402,10017,494,6515,908,3502,0,0,1233,9596,168,210,1233,9806,California
Kern,2021-01-08,1626,11643,766,7281,860,4362,0,0,1330,10629,298,508,1331,11137,California
Kern,2021-01-09,226,11869,76,7357,150,4512,0,0,192,10787,34,542,192,11329,California
Kern,2021-01-10,190,12059,145,7502,45,4557,0,0,149,10895,41,583,149,11478,California
Kern,2021-01-11,1550,13609,981,8483,569,5126,0,0,998,11341,552,1135,998,12476,California
Kern,2021-01-12,1869,15478,811,9294,1058,6184,0,0,1358,12188,511,1646,1358,13834,California
Kern,2021-01-13,1855,17333,867,10161,988,7172,0,0,1432,13197,423,2069,1432,15266,California
Kern,2021-01-14,2177,19510,643,10804,1534,8706,0,0,2131,15282,47,2116,2132,17398,California
Kern,2021-01-15,2701,22211,858,11662,1843,10549,0,0,2604,17792,95,2211,2605,20003,California
Kern,2021-01-16,666,22877,210,11872,456,11005,0,0,632,18390,34,2245,632,20635,California
Kern,2021-01-17,73,22950,7,11879,66,11071,0,0,71,18459,2,2247,71,20706,California
Kern,2021-01-18,1646,24596,659,12538,987,12058,0,0,1476,19765,170,2417,1476,22182,California
Kern,2021-01-19,1846,26442,1029,13567,817,12875,0,0,1379,20678,467,2884,1380,23562,California
Kern,2021-01-20,2439,28881,1505,15072,934,13809,0,0,1815,21876,619,3503,1817,25379,California
Kern,2021-01-21,2154,31035,918,15990,1236,15045,0,0,1961,23645,192,3695,1961,27340,California
Kern,2021-01-22,2700,33735,1289,17279,1411,16456,0,0,2425,25796,274,3969,2425,29765,California
Kern,2021-01-23,1245,34980,531,17810,714,17170,0,0,1199,26949,46,4015,1199,30964,California
Kern,2021-01-24,160,35140,19,17829,141,17311,0,0,155,27099,5,4020,155,31119,California
Kern,2021-01-25,2377,37517,1082,18911,1295,18606,0,0,1893,28511,483,4503,1895,33014,California
Kern,2021-01-26,2732,40249,1109,20020,1623,20229,0,0,1882,29545,849,5352,1883,34897,California
Kern,2021-01-27,3548,43797,1894,21914,1654,21883,0,0,2850,31698,697,6049,2850,37747,California
Kern,2021-01-28,2838,46635,1343,23257,1495,23378,0,0,2411,33686,424,6473,2412,40159,California
Kern,2021-01-29,3747,50382,1788,25045,1959,25337,0,0,3208,36358,536,7009,3208,43367,California
Kern,2021-01-30,1323,51705,495,25540,828,26165,0,0,1276,37589,45,7054,1276,44643,California
Kern,2021-01-31,400,52105,274,25814,126,26291,0,0,267,37723,133,7187,267,44910,California
Kern,2021-02-01,2407,54512,817,26631,1590,27881,0,0,1857,39034,547,7734,1858,46768,California
Kern,2021-02-02,2915,57427,975,27606,1940,29821,0,0,2053,40226,862,8596,2054,48822,California
Kern,2021-02-03,3655,61082,1549,29155,2106,31927,0,0,2687,41954,960,9556,2688,51510,California
Kern,2021-02-04,3785,64867,1444,30599,2341,34268,0,0,2572,43325,1202,10758,2573,54083,California
Kern,2021-02-05,4842,69709,1990,32589,2852,37120,0,0,3085,44673,1738,12496,3086,57169,California
Kern,2021-02-06,1734,71443,762,33351,972,38092,0,0,1514,45970,217,12713,1514,58683,California
Kern,2021-02-07,281,71724,149,33500,132,38224,0,0,267,46225,12,12725,267,58950,California
Kern,2021-02-08,2565,74289,788,34288,1777,40001,0,0,1261,46200,1286,14011,1261,60211,California
Kern,2021-02-09,3020,77309,985,35273,2035,42036,0,0,1466,46119,1547,15558,1466,61677,California
Kern,2021-02-10,3734,81043,1650,36923,2084,44120,0,0,1891,46185,1826,17384,1892,63569,California
Kern,2021-02-11,4264,85307,1539,38462,2725,46845,0,0,2231,46396,2020,19404,2231,65800,California
Kern,2021-02-12,4942,90249,1868,40330,3074,49919,0,0,2468,46405,2459,21863,2468,68268,California
Kern,2021-02-13,1985,92234,701,41031,1284,51203,0,0,1158,46738,825,22688,1158,69426,California
Kern,2021-02-14,352,92586,13,41044,339,51542,0,0,271,46929,80,22768,271,69697,California
Kern,2021-02-15,2719,95305,883,41927,1836,53378,0,0,1198,46614,1513,24281,1198,70895,California
Kern,2021-02-16,2940,98245,718,42645,2222,55600,0,0,1659,47002,1271,25552,1659,72554,California
Kern,2021-02-17,4059,102304,2072,44717,1987,57587,0,0,1933,46815,2121,27673,1934,74488,California
Kern,2021-02-18,3727,106031,1468,46185,2259,59846,0,0,1610,46320,2105,29778,1610,76098,California
Kern,2021-02-19,4174,110205,1902,48087,2272,62118,0,0,1735,45621,2434,32212,1735,77833,California
Kern,2021-02-20,2536,112741,954,49041,1582,63700,0,0,1305,45700,1227,33439,1306,79139,California
Kern,2021-02-21,223,112964,118,49159,105,63805,0,0,77,45633,144,33583,77,79216,California
Kern,2021-02-22,2640,115604,1137,50296,1503,65308,0,0,1433,45864,1202,34785,1433,80649,California
Kern,2021-02-23,3513,119117,1111,51407,2402,67710,0,0,1971,46295,1540,36325,1971,82620,California
Kern,2021-02-24,5114,124231,2266,53673,2848,70558,0,0,3035,47255,2075,38400,3035,85655,California
Kern,2021-02-25,5305,129536,2442,56115,2863,73421,0,0,3146,48261,2140,40540,3146,88801,California
Kern,2021-02-26,6767,136303,3478,59593,3289,76710,0,0,4313,50126,2448,42988,4313,93114,California
Kern,2021-02-27,3808,140111,1859,61452,1949,78659,0,0,2501,51331,1299,44287,2504,95618,California
Kern,2021-02-28,910,141021,501,61953,409,79068,0,0,693,51809,215,44502,693,96311,California
Kern,2021-03-01,3900,144921,1796,63749,2104,81172,0,0,2627,53168,1269,45771,2628,98939,California
Kern,2021-03-02,4278,149199,1350,65099,2927,84099,1,1,2790,54478,1480,47251,2790,101729,California
Kern,2021-03-03,5581,154780,2640,67739,2941,87040,0,1,3530,55970,2038,49289,3530,105259,California
Kern,2021-03-04,5070,159850,1980,69719,3088,90128,2,3,3373,57659,1686,50975,3375,108634,California
Kern,2021-03-05,6018,165868,2632,72351,3369,93497,17,20,3843,59353,2166,53141,3860,112494,California
Kern,2021-03-06,4285,170153,1865,74216,2326,95823,94,114,3183,61539,1096,54237,3282,115776,California
Kern,2021-03-07,2019,172172,1576,75792,395,96218,48,162,1831,63231,187,54424,1879,117655,California
Kern,2021-03-08,2654,174826,827,76619,1624,97842,203,365,1370,63521,1281,55705,1571,119226,California
Kern,2021-03-09,3388,178214,741,77360,2322,100164,325,690,2057,64575,1326,57031,2380,121606,California
Kern,2021-03-10,5577,183791,2377,79737,2286,102450,914,1604,3219,66362,2347,59378,4134,125740,California
Kern,2021-03-11,5657,189448,2148,81885,2718,105168,791,2395,3396,68295,2254,61632,4187,129927,California
Kern,2021-03-12,6415,195863,2550,84435,3030,108198,835,3230,3714,70149,2693,64325,4547,134474,California
Kern,2021-03-13,3986,199849,2131,86566,1531,109729,324,3554,2723,71937,1259,65584,3047,137521,California
Kern,2021-03-14,2079,201928,1379,87945,467,110196,233,3787,1650,73392,427,66011,1882,139403,California
Kern,2021-03-15,4031,205959,1009,88954,2366,112562,656,4443,2068,74164,1953,67964,2725,142128,California
Kern,2021-03-16,4191,210150,968,89922,2715,115277,508,4951,2235,74960,1945,69909,2741,144869,California
Kern,2021-03-17,6786,216936,3599,93521,2729,118006,458,5409,4096,76836,2678,72587,4554,149423,California
Kern,2021-03-18,6252,223188,3149,96670,2578,120584,525,5934,3713,78554,2520,75107,4238,153661,California
Kern,2021-03-19,7520,230708,4338,101008,2652,123236,530,6464,3921,79424,3583,78690,4453,158114,California
Kern,2021-03-20,4037,234745,2357,103365,1562,124798,118,6582,2574,80666,1457,80147,2699,160813,California
Kern,2021-03-21,2826,237571,1691,105056,263,125061,872,7454,1650,82018,1171,81318,2523,163336,California
Kern,2021-03-22,3851,241422,1554,106610,1982,127043,315,7769,1889,82268,1956,83274,2206,165542,California
Kern,2021-03-23,4448,245870,1562,108172,2719,129762,167,7936,2405,82847,2013,85287,2592,168134,California
Kern,2021-03-24,6878,252748,3488,111660,2938,132700,452,8388,3626,83705,3237,88524,4095,172229,California
Kern,2021-03-25,6489,259237,2816,114476,3359,136059,314,8702,3253,84063,3221,91745,3579,175808,California
Kern,2021-03-26,9254,268491,4113,118589,3969,140028,1172,9874,4621,85273,4613,96358,5823,181631,California
Kern,2021-03-27,5348,273839,3668,122257,1561,141589,119,9993,3283,86632,2055,98413,3414,185045,California
Kern,2021-03-28,4105,277944,3629,125886,462,142051,14,10007,2570,87697,1529,99942,2594,187639,California
Kern,2021-03-29,4077,282021,1565,127451,2238,144289,274,10281,2553,89027,1512,101454,2842,190481,California
Kern,2021-03-30,5351,287372,1767,129218,3287,147576,297,10578,3057,90144,2286,103740,3403,193884,California
Kern,2021-03-31,7858,295230,4067,133285,3152,150728,639,11217,4171,91352,3674,107414,4882,198766,California
Kern,2021-04-01,7406,302636,3517,136802,3604,154332,285,11502,3997,92444,3394,110808,4486,203252,California
Kern,2021-04-02,7689,310325,4133,140935,3145,157477,411,11913,3961,93362,3719,114527,4637,207889,California
Kern,2021-04-03,4724,315049,3278,144213,1346,158823,100,12013,2402,93677,2316,116843,2631,210520,California
Kern,2021-04-04,725,315774,649,144862,74,158897,2,12015,164,93289,560,117403,172,210692,California
Kings,2020-12-16,1,1,1,1,0,0,0,0,1,1,0,0,1,1,California
Kings,2020-12-17,8,9,8,9,0,0,0,0,8,9,0,0,8,9,California
Kings,2020-12-18,12,21,12,21,0,0,0,0,12,21,0,0,12,21,California
Kings,2020-12-19,11,32,11,32,0,0,0,0,11,32,0,0,11,32,California
Kings,2020-12-20,13,45,13,45,0,0,0,0,13,45,0,0,13,45,California
Kings,2020-12-21,154,199,154,199,0,0,0,0,271,316,0,0,271,316,California
Kings,2020-12-22,143,342,143,342,0,0,0,0,140,456,0,0,140,456,California
Kings,2020-12-23,134,476,122,464,12,12,0,0,135,591,0,0,135,591,California
Kings,2020-12-24,11,487,9,473,2,14,0,0,11,602,0,0,11,602,California
Kings,2020-12-26,7,494,4,477,3,17,0,0,7,609,0,0,7,609,California
Kings,2020-12-27,4,498,4,481,0,17,0,0,4,613,0,0,4,613,California
Kings,2020-12-28,131,629,103,584,28,45,0,0,132,745,0,0,132,745,California
Kings,2020-12-29,78,707,51,635,27,72,0,0,79,824,0,0,79,824,California
Kings,2020-12-30,147,854,108,743,39,111,0,0,147,971,0,0,147,971,California
Kings,2020-12-31,43,897,6,749,37,148,0,0,43,1014,0,0,43,1014,California
Kings,2021-01-01,1,898,0,749,1,149,0,0,1,1015,0,0,1,1015,California
Kings,2021-01-02,10,908,9,758,1,150,0,0,10,1025,0,0,10,1025,California
Kings,2021-01-04,112,1020,41,799,71,221,0,0,112,1137,0,0,112,1137,California
Kings,2021-01-05,197,1217,39,838,158,379,0,0,197,1334,0,0,197,1334,California
Kings,2021-01-06,275,1492,178,1016,97,476,0,0,272,1603,3,3,272,1606,California
Kings,2021-01-07,179,1671,82,1098,97,573,0,0,171,1766,8,11,171,1777,California
Kings,2021-01-08,247,1918,54,1152,193,766,0,0,228,1975,19,30,228,2005,California
Kings,2021-01-09,63,1981,9,1161,54,820,0,0,55,2022,8,38,55,2060,California
Kings,2021-01-10,15,1996,3,1164,12,832,0,0,12,2031,3,41,12,2072,California
Kings,2021-01-11,518,2514,356,1520,162,994,0,0,274,2062,244,285,275,2347,California
Kings,2021-01-12,352,2866,255,1775,97,1091,0,0,218,2149,131,416,218,2565,California
Kings,2021-01-13,413,3279,266,2041,147,1238,0,0,322,2380,91,507,322,2887,California
Kings,2021-01-14,210,3489,31,2072,179,1417,0,0,200,2560,21,528,201,3088,California
Kings,2021-01-15,415,3904,28,2100,387,1804,0,0,403,2951,12,540,403,3491,California
Kings,2021-01-16,31,3935,12,2112,19,1823,0,0,30,2980,1,541,30,3521,California
Kings,2021-01-17,8,3943,5,2117,3,1826,0,0,6,2984,2,543,6,3527,California
Kings,2021-01-18,172,4115,40,2157,132,1958,0,0,146,3104,26,569,146,3673,California
Kings,2021-01-19,376,4491,158,2315,218,2176,0,0,248,3224,128,697,248,3921,California
Kings,2021-01-20,224,4715,135,2450,89,2265,0,0,119,3242,101,798,119,4040,California
Kings,2021-01-21,185,4900,32,2482,153,2418,0,0,171,3397,16,814,171,4211,California
Kings,2021-01-22,126,5026,39,2521,87,2505,0,0,125,3517,5,819,125,4336,California
Kings,2021-01-23,26,5052,14,2535,12,2517,0,0,20,3531,6,825,20,4356,California
Kings,2021-01-24,3,5055,3,2538,0,2517,0,0,1,3530,2,827,1,4357,California
Kings,2021-01-25,123,5178,25,2563,98,2615,0,0,90,3587,33,860,90,4447,California
Kings,2021-01-26,153,5331,34,2597,119,2734,0,0,114,3662,39,899,114,4561,California
Kings,2021-01-27,316,5647,34,2631,282,3016,0,0,246,3839,69,968,246,4807,California
Kings,2021-01-28,323,5970,47,2678,276,3292,0,0,269,4054,54,1022,269,5076,California
Kings,2021-01-29,85,6055,26,2704,59,3351,0,0,68,4105,17,1039,68,5144,California
Kings,2021-01-30,1542,7597,31,2735,1511,4862,0,0,1540,5644,2,1041,1541,6685,California
Kings,2021-02-01,197,7794,63,2798,134,4996,0,0,70,5589,125,1166,70,6755,California
Kings,2021-02-02,224,8018,14,2812,210,5206,0,0,80,5526,143,1309,80,6835,California
Kings,2021-02-03,352,8370,193,3005,159,5365,0,0,198,5571,153,1462,198,7033,California
Kings,2021-02-04,392,8762,98,3103,294,5659,0,0,196,5571,196,1658,196,7229,California
Kings,2021-02-05,254,9016,12,3115,242,5901,0,0,101,5520,152,1810,101,7330,California
Kings,2021-02-06,58,9074,10,3125,48,5949,0,0,26,5514,32,1842,26,7356,California
Kings,2021-02-07,5,9079,3,3128,2,5951,0,0,3,5515,2,1844,3,7359,California
Kings,2021-02-08,171,9250,29,3157,142,6093,0,0,70,5484,101,1945,70,7429,California
Kings,2021-02-09,252,9502,57,3214,195,6288,0,0,109,5452,141,2086,109,7538,California
Kings,2021-02-10,286,9788,113,3327,173,6461,0,0,175,5516,111,2197,175,7713,California
Kings,2021-02-11,417,10205,64,3391,353,6814,0,0,305,5710,111,2308,305,8018,California
Kings,2021-02-12,608,10813,36,3427,572,7386,0,0,344,5790,264,2572,344,8362,California
Kings,2021-02-13,102,10915,6,3433,96,7482,0,0,77,5842,25,2597,77,8439,California
Kings,2021-02-14,103,11018,5,3438,98,7580,0,0,96,5931,7,2604,96,8535,California
Kings,2021-02-15,245,11263,4,3442,241,7821,0,0,137,5961,107,2711,137,8672,California
Kings,2021-02-16,482,11745,32,3474,450,8271,0,0,249,5978,232,2943,249,8921,California
Kings,2021-02-17,378,12123,22,3496,356,8627,0,0,241,6083,137,3080,242,9163,California
Kings,2021-02-18,154,12277,23,3519,131,8758,0,0,100,6129,54,3134,100,9263,California
Kings,2021-02-19,157,12434,22,3541,135,8893,0,0,101,6177,53,3187,101,9364,California
Kings,2021-02-20,170,12604,41,3582,129,9022,0,0,133,6273,37,3224,133,9497,California
Kings,2021-02-21,1,12605,0,3582,1,9023,0,0,1,6274,0,3224,1,9498,California
Kings,2021-02-22,106,12711,17,3599,89,9112,0,0,47,6262,59,3283,47,9545,California
Kings,2021-02-23,289,13000,71,3670,218,9330,0,0,172,6317,117,3400,172,9717,California
Kings,2021-02-24,591,13591,153,3823,438,9768,0,0,378,6482,213,3613,378,10095,California
Kings,2021-02-25,661,14252,111,3934,550,10318,0,0,444,6711,215,3828,444,10539,California
Kings,2021-02-26,653,14905,131,4065,522,10840,0,0,591,7241,61,3889,591,11130,California
Kings,2021-02-27,1495,16400,60,4125,1435,12275,0,0,566,6881,928,4817,568,11698,California
Kings,2021-02-28,1165,17565,592,4717,573,12848,0,0,668,7054,495,5312,668,12366,California
Kings,2021-03-01,257,17822,78,4795,179,13027,0,0,213,7223,44,5356,213,12579,California
Kings,2021-03-02,460,18282,202,4997,258,13285,0,0,412,7587,48,5404,412,12991,California
Kings,2021-03-03,572,18854,285,5282,287,13572,0,0,397,7810,174,5578,397,13388,California
Kings,2021-03-04,665,19519,319,5601,346,13918,0,0,573,8291,92,5670,573,13961,California
Kings,2021-03-05,926,20445,322,5923,595,14513,9,9,810,8995,116,5786,820,14781,California
Kings,2021-03-06,506,20951,187,6110,306,14819,13,22,476,9455,30,5816,490,15271,California
Kings,2021-03-07,299,21250,162,6272,133,14952,4,26,291,9742,8,5824,295,15566,California
Kings,2021-03-08,325,21575,87,6359,189,15141,49,75,222,9909,103,5927,270,15836,California
Kings,2021-03-09,431,22006,159,6518,219,15360,53,128,329,10190,102,6029,383,16219,California
Kings,2021-03-10,409,22415,108,6626,257,15617,44,172,287,10400,120,6149,330,16549,California
Kings,2021-03-11,911,23326,267,6893,538,16155,106,278,552,10705,356,6505,661,17210,California
Kings,2021-03-12,1172,24498,355,7248,732,16887,85,363,815,11251,356,6861,902,18112,California
Kings,2021-03-13,601,25099,331,7579,228,17115,42,405,515,11724,86,6947,559,18671,California
Kings,2021-03-14,588,25687,77,7656,137,17252,374,779,168,11847,420,7367,543,19214,California
Kings,2021-03-15,586,26273,171,7827,301,17553,114,893,354,12085,232,7599,470,19684,California
Kings,2021-03-16,1035,27308,434,8261,537,18090,64,957,694,12506,338,7937,759,20443,California
Kings,2021-03-17,1019,28327,370,8631,590,18680,59,1016,721,12996,298,8235,788,21231,California
Kings,2021-03-18,937,29264,406,9037,350,19030,181,1197,662,13566,275,8510,845,22076,California
Kings,2021-03-19,811,30075,403,9440,343,19373,65,1262,636,14101,175,8685,710,22786,California
Kings,2021-03-20,492,30567,212,9652,255,19628,25,1287,362,14367,127,8812,393,23179,California
Kings,2021-03-21,1365,31932,1084,10736,269,19897,12,1299,811,14637,554,9366,824,24003,California
Kings,2021-03-22,454,32386,209,10945,165,20062,80,1379,279,14825,175,9541,363,24366,California
Kings,2021-03-23,873,33259,483,11428,332,20394,58,1437,561,15137,310,9851,622,24988,California
Kings,2021-03-24,897,34156,459,11887,414,20808,24,1461,499,15266,397,10248,526,25514,California
Kings,2021-03-25,884,35040,446,12333,413,21221,25,1486,448,15305,434,10682,473,25987,California
Kings,2021-03-26,1285,36325,381,12714,817,22038,87,1573,526,15168,754,11436,617,26604,California
Kings,2021-03-27,618,36943,246,12960,358,22396,14,1587,170,14909,446,11882,187,26791,California
Kings,2021-03-28,512,37455,439,13399,63,22459,10,1597,336,15087,176,12058,354,27145,California
Kings,2021-03-29,424,37879,180,13579,186,22645,58,1655,235,15195,187,12245,295,27440,California
Kings,2021-03-30,786,38665,426,14005,322,22967,38,1693,468,15386,317,12562,508,27948,California
Kings,2021-03-31,684,39349,355,14360,268,23235,61,1754,412,15604,267,12829,485,28433,California
Kings,2021-04-01,696,40045,347,14707,274,23509,75,1829,327,15654,363,13192,413,28846,California
Kings,2021-04-02,883,40928,410,15117,354,23863,119,1948,410,15735,468,13660,549,29395,California
Kings,2021-04-03,448,41376,311,15428,132,23995,5,1953,163,15627,279,13939,171,29566,California
Kings,2021-04-04,39,41415,24,15452,12,24007,3,1956,4,15599,35,13974,7,29573,California
Lake,2020-12-17,4,4,4,4,0,0,0,0,4,4,0,0,4,4,California
Lake,2020-12-18,51,55,51,55,0,0,0,0,51,55,0,0,51,55,California
Lake,2020-12-19,3,58,3,58,0,0,0,0,3,58,0,0,3,58,California
Lake,2020-12-20,6,64,6,64,0,0,0,0,6,64,0,0,6,64,California
Lake,2020-12-21,50,114,50,114,0,0,0,0,50,114,0,0,50,114,California
Lake,2020-12-22,63,177,60,174,3,3,0,0,63,177,0,0,63,177,California
Lake,2020-12-23,91,268,83,257,8,11,0,0,91,268,0,0,91,268,California
Lake,2020-12-24,2,270,0,257,2,13,0,0,2,270,0,0,2,270,California
Lake,2020-12-26,2,272,2,259,0,13,0,0,2,272,0,0,2,272,California
Lake,2020-12-27,2,274,2,261,0,13,0,0,2,274,0,0,2,274,California
Lake,2020-12-28,52,326,43,304,9,22,0,0,52,326,0,0,52,326,California
Lake,2020-12-29,14,340,9,313,5,27,0,0,14,340,0,0,14,340,California
Lake,2020-12-30,89,429,82,395,7,34,0,0,89,429,0,0,89,429,California
Lake,2020-12-31,67,496,64,459,3,37,0,0,67,496,0,0,67,496,California
Lake,2021-01-01,1,497,0,459,1,38,0,0,1,497,0,0,1,497,California
Lake,2021-01-02,2,499,1,460,1,39,0,0,2,499,0,0,2,499,California
Lake,2021-01-04,65,564,1,461,64,103,0,0,65,564,0,0,65,564,California
Lake,2021-01-05,80,644,59,520,21,124,0,0,78,640,2,2,78,642,California
Lake,2021-01-06,83,727,65,585,18,142,0,0,81,719,2,4,81,723,California
Lake,2021-01-07,69,796,49,634,20,162,0,0,65,780,4,8,65,788,California
Lake,2021-01-08,143,939,124,758,19,181,0,0,91,819,52,60,91,879,California
Lake,2021-01-09,62,1001,60,818,2,183,0,0,58,873,4,64,58,937,California
Lake,2021-01-10,3,1004,3,821,0,183,0,0,0,870,3,67,0,937,California
Lake,2021-01-11,161,1165,119,940,42,225,0,0,113,935,48,115,113,1050,California
Lake,2021-01-12,79,1244,48,988,31,256,0,0,55,966,24,139,55,1105,California
Lake,2021-01-13,126,1370,74,1062,52,308,0,0,96,1032,30,169,96,1201,California
Lake,2021-01-14,136,1506,35,1097,101,409,0,0,115,1126,21,190,115,1316,California
Lake,2021-01-15,216,1722,93,1190,123,532,0,0,189,1288,27,217,189,1505,California
Lake,2021-01-16,135,1857,83,1273,52,584,0,0,133,1419,2,219,133,1638,California
Lake,2021-01-17,18,1875,6,1279,12,596,0,0,12,1425,6,225,12,1650,California
Lake,2021-01-18,244,2119,224,1503,20,616,0,0,126,1433,118,343,126,1776,California
Lake,2021-01-19,277,2396,84,1587,193,809,0,0,263,1683,14,357,264,2040,California
Lake,2021-01-20,385,2781,44,1631,341,1150,0,0,356,2010,29,386,356,2396,California
Lake,2021-01-21,316,3097,48,1679,268,1418,0,0,283,2260,33,419,283,2679,California
Lake,2021-01-22,318,3415,45,1724,273,1691,0,0,282,2506,36,455,282,2961,California
Lake,2021-01-23,122,3537,5,1729,117,1808,0,0,121,2626,1,456,121,3082,California
Lake,2021-01-24,4,3541,1,1730,3,1811,0,0,4,2630,0,456,4,3086,California
Lake,2021-01-25,236,3777,73,1803,163,1974,0,0,178,2750,58,514,178,3264,California
Lake,2021-01-26,425,4202,35,1838,390,2364,0,0,402,3129,23,537,402,3666,California
Lake,2021-01-27,357,4559,39,1877,318,2682,0,0,331,3434,26,563,331,3997,California
Lake,2021-01-28,467,5026,130,2007,337,3019,0,0,366,3699,101,664,366,4363,California
Lake,2021-01-29,636,5662,82,2089,554,3573,0,0,576,4215,60,724,576,4939,California
Lake,2021-01-30,557,6219,45,2134,512,4085,0,0,550,4759,7,731,551,5490,California
Lake,2021-01-31,13,6232,8,2142,5,4090,0,0,12,4770,1,732,12,5502,California
Lake,2021-02-01,176,6408,17,2159,159,4249,0,0,165,4924,11,743,165,5667,California
Lake,2021-02-02,538,6946,154,2313,384,4633,0,0,401,5188,137,880,401,6068,California
Lake,2021-02-03,422,7368,26,2339,396,5029,0,0,348,5462,74,954,348,6416,California
Lake,2021-02-04,100,7468,55,2394,45,5074,0,0,71,5504,29,983,71,6487,California
Lake,2021-02-05,368,7836,68,2462,300,5374,0,0,288,5714,78,1061,288,6775,California
Lake,2021-02-06,282,8118,43,2505,239,5613,0,0,270,5972,12,1073,270,7045,California
Lake,2021-02-07,2,8120,1,2506,1,5614,0,0,2,5974,0,1073,2,7047,California
Lake,2021-02-08,276,8396,206,2712,70,5684,0,0,157,6012,119,1192,157,7204,California
Lake,2021-02-09,340,8736,21,2733,319,6003,0,0,301,6274,39,1231,301,7505,California
Lake,2021-02-10,351,9087,53,2786,298,6301,0,0,274,6471,77,1308,274,7779,California
Lake,2021-02-11,172,9259,19,2805,153,6454,0,0,60,6419,112,1420,60,7839,California
Lake,2021-02-12,373,9632,29,2834,344,6798,0,0,286,6618,87,1507,286,8125,California
Lake,2021-02-13,253,9885,8,2842,245,7043,0,0,242,6849,11,1518,242,8367,California
Lake,2021-02-14,21,9906,4,2846,17,7060,0,0,8,6844,13,1531,8,8375,California
Lake,2021-02-15,171,10077,12,2858,159,7219,0,0,7,6688,163,1694,7,8382,California
Lake,2021-02-16,413,10490,19,2877,394,7613,0,0,171,6617,242,1936,171,8553,California
Lake,2021-02-17,351,10841,54,2931,297,7910,0,0,73,6413,277,2213,73,8626,California
Lake,2021-02-18,450,11291,68,2999,382,8292,0,0,116,6195,334,2547,116,8742,California
Lake,2021-02-19,414,11705,26,3025,388,8680,0,0,92,5965,322,2869,92,8834,California
Lake,2021-02-20,289,11994,58,3083,231,8911,0,0,247,6170,42,2911,247,9081,California
Lake,2021-02-21,6,12000,6,3089,0,8911,0,0,0,6164,6,2917,0,9081,California
Lake,2021-02-22,136,12136,22,3111,114,9025,0,0,41,6110,95,3012,41,9122,California
Lake,2021-02-23,210,12346,13,3124,197,9222,0,0,25,5950,185,3197,25,9147,California
Lake,2021-02-24,953,13299,376,3500,577,9799,0,0,417,5831,536,3733,417,9564,California
Lake,2021-02-25,723,14022,457,3957,266,10065,0,0,472,6054,249,3982,472,10036,California
Lake,2021-02-26,994,15016,307,4264,687,10752,0,0,346,5756,644,4626,346,10382,California
Lake,2021-02-27,398,15414,95,4359,303,11055,0,0,316,5990,82,4708,316,10698,California
Lake,2021-02-28,19,15433,13,4372,6,11061,0,0,10,5991,9,4717,10,10708,California
Lake,2021-03-01,593,16026,53,4425,540,11601,0,0,441,6280,152,4869,441,11149,California
Lake,2021-03-02,754,16780,17,4442,737,12338,0,0,289,6104,465,5334,289,11438,California
Lake,2021-03-03,350,17130,192,4634,158,12496,0,0,128,6010,222,5556,128,11566,California
Lake,2021-03-04,543,17673,474,5108,69,12565,0,0,530,6527,13,5569,530,12096,California
Lake,2021-03-05,817,18490,29,5137,788,13353,0,0,118,5949,696,6265,118,12214,California
Lake,2021-03-06,38,18528,10,5147,27,13380,1,1,23,5958,15,6280,24,12238,California
Lake,2021-03-07,7,18535,5,5152,2,13382,0,1,3,5957,4,6284,3,12241,California
Lake,2021-03-08,310,18845,243,5395,58,13440,9,10,272,6200,38,6322,281,12522,California
Lake,2021-03-09,894,19739,29,5424,852,14292,13,23,377,6074,516,6838,390,12912,California
Lake,2021-03-10,198,19937,60,5484,131,14423,7,30,137,6157,61,6899,144,13056,California
Lake,2021-03-11,554,20491,50,5534,62,14485,442,472,52,6149,502,7401,494,13550,California
Lake,2021-03-12,830,21321,183,5717,623,15108,24,496,336,6017,492,7893,360,13910,California
Lake,2021-03-13,189,21510,19,5736,18,15126,152,648,17,6015,170,8063,168,14078,California
Lake,2021-03-14,14,21524,3,5739,10,15136,1,649,8,6018,6,8069,9,14087,California
Lake,2021-03-15,586,22110,12,5751,554,15690,20,669,427,6306,159,8228,447,14534,California
Lake,2021-03-16,1072,23182,813,6564,242,15932,17,686,423,6100,646,8874,440,14974,California
Lake,2021-03-17,235,23417,117,6681,100,16032,18,704,81,6045,154,9028,99,15073,California
Lake,2021-03-18,658,24075,338,7019,287,16319,33,737,297,6014,360,9388,329,15402,California
Lake,2021-03-19,395,24470,172,7191,212,16531,11,748,311,6253,83,9471,322,15724,California
Lake,2021-03-20,75,24545,11,7202,62,16593,2,750,21,6223,53,9524,23,15747,California
Lake,2021-03-21,19,24564,14,7216,4,16597,1,751,12,6229,7,9531,13,15760,California
Lake,2021-03-22,310,24874,231,7447,65,16662,14,765,225,6383,85,9616,239,15999,California
Lake,2021-03-23,407,25281,20,7467,373,17035,14,779,346,6683,60,9676,360,16359,California
Lake,2021-03-24,422,25703,68,7535,347,17382,7,786,326,6924,94,9770,335,16694,California
Lake,2021-03-25,624,26327,441,7976,177,17559,6,792,170,6648,453,10223,177,16871,California
Lake,2021-03-26,79,26406,40,8016,38,17597,1,793,56,6682,23,10246,57,16928,California
Lake,2021-03-27,307,26713,10,8026,293,17890,4,797,22,6426,283,10529,27,16955,California
Lake,2021-03-28,14,26727,5,8031,8,17898,1,798,6,6425,8,10537,7,16962,California
Lake,2021-03-29,878,27605,243,8274,633,18531,2,800,194,5941,682,11219,198,17160,California
Lake,2021-03-30,441,28046,302,8576,135,18666,4,804,358,6222,83,11302,364,17524,California
Lake,2021-03-31,559,28605,63,8639,496,19162,0,804,399,6490,153,11455,421,17945,California
Lake,2021-04-01,403,29008,207,8846,185,19347,11,815,175,6459,226,11681,195,18140,California
Lake,2021-04-02,216,29224,38,8884,151,19498,27,842,99,6473,117,11798,131,18271,California
Lake,2021-04-03,37,29261,11,8895,24,19522,2,844,16,6470,21,11819,18,18289,California
Lake,2021-04-04,5,29266,2,8897,1,19523,2,846,3,6473,2,11821,5,18294,California
Lassen,2020-12-16,8,8,8,8,0,0,0,0,8,8,0,0,8,8,California
Lassen,2020-12-17,6,14,6,14,0,0,0,0,6,14,0,0,6,14,California
Lassen,2020-12-18,1,15,1,15,0,0,0,0,1,15,0,0,1,15,California
Lassen,2020-12-19,5,20,5,20,0,0,0,0,5,20,0,0,5,20,California
Lassen,2020-12-20,2,22,2,22,0,0,0,0,2,22,0,0,2,22,California
Lassen,2020-12-21,11,33,11,33,0,0,0,0,11,33,0,0,11,33,California
Lassen,2020-12-22,23,56,23,56,0,0,0,0,23,56,0,0,23,56,California
Lassen,2020-12-23,6,62,6,62,0,0,0,0,6,62,0,0,6,62,California
Lassen,2020-12-24,11,73,11,73,0,0,0,0,11,73,0,0,11,73,California
Lassen,2020-12-28,3,76,2,75,1,1,0,0,3,76,0,0,3,76,California
Lassen,2020-12-29,35,111,35,110,0,1,0,0,35,111,0,0,35,111,California
Lassen,2020-12-30,37,148,36,146,1,2,0,0,37,148,0,0,37,148,California
Lassen,2020-12-31,51,199,42,188,9,11,0,0,51,199,0,0,51,199,California
Lassen,2021-01-02,1,200,0,188,1,12,0,0,1,200,0,0,1,200,California
Lassen,2021-01-04,15,215,1,189,14,26,0,0,15,215,0,0,15,215,California
Lassen,2021-01-05,194,409,53,242,141,167,0,0,194,409,0,0,194,409,California
Lassen,2021-01-06,94,503,42,284,52,219,0,0,86,488,8,8,87,496,California
Lassen,2021-01-07,43,546,7,291,36,255,0,0,37,519,6,14,37,533,California
Lassen,2021-01-08,50,596,2,293,48,303,0,0,50,569,0,14,50,583,California
Lassen,2021-01-09,12,608,6,299,6,309,0,0,12,581,0,14,12,595,California
Lassen,2021-01-11,27,635,5,304,22,331,0,0,27,608,0,14,27,622,California
Lassen,2021-01-12,50,685,30,334,20,351,0,0,31,620,19,33,31,653,California
Lassen,2021-01-13,161,846,18,352,143,494,0,0,146,751,15,48,146,799,California
Lassen,2021-01-14,161,1007,18,370,143,637,0,0,149,888,12,60,149,948,California
Lassen,2021-01-15,33,1040,6,376,27,664,0,0,33,921,0,60,33,981,California
Lassen,2021-01-16,34,1074,33,409,1,665,0,0,34,955,0,60,34,1015,California
Lassen,2021-01-17,1,1075,0,409,1,666,0,0,1,956,0,60,1,1016,California
Lassen,2021-01-18,5,1080,2,411,3,669,0,0,4,959,1,61,4,1020,California
Lassen,2021-01-19,186,1266,36,447,150,819,0,0,158,1089,28,89,158,1178,California
Lassen,2021-01-20,187,1453,100,547,87,906,0,0,103,1123,69,158,103,1281,California
Lassen,2021-01-21,145,1598,94,641,51,957,0,0,120,1225,18,176,120,1401,California
Lassen,2021-01-22,32,1630,19,660,13,970,0,0,22,1237,10,186,22,1423,California
Lassen,2021-01-23,1,1631,0,660,1,971,0,0,1,1238,0,186,1,1424,California
Lassen,2021-01-24,1,1632,0,660,1,972,0,0,1,1239,0,186,1,1425,California
Lassen,2021-01-25,11,1643,0,660,11,983,0,0,11,1250,0,186,11,1436,California
Lassen,2021-01-26,126,1769,12,672,114,1097,0,0,122,1368,4,190,122,1558,California
Lassen,2021-01-27,80,1849,28,700,52,1149,0,0,64,1416,16,206,64,1622,California
Lassen,2021-01-28,85,1934,14,714,71,1220,0,0,84,1499,1,207,84,1706,California
Lassen,2021-01-29,23,1957,7,721,16,1236,0,0,22,1520,1,208,22,1728,California
Lassen,2021-02-01,63,2020,4,725,59,1295,0,0,36,1529,27,235,36,1764,California
Lassen,2021-02-02,177,2197,11,736,166,1461,0,0,43,1438,134,369,43,1807,California
Lassen,2021-02-03,99,2296,22,758,77,1538,0,0,54,1447,45,414,54,1861,California
Lassen,2021-02-04,112,2408,15,773,97,1635,0,0,63,1461,49,463,63,1924,California
Lassen,2021-02-05,65,2473,12,785,53,1688,0,0,23,1442,42,505,23,1947,California
Lassen,2021-02-06,70,2543,35,820,35,1723,0,0,37,1447,32,537,37,1984,California
Lassen,2021-02-07,1,2544,1,821,0,1723,0,0,1,1448,0,537,1,1985,California
Lassen,2021-02-08,45,2589,6,827,39,1762,0,0,20,1443,25,562,20,2005,California
Lassen,2021-02-09,128,2717,8,835,120,1882,0,0,49,1413,79,641,49,2054,California
Lassen,2021-02-10,181,2898,20,855,161,2043,0,0,74,1381,106,747,74,2128,California
Lassen,2021-02-11,181,3079,16,871,165,2208,0,0,80,1361,100,847,80,2208,California
Lassen,2021-02-12,45,3124,13,884,32,2240,0,0,16,1348,29,876,16,2224,California
Lassen,2021-02-13,13,3137,5,889,8,2248,0,0,11,1357,2,878,11,2235,California
Lassen,2021-02-14,13,3150,0,889,13,2261,0,0,12,1368,1,879,12,2247,California
Lassen,2021-02-15,22,3172,3,892,19,2280,0,0,18,1382,4,883,18,2265,California
Lassen,2021-02-16,193,3365,4,896,189,2469,0,0,31,1253,160,1043,31,2296,California
Lassen,2021-02-17,185,3550,95,991,90,2559,0,0,11,1090,174,1217,11,2307,California
Lassen,2021-02-18,81,3631,23,1014,58,2617,0,0,23,1055,58,1275,23,2330,California
Lassen,2021-02-19,82,3713,61,1075,21,2638,0,0,18,1009,64,1339,18,2348,California
Lassen,2021-02-20,7,3720,0,1075,7,2645,0,0,5,1012,2,1341,5,2353,California
Lassen,2021-02-21,18,3738,1,1076,17,2662,0,0,14,1022,4,1345,14,2367,California
Lassen,2021-02-22,23,3761,8,1084,15,2677,0,0,5,1009,18,1363,5,2372,California
Lassen,2021-02-23,152,3913,9,1093,143,2820,0,0,40,937,112,1475,40,2412,California
Lassen,2021-02-24,165,4078,16,1109,149,2969,0,0,107,987,57,1532,107,2519,California
Lassen,2021-02-25,158,4236,21,1130,137,3106,0,0,102,1033,56,1588,102,2621,California
Lassen,2021-02-26,70,4306,13,1143,57,3163,0,0,33,1029,37,1625,33,2654,California
Lassen,2021-02-27,8,4314,7,1150,1,3164,0,0,4,1029,4,1629,4,2658,California
Lassen,2021-02-28,6,4320,1,1151,5,3169,0,0,3,1029,3,1632,3,2661,California
Lassen,2021-03-01,40,4360,5,1156,35,3204,0,0,7,1003,33,1665,7,2668,California
Lassen,2021-03-02,104,4464,6,1162,98,3302,0,0,79,1057,25,1690,79,2747,California
Lassen,2021-03-03,163,4627,13,1175,150,3452,0,0,105,1104,58,1748,105,2852,California
Lassen,2021-03-04,142,4769,15,1190,127,3579,0,0,93,1149,48,1796,93,2945,California
Lassen,2021-03-05,45,4814,6,1196,19,3598,20,20,12,1148,33,1829,32,2977,California
Lassen,2021-03-06,54,4868,5,1201,31,3629,18,38,5,1122,49,1878,23,3000,California
Lassen,2021-03-07,55,4923,1,1202,0,3629,54,92,0,1121,55,1933,54,3054,California
Lassen,2021-03-08,88,5011,2,1204,9,3638,77,169,4,1119,83,2016,81,3135,California
Lassen,2021-03-09,126,5137,11,1215,98,3736,17,186,78,1166,48,2064,95,3230,California
Lassen,2021-03-10,149,5286,8,1223,140,3876,1,187,66,1151,83,2147,68,3298,California
Lassen,2021-03-11,173,5459,16,1239,148,4024,9,196,99,1188,71,2218,108,3406,California
Lassen,2021-03-12,33,5492,15,1254,11,4035,7,203,11,1184,22,2240,18,3424,California
Lassen,2021-03-13,45,5537,0,1254,2,4037,43,246,2,1185,43,2283,44,3468,California
Lassen,2021-03-14,7,5544,1,1255,5,4042,1,247,0,1179,7,2290,1,3469,California
Lassen,2021-03-15,36,5580,2,1257,31,4073,3,250,17,1180,18,2308,19,3488,California
Lassen,2021-03-16,87,5667,3,1260,78,4151,6,256,70,1239,17,2325,76,3564,California
Lassen,2021-03-17,918,6585,9,1269,904,5055,5,261,899,2125,18,2343,904,4468,California
Lassen,2021-03-18,80,6665,9,1278,70,5125,1,262,66,2178,14,2357,67,4535,California
Lassen,2021-03-19,15,6680,8,1286,3,5128,4,266,8,2183,7,2364,12,4547,California
Lassen,2021-03-20,8,6688,1,1287,4,5132,3,269,3,2184,5,2369,6,4553,California
Lassen,2021-03-21,33,6721,3,1290,29,5161,1,270,15,2183,17,2386,16,4569,California
Lassen,2021-03-22,49,6770,0,1290,48,5209,1,271,45,2225,4,2390,46,4615,California
Lassen,2021-03-23,95,6865,5,1295,89,5298,1,272,53,2237,42,2432,54,4669,California
Lassen,2021-03-24,206,7071,11,1306,195,5493,0,272,100,2233,105,2537,101,4770,California
Lassen,2021-03-25,154,7225,21,1327,133,5626,0,272,69,2217,85,2622,69,4839,California
Lassen,2021-03-26,74,7299,12,1339,24,5650,38,310,15,2212,58,2680,53,4892,California
Lassen,2021-03-27,19,7318,1,1340,2,5652,16,326,2,2213,17,2697,18,4910,California
Lassen,2021-03-28,21,7339,4,1344,6,5658,11,337,7,2217,14,2711,18,4928,California
Lassen,2021-03-29,48,7387,0,1344,25,5683,23,360,18,2228,30,2741,41,4969,California
Lassen,2021-03-30,195,7582,11,1355,161,5844,23,383,49,2160,144,2885,76,5045,California
Lassen,2021-03-31,142,7724,13,1368,110,5954,19,402,64,2167,77,2962,84,5129,California
Lassen,2021-04-01,152,7876,17,1385,117,6071,18,420,46,2127,105,3067,65,5194,California
Lassen,2021-04-02,26,7902,5,1390,3,6074,18,438,2,2124,23,3090,20,5214,California
Lassen,2021-04-03,13,7915,1,1391,3,6077,9,447,0,2121,12,3102,9,5223,California
Lassen,2021-04-04,2,7917,0,1391,0,6077,2,449,0,2121,2,3104,2,5225,California
Los Angeles,2020-12-15,392,392,392,392,0,0,0,0,392,392,0,0,392,392,California
Los Angeles,2020-12-16,3360,3752,3360,3752,0,0,0,0,3360,3752,0,0,3360,3752,California
Los Angeles,2020-12-17,10225,13977,10225,13977,0,0,0,0,10226,13978,0,0,10226,13978,California
Los Angeles,2020-12-18,14487,28464,14465,28442,22,22,0,0,14488,28466,0,0,14488,28466,California
Los Angeles,2020-12-19,7217,35681,7211,35653,6,28,0,0,7218,35684,0,0,7218,35684,California
Los Angeles,2020-12-20,4577,40258,4569,40222,8,36,0,0,4578,40262,0,0,4578,40262,California
Los Angeles,2020-12-21,13648,53906,13637,53859,11,47,0,0,13649,53910,1,1,13649,53911,California
Los Angeles,2020-12-22,11480,65386,11103,64962,377,424,0,0,11482,65392,0,1,11482,65393,California
Los Angeles,2020-12-23,11857,77243,10100,75062,1757,2181,0,0,11858,77250,0,1,11858,77251,California
Los Angeles,2020-12-24,7002,84245,4240,79302,2762,4943,0,0,7005,84255,0,1,7005,84256,California
Los Angeles,2020-12-25,521,84766,416,79718,105,5048,0,0,521,84776,0,1,521,84777,California
Los Angeles,2020-12-26,2523,87289,2179,81897,344,5392,0,0,2523,87298,1,2,2523,87300,California
Los Angeles,2020-12-27,1750,89039,1023,82920,727,6119,0,0,1750,89048,0,2,1750,89050,California
Los Angeles,2020-12-28,10240,99279,6345,89265,3895,10014,0,0,10238,99286,0,2,10238,99288,California
Los Angeles,2020-12-29,11499,110778,6047,95312,5452,15466,0,0,11501,110787,0,2,11501,110789,California
Los Angeles,2020-12-30,14808,125586,8073,103385,6735,22201,0,0,14807,125594,0,2,14807,125596,California
Los Angeles,2020-12-31,7850,133436,2740,106125,5110,27311,0,0,7848,133441,1,3,7848,133444,California
Los Angeles,2021-01-01,907,134343,237,106362,670,27981,0,0,907,134348,0,3,907,134351,California
Los Angeles,2021-01-02,4419,138762,1643,108005,2776,30757,0,0,4419,138767,0,3,4419,138770,California
Los Angeles,2021-01-03,913,139675,202,108207,711,31468,0,0,912,139678,1,4,912,139682,California
Los Angeles,2021-01-04,12621,152296,4833,113040,7788,39256,0,0,12606,152281,3,7,12606,152288,California
Los Angeles,2021-01-05,15950,168246,7047,120087,8903,48159,0,0,14044,164456,1872,1879,14047,166335,California
Los Angeles,2021-01-06,22380,190626,12017,132104,10363,58522,0,0,16806,175767,5504,7383,16815,183150,California
Los Angeles,2021-01-07,29307,219933,15759,147863,13548,72070,0,0,18835,184193,10427,17810,18853,202003,California
Los Angeles,2021-01-08,32960,252893,17840,165703,15120,87190,0,0,20779,192838,12156,29966,20801,222804,California
Los Angeles,2021-01-09,12320,265213,7046,172749,5274,92464,0,0,7457,195441,4862,34828,7465,230269,California
Los Angeles,2021-01-10,4643,269856,3630,176379,1013,93477,0,0,1912,194626,2731,37559,1916,232185,California
Los Angeles,2021-01-11,25676,295532,16185,192564,9491,102968,0,0,14776,198519,10892,48451,14785,246970,California
Los Angeles,2021-01-12,28991,324523,16006,208570,12985,115953,0,0,18917,207383,10057,58508,18921,265891,California
Los Angeles,2021-01-13,29139,353662,15581,224151,13558,129511,0,0,20215,218698,8907,67415,20222,286113,California
Los Angeles,2021-01-14,29111,382773,12675,236826,16436,145947,0,0,23630,236873,5465,72880,23640,309753,California
Los Angeles,2021-01-15,33573,416346,12289,249115,21284,167231,0,0,30025,263385,3523,76403,30035,339788,California
Los Angeles,2021-01-16,17477,433823,4948,254063,12529,179760,0,0,15701,277321,1768,78171,15704,355492,California
Los Angeles,2021-01-17,5173,438996,2288,256351,2885,182645,0,0,4928,282006,245,78416,4930,360422,California
Los Angeles,2021-01-18,15531,454527,10033,266384,5498,188143,0,0,10833,288155,4687,83103,10836,371258,California
Los Angeles,2021-01-19,38326,492853,20477,286861,17849,205992,0,0,30573,311037,7713,90816,30595,401853,California
Los Angeles,2021-01-20,45433,538286,23677,310538,21756,227748,0,0,37960,341562,7443,98259,37968,439821,California
Los Angeles,2021-01-21,48376,586662,22305,332843,26071,253819,0,0,44128,381513,4187,102446,44138,483959,California
Los Angeles,2021-01-22,47561,634223,22219,355062,25342,279161,0,0,44154,422307,3366,105812,44160,528119,California
Los Angeles,2021-01-23,33751,667974,15639,370701,18112,297273,0,0,31743,452077,1979,107791,31749,559868,California
Los Angeles,2021-01-24,15667,683641,12161,382862,3506,300779,0,0,15120,466661,540,108331,15124,574992,California
Los Angeles,2021-01-25,38421,722062,16315,399177,22106,322885,0,0,30009,488338,8376,116707,30053,605045,California
Los Angeles,2021-01-26,48854,770916,24247,423424,24607,347492,0,0,40768,521076,8056,124763,40794,645839,California
Los Angeles,2021-01-27,48100,819016,25663,449087,22437,369929,0,0,39008,551136,8959,133722,39019,684858,California
Los Angeles,2021-01-28,48182,867198,22925,472012,25257,395186,0,0,39892,582858,8176,141898,39898,724756,California
Los Angeles,2021-01-29,48949,916147,25251,497263,23698,418884,0,0,38980,612231,9619,151517,38992,763748,California
Los Angeles,2021-01-30,29828,945975,15302,512565,14526,433410,0,0,25737,633957,4018,155535,25744,789492,California
Los Angeles,2021-01-31,12932,958907,10319,522884,2613,436023,0,0,12014,645068,906,156441,12017,801509,California
Los Angeles,2021-02-01,37676,996583,15993,538877,21683,457706,0,0,27483,662399,10164,166605,27495,829004,California
Los Angeles,2021-02-02,43928,1040511,17769,556646,26159,483865,0,0,31823,682155,12070,178675,31826,860830,California
Los Angeles,2021-02-03,51765,1092276,19372,576018,32393,516258,0,0,37168,704958,14370,193045,37173,898003,California
Los Angeles,2021-02-04,57020,1149296,20601,596619,36419,552677,0,0,39007,726266,17704,210749,39012,937015,California
Los Angeles,2021-02-05,60767,1210063,20861,617480,39906,592583,0,0,39030,743976,21323,232072,39033,976048,California
Los Angeles,2021-02-06,35295,1245358,13216,630696,22079,614662,0,0,26935,762642,8287,240359,26953,1003001,California
Los Angeles,2021-02-07,10739,1256097,8329,639025,2410,617072,0,0,8381,768685,2343,242702,8386,1011387,California
Los Angeles,2021-02-08,46548,1302645,21384,660409,25164,642236,0,0,30464,783194,15958,258660,30467,1041854,California
Los Angeles,2021-02-09,55546,1358191,24536,684945,31010,673246,0,0,28334,784375,27160,285820,28341,1070195,California
Los Angeles,2021-02-10,66717,1424908,29333,714278,37384,710630,0,0,30933,779888,35425,321245,30938,1101133,California
Los Angeles,2021-02-11,57774,1482682,30777,745055,26997,737627,0,0,27898,778348,29442,350687,27902,1129035,California
Los Angeles,2021-02-12,59370,1542052,29717,774772,29653,767280,0,0,25859,771039,33183,383870,25874,1154909,California
Los Angeles,2021-02-13,33723,1575775,19561,794333,14162,781442,0,0,15451,768326,18199,402069,15486,1170395,California
Los Angeles,2021-02-14,21849,1597624,14973,809306,6876,788318,0,0,8786,764112,13008,415077,8794,1179189,California
Los Angeles,2021-02-15,32224,1629848,15776,825082,16448,804766,0,0,17675,767292,14499,429576,17679,1196868,California
Los Angeles,2021-02-16,63640,1693488,32339,857421,31301,836067,0,0,29833,763413,33727,463303,29848,1226716,California
Los Angeles,2021-02-17,63691,1757179,34122,891543,29569,865636,0,0,26348,752584,37185,500488,26356,1253072,California
Los Angeles,2021-02-18,67746,1824925,34459,926002,33287,898923,0,0,28494,742055,39033,539521,28504,1281576,California
Los Angeles,2021-02-19,56837,1881762,34964,960966,21873,920796,0,0,28346,742030,28396,567917,28371,1309947,California
Los Angeles,2021-02-20,31804,1913566,23673,984639,8131,928927,0,0,15545,741355,16225,584142,15550,1325497,California
Los Angeles,2021-02-21,15597,1929163,13978,998617,1619,930546,0,0,8135,742050,7441,591583,8136,1333633,California
Los Angeles,2021-02-22,33778,1962941,24586,1023203,9192,939738,0,0,17580,743519,16133,607716,17602,1351235,California
Los Angeles,2021-02-23,53189,2016130,22615,1045818,30574,970312,0,0,21087,732619,32011,639727,21111,1372346,California
Los Angeles,2021-02-24,63683,2079813,27889,1073707,35794,1006106,0,0,28160,725415,35380,675107,28176,1400522,California
Los Angeles,2021-02-25,72650,2152463,33341,1107048,39309,1045415,0,0,38246,729411,34269,709376,38265,1438787,California
Los Angeles,2021-02-26,82048,2234511,38207,1145255,43841,1089256,0,0,47041,741675,34797,744173,47061,1485848,California
Los Angeles,2021-02-27,58181,2292692,24706,1169961,33473,1122729,2,2,29797,743241,28253,772426,29819,1515667,California
Los Angeles,2021-02-28,26566,2319258,18377,1188338,8189,1130918,0,2,18765,754271,7741,780167,18771,1534438,California
Los Angeles,2021-03-01,54630,2373888,30525,1218863,24098,1155016,7,9,33092,765972,21417,801584,33118,1567556,California
Los Angeles,2021-03-02,69361,2443249,30619,1249482,38741,1193757,1,10,42430,781598,26819,828403,42445,1610001,California
Los Angeles,2021-03-03,78310,2521559,39253,1288735,39053,1232810,4,14,48615,800728,29532,857935,48662,1658663,California
Los Angeles,2021-03-04,83227,2604786,44151,1332886,39069,1271879,7,21,53193,824081,29864,887799,53217,1711880,California
Los Angeles,2021-03-05,77248,2682034,38376,1371262,38852,1310731,20,41,52829,852715,24250,912049,52884,1764764,California
Los Angeles,2021-03-06,58399,2740433,30188,1401450,26454,1337185,1757,1798,38403,873018,19877,931926,40180,1804944,California
Los Angeles,2021-03-07,23831,2764264,18765,1420215,4301,1341486,765,2563,18877,887728,4938,936864,19648,1824592,California
Los Angeles,2021-03-08,48804,2813068,25712,1445927,21340,1362826,1752,4315,36847,914454,11882,948746,38608,1863200,California
Los Angeles,2021-03-09,65531,2878599,24944,1470871,37328,1400154,3259,7574,38993,930290,26427,975173,42263,1905463,California
Los Angeles,2021-03-10,74089,2952688,35999,1506870,33588,1433742,4502,12076,45902,952641,28053,1003226,50404,1955867,California
Los Angeles,2021-03-11,84299,3036987,40674,1547544,37704,1471446,5921,17997,48412,971236,35742,1038968,54337,2010204,California
Los Angeles,2021-03-12,83387,3120374,38009,1585553,32698,1504144,12680,30677,47982,996620,35274,1074242,60658,2070862,California
Los Angeles,2021-03-13,61756,3182130,30548,1616101,20035,1524179,11173,41850,35693,1017511,25981,1100223,46872,2117734,California
Los Angeles,2021-03-14,32779,3214909,23283,1639384,7169,1531348,2327,44177,22646,1032415,10093,1110316,24997,2142731,California
Los Angeles,2021-03-15,71796,3286705,34635,1674019,31916,1563264,5245,49422,43860,1053739,27792,1138108,49116,2191847,California
Los Angeles,2021-03-16,93571,3380276,41477,1715496,46570,1609834,5524,54946,60403,1086665,33010,1171118,65936,2257783,California
Los Angeles,2021-03-17,88103,3468379,40895,1756391,39612,1649446,7596,62542,58693,1123711,29258,1200376,66304,2324087,California
Los Angeles,2021-03-18,81372,3549751,40092,1796483,36664,1686110,4616,67158,50478,1148119,30702,1231078,55110,2379197,California
Los Angeles,2021-03-19,89533,3639284,47250,1843733,38820,1724930,3463,70621,55806,1173871,33540,1264618,59292,2438489,California
Los Angeles,2021-03-20,56415,3695699,24007,1867740,29132,1754062,3276,73897,40488,1201818,15810,1280428,43757,2482246,California
Los Angeles,2021-03-21,32198,3727897,23594,1891334,7804,1761866,800,74697,21193,1212872,10941,1291369,21995,2504241,California
Los Angeles,2021-03-22,66934,3794831,39726,1931060,25266,1787132,1942,76639,47732,1243568,19025,1310394,49721,2553962,California
Los Angeles,2021-03-23,91106,3885937,49461,1980521,38749,1825881,2896,79535,60577,1276854,30324,1340718,63610,2617572,California
Los Angeles,2021-03-24,99357,3985294,52980,2033501,43560,1869441,2817,82352,59088,1298920,40027,1380745,62093,2679665,California
Los Angeles,2021-03-25,103821,4089115,55485,2088986,44889,1914330,3447,85799,59467,1318167,44131,1424876,63378,2743043,California
Los Angeles,2021-03-26,109449,4198564,59815,2148801,45600,1959930,4034,89833,62713,1340159,46541,1471417,68533,2811576,California
Los Angeles,2021-03-27,77156,4275720,39467,2188268,35589,1995519,2100,91933,40573,1347623,36398,1507815,43862,2855438,California
Los Angeles,2021-03-28,40367,4316087,26990,2215258,12790,2008309,587,92520,20572,1349175,19749,1527564,21301,2876739,California
Los Angeles,2021-03-29,79434,4395521,44755,2260013,33134,2041443,1545,94065,45625,1363114,33682,1561246,47621,2924360,California
Los Angeles,2021-03-30,101621,4497142,48899,2308912,47309,2088752,5413,99478,64205,1396016,37269,1598515,70171,2994531,California
Los Angeles,2021-03-31,112979,4610121,57117,2366029,48021,2136773,7841,107319,68305,1428418,44443,1642958,76845,3071376,California
Los Angeles,2021-04-01,118166,4728287,53789,2419818,50815,2187588,13562,120881,66819,1459812,51166,1694124,82560,3153936,California
Los Angeles,2021-04-02,114925,4843212,50377,2470195,50813,2238401,13735,134616,63383,1488050,51334,1745458,79572,3233508,California
Los Angeles,2021-04-03,82895,4926107,37224,2507419,34175,2272576,11496,146112,42102,1502975,40697,1786155,55622,3289130,California
Los Angeles,2021-04-04,19355,4945462,11781,2519200,2031,2274607,5543,151655,4013,1497787,15321,1801476,10133,3299263,California
Madera,2020-12-16,22,22,22,22,0,0,0,0,22,22,0,0,22,22,California
Madera,2020-12-17,12,34,12,34,0,0,0,0,12,34,0,0,12,34,California
Madera,2020-12-18,61,95,61,95,0,0,0,0,61,95,0,0,61,95,California
Madera,2020-12-19,6,101,6,101,0,0,0,0,6,101,0,0,6,101,California
Madera,2020-12-20,14,115,14,115,0,0,0,0,14,115,0,0,14,115,California
Madera,2020-12-21,61,176,61,176,0,0,0,0,61,176,0,0,61,176,California
Madera,2020-12-22,98,274,96,272,2,2,0,0,98,274,0,0,98,274,California
Madera,2020-12-23,68,342,68,340,0,2,0,0,68,342,0,0,68,342,California
Madera,2020-12-24,44,386,39,379,5,7,0,0,44,386,0,0,44,386,California
Madera,2020-12-26,28,414,26,405,2,9,0,0,28,414,0,0,28,414,California
Madera,2020-12-27,31,445,12,417,19,28,0,0,31,445,0,0,31,445,California
Madera,2020-12-28,107,552,36,453,71,99,0,0,107,552,0,0,107,552,California
Madera,2020-12-29,170,722,36,489,134,233,0,0,170,722,0,0,170,722,California
Madera,2020-12-30,216,938,85,574,131,364,0,0,216,938,0,0,216,938,California
Madera,2020-12-31,203,1141,80,654,123,487,0,0,203,1141,0,0,203,1141,California
Madera,2021-01-02,76,1217,21,675,55,542,0,0,76,1217,0,0,76,1217,California
Madera,2021-01-03,5,1222,5,680,0,542,0,0,5,1222,0,0,5,1222,California
Madera,2021-01-04,129,1351,64,744,65,607,0,0,129,1351,0,0,129,1351,California
Madera,2021-01-05,274,1625,138,882,136,743,0,0,269,1615,5,5,269,1620,California
Madera,2021-01-06,185,1810,27,909,158,901,0,0,165,1760,20,25,165,1785,California
Madera,2021-01-07,340,2150,56,965,284,1185,0,0,319,2058,21,46,319,2104,California
Madera,2021-01-08,413,2563,70,1035,343,1528,0,0,358,2363,54,100,359,2463,California
Madera,2021-01-09,37,2600,14,1049,23,1551,0,0,28,2382,9,109,28,2491,California
Madera,2021-01-10,18,2618,15,1064,3,1554,0,0,5,2374,13,122,5,2496,California
Madera,2021-01-11,225,2843,177,1241,48,1602,0,0,183,2515,42,164,183,2679,California
Madera,2021-01-12,394,3237,160,1401,234,1836,0,0,286,2693,108,272,286,2965,California
Madera,2021-01-13,182,3419,90,1491,92,1928,0,0,125,2762,57,329,126,3091,California
Madera,2021-01-14,555,3974,80,1571,475,2403,0,0,522,3251,33,362,522,3613,California
Madera,2021-01-15,593,4567,159,1730,434,2837,0,0,573,3804,20,382,573,4186,California
Madera,2021-01-16,374,4941,46,1776,328,3165,0,0,345,4120,29,411,345,4531,California
Madera,2021-01-17,327,5268,7,1783,320,3485,0,0,322,4438,5,416,323,4854,California
Madera,2021-01-18,74,5342,58,1841,16,3501,0,0,55,4475,18,434,55,4909,California
Madera,2021-01-19,559,5901,129,1970,430,3931,0,0,532,4981,27,461,533,5442,California
Madera,2021-01-20,235,6136,79,2049,156,4087,0,0,208,5163,26,487,208,5650,California
Madera,2021-01-21,236,6372,125,2174,111,4198,0,0,202,5333,32,519,202,5852,California
Madera,2021-01-22,255,6627,83,2257,172,4370,0,0,242,5562,13,532,242,6094,California
Madera,2021-01-23,101,6728,52,2309,49,4419,0,0,77,5616,24,556,78,6172,California
Madera,2021-01-24,100,6828,81,2390,19,4438,0,0,76,5668,24,580,76,6248,California
Madera,2021-01-25,253,7081,121,2511,132,4570,0,0,141,5697,112,692,141,6389,California
Madera,2021-01-26,479,7560,188,2699,291,4861,0,0,292,5805,186,878,294,6683,California
Madera,2021-01-27,734,8294,62,2761,672,5533,0,0,598,6268,136,1014,599,7282,California
Madera,2021-01-28,537,8831,101,2862,436,5969,0,0,433,6597,104,1118,433,7715,California
Madera,2021-01-29,468,9299,95,2957,373,6342,0,0,411,6951,57,1175,411,8126,California
Madera,2021-01-30,507,9806,15,2972,492,6834,0,0,453,7350,54,1229,453,8579,California
Madera,2021-01-31,9,9815,6,2978,3,6837,0,0,8,7357,1,1230,8,8587,California
Madera,2021-02-01,257,10072,71,3049,186,7023,0,0,199,7499,58,1288,200,8787,California
Madera,2021-02-02,247,10319,84,3133,163,7186,0,0,159,7571,87,1375,159,8946,California
Madera,2021-02-03,588,10907,453,3586,135,7321,0,0,474,7934,112,1487,475,9421,California
Madera,2021-02-04,386,11293,121,3707,265,7586,0,0,112,7774,273,1760,113,9534,California
Madera,2021-02-05,968,12261,295,4002,673,8259,0,0,362,7536,601,2361,363,9897,California
Madera,2021-02-06,355,12616,322,4324,33,8292,0,0,318,7818,36,2397,318,10215,California
Madera,2021-02-07,36,12652,7,4331,29,8321,0,0,31,7844,5,2402,31,10246,California
Madera,2021-02-08,377,13029,303,4634,74,8395,0,0,266,8000,110,2512,266,10512,California
Madera,2021-02-09,475,13504,116,4750,359,8754,0,0,195,7919,277,2789,196,10708,California
Madera,2021-02-10,425,13929,152,4902,273,9027,0,0,324,8142,101,2890,324,11032,California
Madera,2021-02-11,924,14853,299,5201,625,9652,0,0,397,8016,525,3415,399,11431,California
Madera,2021-02-12,840,15693,119,5320,721,10373,0,0,303,7794,531,3946,309,11740,California
Madera,2021-02-13,477,16170,45,5365,432,10805,0,0,137,7594,339,4285,139,11879,California
Madera,2021-02-14,398,16568,75,5440,323,11128,0,0,102,7436,295,4580,137,12016,California
Madera,2021-02-15,231,16799,92,5532,139,11267,0,0,148,7521,82,4662,167,12183,California
Madera,2021-02-16,771,17570,184,5716,587,11854,0,0,227,7209,542,5204,230,12413,California
Madera,2021-02-17,603,18173,267,5983,336,12190,0,0,333,7279,265,5469,335,12748,California
Madera,2021-02-18,1283,19456,527,6510,756,12946,0,0,1111,8219,172,5641,1112,13860,California
Madera,2021-02-19,860,20316,547,7057,313,13259,0,0,712,8790,148,5789,719,14579,California
Madera,2021-02-20,1072,21388,978,8035,94,13353,0,0,998,9717,72,5861,999,15578,California
Madera,2021-02-21,952,22340,816,8851,136,13489,0,0,946,10657,6,5867,946,16524,California
Madera,2021-02-22,905,23245,831,9682,74,13563,0,0,851,11454,54,5921,851,17375,California
Madera,2021-02-23,767,24012,498,10180,269,13832,0,0,549,11787,217,6138,550,17925,California
Madera,2021-02-24,904,24916,301,10481,603,14435,0,0,374,11631,530,6668,374,18299,California
Madera,2021-02-25,1019,25935,308,10789,711,15146,0,0,587,11788,430,7098,587,18886,California
Madera,2021-02-26,1068,27003,188,10977,880,16026,0,0,690,12107,375,7473,694,19580,California
Madera,2021-02-27,864,27867,243,11220,621,16647,0,0,413,12107,448,7921,448,20028,California
Madera,2021-02-28,188,28055,30,11250,158,16805,0,0,182,12283,6,7927,182,20210,California
Madera,2021-03-01,363,28418,113,11363,250,17055,0,0,187,12296,175,8102,188,20398,California
Madera,2021-03-02,636,29054,266,11629,370,17425,0,0,523,12709,112,8214,525,20923,California
Madera,2021-03-03,1188,30242,666,12295,522,17947,0,0,797,13137,388,8602,816,21739,California
Madera,2021-03-04,1106,31348,467,12762,639,18586,0,0,860,13760,246,8848,869,22608,California
Madera,2021-03-05,1215,32563,389,13151,814,19400,12,12,960,14485,253,9101,978,23586,California
Madera,2021-03-06,676,33239,501,13652,145,19545,30,42,455,14750,221,9322,486,24072,California
Madera,2021-03-07,153,33392,26,13678,105,19650,22,64,103,14825,50,9372,125,24197,California
Madera,2021-03-08,564,33956,314,13992,195,19845,55,119,284,14886,280,9652,341,24538,California
Madera,2021-03-09,424,34380,154,14146,234,20079,36,155,260,15026,163,9815,303,24841,California
Madera,2021-03-10,1064,35444,490,14636,524,20603,50,205,672,15360,389,10204,723,25564,California
Madera,2021-03-11,1550,36994,773,15409,465,21068,312,517,683,15501,866,11070,1007,26571,California
Madera,2021-03-12,1388,38382,727,16136,522,21590,139,656,666,15615,719,11789,833,27404,California
Madera,2021-03-13,1697,40079,1238,17374,271,21861,188,844,672,15471,1023,12812,879,28283,California
Madera,2021-03-14,528,40607,442,17816,53,21914,33,877,275,15528,252,13064,309,28592,California
Madera,2021-03-15,718,41325,214,18030,460,22374,44,921,499,15886,218,13282,576,29168,California
Madera,2021-03-16,802,42127,418,18448,337,22711,47,968,627,16407,172,13454,693,29861,California
Madera,2021-03-17,1353,43480,900,19348,408,23119,45,1013,827,16853,517,13971,963,30824,California
Madera,2021-03-18,1586,45066,556,19904,980,24099,50,1063,774,16939,809,14780,895,31719,California
Madera,2021-03-19,1283,46349,515,20419,706,24805,62,1125,819,17417,461,15241,939,32658,California
Madera,2021-03-20,860,47209,626,21045,204,25009,30,1155,409,17448,450,15691,481,33139,California
Madera,2021-03-21,1039,48248,855,21900,139,25148,45,1200,344,17146,692,16383,390,33529,California
Madera,2021-03-22,1320,49568,840,22740,414,25562,66,1266,643,17232,669,17052,755,34284,California
Madera,2021-03-23,1366,50934,823,23563,442,26004,101,1367,698,17449,666,17718,883,35167,California
Madera,2021-03-24,881,51815,467,24030,385,26389,29,1396,581,17781,299,18017,631,35798,California
Madera,2021-03-25,1083,52898,478,24508,584,26973,21,1417,617,18004,457,18474,680,36478,California
Madera,2021-03-26,1413,54311,510,25018,774,27747,129,1546,670,18070,740,19214,806,37284,California
Madera,2021-03-27,831,55142,528,25546,281,28028,22,1568,379,18038,446,19660,414,37698,California
Madera,2021-03-28,405,55547,132,25678,219,28247,54,1622,224,18189,180,19840,331,38029,California
Madera,2021-03-29,668,56215,169,25847,469,28716,30,1652,479,18517,186,20026,514,38543,California
Madera,2021-03-30,1008,57223,563,26410,413,29129,32,1684,556,18663,451,20477,597,39140,California
Madera,2021-03-31,1242,58465,465,26875,672,29801,105,1789,438,18459,799,21276,595,39735,California
Madera,2021-04-01,1191,59656,542,27417,608,30409,41,1830,433,18218,754,22030,513,40248,California
Madera,2021-04-02,1081,60737,414,27831,613,31022,54,1884,433,18131,644,22674,557,40805,California
Madera,2021-04-03,816,61553,631,28462,164,31186,21,1905,360,18083,455,23129,407,41212,California
Madera,2021-04-04,61,61614,9,28471,50,31236,2,1907,10,18045,51,23180,13,41225,California
Marin,2020-12-15,2,2,2,2,0,0,0,0,2,2,0,0,2,2,California
Marin,2020-12-16,107,109,107,109,0,0,0,0,107,109,0,0,107,109,California
Marin,2020-12-17,259,368,259,368,0,0,0,0,259,368,0,0,259,368,California
Marin,2020-12-18,372,740,372,740,0,0,0,0,372,740,0,0,372,740,California
Marin,2020-12-19,348,1088,347,1087,1,1,0,0,348,1088,0,0,348,1088,California
Marin,2020-12-20,167,1255,166,1253,1,2,0,0,167,1255,0,0,167,1255,California
Marin,2020-12-21,239,1494,236,1489,3,5,0,0,239,1494,0,0,239,1494,California
Marin,2020-12-22,522,2016,319,1808,203,208,0,0,522,2016,0,0,522,2016,California
Marin,2020-12-23,731,2747,323,2131,408,616,0,0,731,2747,0,0,731,2747,California
Marin,2020-12-24,356,3103,160,2291,196,812,0,0,356,3103,0,0,356,3103,California
Marin,2020-12-25,27,3130,0,2291,27,839,0,0,27,3130,0,0,27,3130,California
Marin,2020-12-26,140,3270,92,2383,48,887,0,0,140,3270,0,0,140,3270,California
Marin,2020-12-27,93,3363,56,2439,37,924,0,0,93,3363,0,0,93,3363,California
Marin,2020-12-28,408,3771,99,2538,309,1233,0,0,408,3771,0,0,408,3771,California
Marin,2020-12-29,397,4168,86,2624,311,1544,0,0,397,4168,0,0,397,4168,California
Marin,2020-12-30,624,4792,387,3011,237,1781,0,0,624,4792,0,0,624,4792,California
Marin,2020-12-31,200,4992,33,3044,167,1948,0,0,200,4992,0,0,200,4992,California
Marin,2021-01-01,9,5001,5,3049,4,1952,0,0,9,5001,0,0,9,5001,California
Marin,2021-01-02,105,5106,99,3148,6,1958,0,0,105,5106,0,0,105,5106,California
Marin,2021-01-03,55,5161,37,3185,18,1976,0,0,52,5158,0,0,52,5158,California
Marin,2021-01-04,286,5447,185,3370,101,2077,0,0,285,5442,1,1,285,5443,California
Marin,2021-01-05,366,5813,223,3593,143,2220,0,0,323,5722,43,44,323,5766,California
Marin,2021-01-06,822,6635,316,3909,506,2726,0,0,645,6191,176,220,645,6411,California
Marin,2021-01-07,893,7528,502,4411,391,3117,0,0,545,6388,348,568,545,6956,California
Marin,2021-01-08,966,8494,509,4920,457,3574,0,0,593,6609,372,940,593,7549,California
Marin,2021-01-09,618,9112,222,5142,396,3970,0,0,488,6967,130,1070,488,8037,California
Marin,2021-01-10,126,9238,97,5239,29,3999,0,0,51,6943,75,1145,51,8088,California
Marin,2021-01-11,467,9705,326,5565,141,4140,0,0,252,6980,215,1360,252,8340,California
Marin,2021-01-12,940,10645,541,6106,399,4539,0,0,565,7173,372,1732,565,8905,California
Marin,2021-01-13,1175,11820,496,6602,679,5218,0,0,936,7870,239,1971,936,9841,California
Marin,2021-01-14,1072,12892,325,6927,747,5965,0,0,919,8638,151,2122,919,10760,California
Marin,2021-01-15,1150,14042,354,7281,796,6761,0,0,1020,9530,129,2251,1021,11781,California
Marin,2021-01-16,1111,15153,907,8188,204,6965,0,0,1037,10493,74,2325,1037,12818,California
Marin,2021-01-17,1237,16390,1117,9305,120,7085,0,0,1209,11678,27,2352,1212,14030,California
Marin,2021-01-18,360,16750,160,9465,200,7285,0,0,309,11936,51,2403,309,14339,California
Marin,2021-01-19,1146,17896,907,10372,239,7524,0,0,978,12747,167,2570,978,15317,California
Marin,2021-01-20,1783,19679,1208,11580,575,8099,0,0,1054,13084,718,3288,1055,16372,California
Marin,2021-01-21,1684,21363,1065,12645,619,8718,0,0,1332,14070,349,3637,1335,17707,California
Marin,2021-01-22,1687,23050,1079,13724,608,9326,0,0,1522,15427,165,3802,1522,19229,California
Marin,2021-01-23,1851,24901,1348,15072,503,9829,0,0,1767,17110,84,3886,1767,20996,California
Marin,2021-01-24,612,25513,164,15236,448,10277,0,0,580,17658,32,3918,580,21576,California
Marin,2021-01-25,1114,26627,224,15460,890,11167,0,0,684,17915,430,4348,687,22263,California
Marin,2021-01-26,1498,28125,776,16236,722,11889,0,0,1121,18660,376,4724,1121,23384,California
Marin,2021-01-27,1686,29811,863,17099,823,12712,0,0,1335,19648,348,5072,1336,24720,California
Marin,2021-01-28,2050,31861,1043,18142,1007,13719,0,0,1783,21166,266,5338,1784,26504,California
Marin,2021-01-29,2183,34044,1433,19575,750,14469,0,0,1988,22971,184,5522,1989,28493,California
Marin,2021-01-30,1714,35758,895,20470,819,15288,0,0,1637,24532,77,5599,1638,30131,California
Marin,2021-01-31,452,36210,316,20786,136,15424,0,0,427,24934,25,5624,427,30558,California
Marin,2021-02-01,1084,37294,418,21204,666,16090,0,0,885,25620,199,5823,885,31443,California
Marin,2021-02-02,1348,38642,458,21662,890,16980,0,0,722,25726,616,6439,722,32165,California
Marin,2021-02-03,1760,40402,415,22077,1345,18325,0,0,1238,26443,521,6960,1238,33403,California
Marin,2021-02-04,1536,41938,513,22590,1023,19348,0,0,931,26772,602,7562,931,34334,California
Marin,2021-02-05,2161,44099,671,23261,1490,20838,0,0,1323,27262,834,8396,1324,35658,California
Marin,2021-02-06,1423,45522,852,24113,571,21409,0,0,599,27038,823,9219,599,36257,California
Marin,2021-02-07,1289,46811,1005,25118,284,21693,0,0,487,26724,801,10020,487,36744,California
Marin,2021-02-08,1521,48332,754,25872,767,22460,0,0,728,26661,791,10811,728,37472,California
Marin,2021-02-09,1771,50103,1117,26989,654,23114,0,0,823,26537,947,11758,823,38295,California
Marin,2021-02-10,2330,52433,1490,28479,840,23954,0,0,1216,26642,1112,12870,1217,39512,California
Marin,2021-02-11,2855,55288,1638,30117,1217,25171,0,0,1447,26688,1403,14273,1449,40961,California
Marin,2021-02-12,3053,58341,1539,31656,1514,26685,0,0,1556,26749,1495,15768,1556,42517,California
Marin,2021-02-13,2342,60683,1242,32898,1100,27785,0,0,1132,26673,1208,16976,1132,43649,California
Marin,2021-02-14,805,61488,298,33196,507,28292,0,0,716,27300,89,17065,716,44365,California
Marin,2021-02-15,1208,62696,355,33551,853,29145,0,0,831,27754,377,17442,831,45196,California
Marin,2021-02-16,2458,65154,1053,34604,1405,30550,0,0,1500,28297,957,18399,1500,46696,California
Marin,2021-02-17,2080,67234,927,35531,1153,31703,0,0,1088,28395,991,19390,1089,47785,California
Marin,2021-02-18,2388,69622,1548,37079,840,32543,0,0,1059,28126,1328,20718,1059,48844,California
Marin,2021-02-19,2743,72365,2150,39229,593,33136,0,0,1213,27821,1519,22237,1214,50058,California
Marin,2021-02-20,2568,74933,2113,41342,455,33591,0,0,1225,27706,1340,23577,1225,51283,California
Marin,2021-02-21,1255,76188,1064,42406,191,33782,0,0,894,28242,358,23935,894,52177,California
Marin,2021-02-22,1788,77976,1377,43783,411,34193,0,0,1201,28857,586,24521,1201,53378,California
Marin,2021-02-23,2827,80803,1607,45390,1220,35413,0,0,1905,29849,913,25434,1905,55283,California
Marin,2021-02-24,3476,84279,1595,46985,1881,37294,0,0,2240,30860,1229,26663,2240,57523,California
Marin,2021-02-25,3919,88198,1811,48796,2108,39402,0,0,2757,32464,1154,27817,2758,60281,California
Marin,2021-02-26,3471,91669,1872,50668,1599,41001,0,0,2529,34062,931,28748,2529,62810,California
Marin,2021-02-27,2611,94280,1496,52164,1115,42116,0,0,1775,35004,834,29582,1776,64586,California
Marin,2021-02-28,1377,95657,917,53081,460,42576,0,0,1044,35717,331,29913,1044,65630,California
Marin,2021-03-01,2424,98081,1494,54575,930,43506,0,0,1625,36549,793,30706,1625,67255,California
Marin,2021-03-02,2398,100479,1572,56147,825,44331,1,1,1665,37485,731,31437,1667,68922,California
Marin,2021-03-03,3926,104405,2154,58301,1772,46103,0,1,2525,38615,1397,32834,2527,71449,California
Marin,2021-03-04,2896,107301,1368,59669,1528,47631,0,1,2085,39901,805,33639,2091,73540,California
Marin,2021-03-05,2555,109856,813,60482,1730,49361,12,13,1500,40364,1054,34693,1517,75057,California
Marin,2021-03-06,2455,112311,1685,62167,694,50055,76,89,1972,41939,473,35166,2048,77105,California
Marin,2021-03-07,1362,113673,1151,63318,188,50243,23,112,979,42560,381,35547,1002,78107,California
Marin,2021-03-08,1794,115467,1329,64647,370,50613,95,207,1349,43565,443,35990,1448,79555,California
Marin,2021-03-09,2048,117515,1200,65847,739,51352,109,316,1392,44410,656,36646,1501,81056,California
Marin,2021-03-10,4209,121724,2382,68229,1535,52887,292,608,2991,46477,1217,37863,3284,84340,California
Marin,2021-03-11,4331,126055,1736,69965,2462,55349,133,741,3079,48443,1245,39108,3211,87551,California
Marin,2021-03-12,3697,129752,1435,71400,1925,57274,337,1078,1437,47964,2250,41358,1771,89322,California
Marin,2021-03-13,3869,133621,2754,74154,1057,58331,58,1136,2310,48780,1550,42908,2366,91688,California
Marin,2021-03-14,2110,135731,1062,75216,940,59271,108,1244,696,48173,1413,44321,806,92494,California
Marin,2021-03-15,3231,138962,1763,76979,1417,60688,51,1295,1229,47456,1996,46317,1279,93773,California
Marin,2021-03-16,4273,143235,2290,79269,1619,62307,364,1659,1509,46567,2761,49078,1872,95645,California
Marin,2021-03-17,3954,147189,2162,81431,1750,64057,42,1701,1896,46459,2047,51125,1939,97584,California
Marin,2021-03-18,3707,150896,1824,83255,1810,65867,73,1774,1884,46604,1811,52936,1956,99540,California
Marin,2021-03-19,3109,154005,1701,84956,1293,67160,115,1889,1698,47013,1404,54340,1813,101353,California
Marin,2021-03-20,2660,156665,1381,86337,1209,68369,70,1959,1627,47685,1025,55365,1697,103050,California
Marin,2021-03-21,1495,158160,1102,87439,368,68737,25,1984,772,47761,721,56086,797,103847,California
Marin,2021-03-22,2468,160628,2114,89553,183,68920,171,2155,1022,47521,1441,57527,1201,105048,California
Marin,2021-03-23,4190,164818,2173,91726,1894,70814,123,2278,1913,47309,2271,59798,2059,107107,California
Marin,2021-03-24,4391,169209,2876,94602,1411,72225,104,2382,1801,46766,2582,62380,2039,109146,California
Marin,2021-03-25,4533,173742,2750,97352,1714,73939,69,2451,2207,46910,2313,64693,2457,111603,California
Marin,2021-03-26,4222,177964,2266,99618,1743,75682,213,2664,2373,47888,1829,66522,2807,114410,California
Marin,2021-03-27,3594,181558,2560,102178,1018,76700,16,2680,1125,47074,2463,68985,1649,116059,California
Marin,2021-03-28,2327,183885,1679,103857,642,77342,6,2686,1067,46895,1255,70240,1076,117135,California
Marin,2021-03-29,2526,186411,1924,105781,577,77919,25,2711,1080,46564,1444,71684,1113,118248,California
Marin,2021-03-30,4524,190935,3503,109284,986,78905,35,2746,2969,48027,1552,73236,3015,121263,California
Marin,2021-03-31,5557,196492,3892,113176,1614,80519,51,2797,2495,47581,3056,76292,2610,123873,California
Marin,2021-04-01,3738,200230,1923,115099,1582,82101,233,3030,1742,47618,1993,78285,2030,125903,California
Marin,2021-04-02,2301,202531,810,115909,1133,83234,358,3388,1172,48068,1123,79408,1573,127476,California
Marin,2021-04-03,2780,205311,1789,117698,693,83927,298,3686,929,47491,1844,81252,1267,128743,California
Marin,2021-04-04,1216,206527,1014,118712,59,83986,143,3829,940,48299,276,81528,1084,129827,California
Mariposa,2020-12-17,2,2,2,2,0,0,0,0,38,38,0,0,38,38,California
Mariposa,2020-12-18,5,7,5,7,0,0,0,0,56,94,0,0,56,94,California
Mariposa,2020-12-20,2,9,2,9,0,0,0,0,2,96,0,0,2,96,California
Mariposa,2020-12-21,3,12,3,12,0,0,0,0,45,141,0,0,45,141,California
Mariposa,2020-12-22,2,14,2,14,0,0,0,0,2,143,0,0,2,143,California
Mariposa,2020-12-23,10,24,10,24,0,0,0,0,1,144,0,0,1,144,California
Mariposa,2020-12-24,1,25,0,24,1,1,0,0,0,144,0,0,0,144,California
Mariposa,2020-12-26,1,26,1,25,0,1,0,0,1,145,0,0,1,145,California
Mariposa,2020-12-27,1,27,0,25,1,2,0,0,1,146,0,0,1,146,California
Mariposa,2020-12-28,3,30,1,26,2,4,0,0,3,149,0,0,3,149,California
Mariposa,2020-12-29,33,63,1,27,32,36,0,0,33,182,0,0,33,182,California
Mariposa,2020-12-30,21,84,0,27,21,57,0,0,19,201,0,0,19,201,California
Mariposa,2020-12-31,22,106,0,27,22,79,0,0,22,223,0,0,22,223,California
Mariposa,2021-01-04,9,115,1,28,8,87,0,0,9,232,0,0,9,232,California
Mariposa,2021-01-05,24,139,14,42,10,97,0,0,12,234,10,10,12,244,California
Mariposa,2021-01-06,5,144,3,45,2,99,0,0,2,233,3,13,2,246,California
Mariposa,2021-01-07,49,193,47,92,2,101,0,0,2,188,47,60,2,248,California
Mariposa,2021-01-08,109,302,81,173,28,129,0,0,33,145,76,136,33,281,California
Mariposa,2021-01-09,1,303,0,173,1,130,0,0,1,146,0,136,1,282,California
Mariposa,2021-01-11,24,327,3,176,21,151,0,0,22,166,2,138,22,304,California
Mariposa,2021-01-12,21,348,3,179,18,169,0,0,18,181,3,141,18,322,California
Mariposa,2021-01-13,22,370,1,180,21,190,0,0,21,201,1,142,21,343,California
Mariposa,2021-01-14,94,464,1,181,93,283,0,0,94,295,0,142,94,437,California
Mariposa,2021-01-15,46,510,1,182,45,328,0,0,45,339,1,143,45,482,California
Mariposa,2021-01-16,19,529,2,184,17,345,0,0,18,356,1,144,18,500,California
Mariposa,2021-01-17,2,531,0,184,2,347,0,0,2,358,0,144,2,502,California
Mariposa,2021-01-18,2,533,2,186,0,347,0,0,1,358,1,145,1,503,California
Mariposa,2021-01-19,1,534,0,186,1,348,0,0,1,359,0,145,1,504,California
Mariposa,2021-01-20,26,560,0,186,26,374,0,0,25,384,0,145,25,529,California
Mariposa,2021-01-21,87,647,1,187,86,460,0,0,87,471,0,145,87,616,California
Mariposa,2021-01-22,77,724,1,188,76,536,0,0,77,548,0,145,77,693,California
Mariposa,2021-01-23,125,849,0,188,125,661,0,0,124,672,0,145,124,817,California
Mariposa,2021-01-25,3,852,1,189,2,663,0,0,0,669,3,148,0,817,California
Mariposa,2021-01-26,32,884,2,191,30,693,0,0,3,647,29,177,7,824,California
Mariposa,2021-01-27,34,918,1,192,33,726,0,0,26,665,8,185,26,850,California
Mariposa,2021-01-28,147,1065,2,194,145,871,0,0,133,785,13,198,133,983,California
Mariposa,2021-01-29,58,1123,0,194,58,929,0,0,58,843,0,198,58,1041,California
Mariposa,2021-01-30,3,1126,1,195,2,931,0,0,2,844,1,199,2,1043,California
Mariposa,2021-01-31,1,1127,0,195,1,932,0,0,1,845,0,199,1,1044,California
Mariposa,2021-02-01,55,1182,0,195,55,987,0,0,48,886,7,206,48,1092,California
Mariposa,2021-02-02,8,1190,0,195,8,995,0,0,2,882,6,212,2,1094,California
Mariposa,2021-02-03,26,1216,1,196,25,1020,0,0,22,900,4,216,22,1116,California
Mariposa,2021-02-04,115,1331,7,203,108,1128,0,0,108,1005,4,220,109,1225,California
Mariposa,2021-02-05,239,1570,4,207,235,1363,0,0,217,1200,22,242,217,1442,California
Mariposa,2021-02-06,2,1572,1,208,1,1364,0,0,1,1200,1,243,1,1443,California
Mariposa,2021-02-08,39,1611,1,209,38,1402,0,0,20,1201,19,262,20,1463,California
Mariposa,2021-02-09,10,1621,3,212,7,1409,0,0,5,1201,5,267,5,1468,California
Mariposa,2021-02-10,17,1638,1,213,16,1425,0,0,9,1208,8,275,15,1483,California
Mariposa,2021-02-11,378,2016,4,217,374,1799,0,0,334,1535,42,317,369,1852,California
Mariposa,2021-02-12,177,2193,1,218,176,1975,0,0,115,1606,62,379,133,1985,California
Mariposa,2021-02-13,5,2198,3,221,2,1977,0,0,4,1609,1,380,4,1989,California
Mariposa,2021-02-14,5,2203,2,223,3,1980,0,0,3,1611,2,382,4,1993,California
Mariposa,2021-02-15,8,2211,2,225,6,1986,0,0,7,1617,1,383,7,2000,California
Mariposa,2021-02-16,19,2230,2,227,17,2003,0,0,8,1624,11,394,18,2018,California
Mariposa,2021-02-17,20,2250,2,229,18,2021,0,0,9,1630,10,404,16,2034,California
Mariposa,2021-02-18,56,2306,3,232,53,2074,0,0,13,1600,43,447,13,2047,California
Mariposa,2021-02-19,74,2380,0,232,74,2148,0,0,33,1632,41,488,73,2120,California
Mariposa,2021-02-20,254,2634,4,236,250,2398,0,0,169,1769,85,573,222,2342,California
Mariposa,2021-02-21,231,2865,2,238,229,2627,0,0,230,1998,1,574,230,2572,California
Mariposa,2021-02-22,15,2880,2,240,13,2640,0,0,15,2013,0,574,15,2587,California
Mariposa,2021-02-23,6,2886,3,243,3,2643,0,0,4,2016,2,576,5,2592,California
Mariposa,2021-02-24,18,2904,1,244,17,2660,0,0,2,2002,16,592,2,2594,California
Mariposa,2021-02-25,6,2910,3,247,3,2663,0,0,3,2002,3,595,3,2597,California
Mariposa,2021-02-26,410,3320,3,250,407,3070,0,0,251,2198,159,754,355,2952,California
Mariposa,2021-02-27,154,3474,3,253,151,3221,0,0,150,2345,4,758,151,3103,California
Mariposa,2021-02-28,2,3476,1,254,1,3222,0,0,0,2343,2,760,0,3103,California
Mariposa,2021-03-01,55,3531,2,256,53,3275,0,0,7,2302,48,808,7,3110,California
Mariposa,2021-03-02,6,3537,5,261,1,3276,0,0,3,2302,3,811,3,3113,California
Mariposa,2021-03-03,65,3602,1,262,64,3340,0,0,63,2363,2,813,63,3176,California
Mariposa,2021-03-04,15,3617,5,267,10,3350,0,0,5,2361,10,823,8,3184,California
Mariposa,2021-03-05,39,3656,6,273,33,3383,0,0,28,2386,11,834,36,3220,California
Mariposa,2021-03-06,4,3660,1,274,3,3386,0,0,4,2390,0,834,4,3224,California
Mariposa,2021-03-08,36,3696,2,276,23,3409,11,11,7,2379,29,863,18,3242,California
Mariposa,2021-03-09,24,3720,2,278,11,3420,11,22,9,2384,15,878,20,3262,California
Mariposa,2021-03-10,15,3735,3,281,3,3423,9,31,3,2384,12,890,12,3274,California
Mariposa,2021-03-11,455,4190,5,286,432,3855,18,49,172,2342,282,1172,240,3514,California
Mariposa,2021-03-12,241,4431,2,288,211,4066,28,77,96,2330,145,1317,133,3647,California
Mariposa,2021-03-13,23,4454,3,291,5,4071,15,92,4,2331,19,1336,20,3667,California
Mariposa,2021-03-14,14,4468,0,291,3,4074,11,103,2,2332,12,1348,13,3680,California
Mariposa,2021-03-15,72,4540,5,296,29,4103,38,141,28,2354,44,1392,66,3746,California
Mariposa,2021-03-16,44,4584,5,301,5,4108,34,175,7,2358,37,1429,41,3787,California
Mariposa,2021-03-17,51,4635,4,305,42,4150,5,180,43,2400,8,1437,50,3837,California
Mariposa,2021-03-18,44,4679,4,309,31,4181,9,189,32,2429,12,1449,41,3878,California
Mariposa,2021-03-19,327,5006,3,312,314,4495,10,199,294,2700,33,1482,304,4182,California
Mariposa,2021-03-20,418,5424,3,315,414,4909,1,200,44,2373,374,1856,47,4229,California
Mariposa,2021-03-21,8,5432,7,322,0,4909,1,201,5,2376,3,1859,6,4235,California
Mariposa,2021-03-22,35,5467,5,327,19,4928,11,212,21,2396,14,1873,34,4269,California
Mariposa,2021-03-23,19,5486,4,331,2,4930,13,225,1,2392,18,1891,14,4283,California
Mariposa,2021-03-24,49,5535,1,332,46,4976,2,227,47,2439,2,1893,49,4332,California
Mariposa,2021-03-25,56,5591,5,337,43,5019,8,235,44,2479,12,1905,52,4384,California
Mariposa,2021-03-26,470,6061,9,346,459,5478,2,237,241,2493,229,2134,243,4627,California
Mariposa,2021-03-27,214,6275,3,349,211,5689,0,237,84,2450,129,2263,86,4713,California
Mariposa,2021-03-28,4,6279,0,349,1,5690,3,240,0,2449,4,2267,3,4716,California
Mariposa,2021-03-29,13,6292,2,351,11,5701,0,240,7,2450,6,2273,7,4723,California
Mariposa,2021-03-30,18,6310,0,351,2,5703,16,256,0,2448,18,2291,16,4739,California
Mariposa,2021-03-31,72,6382,6,357,65,5768,1,257,61,2499,11,2302,62,4801,California
Mariposa,2021-04-01,7,6389,2,359,4,5772,1,258,3,2499,4,2306,4,4805,California
Mariposa,2021-04-02,29,6418,5,364,23,5795,1,259,8,2487,21,2327,9,4814,California
Mariposa,2021-04-03,5,6423,4,368,1,5796,0,259,4,2490,1,2328,4,4818,California
Mariposa,2021-04-04,1,6424,0,368,0,5796,1,260,0,2490,1,2329,1,4819,California
Mendocino,2020-12-17,70,70,70,70,0,0,0,0,70,70,0,0,70,70,California
Mendocino,2020-12-18,86,156,85,155,1,1,0,0,85,155,0,0,85,155,California
Mendocino,2020-12-19,3,159,3,158,0,1,0,0,3,158,0,0,3,158,California
Mendocino,2020-12-20,7,166,7,165,0,1,0,0,7,165,0,0,7,165,California
Mendocino,2020-12-21,245,411,245,410,0,1,0,0,76,241,0,0,76,241,California
Mendocino,2020-12-22,248,659,188,598,60,61,0,0,248,489,0,0,248,489,California
Mendocino,2020-12-23,272,931,48,646,224,285,0,0,271,760,0,0,271,760,California
Mendocino,2020-12-24,49,980,8,654,41,326,0,0,49,809,0,0,49,809,California
Mendocino,2020-12-25,1,981,0,654,1,327,0,0,1,810,0,0,1,810,California
Mendocino,2020-12-26,2,983,2,656,0,327,0,0,2,812,0,0,2,812,California
Mendocino,2020-12-27,1,984,0,656,1,328,0,0,1,813,0,0,1,813,California
Mendocino,2020-12-28,73,1057,8,664,65,393,0,0,73,886,0,0,73,886,California
Mendocino,2020-12-29,120,1177,60,724,60,453,0,0,120,1006,0,0,120,1006,California
Mendocino,2020-12-30,120,1297,66,790,54,507,0,0,120,1126,0,0,120,1126,California
Mendocino,2020-12-31,130,1427,95,885,35,542,0,0,130,1256,0,0,130,1256,California
Mendocino,2021-01-01,4,1431,2,887,2,544,0,0,4,1260,0,0,4,1260,California
Mendocino,2021-01-02,1,1432,1,888,0,544,0,0,1,1261,0,0,1,1261,California
Mendocino,2021-01-04,837,2269,15,903,822,1366,0,0,837,2098,0,0,837,2098,California
Mendocino,2021-01-05,71,2340,35,938,36,1402,0,0,58,2143,13,13,58,2156,California
Mendocino,2021-01-06,150,2490,129,1067,21,1423,0,0,140,2273,10,23,140,2296,California
Mendocino,2021-01-07,356,2846,237,1304,119,1542,0,0,293,2503,63,86,293,2589,California
Mendocino,2021-01-08,95,2941,82,1386,13,1555,0,0,41,2491,54,140,42,2631,California
Mendocino,2021-01-09,8,2949,4,1390,4,1559,0,0,6,2495,2,142,6,2637,California
Mendocino,2021-01-10,8,2957,8,1398,0,1559,0,0,1,2489,7,149,1,2638,California
Mendocino,2021-01-11,99,3056,90,1488,9,1568,0,0,41,2473,57,206,41,2679,California
Mendocino,2021-01-12,387,3443,376,1864,11,1579,0,0,272,2630,115,321,272,2951,California
Mendocino,2021-01-13,479,3922,144,2008,335,1914,0,0,439,3032,38,359,440,3391,California
Mendocino,2021-01-14,634,4556,20,2028,614,2528,0,0,625,3648,9,368,625,4016,California
Mendocino,2021-01-15,1852,6408,859,2887,993,3521,0,0,1847,5491,5,373,1848,5864,California
Mendocino,2021-01-16,793,7201,51,2938,742,4263,0,0,791,6280,2,375,791,6655,California
Mendocino,2021-01-17,553,7754,1,2939,552,4815,0,0,552,6831,1,376,552,7207,California
Mendocino,2021-01-18,488,8242,463,3402,25,4840,0,0,476,7295,12,388,476,7683,California
Mendocino,2021-01-19,328,8570,146,3548,182,5022,0,0,153,7273,175,563,153,7836,California
Mendocino,2021-01-20,549,9119,402,3950,147,5169,0,0,445,7616,102,665,445,8281,California
Mendocino,2021-01-21,529,9648,219,4169,310,5479,0,0,346,7780,182,847,346,8627,California
Mendocino,2021-01-22,149,9797,58,4227,91,5570,0,0,110,7851,39,886,110,8737,California
Mendocino,2021-01-23,155,9952,83,4310,72,5642,0,0,149,7994,6,892,149,8886,California
Mendocino,2021-01-24,5,9957,3,4313,2,5644,0,0,5,7999,0,892,5,8891,California
Mendocino,2021-01-25,189,10146,15,4328,174,5818,0,0,121,8052,68,960,121,9012,California
Mendocino,2021-01-26,155,10301,57,4385,98,5916,0,0,95,8087,60,1020,95,9107,California
Mendocino,2021-01-27,432,10733,363,4748,69,5985,0,0,173,8008,252,1272,173,9280,California
Mendocino,2021-01-28,583,11316,519,5267,64,6049,0,0,491,8407,92,1364,491,9771,California
Mendocino,2021-01-29,388,11704,348,5615,40,6089,0,0,359,8738,29,1393,360,10131,California
Mendocino,2021-01-30,45,11749,27,5642,18,6107,0,0,41,8775,4,1397,41,10172,California
Mendocino,2021-01-31,275,12024,2,5644,273,6380,0,0,3,8506,272,1669,3,10175,California
Mendocino,2021-02-01,372,12396,48,5692,324,6704,0,0,53,8240,319,1988,53,10228,California
Mendocino,2021-02-02,719,13115,501,6193,218,6922,0,0,361,8243,358,2346,361,10589,California
Mendocino,2021-02-03,386,13501,203,6396,183,7105,0,0,219,8297,165,2511,219,10808,California
Mendocino,2021-02-04,630,14131,532,6928,98,7203,0,0,506,8679,124,2635,506,11314,California
Mendocino,2021-02-05,1306,15437,1216,8144,90,7293,0,0,590,8555,714,3349,590,11904,California
Mendocino,2021-02-06,557,15994,157,8301,400,7693,0,0,542,9082,15,3364,542,12446,California
Mendocino,2021-02-07,29,16023,25,8326,4,7697,0,0,29,9111,0,3364,29,12475,California
Mendocino,2021-02-08,744,16767,714,9040,30,7727,0,0,282,8931,462,3826,282,12757,California
Mendocino,2021-02-09,141,16908,58,9098,83,7810,0,0,89,8968,52,3878,89,12846,California
Mendocino,2021-02-10,1477,18385,922,10020,555,8365,0,0,745,8987,726,4604,745,13591,California
Mendocino,2021-02-11,1121,19506,206,10226,915,9280,0,0,282,8430,839,5443,282,13873,California
Mendocino,2021-02-12,1390,20896,155,10381,1235,10515,0,0,628,8298,761,6204,629,14502,California
Mendocino,2021-02-13,494,21390,12,10393,482,10997,0,0,100,8009,394,6598,105,14607,California
Mendocino,2021-02-14,696,22086,1,10394,695,11692,0,0,136,7585,560,7158,136,14743,California
Mendocino,2021-02-15,326,22412,40,10434,286,11978,0,0,172,7603,154,7312,172,14915,California
Mendocino,2021-02-16,195,22607,49,10483,146,12124,0,0,128,7664,67,7379,128,15043,California
Mendocino,2021-02-17,1348,23955,1187,11670,161,12285,0,0,874,8067,472,7851,875,15918,California
Mendocino,2021-02-18,1750,25705,641,12311,1109,13394,0,0,1191,8699,559,8410,1191,17109,California
Mendocino,2021-02-19,703,26408,146,12457,557,13951,0,0,564,9124,139,8549,564,17673,California
Mendocino,2021-02-20,568,26976,541,12998,27,13978,0,0,538,9634,28,8577,538,18211,California
Mendocino,2021-02-21,306,27282,4,13002,302,14280,0,0,295,9918,11,8588,295,18506,California
Mendocino,2021-02-22,163,27445,30,13032,133,14413,0,0,73,9901,90,8678,73,18579,California
Mendocino,2021-02-23,666,28111,652,13684,14,14427,0,0,612,10460,53,8731,612,19191,California
Mendocino,2021-02-24,1815,29926,1731,15415,84,14511,0,0,1408,11464,404,9135,1408,20599,California
Mendocino,2021-02-25,1673,31599,536,15951,1137,15648,0,0,1255,12302,417,9552,1255,21854,California
Mendocino,2021-02-26,1387,32986,745,16696,642,16290,0,0,1024,12965,361,9913,1024,22878,California
Mendocino,2021-02-27,196,33182,151,16847,45,16335,0,0,72,12915,122,10035,72,22950,California
Mendocino,2021-02-28,38,33220,16,16863,22,16357,0,0,26,12929,12,10047,26,22976,California
Mendocino,2021-03-01,568,33788,524,17387,44,16401,0,0,530,13421,38,10085,530,23506,California
Mendocino,2021-03-02,68,33856,24,17411,44,16445,0,0,39,13432,28,10113,39,23545,California
Mendocino,2021-03-03,1604,35460,1250,18661,354,16799,0,0,983,13796,619,10732,983,24528,California
Mendocino,2021-03-04,1713,37173,147,18808,1566,18365,0,0,1498,15082,213,10945,1499,26027,California
Mendocino,2021-03-05,180,37353,117,18925,54,18419,9,9,104,15121,74,11019,113,26140,California
Mendocino,2021-03-06,242,37595,19,18944,200,18619,23,32,205,15312,37,11056,228,26368,California
Mendocino,2021-03-07,485,38080,6,18950,459,19078,20,52,103,15053,381,11437,122,26490,California
Mendocino,2021-03-08,130,38210,33,18983,60,19138,37,89,70,15101,59,11496,107,26597,California
Mendocino,2021-03-09,428,38638,219,19202,178,19316,31,120,344,15392,83,11579,374,26971,California
Mendocino,2021-03-10,1003,39641,929,20131,67,19383,7,127,270,14942,729,12308,279,27250,California
Mendocino,2021-03-11,773,40414,564,20695,155,19538,54,181,357,14942,411,12719,411,27661,California
Mendocino,2021-03-12,1897,42311,977,21672,826,20364,94,275,1152,15447,741,13460,1246,28907,California
Mendocino,2021-03-13,569,42880,491,22163,28,20392,50,325,81,15094,484,13944,131,29038,California
Mendocino,2021-03-14,64,42944,3,22166,54,20446,7,332,6,15050,57,14001,13,29051,California
Mendocino,2021-03-15,606,43550,55,22221,495,20941,56,388,215,14932,389,14390,271,29322,California
Mendocino,2021-03-16,560,44110,364,22585,153,21094,43,431,132,14681,427,14817,176,29498,California
Mendocino,2021-03-17,1478,45588,1286,23871,54,21148,138,569,200,13756,1277,16094,352,29850,California
Mendocino,2021-03-18,1144,46732,176,24047,932,22080,36,605,235,13128,901,16995,273,30123,California
Mendocino,2021-03-19,1661,48393,832,24879,781,22861,48,653,325,12175,1331,18326,378,30501,California
Mendocino,2021-03-20,62,48455,10,24889,32,22893,20,673,16,12165,46,18372,36,30537,California
Mendocino,2021-03-21,11,48466,2,24891,4,22897,5,678,3,12166,8,18380,9,30546,California
Mendocino,2021-03-22,614,49080,572,25463,15,22912,27,705,146,11874,466,18846,174,30720,California
Mendocino,2021-03-23,168,49248,34,25497,104,23016,30,735,117,11970,51,18897,147,30867,California
Mendocino,2021-03-24,902,50150,824,26321,32,23048,46,781,120,11417,781,19678,228,31095,California
Mendocino,2021-03-25,1922,52072,59,26380,1846,24894,17,798,169,9859,1750,21428,192,31287,California
Mendocino,2021-03-26,513,52585,369,26749,120,25014,24,822,337,10048,173,21601,362,31649,California
Mendocino,2021-03-27,145,52730,15,26764,120,25134,10,832,89,10093,55,21656,100,31749,California
Mendocino,2021-03-28,31,52761,9,26773,18,25152,4,836,8,10083,22,21678,12,31761,California
Mendocino,2021-03-29,187,52948,98,26871,47,25199,42,878,93,10125,94,21772,136,31897,California
Mendocino,2021-03-30,652,53600,578,27449,40,25239,34,912,405,10320,244,22016,439,32336,California
Mendocino,2021-03-31,850,54450,273,27722,516,25755,61,973,410,10355,438,22454,473,32809,California
Mendocino,2021-04-01,1210,55660,369,28091,788,26543,53,1026,316,9873,889,23343,407,33216,California
Mendocino,2021-04-02,1229,56889,1004,29095,155,26698,70,1096,200,9144,1026,24369,297,33513,California
Mendocino,2021-04-03,501,57390,12,29107,484,27182,5,1101,52,8761,447,24816,64,33577,California
Mendocino,2021-04-04,3,57393,0,29107,2,27184,1,1102,1,8761,2,24818,2,33579,California
Merced,2020-12-16,3,3,3,3,0,0,0,0,3,3,0,0,3,3,California
Merced,2020-12-17,6,9,6,9,0,0,0,0,6,9,0,0,6,9,California
Merced,2020-12-18,144,153,144,153,0,0,0,0,144,153,0,0,144,153,California
Merced,2020-12-19,38,191,38,191,0,0,0,0,38,191,0,0,38,191,California
Merced,2020-12-20,18,209,17,208,1,1,0,0,18,209,0,0,18,209,California
Merced,2020-12-21,129,338,126,334,3,4,0,0,129,338,0,0,129,338,California
Merced,2020-12-22,163,501,163,497,0,4,0,0,163,501,0,0,163,501,California
Merced,2020-12-23,304,805,289,786,15,19,0,0,304,805,0,0,304,805,California
Merced,2020-12-24,70,875,70,856,0,19,0,0,70,875,0,0,70,875,California
Merced,2020-12-25,5,880,5,861,0,19,0,0,5,880,0,0,5,880,California
Merced,2020-12-26,7,887,4,865,3,22,0,0,7,887,0,0,7,887,California
Merced,2020-12-27,12,899,11,876,1,23,0,0,12,899,0,0,12,899,California
Merced,2020-12-28,125,1024,100,976,25,48,0,0,125,1024,0,0,125,1024,California
Merced,2020-12-29,188,1212,134,1110,54,102,0,0,188,1212,0,0,188,1212,California
Merced,2020-12-30,239,1451,93,1203,146,248,0,0,239,1451,0,0,239,1451,California
Merced,2020-12-31,127,1578,39,1242,88,336,0,0,124,1575,0,0,124,1575,California
Merced,2021-01-01,1,1579,0,1242,1,337,0,0,1,1576,0,0,1,1576,California
Merced,2021-01-02,127,1706,116,1358,11,348,0,0,128,1704,0,0,128,1704,California
Merced,2021-01-03,9,1715,5,1363,4,352,0,0,9,1713,0,0,9,1713,California
Merced,2021-01-04,83,1798,40,1403,43,395,0,0,83,1796,0,0,83,1796,California
Merced,2021-01-05,319,2117,230,1633,89,484,0,0,321,2113,5,5,322,2118,California
Merced,2021-01-06,274,2391,98,1731,176,660,0,0,268,2375,6,11,268,2386,California
Merced,2021-01-07,192,2583,80,1811,112,772,0,0,191,2554,12,23,191,2577,California
Merced,2021-01-08,543,3126,400,2211,143,915,0,0,398,2802,150,173,398,2975,California
Merced,2021-01-09,24,3150,11,2222,13,928,0,0,18,2814,6,179,18,2993,California
Merced,2021-01-10,10,3160,6,2228,4,932,0,0,6,2816,4,183,6,2999,California
Merced,2021-01-11,244,3404,170,2398,74,1006,0,0,117,2809,125,308,118,3117,California
Merced,2021-01-12,312,3716,163,2561,149,1155,0,0,258,3010,57,365,258,3375,California
Merced,2021-01-13,451,4167,233,2794,218,1373,0,0,237,3041,208,573,239,3614,California
Merced,2021-01-14,355,4522,214,3008,141,1514,0,0,184,3057,170,743,186,3800,California
Merced,2021-01-15,684,5206,147,3155,537,2051,0,0,661,3681,39,782,663,4463,California
Merced,2021-01-16,241,5447,153,3308,88,2139,0,0,236,3912,5,787,236,4699,California
Merced,2021-01-17,48,5495,11,3319,37,2176,0,0,47,3958,1,788,47,4746,California
Merced,2021-01-18,331,5826,155,3474,176,2352,0,0,309,4248,22,810,312,5058,California
Merced,2021-01-19,736,6562,583,4057,153,2505,0,0,554,4624,182,992,558,5616,California
Merced,2021-01-20,595,7157,488,4545,107,2612,0,0,531,5093,64,1056,533,6149,California
Merced,2021-01-21,1058,8215,688,5233,370,2982,0,0,959,5955,100,1156,962,7111,California
Merced,2021-01-22,1394,9609,713,5946,681,3663,0,0,1371,7312,25,1181,1382,8493,California
Merced,2021-01-23,309,9918,184,6130,125,3788,0,0,205,7412,105,1286,205,8698,California
Merced,2021-01-24,34,9952,16,6146,18,3806,0,0,24,7427,9,1295,24,8722,California
Merced,2021-01-25,783,10735,270,6416,513,4319,0,0,706,8074,59,1354,706,9428,California
Merced,2021-01-26,944,11679,480,6896,464,4783,0,0,688,8555,209,1563,690,10118,California
Merced,2021-01-27,1033,12712,584,7480,449,5232,0,0,842,9234,164,1727,843,10961,California
Merced,2021-01-28,1204,13916,587,8067,617,5849,0,0,1045,10145,135,1862,1046,12007,California
Merced,2021-01-29,912,14828,339,8406,573,6422,0,0,656,10561,243,2105,659,12666,California
Merced,2021-01-30,286,15114,25,8431,261,6683,0,0,271,10817,15,2120,271,12937,California
Merced,2021-01-31,48,15162,12,8443,36,6719,0,0,45,10859,3,2123,45,12982,California
Merced,2021-02-01,375,15537,51,8494,324,7043,0,0,325,11135,49,2172,325,13307,California
Merced,2021-02-02,302,15839,184,8678,118,7161,0,0,182,11200,118,2290,183,13490,California
Merced,2021-02-03,403,16242,73,8751,330,7491,0,0,206,11209,197,2487,206,13696,California
Merced,2021-02-04,434,16676,158,8909,276,7767,0,0,279,11337,152,2639,280,13976,California
Merced,2021-02-05,630,17306,216,9125,414,8181,0,0,327,11375,290,2929,328,14304,California
Merced,2021-02-06,443,17749,249,9374,194,8375,0,0,271,11476,170,3099,271,14575,California
Merced,2021-02-07,19,17768,12,9386,7,8382,0,0,12,11481,7,3106,12,14587,California
Merced,2021-02-08,327,18095,222,9608,105,8487,0,0,187,11532,137,3243,188,14775,California
Merced,2021-02-09,1277,19372,959,10567,318,8805,0,0,804,11881,456,3699,805,15580,California
Merced,2021-02-10,1924,21296,1439,12006,485,9290,0,0,1338,12640,579,4278,1338,16918,California
Merced,2021-02-11,2621,23917,2050,14056,571,9861,0,0,1865,13755,750,5028,1865,18783,California
Merced,2021-02-12,1892,25809,1063,15119,829,10690,0,0,836,13548,1043,6071,836,19619,California
Merced,2021-02-13,366,26175,205,15324,161,10851,0,0,272,13727,94,6165,273,19892,California
Merced,2021-02-14,117,26292,27,15351,90,10941,0,0,92,13797,25,6190,95,19987,California
Merced,2021-02-15,273,26565,39,15390,234,11175,0,0,168,13866,100,6290,169,20156,California
Merced,2021-02-16,1293,27858,865,16255,428,11603,0,0,781,14240,493,6783,867,21023,California
Merced,2021-02-17,1949,29807,1680,17935,269,11872,0,0,1354,15033,581,7364,1374,22397,California
Merced,2021-02-18,1315,31122,852,18787,463,12335,0,0,443,14643,847,8211,457,22854,California
Merced,2021-02-19,1324,32446,438,19225,886,13221,0,0,565,14468,753,8964,578,23432,California
Merced,2021-02-20,276,32722,32,19257,244,13465,0,0,142,14479,131,9095,142,23574,California
Merced,2021-02-21,75,32797,60,19317,15,13480,0,0,26,14460,49,9144,30,23604,California
Merced,2021-02-22,918,33715,367,19684,551,14031,0,0,569,14681,348,9492,569,24173,California
Merced,2021-02-23,1188,34903,489,20173,699,14730,0,0,694,14931,488,9980,738,24911,California
Merced,2021-02-24,851,35754,297,20470,554,15284,0,0,461,15015,382,10362,466,25377,California
Merced,2021-02-25,1815,37569,850,21320,965,16249,0,0,1335,15889,465,10827,1339,26716,California
Merced,2021-02-26,2357,39926,1505,22825,852,17101,0,0,1917,17371,440,11267,1922,28638,California
Merced,2021-02-27,2602,42528,1014,23839,1587,18688,1,1,2292,19355,311,11578,2295,30933,California
Merced,2021-02-28,327,42855,67,23906,260,18948,0,1,279,19589,46,11624,280,31213,California
Merced,2021-03-01,1203,44058,286,24192,917,19865,0,1,856,20104,341,11965,856,32069,California
Merced,2021-03-02,1801,45859,918,25110,883,20748,0,1,1398,21117,385,12350,1398,33467,California
Merced,2021-03-03,2322,48181,1799,26909,522,21270,1,2,1528,21887,762,13112,1532,34999,California
Merced,2021-03-04,3091,51272,2434,29343,655,21925,2,4,2175,23089,975,14087,2177,37176,California
Merced,2021-03-05,2441,53713,1515,30858,903,22828,23,27,1813,24342,600,14687,1853,39029,California
Merced,2021-03-06,1081,54794,557,31415,504,23332,20,47,807,24894,276,14963,828,39857,California
Merced,2021-03-07,266,55060,56,31471,186,23518,24,71,237,25126,29,14992,261,40118,California
Merced,2021-03-08,1224,56284,607,32078,553,24071,64,135,1012,25991,211,15203,1076,41194,California
Merced,2021-03-09,1664,57948,958,33036,594,24665,112,247,1044,26536,614,15817,1159,42353,California
Merced,2021-03-10,2925,60873,2026,35062,685,25350,214,461,1796,27435,1117,16934,2016,44369,California
Merced,2021-03-11,1942,62815,646,35708,1095,26445,201,662,1346,28420,589,17523,1574,45943,California
Merced,2021-03-12,2408,65223,1074,36782,1081,27526,253,915,1611,29523,794,18317,1897,47840,California
Merced,2021-03-13,679,65902,324,37106,118,27644,237,1152,356,29813,315,18632,605,48445,California
Merced,2021-03-14,172,66074,99,37205,43,27687,30,1182,100,29872,72,18704,131,48576,California
Merced,2021-03-15,1548,67622,512,37717,771,28458,265,1447,1011,30628,526,19230,1282,49858,California
Merced,2021-03-16,1543,69165,780,38497,540,28998,223,1670,1049,31416,483,19713,1271,51129,California
Merced,2021-03-17,2210,71375,1267,39764,764,29762,179,1849,1743,32883,459,20172,1926,53055,California
Merced,2021-03-18,1963,73338,1100,40864,709,30471,154,2003,1329,33758,622,20794,1497,54552,California
Merced,2021-03-19,2953,76291,1689,42553,1070,31541,194,2197,1560,34137,1379,22173,1758,56310,California
Merced,2021-03-20,1840,78131,1228,43781,518,32059,94,2291,1150,34699,684,22857,1246,57556,California
Merced,2021-03-21,674,78805,341,44122,318,32377,15,2306,555,35153,118,22975,572,58128,California
Merced,2021-03-22,1125,79930,486,44608,555,32932,84,2390,736,35596,379,23354,822,58950,California
Merced,2021-03-23,1836,81766,1160,45768,614,33546,62,2452,1374,36573,460,23814,1437,60387,California
Merced,2021-03-24,1328,83094,840,46608,445,33991,43,2495,985,37270,333,24147,1030,61417,California
Merced,2021-03-25,3220,86314,2184,48792,1014,35005,22,2517,2087,38256,1127,25274,2113,63530,California
Merced,2021-03-26,1985,88299,1200,49992,770,35775,15,2532,853,38007,1121,26395,872,64402,California
Merced,2021-03-27,2377,90676,1054,51046,1255,37030,68,2600,810,37327,1560,27955,880,65282,California
Merced,2021-03-28,564,91240,205,51251,351,37381,8,2608,251,37280,313,28268,266,65548,California
Merced,2021-03-29,1535,92775,444,51695,853,38234,238,2846,566,37132,964,29232,816,66364,California
Merced,2021-03-30,1809,94584,745,52440,1023,39257,41,2887,716,36811,1087,30319,766,67130,California
Merced,2021-03-31,1993,96577,1461,53901,516,39773,16,2903,714,36287,1269,31588,745,67875,California
Merced,2021-04-01,1619,98196,883,54784,714,40487,22,2925,626,35956,989,32577,658,68533,California
Merced,2021-04-02,2092,100288,704,55488,1326,41813,62,2987,949,35844,1132,33709,1020,69553,California
Merced,2021-04-03,606,100894,346,55834,253,42066,7,2994,230,35717,375,34084,248,69801,California
Merced,2021-04-04,197,101091,13,55847,183,42249,1,2995,85,35693,112,34196,88,69889,California
Modoc,2020-12-16,1,1,1,1,0,0,0,0,1,1,0,0,1,1,California
Modoc,2020-12-21,100,101,100,101,0,0,0,0,100,101,0,0,100,101,California
Modoc,2020-12-22,14,115,14,115,0,0,0,0,14,115,0,0,14,115,California
Modoc,2020-12-23,4,119,4,119,0,0,0,0,4,119,0,0,4,119,California
Modoc,2020-12-24,1,120,1,120,0,0,0,0,1,120,0,0,1,120,California
Modoc,2020-12-28,2,122,2,122,0,0,0,0,2,122,0,0,2,122,California
Modoc,2020-12-29,10,132,1,123,9,9,0,0,10,132,0,0,10,132,California
Modoc,2020-12-30,7,139,0,123,7,16,0,0,7,139,0,0,7,139,California
Modoc,2021-01-02,2,141,0,123,2,18,0,0,2,141,0,0,2,141,California
Modoc,2021-01-04,8,149,0,123,8,26,0,0,8,149,0,0,8,149,California
Modoc,2021-01-05,2,151,1,124,1,27,0,0,2,151,0,0,2,151,California
Modoc,2021-01-06,3,154,2,126,1,28,0,0,2,152,1,1,2,153,California
Modoc,2021-01-07,72,226,0,126,72,100,0,0,72,224,0,1,72,225,California
Modoc,2021-01-08,105,331,0,126,105,205,0,0,105,329,0,1,105,330,California
Modoc,2021-01-10,1,332,1,127,0,205,0,0,0,328,1,2,0,330,California
Modoc,2021-01-11,92,424,82,209,10,215,0,0,19,274,73,75,19,349,California
Modoc,2021-01-12,94,518,25,234,69,284,0,0,68,316,26,101,68,417,California
Modoc,2021-01-13,24,542,4,238,20,304,0,0,22,336,2,103,22,439,California
Modoc,2021-01-14,129,671,6,244,123,427,0,0,124,455,5,108,124,563,California
Modoc,2021-01-15,6,677,1,245,5,432,0,0,6,461,0,108,6,569,California
Modoc,2021-01-16,1,678,1,246,0,432,0,0,1,462,0,108,1,570,California
Modoc,2021-01-18,1,679,1,247,0,432,0,0,1,463,0,108,1,571,California
Modoc,2021-01-19,5,684,3,250,2,434,0,0,3,464,2,110,3,574,California
Modoc,2021-01-20,11,695,1,251,10,444,0,0,11,475,0,110,11,585,California
Modoc,2021-01-21,158,853,2,253,156,600,0,0,158,633,0,110,158,743,California
Modoc,2021-01-22,2,855,0,253,2,602,0,0,2,635,0,110,2,745,California
Modoc,2021-01-25,12,867,1,254,11,613,0,0,12,647,0,110,12,757,California
Modoc,2021-01-26,65,932,1,255,64,677,0,0,65,712,0,110,65,822,California
Modoc,2021-01-27,41,973,2,257,39,716,0,0,25,721,16,126,25,847,California
Modoc,2021-01-28,144,1117,1,258,143,859,0,0,144,865,0,126,144,991,California
Modoc,2021-01-29,3,1120,1,259,2,861,0,0,3,868,0,126,3,994,California
Modoc,2021-02-01,24,1144,11,270,13,874,0,0,11,866,13,139,11,1005,California
Modoc,2021-02-02,170,1314,2,272,168,1042,0,0,167,1030,3,142,167,1172,California
Modoc,2021-02-03,19,1333,13,285,6,1048,0,0,12,1035,7,149,12,1184,California
Modoc,2021-02-04,155,1488,4,289,151,1199,0,0,27,934,128,277,27,1211,California
Modoc,2021-02-05,4,1492,3,292,1,1200,0,0,3,936,1,278,3,1214,California
Modoc,2021-02-08,9,1501,2,294,7,1207,0,0,8,943,1,279,8,1222,California
Modoc,2021-02-09,197,1698,12,306,185,1392,0,0,65,876,132,411,65,1287,California
Modoc,2021-02-10,5,1703,2,308,3,1395,0,0,4,879,1,412,4,1291,California
Modoc,2021-02-11,201,1904,3,311,198,1593,0,0,83,844,118,530,83,1374,California
Modoc,2021-02-12,5,1909,1,312,4,1597,0,0,3,845,2,532,3,1377,California
Modoc,2021-02-13,1,1910,0,312,1,1598,0,0,1,846,0,532,1,1378,California
Modoc,2021-02-16,148,2058,6,318,142,1740,0,0,144,986,4,536,144,1522,California
Modoc,2021-02-17,23,2081,1,319,22,1762,0,0,11,985,12,548,11,1533,California
Modoc,2021-02-18,189,2270,2,321,187,1949,0,0,26,849,162,710,26,1559,California
Modoc,2021-02-19,3,2273,2,323,1,1950,0,0,2,850,1,711,2,1561,California
Modoc,2021-02-20,1,2274,1,324,0,1950,0,0,1,851,0,711,1,1562,California
Modoc,2021-02-22,17,2291,9,333,8,1958,0,0,4,842,13,724,4,1566,California
Modoc,2021-02-23,23,2314,4,337,19,1977,0,0,3,825,20,744,3,1569,California
Modoc,2021-02-24,90,2404,1,338,89,2066,0,0,30,795,60,804,30,1599,California
Modoc,2021-02-25,169,2573,1,339,168,2234,0,0,13,652,156,960,13,1612,California
Modoc,2021-02-26,3,2576,0,339,3,2237,0,0,1,651,2,962,1,1613,California
Modoc,2021-02-27,5,2581,5,344,0,2237,0,0,2,650,3,965,2,1615,California
Modoc,2021-03-01,4,2585,0,344,4,2241,0,0,0,646,4,969,0,1615,California
Modoc,2021-03-02,188,2773,12,356,176,2417,0,0,23,504,165,1134,23,1638,California
Modoc,2021-03-03,12,2785,6,362,6,2423,0,0,2,496,10,1144,2,1640,California
Modoc,2021-03-04,156,2941,2,364,154,2577,0,0,131,602,25,1169,131,1771,California
Modoc,2021-03-05,3,2944,2,366,1,2578,0,0,1,601,2,1171,1,1772,California
Modoc,2021-03-06,10,2954,0,366,0,2578,10,10,0,601,10,1181,10,1782,California
Modoc,2021-03-07,6,2960,1,367,0,2578,5,15,1,602,5,1186,6,1788,California
Modoc,2021-03-08,6,2966,0,367,2,2580,4,19,0,600,6,1192,4,1792,California
Modoc,2021-03-09,121,3087,9,376,104,2684,8,27,57,601,64,1256,65,1857,California
Modoc,2021-03-10,6,3093,3,379,2,2686,1,28,4,604,2,1258,5,1862,California
Modoc,2021-03-11,164,3257,0,379,79,2765,85,113,15,555,149,1407,100,1962,California
Modoc,2021-03-12,7,3264,0,379,4,2769,3,116,4,559,3,1410,7,1969,California
Modoc,2021-03-13,5,3269,0,379,2,2771,3,119,2,561,3,1413,5,1974,California
Modoc,2021-03-14,1,3270,0,379,0,2771,1,120,0,561,1,1414,1,1975,California
Modoc,2021-03-15,11,3281,1,380,9,2780,1,121,10,571,1,1415,11,1986,California
Modoc,2021-03-16,148,3429,1,381,145,2925,2,123,33,491,115,1530,35,2021,California
Modoc,2021-03-17,13,3442,2,383,4,2929,7,130,2,489,11,1541,9,2030,California
Modoc,2021-03-18,58,3500,3,386,50,2979,5,135,28,492,30,1571,33,2063,California
Modoc,2021-03-19,3,3503,0,386,2,2981,1,136,0,490,3,1574,1,2064,California
Modoc,2021-03-20,4,3507,1,387,0,2981,3,139,0,489,4,1578,3,2067,California
Modoc,2021-03-21,4,3511,1,388,1,2982,2,141,2,491,2,1580,4,2071,California
Modoc,2021-03-22,16,3527,1,389,9,2991,6,147,10,501,6,1586,16,2087,California
Modoc,2021-03-23,32,3559,3,392,27,3018,2,149,25,521,7,1593,27,2114,California
Modoc,2021-03-24,28,3587,1,393,18,3036,9,158,2,506,26,1619,11,2125,California
Modoc,2021-03-25,61,3648,2,395,57,3093,2,160,29,505,32,1651,31,2156,California
Modoc,2021-03-26,6,3654,2,397,1,3094,3,163,1,504,5,1656,4,2160,California
Modoc,2021-03-27,2,3656,0,397,1,3095,1,164,1,505,1,1657,2,2162,California
Modoc,2021-03-28,1,3657,0,397,0,3095,1,165,0,505,1,1658,1,2163,California
Modoc,2021-03-29,12,3669,0,397,4,3099,8,173,4,509,8,1666,12,2175,California
Modoc,2021-03-30,54,3723,9,406,39,3138,6,179,21,506,33,1699,30,2205,California
Modoc,2021-03-31,10,3733,4,410,2,3140,4,183,4,508,6,1705,8,2213,California
Modoc,2021-04-01,168,3901,2,412,161,3301,5,188,32,423,136,1841,51,2264,California
Modoc,2021-04-02,3,3904,0,412,0,3301,3,191,0,423,3,1844,3,2267,California
Modoc,2021-04-03,5,3909,3,415,0,3301,2,193,3,426,2,1846,5,2272,California
Mono,2020-12-18,1,1,1,1,0,0,0,0,1,1,0,0,1,1,California
Mono,2020-12-19,5,6,5,6,0,0,0,0,5,6,0,0,5,6,California
Mono,2020-12-20,7,13,7,13,0,0,0,0,7,13,0,0,7,13,California
Mono,2020-12-21,24,37,17,30,7,7,0,0,24,37,0,0,24,37,California
Mono,2020-12-22,66,103,65,95,1,8,0,0,66,103,0,0,66,103,California
Mono,2020-12-23,70,173,42,137,28,36,0,0,70,173,0,0,70,173,California
Mono,2020-12-24,3,176,1,138,2,38,0,0,3,176,0,0,3,176,California
Mono,2020-12-26,3,179,3,141,0,38,0,0,3,179,0,0,3,179,California
Mono,2020-12-28,94,273,63,204,31,69,0,0,94,273,0,0,94,273,California
Mono,2020-12-29,29,302,29,233,0,69,0,0,29,302,0,0,29,302,California
Mono,2020-12-30,76,378,35,268,41,110,0,0,76,378,0,0,76,378,California
Mono,2020-12-31,4,382,1,269,3,113,0,0,4,382,0,0,4,382,California
Mono,2021-01-01,3,385,3,272,0,113,0,0,3,385,0,0,3,385,California
Mono,2021-01-02,1,386,1,273,0,113,0,0,1,386,0,0,1,386,California
Mono,2021-01-04,1,387,0,273,1,114,0,0,1,387,0,0,1,387,California
Mono,2021-01-05,45,432,2,275,43,157,0,0,44,430,1,1,44,431,California
Mono,2021-01-06,44,476,0,275,44,201,0,0,44,474,0,1,44,475,California
Mono,2021-01-07,56,532,4,279,52,253,0,0,55,528,1,2,55,530,California
Mono,2021-01-08,2,534,1,280,1,254,0,0,1,528,1,3,1,531,California
Mono,2021-01-09,4,538,4,284,0,254,0,0,0,524,4,7,0,531,California
Mono,2021-01-10,5,543,5,289,0,254,0,0,0,519,5,12,0,531,California
Mono,2021-01-11,7,550,4,293,3,257,0,0,3,518,4,16,3,534,California
Mono,2021-01-12,283,833,76,369,207,464,0,0,218,672,64,80,218,752,California
Mono,2021-01-13,235,1068,74,443,161,625,0,0,180,797,55,135,180,932,California
Mono,2021-01-14,75,1143,73,516,2,627,0,0,75,872,0,135,75,1007,California
Mono,2021-01-15,60,1203,2,518,58,685,0,0,60,932,0,135,60,1067,California
Mono,2021-01-16,4,1207,3,521,1,686,0,0,1,930,3,138,1,1068,California
Mono,2021-01-18,63,1270,54,575,9,695,0,0,2,871,61,199,2,1070,California
Mono,2021-01-19,209,1479,207,782,2,697,0,0,172,1006,37,236,172,1242,California
Mono,2021-01-20,233,1712,203,985,30,727,0,0,172,1117,61,297,172,1414,California
Mono,2021-01-21,3,1715,3,988,0,727,0,0,3,1120,0,297,3,1417,California
Mono,2021-01-22,4,1719,0,988,4,731,0,0,4,1124,0,297,4,1421,California
Mono,2021-01-23,601,2320,601,1589,0,731,0,0,601,1725,0,297,601,2022,California
Mono,2021-01-25,208,2528,170,1759,38,769,0,0,169,1857,39,336,171,2193,California
Mono,2021-01-26,512,3040,510,2269,2,771,0,0,508,2361,4,340,508,2701,California
Mono,2021-01-27,5,3045,1,2270,4,775,0,0,5,2366,0,340,5,2706,California
Mono,2021-01-28,6,3051,2,2272,4,779,0,0,2,2364,4,344,2,2708,California
Mono,2021-01-30,201,3252,199,2471,2,781,0,0,201,2565,0,344,201,2909,California
Mono,2021-01-31,242,3494,137,2608,105,886,0,0,138,2601,104,448,140,3049,California
Mono,2021-02-01,29,3523,28,2636,1,887,0,0,0,2573,28,476,0,3049,California
Mono,2021-02-02,5,3528,0,2636,5,892,0,0,2,2572,3,479,2,3051,California
Mono,2021-02-03,4,3532,1,2637,3,895,0,0,2,2572,2,481,2,3053,California
Mono,2021-02-04,213,3745,160,2797,53,948,0,0,90,2539,123,604,90,3143,California
Mono,2021-02-05,625,4370,619,3416,6,954,0,0,622,3158,3,607,622,3765,California
Mono,2021-02-06,140,4510,139,3555,1,955,0,0,138,3294,2,609,138,3903,California
Mono,2021-02-07,2,4512,0,3555,2,957,0,0,2,3296,0,609,2,3905,California
Mono,2021-02-08,172,4684,172,3727,0,957,0,0,16,3156,156,765,16,3921,California
Mono,2021-02-09,227,4911,5,3732,222,1179,0,0,15,2959,212,977,15,3936,California
Mono,2021-02-10,533,5444,187,3919,346,1525,0,0,191,2808,342,1319,191,4127,California
Mono,2021-02-11,6,5450,4,3923,2,1527,0,0,1,2804,5,1324,1,4128,California
Mono,2021-02-12,82,5532,17,3940,65,1592,0,0,24,2770,58,1382,24,4152,California
Mono,2021-02-13,593,6125,593,4533,0,1592,0,0,26,2229,567,1949,26,4178,California
Mono,2021-02-15,171,6296,169,4702,2,1594,0,0,4,2067,166,2115,4,4182,California
Mono,2021-02-16,531,6827,528,5230,3,1597,0,0,46,1629,484,2599,46,4228,California
Mono,2021-02-17,5,6832,2,5232,3,1600,0,0,2,1628,3,2602,2,4230,California
Mono,2021-02-18,1,6833,1,5233,0,1600,0,0,1,1629,0,2602,1,4231,California
Mono,2021-02-19,53,6886,52,5285,1,1601,0,0,53,1682,0,2602,53,4284,California
Mono,2021-02-20,4,6890,4,5289,0,1601,0,0,4,1686,0,2602,4,4288,California
Mono,2021-02-21,3,6893,3,5292,0,1601,0,0,3,1689,0,2602,3,4291,California
Mono,2021-02-22,284,7177,283,5575,1,1602,0,0,23,1452,260,2862,23,4314,California
Mono,2021-02-23,134,7311,115,5690,19,1621,0,0,21,1360,113,2975,21,4335,California
Mono,2021-02-24,6,7317,1,5691,5,1626,0,0,1,1356,5,2980,1,4336,California
Mono,2021-02-25,6,7323,3,5694,3,1629,0,0,3,1358,1,2981,3,4339,California
Mono,2021-02-26,603,7926,603,6297,0,1629,0,0,20,795,583,3564,20,4359,California
Mono,2021-02-27,142,8068,138,6435,4,1633,0,0,4,664,135,3699,4,4363,California
Mono,2021-02-28,2,8070,2,6437,0,1633,0,0,1,665,0,3699,1,4364,California
Mono,2021-03-01,1,8071,1,6438,0,1633,0,0,0,665,0,3699,0,4364,California
Mono,2021-03-02,6,8077,4,6442,2,1635,0,0,4,667,2,3701,4,4368,California
Mono,2021-03-03,83,8160,2,6444,81,1716,0,0,79,743,3,3704,79,4447,California
Mono,2021-03-04,6,8166,0,6444,6,1722,0,0,4,745,2,3706,4,4451,California
Mono,2021-03-05,30,8196,25,6469,5,1727,0,0,10,735,20,3726,10,4461,California
Mono,2021-03-06,322,8518,13,6482,309,2036,0,0,318,1050,3,3729,318,4779,California
Mono,2021-03-07,1,8519,0,6482,1,2037,0,0,0,1049,1,3730,0,4779,California
Mono,2021-03-08,454,8973,15,6497,436,2473,3,3,445,1488,9,3739,448,5227,California
Mono,2021-03-09,8,8981,3,6500,4,2477,1,4,5,1492,2,3741,6,5233,California
Mono,2021-03-10,285,9266,93,6593,191,2668,1,5,12,1233,272,4013,13,5246,California
Mono,2021-03-11,12,9278,0,6593,3,2671,9,14,2,1234,10,4023,11,5257,California
Mono,2021-03-12,9,9287,2,6595,2,2673,5,19,0,1230,9,4032,5,5262,California
Mono,2021-03-13,706,9993,335,6930,370,3043,1,20,697,1919,9,4041,698,5960,California
Mono,2021-03-14,4,9997,4,6934,0,3043,0,20,1,1917,3,4044,1,5961,California
Mono,2021-03-15,25,10022,20,6954,2,3045,3,23,12,1919,13,4057,15,5976,California
Mono,2021-03-16,17,10039,7,6961,4,3049,6,29,9,1926,8,4065,15,5991,California
Mono,2021-03-17,21,10060,4,6965,14,3063,3,32,16,1940,5,4070,19,6010,California
Mono,2021-03-18,18,10078,3,6968,8,3071,7,39,8,1945,10,4080,15,6025,California
Mono,2021-03-19,16,10094,1,6969,12,3083,3,42,13,1958,3,4083,16,6041,California
Mono,2021-03-20,3,10097,2,6971,0,3083,1,43,2,1960,1,4084,3,6044,California
Mono,2021-03-21,1,10098,1,6972,0,3083,0,43,1,1961,0,4084,1,6045,California
Mono,2021-03-22,13,10111,1,6973,6,3089,6,49,6,1966,7,4091,12,6057,California
Mono,2021-03-23,40,10151,5,6978,29,3118,6,55,17,1966,23,4114,23,6080,California
Mono,2021-03-24,14,10165,3,6981,7,3125,4,59,9,1974,5,4119,13,6093,California
Mono,2021-03-25,15,10180,1,6982,10,3135,4,63,9,1981,6,4125,13,6106,California
Mono,2021-03-26,22,10202,7,6989,10,3145,5,68,14,1992,8,4133,19,6125,California
Mono,2021-03-27,320,10522,315,7304,5,3150,0,68,296,2265,24,4157,297,6422,California
Mono,2021-03-28,3,10525,2,7306,1,3151,0,68,3,2268,0,4157,3,6425,California
Mono,2021-03-29,13,10538,5,7311,7,3158,1,69,10,2276,3,4160,11,6436,California
Mono,2021-03-30,19,10557,3,7314,12,3170,4,73,13,2287,6,4166,17,6453,California
Mono,2021-03-31,119,10676,8,7322,110,3280,1,74,44,2258,74,4240,45,6498,California
Mono,2021-04-01,8,10684,1,7323,7,3287,0,74,6,2262,2,4242,6,6504,California
Mono,2021-04-02,18,10702,4,7327,13,3300,1,75,11,2267,7,4249,12,6516,California
Mono,2021-04-03,722,11424,324,7651,397,3697,1,76,33,1714,688,4937,135,6651,California
Monterey,2020-12-16,4,4,4,4,0,0,0,0,4,4,0,0,4,4,California
Monterey,2020-12-17,81,85,81,85,0,0,0,0,81,85,0,0,81,85,California
Monterey,2020-12-18,481,566,481,566,0,0,0,0,481,566,0,0,481,566,California
Monterey,2020-12-19,579,1145,579,1145,0,0,0,0,579,1145,0,0,579,1145,California
Monterey,2020-12-20,422,1567,422,1567,0,0,0,0,422,1567,0,0,422,1567,California
Monterey,2020-12-21,721,2288,721,2288,0,0,0,0,721,2288,0,0,721,2288,California
Monterey,2020-12-22,537,2825,524,2812,13,13,0,0,537,2825,0,0,537,2825,California
Monterey,2020-12-23,433,3258,257,3069,176,189,0,0,433,3258,0,0,433,3258,California
Monterey,2020-12-24,82,3340,9,3078,73,262,0,0,82,3340,0,0,82,3340,California
Monterey,2020-12-25,6,3346,0,3078,6,268,0,0,6,3346,0,0,6,3346,California
Monterey,2020-12-26,92,3438,5,3083,87,355,0,0,92,3438,0,0,92,3438,California
Monterey,2020-12-27,6,3444,3,3086,3,358,0,0,6,3444,0,0,6,3444,California
Monterey,2020-12-28,478,3922,26,3112,452,810,0,0,478,3922,0,0,478,3922,California
Monterey,2020-12-29,901,4823,168,3280,733,1543,0,0,901,4823,0,0,901,4823,California
Monterey,2020-12-30,567,5390,97,3377,470,2013,0,0,567,5390,0,0,567,5390,California
Monterey,2020-12-31,34,5424,10,3387,24,2037,0,0,34,5424,0,0,34,5424,California
Monterey,2021-01-01,11,5435,2,3389,9,2046,0,0,11,5435,0,0,11,5435,California
Monterey,2021-01-02,136,5571,133,3522,3,2049,0,0,136,5571,0,0,136,5571,California
Monterey,2021-01-03,30,5601,29,3551,1,2050,0,0,30,5601,0,0,30,5601,California
Monterey,2021-01-04,412,6013,18,3569,394,2444,0,0,412,6013,0,0,412,6013,California
Monterey,2021-01-05,752,6765,326,3895,426,2870,0,0,738,6737,14,14,738,6751,California
Monterey,2021-01-06,654,7419,172,4067,482,3352,0,0,632,7347,22,36,632,7383,California
Monterey,2021-01-07,740,8159,569,4636,171,3523,0,0,418,7445,320,356,418,7801,California
Monterey,2021-01-08,1089,9248,736,5372,353,3876,0,0,395,7146,694,1050,395,8196,California
Monterey,2021-01-09,963,10211,935,6307,28,3904,0,0,313,6809,650,1700,313,8509,California
Monterey,2021-01-10,273,10484,270,6577,3,3907,0,0,7,6550,266,1966,7,8516,California
Monterey,2021-01-11,1062,11546,983,7560,79,3986,0,0,361,6210,701,2667,361,8877,California
Monterey,2021-01-12,463,12009,387,7947,76,4062,0,0,203,6153,260,2927,203,9080,California
Monterey,2021-01-13,1221,13230,592,8539,629,4691,0,0,1176,7284,45,2972,1176,10256,California
Monterey,2021-01-14,1045,14275,92,8631,953,5644,0,0,1027,8296,18,2990,1030,11286,California
Monterey,2021-01-15,1029,15304,39,8670,990,6634,0,0,1018,9303,11,3001,1018,12304,California
Monterey,2021-01-16,366,15670,300,8970,66,6700,0,0,360,9657,6,3007,360,12664,California
Monterey,2021-01-17,313,15983,291,9261,22,6722,0,0,300,9944,13,3020,300,12964,California
Monterey,2021-01-18,402,16385,50,9311,352,7074,0,0,380,10302,22,3042,380,13344,California
Monterey,2021-01-19,572,16957,394,9705,178,7252,0,0,415,10562,155,3197,415,13759,California
Monterey,2021-01-20,528,17485,266,9971,262,7514,0,0,325,10684,203,3400,325,14084,California
Monterey,2021-01-21,840,18325,92,10063,748,8262,0,0,731,11310,109,3509,735,14819,California
Monterey,2021-01-22,1048,19373,191,10254,857,9119,0,0,1009,12280,39,3548,1009,15828,California
Monterey,2021-01-23,236,19609,171,10425,65,9184,0,0,114,12273,121,3669,114,15942,California
Monterey,2021-01-24,58,19667,38,10463,20,9204,0,0,23,12261,35,3704,23,15965,California
Monterey,2021-01-25,779,20446,172,10635,607,9811,0,0,152,11795,620,4324,154,16119,California
Monterey,2021-01-26,920,21366,219,10854,701,10512,0,0,230,11335,690,5014,230,16349,California
Monterey,2021-01-27,856,22222,305,11159,551,11063,0,0,375,11229,481,5495,375,16724,California
Monterey,2021-01-28,2011,24233,740,11899,1271,12334,0,0,1671,12560,340,5835,1671,18395,California
Monterey,2021-01-29,1226,25459,706,12605,520,12854,0,0,1113,13562,112,5947,1114,19509,California
Monterey,2021-01-30,428,25887,281,12886,147,13001,0,0,180,13494,248,6195,180,19689,California
Monterey,2021-01-31,497,26384,74,12960,423,13424,0,0,484,13966,13,6208,485,20174,California
Monterey,2021-02-01,1656,28040,1145,14105,511,13935,0,0,1093,14497,562,6770,1093,21267,California
Monterey,2021-02-02,2143,30183,451,14556,1692,15627,0,0,1539,15432,604,7374,1539,22806,California
Monterey,2021-02-03,2325,32508,1048,15604,1277,16904,0,0,1552,16214,771,8145,1553,24359,California
Monterey,2021-02-04,2697,35205,2018,17622,679,17583,0,0,2438,18395,257,8402,2438,26797,California
Monterey,2021-02-05,3640,38845,2823,20445,817,18400,0,0,3210,21180,425,8827,3210,30007,California
Monterey,2021-02-06,1095,39940,380,20825,715,19115,0,0,751,21588,343,9170,751,30758,California
Monterey,2021-02-07,316,40256,272,21097,44,19159,0,0,95,21462,221,9391,95,30853,California
Monterey,2021-02-08,514,40770,287,21384,227,19386,0,0,430,21808,84,9475,430,31283,California
Monterey,2021-02-09,860,41630,681,22065,179,19565,0,0,550,22050,310,9785,552,31835,California
Monterey,2021-02-10,2010,43640,1040,23105,970,20535,0,0,1158,22356,852,10637,1158,32993,California
Monterey,2021-02-11,2491,46131,964,24069,1527,22062,0,0,1536,22952,953,11590,1549,34542,California
Monterey,2021-02-12,2584,48715,423,24492,2161,24223,0,0,1522,23414,1061,12651,1523,36065,California
Monterey,2021-02-13,1062,49777,44,24536,1018,25241,0,0,974,24300,88,12739,974,37039,California
Monterey,2021-02-14,585,50362,72,24608,513,25754,0,0,512,24739,73,12812,512,37551,California
Monterey,2021-02-15,1344,51706,139,24747,1205,26959,0,0,974,25344,369,13181,974,38525,California
Monterey,2021-02-16,1090,52796,245,24992,845,27804,0,0,869,25993,221,13402,870,39395,California
Monterey,2021-02-17,1902,54698,1139,26131,763,28567,0,0,1612,27318,288,13690,1613,41008,California
Monterey,2021-02-18,2200,56898,1164,27295,1036,29603,0,0,891,26919,1299,14989,900,41908,California
Monterey,2021-02-19,2928,59826,1533,28828,1395,30998,0,0,1342,26676,1585,16574,1342,43250,California
Monterey,2021-02-20,1000,60826,609,29437,391,31389,0,0,948,27573,51,16625,948,44198,California
Monterey,2021-02-21,1214,62040,1186,30623,28,31417,0,0,1163,28686,50,16675,1163,45361,California
Monterey,2021-02-22,938,62978,808,31431,130,31547,0,0,633,29015,304,16979,633,45994,California
Monterey,2021-02-23,948,63926,619,32050,329,31876,0,0,304,28675,644,17623,304,46298,California
Monterey,2021-02-24,2417,66343,1274,33324,1143,33019,0,0,1809,29882,604,18227,1811,48109,California
Monterey,2021-02-25,4313,70656,2386,35710,1927,34946,0,0,1424,28443,2884,21111,1445,49554,California
Monterey,2021-02-26,5229,75885,3086,38796,2143,37089,0,0,2605,28437,2620,23731,2614,52168,California
Monterey,2021-02-27,981,76866,170,38966,811,37900,0,0,794,29048,183,23914,794,52962,California
Monterey,2021-02-28,1520,78386,79,39045,1441,39341,0,0,1060,29652,456,24370,1060,54022,California
Monterey,2021-03-01,1271,79657,137,39182,1131,40472,3,3,739,29864,530,24900,742,54764,California
Monterey,2021-03-02,2700,82357,1708,40890,992,41464,0,3,1858,30885,837,25737,1858,56622,California
Monterey,2021-03-03,3015,85372,1214,42104,1801,43265,0,3,1134,30193,1877,27614,1185,57807,California
Monterey,2021-03-04,4427,89799,1411,43515,3016,46281,0,3,2933,31647,1491,29105,2945,60752,California
Monterey,2021-03-05,3059,92858,1317,44832,1485,47766,257,260,2461,33771,596,29701,2720,63472,California
Monterey,2021-03-06,4242,97100,622,45454,3382,51148,238,498,3410,36590,830,30531,3649,67121,California
Monterey,2021-03-07,499,97599,110,45564,163,51311,226,724,229,36776,269,30800,455,67576,California
Monterey,2021-03-08,1533,99132,318,45882,890,52201,325,1049,1055,37682,478,31278,1384,68960,California
Monterey,2021-03-09,1880,101012,686,46568,931,53132,263,1312,1404,38874,476,31754,1668,70628,California
Monterey,2021-03-10,2767,103779,860,47428,1492,54624,415,1727,1302,39138,1461,33215,1725,72353,California
Monterey,2021-03-11,3977,107756,1388,48816,2239,56863,350,2077,2260,40038,1711,34926,2611,74964,California
Monterey,2021-03-12,3747,111503,1815,50631,1838,58701,94,2171,2292,40970,1453,36379,2385,77349,California
Monterey,2021-03-13,3930,115433,940,51571,2648,61349,342,2513,2898,43182,1032,37411,3244,80593,California
Monterey,2021-03-14,1730,117163,1292,52863,414,61763,24,2537,382,42249,1340,38751,407,81000,California
Monterey,2021-03-15,3878,121041,1258,54121,2336,64099,284,2821,2204,43067,1671,40422,2489,83489,California
Monterey,2021-03-16,3386,124427,557,54678,2472,66571,357,3178,1999,44037,1386,41808,2356,85845,California
Monterey,2021-03-17,5504,129931,2244,56922,3014,69585,246,3424,3992,46775,1506,43314,4244,90089,California
Monterey,2021-03-18,3607,133538,1824,58746,1648,71233,135,3559,2475,48299,1127,44441,2651,92740,California
Monterey,2021-03-19,4353,137891,2209,60955,2025,73258,119,3678,3263,50597,1085,45526,3383,96123,California
Monterey,2021-03-20,2168,140059,354,61309,1394,74652,420,4098,1482,51818,681,46207,1902,98025,California
Monterey,2021-03-21,593,140652,193,61502,383,75035,17,4115,525,52293,67,46274,542,98567,California
Monterey,2021-03-22,2397,143049,1403,62905,935,75970,59,4174,2201,54362,191,46465,2260,100827,California
Monterey,2021-03-23,3916,146965,2330,65235,1543,77513,43,4217,2476,55449,1432,47897,2519,103346,California
Monterey,2021-03-24,4841,151806,2026,67261,2517,80030,298,4515,3545,58004,1289,49186,3844,107190,California
Monterey,2021-03-25,5063,156869,1206,68467,3499,83529,358,4873,2555,58426,2498,51684,2920,110110,California
Monterey,2021-03-26,5190,162059,2527,70994,2597,86126,66,4939,2796,58986,2386,54070,2946,113056,California
Monterey,2021-03-27,3856,165915,1356,72350,2243,88369,257,5196,2201,60172,1653,55723,2839,115895,California
Monterey,2021-03-28,1092,167007,334,72684,748,89117,10,5206,611,60321,478,56201,627,116522,California
Monterey,2021-03-29,3173,170180,1427,74111,1729,90846,17,5223,1954,61088,1212,57413,1979,118501,California
Monterey,2021-03-30,4389,174569,2103,76214,2247,93093,39,5262,2703,62165,1677,59090,2754,121255,California
Monterey,2021-03-31,5065,179634,2338,78552,1950,95043,777,6039,3249,64402,1814,60904,4051,125306,California
Monterey,2021-04-01,5893,185527,2013,80565,3495,98538,385,6424,2949,64832,2935,63839,3365,128671,California
Monterey,2021-04-02,4296,189823,1926,82491,2318,100856,52,6476,2967,66579,1326,65165,3073,131744,California
Monterey,2021-04-03,4338,194161,974,83465,3341,104197,23,6499,1003,64384,3296,68461,1101,132845,California
Monterey,2021-04-04,51,194212,35,83500,11,104208,5,6504,29,64396,22,68483,34,132879,California
Napa,2020-12-16,12,12,12,12,0,0,0,0,12,12,0,0,12,12,California
Napa,2020-12-17,44,56,44,56,0,0,0,0,44,56,0,0,44,56,California
Napa,2020-12-18,103,159,103,159,0,0,0,0,103,159,0,0,103,159,California
Napa,2020-12-19,221,380,221,380,0,0,0,0,221,380,0,0,221,380,California
Napa,2020-12-20,190,570,190,570,0,0,0,0,190,570,0,0,190,570,California
Napa,2020-12-21,307,877,307,877,0,0,0,0,308,878,0,0,308,878,California
Napa,2020-12-22,336,1213,327,1204,9,9,0,0,336,1214,0,0,336,1214,California
Napa,2020-12-23,428,1641,319,1523,109,118,0,0,428,1642,0,0,428,1642,California
Napa,2020-12-24,138,1779,77,1600,61,179,0,0,138,1780,0,0,138,1780,California
Napa,2020-12-25,1,1780,1,1601,0,179,0,0,1,1781,0,0,1,1781,California
Napa,2020-12-26,39,1819,11,1612,28,207,0,0,39,1820,0,0,39,1820,California
Napa,2020-12-27,32,1851,16,1628,16,223,0,0,32,1852,0,0,32,1852,California
Napa,2020-12-28,249,2100,184,1812,65,288,0,0,277,2129,0,0,277,2129,California
Napa,2020-12-29,271,2371,213,2025,58,346,0,0,305,2434,0,0,305,2434,California
Napa,2020-12-30,636,3007,490,2515,146,492,0,0,644,3078,0,0,644,3078,California
Napa,2020-12-31,466,3473,378,2893,88,580,0,0,466,3544,0,0,466,3544,California
Napa,2021-01-01,1,3474,1,2894,0,580,0,0,1,3545,0,0,1,3545,California
Napa,2021-01-02,100,3574,95,2989,5,585,0,0,100,3645,0,0,100,3645,California
Napa,2021-01-03,12,3586,10,2999,2,587,0,0,9,3654,0,0,9,3654,California
Napa,2021-01-04,105,3691,62,3061,43,630,0,0,105,3759,0,0,105,3759,California
Napa,2021-01-05,152,3843,85,3146,67,697,0,0,135,3870,24,24,135,3894,California
Napa,2021-01-06,455,4298,114,3260,341,1038,0,0,391,4199,62,86,391,4285,California
Napa,2021-01-07,484,4782,223,3483,261,1299,0,0,384,4484,99,185,384,4669,California
Napa,2021-01-08,442,5224,227,3710,215,1514,0,0,262,4567,179,364,262,4931,California
Napa,2021-01-09,305,5529,279,3989,26,1540,0,0,167,4596,138,502,167,5098,California
Napa,2021-01-10,185,5714,101,4090,84,1624,0,0,110,4631,75,577,110,5208,California
Napa,2021-01-11,875,6589,417,4507,458,2082,0,0,507,4770,368,945,507,5715,California
Napa,2021-01-12,1301,7890,371,4878,930,3012,0,0,986,5441,315,1260,986,6701,California
Napa,2021-01-13,1299,9189,260,5138,1039,4051,0,0,1140,6424,158,1418,1141,7842,California
Napa,2021-01-14,1050,10239,174,5312,876,4927,0,0,932,7240,116,1534,932,8774,California
Napa,2021-01-15,1450,11689,381,5693,1069,5996,0,0,1300,8383,158,1692,1301,10075,California
Napa,2021-01-16,357,12046,137,5830,220,6216,0,0,339,8704,18,1710,339,10414,California
Napa,2021-01-17,339,12385,176,6006,163,6379,0,0,330,9025,9,1719,330,10744,California
Napa,2021-01-18,1076,13461,194,6200,882,7261,0,0,984,9917,92,1811,984,11728,California
Napa,2021-01-19,1009,14470,404,6604,605,7866,0,0,769,10448,239,2050,770,12498,California
Napa,2021-01-20,823,15293,183,6787,640,8506,0,0,643,10913,178,2228,643,13141,California
Napa,2021-01-21,1339,16632,382,7169,957,9463,0,0,1079,11733,259,2487,1079,14220,California
Napa,2021-01-22,1500,18132,416,7585,1084,10547,0,0,1168,12571,331,2818,1169,15389,California
Napa,2021-01-23,395,18527,315,7900,80,10627,0,0,334,12844,61,2879,334,15723,California
Napa,2021-01-24,274,18801,198,8098,76,10703,0,0,216,13002,58,2937,216,15939,California
Napa,2021-01-25,1517,20318,230,8328,1287,11990,0,0,1428,14341,89,3026,1428,17367,California
Napa,2021-01-26,869,21187,277,8605,592,12582,0,0,775,15023,94,3120,776,18143,California
Napa,2021-01-27,622,21809,218,8823,404,12986,0,0,465,15332,156,3276,465,18608,California
Napa,2021-01-28,375,22184,164,8987,211,13197,0,0,195,15348,179,3455,195,18803,California
Napa,2021-01-29,252,22436,64,9051,188,13385,0,0,157,15410,95,3550,157,18960,California
Napa,2021-01-30,789,23225,680,9731,109,13494,0,0,646,15913,143,3693,646,19606,California
Napa,2021-01-31,653,23878,623,10354,30,13524,0,0,627,16514,26,3719,627,20233,California
Napa,2021-02-01,313,24191,110,10464,203,13727,0,0,160,16522,152,3871,160,20393,California
Napa,2021-02-02,584,24775,276,10740,308,14035,0,0,286,16512,296,4167,286,20679,California
Napa,2021-02-03,730,25505,310,11050,420,14455,0,0,424,16630,306,4473,424,21103,California
Napa,2021-02-04,787,26292,371,11421,416,14871,0,0,441,16728,343,4816,441,21544,California
Napa,2021-02-05,704,26996,314,11735,390,15261,0,0,337,16698,367,5183,337,21881,California
Napa,2021-02-06,430,27426,142,11877,288,15549,0,0,325,16918,105,5288,325,22206,California
Napa,2021-02-07,179,27605,166,12043,13,15562,0,0,75,16889,104,5392,75,22281,California
Napa,2021-02-08,835,28440,188,12231,647,16209,0,0,270,16597,563,5955,271,22552,California
Napa,2021-02-09,1073,29513,439,12670,634,16843,0,0,434,16392,639,6594,434,22986,California
Napa,2021-02-10,1676,31189,190,12860,1486,18329,0,0,448,15615,1225,7819,448,23434,California
Napa,2021-02-11,1498,32687,194,13054,1304,19633,0,0,414,14955,1075,8894,415,23849,California
Napa,2021-02-12,2156,34843,840,13894,1316,20949,0,0,721,14244,1432,10326,721,24570,California
Napa,2021-02-13,490,35333,51,13945,439,21388,0,0,313,14380,177,10503,313,24883,California
Napa,2021-02-14,321,35654,58,14003,263,21651,0,0,161,14381,160,10663,161,25044,California
Napa,2021-02-15,884,36538,188,14191,696,22347,0,0,227,13954,654,11317,227,25271,California
Napa,2021-02-16,1291,37829,598,14789,693,23040,0,0,617,13898,673,11990,617,25888,California
Napa,2021-02-17,1042,38871,525,15314,517,23557,0,0,473,13804,568,12558,474,26362,California
Napa,2021-02-18,1895,40766,481,15795,1414,24971,0,0,663,13237,1230,13788,663,27025,California
Napa,2021-02-19,1427,42193,583,16378,844,25815,0,0,674,13159,752,14540,674,27699,California
Napa,2021-02-20,820,43013,588,16966,232,26047,0,0,278,12895,542,15082,278,27977,California
Napa,2021-02-21,795,43808,734,17700,61,26108,0,0,196,12492,599,15681,196,28173,California
Napa,2021-02-22,438,44246,184,17884,254,26362,0,0,137,12328,301,15982,137,28310,California
Napa,2021-02-23,1097,45343,295,18179,802,27164,0,0,306,11843,791,16773,306,28616,California
Napa,2021-02-24,1151,46494,628,18807,523,27687,0,0,569,11833,580,17353,570,29186,California
Napa,2021-02-25,2501,48995,1204,20011,1297,28984,0,0,1794,12923,705,18058,1795,30981,California
Napa,2021-02-26,1486,50481,517,20528,969,29953,0,0,580,12599,904,18962,580,31561,California
Napa,2021-02-27,1046,51527,356,20884,690,30643,0,0,796,13148,247,19209,796,32357,California
Napa,2021-02-28,562,52089,460,21344,102,30745,0,0,458,13505,101,19310,458,32815,California
Napa,2021-03-01,1092,53181,811,22155,281,31026,0,0,830,14074,261,19571,830,33645,California
Napa,2021-03-02,1458,54639,1011,23166,447,31473,0,0,1125,14868,332,19903,1126,34771,California
Napa,2021-03-03,1384,56023,637,23803,747,32220,0,0,1218,15922,165,20068,1219,35990,California
Napa,2021-03-04,1531,57554,647,24450,884,33104,0,0,1317,17028,212,20280,1318,37308,California
Napa,2021-03-05,1752,59306,692,25142,1055,34159,5,5,1362,18008,388,20668,1368,38676,California
Napa,2021-03-06,583,59889,251,25393,303,34462,29,34,481,18417,101,20769,510,39186,California
Napa,2021-03-07,473,60362,275,25668,182,34644,16,50,363,18687,109,20878,379,39565,California
Napa,2021-03-08,672,61034,314,25982,318,34962,40,90,510,19077,160,21038,550,40115,California
Napa,2021-03-09,1585,62619,573,26555,969,35931,43,133,1161,19861,421,21459,1205,41320,California
Napa,2021-03-10,1425,64044,893,27448,436,36367,96,229,724,19984,698,22157,821,42141,California
Napa,2021-03-11,1781,65825,1035,28483,634,37001,112,341,897,20110,883,23040,1009,43150,California
Napa,2021-03-12,1385,67210,851,29334,452,37453,82,423,740,20290,644,23684,824,43974,California
Napa,2021-03-13,1049,68259,280,29614,745,38198,24,447,784,20834,265,23949,809,44783,California
Napa,2021-03-14,542,68801,310,29924,92,38290,140,587,206,20845,335,24284,346,45129,California
Napa,2021-03-15,937,69738,397,30321,471,38761,69,656,470,20920,464,24748,539,45668,California
Napa,2021-03-16,1716,71454,388,30709,1203,39964,125,781,1259,21851,454,25202,1385,47053,California
Napa,2021-03-17,2214,73668,1637,32346,437,40401,140,921,1401,22579,813,26015,1541,48594,California
Napa,2021-03-18,1598,75266,691,33037,897,41298,10,931,974,22941,622,26637,984,49578,California
Napa,2021-03-19,1120,76386,647,33684,453,41751,20,951,573,22989,545,27182,593,50171,California
Napa,2021-03-20,756,77142,345,34029,262,42013,149,1100,323,23028,433,27615,472,50643,California
Napa,2021-03-21,693,77835,667,34696,24,42037,2,1102,347,23033,344,27959,349,50992,California
Napa,2021-03-22,1059,78894,881,35577,167,42204,11,1113,462,22915,595,28554,477,51469,California
Napa,2021-03-23,1479,80373,820,36397,646,42850,13,1126,984,23422,493,29047,1000,52469,California
Napa,2021-03-24,1681,82054,928,37325,744,43594,9,1135,812,23409,867,29914,854,53323,California
Napa,2021-03-25,1547,83601,1048,38373,490,44084,9,1144,733,23454,814,30728,859,54182,California
Napa,2021-03-26,1226,84827,791,39164,429,44513,6,1150,538,23378,684,31412,608,54790,California
Napa,2021-03-27,875,85702,421,39585,426,44939,28,1178,301,23166,574,31986,362,55152,California
Napa,2021-03-28,471,86173,363,39948,102,45041,6,1184,172,23046,299,32285,179,55331,California
Napa,2021-03-29,1142,87315,840,40788,295,45336,7,1191,693,23308,447,32732,709,56040,California
Napa,2021-03-30,1718,89033,906,41694,806,46142,6,1197,953,23529,764,33496,985,57025,California
Napa,2021-03-31,1931,90964,949,42643,917,47059,65,1262,827,23382,1101,34597,954,57979,California
Napa,2021-04-01,1605,92569,767,43410,721,47780,117,1379,421,22781,1181,35778,580,58559,California
Napa,2021-04-02,1585,94154,743,44153,703,48483,139,1518,419,22219,1163,36941,601,59160,California
Napa,2021-04-03,574,94728,352,44505,190,48673,32,1550,205,22094,369,37310,244,59404,California
Napa,2021-04-04,165,94893,86,44591,50,48723,29,1579,49,22056,116,37426,78,59482,California
Nevada,2020-12-16,3,3,3,3,0,0,0,0,3,3,0,0,3,3,California
Nevada,2020-12-17,6,9,6,9,0,0,0,0,6,9,0,0,6,9,California
Nevada,2020-12-18,51,60,51,60,0,0,0,0,51,60,0,0,51,60,California
Nevada,2020-12-19,55,115,55,115,0,0,0,0,55,115,0,0,55,115,California
Nevada,2020-12-20,12,127,12,127,0,0,0,0,12,127,0,0,12,127,California
Nevada,2020-12-21,69,196,69,196,0,0,0,0,69,196,0,0,69,196,California
Nevada,2020-12-22,91,287,89,285,2,2,0,0,91,287,0,0,91,287,California
Nevada,2020-12-23,234,521,202,487,32,34,0,0,234,521,0,0,234,521,California
Nevada,2020-12-24,15,536,12,499,3,37,0,0,15,536,0,0,15,536,California
Nevada,2020-12-25,2,538,2,501,0,37,0,0,2,538,0,0,2,538,California
Nevada,2020-12-26,5,543,3,504,2,39,0,0,5,543,0,0,5,543,California
Nevada,2020-12-27,88,631,88,592,0,39,0,0,88,631,0,0,88,631,California
Nevada,2020-12-28,170,801,93,685,77,116,0,0,170,801,0,0,170,801,California
Nevada,2020-12-29,101,902,75,760,26,142,0,0,101,902,0,0,101,902,California
Nevada,2020-12-30,85,987,66,826,19,161,0,0,85,987,0,0,85,987,California
Nevada,2020-12-31,39,1026,9,835,30,191,0,0,39,1026,0,0,39,1026,California
Nevada,2021-01-01,1,1027,0,835,1,192,0,0,1,1027,0,0,1,1027,California
Nevada,2021-01-02,1,1028,1,836,0,192,0,0,1,1028,0,0,1,1028,California
Nevada,2021-01-03,129,1157,126,962,3,195,0,0,129,1157,0,0,129,1157,California
Nevada,2021-01-04,71,1228,47,1009,24,219,0,0,71,1228,0,0,71,1228,California
Nevada,2021-01-05,272,1500,130,1139,142,361,0,0,271,1498,1,1,271,1499,California
Nevada,2021-01-06,93,1593,44,1183,49,410,0,0,85,1575,8,9,85,1584,California
Nevada,2021-01-07,217,1810,43,1226,174,584,0,0,209,1779,6,15,210,1794,California
Nevada,2021-01-08,221,2031,127,1353,94,678,0,0,170,1898,51,66,170,1964,California
Nevada,2021-01-09,63,2094,56,1409,7,685,0,0,15,1865,48,114,15,1979,California
Nevada,2021-01-10,17,2111,9,1418,8,693,0,0,9,1866,8,122,9,1988,California
Nevada,2021-01-11,183,2294,130,1548,53,746,0,0,56,1795,127,249,56,2044,California
Nevada,2021-01-12,606,2900,458,2006,148,894,0,0,538,2265,68,317,538,2582,California
Nevada,2021-01-13,257,3157,144,2150,113,1007,0,0,122,2252,135,452,122,2704,California
Nevada,2021-01-14,229,3386,123,2273,106,1113,0,0,211,2446,17,469,211,2915,California
Nevada,2021-01-15,394,3780,170,2443,224,1337,0,0,296,2644,98,567,296,3211,California
Nevada,2021-01-16,292,4072,13,2456,279,1616,0,0,289,2930,3,570,289,3500,California
Nevada,2021-01-17,36,4108,32,2488,4,1620,0,0,33,2960,3,573,33,3533,California
Nevada,2021-01-18,148,4256,40,2528,108,1728,0,0,138,3088,10,583,138,3671,California
Nevada,2021-01-19,232,4488,83,2611,149,1877,0,0,213,3282,19,602,213,3884,California
Nevada,2021-01-20,258,4746,152,2763,106,1983,0,0,245,3514,13,615,245,4129,California
Nevada,2021-01-21,336,5082,207,2970,129,2112,0,0,323,3824,13,628,323,4452,California
Nevada,2021-01-22,341,5423,209,3179,132,2244,0,0,310,4103,31,659,310,4762,California
Nevada,2021-01-23,172,5595,104,3283,68,2312,0,0,172,4275,0,659,172,4934,California
Nevada,2021-01-24,105,5700,98,3381,7,2319,0,0,66,4302,39,698,66,5000,California
Nevada,2021-01-25,264,5964,136,3517,128,2447,0,0,203,4444,61,759,203,5203,California
Nevada,2021-01-26,397,6361,141,3658,256,2703,0,0,295,4637,102,861,295,5498,California
Nevada,2021-01-27,407,6768,241,3899,166,2869,0,0,383,4996,24,885,383,5881,California
Nevada,2021-01-28,458,7226,311,4210,147,3016,0,0,417,5372,41,926,417,6298,California
Nevada,2021-01-29,594,7820,391,4601,203,3219,0,0,572,5923,22,948,573,6871,California
Nevada,2021-01-30,231,8051,103,4704,128,3347,0,0,228,6148,3,951,228,7099,California
Nevada,2021-01-31,101,8152,85,4789,16,3363,0,0,101,6249,0,951,101,7200,California
Nevada,2021-02-01,292,8444,71,4860,221,3584,0,0,278,6513,14,965,278,7478,California
Nevada,2021-02-02,516,8960,172,5032,344,3928,0,0,321,6639,195,1160,321,7799,California
Nevada,2021-02-03,805,9765,566,5598,239,4167,0,0,752,7339,52,1212,752,8551,California
Nevada,2021-02-04,748,10513,400,5998,348,4515,0,0,500,7592,247,1459,500,9051,California
Nevada,2021-02-05,644,11157,363,6361,281,4796,0,0,455,7860,187,1646,455,9506,California
Nevada,2021-02-06,273,11430,85,6446,188,4984,0,0,246,8079,27,1673,246,9752,California
Nevada,2021-02-07,245,11675,189,6635,56,5040,0,0,191,8216,54,1727,191,9943,California
Nevada,2021-02-08,649,12324,410,7045,239,5279,0,0,551,8669,98,1825,551,10494,California
Nevada,2021-02-09,604,12928,339,7384,265,5544,0,0,466,8997,138,1963,466,10960,California
Nevada,2021-02-10,643,13571,321,7705,322,5866,0,0,414,9183,229,2192,415,11375,California
Nevada,2021-02-11,866,14437,505,8210,361,6227,0,0,538,9394,327,2519,538,11913,California
Nevada,2021-02-12,921,15358,431,8641,490,6717,0,0,608,9690,312,2831,608,12521,California
Nevada,2021-02-13,587,15945,232,8873,355,7072,0,0,385,9878,198,3029,386,12907,California
Nevada,2021-02-14,224,16169,117,8990,107,7179,0,0,194,10043,30,3059,195,13102,California
Nevada,2021-02-15,711,16880,444,9434,267,7446,0,0,544,10420,167,3226,544,13646,California
Nevada,2021-02-16,614,17494,199,9633,415,7861,0,0,455,10717,158,3384,455,14101,California
Nevada,2021-02-17,1178,18672,761,10394,417,8278,0,0,863,11265,315,3699,863,14964,California
Nevada,2021-02-18,998,19670,550,10944,448,8726,0,0,600,11469,396,4095,600,15564,California
Nevada,2021-02-19,1002,20672,630,11574,372,9098,0,0,648,11764,354,4449,649,16213,California
Nevada,2021-02-20,290,20962,101,11675,189,9287,0,0,170,11815,119,4568,170,16383,California
Nevada,2021-02-21,89,21051,83,11758,6,9293,0,0,12,11750,77,4645,12,16395,California
Nevada,2021-02-22,495,21546,329,12087,166,9459,0,0,349,11954,145,4790,349,16744,California
Nevada,2021-02-23,445,21991,200,12287,245,9704,0,0,205,11922,237,5027,205,16949,California
Nevada,2021-02-24,477,22468,240,12527,237,9941,0,0,253,11953,224,5251,255,17204,California
Nevada,2021-02-25,846,23314,462,12989,384,10325,0,0,417,11943,427,5678,417,17621,California
Nevada,2021-02-26,1228,24542,885,13874,343,10668,0,0,410,11538,815,6493,410,18031,California
Nevada,2021-02-27,345,24887,110,13984,235,10903,0,0,173,11540,172,6665,174,18205,California
Nevada,2021-02-28,256,25143,144,14128,112,11015,0,0,120,11524,136,6801,120,18325,California
Nevada,2021-03-01,808,25951,422,14550,386,11401,0,0,343,11403,464,7265,343,18668,California
Nevada,2021-03-02,685,26636,255,14805,430,11831,0,0,470,11663,211,7476,471,19139,California
Nevada,2021-03-03,901,27537,478,15283,423,12254,0,0,440,11643,460,7936,440,19579,California
Nevada,2021-03-04,1078,28615,605,15888,473,12727,0,0,446,11460,629,8565,446,20025,California
Nevada,2021-03-05,750,29365,406,16294,334,13061,10,10,331,11384,417,8982,341,20366,California
Nevada,2021-03-06,332,29697,113,16407,193,13254,26,36,122,11322,210,9192,148,20514,California
Nevada,2021-03-07,204,29901,108,16515,76,13330,20,56,62,11262,141,9333,81,20595,California
Nevada,2021-03-08,789,30690,534,17049,212,13542,43,99,345,11208,443,9776,389,20984,California
Nevada,2021-03-09,639,31329,302,17351,291,13833,46,145,351,11317,287,10063,396,21380,California
Nevada,2021-03-10,897,32226,581,17932,279,14112,37,182,286,11033,608,10671,324,21704,California
Nevada,2021-03-11,1034,33260,662,18594,345,14457,27,209,496,11023,533,11204,523,22227,California
Nevada,2021-03-12,1024,34284,661,19255,329,14786,34,243,415,10865,608,11812,450,22677,California
Nevada,2021-03-13,221,34505,54,19309,160,14946,7,250,97,10847,123,11935,105,22782,California
Nevada,2021-03-14,99,34604,19,19328,77,15023,3,253,23,10797,76,12011,26,22808,California
Nevada,2021-03-15,819,35423,439,19767,370,15393,10,263,333,10656,484,12495,343,23151,California
Nevada,2021-03-16,943,36366,434,20201,455,15848,54,317,604,10976,338,12833,658,23809,California
Nevada,2021-03-17,983,37349,424,20625,549,16397,10,327,552,11110,428,13261,562,24371,California
Nevada,2021-03-18,823,38172,453,21078,349,16746,21,348,397,11107,422,13683,419,24790,California
Nevada,2021-03-19,564,38736,333,21411,201,16947,30,378,250,11073,314,13997,280,25070,California
Nevada,2021-03-20,528,39264,82,21493,172,17119,274,652,142,11106,381,14378,414,25484,California
Nevada,2021-03-21,65,39329,33,21526,31,17150,1,653,46,11135,18,14396,47,25531,California
Nevada,2021-03-22,766,40095,488,22014,274,17424,4,657,512,11399,252,14648,516,26047,California
Nevada,2021-03-23,825,40920,381,22395,419,17843,25,682,622,11847,200,14848,648,26695,California
Nevada,2021-03-24,965,41885,520,22915,437,18280,8,690,604,12102,357,15205,612,27307,California
Nevada,2021-03-25,865,42750,430,23345,412,18692,23,713,475,12212,390,15595,500,27807,California
Nevada,2021-03-26,1069,43819,409,23754,629,19321,31,744,769,12720,298,15893,806,28613,California
Nevada,2021-03-27,544,44363,69,23823,460,19781,15,759,377,12949,166,16059,395,29008,California
Nevada,2021-03-28,168,44531,49,23872,108,19889,11,770,41,12875,126,16185,52,29060,California
Nevada,2021-03-29,791,45322,480,24352,287,20176,24,794,370,12851,419,16604,395,29455,California
Nevada,2021-03-30,1039,46361,475,24827,532,20708,32,826,548,12947,486,17090,582,30037,California
Nevada,2021-03-31,1122,47483,630,25457,474,21182,18,844,690,13243,424,17514,720,30757,California
Nevada,2021-04-01,1164,48647,681,26138,431,21613,52,896,515,13179,644,18158,580,31337,California
Nevada,2021-04-02,1170,49817,613,26751,520,22133,37,933,698,13450,471,18629,742,32079,California
Nevada,2021-04-03,256,50073,72,26823,150,22283,34,967,73,13376,183,18812,109,32188,California
Nevada,2021-04-04,4,50077,1,26824,2,22285,1,968,1,13375,3,18815,2,32190,California
Orange,2020-12-15,16,16,16,16,0,0,0,0,16,16,0,0,16,16,California
Orange,2020-12-16,365,381,365,381,0,0,0,0,365,381,0,0,365,381,California
Orange,2020-12-17,3712,4093,3712,4093,0,0,0,0,3711,4092,0,0,3711,4092,California
Orange,2020-12-18,5007,9100,5000,9093,7,7,0,0,5005,9097,0,0,5005,9097,California
Orange,2020-12-19,2196,11296,2189,11282,7,14,0,0,2195,11292,0,0,2195,11292,California
Orange,2020-12-20,1963,13259,1962,13244,1,15,0,0,1964,13256,0,0,1964,13256,California
Orange,2020-12-21,4218,17477,4212,17456,6,21,0,0,4218,17474,0,0,4218,17474,California
Orange,2020-12-22,3962,21439,3929,21385,33,54,0,0,3962,21436,0,0,3962,21436,California
Orange,2020-12-23,3538,24977,3189,24574,349,403,0,0,3540,24976,0,0,3540,24976,California
Orange,2020-12-24,1371,26348,1073,25647,298,701,0,0,1371,26347,0,0,1371,26347,California
Orange,2020-12-25,15,26363,10,25657,5,706,0,0,15,26362,0,0,15,26362,California
Orange,2020-12-26,1052,27415,422,26079,630,1336,0,0,1052,27414,0,0,1052,27414,California
Orange,2020-12-27,582,27997,275,26354,307,1643,0,0,582,27996,0,0,582,27996,California
Orange,2020-12-28,3532,31529,2563,28917,969,2612,0,0,3532,31528,0,0,3532,31528,California
Orange,2020-12-29,3553,35082,2560,31477,993,3605,0,0,3553,35081,0,0,3553,35081,California
Orange,2020-12-30,5105,40187,3549,35026,1556,5161,0,0,5105,40186,0,0,5105,40186,California
Orange,2020-12-31,1452,41639,757,35783,695,5856,0,0,1452,41638,0,0,1452,41638,California
Orange,2021-01-01,429,42068,239,36022,190,6046,0,0,428,42065,1,1,428,42066,California
Orange,2021-01-02,1402,43470,897,36919,505,6551,0,0,1402,43467,0,1,1402,43468,California
Orange,2021-01-03,561,44031,309,37228,252,6803,0,0,561,44028,0,1,561,44029,California
Orange,2021-01-04,2683,46714,1552,38780,1131,7934,0,0,2684,46711,1,2,2684,46713,California
Orange,2021-01-05,3491,50205,2284,41064,1207,9141,0,0,3080,49390,404,406,3083,49796,California
Orange,2021-01-06,4958,55163,3449,44513,1509,10650,0,0,3593,51631,1352,1758,3593,53389,California
Orange,2021-01-07,9199,64362,5128,49641,4071,14721,0,0,5649,53749,3537,5295,5655,59044,California
Orange,2021-01-08,9352,73714,5215,54856,4137,18858,0,0,5630,55670,3712,9007,5633,64677,California
Orange,2021-01-09,4963,78677,1725,56581,3238,22096,0,0,3689,58087,1273,10280,3690,68367,California
Orange,2021-01-10,4223,82900,1033,57614,3190,25286,0,0,3348,60565,874,11154,3352,71719,California
Orange,2021-01-11,9352,92252,4859,62473,4493,29779,0,0,5757,62725,3598,14752,5758,77477,California
Orange,2021-01-12,8740,100992,4702,67175,4038,33817,0,0,5284,64558,3452,18204,5285,82762,California
Orange,2021-01-13,10166,111158,4860,72035,5306,39123,0,0,6989,68381,3174,21378,6997,89759,California
Orange,2021-01-14,9877,121035,3757,75792,6120,45243,0,0,8295,75101,1580,22958,8300,98059,California
Orange,2021-01-15,10063,131098,2593,78385,7470,52713,0,0,9191,83418,879,23837,9196,107255,California
Orange,2021-01-16,8668,139766,2080,80465,6588,59301,0,0,8288,91330,380,24217,8292,115547,California
Orange,2021-01-17,8139,147905,1488,81953,6651,65952,0,0,7995,99189,143,24360,8002,123549,California
Orange,2021-01-18,9727,157632,4448,86401,5279,71231,0,0,7493,104447,2237,26597,7495,131044,California
Orange,2021-01-19,7435,165067,5395,91796,2040,73271,0,0,4813,106641,2623,29220,4817,135861,California
Orange,2021-01-20,8229,173296,5793,97589,2436,75707,0,0,5177,108772,3052,32272,5183,141044,California
Orange,2021-01-21,10801,184097,4792,102381,6009,81716,0,0,10011,118003,789,33061,10020,151064,California
Orange,2021-01-22,13523,197620,5068,107449,8455,90171,0,0,12703,129901,812,33873,12710,163774,California
Orange,2021-01-23,13089,210709,6168,113617,6921,97092,0,0,12125,141069,962,34835,12130,175904,California
Orange,2021-01-24,9790,220499,4276,117893,5514,102606,0,0,9476,150240,312,35147,9483,185387,California
Orange,2021-01-25,10377,230876,5821,123714,4556,107162,0,0,7671,155267,2698,37845,7725,193112,California
Orange,2021-01-26,11718,242594,7662,131376,4056,111218,0,0,9595,162743,2120,39965,9596,202708,California
Orange,2021-01-27,13322,255916,7956,139332,5366,116584,0,0,10671,170777,2640,42605,10674,213382,California
Orange,2021-01-28,12955,268871,7145,146477,5810,122394,0,0,11119,180080,1822,44427,11125,224507,California
Orange,2021-01-29,13508,282379,8372,154849,5136,127530,0,0,10680,187947,2817,47244,10684,235191,California
Orange,2021-01-30,12879,295258,4427,159276,8452,135982,0,0,12160,199402,706,47950,12161,247352,California
Orange,2021-01-31,13708,308966,4948,164224,8760,144742,0,0,13292,212283,413,48363,13294,260646,California
Orange,2021-02-01,13883,322849,5701,169925,8182,152924,0,0,11941,222304,1924,50287,11945,272591,California
Orange,2021-02-02,15306,338155,8334,178259,6972,159896,0,0,12597,232305,2599,52886,12600,285191,California
Orange,2021-02-03,16656,354811,12530,190789,4126,164022,0,0,13673,243075,2907,55793,13677,298868,California
Orange,2021-02-04,19657,374468,12824,203613,6833,170855,0,0,14613,252679,5013,60806,14617,313485,California
Orange,2021-02-05,20652,395120,11954,215567,8698,179553,0,0,14446,260958,6170,66976,14449,327934,California
Orange,2021-02-06,16281,411401,10767,226334,5514,185067,0,0,11051,267012,5215,72191,11269,339203,California
Orange,2021-02-07,11503,422904,8079,234413,3424,188491,0,0,7536,270763,3954,76145,7705,346908,California
Orange,2021-02-08,14761,437665,8474,242887,6287,194778,0,0,8818,273668,5915,82060,8820,355728,California
Orange,2021-02-09,17513,455178,11950,254837,5563,200341,0,0,10695,277621,6746,88806,10699,366427,California
Orange,2021-02-10,20819,475997,11114,265951,9705,210046,0,0,12665,282232,8061,96867,12672,379099,California
Orange,2021-02-11,21881,497878,11321,277272,10560,220606,0,0,12341,285195,9400,106267,12363,391462,California
Orange,2021-02-12,24661,522539,11880,289152,12781,233387,0,0,14597,289787,10013,116280,14605,406067,California
Orange,2021-02-13,21631,544170,11581,300733,10050,243437,0,0,11089,291184,10339,126619,11736,417803,California
Orange,2021-02-14,16130,560300,6565,307298,9565,253002,0,0,9527,294134,6580,133199,9530,427333,California
Orange,2021-02-15,17083,577383,7370,314668,9713,262715,0,0,8874,294847,8170,141369,8883,436216,California
Orange,2021-02-16,19858,597241,8942,323610,10916,273631,0,0,10748,296543,9076,150445,10772,446988,California
Orange,2021-02-17,17602,614843,9174,332784,8428,282059,0,0,9154,297320,8409,158854,9186,456174,California
Orange,2021-02-18,14599,629442,9585,342369,5014,287073,0,0,6779,296330,7779,166633,6789,462963,California
Orange,2021-02-19,17653,647095,10697,353066,6956,294029,0,0,6923,292574,10688,177321,6932,469895,California
Orange,2021-02-20,7179,654274,5385,358451,1794,295823,0,0,3564,292549,3599,180920,3574,473469,California
Orange,2021-02-21,4122,658396,3450,361901,672,296495,0,0,732,289914,3368,184288,733,474202,California
Orange,2021-02-22,9427,667823,7700,369601,1727,298222,0,0,3844,288218,5561,189849,3865,478067,California
Orange,2021-02-23,13083,680906,7108,376709,5975,304197,0,0,3574,282345,9461,199310,3588,481655,California
Orange,2021-02-24,20810,701716,12558,389267,8252,312449,0,0,5351,272312,15405,214715,5372,487027,California
Orange,2021-02-25,22345,724061,12050,401317,10295,322744,0,0,8016,266076,14276,228991,8040,495067,California
Orange,2021-02-26,27446,751507,13918,415235,13528,336272,0,0,11126,261002,16228,245219,11154,506221,California
Orange,2021-02-27,24824,776331,10040,425275,14782,351054,2,2,7267,250818,17470,262689,7286,513507,California
Orange,2021-02-28,18875,795206,7275,432550,11600,362654,0,2,4815,241674,13981,276670,4837,518344,California
Orange,2021-03-01,18113,813319,8278,440828,9833,372487,2,4,6991,237633,11067,287737,7026,525370,California
Orange,2021-03-02,14449,827768,7063,447891,7385,379872,1,5,8505,240259,5914,293651,8540,533910,California
Orange,2021-03-03,18641,846409,8816,456707,9824,389696,1,6,9591,240882,8990,302641,9613,543523,California
Orange,2021-03-04,19679,866088,11864,468571,7804,397500,11,17,10221,241710,9429,312070,10257,553780,California
Orange,2021-03-05,17574,883662,9448,478019,8082,405582,44,61,10816,245891,6735,318805,10916,564696,California
Orange,2021-03-06,18186,901848,10194,488213,7175,412757,817,878,9553,247682,8607,327412,10398,575094,California
Orange,2021-03-07,14074,915922,8059,496272,5650,418407,365,1243,8214,250453,5832,333244,8603,583697,California
Orange,2021-03-08,15502,931424,7166,503438,7166,425573,1170,2413,10048,256276,5424,338668,11247,594944,California
Orange,2021-03-09,19361,950785,8366,511804,8604,434177,2391,4804,11131,261621,8190,346858,13535,608479,California
Orange,2021-03-10,21247,972032,10506,522310,7789,441966,2952,7756,10715,264801,10494,357352,13674,622153,California
Orange,2021-03-11,27196,999228,14555,536865,8816,450782,3825,11581,12434,266477,14713,372065,16389,638542,California
Orange,2021-03-12,24974,1024202,12079,548944,9651,460433,3244,14825,12391,269602,12532,384597,15657,654199,California
Orange,2021-03-13,19503,1043705,7276,556220,9528,469961,2699,17524,9643,272128,9836,394433,12362,666561,California
Orange,2021-03-14,16327,1060032,7299,563519,6586,476547,2442,19966,10394,279075,5906,400339,12853,679414,California
Orange,2021-03-15,22639,1082671,9766,573285,12099,488646,774,20740,14302,285864,8301,408640,15090,694504,California
Orange,2021-03-16,26066,1108737,10882,584167,14928,503574,256,20996,16914,293962,9093,417733,17191,711695,California
Orange,2021-03-17,26502,1135239,13195,597362,12824,516398,483,21479,18879,305765,7577,425310,19380,731075,California
Orange,2021-03-18,22014,1157253,10925,608287,10933,527331,156,21635,17073,318111,4897,430207,17243,748318,California
Orange,2021-03-19,28213,1185466,15406,623693,12454,539785,353,21988,20999,332352,7135,437342,21376,769694,California
Orange,2021-03-20,20735,1206201,10986,634679,9587,549372,162,22150,17950,347731,2742,440084,18121,787815,California
Orange,2021-03-21,18088,1224289,10465,645144,6895,556267,728,22878,15408,361215,2659,442743,16143,803958,California
Orange,2021-03-22,22372,1246661,11557,656701,10501,566768,314,23192,18971,377173,3346,446089,19304,823262,California
Orange,2021-03-23,25597,1272258,13289,669990,11678,578446,630,23822,20600,393482,4936,451025,21245,844507,California
Orange,2021-03-24,28530,1300788,15871,685861,11795,590241,864,24686,21905,409702,6566,457591,22786,867293,California
Orange,2021-03-25,31156,1331944,16346,702207,14168,604409,642,25328,23944,427175,7153,464744,24626,891919,California
Orange,2021-03-26,33927,1365871,17463,719670,15632,620041,832,26160,24659,443619,9192,473936,25636,917555,California
Orange,2021-03-27,27497,1393368,12993,732663,14195,634236,309,26469,19909,456373,7527,481463,20281,937836,California
Orange,2021-03-28,24242,1417610,12532,745195,11644,645880,66,26535,18337,468944,5866,487329,18437,956273,California
Orange,2021-03-29,25873,1443483,11709,756904,13637,659517,527,27062,17701,479152,8112,495441,18320,974593,California
Orange,2021-03-30,29731,1473214,13555,770459,15847,675364,329,27391,21399,492708,8287,503728,21843,996436,California
Orange,2021-03-31,35820,1509034,18620,789079,16665,692029,535,27926,24223,506422,11537,515265,25251,1021687,California
Orange,2021-04-01,36971,1546005,19233,808312,16417,708446,1321,29247,24872,521293,12045,527310,26916,1048603,California
Orange,2021-04-02,36243,1582248,17733,826045,17123,725569,1387,30634,21997,531884,14182,541492,24773,1073376,California
Orange,2021-04-03,27352,1609600,14064,840109,12241,737810,1047,31681,15138,538081,12170,553662,18367,1091743,California
Orange,2021-04-04,10273,1619873,7109,847218,2810,740620,354,32035,3060,534578,7197,560859,3694,1095437,California
Placer,2020-12-15,29,29,29,29,0,0,0,0,29,29,0,0,29,29,California
Placer,2020-12-16,52,81,52,81,0,0,0,0,52,81,0,0,52,81,California
Placer,2020-12-17,141,222,141,222,0,0,0,0,141,222,0,0,141,222,California
Placer,2020-12-18,331,553,331,553,0,0,0,0,331,553,0,0,331,553,California
Placer,2020-12-19,248,801,248,801,0,0,0,0,248,801,0,0,248,801,California
Placer,2020-12-20,233,1034,233,1034,0,0,0,0,233,1034,0,0,233,1034,California
Placer,2020-12-21,495,1529,494,1528,1,1,0,0,495,1529,0,0,495,1529,California
Placer,2020-12-22,676,2205,670,2198,6,7,0,0,676,2205,0,0,676,2205,California
Placer,2020-12-23,741,2946,656,2854,85,92,0,0,741,2946,0,0,741,2946,California
Placer,2020-12-24,396,3342,345,3199,51,143,0,0,396,3342,0,0,396,3342,California
Placer,2020-12-26,159,3501,114,3313,45,188,0,0,159,3501,0,0,159,3501,California
Placer,2020-12-27,187,3688,163,3476,24,212,0,0,187,3688,0,0,187,3688,California
Placer,2020-12-28,665,4353,539,4015,126,338,0,0,665,4353,0,0,665,4353,California
Placer,2020-12-29,762,5115,514,4529,248,586,0,0,762,5115,0,0,762,5115,California
Placer,2020-12-30,727,5842,450,4979,277,863,0,0,725,5840,0,0,725,5840,California
Placer,2020-12-31,530,6372,344,5323,186,1049,0,0,530,6370,0,0,530,6370,California
Placer,2021-01-01,14,6386,10,5333,4,1053,0,0,14,6384,0,0,14,6384,California
Placer,2021-01-02,184,6570,152,5485,32,1085,0,0,184,6568,0,0,184,6568,California
Placer,2021-01-03,153,6723,78,5563,75,1160,0,0,153,6721,0,0,153,6721,California
Placer,2021-01-04,615,7338,176,5739,439,1599,0,0,615,7336,0,0,615,7336,California
Placer,2021-01-05,713,8051,156,5895,557,2156,0,0,631,7886,81,81,631,7967,California
Placer,2021-01-06,754,8805,242,6137,512,2668,0,0,614,8360,140,221,614,8581,California
Placer,2021-01-07,979,9784,364,6501,615,3283,0,0,776,8935,203,424,778,9359,California
Placer,2021-01-08,1181,10965,526,7027,655,3938,0,0,854,9465,324,748,854,10213,California
Placer,2021-01-09,446,11411,318,7345,128,4066,0,0,231,9482,214,962,231,10444,California
Placer,2021-01-10,326,11737,184,7529,142,4208,0,0,162,9480,164,1126,162,10606,California
Placer,2021-01-11,1424,13161,808,8337,616,4824,0,0,834,9725,590,1716,835,11441,California
Placer,2021-01-12,1639,14800,868,9205,771,5595,0,0,1034,10155,605,2321,1035,12476,California
Placer,2021-01-13,1625,16425,818,10023,807,6402,0,0,1209,10953,414,2735,1212,13688,California
Placer,2021-01-14,1735,18160,650,10673,1085,7487,0,0,1379,11980,353,3088,1380,15068,California
Placer,2021-01-15,1905,20065,721,11394,1184,8671,0,0,1552,13184,352,3440,1556,16624,California
Placer,2021-01-16,1472,21537,722,12116,750,9421,0,0,1350,14413,122,3562,1351,17975,California
Placer,2021-01-17,561,22098,395,12511,166,9587,0,0,429,14710,132,3694,429,18404,California
Placer,2021-01-18,977,23075,540,13051,437,10024,0,0,748,15230,229,3923,749,19153,California
Placer,2021-01-19,2556,25631,1949,15000,607,10631,0,0,2107,16889,449,4372,2108,21261,California
Placer,2021-01-20,2241,27872,1690,16690,551,11182,0,0,1913,18475,328,4700,1914,23175,California
Placer,2021-01-21,2523,30395,1112,17802,1411,12593,0,0,2128,20210,394,5094,2129,25304,California
Placer,2021-01-22,2269,32664,588,18390,1681,14274,0,0,2093,22132,174,5268,2096,27400,California
Placer,2021-01-23,1186,33850,378,18768,808,15082,0,0,1031,23008,155,5423,1031,28431,California
Placer,2021-01-24,507,34357,266,19034,241,15323,0,0,432,23366,75,5498,433,28864,California
Placer,2021-01-25,1645,36002,797,19831,848,16171,0,0,1364,24450,281,5779,1365,30229,California
Placer,2021-01-26,1827,37829,1025,20856,802,16973,0,0,1563,25749,264,6043,1563,31792,California
Placer,2021-01-27,1814,39643,1158,22014,656,17629,0,0,1573,27083,239,6282,1573,33365,California
Placer,2021-01-28,1775,41418,1108,23122,667,18296,0,0,1533,28374,242,6524,1533,34898,California
Placer,2021-01-29,1840,43258,1156,24278,684,18980,0,0,1653,29843,186,6710,1655,36553,California
Placer,2021-01-30,1718,44976,968,25246,750,19730,0,0,1601,31328,116,6826,1601,38154,California
Placer,2021-01-31,780,45756,623,25869,157,19887,0,0,709,31968,70,6896,710,38864,California
Placer,2021-02-01,2058,47814,1088,26957,970,20857,0,0,1750,33412,306,7202,1750,40614,California
Placer,2021-02-02,2364,50178,1542,28499,822,21679,0,0,1884,34818,478,7680,1884,42498,California
Placer,2021-02-03,2900,53078,1870,30369,1030,22709,0,0,2287,36496,609,8289,2287,44785,California
Placer,2021-02-04,2749,55827,1176,31545,1573,24282,0,0,1930,37610,817,9106,1931,46716,California
Placer,2021-02-05,2720,58547,1204,32749,1516,25798,0,0,1391,37678,1323,10429,1391,48107,California
Placer,2021-02-06,1925,60472,1290,34039,635,26433,0,0,1379,38511,546,10975,1379,49486,California
Placer,2021-02-07,1217,61689,908,34947,309,26742,0,0,939,39174,277,11252,940,50426,California
Placer,2021-02-08,3295,64984,1764,36711,1531,28273,0,0,1973,39833,1314,12566,1973,52399,California
Placer,2021-02-09,3529,68513,2164,38875,1365,29638,0,0,1622,39549,1906,14472,1622,54021,California
Placer,2021-02-10,3733,72246,2183,41058,1550,31188,0,0,1745,39311,1985,16457,1747,55768,California
Placer,2021-02-11,3610,75856,1890,42948,1720,32908,0,0,1576,38862,2026,18483,1577,57345,California
Placer,2021-02-12,2744,78600,1313,44261,1431,34339,0,0,1661,39456,1067,19550,1661,59006,California
Placer,2021-02-13,2535,81135,1495,45756,1040,35379,0,0,1883,40687,652,20202,1883,60889,California
Placer,2021-02-14,1072,82207,679,46435,393,35772,0,0,731,41080,338,20540,731,61620,California
Placer,2021-02-15,2144,84351,1036,47471,1108,36880,0,0,1491,41919,653,21193,1492,63112,California
Placer,2021-02-16,3522,87873,1789,49260,1733,38613,0,0,1583,41576,1928,23121,1585,64697,California
Placer,2021-02-17,3441,91314,1958,51218,1483,40096,0,0,1450,41038,1988,25109,1450,66147,California
Placer,2021-02-18,3595,94909,1950,53168,1645,41741,0,0,1502,40456,2084,27193,1502,67649,California
Placer,2021-02-19,3524,98433,1892,55060,1632,43373,0,0,1309,39554,2212,29405,1310,68959,California
Placer,2021-02-20,1945,100378,1212,56272,733,44106,0,0,861,39339,1079,30484,864,69823,California
Placer,2021-02-21,949,101327,726,56998,223,44329,0,0,260,38914,686,31170,261,70084,California
Placer,2021-02-22,2476,103803,1751,58749,725,45054,0,0,588,37616,1886,33056,588,70672,California
Placer,2021-02-23,2481,106284,1550,60299,931,45985,0,0,868,36874,1610,34666,868,71540,California
Placer,2021-02-24,3183,109467,1152,61451,2031,48016,0,0,1750,37201,1425,36091,1752,73292,California
Placer,2021-02-25,3383,112850,1387,62838,1996,50012,0,0,1778,37385,1599,37690,1783,75075,California
Placer,2021-02-26,4006,116856,2369,65207,1637,51649,0,0,2308,38001,1693,39383,2309,77384,California
Placer,2021-02-27,2778,119634,1466,66673,1312,52961,0,0,1441,38112,1331,40714,1442,78826,California
Placer,2021-02-28,1380,121014,792,67465,588,53549,0,0,573,37884,801,41515,573,79399,California
Placer,2021-03-01,2940,123954,1975,69440,965,54514,0,0,1499,37948,1436,42951,1500,80899,California
Placer,2021-03-02,2792,126746,1754,71194,1038,55552,0,0,1834,38834,952,43903,1838,82737,California
Placer,2021-03-03,2974,129720,1290,72484,1684,57236,0,0,1575,39015,1394,45297,1575,84312,California
Placer,2021-03-04,3165,132885,1202,73686,1963,59199,0,0,1624,39108,1531,46828,1624,85936,California
Placer,2021-03-05,2572,135457,802,74488,1749,60948,21,21,1493,39547,1076,47904,1515,87451,California
Placer,2021-03-06,2223,137680,1392,75880,760,61708,71,92,793,38988,1425,49329,866,88317,California
Placer,2021-03-07,1259,138939,745,76625,480,62188,34,126,502,38770,754,50083,536,88853,California
Placer,2021-03-08,2702,141641,1719,78344,880,63068,103,229,1496,39166,1204,51287,1600,90453,California
Placer,2021-03-09,3000,144641,1603,79947,1304,64372,93,322,1676,39615,1321,52608,1770,92223,California
Placer,2021-03-10,3006,147647,1221,81168,1704,66076,81,403,1496,39686,1505,54113,1576,93799,California
Placer,2021-03-11,3288,150935,1464,82632,1706,67782,118,521,1518,39561,1764,55877,1639,95438,California
Placer,2021-03-12,3250,154185,1371,84003,1170,68952,709,1230,1051,39128,2195,58072,1762,97200,California
Placer,2021-03-13,1885,156070,701,84704,1074,70026,110,1340,1053,39463,829,58901,1164,98364,California
Placer,2021-03-14,1474,157544,661,85365,683,70709,130,1470,838,39796,634,59535,967,99331,California
Placer,2021-03-15,3021,160565,1453,86818,1440,72149,128,1598,1630,40173,1383,60918,1760,101091,California
Placer,2021-03-16,3404,163969,1808,88626,1460,73609,136,1734,2151,41217,1243,62161,2287,103378,California
Placer,2021-03-17,3170,167139,1601,90227,1476,75085,93,1827,2017,42180,1149,63310,2112,105490,California
Placer,2021-03-18,3044,170183,1675,91902,1334,76419,35,1862,2181,43536,860,64170,2216,107706,California
Placer,2021-03-19,2776,172959,1694,93596,861,77280,221,2083,1710,44407,1060,65230,1931,109637,California
Placer,2021-03-20,1443,174402,641,94237,746,78026,56,2139,857,44737,584,65814,914,110551,California
Placer,2021-03-21,1201,175603,571,94808,623,78649,7,2146,918,45381,281,66095,925,111476,California
Placer,2021-03-22,3127,178730,1994,96802,1033,79682,100,2246,2060,46484,1063,67158,2166,113642,California
Placer,2021-03-23,3336,182066,1970,98772,1279,80961,87,2333,2361,47962,970,68128,2448,116090,California
Placer,2021-03-24,3579,185645,1918,100690,1563,82524,98,2431,1836,48206,1730,69858,1974,118064,California
Placer,2021-03-25,3632,189277,1741,102431,1799,84323,92,2523,1638,48029,1984,71842,1807,119871,California
Placer,2021-03-26,3616,192893,1615,104046,1781,86104,220,2743,1536,47841,2071,73913,1883,121754,California
Placer,2021-03-27,1566,194459,455,104501,1090,87194,21,2764,663,47648,899,74812,706,122460,California
Placer,2021-03-28,1029,195488,470,104971,548,87742,11,2775,353,47338,674,75486,364,122824,California
Placer,2021-03-29,3310,198798,1839,106810,1439,89181,32,2807,1583,47251,1714,77200,1627,124451,California
Placer,2021-03-30,3718,202516,1956,108766,1717,90898,45,2852,1933,47475,1773,78973,1997,126448,California
Placer,2021-03-31,3856,206372,1748,110514,2035,92933,73,2925,1623,47071,2228,81201,1824,128272,California
Placer,2021-04-01,2585,208957,1281,111795,1263,94196,41,2966,1407,47469,1175,82376,1573,129845,California
Placer,2021-04-02,2524,211481,1305,113100,1159,95355,60,3026,1465,48060,1054,83430,1645,131490,California
Placer,2021-04-03,1609,213090,796,113896,712,96067,101,3127,755,48102,845,84275,887,132377,California
Placer,2021-04-04,303,213393,163,114059,125,96192,15,3142,38,47896,262,84537,56,132433,California
Plumas,2020-12-18,4,4,4,4,0,0,0,0,4,4,0,0,4,4,California
Plumas,2020-12-19,1,5,1,5,0,0,0,0,1,5,0,0,1,5,California
Plumas,2020-12-21,45,50,45,50,0,0,0,0,45,50,0,0,45,50,California
Plumas,2020-12-22,92,142,92,142,0,0,0,0,92,142,0,0,92,142,California
Plumas,2020-12-23,50,192,50,192,0,0,0,0,50,192,0,0,50,192,California
Plumas,2020-12-24,6,198,6,198,0,0,0,0,6,198,0,0,6,198,California
Plumas,2020-12-28,8,206,0,198,8,8,0,0,8,206,0,0,8,206,California
Plumas,2020-12-29,32,238,22,220,10,18,0,0,32,238,0,0,32,238,California
Plumas,2020-12-30,22,260,1,221,21,39,0,0,22,260,0,0,22,260,California
Plumas,2020-12-31,4,264,1,222,3,42,0,0,4,264,0,0,4,264,California
Plumas,2021-01-04,9,273,3,225,6,48,0,0,9,273,0,0,9,273,California
Plumas,2021-01-05,23,296,2,227,21,69,0,0,22,295,0,0,22,295,California
Plumas,2021-01-06,125,421,6,233,119,188,0,0,125,420,0,0,125,420,California
Plumas,2021-01-07,55,476,2,235,53,241,0,0,54,473,1,1,54,474,California
Plumas,2021-01-08,12,488,5,240,7,248,0,0,8,477,4,5,8,482,California
Plumas,2021-01-09,2,490,2,242,0,248,0,0,1,477,1,6,1,483,California
Plumas,2021-01-11,59,549,50,292,9,257,0,0,12,442,47,53,12,495,California
Plumas,2021-01-12,154,703,86,378,68,325,0,0,70,428,84,137,70,565,California
Plumas,2021-01-13,55,758,50,428,5,330,0,0,9,391,46,183,9,574,California
Plumas,2021-01-14,96,854,14,442,82,412,0,0,91,477,5,188,91,665,California
Plumas,2021-01-15,62,916,7,449,55,467,0,0,60,535,2,190,60,725,California
Plumas,2021-01-16,58,974,1,450,57,524,0,0,58,593,0,190,58,783,California
Plumas,2021-01-18,3,977,2,452,1,525,0,0,3,596,0,190,3,786,California
Plumas,2021-01-19,37,1014,6,458,31,556,0,0,33,625,4,194,33,819,California
Plumas,2021-01-20,121,1135,3,461,118,674,0,0,119,742,2,196,119,938,California
Plumas,2021-01-21,112,1247,2,463,110,784,0,0,112,854,0,196,112,1050,California
Plumas,2021-01-22,3,1250,0,463,3,787,0,0,3,857,0,196,3,1053,California
Plumas,2021-01-23,92,1342,1,464,91,878,0,0,92,949,0,196,92,1145,California
Plumas,2021-01-24,1,1343,1,465,0,878,0,0,1,950,0,196,1,1146,California
Plumas,2021-01-25,8,1351,5,470,3,881,0,0,5,952,3,199,5,1151,California
Plumas,2021-01-26,60,1411,2,472,58,939,0,0,52,996,8,207,52,1203,California
Plumas,2021-01-27,25,1436,20,492,5,944,0,0,5,981,20,227,5,1208,California
Plumas,2021-01-28,23,1459,0,492,23,967,0,0,21,1000,2,229,21,1229,California
Plumas,2021-01-29,7,1466,2,494,5,972,0,0,6,1005,1,230,6,1235,California
Plumas,2021-01-30,7,1473,4,498,3,975,0,0,6,1010,1,231,6,1241,California
Plumas,2021-01-31,3,1476,3,501,0,975,0,0,3,1013,0,231,3,1244,California
Plumas,2021-02-01,15,1491,2,503,13,988,0,0,7,1012,8,239,7,1251,California
Plumas,2021-02-02,20,1511,1,504,19,1007,0,0,1,994,19,258,1,1252,California
Plumas,2021-02-03,126,1637,5,509,121,1128,0,0,12,893,113,371,12,1264,California
Plumas,2021-02-04,102,1739,8,517,94,1222,0,0,23,837,79,450,23,1287,California
Plumas,2021-02-05,25,1764,11,528,14,1236,0,0,9,830,16,466,9,1296,California
Plumas,2021-02-06,8,1772,1,529,7,1243,0,0,8,838,0,466,8,1304,California
Plumas,2021-02-08,17,1789,9,538,8,1251,0,0,4,829,13,479,4,1308,California
Plumas,2021-02-09,170,1959,1,539,169,1420,0,0,111,881,59,538,111,1419,California
Plumas,2021-02-10,91,2050,8,547,83,1503,0,0,83,956,8,546,83,1502,California
Plumas,2021-02-11,321,2371,6,553,315,1818,0,0,262,1159,59,605,262,1764,California
Plumas,2021-02-12,121,2492,3,556,118,1936,0,0,117,1272,4,609,117,1881,California
Plumas,2021-02-13,72,2564,3,559,69,2005,0,0,13,1226,59,668,13,1894,California
Plumas,2021-02-14,7,2571,4,563,3,2008,0,0,7,1233,0,668,7,1901,California
Plumas,2021-02-15,25,2596,3,566,22,2030,0,0,24,1256,1,669,24,1925,California
Plumas,2021-02-16,74,2670,4,570,70,2100,0,0,13,1208,61,730,13,1938,California
Plumas,2021-02-17,136,2806,5,575,131,2231,0,0,11,1094,125,855,11,1949,California
Plumas,2021-02-18,126,2932,6,581,120,2351,0,0,18,1004,108,963,18,1967,California
Plumas,2021-02-19,39,2971,3,584,36,2387,0,0,5,975,34,997,5,1972,California
Plumas,2021-02-20,103,3074,6,590,97,2484,0,0,11,894,92,1089,11,1983,California
Plumas,2021-02-21,6,3080,5,595,1,2485,0,0,2,892,4,1093,2,1985,California
Plumas,2021-02-22,3,3083,1,596,2,2487,0,0,0,889,3,1096,0,1985,California
Plumas,2021-02-23,20,3103,3,599,17,2504,0,0,13,895,7,1103,13,1998,California
Plumas,2021-02-24,453,3556,5,604,448,2952,0,0,443,1328,10,1113,443,2441,California
Plumas,2021-02-25,226,3782,7,611,219,3171,0,0,166,1434,60,1173,166,2607,California
Plumas,2021-02-26,259,4041,5,616,254,3425,0,0,255,1685,4,1177,255,2862,California
Plumas,2021-02-27,42,4083,6,622,36,3461,0,0,34,1711,8,1185,34,2896,California
Plumas,2021-02-28,1,4084,0,622,1,3462,0,0,1,1712,0,1185,1,2897,California
Plumas,2021-03-01,11,4095,4,626,7,3469,0,0,7,1715,4,1189,7,2904,California
Plumas,2021-03-02,9,4104,0,626,9,3478,0,0,6,1718,3,1192,6,2910,California
Plumas,2021-03-03,137,4241,8,634,129,3607,0,0,124,1829,13,1205,124,3034,California
Plumas,2021-03-04,219,4460,8,642,211,3818,0,0,199,2008,20,1225,199,3233,California
Plumas,2021-03-05,375,4835,5,647,364,4182,6,6,365,2369,10,1235,371,3604,California
Plumas,2021-03-06,16,4851,1,648,7,4189,8,14,3,2367,13,1248,11,3615,California
Plumas,2021-03-07,10,4861,1,649,1,4190,8,22,1,2367,9,1257,9,3624,California
Plumas,2021-03-08,33,4894,6,655,3,4193,24,46,6,2370,27,1284,30,3654,California
Plumas,2021-03-09,130,5024,2,657,115,4308,13,59,17,2287,113,1397,30,3684,California
Plumas,2021-03-10,199,5223,2,659,195,4503,2,61,75,2240,124,1521,77,3761,California
Plumas,2021-03-11,157,5380,5,664,147,4650,5,66,122,2332,35,1556,127,3888,California
Plumas,2021-03-12,526,5906,3,667,276,4926,247,313,17,2087,509,2065,264,4152,California
Plumas,2021-03-13,21,5927,5,672,4,4930,12,325,3,2085,18,2083,16,4168,California
Plumas,2021-03-14,11,5938,2,674,4,4934,5,330,2,2083,9,2092,7,4175,California
Plumas,2021-03-15,30,5968,1,675,23,4957,6,336,5,2069,25,2117,11,4186,California
Plumas,2021-03-16,28,5996,3,678,24,4981,1,337,18,2078,10,2127,19,4205,California
Plumas,2021-03-17,80,6076,13,691,66,5047,1,338,67,2133,13,2140,68,4273,California
Plumas,2021-03-18,50,6126,5,696,30,5077,15,353,7,2112,43,2183,22,4295,California
Plumas,2021-03-19,126,6252,1,697,124,5201,1,354,120,2229,5,2188,122,4417,California
Plumas,2021-03-20,16,6268,4,701,11,5212,1,355,10,2234,6,2194,11,4428,California
Plumas,2021-03-21,2,6270,2,703,0,5212,0,355,2,2236,0,2194,2,4430,California
Plumas,2021-03-22,160,6430,4,707,156,5368,0,355,153,2382,7,2201,153,4583,California
Plumas,2021-03-23,25,6455,1,708,24,5392,0,355,13,2383,12,2213,13,4596,California
Plumas,2021-03-24,608,7063,7,715,600,5992,1,356,181,2138,427,2640,182,4778,California
Plumas,2021-03-25,187,7250,6,721,179,6171,2,358,48,2047,139,2779,48,4826,California
Plumas,2021-03-26,312,7562,8,729,303,6474,1,359,46,1829,266,3045,48,4874,California
Plumas,2021-03-27,12,7574,1,730,10,6484,1,360,4,1826,8,3053,5,4879,California
Plumas,2021-03-28,3,7577,1,731,1,6485,1,361,1,1826,2,3055,2,4881,California
Plumas,2021-03-29,16,7593,5,736,9,6494,2,363,4,1820,12,3067,6,4887,California
Plumas,2021-03-30,148,7741,4,740,143,6637,1,364,23,1728,125,3192,33,4920,California
Plumas,2021-03-31,275,8016,5,745,269,6906,1,365,255,1964,20,3212,256,5176,California
Plumas,2021-04-01,284,8300,9,754,275,7181,0,365,57,1820,227,3439,83,5259,California
Plumas,2021-04-02,169,8469,5,759,163,7344,1,366,22,1707,140,3579,27,5286,California
Plumas,2021-04-03,18,8487,2,761,8,7352,8,374,5,1707,13,3592,13,5299,California
Plumas,2021-04-04,1,8488,1,762,0,7352,0,374,0,1706,1,3593,0,5299,California
Riverside,2020-12-15,4,4,4,4,0,0,0,0,4,4,0,0,4,4,California
Riverside,2020-12-16,65,69,65,69,0,0,0,0,65,69,0,0,65,69,California
Riverside,2020-12-17,803,872,803,872,0,0,0,0,803,872,0,0,803,872,California
Riverside,2020-12-18,1723,2595,1721,2593,2,2,0,0,1723,2595,0,0,1723,2595,California
Riverside,2020-12-19,1021,3616,1019,3612,2,4,0,0,1019,3613,1,1,1019,3614,California
Riverside,2020-12-20,1082,4698,1081,4693,1,5,0,0,1082,4695,0,1,1082,4696,California
Riverside,2020-12-21,2271,6969,2269,6962,2,7,0,0,2271,6966,0,1,2271,6967,California
Riverside,2020-12-22,2245,9214,2206,9168,39,46,0,0,2244,9210,0,1,2244,9211,California
Riverside,2020-12-23,2119,11333,1783,10951,336,382,0,0,2120,11330,0,1,2120,11331,California
Riverside,2020-12-24,827,12160,624,11575,203,585,0,0,827,12157,0,1,827,12158,California
Riverside,2020-12-25,28,12188,5,11580,23,608,0,0,28,12185,0,1,28,12186,California
Riverside,2020-12-26,402,12590,258,11838,144,752,0,0,402,12587,0,1,402,12588,California
Riverside,2020-12-27,362,12952,244,12082,118,870,0,0,362,12949,0,1,362,12950,California
Riverside,2020-12-28,1621,14573,1124,13206,497,1367,0,0,1621,14570,0,1,1621,14571,California
Riverside,2020-12-29,1735,16308,970,14176,765,2132,0,0,1735,16305,0,1,1735,16306,California
Riverside,2020-12-30,2563,18871,1678,15854,885,3017,0,0,2562,18867,0,1,2562,18868,California
Riverside,2020-12-31,1019,19890,395,16249,624,3641,0,0,1021,19888,0,1,1021,19889,California
Riverside,2021-01-01,99,19989,35,16284,64,3705,0,0,99,19987,0,1,99,19988,California
Riverside,2021-01-02,826,20815,690,16974,136,3841,0,0,826,20813,0,1,826,20814,California
Riverside,2021-01-03,344,21159,298,17272,46,3887,0,0,343,21156,0,1,343,21157,California
Riverside,2021-01-04,1253,22412,793,18065,460,4347,0,0,1253,22409,0,1,1253,22410,California
Riverside,2021-01-05,1979,24391,1361,19426,618,4965,0,0,1882,24200,91,92,1882,24292,California
Riverside,2021-01-06,2460,26851,1096,20522,1364,6329,0,0,2154,26053,302,394,2155,26447,California
Riverside,2021-01-07,2752,29603,1810,22332,942,7271,0,0,1693,26697,1055,1449,1699,28146,California
Riverside,2021-01-08,4022,33625,2926,25258,1096,8367,0,0,2220,27120,1798,3247,2221,30367,California
Riverside,2021-01-09,2075,35700,846,26104,1229,9596,0,0,1730,28507,343,3590,1730,32097,California
Riverside,2021-01-10,1660,37360,732,26836,928,10524,0,0,1057,28961,603,4193,1057,33154,California
Riverside,2021-01-11,4493,41853,3089,29925,1404,11928,0,0,2767,30006,1724,5917,2769,35923,California
Riverside,2021-01-12,3389,45242,2717,32642,672,12600,0,0,1706,30035,1678,7595,1707,37630,California
Riverside,2021-01-13,4378,49620,2867,35509,1511,14111,0,0,2780,31220,1595,9190,2780,40410,California
Riverside,2021-01-14,5432,55052,1857,37366,3575,17686,0,0,4848,35484,584,9774,4848,45258,California
Riverside,2021-01-15,6126,61178,2092,39458,4034,21720,0,0,5837,41034,288,10062,5838,51096,California
Riverside,2021-01-16,3617,64795,1015,40473,2602,24322,0,0,3371,44160,246,10308,3372,54468,California
Riverside,2021-01-17,3600,68395,579,41052,3021,27343,0,0,3405,47371,194,10502,3405,57873,California
Riverside,2021-01-18,3702,72097,2004,43056,1698,29041,0,0,2698,49065,1004,11506,2698,60571,California
Riverside,2021-01-19,7384,79481,2633,45689,4751,33792,0,0,6268,54220,1116,12622,6271,66842,California
Riverside,2021-01-20,7945,87426,2860,48549,5085,38877,0,0,6468,59222,1468,14090,6470,73312,California
Riverside,2021-01-21,8203,95629,3363,51912,4840,43717,0,0,7589,66195,616,14706,7589,80901,California
Riverside,2021-01-22,8674,104303,2964,54876,5710,49427,0,0,8244,74011,429,15135,8245,89146,California
Riverside,2021-01-23,5927,110230,2394,57270,3533,52960,0,0,5201,78487,726,15861,5202,94348,California
Riverside,2021-01-24,3039,113269,1431,58701,1608,54568,0,0,2828,81107,209,16070,2829,97177,California
Riverside,2021-01-25,7857,121126,4534,63235,3323,57891,0,0,6734,86727,1121,17191,6741,103918,California
Riverside,2021-01-26,9072,130198,5721,68956,3351,61242,0,0,7565,92793,1505,18696,7571,111489,California
Riverside,2021-01-27,10500,140698,6182,75138,4318,65560,0,0,8998,100294,1499,20195,9000,120489,California
Riverside,2021-01-28,11384,152082,6709,81847,4675,70235,0,0,10233,109386,1143,21338,10235,130724,California
Riverside,2021-01-29,11835,163917,7225,89072,4610,74845,0,0,10470,118523,1338,22676,10475,141199,California
Riverside,2021-01-30,9031,172948,4600,93672,4431,79276,0,0,8583,126662,446,23122,8585,149784,California
Riverside,2021-01-31,5164,178112,4262,97934,902,80178,0,0,5036,131576,125,23247,5039,154823,California
Riverside,2021-02-01,10818,188930,6686,104620,4132,84310,0,0,9049,138865,1764,25011,9053,163876,California
Riverside,2021-02-02,9396,198326,4775,109395,4621,88931,0,0,7922,145323,1467,26478,7925,171801,California
Riverside,2021-02-03,12021,210347,4988,114383,7033,95964,0,0,9796,152905,2214,28692,9796,181597,California
Riverside,2021-02-04,13547,223894,6069,120452,7478,103442,0,0,11462,162298,2078,30770,11471,193068,California
Riverside,2021-02-05,14314,238208,5400,125852,8914,112356,0,0,11286,170570,3021,33791,11293,204361,California
Riverside,2021-02-06,7255,245463,4281,130133,2974,115330,0,0,5628,174580,1621,35412,5631,209992,California
Riverside,2021-02-07,2204,247667,812,130945,1392,116722,0,0,1893,176163,311,35723,1894,211886,California
Riverside,2021-02-08,12467,260134,5536,136481,6931,123653,0,0,10192,184102,2257,37980,10196,222082,California
Riverside,2021-02-09,9653,269787,4518,140999,5135,128788,0,0,7745,189954,1899,39879,7751,229833,California
Riverside,2021-02-10,12030,281817,6998,147997,5032,133820,0,0,8931,195803,3090,42969,8939,238772,California
Riverside,2021-02-11,16494,298311,9026,157023,7468,141288,0,0,12149,203640,4326,47295,12163,250935,California
Riverside,2021-02-12,17640,315951,10819,167842,6821,148109,0,0,12806,211662,4796,52091,12818,263753,California
Riverside,2021-02-13,6314,322265,2116,169958,4198,152307,0,0,3078,211543,3220,55311,3101,266854,California
Riverside,2021-02-14,4947,327212,1146,171104,3801,156108,0,0,2194,210989,2749,58060,2195,269049,California
Riverside,2021-02-15,9794,337006,4985,176089,4809,160917,0,0,5400,212009,4387,62447,5407,274456,California
Riverside,2021-02-16,16149,353155,10162,186251,5987,166904,0,0,9307,214499,6834,69281,9324,283780,California
Riverside,2021-02-17,14970,368125,8181,194432,6789,173693,0,0,7550,214648,7408,76689,7557,291337,California
Riverside,2021-02-18,15403,383528,8880,203312,6523,180216,0,0,8000,215273,7386,84075,8011,299348,California
Riverside,2021-02-19,15201,398729,8177,211489,7024,187240,0,0,7185,214475,7997,92072,7199,306547,California
Riverside,2021-02-20,7918,406647,4128,215617,3790,191030,0,0,2054,210682,5850,97922,2057,308604,California
Riverside,2021-02-21,3321,409968,2818,218435,503,191533,0,0,1030,209431,2281,100203,1030,309634,California
Riverside,2021-02-22,12201,422169,7619,226054,4582,196115,0,0,5046,207337,7145,107348,5051,314685,California
Riverside,2021-02-23,11061,433230,7551,233605,3510,199625,0,0,5435,207176,5603,112951,5442,320127,California
Riverside,2021-02-24,14710,447940,8045,241650,6665,206290,0,0,6408,205357,8261,121212,6442,326569,California
Riverside,2021-02-25,17084,465024,7289,248939,9795,216085,0,0,7955,204239,9109,130321,7991,334560,California
Riverside,2021-02-26,18178,483202,6682,255621,11496,227581,0,0,9071,204292,9054,139375,9107,343667,California
Riverside,2021-02-27,11270,494472,4896,260517,6374,233955,0,0,5647,204381,5591,144966,5680,349347,California
Riverside,2021-02-28,4630,499102,3005,263522,1625,235580,0,0,2417,204604,2203,147169,2426,351773,California
Riverside,2021-03-01,14101,513203,6021,269543,8079,243659,1,1,8320,207235,5753,152922,8384,360157,California
Riverside,2021-03-02,14698,527901,7219,276762,7478,251137,1,2,8710,210026,5959,158881,8750,368907,California
Riverside,2021-03-03,16124,544025,7895,284657,8229,259366,0,2,6779,207639,9300,168181,6913,375820,California
Riverside,2021-03-04,15208,559233,5601,290258,9603,268969,4,6,7374,207367,7792,175973,7520,383340,California
Riverside,2021-03-05,14992,574225,6216,296474,8742,277711,34,40,7683,208098,7264,183237,7995,391335,California
Riverside,2021-03-06,8117,582342,4197,300671,3487,281198,433,473,4166,208789,3938,187175,4629,395964,California
Riverside,2021-03-07,3925,586267,2636,303307,917,282115,372,845,1861,208977,2056,189231,2244,398208,California
Riverside,2021-03-08,9822,596089,4467,307774,4990,287105,365,1210,4107,207787,5701,194932,4511,402719,California
Riverside,2021-03-09,12576,608665,5913,313687,6215,293320,448,1658,5029,205847,7532,202464,5592,408311,California
Riverside,2021-03-10,12636,621301,6384,320071,5462,298782,790,2448,5005,204175,7599,210063,5927,414238,California
Riverside,2021-03-11,16128,637429,7945,328016,6721,305503,1462,3910,6286,202287,9811,219874,7923,422161,California
Riverside,2021-03-12,17478,654907,6656,334672,6821,312324,4001,7911,5730,200554,11724,231598,9991,432152,California
Riverside,2021-03-13,6751,661658,1937,336609,3739,316063,1075,8986,3583,202145,3154,234752,4745,436897,California
Riverside,2021-03-14,3651,665309,1245,337854,1162,317225,1244,10230,1615,202975,2029,236781,2859,439756,California
Riverside,2021-03-15,17919,683228,7598,345452,8709,325934,1612,11842,8610,204014,9276,246057,10315,450071,California
Riverside,2021-03-16,20244,703472,9701,355153,9706,335640,837,12679,10810,206353,9382,255439,11721,461792,California
Riverside,2021-03-17,20020,723492,10374,365527,8628,344268,1018,13697,11717,210877,8274,263713,12798,474590,California
Riverside,2021-03-18,18433,741925,9653,375180,7286,351554,1494,15191,9904,213798,8490,272203,11411,486001,California
Riverside,2021-03-19,20027,761952,10879,386059,8249,359803,899,16090,11628,218123,8360,280563,12685,498686,California
Riverside,2021-03-20,7908,769860,4855,390914,2081,361884,972,17062,4983,221176,2905,283468,5958,504644,California
Riverside,2021-03-21,3495,773355,2727,393641,534,362418,234,17296,2375,222680,1110,284578,2614,507258,California
Riverside,2021-03-22,16070,789425,9578,403219,5956,368374,536,17832,10165,227519,5868,290446,10707,517965,California
Riverside,2021-03-23,17946,807371,10100,413319,7440,375814,406,18238,11510,233088,6381,296827,11950,529915,California
Riverside,2021-03-24,17981,825352,9962,423281,7889,383703,130,18368,12399,240097,5544,302371,12553,542468,California
Riverside,2021-03-25,20328,845680,11153,434434,8993,392696,182,18550,13700,247538,6572,308943,14013,556481,California
Riverside,2021-03-26,23218,868898,11371,445805,11690,404386,157,18707,14449,253599,8686,317629,14747,571228,California
Riverside,2021-03-27,8697,877595,4402,450207,3271,407657,1024,19731,4346,254689,4334,321963,5424,576652,California
Riverside,2021-03-28,4467,882062,2867,453074,1512,409169,88,19819,2660,255669,1800,323763,2780,579432,California
Riverside,2021-03-29,14910,896972,7412,460486,7381,416550,117,19936,9511,260027,5369,329132,9727,589159,California
Riverside,2021-03-30,16077,913049,7821,468307,8054,424604,202,20138,10457,265153,5587,334719,10713,599872,California
Riverside,2021-03-31,16397,929446,7373,475680,8738,433342,286,20424,10587,270374,5767,340486,10988,610860,California
Riverside,2021-04-01,22711,952157,10799,486479,11584,444926,328,20752,15352,279020,7316,347802,15962,626822,California
Riverside,2021-04-02,22821,974978,12105,498584,10253,455179,463,21215,14524,286704,8249,356051,15933,642755,California
Riverside,2021-04-03,7423,982401,4698,503282,2497,457676,228,21443,5052,289883,2357,358408,5536,648291,California
Riverside,2021-04-04,1134,983535,723,504005,305,457981,106,21549,492,289847,638,359046,602,648893,California
Sacramento,2020-12-15,314,314,314,314,0,0,0,0,314,314,0,0,314,314,California
Sacramento,2020-12-16,645,959,645,959,0,0,0,0,645,959,0,0,645,959,California
Sacramento,2020-12-17,648,1607,648,1607,0,0,0,0,648,1607,0,0,648,1607,California
Sacramento,2020-12-18,971,2578,968,2575,3,3,0,0,971,2578,0,0,971,2578,California
Sacramento,2020-12-19,615,3193,615,3190,0,3,0,0,615,3193,0,0,615,3193,California
Sacramento,2020-12-20,633,3826,633,3823,0,3,0,0,633,3826,0,0,633,3826,California
Sacramento,2020-12-21,1672,5498,1671,5494,1,4,0,0,1673,5499,0,0,1673,5499,California
Sacramento,2020-12-22,2095,7593,2064,7558,31,35,0,0,2095,7594,0,0,2095,7594,California
Sacramento,2020-12-23,2239,9832,2075,9633,164,199,0,0,2239,9833,0,0,2239,9833,California
Sacramento,2020-12-24,1044,10876,832,10465,212,411,0,0,1043,10875,1,1,1043,10876,California
Sacramento,2020-12-25,1,10877,0,10465,1,412,0,0,1,10876,0,1,1,10877,California
Sacramento,2020-12-26,508,11385,291,10756,217,629,0,0,508,11384,0,1,508,11385,California
Sacramento,2020-12-27,349,11734,247,11003,102,731,0,0,349,11733,0,1,349,11734,California
Sacramento,2020-12-28,1899,13633,1321,12324,578,1309,0,0,1898,13630,1,2,1898,13632,California
Sacramento,2020-12-29,1943,15576,1185,13509,758,2067,0,0,1943,15573,0,2,1943,15575,California
Sacramento,2020-12-30,2556,18132,1462,14971,1094,3161,0,0,2557,18130,0,2,2557,18132,California
Sacramento,2020-12-31,1216,19348,690,15661,526,3687,0,0,1216,19346,0,2,1216,19348,California
Sacramento,2021-01-01,69,19417,60,15721,9,3696,0,0,69,19415,0,2,69,19417,California
Sacramento,2021-01-02,566,19983,362,16083,204,3900,0,0,566,19981,0,2,566,19983,California
Sacramento,2021-01-03,409,20392,221,16304,188,4088,0,0,409,20390,0,2,409,20392,California
Sacramento,2021-01-04,1965,22357,848,17152,1117,5205,0,0,1961,22348,3,5,1961,22353,California
Sacramento,2021-01-05,2197,24554,988,18140,1209,6414,0,0,1850,23850,348,353,1850,24203,California
Sacramento,2021-01-06,2728,27282,1630,19770,1098,7512,0,0,1952,25029,773,1126,1952,26155,California
Sacramento,2021-01-07,2821,30103,1506,21276,1315,8827,0,0,1957,26125,862,1988,1958,28113,California
Sacramento,2021-01-08,3278,33381,2087,23363,1191,10018,0,0,2245,27341,1030,3018,2246,30359,California
Sacramento,2021-01-09,1287,34668,800,24163,487,10505,0,0,897,27850,388,3406,897,31256,California
Sacramento,2021-01-10,1242,35910,711,24874,531,11036,0,0,771,28152,470,3876,772,32028,California
Sacramento,2021-01-11,4326,40236,2939,27813,1387,12423,0,0,2407,28642,1918,5794,2408,34436,California
Sacramento,2021-01-12,4396,44632,3021,30834,1375,13798,0,0,2438,29123,1957,7751,2438,36874,California
Sacramento,2021-01-13,3764,48396,2160,32994,1604,15402,0,0,2352,30065,1411,9162,2353,39227,California
Sacramento,2021-01-14,4570,52966,2346,35340,2224,17626,0,0,3652,32803,914,10076,3652,42879,California
Sacramento,2021-01-15,4392,57358,2269,37609,2123,19749,0,0,3665,35746,725,10801,3668,46547,California
Sacramento,2021-01-16,2091,59449,1293,38902,798,20547,0,0,1874,37403,217,11018,1874,48421,California
Sacramento,2021-01-17,1633,61082,952,39854,681,21228,0,0,1456,38684,177,11195,1458,49879,California
Sacramento,2021-01-18,2847,63929,1763,41617,1084,22312,0,0,2324,40486,523,11718,2325,52204,California
Sacramento,2021-01-19,4599,68528,3050,44667,1549,23861,0,0,3338,42569,1261,12979,3344,55548,California
Sacramento,2021-01-20,4750,73278,2813,47480,1937,25798,0,0,3546,44912,1206,14185,3549,59097,California
Sacramento,2021-01-21,5168,78446,2982,50462,2186,27984,0,0,4205,48161,957,15142,4206,63303,California
Sacramento,2021-01-22,4958,83404,2637,53099,2321,30305,0,0,4653,52511,303,15445,4653,67956,California
Sacramento,2021-01-23,3722,87126,1557,54656,2165,32470,0,0,3268,55325,454,15899,3268,71224,California
Sacramento,2021-01-24,1551,88677,974,55630,577,33047,0,0,1314,56402,237,16136,1314,72538,California
Sacramento,2021-01-25,4337,93014,2112,57742,2225,35272,0,0,2920,57910,1417,17553,2925,75463,California
Sacramento,2021-01-26,4675,97689,2128,59870,2547,37819,0,0,3474,60189,1199,18752,3478,78941,California
Sacramento,2021-01-27,5783,103472,3043,62913,2740,40559,0,0,4182,62776,1597,20349,4184,83125,California
Sacramento,2021-01-28,5328,108800,2700,65613,2628,43187,0,0,4244,65938,1083,21432,4245,87370,California
Sacramento,2021-01-29,5356,114156,2928,68541,2428,45615,0,0,4340,69271,1010,22442,4343,91713,California
Sacramento,2021-01-30,4482,118638,2187,70728,2295,47910,0,0,4053,72895,429,22871,4053,95766,California
Sacramento,2021-01-31,2284,120922,1996,72724,288,48198,0,0,2003,74621,278,23149,2004,97770,California
Sacramento,2021-02-01,5883,126805,3002,75726,2881,51079,0,0,4232,77205,1649,24798,4233,102003,California
Sacramento,2021-02-02,6807,133612,3738,79464,3069,54148,0,0,4750,79906,2050,26848,4751,106754,California
Sacramento,2021-02-03,7040,140652,3539,83003,3501,57649,0,0,5191,83259,1840,28688,5193,111947,California
Sacramento,2021-02-04,7667,148319,3619,86622,4048,61697,0,0,5471,86544,2186,30874,5471,117418,California
Sacramento,2021-02-05,7695,156014,4355,90977,3340,65037,0,0,4797,88466,2877,33751,4799,122217,California
Sacramento,2021-02-06,8385,164399,3426,94403,4959,69996,0,0,7060,94204,1323,35074,7061,129278,California
Sacramento,2021-02-07,4004,168403,2126,96529,1878,71874,0,0,2786,95780,1211,36285,2787,132065,California
Sacramento,2021-02-08,6168,174571,3187,99716,2981,74855,0,0,3864,97345,2300,38585,3865,135930,California
Sacramento,2021-02-09,6706,181277,3511,103227,3195,78050,0,0,3921,98486,2780,41365,3921,139851,California
Sacramento,2021-02-10,7587,188864,4173,107400,3414,81464,0,0,4481,99876,3094,44459,4484,144335,California
Sacramento,2021-02-11,8637,197501,4950,112350,3687,85151,0,0,4694,100641,3930,48389,4695,149030,California
Sacramento,2021-02-12,10371,207872,4122,116472,6249,91400,0,0,6239,102785,4097,52486,6241,155271,California
Sacramento,2021-02-13,7519,215391,2972,119444,4547,95947,0,0,5946,107160,1571,54057,5946,161217,California
Sacramento,2021-02-14,3008,218399,1896,121340,1112,97059,0,0,1993,108146,1012,55069,1998,163215,California
Sacramento,2021-02-15,5665,224064,2020,123360,3645,100704,0,0,3905,110303,1753,56822,3910,167125,California
Sacramento,2021-02-16,8817,232881,4190,127550,4627,105331,0,0,5261,112020,3549,60371,5266,172391,California
Sacramento,2021-02-17,8642,241523,4967,132517,3675,109006,0,0,5034,113459,3598,63969,5037,177428,California
Sacramento,2021-02-18,8753,250276,5024,137541,3729,112735,0,0,5024,114764,3722,67691,5027,182455,California
Sacramento,2021-02-19,9968,260244,6119,143660,3849,116584,0,0,5888,116590,4066,71757,5892,188347,California
Sacramento,2021-02-20,7280,267524,5333,148993,1947,118531,0,0,4244,117806,3029,74786,4245,192592,California
Sacramento,2021-02-21,2754,270278,2191,151184,563,119094,0,0,933,116926,1815,76601,935,193527,California
Sacramento,2021-02-22,6111,276389,3709,154893,2402,121496,0,0,2637,116102,3467,80068,2643,196170,California
Sacramento,2021-02-23,6871,283260,4385,159278,2486,123982,0,0,3422,116090,3436,83504,3424,199594,California
Sacramento,2021-02-24,9264,292524,5252,164530,4012,127994,0,0,5067,116984,4178,87682,5072,204666,California
Sacramento,2021-02-25,9639,302163,5332,169862,4307,132301,0,0,5289,117935,4339,92021,5290,209956,California
Sacramento,2021-02-26,13361,315524,6393,176255,6968,139269,0,0,9202,123010,4130,96151,9205,219161,California
Sacramento,2021-02-27,10498,326022,6506,182761,3992,143261,0,0,7717,127964,2766,98917,7720,226881,California
Sacramento,2021-02-28,5419,331441,2121,184882,3298,146559,0,0,2491,127545,2915,101832,2496,229377,California
Sacramento,2021-03-01,7726,339167,3377,188259,4349,150908,0,0,4090,128022,3617,105449,4094,233471,California
Sacramento,2021-03-02,8609,347776,3934,192193,4674,155582,1,1,5349,130129,3248,108697,5355,238826,California
Sacramento,2021-03-03,9405,357181,4592,196785,4811,160393,2,3,5466,131673,3924,112621,5468,244294,California
Sacramento,2021-03-04,10098,367279,4384,201169,5711,166104,3,6,5521,132650,4553,117174,5530,249824,California
Sacramento,2021-03-05,8274,375553,3691,204860,4555,170659,28,34,5064,134553,3189,120363,5092,254916,California
Sacramento,2021-03-06,7092,382645,2787,207647,4185,174844,120,154,3588,134780,3485,123848,3712,258628,California
Sacramento,2021-03-07,7400,390045,2134,209781,5183,180027,83,237,3577,134620,3819,127667,3659,262287,California
Sacramento,2021-03-08,8577,398622,4123,213904,4250,184277,204,441,5553,137366,3014,130681,5760,268047,California
Sacramento,2021-03-09,9217,407839,4414,218318,4544,188821,259,700,5273,138966,3931,134612,5531,273578,California
Sacramento,2021-03-10,10732,418571,7258,225576,3188,192009,286,986,6064,140668,4650,139262,6352,279930,California
Sacramento,2021-03-11,12809,431380,8270,233846,3829,195838,710,1696,7464,143514,5326,144588,8172,288102,California
Sacramento,2021-03-12,15540,446920,7448,241294,7334,203172,758,2454,7055,142895,8453,153041,7834,295936,California
Sacramento,2021-03-13,12097,459017,3474,244768,8225,211397,398,2852,7663,146552,4423,157464,8080,304016,California
Sacramento,2021-03-14,7522,466539,3257,248025,3645,215042,620,3472,4093,147853,3410,160874,4711,308727,California
Sacramento,2021-03-15,11319,477858,4751,252776,5908,220950,660,4132,6510,150240,4790,165664,7177,315904,California
Sacramento,2021-03-16,13468,491326,6077,258853,6761,227711,630,4762,8209,153846,5234,170898,8840,324744,California
Sacramento,2021-03-17,12428,503754,6190,265043,5659,233370,579,5341,7903,157832,4498,175396,8484,333228,California
Sacramento,2021-03-18,10701,514455,5137,270180,5111,238481,453,5794,6862,161334,3813,179209,7315,340543,California
Sacramento,2021-03-19,11783,526238,6042,276222,4675,243156,1066,6860,5563,161769,6199,185408,6634,347177,California
Sacramento,2021-03-20,8506,534744,5242,281464,3067,246223,197,7057,5313,164105,3176,188584,5512,352689,California
Sacramento,2021-03-21,5472,540216,2690,284154,2742,248965,40,7097,4840,168368,625,189209,4888,357577,California
Sacramento,2021-03-22,8947,549163,4640,288794,3560,252525,747,7844,6020,172233,2910,192119,6775,364352,California
Sacramento,2021-03-23,10766,559929,6506,295300,3490,256015,770,8614,6885,176063,3843,195962,7673,372025,California
Sacramento,2021-03-24,11127,571056,7043,302343,3475,259490,609,9223,6393,178426,4705,200667,7068,379093,California
Sacramento,2021-03-25,11827,582883,6539,308882,4497,263987,791,10014,6818,181240,4982,205649,7796,386889,California
Sacramento,2021-03-26,16634,599517,7907,316789,8242,272229,485,10499,8009,182073,8579,214228,9412,396301,California
Sacramento,2021-03-27,9306,608823,3416,320205,5609,277838,281,10780,5009,183318,4269,218497,5514,401815,California
Sacramento,2021-03-28,6257,615080,3079,323284,2931,280769,247,11027,2949,183241,3304,221801,3227,405042,California
Sacramento,2021-03-29,10325,625405,5665,328949,4463,285232,197,11224,4913,183038,5390,227191,5187,410229,California
Sacramento,2021-03-30,11091,636496,5846,334795,4968,290200,277,11501,5754,183809,5321,232512,6092,416321,California
Sacramento,2021-03-31,12701,649197,7529,342324,4799,294999,373,11874,5519,182978,7156,239668,6325,422646,California
Sacramento,2021-04-01,14474,663671,8256,350580,6064,301063,154,12028,5421,180709,9029,248697,6760,429406,California
Sacramento,2021-04-02,14093,677764,7614,358194,5850,306913,629,12657,7297,182629,6765,255462,8685,438091,California
Sacramento,2021-04-03,9285,687049,5494,363688,3425,310338,366,13023,5936,185830,3329,258791,6530,444621,California
Sacramento,2021-04-04,2026,689075,655,364343,1309,311647,62,13085,537,184950,1488,260279,608,445229,California
San Benito,2020-12-16,2,2,2,2,0,0,0,0,2,2,0,0,2,2,California
San Benito,2020-12-17,9,11,9,11,0,0,0,0,9,11,0,0,9,11,California
San Benito,2020-12-18,34,45,34,45,0,0,0,0,34,45,0,0,34,45,California
San Benito,2020-12-19,48,93,48,93,0,0,0,0,48,93,0,0,48,93,California
San Benito,2020-12-20,22,115,21,114,1,1,0,0,22,115,0,0,22,115,California
San Benito,2020-12-21,47,162,47,161,0,1,0,0,47,162,0,0,47,162,California
San Benito,2020-12-22,59,221,59,220,0,1,0,0,59,221,0,0,59,221,California
San Benito,2020-12-23,48,269,36,256,12,13,0,0,48,269,0,0,48,269,California
San Benito,2020-12-24,12,281,4,260,8,21,0,0,12,281,0,0,12,281,California
San Benito,2020-12-25,4,285,4,264,0,21,0,0,4,285,0,0,4,285,California
San Benito,2020-12-26,13,298,4,268,9,30,0,0,13,298,0,0,13,298,California
San Benito,2020-12-27,8,306,7,275,1,31,0,0,8,306,0,0,8,306,California
San Benito,2020-12-28,63,369,36,311,27,58,0,0,63,369,0,0,63,369,California
San Benito,2020-12-29,49,418,20,331,29,87,0,0,49,418,0,0,49,418,California
San Benito,2020-12-30,59,477,36,367,23,110,0,0,59,477,0,0,59,477,California
San Benito,2020-12-31,19,496,2,369,17,127,0,0,19,496,0,0,19,496,California
San Benito,2021-01-02,25,521,24,393,1,128,0,0,25,521,0,0,25,521,California
San Benito,2021-01-03,3,524,1,394,2,130,0,0,3,524,0,0,3,524,California
San Benito,2021-01-04,62,586,23,417,39,169,0,0,62,586,0,0,62,586,California
San Benito,2021-01-05,118,704,36,453,82,251,0,0,115,698,3,3,115,701,California
San Benito,2021-01-06,95,799,40,493,55,306,0,0,81,765,14,17,81,782,California
San Benito,2021-01-07,78,877,42,535,36,342,0,0,51,789,27,44,51,833,California
San Benito,2021-01-08,129,1006,66,601,63,405,0,0,87,834,42,86,87,920,California
San Benito,2021-01-09,44,1050,32,633,12,417,0,0,29,848,15,101,29,949,California
San Benito,2021-01-10,16,1066,14,647,2,419,0,0,5,842,11,112,5,954,California
San Benito,2021-01-11,97,1163,54,701,43,462,0,0,49,843,48,160,49,1003,California
San Benito,2021-01-12,154,1317,51,752,103,565,0,0,119,927,35,195,119,1122,California
San Benito,2021-01-13,187,1504,33,785,154,719,0,0,162,1064,25,220,162,1284,California
San Benito,2021-01-14,116,1620,27,812,89,808,0,0,97,1142,19,239,97,1381,California
San Benito,2021-01-15,213,1833,21,833,192,1000,0,0,199,1327,14,253,199,1580,California
San Benito,2021-01-16,29,1862,10,843,19,1019,0,0,23,1344,6,259,23,1603,California
San Benito,2021-01-17,10,1872,5,848,5,1024,0,0,7,1348,3,262,7,1610,California
San Benito,2021-01-18,38,1910,24,872,14,1038,0,0,22,1354,16,278,22,1632,California
San Benito,2021-01-19,150,2060,63,935,87,1125,0,0,124,1452,26,304,124,1756,California
San Benito,2021-01-20,260,2320,80,1015,180,1305,0,0,215,1623,44,348,215,1971,California
San Benito,2021-01-21,123,2443,30,1045,93,1398,0,0,99,1698,24,372,99,2070,California
San Benito,2021-01-22,232,2675,20,1065,212,1610,0,0,221,1908,11,383,221,2291,California
San Benito,2021-01-23,32,2707,18,1083,14,1624,0,0,14,1904,18,401,14,2305,California
San Benito,2021-01-24,11,2718,3,1086,8,1632,0,0,7,1907,4,405,7,2312,California
San Benito,2021-01-25,67,2785,25,1111,42,1674,0,0,22,1884,45,450,22,2334,California
San Benito,2021-01-26,135,2920,41,1152,94,1768,0,0,82,1913,53,503,82,2416,California
San Benito,2021-01-27,231,3151,69,1221,162,1930,0,0,190,2062,41,544,190,2606,California
San Benito,2021-01-28,153,3304,30,1251,123,2053,0,0,122,2154,30,574,122,2728,California
San Benito,2021-01-29,286,3590,32,1283,254,2307,0,0,262,2393,23,597,262,2990,California
San Benito,2021-01-30,45,3635,27,1310,18,2325,0,0,26,2400,19,616,26,3016,California
San Benito,2021-01-31,22,3657,10,1320,12,2337,0,0,12,2403,9,625,12,3028,California
San Benito,2021-02-01,134,3791,29,1349,105,2442,0,0,88,2445,46,671,88,3116,California
San Benito,2021-02-02,224,4015,48,1397,176,2618,0,0,134,2489,90,761,134,3250,California
San Benito,2021-02-03,333,4348,41,1438,292,2910,0,0,269,2694,64,825,269,3519,California
San Benito,2021-02-04,159,4507,24,1462,135,3045,0,0,116,2767,43,868,116,3635,California
San Benito,2021-02-05,291,4798,40,1502,251,3296,0,0,229,2934,62,930,229,3864,California
San Benito,2021-02-06,50,4848,10,1512,40,3336,0,0,34,2952,16,946,34,3898,California
San Benito,2021-02-07,14,4862,6,1518,8,3344,0,0,13,2964,1,947,13,3911,California
San Benito,2021-02-08,132,4994,15,1533,117,3461,0,0,87,3006,45,992,87,3998,California
San Benito,2021-02-09,324,5318,63,1596,261,3722,0,0,193,3068,131,1123,193,4191,California
San Benito,2021-02-10,321,5639,89,1685,232,3954,0,0,125,2998,195,1318,125,4316,California
San Benito,2021-02-11,286,5925,29,1714,257,4211,0,0,191,3094,95,1413,191,4507,California
San Benito,2021-02-12,412,6337,30,1744,382,4593,0,0,208,3099,203,1616,208,4715,California
San Benito,2021-02-13,60,6397,9,1753,51,4644,0,0,45,3129,15,1631,45,4760,California
San Benito,2021-02-14,40,6437,5,1758,35,4679,0,0,30,3149,10,1641,30,4790,California
San Benito,2021-02-15,106,6543,9,1767,97,4776,0,0,95,3233,11,1652,95,4885,California
San Benito,2021-02-16,206,6749,12,1779,194,4970,0,0,107,3240,100,1752,107,4992,California
San Benito,2021-02-17,319,7068,30,1809,289,5259,0,0,271,3463,48,1800,271,5263,California
San Benito,2021-02-18,293,7361,38,1847,255,5514,0,0,71,3312,222,2022,71,5334,California
San Benito,2021-02-19,317,7678,40,1887,277,5791,0,0,151,3297,166,2188,151,5485,California
San Benito,2021-02-20,44,7722,26,1913,18,5809,0,0,35,3323,9,2197,35,5520,California
San Benito,2021-02-21,26,7748,11,1924,15,5824,0,0,16,3330,9,2206,16,5536,California
San Benito,2021-02-22,126,7874,33,1957,93,5917,0,0,94,3392,32,2238,94,5630,California
San Benito,2021-02-23,368,8242,90,2047,278,6195,0,0,236,3517,132,2370,257,5887,California
San Benito,2021-02-24,369,8611,62,2109,307,6502,0,0,232,3612,137,2507,232,6119,California
San Benito,2021-02-25,390,9001,63,2172,327,6829,0,0,268,3757,123,2630,268,6387,California
San Benito,2021-02-26,631,9632,70,2242,561,7390,0,0,390,3906,241,2871,390,6777,California
San Benito,2021-02-27,96,9728,34,2276,62,7452,0,0,81,3972,15,2886,81,6858,California
San Benito,2021-02-28,229,9957,19,2295,210,7662,0,0,221,4185,8,2894,221,7079,California
San Benito,2021-03-01,222,10179,58,2353,164,7826,0,0,153,4268,70,2964,153,7232,California
San Benito,2021-03-02,251,10430,73,2426,178,8004,0,0,184,4385,67,3031,184,7416,California
San Benito,2021-03-03,370,10800,48,2474,322,8326,0,0,197,4411,171,3202,197,7613,California
San Benito,2021-03-04,539,11339,113,2587,411,8737,15,15,361,4603,178,3380,370,7983,California
San Benito,2021-03-05,547,11886,288,2875,244,8981,15,30,342,4756,204,3584,357,8340,California
San Benito,2021-03-06,174,12060,63,2938,98,9079,13,43,128,4851,46,3630,141,8481,California
San Benito,2021-03-07,613,12673,572,3510,18,9097,23,66,579,5419,34,3664,602,9083,California
San Benito,2021-03-08,261,12934,64,3574,171,9268,26,92,159,5503,102,3766,186,9269,California
San Benito,2021-03-09,255,13189,77,3651,113,9381,65,157,123,5561,131,3897,189,9458,California
San Benito,2021-03-10,371,13560,103,3754,178,9559,90,247,208,5695,163,4060,297,9755,California
San Benito,2021-03-11,405,13965,100,3854,195,9754,110,357,187,5774,218,4278,297,10052,California
San Benito,2021-03-12,461,14426,118,3972,276,10030,67,424,219,5821,240,4518,287,10339,California
San Benito,2021-03-13,174,14600,96,4068,63,10093,15,439,109,5883,62,4580,124,10463,California
San Benito,2021-03-14,205,14805,40,4108,145,10238,20,459,166,6031,38,4618,186,10649,California
San Benito,2021-03-15,310,15115,95,4203,196,10434,19,478,182,6104,128,4746,201,10850,California
San Benito,2021-03-16,457,15572,203,4406,223,10657,31,509,313,6305,144,4890,345,11195,California
San Benito,2021-03-17,649,16221,455,4861,181,10838,13,522,522,6716,124,5014,535,11730,California
San Benito,2021-03-18,590,16811,452,5313,100,10938,38,560,479,7123,110,5124,517,12247,California
San Benito,2021-03-19,655,17466,353,5666,281,11219,21,581,497,7483,158,5282,518,12765,California
San Benito,2021-03-20,193,17659,130,5796,53,11272,10,591,150,7600,43,5325,160,12925,California
San Benito,2021-03-21,105,17764,53,5849,47,11319,5,596,78,7656,27,5352,83,13008,California
San Benito,2021-03-22,321,18085,166,6015,130,11449,25,621,223,7806,98,5450,248,13256,California
San Benito,2021-03-23,456,18541,196,6211,257,11706,3,624,219,7793,237,5687,224,13480,California
San Benito,2021-03-24,531,19072,289,6500,235,11941,7,631,345,7960,186,5873,353,13833,California
San Benito,2021-03-25,691,19763,404,6904,283,12224,4,635,404,8087,285,6158,412,14245,California
San Benito,2021-03-26,963,20726,494,7398,467,12691,2,637,305,7750,657,6815,320,14565,California
San Benito,2021-03-27,296,21022,176,7574,86,12777,34,671,178,7846,117,6932,213,14778,California
San Benito,2021-03-28,679,21701,564,8138,111,12888,4,675,119,7432,560,7492,146,14924,California
San Benito,2021-03-29,322,22023,101,8239,202,13090,19,694,131,7395,191,7683,154,15078,California
San Benito,2021-03-30,539,22562,256,8495,197,13287,86,780,268,7488,271,7954,364,15442,California
San Benito,2021-03-31,560,23122,343,8838,194,13481,23,803,325,7611,233,8187,356,15798,California
San Benito,2021-04-01,757,23879,359,9197,380,13861,18,821,528,7948,228,8415,565,16363,California
San Benito,2021-04-02,505,24384,246,9443,125,13986,134,955,242,8071,263,8678,386,16749,California
San Benito,2021-04-03,182,24566,72,9515,106,14092,4,959,75,8048,107,8785,84,16833,California
San Benito,2021-04-04,32,24598,28,9543,3,14095,1,960,22,8061,10,8795,23,16856,California
San Bernardino,2020-12-15,12,12,12,12,0,0,0,0,12,12,0,0,12,12,California
San Bernardino,2020-12-16,109,121,109,121,0,0,0,0,109,121,0,0,109,121,California
San Bernardino,2020-12-17,2343,2464,2343,2464,0,0,0,0,2343,2464,0,0,2343,2464,California
San Bernardino,2020-12-18,3140,5604,3137,5601,3,3,0,0,3141,5605,0,0,3141,5605,California
San Bernardino,2020-12-19,1068,6672,1067,6668,1,4,0,0,1069,6674,0,0,1069,6674,California
San Bernardino,2020-12-20,1172,7844,1171,7839,1,5,0,0,1173,7847,0,0,1173,7847,California
San Bernardino,2020-12-21,2456,10300,2451,10290,5,10,0,0,2456,10303,0,0,2456,10303,California
San Bernardino,2020-12-22,2271,12571,2148,12438,123,133,0,0,2272,12575,0,0,2272,12575,California
San Bernardino,2020-12-23,2646,15217,1452,13890,1194,1327,0,0,2645,15220,0,0,2645,15220,California
San Bernardino,2020-12-24,1160,16377,587,14477,573,1900,0,0,1162,16382,0,0,1162,16382,California
San Bernardino,2020-12-25,75,16452,14,14491,61,1961,0,0,75,16457,0,0,75,16457,California
San Bernardino,2020-12-26,461,16913,253,14744,208,2169,0,0,461,16918,0,0,461,16918,California
San Bernardino,2020-12-27,344,17257,161,14905,183,2352,0,0,344,17262,0,0,344,17262,California
San Bernardino,2020-12-28,1559,18816,709,15614,850,3202,0,0,1560,18822,0,0,1560,18822,California
San Bernardino,2020-12-29,2209,21025,1042,16656,1167,4369,0,0,2207,21027,2,2,2207,21029,California
San Bernardino,2020-12-30,2890,23915,1459,18115,1431,5800,0,0,2891,23918,0,2,2891,23920,California
San Bernardino,2020-12-31,1352,25267,440,18555,912,6712,0,0,1350,25268,0,2,1350,25270,California
San Bernardino,2021-01-01,275,25542,150,18705,125,6837,0,0,274,25542,0,2,274,25544,California
San Bernardino,2021-01-02,475,26017,339,19044,136,6973,0,0,475,26017,0,2,475,26019,California
San Bernardino,2021-01-03,135,26152,86,19130,49,7022,0,0,135,26152,0,2,135,26154,California
San Bernardino,2021-01-04,2115,28267,1288,20418,827,7849,0,0,2114,28266,0,2,2114,28268,California
San Bernardino,2021-01-05,2330,30597,1459,21877,871,8720,0,0,2216,30373,109,111,2216,30484,California
San Bernardino,2021-01-06,3418,34015,2349,24226,1069,9789,0,0,2930,32824,482,593,2933,33417,California
San Bernardino,2021-01-07,5376,39391,4484,28710,892,10681,0,0,2456,32381,2901,3494,2458,35875,California
San Bernardino,2021-01-08,5350,44741,4438,33148,912,11593,0,0,2273,31585,3071,6565,2275,38150,California
San Bernardino,2021-01-09,1395,46136,1098,34246,297,11890,0,0,900,31990,495,7060,900,39050,California
San Bernardino,2021-01-10,1022,47158,600,34846,422,12312,0,0,574,32116,448,7508,574,39624,California
San Bernardino,2021-01-11,4982,52140,4085,38931,897,13209,0,0,2763,32663,2216,9724,2763,42387,California
San Bernardino,2021-01-12,4225,56365,3224,42155,1001,14210,0,0,2510,33459,1714,11438,2510,44897,California
San Bernardino,2021-01-13,4540,60905,2844,44999,1696,15906,0,0,3314,35562,1213,12651,3316,48213,California
San Bernardino,2021-01-14,4739,65644,2777,47776,1962,17868,0,0,4159,39145,576,13227,4159,52372,California
San Bernardino,2021-01-15,5949,71593,2962,50738,2987,20855,0,0,5554,44316,385,13612,5556,57928,California
San Bernardino,2021-01-16,2254,73847,1292,52030,962,21817,0,0,2113,46288,141,13753,2113,60041,California
San Bernardino,2021-01-17,1187,75034,514,52544,673,22490,0,0,1099,47301,87,13840,1100,61141,California
San Bernardino,2021-01-18,4268,79302,2638,55182,1630,24120,0,0,3649,50333,618,14458,3650,64791,California
San Bernardino,2021-01-19,6291,85593,3703,58885,2588,26708,0,0,5201,54449,1088,15546,5204,69995,California
San Bernardino,2021-01-20,6799,92392,3729,62614,3070,29778,0,0,4871,57401,1921,17467,4873,74868,California
San Bernardino,2021-01-21,5993,98385,3087,65701,2906,32684,0,0,4870,61159,1113,18580,4871,79739,California
San Bernardino,2021-01-22,6504,104889,3038,68739,3466,36150,0,0,5777,66213,726,19306,5780,85519,California
San Bernardino,2021-01-23,3101,107990,1888,70627,1213,37363,0,0,2712,68537,388,19694,2712,88231,California
San Bernardino,2021-01-24,1187,109177,460,71087,727,38090,0,0,1088,69526,99,19793,1088,89319,California
San Bernardino,2021-01-25,6862,116039,3394,74481,3468,41558,0,0,5020,72714,1840,21633,5028,94347,California
San Bernardino,2021-01-26,7078,123117,3554,78035,3524,45082,0,0,5000,75637,2078,23711,5001,99348,California
San Bernardino,2021-01-27,8236,131353,4105,82140,4131,49213,0,0,5546,78503,2680,26391,5546,104894,California
San Bernardino,2021-01-28,8533,139886,4051,86191,4482,53695,0,0,6230,82434,2299,28690,6230,111124,California
San Bernardino,2021-01-29,8120,148006,3733,89924,4387,58082,0,0,6178,86684,1929,30619,6179,117303,California
San Bernardino,2021-01-30,3068,151074,1894,91818,1174,59256,0,0,2789,89195,278,30897,2789,120092,California
San Bernardino,2021-01-31,918,151992,488,92306,430,59686,0,0,864,90006,53,30950,864,120956,California
San Bernardino,2021-02-01,7509,159501,4216,96522,3293,62979,0,0,4895,92294,2611,33561,4899,125855,California
San Bernardino,2021-02-02,10356,169857,3647,100169,6709,69688,0,0,8310,98563,2042,35603,8311,134166,California
San Bernardino,2021-02-03,8955,178812,4145,104314,4810,74498,0,0,6487,102590,2461,38064,6488,140654,California
San Bernardino,2021-02-04,10572,189384,5291,109605,5281,79779,0,0,7511,107051,3051,41115,7512,148166,California
San Bernardino,2021-02-05,10935,200319,5911,115516,5024,84803,0,0,7423,110973,3502,44617,7424,155590,California
San Bernardino,2021-02-06,5249,205568,2213,117729,3036,87839,0,0,3613,112979,1611,46228,3617,159207,California
San Bernardino,2021-02-07,846,206414,496,118225,350,88189,0,0,475,113087,368,46596,476,159683,California
San Bernardino,2021-02-08,7259,213673,3868,122093,3391,91580,0,0,5608,117045,1650,48246,5608,165291,California
San Bernardino,2021-02-09,9872,223545,5814,127907,4058,95638,0,0,6663,120504,3206,51452,6665,171956,California
San Bernardino,2021-02-10,11989,235534,6534,134441,5455,101093,0,0,7828,124183,4150,55602,7829,179785,California
San Bernardino,2021-02-11,12202,247736,7043,141484,5159,106252,0,0,7799,127606,4380,59982,7803,187588,California
San Bernardino,2021-02-12,10322,258058,5924,147408,4398,110650,0,0,5672,128640,4638,64620,5672,193260,California
San Bernardino,2021-02-13,5996,264054,3980,151388,2016,112666,0,0,3767,130198,2214,66834,3772,197032,California
San Bernardino,2021-02-14,1539,265593,642,152030,897,113563,0,0,867,130402,664,67498,868,197900,California
San Bernardino,2021-02-15,5468,271061,3011,155041,2457,116020,0,0,3070,131089,2383,69881,3070,200970,California
San Bernardino,2021-02-16,12565,283626,7390,162431,5175,121195,0,0,7961,134457,4593,74474,7961,208931,California
San Bernardino,2021-02-17,11747,295373,6464,168895,5283,126478,0,0,7135,136996,4598,79072,7137,216068,California
San Bernardino,2021-02-18,12397,307770,7566,176461,4831,131309,0,0,7671,139957,4711,83783,7672,223740,California
San Bernardino,2021-02-19,11446,319216,5911,182372,5535,136844,0,0,6761,142052,4667,88450,6762,230502,California
San Bernardino,2021-02-20,4498,323714,3448,185820,1050,137894,0,0,2056,141667,2441,90891,2056,232558,California
San Bernardino,2021-02-21,905,324619,445,186265,460,138354,0,0,273,141310,630,91521,273,232831,California
San Bernardino,2021-02-22,8458,333077,5169,191434,3289,141643,0,0,4031,140924,4419,95940,4033,236864,California
San Bernardino,2021-02-23,8782,341859,5194,196628,3588,145231,0,0,4535,141240,4219,100159,4535,241399,California
San Bernardino,2021-02-24,11974,353833,6855,203483,5119,150350,0,0,6079,141453,5871,106030,6084,247483,California
San Bernardino,2021-02-25,12807,366640,6242,209725,6565,156915,0,0,7396,143461,5393,111423,7401,254884,California
San Bernardino,2021-02-26,13160,379800,6306,216031,6854,163769,0,0,7439,145233,5668,117091,7440,262324,California
San Bernardino,2021-02-27,6555,386355,3655,219686,2900,166669,0,0,4758,148203,1788,118879,4758,267082,California
San Bernardino,2021-02-28,1738,388093,726,220412,1012,167681,0,0,1143,148757,590,119469,1144,268226,California
San Bernardino,2021-03-01,8186,396279,4154,224566,4031,171712,1,1,3820,148241,4347,123816,3831,272057,California
San Bernardino,2021-03-02,13415,409694,5313,229879,8102,179814,0,1,6389,147632,7000,130816,6391,278448,California
San Bernardino,2021-03-03,12141,421835,6140,236019,5999,185813,2,3,5565,146643,6559,137375,5570,284018,California
San Bernardino,2021-03-04,11796,433631,6140,242159,5655,191468,1,4,5413,145694,6366,143741,5417,289435,California
San Bernardino,2021-03-05,11837,445468,5982,248141,5854,197322,1,5,6127,146167,5684,149425,6157,295592,California
San Bernardino,2021-03-06,7653,453121,4169,252310,3279,200601,205,210,3649,146034,3989,153414,3856,299448,California
San Bernardino,2021-03-07,1477,454598,910,253220,510,201111,57,267,946,146508,529,153943,1003,300451,California
San Bernardino,2021-03-08,6957,461555,3008,256228,3814,204925,135,402,3350,146391,3603,157546,3486,303937,California
San Bernardino,2021-03-09,11745,473300,6434,262662,5086,210011,225,627,4642,144170,7095,164641,4874,308811,California
San Bernardino,2021-03-10,12425,485725,7072,269734,4984,214995,369,996,5697,143544,6701,171342,6075,314886,California
San Bernardino,2021-03-11,12900,498625,6030,275764,6121,221116,749,1745,6550,144515,6331,177673,7302,322188,California
San Bernardino,2021-03-12,13199,511824,6029,281793,5373,226489,1797,3542,6282,145741,6894,184567,8120,330308,California
San Bernardino,2021-03-13,7334,519158,4096,285889,2778,229267,460,4002,4351,147574,2978,187545,4811,335119,California
San Bernardino,2021-03-14,2646,521804,1371,287260,734,230001,541,4543,1566,148605,1074,188619,2105,337224,California
San Bernardino,2021-03-15,11065,532869,5239,292499,3912,233913,1914,6457,5420,150303,5638,194257,7336,344560,California
San Bernardino,2021-03-16,15691,548560,7744,300243,7052,240965,895,7352,9526,154589,6140,200397,10426,354986,California
San Bernardino,2021-03-17,16010,564570,8211,308454,7101,248066,698,8050,9580,158463,6418,206815,10292,365278,California
San Bernardino,2021-03-18,12865,577435,6045,314499,6496,254562,324,8374,7383,160712,5460,212275,7709,372987,California
San Bernardino,2021-03-19,14285,591720,7334,321833,6439,261001,512,8886,7989,162981,6277,218552,8546,381533,California
San Bernardino,2021-03-20,7155,598875,4490,326323,2158,263159,507,9393,4118,164594,3012,221564,4625,386158,California
San Bernardino,2021-03-21,2677,601552,2180,328503,452,263611,45,9438,2156,166287,509,222073,2202,388360,California
San Bernardino,2021-03-22,9418,610970,4447,332950,4565,268176,406,9844,6842,170981,2560,224633,7254,395614,California
San Bernardino,2021-03-23,14944,625914,8475,341425,5897,274073,572,10416,9320,175276,5608,230241,9903,405517,California
San Bernardino,2021-03-24,14474,640388,7486,348911,6734,280807,254,10670,9703,180521,4739,234980,9984,415501,California
San Bernardino,2021-03-25,16299,656687,8010,356921,8025,288832,264,10934,10343,185316,5910,240890,10705,426206,California
San Bernardino,2021-03-26,17476,674163,8316,365237,8419,297251,741,11675,10654,190086,6799,247689,11569,437775,California
San Bernardino,2021-03-27,10420,684583,6613,371850,3056,300307,751,12426,5991,192730,4417,252106,7061,444836,California
San Bernardino,2021-03-28,3415,687998,2395,374245,910,301217,110,12536,2398,194235,1010,253116,2515,447351,California
San Bernardino,2021-03-29,11004,699002,5708,379953,4901,306118,395,12931,7403,198489,3590,256706,7844,455195,California
San Bernardino,2021-03-30,16148,715150,9015,388968,6436,312554,697,13628,10518,204174,5602,262308,11287,466482,California
San Bernardino,2021-03-31,14709,729859,7776,396744,6387,318941,546,14174,10040,210155,4651,266959,10632,477114,California
San Bernardino,2021-04-01,18577,748436,9738,406482,7602,326543,1237,15411,12251,217611,6298,273257,13754,490868,California
San Bernardino,2021-04-02,17180,765616,8445,414927,7572,334115,1163,16574,10563,223209,6598,279855,12196,503064,California
San Bernardino,2021-04-03,9554,775170,5926,420853,2765,336880,863,17437,5366,225584,4179,284034,6554,509618,California
San Bernardino,2021-04-04,815,775985,571,421424,127,337007,117,17554,264,225422,550,284584,388,510006,California
San Diego,2020-12-15,119,119,119,119,0,0,0,0,119,119,0,0,119,119,California
San Diego,2020-12-16,1101,1220,1101,1220,0,0,0,0,1101,1220,0,0,1101,1220,California
San Diego,2020-12-17,2346,3566,2346,3566,0,0,0,0,2346,3566,0,0,2346,3566,California
San Diego,2020-12-18,3673,7239,3672,7238,1,1,0,0,3673,7239,0,0,3673,7239,California
San Diego,2020-12-19,2311,9550,2311,9549,0,1,0,0,2311,9550,0,0,2311,9550,California
San Diego,2020-12-20,1187,10737,1185,10734,2,3,0,0,1187,10737,0,0,1187,10737,California
San Diego,2020-12-21,3519,14256,3518,14252,1,4,0,0,3519,14256,0,0,3519,14256,California
San Diego,2020-12-22,4051,18307,3408,17660,643,647,0,0,4051,18307,0,0,4051,18307,California
San Diego,2020-12-23,3177,21484,1976,19636,1201,1848,0,0,3177,21484,0,0,3177,21484,California
San Diego,2020-12-24,2722,24206,2207,21843,515,2363,0,0,2722,24206,0,0,2722,24206,California
San Diego,2020-12-25,868,25074,867,22710,1,2364,0,0,867,25072,1,1,867,25073,California
San Diego,2020-12-26,3255,28329,2138,24848,1117,3481,0,0,3254,28326,0,1,3254,28327,California
San Diego,2020-12-27,2476,30805,1612,26460,864,4345,0,0,2475,30800,1,2,2475,30802,California
San Diego,2020-12-28,5856,36661,4184,30644,1672,6017,0,0,5856,36656,0,2,5856,36658,California
San Diego,2020-12-29,5534,42195,2970,33614,2564,8581,0,0,5534,42190,0,2,5534,42192,California
San Diego,2020-12-30,5893,48088,3073,36687,2820,11401,0,0,5893,48083,0,2,5893,48085,California
San Diego,2020-12-31,2936,51024,995,37682,1941,13342,0,0,2935,51017,1,3,2935,51020,California
San Diego,2021-01-01,994,52018,439,38121,555,13897,0,0,993,52010,0,3,993,52013,California
San Diego,2021-01-02,3746,55764,1309,39430,2437,16334,0,0,3746,55756,0,3,3746,55759,California
San Diego,2021-01-03,855,56619,631,40061,224,16558,0,0,854,56610,0,3,854,56613,California
San Diego,2021-01-04,3685,60304,2035,42096,1650,18208,0,0,3678,60288,0,3,3678,60291,California
San Diego,2021-01-05,4280,64584,2094,44190,2186,20394,0,0,3662,63350,614,617,3676,63967,California
San Diego,2021-01-06,4909,69493,2285,46475,2624,23018,0,0,3676,65819,1211,1828,3680,67647,California
San Diego,2021-01-07,5548,75041,2975,49450,2573,25591,0,0,3394,67072,2147,3975,3400,71047,California
San Diego,2021-01-08,7686,82727,4958,54408,2728,28319,0,0,3895,67209,3774,7749,3911,74958,California
San Diego,2021-01-09,2919,85646,1549,55957,1370,29689,0,0,1751,67812,1157,8906,1760,76718,California
San Diego,2021-01-10,1854,87500,1295,57252,559,30248,0,0,750,67478,1092,9998,758,77476,California
San Diego,2021-01-11,10320,97820,5850,63102,4470,34718,0,0,6797,70772,3516,13514,6810,84286,California
San Diego,2021-01-12,11170,108990,5307,68409,5863,40581,0,0,7802,75328,3359,16873,7915,92201,California
San Diego,2021-01-13,11494,120484,5016,73425,6478,47059,0,0,8951,81768,2530,19403,8970,101171,California
San Diego,2021-01-14,12343,132827,4734,78159,7609,54668,0,0,10184,89826,2150,21553,10208,111379,California
San Diego,2021-01-15,15029,147856,5274,83433,9755,64423,0,0,12413,99670,2597,24150,12441,123820,California
San Diego,2021-01-16,10782,158638,3581,87014,7201,71624,0,0,9342,107600,1435,25585,9365,133185,California
San Diego,2021-01-17,8697,167335,2483,89497,6214,77838,0,0,7864,114644,833,26418,7877,141062,California
San Diego,2021-01-18,12471,179806,5903,95400,6568,84406,0,0,9667,121575,2765,29183,9696,150758,California
San Diego,2021-01-19,14738,194544,5777,101177,8961,93367,0,0,11631,130354,3093,32276,11872,162630,California
San Diego,2021-01-20,18342,212886,6368,107545,11974,105341,0,0,15062,142315,3261,35537,15222,177852,California
San Diego,2021-01-21,17426,230312,5882,113427,11544,116885,0,0,16046,157129,1369,36906,16183,194035,California
San Diego,2021-01-22,17632,247944,4728,118155,12904,129789,0,0,15606,170791,2012,38918,15674,209709,California
San Diego,2021-01-23,14463,262407,5257,123412,9206,138995,0,0,12130,180632,2320,41238,12161,221870,California
San Diego,2021-01-24,11839,274246,3252,126664,8587,147582,0,0,10897,190601,941,42179,10910,232780,California
San Diego,2021-01-25,12122,286368,5689,132353,6433,154015,0,0,9132,196879,2982,45161,9260,242040,California
San Diego,2021-01-26,14562,300930,7300,139653,7262,161277,0,0,11297,205088,3260,48421,11469,253509,California
San Diego,2021-01-27,20274,321204,7643,147296,12631,173908,0,0,17225,219378,3035,51456,17325,270834,California
San Diego,2021-01-28,20916,342120,7230,154526,13686,187594,0,0,18656,235860,2250,53706,18732,289566,California
San Diego,2021-01-29,19405,361525,6133,160659,13272,200866,0,0,16990,250483,2405,56111,17028,306594,California
San Diego,2021-01-30,15688,377213,3458,164117,12230,213096,0,0,13011,260924,2668,58779,13109,319703,California
San Diego,2021-01-31,14455,391668,5397,169514,9058,222154,0,0,14099,274697,353,59132,14126,333829,California
San Diego,2021-02-01,20059,411727,6729,176243,13330,235484,0,0,16877,288476,3169,62301,16948,350777,California
San Diego,2021-02-02,22503,434230,7981,184224,14522,250006,0,0,18966,304085,3527,65828,19136,369913,California
San Diego,2021-02-03,26457,460687,10685,194909,15772,265778,0,0,22292,322406,4147,69975,22468,392381,California
San Diego,2021-02-04,23495,484182,9249,204158,14246,280024,0,0,18818,336823,4659,74634,19076,411457,California
San Diego,2021-02-05,24721,508903,8850,213008,15871,295895,0,0,18172,348969,6524,81158,18670,430127,California
San Diego,2021-02-06,20510,529413,8359,221367,12151,308046,0,0,17328,363326,3174,84332,17531,447658,California
San Diego,2021-02-07,11259,540672,4675,226042,6584,314630,0,0,9370,371104,1870,86202,9648,457306,California
San Diego,2021-02-08,19389,560061,7975,234017,11414,326044,0,0,11976,376356,7395,93597,12647,469953,California
San Diego,2021-02-09,19720,579781,7766,241783,11954,337998,0,0,12515,382751,7185,100782,13580,483533,California
San Diego,2021-02-10,22244,602025,8907,250690,13337,351335,0,0,13129,388133,9087,109869,14469,498002,California
San Diego,2021-02-11,22991,625016,9821,260511,13170,364505,0,0,11934,390696,11031,120900,13594,511596,California
San Diego,2021-02-12,23290,648306,6943,267454,16347,380852,0,0,11387,392421,11884,132784,13609,525205,California
San Diego,2021-02-13,19448,667754,8410,275864,11038,391890,0,0,10273,394742,9165,141949,11486,536691,California
San Diego,2021-02-14,10489,678243,6728,282592,3761,395651,0,0,5789,397367,4698,146647,7323,544014,California
San Diego,2021-02-15,14843,693086,7339,289931,7504,403155,0,0,7605,400788,7220,153867,10641,554655,California
San Diego,2021-02-16,18487,711573,10597,300528,7890,411045,0,0,8810,402962,9663,163530,11837,566492,California
San Diego,2021-02-17,22451,734024,10003,310531,12448,423493,0,0,7646,398963,14795,178325,10796,577288,California
San Diego,2021-02-18,22951,756975,11611,322142,11340,434833,0,0,7494,395157,15449,193774,11643,588931,California
San Diego,2021-02-19,15842,772817,10857,332999,4985,439818,0,0,6673,394879,9150,202924,8872,597803,California
San Diego,2021-02-20,9918,782735,6271,339270,3647,443465,0,0,5681,398273,4235,207159,7629,605432,California
San Diego,2021-02-21,10229,792964,8986,348256,1243,444708,0,0,4932,399196,5273,212432,6196,611628,California
San Diego,2021-02-22,12172,805136,10327,358583,1845,446553,0,0,6339,401384,5828,218260,8016,619644,California
San Diego,2021-02-23,25060,830196,13842,372425,11218,457771,0,0,9882,401974,15172,233432,15762,635406,California
San Diego,2021-02-24,28618,858814,12412,384837,16206,473977,0,0,7701,396241,20899,254331,15166,650572,California
San Diego,2021-02-25,32679,891493,14306,399143,18373,492350,0,0,10583,393227,22076,276407,19062,669634,California
San Diego,2021-02-26,33206,924699,12088,411231,21118,513468,0,0,11996,391118,21181,297588,19072,688706,California
San Diego,2021-02-27,20829,945528,9261,420492,11568,525036,0,0,11207,397021,9620,307208,15523,704229,California
San Diego,2021-02-28,14485,960013,9191,429683,5294,530330,0,0,9709,404836,4776,311984,12591,716820,California
San Diego,2021-03-01,23567,983580,13665,443348,9901,540231,1,1,14963,415235,8528,320512,18927,735747,California
San Diego,2021-03-02,25109,1008689,13390,456738,11719,551950,0,1,12634,422340,12468,332980,19573,755320,California
San Diego,2021-03-03,33381,1042070,15390,472128,17988,569938,3,4,14449,424887,18919,351899,21466,776786,California
San Diego,2021-03-04,27692,1069762,13740,485868,13952,583890,0,4,12703,429382,14972,366871,19467,796253,California
San Diego,2021-03-05,28400,1098162,14415,500283,13903,597793,82,86,13852,435585,14536,381407,20739,816992,California
San Diego,2021-03-06,22775,1120937,9309,509592,12763,610556,703,789,10575,439456,12194,393601,16065,833057,California
San Diego,2021-03-07,17853,1138790,9006,518598,8280,618836,567,1356,8344,442654,9503,403104,12701,845758,California
San Diego,2021-03-08,22042,1160832,10313,528911,10883,629719,846,2202,10605,447552,11425,414529,16323,862081,California
San Diego,2021-03-09,25212,1186044,11540,540451,11941,641660,1731,3933,11677,451472,13522,428051,17442,879523,California
San Diego,2021-03-10,24655,1210699,10227,550678,12075,653735,2353,6286,11074,455524,13573,441624,17625,897148,California
San Diego,2021-03-11,28187,1238886,10715,561393,13978,667713,3494,9780,11273,457471,16900,458524,18847,915995,California
San Diego,2021-03-12,25611,1264497,8769,570162,13878,681591,2964,12744,9297,456911,16301,474825,15741,931736,California
San Diego,2021-03-13,24229,1288726,6579,576741,16109,697700,1541,14285,9098,456589,15123,489948,14801,946537,California
San Diego,2021-03-14,11976,1300702,4557,581298,6717,704417,702,14987,3892,455393,8076,498024,6880,953417,California
San Diego,2021-03-15,21842,1322544,10104,591402,10968,715385,770,15757,10847,459163,10982,509006,14752,968169,California
San Diego,2021-03-16,29760,1352304,15694,607096,13674,729059,392,16149,17960,468825,11782,520788,21444,989613,California
San Diego,2021-03-17,26051,1378355,12087,619183,13264,742323,700,16849,17243,480088,8797,529585,20060,1009673,California
San Diego,2021-03-18,30917,1409272,17492,636675,12543,754866,882,17731,20084,491928,10818,540403,22658,1032331,California
San Diego,2021-03-19,29769,1439041,14117,650792,14681,769547,971,18702,19637,503719,10116,550519,21907,1054238,California
San Diego,2021-03-20,27285,1466326,8097,658889,17400,786947,1788,20490,21714,522790,5562,556081,24633,1078871,California
San Diego,2021-03-21,16435,1482761,11972,670861,3749,790696,714,21204,10437,529357,5988,562069,12555,1091426,California
San Diego,2021-03-22,22377,1505138,13088,683949,9048,799744,241,21445,16137,542325,6230,568299,19198,1110624,California
San Diego,2021-03-23,25772,1530910,13583,697532,11931,811675,258,21703,19605,558118,6153,574452,21946,1132570,California
San Diego,2021-03-24,29383,1560293,19683,717215,9349,821024,351,22054,20089,571409,9282,583734,22573,1155143,California
San Diego,2021-03-25,29702,1589995,17863,735078,11203,832227,636,22690,19510,583521,10178,593912,22290,1177433,California
San Diego,2021-03-26,31467,1621462,17616,752694,13340,845567,511,23201,18949,593596,12490,606402,22565,1199998,California
San Diego,2021-03-27,24706,1646168,10749,763443,13562,859129,395,23596,15046,601656,9646,616048,17706,1217704,California
San Diego,2021-03-28,14725,1660893,9086,772529,5580,864709,59,23655,9053,606561,5664,621712,10569,1228273,California
San Diego,2021-03-29,26119,1687012,12430,784959,13090,877799,599,24254,18351,620309,7760,629472,21508,1249781,California
San Diego,2021-03-30,32897,1719909,17679,802638,14442,892241,776,25030,23257,636559,9628,639100,25878,1275659,California
San Diego,2021-03-31,29776,1749685,18450,821088,10702,902943,624,25654,20293,649085,9468,648568,21994,1297653,California
San Diego,2021-04-01,32925,1782610,19646,840734,12029,914972,1250,26904,23983,666783,8922,657490,26620,1324273,California
San Diego,2021-04-02,32770,1815380,19468,860202,11132,926104,2170,29074,22742,683098,10013,667503,26328,1350601,California
San Diego,2021-04-03,28518,1843898,13115,873317,11592,937696,3811,32885,19691,698992,8816,676319,24710,1375311,California
San Diego,2021-04-04,2703,1846601,2227,875544,336,938032,140,33025,1643,699755,1060,677379,1823,1377134,California
San Francisco,2020-12-15,8,8,8,8,0,0,0,0,8,8,0,0,8,8,California
San Francisco,2020-12-16,230,238,230,238,0,0,0,0,230,238,0,0,230,238,California
San Francisco,2020-12-17,397,635,397,635,0,0,0,0,397,635,0,0,397,635,California
San Francisco,2020-12-18,884,1519,884,1519,0,0,0,0,884,1519,0,0,884,1519,California
San Francisco,2020-12-19,600,2119,600,2119,0,0,0,0,600,2119,0,0,600,2119,California
San Francisco,2020-12-20,484,2603,484,2603,0,0,0,0,484,2603,0,0,484,2603,California
San Francisco,2020-12-21,1161,3764,1161,3764,0,0,0,0,1161,3764,0,0,1161,3764,California
San Francisco,2020-12-22,1406,5170,1372,5136,34,34,0,0,1406,5170,0,0,1406,5170,California
San Francisco,2020-12-23,1321,6491,1032,6168,289,323,0,0,1321,6491,0,0,1321,6491,California
San Francisco,2020-12-24,839,7330,504,6672,335,658,0,0,839,7330,0,0,839,7330,California
San Francisco,2020-12-25,30,7360,25,6697,5,663,0,0,30,7360,0,0,30,7360,California
San Francisco,2020-12-26,243,7603,149,6846,94,757,0,0,243,7603,0,0,243,7603,California
San Francisco,2020-12-27,274,7877,61,6907,213,970,0,0,274,7877,0,0,274,7877,California
San Francisco,2020-12-28,1264,9141,680,7587,584,1554,0,0,1264,9141,0,0,1264,9141,California
San Francisco,2020-12-29,1247,10388,621,8208,626,2180,0,0,1247,10388,0,0,1247,10388,California
San Francisco,2020-12-30,1472,11860,770,8978,702,2882,0,0,1472,11860,0,0,1472,11860,California
San Francisco,2020-12-31,961,12821,409,9387,552,3434,0,0,961,12821,0,0,961,12821,California
San Francisco,2021-01-01,66,12887,58,9445,8,3442,0,0,66,12887,0,0,66,12887,California
San Francisco,2021-01-02,331,13218,299,9744,32,3474,0,0,331,13218,0,0,331,13218,California
San Francisco,2021-01-03,294,13512,100,9844,194,3668,0,0,293,13510,1,1,293,13511,California
San Francisco,2021-01-04,1836,15348,1356,11200,480,4148,0,0,1833,15340,3,4,1833,15344,California
San Francisco,2021-01-05,2232,17580,1414,12614,818,4966,0,0,2198,17505,34,38,2199,17543,California
San Francisco,2021-01-06,1870,19450,1164,13778,706,5672,0,0,1606,18850,262,300,1607,19150,California
San Francisco,2021-01-07,2049,21499,1188,14966,861,6533,0,0,1602,20008,444,744,1602,20752,California
San Francisco,2021-01-08,2320,23819,1627,16593,693,7226,0,0,1488,20669,827,1571,1488,22240,California
San Francisco,2021-01-09,1396,25215,900,17493,496,7722,0,0,886,21048,510,2081,889,23129,California
San Francisco,2021-01-10,919,26134,540,18033,379,8101,0,0,465,21060,453,2534,465,23594,California
San Francisco,2021-01-11,2466,28600,1833,19866,633,8734,0,0,1400,21393,1067,3601,1400,24994,California
San Francisco,2021-01-12,3089,31689,2059,21925,1030,9764,0,0,1891,22087,1198,4799,1892,26886,California
San Francisco,2021-01-13,2819,34508,1608,23533,1211,10975,0,0,1996,23260,823,5622,1996,28882,California
San Francisco,2021-01-14,2400,36908,1067,24600,1333,12308,0,0,1859,24579,541,6163,1860,30742,California
San Francisco,2021-01-15,2752,39660,1172,25772,1580,13888,0,0,2337,26506,413,6576,2340,33082,California
San Francisco,2021-01-16,2262,41922,982,26754,1280,15168,0,0,2081,28406,181,6757,2081,35163,California
San Francisco,2021-01-17,1918,43840,527,27281,1391,16559,0,0,1706,29900,212,6969,1706,36869,California
San Francisco,2021-01-18,1383,45223,600,27881,783,17342,0,0,1109,30740,273,7242,1113,37982,California
San Francisco,2021-01-19,2556,47779,1464,29345,1092,18434,0,0,1821,31829,735,7977,1824,39806,California
San Francisco,2021-01-20,2679,50458,1069,30414,1610,20044,0,0,1942,33037,734,8711,1942,41748,California
San Francisco,2021-01-21,3274,53732,924,31338,2350,22394,0,0,2452,34669,820,9531,2452,44200,California
San Francisco,2021-01-22,3169,56901,633,31971,2536,24930,0,0,2721,36944,446,9977,2721,46921,California
San Francisco,2021-01-23,3091,59992,606,32577,2485,27415,0,0,2726,39307,364,10341,2727,49648,California
San Francisco,2021-01-24,2420,62412,359,32936,2061,29476,0,0,2190,41272,225,10566,2190,51838,California
San Francisco,2021-01-25,4563,66975,1771,34707,2792,32268,0,0,3022,42762,1539,12105,3029,54867,California
San Francisco,2021-01-26,4634,71609,2114,36821,2520,34788,0,0,3059,44254,1573,13678,3065,57932,California
San Francisco,2021-01-27,4423,76032,2082,38903,2341,37129,0,0,3071,45978,1347,15025,3071,61003,California
San Francisco,2021-01-28,3749,79781,1552,40455,2197,39326,0,0,2577,47389,1166,16191,2577,63580,California
San Francisco,2021-01-29,4695,84476,1661,42116,3034,42360,0,0,3437,49575,1251,17442,3437,67017,California
San Francisco,2021-01-30,3721,88197,1794,43910,1927,44287,0,0,3320,52496,400,17842,3321,70338,California
San Francisco,2021-01-31,2395,90592,869,44779,1526,45813,0,0,2187,54479,206,18048,2189,72527,California
San Francisco,2021-02-01,3760,94352,1505,46284,2255,48068,0,0,2869,56460,891,18939,2872,75399,California
San Francisco,2021-02-02,4639,98991,1958,48242,2681,50749,0,0,2875,57577,1758,20697,2875,78274,California
San Francisco,2021-02-03,5049,104040,2362,50604,2687,53436,0,0,3752,60034,1295,21992,3752,82026,California
San Francisco,2021-02-04,5011,109051,2430,53034,2581,56017,0,0,3856,62737,1153,23145,3856,85882,California
San Francisco,2021-02-05,5909,114960,3186,56220,2723,58740,0,0,4584,66001,1322,24467,4586,90468,California
San Francisco,2021-02-06,5447,120407,3644,59864,1803,60543,0,0,4546,69650,897,25364,4546,95014,California
San Francisco,2021-02-07,4302,124709,3171,63035,1131,61674,0,0,3733,72817,568,25932,3735,98749,California
San Francisco,2021-02-08,6682,131391,4601,67636,2081,63755,0,0,5478,77110,1185,27117,5478,104227,California
San Francisco,2021-02-09,5907,137298,3985,71621,1922,65677,0,0,4361,79928,1543,28660,4361,108588,California
San Francisco,2021-02-10,6802,144100,4156,75777,2646,68323,0,0,5057,83249,1737,30397,5058,113646,California
San Francisco,2021-02-11,6650,150750,3937,79714,2713,71036,0,0,4847,86296,1801,32198,4848,118494,California
San Francisco,2021-02-12,5297,156047,2658,82372,2639,73675,0,0,3479,87957,1818,34016,3479,121973,California
San Francisco,2021-02-13,4273,160320,2486,84858,1787,75462,0,0,2949,89586,1322,35338,2951,124924,California
San Francisco,2021-02-14,3416,163736,2240,87098,1176,76638,0,0,2299,90770,1116,36454,2300,127224,California
San Francisco,2021-02-15,2753,166489,1490,88588,1263,77901,0,0,1670,91360,1082,37536,1672,128896,California
San Francisco,2021-02-16,4978,171467,2731,91319,2247,80148,0,0,2972,92339,1999,39535,2978,131874,California
San Francisco,2021-02-17,5416,176883,2701,94020,2715,82863,0,0,2987,92904,2422,41957,2987,134861,California
San Francisco,2021-02-18,5369,182252,2636,96656,2733,85596,0,0,2834,93204,2535,44492,2835,137696,California
San Francisco,2021-02-19,5621,187873,2640,99296,2981,88577,0,0,2929,93449,2684,47176,2929,140625,California
San Francisco,2021-02-20,4506,192379,2169,101465,2337,90914,0,0,1703,92359,2794,49970,1704,142329,California
San Francisco,2021-02-21,2698,195077,1338,102803,1360,92274,0,0,1125,91915,1569,51539,1125,143454,California
San Francisco,2021-02-22,5070,200147,3152,105955,1918,94192,0,0,2538,91930,2525,54064,2540,145994,California
San Francisco,2021-02-23,5428,205575,3081,109036,2347,96539,0,0,2771,92050,2652,56716,2772,148766,California
San Francisco,2021-02-24,8958,214533,5075,114111,3883,100422,0,0,4783,92669,4165,60881,4784,153550,California
San Francisco,2021-02-25,9747,224280,6858,120969,2889,103311,0,0,6296,95515,3451,64332,6297,159847,California
San Francisco,2021-02-26,11826,236106,7720,128689,4106,107417,0,0,6990,97672,4834,69166,6991,166838,California
San Francisco,2021-02-27,8818,244924,5624,134313,3193,110610,1,1,4457,97780,4352,73518,4460,171298,California
San Francisco,2021-02-28,7667,252591,5491,139804,2176,112786,0,1,3826,97768,3839,77357,3827,175125,California
San Francisco,2021-03-01,10508,263099,7102,146906,3406,116192,0,1,5102,97485,5387,82744,5104,180229,California
San Francisco,2021-03-02,8715,271814,5551,152457,3164,119356,0,1,5062,98901,3647,86391,5063,185292,California
San Francisco,2021-03-03,10289,282103,5991,158448,4298,123654,0,1,5442,99504,4839,91230,5442,190734,California
San Francisco,2021-03-04,7863,289966,5165,163613,2698,126352,0,1,4370,100388,3486,94716,4370,195104,California
San Francisco,2021-03-05,7773,297739,4818,168431,2952,129304,3,4,4851,102335,2910,97626,4857,199961,California
San Francisco,2021-03-06,6787,304526,4375,172806,2203,131507,209,213,4247,104238,2552,100178,4455,204416,California
San Francisco,2021-03-07,5082,309608,3947,176753,1074,132581,61,274,2846,104897,2249,102427,2908,207324,California
San Francisco,2021-03-08,7001,316609,5082,181835,1757,134338,162,436,5490,109006,1545,103972,5654,212978,California
San Francisco,2021-03-09,6624,323233,3829,185664,2415,136753,380,816,4517,111786,2114,106086,4894,217872,California
San Francisco,2021-03-10,10091,333324,5734,191398,3875,140628,482,1298,6183,114559,3893,109979,6666,224538,California
San Francisco,2021-03-11,9287,342611,5767,197165,2697,143325,823,2121,6099,118303,3176,113155,6920,231458,California
San Francisco,2021-03-12,9372,351983,5441,202606,2897,146222,1034,3155,5307,120606,4039,117194,6342,237800,California
San Francisco,2021-03-13,5925,357908,3555,206161,1412,147634,958,4113,3727,123097,2194,119388,4685,242485,California
San Francisco,2021-03-14,7251,365159,4716,210877,2302,149936,233,4346,3926,123940,3316,122704,4159,246644,California
San Francisco,2021-03-15,11920,377079,9014,219891,1973,151909,933,5279,8269,129502,3638,126342,9200,255844,California
San Francisco,2021-03-16,12009,389088,8179,228070,3374,155283,456,5735,8763,135486,3231,129573,9215,265059,California
San Francisco,2021-03-17,12815,401903,8018,236088,4257,159540,540,6275,9250,141734,3544,133117,9792,274851,California
San Francisco,2021-03-18,8732,410635,5984,242072,2232,161772,516,6791,4904,143344,3810,136927,5420,280271,California
San Francisco,2021-03-19,10454,421089,7761,249833,2332,164104,361,7152,5619,144510,4815,141742,5981,286252,California
San Francisco,2021-03-20,5865,426954,4296,254129,1296,165400,273,7425,3634,146206,2215,143957,3911,290163,California
San Francisco,2021-03-21,6211,433165,5640,259769,439,165839,132,7557,3553,147242,2650,146607,3686,293849,California
San Francisco,2021-03-22,9665,442830,6803,266572,2042,167881,820,8377,5124,148666,4519,151126,5943,299792,California
San Francisco,2021-03-23,11195,454025,7391,273963,3165,171046,639,9016,6843,151834,4324,155450,7492,307284,California
San Francisco,2021-03-24,12135,466160,9202,283165,2401,173447,532,9548,6367,153045,5736,161186,6947,314231,California
San Francisco,2021-03-25,11690,477850,8497,291662,2664,176111,529,10077,5987,153956,5648,166834,6559,320790,California
San Francisco,2021-03-26,11724,489574,8063,299725,3429,179540,232,10309,6207,154991,5490,172324,6525,327315,California
San Francisco,2021-03-27,8358,497932,5618,305343,2514,182054,226,10535,3856,154655,4488,176812,4152,331467,California
San Francisco,2021-03-28,6364,504296,5039,310382,1285,183339,40,10575,3050,154456,3297,180109,3098,334565,California
San Francisco,2021-03-29,11175,515471,7672,318054,3317,186656,186,10761,5063,153662,6092,186201,5298,339863,California
San Francisco,2021-03-30,11447,526918,7123,325177,4035,190691,289,11050,7003,156576,4422,190623,7336,347199,California
San Francisco,2021-03-31,12137,539055,8000,333177,3831,194522,306,11356,5893,156719,6213,196836,6356,353555,California
San Francisco,2021-04-01,13449,552504,7210,340387,4604,199126,1635,12991,5899,157282,7514,204350,8077,361632,California
San Francisco,2021-04-02,14417,566921,6452,346839,6189,205315,1776,14767,7045,159336,7355,211705,9409,371041,California
San Francisco,2021-04-03,9528,576449,4235,351074,3663,208978,1630,16397,4462,160546,5057,216762,6267,377308,California
San Francisco,2021-04-04,7416,583865,3909,354983,2137,211115,1370,17767,2812,160149,4598,221360,4201,381509,California
San Joaquin,2020-12-15,12,12,12,12,0,0,0,0,12,12,0,0,12,12,California
San Joaquin,2020-12-16,436,448,436,448,0,0,0,0,436,448,0,0,436,448,California
San Joaquin,2020-12-17,386,834,386,834,0,0,0,0,386,834,0,0,386,834,California
San Joaquin,2020-12-18,574,1408,549,1383,25,25,0,0,574,1408,0,0,574,1408,California
San Joaquin,2020-12-19,202,1610,202,1585,0,25,0,0,202,1610,0,0,202,1610,California
San Joaquin,2020-12-20,112,1722,112,1697,0,25,0,0,112,1722,0,0,112,1722,California
San Joaquin,2020-12-21,556,2278,551,2248,5,30,0,0,556,2278,0,0,556,2278,California
San Joaquin,2020-12-22,1054,3332,895,3143,159,189,0,0,1053,3331,0,0,1053,3331,California
San Joaquin,2020-12-23,1023,4355,956,4099,67,256,0,0,1021,4352,0,0,1021,4352,California
San Joaquin,2020-12-24,221,4576,193,4292,28,284,0,0,220,4572,0,0,220,4572,California
San Joaquin,2020-12-25,14,4590,14,4306,0,284,0,0,14,4586,0,0,14,4586,California
San Joaquin,2020-12-26,100,4690,28,4334,72,356,0,0,100,4686,0,0,100,4686,California
San Joaquin,2020-12-27,40,4730,29,4363,11,367,0,0,40,4726,0,0,40,4726,California
San Joaquin,2020-12-28,646,5376,440,4803,206,573,0,0,646,5372,0,0,646,5372,California
San Joaquin,2020-12-29,874,6250,738,5541,136,709,0,0,874,6246,0,0,874,6246,California
San Joaquin,2020-12-30,1047,7297,742,6283,305,1014,0,0,1046,7292,0,0,1046,7292,California
San Joaquin,2020-12-31,450,7747,200,6483,250,1264,0,0,451,7743,0,0,451,7743,California
San Joaquin,2021-01-01,16,7763,10,6493,6,1270,0,0,16,7759,0,0,16,7759,California
San Joaquin,2021-01-02,250,8013,228,6721,22,1292,0,0,249,8008,0,0,249,8008,California
San Joaquin,2021-01-03,35,8048,18,6739,17,1309,0,0,34,8041,1,1,34,8042,California
San Joaquin,2021-01-04,484,8532,341,7080,143,1452,0,0,481,8522,0,1,481,8523,California
San Joaquin,2021-01-05,1021,9553,713,7793,308,1760,0,0,850,9203,172,173,853,9376,California
San Joaquin,2021-01-06,1303,10856,784,8577,519,2279,0,0,938,9785,360,533,942,10318,California
San Joaquin,2021-01-07,1130,11986,718,9295,412,2691,0,0,806,10273,320,853,808,11126,California
San Joaquin,2021-01-08,1339,13325,949,10244,390,3081,0,0,806,10551,529,1382,807,11933,California
San Joaquin,2021-01-09,373,13698,298,10542,75,3156,0,0,245,10668,128,1510,245,12178,California
San Joaquin,2021-01-10,217,13915,111,10653,106,3262,0,0,167,10785,50,1560,167,12345,California
San Joaquin,2021-01-11,1568,15483,1360,12013,208,3470,0,0,923,11069,644,2204,928,13273,California
San Joaquin,2021-01-12,1520,17003,1082,13095,438,3908,0,0,759,11078,759,2963,768,14041,California
San Joaquin,2021-01-13,1481,18484,844,13939,637,4545,0,0,959,11517,523,3486,962,15003,California
San Joaquin,2021-01-14,1590,20074,905,14844,685,5230,0,0,1225,12414,334,3820,1231,16234,California
San Joaquin,2021-01-15,1573,21647,681,15525,892,6122,0,0,1325,13514,227,4047,1327,17561,California
San Joaquin,2021-01-16,1174,22821,193,15718,981,7103,0,0,1149,14638,25,4072,1149,18710,California
San Joaquin,2021-01-17,1648,24469,125,15843,1523,8626,0,0,1619,16230,29,4101,1621,20331,California
San Joaquin,2021-01-18,720,25189,239,16082,481,9107,0,0,598,16710,118,4219,598,20929,California
San Joaquin,2021-01-19,1888,27077,898,16980,990,10097,0,0,1181,17192,704,4923,1186,22115,California
San Joaquin,2021-01-20,2138,29215,1315,18295,823,10920,0,0,1461,17983,676,5599,1467,23582,California
San Joaquin,2021-01-21,2006,31221,937,19232,1069,11989,0,0,1584,19156,417,6016,1590,25172,California
San Joaquin,2021-01-22,1984,33205,967,20199,1017,13006,0,0,1838,20855,143,6159,1842,27014,California
San Joaquin,2021-01-23,933,34138,401,20600,532,13538,0,0,661,21248,270,6429,663,27677,California
San Joaquin,2021-01-24,338,34476,129,20729,209,13747,0,0,317,21546,19,6448,317,27994,California
San Joaquin,2021-01-25,2012,36488,1173,21902,839,14586,0,0,1437,22413,574,7022,1441,29435,California
San Joaquin,2021-01-26,2203,38691,1165,23067,1038,15624,0,0,1560,23337,640,7662,1564,30999,California
San Joaquin,2021-01-27,1816,40507,820,23887,996,16620,0,0,1306,24142,507,8169,1312,32311,California
San Joaquin,2021-01-28,2146,42653,851,24738,1295,17915,0,0,1465,24931,679,8848,1468,33779,California
San Joaquin,2021-01-29,2270,44923,1142,25880,1128,19043,0,0,1891,26455,374,9222,1898,35677,California
San Joaquin,2021-01-30,2385,47308,333,26213,2052,21095,0,0,2205,28501,161,9383,2207,37884,California
San Joaquin,2021-01-31,1573,48881,181,26394,1392,22487,0,0,1496,29936,62,9445,1497,39381,California
San Joaquin,2021-02-01,2638,51519,1416,27810,1222,23709,0,0,1864,31032,769,10214,1865,41246,California
San Joaquin,2021-02-02,2709,54228,1244,29054,1465,25174,0,0,2078,32491,623,10837,2082,43328,California
San Joaquin,2021-02-03,3191,57419,1308,30362,1883,27057,0,0,2302,33914,884,11721,2307,45635,California
San Joaquin,2021-02-04,3563,60982,1813,32175,1750,28807,0,0,2747,35854,810,12531,2750,48385,California
San Joaquin,2021-02-05,3372,64354,1963,34138,1409,30216,0,0,2501,37490,868,13399,2504,50889,California
San Joaquin,2021-02-06,1132,65486,789,34927,343,30559,0,0,960,38282,170,13569,962,51851,California
San Joaquin,2021-02-07,612,66098,486,35413,126,30685,0,0,417,38511,188,13757,417,52268,California
San Joaquin,2021-02-08,1804,67902,1081,36494,723,31408,0,0,1501,39711,306,14063,1506,53774,California
San Joaquin,2021-02-09,2096,69998,1181,37675,915,32323,0,0,1638,40897,455,14518,1641,55415,California
San Joaquin,2021-02-10,2663,72661,1309,38984,1354,33677,0,0,1404,41069,1232,15750,1404,56819,California
San Joaquin,2021-02-11,2961,75622,1565,40549,1396,35073,0,0,1798,41730,1142,16892,1803,58622,California
San Joaquin,2021-02-12,2852,78474,1203,41752,1649,36722,0,0,1696,42281,1149,18041,1700,60322,California
San Joaquin,2021-02-13,2130,80604,404,42156,1726,38448,0,0,853,41874,1268,19309,861,61183,California
San Joaquin,2021-02-14,1889,82493,257,42413,1632,40080,0,0,684,41367,1192,20501,685,61868,California
San Joaquin,2021-02-15,1959,84452,823,43236,1136,41216,0,0,1187,41809,750,21251,1192,63060,California
San Joaquin,2021-02-16,3182,87634,1449,44685,1733,42949,0,0,1727,42099,1444,22695,1734,64794,California
San Joaquin,2021-02-17,3394,91028,1366,46051,2028,44977,0,0,1932,42587,1448,24143,1936,66730,California
San Joaquin,2021-02-18,3525,94553,1502,47553,2023,47000,0,0,2019,43130,1484,25627,2027,68757,California
San Joaquin,2021-02-19,4682,99235,2774,50327,1908,48908,0,0,2816,44117,1830,27457,2817,71574,California
San Joaquin,2021-02-20,1654,100889,638,50965,1016,49924,0,0,1145,44756,506,27963,1145,72719,California
San Joaquin,2021-02-21,610,101499,450,51415,160,50084,0,0,395,44937,215,28178,396,73115,California
San Joaquin,2021-02-22,4096,105595,3016,54431,1080,51164,0,0,3062,46995,1009,29187,3067,76182,California
San Joaquin,2021-02-23,4884,110479,3276,57707,1608,52772,0,0,3279,48709,1582,30769,3296,79478,California
San Joaquin,2021-02-24,6726,117205,4299,62006,2427,55199,0,0,5018,52054,1687,32456,5032,84510,California
San Joaquin,2021-02-25,7181,124386,4792,66798,2389,57588,0,0,4883,54680,2272,34728,4898,89408,California
San Joaquin,2021-02-26,6033,130419,3376,70174,2657,60245,0,0,4260,57211,1741,36469,4272,93680,California
San Joaquin,2021-02-27,5597,136016,1609,71783,3988,64233,0,0,2642,56951,2920,39389,2660,96340,California
San Joaquin,2021-02-28,3024,139040,1094,72877,1930,66163,0,0,1988,57922,1024,40413,1995,98335,California
San Joaquin,2021-03-01,4241,143281,1825,74702,2416,68579,0,0,2320,58345,1906,42319,2329,100664,California
San Joaquin,2021-03-02,4184,147465,1683,76385,2501,71080,0,0,2574,59395,1596,43915,2646,103310,California
San Joaquin,2021-03-03,6074,153539,3870,80255,2202,73282,2,2,4443,62234,1611,45526,4450,107760,California
San Joaquin,2021-03-04,5210,158749,2424,82679,2785,76067,1,3,3143,63414,1973,47499,3153,110913,California
San Joaquin,2021-03-05,4382,163131,1907,84586,2473,78540,2,5,2966,64984,1405,48904,2975,113888,California
San Joaquin,2021-03-06,3520,166651,2433,87019,965,79505,122,127,2935,67476,578,49482,3070,116958,California
San Joaquin,2021-03-07,1203,167854,545,87564,617,80122,41,168,933,68182,254,49736,960,117918,California
San Joaquin,2021-03-08,2988,170842,1201,88765,1683,81805,104,272,2015,69344,966,50702,2128,120046,California
San Joaquin,2021-03-09,4257,175099,1886,90651,2250,84055,121,393,2714,70655,1529,52231,2840,122886,California
San Joaquin,2021-03-10,5041,180140,2645,93296,2271,86326,125,518,3575,72904,1451,53682,3700,126586,California
San Joaquin,2021-03-11,5229,185369,2496,95792,2154,88480,579,1097,2901,74073,2317,55999,3486,130072,California
San Joaquin,2021-03-12,6622,191991,3494,99286,2851,91331,277,1374,3913,75682,2689,58688,4298,134370,California
San Joaquin,2021-03-13,3013,195004,1528,100814,1364,92695,121,1495,2125,77125,881,59569,2324,136694,California
San Joaquin,2021-03-14,1829,196833,584,101398,950,93645,295,1790,938,77476,887,60456,1238,137932,California
San Joaquin,2021-03-15,6606,203439,4047,105445,2161,95806,398,2188,3267,77845,3322,63778,3691,141623,California
San Joaquin,2021-03-16,7688,211127,4711,110156,2731,98537,246,2434,4314,79053,3366,67144,4574,146197,California
San Joaquin,2021-03-17,8933,220060,5796,115952,3065,101602,72,2506,4688,79600,4227,71371,4774,150971,California
San Joaquin,2021-03-18,8446,228506,5352,121304,2598,104200,496,3002,3894,79473,4519,75890,4392,155363,California
San Joaquin,2021-03-19,8344,236850,5018,126322,2792,106992,534,3536,4810,81346,3515,79405,5388,160751,California
San Joaquin,2021-03-20,3513,240363,1950,128272,1343,108335,220,3756,1740,81572,1756,81161,1982,162733,California
San Joaquin,2021-03-21,2311,242674,1669,129941,430,108765,212,3968,1386,82318,921,82082,1667,164400,California
San Joaquin,2021-03-22,4350,247024,2345,132286,1594,110359,411,4379,2743,83886,1595,83677,3163,167563,California
San Joaquin,2021-03-23,5658,252682,2881,135167,2616,112975,161,4540,4024,86461,1618,85295,4193,171756,California
San Joaquin,2021-03-24,7404,260086,4714,139881,2603,115578,87,4627,3239,85660,4147,89442,3346,175102,California
San Joaquin,2021-03-25,5774,265860,3439,143320,2297,117875,38,4665,3531,87030,2223,91665,3593,178695,California
San Joaquin,2021-03-26,6259,272119,2619,145939,3589,121464,51,4716,3395,87698,2832,94497,3500,182195,California
San Joaquin,2021-03-27,4944,277063,2773,148712,2129,123593,42,4758,1939,86730,2987,97484,2019,184214,California
San Joaquin,2021-03-28,2761,279824,1830,150542,904,124497,27,4785,1402,86909,1346,98830,1525,185739,California
San Joaquin,2021-03-29,4151,283975,2240,152782,1883,126380,28,4813,2185,87220,1950,100780,2261,188000,California
San Joaquin,2021-03-30,6006,289981,2974,155756,2998,129378,34,4847,3462,88225,2530,103310,3535,191535,California
San Joaquin,2021-03-31,5637,295618,3107,158863,2468,131846,62,4909,3221,89150,2404,105714,3329,194864,California
San Joaquin,2021-04-01,5309,300927,2699,161562,2555,134401,55,4964,3071,90157,2224,107938,3231,198095,California
San Joaquin,2021-04-02,4662,305589,1657,163219,2548,136949,457,5421,2157,90363,2487,110425,2693,200788,California
San Joaquin,2021-04-03,3231,308820,1531,164750,1441,138390,259,5680,1411,90259,1812,112237,1708,202496,California
San Joaquin,2021-04-04,770,309590,232,164982,375,138765,163,5843,505,90664,263,112500,668,203164,California
San Luis Obispo,2020-12-16,4,4,4,4,0,0,0,0,4,4,0,0,4,4,California
San Luis Obispo,2020-12-17,196,200,196,200,0,0,0,0,196,200,0,0,196,200,California
San Luis Obispo,2020-12-18,223,423,223,423,0,0,0,0,223,423,0,0,223,423,California
San Luis Obispo,2020-12-19,164,587,164,587,0,0,0,0,164,587,0,0,164,587,California
San Luis Obispo,2020-12-20,215,802,215,802,0,0,0,0,215,802,0,0,215,802,California
San Luis Obispo,2020-12-21,552,1354,552,1354,0,0,0,0,552,1354,0,0,552,1354,California
San Luis Obispo,2020-12-22,307,1661,303,1657,4,4,0,0,307,1661,0,0,307,1661,California
San Luis Obispo,2020-12-23,683,2344,370,2027,313,317,0,0,683,2344,0,0,683,2344,California
San Luis Obispo,2020-12-24,195,2539,19,2046,176,493,0,0,195,2539,0,0,195,2539,California
San Luis Obispo,2020-12-25,2,2541,1,2047,1,494,0,0,2,2541,0,0,2,2541,California
San Luis Obispo,2020-12-26,90,2631,12,2059,78,572,0,0,90,2631,0,0,90,2631,California
San Luis Obispo,2020-12-27,75,2706,0,2059,75,647,0,0,75,2706,0,0,75,2706,California
San Luis Obispo,2020-12-28,878,3584,431,2490,447,1094,0,0,878,3584,0,0,878,3584,California
San Luis Obispo,2020-12-29,903,4487,502,2992,401,1495,0,0,903,4487,0,0,903,4487,California
San Luis Obispo,2020-12-30,1175,5662,682,3674,493,1988,0,0,1175,5662,0,0,1175,5662,California
San Luis Obispo,2020-12-31,106,5768,4,3678,102,2090,0,0,106,5768,0,0,106,5768,California
San Luis Obispo,2021-01-01,11,5779,7,3685,4,2094,0,0,11,5779,0,0,11,5779,California
San Luis Obispo,2021-01-02,31,5810,7,3692,24,2118,0,0,31,5810,0,0,31,5810,California
San Luis Obispo,2021-01-03,16,5826,6,3698,10,2128,0,0,16,5826,0,0,16,5826,California
San Luis Obispo,2021-01-04,675,6501,525,4223,150,2278,0,0,675,6501,0,0,675,6501,California
San Luis Obispo,2021-01-05,978,7479,760,4983,218,2496,0,0,976,7475,2,2,976,7477,California
San Luis Obispo,2021-01-06,728,8207,483,5466,245,2741,0,0,720,8188,7,9,720,8197,California
San Luis Obispo,2021-01-07,1129,9336,950,6416,179,2920,0,0,687,8433,442,451,687,8884,California
San Luis Obispo,2021-01-08,881,10217,805,7221,76,2996,0,0,511,8576,369,820,512,9396,California
San Luis Obispo,2021-01-09,206,10423,198,7419,8,3004,0,0,28,8426,178,998,28,9424,California
San Luis Obispo,2021-01-10,11,10434,7,7426,4,3008,0,0,7,8429,4,1002,7,9431,California
San Luis Obispo,2021-01-11,526,10960,476,7902,50,3058,0,0,264,8432,261,1263,264,9695,California
San Luis Obispo,2021-01-12,598,11558,380,8282,218,3276,0,0,320,8474,278,1541,320,10015,California
San Luis Obispo,2021-01-13,881,12439,254,8536,627,3903,0,0,642,8879,237,1778,642,10657,California
San Luis Obispo,2021-01-14,730,13169,242,8778,488,4391,0,0,605,9372,112,1890,605,11262,California
San Luis Obispo,2021-01-15,735,13904,292,9070,443,4834,0,0,557,9756,173,2063,557,11819,California
San Luis Obispo,2021-01-16,99,14003,81,9151,18,4852,0,0,94,9845,5,2068,94,11913,California
San Luis Obispo,2021-01-17,66,14069,60,9211,6,4858,0,0,66,9911,0,2068,66,11979,California
San Luis Obispo,2021-01-18,1374,15443,389,9600,985,5843,0,0,1112,10761,262,2330,1112,13091,California
San Luis Obispo,2021-01-19,1584,17027,419,10019,1165,7008,0,0,1176,11529,408,2738,1176,14267,California
San Luis Obispo,2021-01-20,1885,18912,598,10617,1287,8295,0,0,1295,12237,588,3326,1296,15563,California
San Luis Obispo,2021-01-21,1568,20480,466,11083,1102,9397,0,0,1196,13064,369,3695,1196,16759,California
San Luis Obispo,2021-01-22,1517,21997,508,11591,1009,10406,0,0,1202,13953,313,4008,1202,17961,California
San Luis Obispo,2021-01-23,309,22306,292,11883,17,10423,0,0,294,14232,15,4023,294,18255,California
San Luis Obispo,2021-01-24,244,22550,238,12121,6,10429,0,0,239,14465,6,4029,239,18494,California
San Luis Obispo,2021-01-25,2071,24621,607,12728,1464,11893,0,0,1243,14882,828,4857,1245,19739,California
San Luis Obispo,2021-01-26,1998,26619,702,13430,1296,13189,0,0,1131,15148,865,5722,1131,20870,California
San Luis Obispo,2021-01-27,1609,28228,277,13707,1332,14521,0,0,1146,15831,463,6185,1146,22016,California
San Luis Obispo,2021-01-28,1475,29703,336,14043,1139,15660,0,0,1213,16783,261,6446,1213,23229,California
San Luis Obispo,2021-01-29,1724,31427,676,14719,1048,16708,0,0,1442,17943,282,6728,1442,24671,California
San Luis Obispo,2021-01-30,35,31462,16,14735,19,16727,0,0,25,17959,9,6737,25,24696,California
San Luis Obispo,2021-01-31,25,31487,20,14755,5,16732,0,0,22,17978,3,6740,22,24718,California
San Luis Obispo,2021-02-01,1650,33137,701,15456,949,17681,0,0,1382,19092,268,7008,1382,26100,California
San Luis Obispo,2021-02-02,1889,35026,673,16129,1216,18897,0,0,1512,20228,376,7384,1512,27612,California
San Luis Obispo,2021-02-03,1697,36723,726,16855,971,19868,0,0,1286,21103,411,7795,1286,28898,California
San Luis Obispo,2021-02-04,1654,38377,800,17655,854,20722,0,0,1086,21622,567,8362,1086,29984,California
San Luis Obispo,2021-02-05,1591,39968,719,18374,872,21594,0,0,1047,22125,545,8907,1048,31032,California
San Luis Obispo,2021-02-06,158,40126,92,18466,66,21660,0,0,94,22155,64,8971,94,31126,California
San Luis Obispo,2021-02-07,142,40268,97,18563,45,21705,0,0,73,22159,69,9040,73,31199,California
San Luis Obispo,2021-02-08,849,41117,463,19026,386,22091,0,0,490,22291,358,9398,490,31689,California
San Luis Obispo,2021-02-09,1118,42235,445,19471,673,22764,0,0,537,22259,576,9974,544,32233,California
San Luis Obispo,2021-02-10,1425,43660,487,19958,938,23702,0,0,521,21882,901,10875,524,32757,California
San Luis Obispo,2021-02-11,1326,44986,839,20797,487,24189,0,0,653,21865,670,11545,653,33410,California
San Luis Obispo,2021-02-12,776,45762,357,21154,419,24608,0,0,410,21909,366,11911,410,33820,California
San Luis Obispo,2021-02-13,385,46147,124,21278,261,24869,0,0,278,22081,106,12017,278,34098,California
San Luis Obispo,2021-02-14,308,46455,42,21320,266,25135,0,0,271,22315,37,12054,271,34369,California
San Luis Obispo,2021-02-15,708,47163,133,21453,575,25710,0,0,455,22520,250,12304,455,34824,California
San Luis Obispo,2021-02-16,2955,50118,1189,22642,1766,27476,0,0,1350,22274,1596,13900,1350,36174,California
San Luis Obispo,2021-02-17,2762,52880,1223,23865,1539,29015,0,0,1024,21567,1731,15631,1024,37198,California
San Luis Obispo,2021-02-18,2809,55689,1442,25307,1367,30382,0,0,1125,21015,1677,17308,1125,38323,California
San Luis Obispo,2021-02-19,1436,57125,1318,26625,118,30500,0,0,1113,21807,322,17630,1114,39437,California
San Luis Obispo,2021-02-20,253,57378,84,26709,169,30669,0,0,217,21988,36,17666,217,39654,California
San Luis Obispo,2021-02-21,44,57422,41,26750,3,30672,0,0,28,22000,16,17682,28,39682,California
San Luis Obispo,2021-02-22,2397,59819,1850,28600,547,31219,0,0,1458,22519,939,18621,1458,41140,California
San Luis Obispo,2021-02-23,1852,61671,1739,30339,113,31332,0,0,1365,23399,485,19106,1365,42505,California
San Luis Obispo,2021-02-24,2635,64306,1294,31633,1341,32673,0,0,832,22430,1801,20907,832,43337,California
San Luis Obispo,2021-02-25,2119,66425,1238,32871,881,33554,0,0,1200,22718,913,21820,1201,44538,California
San Luis Obispo,2021-02-26,2610,69035,1128,33999,1482,35036,0,0,1308,22729,1297,23117,1308,45846,California
San Luis Obispo,2021-02-27,568,69603,344,34343,224,35260,0,0,521,23203,47,23164,521,46367,California
San Luis Obispo,2021-02-28,196,69799,73,34416,123,35383,0,0,165,23341,27,23191,165,46532,California
San Luis Obispo,2021-03-01,2886,72685,1784,36200,1101,36484,1,1,1980,24418,906,24097,1983,48515,California
San Luis Obispo,2021-03-02,2737,75422,1686,37886,1051,37535,0,1,1653,24990,1082,25179,1654,50169,California
San Luis Obispo,2021-03-03,2064,77486,291,38177,1773,39308,0,1,690,24310,1371,26550,691,50860,California
San Luis Obispo,2021-03-04,1971,79457,1007,39184,964,40272,0,1,1022,24388,947,27497,1025,51885,California
San Luis Obispo,2021-03-05,2099,81556,889,40073,1141,41413,69,70,1150,24667,940,28437,1219,53104,California
San Luis Obispo,2021-03-06,805,82361,303,40376,406,41819,96,166,602,25156,203,28640,692,53796,California
San Luis Obispo,2021-03-07,205,82566,35,40411,91,41910,79,245,81,25194,123,28763,161,53957,California
San Luis Obispo,2021-03-08,2497,85063,724,41135,1472,43382,301,546,1346,25695,1150,29913,1651,55608,California
San Luis Obispo,2021-03-09,2717,87780,895,42030,1579,44961,243,789,1352,25928,1362,31275,1595,57203,California
San Luis Obispo,2021-03-10,2602,90382,985,43015,1437,46398,180,969,1387,26281,1214,32489,1567,58770,California
San Luis Obispo,2021-03-11,2638,93020,1109,44124,1250,47648,279,1248,1418,26761,1216,33705,1696,60466,California
San Luis Obispo,2021-03-12,2658,95678,1172,45296,1227,48875,259,1507,1299,26967,1354,35059,1560,62026,California
San Luis Obispo,2021-03-13,562,96240,227,45523,224,49099,111,1618,345,27205,217,35276,455,62481,California
San Luis Obispo,2021-03-14,320,96560,41,45564,172,49271,107,1725,77,27147,242,35518,184,62665,California
San Luis Obispo,2021-03-15,2753,99313,1047,46611,1615,50886,91,1816,1284,27057,1466,36984,1376,64041,California
San Luis Obispo,2021-03-16,2601,101914,1436,48047,1066,51952,99,1915,1263,27086,1333,38317,1362,65403,California
San Luis Obispo,2021-03-17,3002,104916,1345,49392,1425,53377,232,2147,1655,27630,1343,39660,1887,67290,California
San Luis Obispo,2021-03-18,2277,107193,1256,50648,844,54221,177,2324,964,27460,1312,40972,1142,68432,California
San Luis Obispo,2021-03-19,2194,109387,1362,52010,526,54747,306,2630,715,27007,1478,42450,1025,69457,California
San Luis Obispo,2021-03-20,714,110101,463,52473,217,54964,34,2664,312,26952,401,42851,346,69803,California
San Luis Obispo,2021-03-21,184,110285,49,52522,132,55096,3,2667,157,27085,27,42878,160,69963,California
San Luis Obispo,2021-03-22,2521,112806,1146,53668,1338,56434,37,2704,1720,28074,800,43678,1789,71752,California
San Luis Obispo,2021-03-23,3268,116074,2166,55834,1088,57522,14,2718,2178,29236,1087,44765,2249,74001,California
San Luis Obispo,2021-03-24,3322,119396,2040,57874,1211,58733,71,2789,2483,31004,835,45600,2603,76604,California
San Luis Obispo,2021-03-25,3550,122946,2259,60133,1280,60013,11,2800,2532,32607,1018,46618,2621,79225,California
San Luis Obispo,2021-03-26,3096,126042,1734,61867,939,60952,423,3223,1726,33450,1367,47985,2210,81435,California
San Luis Obispo,2021-03-27,970,127012,501,62368,390,61342,79,3302,453,33468,517,48502,535,81970,California
San Luis Obispo,2021-03-28,448,127460,155,62523,238,61580,55,3357,243,33562,205,48707,299,82269,California
San Luis Obispo,2021-03-29,2585,130045,1282,63805,1174,62754,129,3486,1669,34508,906,49613,1852,84121,California
San Luis Obispo,2021-03-30,3471,133516,1891,65696,1446,64200,134,3620,2338,35926,1130,50743,2548,86669,California
San Luis Obispo,2021-03-31,3749,137265,2421,68117,1189,65389,139,3759,2478,37533,1260,52003,2867,89536,California
San Luis Obispo,2021-04-01,2816,140081,1651,69768,1082,66471,83,3842,1951,38749,859,52862,2075,91611,California
San Luis Obispo,2021-04-02,1441,141522,654,70422,727,67198,60,3902,911,39194,530,53392,975,92586,California
San Luis Obispo,2021-04-03,1033,142555,511,70933,415,67613,107,4009,447,39187,579,53971,572,93158,California
San Luis Obispo,2021-04-04,16,142571,11,70944,2,67615,3,4012,3,39180,13,53984,6,93164,California
San Mateo,2020-12-15,25,25,25,25,0,0,0,0,25,25,0,0,25,25,California
San Mateo,2020-12-16,105,130,105,130,0,0,0,0,105,130,0,0,105,130,California
San Mateo,2020-12-17,179,309,179,309,0,0,0,0,179,309,0,0,179,309,California
San Mateo,2020-12-18,768,1077,766,1075,2,2,0,0,767,1075,1,1,767,1076,California
San Mateo,2020-12-19,525,1602,525,1600,0,2,0,0,525,1600,0,1,525,1601,California
San Mateo,2020-12-20,513,2115,512,2112,1,3,0,0,513,2113,0,1,513,2114,California
San Mateo,2020-12-21,1155,3270,1155,3267,0,3,0,0,1155,3268,0,1,1155,3269,California
San Mateo,2020-12-22,1510,4780,1503,4770,7,10,0,0,1510,4778,0,1,1510,4779,California
San Mateo,2020-12-23,1561,6341,1375,6145,186,196,0,0,1561,6339,0,1,1561,6340,California
San Mateo,2020-12-24,859,7200,603,6748,256,452,0,0,859,7198,0,1,859,7199,California
San Mateo,2020-12-25,112,7312,108,6856,4,456,0,0,112,7310,0,1,112,7311,California
San Mateo,2020-12-26,555,7867,412,7268,143,599,0,0,555,7865,0,1,555,7866,California
San Mateo,2020-12-27,297,8164,168,7436,129,728,0,0,297,8162,0,1,297,8163,California
San Mateo,2020-12-28,1038,9202,693,8129,345,1073,0,0,1038,9200,0,1,1038,9201,California
San Mateo,2020-12-29,1123,10325,705,8834,418,1491,0,0,1123,10323,0,1,1123,10324,California
San Mateo,2020-12-30,1259,11584,757,9591,502,1993,0,0,1258,11580,1,2,1258,11582,California
San Mateo,2020-12-31,706,12290,222,9813,484,2477,0,0,705,12284,1,3,705,12287,California
San Mateo,2021-01-01,35,12325,30,9843,5,2482,0,0,35,12319,0,3,35,12322,California
San Mateo,2021-01-02,395,12720,266,10109,129,2611,0,0,395,12714,0,3,395,12717,California
San Mateo,2021-01-03,281,13001,206,10315,75,2686,0,0,277,12987,4,7,277,12994,California
San Mateo,2021-01-04,1050,14051,677,10992,373,3059,0,0,1049,14035,1,8,1049,14043,California
San Mateo,2021-01-05,1183,15234,695,11687,488,3547,0,0,1155,15163,28,36,1156,15199,California
San Mateo,2021-01-06,1440,16674,948,12635,492,4039,0,0,1259,16244,178,214,1259,16458,California
San Mateo,2021-01-07,1421,18095,775,13410,646,4685,0,0,1143,17118,271,485,1145,17603,California
San Mateo,2021-01-08,1814,19909,1169,14579,645,5330,0,0,1130,17569,680,1165,1131,18734,California
San Mateo,2021-01-09,1188,21097,787,15366,401,5731,0,0,740,17861,448,1613,740,19474,California
San Mateo,2021-01-10,680,21777,552,15918,128,5859,0,0,257,17695,423,2036,257,19731,California
San Mateo,2021-01-11,2410,24187,1305,17223,1105,6964,0,0,1501,18288,910,2946,1503,21234,California
San Mateo,2021-01-12,3276,27463,1764,18987,1512,8476,0,0,2090,19196,1186,4132,2094,23328,California
San Mateo,2021-01-13,3464,30927,1747,20734,1717,10193,0,0,2437,20608,1027,5159,2439,25767,California
San Mateo,2021-01-14,3760,34687,1567,22301,2193,12386,0,0,3087,23028,672,5831,3092,28859,California
San Mateo,2021-01-15,4379,39066,1806,24107,2573,14959,0,0,3796,26248,581,6412,3801,32660,California
San Mateo,2021-01-16,3128,42194,820,24927,2308,17267,0,0,2773,28667,355,6767,2774,35434,California
San Mateo,2021-01-17,1316,43510,308,25235,1008,18275,0,0,1112,29575,204,6971,1112,36546,California
San Mateo,2021-01-18,1394,44904,556,25791,838,19113,0,0,989,30167,403,7374,995,37541,California
San Mateo,2021-01-19,2777,47681,1767,27558,1010,20123,0,0,1998,31392,778,8152,2003,39544,California
San Mateo,2021-01-20,2640,50321,1392,28950,1248,21371,0,0,1806,32370,829,8981,1807,41351,California
San Mateo,2021-01-21,2803,53124,1279,30229,1524,22895,0,0,2225,34023,577,9558,2230,43581,California
San Mateo,2021-01-22,2837,55961,1179,31408,1658,24553,0,0,2492,36172,343,9901,2492,46073,California
San Mateo,2021-01-23,2884,58845,1689,33097,1195,25748,0,0,2524,38337,360,10261,2525,48598,California
San Mateo,2021-01-24,1581,60426,397,33494,1184,26932,0,0,1252,39262,327,10588,1252,49850,California
San Mateo,2021-01-25,4394,64820,3116,36610,1278,28210,0,0,3534,41942,857,11445,3537,53387,California
San Mateo,2021-01-26,4298,69118,2997,39607,1301,29511,0,0,3380,44405,917,12362,3380,56767,California
San Mateo,2021-01-27,2747,71865,1433,41040,1314,30825,0,0,1778,45218,965,13327,1778,58545,California
San Mateo,2021-01-28,2793,74658,1359,42399,1434,32259,0,0,1939,46322,835,14162,1939,60484,California
San Mateo,2021-01-29,2905,77563,1271,43670,1634,33893,0,0,2133,47686,769,14931,2133,62617,California
San Mateo,2021-01-30,3231,80794,1336,45006,1895,35788,0,0,2912,50281,318,15249,2913,65530,California
San Mateo,2021-01-31,1908,82702,1125,46131,783,36571,0,0,1519,51417,384,15633,1520,67050,California
San Mateo,2021-02-01,2908,85610,1334,47465,1574,38145,0,0,2208,52932,696,16329,2211,69261,California
San Mateo,2021-02-02,3145,88755,1722,49187,1423,39568,0,0,2139,54067,1004,17333,2139,71400,California
San Mateo,2021-02-03,4863,93618,1937,51124,2926,42494,0,0,3816,56840,1044,18377,3817,75217,California
San Mateo,2021-02-04,6275,99893,2586,53710,3689,46183,0,0,4918,60409,1351,19728,4920,80137,California
San Mateo,2021-02-05,6767,106660,2546,56256,4221,50404,0,0,4949,63559,1800,21528,4950,85087,California
San Mateo,2021-02-06,3287,109947,1920,58176,1367,51771,0,0,2633,65539,654,22182,2634,87721,California
San Mateo,2021-02-07,1889,111836,1332,59508,557,52328,0,0,1703,67056,186,22368,1703,89424,California
San Mateo,2021-02-08,5262,117098,2236,61744,3026,55354,0,0,3087,68031,2112,24480,3087,92511,California
San Mateo,2021-02-09,6160,123258,3212,64956,2948,58302,0,0,3324,68523,2832,27312,3324,95835,California
San Mateo,2021-02-10,6500,129758,3283,68239,3217,61519,0,0,3544,69120,2947,30259,3544,99379,California
San Mateo,2021-02-11,6997,136755,3563,71802,3434,64953,0,0,3788,69709,3201,33460,3790,103169,California
San Mateo,2021-02-12,6576,143331,2949,74751,3627,68580,0,0,4678,72495,1893,35353,4679,107848,California
San Mateo,2021-02-13,6075,149406,3982,78733,2093,70673,0,0,2635,71693,3437,38790,2635,110483,California
San Mateo,2021-02-14,4620,154026,3014,81747,1606,72279,0,0,1965,71007,2652,41442,1966,112449,California
San Mateo,2021-02-15,3143,157169,1450,83197,1693,73972,0,0,1774,71417,1366,42808,1776,114225,California
San Mateo,2021-02-16,7121,164290,1857,85054,5264,79236,0,0,5276,74848,1845,44653,5276,119501,California
San Mateo,2021-02-17,7023,171313,1917,86971,5106,84342,0,0,5040,77911,1978,46631,5041,124542,California
San Mateo,2021-02-18,6655,177968,4622,91593,2033,86375,0,0,4421,80104,2229,48860,4422,128964,California
San Mateo,2021-02-19,7770,185738,5585,97178,2185,88560,0,0,5792,83921,1975,50835,5792,134756,California
San Mateo,2021-02-20,3712,189450,2396,99574,1316,89876,0,0,2294,84803,1412,52247,2294,137050,California
San Mateo,2021-02-21,2237,191687,1386,100960,851,90727,0,0,1229,85027,1005,53252,1229,138279,California
San Mateo,2021-02-22,4357,196044,3148,104108,1209,91936,0,0,2739,86157,1612,54864,2742,141021,California
San Mateo,2021-02-23,4212,200256,2984,107092,1228,93164,0,0,2424,86798,1785,56649,2426,143447,California
San Mateo,2021-02-24,7273,207529,3272,110364,4001,97165,0,0,4843,89219,2424,59073,4845,148292,California
San Mateo,2021-02-25,8940,216469,3979,114343,4961,102126,0,0,5903,92101,3022,62095,5904,154196,California
San Mateo,2021-02-26,9602,226071,3669,118012,5933,108059,0,0,6704,95918,2888,64983,6705,160901,California
San Mateo,2021-02-27,6615,232686,3398,121410,3217,111276,0,0,3571,96455,3040,68023,3577,164478,California
San Mateo,2021-02-28,4081,236767,2471,123881,1610,112886,0,0,2531,97441,1547,69570,2533,167011,California
San Mateo,2021-03-01,5586,242353,3509,127390,2077,114963,0,0,2772,97407,2806,72376,2772,169783,California
San Mateo,2021-03-02,5590,247943,3875,131265,1715,116678,0,0,3210,98247,2370,74746,3210,172993,California
San Mateo,2021-03-03,7654,255597,3562,134827,4092,120770,0,0,3128,96858,4518,79264,3129,176122,California
San Mateo,2021-03-04,7521,263118,3576,138403,3943,124713,2,2,3292,95939,4219,83483,3300,179422,California
San Mateo,2021-03-05,8098,271216,5583,143986,2513,127226,2,4,5844,99552,2240,85723,5853,185275,California
San Mateo,2021-03-06,7599,278815,5309,149295,2126,129352,164,168,5595,103317,1996,87719,5761,191036,California
San Mateo,2021-03-07,3425,282240,2278,151573,1075,130427,72,240,1961,103889,1461,89180,2033,193069,California
San Mateo,2021-03-08,4295,286535,2413,153986,1708,132135,174,414,3148,106072,1143,90323,3326,196395,California
San Mateo,2021-03-09,4456,290991,2076,156062,2100,134235,280,694,2917,107738,1531,91854,3197,199592,California
San Mateo,2021-03-10,6665,297656,2559,158621,3833,138068,273,967,4327,110012,2330,94184,4604,204196,California
San Mateo,2021-03-11,7307,304963,4102,162723,2866,140934,339,1306,3399,109854,3899,98083,3741,207937,California
San Mateo,2021-03-12,8188,313151,4689,167412,3222,144156,277,1583,3187,108333,4989,103072,3468,211405,California
San Mateo,2021-03-13,7338,320489,3154,170566,2643,146799,1541,3124,3619,109774,3716,106788,5157,216562,California
San Mateo,2021-03-14,4654,325143,3234,173800,1320,148119,100,3224,2849,110922,1801,108589,2949,219511,California
San Mateo,2021-03-15,7036,332179,4523,178323,2344,150463,169,3393,3792,111645,3238,111827,3961,223472,California
San Mateo,2021-03-16,10863,343042,4365,182688,6368,156831,130,3523,4824,110576,6026,117853,4957,228429,California
San Mateo,2021-03-17,9680,352722,4245,186933,5315,162146,120,3643,4716,110477,4943,122796,4844,233273,California
San Mateo,2021-03-18,6194,358916,3475,190408,2548,164694,171,3814,3575,111609,2617,125413,3749,237022,California
San Mateo,2021-03-19,6135,365051,4149,194557,1512,166206,474,4288,3026,112009,3103,128516,3503,240525,California
San Mateo,2021-03-20,6287,371338,5015,199572,1041,167247,231,4519,4395,114757,1879,130395,4627,245152,California
San Mateo,2021-03-21,4027,375365,3025,202597,771,168018,231,4750,2298,115562,1720,132115,2525,247677,California
San Mateo,2021-03-22,5260,380625,3551,206148,1290,169308,419,5169,2939,116616,2307,134422,3361,251038,California
San Mateo,2021-03-23,9758,390383,4448,210596,5114,174422,196,5365,4740,116578,4994,139416,4956,255994,California
San Mateo,2021-03-24,9459,399842,5409,216005,3904,178326,146,5511,4255,115958,5154,144570,4534,260528,California
San Mateo,2021-03-25,9842,409684,4764,220769,4824,183150,254,5765,4409,115336,5343,149913,4721,265249,California
San Mateo,2021-03-26,10952,420636,7500,228269,3284,186434,168,5933,4409,113516,6514,156427,4694,269943,California
San Mateo,2021-03-27,10252,430888,7811,236080,2334,188768,107,6040,4581,112636,5651,162078,4771,274714,California
San Mateo,2021-03-28,4127,435015,2671,238751,1344,190112,112,6152,2048,112737,2073,164151,2174,276888,California
San Mateo,2021-03-29,5982,440997,3666,242417,2055,192167,261,6413,2859,112776,3108,167259,3147,280035,California
San Mateo,2021-03-30,7061,448058,3988,246405,2912,195079,161,6574,4546,115036,2500,169759,4760,284795,California
San Mateo,2021-03-31,7155,455213,4554,250959,2455,197534,146,6720,4260,116628,2882,172641,4474,289269,California
San Mateo,2021-04-01,10021,465234,4828,255787,4033,201567,1160,7880,5386,118957,4612,177253,6941,296210,California
San Mateo,2021-04-02,10204,475438,5029,260816,3697,205264,1478,9358,5565,121872,4625,181878,7540,303750,California
San Mateo,2021-04-03,9105,484543,5220,266036,2350,207614,1535,10893,4679,123860,4417,186295,6405,310155,California
San Mateo,2021-04-04,3994,488537,2064,268100,865,208479,1065,11958,942,122841,3045,189340,2026,312181,California
Santa Barbara,2020-12-15,2,2,2,2,0,0,0,0,2,2,0,0,2,2,California
Santa Barbara,2020-12-16,2,4,2,4,0,0,0,0,2,4,0,0,2,4,California
Santa Barbara,2020-12-17,51,55,51,55,0,0,0,0,51,55,0,0,51,55,California
Santa Barbara,2020-12-18,377,432,376,431,1,1,0,0,377,432,0,0,377,432,California
Santa Barbara,2020-12-19,325,757,325,756,0,1,0,0,325,757,0,0,325,757,California
Santa Barbara,2020-12-20,234,991,234,990,0,1,0,0,234,991,0,0,234,991,California
Santa Barbara,2020-12-21,649,1640,647,1637,2,3,0,0,649,1640,0,0,649,1640,California
Santa Barbara,2020-12-22,243,1883,241,1878,2,5,0,0,243,1883,0,0,243,1883,California
Santa Barbara,2020-12-23,320,2203,202,2080,118,123,0,0,320,2203,0,0,320,2203,California
Santa Barbara,2020-12-24,87,2290,40,2120,47,170,0,0,87,2290,0,0,87,2290,California
Santa Barbara,2020-12-26,328,2618,67,2187,261,431,0,0,328,2618,0,0,328,2618,California
Santa Barbara,2020-12-27,62,2680,1,2188,61,492,0,0,62,2680,0,0,62,2680,California
Santa Barbara,2020-12-28,352,3032,218,2406,134,626,0,0,352,3032,0,0,352,3032,California
Santa Barbara,2020-12-29,550,3582,358,2764,192,818,0,0,550,3582,0,0,550,3582,California
Santa Barbara,2020-12-30,582,4164,402,3166,180,998,0,0,582,4164,0,0,582,4164,California
Santa Barbara,2020-12-31,238,4402,112,3278,126,1124,0,0,238,4402,0,0,238,4402,California
Santa Barbara,2021-01-01,107,4509,106,3384,1,1125,0,0,107,4509,0,0,107,4509,California
Santa Barbara,2021-01-02,587,5096,224,3608,363,1488,0,0,587,5096,0,0,587,5096,California
Santa Barbara,2021-01-03,23,5119,15,3623,8,1496,0,0,23,5119,0,0,23,5119,California
Santa Barbara,2021-01-04,306,5425,243,3866,63,1559,0,0,305,5424,0,0,305,5424,California
Santa Barbara,2021-01-05,748,6173,376,4242,372,1931,0,0,722,6120,26,26,722,6146,California
Santa Barbara,2021-01-06,656,6829,273,4515,383,2314,0,0,598,6661,57,83,598,6744,California
Santa Barbara,2021-01-07,1028,7857,706,5221,322,2636,0,0,524,6685,500,583,524,7268,California
Santa Barbara,2021-01-08,1202,9059,839,6060,363,2999,0,0,709,6901,493,1076,709,7977,California
Santa Barbara,2021-01-09,568,9627,293,6353,275,3274,0,0,323,6979,245,1321,323,8300,California
Santa Barbara,2021-01-10,65,9692,51,6404,14,3288,0,0,49,7012,16,1337,49,8349,California
Santa Barbara,2021-01-11,839,10531,668,7072,171,3459,0,0,615,7404,223,1560,615,8964,California
Santa Barbara,2021-01-12,1428,11959,634,7706,794,4253,0,0,1271,8518,157,1717,1271,10235,California
Santa Barbara,2021-01-13,1229,13188,280,7986,949,5202,0,0,1104,9497,125,1842,1104,11339,California
Santa Barbara,2021-01-14,1244,14432,133,8119,1111,6313,0,0,1190,10634,53,1895,1190,12529,California
Santa Barbara,2021-01-15,1792,16224,414,8533,1378,7691,0,0,1713,12269,78,1973,1713,14242,California
Santa Barbara,2021-01-16,1269,17493,199,8732,1070,8761,0,0,1231,13463,37,2010,1231,15473,California
Santa Barbara,2021-01-17,125,17618,21,8753,104,8865,0,0,121,13580,4,2014,121,15594,California
Santa Barbara,2021-01-18,1150,18768,416,9169,734,9599,0,0,966,14363,183,2197,966,16560,California
Santa Barbara,2021-01-19,1637,20405,565,9734,1072,10671,0,0,1359,15445,277,2474,1359,17919,California
Santa Barbara,2021-01-20,1984,22389,441,10175,1543,12214,0,0,1695,16852,288,2762,1695,19614,California
Santa Barbara,2021-01-21,3084,25473,1814,11989,1270,13484,0,0,2933,19635,151,2913,2934,22548,California
Santa Barbara,2021-01-22,2990,28463,1849,13838,1141,14625,0,0,2845,22338,142,3055,2845,25393,California
Santa Barbara,2021-01-23,1732,30195,1107,14945,625,15250,0,0,1222,23051,509,3564,1222,26615,California
Santa Barbara,2021-01-24,845,31040,754,15699,91,15341,0,0,837,23880,8,3572,837,27452,California
Santa Barbara,2021-01-25,1232,32272,492,16191,740,16081,0,0,995,24638,237,3809,995,28447,California
Santa Barbara,2021-01-26,2033,34305,458,16649,1575,17656,0,0,1649,25906,382,4191,1650,30097,California
Santa Barbara,2021-01-27,1154,35459,399,17048,755,18411,0,0,899,26551,254,4445,899,30996,California
Santa Barbara,2021-01-28,890,36349,293,17341,597,19008,0,0,680,27024,207,4652,680,31676,California
Santa Barbara,2021-01-29,1328,37677,533,17874,795,19803,0,0,975,27651,350,5002,977,32653,California
Santa Barbara,2021-01-30,1894,39571,1422,19296,472,20275,0,0,1491,28742,400,5402,1491,34144,California
Santa Barbara,2021-01-31,1458,41029,1221,20517,237,20512,0,0,1418,30120,40,5442,1418,35562,California
Santa Barbara,2021-02-01,931,41960,516,21033,415,20927,0,0,544,30278,386,5828,544,36106,California
Santa Barbara,2021-02-02,1809,43769,693,21726,1116,22043,0,0,1036,30544,770,6598,1036,37142,California
Santa Barbara,2021-02-03,1943,45712,1077,22803,866,22909,0,0,1500,31610,434,7032,1500,38642,California
Santa Barbara,2021-02-04,2775,48487,1859,24662,916,23825,0,0,2481,33802,289,7321,2481,41123,California
Santa Barbara,2021-02-05,2900,51387,2057,26719,843,24668,0,0,2259,35421,640,7961,2259,43382,California
Santa Barbara,2021-02-06,1200,52587,337,27056,863,25531,0,0,794,35809,406,8367,794,44176,California
Santa Barbara,2021-02-07,300,52887,262,27318,38,25569,0,0,265,36040,34,8401,265,44441,California
Santa Barbara,2021-02-08,952,53839,307,27625,645,26214,0,0,666,36420,286,8687,666,45107,California
Santa Barbara,2021-02-09,2432,56271,312,27937,2120,28334,0,0,1119,36235,1304,9991,1119,46226,California
Santa Barbara,2021-02-10,2753,59024,1495,29432,1258,29592,0,0,798,35084,1949,11940,798,47024,California
Santa Barbara,2021-02-11,4177,63201,2803,32235,1374,30966,0,0,619,32150,3553,15493,619,47643,California
Santa Barbara,2021-02-12,3298,66499,945,33180,2353,33319,0,0,769,30395,2524,18017,769,48412,California
Santa Barbara,2021-02-13,1233,67732,337,33517,896,34215,0,0,561,30287,669,18686,561,48973,California
Santa Barbara,2021-02-14,331,68063,33,33550,298,34513,0,0,285,30526,46,18732,285,49258,California
Santa Barbara,2021-02-15,953,69016,335,33885,618,35131,0,0,487,30551,462,19194,487,49745,California
Santa Barbara,2021-02-16,2112,71128,396,34281,1716,36847,0,0,721,29883,1389,20583,721,50466,California
Santa Barbara,2021-02-17,1425,72553,317,34598,1108,37955,0,0,512,29484,911,21494,512,50978,California
Santa Barbara,2021-02-18,3249,75802,2646,37244,603,38558,0,0,1517,29303,1698,23192,1517,52495,California
Santa Barbara,2021-02-19,3601,79403,2649,39893,952,39510,0,0,2334,30372,1265,24457,2334,54829,California
Santa Barbara,2021-02-20,2219,81622,1428,41321,791,40301,0,0,1669,31501,541,24998,1670,56499,California
Santa Barbara,2021-02-21,103,81725,77,41398,26,40327,0,0,51,31500,52,25050,51,56550,California
Santa Barbara,2021-02-22,907,82632,229,41627,678,41005,0,0,253,31106,647,25697,253,56803,California
Santa Barbara,2021-02-23,3179,85811,1042,42669,2137,43142,0,0,422,28773,2755,28452,422,57225,California
Santa Barbara,2021-02-24,3159,88970,1080,43749,2079,45221,0,0,710,27042,2441,30893,710,57935,California
Santa Barbara,2021-02-25,3451,92421,1917,45666,1534,46755,0,0,986,25570,2458,33351,986,58921,California
Santa Barbara,2021-02-26,3637,96058,2168,47834,1469,48224,0,0,1977,25893,1655,35006,1978,60899,California
Santa Barbara,2021-02-27,1517,97575,561,48395,956,49180,0,0,840,26064,672,35678,843,61742,California
Santa Barbara,2021-02-28,1071,98646,215,48610,856,50036,0,0,883,26763,185,35863,884,62626,California
Santa Barbara,2021-03-01,1581,100227,458,49068,1123,51159,0,0,1069,27325,509,36372,1071,63697,California
Santa Barbara,2021-03-02,2480,102707,388,49456,2092,53251,0,0,2012,28877,460,36832,2012,65709,California
Santa Barbara,2021-03-03,4451,107158,2067,51523,2382,55633,2,2,3884,32209,558,37390,3890,69599,California
Santa Barbara,2021-03-04,3350,110508,2251,53774,1099,56732,0,2,2813,34491,532,37922,2814,72413,California
Santa Barbara,2021-03-05,3742,114250,2153,55927,1533,58265,56,58,3046,36903,691,38613,3103,75516,California
Santa Barbara,2021-03-06,2368,116618,703,56630,1466,59731,199,257,1628,37991,738,39351,1826,77342,California
Santa Barbara,2021-03-07,544,117162,123,56753,305,60036,116,373,381,38326,163,39514,498,77840,California
Santa Barbara,2021-03-08,1519,118681,368,57121,839,60875,312,685,772,38667,743,40257,1084,78924,California
Santa Barbara,2021-03-09,2668,121349,327,57448,1630,62505,711,1396,683,38079,1981,42238,1393,80317,California
Santa Barbara,2021-03-10,2426,123775,415,57863,1108,63613,903,2299,863,38289,1556,43794,1766,82083,California
Santa Barbara,2021-03-11,5294,129069,2935,60798,1334,64947,1025,3324,2132,38291,3155,46949,3157,85240,California
Santa Barbara,2021-03-12,2967,132036,1795,62593,828,65775,344,3668,1820,39312,1144,48093,2165,87405,California
Santa Barbara,2021-03-13,2708,134744,1494,64087,1071,66846,143,3811,2182,41114,525,48618,2327,89732,California
Santa Barbara,2021-03-14,494,135238,242,64329,198,67044,54,3865,288,41250,206,48824,342,90074,California
Santa Barbara,2021-03-15,2040,137278,669,64998,1109,68153,262,4127,1237,41950,799,49623,1499,91573,California
Santa Barbara,2021-03-16,3557,140835,1132,66130,2089,70242,336,4463,2580,43893,973,50596,2916,94489,California
Santa Barbara,2021-03-17,3131,143966,882,67012,1851,72093,398,4861,2175,45513,954,51550,2574,97063,California
Santa Barbara,2021-03-18,3534,147500,2204,69216,1174,73267,156,5017,2495,47136,1030,52580,2653,99716,California
Santa Barbara,2021-03-19,3350,150850,1998,71214,1036,74303,316,5333,2170,48447,1177,53757,2488,102204,California
Santa Barbara,2021-03-20,1552,152402,672,71886,873,75176,7,5340,973,48849,578,54335,980,103184,California
Santa Barbara,2021-03-21,1132,153534,368,72254,734,75910,30,5370,812,49375,317,54652,843,104027,California
Santa Barbara,2021-03-22,2716,156250,1858,74112,812,76722,46,5416,2169,51053,541,55193,2219,106246,California
Santa Barbara,2021-03-23,4296,160546,2205,76317,1997,78719,94,5510,3547,53953,742,55935,3642,109888,California
Santa Barbara,2021-03-24,5220,165766,3036,79353,1460,80179,724,6234,2816,55105,2387,58322,3539,113427,California
Santa Barbara,2021-03-25,5409,171175,3211,82564,2019,82198,179,6413,2674,55239,2722,61044,2856,116283,California
Santa Barbara,2021-03-26,5015,176190,3171,85735,1549,83747,295,6708,2193,54921,2808,63852,2490,118773,California
Santa Barbara,2021-03-27,2890,179080,1209,86944,1640,85387,41,6749,1579,55243,1305,65157,1627,120400,California
Santa Barbara,2021-03-28,2683,181763,1585,88529,1070,86457,28,6777,1806,56205,874,66031,1836,122236,California
Santa Barbara,2021-03-29,3956,185719,2018,90547,1865,88322,73,6850,3159,58655,793,66824,3243,125479,California
Santa Barbara,2021-03-30,6568,192287,3324,93871,3096,91418,148,6998,4355,60964,2203,69027,4512,129991,California
Santa Barbara,2021-03-31,7596,199883,5198,99069,2331,93749,67,7065,4793,63264,2789,71816,5089,135080,California
Santa Barbara,2021-04-01,6516,206399,4788,103857,1519,95268,209,7274,3855,64768,2653,74469,4157,139237,California
Santa Barbara,2021-04-02,4863,211262,3207,107064,1412,96680,244,7518,2161,64642,2698,77167,2572,141809,California
Santa Barbara,2021-04-03,2439,213701,879,107943,1515,98195,45,7563,1274,64837,1159,78326,1354,143163,California
Santa Barbara,2021-04-04,98,213799,84,108027,8,98203,6,7569,46,64840,52,78378,55,143218,California
Santa Clara,2020-12-15,63,63,63,63,0,0,0,0,63,63,0,0,63,63,California
Santa Clara,2020-12-16,132,195,132,195,0,0,0,0,132,195,0,0,132,195,California
Santa Clara,2020-12-17,453,648,453,648,0,0,0,0,453,648,0,0,453,648,California
Santa Clara,2020-12-18,1720,2368,1720,2368,0,0,0,0,1720,2368,0,0,1720,2368,California
Santa Clara,2020-12-19,2110,4478,2110,4478,0,0,0,0,2108,4475,1,1,2108,4476,California
Santa Clara,2020-12-20,1875,6353,1869,6347,6,6,0,0,1872,6347,0,1,1872,6348,California
Santa Clara,2020-12-21,2646,8999,2646,8993,0,6,0,0,2643,8989,1,2,2643,8991,California
Santa Clara,2020-12-22,3105,12104,3096,12089,9,15,0,0,3103,12092,0,2,3103,12094,California
Santa Clara,2020-12-23,3232,15336,3047,15136,185,200,0,0,3230,15322,0,2,3230,15324,California
Santa Clara,2020-12-24,1887,17223,1698,16834,189,389,0,0,1881,17202,1,3,1881,17205,California
Santa Clara,2020-12-25,337,17560,336,17170,1,390,0,0,337,17539,0,3,337,17542,California
Santa Clara,2020-12-26,1257,18817,1026,18196,231,621,0,0,1256,18795,0,3,1256,18798,California
Santa Clara,2020-12-27,635,19452,498,18694,137,758,0,0,635,19430,0,3,635,19433,California
Santa Clara,2020-12-28,2322,21774,1720,20414,602,1360,0,0,2322,21752,0,3,2322,21755,California
Santa Clara,2020-12-29,2321,24095,1458,21872,863,2223,0,0,2319,24071,0,3,2319,24074,California
Santa Clara,2020-12-30,2970,27065,1882,23754,1088,3311,0,0,2970,27041,0,3,2970,27044,California
Santa Clara,2020-12-31,1200,28265,385,24139,815,4126,0,0,1199,28239,1,4,1199,28243,California
Santa Clara,2021-01-01,135,28400,5,24144,130,4256,0,0,135,28374,0,4,135,28378,California
Santa Clara,2021-01-02,1082,29482,811,24955,271,4527,0,0,1082,29456,0,4,1082,29460,California
Santa Clara,2021-01-03,583,30065,367,25322,216,4743,0,0,581,30035,2,6,581,30041,California
Santa Clara,2021-01-04,2473,32538,1669,26991,804,5547,0,0,2470,32504,1,7,2470,32511,California
Santa Clara,2021-01-05,3051,35589,1995,28986,1056,6603,0,0,2866,35189,184,191,2869,35380,California
Santa Clara,2021-01-06,3300,38889,1942,30928,1358,7961,0,0,2732,37357,565,756,2733,38113,California
Santa Clara,2021-01-07,4129,43018,2470,33398,1659,9620,0,0,3103,39451,1016,1772,3110,41223,California
Santa Clara,2021-01-08,5850,48868,3827,37225,2023,11643,0,0,3791,41188,2054,3826,3791,45014,California
Santa Clara,2021-01-09,2986,51854,1878,39103,1108,12751,0,0,1710,41627,1276,5102,1715,46729,California
Santa Clara,2021-01-10,1867,53721,1424,40527,443,13194,0,0,728,41217,1138,6240,728,47457,California
Santa Clara,2021-01-11,5612,59333,3403,43930,2209,15403,0,0,3294,42198,2318,8558,3299,50756,California
Santa Clara,2021-01-12,6676,66009,3278,47208,3398,18801,0,0,4501,44532,2175,10733,4509,55265,California
Santa Clara,2021-01-13,7389,73398,3056,50264,4333,23134,0,0,5217,47593,2169,12902,5230,60495,California
Santa Clara,2021-01-14,8147,81545,2706,52970,5441,28575,0,0,6489,52436,1655,14557,6498,66993,California
Santa Clara,2021-01-15,9571,91116,2930,55900,6641,35216,0,0,8110,59106,1457,16014,8127,75120,California
Santa Clara,2021-01-16,4441,95557,1309,57209,3132,38348,0,0,3543,61758,895,16909,3547,78667,California
Santa Clara,2021-01-17,3234,98791,613,57822,2621,40969,0,0,2731,63988,501,17410,2731,81398,California
Santa Clara,2021-01-18,5209,104000,1252,59074,3957,44926,0,0,4563,67907,646,18056,4565,85963,California
Santa Clara,2021-01-19,8399,112399,2619,61693,5780,50706,0,0,6753,73024,1644,19700,6761,92724,California
Santa Clara,2021-01-20,7974,120373,4000,65693,3974,54680,0,0,6454,77962,1517,21217,6455,99179,California
Santa Clara,2021-01-21,8498,128871,3626,69319,4872,59552,0,0,7354,84176,1141,22358,7355,106534,California
Santa Clara,2021-01-22,8659,137530,3278,72597,5381,64933,0,0,8013,91546,645,23003,8015,114549,California
Santa Clara,2021-01-23,3778,141308,1683,74280,2095,67028,0,0,2823,93414,955,23958,2823,117372,California
Santa Clara,2021-01-24,2886,144194,1469,75749,1417,68445,0,0,2353,95235,532,24490,2353,119725,California
Santa Clara,2021-01-25,8304,152498,3729,79478,4575,73020,0,0,6295,99544,2003,26493,6312,126037,California
Santa Clara,2021-01-26,8229,160727,3764,83242,4465,77485,0,0,6088,103510,2130,28623,6096,132133,California
Santa Clara,2021-01-27,8595,169322,3744,86986,4851,82336,0,0,6738,108410,1839,30462,6739,138872,California
Santa Clara,2021-01-28,9431,178753,3786,90772,5645,87981,0,0,7465,113937,1942,32404,7469,146341,California
Santa Clara,2021-01-29,9443,188196,3884,94656,5559,93540,0,0,7330,119164,2103,34507,7330,153671,California
Santa Clara,2021-01-30,3901,192097,1800,96456,2101,95641,0,0,2957,121180,942,35449,2958,156629,California
Santa Clara,2021-01-31,2568,194665,1702,98158,866,96507,0,0,1578,121776,983,36432,1579,158208,California
Santa Clara,2021-02-01,7805,202470,3458,101616,4347,100854,0,0,6134,126249,1663,38095,6136,164344,California
Santa Clara,2021-02-02,8049,210519,2852,104468,5197,106051,0,0,6071,130349,1974,40069,6074,170418,California
Santa Clara,2021-02-03,9184,219703,3470,107938,5714,111765,0,0,6930,135035,2249,42318,6935,177353,California
Santa Clara,2021-02-04,10552,230255,4116,112054,6436,118201,0,0,8287,141067,2258,44576,8290,185643,California
Santa Clara,2021-02-05,11881,242136,4326,116380,7555,125756,0,0,8432,146067,3433,48009,8433,194076,California
Santa Clara,2021-02-06,5144,247280,2794,119174,2350,128106,0,0,3992,148910,1149,49158,3992,198068,California
Santa Clara,2021-02-07,3466,250746,2348,121522,1118,129224,0,0,3022,151490,442,49600,3022,201090,California
Santa Clara,2021-02-08,9997,260743,3478,125000,6519,135743,0,0,7275,156060,2707,52307,7277,208367,California
Santa Clara,2021-02-09,10769,271512,3801,128801,6968,142711,0,0,7294,159890,3466,55773,7296,215663,California
Santa Clara,2021-02-10,12651,284163,4895,133696,7756,150467,0,0,6924,161102,5715,61488,6927,222590,California
Santa Clara,2021-02-11,13169,297332,4629,138325,8540,159007,0,0,7438,162823,5719,67207,7440,230030,California
Santa Clara,2021-02-12,14546,311878,4473,142798,10073,169080,0,0,7042,162378,7488,74695,7043,237073,California
Santa Clara,2021-02-13,6074,317952,1442,144240,4632,173712,0,0,2218,160745,3852,78547,2219,239292,California
Santa Clara,2021-02-14,4628,322580,1141,145381,3487,177199,0,0,1493,159104,3134,81681,1493,240785,California
Santa Clara,2021-02-15,6225,328805,2781,148162,3444,180643,0,0,2681,158251,3538,85219,2685,243470,California
Santa Clara,2021-02-16,13569,342374,3992,152154,9577,190220,0,0,6749,158198,6802,92021,6749,250219,California
Santa Clara,2021-02-17,14039,356413,5488,157642,8551,198771,0,0,7035,158249,6989,99010,7040,257259,California
Santa Clara,2021-02-18,13676,370089,8342,165984,5334,204105,0,0,7011,158617,6644,105654,7012,264271,California
Santa Clara,2021-02-19,14694,384783,9534,175518,5160,209265,0,0,8529,161000,6147,111801,8530,272801,California
Santa Clara,2021-02-20,6817,391600,5100,180618,1717,210982,0,0,3690,161572,3118,114919,3690,276491,California
Santa Clara,2021-02-21,3232,394832,2414,183032,818,211800,0,0,1170,160689,2055,116974,1172,277663,California
Santa Clara,2021-02-22,10093,404925,6044,189076,4049,215849,0,0,4754,160117,5327,122301,4755,282418,California
Santa Clara,2021-02-23,11816,416741,7687,196763,4129,219978,0,0,6688,161704,5116,127417,6703,289121,California
Santa Clara,2021-02-24,14076,430817,9083,205846,4993,224971,0,0,8722,165092,5337,132754,8725,297846,California
Santa Clara,2021-02-25,14043,444860,9202,215048,4841,229812,0,0,7645,166359,6380,139134,7647,305493,California
Santa Clara,2021-02-26,14481,459341,8376,223424,6105,235917,0,0,7961,167833,6495,145629,7969,313462,California
Santa Clara,2021-02-27,8052,467393,5511,228935,2541,238458,0,0,4469,168735,3575,149204,4477,317939,California
Santa Clara,2021-02-28,4685,472078,3065,232000,1620,240078,0,0,2186,168430,2491,151695,2186,320125,California
Santa Clara,2021-03-01,14032,486110,7953,239953,6078,246156,1,1,8693,171803,5323,157018,8696,328821,California
Santa Clara,2021-03-02,13673,499783,8202,248155,5471,251627,0,1,9159,176476,4490,161508,9163,337984,California
Santa Clara,2021-03-03,17051,516834,8318,256473,8731,260358,2,3,10320,180112,6692,168200,10328,348312,California
Santa Clara,2021-03-04,14246,531080,7868,264341,6376,266734,2,5,8088,182077,6126,174326,8091,356403,California
Santa Clara,2021-03-05,14548,545628,8433,272774,5992,272726,123,128,7658,183007,6866,181192,7796,364199,California
Santa Clara,2021-03-06,8914,554542,5989,278763,2478,275204,447,575,6684,187926,2214,183406,7133,371332,California
Santa Clara,2021-03-07,6431,560973,4157,282920,2051,277255,223,798,5111,191951,1312,184718,5337,376669,California
Santa Clara,2021-03-08,12488,573461,6474,289394,5542,282797,472,1270,7988,195937,4478,189196,8464,385133,California
Santa Clara,2021-03-09,11989,585450,5248,294642,5604,288401,1137,2407,5700,196502,6275,195471,6840,391973,California
Santa Clara,2021-03-10,14471,599921,6264,300906,6433,294834,1774,4181,5889,195607,8558,204029,7663,399636,California
Santa Clara,2021-03-11,15560,615481,7242,308148,7094,301928,1224,5405,5313,191915,10227,214256,6535,406171,California
Santa Clara,2021-03-12,15519,631000,8004,316152,6358,308286,1157,6562,5292,188176,10196,224452,6457,412628,California
Santa Clara,2021-03-13,9654,640654,5639,321791,2628,310914,1387,7949,4309,188542,5328,229780,5694,418322,California
Santa Clara,2021-03-14,6064,646718,3235,325026,1569,312483,1260,9209,2963,189671,3090,232870,4219,422541,California
Santa Clara,2021-03-15,12774,659492,6460,331486,6038,318521,276,9485,6000,189204,6746,239616,6279,428820,California
Santa Clara,2021-03-16,17398,676890,10246,341732,6939,325460,213,9698,8431,188910,8940,248556,8646,437466,California
Santa Clara,2021-03-17,18943,695833,10693,352425,8076,333536,174,9872,9674,189541,9220,257776,9851,447317,California
Santa Clara,2021-03-18,15314,711147,7356,359781,7061,340597,897,10769,7123,189413,8149,265925,8021,455338,California
Santa Clara,2021-03-19,14356,725503,7435,367216,6137,346734,784,11553,7646,191171,6673,272598,8431,463769,California
Santa Clara,2021-03-20,8435,733938,4747,371963,3180,349914,508,12061,5234,193729,3184,275782,5742,469511,California
Santa Clara,2021-03-21,8160,742098,3702,375665,3102,353016,1356,13417,5504,197946,2645,278427,6862,476373,California
Santa Clara,2021-03-22,16221,758319,9122,384787,6745,359761,354,13771,9376,200864,6825,285252,9743,486116,California
Santa Clara,2021-03-23,18798,777117,12224,397011,6352,366113,222,13993,11618,205569,7144,292396,11849,497965,California
Santa Clara,2021-03-24,21713,798830,14255,411266,7302,373415,156,14149,14389,213009,7289,299685,14729,512694,California
Santa Clara,2021-03-25,22059,820889,12787,424053,8519,381934,753,14902,14429,221150,7576,307261,15717,528411,California
Santa Clara,2021-03-26,21624,842513,13801,437854,7428,389362,395,15297,13394,227191,8202,315463,14243,542654,California
Santa Clara,2021-03-27,14884,857397,9811,447665,4313,393675,760,16057,7845,229116,7013,322476,8938,551592,California
Santa Clara,2021-03-28,11768,869165,8083,455748,2988,396663,697,16754,6370,231009,5376,327852,7269,558861,California
Santa Clara,2021-03-29,19691,888856,11976,467724,6985,403648,730,17484,10696,233577,8967,336819,11535,570396,California
Santa Clara,2021-03-30,23782,912638,14800,482524,8145,411793,837,18321,16177,243412,7578,344397,17413,587809,California
Santa Clara,2021-03-31,18857,931495,11668,494192,6389,418182,800,19121,12652,250963,6179,350576,13730,601539,California
Santa Clara,2021-04-01,27840,959335,19224,513416,7102,425284,1514,20635,19046,263161,8748,359324,20946,622485,California
Santa Clara,2021-04-02,23266,982601,13973,527389,7774,433058,1519,22154,16153,274441,7085,366409,18365,640850,California
Santa Clara,2021-04-03,13106,995707,8151,535540,3497,436555,1458,23612,7854,278872,5236,371645,9667,650517,California
Santa Clara,2021-04-04,4491,1000198,2469,538009,1165,437720,857,24469,1848,278968,2637,374282,2733,653250,California
Santa Cruz,2020-12-15,2,2,2,2,0,0,0,0,2,2,0,0,2,2,California
Santa Cruz,2020-12-16,57,59,57,59,0,0,0,0,57,59,0,0,57,59,California
Santa Cruz,2020-12-17,390,449,390,449,0,0,0,0,390,449,0,0,390,449,California
Santa Cruz,2020-12-18,466,915,466,915,0,0,0,0,466,915,0,0,466,915,California
Santa Cruz,2020-12-19,176,1091,175,1090,1,1,0,0,176,1091,0,0,176,1091,California
Santa Cruz,2020-12-20,95,1186,95,1185,0,1,0,0,95,1186,0,0,95,1186,California
Santa Cruz,2020-12-21,429,1615,429,1614,0,1,0,0,429,1615,0,0,429,1615,California
Santa Cruz,2020-12-22,423,2038,422,2036,1,2,0,0,423,2038,0,0,423,2038,California
Santa Cruz,2020-12-23,372,2410,330,2366,42,44,0,0,372,2410,0,0,372,2410,California
Santa Cruz,2020-12-24,126,2536,51,2417,75,119,0,0,126,2536,0,0,126,2536,California
Santa Cruz,2020-12-25,11,2547,11,2428,0,119,0,0,11,2547,0,0,11,2547,California
Santa Cruz,2020-12-26,64,2611,45,2473,19,138,0,0,64,2611,0,0,64,2611,California
Santa Cruz,2020-12-27,32,2643,27,2500,5,143,0,0,32,2643,0,0,32,2643,California
Santa Cruz,2020-12-28,483,3126,107,2607,376,519,0,0,483,3126,0,0,483,3126,California
Santa Cruz,2020-12-29,794,3920,367,2974,427,946,0,0,794,3920,0,0,794,3920,California
Santa Cruz,2020-12-30,357,4277,165,3139,192,1138,0,0,357,4277,0,0,357,4277,California
Santa Cruz,2020-12-31,314,4591,11,3150,303,1441,0,0,314,4591,0,0,314,4591,California
Santa Cruz,2021-01-01,32,4623,0,3150,32,1473,0,0,32,4623,0,0,32,4623,California
Santa Cruz,2021-01-02,70,4693,56,3206,14,1487,0,0,70,4693,0,0,70,4693,California
Santa Cruz,2021-01-03,15,4708,7,3213,8,1495,0,0,15,4708,0,0,15,4708,California
Santa Cruz,2021-01-04,280,4988,123,3336,157,1652,0,0,278,4985,1,1,278,4986,California
Santa Cruz,2021-01-05,565,5553,428,3764,137,1789,0,0,263,4946,302,303,263,5249,California
Santa Cruz,2021-01-06,804,6357,670,4434,134,1923,0,0,466,5075,337,640,466,5715,California
Santa Cruz,2021-01-07,538,6895,210,4644,328,2251,0,0,387,5312,151,791,388,6103,California
Santa Cruz,2021-01-08,935,7830,562,5206,373,2624,0,0,486,5351,448,1239,487,6590,California
Santa Cruz,2021-01-09,462,8292,121,5327,341,2965,0,0,410,5709,52,1291,410,7000,California
Santa Cruz,2021-01-10,72,8364,62,5389,10,2975,0,0,18,5673,54,1345,18,7018,California
Santa Cruz,2021-01-11,716,9080,582,5971,134,3109,0,0,192,5341,524,1869,192,7210,California
Santa Cruz,2021-01-12,733,9813,529,6500,204,3313,0,0,491,5590,242,2111,491,7701,California
Santa Cruz,2021-01-13,523,10336,229,6729,294,3607,0,0,438,5947,82,2193,439,8140,California
Santa Cruz,2021-01-14,543,10879,93,6822,450,4057,0,0,484,6372,59,2252,484,8624,California
Santa Cruz,2021-01-15,1467,12346,91,6913,1376,5433,0,0,1392,7691,74,2326,1393,10017,California
Santa Cruz,2021-01-16,435,12781,63,6976,372,5805,0,0,408,8072,27,2353,408,10425,California
Santa Cruz,2021-01-17,285,13066,32,7008,253,6058,0,0,267,8321,18,2371,267,10692,California
Santa Cruz,2021-01-18,1026,14092,113,7121,913,6971,0,0,957,9209,69,2440,957,11649,California
Santa Cruz,2021-01-19,1622,15714,522,7643,1100,8071,0,0,1270,10130,350,2790,1271,12920,California
Santa Cruz,2021-01-20,1231,16945,182,7825,1049,9120,0,0,1036,10974,192,2982,1036,13956,California
Santa Cruz,2021-01-21,1700,18645,197,8022,1503,10623,0,0,1595,12465,105,3087,1596,15552,California
Santa Cruz,2021-01-22,1799,20444,536,8558,1263,11886,0,0,1695,14060,101,3188,1696,17248,California
Santa Cruz,2021-01-23,401,20845,144,8702,257,12143,0,0,342,14344,58,3246,342,17590,California
Santa Cruz,2021-01-24,116,20961,21,8723,95,12238,0,0,97,14422,19,3265,97,17687,California
Santa Cruz,2021-01-25,1058,22019,360,9083,698,12936,0,0,550,14466,508,3773,552,18239,California
Santa Cruz,2021-01-26,1677,23696,247,9330,1430,14366,0,0,1165,15120,512,4285,1166,19405,California
Santa Cruz,2021-01-27,1642,25338,445,9775,1197,15563,0,0,1259,15997,382,4667,1259,20664,California
Santa Cruz,2021-01-28,1744,27082,289,10064,1455,17018,0,0,1470,17195,273,4940,1471,22135,California
Santa Cruz,2021-01-29,1733,28815,486,10550,1247,18265,0,0,1604,18671,128,5068,1604,23739,California
Santa Cruz,2021-01-30,1054,29869,302,10852,752,19017,0,0,927,19471,127,5195,927,24666,California
Santa Cruz,2021-01-31,229,30098,124,10976,105,19122,0,0,204,19650,25,5220,204,24870,California
Santa Cruz,2021-02-01,1228,31326,759,11735,469,19591,0,0,819,20061,409,5629,820,25690,California
Santa Cruz,2021-02-02,1008,32334,130,11865,878,20469,0,0,854,20762,153,5782,854,26544,California
Santa Cruz,2021-02-03,2209,34543,943,12808,1266,21735,0,0,1900,22357,305,6087,1900,28444,California
Santa Cruz,2021-02-04,1832,36375,772,13580,1060,22795,0,0,1496,23518,335,6422,1496,29940,California
Santa Cruz,2021-02-05,3166,39541,791,14371,2375,25170,0,0,2845,26044,319,6741,2845,32785,California
Santa Cruz,2021-02-06,2584,42125,164,14535,2420,27590,0,0,2236,27932,348,7089,2236,35021,California
Santa Cruz,2021-02-07,910,43035,121,14656,789,28379,0,0,893,28808,17,7106,893,35914,California
Santa Cruz,2021-02-08,717,43752,203,14859,514,28893,0,0,518,29128,198,7304,518,36432,California
Santa Cruz,2021-02-09,2375,46127,1052,15911,1323,30216,0,0,2112,30981,259,7563,2112,38544,California
Santa Cruz,2021-02-10,2190,48317,578,16489,1612,31828,0,0,1498,31792,689,8252,1500,40044,California
Santa Cruz,2021-02-11,1844,50161,315,16804,1529,33357,0,0,1322,32594,520,8772,1322,41366,California
Santa Cruz,2021-02-12,3208,53369,424,17228,2784,36141,0,0,1803,33002,1397,10169,1805,43171,California
Santa Cruz,2021-02-13,1707,55076,122,17350,1585,37726,0,0,1294,33883,413,10582,1294,44465,California
Santa Cruz,2021-02-14,1391,56467,72,17422,1319,39045,0,0,1128,34748,263,10845,1128,45593,California
Santa Cruz,2021-02-15,1581,58048,278,17700,1303,40348,0,0,561,34290,1020,11865,562,46155,California
Santa Cruz,2021-02-16,1692,59740,201,17901,1491,41839,0,0,537,33692,1135,13000,537,46692,California
Santa Cruz,2021-02-17,2928,62668,979,18880,1949,43788,0,0,1235,33250,1680,14680,1238,47930,California
Santa Cruz,2021-02-18,2884,65552,638,19518,2246,46034,0,0,1236,32841,1645,16325,1236,49166,California
Santa Cruz,2021-02-19,3262,68814,1148,20666,2114,48148,0,0,2011,33602,1250,17575,2011,51177,California
Santa Cruz,2021-02-20,2377,71191,1497,22163,880,49028,0,0,1887,34999,490,18065,1887,53064,California
Santa Cruz,2021-02-21,797,71988,332,22495,465,49493,0,0,693,35590,102,18167,693,53757,California
Santa Cruz,2021-02-22,1243,73231,960,23455,283,49776,0,0,537,35423,704,18871,537,54294,California
Santa Cruz,2021-02-23,2104,75335,941,24396,1163,50939,0,0,720,34763,1383,20254,723,55017,California
Santa Cruz,2021-02-24,3176,78511,1654,26050,1522,52461,0,0,1218,34029,1954,22208,1220,56237,California
Santa Cruz,2021-02-25,3230,81741,1427,27477,1803,54264,0,0,1776,34361,1447,23655,1779,58016,California
Santa Cruz,2021-02-26,2703,84444,761,28238,1942,56206,0,0,1538,34738,1161,24816,1538,59554,California
Santa Cruz,2021-02-27,2645,87089,936,29174,1709,57915,0,0,1844,35784,800,25616,1846,61400,California
Santa Cruz,2021-02-28,1295,88384,360,29534,935,58850,0,0,1083,36658,209,25825,1083,62483,California
Santa Cruz,2021-03-01,1812,90196,1249,30783,563,59413,0,0,678,36205,1131,26956,678,63161,California
Santa Cruz,2021-03-02,1483,91679,336,31119,1147,60560,0,0,818,36363,663,27619,821,63982,California
Santa Cruz,2021-03-03,2218,93897,583,31702,1635,62195,0,0,1169,36486,1046,28665,1169,65151,California
Santa Cruz,2021-03-04,2771,96668,1361,33063,1409,63604,1,1,1832,37389,930,29595,1833,66984,California
Santa Cruz,2021-03-05,2409,99077,464,33527,1927,65531,18,19,940,36887,1465,31060,963,67947,California
Santa Cruz,2021-03-06,3736,102813,1296,34823,2340,67871,100,119,2033,37320,1703,32763,2136,70083,California
Santa Cruz,2021-03-07,1352,104165,135,34958,1141,69012,76,195,559,37164,792,33555,636,70719,California
Santa Cruz,2021-03-08,1005,105170,232,35190,687,69699,86,281,620,37495,384,33939,715,71434,California
Santa Cruz,2021-03-09,1657,106827,212,35402,1297,70996,148,429,651,37293,1001,34940,799,72233,California
Santa Cruz,2021-03-10,3705,110532,1996,37398,1579,72575,130,559,1846,37419,1855,36795,1981,74214,California
Santa Cruz,2021-03-11,2590,113122,1093,38491,1348,73923,149,708,1384,37751,1202,37997,1534,75748,California
Santa Cruz,2021-03-12,2521,115643,842,39333,1429,75352,250,958,830,37143,1689,39686,1081,76829,California
Santa Cruz,2021-03-13,2041,117684,1275,40608,723,76075,43,1001,1020,37186,1021,40707,1064,77893,California
Santa Cruz,2021-03-14,732,118416,157,40765,561,76636,14,1015,353,37175,377,41084,366,78259,California
Santa Cruz,2021-03-15,1339,119755,477,41242,826,77462,36,1051,573,37021,764,41848,610,78869,California
Santa Cruz,2021-03-16,2318,122073,1087,42329,1188,78650,43,1094,1340,37430,975,42823,1384,80253,California
Santa Cruz,2021-03-17,3804,125877,2206,44535,1586,80236,12,1106,2454,38554,1345,44168,2469,82722,California
Santa Cruz,2021-03-18,3340,129217,1891,46426,1346,81582,103,1209,1764,38848,1574,45742,1868,84590,California
Santa Cruz,2021-03-19,2446,131663,1090,47516,1143,82725,213,1422,1289,39197,1153,46895,1502,86092,California
Santa Cruz,2021-03-20,1471,133134,1084,48600,356,83081,31,1453,752,39264,716,47611,783,86875,California
Santa Cruz,2021-03-21,817,133951,433,49033,268,83349,116,1569,437,39439,379,47990,554,87429,California
Santa Cruz,2021-03-22,1383,135334,857,49890,505,83854,21,1590,959,40000,419,48409,980,88409,California
Santa Cruz,2021-03-23,2565,137899,1433,51323,1087,84941,45,1635,1734,40950,829,49238,1779,90188,California
Santa Cruz,2021-03-24,2961,140860,1953,53276,986,85927,22,1657,1951,41918,1006,50244,1974,92162,California
Santa Cruz,2021-03-25,2573,143433,1286,54562,1252,87179,35,1692,1337,42070,1227,51471,1379,93541,California
Santa Cruz,2021-03-26,2991,146424,1790,56352,1172,88351,29,1721,2016,43156,969,52440,2055,95596,California
Santa Cruz,2021-03-27,2996,149420,1915,58267,1055,89406,26,1747,1350,42914,1636,54076,1394,96990,California
Santa Cruz,2021-03-28,898,150318,565,58832,320,89726,13,1760,461,42963,434,54510,483,97473,California
Santa Cruz,2021-03-29,1906,152224,859,59691,988,90714,59,1819,1215,43555,686,55196,1278,98751,California
Santa Cruz,2021-03-30,2659,154883,796,60487,1709,92423,154,1973,1717,44514,941,56137,1900,100651,California
Santa Cruz,2021-03-31,3911,158794,2604,63091,1261,93684,46,2019,2064,44866,1843,57980,2195,102846,California
Santa Cruz,2021-04-01,3834,162628,2033,65124,1703,95387,98,2117,1972,45245,1856,59836,2235,105081,California
Santa Cruz,2021-04-02,3043,165671,1400,66524,1465,96852,178,2295,1733,46009,1304,61140,2068,107149,California
Santa Cruz,2021-04-03,2103,167774,1193,67717,866,97718,44,2339,881,45798,1218,62358,1007,108156,California
Santa Cruz,2021-04-04,479,168253,292,68009,174,97892,13,2352,284,45902,195,62553,299,108455,California
Shasta,2020-12-16,131,131,131,131,0,0,0,0,131,131,0,0,131,131,California
Shasta,2020-12-17,418,549,418,549,0,0,0,0,418,549,0,0,418,549,California
Shasta,2020-12-18,168,717,168,717,0,0,0,0,168,717,0,0,168,717,California
Shasta,2020-12-19,1,718,1,718,0,0,0,0,1,718,0,0,1,718,California
Shasta,2020-12-21,78,796,78,796,0,0,0,0,78,796,0,0,78,796,California
Shasta,2020-12-22,191,987,186,982,5,5,0,0,191,987,0,0,191,987,California
Shasta,2020-12-23,174,1161,170,1152,4,9,0,0,174,1161,0,0,174,1161,California
Shasta,2020-12-24,18,1179,18,1170,0,9,0,0,18,1179,0,0,18,1179,California
Shasta,2020-12-26,4,1183,1,1171,3,12,0,0,4,1183,0,0,4,1183,California
Shasta,2020-12-27,1,1184,0,1171,1,13,0,0,1,1184,0,0,1,1184,California
Shasta,2020-12-28,40,1224,31,1202,9,22,0,0,40,1224,0,0,40,1224,California
Shasta,2020-12-29,186,1410,185,1387,1,23,0,0,186,1410,0,0,186,1410,California
Shasta,2020-12-30,177,1587,167,1554,10,33,0,0,177,1587,0,0,177,1587,California
Shasta,2020-12-31,82,1669,2,1556,80,113,0,0,82,1669,0,0,82,1669,California
Shasta,2021-01-02,2,1671,0,1556,2,115,0,0,2,1671,0,0,2,1671,California
Shasta,2021-01-03,1,1672,1,1557,0,115,0,0,1,1672,0,0,1,1672,California
Shasta,2021-01-04,347,2019,306,1863,41,156,0,0,348,2020,0,0,348,2020,California
Shasta,2021-01-05,335,2354,314,2177,21,177,0,0,254,2193,81,81,254,2274,California
Shasta,2021-01-06,438,2792,396,2573,42,219,0,0,175,2106,262,343,175,2449,California
Shasta,2021-01-07,116,2908,35,2608,81,300,0,0,95,2180,21,364,95,2544,California
Shasta,2021-01-08,506,3414,446,3054,60,360,0,0,297,2268,209,573,297,2841,California
Shasta,2021-01-09,72,3486,63,3117,9,369,0,0,70,2336,2,575,70,2911,California
Shasta,2021-01-10,5,3491,0,3117,5,374,0,0,4,2340,1,576,5,2916,California
Shasta,2021-01-11,352,3843,185,3302,167,541,0,0,317,2622,35,611,317,3233,California
Shasta,2021-01-12,451,4294,327,3629,124,665,0,0,277,2725,174,785,277,3510,California
Shasta,2021-01-13,541,4835,268,3897,273,938,0,0,371,2926,170,955,371,3881,California
Shasta,2021-01-14,444,5279,48,3945,396,1334,0,0,427,3336,17,972,427,4308,California
Shasta,2021-01-15,635,5914,135,4080,500,1834,0,0,633,3967,2,974,633,4941,California
Shasta,2021-01-16,900,6814,56,4136,844,2678,0,0,897,4861,3,977,897,5838,California
Shasta,2021-01-17,26,6840,6,4142,20,2698,0,0,22,4879,4,981,22,5860,California
Shasta,2021-01-18,599,7439,130,4272,469,3167,0,0,591,5462,8,989,591,6451,California
Shasta,2021-01-19,1019,8458,397,4669,622,3789,0,0,871,6185,148,1137,871,7322,California
Shasta,2021-01-20,668,9126,407,5076,261,4050,0,0,486,6493,178,1315,486,7808,California
Shasta,2021-01-21,630,9756,278,5354,352,4402,0,0,607,7077,23,1338,607,8415,California
Shasta,2021-01-22,445,10201,170,5524,275,4677,0,0,439,7510,6,1344,439,8854,California
Shasta,2021-01-23,69,10270,5,5529,64,4741,0,0,68,7577,1,1345,68,8922,California
Shasta,2021-01-24,26,10296,2,5531,24,4765,0,0,25,7601,1,1346,25,8947,California
Shasta,2021-01-25,752,11048,492,6023,260,5025,0,0,466,7782,285,1631,466,9413,California
Shasta,2021-01-26,709,11757,333,6356,376,5401,0,0,476,8027,231,1862,476,9889,California
Shasta,2021-01-27,460,12217,181,6537,279,5680,0,0,411,8389,49,1911,411,10300,California
Shasta,2021-01-28,853,13070,577,7114,276,5956,0,0,631,8798,222,2133,631,10931,California
Shasta,2021-01-29,829,13899,329,7443,500,6456,0,0,640,9250,189,2322,641,11572,California
Shasta,2021-01-30,614,14513,15,7458,599,7055,0,0,605,9846,9,2331,605,12177,California
Shasta,2021-01-31,28,14541,4,7462,24,7079,0,0,26,9870,2,2333,26,12203,California
Shasta,2021-02-01,502,15043,142,7604,360,7439,0,0,382,10132,120,2453,382,12585,California
Shasta,2021-02-02,953,15996,495,8099,458,7897,0,0,863,10906,89,2542,863,13448,California
Shasta,2021-02-03,657,16653,209,8308,448,8345,0,0,462,11173,195,2737,462,13910,California
Shasta,2021-02-04,1056,17709,658,8966,398,8743,0,0,867,11851,189,2926,867,14777,California
Shasta,2021-02-05,1212,18921,163,9129,1049,9792,0,0,1023,12686,188,3114,1023,15800,California
Shasta,2021-02-06,1726,20647,43,9172,1683,11475,0,0,1702,14364,24,3138,1702,17502,California
Shasta,2021-02-07,25,20672,2,9174,23,11498,0,0,23,14385,2,3140,23,17525,California
Shasta,2021-02-08,543,21215,169,9343,374,11872,0,0,305,14452,238,3378,305,17830,California
Shasta,2021-02-09,1026,22241,649,9992,377,12249,0,0,676,14778,350,3728,676,18506,California
Shasta,2021-02-10,1084,23325,783,10775,301,12550,0,0,592,14879,492,4220,593,19099,California
Shasta,2021-02-11,788,24113,190,10965,598,13148,0,0,307,14710,476,4696,307,19406,California
Shasta,2021-02-12,1661,25774,1141,12106,520,13668,0,0,1170,15389,491,5187,1170,20576,California
Shasta,2021-02-13,1382,27156,368,12474,1014,14682,0,0,569,15146,814,6001,571,21147,California
Shasta,2021-02-14,149,27305,4,12478,145,14827,0,0,124,15245,25,6026,124,21271,California
Shasta,2021-02-15,385,27690,94,12572,291,15118,0,0,217,15294,168,6194,217,21488,California
Shasta,2021-02-16,1084,28774,513,13085,571,15689,0,0,318,14847,765,6959,318,21806,California
Shasta,2021-02-17,981,29755,435,13520,546,16235,0,0,369,14604,612,7571,369,22175,California
Shasta,2021-02-18,870,30625,439,13959,431,16666,0,0,418,14570,452,8023,418,22593,California
Shasta,2021-02-19,1051,31676,660,14619,391,17057,0,0,610,14739,441,8464,610,23203,California
Shasta,2021-02-20,757,32433,88,14707,669,17726,0,0,295,14572,462,8926,295,23498,California
Shasta,2021-02-21,34,32467,4,14711,30,17756,0,0,10,14559,23,8949,10,23508,California
Shasta,2021-02-22,343,32810,68,14779,275,18031,0,0,100,14416,243,9192,100,23608,California
Shasta,2021-02-23,802,33612,467,15246,335,18366,0,0,216,14046,586,9778,216,23824,California
Shasta,2021-02-24,882,34494,501,15747,381,18747,0,0,270,13706,610,10388,270,24094,California
Shasta,2021-02-25,467,34961,155,15902,312,19059,0,0,154,13549,311,10699,154,24248,California
Shasta,2021-02-26,784,35745,88,15990,696,19755,0,0,324,13415,458,11157,324,24572,California
Shasta,2021-02-27,817,36562,32,16022,785,20540,0,0,187,12975,628,11785,188,24760,California
Shasta,2021-02-28,181,36743,5,16027,176,20716,0,0,132,13058,49,11834,132,24892,California
Shasta,2021-03-01,564,37307,64,16091,500,21216,0,0,272,13039,291,12125,272,25164,California
Shasta,2021-03-02,929,38236,466,16557,463,21679,0,0,263,12638,664,12789,263,25427,California
Shasta,2021-03-03,563,38799,123,16680,440,22119,0,0,171,12417,392,13181,171,25598,California
Shasta,2021-03-04,1031,39830,499,17179,532,22651,0,0,638,12663,392,13573,638,26236,California
Shasta,2021-03-05,947,40777,154,17333,766,23417,27,27,306,12354,642,14215,333,26569,California
Shasta,2021-03-06,818,41595,382,17715,392,23809,44,71,191,11963,626,14841,235,26804,California
Shasta,2021-03-07,92,41687,5,17720,57,23866,30,101,40,11981,52,14893,70,26874,California
Shasta,2021-03-08,550,42237,53,17773,359,24225,138,239,140,11852,407,15300,278,27152,California
Shasta,2021-03-09,552,42789,49,17822,342,24567,161,400,208,11876,344,15644,368,27520,California
Shasta,2021-03-10,658,43447,243,18065,330,24897,85,485,133,11569,524,16168,217,27737,California
Shasta,2021-03-11,938,44385,158,18223,579,25476,201,686,598,12028,340,16508,799,28536,California
Shasta,2021-03-12,623,45008,121,18344,320,25796,182,868,247,12082,375,16883,429,28965,California
Shasta,2021-03-13,665,45673,410,18754,164,25960,91,959,473,12454,192,17075,564,29529,California
Shasta,2021-03-14,279,45952,12,18766,244,26204,23,982,196,12590,83,17158,219,29748,California
Shasta,2021-03-15,484,46436,37,18803,347,26551,100,1082,200,12607,282,17440,299,30047,California
Shasta,2021-03-16,966,47402,144,18947,758,27309,64,1146,695,13095,271,17711,759,30806,California
Shasta,2021-03-17,645,48047,181,19128,415,27724,49,1195,366,13240,270,17981,415,31221,California
Shasta,2021-03-18,868,48915,208,19336,566,28290,94,1289,624,13720,241,18222,721,31942,California
Shasta,2021-03-19,506,49421,148,19484,310,28600,48,1337,323,13910,182,18404,372,32314,California
Shasta,2021-03-20,601,50022,446,19930,144,28744,11,1348,512,14344,89,18493,523,32837,California
Shasta,2021-03-21,294,50316,282,20212,3,28747,9,1357,271,14602,23,18516,281,33118,California
Shasta,2021-03-22,325,50641,48,20260,248,28995,29,1386,180,14669,142,18658,209,33327,California
Shasta,2021-03-23,789,51430,156,20416,574,29569,59,1445,603,15150,181,18839,662,33989,California
Shasta,2021-03-24,510,51940,158,20574,316,29885,36,1481,375,15427,134,18973,411,34400,California
Shasta,2021-03-25,750,52690,188,20762,545,30430,17,1498,610,15919,138,19111,630,35030,California
Shasta,2021-03-26,674,53364,249,21011,394,30824,31,1529,326,15934,347,19458,362,35392,California
Shasta,2021-03-27,1536,54900,387,21398,313,31137,836,2365,551,16339,982,20440,1387,36779,California
Shasta,2021-03-28,397,55297,293,21691,94,31231,10,2375,295,16543,101,20541,305,37084,California
Shasta,2021-03-29,418,55715,53,21744,354,31585,11,2386,161,16461,255,20796,173,37257,California
Shasta,2021-03-30,541,56256,198,21942,334,31919,9,2395,332,16598,206,21002,343,37600,California
Shasta,2021-03-31,612,56868,206,22148,401,32320,5,2400,400,16816,208,21210,426,38026,California
Shasta,2021-04-01,765,57633,244,22392,514,32834,7,2407,536,17139,229,21439,552,38578,California
Shasta,2021-04-02,681,58314,203,22595,426,33260,52,2459,382,17287,297,21736,445,39023,California
Shasta,2021-04-03,505,58819,350,22945,136,33396,19,2478,379,17560,126,21862,399,39422,California
Shasta,2021-04-04,19,58838,2,22947,2,33398,15,2493,2,17560,17,21879,17,39439,California
Sierra,2020-12-18,1,1,1,1,0,0,0,0,1,1,0,0,1,1,California
Sierra,2020-12-21,2,3,2,3,0,0,0,0,2,3,0,0,2,3,California
Sierra,2020-12-22,12,15,12,15,0,0,0,0,12,15,0,0,12,15,California
Sierra,2020-12-23,4,19,4,19,0,0,0,0,4,19,0,0,4,19,California
Sierra,2020-12-28,1,20,0,19,1,1,0,0,1,20,0,0,1,20,California
Sierra,2020-12-29,49,69,7,26,42,43,0,0,49,69,0,0,49,69,California
Sierra,2020-12-30,2,71,0,26,2,45,0,0,2,71,0,0,2,71,California
Sierra,2020-12-31,12,83,0,26,12,57,0,0,12,83,0,0,12,83,California
Sierra,2021-01-05,67,150,3,29,64,121,0,0,67,150,0,0,67,150,California
Sierra,2021-01-06,1,151,1,30,0,121,0,0,1,151,0,0,1,151,California
Sierra,2021-01-07,20,171,1,31,19,140,0,0,19,169,1,1,19,170,California
Sierra,2021-01-08,1,172,1,32,0,140,0,0,1,170,0,1,1,171,California
Sierra,2021-01-11,3,175,3,35,0,140,0,0,0,167,3,4,0,171,California
Sierra,2021-01-12,40,215,12,47,28,168,0,0,28,183,12,16,28,199,California
Sierra,2021-01-13,4,219,3,50,1,169,0,0,1,181,3,19,1,200,California
Sierra,2021-01-14,35,254,2,52,33,202,0,0,35,216,0,19,35,235,California
Sierra,2021-01-15,2,256,1,53,1,203,0,0,2,218,0,19,2,237,California
Sierra,2021-01-18,2,258,0,53,2,205,0,0,2,220,0,19,2,239,California
Sierra,2021-01-19,32,290,0,53,32,237,0,0,32,252,0,19,32,271,California
Sierra,2021-01-20,1,291,1,54,0,237,0,0,1,253,0,19,1,272,California
Sierra,2021-01-21,55,346,0,54,55,292,0,0,55,308,0,19,55,327,California
Sierra,2021-01-22,1,347,0,54,1,293,0,0,1,309,0,19,1,328,California
Sierra,2021-01-23,2,349,0,54,2,295,0,0,2,311,0,19,2,330,California
Sierra,2021-01-26,64,413,1,55,63,358,0,0,26,299,38,57,26,356,California
Sierra,2021-01-27,4,417,4,59,0,358,0,0,0,295,4,61,0,356,California
Sierra,2021-01-28,53,470,0,59,53,411,0,0,44,330,9,70,44,400,California
Sierra,2021-01-29,1,471,0,59,1,412,0,0,1,331,0,70,1,401,California
Sierra,2021-01-30,3,474,3,62,0,412,0,0,2,332,1,71,2,403,California
Sierra,2021-02-01,1,475,0,62,1,413,0,0,0,331,1,72,0,403,California
Sierra,2021-02-02,58,533,0,62,58,471,0,0,18,309,40,112,18,421,California
Sierra,2021-02-03,6,539,5,67,1,472,0,0,5,313,1,113,5,426,California
Sierra,2021-02-04,106,645,6,73,100,572,0,0,57,321,49,162,57,483,California
Sierra,2021-02-05,5,650,3,76,2,574,0,0,4,324,1,163,4,487,California
Sierra,2021-02-09,54,704,1,77,53,627,0,0,52,374,2,165,52,539,California
Sierra,2021-02-10,5,709,2,79,3,630,0,0,4,377,1,166,4,543,California
Sierra,2021-02-11,198,907,1,80,197,827,0,0,135,449,63,229,135,678,California
Sierra,2021-02-12,20,927,0,80,20,847,0,0,20,469,0,229,20,698,California
Sierra,2021-02-14,1,928,0,80,1,848,0,0,1,470,0,229,1,699,California
Sierra,2021-02-15,1,929,1,81,0,848,0,0,0,469,1,230,0,699,California
Sierra,2021-02-16,43,972,0,81,43,891,0,0,10,446,33,263,10,709,California
Sierra,2021-02-17,3,975,0,81,3,894,0,0,1,445,2,265,1,710,California
Sierra,2021-02-18,146,1121,0,81,146,1040,0,0,94,487,52,317,94,804,California
Sierra,2021-02-19,1,1122,1,82,0,1040,0,0,1,488,0,317,1,805,California
Sierra,2021-02-20,2,1124,2,84,0,1040,0,0,0,486,2,319,0,805,California
Sierra,2021-02-22,2,1126,2,86,0,1040,0,0,1,486,1,320,1,806,California
Sierra,2021-02-23,4,1130,0,86,4,1044,0,0,4,490,0,320,4,810,California
Sierra,2021-02-24,2,1132,1,87,1,1045,0,0,1,490,1,321,1,811,California
Sierra,2021-02-25,126,1258,1,88,125,1170,0,0,59,482,67,388,59,870,California
Sierra,2021-02-26,9,1267,6,94,3,1173,0,0,4,481,5,393,4,874,California
Sierra,2021-02-27,2,1269,2,96,0,1173,0,0,0,479,2,395,0,874,California
Sierra,2021-03-01,2,1271,1,97,1,1174,0,0,1,479,1,396,1,875,California
Sierra,2021-03-02,51,1322,0,97,51,1225,0,0,32,492,19,415,32,907,California
Sierra,2021-03-03,2,1324,2,99,0,1225,0,0,1,492,1,416,1,908,California
Sierra,2021-03-04,100,1424,2,101,98,1323,0,0,49,490,51,467,49,957,California
Sierra,2021-03-05,12,1436,0,101,12,1335,0,0,10,498,2,469,10,967,California
Sierra,2021-03-08,3,1439,2,103,0,1335,1,1,2,500,1,470,3,970,California
Sierra,2021-03-09,54,1493,1,104,53,1388,0,1,11,468,43,513,11,981,California
Sierra,2021-03-10,5,1498,0,104,5,1393,0,1,3,469,2,515,3,984,California
Sierra,2021-03-11,148,1646,0,104,148,1541,0,1,27,375,121,636,27,1011,California
Sierra,2021-03-12,20,1666,1,105,19,1560,0,1,0,355,20,656,0,1011,California
Sierra,2021-03-13,13,1679,0,105,13,1573,0,1,13,368,0,656,13,1024,California
Sierra,2021-03-14,2,1681,1,106,0,1573,1,2,0,367,2,658,1,1025,California
Sierra,2021-03-15,2,1683,1,107,1,1574,0,2,1,367,1,659,1,1026,California
Sierra,2021-03-16,22,1705,1,108,20,1594,1,3,10,366,12,671,11,1037,California
Sierra,2021-03-17,2,1707,0,108,2,1596,0,3,0,364,2,673,0,1037,California
Sierra,2021-03-18,122,1829,0,108,121,1717,1,4,35,314,86,759,36,1073,California
Sierra,2021-03-19,1,1830,1,109,0,1717,0,4,1,315,0,759,1,1074,California
Sierra,2021-03-23,14,1844,0,109,14,1731,0,4,5,311,9,768,5,1079,California
Sierra,2021-03-24,4,1848,1,110,3,1734,0,4,2,311,2,770,2,1081,California
Sierra,2021-03-25,80,1928,2,112,78,1812,0,4,34,299,46,816,34,1115,California
Sierra,2021-03-26,12,1940,1,113,11,1823,0,4,9,305,3,819,9,1124,California
Sierra,2021-03-27,1,1941,0,113,1,1824,0,4,0,304,1,820,0,1124,California
Sierra,2021-03-29,2,1943,1,114,1,1825,0,4,0,302,2,822,0,1124,California
Sierra,2021-03-30,46,1989,0,114,46,1871,0,4,13,287,33,855,18,1142,California
Sierra,2021-03-31,10,1999,0,114,10,1881,0,4,9,295,1,856,9,1151,California
Sierra,2021-04-01,58,2057,1,115,57,1938,0,4,4,255,54,910,14,1165,California
Sierra,2021-04-02,3,2060,3,118,0,1938,0,4,2,256,1,911,2,1167,California
Sierra,2021-04-03,1,2061,1,119,0,1938,0,4,0,256,0,911,0,1167,California
Siskiyou,2020-12-16,2,2,2,2,0,0,0,0,2,2,0,0,2,2,California
Siskiyou,2020-12-17,4,6,4,6,0,0,0,0,4,6,0,0,4,6,California
Siskiyou,2020-12-18,3,9,3,9,0,0,0,0,3,9,0,0,3,9,California
Siskiyou,2020-12-19,4,13,4,13,0,0,0,0,4,13,0,0,4,13,California
Siskiyou,2020-12-20,1,14,1,14,0,0,0,0,1,14,0,0,1,14,California
Siskiyou,2020-12-21,132,146,132,146,0,0,0,0,132,146,0,0,132,146,California
Siskiyou,2020-12-22,159,305,159,305,0,0,0,0,159,305,0,0,159,305,California
Siskiyou,2020-12-23,142,447,142,447,0,0,0,0,142,447,0,0,142,447,California
Siskiyou,2020-12-24,5,452,5,452,0,0,0,0,5,452,0,0,5,452,California
Siskiyou,2020-12-26,2,454,0,452,2,2,0,0,2,454,0,0,2,454,California
Siskiyou,2020-12-27,2,456,0,452,2,4,0,0,2,456,0,0,2,456,California
Siskiyou,2020-12-28,2,458,0,452,2,6,0,0,2,458,0,0,2,458,California
Siskiyou,2020-12-29,6,464,2,454,4,10,0,0,6,464,0,0,6,464,California
Siskiyou,2020-12-30,98,562,3,457,95,105,0,0,98,562,0,0,98,562,California
Siskiyou,2020-12-31,12,574,0,457,12,117,0,0,12,574,0,0,12,574,California
Siskiyou,2021-01-02,1,575,1,458,0,117,0,0,1,575,0,0,1,575,California
Siskiyou,2021-01-03,1,576,0,458,1,118,0,0,1,576,0,0,1,576,California
Siskiyou,2021-01-04,130,706,3,461,127,245,0,0,130,706,0,0,130,706,California
Siskiyou,2021-01-05,117,823,4,465,113,358,0,0,116,821,1,1,116,822,California
Siskiyou,2021-01-06,59,882,6,471,53,411,0,0,55,872,4,5,55,877,California
Siskiyou,2021-01-07,174,1056,2,473,172,583,0,0,173,1044,1,6,173,1050,California
Siskiyou,2021-01-08,42,1098,4,477,38,621,0,0,39,1080,3,9,39,1089,California
Siskiyou,2021-01-09,2,1100,2,479,0,621,0,0,0,1078,2,11,0,1089,California
Siskiyou,2021-01-11,226,1326,65,544,161,782,0,0,163,1178,63,74,163,1252,California
Siskiyou,2021-01-12,320,1646,273,817,47,829,0,0,87,1032,233,307,87,1339,California
Siskiyou,2021-01-13,157,1803,137,954,20,849,0,0,23,921,134,441,23,1362,California
Siskiyou,2021-01-14,27,1830,1,955,26,875,0,0,26,946,1,442,26,1388,California
Siskiyou,2021-01-15,35,1865,3,958,32,907,0,0,35,981,0,442,35,1423,California
Siskiyou,2021-01-16,7,1872,2,960,5,912,0,0,7,988,0,442,7,1430,California
Siskiyou,2021-01-18,75,1947,4,964,71,983,0,0,73,1059,2,444,73,1503,California
Siskiyou,2021-01-19,21,1968,1,965,20,1003,0,0,20,1078,1,445,20,1523,California
Siskiyou,2021-01-20,47,2015,35,1000,12,1015,0,0,43,1117,4,449,43,1566,California
Siskiyou,2021-01-21,42,2057,0,1000,42,1057,0,0,42,1159,0,449,42,1608,California
Siskiyou,2021-01-22,1333,3390,1181,2181,152,1209,0,0,1333,2492,0,449,1333,2941,California
Siskiyou,2021-01-23,8,3398,3,2184,5,1214,0,0,5,2494,3,452,5,2946,California
Siskiyou,2021-01-25,183,3581,8,2192,175,1389,0,0,179,2669,4,456,179,3125,California
Siskiyou,2021-01-26,150,3731,5,2197,145,1534,0,0,142,2803,8,464,142,3267,California
Siskiyou,2021-01-27,181,3912,0,2197,181,1715,0,0,127,2876,54,518,127,3394,California
Siskiyou,2021-01-28,231,4143,117,2314,114,1829,0,0,225,3095,6,524,225,3619,California
Siskiyou,2021-01-29,246,4389,1,2315,245,2074,0,0,244,3337,2,526,244,3863,California
Siskiyou,2021-01-30,3,4392,2,2317,1,2075,0,0,3,3340,0,526,3,3866,California
Siskiyou,2021-02-01,194,4586,3,2320,191,2266,0,0,104,3354,90,616,104,3970,California
Siskiyou,2021-02-02,288,4874,45,2365,243,2509,0,0,147,3360,141,757,147,4117,California
Siskiyou,2021-02-03,313,5187,1,2366,312,2821,0,0,264,3575,49,806,264,4381,California
Siskiyou,2021-02-04,319,5506,7,2373,312,3133,0,0,199,3654,120,926,199,4580,California
Siskiyou,2021-02-05,509,6015,4,2377,505,3638,0,0,345,3835,164,1090,345,4925,California
Siskiyou,2021-02-06,15,6030,0,2377,15,3653,0,0,15,3850,0,1090,15,4940,California
Siskiyou,2021-02-07,3,6033,2,2379,1,3654,0,0,3,3853,0,1090,3,4943,California
Siskiyou,2021-02-08,221,6254,5,2384,216,3870,0,0,216,4064,5,1095,216,5159,California
Siskiyou,2021-02-09,193,6447,2,2386,191,4061,0,0,160,4191,33,1128,160,5319,California
Siskiyou,2021-02-10,370,6817,40,2426,330,4391,0,0,317,4455,53,1181,317,5636,California
Siskiyou,2021-02-11,190,7007,0,2426,190,4581,0,0,174,4613,16,1197,174,5810,California
Siskiyou,2021-02-12,1695,8702,1205,3631,490,5071,0,0,500,3918,1195,2392,500,6310,California
Siskiyou,2021-02-13,36,8738,3,3634,33,5104,0,0,31,3944,5,2397,31,6341,California
Siskiyou,2021-02-14,5,8743,1,3635,4,5108,0,0,5,3949,0,2397,5,6346,California
Siskiyou,2021-02-15,105,8848,7,3642,98,5206,0,0,102,4048,3,2400,102,6448,California
Siskiyou,2021-02-16,113,8961,3,3645,110,5316,0,0,97,4129,16,2416,97,6545,California
Siskiyou,2021-02-17,188,9149,19,3664,169,5485,0,0,175,4291,13,2429,175,6720,California
Siskiyou,2021-02-18,222,9371,89,3753,133,5618,0,0,98,4265,124,2553,98,6818,California
Siskiyou,2021-02-19,65,9436,29,3782,36,5654,0,0,30,4260,35,2588,30,6848,California
Siskiyou,2021-02-20,23,9459,4,3786,19,5673,0,0,18,4273,5,2593,18,6866,California
Siskiyou,2021-02-21,2,9461,2,3788,0,5673,0,0,2,4275,0,2593,2,6868,California
Siskiyou,2021-02-22,125,9586,1,3789,124,5797,0,0,18,4186,107,2700,18,6886,California
Siskiyou,2021-02-23,194,9780,15,3804,179,5976,0,0,50,4092,144,2844,50,6936,California
Siskiyou,2021-02-24,146,9926,4,3808,142,6118,0,0,33,4012,113,2957,33,6969,California
Siskiyou,2021-02-25,300,10226,22,3830,278,6396,0,0,153,4018,147,3104,153,7122,California
Siskiyou,2021-02-26,668,10894,13,3843,655,7051,0,0,368,4086,300,3404,368,7490,California
Siskiyou,2021-02-27,31,10925,3,3846,28,7079,0,0,27,4109,4,3408,27,7517,California
Siskiyou,2021-02-28,4,10929,4,3850,0,7079,0,0,3,4111,1,3409,3,7520,California
Siskiyou,2021-03-01,279,11208,6,3856,273,7352,0,0,48,3928,231,3640,48,7568,California
Siskiyou,2021-03-02,189,11397,2,3858,187,7539,0,0,72,3883,117,3757,72,7640,California
Siskiyou,2021-03-03,333,11730,5,3863,328,7867,0,0,145,3840,188,3945,145,7785,California
Siskiyou,2021-03-04,666,12396,496,4359,170,8037,0,0,516,4206,150,4095,516,8301,California
Siskiyou,2021-03-05,315,12711,7,4366,297,8334,11,11,98,4101,214,4309,109,8410,California
Siskiyou,2021-03-06,35,12746,2,4368,29,8363,4,15,28,4126,7,4316,32,8442,California
Siskiyou,2021-03-07,10,12756,3,4371,0,8363,7,22,2,4127,8,4324,9,8451,California
Siskiyou,2021-03-08,347,13103,25,4396,289,8652,33,55,53,3919,294,4618,86,8537,California
Siskiyou,2021-03-09,136,13239,0,4396,97,8749,39,94,49,3920,87,4705,88,8625,California
Siskiyou,2021-03-10,194,13433,11,4407,177,8926,6,100,26,3784,168,4873,32,8657,California
Siskiyou,2021-03-11,440,13873,190,4597,209,9135,41,141,250,3888,187,5060,291,8948,California
Siskiyou,2021-03-12,534,14407,112,4709,387,9522,35,176,155,3701,377,5437,190,9138,California
Siskiyou,2021-03-13,347,14754,317,5026,8,9530,22,198,316,4008,31,5468,338,9476,California
Siskiyou,2021-03-14,21,14775,3,5029,3,9533,15,213,4,4010,17,5485,19,9495,California
Siskiyou,2021-03-15,438,15213,246,5275,175,9708,17,230,308,4205,130,5615,325,9820,California
Siskiyou,2021-03-16,260,15473,41,5316,202,9910,17,247,147,4256,113,5728,164,9984,California
Siskiyou,2021-03-17,197,15670,4,5320,184,10094,9,256,31,4130,166,5894,40,10024,California
Siskiyou,2021-03-18,780,16450,649,5969,119,10213,12,268,667,4696,113,6007,679,10703,California
Siskiyou,2021-03-19,46,16496,12,5981,22,10235,12,280,14,4690,32,6039,26,10729,California
Siskiyou,2021-03-20,29,16525,7,5988,18,10253,4,284,7,4680,21,6060,11,10740,California
Siskiyou,2021-03-21,9,16534,3,5991,1,10254,5,289,3,4682,6,6066,8,10748,California
Siskiyou,2021-03-22,199,16733,20,6011,157,10411,22,311,138,4784,58,6124,160,10908,California
Siskiyou,2021-03-23,166,16899,21,6032,136,10547,9,320,114,4855,52,6176,123,11031,California
Siskiyou,2021-03-24,142,17041,55,6087,87,10634,0,320,120,4953,22,6198,120,11151,California
Siskiyou,2021-03-25,534,17575,288,6375,244,10878,2,322,365,5153,169,6367,369,11520,California
Siskiyou,2021-03-26,302,17877,29,6404,271,11149,2,324,100,5054,201,6568,102,11622,California
Siskiyou,2021-03-27,35,17912,4,6408,27,11176,4,328,9,5041,26,6594,13,11635,California
Siskiyou,2021-03-28,3,17915,3,6411,0,11176,0,328,1,5040,2,6596,1,11636,California
Siskiyou,2021-03-29,108,18023,14,6425,92,11268,2,330,48,5040,50,6646,50,11686,California
Siskiyou,2021-03-30,99,18122,2,6427,95,11363,2,332,38,5019,61,6707,40,11726,California
Siskiyou,2021-03-31,188,18310,23,6450,164,11527,1,333,53,4942,134,6841,57,11783,California
Siskiyou,2021-04-01,803,19113,660,7110,143,11670,0,333,199,4635,604,7445,297,12080,California
Siskiyou,2021-04-02,293,19406,185,7295,104,11774,4,337,27,4406,266,7711,37,12117,California
Siskiyou,2021-04-03,26,19432,5,7300,16,11790,5,342,6,4398,20,7731,12,12129,California
Siskiyou,2021-04-04,1,19433,1,7301,0,11790,0,342,0,4397,1,7732,0,12129,California
Solano,2020-12-15,4,4,4,4,0,0,0,0,4,4,0,0,4,4,California
Solano,2020-12-16,71,75,71,75,0,0,0,0,71,75,0,0,71,75,California
Solano,2020-12-17,152,227,152,227,0,0,0,0,152,227,0,0,152,227,California
Solano,2020-12-18,450,677,449,676,1,1,0,0,450,677,0,0,450,677,California
Solano,2020-12-19,512,1189,512,1188,0,1,0,0,512,1189,0,0,512,1189,California
Solano,2020-12-20,354,1543,353,1541,1,2,0,0,354,1543,0,0,354,1543,California
Solano,2020-12-21,570,2113,568,2109,2,4,0,0,570,2113,0,0,570,2113,California
Solano,2020-12-22,663,2776,629,2738,34,38,0,0,663,2776,0,0,663,2776,California
Solano,2020-12-23,856,3632,770,3508,86,124,0,0,855,3631,0,0,855,3631,California
Solano,2020-12-24,420,4052,169,3677,251,375,0,0,420,4051,0,0,420,4051,California
Solano,2020-12-25,10,4062,2,3679,8,383,0,0,10,4061,0,0,10,4061,California
Solano,2020-12-26,175,4237,48,3727,127,510,0,0,175,4236,0,0,175,4236,California
Solano,2020-12-27,101,4338,28,3755,73,583,0,0,101,4337,0,0,101,4337,California
Solano,2020-12-28,858,5196,417,4172,441,1024,0,0,858,5195,0,0,858,5195,California
Solano,2020-12-29,887,6083,373,4545,514,1538,0,0,887,6082,0,0,887,6082,California
Solano,2020-12-30,1198,7281,595,5140,603,2141,0,0,1198,7280,0,0,1198,7280,California
Solano,2020-12-31,530,7811,130,5270,400,2541,0,0,530,7810,0,0,530,7810,California
Solano,2021-01-01,14,7825,12,5282,2,2543,0,0,14,7824,0,0,14,7824,California
Solano,2021-01-02,211,8036,163,5445,48,2591,0,0,211,8035,0,0,211,8035,California
Solano,2021-01-03,56,8092,39,5484,17,2608,0,0,51,8086,0,0,51,8086,California
Solano,2021-01-04,450,8542,247,5731,203,2811,0,0,440,8523,3,3,440,8526,California
Solano,2021-01-05,695,9237,376,6107,319,3130,0,0,541,8915,149,152,541,9067,California
Solano,2021-01-06,819,10056,434,6541,385,3515,0,0,558,9214,259,411,558,9625,California
Solano,2021-01-07,1050,11106,697,7238,353,3868,0,0,593,9353,455,866,594,10219,California
Solano,2021-01-08,1129,12235,776,8014,353,4221,0,0,536,9316,575,1441,538,10757,California
Solano,2021-01-09,885,13120,763,8777,122,4343,0,0,429,9292,453,1894,429,11186,California
Solano,2021-01-10,250,13370,191,8968,59,4402,0,0,150,9342,100,1994,150,11336,California
Solano,2021-01-11,1315,14685,1103,10071,212,4614,0,0,803,9634,512,2506,804,12140,California
Solano,2021-01-12,1542,16227,1158,11229,384,4998,0,0,996,10086,545,3051,997,13137,California
Solano,2021-01-13,1421,17648,995,12224,426,5424,0,0,1164,10995,255,3306,1164,14301,California
Solano,2021-01-14,1833,19481,793,13017,1040,6464,0,0,1519,12201,313,3619,1519,15820,California
Solano,2021-01-15,1675,21156,1059,14076,616,7080,0,0,1380,13286,295,3914,1380,17200,California
Solano,2021-01-16,1294,22450,907,14983,387,7467,0,0,1114,14220,180,4094,1114,18314,California
Solano,2021-01-17,1027,23477,747,15730,280,7747,0,0,1010,15213,17,4111,1010,19324,California
Solano,2021-01-18,1410,24887,859,16589,551,8298,0,0,1297,16398,113,4224,1298,20622,California
Solano,2021-01-19,1643,26530,1332,17921,311,8609,0,0,1370,17496,272,4496,1370,21992,California
Solano,2021-01-20,2022,28552,1414,19335,608,9217,0,0,1541,18559,478,4974,1541,23533,California
Solano,2021-01-21,3076,31628,990,20325,2086,11303,0,0,2741,20966,334,5308,2741,26274,California
Solano,2021-01-22,1740,33368,835,21160,905,12208,0,0,1551,22328,189,5497,1551,27825,California
Solano,2021-01-23,727,34095,236,21396,491,12699,0,0,524,22649,204,5701,525,28350,California
Solano,2021-01-24,375,34470,59,21455,316,13015,0,0,311,22896,64,5765,311,28661,California
Solano,2021-01-25,1614,36084,623,22078,991,14006,0,0,1065,23415,549,6314,1068,29729,California
Solano,2021-01-26,1672,37756,739,22817,933,14939,0,0,1046,23838,625,6939,1048,30777,California
Solano,2021-01-27,1758,39514,728,23545,1030,15969,0,0,1174,24441,571,7510,1174,31951,California
Solano,2021-01-28,1837,41351,711,24256,1126,17095,0,0,1236,25079,599,8109,1237,33188,California
Solano,2021-01-29,1645,42996,781,25037,864,17959,0,0,1288,26015,355,8464,1291,34479,California
Solano,2021-01-30,707,43703,217,25254,490,18449,0,0,552,26412,155,8619,552,35031,California
Solano,2021-01-31,477,44180,397,25651,80,18529,0,0,216,26368,261,8880,217,35248,California
Solano,2021-02-01,1470,45650,970,26621,500,19029,0,0,739,26379,728,9608,739,35987,California
Solano,2021-02-02,3063,48713,1060,27681,2003,21032,0,0,2275,27868,786,10394,2275,38262,California
Solano,2021-02-03,2216,50929,1295,28976,921,21953,0,0,1149,27957,1064,11458,1153,39415,California
Solano,2021-02-04,1755,52684,902,29878,853,22806,0,0,1042,28292,707,12165,1042,40457,California
Solano,2021-02-05,3047,55731,1407,31285,1640,24446,0,0,2047,29353,992,13157,2053,42510,California
Solano,2021-02-06,3003,58734,1162,32447,1841,26287,0,0,2198,30750,801,13958,2198,44708,California
Solano,2021-02-07,851,59585,789,33236,62,26349,0,0,237,30373,614,14572,237,44945,California
Solano,2021-02-08,1707,61292,1228,34464,479,26828,0,0,672,30013,1032,15604,672,45617,California
Solano,2021-02-09,1884,63176,1465,35929,419,27247,0,0,670,29470,1213,16817,670,46287,California
Solano,2021-02-10,2239,65415,1492,37421,747,27994,0,0,820,28875,1415,18232,820,47107,California
Solano,2021-02-11,2382,67797,1444,38865,938,28932,0,0,1117,28740,1252,19484,1117,48224,California
Solano,2021-02-12,4018,71815,1542,40407,2476,31408,0,0,2714,30159,1297,20781,2716,50940,California
Solano,2021-02-13,2797,74612,233,40640,2564,33972,0,0,2421,32209,372,21153,2422,53362,California
Solano,2021-02-14,685,75297,201,40841,484,34456,0,0,411,32348,272,21425,411,53773,California
Solano,2021-02-15,1255,76552,291,41132,964,35420,0,0,636,32366,619,22044,637,54410,California
Solano,2021-02-16,2360,78912,1206,42338,1154,36574,0,0,1600,33207,759,22803,1600,56010,California
Solano,2021-02-17,2632,81544,1215,43553,1417,37991,0,0,1844,34267,785,23588,1845,57855,California
Solano,2021-02-18,2537,84081,686,44239,1851,39842,0,0,791,33321,1737,25325,791,58646,California
Solano,2021-02-19,2180,86261,1245,45484,935,40777,0,0,1101,33348,1076,26401,1103,59749,California
Solano,2021-02-20,2524,88785,376,45860,2148,42925,0,0,2066,34954,460,26861,2066,61815,California
Solano,2021-02-21,2094,90879,1819,47679,275,43200,0,0,1815,36493,277,27138,1816,63631,California
Solano,2021-02-22,1558,92437,901,48580,657,43857,0,0,811,36560,745,27883,812,64443,California
Solano,2021-02-23,2391,94828,986,49566,1405,45262,0,0,1544,37258,846,28729,1544,65987,California
Solano,2021-02-24,2308,97136,1124,50690,1184,46446,0,0,1293,37537,1014,29743,1293,67280,California
Solano,2021-02-25,2252,99388,1337,52027,915,47361,0,0,1235,37763,1010,30753,1236,68516,California
Solano,2021-02-26,2544,101932,1452,53479,1092,48453,0,0,1324,37870,1217,31970,1324,69840,California
Solano,2021-02-27,3609,105541,1365,54844,2244,50697,0,0,2923,40116,679,32649,2925,72765,California
Solano,2021-02-28,1350,106891,1038,55882,312,51009,0,0,1085,40939,262,32911,1085,73850,California
Solano,2021-03-01,2099,108990,1035,56917,1064,52073,0,0,1501,41848,593,33504,1502,75352,California
Solano,2021-03-02,1886,110876,1197,58114,689,52762,0,0,1184,42330,702,34206,1184,76536,California
Solano,2021-03-03,1830,112706,1009,59123,821,53583,0,0,1083,42673,740,34946,1083,77619,California
Solano,2021-03-04,3034,115740,2201,61324,831,54414,2,2,2110,43866,920,35866,2113,79732,California
Solano,2021-03-05,3635,119375,1191,62515,2441,56855,3,5,2876,45988,759,36625,2881,82613,California
Solano,2021-03-06,3465,122840,700,63215,2725,59580,40,45,2372,47314,1086,37711,2412,85025,California
Solano,2021-03-07,3453,126293,730,63945,2711,62291,12,57,1907,47697,1537,39248,1920,86945,California
Solano,2021-03-08,1568,127861,801,64746,500,62791,267,324,1082,48562,485,39733,1350,88295,California
Solano,2021-03-09,2848,130709,1306,66052,1489,64280,53,377,2046,49857,802,40535,2097,90392,California
Solano,2021-03-10,2132,132841,1531,67583,511,64791,90,467,1046,49911,1082,41617,1136,91528,California
Solano,2021-03-11,5270,138111,1370,68953,3663,68454,237,704,4346,53573,922,42539,4584,96112,California
Solano,2021-03-12,5333,143444,1314,70267,3936,72390,83,787,2838,54006,2490,45029,2923,99035,California
Solano,2021-03-13,3971,147415,755,71022,3135,75525,81,868,1972,54072,1991,47020,2057,101092,California
Solano,2021-03-14,3588,151003,2817,73839,325,75850,446,1314,1512,53965,2073,49093,1966,103058,California
Solano,2021-03-15,3363,154366,1868,75707,1178,77028,317,1631,2030,54981,1330,50423,2346,105404,California
Solano,2021-03-16,2813,157179,1127,76834,1457,78485,229,1860,1424,55249,1384,51807,1652,107056,California
Solano,2021-03-17,5334,162513,1419,78253,3826,82311,89,1949,4061,58131,1268,53075,4150,111206,California
Solano,2021-03-18,4109,166622,1378,79631,2697,85008,34,1983,3051,60168,1050,54125,3087,114293,California
Solano,2021-03-19,1867,168489,1245,80876,565,85573,57,2040,999,60364,863,54988,1059,115352,California
Solano,2021-03-20,4099,172588,1086,81962,2971,88544,42,2082,2161,60644,1932,56920,2212,117564,California
Solano,2021-03-21,1628,174216,1540,83502,71,88615,17,2099,840,60714,786,57706,856,118420,California
Solano,2021-03-22,2143,176359,1532,85034,563,89178,48,2147,1213,61064,923,58629,1273,119693,California
Solano,2021-03-23,2921,179280,1511,86545,1364,90542,46,2193,1353,60914,1562,60191,1412,121105,California
Solano,2021-03-24,2657,181937,1634,88179,986,91528,37,2230,1297,60979,1354,61545,1419,122524,California
Solano,2021-03-25,4414,186351,3625,91804,755,92283,34,2264,2001,61423,2409,63954,2853,125377,California
Solano,2021-03-26,2754,189105,1672,93476,1046,93329,36,2300,1495,61970,1252,65206,1799,127176,California
Solano,2021-03-27,4110,193215,1138,94614,2935,96264,37,2337,1759,61589,2342,67548,1961,129137,California
Solano,2021-03-28,1326,194541,1079,95693,229,96493,18,2355,546,61388,777,68325,576,129713,California
Solano,2021-03-29,2637,197178,1440,97133,1180,97673,17,2372,1462,61729,1171,69496,1512,131225,California
Solano,2021-03-30,2668,199846,1818,98951,758,98431,92,2464,1644,62462,1022,70518,1755,132980,California
Solano,2021-03-31,2821,202667,1931,100882,746,99177,144,2608,1670,63168,1148,71666,1854,134834,California
Solano,2021-04-01,4333,207000,1684,102566,2505,101682,144,2752,2717,64463,1605,73271,2900,137734,California
Solano,2021-04-02,3259,210259,1537,104103,1572,103254,150,2902,1442,64560,1813,75084,1910,139644,California
Solano,2021-04-03,1374,211633,908,105011,360,103614,106,3008,539,64395,833,75917,668,140312,California
Solano,2021-04-04,604,212237,219,105230,129,103743,256,3264,171,64393,431,76348,429,140741,California
Sonoma,2020-12-15,4,4,4,4,0,0,0,0,4,4,0,0,4,4,California
Sonoma,2020-12-16,29,33,29,33,0,0,0,0,29,33,0,0,29,33,California
Sonoma,2020-12-17,101,134,101,134,0,0,0,0,101,134,0,0,101,134,California
Sonoma,2020-12-18,419,553,419,553,0,0,0,0,419,553,0,0,419,553,California
Sonoma,2020-12-19,110,663,109,662,1,1,0,0,110,663,0,0,110,663,California
Sonoma,2020-12-20,175,838,175,837,0,1,0,0,175,838,0,0,175,838,California
Sonoma,2020-12-21,912,1750,910,1747,2,3,0,0,911,1749,0,0,911,1749,California
Sonoma,2020-12-22,1365,3115,1273,3020,92,95,0,0,1365,3114,0,0,1365,3114,California
Sonoma,2020-12-23,1604,4719,1227,4247,377,472,0,0,1605,4719,0,0,1605,4719,California
Sonoma,2020-12-24,306,5025,101,4348,205,677,0,0,306,5025,0,0,306,5025,California
Sonoma,2020-12-25,8,5033,2,4350,6,683,0,0,8,5033,0,0,8,5033,California
Sonoma,2020-12-26,266,5299,255,4605,11,694,0,0,266,5299,0,0,266,5299,California
Sonoma,2020-12-27,93,5392,80,4685,13,707,0,0,93,5392,0,0,93,5392,California
Sonoma,2020-12-28,989,6381,553,5238,436,1143,0,0,961,6353,0,0,961,6353,California
Sonoma,2020-12-29,1133,7514,779,6017,354,1497,0,0,1099,7452,0,0,1099,7452,California
Sonoma,2020-12-30,1094,8608,479,6496,615,2112,0,0,1086,8538,0,0,1086,8538,California
Sonoma,2020-12-31,515,9123,70,6566,445,2557,0,0,516,9054,0,0,516,9054,California
Sonoma,2021-01-01,11,9134,6,6572,5,2562,0,0,11,9065,0,0,11,9065,California
Sonoma,2021-01-02,132,9266,125,6697,7,2569,0,0,132,9197,0,0,132,9197,California
Sonoma,2021-01-03,23,9289,9,6706,14,2583,0,0,23,9220,0,0,23,9220,California
Sonoma,2021-01-04,341,9630,104,6810,237,2820,0,0,340,9560,0,0,340,9560,California
Sonoma,2021-01-05,439,10069,103,6913,336,3156,0,0,415,9960,15,15,415,9975,California
Sonoma,2021-01-06,949,11018,434,7347,515,3671,0,0,835,10688,107,122,835,10810,California
Sonoma,2021-01-07,1014,12032,523,7870,491,4162,0,0,845,11365,168,290,845,11655,California
Sonoma,2021-01-08,1782,13814,1228,9098,554,4716,0,0,1312,12209,468,758,1312,12967,California
Sonoma,2021-01-09,656,14470,420,9518,236,4952,0,0,608,12769,48,806,608,13575,California
Sonoma,2021-01-10,470,14940,459,9977,11,4963,0,0,278,12855,192,998,278,13853,California
Sonoma,2021-01-11,1381,16321,1236,11213,145,5108,0,0,411,12300,966,1964,411,14264,California
Sonoma,2021-01-12,1548,17869,1295,12508,253,5361,0,0,394,11542,1152,3116,394,14658,California
Sonoma,2021-01-13,2062,19931,1421,13929,641,6002,0,0,1199,11881,860,3976,1199,15857,California
Sonoma,2021-01-14,1525,21456,804,14733,721,6723,0,0,1294,12944,231,4207,1294,17151,California
Sonoma,2021-01-15,1561,23017,634,15367,927,7650,0,0,1341,14075,211,4418,1342,18493,California
Sonoma,2021-01-16,1135,24152,607,15974,528,8178,0,0,886,14716,245,4663,886,19379,California
Sonoma,2021-01-17,666,24818,550,16524,116,8294,0,0,586,15222,80,4743,586,19965,California
Sonoma,2021-01-18,1102,25920,933,17457,169,8463,0,0,611,15343,491,5234,612,20577,California
Sonoma,2021-01-19,2093,28013,1008,18465,1085,9548,0,0,1384,16021,707,5941,1385,21962,California
Sonoma,2021-01-20,2059,30072,618,19083,1441,10989,0,0,1402,16776,648,6589,1403,23365,California
Sonoma,2021-01-21,2212,32284,613,19696,1599,12588,0,0,1989,18546,220,6809,1990,25355,California
Sonoma,2021-01-22,2704,34988,1028,20724,1676,14264,0,0,2555,20953,148,6957,2555,27910,California
Sonoma,2021-01-23,762,35750,592,21316,170,14434,0,0,655,21502,106,7063,655,28565,California
Sonoma,2021-01-24,770,36520,638,21954,132,14566,0,0,755,22242,15,7078,755,29320,California
Sonoma,2021-01-25,2159,38679,516,22470,1643,16209,0,0,1672,23427,487,7565,1672,30992,California
Sonoma,2021-01-26,1992,40671,296,22766,1696,17905,0,0,1537,24510,454,8019,1537,32529,California
Sonoma,2021-01-27,3669,44340,1256,24022,2413,20318,0,0,3100,27045,567,8586,3102,35631,California
Sonoma,2021-01-28,4097,48437,1834,25856,2263,22581,0,0,3438,29829,656,9242,3440,39071,California
Sonoma,2021-01-29,2948,51385,1395,27251,1553,24134,0,0,2121,31126,825,10067,2122,41193,California
Sonoma,2021-01-30,2578,53963,2394,29645,184,24318,0,0,2225,33001,353,10420,2228,43421,California
Sonoma,2021-01-31,776,54739,664,30309,112,24430,0,0,579,33384,196,10616,579,44000,California
Sonoma,2021-02-01,2490,57229,868,31177,1622,26052,0,0,2093,35085,394,11010,2095,46095,California
Sonoma,2021-02-02,3432,60661,1364,32541,2068,28120,0,0,2865,37385,565,11575,2865,48960,California
Sonoma,2021-02-03,4020,64681,1317,33858,2703,30823,0,0,3099,39566,919,12494,3100,52060,California
Sonoma,2021-02-04,4151,68832,1679,35537,2472,33295,0,0,3390,42196,760,13254,3390,55450,California
Sonoma,2021-02-05,4793,73625,1733,37270,3060,36355,0,0,3783,44974,1006,14260,3784,59234,California
Sonoma,2021-02-06,2631,76256,2271,39541,360,36715,0,0,2079,46502,551,14811,2079,61313,California
Sonoma,2021-02-07,1534,77790,1398,40939,136,36851,0,0,1286,47541,247,15058,1286,62599,California
Sonoma,2021-02-08,3234,81024,1022,41961,2212,39063,0,0,2661,49631,571,15629,2661,65260,California
Sonoma,2021-02-09,3540,84564,1690,43651,1850,40913,0,0,3063,52220,475,16104,3064,68324,California
Sonoma,2021-02-10,4397,88961,2354,46005,2043,42956,0,0,3372,54574,1019,17123,3373,71697,California
Sonoma,2021-02-11,5320,94281,2790,48795,2530,45486,0,0,4151,57559,1166,18289,4151,75848,California
Sonoma,2021-02-12,5635,99916,2966,51761,2669,48155,0,0,4229,60386,1403,19692,4230,80078,California
Sonoma,2021-02-13,1975,101891,1153,52914,822,48977,0,0,1205,60824,767,20459,1205,81283,California
Sonoma,2021-02-14,2301,104192,1809,54723,492,49469,0,0,1661,61846,639,21098,1661,82944,California
Sonoma,2021-02-15,2103,106295,766,55489,1337,50806,0,0,1595,62933,508,21606,1595,84539,California
Sonoma,2021-02-16,4596,110891,2035,57524,2561,53367,0,0,3351,65041,1243,22849,3351,87890,California
Sonoma,2021-02-17,5275,116166,2852,60376,2423,55790,0,0,3329,66436,1937,24786,3332,91222,California
Sonoma,2021-02-18,6741,122907,2965,63341,3776,59566,0,0,3861,67423,2874,27660,3861,95083,California
Sonoma,2021-02-19,5384,128291,1657,64998,3727,63293,0,0,3317,68678,2062,29722,3317,98400,California
Sonoma,2021-02-20,3094,131385,2824,67822,270,63563,0,0,1221,68031,1868,31590,1221,99621,California
Sonoma,2021-02-21,451,131836,343,68165,108,63671,0,0,128,67840,319,31909,128,99749,California
Sonoma,2021-02-22,2700,134536,1346,69511,1354,65025,0,0,1044,67232,1652,33561,1044,100793,California
Sonoma,2021-02-23,3076,137612,2058,71569,1018,66043,0,0,1370,66899,1704,35265,1371,102164,California
Sonoma,2021-02-24,5430,143042,2515,74084,2915,68958,0,0,2723,66922,2702,37967,2725,104889,California
Sonoma,2021-02-25,5612,148654,2214,76298,3398,72356,0,0,2971,67272,2621,40588,2971,107860,California
Sonoma,2021-02-26,5968,154622,2741,79039,3227,75583,0,0,3706,68723,2255,42843,3706,111566,California
Sonoma,2021-02-27,4015,158637,1892,80931,2123,77706,0,0,2691,70093,1322,44165,2692,114258,California
Sonoma,2021-02-28,2304,160941,1823,82754,481,78187,0,0,599,68991,1701,45866,599,114857,California
Sonoma,2021-03-01,3614,164555,1101,83855,2513,80700,0,0,1770,68925,1837,47703,1771,116628,California
Sonoma,2021-03-02,4177,168732,1451,85306,2726,83426,0,0,2462,69681,1706,49409,2462,119090,California
Sonoma,2021-03-03,4272,173004,2233,87539,2039,85465,0,0,1857,69130,2408,51817,1857,120947,California
Sonoma,2021-03-04,4900,177904,2244,89783,2656,88121,0,0,2004,68250,2884,54701,2004,122951,California
Sonoma,2021-03-05,5175,183079,2223,92006,2937,91058,15,15,2061,67230,3101,57802,2081,125032,California
Sonoma,2021-03-06,2559,185638,1129,93135,1310,92368,120,135,1730,68254,825,58627,1849,126881,California
Sonoma,2021-03-07,1708,187346,1428,94563,248,92616,32,167,355,67289,1352,59979,387,127268,California
Sonoma,2021-03-08,3848,191194,671,95234,3010,95626,167,334,2193,68004,1645,61624,2360,129628,California
Sonoma,2021-03-09,5362,196556,2963,98197,2151,97777,248,582,2645,68185,2712,64336,2893,132521,California
Sonoma,2021-03-10,5814,202370,3125,101322,2386,100163,303,885,2344,67377,3455,67791,2647,135168,California
Sonoma,2021-03-11,7224,209594,2880,104202,3564,103727,780,1665,2561,66066,4654,72445,3343,138511,California
Sonoma,2021-03-12,6956,216550,2134,106336,3553,107280,1269,2934,1986,64368,4953,77398,3255,141766,California
Sonoma,2021-03-13,2956,219506,1454,107790,1278,108558,224,3158,1701,65038,1253,78651,1923,143689,California
Sonoma,2021-03-14,1165,220671,288,108078,737,109295,140,3298,752,65519,410,79061,891,144580,California
Sonoma,2021-03-15,5150,225821,1458,109536,3319,112614,373,3671,2175,65099,2967,82028,2547,147127,California
Sonoma,2021-03-16,6221,232042,2227,111763,3771,116385,223,3894,3147,65402,3067,85095,3370,150497,California
Sonoma,2021-03-17,6388,238430,3381,115144,2840,119225,167,4061,3267,65724,3112,88207,3434,153931,California
Sonoma,2021-03-18,5784,244214,2415,117559,2867,122092,502,4563,2668,65781,3111,91318,3168,157099,California
Sonoma,2021-03-19,5391,249605,2303,119862,2901,124993,187,4750,2429,65457,2942,94260,2618,159717,California
Sonoma,2021-03-20,2744,252349,1344,121206,742,125735,658,5408,1480,66334,1261,95521,2138,161855,California
Sonoma,2021-03-21,1348,253697,587,121793,727,126462,34,5442,1185,67392,162,95683,1220,163075,California
Sonoma,2021-03-22,4416,258113,3010,124803,1305,127767,101,5543,3481,70055,934,96617,3597,166672,California
Sonoma,2021-03-23,5614,263727,3475,128278,2065,129832,74,5617,4512,73550,1098,97715,4593,171265,California
Sonoma,2021-03-24,6476,270203,4152,132430,2250,132082,74,5691,4072,75437,2386,100101,4273,175538,California
Sonoma,2021-03-25,6824,277027,4058,136488,2663,134745,103,5794,4214,77259,2590,102691,4412,179950,California
Sonoma,2021-03-26,7002,284029,3291,139779,3619,138364,92,5886,3795,78182,3193,105884,4116,184066,California
Sonoma,2021-03-27,3821,287850,1492,141271,1979,140343,350,6236,1112,77025,2700,108584,1543,185609,California
Sonoma,2021-03-28,1456,289306,898,142169,533,140876,25,6261,916,77427,539,109123,941,186550,California
Sonoma,2021-03-29,2807,292113,1085,143254,1689,142565,33,6294,1590,77850,1212,110335,1635,188185,California
Sonoma,2021-03-30,5330,297443,3087,146341,2178,144743,65,6359,2986,78582,2340,112675,3072,191257,California
Sonoma,2021-03-31,5418,302861,3306,149647,1902,146645,210,6569,3314,80088,2097,114772,3603,194860,California
Sonoma,2021-04-01,6037,308898,3797,153444,1942,148587,298,6867,3403,81628,2624,117396,4164,199024,California
Sonoma,2021-04-02,5320,314218,3383,156827,1833,150420,104,6971,3450,83703,1865,119261,3940,202964,California
Sonoma,2021-04-03,2798,317016,1536,158363,1211,151631,51,7022,1238,83561,1555,120816,1413,204377,California
Sonoma,2021-04-04,364,317380,322,158685,20,151651,22,7044,281,83782,83,120899,304,204681,California
Stanislaus,2020-12-15,2,2,2,2,0,0,0,0,2,2,0,0,2,2,California
Stanislaus,2020-12-16,37,39,37,39,0,0,0,0,37,39,0,0,37,39,California
Stanislaus,2020-12-17,73,112,73,112,0,0,0,0,73,112,0,0,73,112,California
Stanislaus,2020-12-18,431,543,424,536,7,7,0,0,431,543,0,0,431,543,California
Stanislaus,2020-12-19,192,735,192,728,0,7,0,0,192,735,0,0,192,735,California
Stanislaus,2020-12-20,125,860,125,853,0,7,0,0,125,860,0,0,125,860,California
Stanislaus,2020-12-21,1125,1985,1122,1975,3,10,0,0,1124,1984,0,0,1124,1984,California
Stanislaus,2020-12-22,846,2831,834,2809,12,22,0,0,846,2830,0,0,846,2830,California
Stanislaus,2020-12-23,461,3292,444,3253,17,39,0,0,460,3290,0,0,460,3290,California
Stanislaus,2020-12-24,99,3391,90,3343,9,48,0,0,99,3389,0,0,99,3389,California
Stanislaus,2020-12-26,48,3439,6,3349,42,90,0,0,48,3437,0,0,48,3437,California
Stanislaus,2020-12-27,10,3449,5,3354,5,95,0,0,10,3447,0,0,10,3447,California
Stanislaus,2020-12-28,499,3948,403,3757,96,191,0,0,499,3946,0,0,499,3946,California
Stanislaus,2020-12-29,505,4453,429,4186,76,267,0,0,505,4451,0,0,505,4451,California
Stanislaus,2020-12-30,539,4992,283,4469,256,523,0,0,539,4989,1,1,539,4990,California
Stanislaus,2020-12-31,315,5307,172,4641,143,666,0,0,317,5306,0,1,317,5307,California
Stanislaus,2021-01-01,8,5315,1,4642,7,673,0,0,8,5314,0,1,8,5315,California
Stanislaus,2021-01-02,30,5345,23,4665,7,680,0,0,30,5344,0,1,30,5345,California
Stanislaus,2021-01-03,88,5433,85,4750,3,683,0,0,88,5432,0,1,88,5433,California
Stanislaus,2021-01-04,114,5547,31,4781,83,766,0,0,117,5549,0,1,117,5550,California
Stanislaus,2021-01-05,849,6396,334,5115,515,1281,0,0,826,6360,16,17,827,6377,California
Stanislaus,2021-01-06,976,7372,545,5660,431,1712,0,0,902,7199,64,81,903,7280,California
Stanislaus,2021-01-07,1087,8459,696,6356,391,2103,0,0,962,8050,112,193,963,8243,California
Stanislaus,2021-01-08,1316,9775,754,7110,562,2665,0,0,946,8635,365,558,950,9193,California
Stanislaus,2021-01-09,288,10063,144,7254,144,2809,0,0,196,8739,92,650,196,9389,California
Stanislaus,2021-01-10,46,10109,19,7273,27,2836,0,0,29,8751,17,667,29,9418,California
Stanislaus,2021-01-11,1547,11656,1261,8534,286,3122,0,0,604,8428,940,1607,617,10035,California
Stanislaus,2021-01-12,1489,13145,888,9422,601,3723,0,0,834,8615,651,2258,838,10873,California
Stanislaus,2021-01-13,1440,14585,675,10097,765,4488,0,0,1115,9414,324,2582,1123,11996,California
Stanislaus,2021-01-14,2213,16798,279,10376,1934,6422,0,0,2063,11383,148,2730,2117,14113,California
Stanislaus,2021-01-15,2882,19680,1150,11526,1732,8154,0,0,2725,14040,135,2865,2792,16905,California
Stanislaus,2021-01-16,573,20253,51,11577,522,8676,0,0,557,14584,15,2880,559,17464,California
Stanislaus,2021-01-17,244,20497,201,11778,43,8719,0,0,238,14816,6,2886,238,17702,California
Stanislaus,2021-01-18,2173,22670,1020,12798,1153,9872,0,0,1803,16313,367,3253,1864,19566,California
Stanislaus,2021-01-19,1266,23936,740,13538,526,10398,0,0,804,16659,459,3712,805,20371,California
Stanislaus,2021-01-20,994,24930,479,14017,515,10913,0,0,703,17072,290,4002,703,21074,California
Stanislaus,2021-01-21,3677,28607,2959,16976,718,11631,0,0,3358,20201,317,4319,3446,24520,California
Stanislaus,2021-01-22,1092,29699,305,17281,787,12418,0,0,1046,21208,43,4362,1050,25570,California
Stanislaus,2021-01-23,350,30049,38,17319,312,12730,0,0,296,21454,54,4416,300,25870,California
Stanislaus,2021-01-24,289,30338,99,17418,190,12920,0,0,223,21613,66,4482,225,26095,California
Stanislaus,2021-01-25,3140,33478,218,17636,2922,15842,0,0,2842,24283,299,4781,2969,29064,California
Stanislaus,2021-01-26,1731,35209,738,18374,993,16835,0,0,1313,25197,413,5194,1327,30391,California
Stanislaus,2021-01-27,1835,37044,972,19346,863,17698,0,0,1179,25728,649,5843,1180,31571,California
Stanislaus,2021-01-28,2247,39291,1496,20842,751,18449,0,0,1763,27066,472,6315,1810,33381,California
Stanislaus,2021-01-29,2485,41776,1198,22040,1287,19736,0,0,1954,28578,484,6799,1996,35377,California
Stanislaus,2021-01-30,298,42074,118,22158,180,19916,0,0,248,28774,52,6851,248,35625,California
Stanislaus,2021-01-31,366,42440,314,22472,52,19968,0,0,363,29125,12,6863,363,35988,California
Stanislaus,2021-02-01,1271,43711,540,23012,731,20699,0,0,936,29735,327,7190,937,36925,California
Stanislaus,2021-02-02,1259,44970,371,23383,888,21587,0,0,805,30092,453,7643,810,37735,California
Stanislaus,2021-02-03,2526,47496,1080,24463,1446,23033,0,0,1847,31270,675,8318,1853,39588,California
Stanislaus,2021-02-04,2110,49606,721,25184,1389,24422,0,0,1597,32363,508,8826,1601,41189,California
Stanislaus,2021-02-05,2852,52458,1456,26640,1396,25818,0,0,1616,32793,1190,10016,1620,42809,California
Stanislaus,2021-02-06,1012,53470,290,26930,722,26540,0,0,822,33427,189,10205,823,43632,California
Stanislaus,2021-02-07,210,53680,186,27116,24,26564,0,0,40,33299,169,10374,41,43673,California
Stanislaus,2021-02-08,2025,55705,1310,28426,715,27279,0,0,1121,33545,878,11252,1124,44797,California
Stanislaus,2021-02-09,1872,57577,789,29215,1083,28362,0,0,1105,33883,770,12022,1108,45905,California
Stanislaus,2021-02-10,1981,59558,563,29778,1418,29780,0,0,1072,34063,894,12916,1074,46979,California
Stanislaus,2021-02-11,5548,65106,3417,33195,2131,31911,0,0,1423,31526,3965,16881,1428,48407,California
Stanislaus,2021-02-12,3537,68643,1098,34293,2439,34350,0,0,1672,31383,1818,18699,1675,50082,California
Stanislaus,2021-02-13,1546,70189,756,35049,790,35140,0,0,1101,32038,451,19150,1106,51188,California
Stanislaus,2021-02-14,423,70612,170,35219,253,35393,0,0,357,32331,65,19215,358,51546,California
Stanislaus,2021-02-15,1839,72451,251,35470,1588,36981,0,0,629,31856,1113,20328,638,52184,California
Stanislaus,2021-02-16,1389,73840,422,35892,967,37948,0,0,600,31692,784,21112,620,52804,California
Stanislaus,2021-02-17,2754,76594,1672,37564,1082,39030,0,0,1969,32894,789,21901,1991,54795,California
Stanislaus,2021-02-18,3396,79990,1886,39450,1510,40540,0,0,1794,33214,1534,23435,1854,56649,California
Stanislaus,2021-02-19,2775,82765,1038,40488,1737,42277,0,0,1569,33612,1180,24615,1578,58227,California
Stanislaus,2021-02-20,758,83523,369,40857,389,42666,0,0,498,33862,251,24866,501,58728,California
Stanislaus,2021-02-21,799,84322,589,41446,210,42876,0,0,361,33907,424,25290,469,59197,California
Stanislaus,2021-02-22,2298,86620,1598,43044,700,43576,0,0,1588,34813,684,25974,1590,60787,California
Stanislaus,2021-02-23,3714,90334,679,43723,3035,46611,0,0,1753,34754,1833,27807,1774,62561,California
Stanislaus,2021-02-24,4162,94496,2807,46530,1355,47966,0,0,2989,36760,1158,28965,3164,65725,California
Stanislaus,2021-02-25,3935,98431,2643,49173,1292,49258,0,0,2960,38933,961,29926,3134,68859,California
Stanislaus,2021-02-26,4242,102673,1214,50387,3028,52286,0,0,2669,40280,1535,31461,2882,71741,California
Stanislaus,2021-02-27,2202,104875,684,51071,1517,53803,1,1,1788,41838,388,31849,1946,73687,California
Stanislaus,2021-02-28,804,105679,254,51325,550,54353,0,1,746,42540,54,31903,756,74443,California
Stanislaus,2021-03-01,3078,108757,1597,52922,1481,55834,0,1,1665,42820,1394,33297,1674,76117,California
Stanislaus,2021-03-02,2421,111178,1438,54360,983,56817,0,1,1676,43765,736,34033,1681,77798,California
Stanislaus,2021-03-03,3656,114834,2189,56549,1464,58281,3,4,2802,45729,841,34874,2805,80603,California
Stanislaus,2021-03-04,5521,120355,3209,59758,2294,60575,18,22,4167,48581,1337,36211,4189,84792,California
Stanislaus,2021-03-05,4205,124560,1307,61065,2882,63457,16,38,3073,50560,1118,37329,3097,87889,California
Stanislaus,2021-03-06,3716,128276,2251,63316,1377,64834,88,126,2694,52331,1020,38349,2791,90680,California
Stanislaus,2021-03-07,840,129116,381,63697,423,65257,36,162,651,52835,184,38533,688,91368,California
Stanislaus,2021-03-08,1989,131105,900,64597,1010,66267,79,241,1267,53469,714,39247,1348,92716,California
Stanislaus,2021-03-09,2738,133843,1050,65647,1599,67866,89,330,1708,54255,1018,40265,1804,94520,California
Stanislaus,2021-03-10,5486,139329,2654,68301,2615,70481,217,547,3752,56517,1714,41979,3976,98496,California
Stanislaus,2021-03-11,6191,145520,3326,71627,2395,72876,470,1017,4166,59315,1859,43838,4657,103153,California
Stanislaus,2021-03-12,6153,151673,1328,72955,2920,75796,1905,2922,2782,60728,3350,47188,4763,107916,California
Stanislaus,2021-03-13,3604,155277,2233,75188,1305,77101,66,2988,2694,62644,897,48085,2813,110729,California
Stanislaus,2021-03-14,820,156097,517,75705,252,77353,51,3039,412,62710,406,48491,472,111201,California
Stanislaus,2021-03-15,3848,159945,1967,77672,1503,78856,378,3417,1660,62727,2094,50585,2111,113312,California
Stanislaus,2021-03-16,5080,165025,2460,80132,2178,81034,442,3859,3639,65392,1420,52005,4085,117397,California
Stanislaus,2021-03-17,5099,170124,3054,83186,1865,82899,180,4039,3151,66825,1929,53934,3362,120759,California
Stanislaus,2021-03-18,5735,175859,3507,86693,2156,85055,72,4111,3303,67921,2293,56227,3389,124148,California
Stanislaus,2021-03-19,6329,182188,1710,88403,3102,88157,1517,5628,3490,70129,2806,59033,5014,129162,California
Stanislaus,2021-03-20,3722,185910,2722,91125,948,89105,52,5680,3325,73121,389,59422,3381,132543,California
Stanislaus,2021-03-21,993,186903,887,92012,45,89150,61,5741,755,73708,232,59654,819,133362,California
Stanislaus,2021-03-22,3030,189933,1394,93406,913,90063,723,6464,1419,74258,1596,61250,2146,135508,California
Stanislaus,2021-03-23,4075,194008,2078,95484,1756,91819,241,6705,2952,76363,1104,62354,3209,138717,California
Stanislaus,2021-03-24,4664,198672,3265,98749,1330,93149,69,6774,2769,77377,1853,64207,2867,141584,California
Stanislaus,2021-03-25,4593,203265,3111,101860,1464,94613,18,6792,2120,77143,2399,66606,2165,143749,California
Stanislaus,2021-03-26,4950,208215,1442,103302,3438,98051,70,6862,2581,77473,2338,68944,2668,146417,California
Stanislaus,2021-03-27,4380,212595,2688,105990,1666,99717,26,6888,1344,75850,3018,71962,1395,147812,California
Stanislaus,2021-03-28,1158,213753,435,106425,540,100257,183,7071,333,75563,818,72780,531,148343,California
Stanislaus,2021-03-29,3183,216936,1806,108231,1339,101596,38,7109,2187,76826,986,73766,2249,150592,California
Stanislaus,2021-03-30,3785,220721,2043,110274,1712,103308,30,7139,2354,77808,1423,75189,2405,152997,California
Stanislaus,2021-03-31,5467,226188,3816,114090,1516,104824,135,7274,2866,78284,2585,77774,3061,156058,California
Stanislaus,2021-04-01,5683,231871,3788,117878,1820,106644,75,7349,2690,78166,2981,80755,2863,158921,California
Stanislaus,2021-04-02,4771,236642,1139,119017,3542,110186,90,7439,2232,78092,2457,83212,2383,161304,California
Stanislaus,2021-04-03,4236,240878,3090,122107,1122,111308,24,7463,2082,78126,2144,85356,2178,163482,California
Stanislaus,2021-04-04,821,241699,174,122281,635,111943,12,7475,428,78187,390,85746,451,163933,California
Sutter,2020-12-15,1,1,1,1,0,0,0,0,1,1,0,0,1,1,California
Sutter,2020-12-16,4,5,4,5,0,0,0,0,4,5,0,0,4,5,California
Sutter,2020-12-17,2,7,2,7,0,0,0,0,2,7,0,0,2,7,California
Sutter,2020-12-18,20,27,20,27,0,0,0,0,20,27,0,0,20,27,California
Sutter,2020-12-19,44,71,44,71,0,0,0,0,44,71,0,0,44,71,California
Sutter,2020-12-20,42,113,42,113,0,0,0,0,42,113,0,0,42,113,California
Sutter,2020-12-21,101,214,101,214,0,0,0,0,101,214,0,0,101,214,California
Sutter,2020-12-22,174,388,174,388,0,0,0,0,174,388,0,0,174,388,California
Sutter,2020-12-23,114,502,110,498,4,4,0,0,114,502,0,0,114,502,California
Sutter,2020-12-24,17,519,11,509,6,10,0,0,17,519,0,0,17,519,California
Sutter,2020-12-26,39,558,35,544,4,14,0,0,39,558,0,0,39,558,California
Sutter,2020-12-27,24,582,23,567,1,15,0,0,24,582,0,0,24,582,California
Sutter,2020-12-28,83,665,55,622,28,43,0,0,83,665,0,0,83,665,California
Sutter,2020-12-29,101,766,14,636,87,130,0,0,101,766,0,0,101,766,California
Sutter,2020-12-30,136,902,33,669,103,233,0,0,136,902,0,0,136,902,California
Sutter,2020-12-31,70,972,6,675,64,297,0,0,70,972,0,0,70,972,California
Sutter,2021-01-01,3,975,3,678,0,297,0,0,3,975,0,0,3,975,California
Sutter,2021-01-02,135,1110,133,811,2,299,0,0,135,1110,0,0,135,1110,California
Sutter,2021-01-03,1,1111,0,811,1,300,0,0,1,1111,0,0,1,1111,California
Sutter,2021-01-04,248,1359,140,951,108,408,0,0,248,1359,0,0,248,1359,California
Sutter,2021-01-05,99,1458,56,1007,43,451,0,0,97,1454,2,2,97,1456,California
Sutter,2021-01-06,206,1664,52,1059,154,605,0,0,201,1650,5,7,201,1657,California
Sutter,2021-01-07,250,1914,150,1209,100,705,0,0,241,1883,8,15,241,1898,California
Sutter,2021-01-08,146,2060,40,1249,106,811,0,0,129,1995,17,32,129,2027,California
Sutter,2021-01-09,44,2104,43,1292,1,812,0,0,3,1957,41,73,3,2030,California
Sutter,2021-01-10,402,2506,37,1329,365,1177,0,0,364,2284,37,110,364,2394,California
Sutter,2021-01-11,133,2639,115,1444,18,1195,0,0,26,2203,107,217,26,2420,California
Sutter,2021-01-12,202,2841,165,1609,37,1232,0,0,57,2115,145,362,57,2477,California
Sutter,2021-01-13,157,2998,95,1704,62,1294,0,0,70,2098,87,449,70,2547,California
Sutter,2021-01-14,145,3143,50,1754,95,1389,0,0,125,2203,20,469,125,2672,California
Sutter,2021-01-15,434,3577,131,1885,303,1692,0,0,419,2607,15,484,419,3091,California
Sutter,2021-01-16,390,3967,42,1927,348,2040,0,0,358,2934,31,515,358,3449,California
Sutter,2021-01-17,25,3992,23,1950,2,2042,0,0,9,2927,16,531,9,3458,California
Sutter,2021-01-18,116,4108,61,2011,55,2097,0,0,69,2949,47,578,69,3527,California
Sutter,2021-01-19,100,4208,40,2051,60,2157,0,0,76,3001,24,602,76,3603,California
Sutter,2021-01-20,256,4464,191,2242,65,2222,0,0,236,3217,20,622,236,3839,California
Sutter,2021-01-21,433,4897,264,2506,169,2391,0,0,414,3612,19,641,414,4253,California
Sutter,2021-01-22,267,5164,82,2588,185,2576,0,0,258,3861,9,650,258,4511,California
Sutter,2021-01-23,396,5560,40,2628,356,2932,0,0,370,4205,26,676,370,4881,California
Sutter,2021-01-24,17,5577,14,2642,3,2935,0,0,15,4218,2,678,15,4896,California
Sutter,2021-01-25,302,5879,196,2838,106,3041,0,0,149,4215,152,830,149,5045,California
Sutter,2021-01-26,242,6121,102,2940,140,3181,0,0,145,4265,96,926,146,5191,California
Sutter,2021-01-27,385,6506,254,3194,131,3312,0,0,319,4518,66,992,319,5510,California
Sutter,2021-01-28,523,7029,300,3494,223,3535,0,0,393,4781,130,1122,393,5903,California
Sutter,2021-01-29,418,7447,146,3640,272,3807,0,0,252,4867,166,1288,252,6155,California
Sutter,2021-01-30,780,8227,39,3679,741,4548,0,0,769,5625,11,1299,769,6924,California
Sutter,2021-01-31,27,8254,27,3706,0,4548,0,0,27,5652,0,1299,27,6951,California
Sutter,2021-02-01,162,8416,47,3753,115,4663,0,0,131,5752,31,1330,131,7082,California
Sutter,2021-02-02,241,8657,25,3778,216,4879,0,0,211,5933,30,1360,211,7293,California
Sutter,2021-02-03,444,9101,36,3814,408,5287,0,0,212,5913,232,1592,212,7505,California
Sutter,2021-02-04,667,9768,366,4180,301,5588,0,0,617,6480,50,1642,617,8122,California
Sutter,2021-02-05,281,10049,31,4211,250,5838,0,0,133,6465,148,1790,133,8255,California
Sutter,2021-02-06,732,10781,27,4238,705,6543,0,0,714,7160,19,1809,714,8969,California
Sutter,2021-02-07,22,10803,19,4257,3,6546,0,0,19,7176,3,1812,19,8988,California
Sutter,2021-02-08,132,10935,27,4284,105,6651,0,0,96,7236,36,1848,96,9084,California
Sutter,2021-02-09,249,11184,47,4331,202,6853,0,0,185,7357,64,1912,185,9269,California
Sutter,2021-02-10,799,11983,379,4710,420,7273,0,0,172,6903,626,2538,172,9441,California
Sutter,2021-02-11,601,12584,270,4980,331,7604,0,0,375,7052,226,2764,375,9816,California
Sutter,2021-02-12,625,13209,66,5046,559,8163,0,0,309,7045,316,3080,309,10125,California
Sutter,2021-02-13,901,14110,48,5094,853,9016,0,0,784,7713,116,3196,784,10909,California
Sutter,2021-02-14,87,14197,24,5118,63,9079,0,0,77,7780,10,3206,77,10986,California
Sutter,2021-02-15,198,14395,71,5189,127,9206,0,0,123,7828,75,3281,123,11109,California
Sutter,2021-02-16,283,14678,43,5232,240,9446,0,0,200,7946,82,3363,200,11309,California
Sutter,2021-02-17,829,15507,435,5667,394,9840,0,0,127,7371,702,4065,127,11436,California
Sutter,2021-02-18,702,16209,50,5717,652,10492,0,0,493,7656,208,4273,493,11929,California
Sutter,2021-02-19,663,16872,381,6098,282,10774,0,0,463,7921,198,4471,463,12392,California
Sutter,2021-02-20,621,17493,55,6153,566,11340,0,0,518,8336,103,4574,518,12910,California
Sutter,2021-02-21,29,17522,24,6177,5,11345,0,0,8,8323,21,4595,8,12918,California
Sutter,2021-02-22,199,17721,115,6292,84,11429,0,0,86,8296,113,4708,86,13004,California
Sutter,2021-02-23,217,17938,31,6323,186,11615,0,0,94,8267,123,4831,94,13098,California
Sutter,2021-02-24,957,18895,348,6671,609,12224,0,0,190,7691,766,5597,190,13288,California
Sutter,2021-02-25,772,19667,492,7163,280,12504,0,0,597,8116,172,5769,597,13885,California
Sutter,2021-02-26,365,20032,60,7223,305,12809,0,0,152,8057,211,5980,152,14037,California
Sutter,2021-02-27,859,20891,44,7267,815,13624,0,0,701,8599,159,6139,701,14738,California
Sutter,2021-02-28,83,20974,38,7305,45,13669,0,0,66,8648,17,6156,66,14804,California
Sutter,2021-03-01,243,21217,60,7365,183,13852,0,0,147,8699,96,6252,147,14951,California
Sutter,2021-03-02,333,21550,57,7422,276,14128,0,0,160,8687,172,6424,160,15111,California
Sutter,2021-03-03,1364,22914,506,7928,858,14986,0,0,622,8573,736,7160,622,15733,California
Sutter,2021-03-04,1232,24146,845,8773,387,15373,0,0,941,9229,287,7447,943,16676,California
Sutter,2021-03-05,317,24463,72,8845,244,15617,1,1,181,9276,135,7582,182,16858,California
Sutter,2021-03-06,596,25059,44,8889,548,16165,4,5,445,9581,144,7726,449,17307,California
Sutter,2021-03-07,64,25123,23,8912,40,16205,1,6,44,9606,20,7746,45,17352,California
Sutter,2021-03-08,202,25325,70,8982,120,16325,12,18,135,9687,66,7812,147,17499,California
Sutter,2021-03-09,382,25707,131,9113,238,16563,13,31,178,9675,203,8015,191,17690,California
Sutter,2021-03-10,1524,27231,654,9767,818,17381,52,83,481,9168,1040,9055,533,18223,California
Sutter,2021-03-11,837,28068,400,10167,421,17802,16,99,603,9556,231,9286,619,18842,California
Sutter,2021-03-12,484,28552,80,10247,336,18138,68,167,163,9467,320,9606,231,19073,California
Sutter,2021-03-13,909,29461,708,10955,184,18322,17,184,739,10055,168,9774,756,19829,California
Sutter,2021-03-14,85,29546,22,10977,52,18374,11,195,34,10049,51,9825,45,19874,California
Sutter,2021-03-15,309,29855,68,11045,194,18568,47,242,143,10074,165,9990,190,20064,California
Sutter,2021-03-16,334,30189,84,11129,204,18772,46,288,172,10131,161,10151,218,20282,California
Sutter,2021-03-17,1455,31644,551,11680,881,19653,23,311,282,9271,1165,11316,305,20587,California
Sutter,2021-03-18,735,32379,118,11798,457,20110,160,471,418,9533,315,11631,577,21164,California
Sutter,2021-03-19,320,32699,106,11904,197,20307,17,488,189,9611,128,11759,206,21370,California
Sutter,2021-03-20,862,33561,92,11996,764,21071,6,494,795,10347,66,11825,802,22172,California
Sutter,2021-03-21,70,33631,47,12043,19,21090,4,498,38,10357,32,11857,42,22214,California
Sutter,2021-03-22,283,33914,118,12161,139,21229,26,524,205,10510,78,11935,231,22445,California
Sutter,2021-03-23,340,34254,126,12287,182,21411,32,556,233,10668,107,12042,265,22710,California
Sutter,2021-03-24,1632,35886,726,13013,834,22245,72,628,317,9751,1306,13348,389,23099,California
Sutter,2021-03-25,984,36870,663,13676,280,22525,41,669,329,9470,652,14000,371,23470,California
Sutter,2021-03-26,478,37348,184,13860,276,22801,18,687,283,9583,193,14193,306,23776,California
Sutter,2021-03-27,861,38209,64,13924,794,23595,3,690,762,10250,98,14291,765,24541,California
Sutter,2021-03-28,123,38332,72,13996,51,23646,0,690,77,10282,45,14336,77,24618,California
Sutter,2021-03-29,403,38735,139,14135,215,23861,49,739,212,10355,190,14526,263,24881,California
Sutter,2021-03-30,443,39178,162,14297,274,24135,7,746,291,10502,151,14677,298,25179,California
Sutter,2021-03-31,1189,40367,173,14470,999,25134,17,763,437,10444,744,15421,686,25865,California
Sutter,2021-04-01,1252,41619,693,15163,377,25511,182,945,350,10086,897,16318,539,26404,California
Sutter,2021-04-02,463,42082,90,15253,282,25793,91,1036,192,10109,268,16586,291,26695,California
Sutter,2021-04-03,849,42931,53,15306,202,25995,594,1630,103,10074,745,17331,710,27405,California
Sutter,2021-04-04,4,42935,2,15308,1,25996,1,1631,1,10073,3,17334,2,27407,California
Tehama,2020-12-15,1,1,1,1,0,0,0,0,1,1,0,0,1,1,California
Tehama,2020-12-16,2,3,2,3,0,0,0,0,2,3,0,0,2,3,California
Tehama,2020-12-17,12,15,12,15,0,0,0,0,12,15,0,0,12,15,California
Tehama,2020-12-18,2,17,2,17,0,0,0,0,3,18,0,0,3,18,California
Tehama,2020-12-21,33,50,33,50,0,0,0,0,33,51,0,0,33,51,California
Tehama,2020-12-22,68,118,62,112,6,6,0,0,68,119,0,0,68,119,California
Tehama,2020-12-23,48,166,40,152,8,14,0,0,48,167,0,0,48,167,California
Tehama,2020-12-24,5,171,3,155,2,16,0,0,5,172,0,0,5,172,California
Tehama,2020-12-26,3,174,2,157,1,17,0,0,3,175,0,0,3,175,California
Tehama,2020-12-27,2,176,2,159,0,17,0,0,2,177,0,0,2,177,California
Tehama,2020-12-28,56,232,43,202,13,30,0,0,56,233,0,0,56,233,California
Tehama,2020-12-29,31,263,31,233,0,30,0,0,31,264,0,0,31,264,California
Tehama,2020-12-30,54,317,38,271,16,46,0,0,53,317,0,0,53,317,California
Tehama,2020-12-31,14,331,4,275,10,56,0,0,14,331,0,0,14,331,California
Tehama,2021-01-01,2,333,0,275,2,58,0,0,2,333,0,0,2,333,California
Tehama,2021-01-04,31,364,8,283,23,81,0,0,31,364,0,0,31,364,California
Tehama,2021-01-05,71,435,44,327,27,108,0,0,68,429,3,3,68,432,California
Tehama,2021-01-06,70,505,21,348,49,157,0,0,61,482,8,11,61,493,California
Tehama,2021-01-07,57,562,7,355,50,207,0,0,56,537,1,12,56,549,California
Tehama,2021-01-08,30,592,24,379,6,213,0,0,25,557,5,17,25,574,California
Tehama,2021-01-09,7,599,5,384,2,215,0,0,5,560,2,19,5,579,California
Tehama,2021-01-10,1,600,0,384,1,216,0,0,1,561,0,19,1,580,California
Tehama,2021-01-11,47,647,46,430,1,217,0,0,14,542,33,52,14,594,California
Tehama,2021-01-12,115,762,95,525,20,237,0,0,70,567,45,97,70,664,California
Tehama,2021-01-13,72,834,55,580,17,254,0,0,26,547,46,143,26,690,California
Tehama,2021-01-14,226,1060,51,631,175,429,0,0,224,769,2,145,224,914,California
Tehama,2021-01-15,246,1306,74,705,172,601,0,0,242,1007,4,149,242,1156,California
Tehama,2021-01-16,274,1580,27,732,247,848,0,0,271,1275,3,152,271,1427,California
Tehama,2021-01-17,13,1593,9,741,4,852,0,0,11,1284,2,154,11,1438,California
Tehama,2021-01-18,10,1603,6,747,4,856,0,0,5,1284,5,159,5,1443,California
Tehama,2021-01-19,289,1892,61,808,228,1084,0,0,234,1463,55,214,234,1677,California
Tehama,2021-01-20,303,2195,88,896,215,1299,0,0,252,1665,50,264,252,1929,California
Tehama,2021-01-21,214,2409,11,907,203,1502,0,0,204,1859,10,274,204,2133,California
Tehama,2021-01-22,214,2623,12,919,202,1704,0,0,211,2067,3,277,211,2344,California
Tehama,2021-01-23,263,2886,10,929,253,1957,0,0,261,2327,2,279,262,2606,California
Tehama,2021-01-25,30,2916,13,942,17,1974,0,0,13,2323,17,296,13,2619,California
Tehama,2021-01-26,325,3241,41,983,284,2258,0,0,287,2573,38,334,288,2907,California
Tehama,2021-01-27,299,3540,21,1004,278,2536,0,0,279,2832,20,354,279,3186,California
Tehama,2021-01-28,337,3877,28,1032,309,2845,0,0,322,3139,15,369,322,3508,California
Tehama,2021-01-29,320,4197,18,1050,302,3147,0,0,303,3425,17,386,303,3811,California
Tehama,2021-01-30,102,4299,2,1052,100,3247,0,0,101,3525,1,387,101,3912,California
Tehama,2021-01-31,1,4300,0,1052,1,3248,0,0,1,3526,0,387,1,3913,California
Tehama,2021-02-01,78,4378,23,1075,55,3303,0,0,37,3522,41,428,37,3950,California
Tehama,2021-02-02,335,4713,63,1138,272,3575,0,0,239,3668,93,521,239,4189,California
Tehama,2021-02-03,363,5076,12,1150,351,3926,0,0,319,3943,44,565,319,4508,California
Tehama,2021-02-04,449,5525,99,1249,350,4276,0,0,371,4236,78,643,371,4879,California
Tehama,2021-02-05,160,5685,73,1322,87,4363,0,0,101,4278,59,702,101,4980,California
Tehama,2021-02-06,29,5714,13,1335,16,4379,0,0,17,4283,12,714,17,4997,California
Tehama,2021-02-07,5,5719,4,1339,1,4380,0,0,2,4282,3,717,2,4999,California
Tehama,2021-02-08,35,5754,14,1353,21,4401,0,0,27,4301,8,725,27,5026,California
Tehama,2021-02-09,76,5830,33,1386,43,4444,0,0,42,4309,34,759,42,5068,California
Tehama,2021-02-10,232,6062,61,1447,171,4615,0,0,157,4391,75,834,157,5225,California
Tehama,2021-02-11,219,6281,14,1461,205,4820,0,0,79,4332,138,972,79,5304,California
Tehama,2021-02-12,346,6627,49,1510,297,5117,0,0,165,4316,181,1153,165,5469,California
Tehama,2021-02-13,390,7017,13,1523,377,5494,0,0,149,4224,241,1394,149,5618,California
Tehama,2021-02-14,34,7051,0,1523,34,5528,0,0,33,4256,1,1395,33,5651,California
Tehama,2021-02-15,52,7103,10,1533,42,5570,0,0,46,4296,6,1401,46,5697,California
Tehama,2021-02-16,240,7343,15,1548,225,5795,0,0,57,4170,183,1584,57,5754,California
Tehama,2021-02-17,291,7634,21,1569,270,6065,0,0,65,4009,226,1810,65,5819,California
Tehama,2021-02-18,363,7997,36,1605,327,6392,0,0,139,3924,224,2034,139,5958,California
Tehama,2021-02-19,216,8213,19,1624,197,6589,0,0,46,3800,170,2204,46,6004,California
Tehama,2021-02-20,273,8486,6,1630,267,6856,0,0,26,3580,246,2450,26,6030,California
Tehama,2021-02-21,1,8487,1,1631,0,6856,0,0,1,3581,0,2450,1,6031,California
Tehama,2021-02-22,38,8525,14,1645,24,6880,0,0,25,3593,13,2463,25,6056,California
Tehama,2021-02-23,45,8570,18,1663,27,6907,0,0,25,3598,20,2483,25,6081,California
Tehama,2021-02-24,298,8868,12,1675,286,7193,0,0,25,3350,273,2756,25,6106,California
Tehama,2021-02-25,379,9247,63,1738,316,7509,0,0,39,3049,340,3096,39,6145,California
Tehama,2021-02-26,453,9700,19,1757,434,7943,0,0,69,2734,384,3480,69,6214,California
Tehama,2021-02-27,296,9996,6,1763,290,8233,0,0,35,2508,261,3741,35,6249,California
Tehama,2021-02-28,24,10020,3,1766,21,8254,0,0,21,2526,3,3744,21,6270,California
Tehama,2021-03-01,62,10082,8,1774,54,8308,0,0,28,2520,34,3778,28,6298,California
Tehama,2021-03-02,106,10188,17,1791,89,8397,0,0,26,2466,80,3858,26,6324,California
Tehama,2021-03-03,100,10288,28,1819,72,8469,0,0,37,2440,63,3921,37,6361,California
Tehama,2021-03-04,531,10819,21,1840,510,8979,0,0,196,2307,329,4250,196,6557,California
Tehama,2021-03-05,347,11166,21,1861,326,9305,0,0,189,2339,157,4407,189,6746,California
Tehama,2021-03-06,285,11451,16,1877,269,9574,0,0,75,2206,209,4616,76,6822,California
Tehama,2021-03-07,8,11459,2,1879,6,9580,0,0,6,2210,2,4618,6,6828,California
Tehama,2021-03-08,53,11512,10,1889,30,9610,13,13,25,2221,27,4645,38,6866,California
Tehama,2021-03-09,286,11798,5,1894,262,9872,19,32,234,2422,52,4697,253,7119,California
Tehama,2021-03-10,310,12108,14,1908,292,10164,4,36,64,2245,245,4942,68,7187,California
Tehama,2021-03-11,438,12546,22,1930,381,10545,35,71,312,2466,126,5068,347,7534,California
Tehama,2021-03-12,231,12777,13,1943,171,10716,47,118,151,2584,80,5148,198,7732,California
Tehama,2021-03-13,28,12805,9,1952,13,10729,6,124,6,2574,22,5170,12,7744,California
Tehama,2021-03-14,29,12834,2,1954,16,10745,11,135,3,2562,26,5196,14,7758,California
Tehama,2021-03-15,155,12989,22,1976,108,10853,25,160,82,2596,73,5269,107,7865,California
Tehama,2021-03-16,362,13351,15,1991,312,11165,35,195,269,2808,92,5361,304,8169,California
Tehama,2021-03-17,395,13746,31,2022,333,11498,31,226,313,3072,80,5441,344,8513,California
Tehama,2021-03-18,440,14186,26,2048,390,11888,24,250,276,3210,162,5603,300,8813,California
Tehama,2021-03-19,274,14460,15,2063,247,12135,12,262,235,3418,39,5642,247,9060,California
Tehama,2021-03-20,30,14490,10,2073,19,12154,1,263,24,3437,6,5648,25,9085,California
Tehama,2021-03-21,13,14503,7,2080,6,12160,0,263,13,3450,0,5648,13,9098,California
Tehama,2021-03-22,91,14594,8,2088,68,12228,15,278,53,3480,38,5686,68,9166,California
Tehama,2021-03-23,88,14682,25,2113,54,12282,9,287,66,3534,21,5707,75,9241,California
Tehama,2021-03-24,93,14775,21,2134,68,12350,4,291,62,3569,31,5738,66,9307,California
Tehama,2021-03-25,495,15270,337,2471,147,12497,11,302,449,3984,46,5784,461,9768,California
Tehama,2021-03-26,466,15736,357,2828,96,12593,13,315,387,4307,79,5863,402,10170,California
Tehama,2021-03-27,428,16164,340,3168,67,12660,21,336,365,4631,62,5925,386,10556,California
Tehama,2021-03-28,36,16200,15,3183,21,12681,0,336,23,4641,13,5938,23,10579,California
Tehama,2021-03-29,120,16320,32,3215,88,12769,0,336,78,4679,41,5979,79,10658,California
Tehama,2021-03-30,344,16664,197,3412,145,12914,2,338,231,4809,113,6092,243,10901,California
Tehama,2021-03-31,367,17031,269,3681,95,13009,3,341,300,5048,66,6158,305,11206,California
Tehama,2021-04-01,513,17544,238,3919,269,13278,6,347,376,5308,137,6295,397,11603,California
Tehama,2021-04-02,426,17970,207,4126,213,13491,6,353,249,5406,177,6472,275,11878,California
Tehama,2021-04-03,62,18032,4,4130,54,13545,4,357,32,5412,30,6502,36,11914,California
Tehama,2021-04-04,2,18034,1,4131,0,13545,1,358,1,5413,1,6503,2,11916,California
Trinity,2020-12-17,4,4,4,4,0,0,0,0,4,4,0,0,4,4,California
Trinity,2020-12-18,2,6,2,6,0,0,0,0,2,6,0,0,2,6,California
Trinity,2020-12-21,38,44,38,44,0,0,0,0,38,44,0,0,38,44,California
Trinity,2020-12-22,5,49,5,49,0,0,0,0,5,49,0,0,5,49,California
Trinity,2020-12-23,5,54,5,54,0,0,0,0,5,54,0,0,5,54,California
Trinity,2020-12-28,30,84,30,84,0,0,0,0,30,84,0,0,30,84,California
Trinity,2020-12-29,8,92,7,91,1,1,0,0,8,92,0,0,8,92,California
Trinity,2020-12-30,10,102,8,99,2,3,0,0,10,102,0,0,10,102,California
Trinity,2020-12-31,2,104,1,100,1,4,0,0,2,104,0,0,2,104,California
Trinity,2021-01-04,27,131,1,101,26,30,0,0,26,130,0,0,26,130,California
Trinity,2021-01-05,2,133,1,102,1,31,0,0,2,132,0,0,2,132,California
Trinity,2021-01-06,23,156,4,106,19,50,0,0,19,147,4,4,19,151,California
Trinity,2021-01-08,49,205,2,108,47,97,0,0,48,193,2,6,48,199,California
Trinity,2021-01-11,40,245,39,147,1,98,0,0,2,157,38,44,2,201,California
Trinity,2021-01-12,8,253,6,153,2,100,0,0,3,155,5,49,3,204,California
Trinity,2021-01-13,7,260,4,157,3,103,0,0,4,156,3,52,4,208,California
Trinity,2021-01-14,4,264,1,158,3,106,0,0,4,160,0,52,4,212,California
Trinity,2021-01-16,4,268,0,158,4,110,0,0,4,164,0,52,4,216,California
Trinity,2021-01-18,31,299,31,189,0,110,0,0,1,135,30,82,1,217,California
Trinity,2021-01-19,31,330,14,203,17,127,0,0,17,138,14,96,17,234,California
Trinity,2021-01-20,19,349,3,206,16,143,0,0,17,153,2,98,17,251,California
Trinity,2021-01-21,16,365,6,212,10,153,0,0,16,169,0,98,16,267,California
Trinity,2021-01-22,4,369,0,212,4,157,0,0,4,173,0,98,4,271,California
Trinity,2021-01-23,6,375,2,214,4,161,0,0,6,179,0,98,6,277,California
Trinity,2021-01-25,14,389,1,215,13,174,0,0,13,191,1,99,13,290,California
Trinity,2021-01-26,10,399,1,216,9,183,0,0,9,199,1,100,9,299,California
Trinity,2021-01-27,12,411,0,216,12,195,0,0,12,211,0,100,12,311,California
Trinity,2021-01-28,13,424,3,219,10,205,0,0,10,218,3,103,10,321,California
Trinity,2021-01-29,3,427,1,220,2,207,0,0,2,219,1,104,2,323,California
Trinity,2021-01-30,13,440,11,231,2,209,0,0,13,232,0,104,13,336,California
Trinity,2021-01-31,1,441,1,232,0,209,0,0,1,233,0,104,1,337,California
Trinity,2021-02-01,2,443,1,233,1,210,0,0,1,233,1,105,1,338,California
Trinity,2021-02-02,13,456,3,236,10,220,0,0,12,244,1,106,12,350,California
Trinity,2021-02-03,6,462,1,237,5,225,0,0,3,244,3,109,3,353,California
Trinity,2021-02-04,36,498,32,269,4,229,0,0,34,276,2,111,34,387,California
Trinity,2021-02-05,348,846,0,269,348,577,0,0,318,564,30,141,318,705,California
Trinity,2021-02-06,208,1054,3,272,205,782,0,0,201,758,7,148,201,906,California
Trinity,2021-02-08,24,1078,1,273,23,805,0,0,16,766,8,156,16,922,California
Trinity,2021-02-09,21,1099,2,275,19,824,0,0,6,757,15,171,6,928,California
Trinity,2021-02-10,122,1221,9,284,113,937,0,0,103,841,19,190,103,1031,California
Trinity,2021-02-11,302,1523,2,286,300,1237,0,0,296,1131,6,196,296,1327,California
Trinity,2021-02-12,9,1532,6,292,3,1240,0,0,9,1140,0,196,9,1336,California
Trinity,2021-02-13,11,1543,4,296,7,1247,0,0,5,1139,6,202,5,1341,California
Trinity,2021-02-14,2,1545,2,298,0,1247,0,0,2,1141,0,202,2,1343,California
Trinity,2021-02-15,47,1592,0,298,47,1294,0,0,47,1188,0,202,47,1390,California
Trinity,2021-02-16,7,1599,2,300,5,1299,0,0,3,1188,4,206,4,1394,California
Trinity,2021-02-17,94,1693,2,302,92,1391,0,0,84,1262,10,216,84,1478,California
Trinity,2021-02-18,5,1698,0,302,5,1396,0,0,1,1260,3,219,1,1479,California
Trinity,2021-02-19,212,1910,2,304,210,1606,0,0,199,1446,13,232,199,1678,California
Trinity,2021-02-20,141,2051,13,317,128,1734,0,0,114,1533,27,259,114,1792,California
Trinity,2021-02-22,3,2054,0,317,3,1737,0,0,0,1530,3,262,0,1792,California
Trinity,2021-02-23,8,2062,4,321,4,1741,0,0,3,1528,5,267,3,1795,California
Trinity,2021-02-24,28,2090,8,329,20,1761,0,0,7,1514,21,288,7,1802,California
Trinity,2021-02-25,36,2126,23,352,13,1774,0,0,5,1488,31,319,5,1807,California
Trinity,2021-02-26,11,2137,1,353,10,1784,0,0,5,1487,6,325,5,1812,California
Trinity,2021-02-27,8,2145,5,358,3,1787,0,0,5,1489,3,328,5,1817,California
Trinity,2021-02-28,1,2146,1,359,0,1787,0,0,1,1490,0,328,1,1818,California
Trinity,2021-03-01,8,2154,0,359,8,1795,0,0,5,1492,3,331,5,1823,California
Trinity,2021-03-02,9,2163,4,363,5,1800,0,0,1,1485,8,339,1,1824,California
Trinity,2021-03-03,5,2168,0,363,5,1805,0,0,4,1488,1,340,4,1828,California
Trinity,2021-03-04,15,2183,10,373,5,1810,0,0,13,1499,2,342,13,1841,California
Trinity,2021-03-05,282,2465,1,374,280,2090,1,1,33,1287,246,588,34,1875,California
Trinity,2021-03-06,186,2651,7,381,179,2269,0,1,21,1143,165,753,21,1896,California
Trinity,2021-03-07,3,2654,3,384,0,2269,0,1,2,1144,1,754,2,1898,California
Trinity,2021-03-08,5,2659,0,384,3,2272,2,3,2,1145,3,757,4,1902,California
Trinity,2021-03-09,95,2754,1,385,91,2363,3,6,90,1233,5,762,93,1995,California
Trinity,2021-03-10,128,2882,6,391,121,2484,1,7,41,1188,87,849,42,2037,California
Trinity,2021-03-11,12,2894,4,395,5,2489,3,10,7,1193,5,854,10,2047,California
Trinity,2021-03-12,325,3219,4,399,316,2805,5,15,61,995,264,1118,66,2113,California
Trinity,2021-03-13,10,3229,7,406,2,2807,1,16,7,1000,3,1121,8,2121,California
Trinity,2021-03-15,67,3296,0,406,66,2873,1,17,14,962,53,1174,15,2136,California
Trinity,2021-03-16,112,3408,7,413,105,2978,0,17,99,1048,13,1187,99,2235,California
Trinity,2021-03-17,105,3513,4,417,101,3079,0,17,30,1003,75,1262,30,2265,California
Trinity,2021-03-18,11,3524,5,422,5,3084,1,18,8,1009,3,1265,9,2274,California
Trinity,2021-03-19,357,3881,6,428,246,3330,105,123,31,819,326,1591,136,2410,California
Trinity,2021-03-20,61,3942,8,436,53,3383,0,123,38,834,23,1614,38,2448,California
Trinity,2021-03-21,5,3947,1,437,2,3385,2,125,2,835,3,1617,4,2452,California
Trinity,2021-03-22,4,3951,2,439,2,3387,0,125,4,839,0,1617,4,2456,California
Trinity,2021-03-23,96,4047,1,440,95,3482,0,125,78,899,18,1635,78,2534,California
Trinity,2021-03-24,11,4058,2,442,9,3491,0,125,11,910,0,1635,11,2545,California
Trinity,2021-03-25,106,4164,6,448,93,3584,7,132,83,977,23,1658,90,2635,California
Trinity,2021-03-26,12,4176,1,449,11,3595,0,132,6,977,6,1664,6,2641,California
Trinity,2021-03-27,19,4195,6,455,4,3599,9,141,6,979,13,1677,15,2656,California
Trinity,2021-03-28,8,4203,5,460,3,3602,0,141,3,977,5,1682,3,2659,California
Trinity,2021-03-29,6,4209,0,460,6,3608,0,141,3,977,3,1685,3,2662,California
Trinity,2021-03-30,79,4288,7,467,72,3680,0,141,71,1040,8,1693,71,2733,California
Trinity,2021-03-31,44,4332,6,473,15,3695,23,164,17,1052,27,1720,39,2772,California
Trinity,2021-04-01,40,4372,13,486,18,3713,9,173,22,1065,18,1738,31,2803,California
Trinity,2021-04-02,154,4526,5,491,82,3795,67,240,67,1113,86,1824,134,2937,California
Trinity,2021-04-03,11,4537,8,499,3,3798,0,240,5,1112,6,1830,5,2942,California
Tulare,2020-12-16,4,4,4,4,0,0,0,0,4,4,0,0,4,4,California
Tulare,2020-12-17,110,114,110,114,0,0,0,0,110,114,0,0,110,114,California
Tulare,2020-12-18,291,405,291,405,0,0,0,0,291,405,0,0,291,405,California
Tulare,2020-12-19,327,732,327,732,0,0,0,0,327,732,0,0,327,732,California
Tulare,2020-12-20,167,899,167,899,0,0,0,0,167,899,0,0,167,899,California
Tulare,2020-12-21,422,1321,422,1321,0,0,0,0,442,1341,0,0,442,1341,California
Tulare,2020-12-22,469,1790,467,1788,2,2,0,0,468,1809,0,0,468,1809,California
Tulare,2020-12-23,330,2120,322,2110,8,10,0,0,328,2137,0,0,328,2137,California
Tulare,2020-12-24,18,2138,16,2126,2,12,0,0,18,2155,0,0,18,2155,California
Tulare,2020-12-26,8,2146,7,2133,1,13,0,0,8,2163,0,0,8,2163,California
Tulare,2020-12-27,16,2162,12,2145,4,17,0,0,16,2179,0,0,16,2179,California
Tulare,2020-12-28,484,2646,472,2617,12,29,0,0,483,2662,0,0,483,2662,California
Tulare,2020-12-29,545,3191,477,3094,68,97,0,0,545,3207,0,0,545,3207,California
Tulare,2020-12-30,472,3663,435,3529,37,134,0,0,472,3679,0,0,472,3679,California
Tulare,2020-12-31,95,3758,22,3551,73,207,0,0,95,3774,0,0,95,3774,California
Tulare,2021-01-01,1,3759,0,3551,1,208,0,0,1,3775,0,0,1,3775,California
Tulare,2021-01-02,27,3786,18,3569,9,217,0,0,27,3802,0,0,27,3802,California
Tulare,2021-01-03,22,3808,9,3578,13,230,0,0,22,3824,0,0,22,3824,California
Tulare,2021-01-04,92,3900,16,3594,76,306,0,0,92,3916,0,0,92,3916,California
Tulare,2021-01-05,462,4362,279,3873,183,489,0,0,460,4374,2,2,460,4376,California
Tulare,2021-01-06,863,5225,636,4509,227,716,0,0,853,5217,10,12,853,5229,California
Tulare,2021-01-07,782,6007,582,5091,200,916,0,0,676,5787,106,118,676,5905,California
Tulare,2021-01-08,1264,7271,575,5666,689,1605,0,0,926,6376,337,455,926,6831,California
Tulare,2021-01-09,739,8010,203,5869,536,2141,0,0,552,6741,187,642,552,7383,California
Tulare,2021-01-10,49,8059,43,5912,6,2147,0,0,10,6712,39,681,10,7393,California
Tulare,2021-01-11,1203,9262,765,6677,438,2585,0,0,768,7045,435,1116,768,8161,California
Tulare,2021-01-12,1396,10658,486,7163,910,3495,0,0,990,7630,406,1522,991,9152,California
Tulare,2021-01-13,452,11110,227,7390,225,3720,0,0,377,7932,75,1597,377,9529,California
Tulare,2021-01-14,491,11601,141,7531,350,4070,0,0,465,8382,15,1612,465,9994,California
Tulare,2021-01-15,1605,13206,148,7679,1457,5527,0,0,1596,9969,9,1621,1596,11590,California
Tulare,2021-01-16,1873,15079,113,7792,1760,7287,0,0,1860,11816,13,1634,1860,13450,California
Tulare,2021-01-17,140,15219,121,7913,19,7306,0,0,129,11934,11,1645,129,13579,California
Tulare,2021-01-18,696,15915,663,8576,33,7339,0,0,295,11828,401,2046,295,13874,California
Tulare,2021-01-19,1004,16919,681,9257,323,7662,0,0,577,11978,427,2473,577,14451,California
Tulare,2021-01-20,2370,19289,560,9817,1810,9472,0,0,1988,13584,382,2855,1988,16439,California
Tulare,2021-01-21,1503,20792,149,9966,1354,10826,0,0,1477,15040,21,2876,1477,17916,California
Tulare,2021-01-22,1048,21840,185,10151,863,11689,0,0,1024,16041,23,2899,1024,18940,California
Tulare,2021-01-23,438,22278,157,10308,281,11970,0,0,416,16435,22,2921,416,19356,California
Tulare,2021-01-24,30,22308,27,10335,3,11973,0,0,27,16459,3,2924,27,19383,California
Tulare,2021-01-25,1322,23630,976,11311,346,12319,0,0,1293,17723,29,2953,1293,20676,California
Tulare,2021-01-26,1499,25129,1100,12411,399,12718,0,0,1175,18575,323,3276,1175,21851,California
Tulare,2021-01-27,1458,26587,1071,13482,387,13105,0,0,878,18873,580,3856,878,22729,California
Tulare,2021-01-28,1192,27779,764,14246,428,13533,0,0,800,19281,392,4248,800,23529,California
Tulare,2021-01-29,1126,28905,718,14964,408,13941,0,0,818,19791,308,4556,818,24347,California
Tulare,2021-01-30,1672,30577,1582,16546,90,14031,0,0,1649,21418,23,4579,1650,25997,California
Tulare,2021-01-31,50,30627,47,16593,3,14034,0,0,48,21464,2,4581,48,26045,California
Tulare,2021-02-01,1165,31792,902,17495,263,14297,0,0,816,21932,348,4929,816,26861,California
Tulare,2021-02-02,674,32466,328,17823,346,14643,0,0,445,22150,227,5156,445,27306,California
Tulare,2021-02-03,605,33071,282,18105,323,14966,0,0,332,22211,271,5427,332,27638,California
Tulare,2021-02-04,551,33622,165,18270,386,15352,0,0,264,22189,287,5714,265,27903,California
Tulare,2021-02-05,1226,34848,229,18499,997,16349,0,0,414,21793,810,6524,414,28317,California
Tulare,2021-02-06,836,35684,152,18651,684,17033,0,0,272,21503,562,7086,272,28589,California
Tulare,2021-02-07,76,35760,64,18715,12,17045,0,0,23,21473,53,7139,23,28612,California
Tulare,2021-02-08,947,36707,335,19050,612,17657,0,0,308,21145,636,7775,308,28920,California
Tulare,2021-02-09,1401,38108,323,19373,1078,18735,0,0,358,20464,1039,8814,358,29278,California
Tulare,2021-02-10,2451,40559,1984,21357,467,19202,0,0,2069,22154,379,9193,2069,31347,California
Tulare,2021-02-11,1303,41862,375,21732,928,20130,0,0,923,22697,380,9573,923,32270,California
Tulare,2021-02-12,2779,44641,579,22311,2200,22330,0,0,1224,22375,1548,11121,1226,33496,California
Tulare,2021-02-13,2448,47089,157,22468,2291,24621,0,0,666,21262,1779,12900,666,34162,California
Tulare,2021-02-14,328,47417,36,22504,292,24913,0,0,295,21524,33,12933,295,34457,California
Tulare,2021-02-15,913,48330,292,22796,621,25534,0,0,657,21926,255,13188,657,35114,California
Tulare,2021-02-16,2817,51147,1603,24399,1214,26748,0,0,1068,21245,1749,14937,1068,36182,California
Tulare,2021-02-17,2697,53844,513,24912,2184,28932,0,0,466,19486,2226,17163,467,36649,California
Tulare,2021-02-18,2279,56123,440,25352,1839,30771,0,0,620,18455,1651,18814,620,37269,California
Tulare,2021-02-19,2285,58408,847,26199,1438,32209,0,0,941,18054,1342,20156,941,38210,California
Tulare,2021-02-20,2975,61383,1876,28075,1099,33308,0,0,1253,17590,1717,21873,1253,39463,California
Tulare,2021-02-21,65,61448,61,28136,4,33312,0,0,41,17607,24,21897,41,39504,California
Tulare,2021-02-22,1106,62554,699,28835,407,33719,0,0,222,16946,883,22780,222,39726,California
Tulare,2021-02-23,1929,64483,930,29765,999,34718,0,0,1443,17904,485,23265,1443,41169,California
Tulare,2021-02-24,2454,66937,1537,31302,917,35635,0,0,2076,19604,377,23642,2077,43246,California
Tulare,2021-02-25,3449,70386,1929,33231,1520,37155,0,0,3031,22222,413,24055,3031,46277,California
Tulare,2021-02-26,3766,74152,1865,35096,1901,39056,0,0,3333,25125,430,24485,3333,49610,California
Tulare,2021-02-27,2850,77002,1390,36486,1460,40516,0,0,2721,27727,119,24604,2721,52331,California
Tulare,2021-02-28,1302,78304,1033,37519,269,40785,0,0,1282,28992,17,24621,1282,53613,California
Tulare,2021-03-01,1698,80002,764,38283,934,41719,0,0,1521,30337,176,24797,1521,55134,California
Tulare,2021-03-02,2593,82595,1150,39433,1443,43162,0,0,2429,32609,159,24956,2431,57565,California
Tulare,2021-03-03,3633,86228,2438,41871,1195,44357,0,0,1708,32397,1924,26880,1712,59277,California
Tulare,2021-03-04,2802,89030,1272,43143,1530,45887,0,0,2489,34577,310,27190,2490,61767,California
Tulare,2021-03-05,3147,92177,1612,44755,1522,47409,13,13,2686,36822,457,27647,2702,64469,California
Tulare,2021-03-06,2954,95131,1375,46130,1523,48932,56,69,2712,39350,238,27885,2766,67235,California
Tulare,2021-03-07,1073,96204,667,46797,388,49320,18,87,1036,40367,37,27922,1054,68289,California
Tulare,2021-03-08,1568,97772,934,47731,475,49795,159,246,1285,41529,282,28204,1444,69733,California
Tulare,2021-03-09,2292,100064,1343,49074,803,50598,146,392,1944,43272,348,28552,2091,71824,California
Tulare,2021-03-10,2326,102390,1143,50217,1070,51668,113,505,2009,45086,307,28859,2121,73945,California
Tulare,2021-03-11,3679,106069,1723,51940,1728,53396,228,733,2834,47311,838,29697,3063,77008,California
Tulare,2021-03-12,3698,109767,2028,53968,1408,54804,262,995,2670,49230,1015,30712,2934,79942,California
Tulare,2021-03-13,3447,113214,1626,55594,1712,56516,109,1104,2705,51305,739,31451,2814,82756,California
Tulare,2021-03-14,1579,114793,882,56476,479,56995,218,1322,1194,52333,383,31834,1411,84167,California
Tulare,2021-03-15,2577,117370,1480,57956,979,57974,118,1440,1815,53506,761,32595,1934,86101,California
Tulare,2021-03-16,3307,120677,2022,59978,1208,59182,77,1517,1792,53869,1511,34106,1874,87975,California
Tulare,2021-03-17,3668,124345,2410,62388,1192,60374,66,1583,2031,54340,1632,35738,2103,90078,California
Tulare,2021-03-18,3956,128301,2955,65343,936,61310,65,1648,2058,54572,1892,37630,2124,92202,California
Tulare,2021-03-19,4209,132510,2698,68041,1344,62654,167,1815,2214,54976,1981,39611,2385,94587,California
Tulare,2021-03-20,3014,135524,1790,69831,967,63621,257,2072,1375,54978,1633,41244,1635,96222,California
Tulare,2021-03-21,1812,137336,1546,71377,240,63861,26,2098,926,55047,883,42127,952,97174,California
Tulare,2021-03-22,2411,139747,1673,73050,629,64490,109,2207,1598,55951,805,42932,1709,98883,California
Tulare,2021-03-23,3536,143283,1990,75040,1498,65988,48,2255,1962,56403,1565,44497,2017,100900,California
Tulare,2021-03-24,3001,146284,1827,76867,1131,67119,43,2298,1789,57036,1205,45702,1838,102738,California
Tulare,2021-03-25,3001,149285,1526,78393,1390,68509,85,2383,1427,56994,1568,47270,1526,104264,California
Tulare,2021-03-26,4894,154179,2898,81291,1888,70397,108,2491,2347,56947,2530,49800,2483,106747,California
Tulare,2021-03-27,3335,157514,1659,82950,1576,71973,100,2591,909,55573,2419,52219,1045,107792,California
Tulare,2021-03-28,1398,158912,1005,83955,367,72340,26,2617,660,55530,736,52955,693,108485,California
Tulare,2021-03-29,2776,161688,1557,85512,1107,73447,112,2729,1197,55294,1573,54528,1337,109822,California
Tulare,2021-03-30,4378,166066,2541,88053,1603,75050,234,2963,2011,55196,2362,56890,2264,112086,California
Tulare,2021-03-31,3597,169663,2105,90158,1383,76433,109,3072,1488,54889,2103,58993,1796,113882,California
Tulare,2021-04-01,4050,173713,2255,92413,1737,78170,58,3130,1335,53690,2710,61703,1511,115393,California
Tulare,2021-04-02,4690,178403,2822,95235,1771,79941,97,3227,1585,52362,3095,64798,1767,117160,California
Tulare,2021-04-03,2657,181060,1823,97058,617,80558,217,3444,774,51588,1855,66653,1081,118241,California
Tulare,2021-04-04,1148,182208,869,97927,274,80832,5,3449,197,50843,951,67604,206,118447,California
Tuolumne,2020-12-16,46,46,46,46,0,0,0,0,46,46,0,0,46,46,California
Tuolumne,2020-12-17,22,68,22,68,0,0,0,0,22,68,0,0,22,68,California
Tuolumne,2020-12-18,174,242,173,241,1,1,0,0,174,242,0,0,174,242,California
Tuolumne,2020-12-19,7,249,7,248,0,1,0,0,7,249,0,0,7,249,California
Tuolumne,2020-12-20,1,250,1,249,0,1,0,0,1,250,0,0,1,250,California
Tuolumne,2020-12-21,116,366,102,351,14,15,0,0,116,366,0,0,116,366,California
Tuolumne,2020-12-22,169,535,169,520,0,15,0,0,169,535,0,0,169,535,California
Tuolumne,2020-12-23,192,727,190,710,2,17,0,0,192,727,0,0,192,727,California
Tuolumne,2020-12-26,3,730,3,713,0,17,0,0,3,730,0,0,3,730,California
Tuolumne,2020-12-28,78,808,77,790,1,18,0,0,78,808,0,0,78,808,California
Tuolumne,2020-12-29,111,919,40,830,71,89,0,0,111,919,0,0,111,919,California
Tuolumne,2020-12-30,81,1000,22,852,59,148,0,0,81,1000,0,0,81,1000,California
Tuolumne,2020-12-31,27,1027,20,872,7,155,0,0,27,1027,0,0,27,1027,California
Tuolumne,2021-01-01,6,1033,5,877,1,156,0,0,6,1033,0,0,6,1033,California
Tuolumne,2021-01-02,118,1151,115,992,3,159,0,0,118,1151,0,0,118,1151,California
Tuolumne,2021-01-03,3,1154,2,994,1,160,0,0,3,1154,0,0,3,1154,California
Tuolumne,2021-01-04,70,1224,27,1021,43,203,0,0,70,1224,0,0,70,1224,California
Tuolumne,2021-01-05,95,1319,26,1047,69,272,0,0,93,1315,2,2,93,1317,California
Tuolumne,2021-01-06,112,1431,52,1099,60,332,0,0,68,1339,44,46,68,1385,California
Tuolumne,2021-01-07,119,1550,61,1160,58,390,0,0,65,1350,54,100,65,1450,California
Tuolumne,2021-01-08,179,1729,153,1313,26,416,0,0,28,1230,150,250,30,1480,California
Tuolumne,2021-01-09,1,1730,0,1313,1,417,0,0,1,1231,0,250,1,1481,California
Tuolumne,2021-01-10,3,1733,1,1314,2,419,0,0,3,1234,0,250,3,1484,California
Tuolumne,2021-01-11,117,1850,90,1404,27,446,0,0,34,1185,83,333,34,1518,California
Tuolumne,2021-01-12,102,1952,86,1490,16,462,0,0,17,1118,85,418,18,1536,California
Tuolumne,2021-01-13,239,2191,129,1619,110,572,0,0,184,1248,55,473,185,1721,California
Tuolumne,2021-01-14,129,2320,92,1711,37,609,0,0,42,1204,86,559,42,1763,California
Tuolumne,2021-01-15,476,2796,71,1782,405,1014,0,0,413,1556,62,621,414,2177,California
Tuolumne,2021-01-16,6,2802,2,1784,4,1018,0,0,5,1560,1,622,5,2182,California
Tuolumne,2021-01-17,4,2806,1,1785,3,1021,0,0,4,1564,0,622,4,2186,California
Tuolumne,2021-01-18,46,2852,38,1823,8,1029,0,0,8,1535,37,659,8,2194,California
Tuolumne,2021-01-19,472,3324,70,1893,402,1431,0,0,429,1921,43,702,429,2623,California
Tuolumne,2021-01-20,77,3401,60,1953,17,1448,0,0,24,1892,53,755,24,2647,California
Tuolumne,2021-01-21,57,3458,22,1975,35,1483,0,0,41,1918,16,771,42,2689,California
Tuolumne,2021-01-22,181,3639,13,1988,168,1651,0,0,175,2087,6,777,175,2864,California
Tuolumne,2021-01-23,666,4305,146,2134,520,2171,0,0,553,2537,113,890,563,3427,California
Tuolumne,2021-01-24,526,4831,1,2135,525,2696,0,0,522,3057,3,893,523,3950,California
Tuolumne,2021-01-25,48,4879,27,2162,21,2717,0,0,22,3054,26,919,23,3973,California
Tuolumne,2021-01-26,80,4959,68,2230,12,2729,0,0,40,3055,40,959,41,4014,California
Tuolumne,2021-01-27,61,5020,4,2234,57,2786,0,0,7,3010,53,1012,8,4022,California
Tuolumne,2021-01-28,27,5047,7,2241,20,2806,0,0,18,3019,9,1021,18,4040,California
Tuolumne,2021-01-29,71,5118,7,2248,64,2870,0,0,33,3014,38,1059,33,4073,California
Tuolumne,2021-01-30,711,5829,554,2802,157,3027,0,0,691,3698,20,1079,704,4777,California
Tuolumne,2021-01-31,8,5837,2,2804,6,3033,0,0,5,3700,3,1082,5,4782,California
Tuolumne,2021-02-01,25,5862,6,2810,19,3052,0,0,22,3719,3,1085,22,4804,California
Tuolumne,2021-02-02,649,6511,36,2846,613,3665,0,0,639,4349,9,1094,639,5443,California
Tuolumne,2021-02-03,239,6750,108,2954,131,3796,0,0,85,4280,154,1248,85,5528,California
Tuolumne,2021-02-04,127,6877,14,2968,113,3909,0,0,66,4283,63,1311,66,5594,California
Tuolumne,2021-02-05,102,6979,14,2982,88,3997,0,0,37,4257,63,1374,37,5631,California
Tuolumne,2021-02-06,851,7830,579,3561,272,4269,0,0,850,5106,1,1375,850,6481,California
Tuolumne,2021-02-07,7,7837,4,3565,3,4272,0,0,3,5105,4,1379,3,6484,California
Tuolumne,2021-02-08,90,7927,39,3604,51,4323,0,0,67,5149,23,1402,67,6551,California
Tuolumne,2021-02-09,864,8791,47,3651,817,5140,0,0,828,5941,36,1438,828,7379,California
Tuolumne,2021-02-10,92,8883,14,3665,78,5218,0,0,30,5911,60,1498,30,7409,California
Tuolumne,2021-02-11,137,9020,64,3729,73,5291,0,0,74,5922,63,1561,74,7483,California
Tuolumne,2021-02-12,643,9663,12,3741,631,5922,0,0,204,5689,438,1999,205,7688,California
Tuolumne,2021-02-13,146,9809,41,3782,105,6027,0,0,115,5779,25,2024,115,7803,California
Tuolumne,2021-02-14,147,9956,12,3794,135,6162,0,0,146,5924,1,2025,146,7949,California
Tuolumne,2021-02-15,182,10138,10,3804,172,6334,0,0,172,6087,10,2035,173,8122,California
Tuolumne,2021-02-16,525,10663,18,3822,507,6841,0,0,123,5812,400,2435,125,8247,California
Tuolumne,2021-02-17,109,10772,62,3884,47,6888,0,0,63,5830,45,2480,63,8310,California
Tuolumne,2021-02-18,682,11454,22,3906,660,7548,0,0,633,6414,49,2529,633,8943,California
Tuolumne,2021-02-19,133,11587,21,3927,112,7660,0,0,43,6367,90,2619,43,8986,California
Tuolumne,2021-02-20,908,12495,343,4270,565,8225,0,0,388,6248,508,3127,389,9375,California
Tuolumne,2021-02-21,978,13473,32,4302,946,9171,0,0,473,6219,502,3629,473,9848,California
Tuolumne,2021-02-22,76,13549,54,4356,22,9193,0,0,46,6235,30,3659,46,9894,California
Tuolumne,2021-02-23,41,13590,21,4377,20,9213,0,0,22,6239,18,3677,22,9916,California
Tuolumne,2021-02-24,93,13683,60,4437,33,9246,0,0,39,6232,52,3729,45,9961,California
Tuolumne,2021-02-25,1048,14731,29,4466,1019,10265,0,0,1017,7218,31,3760,1017,10978,California
Tuolumne,2021-02-26,144,14875,10,4476,134,10399,0,0,119,7313,25,3785,120,11098,California
Tuolumne,2021-02-27,950,15825,576,5052,374,10773,0,0,247,6871,689,4474,247,11345,California
Tuolumne,2021-02-28,53,15878,4,5056,49,10822,0,0,51,6921,1,4475,51,11396,California
Tuolumne,2021-03-01,104,15982,21,5077,83,10905,0,0,71,6962,32,4507,73,11469,California
Tuolumne,2021-03-02,706,16688,72,5149,634,11539,0,0,105,6466,601,5108,105,11574,California
Tuolumne,2021-03-03,81,16769,21,5170,60,11599,0,0,56,6498,25,5133,57,11631,California
Tuolumne,2021-03-04,1156,17925,67,5237,1089,12688,0,0,1097,7536,59,5192,1097,12728,California
Tuolumne,2021-03-05,75,18000,9,5246,66,12754,0,0,43,7549,31,5223,44,12772,California
Tuolumne,2021-03-06,1042,19042,603,5849,437,13191,2,2,192,6895,849,6072,195,12967,California
Tuolumne,2021-03-07,35,19077,11,5860,11,13202,13,15,13,6900,22,6094,27,12994,California
Tuolumne,2021-03-08,200,19277,89,5949,104,13306,7,22,141,6992,59,6153,151,13145,California
Tuolumne,2021-03-09,879,20156,16,5965,853,14159,10,32,79,6282,799,6952,89,13234,California
Tuolumne,2021-03-10,95,20251,16,5981,69,14228,10,42,54,6305,41,6993,64,13298,California
Tuolumne,2021-03-11,1262,21513,33,6014,1225,15453,4,46,1221,7493,40,7033,1228,14526,California
Tuolumne,2021-03-12,268,21781,33,6047,220,15673,15,61,121,7523,145,7178,175,14701,California
Tuolumne,2021-03-13,60,21841,12,6059,48,15721,0,61,18,7522,42,7220,41,14742,California
Tuolumne,2021-03-14,83,21924,8,6067,66,15787,9,70,2,7457,81,7301,16,14758,California
Tuolumne,2021-03-15,303,22227,78,6145,223,16010,2,72,108,7383,194,7495,120,14878,California
Tuolumne,2021-03-16,794,23021,39,6184,744,16754,11,83,659,7920,135,7630,672,15550,California
Tuolumne,2021-03-17,140,23161,30,6214,97,16851,13,96,63,7919,76,7706,75,15625,California
Tuolumne,2021-03-18,937,24098,21,6235,899,17750,17,113,304,7608,633,8339,322,15947,California
Tuolumne,2021-03-19,123,24221,14,6249,77,17827,32,145,60,7639,61,8400,92,16039,California
Tuolumne,2021-03-20,70,24291,5,6254,56,17883,9,154,29,7637,40,8440,38,16077,California
Tuolumne,2021-03-21,837,25128,393,6647,435,18318,9,163,44,6898,792,9232,53,16130,California
Tuolumne,2021-03-22,167,25295,73,6720,75,18393,19,182,99,6948,68,9300,118,16248,California
Tuolumne,2021-03-23,723,26018,636,7356,74,18467,13,195,690,7618,33,9333,703,16951,California
Tuolumne,2021-03-24,114,26132,21,7377,75,18542,18,213,81,7686,31,9364,99,17050,California
Tuolumne,2021-03-25,1273,27405,17,7394,1253,19795,3,216,317,7051,955,10319,320,17370,California
Tuolumne,2021-03-26,277,27682,13,7407,241,20036,23,239,121,7059,136,10455,144,17514,California
Tuolumne,2021-03-27,568,28250,49,7456,519,20555,0,239,311,7114,257,10712,312,17826,California
Tuolumne,2021-03-28,47,28297,6,7462,41,20596,0,239,10,7089,37,10749,12,17838,California
Tuolumne,2021-03-29,282,28579,71,7533,211,20807,0,239,182,7191,81,10830,183,18021,California
Tuolumne,2021-03-30,168,28747,12,7545,156,20963,0,239,127,7277,41,10871,127,18148,California
Tuolumne,2021-03-31,91,28838,12,7557,78,21041,1,240,46,7281,44,10915,48,18196,California
Tuolumne,2021-04-01,1203,30041,19,7576,1184,22225,0,240,227,6536,973,11888,228,18424,California
Tuolumne,2021-04-02,149,30190,10,7586,124,22349,15,255,94,6590,55,11943,109,18533,California
Tuolumne,2021-04-03,145,30335,12,7598,133,22482,0,255,74,6598,71,12014,79,18612,California
Tuolumne,2021-04-04,5,30340,1,7599,4,22486,0,255,2,6598,2,12016,2,18614,California
Ventura,2020-12-15,5,5,5,5,0,0,0,0,5,5,0,0,5,5,California
Ventura,2020-12-16,70,75,70,75,0,0,0,0,70,75,0,0,70,75,California
Ventura,2020-12-17,249,324,249,324,0,0,0,0,249,324,0,0,249,324,California
Ventura,2020-12-18,1409,1733,1409,1733,0,0,0,0,1409,1733,0,0,1409,1733,California
Ventura,2020-12-19,913,2646,913,2646,0,0,0,0,913,2646,0,0,913,2646,California
Ventura,2020-12-20,430,3076,430,3076,0,0,0,0,430,3076,0,0,430,3076,California
Ventura,2020-12-21,1465,4541,1465,4541,0,0,0,0,1465,4541,0,0,1465,4541,California
Ventura,2020-12-22,1103,5644,1098,5639,5,5,0,0,1103,5644,0,0,1103,5644,California
Ventura,2020-12-23,1025,6669,979,6618,46,51,0,0,1025,6669,0,0,1025,6669,California
Ventura,2020-12-24,476,7145,379,6997,97,148,0,0,476,7145,0,0,476,7145,California
Ventura,2020-12-25,11,7156,7,7004,4,152,0,0,11,7156,0,0,11,7156,California
Ventura,2020-12-26,107,7263,86,7090,21,173,0,0,107,7263,0,0,107,7263,California
Ventura,2020-12-27,58,7321,27,7117,31,204,0,0,58,7321,0,0,58,7321,California
Ventura,2020-12-28,1067,8388,929,8046,138,342,0,0,1067,8388,0,0,1067,8388,California
Ventura,2020-12-29,1165,9553,762,8808,403,745,0,0,1165,9553,0,0,1165,9553,California
Ventura,2020-12-30,1985,11538,1518,10326,467,1212,0,0,1985,11538,0,0,1985,11538,California
Ventura,2020-12-31,475,12013,163,10489,312,1524,0,0,475,12013,0,0,475,12013,California
Ventura,2021-01-01,14,12027,4,10493,10,1534,0,0,14,12027,0,0,14,12027,California
Ventura,2021-01-02,170,12197,78,10571,92,1626,0,0,170,12197,0,0,170,12197,California
Ventura,2021-01-03,15,12212,8,10579,7,1633,0,0,15,12212,0,0,15,12212,California
Ventura,2021-01-04,1077,13289,548,11127,529,2162,0,0,1075,13286,1,1,1075,13287,California
Ventura,2021-01-05,1371,14660,777,11904,594,2756,0,0,1331,14577,40,41,1331,14618,California
Ventura,2021-01-06,2047,16707,1175,13079,872,3628,0,0,1618,15777,420,461,1620,16238,California
Ventura,2021-01-07,2065,18772,1325,14404,740,4368,0,0,1182,16079,881,1342,1183,17421,California
Ventura,2021-01-08,2193,20965,1474,15878,719,5087,0,0,901,15691,1290,2632,902,18323,California
Ventura,2021-01-09,724,21689,503,16381,221,5308,0,0,320,15607,404,3036,320,18643,California
Ventura,2021-01-10,336,22025,324,16705,12,5320,0,0,122,15515,214,3250,122,18765,California
Ventura,2021-01-11,2449,24474,1488,18193,961,6281,0,0,1498,16064,951,4201,1500,20265,California
Ventura,2021-01-12,3027,27501,1601,19794,1426,7707,0,0,2004,17045,1023,5224,2004,22269,California
Ventura,2021-01-13,2927,30428,1423,21217,1504,9211,0,0,2044,18209,881,6105,2045,24314,California
Ventura,2021-01-14,2728,33156,1057,22274,1671,10882,0,0,2284,20051,443,6548,2285,26599,California
Ventura,2021-01-15,2869,36025,959,23233,1910,12792,0,0,2659,22502,210,6758,2661,29260,California
Ventura,2021-01-16,487,36512,189,23422,298,13090,0,0,405,22825,82,6840,405,29665,California
Ventura,2021-01-17,265,36777,139,23561,126,13216,0,0,259,23078,6,6846,259,29924,California
Ventura,2021-01-18,2206,38983,1660,25221,546,13762,0,0,1657,24187,549,7395,1658,31582,California
Ventura,2021-01-19,3026,42009,2115,27336,911,14673,0,0,2134,25433,892,8287,2138,33720,California
Ventura,2021-01-20,4047,46056,3100,30436,947,15620,0,0,3011,27412,1033,9320,3012,36732,California
Ventura,2021-01-21,3833,49889,2669,33105,1164,16784,0,0,3164,29910,666,9986,3164,39896,California
Ventura,2021-01-22,3593,53482,2467,35572,1126,17910,0,0,3431,33180,162,10148,3432,43328,California
Ventura,2021-01-23,1178,54660,644,36216,534,18444,0,0,1078,34161,99,10247,1080,44408,California
Ventura,2021-01-24,449,55109,133,36349,316,18760,0,0,436,34584,13,10260,436,44844,California
Ventura,2021-01-25,3133,58242,2020,38369,1113,19873,0,0,2587,36628,545,10805,2589,47433,California
Ventura,2021-01-26,3677,61919,2175,40544,1502,21375,0,0,2686,38325,990,11795,2687,50120,California
Ventura,2021-01-27,3433,65352,1540,42084,1893,23268,0,0,2695,40285,735,12530,2695,52815,California
Ventura,2021-01-28,3839,69191,1976,44060,1863,25131,0,0,3233,42929,590,13120,3234,56049,California
Ventura,2021-01-29,4229,73420,2503,46563,1726,26857,0,0,3735,46182,482,13602,3735,59784,California
Ventura,2021-01-30,3020,76440,1951,48514,1069,27926,0,0,2853,48872,164,13766,2854,62638,California
Ventura,2021-01-31,827,77267,445,48959,382,28308,0,0,743,49531,84,13850,743,63381,California
Ventura,2021-02-01,3916,81183,2105,51064,1811,30119,0,0,3155,51929,759,14609,3157,66538,California
Ventura,2021-02-02,4393,85576,2367,53431,2026,32145,0,0,3372,54285,1017,15626,3373,69911,California
Ventura,2021-02-03,4445,90021,2086,55517,2359,34504,0,0,3437,56719,1003,16629,3437,73348,California
Ventura,2021-02-04,4747,94768,2272,57789,2475,36979,0,0,3507,58993,1233,17862,3507,76855,California
Ventura,2021-02-05,4810,99578,2307,60096,2503,39482,0,0,3323,60844,1474,19336,3325,80180,California
Ventura,2021-02-06,2820,102398,1511,61607,1309,40791,0,0,2422,62868,398,19734,2422,82602,California
Ventura,2021-02-07,707,103105,240,61847,467,41258,0,0,579,63320,128,19862,580,83182,California
Ventura,2021-02-08,3478,106583,1619,63466,1859,43117,0,0,2414,64674,1060,20922,2414,85596,California
Ventura,2021-02-09,4705,111288,1971,65437,2734,45851,0,0,2463,64899,2241,23163,2466,88062,California
Ventura,2021-02-10,4673,115961,2220,67657,2453,48304,0,0,2378,64993,2285,25448,2379,90441,California
Ventura,2021-02-11,4627,120588,1851,69508,2776,51080,0,0,2427,65229,2193,27641,2429,92870,California
Ventura,2021-02-12,6278,126866,2643,72151,3635,54715,0,0,3207,65367,3069,30710,3207,96077,California
Ventura,2021-02-13,3275,130141,1821,73972,1454,56169,0,0,1829,65756,1442,32152,1831,97908,California
Ventura,2021-02-14,1216,131357,121,74093,1095,57264,0,0,1002,66545,214,32366,1003,98911,California
Ventura,2021-02-15,3974,135331,1787,75880,2187,59451,0,0,2109,66791,1863,34229,2109,101020,California
Ventura,2021-02-16,5515,140846,2696,78576,2819,62270,0,0,3010,67303,2499,36728,3011,104031,California
Ventura,2021-02-17,5215,146061,1911,80487,3304,65574,0,0,3267,68630,1940,38668,3267,107298,California
Ventura,2021-02-18,5744,151805,1818,82305,3926,69500,0,0,3619,70131,2118,40786,3619,110917,California
Ventura,2021-02-19,6418,158223,3753,86058,2665,72165,0,0,2986,69698,3427,44213,2994,113911,California
Ventura,2021-02-20,4898,163121,3144,89202,1754,73919,0,0,2754,70313,2140,46353,2755,116666,California
Ventura,2021-02-21,989,164110,705,89907,284,74203,0,0,417,70162,568,46921,417,117083,California
Ventura,2021-02-22,5327,169437,2379,92286,2948,77151,0,0,3444,71732,1874,48795,3444,120527,California
Ventura,2021-02-23,5925,175362,2956,95242,2969,80120,0,0,3425,72677,2483,51278,3428,123955,California
Ventura,2021-02-24,6937,182299,2587,97829,4350,84470,0,0,4207,74168,2716,53994,4207,128162,California
Ventura,2021-02-25,7463,189762,2563,100392,4900,89370,0,0,4561,75843,2889,56883,4564,132726,California
Ventura,2021-02-26,9306,199068,2766,103158,6540,95910,0,0,6160,78881,3126,60009,6164,138890,California
Ventura,2021-02-27,9979,209047,5266,108424,4713,100623,0,0,7381,83687,2582,62591,7388,146278,California
Ventura,2021-02-28,2556,211603,1628,110052,927,101550,1,1,2099,85332,454,63045,2099,148377,California
Ventura,2021-03-01,6889,218492,2781,112833,4108,105658,0,1,4598,87659,2283,65328,4610,152987,California
Ventura,2021-03-02,7345,225837,3921,116754,3423,109081,1,2,5134,90591,2204,67532,5136,158123,California
Ventura,2021-03-03,8344,234181,3865,120619,4479,113560,0,2,5944,94151,2390,69922,5950,164073,California
Ventura,2021-03-04,7828,242009,3814,124433,4014,117574,0,2,5356,97046,2463,72385,5358,169431,California
Ventura,2021-03-05,9114,251123,4665,129098,4438,122012,11,13,6522,101006,2582,74967,6542,175973,California
Ventura,2021-03-06,5244,256367,2996,132094,2096,124108,152,165,3818,103556,1423,76390,3973,179946,California
Ventura,2021-03-07,1581,257948,603,132697,876,124984,102,267,1169,104415,412,76802,1271,181217,California
Ventura,2021-03-08,6490,264438,3302,135999,3057,128041,131,398,4457,106976,2028,78830,4589,185806,California
Ventura,2021-03-09,6353,270791,2747,138746,3414,131455,192,590,3545,107919,2797,81627,3740,189546,California
Ventura,2021-03-10,6421,277212,2903,141649,3306,134761,212,802,4199,110115,2216,83843,4412,193958,California
Ventura,2021-03-11,5994,283206,2799,144448,2995,137756,200,1002,3276,110884,2709,86552,3478,197436,California
Ventura,2021-03-12,7417,290623,2907,147355,3716,141472,794,1796,3634,111550,3770,90322,4436,201872,California
Ventura,2021-03-13,6035,296658,2351,149706,2895,144367,789,2585,3503,113316,2527,92849,4293,206165,California
Ventura,2021-03-14,1697,298355,367,150073,862,145229,468,3053,559,113209,1136,93985,1029,207194,California
Ventura,2021-03-15,6759,305114,1998,152071,3469,148698,1292,4345,2897,113554,3847,97832,4192,211386,California
Ventura,2021-03-16,7765,312879,2424,154495,4258,152956,1083,5428,3916,114713,3839,101671,4998,216384,California
Ventura,2021-03-17,7096,319975,2678,157173,4072,157028,346,5774,4206,116391,2874,104545,4552,220936,California
Ventura,2021-03-18,5670,325645,2420,159593,3129,160157,121,5895,3629,118112,2030,106575,3751,224687,California
Ventura,2021-03-19,6375,332020,2720,162313,3574,163731,81,5976,3967,119761,2398,108973,4047,228734,California
Ventura,2021-03-20,5820,337840,3702,166015,2096,165827,22,5998,2361,118704,3443,112416,2386,231120,California
Ventura,2021-03-21,2714,340554,1466,167481,878,166705,370,6368,1267,118898,1443,113859,1637,232757,California
Ventura,2021-03-22,7180,347734,3607,171088,3468,170173,105,6473,4732,121302,2436,116295,4840,237597,California
Ventura,2021-03-23,7999,355733,3807,174895,4144,174317,48,6521,4575,122524,3405,119700,4627,242224,California
Ventura,2021-03-24,8718,364451,3364,178259,5274,179591,80,6601,4327,122571,4364,124064,4411,246635,California
Ventura,2021-03-25,8622,373073,3849,182108,4710,184301,63,6664,4367,122785,4231,128295,4445,251080,California
Ventura,2021-03-26,9578,382651,3298,185406,5634,189935,646,7310,3735,121368,5821,134116,4404,255484,California
Ventura,2021-03-27,8056,390707,3866,189272,4149,194084,41,7351,2397,118641,5645,139761,2918,258402,California
Ventura,2021-03-28,2467,393174,1373,190645,1085,195169,9,7360,1347,118885,1119,140880,1363,259765,California
Ventura,2021-03-29,8307,401481,4161,194806,4105,199274,41,7401,4134,119017,4152,145032,4284,264049,California
Ventura,2021-03-30,8746,410227,4319,199125,4307,203581,120,7521,4509,119507,4227,149259,4717,268766,California
Ventura,2021-03-31,10126,420353,4398,203523,5138,208719,590,8111,4607,119269,5502,154761,5264,274030,California
Ventura,2021-04-01,9914,430267,5054,208577,4089,212808,771,8882,5233,120690,4673,159434,6094,280124,California
Ventura,2021-04-02,9872,440139,4356,212933,4412,217220,1104,9986,4979,122050,4873,164307,6233,286357,California
Ventura,2021-04-03,7323,447462,3803,216736,2501,219721,1019,11005,3182,122315,4138,168445,4403,290760,California
Ventura,2021-04-04,361,447823,219,216955,86,219807,56,11061,151,122348,209,168654,242,291002,California
Yolo,2020-12-15,39,39,39,39,0,0,0,0,39,39,0,0,39,39,California
Yolo,2020-12-16,78,117,78,117,0,0,0,0,78,117,0,0,78,117,California
Yolo,2020-12-17,101,218,101,218,0,0,0,0,101,218,0,0,101,218,California
Yolo,2020-12-18,207,425,207,425,0,0,0,0,207,425,0,0,207,425,California
Yolo,2020-12-19,85,510,85,510,0,0,0,0,85,510,0,0,85,510,California
Yolo,2020-12-20,100,610,100,610,0,0,0,0,100,610,0,0,100,610,California
Yolo,2020-12-21,252,862,252,862,0,0,0,0,252,862,0,0,252,862,California
Yolo,2020-12-22,386,1248,385,1247,1,1,0,0,386,1248,0,0,386,1248,California
Yolo,2020-12-23,432,1680,413,1660,19,20,0,0,432,1680,0,0,432,1680,California
Yolo,2020-12-24,151,1831,94,1754,57,77,0,0,151,1831,0,0,151,1831,California
Yolo,2020-12-25,1,1832,1,1755,0,77,0,0,1,1832,0,0,1,1832,California
Yolo,2020-12-26,76,1908,25,1780,51,128,0,0,76,1908,0,0,76,1908,California
Yolo,2020-12-27,46,1954,19,1799,27,155,0,0,46,1954,0,0,46,1954,California
Yolo,2020-12-28,343,2297,176,1975,167,322,0,0,343,2297,0,0,343,2297,California
Yolo,2020-12-29,483,2780,268,2243,215,537,0,0,483,2780,0,0,483,2780,California
Yolo,2020-12-30,625,3405,257,2500,368,905,0,0,625,3405,0,0,625,3405,California
Yolo,2020-12-31,183,3588,94,2594,89,994,0,0,183,3588,0,0,183,3588,California
Yolo,2021-01-01,55,3643,54,2648,1,995,0,0,55,3643,0,0,55,3643,California
Yolo,2021-01-02,68,3711,25,2673,43,1038,0,0,68,3711,0,0,68,3711,California
Yolo,2021-01-03,44,3755,19,2692,25,1063,0,0,44,3755,0,0,44,3755,California
Yolo,2021-01-04,195,3950,44,2736,151,1214,0,0,195,3950,0,0,195,3950,California
Yolo,2021-01-05,610,4560,236,2972,374,1588,0,0,550,4440,60,60,550,4500,California
Yolo,2021-01-06,478,5038,181,3153,297,1885,0,0,347,4656,131,191,347,4847,California
Yolo,2021-01-07,706,5744,232,3385,474,2359,0,0,520,4991,185,376,520,5367,California
Yolo,2021-01-08,628,6372,308,3693,320,2679,0,0,413,5190,214,590,413,5780,California
Yolo,2021-01-09,406,6778,67,3760,339,3018,0,0,361,5506,45,635,361,6141,California
Yolo,2021-01-10,393,7171,80,3840,313,3331,0,0,323,5759,70,705,323,6464,California
Yolo,2021-01-11,559,7730,324,4164,235,3566,0,0,290,5780,269,974,290,6754,California
Yolo,2021-01-12,476,8206,359,4523,117,3683,0,0,171,5647,305,1279,172,6926,California
Yolo,2021-01-13,761,8967,308,4831,453,4136,0,0,513,5912,248,1527,513,7439,California
Yolo,2021-01-14,378,9345,183,5014,195,4331,0,0,272,6078,106,1633,272,7711,California
Yolo,2021-01-15,618,9963,318,5332,300,4631,0,0,542,6544,76,1709,542,8253,California
Yolo,2021-01-16,739,10702,96,5428,643,5274,0,0,707,7219,32,1741,707,8960,California
Yolo,2021-01-17,184,10886,116,5544,68,5342,0,0,177,7389,7,1748,177,9137,California
Yolo,2021-01-18,477,11363,304,5848,173,5515,0,0,378,7668,99,1847,378,9515,California
Yolo,2021-01-19,541,11904,370,6218,171,5686,0,0,366,7859,175,2022,366,9881,California
Yolo,2021-01-20,652,12556,378,6596,274,5960,0,0,469,8146,182,2204,469,10350,California
Yolo,2021-01-21,641,13197,381,6977,260,6220,0,0,453,8411,188,2392,453,10803,California
Yolo,2021-01-22,745,13942,249,7226,496,6716,0,0,628,8924,115,2507,628,11431,California
Yolo,2021-01-23,616,14558,124,7350,492,7208,0,0,568,9444,48,2555,568,11999,California
Yolo,2021-01-24,205,14763,122,7472,83,7291,0,0,165,9569,40,2595,165,12164,California
Yolo,2021-01-25,726,15489,150,7622,576,7867,0,0,512,9867,214,2809,512,12676,California
Yolo,2021-01-26,810,16299,327,7949,483,8350,0,0,425,9907,385,3194,425,13101,California
Yolo,2021-01-27,556,16855,221,8170,335,8685,0,0,383,10117,173,3367,383,13484,California
Yolo,2021-01-28,1047,17902,565,8735,482,9167,0,0,923,10917,123,3490,923,14407,California
Yolo,2021-01-29,863,18765,261,8996,602,9769,0,0,780,11615,83,3573,781,15188,California
Yolo,2021-01-30,1519,20284,921,9917,598,10367,0,0,1412,12926,101,3674,1412,16600,California
Yolo,2021-01-31,251,20535,212,10129,39,10406,0,0,216,13108,34,3708,216,16816,California
Yolo,2021-02-01,842,21377,356,10485,486,10892,0,0,611,13491,228,3936,611,17427,California
Yolo,2021-02-02,1323,22700,749,11234,574,11466,0,0,932,14033,391,4327,933,18360,California
Yolo,2021-02-03,1517,24217,393,11627,1124,12590,0,0,1186,14894,328,4655,1189,19549,California
Yolo,2021-02-04,1782,25999,278,11905,1504,14094,0,0,1236,15595,535,5190,1236,20785,California
Yolo,2021-02-05,1587,27586,896,12801,691,14785,0,0,1185,16383,400,5590,1188,21973,California
Yolo,2021-02-06,1923,29509,1251,14052,672,15457,0,0,1563,17587,360,5950,1564,23537,California
Yolo,2021-02-07,515,30024,247,14299,268,15725,0,0,169,17411,345,6295,169,23706,California
Yolo,2021-02-08,954,30978,330,14629,624,16349,0,0,612,17684,339,6634,612,24318,California
Yolo,2021-02-09,850,31828,381,15010,469,16818,0,0,575,17984,275,6909,575,24893,California
Yolo,2021-02-10,1430,33258,468,15478,962,17780,0,0,800,18156,629,7538,801,25694,California
Yolo,2021-02-11,1525,34783,768,16246,757,18537,0,0,1150,18931,375,7913,1150,26844,California
Yolo,2021-02-12,1905,36688,744,16990,1161,19698,0,0,1439,19907,463,8376,1439,28283,California
Yolo,2021-02-13,2049,38737,713,17703,1336,21034,0,0,1384,20626,665,9041,1384,29667,California
Yolo,2021-02-14,564,39301,151,17854,413,21447,0,0,441,20944,123,9164,441,30108,California
Yolo,2021-02-15,520,39821,188,18042,332,21779,0,0,259,20943,261,9425,260,30368,California
Yolo,2021-02-16,1114,40935,422,18464,692,22471,0,0,812,21454,302,9727,813,31181,California
Yolo,2021-02-17,1378,42313,697,19161,681,23152,0,0,993,22061,386,10113,993,32174,California
Yolo,2021-02-18,2431,44744,750,19911,1681,24833,0,0,1672,22976,757,10870,1672,33846,California
Yolo,2021-02-19,1725,46469,739,20650,986,25819,0,0,1112,23478,612,11482,1114,34960,California
Yolo,2021-02-20,2451,48920,946,21596,1505,27324,0,0,1378,23788,1068,12550,1378,36338,California
Yolo,2021-02-21,276,49196,223,21819,53,27377,0,0,70,23653,205,12755,70,36408,California
Yolo,2021-02-22,1360,50556,597,22416,763,28140,0,0,695,23685,664,13419,696,37104,California
Yolo,2021-02-23,1120,51676,840,23256,280,28420,0,0,441,23448,678,14097,441,37545,California
Yolo,2021-02-24,2062,53738,590,23846,1472,29892,0,0,1359,24105,702,14799,1359,38904,California
Yolo,2021-02-25,1328,55066,436,24282,892,30784,0,0,865,24507,463,15262,865,39769,California
Yolo,2021-02-26,2514,57580,972,25254,1542,32326,0,0,1328,24653,1182,16444,1328,41097,California
Yolo,2021-02-27,1638,59218,767,26021,871,33197,0,0,1190,25395,448,16892,1190,42287,California
Yolo,2021-02-28,1773,60991,1499,27520,274,33471,0,0,678,24979,1094,17986,678,42965,California
Yolo,2021-03-01,1065,62056,348,27868,717,34188,0,0,639,25195,424,18410,640,43605,California
Yolo,2021-03-02,1403,63459,666,28534,737,34925,0,0,889,25570,514,18924,889,44494,California
Yolo,2021-03-03,1725,65184,576,29110,1149,36074,0,0,757,25361,966,19890,757,45251,California
Yolo,2021-03-04,2571,67755,1277,30387,1294,37368,0,0,1384,25560,1185,21075,1384,46635,California
Yolo,2021-03-05,2077,69832,1222,31609,844,38212,11,11,1227,25952,849,21924,1241,47876,California
Yolo,2021-03-06,1371,71203,1064,32673,283,38495,24,35,753,26113,616,22540,777,48653,California
Yolo,2021-03-07,863,72066,636,33309,215,38710,12,47,730,26723,133,22673,743,49396,California
Yolo,2021-03-08,979,73045,456,33765,480,39190,43,90,706,27202,270,22943,749,50145,California
Yolo,2021-03-09,1122,74167,596,34361,469,39659,57,147,741,27621,379,23322,798,50943,California
Yolo,2021-03-10,1608,75775,948,35309,397,40056,263,410,660,27596,946,24268,921,51864,California
Yolo,2021-03-11,2133,77908,1393,36702,674,40730,66,476,1435,28400,697,24965,1501,53365,California
Yolo,2021-03-12,2483,80391,1149,37851,1265,41995,69,545,1114,28221,1360,26325,1181,54546,California
Yolo,2021-03-13,1710,82101,659,38510,880,42875,171,716,917,28520,790,27115,1089,55635,California
Yolo,2021-03-14,650,82751,188,38698,319,43194,143,859,382,28778,267,27382,525,56160,California
Yolo,2021-03-15,1280,84031,754,39452,353,43547,173,1032,671,29015,606,27988,843,57003,California
Yolo,2021-03-16,1839,85870,710,40162,1058,44605,71,1103,1081,29411,757,28745,1153,58156,California
Yolo,2021-03-17,2340,88210,941,41103,1331,45936,68,1171,1611,30365,725,29470,1679,59835,California
Yolo,2021-03-18,2509,90719,731,41834,1564,47500,214,1385,969,30011,1538,31008,1184,61019,California
Yolo,2021-03-19,1375,92094,634,42468,696,48196,45,1430,774,30235,595,31603,819,61838,California
Yolo,2021-03-20,2128,94222,574,43042,1528,49724,26,1456,660,29457,1465,33068,687,62525,California
Yolo,2021-03-21,309,94531,220,43262,83,49807,6,1462,223,29601,85,33153,229,62754,California
Yolo,2021-03-22,1337,95868,457,43719,829,50636,51,1513,863,30045,472,33625,916,63670,California
Yolo,2021-03-23,1696,97564,924,44643,711,51347,61,1574,1037,30485,659,34284,1099,64769,California
Yolo,2021-03-24,2771,100335,1364,46007,1356,52703,51,1625,1377,30534,1384,35668,1433,66202,California
Yolo,2021-03-25,2383,102718,1270,47277,1080,53783,33,1658,1153,30524,1226,36894,1216,67418,California
Yolo,2021-03-26,2323,105041,1186,48463,1116,54899,21,1679,1011,30341,1305,38199,1122,68540,California
Yolo,2021-03-27,1620,106661,446,48909,1156,56055,18,1697,754,30296,864,39063,819,69359,California
Yolo,2021-03-28,1060,107721,820,49729,223,56278,17,1714,271,29815,784,39847,303,69662,California
Yolo,2021-03-29,1903,109624,776,50505,1111,57389,16,1730,935,29812,965,40812,962,70624,California
Yolo,2021-03-30,2177,111801,1032,51537,1121,58510,24,1754,1148,29972,1023,41835,1183,71807,California
Yolo,2021-03-31,2246,114047,1174,52711,1037,59547,35,1789,1157,30101,1088,42923,1217,73024,California
Yolo,2021-04-01,3599,117646,1672,54383,1481,61028,446,2235,1541,30111,2055,44978,2065,75089,California
Yolo,2021-04-02,2256,119902,796,55179,1403,62431,57,2292,1359,30681,894,45872,1464,76553,California
Yolo,2021-04-03,1082,120984,469,55648,407,62838,206,2498,527,30871,554,46426,744,77297,California
Yolo,2021-04-04,141,121125,39,55687,58,62896,44,2542,36,30846,105,46531,80,77377,California
Yuba,2020-12-16,4,4,4,4,0,0,0,0,4,4,0,0,4,4,California
Yuba,2020-12-17,4,8,4,8,0,0,0,0,4,8,0,0,4,8,California
Yuba,2020-12-18,8,16,8,16,0,0,0,0,8,16,0,0,8,16,California
Yuba,2020-12-19,12,28,12,28,0,0,0,0,12,28,0,0,12,28,California
Yuba,2020-12-20,20,48,20,48,0,0,0,0,20,48,0,0,20,48,California
Yuba,2020-12-21,40,88,40,88,0,0,0,0,40,88,0,0,40,88,California
Yuba,2020-12-22,86,174,86,174,0,0,0,0,86,174,0,0,86,174,California
Yuba,2020-12-23,64,238,62,236,2,2,0,0,64,238,0,0,64,238,California
Yuba,2020-12-24,20,258,10,246,10,12,0,0,20,258,0,0,20,258,California
Yuba,2020-12-26,15,273,13,259,2,14,0,0,15,273,0,0,15,273,California
Yuba,2020-12-27,15,288,15,274,0,14,0,0,15,288,0,0,15,288,California
Yuba,2020-12-28,51,339,35,309,16,30,0,0,51,339,0,0,51,339,California
Yuba,2020-12-29,77,416,10,319,67,97,0,0,77,416,0,0,77,416,California
Yuba,2020-12-30,64,480,21,340,43,140,0,0,64,480,0,0,64,480,California
Yuba,2020-12-31,36,516,6,346,30,170,0,0,36,516,0,0,36,516,California
Yuba,2021-01-02,22,538,21,367,1,171,0,0,22,538,0,0,22,538,California
Yuba,2021-01-03,10,548,6,373,4,175,0,0,10,548,0,0,10,548,California
Yuba,2021-01-04,91,639,21,394,70,245,0,0,91,639,0,0,91,639,California
Yuba,2021-01-05,67,706,36,430,31,276,0,0,66,704,1,1,66,705,California
Yuba,2021-01-06,150,856,74,504,76,352,0,0,144,842,6,7,144,849,California
Yuba,2021-01-07,75,931,20,524,55,407,0,0,72,910,4,11,72,921,California
Yuba,2021-01-08,73,1004,24,548,49,456,0,0,66,969,7,18,66,987,California
Yuba,2021-01-09,19,1023,16,564,3,459,0,0,11,972,8,26,11,998,California
Yuba,2021-01-10,116,1139,22,586,94,553,0,0,94,1044,22,48,94,1092,California
Yuba,2021-01-11,72,1211,49,635,23,576,0,0,32,1036,40,88,32,1124,California
Yuba,2021-01-12,109,1320,79,714,30,606,0,0,44,1015,65,153,44,1168,California
Yuba,2021-01-13,119,1439,72,786,47,653,0,0,54,1005,64,217,54,1222,California
Yuba,2021-01-14,109,1548,43,829,66,719,0,0,97,1090,12,229,97,1319,California
Yuba,2021-01-15,201,1749,85,914,116,835,0,0,190,1269,11,240,190,1509,California
Yuba,2021-01-16,184,1933,21,935,163,998,0,0,172,1428,13,253,172,1681,California
Yuba,2021-01-17,13,1946,9,944,4,1002,0,0,7,1429,6,259,7,1688,California
Yuba,2021-01-18,60,2006,32,976,28,1030,0,0,35,1439,25,284,35,1723,California
Yuba,2021-01-19,81,2087,29,1005,52,1082,0,0,66,1490,15,299,66,1789,California
Yuba,2021-01-20,132,2219,86,1091,46,1128,0,0,109,1576,23,322,109,1898,California
Yuba,2021-01-21,213,2432,96,1187,117,1245,0,0,204,1771,9,331,204,2102,California
Yuba,2021-01-22,104,2536,6,1193,98,1343,0,0,95,1857,9,340,95,2197,California
Yuba,2021-01-23,201,2737,7,1200,194,1537,0,0,198,2052,3,343,198,2395,California
Yuba,2021-01-24,8,2745,6,1206,2,1539,0,0,6,2056,2,345,6,2401,California
Yuba,2021-01-25,83,2828,28,1234,55,1594,0,0,52,2078,30,375,52,2453,California
Yuba,2021-01-26,146,2974,38,1272,108,1702,0,0,91,2114,55,430,91,2544,California
Yuba,2021-01-27,181,3155,128,1400,53,1755,0,0,114,2161,67,497,114,2658,California
Yuba,2021-01-28,211,3366,78,1478,133,1888,0,0,171,2292,40,537,171,2829,California
Yuba,2021-01-29,154,3520,54,1532,100,1988,0,0,108,2354,46,583,108,2937,California
Yuba,2021-01-30,410,3930,23,1555,387,2375,0,0,399,2742,11,594,399,3336,California
Yuba,2021-01-31,17,3947,12,1567,5,2380,0,0,15,2755,2,596,15,3351,California
Yuba,2021-02-01,149,4096,72,1639,77,2457,0,0,129,2865,19,615,129,3480,California
Yuba,2021-02-02,122,4218,22,1661,100,2557,0,0,100,2943,22,637,100,3580,California
Yuba,2021-02-03,225,4443,29,1690,196,2753,0,0,112,2943,112,749,112,3692,California
Yuba,2021-02-04,295,4738,122,1812,173,2926,0,0,253,3154,42,791,253,3945,California
Yuba,2021-02-05,147,4885,31,1843,116,3042,0,0,71,3149,76,867,71,4016,California
Yuba,2021-02-06,448,5333,25,1868,423,3465,0,0,440,3581,8,875,440,4456,California
Yuba,2021-02-07,18,5351,11,1879,7,3472,0,0,15,3593,3,878,15,4471,California
Yuba,2021-02-08,97,5448,35,1914,62,3534,0,0,67,3630,30,908,67,4538,California
Yuba,2021-02-09,152,5600,54,1968,98,3632,0,0,85,3648,67,975,85,4623,California
Yuba,2021-02-10,346,5946,172,2140,174,3806,0,0,114,3531,231,1206,114,4737,California
Yuba,2021-02-11,399,6345,62,2202,337,4143,0,0,303,3740,94,1300,303,5040,California
Yuba,2021-02-12,262,6607,26,2228,236,4379,0,0,150,3778,112,1412,150,5190,California
Yuba,2021-02-13,439,7046,35,2263,404,4783,0,0,391,4121,48,1460,391,5581,California
Yuba,2021-02-14,53,7099,11,2274,42,4825,0,0,49,4166,4,1464,49,5630,California
Yuba,2021-02-15,91,7190,38,2312,53,4878,0,0,71,4217,20,1484,71,5701,California
Yuba,2021-02-16,196,7386,47,2359,149,5027,0,0,137,4295,59,1543,137,5838,California
Yuba,2021-02-17,369,7755,155,2514,214,5241,0,0,96,4118,273,1816,96,5934,California
Yuba,2021-02-18,306,8061,32,2546,274,5515,0,0,181,4174,125,1941,181,6115,California
Yuba,2021-02-19,214,8275,76,2622,138,5653,0,0,132,4224,82,2023,132,6247,California
Yuba,2021-02-20,380,8655,29,2651,351,6004,0,0,328,4500,52,2075,328,6575,California
Yuba,2021-02-21,18,8673,15,2666,3,6007,0,0,8,4498,10,2085,8,6583,California
Yuba,2021-02-22,126,8799,79,2745,47,6054,0,0,39,4451,86,2171,39,6622,California
Yuba,2021-02-23,112,8911,24,2769,88,6142,0,0,45,4430,66,2237,45,6667,California
Yuba,2021-02-24,473,9384,136,2905,337,6479,0,0,100,4157,373,2610,100,6767,California
Yuba,2021-02-25,322,9706,127,3032,195,6674,0,0,197,4229,125,2735,197,6964,California
Yuba,2021-02-26,249,9955,64,3096,185,6859,0,0,136,4254,111,2846,136,7100,California
Yuba,2021-02-27,467,10422,43,3139,424,7283,0,0,383,4554,83,2929,383,7483,California
Yuba,2021-02-28,66,10488,24,3163,42,7325,0,0,45,4578,21,2950,45,7528,California
Yuba,2021-03-01,151,10639,39,3202,112,7437,0,0,76,4580,74,3024,76,7604,California
Yuba,2021-03-02,150,10789,35,3237,115,7552,0,0,75,4580,75,3099,75,7679,California
Yuba,2021-03-03,612,11401,152,3389,460,8012,0,0,196,4361,415,3514,196,7875,California
Yuba,2021-03-04,461,11862,271,3660,190,8202,0,0,323,4547,137,3651,323,8198,California
Yuba,2021-03-05,287,12149,49,3709,237,8439,1,1,227,4715,60,3711,228,8426,California
Yuba,2021-03-06,273,12422,28,3737,239,8678,6,7,179,4799,101,3812,185,8611,California
Yuba,2021-03-07,50,12472,28,3765,22,8700,0,7,34,4817,16,3828,34,8645,California
Yuba,2021-03-08,158,12630,55,3820,89,8789,14,21,100,4873,58,3886,114,8759,California
Yuba,2021-03-09,172,12802,47,3867,106,8895,19,40,81,4882,91,3977,100,8859,California
Yuba,2021-03-10,705,13507,222,4089,467,9362,16,56,216,4626,488,4465,232,9091,California
Yuba,2021-03-11,385,13892,167,4256,207,9569,11,67,257,4766,128,4593,268,9359,California
Yuba,2021-03-12,385,14277,57,4313,281,9850,47,114,108,4645,277,4870,156,9515,California
Yuba,2021-03-13,442,14719,337,4650,92,9942,13,127,367,4950,75,4945,380,9895,California
Yuba,2021-03-14,82,14801,19,4669,53,9995,10,137,41,4960,41,4986,51,9946,California
Yuba,2021-03-15,189,14990,47,4716,124,10119,18,155,94,4977,95,5081,112,10058,California
Yuba,2021-03-16,241,15231,72,4788,147,10266,22,177,139,5037,101,5182,161,10219,California
Yuba,2021-03-17,699,15930,147,4935,523,10789,29,206,165,4699,532,5714,194,10413,California
Yuba,2021-03-18,439,16369,111,5046,238,11027,90,296,265,4881,174,5888,356,10769,California
Yuba,2021-03-19,250,16619,90,5136,123,11150,37,333,138,4944,112,6000,175,10944,California
Yuba,2021-03-20,460,17079,57,5193,396,11546,7,340,407,5306,52,6052,414,11358,California
Yuba,2021-03-21,62,17141,39,5232,23,11569,0,340,48,5340,14,6066,48,11406,California
Yuba,2021-03-22,182,17323,69,5301,106,11675,7,347,140,5445,42,6108,147,11553,California
Yuba,2021-03-23,212,17535,69,5370,121,11796,22,369,144,5544,67,6175,166,11719,California
Yuba,2021-03-24,724,18259,244,5614,411,12207,69,438,178,5247,544,6719,247,11966,California
Yuba,2021-03-25,456,18715,259,5873,172,12379,25,463,213,5242,243,6962,238,12204,California
Yuba,2021-03-26,355,19070,130,6003,204,12583,21,484,209,5329,145,7107,232,12436,California
Yuba,2021-03-27,444,19514,22,6025,421,13004,1,485,394,5676,50,7157,397,12833,California
Yuba,2021-03-28,94,19608,38,6063,53,13057,3,488,35,5655,59,7216,38,12871,California
Yuba,2021-03-29,283,19891,86,6149,169,13226,28,516,175,5750,108,7324,203,13074,California
Yuba,2021-03-30,252,20143,62,6211,182,13408,8,524,179,5863,73,7397,186,13260,California
Yuba,2021-03-31,658,20801,113,6324,534,13942,11,535,236,5822,422,7819,381,13641,California
Yuba,2021-04-01,529,21330,281,6605,220,14162,28,563,209,5747,320,8139,245,13886,California
Yuba,2021-04-02,437,21767,78,6683,288,14450,71,634,162,5720,275,8414,248,14134,California
Yuba,2021-04-03,583,22350,40,6723,109,14559,434,1068,75,5727,507,8921,514,14648,California
Yuba,2021-04-04,8,22358,4,6727,4,14563,0,1068,2,5723,6,8927,2,14650,California
