county,administered_date,total_doses,cumulative_total_doses,pfizer_doses,cumulative_pfizer_doses,moderna_doses,cumulative_moderna_doses,jj_doses,cumulative_jj_doses,partially_vaccinated,total_partially_vaccinated,fully_vaccinated,cumulative_fully_vaccinated,at_least_one_dose,cumulative_at_least_one_dose,california_flag
All CA Counties,2020-12-15,1127,1127,1127,1127,0,0,0,0,1127,1127,0,0,1127,1127,
All CA Counties,2020-12-16,8231,9358,8231,9358,0,0,0,0,8231,9358,0,0,8231,9358,
All CA Counties,2020-12-17,25842,35200,25842,35200,0,0,0,0,25878,35236,0,0,25878,35236,
All CA Counties,2020-12-18,43934,79134,43856,79056,78,78,0,0,43984,79219,1,1,43984,79220,
All CA Counties,2020-12-19,25373,104507,25353,104409,20,98,0,0,25371,104588,2,3,25371,104591,
All CA Counties,2020-12-20,18940,123447,18913,123322,27,125,0,0,18939,123526,1,4,18939,123530,
All CA Counties,2020-12-21,49519,172966,49436,172758,83,208,0,0,49558,173082,2,6,49558,173088,
All CA Counties,2020-12-22,49887,222853,47747,220505,2140,2348,0,0,49887,222969,0,6,49887,222975,
All CA Counties,2020-12-23,50121,272974,41438,261943,8683,11031,0,0,50117,273086,0,6,50117,273092,
All CA Counties,2020-12-24,23948,296922,16276,278219,7672,18703,0,0,23944,297028,2,8,23944,297036,
All CA Counties,2020-12-25,2303,299225,1984,280203,319,19022,0,0,2302,299329,1,9,2302,299338,
All CA Counties,2020-12-26,14563,313788,9396,289599,5167,24189,0,0,14561,313889,1,10,14561,313899,
All CA Counties,2020-12-27,9323,323111,5538,295137,3785,27974,0,0,9322,323210,1,11,9322,323221,
All CA Counties,2020-12-28,45483,368594,29148,324285,16335,44309,0,0,45480,368688,2,13,45480,368701,
All CA Counties,2020-12-29,50849,419443,28450,352735,22399,66708,0,0,50845,419530,3,16,50845,419546,
All CA Counties,2020-12-30,62672,482115,35498,388233,27174,93882,0,0,62665,482193,2,18,62665,482211,
All CA Counties,2020-12-31,29057,511172,10714,398947,18343,112225,0,0,29051,511240,4,22,29051,511262,
All CA Counties,2021-01-01,3640,514812,1596,400543,2044,114269,0,0,3637,514876,1,23,3637,514899,
All CA Counties,2021-01-02,18314,533126,10151,410694,8163,122432,0,0,18313,533189,0,23,18313,533212,
All CA Counties,2021-01-03,6069,539195,3437,414131,2632,125064,0,0,6043,539220,12,35,6043,539255,
All CA Counties,2021-01-04,43146,582341,21818,435949,21328,146392,0,0,43064,582236,48,83,43064,582319,
All CA Counties,2021-01-05,55994,638335,29538,465487,26456,172848,0,0,50568,627475,5360,5443,50599,632918,
All CA Counties,2021-01-06,72671,711006,40285,505772,32386,205234,0,0,57371,669762,15114,20557,57401,690319,
All CA Counties,2021-01-07,91156,802162,51797,557569,39359,244593,0,0,60820,700468,30183,50740,60889,751208,
All CA Counties,2021-01-08,105970,908132,64018,621587,41952,286545,0,0,64888,724476,40952,91692,64960,816168,
All CA Counties,2021-01-09,43506,951638,25038,646625,18468,305013,0,0,27445,735910,16040,107732,27474,843642,
All CA Counties,2021-01-10,23992,975630,14646,661271,9346,314359,0,0,12905,737762,11071,118803,12923,856565,
All CA Counties,2021-01-11,102990,1078620,68329,729600,34661,349020,0,0,60001,754882,42954,161757,60074,916639,
All CA Counties,2021-01-12,111964,1190584,66146,795746,45818,394838,0,0,71199,785543,40695,202452,71356,987995,
All CA Counties,2021-01-13,118105,1308689,61197,856943,56908,451746,0,0,84600,836815,33417,235869,84689,1072684,
All CA Counties,2021-01-14,122355,1431044,49056,905999,73299,525045,0,0,103011,920718,19235,255104,103138,1175822,
All CA Counties,2021-01-15,141187,1572231,52371,958370,88816,613861,0,0,125939,1031684,15142,270246,126108,1301930,
All CA Counties,2021-01-16,80665,1652896,27560,985930,53105,666966,0,0,73001,1097084,7642,277888,73042,1374972,
All CA Counties,2021-01-17,48039,1700935,16704,1002634,31335,698301,0,0,44439,1137962,3594,281482,44472,1419444,
All CA Counties,2021-01-18,87686,1788621,45655,1048289,42031,740332,0,0,68444,1187367,19168,300650,68573,1488017,
All CA Counties,2021-01-19,140431,1929052,73043,1121332,67388,807720,0,0,109532,1266427,30812,331462,109872,1597889,
All CA Counties,2021-01-20,157411,2086463,79793,1201125,77618,885338,0,0,124519,1358439,32727,364189,124739,1722628,
All CA Counties,2021-01-21,171340,2257803,75950,1277075,95390,980728,0,0,152565,1492717,18576,382765,152854,1875482,
All CA Counties,2021-01-22,168217,2426020,68757,1345832,99460,1080188,0,0,153923,1632591,14173,396938,154047,2029529,
All CA Counties,2021-01-23,110651,2536671,49236,1395068,61415,1141603,0,0,98252,1718579,12344,409282,98332,2127861,
All CA Counties,2021-01-24,60694,2597365,29284,1424352,31410,1173013,0,0,56039,1770026,4628,413910,56075,2183936,
All CA Counties,2021-01-25,142951,2740316,64446,1488798,78505,1251518,0,0,108589,1844800,34257,448167,109031,2292967,
All CA Counties,2021-01-26,166220,2906536,81608,1570406,84612,1336130,0,0,129295,1937584,36781,484948,129565,2422532,
All CA Counties,2021-01-27,177463,3083999,86667,1657073,90796,1426926,0,0,138968,2038578,38111,523059,139105,2561637,
All CA Counties,2021-01-28,185387,3269386,85046,1742119,100341,1527267,0,0,151840,2157338,33245,556304,152005,2713642,
All CA Counties,2021-01-29,181381,3450767,87051,1829170,94330,1621597,0,0,147408,2271472,33413,589717,147547,2861189,
All CA Counties,2021-01-30,121620,3572387,53982,1883152,67638,1689235,0,0,107478,2365089,13996,603713,107613,2968802,
All CA Counties,2021-01-31,69672,3642059,39443,1922595,30229,1719464,0,0,63674,2422883,5927,609640,63721,3032523,
All CA Counties,2021-02-01,156794,3798853,71873,1994468,84921,1804385,0,0,118922,2504294,37734,647374,119145,3151668,
All CA Counties,2021-02-02,183264,3982117,78361,2072829,104903,1909288,0,0,137839,2597236,45164,692538,138106,3289774,
All CA Counties,2021-02-03,208213,4190330,93714,2166543,114499,2023787,0,0,154968,2699635,52791,745329,155190,3444964,
All CA Counties,2021-02-04,225687,4416017,98837,2265380,126850,2150637,0,0,165617,2806016,59544,804873,165925,3610889,
All CA Counties,2021-02-05,244094,4660111,105725,2371105,138369,2289006,0,0,166225,2895674,77117,881990,166775,3777664,
All CA Counties,2021-02-06,153767,4813878,74202,2445307,79565,2368571,0,0,119376,2981278,34229,916219,119833,3897497,
All CA Counties,2021-02-07,65547,4879425,42201,2487508,23346,2391917,0,0,49262,3014796,16205,932424,49723,3947220,
All CA Counties,2021-02-08,178670,5058095,87529,2575037,91141,2483058,0,0,118004,3073246,60259,992683,118709,4065929,
All CA Counties,2021-02-09,208421,5266516,100812,2675849,107609,2590667,0,0,125006,3116278,83090,1075773,126122,4192051,
All CA Counties,2021-02-10,245645,5512161,118813,2794662,126832,2717499,0,0,137002,3146796,107891,1183664,138409,4330460,
All CA Counties,2021-02-11,259828,5771989,128774,2923436,131054,2848553,0,0,142393,3174528,116449,1300113,144181,4474641,
All CA Counties,2021-02-12,269287,6041276,117879,3041315,151408,2999961,0,0,145624,3199487,122979,1423092,147938,4622579,
All CA Counties,2021-02-13,164875,6206151,75857,3117172,89018,3088979,0,0,90950,3218859,73539,1496631,92911,4715490,
All CA Counties,2021-02-14,94086,6300237,46644,3163816,47442,3136421,0,0,50890,3228281,43068,1539699,52490,4767980,
All CA Counties,2021-02-15,139965,6440202,61567,3225383,78398,3214819,0,0,77509,3246765,62145,1601844,80629,4848609,
All CA Counties,2021-02-16,245143,6685345,116578,3341961,128565,3343384,0,0,131626,3268437,113199,1715043,134871,4983480,
All CA Counties,2021-02-17,254149,6939494,126528,3468489,127621,3471005,0,0,127219,3272465,126486,1841529,130514,5113994,
All CA Counties,2021-02-18,267460,7206954,139372,3607861,128088,3599093,0,0,130005,3269948,136818,1978347,134301,5248295,
All CA Counties,2021-02-19,248566,7455520,144381,3752242,104185,3703278,0,0,129414,3282960,118747,2097094,131759,5380054,
All CA Counties,2021-02-20,149261,7604781,95911,3848153,53350,3756628,0,0,82551,3301048,66507,2163601,84595,5464649,
All CA Counties,2021-02-21,68264,7673045,54662,3902815,13602,3770230,0,0,34238,3302805,33867,2197468,35624,5500273,
All CA Counties,2021-02-22,160881,7833926,107902,4010717,52979,3823209,0,0,81989,3307937,78623,2276091,83755,5584028,
All CA Counties,2021-02-23,218824,8052750,115606,4126323,103218,3926427,0,0,102805,3301272,115550,2391641,108885,5692913,
All CA Counties,2021-02-24,278576,8331326,140704,4267027,137872,4064299,0,0,134529,3300037,143541,2535182,142306,5835219,
All CA Counties,2021-02-25,312004,8643330,153420,4420447,158584,4222883,0,0,163995,3325442,147415,2682597,172820,6008039,
All CA Counties,2021-02-26,345710,8989040,161770,4582217,183940,4406823,0,0,193430,3374915,151502,2834099,200975,6209014,
All CA Counties,2021-02-27,243747,9232787,116022,4698239,127719,4534542,6,6,137990,3412307,105265,2939364,142657,6351671,
All CA Counties,2021-02-28,127886,9360673,76185,4774424,51700,4586242,1,7,75845,3439350,51768,2991132,78811,6430482,
All CA Counties,2021-03-01,232314,9592987,123021,4897445,109276,4695518,17,24,134678,3481080,97118,3088250,138848,6569330,
All CA Counties,2021-03-02,261715,9854702,127915,5025360,133790,4829308,10,34,158611,3544193,102681,3190931,165794,6735124,
All CA Counties,2021-03-03,306863,10161565,152034,5177394,154806,4984114,23,57,173385,3592140,132893,3323824,180840,6915964,
All CA Counties,2021-03-04,311907,10473472,157846,5335240,153990,5138104,71,128,183385,3654726,127944,3451768,190530,7106494,
All CA Counties,2021-03-05,293057,10766529,144766,5480006,147243,5285347,1048,1176,182331,3735416,110063,3561831,190753,7297247,
All CA Counties,2021-03-06,226221,10992750,117374,5597380,101453,5386800,7394,8570,141925,3805661,83963,3645794,154208,7451455,
All CA Counties,2021-03-07,119470,11112220,73514,5670894,42059,5428859,3897,12467,76048,3846156,43282,3689076,83777,7535232,
All CA Counties,2021-03-08,202485,11314705,98421,5769315,94758,5523617,9306,21773,131987,3922253,70234,3759310,146331,7681563,
All CA Counties,2021-03-09,251549,11566254,108481,5877796,127878,5651495,15190,36963,137690,3965889,113505,3872815,157141,7838704,
All CA Counties,2021-03-10,292421,11858675,145090,6022886,125932,5777427,21399,58362,157614,4014993,134313,4007128,183417,8022121,
All CA Counties,2021-03-11,343667,12202342,164137,6187023,150726,5928153,28804,87166,176711,4058867,166263,4173391,210137,8232258,
All CA Counties,2021-03-12,340449,12542791,152469,6339492,148151,6076304,39829,126995,165203,4093622,174686,4348077,209441,8441699,
All CA Counties,2021-03-13,238597,12781388,108645,6448137,102288,6178592,27664,154659,127594,4142827,110684,4458761,159889,8601588,
All CA Counties,2021-03-14,132953,12914341,74872,6523009,43800,6222392,14281,168940,72737,4172180,60024,4518785,89377,8690965,
All CA Counties,2021-03-15,281284,13195625,133994,6657003,127367,6349759,19923,188863,154808,4224625,125919,4644704,178364,8869329,
All CA Counties,2021-03-16,356594,13552219,169439,6826442,170450,6520209,16705,205568,210152,4309023,145818,4790522,230216,9099545,
All CA Counties,2021-03-17,359168,13911387,181081,7007523,161105,6681314,16982,222550,222126,4414530,136430,4926952,241937,9341482,
All CA Counties,2021-03-18,330055,14241442,170465,7177988,144099,6825413,15491,238041,196523,4496078,132747,5059699,214295,9555777,
All CA Counties,2021-03-19,339941,14581383,180335,7358323,142070,6967483,17536,255577,199502,4575374,139751,5199450,219047,9774824,
All CA Counties,2021-03-20,220652,14802035,110499,7468822,98439,7065922,11714,267291,146108,4660552,74105,5273555,159283,9934107,
All CA Counties,2021-03-21,137838,14939873,94439,7563261,36133,7102055,7266,274557,90247,4712211,47377,5320932,99036,10033143,
All CA Counties,2021-03-22,264291,15204164,154260,7717521,99397,7201452,10634,285191,176818,4816110,86919,5407851,190818,10223961,
All CA Counties,2021-03-23,343882,15548046,189807,7907328,144049,7345501,10026,295217,225561,4937247,117577,5525428,238714,10462675,
All CA Counties,2021-03-24,372379,15920425,214276,8121604,146650,7492151,11453,306670,224110,5029629,147385,5672813,239767,10702442,
All CA Counties,2021-03-25,395562,16315987,217685,8339289,165048,7657199,12829,319499,230850,5116573,163701,5836514,250645,10953087,
All CA Counties,2021-03-26,413251,16729238,219173,8558462,178888,7836087,15190,334689,231234,5191923,181086,6017600,256436,11209523,
All CA Counties,2021-03-27,294197,17023435,154913,8713375,128795,7964882,10489,345178,151142,5218253,142433,6160033,168763,11378286,
All CA Counties,2021-03-28,161548,17184983,103431,8816806,54881,8019763,3236,348414,88974,5240642,72331,6232364,94720,11473006,
All CA Counties,2021-03-29,293538,17478521,158124,8974930,127433,8147196,7981,356395,170379,5300515,122586,6354950,182459,11655465,
All CA Counties,2021-03-30,372816,17851337,190910,9165840,167327,8314523,14579,370974,234229,5415244,138053,6493003,252782,11908247,
All CA Counties,2021-03-31,394135,18245472,216690,9382530,158122,8472645,19323,390297,233736,5514549,159672,6652675,258977,12167224,
All CA Counties,2021-04-01,431602,18677074,224747,9607277,174095,8646740,32760,423057,247806,5622440,183085,6835760,290976,12458200,
All CA Counties,2021-04-02,275926,18953000,137663,9744940,109087,8755827,29176,452233,152512,5691021,122892,6958652,191473,12649673,
All CA and Non-CA Counties,2020-12-15,1134,1134,1134,1134,0,0,0,0,1134,1134,0,0,1134,1134,
All CA and Non-CA Counties,2020-12-16,8364,9498,8364,9498,0,0,0,0,8364,9498,0,0,8364,9498,
All CA and Non-CA Counties,2020-12-17,27411,36909,27411,36909,0,0,0,0,27411,36909,0,0,27411,36909,
All CA and Non-CA Counties,2020-12-18,46384,83293,46302,83211,82,82,0,0,46383,83291,1,1,46383,83292,
All CA and Non-CA Counties,2020-12-19,26379,109672,26358,109569,21,103,0,0,26377,109666,2,3,26377,109669,
All CA and Non-CA Counties,2020-12-20,19590,129262,19562,129131,28,131,0,0,19589,129254,1,4,19589,129258,
All CA and Non-CA Counties,2020-12-21,51656,180918,51573,180704,83,214,0,0,51653,180905,2,6,51653,180911,
All CA and Non-CA Counties,2020-12-22,51845,232763,49672,230376,2173,2387,0,0,51845,232750,0,6,51845,232756,
All CA and Non-CA Counties,2020-12-23,51547,284310,42751,273127,8796,11183,0,0,51543,284293,0,6,51543,284299,
All CA and Non-CA Counties,2020-12-24,24757,309067,16891,290018,7866,19049,0,0,24753,309044,2,8,24753,309052,
All CA and Non-CA Counties,2020-12-25,2336,311403,2013,292031,323,19372,0,0,2335,311378,1,9,2335,311387,
All CA and Non-CA Counties,2020-12-26,14873,326276,9601,301632,5272,24644,0,0,14871,326248,1,10,14871,326258,
All CA and Non-CA Counties,2020-12-27,9513,335789,5610,307242,3903,28547,0,0,9512,335759,1,11,9512,335770,
All CA and Non-CA Counties,2020-12-28,46886,382675,30034,337276,16852,45399,0,0,46883,382640,2,13,46883,382653,
All CA and Non-CA Counties,2020-12-29,52314,434989,29391,366667,22923,68322,0,0,52310,434947,3,16,52310,434963,
All CA and Non-CA Counties,2020-12-30,64585,499574,36750,403417,27835,96157,0,0,64579,499524,2,18,64579,499542,
All CA and Non-CA Counties,2020-12-31,30128,529702,11304,414721,18824,114981,0,0,30121,529641,4,22,30121,529663,
All CA and Non-CA Counties,2021-01-01,3746,533448,1617,416338,2129,117110,0,0,3743,533383,1,23,3743,533406,
All CA and Non-CA Counties,2021-01-02,18557,552005,10287,426625,8270,125380,0,0,18555,551937,1,24,18555,551961,
All CA and Non-CA Counties,2021-01-03,6247,558252,3534,430159,2713,128093,0,0,6221,558146,12,36,6221,558182,
All CA and Non-CA Counties,2021-01-04,44277,602529,22324,452483,21953,150046,0,0,44189,602286,49,85,44189,602371,
All CA and Non-CA Counties,2021-01-05,57448,659977,30299,482782,27149,177195,0,0,51884,648705,5496,5581,51915,654286,
All CA and Non-CA Counties,2021-01-06,75250,735227,41822,524604,33428,210623,0,0,59274,692213,15797,21378,59305,713591,
All CA and Non-CA Counties,2021-01-07,95328,830555,54386,578990,40942,251565,0,0,63353,723824,31821,53199,63432,777023,
All CA and Non-CA Counties,2021-01-08,110259,940814,66728,645718,43531,295096,0,0,67431,748646,42689,95888,67511,844534,
All CA and Non-CA Counties,2021-01-09,44851,985665,25582,671300,19269,314365,0,0,28461,760770,16368,112256,28492,873026,
All CA and Non-CA Counties,2021-01-10,24287,1009952,14825,686125,9462,323827,0,0,13079,762675,11192,123448,13097,886123,
All CA and Non-CA Counties,2021-01-11,106275,1116227,70303,756428,35972,359799,0,0,61969,780446,44272,167720,62043,948166,
All CA and Non-CA Counties,2021-01-12,115789,1232016,68422,824850,47367,407166,0,0,73534,811960,42180,209900,73694,1021860,
All CA and Non-CA Counties,2021-01-13,121684,1353700,62959,887809,58725,465891,0,0,87056,864564,34546,244446,87150,1109010,
All CA and Non-CA Counties,2021-01-14,126080,1479780,50300,938109,75780,541671,0,0,106123,950973,19846,264292,106255,1215265,
All CA and Non-CA Counties,2021-01-15,145287,1625067,53309,991418,91978,633649,0,0,129595,1065159,15584,279876,129770,1345035,
All CA and Non-CA Counties,2021-01-16,83243,1708310,27911,1019329,55332,688981,0,0,75417,1132816,7801,287677,75458,1420493,
All CA and Non-CA Counties,2021-01-17,48496,1756806,16850,1036179,31646,720627,0,0,44840,1174040,3649,291326,44873,1465366,
All CA and Non-CA Counties,2021-01-18,88861,1845667,46463,1082642,42398,763025,0,0,69145,1223674,19641,310967,69275,1534641,
All CA and Non-CA Counties,2021-01-19,144450,1990117,74356,1156998,70094,833119,0,0,112705,1305063,31657,342624,113046,1647687,
All CA and Non-CA Counties,2021-01-20,161831,2151948,81204,1238202,80627,913746,0,0,128020,1399662,33643,376267,128242,1775929,
All CA and Non-CA Counties,2021-01-21,175406,2327354,76986,1315188,98420,1012166,0,0,156114,1536988,19080,395347,156406,1932335,
All CA and Non-CA Counties,2021-01-22,172819,2500173,69801,1384989,103018,1115184,0,0,158120,1680662,14572,409919,158246,2090581,
All CA and Non-CA Counties,2021-01-23,112909,2613082,49568,1434557,63341,1178525,0,0,100341,1768571,12512,422431,100421,2191002,
All CA and Non-CA Counties,2021-01-24,61407,2674489,29625,1464182,31782,1210307,0,0,56670,1820566,4711,427142,56706,2247708,
All CA and Non-CA Counties,2021-01-25,147409,2821898,66403,1530585,81006,1291313,0,0,112213,1898124,35104,462246,112662,2360370,
All CA and Non-CA Counties,2021-01-26,172468,2994366,84866,1615451,87602,1378915,0,0,134745,1995550,37601,499847,135027,2495397,
All CA and Non-CA Counties,2021-01-27,182481,3176847,89657,1705108,92824,1471739,0,0,143442,2100455,38676,538523,143581,2638978,
All CA and Non-CA Counties,2021-01-28,190665,3367512,88178,1793286,102487,1574226,0,0,156632,2223500,33752,572275,156797,2795775,
All CA and Non-CA Counties,2021-01-29,186148,3553660,90156,1883442,95992,1670218,0,0,151474,2340989,34124,606399,151613,2947388,
All CA and Non-CA Counties,2021-01-30,125813,3679473,56495,1939937,69318,1739536,0,0,111459,2438370,14213,620612,111594,3058982,
All CA and Non-CA Counties,2021-01-31,73136,3752609,42619,1982556,30517,1770053,0,0,67059,2499473,6006,626618,67109,3126091,
All CA and Non-CA Counties,2021-02-01,162640,3915249,74830,2057386,87810,1857863,0,0,124112,2585420,38390,665008,124337,3250428,
All CA and Non-CA Counties,2021-02-02,190617,4105866,81161,2138547,109456,1967319,0,0,144483,2684312,45862,710870,144754,3395182,
All CA and Non-CA Counties,2021-02-03,216155,4322021,96555,2235102,119600,2086919,0,0,162095,2793036,53595,764465,162319,3557501,
All CA and Non-CA Counties,2021-02-04,232921,4554942,101623,2336725,131298,2218217,0,0,171913,2904789,60471,824936,172224,3729725,
All CA and Non-CA Counties,2021-02-05,250690,4805632,107895,2444620,142795,2361012,0,0,171832,2999057,78114,903050,172382,3902107,
All CA and Non-CA Counties,2021-02-06,158268,4963900,76551,2521171,81717,2442729,0,0,123447,3088310,34653,937703,123906,4026013,
All CA and Non-CA Counties,2021-02-07,68420,5032320,44621,2565792,23799,2466528,0,0,52055,3124544,16285,953988,52519,4078532,
All CA and Non-CA Counties,2021-02-08,184531,5216851,91346,2657138,93185,2559713,0,0,122754,3186651,61355,1015343,123462,4201994,
All CA and Non-CA Counties,2021-02-09,213204,5430055,103120,2760258,110084,2669797,0,0,128470,3231857,84394,1099737,129600,4331594,
All CA and Non-CA Counties,2021-02-10,251581,5681636,121031,2881289,130550,2800347,0,0,140571,3263634,110250,1209987,142027,4473621,
All CA and Non-CA Counties,2021-02-11,264715,5946351,130943,3012232,133772,2934119,0,0,146078,3293875,117644,1327631,147885,4621506,
All CA and Non-CA Counties,2021-02-12,273939,6220290,119522,3131754,154417,3088536,0,0,148616,3320178,124635,1452266,150938,4772444,
All CA and Non-CA Counties,2021-02-13,167166,6387456,76489,3208243,90677,3179213,0,0,92784,3340943,73991,1526257,94756,4867200,
All CA and Non-CA Counties,2021-02-14,95554,6483010,47109,3255352,48445,3227658,0,0,52077,3351312,43344,1569601,53713,4920913,
All CA and Non-CA Counties,2021-02-15,142521,6625531,63161,3318513,79360,3307018,0,0,78698,3369673,63495,1633096,81856,5002769,
All CA and Non-CA Counties,2021-02-16,251571,6877102,119544,3438057,132027,3439045,0,0,134183,3390052,117064,1750160,137443,5140212,
All CA and Non-CA Counties,2021-02-17,259943,7137045,129398,3567455,130545,3569590,0,0,128976,3391814,130515,1880675,132277,5272489,
All CA and Non-CA Counties,2021-02-18,273680,7410725,143050,3710505,130630,3700220,0,0,131890,3386868,141139,2021814,136193,5408682,
All CA and Non-CA Counties,2021-02-19,253945,7664670,148131,3858636,105814,3806034,0,0,131423,3398523,122117,2143931,133772,5542454,
All CA and Non-CA Counties,2021-02-20,152482,7817152,98606,3957242,53876,3859910,0,0,83717,3415728,68558,2212489,85763,5628217,
All CA and Non-CA Counties,2021-02-21,70078,7887230,56266,4013508,13812,3873722,0,0,34855,3416905,35064,2247553,36241,5664458,
All CA and Non-CA Counties,2021-02-22,163626,8050856,109828,4123336,53798,3927520,0,0,82979,3421278,80379,2327932,84752,5749210,
All CA and Non-CA Counties,2021-02-23,223957,8274813,118178,4241514,105779,4033299,0,0,104398,3412679,119087,2447019,110488,5859698,
All CA and Non-CA Counties,2021-02-24,283957,8558770,143392,4384906,140565,4173864,0,0,136126,3409266,147322,2594341,143909,6003607,
All CA and Non-CA Counties,2021-02-25,317910,8876680,156030,4540936,161880,4335744,0,0,166171,3433146,151125,2745466,175005,6178612,
All CA and Non-CA Counties,2021-02-26,351843,9228523,164862,4705798,186981,4522725,0,0,196016,3481741,154971,2900437,203566,6382178,
All CA and Non-CA Counties,2021-02-27,248364,9476887,118338,4824136,130019,4652744,7,7,139295,3517143,108564,3009001,143966,6526144,
All CA and Non-CA Counties,2021-02-28,130621,9607508,78269,4902405,52351,4705095,1,8,76944,3543656,53400,3062401,79913,6606057,
All CA and Non-CA Counties,2021-03-01,236966,9844474,126105,5028510,110844,4815939,17,25,135944,3583288,100494,3162895,140126,6746183,
All CA and Non-CA Counties,2021-03-02,267862,10112336,129983,5158493,137869,4953808,10,35,160424,3643967,107019,3269914,167698,6913881,
All CA and Non-CA Counties,2021-03-03,313789,10426125,154368,5312861,159397,5113205,24,59,175262,3688741,137953,3407867,182727,7096608,
All CA and Non-CA Counties,2021-03-04,318188,10744313,160341,5473202,157775,5270980,72,131,185453,3749217,132143,3540010,192619,7289227,
All CA and Non-CA Counties,2021-03-05,297563,11041876,146709,5619911,149790,5420770,1064,1195,184666,3830092,112243,3652253,193118,7482345,
All CA and Non-CA Counties,2021-03-06,230535,11272411,119197,5739108,103772,5524542,7566,8761,144088,3900605,86110,3738363,156623,7638968,
All CA and Non-CA Counties,2021-03-07,121148,11393559,74575,5813683,42610,5567152,3963,12724,77086,3941589,43922,3782285,84906,7723874,
All CA and Non-CA Counties,2021-03-08,205428,11598987,100151,5913834,95711,5662863,9566,22290,134130,4019318,71006,3853291,148735,7872609,
All CA and Non-CA Counties,2021-03-09,255431,11854418,110168,6024002,129733,5792596,15530,37820,139871,4063800,115202,3968493,159684,8032293,
All CA and Non-CA Counties,2021-03-10,296368,12150786,146799,6170801,127638,5920234,21931,59751,159905,4114136,135959,4104452,186295,8218588,
All CA and Non-CA Counties,2021-03-11,349430,12500216,166879,6337680,152984,6073218,29567,89318,179704,4159036,169035,4273487,213935,8432523,
All CA and Non-CA Counties,2021-03-12,345739,12845955,155272,6492952,149838,6223056,40629,129947,168087,4195175,177086,4450573,213225,8645748,
All CA and Non-CA Counties,2021-03-13,241792,13087747,110402,6603354,103138,6326194,28252,158199,129660,4245915,111808,4562381,162548,8808296,
All CA and Non-CA Counties,2021-03-14,134835,13222582,75895,6679249,44287,6370481,14653,172852,73922,4276138,60721,4623102,90944,8899240,
All CA and Non-CA Counties,2021-03-15,285227,13507809,135780,6815029,129090,6499571,20357,193209,157299,4330116,127365,4750467,181343,9080583,
All CA and Non-CA Counties,2021-03-16,363441,13871250,172825,6987854,173505,6673076,17111,210320,214285,4416385,148529,4898996,234798,9315381,
All CA and Non-CA Counties,2021-03-17,366261,14237511,184908,7172762,163943,6837019,17410,227730,226558,4524113,139087,5038083,246815,9562196,
All CA and Non-CA Counties,2021-03-18,336681,14574192,174022,7346784,146634,6983653,16025,243755,200729,4608044,135157,5173240,219088,9781284,
All CA and Non-CA Counties,2021-03-19,346016,14920208,183713,7530497,144226,7127879,18077,261832,203394,4689681,141928,5315168,223565,10004849,
All CA and Non-CA Counties,2021-03-20,224127,15144335,112708,7643205,99602,7227481,11817,273649,148980,4777243,74699,5389867,162261,10167110,
All CA and Non-CA Counties,2021-03-21,139842,15284177,95797,7739002,36668,7264149,7377,281026,91813,4830145,47814,5437681,100716,10267826,
All CA and Non-CA Counties,2021-03-22,267655,15551832,156145,7895147,100758,7364907,10752,291778,179129,4935430,87967,5525648,193252,10461078,
All CA and Non-CA Counties,2021-03-23,350265,15902097,192995,8088142,146979,7511886,10291,302069,230157,5059658,119352,5645000,243580,10704658,
All CA and Non-CA Counties,2021-03-24,379691,16281788,217819,8305961,149976,7661862,11896,313965,229754,5156478,149040,5794040,245860,10950518,
All CA and Non-CA Counties,2021-03-25,403806,16685594,221259,8527220,169168,7831030,13379,327344,237147,5248354,165634,5959674,257510,11208028,
All CA and Non-CA Counties,2021-03-26,420152,17105746,222762,8749982,181991,8013021,15399,342743,236161,5326917,183040,6142714,261603,11469631,
All CA and Non-CA Counties,2021-03-27,299048,17404794,157711,8907693,130778,8143799,10559,353302,154531,5355283,143887,6286601,172253,11641884,
All CA and Non-CA Counties,2021-03-28,164461,17569255,104963,9012656,56187,8199986,3311,356613,90929,5378762,73282,6359883,96761,11738645,
All CA and Non-CA Counties,2021-03-29,298585,17867840,160420,9173076,129900,8329886,8265,364878,173649,5440444,124359,6484242,186041,11924686,
All CA and Non-CA Counties,2021-03-30,379803,18247643,194431,9367507,170164,8500050,15208,380086,238739,5558058,140512,6624754,258126,12182812,
All CA and Non-CA Counties,2021-03-31,400578,18648221,220364,9587871,160074,8660124,20140,400226,237661,5659679,162182,6786936,263803,12446615,
All CA and Non-CA Counties,2021-04-01,438735,19086956,228872,9816743,176503,8836627,33360,433586,252153,5769989,185861,6972797,296171,12742786,
All CA and Non-CA Counties,2021-04-02,281716,19368672,140999,9957742,110775,8947402,29942,463528,155546,5839944,125639,7098436,195594,12938380,
Outside California,2020-12-15,7,7,7,7,0,0,0,0,7,7,0,0,7,7,Not in California
Outside California,2020-12-16,133,140,133,140,0,0,0,0,133,140,0,0,133,140,Not in California
Outside California,2020-12-17,1532,1672,1532,1672,0,0,0,0,1532,1672,0,0,1532,1672,Not in California
Outside California,2020-12-18,2398,4070,2394,4066,4,4,0,0,2397,4069,0,0,2397,4069,Not in California
Outside California,2020-12-19,1006,5076,1005,5071,1,5,0,0,1006,5075,0,0,1006,5075,Not in California
Outside California,2020-12-20,650,5726,649,5720,1,6,0,0,650,5725,0,0,650,5725,Not in California
Outside California,2020-12-21,2096,7822,2096,7816,0,6,0,0,2095,7820,0,0,2095,7820,Not in California
Outside California,2020-12-22,1958,9780,1925,9741,33,39,0,0,1958,9778,0,0,1958,9778,Not in California
Outside California,2020-12-23,1426,11206,1313,11054,113,152,0,0,1426,11204,0,0,1426,11204,Not in California
Outside California,2020-12-24,809,12015,615,11669,194,346,0,0,809,12013,0,0,809,12013,Not in California
Outside California,2020-12-25,33,12048,29,11698,4,350,0,0,33,12046,0,0,33,12046,Not in California
Outside California,2020-12-26,309,12357,204,11902,105,455,0,0,309,12355,0,0,309,12355,Not in California
Outside California,2020-12-27,190,12547,72,11974,118,573,0,0,190,12545,0,0,190,12545,Not in California
Outside California,2020-12-28,1400,13947,883,12857,517,1090,0,0,1400,13945,0,0,1400,13945,Not in California
Outside California,2020-12-29,1462,15409,938,13795,524,1614,0,0,1462,15407,0,0,1462,15407,Not in California
Outside California,2020-12-30,1858,17267,1197,14992,661,2275,0,0,1859,17266,0,0,1859,17266,Not in California
Outside California,2020-12-31,1069,18336,590,15582,479,2754,0,0,1070,18336,0,0,1070,18336,Not in California
Outside California,2021-01-01,106,18442,21,15603,85,2839,0,0,106,18442,0,0,106,18442,Not in California
Outside California,2021-01-02,241,18683,136,15739,105,2944,0,0,240,18681,1,1,240,18682,Not in California
Outside California,2021-01-03,177,18860,97,15836,80,3024,0,0,177,18858,0,1,177,18859,Not in California
Outside California,2021-01-04,1128,19988,504,16340,624,3648,0,0,1122,19979,1,2,1122,19981,Not in California
Outside California,2021-01-05,1450,21438,761,17101,689,4337,0,0,1312,21155,136,138,1312,21293,Not in California
Outside California,2021-01-06,2572,24010,1534,18635,1038,5375,0,0,1896,22369,683,821,1897,23190,Not in California
Outside California,2021-01-07,4102,28112,2521,21156,1581,6956,0,0,2463,23204,1638,2459,2473,25663,Not in California
Outside California,2021-01-08,4289,32401,2710,23866,1579,8535,0,0,2542,24017,1737,4196,2550,28213,Not in California
Outside California,2021-01-09,1341,33742,542,24408,799,9334,0,0,1011,24702,328,4524,1013,29226,Not in California
Outside California,2021-01-10,294,34036,179,24587,115,9449,0,0,173,24754,121,4645,173,29399,Not in California
Outside California,2021-01-11,3266,37302,1955,26542,1311,10760,0,0,1949,25386,1318,5963,1950,31349,Not in California
Outside California,2021-01-12,3816,41118,2268,28810,1548,12308,0,0,2327,26231,1484,7447,2329,33678,Not in California
Outside California,2021-01-13,3568,44686,1751,30561,1817,14125,0,0,2444,27551,1129,8576,2449,36127,Not in California
Outside California,2021-01-14,3723,48409,1242,31803,2481,16606,0,0,3110,30055,611,9187,3115,39242,Not in California
Outside California,2021-01-15,4096,52505,935,32738,3161,19767,0,0,3651,33270,442,9629,3657,42899,Not in California
Outside California,2021-01-16,2570,55075,343,33081,2227,21994,0,0,2409,35521,158,9787,2409,45308,Not in California
Outside California,2021-01-17,454,55529,143,33224,311,22305,0,0,398,35864,55,9842,398,45706,Not in California
Outside California,2021-01-18,1117,56646,750,33974,367,22672,0,0,645,36039,471,10313,646,46352,Not in California
Outside California,2021-01-19,3994,60640,1288,35262,2706,25378,0,0,3150,38346,844,11157,3151,49503,Not in California
Outside California,2021-01-20,4340,64980,1331,36593,3009,28387,0,0,3473,40957,864,12021,3475,52978,Not in California
Outside California,2021-01-21,4005,68985,978,37571,3027,31414,0,0,3486,43942,504,12525,3489,56467,Not in California
Outside California,2021-01-22,4559,73544,1007,38578,3552,34966,0,0,4155,47700,399,12924,4157,60624,Not in California
Outside California,2021-01-23,2245,75789,325,38903,1920,36886,0,0,2076,49608,168,13092,2076,62700,Not in California
Outside California,2021-01-24,711,76500,339,39242,372,37258,0,0,628,50153,83,13175,628,63328,Not in California
Outside California,2021-01-25,4438,80938,1939,41181,2499,39757,0,0,3606,52921,845,14020,3613,66941,Not in California
Outside California,2021-01-26,6152,87090,3162,44343,2990,42747,0,0,5352,57465,819,14839,5363,72304,Not in California
Outside California,2021-01-27,4999,92089,2971,47314,2028,44775,0,0,4456,61359,564,15403,4458,76762,Not in California
Outside California,2021-01-28,5112,97201,2969,50283,2143,46918,0,0,4681,65593,447,15850,4681,81443,Not in California
Outside California,2021-01-29,4604,101805,2943,53226,1661,48579,0,0,3899,68783,709,16559,3899,85342,Not in California
Outside California,2021-01-30,4180,105985,2504,55730,1676,50255,0,0,3966,72534,215,16774,3966,89308,Not in California
Outside California,2021-01-31,3444,109429,3157,58887,287,50542,0,0,3366,75826,77,16851,3369,92677,Not in California
Outside California,2021-02-01,5809,115238,2921,61808,2888,53430,0,0,5168,80357,639,17490,5170,97847,Not in California
Outside California,2021-02-02,7277,122515,2726,64534,4551,57981,0,0,6575,86244,692,18182,6579,104426,Not in California
Outside California,2021-02-03,7888,130403,2790,67324,5098,63079,0,0,7084,92538,792,18974,7086,111512,Not in California
Outside California,2021-02-04,7164,137567,2723,70047,4441,67520,0,0,6229,97850,920,19894,6232,117744,Not in California
Outside California,2021-02-05,6581,144148,2161,72208,4420,71940,0,0,5593,102452,991,20885,5593,123337,Not in California
Outside California,2021-02-06,4483,148631,2335,74543,2148,74088,0,0,4056,106092,418,21303,4058,127395,Not in California
Outside California,2021-02-07,2860,151491,2409,76952,451,74539,0,0,2784,108803,76,21379,2787,130182,Not in California
Outside California,2021-02-08,5801,157292,3760,80712,2041,76580,0,0,4730,112483,1053,22432,4733,134915,Not in California
Outside California,2021-02-09,4762,162054,2288,83000,2474,79054,0,0,3459,114668,1288,23720,3473,138388,Not in California
Outside California,2021-02-10,5896,167950,2183,85183,3713,82767,0,0,3555,115939,2333,26053,3604,141992,Not in California
Outside California,2021-02-11,4787,172737,2072,87255,2715,85482,0,0,3635,118450,1143,27196,3654,145646,Not in California
Outside California,2021-02-12,4602,177339,1603,88858,2999,88481,0,0,2971,119807,1622,28818,2979,148625,Not in California
Outside California,2021-02-13,2279,179618,628,89486,1651,90132,0,0,1819,121186,451,29269,1830,150455,Not in California
Outside California,2021-02-14,1460,181078,464,89950,996,91128,0,0,1181,122128,275,29544,1217,151672,Not in California
Outside California,2021-02-15,2510,183588,1555,91505,955,92083,0,0,1155,121983,1338,30882,1193,152865,Not in California
Outside California,2021-02-16,6304,189892,2851,94356,3453,95536,0,0,2513,120727,3784,34666,2528,155393,Not in California
Outside California,2021-02-17,5781,195673,2859,97215,2922,98458,0,0,1749,118458,4024,38690,1755,157148,Not in California
Outside California,2021-02-18,6102,201775,3566,100781,2536,100994,0,0,1861,116098,4228,42918,1868,159016,Not in California
Outside California,2021-02-19,5163,206938,3539,104320,1624,102618,0,0,1942,114826,3218,46136,1946,160962,Not in California
Outside California,2021-02-20,3204,210142,2689,107009,515,103133,0,0,1155,113936,2047,48183,1157,162119,Not in California
Outside California,2021-02-21,1794,211936,1584,108593,210,103343,0,0,607,113359,1184,49367,607,162726,Not in California
Outside California,2021-02-22,2735,214671,1916,110509,819,104162,0,0,982,112595,1753,51120,989,163715,Not in California
Outside California,2021-02-23,5062,219733,2513,113022,2549,106711,0,0,1572,110691,3486,54606,1582,165297,Not in California
Outside California,2021-02-24,5325,225058,2640,115662,2685,109396,0,0,1571,108520,3748,58354,1577,166874,Not in California
Outside California,2021-02-25,5823,230881,2541,118203,3282,112678,0,0,2145,107016,3658,62012,2154,169028,Not in California
Outside California,2021-02-26,6089,236970,3069,121272,3020,115698,0,0,2553,106118,3456,65468,2558,171586,Not in California
Outside California,2021-02-27,4591,241561,2303,123575,2287,117985,1,1,1285,104116,3291,68759,1289,172875,Not in California
Outside California,2021-02-28,2695,244256,2061,125636,634,118619,0,1,1068,103560,1626,70385,1070,173945,Not in California
Outside California,2021-03-01,4599,248855,3051,128687,1548,120167,0,1,1232,101447,3357,73742,1244,175189,Not in California
Outside California,2021-03-02,6126,254981,2062,130749,4064,124231,0,1,1798,99004,4332,78074,1889,177078,Not in California
Outside California,2021-03-03,6907,261888,2324,133073,4582,128813,1,2,1850,95807,5057,83131,1860,178938,Not in California
Outside California,2021-03-04,6224,268112,2441,135514,3782,132595,1,3,2042,93703,4167,87298,2063,181001,Not in California
Outside California,2021-03-05,4327,272439,1881,137395,2430,135025,16,19,2159,93719,2173,89471,2189,183190,Not in California
Outside California,2021-03-06,4111,276550,1779,139174,2199,137224,133,152,2009,93842,2098,91569,2221,185411,Not in California
Outside California,2021-03-07,1605,278155,1030,140204,523,137747,52,204,982,94278,623,92192,1059,186470,Not in California
Outside California,2021-03-08,2717,280872,1633,141837,873,138620,211,415,1993,95789,695,92887,2206,188676,Not in California
Outside California,2021-03-09,3703,284575,1572,143409,1846,140466,285,700,2091,96579,1608,94495,2398,191074,Not in California
Outside California,2021-03-10,3772,288347,1591,145000,1702,142168,479,1179,2178,97704,1586,96081,2711,193785,Not in California
Outside California,2021-03-11,5610,293957,2666,147666,2246,144414,698,1877,2910,98655,2699,98780,3650,197435,Not in California
Outside California,2021-03-12,5171,299128,2737,150403,1664,146078,770,2647,2833,100024,2332,101112,3701,201136,Not in California
Outside California,2021-03-13,3089,302217,1726,152129,827,146905,536,3183,2021,101522,1064,102176,2562,203698,Not in California
Outside California,2021-03-14,1762,303979,963,153092,452,147357,347,3530,1103,102323,659,102835,1460,205158,Not in California
Outside California,2021-03-15,3679,307658,1633,154725,1632,148989,414,3944,2265,103648,1408,104243,2733,207891,Not in California
Outside California,2021-03-16,6537,314195,3188,157913,2947,151936,402,4346,3853,105265,2681,106924,4298,212189,Not in California
Outside California,2021-03-17,6842,321037,3672,161585,2745,154681,425,4771,4194,107258,2644,109568,4637,216826,Not in California
Outside California,2021-03-18,6448,327485,3480,165065,2436,157117,532,5303,4043,109490,2396,111964,4628,221454,Not in California
Outside California,2021-03-19,5925,333410,3292,168357,2093,159210,540,5843,3749,111693,2171,114135,4374,225828,Not in California
Outside California,2021-03-20,3323,336733,2133,170490,1087,160297,103,5946,2735,113954,580,114715,2841,228669,Not in California
Outside California,2021-03-21,1834,338567,1264,171754,471,160768,99,6045,1414,115051,419,115134,1516,230185,Not in California
Outside California,2021-03-22,3132,341699,1740,173494,1281,162049,111,6156,2104,116245,1023,116157,2217,232402,Not in California
Outside California,2021-03-23,6153,347852,3032,176526,2857,164906,264,6420,4378,119129,1763,117920,4647,237049,Not in California
Outside California,2021-03-24,7024,354876,3356,179882,3228,168134,440,6860,5377,123318,1634,119554,5823,242872,Not in California
Outside California,2021-03-25,7939,362815,3392,183274,4004,172138,543,7403,6014,127981,1911,121465,6574,249446,Not in California
Outside California,2021-03-26,6578,369393,3398,186672,2977,175115,203,7606,4665,130986,1894,123359,4899,254345,Not in California
Outside California,2021-03-27,4576,373969,2654,189326,1855,176970,67,7673,3158,132830,1410,124769,3254,257599,Not in California
Outside California,2021-03-28,2593,376562,1337,190663,1186,178156,70,7743,1677,133678,910,125679,1758,259357,Not in California
Outside California,2021-03-29,4651,381213,2051,192714,2320,180476,280,8023,2943,135220,1704,127383,3246,262603,Not in California
Outside California,2021-03-30,6589,387802,3284,195998,2683,183159,622,8645,4189,137849,2382,129765,5011,267614,Not in California
Outside California,2021-03-31,5958,393760,3369,199367,1778,184937,811,9456,3523,139840,2427,132192,4418,272032,Not in California
Outside California,2021-04-01,6731,400491,3866,203233,2271,187208,594,10050,4005,141967,2716,134908,4843,276875,Not in California
Outside California,2021-04-02,5789,406280,3336,206569,1687,188895,766,10816,3033,143340,2747,137655,4120,280995,Not in California
Unknown,2020-12-17,37,37,37,37,0,0,0,0,1,1,0,0,1,1,Not in California
Unknown,2020-12-18,52,89,52,89,0,0,0,0,2,3,0,0,2,3,Not in California
Unknown,2020-12-21,41,130,41,130,0,0,0,0,0,3,0,0,0,3,Not in California
Unknown,2020-12-26,1,131,1,131,0,0,0,0,1,4,0,0,1,4,Not in California
Unknown,2020-12-28,3,134,3,134,0,0,0,0,3,7,0,0,3,7,Not in California
Unknown,2020-12-29,3,137,3,137,0,0,0,0,3,10,0,0,3,10,Not in California
Unknown,2020-12-30,55,192,55,192,0,0,0,0,55,65,0,0,55,65,Not in California
Unknown,2020-12-31,2,194,0,192,2,2,0,0,0,65,0,0,0,65,Not in California
Unknown,2021-01-02,2,196,0,192,2,4,0,0,2,67,0,0,2,67,Not in California
Unknown,2021-01-03,1,197,0,192,1,5,0,0,1,68,0,0,1,68,Not in California
Unknown,2021-01-04,3,200,2,194,1,6,0,0,3,71,0,0,3,71,Not in California
Unknown,2021-01-05,4,204,0,194,4,10,0,0,4,75,0,0,4,75,Not in California
Unknown,2021-01-06,7,211,3,197,4,14,0,0,7,82,0,0,7,82,Not in California
Unknown,2021-01-07,70,281,68,265,2,16,0,0,70,152,0,0,70,152,Not in California
Unknown,2021-01-09,4,285,2,267,2,18,0,0,5,157,0,0,5,157,Not in California
Unknown,2021-01-10,1,286,0,267,1,19,0,0,1,158,0,0,1,158,Not in California
Unknown,2021-01-11,19,305,19,286,0,19,0,0,19,177,0,0,19,177,Not in California
Unknown,2021-01-12,9,314,8,294,1,20,0,0,8,185,1,1,9,186,Not in California
Unknown,2021-01-13,11,325,11,305,0,20,0,0,12,197,0,1,12,198,Not in California
Unknown,2021-01-14,2,327,2,307,0,20,0,0,2,199,0,1,2,200,Not in California
Unknown,2021-01-15,4,331,3,310,1,21,0,0,5,204,0,1,5,205,Not in California
Unknown,2021-01-16,8,339,8,318,0,21,0,0,7,210,1,2,7,212,Not in California
Unknown,2021-01-17,3,342,3,321,0,21,0,0,3,213,0,2,3,215,Not in California
Unknown,2021-01-18,58,400,58,379,0,21,0,0,56,267,2,4,56,271,Not in California
Unknown,2021-01-19,25,425,25,404,0,21,0,0,23,289,1,5,23,294,Not in California
Unknown,2021-01-20,80,505,80,484,0,21,0,0,28,265,52,57,28,322,Not in California
Unknown,2021-01-21,61,566,58,542,3,24,0,0,63,328,0,57,63,385,Not in California
Unknown,2021-01-22,43,609,37,579,6,30,0,0,42,370,0,57,42,427,Not in California
Unknown,2021-01-23,13,622,7,586,6,36,0,0,13,383,0,57,13,440,Not in California
Unknown,2021-01-24,2,624,2,588,0,36,0,0,3,386,0,57,3,443,Not in California
Unknown,2021-01-25,20,644,18,606,2,38,0,0,18,402,2,59,18,461,Not in California
Unknown,2021-01-26,96,740,96,702,0,38,0,0,98,500,1,60,99,560,Not in California
Unknown,2021-01-27,19,759,19,721,0,38,0,0,18,517,1,61,18,578,Not in California
Unknown,2021-01-28,166,925,163,884,3,41,0,0,111,568,60,121,111,689,Not in California
Unknown,2021-01-29,163,1088,162,1046,1,42,0,0,167,733,2,123,167,856,Not in California
Unknown,2021-01-30,13,1101,9,1055,4,46,0,0,15,746,2,125,15,871,Not in California
Unknown,2021-01-31,20,1121,19,1074,1,47,0,0,19,763,2,127,19,890,Not in California
Unknown,2021-02-01,37,1158,36,1110,1,48,0,0,22,768,17,144,22,912,Not in California
Unknown,2021-02-02,76,1234,74,1184,2,50,0,0,69,831,6,150,69,981,Not in California
Unknown,2021-02-03,54,1288,51,1235,3,53,0,0,43,862,12,162,43,1024,Not in California
Unknown,2021-02-04,70,1358,63,1298,7,60,0,0,67,922,7,169,67,1091,Not in California
Unknown,2021-02-05,15,1373,9,1307,6,66,0,0,14,930,6,175,14,1105,Not in California
Unknown,2021-02-06,18,1391,14,1321,4,70,0,0,15,939,6,181,15,1120,Not in California
Unknown,2021-02-07,13,1404,11,1332,2,72,0,0,9,944,4,185,9,1129,Not in California
Unknown,2021-02-08,60,1464,57,1389,3,75,0,0,20,921,43,228,20,1149,Not in California
Unknown,2021-02-09,21,1485,20,1409,1,76,0,0,5,910,16,244,5,1154,Not in California
Unknown,2021-02-10,40,1525,35,1444,5,81,0,0,14,898,26,270,14,1168,Not in California
Unknown,2021-02-11,100,1625,97,1541,3,84,0,0,50,896,52,322,50,1218,Not in California
Unknown,2021-02-12,50,1675,40,1581,10,94,0,0,21,883,34,356,21,1239,Not in California
Unknown,2021-02-13,12,1687,4,1585,8,102,0,0,15,897,1,357,15,1254,Not in California
Unknown,2021-02-14,8,1695,1,1586,7,109,0,0,6,902,1,358,6,1260,Not in California
Unknown,2021-02-15,46,1741,39,1625,7,116,0,0,34,924,12,370,34,1294,Not in California
Unknown,2021-02-16,124,1865,115,1740,9,125,0,0,44,887,81,451,44,1338,Not in California
Unknown,2021-02-17,13,1878,11,1751,2,127,0,0,8,890,5,456,8,1346,Not in California
Unknown,2021-02-18,118,1996,112,1863,6,133,0,0,24,821,93,549,24,1370,Not in California
Unknown,2021-02-19,216,2212,211,2074,5,138,0,0,67,736,152,701,67,1437,Not in California
Unknown,2021-02-20,17,2229,6,2080,11,149,0,0,11,743,4,705,11,1448,Not in California
Unknown,2021-02-21,20,2249,20,2100,0,149,0,0,10,740,13,718,10,1458,Not in California
Unknown,2021-02-22,10,2259,10,2110,0,149,0,0,8,745,3,721,8,1466,Not in California
Unknown,2021-02-23,71,2330,59,2169,12,161,0,0,21,715,51,772,21,1487,Not in California
Unknown,2021-02-24,56,2386,48,2217,8,169,0,0,26,708,33,805,26,1513,Not in California
Unknown,2021-02-25,83,2469,69,2286,14,183,0,0,31,687,52,857,31,1544,Not in California
Unknown,2021-02-26,44,2513,23,2309,21,204,0,0,33,707,13,870,33,1577,Not in California
Unknown,2021-02-27,26,2539,13,2322,13,217,0,0,20,719,8,878,20,1597,Not in California
Unknown,2021-02-28,40,2579,23,2345,17,234,0,0,31,745,6,884,32,1629,Not in California
Unknown,2021-03-01,53,2632,33,2378,20,254,0,0,34,760,19,903,34,1663,Not in California
Unknown,2021-03-02,21,2653,6,2384,15,269,0,0,15,769,6,909,15,1678,Not in California
Unknown,2021-03-03,19,2672,10,2394,9,278,0,0,27,793,3,912,27,1705,Not in California
Unknown,2021-03-04,57,2729,54,2448,3,281,0,0,26,787,32,944,26,1731,Not in California
Unknown,2021-03-05,179,2908,62,2510,117,398,0,0,176,956,7,951,176,1907,Not in California
Unknown,2021-03-06,203,3111,44,2554,120,518,39,39,154,1101,49,1000,194,2101,Not in California
Unknown,2021-03-07,73,3184,31,2585,28,546,14,53,56,1154,17,1017,70,2171,Not in California
Unknown,2021-03-08,226,3410,97,2682,80,626,49,102,150,1275,77,1094,198,2369,Not in California
Unknown,2021-03-09,179,3589,115,2797,9,635,55,157,90,1331,89,1183,145,2514,Not in California
Unknown,2021-03-10,175,3764,118,2915,4,639,53,210,113,1438,60,1243,167,2681,Not in California
Unknown,2021-03-11,153,3917,76,2991,12,651,65,275,83,1513,73,1316,148,2829,Not in California
Unknown,2021-03-12,119,4036,66,3057,23,674,30,305,51,1528,68,1384,83,2912,Not in California
Unknown,2021-03-13,106,4142,31,3088,23,697,52,357,45,1565,60,1444,97,3009,Not in California
Unknown,2021-03-14,120,4262,60,3148,35,732,25,382,82,1634,38,1482,107,3116,Not in California
Unknown,2021-03-15,264,4526,153,3301,91,823,20,402,226,1842,38,1520,246,3362,Not in California
Unknown,2021-03-16,310,4836,198,3499,108,931,4,406,280,2096,30,1550,284,3646,Not in California
Unknown,2021-03-17,251,5087,155,3654,93,1024,3,409,238,2324,13,1563,241,3887,Not in California
Unknown,2021-03-18,178,5265,77,3731,99,1123,2,411,163,2475,14,1577,165,4052,Not in California
Unknown,2021-03-19,150,5415,86,3817,63,1186,1,412,143,2613,6,1583,144,4196,Not in California
Unknown,2021-03-20,152,5567,76,3893,76,1262,0,412,137,2736,14,1597,137,4333,Not in California
Unknown,2021-03-21,170,5737,94,3987,64,1326,12,424,152,2882,18,1615,164,4497,Not in California
Unknown,2021-03-22,232,5969,145,4132,80,1406,7,431,207,3074,25,1640,217,4714,Not in California
Unknown,2021-03-23,230,6199,156,4288,73,1479,1,432,218,3281,12,1652,219,4933,Not in California
Unknown,2021-03-24,288,6487,187,4475,98,1577,3,435,267,3530,21,1673,270,5203,Not in California
Unknown,2021-03-25,305,6792,182,4657,116,1693,7,442,283,3799,22,1695,291,5494,Not in California
Unknown,2021-03-26,323,7115,191,4848,126,1819,6,448,262,4007,60,1755,268,5762,Not in California
Unknown,2021-03-27,275,7390,144,4992,128,1947,3,451,231,4199,44,1799,236,5998,Not in California
Unknown,2021-03-28,320,7710,195,5187,120,2067,5,456,278,4441,41,1840,283,6281,Not in California
Unknown,2021-03-29,396,8106,245,5432,147,2214,4,460,327,4708,69,1909,336,6617,Not in California
Unknown,2021-03-30,398,8504,237,5669,154,2368,7,467,321,4964,77,1986,333,6950,Not in California
Unknown,2021-03-31,485,8989,305,5974,174,2542,6,473,402,5289,83,2069,408,7358,Not in California
Unknown,2021-04-01,402,9391,259,6233,137,2679,6,479,342,5581,60,2129,352,7710,Not in California
Unknown,2021-04-02,1,9392,0,6233,1,2680,0,479,1,5582,0,2129,1,7711,Not in California
Alameda,2020-12-15,36,36,36,36,0,0,0,0,36,36,0,0,36,36,California
Alameda,2020-12-16,201,237,201,237,0,0,0,0,201,237,0,0,201,237,California
Alameda,2020-12-17,445,682,445,682,0,0,0,0,445,682,0,0,445,682,California
Alameda,2020-12-18,1793,2475,1792,2474,1,1,0,0,1793,2475,0,0,1793,2475,California
Alameda,2020-12-19,1462,3937,1462,3936,0,1,0,0,1463,3938,0,0,1463,3938,California
Alameda,2020-12-20,1180,5117,1179,5115,1,2,0,0,1179,5116,1,1,1179,5117,California
Alameda,2020-12-21,1847,6964,1846,6961,1,3,0,0,1846,6962,0,1,1846,6963,California
Alameda,2020-12-22,2086,9050,2035,8996,51,54,0,0,2086,9048,0,1,2086,9049,California
Alameda,2020-12-23,1896,10946,1640,10636,256,310,0,0,1896,10944,0,1,1896,10945,California
Alameda,2020-12-24,1215,12161,757,11393,458,768,0,0,1215,12159,0,1,1215,12160,California
Alameda,2020-12-25,160,12321,124,11517,36,804,0,0,160,12319,0,1,160,12320,California
Alameda,2020-12-26,854,13175,312,11829,542,1346,0,0,854,13173,0,1,854,13174,California
Alameda,2020-12-27,499,13674,256,12085,243,1589,0,0,499,13672,0,1,499,13673,California
Alameda,2020-12-28,1855,15529,929,13014,926,2515,0,0,1855,15527,0,1,1855,15528,California
Alameda,2020-12-29,2421,17950,1022,14036,1399,3914,0,0,2420,17947,0,1,2420,17948,California
Alameda,2020-12-30,3104,21054,1339,15375,1765,5679,0,0,3104,21051,0,1,3104,21052,California
Alameda,2020-12-31,1782,22836,437,15812,1345,7024,0,0,1782,22833,0,1,1782,22834,California
Alameda,2021-01-01,168,23004,69,15881,99,7123,0,0,168,23001,0,1,168,23002,California
Alameda,2021-01-02,714,23718,518,16399,196,7319,0,0,713,23714,0,1,713,23715,California
Alameda,2021-01-03,339,24057,218,16617,121,7440,0,0,336,24047,3,4,336,24051,California
Alameda,2021-01-04,1645,25702,942,17559,703,8143,0,0,1633,25669,11,15,1633,25684,California
Alameda,2021-01-05,2193,27895,1257,18816,936,9079,0,0,1955,27388,236,251,1955,27639,California
Alameda,2021-01-06,3246,31141,1782,20598,1464,10543,0,0,2416,28977,828,1079,2417,30056,California
Alameda,2021-01-07,3752,34893,2111,22709,1641,12184,0,0,2630,30501,1113,2192,2637,32693,California
Alameda,2021-01-08,4732,39625,2703,25412,2029,14213,0,0,3099,31975,1628,3820,3102,35795,California
Alameda,2021-01-09,2032,41657,1390,26802,642,14855,0,0,1174,32291,859,4679,1175,36970,California
Alameda,2021-01-10,1033,42690,815,27617,218,15073,0,0,421,32099,613,5292,421,37391,California
Alameda,2021-01-11,4473,47163,3339,30956,1134,16207,0,0,2788,33208,1685,6977,2794,40185,California
Alameda,2021-01-12,4753,51916,3188,34144,1565,17772,0,0,3390,35239,1363,8340,3394,43579,California
Alameda,2021-01-13,5005,56921,2647,36791,2358,20130,0,0,3830,37904,1171,9511,3836,47415,California
Alameda,2021-01-14,5589,62510,2724,39515,2865,22995,0,0,4717,41761,863,10374,4720,52135,California
Alameda,2021-01-15,5815,68325,2408,41923,3407,26402,0,0,5000,45957,808,11182,5004,57139,California
Alameda,2021-01-16,3120,71445,1477,43400,1643,28045,0,0,2815,48467,305,11487,2815,59954,California
Alameda,2021-01-17,1871,73316,1077,44477,794,28839,0,0,1665,49926,206,11693,1665,61619,California
Alameda,2021-01-18,3237,76553,2092,46569,1145,29984,0,0,2619,51936,614,12307,2624,64243,California
Alameda,2021-01-19,5512,82065,3338,49907,2174,32158,0,0,4322,55077,1188,13495,4329,68572,California
Alameda,2021-01-20,6595,88660,4025,53932,2570,34728,0,0,5304,59106,1279,14774,5308,73880,California
Alameda,2021-01-21,7681,96341,3378,57310,4303,39031,0,0,6869,65171,806,15580,6871,80751,California
Alameda,2021-01-22,6903,103244,2047,59357,4856,43887,0,0,5744,69765,1152,16732,5746,86497,California
Alameda,2021-01-23,3270,106514,941,60298,2329,46216,0,0,2718,71934,551,17283,2720,89217,California
Alameda,2021-01-24,2081,108595,678,60976,1403,47619,0,0,1786,73429,291,17574,1786,91003,California
Alameda,2021-01-25,5164,113759,1959,62935,3205,50824,0,0,3609,75495,1549,19123,3615,94618,California
Alameda,2021-01-26,7214,120973,2273,65208,4941,55765,0,0,5349,78989,1855,20978,5349,99967,California
Alameda,2021-01-27,6645,127618,2053,67261,4592,60357,0,0,4821,81996,1814,22792,4821,104788,California
Alameda,2021-01-28,7818,135436,2494,69755,5324,65681,0,0,5618,85433,2182,24974,5619,110407,California
Alameda,2021-01-29,7818,143254,3103,72858,4715,70396,0,0,6053,89732,1754,26728,6053,116460,California
Alameda,2021-01-30,3240,146494,1501,74359,1739,72135,0,0,2699,91894,538,27266,2700,119160,California
Alameda,2021-01-31,2138,148632,1196,75555,942,73077,0,0,1665,93103,457,27723,1666,120826,California
Alameda,2021-02-01,5920,154552,3333,78888,2587,75664,0,0,4299,95790,1614,29337,4301,125127,California
Alameda,2021-02-02,7421,161973,4224,83112,3197,78861,0,0,4647,97671,2766,32103,4647,129774,California
Alameda,2021-02-03,7056,169029,3732,86844,3324,82185,0,0,4386,99394,2666,34769,4389,134163,California
Alameda,2021-02-04,9456,178485,4125,90969,5331,87516,0,0,6431,102819,3009,37778,6434,140597,California
Alameda,2021-02-05,10310,188795,5380,96349,4930,92446,0,0,6453,105427,3849,41627,6457,147054,California
Alameda,2021-02-06,7004,195799,4431,100780,2573,95019,0,0,5887,110196,1119,42746,5888,152942,California
Alameda,2021-02-07,3576,199375,2889,103669,687,95706,0,0,2646,111916,927,43673,2647,155589,California
Alameda,2021-02-08,8077,207452,5771,109440,2306,98012,0,0,5544,114939,2522,46195,5545,161134,California
Alameda,2021-02-09,9681,217133,5847,115287,3834,101846,0,0,6046,117357,3629,49824,6047,167181,California
Alameda,2021-02-10,11420,228553,6771,122058,4649,106495,0,0,6612,119183,4792,54616,6618,173799,California
Alameda,2021-02-11,13816,242369,7878,129936,5938,112433,0,0,8373,122130,5430,60046,8377,182176,California
Alameda,2021-02-12,12454,254823,5664,135600,6790,119223,0,0,7707,125100,4738,64784,7708,189884,California
Alameda,2021-02-13,7785,262608,4047,139647,3738,122961,0,0,5834,128988,1949,66733,5837,195721,California
Alameda,2021-02-14,4030,266638,2541,142188,1489,124450,0,0,2871,130705,1156,67889,2873,198594,California
Alameda,2021-02-15,5682,272320,3213,145401,2469,126919,0,0,3689,132404,1991,69880,3690,202284,California
Alameda,2021-02-16,12453,284773,6909,152310,5544,132463,0,0,9285,138532,3160,73040,9288,211572,California
Alameda,2021-02-17,14049,298822,8301,160611,5748,138211,0,0,10448,145397,3584,76624,10449,222021,California
Alameda,2021-02-18,15746,314568,9983,170594,5763,143974,0,0,11447,152549,4296,80920,11448,233469,California
Alameda,2021-02-19,17442,332010,11331,181925,6111,150085,0,0,11597,158314,5832,86752,11597,245066,California
Alameda,2021-02-20,11750,343760,9506,191431,2244,152329,0,0,9056,164680,2692,89444,9058,254124,California
Alameda,2021-02-21,6118,349878,5189,196620,929,153258,0,0,3687,165943,2424,91868,3687,257811,California
Alameda,2021-02-22,10615,360493,7830,204450,2785,156043,0,0,6723,168799,3877,95745,6733,264544,California
Alameda,2021-02-23,12669,373162,7689,212139,4980,161023,0,0,7894,171931,4769,100514,7901,272445,California
Alameda,2021-02-24,14572,387734,8173,220312,6399,167422,0,0,9472,176330,5079,105593,9478,281923,California
Alameda,2021-02-25,15518,403252,9099,229411,6419,173841,0,0,9876,180603,5614,111207,9887,291810,California
Alameda,2021-02-26,17990,421242,10580,239991,7410,181251,0,0,11641,185943,6306,117513,11646,303456,California
Alameda,2021-02-27,14639,435881,10767,250758,3872,185123,0,0,9065,189460,5551,123064,9068,312524,California
Alameda,2021-02-28,9132,445013,7701,258459,1431,186554,0,0,6079,192507,3034,126098,6081,318605,California
Alameda,2021-03-01,13145,458158,9142,267601,4003,190557,0,0,8158,195718,4950,131048,8161,326766,California
Alameda,2021-03-02,13601,471759,9484,277085,4117,194674,0,0,8758,199659,4825,135873,8766,335532,California
Alameda,2021-03-03,13977,485736,9088,286173,4889,199563,0,0,9441,204590,4511,140384,9442,344974,California
Alameda,2021-03-04,15446,501182,9691,295864,5755,205318,0,0,9514,208218,5898,146282,9526,354500,California
Alameda,2021-03-05,13992,515174,8760,304624,5228,210546,4,4,9394,213061,4564,150846,9407,363907,California
Alameda,2021-03-06,13372,528546,9640,314264,3481,214027,251,255,8825,217639,4510,155356,9088,372995,California
Alameda,2021-03-07,9285,537831,8068,322332,1140,215167,77,332,6582,221618,2682,158038,6661,379656,California
Alameda,2021-03-08,11386,549217,7065,329397,4022,219189,299,631,8580,227747,2759,160797,8888,388544,California
Alameda,2021-03-09,11242,560459,6904,336301,3905,223094,433,1064,6254,229482,4958,165755,6693,395237,California
Alameda,2021-03-10,16193,576652,10982,347283,4673,227767,538,1602,7284,228414,8891,174646,7823,403060,California
Alameda,2021-03-11,18948,595600,10980,358263,6509,234276,1459,3061,6508,223971,12416,187062,7973,411033,California
Alameda,2021-03-12,18915,614515,11116,369379,6531,240807,1268,4329,6653,219657,12242,199304,7928,418961,California
Alameda,2021-03-13,13733,628248,8783,378162,4007,244814,943,5272,4536,215974,9163,208467,5480,424441,California
Alameda,2021-03-14,10161,638409,7623,385785,1761,246575,777,6049,4507,215612,5642,214109,5280,429721,California
Alameda,2021-03-15,14387,652796,9339,395124,4521,251096,527,6576,6491,214760,7868,221977,7016,436737,California
Alameda,2021-03-16,17258,670054,11124,406248,5587,256683,547,7123,7701,213510,9502,231479,8252,444989,California
Alameda,2021-03-17,17028,687082,9645,415893,6720,263403,663,7786,8004,213184,8998,240477,8672,453661,California
Alameda,2021-03-18,15841,702923,8673,424566,6368,269771,800,8586,7100,212372,8718,249195,7906,461567,California
Alameda,2021-03-19,16439,719362,9044,433610,6000,275771,1395,9981,6603,210579,9802,258997,8009,469576,California
Alameda,2021-03-20,10826,730188,7215,440825,2955,278726,656,10637,4674,209781,6131,265128,5333,474909,California
Alameda,2021-03-21,8779,738967,6802,447627,1441,280167,536,11173,3717,208982,5053,270181,4254,479163,California
Alameda,2021-03-22,15072,754039,10097,457724,3990,284157,985,12158,7412,209752,7640,277821,8410,487573,California
Alameda,2021-03-23,19032,773071,11516,469240,6730,290887,786,12944,10747,213063,8249,286070,11560,499133,California
Alameda,2021-03-24,18817,791888,11379,480619,6454,297341,984,13928,8650,212861,10115,296185,9913,509046,California
Alameda,2021-03-25,20104,811992,11200,491819,7630,304971,1274,15202,9598,213997,10453,306638,11589,520635,California
Alameda,2021-03-26,20628,832620,12264,504083,6856,311827,1508,16710,8960,213712,11630,318268,11345,531980,California
Alameda,2021-03-27,18018,850638,12180,516263,4893,316720,945,17655,7742,212580,10231,328499,9099,541079,California
Alameda,2021-03-28,10462,861100,8447,524710,1811,318531,204,17859,3878,210153,6572,335071,4145,545224,California
Alameda,2021-03-29,14712,875812,9332,534042,4431,322962,949,18808,6461,209433,8219,343290,7499,552723,California
Alameda,2021-03-30,18446,894258,9756,543798,7125,330087,1565,20373,11093,214818,7333,350623,12718,565441,California
Alameda,2021-03-31,18977,913235,10155,553953,6789,336876,2033,22406,9667,217435,9292,359915,11909,577350,California
Alameda,2021-04-01,22394,935629,9891,563844,7283,344159,5220,27626,10976,222699,11394,371309,16658,594008,California
Alameda,2021-04-02,17720,953349,6975,570819,6558,350717,4187,31813,8861,227276,8843,380152,13420,607428,California
Alpine,2020-12-18,2,2,2,2,0,0,0,0,2,2,0,0,2,2,California
Alpine,2020-12-19,2,4,2,4,0,0,0,0,2,4,0,0,2,4,California
Alpine,2020-12-21,2,6,2,6,0,0,0,0,2,6,0,0,2,6,California
Alpine,2020-12-30,15,21,0,6,15,15,0,0,15,21,0,0,15,21,California
Alpine,2020-12-31,1,22,0,6,1,16,0,0,1,22,0,0,1,22,California
Alpine,2021-01-01,1,23,0,6,1,17,0,0,1,23,0,0,1,23,California
Alpine,2021-01-02,1,24,1,7,0,17,0,0,1,24,0,0,1,24,California
Alpine,2021-01-04,10,34,0,7,10,27,0,0,10,34,0,0,10,34,California
Alpine,2021-01-05,9,43,1,8,8,35,0,0,9,43,0,0,9,43,California
Alpine,2021-01-06,31,74,0,8,31,66,0,0,31,74,0,0,31,74,California
Alpine,2021-01-07,8,82,0,8,8,74,0,0,8,82,0,0,8,82,California
Alpine,2021-01-08,4,86,2,10,2,76,0,0,2,82,2,2,2,84,California
Alpine,2021-01-09,2,88,2,12,0,76,0,0,0,80,2,4,0,84,California
Alpine,2021-01-11,32,120,1,13,31,107,0,0,31,110,1,5,31,115,California
Alpine,2021-01-13,35,155,0,13,35,142,0,0,35,145,0,5,35,150,California
Alpine,2021-01-14,2,157,0,13,2,144,0,0,2,147,0,5,2,152,California
Alpine,2021-01-15,1,158,0,13,1,145,0,0,1,148,0,5,1,153,California
Alpine,2021-01-20,21,179,0,13,21,166,0,0,21,169,0,5,21,174,California
Alpine,2021-01-21,3,182,0,13,3,169,0,0,3,172,0,5,3,177,California
Alpine,2021-01-22,32,214,0,13,32,201,0,0,32,204,0,5,32,209,California
Alpine,2021-01-23,1,215,1,14,0,201,0,0,0,203,1,6,0,209,California
Alpine,2021-01-25,16,231,0,14,16,217,0,0,16,219,0,6,16,225,California
Alpine,2021-01-27,1,232,1,15,0,217,0,0,0,218,1,7,0,225,California
Alpine,2021-01-28,12,244,0,15,12,229,0,0,11,228,1,8,11,236,California
Alpine,2021-01-29,1,245,0,15,1,230,0,0,1,229,0,8,1,237,California
Alpine,2021-02-01,26,271,0,15,26,256,0,0,7,217,19,27,7,244,California
Alpine,2021-02-03,34,305,0,15,34,290,0,0,10,203,24,51,10,254,California
Alpine,2021-02-04,9,314,0,15,9,299,0,0,4,202,5,56,4,258,California
Alpine,2021-02-05,31,345,0,15,31,330,0,0,12,195,19,75,12,270,California
Alpine,2021-02-06,1,346,1,16,0,330,0,0,1,196,0,75,1,271,California
Alpine,2021-02-07,1,347,1,17,0,330,0,0,1,197,0,75,1,272,California
Alpine,2021-02-08,32,379,0,17,32,362,0,0,4,173,28,103,4,276,California
Alpine,2021-02-10,34,413,0,17,34,396,0,0,0,139,34,137,0,276,California
Alpine,2021-02-11,8,421,0,17,8,404,0,0,5,141,3,140,5,281,California
Alpine,2021-02-12,1,422,0,17,1,405,0,0,0,140,1,141,0,281,California
Alpine,2021-02-17,24,446,1,18,23,428,0,0,4,124,20,161,4,285,California
Alpine,2021-02-18,4,450,0,18,4,432,0,0,1,122,3,164,1,286,California
Alpine,2021-02-19,34,484,1,19,33,465,0,0,2,92,32,196,2,288,California
Alpine,2021-02-22,28,512,0,19,28,493,0,0,9,82,19,215,9,297,California
Alpine,2021-02-25,17,529,1,20,16,509,0,0,6,77,11,226,6,303,California
Alpine,2021-02-26,29,558,1,21,28,537,0,0,28,104,1,227,28,331,California
Alpine,2021-03-01,35,593,0,21,35,572,0,0,25,119,10,237,25,356,California
Alpine,2021-03-02,1,594,1,22,0,572,0,0,0,118,1,238,0,356,California
Alpine,2021-03-03,30,624,1,23,29,601,0,0,18,124,12,250,18,374,California
Alpine,2021-03-04,13,637,1,24,12,613,0,0,12,135,1,251,12,386,California
Alpine,2021-03-05,30,667,0,24,30,643,0,0,22,149,8,259,22,408,California
Alpine,2021-03-08,28,695,0,24,28,671,0,0,26,173,2,261,26,434,California
Alpine,2021-03-09,1,696,0,24,1,672,0,0,1,174,0,261,1,435,California
Alpine,2021-03-10,76,772,1,25,75,747,0,0,75,248,1,262,75,510,California
Alpine,2021-03-11,37,809,0,25,37,784,0,0,32,276,4,266,32,542,California
Alpine,2021-03-12,22,831,0,25,22,806,0,0,19,292,3,269,19,561,California
Alpine,2021-03-15,20,851,0,25,20,826,0,0,19,310,1,270,19,580,California
Alpine,2021-03-17,22,873,0,25,21,847,1,1,18,325,4,274,19,599,California
Alpine,2021-03-18,38,911,1,26,37,884,0,1,36,359,2,276,36,635,California
Alpine,2021-03-19,3,914,2,28,1,885,0,1,2,360,1,277,2,637,California
Alpine,2021-03-22,25,939,0,28,25,910,0,1,15,365,10,287,15,652,California
Alpine,2021-03-24,19,958,0,28,19,929,0,1,9,364,10,297,9,661,California
Alpine,2021-03-25,39,997,1,29,37,966,1,2,32,390,7,304,33,694,California
Alpine,2021-03-29,19,1016,0,29,18,984,1,3,2,376,17,321,3,697,California
Alpine,2021-03-31,2,1018,1,30,1,985,0,3,1,376,1,322,1,698,California
Alpine,2021-04-01,18,1036,0,30,18,1003,0,3,8,374,10,332,8,706,California
Amador,2020-12-16,2,2,2,2,0,0,0,0,2,2,0,0,2,2,California
Amador,2020-12-17,5,7,5,7,0,0,0,0,5,7,0,0,5,7,California
Amador,2020-12-18,44,51,44,51,0,0,0,0,44,51,0,0,44,51,California
Amador,2020-12-19,17,68,17,68,0,0,0,0,17,68,0,0,17,68,California
Amador,2020-12-20,4,72,4,72,0,0,0,0,4,72,0,0,4,72,California
Amador,2020-12-21,33,105,33,105,0,0,0,0,33,105,0,0,33,105,California
Amador,2020-12-22,35,140,34,139,1,1,0,0,35,140,0,0,35,140,California
Amador,2020-12-23,39,179,38,177,1,2,0,0,39,179,0,0,39,179,California
Amador,2020-12-24,5,184,3,180,2,4,0,0,5,184,0,0,5,184,California
Amador,2020-12-26,6,190,5,185,1,5,0,0,6,190,0,0,6,190,California
Amador,2020-12-27,1,191,0,185,1,6,0,0,1,191,0,0,1,191,California
Amador,2020-12-28,31,222,27,212,4,10,0,0,31,222,0,0,31,222,California
Amador,2020-12-29,26,248,19,231,7,17,0,0,26,248,0,0,26,248,California
Amador,2020-12-30,121,369,75,306,46,63,0,0,121,369,0,0,121,369,California
Amador,2020-12-31,192,561,167,473,25,88,0,0,192,561,0,0,192,561,California
Amador,2021-01-01,1,562,0,473,1,89,0,0,1,562,0,0,1,562,California
Amador,2021-01-02,56,618,56,529,0,89,0,0,56,618,0,0,56,618,California
Amador,2021-01-03,65,683,17,546,48,137,0,0,65,683,0,0,65,683,California
Amador,2021-01-04,125,808,1,547,124,261,0,0,124,806,1,1,124,807,California
Amador,2021-01-05,33,841,3,550,30,291,0,0,32,837,1,2,32,839,California
Amador,2021-01-06,38,879,10,560,28,319,0,0,34,867,4,6,34,873,California
Amador,2021-01-07,227,1106,68,628,159,478,0,0,215,1070,12,18,215,1088,California
Amador,2021-01-08,84,1190,70,698,14,492,0,0,40,1067,44,62,41,1129,California
Amador,2021-01-09,11,1201,11,709,0,492,0,0,2,1060,9,71,2,1131,California
Amador,2021-01-10,7,1208,5,714,2,494,0,0,3,1059,4,75,3,1134,California
Amador,2021-01-11,124,1332,44,758,80,574,0,0,89,1113,35,110,89,1223,California
Amador,2021-01-12,62,1394,48,806,14,588,0,0,39,1129,23,133,39,1262,California
Amador,2021-01-13,39,1433,25,831,14,602,0,0,26,1142,13,146,26,1288,California
Amador,2021-01-14,146,1579,20,851,126,728,0,0,136,1268,10,156,136,1424,California
Amador,2021-01-15,56,1635,23,874,33,761,0,0,49,1310,7,163,49,1473,California
Amador,2021-01-16,19,1654,12,886,7,768,0,0,13,1318,6,169,14,1487,California
Amador,2021-01-17,25,1679,5,891,20,788,0,0,25,1343,0,169,25,1512,California
Amador,2021-01-18,31,1710,27,918,4,792,0,0,9,1330,22,191,9,1521,California
Amador,2021-01-19,120,1830,96,1014,24,816,0,0,77,1364,43,234,77,1598,California
Amador,2021-01-20,181,2011,32,1046,149,965,0,0,166,1516,14,248,166,1764,California
Amador,2021-01-21,252,2263,221,1267,31,996,0,0,143,1550,109,357,143,1907,California
Amador,2021-01-22,133,2396,71,1338,62,1058,0,0,127,1671,6,363,127,2034,California
Amador,2021-01-23,52,2448,32,1370,20,1078,0,0,50,1719,2,365,50,2084,California
Amador,2021-01-24,28,2476,12,1382,16,1094,0,0,25,1741,3,368,25,2109,California
Amador,2021-01-25,56,2532,28,1410,28,1122,0,0,39,1763,17,385,39,2148,California
Amador,2021-01-26,242,2774,16,1426,226,1348,0,0,232,1985,10,395,232,2380,California
Amador,2021-01-27,296,3070,29,1455,267,1615,0,0,249,2190,45,440,250,2630,California
Amador,2021-01-28,343,3413,73,1528,270,1885,0,0,282,2412,61,501,283,2913,California
Amador,2021-01-29,96,3509,30,1558,66,1951,0,0,81,2478,15,516,81,2994,California
Amador,2021-01-30,166,3675,32,1590,134,2085,0,0,161,2634,5,521,161,3155,California
Amador,2021-01-31,32,3707,28,1618,4,2089,0,0,31,2664,1,522,31,3186,California
Amador,2021-02-01,62,3769,23,1641,39,2128,0,0,35,2672,27,549,35,3221,California
Amador,2021-02-02,216,3985,65,1706,151,2279,0,0,128,2715,85,634,128,3349,California
Amador,2021-02-03,141,4126,38,1744,103,2382,0,0,91,2757,49,683,91,3440,California
Amador,2021-02-04,248,4374,70,1814,178,2560,0,0,163,2837,85,768,165,3605,California
Amador,2021-02-05,326,4700,60,1874,266,2826,0,0,311,3133,15,783,311,3916,California
Amador,2021-02-06,101,4801,81,1955,20,2846,0,0,97,3226,4,787,97,4013,California
Amador,2021-02-07,38,4839,35,1990,3,2849,0,0,35,3258,3,790,35,4048,California
Amador,2021-02-08,91,4930,63,2053,28,2877,0,0,73,3313,18,808,73,4121,California
Amador,2021-02-09,171,5101,82,2135,89,2966,0,0,108,3358,63,871,108,4229,California
Amador,2021-02-10,717,5818,77,2212,640,3606,0,0,685,4011,32,903,685,4914,California
Amador,2021-02-11,308,6126,120,2332,188,3794,0,0,203,4110,104,1007,203,5117,California
Amador,2021-02-12,325,6451,118,2450,207,4001,0,0,252,4289,73,1080,252,5369,California
Amador,2021-02-13,163,6614,78,2528,85,4086,0,0,137,4400,26,1106,137,5506,California
Amador,2021-02-14,123,6737,54,2582,69,4155,0,0,106,4489,17,1123,106,5612,California
Amador,2021-02-15,183,6920,60,2642,123,4278,0,0,166,4639,16,1139,166,5778,California
Amador,2021-02-16,408,7328,52,2694,356,4634,0,0,369,4970,39,1178,370,6148,California
Amador,2021-02-17,263,7591,83,2777,180,4814,0,0,167,5041,96,1274,167,6315,California
Amador,2021-02-18,400,7991,99,2876,301,5115,0,0,339,5320,61,1335,340,6655,California
Amador,2021-02-19,191,8182,74,2950,117,5232,0,0,109,5348,82,1417,110,6765,California
Amador,2021-02-20,91,8273,27,2977,64,5296,0,0,63,5383,28,1445,63,6828,California
Amador,2021-02-21,46,8319,35,3012,11,5307,0,0,17,5371,29,1474,17,6845,California
Amador,2021-02-22,64,8383,25,3037,39,5346,0,0,33,5374,30,1504,33,6878,California
Amador,2021-02-23,315,8698,57,3094,258,5604,0,0,139,5340,176,1680,142,7020,California
Amador,2021-02-24,394,9092,53,3147,341,5945,0,0,266,5482,124,1804,266,7286,California
Amador,2021-02-25,515,9607,108,3255,407,6352,0,0,279,5527,234,2038,279,7565,California
Amador,2021-02-26,601,10208,75,3330,526,6878,0,0,501,5930,99,2137,502,8067,California
Amador,2021-02-27,287,10495,92,3422,195,7073,0,0,100,5849,186,2323,105,8172,California
Amador,2021-02-28,102,10597,52,3474,50,7123,0,0,57,5864,45,2368,60,8232,California
Amador,2021-03-01,190,10787,70,3544,120,7243,0,0,125,5925,65,2433,126,8358,California
Amador,2021-03-02,389,11176,62,3606,327,7570,0,0,337,6212,52,2485,339,8697,California
Amador,2021-03-03,236,11412,78,3684,158,7728,0,0,162,6301,74,2559,163,8860,California
Amador,2021-03-04,485,11897,114,3798,371,8099,0,0,383,6584,102,2661,385,9245,California
Amador,2021-03-05,490,12387,64,3862,426,8525,0,0,280,6657,209,2870,282,9527,California
Amador,2021-03-06,90,12477,39,3901,50,8575,1,1,49,6666,41,2911,50,9577,California
Amador,2021-03-07,62,12539,44,3945,18,8593,0,1,19,6642,43,2954,19,9596,California
Amador,2021-03-08,148,12687,71,4016,76,8669,1,2,87,6670,61,3015,89,9685,California
Amador,2021-03-09,380,13067,46,4062,334,9003,0,2,319,6931,58,3073,319,10004,California
Amador,2021-03-10,515,13582,78,4140,436,9439,1,3,245,6909,270,3343,248,10252,California
Amador,2021-03-11,475,14057,115,4255,351,9790,9,12,330,7109,142,3485,342,10594,California
Amador,2021-03-12,551,14608,67,4322,478,10268,6,18,310,7216,240,3725,347,10941,California
Amador,2021-03-13,85,14693,13,4335,65,10333,7,25,29,7218,56,3781,58,10999,California
Amador,2021-03-14,64,14757,20,4355,42,10375,2,27,21,7199,43,3824,24,11023,California
Amador,2021-03-15,186,14943,22,4377,151,10526,13,40,56,7142,130,3954,73,11096,California
Amador,2021-03-16,460,15403,58,4435,394,10920,8,48,195,7083,262,4216,203,11299,California
Amador,2021-03-17,189,15592,38,4473,148,11068,3,51,116,7131,73,4289,121,11420,California
Amador,2021-03-18,453,16045,85,4558,365,11433,3,54,236,7160,216,4505,245,11665,California
Amador,2021-03-19,531,16576,47,4605,468,11901,16,70,391,7433,138,4643,411,12076,California
Amador,2021-03-20,78,16654,37,4642,41,11942,0,70,29,7415,48,4691,30,12106,California
Amador,2021-03-21,45,16699,34,4676,10,11952,1,71,28,7430,16,4707,31,12137,California
Amador,2021-03-22,117,16816,35,4711,53,12005,29,100,49,7441,67,4774,78,12215,California
Amador,2021-03-23,438,17254,49,4760,381,12386,8,108,280,7573,156,4930,288,12503,California
Amador,2021-03-24,341,17595,34,4794,54,12440,253,361,34,7552,306,5236,285,12788,California
Amador,2021-03-25,603,18198,85,4879,513,12953,5,366,391,7742,209,5445,399,13187,California
Amador,2021-03-26,734,18932,38,4917,690,13643,6,372,287,7601,446,5891,305,13492,California
Amador,2021-03-27,86,19018,14,4931,71,13714,1,373,27,7573,58,5949,30,13522,California
Amador,2021-03-28,68,19086,14,4945,52,13766,2,375,12,7531,56,6005,14,13536,California
Amador,2021-03-29,181,19267,27,4972,153,13919,1,376,79,7519,98,6103,86,13622,California
Amador,2021-03-30,161,19428,22,4994,139,14058,0,376,98,7554,63,6166,98,13720,California
Amador,2021-03-31,149,19577,57,5051,87,14145,5,381,44,7502,105,6271,53,13773,California
Amador,2021-04-01,208,19785,72,5123,136,14281,0,381,61,7427,146,6417,71,13844,California
Amador,2021-04-02,124,19909,25,5148,90,14371,9,390,47,7413,77,6494,63,13907,California
Butte,2020-12-16,3,3,3,3,0,0,0,0,3,3,0,0,3,3,California
Butte,2020-12-17,20,23,20,23,0,0,0,0,20,23,0,0,20,23,California
Butte,2020-12-18,50,73,50,73,0,0,0,0,50,73,0,0,50,73,California
Butte,2020-12-19,7,80,7,80,0,0,0,0,7,80,0,0,7,80,California
Butte,2020-12-20,10,90,10,90,0,0,0,0,10,90,0,0,10,90,California
Butte,2020-12-21,633,723,633,723,0,0,0,0,633,723,0,0,633,723,California
Butte,2020-12-22,618,1341,616,1339,2,2,0,0,618,1341,0,0,618,1341,California
Butte,2020-12-23,870,2211,854,2193,16,18,0,0,870,2211,0,0,870,2211,California
Butte,2020-12-24,160,2371,157,2350,3,21,0,0,160,2371,0,0,160,2371,California
Butte,2020-12-26,93,2464,91,2441,2,23,0,0,93,2464,0,0,93,2464,California
Butte,2020-12-27,35,2499,34,2475,1,24,0,0,35,2499,0,0,35,2499,California
Butte,2020-12-28,280,2779,274,2749,6,30,0,0,280,2779,0,0,280,2779,California
Butte,2020-12-29,204,2983,180,2929,24,54,0,0,204,2983,0,0,204,2983,California
Butte,2020-12-30,498,3481,289,3218,209,263,0,0,498,3481,0,0,498,3481,California
Butte,2020-12-31,210,3691,18,3236,192,455,0,0,210,3691,0,0,210,3691,California
Butte,2021-01-01,7,3698,1,3237,6,461,0,0,7,3698,0,0,7,3698,California
Butte,2021-01-02,37,3735,36,3273,1,462,0,0,37,3735,0,0,37,3735,California
Butte,2021-01-03,4,3739,1,3274,3,465,0,0,4,3739,0,0,4,3739,California
Butte,2021-01-04,206,3945,173,3447,33,498,0,0,206,3945,0,0,206,3945,California
Butte,2021-01-05,194,4139,151,3598,43,541,0,0,193,4137,1,1,193,4138,California
Butte,2021-01-06,623,4762,396,3994,227,768,0,0,619,4752,4,5,619,4757,California
Butte,2021-01-07,761,5523,369,4363,392,1160,0,0,742,5475,19,24,742,5499,California
Butte,2021-01-08,570,6093,529,4892,41,1201,0,0,524,5953,46,70,524,6023,California
Butte,2021-01-09,12,6105,7,4899,5,1206,0,0,7,5955,5,75,7,6030,California
Butte,2021-01-10,19,6124,5,4904,14,1220,0,0,14,5964,5,80,14,6044,California
Butte,2021-01-11,987,7111,951,5855,36,1256,0,0,358,5696,629,709,361,6405,California
Butte,2021-01-12,697,7808,652,6507,45,1301,0,0,274,5547,423,1132,274,6679,California
Butte,2021-01-13,1446,9254,955,7462,491,1792,0,0,611,5325,835,1967,613,7292,California
Butte,2021-01-14,1637,10891,898,8360,739,2531,0,0,1440,6569,196,2163,1440,8732,California
Butte,2021-01-15,1169,12060,926,9286,243,2774,0,0,1059,7517,111,2274,1059,9791,California
Butte,2021-01-16,584,12644,300,9586,284,3058,0,0,539,8011,45,2319,539,10330,California
Butte,2021-01-17,239,12883,64,9650,175,3233,0,0,202,8176,37,2356,202,10532,California
Butte,2021-01-18,343,13226,302,9952,41,3274,0,0,275,8384,67,2423,275,10807,California
Butte,2021-01-19,489,13715,426,10378,63,3337,0,0,216,8330,273,2696,219,11026,California
Butte,2021-01-20,1346,15061,664,11042,682,4019,0,0,1046,9076,300,2996,1046,12072,California
Butte,2021-01-21,1475,16536,867,11909,608,4627,0,0,1369,10340,105,3101,1369,13441,California
Butte,2021-01-22,988,17524,333,12242,655,5282,0,0,935,11222,53,3154,935,14376,California
Butte,2021-01-23,123,17647,82,12324,41,5323,0,0,98,11295,25,3179,98,14474,California
Butte,2021-01-24,8,17655,6,12330,2,5325,0,0,8,11303,0,3179,8,14482,California
Butte,2021-01-25,650,18305,334,12664,316,5641,0,0,488,11629,162,3341,488,14970,California
Butte,2021-01-26,1459,19764,376,13040,1083,6724,0,0,1322,12815,137,3478,1323,16293,California
Butte,2021-01-27,2075,21839,704,13744,1371,8095,0,0,1360,13460,715,4193,1360,17653,California
Butte,2021-01-28,2255,24094,259,14003,1996,10091,0,0,1947,15100,307,4500,1947,19600,California
Butte,2021-01-29,1672,25766,487,14490,1185,11276,0,0,1292,16014,378,4878,1292,20892,California
Butte,2021-01-30,32,25798,10,14500,22,11298,0,0,29,16040,3,4881,29,20921,California
Butte,2021-01-31,16,25814,14,14514,2,11300,0,0,15,16054,1,4882,15,20936,California
Butte,2021-02-01,1738,27552,404,14918,1334,12634,0,0,1353,17025,383,5265,1354,22290,California
Butte,2021-02-02,1930,29482,362,15280,1568,14202,0,0,1626,18347,304,5569,1626,23916,California
Butte,2021-02-03,2730,32212,772,16052,1958,16160,0,0,1839,19297,889,6458,1839,25755,California
Butte,2021-02-04,2955,35167,325,16377,2630,18790,0,0,2399,21142,554,7012,2399,28154,California
Butte,2021-02-05,1167,36334,661,17038,506,19296,0,0,540,21055,627,7639,540,28694,California
Butte,2021-02-06,142,36476,102,17140,40,19336,0,0,60,21033,82,7721,60,28754,California
Butte,2021-02-07,39,36515,35,17175,4,19340,0,0,15,21024,24,7745,15,28769,California
Butte,2021-02-08,691,37206,540,17715,151,19491,0,0,241,20815,450,8195,241,29010,California
Butte,2021-02-09,950,38156,456,18171,494,19985,0,0,723,21311,227,8422,723,29733,California
Butte,2021-02-10,1706,39862,1190,19361,516,20501,0,0,697,21000,1008,9430,697,30430,California
Butte,2021-02-11,2199,42061,1351,20712,848,21349,0,0,1005,20812,1194,10624,1006,31436,California
Butte,2021-02-12,860,42921,298,21010,562,21911,0,0,313,20579,546,11170,313,31749,California
Butte,2021-02-13,246,43167,45,21055,201,22112,0,0,145,20622,102,11272,145,31894,California
Butte,2021-02-14,160,43327,11,21066,149,22261,0,0,155,20772,5,11277,155,32049,California
Butte,2021-02-15,258,43585,47,21113,211,22472,0,0,196,20906,62,11339,196,32245,California
Butte,2021-02-16,735,44320,433,21546,302,22774,0,0,278,20727,457,11796,278,32523,California
Butte,2021-02-17,1506,45826,843,22389,663,23437,0,0,833,20888,672,12468,833,33356,California
Butte,2021-02-18,1549,47375,754,23143,795,24232,0,0,745,20829,804,13272,745,34101,California
Butte,2021-02-19,1167,48542,389,23532,778,25010,0,0,404,20475,758,14030,404,34505,California
Butte,2021-02-20,477,49019,33,23565,444,25454,0,0,122,20243,354,14384,122,34627,California
Butte,2021-02-21,14,49033,12,23577,2,25456,0,0,10,20249,4,14388,10,34637,California
Butte,2021-02-22,1488,50521,293,23870,1195,26651,0,0,388,19538,1099,15487,388,35025,California
Butte,2021-02-23,1626,52147,300,24170,1326,27977,0,0,465,18847,1156,16643,465,35490,California
Butte,2021-02-24,2112,54259,594,24764,1518,29495,0,0,727,18196,1378,18021,727,36217,California
Butte,2021-02-25,2070,56329,578,25342,1492,30987,0,0,666,17462,1401,19422,667,36884,California
Butte,2021-02-26,922,57251,318,25660,604,31591,0,0,400,17343,519,19941,400,37284,California
Butte,2021-02-27,231,57482,43,25703,188,31779,0,0,184,17482,45,19986,184,37468,California
Butte,2021-02-28,141,57623,19,25722,122,31901,0,0,131,17603,10,19996,131,37599,California
Butte,2021-03-01,1525,59148,175,25897,1350,33251,0,0,321,16722,1203,21199,322,37921,California
Butte,2021-03-02,1662,60810,191,26088,1471,34722,0,0,300,15663,1359,22558,300,38221,California
Butte,2021-03-03,2601,63411,814,26902,1787,36509,0,0,443,13950,2157,24715,444,38665,California
Butte,2021-03-04,3001,66412,660,27562,2341,38850,0,0,601,12152,2399,27114,601,39266,California
Butte,2021-03-05,1298,67710,599,28161,698,39548,1,1,701,12255,599,27713,702,39968,California
Butte,2021-03-06,198,67908,30,28191,147,39695,21,22,144,12367,53,27766,165,40133,California
Butte,2021-03-07,61,67969,9,28200,35,39730,17,39,32,12387,29,27795,49,40182,California
Butte,2021-03-08,1229,69198,132,28332,1029,40759,68,107,1079,13387,148,27943,1148,41330,California
Butte,2021-03-09,1868,71066,278,28610,1487,42246,103,210,1381,14385,486,28429,1484,42814,California
Butte,2021-03-10,2216,73282,934,29544,1234,43480,48,258,1541,15304,670,29099,1589,44403,California
Butte,2021-03-11,2694,75976,1272,30816,1314,44794,108,366,1899,16527,785,29884,2008,46411,California
Butte,2021-03-12,955,76931,285,31101,401,45195,269,635,330,16505,620,30504,598,47009,California
Butte,2021-03-13,191,77122,54,31155,92,45287,45,680,59,16477,132,30636,104,47113,California
Butte,2021-03-14,120,77242,14,31169,65,45352,41,721,20,16438,100,30736,61,47174,California
Butte,2021-03-15,1673,78915,349,31518,1052,46404,272,993,1106,17252,564,31300,1378,48552,California
Butte,2021-03-16,1607,80522,411,31929,1124,47528,72,1065,1071,17861,534,31834,1143,49695,California
Butte,2021-03-17,1873,82395,1332,33261,466,47994,75,1140,1082,18232,786,32620,1157,50852,California
Butte,2021-03-18,1521,83916,1205,34466,202,48196,114,1254,881,18590,637,33257,995,51847,California
Butte,2021-03-19,541,84457,242,34708,229,48425,70,1324,255,18635,281,33538,326,52173,California
Butte,2021-03-20,159,84616,30,34738,114,48539,15,1339,75,18642,83,33621,90,52263,California
Butte,2021-03-21,64,84680,29,34767,6,48545,29,1368,22,18651,42,33663,51,52314,California
Butte,2021-03-22,1434,86114,335,35102,1010,49555,89,1457,1176,19662,255,33918,1266,53580,California
Butte,2021-03-23,1748,87862,448,35550,1194,50749,106,1563,1417,20854,330,34248,1522,55102,California
Butte,2021-03-24,2091,89953,1127,36677,851,51600,113,1676,1573,22027,514,34762,1687,56789,California
Butte,2021-03-25,1398,91351,1110,37787,195,51795,93,1769,933,22591,463,35225,1027,57816,California
Butte,2021-03-26,1160,92511,394,38181,525,52320,241,2010,518,22722,634,35859,765,58581,California
Butte,2021-03-27,308,92819,76,38257,208,52528,24,2034,133,22709,173,36032,160,58741,California
Butte,2021-03-28,212,93031,36,38293,169,52697,7,2041,87,22680,122,36154,93,58834,California
Butte,2021-03-29,1683,94714,350,38643,1265,53962,68,2109,1268,23605,411,36565,1336,60170,California
Butte,2021-03-30,989,95703,442,39085,459,54421,88,2197,450,23612,534,37099,541,60711,California
Butte,2021-03-31,1657,97360,1217,40302,376,54797,64,2261,1023,24100,632,37731,1120,61831,California
Butte,2021-04-01,3107,100467,2581,42883,408,55205,118,2379,2076,25285,1024,38755,2209,64040,California
Butte,2021-04-02,570,101037,310,43193,209,55414,51,2430,368,25517,192,38947,424,64464,California
Calaveras,2020-12-16,5,5,5,5,0,0,0,0,5,5,0,0,5,5,California
Calaveras,2020-12-17,3,8,3,8,0,0,0,0,3,8,0,0,3,8,California
Calaveras,2020-12-18,38,46,38,46,0,0,0,0,38,46,0,0,38,46,California
Calaveras,2020-12-19,3,49,3,49,0,0,0,0,3,49,0,0,3,49,California
Calaveras,2020-12-20,3,52,3,52,0,0,0,0,3,52,0,0,3,52,California
Calaveras,2020-12-21,55,107,48,100,7,7,0,0,55,107,0,0,55,107,California
Calaveras,2020-12-22,81,188,77,177,4,11,0,0,82,189,0,0,82,189,California
Calaveras,2020-12-23,77,265,75,252,2,13,0,0,86,275,0,0,86,275,California
Calaveras,2020-12-24,2,267,2,254,0,13,0,0,2,277,0,0,2,277,California
Calaveras,2020-12-26,3,270,3,257,0,13,0,0,3,280,0,0,3,280,California
Calaveras,2020-12-28,22,292,18,275,4,17,0,0,21,300,1,1,21,301,California
Calaveras,2020-12-29,166,458,147,422,19,36,0,0,166,466,0,1,166,467,California
Calaveras,2020-12-30,94,552,82,504,12,48,0,0,94,560,0,1,94,561,California
Calaveras,2020-12-31,36,588,26,530,10,58,0,0,36,596,0,1,36,597,California
Calaveras,2021-01-02,11,599,11,541,0,58,0,0,11,607,0,1,11,608,California
Calaveras,2021-01-03,8,607,3,544,5,63,0,0,8,615,0,1,8,616,California
Calaveras,2021-01-04,33,640,5,549,28,91,0,0,33,648,0,1,33,649,California
Calaveras,2021-01-05,39,679,9,558,30,121,0,0,38,683,3,4,38,687,California
Calaveras,2021-01-06,109,788,30,588,79,200,0,0,99,772,10,14,99,786,California
Calaveras,2021-01-07,108,896,27,615,81,281,0,0,95,856,12,26,96,882,California
Calaveras,2021-01-08,68,964,37,652,31,312,0,0,46,881,22,48,47,929,California
Calaveras,2021-01-09,6,970,6,658,0,312,0,0,2,879,4,52,2,931,California
Calaveras,2021-01-10,2,972,0,658,2,314,0,0,2,881,0,52,2,933,California
Calaveras,2021-01-11,63,1035,58,716,5,319,0,0,28,875,34,86,28,961,California
Calaveras,2021-01-12,87,1122,54,770,33,352,0,0,54,896,33,119,54,1015,California
Calaveras,2021-01-13,107,1229,43,813,64,416,0,0,74,938,33,152,75,1090,California
Calaveras,2021-01-14,137,1366,41,854,96,512,0,0,102,1006,34,186,102,1192,California
Calaveras,2021-01-15,112,1478,51,905,61,573,0,0,85,1065,27,213,86,1278,California
Calaveras,2021-01-16,13,1491,2,907,11,584,0,0,12,1076,1,214,12,1290,California
Calaveras,2021-01-17,10,1501,1,908,9,593,0,0,10,1086,0,214,10,1300,California
Calaveras,2021-01-18,132,1633,20,928,112,705,0,0,119,1195,13,227,122,1422,California
Calaveras,2021-01-19,200,1833,172,1100,28,733,0,0,60,1117,138,365,60,1482,California
Calaveras,2021-01-20,393,2226,79,1179,314,1047,0,0,309,1351,83,448,317,1799,California
Calaveras,2021-01-21,462,2688,40,1219,422,1469,0,0,435,1765,27,475,441,2240,California
Calaveras,2021-01-22,431,3119,22,1241,409,1878,0,0,421,2183,10,485,428,2668,California
Calaveras,2021-01-23,23,3142,10,1251,13,1891,0,0,19,2198,4,489,19,2687,California
Calaveras,2021-01-24,15,3157,9,1260,6,1897,0,0,13,2209,2,491,13,2700,California
Calaveras,2021-01-25,121,3278,7,1267,114,2011,0,0,116,2320,5,496,116,2816,California
Calaveras,2021-01-26,47,3325,17,1284,30,2041,0,0,37,2347,10,506,37,2853,California
Calaveras,2021-01-27,160,3485,44,1328,116,2157,0,0,133,2454,26,532,133,2986,California
Calaveras,2021-01-28,165,3650,22,1350,143,2300,0,0,141,2574,24,556,144,3130,California
Calaveras,2021-01-29,444,4094,34,1384,410,2710,0,0,424,2985,20,576,431,3561,California
Calaveras,2021-01-30,27,4121,10,1394,17,2727,0,0,26,3011,0,576,26,3587,California
Calaveras,2021-01-31,5,4126,2,1396,3,2730,0,0,4,3014,1,577,4,3591,California
Calaveras,2021-02-01,55,4181,41,1437,14,2744,0,0,36,3031,19,596,36,3627,California
Calaveras,2021-02-02,110,4291,25,1462,85,2829,0,0,71,3064,39,635,72,3699,California
Calaveras,2021-02-03,442,4733,43,1505,399,3228,0,0,358,3340,83,718,359,4058,California
Calaveras,2021-02-04,380,5113,24,1529,356,3584,0,0,296,3554,82,800,296,4354,California
Calaveras,2021-02-05,80,5193,22,1551,58,3642,0,0,41,3558,39,839,43,4397,California
Calaveras,2021-02-06,22,5215,13,1564,9,3651,0,0,22,3580,0,839,22,4419,California
Calaveras,2021-02-07,4,5219,1,1565,3,3654,0,0,2,3580,2,841,2,4421,California
Calaveras,2021-02-08,36,5255,18,1583,18,3672,0,0,28,3602,7,848,29,4450,California
Calaveras,2021-02-09,210,5465,93,1676,117,3789,0,0,147,3692,57,905,147,4597,California
Calaveras,2021-02-10,507,5972,28,1704,479,4268,0,0,441,4068,66,971,442,5039,California
Calaveras,2021-02-11,580,6552,75,1779,505,4773,0,0,473,4437,105,1076,474,5513,California
Calaveras,2021-02-12,565,7117,323,2102,242,5015,0,0,492,4858,72,1148,493,6006,California
Calaveras,2021-02-13,192,7309,37,2139,155,5170,0,0,177,5020,15,1163,177,6183,California
Calaveras,2021-02-14,215,7524,73,2212,142,5312,0,0,201,5207,14,1177,201,6384,California
Calaveras,2021-02-15,375,7899,20,2232,355,5667,0,0,257,5350,115,1292,258,6642,California
Calaveras,2021-02-16,298,8197,174,2406,124,5791,0,0,243,5538,55,1347,243,6885,California
Calaveras,2021-02-17,524,8721,35,2441,489,6280,0,0,209,5440,308,1655,210,7095,California
Calaveras,2021-02-18,492,9213,88,2529,404,6684,0,0,97,5151,386,2041,97,7192,California
Calaveras,2021-02-19,440,9653,44,2573,396,7080,0,0,99,4918,332,2373,99,7291,California
Calaveras,2021-02-20,60,9713,15,2588,45,7125,0,0,48,4954,12,2385,48,7339,California
Calaveras,2021-02-21,21,9734,12,2600,9,7134,0,0,18,4969,3,2388,18,7357,California
Calaveras,2021-02-22,65,9799,39,2639,26,7160,0,0,34,4972,31,2419,34,7391,California
Calaveras,2021-02-23,149,9948,67,2706,82,7242,0,0,100,5025,49,2468,102,7493,California
Calaveras,2021-02-24,96,10044,45,2751,51,7293,0,0,66,5061,30,2498,66,7559,California
Calaveras,2021-02-25,553,10597,99,2850,454,7747,0,0,360,5231,190,2688,360,7919,California
Calaveras,2021-02-26,669,11266,44,2894,625,8372,0,0,365,5307,291,2979,367,8286,California
Calaveras,2021-02-27,206,11472,21,2915,185,8557,0,0,182,5465,24,3003,182,8468,California
Calaveras,2021-02-28,99,11571,14,2929,85,8642,0,0,93,5553,6,3009,94,8562,California
Calaveras,2021-03-01,193,11764,59,2988,134,8776,0,0,146,5653,46,3055,146,8708,California
Calaveras,2021-03-02,243,12007,92,3080,151,8927,0,0,200,5813,41,3096,201,8909,California
Calaveras,2021-03-03,481,12488,97,3177,384,9311,0,0,188,5712,290,3386,189,9098,California
Calaveras,2021-03-04,686,13174,61,3238,625,9936,0,0,332,5699,350,3736,337,9435,California
Calaveras,2021-03-05,444,13618,269,3507,170,10106,5,5,122,5513,320,4056,134,9569,California
Calaveras,2021-03-06,135,13753,42,3549,87,10193,6,11,100,5585,35,4091,107,9676,California
Calaveras,2021-03-07,75,13828,32,3581,35,10228,8,19,30,5581,44,4135,40,9716,California
Calaveras,2021-03-08,124,13952,22,3603,95,10323,7,26,92,5651,32,4167,102,9818,California
Calaveras,2021-03-09,383,14335,153,3756,225,10548,5,31,38,5352,342,4509,43,9861,California
Calaveras,2021-03-10,407,14742,29,3785,376,10924,2,33,42,5033,363,4872,44,9905,California
Calaveras,2021-03-11,841,15583,413,4198,416,11340,12,45,413,5032,426,5298,425,10330,California
Calaveras,2021-03-12,351,15934,216,4414,126,11466,9,54,226,5189,125,5423,282,10612,California
Calaveras,2021-03-13,90,16024,17,4431,68,11534,5,59,26,5188,64,5487,63,10675,California
Calaveras,2021-03-14,89,16113,10,4441,78,11612,1,60,8,5125,80,5567,17,10692,California
Calaveras,2021-03-15,328,16441,45,4486,257,11869,26,86,49,4927,278,5845,80,10772,California
Calaveras,2021-03-16,716,17157,577,5063,119,11988,20,106,564,5362,150,5995,585,11357,California
Calaveras,2021-03-17,272,17429,45,5108,215,12203,12,118,47,5198,224,6219,60,11417,California
Calaveras,2021-03-18,649,18078,565,5673,69,12272,15,133,543,5651,106,6325,559,11976,California
Calaveras,2021-03-19,226,18304,44,5717,110,12382,72,205,54,5607,169,6494,125,12101,California
Calaveras,2021-03-20,62,18366,17,5734,45,12427,0,205,19,5584,43,6537,20,12121,California
Calaveras,2021-03-21,47,18413,30,5764,6,12433,11,216,12,5573,35,6572,24,12145,California
Calaveras,2021-03-22,81,18494,36,5800,24,12457,21,237,26,5565,55,6627,47,12192,California
Calaveras,2021-03-23,301,18795,218,6018,73,12530,10,247,123,5526,172,6799,133,12325,California
Calaveras,2021-03-24,133,18928,47,6065,76,12606,10,257,52,5507,81,6880,62,12387,California
Calaveras,2021-03-25,736,19664,100,6165,634,13240,2,259,446,5670,286,7166,449,12836,California
Calaveras,2021-03-26,423,20087,27,6192,390,13630,6,265,94,5449,326,7492,105,12941,California
Calaveras,2021-03-27,208,20295,18,6210,186,13816,4,269,32,5316,173,7665,40,12981,California
Calaveras,2021-03-28,107,20402,7,6217,98,13914,2,271,6,5225,100,7765,9,12990,California
Calaveras,2021-03-29,173,20575,20,6237,151,14065,2,273,59,5177,113,7878,65,13055,California
Calaveras,2021-03-30,538,21113,31,6268,491,14556,16,289,372,5402,164,8042,389,13444,California
Calaveras,2021-03-31,301,21414,133,6401,158,14714,10,299,157,5427,143,8185,168,13612,California
Calaveras,2021-04-01,649,22063,427,6828,221,14935,1,300,171,5132,475,8660,180,13792,California
Calaveras,2021-04-02,216,22279,185,7013,24,14959,7,307,37,5000,177,8837,45,13837,California
Colusa,2020-12-18,1,1,1,1,0,0,0,0,1,1,0,0,1,1,California
Colusa,2020-12-21,2,3,2,3,0,0,0,0,2,3,0,0,2,3,California
Colusa,2020-12-22,10,13,10,13,0,0,0,0,10,13,0,0,10,13,California
Colusa,2020-12-23,10,23,10,23,0,0,0,0,10,23,0,0,10,23,California
Colusa,2020-12-24,2,25,1,24,1,1,0,0,2,25,0,0,2,25,California
Colusa,2020-12-27,1,26,1,25,0,1,0,0,1,26,0,0,1,26,California
Colusa,2020-12-28,7,33,3,28,4,5,0,0,7,33,0,0,7,33,California
Colusa,2020-12-29,11,44,7,35,4,9,0,0,11,44,0,0,11,44,California
Colusa,2020-12-30,50,94,13,48,37,46,0,0,50,94,0,0,50,94,California
Colusa,2020-12-31,18,112,1,49,17,63,0,0,18,112,0,0,18,112,California
Colusa,2021-01-04,5,117,0,49,5,68,0,0,5,117,0,0,5,117,California
Colusa,2021-01-05,68,185,1,50,67,135,0,0,68,185,0,0,68,185,California
Colusa,2021-01-06,15,200,9,59,6,141,0,0,15,200,0,0,15,200,California
Colusa,2021-01-07,37,237,4,63,33,174,0,0,36,235,1,1,36,236,California
Colusa,2021-01-08,9,246,7,70,2,176,0,0,8,242,1,2,8,244,California
Colusa,2021-01-09,3,249,1,71,2,178,0,0,3,245,0,2,3,247,California
Colusa,2021-01-10,1,250,0,71,1,179,0,0,1,246,0,2,1,248,California
Colusa,2021-01-11,12,262,6,77,6,185,0,0,7,248,5,7,7,255,California
Colusa,2021-01-12,11,273,9,86,2,187,0,0,6,249,5,12,6,261,California
Colusa,2021-01-13,21,294,13,99,8,195,0,0,13,254,8,20,13,274,California
Colusa,2021-01-14,35,329,28,127,7,202,0,0,33,285,2,22,33,307,California
Colusa,2021-01-15,43,372,5,132,38,240,0,0,41,324,2,24,41,348,California
Colusa,2021-01-16,12,384,1,133,11,251,0,0,11,334,1,25,11,359,California
Colusa,2021-01-17,3,387,2,135,1,252,0,0,2,335,1,26,2,361,California
Colusa,2021-01-18,4,391,0,135,4,256,0,0,4,339,0,26,4,365,California
Colusa,2021-01-19,9,400,8,143,1,257,0,0,5,340,4,30,5,370,California
Colusa,2021-01-20,114,514,101,244,13,270,0,0,101,428,13,43,101,471,California
Colusa,2021-01-21,56,570,41,285,15,285,0,0,55,482,1,44,55,526,California
Colusa,2021-01-22,39,609,17,302,22,307,0,0,34,511,5,49,34,560,California
Colusa,2021-01-23,36,645,6,308,30,337,0,0,36,547,0,49,36,596,California
Colusa,2021-01-25,7,652,0,308,7,344,0,0,7,554,0,49,7,603,California
Colusa,2021-01-26,9,661,5,313,4,348,0,0,5,555,4,53,5,608,California
Colusa,2021-01-27,107,768,31,344,76,424,0,0,105,658,2,55,105,713,California
Colusa,2021-01-28,78,846,45,389,33,457,0,0,72,724,6,61,72,785,California
Colusa,2021-01-29,40,886,6,395,34,491,0,0,39,762,1,62,39,824,California
Colusa,2021-01-30,27,913,4,399,23,514,0,0,27,789,0,62,27,851,California
Colusa,2021-01-31,7,920,7,406,0,514,0,0,7,796,0,62,7,858,California
Colusa,2021-02-01,27,947,10,416,17,531,0,0,22,813,5,67,22,880,California
Colusa,2021-02-02,42,989,8,424,34,565,0,0,36,843,6,73,36,916,California
Colusa,2021-02-03,70,1059,10,434,60,625,0,0,59,891,11,84,59,975,California
Colusa,2021-02-04,143,1202,81,515,62,687,0,0,116,980,27,111,116,1091,California
Colusa,2021-02-05,33,1235,8,523,25,712,0,0,30,1007,3,114,30,1121,California
Colusa,2021-02-06,287,1522,8,531,279,991,0,0,275,1271,11,125,275,1396,California
Colusa,2021-02-07,2,1524,1,532,1,992,0,0,0,1269,2,127,0,1396,California
Colusa,2021-02-08,40,1564,5,537,35,1027,0,0,37,1303,3,130,37,1433,California
Colusa,2021-02-09,232,1796,14,551,218,1245,0,0,176,1423,56,186,176,1609,California
Colusa,2021-02-10,115,1911,41,592,74,1319,0,0,71,1451,44,230,72,1681,California
Colusa,2021-02-11,97,2008,36,628,61,1380,0,0,72,1498,25,255,72,1753,California
Colusa,2021-02-12,119,2127,9,637,110,1490,0,0,79,1536,41,296,79,1832,California
Colusa,2021-02-13,60,2187,9,646,51,1541,0,0,52,1580,8,304,52,1884,California
Colusa,2021-02-14,20,2207,8,654,12,1553,0,0,14,1589,5,309,14,1898,California
Colusa,2021-02-15,46,2253,10,664,36,1589,0,0,39,1621,7,316,39,1937,California
Colusa,2021-02-16,67,2320,4,668,63,1652,0,0,66,1686,1,317,66,2003,California
Colusa,2021-02-17,206,2526,143,811,63,1715,0,0,60,1600,146,463,60,2063,California
Colusa,2021-02-18,138,2664,36,847,102,1817,0,0,114,1690,24,487,114,2177,California
Colusa,2021-02-19,155,2819,19,866,136,1953,0,0,129,1793,26,513,129,2306,California
Colusa,2021-02-20,26,2845,5,871,21,1974,0,0,9,1786,17,530,10,2316,California
Colusa,2021-02-21,1,2846,1,872,0,1974,0,0,0,1785,1,531,0,2316,California
Colusa,2021-02-22,42,2888,25,897,17,1991,0,0,28,1799,14,545,28,2344,California
Colusa,2021-02-23,19,2907,4,901,15,2006,0,0,16,1812,3,548,16,2360,California
Colusa,2021-02-24,299,3206,54,955,245,2251,0,0,157,1827,142,690,157,2517,California
Colusa,2021-02-25,98,3304,53,1008,45,2296,0,0,63,1855,35,725,63,2580,California
Colusa,2021-02-26,98,3402,14,1022,84,2380,0,0,59,1875,39,764,59,2639,California
Colusa,2021-02-27,55,3457,4,1026,51,2431,0,0,40,1900,15,779,40,2679,California
Colusa,2021-02-28,26,3483,14,1040,12,2443,0,0,17,1908,9,788,17,2696,California
Colusa,2021-03-01,45,3528,15,1055,30,2473,0,0,28,1919,17,805,28,2724,California
Colusa,2021-03-02,47,3575,13,1068,34,2507,0,0,23,1919,23,828,23,2747,California
Colusa,2021-03-03,220,3795,37,1105,183,2690,0,0,164,2027,56,884,164,2911,California
Colusa,2021-03-04,135,3930,57,1162,78,2768,0,0,78,2048,57,941,78,2989,California
Colusa,2021-03-05,91,4021,19,1181,63,2831,9,9,45,2056,46,987,54,3043,California
Colusa,2021-03-06,246,4267,10,1191,236,3067,0,9,32,1874,214,1201,32,3075,California
Colusa,2021-03-07,8,4275,5,1196,3,3070,0,9,6,1878,2,1203,6,3081,California
Colusa,2021-03-08,84,4359,17,1213,30,3100,37,46,37,1904,47,1250,73,3154,California
Colusa,2021-03-09,262,4621,63,1276,180,3280,19,65,78,1817,184,1434,97,3251,California
Colusa,2021-03-10,241,4862,34,1310,193,3473,14,79,179,1949,61,1495,193,3444,California
Colusa,2021-03-11,400,5262,54,1364,324,3797,22,101,316,2203,84,1579,338,3782,California
Colusa,2021-03-12,91,5353,14,1378,65,3862,12,113,17,2159,74,1653,30,3812,California
Colusa,2021-03-13,55,5408,14,1392,34,3896,7,120,17,2145,38,1691,24,3836,California
Colusa,2021-03-14,11,5419,0,1392,9,3905,2,122,4,2144,7,1698,6,3842,California
Colusa,2021-03-15,69,5488,27,1419,35,3940,7,129,16,2114,53,1751,23,3865,California
Colusa,2021-03-16,267,5755,15,1434,205,4145,47,176,158,2210,109,1860,205,4070,California
Colusa,2021-03-17,165,5920,45,1479,120,4265,0,176,81,2207,84,1944,81,4151,California
Colusa,2021-03-18,284,6204,28,1507,188,4453,68,244,169,2329,115,2059,237,4388,California
Colusa,2021-03-19,58,6262,15,1522,42,4495,1,245,43,2358,15,2074,44,4432,California
Colusa,2021-03-20,36,6298,6,1528,29,4524,1,246,27,2377,9,2083,28,4460,California
Colusa,2021-03-21,6,6304,5,1533,1,4525,0,246,4,2379,2,2085,4,4464,California
Colusa,2021-03-22,59,6363,9,1542,42,4567,8,254,38,2404,21,2106,46,4510,California
Colusa,2021-03-23,74,6437,16,1558,56,4623,2,256,48,2429,25,2131,50,4560,California
Colusa,2021-03-24,330,6767,55,1613,272,4895,3,259,72,2246,257,2388,74,4634,California
Colusa,2021-03-25,102,6869,54,1667,43,4938,5,264,48,2245,54,2442,53,4687,California
Colusa,2021-03-26,281,7150,43,1710,235,5173,3,267,230,2431,51,2493,237,4924,California
Colusa,2021-03-27,64,7214,5,1715,59,5232,0,267,26,2419,38,2531,26,4950,California
Colusa,2021-03-28,16,7230,7,1722,9,5241,0,267,8,2419,8,2539,8,4958,California
Colusa,2021-03-29,68,7298,19,1741,44,5285,5,272,29,2414,39,2578,34,4992,California
Colusa,2021-03-30,139,7437,70,1811,67,5352,2,274,76,2429,63,2641,78,5070,California
Colusa,2021-03-31,223,7660,35,1846,188,5540,0,274,71,2367,152,2793,90,5160,California
Colusa,2021-04-01,279,7939,57,1903,208,5748,14,288,210,2523,69,2862,225,5385,California
Colusa,2021-04-02,42,7981,5,1908,34,5782,3,291,30,2544,12,2874,33,5418,California
Contra Costa,2020-12-15,19,19,19,19,0,0,0,0,19,19,0,0,19,19,California
Contra Costa,2020-12-16,522,541,522,541,0,0,0,0,522,541,0,0,522,541,California
Contra Costa,2020-12-17,906,1447,906,1447,0,0,0,0,906,1447,0,0,906,1447,California
Contra Costa,2020-12-18,1592,3039,1591,3038,1,1,0,0,1592,3039,0,0,1592,3039,California
Contra Costa,2020-12-19,1105,4144,1104,4142,1,2,0,0,1105,4144,0,0,1105,4144,California
Contra Costa,2020-12-20,582,4726,581,4723,1,3,0,0,582,4726,0,0,582,4726,California
Contra Costa,2020-12-21,1656,6382,1654,6377,2,5,0,0,1656,6382,0,0,1656,6382,California
Contra Costa,2020-12-22,1667,8049,1560,7937,107,112,0,0,1667,8049,0,0,1667,8049,California
Contra Costa,2020-12-23,1572,9621,1327,9264,245,357,0,0,1572,9621,0,0,1572,9621,California
Contra Costa,2020-12-24,649,10270,333,9597,316,673,0,0,649,10270,0,0,649,10270,California
Contra Costa,2020-12-25,38,10308,16,9613,22,695,0,0,38,10308,0,0,38,10308,California
Contra Costa,2020-12-26,643,10951,133,9746,510,1205,0,0,643,10951,0,0,643,10951,California
Contra Costa,2020-12-27,238,11189,84,9830,154,1359,0,0,238,11189,0,0,238,11189,California
Contra Costa,2020-12-28,1819,13008,855,10685,964,2323,0,0,1819,13008,0,0,1819,13008,California
Contra Costa,2020-12-29,1829,14837,824,11509,1005,3328,0,0,1829,14837,0,0,1829,14837,California
Contra Costa,2020-12-30,2393,17230,1211,12720,1182,4510,0,0,2392,17229,0,0,2392,17229,California
Contra Costa,2020-12-31,909,18139,306,13026,603,5113,0,0,908,18137,0,0,908,18137,California
Contra Costa,2021-01-01,57,18196,23,13049,34,5147,0,0,57,18194,0,0,57,18194,California
Contra Costa,2021-01-02,332,18528,170,13219,162,5309,0,0,332,18526,0,0,332,18526,California
Contra Costa,2021-01-03,173,18701,115,13334,58,5367,0,0,172,18698,0,0,172,18698,California
Contra Costa,2021-01-04,1906,20607,1247,14581,659,6026,0,0,1886,20566,18,18,1886,20584,California
Contra Costa,2021-01-05,2095,22702,1254,15835,841,6867,0,0,1837,22147,257,275,1838,22422,California
Contra Costa,2021-01-06,3267,25969,2242,18077,1025,7892,0,0,2508,23904,753,1028,2510,24932,California
Contra Costa,2021-01-07,3085,29054,2053,20130,1032,8924,0,0,1873,24571,1209,2237,1876,26808,California
Contra Costa,2021-01-08,3360,32414,2376,22506,984,9908,0,0,1805,24830,1549,3786,1808,28616,California
Contra Costa,2021-01-09,1581,33995,1130,23636,451,10359,0,0,753,24757,827,4613,754,29370,California
Contra Costa,2021-01-10,361,34356,286,23922,75,10434,0,0,152,24700,209,4822,152,29522,California
Contra Costa,2021-01-11,3815,38171,3101,27023,714,11148,0,0,2222,25331,1593,6415,2224,31746,California
Contra Costa,2021-01-12,3893,42064,2923,29946,970,12118,0,0,2573,26584,1321,7736,2574,34320,California
Contra Costa,2021-01-13,4661,46725,2875,32821,1786,13904,0,0,3734,29397,923,8659,3736,38056,California
Contra Costa,2021-01-14,4294,51019,1556,34377,2738,16642,0,0,3907,32917,387,9046,3907,41963,California
Contra Costa,2021-01-15,5331,56350,2473,36850,2858,19500,0,0,5005,37601,325,9371,5009,46972,California
Contra Costa,2021-01-16,1714,58064,554,37404,1160,20660,0,0,1638,39163,76,9447,1638,48610,California
Contra Costa,2021-01-17,1645,59709,983,38387,662,21322,0,0,1519,40558,126,9573,1521,50131,California
Contra Costa,2021-01-18,3205,62914,1257,39644,1948,23270,0,0,2576,42513,623,10196,2578,52709,California
Contra Costa,2021-01-19,7059,69973,3155,42799,3904,27174,0,0,6061,47585,995,11191,6067,58776,California
Contra Costa,2021-01-20,6581,76554,4032,46831,2549,29723,0,0,5354,51723,1222,12413,5360,64136,California
Contra Costa,2021-01-21,6959,83513,3089,49920,3870,33593,0,0,6240,57253,714,13127,6244,70380,California
Contra Costa,2021-01-22,6343,89856,2693,52613,3650,37243,0,0,5485,61891,849,13976,5487,75867,California
Contra Costa,2021-01-23,2016,91872,356,52969,1660,38903,0,0,1763,63405,251,14227,1765,77632,California
Contra Costa,2021-01-24,1577,93449,213,53182,1364,40267,0,0,1432,64696,145,14372,1436,79068,California
Contra Costa,2021-01-25,6617,100066,3004,56186,3613,43880,0,0,5058,68201,1558,15930,5063,84131,California
Contra Costa,2021-01-26,8053,108119,4661,60847,3392,47272,0,0,6223,72605,1823,17753,6227,90358,California
Contra Costa,2021-01-27,8216,116335,5488,66335,2728,50000,0,0,6328,77137,1798,19551,6330,96688,California
Contra Costa,2021-01-28,7356,123691,4043,70378,3313,53313,0,0,5780,81349,1570,21121,5782,102470,California
Contra Costa,2021-01-29,7426,131117,3876,74254,3550,56863,0,0,6125,86178,1298,22419,6127,108597,California
Contra Costa,2021-01-30,2043,133160,558,74812,1485,58348,0,0,1719,87580,317,22736,1719,110316,California
Contra Costa,2021-01-31,744,133904,526,75338,218,58566,0,0,570,87982,168,22904,570,110886,California
Contra Costa,2021-02-01,5515,139419,3759,79097,1756,60322,0,0,3884,90246,1625,24529,3889,114775,California
Contra Costa,2021-02-02,7752,147171,5277,84374,2475,62797,0,0,5904,94305,1846,26375,5905,120680,California
Contra Costa,2021-02-03,8268,155439,5471,89845,2797,65594,0,0,5639,97324,2621,28996,5640,126320,California
Contra Costa,2021-02-04,7439,162878,3526,93371,3913,69507,0,0,5725,101340,1711,30707,5727,132047,California
Contra Costa,2021-02-05,8421,171299,4826,98197,3595,73102,0,0,5726,104377,2689,33396,5726,137773,California
Contra Costa,2021-02-06,3458,174757,2148,100345,1310,74412,0,0,2810,106541,647,34043,2811,140584,California
Contra Costa,2021-02-07,981,175738,713,101058,268,74680,0,0,605,106771,375,34418,605,141189,California
Contra Costa,2021-02-08,5803,181541,3442,104500,2361,77041,0,0,4323,109620,1475,35893,4324,145513,California
Contra Costa,2021-02-09,8621,190162,4763,109263,3858,80899,0,0,5753,112510,2863,38756,5753,151266,California
Contra Costa,2021-02-10,8575,198737,4620,113883,3955,84854,0,0,5390,114730,3173,41929,5393,156659,California
Contra Costa,2021-02-11,9185,207922,4192,118075,4993,89847,0,0,5235,116022,3944,45873,5236,161895,California
Contra Costa,2021-02-12,10039,217961,4603,122678,5436,95283,0,0,5452,116896,4582,50455,5456,167351,California
Contra Costa,2021-02-13,4843,222804,1348,124026,3495,98778,0,0,3381,118818,1459,51914,3381,170732,California
Contra Costa,2021-02-14,2068,224872,855,124881,1213,99991,0,0,1212,119175,855,52769,1212,171944,California
Contra Costa,2021-02-15,4417,229289,2453,127334,1964,101955,0,0,2333,119433,2078,54847,2336,174280,California
Contra Costa,2021-02-16,10386,239675,4889,132223,5497,107452,0,0,4630,118319,5749,60596,4635,178915,California
Contra Costa,2021-02-17,12201,251876,6093,138316,6108,113560,0,0,5577,117288,6610,67206,5579,184494,California
Contra Costa,2021-02-18,11414,263290,5956,144272,5458,119018,0,0,5291,116467,6114,73320,5293,189787,California
Contra Costa,2021-02-19,11383,274673,7096,151368,4287,123305,0,0,5166,115431,6203,79523,5167,194954,California
Contra Costa,2021-02-20,6463,281136,2908,154276,3555,126860,0,0,4583,118149,1865,81388,4583,199537,California
Contra Costa,2021-02-21,1752,282888,1204,155480,548,127408,0,0,1058,118515,693,82081,1059,200596,California
Contra Costa,2021-02-22,7504,290392,5068,160548,2436,129844,0,0,3479,117978,4017,86098,3480,204076,California
Contra Costa,2021-02-23,11846,302238,7230,167778,4616,134460,0,0,5893,117936,5939,92037,5897,209973,California
Contra Costa,2021-02-24,10446,312684,7666,175444,2780,137240,0,0,5047,117603,5383,97420,5050,215023,California
Contra Costa,2021-02-25,11422,324106,7181,182625,4241,141481,0,0,5188,116582,6214,103634,5193,220216,California
Contra Costa,2021-02-26,10638,334744,6729,189354,3909,145390,0,0,5253,116472,5370,109004,5260,225476,California
Contra Costa,2021-02-27,6580,341324,4197,193551,2383,147773,0,0,4081,118062,2493,111497,4083,229559,California
Contra Costa,2021-02-28,3777,345101,3124,196675,653,148426,0,0,3184,120657,591,112088,3186,232745,California
Contra Costa,2021-03-01,8029,353130,6031,202706,1998,150424,0,0,4928,122498,3089,115177,4930,237675,California
Contra Costa,2021-03-02,9952,363082,6210,208916,3740,154164,2,2,5126,122814,4814,119991,5130,242805,California
Contra Costa,2021-03-03,10140,373222,6323,215239,3817,157981,0,2,5380,123452,4743,124734,5381,248186,California
Contra Costa,2021-03-04,10786,384008,6239,221478,4547,162528,0,2,5254,123192,5516,130250,5256,253442,California
Contra Costa,2021-03-05,9805,393813,5719,227197,4081,166609,5,7,5257,123922,4535,134785,5265,258707,California
Contra Costa,2021-03-06,6953,400766,3948,231145,2713,169322,292,299,4452,126175,2492,137277,4745,263452,California
Contra Costa,2021-03-07,3551,404317,2235,233380,1259,170581,57,356,2891,128466,658,137935,2949,266401,California
Contra Costa,2021-03-08,7901,412218,3695,237075,3933,174514,273,629,5283,131423,2605,140540,5562,271963,California
Contra Costa,2021-03-09,10083,422301,4923,241998,4859,179373,301,930,4966,131581,5113,145653,5271,277234,California
Contra Costa,2021-03-10,11777,434078,5891,247889,4469,183842,1417,2347,5294,131820,6475,152128,6714,283948,California
Contra Costa,2021-03-11,11916,445994,6249,254138,5220,189062,447,2794,6095,132561,5805,157933,6546,290494,California
Contra Costa,2021-03-12,11084,457078,4587,258725,6174,195236,323,3117,5700,133217,5372,163305,6028,296522,California
Contra Costa,2021-03-13,6922,464000,2758,261483,3804,199040,360,3477,2757,132182,4151,167456,3116,299638,California
Contra Costa,2021-03-14,4014,468014,2412,263895,1143,200183,459,3936,1954,132540,2054,169510,2412,302050,California
Contra Costa,2021-03-15,9281,477295,5026,268921,3513,203696,742,4678,4694,133405,4575,174085,5440,307490,California
Contra Costa,2021-03-16,14120,491415,8360,277281,5362,209058,398,5076,7153,134013,6946,181031,7554,315044,California
Contra Costa,2021-03-17,14346,505761,9808,287089,4337,213395,201,5277,8128,136157,6197,187228,8341,323385,California
Contra Costa,2021-03-18,13338,519099,7302,294391,5632,219027,404,5681,7540,138335,5777,193005,7955,331340,California
Contra Costa,2021-03-19,12273,531372,7268,301659,3941,222968,1064,6745,6339,139833,5922,198927,7420,338760,California
Contra Costa,2021-03-20,6894,538266,4035,305694,2629,225597,230,6975,3524,140236,3356,202283,3759,342519,California
Contra Costa,2021-03-21,4332,542598,3758,309452,481,226078,93,7068,2068,140138,2261,204544,2163,344682,California
Contra Costa,2021-03-22,11311,553909,8492,317944,2584,228662,235,7303,6912,142914,4390,208934,7166,351848,California
Contra Costa,2021-03-23,15205,569114,10382,328326,4653,233315,170,7473,9201,146332,5983,214917,9401,361249,California
Contra Costa,2021-03-24,14642,583756,11365,339691,3069,236384,208,7681,9052,150272,5567,220484,9507,370756,California
Contra Costa,2021-03-25,14928,598684,11554,351245,3098,239482,276,7957,9202,154628,5693,226177,10049,380805,California
Contra Costa,2021-03-26,14609,613293,10393,361638,3816,243298,400,8357,8590,158215,5998,232175,9585,390390,California
Contra Costa,2021-03-27,10150,623443,6522,368160,3137,246435,491,8848,5562,159796,4577,236752,6158,396548,California
Contra Costa,2021-03-28,4061,627504,2865,371025,1138,247573,58,8906,1728,159270,2326,239078,1800,398348,California
Contra Costa,2021-03-29,10603,638107,8259,379284,2235,249808,109,9015,6901,162636,3689,242767,7055,405403,California
Contra Costa,2021-03-30,16090,654197,8822,388106,6003,255811,1265,10280,10642,169199,5433,248200,11996,417399,California
Contra Costa,2021-03-31,17131,671328,11945,400051,3828,259639,1358,11638,11043,175651,6064,254264,12516,429915,California
Contra Costa,2021-04-01,16463,687791,11501,411552,3701,263340,1261,12899,10624,181970,5823,260087,12142,442057,California
Contra Costa,2021-04-02,13903,701694,10822,422374,2259,265599,822,13721,9567,188467,4327,264414,10824,452881,California
Del Norte,2020-12-19,1,1,1,1,0,0,0,0,1,1,0,0,1,1,California
Del Norte,2020-12-21,23,24,23,24,0,0,0,0,23,24,0,0,23,24,California
Del Norte,2020-12-22,46,70,46,70,0,0,0,0,46,70,0,0,46,70,California
Del Norte,2020-12-23,58,128,48,118,10,10,0,0,57,127,0,0,57,127,California
Del Norte,2020-12-28,34,162,34,152,0,10,0,0,34,161,0,0,34,161,California
Del Norte,2020-12-29,4,166,4,156,0,10,0,0,4,165,0,0,4,165,California
Del Norte,2020-12-30,67,233,55,211,12,22,0,0,68,233,0,0,68,233,California
Del Norte,2020-12-31,16,249,13,224,3,25,0,0,16,249,0,0,16,249,California
Del Norte,2021-01-04,102,351,49,273,53,78,0,0,102,351,0,0,102,351,California
Del Norte,2021-01-05,33,384,0,273,33,111,0,0,33,384,0,0,33,384,California
Del Norte,2021-01-06,78,462,18,291,60,171,0,0,78,462,0,0,78,462,California
Del Norte,2021-01-07,21,483,1,292,20,191,0,0,21,483,0,0,21,483,California
Del Norte,2021-01-08,77,560,7,299,70,261,0,0,77,560,0,0,77,560,California
Del Norte,2021-01-09,1,561,1,300,0,261,0,0,0,559,1,1,0,560,California
Del Norte,2021-01-11,40,601,21,321,19,280,0,0,18,556,22,23,19,579,California
Del Norte,2021-01-12,50,651,32,353,18,298,0,0,29,564,21,44,29,608,California
Del Norte,2021-01-13,85,736,40,393,45,343,0,0,52,583,33,77,52,660,California
Del Norte,2021-01-14,52,788,14,407,38,381,0,0,46,623,6,83,46,706,California
Del Norte,2021-01-15,107,895,18,425,89,470,0,0,95,706,12,95,95,801,California
Del Norte,2021-01-17,1,896,1,426,0,470,0,0,1,707,0,95,1,802,California
Del Norte,2021-01-18,2,898,0,426,2,472,0,0,2,709,0,95,2,804,California
Del Norte,2021-01-19,119,1017,56,482,63,535,0,0,77,744,42,137,77,881,California
Del Norte,2021-01-20,157,1174,83,565,74,609,0,0,96,779,61,198,96,977,California
Del Norte,2021-01-21,43,1217,40,605,3,612,0,0,32,800,11,209,32,1009,California
Del Norte,2021-01-22,19,1236,16,621,3,615,0,0,12,805,7,216,12,1021,California
Del Norte,2021-01-23,1,1237,0,621,1,616,0,0,1,806,0,216,1,1022,California
Del Norte,2021-01-24,1,1238,0,621,1,617,0,0,1,807,0,216,1,1023,California
Del Norte,2021-01-25,97,1335,79,700,18,635,0,0,53,816,44,260,53,1076,California
Del Norte,2021-01-26,18,1353,11,711,7,642,0,0,7,812,11,271,7,1083,California
Del Norte,2021-01-27,64,1417,21,732,43,685,0,0,61,870,3,274,61,1144,California
Del Norte,2021-01-28,291,1708,20,752,271,956,0,0,287,1153,4,278,287,1431,California
Del Norte,2021-01-29,50,1758,19,771,31,987,0,0,41,1185,9,287,41,1472,California
Del Norte,2021-01-30,8,1766,1,772,7,994,0,0,8,1193,0,287,8,1480,California
Del Norte,2021-02-01,41,1807,1,773,40,1034,0,0,26,1204,15,302,26,1506,California
Del Norte,2021-02-02,142,1949,34,807,108,1142,0,0,73,1209,68,370,73,1579,California
Del Norte,2021-02-03,126,2075,40,847,86,1228,0,0,71,1225,55,425,71,1650,California
Del Norte,2021-02-04,71,2146,29,876,42,1270,0,0,42,1238,29,454,42,1692,California
Del Norte,2021-02-05,182,2328,22,898,160,1430,0,0,119,1295,62,516,119,1811,California
Del Norte,2021-02-06,305,2633,7,905,298,1728,0,0,305,1600,0,516,305,2116,California
Del Norte,2021-02-07,4,2637,3,908,1,1729,0,0,4,1604,0,516,4,2120,California
Del Norte,2021-02-08,36,2673,1,909,35,1764,0,0,32,1632,4,520,32,2152,California
Del Norte,2021-02-09,8,2681,5,914,3,1767,0,0,2,1628,6,526,2,2154,California
Del Norte,2021-02-10,143,2824,20,934,123,1890,0,0,86,1658,56,582,86,2240,California
Del Norte,2021-02-11,175,2999,58,992,117,2007,0,0,63,1609,112,694,63,2303,California
Del Norte,2021-02-12,120,3119,14,1006,106,2113,0,0,66,1621,54,748,66,2369,California
Del Norte,2021-02-13,2,3121,1,1007,1,2114,0,0,2,1623,0,748,2,2371,California
Del Norte,2021-02-14,3,3124,1,1008,2,2116,0,0,2,1624,1,749,2,2373,California
Del Norte,2021-02-15,4,3128,0,1008,4,2120,0,0,2,1624,2,751,2,2375,California
Del Norte,2021-02-16,132,3260,1,1009,131,2251,0,0,13,1518,119,870,13,2388,California
Del Norte,2021-02-17,90,3350,19,1028,71,2322,0,0,23,1474,67,937,23,2411,California
Del Norte,2021-02-18,76,3426,24,1052,52,2374,0,0,50,1498,26,963,50,2461,California
Del Norte,2021-02-19,45,3471,18,1070,27,2401,0,0,35,1523,10,973,35,2496,California
Del Norte,2021-02-20,9,3480,6,1076,3,2404,0,0,7,1528,2,975,7,2503,California
Del Norte,2021-02-22,2,3482,0,1076,2,2406,0,0,2,1530,0,975,2,2505,California
Del Norte,2021-02-23,101,3583,83,1159,18,2424,0,0,30,1489,71,1046,30,2535,California
Del Norte,2021-02-24,152,3735,98,1257,54,2478,0,0,79,1495,73,1119,79,2614,California
Del Norte,2021-02-25,466,4201,129,1386,337,2815,0,0,208,1445,258,1377,208,2822,California
Del Norte,2021-02-26,201,4402,165,1551,36,2851,0,0,155,1554,46,1423,155,2977,California
Del Norte,2021-02-27,154,4556,146,1697,8,2859,0,0,144,1688,10,1433,144,3121,California
Del Norte,2021-02-28,6,4562,3,1700,3,2862,0,0,3,1688,3,1436,3,3124,California
Del Norte,2021-03-01,28,4590,2,1702,26,2888,0,0,5,1670,23,1459,5,3129,California
Del Norte,2021-03-02,210,4800,140,1842,70,2958,0,0,178,1816,32,1491,178,3307,California
Del Norte,2021-03-03,152,4952,90,1932,62,3020,0,0,112,1888,40,1531,112,3419,California
Del Norte,2021-03-04,121,5073,83,2015,38,3058,0,0,91,1950,29,1560,91,3510,California
Del Norte,2021-03-05,91,5164,8,2023,83,3141,0,0,43,1945,48,1608,43,3553,California
Del Norte,2021-03-06,427,5591,80,2103,297,3438,50,50,153,1831,274,1882,160,3713,California
Del Norte,2021-03-07,3,5594,2,2105,1,3439,0,50,2,1832,1,1883,2,3715,California
Del Norte,2021-03-08,27,5621,1,2106,24,3463,2,52,4,1815,23,1906,6,3721,California
Del Norte,2021-03-09,171,5792,95,2201,72,3535,4,56,160,1968,11,1917,164,3885,California
Del Norte,2021-03-10,129,5921,11,2212,92,3627,26,82,46,1957,83,2000,72,3957,California
Del Norte,2021-03-11,142,6063,49,2261,91,3718,2,84,97,2011,45,2045,99,4056,California
Del Norte,2021-03-12,160,6223,90,2351,70,3788,0,84,115,2081,45,2090,115,4171,California
Del Norte,2021-03-13,94,6317,92,2443,2,3790,0,84,89,2165,5,2095,89,4260,California
Del Norte,2021-03-14,1,6318,0,2443,0,3790,1,85,0,2165,1,2096,1,4261,California
Del Norte,2021-03-15,40,6358,0,2443,39,3829,1,86,35,2196,5,2101,36,4297,California
Del Norte,2021-03-16,260,6618,129,2572,129,3958,2,88,238,2414,22,2123,240,4537,California
Del Norte,2021-03-17,269,6887,88,2660,180,4138,1,89,166,2478,103,2226,167,4704,California
Del Norte,2021-03-18,261,7148,107,2767,151,4289,3,92,136,2493,124,2350,139,4843,California
Del Norte,2021-03-19,185,7333,111,2878,68,4357,6,98,62,2438,123,2473,68,4911,California
Del Norte,2021-03-20,150,7483,148,3026,2,4359,0,98,11,2310,139,2612,11,4922,California
Del Norte,2021-03-21,4,7487,1,3027,3,4362,0,98,2,2310,2,2614,2,4924,California
Del Norte,2021-03-22,46,7533,6,3033,39,4401,1,99,43,2351,3,2617,44,4968,California
Del Norte,2021-03-23,324,7857,163,3196,143,4544,18,117,155,2357,167,2784,173,5141,California
Del Norte,2021-03-24,330,8187,110,3306,217,4761,3,120,214,2459,116,2900,218,5359,California
Del Norte,2021-03-25,196,8383,89,3395,107,4868,0,120,88,2440,107,3007,88,5447,California
Del Norte,2021-03-26,223,8606,110,3505,113,4981,0,120,188,2593,35,3042,188,5635,California
Del Norte,2021-03-27,107,8713,87,3592,6,4987,14,134,20,2540,87,3129,34,5669,California
Del Norte,2021-03-28,5,8718,2,3594,3,4990,0,134,1,2537,4,3133,1,5670,California
Del Norte,2021-03-29,55,8773,7,3601,34,5024,14,148,33,2562,22,3155,47,5717,California
Del Norte,2021-03-30,331,9104,116,3717,205,5229,10,158,131,2525,200,3355,163,5880,California
Del Norte,2021-03-31,226,9330,94,3811,114,5343,18,176,95,2580,131,3486,186,6066,California
Del Norte,2021-04-01,159,9489,61,3872,69,5412,29,205,69,2592,89,3575,101,6167,California
Del Norte,2021-04-02,133,9622,1,3873,93,5505,39,244,59,2617,74,3649,99,6266,California
El Dorado,2020-12-15,12,12,12,12,0,0,0,0,12,12,0,0,12,12,California
El Dorado,2020-12-16,40,52,40,52,0,0,0,0,40,52,0,0,40,52,California
El Dorado,2020-12-17,31,83,31,83,0,0,0,0,31,83,0,0,31,83,California
El Dorado,2020-12-18,235,318,235,318,0,0,0,0,235,318,0,0,235,318,California
El Dorado,2020-12-19,116,434,116,434,0,0,0,0,116,434,0,0,116,434,California
El Dorado,2020-12-20,84,518,84,518,0,0,0,0,84,518,0,0,84,518,California
El Dorado,2020-12-21,304,822,303,821,1,1,0,0,304,822,0,0,304,822,California
El Dorado,2020-12-22,239,1061,215,1036,24,25,0,0,239,1061,0,0,239,1061,California
El Dorado,2020-12-23,189,1250,139,1175,50,75,0,0,189,1250,0,0,189,1250,California
El Dorado,2020-12-24,87,1337,65,1240,22,97,0,0,87,1337,0,0,87,1337,California
El Dorado,2020-12-25,8,1345,8,1248,0,97,0,0,8,1345,0,0,8,1345,California
El Dorado,2020-12-26,43,1388,25,1273,18,115,0,0,43,1388,0,0,43,1388,California
El Dorado,2020-12-27,37,1425,33,1306,4,119,0,0,37,1425,0,0,37,1425,California
El Dorado,2020-12-28,216,1641,170,1476,46,165,0,0,216,1641,0,0,216,1641,California
El Dorado,2020-12-29,452,2093,138,1614,314,479,0,0,452,2093,0,0,452,2093,California
El Dorado,2020-12-30,504,2597,135,1749,369,848,0,0,504,2597,0,0,504,2597,California
El Dorado,2020-12-31,108,2705,68,1817,40,888,0,0,108,2705,0,0,108,2705,California
El Dorado,2021-01-01,7,2712,4,1821,3,891,0,0,7,2712,0,0,7,2712,California
El Dorado,2021-01-02,148,2860,137,1958,11,902,0,0,148,2860,0,0,148,2860,California
El Dorado,2021-01-03,89,2949,16,1974,73,975,0,0,89,2949,0,0,89,2949,California
El Dorado,2021-01-04,190,3139,62,2036,128,1103,0,0,190,3139,0,0,190,3139,California
El Dorado,2021-01-05,200,3339,46,2082,154,1257,0,0,184,3307,16,16,184,3323,California
El Dorado,2021-01-06,259,3598,187,2269,72,1329,0,0,196,3440,63,79,196,3519,California
El Dorado,2021-01-07,326,3924,134,2403,192,1521,0,0,255,3624,71,150,255,3774,California
El Dorado,2021-01-08,971,4895,500,2903,471,1992,0,0,769,4192,202,352,770,4544,California
El Dorado,2021-01-09,191,5086,155,3058,36,2028,0,0,123,4247,68,420,123,4667,California
El Dorado,2021-01-10,180,5266,129,3187,51,2079,0,0,111,4289,69,489,111,4778,California
El Dorado,2021-01-11,654,5920,290,3477,364,2443,0,0,459,4554,194,683,459,5237,California
El Dorado,2021-01-12,693,6613,419,3896,274,2717,0,0,445,4751,248,931,445,5682,California
El Dorado,2021-01-13,692,7305,295,4191,397,3114,0,0,533,5126,159,1090,534,6216,California
El Dorado,2021-01-14,673,7978,218,4409,455,3569,0,0,577,5607,96,1186,577,6793,California
El Dorado,2021-01-15,668,8646,181,4590,487,4056,0,0,596,6131,72,1258,596,7389,California
El Dorado,2021-01-16,171,8817,104,4694,67,4123,0,0,144,6248,27,1285,144,7533,California
El Dorado,2021-01-17,96,8913,44,4738,52,4175,0,0,80,6312,16,1301,80,7613,California
El Dorado,2021-01-18,416,9329,138,4876,278,4453,0,0,348,6592,68,1369,348,7961,California
El Dorado,2021-01-19,632,9961,345,5221,287,4740,0,0,484,6928,148,1517,484,8445,California
El Dorado,2021-01-20,1006,10967,684,5905,322,5062,0,0,894,7711,111,1628,894,9339,California
El Dorado,2021-01-21,1140,12107,562,6467,578,5640,0,0,934,8481,164,1792,934,10273,California
El Dorado,2021-01-22,1091,13198,704,7171,387,6027,0,0,1040,9471,50,1842,1040,11313,California
El Dorado,2021-01-23,737,13935,618,7789,119,6146,0,0,627,9988,110,1952,627,11940,California
El Dorado,2021-01-24,125,14060,75,7864,50,6196,0,0,107,10077,18,1970,107,12047,California
El Dorado,2021-01-25,605,14665,200,8064,405,6601,0,0,517,10506,88,2058,517,12564,California
El Dorado,2021-01-26,666,15331,357,8421,309,6910,0,0,566,10973,100,2158,567,13131,California
El Dorado,2021-01-27,921,16252,327,8748,594,7504,0,0,588,11227,334,2492,588,13719,California
El Dorado,2021-01-28,1097,17349,449,9197,648,8152,0,0,738,11606,359,2851,738,14457,California
El Dorado,2021-01-29,964,18313,489,9686,475,8627,0,0,735,12113,228,3079,735,15192,California
El Dorado,2021-01-30,610,18923,359,10045,251,8878,0,0,451,12405,159,3238,451,15643,California
El Dorado,2021-01-31,206,19129,185,10230,21,8899,0,0,176,12551,30,3268,176,15819,California
El Dorado,2021-02-01,787,19916,367,10597,420,9319,0,0,642,13049,144,3412,642,16461,California
El Dorado,2021-02-02,816,20732,361,10958,455,9774,0,0,660,13554,155,3567,660,17121,California
El Dorado,2021-02-03,891,21623,476,11434,415,10189,0,0,681,14025,210,3777,681,17802,California
El Dorado,2021-02-04,1267,22890,722,12156,545,10734,0,0,874,14506,393,4170,874,18676,California
El Dorado,2021-02-05,1477,24367,596,12752,881,11615,0,0,868,14799,575,4745,868,19544,California
El Dorado,2021-02-06,639,25006,334,13086,305,11920,0,0,532,15225,107,4852,533,20077,California
El Dorado,2021-02-07,255,25261,176,13262,79,11999,0,0,190,15350,65,4917,190,20267,California
El Dorado,2021-02-08,876,26137,415,13677,461,12460,0,0,604,15682,272,5189,604,20871,California
El Dorado,2021-02-09,886,27023,484,14161,402,12862,0,0,468,15732,418,5607,468,21339,California
El Dorado,2021-02-10,1213,28236,725,14886,488,13350,0,0,625,15770,587,6194,625,21964,California
El Dorado,2021-02-11,2069,30305,872,15758,1197,14547,0,0,912,15527,1156,7350,913,22877,California
El Dorado,2021-02-12,1521,31826,824,16582,697,15244,0,0,659,15324,862,8212,659,23536,California
El Dorado,2021-02-13,964,32790,670,17252,294,15538,0,0,421,15205,540,8752,421,23957,California
El Dorado,2021-02-14,472,33262,151,17403,321,15859,0,0,390,15513,82,8834,390,24347,California
El Dorado,2021-02-15,1127,34389,385,17788,742,16601,0,0,781,15951,346,9180,784,25131,California
El Dorado,2021-02-16,1151,35540,525,18313,626,17227,0,0,646,16093,505,9685,647,25778,California
El Dorado,2021-02-17,848,36388,374,18687,474,17701,0,0,395,16038,453,10138,398,26176,California
El Dorado,2021-02-18,2063,38451,1007,19694,1056,18757,0,0,1344,16665,718,10856,1345,27521,California
El Dorado,2021-02-19,1154,39605,601,20295,553,19310,0,0,646,16804,508,11364,647,28168,California
El Dorado,2021-02-20,919,40524,431,20726,488,19798,0,0,672,17234,242,11606,672,28840,California
El Dorado,2021-02-21,276,40800,222,20948,54,19852,0,0,96,17150,180,11786,96,28936,California
El Dorado,2021-02-22,855,41655,436,21384,419,20271,0,0,274,16844,580,12366,274,29210,California
El Dorado,2021-02-23,739,42394,465,21849,274,20545,0,0,316,16737,423,12789,316,29526,California
El Dorado,2021-02-24,906,43300,440,22289,466,21011,0,0,368,16568,538,13327,369,29895,California
El Dorado,2021-02-25,1492,44792,859,23148,633,21644,0,0,625,16335,860,14187,627,30522,California
El Dorado,2021-02-26,2227,47019,1460,24608,767,22411,0,0,1531,17170,696,14883,1531,32053,California
El Dorado,2021-02-27,1614,48633,413,25021,1201,23612,0,0,1177,17914,433,15316,1177,33230,California
El Dorado,2021-02-28,556,49189,199,25220,357,23969,0,0,407,18172,149,15465,407,33637,California
El Dorado,2021-03-01,1057,50246,443,25663,614,24583,0,0,568,18252,488,15953,568,34205,California
El Dorado,2021-03-02,853,51099,264,25927,589,25172,0,0,436,18274,415,16368,437,34642,California
El Dorado,2021-03-03,1451,52550,413,26340,1038,26210,0,0,999,18828,447,16815,1001,35643,California
El Dorado,2021-03-04,2181,54731,1374,27714,807,27017,0,0,966,18582,1213,18028,967,36610,California
El Dorado,2021-03-05,1221,55952,259,27973,957,27974,5,5,757,18884,461,18489,763,37373,California
El Dorado,2021-03-06,604,56556,190,28163,384,28358,30,35,314,18938,290,18779,344,37717,California
El Dorado,2021-03-07,401,56957,199,28362,181,28539,21,56,240,19040,159,18938,261,37978,California
El Dorado,2021-03-08,1247,58204,367,28729,813,29352,67,123,791,19445,455,19393,860,38838,California
El Dorado,2021-03-09,897,59101,225,28954,609,29961,63,186,547,19708,348,19741,611,39449,California
El Dorado,2021-03-10,772,59873,330,29284,420,30381,22,208,466,19892,304,20045,488,39937,California
El Dorado,2021-03-11,2771,62644,1780,31064,822,31203,169,377,1231,19758,1533,21578,1399,41336,California
El Dorado,2021-03-12,1460,64104,604,31668,624,31827,232,609,545,19630,911,22489,783,42119,California
El Dorado,2021-03-13,926,65030,345,32013,325,32152,256,865,336,19632,588,23077,590,42709,California
El Dorado,2021-03-14,664,65694,201,32214,358,32510,105,970,240,19554,424,23501,346,43055,California
El Dorado,2021-03-15,1276,66970,300,32514,853,33363,123,1093,517,19439,756,24257,641,43696,California
El Dorado,2021-03-16,1127,68097,385,32899,603,33966,139,1232,498,19451,625,24882,637,44333,California
El Dorado,2021-03-17,965,69062,316,33215,556,34522,93,1325,601,19782,364,25246,695,45028,California
El Dorado,2021-03-18,1924,70986,973,34188,909,35431,42,1367,1184,20274,735,25981,1227,46255,California
El Dorado,2021-03-19,830,71816,269,34457,436,35867,125,1492,430,20429,400,26381,555,46810,California
El Dorado,2021-03-20,745,72561,178,34635,554,36421,13,1505,258,20224,476,26857,271,47081,California
El Dorado,2021-03-21,930,73491,379,35014,544,36965,7,1512,840,20983,89,26946,848,47929,California
El Dorado,2021-03-22,1394,74885,447,35461,866,37831,81,1593,1099,21873,292,27238,1182,49111,California
El Dorado,2021-03-23,1026,75911,437,35898,499,38330,90,1683,648,22243,369,27607,739,49850,California
El Dorado,2021-03-24,1268,77179,590,36488,486,38816,192,1875,579,22341,682,28289,780,50630,California
El Dorado,2021-03-25,2263,79442,1572,38060,588,39404,103,1978,1257,22797,1003,29292,1459,52089,California
El Dorado,2021-03-26,1623,81065,644,38704,873,40277,106,2084,834,23093,778,30070,1074,53163,California
El Dorado,2021-03-27,1241,82306,162,38866,1075,41352,4,2088,292,22456,943,31013,306,53469,California
El Dorado,2021-03-28,573,82879,171,39037,391,41743,11,2099,174,22245,397,31410,186,53655,California
El Dorado,2021-03-29,1181,84060,428,39465,740,42483,13,2112,742,22568,436,31846,759,54414,California
El Dorado,2021-03-30,1218,85278,414,39879,716,43199,88,2200,613,22674,602,32448,708,55122,California
El Dorado,2021-03-31,1412,86690,573,40452,772,43971,67,2267,636,22631,773,33221,730,55852,California
El Dorado,2021-04-01,2865,89555,1596,42048,1191,45162,78,2345,1314,22562,1550,34771,1481,57333,California
El Dorado,2021-04-02,999,90554,396,42444,587,45749,16,2361,252,22177,745,35516,360,57693,California
Fresno,2020-12-15,1,1,1,1,0,0,0,0,1,1,0,0,1,1,California
Fresno,2020-12-16,120,121,120,121,0,0,0,0,120,121,0,0,120,121,California
Fresno,2020-12-17,119,240,119,240,0,0,0,0,119,240,0,0,119,240,California
Fresno,2020-12-18,344,584,344,584,0,0,0,0,344,584,0,0,344,584,California
Fresno,2020-12-19,157,741,157,741,0,0,0,0,157,741,0,0,157,741,California
Fresno,2020-12-20,255,996,254,995,1,1,0,0,255,996,0,0,255,996,California
Fresno,2020-12-21,927,1923,926,1921,1,2,0,0,959,1955,0,0,959,1955,California
Fresno,2020-12-22,900,2823,872,2793,28,30,0,0,904,2859,0,0,904,2859,California
Fresno,2020-12-23,1081,3904,1051,3844,30,60,0,0,1082,3941,0,0,1082,3941,California
Fresno,2020-12-24,578,4482,563,4407,15,75,0,0,578,4519,0,0,578,4519,California
Fresno,2020-12-25,3,4485,2,4409,1,76,0,0,3,4522,0,0,3,4522,California
Fresno,2020-12-26,720,5205,712,5121,8,84,0,0,720,5242,0,0,720,5242,California
Fresno,2020-12-27,299,5504,204,5325,95,179,0,0,299,5541,0,0,299,5541,California
Fresno,2020-12-28,1056,6560,772,6097,284,463,0,0,1056,6597,0,0,1056,6597,California
Fresno,2020-12-29,1775,8335,1038,7135,737,1200,0,0,1773,8369,1,1,1773,8370,California
Fresno,2020-12-30,970,9305,473,7608,497,1697,0,0,970,9339,0,1,970,9340,California
Fresno,2020-12-31,892,10197,311,7919,581,2278,0,0,891,10230,0,1,891,10231,California
Fresno,2021-01-01,9,10206,3,7922,6,2284,0,0,9,10239,0,1,9,10240,California
Fresno,2021-01-02,1028,11234,716,8638,312,2596,0,0,1028,11267,0,1,1028,11268,California
Fresno,2021-01-03,153,11387,128,8766,25,2621,0,0,153,11420,0,1,153,11421,California
Fresno,2021-01-04,606,11993,372,9138,234,2855,0,0,606,12026,0,1,606,12027,California
Fresno,2021-01-05,775,12768,311,9449,464,3319,0,0,701,12653,74,75,701,12728,California
Fresno,2021-01-06,967,13735,343,9792,624,3943,0,0,795,13276,172,247,795,13523,California
Fresno,2021-01-07,1872,15607,913,10705,959,4902,0,0,1620,14645,252,499,1621,15144,California
Fresno,2021-01-08,1769,17376,614,11319,1155,6057,0,0,1404,15687,363,862,1405,16549,California
Fresno,2021-01-09,628,18004,387,11706,241,6298,0,0,354,15767,274,1136,354,16903,California
Fresno,2021-01-10,513,18517,485,12191,28,6326,0,0,199,15652,314,1450,199,17102,California
Fresno,2021-01-11,2134,20651,1731,13922,403,6729,0,0,1440,16402,694,2144,1444,18546,California
Fresno,2021-01-12,2502,23153,1810,15732,692,7421,0,0,1656,17212,848,2992,1658,20204,California
Fresno,2021-01-13,3527,26680,2422,18154,1105,8526,0,0,2668,19023,859,3851,2670,22874,California
Fresno,2021-01-14,4129,30809,2206,20360,1923,10449,0,0,3656,22206,473,4324,3656,26530,California
Fresno,2021-01-15,3618,34427,2522,22882,1096,11545,0,0,3261,25112,357,4681,3263,29793,California
Fresno,2021-01-16,3133,37560,2293,25175,840,12385,0,0,2672,27324,461,5142,2673,32466,California
Fresno,2021-01-17,978,38538,555,25730,423,12808,0,0,778,27902,200,5342,778,33244,California
Fresno,2021-01-18,3071,41609,2363,28093,708,13516,0,0,2411,29657,658,6000,2413,35657,California
Fresno,2021-01-19,4289,45898,2529,30622,1760,15276,0,0,3648,32672,641,6641,3656,39313,California
Fresno,2021-01-20,2979,48877,1184,31806,1795,17071,0,0,2692,35078,288,6929,2694,42007,California
Fresno,2021-01-21,4325,53202,2001,33807,2324,19395,0,0,3979,38734,328,7257,3984,45991,California
Fresno,2021-01-22,3292,56494,1340,35147,1952,21347,0,0,2907,41273,369,7626,2908,48899,California
Fresno,2021-01-23,3032,59526,1957,37104,1075,22422,0,0,2309,42868,723,8349,2318,51217,California
Fresno,2021-01-24,550,60076,373,37477,177,22599,0,0,347,43015,203,8552,350,51567,California
Fresno,2021-01-25,2324,62400,859,38336,1465,24064,0,0,1840,44378,484,9036,1847,53414,California
Fresno,2021-01-26,2008,64408,578,38914,1430,25494,0,0,1299,44973,707,9743,1302,54716,California
Fresno,2021-01-27,2234,66642,1156,40070,1078,26572,0,0,1722,46185,512,10255,1724,56440,California
Fresno,2021-01-28,4448,71090,3022,43092,1426,27998,0,0,3444,48631,1001,11256,3447,59887,California
Fresno,2021-01-29,1692,72782,983,44075,709,28707,0,0,1395,49734,293,11549,1396,61283,California
Fresno,2021-01-30,1414,74196,527,44602,887,29594,0,0,1004,50328,410,11959,1004,62287,California
Fresno,2021-01-31,228,74424,219,44821,9,29603,0,0,74,50248,154,12113,74,62361,California
Fresno,2021-02-01,3322,77746,1658,46479,1664,31267,0,0,1728,50485,1593,13706,1830,64191,California
Fresno,2021-02-02,2715,80461,545,47024,2170,33437,0,0,1545,50939,1157,14863,1611,65802,California
Fresno,2021-02-03,3489,83950,2044,49068,1445,34882,0,0,1529,50528,1941,16804,1530,67332,California
Fresno,2021-02-04,4195,88145,1905,50973,2290,37172,0,0,1927,50222,2238,19042,1932,69264,California
Fresno,2021-02-05,5195,93340,2600,53573,2595,39767,0,0,2182,49400,3006,22048,2184,71448,California
Fresno,2021-02-06,2923,96263,2038,55611,885,40652,0,0,963,48410,1955,24003,965,72413,California
Fresno,2021-02-07,459,96722,285,55896,174,40826,0,0,270,48492,188,24191,270,72683,California
Fresno,2021-02-08,4277,100999,2301,58197,1976,42802,0,0,1815,47877,2439,26630,1824,74507,California
Fresno,2021-02-09,5331,106330,2089,60286,3242,46044,0,0,3131,48890,2126,28756,3139,77646,California
Fresno,2021-02-10,3664,109994,1227,61513,2437,48481,0,0,1964,49213,1647,30403,1970,79616,California
Fresno,2021-02-11,6346,116340,2087,63600,4259,52740,0,0,3367,49617,2967,33370,3371,82987,California
Fresno,2021-02-12,5348,121688,1373,64973,3975,56715,0,0,2751,49793,2581,35951,2757,85744,California
Fresno,2021-02-13,3717,125405,1544,66517,2173,58888,0,0,2072,50235,1633,37584,2075,87819,California
Fresno,2021-02-14,1556,126961,282,66799,1274,60162,0,0,846,50373,709,38293,847,88666,California
Fresno,2021-02-15,2865,129826,270,67069,2595,62757,0,0,1763,51041,1098,39391,1766,90432,California
Fresno,2021-02-16,6613,136439,2389,69458,4224,66981,0,0,4212,52873,2385,41776,4217,94649,California
Fresno,2021-02-17,5299,141738,2441,71899,2858,69839,0,0,2965,53561,2289,44065,2977,97626,California
Fresno,2021-02-18,6801,148539,2908,74807,3893,73732,0,0,2574,51970,4177,48242,2586,100212,California
Fresno,2021-02-19,3804,152343,1104,75911,2700,76432,0,0,1838,51856,1955,50197,1841,102053,California
Fresno,2021-02-20,4528,156871,2493,78404,2035,78467,0,0,3069,53477,1453,51650,3074,105127,California
Fresno,2021-02-21,179,157050,163,78567,16,78483,0,0,127,53563,41,51691,127,105254,California
Fresno,2021-02-22,2170,159220,960,79527,1210,79693,0,0,1197,53803,964,52655,1204,106458,California
Fresno,2021-02-23,3816,163036,1441,80968,2375,82068,0,0,2965,55930,844,53499,2971,109429,California
Fresno,2021-02-24,4093,167129,1492,82460,2601,84669,0,0,3356,58562,727,54226,3359,112788,California
Fresno,2021-02-25,7389,174518,2469,84929,4920,89589,0,0,5948,63138,1378,55604,5954,118742,California
Fresno,2021-02-26,8124,182642,2982,87911,5142,94731,0,0,6863,68768,1237,56841,6867,125609,California
Fresno,2021-02-27,6243,188885,2177,90088,4066,98797,0,0,5567,73675,668,57509,5575,131184,California
Fresno,2021-02-28,1625,190510,525,90613,1100,99897,0,0,1529,75131,86,57595,1542,132726,California
Fresno,2021-03-01,4742,195252,1242,91855,3500,103397,0,0,3482,77372,1248,58843,3489,136215,California
Fresno,2021-03-02,8208,203460,2246,94101,5962,109359,0,0,6886,82985,1298,60141,6911,143126,California
Fresno,2021-03-03,5914,209374,1374,95475,4540,113899,0,0,4943,87061,961,61102,5037,148163,California
Fresno,2021-03-04,8056,217430,2272,97747,5784,119683,0,0,6574,92186,1459,62561,6584,154747,California
Fresno,2021-03-05,7092,224522,2582,100329,4509,124192,1,1,6149,97560,813,63374,6187,160934,California
Fresno,2021-03-06,6082,230604,3317,103646,2653,126845,112,113,5165,101930,912,64286,5282,166216,California
Fresno,2021-03-07,1310,231914,536,104182,740,127585,34,147,1089,102833,221,64507,1124,167340,California
Fresno,2021-03-08,4553,236467,1700,105882,2721,130306,132,279,3421,105273,1128,65635,3568,170908,California
Fresno,2021-03-09,6599,243066,2224,108106,4108,134414,267,546,3735,106463,2853,68488,4043,174951,California
Fresno,2021-03-10,5920,248986,2356,110462,3204,137618,360,906,4565,110053,1345,69833,4935,179886,California
Fresno,2021-03-11,10278,259264,3972,114434,5788,143406,518,1424,5579,111557,4669,74502,6173,186059,California
Fresno,2021-03-12,9858,269122,4211,118645,5260,148666,387,1811,7370,116988,2476,76978,7907,193966,California
Fresno,2021-03-13,6805,275927,3627,122272,2279,150945,899,2710,3206,117593,3584,80562,4189,198155,California
Fresno,2021-03-14,1226,277153,385,122657,572,151517,269,2979,494,117629,728,81290,764,198919,California
Fresno,2021-03-15,6621,283774,2826,125483,3633,155150,162,3141,4518,120415,2094,83384,4880,203799,California
Fresno,2021-03-16,9839,293613,4321,129804,5146,160296,372,3513,6027,123130,3787,87171,6502,210301,California
Fresno,2021-03-17,7721,301334,3585,133389,3604,163900,532,4045,5183,126709,2520,89691,6099,216400,California
Fresno,2021-03-18,10249,311583,5652,139041,4050,167950,547,4592,6619,130637,3598,93289,7526,223926,California
Fresno,2021-03-19,9028,320611,4661,143702,3921,171871,446,5038,5988,134325,3017,96306,6705,230631,California
Fresno,2021-03-20,5183,325794,2952,146654,2033,173904,198,5236,3070,135681,2106,98412,3462,234093,California
Fresno,2021-03-21,1724,327518,1174,147828,188,174092,362,5598,934,136196,786,99198,1301,235394,California
Fresno,2021-03-22,5495,333013,2800,150628,2105,176197,590,6188,3671,138901,1796,100994,4501,239895,California
Fresno,2021-03-23,10409,343422,5172,155800,4801,180998,436,6624,6044,141526,4331,105325,6956,246851,California
Fresno,2021-03-24,8295,351717,3458,159258,4040,185038,797,7421,4617,143459,3652,108977,5585,252436,California
Fresno,2021-03-25,11703,363420,5394,164652,5619,190657,690,8111,6053,144892,5616,114593,7049,259485,California
Fresno,2021-03-26,11518,374938,5163,169815,5731,196388,624,8735,5145,144431,6327,120920,5866,265351,California
Fresno,2021-03-27,9186,384124,4036,173851,4114,200502,1036,9771,2871,142163,6285,127205,4017,269368,California
Fresno,2021-03-28,3116,387240,1159,175010,1379,201881,578,10349,1316,142528,1794,128999,2159,271527,California
Fresno,2021-03-29,5659,392899,1863,176873,3313,205194,483,10832,2794,143000,2837,131836,3309,274836,California
Fresno,2021-03-30,9803,402702,4004,180877,5034,210228,765,11597,4312,142676,5466,137302,5142,279978,California
Fresno,2021-03-31,7776,410478,3155,184032,3701,213929,920,12517,3557,143080,4179,141481,4583,284561,California
Fresno,2021-04-01,9532,420010,3816,187848,5127,219056,589,13106,3493,141403,5969,147450,4292,288853,California
Fresno,2021-04-02,5266,425276,2711,190559,2316,221372,239,13345,2179,141065,3066,150516,2728,291581,California
Glenn,2020-12-17,1,1,1,1,0,0,0,0,1,1,0,0,1,1,California
Glenn,2020-12-19,1,2,1,2,0,0,0,0,1,2,0,0,1,2,California
Glenn,2020-12-20,1,3,1,3,0,0,0,0,1,3,0,0,1,3,California
Glenn,2020-12-21,11,14,11,14,0,0,0,0,11,14,0,0,11,14,California
Glenn,2020-12-22,59,73,59,73,0,0,0,0,59,73,0,0,59,73,California
Glenn,2020-12-23,26,99,26,99,0,0,0,0,26,99,0,0,26,99,California
Glenn,2020-12-24,9,108,9,108,0,0,0,0,9,108,0,0,9,108,California
Glenn,2020-12-26,2,110,2,110,0,0,0,0,2,110,0,0,2,110,California
Glenn,2020-12-27,4,114,4,114,0,0,0,0,4,114,0,0,4,114,California
Glenn,2020-12-28,20,134,20,134,0,0,0,0,20,134,0,0,20,134,California
Glenn,2020-12-29,82,216,82,216,0,0,0,0,82,216,0,0,82,216,California
Glenn,2020-12-30,129,345,107,323,22,22,0,0,129,345,0,0,129,345,California
Glenn,2020-12-31,38,383,9,332,29,51,0,0,38,383,0,0,38,383,California
Glenn,2021-01-02,2,385,2,334,0,51,0,0,2,385,0,0,2,385,California
Glenn,2021-01-04,7,392,5,339,2,53,0,0,7,392,0,0,7,392,California
Glenn,2021-01-05,9,401,8,347,1,54,0,0,9,401,0,0,9,401,California
Glenn,2021-01-06,61,462,9,356,52,106,0,0,61,462,0,0,61,462,California
Glenn,2021-01-07,66,528,12,368,54,160,0,0,64,524,2,2,64,526,California
Glenn,2021-01-08,11,539,9,377,2,162,0,0,11,535,0,2,11,537,California
Glenn,2021-01-10,1,540,1,378,0,162,0,0,0,534,1,3,0,537,California
Glenn,2021-01-11,30,570,30,408,0,162,0,0,12,528,18,21,12,549,California
Glenn,2021-01-12,42,612,37,445,5,167,0,0,14,514,28,49,14,563,California
Glenn,2021-01-13,153,765,88,533,65,232,0,0,110,581,43,92,110,673,California
Glenn,2021-01-14,183,948,95,628,88,320,0,0,173,744,10,102,173,846,California
Glenn,2021-01-15,42,990,34,662,8,328,0,0,37,776,5,107,37,883,California
Glenn,2021-01-16,34,1024,14,676,20,348,0,0,24,790,10,117,24,907,California
Glenn,2021-01-17,4,1028,2,678,2,350,0,0,2,790,2,119,2,909,California
Glenn,2021-01-18,17,1045,16,694,1,351,0,0,9,791,8,127,9,918,California
Glenn,2021-01-19,28,1073,18,712,10,361,0,0,12,787,16,143,12,930,California
Glenn,2021-01-20,162,1235,93,805,69,430,0,0,81,787,81,224,81,1011,California
Glenn,2021-01-21,124,1359,98,903,26,456,0,0,29,721,95,319,29,1040,California
Glenn,2021-01-22,336,1695,63,966,273,729,0,0,329,1043,7,326,329,1369,California
Glenn,2021-01-23,14,1709,7,973,7,736,0,0,12,1053,2,328,12,1381,California
Glenn,2021-01-24,1,1710,1,974,0,736,0,0,1,1054,0,328,1,1382,California
Glenn,2021-01-25,27,1737,9,983,18,754,0,0,24,1075,3,331,24,1406,California
Glenn,2021-01-26,29,1766,13,996,16,770,0,0,23,1092,6,337,23,1429,California
Glenn,2021-01-27,188,1954,14,1010,174,944,0,0,166,1236,22,359,166,1595,California
Glenn,2021-01-28,145,2099,8,1018,137,1081,0,0,115,1321,30,389,115,1710,California
Glenn,2021-01-29,296,2395,11,1029,285,1366,0,0,282,1589,14,403,282,1992,California
Glenn,2021-01-30,4,2399,0,1029,4,1370,0,0,4,1593,0,403,4,1996,California
Glenn,2021-01-31,1,2400,0,1029,1,1371,0,0,1,1594,0,403,1,1997,California
Glenn,2021-02-01,29,2429,10,1039,19,1390,0,0,17,1599,12,415,17,2014,California
Glenn,2021-02-02,27,2456,12,1051,15,1405,0,0,18,1608,9,424,18,2032,California
Glenn,2021-02-03,206,2662,58,1109,148,1553,0,0,111,1624,95,519,111,2143,California
Glenn,2021-02-04,149,2811,84,1193,65,1618,0,0,45,1565,104,623,45,2188,California
Glenn,2021-02-05,320,3131,24,1217,296,1914,0,0,301,1847,19,642,301,2489,California
Glenn,2021-02-06,15,3146,2,1219,13,1927,0,0,14,1860,1,643,14,2503,California
Glenn,2021-02-07,1,3147,1,1220,0,1927,0,0,1,1861,0,643,1,2504,California
Glenn,2021-02-08,21,3168,17,1237,4,1931,0,0,4,1848,17,660,4,2508,California
Glenn,2021-02-09,48,3216,19,1256,29,1960,0,0,36,1872,12,672,36,2544,California
Glenn,2021-02-10,138,3354,19,1275,119,2079,0,0,64,1862,74,746,64,2608,California
Glenn,2021-02-11,233,3587,134,1409,99,2178,0,0,151,1931,82,828,151,2759,California
Glenn,2021-02-12,422,4009,100,1509,322,2500,0,0,358,2225,64,892,358,3117,California
Glenn,2021-02-13,33,4042,7,1516,26,2526,0,0,15,2222,18,910,15,3132,California
Glenn,2021-02-14,1,4043,0,1516,1,2527,0,0,1,2223,0,910,1,3133,California
Glenn,2021-02-15,8,4051,0,1516,8,2535,0,0,8,2231,0,910,8,3141,California
Glenn,2021-02-16,39,4090,9,1525,30,2565,0,0,21,2234,18,928,21,3162,California
Glenn,2021-02-17,381,4471,15,1540,366,2931,0,0,303,2459,78,1006,303,3465,California
Glenn,2021-02-18,138,4609,103,1643,35,2966,0,0,114,2549,24,1030,114,3579,California
Glenn,2021-02-19,302,4911,16,1659,286,3252,0,0,29,2305,273,1303,29,3608,California
Glenn,2021-02-20,8,4919,0,1659,8,3260,0,0,0,2297,8,1311,0,3608,California
Glenn,2021-02-22,32,4951,13,1672,19,3279,0,0,16,2297,16,1327,16,3624,California
Glenn,2021-02-23,40,4991,10,1682,30,3309,0,0,28,2313,12,1339,28,3652,California
Glenn,2021-02-24,223,5214,16,1698,207,3516,0,0,49,2188,174,1513,49,3701,California
Glenn,2021-02-25,262,5476,147,1845,115,3631,0,0,119,2164,143,1656,119,3820,California
Glenn,2021-02-26,304,5780,24,1869,280,3911,0,0,20,1901,283,1939,20,3840,California
Glenn,2021-02-27,14,5794,5,1874,9,3920,0,0,5,1898,8,1947,5,3845,California
Glenn,2021-02-28,5,5799,2,1876,3,3923,0,0,3,1900,1,1948,3,3848,California
Glenn,2021-03-01,29,5828,6,1882,23,3946,0,0,12,1895,17,1965,12,3860,California
Glenn,2021-03-02,36,5864,7,1889,29,3975,0,0,17,1893,19,1984,17,3877,California
Glenn,2021-03-03,180,6044,25,1914,155,4130,0,0,88,1891,90,2074,88,3965,California
Glenn,2021-03-04,479,6523,179,2093,300,4430,0,0,334,2080,145,2219,334,4299,California
Glenn,2021-03-05,331,6854,45,2138,286,4716,0,0,34,1817,297,2516,34,4333,California
Glenn,2021-03-06,28,6882,4,2142,23,4739,1,1,11,1812,17,2533,12,4345,California
Glenn,2021-03-07,5,6887,0,2142,5,4744,0,1,3,1814,1,2534,3,4348,California
Glenn,2021-03-08,21,6908,2,2144,18,4762,1,2,19,1832,2,2536,20,4368,California
Glenn,2021-03-09,70,6978,10,2154,57,4819,3,5,46,1857,24,2560,49,4417,California
Glenn,2021-03-10,165,7143,68,2222,95,4914,2,7,91,1876,74,2634,93,4510,California
Glenn,2021-03-11,504,7647,168,2390,322,5236,14,21,381,2148,123,2757,395,4905,California
Glenn,2021-03-12,398,8045,12,2402,336,5572,50,71,35,1870,363,3120,85,4990,California
Glenn,2021-03-13,10,8055,1,2403,1,5573,8,79,0,1868,10,3130,8,4998,California
Glenn,2021-03-14,3,8058,1,2404,2,5575,0,79,2,1869,1,3131,2,5000,California
Glenn,2021-03-15,74,8132,16,2420,54,5629,4,83,60,1919,14,3145,64,5064,California
Glenn,2021-03-16,101,8233,30,2450,61,5690,10,93,59,1946,42,3187,69,5133,California
Glenn,2021-03-17,415,8648,98,2548,311,6001,6,99,113,1762,302,3489,118,5251,California
Glenn,2021-03-18,459,9107,192,2740,44,6045,223,322,124,1774,335,3824,347,5598,California
Glenn,2021-03-19,84,9191,14,2754,66,6111,4,326,66,1827,17,3841,70,5668,California
Glenn,2021-03-20,74,9265,2,2756,72,6183,0,326,73,1899,1,3842,73,5741,California
Glenn,2021-03-21,7,9272,6,2762,0,6183,1,327,4,1902,2,3844,5,5746,California
Glenn,2021-03-22,116,9388,52,2814,55,6238,9,336,95,1987,19,3863,104,5850,California
Glenn,2021-03-23,154,9542,66,2880,50,6288,38,374,94,2060,59,3922,132,5982,California
Glenn,2021-03-24,195,9737,90,2970,100,6388,5,379,133,2137,61,3983,138,6120,California
Glenn,2021-03-25,458,10195,230,3200,135,6523,93,472,328,2429,129,4112,421,6541,California
Glenn,2021-03-26,225,10420,35,3235,152,6675,38,510,172,2588,53,4165,212,6753,California
Glenn,2021-03-27,149,10569,21,3256,124,6799,4,514,139,2721,10,4175,143,6896,California
Glenn,2021-03-28,14,10583,9,3265,5,6804,0,514,10,2727,4,4179,10,6906,California
Glenn,2021-03-29,55,10638,19,3284,33,6837,3,517,41,2757,14,4193,44,6950,California
Glenn,2021-03-30,73,10711,40,3324,32,6869,1,518,44,2774,28,4221,45,6995,California
Glenn,2021-03-31,119,10830,33,3357,86,6955,0,518,52,2759,67,4288,52,7047,California
Glenn,2021-04-01,636,11466,185,3542,441,7396,10,528,225,2628,411,4699,280,7327,California
Glenn,2021-04-02,92,11558,15,3557,71,7467,6,534,71,2685,21,4720,78,7405,California
Humboldt,2020-12-15,2,2,2,2,0,0,0,0,2,2,0,0,2,2,California
Humboldt,2020-12-16,15,17,15,17,0,0,0,0,15,17,0,0,15,17,California
Humboldt,2020-12-17,115,132,115,132,0,0,0,0,115,132,0,0,115,132,California
Humboldt,2020-12-18,172,304,172,304,0,0,0,0,172,304,0,0,172,304,California
Humboldt,2020-12-19,10,314,10,314,0,0,0,0,10,314,0,0,10,314,California
Humboldt,2020-12-20,28,342,28,342,0,0,0,0,28,342,0,0,28,342,California
Humboldt,2020-12-21,165,507,165,507,0,0,0,0,165,507,0,0,165,507,California
Humboldt,2020-12-22,288,795,288,795,0,0,0,0,288,795,0,0,288,795,California
Humboldt,2020-12-23,302,1097,254,1049,48,48,0,0,303,1098,0,0,303,1098,California
Humboldt,2020-12-24,25,1122,2,1051,23,71,0,0,25,1123,0,0,25,1123,California
Humboldt,2020-12-25,2,1124,2,1053,0,71,0,0,2,1125,0,0,2,1125,California
Humboldt,2020-12-26,7,1131,6,1059,1,72,0,0,7,1132,0,0,7,1132,California
Humboldt,2020-12-27,1,1132,0,1059,1,73,0,0,1,1133,0,0,1,1133,California
Humboldt,2020-12-28,152,1284,143,1202,9,82,0,0,152,1285,0,0,152,1285,California
Humboldt,2020-12-29,164,1448,121,1323,43,125,0,0,164,1449,0,0,164,1449,California
Humboldt,2020-12-30,221,1669,122,1445,99,224,0,0,221,1670,0,0,221,1670,California
Humboldt,2020-12-31,242,1911,80,1525,162,386,0,0,242,1912,0,0,242,1912,California
Humboldt,2021-01-01,1,1912,1,1526,0,386,0,0,1,1913,0,0,1,1913,California
Humboldt,2021-01-02,38,1950,1,1527,37,423,0,0,38,1951,0,0,38,1951,California
Humboldt,2021-01-04,214,2164,141,1668,73,496,0,0,215,2166,0,0,215,2166,California
Humboldt,2021-01-05,125,2289,17,1685,108,604,0,0,125,2291,0,0,125,2291,California
Humboldt,2021-01-06,299,2588,202,1887,97,701,0,0,228,2459,60,60,228,2519,California
Humboldt,2021-01-07,398,2986,285,2172,113,814,0,0,305,2679,85,145,305,2824,California
Humboldt,2021-01-08,417,3403,279,2451,138,952,0,0,285,2836,128,273,285,3109,California
Humboldt,2021-01-09,69,3472,45,2496,24,976,0,0,66,2900,3,276,67,3176,California
Humboldt,2021-01-10,84,3556,84,2580,0,976,0,0,4,2824,80,356,4,3180,California
Humboldt,2021-01-11,285,3841,274,2854,11,987,0,0,75,2693,206,562,75,3255,California
Humboldt,2021-01-12,478,4319,315,3169,163,1150,0,0,301,2839,155,717,301,3556,California
Humboldt,2021-01-13,473,4792,271,3440,202,1352,0,0,297,2964,173,890,298,3854,California
Humboldt,2021-01-14,517,5309,161,3601,356,1708,0,0,461,3370,56,946,462,4316,California
Humboldt,2021-01-15,374,5683,40,3641,334,2042,0,0,356,3709,17,963,356,4672,California
Humboldt,2021-01-16,169,5852,6,3647,163,2205,0,0,168,3876,1,964,168,4840,California
Humboldt,2021-01-17,4,5856,3,3650,1,2206,0,0,4,3880,0,964,4,4844,California
Humboldt,2021-01-18,275,6131,240,3890,35,2241,0,0,128,3861,147,1111,128,4972,California
Humboldt,2021-01-19,618,6749,372,4262,246,2487,0,0,492,4233,120,1231,492,5464,California
Humboldt,2021-01-20,874,7623,363,4625,511,2998,0,0,762,4886,111,1342,764,6228,California
Humboldt,2021-01-21,958,8581,261,4886,697,3695,0,0,918,5763,41,1383,918,7146,California
Humboldt,2021-01-22,676,9257,377,5263,299,3994,0,0,668,6423,8,1391,668,7814,California
Humboldt,2021-01-23,742,9999,250,5513,492,4486,0,0,736,7154,6,1397,737,8551,California
Humboldt,2021-01-24,224,10223,1,5514,223,4709,0,0,224,7378,0,1397,224,8775,California
Humboldt,2021-01-25,298,10521,228,5742,70,4779,0,0,144,7368,154,1551,144,8919,California
Humboldt,2021-01-26,518,11039,135,5877,383,5162,0,0,471,7792,47,1598,471,9390,California
Humboldt,2021-01-27,1255,12294,586,6463,669,5831,0,0,1191,8926,57,1655,1191,10581,California
Humboldt,2021-01-28,1444,13738,627,7090,817,6648,0,0,1307,10101,134,1789,1309,11890,California
Humboldt,2021-01-29,1123,14861,539,7629,584,7232,0,0,708,10394,415,2204,708,12598,California
Humboldt,2021-01-30,966,15827,455,8084,511,7743,0,0,957,11342,9,2213,957,13555,California
Humboldt,2021-01-31,307,16134,306,8390,1,7744,0,0,305,11645,2,2215,305,13860,California
Humboldt,2021-02-01,320,16454,180,8570,140,7884,0,0,184,11694,135,2350,184,14044,California
Humboldt,2021-02-02,430,16884,62,8632,368,8252,0,0,333,11933,96,2446,335,14379,California
Humboldt,2021-02-03,643,17527,257,8889,386,8638,0,0,495,12280,148,2594,495,14874,California
Humboldt,2021-02-04,636,18163,262,9151,374,9012,0,0,441,12528,193,2787,441,15315,California
Humboldt,2021-02-05,812,18975,96,9247,716,9728,0,0,629,12974,183,2970,629,15944,California
Humboldt,2021-02-06,1007,19982,397,9644,610,10338,0,0,966,13901,39,3009,966,16910,California
Humboldt,2021-02-07,378,20360,7,9651,371,10709,0,0,375,14273,3,3012,375,17285,California
Humboldt,2021-02-08,295,20655,113,9764,182,10891,0,0,173,14325,121,3133,173,17458,California
Humboldt,2021-02-09,483,21138,209,9973,274,11165,0,0,173,14188,310,3443,173,17631,California
Humboldt,2021-02-10,559,21697,368,10341,191,11356,0,0,232,14098,322,3765,232,17863,California
Humboldt,2021-02-11,1285,22982,389,10730,896,12252,0,0,505,13826,777,4542,505,18368,California
Humboldt,2021-02-12,1140,24122,731,11461,409,12661,0,0,704,14094,436,4978,704,19072,California
Humboldt,2021-02-13,1428,25550,483,11944,945,13606,0,0,858,14386,567,5545,859,19931,California
Humboldt,2021-02-14,115,25665,6,11950,109,13715,0,0,112,14496,2,5547,112,20043,California
Humboldt,2021-02-15,289,25954,75,12025,214,13929,0,0,196,14600,93,5640,197,20240,California
Humboldt,2021-02-16,521,26475,108,12133,413,14342,0,0,247,14574,274,5914,248,20488,California
Humboldt,2021-02-17,441,26916,273,12406,168,14510,0,0,136,14405,305,6219,136,20624,California
Humboldt,2021-02-18,968,27884,600,13006,368,14878,0,0,228,13894,739,6958,228,20852,California
Humboldt,2021-02-19,480,28364,438,13444,42,14920,0,0,93,13603,384,7342,93,20945,California
Humboldt,2021-02-20,1501,29865,903,14347,598,15518,0,0,418,12942,1081,8423,420,21365,California
Humboldt,2021-02-21,478,30343,469,14816,9,15527,0,0,192,12848,286,8709,192,21557,California
Humboldt,2021-02-22,111,30454,79,14895,32,15559,0,0,26,12791,83,8792,26,21583,California
Humboldt,2021-02-23,163,30617,63,14958,100,15659,0,0,41,12712,120,8912,41,21624,California
Humboldt,2021-02-24,1145,31762,686,15644,459,16118,0,0,572,12712,572,9484,572,22196,California
Humboldt,2021-02-25,832,32594,323,15967,509,16627,0,0,232,12346,598,10082,232,22428,California
Humboldt,2021-02-26,2137,34731,107,16074,2030,18657,0,0,454,11122,1678,11760,454,22882,California
Humboldt,2021-02-27,1540,36271,957,17031,583,19240,0,0,834,11254,704,12464,836,23718,California
Humboldt,2021-02-28,125,36396,13,17044,112,19352,0,0,118,11365,7,12471,118,23836,California
Humboldt,2021-03-01,248,36644,45,17089,203,19555,0,0,175,11467,73,12544,175,24011,California
Humboldt,2021-03-02,271,36915,41,17130,229,19784,1,1,152,11501,119,12663,153,24164,California
Humboldt,2021-03-03,1528,38443,1046,18176,482,20266,0,1,1117,12214,405,13068,1118,25282,California
Humboldt,2021-03-04,864,39307,99,18275,765,21031,0,1,259,11869,605,13673,260,25542,California
Humboldt,2021-03-05,912,40219,171,18446,731,21762,10,11,359,11689,549,14222,369,25911,California
Humboldt,2021-03-06,1580,41799,733,19179,798,22560,49,60,698,11557,881,15103,749,26660,California
Humboldt,2021-03-07,358,42157,297,19476,45,22605,16,76,154,11524,203,15306,170,26830,California
Humboldt,2021-03-08,222,42379,19,19495,132,22737,71,147,135,11643,87,15393,206,27036,California
Humboldt,2021-03-09,431,42810,194,19689,111,22848,126,273,210,11759,220,15613,336,27372,California
Humboldt,2021-03-10,605,43415,427,20116,67,22915,111,384,380,12026,224,15837,491,27863,California
Humboldt,2021-03-11,1263,44678,404,20520,763,23678,96,480,484,11829,776,16613,579,28442,California
Humboldt,2021-03-12,1566,46244,1004,21524,362,24040,200,680,975,12423,583,17196,1177,29619,California
Humboldt,2021-03-13,1390,47634,950,22474,396,24436,44,724,644,12370,741,17937,688,30307,California
Humboldt,2021-03-14,92,47726,14,22488,71,24507,7,731,19,12323,73,18010,26,30333,California
Humboldt,2021-03-15,276,48002,50,22538,205,24712,21,752,59,12186,217,18227,80,30413,California
Humboldt,2021-03-16,625,48627,204,22742,172,24884,249,1001,269,12347,356,18583,517,30930,California
Humboldt,2021-03-17,715,49342,391,23133,223,25107,101,1102,328,12390,386,18969,429,31359,California
Humboldt,2021-03-18,1268,50610,821,23954,416,25523,31,1133,732,12621,532,19501,763,32122,California
Humboldt,2021-03-19,924,51534,57,24011,562,26085,305,1438,349,12702,573,20074,654,32776,California
Humboldt,2021-03-20,961,52495,578,24589,372,26457,11,1449,271,12299,689,20763,286,33062,California
Humboldt,2021-03-21,246,52741,34,24623,184,26641,28,1477,199,12479,47,20810,227,33289,California
Humboldt,2021-03-22,119,52860,24,24647,50,26691,45,1522,68,12542,50,20860,113,33402,California
Humboldt,2021-03-23,411,53271,54,24701,317,27008,40,1562,325,12822,85,20945,365,33767,California
Humboldt,2021-03-24,1337,54608,354,25055,939,27947,44,1606,999,13553,332,21277,1063,34830,California
Humboldt,2021-03-25,1717,56325,1141,26196,515,28462,61,1667,853,13609,860,22137,916,35746,California
Humboldt,2021-03-26,1955,58280,428,26624,1472,29934,55,1722,1522,14768,429,22566,1588,37334,California
Humboldt,2021-03-27,1830,60110,1394,28018,316,30250,120,1842,1032,15126,796,23362,1154,38488,California
Humboldt,2021-03-28,257,60367,77,28095,113,30363,67,1909,79,15094,178,23540,146,38634,California
Humboldt,2021-03-29,454,60821,123,28218,241,30604,90,1999,190,15111,263,23803,280,38914,California
Humboldt,2021-03-30,882,61703,291,28509,503,31107,88,2087,538,15400,342,24145,631,39545,California
Humboldt,2021-03-31,1151,62854,421,28930,635,31742,95,2182,787,15948,363,24508,911,40456,California
Humboldt,2021-04-01,1886,64740,627,29557,1178,32920,81,2263,1328,16822,553,25061,1427,41883,California
Humboldt,2021-04-02,497,65237,220,29777,262,33182,15,2278,253,16872,243,25304,293,42176,California
Imperial,2020-12-16,1,1,1,1,0,0,0,0,1,1,0,0,1,1,California
Imperial,2020-12-17,4,5,4,5,0,0,0,0,4,5,0,0,4,5,California
Imperial,2020-12-18,11,16,11,16,0,0,0,0,11,16,0,0,11,16,California
Imperial,2020-12-20,2,18,2,18,0,0,0,0,2,18,0,0,2,18,California
Imperial,2020-12-21,186,204,186,204,0,0,0,0,186,204,0,0,186,204,California
Imperial,2020-12-22,242,446,240,444,2,2,0,0,242,446,0,0,242,446,California
Imperial,2020-12-23,212,658,211,655,1,3,0,0,211,657,0,0,211,657,California
Imperial,2020-12-24,5,663,5,660,0,3,0,0,5,662,0,0,5,662,California
Imperial,2020-12-26,1,664,0,660,1,4,0,0,1,663,0,0,1,663,California
Imperial,2020-12-27,62,726,0,660,62,66,0,0,62,725,0,0,62,725,California
Imperial,2020-12-28,215,941,114,774,101,167,0,0,215,940,0,0,215,940,California
Imperial,2020-12-29,188,1129,35,809,153,320,0,0,188,1128,0,0,188,1128,California
Imperial,2020-12-30,366,1495,49,858,317,637,0,0,366,1494,0,0,366,1494,California
Imperial,2020-12-31,200,1695,26,884,174,811,0,0,200,1694,0,0,200,1694,California
Imperial,2021-01-01,45,1740,5,889,40,851,0,0,45,1739,0,0,45,1739,California
Imperial,2021-01-02,4,1744,0,889,4,855,0,0,4,1743,0,0,4,1743,California
Imperial,2021-01-03,90,1834,0,889,90,945,0,0,90,1833,0,0,90,1833,California
Imperial,2021-01-04,84,1918,4,893,80,1025,0,0,84,1917,0,0,84,1917,California
Imperial,2021-01-05,172,2090,13,906,159,1184,0,0,172,2089,0,0,172,2089,California
Imperial,2021-01-06,190,2280,25,931,165,1349,0,0,189,2277,1,1,189,2278,California
Imperial,2021-01-07,319,2599,9,940,310,1659,0,0,316,2590,3,4,316,2594,California
Imperial,2021-01-08,190,2789,50,990,140,1799,0,0,181,2762,9,13,181,2775,California
Imperial,2021-01-09,24,2813,21,1011,3,1802,0,0,24,2786,0,13,24,2799,California
Imperial,2021-01-10,1,2814,0,1011,1,1803,0,0,1,2787,0,13,1,2800,California
Imperial,2021-01-11,401,3215,243,1254,158,1961,0,0,172,2730,229,242,172,2972,California
Imperial,2021-01-12,404,3619,301,1555,103,2064,0,0,142,2611,261,503,142,3114,California
Imperial,2021-01-13,382,4001,132,1687,250,2314,0,0,283,2795,99,602,283,3397,California
Imperial,2021-01-14,260,4261,152,1839,108,2422,0,0,253,3042,6,608,253,3650,California
Imperial,2021-01-15,240,4501,182,2021,58,2480,0,0,233,3268,7,615,233,3883,California
Imperial,2021-01-16,77,4578,71,2092,6,2486,0,0,77,3345,0,615,77,3960,California
Imperial,2021-01-17,9,4587,2,2094,7,2493,0,0,9,3354,0,615,9,3969,California
Imperial,2021-01-18,1061,5648,402,2496,659,3152,0,0,963,4220,98,713,964,4933,California
Imperial,2021-01-19,165,5813,128,2624,37,3189,0,0,118,4291,47,760,118,5051,California
Imperial,2021-01-20,291,6104,193,2817,98,3287,0,0,254,4508,37,797,254,5305,California
Imperial,2021-01-21,415,6519,183,3000,232,3519,0,0,395,4883,20,817,395,5700,California
Imperial,2021-01-22,460,6979,189,3189,271,3790,0,0,451,5325,9,826,451,6151,California
Imperial,2021-01-23,1042,8021,290,3479,752,4542,0,0,1041,6365,1,827,1041,7192,California
Imperial,2021-01-24,11,8032,3,3482,8,4550,0,0,11,6376,0,827,11,7203,California
Imperial,2021-01-25,216,8248,6,3488,210,4760,0,0,36,6233,179,1006,36,7239,California
Imperial,2021-01-26,359,8607,184,3672,175,4935,0,0,216,6307,143,1149,217,7456,California
Imperial,2021-01-27,573,9180,163,3835,410,5345,0,0,239,6212,334,1483,239,7695,California
Imperial,2021-01-28,632,9812,158,3993,474,5819,0,0,524,6628,108,1591,524,8219,California
Imperial,2021-01-29,420,10232,294,4287,126,5945,0,0,370,6948,50,1641,370,8589,California
Imperial,2021-01-30,51,10283,26,4313,25,5970,0,0,34,6965,17,1658,34,8623,California
Imperial,2021-01-31,14,10297,6,4319,8,5978,0,0,13,6977,1,1659,13,8636,California
Imperial,2021-02-01,421,10718,55,4374,366,6344,0,0,211,6979,209,1868,211,8847,California
Imperial,2021-02-02,681,11399,54,4428,627,6971,0,0,500,7298,181,2049,500,9347,California
Imperial,2021-02-03,458,11857,48,4476,410,7381,0,0,266,7373,191,2240,266,9613,California
Imperial,2021-02-04,1731,13588,1206,5682,525,7906,0,0,1416,8476,314,2554,1417,11030,California
Imperial,2021-02-05,390,13978,242,5924,148,8054,0,0,155,8399,232,2786,155,11185,California
Imperial,2021-02-06,863,14841,839,6763,24,8078,0,0,826,9189,36,2822,826,12011,California
Imperial,2021-02-07,25,14866,12,6775,13,8091,0,0,24,9212,1,2823,24,12035,California
Imperial,2021-02-08,252,15118,43,6818,209,8300,0,0,184,9328,68,2891,184,12219,California
Imperial,2021-02-09,464,15582,144,6962,320,8620,0,0,307,9478,157,3048,307,12526,California
Imperial,2021-02-10,383,15965,51,7013,332,8952,0,0,95,9285,288,3336,95,12621,California
Imperial,2021-02-11,461,16426,261,7274,200,9152,0,0,92,9008,369,3705,92,12713,California
Imperial,2021-02-12,2118,18544,1404,8678,714,9866,0,0,1764,10420,353,4058,1765,14478,California
Imperial,2021-02-13,45,18589,18,8696,27,9893,0,0,36,10448,9,4067,37,14515,California
Imperial,2021-02-14,24,18613,12,8708,12,9905,0,0,22,10468,2,4069,22,14537,California
Imperial,2021-02-15,33,18646,11,8719,22,9927,0,0,24,10483,9,4078,24,14561,California
Imperial,2021-02-16,518,19164,271,8990,247,10174,0,0,299,10563,219,4297,299,14860,California
Imperial,2021-02-17,440,19604,286,9276,154,10328,0,0,85,10293,355,4652,85,14945,California
Imperial,2021-02-18,653,20257,313,9589,340,10668,0,0,148,9937,504,5156,148,15093,California
Imperial,2021-02-19,768,21025,381,9970,387,11055,0,0,196,9562,571,5727,196,15289,California
Imperial,2021-02-20,1044,22069,196,10166,848,11903,0,0,330,9181,713,6440,332,15621,California
Imperial,2021-02-21,581,22650,547,10713,34,11937,0,0,573,9746,8,6448,573,16194,California
Imperial,2021-02-22,807,23457,567,11280,240,12177,0,0,757,10453,50,6498,757,16951,California
Imperial,2021-02-23,937,24394,380,11660,557,12734,0,0,881,11279,56,6554,882,17833,California
Imperial,2021-02-24,701,25095,293,11953,408,13142,0,0,602,11784,98,6652,603,18436,California
Imperial,2021-02-25,818,25913,344,12297,474,13616,0,0,451,11874,366,7018,456,18892,California
Imperial,2021-02-26,1744,27657,1373,13670,371,13987,0,0,1572,13276,170,7188,1572,20464,California
Imperial,2021-02-27,915,28572,866,14536,49,14036,0,0,176,12713,739,7927,176,20640,California
Imperial,2021-02-28,78,28650,69,14605,9,14045,0,0,68,12771,10,7937,68,20708,California
Imperial,2021-03-01,513,29163,311,14916,202,14247,0,0,451,13163,61,7998,453,21161,California
Imperial,2021-03-02,688,29851,266,15182,422,14669,0,0,399,13277,289,8287,403,21564,California
Imperial,2021-03-03,918,30769,48,15230,869,15538,1,1,548,13470,367,8654,560,22124,California
Imperial,2021-03-04,744,31513,93,15323,651,16189,0,1,483,13723,259,8913,512,22636,California
Imperial,2021-03-05,2551,34064,1942,17265,609,16798,0,1,1265,13706,1283,10196,1266,23902,California
Imperial,2021-03-06,681,34745,234,17499,447,17245,0,1,641,14316,36,10232,646,24548,California
Imperial,2021-03-07,76,34821,43,17542,32,17277,1,2,55,14352,21,10253,57,24605,California
Imperial,2021-03-08,400,35221,324,17866,44,17321,32,34,351,14686,49,10302,383,24988,California
Imperial,2021-03-09,693,35914,315,18181,133,17454,245,279,406,15054,287,10589,655,25643,California
Imperial,2021-03-10,663,36577,306,18487,254,17708,103,382,301,15100,362,10951,408,26051,California
Imperial,2021-03-11,1705,38282,436,18923,1079,18787,190,572,1104,15805,602,11553,1307,27358,California
Imperial,2021-03-12,3557,41839,2438,21361,935,19722,184,756,1972,16380,1582,13135,2157,29515,California
Imperial,2021-03-13,997,42836,90,21451,688,20410,219,975,722,17052,273,13408,945,30460,California
Imperial,2021-03-14,124,42960,29,21480,84,20494,11,986,98,17136,26,13434,110,30570,California
Imperial,2021-03-15,673,43633,219,21699,199,20693,255,1241,379,17479,293,13727,636,31206,California
Imperial,2021-03-16,1054,44687,275,21974,339,21032,440,1681,529,17925,524,14251,970,32176,California
Imperial,2021-03-17,1526,46213,658,22632,734,21766,134,1815,946,18432,576,14827,1083,33259,California
Imperial,2021-03-18,1513,47726,1014,23646,440,22206,59,1874,1070,19123,441,15268,1132,34391,California
Imperial,2021-03-19,2879,50605,2173,25819,702,22908,4,1878,1217,18688,1658,16926,1223,35614,California
Imperial,2021-03-20,637,51242,377,26196,255,23163,5,1883,337,18740,298,17224,350,35964,California
Imperial,2021-03-21,220,51462,37,26233,180,23343,3,1886,160,18847,60,17284,167,36131,California
Imperial,2021-03-22,1023,52485,316,26549,700,24043,7,1893,609,19062,413,17697,628,36759,California
Imperial,2021-03-23,1401,53886,408,26957,987,25030,6,1899,887,19453,512,18209,903,37662,California
Imperial,2021-03-24,1896,55782,539,27496,946,25976,411,2310,952,19893,942,19151,1382,39044,California
Imperial,2021-03-25,2297,58079,498,27994,754,26730,1045,3355,877,20398,1419,20570,1924,40968,California
Imperial,2021-03-26,2074,60153,737,28731,582,27312,755,4110,692,20475,1378,21948,1455,42423,California
Imperial,2021-03-27,527,60680,263,28994,215,27527,49,4159,372,20744,152,22100,421,42844,California
Imperial,2021-03-28,208,60888,51,29045,153,27680,4,4163,172,20883,36,22136,175,43019,California
Imperial,2021-03-29,917,61805,343,29388,326,28006,248,4411,260,20738,655,22791,510,43529,California
Imperial,2021-03-30,1326,63131,671,30059,525,28531,130,4541,604,20761,722,23513,745,44274,California
Imperial,2021-03-31,1473,64604,703,30762,762,29293,8,4549,968,21240,503,24016,982,45256,California
Imperial,2021-04-01,1246,65850,322,31084,700,29993,224,4773,690,21610,556,24572,926,46182,California
Imperial,2021-04-02,839,66689,355,31439,411,30404,73,4846,507,21861,331,24903,582,46764,California
Inyo,2020-12-19,85,85,85,85,0,0,0,0,85,85,0,0,85,85,California
Inyo,2020-12-20,58,143,58,143,0,0,0,0,58,143,0,0,58,143,California
Inyo,2020-12-21,88,231,85,228,3,3,0,0,88,231,0,0,88,231,California
Inyo,2020-12-22,104,335,104,332,0,3,0,0,104,335,0,0,104,335,California
Inyo,2020-12-23,71,406,68,400,3,6,0,0,71,406,0,0,71,406,California
Inyo,2020-12-24,16,422,16,416,0,6,0,0,16,422,0,0,16,422,California
Inyo,2020-12-25,1,423,0,416,1,7,0,0,1,423,0,0,1,423,California
Inyo,2020-12-26,74,497,74,490,0,7,0,0,74,497,0,0,74,497,California
Inyo,2020-12-28,48,545,36,526,12,19,0,0,48,545,0,0,48,545,California
Inyo,2020-12-29,20,565,20,546,0,19,0,0,20,565,0,0,20,565,California
Inyo,2020-12-30,56,621,54,600,2,21,0,0,56,621,0,0,56,621,California
Inyo,2020-12-31,29,650,0,600,29,50,0,0,29,650,0,0,29,650,California
Inyo,2021-01-01,1,651,0,600,1,51,0,0,1,651,0,0,1,651,California
Inyo,2021-01-03,1,652,0,600,1,52,0,0,1,652,0,0,1,652,California
Inyo,2021-01-04,1,653,1,601,0,52,0,0,1,653,0,0,1,653,California
Inyo,2021-01-05,34,687,0,601,34,86,0,0,34,687,0,0,34,687,California
Inyo,2021-01-06,68,755,0,601,68,154,0,0,68,755,0,0,68,755,California
Inyo,2021-01-07,31,786,1,602,30,184,0,0,31,786,0,0,31,786,California
Inyo,2021-01-08,9,795,8,610,1,185,0,0,4,786,5,5,5,791,California
Inyo,2021-01-09,87,882,86,696,1,186,0,0,1,701,86,91,1,792,California
Inyo,2021-01-10,52,934,52,748,0,186,0,0,0,649,52,143,0,792,California
Inyo,2021-01-11,97,1031,82,830,15,201,0,0,16,584,81,224,16,808,California
Inyo,2021-01-12,139,1170,117,947,22,223,0,0,29,503,110,334,29,837,California
Inyo,2021-01-13,87,1257,69,1016,18,241,0,0,21,459,66,400,22,859,California
Inyo,2021-01-14,59,1316,13,1029,46,287,0,0,49,498,10,410,49,908,California
Inyo,2021-01-15,162,1478,28,1057,134,421,0,0,162,660,0,410,162,1070,California
Inyo,2021-01-16,74,1552,73,1130,1,422,0,0,1,588,73,483,1,1071,California
Inyo,2021-01-18,58,1610,36,1166,22,444,0,0,19,568,39,522,19,1090,California
Inyo,2021-01-19,116,1726,73,1239,43,487,0,0,100,652,16,538,100,1190,California
Inyo,2021-01-20,141,1867,66,1305,75,562,0,0,88,687,53,591,88,1278,California
Inyo,2021-01-21,120,1987,57,1362,63,625,0,0,119,805,1,592,119,1397,California
Inyo,2021-01-22,62,2049,0,1362,62,687,0,0,61,865,1,593,61,1458,California
Inyo,2021-01-23,53,2102,53,1415,0,687,0,0,53,918,0,593,53,1511,California
Inyo,2021-01-25,49,2151,6,1421,43,730,0,0,37,943,12,605,37,1548,California
Inyo,2021-01-26,133,2284,51,1472,82,812,0,0,127,1064,6,611,127,1675,California
Inyo,2021-01-27,23,2307,2,1474,21,833,0,0,22,1085,1,612,22,1697,California
Inyo,2021-01-28,93,2400,2,1476,91,924,0,0,64,1120,29,641,64,1761,California
Inyo,2021-01-29,24,2424,3,1479,21,945,0,0,22,1140,2,643,22,1783,California
Inyo,2021-01-30,11,2435,1,1480,10,955,0,0,11,1151,0,643,11,1794,California
Inyo,2021-01-31,32,2467,4,1484,28,983,0,0,4,1127,28,671,4,1798,California
Inyo,2021-02-01,12,2479,9,1493,3,986,0,0,2,1119,10,681,2,1800,California
Inyo,2021-02-02,131,2610,15,1508,116,1102,0,0,105,1198,26,707,105,1905,California
Inyo,2021-02-03,115,2725,0,1508,115,1217,0,0,73,1229,42,749,73,1978,California
Inyo,2021-02-04,149,2874,31,1539,118,1335,0,0,90,1260,59,808,90,2068,California
Inyo,2021-02-05,118,2992,62,1601,56,1391,0,0,116,1374,2,810,116,2184,California
Inyo,2021-02-06,3,2995,1,1602,2,1393,0,0,2,1375,1,811,2,2186,California
Inyo,2021-02-07,3,2998,1,1603,2,1395,0,0,3,1378,0,811,3,2189,California
Inyo,2021-02-08,117,3115,7,1610,110,1505,0,0,97,1455,20,831,97,2286,California
Inyo,2021-02-09,193,3308,51,1661,142,1647,0,0,122,1506,71,902,122,2408,California
Inyo,2021-02-10,147,3455,16,1677,131,1778,0,0,115,1589,32,934,115,2523,California
Inyo,2021-02-11,218,3673,55,1732,163,1941,0,0,125,1621,93,1027,125,2648,California
Inyo,2021-02-12,302,3975,56,1788,246,2187,0,0,171,1661,131,1158,171,2819,California
Inyo,2021-02-13,60,4035,56,1844,4,2191,0,0,7,1615,53,1211,7,2826,California
Inyo,2021-02-14,1,4036,0,1844,1,2192,0,0,1,1616,0,1211,1,2827,California
Inyo,2021-02-15,29,4065,9,1853,20,2212,0,0,5,1597,24,1235,5,2832,California
Inyo,2021-02-16,180,4245,50,1903,130,2342,0,0,94,1605,86,1321,94,2926,California
Inyo,2021-02-17,37,4282,4,1907,33,2375,0,0,7,1582,30,1351,7,2933,California
Inyo,2021-02-18,119,4401,5,1912,114,2489,0,0,76,1615,43,1394,76,3009,California
Inyo,2021-02-19,52,4453,4,1916,48,2537,0,0,9,1581,43,1437,9,3018,California
Inyo,2021-02-20,502,4955,498,2414,4,2541,0,0,500,2079,2,1439,500,3518,California
Inyo,2021-02-21,267,5222,267,2681,0,2541,0,0,267,2346,0,1439,267,3785,California
Inyo,2021-02-22,60,5282,18,2699,42,2583,0,0,26,2338,34,1473,26,3811,California
Inyo,2021-02-23,196,5478,19,2718,177,2760,0,0,93,2329,102,1575,93,3904,California
Inyo,2021-02-24,116,5594,1,2719,115,2875,0,0,58,2329,58,1633,58,3962,California
Inyo,2021-02-25,130,5724,3,2722,127,3002,0,0,62,2323,68,1701,62,4024,California
Inyo,2021-02-26,104,5828,61,2783,43,3045,0,0,20,2259,84,1785,20,4044,California
Inyo,2021-02-27,14,5842,3,2786,11,3056,0,0,3,2251,11,1796,3,4047,California
Inyo,2021-02-28,2,5844,1,2787,1,3057,0,0,1,2251,1,1797,1,4048,California
Inyo,2021-03-01,23,5867,3,2790,20,3077,0,0,20,2268,3,1800,20,4068,California
Inyo,2021-03-02,188,6055,0,2790,188,3265,0,0,106,2292,82,1882,106,4174,California
Inyo,2021-03-03,82,6137,3,2793,79,3344,0,0,39,2288,43,1925,39,4213,California
Inyo,2021-03-04,127,6264,4,2797,123,3467,0,0,46,2253,81,2006,46,4259,California
Inyo,2021-03-05,148,6412,62,2859,86,3553,0,0,43,2192,104,2110,43,4302,California
Inyo,2021-03-06,29,6441,2,2861,27,3580,0,0,27,2217,2,2112,27,4329,California
Inyo,2021-03-07,7,6448,4,2865,3,3583,0,0,5,2220,2,2114,5,4334,California
Inyo,2021-03-08,173,6621,5,2870,168,3751,0,0,83,2213,90,2204,83,4417,California
Inyo,2021-03-09,179,6800,3,2873,176,3927,0,0,63,2160,116,2320,63,4480,California
Inyo,2021-03-10,68,6868,9,2882,58,3985,1,1,25,2143,43,2363,26,4506,California
Inyo,2021-03-11,181,7049,2,2884,173,4158,6,7,64,2096,116,2479,69,4575,California
Inyo,2021-03-12,100,7149,4,2888,91,4249,5,12,28,2057,72,2551,33,4608,California
Inyo,2021-03-13,562,7711,530,3418,23,4272,9,21,73,1651,488,3039,82,4690,California
Inyo,2021-03-14,431,8142,429,3847,2,4274,0,21,168,1557,262,3301,168,4858,California
Inyo,2021-03-15,51,8193,15,3862,34,4308,2,23,29,1566,22,3323,31,4889,California
Inyo,2021-03-16,157,8350,4,3866,148,4456,5,28,58,1530,99,3422,63,4952,California
Inyo,2021-03-17,92,8442,3,3869,82,4538,7,35,78,1601,14,3436,85,5037,California
Inyo,2021-03-18,165,8607,16,3885,143,4681,6,41,93,1628,72,3508,99,5136,California
Inyo,2021-03-19,27,8634,5,3890,18,4699,4,45,17,1639,10,3518,21,5157,California
Inyo,2021-03-20,22,8656,1,3891,12,4711,9,54,3,1632,19,3537,12,5169,California
Inyo,2021-03-22,50,8706,3,3894,42,4753,5,59,29,1645,21,3558,34,5203,California
Inyo,2021-03-23,189,8895,7,3901,178,4931,4,63,101,1662,88,3646,105,5308,California
Inyo,2021-03-24,134,9029,5,3906,125,5056,4,67,82,1696,52,3698,86,5394,California
Inyo,2021-03-25,331,9360,106,4012,222,5278,3,70,267,1903,64,3762,271,5665,California
Inyo,2021-03-26,92,9452,5,4017,83,5361,4,74,71,1958,20,3782,75,5740,California
Inyo,2021-03-27,53,9505,42,4059,8,5369,3,77,47,2002,6,3788,50,5790,California
Inyo,2021-03-28,3,9508,2,4061,1,5370,0,77,2,2003,1,3789,2,5792,California
Inyo,2021-03-29,103,9611,3,4064,94,5464,6,83,77,2061,25,3814,83,5875,California
Inyo,2021-03-30,212,9823,4,4068,203,5667,5,88,106,2068,106,3920,113,5988,California
Inyo,2021-03-31,147,9970,5,4073,136,5803,6,94,102,2132,45,3965,109,6097,California
Inyo,2021-04-01,156,10126,6,4079,149,5952,1,95,109,2195,47,4012,110,6207,California
Inyo,2021-04-02,20,10146,2,4081,17,5969,1,96,18,2212,2,4014,19,6226,California
Kern,2020-12-15,1,1,1,1,0,0,0,0,1,1,0,0,1,1,California
Kern,2020-12-16,18,19,18,19,0,0,0,0,18,19,0,0,18,19,California
Kern,2020-12-17,164,183,164,183,0,0,0,0,164,183,0,0,164,183,California
Kern,2020-12-18,317,500,317,500,0,0,0,0,317,500,0,0,317,500,California
Kern,2020-12-19,100,600,100,600,0,0,0,0,100,600,0,0,100,600,California
Kern,2020-12-20,61,661,61,661,0,0,0,0,61,661,0,0,61,661,California
Kern,2020-12-21,670,1331,670,1331,0,0,0,0,670,1331,0,0,670,1331,California
Kern,2020-12-22,531,1862,528,1859,3,3,0,0,531,1862,0,0,531,1862,California
Kern,2020-12-23,556,2418,417,2276,139,142,0,0,556,2418,0,0,556,2418,California
Kern,2020-12-24,122,2540,43,2319,79,221,0,0,122,2540,0,0,122,2540,California
Kern,2020-12-25,1,2541,1,2320,0,221,0,0,1,2541,0,0,1,2541,California
Kern,2020-12-26,35,2576,1,2321,34,255,0,0,35,2576,0,0,35,2576,California
Kern,2020-12-27,35,2611,3,2324,32,287,0,0,35,2611,0,0,35,2611,California
Kern,2020-12-28,826,3437,662,2986,164,451,0,0,826,3437,0,0,826,3437,California
Kern,2020-12-29,745,4182,452,3438,293,744,0,0,745,4182,0,0,745,4182,California
Kern,2020-12-30,1200,5382,909,4347,291,1035,0,0,1200,5382,0,0,1200,5382,California
Kern,2020-12-31,277,5659,98,4445,179,1214,0,0,277,5659,0,0,277,5659,California
Kern,2021-01-01,9,5668,6,4451,3,1217,0,0,9,5668,0,0,9,5668,California
Kern,2021-01-02,76,5744,17,4468,59,1276,0,0,76,5744,0,0,76,5744,California
Kern,2021-01-03,23,5767,4,4472,19,1295,0,0,23,5767,0,0,23,5767,California
Kern,2021-01-04,554,6321,360,4832,194,1489,0,0,554,6321,0,0,554,6321,California
Kern,2021-01-05,1129,7450,735,5567,394,1883,0,0,1117,7426,12,12,1117,7438,California
Kern,2021-01-06,1164,8614,453,6020,711,2594,0,0,1134,8530,30,42,1134,8572,California
Kern,2021-01-07,1402,10016,494,6514,908,3502,0,0,1233,9595,168,210,1233,9805,California
Kern,2021-01-08,1626,11642,766,7280,860,4362,0,0,1330,10628,298,508,1331,11136,California
Kern,2021-01-09,226,11868,76,7356,150,4512,0,0,192,10786,34,542,192,11328,California
Kern,2021-01-10,190,12058,145,7501,45,4557,0,0,149,10894,41,583,149,11477,California
Kern,2021-01-11,1550,13608,981,8482,569,5126,0,0,998,11340,552,1135,998,12475,California
Kern,2021-01-12,1869,15477,811,9293,1058,6184,0,0,1358,12187,511,1646,1358,13833,California
Kern,2021-01-13,1855,17332,867,10160,988,7172,0,0,1432,13196,423,2069,1432,15265,California
Kern,2021-01-14,2177,19509,643,10803,1534,8706,0,0,2131,15281,47,2116,2132,17397,California
Kern,2021-01-15,2701,22210,858,11661,1843,10549,0,0,2604,17791,95,2211,2605,20002,California
Kern,2021-01-16,666,22876,210,11871,456,11005,0,0,632,18389,34,2245,632,20634,California
Kern,2021-01-17,73,22949,7,11878,66,11071,0,0,71,18458,2,2247,71,20705,California
Kern,2021-01-18,1646,24595,659,12537,987,12058,0,0,1476,19764,170,2417,1476,22181,California
Kern,2021-01-19,1846,26441,1029,13566,817,12875,0,0,1379,20677,467,2884,1380,23561,California
Kern,2021-01-20,2439,28880,1505,15071,934,13809,0,0,1815,21875,619,3503,1817,25378,California
Kern,2021-01-21,2154,31034,918,15989,1236,15045,0,0,1961,23644,192,3695,1961,27339,California
Kern,2021-01-22,2700,33734,1289,17278,1411,16456,0,0,2425,25795,274,3969,2425,29764,California
Kern,2021-01-23,1245,34979,531,17809,714,17170,0,0,1199,26948,46,4015,1199,30963,California
Kern,2021-01-24,160,35139,19,17828,141,17311,0,0,155,27098,5,4020,155,31118,California
Kern,2021-01-25,2377,37516,1082,18910,1295,18606,0,0,1893,28510,483,4503,1895,33013,California
Kern,2021-01-26,2732,40248,1109,20019,1623,20229,0,0,1882,29544,849,5352,1883,34896,California
Kern,2021-01-27,3548,43796,1894,21913,1654,21883,0,0,2850,31697,697,6049,2850,37746,California
Kern,2021-01-28,2838,46634,1343,23256,1495,23378,0,0,2411,33685,424,6473,2412,40158,California
Kern,2021-01-29,3747,50381,1788,25044,1959,25337,0,0,3208,36357,536,7009,3208,43366,California
Kern,2021-01-30,1323,51704,495,25539,828,26165,0,0,1276,37588,45,7054,1276,44642,California
Kern,2021-01-31,400,52104,274,25813,126,26291,0,0,267,37722,133,7187,267,44909,California
Kern,2021-02-01,2407,54511,817,26630,1590,27881,0,0,1857,39033,547,7734,1858,46767,California
Kern,2021-02-02,2915,57426,975,27605,1940,29821,0,0,2053,40225,862,8596,2054,48821,California
Kern,2021-02-03,3655,61081,1549,29154,2106,31927,0,0,2687,41953,960,9556,2688,51509,California
Kern,2021-02-04,3785,64866,1444,30598,2341,34268,0,0,2572,43324,1202,10758,2573,54082,California
Kern,2021-02-05,4842,69708,1990,32588,2852,37120,0,0,3085,44672,1738,12496,3086,57168,California
Kern,2021-02-06,1734,71442,762,33350,972,38092,0,0,1514,45969,217,12713,1514,58682,California
Kern,2021-02-07,281,71723,149,33499,132,38224,0,0,267,46224,12,12725,267,58949,California
Kern,2021-02-08,2565,74288,788,34287,1777,40001,0,0,1261,46199,1286,14011,1261,60210,California
Kern,2021-02-09,3020,77308,985,35272,2035,42036,0,0,1466,46118,1547,15558,1466,61676,California
Kern,2021-02-10,3734,81042,1650,36922,2084,44120,0,0,1891,46184,1826,17384,1892,63568,California
Kern,2021-02-11,4263,85305,1539,38461,2724,46844,0,0,2230,46394,2020,19404,2230,65798,California
Kern,2021-02-12,4942,90247,1868,40329,3074,49918,0,0,2468,46403,2459,21863,2468,68266,California
Kern,2021-02-13,1985,92232,701,41030,1284,51202,0,0,1158,46736,825,22688,1158,69424,California
Kern,2021-02-14,352,92584,13,41043,339,51541,0,0,271,46927,80,22768,271,69695,California
Kern,2021-02-15,2719,95303,883,41926,1836,53377,0,0,1198,46612,1513,24281,1198,70893,California
Kern,2021-02-16,2940,98243,718,42644,2222,55599,0,0,1659,47000,1271,25552,1659,72552,California
Kern,2021-02-17,4059,102302,2072,44716,1987,57586,0,0,1933,46813,2121,27673,1934,74486,California
Kern,2021-02-18,3727,106029,1468,46184,2259,59845,0,0,1610,46318,2105,29778,1610,76096,California
Kern,2021-02-19,4172,110201,1902,48086,2270,62115,0,0,1734,45619,2433,32211,1734,77830,California
Kern,2021-02-20,2536,112737,954,49040,1582,63697,0,0,1305,45698,1227,33438,1306,79136,California
Kern,2021-02-21,223,112960,118,49158,105,63802,0,0,77,45631,144,33582,77,79213,California
Kern,2021-02-22,2639,115599,1137,50295,1502,65304,0,0,1432,45861,1202,34784,1432,80645,California
Kern,2021-02-23,3512,119111,1111,51406,2401,67705,0,0,1970,46291,1540,36324,1970,82615,California
Kern,2021-02-24,5114,124225,2266,53672,2848,70553,0,0,3035,47251,2075,38399,3035,85650,California
Kern,2021-02-25,5304,129529,2442,56114,2862,73415,0,0,3145,48256,2140,40539,3145,88795,California
Kern,2021-02-26,6765,136294,3478,59592,3287,76702,0,0,4312,50121,2447,42986,4312,93107,California
Kern,2021-02-27,3808,140102,1859,61451,1949,78651,0,0,2501,51326,1299,44285,2504,95611,California
Kern,2021-02-28,909,141011,500,61951,409,79060,0,0,692,51803,215,44500,692,96303,California
Kern,2021-03-01,3900,144911,1796,63747,2104,81164,0,0,2627,53162,1269,45769,2628,98931,California
Kern,2021-03-02,4278,149189,1350,65097,2927,84091,1,1,2790,54472,1480,47249,2790,101721,California
Kern,2021-03-03,5581,154770,2640,67737,2941,87032,0,1,3530,55964,2038,49287,3530,105251,California
Kern,2021-03-04,5070,159840,1980,69717,3088,90120,2,3,3373,57653,1686,50973,3375,108626,California
Kern,2021-03-05,6013,165853,2632,72349,3364,93484,17,20,3838,59342,2166,53139,3855,112481,California
Kern,2021-03-06,4283,170136,1865,74214,2324,95808,94,114,3181,61526,1096,54235,3280,115761,California
Kern,2021-03-07,2018,172154,1576,75790,394,96202,48,162,1830,63217,187,54422,1878,117639,California
Kern,2021-03-08,2654,174808,827,76617,1624,97826,203,365,1370,63507,1281,55703,1571,119210,California
Kern,2021-03-09,3388,178196,741,77358,2322,100148,325,690,2056,64560,1327,57030,2380,121590,California
Kern,2021-03-10,5577,183773,2377,79735,2286,102434,914,1604,3218,66346,2347,59377,4133,125723,California
Kern,2021-03-11,5656,189429,2148,81883,2717,105151,791,2395,3396,68280,2253,61630,4187,129910,California
Kern,2021-03-12,6415,195844,2550,84433,3030,108181,835,3230,3714,70135,2692,64322,4547,134457,California
Kern,2021-03-13,3986,199830,2131,86564,1531,109712,324,3554,2723,71923,1259,65581,3047,137504,California
Kern,2021-03-14,2077,201907,1379,87943,465,110177,233,3787,1648,73376,427,66008,1880,139384,California
Kern,2021-03-15,4028,205935,1009,88952,2363,112540,656,4443,2067,74149,1951,67959,2724,142108,California
Kern,2021-03-16,4190,210125,968,89920,2714,115254,508,4951,2234,74944,1945,69904,2740,144848,California
Kern,2021-03-17,6786,216911,3599,93519,2729,117983,458,5409,4096,76820,2678,72582,4554,149402,California
Kern,2021-03-18,6251,223162,3148,96667,2578,120561,525,5934,3712,78537,2520,75102,4237,153639,California
Kern,2021-03-19,7511,230673,4338,101005,2643,123204,530,6464,3912,79398,3583,78685,4444,158083,California
Kern,2021-03-20,4037,234710,2357,103362,1562,124766,118,6582,2574,80640,1457,80142,2699,160782,California
Kern,2021-03-21,2826,237536,1691,105053,263,125029,872,7454,1650,81992,1171,81313,2523,163305,California
Kern,2021-03-22,3821,241357,1524,106577,1982,127011,315,7769,1887,82268,1928,83241,2204,165509,California
Kern,2021-03-23,4409,245766,1523,108100,2719,129730,167,7936,2402,82879,1977,85218,2588,168097,California
Kern,2021-03-24,6876,252642,3488,111588,2936,132666,452,8388,3624,83735,3237,88455,4093,172190,California
Kern,2021-03-25,6482,259124,2816,114404,3352,136018,314,8702,3248,84090,3219,91674,3574,175764,California
Kern,2021-03-26,9230,268354,4104,118508,3955,139973,1171,9873,4602,85284,4608,96282,5802,181566,California
Kern,2021-03-27,5343,273697,3664,122172,1561,141534,118,9991,3280,86641,2053,98335,3410,184976,California
Kern,2021-03-28,4098,277795,3627,125799,460,141994,11,10002,2567,87703,1526,99861,2588,187564,California
Kern,2021-03-29,4048,281843,1561,127360,2213,144207,274,10276,2532,89020,1504,101365,2821,190385,California
Kern,2021-03-30,5343,287186,1767,129127,3279,147486,297,10573,3053,90137,2282,103647,3399,193784,California
Kern,2021-03-31,7820,295006,4067,133194,3114,150600,639,11212,4163,91367,3644,107291,4874,198658,California
Kern,2021-04-01,7123,302129,3397,136591,3451,154051,275,11487,3813,92359,3298,110589,4290,202948,California
Kern,2021-04-02,5492,307621,3210,139801,1914,155965,368,11855,2802,93010,2684,113273,3335,206283,California
Kings,2020-12-16,1,1,1,1,0,0,0,0,1,1,0,0,1,1,California
Kings,2020-12-17,8,9,8,9,0,0,0,0,8,9,0,0,8,9,California
Kings,2020-12-18,12,21,12,21,0,0,0,0,12,21,0,0,12,21,California
Kings,2020-12-19,11,32,11,32,0,0,0,0,11,32,0,0,11,32,California
Kings,2020-12-20,13,45,13,45,0,0,0,0,13,45,0,0,13,45,California
Kings,2020-12-21,154,199,154,199,0,0,0,0,271,316,0,0,271,316,California
Kings,2020-12-22,143,342,143,342,0,0,0,0,140,456,0,0,140,456,California
Kings,2020-12-23,134,476,122,464,12,12,0,0,135,591,0,0,135,591,California
Kings,2020-12-24,11,487,9,473,2,14,0,0,11,602,0,0,11,602,California
Kings,2020-12-26,7,494,4,477,3,17,0,0,7,609,0,0,7,609,California
Kings,2020-12-27,4,498,4,481,0,17,0,0,4,613,0,0,4,613,California
Kings,2020-12-28,131,629,103,584,28,45,0,0,132,745,0,0,132,745,California
Kings,2020-12-29,78,707,51,635,27,72,0,0,79,824,0,0,79,824,California
Kings,2020-12-30,147,854,108,743,39,111,0,0,147,971,0,0,147,971,California
Kings,2020-12-31,43,897,6,749,37,148,0,0,43,1014,0,0,43,1014,California
Kings,2021-01-01,1,898,0,749,1,149,0,0,1,1015,0,0,1,1015,California
Kings,2021-01-02,10,908,9,758,1,150,0,0,10,1025,0,0,10,1025,California
Kings,2021-01-04,112,1020,41,799,71,221,0,0,112,1137,0,0,112,1137,California
Kings,2021-01-05,197,1217,39,838,158,379,0,0,197,1334,0,0,197,1334,California
Kings,2021-01-06,275,1492,178,1016,97,476,0,0,272,1603,3,3,272,1606,California
Kings,2021-01-07,179,1671,82,1098,97,573,0,0,171,1766,8,11,171,1777,California
Kings,2021-01-08,247,1918,54,1152,193,766,0,0,228,1975,19,30,228,2005,California
Kings,2021-01-09,63,1981,9,1161,54,820,0,0,55,2022,8,38,55,2060,California
Kings,2021-01-10,15,1996,3,1164,12,832,0,0,12,2031,3,41,12,2072,California
Kings,2021-01-11,518,2514,356,1520,162,994,0,0,274,2062,244,285,275,2347,California
Kings,2021-01-12,352,2866,255,1775,97,1091,0,0,218,2149,131,416,218,2565,California
Kings,2021-01-13,413,3279,266,2041,147,1238,0,0,322,2380,91,507,322,2887,California
Kings,2021-01-14,210,3489,31,2072,179,1417,0,0,200,2560,21,528,201,3088,California
Kings,2021-01-15,415,3904,28,2100,387,1804,0,0,403,2951,12,540,403,3491,California
Kings,2021-01-16,31,3935,12,2112,19,1823,0,0,30,2980,1,541,30,3521,California
Kings,2021-01-17,8,3943,5,2117,3,1826,0,0,6,2984,2,543,6,3527,California
Kings,2021-01-18,172,4115,40,2157,132,1958,0,0,146,3104,26,569,146,3673,California
Kings,2021-01-19,376,4491,158,2315,218,2176,0,0,248,3224,128,697,248,3921,California
Kings,2021-01-20,224,4715,135,2450,89,2265,0,0,119,3242,101,798,119,4040,California
Kings,2021-01-21,185,4900,32,2482,153,2418,0,0,171,3397,16,814,171,4211,California
Kings,2021-01-22,126,5026,39,2521,87,2505,0,0,125,3517,5,819,125,4336,California
Kings,2021-01-23,26,5052,14,2535,12,2517,0,0,20,3531,6,825,20,4356,California
Kings,2021-01-24,3,5055,3,2538,0,2517,0,0,1,3530,2,827,1,4357,California
Kings,2021-01-25,123,5178,25,2563,98,2615,0,0,90,3587,33,860,90,4447,California
Kings,2021-01-26,153,5331,34,2597,119,2734,0,0,114,3662,39,899,114,4561,California
Kings,2021-01-27,316,5647,34,2631,282,3016,0,0,246,3839,69,968,246,4807,California
Kings,2021-01-28,323,5970,47,2678,276,3292,0,0,269,4054,54,1022,269,5076,California
Kings,2021-01-29,85,6055,26,2704,59,3351,0,0,68,4105,17,1039,68,5144,California
Kings,2021-01-30,1542,7597,31,2735,1511,4862,0,0,1540,5644,2,1041,1541,6685,California
Kings,2021-02-01,197,7794,63,2798,134,4996,0,0,70,5589,125,1166,70,6755,California
Kings,2021-02-02,224,8018,14,2812,210,5206,0,0,80,5526,143,1309,80,6835,California
Kings,2021-02-03,352,8370,193,3005,159,5365,0,0,198,5571,153,1462,198,7033,California
Kings,2021-02-04,392,8762,98,3103,294,5659,0,0,196,5571,196,1658,196,7229,California
Kings,2021-02-05,254,9016,12,3115,242,5901,0,0,101,5520,152,1810,101,7330,California
Kings,2021-02-06,58,9074,10,3125,48,5949,0,0,26,5514,32,1842,26,7356,California
Kings,2021-02-07,5,9079,3,3128,2,5951,0,0,3,5515,2,1844,3,7359,California
Kings,2021-02-08,171,9250,29,3157,142,6093,0,0,70,5484,101,1945,70,7429,California
Kings,2021-02-09,252,9502,57,3214,195,6288,0,0,109,5452,141,2086,109,7538,California
Kings,2021-02-10,286,9788,113,3327,173,6461,0,0,175,5516,111,2197,175,7713,California
Kings,2021-02-11,417,10205,64,3391,353,6814,0,0,305,5710,111,2308,305,8018,California
Kings,2021-02-12,608,10813,36,3427,572,7386,0,0,344,5790,264,2572,344,8362,California
Kings,2021-02-13,102,10915,6,3433,96,7482,0,0,77,5842,25,2597,77,8439,California
Kings,2021-02-14,103,11018,5,3438,98,7580,0,0,96,5931,7,2604,96,8535,California
Kings,2021-02-15,245,11263,4,3442,241,7821,0,0,137,5961,107,2711,137,8672,California
Kings,2021-02-16,482,11745,32,3474,450,8271,0,0,249,5978,232,2943,249,8921,California
Kings,2021-02-17,378,12123,22,3496,356,8627,0,0,241,6083,137,3080,242,9163,California
Kings,2021-02-18,154,12277,23,3519,131,8758,0,0,100,6129,54,3134,100,9263,California
Kings,2021-02-19,157,12434,22,3541,135,8893,0,0,101,6177,53,3187,101,9364,California
Kings,2021-02-20,170,12604,41,3582,129,9022,0,0,133,6273,37,3224,133,9497,California
Kings,2021-02-21,1,12605,0,3582,1,9023,0,0,1,6274,0,3224,1,9498,California
Kings,2021-02-22,106,12711,17,3599,89,9112,0,0,47,6262,59,3283,47,9545,California
Kings,2021-02-23,289,13000,71,3670,218,9330,0,0,172,6317,117,3400,172,9717,California
Kings,2021-02-24,591,13591,153,3823,438,9768,0,0,378,6482,213,3613,378,10095,California
Kings,2021-02-25,661,14252,111,3934,550,10318,0,0,444,6711,215,3828,444,10539,California
Kings,2021-02-26,653,14905,131,4065,522,10840,0,0,591,7241,61,3889,591,11130,California
Kings,2021-02-27,1495,16400,60,4125,1435,12275,0,0,566,6881,928,4817,568,11698,California
Kings,2021-02-28,1165,17565,592,4717,573,12848,0,0,668,7054,495,5312,668,12366,California
Kings,2021-03-01,257,17822,78,4795,179,13027,0,0,213,7223,44,5356,213,12579,California
Kings,2021-03-02,459,18281,202,4997,257,13284,0,0,411,7586,48,5404,411,12990,California
Kings,2021-03-03,571,18852,285,5282,286,13570,0,0,396,7808,174,5578,396,13386,California
Kings,2021-03-04,665,19517,319,5601,346,13916,0,0,573,8289,92,5670,573,13959,California
Kings,2021-03-05,924,20441,322,5923,593,14509,9,9,808,8991,116,5786,818,14777,California
Kings,2021-03-06,505,20946,187,6110,305,14814,13,22,475,9450,30,5816,489,15266,California
Kings,2021-03-07,299,21245,162,6272,133,14947,4,26,291,9737,8,5824,295,15561,California
Kings,2021-03-08,325,21570,87,6359,189,15136,49,75,222,9904,103,5927,270,15831,California
Kings,2021-03-09,431,22001,159,6518,219,15355,53,128,329,10185,102,6029,383,16214,California
Kings,2021-03-10,409,22410,108,6626,257,15612,44,172,287,10395,120,6149,330,16544,California
Kings,2021-03-11,911,23321,267,6893,538,16150,106,278,552,10700,356,6505,661,17205,California
Kings,2021-03-12,1171,24492,355,7248,731,16881,85,363,814,11245,356,6861,901,18106,California
Kings,2021-03-13,601,25093,331,7579,228,17109,42,405,515,11718,86,6947,559,18665,California
Kings,2021-03-14,588,25681,77,7656,137,17246,374,779,168,11841,420,7367,543,19208,California
Kings,2021-03-15,586,26267,171,7827,301,17547,114,893,354,12079,232,7599,470,19678,California
Kings,2021-03-16,1035,27302,434,8261,537,18084,64,957,694,12500,338,7937,759,20437,California
Kings,2021-03-17,1019,28321,370,8631,590,18674,59,1016,721,12990,298,8235,788,21225,California
Kings,2021-03-18,937,29258,406,9037,350,19024,181,1197,662,13560,275,8510,845,22070,California
Kings,2021-03-19,810,30068,402,9439,343,19367,65,1262,635,14094,175,8685,709,22779,California
Kings,2021-03-20,492,30560,212,9651,255,19622,25,1287,362,14360,127,8812,393,23172,California
Kings,2021-03-21,1365,31925,1084,10735,269,19891,12,1299,811,14630,554,9366,824,23996,California
Kings,2021-03-22,454,32379,209,10944,165,20056,80,1379,279,14818,175,9541,363,24359,California
Kings,2021-03-23,872,33251,482,11426,332,20388,58,1437,561,15131,309,9850,622,24981,California
Kings,2021-03-24,897,34148,459,11885,414,20802,24,1461,499,15260,397,10247,526,25507,California
Kings,2021-03-25,884,35032,446,12331,413,21215,25,1486,448,15299,434,10681,473,25980,California
Kings,2021-03-26,1281,36313,377,12708,817,22032,87,1573,523,15160,753,11434,614,26594,California
Kings,2021-03-27,618,36931,246,12954,358,22390,14,1587,170,14901,446,11880,187,26781,California
Kings,2021-03-28,512,37443,439,13393,63,22453,10,1597,336,15079,176,12056,354,27135,California
Kings,2021-03-29,424,37867,180,13573,186,22639,58,1655,235,15187,187,12243,295,27430,California
Kings,2021-03-30,783,38650,425,13998,321,22960,37,1692,467,15378,315,12558,506,27936,California
Kings,2021-03-31,647,39297,355,14353,231,23191,61,1753,375,15559,267,12825,448,28384,California
Kings,2021-04-01,692,39989,344,14697,273,23464,75,1828,324,15607,362,13187,410,28794,California
Kings,2021-04-02,503,40492,236,14933,176,23640,91,1919,216,15640,283,13470,316,29110,California
Lake,2020-12-17,4,4,4,4,0,0,0,0,4,4,0,0,4,4,California
Lake,2020-12-18,51,55,51,55,0,0,0,0,51,55,0,0,51,55,California
Lake,2020-12-19,3,58,3,58,0,0,0,0,3,58,0,0,3,58,California
Lake,2020-12-20,6,64,6,64,0,0,0,0,6,64,0,0,6,64,California
Lake,2020-12-21,50,114,50,114,0,0,0,0,50,114,0,0,50,114,California
Lake,2020-12-22,63,177,60,174,3,3,0,0,63,177,0,0,63,177,California
Lake,2020-12-23,91,268,83,257,8,11,0,0,91,268,0,0,91,268,California
Lake,2020-12-24,2,270,0,257,2,13,0,0,2,270,0,0,2,270,California
Lake,2020-12-26,2,272,2,259,0,13,0,0,2,272,0,0,2,272,California
Lake,2020-12-27,2,274,2,261,0,13,0,0,2,274,0,0,2,274,California
Lake,2020-12-28,52,326,43,304,9,22,0,0,52,326,0,0,52,326,California
Lake,2020-12-29,14,340,9,313,5,27,0,0,14,340,0,0,14,340,California
Lake,2020-12-30,89,429,82,395,7,34,0,0,89,429,0,0,89,429,California
Lake,2020-12-31,67,496,64,459,3,37,0,0,67,496,0,0,67,496,California
Lake,2021-01-01,1,497,0,459,1,38,0,0,1,497,0,0,1,497,California
Lake,2021-01-02,2,499,1,460,1,39,0,0,2,499,0,0,2,499,California
Lake,2021-01-04,65,564,1,461,64,103,0,0,65,564,0,0,65,564,California
Lake,2021-01-05,80,644,59,520,21,124,0,0,78,640,2,2,78,642,California
Lake,2021-01-06,83,727,65,585,18,142,0,0,81,719,2,4,81,723,California
Lake,2021-01-07,69,796,49,634,20,162,0,0,65,780,4,8,65,788,California
Lake,2021-01-08,143,939,124,758,19,181,0,0,91,819,52,60,91,879,California
Lake,2021-01-09,62,1001,60,818,2,183,0,0,58,873,4,64,58,937,California
Lake,2021-01-10,3,1004,3,821,0,183,0,0,0,870,3,67,0,937,California
Lake,2021-01-11,161,1165,119,940,42,225,0,0,113,935,48,115,113,1050,California
Lake,2021-01-12,79,1244,48,988,31,256,0,0,55,966,24,139,55,1105,California
Lake,2021-01-13,126,1370,74,1062,52,308,0,0,96,1032,30,169,96,1201,California
Lake,2021-01-14,136,1506,35,1097,101,409,0,0,115,1126,21,190,115,1316,California
Lake,2021-01-15,216,1722,93,1190,123,532,0,0,189,1288,27,217,189,1505,California
Lake,2021-01-16,135,1857,83,1273,52,584,0,0,133,1419,2,219,133,1638,California
Lake,2021-01-17,18,1875,6,1279,12,596,0,0,12,1425,6,225,12,1650,California
Lake,2021-01-18,244,2119,224,1503,20,616,0,0,126,1433,118,343,126,1776,California
Lake,2021-01-19,277,2396,84,1587,193,809,0,0,263,1683,14,357,264,2040,California
Lake,2021-01-20,385,2781,44,1631,341,1150,0,0,356,2010,29,386,356,2396,California
Lake,2021-01-21,316,3097,48,1679,268,1418,0,0,283,2260,33,419,283,2679,California
Lake,2021-01-22,318,3415,45,1724,273,1691,0,0,282,2506,36,455,282,2961,California
Lake,2021-01-23,122,3537,5,1729,117,1808,0,0,121,2626,1,456,121,3082,California
Lake,2021-01-24,4,3541,1,1730,3,1811,0,0,4,2630,0,456,4,3086,California
Lake,2021-01-25,236,3777,73,1803,163,1974,0,0,178,2750,58,514,178,3264,California
Lake,2021-01-26,425,4202,35,1838,390,2364,0,0,402,3129,23,537,402,3666,California
Lake,2021-01-27,357,4559,39,1877,318,2682,0,0,331,3434,26,563,331,3997,California
Lake,2021-01-28,467,5026,130,2007,337,3019,0,0,366,3699,101,664,366,4363,California
Lake,2021-01-29,636,5662,82,2089,554,3573,0,0,576,4215,60,724,576,4939,California
Lake,2021-01-30,557,6219,45,2134,512,4085,0,0,550,4759,7,731,551,5490,California
Lake,2021-01-31,13,6232,8,2142,5,4090,0,0,12,4770,1,732,12,5502,California
Lake,2021-02-01,176,6408,17,2159,159,4249,0,0,165,4924,11,743,165,5667,California
Lake,2021-02-02,538,6946,154,2313,384,4633,0,0,401,5188,137,880,401,6068,California
Lake,2021-02-03,422,7368,26,2339,396,5029,0,0,348,5462,74,954,348,6416,California
Lake,2021-02-04,100,7468,55,2394,45,5074,0,0,71,5504,29,983,71,6487,California
Lake,2021-02-05,368,7836,68,2462,300,5374,0,0,288,5714,78,1061,288,6775,California
Lake,2021-02-06,282,8118,43,2505,239,5613,0,0,270,5972,12,1073,270,7045,California
Lake,2021-02-07,2,8120,1,2506,1,5614,0,0,2,5974,0,1073,2,7047,California
Lake,2021-02-08,276,8396,206,2712,70,5684,0,0,157,6012,119,1192,157,7204,California
Lake,2021-02-09,340,8736,21,2733,319,6003,0,0,301,6274,39,1231,301,7505,California
Lake,2021-02-10,351,9087,53,2786,298,6301,0,0,274,6471,77,1308,274,7779,California
Lake,2021-02-11,172,9259,19,2805,153,6454,0,0,60,6419,112,1420,60,7839,California
Lake,2021-02-12,373,9632,29,2834,344,6798,0,0,286,6618,87,1507,286,8125,California
Lake,2021-02-13,253,9885,8,2842,245,7043,0,0,242,6849,11,1518,242,8367,California
Lake,2021-02-14,21,9906,4,2846,17,7060,0,0,8,6844,13,1531,8,8375,California
Lake,2021-02-15,171,10077,12,2858,159,7219,0,0,7,6688,163,1694,7,8382,California
Lake,2021-02-16,413,10490,19,2877,394,7613,0,0,171,6617,242,1936,171,8553,California
Lake,2021-02-17,351,10841,54,2931,297,7910,0,0,73,6413,277,2213,73,8626,California
Lake,2021-02-18,450,11291,68,2999,382,8292,0,0,116,6195,334,2547,116,8742,California
Lake,2021-02-19,414,11705,26,3025,388,8680,0,0,92,5965,322,2869,92,8834,California
Lake,2021-02-20,289,11994,58,3083,231,8911,0,0,247,6170,42,2911,247,9081,California
Lake,2021-02-21,6,12000,6,3089,0,8911,0,0,0,6164,6,2917,0,9081,California
Lake,2021-02-22,136,12136,22,3111,114,9025,0,0,41,6110,95,3012,41,9122,California
Lake,2021-02-23,210,12346,13,3124,197,9222,0,0,25,5950,185,3197,25,9147,California
Lake,2021-02-24,953,13299,376,3500,577,9799,0,0,417,5831,536,3733,417,9564,California
Lake,2021-02-25,723,14022,457,3957,266,10065,0,0,472,6054,249,3982,472,10036,California
Lake,2021-02-26,994,15016,307,4264,687,10752,0,0,346,5756,644,4626,346,10382,California
Lake,2021-02-27,398,15414,95,4359,303,11055,0,0,316,5990,82,4708,316,10698,California
Lake,2021-02-28,19,15433,13,4372,6,11061,0,0,10,5991,9,4717,10,10708,California
Lake,2021-03-01,593,16026,53,4425,540,11601,0,0,441,6280,152,4869,441,11149,California
Lake,2021-03-02,754,16780,17,4442,737,12338,0,0,289,6104,465,5334,289,11438,California
Lake,2021-03-03,350,17130,192,4634,158,12496,0,0,128,6010,222,5556,128,11566,California
Lake,2021-03-04,543,17673,474,5108,69,12565,0,0,530,6527,13,5569,530,12096,California
Lake,2021-03-05,817,18490,29,5137,788,13353,0,0,118,5949,696,6265,118,12214,California
Lake,2021-03-06,38,18528,10,5147,27,13380,1,1,23,5958,15,6280,24,12238,California
Lake,2021-03-07,7,18535,5,5152,2,13382,0,1,3,5957,4,6284,3,12241,California
Lake,2021-03-08,310,18845,243,5395,58,13440,9,10,272,6200,38,6322,281,12522,California
Lake,2021-03-09,894,19739,29,5424,852,14292,13,23,377,6074,516,6838,390,12912,California
Lake,2021-03-10,198,19937,60,5484,131,14423,7,30,137,6157,61,6899,144,13056,California
Lake,2021-03-11,554,20491,50,5534,62,14485,442,472,52,6149,502,7401,494,13550,California
Lake,2021-03-12,830,21321,183,5717,623,15108,24,496,336,6017,492,7893,360,13910,California
Lake,2021-03-13,189,21510,19,5736,18,15126,152,648,17,6015,170,8063,168,14078,California
Lake,2021-03-14,14,21524,3,5739,10,15136,1,649,8,6018,6,8069,9,14087,California
Lake,2021-03-15,586,22110,12,5751,554,15690,20,669,427,6306,159,8228,447,14534,California
Lake,2021-03-16,1072,23182,813,6564,242,15932,17,686,423,6100,646,8874,440,14974,California
Lake,2021-03-17,235,23417,117,6681,100,16032,18,704,81,6045,154,9028,99,15073,California
Lake,2021-03-18,658,24075,338,7019,287,16319,33,737,297,6014,360,9388,329,15402,California
Lake,2021-03-19,395,24470,172,7191,212,16531,11,748,311,6253,83,9471,322,15724,California
Lake,2021-03-20,75,24545,11,7202,62,16593,2,750,21,6223,53,9524,23,15747,California
Lake,2021-03-21,19,24564,14,7216,4,16597,1,751,12,6229,7,9531,13,15760,California
Lake,2021-03-22,310,24874,231,7447,65,16662,14,765,225,6383,85,9616,239,15999,California
Lake,2021-03-23,407,25281,20,7467,373,17035,14,779,346,6683,60,9676,360,16359,California
Lake,2021-03-24,422,25703,68,7535,347,17382,7,786,326,6924,94,9770,335,16694,California
Lake,2021-03-25,623,26326,440,7975,177,17559,6,792,169,6647,453,10223,176,16870,California
Lake,2021-03-26,79,26405,40,8015,38,17597,1,793,56,6681,23,10246,57,16927,California
Lake,2021-03-27,307,26712,10,8025,293,17890,4,797,22,6425,283,10529,27,16954,California
Lake,2021-03-28,14,26726,5,8030,8,17898,1,798,6,6424,8,10537,7,16961,California
Lake,2021-03-29,878,27604,243,8273,633,18531,2,800,194,5940,682,11219,198,17159,California
Lake,2021-03-30,441,28045,302,8575,135,18666,4,804,358,6221,83,11302,364,17523,California
Lake,2021-03-31,553,28598,63,8638,490,19156,0,804,393,6483,153,11455,415,17938,California
Lake,2021-04-01,396,28994,207,8845,178,19334,11,815,172,6453,222,11677,192,18130,California
Lake,2021-04-02,179,29173,10,8855,144,19478,25,840,74,6452,105,11782,104,18234,California
Lassen,2020-12-16,8,8,8,8,0,0,0,0,8,8,0,0,8,8,California
Lassen,2020-12-17,6,14,6,14,0,0,0,0,6,14,0,0,6,14,California
Lassen,2020-12-18,1,15,1,15,0,0,0,0,1,15,0,0,1,15,California
Lassen,2020-12-19,5,20,5,20,0,0,0,0,5,20,0,0,5,20,California
Lassen,2020-12-20,2,22,2,22,0,0,0,0,2,22,0,0,2,22,California
Lassen,2020-12-21,11,33,11,33,0,0,0,0,11,33,0,0,11,33,California
Lassen,2020-12-22,23,56,23,56,0,0,0,0,23,56,0,0,23,56,California
Lassen,2020-12-23,6,62,6,62,0,0,0,0,6,62,0,0,6,62,California
Lassen,2020-12-24,11,73,11,73,0,0,0,0,11,73,0,0,11,73,California
Lassen,2020-12-28,3,76,2,75,1,1,0,0,3,76,0,0,3,76,California
Lassen,2020-12-29,35,111,35,110,0,1,0,0,35,111,0,0,35,111,California
Lassen,2020-12-30,37,148,36,146,1,2,0,0,37,148,0,0,37,148,California
Lassen,2020-12-31,51,199,42,188,9,11,0,0,51,199,0,0,51,199,California
Lassen,2021-01-02,1,200,0,188,1,12,0,0,1,200,0,0,1,200,California
Lassen,2021-01-04,15,215,1,189,14,26,0,0,15,215,0,0,15,215,California
Lassen,2021-01-05,194,409,53,242,141,167,0,0,194,409,0,0,194,409,California
Lassen,2021-01-06,94,503,42,284,52,219,0,0,86,488,8,8,87,496,California
Lassen,2021-01-07,43,546,7,291,36,255,0,0,37,519,6,14,37,533,California
Lassen,2021-01-08,50,596,2,293,48,303,0,0,50,569,0,14,50,583,California
Lassen,2021-01-09,12,608,6,299,6,309,0,0,12,581,0,14,12,595,California
Lassen,2021-01-11,27,635,5,304,22,331,0,0,27,608,0,14,27,622,California
Lassen,2021-01-12,50,685,30,334,20,351,0,0,31,620,19,33,31,653,California
Lassen,2021-01-13,161,846,18,352,143,494,0,0,146,751,15,48,146,799,California
Lassen,2021-01-14,161,1007,18,370,143,637,0,0,149,888,12,60,149,948,California
Lassen,2021-01-15,33,1040,6,376,27,664,0,0,33,921,0,60,33,981,California
Lassen,2021-01-16,34,1074,33,409,1,665,0,0,34,955,0,60,34,1015,California
Lassen,2021-01-17,1,1075,0,409,1,666,0,0,1,956,0,60,1,1016,California
Lassen,2021-01-18,5,1080,2,411,3,669,0,0,4,959,1,61,4,1020,California
Lassen,2021-01-19,186,1266,36,447,150,819,0,0,158,1089,28,89,158,1178,California
Lassen,2021-01-20,187,1453,100,547,87,906,0,0,103,1123,69,158,103,1281,California
Lassen,2021-01-21,145,1598,94,641,51,957,0,0,120,1225,18,176,120,1401,California
Lassen,2021-01-22,32,1630,19,660,13,970,0,0,22,1237,10,186,22,1423,California
Lassen,2021-01-23,1,1631,0,660,1,971,0,0,1,1238,0,186,1,1424,California
Lassen,2021-01-24,1,1632,0,660,1,972,0,0,1,1239,0,186,1,1425,California
Lassen,2021-01-25,11,1643,0,660,11,983,0,0,11,1250,0,186,11,1436,California
Lassen,2021-01-26,126,1769,12,672,114,1097,0,0,122,1368,4,190,122,1558,California
Lassen,2021-01-27,80,1849,28,700,52,1149,0,0,64,1416,16,206,64,1622,California
Lassen,2021-01-28,85,1934,14,714,71,1220,0,0,84,1499,1,207,84,1706,California
Lassen,2021-01-29,23,1957,7,721,16,1236,0,0,22,1520,1,208,22,1728,California
Lassen,2021-02-01,63,2020,4,725,59,1295,0,0,36,1529,27,235,36,1764,California
Lassen,2021-02-02,177,2197,11,736,166,1461,0,0,43,1438,134,369,43,1807,California
Lassen,2021-02-03,99,2296,22,758,77,1538,0,0,54,1447,45,414,54,1861,California
Lassen,2021-02-04,112,2408,15,773,97,1635,0,0,63,1461,49,463,63,1924,California
Lassen,2021-02-05,65,2473,12,785,53,1688,0,0,23,1442,42,505,23,1947,California
Lassen,2021-02-06,70,2543,35,820,35,1723,0,0,37,1447,32,537,37,1984,California
Lassen,2021-02-07,1,2544,1,821,0,1723,0,0,1,1448,0,537,1,1985,California
Lassen,2021-02-08,45,2589,6,827,39,1762,0,0,20,1443,25,562,20,2005,California
Lassen,2021-02-09,128,2717,8,835,120,1882,0,0,49,1413,79,641,49,2054,California
Lassen,2021-02-10,181,2898,20,855,161,2043,0,0,74,1381,106,747,74,2128,California
Lassen,2021-02-11,181,3079,16,871,165,2208,0,0,80,1361,100,847,80,2208,California
Lassen,2021-02-12,45,3124,13,884,32,2240,0,0,16,1348,29,876,16,2224,California
Lassen,2021-02-13,13,3137,5,889,8,2248,0,0,11,1357,2,878,11,2235,California
Lassen,2021-02-14,13,3150,0,889,13,2261,0,0,12,1368,1,879,12,2247,California
Lassen,2021-02-15,22,3172,3,892,19,2280,0,0,18,1382,4,883,18,2265,California
Lassen,2021-02-16,193,3365,4,896,189,2469,0,0,31,1253,160,1043,31,2296,California
Lassen,2021-02-17,185,3550,95,991,90,2559,0,0,11,1090,174,1217,11,2307,California
Lassen,2021-02-18,81,3631,23,1014,58,2617,0,0,23,1055,58,1275,23,2330,California
Lassen,2021-02-19,82,3713,61,1075,21,2638,0,0,18,1009,64,1339,18,2348,California
Lassen,2021-02-20,7,3720,0,1075,7,2645,0,0,5,1012,2,1341,5,2353,California
Lassen,2021-02-21,18,3738,1,1076,17,2662,0,0,14,1022,4,1345,14,2367,California
Lassen,2021-02-22,23,3761,8,1084,15,2677,0,0,5,1009,18,1363,5,2372,California
Lassen,2021-02-23,152,3913,9,1093,143,2820,0,0,40,937,112,1475,40,2412,California
Lassen,2021-02-24,165,4078,16,1109,149,2969,0,0,107,987,57,1532,107,2519,California
Lassen,2021-02-25,158,4236,21,1130,137,3106,0,0,102,1033,56,1588,102,2621,California
Lassen,2021-02-26,70,4306,13,1143,57,3163,0,0,33,1029,37,1625,33,2654,California
Lassen,2021-02-27,8,4314,7,1150,1,3164,0,0,4,1029,4,1629,4,2658,California
Lassen,2021-02-28,6,4320,1,1151,5,3169,0,0,3,1029,3,1632,3,2661,California
Lassen,2021-03-01,40,4360,5,1156,35,3204,0,0,7,1003,33,1665,7,2668,California
Lassen,2021-03-02,104,4464,6,1162,98,3302,0,0,79,1057,25,1690,79,2747,California
Lassen,2021-03-03,163,4627,13,1175,150,3452,0,0,105,1104,58,1748,105,2852,California
Lassen,2021-03-04,142,4769,15,1190,127,3579,0,0,93,1149,48,1796,93,2945,California
Lassen,2021-03-05,45,4814,6,1196,19,3598,20,20,12,1148,33,1829,32,2977,California
Lassen,2021-03-06,54,4868,5,1201,31,3629,18,38,5,1122,49,1878,23,3000,California
Lassen,2021-03-07,55,4923,1,1202,0,3629,54,92,0,1121,55,1933,54,3054,California
Lassen,2021-03-08,88,5011,2,1204,9,3638,77,169,4,1119,83,2016,81,3135,California
Lassen,2021-03-09,126,5137,11,1215,98,3736,17,186,78,1166,48,2064,95,3230,California
Lassen,2021-03-10,149,5286,8,1223,140,3876,1,187,66,1151,83,2147,68,3298,California
Lassen,2021-03-11,173,5459,16,1239,148,4024,9,196,99,1188,71,2218,108,3406,California
Lassen,2021-03-12,33,5492,15,1254,11,4035,7,203,11,1184,22,2240,18,3424,California
Lassen,2021-03-13,45,5537,0,1254,2,4037,43,246,2,1185,43,2283,44,3468,California
Lassen,2021-03-14,7,5544,1,1255,5,4042,1,247,0,1179,7,2290,1,3469,California
Lassen,2021-03-15,36,5580,2,1257,31,4073,3,250,17,1180,18,2308,19,3488,California
Lassen,2021-03-16,87,5667,3,1260,78,4151,6,256,70,1239,17,2325,76,3564,California
Lassen,2021-03-17,918,6585,9,1269,904,5055,5,261,899,2125,18,2343,904,4468,California
Lassen,2021-03-18,80,6665,9,1278,70,5125,1,262,66,2178,14,2357,67,4535,California
Lassen,2021-03-19,15,6680,8,1286,3,5128,4,266,8,2183,7,2364,12,4547,California
Lassen,2021-03-20,8,6688,1,1287,4,5132,3,269,3,2184,5,2369,6,4553,California
Lassen,2021-03-21,33,6721,3,1290,29,5161,1,270,15,2183,17,2386,16,4569,California
Lassen,2021-03-22,49,6770,0,1290,48,5209,1,271,45,2225,4,2390,46,4615,California
Lassen,2021-03-23,95,6865,5,1295,89,5298,1,272,53,2237,42,2432,54,4669,California
Lassen,2021-03-24,206,7071,11,1306,195,5493,0,272,100,2233,105,2537,101,4770,California
Lassen,2021-03-25,154,7225,21,1327,133,5626,0,272,69,2217,85,2622,69,4839,California
Lassen,2021-03-26,74,7299,12,1339,24,5650,38,310,15,2212,58,2680,53,4892,California
Lassen,2021-03-27,19,7318,1,1340,2,5652,16,326,2,2213,17,2697,18,4910,California
Lassen,2021-03-28,21,7339,4,1344,6,5658,11,337,7,2217,14,2711,18,4928,California
Lassen,2021-03-29,48,7387,0,1344,25,5683,23,360,18,2228,30,2741,41,4969,California
Lassen,2021-03-30,195,7582,11,1355,161,5844,23,383,49,2160,144,2885,76,5045,California
Lassen,2021-03-31,142,7724,13,1368,110,5954,19,402,64,2167,77,2962,84,5129,California
Lassen,2021-04-01,152,7876,17,1385,117,6071,18,420,46,2127,105,3067,65,5194,California
Lassen,2021-04-02,11,7887,3,1388,1,6072,7,427,1,2125,10,3077,8,5202,California
Los Angeles,2020-12-15,392,392,392,392,0,0,0,0,392,392,0,0,392,392,California
Los Angeles,2020-12-16,3360,3752,3360,3752,0,0,0,0,3360,3752,0,0,3360,3752,California
Los Angeles,2020-12-17,10225,13977,10225,13977,0,0,0,0,10226,13978,0,0,10226,13978,California
Los Angeles,2020-12-18,14487,28464,14465,28442,22,22,0,0,14488,28466,0,0,14488,28466,California
Los Angeles,2020-12-19,7216,35680,7210,35652,6,28,0,0,7217,35683,0,0,7217,35683,California
Los Angeles,2020-12-20,4577,40257,4569,40221,8,36,0,0,4578,40261,0,0,4578,40261,California
Los Angeles,2020-12-21,13648,53905,13637,53858,11,47,0,0,13649,53909,1,1,13649,53910,California
Los Angeles,2020-12-22,11480,65385,11103,64961,377,424,0,0,11482,65391,0,1,11482,65392,California
Los Angeles,2020-12-23,11857,77242,10100,75061,1757,2181,0,0,11858,77249,0,1,11858,77250,California
Los Angeles,2020-12-24,7002,84244,4240,79301,2762,4943,0,0,7005,84254,0,1,7005,84255,California
Los Angeles,2020-12-25,521,84765,416,79717,105,5048,0,0,521,84775,0,1,521,84776,California
Los Angeles,2020-12-26,2523,87288,2179,81896,344,5392,0,0,2523,87297,1,2,2523,87299,California
Los Angeles,2020-12-27,1750,89038,1023,82919,727,6119,0,0,1750,89047,0,2,1750,89049,California
Los Angeles,2020-12-28,10240,99278,6345,89264,3895,10014,0,0,10238,99285,0,2,10238,99287,California
Los Angeles,2020-12-29,11499,110777,6047,95311,5452,15466,0,0,11501,110786,0,2,11501,110788,California
Los Angeles,2020-12-30,14808,125585,8073,103384,6735,22201,0,0,14807,125593,0,2,14807,125595,California
Los Angeles,2020-12-31,7850,133435,2740,106124,5110,27311,0,0,7848,133440,1,3,7848,133443,California
Los Angeles,2021-01-01,907,134342,237,106361,670,27981,0,0,907,134347,0,3,907,134350,California
Los Angeles,2021-01-02,4419,138761,1643,108004,2776,30757,0,0,4419,138766,0,3,4419,138769,California
Los Angeles,2021-01-03,913,139674,202,108206,711,31468,0,0,912,139677,1,4,912,139681,California
Los Angeles,2021-01-04,12621,152295,4833,113039,7788,39256,0,0,12606,152280,3,7,12606,152287,California
Los Angeles,2021-01-05,15950,168245,7047,120086,8903,48159,0,0,14045,164456,1872,1879,14048,166335,California
Los Angeles,2021-01-06,22380,190625,12017,132103,10363,58522,0,0,16806,175767,5504,7383,16815,183150,California
Los Angeles,2021-01-07,29306,219931,15758,147861,13548,72070,0,0,18834,184192,10427,17810,18852,202002,California
Los Angeles,2021-01-08,32960,252891,17840,165701,15120,87190,0,0,20779,192837,12156,29966,20801,222803,California
Los Angeles,2021-01-09,12320,265211,7046,172747,5274,92464,0,0,7457,195440,4862,34828,7465,230268,California
Los Angeles,2021-01-10,4642,269853,3629,176376,1013,93477,0,0,1911,194624,2731,37559,1915,232183,California
Los Angeles,2021-01-11,25676,295529,16185,192561,9491,102968,0,0,14776,198517,10892,48451,14785,246968,California
Los Angeles,2021-01-12,28990,324519,16005,208566,12985,115953,0,0,18916,207380,10057,58508,18920,265888,California
Los Angeles,2021-01-13,29139,353658,15581,224147,13558,129511,0,0,20215,218695,8907,67415,20222,286110,California
Los Angeles,2021-01-14,29111,382769,12675,236822,16436,145947,0,0,23630,236870,5465,72880,23640,309750,California
Los Angeles,2021-01-15,33573,416342,12289,249111,21284,167231,0,0,30025,263382,3523,76403,30035,339785,California
Los Angeles,2021-01-16,17477,433819,4948,254059,12529,179760,0,0,15701,277318,1768,78171,15704,355489,California
Los Angeles,2021-01-17,5173,438992,2288,256347,2885,182645,0,0,4928,282003,245,78416,4930,360419,California
Los Angeles,2021-01-18,15531,454523,10033,266380,5498,188143,0,0,10833,288152,4687,83103,10836,371255,California
Los Angeles,2021-01-19,38325,492848,20477,286857,17848,205991,0,0,30572,311033,7713,90816,30594,401849,California
Los Angeles,2021-01-20,45432,538280,23676,310533,21756,227747,0,0,37959,341557,7443,98259,37967,439816,California
Los Angeles,2021-01-21,48375,586655,22305,332838,26070,253817,0,0,44127,381507,4187,102446,44137,483953,California
Los Angeles,2021-01-22,47560,634215,22218,355056,25342,279159,0,0,44153,422300,3366,105812,44159,528112,California
Los Angeles,2021-01-23,33749,667964,15638,370694,18111,297270,0,0,31741,452068,1979,107791,31747,559859,California
Los Angeles,2021-01-24,15667,683631,12161,382855,3506,300776,0,0,15120,466652,540,108331,15124,574983,California
Los Angeles,2021-01-25,38421,722052,16315,399170,22106,322882,0,0,30009,488329,8376,116707,30053,605036,California
Los Angeles,2021-01-26,48854,770906,24247,423417,24607,347489,0,0,40768,521067,8056,124763,40794,645830,California
Los Angeles,2021-01-27,48099,819005,25662,449079,22437,369926,0,0,39007,551126,8959,133722,39018,684848,California
Los Angeles,2021-01-28,48182,867187,22925,472004,25257,395183,0,0,39894,582851,8175,141897,39900,724748,California
Los Angeles,2021-01-29,48948,916135,25251,497255,23697,418880,0,0,38980,612225,9618,151515,38992,763740,California
Los Angeles,2021-01-30,29826,945961,15301,512556,14525,433405,0,0,25735,633949,4018,155533,25742,789482,California
Los Angeles,2021-01-31,12932,958893,10319,522875,2613,436018,0,0,12014,645060,906,156439,12017,801499,California
Los Angeles,2021-02-01,37676,996569,15993,538868,21683,457701,0,0,27483,662391,10164,166603,27495,828994,California
Los Angeles,2021-02-02,43928,1040497,17769,556637,26159,483860,0,0,31823,682147,12070,178673,31826,860820,California
Los Angeles,2021-02-03,51765,1092262,19372,576009,32393,516253,0,0,37168,704950,14370,193043,37173,897993,California
Los Angeles,2021-02-04,57019,1149281,20601,596610,36418,552671,0,0,39006,726257,17704,210747,39011,937004,California
Los Angeles,2021-02-05,60766,1210047,20861,617471,39905,592576,0,0,39030,743968,21322,232069,39033,976037,California
Los Angeles,2021-02-06,35288,1245335,13210,630681,22078,614654,0,0,26929,762629,8286,240355,26947,1002984,California
Los Angeles,2021-02-07,10736,1256071,8326,639007,2410,617064,0,0,8379,768671,2342,242697,8384,1011368,California
Los Angeles,2021-02-08,46545,1302616,21381,660388,25164,642228,0,0,30461,783177,15958,258655,30464,1041832,California
Los Angeles,2021-02-09,55538,1358154,24528,684916,31010,673238,0,0,28326,784350,27160,285815,28333,1070165,California
Los Angeles,2021-02-10,66714,1424868,29330,714246,37384,710622,0,0,30930,779860,35425,321240,30935,1101100,California
Los Angeles,2021-02-11,57772,1482640,30777,745023,26995,737617,0,0,27897,778320,29441,350681,27901,1129001,California
Los Angeles,2021-02-12,59361,1542001,29708,774731,29653,767270,0,0,25851,771004,33182,383863,25866,1154867,California
Los Angeles,2021-02-13,33721,1575722,19559,794290,14162,781432,0,0,15450,768291,18198,402061,15485,1170352,California
Los Angeles,2021-02-14,21848,1597570,14972,809262,6876,788308,0,0,8786,764078,13007,415068,8794,1179146,California
Los Angeles,2021-02-15,32223,1629793,15776,825038,16447,804755,0,0,17674,767257,14499,429567,17678,1196824,California
Los Angeles,2021-02-16,63639,1693432,32338,857376,31301,836056,0,0,29833,763379,33726,463293,29848,1226672,California
Los Angeles,2021-02-17,63691,1757123,34122,891498,29569,865625,0,0,26348,752550,37185,500478,26356,1253028,California
Los Angeles,2021-02-18,67742,1824865,34458,925956,33284,898909,0,0,28490,742017,39033,539511,28500,1281528,California
Los Angeles,2021-02-19,56834,1881699,34962,960918,21872,920781,0,0,28344,741990,28396,567907,28369,1309897,California
Los Angeles,2021-02-20,31802,1913501,23671,984589,8131,928912,0,0,15545,741318,16222,584129,15550,1325447,California
Los Angeles,2021-02-21,15594,1929095,13976,998565,1618,930530,0,0,8133,742012,7440,591569,8134,1333581,California
Los Angeles,2021-02-22,33777,1962872,24585,1023150,9192,939722,0,0,17580,743482,16132,607701,17602,1351183,California
Los Angeles,2021-02-23,53174,2016046,22613,1045763,30561,970283,0,0,21074,732571,32009,639710,21098,1372281,California
Los Angeles,2021-02-24,63682,2079728,27888,1073651,35794,1006077,0,0,28160,725368,35379,675089,28176,1400457,California
Los Angeles,2021-02-25,72575,2152303,33322,1106973,39253,1045330,0,0,38189,729324,34251,709340,38207,1438664,California
Los Angeles,2021-02-26,82045,2234348,38205,1145178,43840,1089170,0,0,47040,741589,34795,744135,47060,1485724,California
Los Angeles,2021-02-27,58177,2292525,24704,1169882,33472,1122642,1,1,29797,743159,28249,772384,29819,1515543,California
Los Angeles,2021-02-28,26565,2319090,18376,1188258,8189,1130831,0,1,18772,754202,7735,780119,18778,1534321,California
Los Angeles,2021-03-01,54624,2373714,30520,1218778,24097,1154928,7,8,33088,765900,21416,801535,33114,1567435,California
Los Angeles,2021-03-02,69344,2443058,30607,1249385,38736,1193664,1,9,42420,781523,26812,828347,42435,1609870,California
Los Angeles,2021-03-03,78304,2521362,39252,1288637,39048,1232712,4,13,48611,800651,29530,857877,48658,1658528,California
Los Angeles,2021-03-04,83184,2604546,44114,1332751,39063,1271775,7,20,53185,824032,29828,887705,53209,1711737,California
Los Angeles,2021-03-05,77241,2681787,38372,1371123,38849,1310624,20,40,52842,852693,24236,911941,52897,1764634,California
Los Angeles,2021-03-06,58386,2740173,30186,1401309,26444,1337068,1756,1796,38391,872986,19875,931816,40168,1804802,California
Los Angeles,2021-03-07,23826,2763999,18763,1420072,4298,1341366,765,2561,18872,887691,4938,936754,19643,1824445,California
Los Angeles,2021-03-08,48747,2812746,25661,1445733,21334,1362700,1752,4313,36792,914364,11880,948634,38553,1862998,California
Los Angeles,2021-03-09,65504,2878250,24929,1470662,37316,1400016,3259,7572,38967,930175,26426,975060,42237,1905235,California
Los Angeles,2021-03-10,74076,2952326,35988,1506650,33586,1433602,4502,12074,45891,952519,28050,1003110,50394,1955629,California
Los Angeles,2021-03-11,84285,3036611,40670,1547320,37694,1471296,5921,17995,48404,971111,35738,1038848,54330,2009959,California
Los Angeles,2021-03-12,83347,3119958,38006,1585326,32662,1503958,12679,30674,47943,996456,35278,1074126,60623,2070582,California
Los Angeles,2021-03-13,61738,3181696,30534,1615860,20031,1523989,11173,41847,35681,1017337,25980,1100106,46861,2117443,California
Los Angeles,2021-03-14,32774,3214470,23279,1639139,7168,1531157,2327,44174,22644,1032242,10090,1110196,24995,2142438,California
Los Angeles,2021-03-15,71714,3286184,34633,1673772,31837,1562994,5244,49418,43784,1053494,27787,1137983,49039,2191477,California
Los Angeles,2021-03-16,93557,3379741,41471,1715243,46562,1609556,5524,54942,60398,1086425,33001,1170984,65932,2257409,California
Los Angeles,2021-03-17,88098,3467839,40891,1756134,39611,1649167,7596,62538,58690,1123470,29256,1200240,66301,2323710,California
Los Angeles,2021-03-18,81363,3549202,40089,1796223,36658,1685825,4616,67154,50476,1147882,30695,1230935,55107,2378817,California
Los Angeles,2021-03-19,89520,3638722,47242,1843465,38815,1724640,3463,70617,55798,1173629,33537,1264472,59284,2438101,California
Los Angeles,2021-03-20,56308,3695030,23902,1867367,29131,1753771,3275,73892,40382,1201470,15809,1280281,43650,2481751,California
Los Angeles,2021-03-21,32197,3727227,23593,1890960,7804,1761575,800,74692,21192,1212523,10941,1291222,21994,2503745,California
Los Angeles,2021-03-22,66902,3794129,39709,1930669,25251,1786826,1942,76634,47720,1243227,19005,1310227,49709,2553454,California
Los Angeles,2021-03-23,91096,3885225,49457,1980126,38743,1825569,2896,79530,60590,1276548,30302,1340529,63623,2617077,California
Los Angeles,2021-03-24,99279,3984504,52978,2033104,43484,1869053,2817,82347,59021,1298558,40016,1380545,62026,2679103,California
Los Angeles,2021-03-25,103761,4088265,55476,2088580,44838,1913891,3447,85794,59429,1317788,44110,1424655,63340,2742443,California
Los Angeles,2021-03-26,109215,4197480,59614,2148194,45570,1959461,4031,89825,62581,1339744,46442,1471097,68398,2810841,California
Los Angeles,2021-03-27,77042,4274522,39361,2187555,35581,1995042,2100,91925,40469,1347114,36388,1507485,43758,2854599,California
Los Angeles,2021-03-28,40342,4314864,26987,2214542,12771,2007813,584,92509,20557,1348658,19739,1527224,21283,2875882,California
Los Angeles,2021-03-29,78901,4393765,44718,2259260,32638,2040451,1545,94054,45309,1362495,33466,1560690,47303,2923185,California
Los Angeles,2021-03-30,101555,4495320,48888,2308148,47255,2087706,5412,99466,64170,1395391,37239,1597929,70135,2993320,California
Los Angeles,2021-03-31,112803,4608123,57091,2365239,47888,2135594,7824,107290,68194,1427730,44378,1642307,76717,3070037,California
Los Angeles,2021-04-01,116295,4724418,53076,2418315,49860,2185454,13359,120649,65659,1458440,50464,1692771,81174,3151211,California
Los Angeles,2021-04-02,76026,4800444,33584,2451899,30070,2215524,12372,133021,39354,1475564,36547,1729318,53671,3204882,California
Madera,2020-12-16,22,22,22,22,0,0,0,0,22,22,0,0,22,22,California
Madera,2020-12-17,12,34,12,34,0,0,0,0,12,34,0,0,12,34,California
Madera,2020-12-18,61,95,61,95,0,0,0,0,61,95,0,0,61,95,California
Madera,2020-12-19,6,101,6,101,0,0,0,0,6,101,0,0,6,101,California
Madera,2020-12-20,14,115,14,115,0,0,0,0,14,115,0,0,14,115,California
Madera,2020-12-21,61,176,61,176,0,0,0,0,61,176,0,0,61,176,California
Madera,2020-12-22,98,274,96,272,2,2,0,0,98,274,0,0,98,274,California
Madera,2020-12-23,68,342,68,340,0,2,0,0,68,342,0,0,68,342,California
Madera,2020-12-24,44,386,39,379,5,7,0,0,44,386,0,0,44,386,California
Madera,2020-12-26,28,414,26,405,2,9,0,0,28,414,0,0,28,414,California
Madera,2020-12-27,31,445,12,417,19,28,0,0,31,445,0,0,31,445,California
Madera,2020-12-28,107,552,36,453,71,99,0,0,107,552,0,0,107,552,California
Madera,2020-12-29,170,722,36,489,134,233,0,0,170,722,0,0,170,722,California
Madera,2020-12-30,216,938,85,574,131,364,0,0,216,938,0,0,216,938,California
Madera,2020-12-31,203,1141,80,654,123,487,0,0,203,1141,0,0,203,1141,California
Madera,2021-01-02,76,1217,21,675,55,542,0,0,76,1217,0,0,76,1217,California
Madera,2021-01-03,5,1222,5,680,0,542,0,0,5,1222,0,0,5,1222,California
Madera,2021-01-04,129,1351,64,744,65,607,0,0,129,1351,0,0,129,1351,California
Madera,2021-01-05,274,1625,138,882,136,743,0,0,269,1615,5,5,269,1620,California
Madera,2021-01-06,185,1810,27,909,158,901,0,0,165,1760,20,25,165,1785,California
Madera,2021-01-07,340,2150,56,965,284,1185,0,0,319,2058,21,46,319,2104,California
Madera,2021-01-08,413,2563,70,1035,343,1528,0,0,358,2363,54,100,359,2463,California
Madera,2021-01-09,37,2600,14,1049,23,1551,0,0,28,2382,9,109,28,2491,California
Madera,2021-01-10,18,2618,15,1064,3,1554,0,0,5,2374,13,122,5,2496,California
Madera,2021-01-11,225,2843,177,1241,48,1602,0,0,183,2515,42,164,183,2679,California
Madera,2021-01-12,394,3237,160,1401,234,1836,0,0,286,2693,108,272,286,2965,California
Madera,2021-01-13,181,3418,90,1491,91,1927,0,0,125,2762,56,328,125,3090,California
Madera,2021-01-14,555,3973,80,1571,475,2402,0,0,522,3251,33,361,522,3612,California
Madera,2021-01-15,593,4566,159,1730,434,2836,0,0,573,3804,20,381,573,4185,California
Madera,2021-01-16,374,4940,46,1776,328,3164,0,0,345,4120,29,410,345,4530,California
Madera,2021-01-17,327,5267,7,1783,320,3484,0,0,322,4438,5,415,323,4853,California
Madera,2021-01-18,74,5341,58,1841,16,3500,0,0,55,4475,18,433,55,4908,California
Madera,2021-01-19,559,5900,129,1970,430,3930,0,0,532,4981,27,460,533,5441,California
Madera,2021-01-20,235,6135,79,2049,156,4086,0,0,208,5163,26,486,208,5649,California
Madera,2021-01-21,236,6371,125,2174,111,4197,0,0,202,5333,32,518,202,5851,California
Madera,2021-01-22,255,6626,83,2257,172,4369,0,0,242,5562,13,531,242,6093,California
Madera,2021-01-23,101,6727,52,2309,49,4418,0,0,77,5616,24,555,78,6171,California
Madera,2021-01-24,100,6827,81,2390,19,4437,0,0,76,5668,24,579,76,6247,California
Madera,2021-01-25,253,7080,121,2511,132,4569,0,0,141,5697,112,691,141,6388,California
Madera,2021-01-26,479,7559,188,2699,291,4860,0,0,292,5805,186,877,294,6682,California
Madera,2021-01-27,734,8293,62,2761,672,5532,0,0,598,6268,136,1013,599,7281,California
Madera,2021-01-28,537,8830,101,2862,436,5968,0,0,433,6597,104,1117,433,7714,California
Madera,2021-01-29,468,9298,95,2957,373,6341,0,0,411,6951,57,1174,411,8125,California
Madera,2021-01-30,507,9805,15,2972,492,6833,0,0,453,7350,54,1228,453,8578,California
Madera,2021-01-31,9,9814,6,2978,3,6836,0,0,8,7357,1,1229,8,8586,California
Madera,2021-02-01,257,10071,71,3049,186,7022,0,0,199,7499,58,1287,200,8786,California
Madera,2021-02-02,247,10318,84,3133,163,7185,0,0,159,7571,87,1374,159,8945,California
Madera,2021-02-03,588,10906,453,3586,135,7320,0,0,474,7934,112,1486,475,9420,California
Madera,2021-02-04,386,11292,121,3707,265,7585,0,0,112,7774,273,1759,113,9533,California
Madera,2021-02-05,968,12260,295,4002,673,8258,0,0,362,7536,601,2360,363,9896,California
Madera,2021-02-06,355,12615,322,4324,33,8291,0,0,318,7818,36,2396,318,10214,California
Madera,2021-02-07,36,12651,7,4331,29,8320,0,0,31,7844,5,2401,31,10245,California
Madera,2021-02-08,377,13028,303,4634,74,8394,0,0,266,8000,110,2511,266,10511,California
Madera,2021-02-09,475,13503,116,4750,359,8753,0,0,195,7919,277,2788,196,10707,California
Madera,2021-02-10,425,13928,152,4902,273,9026,0,0,324,8142,101,2889,324,11031,California
Madera,2021-02-11,924,14852,299,5201,625,9651,0,0,397,8016,525,3414,399,11430,California
Madera,2021-02-12,840,15692,119,5320,721,10372,0,0,303,7794,531,3945,309,11739,California
Madera,2021-02-13,477,16169,45,5365,432,10804,0,0,137,7594,339,4284,139,11878,California
Madera,2021-02-14,398,16567,75,5440,323,11127,0,0,102,7436,295,4579,137,12015,California
Madera,2021-02-15,231,16798,92,5532,139,11266,0,0,149,7522,82,4661,168,12183,California
Madera,2021-02-16,771,17569,184,5716,587,11853,0,0,227,7210,542,5203,230,12413,California
Madera,2021-02-17,603,18172,267,5983,336,12189,0,0,333,7280,265,5468,335,12748,California
Madera,2021-02-18,1283,19455,527,6510,756,12945,0,0,1111,8220,172,5640,1112,13860,California
Madera,2021-02-19,860,20315,547,7057,313,13258,0,0,712,8791,148,5788,719,14579,California
Madera,2021-02-20,1072,21387,978,8035,94,13352,0,0,998,9718,72,5860,999,15578,California
Madera,2021-02-21,952,22339,816,8851,136,13488,0,0,946,10658,6,5866,946,16524,California
Madera,2021-02-22,905,23244,831,9682,74,13562,0,0,851,11455,54,5920,851,17375,California
Madera,2021-02-23,767,24011,498,10180,269,13831,0,0,549,11788,217,6137,550,17925,California
Madera,2021-02-24,904,24915,301,10481,603,14434,0,0,374,11632,530,6667,374,18299,California
Madera,2021-02-25,1019,25934,308,10789,711,15145,0,0,587,11789,430,7097,587,18886,California
Madera,2021-02-26,1068,27002,188,10977,880,16025,0,0,690,12108,375,7472,694,19580,California
Madera,2021-02-27,864,27866,243,11220,621,16646,0,0,413,12108,448,7920,448,20028,California
Madera,2021-02-28,188,28054,30,11250,158,16804,0,0,182,12284,6,7926,182,20210,California
Madera,2021-03-01,363,28417,113,11363,250,17054,0,0,187,12297,175,8101,188,20398,California
Madera,2021-03-02,636,29053,266,11629,370,17424,0,0,523,12710,112,8213,525,20923,California
Madera,2021-03-03,1187,30240,666,12295,521,17945,0,0,796,13137,388,8601,815,21738,California
Madera,2021-03-04,1106,31346,467,12762,639,18584,0,0,860,13760,246,8847,869,22607,California
Madera,2021-03-05,1211,32557,389,13151,810,19394,12,12,956,14481,253,9100,974,23581,California
Madera,2021-03-06,675,33232,501,13652,144,19538,30,42,454,14745,221,9321,485,24066,California
Madera,2021-03-07,153,33385,26,13678,105,19643,22,64,103,14820,50,9371,125,24191,California
Madera,2021-03-08,564,33949,314,13992,195,19838,55,119,284,14881,280,9651,341,24532,California
Madera,2021-03-09,424,34373,154,14146,234,20072,36,155,260,15021,163,9814,303,24835,California
Madera,2021-03-10,1061,35434,490,14636,521,20593,50,205,669,15352,389,10203,720,25555,California
Madera,2021-03-11,1550,36984,773,15409,465,21058,312,517,683,15493,866,11069,1007,26562,California
Madera,2021-03-12,1388,38372,727,16136,522,21580,139,656,666,15607,719,11788,833,27395,California
Madera,2021-03-13,1697,40069,1238,17374,271,21851,188,844,672,15463,1023,12811,879,28274,California
Madera,2021-03-14,528,40597,442,17816,53,21904,33,877,275,15520,252,13063,309,28583,California
Madera,2021-03-15,718,41315,214,18030,460,22364,44,921,499,15878,218,13281,576,29159,California
Madera,2021-03-16,802,42117,418,18448,337,22701,47,968,627,16398,173,13454,693,29852,California
Madera,2021-03-17,1353,43470,900,19348,408,23109,45,1013,827,16844,517,13971,963,30815,California
Madera,2021-03-18,1586,45056,556,19904,980,24089,50,1063,774,16930,809,14780,895,31710,California
Madera,2021-03-19,1278,46334,510,20414,706,24795,62,1125,814,17403,461,15241,934,32644,California
Madera,2021-03-20,860,47194,626,21040,204,24999,30,1155,409,17434,450,15691,481,33125,California
Madera,2021-03-21,1039,48233,855,21895,139,25138,45,1200,344,17132,692,16383,390,33515,California
Madera,2021-03-22,1320,49553,840,22735,414,25552,66,1266,643,17218,669,17052,755,34270,California
Madera,2021-03-23,1366,50919,823,23558,442,25994,101,1367,698,17435,666,17718,883,35153,California
Madera,2021-03-24,881,51800,467,24025,385,26379,29,1396,581,17767,299,18017,631,35784,California
Madera,2021-03-25,1083,52883,478,24503,584,26963,21,1417,617,17990,457,18474,680,36464,California
Madera,2021-03-26,1411,54294,510,25013,772,27735,129,1546,670,18058,738,19212,806,37270,California
Madera,2021-03-27,830,55124,527,25540,281,28016,22,1568,379,18027,445,19657,414,37684,California
Madera,2021-03-28,404,55528,132,25672,218,28234,54,1622,223,18177,180,19837,330,38014,California
Madera,2021-03-29,664,56192,169,25841,465,28699,30,1652,478,18507,183,20020,513,38527,California
Madera,2021-03-30,999,57191,563,26404,405,29104,31,1683,554,18657,444,20464,594,39121,California
Madera,2021-03-31,1161,58352,465,26869,591,29695,105,1788,419,18496,737,21201,576,39697,California
Madera,2021-04-01,1179,59531,540,27409,598,30293,41,1829,423,18247,752,21953,503,40200,California
Madera,2021-04-02,809,60340,306,27715,458,30751,45,1874,318,18183,490,22443,426,40626,California
Marin,2020-12-15,2,2,2,2,0,0,0,0,2,2,0,0,2,2,California
Marin,2020-12-16,107,109,107,109,0,0,0,0,107,109,0,0,107,109,California
Marin,2020-12-17,259,368,259,368,0,0,0,0,259,368,0,0,259,368,California
Marin,2020-12-18,372,740,372,740,0,0,0,0,372,740,0,0,372,740,California
Marin,2020-12-19,348,1088,347,1087,1,1,0,0,348,1088,0,0,348,1088,California
Marin,2020-12-20,167,1255,166,1253,1,2,0,0,167,1255,0,0,167,1255,California
Marin,2020-12-21,239,1494,236,1489,3,5,0,0,239,1494,0,0,239,1494,California
Marin,2020-12-22,522,2016,319,1808,203,208,0,0,522,2016,0,0,522,2016,California
Marin,2020-12-23,731,2747,323,2131,408,616,0,0,731,2747,0,0,731,2747,California
Marin,2020-12-24,356,3103,160,2291,196,812,0,0,356,3103,0,0,356,3103,California
Marin,2020-12-25,27,3130,0,2291,27,839,0,0,27,3130,0,0,27,3130,California
Marin,2020-12-26,140,3270,92,2383,48,887,0,0,140,3270,0,0,140,3270,California
Marin,2020-12-27,93,3363,56,2439,37,924,0,0,93,3363,0,0,93,3363,California
Marin,2020-12-28,408,3771,99,2538,309,1233,0,0,408,3771,0,0,408,3771,California
Marin,2020-12-29,397,4168,86,2624,311,1544,0,0,397,4168,0,0,397,4168,California
Marin,2020-12-30,624,4792,387,3011,237,1781,0,0,624,4792,0,0,624,4792,California
Marin,2020-12-31,200,4992,33,3044,167,1948,0,0,200,4992,0,0,200,4992,California
Marin,2021-01-01,9,5001,5,3049,4,1952,0,0,9,5001,0,0,9,5001,California
Marin,2021-01-02,105,5106,99,3148,6,1958,0,0,105,5106,0,0,105,5106,California
Marin,2021-01-03,55,5161,37,3185,18,1976,0,0,52,5158,0,0,52,5158,California
Marin,2021-01-04,286,5447,185,3370,101,2077,0,0,285,5442,1,1,285,5443,California
Marin,2021-01-05,366,5813,223,3593,143,2220,0,0,323,5722,43,44,323,5766,California
Marin,2021-01-06,822,6635,316,3909,506,2726,0,0,645,6191,176,220,645,6411,California
Marin,2021-01-07,893,7528,502,4411,391,3117,0,0,545,6388,348,568,545,6956,California
Marin,2021-01-08,966,8494,509,4920,457,3574,0,0,593,6609,372,940,593,7549,California
Marin,2021-01-09,618,9112,222,5142,396,3970,0,0,488,6967,130,1070,488,8037,California
Marin,2021-01-10,126,9238,97,5239,29,3999,0,0,51,6943,75,1145,51,8088,California
Marin,2021-01-11,467,9705,326,5565,141,4140,0,0,252,6980,215,1360,252,8340,California
Marin,2021-01-12,940,10645,541,6106,399,4539,0,0,565,7173,372,1732,565,8905,California
Marin,2021-01-13,1175,11820,496,6602,679,5218,0,0,936,7870,239,1971,936,9841,California
Marin,2021-01-14,1072,12892,325,6927,747,5965,0,0,919,8638,151,2122,919,10760,California
Marin,2021-01-15,1150,14042,354,7281,796,6761,0,0,1020,9530,129,2251,1021,11781,California
Marin,2021-01-16,1111,15153,907,8188,204,6965,0,0,1037,10493,74,2325,1037,12818,California
Marin,2021-01-17,1237,16390,1117,9305,120,7085,0,0,1209,11678,27,2352,1212,14030,California
Marin,2021-01-18,360,16750,160,9465,200,7285,0,0,309,11936,51,2403,309,14339,California
Marin,2021-01-19,1146,17896,907,10372,239,7524,0,0,978,12747,167,2570,978,15317,California
Marin,2021-01-20,1783,19679,1208,11580,575,8099,0,0,1054,13084,718,3288,1055,16372,California
Marin,2021-01-21,1684,21363,1065,12645,619,8718,0,0,1332,14070,349,3637,1335,17707,California
Marin,2021-01-22,1687,23050,1079,13724,608,9326,0,0,1522,15427,165,3802,1522,19229,California
Marin,2021-01-23,1851,24901,1348,15072,503,9829,0,0,1767,17110,84,3886,1767,20996,California
Marin,2021-01-24,612,25513,164,15236,448,10277,0,0,580,17658,32,3918,580,21576,California
Marin,2021-01-25,1114,26627,224,15460,890,11167,0,0,684,17915,430,4348,687,22263,California
Marin,2021-01-26,1498,28125,776,16236,722,11889,0,0,1121,18660,376,4724,1121,23384,California
Marin,2021-01-27,1686,29811,863,17099,823,12712,0,0,1335,19648,348,5072,1336,24720,California
Marin,2021-01-28,2050,31861,1043,18142,1007,13719,0,0,1783,21166,266,5338,1784,26504,California
Marin,2021-01-29,2183,34044,1433,19575,750,14469,0,0,1988,22971,184,5522,1989,28493,California
Marin,2021-01-30,1714,35758,895,20470,819,15288,0,0,1637,24532,77,5599,1638,30131,California
Marin,2021-01-31,452,36210,316,20786,136,15424,0,0,427,24934,25,5624,427,30558,California
Marin,2021-02-01,1084,37294,418,21204,666,16090,0,0,885,25620,199,5823,885,31443,California
Marin,2021-02-02,1348,38642,458,21662,890,16980,0,0,722,25726,616,6439,722,32165,California
Marin,2021-02-03,1760,40402,415,22077,1345,18325,0,0,1238,26443,521,6960,1238,33403,California
Marin,2021-02-04,1533,41935,510,22587,1023,19348,0,0,931,26775,599,7559,931,34334,California
Marin,2021-02-05,2161,44096,671,23258,1490,20838,0,0,1323,27265,834,8393,1324,35658,California
Marin,2021-02-06,1423,45519,852,24110,571,21409,0,0,599,27041,823,9216,599,36257,California
Marin,2021-02-07,1289,46808,1005,25115,284,21693,0,0,487,26727,801,10017,487,36744,California
Marin,2021-02-08,1521,48329,754,25869,767,22460,0,0,728,26664,791,10808,728,37472,California
Marin,2021-02-09,1771,50100,1117,26986,654,23114,0,0,823,26540,947,11755,823,38295,California
Marin,2021-02-10,2330,52430,1490,28476,840,23954,0,0,1216,26645,1112,12867,1217,39512,California
Marin,2021-02-11,2855,55285,1638,30114,1217,25171,0,0,1447,26691,1403,14270,1449,40961,California
Marin,2021-02-12,3053,58338,1539,31653,1514,26685,0,0,1556,26752,1495,15765,1556,42517,California
Marin,2021-02-13,2342,60680,1242,32895,1100,27785,0,0,1132,26676,1208,16973,1132,43649,California
Marin,2021-02-14,805,61485,298,33193,507,28292,0,0,716,27303,89,17062,716,44365,California
Marin,2021-02-15,1208,62693,355,33548,853,29145,0,0,831,27757,377,17439,831,45196,California
Marin,2021-02-16,2458,65151,1053,34601,1405,30550,0,0,1500,28300,957,18396,1500,46696,California
Marin,2021-02-17,2080,67231,927,35528,1153,31703,0,0,1088,28398,991,19387,1089,47785,California
Marin,2021-02-18,2388,69619,1548,37076,840,32543,0,0,1059,28129,1328,20715,1059,48844,California
Marin,2021-02-19,2743,72362,2150,39226,593,33136,0,0,1213,27824,1519,22234,1214,50058,California
Marin,2021-02-20,2568,74930,2113,41339,455,33591,0,0,1225,27709,1340,23574,1225,51283,California
Marin,2021-02-21,1255,76185,1064,42403,191,33782,0,0,894,28245,358,23932,894,52177,California
Marin,2021-02-22,1788,77973,1377,43780,411,34193,0,0,1201,28860,586,24518,1201,53378,California
Marin,2021-02-23,2827,80800,1607,45387,1220,35413,0,0,1905,29852,913,25431,1905,55283,California
Marin,2021-02-24,3476,84276,1595,46982,1881,37294,0,0,2240,30863,1229,26660,2240,57523,California
Marin,2021-02-25,3919,88195,1811,48793,2108,39402,0,0,2757,32467,1154,27814,2758,60281,California
Marin,2021-02-26,3471,91666,1872,50665,1599,41001,0,0,2529,34065,931,28745,2529,62810,California
Marin,2021-02-27,2611,94277,1496,52161,1115,42116,0,0,1775,35007,834,29579,1776,64586,California
Marin,2021-02-28,1377,95654,917,53078,460,42576,0,0,1044,35720,331,29910,1044,65630,California
Marin,2021-03-01,2424,98078,1494,54572,930,43506,0,0,1625,36552,793,30703,1625,67255,California
Marin,2021-03-02,2398,100476,1572,56144,825,44331,1,1,1665,37488,731,31434,1667,68922,California
Marin,2021-03-03,3925,104401,2154,58298,1771,46102,0,1,2524,38617,1397,32831,2526,71448,California
Marin,2021-03-04,2895,107296,1368,59666,1527,47629,0,1,2084,39902,805,33636,2090,73538,California
Marin,2021-03-05,2554,109850,813,60479,1729,49358,12,13,1499,40364,1054,34690,1516,75054,California
Marin,2021-03-06,2455,112305,1685,62164,694,50052,76,89,1972,41939,473,35163,2048,77102,California
Marin,2021-03-07,1362,113667,1151,63315,188,50240,23,112,979,42560,381,35544,1002,78104,California
Marin,2021-03-08,1792,115459,1327,64642,370,50610,95,207,1347,43563,443,35987,1446,79550,California
Marin,2021-03-09,2048,117507,1200,65842,739,51349,109,316,1392,44408,656,36643,1501,81051,California
Marin,2021-03-10,4209,121716,2382,68224,1535,52884,292,608,2991,46475,1217,37860,3284,84335,California
Marin,2021-03-11,4331,126047,1736,69960,2462,55346,133,741,3079,48441,1245,39105,3211,87546,California
Marin,2021-03-12,3697,129744,1435,71395,1925,57271,337,1078,1437,47962,2250,41355,1771,89317,California
Marin,2021-03-13,3866,133610,2752,74147,1056,58327,58,1136,2309,48778,1549,42904,2365,91682,California
Marin,2021-03-14,2110,135720,1062,75209,940,59267,108,1244,696,48171,1413,44317,806,92488,California
Marin,2021-03-15,3231,138951,1763,76972,1417,60684,51,1295,1229,47454,1996,46313,1279,93767,California
Marin,2021-03-16,4273,143224,2290,79262,1619,62303,364,1659,1509,46565,2761,49074,1872,95639,California
Marin,2021-03-17,3954,147178,2162,81424,1750,64053,42,1701,1896,46457,2047,51121,1939,97578,California
Marin,2021-03-18,3706,150884,1824,83248,1809,65862,73,1774,1883,46601,1811,52932,1955,99533,California
Marin,2021-03-19,3108,153992,1700,84948,1293,67155,115,1889,1697,47009,1404,54336,1812,101345,California
Marin,2021-03-20,2660,156652,1381,86329,1209,68364,70,1959,1627,47681,1025,55361,1697,103042,California
Marin,2021-03-21,1495,158147,1102,87431,368,68732,25,1984,772,47757,721,56082,797,103839,California
Marin,2021-03-22,2468,160615,2114,89545,183,68915,171,2155,1022,47517,1441,57523,1201,105040,California
Marin,2021-03-23,4190,164805,2173,91718,1894,70809,123,2278,1913,47305,2271,59794,2059,107099,California
Marin,2021-03-24,4391,169196,2876,94594,1411,72220,104,2382,1801,46762,2582,62376,2039,109138,California
Marin,2021-03-25,4533,173729,2750,97344,1714,73934,69,2451,2207,46906,2313,64689,2457,111595,California
Marin,2021-03-26,4204,177933,2249,99593,1742,75676,213,2664,2367,47889,1817,66506,2800,114395,California
Marin,2021-03-27,3594,181527,2560,102153,1018,76694,16,2680,1125,47075,2463,68969,1649,116044,California
Marin,2021-03-28,2327,183854,1679,103832,642,77336,6,2686,1067,46896,1255,70224,1076,117120,California
Marin,2021-03-29,2515,186369,1923,105755,567,77903,25,2711,1080,46576,1433,71657,1113,118233,California
Marin,2021-03-30,4523,190892,3502,109257,986,78889,35,2746,2968,48038,1552,73209,3014,121247,California
Marin,2021-03-31,5554,196446,3892,113149,1611,80500,51,2797,2492,47589,3056,76265,2607,123854,California
Marin,2021-04-01,3701,200147,1900,115049,1568,82068,233,3030,1715,47609,1983,78248,2003,125857,California
Marin,2021-04-02,1380,201527,379,115428,716,82784,285,3315,632,47824,743,78991,958,126815,California
Mariposa,2020-12-17,2,2,2,2,0,0,0,0,38,38,0,0,38,38,California
Mariposa,2020-12-18,5,7,5,7,0,0,0,0,56,94,0,0,56,94,California
Mariposa,2020-12-20,2,9,2,9,0,0,0,0,2,96,0,0,2,96,California
Mariposa,2020-12-21,3,12,3,12,0,0,0,0,45,141,0,0,45,141,California
Mariposa,2020-12-22,2,14,2,14,0,0,0,0,2,143,0,0,2,143,California
Mariposa,2020-12-23,10,24,10,24,0,0,0,0,1,144,0,0,1,144,California
Mariposa,2020-12-24,1,25,0,24,1,1,0,0,0,144,0,0,0,144,California
Mariposa,2020-12-26,1,26,1,25,0,1,0,0,1,145,0,0,1,145,California
Mariposa,2020-12-27,1,27,0,25,1,2,0,0,1,146,0,0,1,146,California
Mariposa,2020-12-28,3,30,1,26,2,4,0,0,3,149,0,0,3,149,California
Mariposa,2020-12-29,33,63,1,27,32,36,0,0,33,182,0,0,33,182,California
Mariposa,2020-12-30,21,84,0,27,21,57,0,0,19,201,0,0,19,201,California
Mariposa,2020-12-31,22,106,0,27,22,79,0,0,22,223,0,0,22,223,California
Mariposa,2021-01-04,9,115,1,28,8,87,0,0,9,232,0,0,9,232,California
Mariposa,2021-01-05,24,139,14,42,10,97,0,0,12,234,10,10,12,244,California
Mariposa,2021-01-06,5,144,3,45,2,99,0,0,2,233,3,13,2,246,California
Mariposa,2021-01-07,49,193,47,92,2,101,0,0,2,188,47,60,2,248,California
Mariposa,2021-01-08,109,302,81,173,28,129,0,0,33,145,76,136,33,281,California
Mariposa,2021-01-09,1,303,0,173,1,130,0,0,1,146,0,136,1,282,California
Mariposa,2021-01-11,24,327,3,176,21,151,0,0,22,166,2,138,22,304,California
Mariposa,2021-01-12,21,348,3,179,18,169,0,0,18,181,3,141,18,322,California
Mariposa,2021-01-13,22,370,1,180,21,190,0,0,21,201,1,142,21,343,California
Mariposa,2021-01-14,94,464,1,181,93,283,0,0,94,295,0,142,94,437,California
Mariposa,2021-01-15,46,510,1,182,45,328,0,0,45,339,1,143,45,482,California
Mariposa,2021-01-16,19,529,2,184,17,345,0,0,18,356,1,144,18,500,California
Mariposa,2021-01-17,2,531,0,184,2,347,0,0,2,358,0,144,2,502,California
Mariposa,2021-01-18,2,533,2,186,0,347,0,0,1,358,1,145,1,503,California
Mariposa,2021-01-19,1,534,0,186,1,348,0,0,1,359,0,145,1,504,California
Mariposa,2021-01-20,26,560,0,186,26,374,0,0,25,384,0,145,25,529,California
Mariposa,2021-01-21,87,647,1,187,86,460,0,0,87,471,0,145,87,616,California
Mariposa,2021-01-22,77,724,1,188,76,536,0,0,77,548,0,145,77,693,California
Mariposa,2021-01-23,125,849,0,188,125,661,0,0,124,672,0,145,124,817,California
Mariposa,2021-01-25,3,852,1,189,2,663,0,0,0,669,3,148,0,817,California
Mariposa,2021-01-26,32,884,2,191,30,693,0,0,3,647,29,177,7,824,California
Mariposa,2021-01-27,34,918,1,192,33,726,0,0,26,665,8,185,26,850,California
Mariposa,2021-01-28,147,1065,2,194,145,871,0,0,133,785,13,198,133,983,California
Mariposa,2021-01-29,58,1123,0,194,58,929,0,0,58,843,0,198,58,1041,California
Mariposa,2021-01-30,3,1126,1,195,2,931,0,0,2,844,1,199,2,1043,California
Mariposa,2021-01-31,1,1127,0,195,1,932,0,0,1,845,0,199,1,1044,California
Mariposa,2021-02-01,55,1182,0,195,55,987,0,0,48,886,7,206,48,1092,California
Mariposa,2021-02-02,8,1190,0,195,8,995,0,0,2,882,6,212,2,1094,California
Mariposa,2021-02-03,26,1216,1,196,25,1020,0,0,22,900,4,216,22,1116,California
Mariposa,2021-02-04,115,1331,7,203,108,1128,0,0,108,1005,4,220,109,1225,California
Mariposa,2021-02-05,239,1570,4,207,235,1363,0,0,217,1200,22,242,217,1442,California
Mariposa,2021-02-06,2,1572,1,208,1,1364,0,0,1,1200,1,243,1,1443,California
Mariposa,2021-02-08,39,1611,1,209,38,1402,0,0,20,1201,19,262,20,1463,California
Mariposa,2021-02-09,10,1621,3,212,7,1409,0,0,5,1201,5,267,5,1468,California
Mariposa,2021-02-10,17,1638,1,213,16,1425,0,0,9,1208,8,275,15,1483,California
Mariposa,2021-02-11,378,2016,4,217,374,1799,0,0,334,1535,42,317,369,1852,California
Mariposa,2021-02-12,177,2193,1,218,176,1975,0,0,115,1606,62,379,133,1985,California
Mariposa,2021-02-13,5,2198,3,221,2,1977,0,0,4,1609,1,380,4,1989,California
Mariposa,2021-02-14,5,2203,2,223,3,1980,0,0,3,1611,2,382,4,1993,California
Mariposa,2021-02-15,8,2211,2,225,6,1986,0,0,7,1617,1,383,7,2000,California
Mariposa,2021-02-16,19,2230,2,227,17,2003,0,0,8,1624,11,394,18,2018,California
Mariposa,2021-02-17,20,2250,2,229,18,2021,0,0,9,1630,10,404,16,2034,California
Mariposa,2021-02-18,56,2306,3,232,53,2074,0,0,13,1600,43,447,13,2047,California
Mariposa,2021-02-19,74,2380,0,232,74,2148,0,0,33,1632,41,488,73,2120,California
Mariposa,2021-02-20,254,2634,4,236,250,2398,0,0,169,1769,85,573,222,2342,California
Mariposa,2021-02-21,231,2865,2,238,229,2627,0,0,230,1998,1,574,230,2572,California
Mariposa,2021-02-22,15,2880,2,240,13,2640,0,0,15,2013,0,574,15,2587,California
Mariposa,2021-02-23,6,2886,3,243,3,2643,0,0,4,2016,2,576,5,2592,California
Mariposa,2021-02-24,18,2904,1,244,17,2660,0,0,2,2002,16,592,2,2594,California
Mariposa,2021-02-25,6,2910,3,247,3,2663,0,0,3,2002,3,595,3,2597,California
Mariposa,2021-02-26,410,3320,3,250,407,3070,0,0,251,2198,159,754,355,2952,California
Mariposa,2021-02-27,154,3474,3,253,151,3221,0,0,150,2345,4,758,151,3103,California
Mariposa,2021-02-28,2,3476,1,254,1,3222,0,0,0,2343,2,760,0,3103,California
Mariposa,2021-03-01,55,3531,2,256,53,3275,0,0,7,2302,48,808,7,3110,California
Mariposa,2021-03-02,6,3537,5,261,1,3276,0,0,3,2302,3,811,3,3113,California
Mariposa,2021-03-03,65,3602,1,262,64,3340,0,0,63,2363,2,813,63,3176,California
Mariposa,2021-03-04,15,3617,5,267,10,3350,0,0,5,2361,10,823,8,3184,California
Mariposa,2021-03-05,39,3656,6,273,33,3383,0,0,28,2386,11,834,36,3220,California
Mariposa,2021-03-06,4,3660,1,274,3,3386,0,0,4,2390,0,834,4,3224,California
Mariposa,2021-03-08,36,3696,2,276,23,3409,11,11,7,2379,29,863,18,3242,California
Mariposa,2021-03-09,24,3720,2,278,11,3420,11,22,9,2384,15,878,20,3262,California
Mariposa,2021-03-10,15,3735,3,281,3,3423,9,31,3,2384,12,890,12,3274,California
Mariposa,2021-03-11,455,4190,5,286,432,3855,18,49,172,2342,282,1172,240,3514,California
Mariposa,2021-03-12,241,4431,2,288,211,4066,28,77,96,2330,145,1317,133,3647,California
Mariposa,2021-03-13,23,4454,3,291,5,4071,15,92,4,2331,19,1336,20,3667,California
Mariposa,2021-03-14,14,4468,0,291,3,4074,11,103,2,2332,12,1348,13,3680,California
Mariposa,2021-03-15,72,4540,5,296,29,4103,38,141,28,2354,44,1392,66,3746,California
Mariposa,2021-03-16,44,4584,5,301,5,4108,34,175,7,2358,37,1429,41,3787,California
Mariposa,2021-03-17,51,4635,4,305,42,4150,5,180,43,2400,8,1437,50,3837,California
Mariposa,2021-03-18,44,4679,4,309,31,4181,9,189,32,2429,12,1449,41,3878,California
Mariposa,2021-03-19,327,5006,3,312,314,4495,10,199,294,2700,33,1482,304,4182,California
Mariposa,2021-03-20,418,5424,3,315,414,4909,1,200,44,2373,374,1856,47,4229,California
Mariposa,2021-03-21,8,5432,7,322,0,4909,1,201,5,2376,3,1859,6,4235,California
Mariposa,2021-03-22,35,5467,5,327,19,4928,11,212,21,2396,14,1873,34,4269,California
Mariposa,2021-03-23,19,5486,4,331,2,4930,13,225,1,2392,18,1891,14,4283,California
Mariposa,2021-03-24,49,5535,1,332,46,4976,2,227,47,2439,2,1893,49,4332,California
Mariposa,2021-03-25,56,5591,5,337,43,5019,8,235,44,2479,12,1905,52,4384,California
Mariposa,2021-03-26,470,6061,9,346,459,5478,2,237,241,2493,229,2134,243,4627,California
Mariposa,2021-03-27,214,6275,3,349,211,5689,0,237,84,2450,129,2263,86,4713,California
Mariposa,2021-03-28,4,6279,0,349,1,5690,3,240,0,2449,4,2267,3,4716,California
Mariposa,2021-03-29,13,6292,2,351,11,5701,0,240,7,2450,6,2273,7,4723,California
Mariposa,2021-03-30,18,6310,0,351,2,5703,16,256,0,2448,18,2291,16,4739,California
Mariposa,2021-03-31,72,6382,6,357,65,5768,1,257,61,2499,11,2302,62,4801,California
Mariposa,2021-04-01,6,6388,2,359,4,5772,0,257,3,2499,3,2305,3,4804,California
Mariposa,2021-04-02,23,6411,3,362,19,5791,1,258,4,2485,19,2324,5,4809,California
Mendocino,2020-12-17,70,70,70,70,0,0,0,0,70,70,0,0,70,70,California
Mendocino,2020-12-18,86,156,85,155,1,1,0,0,85,155,0,0,85,155,California
Mendocino,2020-12-19,3,159,3,158,0,1,0,0,3,158,0,0,3,158,California
Mendocino,2020-12-20,7,166,7,165,0,1,0,0,7,165,0,0,7,165,California
Mendocino,2020-12-21,245,411,245,410,0,1,0,0,76,241,0,0,76,241,California
Mendocino,2020-12-22,248,659,188,598,60,61,0,0,248,489,0,0,248,489,California
Mendocino,2020-12-23,272,931,48,646,224,285,0,0,271,760,0,0,271,760,California
Mendocino,2020-12-24,49,980,8,654,41,326,0,0,49,809,0,0,49,809,California
Mendocino,2020-12-25,1,981,0,654,1,327,0,0,1,810,0,0,1,810,California
Mendocino,2020-12-26,2,983,2,656,0,327,0,0,2,812,0,0,2,812,California
Mendocino,2020-12-27,1,984,0,656,1,328,0,0,1,813,0,0,1,813,California
Mendocino,2020-12-28,73,1057,8,664,65,393,0,0,73,886,0,0,73,886,California
Mendocino,2020-12-29,120,1177,60,724,60,453,0,0,120,1006,0,0,120,1006,California
Mendocino,2020-12-30,120,1297,66,790,54,507,0,0,120,1126,0,0,120,1126,California
Mendocino,2020-12-31,130,1427,95,885,35,542,0,0,130,1256,0,0,130,1256,California
Mendocino,2021-01-01,4,1431,2,887,2,544,0,0,4,1260,0,0,4,1260,California
Mendocino,2021-01-02,1,1432,1,888,0,544,0,0,1,1261,0,0,1,1261,California
Mendocino,2021-01-04,837,2269,15,903,822,1366,0,0,837,2098,0,0,837,2098,California
Mendocino,2021-01-05,71,2340,35,938,36,1402,0,0,58,2143,13,13,58,2156,California
Mendocino,2021-01-06,150,2490,129,1067,21,1423,0,0,140,2273,10,23,140,2296,California
Mendocino,2021-01-07,356,2846,237,1304,119,1542,0,0,293,2503,63,86,293,2589,California
Mendocino,2021-01-08,95,2941,82,1386,13,1555,0,0,41,2491,54,140,42,2631,California
Mendocino,2021-01-09,8,2949,4,1390,4,1559,0,0,6,2495,2,142,6,2637,California
Mendocino,2021-01-10,8,2957,8,1398,0,1559,0,0,1,2489,7,149,1,2638,California
Mendocino,2021-01-11,99,3056,90,1488,9,1568,0,0,41,2473,57,206,41,2679,California
Mendocino,2021-01-12,387,3443,376,1864,11,1579,0,0,272,2630,115,321,272,2951,California
Mendocino,2021-01-13,479,3922,144,2008,335,1914,0,0,439,3032,38,359,440,3391,California
Mendocino,2021-01-14,634,4556,20,2028,614,2528,0,0,625,3648,9,368,625,4016,California
Mendocino,2021-01-15,1852,6408,859,2887,993,3521,0,0,1847,5491,5,373,1848,5864,California
Mendocino,2021-01-16,793,7201,51,2938,742,4263,0,0,791,6280,2,375,791,6655,California
Mendocino,2021-01-17,553,7754,1,2939,552,4815,0,0,552,6831,1,376,552,7207,California
Mendocino,2021-01-18,488,8242,463,3402,25,4840,0,0,476,7295,12,388,476,7683,California
Mendocino,2021-01-19,328,8570,146,3548,182,5022,0,0,153,7273,175,563,153,7836,California
Mendocino,2021-01-20,549,9119,402,3950,147,5169,0,0,445,7616,102,665,445,8281,California
Mendocino,2021-01-21,529,9648,219,4169,310,5479,0,0,346,7780,182,847,346,8627,California
Mendocino,2021-01-22,149,9797,58,4227,91,5570,0,0,110,7851,39,886,110,8737,California
Mendocino,2021-01-23,155,9952,83,4310,72,5642,0,0,149,7994,6,892,149,8886,California
Mendocino,2021-01-24,5,9957,3,4313,2,5644,0,0,5,7999,0,892,5,8891,California
Mendocino,2021-01-25,189,10146,15,4328,174,5818,0,0,121,8052,68,960,121,9012,California
Mendocino,2021-01-26,155,10301,57,4385,98,5916,0,0,95,8087,60,1020,95,9107,California
Mendocino,2021-01-27,432,10733,363,4748,69,5985,0,0,173,8008,252,1272,173,9280,California
Mendocino,2021-01-28,583,11316,519,5267,64,6049,0,0,491,8407,92,1364,491,9771,California
Mendocino,2021-01-29,388,11704,348,5615,40,6089,0,0,359,8738,29,1393,360,10131,California
Mendocino,2021-01-30,45,11749,27,5642,18,6107,0,0,41,8775,4,1397,41,10172,California
Mendocino,2021-01-31,275,12024,2,5644,273,6380,0,0,3,8506,272,1669,3,10175,California
Mendocino,2021-02-01,372,12396,48,5692,324,6704,0,0,53,8240,319,1988,53,10228,California
Mendocino,2021-02-02,719,13115,501,6193,218,6922,0,0,361,8243,358,2346,361,10589,California
Mendocino,2021-02-03,386,13501,203,6396,183,7105,0,0,219,8297,165,2511,219,10808,California
Mendocino,2021-02-04,630,14131,532,6928,98,7203,0,0,506,8679,124,2635,506,11314,California
Mendocino,2021-02-05,1306,15437,1216,8144,90,7293,0,0,590,8555,714,3349,590,11904,California
Mendocino,2021-02-06,557,15994,157,8301,400,7693,0,0,542,9082,15,3364,542,12446,California
Mendocino,2021-02-07,29,16023,25,8326,4,7697,0,0,29,9111,0,3364,29,12475,California
Mendocino,2021-02-08,744,16767,714,9040,30,7727,0,0,282,8931,462,3826,282,12757,California
Mendocino,2021-02-09,141,16908,58,9098,83,7810,0,0,89,8968,52,3878,89,12846,California
Mendocino,2021-02-10,1477,18385,922,10020,555,8365,0,0,745,8987,726,4604,745,13591,California
Mendocino,2021-02-11,1121,19506,206,10226,915,9280,0,0,282,8430,839,5443,282,13873,California
Mendocino,2021-02-12,1389,20895,155,10381,1234,10514,0,0,627,8297,761,6204,628,14501,California
Mendocino,2021-02-13,494,21389,12,10393,482,10996,0,0,100,8008,394,6598,105,14606,California
Mendocino,2021-02-14,696,22085,1,10394,695,11691,0,0,136,7584,560,7158,136,14742,California
Mendocino,2021-02-15,326,22411,40,10434,286,11977,0,0,172,7602,154,7312,172,14914,California
Mendocino,2021-02-16,195,22606,49,10483,146,12123,0,0,128,7663,67,7379,128,15042,California
Mendocino,2021-02-17,1348,23954,1187,11670,161,12284,0,0,874,8066,472,7851,875,15917,California
Mendocino,2021-02-18,1748,25702,641,12311,1107,13391,0,0,1189,8696,559,8410,1189,17106,California
Mendocino,2021-02-19,703,26405,146,12457,557,13948,0,0,564,9121,139,8549,564,17670,California
Mendocino,2021-02-20,568,26973,541,12998,27,13975,0,0,538,9631,28,8577,538,18208,California
Mendocino,2021-02-21,306,27279,4,13002,302,14277,0,0,295,9915,11,8588,295,18503,California
Mendocino,2021-02-22,163,27442,30,13032,133,14410,0,0,73,9898,90,8678,73,18576,California
Mendocino,2021-02-23,666,28108,652,13684,14,14424,0,0,612,10457,53,8731,612,19188,California
Mendocino,2021-02-24,1815,29923,1731,15415,84,14508,0,0,1408,11461,404,9135,1408,20596,California
Mendocino,2021-02-25,1670,31593,536,15951,1134,15642,0,0,1253,12298,416,9551,1253,21849,California
Mendocino,2021-02-26,1387,32980,745,16696,642,16284,0,0,1024,12961,361,9912,1024,22873,California
Mendocino,2021-02-27,196,33176,151,16847,45,16329,0,0,72,12911,122,10034,72,22945,California
Mendocino,2021-02-28,38,33214,16,16863,22,16351,0,0,26,12925,12,10046,26,22971,California
Mendocino,2021-03-01,568,33782,524,17387,44,16395,0,0,530,13417,38,10084,530,23501,California
Mendocino,2021-03-02,68,33850,24,17411,44,16439,0,0,39,13428,28,10112,39,23540,California
Mendocino,2021-03-03,1604,35454,1250,18661,354,16793,0,0,983,13792,619,10731,983,24523,California
Mendocino,2021-03-04,1707,37161,147,18808,1560,18353,0,0,1492,15072,213,10944,1493,26016,California
Mendocino,2021-03-05,180,37341,117,18925,54,18407,9,9,104,15111,74,11018,113,26129,California
Mendocino,2021-03-06,242,37583,19,18944,200,18607,23,32,205,15302,37,11055,228,26357,California
Mendocino,2021-03-07,485,38068,6,18950,459,19066,20,52,103,15043,381,11436,122,26479,California
Mendocino,2021-03-08,129,38197,33,18983,59,19125,37,89,69,15090,59,11495,106,26585,California
Mendocino,2021-03-09,428,38625,219,19202,178,19303,31,120,344,15381,83,11578,374,26959,California
Mendocino,2021-03-10,1003,39628,929,20131,67,19370,7,127,270,14931,729,12307,279,27238,California
Mendocino,2021-03-11,773,40401,564,20695,155,19525,54,181,357,14931,411,12718,411,27649,California
Mendocino,2021-03-12,1895,42296,977,21672,824,20349,94,275,1151,15436,740,13458,1245,28894,California
Mendocino,2021-03-13,569,42865,491,22163,28,20377,50,325,81,15083,484,13942,131,29025,California
Mendocino,2021-03-14,64,42929,3,22166,54,20431,7,332,6,15039,57,13999,13,29038,California
Mendocino,2021-03-15,606,43535,55,22221,495,20926,56,388,215,14921,389,14388,271,29309,California
Mendocino,2021-03-16,560,44095,364,22585,153,21079,43,431,132,14670,427,14815,176,29485,California
Mendocino,2021-03-17,1478,45573,1286,23871,54,21133,138,569,200,13745,1277,16092,352,29837,California
Mendocino,2021-03-18,1138,46711,176,24047,926,22059,36,605,232,13117,898,16990,270,30107,California
Mendocino,2021-03-19,1661,48372,832,24879,781,22840,48,653,325,12164,1331,18321,378,30485,California
Mendocino,2021-03-20,62,48434,10,24889,32,22872,20,673,16,12154,46,18367,36,30521,California
Mendocino,2021-03-21,11,48445,2,24891,4,22876,5,678,3,12155,8,18375,9,30530,California
Mendocino,2021-03-22,614,49059,572,25463,15,22891,27,705,146,11863,466,18841,174,30704,California
Mendocino,2021-03-23,168,49227,34,25497,104,22995,30,735,117,11959,51,18892,147,30851,California
Mendocino,2021-03-24,902,50129,824,26321,32,23027,46,781,120,11406,781,19673,228,31079,California
Mendocino,2021-03-25,1922,52051,59,26380,1846,24873,17,798,171,9852,1748,21421,194,31273,California
Mendocino,2021-03-26,513,52564,369,26749,120,24993,24,822,337,10041,173,21594,362,31635,California
Mendocino,2021-03-27,145,52709,15,26764,120,25113,10,832,89,10086,55,21649,100,31735,California
Mendocino,2021-03-28,31,52740,9,26773,18,25131,4,836,8,10076,22,21671,12,31747,California
Mendocino,2021-03-29,187,52927,98,26871,47,25178,42,878,93,10118,94,21765,136,31883,California
Mendocino,2021-03-30,651,53578,578,27449,39,25217,34,912,404,10312,244,22009,438,32321,California
Mendocino,2021-03-31,850,54428,273,27722,516,25733,61,973,410,10347,438,22447,473,32794,California
Mendocino,2021-04-01,1085,55513,367,28089,665,26398,53,1026,310,9977,770,23217,400,33194,California
Mendocino,2021-04-02,981,56494,784,28873,133,26531,64,1090,137,9354,842,24059,219,33413,California
Merced,2020-12-16,3,3,3,3,0,0,0,0,3,3,0,0,3,3,California
Merced,2020-12-17,6,9,6,9,0,0,0,0,6,9,0,0,6,9,California
Merced,2020-12-18,144,153,144,153,0,0,0,0,144,153,0,0,144,153,California
Merced,2020-12-19,38,191,38,191,0,0,0,0,38,191,0,0,38,191,California
Merced,2020-12-20,18,209,17,208,1,1,0,0,18,209,0,0,18,209,California
Merced,2020-12-21,129,338,126,334,3,4,0,0,129,338,0,0,129,338,California
Merced,2020-12-22,163,501,163,497,0,4,0,0,163,501,0,0,163,501,California
Merced,2020-12-23,304,805,289,786,15,19,0,0,304,805,0,0,304,805,California
Merced,2020-12-24,70,875,70,856,0,19,0,0,70,875,0,0,70,875,California
Merced,2020-12-25,5,880,5,861,0,19,0,0,5,880,0,0,5,880,California
Merced,2020-12-26,7,887,4,865,3,22,0,0,7,887,0,0,7,887,California
Merced,2020-12-27,12,899,11,876,1,23,0,0,12,899,0,0,12,899,California
Merced,2020-12-28,125,1024,100,976,25,48,0,0,125,1024,0,0,125,1024,California
Merced,2020-12-29,188,1212,134,1110,54,102,0,0,188,1212,0,0,188,1212,California
Merced,2020-12-30,239,1451,93,1203,146,248,0,0,239,1451,0,0,239,1451,California
Merced,2020-12-31,127,1578,39,1242,88,336,0,0,124,1575,0,0,124,1575,California
Merced,2021-01-02,127,1705,116,1358,11,347,0,0,128,1703,0,0,128,1703,California
Merced,2021-01-03,9,1714,5,1363,4,351,0,0,9,1712,0,0,9,1712,California
Merced,2021-01-04,83,1797,40,1403,43,394,0,0,83,1795,0,0,83,1795,California
Merced,2021-01-05,319,2116,230,1633,89,483,0,0,321,2112,5,5,322,2117,California
Merced,2021-01-06,274,2390,98,1731,176,659,0,0,268,2374,6,11,268,2385,California
Merced,2021-01-07,192,2582,80,1811,112,771,0,0,191,2553,12,23,191,2576,California
Merced,2021-01-08,543,3125,400,2211,143,914,0,0,398,2801,150,173,398,2974,California
Merced,2021-01-09,24,3149,11,2222,13,927,0,0,18,2813,6,179,18,2992,California
Merced,2021-01-10,10,3159,6,2228,4,931,0,0,6,2815,4,183,6,2998,California
Merced,2021-01-11,244,3403,170,2398,74,1005,0,0,117,2808,125,308,118,3116,California
Merced,2021-01-12,312,3715,163,2561,149,1154,0,0,258,3009,57,365,258,3374,California
Merced,2021-01-13,451,4166,233,2794,218,1372,0,0,237,3040,208,573,239,3613,California
Merced,2021-01-14,355,4521,214,3008,141,1513,0,0,184,3056,170,743,186,3799,California
Merced,2021-01-15,684,5205,147,3155,537,2050,0,0,661,3680,39,782,663,4462,California
Merced,2021-01-16,241,5446,153,3308,88,2138,0,0,236,3911,5,787,236,4698,California
Merced,2021-01-17,48,5494,11,3319,37,2175,0,0,47,3957,1,788,47,4745,California
Merced,2021-01-18,331,5825,154,3473,177,2352,0,0,309,4247,22,810,312,5057,California
Merced,2021-01-19,736,6561,583,4056,153,2505,0,0,554,4623,182,992,558,5615,California
Merced,2021-01-20,595,7156,488,4544,107,2612,0,0,531,5092,64,1056,533,6148,California
Merced,2021-01-21,1058,8214,688,5232,370,2982,0,0,959,5954,100,1156,962,7110,California
Merced,2021-01-22,1394,9608,713,5945,681,3663,0,0,1371,7311,25,1181,1382,8492,California
Merced,2021-01-23,309,9917,184,6129,125,3788,0,0,205,7411,105,1286,205,8697,California
Merced,2021-01-24,34,9951,16,6145,18,3806,0,0,24,7426,9,1295,24,8721,California
Merced,2021-01-25,782,10733,269,6414,513,4319,0,0,705,8072,59,1354,705,9426,California
Merced,2021-01-26,944,11677,480,6894,464,4783,0,0,688,8553,209,1563,690,10116,California
Merced,2021-01-27,1032,12709,584,7478,448,5231,0,0,842,9233,163,1726,843,10959,California
Merced,2021-01-28,1204,13913,587,8065,617,5848,0,0,1045,10144,135,1861,1046,12005,California
Merced,2021-01-29,912,14825,339,8404,573,6421,0,0,656,10560,243,2104,659,12664,California
Merced,2021-01-30,286,15111,25,8429,261,6682,0,0,271,10816,15,2119,271,12935,California
Merced,2021-01-31,48,15159,12,8441,36,6718,0,0,45,10858,3,2122,45,12980,California
Merced,2021-02-01,374,15533,51,8492,323,7041,0,0,325,11134,49,2171,325,13305,California
Merced,2021-02-02,302,15835,184,8676,118,7159,0,0,182,11199,118,2289,183,13488,California
Merced,2021-02-03,403,16238,73,8749,330,7489,0,0,206,11208,197,2486,206,13694,California
Merced,2021-02-04,434,16672,158,8907,276,7765,0,0,279,11336,152,2638,280,13974,California
Merced,2021-02-05,630,17302,216,9123,414,8179,0,0,327,11374,290,2928,328,14302,California
Merced,2021-02-06,443,17745,249,9372,194,8373,0,0,271,11475,170,3098,271,14573,California
Merced,2021-02-07,19,17764,12,9384,7,8380,0,0,12,11480,7,3105,12,14585,California
Merced,2021-02-08,327,18091,222,9606,105,8485,0,0,187,11531,137,3242,188,14773,California
Merced,2021-02-09,1277,19368,959,10565,318,8803,0,0,804,11880,456,3698,805,15578,California
Merced,2021-02-10,1924,21292,1440,12005,484,9287,0,0,1338,12639,579,4277,1338,16916,California
Merced,2021-02-11,2621,23913,2050,14055,571,9858,0,0,1865,13754,750,5027,1865,18781,California
Merced,2021-02-12,1892,25805,1063,15118,829,10687,0,0,836,13547,1043,6070,836,19617,California
Merced,2021-02-13,366,26171,205,15323,161,10848,0,0,272,13726,94,6164,273,19890,California
Merced,2021-02-14,117,26288,27,15350,90,10938,0,0,92,13796,25,6189,95,19985,California
Merced,2021-02-15,272,26560,39,15389,233,11171,0,0,167,13864,100,6289,168,20153,California
Merced,2021-02-16,1293,27853,865,16254,428,11599,0,0,781,14238,493,6782,867,21020,California
Merced,2021-02-17,1948,29801,1680,17934,268,11867,0,0,1354,15030,582,7364,1374,22394,California
Merced,2021-02-18,1315,31116,851,18785,464,12331,0,0,443,14640,847,8211,457,22851,California
Merced,2021-02-19,1323,32439,437,19222,886,13217,0,0,565,14466,752,8963,578,23429,California
Merced,2021-02-20,276,32715,32,19254,244,13461,0,0,142,14477,131,9094,142,23571,California
Merced,2021-02-21,75,32790,60,19314,15,13476,0,0,26,14458,49,9143,30,23601,California
Merced,2021-02-22,918,33708,367,19681,551,14027,0,0,569,14679,348,9491,569,24170,California
Merced,2021-02-23,1188,34896,489,20170,699,14726,0,0,694,14929,488,9979,738,24908,California
Merced,2021-02-24,851,35747,297,20467,554,15280,0,0,461,15013,382,10361,466,25374,California
Merced,2021-02-25,1815,37562,850,21317,965,16245,0,0,1335,15887,465,10826,1339,26713,California
Merced,2021-02-26,2357,39919,1505,22822,852,17097,0,0,1917,17369,440,11266,1922,28635,California
Merced,2021-02-27,2602,42521,1014,23836,1587,18684,1,1,2292,19353,311,11577,2295,30930,California
Merced,2021-02-28,327,42848,67,23903,260,18944,0,1,279,19587,46,11623,280,31210,California
Merced,2021-03-01,1202,44050,286,24189,916,19860,0,1,855,20101,341,11964,855,32065,California
Merced,2021-03-02,1800,45850,918,25107,882,20742,0,1,1397,21113,385,12349,1397,33462,California
Merced,2021-03-03,2322,48172,1800,26907,521,21263,1,2,1534,21889,762,13111,1538,35000,California
Merced,2021-03-04,3091,51263,2434,29341,655,21918,2,4,2177,23093,975,14086,2179,37179,California
Merced,2021-03-05,2436,53699,1514,30855,899,22817,23,27,1815,24348,600,14686,1855,39034,California
Merced,2021-03-06,1063,54762,539,31394,504,23321,20,47,789,24884,274,14960,810,39844,California
Merced,2021-03-07,252,55014,56,31450,172,23493,24,71,223,25102,29,14989,247,40091,California
Merced,2021-03-08,1223,56237,607,32057,552,24045,64,135,1011,25966,211,15200,1075,41166,California
Merced,2021-03-09,1663,57900,958,33015,593,24638,112,247,1044,26512,613,15813,1159,42325,California
Merced,2021-03-10,2923,60823,2025,35040,684,25322,214,461,1795,27411,1116,16929,2015,44340,California
Merced,2021-03-11,1939,62762,644,35684,1095,26417,200,661,1345,28396,587,17516,1572,45912,California
Merced,2021-03-12,2408,65170,1074,36758,1081,27498,253,914,1611,29499,794,18310,1897,47809,California
Merced,2021-03-13,679,65849,324,37082,118,27616,237,1151,356,29789,315,18625,605,48414,California
Merced,2021-03-14,171,66020,99,37181,42,27658,30,1181,100,29849,71,18696,131,48545,California
Merced,2021-03-15,1549,67569,512,37693,771,28429,266,1447,1011,30605,527,19223,1283,49828,California
Merced,2021-03-16,1539,69108,780,38473,536,28965,223,1670,1046,31390,483,19706,1268,51096,California
Merced,2021-03-17,2210,71318,1267,39740,764,29729,179,1849,1743,32857,459,20165,1926,53022,California
Merced,2021-03-18,1962,73280,1100,40840,708,30437,154,2003,1328,33731,622,20787,1496,54518,California
Merced,2021-03-19,2952,76232,1688,42528,1070,31507,194,2197,1559,34109,1379,22166,1757,56275,California
Merced,2021-03-20,1838,78070,1228,43756,516,32023,94,2291,1149,34670,684,22850,1245,57520,California
Merced,2021-03-21,674,78744,341,44097,318,32341,15,2306,555,35124,118,22968,572,58092,California
Merced,2021-03-22,1125,79869,486,44583,555,32896,84,2390,736,35567,379,23347,822,58914,California
Merced,2021-03-23,1835,81704,1160,45743,613,33509,62,2452,1374,36544,460,23807,1437,60351,California
Merced,2021-03-24,1327,83031,840,46583,444,33953,43,2495,984,37240,333,24140,1029,61380,California
Merced,2021-03-25,3220,86251,2184,48767,1014,34967,22,2517,2087,38226,1127,25267,2113,63493,California
Merced,2021-03-26,1957,88208,1174,49941,768,35735,15,2532,852,38002,1094,26361,870,64363,California
Merced,2021-03-27,2318,90526,1001,50942,1254,36989,63,2595,810,37376,1501,27862,875,65238,California
Merced,2021-03-28,507,91033,206,51148,293,37282,8,2603,236,37353,271,28133,248,65486,California
Merced,2021-03-29,1501,92534,444,51592,819,38101,238,2841,543,37194,953,29086,794,66280,California
Merced,2021-03-30,1728,94262,742,52334,964,39065,22,2863,672,36846,1051,30137,703,66983,California
Merced,2021-03-31,1977,96239,1460,53794,501,39566,16,2879,713,36332,1255,31392,741,67724,California
Merced,2021-04-01,1552,97791,883,54677,648,40214,21,2900,560,35935,988,32380,591,68315,California
Merced,2021-04-02,1390,99181,329,55006,1003,41217,58,2958,559,35735,824,33204,624,68939,California
Modoc,2020-12-16,1,1,1,1,0,0,0,0,1,1,0,0,1,1,California
Modoc,2020-12-21,100,101,100,101,0,0,0,0,100,101,0,0,100,101,California
Modoc,2020-12-22,14,115,14,115,0,0,0,0,14,115,0,0,14,115,California
Modoc,2020-12-23,4,119,4,119,0,0,0,0,4,119,0,0,4,119,California
Modoc,2020-12-24,1,120,1,120,0,0,0,0,1,120,0,0,1,120,California
Modoc,2020-12-28,2,122,2,122,0,0,0,0,2,122,0,0,2,122,California
Modoc,2020-12-29,10,132,1,123,9,9,0,0,10,132,0,0,10,132,California
Modoc,2020-12-30,7,139,0,123,7,16,0,0,7,139,0,0,7,139,California
Modoc,2021-01-02,2,141,0,123,2,18,0,0,2,141,0,0,2,141,California
Modoc,2021-01-04,8,149,0,123,8,26,0,0,8,149,0,0,8,149,California
Modoc,2021-01-05,2,151,1,124,1,27,0,0,2,151,0,0,2,151,California
Modoc,2021-01-06,3,154,2,126,1,28,0,0,2,152,1,1,2,153,California
Modoc,2021-01-07,72,226,0,126,72,100,0,0,72,224,0,1,72,225,California
Modoc,2021-01-08,105,331,0,126,105,205,0,0,105,329,0,1,105,330,California
Modoc,2021-01-10,1,332,1,127,0,205,0,0,0,328,1,2,0,330,California
Modoc,2021-01-11,92,424,82,209,10,215,0,0,19,274,73,75,19,349,California
Modoc,2021-01-12,94,518,25,234,69,284,0,0,68,316,26,101,68,417,California
Modoc,2021-01-13,24,542,4,238,20,304,0,0,22,336,2,103,22,439,California
Modoc,2021-01-14,129,671,6,244,123,427,0,0,124,455,5,108,124,563,California
Modoc,2021-01-15,6,677,1,245,5,432,0,0,6,461,0,108,6,569,California
Modoc,2021-01-16,1,678,1,246,0,432,0,0,1,462,0,108,1,570,California
Modoc,2021-01-18,1,679,1,247,0,432,0,0,1,463,0,108,1,571,California
Modoc,2021-01-19,5,684,3,250,2,434,0,0,3,464,2,110,3,574,California
Modoc,2021-01-20,11,695,1,251,10,444,0,0,11,475,0,110,11,585,California
Modoc,2021-01-21,158,853,2,253,156,600,0,0,158,633,0,110,158,743,California
Modoc,2021-01-22,2,855,0,253,2,602,0,0,2,635,0,110,2,745,California
Modoc,2021-01-25,12,867,1,254,11,613,0,0,12,647,0,110,12,757,California
Modoc,2021-01-26,65,932,1,255,64,677,0,0,65,712,0,110,65,822,California
Modoc,2021-01-27,41,973,2,257,39,716,0,0,25,721,16,126,25,847,California
Modoc,2021-01-28,144,1117,1,258,143,859,0,0,144,865,0,126,144,991,California
Modoc,2021-01-29,3,1120,1,259,2,861,0,0,3,868,0,126,3,994,California
Modoc,2021-02-01,24,1144,11,270,13,874,0,0,11,866,13,139,11,1005,California
Modoc,2021-02-02,170,1314,2,272,168,1042,0,0,167,1030,3,142,167,1172,California
Modoc,2021-02-03,19,1333,13,285,6,1048,0,0,12,1035,7,149,12,1184,California
Modoc,2021-02-04,155,1488,4,289,151,1199,0,0,27,934,128,277,27,1211,California
Modoc,2021-02-05,4,1492,3,292,1,1200,0,0,3,936,1,278,3,1214,California
Modoc,2021-02-08,9,1501,2,294,7,1207,0,0,8,943,1,279,8,1222,California
Modoc,2021-02-09,197,1698,12,306,185,1392,0,0,65,876,132,411,65,1287,California
Modoc,2021-02-10,5,1703,2,308,3,1395,0,0,4,879,1,412,4,1291,California
Modoc,2021-02-11,201,1904,3,311,198,1593,0,0,83,844,118,530,83,1374,California
Modoc,2021-02-12,5,1909,1,312,4,1597,0,0,3,845,2,532,3,1377,California
Modoc,2021-02-13,1,1910,0,312,1,1598,0,0,1,846,0,532,1,1378,California
Modoc,2021-02-16,148,2058,6,318,142,1740,0,0,144,986,4,536,144,1522,California
Modoc,2021-02-17,23,2081,1,319,22,1762,0,0,11,985,12,548,11,1533,California
Modoc,2021-02-18,189,2270,2,321,187,1949,0,0,26,849,162,710,26,1559,California
Modoc,2021-02-19,3,2273,2,323,1,1950,0,0,2,850,1,711,2,1561,California
Modoc,2021-02-20,1,2274,1,324,0,1950,0,0,1,851,0,711,1,1562,California
Modoc,2021-02-22,17,2291,9,333,8,1958,0,0,4,842,13,724,4,1566,California
Modoc,2021-02-23,23,2314,4,337,19,1977,0,0,3,825,20,744,3,1569,California
Modoc,2021-02-24,90,2404,1,338,89,2066,0,0,30,795,60,804,30,1599,California
Modoc,2021-02-25,169,2573,1,339,168,2234,0,0,13,652,156,960,13,1612,California
Modoc,2021-02-26,3,2576,0,339,3,2237,0,0,1,651,2,962,1,1613,California
Modoc,2021-02-27,5,2581,5,344,0,2237,0,0,2,650,3,965,2,1615,California
Modoc,2021-03-01,4,2585,0,344,4,2241,0,0,0,646,4,969,0,1615,California
Modoc,2021-03-02,188,2773,12,356,176,2417,0,0,23,504,165,1134,23,1638,California
Modoc,2021-03-03,12,2785,6,362,6,2423,0,0,2,496,10,1144,2,1640,California
Modoc,2021-03-04,156,2941,2,364,154,2577,0,0,131,602,25,1169,131,1771,California
Modoc,2021-03-05,3,2944,2,366,1,2578,0,0,1,601,2,1171,1,1772,California
Modoc,2021-03-06,10,2954,0,366,0,2578,10,10,0,601,10,1181,10,1782,California
Modoc,2021-03-07,6,2960,1,367,0,2578,5,15,1,602,5,1186,6,1788,California
Modoc,2021-03-08,6,2966,0,367,2,2580,4,19,0,600,6,1192,4,1792,California
Modoc,2021-03-09,121,3087,9,376,104,2684,8,27,57,601,64,1256,65,1857,California
Modoc,2021-03-10,6,3093,3,379,2,2686,1,28,4,604,2,1258,5,1862,California
Modoc,2021-03-11,164,3257,0,379,79,2765,85,113,15,555,149,1407,100,1962,California
Modoc,2021-03-12,7,3264,0,379,4,2769,3,116,4,559,3,1410,7,1969,California
Modoc,2021-03-13,5,3269,0,379,2,2771,3,119,2,561,3,1413,5,1974,California
Modoc,2021-03-14,1,3270,0,379,0,2771,1,120,0,561,1,1414,1,1975,California
Modoc,2021-03-15,11,3281,1,380,9,2780,1,121,10,571,1,1415,11,1986,California
Modoc,2021-03-16,148,3429,1,381,145,2925,2,123,33,491,115,1530,35,2021,California
Modoc,2021-03-17,13,3442,2,383,4,2929,7,130,2,489,11,1541,9,2030,California
Modoc,2021-03-18,58,3500,3,386,50,2979,5,135,28,492,30,1571,33,2063,California
Modoc,2021-03-19,3,3503,0,386,2,2981,1,136,0,490,3,1574,1,2064,California
Modoc,2021-03-20,4,3507,1,387,0,2981,3,139,0,489,4,1578,3,2067,California
Modoc,2021-03-21,4,3511,1,388,1,2982,2,141,2,491,2,1580,4,2071,California
Modoc,2021-03-22,16,3527,1,389,9,2991,6,147,10,501,6,1586,16,2087,California
Modoc,2021-03-23,32,3559,3,392,27,3018,2,149,25,521,7,1593,27,2114,California
Modoc,2021-03-24,28,3587,1,393,18,3036,9,158,2,506,26,1619,11,2125,California
Modoc,2021-03-25,61,3648,2,395,57,3093,2,160,29,505,32,1651,31,2156,California
Modoc,2021-03-26,6,3654,2,397,1,3094,3,163,1,504,5,1656,4,2160,California
Modoc,2021-03-27,2,3656,0,397,1,3095,1,164,1,505,1,1657,2,2162,California
Modoc,2021-03-29,12,3668,0,397,4,3099,8,172,4,509,8,1665,12,2174,California
Modoc,2021-03-30,54,3722,9,406,39,3138,6,178,21,506,33,1698,30,2204,California
Modoc,2021-03-31,10,3732,4,410,2,3140,4,182,4,508,6,1704,8,2212,California
Modoc,2021-04-01,168,3900,2,412,161,3301,5,187,32,423,136,1840,51,2263,California
Mono,2020-12-18,1,1,1,1,0,0,0,0,1,1,0,0,1,1,California
Mono,2020-12-19,5,6,5,6,0,0,0,0,5,6,0,0,5,6,California
Mono,2020-12-20,7,13,7,13,0,0,0,0,7,13,0,0,7,13,California
Mono,2020-12-21,23,36,16,29,7,7,0,0,23,36,0,0,23,36,California
Mono,2020-12-22,66,102,65,94,1,8,0,0,66,102,0,0,66,102,California
Mono,2020-12-23,70,172,42,136,28,36,0,0,70,172,0,0,70,172,California
Mono,2020-12-24,3,175,1,137,2,38,0,0,3,175,0,0,3,175,California
Mono,2020-12-26,3,178,3,140,0,38,0,0,3,178,0,0,3,178,California
Mono,2020-12-28,94,272,63,203,31,69,0,0,94,272,0,0,94,272,California
Mono,2020-12-29,29,301,29,232,0,69,0,0,29,301,0,0,29,301,California
Mono,2020-12-30,76,377,35,267,41,110,0,0,76,377,0,0,76,377,California
Mono,2020-12-31,4,381,1,268,3,113,0,0,4,381,0,0,4,381,California
Mono,2021-01-01,3,384,3,271,0,113,0,0,3,384,0,0,3,384,California
Mono,2021-01-02,1,385,1,272,0,113,0,0,1,385,0,0,1,385,California
Mono,2021-01-04,1,386,0,272,1,114,0,0,1,386,0,0,1,386,California
Mono,2021-01-05,45,431,2,274,43,157,0,0,44,429,1,1,44,430,California
Mono,2021-01-06,44,475,0,274,44,201,0,0,44,473,0,1,44,474,California
Mono,2021-01-07,56,531,4,278,52,253,0,0,55,527,1,2,55,529,California
Mono,2021-01-08,2,533,1,279,1,254,0,0,1,527,1,3,1,530,California
Mono,2021-01-09,4,537,4,283,0,254,0,0,0,523,4,7,0,530,California
Mono,2021-01-10,5,542,5,288,0,254,0,0,0,518,5,12,0,530,California
Mono,2021-01-11,7,549,4,292,3,257,0,0,4,519,3,15,4,534,California
Mono,2021-01-12,283,832,76,368,207,464,0,0,218,673,64,79,218,752,California
Mono,2021-01-13,235,1067,74,442,161,625,0,0,180,798,55,134,180,932,California
Mono,2021-01-14,75,1142,73,515,2,627,0,0,75,873,0,134,75,1007,California
Mono,2021-01-15,60,1202,2,517,58,685,0,0,60,933,0,134,60,1067,California
Mono,2021-01-16,4,1206,3,520,1,686,0,0,1,931,3,137,1,1068,California
Mono,2021-01-18,63,1269,54,574,9,695,0,0,2,872,61,198,2,1070,California
Mono,2021-01-19,209,1478,207,781,2,697,0,0,172,1007,37,235,172,1242,California
Mono,2021-01-20,233,1711,203,984,30,727,0,0,172,1118,61,296,172,1414,California
Mono,2021-01-21,3,1714,3,987,0,727,0,0,3,1121,0,296,3,1417,California
Mono,2021-01-22,4,1718,0,987,4,731,0,0,4,1125,0,296,4,1421,California
Mono,2021-01-23,601,2319,601,1588,0,731,0,0,601,1726,0,296,601,2022,California
Mono,2021-01-25,208,2527,170,1758,38,769,0,0,169,1858,39,335,171,2193,California
Mono,2021-01-26,512,3039,510,2268,2,771,0,0,508,2362,4,339,508,2701,California
Mono,2021-01-27,5,3044,1,2269,4,775,0,0,5,2367,0,339,5,2706,California
Mono,2021-01-28,6,3050,2,2271,4,779,0,0,2,2365,4,343,2,2708,California
Mono,2021-01-30,201,3251,199,2470,2,781,0,0,201,2566,0,343,201,2909,California
Mono,2021-01-31,242,3493,137,2607,105,886,0,0,138,2602,104,447,140,3049,California
Mono,2021-02-01,29,3522,28,2635,1,887,0,0,0,2574,28,475,0,3049,California
Mono,2021-02-02,5,3527,0,2635,5,892,0,0,2,2573,3,478,2,3051,California
Mono,2021-02-03,4,3531,1,2636,3,895,0,0,2,2573,2,480,2,3053,California
Mono,2021-02-04,213,3744,160,2796,53,948,0,0,90,2540,123,603,90,3143,California
Mono,2021-02-05,625,4369,619,3415,6,954,0,0,622,3159,3,606,622,3765,California
Mono,2021-02-06,140,4509,139,3554,1,955,0,0,138,3295,2,608,138,3903,California
Mono,2021-02-07,2,4511,0,3554,2,957,0,0,2,3297,0,608,2,3905,California
Mono,2021-02-08,172,4683,172,3726,0,957,0,0,16,3157,156,764,16,3921,California
Mono,2021-02-09,227,4910,5,3731,222,1179,0,0,15,2960,212,976,15,3936,California
Mono,2021-02-10,533,5443,187,3918,346,1525,0,0,191,2809,342,1318,191,4127,California
Mono,2021-02-11,6,5449,4,3922,2,1527,0,0,1,2805,5,1323,1,4128,California
Mono,2021-02-12,82,5531,17,3939,65,1592,0,0,24,2771,58,1381,24,4152,California
Mono,2021-02-13,593,6124,593,4532,0,1592,0,0,26,2230,567,1948,26,4178,California
Mono,2021-02-15,171,6295,169,4701,2,1594,0,0,4,2068,166,2114,4,4182,California
Mono,2021-02-16,531,6826,528,5229,3,1597,0,0,46,1630,484,2598,46,4228,California
Mono,2021-02-17,5,6831,2,5231,3,1600,0,0,2,1629,3,2601,2,4230,California
Mono,2021-02-18,1,6832,1,5232,0,1600,0,0,1,1630,0,2601,1,4231,California
Mono,2021-02-19,53,6885,52,5284,1,1601,0,0,53,1683,0,2601,53,4284,California
Mono,2021-02-20,4,6889,4,5288,0,1601,0,0,4,1687,0,2601,4,4288,California
Mono,2021-02-21,3,6892,3,5291,0,1601,0,0,3,1690,0,2601,3,4291,California
Mono,2021-02-22,284,7176,283,5574,1,1602,0,0,23,1453,260,2861,23,4314,California
Mono,2021-02-23,134,7310,115,5689,19,1621,0,0,21,1361,113,2974,21,4335,California
Mono,2021-02-24,6,7316,1,5690,5,1626,0,0,1,1357,5,2979,1,4336,California
Mono,2021-02-25,6,7322,3,5693,3,1629,0,0,3,1359,1,2980,3,4339,California
Mono,2021-02-26,603,7925,603,6296,0,1629,0,0,20,796,583,3563,20,4359,California
Mono,2021-02-27,142,8067,138,6434,4,1633,0,0,4,665,135,3698,4,4363,California
Mono,2021-02-28,2,8069,2,6436,0,1633,0,0,1,666,0,3698,1,4364,California
Mono,2021-03-01,1,8070,1,6437,0,1633,0,0,0,666,0,3698,0,4364,California
Mono,2021-03-02,6,8076,4,6441,2,1635,0,0,4,668,2,3700,4,4368,California
Mono,2021-03-03,82,8158,2,6443,80,1715,0,0,79,745,2,3702,79,4447,California
Mono,2021-03-04,6,8164,0,6443,6,1721,0,0,4,747,2,3704,4,4451,California
Mono,2021-03-05,30,8194,25,6468,5,1726,0,0,10,737,20,3724,10,4461,California
Mono,2021-03-06,322,8516,13,6481,309,2035,0,0,318,1052,3,3727,318,4779,California
Mono,2021-03-07,1,8517,0,6481,1,2036,0,0,0,1051,1,3728,0,4779,California
Mono,2021-03-08,454,8971,15,6496,436,2472,3,3,445,1490,9,3737,448,5227,California
Mono,2021-03-09,8,8979,3,6499,4,2476,1,4,5,1494,2,3739,6,5233,California
Mono,2021-03-10,285,9264,93,6592,191,2667,1,5,12,1235,272,4011,13,5246,California
Mono,2021-03-11,12,9276,0,6592,3,2670,9,14,2,1236,10,4021,11,5257,California
Mono,2021-03-12,9,9285,2,6594,2,2672,5,19,0,1232,9,4030,5,5262,California
Mono,2021-03-13,706,9991,335,6929,370,3042,1,20,697,1921,9,4039,698,5960,California
Mono,2021-03-14,4,9995,4,6933,0,3042,0,20,1,1919,3,4042,1,5961,California
Mono,2021-03-15,25,10020,20,6953,2,3044,3,23,12,1921,13,4055,15,5976,California
Mono,2021-03-16,17,10037,7,6960,4,3048,6,29,9,1928,8,4063,15,5991,California
Mono,2021-03-17,21,10058,4,6964,14,3062,3,32,16,1942,5,4068,19,6010,California
Mono,2021-03-18,18,10076,3,6967,8,3070,7,39,8,1947,10,4078,15,6025,California
Mono,2021-03-19,16,10092,1,6968,12,3082,3,42,13,1960,3,4081,16,6041,California
Mono,2021-03-20,3,10095,2,6970,0,3082,1,43,2,1962,1,4082,3,6044,California
Mono,2021-03-21,1,10096,1,6971,0,3082,0,43,1,1963,0,4082,1,6045,California
Mono,2021-03-22,13,10109,1,6972,6,3088,6,49,6,1968,7,4089,12,6057,California
Mono,2021-03-23,40,10149,5,6977,29,3117,6,55,17,1968,23,4112,23,6080,California
Mono,2021-03-24,14,10163,3,6980,7,3124,4,59,9,1976,5,4117,13,6093,California
Mono,2021-03-25,15,10178,1,6981,10,3134,4,63,9,1983,6,4123,13,6106,California
Mono,2021-03-26,22,10200,7,6988,10,3144,5,68,14,1994,8,4131,19,6125,California
Mono,2021-03-27,320,10520,315,7303,5,3149,0,68,296,2267,24,4155,297,6422,California
Mono,2021-03-28,3,10523,2,7305,1,3150,0,68,3,2270,0,4155,3,6425,California
Mono,2021-03-29,10,10533,5,7310,4,3154,1,69,7,2275,3,4158,8,6433,California
Mono,2021-03-30,19,10552,3,7313,12,3166,4,73,13,2286,6,4164,17,6450,California
Mono,2021-03-31,119,10671,8,7321,110,3276,1,74,44,2257,74,4238,45,6495,California
Mono,2021-04-01,8,10679,1,7322,7,3283,0,74,6,2261,2,4240,6,6501,California
Mono,2021-04-02,5,10684,2,7324,2,3285,1,75,4,2265,1,4241,5,6506,California
Monterey,2020-12-16,4,4,4,4,0,0,0,0,4,4,0,0,4,4,California
Monterey,2020-12-17,81,85,81,85,0,0,0,0,81,85,0,0,81,85,California
Monterey,2020-12-18,481,566,481,566,0,0,0,0,481,566,0,0,481,566,California
Monterey,2020-12-19,579,1145,579,1145,0,0,0,0,579,1145,0,0,579,1145,California
Monterey,2020-12-20,422,1567,422,1567,0,0,0,0,422,1567,0,0,422,1567,California
Monterey,2020-12-21,721,2288,721,2288,0,0,0,0,721,2288,0,0,721,2288,California
Monterey,2020-12-22,537,2825,524,2812,13,13,0,0,537,2825,0,0,537,2825,California
Monterey,2020-12-23,433,3258,257,3069,176,189,0,0,433,3258,0,0,433,3258,California
Monterey,2020-12-24,82,3340,9,3078,73,262,0,0,82,3340,0,0,82,3340,California
Monterey,2020-12-25,6,3346,0,3078,6,268,0,0,6,3346,0,0,6,3346,California
Monterey,2020-12-26,92,3438,5,3083,87,355,0,0,92,3438,0,0,92,3438,California
Monterey,2020-12-27,6,3444,3,3086,3,358,0,0,6,3444,0,0,6,3444,California
Monterey,2020-12-28,478,3922,26,3112,452,810,0,0,478,3922,0,0,478,3922,California
Monterey,2020-12-29,901,4823,168,3280,733,1543,0,0,901,4823,0,0,901,4823,California
Monterey,2020-12-30,567,5390,97,3377,470,2013,0,0,567,5390,0,0,567,5390,California
Monterey,2020-12-31,34,5424,10,3387,24,2037,0,0,34,5424,0,0,34,5424,California
Monterey,2021-01-01,11,5435,2,3389,9,2046,0,0,11,5435,0,0,11,5435,California
Monterey,2021-01-02,136,5571,133,3522,3,2049,0,0,136,5571,0,0,136,5571,California
Monterey,2021-01-03,30,5601,29,3551,1,2050,0,0,30,5601,0,0,30,5601,California
Monterey,2021-01-04,412,6013,18,3569,394,2444,0,0,412,6013,0,0,412,6013,California
Monterey,2021-01-05,752,6765,326,3895,426,2870,0,0,738,6737,14,14,738,6751,California
Monterey,2021-01-06,654,7419,172,4067,482,3352,0,0,632,7347,22,36,632,7383,California
Monterey,2021-01-07,740,8159,569,4636,171,3523,0,0,418,7445,320,356,418,7801,California
Monterey,2021-01-08,1089,9248,736,5372,353,3876,0,0,395,7146,694,1050,395,8196,California
Monterey,2021-01-09,963,10211,935,6307,28,3904,0,0,313,6809,650,1700,313,8509,California
Monterey,2021-01-10,273,10484,270,6577,3,3907,0,0,7,6550,266,1966,7,8516,California
Monterey,2021-01-11,1062,11546,983,7560,79,3986,0,0,361,6210,701,2667,361,8877,California
Monterey,2021-01-12,463,12009,387,7947,76,4062,0,0,203,6153,260,2927,203,9080,California
Monterey,2021-01-13,1221,13230,592,8539,629,4691,0,0,1176,7284,45,2972,1176,10256,California
Monterey,2021-01-14,1045,14275,92,8631,953,5644,0,0,1027,8296,18,2990,1030,11286,California
Monterey,2021-01-15,1029,15304,39,8670,990,6634,0,0,1018,9303,11,3001,1018,12304,California
Monterey,2021-01-16,366,15670,300,8970,66,6700,0,0,360,9657,6,3007,360,12664,California
Monterey,2021-01-17,313,15983,291,9261,22,6722,0,0,300,9944,13,3020,300,12964,California
Monterey,2021-01-18,402,16385,50,9311,352,7074,0,0,380,10302,22,3042,380,13344,California
Monterey,2021-01-19,572,16957,394,9705,178,7252,0,0,415,10562,155,3197,415,13759,California
Monterey,2021-01-20,528,17485,266,9971,262,7514,0,0,325,10684,203,3400,325,14084,California
Monterey,2021-01-21,840,18325,92,10063,748,8262,0,0,731,11310,109,3509,735,14819,California
Monterey,2021-01-22,1048,19373,191,10254,857,9119,0,0,1009,12280,39,3548,1009,15828,California
Monterey,2021-01-23,236,19609,171,10425,65,9184,0,0,114,12273,121,3669,114,15942,California
Monterey,2021-01-24,58,19667,38,10463,20,9204,0,0,23,12261,35,3704,23,15965,California
Monterey,2021-01-25,779,20446,172,10635,607,9811,0,0,152,11795,620,4324,154,16119,California
Monterey,2021-01-26,920,21366,219,10854,701,10512,0,0,230,11335,690,5014,230,16349,California
Monterey,2021-01-27,856,22222,305,11159,551,11063,0,0,375,11229,481,5495,375,16724,California
Monterey,2021-01-28,2011,24233,740,11899,1271,12334,0,0,1671,12560,340,5835,1671,18395,California
Monterey,2021-01-29,1226,25459,706,12605,520,12854,0,0,1113,13562,112,5947,1114,19509,California
Monterey,2021-01-30,428,25887,281,12886,147,13001,0,0,180,13494,248,6195,180,19689,California
Monterey,2021-01-31,497,26384,74,12960,423,13424,0,0,484,13966,13,6208,485,20174,California
Monterey,2021-02-01,1656,28040,1145,14105,511,13935,0,0,1093,14497,562,6770,1093,21267,California
Monterey,2021-02-02,2143,30183,451,14556,1692,15627,0,0,1539,15432,604,7374,1539,22806,California
Monterey,2021-02-03,2325,32508,1048,15604,1277,16904,0,0,1552,16214,771,8145,1553,24359,California
Monterey,2021-02-04,2697,35205,2018,17622,679,17583,0,0,2438,18395,257,8402,2438,26797,California
Monterey,2021-02-05,3640,38845,2823,20445,817,18400,0,0,3210,21180,425,8827,3210,30007,California
Monterey,2021-02-06,1095,39940,380,20825,715,19115,0,0,751,21588,343,9170,751,30758,California
Monterey,2021-02-07,316,40256,272,21097,44,19159,0,0,95,21462,221,9391,95,30853,California
Monterey,2021-02-08,514,40770,287,21384,227,19386,0,0,430,21808,84,9475,430,31283,California
Monterey,2021-02-09,860,41630,681,22065,179,19565,0,0,550,22050,310,9785,552,31835,California
Monterey,2021-02-10,2010,43640,1040,23105,970,20535,0,0,1158,22356,852,10637,1158,32993,California
Monterey,2021-02-11,2491,46131,964,24069,1527,22062,0,0,1536,22952,953,11590,1549,34542,California
Monterey,2021-02-12,2584,48715,423,24492,2161,24223,0,0,1522,23414,1061,12651,1523,36065,California
Monterey,2021-02-13,1062,49777,44,24536,1018,25241,0,0,974,24300,88,12739,974,37039,California
Monterey,2021-02-14,585,50362,72,24608,513,25754,0,0,512,24739,73,12812,512,37551,California
Monterey,2021-02-15,1344,51706,139,24747,1205,26959,0,0,974,25344,369,13181,974,38525,California
Monterey,2021-02-16,1090,52796,245,24992,845,27804,0,0,869,25993,221,13402,870,39395,California
Monterey,2021-02-17,1902,54698,1139,26131,763,28567,0,0,1612,27318,288,13690,1613,41008,California
Monterey,2021-02-18,2200,56898,1164,27295,1036,29603,0,0,891,26919,1299,14989,900,41908,California
Monterey,2021-02-19,2928,59826,1533,28828,1395,30998,0,0,1342,26676,1585,16574,1342,43250,California
Monterey,2021-02-20,1000,60826,609,29437,391,31389,0,0,948,27573,51,16625,948,44198,California
Monterey,2021-02-21,1214,62040,1186,30623,28,31417,0,0,1163,28686,50,16675,1163,45361,California
Monterey,2021-02-22,938,62978,808,31431,130,31547,0,0,633,29015,304,16979,633,45994,California
Monterey,2021-02-23,948,63926,619,32050,329,31876,0,0,304,28675,644,17623,304,46298,California
Monterey,2021-02-24,2417,66343,1274,33324,1143,33019,0,0,1809,29882,604,18227,1811,48109,California
Monterey,2021-02-25,4313,70656,2386,35710,1927,34946,0,0,1424,28443,2884,21111,1445,49554,California
Monterey,2021-02-26,5228,75884,3086,38796,2142,37088,0,0,2604,28436,2620,23731,2613,52167,California
Monterey,2021-02-27,981,76865,170,38966,811,37899,0,0,794,29047,183,23914,794,52961,California
Monterey,2021-02-28,1520,78385,79,39045,1441,39340,0,0,1060,29651,456,24370,1060,54021,California
Monterey,2021-03-01,1271,79656,137,39182,1131,40471,3,3,739,29863,530,24900,742,54763,California
Monterey,2021-03-02,2700,82356,1708,40890,992,41463,0,3,1858,30884,837,25737,1858,56621,California
Monterey,2021-03-03,3015,85371,1214,42104,1801,43264,0,3,1134,30192,1877,27614,1185,57806,California
Monterey,2021-03-04,4427,89798,1411,43515,3016,46280,0,3,2933,31646,1491,29105,2945,60751,California
Monterey,2021-03-05,3057,92855,1317,44832,1483,47763,257,260,2459,33768,596,29701,2718,63469,California
Monterey,2021-03-06,4233,97088,622,45454,3373,51136,238,498,3401,36578,830,30531,3640,67109,California
Monterey,2021-03-07,499,97587,110,45564,163,51299,226,724,229,36764,269,30800,455,67564,California
Monterey,2021-03-08,1533,99120,318,45882,890,52189,325,1049,1055,37670,478,31278,1384,68948,California
Monterey,2021-03-09,1880,101000,686,46568,931,53120,263,1312,1404,38862,476,31754,1668,70616,California
Monterey,2021-03-10,2767,103767,860,47428,1492,54612,415,1727,1302,39126,1461,33215,1725,72341,California
Monterey,2021-03-11,3976,107743,1388,48816,2238,56850,350,2077,2259,40025,1711,34926,2610,74951,California
Monterey,2021-03-12,3747,111490,1815,50631,1838,58688,94,2171,2292,40957,1453,36379,2385,77336,California
Monterey,2021-03-13,3911,115401,940,51571,2630,61318,341,2512,2880,43151,1031,37410,3225,80561,California
Monterey,2021-03-14,1729,117130,1292,52863,413,61731,24,2536,381,42217,1340,38750,406,80967,California
Monterey,2021-03-15,3878,121008,1258,54121,2336,64067,284,2820,2204,43035,1671,40421,2489,83456,California
Monterey,2021-03-16,3386,124394,557,54678,2472,66539,357,3177,1999,44005,1386,41807,2356,85812,California
Monterey,2021-03-17,5504,129898,2244,56922,3014,69553,246,3423,3992,46743,1506,43313,4244,90056,California
Monterey,2021-03-18,3598,133496,1815,58737,1648,71201,135,3558,2466,48258,1127,44440,2642,92698,California
Monterey,2021-03-19,4349,137845,2205,60942,2025,73226,119,3677,3259,50552,1085,45525,3379,96077,California
Monterey,2021-03-20,2168,140013,354,61296,1394,74620,420,4097,1482,51773,681,46206,1902,97979,California
Monterey,2021-03-21,593,140606,193,61489,383,75003,17,4114,525,52248,67,46273,542,98521,California
Monterey,2021-03-22,2397,143003,1403,62892,935,75938,59,4173,2201,54317,191,46464,2260,100781,California
Monterey,2021-03-23,3916,146919,2330,65222,1543,77481,43,4216,2476,55404,1432,47896,2519,103300,California
Monterey,2021-03-24,4841,151760,2026,67248,2517,79998,298,4514,3545,57959,1289,49185,3844,107144,California
Monterey,2021-03-25,5062,156822,1206,68454,3498,83496,358,4872,2554,58380,2498,51683,2919,110063,California
Monterey,2021-03-26,5127,161949,2465,70919,2596,86092,66,4938,2792,58994,2327,54010,2941,113004,California
Monterey,2021-03-27,3750,165699,1356,72275,2243,88335,151,5089,2201,60180,1547,55557,2733,115737,California
Monterey,2021-03-28,1044,166743,334,72609,700,89035,10,5099,609,60368,432,55989,620,116357,California
Monterey,2021-03-29,3156,169899,1427,74036,1712,90747,17,5116,1940,61124,1209,57198,1965,118322,California
Monterey,2021-03-30,4377,174276,2103,76139,2246,92993,28,5144,2702,62200,1666,58864,2742,121064,California
Monterey,2021-03-31,4991,179267,2337,78476,1879,94872,775,5919,3242,64495,1747,60611,4042,125106,California
Monterey,2021-04-01,5731,184998,1977,80453,3379,98251,375,6294,2800,64782,2922,63533,3209,128315,California
Monterey,2021-04-02,2784,187782,1662,82115,1077,99328,45,6339,1893,65877,890,64423,1985,130300,California
Napa,2020-12-16,12,12,12,12,0,0,0,0,12,12,0,0,12,12,California
Napa,2020-12-17,44,56,44,56,0,0,0,0,44,56,0,0,44,56,California
Napa,2020-12-18,103,159,103,159,0,0,0,0,103,159,0,0,103,159,California
Napa,2020-12-19,221,380,221,380,0,0,0,0,221,380,0,0,221,380,California
Napa,2020-12-20,190,570,190,570,0,0,0,0,190,570,0,0,190,570,California
Napa,2020-12-21,307,877,307,877,0,0,0,0,308,878,0,0,308,878,California
Napa,2020-12-22,336,1213,327,1204,9,9,0,0,336,1214,0,0,336,1214,California
Napa,2020-12-23,428,1641,319,1523,109,118,0,0,428,1642,0,0,428,1642,California
Napa,2020-12-24,138,1779,77,1600,61,179,0,0,138,1780,0,0,138,1780,California
Napa,2020-12-25,1,1780,1,1601,0,179,0,0,1,1781,0,0,1,1781,California
Napa,2020-12-26,39,1819,11,1612,28,207,0,0,39,1820,0,0,39,1820,California
Napa,2020-12-27,32,1851,16,1628,16,223,0,0,32,1852,0,0,32,1852,California
Napa,2020-12-28,249,2100,184,1812,65,288,0,0,277,2129,0,0,277,2129,California
Napa,2020-12-29,271,2371,213,2025,58,346,0,0,305,2434,0,0,305,2434,California
Napa,2020-12-30,636,3007,490,2515,146,492,0,0,644,3078,0,0,644,3078,California
Napa,2020-12-31,466,3473,378,2893,88,580,0,0,466,3544,0,0,466,3544,California
Napa,2021-01-01,1,3474,1,2894,0,580,0,0,1,3545,0,0,1,3545,California
Napa,2021-01-02,100,3574,95,2989,5,585,0,0,100,3645,0,0,100,3645,California
Napa,2021-01-03,12,3586,10,2999,2,587,0,0,9,3654,0,0,9,3654,California
Napa,2021-01-04,105,3691,62,3061,43,630,0,0,105,3759,0,0,105,3759,California
Napa,2021-01-05,152,3843,85,3146,67,697,0,0,135,3870,24,24,135,3894,California
Napa,2021-01-06,455,4298,114,3260,341,1038,0,0,391,4199,62,86,391,4285,California
Napa,2021-01-07,484,4782,223,3483,261,1299,0,0,384,4484,99,185,384,4669,California
Napa,2021-01-08,442,5224,227,3710,215,1514,0,0,262,4567,179,364,262,4931,California
Napa,2021-01-09,305,5529,279,3989,26,1540,0,0,167,4596,138,502,167,5098,California
Napa,2021-01-10,185,5714,101,4090,84,1624,0,0,110,4631,75,577,110,5208,California
Napa,2021-01-11,875,6589,417,4507,458,2082,0,0,507,4770,368,945,507,5715,California
Napa,2021-01-12,1301,7890,371,4878,930,3012,0,0,986,5441,315,1260,986,6701,California
Napa,2021-01-13,1299,9189,260,5138,1039,4051,0,0,1140,6424,158,1418,1141,7842,California
Napa,2021-01-14,1050,10239,174,5312,876,4927,0,0,932,7240,116,1534,932,8774,California
Napa,2021-01-15,1450,11689,381,5693,1069,5996,0,0,1300,8383,158,1692,1301,10075,California
Napa,2021-01-16,357,12046,137,5830,220,6216,0,0,339,8704,18,1710,339,10414,California
Napa,2021-01-17,339,12385,176,6006,163,6379,0,0,330,9025,9,1719,330,10744,California
Napa,2021-01-18,1076,13461,194,6200,882,7261,0,0,984,9917,92,1811,984,11728,California
Napa,2021-01-19,1009,14470,404,6604,605,7866,0,0,769,10448,239,2050,770,12498,California
Napa,2021-01-20,823,15293,183,6787,640,8506,0,0,643,10913,178,2228,643,13141,California
Napa,2021-01-21,1339,16632,382,7169,957,9463,0,0,1079,11733,259,2487,1079,14220,California
Napa,2021-01-22,1500,18132,416,7585,1084,10547,0,0,1168,12571,331,2818,1169,15389,California
Napa,2021-01-23,395,18527,315,7900,80,10627,0,0,334,12844,61,2879,334,15723,California
Napa,2021-01-24,274,18801,198,8098,76,10703,0,0,216,13002,58,2937,216,15939,California
Napa,2021-01-25,1517,20318,230,8328,1287,11990,0,0,1428,14341,89,3026,1428,17367,California
Napa,2021-01-26,869,21187,277,8605,592,12582,0,0,775,15023,94,3120,776,18143,California
Napa,2021-01-27,622,21809,218,8823,404,12986,0,0,465,15332,156,3276,465,18608,California
Napa,2021-01-28,375,22184,164,8987,211,13197,0,0,195,15348,179,3455,195,18803,California
Napa,2021-01-29,252,22436,64,9051,188,13385,0,0,157,15410,95,3550,157,18960,California
Napa,2021-01-30,789,23225,680,9731,109,13494,0,0,646,15913,143,3693,646,19606,California
Napa,2021-01-31,653,23878,623,10354,30,13524,0,0,627,16514,26,3719,627,20233,California
Napa,2021-02-01,313,24191,110,10464,203,13727,0,0,160,16522,152,3871,160,20393,California
Napa,2021-02-02,584,24775,276,10740,308,14035,0,0,286,16512,296,4167,286,20679,California
Napa,2021-02-03,730,25505,310,11050,420,14455,0,0,424,16630,306,4473,424,21103,California
Napa,2021-02-04,787,26292,371,11421,416,14871,0,0,441,16728,343,4816,441,21544,California
Napa,2021-02-05,704,26996,314,11735,390,15261,0,0,337,16698,367,5183,337,21881,California
Napa,2021-02-06,430,27426,142,11877,288,15549,0,0,325,16918,105,5288,325,22206,California
Napa,2021-02-07,179,27605,166,12043,13,15562,0,0,75,16889,104,5392,75,22281,California
Napa,2021-02-08,835,28440,188,12231,647,16209,0,0,270,16597,563,5955,271,22552,California
Napa,2021-02-09,1073,29513,439,12670,634,16843,0,0,434,16392,639,6594,434,22986,California
Napa,2021-02-10,1676,31189,190,12860,1486,18329,0,0,448,15615,1225,7819,448,23434,California
Napa,2021-02-11,1498,32687,194,13054,1304,19633,0,0,414,14955,1075,8894,415,23849,California
Napa,2021-02-12,2156,34843,840,13894,1316,20949,0,0,721,14244,1432,10326,721,24570,California
Napa,2021-02-13,490,35333,51,13945,439,21388,0,0,313,14380,177,10503,313,24883,California
Napa,2021-02-14,321,35654,58,14003,263,21651,0,0,161,14381,160,10663,161,25044,California
Napa,2021-02-15,884,36538,188,14191,696,22347,0,0,227,13954,654,11317,227,25271,California
Napa,2021-02-16,1291,37829,598,14789,693,23040,0,0,617,13898,673,11990,617,25888,California
Napa,2021-02-17,1040,38869,525,15314,515,23555,0,0,471,13802,568,12558,472,26360,California
Napa,2021-02-18,1895,40764,481,15795,1414,24969,0,0,663,13235,1230,13788,663,27023,California
Napa,2021-02-19,1427,42191,583,16378,844,25813,0,0,674,13157,752,14540,674,27697,California
Napa,2021-02-20,820,43011,588,16966,232,26045,0,0,278,12893,542,15082,278,27975,California
Napa,2021-02-21,795,43806,734,17700,61,26106,0,0,196,12490,599,15681,196,28171,California
Napa,2021-02-22,438,44244,184,17884,254,26360,0,0,137,12326,301,15982,137,28308,California
Napa,2021-02-23,1097,45341,295,18179,802,27162,0,0,306,11841,791,16773,306,28614,California
Napa,2021-02-24,1151,46492,628,18807,523,27685,0,0,569,11831,580,17353,570,29184,California
Napa,2021-02-25,2501,48993,1204,20011,1297,28982,0,0,1794,12921,705,18058,1795,30979,California
Napa,2021-02-26,1486,50479,517,20528,969,29951,0,0,580,12597,904,18962,580,31559,California
Napa,2021-02-27,1046,51525,356,20884,690,30641,0,0,796,13146,247,19209,796,32355,California
Napa,2021-02-28,562,52087,460,21344,102,30743,0,0,458,13503,101,19310,458,32813,California
Napa,2021-03-01,1092,53179,811,22155,281,31024,0,0,830,14072,261,19571,830,33643,California
Napa,2021-03-02,1458,54637,1011,23166,447,31471,0,0,1125,14866,332,19903,1126,34769,California
Napa,2021-03-03,1384,56021,637,23803,747,32218,0,0,1218,15920,165,20068,1219,35988,California
Napa,2021-03-04,1531,57552,647,24450,884,33102,0,0,1317,17026,212,20280,1318,37306,California
Napa,2021-03-05,1752,59304,692,25142,1055,34157,5,5,1362,18006,388,20668,1368,38674,California
Napa,2021-03-06,583,59887,251,25393,303,34460,29,34,481,18415,101,20769,510,39184,California
Napa,2021-03-07,473,60360,275,25668,182,34642,16,50,363,18685,109,20878,379,39563,California
Napa,2021-03-08,672,61032,314,25982,318,34960,40,90,510,19075,160,21038,550,40113,California
Napa,2021-03-09,1585,62617,573,26555,969,35929,43,133,1161,19859,421,21459,1205,41318,California
Napa,2021-03-10,1425,64042,893,27448,436,36365,96,229,724,19982,698,22157,821,42139,California
Napa,2021-03-11,1781,65823,1035,28483,634,36999,112,341,897,20108,883,23040,1009,43148,California
Napa,2021-03-12,1385,67208,851,29334,452,37451,82,423,740,20288,644,23684,824,43972,California
Napa,2021-03-13,1049,68257,280,29614,745,38196,24,447,784,20832,265,23949,809,44781,California
Napa,2021-03-14,542,68799,310,29924,92,38288,140,587,206,20843,335,24284,346,45127,California
Napa,2021-03-15,937,69736,397,30321,471,38759,69,656,470,20918,464,24748,539,45666,California
Napa,2021-03-16,1716,71452,388,30709,1203,39962,125,781,1259,21849,454,25202,1385,47051,California
Napa,2021-03-17,2214,73666,1637,32346,437,40399,140,921,1401,22577,813,26015,1541,48592,California
Napa,2021-03-18,1598,75264,691,33037,897,41296,10,931,974,22939,622,26637,984,49576,California
Napa,2021-03-19,1120,76384,647,33684,453,41749,20,951,573,22987,545,27182,593,50169,California
Napa,2021-03-20,756,77140,345,34029,262,42011,149,1100,323,23026,433,27615,472,50641,California
Napa,2021-03-21,693,77833,667,34696,24,42035,2,1102,347,23031,344,27959,349,50990,California
Napa,2021-03-22,1058,78891,880,35576,167,42202,11,1113,462,22914,594,28553,477,51467,California
Napa,2021-03-23,1477,80368,819,36395,645,42847,13,1126,983,23421,492,29045,999,52466,California
Napa,2021-03-24,1681,82049,928,37323,744,43591,9,1135,812,23408,867,29912,854,53320,California
Napa,2021-03-25,1547,83596,1048,38371,490,44081,9,1144,733,23453,814,30726,859,54179,California
Napa,2021-03-26,1224,84820,789,39160,429,44510,6,1150,537,23377,683,31409,607,54786,California
Napa,2021-03-27,870,85690,421,39581,422,44932,27,1177,301,23169,569,31978,361,55147,California
Napa,2021-03-28,470,86160,363,39944,101,45033,6,1183,171,23048,299,32277,178,55325,California
Napa,2021-03-29,1142,87302,840,40784,295,45328,7,1190,693,23310,447,32724,709,56034,California
Napa,2021-03-30,1678,88980,906,41690,766,46094,6,1196,913,23491,764,33488,945,56979,California
Napa,2021-03-31,1716,90696,949,42639,702,46796,65,1261,614,23133,1099,34587,741,57720,California
Napa,2021-04-01,1457,92153,764,43403,582,47378,111,1372,393,22614,1061,35648,542,58262,California
Napa,2021-04-02,803,92956,524,43927,155,47533,124,1496,201,22379,600,36248,365,58627,California
Nevada,2020-12-16,3,3,3,3,0,0,0,0,3,3,0,0,3,3,California
Nevada,2020-12-17,6,9,6,9,0,0,0,0,6,9,0,0,6,9,California
Nevada,2020-12-18,51,60,51,60,0,0,0,0,51,60,0,0,51,60,California
Nevada,2020-12-19,55,115,55,115,0,0,0,0,55,115,0,0,55,115,California
Nevada,2020-12-20,12,127,12,127,0,0,0,0,12,127,0,0,12,127,California
Nevada,2020-12-21,69,196,69,196,0,0,0,0,69,196,0,0,69,196,California
Nevada,2020-12-22,91,287,89,285,2,2,0,0,91,287,0,0,91,287,California
Nevada,2020-12-23,234,521,202,487,32,34,0,0,234,521,0,0,234,521,California
Nevada,2020-12-24,15,536,12,499,3,37,0,0,15,536,0,0,15,536,California
Nevada,2020-12-25,2,538,2,501,0,37,0,0,2,538,0,0,2,538,California
Nevada,2020-12-26,5,543,3,504,2,39,0,0,5,543,0,0,5,543,California
Nevada,2020-12-27,88,631,88,592,0,39,0,0,88,631,0,0,88,631,California
Nevada,2020-12-28,170,801,93,685,77,116,0,0,170,801,0,0,170,801,California
Nevada,2020-12-29,101,902,75,760,26,142,0,0,101,902,0,0,101,902,California
Nevada,2020-12-30,85,987,66,826,19,161,0,0,85,987,0,0,85,987,California
Nevada,2020-12-31,39,1026,9,835,30,191,0,0,39,1026,0,0,39,1026,California
Nevada,2021-01-01,1,1027,0,835,1,192,0,0,1,1027,0,0,1,1027,California
Nevada,2021-01-02,1,1028,1,836,0,192,0,0,1,1028,0,0,1,1028,California
Nevada,2021-01-03,129,1157,126,962,3,195,0,0,129,1157,0,0,129,1157,California
Nevada,2021-01-04,71,1228,47,1009,24,219,0,0,71,1228,0,0,71,1228,California
Nevada,2021-01-05,272,1500,130,1139,142,361,0,0,271,1498,1,1,271,1499,California
Nevada,2021-01-06,93,1593,44,1183,49,410,0,0,85,1575,8,9,85,1584,California
Nevada,2021-01-07,217,1810,43,1226,174,584,0,0,209,1779,6,15,210,1794,California
Nevada,2021-01-08,221,2031,127,1353,94,678,0,0,170,1898,51,66,170,1964,California
Nevada,2021-01-09,63,2094,56,1409,7,685,0,0,15,1865,48,114,15,1979,California
Nevada,2021-01-10,17,2111,9,1418,8,693,0,0,9,1866,8,122,9,1988,California
Nevada,2021-01-11,183,2294,130,1548,53,746,0,0,56,1795,127,249,56,2044,California
Nevada,2021-01-12,606,2900,458,2006,148,894,0,0,538,2265,68,317,538,2582,California
Nevada,2021-01-13,257,3157,144,2150,113,1007,0,0,122,2252,135,452,122,2704,California
Nevada,2021-01-14,229,3386,123,2273,106,1113,0,0,211,2446,17,469,211,2915,California
Nevada,2021-01-15,394,3780,170,2443,224,1337,0,0,296,2644,98,567,296,3211,California
Nevada,2021-01-16,292,4072,13,2456,279,1616,0,0,289,2930,3,570,289,3500,California
Nevada,2021-01-17,36,4108,32,2488,4,1620,0,0,33,2960,3,573,33,3533,California
Nevada,2021-01-18,148,4256,40,2528,108,1728,0,0,138,3088,10,583,138,3671,California
Nevada,2021-01-19,232,4488,83,2611,149,1877,0,0,213,3282,19,602,213,3884,California
Nevada,2021-01-20,258,4746,152,2763,106,1983,0,0,245,3514,13,615,245,4129,California
Nevada,2021-01-21,336,5082,207,2970,129,2112,0,0,323,3824,13,628,323,4452,California
Nevada,2021-01-22,341,5423,209,3179,132,2244,0,0,310,4103,31,659,310,4762,California
Nevada,2021-01-23,172,5595,104,3283,68,2312,0,0,172,4275,0,659,172,4934,California
Nevada,2021-01-24,105,5700,98,3381,7,2319,0,0,66,4302,39,698,66,5000,California
Nevada,2021-01-25,264,5964,136,3517,128,2447,0,0,203,4444,61,759,203,5203,California
Nevada,2021-01-26,397,6361,141,3658,256,2703,0,0,295,4637,102,861,295,5498,California
Nevada,2021-01-27,407,6768,241,3899,166,2869,0,0,383,4996,24,885,383,5881,California
Nevada,2021-01-28,458,7226,311,4210,147,3016,0,0,417,5372,41,926,417,6298,California
Nevada,2021-01-29,594,7820,391,4601,203,3219,0,0,572,5923,22,948,573,6871,California
Nevada,2021-01-30,231,8051,103,4704,128,3347,0,0,228,6148,3,951,228,7099,California
Nevada,2021-01-31,101,8152,85,4789,16,3363,0,0,101,6249,0,951,101,7200,California
Nevada,2021-02-01,292,8444,71,4860,221,3584,0,0,278,6513,14,965,278,7478,California
Nevada,2021-02-02,516,8960,172,5032,344,3928,0,0,321,6639,195,1160,321,7799,California
Nevada,2021-02-03,805,9765,566,5598,239,4167,0,0,752,7339,52,1212,752,8551,California
Nevada,2021-02-04,748,10513,400,5998,348,4515,0,0,500,7592,247,1459,500,9051,California
Nevada,2021-02-05,644,11157,363,6361,281,4796,0,0,455,7860,187,1646,455,9506,California
Nevada,2021-02-06,273,11430,85,6446,188,4984,0,0,246,8079,27,1673,246,9752,California
Nevada,2021-02-07,245,11675,189,6635,56,5040,0,0,191,8216,54,1727,191,9943,California
Nevada,2021-02-08,649,12324,410,7045,239,5279,0,0,551,8669,98,1825,551,10494,California
Nevada,2021-02-09,604,12928,339,7384,265,5544,0,0,466,8997,138,1963,466,10960,California
Nevada,2021-02-10,643,13571,321,7705,322,5866,0,0,414,9183,229,2192,415,11375,California
Nevada,2021-02-11,866,14437,505,8210,361,6227,0,0,538,9394,327,2519,538,11913,California
Nevada,2021-02-12,921,15358,431,8641,490,6717,0,0,608,9690,312,2831,608,12521,California
Nevada,2021-02-13,587,15945,232,8873,355,7072,0,0,385,9878,198,3029,386,12907,California
Nevada,2021-02-14,224,16169,117,8990,107,7179,0,0,194,10043,30,3059,195,13102,California
Nevada,2021-02-15,711,16880,444,9434,267,7446,0,0,544,10420,167,3226,544,13646,California
Nevada,2021-02-16,614,17494,199,9633,415,7861,0,0,455,10717,158,3384,455,14101,California
Nevada,2021-02-17,1178,18672,761,10394,417,8278,0,0,863,11265,315,3699,863,14964,California
Nevada,2021-02-18,998,19670,550,10944,448,8726,0,0,600,11469,396,4095,600,15564,California
Nevada,2021-02-19,1002,20672,630,11574,372,9098,0,0,648,11764,354,4449,649,16213,California
Nevada,2021-02-20,290,20962,101,11675,189,9287,0,0,170,11815,119,4568,170,16383,California
Nevada,2021-02-21,89,21051,83,11758,6,9293,0,0,12,11750,77,4645,12,16395,California
Nevada,2021-02-22,495,21546,329,12087,166,9459,0,0,349,11954,145,4790,349,16744,California
Nevada,2021-02-23,445,21991,200,12287,245,9704,0,0,205,11922,237,5027,205,16949,California
Nevada,2021-02-24,477,22468,240,12527,237,9941,0,0,253,11953,224,5251,255,17204,California
Nevada,2021-02-25,846,23314,462,12989,384,10325,0,0,417,11943,427,5678,417,17621,California
Nevada,2021-02-26,1228,24542,885,13874,343,10668,0,0,410,11538,815,6493,410,18031,California
Nevada,2021-02-27,345,24887,110,13984,235,10903,0,0,173,11540,172,6665,174,18205,California
Nevada,2021-02-28,256,25143,144,14128,112,11015,0,0,120,11524,136,6801,120,18325,California
Nevada,2021-03-01,808,25951,422,14550,386,11401,0,0,343,11403,464,7265,343,18668,California
Nevada,2021-03-02,685,26636,255,14805,430,11831,0,0,470,11663,211,7476,471,19139,California
Nevada,2021-03-03,901,27537,478,15283,423,12254,0,0,440,11643,460,7936,440,19579,California
Nevada,2021-03-04,1078,28615,605,15888,473,12727,0,0,446,11460,629,8565,446,20025,California
Nevada,2021-03-05,749,29364,406,16294,333,13060,10,10,330,11383,417,8982,340,20365,California
Nevada,2021-03-06,332,29696,113,16407,193,13253,26,36,122,11321,210,9192,148,20513,California
Nevada,2021-03-07,204,29900,108,16515,76,13329,20,56,62,11261,141,9333,81,20594,California
Nevada,2021-03-08,789,30689,534,17049,212,13541,43,99,345,11207,443,9776,389,20983,California
Nevada,2021-03-09,639,31328,302,17351,291,13832,46,145,351,11316,287,10063,396,21379,California
Nevada,2021-03-10,897,32225,581,17932,279,14111,37,182,286,11032,608,10671,324,21703,California
Nevada,2021-03-11,1034,33259,662,18594,345,14456,27,209,496,11022,533,11204,523,22226,California
Nevada,2021-03-12,1024,34283,661,19255,329,14785,34,243,415,10864,608,11812,450,22676,California
Nevada,2021-03-13,221,34504,54,19309,160,14945,7,250,97,10846,123,11935,105,22781,California
Nevada,2021-03-14,99,34603,19,19328,77,15022,3,253,23,10796,76,12011,26,22807,California
Nevada,2021-03-15,819,35422,439,19767,370,15392,10,263,333,10655,484,12495,343,23150,California
Nevada,2021-03-16,943,36365,434,20201,455,15847,54,317,604,10975,338,12833,658,23808,California
Nevada,2021-03-17,983,37348,424,20625,549,16396,10,327,552,11109,428,13261,562,24370,California
Nevada,2021-03-18,822,38170,453,21078,348,16744,21,348,396,11105,422,13683,418,24788,California
Nevada,2021-03-19,564,38734,333,21411,201,16945,30,378,250,11071,314,13997,280,25068,California
Nevada,2021-03-20,528,39262,82,21493,172,17117,274,652,142,11104,381,14378,414,25482,California
Nevada,2021-03-21,65,39327,33,21526,31,17148,1,653,46,11133,18,14396,47,25529,California
Nevada,2021-03-22,766,40093,488,22014,274,17422,4,657,512,11397,252,14648,516,26045,California
Nevada,2021-03-23,825,40918,381,22395,419,17841,25,682,622,11845,200,14848,648,26693,California
Nevada,2021-03-24,965,41883,520,22915,437,18278,8,690,604,12100,357,15205,612,27305,California
Nevada,2021-03-25,865,42748,430,23345,412,18690,23,713,475,12210,390,15595,500,27805,California
Nevada,2021-03-26,1066,43814,406,23751,629,19319,31,744,768,12719,296,15891,805,28610,California
Nevada,2021-03-27,544,44358,69,23820,460,19779,15,759,377,12948,166,16057,395,29005,California
Nevada,2021-03-28,168,44526,49,23869,108,19887,11,770,41,12874,126,16183,52,29057,California
Nevada,2021-03-29,788,45314,479,24348,285,20172,24,794,367,12847,419,16602,392,29449,California
Nevada,2021-03-30,1039,46353,475,24823,532,20704,32,826,548,12943,486,17088,582,30031,California
Nevada,2021-03-31,1121,47474,630,25453,473,21177,18,844,689,13238,424,17512,719,30750,California
Nevada,2021-04-01,1151,48625,680,26133,420,21597,51,895,503,13162,643,18155,567,31317,California
Nevada,2021-04-02,762,49387,336,26469,413,22010,13,908,513,13443,248,18403,529,31846,California
Orange,2020-12-15,16,16,16,16,0,0,0,0,16,16,0,0,16,16,California
Orange,2020-12-16,365,381,365,381,0,0,0,0,365,381,0,0,365,381,California
Orange,2020-12-17,3712,4093,3712,4093,0,0,0,0,3711,4092,0,0,3711,4092,California
Orange,2020-12-18,5007,9100,5000,9093,7,7,0,0,5005,9097,0,0,5005,9097,California
Orange,2020-12-19,2196,11296,2189,11282,7,14,0,0,2195,11292,0,0,2195,11292,California
Orange,2020-12-20,1963,13259,1962,13244,1,15,0,0,1964,13256,0,0,1964,13256,California
Orange,2020-12-21,4218,17477,4212,17456,6,21,0,0,4218,17474,0,0,4218,17474,California
Orange,2020-12-22,3962,21439,3929,21385,33,54,0,0,3962,21436,0,0,3962,21436,California
Orange,2020-12-23,3538,24977,3189,24574,349,403,0,0,3540,24976,0,0,3540,24976,California
Orange,2020-12-24,1371,26348,1073,25647,298,701,0,0,1371,26347,0,0,1371,26347,California
Orange,2020-12-25,15,26363,10,25657,5,706,0,0,15,26362,0,0,15,26362,California
Orange,2020-12-26,1052,27415,422,26079,630,1336,0,0,1052,27414,0,0,1052,27414,California
Orange,2020-12-27,582,27997,275,26354,307,1643,0,0,582,27996,0,0,582,27996,California
Orange,2020-12-28,3532,31529,2563,28917,969,2612,0,0,3532,31528,0,0,3532,31528,California
Orange,2020-12-29,3553,35082,2560,31477,993,3605,0,0,3553,35081,0,0,3553,35081,California
Orange,2020-12-30,5105,40187,3549,35026,1556,5161,0,0,5105,40186,0,0,5105,40186,California
Orange,2020-12-31,1452,41639,757,35783,695,5856,0,0,1452,41638,0,0,1452,41638,California
Orange,2021-01-01,429,42068,239,36022,190,6046,0,0,428,42065,1,1,428,42066,California
Orange,2021-01-02,1402,43470,897,36919,505,6551,0,0,1402,43467,0,1,1402,43468,California
Orange,2021-01-03,561,44031,309,37228,252,6803,0,0,561,44028,0,1,561,44029,California
Orange,2021-01-04,2683,46714,1552,38780,1131,7934,0,0,2684,46711,1,2,2684,46713,California
Orange,2021-01-05,3491,50205,2284,41064,1207,9141,0,0,3080,49390,404,406,3083,49796,California
Orange,2021-01-06,4958,55163,3449,44513,1509,10650,0,0,3593,51631,1352,1758,3593,53389,California
Orange,2021-01-07,9199,64362,5128,49641,4071,14721,0,0,5649,53749,3537,5295,5655,59044,California
Orange,2021-01-08,9352,73714,5215,54856,4137,18858,0,0,5630,55670,3712,9007,5633,64677,California
Orange,2021-01-09,4963,78677,1725,56581,3238,22096,0,0,3689,58087,1273,10280,3690,68367,California
Orange,2021-01-10,4223,82900,1033,57614,3190,25286,0,0,3348,60565,874,11154,3352,71719,California
Orange,2021-01-11,9351,92251,4859,62473,4492,29778,0,0,5756,62724,3598,14752,5757,77476,California
Orange,2021-01-12,8740,100991,4702,67175,4038,33816,0,0,5284,64557,3452,18204,5285,82761,California
Orange,2021-01-13,10166,111157,4860,72035,5306,39122,0,0,6989,68380,3174,21378,6997,89758,California
Orange,2021-01-14,9877,121034,3757,75792,6120,45242,0,0,8295,75100,1580,22958,8300,98058,California
Orange,2021-01-15,10063,131097,2593,78385,7470,52712,0,0,9191,83417,879,23837,9196,107254,California
Orange,2021-01-16,8668,139765,2080,80465,6588,59300,0,0,8288,91329,380,24217,8292,115546,California
Orange,2021-01-17,8139,147904,1488,81953,6651,65951,0,0,7995,99188,143,24360,8002,123548,California
Orange,2021-01-18,9727,157631,4448,86401,5279,71230,0,0,7493,104446,2237,26597,7495,131043,California
Orange,2021-01-19,7435,165066,5395,91796,2040,73270,0,0,4813,106640,2623,29220,4817,135860,California
Orange,2021-01-20,8228,173294,5793,97589,2435,75705,0,0,5176,108770,3052,32272,5182,141042,California
Orange,2021-01-21,10801,184095,4792,102381,6009,81714,0,0,10011,118001,789,33061,10020,151062,California
Orange,2021-01-22,13522,197617,5068,107449,8454,90168,0,0,12702,129898,812,33873,12709,163771,California
Orange,2021-01-23,13088,210705,6168,113617,6920,97088,0,0,12124,141065,962,34835,12129,175900,California
Orange,2021-01-24,9790,220495,4276,117893,5514,102602,0,0,9476,150236,312,35147,9483,185383,California
Orange,2021-01-25,10377,230872,5821,123714,4556,107158,0,0,7671,155263,2698,37845,7725,193108,California
Orange,2021-01-26,11717,242589,7661,131375,4056,111214,0,0,9595,162740,2119,39964,9596,202704,California
Orange,2021-01-27,13322,255911,7956,139331,5366,116580,0,0,10671,170774,2640,42604,10674,213378,California
Orange,2021-01-28,12955,268866,7145,146476,5810,122390,0,0,11119,180077,1822,44426,11125,224503,California
Orange,2021-01-29,13508,282374,8372,154848,5136,127526,0,0,10680,187944,2817,47243,10684,235187,California
Orange,2021-01-30,12879,295253,4427,159275,8452,135978,0,0,12160,199399,706,47949,12161,247348,California
Orange,2021-01-31,13708,308961,4948,164223,8760,144738,0,0,13292,212280,413,48362,13294,260642,California
Orange,2021-02-01,13883,322844,5701,169924,8182,152920,0,0,11941,222301,1924,50286,11945,272587,California
Orange,2021-02-02,15306,338150,8334,178258,6972,159892,0,0,12597,232302,2599,52885,12600,285187,California
Orange,2021-02-03,16656,354806,12530,190788,4126,164018,0,0,13673,243072,2907,55792,13677,298864,California
Orange,2021-02-04,19656,374462,12824,203612,6832,170850,0,0,14612,252675,5013,60805,14616,313480,California
Orange,2021-02-05,20652,395114,11954,215566,8698,179548,0,0,14446,260955,6169,66974,14449,327929,California
Orange,2021-02-06,16281,411395,10767,226333,5514,185062,0,0,11051,267009,5215,72189,11269,339198,California
Orange,2021-02-07,11503,422898,8079,234412,3424,188486,0,0,7536,270760,3954,76143,7705,346903,California
Orange,2021-02-08,14761,437659,8474,242886,6287,194773,0,0,8818,273665,5915,82058,8820,355723,California
Orange,2021-02-09,17513,455172,11950,254836,5563,200336,0,0,10695,277618,6746,88804,10699,366422,California
Orange,2021-02-10,20819,475991,11114,265950,9705,210041,0,0,12665,282229,8061,96865,12672,379094,California
Orange,2021-02-11,21881,497872,11321,277271,10560,220601,0,0,12341,285192,9400,106265,12363,391457,California
Orange,2021-02-12,24661,522533,11880,289151,12781,233382,0,0,14597,289784,10013,116278,14605,406062,California
Orange,2021-02-13,21631,544164,11581,300732,10050,243432,0,0,11089,291181,10339,126617,11736,417798,California
Orange,2021-02-14,16130,560294,6565,307297,9565,252997,0,0,9528,294132,6580,133197,9531,427329,California
Orange,2021-02-15,17083,577377,7370,314667,9713,262710,0,0,8874,294845,8170,141367,8883,436212,California
Orange,2021-02-16,19857,597234,8942,323609,10915,273625,0,0,10747,296540,9076,150443,10771,446983,California
Orange,2021-02-17,17601,614835,9173,332782,8428,282053,0,0,9153,297316,8409,158852,9185,456168,California
Orange,2021-02-18,14599,629434,9585,342367,5014,287067,0,0,6779,296326,7779,166631,6789,462957,California
Orange,2021-02-19,17652,647086,10697,353064,6955,294022,0,0,6923,292571,10687,177318,6932,469889,California
Orange,2021-02-20,7179,654265,5385,358449,1794,295816,0,0,3564,292546,3599,180917,3574,473463,California
Orange,2021-02-21,4122,658387,3450,361899,672,296488,0,0,732,289911,3368,184285,733,474196,California
Orange,2021-02-22,9427,667814,7700,369599,1727,298215,0,0,3844,288215,5561,189846,3865,478061,California
Orange,2021-02-23,13082,680896,7107,376706,5975,304190,0,0,3573,282341,9461,199307,3587,481648,California
Orange,2021-02-24,20810,701706,12558,389264,8252,312442,0,0,5351,272308,15405,214712,5372,487020,California
Orange,2021-02-25,22345,724051,12050,401314,10295,322737,0,0,8016,266072,14276,228988,8040,495060,California
Orange,2021-02-26,27445,751496,13918,415232,13527,336264,0,0,11126,260999,16227,245215,11154,506214,California
Orange,2021-02-27,24824,776320,10040,425272,14782,351046,2,2,7267,250815,17470,262685,7286,513500,California
Orange,2021-02-28,18875,795195,7275,432547,11600,362646,0,2,4815,241670,13982,276667,4837,518337,California
Orange,2021-03-01,18113,813308,8278,440825,9833,372479,2,4,6991,237629,11067,287734,7026,525363,California
Orange,2021-03-02,14447,827755,7063,447888,7383,379862,1,5,8503,240253,5914,293648,8538,533901,California
Orange,2021-03-03,18641,846396,8816,456704,9824,389686,1,6,9591,240876,8990,302638,9613,543514,California
Orange,2021-03-04,19676,866072,11864,468568,7801,397487,11,17,10220,241705,9427,312065,10256,553770,California
Orange,2021-03-05,17573,883645,9448,478016,8081,405568,44,61,10814,245884,6736,318801,10915,564685,California
Orange,2021-03-06,18184,901829,10193,488209,7174,412742,817,878,9550,247674,8605,327406,10395,575080,California
Orange,2021-03-07,14070,915899,8057,496266,5649,418391,364,1242,8211,250446,5827,333233,8599,583679,California
Orange,2021-03-08,15499,931398,7163,503429,7166,425557,1170,2412,10045,256266,5424,338657,11244,594923,California
Orange,2021-03-09,19358,950756,8365,511794,8602,434159,2391,4803,11128,261608,8190,346847,13532,608455,California
Orange,2021-03-10,21245,972001,10504,522298,7789,441948,2952,7755,10713,264786,10494,357341,13672,622127,California
Orange,2021-03-11,27196,999197,14555,536853,8816,450764,3825,11580,12434,266462,14713,372054,16389,638516,California
Orange,2021-03-12,24966,1024163,12078,548931,9644,460408,3244,14824,12383,269580,12532,384586,15650,654166,California
Orange,2021-03-13,19497,1043660,7271,556202,9527,469935,2699,17523,9636,272099,9837,394423,12356,666522,California
Orange,2021-03-14,16327,1059987,7299,563501,6586,476521,2442,19965,10394,279046,5906,400329,12853,679375,California
Orange,2021-03-15,22636,1082623,9766,573267,12096,488617,774,20739,14299,285832,8301,408630,15087,694462,California
Orange,2021-03-16,26052,1108675,10869,584136,14927,503544,256,20995,16902,293920,9091,417721,17179,711641,California
Orange,2021-03-17,26488,1135163,13181,597317,12824,516368,483,21478,18865,305709,7577,425298,19366,731007,California
Orange,2021-03-18,21996,1157159,10907,608224,10933,527301,156,21634,17055,318037,4897,430195,17225,748232,California
Orange,2021-03-19,28193,1185352,15387,623611,12453,539754,353,21987,20979,332258,7135,437330,21356,769588,California
Orange,2021-03-20,20728,1206080,10979,634590,9587,549341,162,22149,17943,347630,2742,440072,18114,787702,California
Orange,2021-03-21,18088,1224168,10465,645055,6895,556236,728,22877,15409,361115,2659,442731,16144,803846,California
Orange,2021-03-22,22354,1246522,11539,656594,10501,566737,314,23191,18953,377055,3346,446077,19286,823132,California
Orange,2021-03-23,25579,1272101,13271,669865,11678,578415,630,23821,20582,393346,4936,451013,21227,844359,California
Orange,2021-03-24,28508,1300609,15855,685720,11789,590204,864,24685,21883,409544,6566,457579,22764,867123,California
Orange,2021-03-25,31116,1331725,16307,702027,14167,604371,642,25327,23905,426979,7152,464731,24587,891710,California
Orange,2021-03-26,33841,1365566,17379,719406,15630,620001,832,26159,24612,443412,9153,473884,25586,917296,California
Orange,2021-03-27,27443,1393009,12957,732363,14177,634178,309,26468,19884,456170,7498,481382,20256,937552,California
Orange,2021-03-28,24159,1417168,12492,744855,11601,645779,66,26534,18270,468690,5850,487232,18370,955922,California
Orange,2021-03-29,25636,1442804,11485,756340,13624,659403,527,27061,17509,478749,8067,495299,18126,974048,California
Orange,2021-03-30,29582,1472386,13480,769820,15773,675176,329,27390,21262,492179,8275,503574,21705,995753,California
Orange,2021-03-31,35631,1508017,18533,788353,16568,691744,530,27920,24059,505749,11512,515086,25082,1020835,California
Orange,2021-04-01,36476,1544493,19008,807361,16234,707978,1234,29154,24579,520427,11844,526930,26522,1047357,California
Orange,2021-04-02,22375,1566868,10835,818196,10521,718499,1019,30173,12944,526021,9386,536316,14980,1062337,California
Placer,2020-12-15,29,29,29,29,0,0,0,0,29,29,0,0,29,29,California
Placer,2020-12-16,52,81,52,81,0,0,0,0,52,81,0,0,52,81,California
Placer,2020-12-17,141,222,141,222,0,0,0,0,141,222,0,0,141,222,California
Placer,2020-12-18,331,553,331,553,0,0,0,0,331,553,0,0,331,553,California
Placer,2020-12-19,248,801,248,801,0,0,0,0,248,801,0,0,248,801,California
Placer,2020-12-20,233,1034,233,1034,0,0,0,0,233,1034,0,0,233,1034,California
Placer,2020-12-21,495,1529,494,1528,1,1,0,0,495,1529,0,0,495,1529,California
Placer,2020-12-22,676,2205,670,2198,6,7,0,0,676,2205,0,0,676,2205,California
Placer,2020-12-23,741,2946,656,2854,85,92,0,0,741,2946,0,0,741,2946,California
Placer,2020-12-24,396,3342,345,3199,51,143,0,0,396,3342,0,0,396,3342,California
Placer,2020-12-26,159,3501,114,3313,45,188,0,0,159,3501,0,0,159,3501,California
Placer,2020-12-27,187,3688,163,3476,24,212,0,0,187,3688,0,0,187,3688,California
Placer,2020-12-28,665,4353,539,4015,126,338,0,0,665,4353,0,0,665,4353,California
Placer,2020-12-29,762,5115,514,4529,248,586,0,0,762,5115,0,0,762,5115,California
Placer,2020-12-30,727,5842,450,4979,277,863,0,0,725,5840,0,0,725,5840,California
Placer,2020-12-31,530,6372,344,5323,186,1049,0,0,530,6370,0,0,530,6370,California
Placer,2021-01-01,14,6386,10,5333,4,1053,0,0,14,6384,0,0,14,6384,California
Placer,2021-01-02,184,6570,152,5485,32,1085,0,0,184,6568,0,0,184,6568,California
Placer,2021-01-03,153,6723,78,5563,75,1160,0,0,153,6721,0,0,153,6721,California
Placer,2021-01-04,615,7338,176,5739,439,1599,0,0,615,7336,0,0,615,7336,California
Placer,2021-01-05,713,8051,156,5895,557,2156,0,0,631,7886,81,81,631,7967,California
Placer,2021-01-06,754,8805,242,6137,512,2668,0,0,614,8360,140,221,614,8581,California
Placer,2021-01-07,979,9784,364,6501,615,3283,0,0,776,8935,203,424,778,9359,California
Placer,2021-01-08,1181,10965,526,7027,655,3938,0,0,854,9465,324,748,854,10213,California
Placer,2021-01-09,446,11411,318,7345,128,4066,0,0,231,9482,214,962,231,10444,California
Placer,2021-01-10,326,11737,184,7529,142,4208,0,0,162,9480,164,1126,162,10606,California
Placer,2021-01-11,1424,13161,808,8337,616,4824,0,0,834,9725,590,1716,835,11441,California
Placer,2021-01-12,1639,14800,868,9205,771,5595,0,0,1034,10155,605,2321,1035,12476,California
Placer,2021-01-13,1625,16425,818,10023,807,6402,0,0,1209,10953,414,2735,1212,13688,California
Placer,2021-01-14,1735,18160,650,10673,1085,7487,0,0,1379,11980,353,3088,1380,15068,California
Placer,2021-01-15,1905,20065,721,11394,1184,8671,0,0,1552,13184,352,3440,1556,16624,California
Placer,2021-01-16,1472,21537,722,12116,750,9421,0,0,1350,14413,122,3562,1351,17975,California
Placer,2021-01-17,561,22098,395,12511,166,9587,0,0,429,14710,132,3694,429,18404,California
Placer,2021-01-18,977,23075,540,13051,437,10024,0,0,748,15230,229,3923,749,19153,California
Placer,2021-01-19,2556,25631,1949,15000,607,10631,0,0,2107,16889,449,4372,2108,21261,California
Placer,2021-01-20,2241,27872,1690,16690,551,11182,0,0,1913,18475,328,4700,1914,23175,California
Placer,2021-01-21,2523,30395,1112,17802,1411,12593,0,0,2128,20210,394,5094,2129,25304,California
Placer,2021-01-22,2269,32664,588,18390,1681,14274,0,0,2093,22132,174,5268,2096,27400,California
Placer,2021-01-23,1186,33850,378,18768,808,15082,0,0,1031,23008,155,5423,1031,28431,California
Placer,2021-01-24,507,34357,266,19034,241,15323,0,0,432,23366,75,5498,433,28864,California
Placer,2021-01-25,1645,36002,797,19831,848,16171,0,0,1364,24450,281,5779,1365,30229,California
Placer,2021-01-26,1827,37829,1025,20856,802,16973,0,0,1563,25749,264,6043,1563,31792,California
Placer,2021-01-27,1814,39643,1158,22014,656,17629,0,0,1573,27083,239,6282,1573,33365,California
Placer,2021-01-28,1775,41418,1108,23122,667,18296,0,0,1533,28374,242,6524,1533,34898,California
Placer,2021-01-29,1840,43258,1156,24278,684,18980,0,0,1653,29843,186,6710,1655,36553,California
Placer,2021-01-30,1718,44976,968,25246,750,19730,0,0,1601,31328,116,6826,1601,38154,California
Placer,2021-01-31,780,45756,623,25869,157,19887,0,0,709,31968,70,6896,710,38864,California
Placer,2021-02-01,2058,47814,1088,26957,970,20857,0,0,1750,33412,306,7202,1750,40614,California
Placer,2021-02-02,2364,50178,1542,28499,822,21679,0,0,1884,34818,478,7680,1884,42498,California
Placer,2021-02-03,2900,53078,1870,30369,1030,22709,0,0,2287,36496,609,8289,2287,44785,California
Placer,2021-02-04,2749,55827,1176,31545,1573,24282,0,0,1930,37610,817,9106,1931,46716,California
Placer,2021-02-05,2720,58547,1204,32749,1516,25798,0,0,1391,37678,1323,10429,1391,48107,California
Placer,2021-02-06,1925,60472,1290,34039,635,26433,0,0,1379,38511,546,10975,1379,49486,California
Placer,2021-02-07,1217,61689,908,34947,309,26742,0,0,939,39174,277,11252,940,50426,California
Placer,2021-02-08,3295,64984,1764,36711,1531,28273,0,0,1973,39833,1314,12566,1973,52399,California
Placer,2021-02-09,3529,68513,2164,38875,1365,29638,0,0,1622,39549,1906,14472,1622,54021,California
Placer,2021-02-10,3733,72246,2183,41058,1550,31188,0,0,1745,39311,1985,16457,1747,55768,California
Placer,2021-02-11,3610,75856,1890,42948,1720,32908,0,0,1576,38862,2026,18483,1577,57345,California
Placer,2021-02-12,2744,78600,1313,44261,1431,34339,0,0,1661,39456,1067,19550,1661,59006,California
Placer,2021-02-13,2535,81135,1495,45756,1040,35379,0,0,1883,40687,652,20202,1883,60889,California
Placer,2021-02-14,1072,82207,679,46435,393,35772,0,0,731,41080,338,20540,731,61620,California
Placer,2021-02-15,2144,84351,1036,47471,1108,36880,0,0,1491,41919,653,21193,1492,63112,California
Placer,2021-02-16,3522,87873,1789,49260,1733,38613,0,0,1583,41576,1928,23121,1585,64697,California
Placer,2021-02-17,3441,91314,1958,51218,1483,40096,0,0,1450,41038,1988,25109,1450,66147,California
Placer,2021-02-18,3595,94909,1950,53168,1645,41741,0,0,1502,40456,2084,27193,1502,67649,California
Placer,2021-02-19,3524,98433,1892,55060,1632,43373,0,0,1309,39554,2212,29405,1310,68959,California
Placer,2021-02-20,1945,100378,1212,56272,733,44106,0,0,861,39339,1079,30484,864,69823,California
Placer,2021-02-21,949,101327,726,56998,223,44329,0,0,260,38914,686,31170,261,70084,California
Placer,2021-02-22,2476,103803,1751,58749,725,45054,0,0,588,37616,1886,33056,588,70672,California
Placer,2021-02-23,2481,106284,1550,60299,931,45985,0,0,868,36874,1610,34666,868,71540,California
Placer,2021-02-24,3183,109467,1152,61451,2031,48016,0,0,1750,37201,1425,36091,1752,73292,California
Placer,2021-02-25,3383,112850,1387,62838,1996,50012,0,0,1778,37385,1599,37690,1783,75075,California
Placer,2021-02-26,4006,116856,2369,65207,1637,51649,0,0,2308,38001,1693,39383,2309,77384,California
Placer,2021-02-27,2778,119634,1466,66673,1312,52961,0,0,1441,38112,1331,40714,1442,78826,California
Placer,2021-02-28,1380,121014,792,67465,588,53549,0,0,573,37884,801,41515,573,79399,California
Placer,2021-03-01,2940,123954,1975,69440,965,54514,0,0,1499,37948,1436,42951,1500,80899,California
Placer,2021-03-02,2792,126746,1754,71194,1038,55552,0,0,1834,38834,952,43903,1838,82737,California
Placer,2021-03-03,2974,129720,1290,72484,1684,57236,0,0,1575,39015,1394,45297,1575,84312,California
Placer,2021-03-04,3165,132885,1202,73686,1963,59199,0,0,1624,39108,1531,46828,1624,85936,California
Placer,2021-03-05,2572,135457,802,74488,1749,60948,21,21,1493,39549,1074,47902,1515,87451,California
Placer,2021-03-06,2223,137680,1392,75880,760,61708,71,92,793,38990,1425,49327,866,88317,California
Placer,2021-03-07,1259,138939,745,76625,480,62188,34,126,502,38772,754,50081,536,88853,California
Placer,2021-03-08,2702,141641,1719,78344,880,63068,103,229,1496,39168,1204,51285,1600,90453,California
Placer,2021-03-09,2999,144640,1602,79946,1304,64372,93,322,1676,39618,1320,52605,1770,92223,California
Placer,2021-03-10,3006,147646,1221,81167,1704,66076,81,403,1496,39689,1505,54110,1576,93799,California
Placer,2021-03-11,3288,150934,1464,82631,1706,67782,118,521,1518,39564,1764,55874,1639,95438,California
Placer,2021-03-12,3250,154184,1371,84002,1170,68952,709,1230,1051,39131,2195,58069,1762,97200,California
Placer,2021-03-13,1884,156068,700,84702,1074,70026,110,1340,1052,39465,829,58898,1163,98363,California
Placer,2021-03-14,1474,157542,661,85363,683,70709,130,1470,838,39798,634,59532,967,99330,California
Placer,2021-03-15,3021,160563,1453,86816,1440,72149,128,1598,1630,40175,1383,60915,1760,101090,California
Placer,2021-03-16,3404,163967,1808,88624,1460,73609,136,1734,2151,41219,1243,62158,2287,103377,California
Placer,2021-03-17,3164,167131,1601,90225,1470,75079,93,1827,2011,42176,1149,63307,2106,105483,California
Placer,2021-03-18,3013,170144,1675,91900,1303,76382,35,1862,2150,43501,860,64167,2185,107668,California
Placer,2021-03-19,2774,172918,1692,93592,861,77243,221,2083,1708,44370,1060,65227,1929,109597,California
Placer,2021-03-20,1443,174361,641,94233,746,77989,56,2139,857,44700,584,65811,914,110511,California
Placer,2021-03-21,1201,175562,571,94804,623,78612,7,2146,918,45344,281,66092,925,111436,California
Placer,2021-03-22,3115,178677,1994,96798,1021,79633,100,2246,2048,46435,1063,67155,2154,113590,California
Placer,2021-03-23,3321,181998,1970,98768,1264,80897,87,2333,2354,47914,962,68117,2441,116031,California
Placer,2021-03-24,3577,185575,1918,100686,1563,82460,96,2429,1836,48158,1728,69845,1972,118003,California
Placer,2021-03-25,3632,189207,1741,102427,1799,84259,92,2521,1638,47981,1984,71829,1807,119810,California
Placer,2021-03-26,3608,192815,1612,104039,1776,86035,220,2741,1531,47791,2068,73897,1878,121688,California
Placer,2021-03-27,1558,194373,454,104493,1083,87118,21,2762,661,47602,893,74790,704,122392,California
Placer,2021-03-28,1020,195393,470,104963,539,87657,11,2773,351,47297,667,75457,362,122754,California
Placer,2021-03-29,3304,198697,1839,106802,1433,89090,32,2805,1577,47204,1714,77171,1621,124375,California
Placer,2021-03-30,3718,202415,1956,108758,1717,90807,45,2850,1933,47428,1773,78944,1997,126372,California
Placer,2021-03-31,3850,206265,1748,110506,2029,92836,73,2923,1619,47022,2226,81170,1820,128192,California
Placer,2021-04-01,2544,208809,1274,111780,1230,94066,40,2963,1373,47392,1168,82338,1538,129730,California
Placer,2021-04-02,1692,210501,975,112755,681,94747,36,2999,977,47805,713,83051,1126,130856,California
Plumas,2020-12-18,4,4,4,4,0,0,0,0,4,4,0,0,4,4,California
Plumas,2020-12-19,1,5,1,5,0,0,0,0,1,5,0,0,1,5,California
Plumas,2020-12-21,45,50,45,50,0,0,0,0,45,50,0,0,45,50,California
Plumas,2020-12-22,92,142,92,142,0,0,0,0,92,142,0,0,92,142,California
Plumas,2020-12-23,50,192,50,192,0,0,0,0,50,192,0,0,50,192,California
Plumas,2020-12-24,6,198,6,198,0,0,0,0,6,198,0,0,6,198,California
Plumas,2020-12-28,8,206,0,198,8,8,0,0,8,206,0,0,8,206,California
Plumas,2020-12-29,32,238,22,220,10,18,0,0,32,238,0,0,32,238,California
Plumas,2020-12-30,22,260,1,221,21,39,0,0,22,260,0,0,22,260,California
Plumas,2020-12-31,4,264,1,222,3,42,0,0,4,264,0,0,4,264,California
Plumas,2021-01-04,9,273,3,225,6,48,0,0,9,273,0,0,9,273,California
Plumas,2021-01-05,23,296,2,227,21,69,0,0,22,295,0,0,22,295,California
Plumas,2021-01-06,125,421,6,233,119,188,0,0,125,420,0,0,125,420,California
Plumas,2021-01-07,55,476,2,235,53,241,0,0,54,473,1,1,54,474,California
Plumas,2021-01-08,12,488,5,240,7,248,0,0,8,477,4,5,8,482,California
Plumas,2021-01-09,2,490,2,242,0,248,0,0,1,477,1,6,1,483,California
Plumas,2021-01-11,59,549,50,292,9,257,0,0,12,442,47,53,12,495,California
Plumas,2021-01-12,154,703,86,378,68,325,0,0,70,428,84,137,70,565,California
Plumas,2021-01-13,55,758,50,428,5,330,0,0,9,391,46,183,9,574,California
Plumas,2021-01-14,96,854,14,442,82,412,0,0,91,477,5,188,91,665,California
Plumas,2021-01-15,62,916,7,449,55,467,0,0,60,535,2,190,60,725,California
Plumas,2021-01-16,58,974,1,450,57,524,0,0,58,593,0,190,58,783,California
Plumas,2021-01-18,3,977,2,452,1,525,0,0,3,596,0,190,3,786,California
Plumas,2021-01-19,37,1014,6,458,31,556,0,0,33,625,4,194,33,819,California
Plumas,2021-01-20,121,1135,3,461,118,674,0,0,119,742,2,196,119,938,California
Plumas,2021-01-21,112,1247,2,463,110,784,0,0,112,854,0,196,112,1050,California
Plumas,2021-01-22,3,1250,0,463,3,787,0,0,3,857,0,196,3,1053,California
Plumas,2021-01-23,92,1342,1,464,91,878,0,0,92,949,0,196,92,1145,California
Plumas,2021-01-24,1,1343,1,465,0,878,0,0,1,950,0,196,1,1146,California
Plumas,2021-01-25,8,1351,5,470,3,881,0,0,5,952,3,199,5,1151,California
Plumas,2021-01-26,60,1411,2,472,58,939,0,0,52,996,8,207,52,1203,California
Plumas,2021-01-27,25,1436,20,492,5,944,0,0,5,981,20,227,5,1208,California
Plumas,2021-01-28,23,1459,0,492,23,967,0,0,21,1000,2,229,21,1229,California
Plumas,2021-01-29,7,1466,2,494,5,972,0,0,6,1005,1,230,6,1235,California
Plumas,2021-01-30,7,1473,4,498,3,975,0,0,6,1010,1,231,6,1241,California
Plumas,2021-01-31,3,1476,3,501,0,975,0,0,3,1013,0,231,3,1244,California
Plumas,2021-02-01,15,1491,2,503,13,988,0,0,7,1012,8,239,7,1251,California
Plumas,2021-02-02,20,1511,1,504,19,1007,0,0,1,994,19,258,1,1252,California
Plumas,2021-02-03,126,1637,5,509,121,1128,0,0,12,893,113,371,12,1264,California
Plumas,2021-02-04,102,1739,8,517,94,1222,0,0,23,837,79,450,23,1287,California
Plumas,2021-02-05,25,1764,11,528,14,1236,0,0,9,830,16,466,9,1296,California
Plumas,2021-02-06,8,1772,1,529,7,1243,0,0,8,838,0,466,8,1304,California
Plumas,2021-02-08,17,1789,9,538,8,1251,0,0,4,829,13,479,4,1308,California
Plumas,2021-02-09,170,1959,1,539,169,1420,0,0,111,881,59,538,111,1419,California
Plumas,2021-02-10,91,2050,8,547,83,1503,0,0,83,956,8,546,83,1502,California
Plumas,2021-02-11,321,2371,6,553,315,1818,0,0,262,1159,59,605,262,1764,California
Plumas,2021-02-12,121,2492,3,556,118,1936,0,0,117,1272,4,609,117,1881,California
Plumas,2021-02-13,72,2564,3,559,69,2005,0,0,13,1226,59,668,13,1894,California
Plumas,2021-02-14,7,2571,4,563,3,2008,0,0,7,1233,0,668,7,1901,California
Plumas,2021-02-15,25,2596,3,566,22,2030,0,0,24,1256,1,669,24,1925,California
Plumas,2021-02-16,74,2670,4,570,70,2100,0,0,13,1208,61,730,13,1938,California
Plumas,2021-02-17,136,2806,5,575,131,2231,0,0,11,1094,125,855,11,1949,California
Plumas,2021-02-18,126,2932,6,581,120,2351,0,0,18,1004,108,963,18,1967,California
Plumas,2021-02-19,39,2971,3,584,36,2387,0,0,5,975,34,997,5,1972,California
Plumas,2021-02-20,103,3074,6,590,97,2484,0,0,11,894,92,1089,11,1983,California
Plumas,2021-02-21,6,3080,5,595,1,2485,0,0,2,892,4,1093,2,1985,California
Plumas,2021-02-22,3,3083,1,596,2,2487,0,0,0,889,3,1096,0,1985,California
Plumas,2021-02-23,20,3103,3,599,17,2504,0,0,13,895,7,1103,13,1998,California
Plumas,2021-02-24,453,3556,5,604,448,2952,0,0,443,1328,10,1113,443,2441,California
Plumas,2021-02-25,226,3782,7,611,219,3171,0,0,166,1434,60,1173,166,2607,California
Plumas,2021-02-26,259,4041,5,616,254,3425,0,0,255,1685,4,1177,255,2862,California
Plumas,2021-02-27,42,4083,6,622,36,3461,0,0,34,1711,8,1185,34,2896,California
Plumas,2021-02-28,1,4084,0,622,1,3462,0,0,1,1712,0,1185,1,2897,California
Plumas,2021-03-01,11,4095,4,626,7,3469,0,0,7,1715,4,1189,7,2904,California
Plumas,2021-03-02,9,4104,0,626,9,3478,0,0,6,1718,3,1192,6,2910,California
Plumas,2021-03-03,137,4241,8,634,129,3607,0,0,124,1829,13,1205,124,3034,California
Plumas,2021-03-04,219,4460,8,642,211,3818,0,0,199,2008,20,1225,199,3233,California
Plumas,2021-03-05,375,4835,5,647,364,4182,6,6,365,2369,10,1235,371,3604,California
Plumas,2021-03-06,16,4851,1,648,7,4189,8,14,3,2367,13,1248,11,3615,California
Plumas,2021-03-07,10,4861,1,649,1,4190,8,22,1,2367,9,1257,9,3624,California
Plumas,2021-03-08,33,4894,6,655,3,4193,24,46,6,2370,27,1284,30,3654,California
Plumas,2021-03-09,130,5024,2,657,115,4308,13,59,17,2287,113,1397,30,3684,California
Plumas,2021-03-10,199,5223,2,659,195,4503,2,61,75,2240,124,1521,77,3761,California
Plumas,2021-03-11,157,5380,5,664,147,4650,5,66,122,2332,35,1556,127,3888,California
Plumas,2021-03-12,526,5906,3,667,276,4926,247,313,17,2087,509,2065,264,4152,California
Plumas,2021-03-13,21,5927,5,672,4,4930,12,325,3,2085,18,2083,16,4168,California
Plumas,2021-03-14,11,5938,2,674,4,4934,5,330,2,2083,9,2092,7,4175,California
Plumas,2021-03-15,30,5968,1,675,23,4957,6,336,5,2069,25,2117,11,4186,California
Plumas,2021-03-16,28,5996,3,678,24,4981,1,337,18,2078,10,2127,19,4205,California
Plumas,2021-03-17,80,6076,13,691,66,5047,1,338,67,2133,13,2140,68,4273,California
Plumas,2021-03-18,50,6126,5,696,30,5077,15,353,7,2112,43,2183,22,4295,California
Plumas,2021-03-19,126,6252,1,697,124,5201,1,354,120,2229,5,2188,122,4417,California
Plumas,2021-03-20,16,6268,4,701,11,5212,1,355,10,2234,6,2194,11,4428,California
Plumas,2021-03-21,2,6270,2,703,0,5212,0,355,2,2236,0,2194,2,4430,California
Plumas,2021-03-22,160,6430,4,707,156,5368,0,355,153,2382,7,2201,153,4583,California
Plumas,2021-03-23,25,6455,1,708,24,5392,0,355,13,2383,12,2213,13,4596,California
Plumas,2021-03-24,608,7063,7,715,600,5992,1,356,181,2138,427,2640,182,4778,California
Plumas,2021-03-25,187,7250,6,721,179,6171,2,358,48,2047,139,2779,48,4826,California
Plumas,2021-03-26,312,7562,8,729,303,6474,1,359,46,1829,266,3045,48,4874,California
Plumas,2021-03-27,12,7574,1,730,10,6484,1,360,4,1826,8,3053,5,4879,California
Plumas,2021-03-28,3,7577,1,731,1,6485,1,361,1,1826,2,3055,2,4881,California
Plumas,2021-03-29,16,7593,5,736,9,6494,2,363,4,1820,12,3067,6,4887,California
Plumas,2021-03-30,148,7741,4,740,143,6637,1,364,23,1728,125,3192,33,4920,California
Plumas,2021-03-31,275,8016,5,745,269,6906,1,365,255,1964,20,3212,256,5176,California
Plumas,2021-04-01,283,8299,9,754,274,7180,0,365,56,1819,227,3439,82,5258,California
Plumas,2021-04-02,165,8464,4,758,161,7341,0,365,20,1705,138,3577,24,5282,California
Riverside,2020-12-15,4,4,4,4,0,0,0,0,4,4,0,0,4,4,California
Riverside,2020-12-16,65,69,65,69,0,0,0,0,65,69,0,0,65,69,California
Riverside,2020-12-17,803,872,803,872,0,0,0,0,803,872,0,0,803,872,California
Riverside,2020-12-18,1723,2595,1721,2593,2,2,0,0,1723,2595,0,0,1723,2595,California
Riverside,2020-12-19,1021,3616,1019,3612,2,4,0,0,1019,3613,1,1,1019,3614,California
Riverside,2020-12-20,1082,4698,1081,4693,1,5,0,0,1082,4695,0,1,1082,4696,California
Riverside,2020-12-21,2271,6969,2269,6962,2,7,0,0,2271,6966,0,1,2271,6967,California
Riverside,2020-12-22,2245,9214,2206,9168,39,46,0,0,2244,9210,0,1,2244,9211,California
Riverside,2020-12-23,2119,11333,1783,10951,336,382,0,0,2120,11330,0,1,2120,11331,California
Riverside,2020-12-24,827,12160,624,11575,203,585,0,0,827,12157,0,1,827,12158,California
Riverside,2020-12-25,28,12188,5,11580,23,608,0,0,28,12185,0,1,28,12186,California
Riverside,2020-12-26,402,12590,258,11838,144,752,0,0,402,12587,0,1,402,12588,California
Riverside,2020-12-27,362,12952,244,12082,118,870,0,0,362,12949,0,1,362,12950,California
Riverside,2020-12-28,1621,14573,1124,13206,497,1367,0,0,1621,14570,0,1,1621,14571,California
Riverside,2020-12-29,1735,16308,970,14176,765,2132,0,0,1735,16305,0,1,1735,16306,California
Riverside,2020-12-30,2563,18871,1678,15854,885,3017,0,0,2562,18867,0,1,2562,18868,California
Riverside,2020-12-31,1019,19890,395,16249,624,3641,0,0,1021,19888,0,1,1021,19889,California
Riverside,2021-01-01,99,19989,35,16284,64,3705,0,0,99,19987,0,1,99,19988,California
Riverside,2021-01-02,826,20815,690,16974,136,3841,0,0,826,20813,0,1,826,20814,California
Riverside,2021-01-03,344,21159,298,17272,46,3887,0,0,343,21156,0,1,343,21157,California
Riverside,2021-01-04,1253,22412,793,18065,460,4347,0,0,1253,22409,0,1,1253,22410,California
Riverside,2021-01-05,1979,24391,1361,19426,618,4965,0,0,1882,24200,91,92,1882,24292,California
Riverside,2021-01-06,2460,26851,1096,20522,1364,6329,0,0,2154,26053,302,394,2155,26447,California
Riverside,2021-01-07,2752,29603,1810,22332,942,7271,0,0,1693,26697,1055,1449,1699,28146,California
Riverside,2021-01-08,4022,33625,2926,25258,1096,8367,0,0,2220,27120,1798,3247,2221,30367,California
Riverside,2021-01-09,2075,35700,846,26104,1229,9596,0,0,1730,28507,343,3590,1730,32097,California
Riverside,2021-01-10,1660,37360,732,26836,928,10524,0,0,1057,28961,603,4193,1057,33154,California
Riverside,2021-01-11,4493,41853,3089,29925,1404,11928,0,0,2767,30006,1724,5917,2769,35923,California
Riverside,2021-01-12,3389,45242,2717,32642,672,12600,0,0,1706,30035,1678,7595,1707,37630,California
Riverside,2021-01-13,4378,49620,2867,35509,1511,14111,0,0,2780,31220,1595,9190,2780,40410,California
Riverside,2021-01-14,5432,55052,1857,37366,3575,17686,0,0,4848,35484,584,9774,4848,45258,California
Riverside,2021-01-15,6126,61178,2092,39458,4034,21720,0,0,5837,41034,288,10062,5838,51096,California
Riverside,2021-01-16,3616,64794,1015,40473,2601,24321,0,0,3370,44159,246,10308,3371,54467,California
Riverside,2021-01-17,3600,68394,579,41052,3021,27342,0,0,3405,47370,194,10502,3405,57872,California
Riverside,2021-01-18,3701,72095,2004,43056,1697,29039,0,0,2697,49063,1004,11506,2697,60569,California
Riverside,2021-01-19,7384,79479,2633,45689,4751,33790,0,0,6268,54218,1116,12622,6271,66840,California
Riverside,2021-01-20,7945,87424,2860,48549,5085,38875,0,0,6468,59220,1468,14090,6470,73310,California
Riverside,2021-01-21,8203,95627,3363,51912,4840,43715,0,0,7589,66193,616,14706,7589,80899,California
Riverside,2021-01-22,8674,104301,2964,54876,5710,49425,0,0,8244,74009,429,15135,8245,89144,California
Riverside,2021-01-23,5927,110228,2394,57270,3533,52958,0,0,5201,78485,726,15861,5202,94346,California
Riverside,2021-01-24,3039,113267,1431,58701,1608,54566,0,0,2828,81105,209,16070,2829,97175,California
Riverside,2021-01-25,7857,121124,4534,63235,3323,57889,0,0,6734,86725,1121,17191,6741,103916,California
Riverside,2021-01-26,9072,130196,5721,68956,3351,61240,0,0,7565,92791,1505,18696,7571,111487,California
Riverside,2021-01-27,10500,140696,6182,75138,4318,65558,0,0,8998,100292,1499,20195,9000,120487,California
Riverside,2021-01-28,11384,152080,6709,81847,4675,70233,0,0,10233,109384,1143,21338,10235,130722,California
Riverside,2021-01-29,11835,163915,7225,89072,4610,74843,0,0,10470,118521,1338,22676,10475,141197,California
Riverside,2021-01-30,9031,172946,4600,93672,4431,79274,0,0,8583,126660,446,23122,8585,149782,California
Riverside,2021-01-31,5164,178110,4262,97934,902,80176,0,0,5036,131574,125,23247,5039,154821,California
Riverside,2021-02-01,10818,188928,6686,104620,4132,84308,0,0,9049,138863,1764,25011,9053,163874,California
Riverside,2021-02-02,9396,198324,4775,109395,4621,88929,0,0,7922,145321,1467,26478,7925,171799,California
Riverside,2021-02-03,12021,210345,4988,114383,7033,95962,0,0,9796,152903,2214,28692,9796,181595,California
Riverside,2021-02-04,13546,223891,6068,120451,7478,103440,0,0,11461,162295,2078,30770,11470,193065,California
Riverside,2021-02-05,14314,238205,5400,125851,8914,112354,0,0,11286,170567,3021,33791,11293,204358,California
Riverside,2021-02-06,7255,245460,4281,130132,2974,115328,0,0,5628,174577,1621,35412,5631,209989,California
Riverside,2021-02-07,2204,247664,812,130944,1392,116720,0,0,1893,176160,311,35723,1894,211883,California
Riverside,2021-02-08,12467,260131,5536,136480,6931,123651,0,0,10192,184099,2257,37980,10196,222079,California
Riverside,2021-02-09,9653,269784,4518,140998,5135,128786,0,0,7745,189951,1899,39879,7751,229830,California
Riverside,2021-02-10,12030,281814,6998,147996,5032,133818,0,0,8931,195800,3090,42969,8939,238769,California
Riverside,2021-02-11,16494,298308,9026,157022,7468,141286,0,0,12149,203637,4326,47295,12163,250932,California
Riverside,2021-02-12,17640,315948,10819,167841,6821,148107,0,0,12806,211659,4796,52091,12818,263750,California
Riverside,2021-02-13,6314,322262,2116,169957,4198,152305,0,0,3078,211540,3220,55311,3101,266851,California
Riverside,2021-02-14,4947,327209,1146,171103,3801,156106,0,0,2194,210986,2749,58060,2195,269046,California
Riverside,2021-02-15,9794,337003,4985,176088,4809,160915,0,0,5400,212006,4387,62447,5407,274453,California
Riverside,2021-02-16,16147,353150,10160,186248,5987,166902,0,0,9305,214494,6834,69281,9322,283775,California
Riverside,2021-02-17,14969,368119,8181,194429,6788,173690,0,0,7549,214642,7408,76689,7556,291331,California
Riverside,2021-02-18,15402,383521,8880,203309,6522,180212,0,0,8000,215268,7385,84074,8011,299342,California
Riverside,2021-02-19,15201,398722,8177,211486,7024,187236,0,0,7185,214470,7997,92071,7199,306541,California
Riverside,2021-02-20,7918,406640,4128,215614,3790,191026,0,0,2054,210677,5850,97921,2057,308598,California
Riverside,2021-02-21,3321,409961,2818,218432,503,191529,0,0,1030,209426,2281,100202,1030,309628,California
Riverside,2021-02-22,12201,422162,7619,226051,4582,196111,0,0,5046,207332,7145,107347,5051,314679,California
Riverside,2021-02-23,11061,433223,7551,233602,3510,199621,0,0,5435,207171,5603,112950,5442,320121,California
Riverside,2021-02-24,14710,447933,8045,241647,6665,206286,0,0,6408,205352,8261,121211,6442,326563,California
Riverside,2021-02-25,17082,465015,7287,248934,9795,216081,0,0,7955,204236,9107,130318,7991,334554,California
Riverside,2021-02-26,18177,483192,6682,255616,11495,227576,0,0,9070,204288,9054,139372,9106,343660,California
Riverside,2021-02-27,11270,494462,4896,260512,6374,233950,0,0,5647,204377,5591,144963,5680,349340,California
Riverside,2021-02-28,4630,499092,3005,263517,1625,235575,0,0,2417,204600,2203,147166,2426,351766,California
Riverside,2021-03-01,14101,513193,6021,269538,8079,243654,1,1,8320,207231,5753,152919,8384,360150,California
Riverside,2021-03-02,14698,527891,7219,276757,7478,251132,1,2,8710,210022,5959,158878,8750,368900,California
Riverside,2021-03-03,16124,544015,7895,284652,8229,259361,0,2,6779,207635,9300,168178,6913,375813,California
Riverside,2021-03-04,15206,559221,5601,290253,9601,268962,4,6,7372,207361,7792,175970,7518,383331,California
Riverside,2021-03-05,14990,574211,6216,296469,8740,277702,34,40,7682,208091,7264,183234,7994,391325,California
Riverside,2021-03-06,8116,582327,4197,300666,3486,281188,433,473,4166,208783,3937,187171,4629,395954,California
Riverside,2021-03-07,3925,586252,2636,303302,917,282105,372,845,1861,208971,2056,189227,2244,398198,California
Riverside,2021-03-08,9820,596072,4465,307767,4990,287095,365,1210,4107,207783,5699,194926,4511,402709,California
Riverside,2021-03-09,12574,608646,5912,313679,6214,293309,448,1658,5030,205847,7529,202455,5593,408302,California
Riverside,2021-03-10,12636,621282,6384,320063,5462,298771,790,2448,5005,204175,7599,210054,5927,414229,California
Riverside,2021-03-11,16128,637410,7945,328008,6721,305492,1462,3910,6286,202287,9811,219865,7923,422152,California
Riverside,2021-03-12,17478,654888,6655,334663,6821,312313,4002,7912,5729,200553,11725,231590,9991,432143,California
Riverside,2021-03-13,6748,661636,1934,336597,3739,316052,1075,8987,3580,202141,3154,234744,4742,436885,California
Riverside,2021-03-14,3650,665286,1245,337842,1161,317213,1244,10231,1613,202969,2030,236774,2858,439743,California
Riverside,2021-03-15,17918,683204,7598,345440,8708,325921,1612,11843,8609,204007,9276,246050,10314,450057,California
Riverside,2021-03-16,20244,703448,9701,355141,9706,335627,837,12680,10810,206346,9382,255432,11721,461778,California
Riverside,2021-03-17,20020,723468,10374,365515,8628,344255,1018,13698,11717,210870,8274,263706,12798,474576,California
Riverside,2021-03-18,18432,741900,9652,375167,7286,351541,1494,15192,9904,213792,8489,272195,11411,485987,California
Riverside,2021-03-19,20026,761926,10879,386046,8248,359789,899,16091,11628,218117,8359,280554,12684,498671,California
Riverside,2021-03-20,7907,769833,4854,390900,2081,361870,972,17063,4982,221169,2905,283459,5957,504628,California
Riverside,2021-03-21,3495,773328,2727,393627,534,362404,234,17297,2375,222673,1110,284569,2614,507242,California
Riverside,2021-03-22,16070,789398,9578,403205,5956,368360,536,17833,10165,227512,5868,290437,10707,517949,California
Riverside,2021-03-23,17944,807342,10100,413305,7438,375798,406,18239,11508,233079,6381,296818,11948,529897,California
Riverside,2021-03-24,17979,825321,9961,423266,7888,383686,130,18369,12397,240086,5544,302362,12551,542448,California
Riverside,2021-03-25,20323,845644,11152,434418,8990,392676,181,18550,13696,247523,6571,308933,14008,556456,California
Riverside,2021-03-26,23071,868715,11234,445652,11680,404356,157,18707,14346,253523,8642,317575,14642,571098,California
Riverside,2021-03-27,8694,877409,4399,450051,3271,407627,1024,19731,4343,254610,4334,321909,5421,576519,California
Riverside,2021-03-28,4465,881874,2867,452918,1510,409137,88,19819,2658,255588,1800,323709,2778,579297,California
Riverside,2021-03-29,14769,896643,7356,460274,7296,416433,117,19936,9385,259834,5354,329063,9600,588897,California
Riverside,2021-03-30,16001,912644,7762,468036,8037,424470,202,20138,10388,264898,5580,334643,10644,599541,California
Riverside,2021-03-31,16318,928962,7369,475405,8664,433134,285,20423,10527,270077,5748,340391,10927,610468,California
Riverside,2021-04-01,22167,951129,10386,485791,11454,444588,327,20750,14981,278510,7147,347538,15580,626048,California
Riverside,2021-04-02,16898,968027,9279,495070,7211,451799,408,21158,10542,283971,6324,353862,11785,637833,California
Sacramento,2020-12-15,314,314,314,314,0,0,0,0,314,314,0,0,314,314,California
Sacramento,2020-12-16,645,959,645,959,0,0,0,0,645,959,0,0,645,959,California
Sacramento,2020-12-17,648,1607,648,1607,0,0,0,0,648,1607,0,0,648,1607,California
Sacramento,2020-12-18,971,2578,968,2575,3,3,0,0,971,2578,0,0,971,2578,California
Sacramento,2020-12-19,615,3193,615,3190,0,3,0,0,615,3193,0,0,615,3193,California
Sacramento,2020-12-20,633,3826,633,3823,0,3,0,0,633,3826,0,0,633,3826,California
Sacramento,2020-12-21,1672,5498,1671,5494,1,4,0,0,1673,5499,0,0,1673,5499,California
Sacramento,2020-12-22,2095,7593,2064,7558,31,35,0,0,2095,7594,0,0,2095,7594,California
Sacramento,2020-12-23,2239,9832,2075,9633,164,199,0,0,2239,9833,0,0,2239,9833,California
Sacramento,2020-12-24,1044,10876,832,10465,212,411,0,0,1043,10875,1,1,1043,10876,California
Sacramento,2020-12-25,1,10877,0,10465,1,412,0,0,1,10876,0,1,1,10877,California
Sacramento,2020-12-26,508,11385,291,10756,217,629,0,0,508,11384,0,1,508,11385,California
Sacramento,2020-12-27,349,11734,247,11003,102,731,0,0,349,11733,0,1,349,11734,California
Sacramento,2020-12-28,1899,13633,1321,12324,578,1309,0,0,1898,13630,1,2,1898,13632,California
Sacramento,2020-12-29,1943,15576,1185,13509,758,2067,0,0,1943,15573,0,2,1943,15575,California
Sacramento,2020-12-30,2556,18132,1462,14971,1094,3161,0,0,2557,18130,0,2,2557,18132,California
Sacramento,2020-12-31,1216,19348,690,15661,526,3687,0,0,1216,19346,0,2,1216,19348,California
Sacramento,2021-01-01,69,19417,60,15721,9,3696,0,0,69,19415,0,2,69,19417,California
Sacramento,2021-01-02,566,19983,362,16083,204,3900,0,0,566,19981,0,2,566,19983,California
Sacramento,2021-01-03,409,20392,221,16304,188,4088,0,0,409,20390,0,2,409,20392,California
Sacramento,2021-01-04,1965,22357,848,17152,1117,5205,0,0,1961,22348,3,5,1961,22353,California
Sacramento,2021-01-05,2197,24554,988,18140,1209,6414,0,0,1850,23850,348,353,1850,24203,California
Sacramento,2021-01-06,2728,27282,1630,19770,1098,7512,0,0,1952,25029,773,1126,1952,26155,California
Sacramento,2021-01-07,2821,30103,1506,21276,1315,8827,0,0,1957,26125,862,1988,1958,28113,California
Sacramento,2021-01-08,3278,33381,2087,23363,1191,10018,0,0,2245,27341,1030,3018,2246,30359,California
Sacramento,2021-01-09,1287,34668,800,24163,487,10505,0,0,897,27850,388,3406,897,31256,California
Sacramento,2021-01-10,1242,35910,711,24874,531,11036,0,0,771,28152,470,3876,772,32028,California
Sacramento,2021-01-11,4326,40236,2939,27813,1387,12423,0,0,2407,28642,1918,5794,2408,34436,California
Sacramento,2021-01-12,4396,44632,3021,30834,1375,13798,0,0,2438,29123,1957,7751,2438,36874,California
Sacramento,2021-01-13,3764,48396,2160,32994,1604,15402,0,0,2352,30065,1411,9162,2353,39227,California
Sacramento,2021-01-14,4570,52966,2346,35340,2224,17626,0,0,3652,32803,914,10076,3652,42879,California
Sacramento,2021-01-15,4392,57358,2269,37609,2123,19749,0,0,3665,35746,725,10801,3668,46547,California
Sacramento,2021-01-16,2091,59449,1293,38902,798,20547,0,0,1874,37403,217,11018,1874,48421,California
Sacramento,2021-01-17,1633,61082,952,39854,681,21228,0,0,1456,38684,177,11195,1458,49879,California
Sacramento,2021-01-18,2847,63929,1763,41617,1084,22312,0,0,2324,40486,523,11718,2325,52204,California
Sacramento,2021-01-19,4598,68527,3050,44667,1548,23860,0,0,3337,42568,1261,12979,3343,55547,California
Sacramento,2021-01-20,4750,73277,2813,47480,1937,25797,0,0,3546,44911,1206,14185,3549,59096,California
Sacramento,2021-01-21,5168,78445,2982,50462,2186,27983,0,0,4205,48160,957,15142,4206,63302,California
Sacramento,2021-01-22,4958,83403,2637,53099,2321,30304,0,0,4653,52510,303,15445,4653,67955,California
Sacramento,2021-01-23,3722,87125,1557,54656,2165,32469,0,0,3268,55324,454,15899,3268,71223,California
Sacramento,2021-01-24,1551,88676,974,55630,577,33046,0,0,1314,56401,237,16136,1314,72537,California
Sacramento,2021-01-25,4337,93013,2112,57742,2225,35271,0,0,2920,57909,1417,17553,2925,75462,California
Sacramento,2021-01-26,4675,97688,2128,59870,2547,37818,0,0,3474,60188,1199,18752,3478,78940,California
Sacramento,2021-01-27,5783,103471,3043,62913,2740,40558,0,0,4182,62775,1597,20349,4184,83124,California
Sacramento,2021-01-28,5328,108799,2700,65613,2628,43186,0,0,4244,65937,1083,21432,4245,87369,California
Sacramento,2021-01-29,5355,114154,2928,68541,2427,45613,0,0,4339,69269,1010,22442,4342,91711,California
Sacramento,2021-01-30,4482,118636,2187,70728,2295,47908,0,0,4053,72893,429,22871,4053,95764,California
Sacramento,2021-01-31,2284,120920,1996,72724,288,48196,0,0,2003,74619,278,23149,2004,97768,California
Sacramento,2021-02-01,5883,126803,3002,75726,2881,51077,0,0,4232,77203,1649,24798,4233,102001,California
Sacramento,2021-02-02,6807,133610,3738,79464,3069,54146,0,0,4750,79904,2050,26848,4751,106752,California
Sacramento,2021-02-03,7040,140650,3539,83003,3501,57647,0,0,5191,83257,1840,28688,5193,111945,California
Sacramento,2021-02-04,7666,148316,3619,86622,4047,61694,0,0,5470,86541,2186,30874,5470,117415,California
Sacramento,2021-02-05,7695,156011,4355,90977,3340,65034,0,0,4797,88463,2877,33751,4799,122214,California
Sacramento,2021-02-06,8385,164396,3426,94403,4959,69993,0,0,7060,94201,1323,35074,7061,129275,California
Sacramento,2021-02-07,4004,168400,2126,96529,1878,71871,0,0,2786,95777,1211,36285,2787,132062,California
Sacramento,2021-02-08,6168,174568,3187,99716,2981,74852,0,0,3864,97342,2300,38585,3865,135927,California
Sacramento,2021-02-09,6706,181274,3511,103227,3195,78047,0,0,3921,98483,2780,41365,3921,139848,California
Sacramento,2021-02-10,7587,188861,4173,107400,3414,81461,0,0,4481,99873,3094,44459,4484,144332,California
Sacramento,2021-02-11,8637,197498,4950,112350,3687,85148,0,0,4694,100638,3930,48389,4695,149027,California
Sacramento,2021-02-12,10370,207868,4122,116472,6248,91396,0,0,6238,102781,4097,52486,6240,155267,California
Sacramento,2021-02-13,7518,215386,2972,119444,4546,95942,0,0,5945,107155,1571,54057,5945,161212,California
Sacramento,2021-02-14,3008,218394,1896,121340,1112,97054,0,0,1993,108141,1012,55069,1998,163210,California
Sacramento,2021-02-15,5665,224059,2020,123360,3645,100699,0,0,3905,110298,1753,56822,3910,167120,California
Sacramento,2021-02-16,8816,232875,4190,127550,4626,105325,0,0,5261,112016,3548,60370,5266,172386,California
Sacramento,2021-02-17,8641,241516,4967,132517,3674,108999,0,0,5033,113454,3598,63968,5036,177422,California
Sacramento,2021-02-18,8739,250255,5011,137528,3728,112727,0,0,5010,114745,3722,67690,5013,182435,California
Sacramento,2021-02-19,9968,260223,6119,143647,3849,116576,0,0,5889,116573,4065,71755,5893,188328,California
Sacramento,2021-02-20,7278,267501,5332,148979,1946,118522,0,0,4242,117787,3029,74784,4243,192571,California
Sacramento,2021-02-21,2754,270255,2191,151170,563,119085,0,0,933,116907,1815,76599,935,193506,California
Sacramento,2021-02-22,6110,276365,3708,154878,2402,121487,0,0,2636,116082,3467,80066,2642,196148,California
Sacramento,2021-02-23,6871,283236,4385,159263,2486,123973,0,0,3422,116070,3436,83502,3424,199572,California
Sacramento,2021-02-24,9264,292500,5252,164515,4012,127985,0,0,5067,116964,4178,87680,5072,204644,California
Sacramento,2021-02-25,9632,302132,5325,169840,4307,132292,0,0,5282,117908,4339,92019,5283,209927,California
Sacramento,2021-02-26,13359,315491,6392,176232,6967,139259,0,0,9200,122981,4130,96149,9203,219130,California
Sacramento,2021-02-27,10498,325989,6506,182738,3992,143251,0,0,7717,127935,2766,98915,7720,226850,California
Sacramento,2021-02-28,5419,331408,2121,184859,3298,146549,0,0,2491,127516,2915,101830,2496,229346,California
Sacramento,2021-03-01,7724,339132,3376,188235,4348,150897,0,0,4088,127991,3617,105447,4092,233438,California
Sacramento,2021-03-02,8608,347740,3933,192168,4674,155571,1,1,5348,130097,3248,108695,5354,238792,California
Sacramento,2021-03-03,9402,357142,4590,196758,4810,160381,2,3,5464,131640,3923,112618,5466,244258,California
Sacramento,2021-03-04,10098,367240,4384,201142,5711,166092,3,6,5521,132617,4553,117171,5530,249788,California
Sacramento,2021-03-05,8247,375487,3691,204833,4528,170620,28,34,5037,134494,3188,120359,5065,254853,California
Sacramento,2021-03-06,7088,382575,2786,207619,4182,174802,120,154,3585,134719,3484,123843,3709,258562,California
Sacramento,2021-03-07,7397,389972,2134,209753,5180,179982,83,237,3574,134556,3819,127662,3656,262218,California
Sacramento,2021-03-08,8574,398546,4120,213873,4250,184232,204,441,5550,137299,3014,130676,5757,267975,California
Sacramento,2021-03-09,9216,407762,4413,218286,4544,188776,259,700,5271,138897,3932,134608,5530,273505,California
Sacramento,2021-03-10,10732,418494,7258,225544,3188,191964,286,986,6064,140599,4650,139258,6352,279857,California
Sacramento,2021-03-11,12806,431300,8267,233811,3829,195793,710,1696,7469,143458,5318,144576,8177,288034,California
Sacramento,2021-03-12,15538,446838,7446,241257,7334,203127,758,2454,7052,142836,8454,153030,7832,295866,California
Sacramento,2021-03-13,12091,458929,3470,244727,8223,211350,398,2852,7661,146495,4419,157449,8078,303944,California
Sacramento,2021-03-14,7521,466450,3257,247984,3644,214994,620,3472,4092,147796,3410,160859,4711,308655,California
Sacramento,2021-03-15,11319,477769,4751,252735,5908,220902,660,4132,6511,150185,4789,165648,7178,315833,California
Sacramento,2021-03-16,13461,491230,6070,258805,6761,227663,630,4762,8208,153796,5228,170876,8839,324672,California
Sacramento,2021-03-17,12427,503657,6190,264995,5658,233321,579,5341,7901,157780,4499,175375,8483,333155,California
Sacramento,2021-03-18,10698,514355,5137,270132,5108,238429,453,5794,6862,161285,3810,179185,7315,340470,California
Sacramento,2021-03-19,11781,526136,6041,276173,4674,243103,1066,6860,5563,161722,6197,185382,6634,347104,California
Sacramento,2021-03-20,8505,534641,5242,281415,3066,246169,197,7057,5312,164057,3176,188558,5511,352615,California
Sacramento,2021-03-21,5472,540113,2690,284105,2742,248911,40,7097,4840,168320,625,189183,4888,357503,California
Sacramento,2021-03-22,8947,549060,4640,288745,3560,252471,747,7844,6021,172186,2910,192093,6776,364279,California
Sacramento,2021-03-23,10760,559820,6506,295251,3484,255955,770,8614,6879,176010,3843,195936,7667,371946,California
Sacramento,2021-03-24,11101,570921,7042,302293,3474,259429,585,9199,6392,178373,4680,200616,7043,378989,California
Sacramento,2021-03-25,11827,582748,6539,308832,4497,263926,791,9990,6818,181187,4982,205598,7796,386785,California
Sacramento,2021-03-26,16560,599308,7835,316667,8240,272166,485,10475,7966,182007,8549,214147,9369,396154,California
Sacramento,2021-03-27,9304,608612,3416,320083,5607,277773,281,10756,5008,183252,4268,218415,5513,401667,California
Sacramento,2021-03-28,6256,614868,3079,323162,2930,280703,247,11003,2949,183176,3303,221718,3227,404894,California
Sacramento,2021-03-29,10271,625139,5655,328817,4419,285122,197,11200,4879,182959,5370,227088,5153,410047,California
Sacramento,2021-03-30,11077,636216,5840,334657,4960,290082,277,11477,5741,183718,5320,232408,6079,416126,California
Sacramento,2021-03-31,12672,648888,7525,342182,4774,294856,373,11850,5496,182870,7150,239558,6302,422428,California
Sacramento,2021-04-01,13980,662868,8115,350297,5746,300602,119,11969,5081,180377,8875,248433,6382,428810,California
Sacramento,2021-04-02,10115,672983,5424,355721,4092,304694,599,12568,4634,180862,5463,253896,5948,434758,California
San Benito,2020-12-16,2,2,2,2,0,0,0,0,2,2,0,0,2,2,California
San Benito,2020-12-17,9,11,9,11,0,0,0,0,9,11,0,0,9,11,California
San Benito,2020-12-18,34,45,34,45,0,0,0,0,34,45,0,0,34,45,California
San Benito,2020-12-19,48,93,48,93,0,0,0,0,48,93,0,0,48,93,California
San Benito,2020-12-20,22,115,21,114,1,1,0,0,22,115,0,0,22,115,California
San Benito,2020-12-21,47,162,47,161,0,1,0,0,47,162,0,0,47,162,California
San Benito,2020-12-22,59,221,59,220,0,1,0,0,59,221,0,0,59,221,California
San Benito,2020-12-23,48,269,36,256,12,13,0,0,48,269,0,0,48,269,California
San Benito,2020-12-24,12,281,4,260,8,21,0,0,12,281,0,0,12,281,California
San Benito,2020-12-25,4,285,4,264,0,21,0,0,4,285,0,0,4,285,California
San Benito,2020-12-26,13,298,4,268,9,30,0,0,13,298,0,0,13,298,California
San Benito,2020-12-27,8,306,7,275,1,31,0,0,8,306,0,0,8,306,California
San Benito,2020-12-28,63,369,36,311,27,58,0,0,63,369,0,0,63,369,California
San Benito,2020-12-29,49,418,20,331,29,87,0,0,49,418,0,0,49,418,California
San Benito,2020-12-30,59,477,36,367,23,110,0,0,59,477,0,0,59,477,California
San Benito,2020-12-31,19,496,2,369,17,127,0,0,19,496,0,0,19,496,California
San Benito,2021-01-02,25,521,24,393,1,128,0,0,25,521,0,0,25,521,California
San Benito,2021-01-03,3,524,1,394,2,130,0,0,3,524,0,0,3,524,California
San Benito,2021-01-04,62,586,23,417,39,169,0,0,62,586,0,0,62,586,California
San Benito,2021-01-05,118,704,36,453,82,251,0,0,115,698,3,3,115,701,California
San Benito,2021-01-06,95,799,40,493,55,306,0,0,81,765,14,17,81,782,California
San Benito,2021-01-07,78,877,42,535,36,342,0,0,51,789,27,44,51,833,California
San Benito,2021-01-08,129,1006,66,601,63,405,0,0,87,834,42,86,87,920,California
San Benito,2021-01-09,44,1050,32,633,12,417,0,0,29,848,15,101,29,949,California
San Benito,2021-01-10,16,1066,14,647,2,419,0,0,5,842,11,112,5,954,California
San Benito,2021-01-11,97,1163,54,701,43,462,0,0,49,843,48,160,49,1003,California
San Benito,2021-01-12,154,1317,51,752,103,565,0,0,119,927,35,195,119,1122,California
San Benito,2021-01-13,187,1504,33,785,154,719,0,0,162,1064,25,220,162,1284,California
San Benito,2021-01-14,116,1620,27,812,89,808,0,0,97,1142,19,239,97,1381,California
San Benito,2021-01-15,213,1833,21,833,192,1000,0,0,199,1327,14,253,199,1580,California
San Benito,2021-01-16,29,1862,10,843,19,1019,0,0,23,1344,6,259,23,1603,California
San Benito,2021-01-17,10,1872,5,848,5,1024,0,0,7,1348,3,262,7,1610,California
San Benito,2021-01-18,38,1910,24,872,14,1038,0,0,22,1354,16,278,22,1632,California
San Benito,2021-01-19,150,2060,63,935,87,1125,0,0,124,1452,26,304,124,1756,California
San Benito,2021-01-20,260,2320,80,1015,180,1305,0,0,215,1623,44,348,215,1971,California
San Benito,2021-01-21,123,2443,30,1045,93,1398,0,0,99,1698,24,372,99,2070,California
San Benito,2021-01-22,232,2675,20,1065,212,1610,0,0,221,1908,11,383,221,2291,California
San Benito,2021-01-23,32,2707,18,1083,14,1624,0,0,14,1904,18,401,14,2305,California
San Benito,2021-01-24,11,2718,3,1086,8,1632,0,0,7,1907,4,405,7,2312,California
San Benito,2021-01-25,67,2785,25,1111,42,1674,0,0,22,1884,45,450,22,2334,California
San Benito,2021-01-26,135,2920,41,1152,94,1768,0,0,82,1913,53,503,82,2416,California
San Benito,2021-01-27,231,3151,69,1221,162,1930,0,0,190,2062,41,544,190,2606,California
San Benito,2021-01-28,153,3304,30,1251,123,2053,0,0,122,2154,30,574,122,2728,California
San Benito,2021-01-29,286,3590,32,1283,254,2307,0,0,262,2393,23,597,262,2990,California
San Benito,2021-01-30,45,3635,27,1310,18,2325,0,0,26,2400,19,616,26,3016,California
San Benito,2021-01-31,22,3657,10,1320,12,2337,0,0,12,2403,9,625,12,3028,California
San Benito,2021-02-01,134,3791,29,1349,105,2442,0,0,88,2445,46,671,88,3116,California
San Benito,2021-02-02,224,4015,48,1397,176,2618,0,0,134,2489,90,761,134,3250,California
San Benito,2021-02-03,333,4348,41,1438,292,2910,0,0,269,2694,64,825,269,3519,California
San Benito,2021-02-04,159,4507,24,1462,135,3045,0,0,116,2767,43,868,116,3635,California
San Benito,2021-02-05,291,4798,40,1502,251,3296,0,0,229,2934,62,930,229,3864,California
San Benito,2021-02-06,50,4848,10,1512,40,3336,0,0,34,2952,16,946,34,3898,California
San Benito,2021-02-07,14,4862,6,1518,8,3344,0,0,13,2964,1,947,13,3911,California
San Benito,2021-02-08,132,4994,15,1533,117,3461,0,0,87,3006,45,992,87,3998,California
San Benito,2021-02-09,324,5318,63,1596,261,3722,0,0,193,3068,131,1123,193,4191,California
San Benito,2021-02-10,321,5639,89,1685,232,3954,0,0,125,2998,195,1318,125,4316,California
San Benito,2021-02-11,286,5925,29,1714,257,4211,0,0,191,3094,95,1413,191,4507,California
San Benito,2021-02-12,412,6337,30,1744,382,4593,0,0,208,3099,203,1616,208,4715,California
San Benito,2021-02-13,60,6397,9,1753,51,4644,0,0,45,3129,15,1631,45,4760,California
San Benito,2021-02-14,40,6437,5,1758,35,4679,0,0,30,3149,10,1641,30,4790,California
San Benito,2021-02-15,106,6543,9,1767,97,4776,0,0,95,3233,11,1652,95,4885,California
San Benito,2021-02-16,206,6749,12,1779,194,4970,0,0,107,3240,100,1752,107,4992,California
San Benito,2021-02-17,319,7068,30,1809,289,5259,0,0,271,3463,48,1800,271,5263,California
San Benito,2021-02-18,293,7361,38,1847,255,5514,0,0,71,3312,222,2022,71,5334,California
San Benito,2021-02-19,317,7678,40,1887,277,5791,0,0,151,3297,166,2188,151,5485,California
San Benito,2021-02-20,44,7722,26,1913,18,5809,0,0,35,3323,9,2197,35,5520,California
San Benito,2021-02-21,26,7748,11,1924,15,5824,0,0,16,3330,9,2206,16,5536,California
San Benito,2021-02-22,126,7874,33,1957,93,5917,0,0,94,3392,32,2238,94,5630,California
San Benito,2021-02-23,368,8242,90,2047,278,6195,0,0,236,3517,132,2370,257,5887,California
San Benito,2021-02-24,369,8611,62,2109,307,6502,0,0,232,3612,137,2507,232,6119,California
San Benito,2021-02-25,390,9001,63,2172,327,6829,0,0,268,3757,123,2630,268,6387,California
San Benito,2021-02-26,631,9632,70,2242,561,7390,0,0,390,3906,241,2871,390,6777,California
San Benito,2021-02-27,96,9728,34,2276,62,7452,0,0,81,3972,15,2886,81,6858,California
San Benito,2021-02-28,229,9957,19,2295,210,7662,0,0,221,4185,8,2894,221,7079,California
San Benito,2021-03-01,222,10179,58,2353,164,7826,0,0,153,4268,70,2964,153,7232,California
San Benito,2021-03-02,251,10430,73,2426,178,8004,0,0,184,4385,67,3031,184,7416,California
San Benito,2021-03-03,370,10800,48,2474,322,8326,0,0,197,4411,171,3202,197,7613,California
San Benito,2021-03-04,539,11339,113,2587,411,8737,15,15,361,4603,178,3380,370,7983,California
San Benito,2021-03-05,547,11886,288,2875,244,8981,15,30,342,4756,204,3584,357,8340,California
San Benito,2021-03-06,173,12059,63,2938,97,9078,13,43,127,4850,46,3630,140,8480,California
San Benito,2021-03-07,613,12672,572,3510,18,9096,23,66,579,5418,34,3664,602,9082,California
San Benito,2021-03-08,261,12933,64,3574,171,9267,26,92,159,5502,102,3766,186,9268,California
San Benito,2021-03-09,255,13188,77,3651,113,9380,65,157,123,5560,131,3897,189,9457,California
San Benito,2021-03-10,371,13559,103,3754,178,9558,90,247,208,5694,163,4060,297,9754,California
San Benito,2021-03-11,405,13964,100,3854,195,9753,110,357,187,5773,218,4278,297,10051,California
San Benito,2021-03-12,461,14425,118,3972,276,10029,67,424,219,5820,240,4518,287,10338,California
San Benito,2021-03-13,174,14599,96,4068,63,10092,15,439,109,5882,62,4580,124,10462,California
San Benito,2021-03-14,205,14804,40,4108,145,10237,20,459,166,6030,38,4618,186,10648,California
San Benito,2021-03-15,310,15114,95,4203,196,10433,19,478,182,6103,128,4746,201,10849,California
San Benito,2021-03-16,457,15571,203,4406,223,10656,31,509,313,6304,144,4890,345,11194,California
San Benito,2021-03-17,649,16220,455,4861,181,10837,13,522,522,6715,124,5014,535,11729,California
San Benito,2021-03-18,584,16804,446,5307,100,10937,38,560,473,7116,110,5124,511,12240,California
San Benito,2021-03-19,655,17459,353,5660,281,11218,21,581,497,7476,158,5282,518,12758,California
San Benito,2021-03-20,193,17652,130,5790,53,11271,10,591,150,7593,43,5325,160,12918,California
San Benito,2021-03-21,105,17757,53,5843,47,11318,5,596,78,7649,27,5352,83,13001,California
San Benito,2021-03-22,321,18078,166,6009,130,11448,25,621,223,7799,98,5450,248,13249,California
San Benito,2021-03-23,456,18534,196,6205,257,11705,3,624,219,7786,237,5687,224,13473,California
San Benito,2021-03-24,531,19065,289,6494,235,11940,7,631,345,7953,186,5873,353,13826,California
San Benito,2021-03-25,690,19755,404,6898,282,12222,4,635,403,8079,285,6158,411,14237,California
San Benito,2021-03-26,797,20552,328,7226,467,12689,2,637,300,7891,496,6654,308,14545,California
San Benito,2021-03-27,264,20816,176,7402,86,12775,2,639,178,7987,85,6739,181,14726,California
San Benito,2021-03-28,635,21451,564,7966,68,12843,3,642,118,7614,517,7256,144,14870,California
San Benito,2021-03-29,322,21773,101,8067,202,13045,19,661,131,7577,191,7447,154,15024,California
San Benito,2021-03-30,475,22248,256,8323,196,13241,23,684,267,7669,208,7655,300,15324,California
San Benito,2021-03-31,483,22731,343,8666,118,13359,22,706,321,7860,160,7815,351,15675,California
San Benito,2021-04-01,751,23482,353,9019,380,13739,18,724,526,8198,224,8039,562,16237,California
San Benito,2021-04-02,378,23860,168,9187,78,13817,132,856,151,8262,227,8266,291,16528,California
San Bernardino,2020-12-15,12,12,12,12,0,0,0,0,12,12,0,0,12,12,California
San Bernardino,2020-12-16,109,121,109,121,0,0,0,0,109,121,0,0,109,121,California
San Bernardino,2020-12-17,2343,2464,2343,2464,0,0,0,0,2343,2464,0,0,2343,2464,California
San Bernardino,2020-12-18,3140,5604,3137,5601,3,3,0,0,3141,5605,0,0,3141,5605,California
San Bernardino,2020-12-19,1068,6672,1067,6668,1,4,0,0,1069,6674,0,0,1069,6674,California
San Bernardino,2020-12-20,1172,7844,1171,7839,1,5,0,0,1173,7847,0,0,1173,7847,California
San Bernardino,2020-12-21,2456,10300,2451,10290,5,10,0,0,2456,10303,0,0,2456,10303,California
San Bernardino,2020-12-22,2271,12571,2148,12438,123,133,0,0,2272,12575,0,0,2272,12575,California
San Bernardino,2020-12-23,2646,15217,1452,13890,1194,1327,0,0,2645,15220,0,0,2645,15220,California
San Bernardino,2020-12-24,1160,16377,587,14477,573,1900,0,0,1162,16382,0,0,1162,16382,California
San Bernardino,2020-12-25,75,16452,14,14491,61,1961,0,0,75,16457,0,0,75,16457,California
San Bernardino,2020-12-26,461,16913,253,14744,208,2169,0,0,461,16918,0,0,461,16918,California
San Bernardino,2020-12-27,344,17257,161,14905,183,2352,0,0,344,17262,0,0,344,17262,California
San Bernardino,2020-12-28,1559,18816,709,15614,850,3202,0,0,1560,18822,0,0,1560,18822,California
San Bernardino,2020-12-29,2209,21025,1042,16656,1167,4369,0,0,2207,21027,2,2,2207,21029,California
San Bernardino,2020-12-30,2890,23915,1459,18115,1431,5800,0,0,2891,23918,0,2,2891,23920,California
San Bernardino,2020-12-31,1352,25267,440,18555,912,6712,0,0,1350,25268,0,2,1350,25270,California
San Bernardino,2021-01-01,275,25542,150,18705,125,6837,0,0,274,25542,0,2,274,25544,California
San Bernardino,2021-01-02,475,26017,339,19044,136,6973,0,0,475,26017,0,2,475,26019,California
San Bernardino,2021-01-03,135,26152,86,19130,49,7022,0,0,135,26152,0,2,135,26154,California
San Bernardino,2021-01-04,2115,28267,1288,20418,827,7849,0,0,2114,28266,0,2,2114,28268,California
San Bernardino,2021-01-05,2330,30597,1459,21877,871,8720,0,0,2216,30373,109,111,2216,30484,California
San Bernardino,2021-01-06,3418,34015,2349,24226,1069,9789,0,0,2930,32824,482,593,2933,33417,California
San Bernardino,2021-01-07,5376,39391,4484,28710,892,10681,0,0,2456,32381,2901,3494,2458,35875,California
San Bernardino,2021-01-08,5350,44741,4438,33148,912,11593,0,0,2273,31585,3071,6565,2275,38150,California
San Bernardino,2021-01-09,1395,46136,1098,34246,297,11890,0,0,900,31990,495,7060,900,39050,California
San Bernardino,2021-01-10,1022,47158,600,34846,422,12312,0,0,574,32116,448,7508,574,39624,California
San Bernardino,2021-01-11,4982,52140,4085,38931,897,13209,0,0,2763,32663,2216,9724,2763,42387,California
San Bernardino,2021-01-12,4225,56365,3224,42155,1001,14210,0,0,2510,33459,1714,11438,2510,44897,California
San Bernardino,2021-01-13,4540,60905,2844,44999,1696,15906,0,0,3314,35562,1213,12651,3316,48213,California
San Bernardino,2021-01-14,4739,65644,2777,47776,1962,17868,0,0,4159,39145,576,13227,4159,52372,California
San Bernardino,2021-01-15,5949,71593,2962,50738,2987,20855,0,0,5554,44316,385,13612,5556,57928,California
San Bernardino,2021-01-16,2254,73847,1292,52030,962,21817,0,0,2113,46288,141,13753,2113,60041,California
San Bernardino,2021-01-17,1187,75034,514,52544,673,22490,0,0,1099,47301,87,13840,1100,61141,California
San Bernardino,2021-01-18,4268,79302,2638,55182,1630,24120,0,0,3649,50333,618,14458,3650,64791,California
San Bernardino,2021-01-19,6291,85593,3703,58885,2588,26708,0,0,5201,54449,1088,15546,5204,69995,California
San Bernardino,2021-01-20,6799,92392,3729,62614,3070,29778,0,0,4871,57401,1921,17467,4873,74868,California
San Bernardino,2021-01-21,5993,98385,3087,65701,2906,32684,0,0,4870,61159,1113,18580,4871,79739,California
San Bernardino,2021-01-22,6504,104889,3038,68739,3466,36150,0,0,5777,66213,726,19306,5780,85519,California
San Bernardino,2021-01-23,3101,107990,1888,70627,1213,37363,0,0,2712,68537,388,19694,2712,88231,California
San Bernardino,2021-01-24,1187,109177,460,71087,727,38090,0,0,1088,69526,99,19793,1088,89319,California
San Bernardino,2021-01-25,6862,116039,3394,74481,3468,41558,0,0,5020,72714,1840,21633,5028,94347,California
San Bernardino,2021-01-26,7077,123116,3554,78035,3523,45081,0,0,5000,75638,2077,23710,5001,99348,California
San Bernardino,2021-01-27,8236,131352,4105,82140,4131,49212,0,0,5546,78504,2680,26390,5546,104894,California
San Bernardino,2021-01-28,8533,139885,4051,86191,4482,53694,0,0,6230,82435,2299,28689,6230,111124,California
San Bernardino,2021-01-29,8120,148005,3733,89924,4387,58081,0,0,6178,86685,1929,30618,6179,117303,California
San Bernardino,2021-01-30,3068,151073,1894,91818,1174,59255,0,0,2789,89196,278,30896,2789,120092,California
San Bernardino,2021-01-31,918,151991,488,92306,430,59685,0,0,864,90007,53,30949,864,120956,California
San Bernardino,2021-02-01,7509,159500,4216,96522,3293,62978,0,0,4895,92295,2611,33560,4899,125855,California
San Bernardino,2021-02-02,10356,169856,3647,100169,6709,69687,0,0,8310,98564,2042,35602,8311,134166,California
San Bernardino,2021-02-03,8955,178811,4145,104314,4810,74497,0,0,6487,102591,2461,38063,6488,140654,California
San Bernardino,2021-02-04,10571,189382,5290,109604,5281,79778,0,0,7510,107051,3051,41114,7511,148165,California
San Bernardino,2021-02-05,10934,200316,5910,115514,5024,84802,0,0,7422,110972,3502,44616,7423,155588,California
San Bernardino,2021-02-06,5249,205565,2213,117727,3036,87838,0,0,3613,112978,1611,46227,3617,159205,California
San Bernardino,2021-02-07,846,206411,496,118223,350,88188,0,0,475,113086,368,46595,476,159681,California
San Bernardino,2021-02-08,7259,213670,3868,122091,3391,91579,0,0,5608,117044,1650,48245,5608,165289,California
San Bernardino,2021-02-09,9872,223542,5814,127905,4058,95637,0,0,6663,120503,3206,51451,6665,171954,California
San Bernardino,2021-02-10,11989,235531,6534,134439,5455,101092,0,0,7828,124182,4150,55601,7829,179783,California
San Bernardino,2021-02-11,12202,247733,7043,141482,5159,106251,0,0,7799,127605,4380,59981,7803,187586,California
San Bernardino,2021-02-12,10322,258055,5924,147406,4398,110649,0,0,5672,128639,4638,64619,5672,193258,California
San Bernardino,2021-02-13,5996,264051,3980,151386,2016,112665,0,0,3767,130197,2214,66833,3772,197030,California
San Bernardino,2021-02-14,1539,265590,642,152028,897,113562,0,0,867,130401,664,67497,868,197898,California
San Bernardino,2021-02-15,5468,271058,3011,155039,2457,116019,0,0,3070,131088,2383,69880,3070,200968,California
San Bernardino,2021-02-16,12565,283623,7390,162429,5175,121194,0,0,7961,134456,4593,74473,7961,208929,California
San Bernardino,2021-02-17,11747,295370,6464,168893,5283,126477,0,0,7135,136995,4598,79071,7137,216066,California
San Bernardino,2021-02-18,12377,307747,7566,176459,4811,131288,0,0,7651,139936,4711,83782,7652,223718,California
San Bernardino,2021-02-19,11446,319193,5911,182370,5535,136823,0,0,6761,142031,4667,88449,6762,230480,California
San Bernardino,2021-02-20,4498,323691,3448,185818,1050,137873,0,0,2056,141646,2441,90890,2056,232536,California
San Bernardino,2021-02-21,905,324596,445,186263,460,138333,0,0,273,141289,630,91520,273,232809,California
San Bernardino,2021-02-22,8458,333054,5169,191432,3289,141622,0,0,4031,140903,4419,95939,4033,236842,California
San Bernardino,2021-02-23,8782,341836,5194,196626,3588,145210,0,0,4535,141219,4219,100158,4535,241377,California
San Bernardino,2021-02-24,11974,353810,6855,203481,5119,150329,0,0,6079,141432,5871,106029,6084,247461,California
San Bernardino,2021-02-25,12806,366616,6242,209723,6564,156893,0,0,7395,143439,5393,111422,7400,254861,California
San Bernardino,2021-02-26,13160,379776,6306,216029,6854,163747,0,0,7439,145211,5668,117090,7440,262301,California
San Bernardino,2021-02-27,6554,386330,3655,219684,2899,166646,0,0,4758,148182,1787,118877,4758,267059,California
San Bernardino,2021-02-28,1738,388068,726,220410,1012,167658,0,0,1143,148736,590,119467,1144,268203,California
San Bernardino,2021-03-01,8186,396254,4154,224564,4031,171689,1,1,3820,148220,4347,123814,3831,272034,California
San Bernardino,2021-03-02,13415,409669,5313,229877,8102,179791,0,1,6389,147611,7000,130814,6391,278425,California
San Bernardino,2021-03-03,12141,421810,6140,236017,5999,185790,2,3,5565,146622,6559,137373,5570,283995,California
San Bernardino,2021-03-04,11795,433605,6140,242157,5654,191444,1,4,5412,145672,6366,143739,5416,289411,California
San Bernardino,2021-03-05,11836,445441,5982,248139,5853,197297,1,5,6125,146143,5684,149423,6155,295566,California
San Bernardino,2021-03-06,7651,453092,4169,252308,3277,200574,205,210,3647,146008,3989,153412,3854,299420,California
San Bernardino,2021-03-07,1477,454569,910,253218,510,201084,57,267,946,146482,529,153941,1003,300423,California
San Bernardino,2021-03-08,6955,461524,3007,256225,3813,204897,135,402,3349,146365,3602,157543,3485,303908,California
San Bernardino,2021-03-09,11745,473269,6434,262659,5086,209983,225,627,4642,144144,7095,164638,4874,308782,California
San Bernardino,2021-03-10,12423,485692,7071,269730,4983,214966,369,996,5696,143518,6700,171338,6074,314856,California
San Bernardino,2021-03-11,12899,498591,6030,275760,6120,221086,749,1745,6549,144488,6331,177669,7301,322157,California
San Bernardino,2021-03-12,13199,511790,6029,281789,5373,226459,1797,3542,6282,145714,6894,184563,8120,330277,California
San Bernardino,2021-03-13,7329,519119,4091,285880,2778,229237,460,4002,4346,147542,2978,187541,4806,335083,California
San Bernardino,2021-03-14,2646,521765,1371,287251,734,229971,541,4543,1566,148573,1074,188615,2105,337188,California
San Bernardino,2021-03-15,11065,532830,5239,292490,3912,233883,1914,6457,5420,150271,5638,194253,7336,344524,California
San Bernardino,2021-03-16,15691,548521,7744,300234,7052,240935,895,7352,9526,154557,6140,200393,10426,354950,California
San Bernardino,2021-03-17,16009,564530,8211,308445,7100,248035,698,8050,9578,158429,6419,206812,10291,365241,California
San Bernardino,2021-03-18,12864,577394,6045,314490,6495,254530,324,8374,7402,160717,5440,212252,7728,372969,California
San Bernardino,2021-03-19,14284,591678,7334,321824,6438,260968,512,8886,7988,162985,6277,218529,8545,381514,California
San Bernardino,2021-03-20,7155,598833,4490,326314,2158,263126,507,9393,4118,164598,3012,221541,4625,386139,California
San Bernardino,2021-03-21,2677,601510,2180,328494,452,263578,45,9438,2156,166291,509,222050,2202,388341,California
San Bernardino,2021-03-22,9418,610928,4447,332941,4565,268143,406,9844,6842,170985,2560,224610,7254,395595,California
San Bernardino,2021-03-23,14940,625868,8475,341416,5893,274036,572,10416,9316,175276,5608,230218,9899,405494,California
San Bernardino,2021-03-24,14472,640340,7485,348901,6733,280769,254,10670,9701,180519,4739,234957,9982,415476,California
San Bernardino,2021-03-25,16291,656631,8010,356911,8017,288786,264,10934,10335,185306,5910,240867,10697,426173,California
San Bernardino,2021-03-26,17442,674073,8282,365193,8419,297205,741,11675,10629,190060,6790,247657,11544,437717,California
San Bernardino,2021-03-27,10408,684481,6605,371798,3053,300258,750,12425,5981,192695,4415,252072,7050,444767,California
San Bernardino,2021-03-28,3411,687892,2395,374193,907,301165,109,12534,2395,194197,1009,253081,2511,447278,California
San Bernardino,2021-03-29,10869,698761,5634,379827,4840,306005,395,12929,7274,198328,3584,256665,7715,454993,California
San Bernardino,2021-03-30,16118,714879,8997,388824,6425,312430,696,13625,10491,203988,5599,262264,11259,466252,California
San Bernardino,2021-03-31,14690,729569,7767,396591,6379,318809,544,14169,10024,209954,4648,266912,10614,476866,California
San Bernardino,2021-04-01,18256,747825,9630,406221,7389,326198,1237,15406,11981,217185,6247,273159,13478,490344,California
San Bernardino,2021-04-02,11427,759252,5834,412055,4730,330928,863,16269,7108,221230,4306,277465,8351,498695,California
San Diego,2020-12-15,119,119,119,119,0,0,0,0,119,119,0,0,119,119,California
San Diego,2020-12-16,1101,1220,1101,1220,0,0,0,0,1101,1220,0,0,1101,1220,California
San Diego,2020-12-17,2346,3566,2346,3566,0,0,0,0,2346,3566,0,0,2346,3566,California
San Diego,2020-12-18,3673,7239,3672,7238,1,1,0,0,3673,7239,0,0,3673,7239,California
San Diego,2020-12-19,2311,9550,2311,9549,0,1,0,0,2311,9550,0,0,2311,9550,California
San Diego,2020-12-20,1187,10737,1185,10734,2,3,0,0,1187,10737,0,0,1187,10737,California
San Diego,2020-12-21,3519,14256,3518,14252,1,4,0,0,3519,14256,0,0,3519,14256,California
San Diego,2020-12-22,4051,18307,3408,17660,643,647,0,0,4051,18307,0,0,4051,18307,California
San Diego,2020-12-23,3177,21484,1976,19636,1201,1848,0,0,3177,21484,0,0,3177,21484,California
San Diego,2020-12-24,2723,24207,2208,21844,515,2363,0,0,2723,24207,0,0,2723,24207,California
San Diego,2020-12-25,868,25075,867,22711,1,2364,0,0,867,25073,1,1,867,25074,California
San Diego,2020-12-26,3255,28330,2138,24849,1117,3481,0,0,3254,28327,0,1,3254,28328,California
San Diego,2020-12-27,2476,30806,1612,26461,864,4345,0,0,2475,30801,1,2,2475,30803,California
San Diego,2020-12-28,5856,36662,4184,30645,1672,6017,0,0,5856,36657,0,2,5856,36659,California
San Diego,2020-12-29,5534,42196,2970,33615,2564,8581,0,0,5534,42191,0,2,5534,42193,California
San Diego,2020-12-30,5893,48089,3073,36688,2820,11401,0,0,5893,48084,0,2,5893,48086,California
San Diego,2020-12-31,2936,51025,995,37683,1941,13342,0,0,2935,51018,1,3,2935,51021,California
San Diego,2021-01-01,994,52019,439,38122,555,13897,0,0,993,52011,0,3,993,52014,California
San Diego,2021-01-02,3746,55765,1309,39431,2437,16334,0,0,3746,55757,0,3,3746,55760,California
San Diego,2021-01-03,855,56620,631,40062,224,16558,0,0,854,56611,0,3,854,56614,California
San Diego,2021-01-04,3685,60305,2035,42097,1650,18208,0,0,3678,60289,0,3,3678,60292,California
San Diego,2021-01-05,4280,64585,2094,44191,2186,20394,0,0,3662,63351,614,617,3676,63968,California
San Diego,2021-01-06,4909,69494,2285,46476,2624,23018,0,0,3676,65820,1211,1828,3680,67648,California
San Diego,2021-01-07,5548,75042,2975,49451,2573,25591,0,0,3394,67073,2147,3975,3400,71048,California
San Diego,2021-01-08,7686,82728,4958,54409,2728,28319,0,0,3895,67210,3774,7749,3911,74959,California
San Diego,2021-01-09,2919,85647,1549,55958,1370,29689,0,0,1751,67813,1157,8906,1760,76719,California
San Diego,2021-01-10,1854,87501,1295,57253,559,30248,0,0,750,67479,1092,9998,758,77477,California
San Diego,2021-01-11,10320,97821,5850,63103,4470,34718,0,0,6797,70773,3516,13514,6810,84287,California
San Diego,2021-01-12,11170,108991,5307,68410,5863,40581,0,0,7801,75327,3360,16874,7914,92201,California
San Diego,2021-01-13,11494,120485,5016,73426,6478,47059,0,0,8951,81767,2530,19404,8970,101171,California
San Diego,2021-01-14,12343,132828,4734,78160,7609,54668,0,0,10184,89825,2150,21554,10208,111379,California
San Diego,2021-01-15,15029,147857,5274,83434,9755,64423,0,0,12413,99669,2597,24151,12441,123820,California
San Diego,2021-01-16,10782,158639,3581,87015,7201,71624,0,0,9342,107599,1435,25586,9365,133185,California
San Diego,2021-01-17,8697,167336,2483,89498,6214,77838,0,0,7864,114643,833,26419,7877,141062,California
San Diego,2021-01-18,12471,179807,5903,95401,6568,84406,0,0,9667,121574,2765,29184,9696,150758,California
San Diego,2021-01-19,14738,194545,5777,101178,8961,93367,0,0,11631,130353,3093,32277,11872,162630,California
San Diego,2021-01-20,18342,212887,6368,107546,11974,105341,0,0,15062,142314,3261,35538,15222,177852,California
San Diego,2021-01-21,17426,230313,5882,113428,11544,116885,0,0,16046,157128,1369,36907,16183,194035,California
San Diego,2021-01-22,17632,247945,4728,118156,12904,129789,0,0,15606,170790,2012,38919,15674,209709,California
San Diego,2021-01-23,14463,262408,5257,123413,9206,138995,0,0,12130,180631,2320,41239,12161,221870,California
San Diego,2021-01-24,11839,274247,3252,126665,8587,147582,0,0,10897,190600,941,42180,10910,232780,California
San Diego,2021-01-25,12122,286369,5689,132354,6433,154015,0,0,9132,196878,2982,45162,9260,242040,California
San Diego,2021-01-26,14562,300931,7300,139654,7262,161277,0,0,11297,205087,3260,48422,11469,253509,California
San Diego,2021-01-27,20274,321205,7643,147297,12631,173908,0,0,17225,219377,3035,51457,17325,270834,California
San Diego,2021-01-28,20915,342120,7230,154527,13685,187593,0,0,18655,235858,2250,53707,18731,289565,California
San Diego,2021-01-29,19405,361525,6133,160660,13272,200865,0,0,16990,250481,2405,56112,17028,306593,California
San Diego,2021-01-30,15688,377213,3458,164118,12230,213095,0,0,13011,260922,2668,58780,13109,319702,California
San Diego,2021-01-31,14455,391668,5397,169515,9058,222153,0,0,14099,274695,353,59133,14126,333828,California
San Diego,2021-02-01,20059,411727,6729,176244,13330,235483,0,0,16877,288474,3169,62302,16948,350776,California
San Diego,2021-02-02,22503,434230,7981,184225,14522,250005,0,0,18966,304083,3527,65829,19136,369912,California
San Diego,2021-02-03,26457,460687,10685,194910,15772,265777,0,0,22292,322404,4147,69976,22468,392380,California
San Diego,2021-02-04,23495,484182,9249,204159,14246,280023,0,0,18818,336821,4659,74635,19076,411456,California
San Diego,2021-02-05,24721,508903,8850,213009,15871,295894,0,0,18172,348967,6524,81159,18670,430126,California
San Diego,2021-02-06,20510,529413,8359,221368,12151,308045,0,0,17328,363324,3174,84333,17531,447657,California
San Diego,2021-02-07,11259,540672,4675,226043,6584,314629,0,0,9370,371102,1870,86203,9648,457305,California
San Diego,2021-02-08,19389,560061,7975,234018,11414,326043,0,0,11976,376354,7395,93598,12647,469952,California
San Diego,2021-02-09,19720,579781,7766,241784,11954,337997,0,0,12515,382749,7185,100783,13580,483532,California
San Diego,2021-02-10,22244,602025,8907,250691,13337,351334,0,0,13129,388131,9087,109870,14469,498001,California
San Diego,2021-02-11,22991,625016,9821,260512,13170,364504,0,0,11934,390694,11031,120901,13594,511595,California
San Diego,2021-02-12,23290,648306,6943,267455,16347,380851,0,0,11388,392420,11883,132784,13609,525204,California
San Diego,2021-02-13,19448,667754,8410,275865,11038,391889,0,0,10273,394741,9165,141949,11486,536690,California
San Diego,2021-02-14,10489,678243,6728,282593,3761,395650,0,0,5789,397366,4698,146647,7323,544013,California
San Diego,2021-02-15,14842,693085,7338,289931,7504,403154,0,0,7604,400786,7220,153867,10640,554653,California
San Diego,2021-02-16,18487,711572,10597,300528,7890,411044,0,0,8809,402959,9664,163531,11837,566490,California
San Diego,2021-02-17,22451,734023,10003,310531,12448,423492,0,0,7647,398961,14794,178325,10796,577286,California
San Diego,2021-02-18,22951,756974,11611,322142,11340,434832,0,0,7494,395155,15449,193774,11643,588929,California
San Diego,2021-02-19,15841,772815,10857,332999,4984,439816,0,0,6672,394876,9150,202924,8871,597800,California
San Diego,2021-02-20,9918,782733,6271,339270,3647,443463,0,0,5681,398270,4235,207159,7629,605429,California
San Diego,2021-02-21,10229,792962,8986,348256,1243,444706,0,0,4932,399193,5273,212432,6196,611625,California
San Diego,2021-02-22,12172,805134,10327,358583,1845,446551,0,0,6339,401381,5828,218260,8016,619641,California
San Diego,2021-02-23,25060,830194,13842,372425,11218,457769,0,0,9882,401971,15172,233432,15762,635403,California
San Diego,2021-02-24,28618,858812,12412,384837,16206,473975,0,0,7702,396239,20898,254330,15166,650569,California
San Diego,2021-02-25,32678,891490,14305,399142,18373,492348,0,0,10583,393225,22075,276405,19061,669630,California
San Diego,2021-02-26,33205,924695,12088,411230,21117,513465,0,0,11998,391119,21178,297583,19072,688702,California
San Diego,2021-02-27,20829,945524,9261,420491,11568,525033,0,0,11209,397024,9618,307201,15523,704225,California
San Diego,2021-02-28,14485,960009,9191,429682,5294,530327,0,0,9711,404841,4774,311975,12591,716816,California
San Diego,2021-03-01,23567,983576,13665,443347,9901,540228,1,1,14964,415241,8527,320502,18927,735743,California
San Diego,2021-03-02,25107,1008683,13389,456736,11718,551946,0,1,12631,422342,12469,332971,19570,755313,California
San Diego,2021-03-03,33381,1042064,15391,472127,17987,569933,3,4,14449,424889,18919,351890,21466,776779,California
San Diego,2021-03-04,27694,1069758,13741,485868,13953,583886,0,4,12706,429387,14971,366861,19469,796248,California
San Diego,2021-03-05,28399,1098157,14415,500283,13902,597788,82,86,13851,435589,14536,381397,20738,816986,California
San Diego,2021-03-06,22915,1121072,9308,509591,12904,610692,703,789,10715,439600,12194,393591,16205,833191,California
San Diego,2021-03-07,17852,1138924,9006,518597,8279,618971,567,1356,8343,442798,9502,403093,12700,845891,California
San Diego,2021-03-08,22041,1160965,10312,528909,10883,629854,846,2202,10604,447695,11425,414518,16322,862213,California
San Diego,2021-03-09,25213,1186178,11541,540450,11941,641795,1731,3933,11678,451616,13522,428040,17443,879656,California
San Diego,2021-03-10,24654,1210832,10224,550674,12075,653870,2355,6288,11070,455664,13576,441616,17624,897280,California
San Diego,2021-03-11,28186,1239018,10714,561388,13978,667848,3494,9782,11272,457610,16900,458516,18846,916126,California
San Diego,2021-03-12,25614,1264632,8754,570142,13878,681726,2982,12764,9273,457026,16328,474844,15744,931870,California
San Diego,2021-03-13,24285,1288917,6635,576777,16109,697835,1541,14305,9153,456759,15124,489968,14857,946727,California
San Diego,2021-03-14,11976,1300893,4557,581334,6717,704552,702,15007,3892,455563,8076,498044,6880,953607,California
San Diego,2021-03-15,21843,1322736,10105,591439,10968,715520,770,15777,10849,459335,10981,509025,14753,968360,California
San Diego,2021-03-16,29760,1352496,15693,607132,13675,729195,392,16169,17960,468997,11782,520807,21444,989804,California
San Diego,2021-03-17,26049,1378545,12086,619218,13263,742458,700,16869,17245,480262,8793,529600,20058,1009862,California
San Diego,2021-03-18,30915,1409460,17491,636709,12542,755000,882,17751,20086,492105,10814,540414,22657,1032519,California
San Diego,2021-03-19,29769,1439229,14118,650827,14680,769680,971,18722,19638,503898,10115,550529,21908,1054427,California
San Diego,2021-03-20,27285,1466514,8097,658924,17400,787080,1788,20510,21714,522969,5562,556091,24633,1079060,California
San Diego,2021-03-21,16436,1482950,11972,670896,3750,790830,714,21224,10438,529537,5988,562079,12556,1091616,California
San Diego,2021-03-22,22377,1505327,13088,683984,9048,799878,241,21465,16137,542505,6230,568309,19198,1110814,California
San Diego,2021-03-23,25766,1531093,13578,697562,11930,811808,258,21723,19605,558301,6147,574456,21943,1132757,California
San Diego,2021-03-24,29376,1560469,19681,717243,9345,821153,350,22073,20088,571594,9276,583732,22569,1155326,California
San Diego,2021-03-25,29669,1590138,17859,735102,11174,832327,636,22709,19487,583687,10168,593900,22261,1177587,California
San Diego,2021-03-26,31140,1621278,17298,752400,13332,845659,510,23219,18713,593611,12400,606300,22324,1199911,California
San Diego,2021-03-27,24571,1645849,10755,763155,13421,859080,395,23614,14978,601669,9579,615879,17637,1217548,California
San Diego,2021-03-28,14725,1660574,9086,772241,5580,864660,59,23673,9053,606574,5664,621543,10569,1228117,California
San Diego,2021-03-29,26065,1686639,12379,784620,13087,877747,599,24272,18303,620275,7754,629297,21455,1249572,California
San Diego,2021-03-30,32725,1719364,17561,802181,14442,892189,722,24994,23157,636442,9556,638853,25723,1275295,California
San Diego,2021-03-31,29045,1748409,18316,820497,10171,902360,558,25552,19651,648340,9379,648232,21277,1296572,California
San Diego,2021-04-01,31580,1779989,19343,839840,11195,913555,1042,26594,23050,665285,8512,656744,25457,1322029,California
San Diego,2021-04-02,13999,1793988,9418,849258,3494,917049,1087,27681,11218,674982,2776,659520,12473,1334502,California
San Francisco,2020-12-15,8,8,8,8,0,0,0,0,8,8,0,0,8,8,California
San Francisco,2020-12-16,230,238,230,238,0,0,0,0,230,238,0,0,230,238,California
San Francisco,2020-12-17,397,635,397,635,0,0,0,0,397,635,0,0,397,635,California
San Francisco,2020-12-18,884,1519,884,1519,0,0,0,0,884,1519,0,0,884,1519,California
San Francisco,2020-12-19,600,2119,600,2119,0,0,0,0,600,2119,0,0,600,2119,California
San Francisco,2020-12-20,484,2603,484,2603,0,0,0,0,484,2603,0,0,484,2603,California
San Francisco,2020-12-21,1161,3764,1161,3764,0,0,0,0,1161,3764,0,0,1161,3764,California
San Francisco,2020-12-22,1406,5170,1372,5136,34,34,0,0,1406,5170,0,0,1406,5170,California
San Francisco,2020-12-23,1320,6490,1032,6168,288,322,0,0,1320,6490,0,0,1320,6490,California
San Francisco,2020-12-24,839,7329,504,6672,335,657,0,0,839,7329,0,0,839,7329,California
San Francisco,2020-12-25,30,7359,25,6697,5,662,0,0,30,7359,0,0,30,7359,California
San Francisco,2020-12-26,243,7602,149,6846,94,756,0,0,243,7602,0,0,243,7602,California
San Francisco,2020-12-27,274,7876,61,6907,213,969,0,0,274,7876,0,0,274,7876,California
San Francisco,2020-12-28,1264,9140,680,7587,584,1553,0,0,1264,9140,0,0,1264,9140,California
San Francisco,2020-12-29,1247,10387,621,8208,626,2179,0,0,1247,10387,0,0,1247,10387,California
San Francisco,2020-12-30,1472,11859,770,8978,702,2881,0,0,1472,11859,0,0,1472,11859,California
San Francisco,2020-12-31,961,12820,409,9387,552,3433,0,0,961,12820,0,0,961,12820,California
San Francisco,2021-01-01,66,12886,58,9445,8,3441,0,0,66,12886,0,0,66,12886,California
San Francisco,2021-01-02,331,13217,299,9744,32,3473,0,0,331,13217,0,0,331,13217,California
San Francisco,2021-01-03,294,13511,100,9844,194,3667,0,0,293,13509,1,1,293,13510,California
San Francisco,2021-01-04,1836,15347,1356,11200,480,4147,0,0,1833,15339,3,4,1833,15343,California
San Francisco,2021-01-05,2232,17579,1414,12614,818,4965,0,0,2198,17504,34,38,2199,17542,California
San Francisco,2021-01-06,1870,19449,1164,13778,706,5671,0,0,1606,18849,262,300,1607,19149,California
San Francisco,2021-01-07,2049,21498,1188,14966,861,6532,0,0,1602,20007,444,744,1602,20751,California
San Francisco,2021-01-08,2320,23818,1627,16593,693,7225,0,0,1488,20668,827,1571,1488,22239,California
San Francisco,2021-01-09,1396,25214,900,17493,496,7721,0,0,886,21047,510,2081,889,23128,California
San Francisco,2021-01-10,919,26133,540,18033,379,8100,0,0,465,21059,453,2534,465,23593,California
San Francisco,2021-01-11,2466,28599,1833,19866,633,8733,0,0,1400,21392,1067,3601,1400,24993,California
San Francisco,2021-01-12,3089,31688,2059,21925,1030,9763,0,0,1891,22086,1198,4799,1892,26885,California
San Francisco,2021-01-13,2819,34507,1608,23533,1211,10974,0,0,1996,23259,823,5622,1996,28881,California
San Francisco,2021-01-14,2400,36907,1067,24600,1333,12307,0,0,1859,24578,541,6163,1860,30741,California
San Francisco,2021-01-15,2752,39659,1172,25772,1580,13887,0,0,2337,26505,413,6576,2340,33081,California
San Francisco,2021-01-16,2262,41921,982,26754,1280,15167,0,0,2081,28405,181,6757,2081,35162,California
San Francisco,2021-01-17,1918,43839,527,27281,1391,16558,0,0,1706,29899,212,6969,1706,36868,California
San Francisco,2021-01-18,1383,45222,600,27881,783,17341,0,0,1109,30739,273,7242,1113,37981,California
San Francisco,2021-01-19,2556,47778,1464,29345,1092,18433,0,0,1821,31828,735,7977,1824,39805,California
San Francisco,2021-01-20,2678,50456,1069,30414,1609,20042,0,0,1942,33037,733,8710,1942,41747,California
San Francisco,2021-01-21,3274,53730,924,31338,2350,22392,0,0,2452,34669,820,9530,2452,44199,California
San Francisco,2021-01-22,3168,56898,632,31970,2536,24928,0,0,2720,36943,446,9976,2720,46919,California
San Francisco,2021-01-23,3091,59989,606,32576,2485,27413,0,0,2726,39306,364,10340,2727,49646,California
San Francisco,2021-01-24,2420,62409,359,32935,2061,29474,0,0,2190,41271,225,10565,2190,51836,California
San Francisco,2021-01-25,4563,66972,1771,34706,2792,32266,0,0,3022,42761,1539,12104,3029,54865,California
San Francisco,2021-01-26,4634,71606,2114,36820,2520,34786,0,0,3059,44253,1573,13677,3065,57930,California
San Francisco,2021-01-27,4423,76029,2082,38902,2341,37127,0,0,3071,45977,1347,15024,3071,61001,California
San Francisco,2021-01-28,3749,79778,1552,40454,2197,39324,0,0,2577,47388,1166,16190,2577,63578,California
San Francisco,2021-01-29,4695,84473,1661,42115,3034,42358,0,0,3437,49574,1251,17441,3437,67015,California
San Francisco,2021-01-30,3721,88194,1794,43909,1927,44285,0,0,3320,52495,400,17841,3321,70336,California
San Francisco,2021-01-31,2395,90589,869,44778,1526,45811,0,0,2187,54478,206,18047,2189,72525,California
San Francisco,2021-02-01,3758,94347,1504,46282,2254,48065,0,0,2867,56457,891,18938,2870,75395,California
San Francisco,2021-02-02,4639,98986,1958,48240,2681,50746,0,0,2875,57574,1758,20696,2875,78270,California
San Francisco,2021-02-03,5049,104035,2362,50602,2687,53433,0,0,3752,60031,1295,21991,3752,82022,California
San Francisco,2021-02-04,5011,109046,2430,53032,2581,56014,0,0,3856,62734,1153,23144,3856,85878,California
San Francisco,2021-02-05,5909,114955,3186,56218,2723,58737,0,0,4584,65998,1322,24466,4586,90464,California
San Francisco,2021-02-06,5447,120402,3644,59862,1803,60540,0,0,4546,69647,897,25363,4546,95010,California
San Francisco,2021-02-07,4302,124704,3171,63033,1131,61671,0,0,3733,72814,568,25931,3735,98745,California
San Francisco,2021-02-08,6682,131386,4601,67634,2081,63752,0,0,5478,77107,1185,27116,5478,104223,California
San Francisco,2021-02-09,5906,137292,3984,71618,1922,65674,0,0,4360,79924,1543,28659,4360,108583,California
San Francisco,2021-02-10,6802,144094,4156,75774,2646,68320,0,0,5057,83245,1737,30396,5058,113641,California
San Francisco,2021-02-11,6650,150744,3937,79711,2713,71033,0,0,4847,86292,1801,32197,4848,118489,California
San Francisco,2021-02-12,5296,156040,2657,82368,2639,73672,0,0,3478,87953,1817,34014,3478,121967,California
San Francisco,2021-02-13,4273,160313,2486,84854,1787,75459,0,0,2949,89582,1322,35336,2951,124918,California
San Francisco,2021-02-14,3416,163729,2240,87094,1176,76635,0,0,2299,90766,1116,36452,2300,127218,California
San Francisco,2021-02-15,2753,166482,1490,88584,1263,77898,0,0,1670,91356,1082,37534,1672,128890,California
San Francisco,2021-02-16,4978,171460,2731,91315,2247,80145,0,0,2972,92335,1999,39533,2978,131868,California
San Francisco,2021-02-17,5416,176876,2701,94016,2715,82860,0,0,2987,92900,2422,41955,2987,134855,California
San Francisco,2021-02-18,5369,182245,2636,96652,2733,85593,0,0,2834,93200,2535,44490,2835,137690,California
San Francisco,2021-02-19,5621,187866,2640,99292,2981,88574,0,0,2929,93445,2684,47174,2929,140619,California
San Francisco,2021-02-20,4506,192372,2169,101461,2337,90911,0,0,1703,92355,2794,49968,1704,142323,California
San Francisco,2021-02-21,2698,195070,1338,102799,1360,92271,0,0,1125,91911,1569,51537,1125,143448,California
San Francisco,2021-02-22,5070,200140,3152,105951,1918,94189,0,0,2538,91926,2525,54062,2540,145988,California
San Francisco,2021-02-23,5428,205568,3081,109032,2347,96536,0,0,2771,92046,2652,56714,2772,148760,California
San Francisco,2021-02-24,8958,214526,5075,114107,3883,100419,0,0,4783,92665,4165,60879,4784,153544,California
San Francisco,2021-02-25,9746,224272,6857,120964,2889,103308,0,0,6296,95512,3450,64329,6297,159841,California
San Francisco,2021-02-26,11826,236098,7720,128684,4106,107414,0,0,6991,97671,4833,69162,6992,166833,California
San Francisco,2021-02-27,8817,244915,5624,134308,3192,110606,1,1,4456,97778,4352,73514,4459,171292,California
San Francisco,2021-02-28,7667,252582,5491,139799,2176,112782,0,1,3826,97766,3839,77353,3827,175119,California
San Francisco,2021-03-01,10508,263090,7102,146901,3406,116188,0,1,5102,97483,5387,82740,5104,180223,California
San Francisco,2021-03-02,8714,271804,5551,152452,3163,119351,0,1,5061,98898,3647,86387,5062,185285,California
San Francisco,2021-03-03,10289,282093,5991,158443,4298,123649,0,1,5442,99501,4839,91226,5442,190727,California
San Francisco,2021-03-04,7862,289955,5165,163608,2697,126346,0,1,4369,100384,3486,94712,4369,195096,California
San Francisco,2021-03-05,7770,297725,4817,168425,2950,129296,3,4,4848,102328,2910,97622,4854,199950,California
San Francisco,2021-03-06,6786,304511,4374,172799,2203,131499,209,213,4245,104229,2552,100174,4453,204403,California
San Francisco,2021-03-07,5082,309593,3947,176746,1074,132573,61,274,2846,104888,2249,102423,2908,207311,California
San Francisco,2021-03-08,7000,316593,5081,181827,1757,134330,162,436,5490,108998,1544,103967,5654,212965,California
San Francisco,2021-03-09,6624,323217,3829,185656,2415,136745,380,816,4516,111777,2115,106082,4894,217859,California
San Francisco,2021-03-10,10091,333308,5734,191390,3875,140620,482,1298,6182,114549,3894,109976,6666,224525,California
San Francisco,2021-03-11,9287,342595,5767,197157,2697,143317,823,2121,6099,118293,3176,113152,6920,231445,California
San Francisco,2021-03-12,9372,351967,5441,202598,2897,146214,1034,3155,5306,120595,4040,117192,6342,237787,California
San Francisco,2021-03-13,5924,357891,3554,206152,1412,147626,958,4113,3725,123084,2195,119387,4684,242471,California
San Francisco,2021-03-14,7251,365142,4716,210868,2302,149928,233,4346,3926,123927,3316,122703,4159,246630,California
San Francisco,2021-03-15,11920,377062,9014,219882,1973,151901,933,5279,8268,129488,3639,126342,9200,255830,California
San Francisco,2021-03-16,12009,389071,8179,228061,3374,155275,456,5735,8763,135472,3231,129573,9215,265045,California
San Francisco,2021-03-17,12814,401885,8018,236079,4257,159532,539,6274,9250,141720,3543,133116,9791,274836,California
San Francisco,2021-03-18,8730,410615,5982,242061,2232,161764,516,6790,4903,143330,3809,136925,5419,280255,California
San Francisco,2021-03-19,10454,421069,7761,249822,2332,164096,361,7151,5619,144495,4816,141741,5981,286236,California
San Francisco,2021-03-20,5863,426932,4294,254116,1296,165392,273,7424,3632,146189,2215,143956,3909,290145,California
San Francisco,2021-03-21,6211,433143,5640,259756,439,165831,132,7556,3553,147225,2650,146606,3686,293831,California
San Francisco,2021-03-22,9661,442804,6803,266559,2038,167869,820,8376,5120,148645,4519,151125,5939,299770,California
San Francisco,2021-03-23,11195,453999,7391,273950,3165,171034,639,9015,6843,151813,4324,155449,7492,307262,California
San Francisco,2021-03-24,12134,466133,9201,283151,2401,173435,532,9547,6366,153023,5736,161185,6946,314208,California
San Francisco,2021-03-25,11686,477819,8494,291645,2663,176098,529,10076,5984,153932,5647,166832,6556,320764,California
San Francisco,2021-03-26,11673,489492,8012,299657,3429,179527,232,10308,6167,154937,5479,172311,6484,327248,California
San Francisco,2021-03-27,8353,497845,5617,305274,2511,182038,225,10533,3853,154599,4486,176797,4148,331396,California
San Francisco,2021-03-28,6363,504208,5039,310313,1284,183322,40,10573,3049,154399,3297,180094,3097,334493,California
San Francisco,2021-03-29,11157,515365,7659,317972,3312,186634,186,10759,5054,153604,6084,186178,5289,339782,California
San Francisco,2021-03-30,11444,526809,7123,325095,4033,190667,288,11047,7002,156518,4420,190598,7334,347116,California
San Francisco,2021-03-31,12121,538930,7997,333092,3819,194486,305,11352,5878,156646,6212,196810,6340,353456,California
San Francisco,2021-04-01,13371,552301,7191,340283,4555,199041,1625,12977,5846,157169,7490,204300,8013,361469,California
San Francisco,2021-04-02,11511,563812,4875,345158,5276,204317,1360,14337,5742,159050,5754,210054,7635,369104,California
San Joaquin,2020-12-15,12,12,12,12,0,0,0,0,12,12,0,0,12,12,California
San Joaquin,2020-12-16,436,448,436,448,0,0,0,0,436,448,0,0,436,448,California
San Joaquin,2020-12-17,386,834,386,834,0,0,0,0,386,834,0,0,386,834,California
San Joaquin,2020-12-18,574,1408,549,1383,25,25,0,0,574,1408,0,0,574,1408,California
San Joaquin,2020-12-19,202,1610,202,1585,0,25,0,0,202,1610,0,0,202,1610,California
San Joaquin,2020-12-20,112,1722,112,1697,0,25,0,0,112,1722,0,0,112,1722,California
San Joaquin,2020-12-21,556,2278,551,2248,5,30,0,0,556,2278,0,0,556,2278,California
San Joaquin,2020-12-22,1054,3332,895,3143,159,189,0,0,1053,3331,0,0,1053,3331,California
San Joaquin,2020-12-23,1023,4355,956,4099,67,256,0,0,1021,4352,0,0,1021,4352,California
San Joaquin,2020-12-24,221,4576,193,4292,28,284,0,0,220,4572,0,0,220,4572,California
San Joaquin,2020-12-25,14,4590,14,4306,0,284,0,0,14,4586,0,0,14,4586,California
San Joaquin,2020-12-26,100,4690,28,4334,72,356,0,0,100,4686,0,0,100,4686,California
San Joaquin,2020-12-27,40,4730,29,4363,11,367,0,0,40,4726,0,0,40,4726,California
San Joaquin,2020-12-28,646,5376,440,4803,206,573,0,0,646,5372,0,0,646,5372,California
San Joaquin,2020-12-29,874,6250,738,5541,136,709,0,0,874,6246,0,0,874,6246,California
San Joaquin,2020-12-30,1047,7297,742,6283,305,1014,0,0,1046,7292,0,0,1046,7292,California
San Joaquin,2020-12-31,450,7747,200,6483,250,1264,0,0,451,7743,0,0,451,7743,California
San Joaquin,2021-01-01,16,7763,10,6493,6,1270,0,0,16,7759,0,0,16,7759,California
San Joaquin,2021-01-02,250,8013,228,6721,22,1292,0,0,249,8008,0,0,249,8008,California
San Joaquin,2021-01-03,35,8048,18,6739,17,1309,0,0,34,8041,1,1,34,8042,California
San Joaquin,2021-01-04,484,8532,341,7080,143,1452,0,0,481,8522,0,1,481,8523,California
San Joaquin,2021-01-05,1021,9553,713,7793,308,1760,0,0,850,9203,172,173,853,9376,California
San Joaquin,2021-01-06,1303,10856,784,8577,519,2279,0,0,938,9785,360,533,942,10318,California
San Joaquin,2021-01-07,1130,11986,718,9295,412,2691,0,0,806,10273,320,853,808,11126,California
San Joaquin,2021-01-08,1339,13325,949,10244,390,3081,0,0,806,10551,529,1382,807,11933,California
San Joaquin,2021-01-09,373,13698,298,10542,75,3156,0,0,245,10668,128,1510,245,12178,California
San Joaquin,2021-01-10,217,13915,111,10653,106,3262,0,0,167,10785,50,1560,167,12345,California
San Joaquin,2021-01-11,1568,15483,1360,12013,208,3470,0,0,923,11069,644,2204,928,13273,California
San Joaquin,2021-01-12,1520,17003,1082,13095,438,3908,0,0,759,11078,759,2963,768,14041,California
San Joaquin,2021-01-13,1481,18484,844,13939,637,4545,0,0,959,11517,523,3486,962,15003,California
San Joaquin,2021-01-14,1590,20074,905,14844,685,5230,0,0,1225,12414,334,3820,1231,16234,California
San Joaquin,2021-01-15,1573,21647,681,15525,892,6122,0,0,1325,13514,227,4047,1327,17561,California
San Joaquin,2021-01-16,1174,22821,193,15718,981,7103,0,0,1149,14638,25,4072,1149,18710,California
San Joaquin,2021-01-17,1648,24469,125,15843,1523,8626,0,0,1619,16230,29,4101,1621,20331,California
San Joaquin,2021-01-18,720,25189,239,16082,481,9107,0,0,598,16710,118,4219,598,20929,California
San Joaquin,2021-01-19,1888,27077,898,16980,990,10097,0,0,1181,17192,704,4923,1186,22115,California
San Joaquin,2021-01-20,2138,29215,1315,18295,823,10920,0,0,1461,17983,676,5599,1467,23582,California
San Joaquin,2021-01-21,2004,31219,937,19232,1067,11987,0,0,1582,19154,417,6016,1588,25170,California
San Joaquin,2021-01-22,1984,33203,967,20199,1017,13004,0,0,1838,20853,143,6159,1842,27012,California
San Joaquin,2021-01-23,933,34136,401,20600,532,13536,0,0,661,21246,270,6429,663,27675,California
San Joaquin,2021-01-24,338,34474,129,20729,209,13745,0,0,317,21544,19,6448,317,27992,California
San Joaquin,2021-01-25,2012,36486,1173,21902,839,14584,0,0,1437,22411,574,7022,1441,29433,California
San Joaquin,2021-01-26,2203,38689,1165,23067,1038,15622,0,0,1560,23335,640,7662,1564,30997,California
San Joaquin,2021-01-27,1816,40505,820,23887,996,16618,0,0,1306,24140,507,8169,1312,32309,California
San Joaquin,2021-01-28,2146,42651,851,24738,1295,17913,0,0,1465,24929,679,8848,1468,33777,California
San Joaquin,2021-01-29,2270,44921,1142,25880,1128,19041,0,0,1891,26453,374,9222,1898,35675,California
San Joaquin,2021-01-30,2385,47306,333,26213,2052,21093,0,0,2205,28499,161,9383,2207,37882,California
San Joaquin,2021-01-31,1573,48879,181,26394,1392,22485,0,0,1496,29934,62,9445,1497,39379,California
San Joaquin,2021-02-01,2638,51517,1416,27810,1222,23707,0,0,1864,31030,769,10214,1865,41244,California
San Joaquin,2021-02-02,2709,54226,1244,29054,1465,25172,0,0,2078,32489,623,10837,2082,43326,California
San Joaquin,2021-02-03,3191,57417,1308,30362,1883,27055,0,0,2302,33912,884,11721,2307,45633,California
San Joaquin,2021-02-04,3561,60978,1812,32174,1749,28804,0,0,2745,35850,810,12531,2748,48381,California
San Joaquin,2021-02-05,3372,64350,1963,34137,1409,30213,0,0,2501,37486,868,13399,2504,50885,California
San Joaquin,2021-02-06,1132,65482,789,34926,343,30556,0,0,960,38278,170,13569,962,51847,California
San Joaquin,2021-02-07,612,66094,486,35412,126,30682,0,0,417,38507,188,13757,417,52264,California
San Joaquin,2021-02-08,1804,67898,1081,36493,723,31405,0,0,1501,39707,306,14063,1506,53770,California
San Joaquin,2021-02-09,2096,69994,1181,37674,915,32320,0,0,1638,40893,455,14518,1641,55411,California
San Joaquin,2021-02-10,2663,72657,1309,38983,1354,33674,0,0,1404,41065,1232,15750,1404,56815,California
San Joaquin,2021-02-11,2961,75618,1565,40548,1396,35070,0,0,1798,41726,1142,16892,1803,58618,California
San Joaquin,2021-02-12,2852,78470,1203,41751,1649,36719,0,0,1696,42277,1149,18041,1700,60318,California
San Joaquin,2021-02-13,2130,80600,404,42155,1726,38445,0,0,853,41870,1268,19309,861,61179,California
San Joaquin,2021-02-14,1889,82489,257,42412,1632,40077,0,0,684,41363,1192,20501,685,61864,California
San Joaquin,2021-02-15,1959,84448,823,43235,1136,41213,0,0,1187,41805,750,21251,1192,63056,California
San Joaquin,2021-02-16,3182,87630,1449,44684,1733,42946,0,0,1727,42095,1444,22695,1734,64790,California
San Joaquin,2021-02-17,3394,91024,1366,46050,2028,44974,0,0,1932,42583,1448,24143,1936,66726,California
San Joaquin,2021-02-18,3524,94548,1502,47552,2022,46996,0,0,2019,43127,1483,25626,2027,68753,California
San Joaquin,2021-02-19,4681,99229,2774,50326,1907,48903,0,0,2815,44113,1830,27456,2816,71569,California
San Joaquin,2021-02-20,1654,100883,638,50964,1016,49919,0,0,1145,44752,506,27962,1145,72714,California
San Joaquin,2021-02-21,610,101493,450,51414,160,50079,0,0,395,44933,215,28177,396,73110,California
San Joaquin,2021-02-22,4096,105589,3016,54430,1080,51159,0,0,3062,46991,1009,29186,3067,76177,California
San Joaquin,2021-02-23,4884,110473,3276,57706,1608,52767,0,0,3279,48705,1582,30768,3296,79473,California
San Joaquin,2021-02-24,6726,117199,4299,62005,2427,55194,0,0,5018,52050,1687,32455,5032,84505,California
San Joaquin,2021-02-25,7179,124378,4790,66795,2389,57583,0,0,4882,54676,2271,34726,4897,89402,California
San Joaquin,2021-02-26,6033,130411,3376,70171,2657,60240,0,0,4260,57207,1741,36467,4272,93674,California
San Joaquin,2021-02-27,5597,136008,1609,71780,3988,64228,0,0,2642,56947,2920,39387,2660,96334,California
San Joaquin,2021-02-28,3023,139031,1093,72873,1930,66158,0,0,1987,57917,1024,40411,1994,98328,California
San Joaquin,2021-03-01,4194,143225,1825,74698,2369,68527,0,0,2273,58293,1906,42317,2282,100610,California
San Joaquin,2021-03-02,4183,147408,1683,76381,2500,71027,0,0,2573,59342,1596,43913,2645,103255,California
San Joaquin,2021-03-03,6072,153480,3870,80251,2200,73227,2,2,4441,62179,1611,45524,4448,107703,California
San Joaquin,2021-03-04,5210,158690,2424,82675,2785,76012,1,3,3143,63359,1973,47497,3153,110856,California
San Joaquin,2021-03-05,4381,163071,1906,84581,2473,78485,2,5,2965,64929,1404,48901,2974,113830,California
San Joaquin,2021-03-06,3520,166591,2433,87014,965,79450,122,127,2935,67421,578,49479,3070,116900,California
San Joaquin,2021-03-07,1209,167800,545,87559,623,80073,41,168,939,68133,254,49733,966,117866,California
San Joaquin,2021-03-08,2988,170788,1201,88760,1683,81756,104,272,2015,69295,966,50699,2128,119994,California
San Joaquin,2021-03-09,4260,175048,1886,90646,2253,84009,121,393,2714,70606,1529,52228,2840,122834,California
San Joaquin,2021-03-10,5042,180090,2645,93291,2272,86281,125,518,3575,72855,1451,53679,3700,126534,California
San Joaquin,2021-03-11,5230,185320,2496,95787,2155,88436,579,1097,2900,74023,2317,55996,3485,130019,California
San Joaquin,2021-03-12,6621,191941,3493,99280,2851,91287,277,1374,3912,75631,2689,58685,4297,134316,California
San Joaquin,2021-03-13,3018,194959,1533,100813,1364,92651,121,1495,2130,77079,881,59566,2329,136645,California
San Joaquin,2021-03-14,1829,196788,584,101397,950,93601,295,1790,938,77430,887,60453,1238,137883,California
San Joaquin,2021-03-15,6605,203393,4047,105444,2160,95761,398,2188,3266,77798,3322,63775,3690,141573,California
San Joaquin,2021-03-16,7688,211081,4711,110155,2731,98492,246,2434,4314,79006,3366,67141,4574,146147,California
San Joaquin,2021-03-17,8933,220014,5796,115951,3065,101557,72,2506,4688,79553,4227,71368,4774,150921,California
San Joaquin,2021-03-18,8445,228459,5352,121303,2597,104154,496,3002,3894,79427,4518,75886,4392,155313,California
San Joaquin,2021-03-19,8341,236800,5016,126319,2791,106945,534,3536,4808,81299,3514,79400,5386,160699,California
San Joaquin,2021-03-20,3512,240312,1949,128268,1343,108288,220,3756,1740,81527,1754,81154,1982,162681,California
San Joaquin,2021-03-21,2311,242623,1669,129937,430,108718,212,3968,1386,82273,921,82075,1667,164348,California
San Joaquin,2021-03-22,4342,246965,2345,132282,1586,110304,411,4379,2736,83835,1594,83669,3156,167504,California
San Joaquin,2021-03-23,5511,252476,2881,135163,2469,112773,161,4540,3877,86263,1618,85287,4046,171550,California
San Joaquin,2021-03-24,7342,259818,4672,139835,2585,115358,85,4625,3179,85402,4145,89432,3284,174834,California
San Joaquin,2021-03-25,5752,265570,3418,143253,2296,117654,38,4663,3509,86750,2223,91655,3571,178405,California
San Joaquin,2021-03-26,6126,271696,2487,145740,3588,121242,51,4714,3285,87331,2809,94464,3390,181795,California
San Joaquin,2021-03-27,4934,276630,2765,148505,2129,123371,40,4754,1931,86355,2985,97449,2009,183804,California
San Joaquin,2021-03-28,2761,279391,1830,150335,904,124275,27,4781,1401,86533,1346,98795,1524,185328,California
San Joaquin,2021-03-29,4046,283437,2238,152573,1780,126055,28,4809,2180,86939,1850,100645,2256,187584,California
San Joaquin,2021-03-30,5629,289066,2726,155299,2869,128924,34,4843,3149,87695,2466,103111,3222,190806,California
San Joaquin,2021-03-31,5492,294558,2987,158286,2464,131388,41,4884,3153,88610,2327,105438,3242,194048,California
San Joaquin,2021-04-01,5257,299815,2697,160983,2505,133893,55,4939,3035,89597,2208,107646,3195,197243,California
San Joaquin,2021-04-02,2982,302797,1104,162087,1438,135331,440,5379,1343,89812,1628,109274,1843,199086,California
San Luis Obispo,2020-12-16,4,4,4,4,0,0,0,0,4,4,0,0,4,4,California
San Luis Obispo,2020-12-17,196,200,196,200,0,0,0,0,196,200,0,0,196,200,California
San Luis Obispo,2020-12-18,223,423,223,423,0,0,0,0,223,423,0,0,223,423,California
San Luis Obispo,2020-12-19,164,587,164,587,0,0,0,0,164,587,0,0,164,587,California
San Luis Obispo,2020-12-20,215,802,215,802,0,0,0,0,215,802,0,0,215,802,California
San Luis Obispo,2020-12-21,552,1354,552,1354,0,0,0,0,552,1354,0,0,552,1354,California
San Luis Obispo,2020-12-22,307,1661,303,1657,4,4,0,0,307,1661,0,0,307,1661,California
San Luis Obispo,2020-12-23,683,2344,370,2027,313,317,0,0,683,2344,0,0,683,2344,California
San Luis Obispo,2020-12-24,195,2539,19,2046,176,493,0,0,195,2539,0,0,195,2539,California
San Luis Obispo,2020-12-25,2,2541,1,2047,1,494,0,0,2,2541,0,0,2,2541,California
San Luis Obispo,2020-12-26,90,2631,12,2059,78,572,0,0,90,2631,0,0,90,2631,California
San Luis Obispo,2020-12-27,75,2706,0,2059,75,647,0,0,75,2706,0,0,75,2706,California
San Luis Obispo,2020-12-28,878,3584,431,2490,447,1094,0,0,878,3584,0,0,878,3584,California
San Luis Obispo,2020-12-29,903,4487,502,2992,401,1495,0,0,903,4487,0,0,903,4487,California
San Luis Obispo,2020-12-30,1175,5662,682,3674,493,1988,0,0,1175,5662,0,0,1175,5662,California
San Luis Obispo,2020-12-31,106,5768,4,3678,102,2090,0,0,106,5768,0,0,106,5768,California
San Luis Obispo,2021-01-01,11,5779,7,3685,4,2094,0,0,11,5779,0,0,11,5779,California
San Luis Obispo,2021-01-02,31,5810,7,3692,24,2118,0,0,31,5810,0,0,31,5810,California
San Luis Obispo,2021-01-03,16,5826,6,3698,10,2128,0,0,16,5826,0,0,16,5826,California
San Luis Obispo,2021-01-04,675,6501,525,4223,150,2278,0,0,675,6501,0,0,675,6501,California
San Luis Obispo,2021-01-05,978,7479,760,4983,218,2496,0,0,976,7475,2,2,976,7477,California
San Luis Obispo,2021-01-06,728,8207,483,5466,245,2741,0,0,720,8188,7,9,720,8197,California
San Luis Obispo,2021-01-07,1129,9336,950,6416,179,2920,0,0,687,8433,442,451,687,8884,California
San Luis Obispo,2021-01-08,881,10217,805,7221,76,2996,0,0,511,8576,369,820,512,9396,California
San Luis Obispo,2021-01-09,206,10423,198,7419,8,3004,0,0,28,8426,178,998,28,9424,California
San Luis Obispo,2021-01-10,11,10434,7,7426,4,3008,0,0,7,8429,4,1002,7,9431,California
San Luis Obispo,2021-01-11,526,10960,476,7902,50,3058,0,0,264,8432,261,1263,264,9695,California
San Luis Obispo,2021-01-12,598,11558,380,8282,218,3276,0,0,320,8474,278,1541,320,10015,California
San Luis Obispo,2021-01-13,881,12439,254,8536,627,3903,0,0,642,8879,237,1778,642,10657,California
San Luis Obispo,2021-01-14,730,13169,242,8778,488,4391,0,0,605,9372,112,1890,605,11262,California
San Luis Obispo,2021-01-15,735,13904,292,9070,443,4834,0,0,557,9756,173,2063,557,11819,California
San Luis Obispo,2021-01-16,99,14003,81,9151,18,4852,0,0,94,9845,5,2068,94,11913,California
San Luis Obispo,2021-01-17,66,14069,60,9211,6,4858,0,0,66,9911,0,2068,66,11979,California
San Luis Obispo,2021-01-18,1374,15443,389,9600,985,5843,0,0,1112,10761,262,2330,1112,13091,California
San Luis Obispo,2021-01-19,1584,17027,419,10019,1165,7008,0,0,1176,11529,408,2738,1176,14267,California
San Luis Obispo,2021-01-20,1885,18912,598,10617,1287,8295,0,0,1295,12237,588,3326,1296,15563,California
San Luis Obispo,2021-01-21,1568,20480,466,11083,1102,9397,0,0,1196,13064,369,3695,1196,16759,California
San Luis Obispo,2021-01-22,1517,21997,508,11591,1009,10406,0,0,1202,13953,313,4008,1202,17961,California
San Luis Obispo,2021-01-23,309,22306,292,11883,17,10423,0,0,294,14232,15,4023,294,18255,California
San Luis Obispo,2021-01-24,244,22550,238,12121,6,10429,0,0,239,14465,6,4029,239,18494,California
San Luis Obispo,2021-01-25,2071,24621,607,12728,1464,11893,0,0,1243,14882,828,4857,1245,19739,California
San Luis Obispo,2021-01-26,1998,26619,702,13430,1296,13189,0,0,1131,15148,865,5722,1131,20870,California
San Luis Obispo,2021-01-27,1609,28228,277,13707,1332,14521,0,0,1146,15831,463,6185,1146,22016,California
San Luis Obispo,2021-01-28,1475,29703,336,14043,1139,15660,0,0,1213,16783,261,6446,1213,23229,California
San Luis Obispo,2021-01-29,1724,31427,676,14719,1048,16708,0,0,1442,17943,282,6728,1442,24671,California
San Luis Obispo,2021-01-30,35,31462,16,14735,19,16727,0,0,25,17959,9,6737,25,24696,California
San Luis Obispo,2021-01-31,25,31487,20,14755,5,16732,0,0,22,17978,3,6740,22,24718,California
San Luis Obispo,2021-02-01,1650,33137,701,15456,949,17681,0,0,1382,19092,268,7008,1382,26100,California
San Luis Obispo,2021-02-02,1889,35026,673,16129,1216,18897,0,0,1512,20228,376,7384,1512,27612,California
San Luis Obispo,2021-02-03,1697,36723,726,16855,971,19868,0,0,1286,21103,411,7795,1286,28898,California
San Luis Obispo,2021-02-04,1654,38377,800,17655,854,20722,0,0,1086,21622,567,8362,1086,29984,California
San Luis Obispo,2021-02-05,1591,39968,719,18374,872,21594,0,0,1047,22125,545,8907,1048,31032,California
San Luis Obispo,2021-02-06,158,40126,92,18466,66,21660,0,0,94,22155,64,8971,94,31126,California
San Luis Obispo,2021-02-07,142,40268,97,18563,45,21705,0,0,73,22159,69,9040,73,31199,California
San Luis Obispo,2021-02-08,849,41117,463,19026,386,22091,0,0,490,22291,358,9398,490,31689,California
San Luis Obispo,2021-02-09,1118,42235,445,19471,673,22764,0,0,537,22259,576,9974,544,32233,California
San Luis Obispo,2021-02-10,1425,43660,487,19958,938,23702,0,0,521,21882,901,10875,524,32757,California
San Luis Obispo,2021-02-11,1326,44986,839,20797,487,24189,0,0,653,21865,670,11545,653,33410,California
San Luis Obispo,2021-02-12,776,45762,357,21154,419,24608,0,0,410,21909,366,11911,410,33820,California
San Luis Obispo,2021-02-13,385,46147,124,21278,261,24869,0,0,278,22081,106,12017,278,34098,California
San Luis Obispo,2021-02-14,308,46455,42,21320,266,25135,0,0,271,22315,37,12054,271,34369,California
San Luis Obispo,2021-02-15,708,47163,133,21453,575,25710,0,0,455,22520,250,12304,455,34824,California
San Luis Obispo,2021-02-16,2955,50118,1189,22642,1766,27476,0,0,1350,22274,1596,13900,1350,36174,California
San Luis Obispo,2021-02-17,2762,52880,1223,23865,1539,29015,0,0,1024,21567,1731,15631,1024,37198,California
San Luis Obispo,2021-02-18,2809,55689,1442,25307,1367,30382,0,0,1125,21015,1677,17308,1125,38323,California
San Luis Obispo,2021-02-19,1436,57125,1318,26625,118,30500,0,0,1113,21807,322,17630,1114,39437,California
San Luis Obispo,2021-02-20,253,57378,84,26709,169,30669,0,0,217,21988,36,17666,217,39654,California
San Luis Obispo,2021-02-21,44,57422,41,26750,3,30672,0,0,28,22000,16,17682,28,39682,California
San Luis Obispo,2021-02-22,2397,59819,1850,28600,547,31219,0,0,1458,22519,939,18621,1458,41140,California
San Luis Obispo,2021-02-23,1852,61671,1739,30339,113,31332,0,0,1365,23399,485,19106,1365,42505,California
San Luis Obispo,2021-02-24,2635,64306,1294,31633,1341,32673,0,0,832,22430,1801,20907,832,43337,California
San Luis Obispo,2021-02-25,2119,66425,1238,32871,881,33554,0,0,1200,22718,913,21820,1201,44538,California
San Luis Obispo,2021-02-26,2610,69035,1128,33999,1482,35036,0,0,1308,22729,1297,23117,1308,45846,California
San Luis Obispo,2021-02-27,568,69603,344,34343,224,35260,0,0,521,23203,47,23164,521,46367,California
San Luis Obispo,2021-02-28,196,69799,73,34416,123,35383,0,0,165,23341,27,23191,165,46532,California
San Luis Obispo,2021-03-01,2886,72685,1784,36200,1101,36484,1,1,1980,24418,906,24097,1983,48515,California
San Luis Obispo,2021-03-02,2737,75422,1686,37886,1051,37535,0,1,1653,24990,1082,25179,1654,50169,California
San Luis Obispo,2021-03-03,2064,77486,291,38177,1773,39308,0,1,690,24310,1371,26550,691,50860,California
San Luis Obispo,2021-03-04,1971,79457,1007,39184,964,40272,0,1,1022,24388,947,27497,1025,51885,California
San Luis Obispo,2021-03-05,2099,81556,889,40073,1141,41413,69,70,1151,24668,940,28437,1220,53105,California
San Luis Obispo,2021-03-06,804,82360,303,40376,405,41818,96,166,601,25156,203,28640,691,53796,California
San Luis Obispo,2021-03-07,205,82565,35,40411,91,41909,79,245,81,25194,123,28763,161,53957,California
San Luis Obispo,2021-03-08,2496,85061,724,41135,1472,43381,300,545,1346,25695,1149,29912,1650,55607,California
San Luis Obispo,2021-03-09,2715,87776,895,42030,1577,44958,243,788,1350,25926,1362,31274,1593,57200,California
San Luis Obispo,2021-03-10,2602,90378,985,43015,1437,46395,180,968,1387,26279,1214,32488,1567,58767,California
San Luis Obispo,2021-03-11,2638,93016,1109,44124,1250,47645,279,1247,1418,26759,1216,33704,1696,60463,California
San Luis Obispo,2021-03-12,2658,95674,1172,45296,1227,48872,259,1506,1299,26965,1354,35058,1560,62023,California
San Luis Obispo,2021-03-13,562,96236,227,45523,224,49096,111,1617,345,27203,217,35275,455,62478,California
San Luis Obispo,2021-03-14,320,96556,41,45564,172,49268,107,1724,77,27145,242,35517,184,62662,California
San Luis Obispo,2021-03-15,2753,99309,1047,46611,1615,50883,91,1815,1284,27055,1466,36983,1376,64038,California
San Luis Obispo,2021-03-16,2600,101909,1436,48047,1065,51948,99,1914,1262,27083,1333,38316,1361,65399,California
San Luis Obispo,2021-03-17,3002,104911,1345,49392,1425,53373,232,2146,1655,27627,1343,39659,1887,67286,California
San Luis Obispo,2021-03-18,2276,107187,1255,50647,844,54217,177,2323,963,27456,1312,40971,1141,68427,California
San Luis Obispo,2021-03-19,2192,109379,1360,52007,526,54743,306,2629,713,27001,1478,42449,1023,69450,California
San Luis Obispo,2021-03-20,714,110093,463,52470,217,54960,34,2663,312,26946,401,42850,346,69796,California
San Luis Obispo,2021-03-21,184,110277,49,52519,132,55092,3,2666,157,27079,27,42877,160,69956,California
San Luis Obispo,2021-03-22,2521,112798,1146,53665,1338,56430,37,2703,1720,28068,800,43677,1789,71745,California
San Luis Obispo,2021-03-23,3268,116066,2166,55831,1088,57518,14,2717,2178,29230,1087,44764,2249,73994,California
San Luis Obispo,2021-03-24,3321,119387,2039,57870,1211,58729,71,2788,2482,30997,835,45599,2602,76596,California
San Luis Obispo,2021-03-25,3550,122937,2259,60129,1280,60009,11,2799,2532,32600,1018,46617,2621,79217,California
San Luis Obispo,2021-03-26,3094,126031,1732,61861,939,60948,423,3222,1724,33441,1367,47984,2208,81425,California
San Luis Obispo,2021-03-27,970,127001,501,62362,390,61338,79,3301,453,33459,517,48501,535,81960,California
San Luis Obispo,2021-03-28,447,127448,155,62517,237,61575,55,3356,242,33552,205,48706,298,82258,California
San Luis Obispo,2021-03-29,2537,129985,1236,63753,1172,62747,129,3485,1621,34450,906,49612,1804,84062,California
San Luis Obispo,2021-03-30,3467,133452,1891,65644,1443,64190,133,3618,2338,35871,1126,50738,2547,86609,California
San Luis Obispo,2021-03-31,3745,137197,2419,68063,1187,65377,139,3757,2476,37478,1258,51996,2865,89474,California
San Luis Obispo,2021-04-01,2336,139533,1317,69380,936,66313,83,3840,1607,38468,723,52719,1713,91187,California
San Luis Obispo,2021-04-02,489,140022,108,69488,365,66678,16,3856,378,38753,111,52830,396,91583,California
San Mateo,2020-12-15,25,25,25,25,0,0,0,0,25,25,0,0,25,25,California
San Mateo,2020-12-16,105,130,105,130,0,0,0,0,105,130,0,0,105,130,California
San Mateo,2020-12-17,179,309,179,309,0,0,0,0,179,309,0,0,179,309,California
San Mateo,2020-12-18,768,1077,766,1075,2,2,0,0,767,1075,1,1,767,1076,California
San Mateo,2020-12-19,525,1602,525,1600,0,2,0,0,525,1600,0,1,525,1601,California
San Mateo,2020-12-20,513,2115,512,2112,1,3,0,0,513,2113,0,1,513,2114,California
San Mateo,2020-12-21,1155,3270,1155,3267,0,3,0,0,1155,3268,0,1,1155,3269,California
San Mateo,2020-12-22,1510,4780,1503,4770,7,10,0,0,1510,4778,0,1,1510,4779,California
San Mateo,2020-12-23,1561,6341,1375,6145,186,196,0,0,1561,6339,0,1,1561,6340,California
San Mateo,2020-12-24,859,7200,603,6748,256,452,0,0,859,7198,0,1,859,7199,California
San Mateo,2020-12-25,112,7312,108,6856,4,456,0,0,112,7310,0,1,112,7311,California
San Mateo,2020-12-26,555,7867,412,7268,143,599,0,0,555,7865,0,1,555,7866,California
San Mateo,2020-12-27,297,8164,168,7436,129,728,0,0,297,8162,0,1,297,8163,California
San Mateo,2020-12-28,1038,9202,693,8129,345,1073,0,0,1038,9200,0,1,1038,9201,California
San Mateo,2020-12-29,1123,10325,705,8834,418,1491,0,0,1123,10323,0,1,1123,10324,California
San Mateo,2020-12-30,1259,11584,757,9591,502,1993,0,0,1258,11580,1,2,1258,11582,California
San Mateo,2020-12-31,706,12290,222,9813,484,2477,0,0,705,12284,1,3,705,12287,California
San Mateo,2021-01-01,35,12325,30,9843,5,2482,0,0,35,12319,0,3,35,12322,California
San Mateo,2021-01-02,395,12720,266,10109,129,2611,0,0,395,12714,0,3,395,12717,California
San Mateo,2021-01-03,281,13001,206,10315,75,2686,0,0,277,12987,4,7,277,12994,California
San Mateo,2021-01-04,1050,14051,677,10992,373,3059,0,0,1049,14035,1,8,1049,14043,California
San Mateo,2021-01-05,1183,15234,695,11687,488,3547,0,0,1155,15163,28,36,1156,15199,California
San Mateo,2021-01-06,1440,16674,948,12635,492,4039,0,0,1259,16244,178,214,1259,16458,California
San Mateo,2021-01-07,1421,18095,775,13410,646,4685,0,0,1143,17118,271,485,1145,17603,California
San Mateo,2021-01-08,1814,19909,1169,14579,645,5330,0,0,1130,17569,680,1165,1131,18734,California
San Mateo,2021-01-09,1188,21097,787,15366,401,5731,0,0,740,17861,448,1613,740,19474,California
San Mateo,2021-01-10,680,21777,552,15918,128,5859,0,0,257,17695,423,2036,257,19731,California
San Mateo,2021-01-11,2410,24187,1305,17223,1105,6964,0,0,1501,18288,910,2946,1503,21234,California
San Mateo,2021-01-12,3276,27463,1764,18987,1512,8476,0,0,2090,19196,1186,4132,2094,23328,California
San Mateo,2021-01-13,3464,30927,1747,20734,1717,10193,0,0,2437,20608,1027,5159,2439,25767,California
San Mateo,2021-01-14,3760,34687,1567,22301,2193,12386,0,0,3087,23028,672,5831,3092,28859,California
San Mateo,2021-01-15,4379,39066,1806,24107,2573,14959,0,0,3796,26248,581,6412,3801,32660,California
San Mateo,2021-01-16,3128,42194,820,24927,2308,17267,0,0,2773,28667,355,6767,2774,35434,California
San Mateo,2021-01-17,1316,43510,308,25235,1008,18275,0,0,1112,29575,204,6971,1112,36546,California
San Mateo,2021-01-18,1394,44904,556,25791,838,19113,0,0,989,30167,403,7374,995,37541,California
San Mateo,2021-01-19,2776,47680,1766,27557,1010,20123,0,0,1997,31391,778,8152,2002,39543,California
San Mateo,2021-01-20,2640,50320,1392,28949,1248,21371,0,0,1806,32369,829,8981,1807,41350,California
San Mateo,2021-01-21,2803,53123,1279,30228,1524,22895,0,0,2225,34022,577,9558,2230,43580,California
San Mateo,2021-01-22,2837,55960,1179,31407,1658,24553,0,0,2492,36171,343,9901,2492,46072,California
San Mateo,2021-01-23,2884,58844,1689,33096,1195,25748,0,0,2524,38336,360,10261,2525,48597,California
San Mateo,2021-01-24,1581,60425,397,33493,1184,26932,0,0,1252,39261,327,10588,1252,49849,California
San Mateo,2021-01-25,4394,64819,3116,36609,1278,28210,0,0,3534,41941,857,11445,3537,53386,California
San Mateo,2021-01-26,4298,69117,2997,39606,1301,29511,0,0,3380,44404,917,12362,3380,56766,California
San Mateo,2021-01-27,2747,71864,1433,41039,1314,30825,0,0,1778,45217,965,13327,1778,58544,California
San Mateo,2021-01-28,2793,74657,1359,42398,1434,32259,0,0,1939,46321,835,14162,1939,60483,California
San Mateo,2021-01-29,2905,77562,1271,43669,1634,33893,0,0,2133,47685,769,14931,2133,62616,California
San Mateo,2021-01-30,3231,80793,1336,45005,1895,35788,0,0,2912,50280,318,15249,2913,65529,California
San Mateo,2021-01-31,1908,82701,1125,46130,783,36571,0,0,1519,51416,384,15633,1520,67049,California
San Mateo,2021-02-01,2908,85609,1334,47464,1574,38145,0,0,2208,52931,696,16329,2211,69260,California
San Mateo,2021-02-02,3145,88754,1722,49186,1423,39568,0,0,2139,54066,1004,17333,2139,71399,California
San Mateo,2021-02-03,4863,93617,1937,51123,2926,42494,0,0,3816,56839,1044,18377,3817,75216,California
San Mateo,2021-02-04,6275,99892,2586,53709,3689,46183,0,0,4918,60408,1351,19728,4920,80136,California
San Mateo,2021-02-05,6767,106659,2546,56255,4221,50404,0,0,4949,63558,1800,21528,4950,85086,California
San Mateo,2021-02-06,3287,109946,1920,58175,1367,51771,0,0,2633,65538,654,22182,2634,87720,California
San Mateo,2021-02-07,1889,111835,1332,59507,557,52328,0,0,1703,67055,186,22368,1703,89423,California
San Mateo,2021-02-08,5261,117096,2235,61742,3026,55354,0,0,3086,68029,2112,24480,3086,92509,California
San Mateo,2021-02-09,6160,123256,3212,64954,2948,58302,0,0,3324,68521,2832,27312,3324,95833,California
San Mateo,2021-02-10,6499,129755,3282,68236,3217,61519,0,0,3544,69119,2946,30258,3544,99377,California
San Mateo,2021-02-11,6997,136752,3563,71799,3434,64953,0,0,3788,69708,3201,33459,3790,103167,California
San Mateo,2021-02-12,6576,143328,2949,74748,3627,68580,0,0,4678,72494,1893,35352,4679,107846,California
San Mateo,2021-02-13,6075,149403,3982,78730,2093,70673,0,0,2635,71692,3437,38789,2635,110481,California
San Mateo,2021-02-14,4620,154023,3014,81744,1606,72279,0,0,1965,71006,2652,41441,1966,112447,California
San Mateo,2021-02-15,3143,157166,1450,83194,1693,73972,0,0,1774,71416,1366,42807,1776,114223,California
San Mateo,2021-02-16,7121,164287,1857,85051,5264,79236,0,0,5276,74847,1845,44652,5276,119499,California
San Mateo,2021-02-17,7023,171310,1917,86968,5106,84342,0,0,5040,77910,1978,46630,5041,124540,California
San Mateo,2021-02-18,6655,177965,4622,91590,2033,86375,0,0,4421,80103,2229,48859,4422,128962,California
San Mateo,2021-02-19,7770,185735,5585,97175,2185,88560,0,0,5792,83920,1975,50834,5792,134754,California
San Mateo,2021-02-20,3712,189447,2396,99571,1316,89876,0,0,2294,84802,1412,52246,2294,137048,California
San Mateo,2021-02-21,2237,191684,1386,100957,851,90727,0,0,1229,85026,1005,53251,1229,138277,California
San Mateo,2021-02-22,4357,196041,3148,104105,1209,91936,0,0,2739,86156,1612,54863,2742,141019,California
San Mateo,2021-02-23,4211,200252,2983,107088,1228,93164,0,0,2423,86796,1785,56648,2425,143444,California
San Mateo,2021-02-24,7273,207525,3272,110360,4001,97165,0,0,4843,89217,2424,59072,4845,148289,California
San Mateo,2021-02-25,8939,216464,3979,114339,4960,102125,0,0,5902,92098,3022,62094,5903,154192,California
San Mateo,2021-02-26,9602,226066,3669,118008,5933,108058,0,0,6704,95915,2888,64982,6705,160897,California
San Mateo,2021-02-27,6615,232681,3398,121406,3217,111275,0,0,3571,96452,3040,68022,3577,164474,California
San Mateo,2021-02-28,4081,236762,2471,123877,1610,112885,0,0,2531,97438,1547,69569,2533,167007,California
San Mateo,2021-03-01,5585,242347,3508,127385,2077,114962,0,0,2772,97405,2805,72374,2772,169779,California
San Mateo,2021-03-02,5590,247937,3875,131260,1715,116677,0,0,3210,98245,2370,74744,3210,172989,California
San Mateo,2021-03-03,7653,255590,3562,134822,4091,120768,0,0,3128,96857,4517,79261,3129,176118,California
San Mateo,2021-03-04,7521,263111,3576,138398,3943,124711,2,2,3292,95938,4219,83480,3300,179418,California
San Mateo,2021-03-05,8098,271209,5583,143981,2513,127224,2,4,5844,99551,2240,85720,5853,185271,California
San Mateo,2021-03-06,7598,278807,5308,149289,2126,129350,164,168,5594,103316,1995,87715,5760,191031,California
San Mateo,2021-03-07,3425,282232,2277,151566,1076,130426,72,240,1961,103888,1461,89176,2033,193064,California
San Mateo,2021-03-08,4294,286526,2413,153979,1707,132133,174,414,3146,106069,1143,90319,3324,196388,California
San Mateo,2021-03-09,4455,290981,2076,156055,2099,134232,280,694,2916,107734,1531,91850,3196,199584,California
San Mateo,2021-03-10,6665,297646,2559,158614,3833,138065,273,967,4326,110007,2330,94180,4603,204187,California
San Mateo,2021-03-11,7307,304953,4102,162716,2866,140931,339,1306,3399,109849,3899,98079,3741,207928,California
San Mateo,2021-03-12,8188,313141,4689,167405,3222,144153,277,1583,3187,108328,4989,103068,3468,211396,California
San Mateo,2021-03-13,7335,320476,3152,170557,2642,146795,1541,3124,3617,109768,3715,106783,5155,216551,California
San Mateo,2021-03-14,4652,325128,3232,173789,1320,148115,100,3224,2847,110914,1801,108584,2947,219498,California
San Mateo,2021-03-15,7036,332164,4523,178312,2344,150459,169,3393,3791,111636,3238,111822,3960,223458,California
San Mateo,2021-03-16,10862,343026,4364,182676,6368,156827,130,3523,4824,110568,6025,117847,4957,228415,California
San Mateo,2021-03-17,9680,352706,4245,186921,5315,162142,120,3643,4716,110469,4943,122790,4844,233259,California
San Mateo,2021-03-18,6192,358898,3474,190395,2547,164689,171,3814,3573,111599,2617,125407,3747,237006,California
San Mateo,2021-03-19,6131,365029,4145,194540,1512,166201,474,4288,3022,111995,3103,128510,3499,240505,California
San Mateo,2021-03-20,6245,371274,4973,199513,1041,167242,231,4519,4353,114701,1879,130389,4585,245090,California
San Mateo,2021-03-21,4027,375301,3025,202538,771,168013,231,4750,2298,115506,1720,132109,2525,247615,California
San Mateo,2021-03-22,5260,380561,3551,206089,1290,169303,419,5169,2939,116560,2307,134416,3361,250976,California
San Mateo,2021-03-23,9755,390316,4446,210535,5113,174416,196,5365,4738,116521,4993,139409,4954,255930,California
San Mateo,2021-03-24,9459,399775,5409,215944,3904,178320,146,5511,4255,115901,5154,144563,4534,260464,California
San Mateo,2021-03-25,9669,409444,4593,220537,4822,183142,254,5765,4237,115108,5342,149905,4549,265013,California
San Mateo,2021-03-26,10915,420359,7484,228021,3263,186405,168,5933,4395,113295,6491,156396,4678,269691,California
San Mateo,2021-03-27,10245,430604,7805,235826,2333,188738,107,6040,4574,112408,5651,162047,4764,274455,California
San Mateo,2021-03-28,4126,434730,2671,238497,1344,190082,111,6151,2048,112509,2072,164119,2173,276628,California
San Mateo,2021-03-29,5949,440679,3642,242139,2046,192128,261,6412,2827,112517,3107,167226,3115,279743,California
San Mateo,2021-03-30,7057,447736,3988,246127,2908,195036,161,6573,4542,114773,2500,169726,4756,284499,California
San Mateo,2021-03-31,7150,454886,4554,250681,2450,197486,146,6719,4259,116367,2878,172604,4472,288971,California
San Mateo,2021-04-01,9940,464826,4772,255453,4011,201497,1157,7876,5331,118664,4586,177190,6883,295854,California
San Mateo,2021-04-02,7080,471906,3005,258458,2818,204315,1257,9133,3611,120518,3460,180650,5314,301168,California
Santa Barbara,2020-12-15,2,2,2,2,0,0,0,0,2,2,0,0,2,2,California
Santa Barbara,2020-12-16,2,4,2,4,0,0,0,0,2,4,0,0,2,4,California
Santa Barbara,2020-12-17,51,55,51,55,0,0,0,0,51,55,0,0,51,55,California
Santa Barbara,2020-12-18,377,432,376,431,1,1,0,0,377,432,0,0,377,432,California
Santa Barbara,2020-12-19,325,757,325,756,0,1,0,0,325,757,0,0,325,757,California
Santa Barbara,2020-12-20,234,991,234,990,0,1,0,0,234,991,0,0,234,991,California
Santa Barbara,2020-12-21,649,1640,647,1637,2,3,0,0,649,1640,0,0,649,1640,California
Santa Barbara,2020-12-22,243,1883,241,1878,2,5,0,0,243,1883,0,0,243,1883,California
Santa Barbara,2020-12-23,320,2203,202,2080,118,123,0,0,320,2203,0,0,320,2203,California
Santa Barbara,2020-12-24,87,2290,40,2120,47,170,0,0,87,2290,0,0,87,2290,California
Santa Barbara,2020-12-26,328,2618,67,2187,261,431,0,0,328,2618,0,0,328,2618,California
Santa Barbara,2020-12-27,62,2680,1,2188,61,492,0,0,62,2680,0,0,62,2680,California
Santa Barbara,2020-12-28,352,3032,218,2406,134,626,0,0,352,3032,0,0,352,3032,California
Santa Barbara,2020-12-29,550,3582,358,2764,192,818,0,0,550,3582,0,0,550,3582,California
Santa Barbara,2020-12-30,582,4164,402,3166,180,998,0,0,582,4164,0,0,582,4164,California
Santa Barbara,2020-12-31,238,4402,112,3278,126,1124,0,0,238,4402,0,0,238,4402,California
Santa Barbara,2021-01-01,107,4509,106,3384,1,1125,0,0,107,4509,0,0,107,4509,California
Santa Barbara,2021-01-02,587,5096,224,3608,363,1488,0,0,587,5096,0,0,587,5096,California
Santa Barbara,2021-01-03,23,5119,15,3623,8,1496,0,0,23,5119,0,0,23,5119,California
Santa Barbara,2021-01-04,306,5425,243,3866,63,1559,0,0,305,5424,0,0,305,5424,California
Santa Barbara,2021-01-05,748,6173,376,4242,372,1931,0,0,722,6120,26,26,722,6146,California
Santa Barbara,2021-01-06,656,6829,273,4515,383,2314,0,0,598,6661,57,83,598,6744,California
Santa Barbara,2021-01-07,1028,7857,706,5221,322,2636,0,0,524,6685,500,583,524,7268,California
Santa Barbara,2021-01-08,1202,9059,839,6060,363,2999,0,0,709,6901,493,1076,709,7977,California
Santa Barbara,2021-01-09,568,9627,293,6353,275,3274,0,0,323,6979,245,1321,323,8300,California
Santa Barbara,2021-01-10,65,9692,51,6404,14,3288,0,0,49,7012,16,1337,49,8349,California
Santa Barbara,2021-01-11,839,10531,668,7072,171,3459,0,0,615,7404,223,1560,615,8964,California
Santa Barbara,2021-01-12,1428,11959,634,7706,794,4253,0,0,1271,8518,157,1717,1271,10235,California
Santa Barbara,2021-01-13,1229,13188,280,7986,949,5202,0,0,1104,9497,125,1842,1104,11339,California
Santa Barbara,2021-01-14,1244,14432,133,8119,1111,6313,0,0,1190,10634,53,1895,1190,12529,California
Santa Barbara,2021-01-15,1792,16224,414,8533,1378,7691,0,0,1713,12269,78,1973,1713,14242,California
Santa Barbara,2021-01-16,1269,17493,199,8732,1070,8761,0,0,1231,13463,37,2010,1231,15473,California
Santa Barbara,2021-01-17,125,17618,21,8753,104,8865,0,0,121,13580,4,2014,121,15594,California
Santa Barbara,2021-01-18,1150,18768,416,9169,734,9599,0,0,966,14363,183,2197,966,16560,California
Santa Barbara,2021-01-19,1637,20405,565,9734,1072,10671,0,0,1359,15445,277,2474,1359,17919,California
Santa Barbara,2021-01-20,1984,22389,441,10175,1543,12214,0,0,1695,16852,288,2762,1695,19614,California
Santa Barbara,2021-01-21,3084,25473,1814,11989,1270,13484,0,0,2933,19635,151,2913,2934,22548,California
Santa Barbara,2021-01-22,2990,28463,1849,13838,1141,14625,0,0,2845,22338,142,3055,2845,25393,California
Santa Barbara,2021-01-23,1732,30195,1107,14945,625,15250,0,0,1222,23051,509,3564,1222,26615,California
Santa Barbara,2021-01-24,845,31040,754,15699,91,15341,0,0,837,23880,8,3572,837,27452,California
Santa Barbara,2021-01-25,1232,32272,492,16191,740,16081,0,0,995,24638,237,3809,995,28447,California
Santa Barbara,2021-01-26,2033,34305,458,16649,1575,17656,0,0,1649,25906,382,4191,1650,30097,California
Santa Barbara,2021-01-27,1154,35459,399,17048,755,18411,0,0,899,26551,254,4445,899,30996,California
Santa Barbara,2021-01-28,890,36349,293,17341,597,19008,0,0,680,27024,207,4652,680,31676,California
Santa Barbara,2021-01-29,1328,37677,533,17874,795,19803,0,0,975,27651,350,5002,977,32653,California
Santa Barbara,2021-01-30,1894,39571,1422,19296,472,20275,0,0,1491,28742,400,5402,1491,34144,California
Santa Barbara,2021-01-31,1458,41029,1221,20517,237,20512,0,0,1418,30120,40,5442,1418,35562,California
Santa Barbara,2021-02-01,931,41960,516,21033,415,20927,0,0,544,30278,386,5828,544,36106,California
Santa Barbara,2021-02-02,1809,43769,693,21726,1116,22043,0,0,1036,30544,770,6598,1036,37142,California
Santa Barbara,2021-02-03,1943,45712,1077,22803,866,22909,0,0,1500,31610,434,7032,1500,38642,California
Santa Barbara,2021-02-04,2775,48487,1859,24662,916,23825,0,0,2481,33802,289,7321,2481,41123,California
Santa Barbara,2021-02-05,2900,51387,2057,26719,843,24668,0,0,2259,35421,640,7961,2259,43382,California
Santa Barbara,2021-02-06,1200,52587,337,27056,863,25531,0,0,794,35809,406,8367,794,44176,California
Santa Barbara,2021-02-07,300,52887,262,27318,38,25569,0,0,265,36040,34,8401,265,44441,California
Santa Barbara,2021-02-08,952,53839,307,27625,645,26214,0,0,666,36420,286,8687,666,45107,California
Santa Barbara,2021-02-09,2432,56271,312,27937,2120,28334,0,0,1119,36235,1304,9991,1119,46226,California
Santa Barbara,2021-02-10,2753,59024,1495,29432,1258,29592,0,0,798,35084,1949,11940,798,47024,California
Santa Barbara,2021-02-11,4177,63201,2803,32235,1374,30966,0,0,619,32150,3553,15493,619,47643,California
Santa Barbara,2021-02-12,3298,66499,945,33180,2353,33319,0,0,769,30395,2524,18017,769,48412,California
Santa Barbara,2021-02-13,1233,67732,337,33517,896,34215,0,0,561,30287,669,18686,561,48973,California
Santa Barbara,2021-02-14,331,68063,33,33550,298,34513,0,0,285,30526,46,18732,285,49258,California
Santa Barbara,2021-02-15,953,69016,335,33885,618,35131,0,0,487,30551,462,19194,487,49745,California
Santa Barbara,2021-02-16,2112,71128,396,34281,1716,36847,0,0,721,29883,1389,20583,721,50466,California
Santa Barbara,2021-02-17,1425,72553,317,34598,1108,37955,0,0,512,29484,911,21494,512,50978,California
Santa Barbara,2021-02-18,3249,75802,2646,37244,603,38558,0,0,1517,29303,1698,23192,1517,52495,California
Santa Barbara,2021-02-19,3601,79403,2649,39893,952,39510,0,0,2334,30372,1265,24457,2334,54829,California
Santa Barbara,2021-02-20,2219,81622,1428,41321,791,40301,0,0,1669,31501,541,24998,1670,56499,California
Santa Barbara,2021-02-21,103,81725,77,41398,26,40327,0,0,51,31500,52,25050,51,56550,California
Santa Barbara,2021-02-22,907,82632,229,41627,678,41005,0,0,253,31106,647,25697,253,56803,California
Santa Barbara,2021-02-23,3179,85811,1042,42669,2137,43142,0,0,422,28773,2755,28452,422,57225,California
Santa Barbara,2021-02-24,3159,88970,1080,43749,2079,45221,0,0,710,27042,2441,30893,710,57935,California
Santa Barbara,2021-02-25,3451,92421,1917,45666,1534,46755,0,0,986,25570,2458,33351,986,58921,California
Santa Barbara,2021-02-26,3637,96058,2168,47834,1469,48224,0,0,1977,25893,1655,35006,1978,60899,California
Santa Barbara,2021-02-27,1517,97575,561,48395,956,49180,0,0,840,26064,672,35678,843,61742,California
Santa Barbara,2021-02-28,1071,98646,215,48610,856,50036,0,0,883,26763,185,35863,884,62626,California
Santa Barbara,2021-03-01,1581,100227,458,49068,1123,51159,0,0,1069,27325,509,36372,1071,63697,California
Santa Barbara,2021-03-02,2479,102706,388,49456,2091,53250,0,0,2011,28876,460,36832,2011,65708,California
Santa Barbara,2021-03-03,4451,107157,2067,51523,2382,55632,2,2,3884,32208,558,37390,3890,69598,California
Santa Barbara,2021-03-04,3350,110507,2251,53774,1099,56731,0,2,2813,34490,532,37922,2814,72412,California
Santa Barbara,2021-03-05,3742,114249,2153,55927,1533,58264,56,58,3046,36902,691,38613,3103,75515,California
Santa Barbara,2021-03-06,2367,116616,703,56630,1465,59729,199,257,1627,37989,738,39351,1825,77340,California
Santa Barbara,2021-03-07,544,117160,123,56753,305,60034,116,373,381,38324,163,39514,498,77838,California
Santa Barbara,2021-03-08,1519,118679,368,57121,839,60873,312,685,772,38665,743,40257,1084,78922,California
Santa Barbara,2021-03-09,2668,121347,327,57448,1630,62503,711,1396,683,38077,1981,42238,1393,80315,California
Santa Barbara,2021-03-10,2426,123773,415,57863,1108,63611,903,2299,863,38287,1556,43794,1766,82081,California
Santa Barbara,2021-03-11,5294,129067,2935,60798,1334,64945,1025,3324,2132,38289,3155,46949,3157,85238,California
Santa Barbara,2021-03-12,2967,132034,1795,62593,828,65773,344,3668,1820,39310,1144,48093,2165,87403,California
Santa Barbara,2021-03-13,2706,134740,1492,64085,1071,66844,143,3811,2180,41110,525,48618,2325,89728,California
Santa Barbara,2021-03-14,494,135234,242,64327,198,67042,54,3865,288,41246,206,48824,342,90070,California
Santa Barbara,2021-03-15,2040,137274,669,64996,1109,68151,262,4127,1237,41946,799,49623,1499,91569,California
Santa Barbara,2021-03-16,3557,140831,1132,66128,2089,70240,336,4463,2580,43889,973,50596,2916,94485,California
Santa Barbara,2021-03-17,3130,143961,881,67009,1851,72091,398,4861,2174,45508,954,51550,2573,97058,California
Santa Barbara,2021-03-18,3534,147495,2204,69213,1174,73265,156,5017,2495,47131,1030,52580,2653,99711,California
Santa Barbara,2021-03-19,3350,150845,1998,71211,1036,74301,316,5333,2170,48442,1177,53757,2488,102199,California
Santa Barbara,2021-03-20,1552,152397,672,71883,873,75174,7,5340,973,48844,578,54335,980,103179,California
Santa Barbara,2021-03-21,1132,153529,368,72251,734,75908,30,5370,812,49370,317,54652,843,104022,California
Santa Barbara,2021-03-22,2716,156245,1858,74109,812,76720,46,5416,2169,51048,541,55193,2219,106241,California
Santa Barbara,2021-03-23,4296,160541,2205,76314,1997,78717,94,5510,3547,53948,742,55935,3642,109883,California
Santa Barbara,2021-03-24,5220,165761,3036,79350,1460,80177,724,6234,2816,55100,2387,58322,3539,113422,California
Santa Barbara,2021-03-25,5409,171170,3211,82561,2019,82196,179,6413,2674,55234,2722,61044,2856,116278,California
Santa Barbara,2021-03-26,5008,176178,3164,85725,1549,83745,295,6708,2186,54909,2808,63852,2483,118761,California
Santa Barbara,2021-03-27,2889,179067,1209,86934,1640,85385,40,6748,1579,55231,1304,65156,1626,120387,California
Santa Barbara,2021-03-28,2682,181749,1585,88519,1069,86454,28,6776,1805,56192,874,66030,1835,122222,California
Santa Barbara,2021-03-29,3899,185648,2016,90535,1810,88264,73,6849,3147,58674,749,66779,3231,125453,California
Santa Barbara,2021-03-30,6566,192214,3323,93858,3095,91359,148,6997,4353,60981,2203,68982,4510,129963,California
Santa Barbara,2021-03-31,7577,199791,5197,99055,2330,93689,50,7047,4792,63281,2771,71753,5071,135034,California
Santa Barbara,2021-04-01,6283,206074,4603,103658,1471,95160,209,7256,3643,64593,2632,74385,3944,138978,California
Santa Barbara,2021-04-02,2875,208949,2240,105898,598,95758,37,7293,1025,63970,1846,76231,1223,140201,California
Santa Clara,2020-12-15,63,63,63,63,0,0,0,0,63,63,0,0,63,63,California
Santa Clara,2020-12-16,132,195,132,195,0,0,0,0,132,195,0,0,132,195,California
Santa Clara,2020-12-17,453,648,453,648,0,0,0,0,453,648,0,0,453,648,California
Santa Clara,2020-12-18,1720,2368,1720,2368,0,0,0,0,1720,2368,0,0,1720,2368,California
Santa Clara,2020-12-19,2110,4478,2110,4478,0,0,0,0,2108,4475,1,1,2108,4476,California
Santa Clara,2020-12-20,1875,6353,1869,6347,6,6,0,0,1872,6347,0,1,1872,6348,California
Santa Clara,2020-12-21,2646,8999,2646,8993,0,6,0,0,2643,8989,1,2,2643,8991,California
Santa Clara,2020-12-22,3105,12104,3096,12089,9,15,0,0,3103,12092,0,2,3103,12094,California
Santa Clara,2020-12-23,3232,15336,3047,15136,185,200,0,0,3230,15322,0,2,3230,15324,California
Santa Clara,2020-12-24,1887,17223,1698,16834,189,389,0,0,1881,17202,1,3,1881,17205,California
Santa Clara,2020-12-25,337,17560,336,17170,1,390,0,0,337,17539,0,3,337,17542,California
Santa Clara,2020-12-26,1257,18817,1026,18196,231,621,0,0,1256,18795,0,3,1256,18798,California
Santa Clara,2020-12-27,635,19452,498,18694,137,758,0,0,635,19430,0,3,635,19433,California
Santa Clara,2020-12-28,2322,21774,1720,20414,602,1360,0,0,2322,21752,0,3,2322,21755,California
Santa Clara,2020-12-29,2321,24095,1458,21872,863,2223,0,0,2319,24071,0,3,2319,24074,California
Santa Clara,2020-12-30,2970,27065,1882,23754,1088,3311,0,0,2970,27041,0,3,2970,27044,California
Santa Clara,2020-12-31,1200,28265,385,24139,815,4126,0,0,1199,28239,1,4,1199,28243,California
Santa Clara,2021-01-01,135,28400,5,24144,130,4256,0,0,135,28374,0,4,135,28378,California
Santa Clara,2021-01-02,1082,29482,811,24955,271,4527,0,0,1082,29456,0,4,1082,29460,California
Santa Clara,2021-01-03,583,30065,367,25322,216,4743,0,0,581,30035,2,6,581,30041,California
Santa Clara,2021-01-04,2473,32538,1669,26991,804,5547,0,0,2470,32504,1,7,2470,32511,California
Santa Clara,2021-01-05,3051,35589,1995,28986,1056,6603,0,0,2866,35189,184,191,2869,35380,California
Santa Clara,2021-01-06,3300,38889,1942,30928,1358,7961,0,0,2732,37357,565,756,2733,38113,California
Santa Clara,2021-01-07,4129,43018,2470,33398,1659,9620,0,0,3103,39451,1016,1772,3110,41223,California
Santa Clara,2021-01-08,5850,48868,3827,37225,2023,11643,0,0,3791,41188,2054,3826,3791,45014,California
Santa Clara,2021-01-09,2986,51854,1878,39103,1108,12751,0,0,1710,41627,1276,5102,1715,46729,California
Santa Clara,2021-01-10,1867,53721,1424,40527,443,13194,0,0,728,41217,1138,6240,728,47457,California
Santa Clara,2021-01-11,5612,59333,3403,43930,2209,15403,0,0,3294,42198,2318,8558,3299,50756,California
Santa Clara,2021-01-12,6676,66009,3278,47208,3398,18801,0,0,4501,44532,2175,10733,4509,55265,California
Santa Clara,2021-01-13,7389,73398,3056,50264,4333,23134,0,0,5217,47593,2169,12902,5230,60495,California
Santa Clara,2021-01-14,8147,81545,2706,52970,5441,28575,0,0,6489,52436,1655,14557,6498,66993,California
Santa Clara,2021-01-15,9571,91116,2930,55900,6641,35216,0,0,8110,59106,1457,16014,8127,75120,California
Santa Clara,2021-01-16,4441,95557,1309,57209,3132,38348,0,0,3543,61758,895,16909,3547,78667,California
Santa Clara,2021-01-17,3234,98791,613,57822,2621,40969,0,0,2731,63988,501,17410,2731,81398,California
Santa Clara,2021-01-18,5209,104000,1252,59074,3957,44926,0,0,4563,67907,646,18056,4565,85963,California
Santa Clara,2021-01-19,8398,112398,2619,61693,5779,50705,0,0,6752,73023,1644,19700,6760,92723,California
Santa Clara,2021-01-20,7973,120371,3999,65692,3974,54679,0,0,6453,77960,1517,21217,6454,99177,California
Santa Clara,2021-01-21,8498,128869,3626,69318,4872,59551,0,0,7354,84174,1141,22358,7355,106532,California
Santa Clara,2021-01-22,8659,137528,3278,72596,5381,64932,0,0,8013,91544,645,23003,8015,114547,California
Santa Clara,2021-01-23,3778,141306,1683,74279,2095,67027,0,0,2823,93412,955,23958,2823,117370,California
Santa Clara,2021-01-24,2886,144192,1469,75748,1417,68444,0,0,2353,95233,532,24490,2353,119723,California
Santa Clara,2021-01-25,8304,152496,3729,79477,4575,73019,0,0,6295,99542,2003,26493,6312,126035,California
Santa Clara,2021-01-26,8229,160725,3764,83241,4465,77484,0,0,6088,103508,2130,28623,6096,132131,California
Santa Clara,2021-01-27,8594,169319,3744,86985,4850,82334,0,0,6737,108407,1839,30462,6738,138869,California
Santa Clara,2021-01-28,9431,178750,3786,90771,5645,87979,0,0,7465,113934,1942,32404,7469,146338,California
Santa Clara,2021-01-29,9443,188193,3884,94655,5559,93538,0,0,7330,119161,2103,34507,7330,153668,California
Santa Clara,2021-01-30,3901,192094,1800,96455,2101,95639,0,0,2957,121177,942,35449,2958,156626,California
Santa Clara,2021-01-31,2568,194662,1702,98157,866,96505,0,0,1578,121773,983,36432,1579,158205,California
Santa Clara,2021-02-01,7805,202467,3458,101615,4347,100852,0,0,6134,126246,1663,38095,6136,164341,California
Santa Clara,2021-02-02,8049,210516,2852,104467,5197,106049,0,0,6071,130346,1974,40069,6074,170415,California
Santa Clara,2021-02-03,9184,219700,3470,107937,5714,111763,0,0,6930,135032,2249,42318,6935,177350,California
Santa Clara,2021-02-04,10552,230252,4116,112053,6436,118199,0,0,8287,141064,2258,44576,8290,185640,California
Santa Clara,2021-02-05,11880,242132,4326,116379,7554,125753,0,0,8432,146065,3432,48008,8433,194073,California
Santa Clara,2021-02-06,5143,247275,2793,119172,2350,128103,0,0,3991,148907,1149,49157,3991,198064,California
Santa Clara,2021-02-07,3466,250741,2348,121520,1118,129221,0,0,3022,151487,442,49599,3022,201086,California
Santa Clara,2021-02-08,9997,260738,3478,124998,6519,135740,0,0,7275,156057,2707,52306,7277,208363,California
Santa Clara,2021-02-09,10769,271507,3801,128799,6968,142708,0,0,7294,159887,3466,55772,7296,215659,California
Santa Clara,2021-02-10,12651,284158,4895,133694,7756,150464,0,0,6925,161101,5714,61486,6928,222587,California
Santa Clara,2021-02-11,13168,297326,4629,138323,8539,159003,0,0,7437,162821,5719,67205,7439,230026,California
Santa Clara,2021-02-12,14546,311872,4473,142796,10073,169076,0,0,7042,162376,7488,74693,7043,237069,California
Santa Clara,2021-02-13,6074,317946,1442,144238,4632,173708,0,0,2218,160743,3852,78545,2219,239288,California
Santa Clara,2021-02-14,4628,322574,1141,145379,3487,177195,0,0,1493,159102,3134,81679,1493,240781,California
Santa Clara,2021-02-15,6225,328799,2781,148160,3444,180639,0,0,2681,158249,3538,85217,2685,243466,California
Santa Clara,2021-02-16,13569,342368,3992,152152,9577,190216,0,0,6750,158198,6801,92018,6750,250216,California
Santa Clara,2021-02-17,14038,356406,5488,157640,8550,198766,0,0,7034,158248,6989,99007,7039,257255,California
Santa Clara,2021-02-18,13676,370082,8342,165982,5334,204100,0,0,7011,158616,6644,105651,7012,264267,California
Santa Clara,2021-02-19,14694,384776,9534,175516,5160,209260,0,0,8529,160999,6147,111798,8530,272797,California
Santa Clara,2021-02-20,6817,391593,5100,180616,1717,210977,0,0,3690,161571,3118,114916,3690,276487,California
Santa Clara,2021-02-21,3232,394825,2414,183030,818,211795,0,0,1170,160688,2055,116971,1172,277659,California
Santa Clara,2021-02-22,10093,404918,6044,189074,4049,215844,0,0,4754,160116,5327,122298,4755,282414,California
Santa Clara,2021-02-23,11816,416734,7687,196761,4129,219973,0,0,6688,161703,5116,127414,6703,289117,California
Santa Clara,2021-02-24,14073,430807,9081,205842,4992,224965,0,0,8720,165090,5336,132750,8723,297840,California
Santa Clara,2021-02-25,14043,444850,9202,215044,4841,229806,0,0,7645,166357,6380,139130,7647,305487,California
Santa Clara,2021-02-26,14480,459330,8376,223420,6104,235910,0,0,7961,167832,6494,145624,7969,313456,California
Santa Clara,2021-02-27,8050,467380,5509,228929,2541,238451,0,0,4468,168734,3574,149198,4476,317932,California
Santa Clara,2021-02-28,4685,472065,3065,231994,1620,240071,0,0,2186,168429,2491,151689,2186,320118,California
Santa Clara,2021-03-01,14032,486097,7953,239947,6078,246149,1,1,8693,171802,5323,157012,8696,328814,California
Santa Clara,2021-03-02,13672,499769,8202,248149,5470,251619,0,1,9159,176476,4489,161501,9163,337977,California
Santa Clara,2021-03-03,17051,516820,8318,256467,8731,260350,2,3,10320,180112,6692,168193,10328,348305,California
Santa Clara,2021-03-04,14246,531066,7868,264335,6376,266726,2,5,8088,182077,6126,174319,8091,356396,California
Santa Clara,2021-03-05,14545,545611,8432,272767,5990,272716,123,128,7655,183004,6866,181185,7793,364189,California
Santa Clara,2021-03-06,8902,554513,5987,278754,2468,275184,447,575,6672,187911,2214,183399,7121,371310,California
Santa Clara,2021-03-07,6430,560943,4157,282911,2050,277234,223,798,5110,191936,1311,184710,5336,376646,California
Santa Clara,2021-03-08,12488,573431,6474,289385,5542,282776,472,1270,7988,195922,4478,189188,8464,385110,California
Santa Clara,2021-03-09,11989,585420,5248,294633,5604,288380,1137,2407,5700,196487,6275,195463,6840,391950,California
Santa Clara,2021-03-10,14470,599890,6263,300896,6433,294813,1774,4181,5889,195593,8557,204020,7663,399613,California
Santa Clara,2021-03-11,15559,615449,7241,308137,7094,301907,1224,5405,5310,191898,10228,214248,6533,406146,California
Santa Clara,2021-03-12,15518,630967,8003,316140,6358,308265,1157,6562,5290,188157,10196,224444,6455,412601,California
Santa Clara,2021-03-13,9646,640613,5630,321770,2629,310894,1387,7949,4297,188511,5328,229772,5682,418283,California
Santa Clara,2021-03-14,6063,646676,3234,325004,1569,312463,1260,9209,2961,189638,3091,232863,4218,422501,California
Santa Clara,2021-03-15,12774,659450,6460,331464,6038,318501,276,9485,6000,189171,6746,239609,6279,428780,California
Santa Clara,2021-03-16,17398,676848,10246,341710,6939,325440,213,9698,8431,188877,8940,248549,8646,437426,California
Santa Clara,2021-03-17,18940,695788,10692,352402,8074,333514,174,9872,9673,189509,9218,257767,9850,447276,California
Santa Clara,2021-03-18,15281,711069,7324,359726,7060,340574,897,10769,7090,189348,8149,265916,7988,455264,California
Santa Clara,2021-03-19,14352,725421,7432,367158,6136,346710,784,11553,7642,191102,6673,272589,8427,463691,California
Santa Clara,2021-03-20,8381,733802,4693,371851,3180,349890,508,12061,5180,193606,3184,275773,5688,469379,California
Santa Clara,2021-03-21,8160,741962,3702,375553,3102,352992,1356,13417,5504,197823,2645,278418,6862,476241,California
Santa Clara,2021-03-22,16218,758180,9122,384675,6742,359734,354,13771,9374,200740,6824,285242,9741,485982,California
Santa Clara,2021-03-23,18784,776964,12218,396893,6344,366078,222,13993,11604,205431,7144,292386,11835,497817,California
Santa Clara,2021-03-24,21710,798674,14253,411146,7301,373379,156,14149,14388,212872,7287,299673,14728,512545,California
Santa Clara,2021-03-25,21605,820279,12777,423923,8075,381454,753,14902,13976,220560,7576,307249,15264,527809,California
Santa Clara,2021-03-26,21284,841563,13465,437388,7424,388878,395,15297,13325,226803,7931,315180,14174,541983,California
Santa Clara,2021-03-27,14630,856193,9810,447198,4312,393190,508,15805,7843,228726,6761,321941,8684,550667,California
Santa Clara,2021-03-28,11012,867205,7907,455105,2670,395860,435,16240,6353,231053,4640,326581,6967,557634,California
Santa Clara,2021-03-29,19644,886849,11947,467052,6968,402828,729,16969,10660,233595,8956,335537,11498,569132,California
Santa Clara,2021-03-30,23538,910387,14793,481845,7974,410802,771,17740,16001,243256,7510,343047,17171,586303,California
Santa Clara,2021-03-31,18266,928653,11661,493506,5899,416701,706,18446,12596,251184,5645,348692,13573,599876,California
Santa Clara,2021-04-01,27537,956190,18956,512462,7075,423776,1506,19952,18895,263355,8597,357289,20768,620644,California
Santa Clara,2021-04-02,17601,973791,10613,523075,5836,429612,1152,21104,12551,272631,5026,362315,14302,634946,California
Santa Cruz,2020-12-15,2,2,2,2,0,0,0,0,2,2,0,0,2,2,California
Santa Cruz,2020-12-16,57,59,57,59,0,0,0,0,57,59,0,0,57,59,California
Santa Cruz,2020-12-17,390,449,390,449,0,0,0,0,390,449,0,0,390,449,California
Santa Cruz,2020-12-18,466,915,466,915,0,0,0,0,466,915,0,0,466,915,California
Santa Cruz,2020-12-19,176,1091,175,1090,1,1,0,0,176,1091,0,0,176,1091,California
Santa Cruz,2020-12-20,95,1186,95,1185,0,1,0,0,95,1186,0,0,95,1186,California
Santa Cruz,2020-12-21,429,1615,429,1614,0,1,0,0,429,1615,0,0,429,1615,California
Santa Cruz,2020-12-22,423,2038,422,2036,1,2,0,0,423,2038,0,0,423,2038,California
Santa Cruz,2020-12-23,372,2410,330,2366,42,44,0,0,372,2410,0,0,372,2410,California
Santa Cruz,2020-12-24,126,2536,51,2417,75,119,0,0,126,2536,0,0,126,2536,California
Santa Cruz,2020-12-25,11,2547,11,2428,0,119,0,0,11,2547,0,0,11,2547,California
Santa Cruz,2020-12-26,64,2611,45,2473,19,138,0,0,64,2611,0,0,64,2611,California
Santa Cruz,2020-12-27,32,2643,27,2500,5,143,0,0,32,2643,0,0,32,2643,California
Santa Cruz,2020-12-28,483,3126,107,2607,376,519,0,0,483,3126,0,0,483,3126,California
Santa Cruz,2020-12-29,794,3920,367,2974,427,946,0,0,794,3920,0,0,794,3920,California
Santa Cruz,2020-12-30,357,4277,165,3139,192,1138,0,0,357,4277,0,0,357,4277,California
Santa Cruz,2020-12-31,314,4591,11,3150,303,1441,0,0,314,4591,0,0,314,4591,California
Santa Cruz,2021-01-01,32,4623,0,3150,32,1473,0,0,32,4623,0,0,32,4623,California
Santa Cruz,2021-01-02,70,4693,56,3206,14,1487,0,0,70,4693,0,0,70,4693,California
Santa Cruz,2021-01-03,15,4708,7,3213,8,1495,0,0,15,4708,0,0,15,4708,California
Santa Cruz,2021-01-04,280,4988,123,3336,157,1652,0,0,278,4985,1,1,278,4986,California
Santa Cruz,2021-01-05,565,5553,428,3764,137,1789,0,0,263,4946,302,303,263,5249,California
Santa Cruz,2021-01-06,804,6357,670,4434,134,1923,0,0,466,5075,337,640,466,5715,California
Santa Cruz,2021-01-07,538,6895,210,4644,328,2251,0,0,387,5312,151,791,388,6103,California
Santa Cruz,2021-01-08,935,7830,562,5206,373,2624,0,0,486,5351,448,1239,487,6590,California
Santa Cruz,2021-01-09,462,8292,121,5327,341,2965,0,0,410,5709,52,1291,410,7000,California
Santa Cruz,2021-01-10,72,8364,62,5389,10,2975,0,0,18,5673,54,1345,18,7018,California
Santa Cruz,2021-01-11,716,9080,582,5971,134,3109,0,0,192,5341,524,1869,192,7210,California
Santa Cruz,2021-01-12,733,9813,529,6500,204,3313,0,0,491,5590,242,2111,491,7701,California
Santa Cruz,2021-01-13,523,10336,229,6729,294,3607,0,0,438,5947,82,2193,439,8140,California
Santa Cruz,2021-01-14,543,10879,93,6822,450,4057,0,0,484,6372,59,2252,484,8624,California
Santa Cruz,2021-01-15,1467,12346,91,6913,1376,5433,0,0,1392,7691,74,2326,1393,10017,California
Santa Cruz,2021-01-16,435,12781,63,6976,372,5805,0,0,408,8072,27,2353,408,10425,California
Santa Cruz,2021-01-17,285,13066,32,7008,253,6058,0,0,267,8321,18,2371,267,10692,California
Santa Cruz,2021-01-18,1026,14092,113,7121,913,6971,0,0,957,9209,69,2440,957,11649,California
Santa Cruz,2021-01-19,1622,15714,522,7643,1100,8071,0,0,1270,10130,350,2790,1271,12920,California
Santa Cruz,2021-01-20,1231,16945,182,7825,1049,9120,0,0,1036,10974,192,2982,1036,13956,California
Santa Cruz,2021-01-21,1700,18645,197,8022,1503,10623,0,0,1595,12465,105,3087,1596,15552,California
Santa Cruz,2021-01-22,1799,20444,536,8558,1263,11886,0,0,1695,14060,101,3188,1696,17248,California
Santa Cruz,2021-01-23,401,20845,144,8702,257,12143,0,0,342,14344,58,3246,342,17590,California
Santa Cruz,2021-01-24,116,20961,21,8723,95,12238,0,0,97,14422,19,3265,97,17687,California
Santa Cruz,2021-01-25,1058,22019,360,9083,698,12936,0,0,550,14466,508,3773,552,18239,California
Santa Cruz,2021-01-26,1677,23696,247,9330,1430,14366,0,0,1165,15120,512,4285,1166,19405,California
Santa Cruz,2021-01-27,1641,25337,445,9775,1196,15562,0,0,1258,15996,382,4667,1258,20663,California
Santa Cruz,2021-01-28,1744,27081,289,10064,1455,17017,0,0,1470,17194,273,4940,1471,22134,California
Santa Cruz,2021-01-29,1733,28814,486,10550,1247,18264,0,0,1604,18670,128,5068,1604,23738,California
Santa Cruz,2021-01-30,1054,29868,302,10852,752,19016,0,0,927,19470,127,5195,927,24665,California
Santa Cruz,2021-01-31,229,30097,124,10976,105,19121,0,0,204,19649,25,5220,204,24869,California
Santa Cruz,2021-02-01,1228,31325,759,11735,469,19590,0,0,819,20060,409,5629,820,25689,California
Santa Cruz,2021-02-02,1008,32333,130,11865,878,20468,0,0,854,20761,153,5782,854,26543,California
Santa Cruz,2021-02-03,2209,34542,943,12808,1266,21734,0,0,1900,22356,305,6087,1900,28443,California
Santa Cruz,2021-02-04,1832,36374,772,13580,1060,22794,0,0,1496,23517,335,6422,1496,29939,California
Santa Cruz,2021-02-05,3166,39540,791,14371,2375,25169,0,0,2845,26043,319,6741,2845,32784,California
Santa Cruz,2021-02-06,2583,42123,164,14535,2419,27588,0,0,2235,27930,348,7089,2235,35019,California
Santa Cruz,2021-02-07,910,43033,121,14656,789,28377,0,0,893,28806,17,7106,893,35912,California
Santa Cruz,2021-02-08,717,43750,203,14859,514,28891,0,0,518,29126,198,7304,518,36430,California
Santa Cruz,2021-02-09,2375,46125,1052,15911,1323,30214,0,0,2112,30979,259,7563,2112,38542,California
Santa Cruz,2021-02-10,2190,48315,578,16489,1612,31826,0,0,1498,31790,689,8252,1500,40042,California
Santa Cruz,2021-02-11,1844,50159,315,16804,1529,33355,0,0,1322,32592,520,8772,1322,41364,California
Santa Cruz,2021-02-12,3208,53367,424,17228,2784,36139,0,0,1803,33000,1397,10169,1805,43169,California
Santa Cruz,2021-02-13,1707,55074,122,17350,1585,37724,0,0,1294,33881,413,10582,1294,44463,California
Santa Cruz,2021-02-14,1391,56465,72,17422,1319,39043,0,0,1128,34746,263,10845,1128,45591,California
Santa Cruz,2021-02-15,1581,58046,278,17700,1303,40346,0,0,561,34288,1020,11865,562,46153,California
Santa Cruz,2021-02-16,1692,59738,201,17901,1491,41837,0,0,537,33690,1135,13000,537,46690,California
Santa Cruz,2021-02-17,2928,62666,979,18880,1949,43786,0,0,1235,33248,1680,14680,1238,47928,California
Santa Cruz,2021-02-18,2884,65550,638,19518,2246,46032,0,0,1236,32839,1645,16325,1236,49164,California
Santa Cruz,2021-02-19,3262,68812,1148,20666,2114,48146,0,0,2011,33600,1250,17575,2011,51175,California
Santa Cruz,2021-02-20,2377,71189,1497,22163,880,49026,0,0,1887,34997,490,18065,1887,53062,California
Santa Cruz,2021-02-21,797,71986,332,22495,465,49491,0,0,693,35588,102,18167,693,53755,California
Santa Cruz,2021-02-22,1243,73229,960,23455,283,49774,0,0,537,35421,704,18871,537,54292,California
Santa Cruz,2021-02-23,2104,75333,941,24396,1163,50937,0,0,720,34761,1383,20254,723,55015,California
Santa Cruz,2021-02-24,3176,78509,1654,26050,1522,52459,0,0,1218,34027,1954,22208,1220,56235,California
Santa Cruz,2021-02-25,3230,81739,1427,27477,1803,54262,0,0,1776,34359,1447,23655,1779,58014,California
Santa Cruz,2021-02-26,2703,84442,761,28238,1942,56204,0,0,1538,34736,1161,24816,1538,59552,California
Santa Cruz,2021-02-27,2645,87087,936,29174,1709,57913,0,0,1845,35784,799,25615,1847,61399,California
Santa Cruz,2021-02-28,1295,88382,360,29534,935,58848,0,0,1083,36658,209,25824,1083,62482,California
Santa Cruz,2021-03-01,1811,90193,1249,30783,562,59410,0,0,677,36204,1131,26955,677,63159,California
Santa Cruz,2021-03-02,1483,91676,336,31119,1147,60557,0,0,818,36362,663,27618,821,63980,California
Santa Cruz,2021-03-03,2218,93894,583,31702,1635,62192,0,0,1169,36485,1046,28664,1169,65149,California
Santa Cruz,2021-03-04,2771,96665,1361,33063,1409,63601,1,1,1832,37388,930,29594,1833,66982,California
Santa Cruz,2021-03-05,2409,99074,464,33527,1927,65528,18,19,940,36886,1465,31059,963,67945,California
Santa Cruz,2021-03-06,3736,102810,1296,34823,2340,67868,100,119,2034,37321,1702,32761,2137,70082,California
Santa Cruz,2021-03-07,1352,104162,135,34958,1141,69009,76,195,559,37165,792,33553,636,70718,California
Santa Cruz,2021-03-08,1005,105167,232,35190,687,69696,86,281,620,37496,384,33937,715,71433,California
Santa Cruz,2021-03-09,1657,106824,212,35402,1297,70993,148,429,651,37294,1001,34938,799,72232,California
Santa Cruz,2021-03-10,3705,110529,1996,37398,1579,72572,130,559,1846,37420,1855,36793,1981,74213,California
Santa Cruz,2021-03-11,2590,113119,1093,38491,1348,73920,149,708,1384,37752,1202,37995,1534,75747,California
Santa Cruz,2021-03-12,2521,115640,842,39333,1429,75349,250,958,830,37144,1689,39684,1081,76828,California
Santa Cruz,2021-03-13,2041,117681,1276,40609,722,76071,43,1001,1020,37187,1021,40705,1064,77892,California
Santa Cruz,2021-03-14,732,118413,157,40766,561,76632,14,1015,353,37176,377,41082,366,78258,California
Santa Cruz,2021-03-15,1339,119752,477,41243,826,77458,36,1051,573,37022,764,41846,610,78868,California
Santa Cruz,2021-03-16,2318,122070,1087,42330,1188,78646,43,1094,1340,37431,975,42821,1384,80252,California
Santa Cruz,2021-03-17,3804,125874,2206,44536,1586,80232,12,1106,2454,38555,1345,44166,2469,82721,California
Santa Cruz,2021-03-18,3173,129047,1724,46260,1346,81578,103,1209,1598,38683,1574,45740,1702,84423,California
Santa Cruz,2021-03-19,2446,131493,1090,47350,1143,82721,213,1422,1289,39032,1153,46893,1502,85925,California
Santa Cruz,2021-03-20,1471,132964,1084,48434,356,83077,31,1453,752,39099,716,47609,783,86708,California
Santa Cruz,2021-03-21,817,133781,433,48867,268,83345,116,1569,437,39274,379,47988,554,87262,California
Santa Cruz,2021-03-22,1383,135164,857,49724,505,83850,21,1590,959,39835,419,48407,980,88242,California
Santa Cruz,2021-03-23,2565,137729,1433,51157,1087,84937,45,1635,1734,40785,829,49236,1779,90021,California
Santa Cruz,2021-03-24,2961,140690,1953,53110,986,85923,22,1657,1951,41753,1006,50242,1974,91995,California
Santa Cruz,2021-03-25,2573,143263,1286,54396,1252,87175,35,1692,1337,41905,1227,51469,1379,93374,California
Santa Cruz,2021-03-26,2972,146235,1772,56168,1171,88346,29,1721,2013,43003,954,52423,2052,95426,California
Santa Cruz,2021-03-27,2981,149216,1915,58083,1055,89401,11,1732,1350,42761,1621,54044,1379,96805,California
Santa Cruz,2021-03-28,867,150083,565,58648,289,89690,13,1745,461,42836,403,54447,478,97283,California
Santa Cruz,2021-03-29,1888,151971,859,59507,970,90660,59,1804,1199,43414,684,55131,1262,98545,California
Santa Cruz,2021-03-30,2653,154624,796,60303,1708,92368,149,1953,1716,44372,936,56067,1894,100439,California
Santa Cruz,2021-03-31,3846,158470,2603,62906,1199,93567,44,1997,2054,44767,1788,57855,2183,102622,California
Santa Cruz,2021-04-01,3788,162258,2022,64928,1682,95249,84,2081,1953,45139,1830,59685,2202,104824,California
Santa Cruz,2021-04-02,2320,164578,1013,65941,1142,96391,165,2246,1265,45672,1050,60735,1583,106407,California
Shasta,2020-12-16,131,131,131,131,0,0,0,0,131,131,0,0,131,131,California
Shasta,2020-12-17,418,549,418,549,0,0,0,0,418,549,0,0,418,549,California
Shasta,2020-12-18,168,717,168,717,0,0,0,0,168,717,0,0,168,717,California
Shasta,2020-12-19,1,718,1,718,0,0,0,0,1,718,0,0,1,718,California
Shasta,2020-12-21,78,796,78,796,0,0,0,0,78,796,0,0,78,796,California
Shasta,2020-12-22,191,987,186,982,5,5,0,0,191,987,0,0,191,987,California
Shasta,2020-12-23,174,1161,170,1152,4,9,0,0,174,1161,0,0,174,1161,California
Shasta,2020-12-24,18,1179,18,1170,0,9,0,0,18,1179,0,0,18,1179,California
Shasta,2020-12-26,4,1183,1,1171,3,12,0,0,4,1183,0,0,4,1183,California
Shasta,2020-12-27,1,1184,0,1171,1,13,0,0,1,1184,0,0,1,1184,California
Shasta,2020-12-28,40,1224,31,1202,9,22,0,0,40,1224,0,0,40,1224,California
Shasta,2020-12-29,186,1410,185,1387,1,23,0,0,186,1410,0,0,186,1410,California
Shasta,2020-12-30,177,1587,167,1554,10,33,0,0,177,1587,0,0,177,1587,California
Shasta,2020-12-31,82,1669,2,1556,80,113,0,0,82,1669,0,0,82,1669,California
Shasta,2021-01-02,2,1671,0,1556,2,115,0,0,2,1671,0,0,2,1671,California
Shasta,2021-01-03,1,1672,1,1557,0,115,0,0,1,1672,0,0,1,1672,California
Shasta,2021-01-04,347,2019,306,1863,41,156,0,0,348,2020,0,0,348,2020,California
Shasta,2021-01-05,335,2354,314,2177,21,177,0,0,254,2193,81,81,254,2274,California
Shasta,2021-01-06,438,2792,396,2573,42,219,0,0,175,2106,262,343,175,2449,California
Shasta,2021-01-07,116,2908,35,2608,81,300,0,0,95,2180,21,364,95,2544,California
Shasta,2021-01-08,506,3414,446,3054,60,360,0,0,297,2268,209,573,297,2841,California
Shasta,2021-01-09,72,3486,63,3117,9,369,0,0,70,2336,2,575,70,2911,California
Shasta,2021-01-10,5,3491,0,3117,5,374,0,0,4,2340,1,576,5,2916,California
Shasta,2021-01-11,352,3843,185,3302,167,541,0,0,317,2622,35,611,317,3233,California
Shasta,2021-01-12,451,4294,327,3629,124,665,0,0,277,2725,174,785,277,3510,California
Shasta,2021-01-13,541,4835,268,3897,273,938,0,0,371,2926,170,955,371,3881,California
Shasta,2021-01-14,444,5279,48,3945,396,1334,0,0,427,3336,17,972,427,4308,California
Shasta,2021-01-15,635,5914,135,4080,500,1834,0,0,633,3967,2,974,633,4941,California
Shasta,2021-01-16,900,6814,56,4136,844,2678,0,0,897,4861,3,977,897,5838,California
Shasta,2021-01-17,26,6840,6,4142,20,2698,0,0,22,4879,4,981,22,5860,California
Shasta,2021-01-18,599,7439,130,4272,469,3167,0,0,591,5462,8,989,591,6451,California
Shasta,2021-01-19,1019,8458,397,4669,622,3789,0,0,871,6185,148,1137,871,7322,California
Shasta,2021-01-20,668,9126,407,5076,261,4050,0,0,486,6493,178,1315,486,7808,California
Shasta,2021-01-21,630,9756,278,5354,352,4402,0,0,607,7077,23,1338,607,8415,California
Shasta,2021-01-22,445,10201,170,5524,275,4677,0,0,439,7510,6,1344,439,8854,California
Shasta,2021-01-23,69,10270,5,5529,64,4741,0,0,68,7577,1,1345,68,8922,California
Shasta,2021-01-24,26,10296,2,5531,24,4765,0,0,25,7601,1,1346,25,8947,California
Shasta,2021-01-25,752,11048,492,6023,260,5025,0,0,466,7782,285,1631,466,9413,California
Shasta,2021-01-26,709,11757,333,6356,376,5401,0,0,476,8027,231,1862,476,9889,California
Shasta,2021-01-27,460,12217,181,6537,279,5680,0,0,411,8389,49,1911,411,10300,California
Shasta,2021-01-28,853,13070,577,7114,276,5956,0,0,631,8798,222,2133,631,10931,California
Shasta,2021-01-29,829,13899,329,7443,500,6456,0,0,640,9250,189,2322,641,11572,California
Shasta,2021-01-30,614,14513,15,7458,599,7055,0,0,605,9846,9,2331,605,12177,California
Shasta,2021-01-31,28,14541,4,7462,24,7079,0,0,26,9870,2,2333,26,12203,California
Shasta,2021-02-01,502,15043,142,7604,360,7439,0,0,382,10132,120,2453,382,12585,California
Shasta,2021-02-02,953,15996,495,8099,458,7897,0,0,863,10906,89,2542,863,13448,California
Shasta,2021-02-03,657,16653,209,8308,448,8345,0,0,462,11173,195,2737,462,13910,California
Shasta,2021-02-04,1056,17709,658,8966,398,8743,0,0,867,11851,189,2926,867,14777,California
Shasta,2021-02-05,1212,18921,163,9129,1049,9792,0,0,1023,12686,188,3114,1023,15800,California
Shasta,2021-02-06,1726,20647,43,9172,1683,11475,0,0,1702,14364,24,3138,1702,17502,California
Shasta,2021-02-07,25,20672,2,9174,23,11498,0,0,23,14385,2,3140,23,17525,California
Shasta,2021-02-08,543,21215,169,9343,374,11872,0,0,305,14452,238,3378,305,17830,California
Shasta,2021-02-09,1026,22241,649,9992,377,12249,0,0,676,14778,350,3728,676,18506,California
Shasta,2021-02-10,1084,23325,783,10775,301,12550,0,0,592,14879,492,4220,593,19099,California
Shasta,2021-02-11,788,24113,190,10965,598,13148,0,0,307,14710,476,4696,307,19406,California
Shasta,2021-02-12,1661,25774,1141,12106,520,13668,0,0,1170,15389,491,5187,1170,20576,California
Shasta,2021-02-13,1382,27156,368,12474,1014,14682,0,0,569,15146,814,6001,571,21147,California
Shasta,2021-02-14,149,27305,4,12478,145,14827,0,0,124,15245,25,6026,124,21271,California
Shasta,2021-02-15,385,27690,94,12572,291,15118,0,0,217,15294,168,6194,217,21488,California
Shasta,2021-02-16,1084,28774,513,13085,571,15689,0,0,318,14847,765,6959,318,21806,California
Shasta,2021-02-17,981,29755,435,13520,546,16235,0,0,369,14604,612,7571,369,22175,California
Shasta,2021-02-18,870,30625,439,13959,431,16666,0,0,418,14570,452,8023,418,22593,California
Shasta,2021-02-19,1051,31676,660,14619,391,17057,0,0,610,14739,441,8464,610,23203,California
Shasta,2021-02-20,757,32433,88,14707,669,17726,0,0,295,14572,462,8926,295,23498,California
Shasta,2021-02-21,34,32467,4,14711,30,17756,0,0,10,14559,23,8949,10,23508,California
Shasta,2021-02-22,343,32810,68,14779,275,18031,0,0,100,14416,243,9192,100,23608,California
Shasta,2021-02-23,802,33612,467,15246,335,18366,0,0,216,14046,586,9778,216,23824,California
Shasta,2021-02-24,882,34494,501,15747,381,18747,0,0,270,13706,610,10388,270,24094,California
Shasta,2021-02-25,467,34961,155,15902,312,19059,0,0,154,13549,311,10699,154,24248,California
Shasta,2021-02-26,784,35745,88,15990,696,19755,0,0,324,13415,458,11157,324,24572,California
Shasta,2021-02-27,817,36562,32,16022,785,20540,0,0,187,12975,628,11785,188,24760,California
Shasta,2021-02-28,181,36743,5,16027,176,20716,0,0,132,13058,49,11834,132,24892,California
Shasta,2021-03-01,564,37307,64,16091,500,21216,0,0,272,13039,291,12125,272,25164,California
Shasta,2021-03-02,929,38236,466,16557,463,21679,0,0,263,12638,664,12789,263,25427,California
Shasta,2021-03-03,563,38799,123,16680,440,22119,0,0,171,12417,392,13181,171,25598,California
Shasta,2021-03-04,1031,39830,499,17179,532,22651,0,0,638,12663,392,13573,638,26236,California
Shasta,2021-03-05,947,40777,154,17333,766,23417,27,27,306,12354,642,14215,333,26569,California
Shasta,2021-03-06,818,41595,382,17715,392,23809,44,71,191,11963,626,14841,235,26804,California
Shasta,2021-03-07,92,41687,5,17720,57,23866,30,101,40,11981,52,14893,70,26874,California
Shasta,2021-03-08,550,42237,53,17773,359,24225,138,239,140,11852,407,15300,278,27152,California
Shasta,2021-03-09,552,42789,49,17822,342,24567,161,400,208,11876,344,15644,368,27520,California
Shasta,2021-03-10,658,43447,243,18065,330,24897,85,485,133,11569,524,16168,217,27737,California
Shasta,2021-03-11,938,44385,158,18223,579,25476,201,686,598,12028,340,16508,799,28536,California
Shasta,2021-03-12,623,45008,121,18344,320,25796,182,868,247,12082,375,16883,429,28965,California
Shasta,2021-03-13,665,45673,410,18754,164,25960,91,959,473,12454,192,17075,564,29529,California
Shasta,2021-03-14,279,45952,12,18766,244,26204,23,982,196,12590,83,17158,219,29748,California
Shasta,2021-03-15,484,46436,37,18803,347,26551,100,1082,200,12607,282,17440,299,30047,California
Shasta,2021-03-16,966,47402,144,18947,758,27309,64,1146,695,13095,271,17711,759,30806,California
Shasta,2021-03-17,645,48047,181,19128,415,27724,49,1195,366,13240,270,17981,415,31221,California
Shasta,2021-03-18,868,48915,208,19336,566,28290,94,1289,624,13720,241,18222,721,31942,California
Shasta,2021-03-19,506,49421,148,19484,310,28600,48,1337,323,13910,182,18404,372,32314,California
Shasta,2021-03-20,601,50022,446,19930,144,28744,11,1348,512,14344,89,18493,523,32837,California
Shasta,2021-03-21,293,50315,281,20211,3,28747,9,1357,270,14601,23,18516,280,33117,California
Shasta,2021-03-22,325,50640,48,20259,248,28995,29,1386,180,14668,142,18658,209,33326,California
Shasta,2021-03-23,789,51429,156,20415,574,29569,59,1445,603,15149,181,18839,662,33988,California
Shasta,2021-03-24,508,51937,158,20573,315,29884,35,1480,374,15425,133,18972,409,34397,California
Shasta,2021-03-25,729,52666,171,20744,541,30425,17,1497,589,15896,138,19110,609,35006,California
Shasta,2021-03-26,670,53336,249,20993,390,30815,31,1528,323,15909,346,19456,359,35365,California
Shasta,2021-03-27,1535,54871,387,21380,313,31128,835,2363,551,16314,981,20437,1386,36751,California
Shasta,2021-03-28,396,55267,293,21673,93,31221,10,2373,294,16517,101,20538,304,37055,California
Shasta,2021-03-29,409,55676,53,21726,345,31566,11,2384,153,16428,254,20792,165,37220,California
Shasta,2021-03-30,541,56217,198,21924,334,31900,9,2393,332,16565,206,20998,343,37563,California
Shasta,2021-03-31,612,56829,206,22130,401,32301,5,2398,400,16783,208,21206,426,37989,California
Shasta,2021-04-01,763,57592,243,22373,513,32814,7,2405,534,17104,229,21435,550,38539,California
Shasta,2021-04-02,338,57930,59,22432,247,33061,32,2437,201,17210,135,21570,241,38780,California
Sierra,2020-12-18,1,1,1,1,0,0,0,0,1,1,0,0,1,1,California
Sierra,2020-12-21,2,3,2,3,0,0,0,0,2,3,0,0,2,3,California
Sierra,2020-12-22,12,15,12,15,0,0,0,0,12,15,0,0,12,15,California
Sierra,2020-12-23,4,19,4,19,0,0,0,0,4,19,0,0,4,19,California
Sierra,2020-12-28,1,20,0,19,1,1,0,0,1,20,0,0,1,20,California
Sierra,2020-12-29,49,69,7,26,42,43,0,0,49,69,0,0,49,69,California
Sierra,2020-12-30,2,71,0,26,2,45,0,0,2,71,0,0,2,71,California
Sierra,2020-12-31,12,83,0,26,12,57,0,0,12,83,0,0,12,83,California
Sierra,2021-01-05,67,150,3,29,64,121,0,0,67,150,0,0,67,150,California
Sierra,2021-01-06,1,151,1,30,0,121,0,0,1,151,0,0,1,151,California
Sierra,2021-01-07,20,171,1,31,19,140,0,0,19,169,1,1,19,170,California
Sierra,2021-01-08,1,172,1,32,0,140,0,0,1,170,0,1,1,171,California
Sierra,2021-01-11,3,175,3,35,0,140,0,0,0,167,3,4,0,171,California
Sierra,2021-01-12,40,215,12,47,28,168,0,0,28,183,12,16,28,199,California
Sierra,2021-01-13,4,219,3,50,1,169,0,0,1,181,3,19,1,200,California
Sierra,2021-01-14,35,254,2,52,33,202,0,0,35,216,0,19,35,235,California
Sierra,2021-01-15,2,256,1,53,1,203,0,0,2,218,0,19,2,237,California
Sierra,2021-01-18,2,258,0,53,2,205,0,0,2,220,0,19,2,239,California
Sierra,2021-01-19,32,290,0,53,32,237,0,0,32,252,0,19,32,271,California
Sierra,2021-01-20,1,291,1,54,0,237,0,0,1,253,0,19,1,272,California
Sierra,2021-01-21,55,346,0,54,55,292,0,0,55,308,0,19,55,327,California
Sierra,2021-01-22,1,347,0,54,1,293,0,0,1,309,0,19,1,328,California
Sierra,2021-01-23,2,349,0,54,2,295,0,0,2,311,0,19,2,330,California
Sierra,2021-01-26,64,413,1,55,63,358,0,0,26,299,38,57,26,356,California
Sierra,2021-01-27,4,417,4,59,0,358,0,0,0,295,4,61,0,356,California
Sierra,2021-01-28,53,470,0,59,53,411,0,0,44,330,9,70,44,400,California
Sierra,2021-01-29,1,471,0,59,1,412,0,0,1,331,0,70,1,401,California
Sierra,2021-01-30,3,474,3,62,0,412,0,0,2,332,1,71,2,403,California
Sierra,2021-02-01,1,475,0,62,1,413,0,0,0,331,1,72,0,403,California
Sierra,2021-02-02,58,533,0,62,58,471,0,0,18,309,40,112,18,421,California
Sierra,2021-02-03,6,539,5,67,1,472,0,0,5,313,1,113,5,426,California
Sierra,2021-02-04,106,645,6,73,100,572,0,0,57,321,49,162,57,483,California
Sierra,2021-02-05,5,650,3,76,2,574,0,0,4,324,1,163,4,487,California
Sierra,2021-02-09,54,704,1,77,53,627,0,0,52,374,2,165,52,539,California
Sierra,2021-02-10,5,709,2,79,3,630,0,0,4,377,1,166,4,543,California
Sierra,2021-02-11,198,907,1,80,197,827,0,0,135,449,63,229,135,678,California
Sierra,2021-02-12,20,927,0,80,20,847,0,0,20,469,0,229,20,698,California
Sierra,2021-02-14,1,928,0,80,1,848,0,0,1,470,0,229,1,699,California
Sierra,2021-02-15,1,929,1,81,0,848,0,0,0,469,1,230,0,699,California
Sierra,2021-02-16,43,972,0,81,43,891,0,0,10,446,33,263,10,709,California
Sierra,2021-02-17,3,975,0,81,3,894,0,0,1,445,2,265,1,710,California
Sierra,2021-02-18,146,1121,0,81,146,1040,0,0,94,487,52,317,94,804,California
Sierra,2021-02-19,1,1122,1,82,0,1040,0,0,1,488,0,317,1,805,California
Sierra,2021-02-20,2,1124,2,84,0,1040,0,0,0,486,2,319,0,805,California
Sierra,2021-02-22,2,1126,2,86,0,1040,0,0,1,486,1,320,1,806,California
Sierra,2021-02-23,4,1130,0,86,4,1044,0,0,4,490,0,320,4,810,California
Sierra,2021-02-24,2,1132,1,87,1,1045,0,0,1,490,1,321,1,811,California
Sierra,2021-02-25,126,1258,1,88,125,1170,0,0,59,482,67,388,59,870,California
Sierra,2021-02-26,9,1267,6,94,3,1173,0,0,4,481,5,393,4,874,California
Sierra,2021-02-27,2,1269,2,96,0,1173,0,0,0,479,2,395,0,874,California
Sierra,2021-03-01,2,1271,1,97,1,1174,0,0,1,479,1,396,1,875,California
Sierra,2021-03-02,51,1322,0,97,51,1225,0,0,32,492,19,415,32,907,California
Sierra,2021-03-03,2,1324,2,99,0,1225,0,0,1,492,1,416,1,908,California
Sierra,2021-03-04,100,1424,2,101,98,1323,0,0,49,490,51,467,49,957,California
Sierra,2021-03-05,12,1436,0,101,12,1335,0,0,10,498,2,469,10,967,California
Sierra,2021-03-08,3,1439,2,103,0,1335,1,1,2,500,1,470,3,970,California
Sierra,2021-03-09,54,1493,1,104,53,1388,0,1,11,468,43,513,11,981,California
Sierra,2021-03-10,5,1498,0,104,5,1393,0,1,3,469,2,515,3,984,California
Sierra,2021-03-11,148,1646,0,104,148,1541,0,1,27,375,121,636,27,1011,California
Sierra,2021-03-12,20,1666,1,105,19,1560,0,1,0,355,20,656,0,1011,California
Sierra,2021-03-13,13,1679,0,105,13,1573,0,1,13,368,0,656,13,1024,California
Sierra,2021-03-14,2,1681,1,106,0,1573,1,2,0,367,2,658,1,1025,California
Sierra,2021-03-15,2,1683,1,107,1,1574,0,2,1,367,1,659,1,1026,California
Sierra,2021-03-16,22,1705,1,108,20,1594,1,3,10,366,12,671,11,1037,California
Sierra,2021-03-17,2,1707,0,108,2,1596,0,3,0,364,2,673,0,1037,California
Sierra,2021-03-18,122,1829,0,108,121,1717,1,4,35,314,86,759,36,1073,California
Sierra,2021-03-19,1,1830,1,109,0,1717,0,4,1,315,0,759,1,1074,California
Sierra,2021-03-23,14,1844,0,109,14,1731,0,4,5,311,9,768,5,1079,California
Sierra,2021-03-24,4,1848,1,110,3,1734,0,4,2,311,2,770,2,1081,California
Sierra,2021-03-25,80,1928,2,112,78,1812,0,4,34,299,46,816,34,1115,California
Sierra,2021-03-26,12,1940,1,113,11,1823,0,4,9,305,3,819,9,1124,California
Sierra,2021-03-27,1,1941,0,113,1,1824,0,4,0,304,1,820,0,1124,California
Sierra,2021-03-29,2,1943,1,114,1,1825,0,4,0,302,2,822,0,1124,California
Sierra,2021-03-30,46,1989,0,114,46,1871,0,4,13,287,33,855,18,1142,California
Sierra,2021-03-31,10,1999,0,114,10,1881,0,4,9,295,1,856,9,1151,California
Sierra,2021-04-01,58,2057,1,115,57,1938,0,4,4,255,54,910,14,1165,California
Sierra,2021-04-02,1,2058,1,116,0,1938,0,4,1,256,0,910,1,1166,California
Siskiyou,2020-12-16,2,2,2,2,0,0,0,0,2,2,0,0,2,2,California
Siskiyou,2020-12-17,4,6,4,6,0,0,0,0,4,6,0,0,4,6,California
Siskiyou,2020-12-18,3,9,3,9,0,0,0,0,3,9,0,0,3,9,California
Siskiyou,2020-12-19,4,13,4,13,0,0,0,0,4,13,0,0,4,13,California
Siskiyou,2020-12-20,1,14,1,14,0,0,0,0,1,14,0,0,1,14,California
Siskiyou,2020-12-21,132,146,132,146,0,0,0,0,132,146,0,0,132,146,California
Siskiyou,2020-12-22,159,305,159,305,0,0,0,0,159,305,0,0,159,305,California
Siskiyou,2020-12-23,142,447,142,447,0,0,0,0,142,447,0,0,142,447,California
Siskiyou,2020-12-24,5,452,5,452,0,0,0,0,5,452,0,0,5,452,California
Siskiyou,2020-12-26,2,454,0,452,2,2,0,0,2,454,0,0,2,454,California
Siskiyou,2020-12-27,2,456,0,452,2,4,0,0,2,456,0,0,2,456,California
Siskiyou,2020-12-28,2,458,0,452,2,6,0,0,2,458,0,0,2,458,California
Siskiyou,2020-12-29,6,464,2,454,4,10,0,0,6,464,0,0,6,464,California
Siskiyou,2020-12-30,98,562,3,457,95,105,0,0,98,562,0,0,98,562,California
Siskiyou,2020-12-31,12,574,0,457,12,117,0,0,12,574,0,0,12,574,California
Siskiyou,2021-01-02,1,575,1,458,0,117,0,0,1,575,0,0,1,575,California
Siskiyou,2021-01-03,1,576,0,458,1,118,0,0,1,576,0,0,1,576,California
Siskiyou,2021-01-04,130,706,3,461,127,245,0,0,130,706,0,0,130,706,California
Siskiyou,2021-01-05,117,823,4,465,113,358,0,0,116,821,1,1,116,822,California
Siskiyou,2021-01-06,59,882,6,471,53,411,0,0,55,872,4,5,55,877,California
Siskiyou,2021-01-07,174,1056,2,473,172,583,0,0,173,1044,1,6,173,1050,California
Siskiyou,2021-01-08,42,1098,4,477,38,621,0,0,39,1080,3,9,39,1089,California
Siskiyou,2021-01-09,2,1100,2,479,0,621,0,0,0,1078,2,11,0,1089,California
Siskiyou,2021-01-11,226,1326,65,544,161,782,0,0,163,1178,63,74,163,1252,California
Siskiyou,2021-01-12,320,1646,273,817,47,829,0,0,87,1032,233,307,87,1339,California
Siskiyou,2021-01-13,157,1803,137,954,20,849,0,0,23,921,134,441,23,1362,California
Siskiyou,2021-01-14,27,1830,1,955,26,875,0,0,26,946,1,442,26,1388,California
Siskiyou,2021-01-15,35,1865,3,958,32,907,0,0,35,981,0,442,35,1423,California
Siskiyou,2021-01-16,7,1872,2,960,5,912,0,0,7,988,0,442,7,1430,California
Siskiyou,2021-01-18,75,1947,4,964,71,983,0,0,73,1059,2,444,73,1503,California
Siskiyou,2021-01-19,21,1968,1,965,20,1003,0,0,20,1078,1,445,20,1523,California
Siskiyou,2021-01-20,47,2015,35,1000,12,1015,0,0,43,1117,4,449,43,1566,California
Siskiyou,2021-01-21,42,2057,0,1000,42,1057,0,0,42,1159,0,449,42,1608,California
Siskiyou,2021-01-22,1333,3390,1181,2181,152,1209,0,0,1333,2492,0,449,1333,2941,California
Siskiyou,2021-01-23,8,3398,3,2184,5,1214,0,0,5,2494,3,452,5,2946,California
Siskiyou,2021-01-25,183,3581,8,2192,175,1389,0,0,179,2669,4,456,179,3125,California
Siskiyou,2021-01-26,150,3731,5,2197,145,1534,0,0,142,2803,8,464,142,3267,California
Siskiyou,2021-01-27,181,3912,0,2197,181,1715,0,0,127,2876,54,518,127,3394,California
Siskiyou,2021-01-28,231,4143,117,2314,114,1829,0,0,225,3095,6,524,225,3619,California
Siskiyou,2021-01-29,246,4389,1,2315,245,2074,0,0,244,3337,2,526,244,3863,California
Siskiyou,2021-01-30,3,4392,2,2317,1,2075,0,0,3,3340,0,526,3,3866,California
Siskiyou,2021-02-01,194,4586,3,2320,191,2266,0,0,104,3354,90,616,104,3970,California
Siskiyou,2021-02-02,288,4874,45,2365,243,2509,0,0,147,3360,141,757,147,4117,California
Siskiyou,2021-02-03,313,5187,1,2366,312,2821,0,0,264,3575,49,806,264,4381,California
Siskiyou,2021-02-04,319,5506,7,2373,312,3133,0,0,199,3654,120,926,199,4580,California
Siskiyou,2021-02-05,509,6015,4,2377,505,3638,0,0,345,3835,164,1090,345,4925,California
Siskiyou,2021-02-06,15,6030,0,2377,15,3653,0,0,15,3850,0,1090,15,4940,California
Siskiyou,2021-02-07,3,6033,2,2379,1,3654,0,0,3,3853,0,1090,3,4943,California
Siskiyou,2021-02-08,221,6254,5,2384,216,3870,0,0,216,4064,5,1095,216,5159,California
Siskiyou,2021-02-09,193,6447,2,2386,191,4061,0,0,160,4191,33,1128,160,5319,California
Siskiyou,2021-02-10,370,6817,40,2426,330,4391,0,0,317,4455,53,1181,317,5636,California
Siskiyou,2021-02-11,190,7007,0,2426,190,4581,0,0,174,4613,16,1197,174,5810,California
Siskiyou,2021-02-12,1695,8702,1205,3631,490,5071,0,0,500,3918,1195,2392,500,6310,California
Siskiyou,2021-02-13,36,8738,3,3634,33,5104,0,0,31,3944,5,2397,31,6341,California
Siskiyou,2021-02-14,5,8743,1,3635,4,5108,0,0,5,3949,0,2397,5,6346,California
Siskiyou,2021-02-15,105,8848,7,3642,98,5206,0,0,102,4048,3,2400,102,6448,California
Siskiyou,2021-02-16,113,8961,3,3645,110,5316,0,0,97,4129,16,2416,97,6545,California
Siskiyou,2021-02-17,188,9149,19,3664,169,5485,0,0,175,4291,13,2429,175,6720,California
Siskiyou,2021-02-18,222,9371,89,3753,133,5618,0,0,98,4265,124,2553,98,6818,California
Siskiyou,2021-02-19,65,9436,29,3782,36,5654,0,0,30,4260,35,2588,30,6848,California
Siskiyou,2021-02-20,23,9459,4,3786,19,5673,0,0,18,4273,5,2593,18,6866,California
Siskiyou,2021-02-21,2,9461,2,3788,0,5673,0,0,2,4275,0,2593,2,6868,California
Siskiyou,2021-02-22,125,9586,1,3789,124,5797,0,0,18,4186,107,2700,18,6886,California
Siskiyou,2021-02-23,194,9780,15,3804,179,5976,0,0,50,4092,144,2844,50,6936,California
Siskiyou,2021-02-24,146,9926,4,3808,142,6118,0,0,33,4012,113,2957,33,6969,California
Siskiyou,2021-02-25,300,10226,22,3830,278,6396,0,0,153,4018,147,3104,153,7122,California
Siskiyou,2021-02-26,668,10894,13,3843,655,7051,0,0,368,4086,300,3404,368,7490,California
Siskiyou,2021-02-27,31,10925,3,3846,28,7079,0,0,27,4109,4,3408,27,7517,California
Siskiyou,2021-02-28,4,10929,4,3850,0,7079,0,0,3,4111,1,3409,3,7520,California
Siskiyou,2021-03-01,279,11208,6,3856,273,7352,0,0,48,3928,231,3640,48,7568,California
Siskiyou,2021-03-02,189,11397,2,3858,187,7539,0,0,72,3883,117,3757,72,7640,California
Siskiyou,2021-03-03,333,11730,5,3863,328,7867,0,0,145,3840,188,3945,145,7785,California
Siskiyou,2021-03-04,666,12396,496,4359,170,8037,0,0,516,4206,150,4095,516,8301,California
Siskiyou,2021-03-05,315,12711,7,4366,297,8334,11,11,98,4101,214,4309,109,8410,California
Siskiyou,2021-03-06,35,12746,2,4368,29,8363,4,15,28,4126,7,4316,32,8442,California
Siskiyou,2021-03-07,10,12756,3,4371,0,8363,7,22,2,4127,8,4324,9,8451,California
Siskiyou,2021-03-08,347,13103,25,4396,289,8652,33,55,53,3919,294,4618,86,8537,California
Siskiyou,2021-03-09,136,13239,0,4396,97,8749,39,94,49,3920,87,4705,88,8625,California
Siskiyou,2021-03-10,194,13433,11,4407,177,8926,6,100,26,3784,168,4873,32,8657,California
Siskiyou,2021-03-11,440,13873,190,4597,209,9135,41,141,250,3888,187,5060,291,8948,California
Siskiyou,2021-03-12,534,14407,112,4709,387,9522,35,176,155,3701,377,5437,190,9138,California
Siskiyou,2021-03-13,347,14754,317,5026,8,9530,22,198,316,4008,31,5468,338,9476,California
Siskiyou,2021-03-14,21,14775,3,5029,3,9533,15,213,4,4010,17,5485,19,9495,California
Siskiyou,2021-03-15,438,15213,246,5275,175,9708,17,230,308,4205,130,5615,325,9820,California
Siskiyou,2021-03-16,260,15473,41,5316,202,9910,17,247,147,4256,113,5728,164,9984,California
Siskiyou,2021-03-17,197,15670,4,5320,184,10094,9,256,31,4130,166,5894,40,10024,California
Siskiyou,2021-03-18,780,16450,649,5969,119,10213,12,268,667,4696,113,6007,679,10703,California
Siskiyou,2021-03-19,46,16496,12,5981,22,10235,12,280,14,4690,32,6039,26,10729,California
Siskiyou,2021-03-20,29,16525,7,5988,18,10253,4,284,7,4680,21,6060,11,10740,California
Siskiyou,2021-03-21,9,16534,3,5991,1,10254,5,289,3,4682,6,6066,8,10748,California
Siskiyou,2021-03-22,199,16733,20,6011,157,10411,22,311,138,4784,58,6124,160,10908,California
Siskiyou,2021-03-23,166,16899,21,6032,136,10547,9,320,114,4855,52,6176,123,11031,California
Siskiyou,2021-03-24,142,17041,55,6087,87,10634,0,320,120,4953,22,6198,120,11151,California
Siskiyou,2021-03-25,534,17575,288,6375,244,10878,2,322,365,5153,169,6367,369,11520,California
Siskiyou,2021-03-26,302,17877,29,6404,271,11149,2,324,100,5054,201,6568,102,11622,California
Siskiyou,2021-03-27,35,17912,4,6408,27,11176,4,328,9,5041,26,6594,13,11635,California
Siskiyou,2021-03-28,3,17915,3,6411,0,11176,0,328,1,5040,2,6596,1,11636,California
Siskiyou,2021-03-29,107,18022,14,6425,91,11267,2,330,48,5040,50,6646,50,11686,California
Siskiyou,2021-03-30,99,18121,2,6427,95,11362,2,332,38,5019,61,6707,40,11726,California
Siskiyou,2021-03-31,188,18309,23,6450,164,11526,1,333,53,4942,134,6841,57,11783,California
Siskiyou,2021-04-01,802,19111,660,7110,142,11668,0,333,199,4636,603,7444,297,12080,California
Siskiyou,2021-04-02,277,19388,183,7293,91,11759,3,336,23,4414,254,7698,32,12112,California
Solano,2020-12-15,4,4,4,4,0,0,0,0,4,4,0,0,4,4,California
Solano,2020-12-16,71,75,71,75,0,0,0,0,71,75,0,0,71,75,California
Solano,2020-12-17,152,227,152,227,0,0,0,0,152,227,0,0,152,227,California
Solano,2020-12-18,450,677,449,676,1,1,0,0,450,677,0,0,450,677,California
Solano,2020-12-19,512,1189,512,1188,0,1,0,0,512,1189,0,0,512,1189,California
Solano,2020-12-20,354,1543,353,1541,1,2,0,0,354,1543,0,0,354,1543,California
Solano,2020-12-21,570,2113,568,2109,2,4,0,0,570,2113,0,0,570,2113,California
Solano,2020-12-22,663,2776,629,2738,34,38,0,0,663,2776,0,0,663,2776,California
Solano,2020-12-23,856,3632,770,3508,86,124,0,0,855,3631,0,0,855,3631,California
Solano,2020-12-24,420,4052,169,3677,251,375,0,0,420,4051,0,0,420,4051,California
Solano,2020-12-25,10,4062,2,3679,8,383,0,0,10,4061,0,0,10,4061,California
Solano,2020-12-26,175,4237,48,3727,127,510,0,0,175,4236,0,0,175,4236,California
Solano,2020-12-27,101,4338,28,3755,73,583,0,0,101,4337,0,0,101,4337,California
Solano,2020-12-28,858,5196,417,4172,441,1024,0,0,858,5195,0,0,858,5195,California
Solano,2020-12-29,887,6083,373,4545,514,1538,0,0,887,6082,0,0,887,6082,California
Solano,2020-12-30,1198,7281,595,5140,603,2141,0,0,1198,7280,0,0,1198,7280,California
Solano,2020-12-31,530,7811,130,5270,400,2541,0,0,530,7810,0,0,530,7810,California
Solano,2021-01-01,14,7825,12,5282,2,2543,0,0,14,7824,0,0,14,7824,California
Solano,2021-01-02,211,8036,163,5445,48,2591,0,0,211,8035,0,0,211,8035,California
Solano,2021-01-03,56,8092,39,5484,17,2608,0,0,51,8086,0,0,51,8086,California
Solano,2021-01-04,450,8542,247,5731,203,2811,0,0,440,8523,3,3,440,8526,California
Solano,2021-01-05,695,9237,376,6107,319,3130,0,0,541,8915,149,152,541,9067,California
Solano,2021-01-06,819,10056,434,6541,385,3515,0,0,558,9214,259,411,558,9625,California
Solano,2021-01-07,1050,11106,697,7238,353,3868,0,0,593,9353,455,866,594,10219,California
Solano,2021-01-08,1129,12235,776,8014,353,4221,0,0,536,9316,575,1441,538,10757,California
Solano,2021-01-09,885,13120,763,8777,122,4343,0,0,429,9292,453,1894,429,11186,California
Solano,2021-01-10,250,13370,191,8968,59,4402,0,0,150,9342,100,1994,150,11336,California
Solano,2021-01-11,1315,14685,1103,10071,212,4614,0,0,803,9634,512,2506,804,12140,California
Solano,2021-01-12,1542,16227,1158,11229,384,4998,0,0,996,10086,545,3051,997,13137,California
Solano,2021-01-13,1421,17648,995,12224,426,5424,0,0,1164,10995,255,3306,1164,14301,California
Solano,2021-01-14,1833,19481,793,13017,1040,6464,0,0,1519,12201,313,3619,1519,15820,California
Solano,2021-01-15,1675,21156,1059,14076,616,7080,0,0,1380,13286,295,3914,1380,17200,California
Solano,2021-01-16,1294,22450,907,14983,387,7467,0,0,1114,14220,180,4094,1114,18314,California
Solano,2021-01-17,1027,23477,747,15730,280,7747,0,0,1010,15213,17,4111,1010,19324,California
Solano,2021-01-18,1410,24887,859,16589,551,8298,0,0,1297,16398,113,4224,1298,20622,California
Solano,2021-01-19,1643,26530,1332,17921,311,8609,0,0,1370,17496,272,4496,1370,21992,California
Solano,2021-01-20,2022,28552,1414,19335,608,9217,0,0,1541,18559,478,4974,1541,23533,California
Solano,2021-01-21,3076,31628,990,20325,2086,11303,0,0,2741,20966,334,5308,2741,26274,California
Solano,2021-01-22,1740,33368,835,21160,905,12208,0,0,1551,22328,189,5497,1551,27825,California
Solano,2021-01-23,727,34095,236,21396,491,12699,0,0,524,22649,204,5701,525,28350,California
Solano,2021-01-24,375,34470,59,21455,316,13015,0,0,311,22896,64,5765,311,28661,California
Solano,2021-01-25,1614,36084,623,22078,991,14006,0,0,1065,23415,549,6314,1068,29729,California
Solano,2021-01-26,1672,37756,739,22817,933,14939,0,0,1046,23838,625,6939,1048,30777,California
Solano,2021-01-27,1757,39513,727,23544,1030,15969,0,0,1173,24440,571,7510,1173,31950,California
Solano,2021-01-28,1836,41349,711,24255,1125,17094,0,0,1235,25077,599,8109,1236,33186,California
Solano,2021-01-29,1645,42994,781,25036,864,17958,0,0,1288,26013,355,8464,1291,34477,California
Solano,2021-01-30,707,43701,217,25253,490,18448,0,0,552,26410,155,8619,552,35029,California
Solano,2021-01-31,477,44178,397,25650,80,18528,0,0,216,26366,261,8880,217,35246,California
Solano,2021-02-01,1470,45648,970,26620,500,19028,0,0,739,26377,728,9608,739,35985,California
Solano,2021-02-02,3063,48711,1060,27680,2003,21031,0,0,2275,27866,786,10394,2275,38260,California
Solano,2021-02-03,2216,50927,1295,28975,921,21952,0,0,1149,27955,1064,11458,1153,39413,California
Solano,2021-02-04,1755,52682,902,29877,853,22805,0,0,1042,28290,707,12165,1042,40455,California
Solano,2021-02-05,3047,55729,1407,31284,1640,24445,0,0,2047,29351,992,13157,2053,42508,California
Solano,2021-02-06,3003,58732,1162,32446,1841,26286,0,0,2198,30748,801,13958,2198,44706,California
Solano,2021-02-07,851,59583,789,33235,62,26348,0,0,237,30371,614,14572,237,44943,California
Solano,2021-02-08,1707,61290,1228,34463,479,26827,0,0,672,30011,1032,15604,672,45615,California
Solano,2021-02-09,1884,63174,1465,35928,419,27246,0,0,670,29468,1213,16817,670,46285,California
Solano,2021-02-10,2239,65413,1492,37420,747,27993,0,0,820,28873,1415,18232,820,47105,California
Solano,2021-02-11,2380,67793,1443,38863,937,28930,0,0,1116,28737,1252,19484,1116,48221,California
Solano,2021-02-12,4018,71811,1542,40405,2476,31406,0,0,2714,30156,1297,20781,2716,50937,California
Solano,2021-02-13,2797,74608,233,40638,2564,33970,0,0,2421,32206,372,21153,2422,53359,California
Solano,2021-02-14,685,75293,201,40839,484,34454,0,0,411,32345,272,21425,411,53770,California
Solano,2021-02-15,1255,76548,291,41130,964,35418,0,0,636,32363,619,22044,637,54407,California
Solano,2021-02-16,2360,78908,1206,42336,1154,36572,0,0,1600,33204,759,22803,1600,56007,California
Solano,2021-02-17,2558,81466,1215,43551,1343,37915,0,0,1770,34190,785,23588,1771,57778,California
Solano,2021-02-18,2537,84003,686,44237,1851,39766,0,0,791,33244,1737,25325,791,58569,California
Solano,2021-02-19,2180,86183,1245,45482,935,40701,0,0,1101,33271,1076,26401,1103,59672,California
Solano,2021-02-20,2524,88707,376,45858,2148,42849,0,0,2066,34877,460,26861,2066,61738,California
Solano,2021-02-21,2094,90801,1819,47677,275,43124,0,0,1815,36416,277,27138,1816,63554,California
Solano,2021-02-22,1557,92358,901,48578,656,43780,0,0,810,36482,745,27883,811,64365,California
Solano,2021-02-23,2386,94744,986,49564,1400,45180,0,0,1539,37175,846,28729,1539,65904,California
Solano,2021-02-24,2307,97051,1123,50687,1184,46364,0,0,1292,37453,1014,29743,1292,67196,California
Solano,2021-02-25,2251,99302,1337,52024,914,47278,0,0,1235,37680,1009,30752,1236,68432,California
Solano,2021-02-26,2544,101846,1452,53476,1092,48370,0,0,1324,37787,1217,31969,1324,69756,California
Solano,2021-02-27,3609,105455,1365,54841,2244,50614,0,0,2924,40034,679,32648,2926,72682,California
Solano,2021-02-28,1350,106805,1038,55879,312,50926,0,0,1085,40857,262,32910,1085,73767,California
Solano,2021-03-01,2099,108904,1035,56914,1064,51990,0,0,1501,41766,593,33503,1502,75269,California
Solano,2021-03-02,1886,110790,1197,58111,689,52679,0,0,1184,42248,702,34205,1184,76453,California
Solano,2021-03-03,1830,112620,1009,59120,821,53500,0,0,1083,42591,740,34945,1083,77536,California
Solano,2021-03-04,3033,115653,2200,61320,831,54331,2,2,2110,43785,919,35864,2113,79649,California
Solano,2021-03-05,3635,119288,1191,62511,2441,56772,3,5,2876,45907,759,36623,2881,82530,California
Solano,2021-03-06,3464,122752,699,63210,2725,59497,40,45,2371,47232,1086,37709,2411,84941,California
Solano,2021-03-07,3454,126206,730,63940,2712,62209,12,57,1908,47617,1536,39245,1921,86862,California
Solano,2021-03-08,1568,127774,801,64741,500,62709,267,324,1082,48482,485,39730,1350,88212,California
Solano,2021-03-09,2848,130622,1306,66047,1489,64198,53,377,2046,49777,802,40532,2097,90309,California
Solano,2021-03-10,2132,132754,1531,67578,511,64709,90,467,1046,49831,1082,41614,1136,91445,California
Solano,2021-03-11,5268,138022,1368,68946,3663,68372,237,704,4344,53491,922,42536,4582,96027,California
Solano,2021-03-12,5332,143354,1314,70260,3935,72307,83,787,2837,53923,2490,45026,2922,98949,California
Solano,2021-03-13,3971,147325,755,71015,3135,75442,81,868,1973,53990,1991,47017,2058,101007,California
Solano,2021-03-14,3588,150913,2817,73832,325,75767,446,1314,1512,53883,2073,49090,1966,102973,California
Solano,2021-03-15,3363,154276,1868,75700,1178,76945,317,1631,2029,54898,1331,50421,2346,105319,California
Solano,2021-03-16,2812,157088,1126,76826,1457,78402,229,1860,1424,55167,1383,51804,1652,106971,California
Solano,2021-03-17,5334,162422,1419,78245,3826,82228,89,1949,4062,58051,1267,53071,4151,111122,California
Solano,2021-03-18,4109,166531,1378,79623,2697,84925,34,1983,3051,60088,1050,54121,3087,114209,California
Solano,2021-03-19,1865,168396,1244,80867,564,85489,57,2040,998,60284,862,54983,1058,115267,California
Solano,2021-03-20,4099,172495,1086,81953,2971,88460,42,2082,2161,60564,1932,56915,2212,117479,California
Solano,2021-03-21,1628,174123,1540,83493,71,88531,17,2099,840,60634,786,57701,856,118335,California
Solano,2021-03-22,2121,176244,1532,85025,541,89072,48,2147,1197,60974,917,58618,1257,119592,California
Solano,2021-03-23,2921,179165,1511,86536,1364,90436,46,2193,1355,60828,1560,60178,1414,121006,California
Solano,2021-03-24,2656,181821,1634,88170,985,91421,37,2230,1296,60892,1354,61532,1418,122424,California
Solano,2021-03-25,4413,186234,3624,91794,755,92176,34,2264,2000,61335,2409,63941,2852,125276,California
Solano,2021-03-26,2743,188977,1662,93456,1045,93221,36,2300,1486,61875,1250,65191,1790,127066,California
Solano,2021-03-27,3997,192974,1138,94594,2822,96043,37,2337,1707,61502,2281,67472,1908,128974,California
Solano,2021-03-28,1326,194300,1079,95673,229,96272,18,2355,546,61301,777,68249,576,129550,California
Solano,2021-03-29,2634,196934,1439,97112,1178,97450,17,2372,1460,61641,1170,69419,1510,131060,California
Solano,2021-03-30,2663,199597,1818,98930,754,98204,91,2463,1640,62370,1021,70440,1750,132810,California
Solano,2021-03-31,2792,202389,1929,100859,719,98923,144,2607,1642,63049,1147,71587,1826,134636,California
Solano,2021-04-01,4054,206443,1662,102521,2267,101190,125,2732,2500,64168,1543,73130,2662,137298,California
Solano,2021-04-02,2713,209156,1328,103849,1271,102461,114,2846,1171,64223,1538,74668,1593,138891,California
Sonoma,2020-12-15,4,4,4,4,0,0,0,0,4,4,0,0,4,4,California
Sonoma,2020-12-16,29,33,29,33,0,0,0,0,29,33,0,0,29,33,California
Sonoma,2020-12-17,101,134,101,134,0,0,0,0,101,134,0,0,101,134,California
Sonoma,2020-12-18,419,553,419,553,0,0,0,0,419,553,0,0,419,553,California
Sonoma,2020-12-19,110,663,109,662,1,1,0,0,110,663,0,0,110,663,California
Sonoma,2020-12-20,175,838,175,837,0,1,0,0,175,838,0,0,175,838,California
Sonoma,2020-12-21,912,1750,910,1747,2,3,0,0,911,1749,0,0,911,1749,California
Sonoma,2020-12-22,1365,3115,1273,3020,92,95,0,0,1365,3114,0,0,1365,3114,California
Sonoma,2020-12-23,1604,4719,1227,4247,377,472,0,0,1605,4719,0,0,1605,4719,California
Sonoma,2020-12-24,306,5025,101,4348,205,677,0,0,306,5025,0,0,306,5025,California
Sonoma,2020-12-25,8,5033,2,4350,6,683,0,0,8,5033,0,0,8,5033,California
Sonoma,2020-12-26,266,5299,255,4605,11,694,0,0,266,5299,0,0,266,5299,California
Sonoma,2020-12-27,93,5392,80,4685,13,707,0,0,93,5392,0,0,93,5392,California
Sonoma,2020-12-28,989,6381,553,5238,436,1143,0,0,961,6353,0,0,961,6353,California
Sonoma,2020-12-29,1133,7514,779,6017,354,1497,0,0,1099,7452,0,0,1099,7452,California
Sonoma,2020-12-30,1094,8608,479,6496,615,2112,0,0,1086,8538,0,0,1086,8538,California
Sonoma,2020-12-31,515,9123,70,6566,445,2557,0,0,516,9054,0,0,516,9054,California
Sonoma,2021-01-01,11,9134,6,6572,5,2562,0,0,11,9065,0,0,11,9065,California
Sonoma,2021-01-02,132,9266,125,6697,7,2569,0,0,132,9197,0,0,132,9197,California
Sonoma,2021-01-03,23,9289,9,6706,14,2583,0,0,23,9220,0,0,23,9220,California
Sonoma,2021-01-04,341,9630,104,6810,237,2820,0,0,340,9560,0,0,340,9560,California
Sonoma,2021-01-05,439,10069,103,6913,336,3156,0,0,415,9960,15,15,415,9975,California
Sonoma,2021-01-06,949,11018,434,7347,515,3671,0,0,835,10688,107,122,835,10810,California
Sonoma,2021-01-07,1014,12032,523,7870,491,4162,0,0,845,11365,168,290,845,11655,California
Sonoma,2021-01-08,1782,13814,1228,9098,554,4716,0,0,1312,12209,468,758,1312,12967,California
Sonoma,2021-01-09,656,14470,420,9518,236,4952,0,0,608,12769,48,806,608,13575,California
Sonoma,2021-01-10,470,14940,459,9977,11,4963,0,0,278,12855,192,998,278,13853,California
Sonoma,2021-01-11,1381,16321,1236,11213,145,5108,0,0,411,12300,966,1964,411,14264,California
Sonoma,2021-01-12,1548,17869,1295,12508,253,5361,0,0,394,11542,1152,3116,394,14658,California
Sonoma,2021-01-13,2062,19931,1421,13929,641,6002,0,0,1199,11881,860,3976,1199,15857,California
Sonoma,2021-01-14,1525,21456,804,14733,721,6723,0,0,1294,12944,231,4207,1294,17151,California
Sonoma,2021-01-15,1561,23017,634,15367,927,7650,0,0,1341,14075,211,4418,1342,18493,California
Sonoma,2021-01-16,1135,24152,607,15974,528,8178,0,0,886,14716,245,4663,886,19379,California
Sonoma,2021-01-17,666,24818,550,16524,116,8294,0,0,586,15222,80,4743,586,19965,California
Sonoma,2021-01-18,1102,25920,933,17457,169,8463,0,0,611,15343,491,5234,612,20577,California
Sonoma,2021-01-19,2093,28013,1008,18465,1085,9548,0,0,1384,16021,707,5941,1385,21962,California
Sonoma,2021-01-20,2059,30072,618,19083,1441,10989,0,0,1402,16776,648,6589,1403,23365,California
Sonoma,2021-01-21,2212,32284,613,19696,1599,12588,0,0,1989,18546,220,6809,1990,25355,California
Sonoma,2021-01-22,2704,34988,1028,20724,1676,14264,0,0,2555,20953,148,6957,2555,27910,California
Sonoma,2021-01-23,762,35750,592,21316,170,14434,0,0,655,21502,106,7063,655,28565,California
Sonoma,2021-01-24,770,36520,638,21954,132,14566,0,0,755,22242,15,7078,755,29320,California
Sonoma,2021-01-25,2159,38679,516,22470,1643,16209,0,0,1672,23427,487,7565,1672,30992,California
Sonoma,2021-01-26,1992,40671,296,22766,1696,17905,0,0,1537,24510,454,8019,1537,32529,California
Sonoma,2021-01-27,3665,44336,1252,24018,2413,20318,0,0,3096,27041,567,8586,3098,35627,California
Sonoma,2021-01-28,4097,48433,1834,25852,2263,22581,0,0,3438,29825,656,9242,3440,39067,California
Sonoma,2021-01-29,2948,51381,1395,27247,1553,24134,0,0,2121,31122,825,10067,2122,41189,California
Sonoma,2021-01-30,2578,53959,2394,29641,184,24318,0,0,2225,32997,353,10420,2228,43417,California
Sonoma,2021-01-31,776,54735,664,30305,112,24430,0,0,579,33380,196,10616,579,43996,California
Sonoma,2021-02-01,2490,57225,868,31173,1622,26052,0,0,2093,35081,394,11010,2095,46091,California
Sonoma,2021-02-02,3432,60657,1364,32537,2068,28120,0,0,2865,37381,565,11575,2865,48956,California
Sonoma,2021-02-03,4020,64677,1317,33854,2703,30823,0,0,3099,39562,919,12494,3100,52056,California
Sonoma,2021-02-04,4150,68827,1678,35532,2472,33295,0,0,3390,42193,759,13253,3390,55446,California
Sonoma,2021-02-05,4793,73620,1733,37265,3060,36355,0,0,3783,44971,1006,14259,3784,59230,California
Sonoma,2021-02-06,2631,76251,2271,39536,360,36715,0,0,2079,46499,551,14810,2079,61309,California
Sonoma,2021-02-07,1534,77785,1398,40934,136,36851,0,0,1286,47538,247,15057,1286,62595,California
Sonoma,2021-02-08,3234,81019,1022,41956,2212,39063,0,0,2661,49628,571,15628,2661,65256,California
Sonoma,2021-02-09,3540,84559,1690,43646,1850,40913,0,0,3063,52217,475,16103,3064,68320,California
Sonoma,2021-02-10,4397,88956,2354,46000,2043,42956,0,0,3372,54571,1019,17122,3373,71693,California
Sonoma,2021-02-11,5320,94276,2790,48790,2530,45486,0,0,4151,57556,1166,18288,4151,75844,California
Sonoma,2021-02-12,5635,99911,2966,51756,2669,48155,0,0,4230,60384,1403,19691,4231,80075,California
Sonoma,2021-02-13,1975,101886,1153,52909,822,48977,0,0,1205,60822,767,20458,1205,81280,California
Sonoma,2021-02-14,2301,104187,1809,54718,492,49469,0,0,1661,61844,639,21097,1661,82941,California
Sonoma,2021-02-15,2103,106290,766,55484,1337,50806,0,0,1595,62931,508,21605,1595,84536,California
Sonoma,2021-02-16,4596,110886,2035,57519,2561,53367,0,0,3351,65039,1243,22848,3351,87887,California
Sonoma,2021-02-17,5275,116161,2852,60371,2423,55790,0,0,3329,66434,1937,24785,3332,91219,California
Sonoma,2021-02-18,6741,122902,2965,63336,3776,59566,0,0,3861,67421,2874,27659,3861,95080,California
Sonoma,2021-02-19,5384,128286,1657,64993,3727,63293,0,0,3317,68676,2062,29721,3317,98397,California
Sonoma,2021-02-20,3094,131380,2824,67817,270,63563,0,0,1221,68029,1868,31589,1221,99618,California
Sonoma,2021-02-21,451,131831,343,68160,108,63671,0,0,128,67838,319,31908,128,99746,California
Sonoma,2021-02-22,2700,134531,1346,69506,1354,65025,0,0,1044,67230,1652,33560,1044,100790,California
Sonoma,2021-02-23,3076,137607,2058,71564,1018,66043,0,0,1370,66897,1704,35264,1371,102161,California
Sonoma,2021-02-24,5430,143037,2515,74079,2915,68958,0,0,2723,66920,2702,37966,2725,104886,California
Sonoma,2021-02-25,5612,148649,2214,76293,3398,72356,0,0,2971,67270,2621,40587,2971,107857,California
Sonoma,2021-02-26,5968,154617,2741,79034,3227,75583,0,0,3706,68721,2255,42842,3706,111563,California
Sonoma,2021-02-27,4015,158632,1892,80926,2123,77706,0,0,2691,70091,1322,44164,2692,114255,California
Sonoma,2021-02-28,2304,160936,1823,82749,481,78187,0,0,599,68989,1701,45865,599,114854,California
Sonoma,2021-03-01,3613,164549,1101,83850,2512,80699,0,0,1769,68922,1837,47702,1770,116624,California
Sonoma,2021-03-02,4177,168726,1451,85301,2726,83425,0,0,2462,69678,1706,49408,2462,119086,California
Sonoma,2021-03-03,4272,172998,2233,87534,2039,85464,0,0,1857,69127,2408,51816,1857,120943,California
Sonoma,2021-03-04,4900,177898,2244,89778,2656,88120,0,0,2004,68247,2884,54700,2004,122947,California
Sonoma,2021-03-05,5175,183073,2223,92001,2937,91057,15,15,2061,67227,3101,57801,2081,125028,California
Sonoma,2021-03-06,2559,185632,1129,93130,1310,92367,120,135,1730,68251,825,58626,1849,126877,California
Sonoma,2021-03-07,1708,187340,1428,94558,248,92615,32,167,355,67286,1352,59978,387,127264,California
Sonoma,2021-03-08,3848,191188,671,95229,3010,95625,167,334,2193,68001,1645,61623,2360,129624,California
Sonoma,2021-03-09,5362,196550,2963,98192,2151,97776,248,582,2645,68182,2712,64335,2893,132517,California
Sonoma,2021-03-10,5813,202363,3124,101316,2386,100162,303,885,2344,67375,3454,67789,2647,135164,California
Sonoma,2021-03-11,7224,209587,2880,104196,3564,103726,780,1665,2561,66064,4654,72443,3343,138507,California
Sonoma,2021-03-12,6956,216543,2134,106330,3553,107279,1269,2934,1986,64366,4953,77396,3255,141762,California
Sonoma,2021-03-13,2955,219498,1453,107783,1278,108557,224,3158,1700,65035,1253,78649,1922,143684,California
Sonoma,2021-03-14,1165,220663,288,108071,737,109294,140,3298,752,65516,410,79059,891,144575,California
Sonoma,2021-03-15,5150,225813,1458,109529,3319,112613,373,3671,2174,65095,2968,82027,2547,147122,California
Sonoma,2021-03-16,6218,232031,2224,111753,3771,116384,223,3894,3147,65401,3064,85091,3370,150492,California
Sonoma,2021-03-17,6388,238419,3381,115134,2840,119224,167,4061,3267,65723,3112,88203,3434,153926,California
Sonoma,2021-03-18,5783,244202,2415,117549,2866,122090,502,4563,2667,65779,3111,91314,3167,157093,California
Sonoma,2021-03-19,5390,249592,2302,119851,2901,124991,187,4750,2428,65454,2942,94256,2617,159710,California
Sonoma,2021-03-20,2744,252336,1344,121195,742,125733,658,5408,1480,66331,1261,95517,2138,161848,California
Sonoma,2021-03-21,1348,253684,587,121782,727,126460,34,5442,1185,67389,162,95679,1220,163068,California
Sonoma,2021-03-22,4415,258099,3010,124792,1304,127764,101,5543,3481,70053,933,96612,3597,166665,California
Sonoma,2021-03-23,5614,263713,3475,128267,2065,129829,74,5617,4512,73548,1098,97710,4593,171258,California
Sonoma,2021-03-24,6476,270189,4152,132419,2250,132079,74,5691,4072,75435,2386,100096,4273,175531,California
Sonoma,2021-03-25,6822,277011,4057,136476,2662,134741,103,5794,4213,77256,2590,102686,4411,179942,California
Sonoma,2021-03-26,6998,284009,3287,139763,3619,138360,92,5886,3792,78177,3192,105878,4113,184055,California
Sonoma,2021-03-27,3821,287830,1491,141254,1980,140340,350,6236,1112,77020,2700,108578,1543,185598,California
Sonoma,2021-03-28,1456,289286,898,142152,533,140873,25,6261,916,77422,539,109117,941,186539,California
Sonoma,2021-03-29,2804,292090,1082,143234,1689,142562,33,6294,1588,77844,1211,110328,1633,188172,California
Sonoma,2021-03-30,5329,297419,3087,146321,2177,144739,65,6359,2985,78575,2340,112668,3071,191243,California
Sonoma,2021-03-31,5370,302789,3306,149627,1854,146593,210,6569,3268,80037,2095,114763,3557,194800,California
Sonoma,2021-04-01,5966,308755,3788,153415,1881,148474,297,6866,3348,81537,2608,117371,4108,198908,California
Sonoma,2021-04-02,3170,311925,1861,155276,1248,149722,61,6927,1931,82673,1235,118606,2371,201279,California
Stanislaus,2020-12-15,2,2,2,2,0,0,0,0,2,2,0,0,2,2,California
Stanislaus,2020-12-16,37,39,37,39,0,0,0,0,37,39,0,0,37,39,California
Stanislaus,2020-12-17,73,112,73,112,0,0,0,0,73,112,0,0,73,112,California
Stanislaus,2020-12-18,431,543,424,536,7,7,0,0,431,543,0,0,431,543,California
Stanislaus,2020-12-19,192,735,192,728,0,7,0,0,192,735,0,0,192,735,California
Stanislaus,2020-12-20,125,860,125,853,0,7,0,0,125,860,0,0,125,860,California
Stanislaus,2020-12-21,1125,1985,1122,1975,3,10,0,0,1124,1984,0,0,1124,1984,California
Stanislaus,2020-12-22,846,2831,834,2809,12,22,0,0,846,2830,0,0,846,2830,California
Stanislaus,2020-12-23,461,3292,444,3253,17,39,0,0,460,3290,0,0,460,3290,California
Stanislaus,2020-12-24,99,3391,90,3343,9,48,0,0,99,3389,0,0,99,3389,California
Stanislaus,2020-12-26,48,3439,6,3349,42,90,0,0,48,3437,0,0,48,3437,California
Stanislaus,2020-12-27,10,3449,5,3354,5,95,0,0,10,3447,0,0,10,3447,California
Stanislaus,2020-12-28,499,3948,403,3757,96,191,0,0,499,3946,0,0,499,3946,California
Stanislaus,2020-12-29,505,4453,429,4186,76,267,0,0,505,4451,0,0,505,4451,California
Stanislaus,2020-12-30,539,4992,283,4469,256,523,0,0,539,4989,1,1,539,4990,California
Stanislaus,2020-12-31,315,5307,172,4641,143,666,0,0,317,5306,0,1,317,5307,California
Stanislaus,2021-01-01,8,5315,1,4642,7,673,0,0,8,5314,0,1,8,5315,California
Stanislaus,2021-01-02,30,5345,23,4665,7,680,0,0,30,5344,0,1,30,5345,California
Stanislaus,2021-01-03,88,5433,85,4750,3,683,0,0,88,5432,0,1,88,5433,California
Stanislaus,2021-01-04,114,5547,31,4781,83,766,0,0,117,5549,0,1,117,5550,California
Stanislaus,2021-01-05,849,6396,334,5115,515,1281,0,0,826,6360,16,17,827,6377,California
Stanislaus,2021-01-06,976,7372,545,5660,431,1712,0,0,902,7199,64,81,903,7280,California
Stanislaus,2021-01-07,1087,8459,696,6356,391,2103,0,0,962,8050,112,193,963,8243,California
Stanislaus,2021-01-08,1316,9775,754,7110,562,2665,0,0,946,8635,365,558,950,9193,California
Stanislaus,2021-01-09,288,10063,144,7254,144,2809,0,0,196,8739,92,650,196,9389,California
Stanislaus,2021-01-10,46,10109,19,7273,27,2836,0,0,29,8751,17,667,29,9418,California
Stanislaus,2021-01-11,1547,11656,1261,8534,286,3122,0,0,604,8428,940,1607,617,10035,California
Stanislaus,2021-01-12,1489,13145,888,9422,601,3723,0,0,834,8615,651,2258,838,10873,California
Stanislaus,2021-01-13,1440,14585,675,10097,765,4488,0,0,1115,9414,324,2582,1123,11996,California
Stanislaus,2021-01-14,2213,16798,279,10376,1934,6422,0,0,2063,11383,148,2730,2117,14113,California
Stanislaus,2021-01-15,2882,19680,1150,11526,1732,8154,0,0,2725,14040,135,2865,2792,16905,California
Stanislaus,2021-01-16,573,20253,51,11577,522,8676,0,0,557,14584,15,2880,559,17464,California
Stanislaus,2021-01-17,244,20497,201,11778,43,8719,0,0,238,14816,6,2886,238,17702,California
Stanislaus,2021-01-18,2173,22670,1020,12798,1153,9872,0,0,1803,16313,367,3253,1864,19566,California
Stanislaus,2021-01-19,1266,23936,740,13538,526,10398,0,0,804,16659,459,3712,805,20371,California
Stanislaus,2021-01-20,994,24930,479,14017,515,10913,0,0,703,17072,290,4002,703,21074,California
Stanislaus,2021-01-21,3677,28607,2959,16976,718,11631,0,0,3359,20202,316,4318,3446,24520,California
Stanislaus,2021-01-22,1092,29699,305,17281,787,12418,0,0,1046,21209,43,4361,1050,25570,California
Stanislaus,2021-01-23,350,30049,38,17319,312,12730,0,0,296,21455,54,4415,300,25870,California
Stanislaus,2021-01-24,289,30338,99,17418,190,12920,0,0,223,21614,66,4481,225,26095,California
Stanislaus,2021-01-25,3140,33478,218,17636,2922,15842,0,0,2842,24284,299,4780,2969,29064,California
Stanislaus,2021-01-26,1731,35209,738,18374,993,16835,0,0,1313,25198,413,5193,1327,30391,California
Stanislaus,2021-01-27,1835,37044,972,19346,863,17698,0,0,1179,25729,649,5842,1180,31571,California
Stanislaus,2021-01-28,2247,39291,1496,20842,751,18449,0,0,1763,27067,472,6314,1810,33381,California
Stanislaus,2021-01-29,2485,41776,1198,22040,1287,19736,0,0,1954,28579,484,6798,1996,35377,California
Stanislaus,2021-01-30,298,42074,118,22158,180,19916,0,0,248,28775,52,6850,248,35625,California
Stanislaus,2021-01-31,366,42440,314,22472,52,19968,0,0,363,29126,12,6862,363,35988,California
Stanislaus,2021-02-01,1271,43711,540,23012,731,20699,0,0,936,29736,327,7189,937,36925,California
Stanislaus,2021-02-02,1259,44970,371,23383,888,21587,0,0,805,30093,453,7642,810,37735,California
Stanislaus,2021-02-03,2526,47496,1080,24463,1446,23033,0,0,1847,31271,675,8317,1853,39588,California
Stanislaus,2021-02-04,2110,49606,721,25184,1389,24422,0,0,1597,32364,508,8825,1601,41189,California
Stanislaus,2021-02-05,2852,52458,1456,26640,1396,25818,0,0,1616,32794,1190,10015,1620,42809,California
Stanislaus,2021-02-06,1012,53470,290,26930,722,26540,0,0,822,33428,189,10204,823,43632,California
Stanislaus,2021-02-07,210,53680,186,27116,24,26564,0,0,40,33300,169,10373,41,43673,California
Stanislaus,2021-02-08,2025,55705,1310,28426,715,27279,0,0,1121,33546,878,11251,1124,44797,California
Stanislaus,2021-02-09,1872,57577,789,29215,1083,28362,0,0,1105,33884,770,12021,1108,45905,California
Stanislaus,2021-02-10,1981,59558,563,29778,1418,29780,0,0,1072,34064,894,12915,1074,46979,California
Stanislaus,2021-02-11,5548,65106,3417,33195,2131,31911,0,0,1423,31526,3966,16881,1428,48407,California
Stanislaus,2021-02-12,3537,68643,1098,34293,2439,34350,0,0,1672,31383,1818,18699,1675,50082,California
Stanislaus,2021-02-13,1546,70189,756,35049,790,35140,0,0,1101,32038,451,19150,1106,51188,California
Stanislaus,2021-02-14,423,70612,170,35219,253,35393,0,0,357,32331,65,19215,358,51546,California
Stanislaus,2021-02-15,1839,72451,251,35470,1588,36981,0,0,629,31856,1113,20328,638,52184,California
Stanislaus,2021-02-16,1389,73840,422,35892,967,37948,0,0,600,31692,784,21112,620,52804,California
Stanislaus,2021-02-17,2754,76594,1672,37564,1082,39030,0,0,1969,32894,789,21901,1991,54795,California
Stanislaus,2021-02-18,3396,79990,1886,39450,1510,40540,0,0,1794,33214,1534,23435,1854,56649,California
Stanislaus,2021-02-19,2775,82765,1038,40488,1737,42277,0,0,1569,33612,1180,24615,1578,58227,California
Stanislaus,2021-02-20,758,83523,369,40857,389,42666,0,0,498,33862,251,24866,501,58728,California
Stanislaus,2021-02-21,799,84322,589,41446,210,42876,0,0,361,33907,424,25290,469,59197,California
Stanislaus,2021-02-22,2298,86620,1598,43044,700,43576,0,0,1588,34813,684,25974,1590,60787,California
Stanislaus,2021-02-23,3714,90334,679,43723,3035,46611,0,0,1753,34754,1833,27807,1774,62561,California
Stanislaus,2021-02-24,4162,94496,2807,46530,1355,47966,0,0,2989,36760,1158,28965,3164,65725,California
Stanislaus,2021-02-25,3935,98431,2643,49173,1292,49258,0,0,2960,38933,961,29926,3134,68859,California
Stanislaus,2021-02-26,4241,102672,1214,50387,3027,52285,0,0,2668,40279,1535,31461,2881,71740,California
Stanislaus,2021-02-27,2202,104874,684,51071,1517,53802,1,1,1788,41837,388,31849,1946,73686,California
Stanislaus,2021-02-28,804,105678,254,51325,550,54352,0,1,745,42538,54,31903,755,74441,California
Stanislaus,2021-03-01,3073,108751,1597,52922,1476,55828,0,1,1660,42813,1394,33297,1669,76110,California
Stanislaus,2021-03-02,2421,111172,1438,54360,983,56811,0,1,1676,43758,736,34033,1681,77791,California
Stanislaus,2021-03-03,3656,114828,2189,56549,1464,58275,3,4,2802,45722,841,34874,2805,80596,California
Stanislaus,2021-03-04,5521,120349,3209,59758,2294,60569,18,22,4167,48574,1337,36211,4189,84785,California
Stanislaus,2021-03-05,4205,124554,1308,61066,2881,63450,16,38,3073,50553,1118,37329,3097,87882,California
Stanislaus,2021-03-06,3715,128269,2250,63316,1377,64827,88,126,2692,52323,1019,38348,2789,90671,California
Stanislaus,2021-03-07,837,129106,381,63697,420,65247,36,162,648,52824,184,38532,685,91356,California
Stanislaus,2021-03-08,1989,131095,900,64597,1010,66257,79,241,1267,53458,714,39246,1348,92704,California
Stanislaus,2021-03-09,2738,133833,1050,65647,1599,67856,89,330,1708,54244,1018,40264,1804,94508,California
Stanislaus,2021-03-10,5488,139321,2655,68302,2616,70472,217,547,3754,56508,1714,41978,3978,98486,California
Stanislaus,2021-03-11,6191,145512,3326,71628,2395,72867,470,1017,4167,59307,1859,43837,4658,103144,California
Stanislaus,2021-03-12,6151,151663,1326,72954,2920,75787,1905,2922,2781,60719,3350,47187,4762,107906,California
Stanislaus,2021-03-13,3604,155267,2233,75187,1305,77092,66,2988,2694,62636,896,48083,2813,110719,California
Stanislaus,2021-03-14,820,156087,517,75704,252,77344,51,3039,412,62702,406,48489,472,111191,California
Stanislaus,2021-03-15,3848,159935,1967,77671,1503,78847,378,3417,1660,62719,2094,50583,2111,113302,California
Stanislaus,2021-03-16,5081,165016,2460,80131,2179,81026,442,3859,3640,65385,1420,52003,4086,117388,California
Stanislaus,2021-03-17,5100,170116,3055,83186,1865,82891,180,4039,3152,66819,1929,53932,3363,120751,California
Stanislaus,2021-03-18,5734,175850,3506,86692,2156,85047,72,4111,3302,67914,2293,56225,3388,124139,California
Stanislaus,2021-03-19,6328,182178,1709,88401,3102,88149,1517,5628,3489,70121,2806,59031,5013,129152,California
Stanislaus,2021-03-20,3722,185900,2722,91123,948,89097,52,5680,3325,73113,389,59420,3381,132533,California
Stanislaus,2021-03-21,993,186893,887,92010,45,89142,61,5741,755,73700,232,59652,819,133352,California
Stanislaus,2021-03-22,3031,189924,1394,93404,914,90056,723,6464,1419,74249,1597,61249,2146,135498,California
Stanislaus,2021-03-23,4075,193999,2078,95482,1756,91812,241,6705,2952,76354,1104,62353,3209,138707,California
Stanislaus,2021-03-24,4664,198663,3265,98747,1330,93142,69,6774,2769,77368,1853,64206,2867,141574,California
Stanislaus,2021-03-25,4592,203255,3110,101857,1464,94606,18,6792,2119,77133,2399,66605,2164,143738,California
Stanislaus,2021-03-26,4944,208199,1437,103294,3437,98043,70,6862,2577,77461,2336,68941,2664,146402,California
Stanislaus,2021-03-27,4379,212578,2687,105981,1666,99709,26,6888,1344,75840,3016,71957,1395,147797,California
Stanislaus,2021-03-28,1157,213735,435,106416,539,100248,183,7071,333,75554,817,72774,531,148328,California
Stanislaus,2021-03-29,3150,216885,1806,108222,1306,101554,38,7109,2165,76806,975,73749,2227,150555,California
Stanislaus,2021-03-30,3754,220639,2023,110245,1702,103256,29,7138,2326,77762,1420,75169,2376,152931,California
Stanislaus,2021-03-31,5449,226088,3813,114058,1502,104758,134,7272,2854,78231,2579,77748,3048,155979,California
Stanislaus,2021-04-01,5672,231760,3787,117845,1812,106570,73,7345,2682,78106,2978,80726,2853,158832,California
Stanislaus,2021-04-02,3552,235312,411,118256,3060,109630,81,7426,1668,78101,1806,82532,1801,160633,California
Sutter,2020-12-15,1,1,1,1,0,0,0,0,1,1,0,0,1,1,California
Sutter,2020-12-16,4,5,4,5,0,0,0,0,4,5,0,0,4,5,California
Sutter,2020-12-17,2,7,2,7,0,0,0,0,2,7,0,0,2,7,California
Sutter,2020-12-18,20,27,20,27,0,0,0,0,20,27,0,0,20,27,California
Sutter,2020-12-19,44,71,44,71,0,0,0,0,44,71,0,0,44,71,California
Sutter,2020-12-20,42,113,42,113,0,0,0,0,42,113,0,0,42,113,California
Sutter,2020-12-21,101,214,101,214,0,0,0,0,101,214,0,0,101,214,California
Sutter,2020-12-22,174,388,174,388,0,0,0,0,174,388,0,0,174,388,California
Sutter,2020-12-23,114,502,110,498,4,4,0,0,114,502,0,0,114,502,California
Sutter,2020-12-24,17,519,11,509,6,10,0,0,17,519,0,0,17,519,California
Sutter,2020-12-26,39,558,35,544,4,14,0,0,39,558,0,0,39,558,California
Sutter,2020-12-27,24,582,23,567,1,15,0,0,24,582,0,0,24,582,California
Sutter,2020-12-28,83,665,55,622,28,43,0,0,83,665,0,0,83,665,California
Sutter,2020-12-29,101,766,14,636,87,130,0,0,101,766,0,0,101,766,California
Sutter,2020-12-30,136,902,33,669,103,233,0,0,136,902,0,0,136,902,California
Sutter,2020-12-31,70,972,6,675,64,297,0,0,70,972,0,0,70,972,California
Sutter,2021-01-01,3,975,3,678,0,297,0,0,3,975,0,0,3,975,California
Sutter,2021-01-02,135,1110,133,811,2,299,0,0,135,1110,0,0,135,1110,California
Sutter,2021-01-03,1,1111,0,811,1,300,0,0,1,1111,0,0,1,1111,California
Sutter,2021-01-04,248,1359,140,951,108,408,0,0,248,1359,0,0,248,1359,California
Sutter,2021-01-05,99,1458,56,1007,43,451,0,0,97,1454,2,2,97,1456,California
Sutter,2021-01-06,206,1664,52,1059,154,605,0,0,201,1650,5,7,201,1657,California
Sutter,2021-01-07,250,1914,150,1209,100,705,0,0,241,1883,8,15,241,1898,California
Sutter,2021-01-08,146,2060,40,1249,106,811,0,0,129,1995,17,32,129,2027,California
Sutter,2021-01-09,44,2104,43,1292,1,812,0,0,3,1957,41,73,3,2030,California
Sutter,2021-01-10,402,2506,37,1329,365,1177,0,0,364,2284,37,110,364,2394,California
Sutter,2021-01-11,133,2639,115,1444,18,1195,0,0,26,2203,107,217,26,2420,California
Sutter,2021-01-12,202,2841,165,1609,37,1232,0,0,57,2115,145,362,57,2477,California
Sutter,2021-01-13,157,2998,95,1704,62,1294,0,0,70,2098,87,449,70,2547,California
Sutter,2021-01-14,145,3143,50,1754,95,1389,0,0,125,2203,20,469,125,2672,California
Sutter,2021-01-15,434,3577,131,1885,303,1692,0,0,419,2607,15,484,419,3091,California
Sutter,2021-01-16,390,3967,42,1927,348,2040,0,0,358,2934,31,515,358,3449,California
Sutter,2021-01-17,25,3992,23,1950,2,2042,0,0,9,2927,16,531,9,3458,California
Sutter,2021-01-18,116,4108,61,2011,55,2097,0,0,69,2949,47,578,69,3527,California
Sutter,2021-01-19,100,4208,40,2051,60,2157,0,0,76,3001,24,602,76,3603,California
Sutter,2021-01-20,256,4464,191,2242,65,2222,0,0,236,3217,20,622,236,3839,California
Sutter,2021-01-21,433,4897,264,2506,169,2391,0,0,414,3612,19,641,414,4253,California
Sutter,2021-01-22,267,5164,82,2588,185,2576,0,0,258,3861,9,650,258,4511,California
Sutter,2021-01-23,396,5560,40,2628,356,2932,0,0,370,4205,26,676,370,4881,California
Sutter,2021-01-24,17,5577,14,2642,3,2935,0,0,15,4218,2,678,15,4896,California
Sutter,2021-01-25,302,5879,196,2838,106,3041,0,0,149,4215,152,830,149,5045,California
Sutter,2021-01-26,242,6121,102,2940,140,3181,0,0,145,4265,96,926,146,5191,California
Sutter,2021-01-27,385,6506,254,3194,131,3312,0,0,319,4518,66,992,319,5510,California
Sutter,2021-01-28,523,7029,300,3494,223,3535,0,0,393,4781,130,1122,393,5903,California
Sutter,2021-01-29,418,7447,146,3640,272,3807,0,0,252,4867,166,1288,252,6155,California
Sutter,2021-01-30,780,8227,39,3679,741,4548,0,0,769,5625,11,1299,769,6924,California
Sutter,2021-01-31,27,8254,27,3706,0,4548,0,0,27,5652,0,1299,27,6951,California
Sutter,2021-02-01,162,8416,47,3753,115,4663,0,0,131,5752,31,1330,131,7082,California
Sutter,2021-02-02,241,8657,25,3778,216,4879,0,0,211,5933,30,1360,211,7293,California
Sutter,2021-02-03,444,9101,36,3814,408,5287,0,0,212,5913,232,1592,212,7505,California
Sutter,2021-02-04,667,9768,366,4180,301,5588,0,0,617,6480,50,1642,617,8122,California
Sutter,2021-02-05,281,10049,31,4211,250,5838,0,0,133,6465,148,1790,133,8255,California
Sutter,2021-02-06,732,10781,27,4238,705,6543,0,0,714,7160,19,1809,714,8969,California
Sutter,2021-02-07,22,10803,19,4257,3,6546,0,0,19,7176,3,1812,19,8988,California
Sutter,2021-02-08,132,10935,27,4284,105,6651,0,0,96,7236,36,1848,96,9084,California
Sutter,2021-02-09,249,11184,47,4331,202,6853,0,0,185,7357,64,1912,185,9269,California
Sutter,2021-02-10,799,11983,379,4710,420,7273,0,0,172,6903,626,2538,172,9441,California
Sutter,2021-02-11,601,12584,270,4980,331,7604,0,0,375,7052,226,2764,375,9816,California
Sutter,2021-02-12,625,13209,66,5046,559,8163,0,0,309,7045,316,3080,309,10125,California
Sutter,2021-02-13,901,14110,48,5094,853,9016,0,0,784,7713,116,3196,784,10909,California
Sutter,2021-02-14,87,14197,24,5118,63,9079,0,0,77,7780,10,3206,77,10986,California
Sutter,2021-02-15,198,14395,71,5189,127,9206,0,0,123,7828,75,3281,123,11109,California
Sutter,2021-02-16,283,14678,43,5232,240,9446,0,0,200,7946,82,3363,200,11309,California
Sutter,2021-02-17,829,15507,435,5667,394,9840,0,0,127,7371,702,4065,127,11436,California
Sutter,2021-02-18,702,16209,50,5717,652,10492,0,0,493,7656,208,4273,493,11929,California
Sutter,2021-02-19,663,16872,381,6098,282,10774,0,0,463,7921,198,4471,463,12392,California
Sutter,2021-02-20,621,17493,55,6153,566,11340,0,0,518,8336,103,4574,518,12910,California
Sutter,2021-02-21,29,17522,24,6177,5,11345,0,0,8,8323,21,4595,8,12918,California
Sutter,2021-02-22,199,17721,115,6292,84,11429,0,0,86,8296,113,4708,86,13004,California
Sutter,2021-02-23,217,17938,31,6323,186,11615,0,0,94,8267,123,4831,94,13098,California
Sutter,2021-02-24,957,18895,348,6671,609,12224,0,0,190,7691,766,5597,190,13288,California
Sutter,2021-02-25,772,19667,492,7163,280,12504,0,0,597,8116,172,5769,597,13885,California
Sutter,2021-02-26,365,20032,60,7223,305,12809,0,0,152,8057,211,5980,152,14037,California
Sutter,2021-02-27,859,20891,44,7267,815,13624,0,0,701,8599,159,6139,701,14738,California
Sutter,2021-02-28,83,20974,38,7305,45,13669,0,0,66,8648,17,6156,66,14804,California
Sutter,2021-03-01,243,21217,60,7365,183,13852,0,0,147,8699,96,6252,147,14951,California
Sutter,2021-03-02,333,21550,57,7422,276,14128,0,0,160,8687,172,6424,160,15111,California
Sutter,2021-03-03,1364,22914,506,7928,858,14986,0,0,622,8573,736,7160,622,15733,California
Sutter,2021-03-04,1232,24146,845,8773,387,15373,0,0,941,9229,287,7447,943,16676,California
Sutter,2021-03-05,317,24463,72,8845,244,15617,1,1,181,9276,135,7582,182,16858,California
Sutter,2021-03-06,595,25058,44,8889,547,16164,4,5,445,9582,143,7725,449,17307,California
Sutter,2021-03-07,64,25122,23,8912,40,16204,1,6,44,9607,20,7745,45,17352,California
Sutter,2021-03-08,202,25324,70,8982,120,16324,12,18,135,9688,66,7811,147,17499,California
Sutter,2021-03-09,382,25706,131,9113,238,16562,13,31,178,9676,203,8014,191,17690,California
Sutter,2021-03-10,1524,27230,654,9767,818,17380,52,83,481,9169,1040,9054,533,18223,California
Sutter,2021-03-11,837,28067,400,10167,421,17801,16,99,603,9557,231,9285,619,18842,California
Sutter,2021-03-12,484,28551,80,10247,336,18137,68,167,163,9468,320,9605,231,19073,California
Sutter,2021-03-13,908,29459,707,10954,184,18321,17,184,738,10055,168,9773,755,19828,California
Sutter,2021-03-14,85,29544,22,10976,52,18373,11,195,34,10049,51,9824,45,19873,California
Sutter,2021-03-15,309,29853,68,11044,194,18567,47,242,143,10074,165,9989,190,20063,California
Sutter,2021-03-16,333,30186,84,11128,203,18770,46,288,171,10130,161,10150,217,20280,California
Sutter,2021-03-17,1454,31640,551,11679,880,19650,23,311,281,9269,1165,11315,304,20584,California
Sutter,2021-03-18,735,32375,118,11797,457,20107,160,471,418,9531,315,11630,577,21161,California
Sutter,2021-03-19,318,32693,106,11903,195,20302,17,488,188,9609,127,11757,205,21366,California
Sutter,2021-03-20,862,33555,92,11995,764,21066,6,494,795,10345,66,11823,802,22168,California
Sutter,2021-03-21,70,33625,47,12042,19,21085,4,498,38,10355,32,11855,42,22210,California
Sutter,2021-03-22,283,33908,118,12160,139,21224,26,524,205,10508,78,11933,231,22441,California
Sutter,2021-03-23,340,34248,126,12286,182,21406,32,556,233,10666,107,12040,265,22706,California
Sutter,2021-03-24,1629,35877,726,13012,831,22237,72,628,314,9746,1306,13346,386,23092,California
Sutter,2021-03-25,984,36861,663,13675,280,22517,41,669,329,9465,652,13998,371,23463,California
Sutter,2021-03-26,478,37339,184,13859,276,22793,18,687,283,9578,193,14191,306,23769,California
Sutter,2021-03-27,861,38200,64,13923,794,23587,3,690,762,10245,98,14289,765,24534,California
Sutter,2021-03-28,123,38323,72,13995,51,23638,0,690,77,10277,45,14334,77,24611,California
Sutter,2021-03-29,400,38723,139,14134,212,23850,49,739,210,10349,189,14523,261,24872,California
Sutter,2021-03-30,442,39165,162,14296,273,24123,7,746,290,10495,151,14674,297,25169,California
Sutter,2021-03-31,1185,40350,173,14469,995,25118,17,763,435,10437,742,15416,684,25853,California
Sutter,2021-04-01,1147,41497,690,15159,321,25439,136,899,298,10034,844,16260,441,26294,California
Sutter,2021-04-02,306,41803,44,15203,175,25614,87,986,139,10099,166,16426,231,26525,California
Tehama,2020-12-15,1,1,1,1,0,0,0,0,1,1,0,0,1,1,California
Tehama,2020-12-16,2,3,2,3,0,0,0,0,2,3,0,0,2,3,California
Tehama,2020-12-17,12,15,12,15,0,0,0,0,12,15,0,0,12,15,California
Tehama,2020-12-18,2,17,2,17,0,0,0,0,3,18,0,0,3,18,California
Tehama,2020-12-21,33,50,33,50,0,0,0,0,33,51,0,0,33,51,California
Tehama,2020-12-22,68,118,62,112,6,6,0,0,68,119,0,0,68,119,California
Tehama,2020-12-23,48,166,40,152,8,14,0,0,48,167,0,0,48,167,California
Tehama,2020-12-24,5,171,3,155,2,16,0,0,5,172,0,0,5,172,California
Tehama,2020-12-26,3,174,2,157,1,17,0,0,3,175,0,0,3,175,California
Tehama,2020-12-27,2,176,2,159,0,17,0,0,2,177,0,0,2,177,California
Tehama,2020-12-28,56,232,43,202,13,30,0,0,56,233,0,0,56,233,California
Tehama,2020-12-29,31,263,31,233,0,30,0,0,31,264,0,0,31,264,California
Tehama,2020-12-30,54,317,38,271,16,46,0,0,53,317,0,0,53,317,California
Tehama,2020-12-31,14,331,4,275,10,56,0,0,14,331,0,0,14,331,California
Tehama,2021-01-01,2,333,0,275,2,58,0,0,2,333,0,0,2,333,California
Tehama,2021-01-04,31,364,8,283,23,81,0,0,31,364,0,0,31,364,California
Tehama,2021-01-05,71,435,44,327,27,108,0,0,68,429,3,3,68,432,California
Tehama,2021-01-06,70,505,21,348,49,157,0,0,61,482,8,11,61,493,California
Tehama,2021-01-07,57,562,7,355,50,207,0,0,56,537,1,12,56,549,California
Tehama,2021-01-08,30,592,24,379,6,213,0,0,25,557,5,17,25,574,California
Tehama,2021-01-09,7,599,5,384,2,215,0,0,5,560,2,19,5,579,California
Tehama,2021-01-10,1,600,0,384,1,216,0,0,1,561,0,19,1,580,California
Tehama,2021-01-11,47,647,46,430,1,217,0,0,14,542,33,52,14,594,California
Tehama,2021-01-12,115,762,95,525,20,237,0,0,70,567,45,97,70,664,California
Tehama,2021-01-13,72,834,55,580,17,254,0,0,26,547,46,143,26,690,California
Tehama,2021-01-14,226,1060,51,631,175,429,0,0,224,769,2,145,224,914,California
Tehama,2021-01-15,246,1306,74,705,172,601,0,0,242,1007,4,149,242,1156,California
Tehama,2021-01-16,274,1580,27,732,247,848,0,0,271,1275,3,152,271,1427,California
Tehama,2021-01-17,13,1593,9,741,4,852,0,0,11,1284,2,154,11,1438,California
Tehama,2021-01-18,10,1603,6,747,4,856,0,0,5,1284,5,159,5,1443,California
Tehama,2021-01-19,289,1892,61,808,228,1084,0,0,234,1463,55,214,234,1677,California
Tehama,2021-01-20,303,2195,88,896,215,1299,0,0,252,1665,50,264,252,1929,California
Tehama,2021-01-21,214,2409,11,907,203,1502,0,0,204,1859,10,274,204,2133,California
Tehama,2021-01-22,214,2623,12,919,202,1704,0,0,211,2067,3,277,211,2344,California
Tehama,2021-01-23,263,2886,10,929,253,1957,0,0,261,2327,2,279,262,2606,California
Tehama,2021-01-25,30,2916,13,942,17,1974,0,0,13,2323,17,296,13,2619,California
Tehama,2021-01-26,325,3241,41,983,284,2258,0,0,287,2573,38,334,288,2907,California
Tehama,2021-01-27,299,3540,21,1004,278,2536,0,0,279,2832,20,354,279,3186,California
Tehama,2021-01-28,337,3877,28,1032,309,2845,0,0,322,3139,15,369,322,3508,California
Tehama,2021-01-29,320,4197,18,1050,302,3147,0,0,303,3425,17,386,303,3811,California
Tehama,2021-01-30,102,4299,2,1052,100,3247,0,0,101,3525,1,387,101,3912,California
Tehama,2021-01-31,1,4300,0,1052,1,3248,0,0,1,3526,0,387,1,3913,California
Tehama,2021-02-01,78,4378,23,1075,55,3303,0,0,37,3522,41,428,37,3950,California
Tehama,2021-02-02,335,4713,63,1138,272,3575,0,0,239,3668,93,521,239,4189,California
Tehama,2021-02-03,363,5076,12,1150,351,3926,0,0,319,3943,44,565,319,4508,California
Tehama,2021-02-04,448,5524,99,1249,349,4275,0,0,370,4235,78,643,370,4878,California
Tehama,2021-02-05,160,5684,73,1322,87,4362,0,0,101,4277,59,702,101,4979,California
Tehama,2021-02-06,29,5713,13,1335,16,4378,0,0,17,4282,12,714,17,4996,California
Tehama,2021-02-07,5,5718,4,1339,1,4379,0,0,2,4281,3,717,2,4998,California
Tehama,2021-02-08,35,5753,14,1353,21,4400,0,0,27,4300,8,725,27,5025,California
Tehama,2021-02-09,76,5829,33,1386,43,4443,0,0,42,4308,34,759,42,5067,California
Tehama,2021-02-10,232,6061,61,1447,171,4614,0,0,157,4390,75,834,157,5224,California
Tehama,2021-02-11,219,6280,14,1461,205,4819,0,0,79,4331,138,972,79,5303,California
Tehama,2021-02-12,346,6626,49,1510,297,5116,0,0,165,4315,181,1153,165,5468,California
Tehama,2021-02-13,390,7016,13,1523,377,5493,0,0,149,4223,241,1394,149,5617,California
Tehama,2021-02-14,34,7050,0,1523,34,5527,0,0,33,4255,1,1395,33,5650,California
Tehama,2021-02-15,52,7102,10,1533,42,5569,0,0,46,4295,6,1401,46,5696,California
Tehama,2021-02-16,240,7342,15,1548,225,5794,0,0,57,4169,183,1584,57,5753,California
Tehama,2021-02-17,291,7633,21,1569,270,6064,0,0,65,4008,226,1810,65,5818,California
Tehama,2021-02-18,363,7996,36,1605,327,6391,0,0,139,3923,224,2034,139,5957,California
Tehama,2021-02-19,216,8212,19,1624,197,6588,0,0,46,3799,170,2204,46,6003,California
Tehama,2021-02-20,273,8485,6,1630,267,6855,0,0,26,3579,246,2450,26,6029,California
Tehama,2021-02-21,1,8486,1,1631,0,6855,0,0,1,3580,0,2450,1,6030,California
Tehama,2021-02-22,38,8524,14,1645,24,6879,0,0,25,3592,13,2463,25,6055,California
Tehama,2021-02-23,45,8569,18,1663,27,6906,0,0,25,3597,20,2483,25,6080,California
Tehama,2021-02-24,298,8867,12,1675,286,7192,0,0,25,3349,273,2756,25,6105,California
Tehama,2021-02-25,379,9246,63,1738,316,7508,0,0,39,3048,340,3096,39,6144,California
Tehama,2021-02-26,453,9699,19,1757,434,7942,0,0,69,2733,384,3480,69,6213,California
Tehama,2021-02-27,296,9995,6,1763,290,8232,0,0,35,2507,261,3741,35,6248,California
Tehama,2021-02-28,24,10019,3,1766,21,8253,0,0,21,2525,3,3744,21,6269,California
Tehama,2021-03-01,62,10081,8,1774,54,8307,0,0,28,2519,34,3778,28,6297,California
Tehama,2021-03-02,106,10187,17,1791,89,8396,0,0,26,2465,80,3858,26,6323,California
Tehama,2021-03-03,100,10287,28,1819,72,8468,0,0,37,2439,63,3921,37,6360,California
Tehama,2021-03-04,530,10817,21,1840,509,8977,0,0,196,2307,328,4249,196,6556,California
Tehama,2021-03-05,347,11164,21,1861,326,9303,0,0,189,2339,157,4406,189,6745,California
Tehama,2021-03-06,285,11449,16,1877,269,9572,0,0,75,2206,209,4615,76,6821,California
Tehama,2021-03-07,8,11457,2,1879,6,9578,0,0,6,2210,2,4617,6,6827,California
Tehama,2021-03-08,53,11510,10,1889,30,9608,13,13,25,2221,27,4644,38,6865,California
Tehama,2021-03-09,286,11796,5,1894,262,9870,19,32,234,2422,52,4696,253,7118,California
Tehama,2021-03-10,310,12106,14,1908,292,10162,4,36,64,2245,245,4941,68,7186,California
Tehama,2021-03-11,438,12544,22,1930,381,10543,35,71,312,2466,126,5067,347,7533,California
Tehama,2021-03-12,231,12775,13,1943,171,10714,47,118,151,2584,80,5147,198,7731,California
Tehama,2021-03-13,28,12803,9,1952,13,10727,6,124,6,2574,22,5169,12,7743,California
Tehama,2021-03-14,29,12832,2,1954,16,10743,11,135,3,2562,26,5195,14,7757,California
Tehama,2021-03-15,155,12987,22,1976,108,10851,25,160,82,2596,73,5268,107,7864,California
Tehama,2021-03-16,362,13349,15,1991,312,11163,35,195,269,2808,92,5360,304,8168,California
Tehama,2021-03-17,395,13744,31,2022,333,11496,31,226,313,3072,80,5440,344,8512,California
Tehama,2021-03-18,440,14184,26,2048,390,11886,24,250,276,3210,162,5602,300,8812,California
Tehama,2021-03-19,274,14458,15,2063,247,12133,12,262,235,3418,39,5641,247,9059,California
Tehama,2021-03-20,30,14488,10,2073,19,12152,1,263,24,3437,6,5647,25,9084,California
Tehama,2021-03-21,13,14501,7,2080,6,12158,0,263,13,3450,0,5647,13,9097,California
Tehama,2021-03-22,91,14592,8,2088,68,12226,15,278,53,3480,38,5685,68,9165,California
Tehama,2021-03-23,88,14680,25,2113,54,12280,9,287,66,3534,21,5706,75,9240,California
Tehama,2021-03-24,93,14773,21,2134,68,12348,4,291,62,3569,31,5737,66,9306,California
Tehama,2021-03-25,449,15222,291,2425,147,12495,11,302,403,3938,46,5783,415,9721,California
Tehama,2021-03-26,466,15688,357,2782,96,12591,13,315,387,4261,79,5862,402,10123,California
Tehama,2021-03-27,428,16116,340,3122,67,12658,21,336,365,4585,62,5924,386,10509,California
Tehama,2021-03-28,36,16152,15,3137,21,12679,0,336,23,4595,13,5937,23,10532,California
Tehama,2021-03-29,119,16271,32,3169,87,12766,0,336,77,4632,41,5978,78,10610,California
Tehama,2021-03-30,344,16615,197,3366,145,12911,2,338,231,4762,113,6091,243,10853,California
Tehama,2021-03-31,367,16982,269,3635,95,13006,3,341,300,5001,66,6157,305,11158,California
Tehama,2021-04-01,512,17494,237,3872,269,13275,6,347,375,5260,137,6294,396,11554,California
Tehama,2021-04-02,324,17818,147,4019,172,13447,5,352,181,5321,143,6437,204,11758,California
Trinity,2020-12-17,4,4,4,4,0,0,0,0,4,4,0,0,4,4,California
Trinity,2020-12-18,2,6,2,6,0,0,0,0,2,6,0,0,2,6,California
Trinity,2020-12-21,38,44,38,44,0,0,0,0,38,44,0,0,38,44,California
Trinity,2020-12-22,5,49,5,49,0,0,0,0,5,49,0,0,5,49,California
Trinity,2020-12-23,5,54,5,54,0,0,0,0,5,54,0,0,5,54,California
Trinity,2020-12-28,30,84,30,84,0,0,0,0,30,84,0,0,30,84,California
Trinity,2020-12-29,8,92,7,91,1,1,0,0,8,92,0,0,8,92,California
Trinity,2020-12-30,10,102,8,99,2,3,0,0,10,102,0,0,10,102,California
Trinity,2020-12-31,2,104,1,100,1,4,0,0,2,104,0,0,2,104,California
Trinity,2021-01-04,27,131,1,101,26,30,0,0,26,130,0,0,26,130,California
Trinity,2021-01-05,2,133,1,102,1,31,0,0,2,132,0,0,2,132,California
Trinity,2021-01-06,23,156,4,106,19,50,0,0,19,147,4,4,19,151,California
Trinity,2021-01-08,49,205,2,108,47,97,0,0,48,193,2,6,48,199,California
Trinity,2021-01-11,40,245,39,147,1,98,0,0,2,157,38,44,2,201,California
Trinity,2021-01-12,8,253,6,153,2,100,0,0,3,155,5,49,3,204,California
Trinity,2021-01-13,7,260,4,157,3,103,0,0,4,156,3,52,4,208,California
Trinity,2021-01-14,4,264,1,158,3,106,0,0,4,160,0,52,4,212,California
Trinity,2021-01-16,4,268,0,158,4,110,0,0,4,164,0,52,4,216,California
Trinity,2021-01-18,31,299,31,189,0,110,0,0,1,135,30,82,1,217,California
Trinity,2021-01-19,31,330,14,203,17,127,0,0,17,138,14,96,17,234,California
Trinity,2021-01-20,19,349,3,206,16,143,0,0,17,153,2,98,17,251,California
Trinity,2021-01-21,16,365,6,212,10,153,0,0,16,169,0,98,16,267,California
Trinity,2021-01-22,4,369,0,212,4,157,0,0,4,173,0,98,4,271,California
Trinity,2021-01-23,6,375,2,214,4,161,0,0,6,179,0,98,6,277,California
Trinity,2021-01-25,14,389,1,215,13,174,0,0,13,191,1,99,13,290,California
Trinity,2021-01-26,10,399,1,216,9,183,0,0,9,199,1,100,9,299,California
Trinity,2021-01-27,12,411,0,216,12,195,0,0,12,211,0,100,12,311,California
Trinity,2021-01-28,13,424,3,219,10,205,0,0,10,218,3,103,10,321,California
Trinity,2021-01-29,3,427,1,220,2,207,0,0,2,219,1,104,2,323,California
Trinity,2021-01-30,13,440,11,231,2,209,0,0,13,232,0,104,13,336,California
Trinity,2021-01-31,1,441,1,232,0,209,0,0,1,233,0,104,1,337,California
Trinity,2021-02-01,2,443,1,233,1,210,0,0,1,233,1,105,1,338,California
Trinity,2021-02-02,13,456,3,236,10,220,0,0,12,244,1,106,12,350,California
Trinity,2021-02-03,6,462,1,237,5,225,0,0,3,244,3,109,3,353,California
Trinity,2021-02-04,36,498,32,269,4,229,0,0,34,276,2,111,34,387,California
Trinity,2021-02-05,348,846,0,269,348,577,0,0,318,564,30,141,318,705,California
Trinity,2021-02-06,208,1054,3,272,205,782,0,0,201,758,7,148,201,906,California
Trinity,2021-02-08,24,1078,1,273,23,805,0,0,16,766,8,156,16,922,California
Trinity,2021-02-09,21,1099,2,275,19,824,0,0,6,757,15,171,6,928,California
Trinity,2021-02-10,122,1221,9,284,113,937,0,0,103,841,19,190,103,1031,California
Trinity,2021-02-11,302,1523,2,286,300,1237,0,0,296,1131,6,196,296,1327,California
Trinity,2021-02-12,9,1532,6,292,3,1240,0,0,9,1140,0,196,9,1336,California
Trinity,2021-02-13,11,1543,4,296,7,1247,0,0,5,1139,6,202,5,1341,California
Trinity,2021-02-14,2,1545,2,298,0,1247,0,0,2,1141,0,202,2,1343,California
Trinity,2021-02-15,47,1592,0,298,47,1294,0,0,47,1188,0,202,47,1390,California
Trinity,2021-02-16,7,1599,2,300,5,1299,0,0,3,1188,4,206,4,1394,California
Trinity,2021-02-17,94,1693,2,302,92,1391,0,0,84,1262,10,216,84,1478,California
Trinity,2021-02-18,5,1698,0,302,5,1396,0,0,1,1260,3,219,1,1479,California
Trinity,2021-02-19,212,1910,2,304,210,1606,0,0,199,1446,13,232,199,1678,California
Trinity,2021-02-20,141,2051,13,317,128,1734,0,0,114,1533,27,259,114,1792,California
Trinity,2021-02-22,3,2054,0,317,3,1737,0,0,0,1530,3,262,0,1792,California
Trinity,2021-02-23,8,2062,4,321,4,1741,0,0,3,1528,5,267,3,1795,California
Trinity,2021-02-24,28,2090,8,329,20,1761,0,0,7,1514,21,288,7,1802,California
Trinity,2021-02-25,36,2126,23,352,13,1774,0,0,5,1488,31,319,5,1807,California
Trinity,2021-02-26,11,2137,1,353,10,1784,0,0,5,1487,6,325,5,1812,California
Trinity,2021-02-27,8,2145,5,358,3,1787,0,0,5,1489,3,328,5,1817,California
Trinity,2021-02-28,1,2146,1,359,0,1787,0,0,1,1490,0,328,1,1818,California
Trinity,2021-03-01,8,2154,0,359,8,1795,0,0,5,1492,3,331,5,1823,California
Trinity,2021-03-02,9,2163,4,363,5,1800,0,0,1,1485,8,339,1,1824,California
Trinity,2021-03-03,5,2168,0,363,5,1805,0,0,4,1488,1,340,4,1828,California
Trinity,2021-03-04,15,2183,10,373,5,1810,0,0,13,1499,2,342,13,1841,California
Trinity,2021-03-05,282,2465,1,374,280,2090,1,1,33,1287,246,588,34,1875,California
Trinity,2021-03-06,186,2651,7,381,179,2269,0,1,21,1143,165,753,21,1896,California
Trinity,2021-03-07,3,2654,3,384,0,2269,0,1,2,1144,1,754,2,1898,California
Trinity,2021-03-08,5,2659,0,384,3,2272,2,3,2,1145,3,757,4,1902,California
Trinity,2021-03-09,95,2754,1,385,91,2363,3,6,90,1233,5,762,93,1995,California
Trinity,2021-03-10,128,2882,6,391,121,2484,1,7,41,1188,87,849,42,2037,California
Trinity,2021-03-11,12,2894,4,395,5,2489,3,10,7,1193,5,854,10,2047,California
Trinity,2021-03-12,325,3219,4,399,316,2805,5,15,61,995,264,1118,66,2113,California
Trinity,2021-03-13,10,3229,7,406,2,2807,1,16,7,1000,3,1121,8,2121,California
Trinity,2021-03-15,67,3296,0,406,66,2873,1,17,14,962,53,1174,15,2136,California
Trinity,2021-03-16,112,3408,7,413,105,2978,0,17,99,1048,13,1187,99,2235,California
Trinity,2021-03-17,105,3513,4,417,101,3079,0,17,30,1003,75,1262,30,2265,California
Trinity,2021-03-18,11,3524,5,422,5,3084,1,18,8,1009,3,1265,9,2274,California
Trinity,2021-03-19,356,3880,5,427,246,3330,105,123,30,818,326,1591,135,2409,California
Trinity,2021-03-20,61,3941,8,435,53,3383,0,123,38,833,23,1614,38,2447,California
Trinity,2021-03-21,5,3946,1,436,2,3385,2,125,2,834,3,1617,4,2451,California
Trinity,2021-03-22,4,3950,2,438,2,3387,0,125,4,838,0,1617,4,2455,California
Trinity,2021-03-23,96,4046,1,439,95,3482,0,125,78,898,18,1635,78,2533,California
Trinity,2021-03-24,11,4057,2,441,9,3491,0,125,11,909,0,1635,11,2544,California
Trinity,2021-03-25,106,4163,6,447,93,3584,7,132,83,976,23,1658,90,2634,California
Trinity,2021-03-26,12,4175,1,448,11,3595,0,132,6,976,6,1664,6,2640,California
Trinity,2021-03-27,19,4194,6,454,4,3599,9,141,6,978,13,1677,15,2655,California
Trinity,2021-03-28,8,4202,5,459,3,3602,0,141,3,976,5,1682,3,2658,California
Trinity,2021-03-29,6,4208,0,459,6,3608,0,141,3,976,3,1685,3,2661,California
Trinity,2021-03-30,79,4287,7,466,72,3680,0,141,71,1039,8,1693,71,2732,California
Trinity,2021-03-31,44,4331,6,472,15,3695,23,164,17,1051,27,1720,39,2771,California
Trinity,2021-04-01,40,4371,13,485,18,3713,9,173,22,1064,18,1738,31,2802,California
Trinity,2021-04-02,150,4521,2,487,81,3794,67,240,64,1110,85,1823,131,2933,California
Tulare,2020-12-16,4,4,4,4,0,0,0,0,4,4,0,0,4,4,California
Tulare,2020-12-17,110,114,110,114,0,0,0,0,110,114,0,0,110,114,California
Tulare,2020-12-18,291,405,291,405,0,0,0,0,291,405,0,0,291,405,California
Tulare,2020-12-19,327,732,327,732,0,0,0,0,327,732,0,0,327,732,California
Tulare,2020-12-20,167,899,167,899,0,0,0,0,167,899,0,0,167,899,California
Tulare,2020-12-21,422,1321,422,1321,0,0,0,0,442,1341,0,0,442,1341,California
Tulare,2020-12-22,469,1790,467,1788,2,2,0,0,468,1809,0,0,468,1809,California
Tulare,2020-12-23,330,2120,322,2110,8,10,0,0,328,2137,0,0,328,2137,California
Tulare,2020-12-24,18,2138,16,2126,2,12,0,0,18,2155,0,0,18,2155,California
Tulare,2020-12-26,8,2146,7,2133,1,13,0,0,8,2163,0,0,8,2163,California
Tulare,2020-12-27,16,2162,12,2145,4,17,0,0,16,2179,0,0,16,2179,California
Tulare,2020-12-28,484,2646,472,2617,12,29,0,0,483,2662,0,0,483,2662,California
Tulare,2020-12-29,545,3191,477,3094,68,97,0,0,545,3207,0,0,545,3207,California
Tulare,2020-12-30,472,3663,435,3529,37,134,0,0,472,3679,0,0,472,3679,California
Tulare,2020-12-31,95,3758,22,3551,73,207,0,0,95,3774,0,0,95,3774,California
Tulare,2021-01-01,1,3759,0,3551,1,208,0,0,1,3775,0,0,1,3775,California
Tulare,2021-01-02,27,3786,18,3569,9,217,0,0,27,3802,0,0,27,3802,California
Tulare,2021-01-03,22,3808,9,3578,13,230,0,0,22,3824,0,0,22,3824,California
Tulare,2021-01-04,92,3900,16,3594,76,306,0,0,92,3916,0,0,92,3916,California
Tulare,2021-01-05,462,4362,279,3873,183,489,0,0,460,4374,2,2,460,4376,California
Tulare,2021-01-06,863,5225,636,4509,227,716,0,0,853,5217,10,12,853,5229,California
Tulare,2021-01-07,782,6007,582,5091,200,916,0,0,676,5787,106,118,676,5905,California
Tulare,2021-01-08,1264,7271,575,5666,689,1605,0,0,926,6376,337,455,926,6831,California
Tulare,2021-01-09,739,8010,203,5869,536,2141,0,0,552,6741,187,642,552,7383,California
Tulare,2021-01-10,49,8059,43,5912,6,2147,0,0,10,6712,39,681,10,7393,California
Tulare,2021-01-11,1203,9262,765,6677,438,2585,0,0,768,7045,435,1116,768,8161,California
Tulare,2021-01-12,1396,10658,486,7163,910,3495,0,0,990,7630,406,1522,991,9152,California
Tulare,2021-01-13,452,11110,227,7390,225,3720,0,0,377,7932,75,1597,377,9529,California
Tulare,2021-01-14,491,11601,141,7531,350,4070,0,0,465,8382,15,1612,465,9994,California
Tulare,2021-01-15,1605,13206,148,7679,1457,5527,0,0,1596,9969,9,1621,1596,11590,California
Tulare,2021-01-16,1873,15079,113,7792,1760,7287,0,0,1860,11816,13,1634,1860,13450,California
Tulare,2021-01-17,140,15219,121,7913,19,7306,0,0,129,11934,11,1645,129,13579,California
Tulare,2021-01-18,696,15915,663,8576,33,7339,0,0,295,11828,401,2046,295,13874,California
Tulare,2021-01-19,1004,16919,681,9257,323,7662,0,0,577,11978,427,2473,577,14451,California
Tulare,2021-01-20,2370,19289,560,9817,1810,9472,0,0,1988,13584,382,2855,1988,16439,California
Tulare,2021-01-21,1503,20792,149,9966,1354,10826,0,0,1477,15040,21,2876,1477,17916,California
Tulare,2021-01-22,1048,21840,185,10151,863,11689,0,0,1024,16041,23,2899,1024,18940,California
Tulare,2021-01-23,438,22278,157,10308,281,11970,0,0,416,16435,22,2921,416,19356,California
Tulare,2021-01-24,30,22308,27,10335,3,11973,0,0,27,16459,3,2924,27,19383,California
Tulare,2021-01-25,1322,23630,976,11311,346,12319,0,0,1293,17723,29,2953,1293,20676,California
Tulare,2021-01-26,1499,25129,1100,12411,399,12718,0,0,1175,18575,323,3276,1175,21851,California
Tulare,2021-01-27,1458,26587,1071,13482,387,13105,0,0,878,18873,580,3856,878,22729,California
Tulare,2021-01-28,1192,27779,764,14246,428,13533,0,0,800,19281,392,4248,800,23529,California
Tulare,2021-01-29,1126,28905,718,14964,408,13941,0,0,818,19791,308,4556,818,24347,California
Tulare,2021-01-30,1672,30577,1582,16546,90,14031,0,0,1649,21418,23,4579,1650,25997,California
Tulare,2021-01-31,50,30627,47,16593,3,14034,0,0,48,21464,2,4581,48,26045,California
Tulare,2021-02-01,1165,31792,902,17495,263,14297,0,0,816,21932,348,4929,816,26861,California
Tulare,2021-02-02,674,32466,328,17823,346,14643,0,0,445,22150,227,5156,445,27306,California
Tulare,2021-02-03,605,33071,282,18105,323,14966,0,0,332,22211,271,5427,332,27638,California
Tulare,2021-02-04,551,33622,165,18270,386,15352,0,0,264,22189,287,5714,265,27903,California
Tulare,2021-02-05,1226,34848,229,18499,997,16349,0,0,414,21793,810,6524,414,28317,California
Tulare,2021-02-06,836,35684,152,18651,684,17033,0,0,272,21503,562,7086,272,28589,California
Tulare,2021-02-07,76,35760,64,18715,12,17045,0,0,23,21473,53,7139,23,28612,California
Tulare,2021-02-08,947,36707,335,19050,612,17657,0,0,308,21145,636,7775,308,28920,California
Tulare,2021-02-09,1401,38108,323,19373,1078,18735,0,0,358,20464,1039,8814,358,29278,California
Tulare,2021-02-10,2451,40559,1984,21357,467,19202,0,0,2069,22154,379,9193,2069,31347,California
Tulare,2021-02-11,1303,41862,375,21732,928,20130,0,0,923,22697,380,9573,923,32270,California
Tulare,2021-02-12,2779,44641,579,22311,2200,22330,0,0,1224,22375,1548,11121,1226,33496,California
Tulare,2021-02-13,2448,47089,157,22468,2291,24621,0,0,666,21262,1779,12900,666,34162,California
Tulare,2021-02-14,328,47417,36,22504,292,24913,0,0,295,21524,33,12933,295,34457,California
Tulare,2021-02-15,913,48330,292,22796,621,25534,0,0,657,21926,255,13188,657,35114,California
Tulare,2021-02-16,2817,51147,1603,24399,1214,26748,0,0,1068,21245,1749,14937,1068,36182,California
Tulare,2021-02-17,2697,53844,513,24912,2184,28932,0,0,466,19486,2226,17163,467,36649,California
Tulare,2021-02-18,2279,56123,440,25352,1839,30771,0,0,620,18455,1651,18814,620,37269,California
Tulare,2021-02-19,2284,58407,847,26199,1437,32208,0,0,940,18053,1342,20156,940,38209,California
Tulare,2021-02-20,2975,61382,1876,28075,1099,33307,0,0,1253,17589,1717,21873,1253,39462,California
Tulare,2021-02-21,65,61447,61,28136,4,33311,0,0,41,17606,24,21897,41,39503,California
Tulare,2021-02-22,1106,62553,699,28835,407,33718,0,0,222,16945,883,22780,222,39725,California
Tulare,2021-02-23,1929,64482,930,29765,999,34717,0,0,1443,17903,485,23265,1443,41168,California
Tulare,2021-02-24,2453,66935,1537,31302,916,35633,0,0,2075,19602,377,23642,2076,43244,California
Tulare,2021-02-25,3449,70384,1929,33231,1520,37153,0,0,3031,22220,413,24055,3031,46275,California
Tulare,2021-02-26,3765,74149,1865,35096,1900,39053,0,0,3332,25122,430,24485,3332,49607,California
Tulare,2021-02-27,2850,76999,1390,36486,1460,40513,0,0,2721,27724,119,24604,2721,52328,California
Tulare,2021-02-28,1302,78301,1033,37519,269,40782,0,0,1282,28989,17,24621,1282,53610,California
Tulare,2021-03-01,1698,79999,764,38283,934,41716,0,0,1521,30334,176,24797,1521,55131,California
Tulare,2021-03-02,2592,82591,1150,39433,1442,43158,0,0,2428,32605,159,24956,2430,57561,California
Tulare,2021-03-03,3632,86223,2438,41871,1194,44352,0,0,1707,32392,1924,26880,1711,59272,California
Tulare,2021-03-04,2802,89025,1272,43143,1530,45882,0,0,2489,34572,310,27190,2490,61762,California
Tulare,2021-03-05,3139,92164,1612,44755,1514,47396,13,13,2678,36809,457,27647,2694,64456,California
Tulare,2021-03-06,2946,95110,1375,46130,1515,48911,56,69,2704,39329,238,27885,2758,67214,California
Tulare,2021-03-07,1073,96183,667,46797,388,49299,18,87,1036,40346,37,27922,1054,68268,California
Tulare,2021-03-08,1568,97751,934,47731,475,49774,159,246,1285,41508,282,28204,1444,69712,California
Tulare,2021-03-09,2292,100043,1343,49074,803,50577,146,392,1944,43251,348,28552,2091,71803,California
Tulare,2021-03-10,2326,102369,1143,50217,1070,51647,113,505,2009,45065,307,28859,2121,73924,California
Tulare,2021-03-11,3678,106047,1722,51939,1728,53375,228,733,2833,47289,838,29697,3062,76986,California
Tulare,2021-03-12,3698,109745,2028,53967,1408,54783,262,995,2670,49209,1014,30711,2934,79920,California
Tulare,2021-03-13,3447,113192,1626,55593,1712,56495,109,1104,2705,51284,739,31450,2814,82734,California
Tulare,2021-03-14,1579,114771,882,56475,479,56974,218,1322,1194,52312,383,31833,1411,84145,California
Tulare,2021-03-15,2577,117348,1480,57955,979,57953,118,1440,1815,53485,761,32594,1934,86079,California
Tulare,2021-03-16,3306,120654,2021,59976,1208,59161,77,1517,1791,53847,1511,34105,1873,87952,California
Tulare,2021-03-17,3655,124309,2397,62373,1192,60353,66,1583,2018,54305,1632,35737,2090,90042,California
Tulare,2021-03-18,3956,128265,2955,65328,936,61289,65,1648,2058,54537,1892,37629,2124,92166,California
Tulare,2021-03-19,4207,132472,2696,68024,1344,62633,167,1815,2212,54939,1981,39610,2383,94549,California
Tulare,2021-03-20,3013,135485,1790,69814,966,63599,257,2072,1374,54940,1633,41243,1634,96183,California
Tulare,2021-03-21,1812,137297,1546,71360,240,63839,26,2098,926,55009,883,42126,952,97135,California
Tulare,2021-03-22,2407,139704,1669,73029,629,64468,109,2207,1594,55909,805,42931,1705,98840,California
Tulare,2021-03-23,3531,143235,1986,75015,1498,65966,47,2254,1958,56357,1564,44495,2012,100852,California
Tulare,2021-03-24,2998,146233,1825,76840,1130,67096,43,2297,1786,56987,1205,45700,1835,102687,California
Tulare,2021-03-25,3000,149233,1526,78366,1389,68485,85,2382,1426,56944,1568,47268,1525,104212,California
Tulare,2021-03-26,4887,154120,2892,81258,1887,70372,108,2490,2345,56900,2525,49793,2481,106693,California
Tulare,2021-03-27,3335,157455,1659,82917,1576,71948,100,2590,909,55526,2419,52212,1045,107738,California
Tulare,2021-03-28,1398,158853,1005,83922,367,72315,26,2616,661,55485,735,52947,694,108432,California
Tulare,2021-03-29,2771,161624,1557,85479,1107,73422,107,2723,1198,55251,1567,54514,1333,109765,California
Tulare,2021-03-30,4373,165997,2541,88020,1599,75021,233,2956,2011,55157,2357,56871,2263,112028,California
Tulare,2021-03-31,3564,169561,2104,90124,1351,76372,109,3065,1478,54862,2081,58952,1786,113814,California
Tulare,2021-04-01,3981,173542,2240,92364,1683,78055,58,3123,1326,53706,2650,61602,1494,115308,California
Tulare,2021-04-02,3109,176651,1962,94326,1085,79140,62,3185,986,52690,2116,63718,1100,116408,California
Tuolumne,2020-12-16,46,46,46,46,0,0,0,0,46,46,0,0,46,46,California
Tuolumne,2020-12-17,22,68,22,68,0,0,0,0,22,68,0,0,22,68,California
Tuolumne,2020-12-18,174,242,173,241,1,1,0,0,174,242,0,0,174,242,California
Tuolumne,2020-12-19,7,249,7,248,0,1,0,0,7,249,0,0,7,249,California
Tuolumne,2020-12-20,1,250,1,249,0,1,0,0,1,250,0,0,1,250,California
Tuolumne,2020-12-21,116,366,102,351,14,15,0,0,116,366,0,0,116,366,California
Tuolumne,2020-12-22,169,535,169,520,0,15,0,0,169,535,0,0,169,535,California
Tuolumne,2020-12-23,192,727,190,710,2,17,0,0,192,727,0,0,192,727,California
Tuolumne,2020-12-26,3,730,3,713,0,17,0,0,3,730,0,0,3,730,California
Tuolumne,2020-12-28,78,808,77,790,1,18,0,0,78,808,0,0,78,808,California
Tuolumne,2020-12-29,111,919,40,830,71,89,0,0,111,919,0,0,111,919,California
Tuolumne,2020-12-30,81,1000,22,852,59,148,0,0,81,1000,0,0,81,1000,California
Tuolumne,2020-12-31,27,1027,20,872,7,155,0,0,27,1027,0,0,27,1027,California
Tuolumne,2021-01-01,6,1033,5,877,1,156,0,0,6,1033,0,0,6,1033,California
Tuolumne,2021-01-02,118,1151,115,992,3,159,0,0,118,1151,0,0,118,1151,California
Tuolumne,2021-01-03,3,1154,2,994,1,160,0,0,3,1154,0,0,3,1154,California
Tuolumne,2021-01-04,70,1224,27,1021,43,203,0,0,70,1224,0,0,70,1224,California
Tuolumne,2021-01-05,95,1319,26,1047,69,272,0,0,93,1315,2,2,93,1317,California
Tuolumne,2021-01-06,112,1431,52,1099,60,332,0,0,68,1339,44,46,68,1385,California
Tuolumne,2021-01-07,119,1550,61,1160,58,390,0,0,65,1350,54,100,65,1450,California
Tuolumne,2021-01-08,178,1728,153,1313,25,415,0,0,27,1229,150,250,29,1479,California
Tuolumne,2021-01-09,1,1729,0,1313,1,416,0,0,1,1230,0,250,1,1480,California
Tuolumne,2021-01-10,3,1732,1,1314,2,418,0,0,3,1233,0,250,3,1483,California
Tuolumne,2021-01-11,117,1849,90,1404,27,445,0,0,34,1184,83,333,34,1517,California
Tuolumne,2021-01-12,102,1951,86,1490,16,461,0,0,17,1117,85,418,18,1535,California
Tuolumne,2021-01-13,239,2190,129,1619,110,571,0,0,184,1247,55,473,185,1720,California
Tuolumne,2021-01-14,129,2319,92,1711,37,608,0,0,42,1203,86,559,42,1762,California
Tuolumne,2021-01-15,476,2795,71,1782,405,1013,0,0,414,1557,61,620,415,2177,California
Tuolumne,2021-01-16,6,2801,2,1784,4,1017,0,0,5,1561,1,621,5,2182,California
Tuolumne,2021-01-17,4,2805,1,1785,3,1020,0,0,4,1565,0,621,4,2186,California
Tuolumne,2021-01-18,46,2851,38,1823,8,1028,0,0,8,1536,37,658,8,2194,California
Tuolumne,2021-01-19,472,3323,70,1893,402,1430,0,0,429,1922,43,701,429,2623,California
Tuolumne,2021-01-20,77,3400,60,1953,17,1447,0,0,24,1893,53,754,24,2647,California
Tuolumne,2021-01-21,57,3457,22,1975,35,1482,0,0,41,1919,16,770,42,2689,California
Tuolumne,2021-01-22,181,3638,13,1988,168,1650,0,0,175,2088,6,776,175,2864,California
Tuolumne,2021-01-23,666,4304,146,2134,520,2170,0,0,553,2538,113,889,563,3427,California
Tuolumne,2021-01-24,526,4830,1,2135,525,2695,0,0,522,3058,3,892,523,3950,California
Tuolumne,2021-01-25,48,4878,27,2162,21,2716,0,0,22,3055,26,918,23,3973,California
Tuolumne,2021-01-26,80,4958,68,2230,12,2728,0,0,40,3056,40,958,41,4014,California
Tuolumne,2021-01-27,61,5019,4,2234,57,2785,0,0,7,3011,53,1011,8,4022,California
Tuolumne,2021-01-28,27,5046,7,2241,20,2805,0,0,18,3020,9,1020,18,4040,California
Tuolumne,2021-01-29,71,5117,7,2248,64,2869,0,0,33,3015,38,1058,33,4073,California
Tuolumne,2021-01-30,711,5828,554,2802,157,3026,0,0,691,3699,20,1078,704,4777,California
Tuolumne,2021-01-31,8,5836,2,2804,6,3032,0,0,5,3701,3,1081,5,4782,California
Tuolumne,2021-02-01,25,5861,6,2810,19,3051,0,0,22,3720,3,1084,22,4804,California
Tuolumne,2021-02-02,649,6510,36,2846,613,3664,0,0,639,4350,9,1093,639,5443,California
Tuolumne,2021-02-03,239,6749,108,2954,131,3795,0,0,85,4281,154,1247,85,5528,California
Tuolumne,2021-02-04,127,6876,14,2968,113,3908,0,0,66,4284,63,1310,66,5594,California
Tuolumne,2021-02-05,102,6978,14,2982,88,3996,0,0,37,4258,63,1373,37,5631,California
Tuolumne,2021-02-06,851,7829,579,3561,272,4268,0,0,850,5107,1,1374,850,6481,California
Tuolumne,2021-02-07,7,7836,4,3565,3,4271,0,0,3,5106,4,1378,3,6484,California
Tuolumne,2021-02-08,90,7926,39,3604,51,4322,0,0,67,5150,23,1401,67,6551,California
Tuolumne,2021-02-09,864,8790,47,3651,817,5139,0,0,828,5942,36,1437,828,7379,California
Tuolumne,2021-02-10,92,8882,14,3665,78,5217,0,0,30,5912,60,1497,30,7409,California
Tuolumne,2021-02-11,137,9019,64,3729,73,5290,0,0,74,5923,63,1560,74,7483,California
Tuolumne,2021-02-12,643,9662,12,3741,631,5921,0,0,204,5689,439,1999,205,7688,California
Tuolumne,2021-02-13,146,9808,41,3782,105,6026,0,0,115,5779,25,2024,115,7803,California
Tuolumne,2021-02-14,147,9955,12,3794,135,6161,0,0,146,5924,1,2025,146,7949,California
Tuolumne,2021-02-15,182,10137,10,3804,172,6333,0,0,172,6087,10,2035,173,8122,California
Tuolumne,2021-02-16,525,10662,18,3822,507,6840,0,0,123,5812,400,2435,125,8247,California
Tuolumne,2021-02-17,109,10771,62,3884,47,6887,0,0,63,5830,45,2480,63,8310,California
Tuolumne,2021-02-18,682,11453,22,3906,660,7547,0,0,633,6414,49,2529,633,8943,California
Tuolumne,2021-02-19,133,11586,21,3927,112,7659,0,0,43,6367,90,2619,43,8986,California
Tuolumne,2021-02-20,908,12494,343,4270,565,8224,0,0,388,6248,508,3127,389,9375,California
Tuolumne,2021-02-21,978,13472,32,4302,946,9170,0,0,473,6219,502,3629,473,9848,California
Tuolumne,2021-02-22,76,13548,54,4356,22,9192,0,0,46,6235,30,3659,46,9894,California
Tuolumne,2021-02-23,41,13589,21,4377,20,9212,0,0,22,6239,18,3677,22,9916,California
Tuolumne,2021-02-24,93,13682,60,4437,33,9245,0,0,39,6232,52,3729,45,9961,California
Tuolumne,2021-02-25,1048,14730,29,4466,1019,10264,0,0,1017,7218,31,3760,1017,10978,California
Tuolumne,2021-02-26,144,14874,10,4476,134,10398,0,0,119,7313,25,3785,120,11098,California
Tuolumne,2021-02-27,950,15824,576,5052,374,10772,0,0,247,6871,689,4474,247,11345,California
Tuolumne,2021-02-28,53,15877,4,5056,49,10821,0,0,51,6921,1,4475,51,11396,California
Tuolumne,2021-03-01,104,15981,21,5077,83,10904,0,0,71,6962,32,4507,73,11469,California
Tuolumne,2021-03-02,706,16687,72,5149,634,11538,0,0,105,6466,601,5108,105,11574,California
Tuolumne,2021-03-03,81,16768,21,5170,60,11598,0,0,56,6498,25,5133,57,11631,California
Tuolumne,2021-03-04,1156,17924,67,5237,1089,12687,0,0,1097,7536,59,5192,1097,12728,California
Tuolumne,2021-03-05,75,17999,9,5246,66,12753,0,0,43,7549,31,5223,44,12772,California
Tuolumne,2021-03-06,1041,19040,603,5849,436,13189,2,2,191,6894,849,6072,194,12966,California
Tuolumne,2021-03-07,35,19075,11,5860,11,13200,13,15,13,6899,22,6094,27,12993,California
Tuolumne,2021-03-08,200,19275,89,5949,104,13304,7,22,141,6991,59,6153,151,13144,California
Tuolumne,2021-03-09,879,20154,16,5965,853,14157,10,32,79,6281,799,6952,89,13233,California
Tuolumne,2021-03-10,95,20249,16,5981,69,14226,10,42,54,6304,41,6993,64,13297,California
Tuolumne,2021-03-11,1262,21511,33,6014,1225,15451,4,46,1221,7492,40,7033,1228,14525,California
Tuolumne,2021-03-12,268,21779,33,6047,220,15671,15,61,121,7522,145,7178,175,14700,California
Tuolumne,2021-03-13,60,21839,12,6059,48,15719,0,61,18,7521,42,7220,41,14741,California
Tuolumne,2021-03-14,83,21922,8,6067,66,15785,9,70,2,7456,81,7301,16,14757,California
Tuolumne,2021-03-15,303,22225,78,6145,223,16008,2,72,108,7382,194,7495,120,14877,California
Tuolumne,2021-03-16,794,23019,39,6184,744,16752,11,83,659,7919,135,7630,672,15549,California
Tuolumne,2021-03-17,140,23159,30,6214,97,16849,13,96,63,7918,76,7706,75,15624,California
Tuolumne,2021-03-18,937,24096,21,6235,899,17748,17,113,304,7607,633,8339,322,15946,California
Tuolumne,2021-03-19,123,24219,14,6249,77,17825,32,145,60,7638,61,8400,92,16038,California
Tuolumne,2021-03-20,69,24288,5,6254,56,17881,8,153,29,7636,40,8440,38,16076,California
Tuolumne,2021-03-21,837,25125,393,6647,435,18316,9,162,44,6897,792,9232,53,16129,California
Tuolumne,2021-03-22,167,25292,73,6720,75,18391,19,181,99,6947,68,9300,118,16247,California
Tuolumne,2021-03-23,723,26015,636,7356,74,18465,13,194,690,7617,33,9333,703,16950,California
Tuolumne,2021-03-24,114,26129,21,7377,75,18540,18,212,81,7685,31,9364,99,17049,California
Tuolumne,2021-03-25,1273,27402,17,7394,1253,19793,3,215,317,7050,955,10319,320,17369,California
Tuolumne,2021-03-26,277,27679,13,7407,241,20034,23,238,121,7058,136,10455,144,17513,California
Tuolumne,2021-03-27,568,28247,49,7456,519,20553,0,238,311,7113,257,10712,312,17825,California
Tuolumne,2021-03-28,47,28294,6,7462,41,20594,0,238,10,7088,37,10749,12,17837,California
Tuolumne,2021-03-29,282,28576,71,7533,211,20805,0,238,182,7190,81,10830,183,18020,California
Tuolumne,2021-03-30,168,28744,12,7545,156,20961,0,238,127,7276,41,10871,127,18147,California
Tuolumne,2021-03-31,91,28835,12,7557,78,21039,1,239,46,7280,44,10915,48,18195,California
Tuolumne,2021-04-01,1167,30002,19,7576,1148,22187,0,239,214,6545,950,11865,215,18410,California
Tuolumne,2021-04-02,96,30098,6,7582,75,22262,15,254,67,6598,29,11894,82,18492,California
Ventura,2020-12-15,5,5,5,5,0,0,0,0,5,5,0,0,5,5,California
Ventura,2020-12-16,70,75,70,75,0,0,0,0,70,75,0,0,70,75,California
Ventura,2020-12-17,249,324,249,324,0,0,0,0,249,324,0,0,249,324,California
Ventura,2020-12-18,1409,1733,1409,1733,0,0,0,0,1409,1733,0,0,1409,1733,California
Ventura,2020-12-19,913,2646,913,2646,0,0,0,0,913,2646,0,0,913,2646,California
Ventura,2020-12-20,430,3076,430,3076,0,0,0,0,430,3076,0,0,430,3076,California
Ventura,2020-12-21,1465,4541,1465,4541,0,0,0,0,1465,4541,0,0,1465,4541,California
Ventura,2020-12-22,1103,5644,1098,5639,5,5,0,0,1103,5644,0,0,1103,5644,California
Ventura,2020-12-23,1025,6669,979,6618,46,51,0,0,1025,6669,0,0,1025,6669,California
Ventura,2020-12-24,476,7145,379,6997,97,148,0,0,476,7145,0,0,476,7145,California
Ventura,2020-12-25,11,7156,7,7004,4,152,0,0,11,7156,0,0,11,7156,California
Ventura,2020-12-26,107,7263,86,7090,21,173,0,0,107,7263,0,0,107,7263,California
Ventura,2020-12-27,58,7321,27,7117,31,204,0,0,58,7321,0,0,58,7321,California
Ventura,2020-12-28,1067,8388,929,8046,138,342,0,0,1067,8388,0,0,1067,8388,California
Ventura,2020-12-29,1165,9553,762,8808,403,745,0,0,1165,9553,0,0,1165,9553,California
Ventura,2020-12-30,1985,11538,1518,10326,467,1212,0,0,1985,11538,0,0,1985,11538,California
Ventura,2020-12-31,475,12013,163,10489,312,1524,0,0,475,12013,0,0,475,12013,California
Ventura,2021-01-01,14,12027,4,10493,10,1534,0,0,14,12027,0,0,14,12027,California
Ventura,2021-01-02,170,12197,78,10571,92,1626,0,0,170,12197,0,0,170,12197,California
Ventura,2021-01-03,15,12212,8,10579,7,1633,0,0,15,12212,0,0,15,12212,California
Ventura,2021-01-04,1077,13289,548,11127,529,2162,0,0,1075,13286,1,1,1075,13287,California
Ventura,2021-01-05,1371,14660,777,11904,594,2756,0,0,1331,14577,40,41,1331,14618,California
Ventura,2021-01-06,2047,16707,1175,13079,872,3628,0,0,1618,15777,420,461,1620,16238,California
Ventura,2021-01-07,2065,18772,1325,14404,740,4368,0,0,1182,16079,881,1342,1183,17421,California
Ventura,2021-01-08,2193,20965,1474,15878,719,5087,0,0,901,15691,1290,2632,902,18323,California
Ventura,2021-01-09,724,21689,503,16381,221,5308,0,0,320,15607,404,3036,320,18643,California
Ventura,2021-01-10,336,22025,324,16705,12,5320,0,0,122,15515,214,3250,122,18765,California
Ventura,2021-01-11,2449,24474,1488,18193,961,6281,0,0,1498,16064,951,4201,1500,20265,California
Ventura,2021-01-12,3027,27501,1601,19794,1426,7707,0,0,2004,17045,1023,5224,2004,22269,California
Ventura,2021-01-13,2927,30428,1423,21217,1504,9211,0,0,2044,18209,881,6105,2045,24314,California
Ventura,2021-01-14,2728,33156,1057,22274,1671,10882,0,0,2284,20051,443,6548,2285,26599,California
Ventura,2021-01-15,2869,36025,959,23233,1910,12792,0,0,2659,22502,210,6758,2661,29260,California
Ventura,2021-01-16,487,36512,189,23422,298,13090,0,0,405,22825,82,6840,405,29665,California
Ventura,2021-01-17,265,36777,139,23561,126,13216,0,0,259,23078,6,6846,259,29924,California
Ventura,2021-01-18,2206,38983,1660,25221,546,13762,0,0,1657,24187,549,7395,1658,31582,California
Ventura,2021-01-19,3026,42009,2115,27336,911,14673,0,0,2134,25433,892,8287,2138,33720,California
Ventura,2021-01-20,4047,46056,3100,30436,947,15620,0,0,3011,27412,1033,9320,3012,36732,California
Ventura,2021-01-21,3833,49889,2669,33105,1164,16784,0,0,3164,29910,666,9986,3164,39896,California
Ventura,2021-01-22,3593,53482,2467,35572,1126,17910,0,0,3431,33180,162,10148,3432,43328,California
Ventura,2021-01-23,1178,54660,644,36216,534,18444,0,0,1078,34161,99,10247,1080,44408,California
Ventura,2021-01-24,449,55109,133,36349,316,18760,0,0,436,34584,13,10260,436,44844,California
Ventura,2021-01-25,3133,58242,2020,38369,1113,19873,0,0,2587,36628,545,10805,2589,47433,California
Ventura,2021-01-26,3677,61919,2175,40544,1502,21375,0,0,2686,38325,990,11795,2687,50120,California
Ventura,2021-01-27,3433,65352,1540,42084,1893,23268,0,0,2695,40285,735,12530,2695,52815,California
Ventura,2021-01-28,3839,69191,1976,44060,1863,25131,0,0,3233,42929,590,13120,3234,56049,California
Ventura,2021-01-29,4229,73420,2503,46563,1726,26857,0,0,3735,46182,482,13602,3735,59784,California
Ventura,2021-01-30,3020,76440,1951,48514,1069,27926,0,0,2853,48872,164,13766,2854,62638,California
Ventura,2021-01-31,827,77267,445,48959,382,28308,0,0,743,49531,84,13850,743,63381,California
Ventura,2021-02-01,3916,81183,2105,51064,1811,30119,0,0,3155,51929,759,14609,3157,66538,California
Ventura,2021-02-02,4393,85576,2367,53431,2026,32145,0,0,3372,54285,1017,15626,3373,69911,California
Ventura,2021-02-03,4444,90020,2086,55517,2358,34503,0,0,3436,56718,1003,16629,3436,73347,California
Ventura,2021-02-04,4747,94767,2272,57789,2475,36978,0,0,3507,58992,1233,17862,3507,76854,California
Ventura,2021-02-05,4810,99577,2307,60096,2503,39481,0,0,3323,60843,1474,19336,3325,80179,California
Ventura,2021-02-06,2820,102397,1511,61607,1309,40790,0,0,2422,62867,398,19734,2422,82601,California
Ventura,2021-02-07,707,103104,240,61847,467,41257,0,0,579,63319,128,19862,580,83181,California
Ventura,2021-02-08,3478,106582,1619,63466,1859,43116,0,0,2414,64673,1060,20922,2414,85595,California
Ventura,2021-02-09,4705,111287,1971,65437,2734,45850,0,0,2463,64898,2241,23163,2466,88061,California
Ventura,2021-02-10,4673,115960,2220,67657,2453,48303,0,0,2378,64992,2285,25448,2379,90440,California
Ventura,2021-02-11,4627,120587,1851,69508,2776,51079,0,0,2427,65228,2193,27641,2429,92869,California
Ventura,2021-02-12,6278,126865,2643,72151,3635,54714,0,0,3207,65366,3069,30710,3207,96076,California
Ventura,2021-02-13,3275,130140,1821,73972,1454,56168,0,0,1829,65755,1442,32152,1831,97907,California
Ventura,2021-02-14,1216,131356,121,74093,1095,57263,0,0,1002,66544,214,32366,1003,98910,California
Ventura,2021-02-15,3974,135330,1787,75880,2187,59450,0,0,2109,66790,1863,34229,2109,101019,California
Ventura,2021-02-16,5515,140845,2696,78576,2819,62269,0,0,3010,67302,2499,36728,3011,104030,California
Ventura,2021-02-17,5215,146060,1911,80487,3304,65573,0,0,3267,68629,1940,38668,3267,107297,California
Ventura,2021-02-18,5744,151804,1818,82305,3926,69499,0,0,3619,70130,2118,40786,3619,110916,California
Ventura,2021-02-19,6418,158222,3753,86058,2665,72164,0,0,2986,69697,3427,44213,2994,113910,California
Ventura,2021-02-20,4898,163120,3144,89202,1754,73918,0,0,2754,70312,2140,46353,2755,116665,California
Ventura,2021-02-21,989,164109,705,89907,284,74202,0,0,417,70161,568,46921,417,117082,California
Ventura,2021-02-22,5327,169436,2379,92286,2948,77150,0,0,3444,71731,1874,48795,3444,120526,California
Ventura,2021-02-23,5924,175360,2956,95242,2968,80118,0,0,3424,72675,2483,51278,3427,123953,California
Ventura,2021-02-24,6937,182297,2587,97829,4350,84468,0,0,4207,74166,2716,53994,4207,128160,California
Ventura,2021-02-25,7463,189760,2563,100392,4900,89368,0,0,4561,75841,2889,56883,4564,132724,California
Ventura,2021-02-26,9306,199066,2766,103158,6540,95908,0,0,6160,78879,3126,60009,6164,138888,California
Ventura,2021-02-27,9979,209045,5266,108424,4713,100621,0,0,7381,83685,2582,62591,7388,146276,California
Ventura,2021-02-28,2556,211601,1628,110052,927,101548,1,1,2099,85330,454,63045,2099,148375,California
Ventura,2021-03-01,6888,218489,2781,112833,4107,105655,0,1,4596,87655,2283,65328,4608,152983,California
Ventura,2021-03-02,7345,225834,3921,116754,3423,109078,1,2,5134,90587,2204,67532,5136,158119,California
Ventura,2021-03-03,8344,234178,3865,120619,4479,113557,0,2,5944,94147,2390,69922,5950,164069,California
Ventura,2021-03-04,7826,242004,3813,124432,4013,117570,0,2,5354,97040,2463,72385,5356,169425,California
Ventura,2021-03-05,9114,251118,4665,129097,4438,122008,11,13,6518,100996,2582,74967,6538,175963,California
Ventura,2021-03-06,5244,256362,2996,132093,2096,124104,152,165,3819,103547,1423,76390,3974,179937,California
Ventura,2021-03-07,1581,257943,603,132696,876,124980,102,267,1169,104406,412,76802,1271,181208,California
Ventura,2021-03-08,6475,264418,3302,135998,3042,128022,131,398,4442,106952,2028,78830,4574,185782,California
Ventura,2021-03-09,6351,270769,2746,138744,3413,131435,192,590,3543,107893,2797,81627,3738,189520,California
Ventura,2021-03-10,6421,277190,2903,141647,3306,134741,212,802,4199,110089,2216,83843,4412,193932,California
Ventura,2021-03-11,5994,283184,2799,144446,2995,137736,200,1002,3276,110858,2709,86552,3478,197410,California
Ventura,2021-03-12,7417,290601,2907,147353,3716,141452,794,1796,3634,111524,3770,90322,4436,201846,California
Ventura,2021-03-13,6032,296633,2348,149701,2895,144347,789,2585,3500,113287,2527,92849,4290,206136,California
Ventura,2021-03-14,1697,298330,367,150068,862,145209,468,3053,559,113180,1136,93985,1029,207165,California
Ventura,2021-03-15,6759,305089,1998,152066,3469,148678,1292,4345,2897,113525,3847,97832,4192,211357,California
Ventura,2021-03-16,7765,312854,2424,154490,4258,152936,1083,5428,3916,114684,3839,101671,4998,216355,California
Ventura,2021-03-17,7095,319949,2678,157168,4071,157007,346,5774,4206,116364,2872,104543,4552,220907,California
Ventura,2021-03-18,5670,325619,2420,159588,3129,160136,121,5895,3629,118085,2030,106573,3751,224658,California
Ventura,2021-03-19,6374,331993,2719,162307,3574,163710,81,5976,3966,119733,2398,108971,4046,228704,California
Ventura,2021-03-20,5820,337813,3702,166009,2096,165806,22,5998,2361,118676,3443,112414,2386,231090,California
Ventura,2021-03-21,2714,340527,1466,167475,878,166684,370,6368,1267,118870,1443,113857,1637,232727,California
Ventura,2021-03-22,7180,347707,3607,171082,3468,170152,105,6473,4732,121274,2436,116293,4840,237567,California
Ventura,2021-03-23,7999,355706,3807,174889,4144,174296,48,6521,4575,122496,3405,119698,4627,242194,California
Ventura,2021-03-24,8710,364416,3364,178253,5266,179562,80,6601,4320,122537,4363,124061,4404,246598,California
Ventura,2021-03-25,8620,373036,3849,182102,4708,184270,63,6664,4366,122751,4230,128291,4444,251042,California
Ventura,2021-03-26,9543,382579,3269,185371,5628,189898,646,7310,3706,121311,5815,134106,4375,255417,California
Ventura,2021-03-27,8055,390634,3866,189237,4149,194047,40,7350,2397,118584,5644,139750,2917,258334,California
Ventura,2021-03-28,2465,393099,1373,190610,1083,195130,9,7359,1346,118828,1118,140868,1362,259696,California
Ventura,2021-03-29,8150,401249,4136,194746,3973,199103,41,7400,4002,118853,4127,144995,4152,263848,California
Ventura,2021-03-30,8744,409993,4318,199064,4306,203409,120,7520,4508,119343,4226,149221,4716,268564,California
Ventura,2021-03-31,10120,420113,4398,203462,5132,208541,590,8110,4602,119101,5501,154722,5259,273823,California
Ventura,2021-04-01,9681,429794,5007,208469,3916,212457,758,8868,5061,120396,4613,159335,5908,279731,California
Ventura,2021-04-02,6389,436183,2832,211301,2544,215001,1013,9881,2422,120003,3949,163284,3556,283287,California
Yolo,2020-12-15,39,39,39,39,0,0,0,0,39,39,0,0,39,39,California
Yolo,2020-12-16,78,117,78,117,0,0,0,0,78,117,0,0,78,117,California
Yolo,2020-12-17,101,218,101,218,0,0,0,0,101,218,0,0,101,218,California
Yolo,2020-12-18,207,425,207,425,0,0,0,0,207,425,0,0,207,425,California
Yolo,2020-12-19,85,510,85,510,0,0,0,0,85,510,0,0,85,510,California
Yolo,2020-12-20,100,610,100,610,0,0,0,0,100,610,0,0,100,610,California
Yolo,2020-12-21,252,862,252,862,0,0,0,0,252,862,0,0,252,862,California
Yolo,2020-12-22,386,1248,385,1247,1,1,0,0,386,1248,0,0,386,1248,California
Yolo,2020-12-23,432,1680,413,1660,19,20,0,0,432,1680,0,0,432,1680,California
Yolo,2020-12-24,151,1831,94,1754,57,77,0,0,151,1831,0,0,151,1831,California
Yolo,2020-12-25,1,1832,1,1755,0,77,0,0,1,1832,0,0,1,1832,California
Yolo,2020-12-26,76,1908,25,1780,51,128,0,0,76,1908,0,0,76,1908,California
Yolo,2020-12-27,46,1954,19,1799,27,155,0,0,46,1954,0,0,46,1954,California
Yolo,2020-12-28,343,2297,176,1975,167,322,0,0,343,2297,0,0,343,2297,California
Yolo,2020-12-29,483,2780,268,2243,215,537,0,0,483,2780,0,0,483,2780,California
Yolo,2020-12-30,625,3405,257,2500,368,905,0,0,625,3405,0,0,625,3405,California
Yolo,2020-12-31,183,3588,94,2594,89,994,0,0,183,3588,0,0,183,3588,California
Yolo,2021-01-01,55,3643,54,2648,1,995,0,0,55,3643,0,0,55,3643,California
Yolo,2021-01-02,68,3711,25,2673,43,1038,0,0,68,3711,0,0,68,3711,California
Yolo,2021-01-03,44,3755,19,2692,25,1063,0,0,44,3755,0,0,44,3755,California
Yolo,2021-01-04,195,3950,44,2736,151,1214,0,0,195,3950,0,0,195,3950,California
Yolo,2021-01-05,610,4560,236,2972,374,1588,0,0,550,4440,60,60,550,4500,California
Yolo,2021-01-06,478,5038,181,3153,297,1885,0,0,347,4656,131,191,347,4847,California
Yolo,2021-01-07,706,5744,232,3385,474,2359,0,0,520,4991,185,376,520,5367,California
Yolo,2021-01-08,628,6372,308,3693,320,2679,0,0,413,5190,214,590,413,5780,California
Yolo,2021-01-09,406,6778,67,3760,339,3018,0,0,361,5506,45,635,361,6141,California
Yolo,2021-01-10,393,7171,80,3840,313,3331,0,0,323,5759,70,705,323,6464,California
Yolo,2021-01-11,559,7730,324,4164,235,3566,0,0,290,5780,269,974,290,6754,California
Yolo,2021-01-12,476,8206,359,4523,117,3683,0,0,171,5647,305,1279,172,6926,California
Yolo,2021-01-13,761,8967,308,4831,453,4136,0,0,513,5912,248,1527,513,7439,California
Yolo,2021-01-14,378,9345,183,5014,195,4331,0,0,272,6078,106,1633,272,7711,California
Yolo,2021-01-15,618,9963,318,5332,300,4631,0,0,542,6544,76,1709,542,8253,California
Yolo,2021-01-16,739,10702,96,5428,643,5274,0,0,707,7219,32,1741,707,8960,California
Yolo,2021-01-17,184,10886,116,5544,68,5342,0,0,177,7389,7,1748,177,9137,California
Yolo,2021-01-18,477,11363,304,5848,173,5515,0,0,378,7668,99,1847,378,9515,California
Yolo,2021-01-19,541,11904,370,6218,171,5686,0,0,366,7859,175,2022,366,9881,California
Yolo,2021-01-20,652,12556,378,6596,274,5960,0,0,469,8146,182,2204,469,10350,California
Yolo,2021-01-21,641,13197,381,6977,260,6220,0,0,453,8411,188,2392,453,10803,California
Yolo,2021-01-22,745,13942,249,7226,496,6716,0,0,628,8924,115,2507,628,11431,California
Yolo,2021-01-23,616,14558,124,7350,492,7208,0,0,568,9444,48,2555,568,11999,California
Yolo,2021-01-24,205,14763,122,7472,83,7291,0,0,165,9569,40,2595,165,12164,California
Yolo,2021-01-25,726,15489,150,7622,576,7867,0,0,512,9867,214,2809,512,12676,California
Yolo,2021-01-26,810,16299,327,7949,483,8350,0,0,425,9907,385,3194,425,13101,California
Yolo,2021-01-27,556,16855,221,8170,335,8685,0,0,383,10117,173,3367,383,13484,California
Yolo,2021-01-28,1047,17902,565,8735,482,9167,0,0,923,10917,123,3490,923,14407,California
Yolo,2021-01-29,863,18765,261,8996,602,9769,0,0,780,11615,83,3573,781,15188,California
Yolo,2021-01-30,1519,20284,921,9917,598,10367,0,0,1412,12926,101,3674,1412,16600,California
Yolo,2021-01-31,251,20535,212,10129,39,10406,0,0,216,13108,34,3708,216,16816,California
Yolo,2021-02-01,842,21377,356,10485,486,10892,0,0,611,13491,228,3936,611,17427,California
Yolo,2021-02-02,1323,22700,749,11234,574,11466,0,0,932,14033,391,4327,933,18360,California
Yolo,2021-02-03,1517,24217,393,11627,1124,12590,0,0,1186,14894,328,4655,1189,19549,California
Yolo,2021-02-04,1782,25999,278,11905,1504,14094,0,0,1236,15595,535,5190,1236,20785,California
Yolo,2021-02-05,1587,27586,896,12801,691,14785,0,0,1185,16383,400,5590,1188,21973,California
Yolo,2021-02-06,1923,29509,1251,14052,672,15457,0,0,1563,17587,360,5950,1564,23537,California
Yolo,2021-02-07,515,30024,247,14299,268,15725,0,0,169,17411,345,6295,169,23706,California
Yolo,2021-02-08,954,30978,330,14629,624,16349,0,0,612,17684,339,6634,612,24318,California
Yolo,2021-02-09,850,31828,381,15010,469,16818,0,0,575,17984,275,6909,575,24893,California
Yolo,2021-02-10,1430,33258,468,15478,962,17780,0,0,800,18156,629,7538,801,25694,California
Yolo,2021-02-11,1525,34783,768,16246,757,18537,0,0,1150,18931,375,7913,1150,26844,California
Yolo,2021-02-12,1905,36688,744,16990,1161,19698,0,0,1439,19907,463,8376,1439,28283,California
Yolo,2021-02-13,2049,38737,713,17703,1336,21034,0,0,1384,20626,665,9041,1384,29667,California
Yolo,2021-02-14,564,39301,151,17854,413,21447,0,0,441,20944,123,9164,441,30108,California
Yolo,2021-02-15,520,39821,188,18042,332,21779,0,0,259,20943,261,9425,260,30368,California
Yolo,2021-02-16,1114,40935,422,18464,692,22471,0,0,812,21454,302,9727,813,31181,California
Yolo,2021-02-17,1375,42310,697,19161,678,23149,0,0,990,22058,386,10113,990,32171,California
Yolo,2021-02-18,2431,44741,750,19911,1681,24830,0,0,1672,22973,757,10870,1672,33843,California
Yolo,2021-02-19,1725,46466,739,20650,986,25816,0,0,1112,23475,612,11482,1114,34957,California
Yolo,2021-02-20,2451,48917,946,21596,1505,27321,0,0,1378,23785,1068,12550,1378,36335,California
Yolo,2021-02-21,276,49193,223,21819,53,27374,0,0,70,23650,205,12755,70,36405,California
Yolo,2021-02-22,1360,50553,597,22416,763,28137,0,0,695,23682,664,13419,696,37101,California
Yolo,2021-02-23,1119,51672,839,23255,280,28417,0,0,440,23444,678,14097,440,37541,California
Yolo,2021-02-24,2062,53734,590,23845,1472,29889,0,0,1359,24101,702,14799,1359,38900,California
Yolo,2021-02-25,1328,55062,436,24281,892,30781,0,0,865,24503,463,15262,865,39765,California
Yolo,2021-02-26,2514,57576,972,25253,1542,32323,0,0,1328,24649,1182,16444,1328,41093,California
Yolo,2021-02-27,1638,59214,767,26020,871,33194,0,0,1190,25391,448,16892,1190,42283,California
Yolo,2021-02-28,1773,60987,1499,27519,274,33468,0,0,678,24975,1094,17986,678,42961,California
Yolo,2021-03-01,1065,62052,348,27867,717,34185,0,0,639,25191,424,18410,640,43601,California
Yolo,2021-03-02,1403,63455,666,28533,737,34922,0,0,889,25566,514,18924,889,44490,California
Yolo,2021-03-03,1725,65180,576,29109,1149,36071,0,0,757,25357,966,19890,757,45247,California
Yolo,2021-03-04,2571,67751,1277,30386,1294,37365,0,0,1384,25556,1185,21075,1384,46631,California
Yolo,2021-03-05,2077,69828,1222,31608,844,38209,11,11,1227,25948,849,21924,1241,47872,California
Yolo,2021-03-06,1371,71199,1064,32672,283,38492,24,35,753,26109,616,22540,777,48649,California
Yolo,2021-03-07,863,72062,636,33308,215,38707,12,47,730,26719,133,22673,743,49392,California
Yolo,2021-03-08,979,73041,456,33764,480,39187,43,90,706,27198,270,22943,749,50141,California
Yolo,2021-03-09,1122,74163,596,34360,469,39656,57,147,741,27617,379,23322,798,50939,California
Yolo,2021-03-10,1608,75771,948,35308,397,40053,263,410,660,27592,946,24268,921,51860,California
Yolo,2021-03-11,2133,77904,1393,36701,674,40727,66,476,1435,28396,697,24965,1501,53361,California
Yolo,2021-03-12,2483,80387,1149,37850,1265,41992,69,545,1114,28217,1360,26325,1181,54542,California
Yolo,2021-03-13,1709,82096,659,38509,879,42871,171,716,916,28515,790,27115,1088,55630,California
Yolo,2021-03-14,650,82746,188,38697,319,43190,143,859,382,28773,267,27382,525,56155,California
Yolo,2021-03-15,1280,84026,754,39451,353,43543,173,1032,671,29010,606,27988,843,56998,California
Yolo,2021-03-16,1838,85864,709,40160,1058,44601,71,1103,1081,29407,756,28744,1153,58151,California
Yolo,2021-03-17,2340,88204,941,41101,1331,45932,68,1171,1611,30361,725,29469,1679,59830,California
Yolo,2021-03-18,2509,90713,731,41832,1564,47496,214,1385,969,30007,1538,31007,1184,61014,California
Yolo,2021-03-19,1375,92088,634,42466,696,48192,45,1430,774,30231,595,31602,819,61833,California
Yolo,2021-03-20,2128,94216,574,43040,1528,49720,26,1456,660,29453,1465,33067,687,62520,California
Yolo,2021-03-21,309,94525,220,43260,83,49803,6,1462,223,29597,85,33152,229,62749,California
Yolo,2021-03-22,1337,95862,457,43717,829,50632,51,1513,863,30041,472,33624,916,63665,California
Yolo,2021-03-23,1696,97558,924,44641,711,51343,61,1574,1037,30481,659,34283,1099,64764,California
Yolo,2021-03-24,2770,100328,1364,46005,1356,52699,50,1624,1377,30530,1383,35666,1432,66196,California
Yolo,2021-03-25,2383,102711,1270,47275,1080,53779,33,1657,1153,30520,1226,36892,1216,67412,California
Yolo,2021-03-26,2300,105011,1164,48439,1115,54894,21,1678,995,30328,1298,38190,1106,68518,California
Yolo,2021-03-27,1620,106631,446,48885,1156,56050,18,1696,754,30283,864,39054,819,69337,California
Yolo,2021-03-28,1060,107691,820,49705,223,56273,17,1713,271,29802,784,39838,303,69640,California
Yolo,2021-03-29,1900,109591,775,50480,1109,57382,16,1729,933,29798,964,40802,960,70600,California
Yolo,2021-03-30,2174,111765,1030,51510,1120,58502,24,1753,1145,29955,1023,41825,1180,71780,California
Yolo,2021-03-31,2245,114010,1174,52684,1036,59538,35,1788,1156,30083,1088,42913,1216,72996,California
Yolo,2021-04-01,2426,116436,1147,53831,997,60535,282,2070,1012,30035,1412,44325,1364,74360,California
Yolo,2021-04-02,1672,118108,491,54322,1141,61676,40,2110,1057,30552,614,44939,1131,75491,California
Yuba,2020-12-16,4,4,4,4,0,0,0,0,4,4,0,0,4,4,California
Yuba,2020-12-17,4,8,4,8,0,0,0,0,4,8,0,0,4,8,California
Yuba,2020-12-18,8,16,8,16,0,0,0,0,8,16,0,0,8,16,California
Yuba,2020-12-19,12,28,12,28,0,0,0,0,12,28,0,0,12,28,California
Yuba,2020-12-20,20,48,20,48,0,0,0,0,20,48,0,0,20,48,California
Yuba,2020-12-21,40,88,40,88,0,0,0,0,40,88,0,0,40,88,California
Yuba,2020-12-22,86,174,86,174,0,0,0,0,86,174,0,0,86,174,California
Yuba,2020-12-23,64,238,62,236,2,2,0,0,64,238,0,0,64,238,California
Yuba,2020-12-24,20,258,10,246,10,12,0,0,20,258,0,0,20,258,California
Yuba,2020-12-26,15,273,13,259,2,14,0,0,15,273,0,0,15,273,California
Yuba,2020-12-27,15,288,15,274,0,14,0,0,15,288,0,0,15,288,California
Yuba,2020-12-28,51,339,35,309,16,30,0,0,51,339,0,0,51,339,California
Yuba,2020-12-29,77,416,10,319,67,97,0,0,77,416,0,0,77,416,California
Yuba,2020-12-30,64,480,21,340,43,140,0,0,64,480,0,0,64,480,California
Yuba,2020-12-31,36,516,6,346,30,170,0,0,36,516,0,0,36,516,California
Yuba,2021-01-02,22,538,21,367,1,171,0,0,22,538,0,0,22,538,California
Yuba,2021-01-03,10,548,6,373,4,175,0,0,10,548,0,0,10,548,California
Yuba,2021-01-04,91,639,21,394,70,245,0,0,91,639,0,0,91,639,California
Yuba,2021-01-05,67,706,36,430,31,276,0,0,66,704,1,1,66,705,California
Yuba,2021-01-06,150,856,74,504,76,352,0,0,144,842,6,7,144,849,California
Yuba,2021-01-07,75,931,20,524,55,407,0,0,72,910,4,11,72,921,California
Yuba,2021-01-08,73,1004,24,548,49,456,0,0,66,969,7,18,66,987,California
Yuba,2021-01-09,19,1023,16,564,3,459,0,0,11,972,8,26,11,998,California
Yuba,2021-01-10,116,1139,22,586,94,553,0,0,94,1044,22,48,94,1092,California
Yuba,2021-01-11,72,1211,49,635,23,576,0,0,32,1036,40,88,32,1124,California
Yuba,2021-01-12,109,1320,79,714,30,606,0,0,44,1015,65,153,44,1168,California
Yuba,2021-01-13,119,1439,72,786,47,653,0,0,54,1005,64,217,54,1222,California
Yuba,2021-01-14,109,1548,43,829,66,719,0,0,97,1090,12,229,97,1319,California
Yuba,2021-01-15,201,1749,85,914,116,835,0,0,190,1269,11,240,190,1509,California
Yuba,2021-01-16,184,1933,21,935,163,998,0,0,172,1428,13,253,172,1681,California
Yuba,2021-01-17,13,1946,9,944,4,1002,0,0,7,1429,6,259,7,1688,California
Yuba,2021-01-18,60,2006,32,976,28,1030,0,0,35,1439,25,284,35,1723,California
Yuba,2021-01-19,81,2087,29,1005,52,1082,0,0,66,1490,15,299,66,1789,California
Yuba,2021-01-20,132,2219,86,1091,46,1128,0,0,109,1576,23,322,109,1898,California
Yuba,2021-01-21,213,2432,96,1187,117,1245,0,0,204,1771,9,331,204,2102,California
Yuba,2021-01-22,104,2536,6,1193,98,1343,0,0,95,1857,9,340,95,2197,California
Yuba,2021-01-23,201,2737,7,1200,194,1537,0,0,198,2052,3,343,198,2395,California
Yuba,2021-01-24,8,2745,6,1206,2,1539,0,0,6,2056,2,345,6,2401,California
Yuba,2021-01-25,83,2828,28,1234,55,1594,0,0,52,2078,30,375,52,2453,California
Yuba,2021-01-26,146,2974,38,1272,108,1702,0,0,91,2114,55,430,91,2544,California
Yuba,2021-01-27,181,3155,128,1400,53,1755,0,0,114,2161,67,497,114,2658,California
Yuba,2021-01-28,211,3366,78,1478,133,1888,0,0,171,2292,40,537,171,2829,California
Yuba,2021-01-29,154,3520,54,1532,100,1988,0,0,108,2354,46,583,108,2937,California
Yuba,2021-01-30,410,3930,23,1555,387,2375,0,0,399,2742,11,594,399,3336,California
Yuba,2021-01-31,17,3947,12,1567,5,2380,0,0,15,2755,2,596,15,3351,California
Yuba,2021-02-01,149,4096,72,1639,77,2457,0,0,129,2865,19,615,129,3480,California
Yuba,2021-02-02,122,4218,22,1661,100,2557,0,0,100,2943,22,637,100,3580,California
Yuba,2021-02-03,225,4443,29,1690,196,2753,0,0,112,2943,112,749,112,3692,California
Yuba,2021-02-04,295,4738,122,1812,173,2926,0,0,253,3154,42,791,253,3945,California
Yuba,2021-02-05,147,4885,31,1843,116,3042,0,0,71,3149,76,867,71,4016,California
Yuba,2021-02-06,448,5333,25,1868,423,3465,0,0,440,3581,8,875,440,4456,California
Yuba,2021-02-07,18,5351,11,1879,7,3472,0,0,15,3593,3,878,15,4471,California
Yuba,2021-02-08,97,5448,35,1914,62,3534,0,0,67,3630,30,908,67,4538,California
Yuba,2021-02-09,152,5600,54,1968,98,3632,0,0,85,3648,67,975,85,4623,California
Yuba,2021-02-10,346,5946,172,2140,174,3806,0,0,114,3531,231,1206,114,4737,California
Yuba,2021-02-11,399,6345,62,2202,337,4143,0,0,303,3740,94,1300,303,5040,California
Yuba,2021-02-12,262,6607,26,2228,236,4379,0,0,150,3778,112,1412,150,5190,California
Yuba,2021-02-13,439,7046,35,2263,404,4783,0,0,391,4121,48,1460,391,5581,California
Yuba,2021-02-14,53,7099,11,2274,42,4825,0,0,49,4166,4,1464,49,5630,California
Yuba,2021-02-15,91,7190,38,2312,53,4878,0,0,71,4217,20,1484,71,5701,California
Yuba,2021-02-16,196,7386,47,2359,149,5027,0,0,137,4295,59,1543,137,5838,California
Yuba,2021-02-17,369,7755,155,2514,214,5241,0,0,96,4118,273,1816,96,5934,California
Yuba,2021-02-18,306,8061,32,2546,274,5515,0,0,181,4174,125,1941,181,6115,California
Yuba,2021-02-19,214,8275,76,2622,138,5653,0,0,132,4224,82,2023,132,6247,California
Yuba,2021-02-20,380,8655,29,2651,351,6004,0,0,328,4500,52,2075,328,6575,California
Yuba,2021-02-21,18,8673,15,2666,3,6007,0,0,8,4498,10,2085,8,6583,California
Yuba,2021-02-22,126,8799,79,2745,47,6054,0,0,39,4451,86,2171,39,6622,California
Yuba,2021-02-23,112,8911,24,2769,88,6142,0,0,45,4430,66,2237,45,6667,California
Yuba,2021-02-24,473,9384,136,2905,337,6479,0,0,100,4157,373,2610,100,6767,California
Yuba,2021-02-25,322,9706,127,3032,195,6674,0,0,197,4229,125,2735,197,6964,California
Yuba,2021-02-26,249,9955,64,3096,185,6859,0,0,136,4254,111,2846,136,7100,California
Yuba,2021-02-27,467,10422,43,3139,424,7283,0,0,383,4554,83,2929,383,7483,California
Yuba,2021-02-28,66,10488,24,3163,42,7325,0,0,45,4578,21,2950,45,7528,California
Yuba,2021-03-01,151,10639,39,3202,112,7437,0,0,76,4580,74,3024,76,7604,California
Yuba,2021-03-02,150,10789,35,3237,115,7552,0,0,75,4580,75,3099,75,7679,California
Yuba,2021-03-03,612,11401,152,3389,460,8012,0,0,196,4361,415,3514,196,7875,California
Yuba,2021-03-04,461,11862,271,3660,190,8202,0,0,323,4547,137,3651,323,8198,California
Yuba,2021-03-05,287,12149,49,3709,237,8439,1,1,227,4715,60,3711,228,8426,California
Yuba,2021-03-06,273,12422,28,3737,239,8678,6,7,179,4799,101,3812,185,8611,California
Yuba,2021-03-07,50,12472,28,3765,22,8700,0,7,34,4817,16,3828,34,8645,California
Yuba,2021-03-08,158,12630,55,3820,89,8789,14,21,100,4873,58,3886,114,8759,California
Yuba,2021-03-09,172,12802,47,3867,106,8895,19,40,81,4882,91,3977,100,8859,California
Yuba,2021-03-10,705,13507,222,4089,467,9362,16,56,216,4626,488,4465,232,9091,California
Yuba,2021-03-11,385,13892,167,4256,207,9569,11,67,257,4766,128,4593,268,9359,California
Yuba,2021-03-12,385,14277,57,4313,281,9850,47,114,108,4645,277,4870,156,9515,California
Yuba,2021-03-13,442,14719,337,4650,92,9942,13,127,367,4950,75,4945,380,9895,California
Yuba,2021-03-14,82,14801,19,4669,53,9995,10,137,41,4960,41,4986,51,9946,California
Yuba,2021-03-15,189,14990,47,4716,124,10119,18,155,94,4977,95,5081,112,10058,California
Yuba,2021-03-16,236,15226,72,4788,142,10261,22,177,137,5038,98,5179,159,10217,California
Yuba,2021-03-17,694,15920,147,4935,518,10779,29,206,160,4695,532,5711,189,10406,California
Yuba,2021-03-18,436,16356,111,5046,235,11014,90,296,263,4876,173,5884,354,10760,California
Yuba,2021-03-19,247,16603,90,5136,120,11134,37,333,136,4938,111,5995,173,10933,California
Yuba,2021-03-20,460,17063,57,5193,396,11530,7,340,407,5300,52,6047,414,11347,California
Yuba,2021-03-21,62,17125,39,5232,23,11553,0,340,48,5334,14,6061,48,11395,California
Yuba,2021-03-22,178,17303,69,5301,102,11655,7,347,137,5437,41,6102,144,11539,California
Yuba,2021-03-23,206,17509,69,5370,115,11770,22,369,138,5530,67,6169,160,11699,California
Yuba,2021-03-24,718,18227,244,5614,405,12175,69,438,173,5229,543,6712,242,11941,California
Yuba,2021-03-25,455,18682,259,5873,171,12346,25,463,212,5223,243,6955,237,12178,California
Yuba,2021-03-26,352,19034,128,6001,203,12549,21,484,207,5309,144,7099,230,12408,California
Yuba,2021-03-27,444,19478,22,6023,421,12970,1,485,394,5656,50,7149,397,12805,California
Yuba,2021-03-28,94,19572,38,6061,53,13023,3,488,35,5635,59,7208,38,12843,California
Yuba,2021-03-29,282,19854,86,6147,168,13191,28,516,174,5729,108,7316,202,13045,California
Yuba,2021-03-30,251,20105,62,6209,181,13372,8,524,178,5841,73,7389,185,13230,California
Yuba,2021-03-31,657,20762,113,6322,534,13906,10,534,236,5800,421,7810,380,13610,California
Yuba,2021-04-01,490,21252,278,6600,193,14099,19,553,181,5699,309,8119,208,13818,California
Yuba,2021-04-02,353,21605,51,6651,244,14343,58,611,135,5688,218,8337,207,14025,California
