county,administered_date,total_doses,cumulative_total_doses,pfizer_doses,cumulative_pfizer_doses,moderna_doses,cumulative_moderna_doses,jj_doses,cumulative_jj_doses,partially_vaccinated,total_partially_vaccinated,fully_vaccinated,cumulative_fully_vaccinated,at_least_one_dose,cumulative_at_least_one_dose,california_flag
All CA Counties,2020-12-15,1146,1146,1146,1146,0,0,0,0,1146,1146,0,0,1146,1146,
All CA Counties,2020-12-16,8437,9583,8437,9583,0,0,0,0,8437,9583,0,0,8437,9583,
All CA Counties,2020-12-17,26296,35879,26296,35879,0,0,0,0,26298,35881,0,0,26298,35881,
All CA Counties,2020-12-18,44745,80624,44689,80568,56,56,0,0,44745,80625,1,1,44745,80626,
All CA Counties,2020-12-19,25336,105960,25311,105879,25,81,0,0,25335,105959,1,2,25335,105961,
All CA Counties,2020-12-20,19011,124971,18985,124864,26,107,0,0,19010,124968,1,3,19010,124971,
All CA Counties,2020-12-21,49683,174654,49593,174457,90,197,0,0,49685,174652,2,5,49686,174657,
All CA Counties,2020-12-22,50083,224737,47953,222410,2130,2327,0,0,50079,224729,2,7,50079,224736,
All CA Counties,2020-12-23,50649,275386,41860,264270,8789,11116,0,0,50645,275373,4,11,50648,275384,
All CA Counties,2020-12-24,24090,299476,16359,280629,7731,18847,0,0,24087,299459,3,14,24089,299473,
All CA Counties,2020-12-25,2344,301820,2020,282649,324,19171,0,0,2344,301803,0,14,2344,301817,
All CA Counties,2020-12-26,14623,316443,9471,292120,5152,24323,0,0,14621,316422,2,16,14621,316438,
All CA Counties,2020-12-27,9444,325887,5597,297717,3847,28170,0,0,9443,325864,1,17,9443,325881,
All CA Counties,2020-12-28,45999,371886,29474,327191,16525,44695,0,0,45996,371857,3,20,45996,371877,
All CA Counties,2020-12-29,51219,423105,28548,355739,22671,67366,0,0,51215,423069,3,23,51215,423092,
All CA Counties,2020-12-30,63029,486134,35594,391333,27435,94801,0,0,63021,486087,6,29,63024,486116,
All CA Counties,2020-12-31,29490,515624,10902,402235,18588,113389,0,0,29481,515562,7,36,29482,515598,
All CA Counties,2021-01-01,4337,519961,1955,404190,2382,115771,0,0,4332,519890,4,40,4332,519930,
All CA Counties,2021-01-02,18508,538469,10237,414427,8271,124042,0,0,18507,538397,0,40,18507,538437,
All CA Counties,2021-01-03,6182,544651,3500,417927,2682,126724,0,0,6146,544527,16,56,6146,544583,
All CA Counties,2021-01-04,43647,588298,22128,440055,21519,148243,0,0,43506,587929,104,160,43506,588089,
All CA Counties,2021-01-05,56606,644904,29838,469893,26768,175011,0,0,51058,633589,5492,5652,51152,639241,
All CA Counties,2021-01-06,73429,718333,40533,510426,32896,207907,0,0,57854,676086,15395,21047,57892,697133,
All CA Counties,2021-01-07,92143,810476,52416,562842,39727,247634,0,0,61064,706309,30907,51954,61130,758263,
All CA Counties,2021-01-08,106931,917407,64265,627107,42666,290300,0,0,65218,730059,41577,93531,65327,823590,
All CA Counties,2021-01-09,44430,961837,25565,652672,18865,309165,0,0,27828,741359,16577,110108,27877,851467,
All CA Counties,2021-01-10,24340,986177,14872,667544,9468,318633,0,0,13094,743246,11229,121337,13116,864583,
All CA Counties,2021-01-11,104576,1090753,69583,737127,34993,353626,0,0,60655,760200,43878,165215,60832,925415,
All CA Counties,2021-01-12,113501,1204254,67146,804273,46355,399981,0,0,72405,791823,41018,206233,72641,998056,
All CA Counties,2021-01-13,119212,1323466,61849,866122,57363,457344,0,0,85376,843568,33750,239983,85495,1083551,
All CA Counties,2021-01-14,123853,1447319,49626,915748,74227,531571,0,0,104252,928491,19499,259482,104422,1187973,
All CA Counties,2021-01-15,141942,1589261,51827,967575,90115,621686,0,0,126847,1040549,15002,274484,127060,1315033,
All CA Counties,2021-01-16,80466,1669727,27356,994931,53110,674796,0,0,72891,1105946,7548,282032,72945,1387978,
All CA Counties,2021-01-17,48265,1717992,16865,1011796,31400,706196,0,0,44604,1146943,3654,285686,44651,1432629,
All CA Counties,2021-01-18,88221,1806213,46063,1057859,42158,748354,0,0,68896,1196773,19250,304936,69080,1501709,
All CA Counties,2021-01-19,142034,1948247,73663,1131522,68371,816725,0,0,110873,1276909,31070,336006,111206,1612915,
All CA Counties,2021-01-20,160602,2108849,82023,1213545,78579,895304,0,0,126969,1370763,33414,369420,127268,1740183,
All CA Counties,2021-01-21,173624,2282473,76966,1290511,96658,991962,0,0,154504,1506720,18909,388329,154866,1895049,
All CA Counties,2021-01-22,169827,2452300,69282,1359793,100545,1092507,0,0,155520,1648236,14169,402498,155685,2050734,
All CA Counties,2021-01-23,111506,2563806,49476,1409269,62030,1154537,0,0,98983,1734872,12465,414963,99101,2149835,
All CA Counties,2021-01-24,60966,2624772,29475,1438744,31491,1186028,0,0,56311,1786622,4624,419587,56374,2206209,
All CA Counties,2021-01-25,145436,2770208,65512,1504256,79924,1265952,0,0,110210,1862111,35098,454685,110587,2316796,
All CA Counties,2021-01-26,169166,2939374,83087,1587343,86079,1352031,0,0,131580,1956519,37453,492138,131861,2448657,
All CA Counties,2021-01-27,182995,3122369,88166,1675509,94829,1446860,0,0,143568,2061223,39101,531239,143805,2592462,
All CA Counties,2021-01-28,188308,3310677,86910,1762419,101398,1548258,0,0,154110,2181687,33906,565145,154370,2746832,
All CA Counties,2021-01-29,183991,3494668,88499,1850918,95492,1643750,0,0,149266,2297003,34151,599296,149467,2896299,
All CA Counties,2021-01-30,123767,3618435,55838,1906756,67929,1711679,0,0,108326,2390212,15273,614569,108482,3004781,
All CA Counties,2021-01-31,69258,3687693,38822,1945578,30436,1742115,0,0,64454,2449968,4755,619324,64511,3069292,
All CA Counties,2021-02-01,161990,3849683,75980,2021558,86010,1828125,0,0,121248,2530775,40575,659899,121382,3190674,
All CA Counties,2021-02-02,185358,4035041,78046,2099604,107312,1935437,0,0,140882,2627683,44198,704097,141106,3331780,
All CA Counties,2021-02-03,210927,4245968,95535,2195139,115392,2050829,0,0,156541,2730581,53891,757988,156789,3488569,
All CA Counties,2021-02-04,227898,4473866,99852,2294991,128046,2178875,0,0,167278,2838141,60083,818071,167643,3656212,
All CA Counties,2021-02-05,246144,4720010,106502,2401493,139642,2318517,0,0,167350,2928011,78020,896091,167890,3824102,
All CA Counties,2021-02-06,155020,4875030,75066,2476559,79954,2398471,0,0,120228,3014108,34624,930715,120721,3944823,
All CA Counties,2021-02-07,67072,4942102,43446,2520005,23626,2422097,0,0,50626,3048819,16366,947081,51077,3995900,
All CA Counties,2021-02-08,181400,5123502,89443,2609448,91957,2514054,0,0,119832,3108263,61136,1008217,120580,4116480,
All CA Counties,2021-02-09,211520,5335022,102328,2711776,109192,2623246,0,0,126857,3152065,84207,1092424,128009,4244489,
All CA Counties,2021-02-10,248693,5583715,119803,2831579,128890,2752136,0,0,138118,3181903,109759,1202183,139597,4384086,
All CA Counties,2021-02-11,265630,5849345,131569,2963148,134061,2886197,0,0,145211,3209609,119301,1321484,147007,4531093,
All CA Counties,2021-02-12,272555,6121900,119404,3082552,153151,3039348,0,0,147174,3234660,124501,1445985,149552,4680645,
All CA Counties,2021-02-13,166758,6288658,77329,3159881,89429,3128777,0,0,92140,3254504,74245,1520230,94089,4774734,
All CA Counties,2021-02-14,95333,6383991,47432,3207313,47901,3176678,0,0,51575,3264033,43588,1563818,53117,4827851,
All CA Counties,2021-02-15,142470,6526461,62516,3269829,79954,3256632,0,0,78808,3282681,63286,1627104,81934,4909785,
All CA Counties,2021-02-16,249122,6775583,118306,3388135,130816,3387448,0,0,133205,3303454,115535,1742639,136308,5046093,
All CA Counties,2021-02-17,259319,7034902,129093,3517228,130226,3517674,0,0,129122,3306150,129637,1872276,132333,5178426,
All CA Counties,2021-02-18,273074,7307976,142432,3659660,130642,3648316,0,0,132024,3302069,140331,2012607,136250,5314676,
All CA Counties,2021-02-19,253439,7561415,147011,3806671,106428,3754744,0,0,130764,3312754,122170,2134777,132855,5447531,
All CA Counties,2021-02-20,153790,7715205,98546,3905217,55244,3809988,0,0,84606,3330427,68916,2203693,86589,5534120,
All CA Counties,2021-02-21,82895,7798100,68656,3973873,14239,3824227,0,0,41676,3332686,40968,2244661,43227,5577347,
All CA Counties,2021-02-22,164946,7963046,110481,4084354,54465,3878692,0,0,82566,3334924,82056,2326717,84294,5661641,
All CA Counties,2021-02-23,226542,8189588,119879,4204233,106663,3985355,0,0,105586,3326156,120345,2447062,111577,5773218,
All CA Counties,2021-02-24,284189,8473777,143760,4347993,140429,4125784,0,0,134983,3320112,148573,2595635,142529,5915747,
All CA Counties,2021-02-25,322855,8796632,159390,4507383,163465,4289249,0,0,169124,3344758,153025,2748660,177671,6093418,
All CA Counties,2021-02-26,357264,9153896,166562,4673945,190702,4479951,0,0,198913,3393531,157418,2906078,206191,6299609,
All CA Counties,2021-02-27,253650,9407546,123519,4797464,130109,4610060,22,22,144158,3433261,108862,3014940,148592,6448201,
All CA Counties,2021-02-28,135265,9542811,81172,4878636,54084,4664144,9,31,79573,3460433,55250,3070190,82422,6530623,
All CA Counties,2021-03-01,244288,9787099,130452,5009088,113730,4777874,106,137,140857,3502756,102649,3172839,144972,6675595,
All CA Counties,2021-03-02,289528,10076627,146450,5155538,143048,4920922,30,167,174614,3569901,114389,3287228,181534,6857129,
All CA Counties,2021-03-03,332632,10409259,165056,5320594,167516,5088438,60,227,191601,3628521,140335,3427563,198955,7056084,
All CA Counties,2021-03-04,351775,10761034,178150,5498744,173533,5261971,92,319,206496,3697624,144515,3572078,213618,7269702,
All CA Counties,2021-03-05,339877,11100911,167241,5665985,171512,5433483,1124,1443,211610,3790175,127448,3699526,219999,7489701,
All CA Counties,2021-03-06,259702,11360613,133363,5799348,118482,5551965,7857,9300,161558,3866569,97722,3797248,174116,7663817,
All CA Counties,2021-03-07,128001,11488614,78641,5877989,45203,5597168,4157,13457,80229,3907048,47584,3844832,88063,7751880,
All CA Counties,2021-03-08,219332,11707946,106454,5984443,102376,5699544,10502,23959,143610,3990793,75332,3920164,159077,7910957,
All CA Counties,2021-03-09,291692,11999638,139465,6123908,136297,5835841,15930,39889,163736,4047053,127452,4047616,183712,8094669,
All CA Counties,2021-03-10,322781,12322419,161057,6284965,137263,5973104,24461,64350,175053,4103678,147054,4194670,203679,8298348,
All CA Counties,2021-03-11,376675,12699094,182075,6467040,161275,6134379,33325,97675,193573,4152634,182154,4376824,231110,8529458,
All CA Counties,2021-03-12,395304,13094398,176687,6643727,172309,6306688,46308,143983,194017,4196689,200476,4577300,244531,8773989,
All CA Counties,2021-03-13,283646,13378044,124926,6768653,127581,6434269,31139,175122,153260,4255447,129929,4707229,188687,8962676,
All CA Counties,2021-03-14,154982,13533026,83316,6851969,56572,6490841,15094,190216,78569,4275258,76122,4783351,95933,9058609,
All CA Counties,2021-03-15,290717,13823743,138913,6990882,131202,6622043,20602,210818,158103,4325478,131863,4915214,182083,9240692,
All CA Counties,2021-03-16,370324,14194067,173950,7164832,179068,6801111,17306,228124,214625,4405659,154953,5070167,235134,9475826,
All CA Counties,2021-03-17,383744,14577811,189801,7354633,175385,6976496,18558,246682,237607,4519039,145299,5215466,258679,9734505,
All CA Counties,2021-03-18,400819,14978630,205325,7559958,177495,7153991,17999,264681,237655,4614703,162063,5377529,257727,9992232,
All CA Counties,2021-03-19,410841,15389471,215989,7775947,173232,7327223,21620,286301,238323,4705082,171532,5549061,261911,10254143,
All CA Counties,2021-03-20,294894,15684365,155111,7931058,123910,7451133,15873,302174,186189,4800554,108032,5657093,203504,10457647,
All CA Counties,2021-03-21,143773,15828138,99388,8030446,36853,7487986,7532,309706,88298,4842636,55102,5712195,97184,10554831,
All CA Counties,2021-03-22,273261,16101399,159081,8189527,102961,7590947,11219,320925,177524,4939442,94941,5807136,191747,10746578,
All CA Counties,2021-03-23,357274,16458673,196640,8386167,149561,7740508,11073,331998,219355,5035455,136997,5944133,233010,10979588,
All CA Counties,2021-03-24,387578,16846251,222004,8608171,153076,7893584,12498,344496,225795,5115300,160542,6104675,240387,11219975,
All CA Counties,2021-03-25,417849,17264100,230281,8838452,172731,8066315,14837,359333,236859,5189486,179668,6284343,253854,11473829,
All CA Counties,2021-03-26,435039,17699139,232748,9071200,186211,8252526,16080,375413,234849,5244289,198971,6483314,253774,11727603,
All CA Counties,2021-03-27,312685,18011824,166368,9237568,134541,8387067,11776,387189,157649,5261743,154215,6637529,171669,11899272,
All CA Counties,2021-03-28,169369,18181193,109060,9346628,56722,8443789,3587,390776,88713,5275769,80190,6717719,94216,11993488,
All CA Counties,2021-03-29,310342,18491535,167087,9513715,134208,8577997,9047,399823,172646,5323071,136918,6854637,184220,12177708,
All CA Counties,2021-03-30,398402,18889937,201890,9715605,178298,8756295,18214,418037,224207,5393864,173395,7028032,244188,12421896,
All CA Counties,2021-03-31,426276,19316213,232005,9947610,172595,8928890,21676,439713,238257,5467835,186982,7215014,260953,12682849,
All CA Counties,2021-04-01,492001,19808214,251973,10199583,199742,9128632,40286,479999,271725,5562093,218912,7433926,313170,12996019,
All CA Counties,2021-04-02,473736,20281950,230996,10430579,199559,9328191,43181,523180,257495,5649391,214997,7648923,302295,13298314,
All CA Counties,2021-04-03,329541,20611491,167881,10598460,120212,9448403,41448,564628,164359,5691788,164530,7813453,206927,13505241,
All CA Counties,2021-04-04,132485,20743976,69115,10667575,44328,9492731,19042,583670,58063,5694919,74117,7887570,77248,13582489,
All CA Counties,2021-04-05,353275,21097251,182099,10849674,131446,9624177,39730,623400,174116,5732724,178459,8066029,216264,13798753,
All CA Counties,2021-04-06,457408,21554659,231834,11081508,160050,9784227,65524,688924,221941,5787604,234523,8300552,289403,14088156,
All CA Counties,2021-04-07,472099,22026758,244996,11326504,157156,9941383,69947,758871,230201,5847852,240936,8541488,301184,14389340,
All CA Counties,2021-04-08,499701,22526459,251926,11578430,163400,10104783,84375,843246,235525,5907016,262998,8804486,322162,14711502,
All CA Counties,2021-04-09,494523,23020982,246481,11824911,168237,10273020,79805,923051,228070,5952643,265377,9069863,311004,15022506,
All CA Counties,2021-04-10,367223,23388205,167965,11992876,125029,10398049,74229,997280,154235,5971551,212230,9282093,231138,15253644,
All CA Counties,2021-04-11,187603,23575808,105278,12098154,48171,10446220,34154,1031434,77693,5976706,109558,9391651,114713,15368357,
All CA Counties,2021-04-12,339894,23915702,174441,12272595,127326,10573546,38127,1069561,157629,5994897,181300,9572951,199491,15567848,
All CA Counties,2021-04-13,432741,24348443,242091,12514686,189699,10763245,951,1070512,242079,6051593,189660,9762611,246356,15814204,
All CA Counties,2021-04-14,451726,24800169,253234,12767920,198203,10961448,289,1070801,236215,6078698,214339,9976950,241444,16055648,
All CA Counties,2021-04-15,491645,25291814,286292,13054212,205074,11166522,279,1071080,276117,6144163,214107,10191057,279572,16335220,
All CA Counties,2021-04-16,474305,25766119,266909,13321121,207088,11373610,308,1071388,253138,6180072,219962,10411019,255871,16591091,
All CA Counties,2021-04-17,341076,26107195,191048,13512169,149973,11523583,58,1071446,193838,6230689,146442,10557461,197059,16788150,
All CA Counties,2021-04-18,154334,26261529,98017,13610186,56299,11579882,18,1071464,79400,6238589,74531,10631992,82431,16870581,
All CA Counties,2021-04-19,317233,26578762,183110,13793296,134033,11713915,90,1071554,150035,6224292,166303,10798295,152006,17022587,
All CA Counties,2021-04-20,406529,26985291,216277,14009573,190180,11904095,72,1071626,202560,6227070,202941,11001236,205719,17228306,
All CA Counties,2021-04-21,419768,27405059,237861,14247434,181642,12085737,265,1071891,201759,6215622,216597,11217833,205149,17433455,
All CA Counties,2021-04-22,446039,27851098,254090,14501524,191873,12277610,76,1071967,199156,6172538,245518,11463351,202434,17635889,
All CA Counties,2021-04-23,437394,28288492,249076,14750600,188230,12465840,88,1072055,198007,6135961,237997,11701348,201420,17837309,
All CA Counties,2021-04-24,324840,28613332,204526,14955126,120141,12585981,173,1072228,165099,6145714,158779,11860127,168532,18005841,
All CA Counties,2021-04-25,149388,28762720,98504,15053630,50817,12636798,67,1072295,80378,6159039,68559,11928686,81884,18087725,
All CA Counties,2021-04-26,299243,29061963,172989,15226619,124732,12761530,1522,1073817,131053,6129006,167201,12095887,137168,18224893,
All CA Counties,2021-04-27,365781,29427744,201949,15428568,157304,12918834,6528,1080345,147321,6068740,217327,12313214,157061,18381954,
All CA Counties,2021-04-28,351966,29779710,201503,15630071,142558,13061392,7905,1088250,145331,6018733,205557,12518771,155550,18537504,
All CA Counties,2021-04-29,360018,30139728,207334,15837405,144805,13206197,7879,1096129,131702,5932985,227173,12745944,141425,18678929,
All CA Counties,2021-04-30,371887,30511615,213172,16050577,149854,13356051,8861,1104990,140494,5854145,230134,12976078,151294,18830223,
All CA Counties,2021-05-01,247404,30759019,158208,16208785,83139,13439190,6057,1111047,89774,5795376,156814,13132892,98045,18928268,
All CA Counties,2021-05-02,116783,30875802,81619,16290404,31295,13470485,3869,1114916,40900,5765029,75492,13208384,45145,18973413,
All CA Counties,2021-05-03,251608,31127410,154962,16445366,87965,13558450,8681,1123597,76329,5676435,174457,13382841,85863,19059276,
All CA Counties,2021-05-04,325174,31452584,198145,16643511,117291,13675741,9738,1133335,96212,5555631,227914,13610755,107110,19166386,
All CA Counties,2021-05-05,328970,31781554,204351,16847862,114618,13790359,10001,1143336,92878,5424591,234896,13845651,103856,19270242,
All CA Counties,2021-05-06,347925,32129479,226968,17074830,110429,13900788,10528,1153864,88559,5268439,257747,14103398,101595,19371837,
All CA Counties,2021-05-07,345000,32474479,216366,17291196,118809,14019597,9825,1163689,93793,5123415,249863,14353261,104839,19476676,
All CA Counties,2021-05-08,223504,32697983,141799,17432995,75020,14094617,6685,1170374,61554,5032058,161044,14514305,69687,19546363,
All CA Counties,2021-05-09,93305,32791288,70300,17503295,20032,14114649,2973,1173347,25468,4993431,67511,14581816,28884,19575247,
All CA Counties,2021-05-10,200924,32992212,114467,17617762,78690,14193339,7767,1181114,50210,4902765,149928,14731744,59262,19634509,
All CA Counties,2021-05-11,263856,33256068,147827,17765589,107497,14300836,8532,1189646,70043,4790174,192896,14924640,80305,19714814,
All CA Counties,2021-05-12,264110,33520178,152922,17918511,102185,14403021,9003,1198649,74694,4686619,188407,15113047,84852,19799666,
All CA Counties,2021-05-13,307061,33827239,198040,18116551,101742,14504763,7279,1205928,117113,4624819,188847,15301894,127047,19926713,
All CA Counties,2021-05-14,332129,34159368,212346,18328897,111022,14615785,8761,1214689,131127,4566961,199849,15501743,141991,20068704,
All CA Counties,2021-05-15,274031,34433399,191576,18520473,76547,14692332,5908,1220597,112679,4525992,160520,15662263,119551,20188255,
All CA Counties,2021-05-16,135506,34568905,103890,18624363,28701,14721033,2915,1223512,54914,4504053,80157,15742420,58218,20246473,
All CA Counties,2021-05-17,237241,34806146,156402,18780765,73516,14794549,7323,1230835,95644,4467152,140733,15883153,103832,20350305,
All CA Counties,2021-05-18,277835,35083981,169650,18950415,100856,14895405,7329,1238164,110407,4420038,166322,16049475,119208,20469513,
All CA Counties,2021-05-19,272475,35356456,170317,19120732,94666,14990071,7492,1245656,114531,4386241,156934,16206409,123137,20592650,
All CA Counties,2021-05-20,251736,35608192,150259,19270991,93555,15083626,7922,1253578,98265,4341604,152416,16358825,107779,20700429,
All CA Counties,2021-05-21,264823,35873015,163429,19434420,93786,15177412,7608,1261186,101907,4290558,161778,16520603,110732,20811161,
All CA Counties,2021-05-22,183962,36056977,123255,19557675,54879,15232291,5828,1267014,79718,4273654,103580,16624183,86676,20897837,
All CA Counties,2021-05-23,83345,36140322,58775,19616450,21963,15254254,2607,1269621,36675,4267127,46298,16670481,39771,20937608,
All CA Counties,2021-05-24,165779,36306101,96383,19712833,61211,15315465,8185,1277806,62775,4236678,102244,16772725,71795,21009403,
All CA Counties,2021-05-25,187986,36494087,110705,19823538,69358,15384823,7923,1285729,72409,4203516,114606,16887331,81444,21090847,
All CA Counties,2021-05-26,181724,36675811,104538,19928076,69507,15454330,7679,1293408,71876,4175151,108795,16996126,80430,21171277,
All CA Counties,2021-05-27,170315,36846126,97328,20025404,64531,15518861,8456,1301864,69840,4154944,99672,17095798,79465,21250742,
All CA Counties,2021-05-28,186164,37032290,107760,20133164,71427,15590288,6977,1308841,81313,4140574,103956,17199754,89586,21340328,
All CA Counties,2021-05-29,105662,37137952,65006,20198170,36907,15627195,3749,1312590,50707,4141179,54436,17254190,55041,21395369,
All CA Counties,2021-05-30,46736,37184688,30883,20229053,13412,15640607,2441,1315031,21047,4139470,25469,17279659,23760,21419129,
All CA Counties,2021-05-31,19755,37204443,11683,20240736,7100,15647707,972,1316003,6567,4134085,13059,17292718,7674,21426803,
All CA Counties,2021-06-01,166614,37371057,97485,20338221,62164,15709871,6965,1322968,62367,4101135,103310,17396028,70360,21497163,
All CA Counties,2021-06-02,140989,37512046,83569,20421790,50379,15760250,7041,1330009,54971,4078782,85152,17481180,62799,21559962,
All CA Counties,2021-06-03,168609,37680655,115340,20537130,46331,15806581,6938,1336947,53917,4026859,113893,17595073,61970,21621932,
All CA Counties,2021-06-04,195349,37876004,138017,20675147,51317,15857898,6015,1342962,61102,3962691,133273,17728346,69105,21691037,
All CA Counties,2021-06-05,153517,38029521,116563,20791710,31953,15889851,5001,1347963,44469,3904943,108294,17836640,50546,21741583,
All CA Counties,2021-06-06,61753,38091274,51945,20843655,7660,15897511,2148,1350111,18292,3883106,43181,17879821,21344,21762927,
All CA Counties,2021-06-07,133129,38224403,97951,20941606,29452,15926963,5726,1355837,40049,3837218,92515,17972336,46627,21809554,
All CA Counties,2021-06-08,151993,38376396,110810,21052416,34770,15961733,6413,1362250,45966,3785629,105213,18077549,53624,21863178,
All CA Counties,2021-06-09,80659,38457055,59543,21111959,16353,15978086,4763,1367013,20538,3751622,59701,18137250,25694,21888872,
All CA and Non-CA Counties,2020-12-15,1154,1154,1154,1154,0,0,0,0,1154,1154,0,0,1154,1154,
All CA and Non-CA Counties,2020-12-16,8711,9865,8711,9865,0,0,0,0,8711,9865,0,0,8711,9865,
All CA and Non-CA Counties,2020-12-17,27906,37771,27906,37771,0,0,0,0,27906,37771,0,0,27906,37771,
All CA and Non-CA Counties,2020-12-18,47306,85077,47243,85014,63,63,0,0,47305,85075,1,1,47305,85076,
All CA and Non-CA Counties,2020-12-19,26373,111450,26347,111361,26,89,0,0,26372,111446,1,2,26372,111448,
All CA and Non-CA Counties,2020-12-20,19691,131141,19662,131023,29,118,0,0,19690,131135,1,3,19690,131138,
All CA and Non-CA Counties,2020-12-21,51872,183013,51779,182802,93,211,0,0,51870,183004,2,5,51871,183009,
All CA and Non-CA Counties,2020-12-22,52163,235176,49958,232760,2205,2416,0,0,52159,235161,2,7,52159,235168,
All CA and Non-CA Counties,2020-12-23,52185,287361,43254,276014,8931,11347,0,0,52180,287339,5,12,52183,287351,
All CA and Non-CA Counties,2020-12-24,24897,312258,16972,292986,7925,19272,0,0,24894,312232,3,15,24896,312247,
All CA and Non-CA Counties,2020-12-25,2379,314637,2050,295036,329,19601,0,0,2379,314611,0,15,2379,314626,
All CA and Non-CA Counties,2020-12-26,14930,329567,9676,304712,5254,24855,0,0,14928,329537,2,17,14928,329554,
All CA and Non-CA Counties,2020-12-27,9633,339200,5669,310381,3964,28819,0,0,9632,339168,1,18,9632,339186,
All CA and Non-CA Counties,2020-12-28,47421,386621,30376,340757,17045,45864,0,0,47418,386583,3,21,47418,386604,
All CA and Non-CA Counties,2020-12-29,52760,439381,29570,370327,23190,69054,0,0,52756,439336,3,24,52756,439360,
All CA and Non-CA Counties,2020-12-30,64962,504343,36876,407203,28086,97140,0,0,64954,504287,6,30,64957,504317,
All CA and Non-CA Counties,2020-12-31,30588,534931,11504,418707,19084,116224,0,0,30577,534857,8,38,30578,534895,
All CA and Non-CA Counties,2021-01-01,4449,539380,1980,420687,2469,118693,0,0,4444,539297,4,42,4444,539339,
All CA and Non-CA Counties,2021-01-02,18749,558129,10370,431057,8379,127072,0,0,18747,558043,1,43,18747,558086,
All CA and Non-CA Counties,2021-01-03,6354,564483,3591,434648,2763,129835,0,0,6318,564345,16,59,6318,564404,
All CA and Non-CA Counties,2021-01-04,44799,609282,22638,457286,22161,151996,0,0,44652,608892,105,164,44652,609056,
All CA and Non-CA Counties,2021-01-05,58156,667438,30659,487945,27497,179493,0,0,52415,655719,5683,5847,52510,661566,
All CA and Non-CA Counties,2021-01-06,76139,743577,42135,530080,34004,213497,0,0,59820,699441,16136,21983,59858,721424,
All CA and Non-CA Counties,2021-01-07,96371,839948,55024,585104,41347,254844,0,0,63629,730573,32568,54551,63700,785124,
All CA and Non-CA Counties,2021-01-08,111432,951380,67185,652289,44247,299091,0,0,67839,755078,43448,97999,67953,853077,
All CA and Non-CA Counties,2021-01-09,45738,997118,26096,678385,19642,318733,0,0,28809,767034,16904,114903,28860,881937,
All CA and Non-CA Counties,2021-01-10,24640,1021758,15055,693440,9585,328318,0,0,13272,768977,11351,126254,13294,895231,
All CA and Non-CA Counties,2021-01-11,107885,1129643,71607,765047,36278,364596,0,0,62629,786571,45212,171466,62806,958037,
All CA and Non-CA Counties,2021-01-12,117371,1247014,69465,834512,47906,412502,0,0,74721,818965,42567,214033,74961,1032998,
All CA and Non-CA Counties,2021-01-13,122892,1369906,63660,898172,59232,471734,0,0,87872,872024,34935,248968,87994,1120992,
All CA and Non-CA Counties,2021-01-14,127569,1497475,50911,949083,76658,548392,0,0,107324,959390,20130,269098,107496,1228488,
All CA and Non-CA Counties,2021-01-15,146156,1643631,52831,1001914,93325,641717,0,0,130590,1074733,15460,284558,130803,1359291,
All CA and Non-CA Counties,2021-01-16,83162,1726793,27749,1029663,55413,697130,0,0,75411,1142476,7722,292280,75465,1434756,
All CA and Non-CA Counties,2021-01-17,48768,1775561,17020,1046683,31748,728878,0,0,45057,1183876,3704,295984,45104,1479860,
All CA and Non-CA Counties,2021-01-18,89458,1865019,46867,1093550,42591,771469,0,0,69678,1234034,19704,315688,69862,1549722,
All CA and Non-CA Counties,2021-01-19,146115,2011134,75000,1168550,71115,842584,0,0,114062,1316472,31961,347649,114399,1664121,
All CA and Non-CA Counties,2021-01-20,165083,2176217,83501,1252051,81582,924166,0,0,130462,1412834,34400,382049,130762,1794883,
All CA and Non-CA Counties,2021-01-21,177836,2354053,78142,1330193,99694,1023860,0,0,158151,1551888,19461,401510,158515,1953398,
All CA and Non-CA Counties,2021-01-22,174424,2528477,70400,1400593,104024,1127884,0,0,159712,1697197,14570,416080,159879,2113277,
All CA and Non-CA Counties,2021-01-23,113742,2642219,49818,1450411,63924,1191808,0,0,101058,1785747,12626,428706,101176,2214453,
All CA and Non-CA Counties,2021-01-24,61560,2703779,29715,1480126,31845,1223653,0,0,56828,1837936,4702,433408,56891,2271344,
All CA and Non-CA Counties,2021-01-25,149907,2853686,67451,1547577,82456,1306109,0,0,113810,1916158,35966,469374,114188,2385532,
All CA and Non-CA Counties,2021-01-26,175064,3028750,85970,1633547,89094,1395203,0,0,136629,2014773,38304,507678,136919,2522451,
All CA and Non-CA Counties,2021-01-27,187840,3216590,90678,1724225,97162,1492365,0,0,147786,2123074,39724,547402,148025,2670476,
All CA and Non-CA Counties,2021-01-28,193471,3410061,89713,1813938,103758,1596123,0,0,158687,2247537,34485,581887,158948,2829424,
All CA and Non-CA Counties,2021-01-29,188858,3598919,91557,1905495,97301,1693424,0,0,153334,2366127,34947,616834,153537,2982961,
All CA and Non-CA Counties,2021-01-30,128072,3726991,58126,1963621,69946,1763370,0,0,112403,2463184,15503,632337,112560,3095521,
All CA and Non-CA Counties,2021-01-31,72156,3799147,41314,2004935,30842,1794212,0,0,67299,2525733,4808,637145,67357,3162878,
All CA and Non-CA Counties,2021-02-01,167375,3966522,78483,2083418,88892,1883104,0,0,125910,2610485,41292,678437,126044,3288922,
All CA and Non-CA Counties,2021-02-02,192016,4158538,80155,2163573,111861,1994965,0,0,146818,2712615,44912,723349,147042,3435964,
All CA and Non-CA Counties,2021-02-03,218169,4376707,97546,2261119,120623,2115588,0,0,162901,2820999,54766,778115,163150,3599114,
All CA and Non-CA Counties,2021-02-04,234615,4611322,101950,2363069,132665,2248253,0,0,172992,2933280,61077,839192,173358,3772472,
All CA and Non-CA Counties,2021-02-05,252833,4864155,108613,2471682,144220,2392473,0,0,172956,3027679,79097,918289,173496,3945968,
All CA and Non-CA Counties,2021-02-06,159267,5023422,77048,2548730,82219,2474692,0,0,124006,3117095,35086,953375,124502,4070470,
All CA and Non-CA Counties,2021-02-07,69106,5092528,45093,2593823,24013,2498705,0,0,52582,3153686,16444,969819,53035,4123505,
All CA and Non-CA Counties,2021-02-08,186369,5278897,92447,2686270,93922,2592627,0,0,123716,3215940,62210,1032029,124464,4247969,
All CA and Non-CA Counties,2021-02-09,215649,5494546,104104,2790374,111545,2704172,0,0,129678,3261278,85506,1117535,130844,4378813,
All CA and Non-CA Counties,2021-02-10,254183,5748729,121631,2912005,132552,2836724,0,0,141161,3291759,112200,1229735,142681,4521494,
All CA and Non-CA Counties,2021-02-11,270390,6019119,133751,3045756,136639,2973363,0,0,148635,3321580,120628,1350363,150449,4671943,
All CA and Non-CA Counties,2021-02-12,277771,6296890,121322,3167078,156449,3129812,0,0,150549,3348182,126329,1476692,152931,4824874,
All CA and Non-CA Counties,2021-02-13,169135,6466025,78017,3245095,91118,3220930,0,0,93958,3369298,74803,1551495,95919,4920793,
All CA and Non-CA Counties,2021-02-14,96645,6562670,47820,3292915,48825,3269755,0,0,52646,3379663,43825,1595320,54190,4974983,
All CA and Non-CA Counties,2021-02-15,144974,6707644,64012,3356927,80962,3350717,0,0,80038,3398285,64545,1659865,83167,5058150,
All CA and Non-CA Counties,2021-02-16,255468,6963112,121115,3478042,134353,3485070,0,0,135774,3417865,119301,1779166,138881,5197031,
All CA and Non-CA Counties,2021-02-17,265071,7228183,131890,3609932,133181,3618251,0,0,130943,3418462,133562,1912728,134159,5331190,
All CA and Non-CA Counties,2021-02-18,279355,7507538,146013,3755945,133342,3751593,0,0,134081,3412232,144537,2057265,138307,5469497,
All CA and Non-CA Counties,2021-02-19,259114,7766652,150937,3906882,108177,3859770,0,0,133196,3422114,125407,2182672,135289,5604786,
All CA and Non-CA Counties,2021-02-20,156970,7923622,101076,4007958,55894,3915664,0,0,85847,3439094,70851,2253523,87831,5692617,
All CA and Non-CA Counties,2021-02-21,85478,8009100,71022,4078980,14456,3930120,0,0,42520,3440464,42702,2296225,44072,5736689,
All CA and Non-CA Counties,2021-02-22,168325,8177425,112921,4191901,55404,3985524,0,0,84197,3442592,83801,2380026,85929,5822618,
All CA and Non-CA Counties,2021-02-23,232460,8409885,123180,4315081,109280,4094804,0,0,107926,3432608,123915,2503941,113931,5936549,
All CA and Non-CA Counties,2021-02-24,290490,8700375,147218,4462299,143272,4238076,0,0,137445,3425198,152406,2656347,144996,6081545,
All CA and Non-CA Counties,2021-02-25,329674,9030049,162841,4625140,166833,4404909,0,0,172208,3449226,156731,2813078,180759,6262304,
All CA and Non-CA Counties,2021-02-26,364008,9394057,170085,4795225,193923,4598832,0,0,202023,3497559,160969,2974047,209302,6471606,
All CA and Non-CA Counties,2021-02-27,258999,9653056,126150,4921375,132826,4731658,23,23,146045,3535731,112311,3086358,150483,6622089,
All CA and Non-CA Counties,2021-02-28,137553,9790609,82804,5004179,54739,4786397,10,33,80376,3562227,56731,3143089,83227,6705316,
All CA and Non-CA Counties,2021-03-01,248961,10039570,133321,5137500,115533,4901930,107,140,142217,3602612,105953,3249042,146338,6851654,
All CA and Non-CA Counties,2021-03-02,296133,10335703,148824,5286324,147279,5049209,30,170,176684,3667307,118911,3367953,183606,7035260,
All CA and Non-CA Counties,2021-03-03,340440,10676143,168061,5454385,172317,5221526,62,232,194275,3723488,145454,3513407,201635,7236895,
All CA and Non-CA Counties,2021-03-04,358501,11034644,180969,5635354,177434,5398960,98,330,208815,3790528,148905,3662312,215945,7452840,
All CA and Non-CA Counties,2021-03-05,345117,11379761,169865,5805219,174114,5573074,1138,1468,214347,3883344,129942,3792254,222758,7675598,
All CA and Non-CA Counties,2021-03-06,264284,11644045,135475,5940694,120795,5693869,8014,9482,163901,3960008,99961,3892215,176625,7852223,
All CA and Non-CA Counties,2021-03-07,129567,11773612,79643,6020337,45710,5739579,4214,13696,81189,4000901,48189,3940404,89082,7941305,
All CA and Non-CA Counties,2021-03-08,222445,11996057,108309,6128646,103397,5842976,10739,24435,145810,4086206,76216,4016620,161521,8102826,
All CA and Non-CA Counties,2021-03-09,296389,12292446,141893,6270539,138261,5981237,16235,40670,166521,4143646,129362,4145982,186802,8289628,
All CA and Non-CA Counties,2021-03-10,327150,12619596,163154,6433693,139031,6120268,24965,65635,177762,4201839,148706,4294688,206899,8496527,
All CA and Non-CA Counties,2021-03-11,382807,13002403,185212,6618905,163591,6283859,34004,99639,196880,4251963,184973,4479661,235097,8731624,
All CA and Non-CA Counties,2021-03-12,401781,13404184,180597,6799502,174152,6458011,47032,146671,197595,4297434,203367,4683028,248838,8980462,
All CA and Non-CA Counties,2021-03-13,287404,13691588,127108,6926610,128698,6586709,31598,178269,155826,4358040,131114,4814142,191720,9172182,
All CA and Non-CA Counties,2021-03-14,156781,13848369,84248,7010858,57099,6643808,15434,193703,79554,4378364,76935,4891077,97259,9269441,
All CA and Non-CA Counties,2021-03-15,294760,14143129,141030,7151888,132665,6776473,21065,214768,160269,4429344,133736,5024813,184716,9454157,
All CA and Non-CA Counties,2021-03-16,377865,14520994,178332,7330220,181839,6958312,17694,232462,218824,4510770,158291,5183104,239717,9693874,
All CA and Non-CA Counties,2021-03-17,392172,14913166,195257,7525477,177984,7136296,18931,251393,242687,4626262,148641,5331745,264133,9958007,
All CA and Non-CA Counties,2021-03-18,409144,15322310,210466,7735943,180141,7316437,18537,269930,242474,4723787,165559,5497304,263084,10221091,
All CA and Non-CA Counties,2021-03-19,418178,15740488,220338,7956281,175675,7492112,22165,292095,242726,4816188,174462,5671766,266863,10487954,
All CA and Non-CA Counties,2021-03-20,299653,16040141,158253,8114534,125440,7617552,15960,308055,189831,4914283,109139,5780905,207234,10695188,
All CA and Non-CA Counties,2021-03-21,145860,16186001,100823,8215357,37418,7654970,7619,315674,89968,4957707,55517,5836422,98941,10794129,
All CA and Non-CA Counties,2021-03-22,276534,16462535,161048,8376405,104177,7759147,11309,326983,179764,5055821,95963,5932385,194077,10988206,
All CA and Non-CA Counties,2021-03-23,363360,16825895,199737,8576142,152242,7911389,11381,338364,223482,5154325,138941,6071326,237445,11225651,
All CA and Non-CA Counties,2021-03-24,394932,17220827,225776,8801918,156210,8067599,12946,351310,230879,5237437,162805,6234131,245917,11471568,
All CA and Non-CA Counties,2021-03-25,426146,17646973,234140,9036058,176645,8244244,15361,366671,242900,5315945,181911,6416042,260419,11731987,
All CA and Non-CA Counties,2021-03-26,441721,18088694,236281,9272339,189182,8433426,16258,382929,239261,5373094,201214,6617256,258363,11990350,
All CA and Non-CA Counties,2021-03-27,318247,18406941,169494,9441833,136760,8570186,11993,394922,161143,5392195,156278,6773534,175379,12165729,
All CA and Non-CA Counties,2021-03-28,172457,18579398,110712,9552545,57997,8628183,3748,398670,90709,5407291,81277,6854811,96373,12262102,
All CA and Non-CA Counties,2021-03-29,315524,18894922,169387,9721932,136745,8764928,9392,408062,175608,5455684,139134,6993945,187527,12449629,
All CA and Non-CA Counties,2021-03-30,405297,19300219,205522,9927454,180997,8945925,18778,426840,228281,5528311,176206,7170151,248833,12698462,
All CA and Non-CA Counties,2021-03-31,432637,19732856,235805,10163259,174378,9120303,22454,449294,241641,5603468,189955,7360106,265112,12963574,
All CA and Non-CA Counties,2021-04-01,499522,20232378,256473,10419732,202117,9322420,40932,490226,276070,5699541,222079,7582185,318152,13281726,
All CA and Non-CA Counties,2021-04-02,482252,20714630,235541,10655273,202378,9524798,44333,534559,261906,5788304,219093,7801278,307856,13589582,
All CA and Non-CA Counties,2021-04-03,335748,21050378,171581,10826854,121562,9646360,42605,577164,167636,5832211,167453,7968731,211360,13800942,
All CA and Non-CA Counties,2021-04-04,134274,21184652,69992,10896846,45006,9691366,19276,596440,59044,5835749,74923,8043654,78461,13879403,
All CA and Non-CA Counties,2021-04-05,357408,21542060,184095,11080941,132917,9824283,40396,636836,176082,5874024,180620,8224274,218895,14098298,
All CA and Non-CA Counties,2021-04-06,464590,22006650,235706,11316647,161720,9986003,67164,704000,224829,5929149,238802,8463076,293927,14392225,
All CA and Non-CA Counties,2021-04-07,480333,22486983,249631,11566278,159057,10145060,71645,775645,233412,5989281,245952,8709028,306084,14698309,
All CA and Non-CA Counties,2021-04-08,507897,22994880,256193,11822471,165381,10310441,86323,861968,238750,6048646,267960,8976988,327325,15025634,
All CA and Non-CA Counties,2021-04-09,502095,23496975,250374,12072845,169958,10480399,81763,943731,230991,6094535,270020,9247008,315909,15341543,
All CA and Non-CA Counties,2021-04-10,373372,23870347,171009,12243854,126272,10606671,76091,1019822,155964,6112613,216643,9463651,234721,15576264,
All CA and Non-CA Counties,2021-04-11,190448,24060795,106830,12350684,48824,10655495,34794,1054616,78649,6117481,111443,9575094,116311,15692575,
All CA and Non-CA Counties,2021-04-12,344029,24404824,176742,12527426,128604,10784099,38683,1093299,159453,6135750,183605,9758699,201874,15894449,
All CA and Non-CA Counties,2021-04-13,438566,24843390,245816,12773242,191774,10975873,976,1094275,245079,6192653,192480,9951179,249383,16143832,
All CA and Non-CA Counties,2021-04-14,457071,25300461,256615,13029857,200163,11176036,293,1094568,239112,6220218,216785,10167964,244350,16388182,
All CA and Non-CA Counties,2021-04-15,497812,25798273,290177,13320034,207349,11383385,286,1094854,279424,6286191,216917,10384881,282890,16671072,
All CA and Non-CA Counties,2021-04-16,480163,26278436,270262,13590296,209587,11592972,314,1095168,256388,6322761,222559,10607440,259129,16930201,
All CA and Non-CA Counties,2021-04-17,346510,26624946,194442,13784738,152012,11744984,59,1095227,196944,6374167,148760,10756200,200166,17130367,
All CA and Non-CA Counties,2021-04-18,156449,26781395,99194,13883932,57236,11802220,19,1095246,80406,6381970,75636,10831836,83439,17213806,
All CA and Non-CA Counties,2021-04-19,321380,27102775,185113,14069045,136176,11938396,91,1095337,152167,6367802,168310,11000146,154142,17367948,
All CA and Non-CA Counties,2021-04-20,411907,27514682,218726,14287771,193109,12131505,72,1095409,204754,6369596,206119,11206265,207913,17575861,
All CA and Non-CA Counties,2021-04-21,426156,27940838,240530,14528301,185357,12316862,269,1095678,204023,6356304,220709,11426974,207417,17783278,
All CA and Non-CA Counties,2021-04-22,452787,28393625,257529,14785830,195178,12512040,80,1095758,201601,6311374,249815,11676789,204885,17988163,
All CA and Non-CA Counties,2021-04-23,443268,28836893,252058,15037888,191121,12703161,89,1095847,200393,6273714,241469,11918258,203809,18191972,
All CA and Non-CA Counties,2021-04-24,329394,29166287,207482,15245370,121734,12824895,178,1096025,166903,6282530,161528,12079786,170344,18362316,
All CA and Non-CA Counties,2021-04-25,151613,29317900,99759,15345129,51785,12876680,69,1096094,81554,6295989,69606,12149392,83065,18445381,
All CA and Non-CA Counties,2021-04-26,303354,29621254,174797,15519926,127009,13003689,1548,1097642,132926,6265624,169432,12318824,139067,18584448,
All CA and Non-CA Counties,2021-04-27,371472,29992726,204048,15723974,160519,13164208,6905,1104547,149327,6204073,221003,12539827,159452,18743900,
All CA and Non-CA Counties,2021-04-28,356834,30349560,203575,15927549,144958,13309166,8301,1112848,147237,6153412,208508,12748335,157847,18901747,
All CA and Non-CA Counties,2021-04-29,364868,30714428,209557,16137106,147001,13456167,8310,1121158,133523,6066906,230183,12978518,143677,19045424,
All CA and Non-CA Counties,2021-04-30,376800,31091228,215535,16352641,151981,13608148,9284,1130442,142340,5987280,233192,13211710,153566,19198990,
All CA and Non-CA Counties,2021-05-01,250590,31341818,160050,16512691,84055,13692203,6485,1136927,91043,5928301,158721,13370431,99742,19298732,
All CA and Non-CA Counties,2021-05-02,118652,31460470,82705,16595396,31955,13724158,3992,1140919,41739,5897889,76519,13446950,46107,19344839,
All CA and Non-CA Counties,2021-05-03,254501,31714971,156537,16751933,88999,13813157,8965,1149884,77453,5808937,176222,13623172,87270,19432109,
All CA and Non-CA Counties,2021-05-04,329117,32044088,200252,16952185,118682,13931839,10183,1160067,97532,5687277,230533,13853705,108873,19540982,
All CA and Non-CA Counties,2021-05-05,333262,32377350,206686,17158871,116207,14048046,10369,1170436,94407,5555380,237653,14091358,105756,19646738,
All CA and Non-CA Counties,2021-05-06,352419,32729769,229717,17388588,111828,14159874,10874,1181310,90144,5398254,260652,14352010,103526,19750264,
All CA and Non-CA Counties,2021-05-07,349648,33079417,218981,17607569,120452,14280326,10215,1191525,95472,5252336,252826,14604836,106908,19857172,
All CA and Non-CA Counties,2021-05-08,226851,33306268,144017,17751586,75902,14356228,6932,1198457,62765,5160310,163172,14768008,71146,19928318,
All CA and Non-CA Counties,2021-05-09,94685,33400953,71210,17822796,20375,14376603,3100,1201557,26068,5121631,68289,14836297,29610,19957928,
All CA and Non-CA Counties,2021-05-10,203554,33604507,115660,17938456,79796,14456399,8098,1209655,51218,5030687,151547,14987844,60603,20018531,
All CA and Non-CA Counties,2021-05-11,266837,33871344,149233,18087689,108768,14565167,8836,1218491,71192,4917718,194730,15182574,81761,20100292,
All CA and Non-CA Counties,2021-05-12,267314,34138658,154436,18242125,103536,14668703,9342,1227833,75987,4813886,190314,15372888,86482,20186774,
All CA and Non-CA Counties,2021-05-13,310262,34448920,199881,18442006,102887,14771590,7494,1235327,118580,4752035,190580,15563468,128729,20315503,
All CA and Non-CA Counties,2021-05-14,335685,34784605,214350,18656356,112335,14883925,9000,1244327,132765,4694139,201765,15765233,143869,20459372,
All CA and Non-CA Counties,2021-05-15,276683,35061288,193138,18849494,77494,14961419,6051,1250378,113852,4653007,162002,15927235,120870,20580242,
All CA and Non-CA Counties,2021-05-16,137151,35198439,104940,18954434,29226,14990645,2985,1253363,55674,4631015,81040,16008275,59048,20639290,
All CA and Non-CA Counties,2021-05-17,240339,35438778,158064,19112498,74718,15065363,7557,1260920,97027,4594016,142449,16150724,105450,20744740,
All CA and Non-CA Counties,2021-05-18,281091,35719869,171306,19283804,102141,15167504,7644,1268564,111904,4546963,168076,16318800,121023,20865763,
All CA and Non-CA Counties,2021-05-19,275838,35995707,172032,19455836,96046,15263550,7760,1276324,116047,4513108,158776,16477576,124921,20990684,
All CA and Non-CA Counties,2021-05-20,254771,36250478,151971,19607807,94651,15358201,8149,1284473,99750,4468643,153959,16631535,109494,21100178,
All CA and Non-CA Counties,2021-05-21,267846,36518324,165167,19772974,94823,15453024,7856,1292329,103307,4417633,163392,16794927,112382,21212560,
All CA and Non-CA Counties,2021-05-22,186476,36704800,124986,19897960,55471,15508495,6019,1298348,81211,4401395,104596,16899523,88358,21300918,
All CA and Non-CA Counties,2021-05-23,84937,36789737,59864,19957824,22385,15530880,2688,1301036,37536,4395081,47028,16946551,40714,21341632,
All CA and Non-CA Counties,2021-05-24,168221,36957958,97576,20055400,62112,15592992,8533,1309569,63891,4364778,103562,17050113,73259,21414891,
All CA and Non-CA Counties,2021-05-25,190368,37148326,111815,20167215,70297,15663289,8256,1317825,73452,4331661,115935,17166048,82818,21497709,
All CA and Non-CA Counties,2021-05-26,184087,37332413,105632,20272847,70423,15733712,8032,1325857,72876,4303294,110151,17276199,81784,21579493,
All CA and Non-CA Counties,2021-05-27,172514,37504927,98441,20371288,65329,15799041,8744,1334601,70873,4283245,100834,17377033,80785,21660278,
All CA and Non-CA Counties,2021-05-28,188591,37693518,108981,20480269,72279,15871320,7331,1341932,82433,4269050,105256,17482289,91061,21751339,
All CA and Non-CA Counties,2021-05-29,107351,37800869,65866,20546135,37380,15908700,4105,1346037,51450,4269812,55378,17537667,56140,21807479,
All CA and Non-CA Counties,2021-05-30,47653,37848522,31445,20577580,13642,15922342,2566,1348603,21514,4268249,25916,17563583,24353,21831832,
All CA and Non-CA Counties,2021-05-31,20173,37868695,11866,20589446,7296,15929638,1011,1349614,6745,4262854,13287,17576870,7892,21839724,
All CA and Non-CA Counties,2021-06-01,168750,38037445,98600,20688046,62879,15992517,7271,1356885,63428,4230201,104381,17681251,71728,21911452,
All CA and Non-CA Counties,2021-06-02,143082,38180527,84648,20772694,51049,16043566,7385,1364270,55996,4208159,86210,17767461,64168,21975620,
All CA and Non-CA Counties,2021-06-03,170893,38351420,116651,20889345,46994,16090560,7248,1371518,55011,4156456,115076,17882537,63373,22038993,
All CA and Non-CA Counties,2021-06-04,198414,38549834,139807,21029152,52264,16142824,6343,1377861,62514,4092381,134919,18017456,70844,22109837,
All CA and Non-CA Counties,2021-06-05,155727,38705561,118103,21147255,32443,16175267,5181,1383042,45564,4034797,109405,18126861,51821,22161658,
All CA and Non-CA Counties,2021-06-06,62926,38768487,52850,21200105,7831,16183098,2245,1385287,18940,4013181,43705,18170566,22089,22183747,
All CA and Non-CA Counties,2021-06-07,135505,38903992,99284,21299389,30149,16213247,6072,1391359,41157,3967488,93773,18264339,48080,22231827,
All CA and Non-CA Counties,2021-06-08,154408,39058400,112286,21411675,35355,16248602,6767,1398126,47057,3916026,106529,18370868,55067,22286894,
All CA and Non-CA Counties,2021-06-09,81750,39140150,60099,21471774,16655,16265257,4996,1403122,20931,3881948,60397,18431265,26319,22313213,
Outside California,2020-12-15,8,8,8,8,0,0,0,0,8,8,0,0,8,8,Not in California
Outside California,2020-12-16,274,282,274,282,0,0,0,0,274,282,0,0,274,282,Not in California
Outside California,2020-12-17,1608,1890,1608,1890,0,0,0,0,1608,1890,0,0,1608,1890,Not in California
Outside California,2020-12-18,2560,4450,2553,4443,7,7,0,0,2560,4450,0,0,2560,4450,Not in California
Outside California,2020-12-19,1037,5487,1036,5479,1,8,0,0,1037,5487,0,0,1037,5487,Not in California
Outside California,2020-12-20,680,6167,677,6156,3,11,0,0,680,6167,0,0,680,6167,Not in California
Outside California,2020-12-21,2185,8352,2182,8338,3,14,0,0,2185,8352,0,0,2185,8352,Not in California
Outside California,2020-12-22,2080,10432,2005,10343,75,89,0,0,2080,10432,0,0,2080,10432,Not in California
Outside California,2020-12-23,1536,11968,1394,11737,142,231,0,0,1535,11966,1,1,1535,11967,Not in California
Outside California,2020-12-24,807,12775,613,12350,194,425,0,0,807,12773,0,1,807,12774,Not in California
Outside California,2020-12-25,35,12810,30,12380,5,430,0,0,35,12808,0,1,35,12809,Not in California
Outside California,2020-12-26,307,13117,205,12585,102,532,0,0,307,13115,0,1,307,13116,Not in California
Outside California,2020-12-27,189,13306,72,12657,117,649,0,0,189,13304,0,1,189,13305,Not in California
Outside California,2020-12-28,1420,14726,900,13557,520,1169,0,0,1420,14724,0,1,1420,14725,Not in California
Outside California,2020-12-29,1540,16266,1021,14578,519,1688,0,0,1540,16264,0,1,1540,16265,Not in California
Outside California,2020-12-30,1879,18145,1228,15806,651,2339,0,0,1879,18143,0,1,1879,18144,Not in California
Outside California,2020-12-31,1097,19242,602,16408,495,2834,0,0,1096,19238,1,2,1096,19240,Not in California
Outside California,2021-01-01,112,19354,25,16433,87,2921,0,0,112,19350,0,2,112,19352,Not in California
Outside California,2021-01-02,240,19594,133,16566,107,3028,0,0,239,19588,1,3,239,19591,Not in California
Outside California,2021-01-03,172,19766,91,16657,81,3109,0,0,172,19760,0,3,172,19763,Not in California
Outside California,2021-01-04,1150,20916,508,17165,642,3751,0,0,1145,20904,1,4,1145,20908,Not in California
Outside California,2021-01-05,1550,22466,821,17986,729,4480,0,0,1357,22071,191,195,1358,22266,Not in California
Outside California,2021-01-06,2704,25170,1598,19584,1106,5586,0,0,1960,23290,741,936,1960,24226,Not in California
Outside California,2021-01-07,4159,29329,2540,22124,1619,7205,0,0,2496,24130,1661,2597,2501,26727,Not in California
Outside California,2021-01-08,4501,33830,2920,25044,1581,8786,0,0,2620,24884,1871,4468,2625,29352,Not in California
Outside California,2021-01-09,1307,35137,530,25574,777,9563,0,0,979,25538,327,4795,981,30333,Not in California
Outside California,2021-01-10,300,35437,183,25757,117,9680,0,0,178,25594,122,4917,178,30511,Not in California
Outside California,2021-01-11,3290,38727,2005,27762,1285,10965,0,0,1956,26216,1334,6251,1956,32467,Not in California
Outside California,2021-01-12,3862,42589,2312,30074,1550,12515,0,0,2310,26981,1548,7799,2313,34780,Not in California
Outside California,2021-01-13,3673,46262,1804,31878,1869,14384,0,0,2488,28287,1185,8984,2491,37271,Not in California
Outside California,2021-01-14,3713,49975,1282,33160,2431,16815,0,0,3069,30727,631,9615,3071,40342,Not in California
Outside California,2021-01-15,4209,54184,1000,34160,3209,20024,0,0,3738,34007,458,10073,3738,44080,Not in California
Outside California,2021-01-16,2690,56874,387,34547,2303,22327,0,0,2514,36347,174,10247,2514,46594,Not in California
Outside California,2021-01-17,501,57375,153,34700,348,22675,0,0,451,36748,50,10297,451,47045,Not in California
Outside California,2021-01-18,1203,58578,770,35470,433,23108,0,0,749,37044,453,10750,749,47794,Not in California
Outside California,2021-01-19,4068,62646,1324,36794,2744,25852,0,0,3177,39334,891,11641,3181,50975,Not in California
Outside California,2021-01-20,4414,67060,1411,38205,3003,28855,0,0,3476,41877,934,12575,3477,54452,Not in California
Outside California,2021-01-21,4174,71234,1140,39345,3034,31889,0,0,3608,44936,551,13126,3610,58062,Not in California
Outside California,2021-01-22,4574,75808,1100,40445,3474,35363,0,0,4169,48706,401,13527,4171,62233,Not in California
Outside California,2021-01-23,2225,78033,337,40782,1888,37251,0,0,2064,50609,161,13688,2064,64297,Not in California
Outside California,2021-01-24,592,78625,238,41020,354,37605,0,0,514,51045,78,13766,514,64811,Not in California
Outside California,2021-01-25,4458,83083,1928,42948,2530,40135,0,0,3589,53769,866,14632,3590,68401,Not in California
Outside California,2021-01-26,5839,88922,2824,45772,3015,43150,0,0,4987,57914,851,15483,4996,73397,Not in California
Outside California,2021-01-27,4831,93753,2498,48270,2333,45483,0,0,4205,61499,622,16105,4207,77604,Not in California
Outside California,2021-01-28,5046,98799,2688,50958,2358,47841,0,0,4516,65496,520,16625,4517,82121,Not in California
Outside California,2021-01-29,4740,103539,2931,53889,1809,49650,0,0,3937,68640,795,17420,3939,86060,Not in California
Outside California,2021-01-30,4296,107835,2281,56170,2015,51665,0,0,4065,72477,229,17649,4066,90126,Not in California
Outside California,2021-01-31,2888,110723,2482,58652,406,52071,0,0,2834,75259,53,17702,2835,92961,Not in California
Outside California,2021-02-01,5350,116073,2470,61122,2880,54951,0,0,4643,79203,699,18401,4643,97604,Not in California
Outside California,2021-02-02,6616,122689,2068,63190,4548,59499,0,0,5899,84392,710,19111,5899,103503,Not in California
Outside California,2021-02-03,7221,129910,1991,65181,5230,64729,0,0,6347,89873,867,19978,6348,109851,Not in California
Outside California,2021-02-04,6674,136584,2059,67240,4615,69344,0,0,5675,94559,990,20968,5676,115527,Not in California
Outside California,2021-02-05,6673,143257,2099,69339,4574,73918,0,0,5594,99080,1073,22041,5594,121121,Not in California
Outside California,2021-02-06,4237,147494,1972,71311,2265,76183,0,0,3772,102399,456,22497,3775,124896,Not in California
Outside California,2021-02-07,2029,149523,1642,72953,387,76570,0,0,1951,104274,78,22575,1953,126849,Not in California
Outside California,2021-02-08,4938,154461,2975,75928,1963,78533,0,0,3876,107099,1051,23626,3876,130725,Not in California
Outside California,2021-02-09,4116,158577,1763,77691,2353,80886,0,0,2816,108639,1290,24916,2830,133555,Not in California
Outside California,2021-02-10,5470,164047,1812,79503,3658,84544,0,0,3034,109286,2428,27344,3075,136630,Not in California
Outside California,2021-02-11,4712,168759,2135,81638,2577,87121,0,0,3403,111408,1299,28643,3421,140051,Not in California
Outside California,2021-02-12,5195,173954,1901,83539,3294,90415,0,0,3369,112968,1813,30456,3373,143424,Not in California
Outside California,2021-02-13,2368,176322,686,84225,1682,92097,0,0,1811,114235,556,31012,1823,145247,Not in California
Outside California,2021-02-14,1309,177631,387,84612,922,93019,0,0,1069,115070,236,31248,1071,146318,Not in California
Outside California,2021-02-15,2469,180100,1466,86078,1003,94022,0,0,1204,115025,1252,32500,1207,147525,Not in California
Outside California,2021-02-16,6281,186381,2753,88831,3528,97550,0,0,2544,113847,3726,36226,2548,150073,Not in California
Outside California,2021-02-17,5745,192126,2792,91623,2953,100503,0,0,1819,111750,3921,40147,1824,151897,Not in California
Outside California,2021-02-18,6220,198346,3525,95148,2695,103198,0,0,2045,109638,4157,44304,2045,153942,Not in California
Outside California,2021-02-19,5515,203861,3771,98919,1744,104942,0,0,2391,108912,3119,47423,2393,156335,Not in California
Outside California,2021-02-20,3176,207037,2526,101445,650,105592,0,0,1241,108223,1931,49354,1242,157577,Not in California
Outside California,2021-02-21,2574,209611,2357,103802,217,105809,0,0,844,107343,1725,51079,845,158422,Not in California
Outside California,2021-02-22,3377,212988,2438,106240,939,106748,0,0,1630,107233,1744,52823,1634,160056,Not in California
Outside California,2021-02-23,5874,218862,3269,109509,2605,109353,0,0,2328,106036,3539,56362,2342,162398,Not in California
Outside California,2021-02-24,6281,225143,3445,112954,2836,112189,0,0,2452,104670,3823,60185,2457,164855,Not in California
Outside California,2021-02-25,6766,231909,3411,116365,3355,115544,0,0,3064,104066,3672,63857,3068,167923,Not in California
Outside California,2021-02-26,6711,238620,3503,119868,3208,118752,0,0,3092,103621,3538,67395,3093,171016,Not in California
Outside California,2021-02-27,5334,243954,2621,122489,2712,121464,1,1,1878,102058,3445,70840,1882,172898,Not in California
Outside California,2021-02-28,2273,246227,1620,124109,652,122116,1,2,795,101379,1476,72316,797,173695,Not in California
Outside California,2021-03-01,4647,250874,2857,126966,1789,123905,1,3,1347,99440,3292,75608,1353,175048,Not in California
Outside California,2021-03-02,6588,257462,2369,129335,4219,128124,0,3,2059,96984,4517,80125,2061,177109,Not in California
Outside California,2021-03-03,7801,265263,3002,132337,4797,132921,2,5,2669,94541,5118,85243,2675,179784,Not in California
Outside California,2021-03-04,6702,271965,2798,135135,3898,136819,6,11,2310,92483,4376,89619,2318,182102,Not in California
Outside California,2021-03-05,5222,277187,2615,137750,2593,139412,14,25,2721,92736,2490,92109,2743,184845,Not in California
Outside California,2021-03-06,4567,281754,2103,139853,2309,141721,155,180,2329,92993,2236,94345,2493,187338,Not in California
Outside California,2021-03-07,1566,283320,1002,140855,507,142228,57,237,960,93407,605,94950,1019,188357,Not in California
Outside California,2021-03-08,3084,286404,1833,142688,1015,143243,236,473,2193,94981,862,95812,2436,190793,Not in California
Outside California,2021-03-09,4671,291075,2407,145095,1962,145205,302,775,2778,96172,1889,97701,3080,193873,Not in California
Outside California,2021-03-10,4361,295436,2092,147187,1767,146972,502,1277,2704,97737,1648,99349,3213,197086,Not in California
Outside California,2021-03-11,6108,301544,3129,150316,2314,149286,665,1942,3301,98903,2801,102150,3967,201053,Not in California
Outside California,2021-03-12,6425,307969,3871,154187,1835,151121,719,2661,3567,100344,2850,105000,4291,205344,Not in California
Outside California,2021-03-13,3744,311713,2179,156366,1110,152231,455,3116,2561,102193,1175,106175,3024,208368,Not in California
Outside California,2021-03-14,1792,313505,930,157296,524,152755,338,3454,982,102705,809,106984,1321,209689,Not in California
Outside California,2021-03-15,4020,317525,2111,159407,1448,154203,461,3915,2151,103457,1864,108848,2616,212305,Not in California
Outside California,2021-03-16,7504,325029,4369,163776,2751,156954,384,4299,4180,104696,3321,112169,4560,216865,Not in California
Outside California,2021-03-17,8395,333424,5444,169220,2579,159533,372,4671,5052,106782,3339,115508,5425,222290,Not in California
Outside California,2021-03-18,8299,341723,5127,174347,2634,162167,538,5209,4805,108639,3486,118994,5343,227633,Not in California
Outside California,2021-03-19,7315,349038,4336,178683,2434,164601,545,5754,4387,110652,2923,121917,4936,232569,Not in California
Outside California,2021-03-20,4740,353778,3131,181814,1522,166123,87,5841,3632,113272,1100,123017,3720,236289,Not in California
Outside California,2021-03-21,2073,355851,1426,183240,560,166683,87,5928,1658,114604,413,123430,1745,238034,Not in California
Outside California,2021-03-22,3248,359099,1958,185198,1201,167884,89,6017,2229,115909,1013,124443,2318,240352,Not in California
Outside California,2021-03-23,6065,365164,3090,188288,2672,170556,303,6320,4117,118395,1934,126377,4420,244772,Not in California
Outside California,2021-03-24,7334,372498,3765,192053,3121,173677,448,6768,5069,121652,2258,128635,5515,250287,Not in California
Outside California,2021-03-25,8273,380771,3847,195900,3902,177579,524,7292,6024,125963,2237,130872,6548,256835,Not in California
Outside California,2021-03-26,6656,387427,3521,199421,2962,180541,173,7465,4399,128302,2232,133104,4571,261406,Not in California
Outside California,2021-03-27,5534,392961,3112,202533,2208,182749,214,7679,3478,129946,2047,135151,3691,265097,Not in California
Outside California,2021-03-28,3075,396036,1647,204180,1267,184016,161,7840,1986,131009,1084,136235,2147,267244,Not in California
Outside California,2021-03-29,5155,401191,2290,206470,2521,186537,344,8184,2944,132089,2208,138443,3288,270532,Not in California
Outside California,2021-03-30,6870,408061,3619,210089,2687,189224,564,8748,4057,133914,2803,141246,4628,275160,Not in California
Outside California,2021-03-31,6335,414396,3786,213875,1771,190995,778,9526,3364,135088,2965,144211,4139,279299,Not in California
Outside California,2021-04-01,7504,421900,4488,218363,2370,193365,646,10172,4332,136893,3164,147375,4969,284268,Not in California
Outside California,2021-04-02,8481,430381,4531,222894,2807,196172,1143,11315,4396,138354,4076,151451,5537,289805,Not in California
Outside California,2021-04-03,6189,436570,3692,226586,1340,197512,1157,12472,3267,139863,2914,154365,4423,294228,Not in California
Outside California,2021-04-04,1776,438346,873,227459,669,198181,234,12706,972,140264,803,155168,1204,295432,Not in California
Outside California,2021-04-05,4110,442456,1985,229444,1460,199641,665,13371,1955,140733,2150,157318,2619,298051,Not in California
Outside California,2021-04-06,7164,449620,3861,233305,1664,201305,1639,15010,2877,140974,4271,161589,4512,302563,Not in California
Outside California,2021-04-07,8203,457823,4615,237920,1891,203196,1697,16707,3186,140838,5010,166599,4874,307437,Not in California
Outside California,2021-04-08,8166,465989,4250,242170,1974,205170,1942,18649,3211,141034,4945,171544,5141,312578,Not in California
Outside California,2021-04-09,7546,473535,3875,246045,1713,206883,1958,20607,2900,141281,4637,176181,4884,317462,Not in California
Outside California,2021-04-10,6141,479676,3037,249082,1242,208125,1862,22469,1724,140451,4408,180589,3578,321040,Not in California
Outside California,2021-04-11,2837,482513,1547,250629,650,208775,640,23109,953,140165,1881,182470,1595,322635,Not in California
Outside California,2021-04-12,4105,486618,2285,252914,1265,210040,555,23664,1809,140244,2288,184758,2367,325002,Not in California
Outside California,2021-04-13,5793,492411,3709,256623,2059,212099,25,23689,2986,140456,2801,187559,3013,328015,Not in California
Outside California,2021-04-14,5324,497735,3377,260000,1943,214042,4,23693,2890,140926,2429,189988,2899,330914,Not in California
Outside California,2021-04-15,6141,503876,3873,263873,2262,216304,6,23699,3293,141436,2794,192782,3304,334218,Not in California
Outside California,2021-04-16,5841,509717,3344,267217,2491,218795,6,23705,3244,142101,2587,195369,3252,337470,Not in California
Outside California,2021-04-17,5416,515133,3382,270599,2033,220828,1,23706,3103,142899,2305,197674,3103,340573,Not in California
Outside California,2021-04-18,2100,517233,1171,271770,928,221756,1,23707,999,142805,1095,198769,1001,341574,Not in California
Outside California,2021-04-19,4122,521355,1989,273759,2132,223888,1,23708,2117,142931,1995,200764,2121,343695,Not in California
Outside California,2021-04-20,5359,526714,2439,276198,2920,226808,0,23708,2189,141958,3162,203926,2189,345884,Not in California
Outside California,2021-04-21,6356,533070,2657,278855,3695,230503,4,23712,2245,140116,4091,208017,2249,348133,Not in California
Outside California,2021-04-22,6729,539799,3428,282283,3297,233800,4,23716,2435,138275,4282,212299,2441,350574,Not in California
Outside California,2021-04-23,5844,545643,2968,285251,2875,236675,1,23717,2369,137187,3460,215759,2372,352946,Not in California
Outside California,2021-04-24,4534,550177,2945,288196,1584,238259,5,23722,1789,136244,2740,218499,1797,354743,Not in California
Outside California,2021-04-25,2205,552382,1246,289442,957,239216,2,23724,1165,136378,1036,219535,1170,355913,Not in California
Outside California,2021-04-26,4082,556464,1792,291234,2264,241480,26,23750,1858,136046,2216,221751,1884,357797,Not in California
Outside California,2021-04-27,5643,562107,2077,293311,3198,244678,368,24118,1986,134760,3648,225399,2362,360159,Not in California
Outside California,2021-04-28,4843,566950,2054,295365,2395,247073,394,24512,1898,134114,2933,228332,2287,362446,Not in California
Outside California,2021-04-29,4822,571772,2205,297570,2186,249259,431,24943,1808,133360,2993,231325,2239,364685,Not in California
Outside California,2021-04-30,4888,576660,2351,299921,2118,251377,419,25362,1829,132565,3046,234371,2251,366936,Not in California
Outside California,2021-05-01,3159,579819,1821,301742,910,252287,428,25790,1253,132350,1896,236267,1681,368617,Not in California
Outside California,2021-05-02,1858,581677,1081,302823,654,252941,123,25913,836,132289,1020,237287,959,369576,Not in California
Outside California,2021-05-03,2871,584548,1560,304383,1030,253971,281,26194,1118,131939,1749,239036,1399,370975,Not in California
Outside California,2021-05-04,3925,588473,2099,306482,1385,255356,441,26635,1315,131089,2604,241640,1754,372729,Not in California
Outside California,2021-05-05,4267,592740,2328,308810,1572,256928,367,27002,1514,130229,2744,244384,1884,374613,Not in California
Outside California,2021-05-06,4466,597206,2734,311544,1393,258321,339,27341,1575,129258,2885,247269,1914,376527,Not in California
Outside California,2021-05-07,4625,601831,2603,314147,1635,259956,387,27728,1663,128359,2949,250218,2050,378577,Not in California
Outside California,2021-05-08,3336,605167,2211,316358,880,260836,245,27973,1204,127686,2123,252341,1450,380027,Not in California
Outside California,2021-05-09,1364,606531,906,317264,335,261171,123,28096,590,127628,770,253111,712,380739,Not in California
Outside California,2021-05-10,2614,609145,1184,318448,1102,262273,328,28424,1002,127354,1606,254717,1332,382071,Not in California
Outside California,2021-05-11,2949,612094,1392,319840,1261,263534,296,28720,1129,126963,1819,256536,1428,383499,Not in California
Outside California,2021-05-12,3137,615231,1478,321318,1330,264864,329,29049,1244,126646,1888,258424,1571,385070,Not in California
Outside California,2021-05-13,3121,618352,1795,323113,1121,265985,205,29254,1398,126532,1716,260140,1602,386672,Not in California
Outside California,2021-05-14,3538,621890,1989,325102,1311,267296,238,29492,1622,126485,1909,262049,1862,388534,Not in California
Outside California,2021-05-15,2636,624526,1548,326650,945,268241,143,29635,1156,126312,1475,263524,1302,389836,Not in California
Outside California,2021-05-16,1625,626151,1036,327686,520,268761,69,29704,746,126251,876,264400,815,390651,Not in California
Outside California,2021-05-17,3078,629229,1647,329333,1199,269960,232,29936,1366,126142,1708,266108,1599,392250,Not in California
Outside California,2021-05-18,3226,632455,1636,330969,1277,271237,313,30249,1473,126189,1742,267850,1789,394039,Not in California
Outside California,2021-05-19,3328,635783,1689,332658,1372,272609,267,30516,1496,126126,1826,269676,1763,395802,Not in California
Outside California,2021-05-20,2814,638597,1549,334207,1043,273652,222,30738,1290,126124,1517,271193,1515,397317,Not in California
Outside California,2021-05-21,2859,641456,1615,335822,1005,274657,239,30977,1255,126026,1594,272787,1496,398813,Not in California
Outside California,2021-05-22,2393,643849,1639,337461,564,275221,190,31167,1387,126600,1001,273788,1575,400388,Not in California
Outside California,2021-05-23,1432,645281,966,338427,391,275612,75,31242,717,126679,714,274502,793,401181,Not in California
Outside California,2021-05-24,2434,647715,1188,339615,899,276511,347,31589,1112,126824,1314,275816,1459,402640,Not in California
Outside California,2021-05-25,2365,650080,1104,340719,934,277445,327,31916,1035,126864,1320,277136,1360,404000,Not in California
Outside California,2021-05-26,2353,652433,1087,341806,914,278359,352,32268,995,126861,1351,278487,1348,405348,Not in California
Outside California,2021-05-27,2177,654610,1098,342904,793,279152,286,32554,1024,127020,1150,279637,1309,406657,Not in California
Outside California,2021-05-28,2404,657014,1208,344112,847,279999,349,32903,1107,127187,1290,280927,1457,408114,Not in California
Outside California,2021-05-29,1678,658692,850,344962,472,280471,356,33259,736,127341,938,281865,1092,409206,Not in California
Outside California,2021-05-30,911,659603,558,345520,229,280700,124,33383,464,127486,444,282309,589,409795,Not in California
Outside California,2021-05-31,417,660020,182,345702,196,280896,39,33422,178,127477,227,282536,218,410013,Not in California
Outside California,2021-06-01,2108,662128,1099,346801,709,281605,300,33722,1045,127764,1059,283595,1346,411359,Not in California
Outside California,2021-06-02,2086,664214,1076,347877,666,282271,344,34066,1022,128076,1054,284649,1366,412725,Not in California
Outside California,2021-06-03,2186,666400,1219,349096,657,282928,310,34376,1017,128240,1162,285811,1326,414051,Not in California
Outside California,2021-06-04,2725,669125,1512,350608,890,283818,323,34699,1112,128068,1606,287417,1434,415485,Not in California
Outside California,2021-06-05,1902,671027,1285,351893,445,284263,172,34871,816,127974,1082,288499,988,416473,Not in California
Outside California,2021-06-06,946,671973,701,352594,160,284423,85,34956,457,128028,488,288987,542,417015,Not in California
Outside California,2021-06-07,2075,674048,1107,353701,630,285053,338,35294,841,127982,1224,290211,1178,418193,Not in California
Outside California,2021-06-08,2142,676190,1262,354963,534,285587,346,35640,857,127905,1278,291489,1201,419394,Not in California
Outside California,2021-06-09,1084,677274,553,355516,298,285885,233,35873,388,127831,694,292183,620,420014,Not in California
Unknown,2020-12-17,2,2,2,2,0,0,0,0,0,0,0,0,0,0,Not in California
Unknown,2020-12-18,1,3,1,3,0,0,0,0,0,0,0,0,0,0,Not in California
Unknown,2020-12-21,4,7,4,7,0,0,0,0,0,0,0,0,0,0,Not in California
Unknown,2020-12-28,2,9,2,9,0,0,0,0,2,2,0,0,2,2,Not in California
Unknown,2020-12-29,1,10,1,10,0,0,0,0,1,3,0,0,1,3,Not in California
Unknown,2020-12-30,54,64,54,64,0,0,0,0,54,57,0,0,54,57,Not in California
Unknown,2020-12-31,1,65,0,64,1,1,0,0,0,57,0,0,0,57,Not in California
Unknown,2021-01-02,1,66,0,64,1,2,0,0,1,58,0,0,1,58,Not in California
Unknown,2021-01-04,2,68,2,66,0,2,0,0,1,59,0,0,1,59,Not in California
Unknown,2021-01-06,6,74,4,70,2,4,0,0,6,65,0,0,6,65,Not in California
Unknown,2021-01-07,69,143,68,138,1,5,0,0,69,134,0,0,69,134,Not in California
Unknown,2021-01-09,1,144,1,139,0,5,0,0,2,136,0,0,2,136,Not in California
Unknown,2021-01-11,19,163,19,158,0,5,0,0,18,154,0,0,18,154,Not in California
Unknown,2021-01-12,8,171,7,165,1,6,0,0,6,160,1,1,7,161,Not in California
Unknown,2021-01-13,7,178,7,172,0,6,0,0,8,168,0,1,8,169,Not in California
Unknown,2021-01-14,3,181,3,175,0,6,0,0,3,171,0,1,3,172,Not in California
Unknown,2021-01-15,5,186,4,179,1,7,0,0,5,176,0,1,5,177,Not in California
Unknown,2021-01-16,6,192,6,185,0,7,0,0,6,182,0,1,6,183,Not in California
Unknown,2021-01-17,2,194,2,187,0,7,0,0,2,184,0,1,2,185,Not in California
Unknown,2021-01-18,34,228,34,221,0,7,0,0,33,216,1,2,33,218,Not in California
Unknown,2021-01-19,13,241,13,234,0,7,0,0,12,228,0,2,12,230,Not in California
Unknown,2021-01-20,67,308,67,301,0,7,0,0,17,193,52,54,17,247,Not in California
Unknown,2021-01-21,38,346,36,337,2,9,0,0,39,231,1,55,39,286,Not in California
Unknown,2021-01-22,23,369,18,355,5,14,0,0,23,254,0,55,23,309,Not in California
Unknown,2021-01-23,11,380,5,360,6,20,0,0,11,265,0,55,11,320,Not in California
Unknown,2021-01-24,2,382,2,362,0,20,0,0,3,268,0,55,3,323,Not in California
Unknown,2021-01-25,13,395,11,373,2,22,0,0,11,277,2,57,11,334,Not in California
Unknown,2021-01-26,59,454,59,432,0,22,0,0,62,339,0,57,62,396,Not in California
Unknown,2021-01-27,14,468,14,446,0,22,0,0,13,351,1,58,13,409,Not in California
Unknown,2021-01-28,117,585,115,561,2,24,0,0,61,353,59,117,61,470,Not in California
Unknown,2021-01-29,127,712,127,688,0,24,0,0,131,483,1,118,131,601,Not in California
Unknown,2021-01-30,9,721,7,695,2,26,0,0,12,494,1,119,12,613,Not in California
Unknown,2021-01-31,10,731,10,705,0,26,0,0,11,505,0,119,11,624,Not in California
Unknown,2021-02-01,35,766,33,738,2,28,0,0,19,506,18,137,19,643,Not in California
Unknown,2021-02-02,42,808,41,779,1,29,0,0,37,539,4,141,37,680,Not in California
Unknown,2021-02-03,21,829,20,799,1,30,0,0,13,544,8,149,13,693,Not in California
Unknown,2021-02-04,43,872,39,838,4,34,0,0,39,579,4,153,39,732,Not in California
Unknown,2021-02-05,16,888,12,850,4,38,0,0,12,587,4,157,12,744,Not in California
Unknown,2021-02-06,10,898,10,860,0,38,0,0,6,587,6,163,6,750,Not in California
Unknown,2021-02-07,5,903,5,865,0,38,0,0,5,592,0,163,5,755,Not in California
Unknown,2021-02-08,31,934,29,894,2,40,0,0,8,577,23,186,8,763,Not in California
Unknown,2021-02-09,13,947,13,907,0,40,0,0,5,573,9,195,5,768,Not in California
Unknown,2021-02-10,20,967,16,923,4,44,0,0,9,569,13,208,9,777,Not in California
Unknown,2021-02-11,48,1015,47,970,1,45,0,0,21,562,28,236,21,798,Not in California
Unknown,2021-02-12,21,1036,17,987,4,49,0,0,6,553,15,251,6,804,Not in California
Unknown,2021-02-13,9,1045,2,989,7,56,0,0,7,558,2,253,7,811,Not in California
Unknown,2021-02-14,3,1048,1,990,2,58,0,0,2,559,1,254,2,813,Not in California
Unknown,2021-02-15,35,1083,30,1020,5,63,0,0,26,578,7,261,26,839,Not in California
Unknown,2021-02-16,65,1148,56,1076,9,72,0,0,25,563,40,301,25,864,Not in California
Unknown,2021-02-17,7,1155,5,1081,2,74,0,0,2,561,4,305,2,866,Not in California
Unknown,2021-02-18,61,1216,56,1137,5,79,0,0,12,524,49,354,12,878,Not in California
Unknown,2021-02-19,160,1376,155,1292,5,84,0,0,41,447,118,472,41,919,Not in California
Unknown,2021-02-20,4,1380,4,1296,0,84,0,0,0,443,4,476,0,919,Not in California
Unknown,2021-02-21,9,1389,9,1305,0,84,0,0,0,434,9,485,0,919,Not in California
Unknown,2021-02-22,2,1391,2,1307,0,84,0,0,1,434,1,486,1,920,Not in California
Unknown,2021-02-23,44,1435,32,1339,12,96,0,0,12,415,31,517,12,932,Not in California
Unknown,2021-02-24,20,1455,13,1352,7,103,0,0,10,415,10,527,10,942,Not in California
Unknown,2021-02-25,53,1508,40,1392,13,116,0,0,20,401,34,561,20,962,Not in California
Unknown,2021-02-26,33,1541,20,1412,13,129,0,0,18,406,13,574,18,980,Not in California
Unknown,2021-02-27,15,1556,10,1422,5,134,0,0,9,411,4,578,9,989,Not in California
Unknown,2021-02-28,15,1571,12,1434,3,137,0,0,8,414,5,583,8,997,Not in California
Unknown,2021-03-01,26,1597,12,1446,14,151,0,0,13,415,12,595,13,1010,Not in California
Unknown,2021-03-02,17,1614,5,1451,12,163,0,0,11,421,5,600,11,1021,Not in California
Unknown,2021-03-03,7,1621,3,1454,4,167,0,0,5,425,1,601,5,1026,Not in California
Unknown,2021-03-04,24,1645,21,1475,3,170,0,0,9,420,14,615,9,1035,Not in California
Unknown,2021-03-05,18,1663,9,1484,9,179,0,0,16,432,4,619,16,1051,Not in California
Unknown,2021-03-06,15,1678,9,1493,4,183,2,2,14,445,3,622,16,1067,Not in California
Unknown,2021-03-08,29,1707,22,1515,6,189,1,3,7,431,22,644,8,1075,Not in California
Unknown,2021-03-09,26,1733,21,1536,2,191,3,6,7,420,21,665,10,1085,Not in California
Unknown,2021-03-10,8,1741,5,1541,1,192,2,8,5,423,4,669,7,1092,Not in California
Unknown,2021-03-11,24,1765,8,1549,2,194,14,22,6,425,18,687,20,1112,Not in California
Unknown,2021-03-12,52,1817,39,1588,8,202,5,27,11,400,41,728,16,1128,Not in California
Unknown,2021-03-13,14,1831,3,1591,7,209,4,31,5,399,10,738,9,1137,Not in California
Unknown,2021-03-14,7,1838,2,1593,3,212,2,33,3,400,4,742,5,1142,Not in California
Unknown,2021-03-15,23,1861,6,1599,15,227,2,35,15,408,9,751,17,1159,Not in California
Unknown,2021-03-16,37,1898,13,1612,20,247,4,39,19,414,17,768,23,1182,Not in California
Unknown,2021-03-17,33,1931,12,1624,20,267,1,40,28,440,3,771,29,1211,Not in California
Unknown,2021-03-18,26,1957,14,1638,12,279,0,40,14,444,10,781,14,1225,Not in California
Unknown,2021-03-19,22,1979,13,1651,9,288,0,40,16,453,7,788,16,1241,Not in California
Unknown,2021-03-20,19,1998,11,1662,8,296,0,40,10,456,7,795,10,1251,Not in California
Unknown,2021-03-21,14,2012,9,1671,5,301,0,40,12,466,2,797,12,1263,Not in California
Unknown,2021-03-22,25,2037,9,1680,15,316,1,41,11,469,9,806,12,1275,Not in California
Unknown,2021-03-23,21,2058,7,1687,9,325,5,46,10,474,10,816,15,1290,Not in California
Unknown,2021-03-24,20,2078,7,1694,13,338,0,46,15,484,5,821,15,1305,Not in California
Unknown,2021-03-25,24,2102,12,1706,12,350,0,46,17,495,6,827,17,1322,Not in California
Unknown,2021-03-26,26,2128,12,1718,9,359,5,51,13,502,11,838,18,1340,Not in California
Unknown,2021-03-27,28,2156,14,1732,11,370,3,54,16,505,16,854,19,1359,Not in California
Unknown,2021-03-28,13,2169,5,1737,8,378,0,54,10,512,3,857,10,1369,Not in California
Unknown,2021-03-29,27,2196,10,1747,16,394,1,55,18,523,8,865,19,1388,Not in California
Unknown,2021-03-30,25,2221,13,1760,12,406,0,55,17,532,8,873,17,1405,Not in California
Unknown,2021-03-31,26,2247,14,1774,12,418,0,55,20,544,8,881,20,1425,Not in California
Unknown,2021-04-01,17,2264,12,1786,5,423,0,55,13,554,3,884,13,1438,Not in California
Unknown,2021-04-02,35,2299,14,1800,12,435,9,64,15,558,20,904,24,1462,Not in California
Unknown,2021-04-03,18,2317,8,1808,10,445,0,64,10,559,9,913,10,1472,Not in California
Unknown,2021-04-04,13,2330,4,1812,9,454,0,64,9,565,3,916,9,1481,Not in California
Unknown,2021-04-05,23,2353,11,1823,11,465,1,65,11,566,11,927,12,1493,Not in California
Unknown,2021-04-06,18,2371,11,1834,6,471,1,66,11,570,8,935,12,1505,Not in California
Unknown,2021-04-07,31,2402,20,1854,10,481,1,67,25,590,6,941,26,1531,Not in California
Unknown,2021-04-08,30,2432,17,1871,7,488,6,73,14,595,17,958,22,1553,Not in California
Unknown,2021-04-09,26,2458,18,1889,8,496,0,73,21,610,6,964,21,1574,Not in California
Unknown,2021-04-10,8,2466,7,1896,1,497,0,73,5,610,5,969,5,1579,Not in California
Unknown,2021-04-11,8,2474,5,1901,3,500,0,73,3,609,4,973,3,1582,Not in California
Unknown,2021-04-12,30,2504,16,1917,13,513,1,74,15,608,17,990,16,1598,Not in California
Unknown,2021-04-13,32,2536,16,1933,16,529,0,74,14,603,19,1009,14,1612,Not in California
Unknown,2021-04-14,21,2557,4,1937,17,546,0,74,7,593,17,1026,7,1619,Not in California
Unknown,2021-04-15,26,2583,12,1949,13,559,1,75,14,591,16,1042,14,1633,Not in California
Unknown,2021-04-16,17,2600,9,1958,8,567,0,75,6,587,10,1052,6,1639,Not in California
Unknown,2021-04-17,18,2618,12,1970,6,573,0,75,3,578,13,1065,4,1643,Not in California
Unknown,2021-04-18,15,2633,6,1976,9,582,0,75,7,575,10,1075,7,1650,Not in California
Unknown,2021-04-19,25,2658,14,1990,11,593,0,75,15,578,12,1087,15,1665,Not in California
Unknown,2021-04-20,19,2677,10,2000,9,602,0,75,5,567,16,1103,5,1670,Not in California
Unknown,2021-04-21,32,2709,12,2012,20,622,0,75,19,565,21,1124,19,1689,Not in California
Unknown,2021-04-22,19,2728,11,2023,8,630,0,75,10,560,15,1139,10,1699,Not in California
Unknown,2021-04-23,30,2758,14,2037,16,646,0,75,17,565,12,1151,17,1716,Not in California
Unknown,2021-04-24,20,2778,11,2048,9,655,0,75,15,571,9,1160,15,1731,Not in California
Unknown,2021-04-25,20,2798,9,2057,11,666,0,75,11,571,11,1171,11,1742,Not in California
Unknown,2021-04-26,29,2827,16,2073,13,679,0,75,15,571,15,1186,15,1757,Not in California
Unknown,2021-04-27,48,2875,22,2095,17,696,9,84,20,572,28,1214,29,1786,Not in California
Unknown,2021-04-28,25,2900,18,2113,5,701,2,86,8,564,18,1232,10,1796,Not in California
Unknown,2021-04-29,28,2928,18,2131,10,711,0,86,13,560,17,1249,13,1809,Not in California
Unknown,2021-04-30,25,2953,12,2143,9,720,4,90,17,569,12,1261,21,1830,Not in California
Unknown,2021-05-01,27,2980,21,2164,6,726,0,90,16,574,11,1272,16,1846,Not in California
Unknown,2021-05-02,11,2991,5,2169,6,732,0,90,3,570,7,1279,3,1849,Not in California
Unknown,2021-05-03,22,3013,15,2184,4,736,3,93,6,562,16,1295,8,1857,Not in California
Unknown,2021-05-04,18,3031,8,2192,6,742,4,97,5,556,15,1310,9,1866,Not in California
Unknown,2021-05-05,25,3056,7,2199,17,759,1,98,15,559,13,1323,16,1882,Not in California
Unknown,2021-05-06,28,3084,15,2214,6,765,7,105,10,556,20,1343,17,1899,Not in California
Unknown,2021-05-07,23,3107,12,2226,8,773,3,108,16,561,14,1357,19,1918,Not in California
Unknown,2021-05-08,11,3118,7,2233,2,775,2,110,7,565,5,1362,9,1927,Not in California
Unknown,2021-05-09,16,3134,4,2237,8,783,4,114,10,571,8,1370,14,1941,Not in California
Unknown,2021-05-10,16,3150,9,2246,4,787,3,117,6,567,13,1383,9,1950,Not in California
Unknown,2021-05-11,32,3182,14,2260,10,797,8,125,20,580,15,1398,28,1978,Not in California
Unknown,2021-05-12,67,3249,36,2296,21,818,10,135,49,620,19,1417,59,2037,Not in California
Unknown,2021-05-13,80,3329,46,2342,24,842,10,145,69,683,17,1434,80,2117,Not in California
Unknown,2021-05-14,18,3347,15,2357,2,844,1,146,16,692,7,1441,16,2133,Not in California
Unknown,2021-05-15,16,3363,14,2371,2,846,0,146,17,702,7,1448,17,2150,Not in California
Unknown,2021-05-16,20,3383,14,2385,5,851,1,147,14,710,7,1455,15,2165,Not in California
Unknown,2021-05-17,20,3403,15,2400,3,854,2,149,17,721,8,1463,19,2184,Not in California
Unknown,2021-05-18,30,3433,20,2420,8,862,2,151,24,735,12,1475,26,2210,Not in California
Unknown,2021-05-19,35,3468,26,2446,8,870,1,152,20,740,16,1491,21,2231,Not in California
Unknown,2021-05-20,221,3689,163,2609,53,923,5,157,195,914,26,1517,200,2431,Not in California
Unknown,2021-05-21,164,3853,123,2732,32,955,9,166,145,1048,20,1537,154,2585,Not in California
Unknown,2021-05-22,121,3974,92,2824,28,983,1,167,106,1140,15,1552,107,2692,Not in California
Unknown,2021-05-23,160,4134,123,2947,31,1014,6,173,144,1274,16,1568,150,2842,Not in California
Unknown,2021-05-24,8,4142,5,2952,2,1016,1,174,4,1275,4,1572,5,2847,Not in California
Unknown,2021-05-25,17,4159,6,2958,5,1021,6,180,8,1280,9,1581,14,2861,Not in California
Unknown,2021-05-26,10,4169,7,2965,2,1023,1,181,5,1281,5,1586,6,2867,Not in California
Unknown,2021-05-27,22,4191,15,2980,5,1028,2,183,9,1280,12,1598,11,2878,Not in California
Unknown,2021-05-28,23,4214,13,2993,5,1033,5,188,13,1288,10,1608,18,2896,Not in California
Unknown,2021-05-29,11,4225,10,3003,1,1034,0,188,7,1291,4,1612,7,2903,Not in California
Unknown,2021-05-30,6,4231,4,3007,1,1035,1,189,3,1292,3,1615,4,2907,Not in California
Unknown,2021-05-31,1,4232,1,3008,0,1035,0,189,0,1291,1,1616,0,2907,Not in California
Unknown,2021-06-01,28,4260,16,3024,6,1041,6,195,16,1301,12,1628,22,2929,Not in California
Unknown,2021-06-02,7,4267,3,3027,4,1045,0,195,3,1300,4,1632,3,2932,Not in California
Unknown,2021-06-03,98,4365,92,3119,6,1051,0,195,77,1356,21,1653,77,3009,Not in California
Unknown,2021-06-04,340,4705,278,3397,57,1108,5,200,300,1621,40,1693,305,3314,Not in California
Unknown,2021-06-05,308,5013,255,3652,45,1153,8,208,279,1879,29,1722,287,3601,Not in California
Unknown,2021-06-06,227,5240,204,3856,11,1164,12,220,191,2046,36,1758,203,3804,Not in California
Unknown,2021-06-07,301,5541,226,4082,67,1231,8,228,267,2287,34,1792,275,4079,Not in California
Unknown,2021-06-08,273,5814,214,4296,51,1282,8,236,234,2491,38,1830,242,4321,Not in California
Unknown,2021-06-09,7,5821,3,4299,4,1286,0,236,5,2494,2,1832,5,4326,Not in California
Alameda,2020-12-15,37,37,37,37,0,0,0,0,37,37,0,0,37,37,California
Alameda,2020-12-16,209,246,209,246,0,0,0,0,209,246,0,0,209,246,California
Alameda,2020-12-17,506,752,506,752,0,0,0,0,506,752,0,0,506,752,California
Alameda,2020-12-18,1917,2669,1916,2668,1,1,0,0,1917,2669,0,0,1917,2669,California
Alameda,2020-12-19,1427,4096,1427,4095,0,1,0,0,1427,4096,0,0,1427,4096,California
Alameda,2020-12-20,1181,5277,1180,5275,1,2,0,0,1180,5275,1,1,1180,5276,California
Alameda,2020-12-21,1852,7129,1850,7125,2,4,0,0,1851,7126,0,1,1851,7127,California
Alameda,2020-12-22,2102,9231,2049,9174,53,57,0,0,2101,9227,0,1,2101,9228,California
Alameda,2020-12-23,1930,11161,1672,10846,258,315,0,0,1931,11158,0,1,1931,11159,California
Alameda,2020-12-24,1216,12377,759,11605,457,772,0,0,1216,12374,0,1,1216,12375,California
Alameda,2020-12-25,165,12542,128,11733,37,809,0,0,165,12539,0,1,165,12540,California
Alameda,2020-12-26,859,13401,324,12057,535,1344,0,0,859,13398,0,1,859,13399,California
Alameda,2020-12-27,495,13896,254,12311,241,1585,0,0,495,13893,0,1,495,13894,California
Alameda,2020-12-28,1872,15768,957,13268,915,2500,0,0,1872,15765,0,1,1872,15766,California
Alameda,2020-12-29,2480,18248,1076,14344,1404,3904,0,0,2479,18244,0,1,2479,18245,California
Alameda,2020-12-30,3080,21328,1322,15666,1758,5662,0,0,3080,21324,0,1,3080,21325,California
Alameda,2020-12-31,1797,23125,447,16113,1350,7012,0,0,1795,23118,1,2,1795,23120,California
Alameda,2021-01-01,175,23300,73,16186,102,7114,0,0,174,23291,1,3,174,23294,California
Alameda,2021-01-02,730,24030,527,16713,203,7317,0,0,729,24020,0,3,729,24023,California
Alameda,2021-01-03,339,24369,219,16932,120,7437,0,0,333,24347,6,9,333,24356,California
Alameda,2021-01-04,1640,26009,937,17869,703,8140,0,0,1603,25914,36,45,1603,25959,California
Alameda,2021-01-05,2208,28217,1278,19147,930,9070,0,0,1953,27615,252,297,1953,27912,California
Alameda,2021-01-06,3263,31480,1802,20949,1461,10531,0,0,2387,29131,873,1170,2389,30301,California
Alameda,2021-01-07,3812,35292,2146,23095,1666,12197,0,0,2627,30587,1176,2346,2632,32933,California
Alameda,2021-01-08,4763,40055,2724,25819,2039,14236,0,0,3024,31889,1733,4079,3035,35968,California
Alameda,2021-01-09,2030,42085,1383,27202,647,14883,0,0,1168,32201,862,4941,1174,37142,California
Alameda,2021-01-10,1058,43143,841,28043,217,15100,0,0,423,31988,636,5577,423,37565,California
Alameda,2021-01-11,4647,47790,3518,31561,1129,16229,0,0,2846,33041,1800,7377,2853,40418,California
Alameda,2021-01-12,4834,52624,3251,34812,1583,17812,0,0,3451,35114,1382,8759,3455,43873,California
Alameda,2021-01-13,5018,57642,2648,37460,2370,20182,0,0,3829,37763,1186,9945,3835,47708,California
Alameda,2021-01-14,5645,63287,2779,40239,2866,23048,0,0,4760,41651,876,10821,4764,52472,California
Alameda,2021-01-15,5823,69110,2303,42542,3520,26568,0,0,5058,45955,758,11579,5062,57534,California
Alameda,2021-01-16,3004,72114,1403,43945,1601,28169,0,0,2735,48422,269,11848,2736,60270,California
Alameda,2021-01-17,1877,73991,1088,45033,789,28958,0,0,1672,49891,204,12052,1673,61943,California
Alameda,2021-01-18,3179,77170,2036,47069,1143,30101,0,0,2588,51895,586,12638,2590,64533,California
Alameda,2021-01-19,5517,82687,3319,50388,2198,32299,0,0,4325,55032,1190,13828,4327,68860,California
Alameda,2021-01-20,6794,89481,4112,54500,2682,34981,0,0,5497,59253,1284,15112,5505,74365,California
Alameda,2021-01-21,7793,97274,3426,57926,4367,39348,0,0,6950,65372,836,15948,6955,81320,California
Alameda,2021-01-22,6862,104136,2038,59964,4824,44172,0,0,5719,69960,1134,17082,5722,87042,California
Alameda,2021-01-23,3289,107425,958,60922,2331,46503,0,0,2732,72136,556,17638,2732,89774,California
Alameda,2021-01-24,2037,109462,653,61575,1384,47887,0,0,1764,73630,270,17908,1764,91538,California
Alameda,2021-01-25,5199,114661,1980,63555,3219,51106,0,0,3624,75689,1567,19475,3626,95164,California
Alameda,2021-01-26,7329,121990,2321,65876,5008,56114,0,0,5444,79258,1877,21352,5446,100610,California
Alameda,2021-01-27,6706,128696,2080,67956,4626,60740,0,0,4858,82280,1838,23190,4860,105470,California
Alameda,2021-01-28,7884,136580,2562,70518,5322,66062,0,0,5646,85709,2222,25412,5651,111121,California
Alameda,2021-01-29,7989,144569,3204,73722,4785,70847,0,0,6151,90037,1827,27239,6155,117276,California
Alameda,2021-01-30,3438,148007,1687,75409,1751,72598,0,0,2722,92049,710,27949,2722,119998,California
Alameda,2021-01-31,1924,149931,951,76360,973,73571,0,0,1686,93500,235,28184,1686,121684,California
Alameda,2021-02-01,6475,156406,3884,80244,2591,76162,0,0,4334,95703,2132,30316,4335,126019,California
Alameda,2021-02-02,7020,163426,3783,84027,3237,79399,0,0,4696,98082,2317,32633,4696,130715,California
Alameda,2021-02-03,7051,170477,3713,87740,3338,82737,0,0,4363,99769,2681,35314,4368,135083,California
Alameda,2021-02-04,9477,179954,4130,91870,5347,88084,0,0,6365,103040,3099,38413,6370,141453,California
Alameda,2021-02-05,10281,190235,5361,97231,4920,93004,0,0,6414,105599,3861,42274,6420,147873,California
Alameda,2021-02-06,6959,197194,4417,101648,2542,95546,0,0,5829,110298,1130,43404,5829,153702,California
Alameda,2021-02-07,3581,200775,2891,104539,690,96236,0,0,2635,111991,943,44347,2636,156338,California
Alameda,2021-02-08,8097,208872,5801,110340,2296,98532,0,0,5533,114970,2556,46903,5535,161873,California
Alameda,2021-02-09,9676,218548,5823,116163,3853,102385,0,0,6025,117363,3634,50537,6027,167900,California
Alameda,2021-02-10,11462,230010,6774,122937,4688,107073,0,0,6542,119009,4904,55441,6550,174450,California
Alameda,2021-02-11,13960,243970,8028,130965,5932,113005,0,0,8367,121806,5573,61014,8370,182820,California
Alameda,2021-02-12,12520,256490,5694,136659,6826,119831,0,0,7735,124775,4769,65783,7738,190558,California
Alameda,2021-02-13,7798,264288,4058,140717,3740,123571,0,0,5825,128635,1968,67751,5828,196386,California
Alameda,2021-02-14,4051,268339,2552,143269,1499,125070,0,0,2869,130329,1178,68929,2872,199258,California
Alameda,2021-02-15,5671,274010,3188,146457,2483,127553,0,0,3689,132040,1980,70909,3691,202949,California
Alameda,2021-02-16,12527,286537,6972,153429,5555,133108,0,0,9307,138144,3209,74118,9313,212262,California
Alameda,2021-02-17,14165,300702,8413,161842,5752,138860,0,0,10516,145031,3631,77749,10518,222780,California
Alameda,2021-02-18,15894,316596,10100,171942,5794,144654,0,0,11545,152242,4340,82089,11551,234331,California
Alameda,2021-02-19,17852,334448,11589,183531,6263,150917,0,0,11804,158027,6024,88113,11809,246140,California
Alameda,2021-02-20,12030,346478,9716,193247,2314,153231,0,0,9249,164506,2776,90889,9255,255395,California
Alameda,2021-02-21,7809,354287,6846,200093,963,154194,0,0,5290,167288,2508,93397,5290,260685,California
Alameda,2021-02-22,10971,365258,8080,208173,2891,157085,0,0,6882,170103,4076,97473,6891,267576,California
Alameda,2021-02-23,13004,378262,7927,216100,5077,162162,0,0,8094,173305,4899,102372,8101,275677,California
Alameda,2021-02-24,14848,393110,8350,224450,6498,168660,0,0,9605,177736,5180,107552,9611,285288,California
Alameda,2021-02-25,16018,409128,9300,233750,6718,175378,0,0,10129,182017,5857,113409,10138,295426,California
Alameda,2021-02-26,18663,427791,10881,244631,7782,183160,0,0,11848,187100,6769,120178,11852,307278,California
Alameda,2021-02-27,15170,442961,11187,255818,3981,187141,2,2,9379,190717,5766,125944,9383,316661,California
Alameda,2021-02-28,10124,453085,8442,264260,1682,188823,0,2,6555,193731,3542,129486,6556,323217,California
Alameda,2021-03-01,14081,467166,9733,273993,4337,193160,11,13,8611,196940,5422,134908,8631,331848,California
Alameda,2021-03-02,15050,482216,10821,284814,4228,197388,1,14,9854,201626,5176,140084,9862,341710,California
Alameda,2021-03-03,15701,497917,10273,295087,5426,202814,2,16,10738,207434,4936,145020,10744,352454,California
Alameda,2021-03-04,17437,515354,11205,306292,6230,209044,2,18,10991,212014,6413,151433,10993,363447,California
Alameda,2021-03-05,16259,531613,10655,316947,5594,214638,10,28,10981,217779,5233,156666,10998,374445,California
Alameda,2021-03-06,14556,546169,10277,327224,4014,218652,265,293,9646,222829,4861,161527,9911,384356,California
Alameda,2021-03-07,9791,555960,8520,335744,1188,219840,83,376,6981,227113,2782,164309,7066,391422,California
Alameda,2021-03-08,11960,567920,7466,343210,4117,223957,377,753,8950,233481,2959,167268,9327,400749,California
Alameda,2021-03-09,14694,582614,10328,353538,3935,227892,431,1184,8013,235279,6646,173914,8444,409193,California
Alameda,2021-03-10,17494,600108,12146,365684,4792,232684,556,1740,7891,234146,9575,183489,8442,417635,California
Alameda,2021-03-11,19783,619891,11595,377279,6475,239159,1713,3453,6723,229540,13030,196519,8424,426059,California
Alameda,2021-03-12,21381,641272,12539,389818,7136,246295,1706,5159,7372,224627,13979,210498,9066,435125,California
Alameda,2021-03-13,16075,657347,10331,400149,4744,251039,1000,6159,5065,219712,10974,221472,6059,441184,California
Alameda,2021-03-14,10895,668242,8027,408176,2082,253121,786,6945,3302,216220,7571,229043,4079,445263,California
Alameda,2021-03-15,14479,682721,9475,417651,4474,257595,530,7475,6248,214795,8200,237243,6775,452038,California
Alameda,2021-03-16,17228,699949,11194,428845,5498,263093,536,8011,7348,212853,9827,247070,7885,459923,California
Alameda,2021-03-17,17517,717466,9894,438739,6903,269996,720,8731,8065,212225,9409,256479,8781,468704,California
Alameda,2021-03-18,19216,736682,10474,449213,7840,277836,902,9633,8645,211238,10538,267017,9551,478255,California
Alameda,2021-03-19,19433,756115,10672,459885,6963,284799,1798,11431,7568,208779,11816,278833,9357,487612,California
Alameda,2021-03-20,15795,771910,10350,470235,4588,289387,857,12288,6313,206495,9449,288282,7165,494777,California
Alameda,2021-03-21,9238,781148,7265,477500,1420,290807,553,12841,3395,204611,5832,294114,3948,498725,California
Alameda,2021-03-22,15067,796215,10152,487652,3903,294710,1012,13853,6806,204191,8230,302344,7810,506535,California
Alameda,2021-03-23,19345,815560,11736,499388,6793,301503,816,14669,9788,205292,9506,311850,10607,517142,California
Alameda,2021-03-24,19299,834859,11706,511094,6567,308070,1026,15695,8394,203861,10840,322690,9409,526551,California
Alameda,2021-03-25,20576,855435,11440,522534,7726,315796,1410,17105,9381,203515,11125,333815,10779,537330,California
Alameda,2021-03-26,21001,876436,12692,535226,6744,322540,1565,18670,8452,201016,12502,346317,10003,547333,California
Alameda,2021-03-27,18387,894823,12553,547779,4880,327420,954,19624,7532,198683,10807,357124,8474,555807,California
Alameda,2021-03-28,10666,905489,8690,556469,1774,329194,202,19826,3466,195171,7185,364309,3673,559480,California
Alameda,2021-03-29,14756,920245,9456,565925,4304,333498,996,20822,5860,193166,8859,373168,6854,566334,California
Alameda,2021-03-30,18630,938875,9839,575764,7068,340566,1723,22545,9272,194830,9323,382491,10987,577321,California
Alameda,2021-03-31,19410,958285,10250,586014,7050,347616,2110,24655,9089,195725,10292,392783,11187,588508,California
Alameda,2021-04-01,23364,981649,10029,596043,7649,355265,5686,30341,11050,200174,12263,405046,16712,605220,California
Alameda,2021-04-02,24129,1005778,9933,605976,8324,363589,5872,36213,11659,205241,12432,417478,17499,622719,California
Alameda,2021-04-03,20381,1026159,9820,615796,5696,369285,4865,41078,10305,210351,10052,427530,15162,637881,California
Alameda,2021-04-04,9976,1036135,3988,619784,2276,371561,3712,44790,3450,211002,6506,434036,7157,645038,California
Alameda,2021-04-05,17851,1053986,7519,627303,5515,377076,4817,49607,7249,212488,10576,444612,12062,657100,California
Alameda,2021-04-06,22229,1076215,10685,637988,5671,382747,5873,55480,10072,216294,12120,456732,15926,673026,California
Alameda,2021-04-07,22603,1098818,11588,649576,5532,388279,5483,60963,11443,222092,11114,467846,16912,689938,California
Alameda,2021-04-08,25597,1124415,11529,661105,6047,394326,8021,68984,10933,226440,14584,482430,18932,708870,California
Alameda,2021-04-09,23450,1147865,10694,671799,7507,401833,5249,74233,12089,232449,11327,493757,17336,726206,California
Alameda,2021-04-10,19295,1167160,7458,679257,5642,407475,6195,80428,8216,235788,11052,504809,14391,740597,California
Alameda,2021-04-11,11018,1178178,4810,684067,2250,409725,3958,84386,4489,237710,6510,511319,8432,749029,California
Alameda,2021-04-12,18122,1196300,11779,695846,4359,414084,1984,86370,10248,242101,7837,519156,12228,761257,California
Alameda,2021-04-13,23122,1219422,14677,710523,8385,422469,60,86430,17060,253223,6009,525165,17131,778388,California
Alameda,2021-04-14,23193,1242615,15256,725779,7936,430405,1,86431,15695,261474,7460,532625,15711,794099,California
Alameda,2021-04-15,24201,1266816,15461,741240,8738,439143,2,86433,16105,269568,8035,540660,16129,810228,California
Alameda,2021-04-16,24423,1291239,14415,755655,10003,449146,5,86438,15731,276685,8633,549293,15750,825978,California
Alameda,2021-04-17,20881,1312120,14442,770097,6438,455584,1,86439,14440,284735,6406,555699,14456,840434,California
Alameda,2021-04-18,9982,1322102,7651,777748,2331,457915,0,86439,6907,288603,3045,558744,6913,847347,California
Alameda,2021-04-19,15657,1337759,9750,787498,5906,463821,1,86440,9090,291176,6527,565271,9100,856447,California
Alameda,2021-04-20,18162,1355921,11124,798622,7036,470857,2,86442,9988,293061,8127,573398,10012,866459,California
Alameda,2021-04-21,19148,1375069,11209,809831,7928,478785,11,86453,11200,296394,7895,581293,11228,877687,California
Alameda,2021-04-22,21416,1396485,13795,823626,7617,486402,4,86457,11418,297898,9943,591236,11447,889134,California
Alameda,2021-04-23,21828,1418313,14117,837743,7707,494109,4,86461,12251,300665,9515,600751,12282,901416,California
Alameda,2021-04-24,18985,1437298,14429,852172,4548,498657,8,86469,10064,301872,8875,609626,10082,911498,California
Alameda,2021-04-25,9001,1446299,7003,859175,1997,500654,1,86470,5901,304710,3073,612699,5911,917409,California
Alameda,2021-04-26,14392,1460691,9964,869139,4402,505056,26,86496,8974,308335,5384,618083,9009,926418,California
Alameda,2021-04-27,16309,1477000,9652,878791,6290,511346,367,86863,7729,307926,8528,626611,8119,934537,California
Alameda,2021-04-28,16449,1493449,10394,889185,5590,516936,465,87328,6692,305371,9724,636335,7169,941706,California
Alameda,2021-04-29,17202,1510651,10310,899495,6562,523498,330,87658,6407,301391,10738,647073,6758,948464,California
Alameda,2021-04-30,19470,1530121,11997,911492,7131,530629,342,88000,7897,298175,11495,658568,8279,956743,California
Alameda,2021-05-01,13989,1544110,9354,920846,4428,535057,207,88207,5229,294916,8723,667291,5464,962207,California
Alameda,2021-05-02,7073,1551183,4935,925781,1970,537027,168,88375,2895,293823,4161,671452,3068,965275,California
Alameda,2021-05-03,14516,1565699,10929,936710,3267,540294,320,88695,2852,285406,11617,683069,3200,968475,California
Alameda,2021-05-04,18330,1584029,13151,949861,4819,545113,360,89055,3685,274904,14578,697647,4076,972551,California
Alameda,2021-05-05,18346,1602375,13330,963191,4506,549619,510,89565,3725,264595,14557,712204,4248,976799,California
Alameda,2021-05-06,18689,1621064,14131,977322,3862,553481,696,90261,3666,254025,14948,727152,4378,981177,California
Alameda,2021-05-07,19183,1640247,12898,990220,5871,559352,414,90675,4403,244150,14708,741860,4833,986010,California
Alameda,2021-05-08,16477,1656724,11272,1001492,4994,564346,211,90886,3105,234148,13334,755194,3332,989342,California
Alameda,2021-05-09,8537,1665261,6988,1008480,1406,565752,143,91029,1454,228688,7061,762255,1601,990943,California
Alameda,2021-05-10,10125,1675386,6938,1015418,2863,568615,324,91353,2521,223969,7573,769828,2854,993797,California
Alameda,2021-05-11,15244,1690630,8203,1023621,6727,575342,314,91667,2811,214746,12383,782211,3160,996957,California
Alameda,2021-05-12,13326,1703956,8866,1032487,4018,579360,442,92109,2983,207904,10297,792508,3455,1000412,California
Alameda,2021-05-13,17654,1721610,12669,1045156,4441,583801,544,92653,5643,202166,11960,804468,6222,1006634,California
Alameda,2021-05-14,20477,1742087,13874,1059030,6137,589938,466,93119,7041,196326,13361,817829,7521,1014155,California
Alameda,2021-05-15,17066,1759153,12420,1071450,4419,594357,227,93346,5773,191083,11248,829077,6005,1020160,California
Alameda,2021-05-16,8385,1767538,7166,1078616,1126,595483,93,93439,2795,188416,5560,834637,2893,1023053,California
Alameda,2021-05-17,13354,1780892,9938,1088554,2887,598370,529,93968,4145,183934,9171,843808,4689,1027742,California
Alameda,2021-05-18,14135,1795027,10269,1098823,3444,601814,422,94390,5003,180273,9090,852898,5429,1033171,California
Alameda,2021-05-19,14431,1809458,9894,1108717,4201,606015,336,94726,5993,178216,8387,861285,6330,1039501,California
Alameda,2021-05-20,12568,1822026,8424,1117141,3615,609630,529,95255,5466,177158,7054,868339,5996,1045497,California
Alameda,2021-05-21,14499,1836525,9397,1126538,4848,614478,254,95509,4894,172768,9544,877883,5154,1050651,California
Alameda,2021-05-22,9924,1846449,7177,1133715,2601,617079,146,95655,4013,171045,5886,883769,4163,1054814,California
Alameda,2021-05-23,4776,1851225,3636,1137351,1054,618133,86,95741,1522,169420,3234,887003,1609,1056423,California
Alameda,2021-05-24,6955,1858180,3956,1141307,2748,620881,251,95992,2647,168056,4267,891270,2903,1059326,California
Alameda,2021-05-25,7991,1866171,5170,1146477,2565,623446,256,96248,3591,167533,4366,895636,3843,1063169,California
Alameda,2021-05-26,8242,1874413,5149,1151626,2793,626239,300,96548,3631,166871,4587,900223,3925,1067094,California
Alameda,2021-05-27,8086,1882499,4864,1156490,2874,629113,348,96896,3433,166035,4612,904835,3776,1070870,California
Alameda,2021-05-28,8608,1891107,5043,1161533,3341,632454,224,97120,3662,165003,4920,909755,3888,1074758,California
Alameda,2021-05-29,4913,1896020,2965,1164498,1763,634217,185,97305,2546,165388,2348,912103,2733,1077491,California
Alameda,2021-05-30,2432,1898452,1593,1166091,750,634967,89,97394,969,164991,1455,913558,1058,1078549,California
Alameda,2021-05-31,1153,1899605,854,1166945,244,635211,55,97449,346,164599,793,914351,401,1078950,California
Alameda,2021-06-01,7080,1906685,4976,1171921,1864,637075,240,97689,3076,163938,3979,918330,3318,1082268,California
Alameda,2021-06-02,5783,1912468,3601,1175522,1964,639039,218,97907,2236,162868,3517,921847,2447,1084715,California
Alameda,2021-06-03,8465,1920933,6398,1181920,1787,640826,280,98187,2943,160604,5484,927331,3220,1087935,California
Alameda,2021-06-04,10454,1931387,7709,1189629,2493,643319,252,98439,2970,156378,7448,934779,3222,1091157,California
Alameda,2021-06-05,7988,1939375,5805,1195434,2019,645338,164,98603,1895,152380,6056,940835,2058,1093215,California
Alameda,2021-06-06,3625,1943000,3278,1198712,269,645607,78,98681,1092,151027,2522,943357,1169,1094384,California
Alameda,2021-06-07,5790,1948790,4235,1202947,1383,646990,172,98853,1775,148980,3995,947352,1948,1096332,California
Alameda,2021-06-08,7113,1955903,5665,1208612,1212,648202,236,99089,2040,146210,5043,952395,2273,1098605,California
Alameda,2021-06-09,4443,1960346,3617,1212229,695,648897,131,99220,1113,144131,3320,955715,1241,1099846,California
Alpine,2020-12-18,2,2,2,2,0,0,0,0,2,2,0,0,2,2,California
Alpine,2020-12-19,2,4,2,4,0,0,0,0,2,4,0,0,2,4,California
Alpine,2020-12-21,2,6,2,6,0,0,0,0,2,6,0,0,2,6,California
Alpine,2020-12-30,14,20,0,6,14,14,0,0,14,20,0,0,14,20,California
Alpine,2020-12-31,1,21,0,6,1,15,0,0,1,21,0,0,1,21,California
Alpine,2021-01-01,1,22,0,6,1,16,0,0,1,22,0,0,1,22,California
Alpine,2021-01-02,1,23,1,7,0,16,0,0,1,23,0,0,1,23,California
Alpine,2021-01-04,10,33,0,7,10,26,0,0,10,33,0,0,10,33,California
Alpine,2021-01-05,9,42,1,8,8,34,0,0,9,42,0,0,9,42,California
Alpine,2021-01-06,31,73,0,8,31,65,0,0,31,73,0,0,31,73,California
Alpine,2021-01-07,8,81,0,8,8,73,0,0,8,81,0,0,8,81,California
Alpine,2021-01-08,4,85,2,10,2,75,0,0,2,81,2,2,2,83,California
Alpine,2021-01-09,2,87,2,12,0,75,0,0,0,79,2,4,0,83,California
Alpine,2021-01-11,32,119,1,13,31,106,0,0,31,109,1,5,31,114,California
Alpine,2021-01-13,35,154,0,13,35,141,0,0,35,144,0,5,35,149,California
Alpine,2021-01-14,1,155,0,13,1,142,0,0,1,145,0,5,1,150,California
Alpine,2021-01-15,1,156,0,13,1,143,0,0,1,146,0,5,1,151,California
Alpine,2021-01-20,21,177,0,13,21,164,0,0,21,167,0,5,21,172,California
Alpine,2021-01-21,1,178,0,13,1,165,0,0,1,168,0,5,1,173,California
Alpine,2021-01-22,33,211,0,13,33,198,0,0,33,201,0,5,33,206,California
Alpine,2021-01-23,1,212,1,14,0,198,0,0,0,200,1,6,0,206,California
Alpine,2021-01-25,16,228,0,14,16,214,0,0,16,216,0,6,16,222,California
Alpine,2021-01-27,1,229,1,15,0,214,0,0,0,215,1,7,0,222,California
Alpine,2021-01-28,1,230,0,15,1,215,0,0,0,214,1,8,0,222,California
Alpine,2021-01-29,1,231,0,15,1,216,0,0,1,215,0,8,1,223,California
Alpine,2021-02-01,25,256,0,15,25,241,0,0,7,204,18,26,7,230,California
Alpine,2021-02-03,34,290,0,15,34,275,0,0,10,190,24,50,10,240,California
Alpine,2021-02-04,8,298,0,15,8,283,0,0,3,188,5,55,3,243,California
Alpine,2021-02-05,31,329,0,15,31,314,0,0,12,181,19,74,12,255,California
Alpine,2021-02-08,32,361,0,15,32,346,0,0,4,157,28,102,4,259,California
Alpine,2021-02-10,34,395,0,15,34,380,0,0,0,123,34,136,0,259,California
Alpine,2021-02-11,6,401,0,15,6,386,0,0,3,123,3,139,3,262,California
Alpine,2021-02-12,1,402,0,15,1,387,0,0,0,122,1,140,0,262,California
Alpine,2021-02-17,23,425,0,15,23,410,0,0,3,105,20,160,3,265,California
Alpine,2021-02-18,2,427,0,15,2,412,0,0,1,105,1,161,1,266,California
Alpine,2021-02-19,34,461,1,16,33,445,0,0,2,75,32,193,2,268,California
Alpine,2021-02-22,27,488,0,16,27,472,0,0,8,64,19,212,8,276,California
Alpine,2021-02-24,1,489,1,17,0,472,0,0,1,65,0,212,1,277,California
Alpine,2021-02-25,6,495,1,18,5,477,0,0,6,71,0,212,6,283,California
Alpine,2021-02-26,30,525,1,19,29,506,0,0,29,99,1,213,29,312,California
Alpine,2021-02-27,1,526,0,19,1,507,0,0,1,100,0,213,1,313,California
Alpine,2021-03-01,36,562,0,19,36,543,0,0,26,116,10,223,26,339,California
Alpine,2021-03-03,29,591,0,19,29,572,0,0,18,123,11,234,18,357,California
Alpine,2021-03-04,11,602,1,20,10,582,0,0,11,134,0,234,11,368,California
Alpine,2021-03-05,30,632,0,20,30,612,0,0,22,148,8,242,22,390,California
Alpine,2021-03-08,31,663,0,20,31,643,0,0,29,175,2,244,29,419,California
Alpine,2021-03-10,73,736,0,20,73,716,0,0,73,248,0,244,73,492,California
Alpine,2021-03-11,35,771,0,20,35,751,0,0,31,275,4,248,31,523,California
Alpine,2021-03-12,19,790,0,20,19,770,0,0,17,290,2,250,17,540,California
Alpine,2021-03-15,20,810,0,20,20,790,0,0,19,308,1,251,19,559,California
Alpine,2021-03-17,23,833,0,20,22,812,1,1,19,324,4,255,20,579,California
Alpine,2021-03-18,38,871,3,23,35,847,0,1,35,356,3,258,35,614,California
Alpine,2021-03-19,2,873,1,24,1,848,0,1,1,356,1,259,1,615,California
Alpine,2021-03-22,24,897,0,24,24,872,0,1,15,362,9,268,15,630,California
Alpine,2021-03-24,19,916,0,24,19,891,0,1,8,359,11,279,8,638,California
Alpine,2021-03-25,35,951,1,25,33,924,1,2,27,380,7,286,28,666,California
Alpine,2021-03-27,1,952,0,25,1,925,0,2,0,379,1,287,0,666,California
Alpine,2021-03-28,1,953,1,26,0,925,0,2,1,380,0,287,1,667,California
Alpine,2021-03-29,19,972,0,26,18,943,1,3,2,366,17,304,3,670,California
Alpine,2021-04-01,18,990,0,26,18,961,0,3,8,364,10,314,8,678,California
Alpine,2021-04-02,100,1090,0,26,100,1061,0,3,45,355,54,368,45,723,California
Alpine,2021-04-05,3,1093,0,26,3,1064,0,3,0,352,3,371,0,723,California
Alpine,2021-04-06,3,1096,2,28,1,1065,0,3,2,353,1,372,2,725,California
Alpine,2021-04-07,117,1213,0,28,116,1181,1,4,30,298,86,458,31,756,California
Alpine,2021-04-08,36,1249,0,28,35,1216,1,5,10,283,26,484,11,767,California
Alpine,2021-04-09,2,1251,0,28,2,1218,0,5,2,285,0,484,2,769,California
Alpine,2021-04-14,47,1298,0,28,47,1265,0,5,10,258,37,521,10,779,California
Alpine,2021-04-15,35,1333,0,28,35,1300,0,5,3,229,32,553,3,782,California
Alpine,2021-04-19,1,1334,0,28,1,1301,0,5,1,230,0,553,1,783,California
Alpine,2021-04-21,31,1365,0,28,31,1332,0,5,15,229,16,569,15,798,California
Alpine,2021-04-22,24,1389,0,28,24,1356,0,5,1,207,23,592,1,799,California
Alpine,2021-04-25,1,1390,1,29,0,1356,0,5,0,206,1,593,0,799,California
Alpine,2021-04-27,2,1392,1,30,1,1357,0,5,1,206,1,594,1,800,California
Alpine,2021-04-28,36,1428,0,30,36,1393,0,5,6,182,30,624,6,806,California
Alpine,2021-04-29,6,1434,0,30,6,1399,0,5,0,176,6,630,0,806,California
Alpine,2021-04-30,2,1436,1,31,0,1399,1,6,1,177,1,631,2,808,California
Alpine,2021-05-02,1,1437,0,31,0,1399,1,7,0,177,1,632,1,809,California
Alpine,2021-05-05,17,1454,0,31,17,1416,0,7,4,168,13,645,4,813,California
Alpine,2021-05-06,8,1462,0,31,8,1424,0,7,0,160,8,653,0,813,California
Alpine,2021-05-07,1,1463,0,31,1,1425,0,7,0,159,1,654,0,813,California
Alpine,2021-05-10,1,1464,0,31,1,1426,0,7,1,160,0,654,1,814,California
Alpine,2021-05-12,1,1465,0,31,0,1426,1,8,0,160,1,655,1,815,California
Alpine,2021-05-13,3,1468,0,31,3,1429,0,8,0,157,3,658,0,815,California
Alpine,2021-05-17,2,1470,0,31,2,1431,0,8,1,157,1,659,1,816,California
Alpine,2021-05-18,1,1471,0,31,1,1432,0,8,1,158,0,659,1,817,California
Alpine,2021-05-19,15,1486,0,31,15,1447,0,8,0,143,15,674,0,817,California
Alpine,2021-05-21,1,1487,1,32,0,1447,0,8,0,142,1,675,0,817,California
Alpine,2021-05-25,1,1488,0,32,1,1448,0,8,0,141,1,676,0,817,California
Alpine,2021-05-27,1,1489,0,32,1,1449,0,8,1,142,0,676,1,818,California
Alpine,2021-05-28,2,1491,1,33,1,1450,0,8,2,144,0,676,2,820,California
Alpine,2021-05-29,1,1492,0,33,1,1451,0,8,1,145,0,676,1,821,California
Alpine,2021-06-02,8,1500,0,33,8,1459,0,8,1,139,7,683,1,822,California
Alpine,2021-06-04,1,1501,0,33,1,1460,0,8,1,140,0,683,1,823,California
Alpine,2021-06-07,1,1502,0,33,1,1461,0,8,0,139,1,684,0,823,California
Amador,2020-12-16,2,2,2,2,0,0,0,0,2,2,0,0,2,2,California
Amador,2020-12-17,5,7,5,7,0,0,0,0,5,7,0,0,5,7,California
Amador,2020-12-18,45,52,45,52,0,0,0,0,45,52,0,0,45,52,California
Amador,2020-12-19,16,68,16,68,0,0,0,0,16,68,0,0,16,68,California
Amador,2020-12-20,4,72,4,72,0,0,0,0,4,72,0,0,4,72,California
Amador,2020-12-21,31,103,31,103,0,0,0,0,31,103,0,0,31,103,California
Amador,2020-12-22,35,138,34,137,1,1,0,0,35,138,0,0,35,138,California
Amador,2020-12-23,40,178,39,176,1,2,0,0,40,178,0,0,40,178,California
Amador,2020-12-24,5,183,3,179,2,4,0,0,5,183,0,0,5,183,California
Amador,2020-12-26,5,188,4,183,1,5,0,0,5,188,0,0,5,188,California
Amador,2020-12-27,1,189,0,183,1,6,0,0,1,189,0,0,1,189,California
Amador,2020-12-28,30,219,26,209,4,10,0,0,30,219,0,0,30,219,California
Amador,2020-12-29,25,244,18,227,7,17,0,0,25,244,0,0,25,244,California
Amador,2020-12-30,122,366,76,303,46,63,0,0,122,366,0,0,122,366,California
Amador,2020-12-31,192,558,167,470,25,88,0,0,192,558,0,0,192,558,California
Amador,2021-01-01,2,560,0,470,2,90,0,0,2,560,0,0,2,560,California
Amador,2021-01-02,57,617,57,527,0,90,0,0,57,617,0,0,57,617,California
Amador,2021-01-03,65,682,17,544,48,138,0,0,65,682,0,0,65,682,California
Amador,2021-01-04,124,806,1,545,123,261,0,0,124,806,0,0,124,806,California
Amador,2021-01-05,34,840,3,548,31,292,0,0,32,837,2,2,33,839,California
Amador,2021-01-06,40,880,10,558,30,322,0,0,36,869,4,6,36,875,California
Amador,2021-01-07,229,1109,69,627,160,482,0,0,217,1074,12,18,217,1092,California
Amador,2021-01-08,84,1193,69,696,15,497,0,0,41,1073,43,61,42,1134,California
Amador,2021-01-09,11,1204,11,707,0,497,0,0,2,1066,9,70,2,1136,California
Amador,2021-01-10,6,1210,4,711,2,499,0,0,2,1064,4,74,2,1138,California
Amador,2021-01-11,125,1335,44,755,81,580,0,0,88,1116,37,111,89,1227,California
Amador,2021-01-12,65,1400,50,805,15,595,0,0,41,1133,24,135,41,1268,California
Amador,2021-01-13,40,1440,24,829,16,611,0,0,28,1149,12,147,28,1296,California
Amador,2021-01-14,150,1590,22,851,128,739,0,0,140,1280,10,157,141,1437,California
Amador,2021-01-15,59,1649,25,876,34,773,0,0,51,1323,8,165,51,1488,California
Amador,2021-01-16,18,1667,12,888,6,779,0,0,12,1330,6,171,13,1501,California
Amador,2021-01-17,26,1693,5,893,21,800,0,0,26,1356,0,171,26,1527,California
Amador,2021-01-18,30,1723,26,919,4,804,0,0,9,1344,21,192,9,1536,California
Amador,2021-01-19,125,1848,100,1019,25,829,0,0,82,1383,43,235,82,1618,California
Amador,2021-01-20,182,2030,32,1051,150,979,0,0,168,1538,13,248,168,1786,California
Amador,2021-01-21,258,2288,228,1279,30,1009,0,0,147,1575,111,359,148,1934,California
Amador,2021-01-22,137,2425,74,1353,63,1072,0,0,130,1698,7,366,130,2064,California
Amador,2021-01-23,54,2479,33,1386,21,1093,0,0,51,1746,3,369,51,2115,California
Amador,2021-01-24,29,2508,12,1398,17,1110,0,0,26,1769,3,372,26,2141,California
Amador,2021-01-25,58,2566,28,1426,30,1140,0,0,41,1793,17,389,41,2182,California
Amador,2021-01-26,245,2811,17,1443,228,1368,0,0,235,2018,10,399,235,2417,California
Amador,2021-01-27,301,3112,33,1476,268,1636,0,0,254,2228,45,444,255,2672,California
Amador,2021-01-28,369,3481,97,1573,272,1908,0,0,288,2436,81,525,289,2961,California
Amador,2021-01-29,99,3580,33,1606,66,1974,0,0,84,2505,15,540,84,3045,California
Amador,2021-01-30,168,3748,36,1642,132,2106,0,0,163,2663,5,545,163,3208,California
Amador,2021-01-31,32,3780,28,1670,4,2110,0,0,31,2693,1,546,31,3239,California
Amador,2021-02-01,66,3846,24,1694,42,2152,0,0,39,2705,27,573,39,3278,California
Amador,2021-02-02,214,4060,64,1758,150,2302,0,0,127,2748,84,657,127,3405,California
Amador,2021-02-03,139,4199,38,1796,101,2403,0,0,88,2786,50,707,88,3493,California
Amador,2021-02-04,250,4449,74,1870,176,2579,0,0,164,2866,86,793,166,3659,California
Amador,2021-02-05,333,4782,63,1933,270,2849,0,0,316,3165,17,810,316,3975,California
Amador,2021-02-06,101,4883,82,2015,19,2868,0,0,96,3256,5,815,96,4071,California
Amador,2021-02-07,39,4922,35,2050,4,2872,0,0,35,3288,4,819,36,4107,California
Amador,2021-02-08,91,5013,63,2113,28,2900,0,0,73,3343,18,837,73,4180,California
Amador,2021-02-09,175,5188,82,2195,93,2993,0,0,109,3386,66,903,109,4289,California
Amador,2021-02-10,980,6168,81,2276,899,3892,0,0,946,4298,34,937,946,5235,California
Amador,2021-02-11,309,6477,120,2396,189,4081,0,0,198,4387,109,1046,198,5433,California
Amador,2021-02-12,329,6806,122,2518,207,4288,0,0,255,4568,74,1120,255,5688,California
Amador,2021-02-13,165,6971,82,2600,83,4371,0,0,141,4685,24,1144,141,5829,California
Amador,2021-02-14,123,7094,54,2654,69,4440,0,0,105,4772,18,1162,105,5934,California
Amador,2021-02-15,187,7281,61,2715,126,4566,0,0,170,4926,16,1178,170,6104,California
Amador,2021-02-16,466,7747,54,2769,412,4978,0,0,427,5315,39,1217,428,6532,California
Amador,2021-02-17,262,8009,83,2852,179,5157,0,0,164,5381,98,1315,164,6696,California
Amador,2021-02-18,395,8404,97,2949,298,5455,0,0,331,5648,64,1379,331,7027,California
Amador,2021-02-19,194,8598,77,3026,117,5572,0,0,110,5674,84,1463,110,7137,California
Amador,2021-02-20,95,8693,32,3058,63,5635,0,0,67,5713,28,1491,67,7204,California
Amador,2021-02-21,46,8739,34,3092,12,5647,0,0,14,5695,32,1523,14,7218,California
Amador,2021-02-22,66,8805,26,3118,40,5687,0,0,32,5694,33,1556,32,7250,California
Amador,2021-02-23,318,9123,53,3171,265,5952,0,0,138,5652,180,1736,138,7388,California
Amador,2021-02-24,397,9520,59,3230,338,6290,0,0,265,5789,128,1864,265,7653,California
Amador,2021-02-25,525,10045,120,3350,405,6695,0,0,279,5823,245,2109,279,7932,California
Amador,2021-02-26,634,10679,81,3431,553,7248,0,0,516,6222,117,2226,516,8448,California
Amador,2021-02-27,293,10972,95,3526,198,7446,0,0,101,6134,191,2417,103,8551,California
Amador,2021-02-28,106,11078,55,3581,51,7497,0,0,60,6150,46,2463,62,8613,California
Amador,2021-03-01,198,11276,69,3650,129,7626,0,0,126,6205,72,2535,127,8740,California
Amador,2021-03-02,382,11658,63,3713,319,7945,0,0,333,6490,49,2584,334,9074,California
Amador,2021-03-03,242,11900,81,3794,161,8106,0,0,166,6582,75,2659,167,9241,California
Amador,2021-03-04,495,12395,114,3908,381,8487,0,0,393,6874,101,2760,393,9634,California
Amador,2021-03-05,510,12905,74,3982,436,8923,0,0,290,6948,218,2978,292,9926,California
Amador,2021-03-06,100,13005,47,4029,52,8975,1,1,55,6959,45,3023,56,9982,California
Amador,2021-03-07,65,13070,44,4073,21,8996,0,1,22,6938,43,3066,22,10004,California
Amador,2021-03-08,151,13221,69,4142,81,9077,1,2,90,6968,61,3127,91,10095,California
Amador,2021-03-09,376,13597,51,4193,325,9402,0,2,294,7184,79,3206,295,10390,California
Amador,2021-03-10,512,14109,74,4267,436,9838,2,4,111,6898,401,3607,115,10505,California
Amador,2021-03-11,471,14580,116,4383,345,10183,10,14,299,7039,171,3778,312,10817,California
Amador,2021-03-12,567,15147,66,4449,495,10678,6,20,338,7161,228,4006,350,11167,California
Amador,2021-03-13,116,15263,18,4467,91,10769,7,27,76,7208,40,4046,87,11254,California
Amador,2021-03-14,86,15349,18,4485,66,10835,2,29,20,7164,66,4112,22,11276,California
Amador,2021-03-15,177,15526,25,4510,145,10980,7,36,52,7099,125,4237,60,11336,California
Amador,2021-03-16,450,15976,53,4563,388,11368,9,45,139,6938,309,4546,148,11484,California
Amador,2021-03-17,200,16176,44,4607,153,11521,3,48,121,6983,79,4625,124,11608,California
Amador,2021-03-18,477,16653,101,4708,372,11893,4,52,251,7016,226,4851,259,11867,California
Amador,2021-03-19,539,17192,56,4764,468,12361,15,67,388,7273,149,5000,406,12273,California
Amador,2021-03-20,110,17302,45,4809,64,12425,1,68,45,7257,64,5064,48,12321,California
Amador,2021-03-21,48,17350,34,4843,13,12438,1,69,29,7271,18,5082,32,12353,California
Amador,2021-03-22,112,17462,32,4875,52,12490,28,97,48,7283,64,5146,76,12429,California
Amador,2021-03-23,434,17896,47,4922,380,12870,7,104,275,7408,158,5304,283,12712,California
Amador,2021-03-24,345,18241,38,4960,55,12925,252,356,37,7390,307,5611,289,13001,California
Amador,2021-03-25,608,18849,85,5045,516,13441,7,363,393,7576,214,5825,400,13401,California
Amador,2021-03-26,746,19595,42,5087,698,14139,6,369,284,7409,460,6285,293,13694,California
Amador,2021-03-27,89,19684,15,5102,72,14211,2,371,28,7380,61,6346,32,13726,California
Amador,2021-03-28,69,19753,15,5117,52,14263,2,373,12,7339,56,6402,15,13741,California
Amador,2021-03-29,180,19933,24,5141,155,14418,1,374,78,7323,100,6502,84,13825,California
Amador,2021-03-30,535,20468,28,5169,506,14924,1,375,293,7376,241,6743,294,14119,California
Amador,2021-03-31,200,20668,57,5226,138,15062,5,380,44,7270,155,6898,49,14168,California
Amador,2021-04-01,611,21279,85,5311,526,15588,0,380,263,7189,346,7244,265,14433,California
Amador,2021-04-02,607,21886,38,5349,557,16145,12,392,380,7357,226,7470,394,14827,California
Amador,2021-04-03,87,21973,25,5374,43,16188,19,411,23,7337,64,7534,44,14871,California
Amador,2021-04-04,38,22011,3,5377,29,16217,6,417,15,7335,23,7557,21,14892,California
Amador,2021-04-05,144,22155,52,5429,76,16293,16,433,50,7310,93,7650,68,14960,California
Amador,2021-04-06,503,22658,37,5466,448,16741,18,451,223,7273,278,7928,241,15201,California
Amador,2021-04-07,97,22755,33,5499,45,16786,19,470,41,7279,54,7982,60,15261,California
Amador,2021-04-08,496,23251,85,5584,390,17176,21,491,222,7249,273,8255,243,15504,California
Amador,2021-04-09,482,23733,21,5605,441,17617,20,511,213,7211,268,8523,230,15734,California
Amador,2021-04-10,53,23786,15,5620,29,17646,9,520,22,7211,31,8554,31,15765,California
Amador,2021-04-11,48,23834,23,5643,21,17667,4,524,23,7214,24,8578,27,15792,California
Amador,2021-04-12,97,23931,27,5670,60,17727,10,534,42,7211,55,8633,52,15844,California
Amador,2021-04-13,345,24276,50,5720,295,18022,0,534,68,7004,276,8909,69,15913,California
Amador,2021-04-14,284,24560,28,5748,256,18278,0,534,174,7071,107,9016,174,16087,California
Amador,2021-04-15,331,24891,75,5823,256,18534,0,534,70,6885,256,9272,70,16157,California
Amador,2021-04-16,482,25373,29,5852,453,18987,0,534,386,7176,95,9367,386,16543,California
Amador,2021-04-17,64,25437,36,5888,28,19015,0,534,27,7166,37,9404,27,16570,California
Amador,2021-04-18,29,25466,7,5895,22,19037,0,534,11,7161,17,9421,12,16582,California
Amador,2021-04-19,68,25534,27,5922,41,19078,0,534,31,7158,36,9457,33,16615,California
Amador,2021-04-20,436,25970,55,5977,381,19459,0,534,111,6953,318,9775,113,16728,California
Amador,2021-04-21,87,26057,33,6010,54,19513,0,534,44,6955,42,9817,44,16772,California
Amador,2021-04-22,495,26552,78,6088,416,19929,1,535,103,6674,385,10202,104,16876,California
Amador,2021-04-23,358,26910,45,6133,313,20242,0,535,285,6889,72,10274,287,17163,California
Amador,2021-04-24,48,26958,24,6157,24,20266,0,535,27,6896,20,10294,27,17190,California
Amador,2021-04-25,41,26999,19,6176,22,20288,0,535,29,6913,12,10306,29,17219,California
Amador,2021-04-26,93,27092,29,6205,63,20351,1,536,44,6911,48,10354,46,17265,California
Amador,2021-04-27,496,27588,41,6246,454,20805,1,537,90,6599,404,10758,92,17357,California
Amador,2021-04-28,70,27658,29,6275,37,20842,4,541,41,6615,29,10787,45,17402,California
Amador,2021-04-29,223,27881,70,6345,44,20886,109,650,65,6630,158,10945,173,17575,California
Amador,2021-04-30,339,28220,27,6372,308,21194,4,654,95,6485,244,11189,99,17674,California
Amador,2021-05-01,43,28263,15,6387,23,21217,5,659,22,6493,19,11208,27,17701,California
Amador,2021-05-02,27,28290,14,6401,10,21227,3,662,10,6490,17,11225,14,17715,California
Amador,2021-05-03,67,28357,33,6434,24,21251,10,672,26,6485,41,11266,36,17751,California
Amador,2021-05-04,467,28824,27,6461,433,21684,7,679,68,6161,399,11665,75,17826,California
Amador,2021-05-05,202,29026,153,6614,39,21723,10,689,163,6294,38,11703,171,17997,California
Amador,2021-05-06,110,29136,56,6670,49,21772,5,694,64,6319,44,11747,69,18066,California
Amador,2021-05-07,126,29262,29,6699,90,21862,7,701,66,6332,60,11807,73,18139,California
Amador,2021-05-08,42,29304,9,6708,30,21892,3,704,20,6333,22,11829,23,18162,California
Amador,2021-05-09,15,29319,0,6708,9,21901,6,710,4,6332,11,11840,10,18172,California
Amador,2021-05-10,61,29380,14,6722,44,21945,3,713,25,6324,36,11876,28,18200,California
Amador,2021-05-11,103,29483,34,6756,42,21987,27,740,46,6340,57,11933,73,18273,California
Amador,2021-05-12,68,29551,23,6779,42,22029,3,743,32,6339,36,11969,35,18308,California
Amador,2021-05-13,74,29625,41,6820,27,22056,6,749,37,6346,36,12005,43,18351,California
Amador,2021-05-14,395,30020,34,6854,357,22413,4,753,86,6128,309,12314,91,18442,California
Amador,2021-05-15,52,30072,20,6874,21,22434,11,764,23,6134,29,12343,35,18477,California
Amador,2021-05-16,38,30110,15,6889,23,22457,0,764,17,6130,21,12364,17,18494,California
Amador,2021-05-17,76,30186,23,6912,51,22508,2,766,36,6129,39,12403,38,18532,California
Amador,2021-05-18,247,30433,169,7081,43,22551,35,801,163,6244,83,12486,198,18730,California
Amador,2021-05-19,73,30506,23,7104,47,22598,3,804,33,6243,39,12525,38,18768,California
Amador,2021-05-20,85,30591,46,7150,35,22633,4,808,31,6225,53,12578,35,18803,California
Amador,2021-05-21,266,30857,29,7179,235,22868,2,810,39,6039,227,12805,41,18844,California
Amador,2021-05-22,45,30902,15,7194,25,22893,5,815,13,6026,32,12837,19,18863,California
Amador,2021-05-23,27,30929,4,7198,20,22913,3,818,6,6014,21,12858,9,18872,California
Amador,2021-05-24,90,31019,31,7229,47,22960,12,830,43,6023,46,12904,55,18927,California
Amador,2021-05-25,141,31160,89,7318,27,22987,25,855,82,6073,57,12961,107,19034,California
Amador,2021-05-26,207,31367,163,7481,37,23024,7,862,41,5955,165,13126,47,19081,California
Amador,2021-05-27,81,31448,36,7517,36,23060,9,871,30,5943,51,13177,39,19120,California
Amador,2021-05-28,69,31517,26,7543,39,23099,4,875,29,5936,40,13217,33,19153,California
Amador,2021-05-29,26,31543,2,7545,21,23120,3,878,10,5933,16,13233,13,19166,California
Amador,2021-05-30,19,31562,5,7550,8,23128,6,884,6,5932,13,13246,12,19178,California
Amador,2021-05-31,10,31572,0,7550,9,23137,1,885,2,5927,8,13254,3,19181,California
Amador,2021-06-01,95,31667,66,7616,24,23161,5,890,43,5924,51,13305,48,19229,California
Amador,2021-06-02,46,31713,16,7632,22,23183,8,898,16,5919,30,13335,25,19254,California
Amador,2021-06-03,59,31772,26,7658,28,23211,5,903,19,5904,39,13374,24,19278,California
Amador,2021-06-04,101,31873,21,7679,59,23270,21,924,24,5872,77,13451,45,19323,California
Amador,2021-06-05,39,31912,16,7695,20,23290,3,927,5,5846,34,13485,8,19331,California
Amador,2021-06-06,16,31928,6,7701,9,23299,1,928,6,5843,10,13495,7,19338,California
Amador,2021-06-07,47,31975,18,7719,23,23322,6,934,17,5836,30,13525,23,19361,California
Amador,2021-06-08,174,32149,135,7854,27,23349,12,946,52,5780,121,13646,65,19426,California
Amador,2021-06-09,20,32169,5,7859,11,23360,4,950,3,5770,17,13663,7,19433,California
Butte,2020-12-16,3,3,3,3,0,0,0,0,3,3,0,0,3,3,California
Butte,2020-12-17,21,24,21,24,0,0,0,0,21,24,0,0,21,24,California
Butte,2020-12-18,52,76,52,76,0,0,0,0,52,76,0,0,52,76,California
Butte,2020-12-19,7,83,7,83,0,0,0,0,7,83,0,0,7,83,California
Butte,2020-12-20,10,93,10,93,0,0,0,0,10,93,0,0,10,93,California
Butte,2020-12-21,633,726,633,726,0,0,0,0,633,726,0,0,633,726,California
Butte,2020-12-22,618,1344,616,1342,2,2,0,0,618,1344,0,0,618,1344,California
Butte,2020-12-23,876,2220,860,2202,16,18,0,0,876,2220,0,0,876,2220,California
Butte,2020-12-24,159,2379,155,2357,4,22,0,0,159,2379,0,0,159,2379,California
Butte,2020-12-26,90,2469,88,2445,2,24,0,0,90,2469,0,0,90,2469,California
Butte,2020-12-27,35,2504,34,2479,1,25,0,0,35,2504,0,0,35,2504,California
Butte,2020-12-28,279,2783,273,2752,6,31,0,0,279,2783,0,0,279,2783,California
Butte,2020-12-29,203,2986,180,2932,23,54,0,0,203,2986,0,0,203,2986,California
Butte,2020-12-30,513,3499,291,3223,222,276,0,0,513,3499,0,0,513,3499,California
Butte,2020-12-31,213,3712,18,3241,195,471,0,0,213,3712,0,0,213,3712,California
Butte,2021-01-01,8,3720,1,3242,7,478,0,0,8,3720,0,0,8,3720,California
Butte,2021-01-02,40,3760,37,3279,3,481,0,0,40,3760,0,0,40,3760,California
Butte,2021-01-03,3,3763,0,3279,3,484,0,0,3,3763,0,0,3,3763,California
Butte,2021-01-04,209,3972,176,3455,33,517,0,0,209,3972,0,0,209,3972,California
Butte,2021-01-05,197,4169,153,3608,44,561,0,0,196,4167,1,1,196,4168,California
Butte,2021-01-06,627,4796,397,4005,230,791,0,0,622,4785,5,6,623,4791,California
Butte,2021-01-07,761,5557,369,4374,392,1183,0,0,741,5506,20,26,741,5532,California
Butte,2021-01-08,673,6230,532,4906,141,1324,0,0,625,6083,48,74,625,6157,California
Butte,2021-01-09,11,6241,7,4913,4,1328,0,0,6,6084,5,79,6,6163,California
Butte,2021-01-10,19,6260,5,4918,14,1342,0,0,14,6093,5,84,14,6177,California
Butte,2021-01-11,985,7245,950,5868,35,1377,0,0,356,5823,629,713,359,6536,California
Butte,2021-01-12,697,7942,652,6520,45,1422,0,0,275,5676,422,1135,275,6811,California
Butte,2021-01-13,1566,9508,1074,7594,492,1914,0,0,725,5562,841,1976,727,7538,California
Butte,2021-01-14,1635,11143,892,8486,743,2657,0,0,1438,6804,196,2172,1438,8976,California
Butte,2021-01-15,1053,12196,813,9299,240,2897,0,0,943,7637,110,2282,943,9919,California
Butte,2021-01-16,584,12780,299,9598,285,3182,0,0,540,8133,44,2326,540,10459,California
Butte,2021-01-17,238,13018,64,9662,174,3356,0,0,201,8297,37,2363,201,10660,California
Butte,2021-01-18,346,13364,304,9966,42,3398,0,0,278,8508,67,2430,278,10938,California
Butte,2021-01-19,494,13858,431,10397,63,3461,0,0,224,8462,270,2700,224,11162,California
Butte,2021-01-20,1369,15227,689,11086,680,4141,0,0,1066,9225,303,3003,1066,12228,California
Butte,2021-01-21,1477,16704,868,11954,609,4750,0,0,1369,10487,107,3110,1369,13597,California
Butte,2021-01-22,1141,17845,482,12436,659,5409,0,0,1088,11522,53,3163,1088,14685,California
Butte,2021-01-23,125,17970,84,12520,41,5450,0,0,100,11597,25,3188,100,14785,California
Butte,2021-01-24,9,17979,7,12527,2,5452,0,0,9,11606,0,3188,9,14794,California
Butte,2021-01-25,656,18635,337,12864,319,5771,0,0,492,11934,164,3352,492,15286,California
Butte,2021-01-26,1473,20108,378,13242,1095,6866,0,0,1336,13133,137,3489,1336,16622,California
Butte,2021-01-27,2098,22206,706,13948,1392,8258,0,0,1366,13769,731,4220,1367,17989,California
Butte,2021-01-28,2267,24473,263,14211,2004,10262,0,0,1956,15415,310,4530,1956,19945,California
Butte,2021-01-29,1688,26161,487,14698,1201,11463,0,0,1311,16350,376,4906,1311,21256,California
Butte,2021-01-30,30,26191,8,14706,22,11485,0,0,28,16376,2,4908,28,21284,California
Butte,2021-01-31,16,26207,14,14720,2,11487,0,0,15,16390,1,4909,15,21299,California
Butte,2021-02-01,1752,27959,408,15128,1344,12831,0,0,1361,17363,388,5297,1361,22660,California
Butte,2021-02-02,1933,29892,362,15490,1571,14402,0,0,1632,18693,302,5599,1632,24292,California
Butte,2021-02-03,2739,32631,777,16267,1962,16364,0,0,1845,19646,892,6491,1845,26137,California
Butte,2021-02-04,2958,35589,324,16591,2634,18998,0,0,2402,21494,554,7045,2402,28539,California
Butte,2021-02-05,1273,36862,667,17258,606,19604,0,0,552,21326,721,7766,553,29092,California
Butte,2021-02-06,144,37006,103,17361,41,19645,0,0,61,21304,83,7849,61,29153,California
Butte,2021-02-07,38,37044,34,17395,4,19649,0,0,14,21294,24,7873,14,29167,California
Butte,2021-02-08,698,37742,548,17943,150,19799,0,0,242,21080,456,8329,242,29409,California
Butte,2021-02-09,951,38693,459,18402,492,20291,0,0,721,21571,230,8559,721,30130,California
Butte,2021-02-10,1702,40395,1188,19590,514,20805,0,0,672,21215,1028,9587,672,30802,California
Butte,2021-02-11,2203,42598,1346,20936,857,21662,0,0,1004,21020,1199,10786,1004,31806,California
Butte,2021-02-12,1002,43600,435,21371,567,22229,0,0,330,20679,671,11457,330,32136,California
Butte,2021-02-13,247,43847,43,21414,204,22433,0,0,146,20724,101,11558,146,32282,California
Butte,2021-02-14,161,44008,9,21423,152,22585,0,0,157,20877,4,11562,157,32439,California
Butte,2021-02-15,263,44271,47,21470,216,22801,0,0,198,21010,65,11627,198,32637,California
Butte,2021-02-16,730,45001,432,21902,298,23099,0,0,275,20829,456,12083,275,32912,California
Butte,2021-02-17,1515,46516,848,22750,667,23766,0,0,841,20998,672,12755,841,33753,California
Butte,2021-02-18,1559,48075,761,23511,798,24564,0,0,748,20935,811,13566,748,34501,California
Butte,2021-02-19,1171,49246,391,23902,780,25344,0,0,403,20577,761,14327,403,34904,California
Butte,2021-02-20,477,49723,32,23934,445,25789,0,0,126,20353,350,14677,126,35030,California
Butte,2021-02-21,18,49741,16,23950,2,25791,0,0,13,20361,5,14682,13,35043,California
Butte,2021-02-22,1501,51242,297,24247,1204,26995,0,0,378,19619,1120,15802,378,35421,California
Butte,2021-02-23,1636,52878,295,24542,1341,28336,0,0,464,18916,1167,16969,464,35885,California
Butte,2021-02-24,2138,55016,599,25141,1539,29875,0,0,726,18238,1404,18373,726,36611,California
Butte,2021-02-25,2079,57095,578,25719,1501,31376,0,0,656,17478,1417,19790,657,37268,California
Butte,2021-02-26,921,58016,311,26030,610,31986,0,0,396,17353,521,20311,396,37664,California
Butte,2021-02-27,236,58252,48,26078,188,32174,0,0,185,17489,49,20360,185,37849,California
Butte,2021-02-28,143,58395,16,26094,127,32301,0,0,136,17618,7,20367,136,37985,California
Butte,2021-03-01,1628,60023,175,26269,1452,33753,1,1,328,16650,1297,21664,329,38314,California
Butte,2021-03-02,1749,61772,198,26467,1551,35304,0,1,310,15525,1435,23099,310,38624,California
Butte,2021-03-03,2787,64559,851,27318,1936,37240,0,1,483,13706,2302,25401,483,39107,California
Butte,2021-03-04,3150,67709,681,27999,2469,39709,0,1,627,11811,2522,27923,627,39734,California
Butte,2021-03-05,1351,69060,616,28615,734,40443,1,2,734,11933,613,28536,735,40469,California
Butte,2021-03-06,247,69307,25,28640,199,40642,23,25,187,12084,59,28595,210,40679,California
Butte,2021-03-07,53,69360,3,28643,33,40675,17,42,29,12106,24,28619,46,40725,California
Butte,2021-03-08,1269,70629,129,28772,1062,41737,78,120,1102,13122,164,28783,1180,41905,California
Butte,2021-03-09,1907,72536,284,29056,1520,43257,103,223,1416,14153,488,29271,1519,43424,California
Butte,2021-03-10,2318,74854,968,30024,1249,44506,101,324,1578,15096,735,30006,1678,45102,California
Butte,2021-03-11,2813,77667,1319,31343,1367,45873,127,451,1983,16387,819,30825,2110,47212,California
Butte,2021-03-12,1147,78814,332,31675,467,46340,348,799,355,16304,786,31611,703,47915,California
Butte,2021-03-13,253,79067,67,31742,137,46477,49,848,59,16218,194,31805,108,48023,California
Butte,2021-03-14,163,79230,16,31758,105,46582,42,890,20,16138,142,31947,62,48085,California
Butte,2021-03-15,1744,80974,360,32118,1090,47672,294,1184,1147,16990,589,32536,1441,49526,California
Butte,2021-03-16,1652,82626,415,32533,1158,48830,79,1263,1112,17644,536,33072,1190,50716,California
Butte,2021-03-17,1954,84580,1356,33889,517,49347,81,1344,1136,18050,810,33882,1216,51932,California
Butte,2021-03-18,1810,86390,1466,35355,216,49563,128,1472,1063,18499,741,34623,1190,53122,California
Butte,2021-03-19,697,87087,310,35665,303,49866,84,1556,345,18586,342,34965,429,53551,California
Butte,2021-03-20,206,87293,31,35696,159,50025,16,1572,95,18586,111,35076,111,53662,California
Butte,2021-03-21,56,87349,25,35721,2,50027,29,1601,12,18583,44,35120,41,53703,California
Butte,2021-03-22,1482,88831,350,36071,1038,51065,94,1695,1221,19639,259,35379,1315,55018,California
Butte,2021-03-23,1826,90657,493,36564,1219,52284,114,1809,1476,20882,347,35726,1590,56608,California
Butte,2021-03-24,2263,92920,1266,37830,871,53155,126,1935,1712,22173,546,36272,1837,58445,California
Butte,2021-03-25,1483,94403,1198,39028,193,53348,92,2027,1017,22820,462,36734,1109,59554,California
Butte,2021-03-26,1206,95609,438,39466,522,53870,246,2273,559,22986,639,37373,805,60359,California
Butte,2021-03-27,301,95910,83,39549,194,54064,24,2297,135,22980,163,37536,157,60516,California
Butte,2021-03-28,230,96140,45,39594,177,54241,8,2305,103,22966,124,37660,110,60626,California
Butte,2021-03-29,1763,97903,380,39974,1313,55554,70,2375,1344,23966,414,38074,1414,62040,California
Butte,2021-03-30,1034,98937,470,40444,474,56028,90,2465,491,24010,537,38611,581,62621,California
Butte,2021-03-31,1778,100715,1305,41749,406,56434,67,2532,1084,24473,688,39299,1151,63772,California
Butte,2021-04-01,3330,104045,2706,44455,497,56931,127,2659,2259,25795,1065,40364,2387,66159,California
Butte,2021-04-02,1000,105045,416,44871,464,57395,120,2779,564,26049,428,40792,682,66841,California
Butte,2021-04-03,343,105388,45,44916,225,57620,73,2852,163,26105,180,40972,236,67077,California
Butte,2021-04-04,189,105577,25,44941,141,57761,23,2875,111,26163,76,41048,134,67211,California
Butte,2021-04-05,1974,107551,421,45362,1381,59142,172,3047,595,25558,1370,42418,765,67976,California
Butte,2021-04-06,2209,109760,617,45979,1169,60311,423,3470,800,25382,1403,43821,1227,69203,California
Butte,2021-04-07,3038,112798,1321,47300,1325,61636,392,3862,717,24176,2315,46136,1109,70312,California
Butte,2021-04-08,2756,115554,1202,48502,1286,62922,268,4130,459,22610,2293,48429,727,71039,California
Butte,2021-04-09,1376,116930,352,48854,542,63464,482,4612,329,22374,1043,49472,807,71846,California
Butte,2021-04-10,223,117153,47,48901,76,63540,100,4712,100,22450,123,49595,199,72045,California
Butte,2021-04-11,105,117258,42,48943,53,63593,10,4722,82,22520,22,49617,92,72137,California
Butte,2021-04-12,1409,118667,314,49257,963,64556,132,4854,235,21715,1174,50791,369,72506,California
Butte,2021-04-13,1654,120321,575,49832,1073,65629,6,4860,343,20761,1304,52095,350,72856,California
Butte,2021-04-14,2837,123158,2348,52180,489,66118,0,4860,1320,20571,1512,53607,1322,74178,California
Butte,2021-04-15,656,123814,412,52592,244,66362,0,4860,501,20920,152,53759,501,74679,California
Butte,2021-04-16,809,124623,413,53005,396,66758,0,4860,474,21061,333,54092,474,75153,California
Butte,2021-04-17,338,124961,61,53066,277,67035,0,4860,234,21193,102,54194,234,75387,California
Butte,2021-04-18,42,125003,9,53075,33,67068,0,4860,37,21225,5,54199,37,75424,California
Butte,2021-04-19,1561,126564,381,53456,1180,68248,0,4860,429,20525,1129,55328,429,75853,California
Butte,2021-04-20,1970,128534,718,54174,1252,69500,0,4860,752,20067,1210,56538,752,76605,California
Butte,2021-04-21,2042,130576,1161,55335,881,70381,0,4860,462,18956,1573,58111,462,77067,California
Butte,2021-04-22,2218,132794,1941,57276,277,70658,0,4860,612,17965,1603,59714,612,77679,California
Butte,2021-04-23,939,133733,443,57719,496,71154,0,4860,488,18002,451,60165,488,78167,California
Butte,2021-04-24,346,134079,138,57857,208,71362,0,4860,190,18037,155,60320,190,78357,California
Butte,2021-04-25,172,134251,67,57924,105,71467,0,4860,63,17991,109,60429,63,78420,California
Butte,2021-04-26,1562,135813,455,58379,1102,72569,5,4865,405,17247,1154,61583,410,78830,California
Butte,2021-04-27,1020,136833,677,59056,316,72885,27,4892,585,17430,429,62012,612,79442,California
Butte,2021-04-28,1387,138220,932,59988,430,73315,25,4917,498,17068,885,62897,523,79965,California
Butte,2021-04-29,889,139109,543,60531,321,73636,25,4942,301,16812,582,63479,326,80291,California
Butte,2021-04-30,892,140001,388,60919,483,74119,21,4963,448,16842,438,63917,468,80759,California
Butte,2021-05-01,241,140242,64,60983,158,74277,19,4982,72,16764,168,64085,90,80849,California
Butte,2021-05-02,150,140392,62,61045,75,74352,13,4995,44,16715,106,64191,57,80906,California
Butte,2021-05-03,634,141026,256,61301,347,74699,31,5026,177,16476,447,64638,208,81114,California
Butte,2021-05-04,818,141844,317,61618,469,75168,32,5058,211,16117,601,65239,242,81356,California
Butte,2021-05-05,1337,143181,1092,62710,209,75377,36,5094,271,15364,1061,66300,308,81664,California
Butte,2021-05-06,934,144115,673,63383,224,75601,37,5131,359,15188,572,66872,396,82060,California
Butte,2021-05-07,562,144677,289,63672,237,75838,36,5167,288,15240,271,67143,323,82383,California
Butte,2021-05-08,169,144846,35,63707,125,75963,9,5176,89,15259,79,67222,98,82481,California
Butte,2021-05-09,93,144939,19,63726,71,76034,3,5179,50,15269,43,67265,53,82534,California
Butte,2021-05-10,514,145453,302,64028,169,76203,43,5222,210,15221,301,67566,253,82787,California
Butte,2021-05-11,871,146324,643,64671,169,76372,59,5281,278,14968,590,68156,337,83124,California
Butte,2021-05-12,762,147086,481,65152,235,76607,46,5327,339,14935,418,68574,385,83509,California
Butte,2021-05-13,903,147989,603,65755,238,76845,62,5389,327,14759,563,69137,387,83896,California
Butte,2021-05-14,831,148820,519,66274,282,77127,30,5419,359,14678,469,69606,388,84284,California
Butte,2021-05-15,480,149300,224,66498,224,77351,32,5451,224,14679,255,69861,256,84540,California
Butte,2021-05-16,167,149467,83,66581,66,77417,18,5469,98,14727,68,69929,116,84656,California
Butte,2021-05-17,755,150222,483,67064,224,77641,48,5517,321,14668,427,70356,368,85024,California
Butte,2021-05-18,1058,151280,726,67790,284,77925,48,5565,472,14608,580,70936,520,85544,California
Butte,2021-05-19,825,152105,533,68323,248,78173,44,5609,330,14491,490,71426,373,85917,California
Butte,2021-05-20,912,153017,621,68944,184,78357,107,5716,379,14446,530,71956,485,86402,California
Butte,2021-05-21,817,153834,492,69436,299,78656,26,5742,278,14213,536,72492,303,86705,California
Butte,2021-05-22,270,154104,121,69557,142,78798,7,5749,128,14209,139,72631,135,86840,California
Butte,2021-05-23,117,154221,67,69624,49,78847,1,5750,72,14237,45,72676,73,86913,California
Butte,2021-05-24,335,154556,149,69773,137,78984,49,5799,166,14284,167,72843,214,87127,California
Butte,2021-05-25,692,155248,443,70216,213,79197,36,5835,342,14319,343,73186,378,87505,California
Butte,2021-05-26,561,155809,181,70397,358,79555,22,5857,254,14297,298,73484,276,87781,California
Butte,2021-05-27,862,156671,621,71018,224,79779,17,5874,427,14312,430,73914,445,88226,California
Butte,2021-05-28,515,157186,139,71157,297,80076,79,5953,214,14306,299,74213,293,88519,California
Butte,2021-05-29,224,157410,116,71273,96,80172,12,5965,148,14390,76,74289,160,88679,California
Butte,2021-05-30,107,157517,56,71329,51,80223,0,5965,61,14405,46,74335,61,88740,California
Butte,2021-05-31,43,157560,23,71352,18,80241,2,5967,25,14414,18,74353,27,88767,California
Butte,2021-06-01,670,158230,422,71774,213,80454,35,6002,252,14286,415,74768,287,89054,California
Butte,2021-06-02,814,159044,571,72345,202,80656,41,6043,355,14227,455,75223,396,89450,California
Butte,2021-06-03,614,159658,412,72757,187,80843,15,6058,215,14061,396,75619,230,89680,California
Butte,2021-06-04,458,160116,258,73015,174,81017,26,6084,140,13914,313,75932,166,89846,California
Butte,2021-06-05,307,160423,197,73212,91,81108,19,6103,93,13812,214,76146,112,89958,California
Butte,2021-06-06,125,160548,90,73302,32,81140,3,6106,25,13741,99,76245,28,89986,California
Butte,2021-06-07,371,160919,239,73541,104,81244,28,6134,149,13697,221,76466,177,90163,California
Butte,2021-06-08,623,161542,449,73990,159,81403,15,6149,179,13456,436,76902,195,90358,California
Butte,2021-06-09,146,161688,92,74082,43,81446,11,6160,56,13433,90,76992,67,90425,California
Calaveras,2020-12-16,5,5,5,5,0,0,0,0,5,5,0,0,5,5,California
Calaveras,2020-12-17,3,8,3,8,0,0,0,0,3,8,0,0,3,8,California
Calaveras,2020-12-18,39,47,39,47,0,0,0,0,39,47,0,0,39,47,California
Calaveras,2020-12-19,3,50,3,50,0,0,0,0,3,50,0,0,3,50,California
Calaveras,2020-12-20,4,54,4,54,0,0,0,0,4,54,0,0,4,54,California
Calaveras,2020-12-21,55,109,48,102,7,7,0,0,55,109,0,0,55,109,California
Calaveras,2020-12-22,82,191,78,180,4,11,0,0,83,192,0,0,83,192,California
Calaveras,2020-12-23,76,267,74,254,2,13,0,0,76,268,0,0,76,268,California
Calaveras,2020-12-24,2,269,2,256,0,13,0,0,2,270,0,0,2,270,California
Calaveras,2020-12-26,3,272,3,259,0,13,0,0,3,273,0,0,3,273,California
Calaveras,2020-12-27,1,273,1,260,0,13,0,0,1,274,0,0,1,274,California
Calaveras,2020-12-28,21,294,17,277,4,17,0,0,20,293,1,1,20,294,California
Calaveras,2020-12-29,159,453,138,415,21,38,0,0,159,452,0,1,159,453,California
Calaveras,2020-12-30,93,546,81,496,12,50,0,0,93,545,0,1,93,546,California
Calaveras,2020-12-31,36,582,25,521,11,61,0,0,36,581,0,1,36,582,California
Calaveras,2021-01-02,11,593,11,532,0,61,0,0,11,592,0,1,11,593,California
Calaveras,2021-01-03,10,603,4,536,6,67,0,0,10,602,0,1,10,603,California
Calaveras,2021-01-04,33,636,5,541,28,95,0,0,33,635,0,1,33,636,California
Calaveras,2021-01-05,41,677,10,551,31,126,0,0,32,663,9,10,37,673,California
Calaveras,2021-01-06,107,784,30,581,77,203,0,0,97,750,10,20,97,770,California
Calaveras,2021-01-07,105,889,26,607,79,282,0,0,92,832,11,31,93,863,California
Calaveras,2021-01-08,69,958,39,646,30,312,0,0,45,854,24,55,46,909,California
Calaveras,2021-01-09,5,963,5,651,0,312,0,0,2,853,3,58,2,911,California
Calaveras,2021-01-10,2,965,0,651,2,314,0,0,2,855,0,58,2,913,California
Calaveras,2021-01-11,65,1030,59,710,6,320,0,0,27,847,37,95,29,942,California
Calaveras,2021-01-12,86,1116,53,763,33,353,0,0,52,866,34,129,53,995,California
Calaveras,2021-01-13,109,1225,45,808,64,417,0,0,75,908,34,163,76,1071,California
Calaveras,2021-01-14,139,1364,43,851,96,513,0,0,106,983,32,195,107,1178,California
Calaveras,2021-01-15,92,1456,28,879,64,577,0,0,72,1035,20,215,72,1250,California
Calaveras,2021-01-16,13,1469,2,881,11,588,0,0,12,1046,1,216,12,1262,California
Calaveras,2021-01-17,10,1479,2,883,8,596,0,0,9,1054,1,217,9,1271,California
Calaveras,2021-01-18,131,1610,19,902,112,708,0,0,118,1162,13,230,121,1392,California
Calaveras,2021-01-19,208,1818,177,1079,31,739,0,0,70,1097,137,367,72,1464,California
Calaveras,2021-01-20,378,2196,82,1161,296,1035,0,0,289,1311,88,455,302,1766,California
Calaveras,2021-01-21,463,2659,40,1201,423,1458,0,0,427,1715,36,491,440,2206,California
Calaveras,2021-01-22,401,3060,23,1224,378,1836,0,0,390,2102,11,502,398,2604,California
Calaveras,2021-01-23,18,3078,8,1232,10,1846,0,0,17,2118,1,503,17,2621,California
Calaveras,2021-01-24,14,3092,8,1240,6,1852,0,0,12,2128,2,505,12,2633,California
Calaveras,2021-01-25,86,3178,8,1248,78,1930,0,0,81,2204,5,510,81,2714,California
Calaveras,2021-01-26,48,3226,16,1264,32,1962,0,0,39,2234,9,519,39,2753,California
Calaveras,2021-01-27,129,3355,45,1309,84,2046,0,0,100,2306,28,547,100,2853,California
Calaveras,2021-01-28,165,3520,25,1334,140,2186,0,0,139,2424,26,573,144,2997,California
Calaveras,2021-01-29,366,3886,12,1346,354,2540,0,0,334,2741,32,605,349,3346,California
Calaveras,2021-01-30,27,3913,10,1356,17,2557,0,0,25,2766,0,605,25,3371,California
Calaveras,2021-01-31,6,3919,4,1360,2,2559,0,0,5,2770,1,606,5,3376,California
Calaveras,2021-02-01,26,3945,11,1371,15,2574,0,0,17,2778,9,615,17,3393,California
Calaveras,2021-02-02,111,4056,22,1393,89,2663,0,0,72,2817,34,649,73,3466,California
Calaveras,2021-02-03,412,4468,44,1437,368,3031,0,0,326,3060,85,734,328,3794,California
Calaveras,2021-02-04,384,4852,26,1463,358,3389,0,0,299,3277,85,819,302,4096,California
Calaveras,2021-02-05,79,4931,22,1485,57,3446,0,0,41,3281,38,857,42,4138,California
Calaveras,2021-02-06,21,4952,12,1497,9,3455,0,0,21,3302,0,857,21,4159,California
Calaveras,2021-02-07,5,4957,1,1498,4,3459,0,0,2,3302,2,859,2,4161,California
Calaveras,2021-02-08,38,4995,17,1515,21,3480,0,0,30,3326,6,865,30,4191,California
Calaveras,2021-02-09,193,5188,77,1592,116,3596,0,0,130,3396,61,926,131,4322,California
Calaveras,2021-02-10,515,5703,31,1623,484,4080,0,0,442,3771,73,999,448,4770,California
Calaveras,2021-02-11,582,6285,82,1705,500,4580,0,0,470,4139,109,1108,477,5247,California
Calaveras,2021-02-12,569,6854,324,2029,245,4825,0,0,491,4558,76,1184,495,5742,California
Calaveras,2021-02-13,200,7054,45,2074,155,4980,0,0,185,4728,15,1199,185,5927,California
Calaveras,2021-02-14,221,7275,71,2145,150,5130,0,0,206,4920,14,1213,206,6133,California
Calaveras,2021-02-15,382,7657,23,2168,359,5489,0,0,262,5065,117,1330,262,6395,California
Calaveras,2021-02-16,268,7925,144,2312,124,5613,0,0,230,5260,38,1368,233,6628,California
Calaveras,2021-02-17,513,8438,39,2351,474,6087,0,0,208,5180,292,1660,212,6840,California
Calaveras,2021-02-18,498,8936,91,2442,407,6494,0,0,95,4892,384,2044,96,6936,California
Calaveras,2021-02-19,438,9374,42,2484,396,6890,0,0,97,4659,330,2374,97,7033,California
Calaveras,2021-02-20,57,9431,15,2499,42,6932,0,0,47,4696,10,2384,47,7080,California
Calaveras,2021-02-21,25,9456,15,2514,10,6942,0,0,18,4708,6,2390,18,7098,California
Calaveras,2021-02-22,62,9518,38,2552,24,6966,0,0,33,4712,29,2419,33,7131,California
Calaveras,2021-02-23,128,9646,43,2595,85,7051,0,0,92,4769,36,2455,93,7224,California
Calaveras,2021-02-24,96,9742,47,2642,49,7100,0,0,66,4806,29,2484,66,7290,California
Calaveras,2021-02-25,552,10294,102,2744,450,7550,0,0,356,4977,190,2674,361,7651,California
Calaveras,2021-02-26,775,11069,45,2789,730,8280,0,0,411,5048,341,3015,412,8063,California
Calaveras,2021-02-27,205,11274,23,2812,182,8462,0,0,181,5205,24,3039,181,8244,California
Calaveras,2021-02-28,97,11371,15,2827,82,8544,0,0,91,5291,5,3044,91,8335,California
Calaveras,2021-03-01,233,11604,42,2869,191,8735,0,0,149,5361,80,3124,150,8485,California
Calaveras,2021-03-02,252,11856,98,2967,154,8889,0,0,206,5525,43,3167,207,8692,California
Calaveras,2021-03-03,560,12416,105,3072,455,9344,0,0,242,5456,311,3478,242,8934,California
Calaveras,2021-03-04,747,13163,70,3142,676,10020,1,1,354,5428,384,3862,356,9290,California
Calaveras,2021-03-05,454,13617,271,3413,179,10199,4,5,140,5264,308,4170,144,9434,California
Calaveras,2021-03-06,154,13771,41,3454,107,10306,6,11,114,5344,40,4210,120,9554,California
Calaveras,2021-03-07,77,13848,32,3486,38,10344,7,18,35,5344,42,4252,42,9596,California
Calaveras,2021-03-08,163,14011,27,3513,128,10472,8,26,129,5448,33,4285,137,9733,California
Calaveras,2021-03-09,361,14372,136,3649,219,10691,6,32,32,5163,323,4608,38,9771,California
Calaveras,2021-03-10,419,14791,31,3680,385,11076,3,35,58,4871,353,4961,61,9832,California
Calaveras,2021-03-11,851,15642,424,4104,414,11490,13,48,431,4906,411,5372,446,10278,California
Calaveras,2021-03-12,401,16043,212,4316,179,11669,10,58,322,5169,78,5450,341,10619,California
Calaveras,2021-03-13,177,16220,15,4331,154,11823,8,66,138,5281,38,5488,150,10769,California
Calaveras,2021-03-14,155,16375,11,4342,143,11966,1,67,17,5168,138,5626,25,10794,California
Calaveras,2021-03-15,329,16704,48,4390,256,12222,25,92,52,4973,276,5902,81,10875,California
Calaveras,2021-03-16,691,17395,554,4944,117,12339,20,112,546,5396,143,6045,566,11441,California
Calaveras,2021-03-17,279,17674,52,4996,213,12552,14,126,49,5235,225,6270,64,11505,California
Calaveras,2021-03-18,665,18339,570,5566,79,12631,16,142,547,5682,118,6388,565,12070,California
Calaveras,2021-03-19,232,18571,50,5616,108,12739,74,216,58,5642,170,6558,130,12200,California
Calaveras,2021-03-20,78,18649,22,5638,55,12794,1,217,21,5608,57,6615,23,12223,California
Calaveras,2021-03-21,46,18695,29,5667,6,12800,11,228,10,5594,35,6650,21,12244,California
Calaveras,2021-03-22,80,18775,36,5703,23,12823,21,249,25,5585,55,6705,46,12290,California
Calaveras,2021-03-23,296,19071,205,5908,81,12904,10,259,116,5541,170,6875,126,12416,California
Calaveras,2021-03-24,136,19207,52,5960,74,12978,10,269,44,5505,90,6965,54,12470,California
Calaveras,2021-03-25,744,19951,103,6063,637,13615,4,273,447,5667,289,7254,451,12921,California
Calaveras,2021-03-26,427,20378,28,6091,393,14008,6,279,89,5429,335,7589,97,13018,California
Calaveras,2021-03-27,211,20589,19,6110,188,14196,4,283,37,5301,171,7760,43,13061,California
Calaveras,2021-03-28,112,20701,12,6122,98,14294,2,285,8,5209,103,7863,11,13072,California
Calaveras,2021-03-29,178,20879,23,6145,152,14446,3,288,57,5152,118,7981,61,13133,California
Calaveras,2021-03-30,538,21417,25,6170,496,14942,17,305,359,5350,178,8159,376,13509,California
Calaveras,2021-03-31,322,21739,141,6311,171,15113,10,315,155,5349,167,8326,166,13675,California
Calaveras,2021-04-01,685,22424,444,6755,240,15353,1,316,186,5044,496,8822,191,13866,California
Calaveras,2021-04-02,392,22816,229,6984,155,15508,8,324,116,4899,270,9092,125,13991,California
Calaveras,2021-04-03,144,22960,33,7017,107,15615,4,328,40,4839,104,9196,44,14035,California
Calaveras,2021-04-04,81,23041,26,7043,55,15670,0,328,50,4858,31,9227,50,14085,California
Calaveras,2021-04-05,213,23254,82,7125,121,15791,10,338,101,4857,112,9339,111,14196,California
Calaveras,2021-04-06,653,23907,575,7700,64,15855,14,352,112,4447,537,9876,127,14323,California
Calaveras,2021-04-07,757,24664,660,8360,61,15916,36,388,619,4965,138,10014,656,14979,California
Calaveras,2021-04-08,948,25612,857,9217,69,15985,22,410,438,4919,507,10521,461,15440,California
Calaveras,2021-04-09,155,25767,59,9276,48,16033,48,458,57,4928,97,10618,106,15546,California
Calaveras,2021-04-10,193,25960,43,9319,131,16164,19,477,149,5054,43,10661,169,15715,California
Calaveras,2021-04-11,68,26028,44,9363,22,16186,2,479,49,5086,19,10680,51,15766,California
Calaveras,2021-04-12,103,26131,46,9409,39,16225,18,497,55,5112,48,10728,74,15840,California
Calaveras,2021-04-13,422,26553,367,9776,55,16280,0,497,363,5419,58,10786,365,16205,California
Calaveras,2021-04-14,181,26734,29,9805,152,16432,0,497,135,5509,46,10832,136,16341,California
Calaveras,2021-04-15,338,27072,289,10094,49,16481,0,497,253,5680,82,10914,253,16594,California
Calaveras,2021-04-16,100,27172,25,10119,75,16556,0,497,46,5677,49,10963,46,16640,California
Calaveras,2021-04-17,330,27502,126,10245,204,16760,0,497,288,5923,42,11005,288,16928,California
Calaveras,2021-04-18,17,27519,6,10251,11,16771,0,497,11,5928,6,11011,11,16939,California
Calaveras,2021-04-19,74,27593,27,10278,47,16818,0,497,45,5946,28,11039,46,16985,California
Calaveras,2021-04-20,262,27855,93,10371,169,16987,0,497,194,6074,66,11105,194,17179,California
Calaveras,2021-04-21,213,28068,143,10514,70,17057,0,497,81,6026,130,11235,82,17261,California
Calaveras,2021-04-22,544,28612,96,10610,448,17505,0,497,142,5770,400,11635,144,17405,California
Calaveras,2021-04-23,157,28769,79,10689,78,17583,0,497,64,5744,90,11725,64,17469,California
Calaveras,2021-04-24,172,28941,36,10725,136,17719,0,497,129,5832,42,11767,130,17599,California
Calaveras,2021-04-25,43,28984,28,10753,15,17734,0,497,22,5835,21,11788,24,17623,California
Calaveras,2021-04-26,117,29101,74,10827,43,17777,0,497,34,5787,83,11871,35,17658,California
Calaveras,2021-04-27,441,29542,73,10900,355,18132,13,510,56,5474,382,12253,69,17727,California
Calaveras,2021-04-28,643,30185,575,11475,37,18169,31,541,52,4975,589,12842,90,17817,California
Calaveras,2021-04-29,513,30698,441,11916,53,18222,19,560,72,4632,439,13281,96,17913,California
Calaveras,2021-04-30,147,30845,58,11974,84,18306,5,565,65,4627,81,13362,76,17989,California
Calaveras,2021-05-01,201,31046,110,12084,88,18394,3,568,133,4700,67,13429,140,18129,California
Calaveras,2021-05-02,52,31098,35,12119,16,18410,1,569,19,4690,31,13460,21,18150,California
Calaveras,2021-05-03,92,31190,68,12187,19,18429,5,574,29,4665,63,13523,38,18188,California
Calaveras,2021-05-04,414,31604,328,12515,49,18478,37,611,42,4374,371,13894,80,18268,California
Calaveras,2021-05-05,112,31716,57,12572,23,18501,32,643,49,4392,62,13956,80,18348,California
Calaveras,2021-05-06,254,31970,194,12766,36,18537,24,667,47,4258,206,14162,72,18420,California
Calaveras,2021-05-07,86,32056,23,12789,57,18594,6,673,56,4290,30,14192,62,18482,California
Calaveras,2021-05-08,289,32345,141,12930,146,18740,2,675,90,4186,196,14388,92,18574,California
Calaveras,2021-05-09,28,32373,12,12942,13,18753,3,678,12,4185,16,14404,15,18589,California
Calaveras,2021-05-10,56,32429,25,12967,30,18783,1,679,25,4183,29,14433,27,18616,California
Calaveras,2021-05-11,134,32563,88,13055,33,18816,13,692,93,4250,40,14473,107,18723,California
Calaveras,2021-05-12,166,32729,45,13100,121,18937,0,692,50,4185,115,14588,50,18773,California
Calaveras,2021-05-13,119,32848,65,13165,39,18976,15,707,63,4210,54,14642,79,18852,California
Calaveras,2021-05-14,149,32997,92,13257,54,19030,3,710,100,4265,48,14690,103,18955,California
Calaveras,2021-05-15,265,33262,94,13351,168,19198,3,713,105,4219,154,14844,108,19063,California
Calaveras,2021-05-16,28,33290,11,13362,17,19215,0,713,13,4218,15,14859,14,19077,California
Calaveras,2021-05-17,87,33377,40,13402,40,19255,7,720,45,4230,41,14900,53,19130,California
Calaveras,2021-05-18,223,33600,60,13462,141,19396,22,742,71,4172,151,15051,93,19223,California
Calaveras,2021-05-19,146,33746,60,13522,82,19478,4,746,72,4176,73,15124,77,19300,California
Calaveras,2021-05-20,193,33939,74,13596,94,19572,25,771,63,4136,127,15251,87,19387,California
Calaveras,2021-05-21,90,34029,52,13648,34,19606,4,775,57,4165,31,15282,60,19447,California
Calaveras,2021-05-22,299,34328,159,13807,140,19746,0,775,147,4161,151,15433,147,19594,California
Calaveras,2021-05-23,30,34358,14,13821,16,19762,0,775,12,4155,18,15451,12,19606,California
Calaveras,2021-05-24,73,34431,37,13858,20,19782,16,791,31,4161,42,15493,48,19654,California
Calaveras,2021-05-25,122,34553,46,13904,59,19841,17,808,57,4170,65,15558,74,19728,California
Calaveras,2021-05-26,120,34673,87,13991,29,19870,4,812,82,4218,37,15595,85,19813,California
Calaveras,2021-05-27,83,34756,43,14034,36,19906,4,816,27,4197,53,15648,32,19845,California
Calaveras,2021-05-28,83,34839,43,14077,36,19942,4,820,41,4200,42,15690,45,19890,California
Calaveras,2021-05-29,68,34907,23,14100,40,19982,5,825,33,4203,35,15725,38,19928,California
Calaveras,2021-05-30,36,34943,14,14114,17,19999,5,830,11,4194,25,15750,16,19944,California
Calaveras,2021-05-31,5,34948,0,14114,3,20002,2,832,0,4191,5,15755,2,19946,California
Calaveras,2021-06-01,144,35092,97,14211,41,20043,6,838,44,4141,100,15855,50,19996,California
Calaveras,2021-06-02,85,35177,54,14265,27,20070,4,842,36,4132,49,15904,40,20036,California
Calaveras,2021-06-03,93,35270,55,14320,31,20101,7,849,42,4134,49,15953,51,20087,California
Calaveras,2021-06-04,136,35406,91,14411,34,20135,11,860,34,4077,102,16055,45,20132,California
Calaveras,2021-06-05,79,35485,23,14434,54,20189,2,862,29,4059,49,16104,31,20163,California
Calaveras,2021-06-06,37,35522,25,14459,9,20198,3,865,20,4065,17,16121,23,20186,California
Calaveras,2021-06-07,54,35576,37,14496,9,20207,8,873,18,4056,35,16156,26,20212,California
Calaveras,2021-06-08,114,35690,67,14563,40,20247,7,880,49,4047,65,16221,56,20268,California
Calaveras,2021-06-09,35,35725,11,14574,18,20265,6,886,9,4036,26,16247,15,20283,California
Colusa,2020-12-18,1,1,1,1,0,0,0,0,1,1,0,0,1,1,California
Colusa,2020-12-21,2,3,2,3,0,0,0,0,2,3,0,0,2,3,California
Colusa,2020-12-22,10,13,10,13,0,0,0,0,10,13,0,0,10,13,California
Colusa,2020-12-23,10,23,10,23,0,0,0,0,10,23,0,0,10,23,California
Colusa,2020-12-24,2,25,1,24,1,1,0,0,2,25,0,0,2,25,California
Colusa,2020-12-27,1,26,1,25,0,1,0,0,1,26,0,0,1,26,California
Colusa,2020-12-28,7,33,3,28,4,5,0,0,7,33,0,0,7,33,California
Colusa,2020-12-29,11,44,8,36,3,8,0,0,11,44,0,0,11,44,California
Colusa,2020-12-30,51,95,14,50,37,45,0,0,51,95,0,0,51,95,California
Colusa,2020-12-31,18,113,1,51,17,62,0,0,18,113,0,0,18,113,California
Colusa,2021-01-04,4,117,0,51,4,66,0,0,4,117,0,0,4,117,California
Colusa,2021-01-05,68,185,1,52,67,133,0,0,68,185,0,0,68,185,California
Colusa,2021-01-06,15,200,9,61,6,139,0,0,15,200,0,0,15,200,California
Colusa,2021-01-07,38,238,4,65,34,173,0,0,37,236,1,1,37,237,California
Colusa,2021-01-08,9,247,7,72,2,175,0,0,8,243,1,2,8,245,California
Colusa,2021-01-09,2,249,1,73,1,176,0,0,2,245,0,2,2,247,California
Colusa,2021-01-10,1,250,0,73,1,177,0,0,1,246,0,2,1,248,California
Colusa,2021-01-11,12,262,6,79,6,183,0,0,7,248,5,7,7,255,California
Colusa,2021-01-12,11,273,9,88,2,185,0,0,6,249,5,12,6,261,California
Colusa,2021-01-13,21,294,13,101,8,193,0,0,13,254,8,20,13,274,California
Colusa,2021-01-14,35,329,28,129,7,200,0,0,33,285,2,22,33,307,California
Colusa,2021-01-15,43,372,5,134,38,238,0,0,41,324,2,24,41,348,California
Colusa,2021-01-16,12,384,1,135,11,249,0,0,11,334,1,25,11,359,California
Colusa,2021-01-17,3,387,2,137,1,250,0,0,2,335,1,26,2,361,California
Colusa,2021-01-18,4,391,0,137,4,254,0,0,4,339,0,26,4,365,California
Colusa,2021-01-19,9,400,8,145,1,255,0,0,5,340,4,30,5,370,California
Colusa,2021-01-20,114,514,102,247,12,267,0,0,101,428,13,43,101,471,California
Colusa,2021-01-21,58,572,43,290,15,282,0,0,57,484,1,44,57,528,California
Colusa,2021-01-22,37,609,17,307,20,302,0,0,32,511,5,49,32,560,California
Colusa,2021-01-23,35,644,6,313,29,331,0,0,35,546,0,49,35,595,California
Colusa,2021-01-25,7,651,0,313,7,338,0,0,7,553,0,49,7,602,California
Colusa,2021-01-26,8,659,5,318,3,341,0,0,5,555,3,52,5,607,California
Colusa,2021-01-27,109,768,31,349,78,419,0,0,107,660,2,54,107,714,California
Colusa,2021-01-28,82,850,47,396,35,454,0,0,74,727,8,62,75,789,California
Colusa,2021-01-29,40,890,7,403,33,487,0,0,39,765,1,63,39,828,California
Colusa,2021-01-30,27,917,4,407,23,510,0,0,27,792,0,63,27,855,California
Colusa,2021-01-31,7,924,7,414,0,510,0,0,7,799,0,63,7,862,California
Colusa,2021-02-01,27,951,10,424,17,527,0,0,22,816,5,68,22,884,California
Colusa,2021-02-02,44,995,9,433,35,562,0,0,37,846,7,75,37,921,California
Colusa,2021-02-03,70,1065,11,444,59,621,0,0,59,894,11,86,59,980,California
Colusa,2021-02-04,143,1208,81,525,62,683,0,0,115,981,28,114,115,1095,California
Colusa,2021-02-05,29,1237,8,533,21,704,0,0,26,1004,3,117,26,1121,California
Colusa,2021-02-06,283,1520,9,542,274,978,0,0,272,1265,11,128,272,1393,California
Colusa,2021-02-07,2,1522,1,543,1,979,0,0,0,1263,2,130,0,1393,California
Colusa,2021-02-08,40,1562,5,548,35,1014,0,0,37,1297,3,133,37,1430,California
Colusa,2021-02-09,230,1792,14,562,216,1230,0,0,176,1419,54,187,176,1606,California
Colusa,2021-02-10,115,1907,41,603,74,1304,0,0,72,1448,43,230,72,1678,California
Colusa,2021-02-11,102,2009,39,642,63,1367,0,0,75,1496,27,257,75,1753,California
Colusa,2021-02-12,119,2128,9,651,110,1477,0,0,79,1534,41,298,79,1832,California
Colusa,2021-02-13,60,2188,8,659,52,1529,0,0,52,1578,8,306,52,1884,California
Colusa,2021-02-14,21,2209,8,667,13,1542,0,0,15,1587,6,312,15,1899,California
Colusa,2021-02-15,45,2254,10,677,35,1577,0,0,38,1618,7,319,38,1937,California
Colusa,2021-02-16,67,2321,4,681,63,1640,0,0,66,1683,1,320,66,2003,California
Colusa,2021-02-17,203,2524,143,824,60,1700,0,0,58,1596,145,465,58,2061,California
Colusa,2021-02-18,136,2660,36,860,100,1800,0,0,113,1686,23,488,113,2174,California
Colusa,2021-02-19,153,2813,19,879,134,1934,0,0,130,1793,23,511,130,2304,California
Colusa,2021-02-20,27,2840,5,884,22,1956,0,0,11,1788,16,527,11,2315,California
Colusa,2021-02-21,1,2841,1,885,0,1956,0,0,0,1787,1,528,0,2315,California
Colusa,2021-02-22,43,2884,26,911,17,1973,0,0,29,1802,14,542,29,2344,California
Colusa,2021-02-23,22,2906,7,918,15,1988,0,0,17,1814,5,547,17,2361,California
Colusa,2021-02-24,302,3208,55,973,247,2235,0,0,158,1828,144,691,158,2519,California
Colusa,2021-02-25,102,3310,55,1028,47,2282,0,0,66,1858,36,727,66,2585,California
Colusa,2021-02-26,96,3406,14,1042,82,2364,0,0,59,1880,37,764,59,2644,California
Colusa,2021-02-27,55,3461,4,1046,51,2415,0,0,40,1905,15,779,40,2684,California
Colusa,2021-02-28,27,3488,15,1061,12,2427,0,0,18,1914,9,788,18,2702,California
Colusa,2021-03-01,46,3534,15,1076,31,2458,0,0,29,1926,17,805,29,2731,California
Colusa,2021-03-02,49,3583,13,1089,36,2494,0,0,26,1929,23,828,26,2757,California
Colusa,2021-03-03,243,3826,43,1132,200,2694,0,0,186,2058,57,885,186,2943,California
Colusa,2021-03-04,140,3966,60,1192,80,2774,0,0,80,2078,60,945,80,3023,California
Colusa,2021-03-05,95,4061,25,1217,61,2835,9,9,53,2098,42,987,62,3085,California
Colusa,2021-03-06,273,4334,9,1226,264,3099,0,9,38,1901,235,1222,38,3123,California
Colusa,2021-03-07,8,4342,5,1231,3,3102,0,9,6,1905,2,1224,6,3129,California
Colusa,2021-03-08,89,4431,21,1252,33,3135,35,44,45,1941,44,1268,80,3209,California
Colusa,2021-03-09,276,4707,75,1327,178,3313,23,67,86,1860,190,1458,109,3318,California
Colusa,2021-03-10,290,4997,38,1365,216,3529,36,103,204,2014,86,1544,240,3558,California
Colusa,2021-03-11,419,5416,60,1425,338,3867,21,124,337,2288,82,1626,356,3914,California
Colusa,2021-03-12,109,5525,18,1443,78,3945,13,137,19,2230,90,1716,32,3946,California
Colusa,2021-03-13,60,5585,15,1458,36,3981,9,146,18,2215,42,1758,27,3973,California
Colusa,2021-03-14,20,5605,0,1458,18,3999,2,148,6,2210,13,1771,8,3981,California
Colusa,2021-03-15,71,5676,27,1485,36,4035,8,156,15,2177,56,1827,23,4004,California
Colusa,2021-03-16,296,5972,16,1501,234,4269,46,202,189,2305,107,1934,235,4239,California
Colusa,2021-03-17,193,6165,50,1551,143,4412,0,202,108,2328,85,2019,108,4347,California
Colusa,2021-03-18,324,6489,37,1588,216,4628,71,273,201,2477,123,2142,272,4619,California
Colusa,2021-03-19,78,6567,20,1608,56,4684,2,275,53,2507,25,2167,55,4674,California
Colusa,2021-03-20,49,6616,7,1615,41,4725,1,276,36,2531,13,2180,37,4711,California
Colusa,2021-03-21,6,6622,4,1619,2,4727,0,276,3,2531,3,2183,3,4714,California
Colusa,2021-03-22,62,6684,10,1629,43,4770,9,285,40,2558,22,2205,49,4763,California
Colusa,2021-03-23,81,6765,16,1645,63,4833,2,287,55,2589,26,2231,57,4820,California
Colusa,2021-03-24,341,7106,57,1702,278,5111,6,293,68,2389,273,2504,73,4893,California
Colusa,2021-03-25,107,7213,60,1762,42,5153,5,298,50,2387,57,2561,55,4948,California
Colusa,2021-03-26,298,7511,48,1810,246,5399,4,302,246,2585,52,2613,250,5198,California
Colusa,2021-03-27,64,7575,5,1815,59,5458,0,302,26,2573,38,2651,26,5224,California
Colusa,2021-03-28,16,7591,7,1822,9,5467,0,302,8,2573,8,2659,8,5232,California
Colusa,2021-03-29,73,7664,21,1843,46,5513,6,308,33,2572,40,2699,39,5271,California
Colusa,2021-03-30,151,7815,83,1926,66,5579,2,310,71,2565,80,2779,73,5344,California
Colusa,2021-03-31,234,8049,41,1967,193,5772,0,310,73,2478,160,2939,73,5417,California
Colusa,2021-04-01,435,8484,72,2039,308,6080,55,365,312,2722,122,3061,366,5783,California
Colusa,2021-04-02,83,8567,14,2053,55,6135,14,379,39,2731,44,3105,53,5836,California
Colusa,2021-04-03,61,8628,10,2063,28,6163,23,402,14,2720,47,3152,36,5872,California
Colusa,2021-04-04,18,8646,0,2063,8,6171,10,412,3,2718,15,3167,13,5885,California
Colusa,2021-04-05,97,8743,26,2089,55,6226,16,428,39,2715,58,3225,55,5940,California
Colusa,2021-04-06,130,8873,35,2124,45,6271,50,478,43,2721,87,3312,93,6033,California
Colusa,2021-04-07,358,9231,41,2165,294,6565,23,501,131,2649,227,3539,155,6188,California
Colusa,2021-04-08,426,9657,35,2200,365,6930,26,527,120,2493,303,3842,147,6335,California
Colusa,2021-04-09,77,9734,21,2221,32,6962,24,551,28,2496,49,3891,52,6387,California
Colusa,2021-04-10,44,9778,9,2230,14,6976,21,572,11,2495,33,3924,32,6419,California
Colusa,2021-04-11,17,9795,3,2233,12,6988,2,574,8,2496,9,3933,10,6429,California
Colusa,2021-04-12,32,9827,3,2236,29,7017,0,574,25,2514,7,3940,25,6454,California
Colusa,2021-04-13,278,10105,22,2258,256,7273,0,574,93,2423,184,4124,93,6547,California
Colusa,2021-04-14,94,10199,18,2276,76,7349,0,574,33,2395,61,4185,33,6580,California
Colusa,2021-04-15,325,10524,46,2322,279,7628,0,574,133,2336,192,4377,133,6713,California
Colusa,2021-04-16,79,10603,11,2333,68,7696,0,574,35,2328,43,4420,35,6748,California
Colusa,2021-04-17,51,10654,7,2340,44,7740,0,574,29,2335,22,4442,29,6777,California
Colusa,2021-04-18,9,10663,2,2342,7,7747,0,574,7,2340,2,4444,7,6784,California
Colusa,2021-04-19,61,10724,22,2364,39,7786,0,574,16,2311,45,4489,16,6800,California
Colusa,2021-04-20,178,10902,31,2395,147,7933,0,574,129,2391,49,4538,129,6929,California
Colusa,2021-04-21,170,11072,59,2454,111,8044,0,574,110,2441,60,4598,110,7039,California
Colusa,2021-04-22,420,11492,27,2481,392,8436,1,575,218,2458,201,4799,218,7257,California
Colusa,2021-04-23,92,11584,19,2500,73,8509,0,575,36,2438,56,4855,36,7293,California
Colusa,2021-04-24,241,11825,19,2519,221,8730,1,576,209,2615,32,4887,209,7502,California
Colusa,2021-04-25,12,11837,6,2525,6,8736,0,576,8,2619,4,4891,8,7510,California
Colusa,2021-04-26,25,11862,5,2530,19,8755,1,577,6,2607,18,4909,6,7516,California
Colusa,2021-04-27,94,11956,23,2553,67,8822,4,581,44,2605,50,4959,48,7564,California
Colusa,2021-04-28,189,12145,27,2580,159,8981,3,584,139,2698,49,5008,142,7706,California
Colusa,2021-04-29,319,12464,27,2607,288,9269,4,588,47,2479,270,5278,51,7757,California
Colusa,2021-04-30,65,12529,18,2625,47,9316,0,588,41,2496,24,5302,41,7798,California
Colusa,2021-05-01,19,12548,8,2633,8,9324,3,591,9,2498,10,5312,12,7810,California
Colusa,2021-05-02,4,12552,1,2634,2,9326,1,592,2,2499,2,5314,3,7813,California
Colusa,2021-05-03,31,12583,7,2641,24,9350,0,592,15,2498,16,5330,15,7828,California
Colusa,2021-05-04,95,12678,52,2693,42,9392,1,593,68,2540,27,5357,69,7897,California
Colusa,2021-05-05,79,12757,16,2709,62,9454,1,594,34,2530,45,5402,35,7932,California
Colusa,2021-05-06,254,13011,16,2725,236,9690,2,596,111,2500,143,5545,113,8045,California
Colusa,2021-05-07,67,13078,5,2730,58,9748,4,600,31,2499,36,5581,35,8080,California
Colusa,2021-05-08,17,13095,5,2735,12,9760,0,600,9,2500,8,5589,9,8089,California
Colusa,2021-05-09,13,13108,5,2740,5,9765,3,603,6,2502,7,5596,9,8098,California
Colusa,2021-05-10,16,13124,6,2746,10,9775,0,603,7,2500,9,5605,7,8105,California
Colusa,2021-05-11,92,13216,33,2779,59,9834,0,603,50,2508,42,5647,50,8155,California
Colusa,2021-05-12,73,13289,31,2810,38,9872,4,607,20,2479,53,5700,24,8179,California
Colusa,2021-05-13,242,13531,24,2834,217,10089,1,608,78,2394,164,5864,79,8258,California
Colusa,2021-05-14,86,13617,18,2852,53,10142,15,623,33,2390,52,5916,48,8306,California
Colusa,2021-05-15,37,13654,9,2861,26,10168,2,625,19,2393,18,5934,21,8327,California
Colusa,2021-05-16,22,13676,5,2866,10,10178,7,632,9,2396,13,5947,16,8343,California
Colusa,2021-05-17,24,13700,4,2870,18,10196,2,634,12,2398,12,5959,14,8357,California
Colusa,2021-05-18,98,13798,24,2894,72,10268,2,636,43,2388,55,6014,45,8402,California
Colusa,2021-05-19,217,14015,43,2937,154,10422,20,656,67,2325,150,6164,87,8489,California
Colusa,2021-05-20,281,14296,34,2971,243,10665,4,660,69,2186,212,6376,73,8562,California
Colusa,2021-05-21,68,14364,23,2994,43,10708,2,662,36,2192,32,6408,38,8600,California
Colusa,2021-05-22,217,14581,20,3014,197,10905,0,662,29,2033,188,6596,29,8629,California
Colusa,2021-05-23,18,14599,7,3021,7,10912,4,666,5,2029,13,6609,9,8638,California
Colusa,2021-05-24,26,14625,3,3024,18,10930,5,671,15,2038,11,6620,20,8658,California
Colusa,2021-05-25,132,14757,73,3097,57,10987,2,673,50,2008,82,6702,52,8710,California
Colusa,2021-05-26,72,14829,25,3122,47,11034,0,673,33,2002,39,6741,33,8743,California
Colusa,2021-05-27,170,14999,17,3139,153,11187,0,673,54,1940,116,6857,54,8797,California
Colusa,2021-05-28,80,15079,26,3165,53,11240,1,674,40,1941,40,6897,41,8838,California
Colusa,2021-05-29,37,15116,18,3183,18,11258,1,675,29,1963,8,6905,30,8868,California
Colusa,2021-05-30,8,15124,1,3184,2,11260,5,680,1,1962,7,6912,6,8874,California
Colusa,2021-05-31,4,15128,0,3184,4,11264,0,680,1,1960,3,6915,1,8875,California
Colusa,2021-06-01,53,15181,17,3201,35,11299,1,681,28,1965,24,6939,29,8904,California
Colusa,2021-06-02,146,15327,20,3221,124,11423,2,683,52,1926,93,7032,54,8958,California
Colusa,2021-06-03,63,15390,20,3241,42,11465,1,684,26,1919,34,7066,27,8985,California
Colusa,2021-06-04,57,15447,18,3259,36,11501,3,687,19,1904,37,7103,22,9007,California
Colusa,2021-06-05,34,15481,16,3275,17,11518,1,688,17,1905,17,7120,18,9025,California
Colusa,2021-06-06,7,15488,3,3278,3,11521,1,689,4,1907,3,7123,5,9030,California
Colusa,2021-06-07,24,15512,6,3284,18,11539,0,689,13,1909,11,7134,13,9043,California
Colusa,2021-06-08,67,15579,17,3301,50,11589,0,689,25,1892,42,7176,25,9068,California
Colusa,2021-06-09,35,15614,15,3316,20,11609,0,689,16,1889,19,7195,16,9084,California
Contra Costa,2020-12-15,18,18,18,18,0,0,0,0,18,18,0,0,18,18,California
Contra Costa,2020-12-16,523,541,523,541,0,0,0,0,523,541,0,0,523,541,California
Contra Costa,2020-12-17,1047,1588,1047,1588,0,0,0,0,1047,1588,0,0,1047,1588,California
Contra Costa,2020-12-18,1760,3348,1759,3347,1,1,0,0,1760,3348,0,0,1760,3348,California
Contra Costa,2020-12-19,1119,4467,1118,4465,1,2,0,0,1119,4467,0,0,1119,4467,California
Contra Costa,2020-12-20,598,5065,597,5062,1,3,0,0,598,5065,0,0,598,5065,California
Contra Costa,2020-12-21,1668,6733,1666,6728,2,5,0,0,1668,6733,0,0,1668,6733,California
Contra Costa,2020-12-22,1680,8413,1574,8302,106,111,0,0,1680,8413,0,0,1680,8413,California
Contra Costa,2020-12-23,1624,10037,1376,9678,248,359,0,0,1624,10037,0,0,1624,10037,California
Contra Costa,2020-12-24,663,10700,340,10018,323,682,0,0,663,10700,0,0,663,10700,California
Contra Costa,2020-12-25,40,10740,18,10036,22,704,0,0,40,10740,0,0,40,10740,California
Contra Costa,2020-12-26,656,11396,134,10170,522,1226,0,0,656,11396,0,0,656,11396,California
Contra Costa,2020-12-27,243,11639,86,10256,157,1383,0,0,243,11639,0,0,243,11639,California
Contra Costa,2020-12-28,1857,13496,874,11130,983,2366,0,0,1857,13496,0,0,1857,13496,California
Contra Costa,2020-12-29,1857,15353,831,11961,1026,3392,0,0,1857,15353,0,0,1857,15353,California
Contra Costa,2020-12-30,2420,17773,1220,13181,1200,4592,0,0,2419,17772,1,1,2420,17773,California
Contra Costa,2020-12-31,928,18701,308,13489,620,5212,0,0,927,18699,0,1,927,18700,California
Contra Costa,2021-01-01,66,18767,24,13513,42,5254,0,0,66,18765,0,1,66,18766,California
Contra Costa,2021-01-02,340,19107,175,13688,165,5419,0,0,340,19105,0,1,340,19106,California
Contra Costa,2021-01-03,180,19287,122,13810,58,5477,0,0,179,19284,0,1,179,19285,California
Contra Costa,2021-01-04,1919,21206,1257,15067,662,6139,0,0,1890,21147,27,28,1890,21175,California
Contra Costa,2021-01-05,2120,23326,1264,16331,856,6995,0,0,1834,22697,285,313,1835,23010,California
Contra Costa,2021-01-06,3313,26639,2272,18603,1041,8036,0,0,2498,24390,809,1122,2502,25512,California
Contra Costa,2021-01-07,3120,29759,2080,20683,1040,9076,0,0,1798,24871,1319,2441,1800,27312,California
Contra Costa,2021-01-08,3414,33173,2413,23096,1001,10077,0,0,1761,24988,1648,4089,1765,29077,California
Contra Costa,2021-01-09,1604,34777,1150,24246,454,10531,0,0,737,24862,866,4955,740,29817,California
Contra Costa,2021-01-10,368,35145,291,24537,77,10608,0,0,155,24804,213,5168,155,29972,California
Contra Costa,2021-01-11,3858,39003,3159,27696,699,11307,0,0,2232,25413,1626,6794,2235,32207,California
Contra Costa,2021-01-12,3937,42940,2956,30652,981,12288,0,0,2590,26659,1347,8141,2593,34800,California
Contra Costa,2021-01-13,4769,47709,2960,33612,1809,14097,0,0,3804,29505,961,9102,3807,38607,California
Contra Costa,2021-01-14,4341,52050,1575,35187,2766,16863,0,0,3954,33072,387,9489,3954,42561,California
Contra Costa,2021-01-15,5361,57411,2473,37660,2888,19751,0,0,5033,37782,327,9816,5037,47598,California
Contra Costa,2021-01-16,1735,59146,561,38221,1174,20925,0,0,1659,39365,76,9892,1659,49257,California
Contra Costa,2021-01-17,1664,60810,979,39200,685,21610,0,0,1542,40788,122,10014,1545,50802,California
Contra Costa,2021-01-18,3241,64051,1283,40483,1958,23568,0,0,2610,42777,625,10639,2614,53416,California
Contra Costa,2021-01-19,7089,71140,3172,43655,3917,27485,0,0,6079,47855,1007,11646,6085,59501,California
Contra Costa,2021-01-20,6740,77880,4153,47808,2587,30072,0,0,5500,52125,1236,12882,5506,65007,California
Contra Costa,2021-01-21,7043,84923,3132,50940,3911,33983,0,0,6308,57712,729,13611,6316,71323,California
Contra Costa,2021-01-22,6428,91351,2728,53668,3700,37683,0,0,5562,62420,857,14468,5565,76888,California
Contra Costa,2021-01-23,2055,93406,361,54029,1694,39377,0,0,1792,63953,261,14729,1794,78682,California
Contra Costa,2021-01-24,1600,95006,219,54248,1381,40758,0,0,1452,65261,148,14877,1456,80138,California
Contra Costa,2021-01-25,6727,101733,3056,57304,3671,44429,0,0,5140,68821,1585,16462,5145,85283,California
Contra Costa,2021-01-26,8200,109933,4733,62037,3467,47896,0,0,6321,73277,1871,18333,6327,91610,California
Contra Costa,2021-01-27,8278,118211,5453,67490,2825,50721,0,0,6413,77842,1853,20186,6418,98028,California
Contra Costa,2021-01-28,7526,125737,4101,71591,3425,54146,0,0,5901,82128,1619,21805,5905,103933,California
Contra Costa,2021-01-29,7512,133249,3916,75507,3596,57742,0,0,6183,86989,1325,23130,6186,110119,California
Contra Costa,2021-01-30,2158,135407,663,76170,1495,59237,0,0,1749,88336,402,23532,1749,111868,California
Contra Costa,2021-01-31,667,136074,438,76608,229,59466,0,0,574,88820,90,23622,574,112442,California
Contra Costa,2021-02-01,5897,141971,4104,80712,1793,61259,0,0,3985,90904,1904,25526,3988,116430,California
Contra Costa,2021-02-02,7628,149599,5111,85823,2517,63776,0,0,5917,95112,1710,27236,5918,122348,California
Contra Costa,2021-02-03,8341,157940,5510,91333,2831,66607,0,0,5660,98101,2672,29908,5661,128009,California
Contra Costa,2021-02-04,7571,165511,3604,94937,3967,70574,0,0,5800,102135,1769,31677,5803,133812,California
Contra Costa,2021-02-05,8488,173999,4838,99775,3650,74224,0,0,5780,105214,2701,34378,5780,139592,California
Contra Costa,2021-02-06,3511,177510,2174,101949,1337,75561,0,0,2854,107413,656,35034,2855,142447,California
Contra Costa,2021-02-07,994,178504,722,102671,272,75833,0,0,611,107642,382,35416,611,143058,California
Contra Costa,2021-02-08,5926,184430,3517,106188,2409,78242,0,0,4413,110550,1506,36922,4414,147472,California
Contra Costa,2021-02-09,8729,193159,4826,111014,3903,82145,0,0,5817,113463,2905,39827,5818,153290,California
Contra Costa,2021-02-10,8706,201865,4690,115704,4016,86161,0,0,5402,115580,3289,43116,5406,158696,California
Contra Costa,2021-02-11,9400,211265,4240,119944,5160,91321,0,0,5312,116815,4082,47198,5317,164013,California
Contra Costa,2021-02-12,10147,221412,4651,124595,5496,96817,0,0,5492,117662,4648,51846,5495,169508,California
Contra Costa,2021-02-13,4919,226331,1383,125978,3536,100353,0,0,3426,119599,1490,53336,3427,172935,California
Contra Costa,2021-02-14,2108,228439,868,126846,1240,101593,0,0,1226,119945,880,54216,1226,174161,California
Contra Costa,2021-02-15,4496,232935,2482,129328,2014,103607,0,0,2350,120158,2138,56354,2351,176512,California
Contra Costa,2021-02-16,10474,243409,4940,134268,5534,109141,0,0,4667,119030,5799,62153,4671,181183,California
Contra Costa,2021-02-17,12380,255789,6206,140474,6174,115315,0,0,5677,118020,6688,68841,5678,186861,California
Contra Costa,2021-02-18,11557,267346,6009,146483,5548,120863,0,0,5350,117176,6196,75037,5352,192213,California
Contra Costa,2021-02-19,11548,278894,7201,153684,4347,125210,0,0,5234,116113,6299,81336,5236,197449,California
Contra Costa,2021-02-20,6574,285468,2976,156660,3598,128808,0,0,4640,118837,1918,83254,4642,202091,California
Contra Costa,2021-02-21,2338,287806,1756,158416,582,129390,0,0,1579,119658,758,84012,1579,203670,California
Contra Costa,2021-02-22,7779,295585,5261,163677,2518,131908,0,0,3582,119061,4182,88194,3585,207255,California
Contra Costa,2021-02-23,12282,307867,7559,171236,4723,136631,0,0,6187,119174,6081,94275,6194,213449,California
Contra Costa,2021-02-24,10816,318683,7952,179188,2864,139495,0,0,5253,118883,5546,99821,5255,218704,California
Contra Costa,2021-02-25,11972,330655,7600,186788,4372,143867,0,0,5560,118057,6391,106212,5565,224269,California
Contra Costa,2021-02-26,11185,341840,7064,193852,4121,147988,0,0,5545,117978,5625,111837,5546,229815,California
Contra Costa,2021-02-27,6981,348821,4508,198360,2473,150461,0,0,4376,119759,2597,114434,4378,234193,California
Contra Costa,2021-02-28,4364,353185,3621,201981,742,151203,1,1,3683,122766,678,115112,3685,237878,California
Contra Costa,2021-03-01,8705,361890,6601,208582,2099,153302,5,6,5372,124828,3317,118429,5379,243257,California
Contra Costa,2021-03-02,10724,372614,6870,215452,3853,157155,1,7,5749,125620,4959,123388,5751,249008,California
Contra Costa,2021-03-03,11428,384042,7179,222631,4248,161403,1,8,6445,127098,4969,128357,6447,255455,California
Contra Costa,2021-03-04,12100,396142,7235,229866,4864,166267,1,9,6291,127601,5790,134147,6293,261748,California
Contra Costa,2021-03-05,11595,407737,6964,236830,4624,170891,7,16,6672,129375,4905,139052,6679,268427,California
Contra Costa,2021-03-06,7558,415295,4230,241060,3017,173908,311,327,4939,132016,2607,141659,5248,273675,California
Contra Costa,2021-03-07,3878,419173,2475,243535,1341,175249,62,389,3194,134590,682,142341,3256,276931,California
Contra Costa,2021-03-08,8321,427494,3948,247483,4064,179313,309,698,5593,137780,2716,145057,5906,282837,California
Contra Costa,2021-03-09,11237,438731,5966,253449,4974,184287,297,995,5890,138634,5335,150392,6189,289026,California
Contra Costa,2021-03-10,12550,451281,6291,259740,4751,189038,1508,2503,5723,139042,6814,157206,7222,296248,California
Contra Costa,2021-03-11,12630,463911,6639,266379,5425,194463,566,3069,6449,139900,6157,163363,7015,303263,California
Contra Costa,2021-03-12,12743,476654,5251,271630,6926,201389,566,3635,6356,140448,6370,169733,6918,310181,California
Contra Costa,2021-03-13,7937,484591,3190,274820,4316,205705,431,4066,3127,139210,4791,174524,3553,313734,California
Contra Costa,2021-03-14,4478,489069,2646,277466,1340,207045,492,4558,1712,138654,2758,177282,2202,315936,California
Contra Costa,2021-03-15,9542,498611,5181,282647,3595,210640,766,5324,4713,139320,4811,182093,5477,321413,California
Contra Costa,2021-03-16,14468,513079,8624,291271,5435,216075,409,5733,7147,139577,7298,189391,7555,328968,California
Contra Costa,2021-03-17,15199,528278,10511,301782,4469,220544,219,5952,8501,141628,6675,196066,8726,337694,California
Contra Costa,2021-03-18,15553,543831,8688,310470,6383,226927,482,6434,8591,143772,6927,202993,9071,346765,California
Contra Costa,2021-03-19,15767,559598,9115,319585,5237,232164,1415,7849,8169,145778,7580,210573,9586,356351,California
Contra Costa,2021-03-20,10828,570426,6501,326086,4011,236175,316,8165,5112,145510,5695,216268,5427,361778,California
Contra Costa,2021-03-21,4619,575045,4034,330120,487,236662,98,8263,1804,144606,2805,219073,1901,363679,California
Contra Costa,2021-03-22,11748,586793,8869,338989,2623,239285,256,8519,6824,146776,4907,223980,7077,370756,California
Contra Costa,2021-03-23,15783,602576,10890,349879,4722,244007,171,8690,9074,149342,6680,230660,9246,380002,California
Contra Costa,2021-03-24,15153,617729,11829,361708,3110,247117,214,8904,9160,152758,5960,236620,9376,389378,California
Contra Costa,2021-03-25,15486,633215,12088,373796,3107,250224,291,9195,9457,156510,5992,242612,9744,399122,California
Contra Costa,2021-03-26,15185,648400,10907,384703,3873,254097,405,9600,8707,159166,6451,249063,9107,408229,California
Contra Costa,2021-03-27,10642,659042,6924,391627,3203,257300,515,10115,5660,160362,4972,254035,6168,414397,California
Contra Costa,2021-03-28,4275,663317,3046,394673,1175,258475,54,10169,1627,159406,2637,256672,1681,416078,California
Contra Costa,2021-03-29,11000,674317,8586,403259,2296,260771,118,10287,6984,162515,3996,260668,7105,423183,California
Contra Costa,2021-03-30,16944,691261,9276,412535,6307,267078,1361,11648,10454,167855,6470,267138,11810,434993,California
Contra Costa,2021-03-31,18191,709452,12758,425293,3986,271064,1447,13095,11456,174062,6690,273828,12897,447890,California
Contra Costa,2021-04-01,17741,727193,12413,437706,3933,274997,1395,14490,11502,180748,6208,280036,12894,460784,California
Contra Costa,2021-04-02,17635,744828,12984,450690,3617,278614,1034,15524,11676,187508,5947,285983,12707,473491,California
Contra Costa,2021-04-03,10958,755786,6540,457230,2857,281471,1561,17085,6258,190637,4685,290668,7814,481305,California
Contra Costa,2021-04-04,3373,759159,1329,458559,1446,282917,598,17683,848,189564,2517,293185,1444,482749,California
Contra Costa,2021-04-05,12204,771363,7957,466516,3264,286181,983,18666,6621,191599,5569,298754,7604,490353,California
Contra Costa,2021-04-06,17436,788799,12083,478599,3057,289238,2296,20962,9766,196010,7648,306402,12059,502412,California
Contra Costa,2021-04-07,18686,807485,12659,491258,3198,292436,2829,23791,10591,201390,8073,314475,13453,515865,California
Contra Costa,2021-04-08,18827,826312,12547,503805,3347,295783,2933,26724,10086,205684,8714,323189,13008,528873,California
Contra Costa,2021-04-09,18982,845294,12105,515910,4368,300151,2509,29233,10156,209544,8797,331986,12657,541530,California
Contra Costa,2021-04-10,10622,855916,3832,519742,2196,302347,4594,33827,3301,210122,7304,339290,7882,549412,California
Contra Costa,2021-04-11,3386,859302,2019,521761,701,303048,666,34493,1134,209675,2246,341536,1799,551211,California
Contra Costa,2021-04-12,12062,871364,7957,529718,3029,306077,1076,35569,5668,210052,6376,347912,6753,557964,California
Contra Costa,2021-04-13,17914,889278,10998,540716,6909,312986,7,35576,11929,216037,5960,353872,11945,569909,California
Contra Costa,2021-04-14,17809,907087,11180,551896,6628,319614,1,35577,9881,218029,7902,361774,9894,579803,California
Contra Costa,2021-04-15,17625,924712,10830,562726,6794,326408,1,35578,8164,216784,9433,371207,8188,587991,California
Contra Costa,2021-04-16,16921,941633,10555,573281,6365,332773,1,35579,7583,215060,9315,380522,7591,595582,California
Contra Costa,2021-04-17,11485,953118,6321,579602,5164,337937,0,35579,6145,215888,5324,385846,6152,601734,California
Contra Costa,2021-04-18,2774,955892,2135,581737,639,338576,0,35579,1789,216701,976,386822,1789,603523,California
Contra Costa,2021-04-19,11442,967334,8541,590278,2901,341477,0,35579,3579,212447,7836,394658,3582,607105,California
Contra Costa,2021-04-20,16739,984073,10879,601157,5860,347337,0,35579,6254,208252,10454,405112,6259,613364,California
Contra Costa,2021-04-21,17420,1001493,14213,615370,3206,350543,1,35580,6176,203232,11204,416316,6184,619548,California
Contra Costa,2021-04-22,17252,1018745,13970,629340,3280,353823,2,35582,6079,198182,11140,427456,6090,625638,California
Contra Costa,2021-04-23,17086,1035831,13578,642918,3508,357331,0,35582,5507,192154,11543,438999,5515,631153,California
Contra Costa,2021-04-24,11013,1046844,8488,651406,2524,359855,1,35583,4216,189598,6776,445775,4220,635373,California
Contra Costa,2021-04-25,3293,1050137,2213,653619,1078,360933,2,35585,2080,190471,1212,446987,2085,637458,California
Contra Costa,2021-04-26,10052,1060189,8387,662006,1641,362574,24,35609,3017,186508,7017,454004,3054,640512,California
Contra Costa,2021-04-27,14716,1074905,10725,672731,3810,366384,181,35790,4003,180015,10688,464692,4195,644707,California
Contra Costa,2021-04-28,14289,1089194,11125,683856,2876,369260,288,36078,3824,173704,10430,475122,4119,648826,California
Contra Costa,2021-04-29,13487,1102681,10440,694296,2877,372137,170,36248,3219,166857,10241,485363,3394,652220,California
Contra Costa,2021-04-30,13768,1116449,10852,705148,2659,374796,257,36505,3111,159601,10628,495991,3372,655592,California
Contra Costa,2021-05-01,8070,1124519,5868,711016,1877,376673,325,36830,1923,155726,6123,502114,2248,657840,California
Contra Costa,2021-05-02,2347,1126866,1590,712606,675,377348,82,36912,987,155445,1350,503464,1069,658909,California
Contra Costa,2021-05-03,9141,1136007,8036,720642,928,378276,177,37089,1925,150347,7203,510667,2105,661014,California
Contra Costa,2021-05-04,14127,1150134,12191,732833,1607,379883,329,37418,2283,141140,11819,522486,2612,663626,California
Contra Costa,2021-05-05,12557,1162691,10829,743662,1527,381410,201,37619,2410,133633,10119,532605,2612,666238,California
Contra Costa,2021-05-06,10327,1173018,8576,752238,1414,382824,337,37956,1940,127556,8363,540968,2286,668524,California
Contra Costa,2021-05-07,9667,1182685,7767,760005,1674,384498,226,38182,2216,122576,7418,548386,2438,670962,California
Contra Costa,2021-05-08,5317,1188002,4000,764005,1148,385646,169,38351,1249,119947,4051,552437,1422,672384,California
Contra Costa,2021-05-09,2114,1190116,1781,765786,272,385918,61,38412,454,118807,1656,554093,516,672900,California
Contra Costa,2021-05-10,4936,1195052,3947,769733,771,386689,218,38630,1337,116784,3577,557670,1554,674454,California
Contra Costa,2021-05-11,8802,1203854,4587,774320,3978,390667,237,38867,1747,111739,7035,564705,1990,676444,California
Contra Costa,2021-05-12,9282,1213136,4771,779091,4246,394913,265,39132,1679,106114,7575,572280,1950,678394,California
Contra Costa,2021-05-13,11715,1224851,7790,786881,3737,398650,188,39320,4204,103026,7483,579763,4395,682789,California
Contra Costa,2021-05-14,12147,1236998,8089,794970,3780,402430,278,39598,5014,101209,7108,586871,5291,688080,California
Contra Costa,2021-05-15,9985,1246983,7238,802208,2628,405058,119,39717,4389,100137,5582,592453,4510,692590,California
Contra Costa,2021-05-16,2434,1249417,2128,804336,260,405318,46,39763,1089,99932,1339,593792,1134,693724,California
Contra Costa,2021-05-17,7037,1256454,5678,810014,1188,406506,171,39934,3534,100154,3484,597276,3706,697430,California
Contra Costa,2021-05-18,10233,1266687,6996,817010,3019,409525,218,40152,4454,99081,5749,603025,4676,702106,California
Contra Costa,2021-05-19,8458,1275145,6846,823856,1421,410946,191,40343,3839,98514,4600,607625,4033,706139,California
Contra Costa,2021-05-20,6896,1282041,5445,829301,1264,412210,187,40530,3227,98284,3646,611271,3416,709555,California
Contra Costa,2021-05-21,6854,1288895,5236,834537,1414,413624,204,40734,3111,97879,3719,614990,3314,712869,California
Contra Costa,2021-05-22,4925,1293820,3880,838417,869,414493,176,40910,2340,97829,2567,617557,2517,715386,California
Contra Costa,2021-05-23,1165,1294985,750,839167,366,414859,49,40959,560,97838,599,618156,608,715994,California
Contra Costa,2021-05-24,4637,1299622,3838,843005,622,415481,177,41136,2177,97744,2450,620606,2356,718350,California
Contra Costa,2021-05-25,6255,1305877,5088,848093,917,416398,250,41386,2634,97024,3604,624210,2884,721234,California
Contra Costa,2021-05-26,5581,1311458,3580,851673,1815,418213,186,41572,1919,95488,3641,627851,2105,723339,California
Contra Costa,2021-05-27,3800,1315258,2685,854358,938,419151,177,41749,1631,95136,2155,630006,1803,725142,California
Contra Costa,2021-05-28,5348,1320606,3737,858095,1438,420589,173,41922,2241,94462,3086,633092,2412,727554,California
Contra Costa,2021-05-29,3238,1323844,2088,860183,1033,421622,117,42039,1614,94581,1612,634704,1731,729285,California
Contra Costa,2021-05-30,922,1324766,581,860764,313,421935,28,42067,359,94407,561,635265,387,729672,California
Contra Costa,2021-05-31,390,1325156,268,861032,110,422045,12,42079,129,94288,259,635524,140,729812,California
Contra Costa,2021-06-01,4785,1329941,3562,864594,1079,423124,144,42223,1712,93087,3057,638581,1856,731668,California
Contra Costa,2021-06-02,3415,1333356,2414,867008,854,423978,147,42370,1400,92628,2005,640586,1546,733214,California
Contra Costa,2021-06-03,5407,1338763,4507,871515,785,424763,115,42485,1451,90246,3948,644534,1566,734780,California
Contra Costa,2021-06-04,6377,1345140,5338,876853,899,425662,140,42625,1620,87271,4731,649265,1756,736536,California
Contra Costa,2021-06-05,5121,1350261,4332,881185,681,426343,108,42733,1085,84436,4027,653292,1192,737728,California
Contra Costa,2021-06-06,1337,1351598,1157,882342,150,426493,30,42763,362,83857,971,654263,392,738120,California
Contra Costa,2021-06-07,4895,1356493,4296,886638,496,426989,103,42866,1377,81832,3506,657769,1481,739601,California
Contra Costa,2021-06-08,5962,1362455,5165,891803,674,427663,123,42989,1385,78778,4563,662332,1509,741110,California
Contra Costa,2021-06-09,3393,1365848,2973,894776,322,427985,98,43087,825,77146,2556,664888,924,742034,California
Del Norte,2020-12-21,23,23,23,23,0,0,0,0,23,23,0,0,23,23,California
Del Norte,2020-12-22,46,69,46,69,0,0,0,0,46,69,0,0,46,69,California
Del Norte,2020-12-23,59,128,48,117,11,11,0,0,57,126,0,0,57,126,California
Del Norte,2020-12-28,34,162,34,151,0,11,0,0,34,160,0,0,34,160,California
Del Norte,2020-12-29,4,166,4,155,0,11,0,0,4,164,0,0,4,164,California
Del Norte,2020-12-30,68,234,56,211,12,23,0,0,68,232,0,0,68,232,California
Del Norte,2020-12-31,16,250,13,224,3,26,0,0,16,248,0,0,16,248,California
Del Norte,2021-01-04,102,352,49,273,53,79,0,0,102,350,0,0,102,350,California
Del Norte,2021-01-05,32,384,0,273,32,111,0,0,31,381,1,1,32,382,California
Del Norte,2021-01-06,77,461,18,291,59,170,0,0,77,458,0,1,77,459,California
Del Norte,2021-01-07,21,482,1,292,20,190,0,0,21,479,0,1,21,480,California
Del Norte,2021-01-08,78,560,7,299,71,261,0,0,78,557,0,1,78,558,California
Del Norte,2021-01-11,40,600,21,320,19,280,0,0,18,554,22,23,19,577,California
Del Norte,2021-01-12,51,651,32,352,19,299,0,0,30,563,21,44,30,607,California
Del Norte,2021-01-13,84,735,40,392,44,343,0,0,51,581,33,77,51,658,California
Del Norte,2021-01-14,53,788,14,406,39,382,0,0,47,622,6,83,47,705,California
Del Norte,2021-01-15,107,895,18,424,89,471,0,0,95,705,12,95,95,800,California
Del Norte,2021-01-17,1,896,1,425,0,471,0,0,1,706,0,95,1,801,California
Del Norte,2021-01-18,2,898,0,425,2,473,0,0,2,708,0,95,2,803,California
Del Norte,2021-01-19,119,1017,56,481,63,536,0,0,77,743,42,137,77,880,California
Del Norte,2021-01-20,160,1177,84,565,76,612,0,0,96,776,63,200,96,976,California
Del Norte,2021-01-21,43,1220,40,605,3,615,0,0,32,797,11,211,32,1008,California
Del Norte,2021-01-22,20,1240,17,622,3,618,0,0,13,803,7,218,13,1021,California
Del Norte,2021-01-23,1,1241,0,622,1,619,0,0,1,804,0,218,1,1022,California
Del Norte,2021-01-24,1,1242,0,622,1,620,0,0,1,805,0,218,1,1023,California
Del Norte,2021-01-25,100,1342,82,704,18,638,0,0,56,817,44,262,56,1079,California
Del Norte,2021-01-26,18,1360,11,715,7,645,0,0,7,813,11,273,7,1086,California
Del Norte,2021-01-27,64,1424,21,736,43,688,0,0,61,871,3,276,61,1147,California
Del Norte,2021-01-28,293,1717,20,756,273,961,0,0,288,1154,5,281,288,1435,California
Del Norte,2021-01-29,61,1778,21,777,40,1001,0,0,43,1179,18,299,43,1478,California
Del Norte,2021-01-30,8,1786,1,778,7,1008,0,0,8,1187,0,299,8,1486,California
Del Norte,2021-02-01,41,1827,1,779,40,1048,0,0,26,1198,15,314,26,1512,California
Del Norte,2021-02-02,140,1967,34,813,106,1154,0,0,73,1205,66,380,73,1585,California
Del Norte,2021-02-03,128,2095,42,855,86,1240,0,0,73,1223,55,435,73,1658,California
Del Norte,2021-02-04,69,2164,27,882,42,1282,0,0,40,1234,29,464,40,1698,California
Del Norte,2021-02-05,184,2348,22,904,162,1444,0,0,118,1287,65,529,118,1816,California
Del Norte,2021-02-06,310,2658,4,908,306,1750,0,0,310,1597,0,529,310,2126,California
Del Norte,2021-02-07,1,2659,0,908,1,1751,0,0,1,1598,0,529,1,2127,California
Del Norte,2021-02-08,36,2695,1,909,35,1786,0,0,32,1626,4,533,32,2159,California
Del Norte,2021-02-09,8,2703,5,914,3,1789,0,0,2,1622,6,539,2,2161,California
Del Norte,2021-02-10,142,2845,20,934,122,1911,0,0,86,1653,55,594,86,2247,California
Del Norte,2021-02-11,176,3021,58,992,118,2029,0,0,63,1603,113,707,63,2310,California
Del Norte,2021-02-12,121,3142,14,1006,107,2136,0,0,67,1616,54,761,67,2377,California
Del Norte,2021-02-13,2,3144,1,1007,1,2137,0,0,2,1618,0,761,2,2379,California
Del Norte,2021-02-14,3,3147,1,1008,2,2139,0,0,2,1619,1,762,2,2381,California
Del Norte,2021-02-15,5,3152,0,1008,5,2144,0,0,3,1620,2,764,3,2384,California
Del Norte,2021-02-16,132,3284,1,1009,131,2275,0,0,13,1514,119,883,13,2397,California
Del Norte,2021-02-17,93,3377,20,1029,73,2348,0,0,25,1472,67,950,25,2422,California
Del Norte,2021-02-18,77,3454,24,1053,53,2401,0,0,51,1497,26,976,51,2473,California
Del Norte,2021-02-19,43,3497,17,1070,26,2427,0,0,33,1520,10,986,33,2506,California
Del Norte,2021-02-20,8,3505,5,1075,3,2430,0,0,6,1524,2,988,6,2512,California
Del Norte,2021-02-22,2,3507,0,1075,2,2432,0,0,2,1526,0,988,2,2514,California
Del Norte,2021-02-23,105,3612,88,1163,17,2449,0,0,29,1480,76,1064,30,2544,California
Del Norte,2021-02-24,155,3767,100,1263,55,2504,0,0,80,1485,75,1139,80,2624,California
Del Norte,2021-02-25,478,4245,131,1394,347,2851,0,0,213,1435,263,1402,213,2837,California
Del Norte,2021-02-26,213,4458,176,1570,37,2888,0,0,167,1556,46,1448,167,3004,California
Del Norte,2021-02-27,149,4607,143,1713,5,2893,1,1,141,1690,8,1456,142,3146,California
Del Norte,2021-02-28,3,4610,0,1713,3,2896,0,1,3,1693,0,1456,3,3149,California
Del Norte,2021-03-01,29,4639,2,1715,27,2923,0,1,4,1673,24,1480,4,3153,California
Del Norte,2021-03-02,222,4861,142,1857,80,3003,0,1,188,1827,34,1514,188,3341,California
Del Norte,2021-03-03,167,5028,99,1956,68,3071,0,1,126,1912,41,1555,126,3467,California
Del Norte,2021-03-04,119,5147,82,2038,37,3108,0,1,91,1976,27,1582,91,3558,California
Del Norte,2021-03-05,122,5269,11,2049,111,3219,0,1,74,2002,48,1630,74,3632,California
Del Norte,2021-03-06,464,5733,77,2126,338,3557,49,50,163,1871,301,1931,170,3802,California
Del Norte,2021-03-07,2,5735,1,2127,1,3558,0,50,1,1871,1,1932,1,3803,California
Del Norte,2021-03-08,29,5764,0,2127,27,3585,2,52,5,1855,23,1955,7,3810,California
Del Norte,2021-03-09,194,5958,113,2240,78,3663,3,55,183,2030,11,1966,186,3996,California
Del Norte,2021-03-10,234,6192,96,2336,110,3773,28,83,134,2092,100,2066,162,4158,California
Del Norte,2021-03-11,151,6343,56,2392,90,3863,5,88,103,2152,48,2114,108,4266,California
Del Norte,2021-03-12,178,6521,89,2481,89,3952,0,88,125,2224,53,2167,125,4391,California
Del Norte,2021-03-13,94,6615,93,2574,1,3953,0,88,91,2312,3,2170,91,4482,California
Del Norte,2021-03-14,1,6616,0,2574,1,3954,0,88,1,2312,1,2171,1,4483,California
Del Norte,2021-03-15,38,6654,0,2574,38,3992,0,88,34,2342,4,2175,34,4517,California
Del Norte,2021-03-16,280,6934,134,2708,146,4138,0,88,260,2582,20,2195,260,4777,California
Del Norte,2021-03-17,284,7218,95,2803,187,4325,2,90,170,2640,114,2309,172,4949,California
Del Norte,2021-03-18,285,7503,107,2910,175,4500,3,93,149,2657,135,2444,152,5101,California
Del Norte,2021-03-19,267,7770,159,3069,102,4602,6,99,91,2578,176,2620,97,5198,California
Del Norte,2021-03-20,157,7927,154,3223,3,4605,0,99,15,2451,142,2762,15,5213,California
Del Norte,2021-03-21,4,7931,2,3225,2,4607,0,99,2,2451,2,2764,2,5215,California
Del Norte,2021-03-22,43,7974,3,3228,39,4646,1,100,39,2488,3,2767,40,5255,California
Del Norte,2021-03-23,333,8307,164,3392,151,4797,18,118,163,2500,168,2935,180,5435,California
Del Norte,2021-03-24,395,8702,106,3498,249,5046,40,158,234,2613,161,3096,274,5709,California
Del Norte,2021-03-25,192,8894,88,3586,104,5150,0,158,84,2590,107,3203,84,5793,California
Del Norte,2021-03-26,232,9126,113,3699,119,5269,0,158,195,2748,37,3240,195,5988,California
Del Norte,2021-03-27,107,9233,86,3785,4,5273,17,175,17,2692,90,3330,34,6022,California
Del Norte,2021-03-28,4,9237,2,3787,2,5275,0,175,1,2690,3,3333,1,6023,California
Del Norte,2021-03-29,57,9294,6,3793,34,5309,17,192,32,2714,25,3358,49,6072,California
Del Norte,2021-03-30,338,9632,119,3912,208,5517,11,203,126,2639,212,3570,137,6209,California
Del Norte,2021-03-31,355,9987,100,4012,238,5755,17,220,199,2701,154,3724,216,6425,California
Del Norte,2021-04-01,164,10151,58,4070,72,5827,34,254,69,2710,94,3818,103,6528,California
Del Norte,2021-04-02,233,10384,79,4149,105,5932,49,303,49,2625,184,4002,99,6627,California
Del Norte,2021-04-03,108,10492,83,4232,2,5934,23,326,5,2551,102,4104,28,6655,California
Del Norte,2021-04-04,4,10496,0,4232,0,5934,4,330,0,2551,4,4108,4,6659,California
Del Norte,2021-04-05,46,10542,5,4237,37,5971,4,334,40,2589,6,4114,44,6703,California
Del Norte,2021-04-06,380,10922,120,4357,223,6194,37,371,146,2543,230,4344,184,6887,California
Del Norte,2021-04-07,438,11360,115,4472,261,6455,62,433,290,2748,148,4492,353,7240,California
Del Norte,2021-04-08,228,11588,54,4526,106,6561,68,501,105,2798,123,4615,173,7413,California
Del Norte,2021-04-09,206,11794,46,4572,83,6644,77,578,99,2866,106,4721,174,7587,California
Del Norte,2021-04-10,47,11841,26,4598,4,6648,17,595,27,2890,20,4741,44,7631,California
Del Norte,2021-04-11,11,11852,3,4601,1,6649,7,602,1,2888,10,4751,8,7639,California
Del Norte,2021-04-12,27,11879,1,4602,9,6658,17,619,1,2881,25,4776,18,7657,California
Del Norte,2021-04-13,298,12177,50,4652,248,6906,0,619,155,2893,143,4919,155,7812,California
Del Norte,2021-04-14,329,12506,23,4675,306,7212,0,619,138,2845,191,5110,143,7955,California
Del Norte,2021-04-15,164,12670,31,4706,133,7345,0,619,45,2772,119,5229,46,8001,California
Del Norte,2021-04-16,162,12832,40,4746,122,7467,0,619,60,2731,102,5331,61,8062,California
Del Norte,2021-04-17,105,12937,74,4820,31,7498,0,619,99,2824,6,5337,99,8161,California
Del Norte,2021-04-18,5,12942,4,4824,1,7499,0,619,4,2827,1,5338,4,8165,California
Del Norte,2021-04-19,50,12992,6,4830,44,7543,0,619,8,2793,42,5380,8,8173,California
Del Norte,2021-04-20,206,13198,40,4870,166,7709,0,619,72,2731,134,5514,72,8245,California
Del Norte,2021-04-21,289,13487,24,4894,265,7974,0,619,65,2575,224,5738,68,8313,California
Del Norte,2021-04-22,114,13601,15,4909,99,8073,0,619,62,2585,52,5790,62,8375,California
Del Norte,2021-04-23,150,13751,22,4931,128,8201,0,619,39,2513,111,5901,39,8414,California
Del Norte,2021-04-24,25,13776,14,4945,11,8212,0,619,20,2528,5,5906,20,8434,California
Del Norte,2021-04-25,2,13778,0,4945,2,8214,0,619,2,2530,0,5906,2,8436,California
Del Norte,2021-04-26,31,13809,0,4945,31,8245,0,619,9,2517,22,5928,9,8445,California
Del Norte,2021-04-27,180,13989,20,4965,155,8400,5,624,50,2442,130,6058,55,8500,California
Del Norte,2021-04-28,351,14340,100,5065,246,8646,5,629,63,2224,287,6345,69,8569,California
Del Norte,2021-04-29,93,14433,6,5071,83,8729,4,633,26,2187,67,6412,30,8599,California
Del Norte,2021-04-30,84,14517,6,5077,68,8797,10,643,45,2203,39,6451,55,8654,California
Del Norte,2021-05-01,8,14525,3,5080,5,8802,0,643,6,2207,2,6453,6,8660,California
Del Norte,2021-05-02,8,14533,0,5080,8,8810,0,643,8,2215,0,6453,8,8668,California
Del Norte,2021-05-03,40,14573,3,5083,34,8844,3,646,2,2183,37,6490,5,8673,California
Del Norte,2021-05-04,222,14795,36,5119,181,9025,5,651,47,2060,175,6665,52,8725,California
Del Norte,2021-05-05,232,15027,19,5138,205,9230,8,659,57,1950,175,6840,65,8790,California
Del Norte,2021-05-06,112,15139,26,5164,73,9303,13,672,26,1903,86,6926,39,8829,California
Del Norte,2021-05-07,151,15290,28,5192,119,9422,4,676,31,1818,120,7046,35,8864,California
Del Norte,2021-05-08,64,15354,55,5247,7,9429,2,678,6,1768,58,7104,8,8872,California
Del Norte,2021-05-09,9,15363,4,5251,2,9431,3,681,2,1766,7,7111,5,8877,California
Del Norte,2021-05-10,25,15388,3,5254,18,9449,4,685,15,1775,10,7121,19,8896,California
Del Norte,2021-05-11,171,15559,49,5303,120,9569,2,687,34,1674,137,7258,36,8932,California
Del Norte,2021-05-12,150,15709,24,5327,116,9685,10,697,27,1589,122,7380,37,8969,California
Del Norte,2021-05-13,67,15776,29,5356,37,9722,1,698,37,1597,30,7410,38,9007,California
Del Norte,2021-05-14,76,15852,26,5382,49,9771,1,699,41,1604,35,7445,42,9049,California
Del Norte,2021-05-15,81,15933,53,5435,28,9799,0,699,53,1629,28,7473,53,9102,California
Del Norte,2021-05-16,11,15944,0,5435,11,9810,0,699,11,1640,0,7473,11,9113,California
Del Norte,2021-05-17,26,15970,3,5438,20,9830,3,702,15,1647,11,7484,18,9131,California
Del Norte,2021-05-18,125,16095,68,5506,57,9887,0,702,80,1682,45,7529,80,9211,California
Del Norte,2021-05-19,97,16192,14,5520,66,9953,17,719,39,1679,58,7587,55,9266,California
Del Norte,2021-05-20,97,16289,30,5550,64,10017,3,722,38,1662,58,7645,41,9307,California
Del Norte,2021-05-21,77,16366,32,5582,42,10059,3,725,40,1668,37,7682,43,9350,California
Del Norte,2021-05-22,22,16388,8,5590,14,10073,0,725,10,1666,12,7694,10,9360,California
Del Norte,2021-05-23,14,16402,5,5595,9,10082,0,725,7,1666,7,7701,7,9367,California
Del Norte,2021-05-24,26,16428,10,5605,16,10098,0,725,17,1674,9,7710,17,9384,California
Del Norte,2021-05-25,43,16471,5,5610,32,10130,6,731,14,1667,27,7737,20,9404,California
Del Norte,2021-05-26,114,16585,35,5645,72,10202,7,738,52,1665,61,7798,59,9463,California
Del Norte,2021-05-27,71,16656,27,5672,40,10242,4,742,34,1666,37,7835,38,9501,California
Del Norte,2021-05-28,50,16706,6,5678,36,10278,8,750,7,1638,43,7878,15,9516,California
Del Norte,2021-05-29,8,16714,0,5678,4,10282,4,754,3,1640,5,7883,7,9523,California
Del Norte,2021-05-30,6,16720,0,5678,6,10288,0,754,1,1636,5,7888,1,9524,California
Del Norte,2021-05-31,4,16724,2,5680,2,10290,0,754,3,1638,1,7889,3,9527,California
Del Norte,2021-06-01,52,16776,6,5686,39,10329,7,761,11,1615,41,7930,18,9545,California
Del Norte,2021-06-02,85,16861,12,5698,68,10397,5,766,20,1575,65,7995,25,9570,California
Del Norte,2021-06-03,59,16920,34,5732,23,10420,2,768,26,1570,33,8028,28,9598,California
Del Norte,2021-06-04,69,16989,24,5756,40,10460,5,773,20,1546,49,8077,25,9623,California
Del Norte,2021-06-05,3,16992,0,5756,1,10461,2,775,0,1545,3,8080,2,9625,California
Del Norte,2021-06-06,8,17000,4,5760,3,10464,1,776,6,1550,2,8082,7,9632,California
Del Norte,2021-06-07,39,17039,8,5768,27,10491,4,780,14,1543,25,8107,18,9650,California
Del Norte,2021-06-08,107,17146,79,5847,25,10516,3,783,30,1499,77,8184,33,9683,California
Del Norte,2021-06-09,29,17175,4,5851,23,10539,2,785,10,1492,19,8203,12,9695,California
El Dorado,2020-12-15,12,12,12,12,0,0,0,0,12,12,0,0,12,12,California
El Dorado,2020-12-16,40,52,40,52,0,0,0,0,40,52,0,0,40,52,California
El Dorado,2020-12-17,32,84,32,84,0,0,0,0,32,84,0,0,32,84,California
El Dorado,2020-12-18,262,346,262,346,0,0,0,0,262,346,0,0,262,346,California
El Dorado,2020-12-19,119,465,119,465,0,0,0,0,119,465,0,0,119,465,California
El Dorado,2020-12-20,87,552,87,552,0,0,0,0,87,552,0,0,87,552,California
El Dorado,2020-12-21,310,862,309,861,1,1,0,0,310,862,0,0,310,862,California
El Dorado,2020-12-22,242,1104,218,1079,24,25,0,0,242,1104,0,0,242,1104,California
El Dorado,2020-12-23,191,1295,141,1220,50,75,0,0,191,1295,0,0,191,1295,California
El Dorado,2020-12-24,86,1381,65,1285,21,96,0,0,86,1381,0,0,86,1381,California
El Dorado,2020-12-25,8,1389,8,1293,0,96,0,0,8,1389,0,0,8,1389,California
El Dorado,2020-12-26,45,1434,27,1320,18,114,0,0,45,1434,0,0,45,1434,California
El Dorado,2020-12-27,38,1472,34,1354,4,118,0,0,38,1472,0,0,38,1472,California
El Dorado,2020-12-28,215,1687,167,1521,48,166,0,0,215,1687,0,0,215,1687,California
El Dorado,2020-12-29,462,2149,145,1666,317,483,0,0,462,2149,0,0,462,2149,California
El Dorado,2020-12-30,509,2658,139,1805,370,853,0,0,509,2658,0,0,509,2658,California
El Dorado,2020-12-31,113,2771,71,1876,42,895,0,0,113,2771,0,0,113,2771,California
El Dorado,2021-01-01,6,2777,4,1880,2,897,0,0,6,2777,0,0,6,2777,California
El Dorado,2021-01-02,152,2929,140,2020,12,909,0,0,152,2929,0,0,152,2929,California
El Dorado,2021-01-03,93,3022,17,2037,76,985,0,0,93,3022,0,0,93,3022,California
El Dorado,2021-01-04,191,3213,63,2100,128,1113,0,0,189,3209,2,2,189,3211,California
El Dorado,2021-01-05,227,3440,73,2173,154,1267,0,0,210,3402,17,19,210,3421,California
El Dorado,2021-01-06,240,3680,167,2340,73,1340,0,0,175,3512,65,84,175,3596,California
El Dorado,2021-01-07,334,4014,137,2477,197,1537,0,0,257,3692,77,161,257,3853,California
El Dorado,2021-01-08,986,5000,509,2986,477,2014,0,0,765,4237,221,382,766,4619,California
El Dorado,2021-01-09,196,5196,159,3145,37,2051,0,0,125,4291,71,453,125,4744,California
El Dorado,2021-01-10,183,5379,132,3277,51,2102,0,0,110,4329,73,526,111,4855,California
El Dorado,2021-01-11,659,6038,292,3569,367,2469,0,0,459,4590,199,725,460,5315,California
El Dorado,2021-01-12,806,6844,424,3993,382,2851,0,0,556,4896,250,975,556,5871,California
El Dorado,2021-01-13,707,7551,300,4293,407,3258,0,0,542,5274,165,1140,543,6414,California
El Dorado,2021-01-14,798,8349,222,4515,576,3834,0,0,703,5882,95,1235,703,7117,California
El Dorado,2021-01-15,795,9144,185,4700,610,4444,0,0,721,6529,74,1309,721,7838,California
El Dorado,2021-01-16,176,9320,104,4804,72,4516,0,0,149,6651,27,1336,149,7987,California
El Dorado,2021-01-17,107,9427,50,4854,57,4573,0,0,89,6722,18,1354,89,8076,California
El Dorado,2021-01-18,428,9855,144,4998,284,4857,0,0,358,7010,70,1424,358,8434,California
El Dorado,2021-01-19,749,10604,447,5445,302,5159,0,0,598,7458,151,1575,599,9033,California
El Dorado,2021-01-20,1014,11618,690,6135,324,5483,0,0,900,8245,113,1688,900,9933,California
El Dorado,2021-01-21,1271,12889,681,6816,590,6073,0,0,1061,9138,169,1857,1062,10995,California
El Dorado,2021-01-22,1230,14119,834,7650,396,6469,0,0,1176,10261,53,1910,1176,12171,California
El Dorado,2021-01-23,730,14849,609,8259,121,6590,0,0,620,10771,110,2020,620,12791,California
El Dorado,2021-01-24,127,14976,77,8336,50,6640,0,0,107,10858,20,2040,107,12898,California
El Dorado,2021-01-25,703,15679,292,8628,411,7051,0,0,617,11389,86,2126,617,13515,California
El Dorado,2021-01-26,686,16365,372,9000,314,7365,0,0,579,11861,107,2233,579,14094,California
El Dorado,2021-01-27,994,17359,392,9392,602,7967,0,0,655,12176,340,2573,655,14749,California
El Dorado,2021-01-28,1109,18468,454,9846,655,8622,0,0,746,12559,363,2936,746,15495,California
El Dorado,2021-01-29,1048,19516,558,10404,490,9112,0,0,755,13023,292,3228,756,16251,California
El Dorado,2021-01-30,544,20060,289,10693,255,9367,0,0,447,13374,96,3324,447,16698,California
El Dorado,2021-01-31,240,20300,217,10910,23,9390,0,0,187,13509,52,3376,187,16885,California
El Dorado,2021-02-01,799,21099,368,11278,431,9821,0,0,652,14014,147,3523,652,17537,California
El Dorado,2021-02-02,845,21944,368,11646,477,10298,0,0,681,14531,164,3687,681,18218,California
El Dorado,2021-02-03,906,22850,477,12123,429,10727,0,0,696,15017,210,3897,696,18914,California
El Dorado,2021-02-04,1249,24099,703,12826,546,11273,0,0,874,15516,375,4272,874,19788,California
El Dorado,2021-02-05,1496,25595,605,13431,891,12164,0,0,869,15795,590,4862,869,20657,California
El Dorado,2021-02-06,638,26233,334,13765,304,12468,0,0,530,16218,108,4970,531,21188,California
El Dorado,2021-02-07,259,26492,178,13943,81,12549,0,0,193,16345,66,5036,193,21381,California
El Dorado,2021-02-08,890,27382,422,14365,468,13017,0,0,613,16681,277,5313,613,21994,California
El Dorado,2021-02-09,969,28351,544,14909,425,13442,0,0,543,16798,426,5739,543,22537,California
El Dorado,2021-02-10,1264,29615,737,15646,527,13969,0,0,665,16865,598,6337,665,23202,California
El Dorado,2021-02-11,2156,31771,893,16539,1263,15232,0,0,757,16227,1396,7733,758,23960,California
El Dorado,2021-02-12,1580,33351,827,17366,753,15985,0,0,676,16001,903,8636,677,24637,California
El Dorado,2021-02-13,974,34325,662,18028,312,16297,0,0,439,15906,534,9170,439,25076,California
El Dorado,2021-02-14,492,34817,155,18183,337,16634,0,0,401,16216,91,9261,401,25477,California
El Dorado,2021-02-15,1181,35998,383,18566,798,17432,0,0,819,16677,362,9623,823,26300,California
El Dorado,2021-02-16,1216,37214,535,19101,681,18113,0,0,677,16817,538,10161,678,26978,California
El Dorado,2021-02-17,957,38171,422,19523,535,18648,0,0,464,16790,493,10654,466,27444,California
El Dorado,2021-02-18,2097,40268,1024,20547,1073,19721,0,0,1064,16822,1032,11686,1064,28508,California
El Dorado,2021-02-19,1225,41493,656,21203,569,20290,0,0,687,16972,537,12223,687,29195,California
El Dorado,2021-02-20,942,42435,449,21652,493,20783,0,0,680,17395,257,12480,680,29875,California
El Dorado,2021-02-21,292,42727,234,21886,58,20841,0,0,105,17313,187,12667,105,29980,California
El Dorado,2021-02-22,884,43611,439,22325,445,21286,0,0,273,16976,610,13277,273,30253,California
El Dorado,2021-02-23,867,44478,488,22813,379,21665,0,0,355,16820,511,13788,355,30608,California
El Dorado,2021-02-24,1037,45515,446,23259,591,22256,0,0,432,16647,605,14393,432,31040,California
El Dorado,2021-02-25,1919,47434,1154,24413,765,23021,0,0,695,16127,1217,15610,697,31737,California
El Dorado,2021-02-26,2410,49844,1504,25917,906,23927,0,0,1622,16964,785,16395,1622,33359,California
El Dorado,2021-02-27,1709,51553,447,26364,1262,25189,0,0,1258,17774,448,16843,1258,34617,California
El Dorado,2021-02-28,659,52212,227,26591,432,25621,0,0,493,18102,166,17009,494,35111,California
El Dorado,2021-03-01,1168,53380,471,27062,695,26316,2,2,643,18226,521,17530,645,35756,California
El Dorado,2021-03-02,938,54318,275,27337,662,26978,1,3,492,18275,444,17974,493,36249,California
El Dorado,2021-03-03,1709,56027,469,27806,1240,28218,0,3,1165,18905,537,18511,1167,37416,California
El Dorado,2021-03-04,2526,58553,1551,29357,975,29193,0,3,1201,18784,1322,19833,1201,38617,California
El Dorado,2021-03-05,1597,60150,435,29792,1157,30350,5,8,1056,19310,535,20368,1061,39678,California
El Dorado,2021-03-06,743,60893,219,30011,491,30841,33,41,394,19389,348,20716,427,40105,California
El Dorado,2021-03-07,411,61304,201,30212,192,31033,18,59,249,19496,160,20876,267,40372,California
El Dorado,2021-03-08,1335,62639,367,30579,895,31928,73,132,864,19964,468,21344,936,41308,California
El Dorado,2021-03-09,994,63633,231,30810,694,32622,69,201,590,20234,389,21733,659,41967,California
El Dorado,2021-03-10,957,64590,348,31158,552,33174,57,258,551,20441,400,22133,607,42574,California
El Dorado,2021-03-11,3030,67620,1838,32996,1005,34179,187,445,1286,20189,1723,23856,1471,44045,California
El Dorado,2021-03-12,1799,69419,623,33619,926,35105,250,695,742,20142,1039,24895,992,45037,California
El Dorado,2021-03-13,1076,70495,350,33969,442,35547,284,979,371,20094,701,25596,653,45690,California
El Dorado,2021-03-14,796,71291,204,34173,482,36029,110,1089,275,19958,521,26117,385,46075,California
El Dorado,2021-03-15,1404,72695,301,34474,976,37005,127,1216,612,19910,788,26905,740,46815,California
El Dorado,2021-03-16,1233,73928,419,34893,670,37675,144,1360,564,19954,664,27569,708,47523,California
El Dorado,2021-03-17,1131,75059,363,35256,670,38345,98,1458,732,20386,398,27967,830,48353,California
El Dorado,2021-03-18,3010,78069,1782,37038,1185,39530,43,1501,1983,21393,1019,28986,2026,50379,California
El Dorado,2021-03-19,1123,79192,360,37398,611,40141,152,1653,625,21671,498,29484,776,51155,California
El Dorado,2021-03-20,953,80145,267,37665,670,40811,16,1669,369,21484,572,30056,385,51540,California
El Dorado,2021-03-21,1030,81175,422,38087,603,41414,5,1674,918,22297,110,30166,923,52463,California
El Dorado,2021-03-22,1508,82683,488,38575,938,42352,82,1756,1186,23248,317,30483,1268,53731,California
El Dorado,2021-03-23,1162,83845,461,39036,605,42957,96,1852,740,23673,411,30894,836,54567,California
El Dorado,2021-03-24,1464,85309,635,39671,636,43593,193,2045,664,23757,773,31667,857,55424,California
El Dorado,2021-03-25,2517,87826,1687,41358,723,44316,107,2152,1374,24102,1137,32804,1482,56906,California
El Dorado,2021-03-26,1826,89652,702,42060,1014,45330,110,2262,926,24262,877,33681,1037,57943,California
El Dorado,2021-03-27,1338,90990,189,42249,1144,46474,5,2267,317,23569,1015,34696,322,58265,California
El Dorado,2021-03-28,641,91631,185,42434,445,46919,11,2278,166,23275,471,35167,177,58442,California
El Dorado,2021-03-29,1323,92954,432,42866,875,47794,16,2294,825,23621,495,35662,841,59283,California
El Dorado,2021-03-30,1367,94321,416,43282,855,48649,96,2390,680,23715,679,36341,773,60056,California
El Dorado,2021-03-31,1565,95886,582,43864,918,49567,65,2455,691,23597,872,37213,754,60810,California
El Dorado,2021-04-01,3242,99128,1767,45631,1392,50959,83,2538,1537,23515,1703,38916,1621,62431,California
El Dorado,2021-04-02,1899,101027,566,46197,1236,52195,97,2635,747,23213,1146,40062,844,63275,California
El Dorado,2021-04-03,749,101776,297,46494,332,52527,120,2755,228,23043,518,40580,348,63623,California
El Dorado,2021-04-04,272,102048,83,46577,142,52669,47,2802,97,23013,174,40754,144,63767,California
El Dorado,2021-04-05,1422,103470,422,46999,906,53575,94,2896,592,22873,825,41579,685,64452,California
El Dorado,2021-04-06,1417,104887,524,47523,674,54249,219,3115,452,22580,961,42540,668,65120,California
El Dorado,2021-04-07,1599,106486,568,48091,582,54831,449,3564,562,22554,1034,43574,1008,66128,California
El Dorado,2021-04-08,2703,109189,1747,49838,720,55551,236,3800,1124,22343,1571,45145,1360,67488,California
El Dorado,2021-04-09,1435,110624,453,50291,762,56313,220,4020,572,22271,860,46005,788,68276,California
El Dorado,2021-04-10,821,111445,224,50515,487,56800,110,4130,474,22510,344,46349,583,68859,California
El Dorado,2021-04-11,707,112152,456,50971,235,57035,16,4146,209,22238,497,46846,225,69084,California
El Dorado,2021-04-12,1294,113446,504,51475,640,57675,150,4296,568,22237,719,47565,718,69802,California
El Dorado,2021-04-13,1127,114573,616,52091,511,58186,0,4296,510,22134,613,48178,510,70312,California
El Dorado,2021-04-14,1096,115669,468,52559,627,58813,1,4297,389,21830,694,48872,390,70702,California
El Dorado,2021-04-15,2494,118163,1680,54239,814,59627,0,4297,951,21243,1540,50412,953,71655,California
El Dorado,2021-04-16,1477,119640,524,54763,953,60580,0,4297,606,20983,867,51279,607,72262,California
El Dorado,2021-04-17,802,120442,203,54966,599,61179,0,4297,497,21178,302,51581,497,72759,California
El Dorado,2021-04-18,991,121433,88,55054,903,62082,0,4297,393,20974,597,52178,393,73152,California
El Dorado,2021-04-19,1719,123152,437,55491,1282,63364,0,4297,692,20645,1021,53199,692,73844,California
El Dorado,2021-04-20,1107,124259,359,55850,748,64112,0,4297,457,20457,646,53845,458,74302,California
El Dorado,2021-04-21,1160,125419,466,56316,690,64802,4,4301,592,20490,560,54405,593,74895,California
El Dorado,2021-04-22,2552,127971,1679,57995,873,65675,0,4301,1067,20074,1483,55888,1067,75962,California
El Dorado,2021-04-23,1408,129379,499,58494,909,66584,0,4301,720,20110,685,56573,721,76683,California
El Dorado,2021-04-24,973,130352,521,59015,452,67036,0,4301,737,20613,234,56807,737,77420,California
El Dorado,2021-04-25,655,131007,450,59465,205,67241,0,4301,469,20896,186,56993,469,77889,California
El Dorado,2021-04-26,1195,132202,481,59946,697,67938,17,4318,561,20842,631,57624,577,78466,California
El Dorado,2021-04-27,1112,133314,415,60361,663,68601,34,4352,494,20759,611,58235,528,78994,California
El Dorado,2021-04-28,1069,134383,356,60717,673,69274,40,4392,435,20601,633,58868,475,79469,California
El Dorado,2021-04-29,1983,136366,1359,62076,592,69866,32,4424,587,19826,1394,60262,619,80088,California
El Dorado,2021-04-30,2125,138491,1337,63413,747,70613,41,4465,1363,20479,750,61012,1403,81491,California
El Dorado,2021-05-01,613,139104,279,63692,306,70919,28,4493,275,20451,331,61343,303,81794,California
El Dorado,2021-05-02,302,139406,216,63908,57,70976,29,4522,100,20380,199,61542,128,81922,California
El Dorado,2021-05-03,821,140227,399,64307,372,71348,50,4572,274,20162,543,62085,325,82247,California
El Dorado,2021-05-04,881,141108,434,64741,388,71736,59,4631,313,19970,564,62649,372,82619,California
El Dorado,2021-05-05,879,141987,436,65177,370,72106,73,4704,417,20000,460,63109,490,83109,California
El Dorado,2021-05-06,1115,143102,485,65662,583,72689,47,4751,472,19878,637,63746,515,83624,California
El Dorado,2021-05-07,981,144083,375,66037,548,73237,58,4809,401,19756,580,64326,458,84082,California
El Dorado,2021-05-08,488,144571,153,66190,298,73535,37,4846,187,19681,299,64625,224,84306,California
El Dorado,2021-05-09,221,144792,82,66272,112,73647,27,4873,103,19694,117,64742,130,84436,California
El Dorado,2021-05-10,828,145620,273,66545,496,74143,59,4932,240,19412,579,65321,297,84733,California
El Dorado,2021-05-11,681,146301,294,66839,325,74468,62,4994,293,19383,385,65706,356,85089,California
El Dorado,2021-05-12,648,146949,341,67180,265,74733,42,5036,273,19324,375,66081,316,85405,California
El Dorado,2021-05-13,1241,148190,793,67973,407,75140,41,5077,457,19043,778,66859,497,85902,California
El Dorado,2021-05-14,1404,149594,811,68784,510,75650,83,5160,677,19081,722,67581,760,86662,California
El Dorado,2021-05-15,899,150493,553,69337,289,75939,57,5217,316,18871,583,68164,373,87035,California
El Dorado,2021-05-16,662,151155,461,69798,175,76114,26,5243,230,18695,432,68596,256,87291,California
El Dorado,2021-05-17,1566,152721,663,70461,854,76968,49,5292,563,18307,999,69595,611,87902,California
El Dorado,2021-05-18,1013,153734,509,70970,450,77418,54,5346,439,18227,573,70168,493,88395,California
El Dorado,2021-05-19,816,154550,332,71302,431,77849,53,5399,319,18107,491,70659,371,88766,California
El Dorado,2021-05-20,1142,155692,628,71930,441,78290,73,5472,435,17910,704,71363,507,89273,California
El Dorado,2021-05-21,2257,157949,1695,73625,529,78819,33,5505,776,17242,1477,72840,809,90082,California
El Dorado,2021-05-22,661,158610,198,73823,431,79250,32,5537,222,17058,438,73278,254,90336,California
El Dorado,2021-05-23,265,158875,114,73937,124,79374,27,5564,88,16998,175,73453,115,90451,California
El Dorado,2021-05-24,883,159758,452,74389,363,79737,68,5632,312,16809,567,74020,378,90829,California
El Dorado,2021-05-25,607,160365,255,74644,316,80053,36,5668,229,16699,375,74395,265,91094,California
El Dorado,2021-05-26,794,161159,388,75032,382,80435,24,5692,279,16488,514,74909,303,91397,California
El Dorado,2021-05-27,623,161782,245,75277,344,80779,34,5726,317,16534,304,75213,350,91747,California
El Dorado,2021-05-28,729,162511,252,75529,413,81192,64,5790,308,16488,418,75631,372,92119,California
El Dorado,2021-05-29,386,162897,107,75636,263,81455,16,5806,169,16456,217,75848,185,92304,California
El Dorado,2021-05-30,171,163068,100,75736,57,81512,14,5820,83,16465,88,75936,97,92401,California
El Dorado,2021-05-31,36,163104,11,75747,14,81526,11,5831,8,16456,28,75964,19,92420,California
El Dorado,2021-06-01,675,163779,288,76035,349,81875,38,5869,233,16288,439,76403,271,92691,California
El Dorado,2021-06-02,624,164403,299,76334,275,82150,50,5919,261,16237,362,76765,311,93002,California
El Dorado,2021-06-03,727,165130,338,76672,346,82496,43,5962,183,15920,544,77309,227,93229,California
El Dorado,2021-06-04,865,165995,510,77182,322,82818,33,5995,179,15448,684,77993,212,93441,California
El Dorado,2021-06-05,378,166373,214,77396,152,82970,12,6007,78,15240,298,78291,90,93531,California
El Dorado,2021-06-06,271,166644,187,77583,71,83041,13,6020,48,15078,222,78513,60,93591,California
El Dorado,2021-06-07,773,167417,478,78061,255,83296,40,6060,168,14688,598,79111,208,93799,California
El Dorado,2021-06-08,614,168031,377,78438,206,83502,31,6091,128,14363,483,79594,158,93957,California
El Dorado,2021-06-09,81,168112,43,78481,30,83532,8,6099,30,14350,51,79645,38,93995,California
Fresno,2020-12-15,2,2,2,2,0,0,0,0,2,2,0,0,2,2,California
Fresno,2020-12-16,125,127,125,127,0,0,0,0,125,127,0,0,125,127,California
Fresno,2020-12-17,123,250,123,250,0,0,0,0,123,250,0,0,123,250,California
Fresno,2020-12-18,349,599,349,599,0,0,0,0,349,599,0,0,349,599,California
Fresno,2020-12-19,161,760,161,760,0,0,0,0,161,760,0,0,161,760,California
Fresno,2020-12-20,258,1018,256,1016,2,2,0,0,258,1018,0,0,258,1018,California
Fresno,2020-12-21,924,1942,922,1938,2,4,0,0,954,1972,0,0,954,1972,California
Fresno,2020-12-22,902,2844,872,2810,30,34,0,0,906,2878,0,0,906,2878,California
Fresno,2020-12-23,1087,3931,1046,3856,41,75,0,0,1088,3966,0,0,1088,3966,California
Fresno,2020-12-24,592,4523,566,4422,26,101,0,0,592,4558,0,0,592,4558,California
Fresno,2020-12-25,2,4525,1,4423,1,102,0,0,2,4560,0,0,2,4560,California
Fresno,2020-12-26,723,5248,714,5137,9,111,0,0,723,5283,0,0,723,5283,California
Fresno,2020-12-27,305,5553,208,5345,97,208,0,0,305,5588,0,0,305,5588,California
Fresno,2020-12-28,1097,6650,804,6149,293,501,0,0,1097,6685,0,0,1097,6685,California
Fresno,2020-12-29,1763,8413,1000,7149,763,1264,0,0,1761,8445,1,1,1761,8446,California
Fresno,2020-12-30,982,9395,444,7593,538,1802,0,0,982,9427,0,1,982,9428,California
Fresno,2020-12-31,927,10322,310,7903,617,2419,0,0,926,10353,0,1,926,10354,California
Fresno,2021-01-01,11,10333,4,7907,7,2426,0,0,11,10364,0,1,11,10365,California
Fresno,2021-01-02,1029,11362,714,8621,315,2741,0,0,1029,11393,0,1,1029,11394,California
Fresno,2021-01-03,155,11517,129,8750,26,2767,0,0,155,11548,0,1,155,11549,California
Fresno,2021-01-04,623,12140,378,9128,245,3012,0,0,623,12171,0,1,623,12172,California
Fresno,2021-01-05,781,12921,311,9439,470,3482,0,0,707,12804,74,75,707,12879,California
Fresno,2021-01-06,986,13907,348,9787,638,4120,0,0,810,13438,176,251,810,13689,California
Fresno,2021-01-07,1898,15805,918,10705,980,5100,0,0,1644,14831,254,505,1647,15336,California
Fresno,2021-01-08,1786,17591,612,11317,1174,6274,0,0,1422,15891,362,867,1422,16758,California
Fresno,2021-01-09,638,18229,390,11707,248,6522,0,0,360,15973,278,1145,360,17118,California
Fresno,2021-01-10,517,18746,487,12194,30,6552,0,0,204,15864,313,1458,204,17322,California
Fresno,2021-01-11,2216,20962,1806,14000,410,6962,0,0,1523,16697,693,2151,1526,18848,California
Fresno,2021-01-12,2520,23482,1823,15823,697,7659,0,0,1672,17521,850,3001,1674,20522,California
Fresno,2021-01-13,3556,27038,2436,18259,1120,8779,0,0,2703,19374,853,3854,2706,23228,California
Fresno,2021-01-14,4138,31176,2182,20441,1956,10735,0,0,3665,22567,472,4326,3665,26893,California
Fresno,2021-01-15,3663,34839,2531,22972,1132,11867,0,0,3304,25516,359,4685,3308,30201,California
Fresno,2021-01-16,3140,37979,2302,25274,838,12705,0,0,2674,27727,465,5150,2676,32877,California
Fresno,2021-01-17,979,38958,557,25831,422,13127,0,0,779,28306,200,5350,779,33656,California
Fresno,2021-01-18,3078,42036,2372,28203,706,13833,0,0,2420,30072,656,6006,2422,36078,California
Fresno,2021-01-19,4408,46444,2625,30828,1783,15616,0,0,3690,33048,718,6724,3694,39772,California
Fresno,2021-01-20,3023,49467,1212,32040,1811,17427,0,0,2710,35450,311,7035,2713,42485,California
Fresno,2021-01-21,4389,53856,2032,34072,2357,19784,0,0,4029,39148,337,7372,4035,46520,California
Fresno,2021-01-22,3300,57156,1343,35415,1957,21741,0,0,2916,41697,368,7740,2917,49437,California
Fresno,2021-01-23,3049,60205,1976,37391,1073,22814,0,0,2323,43300,725,8465,2328,51765,California
Fresno,2021-01-24,559,60764,377,37768,182,22996,0,0,353,43449,206,8671,355,52120,California
Fresno,2021-01-25,2441,63205,866,38634,1575,24571,0,0,1864,44739,577,9248,1867,53987,California
Fresno,2021-01-26,2081,65286,589,39223,1492,26063,0,0,1321,45304,758,10006,1323,55310,California
Fresno,2021-01-27,2327,67613,1157,40380,1170,27233,0,0,1750,46481,576,10582,1753,57063,California
Fresno,2021-01-28,4560,72173,3056,43436,1504,28737,0,0,3488,48905,1069,11651,3493,60556,California
Fresno,2021-01-29,1713,73886,983,44419,730,29467,0,0,1413,50023,296,11947,1414,61970,California
Fresno,2021-01-30,1447,75333,546,44965,901,30368,0,0,1029,50634,418,12365,1029,62999,California
Fresno,2021-01-31,229,75562,218,45183,11,30379,0,0,75,50555,154,12519,75,63074,California
Fresno,2021-02-01,3342,78904,1667,46850,1675,32054,0,0,1784,50792,1557,14076,1794,64868,California
Fresno,2021-02-02,2727,81631,555,47405,2172,34226,0,0,1584,51264,1128,15204,1600,66468,California
Fresno,2021-02-03,3556,85187,2104,49509,1452,35678,0,0,1543,50804,2004,17208,1544,68012,California
Fresno,2021-02-04,4193,89380,1892,51401,2301,37979,0,0,1928,50502,2235,19443,1933,69945,California
Fresno,2021-02-05,5343,94723,2727,54128,2616,40595,0,0,2307,49782,3031,22474,2311,72256,California
Fresno,2021-02-06,2927,97650,2038,56166,889,41484,0,0,968,48800,1951,24425,969,73225,California
Fresno,2021-02-07,468,98118,286,56452,182,41666,0,0,273,48879,194,24619,273,73498,California
Fresno,2021-02-08,4276,102394,2288,58740,1988,43654,0,0,1813,48251,2450,27069,1822,75320,California
Fresno,2021-02-09,5328,107722,2090,60830,3238,46892,0,0,3115,49237,2138,29207,3124,78444,California
Fresno,2021-02-10,3894,111616,1235,62065,2659,49551,0,0,1993,49393,1849,31056,2005,80449,California
Fresno,2021-02-11,6449,118065,2089,64154,4360,53911,0,0,3350,49667,3081,34137,3355,83804,California
Fresno,2021-02-12,5398,123463,1384,65538,4014,57925,0,0,2733,49763,2646,36783,2742,86546,California
Fresno,2021-02-13,3742,127205,1560,67098,2182,60107,0,0,2079,50196,1651,38434,2084,88630,California
Fresno,2021-02-14,1565,128770,283,67381,1282,61389,0,0,839,50312,725,39159,841,89471,California
Fresno,2021-02-15,2894,131664,268,67649,2626,64015,0,0,1796,51018,1094,40253,1800,91271,California
Fresno,2021-02-16,6687,138351,2402,70051,4285,68300,0,0,4233,52820,2437,42690,4239,95510,California
Fresno,2021-02-17,5328,143679,2447,72498,2881,71181,0,0,2988,53516,2297,44987,2993,98503,California
Fresno,2021-02-18,6849,150528,2895,75393,3954,75135,0,0,2579,51880,4226,49213,2590,101093,California
Fresno,2021-02-19,3835,154363,1098,76491,2737,77872,0,0,1822,51704,2001,51214,1825,102918,California
Fresno,2021-02-20,4526,158889,2482,78973,2044,79916,0,0,3046,53282,1474,52688,3052,105970,California
Fresno,2021-02-21,189,159078,170,79143,19,79935,0,0,126,53359,49,52737,126,106096,California
Fresno,2021-02-22,2241,161319,998,80141,1243,81178,0,0,1236,53602,995,53732,1238,107334,California
Fresno,2021-02-23,4688,166007,2262,82403,2426,83604,0,0,3808,56544,868,54600,3810,111144,California
Fresno,2021-02-24,4207,170214,1499,83902,2708,86312,0,0,3450,59250,745,55345,3451,114595,California
Fresno,2021-02-25,8709,178923,3746,87648,4963,91275,0,0,7220,65054,1424,56769,7228,121823,California
Fresno,2021-02-26,9030,187953,3707,91355,5323,96598,0,0,7711,71476,1295,58064,7717,129540,California
Fresno,2021-02-27,7292,195245,3168,94523,4123,100721,1,1,6578,77360,698,58762,6582,136122,California
Fresno,2021-02-28,1651,196896,531,95054,1120,101841,0,1,1562,78846,77,58839,1563,137685,California
Fresno,2021-03-01,5093,201989,1322,96376,3771,105612,0,1,3693,81156,1387,60226,3697,141382,California
Fresno,2021-03-02,9862,211851,3384,99760,6478,112090,0,1,8478,88299,1360,61586,8503,149885,California
Fresno,2021-03-03,6939,218790,1690,101450,5248,117338,1,2,5927,93340,998,62584,6039,155924,California
Fresno,2021-03-04,10452,229242,4128,105578,6324,123662,0,2,8710,100346,1713,64297,8719,164643,California
Fresno,2021-03-05,9314,238556,3631,109209,5681,129343,2,4,8034,107308,1148,65445,8110,172753,California
Fresno,2021-03-06,7003,245559,3950,113159,2935,132278,118,122,6010,112455,985,66430,6132,178885,California
Fresno,2021-03-07,1495,247054,682,113841,776,133054,37,159,1265,113531,227,66657,1303,180188,California
Fresno,2021-03-08,5294,252348,2024,115865,3119,136173,151,310,4003,116416,1280,67937,4165,184353,California
Fresno,2021-03-09,8612,260960,3782,119647,4558,140731,272,582,4643,117418,3948,71885,4950,189303,California
Fresno,2021-03-10,6844,267804,2862,122509,3591,144322,391,973,5382,121746,1453,73338,5781,195084,California
Fresno,2021-03-11,11608,279412,4580,127089,6472,150794,556,1529,6312,123422,5269,78607,6945,202029,California
Fresno,2021-03-12,12067,291479,5140,132229,6480,157274,447,1976,9061,130081,2987,81594,9646,211675,California
Fresno,2021-03-13,8347,299826,4059,136288,3256,160530,1032,3008,4026,130915,4299,85893,5133,216808,California
Fresno,2021-03-14,1768,301594,477,136765,1002,161532,289,3297,666,130780,1090,86983,955,217763,California
Fresno,2021-03-15,7135,308729,3175,139940,3787,165319,173,3470,4952,133917,2169,89152,5306,223069,California
Fresno,2021-03-16,10232,318961,4541,144481,5291,170610,400,3870,5426,135065,4774,93926,5922,228991,California
Fresno,2021-03-17,8674,327635,3931,148412,4049,174659,694,4564,5879,139256,2772,96698,6963,235954,California
Fresno,2021-03-18,12452,340087,6737,155149,5074,179733,641,5205,7058,142037,5345,102043,8126,244080,California
Fresno,2021-03-19,11180,351267,5889,161038,4672,184405,619,5824,6932,145663,4219,106262,7845,251925,California
Fresno,2021-03-20,7613,358880,4603,165641,2690,187095,320,6144,3801,146275,3785,110047,4397,256322,California
Fresno,2021-03-21,1793,360673,1206,166847,210,187305,377,6521,967,146801,818,110865,1344,257666,California
Fresno,2021-03-22,5674,366347,2897,169744,2177,189482,600,7121,3837,149618,1821,112686,4638,262304,California
Fresno,2021-03-23,10569,376916,5252,174996,4815,194297,502,7623,5065,150130,5482,118168,5994,268298,California
Fresno,2021-03-24,8852,385768,3823,178819,4197,198494,832,8455,4968,152135,3846,122014,5851,274149,California
Fresno,2021-03-25,12213,397981,5696,184515,5729,204223,788,9243,4768,150377,7395,129409,5637,279786,California
Fresno,2021-03-26,12231,410212,5458,189973,6128,210351,645,9888,4463,147791,7715,137124,5129,284915,California
Fresno,2021-03-27,9824,420036,4545,194518,4194,214545,1085,10973,2953,145003,6832,143956,4044,288959,California
Fresno,2021-03-28,3422,423458,1325,195843,1403,215948,694,11667,1280,145123,2134,146090,2254,291213,California
Fresno,2021-03-29,5997,429455,2004,197847,3444,219392,549,12216,2893,145500,3075,149165,3452,294665,California
Fresno,2021-03-30,10908,440363,4274,202121,5738,225130,896,13112,3849,143216,7028,156193,4744,299409,California
Fresno,2021-03-31,9695,450058,3382,205503,5320,230450,993,14105,3740,142031,5912,162105,4727,304136,California
Fresno,2021-04-01,12181,462239,4207,209710,7113,237563,861,14966,4053,138876,8026,170131,4871,309007,California
Fresno,2021-04-02,12087,474326,4628,214338,6665,244228,794,15760,4285,136322,7640,177771,5086,314093,California
Fresno,2021-04-03,6414,480740,3532,217870,2625,246853,257,16017,2148,134517,4247,182018,2442,316535,California
Fresno,2021-04-04,1499,482239,533,218403,921,247774,45,16062,546,134165,943,182961,591,317126,California
Fresno,2021-04-05,8333,490572,4474,222877,3056,250830,803,16865,2449,131618,5867,188828,3320,320446,California
Fresno,2021-04-06,9620,500192,4030,226907,4402,255232,1188,18053,3548,130343,6032,194860,4757,325203,California
Fresno,2021-04-07,10541,510733,5421,232328,3909,259141,1211,19264,3544,128176,6950,201810,4783,329986,California
Fresno,2021-04-08,10957,521690,5170,237498,4623,263764,1164,20428,3440,125358,7467,209277,4649,334635,California
Fresno,2021-04-09,11257,532947,5351,242849,4505,268269,1401,21829,3622,122816,7588,216865,5046,339681,California
Fresno,2021-04-10,7896,540843,5154,248003,2218,270487,524,22353,3683,122828,4201,221066,4213,343894,California
Fresno,2021-04-11,1396,542239,936,248939,368,270855,92,22445,446,122423,945,222011,540,344434,California
Fresno,2021-04-12,7278,549517,3804,252743,2546,273401,928,23373,2348,120803,4900,226911,3280,347714,California
Fresno,2021-04-13,8932,558449,4274,257017,4590,277991,68,23441,3493,119063,5403,232314,3663,351377,California
Fresno,2021-04-14,9466,567915,5755,262772,3710,281701,1,23442,3750,117191,5674,237988,3802,355179,California
Fresno,2021-04-15,8435,576350,4206,266978,4226,285927,3,23445,3188,115179,5218,243206,3206,358385,California
Fresno,2021-04-16,9371,585721,4636,271614,4733,290660,2,23447,3870,113591,5465,248671,3877,362262,California
Fresno,2021-04-17,5564,591285,3722,275336,1842,292502,0,23447,2645,113339,2899,251570,2647,364909,California
Fresno,2021-04-18,1031,592316,560,275896,471,292973,0,23447,473,113259,553,252123,473,365382,California
Fresno,2021-04-19,5549,597865,3019,278915,2527,295500,3,23450,2246,112249,3261,255384,2251,367633,California
Fresno,2021-04-20,6926,604791,3434,282349,3483,298983,9,23459,2617,110590,4285,259669,2626,370259,California
Fresno,2021-04-21,6373,611164,3526,285875,2839,301822,8,23467,2661,109584,3679,263348,2673,372932,California
Fresno,2021-04-22,6350,617514,3160,289035,3189,305011,1,23468,2311,107919,3980,267328,2315,375247,California
Fresno,2021-04-23,7104,624618,3825,292860,3262,308273,17,23485,2722,106352,4294,271622,2727,377974,California
Fresno,2021-04-24,4173,628791,2494,295354,1679,309952,0,23485,1918,106029,2241,273863,1918,379892,California
Fresno,2021-04-25,1373,630164,557,295911,814,310766,2,23487,692,106048,675,274538,694,380586,California
Fresno,2021-04-26,4234,634398,2137,298048,2052,312818,45,23532,1803,105495,2400,276938,1847,382433,California
Fresno,2021-04-27,4816,639214,2444,300492,2246,315064,126,23658,1896,104618,2898,279836,2021,384454,California
Fresno,2021-04-28,4760,643974,2670,303162,1960,317024,130,23788,1982,103975,2756,282592,2113,386567,California
Fresno,2021-04-29,4779,648753,2656,305818,1985,319009,138,23926,1800,102963,2948,285540,1936,388503,California
Fresno,2021-04-30,5398,654151,3284,309102,1980,320989,134,24060,2140,102008,3228,288768,2273,390776,California
Fresno,2021-05-01,4187,658338,3457,312559,591,321580,139,24199,1229,100434,2940,291708,1366,392142,California
Fresno,2021-05-02,1248,659586,771,313330,426,322006,51,24250,611,100470,625,292333,661,392803,California
Fresno,2021-05-03,4022,663608,2701,316031,1129,323135,192,24442,1298,99259,2696,295029,1485,394288,California
Fresno,2021-05-04,4827,668435,2501,318532,2174,325309,152,24594,1549,97710,3252,298281,1703,395991,California
Fresno,2021-05-05,5081,673516,3146,321678,1710,327019,225,24819,1586,96049,3469,301750,1808,397799,California
Fresno,2021-05-06,4119,677635,2549,324227,1465,328484,105,24924,1407,94878,2683,304433,1512,399311,California
Fresno,2021-05-07,5007,682642,3289,327516,1553,330037,165,25089,1553,93162,3431,307864,1715,401026,California
Fresno,2021-05-08,3898,686540,2492,330008,1258,331295,148,25237,1175,91782,2704,310568,1324,402350,California
Fresno,2021-05-09,678,687218,347,330355,288,331583,43,25280,336,91825,336,310904,379,402729,California
Fresno,2021-05-10,2951,690169,1580,331935,1230,332813,141,25421,917,90857,2026,312930,1058,403787,California
Fresno,2021-05-11,3730,693899,1922,333857,1713,334526,95,25516,1202,89638,2517,315447,1298,405085,California
Fresno,2021-05-12,3984,697883,2555,336412,1268,335794,161,25677,1457,88754,2502,317949,1618,406703,California
Fresno,2021-05-13,3844,701727,2122,338534,1617,337411,105,25782,1735,88523,2071,320020,1840,408543,California
Fresno,2021-05-14,5028,706755,3027,341561,1813,339224,188,25970,2136,87989,2859,322879,2325,410868,California
Fresno,2021-05-15,3577,710332,2672,344233,775,339999,130,26100,1816,88183,1750,324629,1944,412812,California
Fresno,2021-05-16,1443,711775,945,345178,464,340463,34,26134,806,88392,631,325260,840,413652,California
Fresno,2021-05-17,4170,715945,2821,347999,1191,341654,158,26292,2240,88887,1902,327162,2397,416049,California
Fresno,2021-05-18,4080,720025,2518,350517,1411,343065,151,26443,2091,89160,1966,329128,2239,418288,California
Fresno,2021-05-19,4335,724360,2760,353277,1400,344465,175,26618,2101,89223,2212,331340,2275,420563,California
Fresno,2021-05-20,3926,728286,2306,355583,1435,345900,185,26803,1839,89174,2072,333412,2023,422586,California
Fresno,2021-05-21,4298,732584,2813,358396,1393,347293,92,26895,1935,88863,2338,335750,2027,424613,California
Fresno,2021-05-22,3647,736231,2710,361106,764,348057,173,27068,2070,89542,1562,337312,2241,426854,California
Fresno,2021-05-23,862,737093,546,361652,287,348344,29,27097,428,89573,426,337738,457,427311,California
Fresno,2021-05-24,3221,740314,2024,363676,1083,349427,114,27211,1487,89464,1710,339448,1601,428912,California
Fresno,2021-05-25,3205,743519,1928,365604,1153,350580,124,27335,1368,89133,1823,341271,1492,430404,California
Fresno,2021-05-26,3234,746753,2141,367745,988,351568,105,27440,1649,89319,1566,342837,1752,432156,California
Fresno,2021-05-27,3129,749882,1907,369652,1115,352683,107,27547,1409,89142,1694,344531,1517,433673,California
Fresno,2021-05-28,3395,753277,2206,371858,1094,353777,95,27642,1875,89612,1501,346032,1971,435644,California
Fresno,2021-05-29,2271,755548,1654,373512,546,354323,71,27713,1246,89915,1015,347047,1318,436962,California
Fresno,2021-05-30,887,756435,535,374047,317,354640,35,27748,424,89928,446,347493,459,437421,California
Fresno,2021-05-31,316,756751,159,374206,146,354786,11,27759,133,89892,178,347671,142,437563,California
Fresno,2021-06-01,3007,759758,1812,376018,1101,355887,94,27853,1226,89453,1759,349430,1320,438883,California
Fresno,2021-06-02,2654,762412,1712,377730,852,356739,90,27943,1081,89081,1544,350974,1172,440055,California
Fresno,2021-06-03,2925,765337,2006,379736,817,357556,102,28045,1192,88659,1714,352688,1292,441347,California
Fresno,2021-06-04,3208,768545,2340,382076,771,358327,97,28142,1105,87785,2077,354765,1203,442550,California
Fresno,2021-06-05,3062,771607,2282,384358,664,358991,116,28258,1223,87299,1823,356588,1337,443887,California
Fresno,2021-06-06,1129,772736,891,385249,204,359195,34,28292,380,86968,745,357333,414,444301,California
Fresno,2021-06-07,3054,775790,2407,387656,559,359754,88,28380,886,85795,2147,359480,974,445275,California
Fresno,2021-06-08,2552,778342,1905,389561,582,360336,65,28445,774,84867,1766,361246,838,446113,California
Fresno,2021-06-09,1560,779902,1200,390761,297,360633,63,28508,511,84400,1041,362287,574,446687,California
Glenn,2020-12-17,1,1,1,1,0,0,0,0,1,1,0,0,1,1,California
Glenn,2020-12-20,1,2,1,2,0,0,0,0,1,2,0,0,1,2,California
Glenn,2020-12-21,11,13,11,13,0,0,0,0,11,13,0,0,11,13,California
Glenn,2020-12-22,61,74,61,74,0,0,0,0,61,74,0,0,61,74,California
Glenn,2020-12-23,28,102,28,102,0,0,0,0,28,102,0,0,28,102,California
Glenn,2020-12-24,9,111,9,111,0,0,0,0,9,111,0,0,9,111,California
Glenn,2020-12-26,2,113,2,113,0,0,0,0,2,113,0,0,2,113,California
Glenn,2020-12-27,4,117,4,117,0,0,0,0,4,117,0,0,4,117,California
Glenn,2020-12-28,21,138,21,138,0,0,0,0,21,138,0,0,21,138,California
Glenn,2020-12-29,81,219,81,219,0,0,0,0,81,219,0,0,81,219,California
Glenn,2020-12-30,129,348,106,325,23,23,0,0,129,348,0,0,129,348,California
Glenn,2020-12-31,38,386,9,334,29,52,0,0,38,386,0,0,38,386,California
Glenn,2021-01-02,3,389,3,337,0,52,0,0,3,389,0,0,3,389,California
Glenn,2021-01-04,7,396,5,342,2,54,0,0,7,396,0,0,7,396,California
Glenn,2021-01-05,10,406,8,350,2,56,0,0,10,406,0,0,10,406,California
Glenn,2021-01-06,59,465,8,358,51,107,0,0,59,465,0,0,59,465,California
Glenn,2021-01-07,66,531,11,369,55,162,0,0,65,529,1,1,65,530,California
Glenn,2021-01-08,12,543,9,378,3,165,0,0,12,541,0,1,12,542,California
Glenn,2021-01-10,1,544,1,379,0,165,0,0,0,540,1,2,0,542,California
Glenn,2021-01-11,29,573,29,408,0,165,0,0,12,535,17,19,12,554,California
Glenn,2021-01-12,44,617,39,447,5,170,0,0,14,519,30,49,14,568,California
Glenn,2021-01-13,221,838,156,603,65,235,0,0,177,652,44,93,177,745,California
Glenn,2021-01-14,117,955,28,631,89,324,0,0,107,749,10,103,107,852,California
Glenn,2021-01-15,41,996,34,665,7,331,0,0,36,780,5,108,36,888,California
Glenn,2021-01-16,33,1029,14,679,19,350,0,0,23,793,10,118,23,911,California
Glenn,2021-01-17,4,1033,2,681,2,352,0,0,2,793,2,120,2,913,California
Glenn,2021-01-18,17,1050,16,697,1,353,0,0,9,794,8,128,9,922,California
Glenn,2021-01-19,30,1080,20,717,10,363,0,0,13,790,17,145,13,935,California
Glenn,2021-01-20,164,1244,94,811,70,433,0,0,83,792,81,226,83,1018,California
Glenn,2021-01-21,123,1367,97,908,26,459,0,0,30,729,93,319,30,1048,California
Glenn,2021-01-22,341,1708,64,972,277,736,0,0,334,1056,7,326,334,1382,California
Glenn,2021-01-23,14,1722,8,980,6,742,0,0,11,1064,3,329,11,1393,California
Glenn,2021-01-24,2,1724,2,982,0,742,0,0,2,1066,0,329,2,1395,California
Glenn,2021-01-25,27,1751,9,991,18,760,0,0,24,1087,3,332,24,1419,California
Glenn,2021-01-26,30,1781,14,1005,16,776,0,0,24,1105,6,338,24,1443,California
Glenn,2021-01-27,187,1968,12,1017,175,951,0,0,165,1248,22,360,165,1608,California
Glenn,2021-01-28,148,2116,8,1025,140,1091,0,0,118,1336,30,390,118,1726,California
Glenn,2021-01-29,299,2415,12,1037,287,1378,0,0,285,1607,14,404,285,2011,California
Glenn,2021-01-30,3,2418,0,1037,3,1381,0,0,3,1610,0,404,3,2014,California
Glenn,2021-01-31,1,2419,0,1037,1,1382,0,0,1,1611,0,404,1,2015,California
Glenn,2021-02-01,30,2449,11,1048,19,1401,0,0,18,1617,12,416,18,2033,California
Glenn,2021-02-02,30,2479,15,1063,15,1416,0,0,20,1627,10,426,20,2053,California
Glenn,2021-02-03,273,2752,125,1188,148,1564,0,0,129,1613,144,570,130,2183,California
Glenn,2021-02-04,80,2832,14,1202,66,1630,0,0,25,1583,55,625,25,2208,California
Glenn,2021-02-05,323,3155,25,1227,298,1928,0,0,302,1864,21,646,302,2510,California
Glenn,2021-02-06,16,3171,2,1229,14,1942,0,0,15,1878,1,647,15,2525,California
Glenn,2021-02-07,2,3173,2,1231,0,1942,0,0,2,1880,0,647,2,2527,California
Glenn,2021-02-08,21,3194,17,1248,4,1946,0,0,4,1867,17,664,4,2531,California
Glenn,2021-02-09,48,3242,19,1267,29,1975,0,0,34,1887,14,678,34,2565,California
Glenn,2021-02-10,139,3381,19,1286,120,2095,0,0,66,1880,73,751,66,2631,California
Glenn,2021-02-11,232,3613,132,1418,100,2195,0,0,150,1947,83,834,150,2781,California
Glenn,2021-02-12,419,4032,98,1516,321,2516,0,0,354,2236,65,899,354,3135,California
Glenn,2021-02-13,36,4068,8,1524,28,2544,0,0,17,2234,19,918,17,3152,California
Glenn,2021-02-14,1,4069,0,1524,1,2545,0,0,1,2235,0,918,1,3153,California
Glenn,2021-02-15,8,4077,0,1524,8,2553,0,0,8,2243,0,918,8,3161,California
Glenn,2021-02-16,39,4116,9,1533,30,2583,0,0,21,2246,18,936,21,3182,California
Glenn,2021-02-17,381,4497,13,1546,368,2951,0,0,304,2473,77,1013,304,3486,California
Glenn,2021-02-18,135,4632,100,1646,35,2986,0,0,111,2560,24,1037,111,3597,California
Glenn,2021-02-19,305,4937,16,1662,289,3275,0,0,28,2311,277,1314,28,3625,California
Glenn,2021-02-20,8,4945,0,1662,8,3283,0,0,0,2303,8,1322,0,3625,California
Glenn,2021-02-21,1,4946,1,1663,0,3283,0,0,1,2304,0,1322,1,3626,California
Glenn,2021-02-22,34,4980,15,1678,19,3302,0,0,17,2304,17,1339,17,3643,California
Glenn,2021-02-23,39,5019,10,1688,29,3331,0,0,27,2319,12,1351,27,3670,California
Glenn,2021-02-24,249,5268,47,1735,202,3533,0,0,46,2162,203,1554,46,3716,California
Glenn,2021-02-25,234,5502,120,1855,114,3647,0,0,118,2165,115,1669,118,3834,California
Glenn,2021-02-26,308,5810,24,1879,284,3931,0,0,20,1898,287,1956,20,3854,California
Glenn,2021-02-27,14,5824,5,1884,9,3940,0,0,6,1897,7,1963,6,3860,California
Glenn,2021-02-28,6,5830,3,1887,3,3943,0,0,3,1898,2,1965,3,3863,California
Glenn,2021-03-01,28,5858,6,1893,22,3965,0,0,12,1894,16,1981,12,3875,California
Glenn,2021-03-02,34,5892,7,1900,27,3992,0,0,16,1892,18,1999,16,3891,California
Glenn,2021-03-03,193,6085,38,1938,155,4147,0,0,102,1905,89,2088,102,3993,California
Glenn,2021-03-04,518,6603,174,2112,344,4491,0,0,374,2135,144,2232,374,4367,California
Glenn,2021-03-05,358,6961,47,2159,311,4802,0,0,34,1845,324,2556,34,4401,California
Glenn,2021-03-06,27,6988,2,2161,24,4826,1,1,8,1835,19,2575,9,4410,California
Glenn,2021-03-07,5,6993,0,2161,5,4831,0,1,3,1837,1,2576,3,4413,California
Glenn,2021-03-08,20,7013,2,2163,17,4848,1,2,18,1854,2,2578,19,4432,California
Glenn,2021-03-09,81,7094,11,2174,67,4915,3,5,53,1881,28,2606,55,4487,California
Glenn,2021-03-10,172,7266,69,2243,101,5016,2,7,95,1901,77,2683,97,4584,California
Glenn,2021-03-11,585,7851,169,2412,393,5409,23,30,455,2249,130,2813,478,5062,California
Glenn,2021-03-12,417,8268,13,2425,342,5751,62,92,41,1976,376,3189,103,5165,California
Glenn,2021-03-13,13,8281,1,2426,4,5755,8,100,1,1973,12,3201,9,5174,California
Glenn,2021-03-14,2,8283,1,2427,1,5756,0,100,0,1971,2,3203,0,5174,California
Glenn,2021-03-15,76,8359,15,2442,56,5812,5,105,61,2022,15,3218,66,5240,California
Glenn,2021-03-16,109,8468,34,2476,65,5877,10,115,69,2061,40,3258,79,5319,California
Glenn,2021-03-17,420,8888,99,2575,314,6191,7,122,116,1878,304,3562,121,5440,California
Glenn,2021-03-18,522,9410,217,2792,49,6240,256,378,144,1899,378,3940,399,5839,California
Glenn,2021-03-19,96,9506,16,2808,74,6314,6,384,75,1960,20,3960,81,5920,California
Glenn,2021-03-20,133,9639,2,2810,130,6444,1,385,131,2090,2,3962,132,6052,California
Glenn,2021-03-21,6,9645,5,2815,0,6444,1,386,3,2092,2,3964,4,6056,California
Glenn,2021-03-22,122,9767,54,2869,61,6505,7,393,103,2185,17,3981,110,6166,California
Glenn,2021-03-23,175,9942,66,2935,59,6564,50,443,104,2269,70,4051,154,6320,California
Glenn,2021-03-24,208,10150,101,3036,102,6666,5,448,135,2337,72,4123,140,6460,California
Glenn,2021-03-25,472,10622,230,3266,148,6814,94,542,345,2650,126,4249,439,6899,California
Glenn,2021-03-26,239,10861,36,3302,167,6981,36,578,189,2825,50,4299,225,7124,California
Glenn,2021-03-27,163,11024,19,3321,138,7119,6,584,153,2974,10,4309,159,7283,California
Glenn,2021-03-28,15,11039,10,3331,5,7124,0,584,10,2979,5,4314,10,7293,California
Glenn,2021-03-29,61,11100,20,3351,38,7162,3,587,47,3015,14,4328,50,7343,California
Glenn,2021-03-30,72,11172,41,3392,30,7192,1,588,41,3028,29,4357,42,7385,California
Glenn,2021-03-31,124,11296,35,3427,88,7280,1,589,54,3014,69,4426,55,7440,California
Glenn,2021-04-01,654,11950,188,3615,457,7737,9,598,243,2857,409,4835,252,7692,California
Glenn,2021-04-02,169,12119,26,3641,131,7868,12,610,133,2966,36,4871,145,7837,California
Glenn,2021-04-03,96,12215,4,3645,85,7953,7,617,85,3047,11,4882,92,7929,California
Glenn,2021-04-04,9,12224,3,3648,4,7957,2,619,5,3050,4,4886,7,7936,California
Glenn,2021-04-05,65,12289,25,3673,27,7984,13,632,28,3054,37,4923,41,7977,California
Glenn,2021-04-06,144,12433,52,3725,53,8037,39,671,37,3023,106,5029,75,8052,California
Glenn,2021-04-07,161,12594,47,3772,60,8097,54,725,74,3064,87,5116,128,8180,California
Glenn,2021-04-08,645,13239,191,3963,420,8517,34,759,139,2733,504,5620,173,8353,California
Glenn,2021-04-09,158,13397,57,4020,85,8602,16,775,101,2793,57,5677,117,8470,California
Glenn,2021-04-10,76,13473,1,4021,61,8663,14,789,59,2850,16,5693,73,8543,California
Glenn,2021-04-11,16,13489,8,4029,3,8666,5,794,7,2853,9,5702,12,8555,California
Glenn,2021-04-12,115,13604,25,4054,61,8727,29,823,20,2807,95,5797,49,8604,California
Glenn,2021-04-13,119,13723,63,4117,56,8783,0,823,30,2749,88,5885,30,8634,California
Glenn,2021-04-14,123,13846,46,4163,77,8860,0,823,69,2764,54,5939,69,8703,California
Glenn,2021-04-15,363,14209,278,4441,85,8945,0,823,121,2646,241,6180,123,8826,California
Glenn,2021-04-16,164,14373,41,4482,123,9068,0,823,76,2634,88,6268,76,8902,California
Glenn,2021-04-17,165,14538,16,4498,149,9217,0,823,27,2530,131,6399,27,8929,California
Glenn,2021-04-18,16,14554,3,4501,13,9230,0,823,13,2540,3,6402,13,8942,California
Glenn,2021-04-19,83,14637,17,4518,66,9296,0,823,22,2502,60,6462,22,8964,California
Glenn,2021-04-20,127,14764,82,4600,45,9341,0,823,54,2483,73,6535,54,9018,California
Glenn,2021-04-21,411,15175,310,4910,101,9442,0,823,280,2632,131,6666,280,9298,California
Glenn,2021-04-22,210,15385,48,4958,162,9604,0,823,33,2489,176,6842,33,9331,California
Glenn,2021-04-23,180,15565,24,4982,156,9760,0,823,41,2392,138,6980,41,9372,California
Glenn,2021-04-24,180,15745,32,5014,148,9908,0,823,31,2274,149,7129,31,9403,California
Glenn,2021-04-25,29,15774,18,5032,11,9919,0,823,21,2287,8,7137,21,9424,California
Glenn,2021-04-26,48,15822,12,5044,36,9955,0,823,19,2277,29,7166,19,9443,California
Glenn,2021-04-27,63,15885,49,5093,9,9964,5,828,32,2282,31,7197,36,9479,California
Glenn,2021-04-28,259,16144,180,5273,68,10032,11,839,129,2293,129,7326,140,9619,California
Glenn,2021-04-29,182,16326,23,5296,157,10189,2,841,36,2185,146,7472,38,9657,California
Glenn,2021-04-30,156,16482,35,5331,119,10308,2,843,37,2105,119,7591,39,9696,California
Glenn,2021-05-01,109,16591,13,5344,95,10403,1,844,26,2049,83,7674,27,9723,California
Glenn,2021-05-02,30,16621,12,5356,9,10412,9,853,15,2058,15,7689,24,9747,California
Glenn,2021-05-03,37,16658,23,5379,13,10425,1,854,14,2050,23,7712,15,9762,California
Glenn,2021-05-04,57,16715,33,5412,19,10444,5,859,28,2054,29,7741,33,9795,California
Glenn,2021-05-05,122,16837,35,5447,77,10521,10,869,51,2044,71,7812,61,9856,California
Glenn,2021-05-06,112,16949,41,5488,66,10587,5,874,41,2019,71,7883,46,9902,California
Glenn,2021-05-07,119,17068,32,5520,78,10665,9,883,31,1972,87,7970,40,9942,California
Glenn,2021-05-08,66,17134,12,5532,50,10715,4,887,21,1953,44,8014,25,9967,California
Glenn,2021-05-09,17,17151,11,5543,6,10721,0,887,13,1962,4,8018,13,9980,California
Glenn,2021-05-10,37,17188,15,5558,17,10738,5,892,14,1958,23,8041,19,9999,California
Glenn,2021-05-11,79,17267,56,5614,14,10752,9,901,16,1920,63,8104,25,10024,California
Glenn,2021-05-12,334,17601,252,5866,68,10820,14,915,53,1706,281,8385,67,10091,California
Glenn,2021-05-13,157,17758,59,5925,80,10900,18,933,68,1703,89,8474,86,10177,California
Glenn,2021-05-14,106,17864,25,5950,76,10976,5,938,42,1686,64,8538,47,10224,California
Glenn,2021-05-15,69,17933,40,5990,26,11002,3,941,36,1692,32,8570,38,10262,California
Glenn,2021-05-16,31,17964,18,6008,13,11015,0,941,9,1679,22,8592,9,10271,California
Glenn,2021-05-17,83,18047,58,6066,21,11036,4,945,60,1717,26,8618,64,10335,California
Glenn,2021-05-18,68,18115,49,6115,14,11050,5,950,22,1698,46,8664,27,10362,California
Glenn,2021-05-19,194,18309,114,6229,68,11118,12,962,72,1660,121,8785,83,10445,California
Glenn,2021-05-20,116,18425,73,6302,41,11159,2,964,81,1708,35,8820,83,10528,California
Glenn,2021-05-21,66,18491,23,6325,42,11201,1,965,26,1695,40,8860,27,10555,California
Glenn,2021-05-22,51,18542,21,6346,30,11231,0,965,25,1694,26,8886,25,10580,California
Glenn,2021-05-23,27,18569,15,6361,12,11243,0,965,12,1692,14,8900,12,10592,California
Glenn,2021-05-24,29,18598,10,6371,15,11258,4,969,10,1688,18,8918,14,10606,California
Glenn,2021-05-25,47,18645,36,6407,9,11267,2,971,24,1691,23,8941,26,10632,California
Glenn,2021-05-26,74,18719,15,6422,55,11322,4,975,26,1673,48,8989,30,10662,California
Glenn,2021-05-27,101,18820,62,6484,38,11360,1,976,47,1669,52,9041,48,10710,California
Glenn,2021-05-28,62,18882,18,6502,37,11397,7,983,32,1678,30,9071,39,10749,California
Glenn,2021-05-29,48,18930,11,6513,33,11430,4,987,21,1676,27,9098,25,10774,California
Glenn,2021-05-30,21,18951,13,6526,8,11438,0,987,8,1672,12,9110,8,10782,California
Glenn,2021-05-31,4,18955,0,6526,4,11442,0,987,0,1668,4,9114,0,10782,California
Glenn,2021-06-01,57,19012,31,6557,23,11465,3,990,24,1662,33,9147,27,10809,California
Glenn,2021-06-02,96,19108,48,6605,45,11510,3,993,39,1647,57,9204,42,10851,California
Glenn,2021-06-03,75,19183,42,6647,26,11536,7,1000,18,1617,55,9259,25,10876,California
Glenn,2021-06-04,76,19259,36,6683,37,11573,3,1003,40,1624,36,9295,43,10919,California
Glenn,2021-06-05,58,19317,32,6715,23,11596,3,1006,20,1609,38,9333,23,10942,California
Glenn,2021-06-06,29,19346,26,6741,2,11598,1,1007,13,1608,15,9348,14,10956,California
Glenn,2021-06-07,69,19415,60,6801,8,11606,1,1008,14,1569,54,9402,15,10971,California
Glenn,2021-06-08,28,19443,19,6820,4,11610,5,1013,9,1564,19,9421,14,10985,California
Glenn,2021-06-09,32,19475,15,6835,15,11625,2,1015,16,1566,16,9437,18,11003,California
Humboldt,2020-12-15,2,2,2,2,0,0,0,0,2,2,0,0,2,2,California
Humboldt,2020-12-16,16,18,16,18,0,0,0,0,16,18,0,0,16,18,California
Humboldt,2020-12-17,117,135,117,135,0,0,0,0,117,135,0,0,117,135,California
Humboldt,2020-12-18,177,312,177,312,0,0,0,0,177,312,0,0,177,312,California
Humboldt,2020-12-19,10,322,10,322,0,0,0,0,10,322,0,0,10,322,California
Humboldt,2020-12-20,27,349,27,349,0,0,0,0,27,349,0,0,27,349,California
Humboldt,2020-12-21,165,514,165,514,0,0,0,0,165,514,0,0,165,514,California
Humboldt,2020-12-22,331,845,331,845,0,0,0,0,331,845,0,0,331,845,California
Humboldt,2020-12-23,321,1166,266,1111,55,55,0,0,323,1168,0,0,323,1168,California
Humboldt,2020-12-24,25,1191,2,1113,23,78,0,0,25,1193,0,0,25,1193,California
Humboldt,2020-12-25,2,1193,2,1115,0,78,0,0,2,1195,0,0,2,1195,California
Humboldt,2020-12-26,6,1199,5,1120,1,79,0,0,6,1201,0,0,6,1201,California
Humboldt,2020-12-28,200,1399,149,1269,51,130,0,0,200,1401,0,0,200,1401,California
Humboldt,2020-12-29,178,1577,123,1392,55,185,0,0,179,1580,0,0,179,1580,California
Humboldt,2020-12-30,228,1805,126,1518,102,287,0,0,228,1808,0,0,228,1808,California
Humboldt,2020-12-31,245,2050,80,1598,165,452,0,0,245,2053,0,0,245,2053,California
Humboldt,2021-01-01,2,2052,1,1599,1,453,0,0,2,2055,0,0,2,2055,California
Humboldt,2021-01-02,39,2091,1,1600,38,491,0,0,39,2094,0,0,39,2094,California
Humboldt,2021-01-04,218,2309,142,1742,76,567,0,0,219,2313,0,0,219,2313,California
Humboldt,2021-01-05,130,2439,18,1760,112,679,0,0,130,2442,1,1,130,2443,California
Humboldt,2021-01-06,312,2751,214,1974,98,777,0,0,239,2620,61,62,239,2682,California
Humboldt,2021-01-07,441,3192,329,2303,112,889,0,0,324,2844,100,162,324,3006,California
Humboldt,2021-01-08,426,3618,287,2590,139,1028,0,0,287,2998,133,295,287,3293,California
Humboldt,2021-01-09,68,3686,44,2634,24,1052,0,0,66,3063,2,297,67,3360,California
Humboldt,2021-01-10,84,3770,84,2718,0,1052,0,0,4,2987,80,377,4,3364,California
Humboldt,2021-01-11,289,4059,278,2996,11,1063,0,0,71,2844,214,591,71,3435,California
Humboldt,2021-01-12,488,4547,326,3322,162,1225,0,0,283,2944,183,774,283,3718,California
Humboldt,2021-01-13,497,5044,279,3601,218,1443,0,0,318,3087,176,950,319,4037,California
Humboldt,2021-01-14,541,5585,167,3768,374,1817,0,0,485,3517,56,1006,486,4523,California
Humboldt,2021-01-15,375,5960,39,3807,336,2153,0,0,347,3836,28,1034,347,4870,California
Humboldt,2021-01-16,170,6130,6,3813,164,2317,0,0,169,4004,1,1035,169,5039,California
Humboldt,2021-01-17,6,6136,4,3817,2,2319,0,0,6,4010,0,1035,6,5045,California
Humboldt,2021-01-18,301,6437,266,4083,35,2354,0,0,150,4009,151,1186,150,5195,California
Humboldt,2021-01-19,647,7084,396,4479,251,2605,0,0,519,4406,122,1308,519,5714,California
Humboldt,2021-01-20,907,7991,388,4867,519,3124,0,0,750,5009,149,1457,752,6466,California
Humboldt,2021-01-21,965,8956,261,5128,704,3828,0,0,923,5890,42,1499,923,7389,California
Humboldt,2021-01-22,684,9640,377,5505,307,4135,0,0,674,6556,10,1509,676,8065,California
Humboldt,2021-01-23,923,10563,282,5787,641,4776,0,0,914,7462,9,1518,915,8980,California
Humboldt,2021-01-24,229,10792,1,5788,228,5004,0,0,228,7689,1,1519,228,9208,California
Humboldt,2021-01-25,350,11142,236,6024,114,5118,0,0,155,7649,195,1714,155,9363,California
Humboldt,2021-01-26,539,11681,148,6172,391,5509,0,0,477,8064,62,1776,477,9840,California
Humboldt,2021-01-27,1268,12949,587,6759,681,6190,0,0,1200,9205,61,1837,1202,11042,California
Humboldt,2021-01-28,1464,14413,636,7395,828,7018,0,0,1326,10398,135,1972,1328,12370,California
Humboldt,2021-01-29,1153,15566,548,7943,605,7623,0,0,690,10625,463,2435,690,13060,California
Humboldt,2021-01-30,986,16552,468,8411,518,8141,0,0,973,11586,13,2448,974,14034,California
Humboldt,2021-01-31,316,16868,314,8725,2,8143,0,0,315,11900,1,2449,315,14349,California
Humboldt,2021-02-01,338,17206,195,8920,143,8286,0,0,189,11941,148,2597,189,14538,California
Humboldt,2021-02-02,450,17656,79,8999,371,8657,0,0,345,12186,102,2699,347,14885,California
Humboldt,2021-02-03,671,18327,265,9264,406,9063,0,0,519,12553,152,2851,519,15404,California
Humboldt,2021-02-04,643,18970,260,9524,383,9446,0,0,444,12801,196,3047,444,15848,California
Humboldt,2021-02-05,810,19780,94,9618,716,10162,0,0,626,13243,184,3231,626,16474,California
Humboldt,2021-02-06,1074,20854,462,10080,612,10774,0,0,1028,14227,45,3276,1029,17503,California
Humboldt,2021-02-07,379,21233,9,10089,370,11144,0,0,374,14598,4,3280,375,17878,California
Humboldt,2021-02-08,335,21568,146,10235,189,11333,0,0,179,14622,155,3435,179,18057,California
Humboldt,2021-02-09,501,22069,228,10463,273,11606,0,0,176,14473,325,3760,176,18233,California
Humboldt,2021-02-10,564,22633,372,10835,192,11798,0,0,234,14382,325,4085,234,18467,California
Humboldt,2021-02-11,1314,23947,396,11231,918,12716,0,0,494,14061,817,4902,496,18963,California
Humboldt,2021-02-12,1148,25095,738,11969,410,13126,0,0,707,14327,441,5343,707,19670,California
Humboldt,2021-02-13,1519,26614,568,12537,951,14077,0,0,917,14644,600,5943,917,20587,California
Humboldt,2021-02-14,111,26725,5,12542,106,14183,0,0,108,14750,2,5945,108,20695,California
Humboldt,2021-02-15,295,27020,81,12623,214,14397,0,0,194,14844,100,6045,194,20889,California
Humboldt,2021-02-16,544,27564,121,12744,423,14820,0,0,253,14807,291,6336,254,21143,California
Humboldt,2021-02-17,448,28012,276,13020,172,14992,0,0,131,14622,316,6652,131,21274,California
Humboldt,2021-02-18,1019,29031,598,13618,421,15413,0,0,272,14149,745,7397,272,21546,California
Humboldt,2021-02-19,486,29517,436,14054,50,15463,0,0,92,13850,391,7788,92,21638,California
Humboldt,2021-02-20,1640,31157,1010,15064,630,16093,0,0,482,13180,1155,8943,485,22123,California
Humboldt,2021-02-21,479,31636,471,15535,8,16101,0,0,181,13064,298,9241,182,22305,California
Humboldt,2021-02-22,138,31774,94,15629,44,16145,0,0,29,12986,107,9348,29,22334,California
Humboldt,2021-02-23,182,31956,71,15700,111,16256,0,0,45,12896,135,9483,45,22379,California
Humboldt,2021-02-24,1212,33168,741,16441,471,16727,0,0,586,12857,625,10108,586,22965,California
Humboldt,2021-02-25,834,34002,319,16760,515,17242,0,0,232,12489,600,10708,232,23197,California
Humboldt,2021-02-26,2151,36153,106,16866,2045,19287,0,0,447,11239,1698,12406,448,23645,California
Humboldt,2021-02-27,1711,37864,1091,17957,620,19907,0,0,860,11254,849,13255,864,24509,California
Humboldt,2021-02-28,123,37987,11,17968,112,20019,0,0,117,11365,6,13261,117,24626,California
Humboldt,2021-03-01,257,38244,45,18013,212,20231,0,0,183,11474,74,13335,183,24809,California
Humboldt,2021-03-02,302,38546,51,18064,251,20482,0,0,166,11504,136,13471,166,24975,California
Humboldt,2021-03-03,1666,40212,1100,19164,566,21048,0,0,1222,12289,438,13909,1223,26198,California
Humboldt,2021-03-04,922,41134,112,19276,810,21858,0,0,299,11967,623,14532,301,26499,California
Humboldt,2021-03-05,947,42081,187,19463,749,22607,11,11,387,11809,556,15088,398,26897,California
Humboldt,2021-03-06,1799,43880,941,20404,809,23416,49,60,803,11666,995,16083,852,27749,California
Humboldt,2021-03-07,365,44245,294,20698,53,23469,18,78,157,11633,208,16291,175,27924,California
Humboldt,2021-03-08,277,44522,6,20704,192,23661,79,157,182,11799,95,16386,261,28185,California
Humboldt,2021-03-09,499,45021,207,20911,144,23805,148,305,245,11939,252,16638,392,28577,California
Humboldt,2021-03-10,690,45711,466,21377,70,23875,154,459,420,12242,269,16907,572,29149,California
Humboldt,2021-03-11,1467,47178,456,21833,911,24786,100,559,645,12169,817,17724,744,29893,California
Humboldt,2021-03-12,1746,48924,1083,22916,441,25227,222,781,1053,12762,685,18409,1278,31171,California
Humboldt,2021-03-13,1585,50509,1037,23953,496,25723,52,833,668,12571,911,19320,720,31891,California
Humboldt,2021-03-14,141,50650,19,23972,114,25837,8,841,29,12496,112,19432,37,31928,California
Humboldt,2021-03-15,278,50928,51,24023,205,26042,22,863,59,12358,219,19651,81,32009,California
Humboldt,2021-03-16,636,51564,201,24224,174,26216,261,1124,260,12502,375,20026,519,32528,California
Humboldt,2021-03-17,730,52294,394,24618,228,26444,108,1232,340,12561,389,20415,448,32976,California
Humboldt,2021-03-18,1740,54034,1169,25787,528,26972,43,1275,1042,12952,694,21109,1085,34061,California
Humboldt,2021-03-19,1076,55110,61,25848,701,27673,314,1589,441,13074,632,21741,754,34815,California
Humboldt,2021-03-20,1383,56493,755,26603,614,28287,14,1603,424,12556,957,22698,439,35254,California
Humboldt,2021-03-21,250,56743,33,26636,188,28475,29,1632,205,12744,45,22743,233,35487,California
Humboldt,2021-03-22,118,56861,15,26651,53,28528,50,1682,62,12802,54,22797,112,35599,California
Humboldt,2021-03-23,414,57275,43,26694,328,28856,43,1725,320,13073,92,22889,363,35962,California
Humboldt,2021-03-24,1415,58690,388,27082,979,29835,48,1773,1038,13789,369,23258,1085,37047,California
Humboldt,2021-03-25,1837,60527,1211,28293,564,30399,62,1835,947,13910,888,24146,1009,38056,California
Humboldt,2021-03-26,2042,62569,438,28731,1546,31945,58,1893,1595,15121,441,24587,1652,39708,California
Humboldt,2021-03-27,2078,64647,1498,30229,408,32353,172,2065,1100,15419,974,25561,1272,40980,California
Humboldt,2021-03-28,267,64914,81,30310,114,32467,72,2137,83,15392,183,25744,156,41136,California
Humboldt,2021-03-29,467,65381,125,30435,246,32713,96,2233,198,15417,268,26012,293,41429,California
Humboldt,2021-03-30,942,66323,305,30740,523,33236,114,2347,557,15707,380,26392,670,42099,California
Humboldt,2021-03-31,1867,68190,520,31260,1249,34485,98,2445,1410,16764,453,26845,1510,43609,California
Humboldt,2021-04-01,2113,70303,702,31962,1318,35803,93,2538,1482,17716,623,27468,1575,45184,California
Humboldt,2021-04-02,1722,72025,1111,33073,506,36309,105,2643,619,17342,1098,28566,724,45908,California
Humboldt,2021-04-03,1666,73691,1507,34580,145,36454,14,2657,670,17040,986,29552,684,46592,California
Humboldt,2021-04-04,485,74176,371,34951,105,36559,9,2666,405,17374,80,29632,414,47006,California
Humboldt,2021-04-05,777,74953,463,35414,266,36825,48,2714,443,17533,332,29964,491,47497,California
Humboldt,2021-04-06,842,75795,318,35732,390,37215,134,2848,586,18001,250,30214,718,48215,California
Humboldt,2021-04-07,1500,77295,1068,36800,292,37507,140,2988,995,18634,502,30716,1135,49350,California
Humboldt,2021-04-08,1750,79045,1096,37896,496,38003,158,3146,740,18524,1008,31724,898,50248,California
Humboldt,2021-04-09,1442,80487,439,38335,849,38852,154,3300,1153,19537,287,32011,1300,51548,California
Humboldt,2021-04-10,938,81425,139,38474,625,39477,174,3474,739,20251,197,32208,911,52459,California
Humboldt,2021-04-11,645,82070,138,38612,36,39513,471,3945,128,20332,517,32725,598,53057,California
Humboldt,2021-04-12,437,82507,227,38839,85,39598,125,4070,278,20576,159,32884,403,53460,California
Humboldt,2021-04-13,591,83098,325,39164,262,39860,4,4074,557,21105,31,32915,560,54020,California
Humboldt,2021-04-14,1430,84528,1032,40196,398,40258,0,4074,1317,22311,112,33027,1318,55338,California
Humboldt,2021-04-15,1823,86351,1196,41392,623,40881,4,4078,1254,23018,551,33578,1258,56596,California
Humboldt,2021-04-16,1138,87489,523,41915,615,41496,0,4078,552,22987,583,34161,552,57148,California
Humboldt,2021-04-17,1843,89332,1521,43436,322,41818,0,4078,1047,23244,790,34951,1047,58195,California
Humboldt,2021-04-18,662,89994,349,43785,312,42130,1,4079,84,22756,572,35523,84,58279,California
Humboldt,2021-04-19,201,90195,84,43869,117,42247,0,4079,86,22729,113,35636,86,58365,California
Humboldt,2021-04-20,487,90682,127,43996,360,42607,0,4079,241,22725,245,35881,241,58606,California
Humboldt,2021-04-21,1093,91775,382,44378,711,43318,0,4079,432,22507,651,36532,433,59039,California
Humboldt,2021-04-22,878,92653,525,44903,351,43669,2,4081,445,22521,431,36963,445,59484,California
Humboldt,2021-04-23,2165,94818,305,45208,1860,45529,0,4081,315,20990,1846,38809,315,59799,California
Humboldt,2021-04-24,1086,95904,880,46088,201,45730,5,4086,361,20633,723,39532,366,60165,California
Humboldt,2021-04-25,376,96280,240,46328,136,45866,0,4086,191,20643,181,39713,191,60356,California
Humboldt,2021-04-26,355,96635,251,46579,100,45966,4,4090,99,20490,254,39967,101,60457,California
Humboldt,2021-04-27,762,97397,264,46843,469,46435,29,4119,154,20067,606,40573,183,60640,California
Humboldt,2021-04-28,1542,98939,793,47636,704,47139,45,4164,400,19372,1140,41713,445,61085,California
Humboldt,2021-04-29,1738,100677,590,48226,1110,48249,38,4202,290,18256,1444,43157,328,61413,California
Humboldt,2021-04-30,1249,101926,392,48618,823,49072,34,4236,192,17429,1051,44208,224,61637,California
Humboldt,2021-05-01,466,102392,385,49003,59,49131,22,4258,288,17562,177,44385,310,61947,California
Humboldt,2021-05-02,230,102622,184,49187,37,49168,9,4267,114,17571,115,44500,124,62071,California
Humboldt,2021-05-03,612,103234,375,49562,213,49381,24,4291,99,17184,511,45011,124,62195,California
Humboldt,2021-05-04,824,104058,483,50045,295,49676,46,4337,253,16914,568,45579,298,62493,California
Humboldt,2021-05-05,1684,105742,1075,51120,552,50228,57,4394,178,15648,1499,47078,233,62726,California
Humboldt,2021-05-06,1689,107431,1073,52193,364,50592,252,4646,139,14492,1547,48625,391,63117,California
Humboldt,2021-05-07,1417,108848,302,52495,1056,51648,59,4705,234,13603,1180,49805,291,63408,California
Humboldt,2021-05-08,742,109590,147,52642,572,52220,23,4728,91,13067,650,50455,114,63522,California
Humboldt,2021-05-09,908,110498,856,53498,42,52262,10,4738,48,12265,860,51315,58,63580,California
Humboldt,2021-05-10,215,110713,36,53534,141,52403,38,4776,82,12252,133,51448,120,63700,California
Humboldt,2021-05-11,500,111213,148,53682,279,52682,73,4849,188,12201,312,51760,261,63961,California
Humboldt,2021-05-12,616,111829,140,53822,431,53113,45,4894,229,12088,386,52146,273,64234,California
Humboldt,2021-05-13,583,112412,286,54108,270,53383,27,4921,271,12076,310,52456,298,64532,California
Humboldt,2021-05-14,706,113118,140,54248,462,53845,104,5025,231,11938,472,52928,334,64866,California
Humboldt,2021-05-15,781,113899,642,54890,131,53976,8,5033,210,11586,570,53498,218,65084,California
Humboldt,2021-05-16,124,114023,54,54944,66,54042,4,5037,70,11606,54,53552,74,65158,California
Humboldt,2021-05-17,401,114424,213,55157,166,54208,22,5059,223,11674,176,53728,244,65402,California
Humboldt,2021-05-18,663,115087,323,55480,311,54519,29,5088,369,11778,294,54022,398,65800,California
Humboldt,2021-05-19,991,116078,548,56028,400,54919,43,5131,359,11550,628,54650,400,66200,California
Humboldt,2021-05-20,753,116831,558,56586,183,55102,12,5143,549,11911,201,54851,562,66762,California
Humboldt,2021-05-21,867,117698,286,56872,520,55622,61,5204,373,11851,494,55345,434,67196,California
Humboldt,2021-05-22,407,118105,313,57185,86,55708,8,5212,141,11736,264,55609,149,67345,California
Humboldt,2021-05-23,378,118483,318,57503,57,55765,3,5215,71,11503,307,55916,74,67419,California
Humboldt,2021-05-24,325,118808,172,57675,124,55889,29,5244,187,11582,137,56053,216,67635,California
Humboldt,2021-05-25,560,119368,368,58043,168,56057,24,5268,320,11689,237,56290,344,67979,California
Humboldt,2021-05-26,656,120024,320,58363,312,56369,24,5292,322,11702,333,56623,346,68325,California
Humboldt,2021-05-27,461,120485,244,58607,181,56550,36,5328,279,11835,182,56805,315,68640,California
Humboldt,2021-05-28,412,120897,194,58801,171,56721,47,5375,182,11835,229,57034,229,68869,California
Humboldt,2021-05-29,172,121069,103,58904,66,56787,3,5378,99,11864,73,57107,102,68971,California
Humboldt,2021-05-30,104,121173,45,58949,54,56841,5,5383,49,11864,54,57161,54,69025,California
Humboldt,2021-05-31,97,121270,51,59000,40,56881,6,5389,73,11919,23,57184,78,69103,California
Humboldt,2021-06-01,458,121728,269,59269,174,57055,15,5404,204,11885,253,57437,219,69322,California
Humboldt,2021-06-02,532,122260,250,59519,228,57283,54,5458,244,11899,282,57719,296,69618,California
Humboldt,2021-06-03,388,122648,225,59744,141,57424,22,5480,86,11733,274,57993,108,69726,California
Humboldt,2021-06-04,487,123135,306,60050,159,57583,22,5502,127,11566,315,58308,148,69874,California
Humboldt,2021-06-05,394,123529,302,60352,48,57631,44,5546,192,11655,147,58455,236,70110,California
Humboldt,2021-06-06,147,123676,95,60447,42,57673,10,5556,48,11619,94,58549,58,70168,California
Humboldt,2021-06-07,347,124023,215,60662,110,57783,22,5578,113,11520,234,58783,135,70303,California
Humboldt,2021-06-08,496,124519,288,60950,178,57961,30,5608,137,11329,358,59141,167,70470,California
Humboldt,2021-06-09,172,124691,68,61018,75,58036,29,5637,53,11293,118,59259,82,70552,California
Imperial,2020-12-16,1,1,1,1,0,0,0,0,1,1,0,0,1,1,California
Imperial,2020-12-17,4,5,4,5,0,0,0,0,4,5,0,0,4,5,California
Imperial,2020-12-18,12,17,12,17,0,0,0,0,12,17,0,0,12,17,California
Imperial,2020-12-20,2,19,2,19,0,0,0,0,2,19,0,0,2,19,California
Imperial,2020-12-21,186,205,186,205,0,0,0,0,186,205,0,0,186,205,California
Imperial,2020-12-22,241,446,239,444,2,2,0,0,241,446,0,0,241,446,California
Imperial,2020-12-23,211,657,210,654,1,3,0,0,210,656,0,0,210,656,California
Imperial,2020-12-24,5,662,5,659,0,3,0,0,5,661,0,0,5,661,California
Imperial,2020-12-26,2,664,1,660,1,4,0,0,2,663,0,0,2,663,California
Imperial,2020-12-27,62,726,0,660,62,66,0,0,62,725,0,0,62,725,California
Imperial,2020-12-28,214,940,114,774,100,166,0,0,214,939,0,0,214,939,California
Imperial,2020-12-29,189,1129,36,810,153,319,0,0,189,1128,0,0,189,1128,California
Imperial,2020-12-30,367,1496,50,860,317,636,0,0,367,1495,0,0,367,1495,California
Imperial,2020-12-31,198,1694,27,887,171,807,0,0,198,1693,0,0,198,1693,California
Imperial,2021-01-01,47,1741,5,892,42,849,0,0,47,1740,0,0,47,1740,California
Imperial,2021-01-02,4,1745,0,892,4,853,0,0,4,1744,0,0,4,1744,California
Imperial,2021-01-03,90,1835,0,892,90,943,0,0,90,1834,0,0,90,1834,California
Imperial,2021-01-04,85,1920,5,897,80,1023,0,0,85,1919,0,0,85,1919,California
Imperial,2021-01-05,172,2092,14,911,158,1181,0,0,172,2091,0,0,172,2091,California
Imperial,2021-01-06,189,2281,25,936,164,1345,0,0,188,2278,1,1,188,2279,California
Imperial,2021-01-07,322,2603,10,946,312,1657,0,0,319,2594,3,4,319,2598,California
Imperial,2021-01-08,192,2795,52,998,140,1797,0,0,182,2766,10,14,182,2780,California
Imperial,2021-01-09,24,2819,21,1019,3,1800,0,0,24,2790,0,14,24,2804,California
Imperial,2021-01-10,2,2821,0,1019,2,1802,0,0,2,2792,0,14,2,2806,California
Imperial,2021-01-11,403,3224,244,1263,159,1961,0,0,175,2739,228,242,175,2981,California
Imperial,2021-01-12,405,3629,302,1565,103,2064,0,0,143,2621,261,503,143,3124,California
Imperial,2021-01-13,378,4007,133,1698,245,2309,0,0,278,2799,100,603,278,3402,California
Imperial,2021-01-14,260,4267,150,1848,110,2419,0,0,254,3048,5,608,254,3656,California
Imperial,2021-01-15,239,4506,181,2029,58,2477,0,0,232,3273,7,615,232,3888,California
Imperial,2021-01-16,80,4586,74,2103,6,2483,0,0,79,3351,1,616,79,3967,California
Imperial,2021-01-17,10,4596,2,2105,8,2491,0,0,10,3361,0,616,10,3977,California
Imperial,2021-01-18,1063,5659,399,2504,664,3155,0,0,965,4229,98,714,966,4943,California
Imperial,2021-01-19,166,5825,130,2634,36,3191,0,0,119,4301,47,761,119,5062,California
Imperial,2021-01-20,295,6120,198,2832,97,3288,0,0,257,4520,38,799,257,5319,California
Imperial,2021-01-21,427,6547,193,3025,234,3522,0,0,405,4903,22,821,405,5724,California
Imperial,2021-01-22,465,7012,191,3216,274,3796,0,0,456,5350,9,830,456,6180,California
Imperial,2021-01-23,1043,8055,291,3507,752,4548,0,0,1042,6391,1,831,1042,7222,California
Imperial,2021-01-24,11,8066,4,3511,7,4555,0,0,11,6402,0,831,11,7233,California
Imperial,2021-01-25,215,8281,5,3516,210,4765,0,0,34,6257,179,1010,34,7267,California
Imperial,2021-01-26,374,8655,188,3704,186,4951,0,0,230,6344,143,1153,230,7497,California
Imperial,2021-01-27,580,9235,166,3870,414,5365,0,0,247,6258,333,1486,247,7744,California
Imperial,2021-01-28,640,9875,163,4033,477,5842,0,0,532,6682,108,1594,532,8276,California
Imperial,2021-01-29,430,10305,298,4331,132,5974,0,0,381,7014,49,1643,381,8657,California
Imperial,2021-01-30,60,10365,33,4364,27,6001,0,0,43,7040,17,1660,43,8700,California
Imperial,2021-01-31,19,10384,9,4373,10,6011,0,0,18,7057,1,1661,18,8718,California
Imperial,2021-02-01,426,10810,57,4430,369,6380,0,0,215,7063,209,1870,215,8933,California
Imperial,2021-02-02,689,11499,59,4489,630,7010,0,0,508,7390,181,2051,508,9441,California
Imperial,2021-02-03,463,11962,52,4541,411,7421,0,0,267,7462,195,2246,267,9708,California
Imperial,2021-02-04,1727,13689,1209,5750,518,7939,0,0,1415,8566,311,2557,1415,11123,California
Imperial,2021-02-05,401,14090,243,5993,158,8097,0,0,168,8500,234,2791,168,11291,California
Imperial,2021-02-06,860,14950,837,6830,23,8120,0,0,825,9288,37,2828,825,12116,California
Imperial,2021-02-07,22,14972,9,6839,13,8133,0,0,21,9308,1,2829,21,12137,California
Imperial,2021-02-08,260,15232,53,6892,207,8340,0,0,191,9430,69,2898,191,12328,California
Imperial,2021-02-09,481,15713,157,7049,324,8664,0,0,321,9591,160,3058,321,12649,California
Imperial,2021-02-10,468,16181,62,7111,406,9070,0,0,104,9332,364,3422,105,12754,California
Imperial,2021-02-11,1043,17224,371,7482,672,9742,0,0,151,8596,887,4309,151,12905,California
Imperial,2021-02-12,2154,19378,1429,8911,725,10467,0,0,1801,10042,356,4665,1802,14707,California
Imperial,2021-02-13,47,19425,17,8928,30,10497,0,0,43,10079,7,4672,44,14751,California
Imperial,2021-02-14,25,19450,12,8940,13,10510,0,0,22,10098,3,4675,22,14773,California
Imperial,2021-02-15,107,19557,19,8959,88,10598,0,0,90,10171,17,4692,90,14863,California
Imperial,2021-02-16,525,20082,273,9232,252,10850,0,0,305,10256,220,4912,305,15168,California
Imperial,2021-02-17,445,20527,288,9520,157,11007,0,0,87,9985,358,5270,87,15255,California
Imperial,2021-02-18,654,21181,316,9836,338,11345,0,0,146,9624,507,5777,146,15401,California
Imperial,2021-02-19,775,21956,384,10220,391,11736,0,0,195,9240,579,6356,195,15596,California
Imperial,2021-02-20,1046,23002,195,10415,851,12587,0,0,330,8858,714,7070,332,15928,California
Imperial,2021-02-21,593,23595,559,10974,34,12621,0,0,581,9428,11,7081,581,16509,California
Imperial,2021-02-22,809,24404,568,11542,241,12862,0,0,759,10137,50,7131,759,17268,California
Imperial,2021-02-23,974,25378,404,11946,570,13432,0,0,917,10998,57,7188,918,18186,California
Imperial,2021-02-24,731,26109,303,12249,428,13860,0,0,630,11528,100,7288,630,18816,California
Imperial,2021-02-25,871,26980,343,12592,528,14388,0,0,499,11662,371,7659,505,19321,California
Imperial,2021-02-26,2296,29276,1355,13947,941,15329,0,0,1812,12992,483,8142,1813,21134,California
Imperial,2021-02-27,870,30146,813,14760,57,15386,0,0,135,12391,737,8879,136,21270,California
Imperial,2021-02-28,33,30179,20,14780,13,15399,0,0,23,12404,10,8889,23,21293,California
Imperial,2021-03-01,522,30701,304,15084,215,15614,3,3,450,12789,69,8958,454,21747,California
Imperial,2021-03-02,691,31392,252,15336,438,16052,1,4,393,12889,296,9254,396,22143,California
Imperial,2021-03-03,932,32324,52,15388,879,16931,1,5,562,13096,367,9621,574,22717,California
Imperial,2021-03-04,774,33098,90,15478,683,17614,1,6,505,13364,267,9888,535,23252,California
Imperial,2021-03-05,3099,36197,2216,17694,883,18497,0,6,1740,13744,1362,11250,1742,24994,California
Imperial,2021-03-06,702,36899,238,17932,464,18961,0,6,658,14365,41,11291,662,25656,California
Imperial,2021-03-07,83,36982,41,17973,42,19003,0,6,58,14400,24,11315,59,25715,California
Imperial,2021-03-08,424,37406,339,18312,50,19053,35,41,366,14744,57,11372,401,26116,California
Imperial,2021-03-09,696,38102,321,18633,128,19181,247,288,404,15102,292,11664,650,26766,California
Imperial,2021-03-10,703,38805,327,18960,271,19452,105,393,329,15163,373,12037,434,27200,California
Imperial,2021-03-11,1806,40611,485,19445,1129,20581,192,585,1199,15961,603,12640,1401,28601,California
Imperial,2021-03-12,4802,45413,3467,22912,1150,21731,185,770,3093,17536,1703,14343,3278,31879,California
Imperial,2021-03-13,1158,46571,95,23007,838,22569,225,995,861,18332,294,14637,1090,32969,California
Imperial,2021-03-14,177,46748,36,23043,127,22696,14,1009,140,18450,37,14674,155,33124,California
Imperial,2021-03-15,696,47444,231,23274,203,22899,262,1271,395,18808,299,14973,657,33781,California
Imperial,2021-03-16,1126,48570,283,23557,373,23272,470,1741,562,19277,562,15535,1031,34812,California
Imperial,2021-03-17,1619,50189,704,24261,778,24050,137,1878,1026,19856,585,16120,1164,35976,California
Imperial,2021-03-18,1825,52014,1208,25469,557,24607,60,1938,1289,20675,532,16652,1351,37327,California
Imperial,2021-03-19,3778,55792,2769,28238,1005,25612,4,1942,1907,20724,1863,18515,1912,39239,California
Imperial,2021-03-20,1771,57563,552,28790,1213,26825,6,1948,1319,21610,445,18960,1331,40570,California
Imperial,2021-03-21,218,57781,35,28825,179,27004,4,1952,160,21720,58,19018,168,40738,California
Imperial,2021-03-22,1064,58845,349,29174,707,27711,8,1960,630,21927,433,19451,640,41378,California
Imperial,2021-03-23,1451,60296,452,29626,993,28704,6,1966,942,22371,505,19956,949,42327,California
Imperial,2021-03-24,2162,62458,573,30199,1162,29866,427,2393,1169,22976,990,20946,1595,43922,California
Imperial,2021-03-25,3218,65676,699,30898,896,30762,1623,4016,1209,23794,2003,22949,2821,46743,California
Imperial,2021-03-26,3213,68889,1181,32079,1046,31808,986,5002,922,23421,2280,25229,1907,48650,California
Imperial,2021-03-27,621,69510,287,32366,282,32090,52,5054,449,23753,169,25398,501,49151,California
Imperial,2021-03-28,215,69725,54,32420,159,32249,2,5056,174,23889,40,25438,176,49327,California
Imperial,2021-03-29,1482,71207,361,32781,397,32646,724,5780,332,23796,1147,26585,1054,50381,California
Imperial,2021-03-30,2109,73316,693,33474,602,33248,814,6594,693,23888,1414,27999,1506,51887,California
Imperial,2021-03-31,1551,74867,734,34208,811,34059,6,6600,1028,24401,520,28519,1033,52920,California
Imperial,2021-04-01,2056,76923,436,34644,1375,35434,245,6845,883,24361,1167,29686,1127,54047,California
Imperial,2021-04-02,1961,78884,485,35129,1401,36835,75,6920,1331,25141,624,30310,1404,55451,California
Imperial,2021-04-03,1526,80410,436,35565,1011,37846,79,6999,708,25113,815,31125,787,56238,California
Imperial,2021-04-04,89,80499,45,35610,27,37873,17,7016,25,25091,64,31189,42,56280,California
Imperial,2021-04-05,3412,83911,2323,37933,924,38797,165,7181,808,23470,2594,33783,973,57253,California
Imperial,2021-04-06,1321,85232,535,38468,594,39391,192,7373,687,23721,629,34412,880,58133,California
Imperial,2021-04-07,2170,87402,561,39029,1233,40624,376,7749,1564,25048,611,35023,1938,60071,California
Imperial,2021-04-08,2219,89621,1087,40116,836,41460,296,8045,1076,25279,1139,36162,1370,61441,California
Imperial,2021-04-09,3223,92844,1663,41779,941,42401,619,8664,1513,25707,1702,37864,2130,63571,California
Imperial,2021-04-10,1303,94147,201,41980,828,43229,274,8938,239,25154,1061,38925,508,64079,California
Imperial,2021-04-11,220,94367,31,42011,157,43386,32,8970,76,25118,144,39069,108,64187,California
Imperial,2021-04-12,1456,95823,781,42792,454,43840,221,9191,826,25541,625,39694,1048,65235,California
Imperial,2021-04-13,2939,98762,1910,44702,1027,44867,2,9193,2044,26697,891,40585,2047,67282,California
Imperial,2021-04-14,2048,100810,958,45660,1090,45957,0,9193,1395,27445,648,41233,1396,68678,California
Imperial,2021-04-15,1987,102797,912,46572,1075,47032,0,9193,1361,28189,621,41854,1365,70043,California
Imperial,2021-04-16,3446,106243,1796,48368,1650,48682,0,9193,2152,29062,1280,43134,2153,72196,California
Imperial,2021-04-17,1819,108062,935,49303,882,49564,2,9195,1416,30083,398,43532,1419,73615,California
Imperial,2021-04-18,256,108318,74,49377,182,49746,0,9195,89,30007,165,43697,89,73704,California
Imperial,2021-04-19,851,109169,272,49649,579,50325,0,9195,473,30109,375,44072,477,74181,California
Imperial,2021-04-20,1336,110505,538,50187,798,51123,0,9195,749,30274,585,44657,750,74931,California
Imperial,2021-04-21,1387,111892,344,50531,1042,52165,1,9196,804,30501,577,45234,804,75735,California
Imperial,2021-04-22,2334,114226,819,51350,1515,53680,0,9196,1606,31393,716,45950,1608,77343,California
Imperial,2021-04-23,2828,117054,537,51887,2291,55971,0,9196,1093,30786,1704,47654,1097,78440,California
Imperial,2021-04-24,557,117611,332,52219,225,56196,0,9196,202,30636,352,48006,202,78642,California
Imperial,2021-04-25,269,117880,100,52319,169,56365,0,9196,136,30641,131,48137,136,78778,California
Imperial,2021-04-26,1243,119123,492,52811,747,57112,4,9200,715,30837,522,48659,718,79496,California
Imperial,2021-04-27,1131,120254,371,53182,750,57862,10,9210,560,30842,565,49224,570,80066,California
Imperial,2021-04-28,1495,121749,650,53832,816,58678,29,9239,678,30738,811,50035,707,80773,California
Imperial,2021-04-29,1847,123596,867,54699,933,59611,47,9286,819,30587,1018,51053,867,81640,California
Imperial,2021-04-30,3269,126865,1680,56379,1556,61167,33,9319,1578,30520,1679,52732,1612,83252,California
Imperial,2021-05-01,338,127203,141,56520,194,61361,3,9322,165,30517,172,52904,169,83421,California
Imperial,2021-05-02,85,127288,27,56547,56,61417,2,9324,51,30537,34,52938,54,83475,California
Imperial,2021-05-03,1647,128935,553,57100,1046,62463,48,9372,377,29703,1258,54196,424,83899,California
Imperial,2021-05-04,1760,130695,968,58068,765,63228,27,9399,541,29060,1211,55407,568,84467,California
Imperial,2021-05-05,1505,132200,894,58962,590,63818,21,9420,440,28469,1053,56460,462,84929,California
Imperial,2021-05-06,1686,133886,1110,60072,537,64355,39,9459,544,27916,1136,57596,583,85512,California
Imperial,2021-05-07,2440,136326,1356,61428,1039,65394,45,9504,842,27225,1581,59177,890,86402,California
Imperial,2021-05-08,629,136955,494,61922,127,65521,8,9512,172,26951,454,59631,180,86582,California
Imperial,2021-05-09,94,137049,63,61985,30,65551,1,9513,27,26915,64,59695,28,86610,California
Imperial,2021-05-10,1123,138172,301,62286,699,66250,123,9636,335,26591,781,60476,457,87067,California
Imperial,2021-05-11,1472,139644,474,62760,979,67229,19,9655,492,26134,972,61448,515,87582,California
Imperial,2021-05-12,855,140499,271,63031,546,67775,38,9693,301,25923,549,61997,338,87920,California
Imperial,2021-05-13,1851,142350,1239,64270,540,68315,72,9765,809,25770,1033,63030,880,88800,California
Imperial,2021-05-14,1756,144106,968,65238,729,69044,59,9824,1154,26391,592,63622,1213,90013,California
Imperial,2021-05-15,1226,145332,471,65709,735,69779,20,9844,469,26129,751,64373,489,90502,California
Imperial,2021-05-16,121,145453,81,65790,37,69816,3,9847,48,26108,72,64445,51,90553,California
Imperial,2021-05-17,1918,147371,712,66502,1164,70980,42,9889,675,25589,1237,65682,718,91271,California
Imperial,2021-05-18,1610,148981,822,67324,716,71696,72,9961,877,25811,727,66409,949,92220,California
Imperial,2021-05-19,1282,150263,604,67928,609,72305,69,10030,609,25823,666,67075,678,92898,California
Imperial,2021-05-20,1592,151855,1007,68935,518,72823,67,10097,721,25753,859,67934,789,93687,California
Imperial,2021-05-21,1836,153691,1184,70119,589,73412,63,10160,908,25807,918,68852,972,94659,California
Imperial,2021-05-22,250,153941,161,70280,73,73485,16,10176,129,25836,116,68968,145,94804,California
Imperial,2021-05-23,91,154032,32,70312,50,73535,9,10185,32,25820,57,69025,41,94845,California
Imperial,2021-05-24,1248,155280,614,70926,578,74113,56,10241,518,25671,723,69748,574,95419,California
Imperial,2021-05-25,1421,156701,468,71394,920,75033,33,10274,511,25314,901,70649,544,95963,California
Imperial,2021-05-26,932,157633,487,71881,404,75437,41,10315,397,25220,532,71181,438,96401,California
Imperial,2021-05-27,1309,158942,717,72598,522,75959,70,10385,636,25259,667,71848,706,97107,California
Imperial,2021-05-28,1009,159951,578,73176,359,76318,72,10457,378,25087,622,72470,450,97557,California
Imperial,2021-05-29,215,160166,119,73295,90,76408,6,10463,107,25092,108,72578,113,97670,California
Imperial,2021-05-30,95,160261,27,73322,66,76474,2,10465,64,25127,31,72609,66,97736,California
Imperial,2021-05-31,77,160338,19,73341,52,76526,6,10471,34,25124,43,72652,40,97776,California
Imperial,2021-06-01,1171,161509,538,73879,569,77095,64,10535,465,24956,698,73350,530,98306,California
Imperial,2021-06-02,1086,162595,597,74476,399,77494,90,10625,556,25074,526,73876,644,98950,California
Imperial,2021-06-03,1225,163820,719,75195,415,77909,91,10716,581,25109,637,74513,672,99622,California
Imperial,2021-06-04,2018,165838,1443,76638,478,78387,97,10813,863,24924,1145,75658,960,100582,California
Imperial,2021-06-05,325,166163,205,76843,107,78494,13,10826,157,24930,164,75822,170,100752,California
Imperial,2021-06-06,77,166240,44,76887,22,78516,11,10837,42,24948,35,75857,53,100805,California
Imperial,2021-06-07,856,167096,547,77434,253,78769,56,10893,428,25006,427,76284,485,101290,California
Imperial,2021-06-08,1254,168350,939,78373,258,79027,57,10950,490,24794,760,77044,548,101838,California
Imperial,2021-06-09,776,169126,574,78947,155,79182,47,10997,337,24745,436,77480,387,102225,California
Inyo,2020-12-19,85,85,85,85,0,0,0,0,85,85,0,0,85,85,California
Inyo,2020-12-20,58,143,58,143,0,0,0,0,58,143,0,0,58,143,California
Inyo,2020-12-21,88,231,85,228,3,3,0,0,88,231,0,0,88,231,California
Inyo,2020-12-22,105,336,104,332,1,4,0,0,105,336,0,0,105,336,California
Inyo,2020-12-23,69,405,66,398,3,7,0,0,69,405,0,0,69,405,California
Inyo,2020-12-24,16,421,16,414,0,7,0,0,16,421,0,0,16,421,California
Inyo,2020-12-25,1,422,0,414,1,8,0,0,1,422,0,0,1,422,California
Inyo,2020-12-26,74,496,74,488,0,8,0,0,74,496,0,0,74,496,California
Inyo,2020-12-28,48,544,36,524,12,20,0,0,48,544,0,0,48,544,California
Inyo,2020-12-29,19,563,19,543,0,20,0,0,19,563,0,0,19,563,California
Inyo,2020-12-30,56,619,54,597,2,22,0,0,56,619,0,0,56,619,California
Inyo,2020-12-31,29,648,0,597,29,51,0,0,29,648,0,0,29,648,California
Inyo,2021-01-01,1,649,0,597,1,52,0,0,1,649,0,0,1,649,California
Inyo,2021-01-03,1,650,0,597,1,53,0,0,1,650,0,0,1,650,California
Inyo,2021-01-04,2,652,1,598,1,54,0,0,2,652,0,0,2,652,California
Inyo,2021-01-05,34,686,0,598,34,88,0,0,34,686,0,0,34,686,California
Inyo,2021-01-06,64,750,0,598,64,152,0,0,64,750,0,0,64,750,California
Inyo,2021-01-07,31,781,1,599,30,182,0,0,31,781,0,0,31,781,California
Inyo,2021-01-08,9,790,8,607,1,183,0,0,4,781,5,5,5,786,California
Inyo,2021-01-09,87,877,86,693,1,184,0,0,1,696,86,91,1,787,California
Inyo,2021-01-10,52,929,52,745,0,184,0,0,0,644,52,143,0,787,California
Inyo,2021-01-11,97,1026,82,827,15,199,0,0,16,579,81,224,16,803,California
Inyo,2021-01-12,137,1163,116,943,21,220,0,0,27,496,110,334,27,830,California
Inyo,2021-01-13,86,1249,68,1011,18,238,0,0,21,453,65,399,22,852,California
Inyo,2021-01-14,59,1308,13,1024,46,284,0,0,49,492,10,409,49,901,California
Inyo,2021-01-15,160,1468,28,1052,132,416,0,0,160,652,0,409,160,1061,California
Inyo,2021-01-16,74,1542,73,1125,1,417,0,0,1,580,73,482,1,1062,California
Inyo,2021-01-18,58,1600,36,1161,22,439,0,0,19,560,39,521,19,1081,California
Inyo,2021-01-19,112,1712,71,1232,41,480,0,0,95,638,17,538,95,1176,California
Inyo,2021-01-20,147,1859,70,1302,77,557,0,0,92,675,55,593,92,1268,California
Inyo,2021-01-21,117,1976,57,1359,60,617,0,0,116,790,1,594,116,1384,California
Inyo,2021-01-22,62,2038,0,1359,62,679,0,0,61,850,1,595,61,1445,California
Inyo,2021-01-23,52,2090,51,1410,1,680,0,0,52,902,0,595,52,1497,California
Inyo,2021-01-25,49,2139,6,1416,43,723,0,0,37,927,12,607,37,1534,California
Inyo,2021-01-26,134,2273,53,1469,81,804,0,0,128,1049,6,613,128,1662,California
Inyo,2021-01-27,24,2297,2,1471,22,826,0,0,23,1071,1,614,23,1685,California
Inyo,2021-01-28,92,2389,2,1473,90,916,0,0,63,1105,29,643,63,1748,California
Inyo,2021-01-29,25,2414,3,1476,22,938,0,0,23,1126,2,645,23,1771,California
Inyo,2021-01-30,10,2424,0,1476,10,948,0,0,10,1136,0,645,10,1781,California
Inyo,2021-01-31,28,2452,3,1479,25,973,0,0,3,1114,25,670,3,1784,California
Inyo,2021-02-01,10,2462,9,1488,1,974,0,0,0,1104,10,680,0,1784,California
Inyo,2021-02-02,130,2592,14,1502,116,1090,0,0,104,1182,26,706,104,1888,California
Inyo,2021-02-03,114,2706,0,1502,114,1204,0,0,73,1214,41,747,73,1961,California
Inyo,2021-02-04,148,2854,32,1534,116,1320,0,0,89,1244,59,806,89,2050,California
Inyo,2021-02-05,114,2968,58,1592,56,1376,0,0,112,1354,2,808,112,2162,California
Inyo,2021-02-06,4,2972,2,1594,2,1378,0,0,3,1356,1,809,3,2165,California
Inyo,2021-02-07,4,2976,2,1596,2,1380,0,0,4,1360,0,809,4,2169,California
Inyo,2021-02-08,116,3092,6,1602,110,1490,0,0,97,1438,19,828,97,2266,California
Inyo,2021-02-09,195,3287,52,1654,143,1633,0,0,124,1491,71,899,124,2390,California
Inyo,2021-02-10,140,3427,16,1670,124,1757,0,0,107,1565,33,932,107,2497,California
Inyo,2021-02-11,220,3647,56,1726,164,1921,0,0,126,1597,94,1026,126,2623,California
Inyo,2021-02-12,296,3943,51,1777,245,2166,0,0,167,1635,129,1155,167,2790,California
Inyo,2021-02-13,57,4000,52,1829,5,2171,0,0,6,1590,51,1206,6,2796,California
Inyo,2021-02-14,1,4001,0,1829,1,2172,0,0,1,1591,0,1206,1,2797,California
Inyo,2021-02-15,28,4029,9,1838,19,2191,0,0,5,1573,23,1229,5,2802,California
Inyo,2021-02-16,177,4206,49,1887,128,2319,0,0,91,1579,85,1314,91,2893,California
Inyo,2021-02-17,38,4244,4,1891,34,2353,0,0,8,1557,30,1344,8,2901,California
Inyo,2021-02-18,119,4363,6,1897,113,2466,0,0,79,1596,40,1384,79,2980,California
Inyo,2021-02-19,52,4415,5,1902,47,2513,0,0,9,1562,43,1427,9,2989,California
Inyo,2021-02-20,505,4920,500,2402,5,2518,0,0,503,2063,2,1429,503,3492,California
Inyo,2021-02-21,441,5361,441,2843,0,2518,0,0,441,2504,0,1429,441,3933,California
Inyo,2021-02-22,60,5421,18,2861,42,2560,0,0,26,2496,34,1463,26,3959,California
Inyo,2021-02-23,197,5618,18,2879,179,2739,0,0,94,2488,102,1565,94,4053,California
Inyo,2021-02-24,118,5736,0,2879,118,2857,0,0,57,2484,61,1626,57,4110,California
Inyo,2021-02-25,130,5866,3,2882,127,2984,0,0,61,2476,69,1695,61,4171,California
Inyo,2021-02-26,100,5966,57,2939,43,3027,0,0,19,2414,81,1776,19,4190,California
Inyo,2021-02-27,14,5980,3,2942,11,3038,0,0,2,2404,12,1788,2,4192,California
Inyo,2021-02-28,3,5983,1,2943,2,3040,0,0,2,2405,1,1789,2,4194,California
Inyo,2021-03-01,19,6002,2,2945,17,3057,0,0,17,2420,2,1791,17,4211,California
Inyo,2021-03-02,193,6195,0,2945,193,3250,0,0,108,2443,85,1876,108,4319,California
Inyo,2021-03-03,83,6278,3,2948,80,3330,0,0,41,2442,42,1918,41,4360,California
Inyo,2021-03-04,125,6403,3,2951,122,3452,0,0,45,2407,80,1998,45,4405,California
Inyo,2021-03-05,140,6543,54,3005,86,3538,0,0,39,2345,101,2099,39,4444,California
Inyo,2021-03-06,23,6566,1,3006,22,3560,0,0,22,2366,1,2100,22,4466,California
Inyo,2021-03-07,6,6572,3,3009,3,3563,0,0,4,2368,2,2102,4,4470,California
Inyo,2021-03-08,173,6745,5,3014,168,3731,0,0,82,2359,91,2193,82,4552,California
Inyo,2021-03-09,190,6935,3,3017,187,3918,0,0,74,2317,116,2309,74,4626,California
Inyo,2021-03-10,71,7006,9,3026,61,3979,1,1,30,2307,41,2350,31,4657,California
Inyo,2021-03-11,204,7210,1,3027,198,4177,5,6,74,2256,130,2480,79,4736,California
Inyo,2021-03-12,176,7386,4,3031,167,4344,5,11,78,2241,98,2578,83,4819,California
Inyo,2021-03-13,576,7962,542,3573,25,4369,9,20,67,1809,508,3086,76,4895,California
Inyo,2021-03-14,440,8402,439,4012,1,4370,0,20,5,1380,434,3520,5,4900,California
Inyo,2021-03-15,50,8452,14,4026,34,4404,2,22,30,1392,20,3540,32,4932,California
Inyo,2021-03-16,162,8614,3,4029,153,4557,6,28,63,1363,98,3638,69,5001,California
Inyo,2021-03-17,108,8722,3,4032,98,4655,7,35,92,1446,16,3654,99,5100,California
Inyo,2021-03-18,183,8905,15,4047,161,4816,7,42,103,1476,80,3734,110,5210,California
Inyo,2021-03-19,44,8949,3,4050,37,4853,4,46,35,1506,9,3743,39,5249,California
Inyo,2021-03-20,19,8968,1,4051,9,4862,9,55,0,1496,19,3762,9,5258,California
Inyo,2021-03-22,58,9026,2,4053,51,4913,5,60,38,1519,20,3782,43,5301,California
Inyo,2021-03-23,194,9220,3,4056,187,5100,4,64,105,1539,89,3871,109,5410,California
Inyo,2021-03-24,140,9360,3,4059,133,5233,4,68,86,1575,54,3925,90,5500,California
Inyo,2021-03-25,330,9690,109,4168,218,5451,3,71,265,1778,65,3990,268,5768,California
Inyo,2021-03-26,92,9782,3,4171,85,5536,4,75,71,1833,21,4011,76,5844,California
Inyo,2021-03-27,50,9832,42,4213,5,5541,3,78,44,1874,6,4017,47,5891,California
Inyo,2021-03-28,3,9835,0,4213,2,5543,1,79,1,1874,2,4019,2,5893,California
Inyo,2021-03-29,108,9943,2,4215,101,5644,5,84,81,1934,26,4045,86,5979,California
Inyo,2021-03-30,219,10162,2,4217,212,5856,5,89,109,1938,110,4155,114,6093,California
Inyo,2021-03-31,150,10312,3,4220,141,5997,6,95,108,2010,42,4197,114,6207,California
Inyo,2021-04-01,166,10478,4,4224,161,6158,1,96,117,2079,49,4246,118,6325,California
Inyo,2021-04-02,79,10557,1,4225,76,6234,2,98,49,2100,30,4276,51,6376,California
Inyo,2021-04-03,79,10636,40,4265,26,6260,13,111,3,2041,74,4350,15,6391,California
Inyo,2021-04-04,5,10641,4,4269,0,6260,1,112,1,2039,4,4354,2,6393,California
Inyo,2021-04-05,108,10749,1,4270,103,6363,4,116,29,1993,79,4433,33,6426,California
Inyo,2021-04-06,235,10984,4,4274,168,6531,63,179,104,2029,131,4564,167,6593,California
Inyo,2021-04-07,206,11190,2,4276,76,6607,128,307,47,2045,159,4723,175,6768,California
Inyo,2021-04-08,181,11371,15,4291,149,6756,17,324,81,2043,100,4823,98,6866,California
Inyo,2021-04-09,125,11496,6,4297,96,6852,23,347,37,2016,87,4910,60,6926,California
Inyo,2021-04-10,41,11537,1,4298,23,6875,17,364,3,1998,38,4948,20,6946,California
Inyo,2021-04-11,1,11538,0,4298,1,6876,0,364,1,1999,0,4948,1,6947,California
Inyo,2021-04-12,79,11617,0,4298,74,6950,5,369,41,2007,38,4986,46,6993,California
Inyo,2021-04-13,121,11738,4,4302,114,7064,3,372,62,2014,58,5044,65,7058,California
Inyo,2021-04-14,131,11869,2,4304,129,7193,0,372,46,1975,85,5129,46,7104,California
Inyo,2021-04-15,274,12143,117,4421,157,7350,0,372,79,1859,195,5324,79,7183,California
Inyo,2021-04-16,46,12189,5,4426,41,7391,0,372,18,1849,28,5352,18,7201,California
Inyo,2021-04-17,2,12191,1,4427,1,7392,0,372,1,1849,1,5353,1,7202,California
Inyo,2021-04-19,122,12313,39,4466,83,7475,0,372,41,1809,81,5434,41,7243,California
Inyo,2021-04-20,163,12476,2,4468,161,7636,0,372,79,1804,84,5518,79,7322,California
Inyo,2021-04-21,112,12588,3,4471,109,7745,0,372,32,1756,80,5598,32,7354,California
Inyo,2021-04-22,196,12784,1,4472,195,7940,0,372,51,1662,145,5743,51,7405,California
Inyo,2021-04-23,95,12879,4,4476,91,8031,0,372,22,1611,73,5816,22,7427,California
Inyo,2021-04-24,309,13188,308,4784,1,8032,0,372,305,1912,4,5820,305,7732,California
Inyo,2021-04-25,133,13321,132,4916,1,8033,0,372,133,2045,0,5820,133,7865,California
Inyo,2021-04-26,91,13412,1,4917,89,8122,1,373,10,1976,80,5900,11,7876,California
Inyo,2021-04-27,183,13595,6,4923,172,8294,5,378,47,1892,136,6036,52,7928,California
Inyo,2021-04-28,122,13717,2,4925,118,8412,2,380,20,1812,102,6138,22,7950,California
Inyo,2021-04-29,170,13887,55,4980,115,8527,0,380,76,1794,94,6232,76,8026,California
Inyo,2021-04-30,82,13969,5,4985,76,8603,1,381,23,1759,59,6291,24,8050,California
Inyo,2021-05-01,12,13981,3,4988,9,8612,0,381,10,1767,2,6293,10,8060,California
Inyo,2021-05-02,7,13988,3,4991,2,8614,2,383,4,1770,3,6296,6,8066,California
Inyo,2021-05-03,38,14026,1,4992,33,8647,4,387,5,1746,33,6329,9,8075,California
Inyo,2021-05-04,123,14149,2,4994,117,8764,4,391,20,1667,103,6432,24,8099,California
Inyo,2021-05-05,36,14185,0,4994,34,8798,2,393,11,1655,25,6457,13,8112,California
Inyo,2021-05-06,92,14277,4,4998,80,8878,8,401,12,1595,80,6537,20,8132,California
Inyo,2021-05-07,49,14326,4,5002,37,8915,8,409,24,1603,24,6561,32,8164,California
Inyo,2021-05-08,11,14337,2,5004,4,8919,5,414,4,1605,7,6568,9,8173,California
Inyo,2021-05-09,1,14338,0,5004,1,8920,0,414,0,1604,1,6569,0,8173,California
Inyo,2021-05-10,69,14407,1,5005,66,8986,2,416,30,1598,39,6608,33,8206,California
Inyo,2021-05-11,87,14494,1,5006,83,9069,3,419,20,1554,67,6675,23,8229,California
Inyo,2021-05-12,43,14537,1,5007,40,9109,2,421,11,1535,32,6707,13,8242,California
Inyo,2021-05-13,75,14612,1,5008,73,9182,1,422,12,1485,63,6770,13,8255,California
Inyo,2021-05-14,25,14637,3,5011,17,9199,5,427,12,1489,13,6783,17,8272,California
Inyo,2021-05-15,377,15014,365,5376,10,9209,2,429,85,1284,292,7075,87,8359,California
Inyo,2021-05-16,198,15212,198,5574,0,9209,0,429,71,1228,127,7202,71,8430,California
Inyo,2021-05-17,62,15274,3,5577,55,9264,4,433,19,1209,42,7244,23,8453,California
Inyo,2021-05-18,83,15357,2,5579,80,9344,1,434,17,1161,66,7310,18,8471,California
Inyo,2021-05-19,47,15404,2,5581,40,9384,5,439,13,1145,34,7344,18,8489,California
Inyo,2021-05-20,143,15547,80,5661,62,9446,1,440,34,1071,109,7453,35,8524,California
Inyo,2021-05-21,48,15595,18,5679,25,9471,5,445,19,1066,29,7482,24,8548,California
Inyo,2021-05-22,25,15620,15,5694,7,9478,3,448,18,1080,7,7489,21,8569,California
Inyo,2021-05-23,2,15622,1,5695,0,9478,1,449,0,1079,2,7491,1,8570,California
Inyo,2021-05-24,33,15655,6,5701,24,9502,3,452,13,1075,20,7511,16,8586,California
Inyo,2021-05-25,82,15737,39,5740,41,9543,2,454,47,1089,35,7546,49,8635,California
Inyo,2021-05-26,32,15769,5,5745,25,9568,2,456,10,1079,22,7568,12,8647,California
Inyo,2021-05-27,40,15809,11,5756,21,9589,8,464,13,1074,26,7594,21,8668,California
Inyo,2021-05-28,26,15835,6,5762,15,9604,5,469,8,1069,18,7612,13,8681,California
Inyo,2021-05-29,15,15850,5,5767,10,9614,0,469,6,1066,9,7621,6,8687,California
Inyo,2021-05-30,2,15852,0,5767,2,9616,0,469,0,1064,2,7623,0,8687,California
Inyo,2021-06-01,53,15905,16,5783,31,9647,6,475,23,1063,30,7653,29,8716,California
Inyo,2021-06-02,9,15914,7,5790,1,9648,1,476,8,1071,1,7654,9,8725,California
Inyo,2021-06-03,25,15939,0,5790,18,9666,7,483,1,1055,24,7678,8,8733,California
Inyo,2021-06-04,33,15972,7,5797,22,9688,4,487,13,1052,20,7698,17,8750,California
Inyo,2021-06-05,20,15992,11,5808,8,9696,1,488,6,1045,14,7712,7,8757,California
Inyo,2021-06-06,2,15994,2,5810,0,9696,0,488,2,1047,0,7712,2,8759,California
Inyo,2021-06-07,51,16045,14,5824,34,9730,3,491,6,1011,45,7757,9,8768,California
Inyo,2021-06-08,52,16097,25,5849,23,9753,4,495,25,1013,27,7784,29,8797,California
Inyo,2021-06-09,100,16197,87,5936,11,9764,2,497,8,931,92,7876,10,8807,California
Kern,2020-12-15,1,1,1,1,0,0,0,0,1,1,0,0,1,1,California
Kern,2020-12-16,18,19,18,19,0,0,0,0,18,19,0,0,18,19,California
Kern,2020-12-17,163,182,163,182,0,0,0,0,163,182,0,0,163,182,California
Kern,2020-12-18,323,505,323,505,0,0,0,0,323,505,0,0,323,505,California
Kern,2020-12-19,99,604,99,604,0,0,0,0,100,605,0,0,100,605,California
Kern,2020-12-20,61,665,61,665,0,0,0,0,61,666,0,0,61,666,California
Kern,2020-12-21,671,1336,670,1335,1,1,0,0,671,1337,0,0,671,1337,California
Kern,2020-12-22,530,1866,528,1863,2,3,0,0,530,1867,0,0,530,1867,California
Kern,2020-12-23,556,2422,418,2281,138,141,0,0,556,2423,0,0,556,2423,California
Kern,2020-12-24,122,2544,43,2324,79,220,0,0,122,2545,0,0,122,2545,California
Kern,2020-12-25,1,2545,1,2325,0,220,0,0,1,2546,0,0,1,2546,California
Kern,2020-12-26,33,2578,1,2326,32,252,0,0,33,2579,0,0,33,2579,California
Kern,2020-12-27,35,2613,3,2329,32,284,0,0,35,2614,0,0,35,2614,California
Kern,2020-12-28,827,3440,662,2991,165,449,0,0,827,3441,0,0,827,3441,California
Kern,2020-12-29,744,4184,451,3442,293,742,0,0,743,4183,1,1,743,4184,California
Kern,2020-12-30,1205,5389,913,4355,292,1034,0,0,1205,5388,0,1,1205,5389,California
Kern,2020-12-31,277,5666,99,4454,178,1212,0,0,277,5665,0,1,277,5666,California
Kern,2021-01-01,16,5682,9,4463,7,1219,0,0,16,5681,0,1,16,5682,California
Kern,2021-01-02,79,5761,18,4481,61,1280,0,0,79,5760,0,1,79,5761,California
Kern,2021-01-03,23,5784,4,4485,19,1299,0,0,23,5783,0,1,23,5784,California
Kern,2021-01-04,557,6341,362,4847,195,1494,0,0,557,6340,0,1,557,6341,California
Kern,2021-01-05,1133,7474,738,5585,395,1889,0,0,1121,7449,12,13,1121,7462,California
Kern,2021-01-06,1161,8635,449,6034,712,2601,0,0,1131,8550,30,43,1131,8593,California
Kern,2021-01-07,1404,10039,487,6521,917,3518,0,0,1236,9619,167,210,1236,9829,California
Kern,2021-01-08,1628,11667,768,7289,860,4378,0,0,1329,10651,300,510,1332,11161,California
Kern,2021-01-09,228,11895,78,7367,150,4528,0,0,193,10809,35,545,193,11354,California
Kern,2021-01-10,194,12089,149,7516,45,4573,0,0,153,10921,41,586,153,11507,California
Kern,2021-01-11,1559,13648,987,8503,572,5145,0,0,1001,11364,558,1144,1001,12508,California
Kern,2021-01-12,1868,15516,812,9315,1056,6201,0,0,1356,12208,512,1656,1356,13864,California
Kern,2021-01-13,1859,17375,874,10189,985,7186,0,0,1437,13226,422,2078,1440,15304,California
Kern,2021-01-14,2188,19563,646,10835,1542,8728,0,0,2142,15322,46,2124,2142,17446,California
Kern,2021-01-15,2711,22274,854,11689,1857,10585,0,0,2614,17842,95,2219,2615,20061,California
Kern,2021-01-16,671,22945,211,11900,460,11045,0,0,636,18443,35,2254,636,20697,California
Kern,2021-01-17,73,23018,7,11907,66,11111,0,0,71,18512,2,2256,71,20768,California
Kern,2021-01-18,1646,24664,657,12564,989,12100,0,0,1480,19826,166,2422,1480,22248,California
Kern,2021-01-19,1855,26519,1033,13597,822,12922,0,0,1391,20755,464,2886,1393,23641,California
Kern,2021-01-20,2618,29137,1682,15279,936,13858,0,0,1914,21972,699,3585,1916,25557,California
Kern,2021-01-21,2114,31251,867,16146,1247,15105,0,0,1918,23695,195,3780,1918,27475,California
Kern,2021-01-22,2715,33966,1301,17447,1414,16519,0,0,2437,25855,277,4057,2437,29912,California
Kern,2021-01-23,1248,35214,541,17988,707,17226,0,0,1202,27011,46,4103,1202,31114,California
Kern,2021-01-24,152,35366,11,17999,141,17367,0,0,146,27151,6,4109,146,31260,California
Kern,2021-01-25,2388,37754,1088,19087,1300,18667,0,0,1903,28571,484,4593,1904,33164,California
Kern,2021-01-26,2773,40527,1130,20217,1643,20310,0,0,1913,29625,859,5452,1913,35077,California
Kern,2021-01-27,3567,44094,1910,22127,1657,21967,0,0,2869,31799,695,6147,2869,37946,California
Kern,2021-01-28,2883,46977,1363,23490,1520,23487,0,0,2451,33826,427,6574,2454,40400,California
Kern,2021-01-29,3787,50764,1800,25290,1987,25474,0,0,3241,36524,543,7117,3241,43641,California
Kern,2021-01-30,1330,52094,501,25791,829,26303,0,0,1279,37754,49,7166,1279,44920,California
Kern,2021-01-31,403,52497,276,26067,127,26430,0,0,268,37887,135,7301,268,45188,California
Kern,2021-02-01,2600,55097,990,27057,1610,28040,0,0,1887,39065,710,8011,1888,47076,California
Kern,2021-02-02,2752,57849,798,27855,1954,29994,0,0,2050,40414,702,8713,2051,49127,California
Kern,2021-02-03,3673,61522,1553,29408,2120,32114,0,0,2702,42152,964,9677,2702,51829,California
Kern,2021-02-04,3805,65327,1451,30859,2354,34468,0,0,2587,43531,1208,10885,2587,54416,California
Kern,2021-02-05,4856,70183,1989,32848,2867,37335,0,0,3095,44884,1742,12627,3095,57511,California
Kern,2021-02-06,1742,71925,769,33617,973,38308,0,0,1516,46177,223,12850,1516,59027,California
Kern,2021-02-07,284,72209,151,33768,133,38441,0,0,267,46429,15,12865,267,59294,California
Kern,2021-02-08,2563,74772,784,34552,1779,40220,0,0,1257,46399,1288,14153,1258,60552,California
Kern,2021-02-09,3040,77812,987,35539,2053,42273,0,0,1464,46296,1567,15720,1464,62016,California
Kern,2021-02-10,3798,81610,1661,37200,2137,44410,0,0,1877,46270,1904,17624,1878,63894,California
Kern,2021-02-11,4266,85876,1535,38735,2731,47141,0,0,2223,46464,2030,19654,2224,66118,California
Kern,2021-02-12,4964,90840,1891,40626,3073,50214,0,0,2477,46468,2473,22127,2477,68595,California
Kern,2021-02-13,2009,92849,727,41353,1282,51496,0,0,1161,46783,846,22973,1161,69756,California
Kern,2021-02-14,351,93200,12,41365,339,51835,0,0,269,46971,81,23054,269,70025,California
Kern,2021-02-15,2746,95946,898,42263,1848,53683,0,0,1213,46660,1524,24578,1213,71238,California
Kern,2021-02-16,2942,98888,711,42974,2231,55914,0,0,1653,47034,1280,25858,1654,72892,California
Kern,2021-02-17,4071,102959,2077,45051,1994,57908,0,0,1922,46814,2143,28001,1923,74815,California
Kern,2021-02-18,3763,106722,1487,46538,2276,60184,0,0,1629,46319,2124,30125,1629,76444,California
Kern,2021-02-19,4192,110914,1915,48453,2277,62461,0,0,1737,45608,2448,32573,1737,78181,California
Kern,2021-02-20,2580,113494,967,49420,1613,64074,0,0,1347,45726,1229,33802,1347,79528,California
Kern,2021-02-21,258,113752,152,49572,106,64180,0,0,89,45648,167,33969,89,79617,California
Kern,2021-02-22,2671,116423,1154,50726,1517,65697,0,0,1431,45844,1235,35204,1431,81048,California
Kern,2021-02-23,3574,119997,1131,51857,2443,68140,0,0,1994,46261,1578,36782,1995,83043,California
Kern,2021-02-24,5208,125205,2289,54146,2919,71059,0,0,3106,47269,2098,38880,3106,86149,California
Kern,2021-02-25,5375,130580,2457,56603,2918,73977,0,0,3194,48301,2162,41042,3194,89343,California
Kern,2021-02-26,6920,137500,3537,60140,3383,77360,0,0,4359,50107,2554,43596,4360,93703,California
Kern,2021-02-27,3954,141454,1983,62123,1971,79331,0,0,2615,51391,1331,44927,2615,96318,California
Kern,2021-02-28,916,142370,503,62626,412,79743,1,1,695,51868,219,45146,696,97014,California
Kern,2021-03-01,4007,146377,1821,64447,2182,81925,4,5,2691,53257,1306,46452,2695,99709,California
Kern,2021-03-02,4482,150859,1412,65859,3066,84991,4,9,2952,54691,1519,47971,2953,102662,California
Kern,2021-03-03,5948,156807,2814,68673,3132,88123,2,11,3841,56440,2093,50064,3842,106504,California
Kern,2021-03-04,5623,162430,2212,70885,3407,91530,4,15,3626,58085,1983,52047,3628,110132,California
Kern,2021-03-05,6663,169093,2862,73747,3782,95312,19,34,4218,59887,2435,54482,4237,114369,California
Kern,2021-03-06,4756,173849,1927,75674,2722,98034,107,141,3478,62201,1270,55752,3584,117953,California
Kern,2021-03-07,2064,175913,1596,77270,412,98446,56,197,1865,63924,198,55950,1921,119874,California
Kern,2021-03-08,2904,178817,924,78194,1758,100204,222,419,1525,64293,1376,57326,1745,121619,California
Kern,2021-03-09,3724,182541,805,78999,2535,102739,384,803,2326,65608,1390,58716,2705,124324,California
Kern,2021-03-10,6142,188683,2562,81561,2506,105245,1074,1877,3597,67748,2529,61245,4669,128993,California
Kern,2021-03-11,6338,195021,2444,84005,2867,108112,1027,2904,3776,69995,2551,63796,4798,133791,California
Kern,2021-03-12,7845,202866,3077,87082,3415,111527,1353,4257,4324,72154,3508,67304,5667,139458,California
Kern,2021-03-13,4669,207535,2529,89611,1804,113331,336,4593,3247,74317,1415,68719,3578,143036,California
Kern,2021-03-14,2296,209831,1520,91131,535,113866,241,4834,1774,75807,522,69241,2012,145048,California
Kern,2021-03-15,4272,214103,1104,92235,2455,116321,713,5547,2202,76657,2058,71299,2908,147956,California
Kern,2021-03-16,4351,218454,1013,93248,2801,119122,537,6084,2332,77512,2009,73308,2864,150820,California
Kern,2021-03-17,7495,225949,4058,97306,2887,122009,550,6634,4529,79636,2953,76261,5077,155897,California
Kern,2021-03-18,7281,233230,3685,100991,3009,125018,587,7221,4408,81774,2853,79114,4991,160888,California
Kern,2021-03-19,8990,242220,4988,105979,3347,128365,655,7876,4718,82885,4255,83369,5366,166254,California
Kern,2021-03-20,6175,248395,3821,109800,2180,130545,174,8050,3916,84728,2248,85617,4091,170345,California
Kern,2021-03-21,3051,251446,1933,111733,236,130781,882,8932,1847,86259,1197,86814,2728,173073,California
Kern,2021-03-22,3991,255437,1569,113302,2068,132849,354,9286,1938,86515,2036,88850,2292,175365,California
Kern,2021-03-23,4740,260177,1676,114978,2867,135716,197,9483,2486,86972,2224,91074,2681,178046,California
Kern,2021-03-24,7185,267362,3678,118656,3030,138746,477,9960,3655,87589,3512,94586,4129,182175,California
Kern,2021-03-25,6770,274132,3006,121662,3434,142180,330,10290,3278,87719,3475,98061,3605,185780,California
Kern,2021-03-26,9875,284007,4412,126074,4205,146385,1258,11548,4733,88586,5124,103185,5991,191771,California
Kern,2021-03-27,5710,289717,3999,130073,1583,147968,128,11676,3447,89899,2261,105446,3574,195345,California
Kern,2021-03-28,4693,294410,4202,134275,477,148445,14,11690,2958,91138,1733,107179,2972,198317,California
Kern,2021-03-29,4259,298669,1683,135958,2299,150744,277,11967,2613,92393,1632,108811,2887,201204,California
Kern,2021-03-30,5600,304269,1871,137829,3344,154088,385,12352,3069,93319,2526,111337,3452,204656,California
Kern,2021-03-31,8410,312679,4538,142367,3224,157312,648,13000,4343,94257,4051,115388,4989,209645,California
Kern,2021-04-01,7901,320580,3875,146242,3726,161038,300,13300,4226,95127,3652,119040,4522,214167,California
Kern,2021-04-02,8457,329037,4464,150706,3384,164422,609,13909,4226,95739,4215,123255,4827,218994,California
Kern,2021-04-03,5997,335034,3671,154377,2143,166565,183,14092,2657,95245,3331,126586,2837,221831,California
Kern,2021-04-04,1334,336368,871,155248,379,166944,84,14176,473,94944,858,127444,557,222388,California
Kern,2021-04-05,5370,341738,2221,157469,2376,169320,773,14949,2900,96132,2456,129900,3644,226032,California
Kern,2021-04-06,7124,348862,2473,159942,3274,172594,1377,16326,3569,97543,3532,133432,4943,230975,California
Kern,2021-04-07,9375,358237,5468,165410,2944,175538,963,17289,4567,98283,4790,138222,5530,236505,California
Kern,2021-04-08,8674,366911,4803,170213,2958,178496,913,18202,3733,98004,4917,143139,4638,241143,California
Kern,2021-04-09,10257,377168,5137,175350,4129,182625,991,19193,4340,97471,5892,149031,5359,246502,California
Kern,2021-04-10,6578,383746,3457,178807,1874,184499,1247,20440,2131,96410,4437,153468,3376,249878,California
Kern,2021-04-11,3905,387651,2913,181720,358,184857,634,21074,1260,95678,2632,156100,1900,251778,California
Kern,2021-04-12,4405,392056,990,182710,2440,187297,975,22049,1581,95430,2804,158904,2556,254334,California
Kern,2021-04-13,4291,396347,1413,184123,2852,190149,26,22075,2116,95412,2163,161067,2145,256479,California
Kern,2021-04-14,6056,402403,2977,187100,3057,193206,22,22097,2996,95390,3042,164109,3020,259499,California
Kern,2021-04-15,5291,407694,2483,189583,2806,196012,2,22099,2523,95169,2751,166860,2530,262029,California
Kern,2021-04-16,7245,414939,3433,193016,3811,199823,1,22100,2949,93849,4271,171131,2951,264980,California
Kern,2021-04-17,5894,420833,3850,196866,2044,201867,0,22100,2097,92164,3783,174914,2098,267078,California
Kern,2021-04-18,3774,424607,3538,200404,236,202103,0,22100,911,90220,2855,177769,911,267989,California
Kern,2021-04-19,3817,428424,1730,202134,2085,204188,2,22102,1412,89247,2385,180154,1412,269401,California
Kern,2021-04-20,4352,432776,1571,203705,2779,206967,2,22104,1641,88195,2694,182848,1642,271043,California
Kern,2021-04-21,5859,438635,3147,206852,2707,209674,5,22109,2133,86628,3703,186551,2136,273179,California
Kern,2021-04-22,4804,443439,2332,209184,2472,212146,0,22109,1707,85262,3074,189625,1708,274887,California
Kern,2021-04-23,6143,449582,3022,212206,3120,215266,1,22110,1918,82994,4187,193812,1919,276806,California
Kern,2021-04-24,4014,453596,2806,215012,1197,216463,11,22121,1445,81899,2550,196362,1455,278261,California
Kern,2021-04-25,1394,454990,1116,216128,278,216741,0,22121,819,82149,569,196931,819,279080,California
Kern,2021-04-26,3868,458858,1835,217963,1981,218722,52,22173,1064,80473,2794,199725,1118,280198,California
Kern,2021-04-27,4776,463634,2315,220278,2354,221076,107,22280,1455,78725,3308,203033,1560,281758,California
Kern,2021-04-28,6297,469931,3715,223993,2458,223534,124,22404,1794,76156,4484,207517,1915,283673,California
Kern,2021-04-29,5512,475443,3062,227055,2350,225884,100,22504,1617,74000,3874,211391,1718,285391,California
Kern,2021-04-30,5591,481034,3121,230176,2310,228194,160,22664,1608,71800,3967,215358,1767,287158,California
Kern,2021-05-01,2714,483748,1930,232106,724,228918,60,22724,1080,71317,1622,216980,1139,288297,California
Kern,2021-05-02,1890,485638,1602,233708,266,229184,22,22746,693,70842,1190,218170,715,289012,California
Kern,2021-05-03,2544,488182,1030,234738,1381,230565,133,22879,789,70026,1739,219909,923,289935,California
Kern,2021-05-04,3660,491842,1301,236039,2249,232814,110,22989,1288,69065,2357,222266,1396,291331,California
Kern,2021-05-05,4158,496000,2146,238185,1862,234676,150,23139,1376,67822,2767,225033,1524,292855,California
Kern,2021-05-06,3588,499588,1617,239802,1826,236502,145,23284,1125,66646,2442,227475,1266,294121,California
Kern,2021-05-07,4597,504185,2310,242112,2112,238614,175,23459,1295,64841,3273,230748,1468,295589,California
Kern,2021-05-08,2894,507079,1823,243935,956,239570,115,23574,899,63872,1981,232729,1012,296601,California
Kern,2021-05-09,1351,508430,1177,245112,145,239715,29,23603,456,63471,886,233615,485,297086,California
Kern,2021-05-10,2244,510674,869,245981,1275,240990,100,23703,668,62679,1558,235173,766,297852,California
Kern,2021-05-11,2631,513305,920,246901,1586,242576,125,23828,953,62091,1667,236840,1079,298931,California
Kern,2021-05-12,3630,516935,1463,248364,2017,244593,150,23978,1173,60970,2444,239284,1323,300254,California
Kern,2021-05-13,3475,520410,1821,250185,1505,246098,149,24127,1621,60895,1841,241125,1766,302020,California
Kern,2021-05-14,4285,524695,2536,252721,1525,247623,224,24351,1979,60812,2285,243410,2202,304222,California
Kern,2021-05-15,2915,527610,1899,254620,929,248552,87,24438,1547,61091,1355,244765,1634,305856,California
Kern,2021-05-16,1544,529154,1321,255941,184,248736,39,24477,888,61367,651,245416,927,306783,California
Kern,2021-05-17,2331,531485,1008,256949,1177,249913,146,24623,1190,61573,1129,246545,1335,308118,California
Kern,2021-05-18,3176,534661,1463,258412,1582,251495,131,24754,1634,61811,1527,248072,1765,309883,California
Kern,2021-05-19,3830,538491,2390,260802,1313,252808,127,24881,1850,61818,1968,250040,1975,311858,California
Kern,2021-05-20,3082,541573,1682,262484,1270,254078,130,25011,1433,61751,1628,251668,1561,313419,California
Kern,2021-05-21,3548,545121,2161,264645,1261,255339,126,25137,1815,61981,1711,253379,1941,315360,California
Kern,2021-05-22,2837,547958,2239,266884,550,255889,48,25185,1354,61909,1472,254851,1400,316760,California
Kern,2021-05-23,1255,549213,1064,267948,165,256054,26,25211,671,62028,577,255428,696,317456,California
Kern,2021-05-24,1828,551041,771,268719,946,257000,111,25322,862,62040,960,256388,972,318428,California
Kern,2021-05-25,2389,553430,1107,269826,1198,258198,84,25406,1126,62000,1250,257638,1210,319638,California
Kern,2021-05-26,2746,556176,1578,271404,1069,259267,99,25505,1185,61736,1546,259184,1282,320920,California
Kern,2021-05-27,2322,558498,1160,272564,1057,260324,105,25610,1197,61931,1106,260290,1301,322221,California
Kern,2021-05-28,2725,561223,1387,273951,1229,261553,109,25719,1272,61869,1441,261731,1379,323600,California
Kern,2021-05-29,1895,563118,1258,275209,591,262144,46,25765,930,61894,951,262682,976,324576,California
Kern,2021-05-30,860,563978,704,275913,137,262281,19,25784,438,61935,415,263097,456,325032,California
Kern,2021-05-31,130,564108,40,275953,79,262360,11,25795,44,61906,83,263180,54,325086,California
Kern,2021-06-01,2275,566383,948,276901,1260,263620,67,25862,1001,61716,1258,264438,1068,326154,California
Kern,2021-06-02,2219,568602,1290,278191,827,264447,102,25964,942,61491,1268,265706,1043,327197,California
Kern,2021-06-03,2354,570956,1318,279509,883,265330,153,26117,870,61040,1473,267179,1022,328219,California
Kern,2021-06-04,2849,573805,1897,281406,843,266173,109,26226,869,60051,1965,269144,976,329195,California
Kern,2021-06-05,2501,576306,2032,283438,436,266609,33,26259,784,59160,1708,270852,817,330012,California
Kern,2021-06-06,1207,577513,1101,284539,81,266690,25,26284,424,58830,779,271631,449,330461,California
Kern,2021-06-07,1771,579284,1116,285655,563,267253,92,26376,663,58491,1093,272724,754,331215,California
Kern,2021-06-08,2084,581368,1213,286868,801,268054,70,26446,659,57813,1406,274130,728,331943,California
Kern,2021-06-09,1656,583024,1208,288076,393,268447,55,26501,497,57210,1154,275284,551,332494,California
Kings,2020-12-16,1,1,1,1,0,0,0,0,1,1,0,0,1,1,California
Kings,2020-12-17,8,9,8,9,0,0,0,0,8,9,0,0,8,9,California
Kings,2020-12-18,13,22,13,22,0,0,0,0,13,22,0,0,13,22,California
Kings,2020-12-19,11,33,11,33,0,0,0,0,11,33,0,0,11,33,California
Kings,2020-12-20,13,46,13,46,0,0,0,0,13,46,0,0,13,46,California
Kings,2020-12-21,156,202,156,202,0,0,0,0,269,315,0,0,269,315,California
Kings,2020-12-22,143,345,143,345,0,0,0,0,140,455,0,0,140,455,California
Kings,2020-12-23,136,481,122,467,14,14,0,0,137,592,0,0,137,592,California
Kings,2020-12-24,11,492,9,476,2,16,0,0,11,603,0,0,11,603,California
Kings,2020-12-26,7,499,4,480,3,19,0,0,7,610,0,0,7,610,California
Kings,2020-12-27,4,503,4,484,0,19,0,0,4,614,0,0,4,614,California
Kings,2020-12-28,132,635,103,587,29,48,0,0,133,747,0,0,133,747,California
Kings,2020-12-29,81,716,53,640,28,76,0,0,82,829,0,0,82,829,California
Kings,2020-12-30,151,867,110,750,41,117,0,0,151,980,0,0,151,980,California
Kings,2020-12-31,47,914,6,756,41,158,0,0,47,1027,0,0,47,1027,California
Kings,2021-01-01,1,915,0,756,1,159,0,0,1,1028,0,0,1,1028,California
Kings,2021-01-02,10,925,9,765,1,160,0,0,10,1038,0,0,10,1038,California
Kings,2021-01-04,111,1036,41,806,70,230,0,0,111,1149,0,0,111,1149,California
Kings,2021-01-05,196,1232,40,846,156,386,0,0,196,1345,0,0,196,1345,California
Kings,2021-01-06,276,1508,177,1023,99,485,0,0,273,1615,3,3,273,1618,California
Kings,2021-01-07,181,1689,82,1105,99,584,0,0,173,1780,8,11,173,1791,California
Kings,2021-01-08,249,1938,56,1161,193,777,0,0,229,1989,20,31,229,2020,California
Kings,2021-01-09,63,2001,9,1170,54,831,0,0,55,2036,8,39,55,2075,California
Kings,2021-01-10,15,2016,3,1173,12,843,0,0,12,2045,3,42,12,2087,California
Kings,2021-01-11,518,2534,354,1527,164,1007,0,0,276,2080,242,284,277,2364,California
Kings,2021-01-12,348,2882,251,1778,97,1104,0,0,215,2165,130,414,215,2579,California
Kings,2021-01-13,421,3303,275,2053,146,1250,0,0,330,2404,91,505,330,2909,California
Kings,2021-01-14,210,3513,30,2083,180,1430,0,0,200,2584,21,526,201,3110,California
Kings,2021-01-15,420,3933,31,2114,389,1819,0,0,408,2980,12,538,408,3518,California
Kings,2021-01-16,28,3961,9,2123,19,1838,0,0,27,3006,1,539,27,3545,California
Kings,2021-01-17,9,3970,6,2129,3,1841,0,0,7,3011,2,541,7,3552,California
Kings,2021-01-18,173,4143,40,2169,133,1974,0,0,147,3132,26,567,147,3699,California
Kings,2021-01-19,380,4523,161,2330,219,2193,0,0,251,3254,129,696,251,3950,California
Kings,2021-01-20,235,4758,146,2476,89,2282,0,0,125,3274,105,801,125,4075,California
Kings,2021-01-21,214,4972,57,2533,157,2439,0,0,197,3452,19,820,197,4272,California
Kings,2021-01-22,107,5079,18,2551,89,2528,0,0,106,3553,5,825,106,4378,California
Kings,2021-01-23,27,5106,14,2565,13,2541,0,0,21,3568,6,831,21,4399,California
Kings,2021-01-24,4,5110,4,2569,0,2541,0,0,2,3568,2,833,2,4401,California
Kings,2021-01-25,131,5241,27,2596,104,2645,0,0,95,3627,36,869,95,4496,California
Kings,2021-01-26,154,5395,34,2630,120,2765,0,0,114,3701,40,909,114,4610,California
Kings,2021-01-27,326,5721,35,2665,291,3056,0,0,251,3878,74,983,251,4861,California
Kings,2021-01-28,334,6055,45,2710,289,3345,0,0,277,4098,57,1040,277,5138,California
Kings,2021-01-29,109,6164,26,2736,83,3428,0,0,92,4173,17,1057,92,5230,California
Kings,2021-01-30,1562,7726,26,2762,1536,4964,0,0,1559,5731,3,1060,1561,6791,California
Kings,2021-02-01,219,7945,65,2827,154,5118,0,0,90,5694,127,1187,90,6881,California
Kings,2021-02-02,247,8192,16,2843,231,5349,0,0,95,5638,151,1338,95,6976,California
Kings,2021-02-03,399,8591,192,3035,207,5556,0,0,243,5726,155,1493,243,7219,California
Kings,2021-02-04,425,9016,99,3134,326,5882,0,0,227,5756,197,1690,227,7446,California
Kings,2021-02-05,336,9352,55,3189,281,6163,0,0,176,5774,158,1848,176,7622,California
Kings,2021-02-06,61,9413,10,3199,51,6214,0,0,28,5769,33,1881,28,7650,California
Kings,2021-02-07,5,9418,3,3202,2,6216,0,0,3,5770,2,1883,3,7653,California
Kings,2021-02-08,174,9592,29,3231,145,6361,0,0,67,5730,107,1990,67,7720,California
Kings,2021-02-09,255,9847,57,3288,198,6559,0,0,111,5699,142,2132,111,7831,California
Kings,2021-02-10,374,10221,112,3400,262,6821,0,0,257,5839,117,2249,257,8088,California
Kings,2021-02-11,477,10698,65,3465,412,7233,0,0,360,6083,116,2365,360,8448,California
Kings,2021-02-12,631,11329,38,3503,593,7826,0,0,354,6161,276,2641,354,8802,California
Kings,2021-02-13,164,11493,7,3510,157,7983,0,0,137,6271,27,2668,137,8939,California
Kings,2021-02-14,102,11595,4,3514,98,8081,0,0,94,6357,8,2676,94,9033,California
Kings,2021-02-15,251,11846,5,3519,246,8327,0,0,138,6383,112,2788,138,9171,California
Kings,2021-02-16,531,12377,35,3554,496,8823,0,0,295,6443,235,3023,295,9466,California
Kings,2021-02-17,438,12815,25,3579,413,9236,0,0,300,6607,138,3161,302,9768,California
Kings,2021-02-18,238,13053,23,3602,215,9451,0,0,180,6729,58,3219,180,9948,California
Kings,2021-02-19,174,13227,24,3626,150,9601,0,0,118,6794,53,3272,118,10066,California
Kings,2021-02-20,168,13395,35,3661,133,9734,0,0,135,6896,33,3305,135,10201,California
Kings,2021-02-21,2,13397,1,3662,1,9735,0,0,2,6898,0,3305,2,10203,California
Kings,2021-02-22,114,13511,19,3681,95,9830,0,0,50,6884,64,3369,50,10253,California
Kings,2021-02-23,426,13937,70,3751,356,10186,0,0,309,7076,117,3486,309,10562,California
Kings,2021-02-24,726,14663,154,3905,572,10758,0,0,513,7376,213,3699,513,11075,California
Kings,2021-02-25,723,15386,134,4039,589,11347,0,0,503,7661,218,3917,503,11578,California
Kings,2021-02-26,782,16168,137,4176,645,11992,0,0,715,8310,67,3984,716,12294,California
Kings,2021-02-27,1524,17692,66,4242,1458,13450,0,0,582,7951,941,4925,582,12876,California
Kings,2021-02-28,1172,18864,598,4840,574,14024,0,0,675,8132,494,5419,675,13551,California
Kings,2021-03-01,280,19144,89,4929,191,14215,0,0,221,8294,59,5478,221,13772,California
Kings,2021-03-02,586,19730,256,5185,330,14545,0,0,513,8735,73,5551,514,14286,California
Kings,2021-03-03,715,20445,313,5498,402,14947,0,0,513,9049,199,5750,513,14799,California
Kings,2021-03-04,791,21236,356,5854,435,15382,0,0,667,9593,124,5874,668,15467,California
Kings,2021-03-05,1140,22376,368,6222,763,16145,9,9,999,10461,141,6015,1009,16476,California
Kings,2021-03-06,517,22893,187,6409,317,16462,13,22,487,10931,30,6045,500,16976,California
Kings,2021-03-07,359,23252,218,6627,137,16599,4,26,351,11278,8,6053,355,17331,California
Kings,2021-03-08,374,23626,96,6723,225,16824,53,79,262,11481,112,6165,315,17646,California
Kings,2021-03-09,567,24193,268,6991,244,17068,55,134,456,11883,110,6275,512,18158,California
Kings,2021-03-10,626,24819,158,7149,376,17444,92,226,438,12225,187,6462,529,18687,California
Kings,2021-03-11,1076,25895,333,7482,633,18077,110,336,655,12572,419,6881,766,19453,California
Kings,2021-03-12,1418,27313,452,7934,873,18950,93,429,990,13231,426,7307,1085,20538,California
Kings,2021-03-13,677,27990,328,8262,305,19255,44,473,550,13700,127,7434,596,21134,California
Kings,2021-03-14,676,28666,103,8365,184,19439,389,862,203,13819,473,7907,592,21726,California
Kings,2021-03-15,704,29370,266,8631,323,19762,115,977,465,14164,238,8145,583,22309,California
Kings,2021-03-16,1077,30447,457,9088,556,20318,64,1041,734,14619,343,8488,798,23107,California
Kings,2021-03-17,1114,31561,424,9512,628,20946,62,1103,788,15150,326,8814,857,23964,California
Kings,2021-03-18,1134,32695,476,9988,435,21381,223,1326,776,15794,357,9171,1001,24965,California
Kings,2021-03-19,970,33665,469,10457,416,21797,85,1411,739,16401,230,9401,837,25802,California
Kings,2021-03-20,641,34306,254,10711,356,22153,31,1442,465,16730,174,9575,503,26305,California
Kings,2021-03-21,1420,35726,1088,11799,319,22472,13,1455,862,17047,558,10133,875,27180,California
Kings,2021-03-22,449,36175,200,11999,165,22637,84,1539,273,17234,174,10307,361,27541,California
Kings,2021-03-23,935,37110,508,12507,364,23001,63,1602,556,17481,377,10684,624,28165,California
Kings,2021-03-24,968,38078,489,12996,456,23457,23,1625,515,17570,451,11135,540,28705,California
Kings,2021-03-25,946,39024,468,13464,450,23907,28,1653,450,17554,494,11629,478,29183,California
Kings,2021-03-26,1304,40328,382,13846,837,24744,85,1738,521,17381,778,12407,605,29788,California
Kings,2021-03-27,646,40974,261,14107,373,25117,12,1750,160,17069,484,12891,172,29960,California
Kings,2021-03-28,671,41645,600,14707,64,25181,7,1757,409,17231,262,13153,424,30384,California
Kings,2021-03-29,469,42114,213,14920,195,25376,61,1818,260,17344,207,13360,320,30704,California
Kings,2021-03-30,866,42980,478,15398,350,25726,38,1856,429,17375,436,13796,467,31171,California
Kings,2021-03-31,780,43760,381,15779,326,26052,73,1929,423,17522,349,14145,496,31667,California
Kings,2021-04-01,814,44574,417,16196,308,26360,89,2018,359,17523,449,14594,450,32117,California
Kings,2021-04-02,1036,45610,451,16647,461,26821,124,2142,395,17406,635,15229,518,32635,California
Kings,2021-04-03,493,46103,347,16994,137,26958,9,2151,171,17271,316,15545,181,32816,California
Kings,2021-04-04,157,46260,84,17078,67,27025,6,2157,42,17205,114,15659,48,32864,California
Kings,2021-04-05,1060,47320,327,17405,481,27506,252,2409,241,16879,818,16477,492,33356,California
Kings,2021-04-06,1203,48523,451,17856,442,27948,310,2719,283,16554,917,17394,592,33948,California
Kings,2021-04-07,1371,49894,654,18510,531,28479,186,2905,359,16090,1009,18403,545,34493,California
Kings,2021-04-08,1632,51526,637,19147,741,29220,254,3159,378,15476,1247,19650,633,35126,California
Kings,2021-04-09,1163,52689,546,19693,438,29658,179,3338,235,14960,926,20576,410,35536,California
Kings,2021-04-10,597,53286,332,20025,162,29820,103,3441,174,14816,421,20997,277,35813,California
Kings,2021-04-11,357,53643,75,20100,275,30095,7,3448,198,14864,157,21154,205,36018,California
Kings,2021-04-12,705,54348,312,20412,190,30285,203,3651,196,14756,507,21661,399,36417,California
Kings,2021-04-13,915,55263,524,20936,391,30676,0,3651,291,14433,622,22283,299,36716,California
Kings,2021-04-14,1047,56310,580,21516,467,31143,0,3651,376,14139,671,22954,377,37093,California
Kings,2021-04-15,1061,57371,523,22039,537,31680,1,3652,452,13991,608,23562,460,37553,California
Kings,2021-04-16,774,58145,362,22401,412,32092,0,3652,259,13736,514,24076,259,37812,California
Kings,2021-04-17,465,58610,251,22652,214,32306,0,3652,190,13653,273,24349,190,38002,California
Kings,2021-04-18,562,59172,239,22891,323,32629,0,3652,39,13169,523,24872,39,38041,California
Kings,2021-04-19,531,59703,294,23185,237,32866,0,3652,285,13210,244,25116,285,38326,California
Kings,2021-04-20,744,60447,452,23637,292,33158,0,3652,237,12941,506,25622,237,38563,California
Kings,2021-04-21,646,61093,307,23944,339,33497,0,3652,222,12747,416,26038,222,38785,California
Kings,2021-04-22,559,61652,279,24223,280,33777,0,3652,205,12602,351,26389,206,38991,California
Kings,2021-04-23,674,62326,291,24514,383,34160,0,3652,330,12592,340,26729,330,39321,California
Kings,2021-04-24,248,62574,180,24694,67,34227,1,3653,120,12586,127,26856,121,39442,California
Kings,2021-04-25,201,62775,182,24876,19,34246,0,3653,164,12713,37,26893,164,39606,California
Kings,2021-04-26,315,63090,169,25045,143,34389,3,3656,198,12798,116,27009,201,39807,California
Kings,2021-04-27,422,63512,186,25231,217,34606,19,3675,180,12756,241,27250,199,40006,California
Kings,2021-04-28,513,64025,255,25486,238,34844,20,3695,267,12797,246,27496,287,40293,California
Kings,2021-04-29,288,64313,110,25596,166,35010,12,3707,133,12789,153,27649,145,40438,California
Kings,2021-04-30,367,64680,163,25759,187,35197,17,3724,152,12747,211,27860,169,40607,California
Kings,2021-05-01,226,64906,164,25923,52,35249,10,3734,71,12674,154,28014,81,40688,California
Kings,2021-05-02,169,65075,147,26070,22,35271,0,3734,127,12759,42,28056,127,40815,California
Kings,2021-05-03,473,65548,252,26322,208,35479,13,3747,120,12540,352,28408,133,40948,California
Kings,2021-05-04,519,66067,262,26584,237,35716,20,3767,159,12359,360,28768,179,41127,California
Kings,2021-05-05,551,66618,285,26869,246,35962,20,3787,136,12100,415,29183,156,41283,California
Kings,2021-05-06,548,67166,270,27139,255,36217,23,3810,122,11821,424,29607,145,41428,California
Kings,2021-05-07,366,67532,211,27350,139,36356,16,3826,147,11767,217,29824,163,41591,California
Kings,2021-05-08,233,67765,167,27517,54,36410,12,3838,74,11694,158,29982,85,41676,California
Kings,2021-05-09,190,67955,61,27578,129,36539,0,3838,40,11584,150,30132,40,41716,California
Kings,2021-05-10,339,68294,262,27840,67,36606,10,3848,115,11485,223,30355,124,41840,California
Kings,2021-05-11,383,68677,237,28077,116,36722,30,3878,119,11371,264,30619,150,41990,California
Kings,2021-05-12,397,69074,162,28239,221,36943,14,3892,170,11330,225,30844,184,42174,California
Kings,2021-05-13,388,69462,145,28384,235,37178,8,3900,155,11260,233,31077,163,42337,California
Kings,2021-05-14,467,69929,319,28703,117,37295,31,3931,242,11309,224,31301,273,42610,California
Kings,2021-05-15,352,70281,251,28954,83,37378,18,3949,194,11364,157,31458,212,42822,California
Kings,2021-05-16,247,70528,221,29175,25,37403,1,3950,76,11270,171,31629,77,42899,California
Kings,2021-05-17,400,70928,319,29494,64,37467,17,3967,212,11312,187,31816,229,43128,California
Kings,2021-05-18,391,71319,273,29767,105,37572,13,3980,223,11381,169,31985,238,43366,California
Kings,2021-05-19,578,71897,284,30051,270,37842,24,4004,232,11293,344,32329,256,43622,California
Kings,2021-05-20,445,72342,232,30283,186,38028,27,4031,265,11406,180,32509,293,43915,California
Kings,2021-05-21,496,72838,244,30527,242,38270,10,4041,246,11416,246,32755,256,44171,California
Kings,2021-05-22,305,73143,251,30778,42,38312,12,4053,224,11573,79,32834,236,44407,California
Kings,2021-05-23,231,73374,222,31000,9,38321,0,4053,107,11556,124,32958,107,44514,California
Kings,2021-05-24,248,73622,164,31164,70,38391,14,4067,119,11560,129,33087,133,44647,California
Kings,2021-05-25,406,74028,268,31432,105,38496,33,4100,240,11669,164,33251,273,44920,California
Kings,2021-05-26,303,74331,124,31556,162,38658,17,4117,129,11642,173,33424,146,45066,California
Kings,2021-05-27,321,74652,174,31730,129,38787,18,4135,172,11686,146,33570,190,45256,California
Kings,2021-05-28,288,74940,140,31870,131,38918,17,4152,140,11698,145,33715,157,45413,California
Kings,2021-05-29,174,75114,101,31971,62,38980,11,4163,92,11720,81,33796,103,45516,California
Kings,2021-05-30,130,75244,113,32084,15,38995,2,4165,70,11732,60,33856,72,45588,California
Kings,2021-05-31,42,75286,23,32107,16,39011,3,4168,15,11723,27,33883,18,45606,California
Kings,2021-06-01,316,75602,188,32295,112,39123,16,4184,121,11668,191,34074,136,45742,California
Kings,2021-06-02,273,75875,125,32420,140,39263,8,4192,85,11575,186,34260,93,45835,California
Kings,2021-06-03,227,76102,125,32545,91,39354,11,4203,88,11541,133,34393,99,45934,California
Kings,2021-06-04,422,76524,277,32822,132,39486,13,4216,153,11446,261,34654,166,46100,California
Kings,2021-06-05,249,76773,219,33041,25,39511,5,4221,63,11341,173,34827,68,46168,California
Kings,2021-06-06,159,76932,152,33193,3,39514,4,4225,81,11350,76,34903,85,46253,California
Kings,2021-06-07,293,77225,217,33410,59,39573,17,4242,93,11260,200,35103,110,46363,California
Kings,2021-06-08,309,77534,241,33651,50,39623,18,4260,88,11146,220,35323,106,46469,California
Kings,2021-06-09,155,77689,65,33716,86,39709,4,4264,65,11127,88,35411,69,46538,California
Lake,2020-12-17,4,4,4,4,0,0,0,0,4,4,0,0,4,4,California
Lake,2020-12-18,49,53,49,53,0,0,0,0,49,53,0,0,49,53,California
Lake,2020-12-19,3,56,3,56,0,0,0,0,3,56,0,0,3,56,California
Lake,2020-12-20,6,62,6,62,0,0,0,0,6,62,0,0,6,62,California
Lake,2020-12-21,87,149,87,149,0,0,0,0,87,149,0,0,87,149,California
Lake,2020-12-22,63,212,60,209,3,3,0,0,63,212,0,0,63,212,California
Lake,2020-12-23,124,336,115,324,9,12,0,0,124,336,0,0,124,336,California
Lake,2020-12-24,2,338,0,324,2,14,0,0,2,338,0,0,2,338,California
Lake,2020-12-26,2,340,2,326,0,14,0,0,2,340,0,0,2,340,California
Lake,2020-12-27,2,342,2,328,0,14,0,0,2,342,0,0,2,342,California
Lake,2020-12-28,52,394,43,371,9,23,0,0,52,394,0,0,52,394,California
Lake,2020-12-29,52,446,47,418,5,28,0,0,52,446,0,0,52,446,California
Lake,2020-12-30,132,578,124,542,8,36,0,0,132,578,0,0,132,578,California
Lake,2020-12-31,67,645,64,606,3,39,0,0,67,645,0,0,67,645,California
Lake,2021-01-01,1,646,0,606,1,40,0,0,1,646,0,0,1,646,California
Lake,2021-01-02,2,648,1,607,1,41,0,0,2,648,0,0,2,648,California
Lake,2021-01-04,90,738,21,628,69,110,0,0,90,738,0,0,90,738,California
Lake,2021-01-05,120,858,59,687,61,171,0,0,118,854,2,2,118,856,California
Lake,2021-01-06,104,962,65,752,39,210,0,0,102,954,2,4,102,958,California
Lake,2021-01-07,109,1071,85,837,24,234,0,0,100,1045,9,13,100,1058,California
Lake,2021-01-08,155,1226,126,963,29,263,0,0,104,1098,51,64,104,1162,California
Lake,2021-01-09,63,1289,61,1024,2,265,0,0,59,1153,4,68,59,1221,California
Lake,2021-01-10,3,1292,3,1027,0,265,0,0,0,1150,3,71,0,1221,California
Lake,2021-01-11,189,1481,149,1176,40,305,0,0,110,1181,79,150,110,1331,California
Lake,2021-01-12,82,1563,49,1225,33,338,0,0,58,1215,24,174,58,1389,California
Lake,2021-01-13,167,1730,114,1339,53,391,0,0,108,1264,59,233,108,1497,California
Lake,2021-01-14,147,1877,48,1387,99,490,0,0,125,1367,22,255,125,1622,California
Lake,2021-01-15,216,2093,92,1479,124,614,0,0,189,1529,27,282,189,1811,California
Lake,2021-01-16,133,2226,81,1560,52,666,0,0,131,1658,2,284,131,1942,California
Lake,2021-01-17,16,2242,6,1566,10,676,0,0,10,1662,6,290,10,1952,California
Lake,2021-01-18,247,2489,229,1795,18,694,0,0,124,1663,123,413,124,2076,California
Lake,2021-01-19,315,2804,120,1915,195,889,0,0,268,1885,47,460,269,2345,California
Lake,2021-01-20,424,3228,82,1997,342,1231,0,0,359,2180,64,524,359,2704,California
Lake,2021-01-21,435,3663,48,2045,387,1618,0,0,399,2543,36,560,399,3103,California
Lake,2021-01-22,319,3982,47,2092,272,1890,0,0,283,2790,36,596,283,3386,California
Lake,2021-01-23,124,4106,6,2098,118,2008,0,0,123,2912,1,597,123,3509,California
Lake,2021-01-24,5,4111,2,2100,3,2011,0,0,5,2917,0,597,5,3514,California
Lake,2021-01-25,258,4369,95,2195,163,2174,0,0,176,3011,82,679,176,3690,California
Lake,2021-01-26,430,4799,34,2229,396,2570,0,0,406,3393,24,703,406,4096,California
Lake,2021-01-27,362,5161,41,2270,321,2891,0,0,334,3700,28,731,335,4431,California
Lake,2021-01-28,494,5655,159,2429,335,3226,0,0,365,3936,129,860,365,4796,California
Lake,2021-01-29,651,6306,100,2529,551,3777,0,0,575,4435,76,936,575,5371,California
Lake,2021-01-30,553,6859,40,2569,513,4290,0,0,547,4976,6,942,547,5918,California
Lake,2021-01-31,14,6873,8,2577,6,4296,0,0,12,4986,2,944,12,5930,California
Lake,2021-02-01,176,7049,14,2591,162,4458,0,0,162,5134,14,958,162,6092,California
Lake,2021-02-02,562,7611,150,2741,412,4870,0,0,396,5364,166,1124,396,6488,California
Lake,2021-02-03,443,8054,32,2773,411,5281,0,0,338,5597,105,1229,338,6826,California
Lake,2021-02-04,122,8176,70,2843,52,5333,0,0,72,5619,50,1279,72,6898,California
Lake,2021-02-05,380,8556,70,2913,310,5643,0,0,288,5817,90,1369,288,7186,California
Lake,2021-02-06,276,8832,39,2952,237,5880,0,0,265,6071,11,1380,265,7451,California
Lake,2021-02-07,2,8834,1,2953,1,5881,0,0,2,6073,0,1380,2,7453,California
Lake,2021-02-08,277,9111,206,3159,71,5952,0,0,159,6114,118,1498,159,7612,California
Lake,2021-02-09,345,9456,24,3183,321,6273,0,0,301,6372,43,1541,301,7913,California
Lake,2021-02-10,348,9804,51,3234,297,6570,0,0,270,6564,78,1619,270,8183,California
Lake,2021-02-11,175,9979,18,3252,157,6727,0,0,58,6505,117,1736,58,8241,California
Lake,2021-02-12,373,10352,28,3280,345,7072,0,0,286,6705,86,1822,286,8527,California
Lake,2021-02-13,250,10602,8,3288,242,7314,0,0,239,6933,11,1833,239,8766,California
Lake,2021-02-14,17,10619,4,3292,13,7327,0,0,5,6926,12,1845,5,8771,California
Lake,2021-02-15,169,10788,11,3303,158,7485,0,0,8,6774,160,2005,8,8779,California
Lake,2021-02-16,425,11213,22,3325,403,7888,0,0,178,6705,247,2252,178,8957,California
Lake,2021-02-17,348,11561,53,3378,295,8183,0,0,69,6496,278,2530,69,9026,California
Lake,2021-02-18,459,12020,71,3449,388,8571,0,0,115,6267,344,2874,115,9141,California
Lake,2021-02-19,426,12446,26,3475,400,8971,0,0,93,6027,333,3207,93,9234,California
Lake,2021-02-20,289,12735,56,3531,233,9204,0,0,250,6239,38,3245,250,9484,California
Lake,2021-02-21,6,12741,6,3537,0,9204,0,0,0,6233,6,3251,0,9484,California
Lake,2021-02-22,135,12876,17,3554,118,9322,0,0,40,6178,95,3346,40,9524,California
Lake,2021-02-23,216,13092,16,3570,200,9522,0,0,30,6022,186,3532,30,9554,California
Lake,2021-02-24,1010,14102,430,4000,580,10102,0,0,470,5953,539,4071,470,10024,California
Lake,2021-02-25,733,14835,468,4468,265,10367,0,0,474,6171,256,4327,474,10498,California
Lake,2021-02-26,995,15830,303,4771,692,11059,0,0,350,5878,643,4970,350,10848,California
Lake,2021-02-27,409,16239,98,4869,311,11370,0,0,327,6123,82,5052,327,11175,California
Lake,2021-02-28,19,16258,10,4879,9,11379,0,0,12,6128,7,5059,12,11187,California
Lake,2021-03-01,596,16854,54,4933,542,11921,0,0,444,6420,152,5211,444,11631,California
Lake,2021-03-02,745,17599,17,4950,728,12649,0,0,289,6253,456,5667,289,11920,California
Lake,2021-03-03,368,17967,194,5144,174,12823,0,0,146,6177,222,5889,146,12066,California
Lake,2021-03-04,577,18544,506,5650,71,12894,0,0,560,6720,17,5906,560,12626,California
Lake,2021-03-05,1051,19595,52,5702,999,13893,0,0,186,6045,861,6767,186,12812,California
Lake,2021-03-06,35,19630,9,5711,25,13918,1,1,22,6055,13,6780,23,12835,California
Lake,2021-03-07,6,19636,4,5715,2,13920,0,1,4,6057,2,6782,4,12839,California
Lake,2021-03-08,340,19976,267,5982,64,13984,9,10,300,6326,40,6822,309,13148,California
Lake,2021-03-09,930,20906,43,6025,870,14854,17,27,407,6228,522,7344,424,13572,California
Lake,2021-03-10,205,21111,59,6084,133,14987,13,40,137,6311,68,7412,151,13723,California
Lake,2021-03-11,588,21699,49,6133,62,15049,477,517,47,6294,541,7953,524,14247,California
Lake,2021-03-12,854,22553,203,6336,625,15674,26,543,362,6191,491,8444,388,14635,California
Lake,2021-03-13,278,22831,20,6356,22,15696,236,779,17,6183,260,8704,252,14887,California
Lake,2021-03-14,11,22842,2,6358,9,15705,0,779,7,6186,4,8708,7,14894,California
Lake,2021-03-15,641,23483,11,6369,613,16318,17,796,481,6524,160,8868,498,15392,California
Lake,2021-03-16,1120,24603,839,7208,264,16582,17,813,400,6224,716,9584,416,15808,California
Lake,2021-03-17,244,24847,120,7328,102,16684,22,835,89,6180,155,9739,111,15919,California
Lake,2021-03-18,747,25594,375,7703,336,17020,36,871,369,6208,376,10115,404,16323,California
Lake,2021-03-19,583,26177,315,8018,248,17268,20,891,478,6602,104,10219,498,16821,California
Lake,2021-03-20,249,26426,8,8026,238,17506,3,894,31,6420,216,10435,34,16855,California
Lake,2021-03-21,16,26442,11,8037,4,17510,1,895,11,6427,5,10440,12,16867,California
Lake,2021-03-22,338,26780,256,8293,67,17577,15,910,250,6604,88,10528,265,17132,California
Lake,2021-03-23,435,27215,23,8316,399,17976,13,923,369,6921,65,10593,382,17514,California
Lake,2021-03-24,422,27637,60,8376,354,18330,8,931,327,7163,94,10687,336,17850,California
Lake,2021-03-25,672,28309,480,8856,186,18516,6,937,174,6844,498,11185,179,18029,California
Lake,2021-03-26,68,28377,32,8888,35,18551,1,938,31,6839,37,11222,32,18061,California
Lake,2021-03-27,307,28684,7,8895,297,18848,3,941,16,6569,289,11511,19,18080,California
Lake,2021-03-28,16,28700,7,8902,9,18857,0,941,8,6569,8,11519,8,18088,California
Lake,2021-03-29,989,29689,287,9189,700,19557,2,943,205,5994,782,12301,207,18295,California
Lake,2021-03-30,469,30158,318,9507,149,19706,2,945,370,6268,98,12399,372,18667,California
Lake,2021-03-31,618,30776,60,9567,558,20264,0,945,434,6527,175,12574,434,19101,California
Lake,2021-04-01,449,31225,235,9802,202,20466,12,957,189,6472,256,12830,201,19302,California
Lake,2021-04-02,220,31445,38,9840,154,20620,28,985,94,6468,126,12956,122,19424,California
Lake,2021-04-03,32,31477,5,9845,24,20644,3,988,12,6463,20,12976,15,19439,California
Lake,2021-04-04,19,31496,11,9856,7,20651,1,989,15,6475,4,12980,16,19455,California
Lake,2021-04-05,646,32142,71,9927,556,21207,19,1008,406,6662,237,13217,424,19879,California
Lake,2021-04-06,481,32623,18,9945,437,21644,26,1034,308,6824,172,13389,334,20213,California
Lake,2021-04-07,523,33146,57,10002,415,22059,51,1085,352,7058,169,13558,403,20616,California
Lake,2021-04-08,606,33752,494,10496,46,22105,66,1151,103,6727,500,14058,169,20785,California
Lake,2021-04-09,279,34031,38,10534,173,22278,68,1219,47,6612,229,14287,114,20899,California
Lake,2021-04-10,253,34284,13,10547,13,22291,227,1446,8,6602,245,14532,235,21134,California
Lake,2021-04-11,22,34306,17,10564,3,22294,2,1448,7,6596,15,14547,9,21143,California
Lake,2021-04-12,1079,35385,233,10797,813,23107,33,1481,244,6043,834,15381,281,21424,California
Lake,2021-04-13,180,35565,110,10907,70,23177,0,1481,52,5967,128,15509,52,21476,California
Lake,2021-04-14,611,36176,35,10942,576,23753,0,1481,548,6452,63,15572,548,22024,California
Lake,2021-04-15,640,36816,192,11134,448,24201,0,1481,329,6474,311,15883,333,22357,California
Lake,2021-04-16,266,37082,28,11162,237,24438,1,1482,73,6355,192,16075,73,22430,California
Lake,2021-04-17,43,37125,11,11173,32,24470,0,1482,32,6376,11,16086,32,22462,California
Lake,2021-04-18,7,37132,4,11177,3,24473,0,1482,0,6369,7,16093,0,22462,California
Lake,2021-04-19,299,37431,40,11217,259,24732,0,1482,248,6566,51,16144,248,22710,California
Lake,2021-04-20,698,38129,280,11497,418,25150,0,1482,92,6054,605,16749,93,22803,California
Lake,2021-04-21,531,38660,62,11559,469,25619,0,1482,197,5917,334,17083,197,23000,California
Lake,2021-04-22,466,39126,48,11607,418,26037,0,1482,320,6092,145,17228,320,23320,California
Lake,2021-04-23,114,39240,56,11663,58,26095,0,1482,68,6115,45,17273,68,23388,California
Lake,2021-04-24,54,39294,9,11672,45,26140,0,1482,40,6141,14,17287,40,23428,California
Lake,2021-04-25,36,39330,19,11691,17,26157,0,1482,24,6153,12,17299,24,23452,California
Lake,2021-04-26,293,39623,82,11773,210,26367,1,1483,88,6037,205,17504,89,23541,California
Lake,2021-04-27,248,39871,22,11795,208,26575,18,1501,84,5975,164,17668,102,23643,California
Lake,2021-04-28,511,40382,49,11844,447,27022,15,1516,90,5660,419,18087,104,23747,California
Lake,2021-04-29,212,40594,83,11927,113,27135,16,1532,113,5689,99,18186,128,23875,California
Lake,2021-04-30,286,40880,43,11970,212,27347,31,1563,148,5730,138,18324,179,24054,California
Lake,2021-05-01,50,40930,28,11998,20,27367,2,1565,35,5753,14,18338,37,24091,California
Lake,2021-05-02,18,40948,9,12007,8,27375,1,1566,9,5754,9,18347,10,24101,California
Lake,2021-05-03,415,41363,28,12035,352,27727,35,1601,65,5505,349,18696,100,24201,California
Lake,2021-05-04,403,41766,216,12251,139,27866,48,1649,123,5397,279,18975,171,24372,California
Lake,2021-05-05,629,42395,44,12295,573,28439,12,1661,86,4954,540,19515,97,24469,California
Lake,2021-05-06,142,42537,19,12314,94,28533,29,1690,73,4986,69,19584,101,24570,California
Lake,2021-05-07,165,42702,29,12343,116,28649,20,1710,103,5049,60,19644,123,24693,California
Lake,2021-05-08,42,42744,6,12349,36,28685,0,1710,35,5077,7,19651,35,24728,California
Lake,2021-05-09,17,42761,2,12351,10,28695,5,1715,10,5085,7,19658,15,24743,California
Lake,2021-05-10,245,43006,11,12362,207,28902,27,1742,58,4984,186,19844,85,24828,California
Lake,2021-05-11,193,43199,25,12387,151,29053,17,1759,115,5039,78,19922,133,24961,California
Lake,2021-05-12,542,43741,33,12420,489,29542,20,1779,55,4626,487,20409,74,25035,California
Lake,2021-05-13,313,44054,66,12486,233,29775,14,1793,73,4475,238,20647,87,25122,California
Lake,2021-05-14,263,44317,79,12565,165,29940,19,1812,160,4552,101,20748,178,25300,California
Lake,2021-05-15,45,44362,19,12584,23,29963,3,1815,28,4566,17,20765,31,25331,California
Lake,2021-05-16,32,44394,18,12602,13,29976,1,1816,17,4569,15,20780,18,25349,California
Lake,2021-05-17,314,44708,42,12644,257,30233,15,1831,83,4439,228,21008,98,25447,California
Lake,2021-05-18,301,45009,65,12709,217,30450,19,1850,174,4506,126,21134,193,25640,California
Lake,2021-05-19,311,45320,57,12766,239,30689,15,1865,87,4385,223,21357,102,25742,California
Lake,2021-05-20,236,45556,61,12827,164,30853,11,1876,94,4348,142,21499,105,25847,California
Lake,2021-05-21,269,45825,51,12878,195,31048,23,1899,108,4320,159,21658,131,25978,California
Lake,2021-05-22,84,45909,49,12927,32,31080,3,1902,41,4321,43,21701,44,26022,California
Lake,2021-05-23,56,45965,27,12954,28,31108,1,1903,28,4322,28,21729,29,26051,California
Lake,2021-05-24,155,46120,35,12989,106,31214,14,1917,70,4321,85,21814,84,26135,California
Lake,2021-05-25,204,46324,55,13044,137,31351,12,1929,73,4276,130,21944,85,26220,California
Lake,2021-05-26,149,46473,44,13088,94,31445,11,1940,54,4248,93,22037,65,26285,California
Lake,2021-05-27,173,46646,47,13135,112,31557,14,1954,60,4210,112,22149,74,26359,California
Lake,2021-05-28,221,46867,19,13154,164,31721,38,1992,49,4127,169,22318,86,26445,California
Lake,2021-05-29,37,46904,10,13164,21,31742,6,1998,14,4124,23,22341,20,26465,California
Lake,2021-05-30,22,46926,6,13170,14,31756,2,2000,12,4128,10,22351,14,26479,California
Lake,2021-05-31,63,46989,21,13191,40,31796,2,2002,54,4175,9,22360,56,26535,California
Lake,2021-06-01,196,47185,37,13228,150,31946,9,2011,69,4127,126,22486,78,26613,California
Lake,2021-06-02,133,47318,46,13274,75,32021,12,2023,55,4116,78,22564,67,26680,California
Lake,2021-06-03,180,47498,54,13328,107,32128,19,2042,80,4115,100,22664,99,26779,California
Lake,2021-06-04,179,47677,52,13380,114,32242,13,2055,45,4041,132,22796,58,26837,California
Lake,2021-06-05,93,47770,58,13438,28,32270,7,2062,54,4063,39,22835,61,26898,California
Lake,2021-06-06,67,47837,37,13475,30,32300,0,2062,23,4042,44,22879,23,26921,California
Lake,2021-06-07,90,47927,30,13505,51,32351,9,2071,31,4024,58,22937,40,26961,California
Lake,2021-06-08,141,48068,42,13547,91,32442,8,2079,60,4011,81,23018,68,27029,California
Lake,2021-06-09,123,48191,9,13556,114,32556,0,2079,19,3927,103,23121,19,27048,California
Lassen,2020-12-16,7,7,7,7,0,0,0,0,7,7,0,0,7,7,California
Lassen,2020-12-17,2,9,2,9,0,0,0,0,2,9,0,0,2,9,California
Lassen,2020-12-18,1,10,1,10,0,0,0,0,1,10,0,0,1,10,California
Lassen,2020-12-19,5,15,5,15,0,0,0,0,5,15,0,0,5,15,California
Lassen,2020-12-20,2,17,2,17,0,0,0,0,2,17,0,0,2,17,California
Lassen,2020-12-21,11,28,11,28,0,0,0,0,11,28,0,0,11,28,California
Lassen,2020-12-22,21,49,21,49,0,0,0,0,21,49,0,0,21,49,California
Lassen,2020-12-23,5,54,5,54,0,0,0,0,5,54,0,0,5,54,California
Lassen,2020-12-24,8,62,8,62,0,0,0,0,8,62,0,0,8,62,California
Lassen,2020-12-28,3,65,2,64,1,1,0,0,3,65,0,0,3,65,California
Lassen,2020-12-29,35,100,35,99,0,1,0,0,35,100,0,0,35,100,California
Lassen,2020-12-30,31,131,30,129,1,2,0,0,31,131,0,0,31,131,California
Lassen,2020-12-31,49,180,42,171,7,9,0,0,49,180,0,0,49,180,California
Lassen,2021-01-02,1,181,0,171,1,10,0,0,1,181,0,0,1,181,California
Lassen,2021-01-04,14,195,2,173,12,22,0,0,14,195,0,0,14,195,California
Lassen,2021-01-05,192,387,52,225,140,162,0,0,192,387,0,0,192,387,California
Lassen,2021-01-06,94,481,43,268,51,213,0,0,86,466,8,8,87,474,California
Lassen,2021-01-07,39,520,3,271,36,249,0,0,37,501,2,10,37,511,California
Lassen,2021-01-08,49,569,2,273,47,296,0,0,49,550,0,10,49,560,California
Lassen,2021-01-09,12,581,6,279,6,302,0,0,12,562,0,10,12,572,California
Lassen,2021-01-11,27,608,5,284,22,324,0,0,27,589,0,10,27,599,California
Lassen,2021-01-12,47,655,27,311,20,344,0,0,29,600,18,28,29,628,California
Lassen,2021-01-13,159,814,16,327,143,487,0,0,146,733,13,41,146,774,California
Lassen,2021-01-14,158,972,16,343,142,629,0,0,148,871,10,51,148,922,California
Lassen,2021-01-15,22,994,3,346,19,648,0,0,22,893,0,51,22,944,California
Lassen,2021-01-16,34,1028,33,379,1,649,0,0,34,927,0,51,34,978,California
Lassen,2021-01-17,1,1029,0,379,1,650,0,0,1,928,0,51,1,979,California
Lassen,2021-01-18,4,1033,2,381,2,652,0,0,3,930,1,52,3,982,California
Lassen,2021-01-19,183,1216,35,416,148,800,0,0,155,1057,28,80,155,1137,California
Lassen,2021-01-20,169,1385,94,510,75,875,0,0,91,1085,63,143,91,1228,California
Lassen,2021-01-21,139,1524,89,599,50,925,0,0,115,1182,18,161,115,1343,California
Lassen,2021-01-22,30,1554,17,616,13,938,0,0,20,1192,10,171,20,1363,California
Lassen,2021-01-23,2,1556,0,616,2,940,0,0,2,1194,0,171,2,1365,California
Lassen,2021-01-24,1,1557,0,616,1,941,0,0,1,1195,0,171,1,1366,California
Lassen,2021-01-25,12,1569,1,617,11,952,0,0,11,1205,1,172,11,1377,California
Lassen,2021-01-26,119,1688,6,623,113,1065,0,0,116,1318,3,175,116,1493,California
Lassen,2021-01-27,72,1760,24,647,48,1113,0,0,55,1356,17,192,55,1548,California
Lassen,2021-01-28,83,1843,14,661,69,1182,0,0,82,1437,1,193,82,1630,California
Lassen,2021-01-29,17,1860,4,665,13,1195,0,0,16,1452,1,194,16,1646,California
Lassen,2021-02-01,51,1911,2,667,49,1244,0,0,27,1455,24,218,27,1673,California
Lassen,2021-02-02,169,2080,8,675,161,1405,0,0,37,1360,132,350,37,1710,California
Lassen,2021-02-03,91,2171,18,693,73,1478,0,0,47,1363,44,394,47,1757,California
Lassen,2021-02-04,107,2278,13,706,94,1572,0,0,58,1372,49,443,58,1815,California
Lassen,2021-02-05,57,2335,8,714,49,1621,0,0,19,1353,38,481,19,1834,California
Lassen,2021-02-06,69,2404,34,748,35,1656,0,0,36,1357,32,513,36,1870,California
Lassen,2021-02-08,41,2445,4,752,37,1693,0,0,15,1346,26,539,15,1885,California
Lassen,2021-02-09,124,2569,5,757,119,1812,0,0,46,1314,78,617,46,1931,California
Lassen,2021-02-10,166,2735,17,774,149,1961,0,0,60,1268,106,723,60,1991,California
Lassen,2021-02-11,160,2895,11,785,149,2110,0,0,62,1233,97,820,62,2053,California
Lassen,2021-02-12,33,2928,10,795,23,2133,0,0,14,1228,19,839,14,2067,California
Lassen,2021-02-13,10,2938,2,797,8,2141,0,0,8,1234,2,841,8,2075,California
Lassen,2021-02-14,13,2951,0,797,13,2154,0,0,12,1245,1,842,12,2087,California
Lassen,2021-02-15,21,2972,2,799,19,2173,0,0,17,1259,3,845,17,2104,California
Lassen,2021-02-16,185,3157,3,802,182,2355,0,0,25,1126,158,1003,25,2129,California
Lassen,2021-02-17,157,3314,82,884,75,2430,0,0,7,983,150,1153,7,2136,California
Lassen,2021-02-18,72,3386,18,902,54,2484,0,0,17,945,55,1208,17,2153,California
Lassen,2021-02-19,72,3458,53,955,19,2503,0,0,13,899,59,1267,13,2166,California
Lassen,2021-02-20,8,3466,0,955,8,2511,0,0,6,903,2,1269,6,2172,California
Lassen,2021-02-21,22,3488,2,957,20,2531,0,0,18,917,4,1273,18,2190,California
Lassen,2021-02-22,23,3511,10,967,13,2544,0,0,5,904,18,1291,5,2195,California
Lassen,2021-02-23,151,3662,7,974,144,2688,0,0,43,839,108,1399,43,2238,California
Lassen,2021-02-24,148,3810,14,988,134,2822,0,0,94,880,53,1452,94,2332,California
Lassen,2021-02-25,144,3954,16,1004,128,2950,0,0,90,916,54,1506,90,2422,California
Lassen,2021-02-26,68,4022,16,1020,52,3002,0,0,34,916,34,1540,34,2456,California
Lassen,2021-02-27,8,4030,7,1027,1,3003,0,0,3,914,5,1545,3,2459,California
Lassen,2021-02-28,4,4034,0,1027,4,3007,0,0,2,914,2,1547,2,2461,California
Lassen,2021-03-01,32,4066,3,1030,29,3036,0,0,6,895,25,1572,6,2467,California
Lassen,2021-03-02,99,4165,6,1036,93,3129,0,0,78,953,20,1592,78,2545,California
Lassen,2021-03-03,144,4309,9,1045,135,3264,0,0,91,991,53,1645,91,2636,California
Lassen,2021-03-04,145,4454,16,1061,129,3393,0,0,95,1037,49,1694,95,2731,California
Lassen,2021-03-05,47,4501,7,1068,16,3409,24,24,11,1036,36,1730,35,2766,California
Lassen,2021-03-06,54,4555,3,1071,29,3438,22,46,5,1014,49,1779,27,2793,California
Lassen,2021-03-07,56,4611,1,1072,0,3438,55,101,1,1015,55,1834,56,2849,California
Lassen,2021-03-08,86,4697,2,1074,6,3444,78,179,3,1013,83,1917,81,2930,California
Lassen,2021-03-09,131,4828,7,1081,107,3551,17,196,84,1067,47,1964,101,3031,California
Lassen,2021-03-10,141,4969,8,1089,132,3683,1,197,75,1078,65,2029,76,3107,California
Lassen,2021-03-11,170,5139,10,1099,153,3836,7,204,100,1118,67,2096,107,3214,California
Lassen,2021-03-12,26,5165,11,1110,12,3848,3,207,11,1117,15,2111,14,3228,California
Lassen,2021-03-13,48,5213,0,1110,2,3850,46,253,1,1116,47,2158,46,3274,California
Lassen,2021-03-14,13,5226,1,1111,11,3861,1,254,1,1106,12,2170,2,3276,California
Lassen,2021-03-15,32,5258,3,1114,29,3890,0,254,14,1102,18,2188,14,3290,California
Lassen,2021-03-16,89,5347,2,1116,82,3972,5,259,72,1162,17,2205,77,3367,California
Lassen,2021-03-17,1085,6432,9,1125,1071,5043,5,264,1066,2214,19,2224,1071,4438,California
Lassen,2021-03-18,88,6520,8,1133,79,5122,1,265,77,2281,11,2235,78,4516,California
Lassen,2021-03-19,14,6534,9,1142,2,5124,3,268,5,2280,9,2244,8,4524,California
Lassen,2021-03-20,17,6551,3,1145,12,5136,2,270,11,2287,6,2250,13,4537,California
Lassen,2021-03-21,33,6584,0,1145,33,5169,0,270,13,2281,19,2269,13,4550,California
Lassen,2021-03-22,49,6633,1,1146,48,5217,0,270,46,2324,3,2272,46,4596,California
Lassen,2021-03-23,116,6749,9,1155,106,5323,1,271,63,2335,53,2325,64,4660,California
Lassen,2021-03-24,188,6937,8,1163,179,5502,1,272,98,2346,88,2413,99,4759,California
Lassen,2021-03-25,147,7084,18,1181,129,5631,0,272,67,2333,80,2493,67,4826,California
Lassen,2021-03-26,73,7157,9,1190,26,5657,38,310,15,2328,57,2550,52,4878,California
Lassen,2021-03-27,19,7176,3,1193,1,5658,15,325,2,2328,17,2567,17,4895,California
Lassen,2021-03-28,13,7189,2,1195,2,5660,9,334,1,2326,12,2579,10,4905,California
Lassen,2021-03-29,51,7240,0,1195,26,5686,25,359,20,2341,30,2609,45,4950,California
Lassen,2021-03-30,178,7418,6,1201,147,5833,25,384,51,2290,127,2736,76,5026,California
Lassen,2021-03-31,143,7561,10,1211,111,5944,22,406,59,2288,83,2819,81,5107,California
Lassen,2021-04-01,153,7714,9,1220,124,6068,20,426,44,2244,108,2927,64,5171,California
Lassen,2021-04-02,27,7741,3,1223,2,6070,22,448,1,2241,26,2953,23,5194,California
Lassen,2021-04-03,12,7753,0,1223,2,6072,10,458,0,2239,12,2965,10,5204,California
Lassen,2021-04-04,6,7759,1,1224,0,6072,5,463,1,2240,5,2970,6,5210,California
Lassen,2021-04-05,21,7780,3,1227,11,6083,7,470,10,2246,11,2981,17,5227,California
Lassen,2021-04-06,175,7955,8,1235,137,6220,30,500,51,2203,124,3105,81,5308,California
Lassen,2021-04-07,126,8081,5,1240,87,6307,34,534,32,2177,94,3199,68,5376,California
Lassen,2021-04-08,158,8239,8,1248,98,6405,52,586,28,2131,126,3325,80,5456,California
Lassen,2021-04-09,49,8288,6,1254,9,6414,34,620,8,2132,40,3365,41,5497,California
Lassen,2021-04-10,9,8297,0,1254,2,6416,7,627,0,2131,8,3373,7,5504,California
Lassen,2021-04-11,5,8302,2,1256,0,6416,3,630,2,2133,3,3376,5,5509,California
Lassen,2021-04-12,30,8332,4,1260,13,6429,13,643,4,2124,26,3402,17,5526,California
Lassen,2021-04-13,122,8454,5,1265,117,6546,0,643,33,2069,88,3490,33,5559,California
Lassen,2021-04-14,983,9437,11,1276,972,7518,0,643,48,1183,934,4424,48,5607,California
Lassen,2021-04-15,137,9574,12,1288,125,7643,0,643,14,1074,123,4547,14,5621,California
Lassen,2021-04-16,10,9584,2,1290,8,7651,0,643,6,1076,4,4551,6,5627,California
Lassen,2021-04-17,11,9595,2,1292,9,7660,0,643,3,1071,8,4559,3,5630,California
Lassen,2021-04-18,4,9599,1,1293,3,7663,0,643,1,1069,3,4562,1,5631,California
Lassen,2021-04-19,30,9629,0,1293,30,7693,0,643,14,1067,16,4578,14,5645,California
Lassen,2021-04-20,132,9761,6,1299,126,7819,0,643,48,1031,84,4662,48,5693,California
Lassen,2021-04-21,153,9914,7,1306,146,7965,0,643,32,944,119,4781,32,5725,California
Lassen,2021-04-22,98,10012,14,1320,84,8049,0,643,31,908,67,4848,31,5756,California
Lassen,2021-04-23,22,10034,0,1320,22,8071,0,643,18,922,4,4852,18,5774,California
Lassen,2021-04-24,9,10043,5,1325,4,8075,0,643,3,919,6,4858,3,5777,California
Lassen,2021-04-25,5,10048,0,1325,4,8079,1,644,3,921,2,4860,4,5781,California
Lassen,2021-04-26,40,10088,1,1326,35,8114,4,648,8,901,32,4892,12,5793,California
Lassen,2021-04-27,115,10203,7,1333,105,8219,3,651,61,911,54,4946,64,5857,California
Lassen,2021-04-28,82,10285,6,1339,74,8293,2,653,30,891,52,4998,32,5889,California
Lassen,2021-04-29,61,10346,6,1345,52,8345,3,656,21,876,39,5037,24,5913,California
Lassen,2021-04-30,12,10358,7,1352,2,8347,3,659,3,873,9,5046,6,5919,California
Lassen,2021-05-01,4,10362,0,1352,3,8350,1,660,3,876,1,5047,4,5923,California
Lassen,2021-05-02,10,10372,6,1358,4,8354,0,660,6,878,4,5051,6,5929,California
Lassen,2021-05-03,19,10391,2,1360,10,8364,7,667,3,872,16,5067,10,5939,California
Lassen,2021-05-04,69,10460,4,1364,58,8422,7,674,19,848,50,5117,26,5965,California
Lassen,2021-05-05,80,10540,4,1368,66,8488,10,684,26,831,53,5170,36,6001,California
Lassen,2021-05-06,73,10613,20,1388,32,8520,21,705,19,817,54,5224,40,6041,California
Lassen,2021-05-07,49,10662,33,1421,11,8531,5,710,41,855,8,5232,46,6087,California
Lassen,2021-05-08,11,10673,0,1421,5,8536,6,716,4,858,7,5239,10,6097,California
Lassen,2021-05-09,2,10675,0,1421,0,8536,2,718,0,858,2,5241,2,6099,California
Lassen,2021-05-10,11,10686,1,1422,7,8543,3,721,5,860,6,5247,8,6107,California
Lassen,2021-05-11,60,10746,0,1422,52,8595,8,729,18,844,42,5289,26,6133,California
Lassen,2021-05-12,43,10789,4,1426,32,8627,7,736,13,834,30,5319,20,6153,California
Lassen,2021-05-13,29,10818,9,1435,15,8642,5,741,9,828,20,5339,14,6167,California
Lassen,2021-05-14,22,10840,4,1439,10,8652,8,749,12,838,10,5349,20,6187,California
Lassen,2021-05-15,16,10856,2,1441,4,8656,10,759,4,840,12,5361,14,6201,California
Lassen,2021-05-16,7,10863,2,1443,3,8659,2,761,2,840,4,5365,4,6205,California
Lassen,2021-05-17,35,10898,4,1447,19,8678,12,773,11,839,24,5389,23,6228,California
Lassen,2021-05-18,89,10987,10,1457,67,8745,12,785,27,816,62,5451,39,6267,California
Lassen,2021-05-19,58,11045,3,1460,44,8789,11,796,8,785,49,5500,18,6285,California
Lassen,2021-05-20,34,11079,9,1469,16,8805,9,805,13,786,21,5521,22,6307,California
Lassen,2021-05-21,62,11141,28,1497,20,8825,14,819,33,804,29,5550,47,6354,California
Lassen,2021-05-22,17,11158,2,1499,7,8832,8,827,7,809,10,5560,15,6369,California
Lassen,2021-05-23,5,11163,3,1502,1,8833,1,828,0,805,5,5565,1,6370,California
Lassen,2021-05-24,12,11175,1,1503,9,8842,2,830,6,808,5,5570,8,6378,California
Lassen,2021-05-25,93,11268,6,1509,78,8920,9,839,32,788,61,5631,41,6419,California
Lassen,2021-05-26,59,11327,0,1509,43,8963,16,855,11,767,48,5679,27,6446,California
Lassen,2021-05-27,42,11369,18,1527,18,8981,6,861,13,758,28,5707,19,6465,California
Lassen,2021-05-28,71,11440,45,1572,18,8999,8,869,29,753,42,5749,37,6502,California
Lassen,2021-05-29,15,11455,1,1573,12,9011,2,871,9,758,6,5755,11,6513,California
Lassen,2021-05-30,2,11457,0,1573,1,9012,1,872,1,759,1,5756,2,6515,California
Lassen,2021-05-31,7,11464,0,1573,6,9018,1,873,1,755,6,5762,2,6517,California
Lassen,2021-06-01,43,11507,1,1574,36,9054,6,879,16,750,27,5789,22,6539,California
Lassen,2021-06-02,54,11561,2,1576,37,9091,15,894,13,738,40,5829,28,6567,California
Lassen,2021-06-03,20,11581,3,1579,8,9099,9,903,7,741,13,5842,16,6583,California
Lassen,2021-06-04,39,11620,3,1582,26,9125,10,913,15,742,24,5866,25,6608,California
Lassen,2021-06-05,13,11633,3,1585,7,9132,3,916,4,740,9,5875,7,6615,California
Lassen,2021-06-06,6,11639,1,1586,2,9134,3,919,2,741,4,5879,5,6620,California
Lassen,2021-06-07,16,11655,0,1586,7,9141,9,928,2,738,14,5893,11,6631,California
Lassen,2021-06-08,37,11692,6,1592,28,9169,3,931,12,728,25,5918,15,6646,California
Lassen,2021-06-09,10,11702,1,1593,7,9176,2,933,4,729,5,5923,6,6652,California
Los Angeles,2020-12-15,397,397,397,397,0,0,0,0,397,397,0,0,397,397,California
Los Angeles,2020-12-16,3582,3979,3582,3979,0,0,0,0,3582,3979,0,0,3582,3979,California
Los Angeles,2020-12-17,10312,14291,10312,14291,0,0,0,0,10313,14292,0,0,10313,14292,California
Los Angeles,2020-12-18,14574,28865,14551,28842,23,23,0,0,14574,28866,0,0,14574,28866,California
Los Angeles,2020-12-19,7238,36103,7229,36071,9,32,0,0,7240,36106,0,0,7240,36106,California
Los Angeles,2020-12-20,4613,40716,4605,40676,8,40,0,0,4615,40721,0,0,4615,40721,California
Los Angeles,2020-12-21,13733,54449,13716,54392,17,57,0,0,13733,54453,1,1,13733,54454,California
Los Angeles,2020-12-22,11561,66010,11168,65560,393,450,0,0,11561,66012,2,3,11561,66015,California
Los Angeles,2020-12-23,11981,77991,10208,75768,1773,2223,0,0,11981,77993,0,3,11981,77996,California
Los Angeles,2020-12-24,7051,85042,4274,80042,2777,5000,0,0,7054,85047,0,3,7054,85050,California
Los Angeles,2020-12-25,529,85571,422,80464,107,5107,0,0,529,85576,0,3,529,85579,California
Los Angeles,2020-12-26,2536,88107,2190,82654,346,5453,0,0,2535,88109,2,5,2535,88114,California
Los Angeles,2020-12-27,1773,89880,1036,83690,737,6190,0,0,1773,89882,0,5,1773,89887,California
Los Angeles,2020-12-28,10352,100232,6415,90105,3937,10127,0,0,10349,100230,1,6,10349,100236,California
Los Angeles,2020-12-29,11672,111904,6125,96230,5547,15674,0,0,11673,111903,0,6,11673,111909,California
Los Angeles,2020-12-30,14929,126833,8123,104353,6806,22480,0,0,14928,126831,0,6,14928,126837,California
Los Angeles,2020-12-31,7984,134817,2773,107126,5211,27691,0,0,7981,134810,2,8,7981,134818,California
Los Angeles,2021-01-01,1062,135879,305,107431,757,28448,0,0,1062,135872,0,8,1062,135880,California
Los Angeles,2021-01-02,4505,140384,1683,109114,2822,31270,0,0,4505,140377,0,8,4505,140385,California
Los Angeles,2021-01-03,961,141345,225,109339,736,32006,0,0,959,141334,2,10,959,141344,California
Los Angeles,2021-01-04,12731,154076,4895,114234,7836,39842,0,0,12717,154049,2,12,12717,154061,California
Los Angeles,2021-01-05,16110,170186,7116,121350,8994,48836,0,0,14194,166362,1887,1899,14200,168261,California
Los Angeles,2021-01-06,22753,192939,12120,133470,10633,59469,0,0,17097,177883,5587,7486,17108,185369,California
Los Angeles,2021-01-07,29448,222387,15843,149313,13605,73074,0,0,18873,186245,10527,18013,18889,204258,California
Los Angeles,2021-01-08,33230,255617,17959,167272,15271,88345,0,0,20943,194939,12260,30273,20954,225212,California
Los Angeles,2021-01-09,12418,268035,7104,174376,5314,93659,0,0,7531,197593,4884,35157,7538,232750,California
Los Angeles,2021-01-10,4704,272739,3648,178024,1056,94715,0,0,1966,196822,2738,37895,1967,234717,California
Los Angeles,2021-01-11,25900,298639,16298,194322,9602,104317,0,0,14931,200805,10958,48853,14941,249658,California
Los Angeles,2021-01-12,29417,328056,16233,210555,13184,117501,0,0,19258,209934,10142,58995,19271,268929,California
Los Angeles,2021-01-13,29361,357417,15669,226224,13692,131193,0,0,20371,221342,8972,67967,20380,289309,California
Los Angeles,2021-01-14,29338,386755,12720,238944,16618,147811,0,0,23792,239622,5526,73493,23806,313115,California
Los Angeles,2021-01-15,33900,420655,12376,251320,21524,169335,0,0,30310,266378,3563,77056,30319,343434,California
Los Angeles,2021-01-16,17642,438297,4981,256301,12661,181996,0,0,15850,280450,1784,78840,15856,359290,California
Los Angeles,2021-01-17,5215,443512,2324,258625,2891,184887,0,0,4968,285174,246,79086,4970,364260,California
Los Angeles,2021-01-18,15687,459199,10134,268759,5553,190440,0,0,10944,291392,4731,83817,10949,375209,California
Los Angeles,2021-01-19,38728,497927,20654,289413,18074,208514,0,0,30904,314527,7783,91600,30918,406127,California
Los Angeles,2021-01-20,46504,544431,24221,313634,22283,230797,0,0,39003,346075,7469,99069,39017,445144,California
Los Angeles,2021-01-21,48990,593421,22430,336064,26560,257357,0,0,44687,386542,4237,103306,44704,489848,California
Los Angeles,2021-01-22,48364,641785,22411,358475,25953,283310,0,0,44915,428076,3402,106708,44936,534784,California
Los Angeles,2021-01-23,34230,676015,15767,374242,18463,301773,0,0,32157,458207,2041,108749,32172,566956,California
Los Angeles,2021-01-24,15758,691773,12230,386472,3528,305301,0,0,15207,472874,543,109292,15210,582166,California
Los Angeles,2021-01-25,39594,731367,16721,403193,22873,328174,0,0,30935,495197,8628,117920,30951,613117,California
Los Angeles,2021-01-26,49830,781197,24736,427929,25094,353268,0,0,41581,528590,8214,126134,41607,654724,California
Los Angeles,2021-01-27,51330,832527,26124,454053,25206,378474,0,0,41897,561228,9292,135426,41930,696654,California
Los Angeles,2021-01-28,49227,881754,23620,477673,25607,404081,0,0,40756,593661,8348,143774,40781,737435,California
Los Angeles,2021-01-29,49916,931670,25804,503477,24112,428193,0,0,39783,623692,9778,153552,39809,777244,California
Los Angeles,2021-01-30,30511,962181,15775,519252,14736,442929,0,0,26188,645648,4242,157794,26198,803442,California
Los Angeles,2021-01-31,13165,975346,10499,529751,2666,445595,0,0,12340,657181,811,158605,12344,815786,California
Los Angeles,2021-02-01,38858,1014204,16655,546406,22203,467798,0,0,28285,674941,10536,169141,28296,844082,California
Los Angeles,2021-02-02,44859,1059063,18099,564505,26760,494558,0,0,32643,695416,12174,181315,32649,876731,California
Los Angeles,2021-02-03,52385,1111448,19689,584194,32696,527254,0,0,37464,718208,14678,195993,37470,914201,California
Los Angeles,2021-02-04,57366,1168814,20810,605004,36556,563810,0,0,39263,739692,17793,213786,39277,953478,California
Los Angeles,2021-02-05,61637,1230451,21264,626268,40373,604183,0,0,39618,757726,21595,235381,39629,993107,California
Los Angeles,2021-02-06,35836,1266287,13572,639840,22264,626447,0,0,27357,776703,8402,243783,27379,1020486,California
Los Angeles,2021-02-07,11066,1277353,8628,648468,2438,628885,0,0,8670,783000,2380,246163,8677,1029163,California
Los Angeles,2021-02-08,47395,1324748,22071,670539,25324,654209,0,0,31118,797978,16142,262305,31120,1060283,California
Los Angeles,2021-02-09,56130,1380878,24858,695397,31272,685481,0,0,28594,799128,27452,289757,28602,1088885,California
Los Angeles,2021-02-10,67129,1448007,29479,724876,37650,723131,0,0,30789,793972,35955,325712,30799,1119684,California
Los Angeles,2021-02-11,58517,1506524,31311,756187,27206,750337,0,0,28300,792510,29766,355478,28304,1147988,California
Los Angeles,2021-02-12,60031,1566555,29952,786139,30079,780416,0,0,26268,785403,33393,388871,26286,1174274,California
Los Angeles,2021-02-13,33935,1600490,19781,805920,14154,794570,0,0,15484,782563,18362,407233,15522,1189796,California
Los Angeles,2021-02-14,21836,1622326,14904,820824,6932,801502,0,0,8777,778348,12995,420228,8780,1198576,California
Los Angeles,2021-02-15,33006,1655332,16061,836885,16945,818447,0,0,18095,781604,14845,435073,18101,1216677,California
Los Angeles,2021-02-16,64545,1719877,32889,869774,31656,850103,0,0,29947,777067,34497,469570,29960,1246637,California
Los Angeles,2021-02-17,65238,1785115,34849,904623,30389,880492,0,0,26555,765142,38487,508057,26562,1273199,California
Los Angeles,2021-02-18,68946,1854061,35111,939734,33835,914327,0,0,28708,753811,40049,548106,28718,1301917,California
Los Angeles,2021-02-19,58708,1912769,36308,976042,22400,936727,0,0,28685,752595,29919,578025,28703,1330620,California
Los Angeles,2021-02-20,33204,1945973,24220,1000262,8984,945711,0,0,15927,751306,17225,595250,15936,1346556,California
Los Angeles,2021-02-21,22459,1968432,20786,1021048,1673,947384,0,0,11113,751139,11284,606534,11117,1357673,California
Los Angeles,2021-02-22,34794,2003226,25373,1046421,9421,956805,0,0,17909,752259,16803,623337,17923,1375596,California
Los Angeles,2021-02-23,55172,2058398,23878,1070299,31294,988099,0,0,21642,740506,33406,656743,21653,1397249,California
Los Angeles,2021-02-24,65259,2123657,29098,1099397,36161,1024260,0,0,28130,731706,36949,693692,28149,1425398,California
Los Angeles,2021-02-25,74443,2198100,34135,1133532,40308,1064568,0,0,38316,734074,35961,729653,38329,1463727,California
Los Angeles,2021-02-26,84009,2282109,38947,1172479,45062,1109630,0,0,47084,744498,36689,766342,47113,1510840,California
Los Angeles,2021-02-27,60553,2342662,26724,1199203,33823,1143453,6,6,30878,745901,29504,795846,30907,1541747,California
Los Angeles,2021-02-28,27095,2369757,18717,1217920,8375,1151828,3,9,18930,756791,8049,803895,18939,1560686,California
Los Angeles,2021-03-01,57359,2427116,32693,1250613,24635,1176463,31,40,34323,768316,22847,826742,34372,1595058,California
Los Angeles,2021-03-02,77898,2505014,37886,1288499,40003,1216466,9,49,49036,788659,28714,855456,49057,1644115,California
Los Angeles,2021-03-03,84974,2589988,43394,1331893,41565,1258031,15,64,53686,811278,31108,886564,53727,1697842,California
Los Angeles,2021-03-04,90898,2680886,46736,1378629,44148,1302179,14,78,57344,835290,33365,919929,57377,1755219,California
Los Angeles,2021-03-05,90123,2771009,44516,1423145,45575,1347754,32,110,60346,866128,29576,949505,60414,1815633,California
Los Angeles,2021-03-06,67435,2838444,34374,1457519,31228,1378982,1833,1943,43474,887624,23813,973318,45309,1860942,California
Los Angeles,2021-03-07,27309,2865753,20808,1478327,5667,1384649,834,2777,21128,903430,6150,979468,21956,1882898,California
Los Angeles,2021-03-08,52852,2918605,27929,1506256,22951,1407600,1972,4749,39916,932486,12829,992297,41885,1924783,California
Los Angeles,2021-03-09,81524,3000129,38745,1545001,39492,1447092,3287,8036,51911,958214,29458,1021755,55186,1979969,California
Los Angeles,2021-03-10,83184,3083313,40941,1585942,37355,1484447,4888,12924,52621,985293,30389,1052144,57468,2037437,California
Los Angeles,2021-03-11,92882,3176195,45369,1631311,40817,1525264,6696,19620,54373,1008006,38311,1090455,61024,2098461,California
Los Angeles,2021-03-12,99014,3275209,44579,1675890,40513,1565777,13922,33542,57664,1038400,41141,1131596,71535,2169996,California
Los Angeles,2021-03-13,75803,3351012,35825,1711715,27998,1593775,11980,45522,45281,1065219,30404,1162000,57223,2227219,California
Los Angeles,2021-03-14,39129,3390141,26304,1738019,10276,1604051,2549,48071,24016,1076720,15043,1177043,26544,2253763,California
Los Angeles,2021-03-15,75008,3465149,36584,1774603,32970,1637021,5454,53525,45419,1098170,29396,1206439,50846,2304609,California
Los Angeles,2021-03-16,99995,3565144,43732,1818335,50373,1687394,5890,59415,64745,1133702,35056,1241495,70588,2375197,California
Los Angeles,2021-03-17,97307,3662451,44105,1862440,44878,1732272,8324,67739,65086,1174967,32010,1273505,73275,2448472,California
Los Angeles,2021-03-18,101970,3764421,48760,1911200,47874,1780146,5336,73075,64704,1208017,36971,1310476,70021,2518493,California
Los Angeles,2021-03-19,109256,3873677,56982,1968182,47491,1827637,4783,77858,67323,1238418,41655,1352131,72056,2590549,California
Los Angeles,2021-03-20,76420,3950097,37764,2005946,34070,1861707,4586,82444,51857,1270474,24370,1376501,56426,2646975,California
Los Angeles,2021-03-21,34654,3984751,25766,2031712,7986,1869693,902,83346,22230,1281303,12301,1388802,23130,2670105,California
Los Angeles,2021-03-22,70902,4055653,41631,2073343,27099,1896792,2172,85518,49735,1312306,20899,1409701,51902,2722007,California
Los Angeles,2021-03-23,96458,4152111,52152,2125495,41060,1937852,3246,88764,58377,1336106,37808,1447509,61608,2783615,California
Los Angeles,2021-03-24,105064,4257175,55728,2181223,46168,1984020,3168,91932,60819,1356160,43918,1491427,63972,2847587,California
Los Angeles,2021-03-25,110736,4367911,59305,2240528,47523,2031543,3908,95840,62204,1374023,48228,1539655,66091,2913678,California
Los Angeles,2021-03-26,115370,4483281,63244,2303772,47945,2079488,4181,100021,63615,1390324,51466,1591121,67767,2981445,California
Los Angeles,2021-03-27,83649,4566930,44031,2347803,37483,2116971,2135,102156,42711,1394493,40672,1631793,44841,3026286,California
Los Angeles,2021-03-28,42228,4609158,28644,2376447,12999,2129970,585,102741,20063,1393116,22023,1653816,20646,3046932,California
Los Angeles,2021-03-29,83089,4692247,46719,2423166,34597,2164567,1773,104514,46117,1404241,36759,1690575,47884,3094816,California
Los Angeles,2021-03-30,108992,4801239,51949,2475115,51099,2215666,5944,110458,56934,1415265,51817,1742392,62841,3157657,California
Los Angeles,2021-03-31,122738,4923977,62024,2537139,51880,2267546,8834,119292,68622,1438866,53798,1796190,77399,3235056,California
Los Angeles,2021-04-01,133466,5057443,62371,2599510,55657,2323203,15438,134730,71963,1465026,61161,1857351,87321,3322377,California
Los Angeles,2021-04-02,132402,5189845,58962,2658472,57871,2381074,15569,150299,70437,1489366,61617,1918968,85957,3408334,California
Los Angeles,2021-04-03,98694,5288539,45194,2703666,39849,2420923,13651,163950,48529,1501506,49972,1968940,62112,3470446,California
Los Angeles,2021-04-04,39236,5327775,20535,2724201,12063,2432986,6638,170588,16373,1501697,22779,1991719,22970,3493416,California
Los Angeles,2021-04-05,94039,5421814,44467,2768668,39264,2472250,10308,180896,44590,1507290,49235,2040954,54828,3548244,California
Los Angeles,2021-04-06,121289,5543103,57075,2825743,43858,2516108,20356,201252,55597,1517702,65430,2106384,75842,3624086,California
Los Angeles,2021-04-07,120437,5663540,54530,2880273,44691,2560799,21216,222468,54444,1527520,65727,2172111,75545,3699631,California
Los Angeles,2021-04-08,133171,5796711,58436,2938709,50560,2611359,24175,246643,60166,1539024,72687,2244798,84191,3783822,California
Los Angeles,2021-04-09,131846,5928557,56911,2995620,50903,2662262,24032,270675,56514,1544424,75021,2319819,80421,3864243,California
Los Angeles,2021-04-10,101716,6030273,42980,3038600,34603,2696865,24133,294808,37220,1541401,64246,2384065,61223,3925466,California
Los Angeles,2021-04-11,41902,6072175,22633,3061233,9746,2706611,9523,304331,14295,1537650,27522,2411587,23771,3949237,California
Los Angeles,2021-04-12,79252,6151427,38674,3099907,34174,2740785,6404,310735,32448,1529933,46592,2458179,38875,3988112,California
Los Angeles,2021-04-13,117826,6269253,59188,3159095,58202,2798987,436,311171,62179,1537233,55394,2513573,62694,4050806,California
Los Angeles,2021-04-14,119329,6388582,59465,3218560,59731,2858718,133,311304,64717,1547838,54334,2567907,64939,4115745,California
Los Angeles,2021-04-15,130375,6518957,70328,3288888,59855,2918573,192,311496,74720,1567311,55367,2623274,74840,4190585,California
Los Angeles,2021-04-16,130241,6649198,68629,3357517,61468,2980041,144,311640,68531,1574497,61420,2684694,68606,4259191,California
Los Angeles,2021-04-17,98398,6747596,51429,3408946,46941,3026982,28,311668,56144,1588638,42030,2726724,56171,4315362,California
Los Angeles,2021-04-18,34125,6781721,22614,3431560,11510,3038492,1,311669,18664,1591925,15383,2742107,18670,4334032,California
Los Angeles,2021-04-19,74975,6856696,39719,3471279,35243,3073735,13,311682,33285,1583742,41490,2783597,33307,4367339,California
Los Angeles,2021-04-20,103021,6959717,50112,3521391,52886,3126621,23,311705,51173,1583339,51601,2835198,51198,4418537,California
Los Angeles,2021-04-21,109648,7069365,52424,3573815,57035,3183656,189,311894,48307,1570825,61009,2896207,48495,4467032,California
Los Angeles,2021-04-22,116405,7185770,59644,3633459,56728,3240384,33,311927,51310,1557401,64771,2960978,51347,4518379,California
Los Angeles,2021-04-23,114536,7300306,62470,3695929,52045,3292429,21,311948,54295,1551777,59938,3020916,54314,4572693,California
Los Angeles,2021-04-24,90261,7390567,57401,3753330,32823,3325252,37,311985,50471,1562739,39555,3060471,50517,4623210,California
Los Angeles,2021-04-25,37791,7428358,25027,3778357,12758,3338010,6,311991,20356,1565772,17328,3077799,20361,4643571,California
Los Angeles,2021-04-26,77679,7506037,40134,3818491,37039,3375049,506,312497,38425,1565663,39034,3116833,38925,4682496,California
Los Angeles,2021-04-27,92789,7598826,44334,3862825,46486,3421535,1969,314466,35371,1545859,57133,3173966,37329,4719825,California
Los Angeles,2021-04-28,86191,7685017,41115,3903940,42984,3464519,2092,316558,34055,1530187,51807,3225773,36135,4755960,California
Los Angeles,2021-04-29,91487,7776504,45219,3949159,44097,3508616,2171,318729,32412,1506066,58695,3284468,34574,4790534,California
Los Angeles,2021-04-30,99286,7875790,48988,3998147,47879,3556495,2419,321148,35799,1481211,63055,3347523,38200,4828734,California
Los Angeles,2021-05-01,75332,7951122,42127,4040274,31693,3588188,1512,322660,28358,1464403,46670,3394193,29862,4858596,California
Los Angeles,2021-05-02,27974,7979096,17956,4058230,9284,3597472,734,323394,10126,1457526,17733,3411926,10856,4869452,California
Los Angeles,2021-05-03,60860,8039956,29702,4087932,28989,3626461,2169,325563,21548,1442167,39062,3450988,23703,4893155,California
Los Angeles,2021-05-04,85636,8125592,47125,4135057,36267,3662728,2244,327807,26348,1411761,58980,3509968,28574,4921729,California
Los Angeles,2021-05-05,88579,8214171,51402,4186459,34835,3697563,2342,330149,24339,1374517,63912,3573880,26668,4948397,California
Los Angeles,2021-05-06,96337,8310508,57852,4244311,35977,3733540,2508,332657,23011,1327071,72947,3646827,25501,4973898,California
Los Angeles,2021-05-07,95608,8406116,56828,4301139,36438,3769978,2342,334999,26119,1286364,69141,3715968,28434,5002332,California
Los Angeles,2021-05-08,63728,8469844,42072,4343211,20040,3790018,1616,336615,17376,1259298,46046,3762014,18980,5021312,California
Los Angeles,2021-05-09,23715,8493559,18038,4361249,4937,3794955,740,337355,6046,1248504,17574,3779588,6780,5028092,California
Los Angeles,2021-05-10,48669,8542228,25576,4386825,21232,3816187,1861,339216,14729,1231365,33718,3813306,16579,5044671,California
Los Angeles,2021-05-11,68601,8610829,36685,4423510,29804,3845991,2112,341328,17777,1200660,50568,3863874,19863,5064534,California
Los Angeles,2021-05-12,70441,8681270,38185,4461695,29983,3875974,2273,343601,20444,1173656,49696,3913570,22692,5087226,California
Los Angeles,2021-05-13,74946,8756216,45318,4507013,27939,3903913,1689,345290,27185,1155127,47387,3960957,28858,5116084,California
Los Angeles,2021-05-14,86863,8843079,55064,4562077,29984,3933897,1815,347105,32788,1135968,53751,4014708,34592,5150676,California
Los Angeles,2021-05-15,73800,8916879,52152,4614229,20154,3954051,1494,348599,28388,1120694,45145,4059853,29871,5180547,California
Los Angeles,2021-05-16,30458,8947337,24084,4638313,5770,3959821,604,349203,12012,1114956,18351,4078204,12613,5193160,California
Los Angeles,2021-05-17,61206,9008543,39895,4678208,19578,3979399,1733,350936,25098,1105891,35875,4114079,26810,5219970,California
Los Angeles,2021-05-18,63927,9072470,38142,4716350,24000,4003399,1785,352721,25813,1095641,37847,4151926,27597,5247567,California
Los Angeles,2021-05-19,66922,9139392,40359,4756709,24740,4028139,1823,354544,29220,1089228,37440,4189366,31027,5278594,California
Los Angeles,2021-05-20,63752,9203144,35704,4792413,26051,4054190,1997,356541,24717,1077253,38687,4228053,26712,5305306,California
Los Angeles,2021-05-21,65344,9268488,40391,4832804,22968,4077158,1985,358526,25777,1065772,39238,4267291,27757,5333063,California
Los Angeles,2021-05-22,48824,9317312,32368,4865172,14895,4092053,1561,360087,20625,1059934,28014,4295305,22176,5355239,California
Los Angeles,2021-05-23,22366,9339678,15860,4881032,5689,4097742,817,360904,10153,1058794,12105,4307410,10965,5366204,California
Los Angeles,2021-05-24,47920,9387598,26359,4907391,19722,4117464,1839,362743,18146,1049209,29559,4336969,19974,5386178,California
Los Angeles,2021-05-25,49367,9436965,28618,4936009,18993,4136457,1756,364499,19277,1040382,29852,4366821,21025,5407203,California
Los Angeles,2021-05-26,46592,9483557,26372,4962381,18409,4154866,1811,366310,19807,1035511,26370,4393191,21499,5428702,California
Los Angeles,2021-05-27,45003,9528560,25105,4987486,18027,4172893,1871,368181,18958,1030483,25810,4419001,20782,5449484,California
Los Angeles,2021-05-28,51533,9580093,29272,5016758,20393,4193286,1868,370049,23147,1027374,28110,4447111,25001,5474485,California
Los Angeles,2021-05-29,30167,9610260,17452,5034210,11680,4204966,1035,371084,14230,1026878,15750,4462861,15254,5489739,California
Los Angeles,2021-05-30,12442,9622702,8181,5042391,3536,4208502,725,371809,5931,1027067,6461,4469322,6650,5496389,California
Los Angeles,2021-05-31,5993,9628695,3713,5046104,1975,4210477,305,372114,1723,1024876,4216,4473538,2025,5498414,California
Los Angeles,2021-06-01,45723,9674418,25628,5071732,18541,4229018,1554,373668,17772,1016561,27619,4501157,19304,5517718,California
Los Angeles,2021-06-02,38061,9712479,22076,5093808,14544,4243562,1441,375109,15305,1010814,22469,4523626,16722,5534440,California
Los Angeles,2021-06-03,42279,9754758,27926,5121734,12785,4256347,1568,376677,15288,1000913,26721,4550347,16820,5551260,California
Los Angeles,2021-06-04,51104,9805862,34547,5156281,14918,4271265,1639,378316,17193,986136,33586,4583933,18809,5570069,California
Los Angeles,2021-06-05,41761,9847623,30085,5186366,10327,4281592,1349,379665,12827,971541,28753,4612686,14158,5584227,California
Los Angeles,2021-06-06,14489,9862112,11965,5198331,1804,4283396,720,380385,4038,965912,10381,4623067,4752,5588979,California
Los Angeles,2021-06-07,36054,9898166,25825,5224156,8792,4292188,1437,381822,11674,954802,24202,4647269,13092,5602071,California
Los Angeles,2021-06-08,36922,9935088,25657,5249813,9829,4302017,1436,383258,12597,944762,24061,4671330,14021,5616092,California
Los Angeles,2021-06-09,21349,9956437,15641,5265454,4753,4306770,955,384213,5793,936102,15388,4686718,6728,5622820,California
Madera,2020-12-16,21,21,21,21,0,0,0,0,21,21,0,0,21,21,California
Madera,2020-12-17,13,34,13,34,0,0,0,0,13,34,0,0,13,34,California
Madera,2020-12-18,60,94,60,94,0,0,0,0,60,94,0,0,60,94,California
Madera,2020-12-19,5,99,5,99,0,0,0,0,5,99,0,0,5,99,California
Madera,2020-12-20,14,113,14,113,0,0,0,0,14,113,0,0,14,113,California
Madera,2020-12-21,60,173,60,173,0,0,0,0,60,173,0,0,60,173,California
Madera,2020-12-22,95,268,93,266,2,2,0,0,95,268,0,0,95,268,California
Madera,2020-12-23,68,336,68,334,0,2,0,0,68,336,0,0,68,336,California
Madera,2020-12-24,43,379,38,372,5,7,0,0,43,379,0,0,43,379,California
Madera,2020-12-26,27,406,26,398,1,8,0,0,27,406,0,0,27,406,California
Madera,2020-12-27,29,435,12,410,17,25,0,0,29,435,0,0,29,435,California
Madera,2020-12-28,107,542,36,446,71,96,0,0,107,542,0,0,107,542,California
Madera,2020-12-29,173,715,37,483,136,232,0,0,173,715,0,0,173,715,California
Madera,2020-12-30,223,938,87,570,136,368,0,0,223,938,0,0,223,938,California
Madera,2020-12-31,202,1140,80,650,122,490,0,0,202,1140,0,0,202,1140,California
Madera,2021-01-01,2,1142,1,651,1,491,0,0,2,1142,0,0,2,1142,California
Madera,2021-01-02,88,1230,33,684,55,546,0,0,88,1230,0,0,88,1230,California
Madera,2021-01-03,4,1234,4,688,0,546,0,0,4,1234,0,0,4,1234,California
Madera,2021-01-04,129,1363,65,753,64,610,0,0,129,1363,0,0,129,1363,California
Madera,2021-01-05,280,1643,143,896,137,747,0,0,276,1635,4,4,276,1639,California
Madera,2021-01-06,183,1826,26,922,157,904,0,0,164,1780,19,23,164,1803,California
Madera,2021-01-07,399,2225,116,1038,283,1187,0,0,376,2134,23,46,377,2180,California
Madera,2021-01-08,421,2646,72,1110,349,1536,0,0,366,2447,54,100,367,2547,California
Madera,2021-01-09,36,2682,14,1124,22,1558,0,0,27,2465,9,109,27,2574,California
Madera,2021-01-10,17,2699,14,1138,3,1561,0,0,5,2458,12,121,5,2579,California
Madera,2021-01-11,240,2939,192,1330,48,1609,0,0,199,2616,41,162,199,2778,California
Madera,2021-01-12,390,3329,159,1489,231,1840,0,0,285,2796,105,267,285,3063,California
Madera,2021-01-13,182,3511,90,1579,92,1932,0,0,127,2869,55,322,128,3191,California
Madera,2021-01-14,553,4064,80,1659,473,2405,0,0,521,3358,32,354,521,3712,California
Madera,2021-01-15,598,4662,159,1818,439,2844,0,0,577,3914,21,375,577,4289,California
Madera,2021-01-16,384,5046,48,1866,336,3180,0,0,356,4242,28,403,356,4645,California
Madera,2021-01-17,337,5383,15,1881,322,3502,0,0,333,4571,4,407,333,4978,California
Madera,2021-01-18,78,5461,62,1943,16,3518,0,0,59,4612,18,425,59,5037,California
Madera,2021-01-19,573,6034,136,2079,437,3955,0,0,546,5132,27,452,547,5584,California
Madera,2021-01-20,237,6271,80,2159,157,4112,0,0,209,5314,27,479,209,5793,California
Madera,2021-01-21,237,6508,128,2287,109,4221,0,0,203,5485,32,511,203,5996,California
Madera,2021-01-22,256,6764,81,2368,175,4396,0,0,241,5711,15,526,241,6237,California
Madera,2021-01-23,101,6865,53,2421,48,4444,0,0,77,5764,24,550,77,6314,California
Madera,2021-01-24,99,6964,81,2502,18,4462,0,0,78,5821,21,571,78,6392,California
Madera,2021-01-25,269,7233,126,2628,143,4605,0,0,147,5846,122,693,147,6539,California
Madera,2021-01-26,490,7723,189,2817,301,4906,0,0,299,5956,190,883,300,6839,California
Madera,2021-01-27,741,8464,63,2880,678,5584,0,0,604,6425,137,1020,606,7445,California
Madera,2021-01-28,547,9011,108,2988,439,6023,0,0,442,6763,105,1125,443,7888,California
Madera,2021-01-29,467,9478,94,3082,373,6396,0,0,412,7120,55,1180,412,8300,California
Madera,2021-01-30,504,9982,16,3098,488,6884,0,0,451,7518,53,1233,451,8751,California
Madera,2021-01-31,9,9991,6,3104,3,6887,0,0,8,7525,1,1234,8,8759,California
Madera,2021-02-01,333,10324,147,3251,186,7073,0,0,207,7606,126,1360,207,8966,California
Madera,2021-02-02,257,10581,89,3340,168,7241,0,0,162,7675,94,1454,163,9129,California
Madera,2021-02-03,597,11178,462,3802,135,7376,0,0,477,8035,118,1572,478,9607,California
Madera,2021-02-04,393,11571,126,3928,267,7643,0,0,115,7874,277,1849,116,9723,California
Madera,2021-02-05,976,12547,298,4226,678,8321,0,0,371,7647,599,2448,372,10095,California
Madera,2021-02-06,363,12910,329,4555,34,8355,0,0,323,7931,39,2487,323,10418,California
Madera,2021-02-07,34,12944,6,4561,28,8383,0,0,29,7955,5,2492,29,10447,California
Madera,2021-02-08,387,13331,311,4872,76,8459,0,0,270,8109,116,2608,270,10717,California
Madera,2021-02-09,480,13811,118,4990,362,8821,0,0,198,8029,279,2887,199,10916,California
Madera,2021-02-10,436,14247,148,5138,288,9109,0,0,332,8257,104,2991,332,11248,California
Madera,2021-02-11,937,15184,308,5446,629,9738,0,0,406,8134,530,3521,407,11655,California
Madera,2021-02-12,839,16023,117,5563,722,10460,0,0,311,7926,522,4043,314,11969,California
Madera,2021-02-13,485,16508,44,5607,441,10901,0,0,137,7719,347,4390,140,12109,California
Madera,2021-02-14,400,16908,74,5681,326,11227,0,0,135,7590,265,4655,136,12245,California
Madera,2021-02-15,246,17154,100,5781,146,11373,0,0,175,7695,70,4725,175,12420,California
Madera,2021-02-16,780,17934,182,5963,598,11971,0,0,231,7380,547,5272,232,12652,California
Madera,2021-02-17,613,18547,276,6239,337,12308,0,0,341,7458,265,5537,343,12995,California
Madera,2021-02-18,1301,19848,537,6776,764,13072,0,0,1122,8403,178,5715,1123,14118,California
Madera,2021-02-19,859,20707,542,7318,317,13389,0,0,717,8979,142,5857,718,14836,California
Madera,2021-02-20,1076,21783,985,8303,91,13480,0,0,1003,9911,72,5929,1004,15840,California
Madera,2021-02-21,963,22746,820,9123,143,13623,0,0,958,10864,5,5934,958,16798,California
Madera,2021-02-22,915,23661,837,9960,78,13701,0,0,858,11665,57,5991,858,17656,California
Madera,2021-02-23,773,24434,500,10460,273,13974,0,0,545,11985,225,6216,545,18201,California
Madera,2021-02-24,915,25349,302,10762,613,14587,0,0,383,11837,531,6747,383,18584,California
Madera,2021-02-25,1035,26384,317,11079,718,15305,0,0,599,12002,434,7181,599,19183,California
Madera,2021-02-26,1082,27466,198,11277,884,16189,0,0,701,12324,379,7560,701,19884,California
Madera,2021-02-27,900,28366,265,11542,635,16824,0,0,474,12378,423,7983,477,20361,California
Madera,2021-02-28,194,28560,29,11571,165,16989,0,0,189,12562,5,7988,189,20550,California
Madera,2021-03-01,380,28940,121,11692,259,17248,0,0,197,12578,181,8169,197,20747,California
Madera,2021-03-02,753,29693,350,12042,403,17651,0,0,639,13106,113,8282,641,21388,California
Madera,2021-03-03,1352,31045,724,12766,628,18279,0,0,945,13673,404,8686,971,22359,California
Madera,2021-03-04,1206,32251,529,13295,677,18956,0,0,953,14375,254,8940,956,23315,California
Madera,2021-03-05,1366,33617,421,13716,932,19888,13,13,1086,15207,278,9218,1110,24425,California
Madera,2021-03-06,823,34440,640,14356,151,20039,32,45,503,15424,319,9537,536,24961,California
Madera,2021-03-07,154,34594,27,14383,105,20144,22,67,105,15502,49,9586,127,25088,California
Madera,2021-03-08,605,35199,337,14720,209,20353,59,126,310,15578,295,9881,371,25459,California
Madera,2021-03-09,600,35799,296,15016,270,20623,34,160,410,15842,188,10069,452,25911,California
Madera,2021-03-10,1193,36992,560,15576,554,21177,79,239,758,16250,430,10499,838,26749,California
Madera,2021-03-11,1686,38678,866,16442,491,21668,329,568,771,16448,913,11412,1111,27860,California
Madera,2021-03-12,1577,40255,814,17256,609,22277,154,722,798,16652,777,12189,981,28841,California
Madera,2021-03-13,1884,42139,1330,18586,358,22635,196,918,816,16615,1065,13254,1028,29869,California
Madera,2021-03-14,587,42726,450,19036,104,22739,33,951,295,16654,289,13543,328,30197,California
Madera,2021-03-15,743,43469,228,19264,469,23208,46,997,517,17022,223,13766,591,30788,California
Madera,2021-03-16,933,44402,527,19791,359,23567,47,1044,742,17640,188,13954,806,31594,California
Madera,2021-03-17,1468,45870,982,20773,423,23990,63,1107,912,18156,547,14501,1063,32657,California
Madera,2021-03-18,1956,47826,683,21456,1207,25197,66,1173,977,18308,974,15475,1126,33783,California
Madera,2021-03-19,1587,49413,588,22044,919,26116,80,1253,1046,18964,537,16012,1193,34976,California
Madera,2021-03-20,1189,50602,777,22821,359,26475,53,1306,621,19119,566,16578,721,35697,California
Madera,2021-03-21,1105,51707,903,23724,157,26632,45,1351,383,18829,719,17297,429,36126,California
Madera,2021-03-22,1364,53071,857,24581,441,27073,66,1417,691,18958,670,17967,799,36925,California
Madera,2021-03-23,1419,54490,864,25445,467,27540,88,1505,676,19064,741,18708,847,37772,California
Madera,2021-03-24,955,55445,514,25959,409,27949,32,1537,618,19384,334,19042,654,38426,California
Madera,2021-03-25,1173,56618,532,26491,617,28566,24,1561,647,19552,516,19558,684,39110,California
Madera,2021-03-26,1514,58132,578,27069,802,29368,134,1695,712,19603,798,20356,849,39959,California
Madera,2021-03-27,927,59059,603,27672,301,29669,23,1718,415,19534,508,20864,439,40398,California
Madera,2021-03-28,440,59499,151,27823,228,29897,61,1779,246,19701,193,21057,360,40758,California
Madera,2021-03-29,695,60194,183,28006,482,30379,30,1809,499,20042,192,21249,533,41291,California
Madera,2021-03-30,1075,61269,605,28611,439,30818,31,1840,481,19964,591,21840,513,41804,California
Madera,2021-03-31,1390,62659,545,29156,716,31534,129,1969,429,19569,955,22795,560,42364,California
Madera,2021-04-01,1388,64047,622,29778,715,32249,51,2020,484,19209,894,23689,534,42898,California
Madera,2021-04-02,1609,65656,460,30238,1090,33339,59,2079,480,18631,1118,24807,540,43438,California
Madera,2021-04-03,960,66616,762,31000,179,33518,19,2098,393,18488,565,25372,422,43860,California
Madera,2021-04-04,187,66803,65,31065,120,33638,2,2100,87,18477,100,25472,89,43949,California
Madera,2021-04-05,741,67544,257,31322,425,34063,59,2159,342,18494,398,25870,415,44364,California
Madera,2021-04-06,1714,69258,892,32214,467,34530,355,2514,536,18209,1176,27046,891,45255,California
Madera,2021-04-07,1224,70482,379,32593,697,35227,148,2662,425,17992,796,27842,579,45834,California
Madera,2021-04-08,1732,72214,669,33262,802,36029,261,2923,560,17654,1165,29007,827,46661,California
Madera,2021-04-09,1640,73854,690,33952,801,36830,149,3072,945,18064,690,29697,1100,47761,California
Madera,2021-04-10,979,74833,685,34637,226,37056,68,3140,713,18581,267,29964,784,48545,California
Madera,2021-04-11,812,75645,657,35294,76,37132,79,3219,289,18427,520,30484,366,48911,California
Madera,2021-04-12,779,76424,269,35563,435,37567,75,3294,300,18324,479,30963,376,49287,California
Madera,2021-04-13,1238,77662,609,36172,587,38154,42,3336,719,18577,517,31480,770,50057,California
Madera,2021-04-14,1387,79049,857,37029,530,38684,0,3336,570,18336,817,32297,576,50633,California
Madera,2021-04-15,1167,80216,503,37532,663,39347,1,3337,422,18032,733,33030,429,51062,California
Madera,2021-04-16,1312,81528,532,38064,780,40127,0,3337,361,17455,939,33969,362,51424,California
Madera,2021-04-17,1277,82805,1073,39137,204,40331,0,3337,760,17700,515,34484,760,52184,California
Madera,2021-04-18,245,83050,206,39343,39,40370,0,3337,87,17631,156,34640,87,52271,California
Madera,2021-04-19,808,83858,239,39582,568,40938,1,3338,278,17385,524,35164,278,52549,California
Madera,2021-04-20,871,84729,426,40008,445,41383,0,3338,216,16951,652,35816,218,52767,California
Madera,2021-04-21,859,85588,454,40462,405,41788,0,3338,290,16674,569,36385,292,53059,California
Madera,2021-04-22,1074,86662,511,40973,563,42351,0,3338,372,16349,698,37083,373,53432,California
Madera,2021-04-23,963,87625,307,41280,656,43007,0,3338,334,16059,624,37707,334,53766,California
Madera,2021-04-24,707,88332,466,41746,241,43248,0,3338,248,15853,455,38162,249,54015,California
Madera,2021-04-25,267,88599,160,41906,104,43352,3,3341,118,15830,145,38307,122,54137,California
Madera,2021-04-26,560,89159,101,42007,453,43805,6,3347,131,15541,426,38733,137,54274,California
Madera,2021-04-27,623,89782,276,42283,322,44127,25,3372,313,15571,309,39042,339,54613,California
Madera,2021-04-28,498,90280,197,42480,282,44409,19,3391,243,15579,253,39295,261,54874,California
Madera,2021-04-29,550,90830,244,42724,278,44687,28,3419,258,15580,285,39580,286,55160,California
Madera,2021-04-30,937,91767,506,43230,415,45102,16,3435,268,15201,663,40243,284,55444,California
Madera,2021-05-01,964,92731,868,44098,83,45185,13,3448,388,15027,575,40818,401,55845,California
Madera,2021-05-02,398,93129,351,44449,43,45228,4,3452,145,14923,253,41071,149,55994,California
Madera,2021-05-03,498,93627,197,44646,261,45489,40,3492,100,14668,395,41466,140,56134,California
Madera,2021-05-04,902,94529,433,45079,425,45914,44,3536,213,14236,689,42155,257,56391,California
Madera,2021-05-05,1011,95540,477,45556,473,46387,61,3597,280,13849,728,42883,341,56732,California
Madera,2021-05-06,697,96237,247,45803,419,46806,31,3628,153,13494,539,43422,184,56916,California
Madera,2021-05-07,806,97043,277,46080,508,47314,21,3649,195,13104,605,44027,215,57131,California
Madera,2021-05-08,969,98012,757,46837,201,47515,11,3660,185,12517,783,44810,196,57327,California
Madera,2021-05-09,146,98158,20,46857,115,47630,11,3671,35,12454,109,44919,46,57373,California
Madera,2021-05-10,359,98517,73,46930,274,47904,12,3683,99,12306,259,45178,111,57484,California
Madera,2021-05-11,533,99050,179,47109,345,48249,9,3692,175,12134,356,45534,184,57668,California
Madera,2021-05-12,507,99557,230,47339,241,48490,36,3728,128,11921,377,45911,164,57832,California
Madera,2021-05-13,509,100066,307,47646,169,48659,33,3761,178,11803,329,46240,211,58043,California
Madera,2021-05-14,527,100593,265,47911,238,48897,24,3785,234,11771,290,46530,258,58301,California
Madera,2021-05-15,561,101154,476,48387,77,48974,8,3793,363,11946,196,46726,371,58672,California
Madera,2021-05-16,255,101409,186,48573,37,49011,32,3825,104,11931,151,46877,136,58808,California
Madera,2021-05-17,453,101862,188,48761,236,49247,29,3854,207,11924,243,47120,236,59044,California
Madera,2021-05-18,546,102408,365,49126,158,49405,23,3877,287,11979,255,47375,310,59354,California
Madera,2021-05-19,486,102894,225,49351,239,49644,22,3899,215,11946,270,47645,237,59591,California
Madera,2021-05-20,581,103475,262,49613,281,49925,38,3937,225,11859,350,47995,263,59854,California
Madera,2021-05-21,485,103960,184,49797,274,50199,27,3964,184,11775,295,48290,211,60065,California
Madera,2021-05-22,894,104854,808,50605,73,50272,13,3977,525,11945,368,48658,538,60603,California
Madera,2021-05-23,265,105119,237,50842,18,50290,10,3987,140,11971,124,48782,150,60753,California
Madera,2021-05-24,299,105418,135,50977,123,50413,41,4028,116,11946,182,48964,157,60910,California
Madera,2021-05-25,380,105798,167,51144,180,50593,33,4061,153,11907,225,49189,186,61096,California
Madera,2021-05-26,442,106240,257,51401,163,50756,22,4083,236,11961,204,49393,258,61354,California
Madera,2021-05-27,378,106618,136,51537,204,50960,38,4121,135,11895,239,49632,173,61527,California
Madera,2021-05-28,448,107066,174,51711,246,51206,28,4149,180,11837,266,49898,208,61735,California
Madera,2021-05-29,306,107372,215,51926,73,51279,18,4167,167,11883,139,50037,185,61920,California
Madera,2021-05-30,62,107434,27,51953,31,51310,4,4171,29,11884,32,50069,33,61953,California
Madera,2021-05-31,26,107460,9,51962,13,51323,4,4175,12,11886,14,50083,16,61969,California
Madera,2021-06-01,287,107747,144,52106,120,51443,23,4198,108,11839,178,50261,131,62100,California
Madera,2021-06-02,382,108129,126,52232,233,51676,23,4221,116,11713,265,50526,139,62239,California
Madera,2021-06-03,275,108404,150,52382,111,51787,14,4235,90,11632,185,50711,104,62343,California
Madera,2021-06-04,358,108762,220,52602,126,51913,12,4247,129,11544,229,50940,141,62484,California
Madera,2021-06-05,509,109271,381,52983,115,52028,13,4260,146,11345,358,51298,159,62643,California
Madera,2021-06-06,136,109407,114,53097,14,52042,8,4268,39,11295,97,51395,47,62690,California
Madera,2021-06-07,244,109651,152,53249,73,52115,19,4287,41,11152,203,51598,60,62750,California
Madera,2021-06-08,382,110033,273,53522,86,52201,23,4310,100,10993,282,51880,123,62873,California
Madera,2021-06-09,237,110270,154,53676,59,52260,24,4334,93,10967,143,52023,117,62990,California
Marin,2020-12-15,2,2,2,2,0,0,0,0,2,2,0,0,2,2,California
Marin,2020-12-16,109,111,109,111,0,0,0,0,109,111,0,0,109,111,California
Marin,2020-12-17,272,383,272,383,0,0,0,0,272,383,0,0,272,383,California
Marin,2020-12-18,386,769,386,769,0,0,0,0,386,769,0,0,386,769,California
Marin,2020-12-19,348,1117,347,1116,1,1,0,0,348,1117,0,0,348,1117,California
Marin,2020-12-20,165,1282,164,1280,1,2,0,0,165,1282,0,0,165,1282,California
Marin,2020-12-21,238,1520,235,1515,3,5,0,0,238,1520,0,0,238,1520,California
Marin,2020-12-22,521,2041,317,1832,204,209,0,0,521,2041,0,0,521,2041,California
Marin,2020-12-23,735,2776,323,2155,412,621,0,0,735,2776,0,0,735,2776,California
Marin,2020-12-24,359,3135,159,2314,200,821,0,0,359,3135,0,0,359,3135,California
Marin,2020-12-25,26,3161,0,2314,26,847,0,0,26,3161,0,0,26,3161,California
Marin,2020-12-26,143,3304,94,2408,49,896,0,0,143,3304,0,0,143,3304,California
Marin,2020-12-27,90,3394,54,2462,36,932,0,0,90,3394,0,0,90,3394,California
Marin,2020-12-28,409,3803,99,2561,310,1242,0,0,409,3803,0,0,409,3803,California
Marin,2020-12-29,403,4206,87,2648,316,1558,0,0,403,4206,0,0,403,4206,California
Marin,2020-12-30,628,4834,388,3036,240,1798,0,0,628,4834,0,0,628,4834,California
Marin,2020-12-31,200,5034,34,3070,166,1964,0,0,200,5034,0,0,200,5034,California
Marin,2021-01-01,24,5058,12,3082,12,1976,0,0,24,5058,0,0,24,5058,California
Marin,2021-01-02,113,5171,107,3189,6,1982,0,0,113,5171,0,0,113,5171,California
Marin,2021-01-03,49,5220,31,3220,18,2000,0,0,45,5216,0,0,45,5216,California
Marin,2021-01-04,295,5515,192,3412,103,2103,0,0,294,5509,1,1,294,5510,California
Marin,2021-01-05,366,5881,219,3631,147,2250,0,0,323,5789,43,44,323,5833,California
Marin,2021-01-06,814,6695,316,3947,498,2748,0,0,634,6243,180,224,634,6467,California
Marin,2021-01-07,885,7580,499,4446,386,3134,0,0,528,6414,357,581,528,6995,California
Marin,2021-01-08,966,8546,510,4956,456,3590,0,0,583,6615,382,963,583,7578,California
Marin,2021-01-09,622,9168,223,5179,399,3989,0,0,490,6973,132,1095,490,8068,California
Marin,2021-01-10,129,9297,100,5279,29,4018,0,0,55,6954,74,1169,55,8123,California
Marin,2021-01-11,467,9764,325,5604,142,4160,0,0,246,6982,221,1390,249,8372,California
Marin,2021-01-12,939,10703,544,6148,395,4555,0,0,569,7184,367,1757,569,8941,California
Marin,2021-01-13,1177,11880,496,6644,681,5236,0,0,940,7887,237,1994,940,9881,California
Marin,2021-01-14,1069,12949,317,6961,752,5988,0,0,918,8656,149,2143,918,10799,California
Marin,2021-01-15,1153,14102,350,7311,803,6791,0,0,1023,9552,129,2272,1025,11824,California
Marin,2021-01-16,1123,15225,915,8226,208,6999,0,0,1048,10525,75,2347,1048,12872,California
Marin,2021-01-17,1231,16456,1112,9338,119,7118,0,0,1202,11702,28,2375,1205,14077,California
Marin,2021-01-18,363,16819,161,9499,202,7320,0,0,312,11963,51,2426,312,14389,California
Marin,2021-01-19,1152,17971,911,10410,241,7561,0,0,982,12776,169,2595,982,15371,California
Marin,2021-01-20,1795,19766,1209,11619,586,8147,0,0,1064,13123,720,3315,1067,16438,California
Marin,2021-01-21,1680,21446,1063,12682,617,8764,0,0,1326,14100,351,3666,1328,17766,California
Marin,2021-01-22,1708,23154,1093,13775,615,9379,0,0,1536,15465,172,3838,1537,19303,California
Marin,2021-01-23,1844,24998,1344,15119,500,9879,0,0,1757,17135,87,3925,1757,21060,California
Marin,2021-01-24,615,25613,166,15285,449,10328,0,0,583,17686,32,3957,583,21643,California
Marin,2021-01-25,1127,26740,231,15516,896,11224,0,0,690,17940,437,4394,691,22334,California
Marin,2021-01-26,1525,28265,784,16300,741,11965,0,0,1141,18698,383,4777,1141,23475,California
Marin,2021-01-27,1730,29995,888,17188,842,12807,0,0,1364,19700,364,5141,1366,24841,California
Marin,2021-01-28,2083,32078,1069,18257,1014,13821,0,0,1820,21259,262,5403,1821,26662,California
Marin,2021-01-29,2204,34282,1436,19693,768,14589,0,0,2007,23082,185,5588,2008,28670,California
Marin,2021-01-30,1724,36006,909,20602,815,15404,0,0,1645,24649,79,5667,1646,30316,California
Marin,2021-01-31,459,36465,322,20924,137,15541,0,0,433,25056,26,5693,433,30749,California
Marin,2021-02-01,1094,37559,416,21340,678,16219,0,0,894,25752,199,5892,895,31644,California
Marin,2021-02-02,1414,38973,494,21834,920,17139,0,0,752,25853,651,6543,752,32396,California
Marin,2021-02-03,1780,40753,424,22258,1356,18495,0,0,1278,26630,501,7044,1278,33674,California
Marin,2021-02-04,1523,42276,500,22758,1023,19518,0,0,928,26966,592,7636,928,34602,California
Marin,2021-02-05,2166,44442,675,23433,1491,21009,0,0,1331,27466,831,8467,1331,35933,California
Marin,2021-02-06,1427,45869,848,24281,579,21588,0,0,603,27246,823,9290,603,36536,California
Marin,2021-02-07,1289,47158,1006,25287,283,21871,0,0,489,26936,799,10089,489,37025,California
Marin,2021-02-08,1533,48691,756,26043,777,22648,0,0,732,26869,799,10888,732,37757,California
Marin,2021-02-09,1783,50474,1124,27167,659,23307,0,0,836,26758,947,11835,836,38593,California
Marin,2021-02-10,2336,52810,1487,28654,849,24156,0,0,1214,26853,1120,12955,1215,39808,California
Marin,2021-02-11,2872,55682,1643,30297,1229,25385,0,0,1448,26885,1419,14374,1451,41259,California
Marin,2021-02-12,3057,58739,1536,31833,1521,26906,0,0,1555,26942,1499,15873,1556,42815,California
Marin,2021-02-13,2333,61072,1242,33075,1091,27997,0,0,1127,26865,1204,17077,1127,43942,California
Marin,2021-02-14,813,61885,301,33376,512,28509,0,0,719,27491,94,17171,720,44662,California
Marin,2021-02-15,1218,63103,355,33731,863,29372,0,0,839,27953,378,17549,840,45502,California
Marin,2021-02-16,2469,65572,1054,34785,1415,30787,0,0,1503,28491,965,18514,1503,47005,California
Marin,2021-02-17,2100,67672,942,35727,1158,31945,0,0,1084,28562,1014,19528,1085,48090,California
Marin,2021-02-18,2416,70088,1585,37312,831,32776,0,0,1058,28264,1356,20884,1058,49148,California
Marin,2021-02-19,2781,72869,2170,39482,611,33387,0,0,1234,27965,1534,22418,1235,50383,California
Marin,2021-02-20,2623,75492,2155,41637,468,33855,0,0,1255,27861,1360,23778,1256,51639,California
Marin,2021-02-21,1329,76821,1128,42765,201,34056,0,0,944,28424,381,24159,944,52583,California
Marin,2021-02-22,1858,78679,1425,44190,433,34489,0,0,1231,29030,625,24784,1231,53814,California
Marin,2021-02-23,2909,81588,1677,45867,1232,35721,0,0,1951,30037,945,25729,1952,55766,California
Marin,2021-02-24,3537,85125,1633,47500,1904,37625,0,0,2260,31029,1269,26998,2261,58027,California
Marin,2021-02-25,4091,89216,1929,49429,2162,39787,0,0,2892,32733,1190,28188,2894,60921,California
Marin,2021-02-26,3675,92891,2004,51433,1671,41458,0,0,2649,34369,1014,29202,2650,63571,California
Marin,2021-02-27,2743,95634,1614,53047,1129,42587,0,0,1900,35431,840,30042,1902,65473,California
Marin,2021-02-28,1644,97278,924,53971,720,43307,0,0,1298,36386,343,30385,1298,66771,California
Marin,2021-03-01,2688,99966,1667,55638,1020,44327,1,1,1811,37330,868,31253,1812,68583,California
Marin,2021-03-02,2531,102497,1689,57327,841,45168,1,2,1735,38274,792,32045,1736,70319,California
Marin,2021-03-03,4345,106842,2414,59741,1927,47095,4,6,2812,39563,1527,33572,2816,73135,California
Marin,2021-03-04,3398,110240,1666,61407,1731,48826,1,7,2375,40925,1016,34588,2378,75513,California
Marin,2021-03-05,3070,113310,1173,62580,1885,50711,12,19,1800,41472,1265,35853,1812,77325,California
Marin,2021-03-06,3239,116549,2326,64906,835,51546,78,97,2665,43645,569,36422,2742,80067,California
Marin,2021-03-07,1393,117942,1174,66080,195,51741,24,121,1001,44283,387,36809,1025,81092,California
Marin,2021-03-08,1890,119832,1387,67467,386,52127,117,238,1414,45341,473,37282,1531,82623,California
Marin,2021-03-09,2221,122053,1338,68805,774,52901,109,347,1542,46315,676,37958,1650,84273,California
Marin,2021-03-10,4459,126512,2506,71311,1659,54560,294,641,3216,48589,1238,39196,3512,87785,California
Marin,2021-03-11,4586,131098,1877,73188,2574,57134,135,776,3294,50733,1285,40481,3429,91214,California
Marin,2021-03-12,3980,135078,1544,74732,2085,59219,351,1127,1563,50242,2406,42887,1915,93129,California
Marin,2021-03-13,4101,139179,2867,77599,1162,60381,72,1199,2384,50979,1715,44602,2452,95581,California
Marin,2021-03-14,2283,141462,1102,78701,1063,61444,118,1317,697,50208,1584,46186,813,96394,California
Marin,2021-03-15,3250,144712,1779,80480,1423,62867,48,1365,1212,49441,2026,48212,1259,97653,California
Marin,2021-03-16,4304,149016,2320,82800,1618,64485,366,1731,1463,48431,2837,51049,1827,99480,California
Marin,2021-03-17,4214,153230,2279,85079,1883,66368,52,1783,2057,48395,2144,53193,2108,101588,California
Marin,2021-03-18,4490,157720,2263,87342,2152,68520,75,1858,2134,48263,2339,55532,2207,103795,California
Marin,2021-03-19,4478,162198,2291,89633,1967,70487,220,2078,2328,48669,2139,57671,2545,106340,California
Marin,2021-03-20,3602,165800,1996,91629,1491,71978,115,2193,1932,49056,1661,59332,2048,108388,California
Marin,2021-03-21,1539,167339,1138,92767,378,72356,23,2216,796,49135,740,60072,819,109207,California
Marin,2021-03-22,2481,169820,2138,94905,175,72531,168,2384,896,48620,1579,61651,1064,110271,California
Marin,2021-03-23,4248,174068,2203,97108,1916,74447,129,2513,1864,48236,2377,64028,1993,112264,California
Marin,2021-03-24,4447,178515,2898,100006,1438,75885,111,2624,1805,47521,2629,66657,1914,114178,California
Marin,2021-03-25,4654,183169,2846,102852,1739,77624,69,2693,2249,47446,2391,69048,2316,116494,California
Marin,2021-03-26,4311,187480,2346,105198,1751,79375,214,2907,2399,48163,1896,70944,2613,119107,California
Marin,2021-03-27,3711,191191,2667,107865,1025,80400,19,2926,1139,46758,2562,73506,1157,120264,California
Marin,2021-03-28,2389,193580,1728,109593,655,81055,6,2932,839,46060,1543,75049,845,121109,California
Marin,2021-03-29,2689,196269,2092,111685,571,81626,26,2958,1135,45670,1551,76600,1161,122270,California
Marin,2021-03-30,4669,200938,3650,115335,985,82611,34,2992,2953,46944,1713,78313,2987,125257,California
Marin,2021-03-31,5838,206776,4134,119469,1655,84266,49,3041,2551,46269,3275,81588,2600,127857,California
Marin,2021-04-01,4454,211230,2286,121755,1913,86179,255,3296,2111,46302,2332,83920,2365,130222,California
Marin,2021-04-02,3729,214959,1856,123611,1502,87681,371,3667,1989,46922,1732,85652,2352,132574,California
Marin,2021-04-03,3863,218822,2515,126126,971,88652,377,4044,1462,46372,2389,88041,1839,134413,California
Marin,2021-04-04,1645,220467,1240,127366,204,88856,201,4245,1199,47328,444,88485,1400,135813,California
Marin,2021-04-05,2210,222677,1533,128899,301,89157,376,4621,1266,48029,939,89424,1640,137453,California
Marin,2021-04-06,3968,226645,2111,131010,1305,90462,552,5173,2206,49029,1756,91180,2756,140209,California
Marin,2021-04-07,3966,230611,2002,133012,1322,91784,642,5815,1452,48619,2506,93686,2096,142305,California
Marin,2021-04-08,5055,235666,1975,134987,2470,94254,610,6425,2301,48778,2742,96428,2901,145206,California
Marin,2021-04-09,3995,239661,1558,136545,1706,95960,731,7156,1317,48150,2673,99101,2045,147251,California
Marin,2021-04-10,3216,242877,1484,138029,1298,97258,434,7590,1447,48273,1754,100855,1877,149128,California
Marin,2021-04-11,1059,243936,806,138835,92,97350,161,7751,474,48324,583,101438,634,149762,California
Marin,2021-04-12,1730,245666,1233,140068,339,97689,158,7909,917,48591,809,102247,1076,150838,California
Marin,2021-04-13,3757,249423,2296,142364,1454,99143,7,7916,1373,47612,2373,104620,1394,152232,California
Marin,2021-04-14,4225,253648,2531,144895,1691,100834,3,7919,1723,46870,2477,107097,1735,153967,California
Marin,2021-04-15,5600,259248,3964,148859,1636,102470,0,7919,3215,47716,2372,109469,3218,157185,California
Marin,2021-04-16,4267,263515,2239,151098,2025,104495,3,7922,2080,47629,2171,111640,2084,159269,California
Marin,2021-04-17,3534,267049,2157,153255,1377,105872,0,7922,1765,47630,1764,113404,1765,161034,California
Marin,2021-04-18,3168,270217,3070,156325,98,105970,0,7922,2535,49535,630,114034,2535,163569,California
Marin,2021-04-19,2036,272253,1867,158192,169,106139,0,7922,1153,49812,878,114912,1155,164724,California
Marin,2021-04-20,3683,275936,2545,160737,1138,107277,0,7922,1462,49061,2214,117126,1463,166187,California
Marin,2021-04-21,4001,279937,2935,163672,1063,108340,3,7925,1351,47779,2634,119760,1352,167539,California
Marin,2021-04-22,4221,284158,3221,166893,1000,109340,0,7925,1488,46547,2723,122483,1491,169030,California
Marin,2021-04-23,3213,287371,1807,168700,1406,110746,0,7925,1225,45795,1978,124461,1226,170256,California
Marin,2021-04-24,2505,289876,1673,170373,832,111578,0,7925,913,45128,1580,126041,913,171169,California
Marin,2021-04-25,1380,291256,1264,171637,116,111694,0,7925,304,44365,1067,127108,304,171473,California
Marin,2021-04-26,1612,292868,1391,173028,218,111912,3,7928,384,43530,1224,128332,389,171862,California
Marin,2021-04-27,3044,295912,2200,175228,794,112706,50,7978,980,42501,2055,130387,1026,172888,California
Marin,2021-04-28,2302,298214,1584,176812,668,113374,50,8028,729,41708,1570,131957,777,173665,California
Marin,2021-04-29,2896,301110,1984,178796,850,114224,62,8090,800,40485,2085,134042,862,174527,California
Marin,2021-04-30,1952,303062,1274,180070,590,114814,88,8178,698,40026,1245,135287,786,175313,California
Marin,2021-05-01,1828,304890,1018,181088,787,115601,23,8201,538,39304,1282,136569,560,175873,California
Marin,2021-05-02,725,305615,587,181675,109,115710,29,8230,201,39015,518,137087,229,176102,California
Marin,2021-05-03,1211,306826,987,182662,167,115877,57,8287,260,38383,948,138035,316,176418,California
Marin,2021-05-04,2927,309753,1966,184628,870,116747,91,8378,470,36495,2449,140484,561,176979,California
Marin,2021-05-05,2724,312477,1997,186625,604,117351,123,8501,441,34782,2276,142760,563,177542,California
Marin,2021-05-06,3263,315740,2535,189160,640,117991,88,8589,425,32464,2829,145589,511,178053,California
Marin,2021-05-07,2031,317771,1543,190703,403,118394,85,8674,376,31274,1648,147237,458,178511,California
Marin,2021-05-08,2474,320245,1867,192570,485,118879,122,8796,343,29616,2123,149360,465,178976,California
Marin,2021-05-09,983,321228,898,193468,65,118944,20,8816,118,28893,862,150222,139,179115,California
Marin,2021-05-10,1407,322635,1151,194619,186,119130,70,8886,200,27959,1203,151425,269,179384,California
Marin,2021-05-11,2302,324937,1842,196461,404,119534,56,8942,295,26304,2005,153430,350,179734,California
Marin,2021-05-12,1429,326366,1047,197508,313,119847,69,9011,290,25527,1135,154565,358,180092,California
Marin,2021-05-13,2608,328974,2259,199767,295,120142,54,9065,1418,25815,1183,155748,1471,181563,California
Marin,2021-05-14,2201,331175,1452,201219,650,120792,99,9164,881,25481,1314,157062,980,182543,California
Marin,2021-05-15,2720,333895,2255,203474,385,121177,80,9244,1649,26140,1070,158132,1729,184272,California
Marin,2021-05-16,1645,335540,1591,205065,49,121226,5,9249,1332,27165,311,158443,1336,185608,California
Marin,2021-05-17,2125,337665,1979,207044,103,121329,43,9292,1696,28482,422,158865,1739,187347,California
Marin,2021-05-18,1524,339189,1183,208227,286,121615,55,9347,797,28612,721,159586,851,188198,California
Marin,2021-05-19,1534,340723,1236,209463,228,121843,70,9417,772,28697,756,160342,841,189039,California
Marin,2021-05-20,1773,342496,1464,210927,223,122066,86,9503,737,28493,1027,161369,823,189862,California
Marin,2021-05-21,1424,343920,824,211751,550,122616,50,9553,415,27956,1003,162372,466,190328,California
Marin,2021-05-22,1379,345299,1041,212792,282,122898,56,9609,945,28526,431,162803,1001,191329,California
Marin,2021-05-23,478,345777,425,213217,42,122940,11,9620,221,28504,255,163058,233,191562,California
Marin,2021-05-24,643,346420,492,213709,110,123050,41,9661,353,28610,287,163345,393,191955,California
Marin,2021-05-25,993,347413,623,214332,324,123374,46,9707,311,28291,674,164019,355,192310,California
Marin,2021-05-26,707,348120,485,214817,176,123550,46,9753,259,28152,444,164463,305,192615,California
Marin,2021-05-27,1032,349152,664,215481,289,123839,79,9832,346,27893,684,165147,425,193040,California
Marin,2021-05-28,1097,350249,715,216196,303,124142,79,9911,321,27519,772,165919,398,193438,California
Marin,2021-05-29,373,350622,216,216412,147,124289,10,9921,214,27584,159,166078,224,193662,California
Marin,2021-05-30,100,350722,59,216471,36,124325,5,9926,58,27606,41,166119,63,193725,California
Marin,2021-05-31,27,350749,13,216484,13,124338,1,9927,14,27608,13,166132,15,193740,California
Marin,2021-06-01,755,351504,550,217034,160,124498,45,9972,329,27557,424,166556,373,194113,California
Marin,2021-06-02,624,352128,474,217508,98,124596,52,10024,217,27421,403,166959,267,194380,California
Marin,2021-06-03,1495,353623,1327,218835,112,124708,56,10080,240,26466,1252,168211,297,194677,California
Marin,2021-06-04,1011,354634,859,219694,120,124828,32,10112,184,25856,826,169037,216,194893,California
Marin,2021-06-05,1911,356545,1699,221393,165,124993,47,10159,323,24646,1580,170617,370,195263,California
Marin,2021-06-06,1407,357952,1357,222750,15,125008,35,10194,203,23681,1203,171820,238,195501,California
Marin,2021-06-07,1941,359893,1823,224573,68,125076,50,10244,251,22295,1686,173506,300,195801,California
Marin,2021-06-08,961,360854,849,225422,75,125151,37,10281,230,21837,725,174231,267,196068,California
Marin,2021-06-09,528,361382,483,225905,38,125189,7,10288,85,21487,442,174673,92,196160,California
Mariposa,2020-12-17,36,36,36,36,0,0,0,0,38,38,0,0,38,38,California
Mariposa,2020-12-18,55,91,55,91,0,0,0,0,56,94,0,0,56,94,California
Mariposa,2020-12-20,2,93,2,93,0,0,0,0,2,96,0,0,2,96,California
Mariposa,2020-12-21,49,142,49,142,0,0,0,0,53,149,0,0,53,149,California
Mariposa,2020-12-22,5,147,5,147,0,0,0,0,5,154,0,0,5,154,California
Mariposa,2020-12-23,17,164,17,164,0,0,0,0,17,171,0,0,17,171,California
Mariposa,2020-12-24,1,165,0,164,1,1,0,0,0,171,1,1,1,172,California
Mariposa,2020-12-26,1,166,1,165,0,1,0,0,1,172,0,1,1,173,California
Mariposa,2020-12-27,1,167,0,165,1,2,0,0,1,173,0,1,1,174,California
Mariposa,2020-12-28,6,173,3,168,3,5,0,0,6,179,0,1,6,180,California
Mariposa,2020-12-29,33,206,3,171,30,35,0,0,33,212,0,1,33,213,California
Mariposa,2020-12-30,26,232,4,175,22,57,0,0,26,238,0,1,26,239,California
Mariposa,2020-12-31,17,249,0,175,17,74,0,0,17,255,0,1,17,256,California
Mariposa,2021-01-02,1,250,1,176,0,74,0,0,1,256,0,1,1,257,California
Mariposa,2021-01-04,9,259,1,177,8,82,0,0,9,265,0,1,9,266,California
Mariposa,2021-01-05,24,283,14,191,10,92,0,0,14,269,10,11,14,280,California
Mariposa,2021-01-06,7,290,4,195,3,95,0,0,4,270,3,14,4,284,California
Mariposa,2021-01-07,50,340,45,240,5,100,0,0,5,230,45,59,5,289,California
Mariposa,2021-01-08,109,449,79,319,30,130,0,0,34,189,75,134,34,323,California
Mariposa,2021-01-11,31,480,10,329,21,151,0,0,23,204,8,142,23,346,California
Mariposa,2021-01-12,19,499,4,333,15,166,0,0,15,215,4,146,15,361,California
Mariposa,2021-01-13,22,521,5,338,17,183,0,0,18,229,4,150,18,379,California
Mariposa,2021-01-14,73,594,7,345,66,249,0,0,67,290,6,156,67,446,California
Mariposa,2021-01-15,68,662,27,372,41,290,0,0,58,338,10,166,58,504,California
Mariposa,2021-01-16,14,676,2,374,12,302,0,0,13,350,1,167,13,517,California
Mariposa,2021-01-17,3,679,0,374,3,305,0,0,3,353,0,167,3,520,California
Mariposa,2021-01-18,3,682,3,377,0,305,0,0,1,352,2,169,1,521,California
Mariposa,2021-01-19,8,690,4,381,4,309,0,0,5,355,2,171,5,526,California
Mariposa,2021-01-20,23,713,1,382,22,331,0,0,22,376,1,172,22,548,California
Mariposa,2021-01-21,66,779,8,390,58,389,0,0,62,434,4,176,62,610,California
Mariposa,2021-01-22,56,835,2,392,54,443,0,0,56,490,0,176,56,666,California
Mariposa,2021-01-23,116,951,2,394,114,557,0,0,114,602,2,178,114,780,California
Mariposa,2021-01-24,2,953,2,396,0,557,0,0,2,604,0,178,2,782,California
Mariposa,2021-01-25,4,957,1,397,3,560,0,0,0,600,4,182,0,782,California
Mariposa,2021-01-26,38,995,4,401,34,594,0,0,6,578,32,214,10,792,California
Mariposa,2021-01-27,26,1021,2,403,24,618,0,0,12,577,13,227,12,804,California
Mariposa,2021-01-28,126,1147,3,406,123,741,0,0,113,678,12,239,113,917,California
Mariposa,2021-01-29,83,1230,22,428,61,802,0,0,82,759,1,240,82,999,California
Mariposa,2021-01-30,9,1239,1,429,8,810,0,0,8,766,1,241,8,1007,California
Mariposa,2021-01-31,1,1240,0,429,1,811,0,0,1,767,0,241,1,1008,California
Mariposa,2021-02-01,90,1330,31,460,59,870,0,0,68,813,22,263,68,1076,California
Mariposa,2021-02-02,15,1345,3,463,12,882,0,0,9,816,6,269,9,1085,California
Mariposa,2021-02-03,21,1366,1,464,20,902,0,0,13,822,7,276,13,1098,California
Mariposa,2021-02-04,99,1465,8,472,91,993,0,0,94,913,4,280,95,1193,California
Mariposa,2021-02-05,192,1657,5,477,187,1180,0,0,166,1053,26,306,166,1359,California
Mariposa,2021-02-06,11,1668,4,481,7,1187,0,0,10,1062,1,307,10,1369,California
Mariposa,2021-02-07,1,1669,0,481,1,1188,0,0,1,1063,0,307,1,1370,California
Mariposa,2021-02-08,42,1711,2,483,40,1228,0,0,23,1067,19,326,23,1393,California
Mariposa,2021-02-09,42,1753,24,507,18,1246,0,0,36,1097,6,332,36,1429,California
Mariposa,2021-02-10,28,1781,5,512,23,1269,0,0,17,1110,10,342,23,1452,California
Mariposa,2021-02-11,375,2156,5,517,370,1639,0,0,361,1460,14,356,364,1816,California
Mariposa,2021-02-12,185,2341,8,525,177,1816,0,0,141,1557,44,400,141,1957,California
Mariposa,2021-02-13,11,2352,3,528,8,1824,0,0,9,1564,2,402,9,1966,California
Mariposa,2021-02-14,9,2361,4,532,5,1829,0,0,5,1565,4,406,5,1971,California
Mariposa,2021-02-15,9,2370,3,535,6,1835,0,0,7,1570,2,408,7,1978,California
Mariposa,2021-02-16,57,2427,34,569,23,1858,0,0,34,1581,23,431,34,2012,California
Mariposa,2021-02-17,37,2464,9,578,28,1886,0,0,27,1600,9,440,28,2040,California
Mariposa,2021-02-18,58,2522,7,585,51,1937,0,0,21,1584,37,477,21,2061,California
Mariposa,2021-02-19,83,2605,3,588,80,2017,0,0,77,1655,6,483,77,2138,California
Mariposa,2021-02-20,254,2859,5,593,249,2266,0,0,224,1850,29,512,224,2362,California
Mariposa,2021-02-21,238,3097,4,597,234,2500,0,0,236,2085,1,513,236,2598,California
Mariposa,2021-02-22,22,3119,7,604,15,2515,0,0,20,2103,2,515,20,2618,California
Mariposa,2021-02-23,45,3164,38,642,7,2522,0,0,26,2110,19,534,26,2644,California
Mariposa,2021-02-24,21,3185,3,645,18,2540,0,0,8,2106,12,546,8,2652,California
Mariposa,2021-02-25,18,3203,9,654,9,2549,0,0,12,2112,6,552,12,2664,California
Mariposa,2021-02-26,429,3632,7,661,422,2971,0,0,369,2422,60,612,370,3034,California
Mariposa,2021-02-27,174,3806,4,665,170,3141,0,0,163,2574,11,623,163,3197,California
Mariposa,2021-02-28,2,3808,1,666,1,3142,0,0,0,2572,2,625,0,3197,California
Mariposa,2021-03-01,82,3890,26,692,56,3198,0,0,16,2523,65,690,16,3213,California
Mariposa,2021-03-02,20,3910,13,705,7,3205,0,0,11,2526,8,698,11,3224,California
Mariposa,2021-03-03,71,3981,5,710,66,3271,0,0,65,2586,6,704,66,3290,California
Mariposa,2021-03-04,41,4022,10,720,31,3302,0,0,20,2586,21,725,21,3311,California
Mariposa,2021-03-05,58,4080,9,729,49,3351,0,0,40,2614,18,743,46,3357,California
Mariposa,2021-03-06,15,4095,6,735,9,3360,0,0,7,2613,8,751,7,3364,California
Mariposa,2021-03-07,1,4096,1,736,0,3360,0,0,0,2612,1,752,0,3364,California
Mariposa,2021-03-08,39,4135,4,740,24,3384,11,11,9,2602,30,782,20,3384,California
Mariposa,2021-03-09,46,4181,18,758,18,3402,10,21,15,2596,31,813,25,3409,California
Mariposa,2021-03-10,31,4212,9,767,12,3414,10,31,10,2595,21,834,20,3429,California
Mariposa,2021-03-11,468,4680,6,773,443,3857,19,50,226,2602,241,1075,248,3677,California
Mariposa,2021-03-12,256,4936,8,781,222,4079,26,76,118,2607,138,1213,143,3820,California
Mariposa,2021-03-13,33,4969,7,788,11,4090,15,91,11,2610,22,1235,25,3845,California
Mariposa,2021-03-14,16,4985,2,790,3,4093,11,102,2,2609,14,1249,13,3858,California
Mariposa,2021-03-15,76,5061,7,797,31,4124,38,140,31,2633,45,1294,69,3927,California
Mariposa,2021-03-16,83,5144,33,830,15,4139,35,175,24,2633,59,1353,59,3986,California
Mariposa,2021-03-17,73,5217,10,840,55,4194,8,183,52,2673,20,1373,60,4046,California
Mariposa,2021-03-18,66,5283,15,855,42,4236,9,192,40,2696,26,1399,49,4095,California
Mariposa,2021-03-19,343,5626,11,866,325,4561,7,199,304,2968,39,1438,311,4406,California
Mariposa,2021-03-20,424,6050,4,870,418,4979,2,201,46,2639,378,1816,49,4455,California
Mariposa,2021-03-21,16,6066,9,879,6,4985,1,202,10,2645,5,1821,11,4466,California
Mariposa,2021-03-22,39,6105,8,887,23,5008,8,210,27,2669,12,1833,36,4502,California
Mariposa,2021-03-23,53,6158,33,920,10,5018,10,220,32,2690,21,1854,42,4544,California
Mariposa,2021-03-24,56,6214,5,925,49,5067,2,222,51,2738,5,1859,53,4597,California
Mariposa,2021-03-25,76,6290,15,940,53,5120,8,230,53,2778,21,1880,61,4658,California
Mariposa,2021-03-26,494,6784,9,949,484,5604,1,231,251,2787,243,2123,252,4910,California
Mariposa,2021-03-27,232,7016,8,957,224,5828,0,231,94,2745,138,2261,96,5006,California
Mariposa,2021-03-28,5,7021,0,957,2,5830,3,234,1,2745,4,2265,4,5010,California
Mariposa,2021-03-29,19,7040,6,963,13,5843,0,234,12,2750,7,2272,12,5022,California
Mariposa,2021-03-30,36,7076,13,976,7,5850,16,250,13,2756,23,2295,29,5051,California
Mariposa,2021-03-31,89,7165,15,991,67,5917,7,257,68,2810,21,2316,75,5126,California
Mariposa,2021-04-01,54,7219,11,1002,35,5952,8,265,35,2834,19,2335,43,5169,California
Mariposa,2021-04-02,349,7568,12,1014,335,6287,2,267,307,3102,41,2376,309,5478,California
Mariposa,2021-04-03,10,7578,7,1021,3,6290,0,267,5,3102,5,2381,5,5483,California
Mariposa,2021-04-04,2,7580,1,1022,0,6290,1,268,0,3101,2,2383,1,5484,California
Mariposa,2021-04-05,33,7613,22,1044,7,6297,4,272,16,3104,17,2400,20,5504,California
Mariposa,2021-04-06,45,7658,20,1064,9,6306,16,288,14,3104,30,2430,30,5534,California
Mariposa,2021-04-07,99,7757,7,1071,73,6379,19,307,29,3082,70,2500,48,5582,California
Mariposa,2021-04-08,282,8039,14,1085,249,6628,19,326,144,3110,136,2636,164,5746,California
Mariposa,2021-04-09,37,8076,9,1094,13,6641,15,341,10,3108,27,2663,25,5771,California
Mariposa,2021-04-10,202,8278,4,1098,188,6829,10,351,187,3291,13,2676,196,5967,California
Mariposa,2021-04-11,123,8401,4,1102,117,6946,2,353,57,3285,66,2742,60,6027,California
Mariposa,2021-04-12,43,8444,13,1115,28,6974,2,355,13,3270,30,2772,15,6042,California
Mariposa,2021-04-13,55,8499,47,1162,8,6982,0,355,35,3285,20,2792,35,6077,California
Mariposa,2021-04-14,113,8612,8,1170,105,7087,0,355,57,3287,55,2847,57,6134,California
Mariposa,2021-04-15,58,8670,16,1186,42,7129,0,355,44,3320,11,2858,44,6178,California
Mariposa,2021-04-16,382,9052,11,1197,371,7500,0,355,106,3150,276,3134,106,6284,California
Mariposa,2021-04-17,10,9062,6,1203,4,7504,0,355,7,3154,3,3137,7,6291,California
Mariposa,2021-04-18,7,9069,0,1203,7,7511,0,355,3,3153,4,3141,3,6294,California
Mariposa,2021-04-19,59,9128,26,1229,33,7544,0,355,31,3158,26,3167,31,6325,California
Mariposa,2021-04-20,62,9190,49,1278,13,7557,0,355,39,3176,21,3188,39,6364,California
Mariposa,2021-04-21,92,9282,14,1292,78,7635,0,355,43,3171,48,3236,43,6407,California
Mariposa,2021-04-22,48,9330,9,1301,39,7674,0,355,37,3198,10,3246,37,6444,California
Mariposa,2021-04-23,315,9645,70,1371,245,7919,0,355,144,3173,171,3417,146,6590,California
Mariposa,2021-04-24,107,9752,10,1381,97,8016,0,355,43,3153,63,3480,43,6633,California
Mariposa,2021-04-26,16,9768,11,1392,5,8021,0,355,5,3147,11,3491,5,6638,California
Mariposa,2021-04-27,33,9801,17,1409,14,8035,2,357,15,3149,15,3506,17,6655,California
Mariposa,2021-04-28,73,9874,14,1423,52,8087,7,364,27,3137,46,3552,34,6689,California
Mariposa,2021-04-29,84,9958,12,1435,71,8158,1,365,79,3212,5,3557,80,6769,California
Mariposa,2021-04-30,210,10168,4,1439,201,8359,5,370,62,3131,148,3705,67,6836,California
Mariposa,2021-05-01,4,10172,2,1441,2,8361,0,370,1,3129,3,3708,1,6837,California
Mariposa,2021-05-02,3,10175,2,1443,0,8361,1,371,0,3127,3,3711,1,6838,California
Mariposa,2021-05-03,16,10191,12,1455,3,8364,1,372,7,3126,9,3720,8,6846,California
Mariposa,2021-05-04,52,10243,32,1487,16,8380,4,376,36,3150,16,3736,40,6886,California
Mariposa,2021-05-05,57,10300,9,1496,46,8426,2,378,18,3131,39,3775,20,6906,California
Mariposa,2021-05-06,56,10356,37,1533,14,8440,5,383,40,3160,16,3791,45,6951,California
Mariposa,2021-05-07,27,10383,7,1540,17,8457,3,386,13,3162,14,3805,16,6967,California
Mariposa,2021-05-08,284,10667,8,1548,276,8733,0,386,33,2946,251,4056,35,7002,California
Mariposa,2021-05-09,2,10669,1,1549,1,8734,0,386,0,2944,2,4058,0,7002,California
Mariposa,2021-05-10,19,10688,8,1557,9,8743,2,388,4,2935,15,4073,6,7008,California
Mariposa,2021-05-11,28,10716,18,1575,9,8752,1,389,19,2947,8,4081,20,7028,California
Mariposa,2021-05-12,67,10783,4,1579,58,8810,5,394,6,2897,61,4142,11,7039,California
Mariposa,2021-05-13,49,10832,8,1587,39,8849,2,396,13,2876,36,4178,15,7054,California
Mariposa,2021-05-14,250,11082,122,1709,121,8970,7,403,118,2869,132,4310,125,7179,California
Mariposa,2021-05-15,18,11100,8,1717,8,8978,2,405,10,2874,6,4316,11,7190,California
Mariposa,2021-05-16,3,11103,1,1718,1,8979,1,406,1,2874,2,4318,2,7192,California
Mariposa,2021-05-17,17,11120,7,1725,6,8985,4,410,7,2874,10,4328,10,7202,California
Mariposa,2021-05-18,61,11181,41,1766,15,9000,5,415,44,2907,16,4344,49,7251,California
Mariposa,2021-05-19,70,11251,32,1798,37,9037,1,416,51,2941,18,4362,52,7303,California
Mariposa,2021-05-20,37,11288,21,1819,14,9051,2,418,16,2938,21,4383,18,7321,California
Mariposa,2021-05-21,92,11380,8,1827,82,9133,2,420,42,2934,48,4431,44,7365,California
Mariposa,2021-05-22,48,11428,6,1833,41,9174,1,421,17,2921,31,4462,18,7383,California
Mariposa,2021-05-23,4,11432,2,1835,1,9175,1,422,2,2922,2,4464,3,7386,California
Mariposa,2021-05-24,14,11446,8,1843,4,9179,2,424,9,2928,5,4469,11,7397,California
Mariposa,2021-05-25,27,11473,17,1860,10,9189,0,424,19,2939,8,4477,19,7416,California
Mariposa,2021-05-26,34,11507,3,1863,27,9216,4,428,28,2965,6,4483,32,7448,California
Mariposa,2021-05-27,119,11626,64,1927,55,9271,0,428,62,2970,57,4540,62,7510,California
Mariposa,2021-05-28,64,11690,4,1931,56,9327,4,432,23,2956,41,4581,27,7537,California
Mariposa,2021-05-29,8,11698,2,1933,5,9332,1,433,3,2957,3,4584,4,7541,California
Mariposa,2021-05-30,1,11699,0,1933,0,9332,1,434,0,2957,1,4585,1,7542,California
Mariposa,2021-05-31,2,11701,0,1933,1,9333,1,435,0,2956,2,4587,1,7543,California
Mariposa,2021-06-01,14,11715,3,1936,11,9344,0,435,5,2952,9,4596,5,7548,California
Mariposa,2021-06-02,26,11741,14,1950,7,9351,5,440,6,2944,19,4615,11,7559,California
Mariposa,2021-06-03,19,11760,10,1960,7,9358,2,442,7,2941,12,4627,9,7568,California
Mariposa,2021-06-04,88,11848,78,2038,9,9367,1,443,26,2907,60,4687,26,7594,California
Mariposa,2021-06-05,27,11875,2,2040,23,9390,2,445,6,2895,20,4707,8,7602,California
Mariposa,2021-06-06,4,11879,3,2043,0,9390,1,446,1,2894,3,4710,2,7604,California
Mariposa,2021-06-07,9,11888,5,2048,4,9394,0,446,4,2894,4,4714,4,7608,California
Mariposa,2021-06-08,38,11926,29,2077,8,9402,1,447,9,2875,29,4743,10,7618,California
Mariposa,2021-06-09,17,11943,15,2092,0,9402,2,449,3,2866,14,4757,5,7623,California
Mendocino,2020-12-17,70,70,70,70,0,0,0,0,70,70,0,0,70,70,California
Mendocino,2020-12-18,85,155,84,154,1,1,0,0,84,154,0,0,84,154,California
Mendocino,2020-12-19,4,159,4,158,0,1,0,0,4,158,0,0,4,158,California
Mendocino,2020-12-20,7,166,7,165,0,1,0,0,7,165,0,0,7,165,California
Mendocino,2020-12-21,240,406,240,405,0,1,0,0,77,242,0,0,77,242,California
Mendocino,2020-12-22,252,658,191,596,61,62,0,0,252,494,0,0,252,494,California
Mendocino,2020-12-23,271,929,48,644,223,285,0,0,270,764,0,0,270,764,California
Mendocino,2020-12-24,48,977,8,652,40,325,0,0,48,812,0,0,48,812,California
Mendocino,2020-12-25,1,978,0,652,1,326,0,0,1,813,0,0,1,813,California
Mendocino,2020-12-26,2,980,2,654,0,326,0,0,2,815,0,0,2,815,California
Mendocino,2020-12-27,1,981,0,654,1,327,0,0,1,816,0,0,1,816,California
Mendocino,2020-12-28,74,1055,9,663,65,392,0,0,74,890,0,0,74,890,California
Mendocino,2020-12-29,120,1175,59,722,61,453,0,0,120,1010,0,0,120,1010,California
Mendocino,2020-12-30,119,1294,66,788,53,506,0,0,119,1129,0,0,119,1129,California
Mendocino,2020-12-31,132,1426,97,885,35,541,0,0,132,1261,0,0,132,1261,California
Mendocino,2021-01-01,9,1435,6,891,3,544,0,0,9,1270,0,0,9,1270,California
Mendocino,2021-01-04,838,2273,18,909,820,1364,0,0,838,2108,0,0,838,2108,California
Mendocino,2021-01-05,74,2347,36,945,38,1402,0,0,61,2156,13,13,61,2169,California
Mendocino,2021-01-06,156,2503,134,1079,22,1424,0,0,146,2292,10,23,146,2315,California
Mendocino,2021-01-07,360,2863,238,1317,122,1546,0,0,297,2526,63,86,297,2612,California
Mendocino,2021-01-08,95,2958,82,1399,13,1559,0,0,41,2514,54,140,42,2654,California
Mendocino,2021-01-09,10,2968,6,1405,4,1563,0,0,8,2520,2,142,8,2662,California
Mendocino,2021-01-10,9,2977,8,1413,1,1564,0,0,2,2515,7,149,2,2664,California
Mendocino,2021-01-11,101,3078,92,1505,9,1573,0,0,43,2501,57,206,43,2707,California
Mendocino,2021-01-12,387,3465,377,1882,10,1583,0,0,271,2656,116,322,271,2978,California
Mendocino,2021-01-13,496,3961,149,2031,347,1930,0,0,451,3065,43,365,452,3430,California
Mendocino,2021-01-14,651,4612,20,2051,631,2561,0,0,642,3698,9,374,642,4072,California
Mendocino,2021-01-15,1873,6485,862,2913,1011,3572,0,0,1868,5562,5,379,1869,5941,California
Mendocino,2021-01-16,795,7280,50,2963,745,4317,0,0,793,6353,2,381,793,6734,California
Mendocino,2021-01-17,554,7834,1,2964,553,4870,0,0,553,6905,1,382,553,7287,California
Mendocino,2021-01-18,486,8320,461,3425,25,4895,0,0,476,7371,10,392,476,7763,California
Mendocino,2021-01-19,330,8650,145,3570,185,5080,0,0,156,7353,174,566,156,7919,California
Mendocino,2021-01-20,555,9205,407,3977,148,5228,0,0,449,7699,104,670,450,8369,California
Mendocino,2021-01-21,539,9744,226,4203,313,5541,0,0,353,7867,185,855,353,8722,California
Mendocino,2021-01-22,152,9896,59,4262,93,5634,0,0,113,7941,39,894,113,8835,California
Mendocino,2021-01-23,156,10052,84,4346,72,5706,0,0,150,8085,6,900,150,8985,California
Mendocino,2021-01-24,5,10057,3,4349,2,5708,0,0,5,8090,0,900,5,8990,California
Mendocino,2021-01-25,193,10250,18,4367,175,5883,0,0,123,8143,70,970,123,9113,California
Mendocino,2021-01-26,153,10403,53,4420,100,5983,0,0,94,8178,59,1029,94,9207,California
Mendocino,2021-01-27,441,10844,371,4791,70,6053,0,0,176,8096,258,1287,176,9383,California
Mendocino,2021-01-28,593,11437,529,5320,64,6117,0,0,499,8502,93,1380,499,9882,California
Mendocino,2021-01-29,392,11829,352,5672,40,6157,0,0,363,8837,29,1409,364,10246,California
Mendocino,2021-01-30,50,11879,33,5705,17,6174,0,0,43,8873,7,1416,43,10289,California
Mendocino,2021-01-31,275,12154,2,5707,273,6447,0,0,4,8606,271,1687,4,10293,California
Mendocino,2021-02-01,382,12536,52,5759,330,6777,0,0,59,8342,323,2010,59,10352,California
Mendocino,2021-02-02,738,13274,518,6277,220,6997,0,0,377,8358,361,2371,377,10729,California
Mendocino,2021-02-03,393,13667,208,6485,185,7182,0,0,223,8413,168,2539,223,10952,California
Mendocino,2021-02-04,627,14294,531,7016,96,7278,0,0,502,8790,125,2664,502,11454,California
Mendocino,2021-02-05,1306,15600,1216,8232,90,7368,0,0,585,8656,719,3383,585,12039,California
Mendocino,2021-02-06,555,16155,154,8386,401,7769,0,0,540,9181,15,3398,540,12579,California
Mendocino,2021-02-07,33,16188,29,8415,4,7773,0,0,33,9214,0,3398,33,12612,California
Mendocino,2021-02-08,748,16936,716,9131,32,7805,0,0,285,9036,463,3861,285,12897,California
Mendocino,2021-02-09,140,17076,58,9189,82,7887,0,0,88,9072,52,3913,88,12985,California
Mendocino,2021-02-10,1490,18566,925,10114,565,8452,0,0,742,9073,741,4654,742,13727,California
Mendocino,2021-02-11,1210,19776,208,10322,1002,9454,0,0,300,8463,910,5564,300,14027,California
Mendocino,2021-02-12,1459,21235,163,10485,1296,10750,0,0,658,8321,800,6364,658,14685,California
Mendocino,2021-02-13,504,21739,15,10500,489,11239,0,0,106,8035,397,6761,111,14796,California
Mendocino,2021-02-14,696,22435,4,10504,692,11931,0,0,136,7611,560,7321,136,14932,California
Mendocino,2021-02-15,330,22765,42,10546,288,12219,0,0,174,7629,156,7477,174,15106,California
Mendocino,2021-02-16,199,22964,52,10598,147,12366,0,0,128,7686,71,7548,128,15234,California
Mendocino,2021-02-17,1357,24321,1194,11792,163,12529,0,0,880,8091,475,8023,880,16114,California
Mendocino,2021-02-18,1788,26109,645,12437,1143,13672,0,0,1221,8747,565,8588,1221,17335,California
Mendocino,2021-02-19,755,26864,147,12584,608,14280,0,0,613,9219,142,8730,614,17949,California
Mendocino,2021-02-20,581,27445,555,13139,26,14306,0,0,548,9736,31,8761,548,18497,California
Mendocino,2021-02-21,325,27770,6,13145,319,14625,0,0,313,10038,11,8772,313,18810,California
Mendocino,2021-02-22,161,27931,29,13174,132,14757,0,0,69,10017,90,8862,69,18879,California
Mendocino,2021-02-23,858,28789,845,14019,13,14770,0,0,645,10451,211,9073,645,19524,California
Mendocino,2021-02-24,1854,30643,1771,15790,83,14853,0,0,1441,11486,408,9481,1443,20967,California
Mendocino,2021-02-25,1709,32352,534,16324,1175,16028,0,0,1285,12348,423,9904,1285,22252,California
Mendocino,2021-02-26,1417,33769,751,17075,666,16694,0,0,1054,13042,360,10264,1054,23306,California
Mendocino,2021-02-27,199,33968,148,17223,51,16745,0,0,78,13000,120,10384,78,23384,California
Mendocino,2021-02-28,35,34003,13,17236,22,16767,0,0,24,13013,11,10395,24,23408,California
Mendocino,2021-03-01,592,34595,550,17786,42,16809,0,0,552,13528,37,10432,552,23960,California
Mendocino,2021-03-02,76,34671,27,17813,49,16858,0,0,41,13535,34,10466,41,24001,California
Mendocino,2021-03-03,2035,36706,1334,19147,701,17559,0,0,1383,14269,649,11115,1383,25384,California
Mendocino,2021-03-04,1851,38557,149,19296,1702,19261,0,0,1633,15688,215,11330,1634,27018,California
Mendocino,2021-03-05,473,39030,415,19711,49,19310,9,9,371,15970,98,11428,380,27398,California
Mendocino,2021-03-06,247,39277,24,19735,197,19507,26,35,203,16156,43,11471,229,27627,California
Mendocino,2021-03-07,507,39784,8,19743,479,19986,20,55,117,15903,389,11860,136,27763,California
Mendocino,2021-03-08,124,39908,28,19771,58,20044,38,93,64,15947,58,11918,102,27865,California
Mendocino,2021-03-09,938,40846,600,20371,297,20341,41,134,832,16714,106,12024,873,28738,California
Mendocino,2021-03-10,1147,41993,984,21355,98,20439,65,199,270,16179,873,12897,338,29076,California
Mendocino,2021-03-11,843,42836,628,21983,162,20601,53,252,401,16194,439,13336,454,29530,California
Mendocino,2021-03-12,2067,44903,1054,23037,899,21500,114,366,1235,16718,825,14161,1349,30879,California
Mendocino,2021-03-13,705,45608,572,23609,75,21575,58,424,105,16285,596,14757,163,31042,California
Mendocino,2021-03-14,106,45714,4,23613,95,21670,7,431,12,16214,90,14847,19,31061,California
Mendocino,2021-03-15,604,46318,51,23664,494,22164,59,490,214,16098,388,15235,272,31333,California
Mendocino,2021-03-16,580,46898,386,24050,148,22312,46,536,117,15800,461,15696,163,31496,California
Mendocino,2021-03-17,1586,48484,1384,25434,53,22365,149,685,217,14807,1365,17061,372,31868,California
Mendocino,2021-03-18,1312,49796,248,25682,1027,23392,37,722,284,14107,1020,18081,320,32188,California
Mendocino,2021-03-19,1780,51576,857,26539,863,24255,60,782,332,13058,1443,19524,394,32582,California
Mendocino,2021-03-20,68,51644,10,26549,38,24293,20,802,11,13032,57,19581,31,32613,California
Mendocino,2021-03-21,8,51652,1,26550,2,24295,5,807,3,13035,5,19586,8,32621,California
Mendocino,2021-03-22,660,52312,616,27166,15,24310,29,836,146,12699,510,20096,174,32795,California
Mendocino,2021-03-23,163,52475,32,27198,101,24411,30,866,112,12791,50,20146,142,32937,California
Mendocino,2021-03-24,913,53388,841,28039,25,24436,47,913,109,12145,802,20948,156,33093,California
Mendocino,2021-03-25,2019,55407,55,28094,1944,26380,20,933,179,10508,1834,22782,197,33290,California
Mendocino,2021-03-26,544,55951,393,28487,126,26506,25,958,113,10215,431,23213,138,33428,California
Mendocino,2021-03-27,145,56096,14,28501,119,26625,12,970,80,10242,64,23277,91,33519,California
Mendocino,2021-03-28,25,56121,5,28506,16,26641,4,974,4,10230,20,23297,8,33527,California
Mendocino,2021-03-29,190,56311,99,28605,47,26688,44,1018,97,10278,93,23390,141,33668,California
Mendocino,2021-03-30,716,57027,631,29236,48,26736,37,1055,104,9809,610,24000,141,33809,California
Mendocino,2021-03-31,915,57942,280,29516,574,27310,61,1116,153,9264,760,24760,215,34024,California
Mendocino,2021-04-01,1750,59692,421,29937,1248,28558,81,1197,379,8363,1361,26121,460,34484,California
Mendocino,2021-04-02,1307,60999,1075,31012,159,28717,73,1270,158,7448,1146,27267,231,34715,California
Mendocino,2021-04-03,710,61709,11,31023,678,29395,21,1291,87,6938,618,27885,108,34823,California
Mendocino,2021-04-04,71,61780,35,31058,30,29425,6,1297,55,6983,16,27901,61,34884,California
Mendocino,2021-04-05,211,61991,141,31199,46,29471,24,1321,125,7043,86,27987,146,35030,California
Mendocino,2021-04-06,395,62386,122,31321,178,29649,95,1416,106,6955,289,28276,201,35231,California
Mendocino,2021-04-07,489,62875,178,31499,65,29714,246,1662,115,6944,371,28647,360,35591,California
Mendocino,2021-04-08,1502,64377,922,32421,465,30179,115,1777,1008,7581,487,29134,1124,36715,California
Mendocino,2021-04-09,762,65139,429,32850,172,30351,161,1938,398,7777,363,29497,559,37274,California
Mendocino,2021-04-10,409,65548,92,32942,272,30623,45,1983,100,7613,309,29806,145,37419,California
Mendocino,2021-04-11,121,65669,47,32989,19,30642,55,2038,59,7665,62,29868,114,37533,California
Mendocino,2021-04-12,624,66293,515,33504,49,30691,60,2098,409,7919,215,30083,469,38002,California
Mendocino,2021-04-13,289,66582,227,33731,62,30753,0,2098,222,8074,67,30150,222,38224,California
Mendocino,2021-04-14,521,67103,427,34158,94,30847,0,2098,421,8395,100,30250,421,38645,California
Mendocino,2021-04-15,663,67766,330,34488,333,31180,0,2098,388,8515,270,30520,390,39035,California
Mendocino,2021-04-16,123,67889,53,34541,69,31249,1,2099,76,8545,46,30566,76,39111,California
Mendocino,2021-04-17,195,68084,13,34554,182,31431,0,2099,68,8488,125,30691,68,39179,California
Mendocino,2021-04-18,14,68098,6,34560,8,31439,0,2099,7,8490,5,30696,7,39186,California
Mendocino,2021-04-19,539,68637,515,35075,23,31462,1,2100,427,8807,111,30807,428,39614,California
Mendocino,2021-04-20,419,69056,291,35366,128,31590,0,2100,263,8915,155,30962,263,39877,California
Mendocino,2021-04-21,191,69247,134,35500,56,31646,1,2101,115,8956,74,31036,115,39992,California
Mendocino,2021-04-22,488,69735,314,35814,173,31819,1,2102,315,9101,170,31206,315,40307,California
Mendocino,2021-04-23,853,70588,703,36517,150,31969,0,2102,697,9645,153,31359,697,41004,California
Mendocino,2021-04-24,107,70695,14,36531,93,32062,0,2102,100,9738,7,31366,100,41104,California
Mendocino,2021-04-25,58,70753,34,36565,20,32082,4,2106,19,9722,39,31405,23,41127,California
Mendocino,2021-04-26,308,71061,239,36804,64,32146,5,2111,201,9822,106,31511,206,41333,California
Mendocino,2021-04-27,206,71267,90,36894,89,32235,27,2138,94,9831,111,31622,120,41453,California
Mendocino,2021-04-28,223,71490,150,37044,54,32289,19,2157,127,9882,96,31718,147,41600,California
Mendocino,2021-04-29,1144,72634,842,37886,287,32576,15,2172,108,8974,1031,32749,123,41723,California
Mendocino,2021-04-30,608,73242,384,38270,214,32790,10,2182,228,8833,379,33128,238,41961,California
Mendocino,2021-05-01,473,73715,433,38703,33,32823,7,2189,368,9104,104,33232,375,42336,California
Mendocino,2021-05-02,55,73770,45,38748,7,32830,3,2192,8,9068,47,33279,11,42347,California
Mendocino,2021-05-03,147,73917,85,38833,40,32870,22,2214,43,9031,102,33381,65,42412,California
Mendocino,2021-05-04,378,74295,252,39085,92,32962,34,2248,140,8967,238,33619,174,42586,California
Mendocino,2021-05-05,874,75169,788,39873,71,33033,15,2263,220,8548,653,34272,234,42820,California
Mendocino,2021-05-06,632,75801,381,40254,229,33262,22,2285,155,8250,475,34747,177,42997,California
Mendocino,2021-05-07,187,75988,35,40289,128,33390,24,2309,123,8334,63,34810,147,43144,California
Mendocino,2021-05-08,125,76113,4,40293,120,33510,1,2310,109,8429,15,34825,110,43254,California
Mendocino,2021-05-09,20,76133,5,40298,14,33524,1,2311,3,8416,17,34842,4,43258,California
Mendocino,2021-05-10,246,76379,163,40461,78,33602,5,2316,152,8479,94,34936,157,43415,California
Mendocino,2021-05-11,276,76655,141,40602,117,33719,18,2334,128,8476,147,35083,144,43559,California
Mendocino,2021-05-12,141,76796,80,40682,53,33772,8,2342,43,8431,96,35179,51,43610,California
Mendocino,2021-05-13,1230,78026,1123,41805,90,33862,17,2359,322,7862,908,36087,339,43949,California
Mendocino,2021-05-14,716,78742,489,42294,163,34025,64,2423,245,7705,466,36553,309,44258,California
Mendocino,2021-05-15,85,78827,29,42323,52,34077,4,2427,40,7704,45,36598,44,44302,California
Mendocino,2021-05-16,116,78943,103,42426,11,34088,2,2429,100,7790,16,36614,102,44404,California
Mendocino,2021-05-17,172,79115,84,42510,72,34160,16,2445,95,7824,77,36691,111,44515,California
Mendocino,2021-05-18,244,79359,118,42628,98,34258,28,2473,107,7822,136,36827,134,44649,California
Mendocino,2021-05-19,330,79689,195,42823,114,34372,21,2494,243,8001,85,36912,264,44913,California
Mendocino,2021-05-20,293,79982,115,42938,136,34508,42,2536,107,7968,182,37094,149,45062,California
Mendocino,2021-05-21,635,80617,462,43400,158,34666,15,2551,493,8335,141,37235,508,45570,California
Mendocino,2021-05-22,782,81399,675,44075,99,34765,8,2559,242,8046,539,37774,250,45820,California
Mendocino,2021-05-23,27,81426,10,44085,10,34775,7,2566,14,8053,13,37787,20,45840,California
Mendocino,2021-05-24,126,81552,43,44128,62,34837,21,2587,59,8067,66,37853,80,45920,California
Mendocino,2021-05-25,294,81846,176,44304,89,34926,29,2616,134,8070,160,38013,163,46083,California
Mendocino,2021-05-26,321,82167,242,44546,68,34994,11,2627,130,8021,190,38203,141,46224,California
Mendocino,2021-05-27,245,82412,112,44658,111,35105,22,2649,102,8003,141,38344,123,46347,California
Mendocino,2021-05-28,235,82647,97,44755,126,35231,12,2661,154,8090,79,38423,166,46513,California
Mendocino,2021-05-29,47,82694,16,44771,26,35257,5,2666,27,8102,20,38443,32,46545,California
Mendocino,2021-05-30,15,82709,2,44773,12,35269,1,2667,10,8108,5,38448,11,46556,California
Mendocino,2021-05-31,5,82714,0,44773,4,35273,1,2668,2,8108,3,38451,3,46559,California
Mendocino,2021-06-01,298,83012,91,44864,198,35471,9,2677,81,7981,217,38668,90,46649,California
Mendocino,2021-06-02,158,83170,60,44924,90,35561,8,2685,57,7948,98,38766,65,46714,California
Mendocino,2021-06-03,555,83725,454,45378,92,35653,9,2694,122,7653,426,39192,131,46845,California
Mendocino,2021-06-04,310,84035,187,45565,101,35754,22,2716,80,7525,230,39422,102,46947,California
Mendocino,2021-06-05,129,84164,65,45630,47,35801,17,2733,58,7530,70,39492,75,47022,California
Mendocino,2021-06-06,64,84228,59,45689,2,35803,3,2736,2,7473,62,39554,5,47027,California
Mendocino,2021-06-07,152,84380,76,45765,64,35867,12,2748,60,7453,92,39646,72,47099,California
Mendocino,2021-06-08,212,84592,124,45889,76,35943,12,2760,89,7434,120,39766,101,47200,California
Mendocino,2021-06-09,155,84747,142,46031,12,35955,1,2761,59,7399,96,39862,61,47261,California
Merced,2020-12-16,3,3,3,3,0,0,0,0,3,3,0,0,3,3,California
Merced,2020-12-17,7,10,7,10,0,0,0,0,7,10,0,0,7,10,California
Merced,2020-12-18,145,155,145,155,0,0,0,0,145,155,0,0,145,155,California
Merced,2020-12-19,37,192,37,192,0,0,0,0,37,192,0,0,37,192,California
Merced,2020-12-20,18,210,18,210,0,0,0,0,18,210,0,0,18,210,California
Merced,2020-12-21,124,334,121,331,3,3,0,0,124,334,0,0,124,334,California
Merced,2020-12-22,152,486,152,483,0,3,0,0,152,486,0,0,152,486,California
Merced,2020-12-23,250,736,244,727,6,9,0,0,250,736,0,0,250,736,California
Merced,2020-12-24,72,808,72,799,0,9,0,0,72,808,0,0,72,808,California
Merced,2020-12-25,4,812,4,803,0,9,0,0,4,812,0,0,4,812,California
Merced,2020-12-26,6,818,3,806,3,12,0,0,6,818,0,0,6,818,California
Merced,2020-12-27,12,830,11,817,1,13,0,0,12,830,0,0,12,830,California
Merced,2020-12-28,122,952,97,914,25,38,0,0,122,952,0,0,122,952,California
Merced,2020-12-29,181,1133,124,1038,57,95,0,0,181,1133,0,0,181,1133,California
Merced,2020-12-30,216,1349,89,1127,127,222,0,0,216,1349,0,0,216,1349,California
Merced,2020-12-31,103,1452,34,1161,69,291,0,0,103,1452,0,0,103,1452,California
Merced,2021-01-01,5,1457,1,1162,4,295,0,0,5,1457,0,0,5,1457,California
Merced,2021-01-02,129,1586,118,1280,11,306,0,0,129,1586,0,0,129,1586,California
Merced,2021-01-03,9,1595,5,1285,4,310,0,0,9,1595,0,0,9,1595,California
Merced,2021-01-04,81,1676,43,1328,38,348,0,0,81,1676,0,0,81,1676,California
Merced,2021-01-05,321,1997,232,1560,89,437,0,0,315,1987,6,6,317,1993,California
Merced,2021-01-06,256,2253,104,1664,152,589,0,0,251,2233,5,11,251,2244,California
Merced,2021-01-07,186,2439,83,1747,103,692,0,0,175,2396,12,23,175,2419,California
Merced,2021-01-08,527,2966,394,2141,133,825,0,0,374,2618,152,175,374,2793,California
Merced,2021-01-09,22,2988,9,2150,13,838,0,0,17,2630,5,180,17,2810,California
Merced,2021-01-10,11,2999,7,2157,4,842,0,0,7,2633,4,184,7,2817,California
Merced,2021-01-11,230,3229,171,2328,59,901,0,0,103,2611,127,311,105,2922,California
Merced,2021-01-12,291,3520,168,2496,123,1024,0,0,243,2805,49,360,243,3165,California
Merced,2021-01-13,378,3898,175,2671,203,1227,0,0,226,2882,152,512,229,3394,California
Merced,2021-01-14,323,4221,201,2872,122,1349,0,0,157,2875,165,677,158,3552,California
Merced,2021-01-15,584,4805,129,3001,455,1804,0,0,545,3383,40,717,548,4100,California
Merced,2021-01-16,213,5018,129,3130,84,1888,0,0,196,3562,17,734,196,4296,California
Merced,2021-01-17,50,5068,12,3142,38,1926,0,0,49,3610,1,735,49,4345,California
Merced,2021-01-18,263,5331,126,3268,137,2063,0,0,240,3831,23,758,244,4589,California
Merced,2021-01-19,713,6044,589,3857,124,2187,0,0,540,4203,173,931,545,5134,California
Merced,2021-01-20,572,6616,467,4324,105,2292,0,0,515,4664,57,988,518,5652,California
Merced,2021-01-21,1011,7627,651,4975,360,2652,0,0,911,5478,100,1088,914,6566,California
Merced,2021-01-22,1315,8942,694,5669,621,3273,0,0,1287,6750,27,1115,1299,7865,California
Merced,2021-01-23,325,9267,198,5867,127,3400,0,0,218,6861,107,1222,218,8083,California
Merced,2021-01-24,37,9304,15,5882,22,3422,0,0,28,6881,8,1230,28,8111,California
Merced,2021-01-25,730,10034,242,6124,488,3910,0,0,669,7491,60,1290,670,8781,California
Merced,2021-01-26,920,10954,488,6612,432,4342,0,0,677,7953,216,1506,678,9459,California
Merced,2021-01-27,985,11939,588,7200,397,4739,0,0,816,8602,167,1673,816,10275,California
Merced,2021-01-28,1141,13080,595,7795,546,5285,0,0,1017,9497,123,1796,1018,11293,California
Merced,2021-01-29,852,13932,323,8118,529,5814,0,0,599,9859,240,2036,602,11895,California
Merced,2021-01-30,260,14192,28,8146,232,6046,0,0,243,10085,17,2053,243,12138,California
Merced,2021-01-31,47,14239,11,8157,36,6082,0,0,46,10130,1,2054,46,12184,California
Merced,2021-02-01,378,14617,55,8212,323,6405,0,0,327,10408,50,2104,328,12512,California
Merced,2021-02-02,298,14915,179,8391,119,6524,0,0,178,10470,117,2221,179,12691,California
Merced,2021-02-03,350,15265,72,8463,278,6802,0,0,170,10459,181,2402,170,12861,California
Merced,2021-02-04,370,15635,145,8608,225,7027,0,0,239,10569,130,2532,240,13101,California
Merced,2021-02-05,508,16143,169,8777,339,7366,0,0,271,10606,236,2768,273,13374,California
Merced,2021-02-06,389,16532,218,8995,171,7537,0,0,245,10711,141,2909,246,13620,California
Merced,2021-02-07,20,16552,12,9007,8,7545,0,0,13,10717,7,2916,13,13633,California
Merced,2021-02-08,284,16836,199,9206,85,7630,0,0,171,10778,111,3027,172,13805,California
Merced,2021-02-09,1216,18052,956,10162,260,7890,0,0,772,11115,436,3463,773,14578,California
Merced,2021-02-10,1858,19910,1433,11595,425,8315,0,0,1274,11815,574,4037,1274,15852,California
Merced,2021-02-11,2506,22416,2011,13606,495,8810,0,0,1815,12951,679,4716,1815,17667,California
Merced,2021-02-12,1721,24137,1019,14625,702,9512,0,0,746,12743,957,5673,749,18416,California
Merced,2021-02-13,362,24499,208,14833,154,9666,0,0,263,12913,95,5768,265,18681,California
Merced,2021-02-14,118,24617,26,14859,92,9758,0,0,96,12988,22,5790,97,18778,California
Merced,2021-02-15,274,24891,42,14901,232,9990,0,0,169,13060,98,5888,170,18948,California
Merced,2021-02-16,1217,26108,845,15746,372,10362,0,0,835,13536,363,6251,839,19787,California
Merced,2021-02-17,1887,27995,1641,17387,246,10608,0,0,1312,14298,559,6810,1321,21108,California
Merced,2021-02-18,1215,29210,824,18211,391,10999,0,0,405,13917,789,7599,408,21516,California
Merced,2021-02-19,1264,30474,415,18626,849,11848,0,0,538,13737,720,8319,540,22056,California
Merced,2021-02-20,279,30753,32,18658,247,12095,0,0,140,13740,137,8456,140,22196,California
Merced,2021-02-21,77,30830,62,18720,15,12110,0,0,31,13727,44,8500,31,22227,California
Merced,2021-02-22,832,31662,295,19015,537,12647,0,0,481,13860,349,8849,482,22709,California
Merced,2021-02-23,1081,32743,420,19435,661,13308,0,0,637,14060,438,9287,638,23347,California
Merced,2021-02-24,821,33564,303,19738,518,13826,0,0,450,14149,362,9649,451,23798,California
Merced,2021-02-25,1772,35336,880,20618,892,14718,0,0,1318,15019,451,10100,1321,25119,California
Merced,2021-02-26,2157,37493,1382,22000,775,15493,0,0,1742,16354,408,10508,1743,26862,California
Merced,2021-02-27,2609,40102,1183,23183,1426,16919,0,0,2325,18396,283,10791,2325,29187,California
Merced,2021-02-28,312,40414,74,23257,237,17156,1,1,257,18602,51,10842,257,29444,California
Merced,2021-03-01,1127,41541,284,23541,842,17998,1,2,783,19052,334,11176,784,30228,California
Merced,2021-03-02,1757,43298,911,24452,845,18843,1,3,1362,20030,387,11563,1365,31593,California
Merced,2021-03-03,2234,45532,1736,26188,497,19340,1,4,1471,20759,744,12307,1473,33066,California
Merced,2021-03-04,2899,48431,2274,28462,623,19963,2,6,1924,21729,957,13264,1927,34993,California
Merced,2021-03-05,2078,50509,1199,29661,855,20818,24,30,1534,22759,529,13793,1559,36552,California
Merced,2021-03-06,1167,51676,663,30324,482,21300,22,52,911,23437,255,14048,933,37485,California
Merced,2021-03-07,231,51907,67,30391,139,21439,25,77,202,23635,29,14077,227,37712,California
Merced,2021-03-08,1406,53313,808,31199,533,21972,65,142,1190,24674,215,14292,1254,38966,California
Merced,2021-03-09,1697,55010,1004,32203,585,22557,108,250,1099,25289,592,14884,1207,40173,California
Merced,2021-03-10,2710,57720,1875,34078,634,23191,201,451,1631,26060,1064,15948,1835,42008,California
Merced,2021-03-11,1950,59670,700,34778,1048,24239,202,653,1230,26809,705,16653,1454,43462,California
Merced,2021-03-12,2217,61887,903,35681,1042,25281,272,925,1496,27873,716,17369,1780,45242,California
Merced,2021-03-13,1008,62895,310,35991,457,25738,241,1166,704,28523,296,17665,946,46188,California
Merced,2021-03-14,251,63146,137,36128,84,25822,30,1196,150,28603,100,17765,180,46368,California
Merced,2021-03-15,1528,64674,498,36626,773,26595,257,1453,1006,29350,515,18280,1262,47630,California
Merced,2021-03-16,1470,66144,714,37340,529,27124,227,1680,978,30075,481,18761,1206,48836,California
Merced,2021-03-17,1971,68115,1066,38406,727,27851,178,1858,1514,31322,447,19208,1694,50530,California
Merced,2021-03-18,2124,70239,1251,39657,727,28578,146,2004,1396,32164,713,19921,1555,52085,California
Merced,2021-03-19,2669,72908,1457,41114,1017,29595,195,2199,1384,32469,1274,21195,1579,53664,California
Merced,2021-03-20,2455,75363,1525,42639,535,30130,395,2594,963,32345,1487,22682,1363,55027,California
Merced,2021-03-21,556,75919,343,42982,201,30331,12,2606,437,32677,119,22801,451,55478,California
Merced,2021-03-22,1265,77184,631,43613,557,30888,77,2683,886,33272,370,23171,965,56443,California
Merced,2021-03-23,1836,79020,1107,44720,665,31553,64,2747,1354,34214,476,23647,1418,57861,California
Merced,2021-03-24,1471,80491,930,45650,506,32059,35,2782,991,34766,474,24121,1026,58887,California
Merced,2021-03-25,3328,83819,2281,47931,1024,33083,23,2805,2086,35648,1230,25351,2112,60999,California
Merced,2021-03-26,1940,85759,1091,49022,815,33898,34,2839,893,35539,1035,26386,926,61925,California
Merced,2021-03-27,3566,89325,1909,50931,1240,35138,417,3256,1555,35515,1997,28383,1973,63898,California
Merced,2021-03-28,523,89848,216,51147,299,35437,8,3264,214,35430,307,28690,222,64120,California
Merced,2021-03-29,1830,91678,781,51928,882,36319,167,3431,670,35120,1151,29841,841,64961,California
Merced,2021-03-30,2149,93827,804,52732,1286,37605,59,3490,990,35018,1153,30994,1051,66012,California
Merced,2021-03-31,2149,95976,1412,54144,699,38304,38,3528,953,34832,1178,32172,992,67004,California
Merced,2021-04-01,2307,98283,1034,55178,1143,39447,130,3658,1025,34716,1271,33443,1155,68159,California
Merced,2021-04-02,2338,100621,640,55818,1293,40740,405,4063,785,34371,1536,34979,1191,69350,California
Merced,2021-04-03,966,101587,488,56306,463,41203,15,4078,555,34536,407,35386,572,69922,California
Merced,2021-04-04,370,101957,143,56449,224,41427,3,4081,141,34454,228,35614,146,70068,California
Merced,2021-04-05,1277,103234,609,57058,455,41882,213,4294,419,34234,851,36465,631,70699,California
Merced,2021-04-06,2421,105655,894,57952,699,42581,828,5122,890,34424,1526,37991,1716,72415,California
Merced,2021-04-07,1669,107324,894,58846,667,43248,108,5230,590,34063,1061,39052,700,73115,California
Merced,2021-04-08,2356,109680,1221,60067,919,44167,216,5446,869,33691,1455,40507,1083,74198,California
Merced,2021-04-09,1696,111376,472,60539,648,44815,576,6022,565,33722,1112,41619,1143,75341,California
Merced,2021-04-10,980,112356,369,60908,424,45239,187,6209,176,33285,798,42417,361,75702,California
Merced,2021-04-11,488,112844,282,61190,72,45311,134,6343,148,33230,338,42755,283,75985,California
Merced,2021-04-12,1478,114322,960,62150,394,45705,124,6467,843,33598,599,43354,967,76952,California
Merced,2021-04-13,2044,116366,1464,63614,577,46282,3,6470,939,33530,1014,44368,946,77898,California
Merced,2021-04-14,2062,118428,1229,64843,833,47115,0,6470,909,33421,1021,45389,912,78810,California
Merced,2021-04-15,3023,121451,1979,66822,1044,48159,0,6470,955,32547,1835,47224,961,79771,California
Merced,2021-04-16,2379,123830,1165,67987,1214,49373,0,6470,970,32206,1311,48535,970,80741,California
Merced,2021-04-17,2038,125868,1379,69366,658,50031,1,6471,637,31451,1394,49929,639,81380,California
Merced,2021-04-18,471,126339,248,69614,223,50254,0,6471,191,31390,252,50181,191,81571,California
Merced,2021-04-19,1337,127676,751,70365,586,50840,0,6471,706,31562,535,50716,707,82278,California
Merced,2021-04-20,1476,129152,741,71106,735,51575,0,6471,804,31763,603,51319,804,83082,California
Merced,2021-04-21,1504,130656,912,72018,592,52167,0,6471,763,31898,629,51948,764,83846,California
Merced,2021-04-22,1620,132276,743,72761,877,53044,0,6471,783,31926,756,52704,784,84630,California
Merced,2021-04-23,1648,133924,685,73446,963,54007,0,6471,887,32099,715,53419,888,85518,California
Merced,2021-04-24,596,134520,426,73872,170,54177,0,6471,403,32314,188,53607,403,85921,California
Merced,2021-04-25,326,134846,186,74058,140,54317,0,6471,191,32373,132,53739,191,86112,California
Merced,2021-04-26,1220,136066,534,74592,686,55003,0,6471,640,32468,547,54286,642,86754,California
Merced,2021-04-27,1767,137833,892,75484,864,55867,11,6482,713,32208,985,55271,725,87479,California
Merced,2021-04-28,1371,139204,679,76163,683,56550,9,6491,784,32437,565,55836,794,88273,California
Merced,2021-04-29,1413,140617,601,76764,787,57337,25,6516,657,32374,747,56583,684,88957,California
Merced,2021-04-30,1458,142075,617,77381,797,58134,44,6560,749,32465,703,57286,794,89751,California
Merced,2021-05-01,559,142634,240,77621,314,58448,5,6565,259,32432,296,57582,263,90014,California
Merced,2021-05-02,296,142930,121,77742,160,58608,15,6580,132,32418,163,57745,149,90163,California
Merced,2021-05-03,845,143775,554,78296,221,58829,70,6650,303,32253,539,58284,374,90537,California
Merced,2021-05-04,1015,144790,543,78839,420,59249,52,6702,374,32041,638,58922,426,90963,California
Merced,2021-05-05,1239,146029,741,79580,422,59671,76,6778,555,32000,673,59595,632,91595,California
Merced,2021-05-06,917,146946,480,80060,387,60058,50,6828,302,31745,607,60202,352,91947,California
Merced,2021-05-07,936,147882,292,80352,602,60660,42,6870,397,31651,535,60737,441,92388,California
Merced,2021-05-08,396,148278,202,80554,158,60818,36,6906,181,31654,214,60951,217,92605,California
Merced,2021-05-09,213,148491,106,80660,100,60918,7,6913,102,31653,110,61061,109,92714,California
Merced,2021-05-10,693,149184,355,81015,301,61219,37,6950,189,31377,503,61564,227,92941,California
Merced,2021-05-11,1139,150323,677,81692,406,61625,56,7006,436,31172,697,62261,492,93433,California
Merced,2021-05-12,1014,151337,548,82240,425,62050,41,7047,324,30851,687,62948,366,93799,California
Merced,2021-05-13,815,152152,415,82655,358,62408,42,7089,307,30697,504,63452,350,94149,California
Merced,2021-05-14,1026,153178,617,83272,369,62777,40,7129,537,30791,483,63935,577,94726,California
Merced,2021-05-15,753,153931,570,83842,164,62941,19,7148,446,30960,297,64232,466,95192,California
Merced,2021-05-16,349,154280,233,84075,108,63049,8,7156,200,31022,147,64379,209,95401,California
Merced,2021-05-17,1093,155373,713,84788,350,63399,30,7186,540,31046,547,64926,571,95972,California
Merced,2021-05-18,1270,156643,850,85638,389,63788,31,7217,718,31250,545,65471,749,96721,California
Merced,2021-05-19,1100,157743,751,86389,342,64130,7,7224,622,31408,475,65946,633,97354,California
Merced,2021-05-20,1002,158745,541,86930,406,64536,55,7279,377,31219,623,66569,434,97788,California
Merced,2021-05-21,1128,159873,627,87557,473,65009,28,7307,471,31071,647,67216,499,98287,California
Merced,2021-05-22,665,160538,473,88030,179,65188,13,7320,378,31179,284,67500,392,98679,California
Merced,2021-05-23,327,160865,230,88260,85,65273,12,7332,219,31303,107,67607,231,98910,California
Merced,2021-05-24,533,161398,247,88507,256,65529,30,7362,215,31235,314,67921,246,99156,California
Merced,2021-05-25,760,162158,430,88937,296,65825,34,7396,400,31312,357,68278,434,99590,California
Merced,2021-05-26,967,163125,544,89481,390,66215,33,7429,401,31182,564,68842,434,100024,California
Merced,2021-05-27,925,164050,654,90135,238,66453,33,7462,574,31442,348,69190,608,100632,California
Merced,2021-05-28,764,164814,345,90480,372,66825,47,7509,339,31412,417,69607,387,101019,California
Merced,2021-05-29,393,165207,273,90753,112,66937,8,7517,174,31379,216,69823,183,101202,California
Merced,2021-05-30,213,165420,145,90898,57,66994,11,7528,134,31446,78,69901,145,101347,California
Merced,2021-05-31,110,165530,24,90922,80,67074,6,7534,31,31407,77,69978,38,101385,California
Merced,2021-06-01,789,166319,468,91390,289,67363,32,7566,340,31333,445,70423,371,101756,California
Merced,2021-06-02,676,166995,481,91871,169,67532,26,7592,372,31434,297,70720,398,102154,California
Merced,2021-06-03,751,167746,478,92349,240,67772,33,7625,346,31412,400,71120,378,102532,California
Merced,2021-06-04,742,168488,440,92789,281,68053,21,7646,313,31323,424,71544,335,102867,California
Merced,2021-06-05,481,168969,380,93169,93,68146,8,7654,177,31207,301,71845,185,103052,California
Merced,2021-06-06,225,169194,190,93359,29,68175,6,7660,84,31156,141,71986,90,103142,California
Merced,2021-06-07,622,169816,511,93870,99,68274,12,7672,179,30906,443,72429,193,103335,California
Merced,2021-06-08,802,170618,614,94484,164,68438,24,7696,259,30649,540,72969,283,103618,California
Merced,2021-06-09,312,170930,251,94735,50,68488,11,7707,60,30474,246,73215,71,103689,California
Modoc,2020-12-16,1,1,1,1,0,0,0,0,1,1,0,0,1,1,California
Modoc,2020-12-21,100,101,100,101,0,0,0,0,100,101,0,0,100,101,California
Modoc,2020-12-22,14,115,14,115,0,0,0,0,14,115,0,0,14,115,California
Modoc,2020-12-23,4,119,4,119,0,0,0,0,4,119,0,0,4,119,California
Modoc,2020-12-24,1,120,1,120,0,0,0,0,1,120,0,0,1,120,California
Modoc,2020-12-28,2,122,2,122,0,0,0,0,2,122,0,0,2,122,California
Modoc,2020-12-29,9,131,1,123,8,8,0,0,9,131,0,0,9,131,California
Modoc,2020-12-30,8,139,1,124,7,15,0,0,8,139,0,0,8,139,California
Modoc,2021-01-02,3,142,1,125,2,17,0,0,3,142,0,0,3,142,California
Modoc,2021-01-04,8,150,0,125,8,25,0,0,8,150,0,0,8,150,California
Modoc,2021-01-05,3,153,2,127,1,26,0,0,3,153,0,0,3,153,California
Modoc,2021-01-06,3,156,2,129,1,27,0,0,2,154,1,1,2,155,California
Modoc,2021-01-07,73,229,0,129,73,100,0,0,73,227,0,1,73,228,California
Modoc,2021-01-08,106,335,0,129,106,206,0,0,106,333,0,1,106,334,California
Modoc,2021-01-10,1,336,1,130,0,206,0,0,0,332,1,2,0,334,California
Modoc,2021-01-11,91,427,82,212,9,215,0,0,19,279,72,74,19,353,California
Modoc,2021-01-12,94,521,25,237,69,284,0,0,68,321,26,100,68,421,California
Modoc,2021-01-13,24,545,4,241,20,304,0,0,22,341,2,102,22,443,California
Modoc,2021-01-14,129,674,6,247,123,427,0,0,124,460,5,107,124,567,California
Modoc,2021-01-15,6,680,1,248,5,432,0,0,6,466,0,107,6,573,California
Modoc,2021-01-16,2,682,1,249,1,433,0,0,2,468,0,107,2,575,California
Modoc,2021-01-18,3,685,1,250,2,435,0,0,3,471,0,107,3,578,California
Modoc,2021-01-19,5,690,3,253,2,437,0,0,3,472,2,109,3,581,California
Modoc,2021-01-20,13,703,3,256,10,447,0,0,12,483,1,110,12,593,California
Modoc,2021-01-21,158,861,2,258,156,603,0,0,158,641,0,110,158,751,California
Modoc,2021-01-22,3,864,1,259,2,605,0,0,3,644,0,110,3,754,California
Modoc,2021-01-25,11,875,0,259,11,616,0,0,11,655,0,110,11,765,California
Modoc,2021-01-26,90,965,1,260,89,705,0,0,90,745,0,110,90,855,California
Modoc,2021-01-27,40,1005,3,263,37,742,0,0,25,755,15,125,25,880,California
Modoc,2021-01-28,148,1153,3,266,145,887,0,0,147,901,1,126,147,1027,California
Modoc,2021-01-29,4,1157,1,267,3,890,0,0,4,905,0,126,4,1031,California
Modoc,2021-02-01,26,1183,13,280,13,903,0,0,12,903,14,140,12,1043,California
Modoc,2021-02-02,171,1354,2,282,169,1072,0,0,168,1068,3,143,168,1211,California
Modoc,2021-02-03,18,1372,13,295,5,1077,0,0,11,1072,7,150,11,1222,California
Modoc,2021-02-04,158,1530,3,298,155,1232,0,0,29,972,129,279,29,1251,California
Modoc,2021-02-05,3,1533,2,300,1,1233,0,0,2,973,1,280,2,1253,California
Modoc,2021-02-08,10,1543,2,302,8,1241,0,0,9,981,1,281,9,1262,California
Modoc,2021-02-09,198,1741,12,314,186,1427,0,0,65,913,133,414,65,1327,California
Modoc,2021-02-10,6,1747,3,317,3,1430,0,0,4,915,2,416,4,1331,California
Modoc,2021-02-11,201,1948,3,320,198,1628,0,0,83,880,118,534,83,1414,California
Modoc,2021-02-12,7,1955,1,321,6,1634,0,0,3,879,4,538,3,1417,California
Modoc,2021-02-13,2,1957,0,321,2,1636,0,0,1,879,1,539,1,1418,California
Modoc,2021-02-16,147,2104,6,327,141,1777,0,0,141,1014,6,545,141,1559,California
Modoc,2021-02-17,25,2129,2,329,23,1800,0,0,12,1013,13,558,12,1571,California
Modoc,2021-02-18,189,2318,3,332,186,1986,0,0,23,873,165,723,25,1596,California
Modoc,2021-02-19,3,2321,3,335,0,1986,0,0,2,874,1,724,2,1598,California
Modoc,2021-02-20,1,2322,1,336,0,1986,0,0,0,873,1,725,0,1598,California
Modoc,2021-02-22,17,2339,9,345,8,1994,0,0,3,862,14,739,3,1601,California
Modoc,2021-02-23,52,2391,2,347,50,2044,0,0,8,826,44,783,8,1609,California
Modoc,2021-02-24,90,2481,1,348,89,2133,0,0,31,798,59,842,31,1640,California
Modoc,2021-02-25,170,2651,0,348,170,2303,0,0,12,652,158,1000,12,1652,California
Modoc,2021-02-26,3,2654,0,348,3,2306,0,0,1,651,2,1002,1,1653,California
Modoc,2021-02-27,3,2657,3,351,0,2306,0,0,2,652,1,1003,2,1655,California
Modoc,2021-03-01,5,2662,0,351,5,2311,0,0,0,648,4,1007,0,1655,California
Modoc,2021-03-02,194,2856,12,363,182,2493,0,0,26,506,168,1175,26,1681,California
Modoc,2021-03-03,12,2868,6,369,6,2499,0,0,2,498,10,1185,2,1683,California
Modoc,2021-03-04,176,3044,2,371,174,2673,0,0,147,616,29,1214,147,1830,California
Modoc,2021-03-05,3,3047,2,373,1,2674,0,0,2,617,1,1215,2,1832,California
Modoc,2021-03-06,11,3058,0,373,1,2675,10,10,1,618,10,1225,11,1843,California
Modoc,2021-03-07,8,3066,2,375,0,2675,6,16,2,620,6,1231,8,1851,California
Modoc,2021-03-08,8,3074,1,376,3,2678,4,20,1,619,6,1237,5,1856,California
Modoc,2021-03-09,127,3201,10,386,109,2787,8,28,61,622,66,1303,69,1925,California
Modoc,2021-03-10,9,3210,3,389,2,2789,4,32,4,625,5,1308,8,1933,California
Modoc,2021-03-11,207,3417,0,389,99,2888,108,140,22,570,185,1493,130,2063,California
Modoc,2021-03-12,10,3427,1,390,4,2892,5,145,4,573,6,1499,9,2072,California
Modoc,2021-03-13,4,3431,0,390,1,2893,3,148,1,574,3,1502,4,2076,California
Modoc,2021-03-15,14,3445,1,391,12,2905,1,149,12,585,2,1504,13,2089,California
Modoc,2021-03-16,173,3618,1,392,168,3073,4,153,42,499,131,1635,45,2134,California
Modoc,2021-03-17,10,3628,1,393,4,3077,5,158,2,498,8,1643,7,2141,California
Modoc,2021-03-18,67,3695,2,395,58,3135,7,165,36,510,31,1674,43,2184,California
Modoc,2021-03-19,5,3700,0,395,0,3135,5,170,0,510,5,1679,5,2189,California
Modoc,2021-03-20,5,3705,2,397,0,3135,3,173,0,508,5,1684,3,2192,California
Modoc,2021-03-21,4,3709,1,398,1,3136,2,175,2,510,2,1686,4,2196,California
Modoc,2021-03-22,17,3726,1,399,11,3147,5,180,12,522,5,1691,17,2213,California
Modoc,2021-03-23,54,3780,7,406,44,3191,3,183,39,549,15,1706,42,2255,California
Modoc,2021-03-24,29,3809,1,407,18,3209,10,193,1,532,28,1734,11,2266,California
Modoc,2021-03-25,78,3887,2,409,74,3283,2,195,46,548,32,1766,48,2314,California
Modoc,2021-03-26,7,3894,2,411,2,3285,3,198,2,548,5,1771,5,2319,California
Modoc,2021-03-27,2,3896,0,411,1,3286,1,199,1,549,1,1772,2,2321,California
Modoc,2021-03-28,2,3898,1,412,0,3286,1,200,0,548,2,1774,1,2322,California
Modoc,2021-03-29,15,3913,1,413,6,3292,8,208,6,553,9,1783,14,2336,California
Modoc,2021-03-30,54,3967,9,422,38,3330,7,215,20,546,34,1817,27,2363,California
Modoc,2021-03-31,9,3976,3,425,2,3332,4,219,3,547,6,1823,7,2370,California
Modoc,2021-04-01,169,4145,2,427,162,3494,5,224,34,451,135,1958,39,2409,California
Modoc,2021-04-02,5,4150,0,427,2,3496,3,227,1,452,3,1961,4,2413,California
Modoc,2021-04-03,4,4154,1,428,0,3496,3,230,1,453,2,1963,3,2416,California
Modoc,2021-04-05,10,4164,0,428,9,3505,1,231,9,462,1,1964,10,2426,California
Modoc,2021-04-06,24,4188,5,433,9,3514,10,241,6,460,18,1982,16,2442,California
Modoc,2021-04-07,12,4200,1,434,4,3518,7,248,3,461,9,1991,10,2452,California
Modoc,2021-04-08,96,4296,1,435,92,3610,3,251,26,420,70,2061,29,2481,California
Modoc,2021-04-09,11,4307,2,437,6,3616,3,254,2,415,9,2070,4,2485,California
Modoc,2021-04-10,5,4312,0,437,1,3617,4,258,0,414,5,2075,4,2489,California
Modoc,2021-04-11,2,4314,2,439,0,3617,0,258,1,414,1,2076,1,2490,California
Modoc,2021-04-12,14,4328,0,439,10,3627,4,262,1,408,11,2087,5,2495,California
Modoc,2021-04-13,33,4361,30,469,3,3630,0,262,22,419,11,2098,22,2517,California
Modoc,2021-04-14,2,4363,2,471,0,3630,0,262,1,419,1,2099,1,2518,California
Modoc,2021-04-15,101,4464,0,471,101,3731,0,262,28,374,73,2172,28,2546,California
Modoc,2021-04-16,6,4470,4,475,2,3733,0,262,5,378,1,2173,5,2551,California
Modoc,2021-04-17,2,4472,2,477,0,3733,0,262,2,380,0,2173,2,2553,California
Modoc,2021-04-18,1,4473,0,477,1,3734,0,262,1,381,0,2173,1,2554,California
Modoc,2021-04-19,6,4479,0,477,6,3740,0,262,1,377,5,2178,1,2555,California
Modoc,2021-04-20,40,4519,2,479,38,3778,0,262,9,355,31,2209,9,2564,California
Modoc,2021-04-21,3,4522,3,482,0,3778,0,262,1,354,2,2211,1,2565,California
Modoc,2021-04-22,96,4618,2,484,94,3872,0,262,38,334,58,2269,38,2603,California
Modoc,2021-04-23,4,4622,0,484,4,3876,0,262,3,336,1,2270,3,2606,California
Modoc,2021-04-24,2,4624,0,484,1,3877,1,263,1,337,1,2271,2,2608,California
Modoc,2021-04-25,1,4625,1,485,0,3877,0,263,1,338,0,2271,1,2609,California
Modoc,2021-04-26,8,4633,0,485,8,3885,0,263,2,334,6,2277,2,2611,California
Modoc,2021-04-27,5,4638,4,489,0,3885,1,264,0,330,5,2282,1,2612,California
Modoc,2021-04-28,6,4644,1,490,4,3889,1,265,2,329,4,2286,3,2615,California
Modoc,2021-04-29,65,4709,1,491,64,3953,0,265,21,306,44,2330,21,2636,California
Modoc,2021-04-30,3,4712,2,493,1,3954,0,265,1,305,2,2332,1,2637,California
Modoc,2021-05-01,1,4713,1,494,0,3954,0,265,0,304,1,2333,0,2637,California
Modoc,2021-05-02,4,4717,3,497,1,3955,0,265,3,306,1,2334,3,2640,California
Modoc,2021-05-03,13,4730,0,497,12,3967,1,266,3,300,10,2344,4,2644,California
Modoc,2021-05-04,11,4741,3,500,6,3973,2,268,5,301,6,2350,7,2651,California
Modoc,2021-05-05,28,4769,25,525,2,3975,1,269,8,290,20,2370,9,2660,California
Modoc,2021-05-06,54,4823,3,528,49,4024,2,271,21,280,33,2403,23,2683,California
Modoc,2021-05-07,8,4831,3,531,3,4027,2,273,2,278,6,2409,4,2687,California
Modoc,2021-05-08,3,4834,2,533,0,4027,1,274,1,278,2,2411,2,2689,California
Modoc,2021-05-09,1,4835,1,534,0,4027,0,274,0,277,1,2412,0,2689,California
Modoc,2021-05-10,2,4837,0,534,1,4028,1,275,1,278,1,2413,2,2691,California
Modoc,2021-05-11,3,4840,2,536,0,4028,1,276,0,276,3,2416,1,2692,California
Modoc,2021-05-12,2,4842,0,536,0,4028,2,278,0,276,2,2418,2,2694,California
Modoc,2021-05-13,43,4885,0,536,39,4067,4,282,14,265,29,2447,18,2712,California
Modoc,2021-05-14,9,4894,3,539,1,4068,5,287,4,269,5,2452,9,2721,California
Modoc,2021-05-15,4,4898,3,542,1,4069,0,287,4,273,0,2452,4,2725,California
Modoc,2021-05-16,2,4900,1,543,1,4070,0,287,0,271,2,2454,0,2725,California
Modoc,2021-05-17,7,4907,3,546,4,4074,0,287,4,272,3,2457,4,2729,California
Modoc,2021-05-18,25,4932,12,558,11,4085,2,289,14,277,11,2468,16,2745,California
Modoc,2021-05-19,8,4940,1,559,3,4088,4,293,4,281,4,2472,8,2753,California
Modoc,2021-05-20,58,4998,3,562,46,4134,9,302,8,248,50,2522,17,2770,California
Modoc,2021-05-21,5,5003,3,565,1,4135,1,303,2,248,3,2525,3,2773,California
Modoc,2021-05-22,2,5005,2,567,0,4135,0,303,1,248,1,2526,1,2774,California
Modoc,2021-05-23,2,5007,2,569,0,4135,0,303,0,246,2,2528,0,2774,California
Modoc,2021-05-24,4,5011,1,570,1,4136,2,305,2,248,2,2530,4,2778,California
Modoc,2021-05-25,2,5013,1,571,1,4137,0,305,1,248,1,2531,1,2779,California
Modoc,2021-05-26,35,5048,32,603,3,4140,0,305,25,264,10,2541,26,2805,California
Modoc,2021-05-27,30,5078,2,605,22,4162,6,311,7,254,23,2564,13,2818,California
Modoc,2021-05-28,8,5086,1,606,4,4166,3,314,3,255,5,2569,6,2824,California
Modoc,2021-05-29,1,5087,1,607,0,4166,0,314,0,254,1,2570,0,2824,California
Modoc,2021-06-01,7,5094,0,607,6,4172,1,315,2,252,5,2575,3,2827,California
Modoc,2021-06-02,11,5105,0,607,9,4181,2,317,5,253,6,2581,7,2834,California
Modoc,2021-06-03,25,5130,1,608,22,4203,2,319,4,238,21,2602,6,2840,California
Modoc,2021-06-04,5,5135,3,611,1,4204,1,320,0,234,5,2607,1,2841,California
Modoc,2021-06-07,4,5139,4,615,0,4204,0,320,1,232,3,2610,1,2842,California
Modoc,2021-06-08,27,5166,7,622,18,4222,2,322,19,245,8,2618,21,2863,California
Modoc,2021-06-09,2,5168,2,624,0,4222,0,322,1,245,1,2619,1,2864,California
Mono,2020-12-18,1,1,1,1,0,0,0,0,1,1,0,0,1,1,California
Mono,2020-12-19,5,6,5,6,0,0,0,0,5,6,0,0,5,6,California
Mono,2020-12-20,7,13,7,13,0,0,0,0,7,13,0,0,7,13,California
Mono,2020-12-21,24,37,17,30,7,7,0,0,24,37,0,0,24,37,California
Mono,2020-12-22,67,104,66,96,1,8,0,0,67,104,0,0,67,104,California
Mono,2020-12-23,71,175,43,139,28,36,0,0,71,175,0,0,71,175,California
Mono,2020-12-24,3,178,1,140,2,38,0,0,3,178,0,0,3,178,California
Mono,2020-12-26,3,181,3,143,0,38,0,0,3,181,0,0,3,181,California
Mono,2020-12-27,1,182,0,143,1,39,0,0,1,182,0,0,1,182,California
Mono,2020-12-28,94,276,63,206,31,70,0,0,94,276,0,0,94,276,California
Mono,2020-12-29,29,305,29,235,0,70,0,0,29,305,0,0,29,305,California
Mono,2020-12-30,77,382,36,271,41,111,0,0,77,382,0,0,77,382,California
Mono,2020-12-31,4,386,1,272,3,114,0,0,4,386,0,0,4,386,California
Mono,2021-01-01,4,390,4,276,0,114,0,0,4,390,0,0,4,390,California
Mono,2021-01-02,2,392,2,278,0,114,0,0,2,392,0,0,2,392,California
Mono,2021-01-04,2,394,0,278,2,116,0,0,2,394,0,0,2,394,California
Mono,2021-01-05,45,439,2,280,43,159,0,0,44,437,1,1,44,438,California
Mono,2021-01-06,48,487,0,280,48,207,0,0,48,485,0,1,48,486,California
Mono,2021-01-07,55,542,3,283,52,259,0,0,53,537,2,3,54,540,California
Mono,2021-01-08,2,544,1,284,1,260,0,0,1,537,1,4,1,541,California
Mono,2021-01-09,4,548,4,288,0,260,0,0,0,533,4,8,0,541,California
Mono,2021-01-10,5,553,5,293,0,260,0,0,0,528,5,13,0,541,California
Mono,2021-01-11,8,561,5,298,3,263,0,0,4,528,4,17,4,545,California
Mono,2021-01-12,285,846,77,375,208,471,0,0,220,684,64,81,220,765,California
Mono,2021-01-13,233,1079,73,448,160,631,0,0,178,807,55,136,178,943,California
Mono,2021-01-14,74,1153,71,519,3,634,0,0,74,881,0,136,74,1017,California
Mono,2021-01-15,66,1219,2,521,64,698,0,0,66,947,0,136,66,1083,California
Mono,2021-01-16,4,1223,3,524,1,699,0,0,1,945,3,139,1,1084,California
Mono,2021-01-18,64,1287,55,579,9,708,0,0,2,885,62,201,2,1086,California
Mono,2021-01-19,211,1498,209,788,2,710,0,0,173,1021,38,239,174,1260,California
Mono,2021-01-20,231,1729,199,987,32,742,0,0,170,1130,61,300,170,1430,California
Mono,2021-01-21,6,1735,3,990,3,745,0,0,6,1136,0,300,6,1436,California
Mono,2021-01-22,4,1739,0,990,4,749,0,0,4,1140,0,300,4,1440,California
Mono,2021-01-23,591,2330,591,1581,0,749,0,0,590,1729,1,301,590,2030,California
Mono,2021-01-24,1,2331,0,1581,1,750,0,0,0,1728,1,302,0,2030,California
Mono,2021-01-25,202,2533,164,1745,38,788,0,0,163,1852,39,341,163,2193,California
Mono,2021-01-26,505,3038,503,2248,2,790,0,0,499,2345,6,347,499,2692,California
Mono,2021-01-27,5,3043,1,2249,4,794,0,0,5,2350,0,347,5,2697,California
Mono,2021-01-28,6,3049,2,2251,4,798,0,0,2,2348,4,351,2,2699,California
Mono,2021-01-30,200,3249,198,2449,2,800,0,0,199,2546,1,352,199,2898,California
Mono,2021-01-31,246,3495,138,2587,108,908,0,0,139,2578,107,459,139,3037,California
Mono,2021-02-01,27,3522,27,2614,0,908,0,0,0,2551,27,486,0,3037,California
Mono,2021-02-02,5,3527,0,2614,5,913,0,0,2,2550,3,489,2,3039,California
Mono,2021-02-03,5,3532,2,2616,3,916,0,0,2,2549,3,492,2,3041,California
Mono,2021-02-04,212,3744,158,2774,54,970,0,0,91,2520,120,612,91,3132,California
Mono,2021-02-05,619,4363,613,3387,6,976,0,0,616,3133,3,615,616,3748,California
Mono,2021-02-06,138,4501,137,3524,1,977,0,0,137,3269,1,616,137,3885,California
Mono,2021-02-07,2,4503,0,3524,2,979,0,0,2,3271,0,616,2,3887,California
Mono,2021-02-08,173,4676,173,3697,0,979,0,0,15,3129,157,773,15,3902,California
Mono,2021-02-09,227,4903,6,3703,221,1200,0,0,14,2930,213,986,14,3916,California
Mono,2021-02-10,538,5441,188,3891,350,1550,0,0,194,2781,344,1330,195,4111,California
Mono,2021-02-11,8,5449,4,3895,4,1554,0,0,2,2777,6,1336,2,4113,California
Mono,2021-02-12,89,5538,21,3916,68,1622,0,0,27,2742,62,1398,27,4140,California
Mono,2021-02-13,584,6122,584,4500,0,1622,0,0,27,2213,556,1954,27,4167,California
Mono,2021-02-15,166,6288,164,4664,2,1624,0,0,3,2055,161,2115,3,4170,California
Mono,2021-02-16,518,6806,514,5178,4,1628,0,0,46,1632,469,2584,46,4216,California
Mono,2021-02-17,6,6812,2,5180,4,1632,0,0,2,1630,4,2588,2,4218,California
Mono,2021-02-18,6,6818,2,5182,4,1636,0,0,2,1628,4,2592,2,4220,California
Mono,2021-02-19,54,6872,53,5235,1,1637,0,0,54,1682,0,2592,54,4274,California
Mono,2021-02-20,5,6877,5,5240,0,1637,0,0,5,1687,0,2592,5,4279,California
Mono,2021-02-21,6,6883,6,5246,0,1637,0,0,4,1689,2,2594,4,4283,California
Mono,2021-02-22,283,7166,282,5528,1,1638,0,0,24,1455,258,2852,24,4307,California
Mono,2021-02-23,138,7304,118,5646,20,1658,0,0,22,1361,116,2968,22,4329,California
Mono,2021-02-24,11,7315,3,5649,8,1666,0,0,4,1358,7,2975,4,4333,California
Mono,2021-02-25,5,7320,2,5651,3,1669,0,0,3,1360,1,2976,3,4336,California
Mono,2021-02-26,599,7919,597,6248,2,1671,0,0,20,802,578,3554,20,4356,California
Mono,2021-02-27,141,8060,137,6385,4,1675,0,0,4,671,135,3689,4,4360,California
Mono,2021-02-28,1,8061,0,6385,0,1675,1,1,0,671,1,3690,1,4361,California
Mono,2021-03-01,2,8063,2,6387,0,1675,0,1,1,672,0,3690,1,4362,California
Mono,2021-03-02,8,8071,4,6391,4,1679,0,1,6,676,2,3692,6,4368,California
Mono,2021-03-03,114,8185,3,6394,111,1790,0,1,110,783,3,3695,110,4478,California
Mono,2021-03-04,6,8191,1,6395,5,1795,0,1,3,783,3,3698,3,4481,California
Mono,2021-03-05,38,8229,29,6424,9,1804,0,1,12,769,26,3724,12,4493,California
Mono,2021-03-06,513,8742,18,6442,495,2299,0,1,504,1267,7,3731,505,4998,California
Mono,2021-03-07,1,8743,0,6442,1,2300,0,1,0,1266,1,3732,0,4998,California
Mono,2021-03-08,544,9287,11,6453,530,2830,3,4,535,1795,9,3741,538,5536,California
Mono,2021-03-09,6,9293,2,6455,3,2833,1,5,3,1797,2,3743,4,5540,California
Mono,2021-03-10,286,9579,90,6545,193,3026,3,8,9,1535,274,4017,12,5552,California
Mono,2021-03-11,10,9589,0,6545,1,3027,9,17,0,1534,10,4027,9,5561,California
Mono,2021-03-12,7,9596,1,6546,1,3028,5,22,0,1532,7,4034,5,5566,California
Mono,2021-03-13,831,10427,394,6940,436,3464,1,23,821,2344,10,4044,822,6388,California
Mono,2021-03-14,5,10432,5,6945,0,3464,0,23,1,2341,4,4048,1,6389,California
Mono,2021-03-15,31,10463,23,6968,3,3467,5,28,14,2344,16,4064,19,6408,California
Mono,2021-03-16,17,10480,6,6974,5,3472,6,34,8,2349,9,4073,14,6422,California
Mono,2021-03-17,32,10512,4,6978,20,3492,8,42,20,2365,12,4085,28,6450,California
Mono,2021-03-18,21,10533,2,6980,11,3503,8,50,9,2370,12,4097,17,6467,California
Mono,2021-03-19,21,10554,1,6981,17,3520,3,53,17,2387,3,4100,20,6487,California
Mono,2021-03-20,5,10559,3,6984,1,3521,1,54,4,2391,1,4101,5,6492,California
Mono,2021-03-22,11,10570,0,6984,6,3527,5,59,5,2395,6,4107,10,6502,California
Mono,2021-03-23,43,10613,6,6990,32,3559,5,64,17,2391,26,4133,22,6524,California
Mono,2021-03-24,13,10626,1,6991,7,3566,5,69,5,2393,8,4141,10,6534,California
Mono,2021-03-25,18,10644,2,6993,12,3578,4,73,12,2403,6,4147,16,6550,California
Mono,2021-03-26,19,10663,3,6996,11,3589,5,78,10,2410,8,4155,15,6565,California
Mono,2021-03-27,359,11022,356,7352,3,3592,0,78,333,2717,26,4181,333,6898,California
Mono,2021-03-29,11,11033,3,7355,7,3599,1,79,9,2725,2,4183,10,6908,California
Mono,2021-03-30,14,11047,0,7355,10,3609,4,83,7,2729,7,4190,11,6919,California
Mono,2021-03-31,134,11181,8,7363,125,3734,1,84,22,2641,111,4301,23,6942,California
Mono,2021-04-01,9,11190,0,7363,8,3742,1,85,4,2641,5,4306,5,6947,California
Mono,2021-04-02,18,11208,2,7365,16,3758,0,85,8,2639,10,4316,8,6955,California
Mono,2021-04-03,879,12087,380,7745,499,4257,0,85,51,1864,826,5142,51,7006,California
Mono,2021-04-04,1,12088,1,7746,0,4257,0,85,0,1863,1,5143,0,7006,California
Mono,2021-04-05,541,12629,18,7764,522,4779,1,86,34,1392,506,5649,35,7041,California
Mono,2021-04-06,19,12648,1,7765,5,4784,13,99,1,1388,18,5667,14,7055,California
Mono,2021-04-07,24,12672,3,7768,2,4786,19,118,3,1389,21,5688,22,7077,California
Mono,2021-04-08,24,12696,4,7772,2,4788,18,136,5,1393,19,5707,23,7100,California
Mono,2021-04-09,37,12733,4,7776,4,4792,29,165,7,1399,30,5737,36,7136,California
Mono,2021-04-10,452,13185,2,7778,443,5235,7,172,30,1014,422,6159,37,7173,California
Mono,2021-04-12,6,13191,0,7778,3,5238,3,175,3,1017,3,6162,6,7179,California
Mono,2021-04-13,20,13211,2,7780,17,5255,1,176,14,1026,6,6168,15,7194,California
Mono,2021-04-14,25,13236,1,7781,24,5279,0,176,7,1015,18,6186,7,7201,California
Mono,2021-04-15,20,13256,5,7786,15,5294,0,176,11,1017,9,6195,11,7212,California
Mono,2021-04-16,17,13273,1,7787,16,5310,0,176,6,1012,11,6206,6,7218,California
Mono,2021-04-17,51,13324,2,7789,49,5359,0,176,44,1049,7,6213,44,7262,California
Mono,2021-04-18,1,13325,0,7789,1,5360,0,176,1,1050,0,6213,1,7263,California
Mono,2021-04-19,533,13858,324,8113,209,5569,0,176,202,923,329,6542,202,7465,California
Mono,2021-04-20,15,13873,2,8115,13,5582,0,176,10,928,5,6547,10,7475,California
Mono,2021-04-21,8,13881,1,8116,7,5589,0,176,2,924,6,6553,2,7477,California
Mono,2021-04-22,25,13906,11,8127,14,5603,0,176,11,921,14,6567,11,7488,California
Mono,2021-04-23,22,13928,2,8129,20,5623,0,176,12,923,10,6577,12,7500,California
Mono,2021-04-24,36,13964,22,8151,14,5637,0,176,21,929,15,6592,21,7521,California
Mono,2021-04-25,5,13969,4,8155,1,5638,0,176,5,934,0,6592,5,7526,California
Mono,2021-04-26,12,13981,1,8156,11,5649,0,176,3,928,9,6601,3,7529,California
Mono,2021-04-27,67,14048,41,8197,19,5668,7,183,51,970,16,6617,58,7587,California
Mono,2021-04-28,64,14112,41,8238,18,5686,5,188,48,1009,14,6631,53,7640,California
Mono,2021-04-29,10,14122,3,8241,4,5690,3,191,3,1008,7,6638,6,7646,California
Mono,2021-04-30,18,14140,3,8244,12,5702,3,194,8,1009,10,6648,11,7657,California
Mono,2021-05-01,108,14248,4,8248,104,5806,0,194,96,1093,12,6660,96,7753,California
Mono,2021-05-02,1,14249,1,8249,0,5806,0,194,1,1094,0,6660,1,7754,California
Mono,2021-05-03,1,14250,0,8249,1,5807,0,194,0,1093,1,6661,0,7754,California
Mono,2021-05-04,18,14268,0,8249,13,5820,5,199,10,1100,8,6669,15,7769,California
Mono,2021-05-05,52,14320,8,8257,40,5860,4,203,45,1142,7,6676,49,7818,California
Mono,2021-05-06,12,14332,2,8259,9,5869,1,204,8,1147,4,6680,9,7827,California
Mono,2021-05-07,29,14361,22,8281,7,5876,0,204,25,1168,4,6684,25,7852,California
Mono,2021-05-08,52,14413,7,8288,45,5921,0,204,22,1160,30,6714,22,7874,California
Mono,2021-05-09,1,14414,1,8289,0,5921,0,204,0,1160,0,6714,0,7874,California
Mono,2021-05-10,17,14431,1,8290,12,5933,4,208,9,1165,8,6722,13,7887,California
Mono,2021-05-11,16,14447,2,8292,11,5944,3,211,5,1162,11,6733,8,7895,California
Mono,2021-05-12,13,14460,1,8293,11,5955,1,212,5,1160,8,6741,6,7901,California
Mono,2021-05-13,47,14507,31,8324,15,5970,1,213,38,1190,9,6750,39,7940,California
Mono,2021-05-14,10,14517,1,8325,8,5978,1,214,5,1191,5,6755,6,7946,California
Mono,2021-05-15,70,14587,28,8353,35,6013,7,221,20,1168,50,6805,27,7973,California
Mono,2021-05-16,6,14593,5,8358,1,6014,0,221,3,1168,3,6808,3,7976,California
Mono,2021-05-17,248,14841,33,8391,208,6222,7,228,53,1035,194,7002,61,8037,California
Mono,2021-05-18,133,14974,109,8500,23,6245,1,229,87,1077,46,7048,88,8125,California
Mono,2021-05-19,118,15092,112,8612,1,6246,5,234,75,1114,43,7091,80,8205,California
Mono,2021-05-20,70,15162,55,8667,10,6256,5,239,53,1155,17,7108,58,8263,California
Mono,2021-05-21,24,15186,4,8671,17,6273,3,242,11,1156,13,7121,14,8277,California
Mono,2021-05-22,21,15207,11,8682,8,6281,2,244,15,1167,6,7127,17,8294,California
Mono,2021-05-23,2,15209,0,8682,2,6283,0,244,1,1167,1,7128,1,8295,California
Mono,2021-05-24,16,15225,2,8684,13,6296,1,245,9,1171,7,7135,11,8306,California
Mono,2021-05-25,14,15239,5,8689,9,6305,0,245,7,1171,7,7142,7,8313,California
Mono,2021-05-26,18,15257,2,8691,15,6320,1,246,7,1168,11,7153,8,8321,California
Mono,2021-05-27,9,15266,0,8691,9,6329,0,246,6,1172,2,7155,6,8327,California
Mono,2021-05-28,41,15307,28,8719,13,6342,0,246,10,1151,31,7186,10,8337,California
Mono,2021-05-29,128,15435,27,8746,98,6440,3,249,31,1088,97,7283,34,8371,California
Mono,2021-06-01,15,15450,7,8753,8,6448,0,249,8,1089,7,7290,8,8379,California
Mono,2021-06-02,48,15498,4,8757,44,6492,0,249,11,1063,37,7327,11,8390,California
Mono,2021-06-03,11,15509,1,8758,7,6499,3,252,1,1057,10,7337,4,8394,California
Mono,2021-06-04,12,15521,1,8759,10,6509,1,253,3,1052,9,7346,4,8398,California
Mono,2021-06-05,40,15561,22,8781,18,6527,0,253,4,1020,36,7382,4,8402,California
Mono,2021-06-06,1,15562,0,8781,1,6528,0,253,0,1019,1,7383,0,8402,California
Mono,2021-06-07,100,15662,88,8869,8,6536,4,257,13,949,87,7470,17,8419,California
Mono,2021-06-08,106,15768,98,8967,7,6543,1,258,10,864,96,7566,11,8430,California
Mono,2021-06-09,5,15773,4,8971,1,6544,0,258,1,861,4,7570,1,8431,California
Monterey,2020-12-16,5,5,5,5,0,0,0,0,5,5,0,0,5,5,California
Monterey,2020-12-17,87,92,87,92,0,0,0,0,87,92,0,0,87,92,California
Monterey,2020-12-18,491,583,491,583,0,0,0,0,491,583,0,0,491,583,California
Monterey,2020-12-19,583,1166,582,1165,1,1,0,0,582,1165,0,0,582,1165,California
Monterey,2020-12-20,421,1587,421,1586,0,1,0,0,421,1586,0,0,421,1586,California
Monterey,2020-12-21,725,2312,725,2311,0,1,0,0,725,2311,0,0,725,2311,California
Monterey,2020-12-22,540,2852,527,2838,13,14,0,0,540,2851,0,0,540,2851,California
Monterey,2020-12-23,443,3295,266,3104,177,191,0,0,443,3294,0,0,443,3294,California
Monterey,2020-12-24,84,3379,10,3114,74,265,0,0,84,3378,0,0,84,3378,California
Monterey,2020-12-25,6,3385,0,3114,6,271,0,0,6,3384,0,0,6,3384,California
Monterey,2020-12-26,92,3477,5,3119,87,358,0,0,92,3476,0,0,92,3476,California
Monterey,2020-12-27,6,3483,3,3122,3,361,0,0,6,3482,0,0,6,3482,California
Monterey,2020-12-28,483,3966,25,3147,458,819,0,0,483,3965,0,0,483,3965,California
Monterey,2020-12-29,907,4873,169,3316,738,1557,0,0,907,4872,0,0,907,4872,California
Monterey,2020-12-30,572,5445,100,3416,472,2029,0,0,572,5444,0,0,572,5444,California
Monterey,2020-12-31,33,5478,11,3427,22,2051,0,0,33,5477,0,0,33,5477,California
Monterey,2021-01-01,13,5491,3,3430,10,2061,0,0,13,5490,0,0,13,5490,California
Monterey,2021-01-02,138,5629,135,3565,3,2064,0,0,138,5628,0,0,138,5628,California
Monterey,2021-01-03,31,5660,30,3595,1,2065,0,0,31,5659,0,0,31,5659,California
Monterey,2021-01-04,414,6074,19,3614,395,2460,0,0,414,6073,0,0,414,6073,California
Monterey,2021-01-05,762,6836,333,3947,429,2889,0,0,748,6807,14,14,748,6821,California
Monterey,2021-01-06,666,7502,177,4124,489,3378,0,0,643,7427,23,37,643,7464,California
Monterey,2021-01-07,754,8256,575,4699,179,3557,0,0,428,7531,324,361,428,7892,California
Monterey,2021-01-08,1102,9358,743,5442,359,3916,0,0,399,7227,703,1064,399,8291,California
Monterey,2021-01-09,968,10326,936,6378,32,3948,0,0,315,6891,651,1715,315,8606,California
Monterey,2021-01-10,275,10601,272,6650,3,3951,0,0,9,6634,266,1981,9,8615,California
Monterey,2021-01-11,1076,11677,991,7641,85,4036,0,0,368,6294,708,2689,368,8983,California
Monterey,2021-01-12,476,12153,394,8035,82,4118,0,0,214,6246,262,2951,214,9197,California
Monterey,2021-01-13,1223,13376,594,8629,629,4747,0,0,1177,7377,46,2997,1177,10374,California
Monterey,2021-01-14,1131,14507,169,8798,962,5709,0,0,1112,8474,19,3016,1116,11490,California
Monterey,2021-01-15,1064,15571,46,8844,1018,6727,0,0,1051,9512,13,3029,1051,12541,California
Monterey,2021-01-16,366,15937,301,9145,65,6792,0,0,361,9868,5,3034,361,12902,California
Monterey,2021-01-17,312,16249,292,9437,20,6812,0,0,300,10156,12,3046,300,13202,California
Monterey,2021-01-18,410,16659,49,9486,361,7173,0,0,388,10522,22,3068,388,13590,California
Monterey,2021-01-19,585,17244,397,9883,188,7361,0,0,425,10789,158,3226,425,14015,California
Monterey,2021-01-20,551,17795,270,10153,281,7642,0,0,340,10921,211,3437,343,14358,California
Monterey,2021-01-21,870,18665,95,10248,775,8417,0,0,758,11571,112,3549,762,15120,California
Monterey,2021-01-22,1067,19732,197,10445,870,9287,0,0,1028,12560,39,3588,1028,16148,California
Monterey,2021-01-23,246,19978,177,10622,69,9356,0,0,121,12559,124,3712,123,16271,California
Monterey,2021-01-24,57,20035,38,10660,19,9375,0,0,23,12548,34,3746,23,16294,California
Monterey,2021-01-25,822,20857,180,10840,642,10017,0,0,188,12109,627,4373,188,16482,California
Monterey,2021-01-26,969,21826,231,11071,738,10755,0,0,267,11674,702,5075,267,16749,California
Monterey,2021-01-27,896,22722,320,11391,576,11331,0,0,413,11604,483,5558,413,17162,California
Monterey,2021-01-28,2052,24774,744,12135,1308,12639,0,0,1708,12972,344,5902,1712,18874,California
Monterey,2021-01-29,1289,26063,713,12848,576,13215,0,0,1171,14027,117,6019,1172,20046,California
Monterey,2021-01-30,477,26540,297,13145,180,13395,0,0,220,13990,257,6276,220,20266,California
Monterey,2021-01-31,502,27042,77,13222,425,13820,0,0,491,14471,11,6287,492,20758,California
Monterey,2021-02-01,1669,28711,1155,14377,514,14334,0,0,1100,15003,568,6855,1100,21858,California
Monterey,2021-02-02,2183,30894,463,14840,1720,16054,0,0,1573,15967,609,7464,1573,23431,California
Monterey,2021-02-03,2361,33255,1068,15908,1293,17347,0,0,1579,16768,778,8242,1579,25010,California
Monterey,2021-02-04,2812,36067,2094,18002,718,18065,0,0,2498,18955,311,8553,2498,27508,California
Monterey,2021-02-05,3702,39769,2852,20854,850,18915,0,0,3260,21778,437,8990,3260,30768,California
Monterey,2021-02-06,1126,40895,380,21234,746,19661,0,0,778,22210,346,9336,778,31546,California
Monterey,2021-02-07,322,41217,270,21504,52,19713,0,0,104,22096,218,9554,104,31650,California
Monterey,2021-02-08,529,41746,292,21796,237,19950,0,0,434,22435,95,9649,434,32084,California
Monterey,2021-02-09,897,42643,692,22488,205,20155,0,0,582,22704,315,9964,584,32668,California
Monterey,2021-02-10,2121,44764,1113,23601,1008,21163,0,0,1267,23119,854,10818,1269,33937,California
Monterey,2021-02-11,2519,47283,974,24575,1545,22708,0,0,1553,23710,964,11782,1555,35492,California
Monterey,2021-02-12,2621,49904,435,25010,2186,24894,0,0,1538,24167,1082,12864,1539,37031,California
Monterey,2021-02-13,1090,50994,47,25057,1043,25937,0,0,1000,25078,89,12953,1000,38031,California
Monterey,2021-02-14,611,51605,74,25131,537,26474,0,0,538,25543,73,13026,538,38569,California
Monterey,2021-02-15,1390,52995,165,25296,1225,27699,0,0,993,26142,395,13421,994,39563,California
Monterey,2021-02-16,1104,54099,245,25541,859,28558,0,0,876,26790,228,13649,876,40439,California
Monterey,2021-02-17,1980,56079,1175,26716,805,29363,0,0,1660,28135,317,13966,1662,42101,California
Monterey,2021-02-18,2266,58345,1183,27899,1083,30446,0,0,919,27723,1333,15299,921,43022,California
Monterey,2021-02-19,2968,61313,1543,29442,1425,31871,0,0,1363,27483,1604,16903,1364,44386,California
Monterey,2021-02-20,1054,62367,643,30085,411,32282,0,0,992,28414,61,16964,992,45378,California
Monterey,2021-02-21,1263,63630,1232,31317,31,32313,0,0,1189,29531,72,17036,1189,46567,California
Monterey,2021-02-22,1031,64661,875,32192,156,32469,0,0,657,29816,372,17408,657,47224,California
Monterey,2021-02-23,988,65649,625,32817,363,32832,0,0,308,29446,679,18087,309,47533,California
Monterey,2021-02-24,2522,68171,1346,34163,1176,34008,0,0,1866,30662,651,18738,1867,49400,California
Monterey,2021-02-25,4464,72635,2444,36607,2020,36028,0,0,1507,29220,2950,21688,1508,50908,California
Monterey,2021-02-26,5324,77959,3099,39706,2225,38253,0,0,2643,29186,2678,24366,2644,53552,California
Monterey,2021-02-27,1047,79006,190,39896,857,39110,0,0,822,29788,220,24586,822,54374,California
Monterey,2021-02-28,1552,80558,87,39983,1465,40575,0,0,1084,30409,463,25049,1084,55458,California
Monterey,2021-03-01,1311,81869,157,40140,1151,41726,3,3,760,30627,546,25595,764,56222,California
Monterey,2021-03-02,2839,84708,1743,41883,1096,42822,0,3,1965,31722,870,26465,1965,58187,California
Monterey,2021-03-03,3242,87950,1250,43133,1992,44814,0,3,1297,31078,1942,28407,1298,59485,California
Monterey,2021-03-04,4636,92586,1487,44620,3149,47963,0,3,3000,32447,1631,30038,3000,62485,California
Monterey,2021-03-05,3697,96283,1628,46248,1791,49754,278,281,3021,35071,675,30713,3299,65784,California
Monterey,2021-03-06,5165,101448,1127,47375,3729,53483,309,590,4235,38686,927,31640,4542,70326,California
Monterey,2021-03-07,528,101976,106,47481,172,53655,250,840,231,38868,297,31937,479,70805,California
Monterey,2021-03-08,1673,103649,329,47810,956,54611,388,1228,1122,39825,551,32488,1508,72313,California
Monterey,2021-03-09,2010,105659,696,48506,1040,55651,274,1502,1506,41100,503,32991,1778,74091,California
Monterey,2021-03-10,3240,108899,1045,49551,1706,57357,489,1991,1491,41335,1745,34736,1980,76071,California
Monterey,2021-03-11,4197,113096,1420,50971,2402,59759,375,2366,2415,42349,1775,36511,2789,78860,California
Monterey,2021-03-12,4462,117558,2058,53029,2257,62016,147,2513,2752,43540,1707,38218,2898,81758,California
Monterey,2021-03-13,5353,122911,989,54018,4016,66032,348,2861,4003,46543,1349,39567,4352,86110,California
Monterey,2021-03-14,2179,125090,1347,55365,807,66839,25,2886,585,45569,1584,41151,610,86720,California
Monterey,2021-03-15,3987,129077,1276,56641,2421,69260,290,3176,2282,46439,1701,42852,2571,89291,California
Monterey,2021-03-16,3551,132628,585,57226,2589,71849,377,3553,2123,47509,1426,44278,2496,91787,California
Monterey,2021-03-17,5893,138521,2395,59621,3241,75090,257,3810,4271,50427,1615,45893,4533,96320,California
Monterey,2021-03-18,4509,143030,2194,61815,2144,77234,171,3981,3129,52389,1375,47268,3337,99657,California
Monterey,2021-03-19,5525,148555,2573,64388,2802,80036,150,4131,4226,55472,1294,48562,4377,104034,California
Monterey,2021-03-20,3373,151928,426,64814,2253,82289,694,4825,2281,57359,1088,49650,2975,107009,California
Monterey,2021-03-21,639,152567,207,65021,423,82712,9,4834,568,57866,69,49719,576,107585,California
Monterey,2021-03-22,2502,155069,1445,66466,994,83706,63,4897,2282,59993,216,49935,2343,109928,California
Monterey,2021-03-23,4059,159128,2383,68849,1633,85339,43,4940,2579,61141,1474,51409,2622,112550,California
Monterey,2021-03-24,5180,164308,2168,71017,2695,88034,317,5257,3805,63888,1372,52781,4119,116669,California
Monterey,2021-03-25,5354,169662,1240,72257,3755,91789,359,5616,2691,64284,2655,55436,3051,119720,California
Monterey,2021-03-26,5500,175162,2649,74906,2774,94563,77,5693,2830,64534,2659,58095,2909,122629,California
Monterey,2021-03-27,4943,180105,1514,76420,3172,97735,257,5950,3150,66153,1790,59885,3409,126038,California
Monterey,2021-03-28,1128,181233,350,76770,769,98504,9,5959,633,66305,490,60375,642,126680,California
Monterey,2021-03-29,3254,184487,1435,78205,1805,100309,14,5973,2023,67124,1223,61598,2042,128722,California
Monterey,2021-03-30,4561,189048,2148,80353,2359,102668,54,6027,2792,68214,1759,63357,2849,131571,California
Monterey,2021-03-31,5492,194540,2457,82810,2236,104904,799,6826,3484,70483,2005,65362,4274,135845,California
Monterey,2021-04-01,6229,200769,2092,84902,3725,108629,412,7238,3143,70962,3071,68433,3550,139395,California
Monterey,2021-04-02,4777,205546,2226,87128,2482,111111,69,7307,3206,72673,1568,70001,3279,142674,California
Monterey,2021-04-03,5980,211526,1131,88259,3796,114907,1053,8360,1241,70230,4730,74731,2287,144961,California
Monterey,2021-04-04,778,212304,166,88425,599,115506,13,8373,501,70470,277,75008,517,145478,California
Monterey,2021-04-05,4028,216332,2485,90910,1309,116815,234,8607,1497,69673,2526,77534,1729,147207,California
Monterey,2021-04-06,3476,219808,1361,92271,1638,118453,477,9084,1191,69057,2282,79816,1666,148873,California
Monterey,2021-04-07,5694,225502,1404,93675,3772,122225,518,9602,2720,69327,2963,82779,3233,152106,California
Monterey,2021-04-08,6778,232280,3559,97234,2401,124626,818,10420,3353,70083,3420,86199,4176,156282,California
Monterey,2021-04-09,5809,238089,3460,100694,1706,126332,643,11063,2316,69550,3490,89689,2957,159239,California
Monterey,2021-04-10,10303,248392,4991,105685,3120,129452,2192,13255,5022,71494,5269,94958,7213,166452,California
Monterey,2021-04-11,5551,253943,4366,110051,575,130027,610,13865,4495,75544,1050,96008,5100,171552,California
Monterey,2021-04-12,4177,258120,1892,111943,1959,131986,326,14191,965,73770,3073,99081,1299,172851,California
Monterey,2021-04-13,3253,261373,752,112695,2496,134482,5,14196,1569,73686,1665,100746,1581,174432,California
Monterey,2021-04-14,6905,268278,3224,115919,3678,138160,3,14199,1885,70611,5001,105747,1926,176358,California
Monterey,2021-04-15,5909,274187,3899,119818,2010,140170,0,14199,3857,72448,2023,107770,3860,180218,California
Monterey,2021-04-16,4928,279115,2489,122307,2428,142598,11,14210,2285,72114,2631,110401,2297,182515,California
Monterey,2021-04-17,5794,284909,1367,123674,4427,147025,0,14210,3740,73814,2040,112441,3740,186255,California
Monterey,2021-04-18,854,285763,263,123937,591,147616,0,14210,241,73446,609,113050,241,186496,California
Monterey,2021-04-19,3752,289515,1299,125236,2453,150069,0,14210,1779,73260,1965,115015,1779,188275,California
Monterey,2021-04-20,3880,293395,1603,126839,2277,152346,0,14210,1589,72583,2267,117282,1590,189865,California
Monterey,2021-04-21,6006,299401,3235,130074,2771,155117,0,14210,2895,72406,3074,120356,2897,192762,California
Monterey,2021-04-22,4878,304279,1058,131132,3820,158937,0,14210,2008,71586,2828,123184,2008,194770,California
Monterey,2021-04-23,5681,309960,2651,133783,3029,161966,1,14211,2244,70417,3419,126603,2250,197020,California
Monterey,2021-04-24,4327,314287,593,134376,3734,165700,0,14211,1563,69235,2745,129348,1563,198583,California
Monterey,2021-04-25,1248,315535,618,134994,630,166330,0,14211,797,69591,441,129789,797,199380,California
Monterey,2021-04-26,3766,319301,2221,137215,1528,167858,17,14228,996,67859,2745,132534,1013,200393,California
Monterey,2021-04-27,2877,322178,939,138154,1800,169658,138,14366,1235,67595,1636,134170,1372,201765,California
Monterey,2021-04-28,3667,325845,1397,139551,2117,171775,153,14519,2271,68631,1383,135553,2419,204184,California
Monterey,2021-04-29,4571,330416,2461,142012,2035,173810,75,14594,1675,67498,2884,138437,1751,205935,California
Monterey,2021-04-30,3218,333634,1664,143676,1479,175289,75,14669,810,65983,2398,140835,883,206818,California
Monterey,2021-05-01,5656,339290,4261,147937,1354,176643,41,14710,686,61759,4949,145784,725,207543,California
Monterey,2021-05-02,4378,343668,3948,151885,403,177046,27,14737,315,58052,4049,149833,342,207885,California
Monterey,2021-05-03,2556,346224,1572,153457,867,177913,117,14854,597,56817,1949,151782,714,208599,California
Monterey,2021-05-04,1815,348039,624,154081,1101,179014,90,14944,647,56401,1154,152936,738,209337,California
Monterey,2021-05-05,3363,351402,1225,155306,2052,181066,86,15030,1065,55266,2287,155223,1152,210489,California
Monterey,2021-05-06,4205,355607,2763,158069,1222,182288,220,15250,1133,53562,3057,158280,1353,211842,California
Monterey,2021-05-07,2012,357619,990,159059,922,183210,100,15350,701,53059,1303,159583,800,212642,California
Monterey,2021-05-08,2614,360233,1379,160438,911,184121,324,15674,940,52655,1663,161246,1259,213901,California
Monterey,2021-05-09,405,360638,120,160558,259,184380,26,15700,146,52569,258,161504,172,214073,California
Monterey,2021-05-10,2796,363434,2055,162613,692,185072,49,15749,520,50874,2265,163769,570,214643,California
Monterey,2021-05-11,1873,365307,955,163568,840,185912,78,15827,765,50624,1094,164863,844,215487,California
Monterey,2021-05-12,3869,369176,2038,165606,1745,187657,86,15913,858,48571,2998,167861,945,216432,California
Monterey,2021-05-13,2586,371762,1508,167114,1022,188679,56,15969,1489,49027,1087,168948,1543,217975,California
Monterey,2021-05-14,1818,373580,528,167642,1192,189871,98,16067,723,48761,1086,170034,820,218795,California
Monterey,2021-05-15,3361,376941,820,168462,2275,192146,266,16333,945,47565,2403,172437,1207,220002,California
Monterey,2021-05-16,916,377857,562,169024,282,192428,72,16405,232,47190,678,173115,303,220305,California
Monterey,2021-05-17,2205,380062,1300,170324,826,193254,79,16484,1033,47142,1160,174275,1112,221417,California
Monterey,2021-05-18,1756,381818,684,171008,1027,194281,45,16529,807,47057,940,175215,855,222272,California
Monterey,2021-05-19,3652,385470,2364,173372,1198,195479,90,16619,1951,47406,1694,176909,2043,224315,California
Monterey,2021-05-20,2568,388038,922,174294,1537,197016,109,16728,851,46665,1704,178613,963,225278,California
Monterey,2021-05-21,3101,391139,1302,175596,1704,198720,95,16823,981,45631,2109,180722,1075,226353,California
Monterey,2021-05-22,1973,393112,691,176287,1001,199721,281,17104,758,45459,1209,181931,1037,227390,California
Monterey,2021-05-23,744,393856,472,176759,256,199977,16,17120,470,45676,269,182200,486,227876,California
Monterey,2021-05-24,1679,395535,502,177261,1117,201094,60,17180,543,45148,1132,183332,604,228480,California
Monterey,2021-05-25,1439,396974,545,177806,825,201919,69,17249,564,44921,860,184192,633,229113,California
Monterey,2021-05-26,2680,399654,1037,178843,1589,203508,54,17303,1020,44355,1642,185834,1076,230189,California
Monterey,2021-05-27,2482,402136,1352,180195,1074,204582,56,17359,896,43739,1569,187403,953,231142,California
Monterey,2021-05-28,1738,403874,574,180769,1104,205686,60,17419,759,43592,967,188370,820,231962,California
Monterey,2021-05-29,977,404851,628,181397,319,206005,30,17449,412,43474,560,188930,442,232404,California
Monterey,2021-05-30,379,405230,161,181558,203,206208,15,17464,145,43401,233,189163,160,232564,California
Monterey,2021-05-31,184,405414,32,181590,143,206351,9,17473,53,43332,131,189294,62,232626,California
Monterey,2021-06-01,1718,407132,927,182517,659,207010,132,17605,543,42844,1159,190453,671,233297,California
Monterey,2021-06-02,1684,408816,970,183487,664,207674,50,17655,709,42632,971,191424,759,234056,California
Monterey,2021-06-03,2202,411018,1402,184889,765,208439,35,17690,556,41586,1636,193060,590,234646,California
Monterey,2021-06-04,1323,412341,688,185577,604,209043,31,17721,556,41415,758,193818,587,235233,California
Monterey,2021-06-05,1672,414013,842,186419,687,209730,143,17864,467,40825,1200,195018,610,235843,California
Monterey,2021-06-06,476,414489,392,186811,75,209805,9,17873,278,40914,197,195215,286,236129,California
Monterey,2021-06-07,938,415427,492,187303,401,210206,45,17918,401,40831,527,195742,444,236573,California
Monterey,2021-06-08,1089,416516,678,187981,392,210598,19,17937,405,40579,676,196418,424,236997,California
Monterey,2021-06-09,2174,418690,1738,189719,324,210922,112,18049,450,39419,1720,198138,560,237557,California
Napa,2020-12-16,12,12,12,12,0,0,0,0,12,12,0,0,12,12,California
Napa,2020-12-17,47,59,47,59,0,0,0,0,47,59,0,0,47,59,California
Napa,2020-12-18,107,166,107,166,0,0,0,0,107,166,0,0,107,166,California
Napa,2020-12-19,221,387,221,387,0,0,0,0,221,387,0,0,221,387,California
Napa,2020-12-20,191,578,191,578,0,0,0,0,191,578,0,0,191,578,California
Napa,2020-12-21,314,892,314,892,0,0,0,0,315,893,0,0,315,893,California
Napa,2020-12-22,342,1234,333,1225,9,9,0,0,342,1235,0,0,342,1235,California
Napa,2020-12-23,436,1670,324,1549,112,121,0,0,436,1671,0,0,436,1671,California
Napa,2020-12-24,139,1809,77,1626,62,183,0,0,139,1810,0,0,139,1810,California
Napa,2020-12-25,1,1810,1,1627,0,183,0,0,1,1811,0,0,1,1811,California
Napa,2020-12-26,40,1850,11,1638,29,212,0,0,40,1851,0,0,40,1851,California
Napa,2020-12-27,32,1882,16,1654,16,228,0,0,32,1883,0,0,32,1883,California
Napa,2020-12-28,252,2134,185,1839,67,295,0,0,281,2164,0,0,281,2164,California
Napa,2020-12-29,272,2406,216,2055,56,351,0,0,305,2469,0,0,305,2469,California
Napa,2020-12-30,635,3041,489,2544,146,497,0,0,643,3112,0,0,643,3112,California
Napa,2020-12-31,461,3502,373,2917,88,585,0,0,461,3573,0,0,461,3573,California
Napa,2021-01-01,1,3503,1,2918,0,585,0,0,1,3574,0,0,1,3574,California
Napa,2021-01-02,98,3601,93,3011,5,590,0,0,98,3672,0,0,98,3672,California
Napa,2021-01-03,14,3615,12,3023,2,592,0,0,9,3681,0,0,9,3681,California
Napa,2021-01-04,105,3720,63,3086,42,634,0,0,105,3786,0,0,105,3786,California
Napa,2021-01-05,161,3881,85,3171,76,710,0,0,145,3907,24,24,145,3931,California
Napa,2021-01-06,463,4344,114,3285,349,1059,0,0,398,4242,63,87,398,4329,California
Napa,2021-01-07,499,4843,235,3520,264,1323,0,0,397,4538,101,188,397,4726,California
Napa,2021-01-08,448,5291,232,3752,216,1539,0,0,260,4611,187,375,260,4986,California
Napa,2021-01-09,328,5619,302,4054,26,1565,0,0,191,4665,137,512,191,5177,California
Napa,2021-01-10,185,5804,102,4156,83,1648,0,0,108,4696,77,589,108,5285,California
Napa,2021-01-11,881,6685,426,4582,455,2103,0,0,508,4832,374,963,510,5795,California
Napa,2021-01-12,1323,8008,377,4959,946,3049,0,0,1003,5515,320,1283,1003,6798,California
Napa,2021-01-13,1317,9325,268,5227,1049,4098,0,0,1153,6506,163,1446,1154,7952,California
Napa,2021-01-14,1052,10377,169,5396,883,4981,0,0,935,7326,115,1561,935,8887,California
Napa,2021-01-15,1467,11844,388,5784,1079,6060,0,0,1318,8488,157,1718,1319,10206,California
Napa,2021-01-16,355,12199,131,5915,224,6284,0,0,338,8809,17,1735,338,10544,California
Napa,2021-01-17,342,12541,177,6092,165,6449,0,0,332,9131,10,1745,332,10876,California
Napa,2021-01-18,1079,13620,197,6289,882,7331,0,0,988,10028,91,1836,988,11864,California
Napa,2021-01-19,1013,14633,410,6699,603,7934,0,0,766,10548,246,2082,766,12630,California
Napa,2021-01-20,834,15467,189,6888,645,8579,0,0,646,11008,186,2268,646,13276,California
Napa,2021-01-21,1329,16796,368,7256,961,9540,0,0,1075,11831,253,2521,1076,14352,California
Napa,2021-01-22,1547,18343,417,7673,1130,10670,0,0,1218,12722,328,2849,1219,15571,California
Napa,2021-01-23,398,18741,319,7992,79,10749,0,0,336,12996,62,2911,336,15907,California
Napa,2021-01-24,264,19005,186,8178,78,10827,0,0,206,13144,58,2969,206,16113,California
Napa,2021-01-25,1524,20529,229,8407,1295,12122,0,0,1435,14490,89,3058,1435,17548,California
Napa,2021-01-26,881,21410,285,8692,596,12718,0,0,788,15186,93,3151,789,18337,California
Napa,2021-01-27,628,22038,222,8914,406,13124,0,0,467,15492,162,3313,468,18805,California
Napa,2021-01-28,387,22425,176,9090,211,13335,0,0,196,15499,189,3502,196,19001,California
Napa,2021-01-29,260,22685,65,9155,195,13530,0,0,163,15565,97,3599,163,19164,California
Napa,2021-01-30,818,23503,706,9861,112,13642,0,0,649,16045,169,3768,649,19813,California
Napa,2021-01-31,692,24195,660,10521,32,13674,0,0,668,16689,24,3792,668,20481,California
Napa,2021-02-01,324,24519,114,10635,210,13884,0,0,165,16695,159,3951,165,20646,California
Napa,2021-02-02,612,25131,281,10916,331,14215,0,0,299,16684,310,4261,299,20945,California
Napa,2021-02-03,750,25881,311,11227,439,14654,0,0,432,16799,317,4578,432,21377,California
Napa,2021-02-04,783,26664,368,11595,415,15069,0,0,435,16888,346,4924,435,21812,California
Napa,2021-02-05,713,27377,311,11906,402,15471,0,0,341,16857,372,5296,341,22153,California
Napa,2021-02-06,438,27815,143,12049,295,15766,0,0,333,17085,105,5401,333,22486,California
Napa,2021-02-07,176,27991,163,12212,13,15779,0,0,69,17047,107,5508,69,22555,California
Napa,2021-02-08,835,28826,191,12403,644,16423,0,0,274,16762,559,6067,274,22829,California
Napa,2021-02-09,1085,29911,449,12852,636,17059,0,0,440,16558,644,6711,440,23269,California
Napa,2021-02-10,1726,31637,190,13042,1536,18595,0,0,451,15738,1272,7983,452,23721,California
Napa,2021-02-11,1490,33127,187,13229,1303,19898,0,0,402,15065,1075,9058,402,24123,California
Napa,2021-02-12,2157,35284,837,14066,1320,21218,0,0,718,14348,1435,10493,718,24841,California
Napa,2021-02-13,507,35791,54,14120,453,21671,0,0,320,14481,187,10680,320,25161,California
Napa,2021-02-14,344,36135,77,14197,267,21938,0,0,182,14501,162,10842,182,25343,California
Napa,2021-02-15,876,37011,182,14379,694,22632,0,0,224,14075,650,11492,224,25567,California
Napa,2021-02-16,1293,38304,599,14978,694,23326,0,0,618,14020,673,12165,618,26185,California
Napa,2021-02-17,1049,39353,529,15507,520,23846,0,0,478,13930,569,12734,479,26664,California
Napa,2021-02-18,1901,41254,481,15988,1420,25266,0,0,659,13350,1239,13973,659,27323,California
Napa,2021-02-19,1492,42746,585,16573,907,26173,0,0,679,13217,812,14785,679,28002,California
Napa,2021-02-20,865,43611,633,17206,232,26405,0,0,280,12912,585,15370,280,28282,California
Napa,2021-02-21,886,44497,817,18023,69,26474,0,0,191,12408,695,16065,191,28473,California
Napa,2021-02-22,477,44974,198,18221,279,26753,0,0,147,12225,330,16395,147,28620,California
Napa,2021-02-23,1155,46129,308,18529,847,27600,0,0,326,11722,829,17224,326,28946,California
Napa,2021-02-24,1173,47302,648,19177,525,28125,0,0,582,11715,589,17813,582,29528,California
Napa,2021-02-25,2587,49889,1247,20424,1340,29465,0,0,1875,12879,711,18524,1875,31403,California
Napa,2021-02-26,1550,51439,545,20969,1005,30470,0,0,615,12561,933,19457,615,32018,California
Napa,2021-02-27,1170,52609,426,21395,744,31214,0,0,912,13217,256,19713,912,32930,California
Napa,2021-02-28,725,53334,606,22001,119,31333,0,0,608,13710,115,19828,608,33538,California
Napa,2021-03-01,1174,54508,878,22879,296,31629,0,0,898,14333,275,20103,898,34436,California
Napa,2021-03-02,1512,56020,1053,23932,459,32088,0,0,1168,15158,343,20446,1168,35604,California
Napa,2021-03-03,1565,57585,689,24621,876,32964,0,0,1377,16348,187,20633,1377,36981,California
Napa,2021-03-04,1716,59301,788,25409,928,33892,0,0,1478,17591,235,20868,1478,38459,California
Napa,2021-03-05,1905,61206,785,26194,1116,35008,4,4,1489,18670,414,21282,1493,39952,California
Napa,2021-03-06,661,61867,290,26484,340,35348,31,35,548,19138,111,21393,579,40531,California
Napa,2021-03-07,522,62389,311,26795,196,35544,15,50,384,19400,137,21530,399,40930,California
Napa,2021-03-08,714,63103,335,27130,325,35869,54,104,538,19818,174,21704,592,41522,California
Napa,2021-03-09,1687,64790,611,27741,1030,36899,46,150,1249,20678,435,22139,1295,42817,California
Napa,2021-03-10,1502,66292,923,28664,485,37384,94,244,801,20873,697,22836,892,43709,California
Napa,2021-03-11,1888,68180,1064,29728,694,38078,130,374,994,21102,894,23730,1123,44832,California
Napa,2021-03-12,1507,69687,918,30646,497,38575,92,466,805,21299,700,24430,897,45729,California
Napa,2021-03-13,1182,70869,311,30957,846,39421,25,491,835,21814,345,24775,860,46589,California
Napa,2021-03-14,619,71488,334,31291,134,39555,151,642,209,21764,409,25184,359,46948,California
Napa,2021-03-15,956,72444,410,31701,476,40031,70,712,477,21834,477,25661,547,47495,California
Napa,2021-03-16,1849,74293,389,32090,1332,41363,128,840,1373,22863,473,26134,1502,48997,California
Napa,2021-03-17,2509,76802,1846,33936,484,41847,179,1019,1592,23718,916,27050,1771,50768,California
Napa,2021-03-18,2132,78934,943,34879,1176,43023,13,1032,1276,24154,853,27903,1289,52057,California
Napa,2021-03-19,1454,80388,880,35759,547,43570,27,1059,699,24128,752,28655,726,52783,California
Napa,2021-03-20,1011,81399,533,36292,324,43894,154,1213,382,24036,628,29283,536,53319,California
Napa,2021-03-21,710,82109,687,36979,20,43914,3,1216,217,23764,492,29775,220,53539,California
Napa,2021-03-22,1302,83411,1121,38100,169,44083,12,1228,440,23359,857,30632,452,53991,California
Napa,2021-03-23,1884,85295,1189,39289,678,44761,17,1245,996,23488,884,31516,1013,55004,California
Napa,2021-03-24,1705,87000,942,40231,755,45516,8,1253,812,23416,892,32408,820,55824,California
Napa,2021-03-25,1926,88926,1051,41282,821,46337,54,1307,762,23074,1158,33566,816,56640,California
Napa,2021-03-26,1312,90238,840,42122,466,46803,6,1313,589,22951,718,34284,595,57235,California
Napa,2021-03-27,938,91176,437,42559,474,47277,27,1340,296,22632,642,34926,323,57558,California
Napa,2021-03-28,490,91666,381,42940,102,47379,7,1347,178,22507,310,35236,185,57743,California
Napa,2021-03-29,1204,92870,875,43815,324,47703,5,1352,728,22765,475,35711,733,58476,California
Napa,2021-03-30,2775,95645,933,44748,1838,49541,4,1356,1952,23897,824,36535,1956,60432,California
Napa,2021-03-31,1985,97630,969,45717,947,50488,69,1425,811,23604,1171,37706,878,61310,California
Napa,2021-04-01,1758,99388,844,46561,798,51286,116,1541,485,22938,1266,38972,600,61910,California
Napa,2021-04-02,1868,101256,838,47399,888,52174,142,1683,477,22168,1388,40360,618,62528,California
Napa,2021-04-03,635,101891,371,47770,207,52381,57,1740,210,22010,424,40784,266,62794,California
Napa,2021-04-04,355,102246,142,47912,155,52536,58,1798,121,21956,233,41017,179,62973,California
Napa,2021-04-05,1271,103517,757,48669,296,52832,218,2016,570,22045,699,41716,788,63761,California
Napa,2021-04-06,2249,105766,560,49229,1428,54260,261,2277,520,21099,1726,43442,780,64541,California
Napa,2021-04-07,1751,107517,712,49941,819,55079,220,2497,527,20627,1218,44660,746,65287,California
Napa,2021-04-08,1867,109384,1065,51006,425,55504,377,2874,959,21059,903,45563,1335,66622,California
Napa,2021-04-09,1558,110942,935,51941,318,55822,305,3179,683,21173,873,46436,987,67609,California
Napa,2021-04-10,1041,111983,345,52286,595,56417,101,3280,241,20715,799,47235,341,67950,California
Napa,2021-04-11,386,112369,301,52587,62,56479,23,3303,159,20670,227,47462,182,68132,California
Napa,2021-04-12,791,113160,301,52888,365,56844,125,3428,291,20585,497,47959,412,68544,California
Napa,2021-04-13,2559,115719,859,53747,1700,58544,0,3428,932,19900,1622,49581,937,69481,California
Napa,2021-04-14,2089,117808,984,54731,1105,59649,0,3428,1015,19852,1066,50647,1018,70499,California
Napa,2021-04-15,2048,119856,524,55255,1524,61173,0,3428,876,19562,1166,51813,876,71375,California
Napa,2021-04-16,2950,122806,1623,56878,1327,62500,0,3428,2231,21077,716,52529,2231,73606,California
Napa,2021-04-17,1128,123934,270,57148,858,63358,0,3428,831,21612,296,52825,831,74437,California
Napa,2021-04-18,267,124201,173,57321,94,63452,0,3428,119,21583,148,52973,119,74556,California
Napa,2021-04-19,609,124810,337,57658,272,63724,0,3428,263,21501,345,53318,263,74819,California
Napa,2021-04-20,3046,127856,2070,59728,976,64700,0,3428,2093,22644,951,54269,2094,76913,California
Napa,2021-04-21,2937,130793,2170,61898,767,65467,0,3428,1868,23450,1063,55332,1869,78782,California
Napa,2021-04-22,1727,132520,1206,63104,521,65988,0,3428,837,23402,885,56217,837,79619,California
Napa,2021-04-23,1633,134153,1255,64359,376,66364,2,3430,1156,24085,473,56690,1156,80775,California
Napa,2021-04-24,559,134712,317,64676,242,66606,0,3430,283,24095,273,56963,283,81058,California
Napa,2021-04-25,247,134959,189,64865,58,66664,0,3430,129,24107,117,57080,129,81187,California
Napa,2021-04-26,537,135496,282,65147,255,66919,0,3430,274,24123,258,57338,274,81461,California
Napa,2021-04-27,1771,137267,458,65605,1301,68220,12,3442,590,23548,1177,58515,602,82063,California
Napa,2021-04-28,1009,138276,461,66066,531,68751,17,3459,341,23240,666,59181,358,82421,California
Napa,2021-04-29,707,138983,349,66415,339,69090,19,3478,249,23056,451,59632,267,82688,California
Napa,2021-04-30,607,139590,305,66720,237,69327,65,3543,249,23012,357,59989,313,83001,California
Napa,2021-05-01,321,139911,265,66985,45,69372,11,3554,120,22942,201,60190,131,83132,California
Napa,2021-05-02,240,140151,195,67180,39,69411,6,3560,100,22909,139,60329,106,83238,California
Napa,2021-05-03,621,140772,497,67677,89,69500,35,3595,103,22535,513,60842,139,83377,California
Napa,2021-05-04,1131,141903,718,68395,302,69802,111,3706,298,22115,829,61671,409,83786,California
Napa,2021-05-05,1016,142919,686,69081,294,70096,36,3742,254,21646,759,62430,290,84076,California
Napa,2021-05-06,713,143632,318,69399,372,70468,23,3765,368,21701,336,62766,391,84467,California
Napa,2021-05-07,1382,145014,1158,70557,161,70629,63,3828,291,20983,1071,63837,353,84820,California
Napa,2021-05-08,254,145268,163,70720,80,70709,11,3839,88,20917,165,64002,99,84919,California
Napa,2021-05-09,107,145375,76,70796,31,70740,0,3839,50,20910,57,64059,50,84969,California
Napa,2021-05-10,415,145790,141,70937,255,70995,19,3858,104,20723,310,64369,123,85092,California
Napa,2021-05-11,2184,147974,1798,72735,360,71355,26,3884,375,19321,1803,66172,401,85493,California
Napa,2021-05-12,2196,150170,1375,74110,765,72120,56,3940,305,17796,1886,68058,361,85854,California
Napa,2021-05-13,1903,152073,1201,75311,661,72781,41,3981,825,17592,1071,69129,867,86721,California
Napa,2021-05-14,1917,153990,1149,76460,682,73463,86,4067,513,16794,1398,70527,600,87321,California
Napa,2021-05-15,1051,155041,346,76806,694,74157,11,4078,261,16280,787,71314,273,87594,California
Napa,2021-05-16,240,155281,160,76966,78,74235,2,4080,67,16176,173,71487,69,87663,California
Napa,2021-05-17,877,156158,347,77313,500,74735,30,4110,303,15997,512,71999,333,87996,California
Napa,2021-05-18,1045,157203,546,77859,442,75177,57,4167,501,16016,539,72538,558,88554,California
Napa,2021-05-19,934,158137,552,78411,352,75529,30,4197,503,16120,428,72966,532,89086,California
Napa,2021-05-20,624,158761,417,78828,177,75706,30,4227,381,16288,243,73209,411,89497,California
Napa,2021-05-21,469,159230,235,79063,203,75909,31,4258,205,16260,264,73473,236,89733,California
Napa,2021-05-22,406,159636,222,79285,176,76085,8,4266,167,16197,239,73712,176,89909,California
Napa,2021-05-23,382,160018,339,79624,33,76118,10,4276,292,16409,90,73802,302,90211,California
Napa,2021-05-24,361,160379,178,79802,163,76281,20,4296,146,16361,214,74016,166,90377,California
Napa,2021-05-25,422,160801,174,79976,176,76457,72,4368,146,16303,275,74291,217,90594,California
Napa,2021-05-26,544,161345,353,80329,166,76623,25,4393,314,16415,227,74518,339,90933,California
Napa,2021-05-27,367,161712,157,80486,182,76805,28,4421,133,16342,234,74752,161,91094,California
Napa,2021-05-28,392,162104,205,80691,163,76968,24,4445,164,16304,224,74976,186,91280,California
Napa,2021-05-29,129,162233,79,80770,46,77014,4,4449,74,16328,54,75030,78,91358,California
Napa,2021-05-30,97,162330,60,80830,32,77046,5,4454,32,16302,63,75093,37,91395,California
Napa,2021-05-31,43,162373,17,80847,19,77065,7,4461,9,16284,34,75127,16,91411,California
Napa,2021-06-01,598,162971,310,81157,264,77329,24,4485,264,16243,328,75455,287,91698,California
Napa,2021-06-02,410,163381,240,81397,147,77476,23,4508,197,16252,211,75666,220,91918,California
Napa,2021-06-03,715,164096,431,81828,261,77737,23,4531,172,15905,540,76206,193,92111,California
Napa,2021-06-04,772,164868,601,82429,135,77872,36,4567,167,15505,603,76809,203,92314,California
Napa,2021-06-05,304,165172,246,82675,46,77918,12,4579,77,15367,227,77036,89,92403,California
Napa,2021-06-06,143,165315,124,82799,19,77937,0,4579,50,15324,93,77129,50,92453,California
Napa,2021-06-07,391,165706,284,83083,80,78017,27,4606,92,15144,299,77428,119,92572,California
Napa,2021-06-08,565,166271,435,83518,113,78130,17,4623,249,15097,313,77741,266,92838,California
Napa,2021-06-09,371,166642,310,83828,54,78184,7,4630,59,14852,311,78052,66,92904,California
Nevada,2020-12-16,3,3,3,3,0,0,0,0,3,3,0,0,3,3,California
Nevada,2020-12-17,6,9,6,9,0,0,0,0,6,9,0,0,6,9,California
Nevada,2020-12-18,58,67,58,67,0,0,0,0,58,67,0,0,58,67,California
Nevada,2020-12-19,55,122,55,122,0,0,0,0,55,122,0,0,55,122,California
Nevada,2020-12-20,14,136,14,136,0,0,0,0,14,136,0,0,14,136,California
Nevada,2020-12-21,70,206,70,206,0,0,0,0,70,206,0,0,70,206,California
Nevada,2020-12-22,90,296,88,294,2,2,0,0,90,296,0,0,90,296,California
Nevada,2020-12-23,240,536,208,502,32,34,0,0,240,536,0,0,240,536,California
Nevada,2020-12-24,13,549,11,513,2,36,0,0,13,549,0,0,13,549,California
Nevada,2020-12-25,3,552,3,516,0,36,0,0,3,552,0,0,3,552,California
Nevada,2020-12-26,6,558,4,520,2,38,0,0,6,558,0,0,6,558,California
Nevada,2020-12-27,90,648,90,610,0,38,0,0,90,648,0,0,90,648,California
Nevada,2020-12-28,173,821,93,703,80,118,0,0,173,821,0,0,173,821,California
Nevada,2020-12-29,98,919,72,775,26,144,0,0,98,919,0,0,98,919,California
Nevada,2020-12-30,89,1008,67,842,22,166,0,0,89,1008,0,0,89,1008,California
Nevada,2020-12-31,41,1049,8,850,33,199,0,0,41,1049,0,0,41,1049,California
Nevada,2021-01-01,2,1051,0,850,2,201,0,0,2,1051,0,0,2,1051,California
Nevada,2021-01-02,2,1053,1,851,1,202,0,0,2,1053,0,0,2,1053,California
Nevada,2021-01-03,131,1184,126,977,5,207,0,0,131,1184,0,0,131,1184,California
Nevada,2021-01-04,69,1253,43,1020,26,233,0,0,69,1253,0,0,69,1253,California
Nevada,2021-01-05,279,1532,132,1152,147,380,0,0,278,1530,1,1,278,1531,California
Nevada,2021-01-06,91,1623,43,1195,48,428,0,0,83,1605,8,9,83,1614,California
Nevada,2021-01-07,220,1843,44,1239,176,604,0,0,212,1811,7,16,213,1827,California
Nevada,2021-01-08,231,2074,132,1371,99,703,0,0,171,1923,60,76,172,1999,California
Nevada,2021-01-09,62,2136,55,1426,7,710,0,0,14,1889,48,124,14,2013,California
Nevada,2021-01-10,19,2155,10,1436,9,719,0,0,10,1890,9,133,10,2023,California
Nevada,2021-01-11,188,2343,133,1569,55,774,0,0,58,1818,130,263,58,2081,California
Nevada,2021-01-12,600,2943,451,2020,149,923,0,0,534,2286,66,329,534,2615,California
Nevada,2021-01-13,270,3213,152,2172,118,1041,0,0,132,2280,138,467,132,2747,California
Nevada,2021-01-14,239,3452,125,2297,114,1155,0,0,221,2484,17,484,221,2968,California
Nevada,2021-01-15,404,3856,172,2469,232,1387,0,0,304,2688,100,584,304,3272,California
Nevada,2021-01-16,315,4171,16,2485,299,1686,0,0,310,2993,5,589,310,3582,California
Nevada,2021-01-17,43,4214,38,2523,5,1691,0,0,41,3032,2,591,41,3623,California
Nevada,2021-01-18,157,4371,47,2570,110,1801,0,0,145,3165,12,603,145,3768,California
Nevada,2021-01-19,250,4621,90,2660,160,1961,0,0,228,3371,22,625,228,3996,California
Nevada,2021-01-20,277,4898,166,2826,111,2072,0,0,263,3621,14,639,264,4260,California
Nevada,2021-01-21,338,5236,202,3028,136,2208,0,0,325,3933,13,652,325,4585,California
Nevada,2021-01-22,379,5615,234,3262,145,2353,0,0,347,4248,32,684,347,4932,California
Nevada,2021-01-23,181,5796,105,3367,76,2429,0,0,181,4429,0,684,181,5113,California
Nevada,2021-01-24,109,5905,100,3467,9,2438,0,0,70,4460,39,723,70,5183,California
Nevada,2021-01-25,269,6174,136,3603,133,2571,0,0,205,4601,64,787,205,5388,California
Nevada,2021-01-26,410,6584,144,3747,266,2837,0,0,306,4803,104,891,306,5694,California
Nevada,2021-01-27,438,7022,260,4007,178,3015,0,0,413,5191,25,916,413,6107,California
Nevada,2021-01-28,486,7508,331,4338,155,3170,0,0,438,5582,47,963,438,6545,California
Nevada,2021-01-29,619,8127,401,4739,218,3388,0,0,590,6145,28,991,591,7136,California
Nevada,2021-01-30,243,8370,114,4853,129,3517,0,0,240,6382,3,994,240,7376,California
Nevada,2021-01-31,107,8477,89,4942,18,3535,0,0,103,6483,3,997,104,7480,California
Nevada,2021-02-01,293,8770,73,5015,220,3755,0,0,280,6750,13,1010,280,7760,California
Nevada,2021-02-02,531,9301,190,5205,341,4096,0,0,328,6875,203,1213,328,8088,California
Nevada,2021-02-03,817,10118,562,5767,255,4351,0,0,761,7581,55,1268,761,8849,California
Nevada,2021-02-04,757,10875,390,6157,367,4718,0,0,506,7837,250,1518,506,9355,California
Nevada,2021-02-05,677,11552,383,6540,294,5012,0,0,481,8124,194,1712,481,9836,California
Nevada,2021-02-06,280,11832,91,6631,189,5201,0,0,253,8350,27,1739,253,10089,California
Nevada,2021-02-07,283,12115,226,6857,57,5258,0,0,223,8513,60,1799,223,10312,California
Nevada,2021-02-08,674,12789,411,7268,263,5521,0,0,569,8977,105,1904,569,10881,California
Nevada,2021-02-09,623,13412,352,7620,271,5792,0,0,479,9312,144,2048,479,11360,California
Nevada,2021-02-10,664,14076,331,7951,333,6125,0,0,434,9517,230,2278,435,11795,California
Nevada,2021-02-11,898,14974,515,8466,383,6508,0,0,565,9750,332,2610,565,12360,California
Nevada,2021-02-12,974,15948,450,8916,524,7032,0,0,646,10071,325,2935,646,13006,California
Nevada,2021-02-13,636,16584,249,9165,387,7419,0,0,403,10246,229,3164,404,13410,California
Nevada,2021-02-14,238,16822,124,9289,114,7533,0,0,207,10422,31,3195,207,13617,California
Nevada,2021-02-15,733,17555,448,9737,285,7818,0,0,556,10801,177,3372,556,14173,California
Nevada,2021-02-16,644,18199,211,9948,433,8251,0,0,473,11104,170,3542,473,14646,California
Nevada,2021-02-17,1208,19407,784,10732,424,8675,0,0,867,11630,341,3883,867,15513,California
Nevada,2021-02-18,1028,20435,566,11298,462,9137,0,0,607,11818,419,4302,607,16120,California
Nevada,2021-02-19,1030,21465,644,11942,386,9523,0,0,658,12107,370,4672,659,16779,California
Nevada,2021-02-20,309,21774,111,12053,198,9721,0,0,176,12151,132,4804,176,16955,California
Nevada,2021-02-21,101,21875,93,12146,8,9729,0,0,7,12067,91,4895,7,16962,California
Nevada,2021-02-22,506,22381,340,12486,166,9895,0,0,356,12274,149,5044,356,17318,California
Nevada,2021-02-23,501,22882,243,12729,258,10153,0,0,225,12226,273,5317,225,17543,California
Nevada,2021-02-24,482,23364,245,12974,237,10390,0,0,252,12251,229,5546,254,17797,California
Nevada,2021-02-25,881,24245,481,13455,400,10790,0,0,441,12254,438,5984,441,18238,California
Nevada,2021-02-26,1276,25521,889,14344,387,11177,0,0,443,11867,830,6814,443,18681,California
Nevada,2021-02-27,385,25906,121,14465,264,11441,0,0,202,11886,183,6997,202,18883,California
Nevada,2021-02-28,313,26219,187,14652,126,11567,0,0,137,11848,175,7172,137,19020,California
Nevada,2021-03-01,852,27071,445,15097,407,11974,0,0,376,11751,473,7645,376,19396,California
Nevada,2021-03-02,761,27832,308,15405,453,12427,0,0,519,12033,237,7882,519,19915,California
Nevada,2021-03-03,996,28828,505,15910,490,12917,1,1,513,12067,481,8363,515,20430,California
Nevada,2021-03-04,1135,29963,628,16538,507,13424,0,1,482,11900,649,9012,482,20912,California
Nevada,2021-03-05,870,30833,493,17031,367,13791,10,11,387,11816,481,9493,397,21309,California
Nevada,2021-03-06,374,31207,130,17161,217,14008,27,38,147,11762,227,9720,173,21482,California
Nevada,2021-03-07,215,31422,111,17272,84,14092,20,58,71,11709,144,9864,91,21573,California
Nevada,2021-03-08,841,32263,564,17836,229,14321,48,106,378,11674,462,10326,427,22000,California
Nevada,2021-03-09,809,33072,411,18247,347,14668,51,157,465,11848,341,10667,515,22515,California
Nevada,2021-03-10,1027,34099,659,18906,310,14978,58,215,348,11580,673,11340,405,22920,California
Nevada,2021-03-11,1124,35223,730,19636,368,15346,26,241,554,11598,562,11902,580,23500,California
Nevada,2021-03-12,1220,36443,732,20368,458,15804,30,271,507,11425,709,12611,536,24036,California
Nevada,2021-03-13,297,36740,58,20426,234,16038,5,276,115,11364,180,12791,119,24155,California
Nevada,2021-03-14,158,36898,23,20449,130,16168,5,281,35,11281,123,12914,40,24195,California
Nevada,2021-03-15,869,37767,470,20919,387,16555,12,293,366,11159,500,13414,378,24573,California
Nevada,2021-03-16,1001,38768,468,21387,472,17027,61,354,642,11504,357,13771,702,25275,California
Nevada,2021-03-17,1030,39798,455,21842,565,17592,10,364,586,11659,441,14212,596,25871,California
Nevada,2021-03-18,1000,40798,548,22390,429,18021,23,387,490,11666,506,14718,513,26384,California
Nevada,2021-03-19,766,41564,450,22840,280,18301,36,423,365,11670,397,15115,401,26785,California
Nevada,2021-03-20,833,42397,94,22934,307,18608,432,855,232,11736,594,15709,660,27445,California
Nevada,2021-03-21,62,42459,33,22967,28,18636,1,856,43,11762,18,15727,44,27489,California
Nevada,2021-03-22,813,43272,523,23490,285,18921,5,861,540,12037,270,15997,545,28034,California
Nevada,2021-03-23,868,44140,396,23886,446,19367,26,887,625,12448,240,16237,651,28685,California
Nevada,2021-03-24,1025,45165,549,24435,469,19836,7,894,639,12715,378,16615,645,29330,California
Nevada,2021-03-25,924,46089,473,24908,426,20262,25,919,503,12823,419,17034,527,29857,California
Nevada,2021-03-26,1182,47271,454,25362,689,20951,39,958,837,13355,343,17377,875,30732,California
Nevada,2021-03-27,585,47856,72,25434,497,21448,16,974,390,13566,195,17572,406,31138,California
Nevada,2021-03-28,192,48048,51,25485,128,21576,13,987,38,13466,151,17723,51,31189,California
Nevada,2021-03-29,846,48894,509,25994,315,21891,22,1009,382,13408,461,18184,403,31592,California
Nevada,2021-03-30,1069,49963,486,26480,549,22440,34,1043,491,13363,570,18754,525,32117,California
Nevada,2021-03-31,1195,51158,667,27147,511,22951,17,1060,686,13565,500,19254,702,32819,California
Nevada,2021-04-01,1251,52409,728,27875,471,23422,52,1112,553,13481,689,19943,605,33424,California
Nevada,2021-04-02,1318,53727,667,28542,616,24038,35,1147,789,13780,525,20468,824,34248,California
Nevada,2021-04-03,297,54024,92,28634,168,24206,37,1184,86,13693,210,20678,123,34371,California
Nevada,2021-04-04,133,54157,45,28679,81,24287,7,1191,80,13727,53,20731,87,34458,California
Nevada,2021-04-05,947,55104,627,29306,298,24585,22,1213,626,14057,317,21048,647,35105,California
Nevada,2021-04-06,1089,56193,671,29977,273,24858,145,1358,445,14009,637,21685,589,35694,California
Nevada,2021-04-07,1167,57360,828,30805,252,25110,87,1445,624,14183,536,22221,710,36404,California
Nevada,2021-04-08,1304,58664,904,31709,313,25423,87,1532,711,14394,588,22809,799,37203,California
Nevada,2021-04-09,1268,59932,863,32572,332,25755,73,1605,844,14889,422,23231,917,38120,California
Nevada,2021-04-10,280,60212,79,32651,123,25878,78,1683,113,14914,166,23397,191,38311,California
Nevada,2021-04-11,101,60313,34,32685,63,25941,4,1687,39,14895,62,23459,43,38354,California
Nevada,2021-04-12,761,61074,549,33234,195,26136,17,1704,324,14805,432,23891,342,38696,California
Nevada,2021-04-13,900,61974,365,33599,535,26671,0,1704,472,14852,425,24316,472,39168,California
Nevada,2021-04-14,1060,63034,578,34177,482,27153,0,1704,536,14871,517,24833,536,39704,California
Nevada,2021-04-15,1099,64133,716,34893,383,27536,0,1704,632,15049,455,25288,633,40337,California
Nevada,2021-04-16,914,65047,705,35598,209,27745,0,1704,527,15191,385,25673,527,40864,California
Nevada,2021-04-17,196,65243,50,35648,146,27891,0,1704,83,15163,111,25784,83,40947,California
Nevada,2021-04-18,188,65431,22,35670,166,28057,0,1704,101,15177,87,25871,101,41048,California
Nevada,2021-04-19,776,66207,499,36169,277,28334,0,1704,315,15040,452,26323,315,41363,California
Nevada,2021-04-20,798,67005,315,36484,483,28817,0,1704,304,14857,487,26810,304,41667,California
Nevada,2021-04-21,911,67916,500,36984,411,29228,0,1704,278,14511,624,27434,278,41945,California
Nevada,2021-04-22,1006,68922,622,37606,384,29612,0,1704,343,14203,651,28085,343,42288,California
Nevada,2021-04-23,1232,70154,551,38157,681,30293,0,1704,398,13778,823,28908,398,42686,California
Nevada,2021-04-24,526,70680,75,38232,451,30744,0,1704,172,13598,352,29260,172,42858,California
Nevada,2021-04-25,120,70800,61,38293,54,30798,5,1709,55,13593,64,29324,59,42917,California
Nevada,2021-04-26,758,71558,573,38866,176,30974,9,1718,220,13294,528,29852,229,43146,California
Nevada,2021-04-27,831,72389,387,39253,439,31413,5,1723,419,13314,404,30256,424,43570,California
Nevada,2021-04-28,999,73388,586,39839,408,31821,5,1728,387,13099,607,30863,392,43962,California
Nevada,2021-04-29,1020,74408,714,40553,302,32123,4,1732,284,12653,734,31597,288,44250,California
Nevada,2021-04-30,1245,75653,733,41286,503,32626,9,1741,207,11833,1036,32633,216,44466,California
Nevada,2021-05-01,149,75802,63,41349,82,32708,4,1745,66,11822,81,32714,70,44536,California
Nevada,2021-05-02,62,75864,31,41380,27,32735,4,1749,21,11806,41,32755,25,44561,California
Nevada,2021-05-03,615,76479,413,41793,183,32918,19,1768,182,11577,429,33184,200,44761,California
Nevada,2021-05-04,594,77073,175,41968,401,33319,18,1786,334,11673,256,33440,352,45113,California
Nevada,2021-05-05,742,77815,385,42353,343,33662,14,1800,321,11596,412,33852,335,45448,California
Nevada,2021-05-06,812,78627,569,42922,232,33894,11,1811,201,11206,602,34454,212,45660,California
Nevada,2021-05-07,886,79513,494,43416,356,34250,36,1847,194,10749,687,35141,230,45890,California
Nevada,2021-05-08,178,79691,21,43437,137,34387,20,1867,83,10758,94,35235,103,45993,California
Nevada,2021-05-09,42,79733,7,43444,33,34420,2,1869,18,10754,24,35259,20,46013,California
Nevada,2021-05-10,398,80131,256,43700,117,34537,25,1894,76,10534,321,35580,101,46114,California
Nevada,2021-05-11,513,80644,156,43856,342,34879,15,1909,130,10304,375,35955,145,46259,California
Nevada,2021-05-12,539,81183,238,44094,290,35169,11,1920,156,10096,375,36330,167,46426,California
Nevada,2021-05-13,843,82026,556,44650,277,35446,10,1930,432,10135,403,36733,442,46868,California
Nevada,2021-05-14,778,82804,579,45229,182,35628,17,1947,427,10232,347,37080,444,47312,California
Nevada,2021-05-15,183,82987,86,45315,89,35717,8,1955,85,10228,97,37177,93,47405,California
Nevada,2021-05-16,153,83140,50,45365,103,35820,0,1955,52,10179,101,37278,52,47457,California
Nevada,2021-05-17,502,83642,319,45684,153,35973,30,1985,215,10148,276,37554,245,47702,California
Nevada,2021-05-18,417,84059,253,45937,159,36132,5,1990,221,10179,194,37748,225,47927,California
Nevada,2021-05-19,493,84552,353,46290,135,36267,5,1995,254,10208,230,37978,259,48186,California
Nevada,2021-05-20,608,85160,353,46643,243,36510,12,2007,213,10043,390,38368,225,48411,California
Nevada,2021-05-21,467,85627,294,46937,163,36673,10,2017,206,10002,257,38625,216,48627,California
Nevada,2021-05-22,241,85868,36,46973,116,36789,89,2106,53,9956,188,38813,142,48769,California
Nevada,2021-05-23,47,85915,18,46991,29,36818,0,2106,16,9942,30,38843,16,48785,California
Nevada,2021-05-24,313,86228,219,47210,79,36897,15,2121,105,9857,205,39048,120,48905,California
Nevada,2021-05-25,343,86571,83,47293,247,37144,13,2134,84,9700,254,39302,97,49002,California
Nevada,2021-05-26,430,87001,183,47476,240,37384,7,2141,118,9520,305,39607,125,49127,California
Nevada,2021-05-27,433,87434,230,47706,183,37567,20,2161,183,9477,246,39853,203,49330,California
Nevada,2021-05-28,344,87778,217,47923,114,37681,13,2174,200,9549,141,39994,213,49543,California
Nevada,2021-05-29,66,87844,12,47935,54,37735,0,2174,41,9565,25,40019,41,49584,California
Nevada,2021-05-30,38,87882,19,47954,17,37752,2,2176,25,9579,13,40032,27,49611,California
Nevada,2021-05-31,6,87888,4,47958,0,37752,2,2178,2,9579,4,40036,4,49615,California
Nevada,2021-06-01,404,88292,128,48086,264,38016,12,2190,102,9400,293,40329,114,49729,California
Nevada,2021-06-02,400,88692,163,48249,230,38246,7,2197,101,9216,292,40621,108,49837,California
Nevada,2021-06-03,565,89257,406,48655,154,38400,5,2202,100,8861,460,41081,105,49942,California
Nevada,2021-06-04,540,89797,431,49086,105,38505,4,2206,112,8553,424,41505,116,50058,California
Nevada,2021-06-05,164,89961,74,49160,88,38593,2,2208,60,8513,102,41607,62,50120,California
Nevada,2021-06-06,51,90012,40,49200,11,38604,0,2208,11,8484,40,41647,11,50131,California
Nevada,2021-06-07,256,90268,191,49391,37,38641,28,2236,61,8383,190,41837,89,50220,California
Nevada,2021-06-08,279,90547,189,49580,76,38717,14,2250,60,8247,210,42047,74,50294,California
Nevada,2021-06-09,217,90764,153,49733,58,38775,6,2256,48,8135,166,42213,54,50348,California
Orange,2020-12-15,16,16,16,16,0,0,0,0,16,16,0,0,16,16,California
Orange,2020-12-16,390,406,390,406,0,0,0,0,390,406,0,0,390,406,California
Orange,2020-12-17,3741,4147,3741,4147,0,0,0,0,3740,4146,0,0,3740,4146,California
Orange,2020-12-18,5064,9211,5056,9203,8,8,0,0,5062,9207,1,1,5062,9208,California
Orange,2020-12-19,2226,11437,2219,11422,7,15,0,0,2225,11432,0,1,2225,11433,California
Orange,2020-12-20,1987,13424,1984,13406,3,18,0,0,1988,13420,0,1,1988,13421,California
Orange,2020-12-21,4272,17696,4266,17672,6,24,0,0,4272,17692,0,1,4272,17693,California
Orange,2020-12-22,3984,21680,3950,21622,34,58,0,0,3984,21676,0,1,3984,21677,California
Orange,2020-12-23,3587,25267,3220,24842,367,425,0,0,3589,25265,0,1,3589,25266,California
Orange,2020-12-24,1378,26645,1076,25918,302,727,0,0,1378,26643,0,1,1378,26644,California
Orange,2020-12-25,19,26664,14,25932,5,732,0,0,19,26662,0,1,19,26663,California
Orange,2020-12-26,997,27661,420,26352,577,1309,0,0,997,27659,0,1,997,27660,California
Orange,2020-12-27,584,28245,276,26628,308,1617,0,0,584,28243,0,1,584,28244,California
Orange,2020-12-28,3622,31867,2639,29267,983,2600,0,0,3622,31865,0,1,3622,31866,California
Orange,2020-12-29,3503,35370,2489,31756,1014,3614,0,0,3502,35366,1,2,3502,35368,California
Orange,2020-12-30,5125,40495,3545,35301,1580,5194,0,0,5125,40491,0,2,5125,40493,California
Orange,2020-12-31,1510,42005,809,36110,701,5895,0,0,1509,41999,1,3,1509,42002,California
Orange,2021-01-01,660,42665,361,36471,299,6194,0,0,658,42655,2,5,658,42660,California
Orange,2021-01-02,1358,44023,843,37314,515,6709,0,0,1358,44013,0,5,1358,44018,California
Orange,2021-01-03,584,44607,323,37637,261,6970,0,0,584,44597,0,5,584,44602,California
Orange,2021-01-04,2762,47369,1572,39209,1190,8160,0,0,2763,47359,1,6,2763,47365,California
Orange,2021-01-05,3547,50916,2310,41519,1237,9397,0,0,3134,50086,410,416,3137,50502,California
Orange,2021-01-06,5004,55920,3457,44976,1547,10944,0,0,3639,52372,1353,1769,3639,54141,California
Orange,2021-01-07,9293,65213,5180,50156,4113,15057,0,0,5707,54514,3572,5341,5714,59855,California
Orange,2021-01-08,9436,74649,5269,55425,4167,19224,0,0,5666,56425,3759,9100,5670,65525,California
Orange,2021-01-09,5031,79680,1748,57173,3283,22507,0,0,3748,58890,1283,10383,3748,69273,California
Orange,2021-01-10,4253,83933,1044,58217,3209,25716,0,0,3373,61388,879,11262,3377,72650,California
Orange,2021-01-11,9469,93402,4914,63131,4555,30271,0,0,5839,63595,3633,14895,5840,78490,California
Orange,2021-01-12,8941,102343,4833,67964,4108,34379,0,0,5466,65589,3473,18368,5467,83957,California
Orange,2021-01-13,10269,112612,4925,72889,5344,39723,0,0,7057,69445,3208,21576,7064,91021,California
Orange,2021-01-14,10009,122621,3790,76679,6219,45942,0,0,8414,76272,1593,23169,8420,99441,California
Orange,2021-01-15,10214,132835,2642,79321,7572,53514,0,0,9333,84722,889,24058,9339,108780,California
Orange,2021-01-16,8709,141544,2088,81409,6621,60135,0,0,8313,92645,395,24453,8318,117098,California
Orange,2021-01-17,8180,149724,1488,82897,6692,66827,0,0,8028,100531,152,24605,8038,125136,California
Orange,2021-01-18,9703,159427,4410,87307,5293,72120,0,0,7442,105721,2261,26866,7451,132587,California
Orange,2021-01-19,7533,166960,5457,92764,2076,74196,0,0,4900,107989,2633,29499,4901,137488,California
Orange,2021-01-20,8399,175359,5919,98683,2480,76676,0,0,5343,110287,3055,32554,5353,142841,California
Orange,2021-01-21,11040,186399,4916,103599,6124,82800,0,0,10215,119690,823,33377,10226,153067,California
Orange,2021-01-22,13719,200118,5173,108772,8546,91346,0,0,12854,131695,857,34234,12862,165929,California
Orange,2021-01-23,13154,213272,6188,114960,6966,98312,0,0,12219,142990,933,35167,12228,178157,California
Orange,2021-01-24,9829,223101,4296,119256,5533,103845,0,0,9495,152158,331,35498,9499,187656,California
Orange,2021-01-25,10479,233580,5881,125137,4598,108443,0,0,7731,157156,2740,38238,7738,195394,California
Orange,2021-01-26,11930,245510,7733,132870,4197,112640,0,0,9754,164744,2171,40409,9759,205153,California
Orange,2021-01-27,13521,259031,8035,140905,5486,118126,0,0,10802,172845,2707,43116,10808,215961,California
Orange,2021-01-28,13090,272121,7236,148141,5854,123980,0,0,11199,182179,1876,44992,11210,227171,California
Orange,2021-01-29,13703,285824,8501,156642,5202,129182,0,0,10790,190084,2897,47889,10802,237973,California
Orange,2021-01-30,13052,298876,4497,161139,8555,137737,0,0,12264,201587,772,48661,12275,250248,California
Orange,2021-01-31,13705,312581,4920,166059,8785,146522,0,0,13254,214404,445,49106,13262,263510,California
Orange,2021-02-01,14874,327455,6522,172581,8352,154874,0,0,12389,224341,2458,51564,12395,275905,California
Orange,2021-02-02,15051,342506,7975,180556,7076,161950,0,0,12579,234483,2441,54005,12583,288488,California
Orange,2021-02-03,16610,359116,12415,192971,4195,166145,0,0,13656,245270,2875,56880,13662,302150,California
Orange,2021-02-04,19961,379077,13065,206036,6896,173041,0,0,14849,255047,5080,61960,14857,317007,California
Orange,2021-02-05,20783,399860,12021,218057,8762,181803,0,0,14457,263227,6282,68242,14462,331469,California
Orange,2021-02-06,16408,416268,10847,228904,5561,187364,0,0,11122,269297,5271,73513,11341,342810,California
Orange,2021-02-07,11559,427827,8123,237027,3436,190800,0,0,7573,273070,3969,77482,7742,350552,California
Orange,2021-02-08,15072,442899,8678,245705,6394,197194,0,0,9027,276080,6018,83500,9028,359580,California
Orange,2021-02-09,17801,460700,12118,257823,5683,202877,0,0,10746,279850,6982,90482,10752,370332,California
Orange,2021-02-10,20919,481619,11182,269005,9737,212614,0,0,12699,284430,8128,98610,12708,383040,California
Orange,2021-02-11,22198,503817,11550,280555,10648,223262,0,0,12434,287251,9631,108241,12452,395492,California
Orange,2021-02-12,24906,528723,12001,292556,12905,236167,0,0,14647,291712,10192,118433,14653,410145,California
Orange,2021-02-13,22010,550733,11907,304463,10103,246270,0,0,11153,292804,10702,129135,11794,421939,California
Orange,2021-02-14,16189,566922,6541,311004,9648,255918,0,0,9542,295729,6618,135753,9543,431482,California
Orange,2021-02-15,17284,584206,7410,318414,9874,265792,0,0,8912,296326,8327,144080,8924,440406,California
Orange,2021-02-16,20005,604211,9010,327424,10995,276787,0,0,10775,297949,9177,153257,10800,451206,California
Orange,2021-02-17,17980,622191,9389,336813,8591,285378,0,0,9228,298512,8697,161954,9260,460466,California
Orange,2021-02-18,15083,637274,9897,346710,5186,290564,0,0,6817,297130,8209,170163,6827,467293,California
Orange,2021-02-19,18230,655504,10902,357612,7328,297892,0,0,6932,292831,11243,181406,6944,474237,California
Orange,2021-02-20,7548,663052,5632,363244,1916,299808,0,0,3792,292903,3731,185137,3803,478040,California
Orange,2021-02-21,4599,667651,3907,367151,692,300500,0,0,940,290226,3617,188754,940,478980,California
Orange,2021-02-22,9722,677373,7928,375079,1794,302294,0,0,3922,288396,5767,194521,3937,482917,California
Orange,2021-02-23,13373,690746,7337,382416,6036,308330,0,0,3510,282121,9797,204318,3522,486439,California
Orange,2021-02-24,21220,711966,12874,395290,8346,316676,0,0,5398,271788,15749,220067,5416,491855,California
Orange,2021-02-25,22770,734736,12338,407628,10432,327108,0,0,8006,265126,14684,234751,8022,499877,California
Orange,2021-02-26,27885,762621,14116,421744,13769,340877,0,0,11243,259893,16500,251251,11267,511144,California
Orange,2021-02-27,25163,787784,10233,431977,14927,355804,3,3,7335,249536,17710,268961,7353,518497,California
Orange,2021-02-28,19156,806940,7441,439418,11715,367519,0,3,4836,240194,14195,283156,4853,523350,California
Orange,2021-03-01,18696,825636,8540,447958,10145,377664,11,14,7249,236125,11344,294500,7275,530625,California
Orange,2021-03-02,19361,844997,9346,457304,10012,387676,3,17,9465,235782,9839,304339,9496,540121,California
Orange,2021-03-03,20823,865820,9838,467142,10980,398656,5,22,11169,237409,9569,313908,11196,551317,California
Orange,2021-03-04,22633,888453,13036,480178,9583,408239,14,36,11689,238236,10902,324810,11729,563046,California
Orange,2021-03-05,21137,909590,11035,491213,10055,418294,47,83,12969,243194,8120,332930,13078,576124,California
Orange,2021-03-06,24197,933787,13324,504537,9998,428292,875,958,12784,245508,11367,344297,13681,589805,California
Orange,2021-03-07,15287,949074,8583,513120,6292,434584,412,1370,8938,248571,6307,350604,9370,599175,California
Orange,2021-03-08,16799,965873,7743,520863,7741,442325,1315,2685,10791,254749,5954,356558,12132,611307,California
Orange,2021-03-09,21106,986979,9752,530615,8881,451206,2473,5158,12470,261098,8589,365147,14938,626245,California
Orange,2021-03-10,24816,1011795,12184,542799,9171,460377,3461,8619,12527,264855,12224,377371,15981,642226,California
Orange,2021-03-11,29105,1040900,15742,558541,9133,469510,4230,12849,13486,267049,15515,392886,17709,659935,California
Orange,2021-03-12,29463,1070363,14333,572874,11249,480759,3881,16730,14789,271155,14585,407471,18691,678626,California
Orange,2021-03-13,27895,1098258,10262,583136,13681,494440,3952,20682,14109,275491,13723,421194,18059,696685,California
Orange,2021-03-14,18935,1117193,8231,591367,8158,502598,2546,23228,11826,282772,7076,428270,14357,711042,California
Orange,2021-03-15,23119,1140312,10179,601546,12177,514775,763,23991,14414,289325,8615,436885,15168,726210,California
Orange,2021-03-16,26446,1166758,11178,612724,15040,529815,228,24219,17162,297518,9202,446087,17395,743605,California
Orange,2021-03-17,27412,1194170,13600,626324,13220,543035,592,24811,19481,309733,7853,453940,20068,763673,California
Orange,2021-03-18,27828,1221998,13983,640307,13568,556603,277,25088,21638,325530,6121,460061,21918,785591,California
Orange,2021-03-19,33651,1255649,18469,658776,14730,571333,452,25540,24962,342385,8570,468631,25425,811016,California
Orange,2021-03-20,25846,1281495,13610,672386,12028,583361,208,25748,22022,360864,3758,472389,22237,833253,California
Orange,2021-03-21,18561,1300056,10727,683113,7095,590456,739,26487,15752,374577,2776,475165,16489,849742,California
Orange,2021-03-22,22781,1322837,11793,694906,10667,601123,321,26808,19182,390593,3497,478662,19513,869255,California
Orange,2021-03-23,26062,1348899,13547,708453,11871,612994,644,27452,20685,406632,5294,483956,21333,890588,California
Orange,2021-03-24,29236,1378135,16357,724810,11953,624947,926,28378,22053,422524,7088,491044,22980,913568,California
Orange,2021-03-25,32495,1410630,17248,742058,14536,639483,711,29089,24260,439363,8133,499177,24972,938540,California
Orange,2021-03-26,34952,1445582,18145,760203,15941,655424,866,29955,24882,455164,9951,509128,25752,964292,California
Orange,2021-03-27,28532,1474114,13670,773873,14546,669970,316,30271,19789,466624,8647,517775,20107,984399,California
Orange,2021-03-28,24921,1499035,12946,786819,11907,681877,68,30339,18625,479105,6215,523990,18696,1003095,California
Orange,2021-03-29,26560,1525595,12163,798982,13831,695708,566,30905,17800,488812,8663,532653,18370,1021465,California
Orange,2021-03-30,30918,1556513,13973,812955,16314,712022,631,31536,20445,499506,10381,543034,21075,1042540,California
Orange,2021-03-31,37187,1593700,19521,832476,16954,728976,712,32248,23783,510718,13288,556322,24500,1067040,California
Orange,2021-04-01,40640,1634340,21335,853811,17425,746401,1880,34128,26246,524611,14232,570554,28125,1095165,California
Orange,2021-04-02,40210,1674550,20297,874108,18095,764496,1818,35946,22724,531781,17376,587930,24546,1119711,California
Orange,2021-04-03,30229,1704779,15735,889843,12748,777244,1746,37692,14281,531931,15867,603797,16017,1135728,California
Orange,2021-04-04,18475,1723254,10735,900578,6973,784217,767,38459,8160,530600,10255,614052,8924,1144652,California
Orange,2021-04-05,30052,1753306,14039,914617,12611,796828,3402,41861,13805,531629,16163,630215,17192,1161844,California
Orange,2021-04-06,33478,1786784,15658,930275,14383,811211,3437,45298,14368,530402,19015,649230,17788,1179632,California
Orange,2021-04-07,36223,1823007,20169,950444,11465,822676,4589,49887,15989,530803,20145,669375,20546,1200178,California
Orange,2021-04-08,39249,1862256,21724,972168,12045,834721,5480,55367,19036,535189,20098,689473,24484,1224662,California
Orange,2021-04-09,41102,1903358,23914,996082,11952,846673,5236,60603,18175,535758,22826,712299,23395,1248057,California
Orange,2021-04-10,34627,1937985,18322,1014404,12057,858730,4248,64851,14350,534143,20183,732482,18568,1266625,California
Orange,2021-04-11,25779,1963764,14596,1029000,7911,866641,3272,68123,9886,531446,15837,748319,13140,1279765,California
Orange,2021-04-12,30657,1994421,15511,1044511,11552,878193,3594,71717,12066,528573,18517,766836,15644,1295409,California
Orange,2021-04-13,32564,2026985,18348,1062859,14148,892341,68,71785,15170,526569,17322,784158,15318,1310727,California
Orange,2021-04-14,34829,2061814,20434,1083293,14360,906701,35,71820,15189,522336,19539,803697,15306,1326033,California
Orange,2021-04-15,40484,2102298,24648,1107941,15822,922523,14,71834,18828,519766,21544,825241,18974,1345007,California
Orange,2021-04-16,41293,2143591,24269,1132210,16996,939519,28,71862,18623,515866,22556,847797,18656,1363663,California
Orange,2021-04-17,30241,2173832,17124,1149334,13112,952631,5,71867,13230,512220,16885,864682,13239,1376902,California
Orange,2021-04-18,21474,2195306,13002,1162336,8472,961103,0,71867,8484,507771,12937,877619,8488,1385390,California
Orange,2021-04-19,32456,2227762,17934,1180270,14520,975623,2,71869,14915,505249,17444,895063,14922,1400312,California
Orange,2021-04-20,35214,2262976,18287,1198557,16921,992544,6,71875,17622,505371,17506,912569,17628,1417940,California
Orange,2021-04-21,40701,2303677,23458,1222015,17234,1009778,9,71884,19303,503401,21284,933853,19314,1437254,California
Orange,2021-04-22,39266,2342943,20726,1242741,18531,1028309,9,71893,16327,496933,22808,956661,16340,1453594,California
Orange,2021-04-23,40175,2383118,20796,1263537,19372,1047681,7,71900,17931,492750,22125,978786,17942,1471536,California
Orange,2021-04-24,31982,2415100,16716,1280253,15232,1062913,34,71934,13403,487695,18495,997281,13440,1484976,California
Orange,2021-04-25,22946,2438046,12948,1293201,9983,1072896,15,71949,9802,484435,13082,1010363,9822,1494798,California
Orange,2021-04-26,28629,2466675,13960,1307161,14471,1087367,198,72147,12404,480923,16112,1026475,12600,1507398,California
Orange,2021-04-27,31110,2497785,14550,1321711,15932,1103299,628,72775,11774,474157,19173,1045648,12407,1519805,California
Orange,2021-04-28,30888,2528673,15467,1337178,14541,1117840,880,73655,12399,469068,18363,1064011,13274,1533079,California
Orange,2021-04-29,31891,2560564,17414,1354592,13515,1131355,962,74617,11335,460900,20456,1084467,12288,1545367,California
Orange,2021-04-30,29823,2590387,17018,1371610,11863,1143218,942,75559,12685,457484,17036,1101503,13620,1558987,California
Orange,2021-05-01,22822,2613209,15653,1387263,6183,1149401,986,76545,8730,453200,13989,1115492,9705,1568692,California
Orange,2021-05-02,15393,2628602,10240,1397503,4508,1153909,645,77190,5369,449251,9958,1125450,6009,1574701,California
Orange,2021-05-03,20588,2649190,12571,1410074,7259,1161168,758,77948,6477,442459,14025,1139475,7233,1581934,California
Orange,2021-05-04,23609,2672799,13470,1423544,9230,1170398,909,78857,8175,436201,15327,1154802,9069,1591003,California
Orange,2021-05-05,24737,2697536,13804,1437348,10038,1180436,895,79752,8007,428499,16603,1171405,8901,1599904,California
Orange,2021-05-06,26396,2723932,15969,1453317,9424,1189860,1003,80755,7282,417793,18984,1190389,8278,1608182,California
Orange,2021-05-07,28591,2752523,17069,1470386,10475,1200335,1047,81802,8042,406536,20341,1210730,9084,1617266,California
Orange,2021-05-08,18375,2770898,12140,1482526,5460,1205795,775,82577,5406,399860,12851,1223581,6175,1623441,California
Orange,2021-05-09,10960,2781858,8334,1490860,2255,1208050,371,82948,2877,395074,8034,1231615,3248,1626689,California
Orange,2021-05-10,18995,2800853,11568,1502428,6656,1214706,771,83719,4271,385484,14631,1246246,5041,1631730,California
Orange,2021-05-11,21791,2822644,12040,1514468,9030,1223736,721,84440,5257,375021,16435,1262681,5972,1637702,California
Orange,2021-05-12,23739,2846383,14696,1529164,8213,1231949,830,85270,6824,365883,16791,1279472,7653,1645355,California
Orange,2021-05-13,21643,2868026,13415,1542579,7652,1239601,576,85846,8124,361170,13414,1292886,8701,1654056,California
Orange,2021-05-14,25653,2893679,16744,1559323,8106,1247707,803,86649,10411,357233,15143,1308029,11206,1665262,California
Orange,2021-05-15,19889,2913568,14342,1573665,4997,1252704,550,87199,8027,354004,11803,1319832,8574,1673836,California
Orange,2021-05-16,15182,2928750,12491,1586156,2350,1255054,341,87540,6497,352205,8634,1328466,6835,1680671,California
Orange,2021-05-17,19303,2948053,12647,1598803,5959,1261013,697,88237,6914,347478,12326,1340792,7599,1688270,California
Orange,2021-05-18,20415,2968468,11915,1610718,7832,1268845,668,88905,8078,343973,12247,1353039,8742,1697012,California
Orange,2021-05-19,22422,2990890,12818,1623536,8936,1277781,668,89573,7904,338134,14404,1367443,8565,1705577,California
Orange,2021-05-20,21434,3012324,12393,1635929,8386,1286167,655,90228,7437,332328,13897,1381340,8091,1713668,California
Orange,2021-05-21,24164,3036488,13777,1649706,9707,1295874,680,90908,7736,324415,16330,1397670,8417,1722085,California
Orange,2021-05-22,15859,3052347,10711,1660417,4644,1300518,504,91412,6196,321525,9589,1407259,6699,1728784,California
Orange,2021-05-23,9404,3061751,6453,1666870,2677,1303195,274,91686,3315,319064,6050,1413309,3589,1732373,California
Orange,2021-05-24,15332,3077083,9004,1675874,5710,1308905,618,92304,5683,315798,9561,1422870,6295,1738668,California
Orange,2021-05-25,15594,3092677,9186,1685060,5888,1314793,520,92824,5638,312102,9849,1432719,6153,1744821,California
Orange,2021-05-26,15177,3107854,8513,1693573,6174,1320967,490,93314,5693,308880,9401,1442120,6179,1751000,California
Orange,2021-05-27,14356,3122210,8627,1702200,5173,1326140,556,93870,6396,307922,7893,1450013,6935,1757935,California
Orange,2021-05-28,16705,3138915,9833,1712033,6246,1332386,626,94496,7389,306704,9224,1459237,8006,1765941,California
Orange,2021-05-29,8939,3147854,5231,1717264,3352,1335738,356,94852,4126,306422,4758,1463995,4476,1770417,California
Orange,2021-05-30,5975,3153829,3881,1721145,1820,1337558,274,95126,2160,305072,3781,1467776,2431,1772848,California
Orange,2021-05-31,1702,3155531,1049,1722194,607,1338165,46,95172,554,304538,1134,1468910,600,1773448,California
Orange,2021-06-01,13325,3168856,7716,1729910,5123,1343288,486,95658,5151,302094,8076,1476986,5632,1779080,California
Orange,2021-06-02,12951,3181807,8017,1737927,4518,1347806,416,96074,4521,298738,8288,1485274,4932,1784012,California
Orange,2021-06-03,12813,3194620,8843,1746770,3518,1351324,452,96526,4482,295395,8269,1493543,4926,1788938,California
Orange,2021-06-04,16718,3211338,11790,1758560,4362,1355686,566,97092,5218,289753,11424,1504967,5782,1794720,California
Orange,2021-06-05,12789,3224127,9631,1768191,2771,1358457,387,97479,3952,285304,8782,1513749,4333,1799053,California
Orange,2021-06-06,5260,3229387,4483,1772674,589,1359046,188,97667,1915,284081,3326,1517075,2103,1801156,California
Orange,2021-06-07,10531,3239918,7401,1780075,2681,1361727,449,98116,3353,280766,7111,1524186,3796,1804952,California
Orange,2021-06-08,11710,3251628,8422,1788497,2808,1364535,480,98596,3702,277023,7924,1532110,4181,1809133,California
Orange,2021-06-09,4376,3256004,2728,1791225,1437,1365972,211,98807,1107,275096,3242,1535352,1315,1810448,California
Placer,2020-12-15,29,29,29,29,0,0,0,0,29,29,0,0,29,29,California
Placer,2020-12-16,55,84,55,84,0,0,0,0,55,84,0,0,55,84,California
Placer,2020-12-17,149,233,149,233,0,0,0,0,149,233,0,0,149,233,California
Placer,2020-12-18,424,657,424,657,0,0,0,0,424,657,0,0,424,657,California
Placer,2020-12-19,253,910,253,910,0,0,0,0,253,910,0,0,253,910,California
Placer,2020-12-20,231,1141,231,1141,0,0,0,0,231,1141,0,0,231,1141,California
Placer,2020-12-21,499,1640,497,1638,2,2,0,0,499,1640,0,0,499,1640,California
Placer,2020-12-22,680,2320,673,2311,7,9,0,0,680,2320,0,0,680,2320,California
Placer,2020-12-23,754,3074,666,2977,88,97,0,0,754,3074,0,0,754,3074,California
Placer,2020-12-24,411,3485,358,3335,53,150,0,0,411,3485,0,0,411,3485,California
Placer,2020-12-26,162,3647,117,3452,45,195,0,0,162,3647,0,0,162,3647,California
Placer,2020-12-27,183,3830,161,3613,22,217,0,0,183,3830,0,0,183,3830,California
Placer,2020-12-28,672,4502,548,4161,124,341,0,0,672,4502,0,0,672,4502,California
Placer,2020-12-29,770,5272,520,4681,250,591,0,0,770,5272,0,0,770,5272,California
Placer,2020-12-30,727,5999,455,5136,272,863,0,0,726,5998,0,0,726,5998,California
Placer,2020-12-31,544,6543,358,5494,186,1049,0,0,544,6542,0,0,544,6542,California
Placer,2021-01-01,16,6559,12,5506,4,1053,0,0,16,6558,0,0,16,6558,California
Placer,2021-01-02,187,6746,155,5661,32,1085,0,0,187,6745,0,0,187,6745,California
Placer,2021-01-03,153,6899,78,5739,75,1160,0,0,153,6898,0,0,153,6898,California
Placer,2021-01-04,628,7527,187,5926,441,1601,0,0,625,7520,3,3,625,7523,California
Placer,2021-01-05,730,8257,159,6085,571,2172,0,0,643,8078,86,89,644,8167,California
Placer,2021-01-06,764,9021,246,6331,518,2690,0,0,613,8540,151,240,613,8780,California
Placer,2021-01-07,983,10004,369,6700,614,3304,0,0,756,9069,227,467,756,9536,California
Placer,2021-01-08,1180,11184,527,7227,653,3957,0,0,792,9476,385,852,792,10328,California
Placer,2021-01-09,456,11640,325,7552,131,4088,0,0,236,9493,219,1071,236,10564,California
Placer,2021-01-10,333,11973,187,7739,146,4234,0,0,165,9490,168,1239,165,10729,California
Placer,2021-01-11,1432,13405,810,8549,622,4856,0,0,840,9739,592,1831,841,11570,California
Placer,2021-01-12,1659,15064,877,9426,782,5638,0,0,1056,10192,603,2434,1056,12626,California
Placer,2021-01-13,1636,16700,822,10248,814,6452,0,0,1213,10987,421,2855,1216,13842,California
Placer,2021-01-14,1806,18506,679,10927,1127,7579,0,0,1431,12047,372,3227,1432,15274,California
Placer,2021-01-15,1939,20445,726,11653,1213,8792,0,0,1584,13278,354,3581,1585,16859,California
Placer,2021-01-16,1447,21892,715,12368,732,9524,0,0,1326,14484,121,3702,1327,18186,California
Placer,2021-01-17,569,22461,397,12765,172,9696,0,0,431,14777,138,3840,431,18617,California
Placer,2021-01-18,995,23456,555,13320,440,10136,0,0,752,15287,243,4083,753,19370,California
Placer,2021-01-19,2642,26098,1973,15293,669,10805,0,0,2183,17012,459,4542,2184,21554,California
Placer,2021-01-20,2288,28386,1714,17007,574,11379,0,0,1952,18629,336,4878,1953,23507,California
Placer,2021-01-21,2583,30969,1134,18141,1449,12828,0,0,2189,20426,393,5271,2190,25697,California
Placer,2021-01-22,2354,33323,648,18789,1706,14534,0,0,2177,22429,175,5446,2178,27875,California
Placer,2021-01-23,1187,34510,382,19171,805,15339,0,0,1029,23300,158,5604,1029,28904,California
Placer,2021-01-24,500,35010,257,19428,243,15582,0,0,427,23655,73,5677,428,29332,California
Placer,2021-01-25,1680,36690,812,20240,868,16450,0,0,1386,24748,294,5971,1387,30719,California
Placer,2021-01-26,1868,38558,1038,21278,830,17280,0,0,1604,26088,264,6235,1604,32323,California
Placer,2021-01-27,1842,40400,1156,22434,686,17966,0,0,1592,27434,248,6483,1594,33917,California
Placer,2021-01-28,1806,42206,1117,23551,689,18655,0,0,1558,28747,246,6729,1559,35476,California
Placer,2021-01-29,1894,44100,1168,24719,726,19381,0,0,1699,30254,194,6923,1701,37177,California
Placer,2021-01-30,1715,45815,970,25689,745,20126,0,0,1594,31728,120,7043,1594,38771,California
Placer,2021-01-31,785,46600,626,26315,159,20285,0,0,714,32372,71,7114,715,39486,California
Placer,2021-02-01,2074,48674,1091,27406,983,21268,0,0,1757,33813,316,7430,1757,41243,California
Placer,2021-02-02,2394,51068,1541,28947,853,22121,0,0,1893,35208,498,7928,1893,43136,California
Placer,2021-02-03,2926,53994,1889,30836,1037,23158,0,0,2299,36884,623,8551,2299,45435,California
Placer,2021-02-04,2739,56733,1187,32023,1552,24710,0,0,1911,37972,824,9375,1912,47347,California
Placer,2021-02-05,2711,59444,1207,33230,1504,26214,0,0,1377,38020,1329,10704,1377,48724,California
Placer,2021-02-06,1950,61394,1314,34544,636,26850,0,0,1403,38876,547,11251,1403,50127,California
Placer,2021-02-07,1195,62589,883,35427,312,27162,0,0,909,39500,285,11536,909,51036,California
Placer,2021-02-08,3301,65890,1770,37197,1531,28693,0,0,1939,40085,1355,12891,1940,52976,California
Placer,2021-02-09,3545,69435,2179,39376,1366,30059,0,0,1627,39797,1915,14806,1627,54603,California
Placer,2021-02-10,3763,73198,2207,41583,1556,31615,0,0,1753,39545,2007,16813,1755,56358,California
Placer,2021-02-11,3701,76899,1912,43495,1789,33404,0,0,1566,38990,2122,18935,1567,57925,California
Placer,2021-02-12,2843,79742,1324,44819,1519,34923,0,0,1659,39503,1147,20082,1660,59585,California
Placer,2021-02-13,2510,82252,1463,46282,1047,35970,0,0,1883,40759,627,20709,1883,61468,California
Placer,2021-02-14,1089,83341,681,46963,408,36378,0,0,739,41150,348,21057,739,62207,California
Placer,2021-02-15,2239,85580,1037,48000,1202,37580,0,0,1522,41957,717,21774,1524,63731,California
Placer,2021-02-16,3577,89157,1783,49783,1794,39374,0,0,1582,41554,1986,23760,1583,65314,California
Placer,2021-02-17,3542,92699,1961,51744,1581,40955,0,0,1509,41034,2029,25789,1509,66823,California
Placer,2021-02-18,3817,96516,2061,53805,1756,42711,0,0,1631,40489,2177,27966,1632,68455,California
Placer,2021-02-19,3628,100144,1937,55742,1691,44402,0,0,1354,39575,2269,30235,1355,69810,California
Placer,2021-02-20,2035,102179,1278,57020,757,45159,0,0,922,39394,1106,31341,925,70735,California
Placer,2021-02-21,992,103171,732,57752,260,45419,0,0,286,38978,703,32044,287,71022,California
Placer,2021-02-22,2551,105722,1791,59543,760,46179,0,0,619,37665,1932,33976,619,71641,California
Placer,2021-02-23,2576,108298,1600,61143,976,47155,0,0,889,36868,1686,35662,889,72530,California
Placer,2021-02-24,3329,111627,1193,62336,2136,49291,0,0,1828,37206,1492,37154,1830,74360,California
Placer,2021-02-25,3742,115369,1545,63881,2197,51488,0,0,2056,37586,1678,38832,2058,76418,California
Placer,2021-02-26,4251,119620,2452,66333,1799,53287,0,0,2458,38255,1789,40621,2458,78876,California
Placer,2021-02-27,2874,122494,1519,67852,1355,54642,0,0,1480,38350,1388,42009,1483,80359,California
Placer,2021-02-28,1560,124054,854,68706,706,55348,0,0,728,38251,827,42836,728,81087,California
Placer,2021-03-01,3186,127240,2123,70829,1063,56411,0,0,1622,38316,1557,44393,1622,82709,California
Placer,2021-03-02,2872,130112,1769,72598,1103,57514,0,0,1879,39207,988,45381,1879,84588,California
Placer,2021-03-03,3339,133451,1441,74039,1898,59412,0,0,1823,39521,1510,46891,1824,86412,California
Placer,2021-03-04,3607,137058,1453,75492,2154,61566,0,0,1882,39691,1713,48604,1883,88295,California
Placer,2021-03-05,2993,140051,1030,76522,1942,63508,21,21,1806,40334,1184,49788,1827,90122,California
Placer,2021-03-06,2433,142484,1506,78028,830,64338,97,118,936,39878,1489,51277,1033,91155,California
Placer,2021-03-07,1312,143796,762,78790,512,64850,38,156,539,39685,770,52047,577,91732,California
Placer,2021-03-08,2896,146692,1820,80610,964,65814,112,268,1644,40191,1250,53297,1756,93488,California
Placer,2021-03-09,3177,149869,1695,82305,1393,67207,89,357,1829,40763,1346,54643,1918,95406,California
Placer,2021-03-10,3304,153173,1334,83639,1865,69072,105,462,1729,41028,1569,56212,1834,97240,California
Placer,2021-03-11,3655,156828,1665,85304,1864,70936,126,588,1754,41019,1891,58103,1882,99122,California
Placer,2021-03-12,3710,160538,1505,86809,1419,72355,786,1374,1257,40617,2446,60549,2044,101166,California
Placer,2021-03-13,2128,162666,742,87551,1262,73617,124,1498,1109,40834,1016,61565,1233,102399,California
Placer,2021-03-14,1657,164323,680,88231,826,74443,151,1649,900,41128,757,62322,1051,103450,California
Placer,2021-03-15,3193,167516,1543,89774,1521,75964,129,1778,1761,41591,1428,63750,1891,105341,California
Placer,2021-03-16,3594,171110,1929,91703,1531,77495,134,1912,2282,42706,1300,65050,2415,107756,California
Placer,2021-03-17,3456,174566,1746,93449,1606,79101,104,2016,2220,43798,1233,66283,2325,110081,California
Placer,2021-03-18,4103,178669,2331,95780,1731,80832,41,2057,2857,45456,1239,67522,2897,112978,California
Placer,2021-03-19,3445,182114,2064,97844,1114,81946,267,2324,2146,46576,1291,68813,2411,115389,California
Placer,2021-03-20,2146,184260,905,98749,1146,83092,95,2419,1305,47139,836,69649,1399,116788,California
Placer,2021-03-21,1266,185526,579,99328,677,83769,10,2429,881,47648,382,70031,891,117679,California
Placer,2021-03-22,3291,188817,2112,101440,1087,84856,92,2521,2134,48721,1153,71184,2226,119905,California
Placer,2021-03-23,3542,192359,2103,103543,1350,86206,89,2610,2524,50322,1013,72197,2614,122519,California
Placer,2021-03-24,3813,196172,2006,105549,1710,87916,97,2707,1945,50517,1847,74044,2042,124561,California
Placer,2021-03-25,3861,200033,1858,107407,1904,89820,99,2806,1725,50215,2125,76169,1823,126384,California
Placer,2021-03-26,3765,203798,1667,109074,1864,91684,234,3040,1503,49705,2247,78416,1737,128121,California
Placer,2021-03-27,1579,205377,466,109540,1094,92778,19,3059,605,49362,967,79383,624,128745,California
Placer,2021-03-28,1099,206476,528,110068,562,93340,9,3068,304,48885,790,80173,313,129058,California
Placer,2021-03-29,3561,210037,1992,112060,1535,94875,34,3102,1726,48822,1826,81999,1763,130821,California
Placer,2021-03-30,3981,214018,2100,114160,1837,96712,44,3146,2083,49064,1884,83883,2126,132947,California
Placer,2021-03-31,4106,218124,1835,115995,2197,98909,74,3220,1693,48424,2406,86289,1766,134713,California
Placer,2021-04-01,2987,221111,1440,117435,1499,100408,48,3268,1660,48810,1322,87611,1708,136421,California
Placer,2021-04-02,2836,223947,1465,118900,1306,101714,65,3333,1576,49197,1253,88864,1640,138061,California
Placer,2021-04-03,1845,225792,986,119886,731,102445,128,3461,886,49258,951,89815,1012,139073,California
Placer,2021-04-04,708,226500,360,120246,295,102740,53,3514,281,49168,424,90239,334,139407,California
Placer,2021-04-05,3023,229523,1913,122159,927,103667,183,3697,1754,49841,1263,91502,1936,141343,California
Placer,2021-04-06,4291,233814,2488,124647,1502,105169,301,3998,1519,48896,2764,94266,1819,143162,California
Placer,2021-04-07,4552,238366,2599,127246,1497,106666,456,4454,2071,48946,2474,96740,2524,145686,California
Placer,2021-04-08,4730,243096,2613,129859,1576,108242,541,4995,1588,47943,3131,99871,2128,147814,California
Placer,2021-04-09,4135,247231,2275,132134,1239,109481,621,5616,1247,46933,2880,102751,1870,149684,California
Placer,2021-04-10,2039,249270,890,133024,967,110448,182,5798,866,46810,1170,103921,1047,150731,California
Placer,2021-04-11,1369,250639,532,133556,804,111252,33,5831,461,46399,904,104825,493,151224,California
Placer,2021-04-12,4116,254755,2655,136211,1077,112329,384,6215,2480,47636,1627,106452,2864,154088,California
Placer,2021-04-13,4362,259117,2999,139210,1362,113691,1,6216,2206,47693,2152,108604,2209,156297,California
Placer,2021-04-14,4165,263282,2577,141787,1587,115278,1,6217,1859,47266,2296,110900,1869,158166,California
Placer,2021-04-15,4498,267780,2512,144299,1985,117263,1,6218,2345,47472,2142,113042,2348,160514,California
Placer,2021-04-16,3663,271443,2176,146475,1487,118750,0,6218,1421,46657,2236,115278,1421,161935,California
Placer,2021-04-17,2423,273866,843,147318,1580,120330,0,6218,1515,47269,903,116181,1515,163450,California
Placer,2021-04-18,1188,275054,255,147573,933,121263,0,6218,412,46907,774,116955,412,163862,California
Placer,2021-04-19,2929,277983,1798,149371,1131,122394,0,6218,1157,46297,1768,118723,1158,165020,California
Placer,2021-04-20,3814,281797,2467,151838,1347,123741,0,6218,2425,47342,1380,120103,2425,167445,California
Placer,2021-04-21,3665,285462,2397,154235,1267,125008,1,6219,2385,48451,1277,121380,2386,169831,California
Placer,2021-04-22,3661,289123,2271,156506,1390,126398,0,6219,1746,48285,1912,123292,1746,171577,California
Placer,2021-04-23,3503,292626,2318,158824,1184,127582,1,6220,1374,47538,2122,125414,1375,172952,California
Placer,2021-04-24,2087,294713,1266,160090,820,128402,1,6221,1220,47900,858,126272,1220,174172,California
Placer,2021-04-25,913,295626,501,160591,412,128814,0,6221,564,48115,349,126621,564,174736,California
Placer,2021-04-26,2468,298094,1321,161912,1124,129938,23,6244,1201,48080,1258,127879,1223,175959,California
Placer,2021-04-27,2741,300835,1434,163346,1260,131198,47,6291,1557,48505,1180,129059,1605,177564,California
Placer,2021-04-28,3002,303837,1881,165227,1084,132282,37,6328,1602,48753,1391,130450,1639,179203,California
Placer,2021-04-29,3378,307215,2186,167413,1139,133421,53,6381,1416,48266,1956,132406,1469,180672,California
Placer,2021-04-30,2975,310190,1798,169211,1128,134549,49,6430,1184,47714,1785,134191,1233,181905,California
Placer,2021-05-01,1330,311520,934,170145,369,134918,27,6457,603,47622,721,134912,629,182534,California
Placer,2021-05-02,730,312250,572,170717,136,135054,22,6479,331,47578,397,135309,353,182887,California
Placer,2021-05-03,1610,313860,989,171706,554,135608,67,6546,441,46919,1166,136475,507,183394,California
Placer,2021-05-04,2296,316156,1292,172998,838,136446,166,6712,858,46511,1432,137907,1024,184418,California
Placer,2021-05-05,3668,319824,2480,175478,1083,137529,105,6817,963,44881,2698,140605,1068,185486,California
Placer,2021-05-06,3092,322916,1888,177366,1127,138656,77,6894,813,43517,2254,142859,890,186376,California
Placer,2021-05-07,2812,325728,1891,179257,830,139486,91,6985,797,42400,2005,144864,888,187264,California
Placer,2021-05-08,1323,327051,706,179963,576,140062,41,7026,391,41900,930,145794,430,187694,California
Placer,2021-05-09,439,327490,204,180167,215,140277,20,7046,217,41914,222,146016,236,187930,California
Placer,2021-05-10,1923,329413,1023,181190,804,141081,96,7142,430,40951,1489,147505,526,188456,California
Placer,2021-05-11,2893,332306,2075,183265,703,141784,115,7257,609,39401,2274,149779,724,189180,California
Placer,2021-05-12,2886,335192,1998,185263,831,142615,57,7314,735,38050,2144,151923,793,189973,California
Placer,2021-05-13,2858,338050,1850,187113,960,143575,48,7362,1031,37303,1825,153748,1078,191051,California
Placer,2021-05-14,2743,340793,1817,188930,796,144371,130,7492,1343,37387,1386,155134,1470,192521,California
Placer,2021-05-15,2054,342847,1348,190278,682,145053,24,7516,907,37177,1141,156275,931,193452,California
Placer,2021-05-16,1012,343859,528,190806,465,145518,19,7535,343,36872,667,156942,362,193814,California
Placer,2021-05-17,2348,346207,1559,192365,713,146231,76,7611,1022,36648,1322,158264,1098,194912,California
Placer,2021-05-18,2492,348699,1677,194042,736,146967,79,7690,1124,36487,1364,159628,1203,196115,California
Placer,2021-05-19,2512,351211,1593,195635,874,147841,45,7735,878,35781,1629,161257,923,197038,California
Placer,2021-05-20,2422,353633,1573,197208,802,148643,47,7782,853,35117,1562,162819,898,197936,California
Placer,2021-05-21,2370,356003,1475,198683,754,149397,141,7923,1043,34980,1319,164138,1182,199118,California
Placer,2021-05-22,1517,357520,1032,199715,443,149840,42,7965,735,34980,777,164915,777,199895,California
Placer,2021-05-23,559,358079,323,200038,221,150061,15,7980,258,34954,300,165215,274,200169,California
Placer,2021-05-24,1463,359542,744,200782,604,150665,115,8095,428,34465,1032,166247,543,200712,California
Placer,2021-05-25,1784,361326,939,201721,746,151411,99,8194,651,34089,1126,167373,750,201462,California
Placer,2021-05-26,1558,362884,899,202620,629,152040,30,8224,606,33778,948,168321,637,202099,California
Placer,2021-05-27,1442,364326,708,203328,690,152730,44,8268,654,33697,779,169100,698,202797,California
Placer,2021-05-28,1676,366002,852,204180,735,153465,89,8357,719,33553,952,170052,808,203605,California
Placer,2021-05-29,721,366723,400,204580,291,153756,30,8387,363,33590,355,170407,392,203997,California
Placer,2021-05-30,343,367066,232,204812,97,153853,14,8401,221,33704,121,170528,235,204232,California
Placer,2021-05-31,145,367211,67,204879,61,153914,17,8418,28,33632,116,170644,44,204276,California
Placer,2021-06-01,1665,368876,877,205756,717,154631,71,8489,626,33295,1034,171678,697,204973,California
Placer,2021-06-02,1487,370363,758,206514,662,155293,67,8556,483,32842,1003,172681,550,205523,California
Placer,2021-06-03,1675,372038,1023,207537,594,155887,58,8614,426,32080,1245,173926,483,206006,California
Placer,2021-06-04,1837,373875,1300,208837,481,156368,56,8670,450,31206,1378,175304,504,206510,California
Placer,2021-06-05,1063,374938,761,209598,265,156633,37,8707,264,30713,794,176098,301,206811,California
Placer,2021-06-06,474,375412,336,209934,121,156754,17,8724,128,30513,345,176443,145,206956,California
Placer,2021-06-07,984,376396,673,210607,258,157012,53,8777,211,30008,768,177211,263,207219,California
Placer,2021-06-08,1621,378017,1244,211851,325,157337,52,8829,409,29260,1208,178419,460,207679,California
Placer,2021-06-09,444,378461,320,212171,83,157420,41,8870,99,29057,343,178762,140,207819,California
Plumas,2020-12-18,4,4,4,4,0,0,0,0,4,4,0,0,4,4,California
Plumas,2020-12-19,1,5,1,5,0,0,0,0,1,5,0,0,1,5,California
Plumas,2020-12-21,45,50,45,50,0,0,0,0,45,50,0,0,45,50,California
Plumas,2020-12-22,93,143,93,143,0,0,0,0,93,143,0,0,93,143,California
Plumas,2020-12-23,50,193,50,193,0,0,0,0,50,193,0,0,50,193,California
Plumas,2020-12-24,6,199,6,199,0,0,0,0,6,199,0,0,6,199,California
Plumas,2020-12-28,8,207,0,199,8,8,0,0,8,207,0,0,8,207,California
Plumas,2020-12-29,32,239,22,221,10,18,0,0,32,239,0,0,32,239,California
Plumas,2020-12-30,23,262,1,222,22,40,0,0,23,262,0,0,23,262,California
Plumas,2020-12-31,4,266,1,223,3,43,0,0,4,266,0,0,4,266,California
Plumas,2021-01-01,1,267,0,223,1,44,0,0,1,267,0,0,1,267,California
Plumas,2021-01-02,1,268,0,223,1,45,0,0,1,268,0,0,1,268,California
Plumas,2021-01-04,10,278,3,226,7,52,0,0,10,278,0,0,10,278,California
Plumas,2021-01-05,22,300,1,227,21,73,0,0,22,300,0,0,22,300,California
Plumas,2021-01-06,121,421,5,232,116,189,0,0,121,421,0,0,121,421,California
Plumas,2021-01-07,52,473,2,234,50,239,0,0,51,471,1,1,51,472,California
Plumas,2021-01-08,12,485,5,239,7,246,0,0,8,475,4,5,8,480,California
Plumas,2021-01-09,1,486,1,240,0,246,0,0,0,474,1,6,0,480,California
Plumas,2021-01-11,58,544,50,290,8,254,0,0,11,438,47,53,11,491,California
Plumas,2021-01-12,156,700,87,377,69,323,0,0,71,424,85,138,71,562,California
Plumas,2021-01-13,55,755,50,427,5,328,0,0,9,387,46,184,9,571,California
Plumas,2021-01-14,98,853,14,441,84,412,0,0,93,475,5,189,93,664,California
Plumas,2021-01-15,62,915,7,448,55,467,0,0,60,533,2,191,60,724,California
Plumas,2021-01-16,58,973,1,449,57,524,0,0,58,591,0,191,58,782,California
Plumas,2021-01-18,2,975,1,450,1,525,0,0,2,593,0,191,2,784,California
Plumas,2021-01-19,37,1012,5,455,32,557,0,0,33,622,4,195,33,817,California
Plumas,2021-01-20,130,1142,2,457,128,685,0,0,128,748,2,197,128,945,California
Plumas,2021-01-21,111,1253,2,459,109,794,0,0,111,859,0,197,111,1056,California
Plumas,2021-01-22,5,1258,1,460,4,798,0,0,5,864,0,197,5,1061,California
Plumas,2021-01-23,94,1352,2,462,92,890,0,0,94,958,0,197,94,1155,California
Plumas,2021-01-24,1,1353,1,463,0,890,0,0,1,959,0,197,1,1156,California
Plumas,2021-01-25,9,1362,6,469,3,893,0,0,7,964,2,199,7,1163,California
Plumas,2021-01-26,59,1421,2,471,57,950,0,0,51,1007,8,207,51,1214,California
Plumas,2021-01-27,27,1448,22,493,5,955,0,0,7,994,20,227,7,1221,California
Plumas,2021-01-28,24,1472,1,494,23,978,0,0,22,1014,2,229,22,1243,California
Plumas,2021-01-29,8,1480,2,496,6,984,0,0,7,1020,1,230,7,1250,California
Plumas,2021-01-30,8,1488,3,499,5,989,0,0,7,1026,1,231,7,1257,California
Plumas,2021-01-31,3,1491,3,502,0,989,0,0,3,1029,0,231,3,1260,California
Plumas,2021-02-01,16,1507,2,504,14,1003,0,0,8,1029,8,239,8,1268,California
Plumas,2021-02-02,23,1530,2,506,21,1024,0,0,2,1010,21,260,2,1270,California
Plumas,2021-02-03,126,1656,8,514,118,1142,0,0,13,911,112,372,13,1283,California
Plumas,2021-02-04,102,1758,8,522,94,1236,0,0,23,855,79,451,23,1306,California
Plumas,2021-02-05,27,1785,12,534,15,1251,0,0,12,852,15,466,12,1318,California
Plumas,2021-02-06,7,1792,0,534,7,1258,0,0,7,859,0,466,7,1325,California
Plumas,2021-02-08,14,1806,5,539,9,1267,0,0,2,849,12,478,2,1327,California
Plumas,2021-02-09,173,1979,3,542,170,1437,0,0,113,902,60,538,113,1440,California
Plumas,2021-02-10,98,2077,8,550,90,1527,0,0,92,989,6,544,93,1533,California
Plumas,2021-02-11,337,2414,6,556,331,1858,0,0,277,1206,60,604,277,1810,California
Plumas,2021-02-12,123,2537,4,560,119,1977,0,0,117,1317,6,610,117,1927,California
Plumas,2021-02-13,76,2613,6,566,70,2047,0,0,16,1273,60,670,16,1943,California
Plumas,2021-02-14,8,2621,5,571,3,2050,0,0,8,1281,0,670,8,1951,California
Plumas,2021-02-15,26,2647,5,576,21,2071,0,0,23,1301,3,673,23,1974,California
Plumas,2021-02-16,80,2727,5,581,75,2146,0,0,16,1253,64,737,16,1990,California
Plumas,2021-02-17,146,2873,5,586,141,2287,0,0,12,1131,134,871,12,2002,California
Plumas,2021-02-18,130,3003,7,593,123,2410,0,0,21,1044,109,980,22,2024,California
Plumas,2021-02-19,43,3046,6,599,37,2447,0,0,8,1017,35,1015,8,2032,California
Plumas,2021-02-20,105,3151,7,606,98,2545,0,0,13,938,92,1107,13,2045,California
Plumas,2021-02-21,6,3157,5,611,1,2546,0,0,2,936,4,1111,2,2047,California
Plumas,2021-02-22,3,3160,1,612,2,2548,0,0,0,933,3,1114,0,2047,California
Plumas,2021-02-23,25,3185,5,617,20,2568,0,0,18,944,7,1121,18,2065,California
Plumas,2021-02-24,470,3655,7,624,463,3031,0,0,457,1388,13,1134,457,2522,California
Plumas,2021-02-25,237,3892,12,636,225,3256,0,0,174,1499,63,1197,174,2696,California
Plumas,2021-02-26,267,4159,8,644,259,3515,0,0,258,1749,9,1206,259,2955,California
Plumas,2021-02-27,40,4199,4,648,36,3551,0,0,33,1775,7,1213,33,2988,California
Plumas,2021-02-28,2,4201,0,648,2,3553,0,0,2,1777,0,1213,2,2990,California
Plumas,2021-03-01,16,4217,2,650,14,3567,0,0,11,1784,4,1217,11,3001,California
Plumas,2021-03-02,11,4228,1,651,10,3577,0,0,7,1788,3,1220,7,3008,California
Plumas,2021-03-03,170,4398,9,660,161,3738,0,0,154,1926,16,1236,154,3162,California
Plumas,2021-03-04,251,4649,8,668,243,3981,0,0,229,2133,22,1258,229,3391,California
Plumas,2021-03-05,400,5049,6,674,389,4370,5,5,389,2516,11,1269,394,3785,California
Plumas,2021-03-06,20,5069,3,677,9,4379,8,13,3,2510,17,1286,11,3796,California
Plumas,2021-03-07,14,5083,3,680,2,4381,9,22,4,2513,10,1296,13,3809,California
Plumas,2021-03-08,30,5113,3,683,2,4383,25,47,3,2514,27,1323,28,3837,California
Plumas,2021-03-09,136,5249,3,686,118,4501,15,62,20,2433,116,1439,35,3872,California
Plumas,2021-03-10,284,5533,4,690,266,4767,14,76,110,2384,173,1612,124,3996,California
Plumas,2021-03-11,183,5716,9,699,169,4936,5,81,148,2502,35,1647,153,4149,California
Plumas,2021-03-12,594,6310,5,704,302,5238,287,368,23,2241,571,2218,310,4459,California
Plumas,2021-03-13,25,6335,4,708,10,5248,11,379,4,2235,21,2239,15,4474,California
Plumas,2021-03-14,12,6347,3,711,4,5252,5,384,1,2231,10,2249,6,4480,California
Plumas,2021-03-15,31,6378,0,711,24,5276,7,391,6,2219,25,2274,13,4493,California
Plumas,2021-03-16,61,6439,3,714,57,5333,1,392,49,2257,12,2286,50,4543,California
Plumas,2021-03-17,70,6509,8,722,61,5394,1,393,55,2299,14,2300,56,4599,California
Plumas,2021-03-18,61,6570,6,728,39,5433,16,409,11,2276,50,2350,27,4626,California
Plumas,2021-03-19,163,6733,5,733,156,5589,2,411,155,2428,6,2356,158,4784,California
Plumas,2021-03-20,709,7442,4,737,704,6293,1,412,688,3098,19,2375,689,5473,California
Plumas,2021-03-21,2,7444,1,738,1,6294,0,412,1,3099,0,2375,1,5474,California
Plumas,2021-03-22,191,7635,2,740,189,6483,0,412,184,3276,7,2382,184,5658,California
Plumas,2021-03-23,28,7663,2,742,26,6509,0,412,14,3276,14,2396,14,5672,California
Plumas,2021-03-24,673,8336,6,748,666,7175,1,413,226,3057,446,2842,227,5899,California
Plumas,2021-03-25,306,8642,7,755,297,7472,2,415,162,3075,144,2986,162,6061,California
Plumas,2021-03-26,316,8958,10,765,306,7778,0,415,47,2854,268,3254,47,6108,California
Plumas,2021-03-27,13,8971,1,766,11,7789,1,416,3,2848,10,3264,4,6112,California
Plumas,2021-03-28,8,8979,4,770,3,7792,1,417,4,2849,4,3268,5,6117,California
Plumas,2021-03-29,12,8991,4,774,7,7799,1,418,4,2846,8,3276,5,6122,California
Plumas,2021-03-30,169,9160,3,777,164,7963,2,420,26,2731,143,3419,28,6150,California
Plumas,2021-03-31,290,9450,3,780,286,8249,1,421,268,2978,22,3441,269,6419,California
Plumas,2021-04-01,303,9753,11,791,291,8540,1,422,60,2798,240,3681,60,6479,California
Plumas,2021-04-02,377,10130,4,795,371,8911,2,424,30,2494,336,4017,32,6511,California
Plumas,2021-04-03,15,10145,3,798,5,8916,7,431,4,2494,11,4028,11,6522,California
Plumas,2021-04-04,3,10148,1,799,1,8917,1,432,0,2492,3,4031,1,6523,California
Plumas,2021-04-05,12,10160,4,803,7,8924,1,433,4,2490,7,4038,5,6528,California
Plumas,2021-04-06,128,10288,6,809,96,9020,26,459,15,2418,113,4151,41,6569,California
Plumas,2021-04-07,287,10575,7,816,102,9122,178,637,28,2365,259,4410,206,6775,California
Plumas,2021-04-08,153,10728,3,819,134,9256,16,653,37,2302,115,4525,52,6827,California
Plumas,2021-04-09,50,10778,9,828,24,9280,17,670,17,2302,33,4558,33,6860,California
Plumas,2021-04-10,23,10801,2,830,5,9285,16,686,5,2305,18,4576,21,6881,California
Plumas,2021-04-11,2,10803,1,831,0,9285,1,687,1,2306,1,4577,2,6883,California
Plumas,2021-04-12,12,10815,4,835,5,9290,3,690,6,2309,6,4583,9,6892,California
Plumas,2021-04-13,210,11025,4,839,206,9496,0,690,145,2389,65,4648,145,7037,California
Plumas,2021-04-14,110,11135,6,845,104,9600,0,690,57,2393,53,4701,57,7094,California
Plumas,2021-04-15,52,11187,2,847,50,9650,0,690,34,2409,18,4719,34,7128,California
Plumas,2021-04-16,143,11330,3,850,140,9790,0,690,2,2270,141,4860,2,7130,California
Plumas,2021-04-17,679,12009,2,852,677,10467,0,690,19,1631,658,5518,19,7149,California
Plumas,2021-04-18,3,12012,3,855,0,10467,0,690,0,1628,3,5521,0,7149,California
Plumas,2021-04-19,38,12050,2,857,36,10503,0,690,5,1600,33,5554,5,7154,California
Plumas,2021-04-20,43,12093,5,862,38,10541,0,690,28,1614,14,5568,28,7182,California
Plumas,2021-04-21,318,12411,5,867,312,10853,1,691,17,1330,301,5869,17,7199,California
Plumas,2021-04-22,275,12686,7,874,268,11121,0,691,129,1313,146,6015,129,7328,California
Plumas,2021-04-23,74,12760,5,879,69,11190,0,691,16,1271,58,6073,16,7344,California
Plumas,2021-04-24,171,12931,5,884,166,11356,0,691,145,1391,25,6098,145,7489,California
Plumas,2021-04-26,31,12962,4,888,27,11383,0,691,8,1377,22,6120,8,7497,California
Plumas,2021-04-27,98,13060,4,892,94,11477,0,691,61,1401,37,6157,61,7558,California
Plumas,2021-04-28,284,13344,4,896,280,11757,0,691,38,1194,245,6402,38,7596,California
Plumas,2021-04-29,172,13516,68,964,104,11861,0,691,119,1260,53,6455,119,7715,California
Plumas,2021-04-30,22,13538,11,975,11,11872,0,691,7,1252,15,6470,7,7722,California
Plumas,2021-05-01,4,13542,1,976,2,11874,1,692,1,1252,2,6472,2,7724,California
Plumas,2021-05-02,1,13543,1,977,0,11874,0,692,1,1253,0,6472,1,7725,California
Plumas,2021-05-03,18,13561,6,983,6,11880,6,698,6,1254,11,6483,12,7737,California
Plumas,2021-05-04,31,13592,3,986,21,11901,7,705,18,1267,12,6495,25,7762,California
Plumas,2021-05-05,48,13640,4,990,43,11944,1,706,22,1264,26,6521,23,7785,California
Plumas,2021-05-06,65,13705,2,992,57,12001,6,712,20,1245,45,6566,26,7811,California
Plumas,2021-05-07,22,13727,5,997,16,12017,1,713,8,1240,14,6580,9,7820,California
Plumas,2021-05-08,6,13733,0,997,4,12021,2,715,4,1244,2,6582,6,7826,California
Plumas,2021-05-10,50,13783,0,997,27,12048,23,738,23,1263,27,6609,46,7872,California
Plumas,2021-05-11,171,13954,3,1000,149,12197,19,757,15,1141,156,6765,34,7906,California
Plumas,2021-05-12,100,14054,2,1002,91,12288,7,764,37,1123,62,6827,44,7950,California
Plumas,2021-05-13,37,14091,3,1005,32,12320,2,766,13,1114,24,6851,15,7965,California
Plumas,2021-05-14,19,14110,3,1008,11,12331,5,771,9,1118,10,6861,14,7979,California
Plumas,2021-05-15,10,14120,4,1012,4,12335,2,773,4,1118,6,6867,6,7985,California
Plumas,2021-05-16,1,14121,1,1013,0,12335,0,773,1,1119,0,6867,1,7986,California
Plumas,2021-05-17,14,14135,0,1013,5,12340,9,782,4,1122,10,6877,13,7999,California
Plumas,2021-05-18,45,14180,7,1020,37,12377,1,783,25,1128,20,6897,26,8025,California
Plumas,2021-05-19,47,14227,3,1023,30,12407,14,797,12,1120,35,6932,27,8052,California
Plumas,2021-05-20,188,14415,133,1156,44,12451,11,808,77,1098,110,7042,88,8140,California
Plumas,2021-05-21,31,14446,9,1165,15,12466,7,815,15,1104,16,7058,22,8162,California
Plumas,2021-05-22,136,14582,2,1167,134,12600,0,815,6,981,129,7187,6,8168,California
Plumas,2021-05-23,1,14583,1,1168,0,12600,0,815,0,980,1,7188,0,8168,California
Plumas,2021-05-24,50,14633,37,1205,12,12612,1,816,41,1013,9,7197,42,8210,California
Plumas,2021-05-25,73,14706,3,1208,69,12681,1,817,16,973,57,7254,17,8227,California
Plumas,2021-05-26,42,14748,7,1215,28,12709,7,824,17,972,25,7279,24,8251,California
Plumas,2021-05-27,102,14850,26,1241,63,12772,13,837,42,968,59,7338,55,8306,California
Plumas,2021-05-28,42,14892,16,1257,24,12796,2,839,23,974,19,7357,25,8331,California
Plumas,2021-05-29,8,14900,0,1257,8,12804,0,839,6,979,2,7359,7,8338,California
Plumas,2021-05-30,1,14901,0,1257,1,12805,0,839,0,979,0,7359,0,8338,California
Plumas,2021-05-31,5,14906,0,1257,2,12807,3,842,0,978,4,7363,3,8341,California
Plumas,2021-06-01,34,14940,8,1265,20,12827,6,848,9,969,25,7388,16,8357,California
Plumas,2021-06-02,60,15000,5,1270,34,12861,21,869,10,950,50,7438,31,8388,California
Plumas,2021-06-03,64,15064,16,1286,38,12899,10,879,26,948,38,7476,36,8424,California
Plumas,2021-06-04,13,15077,2,1288,9,12908,2,881,7,951,6,7482,9,8433,California
Plumas,2021-06-05,6,15083,2,1290,4,12912,0,881,1,947,5,7487,1,8434,California
Plumas,2021-06-06,2,15085,1,1291,1,12913,0,881,0,945,2,7489,0,8434,California
Plumas,2021-06-07,37,15122,5,1296,25,12938,7,888,9,933,28,7517,16,8450,California
Plumas,2021-06-08,32,15154,10,1306,20,12958,2,890,10,923,22,7539,12,8462,California
Plumas,2021-06-09,17,15171,0,1306,14,12972,3,893,3,915,14,7553,6,8468,California
Riverside,2020-12-15,5,5,5,5,0,0,0,0,5,5,0,0,5,5,California
Riverside,2020-12-16,70,75,70,75,0,0,0,0,70,75,0,0,70,75,California
Riverside,2020-12-17,814,889,814,889,0,0,0,0,814,889,0,0,814,889,California
Riverside,2020-12-18,1729,2618,1728,2617,1,1,0,0,1729,2618,0,0,1729,2618,California
Riverside,2020-12-19,1029,3647,1026,3643,3,4,0,0,1027,3644,1,1,1027,3645,California
Riverside,2020-12-20,1086,4733,1085,4728,1,5,0,0,1086,4730,0,1,1086,4731,California
Riverside,2020-12-21,2277,7010,2275,7003,2,7,0,0,2277,7007,0,1,2277,7008,California
Riverside,2020-12-22,2259,9269,2220,9223,39,46,0,0,2259,9266,0,1,2259,9267,California
Riverside,2020-12-23,2147,11416,1805,11028,342,388,0,0,2148,11414,0,1,2148,11415,California
Riverside,2020-12-24,822,12238,619,11647,203,591,0,0,822,12236,0,1,822,12237,California
Riverside,2020-12-25,28,12266,5,11652,23,614,0,0,28,12264,0,1,28,12265,California
Riverside,2020-12-26,400,12666,257,11909,143,757,0,0,400,12664,0,1,400,12665,California
Riverside,2020-12-27,368,13034,247,12156,121,878,0,0,368,13032,0,1,368,13033,California
Riverside,2020-12-28,1640,14674,1134,13290,506,1384,0,0,1641,14673,0,1,1641,14674,California
Riverside,2020-12-29,1745,16419,973,14263,772,2156,0,0,1745,16418,0,1,1745,16419,California
Riverside,2020-12-30,2580,18999,1683,15946,897,3053,0,0,2580,18998,0,1,2580,18999,California
Riverside,2020-12-31,1030,20029,398,16344,632,3685,0,0,1032,20030,0,1,1032,20031,California
Riverside,2021-01-01,123,20152,47,16391,76,3761,0,0,123,20153,0,1,123,20154,California
Riverside,2021-01-02,836,20988,695,17086,141,3902,0,0,836,20989,0,1,836,20990,California
Riverside,2021-01-03,344,21332,298,17384,46,3948,0,0,343,21332,0,1,343,21333,California
Riverside,2021-01-04,1267,22599,794,18178,473,4421,0,0,1267,22599,0,1,1267,22600,California
Riverside,2021-01-05,1994,24593,1370,19548,624,5045,0,0,1899,24408,90,91,1899,24499,California
Riverside,2021-01-06,2502,27095,1118,20666,1384,6429,0,0,2192,26294,306,397,2192,26691,California
Riverside,2021-01-07,2788,29883,1830,22496,958,7387,0,0,1721,26955,1061,1458,1722,28413,California
Riverside,2021-01-08,4071,33954,2939,25435,1132,8519,0,0,2253,27394,1814,3272,2253,30666,California
Riverside,2021-01-09,2077,36031,848,26283,1229,9748,0,0,1725,28768,351,3623,1725,32391,California
Riverside,2021-01-10,1669,37700,734,27017,935,10683,0,0,1068,29235,601,4224,1068,33459,California
Riverside,2021-01-11,4522,42222,3095,30112,1427,12110,0,0,2788,30292,1732,5956,2789,36248,California
Riverside,2021-01-12,3417,45639,2742,32854,675,12785,0,0,1721,30322,1691,7647,1721,37969,California
Riverside,2021-01-13,4465,50104,2946,35800,1519,14304,0,0,2846,31552,1616,9263,2846,40815,California
Riverside,2021-01-14,5528,55632,1919,37719,3609,17913,0,0,4945,35915,582,9845,4945,45760,California
Riverside,2021-01-15,6088,61720,2007,39726,4081,21994,0,0,5797,41422,290,10135,5797,51557,California
Riverside,2021-01-16,3619,65339,1021,40747,2598,24592,0,0,3371,44547,248,10383,3373,54930,California
Riverside,2021-01-17,3596,68935,588,41335,3008,27600,0,0,3397,47747,197,10580,3397,58327,California
Riverside,2021-01-18,3759,72694,2051,43386,1708,29308,0,0,2746,49480,1013,11593,2746,61073,California
Riverside,2021-01-19,7426,80120,2650,46036,4776,34084,0,0,6303,54661,1123,12716,6304,67377,California
Riverside,2021-01-20,8238,88358,3139,49175,5099,39183,0,0,6572,59583,1654,14370,6576,73953,California
Riverside,2021-01-21,8363,96721,3506,52681,4857,44040,0,0,7711,66642,653,15023,7712,81665,California
Riverside,2021-01-22,8742,105463,2967,55648,5775,49815,0,0,8309,74522,431,15454,8311,89976,California
Riverside,2021-01-23,5903,111366,2365,58013,3538,53353,0,0,5182,78985,720,16174,5183,95159,California
Riverside,2021-01-24,3041,114407,1436,59449,1605,54958,0,0,2826,81600,212,16386,2827,97986,California
Riverside,2021-01-25,7900,122307,4546,63995,3354,58312,0,0,6773,87248,1126,17512,6774,104760,California
Riverside,2021-01-26,9160,131467,5728,69723,3432,61744,0,0,7647,93388,1510,19022,7650,112410,California
Riverside,2021-01-27,10946,142413,6404,76127,4542,66286,0,0,9329,101110,1612,20634,9334,121744,California
Riverside,2021-01-28,11536,153949,6808,82935,4728,71014,0,0,10360,110307,1168,21802,10365,132109,California
Riverside,2021-01-29,11951,165900,7290,90225,4661,75675,0,0,10571,119529,1354,23156,10576,142685,California
Riverside,2021-01-30,9071,174971,4618,94843,4453,80128,0,0,8609,127679,460,23616,8610,151295,California
Riverside,2021-01-31,5173,180144,4261,99104,912,81040,0,0,5042,132595,130,23746,5046,156341,California
Riverside,2021-02-01,10990,191134,6792,105896,4198,85238,0,0,9139,139893,1844,25590,9142,165483,California
Riverside,2021-02-02,9483,200617,4822,110718,4661,89899,0,0,8014,146449,1461,27051,8017,173500,California
Riverside,2021-02-03,12196,212813,5149,115867,7047,96946,0,0,9825,153912,2362,29413,9825,183325,California
Riverside,2021-02-04,13522,226335,6012,121879,7510,104456,0,0,11432,163265,2082,31495,11435,194760,California
Riverside,2021-02-05,14328,240663,5391,127270,8937,113393,0,0,11277,171502,3044,34539,11281,206041,California
Riverside,2021-02-06,7233,247896,4264,131534,2969,116362,0,0,5592,175463,1634,36173,5595,211636,California
Riverside,2021-02-07,2168,250064,796,132330,1372,117734,0,0,1847,176992,319,36492,1848,213484,California
Riverside,2021-02-08,12475,262539,5551,137881,6924,124658,0,0,10160,184856,2300,38792,10164,223648,California
Riverside,2021-02-09,9638,272177,4516,142397,5122,129780,0,0,7693,190616,1938,40730,7698,231346,California
Riverside,2021-02-10,12087,284264,6972,149369,5115,134895,0,0,8914,196376,3163,43893,8923,240269,California
Riverside,2021-02-11,16635,300899,9062,158431,7573,142468,0,0,12115,204008,4498,48391,12130,252399,California
Riverside,2021-02-12,17745,318644,10799,169230,6946,149414,0,0,12852,212023,4849,53240,12864,265263,California
Riverside,2021-02-13,6316,324960,2134,171364,4182,153596,0,0,3092,211927,3209,56449,3113,268376,California
Riverside,2021-02-14,4920,329880,1118,172482,3802,157398,0,0,2178,211367,2738,59187,2178,270554,California
Riverside,2021-02-15,9822,339702,5002,177484,4820,162218,0,0,5401,212364,4412,63599,5409,275963,California
Riverside,2021-02-16,16138,355840,10120,187604,6018,168236,0,0,9259,214760,6871,70470,9267,285230,California
Riverside,2021-02-17,15042,370882,8222,195826,6820,175056,0,0,7445,214632,7583,78053,7455,292685,California
Riverside,2021-02-18,15561,386443,8987,204813,6574,181630,0,0,8023,215156,7514,85567,8038,300723,California
Riverside,2021-02-19,15308,401751,8225,213038,7083,188713,0,0,7228,214331,8061,93628,7236,307959,California
Riverside,2021-02-20,8322,410073,4501,217539,3821,192534,0,0,2163,210356,6142,99770,2167,310126,California
Riverside,2021-02-21,4407,414480,3884,221423,523,193057,0,0,1235,208434,3157,102927,1235,311361,California
Riverside,2021-02-22,12387,426867,7779,229202,4608,197665,0,0,5107,206282,7264,110191,5112,316473,California
Riverside,2021-02-23,11127,437994,7573,236775,3554,201219,0,0,5397,205980,5703,115894,5401,321874,California
Riverside,2021-02-24,14808,452802,8102,244877,6706,207925,0,0,6292,203811,8478,124372,6309,328183,California
Riverside,2021-02-25,17375,470177,7410,252287,9965,217890,0,0,8078,202640,9273,133645,8102,336285,California
Riverside,2021-02-26,18652,488829,6738,259025,11914,229804,0,0,9306,202692,9288,142933,9340,345625,California
Riverside,2021-02-27,12095,500924,5606,264631,6489,236293,0,0,5761,202179,6301,149234,5788,351413,California
Riverside,2021-02-28,4891,505815,3227,267858,1664,237957,0,0,2408,202124,2470,151704,2415,353828,California
Riverside,2021-03-01,14390,520205,6122,273980,8265,246222,3,3,8461,204726,5890,157594,8492,362320,California
Riverside,2021-03-02,15396,535601,7528,281508,7867,254089,1,4,9026,207435,6347,163941,9056,371376,California
Riverside,2021-03-03,16941,552542,8389,289897,8552,262641,0,4,7306,205286,9584,173525,7435,378811,California
Riverside,2021-03-04,18769,571311,7482,297379,11282,273923,5,9,8914,204545,9810,183335,9069,387880,California
Riverside,2021-03-05,18927,590238,7609,304988,11274,285197,44,53,9379,204748,9497,192832,9700,397580,California
Riverside,2021-03-06,9530,599768,5081,310069,3968,289165,481,534,4753,205245,4764,197596,5261,402841,California
Riverside,2021-03-07,4264,604032,2755,312824,1120,290285,389,923,2012,205407,2243,199839,2405,405246,California
Riverside,2021-03-08,11971,616003,4759,317583,6802,297087,410,1333,5344,204600,6607,206446,5800,411046,California
Riverside,2021-03-09,14802,630805,6896,324479,7404,304491,502,1835,5898,202257,8879,215325,6536,417582,California
Riverside,2021-03-10,15920,646725,8518,332997,6475,310966,927,2762,6215,199893,9658,224983,7294,424876,California
Riverside,2021-03-11,19317,666042,9472,342469,7995,318961,1850,4612,7613,197894,11669,236652,9670,434546,California
Riverside,2021-03-12,21209,687251,7933,350402,8531,327492,4745,9357,7041,195876,14129,250781,12111,446657,California
Riverside,2021-03-13,8520,695771,2547,352949,4742,332234,1231,10588,4372,197432,4126,254907,5682,452339,California
Riverside,2021-03-14,4748,700519,1621,354570,1755,333989,1372,11960,2088,198239,2649,257556,3456,455795,California
Riverside,2021-03-15,18704,719223,7871,362441,9167,343156,1666,13626,9211,199767,9449,267005,10977,466772,California
Riverside,2021-03-16,20904,740127,10145,372586,9946,353102,813,14439,11392,202589,9475,276480,12297,479069,California
Riverside,2021-03-17,21343,761470,10951,383537,9332,362434,1060,15499,12827,208055,8480,284960,13946,493015,California
Riverside,2021-03-18,22626,784096,11773,395310,9183,371617,1670,17169,12548,212255,10026,294986,14226,507241,California
Riverside,2021-03-19,24166,808262,12687,407997,10508,382125,971,18140,14110,217706,9996,304982,15447,522688,California
Riverside,2021-03-20,10688,818950,6898,414895,2607,384732,1183,19323,6875,221981,3782,308764,8057,530745,California
Riverside,2021-03-21,3750,822700,2923,417818,561,385293,266,19589,2556,223629,1175,309939,2823,533568,California
Riverside,2021-03-22,16648,839348,9931,427749,6166,391459,551,20140,10595,228776,5996,315935,11143,544711,California
Riverside,2021-03-23,18571,857919,10515,438264,7634,399093,422,20562,11932,234566,6578,322513,12368,557079,California
Riverside,2021-03-24,18735,876654,10457,448721,8157,407250,121,20683,12861,241731,5823,328336,12988,570067,California
Riverside,2021-03-25,21166,897820,11678,460399,9310,416560,178,20861,14179,249180,6912,335248,14361,584428,California
Riverside,2021-03-26,24157,921977,11943,472342,12049,428609,165,21026,15024,255341,9031,344279,15192,599620,California
Riverside,2021-03-27,9350,931327,4910,477252,3388,431997,1052,22078,4823,256715,4503,348782,5877,605497,California
Riverside,2021-03-28,4776,936103,3139,480391,1544,433541,93,22171,2842,257730,1921,350703,2936,608433,California
Riverside,2021-03-29,17667,953770,8449,488840,9099,442640,119,22290,10921,262082,6700,357403,11052,619485,California
Riverside,2021-03-30,18371,972141,9560,498400,8604,451244,207,22497,11709,267379,6621,364024,11918,631403,California
Riverside,2021-03-31,18159,990300,8447,506847,9404,460648,308,22805,11463,272511,6648,370672,11780,643183,California
Riverside,2021-04-01,25573,1015873,12498,519345,12296,472944,779,23584,16504,280796,8997,379669,17282,660465,California
Riverside,2021-04-02,26159,1042032,14078,533423,11128,484072,953,24537,16383,288641,9713,389382,17558,678023,California
Riverside,2021-04-03,9390,1051422,5968,539391,2829,486901,593,25130,6048,291958,3320,392702,6637,684660,California
Riverside,2021-04-04,3402,1054824,2068,541459,1090,487991,244,25374,1718,292246,1675,394377,1963,686623,California
Riverside,2021-04-05,18487,1073311,9466,550925,7160,495151,1861,27235,9945,295551,8500,402877,11805,698428,California
Riverside,2021-04-06,23813,1097124,12375,563300,9300,504451,2138,29373,13282,300483,10479,413356,15411,713839,California
Riverside,2021-04-07,24901,1122025,13439,576739,8939,513390,2523,31896,13853,305858,10998,424354,16373,730212,California
Riverside,2021-04-08,27472,1149497,15200,591939,9287,522677,2985,34881,16794,315012,10607,434961,19761,749973,California
Riverside,2021-04-09,26308,1175805,15462,607401,8386,531063,2460,37341,16048,323326,10213,445174,18527,768500,California
Riverside,2021-04-10,12035,1187840,6749,614150,3890,534953,1396,38737,5266,323256,6725,451899,6655,775155,California
Riverside,2021-04-11,4641,1192481,2760,616910,1261,536214,620,39357,2193,323631,2436,454335,2811,777966,California
Riverside,2021-04-12,20206,1212687,8996,625906,8563,544777,2647,42004,10125,326371,10042,464377,12782,790748,California
Riverside,2021-04-13,20081,1232768,11244,637150,8810,553587,27,42031,11496,329368,8546,472923,11543,802291,California
Riverside,2021-04-14,22269,1255037,12277,649427,9977,563564,15,42046,10946,329136,11252,484175,11020,813311,California
Riverside,2021-04-15,22049,1277086,12499,661926,9541,573105,9,42055,11617,330434,10364,494539,11662,824973,California
Riverside,2021-04-16,24900,1301986,14411,676337,10483,583588,6,42061,11512,328626,13333,507872,11525,836498,California
Riverside,2021-04-17,9872,1311858,6504,682841,3368,586956,0,42061,4959,328696,4896,512768,4966,841464,California
Riverside,2021-04-18,3855,1315713,2809,685650,1039,587995,7,42068,1809,328484,2031,514799,1819,843283,California
Riverside,2021-04-19,19462,1335175,11574,697224,7885,595880,3,42071,6955,322981,12466,527265,6963,850246,California
Riverside,2021-04-20,18881,1354056,9961,707185,8911,604791,9,42080,7735,319626,11102,538367,7747,857993,California
Riverside,2021-04-21,19850,1373906,11423,718608,8418,613209,9,42089,7985,315830,11796,550163,8000,865993,California
Riverside,2021-04-22,23247,1397153,13573,732181,9670,622879,4,42093,8672,310007,14504,564667,8681,874674,California
Riverside,2021-04-23,23315,1420468,13723,745904,9578,632457,14,42107,9138,305047,14120,578787,9160,883834,California
Riverside,2021-04-24,10473,1430941,7299,753203,3171,635628,3,42110,4818,304251,5617,584404,4821,888655,California
Riverside,2021-04-25,4214,1435155,2818,756021,1395,637023,1,42111,2184,304426,2011,586415,2186,890841,California
Riverside,2021-04-26,17096,1452251,10703,766724,6348,643371,45,42156,5817,299058,11234,597649,5866,896707,California
Riverside,2021-04-27,18290,1470541,10434,777158,7657,651028,199,42355,6360,293730,11887,609536,6559,903266,California
Riverside,2021-04-28,16478,1487019,8862,786020,7361,658389,255,42610,5548,288661,10872,620408,5803,909069,California
Riverside,2021-04-29,18721,1505740,11445,797465,6930,665319,346,42956,5381,281109,13276,633684,5724,914793,California
Riverside,2021-04-30,19793,1525533,11429,808894,7983,673302,381,43337,6377,274508,13362,647046,6761,921554,California
Riverside,2021-05-01,6766,1532299,4870,813764,1728,675030,168,43505,2327,272587,4414,651460,2493,924047,California
Riverside,2021-05-02,3353,1535652,2183,815947,961,675991,209,43714,1068,271602,2268,653728,1283,925330,California
Riverside,2021-05-03,17992,1553644,11051,826998,6452,682443,489,44203,4160,262478,13770,667498,4646,929976,California
Riverside,2021-05-04,17240,1570884,10948,837946,5875,688318,417,44620,4863,255444,12310,679808,5276,935252,California
Riverside,2021-05-05,15779,1586663,8926,846872,6493,694811,360,44980,4549,249183,11170,690978,4909,940161,California
Riverside,2021-05-06,17761,1604424,9945,856817,7407,702218,409,45389,4504,240912,13185,704163,4914,945075,California
Riverside,2021-05-07,20306,1624730,11575,868392,8301,710519,430,45819,5351,231813,14876,719039,5777,950852,California
Riverside,2021-05-08,6814,1631544,4534,872926,2052,712571,228,46047,2556,230368,4228,723267,2783,953635,California
Riverside,2021-05-09,2308,1633852,1512,874438,641,713212,155,46202,853,229929,1447,724714,1008,954643,California
Riverside,2021-05-10,10027,1643879,5140,879578,4517,717729,370,46572,2855,226032,7122,731836,3225,957868,California
Riverside,2021-05-11,13822,1657701,8322,887900,4981,722710,519,47091,3796,220403,9945,741781,4316,962184,California
Riverside,2021-05-12,12596,1670297,6333,894233,5931,728641,332,47423,3992,216175,8550,750331,4322,966506,California
Riverside,2021-05-13,14566,1684863,8746,902979,5546,734187,274,47697,5299,212537,9215,759546,5577,972083,California
Riverside,2021-05-14,17723,1702586,11199,914178,5732,739919,792,48489,6923,209517,10732,770278,7712,979795,California
Riverside,2021-05-15,9676,1712262,6930,921108,2349,742268,397,48886,4939,210147,4706,774984,5336,985131,California
Riverside,2021-05-16,3467,1715729,2518,923626,839,743107,110,48996,1707,210213,1749,776733,1815,986946,California
Riverside,2021-05-17,11737,1727466,7563,931189,3836,746943,338,49334,5132,209117,6570,783303,5474,992420,California
Riverside,2021-05-18,15032,1742498,9305,940494,5384,752327,343,49677,6124,206725,8860,792163,6468,998888,California
Riverside,2021-05-19,12121,1754619,7675,948169,4220,756547,226,49903,5991,206860,6083,798246,6218,1005106,California
Riverside,2021-05-20,11415,1766034,7032,955201,4128,760675,255,50158,5154,206061,6216,804462,5417,1010523,California
Riverside,2021-05-21,13504,1779538,8304,963505,4884,765559,316,50474,5834,204596,7614,812076,6149,1016672,California
Riverside,2021-05-22,6518,1786056,4547,968052,1781,767340,190,50664,3555,205413,2929,815005,3746,1020418,California
Riverside,2021-05-23,2450,1788506,1635,969687,739,768079,76,50740,1227,205505,1210,816215,1302,1021720,California
Riverside,2021-05-24,8605,1797111,5557,975244,2740,770819,308,51048,3835,204911,4736,820951,4142,1025862,California
Riverside,2021-05-25,9632,1806743,5750,980994,3621,774440,261,51309,3923,203422,5674,826625,4185,1030047,California
Riverside,2021-05-26,8832,1815575,5473,986467,3034,777474,325,51634,3980,202928,4802,831427,4308,1034355,California
Riverside,2021-05-27,8494,1824069,5089,991556,3172,780646,233,51867,4024,202764,4420,835847,4256,1038611,California
Riverside,2021-05-28,10639,1834708,6481,998037,3858,784504,300,52167,5030,202553,5543,841390,5332,1043943,California
Riverside,2021-05-29,4972,1839680,3386,1001423,1463,785967,123,52290,2835,203397,2116,843506,2960,1046903,California
Riverside,2021-05-30,1946,1841626,1405,1002828,477,786444,64,52354,1067,203656,872,844378,1131,1048034,California
Riverside,2021-05-31,867,1842493,491,1003319,343,786787,33,52387,332,203489,532,844910,365,1048399,California
Riverside,2021-06-01,9115,1851608,5643,1008962,3239,790026,233,52620,3599,201858,5463,850373,3832,1052231,California
Riverside,2021-06-02,7072,1858680,4297,1013259,2502,792528,273,52893,2867,200832,4165,854538,3139,1055370,California
Riverside,2021-06-03,7882,1866562,5253,1018512,2373,794901,256,53149,2860,198962,4984,859522,3114,1058484,California
Riverside,2021-06-04,10435,1876997,7446,1025958,2742,797643,247,53396,3774,196370,6613,866135,4021,1062505,California
Riverside,2021-06-05,6824,1883821,5009,1030967,1277,798920,538,53934,2194,194503,4601,870736,2734,1065239,California
Riverside,2021-06-06,2184,1886005,1847,1032814,285,799205,52,53986,795,193969,1382,872118,848,1066087,California
Riverside,2021-06-07,6734,1892739,5132,1037946,1381,800586,221,54207,2207,191901,4496,876614,2428,1068515,California
Riverside,2021-06-08,8608,1901347,6279,1044225,2082,802668,247,54454,2782,189164,5768,882382,3031,1071546,California
Riverside,2021-06-09,3423,1904770,2466,1046691,763,803431,194,54648,1013,187981,2387,884769,1204,1072750,California
Sacramento,2020-12-15,314,314,314,314,0,0,0,0,314,314,0,0,314,314,California
Sacramento,2020-12-16,648,962,648,962,0,0,0,0,648,962,0,0,648,962,California
Sacramento,2020-12-17,702,1664,702,1664,0,0,0,0,702,1664,0,0,702,1664,California
Sacramento,2020-12-18,1115,2779,1115,2779,0,0,0,0,1115,2779,0,0,1115,2779,California
Sacramento,2020-12-19,611,3390,611,3390,0,0,0,0,611,3390,0,0,611,3390,California
Sacramento,2020-12-20,637,4027,637,4027,0,0,0,0,637,4027,0,0,637,4027,California
Sacramento,2020-12-21,1678,5705,1678,5705,0,0,0,0,1679,5706,0,0,1679,5706,California
Sacramento,2020-12-22,2100,7805,2066,7771,34,34,0,0,2100,7806,0,0,2100,7806,California
Sacramento,2020-12-23,2258,10063,2084,9855,174,208,0,0,2258,10064,0,0,2258,10064,California
Sacramento,2020-12-24,1040,11103,828,10683,212,420,0,0,1040,11104,0,0,1040,11104,California
Sacramento,2020-12-25,1,11104,0,10683,1,421,0,0,1,11105,0,0,1,11105,California
Sacramento,2020-12-26,507,11611,288,10971,219,640,0,0,507,11612,0,0,507,11612,California
Sacramento,2020-12-27,357,11968,251,11222,106,746,0,0,357,11969,0,0,357,11969,California
Sacramento,2020-12-28,1906,13874,1325,12547,581,1327,0,0,1905,13873,1,1,1905,13874,California
Sacramento,2020-12-29,1966,15840,1198,13745,768,2095,0,0,1966,15839,0,1,1966,15840,California
Sacramento,2020-12-30,2560,18400,1456,15201,1104,3199,0,0,2561,18400,0,1,2561,18401,California
Sacramento,2020-12-31,1225,19625,690,15891,535,3734,0,0,1226,19626,0,1,1226,19627,California
Sacramento,2021-01-01,83,19708,71,15962,12,3746,0,0,83,19709,0,1,83,19710,California
Sacramento,2021-01-02,569,20277,367,16329,202,3948,0,0,569,20278,0,1,569,20279,California
Sacramento,2021-01-03,413,20690,224,16553,189,4137,0,0,413,20691,0,1,413,20692,California
Sacramento,2021-01-04,1949,22639,842,17395,1107,5244,0,0,1940,22623,8,9,1940,22632,California
Sacramento,2021-01-05,2213,24852,987,18382,1226,6470,0,0,1849,24115,364,373,1856,24488,California
Sacramento,2021-01-06,2735,27587,1622,20004,1113,7583,0,0,1936,25255,796,1169,1936,26424,California
Sacramento,2021-01-07,2841,30428,1513,21517,1328,8911,0,0,1911,26239,927,2096,1911,28335,California
Sacramento,2021-01-08,3288,33716,2085,23602,1203,10114,0,0,2170,27296,1114,3210,2171,30506,California
Sacramento,2021-01-09,1293,35009,799,24401,494,10608,0,0,898,27801,393,3603,898,31404,California
Sacramento,2021-01-10,1232,36241,709,25110,523,11131,0,0,764,28099,467,4070,765,32169,California
Sacramento,2021-01-11,4352,40593,2962,28072,1390,12521,0,0,2411,28582,1940,6010,2423,34592,California
Sacramento,2021-01-12,4581,45174,3202,31274,1379,13900,0,0,2609,29223,1972,7982,2613,37205,California
Sacramento,2021-01-13,3843,49017,2218,33492,1625,15525,0,0,2425,30233,1417,9399,2427,39632,California
Sacramento,2021-01-14,4617,53634,2324,35816,2293,17818,0,0,3707,33033,907,10306,3707,43339,California
Sacramento,2021-01-15,4441,58075,2252,38068,2189,20007,0,0,3730,36053,711,11017,3731,47070,California
Sacramento,2021-01-16,2083,60158,1277,39345,806,20813,0,0,1865,37700,218,11235,1865,48935,California
Sacramento,2021-01-17,1676,61834,980,40325,696,21509,0,0,1491,39009,185,11420,1494,50429,California
Sacramento,2021-01-18,2829,64663,1732,42057,1097,22606,0,0,2248,40680,580,12000,2251,52680,California
Sacramento,2021-01-19,4973,69636,3024,45081,1949,24555,0,0,3736,43181,1237,13237,3738,56418,California
Sacramento,2021-01-20,4830,74466,2858,47939,1972,26527,0,0,3602,45563,1230,14467,3612,60030,California
Sacramento,2021-01-21,5210,79676,3006,50945,2204,28731,0,0,4240,48842,964,15431,4243,64273,California
Sacramento,2021-01-22,5024,84700,2686,53631,2338,31069,0,0,4723,53266,300,15731,4724,68997,California
Sacramento,2021-01-23,3754,88454,1569,55200,2185,33254,0,0,3293,56098,461,16192,3293,72290,California
Sacramento,2021-01-24,1621,90075,1009,56209,612,33866,0,0,1378,57235,242,16434,1379,73669,California
Sacramento,2021-01-25,4411,94486,2163,58372,2248,36114,0,0,2947,58720,1464,17898,2949,76618,California
Sacramento,2021-01-26,4745,99231,2154,60526,2591,38705,0,0,3547,61073,1196,19094,3549,80167,California
Sacramento,2021-01-27,5873,105104,3062,63588,2811,41516,0,0,4254,63713,1616,20710,4256,84423,California
Sacramento,2021-01-28,5412,110516,2744,66332,2668,44184,0,0,4310,66924,1101,21811,4312,88735,California
Sacramento,2021-01-29,5416,115932,2941,69273,2475,46659,0,0,4396,70310,1011,22822,4397,93132,California
Sacramento,2021-01-30,4504,120436,2196,71469,2308,48967,0,0,4076,73960,426,23248,4076,97208,California
Sacramento,2021-01-31,2336,122772,2035,73504,301,49268,0,0,2057,75742,277,23525,2059,99267,California
Sacramento,2021-02-01,5940,128712,3035,76539,2905,52173,0,0,4258,78321,1679,25204,4258,103525,California
Sacramento,2021-02-02,7017,135729,3788,80327,3229,55402,0,0,4859,81042,2140,27344,4861,108386,California
Sacramento,2021-02-03,7146,142875,3606,83933,3540,58942,0,0,5282,84471,1855,29199,5284,113670,California
Sacramento,2021-02-04,7769,150644,3681,87614,4088,63030,0,0,5527,87765,2233,31432,5527,119197,California
Sacramento,2021-02-05,7860,158504,4483,92097,3377,66407,0,0,4923,89778,2914,34346,4927,124124,California
Sacramento,2021-02-06,8481,166985,3478,95575,5003,71410,0,0,7127,95554,1352,35698,7128,131252,California
Sacramento,2021-02-07,4068,171053,2193,97768,1875,73285,0,0,2880,97253,1183,36881,2882,134134,California
Sacramento,2021-02-08,6258,177311,3256,101024,3002,76287,0,0,3907,98813,2347,39228,3907,138041,California
Sacramento,2021-02-09,6769,184080,3553,104577,3216,79503,0,0,3994,100042,2766,41994,3995,142036,California
Sacramento,2021-02-10,7688,191768,4198,108775,3490,82993,0,0,4524,101418,3150,45144,4526,146562,California
Sacramento,2021-02-11,9604,201372,5738,114513,3866,86859,0,0,5509,102849,4080,49224,5511,152073,California
Sacramento,2021-02-12,10695,212067,4154,118667,6541,93400,0,0,6411,105040,4223,53447,6414,158487,California
Sacramento,2021-02-13,7689,219756,2992,121659,4697,98097,0,0,6092,109541,1592,55039,6093,164580,California
Sacramento,2021-02-14,3199,222955,1963,123622,1236,99333,0,0,2096,110540,1101,56140,2100,166680,California
Sacramento,2021-02-15,6011,228966,2057,125679,3954,103287,0,0,4177,112892,1828,57968,4180,170860,California
Sacramento,2021-02-16,9248,238214,4211,129890,5037,108324,0,0,5313,114281,3928,61896,5317,176177,California
Sacramento,2021-02-17,8851,247065,4995,134885,3856,112180,0,0,5148,115740,3691,65587,5150,181327,California
Sacramento,2021-02-18,9599,256664,5764,140649,3835,116015,0,0,5734,117622,3856,69443,5738,187065,California
Sacramento,2021-02-19,10091,266755,6186,146835,3905,119920,0,0,5980,119508,4100,73543,5986,193051,California
Sacramento,2021-02-20,7857,274612,5795,152630,2062,121982,0,0,4756,121171,3094,76637,4757,197808,California
Sacramento,2021-02-21,3065,277677,2424,155054,641,122623,0,0,1088,120289,1970,78607,1088,198896,California
Sacramento,2021-02-22,6326,284003,3824,158878,2502,125125,0,0,2785,119549,3529,82136,2789,201685,California
Sacramento,2021-02-23,7276,291279,4513,163391,2763,127888,0,0,3550,119394,3709,85845,3554,205239,California
Sacramento,2021-02-24,9842,301121,5425,168816,4417,132305,0,0,5376,120326,4450,90295,5382,210621,California
Sacramento,2021-02-25,11289,312410,6477,175293,4812,137117,0,0,6635,122323,4638,94933,6635,217256,California
Sacramento,2021-02-26,14419,326829,6802,182095,7617,144734,0,0,9887,127713,4501,99434,9891,227147,California
Sacramento,2021-02-27,11087,337916,6877,188972,4207,148941,3,3,8203,133058,2861,102295,8206,235353,California
Sacramento,2021-02-28,6203,344119,2341,191313,3862,152803,0,3,3105,133080,3084,105379,3106,238459,California
Sacramento,2021-03-01,8625,352744,3621,194934,5003,157806,1,4,4703,133887,3899,109278,4706,243165,California
Sacramento,2021-03-02,9306,362050,4049,198983,5256,163062,1,5,5708,136018,3581,112859,5712,248877,California
Sacramento,2021-03-03,10982,373032,5011,203994,5968,169030,3,8,6558,138178,4403,117262,6563,255440,California
Sacramento,2021-03-04,13488,386520,6202,210196,7282,176312,4,12,7498,139728,5958,123220,7508,262948,California
Sacramento,2021-03-05,10636,397156,4913,215109,5693,182005,30,42,7070,143284,3545,126765,7101,270049,California
Sacramento,2021-03-06,8136,405292,3122,218231,4892,186897,122,164,4126,143536,3995,130760,4247,274296,California
Sacramento,2021-03-07,7628,412920,2223,220454,5316,192213,89,253,3758,143516,3865,134625,3845,278141,California
Sacramento,2021-03-08,9124,422044,4266,224720,4634,196847,224,477,5963,146552,3149,137774,6185,284326,California
Sacramento,2021-03-09,9615,431659,4558,229278,4765,201612,292,769,5534,148315,4063,141837,5826,290152,California
Sacramento,2021-03-10,11792,443451,7529,236807,3910,205522,353,1122,6892,150698,4865,146702,7248,297400,California
Sacramento,2021-03-11,15063,458514,10006,246813,4232,209754,825,1947,8928,154351,6096,152798,9749,307149,California
Sacramento,2021-03-12,18055,476569,8345,255158,8849,218603,861,2808,8839,154893,9166,161964,9708,316857,California
Sacramento,2021-03-13,13027,489596,3583,258741,9015,227618,429,3237,7861,158023,5156,167120,8286,325143,California
Sacramento,2021-03-14,8400,497996,3475,262216,4290,231908,635,3872,4429,159139,3946,171066,5062,330205,California
Sacramento,2021-03-15,12241,510237,4865,267081,6714,238622,662,4534,7042,161670,5174,176240,7705,337910,California
Sacramento,2021-03-16,14025,524262,6231,273312,7142,245764,652,5186,8627,165581,5362,181602,9273,347183,California
Sacramento,2021-03-17,13768,538030,6622,279934,6510,252274,636,5822,8787,170052,4954,186556,9425,356608,California
Sacramento,2021-03-18,15697,553727,8223,288157,6882,259156,592,6414,9955,174890,5709,192265,10547,367155,California
Sacramento,2021-03-19,15628,569355,7990,296147,6264,265420,1374,7788,7897,176445,7705,199970,9260,376415,California
Sacramento,2021-03-20,12936,582291,7549,303696,5047,270467,340,8128,8050,179980,4857,204827,8392,384807,California
Sacramento,2021-03-21,5593,587884,2759,306455,2796,273263,38,8166,4858,184156,722,205549,4898,389705,California
Sacramento,2021-03-22,9390,597274,4810,311265,3728,276991,852,9018,6192,188030,3170,208719,7044,396749,California
Sacramento,2021-03-23,11354,608628,6764,318029,3780,280771,810,9828,7264,192052,4048,212767,8070,404819,California
Sacramento,2021-03-24,11864,620492,7267,325296,3966,284737,631,10459,6724,194350,5058,217825,7356,412175,California
Sacramento,2021-03-25,14171,634663,8361,333657,4986,289723,824,11283,8523,198089,5603,223428,9342,421517,California
Sacramento,2021-03-26,18268,652931,8929,342586,8848,298571,491,11774,9160,198703,9040,232468,9654,431171,California
Sacramento,2021-03-27,9691,662622,3576,346162,5825,304396,290,12064,5097,199523,4563,237031,5383,436554,California
Sacramento,2021-03-28,6530,669152,3226,349388,3055,307451,249,12313,2703,198660,3816,240847,2953,439507,California
Sacramento,2021-03-29,11024,680176,5901,355289,4748,312199,375,12688,4953,197947,6042,246889,5329,444836,California
Sacramento,2021-03-30,11856,692032,6087,361376,5380,317579,389,13077,6012,198528,5820,252709,6401,451237,California
Sacramento,2021-03-31,13454,705486,7874,369250,5182,322761,398,13475,5662,196818,7764,260473,6054,457291,California
Sacramento,2021-04-01,17460,722946,10476,379726,6748,329509,236,13711,7324,194293,10091,270564,7566,464857,California
Sacramento,2021-04-02,17146,740092,9700,389426,6700,336209,746,14457,9013,195951,8101,278665,9759,474616,California
Sacramento,2021-04-03,10454,750546,6247,395673,3659,339868,548,15005,6416,198903,4007,282672,6959,481575,California
Sacramento,2021-04-04,3729,754275,1530,397203,1991,341859,208,15213,1450,198284,2272,284944,1653,483228,California
Sacramento,2021-04-05,12059,766334,7567,404770,3653,345512,839,16052,5383,197859,6641,291585,6216,489444,California
Sacramento,2021-04-06,15658,781992,8876,413646,5442,350954,1340,17392,6926,197421,8699,300284,8261,497705,California
Sacramento,2021-04-07,14852,796844,8032,421678,5215,356169,1605,18997,7161,198526,7650,307934,8755,506460,California
Sacramento,2021-04-08,15062,811906,6778,428456,5304,361473,2980,21977,5998,198461,9029,316963,8964,515424,California
Sacramento,2021-04-09,18298,830204,9370,437826,6722,368195,2206,24183,7425,197249,10833,327796,9621,525045,California
Sacramento,2021-04-10,12842,843046,3837,441663,7785,375980,1220,25403,5320,196272,7492,335288,6515,531560,California
Sacramento,2021-04-11,10779,853825,4335,445998,6218,382198,226,25629,3841,193425,6914,342202,4067,535627,California
Sacramento,2021-04-12,12990,866815,5056,451054,6056,388254,1878,27507,4955,192276,7972,350174,6823,542450,California
Sacramento,2021-04-13,16272,883087,9955,461009,6314,394568,3,27510,7572,191192,8671,358845,7587,550037,California
Sacramento,2021-04-14,14943,898030,7967,468976,6974,401542,2,27512,5903,188104,9012,367857,5924,555961,California
Sacramento,2021-04-15,16367,914397,8412,477388,7952,409494,3,27515,6649,185087,9679,377536,6662,562623,California
Sacramento,2021-04-16,17384,931781,9608,486996,7776,417270,0,27515,7870,183485,9474,387010,7872,570495,California
Sacramento,2021-04-17,15297,947078,6143,493139,9154,426424,0,27515,11079,190370,4199,391209,11084,581579,California
Sacramento,2021-04-18,8439,955517,3069,496208,5370,431794,0,27515,3744,189439,4676,395885,3745,585324,California
Sacramento,2021-04-19,10560,966077,5718,501926,4837,436631,5,27520,4683,188272,5856,401741,4689,590013,California
Sacramento,2021-04-20,11105,977182,6744,508670,4358,440989,3,27523,5911,189019,5171,406912,5918,595931,California
Sacramento,2021-04-21,11487,988669,6641,515311,4844,445833,2,27525,6211,189981,5252,412164,6214,602145,California
Sacramento,2021-04-22,14818,1003487,9895,525206,4919,450752,4,27529,6812,188824,7975,420139,6818,608963,California
Sacramento,2021-04-23,15876,1019363,10012,535218,5864,456616,0,27529,7365,187716,8475,428614,7367,616330,California
Sacramento,2021-04-24,11333,1030696,7008,542226,4324,460940,1,27530,5935,188292,5361,433975,5937,622267,California
Sacramento,2021-04-25,7996,1038692,4482,546708,3514,464454,0,27530,4167,188645,3815,437790,4168,626435,California
Sacramento,2021-04-26,10605,1049297,6626,553334,3955,468409,24,27554,5013,188120,5563,443353,5038,631473,California
Sacramento,2021-04-27,12025,1061322,7888,561222,3981,472390,156,27710,5899,188082,6095,449448,6057,637530,California
Sacramento,2021-04-28,10480,1071802,5863,567085,4411,476801,206,27916,5816,189474,4635,454083,6027,643557,California
Sacramento,2021-04-29,10864,1082666,7310,574395,3249,480050,305,28221,6009,190967,4821,458904,6314,649871,California
Sacramento,2021-04-30,12464,1095130,7822,582217,4381,484431,261,28482,5874,190558,6545,465449,6136,656007,California
Sacramento,2021-05-01,7583,1102713,5475,587692,1933,486364,175,28657,2761,188705,4787,470236,2934,658941,California
Sacramento,2021-05-02,4984,1107697,4290,591982,543,486907,151,28808,2222,188338,2738,472974,2371,661312,California
Sacramento,2021-05-03,9115,1116812,7288,599270,1545,488452,282,29090,3959,187442,5133,478107,4237,665549,California
Sacramento,2021-05-04,9379,1126191,5695,604965,3374,491826,310,29400,3798,186011,5537,483644,4106,669655,California
Sacramento,2021-05-05,11068,1137259,5995,610960,4614,496440,459,29859,4519,184478,6506,490150,4973,674628,California
Sacramento,2021-05-06,11195,1148454,6201,617161,4686,501126,308,30167,4618,183146,6256,496406,4924,679552,California
Sacramento,2021-05-07,10608,1159062,6166,623327,4068,505194,374,30541,4468,181897,6091,502497,4842,684394,California
Sacramento,2021-05-08,8163,1167225,3817,627144,4116,509310,230,30771,2700,179393,5427,507924,2923,687317,California
Sacramento,2021-05-09,3149,1170374,1654,628798,1381,510691,114,30885,1172,178713,1966,509890,1286,688603,California
Sacramento,2021-05-10,8073,1178447,3743,632541,4063,514754,267,31152,1974,174888,6068,515958,2243,690846,California
Sacramento,2021-05-11,8277,1186724,5160,637701,2862,517616,255,31407,2880,172657,5366,521324,3135,693981,California
Sacramento,2021-05-12,8530,1195254,5125,642826,3150,520766,255,31662,3032,170478,5464,526788,3285,697266,California
Sacramento,2021-05-13,11629,1206883,7432,650258,3924,524690,273,31935,4443,168045,7149,533937,4716,701982,California
Sacramento,2021-05-14,12188,1219071,6893,657151,5006,529696,289,32224,5041,166282,7092,541029,5329,707311,California
Sacramento,2021-05-15,13065,1232136,7897,665048,5025,534721,143,32367,5790,164972,7239,548268,5929,713240,California
Sacramento,2021-05-16,7845,1239981,4092,669140,3640,538361,113,32480,2129,161524,5692,553960,2244,715484,California
Sacramento,2021-05-17,10382,1250363,6308,675448,3785,542146,289,32769,3974,159416,6374,560334,4266,719750,California
Sacramento,2021-05-18,9690,1260053,6084,681532,3397,545543,209,32978,3692,157366,5957,566291,3907,723657,California
Sacramento,2021-05-19,9749,1269802,6245,687777,3241,548784,263,33241,4523,156974,5184,571475,4792,728449,California
Sacramento,2021-05-20,9833,1279635,6470,694247,3101,551885,262,33503,3741,154934,6044,577519,4004,732453,California
Sacramento,2021-05-21,10038,1289673,6476,700723,3264,555149,298,33801,4388,154015,5611,583130,4692,737145,California
Sacramento,2021-05-22,7002,1296675,4441,705164,2417,557566,144,33945,3262,153710,3714,586844,3409,740554,California
Sacramento,2021-05-23,4042,1300717,2841,708005,1102,558668,99,34044,1894,153576,2128,588972,1994,742548,California
Sacramento,2021-05-24,7625,1308342,4567,712572,2750,561418,308,34352,2397,151095,5185,594157,2704,745252,California
Sacramento,2021-05-25,6635,1314977,3846,716418,2498,563916,291,34643,2366,149505,4246,598403,2656,747908,California
Sacramento,2021-05-26,8415,1323392,4670,721088,3436,567352,309,34952,2784,147013,5581,603984,3089,750997,California
Sacramento,2021-05-27,6651,1330043,3632,724720,2776,570128,243,35195,2967,146577,3646,607630,3210,754207,California
Sacramento,2021-05-28,8211,1338254,4566,729286,3284,573412,361,35556,3492,145750,4681,612311,3854,758061,California
Sacramento,2021-05-29,4358,1342612,2668,731954,1534,574946,156,35712,2226,146024,2108,614419,2382,760443,California
Sacramento,2021-05-30,1649,1344261,1036,732990,574,575520,39,35751,762,145945,880,615299,801,761244,California
Sacramento,2021-05-31,884,1345145,443,733433,428,575948,13,35764,315,145705,568,615867,328,761572,California
Sacramento,2021-06-01,6936,1352081,4171,737604,2559,578507,206,35970,2679,144372,4215,620082,2882,764454,California
Sacramento,2021-06-02,6076,1358157,3349,740953,2513,581020,214,36184,2318,143188,3714,623796,2530,766984,California
Sacramento,2021-06-03,7377,1365534,5036,745989,2159,583179,182,36366,2239,140508,5099,628895,2419,769403,California
Sacramento,2021-06-04,6978,1372512,4485,750474,2287,585466,206,36572,2260,138286,4688,633583,2466,771869,California
Sacramento,2021-06-05,6137,1378649,4507,754981,1492,586958,138,36710,1785,135879,4329,637912,1922,773791,California
Sacramento,2021-06-06,2298,1380947,1801,756782,447,587405,50,36760,769,135175,1523,639435,819,774610,California
Sacramento,2021-06-07,5508,1386455,3867,760649,1473,588878,168,36928,1575,133013,3903,643338,1741,776351,California
Sacramento,2021-06-08,5266,1391721,3632,764281,1461,590339,173,37101,1747,131438,3496,646834,1921,778272,California
Sacramento,2021-06-09,3824,1395545,2799,767080,902,591241,123,37224,840,129436,2965,649799,963,779235,California
San Benito,2020-12-16,29,29,29,29,0,0,0,0,29,29,0,0,29,29,California
San Benito,2020-12-17,48,77,48,77,0,0,0,0,48,77,0,0,48,77,California
San Benito,2020-12-18,72,149,72,149,0,0,0,0,72,149,0,0,72,149,California
San Benito,2020-12-19,48,197,48,197,0,0,0,0,48,197,0,0,48,197,California
San Benito,2020-12-20,23,220,23,220,0,0,0,0,23,220,0,0,23,220,California
San Benito,2020-12-21,78,298,78,298,0,0,0,0,78,298,0,0,78,298,California
San Benito,2020-12-22,102,400,102,400,0,0,0,0,102,400,0,0,102,400,California
San Benito,2020-12-23,86,486,74,474,12,12,0,0,86,486,0,0,86,486,California
San Benito,2020-12-24,13,499,5,479,8,20,0,0,13,499,0,0,13,499,California
San Benito,2020-12-25,3,502,3,482,0,20,0,0,3,502,0,0,3,502,California
San Benito,2020-12-26,13,515,4,486,9,29,0,0,13,515,0,0,13,515,California
San Benito,2020-12-27,8,523,7,493,1,30,0,0,8,523,0,0,8,523,California
San Benito,2020-12-28,63,586,36,529,27,57,0,0,63,586,0,0,63,586,California
San Benito,2020-12-29,49,635,21,550,28,85,0,0,49,635,0,0,49,635,California
San Benito,2020-12-30,59,694,37,587,22,107,0,0,59,694,0,0,59,694,California
San Benito,2020-12-31,19,713,2,589,17,124,0,0,19,713,0,0,19,713,California
San Benito,2021-01-02,24,737,23,612,1,125,0,0,24,737,0,0,24,737,California
San Benito,2021-01-03,3,740,1,613,2,127,0,0,3,740,0,0,3,740,California
San Benito,2021-01-04,62,802,24,637,38,165,0,0,62,802,0,0,62,802,California
San Benito,2021-01-05,121,923,37,674,84,249,0,0,118,917,3,3,118,920,California
San Benito,2021-01-06,102,1025,42,716,60,309,0,0,87,989,15,18,87,1007,California
San Benito,2021-01-07,104,1129,67,783,37,346,0,0,52,989,52,70,52,1059,California
San Benito,2021-01-08,182,1311,90,873,92,438,0,0,117,1041,65,135,117,1176,California
San Benito,2021-01-09,44,1355,31,904,13,451,0,0,31,1059,13,148,31,1207,California
San Benito,2021-01-10,17,1372,15,919,2,453,0,0,5,1052,12,160,5,1212,California
San Benito,2021-01-11,172,1544,107,1026,65,518,0,0,72,1024,100,260,72,1284,California
San Benito,2021-01-12,160,1704,56,1082,104,622,0,0,121,1106,39,299,121,1405,California
San Benito,2021-01-13,221,1925,64,1146,157,779,0,0,174,1233,47,346,174,1579,California
San Benito,2021-01-14,117,2042,23,1169,94,873,0,0,99,1314,18,364,99,1678,California
San Benito,2021-01-15,217,2259,21,1190,196,1069,0,0,203,1503,14,378,203,1881,California
San Benito,2021-01-16,25,2284,8,1198,17,1086,0,0,20,1518,5,383,20,1901,California
San Benito,2021-01-17,11,2295,5,1203,6,1092,0,0,8,1523,3,386,8,1909,California
San Benito,2021-01-18,37,2332,23,1226,14,1106,0,0,22,1530,15,401,22,1931,California
San Benito,2021-01-19,151,2483,65,1291,86,1192,0,0,124,1627,27,428,124,2055,California
San Benito,2021-01-20,276,2759,95,1386,181,1373,0,0,230,1812,45,473,230,2285,California
San Benito,2021-01-21,124,2883,32,1418,92,1465,0,0,99,1886,25,498,99,2384,California
San Benito,2021-01-22,236,3119,19,1437,217,1682,0,0,226,2102,10,508,226,2610,California
San Benito,2021-01-23,30,3149,16,1453,14,1696,0,0,12,2096,18,526,12,2622,California
San Benito,2021-01-24,9,3158,3,1456,6,1702,0,0,5,2097,4,530,5,2627,California
San Benito,2021-01-25,66,3224,24,1480,42,1744,0,0,20,2071,46,576,20,2647,California
San Benito,2021-01-26,136,3360,41,1521,95,1839,0,0,84,2103,52,628,84,2731,California
San Benito,2021-01-27,231,3591,70,1591,161,2000,0,0,191,2254,40,668,191,2922,California
San Benito,2021-01-28,153,3744,32,1623,121,2121,0,0,122,2346,30,698,122,3044,California
San Benito,2021-01-29,291,4035,33,1656,258,2379,0,0,267,2590,23,721,267,3311,California
San Benito,2021-01-30,52,4087,33,1689,19,2398,0,0,28,2594,24,745,28,3339,California
San Benito,2021-01-31,15,4102,4,1693,11,2409,0,0,10,2599,5,750,10,3349,California
San Benito,2021-02-01,133,4235,28,1721,105,2514,0,0,90,2646,43,793,90,3439,California
San Benito,2021-02-02,231,4466,49,1770,182,2696,0,0,137,2689,94,887,137,3576,California
San Benito,2021-02-03,343,4809,43,1813,300,2996,0,0,273,2892,70,957,273,3849,California
San Benito,2021-02-04,167,4976,25,1838,142,3138,0,0,122,2969,45,1002,122,3971,California
San Benito,2021-02-05,297,5273,40,1878,257,3395,0,0,234,3140,63,1065,234,4205,California
San Benito,2021-02-06,46,5319,8,1886,38,3433,0,0,29,3152,17,1082,29,4234,California
San Benito,2021-02-07,15,5334,6,1892,9,3442,0,0,14,3165,1,1083,14,4248,California
San Benito,2021-02-08,139,5473,16,1908,123,3565,0,0,93,3212,46,1129,93,4341,California
San Benito,2021-02-09,326,5799,61,1969,265,3830,0,0,193,3272,133,1262,193,4534,California
San Benito,2021-02-10,323,6122,88,2057,235,4065,0,0,114,3178,208,1470,114,4648,California
San Benito,2021-02-11,298,6420,33,2090,265,4330,0,0,199,3278,99,1569,199,4847,California
San Benito,2021-02-12,420,6840,31,2121,389,4719,0,0,211,3281,208,1777,211,5058,California
San Benito,2021-02-13,55,6895,7,2128,48,4767,0,0,44,3314,11,1788,44,5102,California
San Benito,2021-02-14,40,6935,5,2133,35,4802,0,0,30,3334,10,1798,30,5132,California
San Benito,2021-02-15,106,7041,10,2143,96,4898,0,0,95,3418,11,1809,95,5227,California
San Benito,2021-02-16,210,7251,12,2155,198,5096,0,0,105,3419,105,1914,106,5333,California
San Benito,2021-02-17,330,7581,30,2185,300,5396,0,0,281,3651,49,1963,281,5614,California
San Benito,2021-02-18,292,7873,36,2221,256,5652,0,0,70,3499,222,2185,70,5684,California
San Benito,2021-02-19,350,8223,50,2271,300,5952,0,0,181,3511,169,2354,181,5865,California
San Benito,2021-02-20,45,8268,24,2295,21,5973,0,0,35,3536,10,2364,35,5900,California
San Benito,2021-02-21,25,8293,11,2306,14,5987,0,0,17,3545,8,2372,17,5917,California
San Benito,2021-02-22,135,8428,36,2342,99,6086,0,0,101,3613,33,2405,101,6018,California
San Benito,2021-02-23,375,8803,93,2435,282,6368,0,0,261,3760,114,2519,261,6279,California
San Benito,2021-02-24,384,9187,67,2502,317,6685,0,0,245,3866,139,2658,245,6524,California
San Benito,2021-02-25,396,9583,68,2570,328,7013,0,0,275,4018,123,2781,275,6799,California
San Benito,2021-02-26,657,10240,75,2645,582,7595,0,0,409,4179,248,3029,409,7208,California
San Benito,2021-02-27,109,10349,45,2690,64,7659,0,0,91,4252,18,3047,91,7299,California
San Benito,2021-02-28,254,10603,29,2719,225,7884,0,0,245,4488,9,3056,245,7544,California
San Benito,2021-03-01,232,10835,60,2779,172,8056,0,0,162,4579,71,3127,162,7706,California
San Benito,2021-03-02,281,11116,93,2872,188,8244,0,0,212,4722,69,3196,212,7918,California
San Benito,2021-03-03,404,11520,59,2931,345,8589,0,0,226,4772,176,3372,226,8144,California
San Benito,2021-03-04,620,12140,128,3059,477,9066,15,15,433,5022,187,3559,437,8581,California
San Benito,2021-03-05,587,12727,306,3365,269,9335,12,27,372,5193,213,3772,384,8965,California
San Benito,2021-03-06,198,12925,72,3437,112,9447,14,41,147,5303,51,3823,161,9126,California
San Benito,2021-03-07,646,13571,602,4039,21,9468,23,64,614,5908,32,3855,637,9763,California
San Benito,2021-03-08,293,13864,68,4107,178,9646,47,111,169,6000,124,3979,216,9979,California
San Benito,2021-03-09,428,14292,84,4191,244,9890,100,211,139,5924,288,4267,212,10191,California
San Benito,2021-03-10,406,14698,116,4307,194,10084,96,307,233,6080,173,4440,329,10520,California
San Benito,2021-03-11,475,15173,121,4428,199,10283,155,462,210,6180,265,4705,365,10885,California
San Benito,2021-03-12,521,15694,122,4550,306,10589,93,555,232,6219,287,4992,326,11211,California
San Benito,2021-03-13,199,15893,98,4648,83,10672,18,573,128,6297,68,5060,146,11357,California
San Benito,2021-03-14,233,16126,40,4688,173,10845,20,593,179,6443,53,5113,199,11556,California
San Benito,2021-03-15,323,16449,100,4788,204,11049,19,612,191,6521,132,5245,210,11766,California
San Benito,2021-03-16,506,16955,220,5008,254,11303,32,644,353,6751,153,5398,383,12149,California
San Benito,2021-03-17,798,17753,482,5490,294,11597,22,666,565,7101,229,5627,579,12728,California
San Benito,2021-03-18,789,18542,529,6019,207,11804,53,719,573,7503,215,5842,617,13345,California
San Benito,2021-03-19,776,19318,402,6421,351,12155,23,742,573,7896,203,6045,596,13941,California
San Benito,2021-03-20,250,19568,152,6573,85,12240,13,755,187,8033,63,6108,200,14141,California
San Benito,2021-03-21,111,19679,58,6631,48,12288,5,760,81,8089,30,6138,86,14227,California
San Benito,2021-03-22,355,20034,173,6804,157,12445,25,785,222,8203,133,6271,247,14474,California
San Benito,2021-03-23,482,20516,204,7008,268,12713,10,795,221,8172,261,6532,230,14704,California
San Benito,2021-03-24,583,21099,310,7318,266,12979,7,802,366,8329,216,6748,373,15077,California
San Benito,2021-03-25,747,21846,445,7763,298,13277,4,806,442,8474,301,7049,446,15523,California
San Benito,2021-03-26,1025,22871,521,8284,499,13776,5,811,337,8129,687,7736,342,15865,California
San Benito,2021-03-27,342,23213,192,8476,117,13893,33,844,220,8260,122,7858,253,16118,California
San Benito,2021-03-28,731,23944,604,9080,121,14014,6,850,128,7791,603,8461,134,16252,California
San Benito,2021-03-29,345,24289,110,9190,215,14229,20,870,144,7753,201,8662,163,16415,California
San Benito,2021-03-30,581,24870,273,9463,212,14441,96,966,294,7856,287,8949,390,16805,California
San Benito,2021-03-31,600,25470,369,9832,207,14648,24,990,343,7969,254,9203,367,17172,California
San Benito,2021-04-01,960,26430,385,10217,536,15184,39,1029,571,8185,388,9591,604,17776,California
San Benito,2021-04-02,538,26968,260,10477,142,15326,136,1165,263,8310,274,9865,399,18175,California
San Benito,2021-04-03,260,27228,88,10565,107,15433,65,1230,75,8265,185,10050,140,18315,California
San Benito,2021-04-04,143,27371,107,10672,30,15463,6,1236,105,8338,38,10088,111,18426,California
San Benito,2021-04-05,358,27729,171,10843,143,15606,44,1280,147,8317,211,10299,190,18616,California
San Benito,2021-04-06,470,28199,166,11009,126,15732,178,1458,161,8347,309,10608,339,18955,California
San Benito,2021-04-07,949,29148,530,11539,230,15962,189,1647,268,8125,679,11287,457,19412,California
San Benito,2021-04-08,862,30010,431,11970,179,16141,252,1899,225,7966,636,11923,477,19889,California
San Benito,2021-04-09,850,30860,502,12472,256,16397,92,1991,295,7798,555,12478,387,20276,California
San Benito,2021-04-10,347,31207,208,12680,77,16474,62,2053,193,7899,154,12632,255,20531,California
San Benito,2021-04-11,477,31684,273,12953,170,16644,34,2087,269,7973,208,12840,282,20813,California
San Benito,2021-04-12,533,32217,284,13237,134,16778,115,2202,279,8110,253,13093,390,21203,California
San Benito,2021-04-13,758,32975,297,13534,438,17216,23,2225,524,8425,233,13326,548,21751,California
San Benito,2021-04-14,841,33816,662,14196,179,17395,0,2225,399,8387,437,13763,399,22150,California
San Benito,2021-04-15,950,34766,738,14934,211,17606,1,2226,474,8387,475,14238,475,22625,California
San Benito,2021-04-16,700,35466,365,15299,324,17930,11,2237,293,8288,404,14642,305,22930,California
San Benito,2021-04-17,321,35787,224,15523,97,18027,0,2237,128,8221,195,14837,128,23058,California
San Benito,2021-04-18,490,36277,409,15932,81,18108,0,2237,233,8199,257,15094,235,23293,California
San Benito,2021-04-19,740,37017,592,16524,148,18256,0,2237,420,8301,319,15413,421,23714,California
San Benito,2021-04-20,774,37791,402,16926,370,18626,2,2239,490,8513,279,15692,491,24205,California
San Benito,2021-04-21,957,38748,702,17628,255,18881,0,2239,516,8602,427,16119,516,24721,California
San Benito,2021-04-22,901,39649,694,18322,207,19088,0,2239,569,8847,324,16443,569,25290,California
San Benito,2021-04-23,633,40282,399,18721,233,19321,1,2240,343,8949,241,16684,343,25633,California
San Benito,2021-04-24,366,40648,204,18925,162,19483,0,2240,172,8966,155,16839,172,25805,California
San Benito,2021-04-25,205,40853,127,19052,78,19561,0,2240,94,8967,93,16932,94,25899,California
San Benito,2021-04-26,492,41345,388,19440,104,19665,0,2240,258,9052,173,17105,258,26157,California
San Benito,2021-04-27,555,41900,280,19720,268,19933,7,2247,408,9330,137,17242,415,26572,California
San Benito,2021-04-28,554,42454,390,20110,155,20088,9,2256,392,9573,157,17399,400,26972,California
San Benito,2021-04-29,634,43088,232,20342,392,20480,10,2266,256,9478,378,17777,283,27255,California
San Benito,2021-04-30,378,43466,210,20552,161,20641,7,2273,204,9517,172,17949,211,27466,California
San Benito,2021-05-01,199,43665,144,20696,46,20687,9,2282,65,9459,132,18081,74,27540,California
San Benito,2021-05-02,191,43856,163,20859,24,20711,4,2286,59,9390,132,18213,63,27603,California
San Benito,2021-05-03,361,44217,284,21143,67,20778,10,2296,86,9213,275,18488,98,27701,California
San Benito,2021-05-04,407,44624,246,21389,153,20931,8,2304,151,9117,254,18742,158,27859,California
San Benito,2021-05-05,604,45228,421,21810,167,21098,16,2320,211,8954,390,19132,227,28086,California
San Benito,2021-05-06,614,45842,487,22297,112,21210,15,2335,223,8805,387,19519,238,28324,California
San Benito,2021-05-07,448,46290,282,22579,155,21365,11,2346,174,8719,272,19791,186,28510,California
San Benito,2021-05-08,275,46565,225,22804,45,21410,5,2351,157,8763,118,19909,162,28672,California
San Benito,2021-05-09,101,46666,76,22880,22,21432,3,2354,48,8761,53,19962,51,28723,California
San Benito,2021-05-10,414,47080,326,23206,64,21496,24,2378,51,8474,363,20325,76,28799,California
San Benito,2021-05-11,817,47897,407,23613,395,21891,15,2393,182,8039,633,20958,198,28997,California
San Benito,2021-05-12,495,48392,389,24002,92,21983,14,2407,116,7793,377,21335,131,29128,California
San Benito,2021-05-13,686,49078,585,24587,91,22074,10,2417,175,7469,508,21843,184,29312,California
San Benito,2021-05-14,596,49674,441,25028,148,22222,7,2424,232,7345,363,22206,239,29551,California
San Benito,2021-05-15,229,49903,173,25201,50,22272,6,2430,127,7376,102,22308,133,29684,California
San Benito,2021-05-16,168,50071,140,25341,26,22298,2,2432,92,7394,76,22384,94,29778,California
San Benito,2021-05-17,390,50461,315,25656,65,22363,10,2442,179,7374,209,22593,189,29967,California
San Benito,2021-05-18,667,51128,348,26004,314,22677,5,2447,208,7129,459,23052,214,30181,California
San Benito,2021-05-19,570,51698,417,26421,145,22822,8,2455,229,7025,341,23393,237,30418,California
San Benito,2021-05-20,579,52277,465,26886,103,22925,11,2466,314,7086,264,23657,325,30743,California
San Benito,2021-05-21,464,52741,277,27163,172,23097,15,2481,219,7077,243,23900,234,30977,California
San Benito,2021-05-22,288,53029,222,27385,61,23158,5,2486,180,7158,106,24006,187,31164,California
San Benito,2021-05-23,83,53112,51,27436,28,23186,4,2490,32,7142,51,24057,35,31199,California
San Benito,2021-05-24,298,53410,250,27686,41,23227,7,2497,185,7221,113,24170,192,31391,California
San Benito,2021-05-25,527,53937,241,27927,279,23506,7,2504,172,7047,353,24523,179,31570,California
San Benito,2021-05-26,296,54233,178,28105,112,23618,6,2510,116,6989,179,24702,121,31691,California
San Benito,2021-05-27,405,54638,309,28414,73,23691,23,2533,148,6906,257,24959,174,31865,California
San Benito,2021-05-28,286,54924,176,28590,103,23794,7,2540,111,6850,174,25133,118,31983,California
San Benito,2021-05-29,148,55072,126,28716,20,23814,2,2542,63,6830,85,25218,65,32048,California
San Benito,2021-05-30,271,55343,256,28972,15,23829,0,2542,94,6748,176,25394,94,32142,California
San Benito,2021-05-31,102,55445,89,29061,11,23840,2,2544,45,6739,56,25450,47,32189,California
San Benito,2021-06-01,267,55712,120,29181,121,23961,26,2570,98,6694,168,25618,123,32312,California
San Benito,2021-06-02,322,56034,242,29423,77,24038,3,2573,119,6614,203,25821,123,32435,California
San Benito,2021-06-03,340,56374,289,29712,44,24082,7,2580,134,6552,203,26024,141,32576,California
San Benito,2021-06-04,266,56640,197,29909,69,24151,0,2580,84,6455,181,26205,84,32660,California
San Benito,2021-06-05,92,56732,74,29983,17,24168,1,2581,19,6404,71,26276,20,32680,California
San Benito,2021-06-06,60,56792,50,30033,7,24175,3,2584,16,6380,43,26319,19,32699,California
San Benito,2021-06-07,331,57123,296,30329,30,24205,5,2589,84,6224,245,26564,89,32788,California
San Benito,2021-06-08,308,57431,217,30546,77,24282,14,2603,99,6129,208,26772,113,32901,California
San Benito,2021-06-09,144,57575,101,30647,37,24319,6,2609,38,6068,105,26877,44,32945,California
San Bernardino,2020-12-15,13,13,13,13,0,0,0,0,13,13,0,0,13,13,California
San Bernardino,2020-12-16,113,126,113,126,0,0,0,0,113,126,0,0,113,126,California
San Bernardino,2020-12-17,2369,2495,2369,2495,0,0,0,0,2369,2495,0,0,2369,2495,California
San Bernardino,2020-12-18,3155,5650,3152,5647,3,3,0,0,3156,5651,0,0,3156,5651,California
San Bernardino,2020-12-19,1074,6724,1073,6720,1,4,0,0,1075,6726,0,0,1075,6726,California
San Bernardino,2020-12-20,1174,7898,1171,7891,3,7,0,0,1174,7900,0,0,1174,7900,California
San Bernardino,2020-12-21,2467,10365,2462,10353,5,12,0,0,2467,10367,0,0,2467,10367,California
San Bernardino,2020-12-22,2284,12649,2154,12507,130,142,0,0,2284,12651,0,0,2284,12651,California
San Bernardino,2020-12-23,2671,15320,1468,13975,1203,1345,0,0,2669,15320,0,0,2669,15320,California
San Bernardino,2020-12-24,1166,16486,587,14562,579,1924,0,0,1167,16487,0,0,1167,16487,California
San Bernardino,2020-12-25,75,16561,14,14576,61,1985,0,0,75,16562,0,0,75,16562,California
San Bernardino,2020-12-26,462,17023,254,14830,208,2193,0,0,462,17024,0,0,462,17024,California
San Bernardino,2020-12-27,346,17369,160,14990,186,2379,0,0,346,17370,0,0,346,17370,California
San Bernardino,2020-12-28,1581,18950,718,15708,863,3242,0,0,1582,18952,0,0,1582,18952,California
San Bernardino,2020-12-29,2223,21173,1046,16754,1177,4419,0,0,2223,21175,0,0,2223,21175,California
San Bernardino,2020-12-30,2897,24070,1457,18211,1440,5859,0,0,2897,24072,0,0,2897,24072,California
San Bernardino,2020-12-31,1369,25439,442,18653,927,6786,0,0,1367,25439,0,0,1367,25439,California
San Bernardino,2021-01-01,285,25724,153,18806,132,6918,0,0,284,25723,0,0,284,25723,California
San Bernardino,2021-01-02,480,26204,340,19146,140,7058,0,0,480,26203,0,0,480,26203,California
San Bernardino,2021-01-03,138,26342,87,19233,51,7109,0,0,138,26341,0,0,138,26341,California
San Bernardino,2021-01-04,2135,28477,1295,20528,840,7949,0,0,2134,28475,0,0,2134,28475,California
San Bernardino,2021-01-05,2339,30816,1464,21992,875,8824,0,0,2229,30595,109,109,2229,30704,California
San Bernardino,2021-01-06,3457,34273,2362,24354,1095,9919,0,0,2958,33061,493,602,2959,33663,California
San Bernardino,2021-01-07,5435,39708,4516,28870,919,10838,0,0,2481,32608,2935,3537,2482,36145,California
San Bernardino,2021-01-08,5372,45080,4447,33317,925,11763,0,0,2288,31818,3080,6617,2290,38435,California
San Bernardino,2021-01-09,1405,46485,1102,34419,303,12066,0,0,905,32223,500,7117,905,39340,California
San Bernardino,2021-01-10,1025,47510,599,35018,426,12492,0,0,575,32348,450,7567,575,39915,California
San Bernardino,2021-01-11,4985,52495,4082,39100,903,13395,0,0,2760,32887,2221,9788,2760,42675,California
San Bernardino,2021-01-12,4231,56726,3210,42310,1021,14416,0,0,2508,33675,1720,11508,2508,45183,California
San Bernardino,2021-01-13,4584,61310,2854,45164,1730,16146,0,0,3356,35816,1216,12724,3357,48540,California
San Bernardino,2021-01-14,4821,66131,2843,48007,1978,18124,0,0,4235,39469,582,13306,4235,52775,California
San Bernardino,2021-01-15,5992,72123,2978,50985,3014,21138,0,0,5594,44676,390,13696,5597,58372,California
San Bernardino,2021-01-16,2260,74383,1289,52274,971,22109,0,0,2118,46652,142,13838,2118,60490,California
San Bernardino,2021-01-17,1180,75563,506,52780,674,22783,0,0,1096,47667,83,13921,1098,61588,California
San Bernardino,2021-01-18,4278,79841,2644,55424,1634,24417,0,0,3654,50700,624,14545,3657,65245,California
San Bernardino,2021-01-19,6331,86172,3718,59142,2613,27030,0,0,5241,54855,1088,15633,5243,70488,California
San Bernardino,2021-01-20,6852,93024,3769,62911,3083,30113,0,0,4901,57818,1944,17577,4907,75395,California
San Bernardino,2021-01-21,5999,99023,3085,65996,2914,33027,0,0,4884,61598,1107,18684,4887,80282,California
San Bernardino,2021-01-22,6539,105562,3056,69052,3483,36510,0,0,5812,66689,725,19409,5816,86098,California
San Bernardino,2021-01-23,3125,108687,1899,70951,1226,37736,0,0,2733,69031,391,19800,2733,88831,California
San Bernardino,2021-01-24,1198,109885,462,71413,736,38472,0,0,1095,70023,103,19903,1095,89926,California
San Bernardino,2021-01-25,6901,116786,3411,74824,3490,41962,0,0,5056,73242,1842,21745,5061,94987,California
San Bernardino,2021-01-26,7060,123846,3516,78340,3544,45506,0,0,4954,76094,2105,23850,4957,99944,California
San Bernardino,2021-01-27,8550,132396,4163,82503,4387,49893,0,0,5734,79022,2808,26658,5736,105680,California
San Bernardino,2021-01-28,8603,140999,4085,86588,4518,54411,0,0,6280,82985,2318,28976,6281,111961,California
San Bernardino,2021-01-29,8209,149208,3778,90366,4431,58842,0,0,6233,87257,1962,30938,6234,118195,California
San Bernardino,2021-01-30,3094,152302,1896,92262,1198,60040,0,0,2803,89771,289,31227,2803,120998,California
San Bernardino,2021-01-31,929,153231,491,92753,438,60478,0,0,875,90593,53,31280,875,121873,California
San Bernardino,2021-02-01,7583,160814,4255,97008,3328,63806,0,0,4951,92916,2629,33909,4952,126825,California
San Bernardino,2021-02-02,10467,171281,3656,100664,6811,70617,0,0,8403,99260,2060,35969,8404,135229,California
San Bernardino,2021-02-03,9020,180301,4156,104820,4864,75481,0,0,6516,103280,2497,38466,6517,141746,California
San Bernardino,2021-02-04,10512,190813,5172,109992,5340,80821,0,0,7415,107609,3086,41552,7415,149161,California
San Bernardino,2021-02-05,11038,201851,5924,115916,5114,85935,0,0,7494,111571,3533,45085,7495,156656,California
San Bernardino,2021-02-06,5280,207131,2216,118132,3064,88999,0,0,3645,113608,1611,46696,3648,160304,California
San Bernardino,2021-02-07,846,207977,492,118624,354,89353,0,0,470,113706,373,47069,471,160775,California
San Bernardino,2021-02-08,7298,215275,3892,122516,3406,92759,0,0,5626,117661,1671,48740,5626,166401,California
San Bernardino,2021-02-09,10160,225435,5917,128433,4243,97002,0,0,6856,121218,3302,52042,6859,173260,California
San Bernardino,2021-02-10,12100,237535,6461,134894,5639,102641,0,0,7977,125081,4115,56157,7978,181238,California
San Bernardino,2021-02-11,12469,250004,7155,142049,5314,107955,0,0,7944,128527,4501,60658,7947,189185,California
San Bernardino,2021-02-12,10427,260431,5952,148001,4475,112430,0,0,5687,129491,4723,65381,5687,194872,California
San Bernardino,2021-02-13,6058,266489,4032,152033,2026,114456,0,0,3811,131076,2231,67612,3816,198688,California
San Bernardino,2021-02-14,1554,268043,649,152682,905,115361,0,0,874,131277,673,68285,874,199562,California
San Bernardino,2021-02-15,5485,273528,3000,155682,2485,117846,0,0,3067,131940,2404,70689,3067,202629,California
San Bernardino,2021-02-16,12603,286131,7356,163038,5247,123093,0,0,7965,135281,4625,75314,7966,210595,California
San Bernardino,2021-02-17,11820,297951,6470,169508,5350,128443,0,0,7156,137794,4645,79959,7158,217753,California
San Bernardino,2021-02-18,12494,310445,7590,177098,4904,133347,0,0,7710,140735,4770,84729,7711,225464,California
San Bernardino,2021-02-19,11557,322002,5959,183057,5598,138945,0,0,6837,142873,4699,89428,6837,232301,California
San Bernardino,2021-02-20,4532,326534,3478,186535,1054,139999,0,0,2047,142441,2481,91909,2049,234350,California
San Bernardino,2021-02-21,1137,327671,678,187213,459,140458,0,0,396,142096,741,92650,396,234746,California
San Bernardino,2021-02-22,8690,336361,5355,192568,3335,143793,0,0,4050,141519,4629,97279,4052,238798,California
San Bernardino,2021-02-23,9172,345533,5454,198022,3718,147511,0,0,4634,141640,4513,101792,4634,243432,California
San Bernardino,2021-02-24,12486,358019,7185,205207,5301,152812,0,0,6176,141527,6290,108082,6177,249609,California
San Bernardino,2021-02-25,13131,371150,6293,211500,6838,159650,0,0,7659,143736,5453,113535,7662,257271,California
San Bernardino,2021-02-26,13620,384770,6386,217886,7234,166884,0,0,7591,145362,5967,119502,7593,264864,California
San Bernardino,2021-02-27,6669,391439,3730,221616,2938,169822,1,1,4814,148330,1847,121349,4815,269679,California
San Bernardino,2021-02-28,1779,393218,742,222358,1037,170859,0,1,1141,148840,631,121980,1141,270820,California
San Bernardino,2021-03-01,8471,401689,4371,226729,4097,174956,3,4,3850,148106,4595,126575,3861,274681,California
San Bernardino,2021-03-02,13891,415580,5559,232288,8332,183288,0,4,6560,147368,7301,133876,6563,281244,California
San Bernardino,2021-03-03,12910,428490,6561,238849,6346,189634,3,7,6036,146561,6852,140728,6045,287289,California
San Bernardino,2021-03-04,13797,442287,6930,245779,6867,196501,0,7,5999,144787,7777,148505,6003,293292,California
San Bernardino,2021-03-05,14433,456720,7539,253318,6893,203394,1,8,7043,144491,7358,155863,7062,300354,California
San Bernardino,2021-03-06,9746,466466,5462,258780,4060,207454,224,232,4549,144083,5179,161042,4771,305125,California
San Bernardino,2021-03-07,1670,468136,1009,259789,590,208044,71,303,1052,144590,616,161658,1123,306248,California
San Bernardino,2021-03-08,8120,476256,3594,263383,4354,212398,172,475,3609,143871,4503,166161,3784,310032,California
San Bernardino,2021-03-09,13091,489347,7486,270869,5357,217755,248,723,5281,141606,7795,173956,5530,315562,California
San Bernardino,2021-03-10,14237,503584,7859,278728,5823,223578,555,1278,6376,140705,7834,181790,6933,322495,California
San Bernardino,2021-03-11,15650,519234,7254,285982,6803,230381,1593,2871,7407,141480,8220,190010,8995,331490,California
San Bernardino,2021-03-12,15579,534813,6951,292933,6579,236960,2049,4920,7361,142749,8188,198198,9457,340947,California
San Bernardino,2021-03-13,8409,543222,4584,297517,3308,240268,517,5437,4986,144844,3412,201610,5507,346454,California
San Bernardino,2021-03-14,3297,546519,1671,299188,1045,241313,581,6018,1843,145815,1447,203057,2418,348872,California
San Bernardino,2021-03-15,11420,557939,5386,304574,4001,245314,2033,8051,5603,147641,5802,208859,7628,356500,California
San Bernardino,2021-03-16,16230,574169,8035,312609,7251,252565,944,8995,9919,152217,6284,215143,10860,367360,California
San Bernardino,2021-03-17,17398,591567,8638,321247,8011,260576,749,9744,10545,156677,6835,221978,11295,378655,California
San Bernardino,2021-03-18,16680,608247,8253,329500,8039,268615,388,10132,9862,160133,6792,228770,10248,388903,California
San Bernardino,2021-03-19,17022,625269,8443,337943,7983,276598,596,10728,9770,163324,7227,235997,10418,399321,California
San Bernardino,2021-03-20,9465,634734,5972,343915,2899,279497,594,11322,5605,165682,3836,239833,6194,405515,California
San Bernardino,2021-03-21,2806,637540,2283,346198,472,279969,51,11373,2259,167458,534,240367,2310,407825,California
San Bernardino,2021-03-22,9631,647171,4524,350722,4670,284639,437,11810,6976,172237,2634,243001,7413,415238,California
San Bernardino,2021-03-23,15531,662702,8807,359529,6104,290743,620,12430,9605,176557,5904,248905,10224,425462,California
San Bernardino,2021-03-24,15195,677897,7843,367372,7047,297790,305,12735,10096,181895,5064,253969,10402,435864,California
San Bernardino,2021-03-25,17059,694956,8371,375743,8386,306176,302,13037,10805,186793,6204,260173,11102,446966,California
San Bernardino,2021-03-26,18253,713209,8693,384436,8790,314966,770,13807,10918,191178,7303,267476,11688,458654,California
San Bernardino,2021-03-27,10869,724078,7021,391457,3094,318060,754,14561,6200,193482,4649,272125,6953,465607,California
San Bernardino,2021-03-28,3627,727705,2554,394011,960,319020,113,14674,2514,195005,1103,273228,2626,468233,California
San Bernardino,2021-03-29,11805,739510,6135,400146,5269,324289,401,15075,7971,199563,3816,277044,8374,476607,California
San Bernardino,2021-03-30,17018,756528,9502,409648,6800,331089,716,15791,10542,204373,6439,283483,11249,487856,California
San Bernardino,2021-03-31,16617,773145,9360,419008,6618,337707,639,16430,10932,210287,5655,289138,11569,499425,California
San Bernardino,2021-04-01,19866,793011,10493,429501,7945,345652,1428,17858,12787,217458,7035,296173,14206,513631,California
San Bernardino,2021-04-02,18932,811943,9543,439044,8099,353751,1290,19148,11442,222770,7461,303634,12773,526404,California
San Bernardino,2021-04-03,11178,823121,6990,446034,3050,356801,1138,20286,6076,224896,5082,308716,7208,533612,California
San Bernardino,2021-04-04,2504,825625,1508,447542,746,357547,250,20536,1264,225177,1233,309949,1514,535126,California
San Bernardino,2021-04-05,11803,837428,5302,452844,4764,362311,1737,22273,6020,227166,5762,315711,7751,542877,California
San Bernardino,2021-04-06,19801,857229,11145,463989,6535,368846,2121,24394,10462,230449,9293,325004,12576,555453,California
San Bernardino,2021-04-07,21059,878288,11263,475252,7307,376153,2489,26883,11488,234874,9541,334545,13966,569419,California
San Bernardino,2021-04-08,21996,900284,11260,486512,8117,384270,2619,29502,12098,239712,9872,344417,14710,584129,California
San Bernardino,2021-04-09,21852,922136,11121,497633,8150,392420,2581,32083,11887,244243,9928,354345,14459,598588,California
San Bernardino,2021-04-10,15738,937874,8146,505779,3854,396274,3738,35821,7791,247832,7924,362269,11513,610101,California
San Bernardino,2021-04-11,4459,942333,2596,508375,895,397169,968,36789,2042,248426,2411,364680,3005,613106,California
San Bernardino,2021-04-12,13500,955833,6237,514612,5595,402764,1668,38457,6388,249395,7091,371771,8060,621166,California
San Bernardino,2021-04-13,19388,975221,11056,525668,8313,411077,19,38476,11111,252294,8251,380022,11150,632316,California
San Bernardino,2021-04-14,19389,994610,10377,536045,9009,420086,3,38479,10982,254920,8375,388397,11001,643317,California
San Bernardino,2021-04-15,20370,1014980,11386,547431,8978,429064,6,38485,10822,256247,9509,397906,10836,654153,California
San Bernardino,2021-04-16,18608,1033588,10560,557991,8047,437111,1,38486,9138,255956,9429,407335,9138,663291,California
San Bernardino,2021-04-17,11944,1045532,7860,565851,4084,441195,0,38486,6249,256544,5661,412996,6249,669540,California
San Bernardino,2021-04-18,2910,1048442,1999,567850,911,442106,0,38486,1281,256208,1617,414613,1281,670821,California
San Bernardino,2021-04-19,12536,1060978,6686,574536,5850,447956,0,38486,4861,253419,7654,422267,4865,675686,California
San Bernardino,2021-04-20,17633,1078611,9820,584356,7810,455766,3,38489,8052,251918,9557,431824,8056,683742,California
San Bernardino,2021-04-21,18138,1096749,10330,594686,7805,463571,3,38492,7938,249720,10139,441963,7941,691683,California
San Bernardino,2021-04-22,19212,1115961,10978,605664,8230,471801,4,38496,7801,246166,11359,453322,7805,699488,California
San Bernardino,2021-04-23,18481,1134442,10577,616241,7903,479704,1,38497,8042,243818,10393,463715,8045,707533,California
San Bernardino,2021-04-24,12875,1147317,9503,625744,3370,483074,2,38499,6924,244810,5934,469649,6926,714459,California
San Bernardino,2021-04-25,3398,1150715,2227,627971,1171,484245,0,38499,1673,244774,1710,471359,1674,716133,California
San Bernardino,2021-04-26,11072,1161787,5976,633947,5006,489251,90,38589,4754,243337,6279,477638,4842,720975,California
San Bernardino,2021-04-27,16454,1178241,9912,643859,6336,495587,206,38795,6766,240663,9644,487282,6970,727945,California
San Bernardino,2021-04-28,14693,1192934,8721,652580,5696,501283,276,39071,5275,236812,9393,496675,5542,733487,California
San Bernardino,2021-04-29,16196,1209130,9322,661902,6604,507887,270,39341,5364,231644,10798,507473,5630,739117,California
San Bernardino,2021-04-30,16560,1225690,10450,672352,5830,513717,280,39621,6096,227589,10428,517901,6373,745490,California
San Bernardino,2021-05-01,10768,1236458,8425,680777,2029,515746,314,39935,3723,224578,7044,524945,4033,749523,California
San Bernardino,2021-05-02,2933,1239391,2119,682896,682,516428,132,40067,1045,223873,1880,526825,1175,750698,California
San Bernardino,2021-05-03,10042,1249433,5764,688660,3876,520304,402,40469,2899,220042,7131,533956,3300,753998,California
San Bernardino,2021-05-04,15683,1265116,9541,698201,5690,525994,452,40921,4560,213968,11083,545039,5009,759007,California
San Bernardino,2021-05-05,15345,1280461,8824,707025,6106,532100,415,41336,4332,207744,10966,556005,4742,763749,California
San Bernardino,2021-05-06,15791,1296252,8999,716024,6378,538478,414,41750,4307,201020,11443,567448,4719,768468,California
San Bernardino,2021-05-07,15449,1311701,8668,724692,6407,544885,374,42124,4623,195242,10770,578218,4992,773460,California
San Bernardino,2021-05-08,9214,1320915,6130,730822,2843,547728,241,42365,3156,192616,6022,584240,3396,776856,California
San Bernardino,2021-05-09,1822,1322737,1127,731949,606,548334,89,42454,733,192356,1082,585322,822,777678,California
San Bernardino,2021-05-10,7432,1330169,3419,735368,3698,552032,315,42769,2283,189844,5107,590429,2595,780273,California
San Bernardino,2021-05-11,12131,1342300,6699,742067,5082,557114,350,43119,3841,185785,8250,598679,4191,784464,California
San Bernardino,2021-05-12,12619,1354919,6865,748932,5441,562555,313,43432,3746,181013,8827,607506,4055,788519,California
San Bernardino,2021-05-13,13196,1368115,7966,756898,4884,567439,346,43778,5193,178586,7961,615467,5534,794053,California
San Bernardino,2021-05-14,13600,1381715,9037,765935,4232,571671,331,44109,5671,176709,7878,623345,6001,800054,California
San Bernardino,2021-05-15,11252,1392967,8344,774279,2720,574391,188,44297,4516,174707,6702,630047,4700,804754,California
San Bernardino,2021-05-16,2777,1395744,2045,776324,671,575062,61,44358,1309,174626,1450,631497,1369,806123,California
San Bernardino,2021-05-17,9948,1405692,6755,783079,2902,577964,291,44649,4510,174020,5405,636902,4799,810922,California
San Bernardino,2021-05-18,13366,1419058,8785,791864,4333,582297,248,44897,6020,172969,7316,644218,6265,817187,California
San Bernardino,2021-05-19,11477,1430535,7182,799046,3917,586214,378,45275,5321,172546,6119,650337,5696,822883,California
San Bernardino,2021-05-20,11317,1441852,6728,805774,4275,590489,314,45589,5094,171771,6182,656519,5407,828290,California
San Bernardino,2021-05-21,12103,1453955,7985,813759,3741,594230,377,45966,5133,170361,6917,663436,5507,833797,California
San Bernardino,2021-05-22,8014,1461969,6167,819926,1652,595882,195,46161,3986,170549,3990,667426,4178,837975,California
San Bernardino,2021-05-23,2183,1464152,1375,821301,719,596601,89,46250,1040,170544,1133,668559,1128,839103,California
San Bernardino,2021-05-24,6568,1470720,4122,825423,2149,598750,297,46547,2865,170045,3661,672220,3162,842265,California
San Bernardino,2021-05-25,9267,1479987,5684,831107,3329,602079,254,46801,4141,169347,5095,677315,4397,846662,California
San Bernardino,2021-05-26,8158,1488145,5175,836282,2737,604816,246,47047,3768,169003,4354,681669,4010,850672,California
San Bernardino,2021-05-27,7600,1495745,4620,840902,2751,607567,229,47276,3491,168653,4070,685739,3720,854392,California
San Bernardino,2021-05-28,8754,1504499,5448,846350,3037,610604,269,47545,4389,168988,4321,690060,4656,859048,California
San Bernardino,2021-05-29,5010,1509509,3339,849689,1558,612162,113,47658,2630,169368,2362,692422,2742,861790,California
San Bernardino,2021-05-30,1757,1511266,1244,850933,432,612594,81,47739,909,169515,842,693264,989,862779,California
San Bernardino,2021-05-31,889,1512155,563,851496,310,612904,16,47755,317,169280,568,693832,333,863112,California
San Bernardino,2021-06-01,8609,1520764,5566,857062,2800,615704,243,47998,3538,168045,5015,698847,3780,866892,California
San Bernardino,2021-06-02,6820,1527584,4295,861357,2281,617985,244,48242,2972,167445,3814,702661,3214,870106,California
San Bernardino,2021-06-03,7888,1535472,5337,866694,2369,620354,182,48424,2770,165303,5093,707754,2951,873057,California
San Bernardino,2021-06-04,9021,1544493,6132,872826,2596,622950,293,48717,3246,163109,5731,713485,3537,876594,California
San Bernardino,2021-06-05,6435,1550928,4930,877756,1379,624329,126,48843,2302,161425,4111,717596,2427,879021,California
San Bernardino,2021-06-06,1996,1552924,1661,879417,266,624595,69,48912,819,161144,1169,718765,888,879909,California
San Bernardino,2021-06-07,6113,1559037,4802,884219,1111,625706,200,49112,1950,159146,4146,722911,2148,882057,California
San Bernardino,2021-06-08,8086,1567123,5880,890099,1988,627694,218,49330,2606,156549,5418,728329,2821,884878,California
San Bernardino,2021-06-09,3551,1570674,2618,892717,806,628500,127,49457,1018,155187,2506,730835,1144,886022,California
San Diego,2020-12-15,119,119,119,119,0,0,0,0,119,119,0,0,119,119,California
San Diego,2020-12-16,1103,1222,1103,1222,0,0,0,0,1103,1222,0,0,1103,1222,California
San Diego,2020-12-17,2351,3573,2351,3573,0,0,0,0,2351,3573,0,0,2351,3573,California
San Diego,2020-12-18,3674,7247,3673,7246,1,1,0,0,3674,7247,0,0,3674,7247,California
San Diego,2020-12-19,2313,9560,2313,9559,0,1,0,0,2313,9560,0,0,2313,9560,California
San Diego,2020-12-20,1187,10747,1186,10745,1,2,0,0,1187,10747,0,0,1187,10747,California
San Diego,2020-12-21,3522,14269,3520,14265,2,4,0,0,3522,14269,0,0,3522,14269,California
San Diego,2020-12-22,4062,18331,3418,17683,644,648,0,0,4062,18331,0,0,4062,18331,California
San Diego,2020-12-23,3179,21510,1977,19660,1202,1850,0,0,3179,21510,0,0,3179,21510,California
San Diego,2020-12-24,2737,24247,2219,21879,518,2368,0,0,2737,24247,0,0,2737,24247,California
San Diego,2020-12-25,876,25123,875,22754,1,2369,0,0,876,25123,0,0,876,25123,California
San Diego,2020-12-26,3290,28413,2141,24895,1149,3518,0,0,3290,28413,0,0,3290,28413,California
San Diego,2020-12-27,2510,30923,1619,26514,891,4409,0,0,2509,30921,1,1,2509,30922,California
San Diego,2020-12-28,5912,36835,4225,30739,1687,6096,0,0,5912,36833,0,1,5912,36834,California
San Diego,2020-12-29,5576,42411,3001,33740,2575,8671,0,0,5576,42409,0,1,5576,42410,California
San Diego,2020-12-30,5947,48358,3102,36842,2845,11516,0,0,5947,48356,0,1,5947,48357,California
San Diego,2020-12-31,3035,51393,1053,37895,1982,13498,0,0,3035,51391,0,1,3035,51392,California
San Diego,2021-01-01,1006,52399,452,38347,554,14052,0,0,1006,52397,0,1,1006,52398,California
San Diego,2021-01-02,3747,56146,1303,39650,2444,16496,0,0,3747,56144,0,1,3747,56145,California
San Diego,2021-01-03,858,57004,633,40283,225,16721,0,0,857,57001,0,1,857,57002,California
San Diego,2021-01-04,3706,60710,2053,42336,1653,18374,0,0,3699,60700,0,1,3699,60701,California
San Diego,2021-01-05,4381,65091,2186,44522,2195,20569,0,0,3765,63865,612,613,3777,64478,California
San Diego,2021-01-06,4945,70036,2289,46811,2656,23225,0,0,3712,66371,1210,1823,3716,68194,California
San Diego,2021-01-07,5664,75700,2984,49795,2680,25905,0,0,3503,67728,2154,3977,3511,71705,California
San Diego,2021-01-08,7863,83563,4942,54737,2921,28826,0,0,4077,68054,3769,7746,4095,75800,California
San Diego,2021-01-09,3503,87066,1943,56680,1560,30386,0,0,1952,68478,1539,9285,1963,77763,California
San Diego,2021-01-10,1881,88947,1294,57974,587,30973,0,0,777,68173,1092,10377,787,78550,California
San Diego,2021-01-11,10336,99283,5860,63834,4476,35449,0,0,6806,71475,3523,13900,6825,85375,California
San Diego,2021-01-12,11205,110488,5316,69150,5889,41338,0,0,7826,76045,3370,17270,7940,93315,California
San Diego,2021-01-13,11515,122003,5056,74206,6459,47797,0,0,8970,82506,2533,19803,8994,102309,California
San Diego,2021-01-14,12371,134374,4749,78955,7622,55419,0,0,10200,90580,2163,21966,10237,112546,California
San Diego,2021-01-15,15134,149508,5356,84311,9778,65197,0,0,12485,100491,2630,24596,12541,125087,California
San Diego,2021-01-16,10776,160284,3593,87904,7183,72380,0,0,9331,108413,1440,26036,9362,134449,California
San Diego,2021-01-17,8687,168971,2500,90404,6187,78567,0,0,7847,115440,840,26876,7867,142316,California
San Diego,2021-01-18,12885,181856,6318,96722,6567,85134,0,0,10036,122720,2817,29693,10097,152413,California
San Diego,2021-01-19,14604,196460,5673,102395,8931,94065,0,0,11490,131375,3104,32797,11759,164172,California
San Diego,2021-01-20,18331,214791,6388,108783,11943,106008,0,0,15008,143264,3303,36100,15192,179364,California
San Diego,2021-01-21,17306,232097,5782,114565,11524,117532,0,0,15919,157948,1378,37478,16062,195426,California
San Diego,2021-01-22,17582,249679,4655,119220,12927,130459,0,0,15547,171557,2021,39499,15630,211056,California
San Diego,2021-01-23,14489,264168,5275,124495,9214,139673,0,0,12128,181397,2350,41849,12190,223246,California
San Diego,2021-01-24,11868,276036,3310,127805,8558,148231,0,0,10892,191357,974,42823,10934,234180,California
San Diego,2021-01-25,12256,288292,5783,133588,6473,154704,0,0,9232,197731,3016,45839,9390,243570,California
San Diego,2021-01-26,15142,303434,7843,141431,7299,162003,0,0,11748,206275,3392,49231,11936,255506,California
San Diego,2021-01-27,20581,324015,7931,149362,12650,174653,0,0,17560,220967,3012,52243,17704,273210,California
San Diego,2021-01-28,21301,345316,7637,156999,13664,188317,0,0,19024,237813,2266,54509,19112,292322,California
San Diego,2021-01-29,19658,364974,6402,163401,13256,201573,0,0,17216,252648,2432,56941,17267,309589,California
San Diego,2021-01-30,15839,380813,3595,166996,12244,213817,0,0,13153,263225,2676,59617,13253,322842,California
San Diego,2021-01-31,14778,395591,5724,172720,9054,222871,0,0,14415,277315,359,59976,14449,337291,California
San Diego,2021-02-01,20878,416469,7582,180302,13296,236167,0,0,17320,291174,3545,63521,17404,354695,California
San Diego,2021-02-02,22911,439380,8375,188677,14536,250703,0,0,19637,307717,3265,66786,19808,374503,California
San Diego,2021-02-03,27499,466879,11597,200274,15902,266605,0,0,23183,326796,4297,71083,23376,397879,California
San Diego,2021-02-04,24183,491062,9818,210092,14365,280970,0,0,19546,342013,4620,75703,19837,417716,California
San Diego,2021-02-05,24892,515954,8848,218940,16044,297014,0,0,18195,354001,6673,82376,18661,436377,California
San Diego,2021-02-06,20767,536721,8542,227482,12225,309239,0,0,17515,368491,3249,85625,17739,454116,California
San Diego,2021-02-07,12142,548863,5377,232859,6765,316004,0,0,10256,377132,1875,87500,10516,464632,California
San Diego,2021-02-08,20120,568983,8523,241382,11597,327601,0,0,12666,383046,7443,94943,13357,477989,California
San Diego,2021-02-09,20491,589474,8320,249702,12171,339772,0,0,13181,390020,7289,102232,14263,492252,California
San Diego,2021-02-10,22968,612442,9330,259032,13638,353410,0,0,13836,396162,9078,111310,15220,507472,California
San Diego,2021-02-11,23847,636289,10183,269215,13664,367074,0,0,12756,399553,11064,122374,14455,521927,California
San Diego,2021-02-12,23825,660114,7430,276645,16395,383469,0,0,11851,401732,11957,134331,14136,536063,California
San Diego,2021-02-13,20026,680140,9019,285664,11007,394476,0,0,10890,404698,9129,143460,12095,548158,California
San Diego,2021-02-14,11185,691325,7430,293094,3755,398231,0,0,6318,407670,4863,148323,7835,555993,California
San Diego,2021-02-15,15251,706576,7737,300831,7514,405745,0,0,7802,411115,7427,155750,10872,566865,California
San Diego,2021-02-16,19300,725876,11273,312104,8027,413772,0,0,9212,413245,10076,165826,12206,579071,California
San Diego,2021-02-17,23417,749293,11000,323104,12417,426189,0,0,8115,409167,15288,181114,11210,590281,California
San Diego,2021-02-18,23580,772873,12008,335112,11572,437761,0,0,7762,405220,15807,196921,11860,602141,California
San Diego,2021-02-19,15904,788777,10911,346023,4993,442754,0,0,6613,404552,9273,206194,8605,610746,California
San Diego,2021-02-20,10263,799040,6361,352384,3902,446656,0,0,5789,407793,4471,210665,7712,618458,California
San Diego,2021-02-21,11578,810618,10163,362547,1415,448071,0,0,5179,408105,6393,217058,6705,625163,California
San Diego,2021-02-22,12453,823071,10591,373138,1862,449933,0,0,5745,408806,6702,223760,7403,632566,California
San Diego,2021-02-23,25864,848935,14485,387623,11379,461312,0,0,9606,408077,16248,240008,15519,648085,California
San Diego,2021-02-24,28946,877881,12751,400374,16195,477507,0,0,6828,400259,22098,262106,14280,662365,California
San Diego,2021-02-25,33189,911070,14705,415079,18484,495991,0,0,10097,395705,23072,285178,18518,680883,California
San Diego,2021-02-26,33485,944555,12402,427481,21083,517074,0,0,12096,393573,21359,306537,19227,700110,California
San Diego,2021-02-27,21239,965794,9680,437161,11559,528633,0,0,11428,399480,9805,316342,15712,715822,California
San Diego,2021-02-28,15282,981076,9986,447147,5296,533929,0,0,9509,406014,5772,322114,12306,728128,California
San Diego,2021-03-01,24251,1005327,14314,461461,9935,543864,2,2,14712,415146,9461,331575,18593,746721,California
San Diego,2021-03-02,26169,1031496,14085,475546,12084,555948,0,2,12735,421169,13423,344998,19446,766167,California
San Diego,2021-03-03,34030,1065526,15953,491499,18074,574022,3,5,14061,422213,19950,364948,20994,787161,California
San Diego,2021-03-04,28312,1093838,14108,505607,14204,588226,0,5,12596,425891,15694,380642,19372,806533,California
San Diego,2021-03-05,29003,1122841,14908,520515,14013,602239,82,87,13495,430727,15483,396125,20319,826852,California
San Diego,2021-03-06,23429,1146270,9584,530099,13144,615383,701,788,10328,433366,13090,409215,15729,842581,California
San Diego,2021-03-07,18237,1164507,9328,539427,8338,623721,571,1359,6909,433200,11320,420535,11154,853735,California
San Diego,2021-03-08,23109,1187616,11232,550659,10968,634689,909,2268,11442,438797,11646,432181,17243,870978,California
San Diego,2021-03-09,25889,1213505,11973,562632,12157,646846,1759,4027,10107,438837,15767,447948,15807,886785,California
San Diego,2021-03-10,25527,1239032,10782,573414,12347,659193,2398,6425,10081,439977,15431,463379,16571,903356,California
San Diego,2021-03-11,28631,1267663,11002,584416,14031,673224,3598,10023,9944,438835,18664,482043,17522,920878,California
San Diego,2021-03-12,27314,1294977,9562,593978,14612,687836,3140,13163,10010,438404,17291,499334,16860,937738,California
San Diego,2021-03-13,26222,1321199,7283,601261,17147,704983,1792,14955,10116,438394,16100,515434,16090,953828,California
San Diego,2021-03-14,13879,1335078,5497,606758,7642,712625,740,15695,4799,437203,9072,524506,7881,961709,California
San Diego,2021-03-15,22034,1357112,10170,616928,11082,723707,782,16477,9010,437098,13010,537516,12905,974614,California
San Diego,2021-03-16,30003,1387115,15789,632717,13803,737510,411,16888,15721,442043,14258,551774,19203,993817,California
San Diego,2021-03-17,26335,1413450,12243,644960,13372,750882,720,17608,16770,452044,9549,561323,19550,1013367,California
San Diego,2021-03-18,31522,1444972,17811,662771,12792,763674,919,18527,17009,457031,14479,575802,19466,1032833,California
San Diego,2021-03-19,30363,1475335,14407,677178,14915,778589,1041,19568,19398,467733,10944,586746,21646,1054479,California
San Diego,2021-03-20,27907,1503242,8459,685637,17644,796233,1804,21372,21433,485616,6463,593209,24346,1078825,California
San Diego,2021-03-21,16577,1519819,12101,697738,3759,799992,717,22089,7698,486498,8865,602074,9747,1088572,California
San Diego,2021-03-22,22549,1542368,13152,710890,9120,809112,277,22366,14325,495656,8213,610287,17371,1105943,California
San Diego,2021-03-23,25997,1568365,13635,724525,12083,821195,279,22645,17106,506211,8876,619163,19431,1125374,California
San Diego,2021-03-24,29581,1597946,19777,744302,9422,830617,382,23027,17086,513263,12482,631645,19534,1144908,California
San Diego,2021-03-25,30404,1628350,18320,762622,11400,842017,684,23711,17989,521667,12399,644044,20803,1165711,California
San Diego,2021-03-26,32168,1660518,17946,780568,13649,855666,573,24284,17495,527925,14648,658692,20906,1186617,California
San Diego,2021-03-27,25518,1686036,11047,791615,14077,869743,394,24678,15690,536452,9812,668504,18339,1204956,California
San Diego,2021-03-28,15087,1701123,9242,800857,5788,875531,57,24735,9258,541424,5822,674326,10794,1215750,California
San Diego,2021-03-29,26748,1727871,12931,813788,13184,888715,633,25368,16444,550663,10293,684619,19532,1235282,California
San Diego,2021-03-30,33252,1761123,17904,831692,14558,903273,790,26158,22015,564072,11224,695843,24633,1259915,California
San Diego,2021-03-31,30489,1791612,18807,850499,10976,914249,706,26864,20636,576683,9837,705680,22448,1282363,California
San Diego,2021-04-01,34360,1825972,20066,870565,12791,927040,1503,28367,23241,591653,11099,716779,26069,1308432,California
San Diego,2021-04-02,35813,1861785,20679,891244,12326,939366,2808,31175,24111,608324,11684,728463,28355,1336787,California
San Diego,2021-04-03,30890,1892675,14472,905716,11801,951167,4617,35792,19728,622722,11149,739612,25547,1362334,California
San Diego,2021-04-04,9061,1901736,5207,910923,2926,954093,928,36720,4814,624406,4242,743854,5926,1368260,California
San Diego,2021-04-05,29768,1931504,15408,926331,11706,965799,2654,39374,19381,638566,10372,754226,24532,1392792,California
San Diego,2021-04-06,38761,1970265,20392,946723,12451,978250,5918,45292,22324,652504,16420,770646,30358,1423150,California
San Diego,2021-04-07,35863,2006128,21993,968716,9292,987542,4578,49870,20314,663086,15527,786173,26109,1449259,California
San Diego,2021-04-08,35264,2041392,21379,990095,9713,997255,4172,54042,21295,677191,13952,800125,28057,1477316,California
San Diego,2021-04-09,38448,2079840,22937,1013032,10294,1007549,5217,59259,20785,688915,17598,817723,29322,1506638,California
San Diego,2021-04-10,29202,2109042,11789,1024821,13404,1020953,4009,63268,15091,696947,14102,831825,22134,1528772,California
San Diego,2021-04-11,16262,2125304,10078,1034899,3871,1024824,2313,65581,7236,700485,9022,840847,12560,1541332,California
San Diego,2021-04-12,30864,2156168,12868,1047767,13666,1038490,4330,69911,17161,711971,13689,854536,25175,1566507,California
San Diego,2021-04-13,37240,2193408,17800,1065567,19404,1057894,36,69947,24774,727179,12444,866980,27652,1594159,California
San Diego,2021-04-14,33097,2226505,18933,1084500,14151,1072045,13,69960,17879,734240,15208,882188,22269,1616428,California
San Diego,2021-04-15,39588,2266093,20392,1104892,19192,1091237,4,69964,24113,745766,15456,897644,26982,1643410,California
San Diego,2021-04-16,33851,2299944,18591,1123483,15257,1106494,3,69967,19608,753595,14183,911827,22012,1665422,California
San Diego,2021-04-17,27911,2327855,13543,1137026,14368,1120862,0,69967,12351,753549,15467,927294,15421,1680843,California
San Diego,2021-04-18,14491,2342346,8905,1145931,5583,1126445,3,69970,6744,755525,7733,935027,9709,1690552,California
San Diego,2021-04-19,26607,2368953,13579,1159510,13027,1139472,1,69971,12512,755725,14077,949104,14277,1704829,California
San Diego,2021-04-20,39101,2408054,17829,1177339,21270,1160742,2,69973,19924,759477,19158,968262,22910,1727739,California
San Diego,2021-04-21,35059,2443113,20942,1198281,14117,1174859,0,69973,16958,761400,18065,986327,19988,1747727,California
San Diego,2021-04-22,44693,2487806,22960,1221241,21729,1196588,4,69977,22420,764622,22238,1008565,25460,1773187,California
San Diego,2021-04-23,42292,2530098,26040,1247281,16250,1212838,2,69979,15767,757077,26493,1035058,18948,1792135,California
San Diego,2021-04-24,34972,2565070,18869,1266150,16088,1228926,15,69994,15604,756543,19330,1054388,18796,1810931,California
San Diego,2021-04-25,12653,2577723,7712,1273862,4941,1233867,0,69994,5916,757103,6728,1061116,7288,1818219,California
San Diego,2021-04-26,33250,2610973,16660,1290522,16459,1250326,131,70125,11646,751815,21587,1082703,16299,1834518,California
San Diego,2021-04-27,44064,2655037,24246,1314768,19313,1269639,505,70630,19409,750239,24618,1107321,23042,1857560,California
San Diego,2021-04-28,38353,2693390,22638,1337406,15041,1284680,674,71304,17359,749550,20960,1128281,20271,1877831,California
San Diego,2021-04-29,38150,2731540,24294,1361700,13203,1297883,653,71957,15430,744665,22682,1150963,17797,1895628,California
San Diego,2021-04-30,38177,2769717,23151,1384851,13972,1311855,1054,73011,14952,739307,23189,1174152,17831,1913459,California
San Diego,2021-05-01,24372,2794089,10739,1395590,12989,1324844,644,73655,9579,736893,14784,1188936,12370,1925829,California
San Diego,2021-05-02,10727,2804816,7537,1403127,2604,1327448,586,74241,3283,733658,7440,1196376,4205,1930034,California
San Diego,2021-05-03,25343,2830159,12481,1415608,11704,1339152,1158,75399,9358,729007,15966,1212342,11315,1941349,California
San Diego,2021-05-04,31989,2862148,17652,1433260,13007,1352159,1330,76729,11545,722575,20418,1232760,13986,1955335,California
San Diego,2021-05-05,27748,2889896,17043,1450303,9416,1361575,1289,78018,10605,718304,17122,1249882,12851,1968186,California
San Diego,2021-05-06,28460,2918356,18834,1469137,8713,1370288,913,78931,10835,714942,17598,1267480,14236,1982422,California
San Diego,2021-05-07,29713,2948069,19537,1488674,9125,1379413,1051,79982,11059,709640,18618,1286098,13316,1995738,California
San Diego,2021-05-08,22744,2970813,10762,1499436,11262,1390675,720,80702,7274,703612,15448,1301546,9420,2005158,California
San Diego,2021-05-09,7557,2978370,5682,1505118,1467,1392142,408,81110,2661,702219,4890,1306436,3497,2008655,California
San Diego,2021-05-10,21665,3000035,8451,1513569,12399,1404541,815,81925,5925,694515,15714,1322150,8010,2016665,California
San Diego,2021-05-11,27841,3027876,11361,1524930,15699,1420240,781,82706,9703,688553,18117,1340267,12155,2028820,California
San Diego,2021-05-12,22624,3050500,12150,1537080,9614,1429854,860,83566,8321,684582,14278,1354545,10307,2039127,California
San Diego,2021-05-13,30458,3080958,18339,1555419,11502,1441356,617,84183,12671,682742,17734,1372279,15894,2055021,California
San Diego,2021-05-14,30812,3111770,19724,1575143,10241,1451597,847,85030,14063,683025,16714,1388993,16997,2072018,California
San Diego,2021-05-15,26273,3138043,16502,1591645,8939,1460536,832,85862,10937,680442,15286,1404279,12703,2084721,California
San Diego,2021-05-16,12974,3151017,9702,1601347,2699,1463235,573,86435,6474,681374,6489,1410768,7421,2092142,California
San Diego,2021-05-17,21475,3172492,13048,1614395,7669,1470904,758,87193,9031,679621,12409,1423177,10656,2102798,California
San Diego,2021-05-18,34270,3206762,19389,1633784,14005,1484909,876,88069,13570,674840,20668,1443845,15887,2118685,California
San Diego,2021-05-19,28520,3235282,17930,1651714,9779,1494688,811,88880,12216,672704,16276,1460121,14140,2132825,California
San Diego,2021-05-20,34347,3269629,18950,1670664,14595,1509283,802,89682,11630,664038,22688,1482809,14022,2146847,California
San Diego,2021-05-21,23551,3293180,14821,1685485,7778,1517061,952,90634,9805,662289,13717,1496526,11968,2158815,California
San Diego,2021-05-22,18843,3312023,10726,1696211,6994,1524055,1123,91757,7855,661417,10970,1507496,10098,2168913,California
San Diego,2021-05-23,7126,3319149,5112,1701323,1695,1525750,319,92076,3427,661974,3677,1511173,4234,2173147,California
San Diego,2021-05-24,17692,3336841,9014,1710337,6776,1532526,1902,93978,6385,659814,11289,1522462,9129,2182276,California
San Diego,2021-05-25,24252,3361093,13270,1723607,9153,1541679,1829,95807,8676,655910,15548,1538010,11644,2193920,California
San Diego,2021-05-26,19217,3380310,10672,1734279,6531,1548210,2014,97821,6702,653158,12485,1550495,9733,2203653,California
San Diego,2021-05-27,20645,3400955,12067,1746346,6182,1554392,2396,100217,7061,650295,13568,1564063,10705,2214358,California
San Diego,2021-05-28,21211,3422166,13301,1759647,7189,1561581,721,100938,8458,648050,12739,1576802,10494,2224852,California
San Diego,2021-05-29,12007,3434173,7652,1767299,3862,1565443,493,101431,5262,647679,6732,1583534,6361,2231213,California
San Diego,2021-05-30,4723,3438896,3229,1770528,1108,1566551,386,101817,2085,647800,2634,1586168,2755,2233968,California
San Diego,2021-05-31,2611,3441507,1765,1772293,674,1567225,172,101989,884,647278,1723,1587891,1201,2235169,California
San Diego,2021-06-01,21369,3462876,11436,1783729,8297,1575522,1636,103625,6196,641024,15151,1603042,8897,2244066,California
San Diego,2021-06-02,17087,3479963,8838,1792567,6172,1581694,2077,105702,5726,638341,11339,1614381,8656,2252722,California
San Diego,2021-06-03,19201,3499164,12019,1804586,5380,1587074,1802,107504,5524,633182,13657,1628038,8498,2261220,California
San Diego,2021-06-04,19809,3518973,13874,1818460,5327,1592401,608,108112,6009,628067,13772,1641810,8657,2269877,California
San Diego,2021-06-05,15844,3534817,12074,1830534,2982,1595383,788,108900,4583,623299,11245,1653055,6477,2276354,California
San Diego,2021-06-06,5500,3540317,4475,1835009,711,1596094,314,109214,1901,622839,3592,1656647,3132,2279486,California
San Diego,2021-06-07,12671,3552988,7983,1842992,3343,1599437,1345,110559,3555,619523,9101,1665748,5785,2285271,California
San Diego,2021-06-08,20313,3573301,14391,1857383,4030,1603467,1892,112451,5133,612644,15170,1680918,8291,2293562,California
San Diego,2021-06-09,8127,3581428,5059,1862442,1344,1604811,1724,114175,1682,610039,6438,1687356,3833,2297395,California
San Francisco,2020-12-15,8,8,8,8,0,0,0,0,8,8,0,0,8,8,California
San Francisco,2020-12-16,231,239,231,239,0,0,0,0,231,239,0,0,231,239,California
San Francisco,2020-12-17,417,656,417,656,0,0,0,0,417,656,0,0,417,656,California
San Francisco,2020-12-18,907,1563,906,1562,1,1,0,0,907,1563,0,0,907,1563,California
San Francisco,2020-12-19,607,2170,607,2169,0,1,0,0,607,2170,0,0,607,2170,California
San Francisco,2020-12-20,483,2653,483,2652,0,1,0,0,483,2653,0,0,483,2653,California
San Francisco,2020-12-21,1163,3816,1163,3815,0,1,0,0,1163,3816,0,0,1163,3816,California
San Francisco,2020-12-22,1403,5219,1369,5184,34,35,0,0,1403,5219,0,0,1403,5219,California
San Francisco,2020-12-23,1359,6578,1062,6246,297,332,0,0,1359,6578,0,0,1359,6578,California
San Francisco,2020-12-24,847,7425,506,6752,341,673,0,0,847,7425,0,0,847,7425,California
San Francisco,2020-12-25,34,7459,28,6780,6,679,0,0,34,7459,0,0,34,7459,California
San Francisco,2020-12-26,249,7708,154,6934,95,774,0,0,249,7708,0,0,249,7708,California
San Francisco,2020-12-27,275,7983,61,6995,214,988,0,0,275,7983,0,0,275,7983,California
San Francisco,2020-12-28,1280,9263,692,7687,588,1576,0,0,1280,9263,0,0,1280,9263,California
San Francisco,2020-12-29,1259,10522,630,8317,629,2205,0,0,1259,10522,0,0,1259,10522,California
San Francisco,2020-12-30,1494,12016,783,9100,711,2916,0,0,1494,12016,0,0,1494,12016,California
San Francisco,2020-12-31,974,12990,413,9513,561,3477,0,0,973,12989,0,0,973,12989,California
San Francisco,2021-01-01,101,13091,74,9587,27,3504,0,0,101,13090,0,0,101,13090,California
San Francisco,2021-01-02,341,13432,307,9894,34,3538,0,0,341,13431,0,0,341,13431,California
San Francisco,2021-01-03,300,13732,106,10000,194,3732,0,0,299,13729,1,1,299,13730,California
San Francisco,2021-01-04,1852,15584,1366,11366,486,4218,0,0,1846,15569,6,7,1846,15576,California
San Francisco,2021-01-05,2238,17822,1423,12789,815,5033,0,0,2199,17731,39,46,2201,17777,California
San Francisco,2021-01-06,1875,19697,1162,13951,713,5746,0,0,1606,19071,267,313,1607,19384,California
San Francisco,2021-01-07,2075,21772,1208,15159,867,6613,0,0,1602,20203,470,783,1602,20986,California
San Francisco,2021-01-08,2345,24117,1648,16807,697,7310,0,0,1480,20824,860,1643,1481,22467,California
San Francisco,2021-01-09,1397,25514,898,17705,499,7809,0,0,889,21207,508,2151,891,23358,California
San Francisco,2021-01-10,922,26436,542,18247,380,8189,0,0,463,21212,458,2609,463,23821,California
San Francisco,2021-01-11,2514,28950,1875,20122,639,8828,0,0,1408,21513,1107,3716,1408,25229,California
San Francisco,2021-01-12,3093,32043,2057,22179,1036,9864,0,0,1897,22216,1196,4912,1899,27128,California
San Francisco,2021-01-13,2837,34880,1611,23790,1226,11090,0,0,1996,23373,841,5753,1998,29126,California
San Francisco,2021-01-14,2444,37324,1102,24892,1342,12432,0,0,1884,24697,560,6313,1884,31010,California
San Francisco,2021-01-15,2754,40078,1149,26041,1605,14037,0,0,2363,26673,389,6702,2365,33375,California
San Francisco,2021-01-16,2267,42345,974,27015,1293,15330,0,0,2098,28603,169,6871,2099,35474,California
San Francisco,2021-01-17,1941,44286,535,27550,1406,16736,0,0,1723,30108,218,7089,1723,37197,California
San Francisco,2021-01-18,1382,45668,597,28147,785,17521,0,0,1115,30958,266,7355,1116,38313,California
San Francisco,2021-01-19,2589,48257,1478,29625,1111,18632,0,0,1834,32037,755,8110,1834,40147,California
San Francisco,2021-01-20,2772,51029,1133,30758,1639,20271,0,0,2012,33295,757,8867,2015,42162,California
San Francisco,2021-01-21,3334,54363,946,31704,2388,22659,0,0,2498,34958,835,9702,2498,44660,California
San Francisco,2021-01-22,3219,57582,650,32354,2569,25228,0,0,2774,37290,443,10145,2775,47435,California
San Francisco,2021-01-23,3095,60677,611,32965,2484,27712,0,0,2724,39645,370,10515,2725,50160,California
San Francisco,2021-01-24,2436,63113,366,33331,2070,29782,0,0,2203,41618,230,10745,2203,52363,California
San Francisco,2021-01-25,4653,67766,1837,35168,2816,32598,0,0,3060,43089,1591,12336,3062,55425,California
San Francisco,2021-01-26,4738,72504,2184,37352,2554,35152,0,0,3093,44544,1642,13978,3097,58522,California
San Francisco,2021-01-27,4404,76908,2015,39367,2389,37541,0,0,3100,46343,1302,15280,3101,61623,California
San Francisco,2021-01-28,3797,80705,1569,40936,2228,39769,0,0,2632,47818,1160,16440,2635,64258,California
San Francisco,2021-01-29,4748,85453,1690,42626,3058,42827,0,0,3466,50009,1276,17716,3467,67725,California
San Francisco,2021-01-30,3802,89255,1850,44476,1952,44779,0,0,3341,52895,460,18176,3346,71071,California
San Francisco,2021-01-31,2363,91618,827,45303,1536,46315,0,0,2210,54954,152,18328,2211,73282,California
San Francisco,2021-02-01,3985,95603,1706,47009,2279,48594,0,0,2911,56792,1074,19402,2912,76194,California
San Francisco,2021-02-02,4521,100124,1808,48817,2713,51307,0,0,2923,58122,1593,20995,2923,79117,California
San Francisco,2021-02-03,5073,105197,2378,51195,2695,54002,0,0,3757,60566,1314,22309,3758,82875,California
San Francisco,2021-02-04,5035,110232,2429,53624,2606,56608,0,0,3865,63263,1168,23477,3865,86740,California
San Francisco,2021-02-05,5997,116229,3241,56865,2756,59364,0,0,4644,66557,1351,24828,4645,91385,California
San Francisco,2021-02-06,5526,121755,3704,60569,1822,61186,0,0,4621,70278,902,25730,4623,96008,California
San Francisco,2021-02-07,4393,126148,3244,63813,1149,62335,0,0,3814,73519,576,26306,3817,99825,California
San Francisco,2021-02-08,6814,132962,4701,68514,2113,64448,0,0,5582,77887,1216,27522,5584,105409,California
San Francisco,2021-02-09,5983,138945,4035,72549,1948,66396,0,0,4427,80752,1563,29085,4428,109837,California
San Francisco,2021-02-10,6925,145870,4220,76769,2705,69101,0,0,5118,84071,1802,30887,5121,114958,California
San Francisco,2021-02-11,6765,152635,4023,80792,2742,71843,0,0,4937,87187,1823,32710,4939,119897,California
San Francisco,2021-02-12,5357,157992,2697,83489,2660,74503,0,0,3509,88847,1849,34559,3509,123406,California
San Francisco,2021-02-13,4399,162391,2578,86067,1821,76324,0,0,3062,90574,1337,35896,3064,126470,California
San Francisco,2021-02-14,3441,165832,2262,88329,1179,77503,0,0,2309,91754,1131,37027,2311,128781,California
San Francisco,2021-02-15,2776,168608,1507,89836,1269,78772,0,0,1673,92326,1101,38128,1673,130454,California
San Francisco,2021-02-16,5119,173727,2823,92659,2296,81068,0,0,2994,93208,2118,40246,3000,133454,California
San Francisco,2021-02-17,5346,179073,2615,95274,2731,83799,0,0,2957,93794,2372,42618,2958,136412,California
San Francisco,2021-02-18,5388,184461,2629,97903,2759,86558,0,0,2801,94012,2586,45204,2804,139216,California
San Francisco,2021-02-19,5677,190138,2659,100562,3018,89576,0,0,2942,94225,2730,47934,2943,142159,California
San Francisco,2021-02-20,4554,194692,2191,102753,2363,91939,0,0,1708,93097,2837,50771,1709,143868,California
San Francisco,2021-02-21,2898,197590,1526,104279,1372,93311,0,0,1285,92779,1604,52375,1286,145154,California
San Francisco,2021-02-22,5195,202785,3240,107519,1955,95266,0,0,2617,92831,2568,54943,2620,147774,California
San Francisco,2021-02-23,5611,208396,3199,110718,2412,97678,0,0,2868,92963,2736,57679,2868,150642,California
San Francisco,2021-02-24,9135,217531,5170,115888,3965,101643,0,0,4879,93599,4244,61923,4880,155522,California
San Francisco,2021-02-25,10045,227576,7023,122911,3022,104665,0,0,6453,96465,3589,65512,6455,161977,California
San Francisco,2021-02-26,12387,239963,8050,130961,4337,109002,0,0,7315,98711,5070,70582,7316,169293,California
San Francisco,2021-02-27,9418,249381,6066,137027,3351,112353,1,1,4686,98680,4719,75301,4688,173981,California
San Francisco,2021-02-28,7942,257323,5688,142715,2254,114607,0,1,3869,98480,4070,79371,3870,177851,California
San Francisco,2021-03-01,11442,268765,7731,150446,3707,118314,4,5,5558,98187,5857,85228,5564,183415,California
San Francisco,2021-03-02,10029,278794,6769,157215,3260,121574,0,5,5663,99496,4355,89583,5664,189079,California
San Francisco,2021-03-03,11329,290123,6594,163809,4734,126308,1,6,6164,100513,5151,94734,6168,195247,California
San Francisco,2021-03-04,8829,298952,5554,169363,3275,129583,0,6,4974,101642,3845,98579,4974,200221,California
San Francisco,2021-03-05,9249,308201,5683,175046,3562,133145,4,10,5782,103976,3453,102032,5787,206008,California
San Francisco,2021-03-06,7152,315353,4688,179734,2255,135400,209,219,4462,105941,2703,104735,4668,210676,California
San Francisco,2021-03-07,5419,320772,4235,183969,1125,136525,59,278,3115,106798,2317,107052,3174,213850,California
San Francisco,2021-03-08,7552,328324,5484,189453,1879,138404,189,467,5971,111345,1612,108664,6159,220009,California
San Francisco,2021-03-09,8355,336679,5537,194990,2441,140845,377,844,6098,115554,2261,110925,6470,226479,California
San Francisco,2021-03-10,11255,347934,6622,201612,4134,144979,499,1343,7058,118937,4174,115099,7557,234036,California
San Francisco,2021-03-11,10128,358062,6388,208000,2773,147752,967,2310,6649,123083,3462,118561,7608,241644,California
San Francisco,2021-03-12,10895,368957,6369,214369,3181,150933,1345,3655,6069,125690,4803,123364,7410,249054,California
San Francisco,2021-03-13,6719,375676,3945,218314,1712,152645,1062,4717,4182,128404,2528,125892,5242,254296,California
San Francisco,2021-03-14,7589,383265,4936,223250,2408,155053,245,4962,3986,129049,3585,129477,4230,258526,California
San Francisco,2021-03-15,12130,395395,9285,232535,1900,156953,945,5907,8402,134671,3712,133189,9334,267860,California
San Francisco,2021-03-16,12246,407641,8354,240889,3432,160385,460,6367,8818,140543,3405,136594,9277,277137,California
San Francisco,2021-03-17,13379,421020,8294,249183,4518,164903,567,6934,9623,147002,3727,140321,10186,287323,California
San Francisco,2021-03-18,10116,431136,6872,256055,2621,167524,623,7557,5724,148974,4368,144689,6340,293663,California
San Francisco,2021-03-19,12423,443559,9074,265129,2878,170402,471,8028,6456,149952,5941,150630,6919,300582,California
San Francisco,2021-03-20,8920,452479,6564,271693,1888,172290,468,8496,5183,151900,3705,154335,5653,306235,California
San Francisco,2021-03-21,6624,459103,6068,277761,418,172708,138,8634,3731,152892,2875,157210,3867,310102,California
San Francisco,2021-03-22,9879,468982,6860,284621,2178,174886,841,9475,5075,154021,4779,161989,5908,316010,California
San Francisco,2021-03-23,11294,480276,7489,292110,3153,178039,652,10127,6263,155930,5001,166990,6910,322920,California
San Francisco,2021-03-24,12413,492689,9514,301624,2363,180402,536,10663,6191,156470,6179,173169,6719,329639,California
San Francisco,2021-03-25,11987,504676,8761,310385,2662,183064,564,11227,5821,156757,6094,179263,6381,336020,California
San Francisco,2021-03-26,12048,516724,8361,318746,3454,186518,233,11460,5839,156651,6174,185437,6068,342088,California
San Francisco,2021-03-27,8811,525535,5911,324657,2550,189068,350,11810,3763,155736,5027,190464,4112,346200,California
San Francisco,2021-03-28,6698,532233,5349,330006,1307,190375,42,11852,3003,155109,3669,194133,3042,349242,California
San Francisco,2021-03-29,11627,543860,8009,338015,3434,193809,184,12036,4807,153308,6790,200923,4989,354231,California
San Francisco,2021-03-30,11682,555542,7327,345342,4065,197874,290,12326,5514,152969,6143,207066,5804,360035,California
San Francisco,2021-03-31,12318,567860,8203,353545,3816,201690,299,12625,4962,150903,7321,214387,5255,365290,California
San Francisco,2021-04-01,14011,581871,7442,360987,4870,206560,1699,14324,6017,150647,7955,222342,7699,372989,California
San Francisco,2021-04-02,14882,596753,6575,367562,6419,212979,1888,16212,6957,151578,7901,230243,8832,381821,California
San Francisco,2021-04-03,10609,607362,4925,372487,3857,216836,1827,18039,4862,152534,5728,235971,6684,388505,California
San Francisco,2021-04-04,9052,616414,4801,377288,2594,219430,1657,19696,3572,152294,5465,241436,5225,393730,California
San Francisco,2021-04-05,16081,632495,9848,387136,4343,223773,1890,21586,6263,150651,9788,251224,8145,401875,California
San Francisco,2021-04-06,16116,648611,9547,396683,4501,228274,2068,23654,6262,149148,9826,261050,8323,410198,California
San Francisco,2021-04-07,16882,665493,10045,406728,4602,232876,2235,25889,7001,148512,9855,270905,9219,419417,California
San Francisco,2021-04-08,14223,679716,6753,413481,3035,235911,4435,30324,4625,147981,9563,280468,9032,428449,California
San Francisco,2021-04-09,15867,695583,7664,421145,4836,240747,3367,33691,6602,148700,9232,289700,9951,438400,California
San Francisco,2021-04-10,13348,708931,5707,426852,5880,246627,1761,35452,7111,151349,6210,295910,8859,447259,California
San Francisco,2021-04-11,10052,718983,7532,434384,1346,247973,1174,36626,5204,152889,4834,300744,6374,453633,California
San Francisco,2021-04-12,10630,729613,6903,441287,2574,250547,1153,37779,4869,153170,5739,306483,6020,459653,California
San Francisco,2021-04-13,10846,740459,7352,448639,3482,254029,12,37791,5478,153327,5342,311825,5499,465152,California
San Francisco,2021-04-14,13340,753799,8038,456677,5301,259330,1,37792,6418,152870,6883,318708,6426,471578,California
San Francisco,2021-04-15,13830,767629,9582,466259,4247,263577,1,37793,8153,155385,5646,324354,8161,479739,California
San Francisco,2021-04-16,12946,780575,8702,474961,4200,267777,44,37837,7633,157782,5284,329638,7681,487420,California
San Francisco,2021-04-17,10111,790686,7312,482273,2798,270575,1,37838,7122,161938,2971,332609,7127,494547,California
San Francisco,2021-04-18,6611,797297,5051,487324,1558,272133,2,37840,4089,163527,2504,335113,4093,498640,California
San Francisco,2021-04-19,10886,808183,8180,495504,2701,274834,5,37845,6995,166663,3874,338987,7010,505650,California
San Francisco,2021-04-20,12340,820523,7221,502725,5117,279951,2,37847,8510,171373,3803,342790,8513,514163,California
San Francisco,2021-04-21,10592,831115,7568,510293,3019,282970,5,37852,6454,173724,4112,346902,6463,520626,California
San Francisco,2021-04-22,10469,841584,7740,518033,2728,285698,1,37853,6044,175377,4399,351301,6052,526678,California
San Francisco,2021-04-23,10355,851939,5932,523965,4423,290121,0,37853,6150,177359,4175,355476,6157,532835,California
San Francisco,2021-04-24,7962,859901,5480,529445,2482,292603,0,37853,4704,178835,3236,358712,4712,537547,California
San Francisco,2021-04-25,5047,864948,4342,533787,699,293302,6,37859,2952,179714,2083,360795,2962,540509,California
San Francisco,2021-04-26,8196,873144,5795,539582,2389,295691,12,37871,4073,179715,4096,364891,4097,544606,California
San Francisco,2021-04-27,8698,881842,5843,545425,2681,298372,174,38045,4334,179894,4339,369230,4518,549124,California
San Francisco,2021-04-28,9490,891332,6568,551993,2731,301103,191,38236,4973,180577,4485,373715,5168,554292,California
San Francisco,2021-04-29,9361,900693,5438,557431,3730,304833,193,38429,4597,180640,4739,378454,4802,559094,California
San Francisco,2021-04-30,10882,911575,5191,562622,5490,310323,201,38630,3978,177961,6863,385317,4184,563278,California
San Francisco,2021-05-01,6952,918527,3595,566217,3241,313564,116,38746,1706,174572,5211,390528,1822,565100,California
San Francisco,2021-05-02,5316,923843,3084,569301,2134,315698,98,38844,965,171297,4342,394870,1067,566167,California
San Francisco,2021-05-03,9677,933520,6591,575892,2924,318622,162,39006,2455,166728,7193,402063,2624,568791,California
San Francisco,2021-05-04,9364,942884,5998,581890,3116,321738,250,39256,2284,162220,7047,409110,2539,571330,California
San Francisco,2021-05-05,8772,951656,6128,588018,2335,324073,309,39565,2146,158096,6582,415692,2458,573788,California
San Francisco,2021-05-06,10729,962385,8573,596591,1683,325756,473,40038,1851,151577,8844,424536,2325,576113,California
San Francisco,2021-05-07,10111,972496,6474,603065,3366,329122,271,40309,1640,145043,8444,432980,1910,578023,California
San Francisco,2021-05-08,8368,980864,3557,606622,4681,333803,130,40439,974,138785,7363,440343,1105,579128,California
San Francisco,2021-05-09,6685,987549,5826,612448,777,334580,82,40521,1215,134629,5447,445790,1291,580419,California
San Francisco,2021-05-10,6982,994531,4943,617391,1788,336368,251,40772,1047,130018,5907,451697,1296,581715,California
San Francisco,2021-05-11,7370,1001901,5294,622685,1858,338226,218,40990,1443,125787,5893,457590,1662,583377,California
San Francisco,2021-05-12,8077,1009978,5893,628578,1730,339956,454,41444,1843,121875,6203,463793,2291,585668,California
San Francisco,2021-05-13,11066,1021044,8120,636698,2722,342678,224,41668,4197,119460,6841,470634,4426,590094,California
San Francisco,2021-05-14,9291,1030335,6583,643281,2536,345214,172,41840,3006,116392,6255,476889,3187,593281,California
San Francisco,2021-05-15,7901,1038236,6255,649536,1590,346804,56,41896,3112,114799,4773,481662,3180,596461,California
San Francisco,2021-05-16,4958,1043194,4178,653714,722,347526,58,41954,1835,113589,3104,484766,1894,598355,California
San Francisco,2021-05-17,7233,1050427,5385,659099,1682,349208,166,42120,2475,111495,4738,489504,2644,600999,California
San Francisco,2021-05-18,8677,1059104,4970,664069,3532,352740,175,42295,1956,106953,6675,496179,2133,603132,California
San Francisco,2021-05-19,7447,1066551,5531,669600,1684,354424,232,42527,2433,104630,4986,501165,2663,605795,California
San Francisco,2021-05-20,5570,1072121,3717,673317,1603,356027,250,42777,1582,102504,3955,505120,1829,607624,California
San Francisco,2021-05-21,7045,1079166,4010,677327,2879,358906,156,42933,1785,99226,5214,510334,1936,609560,California
San Francisco,2021-05-22,4732,1083898,3601,680928,1058,359964,73,43006,2162,98912,2549,512883,2235,611795,California
San Francisco,2021-05-23,1810,1085708,1390,682318,364,360328,56,43062,838,98841,966,513849,895,612690,California
San Francisco,2021-05-24,4033,1089741,2852,685170,1018,361346,163,43225,1199,97395,2809,516658,1363,614053,California
San Francisco,2021-05-25,3679,1093420,2398,687568,1061,362407,220,43445,1097,96144,2564,519222,1313,615366,California
San Francisco,2021-05-26,3915,1097335,2534,690102,1235,363642,146,43591,1136,94671,2755,521977,1282,616648,California
San Francisco,2021-05-27,3691,1101026,2133,692235,1382,365024,176,43767,1197,93561,2483,524460,1373,618021,California
San Francisco,2021-05-28,3763,1104789,2152,694387,1450,366474,161,43928,1348,92679,2390,526850,1508,619529,California
San Francisco,2021-05-29,2022,1106811,1466,695853,456,366930,100,44028,881,92533,1121,527971,975,620504,California
San Francisco,2021-05-30,963,1107774,693,696546,233,367163,37,44065,400,92411,559,528530,437,620941,California
San Francisco,2021-05-31,255,1108029,208,696754,40,367203,7,44072,86,92336,168,528698,93,621034,California
San Francisco,2021-06-01,3560,1111589,2151,698905,1222,368425,187,44259,1248,91472,2296,530994,1432,622466,California
San Francisco,2021-06-02,2424,1114013,1748,700653,552,368977,124,44383,890,90958,1522,532516,1008,623474,California
San Francisco,2021-06-03,3964,1117977,2722,703375,1039,370016,203,44586,1054,89317,2893,535409,1252,624726,California
San Francisco,2021-06-04,5622,1123599,4739,708114,742,370758,141,44727,1398,86663,4190,539599,1536,626262,California
San Francisco,2021-06-05,3673,1127272,3115,711229,415,371173,143,44870,962,85064,2699,542298,1100,627362,California
San Francisco,2021-06-06,2317,1129589,2170,713399,110,371283,37,44907,517,83825,1793,544091,554,627916,California
San Francisco,2021-06-07,3641,1133230,3016,716415,486,371769,139,45046,977,82288,2649,546740,1112,629028,California
San Francisco,2021-06-08,2805,1136035,2216,718631,430,372199,159,45205,859,81377,1923,548663,1012,630040,California
San Francisco,2021-06-09,1326,1137361,1057,719688,178,372377,91,45296,431,81013,884,549547,520,630560,California
San Joaquin,2020-12-15,13,13,13,13,0,0,0,0,13,13,0,0,13,13,California
San Joaquin,2020-12-16,308,321,308,321,0,0,0,0,308,321,0,0,308,321,California
San Joaquin,2020-12-17,320,641,320,641,0,0,0,0,320,641,0,0,320,641,California
San Joaquin,2020-12-18,533,1174,529,1170,4,4,0,0,533,1174,0,0,533,1174,California
San Joaquin,2020-12-19,190,1364,190,1360,0,4,0,0,190,1364,0,0,190,1364,California
San Joaquin,2020-12-20,116,1480,115,1475,1,5,0,0,116,1480,0,0,116,1480,California
San Joaquin,2020-12-21,496,1976,495,1970,1,6,0,0,496,1976,0,0,496,1976,California
San Joaquin,2020-12-22,973,2949,854,2824,119,125,0,0,972,2948,0,0,972,2948,California
San Joaquin,2020-12-23,982,3931,923,3747,59,184,0,0,980,3928,2,2,982,3930,California
San Joaquin,2020-12-24,217,4148,188,3935,29,213,0,0,216,4144,1,3,217,4147,California
San Joaquin,2020-12-25,15,4163,15,3950,0,213,0,0,15,4159,0,3,15,4162,California
San Joaquin,2020-12-26,104,4267,32,3982,72,285,0,0,104,4263,0,3,104,4266,California
San Joaquin,2020-12-27,44,4311,31,4013,13,298,0,0,44,4307,0,3,44,4310,California
San Joaquin,2020-12-28,626,4937,423,4436,203,501,0,0,626,4933,0,3,626,4936,California
San Joaquin,2020-12-29,791,5728,664,5100,127,628,0,0,791,5724,0,3,791,5727,California
San Joaquin,2020-12-30,1011,6739,718,5818,293,921,0,0,1009,6733,2,5,1011,6738,California
San Joaquin,2020-12-31,455,7194,203,6021,252,1173,0,0,455,7188,1,6,456,7194,California
San Joaquin,2021-01-01,23,7217,13,6034,10,1183,0,0,23,7211,0,6,23,7217,California
San Joaquin,2021-01-02,267,7484,244,6278,23,1206,0,0,267,7478,0,6,267,7484,California
San Joaquin,2021-01-03,38,7522,20,6298,18,1224,0,0,37,7514,1,7,37,7521,California
San Joaquin,2021-01-04,478,8000,339,6637,139,1363,0,0,475,7987,2,9,475,7996,California
San Joaquin,2021-01-05,983,8983,648,7285,335,1698,0,0,812,8665,171,180,849,8845,California
San Joaquin,2021-01-06,1226,10209,711,7996,515,2213,0,0,921,9290,300,480,925,9770,California
San Joaquin,2021-01-07,1084,11293,685,8681,399,2612,0,0,787,9784,294,774,788,10558,California
San Joaquin,2021-01-08,1204,12497,824,9505,380,2992,0,0,711,10007,492,1266,715,11273,California
San Joaquin,2021-01-09,379,12876,300,9805,79,3071,0,0,247,10123,132,1398,248,11521,California
San Joaquin,2021-01-10,224,13100,116,9921,108,3179,0,0,171,10242,52,1450,171,11692,California
San Joaquin,2021-01-11,1533,14633,1325,11246,208,3387,0,0,866,10510,666,2116,934,12626,California
San Joaquin,2021-01-12,1477,16110,1062,12308,415,3802,0,0,698,10505,775,2891,770,13396,California
San Joaquin,2021-01-13,1535,17645,900,13208,635,4437,0,0,958,10894,574,3465,963,14359,California
San Joaquin,2021-01-14,1755,19400,973,14181,782,5219,0,0,1411,11999,323,3788,1428,15787,California
San Joaquin,2021-01-15,1531,20931,545,14726,986,6205,0,0,1300,13101,216,4004,1318,17105,California
San Joaquin,2021-01-16,1130,22061,180,14906,950,7155,0,0,1099,14170,30,4034,1099,18204,California
San Joaquin,2021-01-17,1624,23685,137,15043,1487,8642,0,0,1582,15712,42,4076,1584,19788,California
San Joaquin,2021-01-18,740,24425,238,15281,502,9144,0,0,619,16214,117,4193,619,20407,California
San Joaquin,2021-01-19,1877,26302,900,16181,977,10121,0,0,1195,16740,677,4870,1203,21610,California
San Joaquin,2021-01-20,2089,28391,1285,17466,804,10925,0,0,1441,17546,641,5511,1447,23057,California
San Joaquin,2021-01-21,1976,30367,898,18364,1078,12003,0,0,1577,18739,392,5903,1585,24642,California
San Joaquin,2021-01-22,1953,32320,894,19258,1059,13062,0,0,1811,20415,137,6040,1813,26455,California
San Joaquin,2021-01-23,898,33218,398,19656,500,13562,0,0,612,20744,285,6325,614,27069,California
San Joaquin,2021-01-24,353,33571,136,19792,217,13779,0,0,330,21054,20,6345,330,27399,California
San Joaquin,2021-01-25,2001,35572,1146,20938,855,14634,0,0,1433,21925,565,6910,1436,28835,California
San Joaquin,2021-01-26,2161,37733,1117,22055,1044,15678,0,0,1546,22869,608,7518,1552,30387,California
San Joaquin,2021-01-27,1741,39474,771,22826,970,16648,0,0,1241,23622,495,8013,1248,31635,California
San Joaquin,2021-01-28,2048,41522,772,23598,1276,17924,0,0,1389,24366,655,8668,1399,33034,California
San Joaquin,2021-01-29,2163,43685,1051,24649,1112,19036,0,0,1812,25842,345,9013,1821,34855,California
San Joaquin,2021-01-30,2175,45860,356,25005,1819,20855,0,0,1997,27664,177,9190,1999,36854,California
San Joaquin,2021-01-31,1559,47419,180,25185,1379,22234,0,0,1494,29095,64,9254,1495,38349,California
San Joaquin,2021-02-01,2528,49947,1341,26526,1187,23421,0,0,1769,30108,759,10013,1772,40121,California
San Joaquin,2021-02-02,2587,52534,1155,27681,1432,24853,0,0,1976,31537,551,10564,1980,42101,California
San Joaquin,2021-02-03,3080,55614,1214,28895,1866,26719,0,0,2211,32892,862,11426,2217,44318,California
San Joaquin,2021-02-04,3548,59162,1818,30713,1730,28449,0,0,2650,34655,893,12319,2656,46974,California
San Joaquin,2021-02-05,3170,62332,1808,32521,1362,29811,0,0,2343,36196,816,13135,2357,49331,California
San Joaquin,2021-02-06,1085,63417,746,33267,339,30150,0,0,942,36999,140,13275,943,50274,California
San Joaquin,2021-02-07,621,64038,492,33759,129,30279,0,0,417,37218,199,13474,418,50692,California
San Joaquin,2021-02-08,1790,65828,1038,34797,752,31031,0,0,1447,38351,320,13794,1453,52145,California
San Joaquin,2021-02-09,2130,67958,1157,35954,973,32004,0,0,1584,39462,476,14270,1587,53732,California
San Joaquin,2021-02-10,2568,70526,1251,37205,1317,33321,0,0,1346,39609,1200,15470,1347,55079,California
San Joaquin,2021-02-11,2920,73446,1485,38690,1435,34756,0,0,1703,40134,1185,16655,1710,56789,California
San Joaquin,2021-02-12,2817,76263,1127,39817,1690,36446,0,0,1598,40539,1198,17853,1603,58392,California
San Joaquin,2021-02-13,2117,78380,396,40213,1721,38167,0,0,853,40148,1250,19103,859,59251,California
San Joaquin,2021-02-14,1904,80284,260,40473,1644,39811,0,0,691,39658,1182,20285,692,59943,California
San Joaquin,2021-02-15,1989,82273,834,41307,1155,40966,0,0,1195,40093,764,21049,1199,61142,California
San Joaquin,2021-02-16,3166,85439,1378,42685,1788,42754,0,0,1752,40457,1399,22448,1763,62905,California
San Joaquin,2021-02-17,3276,88715,1265,43950,2011,44765,0,0,1866,40930,1397,23845,1870,64775,California
San Joaquin,2021-02-18,3350,92065,1381,45331,1969,46734,0,0,1910,41443,1403,25248,1916,66691,California
San Joaquin,2021-02-19,4276,96341,2418,47749,1858,48592,0,0,2393,42008,1828,27076,2393,69084,California
San Joaquin,2021-02-20,1558,97899,663,48412,895,49487,0,0,1059,42569,498,27574,1059,70143,California
San Joaquin,2021-02-21,673,98572,509,48921,164,49651,0,0,422,42745,248,27822,424,70567,California
San Joaquin,2021-02-22,3554,102126,2507,51428,1047,50698,0,0,2538,44301,987,28809,2543,73110,California
San Joaquin,2021-02-23,4317,106443,2626,54054,1691,52389,0,0,2654,45328,1633,30442,2660,75770,California
San Joaquin,2021-02-24,5775,112218,3429,57483,2346,54735,0,0,4146,47875,1603,32045,4150,79920,California
San Joaquin,2021-02-25,6376,118594,3946,61429,2430,57165,0,0,4113,49777,2221,34266,4123,84043,California
San Joaquin,2021-02-26,5524,124118,2864,64293,2660,59825,0,0,3788,51871,1700,35966,3794,87837,California
San Joaquin,2021-02-27,5485,129603,1632,65925,3853,63678,0,0,2649,51753,2779,38745,2661,90498,California
San Joaquin,2021-02-28,3109,132712,1124,67049,1985,65663,0,0,2053,52778,1030,39775,2055,92553,California
San Joaquin,2021-03-01,4142,136854,1828,68877,2312,67975,2,2,2349,53363,1775,41550,2360,94913,California
San Joaquin,2021-03-02,4223,141077,1683,70560,2540,70515,0,2,2651,54520,1549,43099,2706,97619,California
San Joaquin,2021-03-03,5811,146888,3450,74010,2359,72874,2,4,4189,57112,1598,44697,4190,101809,California
San Joaquin,2021-03-04,5726,152614,2274,76284,3449,76323,3,7,3741,58888,1969,46666,3745,105554,California
San Joaquin,2021-03-05,4467,157081,1900,78184,2562,78885,5,12,3085,60617,1365,48031,3094,108648,California
San Joaquin,2021-03-06,3300,160381,2174,80358,996,79881,130,142,2719,62892,577,48608,2852,111500,California
San Joaquin,2021-03-07,1221,161602,563,80921,610,80491,48,190,936,63594,267,48875,969,112469,California
San Joaquin,2021-03-08,3155,164757,1264,82185,1766,82257,125,315,2140,64856,1002,49877,2264,114733,California
San Joaquin,2021-03-09,4034,168791,1830,84015,2073,84330,131,446,2674,66322,1344,51221,2810,117543,California
San Joaquin,2021-03-10,4650,173441,2470,86485,2040,86370,140,586,3421,68670,1213,52434,3561,121104,California
San Joaquin,2021-03-11,4956,178397,2359,88844,1997,88367,600,1186,2940,70211,2003,54437,3544,124648,California
San Joaquin,2021-03-12,6296,184693,3144,91988,2815,91182,337,1523,4160,72605,2110,56547,4504,129152,California
San Joaquin,2021-03-13,3071,187764,1459,93447,1487,92669,125,1648,2288,74251,775,57322,2421,131573,California
San Joaquin,2021-03-14,2167,189931,674,94121,1189,93858,304,1952,1027,74453,1133,58455,1335,132908,California
San Joaquin,2021-03-15,6083,196014,3503,97624,2176,96034,404,2356,3177,75175,2872,61327,3594,136502,California
San Joaquin,2021-03-16,6864,202878,3907,101531,2700,98734,257,2613,4041,76679,2799,64126,4303,140805,California
San Joaquin,2021-03-17,7819,210697,4686,106217,3063,101797,70,2683,4343,77667,3434,67560,4422,145227,California
San Joaquin,2021-03-18,7647,218344,4499,110716,2643,104440,505,3188,3765,78107,3838,71398,4278,149505,California
San Joaquin,2021-03-19,7953,226297,4664,115380,2745,107185,544,3732,4812,80393,3117,74515,5403,154908,California
San Joaquin,2021-03-20,3690,229987,2129,117509,1318,108503,243,3975,1832,80641,1839,76354,2087,156995,California
San Joaquin,2021-03-21,2122,232109,1506,119015,409,108912,207,4182,1186,81155,923,77277,1437,158432,California
San Joaquin,2021-03-22,3985,236094,2044,121059,1525,110437,416,4598,2350,82309,1618,78895,2772,161204,California
San Joaquin,2021-03-23,5390,241484,2645,123704,2577,113014,168,4766,3713,84541,1656,80551,3888,165092,California
San Joaquin,2021-03-24,6851,248335,4252,127956,2513,115527,86,4852,3020,83862,3793,84344,3114,168206,California
San Joaquin,2021-03-25,5576,253911,3313,131269,2219,117746,44,4896,3299,84958,2254,86598,3350,171556,California
San Joaquin,2021-03-26,6193,260104,2564,133833,3478,121224,151,5047,3237,85435,2929,89527,3406,174962,California
San Joaquin,2021-03-27,4673,264777,2625,136458,1975,123199,73,5120,1805,84479,2845,92372,1889,176851,California
San Joaquin,2021-03-28,2733,267510,1810,138268,898,124097,25,5145,1293,84458,1420,93792,1399,178250,California
San Joaquin,2021-03-29,4046,271556,2186,140454,1838,125935,22,5167,2021,84507,2009,95801,2058,180308,California
San Joaquin,2021-03-30,6234,277790,3176,143630,2965,128900,93,5260,3431,85277,2773,98574,3543,183851,California
San Joaquin,2021-03-31,6604,284394,4156,147786,2388,131288,60,5320,3340,85455,3246,101820,3424,187275,California
San Joaquin,2021-04-01,6431,290825,2987,150773,3355,134643,89,5409,2841,84878,3565,105385,2988,190263,California
San Joaquin,2021-04-02,6348,297173,2883,153656,2972,137615,493,5902,2533,84145,3790,109175,3057,193320,California
San Joaquin,2021-04-03,4149,301322,2340,155996,1484,139099,325,6227,2004,84357,2129,111304,2341,195661,California
San Joaquin,2021-04-04,2290,303612,1366,157362,718,139817,206,6433,1551,85401,730,112034,1774,197435,California
San Joaquin,2021-04-05,4786,308398,2838,160200,1711,141528,237,6670,2638,86150,2136,114170,2885,200320,California
San Joaquin,2021-04-06,7068,315466,4545,164745,2251,143779,272,6942,3343,86086,3695,117865,3631,203951,California
San Joaquin,2021-04-07,8338,323804,4533,169278,2218,145997,1587,8529,3501,86367,4820,122685,5101,209052,California
San Joaquin,2021-04-08,8778,332582,4705,173983,1939,147936,2134,10663,3313,86377,5437,128122,5447,214499,California
San Joaquin,2021-04-09,8893,341475,4286,178269,3040,150976,1567,12230,3219,85532,5650,133772,4805,219304,California
San Joaquin,2021-04-10,5226,346701,1632,179901,1685,152661,1909,14139,1764,85753,3450,137222,3671,222975,California
San Joaquin,2021-04-11,4087,350788,1558,181459,1363,154024,1166,15305,1773,86383,2304,139526,2934,225909,California
San Joaquin,2021-04-12,5999,356787,2388,183847,2063,156087,1548,16853,2338,86636,3640,143166,3893,229802,California
San Joaquin,2021-04-13,7476,364263,4298,188145,3171,159258,7,16860,4582,88363,2871,146037,4598,234400,California
San Joaquin,2021-04-14,7559,371822,3812,191957,3745,163003,2,16862,4547,89931,2992,149029,4560,238960,California
San Joaquin,2021-04-15,7831,379653,4622,196579,3209,166212,0,16862,4378,90898,3420,152449,4387,243347,California
San Joaquin,2021-04-16,7648,387301,4086,200665,3559,169771,3,16865,4581,92454,3039,155488,4595,247942,California
San Joaquin,2021-04-17,5167,392468,2795,203460,2373,172144,2,16867,3682,94651,1505,156993,3702,251644,California
San Joaquin,2021-04-18,2480,394948,1378,204838,1102,173246,0,16867,1318,94830,1147,158140,1326,252970,California
San Joaquin,2021-04-19,5193,400141,2805,207643,2388,175634,0,16867,2769,95212,2397,160537,2779,255749,California
San Joaquin,2021-04-20,6242,406383,3294,210937,2948,178582,0,16867,2958,94922,3258,163795,2968,258717,California
San Joaquin,2021-04-21,5656,412039,3132,214069,2524,181106,0,16867,2925,95175,2680,166475,2933,261650,California
San Joaquin,2021-04-22,5306,417345,3139,217208,2165,183271,2,16869,3067,96049,2212,168687,3086,264736,California
San Joaquin,2021-04-23,5933,423278,2840,220048,3092,186363,1,16870,3755,97654,2157,170844,3762,268498,California
San Joaquin,2021-04-24,5252,428530,3621,223669,1630,187993,1,16871,3419,99275,1806,172650,3427,271925,California
San Joaquin,2021-04-25,3063,431593,2578,226247,485,188478,0,16871,2031,100301,1012,173662,2038,273963,California
San Joaquin,2021-04-26,4044,435637,2649,228896,1391,189869,4,16875,2157,100593,1875,175537,2167,276130,California
San Joaquin,2021-04-27,4624,440261,2665,231561,1898,191767,61,16936,1976,100011,2626,178163,2044,278174,California
San Joaquin,2021-04-28,5575,445836,3354,234915,2141,193908,80,17016,2763,100081,2784,180947,2854,281028,California
San Joaquin,2021-04-29,4912,450748,2877,237792,1978,195886,57,17073,2517,100294,2373,183320,2586,283614,California
San Joaquin,2021-04-30,4973,455721,2428,240220,2478,198364,67,17140,2579,100574,2377,185697,2657,286271,California
San Joaquin,2021-05-01,3350,459071,1914,242134,1377,199741,59,17199,2137,101579,1205,186902,2210,288481,California
San Joaquin,2021-05-02,2301,461372,1601,243735,644,200385,56,17255,1173,101685,1124,188026,1230,289711,California
San Joaquin,2021-05-03,3324,464696,2254,245989,996,201381,74,17329,1404,101267,1903,189929,1485,291196,California
San Joaquin,2021-05-04,4846,469542,3299,249288,1391,202772,156,17485,1784,100177,3041,192970,1951,293147,California
San Joaquin,2021-05-05,5027,474569,3470,252758,1394,204166,163,17648,2214,99777,2785,195755,2385,295532,California
San Joaquin,2021-05-06,4659,479228,3121,255879,1408,205574,130,17778,2035,99345,2608,198363,2176,297708,California
San Joaquin,2021-05-07,5083,484311,2947,258826,1984,207558,152,17930,1885,98215,3176,201539,2046,299754,California
San Joaquin,2021-05-08,3276,487587,2106,260932,1069,208627,101,18031,1212,97488,2049,203588,1322,301076,California
San Joaquin,2021-05-09,1486,489073,849,261781,567,209194,70,18101,595,97271,888,204476,671,301747,California
San Joaquin,2021-05-10,2815,491888,1478,263259,1212,210406,125,18226,932,96466,1867,206343,1062,302809,California
San Joaquin,2021-05-11,4167,496055,2185,265444,1861,212267,121,18347,1327,95122,2824,209167,1480,304289,California
San Joaquin,2021-05-12,4255,500310,1965,267409,2168,214435,122,18469,1358,93732,2883,212050,1493,305782,California
San Joaquin,2021-05-13,4623,504933,2651,270060,1883,216318,89,18558,1790,92806,2819,214869,1893,307675,California
San Joaquin,2021-05-14,5734,510667,3415,273475,2211,218529,108,18666,2416,92047,3291,218160,2532,310207,California
San Joaquin,2021-05-15,5227,515894,3105,276580,2043,220572,79,18745,1641,90214,3557,221717,1724,311931,California
San Joaquin,2021-05-16,3540,519434,2766,279346,725,221297,49,18794,1430,89603,2098,223815,1487,313418,California
San Joaquin,2021-05-17,4130,523564,2464,281810,1569,222866,97,18891,1791,89176,2324,226139,1897,315315,California
San Joaquin,2021-05-18,3941,527505,2274,284084,1548,224414,119,19010,1878,89135,2047,228186,2006,317321,California
San Joaquin,2021-05-19,4737,532242,2748,286832,1855,226269,134,19144,2089,88751,2617,230803,2233,319554,California
San Joaquin,2021-05-20,3813,536055,2262,289094,1449,227718,102,19246,1689,88441,2106,232909,1796,321350,California
San Joaquin,2021-05-21,4732,540787,2773,291867,1838,229556,121,19367,2204,88274,2501,235410,2334,323684,California
San Joaquin,2021-05-22,3835,544622,2403,294270,1338,230894,94,19461,1704,87963,2118,237528,1807,325491,California
San Joaquin,2021-05-23,2357,546979,1910,296180,404,231298,43,19504,1387,88436,963,238491,1436,326927,California
San Joaquin,2021-05-24,2938,549917,1680,297860,1167,232465,91,19595,1366,88342,1555,240046,1461,328388,California
San Joaquin,2021-05-25,3083,553000,1917,299777,1018,233483,148,19743,1463,88351,1601,241647,1610,329998,California
San Joaquin,2021-05-26,3332,556332,1853,301630,1403,234886,76,19819,1509,88129,1812,243459,1590,331588,California
San Joaquin,2021-05-27,2906,559238,1488,303118,1334,236220,84,19903,1135,87594,1757,245216,1222,332810,California
San Joaquin,2021-05-28,3029,562267,1594,304712,1347,237567,88,19991,1407,87500,1600,246816,1506,334316,California
San Joaquin,2021-05-29,2128,564395,1173,305885,919,238486,36,20027,956,87328,1168,247984,996,335312,California
San Joaquin,2021-05-30,972,565367,519,306404,427,238913,26,20053,410,87210,557,248541,439,335751,California
San Joaquin,2021-05-31,618,565985,258,306662,353,239266,7,20060,237,87078,377,248918,245,335996,California
San Joaquin,2021-06-01,2416,568401,1468,308130,854,240120,94,20154,1176,87123,1231,250149,1276,337272,California
San Joaquin,2021-06-02,2659,571060,1557,309687,1047,241167,55,20209,1182,86900,1463,251612,1240,338512,California
San Joaquin,2021-06-03,2801,573861,1736,311423,1011,242178,54,20263,1100,86369,1689,253301,1158,339670,California
San Joaquin,2021-06-04,3050,576911,1902,313325,1053,243231,95,20358,1063,85565,1962,255263,1158,340828,California
San Joaquin,2021-06-05,2270,579181,1734,315059,489,243720,47,20405,1040,85517,1142,256405,1094,341922,California
San Joaquin,2021-06-06,1036,580217,831,315890,176,243896,29,20434,413,85354,606,257011,443,342365,California
San Joaquin,2021-06-07,2738,582955,2035,317925,667,244563,36,20470,937,84543,1794,258805,983,343348,California
San Joaquin,2021-06-08,2560,585515,1904,319829,610,245173,46,20516,813,83669,1736,260541,862,344210,California
San Joaquin,2021-06-09,1298,586813,893,320722,376,245549,29,20545,347,83105,944,261485,380,344590,California
San Luis Obispo,2020-12-16,4,4,4,4,0,0,0,0,4,4,0,0,4,4,California
San Luis Obispo,2020-12-17,196,200,196,200,0,0,0,0,196,200,0,0,196,200,California
San Luis Obispo,2020-12-18,224,424,224,424,0,0,0,0,224,424,0,0,224,424,California
San Luis Obispo,2020-12-19,164,588,164,588,0,0,0,0,164,588,0,0,164,588,California
San Luis Obispo,2020-12-20,215,803,215,803,0,0,0,0,215,803,0,0,215,803,California
San Luis Obispo,2020-12-21,550,1353,549,1352,1,1,0,0,550,1353,0,0,550,1353,California
San Luis Obispo,2020-12-22,311,1664,307,1659,4,5,0,0,311,1664,0,0,311,1664,California
San Luis Obispo,2020-12-23,682,2346,368,2027,314,319,0,0,682,2346,0,0,682,2346,California
San Luis Obispo,2020-12-24,194,2540,19,2046,175,494,0,0,194,2540,0,0,194,2540,California
San Luis Obispo,2020-12-25,2,2542,1,2047,1,495,0,0,2,2542,0,0,2,2542,California
San Luis Obispo,2020-12-26,90,2632,13,2060,77,572,0,0,90,2632,0,0,90,2632,California
San Luis Obispo,2020-12-27,76,2708,0,2060,76,648,0,0,76,2708,0,0,76,2708,California
San Luis Obispo,2020-12-28,879,3587,429,2489,450,1098,0,0,879,3587,0,0,879,3587,California
San Luis Obispo,2020-12-29,903,4490,503,2992,400,1498,0,0,903,4490,0,0,903,4490,California
San Luis Obispo,2020-12-30,1171,5661,679,3671,492,1990,0,0,1171,5661,0,0,1171,5661,California
San Luis Obispo,2020-12-31,107,5768,4,3675,103,2093,0,0,107,5768,0,0,107,5768,California
San Luis Obispo,2021-01-01,14,5782,9,3684,5,2098,0,0,14,5782,0,0,14,5782,California
San Luis Obispo,2021-01-02,34,5816,8,3692,26,2124,0,0,34,5816,0,0,34,5816,California
San Luis Obispo,2021-01-03,17,5833,6,3698,11,2135,0,0,17,5833,0,0,17,5833,California
San Luis Obispo,2021-01-04,682,6515,525,4223,157,2292,0,0,682,6515,0,0,682,6515,California
San Luis Obispo,2021-01-05,974,7489,753,4976,221,2513,0,0,972,7485,2,2,972,7487,California
San Luis Obispo,2021-01-06,725,8214,479,5455,246,2759,0,0,717,8195,7,9,717,8204,California
San Luis Obispo,2021-01-07,1127,9341,949,6404,178,2937,0,0,684,8436,443,452,684,8888,California
San Luis Obispo,2021-01-08,880,10221,802,7206,78,3015,0,0,511,8579,368,820,511,9399,California
San Luis Obispo,2021-01-09,206,10427,196,7402,10,3025,0,0,28,8429,178,998,28,9427,California
San Luis Obispo,2021-01-10,12,10439,8,7410,4,3029,0,0,8,8433,4,1002,8,9435,California
San Luis Obispo,2021-01-11,560,10999,509,7919,51,3080,0,0,298,8470,261,1263,298,9733,California
San Luis Obispo,2021-01-12,598,11597,382,8301,216,3296,0,0,318,8508,280,1543,318,10051,California
San Luis Obispo,2021-01-13,890,12487,260,8561,630,3926,0,0,651,8922,237,1780,651,10702,California
San Luis Obispo,2021-01-14,726,13213,239,8800,487,4413,0,0,604,9413,113,1893,604,11306,California
San Luis Obispo,2021-01-15,734,13947,292,9092,442,4855,0,0,555,9794,174,2067,555,11861,California
San Luis Obispo,2021-01-16,100,14047,81,9173,19,4874,0,0,94,9882,6,2073,94,11955,California
San Luis Obispo,2021-01-17,65,14112,58,9231,7,4881,0,0,65,9947,0,2073,65,12020,California
San Luis Obispo,2021-01-18,1371,15483,388,9619,983,5864,0,0,1108,10792,263,2336,1108,13128,California
San Luis Obispo,2021-01-19,1578,17061,415,10034,1163,7027,0,0,1171,11557,407,2743,1172,14300,California
San Luis Obispo,2021-01-20,1887,18948,598,10632,1289,8316,0,0,1296,12265,589,3332,1297,15597,California
San Luis Obispo,2021-01-21,1578,20526,470,11102,1108,9424,0,0,1206,13104,368,3700,1207,16804,California
San Luis Obispo,2021-01-22,1521,22047,506,11608,1015,10439,0,0,1206,13997,313,4013,1206,18010,California
San Luis Obispo,2021-01-23,314,22361,295,11903,19,10458,0,0,298,14279,16,4029,298,18308,California
San Luis Obispo,2021-01-24,248,22609,240,12143,8,10466,0,0,242,14515,6,4035,242,18550,California
San Luis Obispo,2021-01-25,2079,24688,603,12746,1476,11942,0,0,1249,14935,830,4865,1250,19800,California
San Luis Obispo,2021-01-26,2001,26689,698,13444,1303,13245,0,0,1140,15214,861,5726,1140,20940,California
San Luis Obispo,2021-01-27,1614,28303,287,13731,1327,14572,0,0,1157,15914,457,6183,1157,22097,California
San Luis Obispo,2021-01-28,1499,29802,344,14075,1155,15727,0,0,1236,16889,261,6444,1236,23333,California
San Luis Obispo,2021-01-29,1741,31543,682,14757,1059,16786,0,0,1455,18058,286,6730,1455,24788,California
San Luis Obispo,2021-01-30,36,31579,18,14775,18,16804,0,0,25,18073,10,6740,25,24813,California
San Luis Obispo,2021-01-31,27,31606,19,14794,8,16812,0,0,25,18096,2,6742,25,24838,California
San Luis Obispo,2021-02-01,1710,33316,742,15536,968,17780,0,0,1406,19199,303,7045,1406,26244,California
San Luis Obispo,2021-02-02,1899,35215,679,16215,1220,19000,0,0,1522,20345,377,7422,1523,27767,California
San Luis Obispo,2021-02-03,1713,36928,730,16945,983,19983,0,0,1297,21226,416,7838,1297,29064,California
San Luis Obispo,2021-02-04,1661,38589,803,17748,858,20841,0,0,1094,21753,567,8405,1094,30158,California
San Luis Obispo,2021-02-05,1605,40194,715,18463,890,21731,0,0,1060,22268,546,8951,1061,31219,California
San Luis Obispo,2021-02-06,174,40368,107,18570,67,21798,0,0,94,22282,80,9031,94,31313,California
San Luis Obispo,2021-02-07,125,40493,80,18650,45,21843,0,0,72,22302,53,9084,73,31386,California
San Luis Obispo,2021-02-08,863,41356,473,19123,390,22233,0,0,503,22446,359,9443,503,31889,California
San Luis Obispo,2021-02-09,1127,42483,449,19572,678,22911,0,0,544,22420,577,10020,551,32440,California
San Luis Obispo,2021-02-10,1445,43928,492,20064,953,23864,0,0,528,22037,914,10934,531,32971,California
San Luis Obispo,2021-02-11,1330,45258,844,20908,486,24350,0,0,656,22021,672,11606,656,33627,California
San Luis Obispo,2021-02-12,788,46046,363,21271,425,24775,0,0,422,22077,366,11972,422,34049,California
San Luis Obispo,2021-02-13,391,46437,127,21398,264,25039,0,0,283,22253,107,12079,283,34332,California
San Luis Obispo,2021-02-14,318,46755,41,21439,277,25316,0,0,282,22500,36,12115,283,34615,California
San Luis Obispo,2021-02-15,729,47484,138,21577,591,25907,0,0,474,22720,254,12369,474,35089,California
San Luis Obispo,2021-02-16,2965,50449,1197,22774,1768,27675,0,0,1358,22471,1607,13976,1358,36447,California
San Luis Obispo,2021-02-17,2780,53229,1244,24018,1536,29211,0,0,1029,21756,1744,15720,1029,37476,California
San Luis Obispo,2021-02-18,2827,56056,1461,25479,1366,30577,0,0,1135,21208,1684,17404,1136,38612,California
San Luis Obispo,2021-02-19,1463,57519,1342,26821,121,30698,0,0,1136,22019,325,17729,1136,39748,California
San Luis Obispo,2021-02-20,254,57773,80,26901,174,30872,0,0,215,22195,39,17768,215,39963,California
San Luis Obispo,2021-02-21,57,57830,53,26954,4,30876,0,0,32,22202,25,17793,32,39995,California
San Luis Obispo,2021-02-22,2417,60247,1868,28822,549,31425,0,0,1467,22720,950,18743,1468,41463,California
San Luis Obispo,2021-02-23,1863,62110,1748,30570,115,31540,0,0,1367,23593,495,19238,1368,42831,California
San Luis Obispo,2021-02-24,2643,64753,1299,31869,1344,32884,0,0,836,22625,1804,21042,836,43667,California
San Luis Obispo,2021-02-25,2136,66889,1244,33113,892,33776,0,0,1207,22910,923,21965,1208,44875,California
San Luis Obispo,2021-02-26,2650,69539,1150,34263,1500,35276,0,0,1327,22923,1314,23279,1327,46202,California
San Luis Obispo,2021-02-27,577,70116,351,34614,226,35502,0,0,528,23402,49,23328,528,46730,California
San Luis Obispo,2021-02-28,196,70312,69,34683,127,35629,0,0,160,23527,35,23363,160,46890,California
San Luis Obispo,2021-03-01,3011,73323,1882,36565,1127,36756,2,2,2080,24678,932,24295,2083,48973,California
San Luis Obispo,2021-03-02,3035,76358,1910,38475,1125,37881,0,2,1881,25411,1149,25444,1882,50855,California
San Luis Obispo,2021-03-03,2346,78704,338,38813,2008,39889,0,2,849,24770,1491,26935,850,51705,California
San Luis Obispo,2021-03-04,2199,80903,1161,39974,1038,40927,0,2,1183,24942,1013,27948,1185,52890,California
San Luis Obispo,2021-03-05,2305,83208,1023,40997,1212,42139,70,72,1301,25323,990,28938,1371,54261,California
San Luis Obispo,2021-03-06,842,84050,311,41308,423,42562,108,180,621,25825,221,29159,723,54984,California
San Luis Obispo,2021-03-07,201,84251,32,41340,85,42647,84,264,73,25855,127,29286,157,55141,California
San Luis Obispo,2021-03-08,2742,86993,760,42100,1666,44313,316,580,1545,26524,1192,30478,1861,57002,California
San Luis Obispo,2021-03-09,2952,89945,970,43070,1734,46047,248,828,1526,26876,1422,31900,1774,58776,California
San Luis Obispo,2021-03-10,3198,93143,1239,44309,1675,47722,284,1112,1814,27595,1379,33279,2098,60874,California
San Luis Obispo,2021-03-11,3297,96440,1273,45582,1702,49424,322,1434,1805,28239,1482,34761,2126,63000,California
San Luis Obispo,2021-03-12,3252,99692,1283,46865,1630,51054,339,1773,1616,28568,1630,36391,1959,64959,California
San Luis Obispo,2021-03-13,797,100489,262,47127,427,51481,108,1881,431,28742,365,36756,539,65498,California
San Luis Obispo,2021-03-14,513,101002,53,47180,350,51831,110,1991,134,28608,378,37134,244,65742,California
San Luis Obispo,2021-03-15,3059,104061,1098,48278,1863,53694,98,2089,1531,28714,1524,38658,1630,67372,California
San Luis Obispo,2021-03-16,2852,106913,1511,49789,1231,54925,110,2199,1436,28850,1409,40067,1545,68917,California
San Luis Obispo,2021-03-17,3436,110349,1449,51238,1726,56651,261,2460,1990,29665,1435,41502,2250,71167,California
San Luis Obispo,2021-03-18,2812,113161,1447,52685,1151,57802,214,2674,1339,29749,1468,42970,1552,72719,California
San Luis Obispo,2021-03-19,2596,115757,1568,54253,705,58507,323,2997,959,29404,1629,44599,1284,74003,California
San Luis Obispo,2021-03-20,841,116598,501,54754,303,58810,37,3034,387,29375,453,45052,424,74427,California
San Luis Obispo,2021-03-21,188,116786,45,54799,140,58950,3,3037,158,29507,29,45081,161,74588,California
San Luis Obispo,2021-03-22,2704,119490,1173,55972,1483,60433,48,3085,1870,30595,830,45911,1918,76506,California
San Luis Obispo,2021-03-23,3386,122876,2211,58183,1144,61577,31,3116,2269,31783,1112,47023,2300,78806,California
San Luis Obispo,2021-03-24,3531,126407,2148,60331,1298,62875,85,3201,2626,33595,898,47921,2710,81516,California
San Luis Obispo,2021-03-25,3692,130099,2305,62636,1375,64250,12,3213,2641,35200,1047,48968,2652,84168,California
San Luis Obispo,2021-03-26,3248,133347,1795,64431,1019,65269,434,3647,1817,36026,1425,50393,2251,86419,California
San Luis Obispo,2021-03-27,994,134341,508,64939,395,65664,91,3738,452,36029,540,50933,543,86962,California
San Luis Obispo,2021-03-28,446,134787,152,65091,238,65902,56,3794,245,36130,200,51133,301,87263,California
San Luis Obispo,2021-03-29,2619,137406,1317,66408,1168,67070,134,3928,1675,37009,930,52063,1809,89072,California
San Luis Obispo,2021-03-30,3528,140934,1936,68344,1450,68520,142,4070,2343,38314,1178,53241,2483,91555,California
San Luis Obispo,2021-03-31,3890,144824,2477,70821,1267,69787,146,4216,2508,39596,1371,54612,2653,94208,California
San Luis Obispo,2021-04-01,3892,148716,2463,73284,1310,71097,119,4335,2720,41275,1158,55770,2837,97045,California
San Luis Obispo,2021-04-02,1752,150468,689,73973,750,71847,313,4648,950,41736,800,56570,1261,98306,California
San Luis Obispo,2021-04-03,1113,151581,558,74531,428,72275,127,4775,493,41740,616,57186,620,98926,California
San Luis Obispo,2021-04-04,387,151968,133,74664,214,72489,40,4815,238,41869,149,57335,278,99204,California
San Luis Obispo,2021-04-05,3615,155583,1943,76607,1560,74049,112,4927,2018,42404,1593,58928,2128,101332,California
San Luis Obispo,2021-04-06,4059,159642,2163,78770,1572,75621,324,5251,1942,42560,2109,61037,2265,103597,California
San Luis Obispo,2021-04-07,4311,163953,2346,81116,1599,77220,366,5617,2460,43550,1836,62873,2826,106423,California
San Luis Obispo,2021-04-08,4060,168013,2212,83328,1442,78662,406,6023,2163,44230,1889,64762,2569,108992,California
San Luis Obispo,2021-04-09,3686,171699,1753,85081,1171,79833,762,6785,1509,44332,2166,66928,2268,111260,California
San Luis Obispo,2021-04-10,1591,173290,565,85646,357,80190,669,7454,495,44399,1096,68024,1163,112423,California
San Luis Obispo,2021-04-11,315,173605,62,85708,187,80377,66,7520,125,44402,188,68212,191,112614,California
San Luis Obispo,2021-04-12,3411,177016,1715,87423,1534,81911,162,7682,1421,44001,1990,70202,1589,114203,California
San Luis Obispo,2021-04-13,3665,180681,2119,89542,1545,83456,1,7683,1976,44295,1685,71887,1979,116182,California
San Luis Obispo,2021-04-14,3557,184238,2018,91560,1534,84990,5,7688,1780,44316,1762,73649,1783,117965,California
San Luis Obispo,2021-04-15,3687,187925,2402,93962,1284,86274,1,7689,1986,44621,1683,75332,1988,119953,California
San Luis Obispo,2021-04-16,3640,191565,2221,96183,1415,87689,4,7693,1782,44555,1851,77183,1785,121738,California
San Luis Obispo,2021-04-17,1095,192660,433,96616,660,88349,2,7695,709,44881,385,77568,711,122449,California
San Luis Obispo,2021-04-18,320,192980,98,96714,221,88570,1,7696,110,44784,207,77775,110,122559,California
San Luis Obispo,2021-04-19,3191,196171,1347,98061,1806,90376,38,7734,1102,43840,2085,79860,1141,123700,California
San Luis Obispo,2021-04-20,3618,199789,2012,100073,1606,91982,0,7734,1330,42892,2278,82138,1330,125030,California
San Luis Obispo,2021-04-21,3929,203718,1813,101886,2116,94098,0,7734,1579,42144,2329,84467,1581,126611,California
San Luis Obispo,2021-04-22,4597,208315,2067,103953,2530,96628,0,7734,1417,40401,3163,87630,1420,128031,California
San Luis Obispo,2021-04-23,1462,209777,845,104798,613,97241,4,7738,704,40363,753,88383,715,128746,California
San Luis Obispo,2021-04-24,1083,210860,440,105238,624,97865,19,7757,508,40308,582,88965,527,129273,California
San Luis Obispo,2021-04-25,346,211206,162,105400,184,98049,0,7757,111,40186,233,89198,111,129384,California
San Luis Obispo,2021-04-26,1080,212286,399,105799,664,98713,17,7774,395,39924,673,89871,411,129795,California
San Luis Obispo,2021-04-27,3903,216189,1988,107787,1836,100549,79,7853,1522,39152,2372,92243,1600,131395,California
San Luis Obispo,2021-04-28,3803,219992,2101,109888,1631,102180,71,7924,1350,38133,2440,94683,1421,132816,California
San Luis Obispo,2021-04-29,3702,223694,2117,112005,1516,103696,69,7993,1240,36996,2447,97130,1310,134126,California
San Luis Obispo,2021-04-30,2978,226672,1666,113671,1238,104934,74,8067,926,35960,2034,99164,998,135124,California
San Luis Obispo,2021-05-01,468,227140,158,113829,274,105208,36,8103,97,35725,367,99531,132,135256,California
San Luis Obispo,2021-05-02,171,227311,52,113881,99,105307,20,8123,42,35658,129,99660,62,135318,California
San Luis Obispo,2021-05-03,893,228204,288,114169,495,105802,110,8233,224,35323,667,100327,332,135650,California
San Luis Obispo,2021-05-04,2941,231145,1903,116072,967,106769,71,8304,868,34194,2066,102393,937,136587,California
San Luis Obispo,2021-05-05,2805,233950,1852,117924,887,107656,66,8370,685,32838,2108,104501,752,137339,California
San Luis Obispo,2021-05-06,2820,236770,1896,119820,860,108516,64,8434,732,31563,2071,106572,796,138135,California
San Luis Obispo,2021-05-07,2330,239100,1762,121582,501,109017,67,8501,607,30537,1701,108273,675,138810,California
San Luis Obispo,2021-05-08,567,239667,333,121915,210,109227,24,8525,191,30394,358,108631,215,139025,California
San Luis Obispo,2021-05-09,163,239830,40,121955,104,109331,19,8544,46,30343,116,108747,65,139090,California
San Luis Obispo,2021-05-10,726,240556,154,122109,521,109852,51,8595,155,29981,567,109314,205,139295,California
San Luis Obispo,2021-05-11,1191,241747,596,122705,518,110370,77,8672,361,29594,825,110139,438,139733,California
San Luis Obispo,2021-05-12,2423,244170,1599,124304,740,111110,84,8756,666,28602,1742,111881,750,140483,California
San Luis Obispo,2021-05-13,1139,245309,711,125015,366,111476,62,8818,475,28478,660,112541,536,141019,California
San Luis Obispo,2021-05-14,2220,247529,1626,126641,542,112018,52,8870,914,28155,1288,113829,965,141984,California
San Luis Obispo,2021-05-15,991,248520,458,127099,499,112517,34,8904,468,28137,521,114350,503,142487,California
San Luis Obispo,2021-05-16,302,248822,162,127261,134,112651,6,8910,171,28184,130,114480,177,142664,California
San Luis Obispo,2021-05-17,1663,250485,966,128227,645,113296,52,8962,658,27898,996,115476,710,143374,California
San Luis Obispo,2021-05-18,1886,252371,1150,129377,704,114000,32,8994,717,27485,1163,116639,750,144124,California
San Luis Obispo,2021-05-19,1450,253821,624,130001,764,114764,62,9056,411,26925,1033,117672,473,144597,California
San Luis Obispo,2021-05-20,1084,254905,491,130492,561,115325,32,9088,331,26546,742,118414,363,144960,California
San Luis Obispo,2021-05-21,1028,255933,545,131037,443,115768,40,9128,490,26546,530,118944,530,145490,California
San Luis Obispo,2021-05-22,613,256546,304,131341,286,116054,23,9151,310,26583,296,119240,333,145823,California
San Luis Obispo,2021-05-23,141,256687,63,131404,72,116126,6,9157,51,26551,89,119329,57,145880,California
San Luis Obispo,2021-05-24,565,257252,266,131670,265,116391,34,9191,204,26430,359,119688,238,146118,California
San Luis Obispo,2021-05-25,873,258125,432,132102,414,116805,27,9218,349,26290,516,120204,376,146494,California
San Luis Obispo,2021-05-26,2139,260264,987,133089,1097,117902,55,9273,671,25553,1462,121666,725,147219,California
San Luis Obispo,2021-05-27,1872,262136,660,133749,1179,119081,33,9306,481,24680,1386,123052,513,147732,California
San Luis Obispo,2021-05-28,882,263018,451,134200,410,119491,21,9327,465,24750,416,123468,486,148218,California
San Luis Obispo,2021-05-29,374,263392,150,134350,213,119704,11,9338,211,24811,162,123630,223,148441,California
San Luis Obispo,2021-05-30,89,263481,36,134386,45,119749,8,9346,34,24798,54,123684,41,148482,California
San Luis Obispo,2021-05-31,43,263524,5,134391,24,119773,14,9360,16,24802,25,123709,29,148511,California
San Luis Obispo,2021-06-01,752,264276,327,134718,394,120167,31,9391,271,24627,477,124186,302,148813,California
San Luis Obispo,2021-06-02,634,264910,288,135006,307,120474,39,9430,192,24422,436,124622,231,149044,California
San Luis Obispo,2021-06-03,901,265811,443,135449,425,120899,33,9463,244,24045,654,125276,277,149321,California
San Luis Obispo,2021-06-04,2429,268240,1502,136951,887,121786,40,9503,697,23061,1719,126995,735,150056,California
San Luis Obispo,2021-06-05,657,268897,287,137238,347,122133,23,9526,324,23075,333,127328,347,150403,California
San Luis Obispo,2021-06-06,187,269084,140,137378,38,122171,9,9535,48,22993,139,127467,57,150460,California
San Luis Obispo,2021-06-07,541,269625,363,137741,139,122310,39,9574,160,22814,378,127845,199,150659,California
San Luis Obispo,2021-06-08,757,270382,507,138248,207,122517,43,9617,232,22567,522,128367,275,150934,California
San Luis Obispo,2021-06-09,106,270488,17,138265,85,122602,4,9621,17,22501,86,128453,20,150954,California
San Mateo,2020-12-15,27,27,27,27,0,0,0,0,27,27,0,0,27,27,California
San Mateo,2020-12-16,111,138,111,138,0,0,0,0,111,138,0,0,111,138,California
San Mateo,2020-12-17,171,309,171,309,0,0,0,0,171,309,0,0,171,309,California
San Mateo,2020-12-18,786,1095,784,1093,2,2,0,0,786,1095,0,0,786,1095,California
San Mateo,2020-12-19,511,1606,511,1604,0,2,0,0,511,1606,0,0,511,1606,California
San Mateo,2020-12-20,507,2113,506,2110,1,3,0,0,507,2113,0,0,507,2113,California
San Mateo,2020-12-21,1151,3264,1150,3260,1,4,0,0,1151,3264,0,0,1151,3264,California
San Mateo,2020-12-22,1526,4790,1518,4778,8,12,0,0,1526,4790,0,0,1526,4790,California
San Mateo,2020-12-23,1584,6374,1395,6173,189,201,0,0,1584,6374,0,0,1584,6374,California
San Mateo,2020-12-24,864,7238,612,6785,252,453,0,0,864,7238,0,0,864,7238,California
San Mateo,2020-12-25,116,7354,112,6897,4,457,0,0,116,7354,0,0,116,7354,California
San Mateo,2020-12-26,564,7918,422,7319,142,599,0,0,564,7918,0,0,564,7918,California
San Mateo,2020-12-27,307,8225,176,7495,131,730,0,0,307,8225,0,0,307,8225,California
San Mateo,2020-12-28,1059,9284,711,8206,348,1078,0,0,1059,9284,0,0,1059,9284,California
San Mateo,2020-12-29,1131,10415,708,8914,423,1501,0,0,1131,10415,0,0,1131,10415,California
San Mateo,2020-12-30,1255,11670,757,9671,498,1999,0,0,1255,11670,0,0,1255,11670,California
San Mateo,2020-12-31,711,12381,230,9901,481,2480,0,0,710,12379,1,1,710,12380,California
San Mateo,2021-01-01,105,12486,72,9973,33,2513,0,0,105,12484,0,1,105,12485,California
San Mateo,2021-01-02,396,12882,268,10241,128,2641,0,0,396,12880,0,1,396,12881,California
San Mateo,2021-01-03,285,13167,209,10450,76,2717,0,0,282,13159,3,4,282,13163,California
San Mateo,2021-01-04,1051,14218,678,11128,373,3090,0,0,1050,14208,1,5,1050,14213,California
San Mateo,2021-01-05,1215,15433,716,11844,499,3589,0,0,1183,15360,32,37,1184,15397,California
San Mateo,2021-01-06,1456,16889,958,12802,498,4087,0,0,1263,16434,190,227,1264,16661,California
San Mateo,2021-01-07,1456,18345,814,13616,642,4729,0,0,1149,17284,300,527,1150,17811,California
San Mateo,2021-01-08,1872,20217,1224,14840,648,5377,0,0,1152,17731,714,1241,1161,18972,California
San Mateo,2021-01-09,1168,21385,772,15612,396,5773,0,0,713,17990,455,1696,714,19686,California
San Mateo,2021-01-10,709,22094,581,16193,128,5901,0,0,266,17814,443,2139,267,19953,California
San Mateo,2021-01-11,2605,24699,1500,17693,1105,7006,0,0,1532,18274,1074,3213,1534,21487,California
San Mateo,2021-01-12,3403,28102,1891,19584,1512,8518,0,0,2216,19309,1185,4398,2220,23707,California
San Mateo,2021-01-13,3396,31498,1657,21241,1739,10257,0,0,2359,20639,1037,5435,2367,26074,California
San Mateo,2021-01-14,3789,35287,1593,22834,2196,12453,0,0,3103,23061,686,6121,3108,29182,California
San Mateo,2021-01-15,4329,39616,1712,24546,2617,15070,0,0,3795,26326,532,6653,3797,32979,California
San Mateo,2021-01-16,3073,42689,765,25311,2308,17378,0,0,2749,28753,323,6976,2750,35729,California
San Mateo,2021-01-17,1319,44008,308,25619,1011,18389,0,0,1111,29656,208,7184,1111,36840,California
San Mateo,2021-01-18,1369,45377,539,26158,830,19219,0,0,990,30270,376,7560,990,37830,California
San Mateo,2021-01-19,2799,48176,1793,27951,1006,20225,0,0,1999,31472,797,8357,1999,39829,California
San Mateo,2021-01-20,2803,50979,1549,29500,1254,21479,0,0,1959,32594,841,9198,1963,41792,California
San Mateo,2021-01-21,2856,53835,1300,30800,1556,23035,0,0,2270,34283,584,9782,2273,44065,California
San Mateo,2021-01-22,2819,56654,1142,31942,1677,24712,0,0,2522,36511,295,10077,2523,46588,California
San Mateo,2021-01-23,2879,59533,1680,33622,1199,25911,0,0,2522,38677,357,10434,2523,49111,California
San Mateo,2021-01-24,1515,61048,377,33999,1138,27049,0,0,1204,39572,310,10744,1205,50316,California
San Mateo,2021-01-25,4430,65478,3156,37155,1274,28323,0,0,3529,42207,899,11643,3534,53850,California
San Mateo,2021-01-26,4322,69800,3001,40156,1321,29644,0,0,3393,44673,928,12571,3394,57244,California
San Mateo,2021-01-27,2824,72624,1485,41641,1339,30983,0,0,1820,45498,998,13569,1823,59067,California
San Mateo,2021-01-28,2809,75433,1359,43000,1450,32433,0,0,1954,46614,840,14409,1956,61023,California
San Mateo,2021-01-29,3007,78440,1357,44357,1650,34083,0,0,2166,47944,838,15247,2168,63191,California
San Mateo,2021-01-30,3431,81871,1479,45836,1952,36035,0,0,2975,50465,455,15702,2976,66167,California
San Mateo,2021-01-31,1688,83559,900,46736,788,36823,0,0,1528,51834,159,15861,1528,67695,California
San Mateo,2021-02-01,2947,86506,1362,48098,1585,38408,0,0,2222,53336,721,16582,2223,69918,California
San Mateo,2021-02-02,3221,89727,1738,49836,1483,39891,0,0,2190,54499,1027,17609,2190,72108,California
San Mateo,2021-02-03,5000,94727,2060,51896,2940,42831,0,0,3854,57211,1143,18752,3855,75963,California
San Mateo,2021-02-04,6202,100929,2502,54398,3700,46531,0,0,4921,60860,1276,20028,4925,80888,California
San Mateo,2021-02-05,6788,107717,2550,56948,4238,50769,0,0,4963,64015,1808,21836,4963,85851,California
San Mateo,2021-02-06,3277,110994,1919,58867,1358,52127,0,0,2623,65988,652,22488,2625,88476,California
San Mateo,2021-02-07,1898,112892,1349,60216,549,52676,0,0,1707,67504,191,22679,1707,90183,California
San Mateo,2021-02-08,5305,118197,2275,62491,3030,55706,0,0,3131,68525,2110,24789,3131,93314,California
San Mateo,2021-02-09,6173,124370,3217,65708,2956,58662,0,0,3335,69028,2832,27621,3335,96649,California
San Mateo,2021-02-10,6518,130888,3278,68986,3240,61902,0,0,3429,69379,3078,30699,3429,100078,California
San Mateo,2021-02-11,7048,137936,3574,72560,3474,65376,0,0,3789,69920,3250,33949,3791,103869,California
San Mateo,2021-02-12,6640,144576,2987,75547,3653,69029,0,0,4701,72688,1935,35884,4703,108572,California
San Mateo,2021-02-13,6122,150698,4030,79577,2092,71121,0,0,2646,71863,3471,39355,2646,111218,California
San Mateo,2021-02-14,4631,155329,3022,82599,1609,72730,0,0,1970,71180,2654,42009,1971,113189,California
San Mateo,2021-02-15,3157,158486,1454,84053,1703,74433,0,0,1781,71592,1370,43379,1782,114971,California
San Mateo,2021-02-16,7157,165643,1889,85942,5268,79701,0,0,5277,74994,1878,45257,5280,120251,California
San Mateo,2021-02-17,7078,172721,1955,87897,5123,84824,0,0,5043,78011,2028,47285,5045,125296,California
San Mateo,2021-02-18,6664,179385,4601,92498,2063,86887,0,0,4430,80216,2228,49513,4433,129729,California
San Mateo,2021-02-19,7828,187213,5613,98111,2215,89102,0,0,5795,83987,2024,51537,5795,135524,California
San Mateo,2021-02-20,3777,190990,2434,100545,1343,90445,0,0,2334,84885,1436,52973,2334,137858,California
San Mateo,2021-02-21,2642,193632,1793,102338,849,91294,0,0,1578,85406,1057,54030,1578,139436,California
San Mateo,2021-02-22,4472,198104,3245,105583,1227,92521,0,0,2824,86589,1642,55672,2825,142261,California
San Mateo,2021-02-23,4385,202489,3144,108727,1241,93762,0,0,2560,87332,1817,57489,2560,144821,California
San Mateo,2021-02-24,7364,209853,3312,112039,4052,97814,0,0,4889,89756,2466,59955,4890,149711,California
San Mateo,2021-02-25,9293,219146,4135,116174,5158,102972,0,0,6122,92725,3154,63109,6123,155834,California
San Mateo,2021-02-26,10036,229182,3871,120045,6165,109137,0,0,6955,96618,3066,66175,6959,162793,California
San Mateo,2021-02-27,6934,236116,3572,123617,3361,112498,1,1,3736,97169,3191,69366,3742,166535,California
San Mateo,2021-02-28,4451,240567,2754,126371,1697,114195,0,1,2673,98071,1772,71138,2674,169209,California
San Mateo,2021-03-01,6016,246583,3794,130165,2220,116415,2,3,2974,98019,3028,74166,2976,172185,California
San Mateo,2021-03-02,6254,252837,4442,134607,1811,118226,1,4,3594,98963,2652,76818,3596,175781,California
San Mateo,2021-03-03,8442,261279,3965,138572,4475,122701,2,6,3637,97809,4793,81611,3639,179420,California
San Mateo,2021-03-04,8523,269802,4003,142575,4517,127218,3,9,3841,96994,4661,86272,3846,183266,California
San Mateo,2021-03-05,9351,279153,6234,148809,3113,130331,4,13,6550,100770,2781,89053,6557,189823,California
San Mateo,2021-03-06,7976,287129,5561,154370,2240,132571,175,188,5845,104669,2120,91173,6019,195842,California
San Mateo,2021-03-07,3596,290725,2448,156818,1077,133648,71,259,2124,105396,1468,92641,2195,198037,California
San Mateo,2021-03-08,4531,295256,2570,159388,1744,135392,217,476,3311,107709,1213,93854,3526,201563,California
San Mateo,2021-03-09,5357,300613,2859,162247,2223,137615,275,751,3760,110156,1585,95439,4032,205595,California
San Mateo,2021-03-10,7205,307818,2901,165148,4019,141634,285,1036,4815,112879,2375,97814,5098,210693,California
San Mateo,2021-03-11,9120,316938,5737,170885,2990,144624,393,1429,3709,111599,5380,103194,4100,214793,California
San Mateo,2021-03-12,10603,327541,6695,177580,3524,148148,384,1813,3591,108579,6994,110188,3974,218767,California
San Mateo,2021-03-13,8230,335771,3511,181091,3090,151238,1629,3442,3990,109964,4226,114414,5611,224378,California
San Mateo,2021-03-14,5003,340774,3383,184474,1513,152751,107,3549,2649,110373,2346,116760,2755,227133,California
San Mateo,2021-03-15,7199,347973,4655,189129,2368,155119,176,3725,3768,110893,3425,120185,3945,231078,California
San Mateo,2021-03-16,11975,359948,4402,193531,7450,162569,123,3848,4805,108671,7152,127337,4930,236008,California
San Mateo,2021-03-17,10848,370796,4413,197944,6310,168879,125,3973,4874,107728,5945,133282,5002,241010,California
San Mateo,2021-03-18,7291,378087,4094,202038,3013,171892,184,4157,4309,109246,2974,136256,4492,245502,California
San Mateo,2021-03-19,7472,385559,4834,206872,1965,173857,673,4830,3563,109584,3898,140154,4236,249738,California
San Mateo,2021-03-20,8435,393994,6546,213418,1552,175409,337,5167,5384,112269,3035,143189,5720,255458,California
San Mateo,2021-03-21,4250,398244,3222,216640,795,176204,233,5400,2278,112816,1961,145150,2508,257966,California
San Mateo,2021-03-22,5276,403520,3591,220231,1259,177463,426,5826,2752,113484,2509,147659,3177,261143,California
San Mateo,2021-03-23,9813,413333,4487,224718,5131,182594,195,6021,4380,112658,5401,153060,4575,265718,California
San Mateo,2021-03-24,9508,422841,5490,230208,3871,186465,147,6168,4047,111459,5390,158450,4191,269909,California
San Mateo,2021-03-25,10139,432980,4968,235176,4881,191346,290,6458,4401,110522,5632,164082,4695,274604,California
San Mateo,2021-03-26,11281,444261,7769,242945,3344,194690,168,6626,4296,108044,6944,171026,4466,279070,California
San Mateo,2021-03-27,10598,454859,8126,251071,2370,197060,102,6728,4689,106944,5890,176916,4790,283860,California
San Mateo,2021-03-28,4296,459155,2791,253862,1393,198453,112,6840,2005,106782,2281,179197,2119,285979,California
San Mateo,2021-03-29,6059,465214,3772,257634,2033,200486,254,7094,2691,106380,3348,182545,2946,288925,California
San Mateo,2021-03-30,7153,472367,4082,261716,2918,203404,153,7247,3835,107067,3301,185846,3988,292913,California
San Mateo,2021-03-31,7281,479648,4605,266321,2534,205938,142,7389,3842,107631,3420,189266,3984,296897,California
San Mateo,2021-04-01,10611,490259,5244,271565,4154,210092,1213,8602,5691,109658,4873,194139,6900,303797,California
San Mateo,2021-04-02,10883,501142,5202,276767,4051,214143,1630,10232,5677,111778,5184,199323,7304,311101,California
San Mateo,2021-04-03,10008,511150,5745,282512,2466,216609,1797,12029,5086,113748,4913,204236,6883,317984,California
San Mateo,2021-04-04,5448,516598,2625,285137,1567,218176,1256,13285,1698,112965,3735,207971,2952,320936,California
San Mateo,2021-04-05,8967,525565,4779,289916,2452,220628,1736,15021,3825,113397,5125,213096,5557,326493,California
San Mateo,2021-04-06,13250,538815,8254,298170,3138,223766,1858,16879,7516,117059,5718,218814,9380,335873,California
San Mateo,2021-04-07,11423,550238,5271,303441,4459,228225,1693,18572,4834,117011,6568,225382,6520,342393,California
San Mateo,2021-04-08,10161,560399,5041,308482,2511,230736,2609,21181,4490,118443,5653,231035,7085,349478,California
San Mateo,2021-04-09,11382,571781,5544,314026,3353,234089,2485,23666,5108,119758,6271,237306,7586,357064,California
San Mateo,2021-04-10,11298,583079,5729,319755,4122,238211,1447,25113,4663,119259,6605,243911,6106,363170,California
San Mateo,2021-04-11,6657,589736,3297,323052,875,239086,2485,27598,2310,119709,4340,248251,4790,367960,California
San Mateo,2021-04-12,7356,597092,4485,327537,1899,240985,972,28570,3561,120465,3774,252025,4530,372490,California
San Mateo,2021-04-13,8241,605333,5132,332669,3098,244083,11,28581,4378,121011,3853,255878,4399,376889,California
San Mateo,2021-04-14,8337,613670,5405,338074,2931,247014,1,28582,4285,121271,4034,259912,4294,381183,California
San Mateo,2021-04-15,11168,624838,7431,345505,3735,250749,2,28584,7316,124766,3827,263739,7322,388505,California
San Mateo,2021-04-16,9962,634800,6868,352373,3078,253827,16,28600,6314,127474,3627,267366,6335,394840,California
San Mateo,2021-04-17,9773,644573,6495,358868,3276,257103,2,28602,6139,129997,3624,270990,6147,400987,California
San Mateo,2021-04-18,5432,650005,2593,361461,2839,259942,0,28602,3659,131902,1760,272750,3665,404652,California
San Mateo,2021-04-19,8352,658357,5434,366895,2918,262860,0,28602,5434,134441,2904,275654,5443,410095,California
San Mateo,2021-04-20,10323,668680,5762,372657,4560,267420,1,28603,6641,137433,3660,279314,6652,416747,California
San Mateo,2021-04-21,9020,677700,6097,378754,2921,270341,2,28605,5576,139592,3424,282738,5583,422330,California
San Mateo,2021-04-22,9586,687286,6406,385160,3179,273520,1,28606,5316,140675,4238,286976,5321,427651,California
San Mateo,2021-04-23,9433,696719,6196,391356,3237,276757,0,28606,5286,141855,4121,291097,5301,432952,California
San Mateo,2021-04-24,11278,707997,8035,399391,3243,280000,0,28606,5823,142254,5432,296529,5831,438783,California
San Mateo,2021-04-25,5539,713536,3859,403250,1678,281678,2,28608,3942,144625,1581,298110,3952,442735,California
San Mateo,2021-04-26,6639,720175,4799,408049,1832,283510,8,28616,3871,145760,2756,300866,3891,446626,California
San Mateo,2021-04-27,11356,731531,7994,416043,3209,286719,153,28769,4645,143881,6681,307547,4802,451428,California
San Mateo,2021-04-28,7877,739408,4499,420542,3173,289892,205,28974,4216,144658,3648,311195,4425,455853,California
San Mateo,2021-04-29,8083,747491,3751,424293,4158,294050,174,29148,3656,144101,4399,315594,3842,459695,California
San Mateo,2021-04-30,8057,755548,5056,429349,2848,296898,153,29301,3414,143063,4619,320213,3581,463276,California
San Mateo,2021-05-01,6160,761708,4132,433481,1910,298808,118,29419,2678,142404,3466,323679,2807,466083,California
San Mateo,2021-05-02,3186,764894,1746,435227,1370,300178,70,29489,1156,141612,2022,325701,1230,467313,California
San Mateo,2021-05-03,6029,770923,4507,439734,1378,301556,144,29633,1844,139423,4177,329878,1988,469301,California
San Mateo,2021-05-04,7286,778209,4948,444682,2167,303723,171,29804,2492,137318,4780,334658,2675,471976,California
San Mateo,2021-05-05,6880,785089,4502,449184,2219,305942,159,29963,2388,135404,4464,339122,2550,474526,California
San Mateo,2021-05-06,8568,793657,6691,455875,1701,307643,176,30139,1756,130547,6793,345915,1936,476462,California
San Mateo,2021-05-07,8209,801866,5868,461743,2057,309700,284,30423,1828,126314,6356,352271,2123,478585,California
San Mateo,2021-05-08,6649,808515,4025,465768,2384,312084,240,30663,1839,123601,4797,357068,2084,480669,California
San Mateo,2021-05-09,3117,811632,2427,468195,616,312700,74,30737,1061,122690,2047,359115,1136,481805,California
San Mateo,2021-05-10,4619,816251,3321,471516,1128,313828,170,30907,764,119788,3844,362959,942,482747,California
San Mateo,2021-05-11,6692,822943,4992,476508,1570,315398,130,31037,1737,116714,4943,367902,1869,484616,California
San Mateo,2021-05-12,6919,829862,5036,481544,1667,317065,216,31253,1783,113591,5124,373026,2001,486617,California
San Mateo,2021-05-13,9525,839387,7126,488670,2304,319369,95,31348,3552,111307,5942,378968,3658,490275,California
San Mateo,2021-05-14,8335,847722,6157,494827,2066,321435,112,31460,2706,108518,5614,384582,2825,493100,California
San Mateo,2021-05-15,10388,858110,8104,502931,2184,323619,100,31560,4558,107379,5818,390400,4679,497779,California
San Mateo,2021-05-16,7159,865269,5094,508025,1996,325615,69,31629,2186,104681,4955,395355,2257,500036,California
San Mateo,2021-05-17,7043,872312,4987,513012,1947,327562,109,31738,2144,102053,4884,400239,2256,502292,California
San Mateo,2021-05-18,8457,880769,5830,518842,2530,330092,97,31835,3094,100011,5237,405476,3195,505487,California
San Mateo,2021-05-19,7857,888626,5882,524724,1854,331946,121,31956,3675,99673,4135,409611,3797,509284,California
San Mateo,2021-05-20,5161,893787,3278,528002,1762,333708,121,32077,2179,99010,2962,412573,2299,511583,California
San Mateo,2021-05-21,6748,900535,4539,532541,2075,335783,134,32211,1913,96241,4816,417389,2047,513630,California
San Mateo,2021-05-22,5966,906501,4016,536557,1885,337668,65,32276,2329,95017,3620,421009,2396,516026,California
San Mateo,2021-05-23,2934,909435,1614,538171,1240,338908,80,32356,1118,94410,1805,422814,1198,517224,California
San Mateo,2021-05-24,3387,912822,2226,540397,1012,339920,149,32505,1103,93392,2267,425081,1249,518473,California
San Mateo,2021-05-25,4757,917579,2998,543395,1585,341505,174,32679,1602,92035,3135,428216,1778,520251,California
San Mateo,2021-05-26,5636,923215,3054,546449,2477,343982,105,32784,1789,90101,3828,432044,1894,522145,California
San Mateo,2021-05-27,3790,927005,2227,548676,1474,345456,89,32873,1273,88967,2492,434536,1358,523503,California
San Mateo,2021-05-28,3481,930486,2206,550882,1191,346647,84,32957,1346,88299,2096,436632,1428,524931,California
San Mateo,2021-05-29,3229,933715,2297,553179,880,347527,52,33009,1331,87808,1873,438505,1382,526313,California
San Mateo,2021-05-30,1654,935369,1123,554302,470,347997,61,33070,674,87572,971,439476,735,527048,California
San Mateo,2021-05-31,496,935865,332,554634,155,348152,9,33079,222,87531,272,439748,231,527279,California
San Mateo,2021-06-01,3400,939265,2042,556676,1260,349412,98,33177,1121,86482,2267,442015,1218,528497,California
San Mateo,2021-06-02,2769,942034,1840,558516,851,350263,78,33255,1125,86054,1629,443644,1201,529698,California
San Mateo,2021-06-03,3802,945836,2989,561505,699,350962,114,33369,882,84137,2909,446553,992,530690,California
San Mateo,2021-06-04,4172,950008,3233,564738,856,351818,83,33452,1268,82589,2886,449439,1338,532028,California
San Mateo,2021-06-05,5128,955136,4502,569240,527,352345,99,33551,1101,79794,3995,453434,1200,533228,California
San Mateo,2021-06-06,2469,957605,2031,571271,374,352719,64,33615,543,78490,1907,455341,603,533831,California
San Mateo,2021-06-07,3076,960681,2588,573859,418,353137,70,33685,780,77050,2287,457628,847,534678,California
San Mateo,2021-06-08,3948,964629,3326,577185,527,353664,95,33780,929,75089,2985,460613,1024,535702,California
San Mateo,2021-06-09,2686,967315,2419,579604,227,353891,40,33820,374,73199,2302,462915,412,536114,California
Santa Barbara,2020-12-15,2,2,2,2,0,0,0,0,2,2,0,0,2,2,California
Santa Barbara,2020-12-16,2,4,2,4,0,0,0,0,2,4,0,0,2,4,California
Santa Barbara,2020-12-17,56,60,56,60,0,0,0,0,56,60,0,0,56,60,California
Santa Barbara,2020-12-18,380,440,379,439,1,1,0,0,380,440,0,0,380,440,California
Santa Barbara,2020-12-19,325,765,325,764,0,1,0,0,325,765,0,0,325,765,California
Santa Barbara,2020-12-20,235,1000,235,999,0,1,0,0,235,1000,0,0,235,1000,California
Santa Barbara,2020-12-21,652,1652,650,1649,2,3,0,0,652,1652,0,0,652,1652,California
Santa Barbara,2020-12-22,245,1897,243,1892,2,5,0,0,245,1897,0,0,245,1897,California
Santa Barbara,2020-12-23,324,2221,206,2098,118,123,0,0,324,2221,0,0,324,2221,California
Santa Barbara,2020-12-24,88,2309,40,2138,48,171,0,0,88,2309,0,0,88,2309,California
Santa Barbara,2020-12-26,327,2636,67,2205,260,431,0,0,327,2636,0,0,327,2636,California
Santa Barbara,2020-12-27,62,2698,1,2206,61,492,0,0,62,2698,0,0,62,2698,California
Santa Barbara,2020-12-28,358,3056,225,2431,133,625,0,0,358,3056,0,0,358,3056,California
Santa Barbara,2020-12-29,561,3617,359,2790,202,827,0,0,561,3617,0,0,561,3617,California
Santa Barbara,2020-12-30,577,4194,395,3185,182,1009,0,0,577,4194,0,0,577,4194,California
Santa Barbara,2020-12-31,240,4434,114,3299,126,1135,0,0,240,4434,0,0,240,4434,California
Santa Barbara,2021-01-01,116,4550,110,3409,6,1141,0,0,116,4550,0,0,116,4550,California
Santa Barbara,2021-01-02,598,5148,232,3641,366,1507,0,0,598,5148,0,0,598,5148,California
Santa Barbara,2021-01-03,23,5171,15,3656,8,1515,0,0,23,5171,0,0,23,5171,California
Santa Barbara,2021-01-04,305,5476,242,3898,63,1578,0,0,304,5475,0,0,304,5475,California
Santa Barbara,2021-01-05,752,6228,381,4279,371,1949,0,0,724,6171,28,28,724,6199,California
Santa Barbara,2021-01-06,657,6885,277,4556,380,2329,0,0,596,6707,60,88,596,6795,California
Santa Barbara,2021-01-07,1034,7919,711,5267,323,2652,0,0,529,6735,501,589,529,7324,California
Santa Barbara,2021-01-08,1204,9123,845,6112,359,3011,0,0,710,6951,494,1083,710,8034,California
Santa Barbara,2021-01-09,566,9689,293,6405,273,3284,0,0,320,7025,246,1329,320,8354,California
Santa Barbara,2021-01-10,62,9751,50,6455,12,3296,0,0,46,7055,16,1345,46,8400,California
Santa Barbara,2021-01-11,840,10591,671,7126,169,3465,0,0,615,7446,224,1569,615,9015,California
Santa Barbara,2021-01-12,1437,12028,642,7768,795,4260,0,0,1279,8567,158,1727,1279,10294,California
Santa Barbara,2021-01-13,1218,13246,270,8038,948,5208,0,0,1091,9531,127,1854,1091,11385,California
Santa Barbara,2021-01-14,1252,14498,136,8174,1116,6324,0,0,1197,10675,54,1908,1198,12583,California
Santa Barbara,2021-01-15,1805,16303,425,8599,1380,7704,0,0,1723,12317,81,1989,1723,14306,California
Santa Barbara,2021-01-16,1271,17574,201,8800,1070,8774,0,0,1232,13511,38,2027,1232,15538,California
Santa Barbara,2021-01-17,124,17698,21,8821,103,8877,0,0,121,13629,3,2030,121,15659,California
Santa Barbara,2021-01-18,1156,18854,419,9240,737,9614,0,0,970,14413,186,2216,970,16629,California
Santa Barbara,2021-01-19,1638,20492,571,9811,1067,10681,0,0,1359,15494,278,2494,1359,17988,California
Santa Barbara,2021-01-20,2101,22593,548,10359,1553,12234,0,0,1746,16886,354,2848,1746,19734,California
Santa Barbara,2021-01-21,3193,25786,1919,12278,1274,13508,0,0,3033,19760,160,3008,3034,22768,California
Santa Barbara,2021-01-22,2932,28718,1780,14058,1152,14660,0,0,2768,22368,161,3169,2769,25537,California
Santa Barbara,2021-01-23,1732,30450,1102,15160,630,15290,0,0,1223,23083,508,3677,1223,26760,California
Santa Barbara,2021-01-24,843,31293,751,15911,92,15382,0,0,834,23908,9,3686,834,27594,California
Santa Barbara,2021-01-25,1244,32537,500,16411,744,16126,0,0,1007,24678,237,3923,1007,28601,California
Santa Barbara,2021-01-26,2064,34601,484,16895,1580,17706,0,0,1681,25978,381,4304,1681,30282,California
Santa Barbara,2021-01-27,1165,35766,399,17294,766,18472,0,0,903,26622,261,4565,905,31187,California
Santa Barbara,2021-01-28,894,36660,297,17591,597,19069,0,0,680,27091,211,4776,680,31867,California
Santa Barbara,2021-01-29,1335,37995,535,18126,800,19869,0,0,981,27723,351,5127,983,32850,California
Santa Barbara,2021-01-30,1894,39889,1420,19546,474,20343,0,0,1489,28810,402,5529,1489,34339,California
Santa Barbara,2021-01-31,1455,41344,1217,20763,238,20581,0,0,1416,30187,39,5568,1416,35755,California
Santa Barbara,2021-02-01,956,42300,529,21292,427,21008,0,0,557,30345,399,5967,557,36312,California
Santa Barbara,2021-02-02,1808,44108,679,21971,1129,22137,0,0,1043,30626,762,6729,1043,37355,California
Santa Barbara,2021-02-03,1945,46053,1080,23051,865,23002,0,0,1505,31702,429,7158,1505,38860,California
Santa Barbara,2021-02-04,2779,48832,1867,24918,912,23914,0,0,2481,33891,292,7450,2481,41341,California
Santa Barbara,2021-02-05,2901,51733,2058,26976,843,24757,0,0,2258,35508,641,8091,2258,43599,California
Santa Barbara,2021-02-06,1203,52936,338,27314,865,25622,0,0,793,35891,410,8501,793,44392,California
Santa Barbara,2021-02-07,302,53238,263,27577,39,25661,0,0,267,36124,34,8535,267,44659,California
Santa Barbara,2021-02-08,954,54192,309,27886,645,26306,0,0,664,36498,290,8825,664,45323,California
Santa Barbara,2021-02-09,2436,56628,313,28199,2123,28429,0,0,1119,36309,1308,10133,1119,46442,California
Santa Barbara,2021-02-10,2757,59385,1494,29693,1263,29692,0,0,779,35118,1970,12103,779,47221,California
Santa Barbara,2021-02-11,4196,63581,2812,32505,1384,31076,0,0,629,32190,3557,15660,629,47850,California
Santa Barbara,2021-02-12,3310,66891,948,33453,2362,33438,0,0,777,30440,2527,18187,777,48627,California
Santa Barbara,2021-02-13,1230,68121,339,33792,891,34329,0,0,559,30330,669,18856,559,49186,California
Santa Barbara,2021-02-14,336,68457,40,33832,296,34625,0,0,289,30572,47,18903,289,49475,California
Santa Barbara,2021-02-15,971,69428,340,34172,631,35256,0,0,496,30596,472,19375,496,49971,California
Santa Barbara,2021-02-16,2134,71562,421,34593,1713,36969,0,0,721,29908,1409,20784,721,50692,California
Santa Barbara,2021-02-17,1432,72994,319,34912,1113,38082,0,0,520,29520,908,21692,520,51212,California
Santa Barbara,2021-02-18,3254,76248,2650,37562,604,38686,0,0,1522,29346,1696,23388,1522,52734,California
Santa Barbara,2021-02-19,3591,79839,2638,40200,953,39639,0,0,2327,30412,1261,24649,2327,55061,California
Santa Barbara,2021-02-20,2228,82067,1443,41643,785,40424,0,0,1670,31534,548,25197,1670,56731,California
Santa Barbara,2021-02-21,138,82205,109,41752,29,40453,0,0,61,31520,75,25272,61,56792,California
Santa Barbara,2021-02-22,934,83139,244,41996,690,41143,0,0,269,31127,662,25934,269,57061,California
Santa Barbara,2021-02-23,3189,86328,1046,43042,2143,43286,0,0,421,28784,2764,28698,421,57482,California
Santa Barbara,2021-02-24,3220,89548,1100,44142,2120,45406,0,0,723,27020,2487,31185,723,58205,California
Santa Barbara,2021-02-25,3457,93005,1922,46064,1535,46941,0,0,993,25558,2456,33641,994,59199,California
Santa Barbara,2021-02-26,3664,96669,2179,48243,1485,48426,0,0,1974,25850,1682,35323,1974,61173,California
Santa Barbara,2021-02-27,1536,98205,563,48806,973,49399,0,0,855,26030,677,36000,857,62030,California
Santa Barbara,2021-02-28,1087,99292,221,49027,866,50265,0,0,894,26738,187,36187,895,62925,California
Santa Barbara,2021-03-01,1652,100944,472,49499,1178,51443,2,2,1092,27290,543,36730,1095,64020,California
Santa Barbara,2021-03-02,2661,103605,423,49922,2238,53681,0,2,2160,28963,488,37218,2161,66181,California
Santa Barbara,2021-03-03,4631,108236,2099,52021,2530,56211,2,4,4035,32418,585,37803,4040,70221,California
Santa Barbara,2021-03-04,3423,111659,2282,54303,1141,57352,0,4,2867,34738,547,38350,2867,73088,California
Santa Barbara,2021-03-05,3820,115479,2165,56468,1596,58948,59,63,3095,37172,720,39070,3154,76242,California
Santa Barbara,2021-03-06,2434,117913,726,57194,1488,60436,220,283,1669,38297,761,39831,1886,78128,California
Santa Barbara,2021-03-07,566,118479,124,57318,310,60746,132,415,384,38633,181,40012,517,78645,California
Santa Barbara,2021-03-08,1579,120058,379,57697,857,61603,343,758,796,38995,777,40789,1139,79784,California
Santa Barbara,2021-03-09,2805,122863,349,58046,1684,63287,772,1530,744,38449,2058,42847,1512,81296,California
Santa Barbara,2021-03-10,2770,125633,556,58602,1164,64451,1050,2580,1047,38825,1718,44565,2094,83390,California
Santa Barbara,2021-03-11,5584,131217,3030,61632,1437,65888,1117,3697,2279,38923,3291,47856,3389,86779,California
Santa Barbara,2021-03-12,3687,134904,2102,63734,1155,67043,430,4127,2183,40037,1496,49352,2610,89389,California
Santa Barbara,2021-03-13,3493,138397,1936,65670,1349,68392,208,4335,2697,42149,793,50145,2905,92294,California
Santa Barbara,2021-03-14,803,139200,388,66058,359,68751,56,4391,482,42367,320,50465,538,92832,California
Santa Barbara,2021-03-15,2115,141315,696,66754,1128,69879,291,4682,1268,43085,839,51304,1557,94389,California
Santa Barbara,2021-03-16,3722,145037,1172,67926,2207,72086,343,5025,2734,45178,984,52288,3077,97466,California
Santa Barbara,2021-03-17,3314,148351,974,68900,1935,74021,405,5430,2322,46911,990,53278,2723,100189,California
Santa Barbara,2021-03-18,5228,153579,2800,71700,2226,76247,202,5632,4003,49907,1209,54487,4205,104394,California
Santa Barbara,2021-03-19,4449,158028,2770,74470,1346,77593,333,5965,3055,51904,1390,55877,3387,107781,California
Santa Barbara,2021-03-20,2178,160206,835,75305,1328,78921,15,5980,1330,52403,845,56722,1344,109125,California
Santa Barbara,2021-03-21,1167,161373,384,75689,753,79674,30,6010,840,52948,325,57047,870,109995,California
Santa Barbara,2021-03-22,2779,164152,1915,77604,820,80494,44,6054,2223,54668,547,57594,2267,112262,California
Santa Barbara,2021-03-23,4488,168640,2257,79861,2130,82624,101,6155,3714,57718,764,58358,3814,116076,California
Santa Barbara,2021-03-24,5422,174062,3154,83015,1515,84139,753,6908,2973,59014,2426,60784,3722,119798,California
Santa Barbara,2021-03-25,5568,179630,3276,86291,2100,86239,192,7100,2790,59234,2762,63546,2982,122780,California
Santa Barbara,2021-03-26,5097,184727,3233,89524,1565,87804,299,7399,2246,58946,2833,66379,2545,125325,California
Santa Barbara,2021-03-27,2958,187685,1224,90748,1691,89495,43,7442,1624,59281,1330,67709,1665,126990,California
Santa Barbara,2021-03-28,2781,190466,1656,92404,1097,90592,28,7470,1893,60319,884,68593,1922,128912,California
Santa Barbara,2021-03-29,4043,194509,2085,94489,1887,92479,71,7541,3229,62809,810,69403,3300,132212,California
Santa Barbara,2021-03-30,6805,201314,3515,98004,3139,95618,151,7692,4537,65241,2253,71656,4685,136897,California
Santa Barbara,2021-03-31,8692,210006,5534,103538,3092,98710,66,7758,5056,66748,3615,75271,5122,142019,California
Santa Barbara,2021-04-01,7050,217056,5214,108752,1577,100287,259,8017,4181,68337,2850,78121,4439,146458,California
Santa Barbara,2021-04-02,6651,223707,4564,113316,1492,101779,595,8612,3425,69139,3218,81339,4020,150478,California
Santa Barbara,2021-04-03,3813,227520,2116,115432,1631,103410,66,8678,2521,70437,1288,82627,2586,153064,California
Santa Barbara,2021-04-04,900,228420,444,115876,416,103826,40,8718,499,70577,399,83026,539,153603,California
Santa Barbara,2021-04-05,3467,231887,2292,118168,917,104743,258,8976,2171,71719,1287,84313,2429,156032,California
Santa Barbara,2021-04-06,5490,237377,2830,120998,2122,106865,538,9514,3362,73504,2112,86425,3897,159929,California
Santa Barbara,2021-04-07,6019,243396,3286,124284,2191,109056,542,10056,4085,76207,1924,88349,4627,164556,California
Santa Barbara,2021-04-08,7429,250825,5053,129337,646,109702,1730,11786,3432,77377,3991,92340,5161,169717,California
Santa Barbara,2021-04-09,7334,258159,4884,134221,1092,110794,1358,13144,3309,78022,4016,96356,4661,174378,California
Santa Barbara,2021-04-10,6724,264883,4659,138880,1447,112241,618,13762,4578,81079,2137,98493,5194,179572,California
Santa Barbara,2021-04-11,2687,267570,1971,140851,413,112654,303,14065,1861,82419,820,99313,2160,181732,California
Santa Barbara,2021-04-12,4430,272000,2853,143704,1023,113677,554,14619,1921,82390,2502,101815,2473,184205,California
Santa Barbara,2021-04-13,6377,278377,4191,147895,2180,115857,6,14625,2661,81361,3711,105526,2682,186887,California
Santa Barbara,2021-04-14,6751,285128,4403,152298,2346,118203,2,14627,4212,83052,2528,108054,4219,191106,California
Santa Barbara,2021-04-15,6967,292095,4098,156396,2868,121071,1,14628,3772,83643,3185,111239,3776,194882,California
Santa Barbara,2021-04-16,6373,298468,3741,160137,2621,123692,11,14639,4382,86060,1975,113214,4392,199274,California
Santa Barbara,2021-04-17,5305,303773,3853,163990,1452,125144,0,14639,4087,88941,1206,114420,4087,203361,California
Santa Barbara,2021-04-18,2134,305907,1481,165471,653,125797,0,14639,373,87558,1757,116177,374,203735,California
Santa Barbara,2021-04-19,3230,309137,2224,167695,1000,126797,6,14645,1026,86392,2199,118376,1033,204768,California
Santa Barbara,2021-04-20,5875,315012,3950,171645,1924,128721,1,14646,1650,83830,4212,122588,1650,206418,California
Santa Barbara,2021-04-21,5478,320490,3633,175278,1845,130566,0,14646,1738,81841,3727,126315,1738,208156,California
Santa Barbara,2021-04-22,5093,325583,2555,177833,2537,133103,1,14647,1454,79675,3623,129938,1457,209613,California
Santa Barbara,2021-04-23,5582,331165,3875,181708,1707,134810,0,14647,1964,78034,3605,133543,1964,211577,California
Santa Barbara,2021-04-24,4427,335592,2875,184583,1547,136357,5,14652,1631,76894,2777,136320,1637,213214,California
Santa Barbara,2021-04-25,1837,337429,1185,185768,652,137009,0,14652,499,76064,1329,137649,499,213713,California
Santa Barbara,2021-04-26,3237,340666,1972,187740,1244,138253,21,14673,555,73964,2676,140325,576,214289,California
Santa Barbara,2021-04-27,3958,344624,2162,189902,1691,139944,105,14778,1168,72455,2781,143106,1272,215561,California
Santa Barbara,2021-04-28,4907,349531,2858,192760,1932,141876,117,14895,1398,70478,3495,146601,1518,217079,California
Santa Barbara,2021-04-29,5252,354783,3800,196560,1225,143101,227,15122,1439,68345,3797,150398,1664,218743,California
Santa Barbara,2021-04-30,4945,359728,3695,200255,1086,144187,164,15286,1412,66403,3517,153915,1575,220318,California
Santa Barbara,2021-05-01,5256,364984,4070,204325,1152,145339,34,15320,890,62976,4352,158267,925,221243,California
Santa Barbara,2021-05-02,1132,366116,667,204992,337,145676,128,15448,308,62588,824,159091,436,221679,California
Santa Barbara,2021-05-03,2204,368320,1478,206470,587,146263,139,15587,442,61411,1756,160847,579,222258,California
Santa Barbara,2021-05-04,3287,371607,1664,208134,1551,147814,72,15659,1144,60496,2130,162977,1215,223473,California
Santa Barbara,2021-05-05,5428,377035,3669,211803,1612,149426,147,15806,622,56474,4793,167770,771,224244,California
Santa Barbara,2021-05-06,5051,382086,3912,215715,1035,150461,104,15910,964,53472,4070,171840,1068,225312,California
Santa Barbara,2021-05-07,4662,386748,3649,219364,833,151294,180,16090,1003,51003,3649,175489,1180,226492,California
Santa Barbara,2021-05-08,4239,390987,3158,222522,983,152277,98,16188,892,48659,3334,178823,990,227482,California
Santa Barbara,2021-05-09,701,391688,110,222632,551,152828,40,16228,467,48935,232,179055,508,227990,California
Santa Barbara,2021-05-10,1319,393007,621,223253,615,153443,83,16311,365,48430,952,180007,447,228437,California
Santa Barbara,2021-05-11,1870,394877,783,224036,791,154234,296,16607,425,47711,1437,181444,718,229155,California
Santa Barbara,2021-05-12,1662,396539,737,224773,699,154933,226,16833,484,47251,1170,182614,710,229865,California
Santa Barbara,2021-05-13,3734,400273,2791,227564,748,155681,195,17028,1238,46198,2485,185099,1432,231297,California
Santa Barbara,2021-05-14,4148,404421,2531,230095,1523,157204,94,17122,1636,45429,2497,187596,1728,233025,California
Santa Barbara,2021-05-15,3507,407928,2567,232662,921,158125,19,17141,1844,45641,1652,189248,1864,234889,California
Santa Barbara,2021-05-16,1065,408993,466,233128,484,158609,115,17256,470,45635,591,189839,585,235474,California
Santa Barbara,2021-05-17,1635,410628,931,234059,641,159250,63,17319,866,45800,763,190602,928,236402,California
Santa Barbara,2021-05-18,1842,412470,1162,235221,585,159835,95,17414,975,46020,851,191453,1071,237473,California
Santa Barbara,2021-05-19,1755,414225,967,236188,747,160582,41,17455,814,45941,933,192386,854,238327,California
Santa Barbara,2021-05-20,1604,415829,853,237041,633,161215,118,17573,785,46036,807,193193,902,239229,California
Santa Barbara,2021-05-21,3301,419130,2213,239254,1034,162249,54,17627,1227,45257,2061,195254,1282,240511,California
Santa Barbara,2021-05-22,2351,421481,1684,240938,623,162872,44,17671,1369,45695,976,196230,1414,241925,California
Santa Barbara,2021-05-23,737,422218,320,241258,389,163261,28,17699,402,45791,334,196564,430,242355,California
Santa Barbara,2021-05-24,999,423217,584,241842,352,163613,63,17762,481,45821,514,197078,544,242899,California
Santa Barbara,2021-05-25,1399,424616,568,242410,762,164375,69,17831,461,45419,932,198010,530,243429,California
Santa Barbara,2021-05-26,2993,427609,1702,244112,1171,165546,120,17951,826,44212,2152,200162,945,244374,California
Santa Barbara,2021-05-27,1953,429562,1210,245322,599,166145,144,18095,827,44064,1119,201281,971,245345,California
Santa Barbara,2021-05-28,1510,431072,705,246027,654,166799,151,18246,624,43957,883,202164,776,246121,California
Santa Barbara,2021-05-29,896,431968,315,246342,544,167343,37,18283,366,43833,527,202691,403,246524,California
Santa Barbara,2021-05-30,499,432467,179,246521,223,167566,97,18380,186,43804,311,203002,282,246806,California
Santa Barbara,2021-05-31,95,432562,43,246564,42,167608,10,18390,23,43765,71,203073,32,246838,California
Santa Barbara,2021-06-01,1131,433693,594,247158,479,168087,58,18448,463,43624,662,203735,521,247359,California
Santa Barbara,2021-06-02,980,434673,586,247744,312,168399,82,18530,434,43598,541,204276,515,247874,California
Santa Barbara,2021-06-03,2051,436724,1546,249290,450,168849,55,18585,614,42834,1432,205708,668,248542,California
Santa Barbara,2021-06-04,1445,438169,665,249955,643,169492,137,18722,484,42501,954,206662,621,249163,California
Santa Barbara,2021-06-05,2911,441080,2203,252158,657,170149,51,18773,497,40647,2401,209063,547,249710,California
Santa Barbara,2021-06-06,905,441985,474,252632,413,170562,18,18791,252,40267,650,209713,270,249980,California
Santa Barbara,2021-06-07,1164,443149,829,253461,280,170842,55,18846,297,39753,866,210579,352,250332,California
Santa Barbara,2021-06-08,1097,444246,706,254167,359,171201,32,18878,285,39261,808,211387,316,250648,California
Santa Barbara,2021-06-09,355,444601,238,254405,79,171280,38,18916,130,39207,222,211609,168,250816,California
Santa Clara,2020-12-15,69,69,69,69,0,0,0,0,69,69,0,0,69,69,California
Santa Clara,2020-12-16,148,217,148,217,0,0,0,0,148,217,0,0,148,217,California
Santa Clara,2020-12-17,407,624,407,624,0,0,0,0,407,624,0,0,407,624,California
Santa Clara,2020-12-18,1766,2390,1766,2390,0,0,0,0,1766,2390,0,0,1766,2390,California
Santa Clara,2020-12-19,2090,4480,2090,4480,0,0,0,0,2089,4479,0,0,2089,4479,California
Santa Clara,2020-12-20,1899,6379,1898,6378,1,1,0,0,1896,6375,0,0,1896,6375,California
Santa Clara,2020-12-21,2687,9066,2687,9065,0,1,0,0,2686,9061,0,0,2686,9061,California
Santa Clara,2020-12-22,3159,12225,3152,12217,7,8,0,0,3156,12217,0,0,3156,12217,California
Santa Clara,2020-12-23,3307,15532,3117,15334,190,198,0,0,3306,15523,0,0,3306,15523,California
Santa Clara,2020-12-24,1903,17435,1713,17047,190,388,0,0,1898,17420,1,1,1898,17421,California
Santa Clara,2020-12-25,346,17781,345,17392,1,389,0,0,346,17766,0,1,346,17767,California
Santa Clara,2020-12-26,1279,19060,1044,18436,235,624,0,0,1278,19044,0,1,1278,19045,California
Santa Clara,2020-12-27,654,19714,512,18948,142,766,0,0,654,19698,0,1,654,19699,California
Santa Clara,2020-12-28,2344,22058,1732,20680,612,1378,0,0,2344,22042,0,1,2344,22043,California
Santa Clara,2020-12-29,2373,24431,1505,22185,868,2246,0,0,2372,24414,0,1,2372,24415,California
Santa Clara,2020-12-30,2998,27429,1898,24083,1100,3346,0,0,2996,27408,2,3,2996,27411,California
Santa Clara,2020-12-31,1225,28654,391,24474,834,4180,0,0,1224,28631,1,4,1224,28635,California
Santa Clara,2021-01-01,146,28800,12,24486,134,4314,0,0,145,28775,1,5,145,28780,California
Santa Clara,2021-01-02,1095,29895,820,25306,275,4589,0,0,1095,29870,0,5,1095,29875,California
Santa Clara,2021-01-03,583,30478,367,25673,216,4805,0,0,578,30445,3,8,578,30453,California
Santa Clara,2021-01-04,2484,32962,1677,27350,807,5612,0,0,2480,32924,1,9,2480,32933,California
Santa Clara,2021-01-05,3093,36055,2029,29379,1064,6676,0,0,2899,35636,193,202,2905,35838,California
Santa Clara,2021-01-06,3355,39410,1983,31362,1372,8048,0,0,2752,37792,598,800,2754,38592,California
Santa Clara,2021-01-07,4257,43667,2589,33951,1668,9716,0,0,3163,39882,1084,1884,3174,41766,California
Santa Clara,2021-01-08,5955,49622,3921,37872,2034,11750,0,0,3829,41612,2122,4006,3852,45618,California
Santa Clara,2021-01-09,3024,52646,1908,39780,1116,12866,0,0,1711,42026,1313,5319,1727,47345,California
Santa Clara,2021-01-10,1977,54623,1528,41308,449,13315,0,0,757,41566,1219,6538,759,48104,California
Santa Clara,2021-01-11,5980,60603,3778,45086,2202,15517,0,0,3387,42370,2592,9130,3396,51500,California
Santa Clara,2021-01-12,6817,67420,3416,48502,3401,18918,0,0,4560,44674,2257,11387,4561,56061,California
Santa Clara,2021-01-13,7408,74828,3081,51583,4327,23245,0,0,5208,47699,2198,13585,5223,61284,California
Santa Clara,2021-01-14,8249,83077,2811,54394,5438,28683,0,0,6497,52452,1747,15332,6500,67784,California
Santa Clara,2021-01-15,9484,92561,2689,57083,6795,35478,0,0,8155,59287,1325,16657,8160,75944,California
Santa Clara,2021-01-16,4310,96871,1234,58317,3076,38554,0,0,3469,61920,837,17494,3470,79414,California
Santa Clara,2021-01-17,3239,100110,614,58931,2625,41179,0,0,2736,64153,503,17997,2736,82150,California
Santa Clara,2021-01-18,5128,105238,1174,60105,3954,45133,0,0,4568,68163,560,18557,4570,86720,California
Santa Clara,2021-01-19,8525,113763,2696,62801,5829,50962,0,0,6834,73312,1688,20245,6837,93557,California
Santa Clara,2021-01-20,8136,121899,4147,66948,3989,54951,0,0,6584,78354,1547,21792,6589,100146,California
Santa Clara,2021-01-21,8735,130634,3795,70743,4940,59891,0,0,7522,84671,1211,23003,7528,107674,California
Santa Clara,2021-01-22,8664,139298,3253,73996,5411,65302,0,0,8088,92189,574,23577,8092,115766,California
Santa Clara,2021-01-23,3804,143102,1693,75689,2111,67413,0,0,2838,94062,966,24543,2839,118605,California
Santa Clara,2021-01-24,2842,145944,1424,77113,1418,68831,0,0,2357,95937,482,25025,2357,120962,California
Santa Clara,2021-01-25,8418,154362,3811,80924,4607,73438,0,0,6335,100200,2075,27100,6338,127300,California
Santa Clara,2021-01-26,8343,162705,3814,84738,4529,77967,0,0,6195,104263,2138,29238,6201,133501,California
Santa Clara,2021-01-27,8791,171496,3871,88609,4920,82887,0,0,6862,109220,1909,31147,6866,140367,California
Santa Clara,2021-01-28,9569,181065,3835,92444,5734,88621,0,0,7589,114859,1959,33106,7598,147965,California
Santa Clara,2021-01-29,9569,190634,3952,96396,5617,94238,0,0,7387,120075,2173,35279,7389,155354,California
Santa Clara,2021-01-30,4161,194795,2080,98476,2081,96319,0,0,2942,121806,1212,36491,2943,158297,California
Santa Clara,2021-01-31,2189,196984,1308,99784,881,97200,0,0,1591,122803,594,37085,1591,159888,California
Santa Clara,2021-02-01,7875,204859,3521,103305,4354,101554,0,0,6165,127268,1702,38787,6167,166055,California
Santa Clara,2021-02-02,8632,213491,2891,106196,5741,107295,0,0,6608,131862,2017,40804,6611,172666,California
Santa Clara,2021-02-03,9232,222723,3500,109696,5732,113027,0,0,6942,136528,2282,43086,6948,179614,California
Santa Clara,2021-02-04,10987,233710,4162,113858,6825,119852,0,0,8683,142920,2294,45380,8686,188300,California
Santa Clara,2021-02-05,11972,245682,4364,118222,7608,127460,0,0,8505,147973,3453,48833,8506,196806,California
Santa Clara,2021-02-06,5227,250909,2837,121059,2390,129850,0,0,4052,150855,1172,50005,4054,200860,California
Santa Clara,2021-02-07,3489,254398,2353,123412,1136,130986,0,0,3032,153432,456,50461,3033,203893,California
Santa Clara,2021-02-08,10069,264467,3525,126937,6544,137530,0,0,7346,158070,2709,53170,7347,211240,California
Santa Clara,2021-02-09,11195,275662,3829,130766,7366,144896,0,0,7688,162268,3494,56664,7692,218932,California
Santa Clara,2021-02-10,12695,288357,4946,135712,7749,152645,0,0,6856,163298,5828,62492,6858,225790,California
Santa Clara,2021-02-11,13611,301968,4774,140486,8837,161482,0,0,7737,165177,5859,68351,7738,233528,California
Santa Clara,2021-02-12,14612,316580,4501,144987,10111,171593,0,0,7012,164612,7579,75930,7014,240542,California
Santa Clara,2021-02-13,6103,322683,1471,146458,4632,176225,0,0,2229,162976,3867,79797,2231,242773,California
Santa Clara,2021-02-14,4628,327311,1149,147607,3479,179704,0,0,1477,161306,3149,82946,1479,244252,California
Santa Clara,2021-02-15,6285,333596,2798,150405,3487,183191,0,0,2712,160451,3567,86513,2712,246964,California
Santa Clara,2021-02-16,13852,347448,4045,154450,9807,192998,0,0,6952,160521,6883,93396,6953,253917,California
Santa Clara,2021-02-17,14118,361566,5519,159969,8599,201597,0,0,7055,160536,7045,100441,7060,260977,California
Santa Clara,2021-02-18,14301,375867,8433,168402,5868,207465,0,0,7288,160853,6974,107415,7291,268268,California
Santa Clara,2021-02-19,14960,390827,9596,177998,5364,212829,0,0,8713,163341,6230,113645,8718,276986,California
Santa Clara,2021-02-20,6962,397789,5200,183198,1762,214591,0,0,3756,163901,3196,116841,3756,280742,California
Santa Clara,2021-02-21,3389,401178,2517,185715,872,215463,0,0,1256,163034,2125,118966,1258,282000,California
Santa Clara,2021-02-22,10337,411515,6178,191893,4159,219622,0,0,4807,162323,5519,124485,4808,286808,California
Santa Clara,2021-02-23,12047,423562,7801,199694,4246,223868,0,0,6816,163926,5217,129702,6820,293628,California
Santa Clara,2021-02-24,14312,437874,9244,208938,5068,228936,0,0,8855,167340,5441,135143,8855,302483,California
Santa Clara,2021-02-25,15091,452965,9632,218570,5459,234395,0,0,8227,168733,6839,141982,8232,310715,California
Santa Clara,2021-02-26,15035,468000,8717,227287,6318,240713,0,0,8208,170142,6802,148784,8211,318926,California
Santa Clara,2021-02-27,8277,476277,5733,233020,2543,243256,1,1,4632,171147,3635,152419,4640,323566,California
Santa Clara,2021-02-28,5372,481649,3664,236684,1708,244964,0,1,2667,171118,2696,155115,2667,326233,California
Santa Clara,2021-03-01,14567,496216,8381,245065,6181,251145,5,6,9038,174652,5509,160624,9043,335276,California
Santa Clara,2021-03-02,16123,512339,9555,254620,6567,257712,1,7,10274,179105,5824,166448,10277,345553,California
Santa Clara,2021-03-03,18550,530889,9130,263750,9417,267129,3,10,11504,183608,7008,173456,11511,357064,California
Santa Clara,2021-03-04,16582,547471,9044,272794,7535,274664,3,13,9650,186413,6850,180306,9655,366719,California
Santa Clara,2021-03-05,16650,564121,9269,282063,7255,281919,126,139,9250,188416,7378,187684,9381,376100,California
Santa Clara,2021-03-06,9482,573603,6340,288403,2689,284608,453,592,7109,193616,2360,190044,7560,383660,California
Santa Clara,2021-03-07,6845,580448,4480,292883,2121,286729,244,836,5448,197919,1388,191432,5691,389351,California
Santa Clara,2021-03-08,12958,593406,6751,299634,5631,292360,576,1412,8319,202192,4621,196053,8894,398245,California
Santa Clara,2021-03-09,15271,608677,6529,306163,7404,299764,1338,2750,6843,201960,8407,204460,8175,406420,California
Santa Clara,2021-03-10,15171,623848,6609,312772,6443,306207,2119,4869,6232,201375,8910,213370,8325,414745,California
Santa Clara,2021-03-11,17112,640960,7784,320556,7819,314026,1509,6378,6058,197902,11025,224395,7552,422297,California
Santa Clara,2021-03-12,17776,658736,9133,329689,7066,321092,1577,7955,5976,193673,11759,236154,7530,429827,California
Santa Clara,2021-03-13,10797,669533,6251,335940,3047,324139,1499,9454,4784,193945,5990,242144,6262,436089,California
Santa Clara,2021-03-14,6538,676071,3383,339323,1847,325986,1308,10762,3164,195048,3357,245501,4460,440549,California
Santa Clara,2021-03-15,12847,688918,6567,345890,6005,331991,275,11037,5972,194442,6852,252353,6246,446795,California
Santa Clara,2021-03-16,18245,707163,10320,356210,7717,339708,208,11245,8809,194050,9407,261760,9015,455810,California
Santa Clara,2021-03-17,19998,727161,11327,367537,8503,348211,168,11413,10287,194839,9660,271420,10449,466259,California
Santa Clara,2021-03-18,19144,746305,8963,376500,9011,357222,1170,12583,8948,194809,10140,281560,10110,476369,California
Santa Clara,2021-03-19,19370,765675,9963,386463,8400,365622,1007,13590,9860,196215,9451,291011,10857,487226,California
Santa Clara,2021-03-20,11526,777201,6345,392808,4348,369970,833,14423,6694,198937,4802,295813,7524,494750,California
Santa Clara,2021-03-21,8338,785539,3784,396592,3151,373121,1403,15826,5323,202645,3002,298815,6710,501460,California
Santa Clara,2021-03-22,16375,801914,9151,405743,6873,379994,351,16177,9002,204648,7346,306161,9349,510809,California
Santa Clara,2021-03-23,19277,821191,12257,418000,6494,386488,526,16703,11085,208113,8145,314306,11610,522419,California
Santa Clara,2021-03-24,22661,843852,14601,432601,7644,394132,416,17119,14623,215160,7996,322302,15043,537462,California
Santa Clara,2021-03-25,23006,866858,13202,445803,8830,402962,974,18093,14773,222721,8169,330471,15730,553192,California
Santa Clara,2021-03-26,22001,888859,14008,459811,7604,410566,389,18482,13499,228137,8464,338935,13880,567072,California
Santa Clara,2021-03-27,15752,904611,10474,470285,4504,415070,774,19256,8424,230046,7283,346218,9192,576264,California
Santa Clara,2021-03-28,12103,916714,8391,478676,2997,418067,715,19971,6492,231663,5584,351802,7201,583465,California
Santa Clara,2021-03-29,20641,937355,12663,491339,7251,425318,727,20698,11142,234076,9457,361259,11870,595335,California
Santa Clara,2021-03-30,25713,963068,15291,506630,8470,433788,1952,22650,16180,242706,9492,370751,18122,613457,California
Santa Clara,2021-03-31,20542,983610,11938,518568,7474,441262,1130,23780,12626,248573,7873,378624,13740,627197,California
Santa Clara,2021-04-01,31919,1015529,19901,538469,8946,450208,3072,26852,20158,260078,11695,390319,23200,650397,California
Santa Clara,2021-04-02,25258,1040787,14407,552876,8695,458903,2156,29008,16509,270021,8707,399026,18650,669047,California
Santa Clara,2021-04-03,15327,1056114,9295,562171,3519,462422,2513,31521,8526,274265,6780,405806,11024,680071,California
Santa Clara,2021-04-04,7664,1063778,4053,566224,2440,464862,1171,32692,3978,275733,3675,409481,5143,685214,California
Santa Clara,2021-04-05,21942,1085720,14611,580835,4844,469706,2487,35179,14325,284942,7590,417071,16799,702013,California
Santa Clara,2021-04-06,29645,1115365,16333,597168,7831,477537,5481,40660,17811,296422,11787,428858,23267,725280,California
Santa Clara,2021-04-07,30989,1146354,15975,613143,8492,486029,6522,47182,18910,309796,12022,440880,25396,750676,California
Santa Clara,2021-04-08,30061,1176415,16425,629568,6009,492038,7627,54809,16393,320176,13596,454476,23976,774652,California
Santa Clara,2021-04-09,28145,1204560,13932,643500,6916,498954,7297,62106,14379,328108,13699,468175,21631,796283,California
Santa Clara,2021-04-10,21531,1226091,12445,655945,3771,502725,5315,67421,11517,334908,9981,478156,16781,813064,California
Santa Clara,2021-04-11,16082,1242173,9645,665590,2666,505391,3771,71192,8346,339298,7702,485858,12092,825156,California
Santa Clara,2021-04-12,27078,1269251,19058,684648,5574,510965,2446,73638,18480,351676,8538,494396,20916,846072,California
Santa Clara,2021-04-13,34494,1303745,27127,711775,7337,518302,30,73668,26606,370534,7813,502209,26671,872743,California
Santa Clara,2021-04-14,36945,1340690,27984,739759,8957,527259,4,73672,26269,386235,10612,512821,26313,899056,California
Santa Clara,2021-04-15,44180,1384870,34237,773996,9939,537198,4,73676,34074,410343,10001,522822,34109,933165,California
Santa Clara,2021-04-16,38447,1423317,26321,800317,12123,549321,3,73679,27567,427117,10818,533640,27592,960757,California
Santa Clara,2021-04-17,22007,1445324,15030,815347,6975,556296,2,73681,15107,435392,6849,540489,15124,975881,California
Santa Clara,2021-04-18,16435,1461759,10693,826040,5742,562038,0,73681,10266,439531,6139,546628,10278,986159,California
Santa Clara,2021-04-19,28838,1490597,20875,846915,7962,570000,1,73682,17264,445320,11506,558134,17295,1003454,California
Santa Clara,2021-04-20,36929,1527526,22471,869386,14457,584457,1,73683,22551,453632,14271,572405,22583,1026037,California
Santa Clara,2021-04-21,36837,1564363,21366,890752,15469,599926,2,73685,24368,465653,12380,584785,24401,1050438,California
Santa Clara,2021-04-22,37261,1601624,24847,915599,12413,612339,1,73686,17599,463753,19566,604351,17666,1068104,California
Santa Clara,2021-04-23,32079,1633703,19499,935098,12579,624918,1,73687,15066,461959,16913,621264,15119,1083223,California
Santa Clara,2021-04-24,21144,1654847,15481,950579,5662,630580,1,73688,11987,464894,9083,630347,12018,1095241,California
Santa Clara,2021-04-25,13619,1668466,9852,960431,3761,634341,6,73694,8691,468730,4885,635232,8721,1103962,California
Santa Clara,2021-04-26,24936,1693402,19225,979656,5653,639994,58,73752,10366,464705,14473,649705,10448,1114410,California
Santa Clara,2021-04-27,27483,1720885,19535,999191,7572,647566,376,74128,11986,461704,15404,665109,12403,1126813,California
Santa Clara,2021-04-28,25969,1746854,19247,1018438,6283,653849,439,74567,11022,458357,14865,679974,11518,1138331,California
Santa Clara,2021-04-29,23903,1770757,17479,1035917,6026,659875,398,74965,8970,452927,14862,694836,9432,1147763,California
Santa Clara,2021-04-30,22994,1793751,15749,1051666,6881,666756,364,75329,9751,449960,13156,707992,10189,1157952,California
Santa Clara,2021-05-01,17468,1811219,14522,1066188,2686,669442,260,75589,5471,443785,11948,719940,5773,1163725,California
Santa Clara,2021-05-02,11292,1822511,9369,1075557,1693,671135,230,75819,3482,439750,7768,727708,3733,1167458,California
Santa Clara,2021-05-03,22831,1845342,19383,1094940,3016,674151,432,76251,5132,427722,17627,745335,5599,1173057,California
Santa Clara,2021-05-04,30531,1875873,23883,1118823,6105,680256,543,76794,5488,408846,24946,770281,6070,1179127,California
Santa Clara,2021-05-05,32164,1908037,24412,1143235,7206,687462,546,77340,5437,388221,26633,796914,6008,1185135,California
Santa Clara,2021-05-06,35420,1943457,29523,1172758,5423,692885,474,77814,4690,362804,30601,827515,5184,1190319,California
Santa Clara,2021-05-07,32542,1975999,26171,1198929,5877,698762,494,78308,4639,340206,27771,855286,5173,1195492,California
Santa Clara,2021-05-08,16477,1992476,13403,1212332,2652,701414,422,78730,3478,331211,12911,868197,3916,1199408,California
Santa Clara,2021-05-09,10490,2002966,9122,1221454,1180,702594,188,78918,2460,325879,7992,876189,2660,1202068,California
Santa Clara,2021-05-10,20804,2023770,16669,1238123,3731,706325,404,79322,2738,311052,17989,894178,3162,1205230,California
Santa Clara,2021-05-11,22115,2045885,16600,1254723,5071,711396,444,79766,4008,297494,18018,912196,4460,1209690,California
Santa Clara,2021-05-12,21013,2066898,15380,1270103,5124,716520,509,80275,4544,286176,16386,928582,5068,1214758,California
Santa Clara,2021-05-13,27995,2094893,22688,1292791,5006,721526,301,80576,11214,281000,16697,945279,11521,1226279,California
Santa Clara,2021-05-14,27541,2122434,19200,1311991,7955,729481,386,80962,9632,273212,17817,963096,10029,1236308,California
Santa Clara,2021-05-15,20728,2143162,16626,1328617,3821,733302,281,81243,8073,268998,12573,975669,8359,1244667,California
Santa Clara,2021-05-16,16063,2159225,13064,1341681,2823,736125,176,81419,5242,263678,10741,986410,5421,1250088,California
Santa Clara,2021-05-17,20150,2179375,15849,1357530,3937,740062,364,81783,6866,257698,13212,999622,7232,1257320,California
Santa Clara,2021-05-18,26026,2205401,16602,1374132,9008,749070,416,82199,7298,246823,18592,1018214,7717,1265037,California
Santa Clara,2021-05-19,24561,2229962,14344,1388476,9796,758866,421,82620,7477,237754,16975,1035189,7906,1272943,California
Santa Clara,2021-05-20,17669,2247631,11705,1400181,5535,764401,429,83049,5988,232569,11599,1046788,6414,1279357,California
Santa Clara,2021-05-21,21882,2269513,14546,1414727,6859,771260,477,83526,7415,226109,14365,1061153,7905,1287262,California
Santa Clara,2021-05-22,12488,2282001,9556,1424283,2592,773852,340,83866,5430,224887,6995,1068148,5773,1293035,California
Santa Clara,2021-05-23,8065,2290066,5965,1430248,1902,775754,198,84064,3207,223482,4811,1072959,3406,1296441,California
Santa Clara,2021-05-24,10262,2300328,7270,1437518,2543,778297,449,84513,3547,220823,6655,1079614,3996,1300437,California
Santa Clara,2021-05-25,11420,2311748,7911,1445429,3092,781389,417,84930,4447,218785,6900,1086514,4862,1305299,California
Santa Clara,2021-05-26,10330,2322078,6710,1452139,3292,784681,328,85258,3975,216828,6255,1092769,4298,1309597,California
Santa Clara,2021-05-27,9357,2331435,5991,1458130,2892,787573,474,85732,3588,215180,5703,1098472,4055,1313652,California
Santa Clara,2021-05-28,10696,2342131,6920,1465050,3350,790923,426,86158,4355,213683,6279,1104751,4782,1318434,California
Santa Clara,2021-05-29,6292,2348423,4304,1469354,1708,792631,280,86438,2888,213483,3363,1108114,3163,1321597,California
Santa Clara,2021-05-30,3794,2352217,2846,1472200,738,793369,210,86648,1826,213576,1942,1110056,2035,1323632,California
Santa Clara,2021-05-31,1096,2353313,631,1472831,356,793725,109,86757,443,213481,647,1110703,552,1324184,California
Santa Clara,2021-06-01,9033,2362346,6364,1479195,2289,796014,380,87137,3276,211451,5686,1116389,3656,1327840,California
Santa Clara,2021-06-02,7636,2369982,5507,1484702,1779,797793,350,87487,2958,210124,4626,1121015,3299,1331139,California
Santa Clara,2021-06-03,12208,2382190,10119,1494821,1720,799513,369,87856,2778,203899,9376,1130391,3151,1334290,California
Santa Clara,2021-06-04,13500,2395690,11322,1506143,1855,801368,323,88179,3364,197510,10070,1140461,3681,1337971,California
Santa Clara,2021-06-05,10086,2405776,8630,1514773,1199,802567,257,88436,2220,192173,7812,1148273,2475,1340446,California
Santa Clara,2021-06-06,6200,2411976,5452,1520225,598,803165,150,88586,1389,188956,4755,1153028,1538,1341984,California
Santa Clara,2021-06-07,9632,2421608,8098,1528323,1283,804448,251,88837,2337,184285,7256,1160284,2585,1344569,California
Santa Clara,2021-06-08,8734,2430342,7099,1535422,1372,805820,263,89100,2441,180748,6239,1166523,2702,1347271,California
Santa Clara,2021-06-09,6262,2436604,5318,1540740,758,806578,186,89286,1413,177515,4828,1171351,1595,1348866,California
Santa Cruz,2020-12-15,2,2,2,2,0,0,0,0,2,2,0,0,2,2,California
Santa Cruz,2020-12-16,57,59,57,59,0,0,0,0,57,59,0,0,57,59,California
Santa Cruz,2020-12-17,385,444,385,444,0,0,0,0,385,444,0,0,385,444,California
Santa Cruz,2020-12-18,456,900,456,900,0,0,0,0,456,900,0,0,456,900,California
Santa Cruz,2020-12-19,177,1077,176,1076,1,1,0,0,177,1077,0,0,177,1077,California
Santa Cruz,2020-12-20,92,1169,92,1168,0,1,0,0,92,1169,0,0,92,1169,California
Santa Cruz,2020-12-21,434,1603,433,1601,1,2,0,0,434,1603,0,0,434,1603,California
Santa Cruz,2020-12-22,413,2016,412,2013,1,3,0,0,413,2016,0,0,413,2016,California
Santa Cruz,2020-12-23,358,2374,318,2331,40,43,0,0,358,2374,0,0,358,2374,California
Santa Cruz,2020-12-24,124,2498,48,2379,76,119,0,0,124,2498,0,0,124,2498,California
Santa Cruz,2020-12-25,9,2507,9,2388,0,119,0,0,9,2507,0,0,9,2507,California
Santa Cruz,2020-12-26,61,2568,43,2431,18,137,0,0,61,2568,0,0,61,2568,California
Santa Cruz,2020-12-27,31,2599,26,2457,5,142,0,0,31,2599,0,0,31,2599,California
Santa Cruz,2020-12-28,475,3074,107,2564,368,510,0,0,475,3074,0,0,475,3074,California
Santa Cruz,2020-12-29,784,3858,363,2927,421,931,0,0,784,3858,0,0,784,3858,California
Santa Cruz,2020-12-30,345,4203,157,3084,188,1119,0,0,345,4203,0,0,345,4203,California
Santa Cruz,2020-12-31,309,4512,10,3094,299,1418,0,0,309,4512,0,0,309,4512,California
Santa Cruz,2021-01-01,33,4545,1,3095,32,1450,0,0,33,4545,0,0,33,4545,California
Santa Cruz,2021-01-02,65,4610,52,3147,13,1463,0,0,65,4610,0,0,65,4610,California
Santa Cruz,2021-01-03,14,4624,6,3153,8,1471,0,0,14,4624,0,0,14,4624,California
Santa Cruz,2021-01-04,276,4900,122,3275,154,1625,0,0,274,4898,0,0,274,4898,California
Santa Cruz,2021-01-05,557,5457,424,3699,133,1758,0,0,259,4859,298,298,259,5157,California
Santa Cruz,2021-01-06,791,6248,662,4361,129,1887,0,0,455,4979,335,633,455,5612,California
Santa Cruz,2021-01-07,529,6777,211,4572,318,2205,0,0,374,5199,155,788,375,5987,California
Santa Cruz,2021-01-08,921,7698,553,5125,368,2573,0,0,482,5243,439,1227,483,6470,California
Santa Cruz,2021-01-09,461,8159,123,5248,338,2911,0,0,405,5592,56,1283,405,6875,California
Santa Cruz,2021-01-10,73,8232,64,5312,9,2920,0,0,19,5557,54,1337,19,6894,California
Santa Cruz,2021-01-11,711,8943,580,5892,131,3051,0,0,186,5219,525,1862,187,7081,California
Santa Cruz,2021-01-12,713,9656,520,6412,193,3244,0,0,471,5448,242,2104,471,7552,California
Santa Cruz,2021-01-13,504,10160,223,6635,281,3525,0,0,424,5795,77,2181,424,7976,California
Santa Cruz,2021-01-14,539,10699,98,6733,441,3966,0,0,478,6212,61,2242,478,8454,California
Santa Cruz,2021-01-15,1427,12126,71,6804,1356,5322,0,0,1366,7519,61,2303,1368,9822,California
Santa Cruz,2021-01-16,417,12543,49,6853,368,5690,0,0,401,7904,16,2319,401,10223,California
Santa Cruz,2021-01-17,296,12839,41,6894,255,5945,0,0,272,8152,24,2343,272,10495,California
Santa Cruz,2021-01-18,986,13825,99,6993,887,6832,0,0,925,9016,61,2404,925,11420,California
Santa Cruz,2021-01-19,1597,15422,513,7506,1084,7916,0,0,1253,9928,342,2746,1254,12674,California
Santa Cruz,2021-01-20,1224,16646,176,7682,1048,8964,0,0,1030,10768,191,2937,1031,13705,California
Santa Cruz,2021-01-21,1669,18315,194,7876,1475,10439,0,0,1563,12227,106,3043,1565,15270,California
Santa Cruz,2021-01-22,1770,20085,517,8393,1253,11692,0,0,1668,13798,98,3141,1669,16939,California
Santa Cruz,2021-01-23,393,20478,140,8533,253,11945,0,0,337,14080,55,3196,337,17276,California
Santa Cruz,2021-01-24,113,20591,18,8551,95,12040,0,0,95,14157,18,3214,95,17371,California
Santa Cruz,2021-01-25,1040,21631,355,8906,685,12725,0,0,541,14199,499,3713,541,17912,California
Santa Cruz,2021-01-26,1658,23289,241,9147,1417,14142,0,0,1158,14857,500,4213,1158,19070,California
Santa Cruz,2021-01-27,1632,24921,440,9587,1192,15334,0,0,1250,15727,380,4593,1250,20320,California
Santa Cruz,2021-01-28,1731,26652,284,9871,1447,16781,0,0,1457,16911,274,4867,1458,21778,California
Santa Cruz,2021-01-29,1718,28370,479,10350,1239,18020,0,0,1589,18372,128,4995,1589,23367,California
Santa Cruz,2021-01-30,1047,29417,309,10659,738,18758,0,0,915,19155,132,5127,915,24282,California
Santa Cruz,2021-01-31,218,29635,111,10770,107,18865,0,0,204,19345,14,5141,204,24486,California
Santa Cruz,2021-02-01,1203,30838,738,11508,465,19330,0,0,810,19762,393,5534,810,25296,California
Santa Cruz,2021-02-02,977,31815,123,11631,854,20184,0,0,827,20440,149,5683,827,26123,California
Santa Cruz,2021-02-03,2179,33994,934,12565,1245,21429,0,0,1873,22010,303,5986,1873,27996,California
Santa Cruz,2021-02-04,1815,35809,755,13320,1060,22489,0,0,1483,23162,331,6317,1483,29479,California
Santa Cruz,2021-02-05,3099,38908,756,14076,2343,24832,0,0,2788,25640,310,6627,2788,32267,California
Santa Cruz,2021-02-06,2538,41446,151,14227,2387,27219,0,0,2195,27492,343,6970,2195,34462,California
Santa Cruz,2021-02-07,901,42347,124,14351,777,27996,0,0,883,28357,18,6988,883,35345,California
Santa Cruz,2021-02-08,681,43028,192,14543,489,28485,0,0,490,28657,190,7178,490,35835,California
Santa Cruz,2021-02-09,2336,45364,1048,15591,1288,29773,0,0,2080,30481,256,7434,2080,37915,California
Santa Cruz,2021-02-10,2128,47492,560,16151,1568,31341,0,0,1444,31254,672,8106,1445,39360,California
Santa Cruz,2021-02-11,1806,49298,302,16453,1504,32845,0,0,1301,32052,503,8609,1301,40661,California
Santa Cruz,2021-02-12,3142,52440,408,16861,2734,35579,0,0,1758,32437,1375,9984,1760,42421,California
Santa Cruz,2021-02-13,1671,54111,119,16980,1552,37131,0,0,1266,33298,405,10389,1266,43687,California
Santa Cruz,2021-02-14,1387,55498,68,17048,1319,38450,0,0,1125,34161,262,10651,1125,44812,California
Santa Cruz,2021-02-15,1544,57042,274,17322,1270,39720,0,0,549,33716,995,11646,550,45362,California
Santa Cruz,2021-02-16,1656,58698,200,17522,1456,41176,0,0,513,33108,1121,12767,513,45875,California
Santa Cruz,2021-02-17,2862,61560,957,18479,1905,43081,0,0,1181,32624,1668,14435,1184,47059,California
Santa Cruz,2021-02-18,2819,64379,618,19097,2201,45282,0,0,1212,32233,1603,16038,1212,48271,California
Santa Cruz,2021-02-19,3194,67573,1113,20210,2081,47363,0,0,1964,32970,1227,17265,1964,50235,California
Santa Cruz,2021-02-20,2341,69914,1467,21677,874,48237,0,0,1846,34321,495,17760,1846,52081,California
Santa Cruz,2021-02-21,828,70742,364,22041,464,48701,0,0,699,34893,127,17887,699,52780,California
Santa Cruz,2021-02-22,1211,71953,931,22972,280,48981,0,0,517,34718,692,18579,517,53297,California
Santa Cruz,2021-02-23,2059,74012,918,23890,1141,50122,0,0,692,34044,1366,19945,692,53989,California
Santa Cruz,2021-02-24,3119,77131,1627,25517,1492,51614,0,0,1178,33286,1936,21881,1178,55167,California
Santa Cruz,2021-02-25,3169,80300,1389,26906,1780,53394,0,0,1743,33612,1418,23299,1744,56911,California
Santa Cruz,2021-02-26,2698,82998,742,27648,1956,55350,0,0,1538,33997,1155,24454,1540,58451,California
Santa Cruz,2021-02-27,2610,85608,919,28567,1691,57041,0,0,1825,35039,783,25237,1825,60276,California
Santa Cruz,2021-02-28,1278,86886,361,28928,917,57958,0,0,1067,35898,208,25445,1067,61343,California
Santa Cruz,2021-03-01,1875,88761,1232,30160,643,58601,0,0,697,35419,1176,26621,697,62040,California
Santa Cruz,2021-03-02,1510,90271,352,30512,1158,59759,0,0,858,35629,651,27272,861,62901,California
Santa Cruz,2021-03-03,2302,92573,609,31121,1693,61452,0,0,1255,35840,1044,28316,1255,64156,California
Santa Cruz,2021-03-04,2927,95500,1385,32506,1541,62993,1,1,1969,36864,947,29263,1971,66127,California
Santa Cruz,2021-03-05,2574,98074,468,32974,2089,65082,17,18,1116,36542,1455,30718,1133,67260,California
Santa Cruz,2021-03-06,3743,101817,1268,34242,2376,67458,99,117,2071,37039,1672,32390,2169,69429,California
Santa Cruz,2021-03-07,1333,103150,122,34364,1141,68599,70,187,553,36883,779,33169,623,70052,California
Santa Cruz,2021-03-08,1067,104217,215,34579,723,69322,129,316,645,37233,422,33591,772,70824,California
Santa Cruz,2021-03-09,1743,105960,253,34832,1345,70667,145,461,691,37020,1049,34640,836,71660,California
Santa Cruz,2021-03-10,3787,109747,2068,36900,1577,72244,142,603,1977,37333,1808,36448,2121,73781,California
Santa Cruz,2021-03-11,2765,112512,1202,38102,1393,73637,170,773,1530,37801,1234,37682,1702,75483,California
Santa Cruz,2021-03-12,2697,115209,866,38968,1546,75183,285,1058,903,37197,1790,39472,1186,76669,California
Santa Cruz,2021-03-13,2254,117463,1303,40271,911,76094,40,1098,1152,37292,1099,40571,1194,77863,California
Santa Cruz,2021-03-14,879,118342,201,40472,665,76759,13,1111,419,37265,458,41029,431,78294,California
Santa Cruz,2021-03-15,1300,119642,456,40928,810,77569,34,1145,555,37114,741,41770,590,78884,California
Santa Cruz,2021-03-16,2262,121904,1071,41999,1150,78719,41,1186,1309,37515,948,42718,1349,80233,California
Santa Cruz,2021-03-17,3858,125762,2275,44274,1573,80292,10,1196,2539,38754,1314,44032,2553,82786,California
Santa Cruz,2021-03-18,3784,129546,2034,46308,1633,81925,117,1313,2023,39136,1758,45790,2140,84926,California
Santa Cruz,2021-03-19,3303,132849,1290,47598,1794,83719,219,1532,1717,39490,1581,47371,1935,86861,California
Santa Cruz,2021-03-20,2136,134985,1602,49200,499,84218,35,1567,1068,39526,1067,48438,1103,87964,California
Santa Cruz,2021-03-21,814,135799,435,49635,255,84473,124,1691,423,39686,388,48826,548,88512,California
Santa Cruz,2021-03-22,1318,137117,815,50450,481,84954,22,1713,917,40228,398,49224,940,89452,California
Santa Cruz,2021-03-23,2496,139613,1397,51847,1050,86004,49,1762,1653,41088,842,50066,1702,91154,California
Santa Cruz,2021-03-24,3012,142625,2045,53892,946,86950,21,1783,1998,42098,1008,51074,2018,93172,California
Santa Cruz,2021-03-25,2575,145200,1290,55182,1250,88200,35,1818,1298,42161,1270,52344,1333,94505,California
Santa Cruz,2021-03-26,3045,148245,1760,56942,1257,89457,28,1846,2075,43300,963,53307,2102,96607,California
Santa Cruz,2021-03-27,3114,151359,1932,58874,1157,90614,25,1871,1462,43146,1642,54949,1488,98095,California
Santa Cruz,2021-03-28,902,152261,555,59429,333,90947,14,1885,472,43206,426,55375,486,98581,California
Santa Cruz,2021-03-29,1949,154210,850,60279,1032,91979,67,1952,1231,43789,715,56090,1298,99879,California
Santa Cruz,2021-03-30,2638,156848,792,61071,1696,93675,150,2102,1679,44660,957,57047,1828,101707,California
Santa Cruz,2021-03-31,4103,160951,2783,63854,1274,94949,46,2148,2148,44904,1950,58997,2194,103901,California
Santa Cruz,2021-04-01,3935,164886,2107,65961,1720,96669,108,2256,1986,45056,1942,60939,2094,105995,California
Santa Cruz,2021-04-02,3231,168117,1382,67343,1673,98342,176,2432,1838,45680,1390,62329,2014,108009,California
Santa Cruz,2021-04-03,2206,170323,1204,68547,876,99218,126,2558,863,45327,1341,63670,988,108997,California
Santa Cruz,2021-04-04,922,171245,480,69027,386,99604,56,2614,538,45537,384,64054,594,109591,California
Santa Cruz,2021-04-05,2228,173473,763,69790,1300,100904,165,2779,1376,46228,851,64905,1542,111133,California
Santa Cruz,2021-04-06,3331,176804,1614,71404,1344,102248,373,3152,1931,47137,1390,66295,2299,113432,California
Santa Cruz,2021-04-07,4060,180864,1599,73003,2111,104359,350,3502,1754,46937,2303,68598,2103,115535,California
Santa Cruz,2021-04-08,4174,185038,2285,75288,1389,105748,500,4002,2458,48186,1707,70305,2956,118491,California
Santa Cruz,2021-04-09,3656,188694,1474,76762,1785,107533,397,4399,2052,49039,1597,71902,2450,120941,California
Santa Cruz,2021-04-10,2200,190894,1045,77807,916,108449,239,4638,1031,49142,1165,73067,1268,122209,California
Santa Cruz,2021-04-11,965,191859,502,78309,374,108823,89,4727,462,49190,503,73570,551,122760,California
Santa Cruz,2021-04-12,2266,194125,796,79105,1059,109882,411,5138,1093,49536,1159,74729,1505,124265,California
Santa Cruz,2021-04-13,2861,196986,1416,80521,1444,111326,1,5139,1626,49937,1227,75956,1628,125893,California
Santa Cruz,2021-04-14,4548,201534,2180,82701,2368,113694,0,5139,2237,49877,2303,78259,2243,128136,California
Santa Cruz,2021-04-15,4964,206498,3141,85842,1823,115517,0,5139,3154,51236,1799,80058,3158,131294,California
Santa Cruz,2021-04-16,4390,210888,2413,88255,1975,117492,2,5141,2395,51647,1987,82045,2398,133692,California
Santa Cruz,2021-04-17,2199,213087,870,89125,1329,118821,0,5141,1461,52372,736,82781,1461,135153,California
Santa Cruz,2021-04-18,1034,214121,495,89620,538,119359,1,5142,578,52497,454,83235,579,135732,California
Santa Cruz,2021-04-19,2499,216620,1480,91100,1018,120377,1,5143,1594,53189,902,84137,1594,137326,California
Santa Cruz,2021-04-20,3076,219696,1619,92719,1457,121834,0,5143,1785,53692,1283,85420,1786,139112,California
Santa Cruz,2021-04-21,4144,223840,2770,95489,1374,123208,0,5143,2240,54047,1886,87306,2241,141353,California
Santa Cruz,2021-04-22,4214,228054,2844,98333,1370,124578,0,5143,2378,54598,1827,89133,2378,143731,California
Santa Cruz,2021-04-23,3115,231169,1680,100013,1434,126012,1,5144,1347,54187,1758,90891,1347,145078,California
Santa Cruz,2021-04-24,2194,233363,1060,101073,1131,127143,3,5147,685,53376,1499,92390,688,145766,California
Santa Cruz,2021-04-25,1066,234429,679,101752,375,127518,12,5159,436,53201,622,93012,447,146213,California
Santa Cruz,2021-04-26,2061,236490,1004,102756,1043,128561,14,5173,861,52887,1190,94202,876,147089,California
Santa Cruz,2021-04-27,2930,239420,951,103707,1898,130459,81,5254,1470,52985,1453,95655,1551,148640,California
Santa Cruz,2021-04-28,3389,242809,1880,105587,1434,131893,75,5329,1783,53246,1594,97249,1855,150495,California
Santa Cruz,2021-04-29,3692,246501,2458,108045,1172,133065,62,5391,1306,52241,2375,99624,1370,151865,California
Santa Cruz,2021-04-30,2342,248843,1182,109227,1117,134182,43,5434,992,51935,1342,100966,1036,152901,California
Santa Cruz,2021-05-01,1257,250100,993,110220,232,134414,32,5466,595,51903,659,101625,627,153528,California
Santa Cruz,2021-05-02,626,250726,442,110662,158,134572,26,5492,213,51730,413,102038,240,153768,California
Santa Cruz,2021-05-03,1881,252607,963,111625,854,135426,64,5556,653,51231,1217,103255,718,154486,California
Santa Cruz,2021-05-04,2623,255230,1512,113137,1041,136467,70,5626,856,50391,1764,105019,924,155410,California
Santa Cruz,2021-05-05,2703,257933,1337,114474,1287,137754,79,5705,710,49233,1951,106970,793,156203,California
Santa Cruz,2021-05-06,3776,261709,2396,116870,1164,138918,216,5921,857,47402,2901,109871,1070,157273,California
Santa Cruz,2021-05-07,2683,264392,1204,118074,1399,140317,80,6001,427,45659,2251,112122,508,157781,California
Santa Cruz,2021-05-08,1330,265722,659,118733,643,140960,28,6029,371,45101,959,113081,401,158182,California
Santa Cruz,2021-05-09,505,266227,325,119058,158,141118,22,6051,155,44930,348,113429,177,158359,California
Santa Cruz,2021-05-10,2032,268259,1209,120267,761,141879,62,6113,409,43786,1615,115044,471,158830,California
Santa Cruz,2021-05-11,2342,270601,1308,121575,948,142827,86,6199,639,42812,1698,116742,724,159554,California
Santa Cruz,2021-05-12,3092,273693,1307,122882,1708,144535,77,6276,556,40919,2527,119269,634,160188,California
Santa Cruz,2021-05-13,3849,277542,2597,125479,1161,145696,91,6367,1377,39921,2468,121737,1470,161658,California
Santa Cruz,2021-05-14,2944,280486,1615,127094,1291,146987,38,6405,1153,39331,1783,123520,1193,162851,California
Santa Cruz,2021-05-15,2260,282746,1316,128410,932,147919,12,6417,1108,39302,1149,124669,1120,163971,California
Santa Cruz,2021-05-16,707,283453,359,128769,327,148246,21,6438,202,39022,504,125173,224,164195,California
Santa Cruz,2021-05-17,1510,284963,788,129557,656,148902,66,6504,537,38653,972,126145,603,164798,California
Santa Cruz,2021-05-18,2283,287246,1402,130959,858,149760,23,6527,1105,38611,1170,127315,1128,165926,California
Santa Cruz,2021-05-19,3039,290285,1843,132802,1162,150922,34,6561,1305,38224,1726,129041,1339,167265,California
Santa Cruz,2021-05-20,3167,293452,2334,135136,684,151606,149,6710,1529,38271,1631,130672,1678,168943,California
Santa Cruz,2021-05-21,1606,295058,801,135937,719,152325,86,6796,563,37881,1039,131711,649,169592,California
Santa Cruz,2021-05-22,1598,296656,1259,137196,332,152657,7,6803,572,37439,1022,132733,580,170172,California
Santa Cruz,2021-05-23,405,297061,221,137417,166,152823,18,6821,137,37328,266,132999,155,170327,California
Santa Cruz,2021-05-24,1154,298215,664,138081,413,153236,77,6898,301,36861,845,133844,378,170705,California
Santa Cruz,2021-05-25,2265,300480,1304,139385,915,154151,46,6944,473,35734,1646,135490,519,171224,California
Santa Cruz,2021-05-26,1711,302191,806,140191,862,155013,43,6987,486,35050,1213,136703,529,171753,California
Santa Cruz,2021-05-27,1277,303468,677,140868,497,155510,103,7090,465,34813,805,137508,568,172321,California
Santa Cruz,2021-05-28,849,304317,379,141247,440,155950,30,7120,372,34748,468,137976,403,172724,California
Santa Cruz,2021-05-29,574,304891,326,141573,238,156188,10,7130,323,34832,250,138226,334,173058,California
Santa Cruz,2021-05-30,238,305129,121,141694,105,156293,12,7142,97,34802,138,138364,108,173166,California
Santa Cruz,2021-05-31,143,305272,64,141758,78,156371,1,7143,46,34753,96,138460,47,173213,California
Santa Cruz,2021-06-01,911,306183,560,142318,339,156710,12,7155,344,34543,565,139025,355,173568,California
Santa Cruz,2021-06-02,896,307079,534,142852,322,157032,40,7195,360,34412,531,139556,400,173968,California
Santa Cruz,2021-06-03,2257,309336,1532,144384,686,157718,39,7234,546,33296,1701,141257,585,174553,California
Santa Cruz,2021-06-04,1060,310396,737,145121,289,158007,34,7268,252,32778,803,142060,285,174838,California
Santa Cruz,2021-06-05,1008,311404,816,145937,185,158192,7,7275,182,32146,821,142881,189,175027,California
Santa Cruz,2021-06-06,393,311797,303,146240,75,158267,15,7290,148,32068,241,143122,163,175190,California
Santa Cruz,2021-06-07,767,312564,566,146806,171,158438,30,7320,171,31675,595,143717,202,175392,California
Santa Cruz,2021-06-08,1408,313972,1141,147947,248,158686,19,7339,299,30888,1105,144822,318,175710,California
Santa Cruz,2021-06-09,629,314601,490,148437,125,158811,14,7353,149,30572,479,145301,163,175873,California
Shasta,2020-12-16,130,130,130,130,0,0,0,0,130,130,0,0,130,130,California
Shasta,2020-12-17,421,551,421,551,0,0,0,0,421,551,0,0,421,551,California
Shasta,2020-12-18,164,715,164,715,0,0,0,0,164,715,0,0,164,715,California
Shasta,2020-12-19,1,716,1,716,0,0,0,0,1,716,0,0,1,716,California
Shasta,2020-12-21,75,791,75,791,0,0,0,0,75,791,0,0,75,791,California
Shasta,2020-12-22,190,981,185,976,5,5,0,0,190,981,0,0,190,981,California
Shasta,2020-12-23,170,1151,166,1142,4,9,0,0,170,1151,0,0,170,1151,California
Shasta,2020-12-24,21,1172,21,1163,0,9,0,0,21,1172,0,0,21,1172,California
Shasta,2020-12-26,4,1176,1,1164,3,12,0,0,4,1176,0,0,4,1176,California
Shasta,2020-12-27,1,1177,0,1164,1,13,0,0,1,1177,0,0,1,1177,California
Shasta,2020-12-28,38,1215,29,1193,9,22,0,0,38,1215,0,0,38,1215,California
Shasta,2020-12-29,179,1394,178,1371,1,23,0,0,179,1394,0,0,179,1394,California
Shasta,2020-12-30,179,1573,169,1540,10,33,0,0,179,1573,0,0,179,1573,California
Shasta,2020-12-31,83,1656,2,1542,81,114,0,0,83,1656,0,0,83,1656,California
Shasta,2021-01-02,2,1658,0,1542,2,116,0,0,2,1658,0,0,2,1658,California
Shasta,2021-01-03,1,1659,1,1543,0,116,0,0,1,1659,0,0,1,1659,California
Shasta,2021-01-04,365,2024,302,1845,63,179,0,0,366,2025,0,0,366,2025,California
Shasta,2021-01-05,332,2356,312,2157,20,199,0,0,252,2197,80,80,252,2277,California
Shasta,2021-01-06,461,2817,390,2547,71,270,0,0,201,2139,259,339,201,2478,California
Shasta,2021-01-07,129,2946,40,2587,89,359,0,0,104,2218,25,364,104,2582,California
Shasta,2021-01-08,521,3467,446,3033,75,434,0,0,313,2323,208,572,313,2895,California
Shasta,2021-01-09,72,3539,63,3096,9,443,0,0,70,2391,2,574,70,2965,California
Shasta,2021-01-10,5,3544,0,3096,5,448,0,0,3,2394,2,576,5,2970,California
Shasta,2021-01-11,400,3944,183,3279,217,665,0,0,367,2728,33,609,367,3337,California
Shasta,2021-01-12,479,4423,322,3601,157,822,0,0,309,2867,170,779,309,3646,California
Shasta,2021-01-13,597,5020,267,3868,330,1152,0,0,428,3126,169,948,428,4074,California
Shasta,2021-01-14,493,5513,54,3922,439,1591,0,0,473,3579,20,968,473,4547,California
Shasta,2021-01-15,678,6191,137,4059,541,2132,0,0,676,4253,2,970,676,5223,California
Shasta,2021-01-16,889,7080,53,4112,836,2968,0,0,886,5136,3,973,886,6109,California
Shasta,2021-01-17,27,7107,6,4118,21,2989,0,0,23,5155,4,977,23,6132,California
Shasta,2021-01-18,596,7703,127,4245,469,3458,0,0,589,5737,7,984,589,6721,California
Shasta,2021-01-19,1052,8755,393,4638,659,4117,0,0,909,6503,143,1127,909,7630,California
Shasta,2021-01-20,675,9430,413,5051,262,4379,0,0,488,6809,182,1309,488,8118,California
Shasta,2021-01-21,620,10050,281,5332,339,4718,0,0,599,7387,21,1330,599,8717,California
Shasta,2021-01-22,435,10485,176,5508,259,4977,0,0,429,7810,6,1336,429,9146,California
Shasta,2021-01-23,62,10547,5,5513,57,5034,0,0,61,7870,1,1337,61,9207,California
Shasta,2021-01-24,25,10572,2,5515,23,5057,0,0,24,7893,1,1338,24,9231,California
Shasta,2021-01-25,742,11314,485,6000,257,5314,0,0,460,8072,281,1619,460,9691,California
Shasta,2021-01-26,697,12011,336,6336,361,5675,0,0,463,8303,232,1851,463,10154,California
Shasta,2021-01-27,457,12468,187,6523,270,5945,0,0,408,8662,49,1900,408,10562,California
Shasta,2021-01-28,878,13346,571,7094,307,6252,0,0,659,9102,219,2119,659,11221,California
Shasta,2021-01-29,814,14160,330,7424,484,6736,0,0,626,9541,188,2307,627,11848,California
Shasta,2021-01-30,611,14771,15,7439,596,7332,0,0,601,10132,10,2317,601,12449,California
Shasta,2021-01-31,27,14798,3,7442,24,7356,0,0,26,10157,1,2318,26,12475,California
Shasta,2021-02-01,535,15333,149,7591,386,7742,0,0,392,10407,143,2461,393,12868,California
Shasta,2021-02-02,985,16318,499,8090,486,8228,0,0,895,11214,88,2549,895,13763,California
Shasta,2021-02-03,704,17022,211,8301,493,8721,0,0,471,11452,233,2782,471,14234,California
Shasta,2021-02-04,1089,18111,676,8977,413,9134,0,0,898,12160,190,2972,898,15132,California
Shasta,2021-02-05,1254,19365,166,9143,1088,10222,0,0,1046,12999,207,3179,1046,16178,California
Shasta,2021-02-06,1737,21102,40,9183,1697,11919,0,0,1714,14690,23,3202,1714,17892,California
Shasta,2021-02-07,25,21127,3,9186,22,11941,0,0,23,14711,2,3204,23,17915,California
Shasta,2021-02-08,592,21719,167,9353,425,12366,0,0,305,14729,287,3491,305,18220,California
Shasta,2021-02-09,1121,22840,647,10000,474,12840,0,0,732,15073,389,3880,733,18953,California
Shasta,2021-02-10,1124,23964,792,10792,332,13172,0,0,601,15151,524,4404,602,19555,California
Shasta,2021-02-11,877,24841,184,10976,693,13865,0,0,360,14999,512,4916,360,19915,California
Shasta,2021-02-12,1770,26611,1203,12179,567,14432,0,0,1226,15681,544,5460,1226,21141,California
Shasta,2021-02-13,1364,27975,365,12544,999,15431,0,0,558,15433,807,6267,559,21700,California
Shasta,2021-02-14,148,28123,4,12548,144,15575,0,0,125,15535,23,6290,125,21825,California
Shasta,2021-02-15,377,28500,95,12643,282,15857,0,0,210,15578,167,6457,210,22035,California
Shasta,2021-02-16,1191,29691,517,13160,674,16531,0,0,421,15230,769,7226,421,22456,California
Shasta,2021-02-17,1039,30730,451,13611,588,17119,0,0,421,15033,618,7844,421,22877,California
Shasta,2021-02-18,937,31667,469,14080,468,17587,0,0,455,15007,482,8326,456,23333,California
Shasta,2021-02-19,1335,33002,951,15031,384,17971,0,0,876,15425,458,8784,876,24209,California
Shasta,2021-02-20,792,33794,88,15119,704,18675,0,0,299,15231,493,9277,299,24508,California
Shasta,2021-02-21,31,33825,3,15122,28,18703,0,0,9,15218,22,9299,9,24517,California
Shasta,2021-02-22,432,34257,80,15202,352,19055,0,0,183,15153,248,9547,183,24700,California
Shasta,2021-02-23,910,35167,470,15672,440,19495,0,0,328,14899,582,10129,328,25028,California
Shasta,2021-02-24,871,36038,502,16174,369,19864,0,0,268,14565,602,10731,268,25296,California
Shasta,2021-02-25,521,36559,173,16347,348,20212,0,0,168,14381,352,11083,168,25464,California
Shasta,2021-02-26,776,37335,95,16442,681,20893,0,0,333,14272,442,11525,333,25797,California
Shasta,2021-02-27,808,38143,26,16468,782,21675,0,0,187,13840,619,12144,187,25984,California
Shasta,2021-02-28,177,38320,4,16472,173,21848,0,0,127,13917,50,12194,127,26111,California
Shasta,2021-03-01,588,38908,57,16529,531,22379,0,0,296,13922,291,12485,296,26407,California
Shasta,2021-03-02,1031,39939,473,17002,558,22937,0,0,340,13573,689,13174,340,26747,California
Shasta,2021-03-03,673,40612,174,17176,499,23436,0,0,242,13384,431,13605,242,26989,California
Shasta,2021-03-04,2991,43603,2401,19577,590,24026,0,0,1722,13840,1267,14872,1723,28712,California
Shasta,2021-03-05,1542,45145,159,19736,1354,25380,29,29,777,13880,766,15638,806,29518,California
Shasta,2021-03-06,2722,47867,383,20119,2294,27674,45,74,851,12907,1869,17507,896,30414,California
Shasta,2021-03-07,93,47960,4,20123,57,27731,32,106,39,12924,54,17561,71,30485,California
Shasta,2021-03-08,571,48531,52,20175,381,28112,138,244,157,12807,412,17973,295,30780,California
Shasta,2021-03-09,1235,49766,595,20770,464,28576,176,420,679,13106,555,18528,854,31634,California
Shasta,2021-03-10,798,50564,256,21026,340,28916,202,622,139,12787,658,19186,339,31973,California
Shasta,2021-03-11,1538,52102,472,21498,800,29716,266,888,927,13372,608,19794,1193,33166,California
Shasta,2021-03-12,1554,53656,850,22348,458,30174,246,1134,404,12872,1149,20943,649,33815,California
Shasta,2021-03-13,755,54411,424,22772,229,30403,102,1236,474,13166,280,21223,574,34389,California
Shasta,2021-03-14,1010,55421,8,22780,980,31383,22,1258,873,13925,137,21360,896,35285,California
Shasta,2021-03-15,493,55914,38,22818,356,31739,99,1357,209,13948,284,21644,307,35592,California
Shasta,2021-03-16,1132,57046,145,22963,919,32658,68,1425,848,14580,284,21928,916,36508,California
Shasta,2021-03-17,723,57769,184,23147,481,33139,58,1483,386,14694,330,22258,444,36952,California
Shasta,2021-03-18,1529,59298,584,23731,842,33981,103,1586,1105,15482,420,22678,1208,38160,California
Shasta,2021-03-19,635,59933,196,23927,383,34364,56,1642,401,15706,233,22911,457,38617,California
Shasta,2021-03-20,737,60670,485,24412,241,34605,11,1653,594,16168,143,23054,605,39222,California
Shasta,2021-03-21,313,60983,298,24710,4,34609,11,1664,286,16439,26,23080,297,39519,California
Shasta,2021-03-22,344,61327,37,24747,271,34880,36,1700,196,16524,147,23227,232,39751,California
Shasta,2021-03-23,1308,62635,652,25399,596,35476,60,1760,756,16793,547,23774,816,40567,California
Shasta,2021-03-24,612,63247,161,25560,414,35890,37,1797,371,16961,240,24014,408,40975,California
Shasta,2021-03-25,1117,64364,430,25990,666,36556,21,1818,802,17473,312,24326,824,41799,California
Shasta,2021-03-26,1809,66173,1381,27371,397,36953,31,1849,1452,18600,357,24683,1484,43283,California
Shasta,2021-03-27,1570,67743,387,27758,315,37268,868,2717,556,19008,1012,25695,1420,44703,California
Shasta,2021-03-28,402,68145,297,28055,95,37363,10,2727,299,19216,101,25796,309,45012,California
Shasta,2021-03-29,418,68563,40,28095,367,37730,11,2738,165,19140,252,26048,176,45188,California
Shasta,2021-03-30,1232,69795,758,28853,457,38187,17,2755,613,19154,616,26664,630,45818,California
Shasta,2021-03-31,614,70409,203,29056,405,38592,6,2761,374,19299,235,26899,380,46198,California
Shasta,2021-04-01,885,71294,237,29293,636,39228,12,2773,560,19548,323,27222,572,46770,California
Shasta,2021-04-02,733,72027,185,29478,495,39723,53,2826,398,19666,333,27555,451,47221,California
Shasta,2021-04-03,509,72536,362,29840,129,39852,18,2844,387,19949,122,27677,405,47626,California
Shasta,2021-04-04,290,72826,176,30016,95,39947,19,2863,218,20114,72,27749,237,47863,California
Shasta,2021-04-05,435,73261,68,30084,309,40256,58,2921,250,20237,185,27934,308,48171,California
Shasta,2021-04-06,1131,74392,485,30569,480,40736,166,3087,536,20348,590,28524,701,48872,California
Shasta,2021-04-07,645,75037,202,30771,281,41017,162,3249,249,20366,392,28916,410,49282,California
Shasta,2021-04-08,1134,76171,257,31028,722,41739,155,3404,212,19813,920,29836,367,49649,California
Shasta,2021-04-09,2568,78739,2056,33084,303,42042,209,3613,1994,21447,567,30403,2201,51850,California
Shasta,2021-04-10,873,79612,587,33671,158,42200,128,3741,263,21226,610,31013,389,52239,California
Shasta,2021-04-11,1244,80856,397,34068,827,43027,20,3761,143,20292,1097,32110,163,52402,California
Shasta,2021-04-12,336,81192,7,34075,268,43295,61,3822,97,20211,238,32348,157,52559,California
Shasta,2021-04-13,1263,82455,365,34440,896,44191,2,3824,339,19632,920,33268,341,52900,California
Shasta,2021-04-14,591,83046,149,34589,440,44631,2,3826,222,19488,368,33636,224,53124,California
Shasta,2021-04-15,1063,84109,254,34843,809,45440,0,3826,300,19028,760,34396,300,53424,California
Shasta,2021-04-16,2302,86411,1824,36667,478,45918,0,3826,928,18584,1372,35768,928,54352,California
Shasta,2021-04-17,620,87031,397,37064,223,46141,0,3826,178,18321,442,36210,179,54531,California
Shasta,2021-04-18,264,87295,239,37303,25,46166,0,3826,32,18123,230,36440,32,54563,California
Shasta,2021-04-19,376,87671,27,37330,349,46515,0,3826,160,18067,216,36656,160,54723,California
Shasta,2021-04-20,981,88652,232,37562,749,47264,0,3826,363,17813,617,37273,363,55086,California
Shasta,2021-04-21,587,89239,206,37768,381,47645,0,3826,299,17824,288,37561,299,55385,California
Shasta,2021-04-22,952,90191,269,38037,683,48328,0,3826,297,17468,653,38214,297,55682,California
Shasta,2021-04-23,641,90832,250,38287,391,48719,0,3826,323,17474,317,38531,323,56005,California
Shasta,2021-04-24,596,91428,357,38644,238,48957,1,3827,107,17094,487,39018,107,56112,California
Shasta,2021-04-25,209,91637,180,38824,28,48985,1,3828,36,16958,173,39191,37,56149,California
Shasta,2021-04-26,496,92133,52,38876,439,49424,5,3833,348,17164,146,39337,352,56501,California
Shasta,2021-04-27,535,92668,172,39048,325,49749,38,3871,298,17264,234,39571,334,56835,California
Shasta,2021-04-28,565,93233,144,39192,389,50138,32,3903,251,17232,314,39885,282,57117,California
Shasta,2021-04-29,767,94000,111,39303,633,50771,23,3926,180,16849,586,40471,203,57320,California
Shasta,2021-04-30,2236,96236,1818,41121,388,51159,30,3956,256,15156,1979,42450,286,57606,California
Shasta,2021-05-01,223,96459,19,41140,128,51287,76,4032,96,15201,127,42577,172,57778,California
Shasta,2021-05-02,46,96505,16,41156,17,51304,13,4045,19,15206,27,42604,32,57810,California
Shasta,2021-05-03,344,96849,93,41249,226,51530,25,4070,107,15102,236,42840,132,57942,California
Shasta,2021-05-04,522,97371,192,41441,293,51823,37,4107,253,15126,266,43106,290,58232,California
Shasta,2021-05-05,432,97803,140,41581,275,52098,17,4124,198,15107,234,43340,215,58447,California
Shasta,2021-05-06,686,98489,259,41840,389,52487,38,4162,292,15050,385,43725,328,58775,California
Shasta,2021-05-07,1102,99591,729,42569,335,52822,38,4200,299,14585,802,44527,337,59112,California
Shasta,2021-05-08,166,99757,82,42651,73,52895,11,4211,97,14623,69,44596,107,59219,California
Shasta,2021-05-09,64,99821,14,42665,45,52940,5,4216,34,14632,30,44626,39,59258,California
Shasta,2021-05-10,256,100077,19,42684,188,53128,49,4265,112,14649,141,44767,158,59416,California
Shasta,2021-05-11,507,100584,149,42833,208,53336,150,4415,179,14651,327,45094,329,59745,California
Shasta,2021-05-12,391,100975,142,42975,226,53562,23,4438,132,14548,258,45352,155,59900,California
Shasta,2021-05-13,580,101555,240,43215,324,53886,16,4454,224,14435,353,45705,240,60140,California
Shasta,2021-05-14,636,102191,270,43485,341,54227,25,4479,293,14412,342,46047,319,60459,California
Shasta,2021-05-15,382,102573,120,43605,161,54388,101,4580,160,14450,222,46269,260,60719,California
Shasta,2021-05-16,220,102793,154,43759,56,54444,10,4590,162,14564,58,46327,172,60891,California
Shasta,2021-05-17,527,103320,239,43998,229,54673,59,4649,280,14657,246,46573,339,61230,California
Shasta,2021-05-18,605,103925,290,44288,290,54963,25,4674,323,14723,282,46855,348,61578,California
Shasta,2021-05-19,586,104511,276,44564,243,55206,67,4741,286,14779,297,47152,353,61931,California
Shasta,2021-05-20,573,105084,262,44826,292,55498,19,4760,275,14779,294,47446,294,62225,California
Shasta,2021-05-21,574,105658,271,45097,284,55782,19,4779,312,14850,260,47706,331,62556,California
Shasta,2021-05-22,225,105883,123,45220,93,55875,9,4788,135,14906,88,47794,144,62700,California
Shasta,2021-05-23,109,105992,48,45268,53,55928,8,4796,69,14943,40,47834,77,62777,California
Shasta,2021-05-24,523,106515,162,45430,331,56259,30,4826,184,14819,338,48172,214,62991,California
Shasta,2021-05-25,461,106976,196,45626,220,56479,45,4871,158,14722,299,48471,202,63193,California
Shasta,2021-05-26,370,107346,143,45769,202,56681,25,4896,147,14672,222,48693,172,63365,California
Shasta,2021-05-27,420,107766,155,45924,256,56937,9,4905,157,14578,260,48953,166,63531,California
Shasta,2021-05-28,438,108204,197,46121,212,57149,29,4934,206,14584,229,49182,235,63766,California
Shasta,2021-05-29,223,108427,63,46184,130,57279,30,4964,93,14575,130,49312,121,63887,California
Shasta,2021-05-30,85,108512,49,46233,34,57313,2,4966,57,14606,28,49340,59,63946,California
Shasta,2021-05-31,35,108547,9,46242,25,57338,1,4967,12,14597,22,49362,13,63959,California
Shasta,2021-06-01,525,109072,154,46396,227,57565,144,5111,137,14498,381,49743,282,64241,California
Shasta,2021-06-02,292,109364,118,46514,165,57730,9,5120,121,14459,169,49912,130,64371,California
Shasta,2021-06-03,368,109732,157,46671,203,57933,8,5128,119,14338,248,50160,127,64498,California
Shasta,2021-06-04,576,110308,288,46959,259,58192,29,5157,205,14202,370,50530,234,64732,California
Shasta,2021-06-05,254,110562,149,47108,87,58279,18,5175,85,14137,168,50698,103,64835,California
Shasta,2021-06-06,162,110724,128,47236,31,58310,3,5178,47,14072,115,50813,50,64885,California
Shasta,2021-06-07,400,111124,234,47470,150,58460,16,5194,109,13907,290,51103,125,65010,California
Shasta,2021-06-08,481,111605,288,47758,149,58609,44,5238,138,13747,342,51445,182,65192,California
Shasta,2021-06-09,270,111875,143,47901,52,58661,75,5313,27,13607,240,51685,100,65292,California
Sierra,2020-12-18,1,1,1,1,0,0,0,0,1,1,0,0,1,1,California
Sierra,2020-12-21,2,3,2,3,0,0,0,0,2,3,0,0,2,3,California
Sierra,2020-12-22,12,15,12,15,0,0,0,0,12,15,0,0,12,15,California
Sierra,2020-12-23,4,19,4,19,0,0,0,0,4,19,0,0,4,19,California
Sierra,2020-12-28,1,20,0,19,1,1,0,0,1,20,0,0,1,20,California
Sierra,2020-12-29,49,69,7,26,42,43,0,0,49,69,0,0,49,69,California
Sierra,2020-12-30,2,71,0,26,2,45,0,0,2,71,0,0,2,71,California
Sierra,2020-12-31,13,84,0,26,13,58,0,0,13,84,0,0,13,84,California
Sierra,2021-01-01,1,85,1,27,0,58,0,0,1,85,0,0,1,85,California
Sierra,2021-01-05,63,148,2,29,61,119,0,0,63,148,0,0,63,148,California
Sierra,2021-01-06,1,149,1,30,0,119,0,0,1,149,0,0,1,149,California
Sierra,2021-01-07,21,170,1,31,20,139,0,0,20,168,1,1,20,169,California
Sierra,2021-01-08,1,171,1,32,0,139,0,0,1,169,0,1,1,170,California
Sierra,2021-01-11,3,174,3,35,0,139,0,0,0,166,3,4,0,170,California
Sierra,2021-01-12,38,212,12,47,26,165,0,0,26,180,12,16,26,196,California
Sierra,2021-01-13,3,215,3,50,0,165,0,0,0,177,3,19,0,196,California
Sierra,2021-01-14,35,250,2,52,33,198,0,0,35,212,0,19,35,231,California
Sierra,2021-01-15,3,253,1,53,2,200,0,0,3,215,0,19,3,234,California
Sierra,2021-01-18,3,256,0,53,3,203,0,0,3,218,0,19,3,237,California
Sierra,2021-01-19,32,288,0,53,32,235,0,0,32,250,0,19,32,269,California
Sierra,2021-01-20,1,289,1,54,0,235,0,0,1,251,0,19,1,270,California
Sierra,2021-01-21,53,342,0,54,53,288,0,0,53,304,0,19,53,323,California
Sierra,2021-01-22,2,344,0,54,2,290,0,0,2,306,0,19,2,325,California
Sierra,2021-01-23,2,346,0,54,2,292,0,0,2,308,0,19,2,327,California
Sierra,2021-01-26,62,408,0,54,62,354,0,0,24,294,38,57,24,351,California
Sierra,2021-01-27,4,412,4,58,0,354,0,0,0,290,4,61,0,351,California
Sierra,2021-01-28,53,465,0,58,53,407,0,0,43,323,10,71,43,394,California
Sierra,2021-01-29,1,466,0,58,1,408,0,0,1,324,0,71,1,395,California
Sierra,2021-01-30,3,469,3,61,0,408,0,0,2,325,1,72,2,397,California
Sierra,2021-02-01,1,470,0,61,1,409,0,0,0,324,1,73,0,397,California
Sierra,2021-02-02,59,529,1,62,58,467,0,0,21,307,38,111,21,418,California
Sierra,2021-02-03,6,535,5,67,1,468,0,0,5,311,1,112,5,423,California
Sierra,2021-02-04,101,636,4,71,97,565,0,0,52,314,49,161,52,475,California
Sierra,2021-02-05,5,641,3,74,2,567,0,0,4,317,1,162,4,479,California
Sierra,2021-02-09,54,695,0,74,54,621,0,0,51,365,3,165,51,530,California
Sierra,2021-02-10,3,698,1,75,2,623,0,0,3,368,0,165,3,533,California
Sierra,2021-02-11,194,892,1,76,193,816,0,0,134,442,60,225,134,667,California
Sierra,2021-02-12,20,912,0,76,20,836,0,0,20,462,0,225,20,687,California
Sierra,2021-02-13,1,913,1,77,0,836,0,0,1,463,0,225,1,688,California
Sierra,2021-02-15,2,915,2,79,0,836,0,0,0,461,2,227,0,688,California
Sierra,2021-02-16,43,958,0,79,43,879,0,0,10,438,33,260,10,698,California
Sierra,2021-02-17,4,962,0,79,4,883,0,0,1,436,3,263,1,699,California
Sierra,2021-02-18,143,1105,0,79,143,1026,0,0,93,479,50,313,93,792,California
Sierra,2021-02-19,2,1107,1,80,1,1027,0,0,1,479,1,314,1,793,California
Sierra,2021-02-20,2,1109,2,82,0,1027,0,0,0,477,2,316,0,793,California
Sierra,2021-02-23,4,1113,0,82,4,1031,0,0,4,481,0,316,4,797,California
Sierra,2021-02-24,1,1114,0,82,1,1032,0,0,1,482,0,316,1,798,California
Sierra,2021-02-25,125,1239,1,83,124,1156,0,0,59,476,65,381,59,857,California
Sierra,2021-02-26,11,1250,6,89,5,1161,0,0,4,473,7,388,4,861,California
Sierra,2021-02-27,2,1252,2,91,0,1161,0,0,0,471,2,390,0,861,California
Sierra,2021-03-01,1,1253,1,92,0,1161,0,0,0,470,1,391,0,861,California
Sierra,2021-03-02,58,1311,0,92,58,1219,0,0,39,490,19,410,39,900,California
Sierra,2021-03-03,2,1313,2,94,0,1219,0,0,1,490,1,411,1,901,California
Sierra,2021-03-04,108,1421,0,94,108,1327,0,0,60,502,48,459,60,961,California
Sierra,2021-03-05,13,1434,1,95,12,1339,0,0,11,511,2,461,11,972,California
Sierra,2021-03-07,1,1435,1,96,0,1339,0,0,0,510,1,462,0,972,California
Sierra,2021-03-08,2,1437,2,98,0,1339,0,0,2,512,0,462,2,974,California
Sierra,2021-03-09,58,1495,0,98,58,1397,0,0,11,476,47,509,11,985,California
Sierra,2021-03-10,6,1501,0,98,6,1403,0,0,4,478,2,511,4,989,California
Sierra,2021-03-11,176,1677,0,98,176,1579,0,0,44,390,132,643,44,1033,California
Sierra,2021-03-12,20,1697,1,99,19,1598,0,0,0,370,20,663,0,1033,California
Sierra,2021-03-13,28,1725,0,99,28,1626,0,0,28,398,0,663,28,1061,California
Sierra,2021-03-15,2,1727,0,99,0,1626,2,2,0,398,2,665,2,1063,California
Sierra,2021-03-16,36,1763,0,99,35,1661,1,3,22,407,14,679,23,1086,California
Sierra,2021-03-17,1,1764,0,99,1,1662,0,3,0,406,1,680,0,1086,California
Sierra,2021-03-18,160,1924,0,99,160,1822,0,3,65,376,95,775,65,1151,California
Sierra,2021-03-19,4,1928,2,101,2,1824,0,3,1,374,3,778,1,1152,California
Sierra,2021-03-20,1,1929,0,101,1,1825,0,3,1,375,0,778,1,1153,California
Sierra,2021-03-23,22,1951,0,101,22,1847,0,3,13,379,9,787,13,1166,California
Sierra,2021-03-24,3,1954,1,102,2,1849,0,3,1,378,2,789,1,1167,California
Sierra,2021-03-25,99,2053,1,103,98,1947,0,3,50,379,49,838,50,1217,California
Sierra,2021-03-26,12,2065,1,104,11,1958,0,3,8,383,4,842,8,1225,California
Sierra,2021-03-27,1,2066,0,104,1,1959,0,3,0,382,1,843,0,1225,California
Sierra,2021-03-29,1,2067,1,105,0,1959,0,3,0,381,1,844,0,1225,California
Sierra,2021-03-30,56,2123,1,106,55,2014,0,3,22,369,34,878,22,1247,California
Sierra,2021-03-31,8,2131,0,106,8,2022,0,3,8,377,0,878,8,1255,California
Sierra,2021-04-01,63,2194,1,107,62,2084,0,3,5,326,56,934,5,1260,California
Sierra,2021-04-02,3,2197,2,109,1,2085,0,3,2,327,1,935,2,1262,California
Sierra,2021-04-04,1,2198,0,109,1,2086,0,3,0,327,0,935,0,1262,California
Sierra,2021-04-06,11,2209,0,109,11,2097,0,3,1,318,10,945,1,1263,California
Sierra,2021-04-07,14,2223,3,112,6,2103,5,8,3,316,10,955,8,1271,California
Sierra,2021-04-08,53,2276,2,114,51,2154,0,8,16,295,37,992,16,1287,California
Sierra,2021-04-09,2,2278,2,116,0,2154,0,8,1,295,1,993,1,1288,California
Sierra,2021-04-10,27,2305,0,116,27,2181,0,8,0,268,27,1020,0,1288,California
Sierra,2021-04-12,1,2306,0,116,0,2181,1,9,0,268,1,1021,1,1289,California
Sierra,2021-04-13,45,2351,0,116,45,2226,0,9,5,233,40,1061,5,1294,California
Sierra,2021-04-14,1,2352,0,116,1,2227,0,9,1,234,0,1061,1,1295,California
Sierra,2021-04-15,49,2401,1,117,48,2275,0,9,2,189,47,1108,2,1297,California
Sierra,2021-04-17,2,2403,1,118,1,2276,0,9,1,189,1,1109,1,1298,California
Sierra,2021-04-18,1,2404,0,118,1,2277,0,9,0,189,0,1109,0,1298,California
Sierra,2021-04-19,2,2406,1,119,1,2278,0,9,1,189,1,1110,1,1299,California
Sierra,2021-04-20,33,2439,1,120,32,2310,0,9,6,168,27,1137,6,1305,California
Sierra,2021-04-21,2,2441,1,121,1,2311,0,9,1,168,1,1138,1,1306,California
Sierra,2021-04-22,64,2505,1,122,63,2374,0,9,5,115,58,1196,5,1311,California
Sierra,2021-04-23,12,2517,0,122,12,2386,0,9,4,111,8,1204,4,1315,California
Sierra,2021-04-24,4,2521,0,122,4,2390,0,9,4,115,0,1204,4,1319,California
Sierra,2021-04-27,27,2548,0,122,27,2417,0,9,4,96,23,1227,4,1323,California
Sierra,2021-04-28,10,2558,2,124,8,2425,0,9,1,88,9,1236,1,1324,California
Sierra,2021-04-29,20,2578,2,126,18,2443,0,9,14,96,6,1242,14,1338,California
Sierra,2021-04-30,3,2581,1,127,2,2445,0,9,1,95,2,1244,1,1339,California
Sierra,2021-05-03,1,2582,1,128,0,2445,0,9,1,96,0,1244,1,1340,California
Sierra,2021-05-04,2,2584,0,128,1,2446,1,10,0,95,2,1246,1,1341,California
Sierra,2021-05-05,23,2607,1,129,22,2468,0,10,8,88,15,1261,8,1349,California
Sierra,2021-05-06,1,2608,1,130,0,2468,0,10,0,87,1,1262,0,1349,California
Sierra,2021-05-07,1,2609,1,131,0,2468,0,10,1,88,0,1262,1,1350,California
Sierra,2021-05-08,1,2610,0,131,0,2468,1,11,0,88,1,1263,1,1351,California
Sierra,2021-05-11,11,2621,0,131,4,2472,7,18,0,84,11,1274,7,1358,California
Sierra,2021-05-12,10,2631,1,132,9,2481,0,18,7,88,3,1277,7,1365,California
Sierra,2021-05-13,3,2634,2,134,1,2482,0,18,2,89,1,1278,2,1367,California
Sierra,2021-05-14,3,2637,1,135,2,2484,0,18,3,92,0,1278,3,1370,California
Sierra,2021-05-17,1,2638,1,136,0,2484,0,18,1,93,0,1278,1,1371,California
Sierra,2021-05-18,1,2639,0,136,0,2484,1,19,0,93,1,1279,1,1372,California
Sierra,2021-05-19,6,2645,3,139,3,2487,0,19,2,91,4,1283,2,1374,California
Sierra,2021-05-20,9,2654,8,147,0,2487,1,20,8,99,1,1284,9,1383,California
Sierra,2021-05-21,3,2657,1,148,2,2489,0,20,1,98,2,1286,1,1384,California
Sierra,2021-05-22,4,2661,0,148,4,2493,0,20,0,94,4,1290,0,1384,California
Sierra,2021-05-23,1,2662,0,148,1,2494,0,20,1,95,0,1290,1,1385,California
Sierra,2021-05-24,3,2665,1,149,2,2496,0,20,2,96,1,1291,2,1387,California
Sierra,2021-05-25,3,2668,0,149,3,2499,0,20,1,95,2,1293,1,1388,California
Sierra,2021-05-26,8,2676,0,149,8,2507,0,20,4,95,4,1297,4,1392,California
Sierra,2021-05-27,9,2685,1,150,7,2514,1,21,2,91,7,1304,3,1395,California
Sierra,2021-05-28,4,2689,2,152,2,2516,0,21,2,91,2,1306,2,1397,California
Sierra,2021-05-29,2,2691,0,152,2,2518,0,21,2,93,0,1306,2,1399,California
Sierra,2021-05-30,1,2692,1,153,0,2518,0,21,1,94,0,1306,1,1400,California
Sierra,2021-06-01,1,2693,0,153,1,2519,0,21,0,93,1,1307,0,1400,California
Sierra,2021-06-02,22,2715,0,153,21,2540,1,22,0,73,21,1328,1,1401,California
Sierra,2021-06-03,2,2717,2,155,0,2540,0,22,0,71,2,1330,0,1401,California
Sierra,2021-06-04,2,2719,2,157,0,2540,0,22,1,71,1,1331,1,1402,California
Sierra,2021-06-07,1,2720,0,157,1,2541,0,22,1,72,0,1331,1,1403,California
Sierra,2021-06-08,1,2721,1,158,0,2541,0,22,1,73,0,1331,1,1404,California
Sierra,2021-06-09,5,2726,1,159,3,2544,1,23,0,69,5,1336,1,1405,California
Siskiyou,2020-12-16,2,2,2,2,0,0,0,0,2,2,0,0,2,2,California
Siskiyou,2020-12-17,4,6,4,6,0,0,0,0,4,6,0,0,4,6,California
Siskiyou,2020-12-18,2,8,2,8,0,0,0,0,2,8,0,0,2,8,California
Siskiyou,2020-12-19,4,12,4,12,0,0,0,0,4,12,0,0,4,12,California
Siskiyou,2020-12-20,1,13,1,13,0,0,0,0,1,13,0,0,1,13,California
Siskiyou,2020-12-21,131,144,131,144,0,0,0,0,131,144,0,0,131,144,California
Siskiyou,2020-12-22,158,302,158,302,0,0,0,0,158,302,0,0,158,302,California
Siskiyou,2020-12-23,142,444,142,444,0,0,0,0,142,444,0,0,142,444,California
Siskiyou,2020-12-24,5,449,5,449,0,0,0,0,5,449,0,0,5,449,California
Siskiyou,2020-12-26,2,451,0,449,2,2,0,0,2,451,0,0,2,451,California
Siskiyou,2020-12-27,2,453,0,449,2,4,0,0,2,453,0,0,2,453,California
Siskiyou,2020-12-28,3,456,1,450,2,6,0,0,3,456,0,0,3,456,California
Siskiyou,2020-12-29,6,462,2,452,4,10,0,0,6,462,0,0,6,462,California
Siskiyou,2020-12-30,100,562,3,455,97,107,0,0,100,562,0,0,100,562,California
Siskiyou,2020-12-31,12,574,0,455,12,119,0,0,12,574,0,0,12,574,California
Siskiyou,2021-01-02,1,575,1,456,0,119,0,0,1,575,0,0,1,575,California
Siskiyou,2021-01-03,1,576,0,456,1,120,0,0,1,576,0,0,1,576,California
Siskiyou,2021-01-04,129,705,3,459,126,246,0,0,129,705,0,0,129,705,California
Siskiyou,2021-01-05,118,823,4,463,114,360,0,0,117,821,1,1,117,822,California
Siskiyou,2021-01-06,59,882,6,469,53,413,0,0,55,872,4,5,55,877,California
Siskiyou,2021-01-07,174,1056,4,473,170,583,0,0,173,1044,1,6,173,1050,California
Siskiyou,2021-01-08,40,1096,3,476,37,620,0,0,38,1080,2,8,38,1088,California
Siskiyou,2021-01-09,2,1098,2,478,0,620,0,0,0,1078,2,10,0,1088,California
Siskiyou,2021-01-11,225,1323,64,542,161,781,0,0,163,1179,62,72,163,1251,California
Siskiyou,2021-01-12,324,1647,274,816,50,831,0,0,91,1038,233,305,92,1343,California
Siskiyou,2021-01-13,158,1805,137,953,21,852,0,0,24,928,134,439,24,1367,California
Siskiyou,2021-01-14,36,1841,1,954,35,887,0,0,35,962,1,440,35,1402,California
Siskiyou,2021-01-15,55,1896,3,957,52,939,0,0,55,1017,0,440,55,1457,California
Siskiyou,2021-01-16,7,1903,2,959,5,944,0,0,7,1024,0,440,7,1464,California
Siskiyou,2021-01-17,1,1904,1,960,0,944,0,0,0,1023,1,441,0,1464,California
Siskiyou,2021-01-18,76,1980,3,963,73,1017,0,0,74,1095,2,443,74,1538,California
Siskiyou,2021-01-19,40,2020,1,964,39,1056,0,0,39,1133,1,444,39,1577,California
Siskiyou,2021-01-20,66,2086,35,999,31,1087,0,0,62,1191,4,448,62,1639,California
Siskiyou,2021-01-21,65,2151,1,1000,64,1151,0,0,65,1256,0,448,65,1704,California
Siskiyou,2021-01-22,1344,3495,1175,2175,169,1320,0,0,1344,2600,0,448,1344,3048,California
Siskiyou,2021-01-23,6,3501,2,2177,4,1324,0,0,3,2600,3,451,3,3051,California
Siskiyou,2021-01-25,206,3707,8,2185,198,1522,0,0,202,2798,4,455,202,3253,California
Siskiyou,2021-01-26,127,3834,3,2188,124,1646,0,0,119,2909,8,463,119,3372,California
Siskiyou,2021-01-27,202,4036,1,2189,201,1847,0,0,138,2984,63,526,138,3510,California
Siskiyou,2021-01-28,260,4296,118,2307,142,1989,0,0,236,3201,19,545,236,3746,California
Siskiyou,2021-01-29,272,4568,3,2310,269,2258,0,0,253,3435,19,564,253,3999,California
Siskiyou,2021-01-30,4,4572,3,2313,1,2259,0,0,4,3439,0,564,4,4003,California
Siskiyou,2021-02-01,214,4786,3,2316,211,2470,0,0,114,3453,100,664,114,4117,California
Siskiyou,2021-02-02,316,5102,45,2361,271,2741,0,0,163,3463,153,817,163,4280,California
Siskiyou,2021-02-03,334,5436,1,2362,333,3074,0,0,264,3657,70,887,264,4544,California
Siskiyou,2021-02-04,359,5795,7,2369,352,3426,0,0,219,3736,140,1027,219,4763,California
Siskiyou,2021-02-05,540,6335,4,2373,536,3962,0,0,368,3932,172,1199,368,5131,California
Siskiyou,2021-02-06,15,6350,0,2373,15,3977,0,0,15,3947,0,1199,15,5146,California
Siskiyou,2021-02-07,3,6353,2,2375,1,3978,0,0,3,3950,0,1199,3,5149,California
Siskiyou,2021-02-08,240,6593,4,2379,236,4214,0,0,215,4140,25,1224,215,5364,California
Siskiyou,2021-02-09,246,6839,3,2382,243,4457,0,0,193,4280,53,1277,193,5557,California
Siskiyou,2021-02-10,389,7228,41,2423,348,4805,0,0,319,4530,69,1346,319,5876,California
Siskiyou,2021-02-11,215,7443,1,2424,214,5019,0,0,185,4685,30,1376,185,6061,California
Siskiyou,2021-02-12,1705,9148,1198,3622,507,5526,0,0,499,3978,1206,2582,499,6560,California
Siskiyou,2021-02-13,37,9185,2,3624,35,5561,0,0,32,4005,5,2587,32,6592,California
Siskiyou,2021-02-14,5,9190,1,3625,4,5565,0,0,5,4010,0,2587,5,6597,California
Siskiyou,2021-02-15,102,9292,4,3629,98,5663,0,0,100,4108,2,2589,100,6697,California
Siskiyou,2021-02-16,135,9427,2,3631,133,5796,0,0,100,4173,35,2624,100,6797,California
Siskiyou,2021-02-17,283,9710,8,3639,275,6071,0,0,249,4388,34,2658,249,7046,California
Siskiyou,2021-02-18,268,9978,88,3727,180,6251,0,0,125,4370,143,2801,125,7171,California
Siskiyou,2021-02-19,91,10069,34,3761,57,6308,0,0,35,4350,55,2856,35,7206,California
Siskiyou,2021-02-20,22,10091,3,3764,19,6327,0,0,17,4362,5,2861,17,7223,California
Siskiyou,2021-02-21,1,10092,1,3765,0,6327,0,0,1,4363,0,2861,1,7224,California
Siskiyou,2021-02-22,202,10294,2,3767,200,6527,0,0,71,4303,131,2992,71,7295,California
Siskiyou,2021-02-23,305,10599,15,3782,290,6817,0,0,183,4364,122,3114,183,7478,California
Siskiyou,2021-02-24,174,10773,5,3787,169,6986,0,0,49,4288,125,3239,49,7527,California
Siskiyou,2021-02-25,304,11077,18,3805,286,7272,0,0,149,4283,154,3393,149,7676,California
Siskiyou,2021-02-26,672,11749,9,3814,663,7935,0,0,367,4345,305,3698,367,8043,California
Siskiyou,2021-02-27,32,11781,5,3819,27,7962,0,0,28,4369,4,3702,28,8071,California
Siskiyou,2021-02-28,6,11787,5,3824,1,7963,0,0,3,4369,3,3705,3,8074,California
Siskiyou,2021-03-01,290,12077,6,3830,284,8247,0,0,50,4179,240,3945,50,8124,California
Siskiyou,2021-03-02,206,12283,1,3831,205,8452,0,0,70,4113,136,4081,70,8194,California
Siskiyou,2021-03-03,347,12630,10,3841,337,8789,0,0,153,4072,194,4275,153,8347,California
Siskiyou,2021-03-04,817,13447,617,4458,200,8989,0,0,642,4539,175,4450,642,8989,California
Siskiyou,2021-03-05,345,13792,5,4463,329,9318,11,11,106,4420,236,4686,117,9106,California
Siskiyou,2021-03-06,43,13835,3,4466,33,9351,7,18,28,4440,15,4701,35,9141,California
Siskiyou,2021-03-07,10,13845,2,4468,0,9351,8,26,1,4440,9,4710,9,9150,California
Siskiyou,2021-03-08,363,14208,24,4492,305,9656,34,60,68,4247,295,5005,102,9252,California
Siskiyou,2021-03-09,175,14383,2,4494,118,9774,55,115,42,4211,133,5138,97,9349,California
Siskiyou,2021-03-10,220,14603,6,4500,184,9958,30,145,24,4069,196,5334,54,9403,California
Siskiyou,2021-03-11,495,15098,206,4706,242,10200,47,192,284,4190,210,5544,331,9734,California
Siskiyou,2021-03-12,652,15750,141,4847,472,10672,39,231,183,3946,467,6011,223,9957,California
Siskiyou,2021-03-13,429,16179,380,5227,26,10698,23,254,380,4300,49,6060,403,10360,California
Siskiyou,2021-03-14,20,16199,1,5228,3,10701,16,270,2,4300,18,6078,18,10378,California
Siskiyou,2021-03-15,497,16696,258,5486,175,10876,64,334,320,4507,177,6255,384,10762,California
Siskiyou,2021-03-16,257,16953,34,5520,207,11083,16,350,141,4549,115,6370,157,10919,California
Siskiyou,2021-03-17,200,17153,9,5529,183,11266,8,358,34,4425,166,6536,42,10961,California
Siskiyou,2021-03-18,925,18078,787,6316,126,11392,12,370,809,5130,116,6652,821,11782,California
Siskiyou,2021-03-19,66,18144,7,6323,46,11438,13,383,19,5115,47,6699,32,11814,California
Siskiyou,2021-03-20,29,18173,7,6330,18,11456,4,387,6,5102,23,6722,10,11824,California
Siskiyou,2021-03-21,10,18183,4,6334,1,11457,5,392,4,5105,6,6728,9,11833,California
Siskiyou,2021-03-22,208,18391,21,6355,165,11622,22,414,145,5212,60,6788,167,12000,California
Siskiyou,2021-03-23,176,18567,19,6374,148,11770,9,423,128,5301,48,6836,137,12137,California
Siskiyou,2021-03-24,143,18710,47,6421,96,11866,0,423,116,5390,27,6863,116,12253,California
Siskiyou,2021-03-25,566,19276,316,6737,247,12113,3,426,396,5619,170,7033,399,12652,California
Siskiyou,2021-03-26,305,19581,35,6772,270,12383,0,426,104,5524,199,7232,104,12756,California
Siskiyou,2021-03-27,39,19620,6,6778,28,12411,5,431,11,5512,28,7260,16,12772,California
Siskiyou,2021-03-28,7,19627,6,6784,1,12412,0,431,5,5515,2,7262,5,12777,California
Siskiyou,2021-03-29,95,19722,10,6794,83,12495,2,433,45,5512,50,7312,47,12824,California
Siskiyou,2021-03-30,102,19824,6,6800,95,12590,1,434,41,5493,61,7373,42,12866,California
Siskiyou,2021-03-31,181,20005,12,6812,166,12756,3,437,48,5414,131,7504,52,12918,California
Siskiyou,2021-04-01,827,20832,669,7481,158,12914,0,437,214,5015,613,8117,214,13132,California
Siskiyou,2021-04-02,348,21180,197,7678,147,13061,4,441,66,4805,280,8397,70,13202,California
Siskiyou,2021-04-03,26,21206,5,7683,14,13075,7,448,5,4796,21,8418,12,13214,California
Siskiyou,2021-04-04,2,21208,1,7684,1,13076,0,448,1,4796,1,8419,1,13215,California
Siskiyou,2021-04-05,437,21645,332,8016,80,13156,25,473,27,4439,409,8828,52,13267,California
Siskiyou,2021-04-06,220,21865,36,8052,131,13287,53,526,126,4525,92,8920,178,13445,California
Siskiyou,2021-04-07,114,21979,10,8062,63,13350,41,567,65,4582,49,8969,106,13551,California
Siskiyou,2021-04-08,349,22328,179,8241,127,13477,43,610,64,4404,285,9254,107,13658,California
Siskiyou,2021-04-09,546,22874,378,8619,130,13607,38,648,84,4066,461,9715,123,13781,California
Siskiyou,2021-04-10,46,22920,6,8625,3,13610,37,685,7,4071,39,9754,44,13825,California
Siskiyou,2021-04-11,7,22927,5,8630,1,13611,1,686,2,4069,5,9759,3,13828,California
Siskiyou,2021-04-12,128,23055,24,8654,103,13714,1,687,48,4038,80,9839,49,13877,California
Siskiyou,2021-04-13,206,23261,37,8691,168,13882,1,688,82,3997,124,9963,83,13960,California
Siskiyou,2021-04-14,155,23416,64,8755,91,13973,0,688,84,4012,69,10032,84,14044,California
Siskiyou,2021-04-15,1116,24532,957,9712,159,14132,0,688,437,3770,679,10711,437,14481,California
Siskiyou,2021-04-16,300,24832,208,9920,92,14224,0,688,268,4007,31,10742,268,14749,California
Siskiyou,2021-04-17,12,24844,9,9929,3,14227,0,688,7,4009,5,10747,7,14756,California
Siskiyou,2021-04-18,5,24849,3,9932,2,14229,0,688,1,4006,4,10751,1,14757,California
Siskiyou,2021-04-19,127,24976,24,9956,103,14332,0,688,45,3969,82,10833,45,14802,California
Siskiyou,2021-04-20,220,25196,4,9960,216,14548,0,688,91,3931,129,10962,91,14893,California
Siskiyou,2021-04-21,95,25291,10,9970,85,14633,0,688,25,3886,70,11032,25,14918,California
Siskiyou,2021-04-22,410,25701,298,10268,112,14745,0,688,50,3576,360,11392,50,14968,California
Siskiyou,2021-04-23,181,25882,15,10283,166,14911,0,688,159,3714,21,11413,159,15127,California
Siskiyou,2021-04-24,28,25910,4,10287,24,14935,0,688,20,3726,8,11421,20,15147,California
Siskiyou,2021-04-25,2,25912,0,10287,2,14937,0,688,2,3728,0,11421,2,15149,California
Siskiyou,2021-04-26,102,26014,6,10293,91,15028,5,693,26,3683,76,11497,31,15180,California
Siskiyou,2021-04-27,113,26127,4,10297,107,15135,2,695,86,3746,25,11522,88,15268,California
Siskiyou,2021-04-28,109,26236,7,10304,94,15229,8,703,52,3749,57,11579,60,15328,California
Siskiyou,2021-04-29,143,26379,14,10318,129,15358,0,703,27,3660,116,11695,27,15355,California
Siskiyou,2021-04-30,103,26482,21,10339,81,15439,1,704,45,3650,55,11750,45,15400,California
Siskiyou,2021-05-01,11,26493,7,10346,1,15440,3,707,7,3656,4,11754,10,15410,California
Siskiyou,2021-05-02,10,26503,4,10350,6,15446,0,707,8,3662,2,11756,8,15418,California
Siskiyou,2021-05-03,108,26611,24,10374,82,15528,2,709,45,3646,63,11819,47,15465,California
Siskiyou,2021-05-04,121,26732,6,10380,113,15641,2,711,60,3648,60,11879,62,15527,California
Siskiyou,2021-05-05,114,26846,19,10399,86,15727,9,720,39,3622,74,11953,48,15575,California
Siskiyou,2021-05-06,367,27213,296,10695,65,15792,6,726,190,3641,177,12130,196,15771,California
Siskiyou,2021-05-07,309,27522,219,10914,85,15877,5,731,33,3404,275,12405,38,15809,California
Siskiyou,2021-05-08,25,27547,4,10918,20,15897,1,732,18,3416,7,12412,19,15828,California
Siskiyou,2021-05-09,1,27548,0,10918,1,15898,0,732,0,3415,1,12413,0,15828,California
Siskiyou,2021-05-10,99,27647,68,10986,30,15928,1,733,22,3361,77,12490,23,15851,California
Siskiyou,2021-05-11,86,27733,8,10994,73,16001,5,738,51,3382,35,12525,56,15907,California
Siskiyou,2021-05-12,56,27789,4,10998,48,16049,4,742,16,3362,40,12565,20,15927,California
Siskiyou,2021-05-13,81,27870,33,11031,39,16088,9,751,36,3362,45,12610,45,15972,California
Siskiyou,2021-05-14,169,28039,81,11112,87,16175,1,752,102,3399,66,12676,103,16075,California
Siskiyou,2021-05-15,44,28083,14,11126,28,16203,2,754,37,3432,6,12682,39,16114,California
Siskiyou,2021-05-16,6,28089,2,11128,4,16207,0,754,4,3434,2,12684,4,16118,California
Siskiyou,2021-05-17,64,28153,2,11130,39,16246,23,777,11,3415,53,12737,34,16152,California
Siskiyou,2021-05-18,216,28369,81,11211,131,16377,4,781,122,3448,93,12830,126,16278,California
Siskiyou,2021-05-19,155,28524,97,11308,57,16434,1,782,124,3542,31,12861,125,16403,California
Siskiyou,2021-05-20,497,29021,422,11730,73,16507,2,784,227,3501,270,13131,229,16632,California
Siskiyou,2021-05-21,188,29209,96,11826,92,16599,0,784,108,3530,79,13210,108,16740,California
Siskiyou,2021-05-22,41,29250,19,11845,22,16621,0,784,26,3541,15,13225,26,16766,California
Siskiyou,2021-05-23,4,29254,3,11848,1,16622,0,784,2,3541,2,13227,2,16768,California
Siskiyou,2021-05-24,18,29272,3,11851,15,16637,0,784,5,3534,12,13239,5,16773,California
Siskiyou,2021-05-25,156,29428,16,11867,120,16757,20,804,50,3500,104,13343,70,16843,California
Siskiyou,2021-05-26,75,29503,19,11886,56,16813,0,804,41,3507,34,13377,41,16884,California
Siskiyou,2021-05-27,129,29632,93,11979,35,16848,1,805,56,3491,73,13450,57,16941,California
Siskiyou,2021-05-28,153,29785,57,12036,95,16943,1,806,101,3542,51,13501,102,17043,California
Siskiyou,2021-05-29,16,29801,9,12045,4,16947,3,809,5,3539,11,13512,8,17051,California
Siskiyou,2021-05-31,2,29803,1,12046,0,16947,1,810,1,3540,1,13513,2,17053,California
Siskiyou,2021-06-01,86,29889,20,12066,66,17013,0,810,29,3513,56,13569,29,17082,California
Siskiyou,2021-06-02,121,30010,35,12101,86,17099,0,810,44,3480,77,13646,44,17126,California
Siskiyou,2021-06-03,148,30158,103,12204,40,17139,5,815,33,3403,115,13761,38,17164,California
Siskiyou,2021-06-04,103,30261,81,12285,22,17161,0,815,22,3344,81,13842,22,17186,California
Siskiyou,2021-06-05,35,30296,16,12301,18,17179,1,816,13,3336,22,13864,14,17200,California
Siskiyou,2021-06-06,3,30299,2,12303,0,17179,1,817,0,3334,3,13867,1,17201,California
Siskiyou,2021-06-07,37,30336,5,12308,31,17210,1,818,28,3354,9,13876,29,17230,California
Siskiyou,2021-06-08,169,30505,93,12401,75,17285,1,819,48,3282,121,13997,49,17279,California
Siskiyou,2021-06-09,11,30516,6,12407,4,17289,1,820,3,3278,8,14005,4,17283,California
Solano,2020-12-15,4,4,4,4,0,0,0,0,4,4,0,0,4,4,California
Solano,2020-12-16,70,74,70,74,0,0,0,0,70,74,0,0,70,74,California
Solano,2020-12-17,171,245,171,245,0,0,0,0,171,245,0,0,171,245,California
Solano,2020-12-18,477,722,476,721,1,1,0,0,477,722,0,0,477,722,California
Solano,2020-12-19,521,1243,521,1242,0,1,0,0,521,1243,0,0,521,1243,California
Solano,2020-12-20,353,1596,351,1593,2,3,0,0,353,1596,0,0,353,1596,California
Solano,2020-12-21,577,2173,575,2168,2,5,0,0,577,2173,0,0,577,2173,California
Solano,2020-12-22,662,2835,629,2797,33,38,0,0,662,2835,0,0,662,2835,California
Solano,2020-12-23,865,3700,773,3570,92,130,0,0,864,3698,1,1,864,3699,California
Solano,2020-12-24,422,4122,171,3741,251,381,0,0,422,4120,0,1,422,4121,California
Solano,2020-12-25,9,4131,1,3742,8,389,0,0,9,4129,0,1,9,4130,California
Solano,2020-12-26,172,4303,47,3789,125,514,0,0,172,4301,0,1,172,4302,California
Solano,2020-12-27,105,4408,29,3818,76,590,0,0,105,4406,0,1,105,4407,California
Solano,2020-12-28,868,5276,423,4241,445,1035,0,0,868,5274,0,1,868,5275,California
Solano,2020-12-29,908,6184,371,4612,537,1572,0,0,908,6182,0,1,908,6183,California
Solano,2020-12-30,1231,7415,593,5205,638,2210,0,0,1231,7413,0,1,1231,7414,California
Solano,2020-12-31,544,7959,139,5344,405,2615,0,0,544,7957,0,1,544,7958,California
Solano,2021-01-01,15,7974,14,5358,1,2616,0,0,15,7972,0,1,15,7973,California
Solano,2021-01-02,216,8190,167,5525,49,2665,0,0,216,8188,0,1,216,8189,California
Solano,2021-01-03,56,8246,40,5565,16,2681,0,0,50,8238,0,1,50,8239,California
Solano,2021-01-04,454,8700,246,5811,208,2889,0,0,437,8665,10,11,437,8676,California
Solano,2021-01-05,736,9436,380,6191,356,3245,0,0,576,9086,155,166,576,9252,California
Solano,2021-01-06,845,10281,437,6628,408,3653,0,0,573,9389,270,436,573,9825,California
Solano,2021-01-07,1069,11350,685,7313,384,4037,0,0,591,9505,476,912,592,10417,California
Solano,2021-01-08,1148,12498,781,8094,367,4404,0,0,550,9477,580,1492,552,10969,California
Solano,2021-01-09,886,13384,763,8857,123,4527,0,0,427,9448,456,1948,427,11396,California
Solano,2021-01-10,259,13643,193,9050,66,4593,0,0,158,9505,101,2049,158,11554,California
Solano,2021-01-11,1339,14982,1125,10175,214,4807,0,0,816,9799,522,2571,816,12370,California
Solano,2021-01-12,1570,16552,1168,11343,402,5209,0,0,1021,10273,548,3119,1022,13392,California
Solano,2021-01-13,1472,18024,1007,12350,465,5674,0,0,1211,11226,259,3378,1212,14604,California
Solano,2021-01-14,1891,19915,811,13161,1080,6754,0,0,1579,12494,311,3689,1579,16183,California
Solano,2021-01-15,1718,21633,1057,14218,661,7415,0,0,1423,13622,295,3984,1423,17606,California
Solano,2021-01-16,1297,22930,909,15127,388,7803,0,0,1122,14569,175,4159,1122,18728,California
Solano,2021-01-17,1055,23985,759,15886,296,8099,0,0,1035,15585,20,4179,1036,19764,California
Solano,2021-01-18,1426,25411,853,16739,573,8672,0,0,1310,16780,116,4295,1311,21075,California
Solano,2021-01-19,1658,27069,1341,18080,317,8989,0,0,1390,17903,267,4562,1390,22465,California
Solano,2021-01-20,2034,29103,1423,19503,611,9600,0,0,1548,18968,483,5045,1548,24013,California
Solano,2021-01-21,3211,32314,1020,20523,2191,11791,0,0,2858,21474,353,5398,2859,26872,California
Solano,2021-01-22,1776,34090,848,21371,928,12719,0,0,1582,22862,194,5592,1582,28454,California
Solano,2021-01-23,742,34832,243,21614,499,13218,0,0,536,23192,207,5799,537,28991,California
Solano,2021-01-24,408,35240,62,21676,346,13564,0,0,340,23464,68,5867,340,29331,California
Solano,2021-01-25,1680,36920,633,22309,1047,14611,0,0,1119,24024,560,6427,1120,30451,California
Solano,2021-01-26,1798,38718,744,23053,1054,15665,0,0,1159,24545,639,7066,1160,31611,California
Solano,2021-01-27,1813,40531,725,23778,1088,16753,0,0,1195,25129,611,7677,1195,32806,California
Solano,2021-01-28,1970,42501,712,24490,1258,18011,0,0,1374,25909,595,8272,1375,34181,California
Solano,2021-01-29,1727,44228,790,25280,937,18948,0,0,1359,26902,366,8638,1359,35540,California
Solano,2021-01-30,964,45192,461,25741,503,19451,0,0,619,27177,345,8983,620,36160,California
Solano,2021-01-31,248,45440,157,25898,91,19542,0,0,173,27275,75,9058,173,36333,California
Solano,2021-02-01,1557,46997,1032,26930,525,20067,0,0,777,27275,777,9835,777,37110,California
Solano,2021-02-02,3373,50370,1094,28024,2279,22346,0,0,2558,29022,811,10646,2558,39668,California
Solano,2021-02-03,2272,52642,1314,29338,958,23304,0,0,1169,29091,1100,11746,1169,40837,California
Solano,2021-02-04,1808,54450,908,30246,900,24204,0,0,1075,29438,728,12474,1075,41912,California
Solano,2021-02-05,3117,57567,1421,31667,1696,25900,0,0,2107,30542,1003,13477,2107,44019,California
Solano,2021-02-06,3077,60644,1173,32840,1904,27804,0,0,2254,31977,819,14296,2254,46273,California
Solano,2021-02-07,851,61495,783,33623,68,27872,0,0,235,31597,615,14911,235,46508,California
Solano,2021-02-08,1764,63259,1235,34858,529,28401,0,0,719,31273,1043,15954,719,47227,California
Solano,2021-02-09,1953,65212,1490,36348,463,28864,0,0,698,30717,1254,17208,698,47925,California
Solano,2021-02-10,2275,67487,1500,37848,775,29639,0,0,831,30104,1444,18652,831,48756,California
Solano,2021-02-11,2525,70012,1495,39343,1030,30669,0,0,1198,29986,1316,19968,1198,49954,California
Solano,2021-02-12,4259,74271,1628,40971,2631,33300,0,0,2905,31544,1347,21315,2905,52859,California
Solano,2021-02-13,2865,77136,243,41214,2622,35922,0,0,2451,33584,411,21726,2451,55310,California
Solano,2021-02-14,728,77864,205,41419,523,36445,0,0,406,33671,320,22046,407,55717,California
Solano,2021-02-15,1334,79198,328,41747,1006,37451,0,0,686,33710,647,22693,686,56403,California
Solano,2021-02-16,2562,81760,1386,43133,1176,38627,0,0,1667,34484,894,23587,1668,58071,California
Solano,2021-02-17,3231,84991,1453,44586,1778,40405,0,0,2191,35639,1037,24624,2192,60263,California
Solano,2021-02-18,2915,87906,845,45431,2070,42475,0,0,862,34455,2047,26671,863,61126,California
Solano,2021-02-19,2473,90379,1456,46887,1017,43492,0,0,1175,34339,1293,27964,1177,62303,California
Solano,2021-02-20,2749,93128,389,47276,2360,45852,0,0,2232,36053,518,28482,2232,64535,California
Solano,2021-02-21,2323,95451,1998,49274,325,46177,0,0,1998,37730,321,28803,1998,66533,California
Solano,2021-02-22,1807,97258,1064,50338,743,46920,0,0,941,37808,864,29667,942,67475,California
Solano,2021-02-23,2888,100146,1087,51425,1801,48721,0,0,1965,38855,918,30585,1965,69440,California
Solano,2021-02-24,2536,102682,1266,52691,1270,49991,0,0,1412,39146,1122,31707,1413,70853,California
Solano,2021-02-25,2575,105257,1569,54260,1006,50997,0,0,1425,39426,1145,32852,1425,72278,California
Solano,2021-02-26,3396,108653,2152,56412,1244,52241,0,0,1952,39940,1438,34290,1952,74230,California
Solano,2021-02-27,3981,112634,1531,57943,2449,54690,1,1,3217,42403,755,35045,3218,77448,California
Solano,2021-02-28,1941,114575,1564,59507,376,55066,1,2,1613,43692,325,35370,1614,79062,California
Solano,2021-03-01,2724,117299,1223,60730,1500,56566,1,3,2057,45090,660,36030,2058,81120,California
Solano,2021-03-02,2270,119569,1405,62135,865,57431,0,3,1292,45405,977,37007,1292,82412,California
Solano,2021-03-03,2250,121819,1266,63401,984,58415,0,3,1391,45947,850,37857,1392,83804,California
Solano,2021-03-04,4389,126208,3435,66836,952,59367,2,5,3159,47891,1220,39077,3164,86968,California
Solano,2021-03-05,4945,131153,1685,68521,3255,62622,5,10,3976,50913,959,40036,3981,90949,California
Solano,2021-03-06,3857,135010,829,69350,2989,65611,39,49,2650,52407,1195,41231,2689,93638,California
Solano,2021-03-07,3594,138604,763,70113,2821,68432,10,59,1967,52771,1614,42845,1978,95616,California
Solano,2021-03-08,2142,140746,1348,71461,526,68958,268,327,1619,54138,518,43363,1885,97501,California
Solano,2021-03-09,3232,143978,1569,73030,1609,70567,54,381,2333,55623,898,44261,2383,99884,California
Solano,2021-03-10,2426,146404,1762,74792,579,71146,85,466,1271,55829,1149,45410,1355,101239,California
Solano,2021-03-11,6031,152435,1757,76549,4021,75167,253,719,4980,60016,1047,46457,5234,106473,California
Solano,2021-03-12,6033,158468,1569,78118,4286,79453,178,897,3166,60496,2863,49320,3343,109816,California
Solano,2021-03-13,4587,163055,804,78922,3703,83156,80,977,2232,60463,2348,51668,2315,112131,California
Solano,2021-03-14,4017,167072,3137,82059,424,83580,456,1433,1549,60002,2463,54131,2002,114133,California
Solano,2021-03-15,4028,171100,2459,84518,1243,84823,326,1759,2511,61327,1510,55641,2835,116968,California
Solano,2021-03-16,3078,174178,1318,85836,1521,86344,239,1998,1560,61610,1514,57155,1797,118765,California
Solano,2021-03-17,6476,180654,1666,87502,4719,91063,91,2089,4944,65116,1529,58684,5035,123800,California
Solano,2021-03-18,5227,185881,1848,89350,3340,94403,39,2128,3749,67435,1470,60154,3789,127589,California
Solano,2021-03-19,3576,189457,2641,91991,859,95262,76,2204,1720,67387,1848,62002,1800,129389,California
Solano,2021-03-20,5597,195054,1681,93672,3863,99125,53,2257,2649,67151,2938,64940,2702,132091,California
Solano,2021-03-21,1685,196739,1579,95251,81,99206,25,2282,372,66236,1310,66250,395,132486,California
Solano,2021-03-22,2671,199410,2040,97291,580,99786,51,2333,1542,66702,1123,67373,1589,134075,California
Solano,2021-03-23,3564,202974,1682,98973,1840,101626,42,2375,1408,65998,2153,69526,1449,135524,California
Solano,2021-03-24,2832,205806,1773,100746,1024,102650,35,2410,1359,65923,1467,70993,1392,136916,California
Solano,2021-03-25,4879,210685,4005,104751,839,103489,35,2445,2272,65627,2603,73596,2307,139223,California
Solano,2021-03-26,3239,213924,2111,106862,1090,104579,38,2483,1739,65913,1491,75087,1777,141000,California
Solano,2021-03-27,4215,218139,1157,108019,3020,107599,38,2521,1660,65060,2549,77636,1696,142696,California
Solano,2021-03-28,1425,219564,1117,109136,290,107889,18,2539,543,64743,878,78514,561,143257,California
Solano,2021-03-29,3532,223096,2047,111183,1469,109358,16,2555,1561,64362,1958,80472,1577,144834,California
Solano,2021-03-30,3041,226137,2014,113197,933,110291,94,2649,1891,65198,1148,81620,1984,146818,California
Solano,2021-03-31,3140,229277,2138,115335,843,111134,159,2808,1838,65892,1299,82919,1993,148811,California
Solano,2021-04-01,5560,234837,2107,117442,3299,114433,154,2962,3512,67523,2035,84954,3666,152477,California
Solano,2021-04-02,6629,241466,2229,119671,4234,118667,166,3128,2551,66176,4063,89017,2716,155193,California
Solano,2021-04-03,1527,242993,964,120635,410,119077,153,3281,570,65943,955,89972,722,155915,California
Solano,2021-04-04,782,243775,291,120926,190,119267,301,3582,240,65946,538,90510,541,156456,California
Solano,2021-04-05,2983,246758,2042,122968,734,120001,207,3789,1512,66194,1469,91979,1717,158173,California
Solano,2021-04-06,6084,252842,1640,124608,3956,123957,488,4277,1650,63904,4426,96405,2136,160309,California
Solano,2021-04-07,5962,258804,4614,129222,947,124904,401,4678,3393,65148,2549,98954,3793,164102,California
Solano,2021-04-08,6476,265280,1794,131016,3809,128713,873,5551,1809,63187,4638,103592,2677,166779,California
Solano,2021-04-09,6296,271576,1664,132680,3778,132491,854,6405,1515,60795,4756,108348,2364,169143,California
Solano,2021-04-10,1744,273320,964,133644,450,132941,330,6735,803,60987,940,109288,1132,170275,California
Solano,2021-04-11,1217,274537,765,134409,333,133274,119,6854,641,61174,573,109861,760,171035,California
Solano,2021-04-12,3279,277816,1690,136099,1225,134499,364,7218,1354,60975,1920,111781,1721,172756,California
Solano,2021-04-13,2535,280351,1093,137192,1441,135940,1,7219,1322,61089,1210,112991,1324,174080,California
Solano,2021-04-14,6485,286836,1954,139146,4531,140471,0,7219,1821,58256,4656,117647,1823,175903,California
Solano,2021-04-15,5704,292540,2151,141297,3553,144024,0,7219,1729,56026,3960,121607,1730,177633,California
Solano,2021-04-16,3669,296209,2583,143880,1084,145108,2,7221,2277,56919,1386,122993,2279,179912,California
Solano,2021-04-17,3257,299466,1060,144940,2197,147305,0,7221,1110,55891,2139,125132,1111,181023,California
Solano,2021-04-18,1009,300475,618,145558,391,147696,0,7221,527,55937,481,125613,527,181550,California
Solano,2021-04-19,2141,302616,1156,146714,985,148681,0,7221,1171,56146,964,126577,1173,182723,California
Solano,2021-04-20,3005,305621,1829,148543,1176,149857,0,7221,1662,56472,1336,127913,1662,184385,California
Solano,2021-04-21,3815,309436,2333,150876,1482,151339,0,7221,2013,56691,1794,129707,2013,186398,California
Solano,2021-04-22,2992,312428,1488,152364,1504,152843,0,7221,1789,57280,1201,130908,1790,188188,California
Solano,2021-04-23,4152,316580,2097,154461,2055,154898,0,7221,2506,58146,1641,132549,2507,190695,California
Solano,2021-04-24,3887,320467,2345,156806,1540,156438,2,7223,2584,59516,1216,133765,2586,193281,California
Solano,2021-04-25,1425,321892,1110,157916,315,156753,0,7223,1125,60348,293,134058,1125,194406,California
Solano,2021-04-26,2597,324489,1675,159591,918,157671,4,7227,1435,60639,1148,135206,1439,195845,California
Solano,2021-04-27,2579,327068,1283,160874,1264,158935,32,7259,1461,61025,1108,136314,1494,197339,California
Solano,2021-04-28,6033,333101,4988,165862,999,159934,46,7305,3776,62601,2246,138560,3822,201161,California
Solano,2021-04-29,4520,337621,1433,167295,3055,162989,32,7337,2041,62203,2471,141031,2073,203234,California
Solano,2021-04-30,4111,341732,2185,169480,1787,164776,139,7476,1899,62043,2198,143229,2038,205272,California
Solano,2021-05-01,2180,343912,1678,171158,300,165076,202,7678,1294,62658,881,144110,1496,206768,California
Solano,2021-05-02,1198,345110,939,172097,233,165309,26,7704,663,62817,530,144640,689,207457,California
Solano,2021-05-03,1456,346566,1014,173111,355,165664,87,7791,596,62642,859,145499,684,208141,California
Solano,2021-05-04,1801,348367,1047,174158,688,166352,66,7857,813,62534,987,146486,879,209020,California
Solano,2021-05-05,2265,350632,1418,175576,733,167085,114,7971,1088,62561,1173,147659,1200,210220,California
Solano,2021-05-06,1997,352629,1190,176766,597,167682,210,8181,730,62243,1257,148916,939,211159,California
Solano,2021-05-07,2804,355433,1950,178716,734,168416,120,8301,968,61501,1828,150744,1086,212245,California
Solano,2021-05-08,1422,356855,882,179598,425,168841,115,8416,529,61255,890,151634,644,212889,California
Solano,2021-05-09,420,357275,243,179841,166,169007,11,8427,154,61158,263,151897,166,213055,California
Solano,2021-05-10,1322,358597,606,180447,611,169618,105,8532,383,60712,934,152831,488,213543,California
Solano,2021-05-11,2273,360870,1145,181592,1039,170657,89,8621,644,59821,1624,154455,733,214276,California
Solano,2021-05-12,2127,362997,1209,182801,744,171401,174,8795,698,59277,1414,155869,870,215146,California
Solano,2021-05-13,3022,366019,2069,184870,741,172142,212,9007,1593,59656,1426,157295,1805,216951,California
Solano,2021-05-14,2409,368428,1626,186496,662,172804,121,9128,1002,59381,1398,158693,1123,218074,California
Solano,2021-05-15,2914,371342,2282,188778,569,173373,63,9191,1137,58816,1765,160458,1200,219274,California
Solano,2021-05-16,1481,372823,1087,189865,361,173734,33,9224,242,57854,1236,161694,274,219548,California
Solano,2021-05-17,2447,375270,1400,191265,960,174694,87,9311,869,57248,1558,163252,952,220500,California
Solano,2021-05-18,2911,378181,1621,192886,1201,175895,89,9400,1460,57357,1439,164691,1548,222048,California
Solano,2021-05-19,4964,383145,3429,196315,1429,177324,106,9506,1926,56362,3028,167719,2033,224081,California
Solano,2021-05-20,2523,385668,1500,197815,965,178289,58,9564,937,55778,1579,169298,995,225076,California
Solano,2021-05-21,3460,389128,1805,199620,1589,179878,66,9630,1333,55061,2116,171414,1399,226475,California
Solano,2021-05-22,2336,391464,1743,201363,528,180406,65,9695,970,54738,1358,172772,1035,227510,California
Solano,2021-05-23,1355,392819,1114,202477,218,180624,23,9718,724,54857,628,173400,747,228257,California
Solano,2021-05-24,1840,394659,1042,203519,726,181350,72,9790,615,54324,1219,174619,686,228943,California
Solano,2021-05-25,1629,396288,824,204343,746,182096,59,9849,590,53941,1031,175650,648,229591,California
Solano,2021-05-26,1878,398166,1079,205422,745,182841,54,9903,706,53536,1165,176815,760,230351,California
Solano,2021-05-27,1947,400113,823,206245,1050,183891,74,9977,742,53154,1197,178012,815,231166,California
Solano,2021-05-28,2020,402133,1032,207277,937,184828,51,10028,770,52734,1242,179254,822,231988,California
Solano,2021-05-29,648,402781,320,207597,298,185126,30,10058,321,52759,325,179579,350,232338,California
Solano,2021-05-30,323,403104,155,207752,143,185269,25,10083,119,52702,201,179780,144,232482,California
Solano,2021-05-31,127,403231,18,207770,100,185369,9,10092,24,52632,103,179883,33,232515,California
Solano,2021-06-01,1829,405060,1172,208942,579,185948,78,10170,758,52401,1066,180949,835,233350,California
Solano,2021-06-02,1710,406770,1178,210120,467,186415,65,10235,849,52458,854,181803,911,234261,California
Solano,2021-06-03,1749,408519,1296,211416,372,186787,81,10316,550,51896,1194,182997,632,234893,California
Solano,2021-06-04,1636,410155,1129,212545,439,187226,68,10384,537,51406,1094,184091,604,235497,California
Solano,2021-06-05,1291,411446,1003,213548,238,187464,50,10434,424,51016,863,184954,473,235970,California
Solano,2021-06-06,506,411952,405,213953,82,187546,19,10453,251,51031,255,185209,270,236240,California
Solano,2021-06-07,1241,413193,954,214907,228,187774,59,10512,428,50707,811,186020,487,236727,California
Solano,2021-06-08,1692,414885,1195,216102,463,188237,34,10546,441,49934,1248,187268,475,237202,California
Solano,2021-06-09,833,415718,666,216768,122,188359,45,10591,235,49618,596,187864,280,237482,California
Sonoma,2020-12-15,4,4,4,4,0,0,0,0,4,4,0,0,4,4,California
Sonoma,2020-12-16,28,32,28,32,0,0,0,0,28,32,0,0,28,32,California
Sonoma,2020-12-17,110,142,110,142,0,0,0,0,110,142,0,0,110,142,California
Sonoma,2020-12-18,436,578,436,578,0,0,0,0,436,578,0,0,436,578,California
Sonoma,2020-12-19,113,691,112,690,1,1,0,0,113,691,0,0,113,691,California
Sonoma,2020-12-20,175,866,175,865,0,1,0,0,175,866,0,0,175,866,California
Sonoma,2020-12-21,910,1776,908,1773,2,3,0,0,909,1775,0,0,909,1775,California
Sonoma,2020-12-22,1359,3135,1268,3041,91,94,0,0,1359,3134,0,0,1359,3134,California
Sonoma,2020-12-23,1606,4741,1232,4273,374,468,0,0,1607,4741,0,0,1607,4741,California
Sonoma,2020-12-24,310,5051,103,4376,207,675,0,0,310,5051,0,0,310,5051,California
Sonoma,2020-12-25,9,5060,2,4378,7,682,0,0,9,5060,0,0,9,5060,California
Sonoma,2020-12-26,268,5328,257,4635,11,693,0,0,268,5328,0,0,268,5328,California
Sonoma,2020-12-27,96,5424,81,4716,15,708,0,0,96,5424,0,0,96,5424,California
Sonoma,2020-12-28,987,6411,551,5267,436,1144,0,0,958,6382,0,0,958,6382,California
Sonoma,2020-12-29,1136,7547,783,6050,353,1497,0,0,1102,7484,0,0,1102,7484,California
Sonoma,2020-12-30,1098,8645,481,6531,617,2114,0,0,1090,8574,0,0,1090,8574,California
Sonoma,2020-12-31,522,9167,71,6602,451,2565,0,0,523,9097,0,0,523,9097,California
Sonoma,2021-01-01,33,9200,18,6620,15,2580,0,0,33,9130,0,0,33,9130,California
Sonoma,2021-01-02,134,9334,128,6748,6,2586,0,0,134,9264,0,0,134,9264,California
Sonoma,2021-01-03,25,9359,10,6758,15,2601,0,0,25,9289,0,0,25,9289,California
Sonoma,2021-01-04,342,9701,106,6864,236,2837,0,0,341,9630,0,0,341,9630,California
Sonoma,2021-01-05,432,10133,102,6966,330,3167,0,0,405,10019,16,16,405,10035,California
Sonoma,2021-01-06,952,11085,434,7400,518,3685,0,0,838,10749,108,124,838,10873,California
Sonoma,2021-01-07,1034,12119,538,7938,496,4181,0,0,859,11434,174,298,859,11732,California
Sonoma,2021-01-08,1799,13918,1237,9175,562,4743,0,0,1316,12269,481,779,1316,13048,California
Sonoma,2021-01-09,642,14560,404,9579,238,4981,0,0,593,12813,49,828,593,13641,California
Sonoma,2021-01-10,474,15034,463,10042,11,4992,0,0,278,12895,196,1024,278,13919,California
Sonoma,2021-01-11,1389,16423,1241,11283,148,5140,0,0,415,12341,969,1993,415,14334,California
Sonoma,2021-01-12,1549,17972,1292,12575,257,5397,0,0,398,11590,1149,3142,398,14732,California
Sonoma,2021-01-13,2048,20020,1371,13946,677,6074,0,0,1179,11904,866,4008,1180,15912,California
Sonoma,2021-01-14,1539,21559,806,14752,733,6807,0,0,1310,12985,229,4237,1310,17222,California
Sonoma,2021-01-15,1562,23121,628,15380,934,7741,0,0,1339,14111,214,4451,1340,18562,California
Sonoma,2021-01-16,1149,24270,618,15998,531,8272,0,0,901,14768,244,4695,901,19463,California
Sonoma,2021-01-17,673,24943,552,16550,121,8393,0,0,593,15281,80,4775,593,20056,California
Sonoma,2021-01-18,1109,26052,938,17488,171,8564,0,0,620,15413,489,5264,621,20677,California
Sonoma,2021-01-19,2100,28152,1003,18491,1097,9661,0,0,1387,16090,711,5975,1388,22065,California
Sonoma,2021-01-20,2107,30259,633,19124,1474,11135,0,0,1435,16866,662,6637,1438,23503,California
Sonoma,2021-01-21,2271,32530,647,19771,1624,12759,0,0,2050,18698,219,6856,2051,25554,California
Sonoma,2021-01-22,2751,35281,1048,20819,1703,14462,0,0,2601,21150,149,7005,2601,28155,California
Sonoma,2021-01-23,766,36047,592,21411,174,14636,0,0,658,21701,107,7112,658,28813,California
Sonoma,2021-01-24,848,36895,719,22130,129,14765,0,0,830,22513,18,7130,830,29643,California
Sonoma,2021-01-25,2185,39080,521,22651,1664,16429,0,0,1696,23720,489,7619,1696,31339,California
Sonoma,2021-01-26,2051,41131,303,22954,1748,18177,0,0,1590,24850,460,8079,1590,32929,California
Sonoma,2021-01-27,3753,44884,1287,24241,2466,20643,0,0,3171,27443,580,8659,3173,36102,California
Sonoma,2021-01-28,4145,49029,1851,26092,2294,22937,0,0,3463,30229,679,9338,3465,39567,California
Sonoma,2021-01-29,3014,52043,1420,27512,1594,24531,0,0,2168,31554,844,10182,2169,41736,California
Sonoma,2021-01-30,2597,54640,2406,29918,191,24722,0,0,2251,33461,345,10527,2252,43988,California
Sonoma,2021-01-31,813,55453,698,30616,115,24837,0,0,581,33811,231,10758,581,44569,California
Sonoma,2021-02-01,2484,57937,854,31470,1630,26467,0,0,2103,35537,377,11135,2103,46672,California
Sonoma,2021-02-02,3598,61535,1397,32867,2201,28668,0,0,3020,37982,575,11710,3020,49692,California
Sonoma,2021-02-03,4054,65589,1328,34195,2726,31394,0,0,3114,40160,936,12646,3114,52806,California
Sonoma,2021-02-04,4222,69811,1732,35927,2490,33884,0,0,3424,42789,796,13442,3425,56231,California
Sonoma,2021-02-05,4835,74646,1751,37678,3084,36968,0,0,3806,45571,1025,14467,3807,60038,California
Sonoma,2021-02-06,2650,77296,2289,39967,361,37329,0,0,2117,47156,532,14999,2117,62155,California
Sonoma,2021-02-07,1549,78845,1411,41378,138,37467,0,0,1292,48191,257,15256,1292,63447,California
Sonoma,2021-02-08,3279,82124,1042,42420,2237,39704,0,0,2685,50283,593,15849,2685,66132,California
Sonoma,2021-02-09,3583,85707,1703,44123,1880,41584,0,0,3102,52907,479,16328,3103,69235,California
Sonoma,2021-02-10,4563,90270,2494,46617,2069,43653,0,0,3554,55459,1003,17331,3555,72790,California
Sonoma,2021-02-11,5597,95867,3031,49648,2566,46219,0,0,4407,58678,1188,18519,4407,77197,California
Sonoma,2021-02-12,5936,101803,3264,52912,2672,48891,0,0,4498,61746,1434,19953,4502,81699,California
Sonoma,2021-02-13,1997,103800,1155,54067,842,49733,0,0,1204,62160,790,20743,1204,82903,California
Sonoma,2021-02-14,2323,106123,1830,55897,493,50226,0,0,1580,62999,741,21484,1580,84483,California
Sonoma,2021-02-15,2151,108274,799,56696,1352,51578,0,0,1612,64072,539,22023,1612,86095,California
Sonoma,2021-02-16,4921,113195,2059,58755,2862,54440,0,0,3651,66458,1266,23289,3652,89747,California
Sonoma,2021-02-17,5618,118813,2911,61666,2707,57147,0,0,3576,68003,2033,25322,3578,93325,California
Sonoma,2021-02-18,6964,125777,3146,64812,3818,60965,0,0,4018,69088,2934,28256,4019,97344,California
Sonoma,2021-02-19,5581,131358,1681,66493,3900,64865,0,0,3458,70430,2118,30374,3460,100804,California
Sonoma,2021-02-20,3136,134494,2842,69335,294,65159,0,0,1218,69736,1912,32286,1218,102022,California
Sonoma,2021-02-21,538,135032,429,69764,109,65268,0,0,142,69487,391,32677,142,102164,California
Sonoma,2021-02-22,2959,137991,1405,71169,1554,66822,0,0,1230,68993,1724,34401,1230,103394,California
Sonoma,2021-02-23,3444,141435,2113,73282,1331,68153,0,0,1609,68772,1830,36231,1609,105003,California
Sonoma,2021-02-24,5722,147157,2576,75858,3146,71299,0,0,2938,68934,2778,39009,2940,107943,California
Sonoma,2021-02-25,6021,153178,2355,78213,3666,74965,0,0,3233,69402,2765,41774,3233,111176,California
Sonoma,2021-02-26,6650,159828,2940,81153,3710,78675,0,0,4224,71207,2419,44193,4224,115400,California
Sonoma,2021-02-27,4211,164039,1967,83120,2244,80919,0,0,2840,72678,1369,45562,2840,118240,California
Sonoma,2021-02-28,2512,166551,1861,84981,651,81570,0,0,770,71721,1728,47290,771,119011,California
Sonoma,2021-03-01,4125,170676,1316,86297,2808,84378,1,1,2168,71944,1947,49237,2170,121181,California
Sonoma,2021-03-02,4412,175088,1521,87818,2890,87268,1,2,2549,72638,1856,51093,2550,123731,California
Sonoma,2021-03-03,5073,180161,2649,90467,2424,89692,0,2,2335,72243,2730,53823,2335,126066,California
Sonoma,2021-03-04,5980,186141,2696,93163,3284,92976,0,2,2601,71479,3365,57188,2601,128667,California
Sonoma,2021-03-05,6506,192647,2873,96036,3618,96594,15,17,2741,70485,3751,60939,2757,131424,California
Sonoma,2021-03-06,2795,195442,1224,97260,1436,98030,135,152,1922,71675,866,61805,2056,133480,California
Sonoma,2021-03-07,1746,197188,1415,98675,295,98325,36,188,400,70767,1344,63149,436,133916,California
Sonoma,2021-03-08,4085,201273,663,99338,3247,101572,175,363,2402,71670,1672,64821,2575,136491,California
Sonoma,2021-03-09,5616,206889,3095,102433,2251,103823,270,633,2765,71849,2842,67663,3021,139512,California
Sonoma,2021-03-10,6033,212922,3198,105631,2485,106308,350,983,2437,71052,3582,71245,2785,142297,California
Sonoma,2021-03-11,7572,220494,3032,108663,3714,110022,826,1809,2575,69467,4984,76229,3399,145696,California
Sonoma,2021-03-12,7429,227923,2266,110929,3795,113817,1368,3177,2102,67624,5308,81537,3465,149161,California
Sonoma,2021-03-13,3430,231353,1695,112624,1496,115313,239,3416,2006,68441,1423,82960,2240,151401,California
Sonoma,2021-03-14,1387,232740,381,113005,864,116177,142,3558,847,68892,537,83497,988,152389,California
Sonoma,2021-03-15,5252,237992,1519,114524,3348,119525,385,3943,2169,68372,3072,86569,2552,154941,California
Sonoma,2021-03-16,6309,244301,2258,116782,3821,123346,230,4173,2901,68101,3400,89969,3129,158070,California
Sonoma,2021-03-17,6806,251107,3562,120344,3064,126410,180,4353,3293,68072,3500,93469,3471,161541,California
Sonoma,2021-03-18,7145,258252,2944,123288,3585,129995,616,4969,3122,67793,4013,97482,3734,165275,California
Sonoma,2021-03-19,7533,265785,3270,126558,4035,134030,228,5197,3059,66630,4454,101936,3291,168566,California
Sonoma,2021-03-20,3721,269506,1755,128313,1139,135169,827,6024,2016,67771,1697,103633,2838,171404,California
Sonoma,2021-03-21,1385,270891,598,128911,752,135921,35,6059,1203,68832,177,103810,1238,172642,California
Sonoma,2021-03-22,4584,275475,3124,132035,1359,137280,101,6160,3340,71034,1238,105048,3440,176082,California
Sonoma,2021-03-23,5874,281349,3645,135680,2158,139438,71,6231,4433,74108,1431,106479,4505,180587,California
Sonoma,2021-03-24,6851,288200,4302,139982,2478,141916,71,6302,4180,75707,2651,109130,4250,184837,California
Sonoma,2021-03-25,7148,295348,4217,144199,2819,144735,112,6414,4295,77289,2826,111956,4408,189245,California
Sonoma,2021-03-26,7460,302808,3470,147669,3897,148632,93,6507,3815,77573,3623,115579,3907,193152,California
Sonoma,2021-03-27,3881,306689,1507,149176,2010,150642,364,6871,1038,76140,2833,118412,1400,194552,California
Sonoma,2021-03-28,1516,308205,950,150126,539,151181,27,6898,799,76252,714,119126,826,195378,California
Sonoma,2021-03-29,2968,311173,1107,151233,1828,153009,33,6931,1533,76391,1427,120553,1566,196944,California
Sonoma,2021-03-30,5871,317044,3227,154460,2582,155591,62,6993,3054,76697,2810,123363,3116,200060,California
Sonoma,2021-03-31,5625,322669,3411,157871,1998,157589,216,7209,3246,77794,2365,125728,3462,203522,California
Sonoma,2021-04-01,6942,329611,4073,161944,2525,160114,344,7553,3764,78742,3151,128879,4099,207621,California
Sonoma,2021-04-02,5964,335575,3572,165516,2282,162396,110,7663,3582,80061,2372,131251,3691,211312,California
Sonoma,2021-04-03,3649,339224,1824,167340,1602,163998,223,7886,1607,79859,2030,133281,1828,213140,California
Sonoma,2021-04-04,1069,340293,695,168035,283,164281,91,7977,655,80196,409,133690,746,213886,California
Sonoma,2021-04-05,4445,344738,648,168683,3451,167732,346,8323,1672,79447,2766,136456,2017,215903,California
Sonoma,2021-04-06,6923,351661,3505,172188,3011,170743,407,8730,4026,80996,2883,139339,4432,220335,California
Sonoma,2021-04-07,6863,358524,3876,176064,2146,172889,841,9571,3338,81656,3513,142852,4173,224508,California
Sonoma,2021-04-08,7674,366198,4151,180215,2749,175638,774,10345,4211,83182,3454,146306,4980,229488,California
Sonoma,2021-04-09,6867,373065,3830,184045,2147,177785,890,11235,3539,84290,3314,149620,4422,233910,California
Sonoma,2021-04-10,3916,376981,1704,185749,1652,179437,560,11795,1145,83227,2762,152382,1699,235609,California
Sonoma,2021-04-11,1285,378266,606,186355,598,180035,81,11876,439,82902,845,153227,520,236129,California
Sonoma,2021-04-12,4970,383236,2068,188423,2413,182448,489,12365,1853,82132,3105,156332,2335,238464,California
Sonoma,2021-04-13,7916,391152,4663,193086,3250,185698,3,12368,3038,80312,4867,161199,3047,241511,California
Sonoma,2021-04-14,6593,397745,3751,196837,2822,188520,20,12388,2532,78819,4048,165247,2555,244066,California
Sonoma,2021-04-15,7267,405012,4120,200957,3147,191667,0,12388,3596,78761,3659,168906,3601,247667,California
Sonoma,2021-04-16,6787,411799,3402,204359,3383,195050,2,12390,3832,79650,2945,171851,3834,251501,California
Sonoma,2021-04-17,3200,414999,1563,205922,1637,196687,0,12390,1547,79559,1639,173490,1548,253049,California
Sonoma,2021-04-18,1288,416287,894,206816,394,197081,0,12390,451,79174,836,174326,451,253500,California
Sonoma,2021-04-19,3322,419609,1882,208698,1439,198520,1,12391,1447,78751,1871,176197,1448,254948,California
Sonoma,2021-04-20,6276,425885,3468,212166,2807,201327,1,12392,2339,77166,3926,180123,2341,257289,California
Sonoma,2021-04-21,6623,432508,4233,216399,2388,203715,2,12394,3043,76651,3559,183682,3044,260333,California
Sonoma,2021-04-22,6253,438761,4484,220883,1769,205484,0,12394,2521,75457,3715,187397,2521,262854,California
Sonoma,2021-04-23,7437,446198,4631,225514,2800,208284,6,12400,3635,75311,3788,191185,3642,266496,California
Sonoma,2021-04-24,2780,448978,1509,227023,1256,209540,15,12415,1547,75645,1228,192413,1562,268058,California
Sonoma,2021-04-25,1088,450066,792,227815,296,209836,0,12415,430,75420,655,193068,430,268488,California
Sonoma,2021-04-26,2925,452991,1407,229222,1490,211326,28,12443,1611,75753,1306,194374,1639,270127,California
Sonoma,2021-04-27,5487,458478,3731,232953,1632,212958,124,12567,2257,74915,3219,197593,2381,272508,California
Sonoma,2021-04-28,4900,463378,3230,236183,1473,214431,197,12764,2098,74420,2785,200378,2290,274798,California
Sonoma,2021-04-29,5085,468463,3589,239772,1351,215782,145,12909,1914,73319,3160,203538,2059,276857,California
Sonoma,2021-04-30,5457,473920,3633,243405,1530,217312,294,13203,1811,71794,3630,207168,2105,278962,California
Sonoma,2021-05-01,2484,476404,1787,245192,592,217904,105,13308,1234,71887,1242,208410,1335,280297,California
Sonoma,2021-05-02,865,477269,645,245837,169,218073,51,13359,551,72176,314,208724,603,280900,California
Sonoma,2021-05-03,3185,480454,1683,247520,1357,219430,145,13504,1050,71244,2125,210849,1193,282093,California
Sonoma,2021-05-04,4588,485042,2404,249924,2006,221436,178,13682,1458,69768,3107,213956,1631,283724,California
Sonoma,2021-05-05,3673,488715,2181,252105,1298,222734,194,13876,1313,68925,2348,216304,1505,285229,California
Sonoma,2021-05-06,4558,493273,2409,254514,2021,224755,128,14004,1318,67184,3183,219487,1442,286671,California
Sonoma,2021-05-07,3601,496874,2316,256830,1161,225916,124,14128,1085,65886,2506,221993,1208,287879,California
Sonoma,2021-05-08,1861,498735,1260,258090,509,226425,92,14220,747,65623,1102,223095,839,288718,California
Sonoma,2021-05-09,500,499235,284,258374,175,226600,41,14261,171,65509,326,223421,212,288930,California
Sonoma,2021-05-10,2318,501553,1044,259418,1140,227740,134,14395,292,63920,2012,225433,423,289353,California
Sonoma,2021-05-11,3553,505106,1907,261325,1524,229264,122,14517,932,62369,2605,228038,1054,290407,California
Sonoma,2021-05-12,3997,509103,2475,263800,1371,230635,151,14668,850,60233,3136,231174,1000,291407,California
Sonoma,2021-05-13,4924,514027,2833,266633,1960,232595,131,14799,1658,58767,3253,234427,1787,293194,California
Sonoma,2021-05-14,5811,519838,3610,270243,2062,234657,139,14938,2219,57548,3578,238005,2359,295553,California
Sonoma,2021-05-15,2923,522761,2151,272394,711,235368,61,14999,1846,58385,1069,239074,1906,297459,California
Sonoma,2021-05-16,1314,524075,1097,273491,158,235526,59,15058,979,59092,331,239405,1038,298497,California
Sonoma,2021-05-17,2458,526533,1833,275324,530,236056,95,15153,917,58566,1536,240941,1010,299507,California
Sonoma,2021-05-18,4336,530869,2862,278186,1365,237421,109,15262,1476,57316,2842,243783,1592,301099,California
Sonoma,2021-05-19,3737,534606,2403,280589,1219,238640,115,15377,1488,56682,2237,246020,1603,302702,California
Sonoma,2021-05-20,3323,537929,2210,282799,1018,239658,95,15472,1312,56087,1997,248017,1402,304104,California
Sonoma,2021-05-21,4147,542076,2353,285152,1665,241323,129,15601,1484,55048,2640,250657,1601,305705,California
Sonoma,2021-05-22,2173,544249,1201,286353,932,242255,40,15641,637,54200,1525,252182,677,306382,California
Sonoma,2021-05-23,1450,545699,1184,287537,251,242506,15,15656,754,54278,691,252873,769,307151,California
Sonoma,2021-05-24,1962,547661,1247,288784,585,243091,130,15786,648,53772,1284,254157,778,307929,California
Sonoma,2021-05-25,2916,550577,1796,290580,1032,244123,88,15874,740,52436,2163,256320,827,308756,California
Sonoma,2021-05-26,2457,553034,1724,292304,627,244750,106,15980,989,52071,1457,257777,1092,309848,California
Sonoma,2021-05-27,2079,555113,1136,293440,847,245597,96,16076,700,51495,1371,259148,795,310643,California
Sonoma,2021-05-28,2145,557258,1128,294568,924,246521,93,16169,621,50697,1512,260660,714,311357,California
Sonoma,2021-05-29,1333,558591,913,295481,353,246874,67,16236,646,50732,678,261338,713,312070,California
Sonoma,2021-05-30,340,558931,211,295692,119,246993,10,16246,136,50678,200,261538,146,312216,California
Sonoma,2021-05-31,71,559002,26,295718,44,247037,1,16247,17,50642,54,261592,18,312234,California
Sonoma,2021-06-01,1913,560915,1092,296810,744,247781,77,16324,686,50187,1213,262805,758,312992,California
Sonoma,2021-06-02,1571,562486,961,297771,496,248277,114,16438,662,50058,904,263709,775,313767,California
Sonoma,2021-06-03,1997,564483,1388,299159,529,248806,80,16518,446,49039,1543,265252,524,314291,California
Sonoma,2021-06-04,2686,567169,2199,301358,377,249183,110,16628,514,47497,2165,267417,623,314914,California
Sonoma,2021-06-05,1792,568961,1486,302844,276,249459,30,16658,289,46319,1497,268914,319,315233,California
Sonoma,2021-06-06,1012,569973,933,303777,69,249528,10,16668,156,45632,853,269767,166,315399,California
Sonoma,2021-06-07,1462,571435,1235,305012,179,249707,48,16716,307,44839,1146,270913,353,315752,California
Sonoma,2021-06-08,1856,573291,1498,306510,319,250026,39,16755,518,44069,1326,272239,556,316308,California
Sonoma,2021-06-09,934,574225,769,307279,122,250148,43,16798,210,43610,712,272951,253,316561,California
Stanislaus,2020-12-15,3,3,3,3,0,0,0,0,3,3,0,0,3,3,California
Stanislaus,2020-12-16,37,40,37,40,0,0,0,0,37,40,0,0,37,40,California
Stanislaus,2020-12-17,74,114,74,114,0,0,0,0,74,114,0,0,74,114,California
Stanislaus,2020-12-18,341,455,335,449,6,6,0,0,341,455,0,0,341,455,California
Stanislaus,2020-12-19,132,587,132,581,0,6,0,0,132,587,0,0,132,587,California
Stanislaus,2020-12-20,86,673,86,667,0,6,0,0,86,673,0,0,86,673,California
Stanislaus,2020-12-21,996,1669,995,1662,1,7,0,0,995,1668,1,1,996,1669,California
Stanislaus,2020-12-22,794,2463,782,2444,12,19,0,0,794,2462,0,1,794,2463,California
Stanislaus,2020-12-23,448,2911,430,2874,18,37,0,0,447,2909,1,2,448,2911,California
Stanislaus,2020-12-24,97,3008,88,2962,9,46,0,0,97,3006,0,2,97,3008,California
Stanislaus,2020-12-26,52,3060,9,2971,43,89,0,0,52,3058,0,2,52,3060,California
Stanislaus,2020-12-27,11,3071,6,2977,5,94,0,0,11,3069,0,2,11,3071,California
Stanislaus,2020-12-28,487,3558,394,3371,93,187,0,0,487,3556,0,2,487,3558,California
Stanislaus,2020-12-29,495,4053,415,3786,80,267,0,0,495,4051,0,2,495,4053,California
Stanislaus,2020-12-30,534,4587,280,4066,254,521,0,0,533,4583,1,3,533,4586,California
Stanislaus,2020-12-31,278,4865,157,4223,121,642,0,0,278,4861,0,3,278,4864,California
Stanislaus,2021-01-01,14,4879,5,4228,9,651,0,0,14,4875,0,3,14,4878,California
Stanislaus,2021-01-02,33,4912,26,4254,7,658,0,0,33,4908,0,3,33,4911,California
Stanislaus,2021-01-03,90,5002,87,4341,3,661,0,0,90,4998,0,3,90,5001,California
Stanislaus,2021-01-04,233,5235,154,4495,79,740,0,0,232,5229,1,4,232,5233,California
Stanislaus,2021-01-05,839,6074,347,4842,492,1232,0,0,814,6027,24,28,822,6055,California
Stanislaus,2021-01-06,1002,7076,598,5440,404,1636,0,0,928,6888,71,99,932,6987,California
Stanislaus,2021-01-07,1077,8153,703,6143,374,2010,0,0,884,7588,187,286,887,7874,California
Stanislaus,2021-01-08,1273,9426,718,6861,555,2565,0,0,928,8180,342,628,934,8808,California
Stanislaus,2021-01-09,291,9717,143,7004,148,2713,0,0,201,8292,90,718,202,9010,California
Stanislaus,2021-01-10,47,9764,20,7024,27,2740,0,0,29,8303,18,736,29,9039,California
Stanislaus,2021-01-11,1496,11260,1213,8237,283,3023,0,0,572,7975,918,1654,590,9629,California
Stanislaus,2021-01-12,1474,12734,867,9104,607,3630,0,0,830,8176,640,2294,841,10470,California
Stanislaus,2021-01-13,1445,14179,687,9791,758,4388,0,0,1120,8984,324,2618,1132,11602,California
Stanislaus,2021-01-14,2240,16419,284,10075,1956,6344,0,0,2066,10951,171,2789,2138,13740,California
Stanislaus,2021-01-15,2825,19244,1158,11233,1667,8011,0,0,2667,13548,154,2943,2751,16491,California
Stanislaus,2021-01-16,472,19716,50,11283,422,8433,0,0,453,13985,18,2961,455,16946,California
Stanislaus,2021-01-17,244,19960,202,11485,42,8475,0,0,237,14216,6,2967,237,17183,California
Stanislaus,2021-01-18,2190,22150,1023,12508,1167,9642,0,0,1795,15699,390,3357,1873,19056,California
Stanislaus,2021-01-19,1253,23403,723,13231,530,10172,0,0,804,16059,445,3802,805,19861,California
Stanislaus,2021-01-20,1012,24415,490,13721,522,10694,0,0,717,16482,294,4096,717,20578,California
Stanislaus,2021-01-21,3693,28108,2978,16699,715,11409,0,0,3359,19625,330,4426,3473,24051,California
Stanislaus,2021-01-22,1098,29206,308,17007,790,12199,0,0,1053,20640,41,4467,1056,25107,California
Stanislaus,2021-01-23,356,29562,42,17049,314,12513,0,0,297,20880,58,4525,298,25405,California
Stanislaus,2021-01-24,302,29864,100,17149,202,12715,0,0,236,21052,66,4591,238,25643,California
Stanislaus,2021-01-25,3159,33023,228,17377,2931,15646,0,0,2824,23732,299,4890,2979,28622,California
Stanislaus,2021-01-26,1729,34752,748,18125,981,16627,0,0,1299,24625,423,5313,1316,29938,California
Stanislaus,2021-01-27,1896,36648,1054,19179,842,17469,0,0,1190,25157,659,5972,1191,31129,California
Stanislaus,2021-01-28,2209,38857,1512,20691,697,18166,0,0,1716,26453,484,6456,1780,32909,California
Stanislaus,2021-01-29,2449,41306,1200,21891,1249,19415,0,0,1913,27929,490,6946,1966,34875,California
Stanislaus,2021-01-30,294,41600,133,22024,161,19576,0,0,229,28104,54,7000,229,35104,California
Stanislaus,2021-01-31,368,41968,314,22338,54,19630,0,0,353,28445,12,7012,353,35457,California
Stanislaus,2021-02-01,1295,43263,585,22923,710,20340,0,0,941,29044,343,7355,942,36399,California
Stanislaus,2021-02-02,1212,44475,348,23271,864,21204,0,0,775,29396,425,7780,777,37176,California
Stanislaus,2021-02-03,2614,47089,1234,24505,1380,22584,0,0,1917,30635,692,8472,1931,39107,California
Stanislaus,2021-02-04,2090,49179,710,25215,1380,23964,0,0,1581,31727,495,8967,1587,40694,California
Stanislaus,2021-02-05,2853,52032,1470,26685,1383,25347,0,0,1592,32134,1198,10165,1605,42299,California
Stanislaus,2021-02-06,885,52917,299,26984,586,25933,0,0,692,32637,191,10356,694,42993,California
Stanislaus,2021-02-07,232,53149,207,27191,25,25958,0,0,43,32495,186,10542,44,43037,California
Stanislaus,2021-02-08,2040,55189,1337,28528,703,26661,0,0,1100,32723,897,11439,1125,44162,California
Stanislaus,2021-02-09,1839,57028,783,29311,1056,27717,0,0,1042,33002,773,12212,1052,45214,California
Stanislaus,2021-02-10,1937,58965,534,29845,1403,29120,0,0,1013,33117,900,13112,1015,46229,California
Stanislaus,2021-02-11,5401,64366,3276,33121,2125,31245,0,0,1233,30408,3948,17060,1239,47468,California
Stanislaus,2021-02-12,3303,67669,917,34038,2386,33631,0,0,1453,30102,1768,18828,1462,48930,California
Stanislaus,2021-02-13,1353,69022,650,34688,703,34334,0,0,983,30726,363,19191,987,49917,California
Stanislaus,2021-02-14,417,69439,165,34853,252,34586,0,0,350,31011,65,19256,350,50267,California
Stanislaus,2021-02-15,1818,71257,230,35083,1588,36174,0,0,581,30474,1122,20378,585,50852,California
Stanislaus,2021-02-16,1363,72620,423,35506,940,37114,0,0,579,30283,772,21150,581,51433,California
Stanislaus,2021-02-17,2756,75376,1688,37194,1068,38182,0,0,1920,31384,831,21981,1932,53365,California
Stanislaus,2021-02-18,3366,78742,1903,39097,1463,39645,0,0,1780,31706,1495,23476,1817,55182,California
Stanislaus,2021-02-19,2771,81513,1075,40172,1696,41341,0,0,1515,32035,1210,24686,1539,56721,California
Stanislaus,2021-02-20,753,82266,383,40555,370,41711,0,0,477,32257,256,24942,478,57199,California
Stanislaus,2021-02-21,906,83172,692,41247,214,41925,0,0,545,32476,337,25279,556,57755,California
Stanislaus,2021-02-22,2351,85523,1698,42945,653,42578,0,0,1633,33412,698,25977,1634,59389,California
Stanislaus,2021-02-23,3751,89274,681,43626,3070,45648,0,0,1743,33323,1843,27820,1754,61143,California
Stanislaus,2021-02-24,4188,93462,2854,46480,1334,46982,0,0,3123,35405,1044,28864,3126,64269,California
Stanislaus,2021-02-25,3954,97416,2719,49199,1235,48217,0,0,3151,37776,783,29647,3154,67423,California
Stanislaus,2021-02-26,4217,101633,1217,50416,3000,51217,0,0,2839,39305,1322,30969,2851,70274,California
Stanislaus,2021-02-27,2093,103726,711,51127,1381,52598,1,1,1860,40963,204,31173,1862,72136,California
Stanislaus,2021-02-28,825,104551,262,51389,563,53161,0,1,775,41700,39,31212,776,72912,California
Stanislaus,2021-03-01,2790,107341,1647,53036,1141,54302,2,3,1640,42245,1109,32321,1654,74566,California
Stanislaus,2021-03-02,2396,109737,1425,54461,970,55272,1,4,1660,43187,721,33042,1663,76229,California
Stanislaus,2021-03-03,3715,113452,2231,56692,1480,56752,4,8,2905,45303,793,33835,2909,79138,California
Stanislaus,2021-03-04,5443,118895,3107,59799,2320,59072,16,24,4190,48285,1220,35055,4202,83340,California
Stanislaus,2021-03-05,4086,122981,1121,60920,2949,62021,16,40,3087,50417,970,36025,3102,86442,California
Stanislaus,2021-03-06,3577,126558,2230,63150,1254,63275,93,133,2722,52383,851,36876,2817,89259,California
Stanislaus,2021-03-07,851,127409,387,63537,428,63703,36,169,665,52903,181,37057,701,89960,California
Stanislaus,2021-03-08,1991,129400,862,64399,1040,64743,89,258,1330,53679,642,37699,1418,91378,California
Stanislaus,2021-03-09,2176,131576,903,65302,1181,65924,92,350,1632,54876,532,38231,1729,93107,California
Stanislaus,2021-03-10,5070,136646,2505,67807,2340,68264,225,575,3738,57540,1312,39543,3976,97083,California
Stanislaus,2021-03-11,5721,142367,3142,70949,2103,70367,476,1051,4121,60713,1429,40972,4602,101685,California
Stanislaus,2021-03-12,5773,148140,1229,72178,2621,72988,1923,2974,2917,62721,2830,43802,4838,106523,California
Stanislaus,2021-03-13,3400,151540,2181,74359,1149,74137,70,3044,2701,64807,692,44494,2778,109301,California
Stanislaus,2021-03-14,989,152529,595,74954,343,74480,51,3095,485,64844,501,44995,538,109839,California
Stanislaus,2021-03-15,3691,156220,1975,76929,1355,75835,361,3456,1602,64822,1992,46987,1970,111809,California
Stanislaus,2021-03-16,4937,161157,2459,79388,2065,77900,413,3869,3549,67417,1366,48353,3961,115770,California
Stanislaus,2021-03-17,4720,165877,2854,82242,1688,79588,178,4047,2877,68667,1811,50164,3061,118831,California
Stanislaus,2021-03-18,5423,171300,3422,85664,1935,81523,66,4113,2929,69326,2341,52505,3000,121831,California
Stanislaus,2021-03-19,5926,177226,1541,87205,2864,84387,1521,5634,3105,71168,2781,55286,4623,126454,California
Stanislaus,2021-03-20,3843,181069,3009,90214,766,85153,68,5702,3365,74131,471,55757,3434,129888,California
Stanislaus,2021-03-21,1005,182074,903,91117,37,85190,65,5767,765,74724,237,55994,830,130718,California
Stanislaus,2021-03-22,2822,184896,1328,92445,769,85959,725,6492,1236,75131,1557,57551,1964,132682,California
Stanislaus,2021-03-23,3947,188843,2021,94466,1666,87625,260,6752,2805,77090,1125,58676,3084,135766,California
Stanislaus,2021-03-24,4552,193395,3221,97687,1263,88888,68,6820,2635,77926,1870,60546,2706,138472,California
Stanislaus,2021-03-25,4252,197647,2925,100612,1311,90199,16,6836,1818,77406,2355,62901,1835,140307,California
Stanislaus,2021-03-26,4756,202403,1335,101947,3346,93545,75,6911,2381,77533,2342,65243,2469,142776,California
Stanislaus,2021-03-27,4401,206804,2741,104688,1578,95123,82,6993,1379,75998,3004,68247,1469,144245,California
Stanislaus,2021-03-28,1105,207909,438,105126,559,95682,108,7101,317,75653,776,69023,431,144676,California
Stanislaus,2021-03-29,2978,210887,1827,106953,1112,96794,39,7140,1979,76688,989,70012,2024,146700,California
Stanislaus,2021-03-30,3676,214563,2064,109017,1586,98380,26,7166,2230,77513,1437,71449,2262,148962,California
Stanislaus,2021-03-31,5427,219990,3852,112869,1456,99836,119,7285,2772,77774,2634,74083,2895,151857,California
Stanislaus,2021-04-01,5740,225730,3839,116708,1812,101648,89,7374,2632,77421,3085,77168,2732,154589,California
Stanislaus,2021-04-02,5015,230745,1210,117918,3651,105299,154,7528,2241,77145,2683,79851,2407,156996,California
Stanislaus,2021-04-03,4544,235289,3300,121218,1207,106506,37,7565,2241,77143,2293,82144,2291,159287,California
Stanislaus,2021-04-04,1323,236612,473,121691,820,107326,30,7595,650,77161,666,82810,684,159971,California
Stanislaus,2021-04-05,3634,240246,2529,124220,857,108183,248,7843,2357,78503,1267,84077,2609,162580,California
Stanislaus,2021-04-06,5750,245996,4173,128393,1302,109485,275,8118,3075,79199,2660,86737,3356,165936,California
Stanislaus,2021-04-07,6348,252344,3598,131991,2326,111811,424,8542,2827,78955,3503,90240,3259,169195,California
Stanislaus,2021-04-08,5685,258029,3327,135318,1924,113735,434,8976,2774,79280,2887,93127,3212,172407,California
Stanislaus,2021-04-09,4822,262851,2105,137423,2344,116079,373,9349,2183,79234,2615,95742,2569,174976,California
Stanislaus,2021-04-10,6495,269346,3984,141407,872,116951,1639,10988,1998,78393,4471,100213,3630,178606,California
Stanislaus,2021-04-11,1518,270864,847,142254,538,117489,133,11121,664,78339,852,101065,798,179404,California
Stanislaus,2021-04-12,3593,274457,2046,144300,1102,118591,445,11566,1873,78966,1699,102764,2326,181730,California
Stanislaus,2021-04-13,5196,279653,3422,147722,1761,120352,13,11579,2919,79657,2235,104999,2926,184656,California
Stanislaus,2021-04-14,4679,284332,3273,150995,1404,121756,2,11581,2286,79591,2359,107358,2293,186949,California
Stanislaus,2021-04-15,5397,289729,3319,154314,2076,123832,2,11583,3243,80724,2114,109472,3247,190196,California
Stanislaus,2021-04-16,4309,294038,992,155306,3316,127148,1,11584,1819,80098,2448,111920,1822,192018,California
Stanislaus,2021-04-17,3164,297202,2129,157435,1035,128183,0,11584,1839,80628,1312,113232,1842,193860,California
Stanislaus,2021-04-18,533,297735,217,157652,314,128497,2,11586,409,80923,117,113349,412,194272,California
Stanislaus,2021-04-19,3457,301192,2449,160101,1007,129504,1,11587,1637,80781,1788,115137,1646,195918,California
Stanislaus,2021-04-20,3971,305163,2410,162511,1561,131065,0,11587,1732,80306,2209,117346,1734,197652,California
Stanislaus,2021-04-21,3828,308991,2559,165070,1268,132333,1,11588,1597,79719,2191,119537,1604,199256,California
Stanislaus,2021-04-22,3957,312948,2411,167481,1546,133879,0,11588,1577,78966,2335,121872,1582,200838,California
Stanislaus,2021-04-23,3589,316537,845,168326,2743,136622,1,11589,1466,78408,2032,123904,1474,202312,California
Stanislaus,2021-04-24,3783,320320,2927,171253,856,137478,0,11589,1789,78225,1977,125881,1794,204106,California
Stanislaus,2021-04-25,939,321259,482,171735,457,137935,0,11589,689,78674,244,126125,693,204799,California
Stanislaus,2021-04-26,3362,324621,2361,174096,995,138930,6,11595,1052,77449,2288,128413,1063,205862,California
Stanislaus,2021-04-27,4036,328657,2800,176896,1188,140118,48,11643,1170,75831,2840,131253,1222,207084,California
Stanislaus,2021-04-28,4259,332916,3024,179920,1173,141291,62,11705,1837,75336,2403,133656,1908,208992,California
Stanislaus,2021-04-29,3637,336553,2257,182177,1332,142623,48,11753,1447,74664,2177,135833,1505,210497,California
Stanislaus,2021-04-30,4498,341051,2043,184220,2371,144994,84,11837,1776,73824,2708,138541,1868,212365,California
Stanislaus,2021-05-01,2708,343759,1925,186145,742,145736,41,11878,1015,73203,1685,140226,1064,213429,California
Stanislaus,2021-05-02,1075,344834,615,186760,424,146160,36,11914,521,73218,548,140774,563,213992,California
Stanislaus,2021-05-03,2413,347247,1927,188687,415,146575,71,11985,910,72711,1491,142265,984,214976,California
Stanislaus,2021-05-04,3472,350719,2468,191155,914,147489,90,12075,1067,71484,2393,144658,1166,216142,California
Stanislaus,2021-05-05,3189,353908,2133,193288,981,148470,75,12150,1081,70556,2088,146746,1160,217302,California
Stanislaus,2021-05-06,3518,357426,2696,195984,698,149168,124,12274,1056,69301,2442,149188,1187,218489,California
Stanislaus,2021-05-07,2299,359725,882,196866,1254,150422,163,12437,926,69027,1365,150553,1091,219580,California
Stanislaus,2021-05-08,1959,361684,1342,198208,584,151006,33,12470,712,68548,1231,151784,752,220332,California
Stanislaus,2021-05-09,712,362396,342,198550,344,151350,26,12496,308,68481,402,152186,335,220667,California
Stanislaus,2021-05-10,1681,364077,1138,199688,447,151797,96,12592,451,67810,1220,153406,549,221216,California
Stanislaus,2021-05-11,2363,366440,1493,201181,712,152509,158,12750,671,66964,1680,155086,834,222050,California
Stanislaus,2021-05-12,2210,368650,1270,202451,832,153341,108,12858,850,66578,1346,156432,960,223010,California
Stanislaus,2021-05-13,1984,370634,1138,203589,729,154070,117,12975,899,66520,1077,157509,1019,224029,California
Stanislaus,2021-05-14,2605,373239,1162,204751,1307,155377,136,13111,1201,66469,1389,158898,1338,225367,California
Stanislaus,2021-05-15,2475,375714,1768,206519,657,156034,50,13161,1197,66456,1268,160166,1255,226622,California
Stanislaus,2021-05-16,1023,376737,668,207187,347,156381,8,13169,556,66564,460,160626,568,227190,California
Stanislaus,2021-05-17,1929,378666,1295,208482,553,156934,81,13250,927,66578,996,161622,1010,228200,California
Stanislaus,2021-05-18,2199,380865,1503,209985,582,157516,114,13364,1143,66790,1044,162666,1256,229456,California
Stanislaus,2021-05-19,3022,383887,2064,212049,805,158321,153,13517,1348,66631,1665,164331,1506,230962,California
Stanislaus,2021-05-20,2046,385933,1092,213141,852,159173,102,13619,820,66341,1217,165548,927,231889,California
Stanislaus,2021-05-21,2182,388115,1020,214161,1067,160240,95,13714,880,66033,1286,166834,978,232867,California
Stanislaus,2021-05-22,1838,389953,1119,215280,651,160891,68,13782,817,65906,1013,167847,886,233753,California
Stanislaus,2021-05-23,1001,390954,638,215918,348,161239,15,13797,461,65846,536,168383,476,234229,California
Stanislaus,2021-05-24,1575,392529,1082,217000,418,161657,75,13872,605,65567,966,169349,687,234916,California
Stanislaus,2021-05-25,1693,394222,1163,218163,433,162090,97,13969,825,65627,864,170213,924,235840,California
Stanislaus,2021-05-26,1880,396102,1178,219341,653,162743,49,14018,898,65601,973,171186,947,236787,California
Stanislaus,2021-05-27,1711,397813,940,220281,696,163439,75,14093,640,65254,1062,172248,715,237502,California
Stanislaus,2021-05-28,1952,399765,887,221168,986,164425,79,14172,860,65106,1087,173335,939,238441,California
Stanislaus,2021-05-29,1310,401075,843,222011,426,164851,41,14213,611,65065,695,174030,654,239095,California
Stanislaus,2021-05-30,454,401529,274,222285,146,164997,34,14247,215,65078,236,174266,249,239344,California
Stanislaus,2021-05-31,259,401788,122,222407,130,165127,7,14254,97,65021,161,174427,104,239448,California
Stanislaus,2021-06-01,1544,403332,972,223379,520,165647,52,14306,621,64780,917,175344,676,240124,California
Stanislaus,2021-06-02,1709,405041,1093,224472,550,166197,66,14372,771,64690,928,176272,838,240962,California
Stanislaus,2021-06-03,1306,406347,771,225243,488,166685,47,14419,530,64506,764,177036,580,241542,California
Stanislaus,2021-06-04,1844,408191,1112,226355,663,167348,69,14488,695,64142,1140,178176,776,242318,California
Stanislaus,2021-06-05,1358,409549,1039,227394,293,167641,26,14514,463,63747,886,179062,491,242809,California
Stanislaus,2021-06-06,494,410043,403,227797,83,167724,8,14522,198,63659,296,179358,208,243017,California
Stanislaus,2021-06-07,1341,411384,1017,228814,277,168001,47,14569,496,63364,839,180197,544,243561,California
Stanislaus,2021-06-08,1750,413134,1329,230143,362,168363,59,14628,636,62959,1102,181299,697,244258,California
Stanislaus,2021-06-09,934,414068,621,230764,244,168607,69,14697,283,62665,648,181947,354,244612,California
Sutter,2020-12-15,1,1,1,1,0,0,0,0,1,1,0,0,1,1,California
Sutter,2020-12-16,4,5,4,5,0,0,0,0,4,5,0,0,4,5,California
Sutter,2020-12-17,2,7,2,7,0,0,0,0,2,7,0,0,2,7,California
Sutter,2020-12-18,22,29,22,29,0,0,0,0,22,29,0,0,22,29,California
Sutter,2020-12-19,44,73,44,73,0,0,0,0,44,73,0,0,44,73,California
Sutter,2020-12-20,43,116,43,116,0,0,0,0,43,116,0,0,43,116,California
Sutter,2020-12-21,100,216,100,216,0,0,0,0,100,216,0,0,100,216,California
Sutter,2020-12-22,171,387,171,387,0,0,0,0,171,387,0,0,171,387,California
Sutter,2020-12-23,118,505,113,500,5,5,0,0,118,505,0,0,118,505,California
Sutter,2020-12-24,17,522,11,511,6,11,0,0,17,522,0,0,17,522,California
Sutter,2020-12-26,38,560,34,545,4,15,0,0,38,560,0,0,38,560,California
Sutter,2020-12-27,24,584,23,568,1,16,0,0,24,584,0,0,24,584,California
Sutter,2020-12-28,84,668,56,624,28,44,0,0,84,668,0,0,84,668,California
Sutter,2020-12-29,102,770,14,638,88,132,0,0,102,770,0,0,102,770,California
Sutter,2020-12-30,137,907,34,672,103,235,0,0,137,907,0,0,137,907,California
Sutter,2020-12-31,69,976,6,678,63,298,0,0,69,976,0,0,69,976,California
Sutter,2021-01-01,3,979,3,681,0,298,0,0,3,979,0,0,3,979,California
Sutter,2021-01-02,131,1110,129,810,2,300,0,0,131,1110,0,0,131,1110,California
Sutter,2021-01-03,1,1111,0,810,1,301,0,0,1,1111,0,0,1,1111,California
Sutter,2021-01-04,246,1357,138,948,108,409,0,0,246,1357,0,0,246,1357,California
Sutter,2021-01-05,100,1457,57,1005,43,452,0,0,97,1451,3,3,97,1454,California
Sutter,2021-01-06,204,1661,50,1055,154,606,0,0,199,1645,5,8,199,1653,California
Sutter,2021-01-07,253,1914,151,1206,102,708,0,0,244,1881,8,16,244,1897,California
Sutter,2021-01-08,152,2066,41,1247,111,819,0,0,134,1997,18,34,134,2031,California
Sutter,2021-01-09,44,2110,43,1290,1,820,0,0,3,1959,41,75,3,2034,California
Sutter,2021-01-10,395,2505,37,1327,358,1178,0,0,357,2279,37,112,357,2391,California
Sutter,2021-01-11,133,2638,116,1443,17,1195,0,0,25,2196,108,220,25,2416,California
Sutter,2021-01-12,201,2839,164,1607,37,1232,0,0,58,2111,143,363,58,2474,California
Sutter,2021-01-13,165,3004,101,1708,64,1296,0,0,74,2095,90,453,74,2548,California
Sutter,2021-01-14,148,3152,51,1759,97,1393,0,0,129,2205,19,472,129,2677,California
Sutter,2021-01-15,437,3589,132,1891,305,1698,0,0,422,2612,15,487,422,3099,California
Sutter,2021-01-16,384,3973,41,1932,343,2041,0,0,354,2936,30,517,354,3453,California
Sutter,2021-01-17,26,3999,24,1956,2,2043,0,0,10,2930,16,533,10,3463,California
Sutter,2021-01-18,119,4118,64,2020,55,2098,0,0,70,2951,49,582,70,3533,California
Sutter,2021-01-19,104,4222,42,2062,62,2160,0,0,80,3007,24,606,80,3613,California
Sutter,2021-01-20,270,4492,206,2268,64,2224,0,0,250,3237,20,626,250,3863,California
Sutter,2021-01-21,485,4977,316,2584,169,2393,0,0,466,3684,19,645,466,4329,California
Sutter,2021-01-22,244,5221,54,2638,190,2583,0,0,235,3910,9,654,235,4564,California
Sutter,2021-01-23,398,5619,39,2677,359,2942,0,0,372,4256,26,680,372,4936,California
Sutter,2021-01-24,16,5635,14,2691,2,2944,0,0,14,4268,2,682,14,4950,California
Sutter,2021-01-25,308,5943,196,2887,112,3056,0,0,152,4267,155,837,154,5104,California
Sutter,2021-01-26,249,6192,108,2995,141,3197,0,0,144,4307,104,941,144,5248,California
Sutter,2021-01-27,387,6579,255,3250,132,3329,0,0,321,4562,66,1007,321,5569,California
Sutter,2021-01-28,585,7164,361,3611,224,3553,0,0,410,4798,174,1181,410,5979,California
Sutter,2021-01-29,362,7526,85,3696,277,3830,0,0,243,4922,119,1300,243,6222,California
Sutter,2021-01-30,780,8306,39,3735,741,4571,0,0,769,5680,11,1311,769,6991,California
Sutter,2021-01-31,26,8332,25,3760,1,4572,0,0,26,5706,0,1311,26,7017,California
Sutter,2021-02-01,168,8500,51,3811,117,4689,0,0,137,5812,31,1342,137,7154,California
Sutter,2021-02-02,241,8741,24,3835,217,4906,0,0,208,5987,33,1375,208,7362,California
Sutter,2021-02-03,447,9188,39,3874,408,5314,0,0,212,5964,235,1610,212,7574,California
Sutter,2021-02-04,673,9861,363,4237,310,5624,0,0,620,6531,53,1663,620,8194,California
Sutter,2021-02-05,291,10152,32,4269,259,5883,0,0,139,6518,152,1815,139,8333,California
Sutter,2021-02-06,736,10888,31,4300,705,6588,0,0,716,7214,20,1835,716,9049,California
Sutter,2021-02-07,23,10911,20,4320,3,6591,0,0,19,7229,4,1839,19,9068,California
Sutter,2021-02-08,133,11044,29,4349,104,6695,0,0,98,7292,35,1874,98,9166,California
Sutter,2021-02-09,248,11292,45,4394,203,6898,0,0,185,7414,63,1937,185,9351,California
Sutter,2021-02-10,819,12111,381,4775,438,7336,0,0,179,6954,639,2576,179,9530,California
Sutter,2021-02-11,602,12713,270,5045,332,7668,0,0,344,7040,258,2834,344,9874,California
Sutter,2021-02-12,637,13350,67,5112,570,8238,0,0,312,7028,324,3158,312,10186,California
Sutter,2021-02-13,900,14250,48,5160,852,9090,0,0,784,7696,116,3274,784,10970,California
Sutter,2021-02-14,92,14342,26,5186,66,9156,0,0,81,7766,11,3285,81,11051,California
Sutter,2021-02-15,200,14542,73,5259,127,9283,0,0,121,7808,79,3364,121,11172,California
Sutter,2021-02-16,290,14832,45,5304,245,9528,0,0,206,7931,83,3447,206,11378,California
Sutter,2021-02-17,825,15657,430,5734,395,9923,0,0,131,7368,694,4141,131,11509,California
Sutter,2021-02-18,708,16365,56,5790,652,10575,0,0,493,7647,214,4355,493,12002,California
Sutter,2021-02-19,664,17029,378,6168,286,10861,0,0,460,7905,202,4557,460,12462,California
Sutter,2021-02-20,623,17652,56,6224,567,11428,0,0,518,8319,104,4661,518,12980,California
Sutter,2021-02-21,27,17679,25,6249,2,11430,0,0,8,8308,19,4680,8,12988,California
Sutter,2021-02-22,208,17887,122,6371,86,11516,0,0,88,8276,120,4800,88,13076,California
Sutter,2021-02-23,222,18109,32,6403,190,11706,0,0,97,8249,124,4924,97,13173,California
Sutter,2021-02-24,973,19082,348,6751,625,12331,0,0,198,7673,774,5698,198,13371,California
Sutter,2021-02-25,790,19872,502,7253,288,12619,0,0,607,8100,180,5878,607,13978,California
Sutter,2021-02-26,374,20246,61,7314,313,12932,0,0,154,8036,218,6096,154,14132,California
Sutter,2021-02-27,873,21119,49,7363,824,13756,0,0,713,8587,162,6258,713,14845,California
Sutter,2021-02-28,86,21205,42,7405,44,13800,0,0,66,8634,19,6277,66,14911,California
Sutter,2021-03-01,250,21455,61,7466,189,13989,0,0,153,8690,97,6374,153,15064,California
Sutter,2021-03-02,336,21791,59,7525,277,14266,0,0,162,8679,173,6547,162,15226,California
Sutter,2021-03-03,1388,23179,514,8039,874,15140,0,0,643,8583,739,7286,643,15869,California
Sutter,2021-03-04,1255,24434,862,8901,393,15533,0,0,946,9224,305,7591,946,16815,California
Sutter,2021-03-05,339,24773,78,8979,260,15793,1,1,208,9302,131,7722,209,17024,California
Sutter,2021-03-06,1024,25797,47,9026,972,16765,5,6,859,10001,165,7887,864,17888,California
Sutter,2021-03-07,65,25862,23,9049,41,16806,1,7,44,10025,21,7908,45,17933,California
Sutter,2021-03-08,229,26091,80,9129,137,16943,12,19,159,10126,70,7978,171,18104,California
Sutter,2021-03-09,393,26484,142,9271,238,17181,13,32,190,10126,203,8181,203,18307,California
Sutter,2021-03-10,1575,28059,684,9955,828,18009,63,95,527,9671,1045,9226,590,18897,California
Sutter,2021-03-11,892,28951,441,10396,433,18442,18,113,647,10094,242,9468,665,19562,California
Sutter,2021-03-12,682,29633,111,10507,388,18830,183,296,200,9996,479,9947,381,19943,California
Sutter,2021-03-13,993,30626,752,11259,223,19053,18,314,784,10590,207,10154,801,20744,California
Sutter,2021-03-14,132,30758,22,11281,99,19152,11,325,45,10559,87,10241,56,20800,California
Sutter,2021-03-15,325,31083,66,11347,210,19362,49,374,155,10595,168,10409,204,21004,California
Sutter,2021-03-16,394,31477,86,11433,261,19623,47,421,213,10673,181,10590,259,21263,California
Sutter,2021-03-17,1498,32975,562,11995,915,20538,21,442,313,9830,1176,11766,333,21596,California
Sutter,2021-03-18,973,33948,178,12173,595,21133,200,642,567,10192,404,12170,766,22362,California
Sutter,2021-03-19,462,34410,165,12338,268,21401,29,671,284,10329,176,12346,313,22675,California
Sutter,2021-03-20,948,35358,117,12455,820,22221,11,682,857,11106,91,12437,868,23543,California
Sutter,2021-03-21,68,35426,47,12502,18,22239,3,685,32,11105,36,12473,35,23578,California
Sutter,2021-03-22,291,35717,121,12623,143,22382,27,712,213,11268,77,12550,240,23818,California
Sutter,2021-03-23,375,36092,115,12738,228,22610,32,744,253,11430,122,12672,284,24102,California
Sutter,2021-03-24,1684,37776,768,13506,845,23455,71,815,312,10456,1357,14029,383,24485,California
Sutter,2021-03-25,1043,38819,681,14187,319,23774,43,858,369,10197,671,14700,412,24897,California
Sutter,2021-03-26,493,39312,176,14363,300,24074,17,875,294,10312,196,14896,311,25208,California
Sutter,2021-03-27,926,40238,63,14426,861,24935,2,877,819,11029,104,15000,821,26029,California
Sutter,2021-03-28,124,40362,71,14497,53,24988,0,877,77,11061,45,15045,77,26106,California
Sutter,2021-03-29,426,40788,143,14640,227,25215,56,933,223,11139,201,15246,279,26385,California
Sutter,2021-03-30,478,41266,162,14802,306,25521,10,943,316,11303,162,15408,326,26711,California
Sutter,2021-03-31,1260,42526,180,14982,1065,26586,15,958,457,10984,792,16200,473,27184,California
Sutter,2021-04-01,1387,43913,740,15722,459,27045,188,1146,429,10650,950,17150,616,27800,California
Sutter,2021-04-02,517,44430,101,15823,298,27343,118,1264,204,10657,311,17461,318,28118,California
Sutter,2021-04-03,917,45347,78,15901,210,27553,629,1893,122,10615,792,18253,750,28868,California
Sutter,2021-04-04,117,45464,22,15923,89,27642,6,1899,54,10612,63,18316,60,28928,California
Sutter,2021-04-05,370,45834,145,16068,189,27831,36,1935,178,10637,189,18505,214,29142,California
Sutter,2021-04-06,513,46347,199,16267,258,28089,56,1991,275,10731,237,18742,331,29473,California
Sutter,2021-04-07,1483,47830,886,17153,521,28610,76,2067,610,10553,865,19607,687,30160,California
Sutter,2021-04-08,1052,48882,583,17736,355,28965,114,2181,580,10776,469,20076,692,30852,California
Sutter,2021-04-09,570,49452,249,17985,256,29221,65,2246,239,10753,327,20403,304,31156,California
Sutter,2021-04-10,831,50283,109,18094,92,29313,630,2876,112,10772,715,21118,734,31890,California
Sutter,2021-04-11,115,50398,28,18122,41,29354,46,2922,34,10770,81,21199,79,31969,California
Sutter,2021-04-12,347,50745,95,18217,198,29552,54,2976,140,10759,206,21405,195,32164,California
Sutter,2021-04-13,437,51182,129,18346,308,29860,0,2976,217,10758,218,21623,217,32381,California
Sutter,2021-04-14,1323,52505,161,18507,1161,31021,1,2977,224,9905,1092,22715,239,32620,California
Sutter,2021-04-15,535,53040,171,18678,364,31385,0,2977,213,9799,319,23034,213,32833,California
Sutter,2021-04-16,393,53433,124,18802,269,31654,0,2977,180,9767,212,23246,180,33013,California
Sutter,2021-04-17,575,54008,84,18886,491,32145,0,2977,504,10201,70,23316,504,33517,California
Sutter,2021-04-18,70,54078,12,18898,58,32203,0,2977,42,10216,27,23343,42,33559,California
Sutter,2021-04-19,288,54366,110,19008,178,32381,0,2977,119,10168,167,23510,119,33678,California
Sutter,2021-04-20,411,54777,133,19141,278,32659,0,2977,203,10163,208,23718,203,33881,California
Sutter,2021-04-21,1232,56009,420,19561,812,33471,0,2977,475,9891,747,24465,475,34356,California
Sutter,2021-04-22,483,56492,164,19725,319,33790,0,2977,251,9912,230,24695,251,34607,California
Sutter,2021-04-23,398,56890,116,19841,282,34072,0,2977,184,9884,212,24907,184,34791,California
Sutter,2021-04-24,326,57216,106,19947,219,34291,1,2978,186,9931,139,25046,186,34977,California
Sutter,2021-04-25,157,57373,75,20022,82,34373,0,2978,86,9948,69,25115,86,35063,California
Sutter,2021-04-26,307,57680,90,20112,215,34588,2,2980,134,9913,171,25286,136,35199,California
Sutter,2021-04-27,536,58216,264,20376,268,34856,4,2984,249,9882,284,25570,253,35452,California
Sutter,2021-04-28,813,59029,341,20717,464,35320,8,2992,254,9590,554,26124,262,35714,California
Sutter,2021-04-29,778,59807,140,20857,637,35957,1,2993,312,9440,463,26587,313,36027,California
Sutter,2021-04-30,359,60166,109,20966,237,36194,13,3006,145,9386,211,26798,157,36184,California
Sutter,2021-05-01,295,60461,105,21071,150,36344,40,3046,127,9388,165,26963,167,36351,California
Sutter,2021-05-02,82,60543,54,21125,26,36370,2,3048,46,9400,36,26999,48,36399,California
Sutter,2021-05-03,217,60760,109,21234,99,36469,9,3057,86,9364,131,27130,95,36494,California
Sutter,2021-05-04,543,61303,237,21471,241,36710,65,3122,227,9342,313,27443,291,36785,California
Sutter,2021-05-05,534,61837,143,21614,383,37093,8,3130,155,9132,373,27816,163,36948,California
Sutter,2021-05-06,421,62258,227,21841,176,37269,18,3148,189,9107,232,28048,207,37155,California
Sutter,2021-05-07,409,62667,146,21987,242,37511,21,3169,153,9027,254,28302,174,37329,California
Sutter,2021-05-08,196,62863,49,22036,142,37653,5,3174,106,9048,90,28392,111,37440,California
Sutter,2021-05-09,82,62945,53,22089,24,37677,5,3179,56,9083,26,28418,61,37501,California
Sutter,2021-05-10,189,63134,42,22131,129,37806,18,3197,47,9008,140,28558,65,37566,California
Sutter,2021-05-11,450,63584,219,22350,210,38016,21,3218,188,8957,258,28816,207,37773,California
Sutter,2021-05-12,440,64024,241,22591,189,38205,10,3228,161,8853,275,29091,171,37944,California
Sutter,2021-05-13,481,64505,258,22849,201,38406,22,3250,195,8786,284,29375,217,38161,California
Sutter,2021-05-14,435,64940,186,23035,233,38639,16,3266,215,8802,215,29590,231,38392,California
Sutter,2021-05-15,841,65781,308,23343,502,39141,31,3297,306,8605,534,30124,337,38729,California
Sutter,2021-05-16,137,65918,82,23425,47,39188,8,3305,75,8627,61,30185,83,38812,California
Sutter,2021-05-17,292,66210,116,23541,162,39350,14,3319,155,8660,136,30321,169,38981,California
Sutter,2021-05-18,540,66750,310,23851,225,39575,5,3324,296,8720,241,30562,301,39282,California
Sutter,2021-05-19,463,67213,265,24116,191,39766,7,3331,245,8757,215,30777,252,39534,California
Sutter,2021-05-20,433,67646,229,24345,192,39958,12,3343,211,8760,220,30997,223,39757,California
Sutter,2021-05-21,489,68135,221,24566,256,40214,12,3355,238,8761,248,31245,249,40006,California
Sutter,2021-05-22,348,68483,197,24763,148,40362,3,3358,177,8774,166,31411,179,40185,California
Sutter,2021-05-23,178,68661,82,24845,87,40449,9,3367,90,8791,82,31493,99,40284,California
Sutter,2021-05-24,241,68902,89,24934,129,40578,23,3390,101,8777,138,31631,124,40408,California
Sutter,2021-05-25,400,69302,195,25129,192,40770,13,3403,166,8726,229,31860,178,40586,California
Sutter,2021-05-26,318,69620,157,25286,152,40922,9,3412,118,8657,196,32056,127,40713,California
Sutter,2021-05-27,432,70052,115,25401,298,41220,19,3431,126,8500,302,32358,145,40858,California
Sutter,2021-05-28,335,70387,164,25565,157,41377,14,3445,178,8540,152,32510,192,41050,California
Sutter,2021-05-29,252,70639,118,25683,119,41496,15,3460,139,8585,109,32619,154,41204,California
Sutter,2021-05-30,85,70724,61,25744,21,41517,3,3463,50,8604,34,32653,53,41257,California
Sutter,2021-05-31,19,70743,2,25746,13,41530,4,3467,5,8599,14,32667,9,41266,California
Sutter,2021-06-01,308,71051,133,25879,167,41697,8,3475,127,8554,180,32847,135,41401,California
Sutter,2021-06-02,283,71334,120,25999,157,41854,6,3481,111,8505,166,33013,117,41518,California
Sutter,2021-06-03,340,71674,225,26224,106,41960,9,3490,119,8418,215,33228,128,41646,California
Sutter,2021-06-04,339,72013,201,26425,131,42091,7,3497,124,8337,212,33440,131,41777,California
Sutter,2021-06-05,435,72448,365,26790,67,42158,3,3500,156,8221,275,33715,159,41936,California
Sutter,2021-06-06,134,72582,118,26908,15,42173,1,3501,56,8202,76,33791,57,41993,California
Sutter,2021-06-07,163,72745,108,27016,48,42221,7,3508,59,8165,103,33894,66,42059,California
Sutter,2021-06-08,361,73106,201,27217,148,42369,12,3520,152,8123,206,34100,164,42223,California
Sutter,2021-06-09,218,73324,137,27354,79,42448,2,3522,74,8056,143,34243,76,42299,California
Tehama,2020-12-15,1,1,1,1,0,0,0,0,1,1,0,0,1,1,California
Tehama,2020-12-16,4,5,4,5,0,0,0,0,4,5,0,0,4,5,California
Tehama,2020-12-17,15,20,15,20,0,0,0,0,15,20,0,0,15,20,California
Tehama,2020-12-18,4,24,4,24,0,0,0,0,5,25,0,0,5,25,California
Tehama,2020-12-21,37,61,37,61,0,0,0,0,37,62,0,0,37,62,California
Tehama,2020-12-22,71,132,65,126,6,6,0,0,71,133,0,0,71,133,California
Tehama,2020-12-23,52,184,44,170,8,14,0,0,52,185,0,0,52,185,California
Tehama,2020-12-24,5,189,3,173,2,16,0,0,5,190,0,0,5,190,California
Tehama,2020-12-26,4,193,3,176,1,17,0,0,4,194,0,0,4,194,California
Tehama,2020-12-27,2,195,2,178,0,17,0,0,2,196,0,0,2,196,California
Tehama,2020-12-28,58,253,45,223,13,30,0,0,58,254,0,0,58,254,California
Tehama,2020-12-29,39,292,39,262,0,30,0,0,39,293,0,0,39,293,California
Tehama,2020-12-30,57,349,40,302,17,47,0,0,56,349,0,0,56,349,California
Tehama,2020-12-31,14,363,4,306,10,57,0,0,14,363,0,0,14,363,California
Tehama,2021-01-01,2,365,0,306,2,59,0,0,2,365,0,0,2,365,California
Tehama,2021-01-04,40,405,13,319,27,86,0,0,40,405,0,0,40,405,California
Tehama,2021-01-05,75,480,46,365,29,115,0,0,70,470,5,5,70,475,California
Tehama,2021-01-06,80,560,27,392,53,168,0,0,68,527,11,16,68,543,California
Tehama,2021-01-07,58,618,7,399,51,219,0,0,57,583,1,17,57,600,California
Tehama,2021-01-08,36,654,25,424,11,230,0,0,31,609,5,22,31,631,California
Tehama,2021-01-09,8,662,6,430,2,232,0,0,6,613,2,24,6,637,California
Tehama,2021-01-10,1,663,0,430,1,233,0,0,1,614,0,24,1,638,California
Tehama,2021-01-11,55,718,49,479,6,239,0,0,19,597,36,60,19,657,California
Tehama,2021-01-12,140,858,120,599,20,259,0,0,90,637,50,110,90,747,California
Tehama,2021-01-13,79,937,58,657,21,280,0,0,31,620,48,158,31,778,California
Tehama,2021-01-14,235,1172,50,707,185,465,0,0,233,851,2,160,233,1011,California
Tehama,2021-01-15,269,1441,75,782,194,659,0,0,265,1112,4,164,265,1276,California
Tehama,2021-01-16,272,1713,20,802,252,911,0,0,269,1378,3,167,269,1545,California
Tehama,2021-01-17,6,1719,2,804,4,915,0,0,4,1380,2,169,4,1549,California
Tehama,2021-01-18,13,1732,7,811,6,921,0,0,7,1381,6,175,7,1556,California
Tehama,2021-01-19,305,2037,73,884,232,1153,0,0,244,1564,61,236,244,1800,California
Tehama,2021-01-20,319,2356,95,979,224,1377,0,0,266,1778,52,288,266,2066,California
Tehama,2021-01-21,235,2591,15,994,220,1597,0,0,222,1987,13,301,222,2288,California
Tehama,2021-01-22,239,2830,21,1015,218,1815,0,0,236,2220,3,304,236,2524,California
Tehama,2021-01-23,265,3095,7,1022,258,2073,0,0,264,2483,1,305,264,2788,California
Tehama,2021-01-24,1,3096,1,1023,0,2073,0,0,1,2484,0,305,1,2789,California
Tehama,2021-01-25,40,3136,19,1042,21,2094,0,0,18,2480,22,327,18,2807,California
Tehama,2021-01-26,344,3480,44,1086,300,2394,0,0,306,2748,38,365,306,3113,California
Tehama,2021-01-27,316,3796,22,1108,294,2688,0,0,295,3022,21,386,295,3408,California
Tehama,2021-01-28,356,4152,37,1145,319,3007,0,0,337,3340,19,405,337,3745,California
Tehama,2021-01-29,344,4496,22,1167,322,3329,0,0,326,3648,18,423,326,4071,California
Tehama,2021-01-30,108,4604,2,1169,106,3435,0,0,107,3754,1,424,107,4178,California
Tehama,2021-01-31,1,4605,0,1169,1,3436,0,0,1,3755,0,424,1,4179,California
Tehama,2021-02-01,83,4688,22,1191,61,3497,0,0,38,3748,45,469,38,4217,California
Tehama,2021-02-02,364,5052,69,1260,295,3792,0,0,265,3914,99,568,265,4482,California
Tehama,2021-02-03,421,5473,15,1275,406,4198,0,0,370,4233,51,619,370,4852,California
Tehama,2021-02-04,509,5982,103,1378,406,4604,0,0,426,4577,83,702,427,5279,California
Tehama,2021-02-05,189,6171,73,1451,116,4720,0,0,125,4638,64,766,125,5404,California
Tehama,2021-02-06,37,6208,15,1466,22,4742,0,0,25,4651,12,778,25,5429,California
Tehama,2021-02-07,5,6213,4,1470,1,4743,0,0,2,4650,3,781,2,5431,California
Tehama,2021-02-08,42,6255,14,1484,28,4771,0,0,30,4668,12,793,30,5461,California
Tehama,2021-02-09,86,6341,41,1525,45,4816,0,0,47,4676,39,832,47,5508,California
Tehama,2021-02-10,244,6585,67,1592,177,4993,0,0,160,4752,84,916,160,5668,California
Tehama,2021-02-11,238,6823,18,1610,220,5213,0,0,90,4696,146,1062,90,5758,California
Tehama,2021-02-12,394,7217,74,1684,320,5533,0,0,186,4674,208,1270,186,5944,California
Tehama,2021-02-13,403,7620,16,1700,387,5920,0,0,159,4589,244,1514,159,6103,California
Tehama,2021-02-14,37,7657,2,1702,35,5955,0,0,34,4620,3,1517,34,6137,California
Tehama,2021-02-15,59,7716,10,1712,49,6004,0,0,51,4663,8,1525,51,6188,California
Tehama,2021-02-16,254,7970,19,1731,235,6239,0,0,66,4541,188,1713,66,6254,California
Tehama,2021-02-17,299,8269,15,1746,284,6523,0,0,57,4356,242,1955,57,6311,California
Tehama,2021-02-18,385,8654,33,1779,352,6875,0,0,146,4263,239,2194,146,6457,California
Tehama,2021-02-19,229,8883,22,1801,207,7082,0,0,45,4124,184,2378,45,6502,California
Tehama,2021-02-20,283,9166,8,1809,275,7357,0,0,31,3903,252,2630,31,6533,California
Tehama,2021-02-21,2,9168,1,1810,1,7358,0,0,2,3905,0,2630,2,6535,California
Tehama,2021-02-22,44,9212,15,1825,29,7387,0,0,27,3915,17,2647,27,6562,California
Tehama,2021-02-23,53,9265,23,1848,30,7417,0,0,27,3916,26,2673,27,6589,California
Tehama,2021-02-24,325,9590,20,1868,305,7722,0,0,34,3659,291,2964,34,6623,California
Tehama,2021-02-25,388,9978,60,1928,328,8050,0,0,41,3353,347,3311,41,6664,California
Tehama,2021-02-26,477,10455,20,1948,457,8507,0,0,73,3022,404,3715,73,6737,California
Tehama,2021-02-27,314,10769,6,1954,308,8815,0,0,35,2778,279,3994,35,6772,California
Tehama,2021-02-28,23,10792,2,1956,21,8836,0,0,20,2795,3,3997,20,6792,California
Tehama,2021-03-01,70,10862,8,1964,62,8898,0,0,33,2791,37,4034,33,6825,California
Tehama,2021-03-02,151,11013,19,1983,132,9030,0,0,31,2702,120,4154,31,6856,California
Tehama,2021-03-03,161,11174,33,2016,128,9158,0,0,53,2647,108,4262,53,6909,California
Tehama,2021-03-04,684,11858,54,2070,630,9788,0,0,244,2458,433,4695,244,7153,California
Tehama,2021-03-05,425,12283,23,2093,402,10190,0,0,224,2482,200,4895,224,7377,California
Tehama,2021-03-06,319,12602,16,2109,301,10491,2,2,84,2335,234,5129,87,7464,California
Tehama,2021-03-07,5,12607,1,2110,4,10495,0,2,3,2337,1,5130,3,7467,California
Tehama,2021-03-08,63,12670,11,2121,36,10531,16,18,26,2343,36,5166,42,7509,California
Tehama,2021-03-09,388,13058,11,2132,356,10887,21,39,330,2636,58,5224,351,7860,California
Tehama,2021-03-10,363,13421,19,2151,323,11210,21,60,74,2443,288,5512,95,7955,California
Tehama,2021-03-11,520,13941,20,2171,447,11657,53,113,366,2708,154,5666,419,8374,California
Tehama,2021-03-12,323,14264,24,2195,230,11887,69,182,188,2831,135,5801,258,8632,California
Tehama,2021-03-13,49,14313,9,2204,34,11921,6,188,5,2798,44,5845,11,8643,California
Tehama,2021-03-14,59,14372,3,2207,45,11966,11,199,15,2780,44,5889,26,8669,California
Tehama,2021-03-15,160,14532,21,2228,118,12084,21,220,85,2811,75,5964,106,8775,California
Tehama,2021-03-16,427,14959,18,2246,371,12455,38,258,322,3067,104,6068,360,9135,California
Tehama,2021-03-17,452,15411,28,2274,392,12847,32,290,365,3379,85,6153,397,9532,California
Tehama,2021-03-18,509,15920,33,2307,451,13298,25,315,326,3549,181,6334,351,9883,California
Tehama,2021-03-19,334,16254,26,2333,295,13593,13,328,290,3808,44,6378,303,10186,California
Tehama,2021-03-20,49,16303,12,2345,32,13625,5,333,33,3830,16,6394,38,10224,California
Tehama,2021-03-21,12,16315,5,2350,7,13632,0,333,12,3842,0,6394,12,10236,California
Tehama,2021-03-22,97,16412,8,2358,72,13704,17,350,55,3872,42,6436,72,10308,California
Tehama,2021-03-23,98,16510,31,2389,60,13764,7,357,74,3929,24,6460,81,10389,California
Tehama,2021-03-24,91,16601,16,2405,72,13836,3,360,57,3955,34,6494,60,10449,California
Tehama,2021-03-25,545,17146,378,2783,154,13990,13,373,493,4410,51,6545,506,10955,California
Tehama,2021-03-26,543,17689,428,3211,103,14093,12,385,461,4804,79,6624,473,11428,California
Tehama,2021-03-27,483,18172,380,3591,74,14167,29,414,412,5175,70,6694,441,11869,California
Tehama,2021-03-28,38,18210,15,3606,23,14190,0,414,24,5185,14,6708,24,11893,California
Tehama,2021-03-29,128,18338,31,3637,95,14285,2,416,80,5219,47,6755,81,11974,California
Tehama,2021-03-30,397,18735,237,3874,158,14443,2,418,270,5364,127,6882,272,12246,California
Tehama,2021-03-31,412,19147,307,4181,102,14545,3,421,335,5625,76,6958,337,12583,California
Tehama,2021-04-01,545,19692,260,4441,279,14824,6,427,407,5901,137,7095,413,12996,California
Tehama,2021-04-02,481,20173,230,4671,244,15068,7,434,290,6006,191,7286,296,13292,California
Tehama,2021-04-03,69,20242,6,4677,57,15125,6,440,35,6013,34,7320,41,13333,California
Tehama,2021-04-04,37,20279,6,4683,28,15153,3,443,23,6025,14,7334,26,13359,California
Tehama,2021-04-05,124,20403,21,4704,72,15225,31,474,63,6058,61,7395,94,13453,California
Tehama,2021-04-06,530,20933,114,4818,356,15581,60,534,145,5879,385,7780,206,13659,California
Tehama,2021-04-07,435,21368,295,5113,92,15673,48,582,313,6118,121,7901,360,14019,California
Tehama,2021-04-08,634,22002,186,5299,406,16079,42,624,237,6001,396,8297,279,14298,California
Tehama,2021-04-09,460,22462,213,5512,212,16291,35,659,233,6043,226,8523,268,14566,California
Tehama,2021-04-10,87,22549,17,5529,39,16330,31,690,46,6079,41,8564,77,14643,California
Tehama,2021-04-11,40,22589,8,5537,21,16351,11,701,9,6068,31,8595,20,14663,California
Tehama,2021-04-12,116,22705,6,5543,89,16440,21,722,41,6055,75,8670,62,14725,California
Tehama,2021-04-13,397,23102,69,5612,328,16768,0,722,67,5792,330,9000,67,14792,California
Tehama,2021-04-14,416,23518,53,5665,363,17131,0,722,49,5476,365,9365,49,14841,California
Tehama,2021-04-15,533,24051,200,5865,333,17464,0,722,81,5107,452,9817,83,14924,California
Tehama,2021-04-16,637,24688,368,6233,269,17733,0,722,81,4632,556,10373,81,15005,California
Tehama,2021-04-17,371,25059,283,6516,88,17821,0,722,51,4366,318,10691,52,15057,California
Tehama,2021-04-18,18,25077,4,6520,14,17835,0,722,12,4372,6,10697,12,15069,California
Tehama,2021-04-19,99,25176,7,6527,92,17927,0,722,41,4355,58,10755,41,15110,California
Tehama,2021-04-20,559,25735,462,6989,97,18024,0,722,161,4123,395,11150,163,15273,California
Tehama,2021-04-21,518,26253,442,7431,76,18100,0,722,168,3943,348,11498,168,15441,California
Tehama,2021-04-22,535,26788,381,7812,154,18254,0,722,153,3717,379,11877,153,15594,California
Tehama,2021-04-23,466,27254,363,8175,103,18357,0,722,205,3663,260,12137,206,15800,California
Tehama,2021-04-24,110,27364,20,8195,90,18447,0,722,27,3607,83,12220,27,15827,California
Tehama,2021-04-25,29,27393,18,8213,11,18458,0,722,10,3598,19,12239,10,15837,California
Tehama,2021-04-26,90,27483,12,8225,78,18536,0,722,51,3610,39,12278,51,15888,California
Tehama,2021-04-27,267,27750,214,8439,50,18586,3,725,99,3544,168,12446,102,15990,California
Tehama,2021-04-28,413,28163,334,8773,61,18647,18,743,70,3289,343,12789,88,16078,California
Tehama,2021-04-29,372,28535,178,8951,188,18835,6,749,73,3070,298,13087,79,16157,California
Tehama,2021-04-30,359,28894,264,9215,88,18923,7,756,126,2970,233,13320,133,16290,California
Tehama,2021-05-01,72,28966,3,9218,66,18989,3,759,13,2927,59,13379,16,16306,California
Tehama,2021-05-02,46,29012,24,9242,10,18999,12,771,26,2945,20,13399,38,16344,California
Tehama,2021-05-03,123,29135,40,9282,74,19073,9,780,65,2961,58,13457,74,16418,California
Tehama,2021-05-04,164,29299,57,9339,98,19171,9,789,68,2942,96,13553,77,16495,California
Tehama,2021-05-05,87,29386,22,9361,55,19226,10,799,40,2945,47,13600,50,16545,California
Tehama,2021-05-06,171,29557,95,9456,59,19285,17,816,104,2999,67,13667,121,16666,California
Tehama,2021-05-07,185,29742,77,9533,96,19381,12,828,52,2932,131,13798,64,16730,California
Tehama,2021-05-08,52,29794,7,9540,44,19425,1,829,14,2909,38,13836,15,16745,California
Tehama,2021-05-09,17,29811,4,9544,13,19438,0,829,7,2906,10,13846,7,16752,California
Tehama,2021-05-10,79,29890,6,9550,66,19504,7,836,38,2910,40,13886,44,16796,California
Tehama,2021-05-11,179,30069,126,9676,40,19544,13,849,33,2810,146,14032,46,16842,California
Tehama,2021-05-12,213,30282,135,9811,68,19612,10,859,47,2701,166,14198,57,16899,California
Tehama,2021-05-13,250,30532,168,9979,73,19685,9,868,113,2687,136,14334,122,17021,California
Tehama,2021-05-14,250,30782,137,10116,92,19777,21,889,59,2577,190,14524,80,17101,California
Tehama,2021-05-15,238,31020,139,10255,60,19837,39,928,166,2712,70,14594,205,17306,California
Tehama,2021-05-16,28,31048,7,10262,18,19855,3,931,16,2719,12,14606,19,17325,California
Tehama,2021-05-17,121,31169,33,10295,72,19927,16,947,59,2733,61,14667,75,17400,California
Tehama,2021-05-18,157,31326,82,10377,60,19987,15,962,49,2691,106,14773,64,17464,California
Tehama,2021-05-19,131,31457,57,10434,63,20050,11,973,44,2659,87,14860,55,17519,California
Tehama,2021-05-20,321,31778,231,10665,67,20117,23,996,222,2806,98,14958,245,17764,California
Tehama,2021-05-21,216,31994,105,10770,98,20215,13,1009,72,2749,142,15100,85,17849,California
Tehama,2021-05-22,65,32059,30,10800,30,20245,5,1014,37,2763,28,15128,42,17891,California
Tehama,2021-05-23,49,32108,24,10824,15,20260,10,1024,14,2752,35,15163,24,17915,California
Tehama,2021-05-24,101,32209,29,10853,63,20323,9,1033,32,2724,69,15232,41,17956,California
Tehama,2021-05-25,77,32286,18,10871,51,20374,8,1041,45,2745,31,15263,52,18008,California
Tehama,2021-05-26,81,32367,31,10902,47,20421,3,1044,52,2772,28,15291,55,18063,California
Tehama,2021-05-27,155,32522,98,11000,53,20474,4,1048,50,2723,103,15394,54,18117,California
Tehama,2021-05-28,141,32663,38,11038,95,20569,8,1056,65,2721,75,15469,73,18190,California
Tehama,2021-05-29,54,32717,8,11046,40,20609,6,1062,35,2743,19,15488,41,18231,California
Tehama,2021-05-30,13,32730,3,11049,9,20618,1,1063,5,2741,8,15496,6,18237,California
Tehama,2021-05-31,17,32747,1,11050,15,20633,1,1064,4,2733,13,15509,5,18242,California
Tehama,2021-06-01,100,32847,19,11069,62,20695,19,1083,33,2718,67,15576,52,18294,California
Tehama,2021-06-02,90,32937,32,11101,53,20748,5,1088,38,2709,52,15628,43,18337,California
Tehama,2021-06-03,136,33073,103,11204,24,20772,9,1097,33,2648,103,15731,42,18379,California
Tehama,2021-06-04,134,33207,31,11235,92,20864,11,1108,56,2636,77,15808,65,18444,California
Tehama,2021-06-05,157,33364,132,11367,22,20886,3,1111,31,2545,125,15933,34,18478,California
Tehama,2021-06-06,20,33384,12,11379,1,20887,7,1118,6,2544,13,15946,12,18490,California
Tehama,2021-06-07,71,33455,31,11410,38,20925,2,1120,21,2517,50,15996,23,18513,California
Tehama,2021-06-08,96,33551,33,11443,55,20980,8,1128,38,2506,57,16053,46,18559,California
Tehama,2021-06-09,48,33599,30,11473,15,20995,3,1131,30,2521,18,16071,33,18592,California
Trinity,2020-12-17,4,4,4,4,0,0,0,0,4,4,0,0,4,4,California
Trinity,2020-12-18,2,6,2,6,0,0,0,0,2,6,0,0,2,6,California
Trinity,2020-12-21,39,45,39,45,0,0,0,0,39,45,0,0,39,45,California
Trinity,2020-12-22,4,49,4,49,0,0,0,0,4,49,0,0,4,49,California
Trinity,2020-12-23,6,55,5,54,1,1,0,0,6,55,0,0,6,55,California
Trinity,2020-12-28,32,87,31,85,1,2,0,0,32,87,0,0,32,87,California
Trinity,2020-12-29,8,95,7,92,1,3,0,0,8,95,0,0,8,95,California
Trinity,2020-12-30,10,105,8,100,2,5,0,0,10,105,0,0,10,105,California
Trinity,2020-12-31,2,107,1,101,1,6,0,0,2,107,0,0,2,107,California
Trinity,2021-01-04,28,135,0,101,28,34,0,0,27,134,0,0,27,134,California
Trinity,2021-01-05,2,137,1,102,1,35,0,0,2,136,0,0,2,136,California
Trinity,2021-01-06,24,161,4,106,20,55,0,0,20,152,4,4,20,156,California
Trinity,2021-01-08,49,210,2,108,47,102,0,0,48,198,2,6,48,204,California
Trinity,2021-01-11,41,251,38,146,3,105,0,0,4,165,37,43,4,208,California
Trinity,2021-01-12,9,260,6,152,3,108,0,0,4,164,5,48,4,212,California
Trinity,2021-01-13,7,267,4,156,3,111,0,0,4,165,3,51,4,216,California
Trinity,2021-01-14,4,271,1,157,3,114,0,0,4,169,0,51,4,220,California
Trinity,2021-01-15,5,276,0,157,5,119,0,0,5,174,0,51,5,225,California
Trinity,2021-01-16,3,279,0,157,3,122,0,0,3,177,0,51,3,228,California
Trinity,2021-01-18,31,310,31,188,0,122,0,0,0,146,31,82,0,228,California
Trinity,2021-01-19,35,345,15,203,20,142,0,0,21,153,14,96,21,249,California
Trinity,2021-01-20,20,365,3,206,17,159,0,0,17,167,3,99,17,266,California
Trinity,2021-01-21,18,383,7,213,11,170,0,0,18,185,0,99,18,284,California
Trinity,2021-01-22,5,388,1,214,4,174,0,0,5,190,0,99,5,289,California
Trinity,2021-01-23,7,395,3,217,4,178,0,0,7,197,0,99,7,296,California
Trinity,2021-01-25,15,410,1,218,14,192,0,0,13,208,2,101,13,309,California
Trinity,2021-01-26,10,420,1,219,9,201,0,0,9,216,1,102,9,318,California
Trinity,2021-01-27,12,432,0,219,12,213,0,0,12,228,0,102,12,330,California
Trinity,2021-01-28,13,445,3,222,10,223,0,0,10,235,3,105,10,340,California
Trinity,2021-01-29,2,447,0,222,2,225,0,0,1,235,1,106,1,341,California
Trinity,2021-01-30,12,459,11,233,1,226,0,0,12,247,0,106,12,353,California
Trinity,2021-02-01,2,461,1,234,1,227,0,0,1,247,1,107,1,354,California
Trinity,2021-02-02,15,476,3,237,12,239,0,0,14,260,1,108,14,368,California
Trinity,2021-02-03,6,482,1,238,5,244,0,0,4,262,2,110,4,372,California
Trinity,2021-02-04,41,523,32,270,9,253,0,0,34,289,7,117,34,406,California
Trinity,2021-02-05,351,874,0,270,351,604,0,0,320,578,31,148,320,726,California
Trinity,2021-02-06,210,1084,5,275,205,809,0,0,203,774,7,155,203,929,California
Trinity,2021-02-07,1,1085,0,275,1,810,0,0,1,775,0,155,1,930,California
Trinity,2021-02-08,28,1113,1,276,27,837,0,0,16,779,12,167,16,946,California
Trinity,2021-02-09,27,1140,2,278,25,862,0,0,11,774,16,183,11,957,California
Trinity,2021-02-10,122,1262,10,288,112,974,0,0,102,856,20,203,102,1059,California
Trinity,2021-02-11,339,1601,2,290,337,1311,0,0,332,1181,7,210,332,1391,California
Trinity,2021-02-12,19,1620,10,300,9,1320,0,0,14,1190,5,215,14,1405,California
Trinity,2021-02-13,11,1631,5,305,6,1326,0,0,5,1189,6,221,5,1410,California
Trinity,2021-02-14,2,1633,2,307,0,1326,0,0,2,1191,0,221,2,1412,California
Trinity,2021-02-15,47,1680,0,307,47,1373,0,0,47,1238,0,221,47,1459,California
Trinity,2021-02-16,4,1684,1,308,3,1376,0,0,2,1238,2,223,2,1461,California
Trinity,2021-02-17,94,1778,2,310,92,1468,0,0,84,1312,10,233,84,1545,California
Trinity,2021-02-18,4,1782,0,310,4,1472,0,0,1,1310,3,236,1,1546,California
Trinity,2021-02-19,306,2088,2,312,304,1776,0,0,292,1588,14,250,292,1838,California
Trinity,2021-02-20,140,2228,14,326,126,1902,0,0,112,1672,28,278,112,1950,California
Trinity,2021-02-21,1,2229,1,327,0,1902,0,0,1,1673,0,278,1,1951,California
Trinity,2021-02-22,8,2237,0,327,8,1910,0,0,5,1675,3,281,5,1956,California
Trinity,2021-02-23,11,2248,3,330,8,1918,0,0,6,1676,5,286,6,1962,California
Trinity,2021-02-24,30,2278,8,338,22,1940,0,0,7,1660,23,309,7,1969,California
Trinity,2021-02-25,37,2315,23,361,14,1954,0,0,5,1633,32,341,5,1974,California
Trinity,2021-02-26,11,2326,1,362,10,1964,0,0,5,1632,6,347,5,1979,California
Trinity,2021-02-27,10,2336,8,370,2,1966,0,0,4,1630,6,353,4,1983,California
Trinity,2021-03-01,10,2346,0,370,10,1976,0,0,5,1630,5,358,5,1988,California
Trinity,2021-03-02,9,2355,3,373,6,1982,0,0,2,1625,7,365,2,1990,California
Trinity,2021-03-03,5,2360,0,373,5,1987,0,0,4,1628,1,366,4,1994,California
Trinity,2021-03-04,23,2383,19,392,4,1991,0,0,10,1625,13,379,10,2004,California
Trinity,2021-03-05,388,2771,1,393,387,2378,0,0,121,1483,263,642,121,2125,California
Trinity,2021-03-06,202,2973,7,400,195,2573,0,0,27,1335,175,817,27,2152,California
Trinity,2021-03-07,4,2977,3,403,1,2574,0,0,3,1337,1,818,3,2155,California
Trinity,2021-03-08,4,2981,0,403,3,2577,1,1,1,1336,3,821,2,2157,California
Trinity,2021-03-09,98,3079,1,404,95,2672,2,3,93,1426,5,826,95,2252,California
Trinity,2021-03-10,126,3205,3,407,120,2792,3,6,38,1379,88,914,41,2293,California
Trinity,2021-03-11,16,3221,4,411,10,2802,2,8,5,1375,11,925,7,2300,California
Trinity,2021-03-12,399,3620,5,416,388,3190,6,14,97,1176,302,1227,103,2403,California
Trinity,2021-03-13,12,3632,7,423,3,3193,2,16,7,1180,5,1232,9,2412,California
Trinity,2021-03-14,4,3636,1,424,3,3196,0,16,3,1182,1,1233,3,2415,California
Trinity,2021-03-15,67,3703,0,424,66,3262,1,17,14,1144,53,1286,15,2430,California
Trinity,2021-03-16,115,3818,7,431,108,3370,0,17,102,1233,13,1299,102,2532,California
Trinity,2021-03-17,100,3918,3,434,97,3467,0,17,26,1185,74,1373,26,2558,California
Trinity,2021-03-18,9,3927,1,435,5,3472,3,20,4,1187,5,1378,7,2565,California
Trinity,2021-03-19,459,4386,4,439,345,3817,110,130,36,910,423,1801,146,2711,California
Trinity,2021-03-20,107,4493,7,446,100,3917,0,130,72,948,34,1835,72,2783,California
Trinity,2021-03-21,4,4497,0,446,3,3920,1,131,3,951,1,1836,4,2787,California
Trinity,2021-03-22,2,4499,0,446,2,3922,0,131,2,953,0,1836,2,2789,California
Trinity,2021-03-23,96,4595,2,448,94,4016,0,131,78,1013,18,1854,78,2867,California
Trinity,2021-03-24,12,4607,1,449,11,4027,0,131,9,1019,3,1857,9,2876,California
Trinity,2021-03-25,111,4718,8,457,97,4124,6,137,85,1084,26,1883,91,2967,California
Trinity,2021-03-26,84,4802,8,465,76,4200,0,137,77,1154,7,1890,77,3044,California
Trinity,2021-03-27,20,4822,4,469,7,4207,9,146,9,1161,11,1901,18,3062,California
Trinity,2021-03-28,5,4827,3,472,2,4209,0,146,1,1158,4,1905,1,3063,California
Trinity,2021-03-29,5,4832,0,472,5,4214,0,146,2,1157,3,1908,2,3065,California
Trinity,2021-03-30,78,4910,6,478,72,4286,0,146,67,1213,11,1919,67,3132,California
Trinity,2021-03-31,56,4966,5,483,18,4304,33,179,20,1229,36,1955,52,3184,California
Trinity,2021-04-01,40,5006,10,493,19,4323,11,190,21,1242,19,1974,32,3216,California
Trinity,2021-04-02,254,5260,5,498,174,4497,75,265,81,1226,172,2146,156,3372,California
Trinity,2021-04-03,17,5277,12,510,5,4502,0,265,7,1223,10,2156,7,3379,California
Trinity,2021-04-04,10,5287,8,518,2,4504,0,265,8,1229,2,2158,8,3387,California
Trinity,2021-04-05,59,5346,6,524,51,4555,2,267,54,1280,5,2163,56,3443,California
Trinity,2021-04-06,122,5468,15,539,104,4659,3,270,29,1219,93,2256,32,3475,California
Trinity,2021-04-07,26,5494,11,550,10,4669,5,275,19,1236,7,2263,24,3499,California
Trinity,2021-04-08,90,5584,11,561,77,4746,2,277,53,1254,37,2300,55,3554,California
Trinity,2021-04-09,166,5750,19,580,143,4889,4,281,88,1268,78,2378,92,3646,California
Trinity,2021-04-10,11,5761,7,587,4,4893,0,281,10,1277,1,2379,10,3656,California
Trinity,2021-04-11,10,5771,5,592,3,4896,2,283,4,1277,6,2385,6,3662,California
Trinity,2021-04-12,77,5848,5,597,71,4967,1,284,64,1329,12,2397,64,3726,California
Trinity,2021-04-13,102,5950,5,602,97,5064,0,284,11,1252,91,2488,14,3740,California
Trinity,2021-04-14,10,5960,5,607,5,5069,0,284,6,1254,4,2492,6,3746,California
Trinity,2021-04-15,44,6004,10,617,34,5103,0,284,14,1239,29,2521,14,3760,California
Trinity,2021-04-16,153,6157,13,630,140,5243,0,284,78,1243,74,2595,78,3838,California
Trinity,2021-04-17,11,6168,5,635,6,5249,0,284,9,1250,2,2597,9,3847,California
Trinity,2021-04-18,3,6171,1,636,2,5251,0,284,0,1247,3,2600,0,3847,California
Trinity,2021-04-19,67,6238,2,638,65,5316,0,284,66,1312,1,2601,66,3913,California
Trinity,2021-04-20,93,6331,8,646,85,5401,0,284,21,1261,72,2673,21,3934,California
Trinity,2021-04-21,22,6353,9,655,13,5414,0,284,9,1257,13,2686,9,3943,California
Trinity,2021-04-22,92,6445,5,660,87,5501,0,284,14,1193,78,2764,14,3957,California
Trinity,2021-04-23,183,6628,6,666,177,5678,0,284,114,1238,69,2833,114,4071,California
Trinity,2021-04-24,22,6650,12,678,10,5688,0,284,5,1226,17,2850,5,4076,California
Trinity,2021-04-25,10,6660,9,687,1,5689,0,284,3,1223,6,2856,3,4079,California
Trinity,2021-04-26,48,6708,9,696,39,5728,0,284,40,1255,8,2864,40,4119,California
Trinity,2021-04-27,87,6795,11,707,76,5804,0,284,23,1214,64,2928,23,4142,California
Trinity,2021-04-28,33,6828,11,718,22,5826,0,284,12,1205,21,2949,12,4154,California
Trinity,2021-04-29,34,6862,13,731,21,5847,0,284,12,1195,22,2971,12,4166,California
Trinity,2021-04-30,27,6889,22,753,5,5852,0,284,10,1189,16,2987,10,4176,California
Trinity,2021-05-01,14,6903,8,761,1,5853,5,289,4,1188,10,2997,9,4185,California
Trinity,2021-05-02,8,6911,5,766,1,5854,2,291,2,1186,6,3003,4,4189,California
Trinity,2021-05-03,58,6969,13,779,44,5898,1,292,9,1148,48,3051,10,4199,California
Trinity,2021-05-04,25,6994,11,790,13,5911,1,293,8,1140,17,3068,9,4208,California
Trinity,2021-05-05,11,7005,7,797,4,5915,0,293,4,1137,7,3075,4,4212,California
Trinity,2021-05-06,75,7080,11,808,62,5977,2,295,16,1096,59,3134,18,4230,California
Trinity,2021-05-07,178,7258,12,820,132,6109,34,329,14,980,164,3298,48,4278,California
Trinity,2021-05-08,6,7264,2,822,4,6113,0,329,2,978,4,3302,2,4280,California
Trinity,2021-05-09,11,7275,8,830,3,6116,0,329,7,981,4,3306,7,4287,California
Trinity,2021-05-10,15,7290,5,835,9,6125,1,330,8,983,7,3313,9,4296,California
Trinity,2021-05-11,8,7298,4,839,4,6129,0,330,6,987,2,3315,6,4302,California
Trinity,2021-05-12,19,7317,16,855,2,6131,1,331,14,997,5,3320,15,4317,California
Trinity,2021-05-13,15,7332,10,865,4,6135,1,332,9,1001,6,3326,10,4327,California
Trinity,2021-05-14,138,7470,19,884,91,6226,28,360,39,969,99,3425,67,4394,California
Trinity,2021-05-15,14,7484,9,893,4,6230,1,361,6,969,7,3432,7,4401,California
Trinity,2021-05-16,7,7491,6,899,1,6231,0,361,5,972,2,3434,5,4406,California
Trinity,2021-05-17,108,7599,20,919,86,6317,2,363,42,950,66,3500,44,4450,California
Trinity,2021-05-18,37,7636,7,926,29,6346,1,364,11,936,26,3526,12,4462,California
Trinity,2021-05-19,148,7784,16,942,103,6449,29,393,30,878,117,3643,59,4521,California
Trinity,2021-05-20,28,7812,21,963,4,6453,3,396,17,887,11,3654,20,4541,California
Trinity,2021-05-21,18,7830,9,972,9,6462,0,396,7,883,11,3665,7,4548,California
Trinity,2021-05-22,3,7833,2,974,1,6463,0,396,2,884,1,3666,2,4550,California
Trinity,2021-05-23,5,7838,4,978,1,6464,0,396,2,883,3,3669,2,4552,California
Trinity,2021-05-24,109,7947,12,990,96,6560,1,397,8,792,100,3769,9,4561,California
Trinity,2021-05-25,38,7985,13,1003,25,6585,0,397,16,786,22,3791,16,4577,California
Trinity,2021-05-26,11,7996,5,1008,6,6591,0,397,3,781,8,3799,3,4580,California
Trinity,2021-05-27,30,8026,13,1021,12,6603,5,402,7,770,23,3822,12,4592,California
Trinity,2021-05-28,13,8039,10,1031,2,6605,1,403,6,770,7,3829,7,4599,California
Trinity,2021-05-29,10,8049,7,1038,2,6607,1,404,7,775,3,3832,8,4607,California
Trinity,2021-05-30,5,8054,4,1042,1,6608,0,404,0,770,5,3837,0,4607,California
Trinity,2021-05-31,4,8058,3,1045,1,6609,0,404,2,770,2,3839,2,4609,California
Trinity,2021-06-01,16,8074,9,1054,5,6614,2,406,5,767,10,3849,7,4616,California
Trinity,2021-06-02,24,8098,19,1073,3,6617,2,408,9,763,15,3864,11,4627,California
Trinity,2021-06-03,39,8137,13,1086,26,6643,0,408,13,750,26,3890,13,4640,California
Trinity,2021-06-04,29,8166,21,1107,8,6651,0,408,8,737,21,3911,8,4648,California
Trinity,2021-06-05,17,8183,16,1123,1,6652,0,408,11,742,6,3917,11,4659,California
Trinity,2021-06-06,8,8191,6,1129,2,6654,0,408,2,738,6,3923,2,4661,California
Trinity,2021-06-07,19,8210,18,1147,1,6655,0,408,5,729,14,3937,5,4666,California
Trinity,2021-06-08,16,8226,14,1161,1,6656,1,409,5,724,11,3948,6,4672,California
Trinity,2021-06-09,4,8230,4,1165,0,6656,0,409,0,720,4,3952,0,4672,California
Tulare,2020-12-15,1,1,1,1,0,0,0,0,1,1,0,0,1,1,California
Tulare,2020-12-16,4,5,4,5,0,0,0,0,4,5,0,0,4,5,California
Tulare,2020-12-17,110,115,110,115,0,0,0,0,110,115,0,0,110,115,California
Tulare,2020-12-18,290,405,289,404,1,1,0,0,290,405,0,0,290,405,California
Tulare,2020-12-19,325,730,325,729,0,1,0,0,325,730,0,0,325,730,California
Tulare,2020-12-20,165,895,165,894,0,1,0,0,165,895,0,0,165,895,California
Tulare,2020-12-21,421,1316,421,1315,0,1,0,0,441,1336,0,0,441,1336,California
Tulare,2020-12-22,472,1788,470,1785,2,3,0,0,471,1807,0,0,471,1807,California
Tulare,2020-12-23,327,2115,319,2104,8,11,0,0,325,2132,0,0,325,2132,California
Tulare,2020-12-24,18,2133,16,2120,2,13,0,0,18,2150,0,0,18,2150,California
Tulare,2020-12-26,8,2141,7,2127,1,14,0,0,8,2158,0,0,8,2158,California
Tulare,2020-12-27,16,2157,12,2139,4,18,0,0,16,2174,0,0,16,2174,California
Tulare,2020-12-28,481,2638,468,2607,13,31,0,0,480,2654,0,0,480,2654,California
Tulare,2020-12-29,547,3185,476,3083,71,102,0,0,547,3201,0,0,547,3201,California
Tulare,2020-12-30,469,3654,425,3508,44,146,0,0,469,3670,0,0,469,3670,California
Tulare,2020-12-31,100,3754,22,3530,78,224,0,0,100,3770,0,0,100,3770,California
Tulare,2021-01-01,2,3756,1,3531,1,225,0,0,2,3772,0,0,2,3772,California
Tulare,2021-01-02,32,3788,19,3550,13,238,0,0,32,3804,0,0,32,3804,California
Tulare,2021-01-03,23,3811,9,3559,14,252,0,0,23,3827,0,0,23,3827,California
Tulare,2021-01-04,92,3903,16,3575,76,328,0,0,92,3919,0,0,92,3919,California
Tulare,2021-01-05,465,4368,278,3853,187,515,0,0,463,4380,2,2,463,4382,California
Tulare,2021-01-06,866,5234,635,4488,231,746,0,0,856,5226,10,12,856,5238,California
Tulare,2021-01-07,785,6019,587,5075,198,944,0,0,678,5797,107,119,678,5916,California
Tulare,2021-01-08,1293,7312,573,5648,720,1664,0,0,956,6417,336,455,956,6872,California
Tulare,2021-01-09,803,8115,203,5851,600,2264,0,0,616,6846,187,642,616,7488,California
Tulare,2021-01-10,50,8165,43,5894,7,2271,0,0,12,6820,38,680,12,7500,California
Tulare,2021-01-11,1273,9438,769,6663,504,2775,0,0,837,7221,436,1116,837,8337,California
Tulare,2021-01-12,1443,10881,505,7168,938,3713,0,0,1031,7842,411,1527,1032,9369,California
Tulare,2021-01-13,429,11310,201,7369,228,3941,0,0,353,8119,76,1603,353,9722,California
Tulare,2021-01-14,493,11803,143,7512,350,4291,0,0,467,8571,15,1618,467,10189,California
Tulare,2021-01-15,1677,13480,158,7670,1519,5810,0,0,1668,10230,9,1627,1668,11857,California
Tulare,2021-01-16,1914,15394,121,7791,1793,7603,0,0,1900,12116,14,1641,1900,13757,California
Tulare,2021-01-17,142,15536,122,7913,20,7623,0,0,132,12238,10,1651,132,13889,California
Tulare,2021-01-18,693,16229,661,8574,32,7655,0,0,297,12139,396,2047,297,14186,California
Tulare,2021-01-19,1017,17246,689,9263,328,7983,0,0,590,12302,427,2474,590,14776,California
Tulare,2021-01-20,2436,19682,613,9876,1823,9806,0,0,2024,13941,386,2860,2025,16801,California
Tulare,2021-01-21,1570,21252,184,10060,1386,11192,0,0,1544,15464,21,2881,1544,18345,California
Tulare,2021-01-22,1073,22325,191,10251,882,12074,0,0,1046,16484,26,2907,1046,19391,California
Tulare,2021-01-23,440,22765,157,10408,283,12357,0,0,420,16884,20,2927,420,19811,California
Tulare,2021-01-24,30,22795,27,10435,3,12360,0,0,28,16910,2,2929,28,19839,California
Tulare,2021-01-25,1355,24150,985,11420,370,12730,0,0,1306,18167,49,2978,1306,21145,California
Tulare,2021-01-26,1509,25659,1098,12518,411,13141,0,0,1171,19001,337,3315,1171,22316,California
Tulare,2021-01-27,1506,27165,1076,13594,430,13571,0,0,927,19350,578,3893,927,23243,California
Tulare,2021-01-28,1219,28384,779,14373,440,14011,0,0,819,19769,400,4293,819,24062,California
Tulare,2021-01-29,1135,29519,724,15097,411,14422,0,0,825,20285,310,4603,826,24888,California
Tulare,2021-01-30,1683,31202,1588,16685,95,14517,0,0,1659,21921,24,4627,1660,26548,California
Tulare,2021-01-31,67,31269,62,16747,5,14522,0,0,64,21982,3,4630,64,26612,California
Tulare,2021-02-01,1195,32464,919,17666,276,14798,0,0,833,22454,361,4991,833,27445,California
Tulare,2021-02-02,699,33163,348,18014,351,15149,0,0,456,22670,241,5232,457,27902,California
Tulare,2021-02-03,572,33735,240,18254,332,15481,0,0,327,22772,225,5457,327,28229,California
Tulare,2021-02-04,568,34303,169,18423,399,15880,0,0,280,22766,287,5744,281,28510,California
Tulare,2021-02-05,1239,35542,237,18660,1002,16882,0,0,404,22337,833,6577,404,28914,California
Tulare,2021-02-06,842,36384,164,18824,678,17560,0,0,208,21913,632,7209,208,29122,California
Tulare,2021-02-07,83,36467,70,18894,13,17573,0,0,23,21876,60,7269,23,29145,California
Tulare,2021-02-08,946,37413,327,19221,619,18192,0,0,242,21416,702,7971,242,29387,California
Tulare,2021-02-09,1425,38838,335,19556,1090,19282,0,0,361,20718,1059,9030,361,29748,California
Tulare,2021-02-10,2476,41314,1989,21545,487,19769,0,0,2076,22395,399,9429,2076,31824,California
Tulare,2021-02-11,1335,42649,379,21924,956,20725,0,0,913,22886,422,9851,913,32737,California
Tulare,2021-02-12,2790,45439,576,22500,2214,22939,0,0,1193,22489,1590,11441,1193,33930,California
Tulare,2021-02-13,2481,47920,157,22657,2324,25263,0,0,659,21330,1818,13259,659,34589,California
Tulare,2021-02-14,335,48255,39,22696,296,25559,0,0,298,21591,37,13296,298,34887,California
Tulare,2021-02-15,920,49175,293,22989,627,26186,0,0,663,21998,256,13552,663,35550,California
Tulare,2021-02-16,2844,52019,1600,24589,1244,27430,0,0,1086,21327,1757,15309,1086,36636,California
Tulare,2021-02-17,2721,54740,517,25106,2204,29634,0,0,468,19548,2247,17556,468,37104,California
Tulare,2021-02-18,2333,57073,458,25564,1875,31509,0,0,639,18501,1686,19242,639,37743,California
Tulare,2021-02-19,2330,59403,879,26443,1451,32960,0,0,955,18083,1373,20615,955,38698,California
Tulare,2021-02-20,2997,62400,1892,28335,1105,34065,0,0,1265,17621,1727,22342,1265,39963,California
Tulare,2021-02-21,94,62494,91,28426,3,34068,0,0,48,17624,45,22387,48,40011,California
Tulare,2021-02-22,1111,63605,703,29129,408,34476,0,0,210,16934,900,23287,210,40221,California
Tulare,2021-02-23,1966,65571,951,30080,1015,35491,0,0,1471,17912,493,23780,1471,41692,California
Tulare,2021-02-24,2494,68065,1556,31636,938,36429,0,0,2118,19656,375,24155,2119,43811,California
Tulare,2021-02-25,3526,71591,1985,33621,1541,37970,0,0,3108,22350,414,24569,3108,46919,California
Tulare,2021-02-26,3869,75460,1895,35516,1974,39944,0,0,3400,25283,467,25036,3400,50319,California
Tulare,2021-02-27,3010,78470,1497,37013,1513,41457,0,0,2875,28035,123,25159,2875,53194,California
Tulare,2021-02-28,1312,79782,1040,38053,272,41729,0,0,1292,29310,17,25176,1292,54486,California
Tulare,2021-03-01,1796,81578,804,38857,992,42721,0,0,1599,30714,195,25371,1599,56085,California
Tulare,2021-03-02,2781,84359,1274,40131,1507,44228,0,0,2608,33152,171,25542,2609,58694,California
Tulare,2021-03-03,3984,88343,2635,42766,1348,45576,1,1,2028,33231,1953,27495,2032,60726,California
Tulare,2021-03-04,2974,91317,1345,44111,1629,47205,0,1,2633,35530,334,27829,2633,63359,California
Tulare,2021-03-05,3448,94765,1765,45876,1668,48873,15,16,2930,37963,515,28344,2948,66307,California
Tulare,2021-03-06,3101,97866,1446,47322,1595,50468,60,76,2849,40621,249,28593,2907,69214,California
Tulare,2021-03-07,1139,99005,704,48026,414,50882,21,97,1099,41702,39,28632,1120,70334,California
Tulare,2021-03-08,1725,100730,1008,49034,548,51430,169,266,1397,42944,323,28955,1565,71899,California
Tulare,2021-03-09,3281,104011,2252,51286,880,52310,149,415,2858,45528,422,29377,3006,74905,California
Tulare,2021-03-10,2977,106988,1404,52690,1398,53708,175,590,2573,47879,395,29772,2746,77651,California
Tulare,2021-03-11,4219,111207,1991,54681,1924,55632,304,894,3267,50499,952,30724,3572,81223,California
Tulare,2021-03-12,4432,115639,2434,57115,1645,57277,353,1247,3147,52724,1276,32000,3501,84724,California
Tulare,2021-03-13,4171,119810,1959,59074,2107,59384,105,1352,3218,55102,947,32947,3325,88049,California
Tulare,2021-03-14,1864,121674,989,60063,655,60039,220,1572,1339,56134,524,33471,1556,89605,California
Tulare,2021-03-15,2764,124438,1638,61701,1010,61049,116,1688,1987,57465,774,34245,2105,91710,California
Tulare,2021-03-16,3453,127891,2126,63827,1249,62298,78,1766,1891,57881,1556,35801,1972,93682,California
Tulare,2021-03-17,4062,131953,2643,66470,1344,63642,75,1841,2312,58530,1744,37545,2393,96075,California
Tulare,2021-03-18,4645,136598,3390,69860,1184,64826,71,1912,2457,58882,2180,39725,2532,98607,California
Tulare,2021-03-19,5118,141716,3363,73223,1558,66384,197,2109,2733,59448,2366,42091,2932,101539,California
Tulare,2021-03-20,4502,146218,2800,76023,1330,67714,372,2481,2071,59471,2423,44514,2446,103985,California
Tulare,2021-03-21,1996,148214,1707,77730,263,67977,26,2507,1054,59612,938,45452,1079,105064,California
Tulare,2021-03-22,2566,150780,1778,79508,677,68654,111,2618,1691,60547,869,46321,1804,106868,California
Tulare,2021-03-23,3765,154545,2158,81666,1555,70209,52,2670,2065,60979,1690,48011,2122,108990,California
Tulare,2021-03-24,3219,157764,2003,83669,1174,71383,42,2712,1809,61429,1402,49413,1852,110842,California
Tulare,2021-03-25,3500,161264,1826,85495,1502,72885,172,2884,1697,61505,1795,51208,1871,112713,California
Tulare,2021-03-26,5280,166544,3149,88644,2021,74906,110,2994,2557,61467,2705,53913,2667,115380,California
Tulare,2021-03-27,3552,170096,1823,90467,1630,76536,99,3093,995,60011,2549,56462,1093,116473,California
Tulare,2021-03-28,1477,171573,1072,91539,374,76910,31,3124,680,59933,795,57257,717,117190,California
Tulare,2021-03-29,2899,174472,1676,93215,1110,78020,113,3237,1232,59617,1663,58920,1347,118537,California
Tulare,2021-03-30,4851,179323,2795,96010,1824,79844,232,3469,1537,58075,3304,62224,1762,120299,California
Tulare,2021-03-31,3974,183297,2351,98361,1509,81353,114,3583,1578,57380,2388,64612,1693,121992,California
Tulare,2021-04-01,4531,187828,2455,100816,2009,83362,67,3650,1562,56051,2959,67571,1630,123622,California
Tulare,2021-04-02,5368,193196,3072,103888,2176,85538,120,3770,1590,54000,3762,71333,1711,125333,California
Tulare,2021-04-03,3638,196834,2102,105990,1163,86701,373,4143,842,52454,2759,74092,1213,126546,California
Tulare,2021-04-04,1635,198469,1149,107139,479,87180,7,4150,360,51550,1271,75363,367,126913,California
Tulare,2021-04-05,3368,201837,2347,109486,750,87930,271,4421,852,50171,2503,77866,1124,128037,California
Tulare,2021-04-06,3445,205282,1474,110960,1474,89404,497,4918,928,49089,2509,80375,1427,129464,California
Tulare,2021-04-07,3914,209196,1846,112806,1630,91034,438,5356,1188,47991,2715,83090,1617,131081,California
Tulare,2021-04-08,4805,214001,2631,115437,1711,92745,463,5819,1541,46740,3252,86342,2001,133082,California
Tulare,2021-04-09,4866,218867,3009,118446,1419,94164,438,6257,1839,46001,3018,89360,2279,135361,California
Tulare,2021-04-10,3871,222738,2089,120535,1459,95623,323,6580,951,44362,2911,92271,1272,136633,California
Tulare,2021-04-11,1593,224331,1053,121588,466,96089,74,6654,494,43834,1096,93367,568,137201,California
Tulare,2021-04-12,3416,227747,2131,123719,688,96777,597,7251,1070,43167,2338,95705,1671,138872,California
Tulare,2021-04-13,2416,230163,1593,125312,813,97590,10,7261,905,42586,1500,97205,919,139791,California
Tulare,2021-04-14,2870,233033,1692,127004,1178,98768,0,7261,917,41557,1949,99154,920,140711,California
Tulare,2021-04-15,3316,236349,2162,129166,1154,99922,0,7261,1489,41240,1816,100970,1499,142210,California
Tulare,2021-04-16,3654,240003,2214,131380,1440,101362,0,7261,1477,40551,2166,103136,1477,143687,California
Tulare,2021-04-17,2219,242222,1302,132682,917,102279,0,7261,1172,40681,1043,104179,1173,144860,California
Tulare,2021-04-18,1525,243747,1194,133876,331,102610,0,7261,818,40793,706,104885,818,145678,California
Tulare,2021-04-19,2133,245880,1225,135101,906,103516,2,7263,899,40464,1230,106115,901,146579,California
Tulare,2021-04-20,2337,248217,1314,136415,1023,104539,0,7263,993,40126,1331,107446,993,147572,California
Tulare,2021-04-21,2213,250430,1333,137748,880,105419,0,7263,811,39576,1362,108808,812,148384,California
Tulare,2021-04-22,2119,252549,1177,138925,942,106361,0,7263,731,38938,1369,110177,731,149115,California
Tulare,2021-04-23,2593,255142,1590,140515,1002,107363,1,7264,1022,38399,1561,111738,1022,150137,California
Tulare,2021-04-24,1644,256786,1053,141568,589,107952,2,7266,849,38460,790,112528,851,150988,California
Tulare,2021-04-25,698,257484,525,142093,173,108125,0,7266,267,38296,431,112959,267,151255,California
Tulare,2021-04-26,1522,259006,915,143008,588,108713,19,7285,639,38076,876,113835,656,151911,California
Tulare,2021-04-27,1667,260673,678,143686,950,109663,39,7324,712,37875,951,114786,750,152661,California
Tulare,2021-04-28,1716,262389,975,144661,699,110362,42,7366,676,37558,1035,115821,718,153379,California
Tulare,2021-04-29,2007,264396,1200,145861,768,111130,39,7405,777,37152,1220,117041,814,154193,California
Tulare,2021-04-30,2451,266847,1785,147646,616,111746,50,7455,906,36569,1538,118579,955,155148,California
Tulare,2021-05-01,1425,268272,1226,148872,187,111933,12,7467,728,36621,688,119267,740,155888,California
Tulare,2021-05-02,589,268861,500,149372,73,112006,16,7483,189,36429,397,119664,205,156093,California
Tulare,2021-05-03,1621,270482,1095,150467,401,112407,125,7608,348,35636,1266,120930,473,156566,California
Tulare,2021-05-04,1562,272044,836,151303,656,113063,70,7678,632,35413,922,121852,699,157265,California
Tulare,2021-05-05,1280,273324,620,151923,570,113633,90,7768,443,35120,826,122678,533,157798,California
Tulare,2021-05-06,1968,275292,1325,153248,594,114227,49,7817,592,34393,1368,124046,641,158439,California
Tulare,2021-05-07,1838,277130,1247,154495,523,114750,68,7885,525,33679,1306,125352,592,159031,California
Tulare,2021-05-08,1234,278364,806,155301,403,115153,25,7910,525,33527,702,126054,550,159581,California
Tulare,2021-05-09,592,278956,468,155769,103,115256,21,7931,115,33191,473,126527,137,159718,California
Tulare,2021-05-10,1018,279974,587,156356,366,115622,65,7996,308,32856,708,127235,373,160091,California
Tulare,2021-05-11,1251,281225,634,156990,536,116158,81,8077,518,32729,726,127961,599,160690,California
Tulare,2021-05-12,1573,282798,1014,158004,503,116661,56,8133,427,32080,1131,129092,482,161172,California
Tulare,2021-05-13,1555,284353,985,158989,532,117193,38,8171,700,31966,851,129943,737,161909,California
Tulare,2021-05-14,1931,286284,1242,160231,626,117819,63,8234,861,31831,1058,131001,923,162832,California
Tulare,2021-05-15,1560,287844,876,161107,638,118457,46,8280,662,31648,890,131891,707,163539,California
Tulare,2021-05-16,697,288541,557,161664,128,118585,12,8292,324,31612,372,132263,336,163875,California
Tulare,2021-05-17,1542,290083,957,162621,512,119097,73,8365,739,31628,796,133059,812,164687,California
Tulare,2021-05-18,1581,291664,854,163475,673,119770,54,8419,790,31685,785,133844,842,165529,California
Tulare,2021-05-19,1474,293138,951,164426,490,120260,33,8452,767,31784,701,134545,800,166329,California
Tulare,2021-05-20,1513,294651,1013,165439,413,120673,87,8539,720,31803,788,135333,807,167136,California
Tulare,2021-05-21,1884,296535,1377,166816,465,121138,42,8581,1012,31993,864,136197,1054,168190,California
Tulare,2021-05-22,1525,298060,1112,167928,390,121528,23,8604,577,31651,943,137140,601,168791,California
Tulare,2021-05-23,390,298450,310,168238,71,121599,9,8613,196,31663,193,137333,205,168996,California
Tulare,2021-05-24,905,299355,551,168789,294,121893,60,8673,405,31630,498,137831,465,169461,California
Tulare,2021-05-25,1187,300542,710,169499,445,122338,32,8705,510,31501,671,138502,542,170003,California
Tulare,2021-05-26,873,301415,486,169985,346,122684,41,8746,399,31471,469,138971,439,170442,California
Tulare,2021-05-27,1275,302690,808,170793,436,123120,31,8777,595,31422,677,139648,628,171070,California
Tulare,2021-05-28,1181,303871,655,171448,477,123597,49,8826,629,31554,545,140193,677,171747,California
Tulare,2021-05-29,868,304739,641,172089,208,123805,19,8845,499,31705,367,140560,518,172265,California
Tulare,2021-05-30,285,305024,206,172295,71,123876,8,8853,166,31762,117,140677,174,172439,California
Tulare,2021-05-31,129,305153,50,172345,68,123944,11,8864,54,31752,75,140752,65,172504,California
Tulare,2021-06-01,1047,306200,623,172968,394,124338,30,8894,404,31552,634,141386,434,172938,California
Tulare,2021-06-02,796,306996,468,173436,296,124634,32,8926,364,31526,420,141806,394,173332,California
Tulare,2021-06-03,1145,308141,811,174247,276,124910,58,8984,426,31310,699,142505,483,173815,California
Tulare,2021-06-04,1160,309301,830,175077,295,125205,35,9019,386,30961,770,143275,421,174236,California
Tulare,2021-06-05,862,310163,677,175754,169,125374,16,9035,294,30706,564,143839,309,174545,California
Tulare,2021-06-06,413,310576,348,176102,46,125420,19,9054,135,30583,277,144116,154,174699,California
Tulare,2021-06-07,863,311439,681,176783,147,125567,35,9089,276,30310,582,144698,309,175008,California
Tulare,2021-06-08,1020,312459,758,177541,203,125770,59,9148,338,30029,678,145376,397,175405,California
Tulare,2021-06-09,515,312974,368,177909,129,125899,18,9166,162,29859,349,145725,179,175584,California
Tuolumne,2020-12-16,47,47,47,47,0,0,0,0,47,47,0,0,47,47,California
Tuolumne,2020-12-17,18,65,18,65,0,0,0,0,18,65,0,0,18,65,California
Tuolumne,2020-12-18,101,166,100,165,1,1,0,0,101,166,0,0,101,166,California
Tuolumne,2020-12-19,4,170,4,169,0,1,0,0,4,170,0,0,4,170,California
Tuolumne,2020-12-20,2,172,2,171,0,1,0,0,2,172,0,0,2,172,California
Tuolumne,2020-12-21,115,287,101,272,14,15,0,0,115,287,0,0,115,287,California
Tuolumne,2020-12-22,171,458,171,443,0,15,0,0,171,458,0,0,171,458,California
Tuolumne,2020-12-23,185,643,183,626,2,17,0,0,185,643,0,0,185,643,California
Tuolumne,2020-12-26,2,645,2,628,0,17,0,0,2,645,0,0,2,645,California
Tuolumne,2020-12-28,77,722,75,703,2,19,0,0,77,722,0,0,77,722,California
Tuolumne,2020-12-29,102,824,39,742,63,82,0,0,102,824,0,0,102,824,California
Tuolumne,2020-12-30,80,904,22,764,58,140,0,0,80,904,0,0,80,904,California
Tuolumne,2020-12-31,27,931,20,784,7,147,0,0,27,931,0,0,27,931,California
Tuolumne,2021-01-01,6,937,5,789,1,148,0,0,6,937,0,0,6,937,California
Tuolumne,2021-01-02,119,1056,116,905,3,151,0,0,119,1056,0,0,119,1056,California
Tuolumne,2021-01-03,2,1058,2,907,0,151,0,0,2,1058,0,0,2,1058,California
Tuolumne,2021-01-04,69,1127,26,933,43,194,0,0,69,1127,0,0,69,1127,California
Tuolumne,2021-01-05,93,1220,27,960,66,260,0,0,90,1215,3,3,91,1218,California
Tuolumne,2021-01-06,131,1351,71,1031,60,320,0,0,67,1218,64,67,67,1285,California
Tuolumne,2021-01-07,119,1470,63,1094,56,376,0,0,64,1227,55,122,64,1349,California
Tuolumne,2021-01-08,105,1575,81,1175,24,400,0,0,27,1178,77,199,28,1377,California
Tuolumne,2021-01-09,2,1577,0,1175,2,402,0,0,2,1180,0,199,2,1379,California
Tuolumne,2021-01-10,3,1580,1,1176,2,404,0,0,3,1183,0,199,3,1382,California
Tuolumne,2021-01-11,115,1695,89,1265,26,430,0,0,34,1136,81,280,34,1416,California
Tuolumne,2021-01-12,102,1797,86,1351,16,446,0,0,18,1070,84,364,18,1434,California
Tuolumne,2021-01-13,231,2028,125,1476,106,552,0,0,182,1204,49,413,183,1617,California
Tuolumne,2021-01-14,147,2175,108,1584,39,591,0,0,42,1142,104,517,42,1659,California
Tuolumne,2021-01-15,475,2650,73,1657,402,993,0,0,413,1495,61,578,414,2073,California
Tuolumne,2021-01-16,7,2657,3,1660,4,997,0,0,6,1500,1,579,6,2079,California
Tuolumne,2021-01-17,7,2664,4,1664,3,1000,0,0,7,1507,0,579,7,2086,California
Tuolumne,2021-01-18,46,2710,38,1702,8,1008,0,0,9,1480,36,615,9,2095,California
Tuolumne,2021-01-19,478,3188,73,1775,405,1413,0,0,432,1866,46,661,432,2527,California
Tuolumne,2021-01-20,76,3264,58,1833,18,1431,0,0,24,1839,51,712,24,2551,California
Tuolumne,2021-01-21,56,3320,23,1856,33,1464,0,0,40,1863,16,728,40,2591,California
Tuolumne,2021-01-22,169,3489,16,1872,153,1617,0,0,162,2018,7,735,162,2753,California
Tuolumne,2021-01-23,653,4142,134,2006,519,2136,0,0,548,2473,105,840,560,3313,California
Tuolumne,2021-01-24,523,4665,2,2008,521,2657,0,0,520,2992,3,843,522,3835,California
Tuolumne,2021-01-25,50,4715,28,2036,22,2679,0,0,24,2991,26,869,25,3860,California
Tuolumne,2021-01-26,80,4795,68,2104,12,2691,0,0,40,2992,40,909,41,3901,California
Tuolumne,2021-01-27,61,4856,4,2108,57,2748,0,0,8,2948,52,961,8,3909,California
Tuolumne,2021-01-28,27,4883,7,2115,20,2768,0,0,18,2957,9,970,18,3927,California
Tuolumne,2021-01-29,70,4953,5,2120,65,2833,0,0,32,2951,38,1008,32,3959,California
Tuolumne,2021-01-30,711,5664,553,2673,158,2991,0,0,688,3633,23,1031,705,4664,California
Tuolumne,2021-01-31,8,5672,2,2675,6,2997,0,0,5,3635,3,1034,5,4669,California
Tuolumne,2021-02-01,26,5698,7,2682,19,3016,0,0,23,3655,3,1037,23,4692,California
Tuolumne,2021-02-02,649,6347,42,2724,607,3623,0,0,637,4282,10,1047,637,5329,California
Tuolumne,2021-02-03,240,6587,112,2836,128,3751,0,0,87,4216,153,1200,87,5416,California
Tuolumne,2021-02-04,123,6710,13,2849,110,3861,0,0,61,4215,62,1262,61,5477,California
Tuolumne,2021-02-05,101,6811,14,2863,87,3948,0,0,35,4185,65,1327,35,5512,California
Tuolumne,2021-02-06,858,7669,582,3445,276,4224,0,0,849,5031,9,1336,855,6367,California
Tuolumne,2021-02-07,8,7677,4,3449,4,4228,0,0,4,5031,4,1340,4,6371,California
Tuolumne,2021-02-08,92,7769,41,3490,51,4279,0,0,68,5075,24,1364,68,6439,California
Tuolumne,2021-02-09,862,8631,51,3541,811,5090,0,0,820,5853,42,1406,820,7259,California
Tuolumne,2021-02-10,92,8723,17,3558,75,5165,0,0,31,5824,60,1466,31,7290,California
Tuolumne,2021-02-11,143,8866,68,3626,75,5240,0,0,78,5837,65,1531,78,7368,California
Tuolumne,2021-02-12,649,9515,20,3646,629,5869,0,0,208,5605,440,1971,208,7576,California
Tuolumne,2021-02-13,150,9665,41,3687,109,5978,0,0,120,5696,29,2000,120,7696,California
Tuolumne,2021-02-14,153,9818,15,3702,138,6116,0,0,151,5845,2,2002,151,7847,California
Tuolumne,2021-02-15,187,10005,10,3712,177,6293,0,0,178,6014,9,2011,178,8025,California
Tuolumne,2021-02-16,531,10536,18,3730,513,6806,0,0,122,5733,405,2416,124,8149,California
Tuolumne,2021-02-17,111,10647,63,3793,48,6854,0,0,61,5745,49,2465,61,8210,California
Tuolumne,2021-02-18,680,11327,26,3819,654,7508,0,0,629,6324,51,2516,630,8840,California
Tuolumne,2021-02-19,142,11469,22,3841,120,7628,0,0,42,6266,100,2616,42,8882,California
Tuolumne,2021-02-20,905,12374,341,4182,564,8192,0,0,384,6145,507,3123,386,9268,California
Tuolumne,2021-02-21,977,13351,39,4221,938,9130,0,0,470,6113,505,3628,473,9741,California
Tuolumne,2021-02-22,80,13431,57,4278,23,9153,0,0,46,6126,33,3661,46,9787,California
Tuolumne,2021-02-23,48,13479,24,4302,24,9177,0,0,26,6131,21,3682,26,9813,California
Tuolumne,2021-02-24,104,13583,58,4360,46,9223,0,0,42,6112,61,3743,42,9855,California
Tuolumne,2021-02-25,1050,14633,35,4395,1015,10238,0,0,1019,7100,31,3774,1019,10874,California
Tuolumne,2021-02-26,151,14784,11,4406,140,10378,0,0,125,7200,26,3800,126,11000,California
Tuolumne,2021-02-27,955,15739,579,4985,376,10754,0,0,250,6766,687,4487,253,11253,California
Tuolumne,2021-02-28,56,15795,4,4989,52,10806,0,0,52,6815,3,4490,52,11305,California
Tuolumne,2021-03-01,114,15909,22,5011,91,10897,1,1,77,6858,36,4526,79,11384,California
Tuolumne,2021-03-02,708,16617,75,5086,633,11530,0,1,107,6364,601,5127,107,11491,California
Tuolumne,2021-03-03,94,16711,21,5107,73,11603,0,1,67,6405,26,5153,67,11558,California
Tuolumne,2021-03-04,1173,17884,75,5182,1098,12701,0,1,1108,7448,65,5218,1108,12666,California
Tuolumne,2021-03-05,89,17973,10,5192,79,12780,0,1,52,7465,36,5254,53,12719,California
Tuolumne,2021-03-06,1059,19032,606,5798,451,13231,2,3,204,6825,849,6103,209,12928,California
Tuolumne,2021-03-07,41,19073,12,5810,14,13245,15,18,18,6835,23,6126,33,12961,California
Tuolumne,2021-03-08,197,19270,90,5900,100,13345,7,25,139,6923,58,6184,146,13107,California
Tuolumne,2021-03-09,858,20128,16,5916,831,14176,11,36,68,6219,784,6968,80,13187,California
Tuolumne,2021-03-10,78,20206,12,5928,55,14231,11,47,53,6258,25,6993,64,13251,California
Tuolumne,2021-03-11,1281,21487,37,5965,1239,15470,5,52,1254,7492,27,7020,1261,14512,California
Tuolumne,2021-03-12,298,21785,34,5999,249,15719,15,67,188,7589,109,7129,206,14718,California
Tuolumne,2021-03-13,114,21899,13,6012,101,15820,0,67,84,7645,29,7158,85,14803,California
Tuolumne,2021-03-14,148,22047,10,6022,129,15949,9,76,7,7525,141,7299,21,14824,California
Tuolumne,2021-03-15,301,22348,82,6104,216,16165,3,79,104,7444,196,7495,115,14939,California
Tuolumne,2021-03-16,804,23152,41,6145,752,16917,11,90,667,7986,136,7631,678,15617,California
Tuolumne,2021-03-17,152,23304,32,6177,107,17024,13,103,79,8006,72,7703,92,15709,California
Tuolumne,2021-03-18,947,24251,27,6204,907,17931,13,116,317,7710,626,8329,330,16039,California
Tuolumne,2021-03-19,135,24386,18,6222,87,18018,30,146,73,7752,61,8390,103,16142,California
Tuolumne,2021-03-20,93,24479,8,6230,75,18093,10,156,39,7747,53,8443,48,16190,California
Tuolumne,2021-03-21,833,25312,389,6619,434,18527,10,166,41,7016,783,9226,52,16242,California
Tuolumne,2021-03-22,164,25476,73,6692,72,18599,19,185,97,7066,66,9292,116,16358,California
Tuolumne,2021-03-23,712,26188,637,7329,61,18660,14,199,673,7713,39,9331,686,17044,California
Tuolumne,2021-03-24,111,26299,20,7349,73,18733,18,217,77,7775,33,9364,95,17139,California
Tuolumne,2021-03-25,1300,27599,24,7373,1273,20006,3,220,327,7133,972,10336,330,17469,California
Tuolumne,2021-03-26,276,27875,16,7389,237,20243,23,243,116,7124,149,10485,140,17609,California
Tuolumne,2021-03-27,581,28456,54,7443,527,20770,0,243,316,7179,263,10748,318,17927,California
Tuolumne,2021-03-28,47,28503,6,7449,41,20811,0,243,8,7150,38,10786,9,17936,California
Tuolumne,2021-03-29,206,28709,83,7532,123,20934,0,243,109,7165,94,10880,109,18045,California
Tuolumne,2021-03-30,162,28871,9,7541,152,21086,1,244,118,7241,43,10923,119,18164,California
Tuolumne,2021-03-31,95,28966,14,7555,79,21165,2,246,38,7226,55,10978,40,18204,California
Tuolumne,2021-04-01,1251,30217,30,7585,1221,22386,0,246,228,6434,1020,11998,228,18432,California
Tuolumne,2021-04-02,166,30383,11,7596,129,22515,26,272,92,6480,72,12070,118,18550,California
Tuolumne,2021-04-03,428,30811,35,7631,391,22906,2,274,239,6533,187,12257,240,18790,California
Tuolumne,2021-04-04,34,30845,3,7634,31,22937,0,274,21,6543,11,12268,21,18811,California
Tuolumne,2021-04-05,132,30977,19,7653,106,23043,7,281,59,6537,72,12340,66,18877,California
Tuolumne,2021-04-06,651,31628,516,8169,108,23151,27,308,516,6947,134,12474,544,19421,California
Tuolumne,2021-04-07,128,31756,37,8206,75,23226,16,324,50,6935,78,12552,66,19487,California
Tuolumne,2021-04-08,1446,33202,33,8239,1398,24624,15,339,248,6005,1193,13745,263,19750,California
Tuolumne,2021-04-09,274,33476,41,8280,189,24813,44,383,131,6041,143,13888,179,19929,California
Tuolumne,2021-04-10,55,33531,2,8282,33,24846,20,403,22,6051,32,13920,42,19971,California
Tuolumne,2021-04-11,18,33549,3,8285,12,24858,3,406,12,6060,6,13926,15,19986,California
Tuolumne,2021-04-12,173,33722,66,8351,102,24960,5,411,91,6079,77,14003,96,20082,California
Tuolumne,2021-04-13,786,34508,35,8386,751,25711,0,411,171,5643,607,14610,171,20253,California
Tuolumne,2021-04-14,157,34665,30,8416,127,25838,0,411,79,5649,74,14684,80,20333,California
Tuolumne,2021-04-15,345,35010,21,8437,324,26162,0,411,60,5430,279,14963,60,20393,California
Tuolumne,2021-04-16,252,35262,50,8487,202,26364,0,411,140,5467,104,15067,141,20534,California
Tuolumne,2021-04-17,43,35305,5,8492,38,26402,0,411,27,5478,16,15083,27,20561,California
Tuolumne,2021-04-18,10,35315,3,8495,7,26409,0,411,5,5479,5,15088,6,20567,California
Tuolumne,2021-04-19,177,35492,78,8573,99,26508,0,411,99,5502,76,15164,99,20666,California
Tuolumne,2021-04-20,710,36202,614,9187,96,26604,0,411,76,4952,626,15790,76,20742,California
Tuolumne,2021-04-21,118,36320,25,9212,93,26697,0,411,62,4963,51,15841,62,20804,California
Tuolumne,2021-04-22,711,37031,46,9258,665,27362,0,411,431,5123,271,16112,431,21235,California
Tuolumne,2021-04-23,175,37206,31,9289,144,27506,0,411,81,5113,92,16204,82,21317,California
Tuolumne,2021-04-24,78,37284,17,9306,61,27567,0,411,49,5133,29,16233,49,21366,California
Tuolumne,2021-04-25,25,37309,9,9315,16,27583,0,411,22,5152,3,16236,22,21388,California
Tuolumne,2021-04-26,157,37466,56,9371,101,27684,0,411,73,5143,83,16319,74,21462,California
Tuolumne,2021-04-27,140,37606,23,9394,110,27794,7,418,65,5143,72,16391,72,21534,California
Tuolumne,2021-04-28,114,37720,23,9417,80,27874,11,429,61,5163,52,16443,72,21606,California
Tuolumne,2021-04-29,277,37997,16,9433,253,28127,8,437,53,5003,221,16664,61,21667,California
Tuolumne,2021-04-30,365,38362,22,9455,331,28458,12,449,71,4796,290,16954,83,21750,California
Tuolumne,2021-05-01,25,38387,7,9462,13,28471,5,454,16,4808,9,16963,21,21771,California
Tuolumne,2021-05-02,26,38413,3,9465,21,28492,2,456,19,4822,7,16970,21,21792,California
Tuolumne,2021-05-03,111,38524,14,9479,92,28584,5,461,36,4790,73,17043,41,21833,California
Tuolumne,2021-05-04,705,39229,600,10079,101,28685,4,465,213,4515,491,17534,216,22049,California
Tuolumne,2021-05-05,107,39336,25,10104,76,28761,6,471,56,4528,49,17583,62,22111,California
Tuolumne,2021-05-06,287,39623,12,10116,259,29020,16,487,41,4342,242,17825,56,22167,California
Tuolumne,2021-05-07,329,39952,26,10142,295,29315,8,495,71,4164,257,18082,79,22246,California
Tuolumne,2021-05-08,46,39998,6,10148,36,29351,4,499,31,4184,15,18097,35,22281,California
Tuolumne,2021-05-09,15,40013,2,10150,11,29362,2,501,2,4175,13,18110,4,22285,California
Tuolumne,2021-05-10,113,40126,44,10194,63,29425,6,507,32,4133,80,18190,38,22323,California
Tuolumne,2021-05-11,201,40327,62,10256,127,29552,12,519,56,4057,144,18334,68,22391,California
Tuolumne,2021-05-12,129,40456,20,10276,106,29658,3,522,49,4029,80,18414,52,22443,California
Tuolumne,2021-05-13,116,40572,18,10294,90,29748,8,530,72,4064,44,18458,79,22522,California
Tuolumne,2021-05-14,207,40779,76,10370,120,29868,11,541,107,4084,98,18556,118,22640,California
Tuolumne,2021-05-15,56,40835,14,10384,35,29903,7,548,19,4074,37,18593,27,22667,California
Tuolumne,2021-05-16,25,40860,7,10391,16,29919,2,550,12,4075,13,18606,14,22681,California
Tuolumne,2021-05-17,110,40970,29,10420,78,29997,3,553,47,4063,63,18669,51,22732,California
Tuolumne,2021-05-18,178,41148,54,10474,77,30074,47,600,59,4051,118,18787,106,22838,California
Tuolumne,2021-05-19,118,41266,20,10494,65,30139,33,633,47,4061,70,18857,80,22918,California
Tuolumne,2021-05-20,401,41667,19,10513,377,30516,5,638,51,3768,349,19206,56,22974,California
Tuolumne,2021-05-21,194,41861,90,10603,99,30615,5,643,118,3817,74,19280,123,23097,California
Tuolumne,2021-05-22,56,41917,17,10620,34,30649,5,648,23,3812,32,19312,27,23124,California
Tuolumne,2021-05-23,26,41943,7,10627,18,30667,1,649,9,3805,17,19329,10,23134,California
Tuolumne,2021-05-24,134,42077,41,10668,87,30754,6,655,51,3780,82,19411,57,23191,California
Tuolumne,2021-05-25,292,42369,218,10886,68,30822,6,661,110,3715,181,19592,116,23307,California
Tuolumne,2021-05-26,86,42455,23,10909,62,30884,1,662,37,3704,49,19641,38,23345,California
Tuolumne,2021-05-27,73,42528,14,10923,56,30940,3,665,29,3693,43,19684,32,23377,California
Tuolumne,2021-05-28,111,42639,53,10976,57,30997,1,666,65,3715,44,19728,66,23443,California
Tuolumne,2021-05-29,37,42676,7,10983,24,31021,6,672,16,3716,21,19749,22,23465,California
Tuolumne,2021-05-30,18,42694,1,10984,14,31035,3,675,4,3709,14,19763,7,23472,California
Tuolumne,2021-05-31,10,42704,2,10986,7,31042,1,676,2,3704,8,19771,3,23475,California
Tuolumne,2021-06-01,76,42780,21,11007,51,31093,4,680,23,3678,53,19824,27,23502,California
Tuolumne,2021-06-02,73,42853,7,11014,58,31151,8,688,23,3660,49,19873,31,23533,California
Tuolumne,2021-06-03,75,42928,25,11039,35,31186,15,703,23,3647,51,19924,38,23571,California
Tuolumne,2021-06-04,130,43058,62,11101,65,31251,3,706,37,3596,91,20015,40,23611,California
Tuolumne,2021-06-05,41,43099,11,11112,28,31279,2,708,17,3592,23,20038,19,23630,California
Tuolumne,2021-06-06,18,43117,5,11117,6,31285,7,715,5,3591,13,20051,12,23642,California
Tuolumne,2021-06-07,56,43173,13,11130,35,31320,8,723,23,3589,33,20084,31,23673,California
Tuolumne,2021-06-08,53,43226,15,11145,37,31357,1,724,18,3575,33,20117,19,23692,California
Tuolumne,2021-06-09,56,43282,38,11183,13,31370,5,729,34,3592,22,20139,39,23731,California
Ventura,2020-12-15,5,5,5,5,0,0,0,0,5,5,0,0,5,5,California
Ventura,2020-12-16,74,79,74,79,0,0,0,0,74,79,0,0,74,79,California
Ventura,2020-12-17,246,325,246,325,0,0,0,0,246,325,0,0,246,325,California
Ventura,2020-12-18,1416,1741,1416,1741,0,0,0,0,1416,1741,0,0,1416,1741,California
Ventura,2020-12-19,911,2652,911,2652,0,0,0,0,911,2652,0,0,911,2652,California
Ventura,2020-12-20,430,3082,430,3082,0,0,0,0,430,3082,0,0,430,3082,California
Ventura,2020-12-21,1467,4549,1467,4549,0,0,0,0,1467,4549,0,0,1467,4549,California
Ventura,2020-12-22,1107,5656,1103,5652,4,4,0,0,1107,5656,0,0,1107,5656,California
Ventura,2020-12-23,1037,6693,987,6639,50,54,0,0,1037,6693,0,0,1037,6693,California
Ventura,2020-12-24,476,7169,378,7017,98,152,0,0,476,7169,0,0,476,7169,California
Ventura,2020-12-25,12,7181,7,7024,5,157,0,0,12,7181,0,0,12,7181,California
Ventura,2020-12-26,116,7297,95,7119,21,178,0,0,116,7297,0,0,116,7297,California
Ventura,2020-12-27,60,7357,29,7148,31,209,0,0,60,7357,0,0,60,7357,California
Ventura,2020-12-28,1072,8429,931,8079,141,350,0,0,1072,8429,0,0,1072,8429,California
Ventura,2020-12-29,1178,9607,770,8849,408,758,0,0,1178,9607,0,0,1178,9607,California
Ventura,2020-12-30,1995,11602,1530,10379,465,1223,0,0,1995,11602,0,0,1995,11602,California
Ventura,2020-12-31,480,12082,164,10543,316,1539,0,0,480,12082,0,0,480,12082,California
Ventura,2021-01-01,33,12115,12,10555,21,1560,0,0,33,12115,0,0,33,12115,California
Ventura,2021-01-02,172,12287,77,10632,95,1655,0,0,172,12287,0,0,172,12287,California
Ventura,2021-01-03,17,12304,8,10640,9,1664,0,0,17,12304,0,0,17,12304,California
Ventura,2021-01-04,1096,13400,555,11195,541,2205,0,0,1095,13399,0,0,1095,13399,California
Ventura,2021-01-05,1377,14777,782,11977,595,2800,0,0,1333,14688,44,44,1333,14732,California
Ventura,2021-01-06,2054,16831,1174,13151,880,3680,0,0,1627,15899,418,462,1629,16361,California
Ventura,2021-01-07,2067,18898,1320,14471,747,4427,0,0,1181,16198,883,1345,1182,17543,California
Ventura,2021-01-08,2198,21096,1474,15945,724,5151,0,0,907,15817,1289,2634,908,18451,California
Ventura,2021-01-09,722,21818,499,16444,223,5374,0,0,318,15731,404,3038,318,18769,California
Ventura,2021-01-10,341,22159,324,16768,17,5391,0,0,127,15644,214,3252,127,18896,California
Ventura,2021-01-11,2439,24598,1492,18260,947,6338,0,0,1483,16175,956,4208,1487,20383,California
Ventura,2021-01-12,3043,27641,1610,19870,1433,7771,0,0,2013,17158,1030,5238,2013,22396,California
Ventura,2021-01-13,2940,30581,1438,21308,1502,9273,0,0,2048,18318,889,6127,2049,24445,California
Ventura,2021-01-14,2730,33311,1056,22364,1674,10947,0,0,2283,20156,446,6573,2284,26729,California
Ventura,2021-01-15,2890,36201,967,23331,1923,12870,0,0,2675,22617,215,6788,2676,29405,California
Ventura,2021-01-16,481,36682,186,23517,295,13165,0,0,402,22940,79,6867,402,29807,California
Ventura,2021-01-17,263,36945,143,23660,120,13285,0,0,255,23187,8,6875,255,30062,California
Ventura,2021-01-18,2213,39158,1669,25329,544,13829,0,0,1666,24310,546,7421,1669,31731,California
Ventura,2021-01-19,3046,42204,2126,27455,920,14749,0,0,2150,25567,896,8317,2153,33884,California
Ventura,2021-01-20,4088,46292,3143,30598,945,15694,0,0,3034,27551,1051,9368,3035,36919,California
Ventura,2021-01-21,3853,50145,2691,33289,1162,16856,0,0,3176,30055,674,10042,3178,40097,California
Ventura,2021-01-22,3592,53737,2480,35769,1112,17968,0,0,3426,33316,166,10208,3427,43524,California
Ventura,2021-01-23,1163,54900,638,36407,525,18493,0,0,1065,34286,97,10305,1067,44591,California
Ventura,2021-01-24,451,55351,134,36541,317,18810,0,0,438,34711,13,10318,438,45029,California
Ventura,2021-01-25,3142,58493,2023,38564,1119,19929,0,0,2587,36745,554,10872,2588,47617,California
Ventura,2021-01-26,3695,62188,2207,40771,1488,21417,0,0,2696,38444,998,11870,2697,50314,California
Ventura,2021-01-27,3452,65640,1552,42323,1900,23317,0,0,2705,40408,744,12614,2708,53022,California
Ventura,2021-01-28,3855,69495,1990,44313,1865,25182,0,0,3236,43042,604,13218,3238,56260,California
Ventura,2021-01-29,4261,73756,2522,46835,1739,26921,0,0,3763,46319,486,13704,3763,60023,California
Ventura,2021-01-30,3030,76786,1964,48799,1066,27987,0,0,2860,49014,166,13870,2861,62884,California
Ventura,2021-01-31,815,77601,432,49231,383,28370,0,0,729,49658,85,13955,729,63613,California
Ventura,2021-02-01,3959,81560,2114,51345,1845,30215,0,0,3180,52068,772,14727,3182,66795,California
Ventura,2021-02-02,4388,85948,2353,53698,2035,32250,0,0,3362,54410,1022,15749,3364,70159,California
Ventura,2021-02-03,4438,90386,2084,55782,2354,34604,0,0,3424,56826,1009,16758,3425,73584,California
Ventura,2021-02-04,4791,95177,2290,58072,2501,37105,0,0,3513,59073,1270,18028,3517,77101,California
Ventura,2021-02-05,4842,100019,2329,60401,2513,39618,0,0,3343,60932,1486,19514,3345,80446,California
Ventura,2021-02-06,2821,102840,1504,61905,1317,40935,0,0,2421,62954,399,19913,2421,82867,California
Ventura,2021-02-07,715,103555,241,62146,474,41409,0,0,586,63412,129,20042,587,83454,California
Ventura,2021-02-08,3524,107079,1643,63789,1881,43290,0,0,2441,64776,1078,21120,2442,85896,California
Ventura,2021-02-09,4710,111789,1969,65758,2741,46031,0,0,2456,64984,2251,23371,2459,88355,California
Ventura,2021-02-10,4696,116485,2225,67983,2471,48502,0,0,2381,65062,2304,25675,2382,90737,California
Ventura,2021-02-11,4657,121142,1866,69849,2791,51293,0,0,2440,65296,2209,27884,2443,93180,California
Ventura,2021-02-12,6292,127434,2651,72500,3641,54934,0,0,3222,65454,3064,30948,3222,96402,California
Ventura,2021-02-13,3285,130719,1821,74321,1464,56398,0,0,1836,65847,1445,32393,1838,98240,California
Ventura,2021-02-14,1213,131932,121,74442,1092,57490,0,0,1001,66637,212,32605,1002,99242,California
Ventura,2021-02-15,3978,135910,1790,76232,2188,59678,0,0,2113,66888,1862,34467,2113,101355,California
Ventura,2021-02-16,5536,141446,2698,78930,2838,62516,0,0,3004,67370,2522,36989,3004,104359,California
Ventura,2021-02-17,5281,146727,1909,80839,3372,65888,0,0,3330,68758,1942,38931,3330,107689,California
Ventura,2021-02-18,5772,152499,1825,82664,3947,69835,0,0,3637,70273,2122,41053,3637,111326,California
Ventura,2021-02-19,6463,158962,3759,86423,2704,72539,0,0,3008,69836,3448,44501,3011,114337,California
Ventura,2021-02-20,4925,163887,3167,89590,1758,74297,0,0,2762,70446,2156,46657,2766,117103,California
Ventura,2021-02-21,1091,164978,803,90393,288,74585,0,0,451,70262,635,47292,451,117554,California
Ventura,2021-02-22,5404,170382,2409,92802,2995,77580,0,0,3463,71796,1931,49223,3465,121019,California
Ventura,2021-02-23,5936,176318,2952,95754,2984,80564,0,0,3413,72706,2505,51728,3415,124434,California
Ventura,2021-02-24,7059,183377,2613,98367,4446,85010,0,0,4254,74173,2789,54517,4256,128690,California
Ventura,2021-02-25,7554,190931,2563,100930,4991,90001,0,0,4573,75780,2968,57485,4575,133265,California
Ventura,2021-02-26,9443,200374,2766,103696,6677,96678,0,0,6172,78710,3246,60731,6176,139441,California
Ventura,2021-02-27,10572,210946,5272,108968,5300,101978,0,0,7949,84064,2605,63336,7959,147400,California
Ventura,2021-02-28,2535,213481,1623,110591,911,102889,1,1,2073,85683,454,63790,2073,149473,California
Ventura,2021-03-01,7132,220613,2839,113430,4291,107180,2,3,4734,88050,2382,66172,4749,154222,California
Ventura,2021-03-02,7699,228312,4036,117466,3661,110841,2,5,5396,91154,2292,68464,5396,159618,California
Ventura,2021-03-03,8647,236959,3905,121371,4739,115580,3,8,6103,94737,2527,70991,6110,165728,California
Ventura,2021-03-04,8243,245202,3873,125244,4370,119950,0,8,5543,97598,2684,73675,5545,171273,California
Ventura,2021-03-05,10082,255284,4816,130060,5256,125206,10,18,7192,101934,2874,76549,7210,178483,California
Ventura,2021-03-06,7755,263039,4392,134452,3210,128416,153,171,5794,105930,1953,78502,5949,184432,California
Ventura,2021-03-07,1651,264690,613,135065,938,129354,100,271,1242,106863,409,78911,1342,185774,California
Ventura,2021-03-08,6839,271529,3440,138505,3244,132598,155,426,4729,109647,2103,81014,4887,190661,California
Ventura,2021-03-09,6839,278368,3016,141521,3627,136225,196,622,3969,110959,2857,83871,4169,194830,California
Ventura,2021-03-10,6999,285367,3013,144534,3747,139972,239,861,4679,113571,2305,86176,4917,199747,California
Ventura,2021-03-11,6518,291885,2890,147424,3315,143287,313,1174,3555,114488,2949,89125,3866,203613,California
Ventura,2021-03-12,8675,300560,3044,150468,4790,148077,841,2015,4249,115168,4409,93534,5089,208702,California
Ventura,2021-03-13,7245,307805,2506,152974,3901,151978,838,2853,4309,117390,2927,96461,5149,213851,California
Ventura,2021-03-14,2125,309930,477,153451,1149,153127,499,3352,714,117195,1409,97870,1214,215065,California
Ventura,2021-03-15,7067,316997,2045,155496,3675,156802,1347,4699,3124,117742,3920,101790,4467,219532,California
Ventura,2021-03-16,8112,325109,2455,157951,4545,161347,1112,5811,4176,119106,3922,105712,5286,224818,California
Ventura,2021-03-17,7701,332810,2770,160721,4584,165931,347,6158,4695,121167,2982,108694,5043,229861,California
Ventura,2021-03-18,7388,340198,3269,163990,3970,169901,149,6307,4821,123582,2554,111248,4969,234830,California
Ventura,2021-03-19,8632,348830,3781,167771,4740,174641,111,6418,5239,125561,3369,114617,5348,240178,California
Ventura,2021-03-20,8694,357524,5745,173516,2926,177567,23,6441,4435,125783,4237,118854,4459,244637,California
Ventura,2021-03-21,2786,360310,1518,175034,896,178463,372,6813,1314,126007,1458,120312,1682,246319,California
Ventura,2021-03-22,7413,367723,3689,178723,3621,182084,103,6916,4896,128510,2498,122810,5001,251320,California
Ventura,2021-03-23,8245,375968,3926,182649,4249,186333,70,6986,4629,129621,3587,126397,4698,256018,California
Ventura,2021-03-24,8927,384895,3408,186057,5443,191776,76,7062,4474,129750,4422,130819,4551,260569,California
Ventura,2021-03-25,8834,393729,3911,189968,4822,196598,101,7163,4476,129989,4338,135157,4577,265146,California
Ventura,2021-03-26,9927,403656,3367,193335,5905,202503,655,7818,3978,128702,5918,141075,4631,269777,California
Ventura,2021-03-27,8490,412146,3925,197260,4527,207030,38,7856,2411,125104,6048,147123,2450,272227,California
Ventura,2021-03-28,2526,414672,1420,198680,1098,208128,8,7864,1365,125322,1155,148278,1373,273600,California
Ventura,2021-03-29,8595,423267,4322,203002,4228,212356,45,7909,4274,125362,4292,152570,4332,277932,California
Ventura,2021-03-30,8994,432261,4465,207467,4401,216757,128,8037,4393,125296,4586,157156,4520,282452,California
Ventura,2021-03-31,10790,443051,4867,212334,5292,222049,631,8668,4674,124507,6092,163248,5303,287755,California
Ventura,2021-04-01,10847,453898,5282,217616,4685,226734,880,9548,5501,125576,5307,168555,6376,294131,California
Ventura,2021-04-02,11784,465682,4634,222250,5807,232541,1343,10891,5627,126425,6124,174679,6973,301104,California
Ventura,2021-04-03,8107,473789,4020,226270,2911,235452,1176,12067,3424,126346,4671,179350,4592,305696,California
Ventura,2021-04-04,1708,475497,956,227226,617,236069,135,12202,1144,127067,558,179908,1279,306975,California
Ventura,2021-04-05,9407,484904,4864,232090,3427,239496,1116,13318,4796,128377,4600,184508,5910,312885,California
Ventura,2021-04-06,10940,495844,5573,237663,3875,243371,1492,14810,5635,130223,5278,189786,7124,320009,California
Ventura,2021-04-07,11481,507325,5392,243055,4579,247950,1510,16320,5255,130779,6208,195994,6764,326773,California
Ventura,2021-04-08,10448,517773,5283,248338,4179,252129,986,17306,5213,131757,5214,201208,6192,332965,California
Ventura,2021-04-09,11316,529089,4369,252707,5224,257353,1723,19029,4943,132069,6348,207556,6660,339625,California
Ventura,2021-04-10,9566,538655,3888,256595,3518,260871,2160,21189,3142,130962,6404,213960,5297,344922,California
Ventura,2021-04-11,2447,541102,857,257452,1015,261886,575,21764,686,130479,1751,215711,1268,346190,California
Ventura,2021-04-12,9045,550147,4512,261964,3699,265585,834,22598,3783,129869,5243,220954,4633,350823,California
Ventura,2021-04-13,8878,559025,4502,266466,4370,269955,6,22604,3774,128588,5065,226019,3784,354607,California
Ventura,2021-04-14,8784,567809,4100,270566,4669,274624,15,22619,3375,126630,5373,231392,3415,358022,California
Ventura,2021-04-15,9374,577183,4545,275111,4805,279429,24,22643,4103,125522,5243,236635,4135,362157,California
Ventura,2021-04-16,10091,587274,4443,279554,5646,285075,2,22645,4761,124976,5313,241948,4767,366924,California
Ventura,2021-04-17,8759,596033,5322,284876,3425,288500,12,22657,5091,126426,3653,245601,5103,372027,California
Ventura,2021-04-18,2126,598159,1009,285885,1117,289617,0,22657,908,126122,1212,246813,908,372935,California
Ventura,2021-04-19,8063,606222,4840,290725,3221,292838,2,22659,4631,127344,3411,250224,4633,377568,California
Ventura,2021-04-20,9300,615522,4912,295637,4383,297221,5,22664,4366,126802,4913,255137,4371,381939,California
Ventura,2021-04-21,8921,624443,4571,300208,4345,301566,5,22669,4246,126393,4661,259798,4252,386191,California
Ventura,2021-04-22,10053,634496,5479,305687,4574,306140,0,22669,4466,125293,5567,265365,4467,390658,California
Ventura,2021-04-23,10849,645345,5382,311069,5466,311606,1,22670,5417,125306,5405,270770,5418,396076,California
Ventura,2021-04-24,10438,655783,5891,316960,4547,316153,0,22670,6138,127160,4285,275055,6139,402215,California
Ventura,2021-04-25,2461,658244,1697,318657,764,316917,0,22670,1147,126996,1311,276366,1147,403362,California
Ventura,2021-04-26,7904,666148,4520,323177,3317,320234,67,22737,3295,125772,4581,280947,3357,406719,California
Ventura,2021-04-27,9093,675241,5066,328243,3803,324037,224,22961,3414,123746,5662,286609,3636,410355,California
Ventura,2021-04-28,8308,683549,4823,333066,3167,327204,318,23279,3263,122305,5023,291632,3582,413937,California
Ventura,2021-04-29,7825,691374,4224,337290,3338,330542,263,23542,2797,120363,5001,296633,3059,416996,California
Ventura,2021-04-30,9380,700754,5439,342729,3668,334210,273,23815,3897,119073,5449,302082,4159,421155,California
Ventura,2021-05-01,5033,705787,3625,346354,1305,335515,103,23918,1951,118067,3059,305141,2053,423208,California
Ventura,2021-05-02,2119,707906,1421,347775,610,336125,88,24006,1028,118097,1087,306228,1117,424325,California
Ventura,2021-05-03,6247,714153,3864,351639,2103,338228,280,24286,1968,116082,4261,310489,2246,426571,California
Ventura,2021-05-04,6305,720458,3287,354926,2723,340951,295,24581,2308,114702,3983,314472,2603,429174,California
Ventura,2021-05-05,5318,725776,2968,357894,2091,343042,259,24840,1921,113504,3371,317843,2173,431347,California
Ventura,2021-05-06,6150,731926,3159,361053,2722,345764,269,25109,1979,111600,4153,321996,2249,433596,California
Ventura,2021-05-07,6756,738682,3377,364430,3108,348872,271,25380,2331,109805,4397,326393,2602,436198,California
Ventura,2021-05-08,5299,743981,4114,368544,1031,349903,154,25534,1220,107111,4066,330459,1372,437570,California
Ventura,2021-05-09,1040,745021,728,369272,267,350170,45,25579,394,106909,640,331099,438,438008,California
Ventura,2021-05-10,6071,751092,4071,373343,1791,351961,209,25788,1402,103860,4659,335758,1610,439618,California
Ventura,2021-05-11,5252,756344,3252,376595,1778,353739,222,26010,1539,101917,3703,339461,1760,441378,California
Ventura,2021-05-12,4938,761282,2868,379463,1853,355592,217,26227,1553,100318,3369,342830,1770,443148,California
Ventura,2021-05-13,6197,767479,3727,383190,2260,357852,210,26437,2238,98823,3945,346775,2450,445598,California
Ventura,2021-05-14,7244,774723,4459,387649,2582,360434,203,26640,2757,97312,4468,351243,2957,448555,California
Ventura,2021-05-15,6625,781348,5364,393013,1176,361610,85,26725,2837,96465,3770,355013,2923,451478,California
Ventura,2021-05-16,2157,783505,1669,394682,436,362046,52,26777,1025,96415,1127,356140,1077,452555,California
Ventura,2021-05-17,5837,789342,3549,398231,2074,364120,214,26991,2449,95707,3370,359510,2662,455217,California
Ventura,2021-05-18,5365,794707,3170,401401,2015,366135,180,27171,2179,94901,3166,362676,2360,457577,California
Ventura,2021-05-19,5799,800506,3521,404922,2068,368203,210,27381,2392,94118,3381,366057,2598,460175,California
Ventura,2021-05-20,5147,805653,2765,407687,2225,370428,157,27538,2016,93187,3101,369158,2170,462345,California
Ventura,2021-05-21,7478,813131,4270,411957,3034,373462,174,27712,2446,90807,5000,374158,2620,464965,California
Ventura,2021-05-22,5341,818472,2693,414650,2573,376035,75,27787,1660,88869,3673,377831,1735,466700,California
Ventura,2021-05-23,1842,820314,1473,416123,298,376333,71,27858,729,88562,1107,378938,800,467500,California
Ventura,2021-05-24,4510,824824,2434,418557,1909,378242,167,28025,1454,87141,3039,381977,1618,469118,California
Ventura,2021-05-25,4269,829093,2209,420766,1909,380151,151,28176,1431,85902,2820,384797,1581,470699,California
Ventura,2021-05-26,4254,833347,2265,423031,1827,381978,162,28338,1663,85155,2573,387370,1826,472525,California
Ventura,2021-05-27,3811,837158,1859,424890,1828,383806,124,28462,1393,84267,2405,389775,1517,474042,California
Ventura,2021-05-28,4470,841628,2453,427343,1825,385631,192,28654,1980,83960,2476,392251,2169,476211,California
Ventura,2021-05-29,2139,843767,1335,428678,737,386368,67,28721,1052,84004,1075,393326,1119,477330,California
Ventura,2021-05-30,905,844672,581,429259,271,386639,53,28774,374,83902,529,393855,427,477757,California
Ventura,2021-05-31,255,844927,137,429396,109,386748,9,28783,60,83776,195,394050,69,477826,California
Ventura,2021-06-01,3916,848843,2270,431666,1481,388229,165,28948,1306,82653,2595,396645,1472,479298,California
Ventura,2021-06-02,2927,851770,1624,433290,1168,389397,135,29083,1027,81927,1888,398533,1162,480460,California
Ventura,2021-06-03,3185,854955,1981,435271,1061,390458,143,29226,911,80716,2265,400798,1054,481514,California
Ventura,2021-06-04,4528,859483,3010,438281,1357,391815,161,29387,1489,79337,3029,403827,1650,483164,California
Ventura,2021-06-05,3783,863266,3157,441438,565,392380,61,29448,1152,77932,2618,406445,1213,484377,California
Ventura,2021-06-06,1242,864508,1056,442494,140,392520,46,29494,296,77337,935,407380,340,484717,California
Ventura,2021-06-07,3124,867632,2303,444797,716,393236,105,29599,942,76219,2165,409545,1047,485764,California
Ventura,2021-06-08,2876,870508,1919,446716,835,394071,122,29721,853,75180,2014,411559,975,486739,California
Ventura,2021-06-09,1465,871973,950,447666,466,394537,49,29770,378,74525,1082,412641,427,487166,California
Yolo,2020-12-15,39,39,39,39,0,0,0,0,39,39,0,0,39,39,California
Yolo,2020-12-16,78,117,78,117,0,0,0,0,78,117,0,0,78,117,California
Yolo,2020-12-17,105,222,105,222,0,0,0,0,105,222,0,0,105,222,California
Yolo,2020-12-18,228,450,228,450,0,0,0,0,228,450,0,0,228,450,California
Yolo,2020-12-19,87,537,87,537,0,0,0,0,87,537,0,0,87,537,California
Yolo,2020-12-20,101,638,101,638,0,0,0,0,101,638,0,0,101,638,California
Yolo,2020-12-21,250,888,250,888,0,0,0,0,250,888,0,0,250,888,California
Yolo,2020-12-22,381,1269,380,1268,1,1,0,0,381,1269,0,0,381,1269,California
Yolo,2020-12-23,437,1706,417,1685,20,21,0,0,437,1706,0,0,437,1706,California
Yolo,2020-12-24,152,1858,95,1780,57,78,0,0,152,1858,0,0,152,1858,California
Yolo,2020-12-25,1,1859,1,1781,0,78,0,0,1,1859,0,0,1,1859,California
Yolo,2020-12-26,75,1934,25,1806,50,128,0,0,75,1934,0,0,75,1934,California
Yolo,2020-12-27,46,1980,19,1825,27,155,0,0,46,1980,0,0,46,1980,California
Yolo,2020-12-28,353,2333,180,2005,173,328,0,0,353,2333,0,0,353,2333,California
Yolo,2020-12-29,488,2821,268,2273,220,548,0,0,488,2821,0,0,488,2821,California
Yolo,2020-12-30,629,3450,259,2532,370,918,0,0,629,3450,0,0,629,3450,California
Yolo,2020-12-31,184,3634,94,2626,90,1008,0,0,184,3634,0,0,184,3634,California
Yolo,2021-01-01,57,3691,55,2681,2,1010,0,0,57,3691,0,0,57,3691,California
Yolo,2021-01-02,70,3761,27,2708,43,1053,0,0,70,3761,0,0,70,3761,California
Yolo,2021-01-03,45,3806,19,2727,26,1079,0,0,45,3806,0,0,45,3806,California
Yolo,2021-01-04,193,3999,43,2770,150,1229,0,0,190,3993,3,3,190,3996,California
Yolo,2021-01-05,615,4614,237,3007,378,1607,0,0,553,4484,62,65,553,4549,California
Yolo,2021-01-06,483,5097,183,3190,300,1907,0,0,345,4691,138,203,345,4894,California
Yolo,2021-01-07,712,5809,231,3421,481,2388,0,0,523,5026,188,391,523,5417,California
Yolo,2021-01-08,635,6444,312,3733,323,2711,0,0,412,5216,222,613,412,5829,California
Yolo,2021-01-09,415,6859,70,3803,345,3056,0,0,369,5539,46,659,369,6198,California
Yolo,2021-01-10,399,7258,79,3882,320,3376,0,0,330,5800,69,728,330,6528,California
Yolo,2021-01-11,564,7822,324,4206,240,3616,0,0,292,5822,272,1000,294,6822,California
Yolo,2021-01-12,487,8309,368,4574,119,3735,0,0,179,5694,308,1308,180,7002,California
Yolo,2021-01-13,767,9076,311,4885,456,4191,0,0,516,5959,251,1559,516,7518,California
Yolo,2021-01-14,382,9458,183,5068,199,4390,0,0,278,6133,104,1663,278,7796,California
Yolo,2021-01-15,631,10089,324,5392,307,4697,0,0,549,6601,82,1745,550,8346,California
Yolo,2021-01-16,742,10831,94,5486,648,5345,0,0,711,7281,31,1776,711,9057,California
Yolo,2021-01-17,190,11021,117,5603,73,5418,0,0,184,7459,6,1782,184,9241,California
Yolo,2021-01-18,484,11505,305,5908,179,5597,0,0,380,7735,104,1886,380,9621,California
Yolo,2021-01-19,558,12063,372,6280,186,5783,0,0,385,7947,173,2059,385,10006,California
Yolo,2021-01-20,661,12724,381,6661,280,6063,0,0,475,8237,185,2244,475,10481,California
Yolo,2021-01-21,647,13371,384,7045,263,6326,0,0,461,8512,186,2430,461,10942,California
Yolo,2021-01-22,752,14123,251,7296,501,6827,0,0,635,9032,115,2545,635,11577,California
Yolo,2021-01-23,616,14739,123,7419,493,7320,0,0,568,9552,48,2593,568,12145,California
Yolo,2021-01-24,208,14947,123,7542,85,7405,0,0,167,9678,41,2634,167,12312,California
Yolo,2021-01-25,733,15680,157,7699,576,7981,0,0,511,9967,222,2856,511,12823,California
Yolo,2021-01-26,828,16508,327,8026,501,8482,0,0,432,10003,396,3252,432,13255,California
Yolo,2021-01-27,555,17063,220,8246,335,8817,0,0,379,10206,176,3428,379,13634,California
Yolo,2021-01-28,1051,18114,565,8811,486,9303,0,0,926,11008,124,3552,926,14560,California
Yolo,2021-01-29,903,19017,268,9079,635,9938,0,0,817,11740,85,3637,817,15377,California
Yolo,2021-01-30,1528,20545,928,10007,600,10538,0,0,1406,13030,116,3753,1406,16783,California
Yolo,2021-01-31,239,20784,200,10207,39,10577,0,0,212,13216,26,3779,212,16995,California
Yolo,2021-02-01,849,21633,364,10571,485,11062,0,0,614,13599,231,4010,614,17609,California
Yolo,2021-02-02,1340,22973,756,11327,584,11646,0,0,929,14118,411,4421,930,18539,California
Yolo,2021-02-03,1524,24497,397,11724,1127,12773,0,0,1185,14967,336,4757,1185,19724,California
Yolo,2021-02-04,1789,26286,281,12005,1508,14281,0,0,1236,15662,542,5299,1237,20961,California
Yolo,2021-02-05,1596,27882,908,12913,688,14969,0,0,1195,16458,400,5699,1196,22157,California
Yolo,2021-02-06,1943,29825,1266,14179,677,15646,0,0,1577,17670,366,6065,1578,23735,California
Yolo,2021-02-07,525,30350,248,14427,277,15923,0,0,169,17484,355,6420,169,23904,California
Yolo,2021-02-08,949,31299,331,14758,618,16541,0,0,603,17744,343,6763,603,24507,California
Yolo,2021-02-09,859,32158,389,15147,470,17011,0,0,574,18033,285,7048,574,25081,California
Yolo,2021-02-10,1467,33625,481,15628,986,17997,0,0,826,18220,641,7689,828,25909,California
Yolo,2021-02-11,1581,35206,811,16439,770,18767,0,0,1186,19011,395,8084,1186,27095,California
Yolo,2021-02-12,1923,37129,762,17201,1161,19928,0,0,1446,19984,473,8557,1446,28541,California
Yolo,2021-02-13,2056,39185,712,17913,1344,21272,0,0,1386,20700,670,9227,1386,29927,California
Yolo,2021-02-14,569,39754,152,18065,417,21689,0,0,441,21014,127,9354,441,30368,California
Yolo,2021-02-15,535,40289,194,18259,341,22030,0,0,266,21012,269,9623,267,30635,California
Yolo,2021-02-16,1131,41420,425,18684,706,22736,0,0,809,21500,322,9945,810,31445,California
Yolo,2021-02-17,1392,42812,701,19385,691,23427,0,0,996,22100,396,10341,996,32441,California
Yolo,2021-02-18,2489,45301,812,20197,1677,25104,0,0,1717,23047,771,11112,1718,34159,California
Yolo,2021-02-19,1754,47055,751,20948,1003,26107,0,0,1130,23555,622,11734,1130,35289,California
Yolo,2021-02-20,2460,49515,957,21905,1503,27610,0,0,1374,23849,1081,12815,1375,36664,California
Yolo,2021-02-21,286,49801,225,22130,61,27671,0,0,74,23712,211,13026,74,36738,California
Yolo,2021-02-22,1369,51170,599,22729,770,28441,0,0,695,23734,673,13699,695,37433,California
Yolo,2021-02-23,1148,52318,857,23586,291,28732,0,0,444,23476,702,14401,444,37877,California
Yolo,2021-02-24,2090,54408,593,24179,1497,30229,0,0,1382,24152,706,15107,1382,39259,California
Yolo,2021-02-25,1395,55803,487,24666,908,31137,0,0,922,24602,472,15579,922,40181,California
Yolo,2021-02-26,2625,58428,1028,25694,1597,32734,0,0,1384,24748,1238,16817,1384,41565,California
Yolo,2021-02-27,1687,60115,786,26480,901,33635,0,0,1230,25521,457,17274,1230,42795,California
Yolo,2021-02-28,1838,61953,1537,28017,301,33936,0,0,720,25126,1116,18390,721,43516,California
Yolo,2021-03-01,1134,63087,374,28391,760,34696,0,0,684,25362,448,18838,684,44200,California
Yolo,2021-03-02,1477,64564,697,29088,780,35476,0,0,944,25773,533,19371,944,45144,California
Yolo,2021-03-03,1858,66422,638,29726,1220,36696,0,0,832,25581,1024,20395,832,45976,California
Yolo,2021-03-04,2924,69346,1478,31204,1446,38142,0,0,1568,25796,1353,21748,1568,47544,California
Yolo,2021-03-05,2362,71708,1413,32617,938,39080,11,11,1470,26387,890,22638,1481,49025,California
Yolo,2021-03-06,1495,73203,1144,33761,322,39402,29,40,851,26625,642,23280,880,49905,California
Yolo,2021-03-07,917,74120,681,34442,222,39624,14,54,785,27292,132,23412,799,50704,California
Yolo,2021-03-08,1098,75218,491,34933,564,40188,43,97,764,27768,332,23744,808,51512,California
Yolo,2021-03-09,1272,76490,682,35615,527,40715,63,160,780,28121,490,24234,843,52355,California
Yolo,2021-03-10,1818,78308,1062,36677,466,41181,290,450,752,28094,1062,25296,1035,53390,California
Yolo,2021-03-11,2349,80657,1609,38286,672,41853,68,518,1609,29033,739,26035,1678,55068,California
Yolo,2021-03-12,2909,83566,1355,39641,1473,43326,81,599,1373,28960,1528,27563,1455,56523,California
Yolo,2021-03-13,1848,85414,731,40372,941,44267,176,775,1002,29295,843,28406,1178,57701,California
Yolo,2021-03-14,1016,86430,208,40580,660,44927,148,923,536,29494,479,28885,678,58379,California
Yolo,2021-03-15,1325,87755,773,41353,370,45297,182,1105,711,29772,612,29497,890,59269,California
Yolo,2021-03-16,1880,89635,720,42073,1088,46385,72,1177,1112,30188,768,30265,1184,60453,California
Yolo,2021-03-17,2511,92146,980,43053,1459,47844,72,1249,1722,31228,786,31051,1826,62279,California
Yolo,2021-03-18,3031,95177,1039,44092,1770,49614,222,1471,1260,30942,1767,32818,1481,63760,California
Yolo,2021-03-19,2098,97275,874,44966,1156,50770,68,1539,1091,31101,1000,33818,1159,64919,California
Yolo,2021-03-20,2779,100054,822,45788,1914,52684,43,1582,1096,30565,1677,35495,1141,66060,California
Yolo,2021-03-21,318,100372,215,46003,95,52779,8,1590,208,30672,109,35604,216,66276,California
Yolo,2021-03-22,1408,101780,490,46493,857,53636,61,1651,919,31165,486,36090,979,67255,California
Yolo,2021-03-23,1741,103521,937,47430,746,54382,58,1709,1066,31614,674,36764,1123,68378,California
Yolo,2021-03-24,2882,106403,1410,48840,1422,55804,50,1759,1405,31605,1465,38229,1456,69834,California
Yolo,2021-03-25,2553,108956,1416,50256,1109,56913,28,1787,1251,31593,1291,39520,1279,71113,California
Yolo,2021-03-26,2390,111346,1256,51512,1115,58028,19,1806,1018,31264,1365,40885,1036,72149,California
Yolo,2021-03-27,1657,113003,463,51975,1176,59204,18,1824,751,31128,905,41790,769,72918,California
Yolo,2021-03-28,1107,114110,865,52840,224,59428,18,1842,248,30539,854,42644,265,73183,California
Yolo,2021-03-29,2013,116123,819,53659,1164,60592,30,1872,960,30480,1049,43693,990,74173,California
Yolo,2021-03-30,2278,118401,1085,54744,1171,61763,22,1894,1168,30565,1105,44798,1190,75363,California
Yolo,2021-03-31,2357,120758,1229,55973,1092,62855,36,1930,1193,30631,1163,45961,1229,76592,California
Yolo,2021-04-01,3850,124608,1862,57835,1514,64369,474,2404,1614,30485,2233,48194,2087,78679,California
Yolo,2021-04-02,3397,128005,1520,59355,1730,66099,147,2551,2108,31457,1283,49477,2255,80934,California
Yolo,2021-04-03,1823,129828,1098,60453,504,66603,221,2772,813,31482,1009,50486,1034,81968,California
Yolo,2021-04-04,395,130223,156,60609,178,66781,61,2833,146,31440,249,50735,207,82175,California
Yolo,2021-04-05,1929,132152,742,61351,1087,67868,100,2933,1020,31657,904,51639,1121,83296,California
Yolo,2021-04-06,2582,134734,1320,62671,1093,68961,169,3102,1304,31863,1269,52908,1475,84771,California
Yolo,2021-04-07,2990,137724,1524,64195,1109,70070,357,3459,1926,33092,1058,53966,2287,87058,California
Yolo,2021-04-08,2423,140147,1007,65202,942,71012,474,3933,1025,33192,1395,55361,1495,88553,California
Yolo,2021-04-09,2580,142727,921,66123,1089,72101,570,4503,851,32880,1726,57087,1414,89967,California
Yolo,2021-04-10,1759,144486,828,66951,749,72850,182,4685,1039,33383,717,57804,1220,91187,California
Yolo,2021-04-11,915,145401,286,67237,575,73425,54,4739,372,33269,540,58344,426,91613,California
Yolo,2021-04-12,1767,147168,523,67760,1102,74527,142,4881,1099,33845,665,59009,1241,92854,California
Yolo,2021-04-13,1985,149153,915,68675,1070,75597,0,4881,1046,33954,938,59947,1047,93901,California
Yolo,2021-04-14,2786,151939,767,69442,2019,77616,0,4881,1372,33919,1409,61356,1374,95275,California
Yolo,2021-04-15,3331,155270,1139,70581,2192,79808,0,4881,2290,35175,1036,62392,2292,97567,California
Yolo,2021-04-16,3043,158313,1968,72549,1075,80883,0,4881,1944,36026,1093,63485,1944,99511,California
Yolo,2021-04-17,1606,159919,470,73019,1136,82019,0,4881,834,36091,769,64254,834,100345,California
Yolo,2021-04-18,629,160548,301,73320,328,82347,0,4881,351,36168,274,64528,351,100696,California
Yolo,2021-04-19,1669,162217,714,74034,954,83301,1,4882,765,36035,899,65427,766,101462,California
Yolo,2021-04-20,2008,164225,1018,75052,990,84291,0,4882,1078,36185,928,66355,1078,102540,California
Yolo,2021-04-21,1980,166205,985,76037,995,85286,0,4882,1071,36352,904,67259,1071,103611,California
Yolo,2021-04-22,1942,168147,879,76916,1063,86349,0,4882,964,36344,973,68232,965,104576,California
Yolo,2021-04-23,2615,170762,1531,78447,1084,87433,0,4882,1164,36068,1440,69672,1164,105740,California
Yolo,2021-04-24,1165,171927,644,79091,519,87952,2,4884,461,35834,697,70369,463,106203,California
Yolo,2021-04-25,951,172878,410,79501,541,88493,0,4884,731,36346,219,70588,731,106934,California
Yolo,2021-04-26,1229,174107,486,79987,740,89233,3,4887,527,36178,699,71287,531,107465,California
Yolo,2021-04-27,1544,175651,725,80712,800,90033,19,4906,605,35865,939,72226,626,108091,California
Yolo,2021-04-28,2050,177701,1010,81722,1013,91046,27,4933,743,35332,1303,73529,770,108861,California
Yolo,2021-04-29,1753,179454,817,82539,854,91900,82,5015,693,35049,1057,74586,774,109635,California
Yolo,2021-04-30,2007,181461,990,83529,959,92859,58,5073,957,35020,1043,75629,1014,110649,California
Yolo,2021-05-01,1288,182749,998,84527,270,93129,20,5093,378,34509,909,76538,398,111047,California
Yolo,2021-05-02,523,183272,430,84957,70,93199,23,5116,326,34661,197,76735,349,111396,California
Yolo,2021-05-03,1121,184393,407,85364,681,93880,33,5149,300,34174,819,77554,332,111728,California
Yolo,2021-05-04,1452,185845,675,86039,754,94634,23,5172,503,33755,945,78499,526,112254,California
Yolo,2021-05-05,1554,187399,426,86465,1063,95697,65,5237,444,33161,1103,79602,509,112763,California
Yolo,2021-05-06,1502,188901,702,87167,719,96416,81,5318,490,32732,1000,80602,571,113334,California
Yolo,2021-05-07,2318,191219,1396,88563,871,97287,51,5369,466,31403,1844,82446,515,113849,California
Yolo,2021-05-08,844,192063,363,88926,424,97711,57,5426,315,31248,526,82972,371,114220,California
Yolo,2021-05-09,393,192456,162,89088,218,97929,13,5439,90,31049,302,83274,103,114323,California
Yolo,2021-05-10,898,193354,353,89441,500,98429,45,5484,151,30499,745,84019,195,114518,California
Yolo,2021-05-11,1148,194502,661,90102,463,98892,24,5508,277,29932,868,84887,301,114819,California
Yolo,2021-05-12,1566,196068,701,90803,834,99726,31,5539,315,29033,1248,86135,349,115168,California
Yolo,2021-05-13,2174,198242,854,91657,1266,100992,54,5593,646,28209,1524,87659,700,115868,California
Yolo,2021-05-14,2036,200278,1519,93176,486,101478,31,5624,1159,28525,874,88533,1190,117058,California
Yolo,2021-05-15,1245,201523,705,93881,493,101971,47,5671,642,28611,603,89136,689,117747,California
Yolo,2021-05-16,1413,202936,1201,95082,206,102177,6,5677,989,29188,418,89554,995,118742,California
Yolo,2021-05-17,1083,204019,393,95475,671,102848,19,5696,316,28760,763,90317,335,119077,California
Yolo,2021-05-18,1689,205708,1107,96582,563,103411,19,5715,913,28921,771,91088,932,120009,California
Yolo,2021-05-19,996,206704,582,97164,378,103789,36,5751,486,28935,508,91596,522,120531,California
Yolo,2021-05-20,1037,207741,644,97808,366,104155,27,5778,384,28699,647,92243,411,120942,California
Yolo,2021-05-21,1324,209065,894,98702,408,104563,22,5800,334,28069,984,93227,354,121296,California
Yolo,2021-05-22,804,209869,535,99237,262,104825,7,5807,278,27833,521,93748,285,121581,California
Yolo,2021-05-23,608,210477,160,99397,433,105258,15,5822,106,27455,499,94247,121,121702,California
Yolo,2021-05-24,704,211181,347,99744,338,105596,19,5841,218,27210,483,94730,238,121940,California
Yolo,2021-05-25,879,212060,509,100253,348,105944,22,5863,341,27041,532,95262,363,122303,California
Yolo,2021-05-26,805,212865,263,100516,510,106454,32,5895,252,26776,549,95811,284,122587,California
Yolo,2021-05-27,757,213622,379,100895,327,106781,51,5946,303,26680,450,96261,354,122941,California
Yolo,2021-05-28,865,214487,393,101288,444,107225,28,5974,369,26584,492,96753,396,123337,California
Yolo,2021-05-29,593,215080,342,101630,214,107439,37,6011,272,26572,319,97072,307,123644,California
Yolo,2021-05-30,127,215207,70,101700,51,107490,6,6017,54,26561,71,97143,60,123704,California
Yolo,2021-05-31,68,215275,18,101718,48,107538,2,6019,16,26526,52,97195,17,123721,California
Yolo,2021-06-01,748,216023,321,102039,402,107940,25,6044,255,26319,487,97682,280,124001,California
Yolo,2021-06-02,757,216780,302,102341,434,108374,21,6065,236,26059,517,98199,257,124258,California
Yolo,2021-06-03,923,217703,593,102934,307,108681,23,6088,217,25596,703,98902,240,124498,California
Yolo,2021-06-04,1485,219188,1218,104152,246,108927,21,6109,373,24882,1108,100010,394,124892,California
Yolo,2021-06-05,713,219901,546,104698,151,109078,16,6125,168,24522,543,100553,183,125075,California
Yolo,2021-06-06,1109,221010,1042,105740,59,109137,8,6133,181,23784,927,101480,189,125264,California
Yolo,2021-06-07,515,221525,273,106013,218,109355,24,6157,170,23635,341,101821,192,125456,California
Yolo,2021-06-08,1028,222553,800,106813,209,109564,19,6176,195,23017,832,102653,214,125670,California
Yolo,2021-06-09,577,223130,362,107175,189,109753,26,6202,179,22824,398,103051,205,125875,California
Yuba,2020-12-16,4,4,4,4,0,0,0,0,4,4,0,0,4,4,California
Yuba,2020-12-17,4,8,4,8,0,0,0,0,4,8,0,0,4,8,California
Yuba,2020-12-18,8,16,8,16,0,0,0,0,8,16,0,0,8,16,California
Yuba,2020-12-19,12,28,12,28,0,0,0,0,12,28,0,0,12,28,California
Yuba,2020-12-20,19,47,19,47,0,0,0,0,19,47,0,0,19,47,California
Yuba,2020-12-21,40,87,40,87,0,0,0,0,40,87,0,0,40,87,California
Yuba,2020-12-22,86,173,86,173,0,0,0,0,86,173,0,0,86,173,California
Yuba,2020-12-23,65,238,63,236,2,2,0,0,65,238,0,0,65,238,California
Yuba,2020-12-24,20,258,10,246,10,12,0,0,20,258,0,0,20,258,California
Yuba,2020-12-26,14,272,13,259,1,13,0,0,14,272,0,0,14,272,California
Yuba,2020-12-27,15,287,15,274,0,13,0,0,15,287,0,0,15,287,California
Yuba,2020-12-28,50,337,34,308,16,29,0,0,50,337,0,0,50,337,California
Yuba,2020-12-29,76,413,10,318,66,95,0,0,76,413,0,0,76,413,California
Yuba,2020-12-30,66,479,21,339,45,140,0,0,66,479,0,0,66,479,California
Yuba,2020-12-31,37,516,6,345,31,171,0,0,37,516,0,0,37,516,California
Yuba,2021-01-02,23,539,22,367,1,172,0,0,23,539,0,0,23,539,California
Yuba,2021-01-03,10,549,6,373,4,176,0,0,10,549,0,0,10,549,California
Yuba,2021-01-04,93,642,23,396,70,246,0,0,93,642,0,0,93,642,California
Yuba,2021-01-05,71,713,38,434,33,279,0,0,70,711,1,1,70,712,California
Yuba,2021-01-06,154,867,76,510,78,357,0,0,148,853,6,7,148,860,California
Yuba,2021-01-07,75,942,19,529,56,413,0,0,72,921,4,11,72,932,California
Yuba,2021-01-08,73,1015,24,553,49,462,0,0,66,980,7,18,66,998,California
Yuba,2021-01-09,18,1033,16,569,2,464,0,0,10,982,8,26,10,1008,California
Yuba,2021-01-10,117,1150,22,591,95,559,0,0,95,1055,22,48,95,1103,California
Yuba,2021-01-11,72,1222,50,641,22,581,0,0,32,1047,40,88,32,1135,California
Yuba,2021-01-12,107,1329,78,719,29,610,0,0,42,1024,65,153,42,1177,California
Yuba,2021-01-13,119,1448,72,791,47,657,0,0,54,1014,64,217,54,1231,California
Yuba,2021-01-14,112,1560,43,834,69,726,0,0,100,1102,12,229,100,1331,California
Yuba,2021-01-15,202,1762,87,921,115,841,0,0,191,1282,11,240,191,1522,California
Yuba,2021-01-16,186,1948,21,942,165,1006,0,0,173,1442,13,253,173,1695,California
Yuba,2021-01-17,13,1961,9,951,4,1010,0,0,7,1443,6,259,7,1702,California
Yuba,2021-01-18,61,2022,31,982,30,1040,0,0,37,1456,24,283,37,1739,California
Yuba,2021-01-19,82,2104,32,1014,50,1090,0,0,66,1506,16,299,66,1805,California
Yuba,2021-01-20,135,2239,87,1101,48,1138,0,0,112,1595,23,322,112,1917,California
Yuba,2021-01-21,216,2455,99,1200,117,1255,0,0,208,1795,8,330,208,2125,California
Yuba,2021-01-22,105,2560,6,1206,99,1354,0,0,96,1882,9,339,96,2221,California
Yuba,2021-01-23,201,2761,7,1213,194,1548,0,0,199,2079,2,341,199,2420,California
Yuba,2021-01-24,10,2771,7,1220,3,1551,0,0,8,2085,2,343,8,2428,California
Yuba,2021-01-25,86,2857,30,1250,56,1607,0,0,53,2106,32,375,53,2481,California
Yuba,2021-01-26,148,3005,39,1289,109,1716,0,0,90,2138,58,433,90,2571,California
Yuba,2021-01-27,186,3191,130,1419,56,1772,0,0,117,2186,69,502,117,2688,California
Yuba,2021-01-28,225,3416,89,1508,136,1908,0,0,173,2307,52,554,173,2861,California
Yuba,2021-01-29,152,3568,46,1554,106,2014,0,0,113,2381,39,593,113,2974,California
Yuba,2021-01-30,414,3982,23,1577,391,2405,0,0,403,2773,11,604,403,3377,California
Yuba,2021-01-31,18,4000,12,1589,6,2411,0,0,16,2787,2,606,16,3393,California
Yuba,2021-02-01,156,4156,75,1664,81,2492,0,0,131,2895,24,630,132,3525,California
Yuba,2021-02-02,123,4279,21,1685,102,2594,0,0,101,2974,22,652,101,3626,California
Yuba,2021-02-03,227,4506,30,1715,197,2791,0,0,115,2978,111,763,115,3741,California
Yuba,2021-02-04,294,4800,118,1833,176,2967,0,0,250,3184,44,807,250,3991,California
Yuba,2021-02-05,150,4950,33,1866,117,3084,0,0,73,3180,77,884,73,4064,California
Yuba,2021-02-06,448,5398,23,1889,425,3509,0,0,441,3614,7,891,441,4505,California
Yuba,2021-02-07,19,5417,13,1902,6,3515,0,0,15,3625,4,895,15,4520,California
Yuba,2021-02-08,97,5514,37,1939,60,3575,0,0,68,3664,29,924,68,4588,California
Yuba,2021-02-09,155,5669,57,1996,98,3673,0,0,86,3681,69,993,86,4674,California
Yuba,2021-02-10,361,6030,175,2171,186,3859,0,0,120,3561,240,1233,120,4794,California
Yuba,2021-02-11,398,6428,66,2237,332,4191,0,0,301,3767,95,1328,301,5095,California
Yuba,2021-02-12,264,6692,26,2263,238,4429,0,0,151,3805,113,1441,151,5246,California
Yuba,2021-02-13,434,7126,35,2298,399,4828,0,0,383,4137,51,1492,383,5629,California
Yuba,2021-02-14,51,7177,10,2308,41,4869,0,0,46,4178,5,1497,46,5675,California
Yuba,2021-02-15,88,7265,36,2344,52,4921,0,0,68,4226,20,1517,68,5743,California
Yuba,2021-02-16,199,7464,52,2396,147,5068,0,0,140,4308,58,1575,140,5883,California
Yuba,2021-02-17,380,7844,157,2553,223,5291,0,0,102,4133,277,1852,102,5985,California
Yuba,2021-02-18,314,8158,48,2601,266,5557,0,0,192,4203,122,1974,192,6177,California
Yuba,2021-02-19,226,8384,82,2683,144,5701,0,0,142,4261,84,2058,142,6319,California
Yuba,2021-02-20,391,8775,30,2713,361,6062,0,0,337,4544,54,2112,337,6656,California
Yuba,2021-02-21,17,8792,14,2727,3,6065,0,0,7,4541,10,2122,7,6663,California
Yuba,2021-02-22,128,8920,79,2806,49,6114,0,0,39,4492,88,2210,39,6702,California
Yuba,2021-02-23,116,9036,26,2832,90,6204,0,0,49,4475,66,2276,49,6751,California
Yuba,2021-02-24,485,9521,137,2969,348,6552,0,0,106,4202,379,2655,106,6857,California
Yuba,2021-02-25,340,9861,136,3105,204,6756,0,0,215,4292,125,2780,215,7072,California
Yuba,2021-02-26,264,10125,71,3176,193,6949,0,0,147,4324,115,2895,147,7219,California
Yuba,2021-02-27,470,10595,46,3222,424,7373,0,0,384,4624,84,2979,384,7603,California
Yuba,2021-02-28,69,10664,21,3243,48,7421,0,0,48,4651,21,3000,48,7651,California
Yuba,2021-03-01,162,10826,44,3287,118,7539,0,0,81,4652,80,3080,81,7732,California
Yuba,2021-03-02,163,10989,37,3324,126,7665,0,0,82,4653,81,3161,82,7814,California
Yuba,2021-03-03,631,11620,159,3483,472,8137,0,0,203,4429,427,3588,203,8017,California
Yuba,2021-03-04,471,12091,272,3755,199,8336,0,0,326,4611,144,3732,326,8343,California
Yuba,2021-03-05,322,12413,58,3813,263,8599,1,1,255,4800,67,3799,256,8599,California
Yuba,2021-03-06,474,12887,33,3846,437,9036,4,5,368,5067,105,3904,372,8971,California
Yuba,2021-03-07,52,12939,28,3874,23,9059,1,6,38,5092,14,3918,39,9010,California
Yuba,2021-03-08,161,13100,50,3924,95,9154,16,22,100,5147,61,3979,116,9126,California
Yuba,2021-03-09,176,13276,45,3969,111,9265,20,42,83,5157,93,4072,103,9229,California
Yuba,2021-03-10,741,14017,235,4204,476,9741,30,72,232,4911,508,4580,262,9491,California
Yuba,2021-03-11,440,14457,196,4400,231,9972,13,85,294,5072,146,4726,307,9798,California
Yuba,2021-03-12,462,14919,84,4484,324,10296,54,139,152,4968,310,5036,206,10004,California
Yuba,2021-03-13,459,15378,342,4826,102,10398,15,154,362,5249,96,5132,377,10381,California
Yuba,2021-03-14,107,15485,20,4846,77,10475,10,164,48,5249,58,5190,58,10439,California
Yuba,2021-03-15,193,15678,51,4897,126,10601,16,180,100,5272,93,5283,116,10555,California
Yuba,2021-03-16,299,15977,73,4970,202,10803,24,204,184,5366,114,5397,208,10763,California
Yuba,2021-03-17,748,16725,166,5136,552,11355,30,234,198,5046,548,5945,228,10991,California
Yuba,2021-03-18,583,17308,158,5294,310,11665,115,349,354,5285,229,6174,468,11459,California
Yuba,2021-03-19,330,17638,119,5413,161,11826,50,399,187,5380,142,6316,237,11696,California
Yuba,2021-03-20,559,18197,82,5495,460,12286,17,416,479,5797,79,6395,496,12192,California
Yuba,2021-03-21,62,18259,36,5531,26,12312,0,416,49,5833,13,6408,49,12241,California
Yuba,2021-03-22,194,18453,72,5603,115,12427,7,423,152,5950,42,6450,159,12400,California
Yuba,2021-03-23,266,18719,79,5682,159,12586,28,451,178,6070,86,6536,206,12606,California
Yuba,2021-03-24,768,19487,257,5939,432,13018,79,530,188,5759,578,7114,267,12873,California
Yuba,2021-03-25,511,19998,271,6210,218,13236,22,552,255,5780,256,7370,277,13150,California
Yuba,2021-03-26,397,20395,141,6351,227,13463,29,581,225,5863,171,7541,254,13404,California
Yuba,2021-03-27,460,20855,29,6380,428,13891,3,584,406,6218,53,7594,408,13812,California
Yuba,2021-03-28,101,20956,42,6422,55,13946,4,588,34,6189,67,7661,38,13850,California
Yuba,2021-03-29,298,21254,88,6510,178,14124,32,620,182,6287,116,7777,214,14064,California
Yuba,2021-03-30,277,21531,68,6578,201,14325,8,628,191,6400,86,7863,199,14263,California
Yuba,2021-03-31,678,22209,113,6691,553,14878,12,640,242,6220,434,8297,254,14517,California
Yuba,2021-04-01,623,22832,288,6979,307,15185,28,668,291,6207,332,8629,319,14836,California
Yuba,2021-04-02,505,23337,96,7075,325,15510,84,752,187,6160,317,8946,270,15106,California
Yuba,2021-04-03,657,23994,56,7131,117,15627,484,1236,88,6164,568,9514,572,15678,California
Yuba,2021-04-04,62,24056,11,7142,44,15671,7,1243,33,6175,29,9543,40,15718,California
Yuba,2021-04-05,250,24306,84,7226,145,15816,21,1264,126,6199,122,9665,146,15864,California
Yuba,2021-04-06,353,24659,113,7339,179,15995,61,1325,170,6247,182,9847,230,16094,California
Yuba,2021-04-07,790,25449,409,7748,327,16322,54,1379,358,6229,429,10276,411,16505,California
Yuba,2021-04-08,752,26201,293,8041,194,16516,265,1644,280,6303,471,10747,545,17050,California
Yuba,2021-04-09,407,26608,171,8212,168,16684,68,1712,171,6307,235,10982,239,17289,California
Yuba,2021-04-10,599,27207,72,8284,78,16762,449,2161,71,6300,526,11508,519,17808,California
Yuba,2021-04-11,109,27316,28,8312,69,16831,12,2173,47,6298,61,11569,59,17867,California
Yuba,2021-04-12,213,27529,46,8358,137,16968,30,2203,79,6274,133,11702,109,17976,California
Yuba,2021-04-13,400,27929,103,8461,297,17265,0,2203,203,6281,196,11898,203,18179,California
Yuba,2021-04-14,713,28642,110,8571,603,17868,0,2203,124,5827,587,12485,133,18312,California
Yuba,2021-04-15,343,28985,133,8704,210,18078,0,2203,151,5786,192,12677,151,18463,California
Yuba,2021-04-16,335,29320,96,8800,239,18317,0,2203,178,5808,156,12833,178,18641,California
Yuba,2021-04-17,407,29727,60,8860,347,18664,0,2203,333,6068,73,12906,333,18974,California
Yuba,2021-04-18,55,29782,10,8870,45,18709,0,2203,25,6063,30,12936,25,18999,California
Yuba,2021-04-19,249,30031,105,8975,144,18853,0,2203,104,6022,145,13081,104,19103,California
Yuba,2021-04-20,321,30352,81,9056,240,19093,0,2203,180,6063,140,13221,181,19284,California
Yuba,2021-04-21,698,31050,279,9335,419,19512,0,2203,295,5955,403,13624,295,19579,California
Yuba,2021-04-22,359,31409,138,9473,221,19733,0,2203,203,6002,156,13780,203,19782,California
Yuba,2021-04-23,352,31761,115,9588,237,19970,0,2203,167,5986,183,13963,167,19949,California
Yuba,2021-04-24,214,31975,67,9655,147,20117,0,2203,120,6012,94,14057,120,20069,California
Yuba,2021-04-25,73,32048,30,9685,43,20160,0,2203,36,6011,37,14094,36,20105,California
Yuba,2021-04-26,238,32286,57,9742,177,20337,4,2207,108,5993,130,14224,112,20217,California
Yuba,2021-04-27,482,32768,163,9905,309,20646,10,2217,241,6005,239,14463,251,20468,California
Yuba,2021-04-28,434,33202,175,10080,254,20900,5,2222,149,5880,279,14742,154,20622,California
Yuba,2021-04-29,438,33640,71,10151,366,21266,1,2223,152,5748,285,15027,153,20775,California
Yuba,2021-04-30,324,33964,90,10241,204,21470,30,2253,137,5730,185,15212,167,20942,California
Yuba,2021-05-01,206,34170,91,10332,96,21566,19,2272,92,5728,113,15325,111,21053,California
Yuba,2021-05-02,73,34243,43,10375,26,21592,4,2276,38,5735,35,15360,42,21095,California
Yuba,2021-05-03,163,34406,65,10440,90,21682,8,2284,52,5686,109,15469,60,21155,California
Yuba,2021-05-04,325,34731,94,10534,210,21892,21,2305,146,5674,179,15648,167,21322,California
Yuba,2021-05-05,315,35046,77,10611,231,22123,7,2312,112,5590,203,15851,119,21441,California
Yuba,2021-05-06,277,35323,102,10713,136,22259,39,2351,91,5537,183,16034,130,21571,California
Yuba,2021-05-07,357,35680,91,10804,238,22497,28,2379,120,5447,237,16271,147,21718,California
Yuba,2021-05-08,107,35787,32,10836,70,22567,5,2384,46,5437,61,16332,51,21769,California
Yuba,2021-05-09,52,35839,23,10859,26,22593,3,2387,37,5462,15,16347,40,21809,California
Yuba,2021-05-10,172,36011,56,10915,98,22691,18,2405,54,5417,117,16464,72,21881,California
Yuba,2021-05-11,383,36394,173,11088,197,22888,13,2418,146,5340,235,16699,158,22039,California
Yuba,2021-05-12,273,36667,142,11230,124,23012,7,2425,114,5302,159,16858,121,22160,California
Yuba,2021-05-13,363,37030,197,11427,123,23135,43,2468,116,5216,245,17103,159,22319,California
Yuba,2021-05-14,370,37400,140,11567,209,23344,21,2489,160,5186,210,17313,180,22499,California
Yuba,2021-05-15,435,37835,110,11677,304,23648,21,2510,111,4995,322,17635,131,22630,California
Yuba,2021-05-16,141,37976,44,11721,88,23736,9,2519,85,5034,55,17690,94,22724,California
Yuba,2021-05-17,215,38191,90,11811,105,23841,20,2539,93,5027,120,17810,113,22837,California
Yuba,2021-05-18,389,38580,160,11971,220,24061,9,2548,166,4979,223,18033,175,23012,California
Yuba,2021-05-19,261,38841,144,12115,111,24172,6,2554,135,4994,126,18159,141,23153,California
Yuba,2021-05-20,415,39256,292,12407,111,24283,12,2566,260,5112,154,18313,272,23425,California
Yuba,2021-05-21,506,39762,267,12674,232,24515,7,2573,311,5237,193,18506,318,23743,California
Yuba,2021-05-22,222,39984,121,12795,91,24606,10,2583,91,5207,131,18637,101,23844,California
Yuba,2021-05-23,67,40051,34,12829,31,24637,2,2585,36,5214,31,18668,38,23882,California
Yuba,2021-05-24,151,40202,47,12876,90,24727,14,2599,44,5166,106,18774,58,23940,California
Yuba,2021-05-25,314,40516,108,12984,190,24917,16,2615,115,5099,198,18972,131,24071,California
Yuba,2021-05-26,231,40747,100,13084,117,25034,14,2629,90,5063,140,19112,104,24175,California
Yuba,2021-05-27,248,40995,76,13160,160,25194,12,2641,109,5046,138,19250,121,24296,California
Yuba,2021-05-28,245,41240,113,13273,130,25324,2,2643,124,5053,119,19369,126,24422,California
Yuba,2021-05-29,161,41401,65,13338,74,25398,22,2665,92,5099,68,19437,114,24536,California
Yuba,2021-05-30,50,41451,20,13358,25,25423,5,2670,20,5094,30,19467,25,24561,California
Yuba,2021-05-31,31,41482,3,13361,21,25444,7,2677,11,5092,20,19487,18,24579,California
Yuba,2021-06-01,244,41726,106,13467,132,25576,6,2683,86,5029,154,19641,91,24670,California
Yuba,2021-06-02,199,41925,79,13546,113,25689,7,2690,63,4964,135,19776,70,24740,California
Yuba,2021-06-03,174,42099,101,13647,68,25757,5,2695,64,4923,110,19886,69,24809,California
Yuba,2021-06-04,248,42347,122,13769,115,25872,11,2706,81,4848,167,20053,92,24901,California
Yuba,2021-06-05,194,42541,148,13917,42,25914,4,2710,90,4839,103,20156,94,24995,California
Yuba,2021-06-06,106,42647,89,14006,13,25927,4,2714,22,4782,83,20239,26,25021,California
Yuba,2021-06-07,116,42763,51,14057,51,25978,14,2728,37,4754,79,20318,51,25072,California
Yuba,2021-06-08,231,42994,107,14164,118,26096,6,2734,70,4671,159,20477,76,25148,California
Yuba,2021-06-09,88,43082,45,14209,37,26133,6,2740,38,4666,49,20526,44,25192,California
