county,administered_date,total_doses,cumulative_total_doses,pfizer_doses,cumulative_pfizer_doses,moderna_doses,cumulative_moderna_doses,jj_doses,cumulative_jj_doses,partially_vaccinated,total_partially_vaccinated,fully_vaccinated,cumulative_fully_vaccinated,at_least_one_dose,cumulative_at_least_one_dose,california_flag
All CA Counties,2020-12-15,1162,1162,1162,1162,0,0,0,0,1162,1162,0,0,1162,1162,
All CA Counties,2020-12-16,8706,9868,8706,9868,0,0,0,0,8706,9868,0,0,8706,9868,
All CA Counties,2020-12-17,26630,36498,26630,36498,0,0,0,0,26632,36500,0,0,26632,36500,
All CA Counties,2020-12-18,45371,81869,45305,81803,66,66,0,0,45371,81870,1,1,45371,81871,
All CA Counties,2020-12-19,25563,107432,25533,107336,30,96,0,0,25562,107431,1,2,25562,107433,
All CA Counties,2020-12-20,19141,126573,19109,126445,32,128,0,0,19139,126568,2,4,19139,126572,
All CA Counties,2020-12-21,49853,176426,49757,176202,96,224,0,0,49854,176420,3,7,49855,176427,
All CA Counties,2020-12-22,50239,226665,48092,224294,2147,2371,0,0,50231,226645,6,13,50231,226658,
All CA Counties,2020-12-23,50789,277454,41959,266253,8830,11201,0,0,50782,277424,6,19,50785,277443,
All CA Counties,2020-12-24,24129,301583,16366,282619,7763,18964,0,0,24124,301545,5,24,24126,301569,
All CA Counties,2020-12-25,2351,303934,2026,284645,325,19289,0,0,2351,303896,0,24,2351,303920,
All CA Counties,2020-12-26,14645,318579,9479,294124,5166,24455,0,0,14643,318537,2,26,14643,318563,
All CA Counties,2020-12-27,9477,328056,5615,299739,3862,28317,0,0,9474,328008,3,29,9474,328037,
All CA Counties,2020-12-28,46242,374298,29613,329352,16629,44946,0,0,46238,374242,4,33,46238,374275,
All CA Counties,2020-12-29,51415,425713,28626,357978,22789,67735,0,0,51408,425645,5,38,51408,425683,
All CA Counties,2020-12-30,63203,488916,35665,393643,27538,95273,0,0,63191,488830,9,47,63194,488877,
All CA Counties,2020-12-31,29664,518580,10955,404598,18709,113982,0,0,29642,518453,20,67,29643,518520,
All CA Counties,2021-01-01,4729,523309,2167,406765,2562,116544,0,0,4720,523165,8,75,4720,523240,
All CA Counties,2021-01-02,18562,541871,10265,417030,8297,124841,0,0,18556,541719,2,77,18556,541796,
All CA Counties,2021-01-03,6245,548116,3514,420544,2731,127572,0,0,6210,547916,13,90,6210,548006,
All CA Counties,2021-01-04,43716,591832,22056,442600,21660,149232,0,0,43636,591512,40,130,43636,591642,
All CA Counties,2021-01-05,56897,648729,30032,472632,26865,176097,0,0,51127,637032,5707,5837,51227,642869,
All CA Counties,2021-01-06,73821,722550,40758,513390,33063,209160,0,0,57985,679410,15650,21487,58028,700897,
All CA Counties,2021-01-07,92946,815496,52953,566343,39993,249153,0,0,61174,709053,31591,53078,61234,762131,
All CA Counties,2021-01-08,107737,923233,64843,631186,42894,292047,0,0,65529,732595,42061,95139,65603,827734,
All CA Counties,2021-01-09,44666,967899,25741,656927,18925,310972,0,0,27948,743882,16691,111830,27978,855712,
All CA Counties,2021-01-10,24479,992378,14967,671894,9512,320484,0,0,13164,745768,11297,123127,13183,868895,
All CA Counties,2021-01-11,105124,1097502,69951,741845,35173,355657,0,0,60980,762832,44095,167222,61159,930054,
All CA Counties,2021-01-12,114613,1212115,67933,809778,46680,402337,0,0,72959,794515,41542,208764,73225,1003279,
All CA Counties,2021-01-13,120022,1332137,62337,872115,57685,460022,0,0,85950,846577,33980,242744,86042,1089321,
All CA Counties,2021-01-14,125015,1457152,50088,922203,74927,534949,0,0,105186,932233,19719,262463,105375,1194696,
All CA Counties,2021-01-15,142781,1599933,52140,974343,90641,625590,0,0,127463,1044718,15218,277681,127703,1322399,
All CA Counties,2021-01-16,81121,1681054,27427,1001770,53694,679284,0,0,73470,1110622,7621,285302,73525,1395924,
All CA Counties,2021-01-17,48372,1729426,16916,1018686,31456,710740,0,0,44675,1151658,3684,288986,44720,1440644,
All CA Counties,2021-01-18,88472,1817898,46121,1064807,42351,753091,0,0,69015,1201474,19381,308367,69197,1509841,
All CA Counties,2021-01-19,142624,1960522,73469,1138276,69155,822246,0,0,111330,1281946,31190,339557,111662,1621503,
All CA Counties,2021-01-20,163934,2124456,84631,1222907,79303,901549,0,0,129602,1377740,34082,373639,129876,1751379,
All CA Counties,2021-01-21,176280,2300736,78839,1301746,97441,998990,0,0,156532,1515147,19513,393152,156920,1908299,
All CA Counties,2021-01-22,171092,2471828,69786,1371532,101306,1100296,0,0,156505,1657371,14444,407596,156668,2064967,
All CA Counties,2021-01-23,112078,2583906,49504,1421036,62574,1162870,0,0,99428,1744342,12582,420178,99553,2164520,
All CA Counties,2021-01-24,61231,2645137,29427,1450463,31804,1194674,0,0,56517,1796250,4676,424854,56584,2221104,
All CA Counties,2021-01-25,145951,2791088,65644,1516107,80307,1274981,0,0,110426,1871693,35372,460226,110815,2331919,
All CA Counties,2021-01-26,169934,2961022,83180,1599287,86754,1361735,0,0,131835,1965862,37940,498166,132109,2464028,
All CA Counties,2021-01-27,183490,3144512,87997,1687284,95493,1457228,0,0,143384,2069715,39754,537920,143607,2607635,
All CA Counties,2021-01-28,189038,3333550,86948,1774232,102090,1559318,0,0,154386,2190011,34331,572251,154627,2762262,
All CA Counties,2021-01-29,184868,3518418,88422,1862654,96446,1655764,0,0,149564,2305107,34653,606904,149749,2912011,
All CA Counties,2021-01-30,124582,3643000,55541,1918195,69041,1724805,0,0,108958,2398772,15444,622348,109109,3021120,
All CA Counties,2021-01-31,69202,3712202,38403,1956598,30799,1755604,0,0,64136,2457959,5007,627355,64194,3085314,
All CA Counties,2021-02-01,162581,3874783,75802,2032400,86779,1842383,0,0,121154,2538030,41216,668571,121287,3206601,
All CA Counties,2021-02-02,186746,4061529,78466,2110866,108280,1950663,0,0,141491,2634819,44928,713499,141717,3348318,
All CA Counties,2021-02-03,212180,4273709,95704,2206570,116476,2067139,0,0,156941,2737330,54687,768186,157198,3505516,
All CA Counties,2021-02-04,229374,4503083,100154,2306724,129220,2196359,0,0,167795,2844520,60975,829161,168165,3673681,
All CA Counties,2021-02-05,247670,4750753,106707,2413431,140963,2337322,0,0,167805,2933895,78984,908145,168359,3842040,
All CA Counties,2021-02-06,156252,4907005,75059,2488490,81193,2418515,0,0,121160,3020695,34858,943003,121658,3963698,
All CA Counties,2021-02-07,67183,4974188,43436,2531926,23747,2442262,0,0,50609,3055281,16474,959477,51060,4014758,
All CA Counties,2021-02-08,181897,5156085,89321,2621247,92576,2534838,0,0,119770,3114187,61623,1021100,120529,4135287,
All CA Counties,2021-02-09,212500,5368585,102124,2723371,110376,2645214,0,0,126935,3157544,84735,1105835,128092,4263379,
All CA Counties,2021-02-10,250610,5619195,120357,2843728,130253,2775467,0,0,137452,3184235,112242,1218077,138933,4402312,
All CA Counties,2021-02-11,267419,5886614,132072,2975800,135347,2910814,0,0,144467,3208844,121673,1339750,146282,4548594,
All CA Counties,2021-02-12,275085,6161699,120159,3095959,154926,3065740,0,0,147807,3232811,126236,1465986,150203,4698797,
All CA Counties,2021-02-13,168912,6330611,78171,3174130,90741,3156481,0,0,93067,3252410,75425,1541411,95024,4793821,
All CA Counties,2021-02-14,96423,6427034,47967,3222097,48456,3204937,0,0,51859,3261447,44369,1585780,53406,4847227,
All CA Counties,2021-02-15,143617,6570651,62889,3284986,80728,3285665,0,0,79214,3279842,63954,1649734,82349,4929576,
All CA Counties,2021-02-16,251134,6821785,118991,3403977,132143,3417808,0,0,133967,3300193,116713,1766447,137064,5066640,
All CA Counties,2021-02-17,261619,7083404,130157,3534134,131462,3549270,0,0,129711,3301886,131234,1897681,132927,5199567,
All CA Counties,2021-02-18,275793,7359197,143678,3677812,132115,3681385,0,0,133004,3297204,141930,2039611,137248,5336815,
All CA Counties,2021-02-19,257107,7616304,148876,3826688,108231,3789616,0,0,132053,3306968,124374,2163985,134138,5470953,
All CA Counties,2021-02-20,156762,7773066,100067,3926755,56695,3846311,0,0,85561,3323675,70842,2234827,87549,5558502,
All CA Counties,2021-02-21,86726,7859792,70067,3996822,16659,3862970,0,0,44494,3327798,41921,2276748,46044,5604546,
All CA Counties,2021-02-22,171994,8031786,115270,4112092,56724,3919694,0,0,85087,3328212,86394,2363142,86808,5691354,
All CA Counties,2021-02-23,234533,8266319,123755,4235847,110778,4030472,0,0,108311,3317173,125343,2488485,114304,5805658,
All CA Counties,2021-02-24,292700,8559019,148177,4384024,144523,4174995,0,0,138022,3308937,153816,2642301,145580,5951238,
All CA Counties,2021-02-25,330071,8889090,162951,4546975,167120,4342115,0,0,172065,3332480,157086,2799387,180629,6131867,
All CA Counties,2021-02-26,362421,9251511,168936,4715911,193485,4535600,0,0,201307,3381078,160000,2959387,208598,6340465,
All CA Counties,2021-02-27,256335,9507846,124346,4840257,131960,4667560,29,29,145232,3420433,110327,3069714,149682,6490147,
All CA Counties,2021-02-28,136755,9644601,81198,4921455,55544,4723104,13,42,79695,3446442,56548,3126262,82557,6572704,
All CA Counties,2021-03-01,246433,9891034,130923,5052378,115356,4838460,154,196,141772,3488684,103700,3229962,145942,6718646,
All CA Counties,2021-03-02,294170,10185204,148387,5200765,145749,4984209,34,230,176023,3554138,117498,3347460,182952,6901598,
All CA Counties,2021-03-03,337320,10522524,167950,5368715,169301,5153510,69,299,194994,3615026,141492,3488952,202380,7103978,
All CA Counties,2021-03-04,356671,10879195,180212,5548927,176361,5329871,98,397,209101,3684594,146667,3635619,216235,7320213,
All CA Counties,2021-03-05,345676,11224871,169550,5718477,174991,5504862,1135,1532,214564,3777404,130159,3765778,222969,7543182,
All CA Counties,2021-03-06,261473,11486344,134213,5852690,119346,5624208,7914,9446,162464,3853934,98514,3864292,175044,7718226,
All CA Counties,2021-03-07,133565,11619909,79315,5932005,47359,5671567,6891,16337,81623,3894427,51698,3915990,92191,7810417,
All CA Counties,2021-03-08,224777,11844686,109481,6041486,104291,5775858,11005,27342,146555,3979176,77734,3993724,162483,7972900,
All CA Counties,2021-03-09,295555,12140241,140797,6182283,138539,5914397,16219,43561,165144,4034730,129800,4123524,185354,8158254,
All CA Counties,2021-03-10,326550,12466791,162373,6344656,139546,6053943,24631,68192,176239,4090160,149510,4273034,204940,8363194,
All CA Counties,2021-03-11,380766,12847557,184219,6528875,162990,6216933,33557,101749,194651,4137477,185011,4458045,232328,8595522,
All CA Counties,2021-03-12,398830,13246387,178087,6706962,174298,6391231,46445,148194,195081,4180278,202752,4660797,245553,8841075,
All CA Counties,2021-03-13,286916,13533303,125570,6832532,130120,6521351,31226,179420,155193,4239647,131188,4791985,190557,9031632,
All CA Counties,2021-03-14,156898,13690201,83614,6916146,58151,6579502,15133,194553,78536,4257537,77996,4869981,95886,9127518,
All CA Counties,2021-03-15,293033,13983234,140087,7056233,132235,6711737,20711,215264,158315,4306119,133806,5003787,182388,9309906,
All CA Counties,2021-03-16,373014,14356248,175321,7231554,180229,6891966,17464,232728,215018,4384677,157087,5160874,235645,9545551,
All CA Counties,2021-03-17,388073,14744321,192426,7423980,176917,7068883,18730,251458,239388,4497599,147672,5308546,260594,9806145,
All CA Counties,2021-03-18,405566,15149887,207929,7631909,179239,7248122,18398,269856,239008,4591811,165284,5473830,259496,10065641,
All CA Counties,2021-03-19,414616,15564503,218309,7850218,174434,7422556,21873,291729,239000,4680235,174473,5648303,262897,10328538,
All CA Counties,2021-03-20,297601,15862104,156139,8006357,125485,7548041,15977,307706,187746,4776392,109044,5757347,205201,10533739,
All CA Counties,2021-03-21,145500,16007604,100439,8106796,37509,7585550,7552,315258,87373,4815019,57671,5815018,96298,10630037,
All CA Counties,2021-03-22,275974,16283578,160822,8267618,103903,7689453,11249,326507,178847,4911944,96203,5911221,193128,10823165,
All CA Counties,2021-03-23,360470,16644048,198940,8466558,150427,7839880,11103,337610,220342,5006887,139088,6050309,234031,11057196,
All CA Counties,2021-03-24,389994,17034042,223270,8689828,154153,7994033,12571,350181,224958,5082859,163618,6213927,239590,11296786,
All CA Counties,2021-03-25,420551,17454593,231850,8921678,173778,8167811,14923,365104,236669,5154199,182377,6396304,253717,11550503,
All CA Counties,2021-03-26,437672,17892265,233882,9155560,187570,8355381,16220,381324,234637,5206284,201581,6597885,253666,11804169,
All CA Counties,2021-03-27,315025,18207290,167180,9322740,136028,8491409,11817,393141,158177,5222617,155891,6753776,172224,11976393,
All CA Counties,2021-03-28,170362,18377652,109509,9432249,57246,8548655,3607,396748,88543,5235816,81305,6835081,94504,12070897,
All CA Counties,2021-03-29,312419,18690071,167836,9600085,135429,8684084,9154,405902,172998,5281959,138502,6973583,184645,12255542,
All CA Counties,2021-03-30,400957,19091028,203016,9803101,179590,8863674,18351,424253,224645,5351304,175378,7148961,244723,12500265,
All CA Counties,2021-03-31,428817,19519845,232840,10035941,173964,9037638,22013,446266,237578,5421847,190018,7338979,260561,12760826,
All CA Counties,2021-04-01,495159,20015004,253196,10289137,201038,9238676,40925,487191,271351,5512965,222130,7561109,313248,13074074,
All CA Counties,2021-04-02,476626,20491630,232157,10521294,200975,9439651,43494,530685,257258,5597279,217924,7779033,302238,13376312,
All CA Counties,2021-04-03,330915,20822545,168674,10689968,120622,9560273,41619,572304,164433,5638589,165737,7944770,207047,13583359,
All CA Counties,2021-04-04,132790,20955335,69293,10759261,44401,9604674,19096,591400,57823,5640978,74607,8019377,76996,13660355,
All CA Counties,2021-04-05,355919,21311254,183170,10942431,132519,9737193,40230,631630,173558,5675590,181517,8200894,216129,13876484,
All CA Counties,2021-04-06,460190,21771444,233188,11175619,161191,9898384,65811,697441,222173,5728412,236924,8437818,289746,14166230,
All CA Counties,2021-04-07,475500,22246944,246915,11422534,158274,10056658,70311,767752,230552,5786325,243826,8681644,301739,14467969,
All CA Counties,2021-04-08,502240,22749184,253368,11675902,164031,10220689,84841,852593,235669,5843697,265190,8946834,322562,14790531,
All CA Counties,2021-04-09,498289,23247473,248224,11924126,169591,10390280,80474,933067,228722,5887401,268335,9215169,312039,15102570,
All CA Counties,2021-04-10,370578,23618051,168857,12092983,127068,10517348,74653,1007720,155180,5905233,214542,9429711,232374,15334944,
All CA Counties,2021-04-11,188796,23806847,105795,12198778,48879,10566227,34122,1041842,77769,5909265,110625,9540336,114657,15449601,
All CA Counties,2021-04-12,342293,24149140,175823,12374601,128033,10694260,38437,1080279,157740,5925498,183441,9723777,199674,15649275,
All CA Counties,2021-04-13,435626,24584766,243888,12618489,190774,10885034,964,1081243,242892,5980807,191564,9915341,246873,15896148,
All CA Counties,2021-04-14,455884,25040650,255654,12874143,199936,11084970,294,1081537,237199,6005481,217338,10132679,242012,16138160,
All CA Counties,2021-04-15,496675,25537325,289319,13163462,207052,11292022,304,1081841,277385,6068389,217623,10350302,280531,16418691,
All CA Counties,2021-04-16,481297,26018622,270630,13434092,210354,11502376,313,1082154,256163,6103680,223627,10573929,258918,16677609,
All CA Counties,2021-04-17,346964,26365586,194066,13628158,152837,11655213,61,1082215,197275,6155498,148682,10722611,200500,16878109,
All CA Counties,2021-04-18,161793,26527379,104129,13732287,57646,11712859,18,1082233,82807,6162877,78486,10801097,85865,16963974,
All CA Counties,2021-04-19,323851,26851230,186149,13918436,137602,11850461,100,1082333,153005,6148065,169784,10970881,154972,17118946,
All CA Counties,2021-04-20,419696,27270926,226819,14145255,192795,12043256,82,1082415,208071,6148929,210374,11181255,211238,17330184,
All CA Counties,2021-04-21,440839,27711765,254850,14400105,185716,12228972,273,1082688,211707,6136966,227380,11408635,215417,17545601,
All CA Counties,2021-04-22,456619,28168384,262661,14662766,193874,12422846,84,1082772,203581,6092438,251434,11660069,206906,17752507,
All CA Counties,2021-04-23,448914,28617298,257929,14920695,190890,12613736,95,1082867,203505,6055581,243835,11903904,206978,17959485,
All CA Counties,2021-04-24,326620,28943918,205300,15125995,121136,12734872,184,1083051,165862,6065206,159702,12063606,169327,18128812,
All CA Counties,2021-04-25,150806,29094724,98811,15224806,51919,12786791,76,1083127,80522,6077519,69759,12133365,82072,18210884,
All CA Counties,2021-04-26,305807,29400531,177917,15402723,126332,12913123,1558,1084685,133615,6046131,171075,12304440,139687,18350571,
All CA Counties,2021-04-27,373828,29774359,207401,15610124,159777,13072900,6650,1091335,151146,5985702,221413,12525853,160984,18511555,
All CA Counties,2021-04-28,359835,30134194,207922,15818046,143963,13216863,7950,1099285,148513,5934471,210061,12735914,158830,18670385,
All CA Counties,2021-04-29,369142,30503336,214289,16032335,146894,13363757,7959,1107244,136180,5848888,231600,12967514,146017,18816402,
All CA Counties,2021-04-30,381939,30885275,220229,16252564,152730,13516487,8980,1116224,145896,5771186,234573,13202087,156871,18973273,
All CA Counties,2021-05-01,249040,31134315,158926,16411490,83983,13600470,6131,1122355,90412,5712324,157636,13359723,98774,19072047,
All CA Counties,2021-05-02,117167,31251482,81869,16493359,31408,13631878,3890,1126245,40972,5681810,75743,13435466,45229,19117276,
All CA Counties,2021-05-03,254478,31505960,156159,16649518,89523,13721401,8796,1135041,77693,5593366,175824,13611290,87380,19204656,
All CA Counties,2021-05-04,333962,31839922,205226,16854744,118904,13840305,9832,1144873,98852,5469295,233941,13845231,109870,19314526,
All CA Counties,2021-05-05,338548,32178470,212097,17066841,116353,13956658,10098,1154971,95818,5334899,241380,14086611,106984,19421510,
All CA Counties,2021-05-06,355509,32533979,233344,17300185,111608,14068266,10557,1165528,90403,5175033,263328,14349939,103462,19524972,
All CA Counties,2021-05-07,352991,32886970,221793,17521978,121299,14189565,9899,1175427,96123,5026943,255370,14605309,107280,19632252,
All CA Counties,2021-05-08,233532,33120502,148911,17670889,77645,14267210,6976,1182403,64419,4931741,168070,14773379,72868,19705120,
All CA Counties,2021-05-09,95493,33215995,72366,17743255,20138,14287348,2989,1185392,25139,4890311,70003,14843382,28573,19733693,
All CA Counties,2021-05-10,206834,33422829,118489,17861744,80451,14367799,7894,1193286,51189,4795947,154755,14998137,60391,19794084,
All CA Counties,2021-05-11,274440,33697269,156645,18018389,109122,14476921,8673,1201959,72561,4678132,200848,15198985,83033,19877117,
All CA Counties,2021-05-12,272256,33969525,158647,18177036,104476,14581397,9133,1211092,73050,4563406,198068,15397053,83342,19960459,
All CA Counties,2021-05-13,317679,34287204,204969,18382005,105280,14686677,7430,1218522,119522,4496077,196945,15593998,129616,20090075,
All CA Counties,2021-05-14,341236,34628440,218812,18600817,113503,14800180,8921,1227443,133018,4433218,206881,15800879,144022,20234097,
All CA Counties,2021-05-15,280317,34908757,195865,18796682,78438,14878618,6014,1233457,115553,4391954,163817,15964696,122553,20356650,
All CA Counties,2021-05-16,141396,35050153,108389,18905071,30055,14908673,2952,1236409,57731,4369879,83169,16047865,61094,20417744,
All CA Counties,2021-05-17,240346,35290499,158299,19063370,74627,14983300,7420,1243829,95186,4329138,144216,16192081,103475,20521219,
All CA Counties,2021-05-18,281935,35572434,171969,19235339,102553,15085853,7413,1251242,109970,4277120,170805,16362886,118787,20640006,
All CA Counties,2021-05-19,275967,35848401,172240,19407579,96159,15182012,7568,1258810,112811,4236575,162056,16524942,121511,20761517,
All CA Counties,2021-05-20,263851,36112252,157618,19565197,98072,15280084,8161,1266971,100367,4184362,162281,16687223,110068,20871585,
All CA Counties,2021-05-21,282459,36394711,173783,19738980,100719,15380803,7957,1274928,106363,4125162,174764,16861987,115564,20987149,
All CA Counties,2021-05-22,204729,36599440,135573,19874553,62925,15443728,6231,1281159,87442,4103517,116459,16978446,94814,21081963,
All CA Counties,2021-05-23,89793,36689233,62961,19937514,24134,15467862,2698,1283857,38713,4094668,50645,17029091,41796,21123759,
All CA Counties,2021-05-24,171245,36860478,100590,20038104,62331,15530193,8324,1292181,64899,4063247,105493,17134584,74072,21197831,
All CA Counties,2021-05-25,189648,37050126,111250,20149354,70350,15600543,8048,1300229,71710,4027254,116881,17251465,80888,21278719,
All CA Counties,2021-05-26,184533,37234659,106205,20255559,70469,15671012,7859,1308088,71602,3995628,111800,17363265,80174,21358893,
All CA Counties,2021-05-27,172263,37406922,98467,20354026,65278,15736290,8518,1316606,69178,3972184,102208,17465473,78764,21437657,
All CA Counties,2021-05-28,188694,37595616,108837,20462863,72735,15809025,7122,1323728,81238,3955230,106432,17571905,89478,21527135,
All CA Counties,2021-05-29,107062,37702678,65733,20528596,37500,15846525,3829,1327557,49988,3953035,56514,17628419,54319,21581454,
All CA Counties,2021-05-30,47093,37749771,31084,20559680,13550,15860075,2459,1330016,20610,3950091,26228,17654647,23284,21604738,
All CA Counties,2021-05-31,19801,37769572,11670,20571350,7157,15867232,974,1330990,6433,3944415,13197,17667844,7521,21612259,
All CA Counties,2021-06-01,168326,37937898,98170,20669520,63001,15930233,7155,1338145,59469,3904091,107833,17775677,67509,21679768,
All CA Counties,2021-06-02,142641,38080539,84366,20753886,51163,15981396,7112,1345257,53822,3877791,87893,17863570,61593,21741361,
All CA Counties,2021-06-03,170837,38251376,116830,20870716,46927,16028323,7080,1352337,51851,3819602,118119,17981689,59930,21801291,
All CA Counties,2021-06-04,199368,38450744,140423,21011139,52751,16081074,6194,1358531,59542,3748432,138742,18120431,67572,21868863,
All CA Counties,2021-06-05,157413,38608157,118824,21129963,32955,16114029,5634,1364165,43704,3685798,112921,18233352,50287,21919150,
All CA Counties,2021-06-06,64040,38672197,53956,21183919,7865,16121894,2219,1366384,17064,3659214,46679,18280031,20095,21939245,
All CA Counties,2021-06-07,136530,38808727,100257,21284176,30399,16152293,5874,1372258,40140,3610175,95766,18375797,46727,21985972,
All CA Counties,2021-06-08,158114,38966841,114785,21398961,36540,16188833,6789,1379047,46863,3554520,110336,18486133,54681,22040653,
All CA Counties,2021-06-09,152389,39119230,110862,21509823,34767,16223600,6760,1385807,42226,3495085,109331,18595464,49896,22090549,
All CA Counties,2021-06-10,146669,39265899,105574,21615397,33756,16257356,7339,1393146,42960,3443464,102967,18698431,51346,22141895,
All CA Counties,2021-06-11,159013,39424912,111704,21727101,40582,16297938,6727,1399873,49391,3391777,108707,18807138,57020,22198915,
All CA Counties,2021-06-12,114824,39539736,87031,21814132,24079,16322017,3714,1403587,32692,3347278,81571,18888709,37072,22235987,
All CA Counties,2021-06-13,44755,39584491,33365,21847497,9339,16331356,2051,1405638,11093,3327410,33411,18922120,13543,22249530,
All CA Counties,2021-06-14,115341,39699832,82019,21929516,26567,16357923,6755,1412393,37915,3295886,76804,18998924,45280,22294810,
All CA Counties,2021-06-15,131746,39831578,88975,22018491,33992,16391915,8779,1421172,43976,3262632,86905,19085829,53651,22348461,
All CA Counties,2021-06-16,120877,39952455,85156,22103647,28014,16419929,7707,1428879,41491,3233944,78628,19164457,49940,22398401,
All CA Counties,2021-06-17,114293,40066748,79231,22182878,27213,16447142,7849,1436728,40326,3209533,73217,19237674,48806,22447207,
All CA Counties,2021-06-18,128600,40195348,89151,22272029,31978,16479120,7471,1444199,46014,3182078,81693,19319367,54238,22501445,
All CA Counties,2021-06-19,76467,40271815,55581,22327610,16879,16495999,4007,1448206,28548,3167821,47327,19366694,33070,22534515,
All CA Counties,2021-06-20,30635,40302450,23077,22350687,6206,16502205,1352,1449558,11505,3161980,18915,19385609,13074,22547589,
All CA Counties,2021-06-21,71234,40373684,44667,22395354,20555,16522760,6012,1455570,36476,3170619,34369,19419978,43008,22590597,
All CA Counties,2021-06-22,100350,40474034,70090,22465444,24386,16547146,5874,1461444,39019,3155449,60727,19480705,45557,22636154,
All CA Counties,2021-06-23,93843,40567877,66295,22531739,21823,16568969,5725,1467169,38180,3144864,55086,19535791,44501,22680655,
All CA Counties,2021-06-24,90905,40658782,63497,22595236,21839,16590808,5569,1472738,36738,3134218,53518,19589309,42872,22723527,
All CA Counties,2021-06-25,105045,40763827,74387,22669623,25342,16616150,5316,1478054,42781,3121284,61624,19650933,48690,22772217,
All CA Counties,2021-06-26,67476,40831303,50907,22720530,13472,16629622,3097,1481151,27777,3113377,39335,19690268,31428,22803645,
All CA Counties,2021-06-27,31432,40862735,24170,22744700,5726,16635348,1536,1482687,13354,3110594,17899,19708167,15116,22818761,
All CA Counties,2021-06-28,71608,40934343,55473,22800173,11736,16647084,4399,1487086,31248,3106798,39904,19748071,36108,22854869,
All CA Counties,2021-06-29,83419,41017762,59205,22859378,19987,16667071,4227,1491313,35024,3098729,47878,19795949,39809,22894678,
All CA Counties,2021-06-30,78687,41096449,56490,22915868,18353,16685424,3844,1495157,35082,3095139,43064,19839013,39474,22934152,
All CA Counties,2021-07-01,73497,41169946,53091,22968959,16527,16701951,3879,1499036,32213,3090909,40838,19879851,36608,22970760,
All CA Counties,2021-07-02,83651,41253597,59851,23028810,19943,16721894,3857,1502893,36877,3085910,46236,19926087,41237,23011997,
All CA Counties,2021-07-03,46011,41299608,33594,23062404,10732,16732626,1685,1504578,20824,3083883,24845,19950932,22818,23034815,
All CA Counties,2021-07-04,3377,41302985,1959,23064363,1145,16733771,273,1504851,1482,3083826,1869,19952801,1812,23036627,
All CA Counties,2021-07-05,40530,41343515,30050,23094413,8912,16742683,1568,1506419,18768,3082932,21515,19974316,20621,23057248,
All CA Counties,2021-07-06,85218,41428733,62457,23156870,18829,16761512,3932,1510351,32578,3067974,52074,20026390,37116,23094364,
All CA Counties,2021-07-07,71239,41499972,51631,23208501,15783,16777295,3825,1514176,29565,3060710,41229,20067619,33965,23128329,
All CA Counties,2021-07-08,34538,41534510,25285,23233786,6655,16783950,2598,1516774,13680,3056774,20647,20088266,16711,23145040,
All CA and Non-CA Counties,2020-12-15,1171,1171,1171,1171,0,0,0,0,1171,1171,0,0,1171,1171,
All CA and Non-CA Counties,2020-12-16,8980,10151,8980,10151,0,0,0,0,8980,10151,0,0,8980,10151,
All CA and Non-CA Counties,2020-12-17,28219,38370,28219,38370,0,0,0,0,28219,38370,0,0,28219,38370,
All CA and Non-CA Counties,2020-12-18,47893,86263,47820,86190,73,73,0,0,47892,86261,1,1,47892,86262,
All CA and Non-CA Counties,2020-12-19,26590,112853,26559,112749,31,104,0,0,26589,112849,1,2,26589,112851,
All CA and Non-CA Counties,2020-12-20,19816,132669,19781,132530,35,139,0,0,19814,132661,2,4,19814,132665,
All CA and Non-CA Counties,2020-12-21,52027,184696,51928,184458,99,238,0,0,52024,184683,3,7,52025,184690,
All CA and Non-CA Counties,2020-12-22,52295,236991,50074,234532,2221,2459,0,0,52287,236964,6,13,52287,236977,
All CA and Non-CA Counties,2020-12-23,52315,289306,43341,277873,8974,11433,0,0,52307,289267,7,20,52310,289287,
All CA and Non-CA Counties,2020-12-24,24930,314236,16977,294850,7953,19386,0,0,24925,314189,5,25,24927,314214,
All CA and Non-CA Counties,2020-12-25,2386,316622,2056,296906,330,19716,0,0,2386,316575,0,25,2386,316600,
All CA and Non-CA Counties,2020-12-26,14951,331573,9685,306591,5266,24982,0,0,14949,331522,2,27,14949,331549,
All CA and Non-CA Counties,2020-12-27,9666,341239,5687,312278,3979,28961,0,0,9663,341182,3,30,9663,341212,
All CA and Non-CA Counties,2020-12-28,47650,388889,30510,342788,17140,46101,0,0,47645,388823,4,34,47645,388857,
All CA and Non-CA Counties,2020-12-29,52962,441851,29648,372436,23314,69415,0,0,52956,441774,5,39,52956,441813,
All CA and Non-CA Counties,2020-12-30,65134,506985,36937,409373,28197,97612,0,0,65122,506890,9,48,65125,506938,
All CA and Non-CA Counties,2020-12-31,30766,537751,11551,420924,19215,116827,0,0,30742,537612,21,69,30743,537681,
All CA and Non-CA Counties,2021-01-01,4837,542588,2196,423120,2641,119468,0,0,4828,542432,8,77,4828,542509,
All CA and Non-CA Counties,2021-01-02,18811,561399,10402,433522,8409,127877,0,0,18804,561233,3,80,18804,561313,
All CA and Non-CA Counties,2021-01-03,6430,567829,3606,437128,2824,130701,0,0,6395,567615,13,93,6395,567708,
All CA and Non-CA Counties,2021-01-04,44868,612697,22571,459699,22297,152998,0,0,44782,612356,41,134,44782,612490,
All CA and Non-CA Counties,2021-01-05,58450,671147,30857,490556,27593,180591,0,0,52485,659042,5900,6034,52586,665076,
All CA and Non-CA Counties,2021-01-06,76493,747640,42336,532892,34157,214748,0,0,59930,702641,16374,22408,59973,725049,
All CA and Non-CA Counties,2021-01-07,97118,844758,55543,588435,41575,256323,0,0,63703,733175,33231,55639,63765,788814,
All CA and Non-CA Counties,2021-01-08,112212,956970,67742,656177,44470,300793,0,0,68148,757491,43909,99548,68225,857039,
All CA and Non-CA Counties,2021-01-09,45975,1002945,26280,682457,19695,320488,0,0,28930,769435,17018,116566,28962,886001,
All CA and Non-CA Counties,2021-01-10,24795,1027740,15154,697611,9641,330129,0,0,13359,771395,11418,127984,13378,899379,
All CA and Non-CA Counties,2021-01-11,108395,1136135,71961,769572,36434,366563,0,0,62927,789083,45418,173402,63106,962485,
All CA and Non-CA Counties,2021-01-12,118499,1254634,70229,839801,48270,414833,0,0,75254,821530,43128,216530,75575,1038060,
All CA and Non-CA Counties,2021-01-13,123666,1378300,64122,903923,59544,474377,0,0,88418,874888,35156,251686,88514,1126574,
All CA and Non-CA Counties,2021-01-14,128672,1506972,51353,955276,77319,551696,0,0,108197,962926,20351,272037,108389,1234963,
All CA and Non-CA Counties,2021-01-15,146946,1653918,53139,1008415,93807,645503,0,0,131152,1078636,15682,287719,131392,1366355,
All CA and Non-CA Counties,2021-01-16,83751,1737669,27824,1036239,55927,701430,0,0,75925,1146822,7794,295513,75980,1442335,
All CA and Non-CA Counties,2021-01-17,48885,1786554,17072,1053311,31813,733243,0,0,45139,1188273,3733,299246,45184,1487519,
All CA and Non-CA Counties,2021-01-18,89719,1876273,46946,1100257,42773,776016,0,0,69805,1238424,19837,319083,69988,1557507,
All CA and Non-CA Counties,2021-01-19,146749,2023022,74838,1175095,71911,847927,0,0,114549,1321214,32094,351177,114884,1672391,
All CA and Non-CA Counties,2021-01-20,168443,2191465,86140,1261235,82303,930230,0,0,133117,1419534,35072,386249,133392,1805783,
All CA and Non-CA Counties,2021-01-21,180565,2372030,80064,1341299,100501,1030731,0,0,160240,1560086,20076,406325,160628,1966411,
All CA and Non-CA Counties,2021-01-22,175726,2547756,70919,1412218,104807,1135538,0,0,160717,1706112,14856,421181,160882,2127293,
All CA and Non-CA Counties,2021-01-23,114353,2662109,49861,1462079,64492,1200030,0,0,101527,1795009,12755,433936,101652,2228945,
All CA and Non-CA Counties,2021-01-24,61839,2723948,29686,1491765,32153,1232183,0,0,57046,1847366,4756,438692,57113,2286058,
All CA and Non-CA Counties,2021-01-25,150561,2874509,67635,1559400,82926,1315109,0,0,114155,1925668,36244,474936,114546,2400604,
All CA and Non-CA Counties,2021-01-26,176114,3050623,86202,1645602,89912,1405021,0,0,137143,2024278,38814,513750,137424,2538028,
All CA and Non-CA Counties,2021-01-27,188705,3239328,90753,1736355,97952,1502973,0,0,147939,2132035,40407,554157,148164,2686192,
All CA and Non-CA Counties,2021-01-28,194467,3433795,89932,1826287,104535,1607508,0,0,159207,2256551,34932,589089,159448,2845640,
All CA and Non-CA Counties,2021-01-29,189952,3623747,91633,1917920,98319,1705827,0,0,153831,2375103,35467,624556,154019,2999659,
All CA and Non-CA Counties,2021-01-30,129039,3752786,57973,1975893,71066,1776893,0,0,113179,2472753,15681,640237,113331,3112990,
All CA and Non-CA Counties,2021-01-31,72486,3825272,41256,2017149,31230,1808123,0,0,67358,2535103,5068,645305,67418,3180408,
All CA and Non-CA Counties,2021-02-01,168261,3993533,78474,2095623,89787,1897910,0,0,126087,2619367,41956,687261,126220,3306628,
All CA and Non-CA Counties,2021-02-02,193724,4187257,80770,2176393,112954,2010864,0,0,147719,2721647,45665,732926,147945,3454573,
All CA and Non-CA Counties,2021-02-03,219758,4407015,97878,2274271,121880,2132744,0,0,163607,2829924,55588,788514,163865,3618438,
All CA and Non-CA Counties,2021-02-04,236345,4643360,102368,2376639,133977,2266721,0,0,173717,2942003,62009,850523,174088,3792526,
All CA and Non-CA Counties,2021-02-05,254774,4898134,109171,2485810,145603,2412324,0,0,173778,3036229,80106,930629,174332,3966858,
All CA and Non-CA Counties,2021-02-06,160739,5058873,77261,2563071,83478,2495802,0,0,125167,3126569,35328,965957,125668,4092526,
All CA and Non-CA Counties,2021-02-07,69422,5128295,45278,2608349,24144,2519946,0,0,52758,3163218,16562,982519,53211,4145737,
All CA and Non-CA Counties,2021-02-08,187259,5315554,92707,2701056,94552,2614498,0,0,124021,3225275,62723,1045242,124780,4270517,
All CA and Non-CA Counties,2021-02-09,216824,5532378,104067,2805123,112757,2727255,0,0,129916,3270298,86051,1131293,131074,4401591,
All CA and Non-CA Counties,2021-02-10,256307,5788685,122345,2927468,133962,2861217,0,0,140653,3297751,114690,1245983,142143,4543734,
All CA and Non-CA Counties,2021-02-11,272428,6061113,134451,3061919,137977,2999194,0,0,148071,3324593,123063,1369046,149905,4693639,
All CA and Non-CA Counties,2021-02-12,280478,6341591,122181,3184100,158297,3157491,0,0,151286,3350147,128131,1497177,153685,4847324,
All CA and Non-CA Counties,2021-02-13,171385,6512976,78923,3263023,92462,3249953,0,0,94942,3371040,76018,1573195,96911,4944235,
All CA and Non-CA Counties,2021-02-14,97814,6610790,48400,3311423,49414,3299367,0,0,52979,3380937,44631,1617826,54528,4998763,
All CA and Non-CA Counties,2021-02-15,146329,6757119,64547,3375970,81782,3381149,0,0,80526,3399265,65336,1683162,83664,5082427,
All CA and Non-CA Counties,2021-02-16,257923,7015042,122018,3497988,135905,3517054,0,0,136604,3418124,120847,1804009,139706,5222133,
All CA and Non-CA Counties,2021-02-17,267725,7282767,133264,3631252,134461,3651515,0,0,131579,3417465,135459,1939468,134800,5356933,
All CA and Non-CA Counties,2021-02-18,282578,7565345,147630,3778882,134948,3786463,0,0,135120,3410266,146564,2086032,139365,5496298,
All CA and Non-CA Counties,2021-02-19,263242,7828587,153175,3932057,110067,3896530,0,0,134592,3418988,127957,2213989,136679,5632977,
All CA and Non-CA Counties,2021-02-20,160312,7988899,102939,4034996,57373,3953903,0,0,86855,3434741,73091,2287080,88844,5721821,
All CA and Non-CA Counties,2021-02-21,89855,8078754,72961,4107957,16894,3970797,0,0,45424,3437609,44106,2331186,46974,5768795,
All CA and Non-CA Counties,2021-02-22,175782,8254536,118052,4226009,57730,4028527,0,0,86793,3437661,88467,2419653,88519,5857314,
All CA and Non-CA Counties,2021-02-23,241495,8496031,127486,4353495,114009,4142536,0,0,110794,3424751,129713,2549366,116803,5974117,
All CA and Non-CA Counties,2021-02-24,299803,8795834,151970,4505465,147833,4290369,0,0,140575,3414574,158315,2707681,148138,6122255,
All CA and Non-CA Counties,2021-02-25,337511,9133345,166658,4672123,170853,4461222,0,0,175267,3437126,161282,2868963,183834,6306089,
All CA and Non-CA Counties,2021-02-26,369943,9503288,172961,4845084,196982,4658204,0,0,204511,3484712,164217,3033180,211803,6517892,
All CA and Non-CA Counties,2021-02-27,262129,9765417,127174,4972258,134925,4793129,30,30,147176,3522194,114147,3147327,151629,6669521,
All CA and Non-CA Counties,2021-02-28,139233,9904650,82982,5055240,56237,4849366,14,44,80523,3547391,58191,3205518,83388,6752909,
All CA and Non-CA Counties,2021-03-01,251520,10156170,134128,5189368,117237,4966603,155,199,143204,3587431,107340,3312858,147380,6900289,
All CA and Non-CA Counties,2021-03-02,301016,10457186,150940,5340308,150042,5116645,34,233,178140,3650296,122206,3435064,185071,7085360,
All CA and Non-CA Counties,2021-03-03,345360,10802546,171111,5511419,174178,5290823,71,304,197758,3708703,146742,3581806,205149,7290509,
All CA and Non-CA Counties,2021-03-04,363702,11166248,183201,5694620,180396,5471219,105,409,211510,3776097,151260,3733066,218654,7509163,
All CA and Non-CA Counties,2021-03-05,351098,11517346,172288,5866908,177660,5648879,1150,1559,217378,3869151,132752,3865818,225806,7734969,
All CA and Non-CA Counties,2021-03-06,266145,11783491,136384,6003292,121686,5770565,8075,9634,164848,3945951,100797,3966615,177597,7912566,
All CA and Non-CA Counties,2021-03-07,135331,11918822,80355,6083647,47932,5818497,7044,16678,82640,3986876,52443,4019058,93368,8005934,
All CA and Non-CA Counties,2021-03-08,228024,12146846,111396,6195043,105355,5923852,11273,27951,148820,4073214,78685,4097743,165023,8170957,
All CA and Non-CA Counties,2021-03-09,300383,12447229,143275,6338318,140552,6064404,16556,44507,167972,4129945,131788,4229531,188519,8359476,
All CA and Non-CA Counties,2021-03-10,331101,12778330,164543,6502861,141390,6205794,25168,69675,178998,4186895,151288,4380819,208238,8567714,
All CA and Non-CA Counties,2021-03-11,387119,13165449,187451,6690312,165406,6371200,34262,103937,197998,4235276,187999,4568818,236380,8804094,
All CA and Non-CA Counties,2021-03-12,405452,13570901,182067,6872379,176203,6547403,47182,151119,198671,4279393,205760,4774578,249877,9053971,
All CA and Non-CA Counties,2021-03-13,290791,13861692,127779,7000158,131312,6678715,31700,182819,157815,4340616,132430,4907008,193653,9247624,
All CA and Non-CA Counties,2021-03-14,158734,14020426,84558,7084716,58702,6737417,15474,198293,79539,4359023,78823,4985831,97230,9344854,
All CA and Non-CA Counties,2021-03-15,297165,14317591,142247,7226963,133733,6871150,21185,219478,160512,4408355,135729,5121560,185061,9529915,
All CA and Non-CA Counties,2021-03-16,380682,14698273,179764,7406727,183058,7054208,17860,237338,219241,4488101,160511,5282071,240257,9770172,
All CA and Non-CA Counties,2021-03-17,396632,15094905,197955,7604682,179566,7233774,19111,256449,244494,4603073,151110,5433181,266082,10036254,
All CA and Non-CA Counties,2021-03-18,413987,15508892,213128,7817810,181915,7415689,18944,275393,243824,4699057,168873,5602054,264857,10301111,
All CA and Non-CA Counties,2021-03-19,422060,15930952,222736,8040546,176905,7592594,22419,297812,243405,4789412,177497,5779551,267852,10568963,
All CA and Non-CA Counties,2021-03-20,302441,16233393,159322,8199868,127050,7719644,16069,313881,191422,4888192,110190,5889741,208970,10777933,
All CA and Non-CA Counties,2021-03-21,147638,16381031,101902,8301770,38097,7757741,7639,321520,89076,4928178,58101,5947842,98087,10876020,
All CA and Non-CA Counties,2021-03-22,279335,16660366,162853,8464623,105144,7862885,11338,332858,181140,5026429,97258,6045100,195509,11071529,
All CA and Non-CA Counties,2021-03-23,366663,17027029,202087,8666710,153160,8016045,11416,344274,224494,5123831,141094,6186194,238496,11310025,
All CA and Non-CA Counties,2021-03-24,397417,17424446,227075,8893785,157323,8173368,13019,357293,230046,5203017,165938,6352132,245124,11555149,
All CA and Non-CA Counties,2021-03-25,428926,17853372,235735,9129520,177743,8351111,15448,372741,242716,5278625,184682,6536814,260290,11815439,
All CA and Non-CA Counties,2021-03-26,444465,18297837,237463,9366983,190597,8541708,16405,389146,239101,5333063,203875,6740689,258313,12073752,
All CA and Non-CA Counties,2021-03-27,320656,18618493,170320,9537303,138296,8680004,12040,401186,161694,5351029,157994,6898683,175960,12249712,
All CA and Non-CA Counties,2021-03-28,173490,18791983,111173,9648476,58548,8738552,3769,404955,90551,5365289,82414,6981097,96674,12346386,
All CA and Non-CA Counties,2021-03-29,317725,19109708,170203,9818679,138020,8876572,9502,414457,176035,5412562,140758,7121855,188031,12534417,
All CA and Non-CA Counties,2021-03-30,407966,19517674,206702,10025381,182343,9058915,18921,433378,228785,5483770,178232,7300087,249440,12783857,
All CA and Non-CA Counties,2021-03-31,435300,19952974,236702,10262083,175795,9234710,22803,456181,241022,5555511,193047,7493134,264788,13048645,
All CA and Non-CA Counties,2021-04-01,502901,20455875,257829,10519912,203481,9438191,41591,497772,275824,5648503,225382,7718516,318374,13367019,
All CA and Non-CA Counties,2021-04-02,485215,20941090,236714,10756626,203856,9642047,44645,542417,261690,5734249,222068,7940584,307814,13674833,
All CA and Non-CA Counties,2021-04-03,337318,21278408,172501,10929127,122039,9764086,42778,585195,167848,5777153,168716,8109300,211620,13886453,
All CA and Non-CA Counties,2021-04-04,134642,21413050,70199,10999326,45107,9809193,19336,604531,58828,5779939,75451,8184751,78237,13964690,
All CA and Non-CA Counties,2021-04-05,360199,21773249,185248,11184574,134039,9943232,40912,645443,175585,5815016,183758,8368509,218835,14183525,
All CA and Non-CA Counties,2021-04-06,467483,22240732,237113,11421687,162904,10106136,67466,712909,225096,5868063,241270,8609779,294317,14477842,
All CA and Non-CA Counties,2021-04-07,483894,22724626,251637,11673324,160228,10266364,72029,784938,233830,5925859,248929,8858708,306725,14784567,
All CA and Non-CA Counties,2021-04-08,510621,23235247,257778,11931102,166048,10432412,86795,871733,239017,5983499,270210,9128918,327850,15112417,
All CA and Non-CA Counties,2021-04-09,505987,23741234,252173,12183275,171368,10603780,82446,954179,231690,6027420,273046,9401964,316967,15429384,
All CA and Non-CA Counties,2021-04-10,376766,24118000,171895,12355170,128351,10732131,76520,1030699,156893,6044356,219004,9620968,235940,15665324,
All CA and Non-CA Counties,2021-04-11,191702,24309702,107391,12462561,49541,10781672,34770,1065469,78759,6048112,112535,9733503,116291,15781615,
All CA and Non-CA Counties,2021-04-12,346581,24656283,178228,12640789,129345,10911017,39008,1104477,159643,6064442,185818,9919321,202148,15983763,
All CA and Non-CA Counties,2021-04-13,441586,25097869,247690,12888479,192907,11103924,989,1105466,245971,6119983,194435,10113756,249976,16233739,
All CA and Non-CA Counties,2021-04-14,461471,25559340,259225,13147704,201948,11305872,298,1105764,240268,6145222,219846,10333602,245085,16478824,
All CA and Non-CA Counties,2021-04-15,502972,26062312,293271,13440975,209390,11515262,311,1106075,280774,6208673,220476,10554078,283927,16762751,
All CA and Non-CA Counties,2021-04-16,487365,26549677,274115,13715090,212930,11728192,320,1106395,259540,6244677,226301,10780379,262305,17025056,
All CA and Non-CA Counties,2021-04-17,352606,26902283,197614,13912704,154930,11883122,62,1106457,200531,6297381,151053,10931432,203757,17228813,
All CA and Non-CA Counties,2021-04-18,164041,27066324,105417,14018121,58605,11941727,19,1106476,83917,6304741,79618,11011050,86978,17315791,
All CA and Non-CA Counties,2021-04-19,328129,27394453,188220,14206341,139808,12081535,101,1106577,155200,6290059,171853,11182903,157171,17472962,
All CA and Non-CA Counties,2021-04-20,425298,27819751,229436,14435777,195779,12277314,83,1106660,210389,6289973,213642,11396545,213556,17686518,
All CA and Non-CA Counties,2021-04-21,447625,28267376,257817,14693594,189529,12466843,279,1106939,214206,6276250,231646,11628191,217923,17904441,
All CA and Non-CA Counties,2021-04-22,463703,28731079,266327,14959921,197290,12664133,86,1107025,206190,6229874,255894,11884085,209518,18113959,
All CA and Non-CA Counties,2021-04-23,455001,29186080,261062,15220983,193843,12857976,96,1107121,206027,6192001,247377,12131462,209504,18323463,
All CA and Non-CA Counties,2021-04-24,331382,29517462,208416,15429399,122777,12980753,189,1107310,167779,6200715,162538,12294000,171252,18494715,
All CA and Non-CA Counties,2021-04-25,153083,29670545,100087,15529486,52919,13033672,77,1107387,81715,6213145,70839,12364839,83269,18577984,
All CA and Non-CA Counties,2021-04-26,310091,29980636,179851,15709337,128654,13162326,1586,1108973,135542,6181367,173420,12538259,141642,18719626,
All CA and Non-CA Counties,2021-04-27,379689,30360325,209629,15918966,163036,13325362,7024,1115997,153186,6119552,225221,12763480,163406,18883032,
All CA and Non-CA Counties,2021-04-28,364892,30725217,210116,16129082,146425,13471787,8351,1124348,150503,6067656,213111,12976591,161215,19044247,
All CA and Non-CA Counties,2021-04-29,374176,31099393,216684,16345766,149101,13620888,8391,1132739,138097,5981328,234694,13211285,148366,19192613,
All CA and Non-CA Counties,2021-04-30,386994,31486387,222699,16568465,154883,13775771,9412,1142151,147813,5902855,237696,13448981,159223,19351836,
All CA and Non-CA Counties,2021-05-01,252326,31738713,160824,16729289,84940,13860711,6562,1148713,91753,5843839,159562,13608543,100546,19452382,
All CA and Non-CA Counties,2021-05-02,119066,31857779,82989,16812278,32062,13892773,4015,1152728,41806,5813226,76801,13685344,46188,19498570,
All CA and Non-CA Counties,2021-05-03,257455,32115234,157789,16970067,90580,13983353,9086,1161814,78831,5724377,177655,13862999,88806,19587376,
All CA and Non-CA Counties,2021-05-04,338038,32453272,207440,17177507,120318,14103671,10280,1172094,100203,5599388,236655,14099654,111666,19699042,
All CA and Non-CA Counties,2021-05-05,343136,32796408,214680,17392187,117984,14221655,10472,1182566,97473,5464101,244303,14343957,109016,19808058,
All CA and Non-CA Counties,2021-05-06,360127,33156535,236185,17628372,113036,14334691,10906,1193472,92010,5303186,266332,14610289,105417,19913475,
All CA and Non-CA Counties,2021-05-07,357748,33514283,224556,17852928,122902,14457593,10290,1203762,97751,5154003,258482,14868771,109299,20022774,
All CA and Non-CA Counties,2021-05-08,236855,33751138,151161,18004089,78466,14536059,7228,1210990,65513,5057928,170290,15039061,74215,20096989,
All CA and Non-CA Counties,2021-05-09,96921,33848059,73316,18077405,20490,14556549,3115,1214105,25723,5016367,70842,15109903,29281,20126270,
All CA and Non-CA Counties,2021-05-10,209462,34057521,119716,18197121,81521,14638070,8225,1222330,52102,4921543,156461,15266364,61637,20187907,
All CA and Non-CA Counties,2021-05-11,277605,34335126,158204,18355325,110420,14748490,8981,1231311,73748,4803254,202821,15469185,84532,20272439,
All CA and Non-CA Counties,2021-05-12,275549,34610675,160245,18515570,105841,14854331,9463,1240774,74310,4688089,200096,15669281,84931,20357370,
All CA and Non-CA Counties,2021-05-13,320970,34931645,206892,18722462,106434,14960765,7644,1248418,120945,4620535,198808,15868089,131254,20488624,
All CA and Non-CA Counties,2021-05-14,344879,35276524,220878,18943340,114840,15075605,9161,1257579,134631,4557508,208904,16076993,145877,20634501,
All CA and Non-CA Counties,2021-05-15,283024,35559548,197466,19140806,79401,15155006,6157,1263736,116715,4516014,165355,16242348,123861,20758362,
All CA and Non-CA Counties,2021-05-16,143099,35702647,109492,19250298,30585,15185591,3022,1266758,58511,4493869,84090,16326438,61945,20820307,
All CA and Non-CA Counties,2021-05-17,243457,35946104,159958,19410256,75841,15261432,7658,1274416,96511,4452910,145997,16472435,105038,20925345,
All CA and Non-CA Counties,2021-05-18,285238,36231342,173646,19583902,103864,15365296,7728,1282144,111443,4400867,172621,16645056,120578,21045923,
All CA and Non-CA Counties,2021-05-19,279383,36510725,173958,19757860,97585,15462881,7840,1289984,114279,4360123,163994,16809050,123250,21169173,
All CA and Non-CA Counties,2021-05-20,267048,36777773,159397,19917257,99237,15562118,8414,1298398,101791,4307831,164039,16973089,111747,21280920,
All CA and Non-CA Counties,2021-05-21,285693,37063466,175579,20092836,101905,15664023,8209,1306607,107722,4248381,176625,17149714,117175,21398095,
All CA and Non-CA Counties,2021-05-22,207596,37271062,137458,20230294,63703,15727726,6435,1313042,88975,4227152,117781,17267495,96552,21494647,
All CA and Non-CA Counties,2021-05-23,91381,37362443,64000,20294294,24605,15752331,2776,1315818,39519,4218408,51425,17318920,42681,21537328,
All CA and Non-CA Counties,2021-05-24,173696,37536139,101767,20396061,63258,15815589,8671,1324489,65969,4187034,106863,17425783,75489,21612817,
All CA and Non-CA Counties,2021-05-25,192053,37728192,112375,20508436,71289,15886878,8389,1332878,72724,4151013,118261,17544044,82240,21695057,
All CA and Non-CA Counties,2021-05-26,186942,37915134,107323,20615759,71404,15958282,8215,1341093,72593,4119328,113207,17657251,81522,21776579,
All CA and Non-CA Counties,2021-05-27,174466,38089600,99558,20715317,66098,16024380,8810,1349903,70155,4095932,103427,17760678,80031,21856610,
All CA and Non-CA Counties,2021-05-28,191162,38280762,110082,20825399,73600,16097980,7480,1357383,82348,4079097,107782,17868460,90947,21947557,
All CA and Non-CA Counties,2021-05-29,108754,38389516,66587,20891986,37983,16135963,4184,1361567,50701,4076996,57488,17925948,55387,22002944,
All CA and Non-CA Counties,2021-05-30,48021,38437537,31653,20923639,13784,16149747,2584,1364151,21071,4074176,26690,17952638,23870,22026814,
All CA and Non-CA Counties,2021-05-31,20233,38457770,11859,20935498,7360,16157107,1014,1365165,6618,4068488,13434,17966072,7746,22034560,
All CA and Non-CA Counties,2021-06-01,170500,38628270,99319,21034817,63716,16220823,7465,1372630,60480,4028328,108990,18075062,68830,22103390,
All CA and Non-CA Counties,2021-06-02,144666,38772936,85373,21120190,51833,16272656,7460,1380090,54735,4002189,88995,18164057,62856,22166246,
All CA and Non-CA Counties,2021-06-03,173016,38945952,118030,21238220,47592,16320248,7394,1387484,52829,3944099,119312,18283369,61222,22227468,
All CA and Non-CA Counties,2021-06-04,201919,39147871,141852,21380072,53555,16373803,6512,1393996,60622,3872860,140207,18423576,68968,22296436,
All CA and Non-CA Counties,2021-06-05,159158,39307029,120039,21500111,33320,16407123,5799,1399795,44476,3810198,113887,18537463,51225,22347661,
All CA and Non-CA Counties,2021-06-06,64996,39372025,54673,21554784,8019,16415142,2304,1402099,17508,3783633,47189,18584652,20624,22368285,
All CA and Non-CA Counties,2021-06-07,138477,39510502,101316,21656100,30955,16446097,6206,1408305,40941,3734581,96911,18681563,47859,22416144,
All CA and Non-CA Counties,2021-06-08,160195,39670697,115972,21772072,37086,16483183,7137,1415442,47652,3678775,111623,18793186,55817,22471961,
All CA and Non-CA Counties,2021-06-09,154382,39825079,112056,21884128,35281,16518464,7045,1422487,43031,3619250,110509,18903695,50984,22522945,
All CA and Non-CA Counties,2021-06-10,148630,39973709,106723,21990851,34260,16552724,7647,1430134,43791,3567641,104095,19007790,52486,22575431,
All CA and Non-CA Counties,2021-06-11,161197,40134906,112961,22103812,41177,16593901,7059,1437193,50309,3515945,109967,19117757,58271,22633702,
All CA and Non-CA Counties,2021-06-12,116454,40251360,88246,22192058,24365,16618266,3843,1441036,33329,3471222,82562,19200319,37839,22671541,
All CA and Non-CA Counties,2021-06-13,45697,40297057,34005,22226063,9540,16627806,2152,1443188,11492,3451315,33950,19234269,14043,22685584,
All CA and Non-CA Counties,2021-06-14,117113,40414170,83011,22309074,27045,16654851,7057,1450245,38651,3419798,77833,19312102,46316,22731900,
All CA and Non-CA Counties,2021-06-15,133481,40547651,89930,22399004,34497,16689348,9054,1459299,44738,3386617,87869,19399971,54688,22786588,
All CA and Non-CA Counties,2021-06-16,122574,40670225,86161,22485165,28481,16717829,7932,1467231,42297,3358078,79510,19479481,50971,22837559,
All CA and Non-CA Counties,2021-06-17,116159,40786384,80263,22565428,27689,16745518,8207,1475438,41165,3333842,74239,19553720,50003,22887562,
All CA and Non-CA Counties,2021-06-18,130588,40916972,90243,22655671,32415,16777933,7930,1483368,46851,3306539,82836,19636556,55533,22943095,
All CA and Non-CA Counties,2021-06-19,77534,40994506,56287,22711958,17139,16795072,4108,1487476,29095,3292415,47840,19684396,33716,22976811,
All CA and Non-CA Counties,2021-06-20,31430,41025936,23656,22735614,6375,16801447,1399,1488875,11979,3286777,19233,19703629,13595,22990406,
All CA and Non-CA Counties,2021-06-21,72527,41098463,45320,22780934,20881,16822328,6326,1495201,37170,3295830,34963,19738592,44016,23034422,
All CA and Non-CA Counties,2021-06-22,102010,41200473,71140,22852074,24741,16847069,6129,1501330,39905,3281033,61495,19800087,46698,23081120,
All CA and Non-CA Counties,2021-06-23,95537,41296010,67223,22919297,22265,16869334,6049,1507379,38981,3270686,55972,19856059,45625,23126745,
All CA and Non-CA Counties,2021-06-24,92468,41388478,64411,22983708,22208,16891542,5849,1513228,37558,3260398,54259,19910318,43971,23170716,
All CA and Non-CA Counties,2021-06-25,106840,41495318,75415,23059123,25747,16917289,5678,1518906,43653,3247778,62541,19972859,49921,23220637,
All CA and Non-CA Counties,2021-06-26,68644,41563962,51672,23110795,13695,16930984,3277,1522183,28384,3240101,39892,20012751,32215,23252852,
All CA and Non-CA Counties,2021-06-27,32210,41596172,24776,23135571,5838,16936822,1596,1523779,13816,3237526,18212,20030963,15637,23268489,
All CA and Non-CA Counties,2021-06-28,73020,41669192,56313,23191884,12008,16948830,4699,1528478,31978,3234080,40586,20071549,37140,23305629,
All CA and Non-CA Counties,2021-06-29,84863,41754055,60088,23251972,20313,16969143,4462,1532940,35795,3226349,48544,20120093,40813,23346442,
All CA and Non-CA Counties,2021-06-30,80100,41834155,57308,23309280,18729,16987872,4063,1537003,35837,3223079,43717,20163810,40447,23386889,
All CA and Non-CA Counties,2021-07-01,74900,41909055,53908,23363188,16876,17004748,4116,1541119,32984,3219235,41459,20205269,37615,23424504,
All CA and Non-CA Counties,2021-07-02,85034,41994089,60641,23423829,20296,17025044,4097,1545216,37585,3214516,46902,20252171,42183,23466687,
All CA and Non-CA Counties,2021-07-03,46833,42040922,34185,23458014,10882,17035926,1766,1546982,21349,3212801,25139,20277310,23424,23490111,
All CA and Non-CA Counties,2021-07-04,3485,42044407,2026,23460040,1170,17037096,289,1547271,1548,3212785,1910,20279220,1894,23492005,
All CA and Non-CA Counties,2021-07-05,41555,42085962,30693,23490733,9223,17046319,1639,1548910,19375,3212156,21928,20301148,21299,23513304,
All CA and Non-CA Counties,2021-07-06,86617,42172579,63259,23553992,19141,17065460,4217,1553127,33243,3197417,52805,20353953,38066,23551370,
All CA and Non-CA Counties,2021-07-07,72731,42245310,52410,23606402,16148,17081608,4173,1557300,30301,3190481,41981,20395934,35045,23586415,
All CA and Non-CA Counties,2021-07-08,35208,42280518,25554,23631956,6799,17088407,2855,1560155,13919,3186612,21075,20417009,17206,23603621,
Outside California,2020-12-15,9,9,9,9,0,0,0,0,9,9,0,0,9,9,Not in California
Outside California,2020-12-16,274,283,274,283,0,0,0,0,274,283,0,0,274,283,Not in California
Outside California,2020-12-17,1587,1870,1587,1870,0,0,0,0,1587,1870,0,0,1587,1870,Not in California
Outside California,2020-12-18,2521,4391,2514,4384,7,7,0,0,2521,4391,0,0,2521,4391,Not in California
Outside California,2020-12-19,1027,5418,1026,5410,1,8,0,0,1027,5418,0,0,1027,5418,Not in California
Outside California,2020-12-20,675,6093,672,6082,3,11,0,0,675,6093,0,0,675,6093,Not in California
Outside California,2020-12-21,2170,8263,2167,8249,3,14,0,0,2170,8263,0,0,2170,8263,Not in California
Outside California,2020-12-22,2056,10319,1982,10231,74,88,0,0,2056,10319,0,0,2056,10319,Not in California
Outside California,2020-12-23,1526,11845,1382,11613,144,232,0,0,1525,11843,1,1,1525,11844,Not in California
Outside California,2020-12-24,801,12646,611,12224,190,422,0,0,801,12644,0,1,801,12645,Not in California
Outside California,2020-12-25,35,12681,30,12254,5,427,0,0,35,12679,0,1,35,12680,Not in California
Outside California,2020-12-26,306,12987,206,12460,100,527,0,0,306,12985,0,1,306,12986,Not in California
Outside California,2020-12-27,189,13176,72,12532,117,644,0,0,189,13174,0,1,189,13175,Not in California
Outside California,2020-12-28,1404,14580,893,13425,511,1155,0,0,1404,14578,0,1,1404,14579,Not in California
Outside California,2020-12-29,1541,16121,1017,14442,524,1679,0,0,1541,16119,0,1,1541,16120,Not in California
Outside California,2020-12-30,1877,17998,1218,15660,659,2338,0,0,1877,17996,0,1,1877,17997,Not in California
Outside California,2020-12-31,1101,19099,596,16256,505,2843,0,0,1100,19095,1,2,1100,19097,Not in California
Outside California,2021-01-01,108,19207,29,16285,79,2922,0,0,108,19203,0,2,108,19205,Not in California
Outside California,2021-01-02,248,19455,137,16422,111,3033,0,0,247,19449,1,3,247,19452,Not in California
Outside California,2021-01-03,185,19640,92,16514,93,3126,0,0,185,19634,0,3,185,19637,Not in California
Outside California,2021-01-04,1149,20789,512,17026,637,3763,0,0,1144,20777,1,4,1144,20781,Not in California
Outside California,2021-01-05,1553,22342,825,17851,728,4491,0,0,1358,21943,193,197,1359,22140,Not in California
Outside California,2021-01-06,2668,25010,1576,19427,1092,5583,0,0,1941,23160,724,921,1941,24081,Not in California
Outside California,2021-01-07,4100,29110,2519,21946,1581,7164,0,0,2458,23980,1640,2561,2460,26541,Not in California
Outside California,2021-01-08,4474,33584,2899,24845,1575,8739,0,0,2616,24751,1848,4409,2619,29160,Not in California
Outside California,2021-01-09,1307,34891,537,25382,770,9509,0,0,979,25405,327,4736,981,30141,Not in California
Outside California,2021-01-10,316,35207,187,25569,129,9638,0,0,195,25479,121,4857,195,30336,Not in California
Outside California,2021-01-11,3251,38458,1990,27559,1261,10899,0,0,1927,26083,1323,6180,1927,32263,Not in California
Outside California,2021-01-12,3875,42333,2286,29845,1589,12488,0,0,2286,26838,1585,7765,2340,34603,Not in California
Outside California,2021-01-13,3634,45967,1775,31620,1859,14347,0,0,2457,28123,1176,8941,2461,37064,Not in California
Outside California,2021-01-14,3654,49621,1262,32882,2392,16739,0,0,3008,30502,632,9573,3011,40075,Not in California
Outside California,2021-01-15,4158,53779,993,33875,3165,19904,0,0,3682,33720,464,10037,3682,43757,Not in California
Outside California,2021-01-16,2623,56402,390,34265,2233,22137,0,0,2448,35995,173,10210,2448,46205,Not in California
Outside California,2021-01-17,509,56911,152,34417,357,22494,0,0,460,36406,49,10259,460,46665,Not in California
Outside California,2021-01-18,1191,58102,769,35186,422,22916,0,0,736,36689,454,10713,737,47402,Not in California
Outside California,2021-01-19,4100,62202,1344,36530,2756,25672,0,0,3199,38990,901,11614,3202,50604,Not in California
Outside California,2021-01-20,4428,66630,1428,37958,3000,28672,0,0,3486,41540,937,12551,3487,54091,Not in California
Outside California,2021-01-21,4231,70861,1173,39131,3058,31730,0,0,3653,44631,562,13113,3653,57744,Not in California
Outside California,2021-01-22,4598,75459,1101,40232,3497,35227,0,0,4176,48397,412,13525,4178,61922,Not in California
Outside California,2021-01-23,2264,77723,350,40582,1914,37141,0,0,2088,50312,173,13698,2088,64010,Not in California
Outside California,2021-01-24,606,78329,257,40839,349,37490,0,0,526,50758,80,13778,526,64536,Not in California
Outside California,2021-01-25,4590,82919,1974,42813,2616,40106,0,0,3712,53603,869,14647,3714,68250,Not in California
Outside California,2021-01-26,6092,89011,2935,45748,3157,43263,0,0,5218,57955,873,15520,5225,73475,Not in California
Outside California,2021-01-27,5196,94207,2737,48485,2459,45722,0,0,4538,61844,651,16171,4540,78015,Not in California
Outside California,2021-01-28,5270,99477,2827,51312,2443,48165,0,0,4720,66024,540,16711,4720,82735,Not in California
Outside California,2021-01-29,4931,104408,3058,54370,1873,50038,0,0,4110,69324,813,17524,4113,86848,Not in California
Outside California,2021-01-30,4445,108853,2422,56792,2023,52061,0,0,4207,73297,235,17759,4208,91056,Not in California
Outside California,2021-01-31,3267,112120,2836,59628,431,52492,0,0,3204,76442,61,17820,3206,94262,Not in California
Outside California,2021-02-01,5642,117762,2636,62264,3006,55498,0,0,4913,80635,720,18540,4913,99175,Not in California
Outside California,2021-02-02,6912,124674,2239,64503,4673,60171,0,0,6169,86074,730,19270,6169,105344,Not in California
Outside California,2021-02-03,7536,132210,2133,66636,5403,65574,0,0,6636,91821,890,20160,6637,111981,Not in California
Outside California,2021-02-04,6916,139126,2164,68800,4752,70326,0,0,5874,96669,1027,21187,5875,117856,Not in California
Outside California,2021-02-05,7082,146208,2446,71246,4636,74962,0,0,5957,101510,1116,22303,5957,123813,Not in California
Outside California,2021-02-06,4470,150678,2185,73431,2285,77247,0,0,3996,105045,464,22767,3999,127812,Not in California
Outside California,2021-02-07,2230,152908,1833,75264,397,77644,0,0,2142,107103,86,22853,2144,129956,Not in California
Outside California,2021-02-08,5306,158214,3333,78597,1973,79617,0,0,4236,110280,1059,23912,4236,134192,Not in California
Outside California,2021-02-09,4303,162517,1922,80519,2381,81998,0,0,2975,111955,1301,25213,2976,137168,Not in California
Outside California,2021-02-10,5663,168180,1958,82477,3705,85703,0,0,3191,112732,2423,27636,3200,140368,Not in California
Outside California,2021-02-11,4921,173101,2292,84769,2629,88332,0,0,3560,114967,1344,28980,3579,143947,Not in California
Outside California,2021-02-12,5351,178452,1985,86754,3366,91698,0,0,3469,116576,1863,30843,3472,147419,Not in California
Outside California,2021-02-13,2461,180913,747,87501,1714,93412,0,0,1867,117866,589,31432,1879,149298,Not in California
Outside California,2021-02-14,1384,182297,431,87932,953,94365,0,0,1116,118724,260,31692,1118,150416,Not in California
Outside California,2021-02-15,2667,184964,1619,89551,1048,95413,0,0,1284,118644,1367,33059,1287,151703,Not in California
Outside California,2021-02-16,6674,191638,2922,92473,3752,99165,0,0,2604,117201,4052,37111,2609,154312,Not in California
Outside California,2021-02-17,6092,197730,3095,95568,2997,102162,0,0,1860,114850,4216,41327,1865,156177,Not in California
Outside California,2021-02-18,6675,204405,3847,99415,2828,104990,0,0,2098,112407,4542,45869,2099,158276,Not in California
Outside California,2021-02-19,5937,210342,4106,103521,1831,106821,0,0,2492,111469,3432,49301,2494,160770,Not in California
Outside California,2021-02-20,3541,213883,2866,106387,675,107496,0,0,1291,110518,2243,51544,1292,162062,Not in California
Outside California,2021-02-21,3111,216994,2876,109263,235,107731,0,0,929,109279,2168,53712,929,162991,Not in California
Outside California,2021-02-22,3770,220764,2764,112027,1006,108737,0,0,1699,108921,2062,55774,1704,164695,Not in California
Outside California,2021-02-23,6896,227660,3676,115703,3220,111957,0,0,2468,107085,4320,60094,2484,167179,Not in California
Outside California,2021-02-24,7058,234718,3756,119459,3302,115259,0,0,2538,105158,4470,64564,2543,169722,Not in California
Outside California,2021-02-25,7367,242085,3648,123107,3719,118978,0,0,3177,104191,4147,68711,3180,172902,Not in California
Outside California,2021-02-26,7483,249568,4000,127107,3483,122461,0,0,3183,103174,4201,72912,3184,176086,Not in California
Outside California,2021-02-27,5772,255340,2812,129919,2959,125420,1,1,1935,101301,3811,76723,1938,178024,Not in California
Outside California,2021-02-28,2459,257799,1771,131690,687,126107,1,2,816,100482,1638,78361,819,178843,Not in California
Outside California,2021-03-01,5043,262842,3178,134868,1864,127971,1,3,1408,98275,3621,81982,1414,180257,Not in California
Outside California,2021-03-02,6824,269666,2542,137410,4282,132253,0,3,2105,95681,4701,86683,2107,182364,Not in California
Outside California,2021-03-03,8023,277689,3148,140558,4873,137126,2,5,2753,93194,5245,91928,2758,185122,Not in California
Outside California,2021-03-04,6983,284672,2944,143502,4032,141158,7,12,2391,91032,4563,96491,2401,187523,Not in California
Outside California,2021-03-05,5398,290070,2723,146225,2660,143818,15,27,2793,91261,2587,99078,2816,190339,Not in California
Outside California,2021-03-06,4652,294722,2159,148384,2334,146152,159,186,2368,91517,2279,101357,2535,192874,Not in California
Outside California,2021-03-07,1763,296485,1039,149423,573,146725,151,337,1015,91947,743,102100,1173,194047,Not in California
Outside California,2021-03-08,3214,299699,1891,151314,1057,147782,266,603,2256,93550,926,103026,2529,196576,Not in California
Outside California,2021-03-09,4789,304488,2446,153760,2010,149792,333,936,2818,94743,1958,104984,3151,199727,Not in California
Outside California,2021-03-10,4537,309025,2159,155919,1843,151635,535,1471,2752,96262,1770,106754,3289,203016,Not in California
Outside California,2021-03-11,6322,315347,3218,159137,2413,154048,691,2162,3339,97326,2966,109720,4030,207046,Not in California
Outside California,2021-03-12,6560,321907,3932,163069,1896,155944,732,2894,3579,98675,2959,112679,4308,211354,Not in California
Outside California,2021-03-13,3859,325766,2205,165274,1184,157128,470,3364,2616,100529,1232,113911,3086,214440,Not in California
Outside California,2021-03-14,1823,327589,938,166212,546,157674,339,3703,997,101045,820,114731,1336,215776,Not in California
Outside California,2021-03-15,4096,331685,2144,168356,1480,159154,472,4175,2173,101783,1909,116640,2647,218423,Not in California
Outside California,2021-03-16,7620,339305,4421,172777,2807,161961,392,4567,4194,102958,3404,120044,4579,223002,Not in California
Outside California,2021-03-17,8520,347825,5513,178290,2627,164588,380,4947,5072,104977,3434,123478,5453,228455,Not in California
Outside California,2021-03-18,8388,356213,5179,183469,2663,167251,546,5493,4796,106741,3577,127055,5341,233796,Not in California
Outside California,2021-03-19,7415,363628,4408,187877,2461,169712,546,6039,4383,108658,3016,130071,4933,238729,Not in California
Outside California,2021-03-20,4813,368441,3170,191047,1551,171263,92,6131,3661,111276,1136,131207,3754,242483,Not in California
Outside California,2021-03-21,2122,370563,1453,192500,582,171845,87,6218,1691,112626,427,131634,1777,244260,Not in California
Outside California,2021-03-22,3329,373892,2012,194512,1229,173074,88,6306,2277,113947,1043,132677,2364,246624,Not in California
Outside California,2021-03-23,6169,380061,3137,197649,2724,175798,308,6614,4141,116401,1995,134672,4449,251073,Not in California
Outside California,2021-03-24,7401,387462,3796,201445,3157,178955,448,7062,5074,119609,2312,136984,5520,256593,Not in California
Outside California,2021-03-25,8336,395798,3859,205304,3952,182907,525,7587,6023,123867,2291,139275,6549,263142,Not in California
Outside California,2021-03-26,6759,402557,3563,208867,3016,185923,180,7767,4447,126213,2279,141554,4625,267767,Not in California
Outside California,2021-03-27,5599,408156,3125,211992,2254,188177,220,7987,3499,127842,2086,143640,3715,271482,Not in California
Outside California,2021-03-28,3108,411264,1655,213647,1291,189468,162,8149,1996,128897,1103,144743,2158,273640,Not in California
Outside California,2021-03-29,5266,416530,2346,215993,2572,192040,348,8497,3014,130017,2243,146986,3363,277003,Not in California
Outside California,2021-03-30,6968,423498,3662,219655,2736,194776,570,9067,4116,131871,2839,149825,4693,281696,Not in California
Outside California,2021-03-31,6448,429946,3840,223495,1819,196595,789,9856,3419,133054,3018,152843,4201,285897,Not in California
Outside California,2021-04-01,7715,437661,4616,228111,2436,199031,663,10519,4456,134917,3243,156086,5106,291003,Not in California
Outside California,2021-04-02,8544,446205,4535,232646,2867,201898,1142,11661,4413,136347,4118,160204,5548,296551,Not in California
Outside California,2021-04-03,6382,452587,3817,236463,1406,203304,1159,12820,3400,137936,2969,163173,4558,301109,Not in California
Outside California,2021-04-04,1837,454424,902,237365,695,203999,240,13060,996,138329,839,164012,1232,302341,Not in California
Outside California,2021-04-05,4244,458668,2056,239421,1507,205506,681,13741,2009,138792,2224,166236,2687,305028,Not in California
Outside California,2021-04-06,7269,465937,3910,243331,1705,207211,1654,15395,2911,139015,4335,170571,4558,309586,Not in California
Outside California,2021-04-07,8356,474293,4696,248027,1943,209154,1717,17112,3251,138882,5092,175663,4959,314545,Not in California
Outside California,2021-04-08,8349,482642,4389,252416,2011,211165,1949,19061,3333,139149,5001,180664,5268,319813,Not in California
Outside California,2021-04-09,7665,490307,3925,256341,1768,212933,1972,21033,2948,139357,4700,185364,4908,324721,Not in California
Outside California,2021-04-10,6177,496484,3029,259370,1282,214215,1866,22899,1708,138462,4455,189819,3560,328281,Not in California
Outside California,2021-04-11,2895,499379,1589,260959,658,214873,648,23547,985,138186,1905,191724,1629,329910,Not in California
Outside California,2021-04-12,4251,503630,2385,263344,1296,216169,570,24117,1887,138289,2354,194078,2457,332367,Not in California
Outside California,2021-04-13,5912,509542,3774,267118,2113,218282,25,24142,3061,138531,2843,196921,3085,335452,Not in California
Outside California,2021-04-14,5557,515099,3562,270680,1991,220273,4,24146,3063,139114,2484,199405,3067,338519,Not in California
Outside California,2021-04-15,6265,521364,3935,274615,2324,222597,6,24152,3378,139668,2831,202236,3385,341904,Not in California
Outside California,2021-04-16,6042,527406,3469,278084,2566,225163,7,24159,3367,140387,2658,204894,3377,345281,Not in California
Outside California,2021-04-17,5619,533025,3534,281618,2084,227247,1,24160,3248,141278,2357,207251,3248,348529,Not in California
Outside California,2021-04-18,2227,535252,1280,282898,946,228193,1,24161,1100,141261,1120,208371,1103,349632,Not in California
Outside California,2021-04-19,4243,539495,2049,284947,2193,230386,1,24162,2181,141397,2049,210420,2185,351817,Not in California
Outside California,2021-04-20,5578,545073,2602,287549,2975,233361,1,24163,2312,140459,3250,213670,2312,354129,Not in California
Outside California,2021-04-21,6746,551819,2947,290496,3793,237154,6,24169,2484,138709,4241,217911,2491,356620,Not in California
Outside California,2021-04-22,7057,558876,3647,294143,3408,240562,2,24171,2602,136873,4441,222352,2605,359225,Not in California
Outside California,2021-04-23,6056,564932,3117,297260,2938,243500,1,24172,2508,135858,3527,225879,2512,361737,Not in California
Outside California,2021-04-24,4728,569660,3091,300351,1632,245132,5,24177,1899,134944,2821,228700,1907,363644,Not in California
Outside California,2021-04-25,2257,571917,1267,301618,989,246121,1,24178,1186,135066,1068,229768,1190,364834,Not in California
Outside California,2021-04-26,4255,576172,1915,303533,2312,248433,28,24206,1915,134682,2327,232095,1943,366777,Not in California
Outside California,2021-04-27,5830,582002,2210,305743,3247,251680,373,24579,2029,133303,3789,235884,2410,369187,Not in California
Outside California,2021-04-28,5029,587031,2175,307918,2455,254135,399,24978,1982,132648,3030,238914,2375,371562,Not in California
Outside California,2021-04-29,5000,592031,2373,310291,2195,256330,432,25410,1902,131909,3073,241987,2334,373896,Not in California
Outside California,2021-04-30,5025,597056,2455,312746,2143,258473,427,25837,1901,131132,3108,245095,2331,376227,Not in California
Outside California,2021-05-01,3259,600315,1878,314624,950,259423,431,26268,1326,130974,1915,247010,1757,377984,Not in California
Outside California,2021-05-02,1884,602199,1114,315738,646,260069,124,26392,829,130878,1049,248059,953,378937,Not in California
Outside California,2021-05-03,2954,605153,1615,317353,1052,261121,287,26679,1132,130482,1814,249873,1418,380355,Not in California
Outside California,2021-05-04,4057,609210,2205,319558,1409,262530,443,27122,1346,129569,2699,252572,1786,382141,Not in California
Outside California,2021-05-05,4562,613772,2572,322130,1617,264147,373,27495,1644,128681,2908,255480,2020,384161,Not in California
Outside California,2021-05-06,4584,618356,2820,324950,1422,265569,342,27837,1596,127638,2980,258460,1937,386098,Not in California
Outside California,2021-05-07,4730,623086,2750,327700,1593,267162,387,28224,1618,126549,3094,261554,2005,388103,Not in California
Outside California,2021-05-08,3307,626393,2240,329940,817,267979,250,28474,1089,125679,2210,263764,1340,389443,Not in California
Outside California,2021-05-09,1411,627804,946,330886,343,268322,122,28596,576,125545,830,264594,696,390139,Not in California
Outside California,2021-05-10,2607,630411,1216,332102,1063,269385,328,28924,910,125095,1690,266284,1240,391379,Not in California
Outside California,2021-05-11,3145,633556,1549,333651,1292,270677,304,29228,1177,124617,1963,268247,1485,392864,Not in California
Outside California,2021-05-12,3279,636835,1590,335241,1360,272037,329,29557,1256,124182,2019,270266,1584,394448,Not in California
Outside California,2021-05-13,3273,640108,1911,337152,1153,273190,209,29766,1412,123949,1854,272120,1621,396069,Not in California
Outside California,2021-05-14,3620,643728,2048,339200,1333,274523,239,30005,1599,123776,2014,274134,1841,397910,Not in California
Outside California,2021-05-15,2685,646413,1581,340781,961,275484,143,30148,1149,123543,1528,275662,1295,399205,Not in California
Outside California,2021-05-16,1677,648090,1086,341867,522,276006,69,30217,766,123470,909,276571,836,400041,Not in California
Outside California,2021-05-17,3088,651178,1642,343509,1210,277216,236,30453,1316,123254,1768,278339,1552,401593,Not in California
Outside California,2021-05-18,3272,654450,1658,345167,1301,278517,313,30766,1456,123224,1802,280141,1772,403365,Not in California
Outside California,2021-05-19,3386,657836,1696,346863,1419,279936,271,31037,1458,123033,1919,282060,1728,405093,Not in California
Outside California,2021-05-20,3179,661015,1765,348628,1162,281098,252,31289,1414,122950,1751,283811,1668,406761,Not in California
Outside California,2021-05-21,3210,664225,1783,350411,1179,282277,248,31537,1350,122702,1846,285657,1598,408359,Not in California
Outside California,2021-05-22,2836,667061,1859,352270,774,283051,203,31740,1518,123115,1309,286966,1722,410081,Not in California
Outside California,2021-05-23,1578,668639,1032,353302,468,283519,78,31818,800,123218,776,287742,879,410960,Not in California
Outside California,2021-05-24,2442,671081,1171,354473,925,284444,346,32164,1065,123263,1366,289108,1411,412371,Not in California
Outside California,2021-05-25,2385,673466,1115,355588,935,285379,335,32499,1007,123234,1368,290476,1339,413710,Not in California
Outside California,2021-05-26,2397,675863,1109,356697,933,286312,355,32854,988,123178,1400,291876,1344,415054,Not in California
Outside California,2021-05-27,2181,678044,1076,357773,815,287127,290,33144,971,123233,1204,293080,1259,416313,Not in California
Outside California,2021-05-28,2446,680490,1233,359006,860,287987,353,33497,1098,123345,1340,294420,1452,417765,Not in California
Outside California,2021-05-29,1672,682162,836,359842,481,288468,355,33852,699,123431,968,295388,1054,418819,Not in California
Outside California,2021-05-30,922,683084,566,360408,232,288700,124,33976,459,123556,458,295846,583,419402,Not in California
Outside California,2021-05-31,431,683515,188,360596,203,288903,40,34016,185,123545,236,296082,225,419627,Not in California
Outside California,2021-06-01,2146,685661,1134,361730,708,289611,304,34320,1000,123708,1141,297223,1304,420931,Not in California
Outside California,2021-06-02,2018,687679,1003,362733,667,290278,348,34668,911,123872,1097,298320,1261,422192,Not in California
Outside California,2021-06-03,2162,689841,1184,363917,664,290942,314,34982,970,123972,1184,299504,1284,423476,Not in California
Outside California,2021-06-04,2523,692364,1411,365328,794,291736,318,35300,1065,123901,1452,300956,1381,424857,Not in California
Outside California,2021-06-05,1716,694080,1193,366521,359,292095,164,35464,756,123869,953,301909,921,425778,Not in California
Outside California,2021-06-06,927,695007,697,367218,148,292243,82,35546,433,123892,492,302401,515,426293,Not in California
Outside California,2021-06-07,1927,696934,1050,368268,548,292791,329,35875,792,123878,1134,303535,1120,427413,Not in California
Outside California,2021-06-08,2066,699000,1180,369448,541,293332,345,36220,784,123729,1277,304812,1128,428541,Not in California
Outside California,2021-06-09,1963,700963,1174,370622,505,293837,284,36504,788,123633,1166,305978,1070,429611,Not in California
Outside California,2021-06-10,1947,702910,1138,371760,501,294338,308,36812,825,123647,1120,307098,1134,430745,Not in California
Outside California,2021-06-11,2178,705088,1253,373013,594,294932,331,37143,913,123634,1258,308356,1245,431990,Not in California
Outside California,2021-06-12,1615,706703,1204,374217,282,295214,129,37272,628,123408,984,309340,758,432748,Not in California
Outside California,2021-06-13,932,707635,634,374851,197,295411,101,37373,396,123373,532,309872,497,433245,Not in California
Outside California,2021-06-14,1763,709398,984,375835,477,295888,302,37675,733,123382,1024,310896,1033,434278,Not in California
Outside California,2021-06-15,1713,711111,942,376777,496,296384,275,37950,754,123460,951,311847,1029,435307,Not in California
Outside California,2021-06-16,1691,712802,1002,377779,464,296848,225,38175,801,123605,881,312728,1026,436333,Not in California
Outside California,2021-06-17,1849,714651,1021,378800,472,297320,356,38531,827,123770,1018,313746,1183,437516,Not in California
Outside California,2021-06-18,1973,716624,1081,379881,433,297753,459,38990,829,123921,1136,314882,1287,438803,Not in California
Outside California,2021-06-19,1055,717679,696,380577,259,298012,100,39090,545,124061,503,315385,643,439446,Not in California
Outside California,2021-06-20,789,718468,575,381152,168,298180,46,39136,471,124263,315,315700,517,439963,Not in California
Outside California,2021-06-21,1280,719748,644,381796,322,298502,314,39450,686,124674,589,316289,1000,440963,Not in California
Outside California,2021-06-22,1643,721391,1039,382835,349,298851,255,39705,872,125036,765,317054,1127,442090,Not in California
Outside California,2021-06-23,1685,723076,924,383759,438,299289,323,40028,795,125270,883,317937,1117,443207,Not in California
Outside California,2021-06-24,1552,724628,909,384668,364,299653,279,40307,814,125626,736,318673,1092,444299,Not in California
Outside California,2021-06-25,1782,726410,1016,385684,404,300057,362,40669,864,125936,913,319586,1223,445522,Not in California
Outside California,2021-06-26,1154,727564,751,386435,223,300280,180,40849,597,126160,553,320139,777,446299,Not in California
Outside California,2021-06-27,755,728319,588,387023,109,300389,58,40907,450,126365,302,320441,507,446806,Not in California
Outside California,2021-06-28,1396,729715,827,387850,269,300658,300,41207,719,126709,677,321118,1021,447827,Not in California
Outside California,2021-06-29,1436,731151,877,388727,324,300982,235,41442,764,127041,665,321783,997,448824,Not in California
Outside California,2021-06-30,1391,732542,797,389524,375,301357,219,41661,743,127359,643,322426,961,449785,Not in California
Outside California,2021-07-01,1382,733924,797,390321,348,301705,237,41898,756,127734,617,323043,992,450777,Not in California
Outside California,2021-07-02,1375,735299,785,391106,350,302055,240,42138,703,128012,663,323706,941,451718,Not in California
Outside California,2021-07-03,814,736113,583,391689,150,302205,81,42219,521,128324,290,323996,602,452320,Not in California
Outside California,2021-07-04,106,736219,65,391754,25,302230,16,42235,66,128367,39,324035,82,452402,Not in California
Outside California,2021-07-05,1000,737219,623,392377,307,302537,70,42305,590,128622,405,324440,660,453062,Not in California
Outside California,2021-07-06,1386,738605,792,393169,309,302846,285,42590,658,128840,725,325165,943,454005,Not in California
Outside California,2021-07-07,1464,740069,762,393931,356,303202,346,42936,719,129160,741,325906,1061,455066,Not in California
Outside California,2021-07-08,670,740739,269,394200,144,303346,257,43193,239,129227,428,326334,495,455561,Not in California
Unknown,2020-12-17,2,2,2,2,0,0,0,0,0,0,0,0,0,0,Not in California
Unknown,2020-12-18,1,3,1,3,0,0,0,0,0,0,0,0,0,0,Not in California
Unknown,2020-12-21,4,7,4,7,0,0,0,0,0,0,0,0,0,0,Not in California
Unknown,2020-12-28,4,11,4,11,0,0,0,0,3,3,0,0,3,3,Not in California
Unknown,2020-12-29,6,17,5,16,1,1,0,0,7,10,0,0,7,10,Not in California
Unknown,2020-12-30,54,71,54,70,0,1,0,0,54,64,0,0,54,64,Not in California
Unknown,2020-12-31,1,72,0,70,1,2,0,0,0,64,0,0,0,64,Not in California
Unknown,2021-01-02,1,73,0,70,1,3,0,0,1,65,0,0,1,65,Not in California
Unknown,2021-01-04,3,76,3,73,0,3,0,0,2,67,0,0,2,67,Not in California
Unknown,2021-01-06,4,80,2,75,2,5,0,0,4,71,0,0,4,71,Not in California
Unknown,2021-01-07,72,152,71,146,1,6,0,0,71,142,0,0,71,142,Not in California
Unknown,2021-01-08,1,153,0,146,1,7,0,0,3,145,0,0,3,145,Not in California
Unknown,2021-01-09,2,155,2,148,0,7,0,0,3,148,0,0,3,148,Not in California
Unknown,2021-01-11,20,175,20,168,0,7,0,0,20,168,0,0,20,168,Not in California
Unknown,2021-01-12,11,186,10,178,1,8,0,0,9,177,1,1,10,178,Not in California
Unknown,2021-01-13,10,196,10,188,0,8,0,0,11,188,0,1,11,189,Not in California
Unknown,2021-01-14,3,199,3,191,0,8,0,0,3,191,0,1,3,192,Not in California
Unknown,2021-01-15,7,206,6,197,1,9,0,0,7,198,0,1,7,199,Not in California
Unknown,2021-01-16,7,213,7,204,0,9,0,0,7,205,0,1,7,206,Not in California
Unknown,2021-01-17,4,217,4,208,0,9,0,0,4,209,0,1,4,210,Not in California
Unknown,2021-01-18,56,273,56,264,0,9,0,0,54,261,2,3,54,264,Not in California
Unknown,2021-01-19,25,298,25,289,0,9,0,0,20,278,3,6,20,284,Not in California
Unknown,2021-01-20,81,379,81,370,0,9,0,0,29,254,53,59,29,313,Not in California
Unknown,2021-01-21,54,433,52,422,2,11,0,0,55,308,1,60,55,368,Not in California
Unknown,2021-01-22,36,469,32,454,4,15,0,0,36,344,0,60,36,404,Not in California
Unknown,2021-01-23,11,480,7,461,4,19,0,0,11,355,0,60,11,415,Not in California
Unknown,2021-01-24,2,482,2,463,0,19,0,0,3,358,0,60,3,418,Not in California
Unknown,2021-01-25,20,502,17,480,3,22,0,0,17,372,3,63,17,435,Not in California
Unknown,2021-01-26,88,590,87,567,1,23,0,0,90,461,1,64,90,525,Not in California
Unknown,2021-01-27,19,609,19,586,0,23,0,0,17,476,2,66,17,542,Not in California
Unknown,2021-01-28,159,768,157,743,2,25,0,0,101,516,61,127,101,643,Not in California
Unknown,2021-01-29,153,921,153,896,0,25,0,0,157,672,1,128,157,800,Not in California
Unknown,2021-01-30,12,933,10,906,2,27,0,0,14,684,2,130,14,814,Not in California
Unknown,2021-01-31,17,950,17,923,0,27,0,0,18,702,0,130,18,832,Not in California
Unknown,2021-02-01,38,988,36,959,2,29,0,0,20,702,20,150,20,852,Not in California
Unknown,2021-02-02,66,1054,65,1024,1,30,0,0,59,754,7,157,59,911,Not in California
Unknown,2021-02-03,42,1096,41,1065,1,31,0,0,30,773,11,168,30,941,Not in California
Unknown,2021-02-04,55,1151,50,1115,5,36,0,0,48,814,7,175,48,989,Not in California
Unknown,2021-02-05,22,1173,18,1133,4,40,0,0,16,824,6,181,16,1005,Not in California
Unknown,2021-02-06,17,1190,17,1150,0,40,0,0,11,829,6,187,11,1016,Not in California
Unknown,2021-02-07,9,1199,9,1159,0,40,0,0,7,834,2,189,7,1023,Not in California
Unknown,2021-02-08,56,1255,53,1212,3,43,0,0,15,808,41,230,15,1038,Not in California
Unknown,2021-02-09,21,1276,21,1233,0,43,0,0,6,799,15,245,6,1044,Not in California
Unknown,2021-02-10,34,1310,30,1263,4,47,0,0,10,784,25,270,10,1054,Not in California
Unknown,2021-02-11,88,1398,87,1350,1,48,0,0,44,782,46,316,44,1098,Not in California
Unknown,2021-02-12,42,1440,37,1387,5,53,0,0,10,760,32,348,10,1108,Not in California
Unknown,2021-02-13,12,1452,5,1392,7,60,0,0,8,764,4,352,8,1116,Not in California
Unknown,2021-02-14,7,1459,2,1394,5,65,0,0,4,766,2,354,4,1120,Not in California
Unknown,2021-02-15,45,1504,39,1433,6,71,0,0,28,779,15,369,28,1148,Not in California
Unknown,2021-02-16,115,1619,105,1538,10,81,0,0,33,730,82,451,33,1181,Not in California
Unknown,2021-02-17,14,1633,12,1550,2,83,0,0,8,729,9,460,8,1189,Not in California
Unknown,2021-02-18,110,1743,105,1655,5,88,0,0,18,655,92,552,18,1207,Not in California
Unknown,2021-02-19,198,1941,193,1848,5,93,0,0,47,551,151,703,47,1254,Not in California
Unknown,2021-02-20,9,1950,6,1854,3,96,0,0,3,548,6,709,3,1257,Not in California
Unknown,2021-02-21,18,1968,18,1872,0,96,0,0,1,532,17,726,1,1258,Not in California
Unknown,2021-02-22,18,1986,18,1890,0,96,0,0,7,528,11,737,7,1265,Not in California
Unknown,2021-02-23,66,2052,55,1945,11,107,0,0,15,493,50,787,15,1280,Not in California
Unknown,2021-02-24,45,2097,37,1982,8,115,0,0,15,479,29,816,15,1295,Not in California
Unknown,2021-02-25,73,2170,59,2041,14,129,0,0,25,455,49,865,25,1320,Not in California
Unknown,2021-02-26,39,2209,25,2066,14,143,0,0,21,460,16,881,21,1341,Not in California
Unknown,2021-02-27,22,2231,16,2082,6,149,0,0,9,460,9,890,9,1350,Not in California
Unknown,2021-02-28,19,2250,13,2095,6,155,0,0,12,467,5,895,12,1362,Not in California
Unknown,2021-03-01,44,2294,27,2122,17,172,0,0,24,472,19,914,24,1386,Not in California
Unknown,2021-03-02,22,2316,11,2133,11,183,0,0,12,477,7,921,12,1398,Not in California
Unknown,2021-03-03,17,2333,13,2146,4,187,0,0,11,483,5,926,11,1409,Not in California
Unknown,2021-03-04,48,2381,45,2191,3,190,0,0,18,471,30,956,18,1427,Not in California
Unknown,2021-03-05,24,2405,15,2206,9,199,0,0,21,486,6,962,21,1448,Not in California
Unknown,2021-03-06,20,2425,12,2218,6,205,2,2,16,500,4,966,18,1466,Not in California
Unknown,2021-03-07,3,2428,1,2219,0,205,2,4,2,502,2,968,4,1470,Not in California
Unknown,2021-03-08,33,2461,24,2243,7,212,2,6,9,488,25,993,11,1481,Not in California
Unknown,2021-03-09,39,2500,32,2275,3,215,4,10,10,472,30,1023,14,1495,Not in California
Unknown,2021-03-10,14,2514,11,2286,1,216,2,12,7,473,8,1031,9,1504,Not in California
Unknown,2021-03-11,31,2545,14,2300,3,219,14,26,8,473,22,1053,22,1526,Not in California
Unknown,2021-03-12,62,2607,48,2348,9,228,5,31,11,440,49,1102,16,1542,Not in California
Unknown,2021-03-13,16,2623,4,2352,8,236,4,35,6,440,10,1112,10,1552,Not in California
Unknown,2021-03-14,13,2636,6,2358,5,241,2,37,6,441,7,1119,8,1560,Not in California
Unknown,2021-03-15,36,2672,16,2374,18,259,2,39,24,453,14,1133,26,1586,Not in California
Unknown,2021-03-16,48,2720,22,2396,22,281,4,43,29,466,20,1153,33,1619,Not in California
Unknown,2021-03-17,39,2759,16,2412,22,303,1,44,34,497,4,1157,35,1654,Not in California
Unknown,2021-03-18,33,2792,20,2432,13,316,0,44,20,505,12,1169,20,1674,Not in California
Unknown,2021-03-19,29,2821,19,2451,10,326,0,44,22,519,8,1177,22,1696,Not in California
Unknown,2021-03-20,27,2848,13,2464,14,340,0,44,15,524,10,1187,15,1711,Not in California
Unknown,2021-03-21,16,2864,10,2474,6,346,0,44,12,533,3,1190,12,1723,Not in California
Unknown,2021-03-22,32,2896,19,2493,12,358,1,45,16,538,12,1202,17,1740,Not in California
Unknown,2021-03-23,24,2920,10,2503,9,367,5,50,11,543,11,1213,16,1756,Not in California
Unknown,2021-03-24,22,2942,9,2512,13,380,0,50,14,549,8,1221,14,1770,Not in California
Unknown,2021-03-25,39,2981,26,2538,13,393,0,50,24,559,14,1235,24,1794,Not in California
Unknown,2021-03-26,34,3015,18,2556,11,404,5,55,17,566,15,1250,22,1816,Not in California
Unknown,2021-03-27,32,3047,15,2571,14,418,3,58,18,570,17,1267,21,1837,Not in California
Unknown,2021-03-28,20,3067,9,2580,11,429,0,58,12,576,6,1273,12,1849,Not in California
Unknown,2021-03-29,40,3107,21,2601,19,448,0,58,23,586,13,1286,23,1872,Not in California
Unknown,2021-03-30,41,3148,24,2625,17,465,0,58,24,595,15,1301,24,1896,Not in California
Unknown,2021-03-31,35,3183,22,2647,12,477,1,59,25,610,11,1312,26,1922,Not in California
Unknown,2021-04-01,27,3210,17,2664,7,484,3,62,17,621,9,1321,20,1942,Not in California
Unknown,2021-04-02,45,3255,22,2686,14,498,9,71,19,623,26,1347,28,1970,Not in California
Unknown,2021-04-03,21,3276,10,2696,11,509,0,71,15,628,10,1357,15,1985,Not in California
Unknown,2021-04-04,15,3291,4,2700,11,520,0,71,9,632,5,1362,9,1994,Not in California
Unknown,2021-04-05,36,3327,22,2722,13,533,1,72,18,634,17,1379,19,2013,Not in California
Unknown,2021-04-06,24,3351,15,2737,8,541,1,73,12,636,11,1390,13,2026,Not in California
Unknown,2021-04-07,38,3389,26,2763,11,552,1,74,27,652,11,1401,27,2053,Not in California
Unknown,2021-04-08,32,3421,21,2784,6,558,5,79,15,653,19,1420,20,2073,Not in California
Unknown,2021-04-09,33,3454,24,2808,9,567,0,79,20,662,11,1431,20,2093,Not in California
Unknown,2021-04-10,11,3465,9,2817,1,568,1,80,5,661,7,1438,6,2099,Not in California
Unknown,2021-04-11,11,3476,7,2824,4,572,0,80,5,661,5,1443,5,2104,Not in California
Unknown,2021-04-12,37,3513,20,2844,16,588,1,81,16,655,23,1466,17,2121,Not in California
Unknown,2021-04-13,48,3561,28,2872,20,608,0,81,18,645,28,1494,18,2139,Not in California
Unknown,2021-04-14,30,3591,9,2881,21,629,0,81,6,627,24,1518,6,2145,Not in California
Unknown,2021-04-15,32,3623,17,2898,14,643,1,82,11,616,22,1540,11,2156,Not in California
Unknown,2021-04-16,26,3649,16,2914,10,653,0,82,10,610,16,1556,10,2166,Not in California
Unknown,2021-04-17,23,3672,14,2928,9,662,0,82,8,605,14,1570,9,2175,Not in California
Unknown,2021-04-18,21,3693,8,2936,13,675,0,82,10,603,12,1582,10,2185,Not in California
Unknown,2021-04-19,35,3728,22,2958,13,688,0,82,14,597,20,1602,14,2199,Not in California
Unknown,2021-04-20,24,3752,15,2973,9,697,0,82,6,585,18,1620,6,2205,Not in California
Unknown,2021-04-21,40,3792,20,2993,20,717,0,82,15,575,25,1645,15,2220,Not in California
Unknown,2021-04-22,27,3819,19,3012,8,725,0,82,7,563,19,1664,7,2227,Not in California
Unknown,2021-04-23,31,3850,16,3028,15,740,0,82,14,562,15,1679,14,2241,Not in California
Unknown,2021-04-24,34,3884,25,3053,9,749,0,82,18,565,15,1694,18,2259,Not in California
Unknown,2021-04-25,20,3904,9,3062,11,760,0,82,7,560,12,1706,7,2266,Not in California
Unknown,2021-04-26,29,3933,19,3081,10,770,0,82,12,554,18,1724,12,2278,Not in California
Unknown,2021-04-27,31,3964,18,3099,12,782,1,83,11,547,19,1743,12,2290,Not in California
Unknown,2021-04-28,28,3992,19,3118,7,789,2,85,8,537,20,1763,10,2300,Not in California
Unknown,2021-04-29,34,4026,22,3140,12,801,0,85,15,531,21,1784,15,2315,Not in California
Unknown,2021-04-30,30,4056,15,3155,10,811,5,90,16,537,15,1799,21,2336,Not in California
Unknown,2021-05-01,27,4083,20,3175,7,818,0,90,15,541,11,1810,15,2351,Not in California
Unknown,2021-05-02,15,4098,6,3181,8,826,1,91,5,538,9,1819,6,2357,Not in California
Unknown,2021-05-03,23,4121,15,3196,5,831,3,94,6,529,17,1836,8,2365,Not in California
Unknown,2021-05-04,19,4140,9,3205,5,836,5,99,5,524,15,1851,10,2375,Not in California
Unknown,2021-05-05,26,4166,11,3216,14,850,1,100,11,521,15,1866,12,2387,Not in California
Unknown,2021-05-06,34,4200,21,3237,6,856,7,107,11,515,24,1890,18,2405,Not in California
Unknown,2021-05-07,27,4227,13,3250,10,866,4,111,10,511,18,1908,14,2419,Not in California
Unknown,2021-05-08,16,4243,10,3260,4,870,2,113,5,508,10,1918,7,2426,Not in California
Unknown,2021-05-09,17,4260,4,3264,9,879,4,117,8,511,9,1927,12,2438,Not in California
Unknown,2021-05-10,21,4281,11,3275,7,886,3,120,3,501,16,1943,6,2444,Not in California
Unknown,2021-05-11,20,4301,10,3285,6,892,4,124,10,505,10,1953,14,2458,Not in California
Unknown,2021-05-12,14,4315,8,3293,5,897,1,125,4,501,9,1962,5,2463,Not in California
Unknown,2021-05-13,18,4333,12,3305,1,898,5,130,11,509,9,1971,17,2480,Not in California
Unknown,2021-05-14,23,4356,18,3323,4,902,1,131,14,514,9,1980,14,2494,Not in California
Unknown,2021-05-15,22,4378,20,3343,2,904,0,131,13,517,10,1990,13,2507,Not in California
Unknown,2021-05-16,26,4404,17,3360,8,912,1,132,14,520,12,2002,15,2522,Not in California
Unknown,2021-05-17,23,4427,17,3377,4,916,2,134,9,518,13,2015,11,2533,Not in California
Unknown,2021-05-18,31,4458,19,3396,10,926,2,136,17,523,14,2029,19,2552,Not in California
Unknown,2021-05-19,30,4488,22,3418,7,933,1,137,10,515,19,2048,11,2563,Not in California
Unknown,2021-05-20,18,4506,14,3432,3,936,1,138,10,519,7,2055,11,2574,Not in California
Unknown,2021-05-21,24,4530,13,3445,7,943,4,142,9,517,15,2070,13,2587,Not in California
Unknown,2021-05-22,31,4561,26,3471,4,947,1,143,15,520,13,2083,16,2603,Not in California
Unknown,2021-05-23,10,4571,7,3478,3,950,0,143,6,522,4,2087,6,2609,Not in California
Unknown,2021-05-24,9,4580,6,3484,2,952,1,144,5,524,4,2091,6,2615,Not in California
Unknown,2021-05-25,20,4600,10,3494,4,956,6,150,7,525,12,2103,13,2628,Not in California
Unknown,2021-05-26,12,4612,9,3503,2,958,1,151,3,522,7,2110,4,2632,Not in California
Unknown,2021-05-27,22,4634,15,3518,5,963,2,153,6,515,15,2125,8,2640,Not in California
Unknown,2021-05-28,22,4656,12,3530,5,968,5,158,12,522,10,2135,17,2657,Not in California
Unknown,2021-05-29,20,4676,18,3548,2,970,0,158,14,530,6,2141,14,2671,Not in California
Unknown,2021-05-30,6,4682,3,3551,2,972,1,159,2,529,4,2145,3,2674,Not in California
Unknown,2021-05-31,1,4683,1,3552,0,972,0,159,0,528,1,2146,0,2674,Not in California
Unknown,2021-06-01,28,4711,15,3567,7,979,6,165,11,529,16,2162,17,2691,Not in California
Unknown,2021-06-02,7,4718,4,3571,3,982,0,165,2,526,5,2167,2,2693,Not in California
Unknown,2021-06-03,17,4735,16,3587,1,983,0,165,8,525,9,2176,8,2701,Not in California
Unknown,2021-06-04,28,4763,18,3605,10,993,0,165,15,527,13,2189,15,2716,Not in California
Unknown,2021-06-05,29,4792,22,3627,6,999,1,166,16,531,13,2202,17,2733,Not in California
Unknown,2021-06-06,29,4821,20,3647,6,1005,3,169,11,527,18,2220,14,2747,Not in California
Unknown,2021-06-07,20,4841,9,3656,8,1013,3,172,9,528,11,2231,12,2759,Not in California
Unknown,2021-06-08,15,4856,7,3663,5,1018,3,175,5,526,10,2241,8,2767,Not in California
Unknown,2021-06-09,30,4886,20,3683,9,1027,1,176,17,532,12,2253,18,2785,Not in California
Unknown,2021-06-10,14,4900,11,3694,3,1030,0,176,6,530,8,2261,6,2791,Not in California
Unknown,2021-06-11,6,4906,4,3698,1,1031,1,177,5,534,2,2263,6,2797,Not in California
Unknown,2021-06-12,15,4921,11,3709,4,1035,0,177,9,536,7,2270,9,2806,Not in California
Unknown,2021-06-13,10,4931,6,3715,4,1039,0,177,3,532,7,2277,3,2809,Not in California
Unknown,2021-06-14,9,4940,8,3723,1,1040,0,177,3,530,5,2282,3,2812,Not in California
Unknown,2021-06-15,22,4962,13,3736,9,1049,0,177,8,525,13,2295,8,2820,Not in California
Unknown,2021-06-16,6,4968,3,3739,3,1052,0,177,5,529,1,2296,5,2825,Not in California
Unknown,2021-06-17,17,4985,11,3750,4,1056,2,179,12,539,4,2300,14,2839,Not in California
Unknown,2021-06-18,15,5000,11,3761,4,1060,0,179,8,540,7,2307,8,2847,Not in California
Unknown,2021-06-19,12,5012,10,3771,1,1061,1,180,2,533,10,2317,3,2850,Not in California
Unknown,2021-06-20,6,5018,4,3775,1,1062,1,181,3,534,3,2320,4,2854,Not in California
Unknown,2021-06-21,13,5031,9,3784,4,1066,0,181,8,537,5,2325,8,2862,Not in California
Unknown,2021-06-22,17,5048,11,3795,6,1072,0,181,14,548,3,2328,14,2876,Not in California
Unknown,2021-06-23,9,5057,4,3799,4,1076,1,182,6,552,3,2331,7,2883,Not in California
Unknown,2021-06-24,11,5068,5,3804,5,1081,1,183,6,554,5,2336,7,2890,Not in California
Unknown,2021-06-25,13,5081,12,3816,1,1082,0,183,8,558,4,2340,8,2898,Not in California
Unknown,2021-06-26,14,5095,14,3830,0,1082,0,183,10,564,4,2344,10,2908,Not in California
Unknown,2021-06-27,23,5118,18,3848,3,1085,2,185,12,567,11,2355,14,2922,Not in California
Unknown,2021-06-28,16,5134,13,3861,3,1088,0,185,11,573,5,2360,11,2933,Not in California
Unknown,2021-06-29,8,5142,6,3867,2,1090,0,185,7,579,1,2361,7,2940,Not in California
Unknown,2021-06-30,22,5164,21,3888,1,1091,0,185,12,581,10,2371,12,2952,Not in California
Unknown,2021-07-01,21,5185,20,3908,1,1092,0,185,15,592,4,2375,15,2967,Not in California
Unknown,2021-07-02,8,5193,5,3913,3,1095,0,185,5,594,3,2378,5,2972,Not in California
Unknown,2021-07-03,8,5201,8,3921,0,1095,0,185,4,594,4,2382,4,2976,Not in California
Unknown,2021-07-04,2,5203,2,3923,0,1095,0,185,0,592,2,2384,0,2976,Not in California
Unknown,2021-07-05,25,5228,20,3943,4,1099,1,186,17,602,8,2392,18,2994,Not in California
Unknown,2021-07-06,13,5241,10,3953,3,1102,0,186,7,603,6,2398,7,3001,Not in California
Unknown,2021-07-07,28,5269,17,3970,9,1111,2,188,17,611,11,2409,19,3020,Not in California
Alameda,2020-12-15,37,37,37,37,0,0,0,0,37,37,0,0,37,37,California
Alameda,2020-12-16,212,249,212,249,0,0,0,0,212,249,0,0,212,249,California
Alameda,2020-12-17,513,762,513,762,0,0,0,0,513,762,0,0,513,762,California
Alameda,2020-12-18,1920,2682,1919,2681,1,1,0,0,1920,2682,0,0,1920,2682,California
Alameda,2020-12-19,1431,4113,1431,4112,0,1,0,0,1431,4113,0,0,1431,4113,California
Alameda,2020-12-20,1183,5296,1182,5294,1,2,0,0,1182,5294,1,1,1182,5295,California
Alameda,2020-12-21,1852,7148,1850,7144,2,4,0,0,1851,7145,0,1,1851,7146,California
Alameda,2020-12-22,2103,9251,2049,9193,54,58,0,0,2102,9246,1,2,2102,9248,California
Alameda,2020-12-23,1936,11187,1680,10873,256,314,0,0,1936,11182,0,2,1936,11184,California
Alameda,2020-12-24,1217,12404,754,11627,463,777,0,0,1217,12399,0,2,1217,12401,California
Alameda,2020-12-25,163,12567,126,11753,37,814,0,0,163,12562,0,2,163,12564,California
Alameda,2020-12-26,862,13429,324,12077,538,1352,0,0,862,13424,0,2,862,13426,California
Alameda,2020-12-27,498,13927,257,12334,241,1593,0,0,498,13922,0,2,498,13924,California
Alameda,2020-12-28,1889,15816,966,13300,923,2516,0,0,1889,15811,0,2,1889,15813,California
Alameda,2020-12-29,2488,18304,1080,14380,1408,3924,0,0,2487,18298,0,2,2487,18300,California
Alameda,2020-12-30,3100,21404,1328,15708,1772,5696,0,0,3100,21398,0,2,3100,21400,California
Alameda,2020-12-31,1803,23207,448,16156,1355,7051,0,0,1800,23196,2,4,1800,23200,California
Alameda,2021-01-01,179,23386,76,16232,103,7154,0,0,177,23371,2,6,177,23377,California
Alameda,2021-01-02,731,24117,526,16758,205,7359,0,0,730,24101,0,6,730,24107,California
Alameda,2021-01-03,335,24452,217,16975,118,7477,0,0,332,24430,3,9,332,24439,California
Alameda,2021-01-04,1623,26075,915,17890,708,8185,0,0,1611,26030,11,20,1611,26050,California
Alameda,2021-01-05,2229,28304,1285,19175,944,9129,0,0,1974,27752,252,272,1974,28024,California
Alameda,2021-01-06,3289,31593,1817,20992,1472,10601,0,0,2411,29290,875,1147,2413,30437,California
Alameda,2021-01-07,3843,35436,2162,23154,1681,12282,0,0,2645,30751,1189,2336,2650,33087,California
Alameda,2021-01-08,4782,40218,2735,25889,2047,14329,0,0,3039,32057,1738,4074,3044,36131,California
Alameda,2021-01-09,2036,42254,1385,27274,651,14980,0,0,1169,32359,867,4941,1169,37300,California
Alameda,2021-01-10,1066,43320,840,28114,226,15206,0,0,428,32148,639,5580,428,37728,California
Alameda,2021-01-11,4688,48008,3548,31662,1140,16346,0,0,2872,33213,1814,7394,2879,40607,California
Alameda,2021-01-12,4871,52879,3285,34947,1586,17932,0,0,3464,35276,1404,8798,3467,44074,California
Alameda,2021-01-13,5082,57961,2705,37652,2377,20309,0,0,3876,37952,1202,10000,3878,47952,California
Alameda,2021-01-14,5690,63651,2814,40466,2876,23185,0,0,4788,41850,893,10893,4791,52743,California
Alameda,2021-01-15,5878,69529,2336,42802,3542,26727,0,0,5093,46169,778,11671,5097,57840,California
Alameda,2021-01-16,3005,72534,1399,44201,1606,28333,0,0,2733,48630,273,11944,2734,60574,California
Alameda,2021-01-17,1884,74418,1091,45292,793,29126,0,0,1676,50099,208,12152,1677,62251,California
Alameda,2021-01-18,3197,77615,2049,47341,1148,30274,0,0,2602,52113,590,12742,2604,64855,California
Alameda,2021-01-19,5556,83171,3334,50675,2222,32496,0,0,4355,55271,1199,13941,4357,69212,California
Alameda,2021-01-20,6939,90110,4241,54916,2698,35194,0,0,5634,59618,1291,15232,5638,74850,California
Alameda,2021-01-21,8188,98298,3769,58685,4419,39613,0,0,7330,66103,850,16082,7335,82185,California
Alameda,2021-01-22,6917,105215,2066,60751,4851,44464,0,0,5762,70720,1146,17228,5763,87948,California
Alameda,2021-01-23,3301,108516,952,61703,2349,46813,0,0,2743,72907,556,17784,2743,90691,California
Alameda,2021-01-24,2047,110563,655,62358,1392,48205,0,0,1772,74408,271,18055,1772,92463,California
Alameda,2021-01-25,5221,115784,1988,64346,3233,51438,0,0,3634,76465,1579,19634,3636,96099,California
Alameda,2021-01-26,7367,123151,2326,66672,5041,56479,0,0,5466,80040,1892,21526,5467,101566,California
Alameda,2021-01-27,6762,129913,2085,68757,4677,61156,0,0,4879,83046,1873,23399,4879,106445,California
Alameda,2021-01-28,7932,137845,2563,71320,5369,66525,0,0,5674,86480,2242,25641,5676,112121,California
Alameda,2021-01-29,8035,145880,3204,74524,4831,71356,0,0,6180,90819,1843,27484,6182,118303,California
Alameda,2021-01-30,3465,149345,1700,76224,1765,73121,0,0,2748,92855,712,28196,2748,121051,California
Alameda,2021-01-31,1937,151282,959,77183,978,74099,0,0,1695,94312,238,28434,1695,122746,California
Alameda,2021-02-01,6517,157799,3886,81069,2631,76730,0,0,4356,96518,2151,30585,4357,127103,California
Alameda,2021-02-02,7095,164894,3818,84887,3277,80007,0,0,4740,98914,2344,32929,4740,131843,California
Alameda,2021-02-03,7172,172066,3784,88671,3388,83395,0,0,4415,100584,2750,35679,4420,136263,California
Alameda,2021-02-04,9602,181668,4159,92830,5443,88838,0,0,6436,103874,3152,38831,6442,142705,California
Alameda,2021-02-05,10411,192079,5425,98255,4986,93824,0,0,6500,106477,3903,42734,6506,149211,California
Alameda,2021-02-06,7045,199124,4466,102721,2579,96403,0,0,5895,111227,1146,43880,5896,155107,California
Alameda,2021-02-07,3595,202719,2897,105618,698,97101,0,0,2647,112931,944,44824,2648,157755,California
Alameda,2021-02-08,8175,210894,5841,111459,2334,99435,0,0,5574,115919,2588,47412,5576,163331,California
Alameda,2021-02-09,9771,220665,5878,117337,3893,103328,0,0,6093,118357,3657,51069,6095,169426,California
Alameda,2021-02-10,11593,232258,6842,124179,4751,108079,0,0,6503,119797,5071,56140,6511,175937,California
Alameda,2021-02-11,14082,246340,8080,132259,6002,114081,0,0,8154,122044,5910,62050,8157,184094,California
Alameda,2021-02-12,12663,259003,5761,138020,6902,120983,0,0,7824,125058,4813,66863,7827,191921,California
Alameda,2021-02-13,7872,266875,4088,142108,3784,124767,0,0,5878,128952,1986,68849,5880,197801,California
Alameda,2021-02-14,4070,270945,2562,144670,1508,126275,0,0,2884,130659,1180,70029,2887,200688,California
Alameda,2021-02-15,5709,276654,3209,147879,2500,128775,0,0,3699,132354,2008,72037,3703,204391,California
Alameda,2021-02-16,12635,289289,7018,154897,5617,134392,0,0,9351,138443,3271,75308,9360,213751,California
Alameda,2021-02-17,14313,303602,8503,163400,5810,140202,0,0,10602,145357,3690,78998,10604,224355,California
Alameda,2021-02-18,16084,319686,10211,173611,5873,146075,0,0,11656,152604,4415,83413,11662,236017,California
Alameda,2021-02-19,18060,337746,11733,185344,6327,152402,0,0,11899,158372,6137,89550,11905,247922,California
Alameda,2021-02-20,12222,349968,9876,195220,2346,154748,0,0,9361,164884,2855,92405,9367,257289,California
Alameda,2021-02-21,7983,357951,6999,202219,984,155732,0,0,5364,167641,2608,95013,5365,262654,California
Alameda,2021-02-22,11420,369371,8434,210653,2986,158718,0,0,7162,170571,4241,99254,7171,269825,California
Alameda,2021-02-23,13584,382955,8251,218904,5333,164051,0,0,8424,173854,5148,104402,8431,278256,California
Alameda,2021-02-24,15461,398416,8675,227579,6786,170837,0,0,9982,178432,5409,109811,9987,288243,California
Alameda,2021-02-25,16437,414853,9541,237120,6896,177733,0,0,10342,182730,6053,115864,10351,298594,California
Alameda,2021-02-26,19024,433877,11116,248236,7908,185641,0,0,12057,187881,6912,122776,12063,310657,California
Alameda,2021-02-27,15373,449250,11350,259586,4021,189662,2,2,9454,191461,5879,128655,9459,320116,California
Alameda,2021-02-28,10171,459421,8478,268064,1692,191354,1,3,6585,194490,3559,132214,6588,326704,California
Alameda,2021-03-01,14198,473619,9817,277881,4368,195722,13,16,8670,197703,5477,137691,8690,335394,California
Alameda,2021-03-02,15155,488774,10889,288770,4264,199986,2,18,9904,202392,5225,142916,9914,345308,California
Alameda,2021-03-03,15964,504738,10463,299233,5498,205484,3,21,10908,208283,5025,147941,10916,356224,California
Alameda,2021-03-04,17601,522339,11287,310520,6312,211796,2,23,11065,212859,6491,154432,11067,367291,California
Alameda,2021-03-05,16417,538756,10735,321255,5672,217468,10,33,11061,218627,5310,159742,11078,378369,California
Alameda,2021-03-06,14687,553443,10326,331581,4099,221567,262,295,9697,223648,4938,164680,9959,388328,California
Alameda,2021-03-07,9999,563442,8542,340123,1241,222808,216,511,7048,227997,2918,167598,7267,395595,California
Alameda,2021-03-08,12088,575530,7513,347636,4176,226984,399,910,9021,234400,3015,170613,9418,405013,California
Alameda,2021-03-09,14841,590371,10380,358016,4020,231004,441,1351,8073,236186,6728,177341,8514,413527,California
Alameda,2021-03-10,17706,608077,12248,370264,4886,235890,572,1923,7958,234990,9714,187055,8518,422045,California
Alameda,2021-03-11,19959,628036,11687,381951,6551,242441,1721,3644,6784,230327,13142,200197,8479,430524,California
Alameda,2021-03-12,21558,649594,12598,394549,7254,249695,1706,5350,7437,225365,14087,214284,9125,439649,California
Alameda,2021-03-13,16256,665850,10409,404958,4836,254531,1011,6361,5164,220472,11055,225339,6162,445811,California
Alameda,2021-03-14,10959,676809,8063,413021,2105,256636,791,7152,3316,216946,7620,232959,4094,449905,California
Alameda,2021-03-15,14604,691413,9547,422568,4523,261159,534,7686,6185,215281,8379,241338,6714,456619,California
Alameda,2021-03-16,17422,708835,11285,433853,5590,266749,547,8233,7299,213066,10063,251401,7848,464467,California
Alameda,2021-03-17,17829,726664,10124,443977,6970,273719,735,8968,8200,212417,9578,260979,8929,473396,California
Alameda,2021-03-18,19508,746172,10680,454657,7926,281645,902,9870,8785,211416,10687,271666,9686,483082,California
Alameda,2021-03-19,19775,765947,10885,465542,7090,288735,1800,11670,7744,208970,11975,283641,9529,492611,California
Alameda,2021-03-20,15935,781882,10435,475977,4638,293373,862,12532,6376,206677,9521,293162,7228,499839,California
Alameda,2021-03-21,9351,791233,7355,483332,1439,294812,557,13089,3475,204844,5864,299026,4031,503870,California
Alameda,2021-03-22,15344,806577,10336,493668,3996,298808,1012,14101,6975,204487,8334,307360,7977,511847,California
Alameda,2021-03-23,19628,826205,11918,505586,6897,305705,813,14914,9957,205644,9616,316976,10773,522620,California
Alameda,2021-03-24,19536,845741,11816,517402,6691,312396,1029,15943,8463,204117,11006,327982,9479,532099,California
Alameda,2021-03-25,20818,866559,11598,529000,7808,320204,1412,17355,9506,203787,11233,339215,10903,543002,California
Alameda,2021-03-26,21218,887777,12795,541795,6852,327056,1571,18926,8578,201330,12586,351801,10129,553131,California
Alameda,2021-03-27,18501,906278,12628,554423,4916,331972,957,19883,7567,198966,10874,362675,8510,561641,California
Alameda,2021-03-28,10719,916997,8726,563149,1791,333763,202,20085,3478,195430,7220,369895,3684,565325,California
Alameda,2021-03-29,14936,931933,9524,572673,4413,338176,999,21084,5982,193497,8911,378806,6978,572303,California
Alameda,2021-03-30,18882,950815,9932,582605,7222,345398,1728,22812,9472,195311,9373,388179,11187,583490,California
Alameda,2021-03-31,19691,970506,10397,593002,7177,352575,2117,24929,9220,196192,10438,398617,11319,594809,California
Alameda,2021-04-01,23615,994121,10147,603149,7757,360332,5711,30640,11225,200737,12327,410944,16872,611681,California
Alameda,2021-04-02,24417,1018538,10033,613182,8482,368814,5902,36542,11858,205916,12517,423461,17696,629377,California
Alameda,2021-04-03,20519,1039057,9920,623102,5723,374537,4876,41418,10372,211007,10120,433581,15211,644588,California
Alameda,2021-04-04,10020,1049077,4010,627112,2300,376837,3710,45128,3469,211634,6529,440110,7156,651744,California
Alameda,2021-04-05,18032,1067109,7611,634723,5603,382440,4818,49946,7366,213165,10636,450746,12167,663911,California
Alameda,2021-04-06,22465,1089574,10818,645541,5769,388209,5878,55824,10228,217030,12196,462942,16061,679972,California
Alameda,2021-04-07,22807,1112381,11723,657264,5587,393796,5497,61321,11530,222807,11227,474169,17004,696976,California
Alameda,2021-04-08,25823,1138204,11672,668936,6110,399906,8041,69362,11056,227186,14683,488852,19062,716038,California
Alameda,2021-04-09,23702,1161906,10836,679772,7595,407501,5271,74633,12195,233168,11466,500318,17448,733486,California
Alameda,2021-04-10,19482,1181388,7520,687292,5720,413221,6242,80875,8277,236484,11174,511492,14490,747976,California
Alameda,2021-04-11,11111,1192499,4870,692162,2280,415501,3961,84836,4515,238359,6576,518068,8451,756427,California
Alameda,2021-04-12,18314,1210813,11879,704041,4437,419938,1998,86834,10297,242674,7973,526041,12288,768715,California
Alameda,2021-04-13,23301,1234114,14763,718804,8476,428414,62,86896,17096,253691,6148,532189,17165,785880,California
Alameda,2021-04-14,23405,1257519,15346,734150,8057,436471,2,86898,15659,261656,7701,539890,15666,801546,California
Alameda,2021-04-15,24509,1282028,15638,749788,8866,445337,5,86903,16146,269521,8295,548185,16160,817706,California
Alameda,2021-04-16,24900,1306928,14657,764445,10237,455574,6,86909,15887,276486,8943,557128,15908,833614,California
Alameda,2021-04-17,21215,1328143,14661,779106,6552,462126,2,86911,14655,284640,6517,563645,14671,848285,California
Alameda,2021-04-18,10450,1338593,8067,787173,2383,464509,0,86911,7219,288674,3194,566839,7228,855513,California
Alameda,2021-04-19,15990,1354583,9942,797115,6047,470556,1,86912,9239,291215,6708,573547,9249,864762,California
Alameda,2021-04-20,19017,1373600,11766,808881,7249,477805,2,86914,10340,292960,8617,582164,10362,875124,California
Alameda,2021-04-21,20447,1394047,12284,821165,8151,485956,12,86926,11800,296214,8579,590743,11833,886957,California
Alameda,2021-04-22,22131,1416178,14388,835553,7738,493694,5,86931,11730,297637,10338,601081,11761,898718,California
Alameda,2021-04-23,22498,1438676,14698,850251,7796,501490,4,86935,12493,300228,9935,611016,12526,911244,California
Alameda,2021-04-24,19072,1457748,14472,864723,4592,506082,8,86943,10071,301374,8949,619965,10095,921339,California
Alameda,2021-04-25,9027,1466775,7021,871744,2005,508087,1,86944,5908,304204,3090,623055,5920,927259,California
Alameda,2021-04-26,14875,1481650,10331,882075,4517,512604,27,86971,9103,307613,5733,628788,9142,936401,California
Alameda,2021-04-27,16731,1498381,9965,892040,6397,519001,369,87340,7842,307016,8832,637620,8235,944636,California
Alameda,2021-04-28,17083,1515464,10900,902940,5717,524718,466,87806,6906,304267,10138,647758,7389,952025,California
Alameda,2021-04-29,17724,1533188,10746,913686,6648,531366,330,88136,6603,300170,11054,658812,6957,958982,California
Alameda,2021-04-30,20573,1553761,12944,926630,7282,538648,347,88483,8473,297028,12007,670819,8865,967847,California
Alameda,2021-05-01,14103,1567864,9431,936061,4461,543109,211,88694,5263,293734,8796,679615,5502,973349,California
Alameda,2021-05-02,7112,1574976,4965,941026,1976,545085,171,88865,2901,292616,4193,683808,3075,976424,California
Alameda,2021-05-03,14630,1589606,11001,952027,3307,548392,322,89187,2859,284124,11706,695514,3214,979638,California
Alameda,2021-05-04,18881,1608487,13644,965671,4873,553265,364,89551,3806,273332,14998,710512,4206,983844,California
Alameda,2021-05-05,18786,1627273,13729,979400,4548,557813,509,90060,3834,262807,14886,725398,4361,988205,California
Alameda,2021-05-06,19288,1646561,14679,994079,3914,561727,695,90755,3781,251873,15424,740822,4490,992695,California
Alameda,2021-05-07,19501,1666062,13167,1007246,5914,567641,420,91175,4472,241827,14954,755776,4908,997603,California
Alameda,2021-05-08,17088,1683150,11860,1019106,5015,572656,213,91388,3265,231538,13783,769559,3494,1001097,California
Alameda,2021-05-09,8586,1691736,7030,1026136,1413,574069,143,91531,1329,225779,7235,776794,1476,1002573,California
Alameda,2021-05-10,10434,1702170,7200,1033336,2907,576976,327,91858,2508,220737,7887,784681,2845,1005418,California
Alameda,2021-05-11,15728,1717898,8624,1041960,6788,583764,316,92174,2808,211029,12870,797551,3162,1008580,California
Alameda,2021-05-12,13535,1731433,9030,1050990,4058,587822,447,92621,2715,203453,10773,808324,3197,1011777,California
Alameda,2021-05-13,18085,1749518,13009,1063999,4534,592356,542,93163,5732,197467,12300,820624,6314,1018091,California
Alameda,2021-05-14,20836,1770354,14162,1078161,6208,598564,466,93629,7068,191329,13686,834310,7548,1025639,California
Alameda,2021-05-15,17337,1787691,12658,1090819,4447,603011,232,93861,5928,186136,11358,845668,6165,1031804,California
Alameda,2021-05-16,8899,1796590,7651,1098470,1142,604153,106,93967,3140,183663,5724,851392,3251,1035055,California
Alameda,2021-05-17,13568,1810158,10119,1108589,2917,607070,532,94499,4200,179081,9327,860719,4745,1039800,California
Alameda,2021-05-18,14288,1824446,10390,1118979,3472,610542,426,94925,4988,175242,9254,869973,5415,1045215,California
Alameda,2021-05-19,14542,1838988,9976,1128955,4228,614770,338,95263,5882,172855,8609,878582,6222,1051437,California
Alameda,2021-05-20,13441,1852429,8887,1137842,4018,618788,536,95799,5748,171502,7637,886219,6284,1057721,California
Alameda,2021-05-21,15292,1867721,10055,1147897,4966,623754,271,96070,5069,166693,10154,896373,5345,1063066,California
Alameda,2021-05-22,10376,1878097,7496,1155393,2712,626466,168,96238,4198,164916,6146,902519,4369,1067435,California
Alameda,2021-05-23,5141,1883238,3962,1159355,1090,627556,89,96327,1679,163245,3440,905959,1769,1069204,California
Alameda,2021-05-24,7276,1890514,4243,1163598,2773,630329,260,96587,2827,161929,4408,910367,3092,1072296,California
Alameda,2021-05-25,8038,1898552,5197,1168795,2579,632908,262,96849,3523,161231,4479,914846,3781,1076077,California
Alameda,2021-05-26,8300,1906852,5187,1173982,2812,635720,301,97150,3580,160414,4693,919539,3876,1079953,California
Alameda,2021-05-27,8167,1915019,4882,1178864,2882,638602,403,97553,3342,159371,4783,924322,3740,1083693,California
Alameda,2021-05-28,8640,1923659,5060,1183924,3352,641954,228,97781,3602,158197,5006,929328,3832,1087525,California
Alameda,2021-05-29,4959,1928618,3000,1186924,1772,643726,187,97968,2450,158350,2486,931814,2639,1090164,California
Alameda,2021-05-30,2466,1931084,1617,1188541,760,644486,89,98057,972,157927,1484,933298,1061,1091225,California
Alameda,2021-05-31,1163,1932247,861,1189402,247,644733,55,98112,347,157529,800,934098,402,1091627,California
Alameda,2021-06-01,7189,1939436,4984,1194386,1892,646625,313,98425,2955,156589,4206,938304,3266,1094893,California
Alameda,2021-06-02,5829,1945265,3626,1198012,1979,648604,224,98649,2182,155375,3612,941916,2398,1097291,California
Alameda,2021-06-03,8507,1953772,6413,1204425,1793,650397,301,98950,2770,152743,5698,947614,3066,1100357,California
Alameda,2021-06-04,10480,1964252,7725,1212150,2513,652910,242,99192,2830,148204,7612,955226,3073,1103430,California
Alameda,2021-06-05,8105,1972357,5895,1218045,2049,654959,161,99353,1793,143877,6278,961504,1951,1105381,California
Alameda,2021-06-06,3691,1976048,3332,1221377,278,655237,81,99434,867,142011,2814,964318,948,1106329,California
Alameda,2021-06-07,5874,1981922,4286,1225663,1411,656648,177,99611,1724,139787,4125,968443,1901,1108230,California
Alameda,2021-06-08,7275,1989197,5816,1231479,1216,657864,243,99854,2100,136980,5148,973591,2341,1110571,California
Alameda,2021-06-09,7303,1996500,5968,1237447,1139,659003,196,100050,1673,133240,5603,979194,1863,1112434,California
Alameda,2021-06-10,8018,2004518,6707,1244154,1005,660008,306,100356,2134,129816,5860,985054,2436,1114870,California
Alameda,2021-06-11,8070,2012588,6187,1250341,1658,661666,225,100581,2465,126931,5578,990632,2693,1117563,California
Alameda,2021-06-12,5510,2018098,4225,1254566,1097,662763,188,100769,1366,124371,4118,994750,1558,1119121,California
Alameda,2021-06-13,2311,2020409,1763,1256329,426,663189,122,100891,662,123515,1638,996388,782,1119903,California
Alameda,2021-06-14,4587,2024996,3448,1259777,927,664116,212,101103,1546,122252,3019,999407,1756,1121659,California
Alameda,2021-06-15,6021,2031017,4375,1264152,1364,665480,282,101385,1791,120132,4192,1003599,2072,1123731,California
Alameda,2021-06-16,5161,2036178,4115,1268267,842,666322,204,101589,1528,118246,3615,1007214,1729,1125460,California
Alameda,2021-06-17,5636,2041814,4550,1272817,851,667173,235,101824,1869,116618,3734,1010948,2106,1127566,California
Alameda,2021-06-18,5943,2047757,4480,1277297,1209,668382,254,102078,1981,114915,3934,1014882,2231,1129797,California
Alameda,2021-06-19,3459,2051216,2620,1279917,680,669062,159,102237,1055,113737,2391,1017273,1213,1131010,California
Alameda,2021-06-20,1399,2052615,1167,1281084,186,669248,46,102283,519,113426,874,1018147,563,1131573,California
Alameda,2021-06-21,2715,2055330,1846,1282930,708,669956,161,102444,1387,113663,1311,1019458,1548,1133121,California
Alameda,2021-06-22,4577,2059907,3545,1286475,838,670794,194,102638,1405,112104,3156,1022614,1597,1134718,California
Alameda,2021-06-23,3502,2063409,2692,1289167,624,671418,186,102824,1178,111155,2309,1024923,1360,1136078,California
Alameda,2021-06-24,4397,2067806,3511,1292678,650,672068,236,103060,1508,110030,2867,1027790,1742,1137820,California
Alameda,2021-06-25,4615,2072421,3466,1296144,947,673015,202,103262,1710,109054,2888,1030678,1912,1139732,California
Alameda,2021-06-26,3076,2075497,2262,1298406,649,673664,165,103427,1068,108297,1989,1032667,1232,1140964,California
Alameda,2021-06-27,1301,2076798,1068,1299474,186,673850,47,103474,512,108074,782,1033449,559,1141523,California
Alameda,2021-06-28,2917,2079715,2370,1301844,350,674200,197,103671,1138,107652,1756,1035205,1334,1142857,California
Alameda,2021-06-29,3691,2083406,2954,1304798,598,674798,139,103810,1286,106688,2388,1037593,1424,1144281,California
Alameda,2021-06-30,2866,2086272,2234,1307032,499,675297,133,103943,1066,106096,1789,1039382,1197,1145478,California
Alameda,2021-07-01,3477,2089749,2736,1309768,591,675888,150,104093,1244,105276,2211,1041593,1391,1146869,California
Alameda,2021-07-02,3987,2093736,2992,1312760,825,676713,170,104263,1453,104384,2508,1044101,1616,1148485,California
Alameda,2021-07-03,2043,2095779,1491,1314251,463,677176,89,104352,801,104044,1229,1045330,889,1149374,California
Alameda,2021-07-04,95,2095874,60,1314311,30,677206,5,104357,41,104037,53,1045383,46,1149420,California
Alameda,2021-07-05,1612,2097486,1339,1315650,215,677421,58,104415,716,103923,886,1046269,772,1150192,California
Alameda,2021-07-06,3601,2101087,2899,1318549,596,678017,106,104521,1214,102878,2365,1048634,1320,1151512,California
Alameda,2021-07-07,2740,2103827,2010,1320559,558,678575,172,104693,973,102278,1744,1050378,1144,1152656,California
Alameda,2021-07-08,1709,2105536,1385,1321944,205,678780,119,104812,577,101855,1116,1051494,693,1153349,California
Alpine,2020-12-18,2,2,2,2,0,0,0,0,2,2,0,0,2,2,California
Alpine,2020-12-19,2,4,2,4,0,0,0,0,2,4,0,0,2,4,California
Alpine,2020-12-21,2,6,2,6,0,0,0,0,2,6,0,0,2,6,California
Alpine,2020-12-29,1,7,0,6,1,1,0,0,1,7,0,0,1,7,California
Alpine,2020-12-30,14,21,0,6,14,15,0,0,14,21,0,0,14,21,California
Alpine,2020-12-31,1,22,0,6,1,16,0,0,1,22,0,0,1,22,California
Alpine,2021-01-01,1,23,0,6,1,17,0,0,1,23,0,0,1,23,California
Alpine,2021-01-02,1,24,1,7,0,17,0,0,1,24,0,0,1,24,California
Alpine,2021-01-04,10,34,0,7,10,27,0,0,10,34,0,0,10,34,California
Alpine,2021-01-05,9,43,1,8,8,35,0,0,9,43,0,0,9,43,California
Alpine,2021-01-06,31,74,0,8,31,66,0,0,31,74,0,0,31,74,California
Alpine,2021-01-07,8,82,0,8,8,74,0,0,8,82,0,0,8,82,California
Alpine,2021-01-08,4,86,2,10,2,76,0,0,2,82,2,2,2,84,California
Alpine,2021-01-09,2,88,2,12,0,76,0,0,0,80,2,4,0,84,California
Alpine,2021-01-11,32,120,1,13,31,107,0,0,31,110,1,5,31,115,California
Alpine,2021-01-13,35,155,0,13,35,142,0,0,35,145,0,5,35,150,California
Alpine,2021-01-14,1,156,0,13,1,143,0,0,1,146,0,5,1,151,California
Alpine,2021-01-15,1,157,0,13,1,144,0,0,1,147,0,5,1,152,California
Alpine,2021-01-18,1,158,1,14,0,144,0,0,1,148,0,5,1,153,California
Alpine,2021-01-20,21,179,0,14,21,165,0,0,21,169,0,5,21,174,California
Alpine,2021-01-21,1,180,0,14,1,166,0,0,1,170,0,5,1,175,California
Alpine,2021-01-22,33,213,0,14,33,199,0,0,33,203,0,5,33,208,California
Alpine,2021-01-23,1,214,1,15,0,199,0,0,0,202,1,6,0,208,California
Alpine,2021-01-25,16,230,0,15,16,215,0,0,16,218,0,6,16,224,California
Alpine,2021-01-26,1,231,0,15,1,216,0,0,0,217,1,7,0,224,California
Alpine,2021-01-27,1,232,1,16,0,216,0,0,0,216,1,8,0,224,California
Alpine,2021-01-28,1,233,0,16,1,217,0,0,0,215,1,9,0,224,California
Alpine,2021-01-29,1,234,0,16,1,218,0,0,1,216,0,9,1,225,California
Alpine,2021-02-01,25,259,0,16,25,243,0,0,7,205,18,27,7,232,California
Alpine,2021-02-03,34,293,0,16,34,277,0,0,10,191,24,51,10,242,California
Alpine,2021-02-04,8,301,0,16,8,285,0,0,3,189,5,56,3,245,California
Alpine,2021-02-05,32,333,1,17,31,316,0,0,12,181,20,76,12,257,California
Alpine,2021-02-07,1,334,1,18,0,316,0,0,1,182,0,76,1,258,California
Alpine,2021-02-08,32,366,0,18,32,348,0,0,4,158,28,104,4,262,California
Alpine,2021-02-10,34,400,0,18,34,382,0,0,0,124,34,138,0,262,California
Alpine,2021-02-11,6,406,0,18,6,388,0,0,3,124,3,141,3,265,California
Alpine,2021-02-12,1,407,0,18,1,389,0,0,0,123,1,142,0,265,California
Alpine,2021-02-17,23,430,0,18,23,412,0,0,3,106,20,162,3,268,California
Alpine,2021-02-18,2,432,0,18,2,414,0,0,1,106,1,163,1,269,California
Alpine,2021-02-19,34,466,1,19,33,447,0,0,2,76,32,195,2,271,California
Alpine,2021-02-22,27,493,0,19,27,474,0,0,8,65,19,214,8,279,California
Alpine,2021-02-24,1,494,1,20,0,474,0,0,1,66,0,214,1,280,California
Alpine,2021-02-25,7,501,2,22,5,479,0,0,7,73,0,214,7,287,California
Alpine,2021-02-26,30,531,1,23,29,508,0,0,29,101,1,215,29,316,California
Alpine,2021-02-27,1,532,0,23,1,509,0,0,1,102,0,215,1,317,California
Alpine,2021-03-01,36,568,0,23,36,545,0,0,26,118,10,225,26,343,California
Alpine,2021-03-03,30,598,1,24,29,574,0,0,18,124,12,237,18,361,California
Alpine,2021-03-04,10,608,0,24,10,584,0,0,10,134,0,237,10,371,California
Alpine,2021-03-05,30,638,0,24,30,614,0,0,22,148,8,245,22,393,California
Alpine,2021-03-08,31,669,0,24,31,645,0,0,29,175,2,247,29,422,California
Alpine,2021-03-10,73,742,0,24,73,718,0,0,73,248,0,247,73,495,California
Alpine,2021-03-11,35,777,0,24,35,753,0,0,31,275,4,251,31,526,California
Alpine,2021-03-12,19,796,0,24,19,772,0,0,17,290,2,253,17,543,California
Alpine,2021-03-15,21,817,1,25,20,792,0,0,20,309,1,254,20,563,California
Alpine,2021-03-17,23,840,0,25,22,814,1,1,19,325,4,258,20,583,California
Alpine,2021-03-18,38,878,3,28,35,849,0,1,34,355,4,262,34,617,California
Alpine,2021-03-19,2,880,1,29,1,850,0,1,1,355,1,263,1,618,California
Alpine,2021-03-22,24,904,0,29,24,874,0,1,15,361,9,272,15,633,California
Alpine,2021-03-24,19,923,0,29,19,893,0,1,8,358,11,283,8,641,California
Alpine,2021-03-25,34,957,0,29,33,926,1,2,27,380,6,289,28,669,California
Alpine,2021-03-27,1,958,0,29,1,927,0,2,0,379,1,290,0,669,California
Alpine,2021-03-28,1,959,1,30,0,927,0,2,1,380,0,290,1,670,California
Alpine,2021-03-29,19,978,0,30,18,945,1,3,2,366,17,307,3,673,California
Alpine,2021-04-01,18,996,0,30,18,963,0,3,8,364,10,317,8,681,California
Alpine,2021-04-02,101,1097,1,31,100,1063,0,3,46,356,54,371,46,727,California
Alpine,2021-04-05,4,1101,1,32,3,1066,0,3,0,352,4,375,0,727,California
Alpine,2021-04-06,3,1104,2,34,1,1067,0,3,2,353,1,376,2,729,California
Alpine,2021-04-07,117,1221,0,34,116,1183,1,4,30,298,86,462,31,760,California
Alpine,2021-04-08,37,1258,0,34,35,1218,2,6,10,283,27,489,12,772,California
Alpine,2021-04-09,2,1260,0,34,2,1220,0,6,2,285,0,489,2,774,California
Alpine,2021-04-14,47,1307,0,34,47,1267,0,6,10,258,37,526,10,784,California
Alpine,2021-04-15,35,1342,0,34,35,1302,0,6,3,229,32,558,3,787,California
Alpine,2021-04-16,1,1343,0,34,1,1303,0,6,1,230,0,558,1,788,California
Alpine,2021-04-19,1,1344,0,34,1,1304,0,6,1,231,0,558,1,789,California
Alpine,2021-04-21,31,1375,0,34,31,1335,0,6,15,230,16,574,15,804,California
Alpine,2021-04-22,24,1399,0,34,24,1359,0,6,1,208,23,597,1,805,California
Alpine,2021-04-24,2,1401,2,36,0,1359,0,6,0,207,2,599,1,806,California
Alpine,2021-04-25,1,1402,1,37,0,1359,0,6,0,206,1,600,0,806,California
Alpine,2021-04-27,2,1404,1,38,1,1360,0,6,1,206,1,601,1,807,California
Alpine,2021-04-28,36,1440,0,38,36,1396,0,6,6,182,30,631,6,813,California
Alpine,2021-04-29,7,1447,1,39,6,1402,0,6,1,177,6,637,1,814,California
Alpine,2021-04-30,2,1449,1,40,0,1402,1,7,1,178,1,638,2,816,California
Alpine,2021-05-02,1,1450,0,40,0,1402,1,8,0,178,1,639,1,817,California
Alpine,2021-05-05,17,1467,0,40,17,1419,0,8,4,169,13,652,4,821,California
Alpine,2021-05-06,8,1475,0,40,8,1427,0,8,0,161,8,660,0,821,California
Alpine,2021-05-07,1,1476,0,40,1,1428,0,8,0,160,1,661,0,821,California
Alpine,2021-05-10,1,1477,0,40,1,1429,0,8,1,161,0,661,1,822,California
Alpine,2021-05-12,1,1478,0,40,0,1429,1,9,0,161,1,662,1,823,California
Alpine,2021-05-13,3,1481,0,40,3,1432,0,9,0,158,3,665,0,823,California
Alpine,2021-05-17,2,1483,0,40,2,1434,0,9,1,158,1,666,1,824,California
Alpine,2021-05-18,1,1484,0,40,1,1435,0,9,1,159,0,666,1,825,California
Alpine,2021-05-19,15,1499,0,40,15,1450,0,9,0,144,15,681,0,825,California
Alpine,2021-05-20,1,1500,1,41,0,1450,0,9,0,143,1,682,0,825,California
Alpine,2021-05-21,1,1501,1,42,0,1450,0,9,0,142,1,683,0,825,California
Alpine,2021-05-25,2,1503,0,42,2,1452,0,9,0,140,2,685,0,825,California
Alpine,2021-05-27,3,1506,2,44,1,1453,0,9,3,143,0,685,3,828,California
Alpine,2021-05-28,2,1508,1,45,1,1454,0,9,2,145,0,685,2,830,California
Alpine,2021-05-29,1,1509,0,45,1,1455,0,9,1,146,0,685,1,831,California
Alpine,2021-06-02,8,1517,0,45,8,1463,0,9,1,140,7,692,1,832,California
Alpine,2021-06-04,1,1518,0,45,1,1464,0,9,1,141,0,692,1,833,California
Alpine,2021-06-07,1,1519,0,45,1,1465,0,9,0,140,1,693,0,833,California
Alpine,2021-06-10,1,1520,1,46,0,1465,0,9,1,141,0,693,1,834,California
Alpine,2021-06-15,2,1522,1,47,1,1466,0,9,0,139,2,695,0,834,California
Alpine,2021-06-18,1,1523,1,48,0,1466,0,9,0,138,1,696,0,834,California
Alpine,2021-06-19,1,1524,1,49,0,1466,0,9,0,137,1,697,0,834,California
Alpine,2021-06-25,1,1525,0,49,1,1467,0,9,0,136,1,698,0,834,California
Alpine,2021-06-29,1,1526,0,49,1,1468,0,9,1,137,0,698,1,835,California
Alpine,2021-06-30,1,1527,0,49,1,1469,0,9,0,136,1,699,0,835,California
Alpine,2021-07-01,1,1528,1,50,0,1469,0,9,0,135,1,700,0,835,California
Alpine,2021-07-06,1,1529,0,50,1,1470,0,9,1,136,0,700,1,836,California
Alpine,2021-07-07,2,1531,0,50,2,1472,0,9,2,138,0,700,2,838,California
Alpine,2021-07-08,1,1532,0,50,1,1473,0,9,1,139,0,700,1,839,California
Amador,2020-12-16,3,3,3,3,0,0,0,0,3,3,0,0,3,3,California
Amador,2020-12-17,5,8,5,8,0,0,0,0,5,8,0,0,5,8,California
Amador,2020-12-18,48,56,48,56,0,0,0,0,48,56,0,0,48,56,California
Amador,2020-12-19,16,72,16,72,0,0,0,0,16,72,0,0,16,72,California
Amador,2020-12-20,4,76,4,76,0,0,0,0,4,76,0,0,4,76,California
Amador,2020-12-21,31,107,31,107,0,0,0,0,31,107,0,0,31,107,California
Amador,2020-12-22,35,142,34,141,1,1,0,0,35,142,0,0,35,142,California
Amador,2020-12-23,41,183,39,180,2,3,0,0,41,183,0,0,41,183,California
Amador,2020-12-24,5,188,3,183,2,5,0,0,5,188,0,0,5,188,California
Amador,2020-12-26,5,193,4,187,1,6,0,0,5,193,0,0,5,193,California
Amador,2020-12-27,1,194,0,187,1,7,0,0,1,194,0,0,1,194,California
Amador,2020-12-28,30,224,26,213,4,11,0,0,30,224,0,0,30,224,California
Amador,2020-12-29,25,249,18,231,7,18,0,0,25,249,0,0,25,249,California
Amador,2020-12-30,123,372,77,308,46,64,0,0,123,372,0,0,123,372,California
Amador,2020-12-31,195,567,170,478,25,89,0,0,195,567,0,0,195,567,California
Amador,2021-01-01,2,569,0,478,2,91,0,0,2,569,0,0,2,569,California
Amador,2021-01-02,58,627,58,536,0,91,0,0,58,627,0,0,58,627,California
Amador,2021-01-03,66,693,17,553,49,140,0,0,66,693,0,0,66,693,California
Amador,2021-01-04,125,818,2,555,123,263,0,0,125,818,0,0,125,818,California
Amador,2021-01-05,33,851,3,558,30,293,0,0,32,849,1,1,32,850,California
Amador,2021-01-06,40,891,11,569,29,322,0,0,36,881,4,5,36,886,California
Amador,2021-01-07,235,1126,72,641,163,485,0,0,223,1092,12,17,223,1109,California
Amador,2021-01-08,88,1214,72,713,16,501,0,0,43,1091,45,62,44,1153,California
Amador,2021-01-09,12,1226,12,725,0,501,0,0,2,1084,10,72,3,1156,California
Amador,2021-01-10,6,1232,4,729,2,503,0,0,2,1082,4,76,2,1158,California
Amador,2021-01-11,126,1358,44,773,82,585,0,0,89,1135,37,113,90,1248,California
Amador,2021-01-12,71,1429,55,828,16,601,0,0,41,1146,30,143,41,1289,California
Amador,2021-01-13,42,1471,24,852,18,619,0,0,29,1163,12,155,29,1318,California
Amador,2021-01-14,151,1622,22,874,129,748,0,0,141,1295,10,165,142,1460,California
Amador,2021-01-15,62,1684,26,900,36,784,0,0,53,1339,9,174,53,1513,California
Amador,2021-01-16,20,1704,13,913,7,791,0,0,14,1348,6,180,15,1528,California
Amador,2021-01-17,25,1729,5,918,20,811,0,0,25,1373,0,180,25,1553,California
Amador,2021-01-18,31,1760,27,945,4,815,0,0,10,1362,21,201,10,1563,California
Amador,2021-01-19,127,1887,101,1046,26,841,0,0,81,1398,45,246,81,1644,California
Amador,2021-01-20,183,2070,32,1078,151,992,0,0,169,1554,13,259,169,1813,California
Amador,2021-01-21,263,2333,230,1308,33,1025,0,0,151,1594,112,371,152,1965,California
Amador,2021-01-22,142,2475,74,1382,68,1093,0,0,135,1722,7,378,135,2100,California
Amador,2021-01-23,60,2535,33,1415,27,1120,0,0,57,1776,3,381,57,2157,California
Amador,2021-01-24,28,2563,12,1427,16,1136,0,0,24,1796,4,385,24,2181,California
Amador,2021-01-25,60,2623,29,1456,31,1167,0,0,42,1820,18,403,42,2223,California
Amador,2021-01-26,247,2870,18,1474,229,1396,0,0,237,2047,10,413,237,2460,California
Amador,2021-01-27,307,3177,35,1509,272,1668,0,0,259,2262,45,458,260,2720,California
Amador,2021-01-28,374,3551,99,1608,275,1943,0,0,290,2469,84,542,291,3011,California
Amador,2021-01-29,107,3658,33,1641,74,2017,0,0,92,2546,15,557,92,3103,California
Amador,2021-01-30,198,3856,37,1678,161,2178,0,0,193,2734,5,562,193,3296,California
Amador,2021-01-31,34,3890,29,1707,5,2183,0,0,33,2766,1,563,33,3329,California
Amador,2021-02-01,67,3957,23,1730,44,2227,0,0,39,2777,28,591,39,3368,California
Amador,2021-02-02,217,4174,67,1797,150,2377,0,0,130,2822,85,676,130,3498,California
Amador,2021-02-03,143,4317,40,1837,103,2480,0,0,91,2862,51,727,91,3589,California
Amador,2021-02-04,255,4572,77,1914,178,2658,0,0,166,2942,88,815,168,3757,California
Amador,2021-02-05,339,4911,63,1977,276,2934,0,0,320,3244,18,833,320,4077,California
Amador,2021-02-06,125,5036,81,2058,44,2978,0,0,120,3359,5,838,120,4197,California
Amador,2021-02-07,38,5074,34,2092,4,2982,0,0,34,3390,4,842,35,4232,California
Amador,2021-02-08,92,5166,63,2155,29,3011,0,0,73,3444,19,861,73,4305,California
Amador,2021-02-09,178,5344,82,2237,96,3107,0,0,110,3486,68,929,110,4415,California
Amador,2021-02-10,986,6330,82,2319,904,4011,0,0,950,4401,35,964,950,5365,California
Amador,2021-02-11,314,6644,121,2440,193,4204,0,0,200,4490,112,1076,201,5566,California
Amador,2021-02-12,338,6982,121,2561,217,4421,0,0,263,4678,75,1151,263,5829,California
Amador,2021-02-13,182,7164,84,2645,98,4519,0,0,155,4806,27,1178,155,5984,California
Amador,2021-02-14,122,7286,54,2699,68,4587,0,0,105,4894,17,1195,105,6089,California
Amador,2021-02-15,190,7476,62,2761,128,4715,0,0,173,5051,16,1211,173,6262,California
Amador,2021-02-16,467,7943,53,2814,414,5129,0,0,426,5437,41,1252,427,6689,California
Amador,2021-02-17,266,8209,84,2898,182,5311,0,0,166,5503,100,1352,166,6855,California
Amador,2021-02-18,401,8610,101,2999,300,5611,0,0,334,5770,67,1419,334,7189,California
Amador,2021-02-19,204,8814,78,3077,126,5737,0,0,116,5798,88,1507,116,7305,California
Amador,2021-02-20,103,8917,34,3111,69,5806,0,0,67,5829,36,1543,67,7372,California
Amador,2021-02-21,55,8972,37,3148,18,5824,0,0,19,5814,34,1577,19,7391,California
Amador,2021-02-22,67,9039,26,3174,41,5865,0,0,32,5812,34,1611,32,7423,California
Amador,2021-02-23,324,9363,56,3230,268,6133,0,0,139,5767,185,1796,140,7563,California
Amador,2021-02-24,402,9765,63,3293,339,6472,0,0,264,5897,134,1930,264,7827,California
Amador,2021-02-25,534,10299,124,3417,410,6882,0,0,280,5925,252,2182,280,8107,California
Amador,2021-02-26,646,10945,83,3500,563,7445,0,0,519,6318,126,2308,519,8626,California
Amador,2021-02-27,301,11246,95,3595,206,7651,0,0,99,6218,201,2509,101,8727,California
Amador,2021-02-28,126,11372,57,3652,69,7720,0,0,62,6218,64,2573,64,8791,California
Amador,2021-03-01,203,11575,70,3722,133,7853,0,0,130,6276,73,2646,131,8922,California
Amador,2021-03-02,383,11958,64,3786,319,8172,0,0,333,6560,50,2696,334,9256,California
Amador,2021-03-03,246,12204,80,3866,166,8338,0,0,169,6654,76,2772,170,9426,California
Amador,2021-03-04,502,12706,118,3984,384,8722,0,0,396,6946,105,2877,397,9823,California
Amador,2021-03-05,518,13224,76,4060,442,9164,0,0,294,7021,222,3099,297,10120,California
Amador,2021-03-06,103,13327,50,4110,52,9216,1,1,57,7033,46,3145,58,10178,California
Amador,2021-03-07,92,13419,44,4154,48,9264,0,1,24,6989,68,3213,24,10202,California
Amador,2021-03-08,156,13575,73,4227,82,9346,1,2,92,7018,64,3277,93,10295,California
Amador,2021-03-09,378,13953,53,4280,325,9671,0,2,293,7230,81,3358,293,10588,California
Amador,2021-03-10,522,14475,78,4358,442,10113,2,4,112,6936,410,3768,116,10704,California
Amador,2021-03-11,485,14960,125,4483,350,10463,10,14,304,7073,180,3948,317,11021,California
Amador,2021-03-12,588,15548,71,4554,511,10974,6,20,343,7183,244,4192,354,11375,California
Amador,2021-03-13,120,15668,18,4572,95,11069,7,27,76,7227,44,4236,88,11463,California
Amador,2021-03-14,99,15767,18,4590,78,11147,3,30,20,7171,79,4315,23,11486,California
Amador,2021-03-15,183,15950,27,4617,149,11296,7,37,55,7106,128,4443,63,11549,California
Amador,2021-03-16,453,16403,53,4670,391,11687,9,46,139,6943,312,4755,149,11698,California
Amador,2021-03-17,386,16789,46,4716,337,12024,3,49,262,7086,122,4877,265,11963,California
Amador,2021-03-18,516,17305,101,4817,411,12435,4,53,258,7096,256,5133,266,12229,California
Amador,2021-03-19,548,17853,59,4876,474,12909,15,68,387,7343,159,5292,406,12635,California
Amador,2021-03-20,113,17966,46,4922,66,12975,1,69,48,7330,64,5356,51,12686,California
Amador,2021-03-21,52,18018,36,4958,15,12990,1,70,27,7336,24,5380,30,12716,California
Amador,2021-03-22,115,18133,34,4992,53,13043,28,98,50,7349,65,5445,78,12794,California
Amador,2021-03-23,436,18569,47,5039,382,13425,7,105,275,7472,160,5605,283,13077,California
Amador,2021-03-24,342,18911,35,5074,55,13480,252,357,35,7453,306,5911,287,13364,California
Amador,2021-03-25,615,19526,87,5161,521,14001,7,364,398,7642,216,6127,405,13769,California
Amador,2021-03-26,751,20277,45,5206,700,14701,6,370,280,7463,468,6595,289,14058,California
Amador,2021-03-27,94,20371,15,5221,77,14778,2,372,31,7435,63,6658,35,14093,California
Amador,2021-03-28,71,20442,17,5238,52,14830,2,374,13,7394,57,6715,16,14109,California
Amador,2021-03-29,186,20628,31,5269,154,14984,1,375,79,7375,104,6819,85,14194,California
Amador,2021-03-30,537,21165,29,5298,507,15491,1,376,292,7424,244,7063,293,14487,California
Amador,2021-03-31,202,21367,58,5356,139,15630,5,381,44,7317,156,7219,49,14536,California
Amador,2021-04-01,624,21991,93,5449,531,16161,0,381,268,7234,353,7572,270,14806,California
Amador,2021-04-02,617,22608,39,5488,565,16726,13,394,385,7403,231,7803,400,15206,California
Amador,2021-04-03,87,22695,25,5513,42,16768,20,414,22,7383,65,7868,45,15251,California
Amador,2021-04-04,39,22734,3,5516,30,16798,6,420,15,7380,24,7892,21,15272,California
Amador,2021-04-05,147,22881,53,5569,77,16875,17,437,49,7351,97,7989,68,15340,California
Amador,2021-04-06,504,23385,37,5606,449,17324,18,455,224,7315,278,8267,242,15582,California
Amador,2021-04-07,100,23485,34,5640,47,17371,19,474,44,7325,53,8320,63,15645,California
Amador,2021-04-08,500,23985,84,5724,394,17765,22,496,221,7291,277,8597,243,15888,California
Amador,2021-04-09,488,24473,22,5746,446,18211,20,516,212,7245,275,8872,229,16117,California
Amador,2021-04-10,52,24525,14,5760,29,18240,9,525,23,7248,29,8901,32,16149,California
Amador,2021-04-11,51,24576,25,5785,22,18262,4,529,23,7248,27,8928,27,16176,California
Amador,2021-04-12,99,24675,26,5811,63,18325,10,539,43,7245,56,8984,53,16229,California
Amador,2021-04-13,346,25021,49,5860,297,18622,0,539,66,7035,277,9261,67,16296,California
Amador,2021-04-14,280,25301,26,5886,254,18876,0,539,56,6871,221,9482,57,16353,California
Amador,2021-04-15,342,25643,78,5964,264,19140,0,539,73,6686,258,9740,73,16426,California
Amador,2021-04-16,489,26132,29,5993,460,19600,0,539,380,6958,108,9848,380,16806,California
Amador,2021-04-17,66,26198,34,6027,32,19632,0,539,30,6952,36,9884,30,16836,California
Amador,2021-04-18,33,26231,11,6038,22,19654,0,539,12,6944,20,9904,12,16848,California
Amador,2021-04-19,71,26302,29,6067,42,19696,0,539,30,6937,39,9943,32,16880,California
Amador,2021-04-20,442,26744,59,6126,383,20079,0,539,111,6726,324,10267,113,16993,California
Amador,2021-04-21,89,26833,35,6161,53,20132,1,540,44,6728,43,10310,45,17038,California
Amador,2021-04-22,521,27354,79,6240,441,20573,1,541,101,6428,402,10712,102,17140,California
Amador,2021-04-23,368,27722,47,6287,321,20894,0,541,289,6645,74,10786,291,17431,California
Amador,2021-04-24,52,27774,25,6312,27,20921,0,541,31,6656,20,10806,31,17462,California
Amador,2021-04-25,45,27819,19,6331,26,20947,0,541,29,6669,16,10822,29,17491,California
Amador,2021-04-26,96,27915,29,6360,66,21013,1,542,43,6663,52,10874,46,17537,California
Amador,2021-04-27,502,28417,45,6405,456,21469,1,543,91,6349,407,11281,93,17630,California
Amador,2021-04-28,70,28487,30,6435,37,21506,3,546,41,6364,29,11310,44,17674,California
Amador,2021-04-29,230,28717,73,6508,48,21554,109,655,68,6378,162,11472,176,17850,California
Amador,2021-04-30,347,29064,28,6536,315,21869,4,659,88,6212,259,11731,93,17943,California
Amador,2021-05-01,47,29111,15,6551,27,21896,5,664,26,6224,19,11750,31,17974,California
Amador,2021-05-02,28,29139,14,6565,11,21907,3,667,11,6222,17,11767,15,17989,California
Amador,2021-05-03,69,29208,35,6600,24,21931,10,677,28,6219,41,11808,38,18027,California
Amador,2021-05-04,467,29675,29,6629,431,22362,7,684,67,5893,400,12208,74,18101,California
Amador,2021-05-05,208,29883,154,6783,46,22408,8,692,163,6021,42,12250,170,18271,California
Amador,2021-05-06,110,29993,56,6839,49,22457,5,697,63,6044,45,12295,68,18339,California
Amador,2021-05-07,129,30122,29,6868,93,22550,7,704,67,6056,62,12357,74,18413,California
Amador,2021-05-08,43,30165,8,6876,32,22582,3,707,21,6058,22,12379,24,18437,California
Amador,2021-05-09,17,30182,1,6877,10,22592,6,713,4,6055,13,12392,10,18447,California
Amador,2021-05-10,60,30242,14,6891,43,22635,3,716,24,6046,36,12428,27,18474,California
Amador,2021-05-11,103,30345,34,6925,43,22678,26,742,45,6059,58,12486,71,18545,California
Amador,2021-05-12,72,30417,25,6950,44,22722,3,745,35,6060,37,12523,38,18583,California
Amador,2021-05-13,80,30497,40,6990,34,22756,6,751,38,6063,41,12564,44,18627,California
Amador,2021-05-14,404,30901,38,7028,361,23117,5,756,92,5851,311,12875,99,18726,California
Amador,2021-05-15,51,30952,20,7048,21,23138,10,766,23,5857,28,12903,34,18760,California
Amador,2021-05-16,41,30993,15,7063,26,23164,0,766,17,5850,24,12927,17,18777,California
Amador,2021-05-17,75,31068,22,7085,51,23215,2,768,35,5849,39,12966,38,18815,California
Amador,2021-05-18,253,31321,172,7257,46,23261,35,803,167,5966,85,13051,202,19017,California
Amador,2021-05-19,76,31397,25,7282,47,23308,4,807,35,5967,40,13091,41,19058,California
Amador,2021-05-20,90,31487,47,7329,38,23346,5,812,30,5943,59,13150,35,19093,California
Amador,2021-05-21,275,31762,29,7358,244,23590,2,814,37,5744,238,13388,39,19132,California
Amador,2021-05-22,47,31809,16,7374,26,23616,5,819,13,5729,34,13422,19,19151,California
Amador,2021-05-23,29,31838,5,7379,21,23637,3,822,5,5713,24,13446,8,19159,California
Amador,2021-05-24,91,31929,33,7412,46,23683,12,834,42,5718,49,13495,54,19213,California
Amador,2021-05-25,141,32070,89,7501,27,23710,25,859,82,5768,57,13552,107,19320,California
Amador,2021-05-26,204,32274,160,7661,37,23747,7,866,38,5647,165,13717,44,19364,California
Amador,2021-05-27,83,32357,39,7700,35,23782,9,875,30,5634,52,13769,39,19403,California
Amador,2021-05-28,69,32426,26,7726,39,23821,4,879,29,5628,39,13808,33,19436,California
Amador,2021-05-29,26,32452,2,7728,21,23842,3,882,8,5621,18,13826,11,19447,California
Amador,2021-05-30,19,32471,5,7733,8,23850,6,888,5,5618,14,13840,11,19458,California
Amador,2021-05-31,10,32481,0,7733,9,23859,1,889,2,5613,8,13848,3,19461,California
Amador,2021-06-01,97,32578,68,7801,24,23883,5,894,45,5612,51,13899,50,19511,California
Amador,2021-06-02,46,32624,16,7817,22,23905,8,902,16,5607,30,13929,25,19536,California
Amador,2021-06-03,59,32683,26,7843,28,23933,5,907,19,5592,39,13968,24,19560,California
Amador,2021-06-04,101,32784,22,7865,58,23991,21,928,20,5552,81,14049,41,19601,California
Amador,2021-06-05,41,32825,16,7881,20,24011,5,933,4,5524,37,14086,9,19610,California
Amador,2021-06-06,19,32844,9,7890,9,24020,1,934,9,5524,10,14096,10,19620,California
Amador,2021-06-07,44,32888,18,7908,22,24042,4,938,17,5518,27,14123,21,19641,California
Amador,2021-06-08,174,33062,138,8046,25,24067,11,949,54,5465,119,14242,66,19707,California
Amador,2021-06-09,49,33111,20,8066,20,24087,9,958,13,5451,36,14278,22,19729,California
Amador,2021-06-10,56,33167,23,8089,21,24108,12,970,20,5447,36,14314,32,19761,California
Amador,2021-06-11,58,33225,17,8106,36,24144,5,975,12,5418,46,14360,17,19778,California
Amador,2021-06-12,24,33249,11,8117,11,24155,2,977,9,5415,14,14374,11,19789,California
Amador,2021-06-13,9,33258,2,8119,6,24161,1,978,2,5411,7,14381,3,19792,California
Amador,2021-06-14,47,33305,24,8143,21,24182,2,980,15,5396,32,14413,17,19809,California
Amador,2021-06-15,43,33348,13,8156,18,24200,12,992,18,5401,25,14438,30,19839,California
Amador,2021-06-16,72,33420,32,8188,31,24231,9,1001,34,5406,38,14476,43,19882,California
Amador,2021-06-17,49,33469,25,8213,20,24251,4,1005,29,5420,19,14495,33,19915,California
Amador,2021-06-18,157,33626,121,8334,29,24280,7,1012,63,5396,94,14589,70,19985,California
Amador,2021-06-19,30,33656,8,8342,14,24294,8,1020,11,5397,19,14608,20,20005,California
Amador,2021-06-20,8,33664,6,8348,1,24295,1,1021,3,5396,5,14613,4,20009,California
Amador,2021-06-21,46,33710,14,8362,23,24318,9,1030,15,5389,31,14644,24,20033,California
Amador,2021-06-22,50,33760,29,8391,19,24337,2,1032,30,5401,20,14664,32,20065,California
Amador,2021-06-23,42,33802,22,8413,12,24349,8,1040,23,5413,19,14683,31,20096,California
Amador,2021-06-24,51,33853,27,8440,18,24367,6,1046,26,5422,23,14706,32,20128,California
Amador,2021-06-25,53,33906,31,8471,11,24378,11,1057,30,5441,23,14729,42,20170,California
Amador,2021-06-26,11,33917,4,8475,5,24383,2,1059,7,5446,4,14733,9,20179,California
Amador,2021-06-27,22,33939,14,8489,4,24387,4,1063,11,5450,11,14744,15,20194,California
Amador,2021-06-28,52,33991,27,8516,14,24401,11,1074,25,5459,27,14771,36,20230,California
Amador,2021-06-29,50,34041,23,8539,18,24419,9,1083,26,5470,24,14795,35,20265,California
Amador,2021-06-30,48,34089,18,8557,14,24433,16,1099,23,5483,25,14820,38,20303,California
Amador,2021-07-01,32,34121,16,8573,13,24446,3,1102,15,5484,17,14837,18,20321,California
Amador,2021-07-02,35,34156,17,8590,9,24455,9,1111,20,5498,15,14852,29,20350,California
Amador,2021-07-03,17,34173,2,8592,11,24466,4,1115,10,5505,7,14859,14,20364,California
Amador,2021-07-04,5,34178,0,8592,5,24471,0,1115,5,5510,0,14859,5,20369,California
Amador,2021-07-05,28,34206,5,8597,19,24490,4,1119,15,5516,13,14872,19,20388,California
Amador,2021-07-06,29,34235,12,8609,13,24503,4,1123,13,5517,16,14888,17,20405,California
Amador,2021-07-07,34,34269,11,8620,18,24521,5,1128,18,5524,16,14904,23,20428,California
Amador,2021-07-08,21,34290,11,8631,10,24531,0,1128,10,5524,11,14915,11,20439,California
Butte,2020-12-16,3,3,3,3,0,0,0,0,3,3,0,0,3,3,California
Butte,2020-12-17,21,24,21,24,0,0,0,0,21,24,0,0,21,24,California
Butte,2020-12-18,52,76,52,76,0,0,0,0,52,76,0,0,52,76,California
Butte,2020-12-19,7,83,7,83,0,0,0,0,7,83,0,0,7,83,California
Butte,2020-12-20,10,93,10,93,0,0,0,0,10,93,0,0,10,93,California
Butte,2020-12-21,631,724,631,724,0,0,0,0,631,724,0,0,631,724,California
Butte,2020-12-22,619,1343,617,1341,2,2,0,0,619,1343,0,0,619,1343,California
Butte,2020-12-23,877,2220,861,2202,16,18,0,0,877,2220,0,0,877,2220,California
Butte,2020-12-24,159,2379,155,2357,4,22,0,0,159,2379,0,0,159,2379,California
Butte,2020-12-26,91,2470,89,2446,2,24,0,0,91,2470,0,0,91,2470,California
Butte,2020-12-27,35,2505,34,2480,1,25,0,0,35,2505,0,0,35,2505,California
Butte,2020-12-28,279,2784,273,2753,6,31,0,0,279,2784,0,0,279,2784,California
Butte,2020-12-29,205,2989,181,2934,24,55,0,0,205,2989,0,0,205,2989,California
Butte,2020-12-30,513,3502,291,3225,222,277,0,0,513,3502,0,0,513,3502,California
Butte,2020-12-31,213,3715,18,3243,195,472,0,0,213,3715,0,0,213,3715,California
Butte,2021-01-01,15,3730,6,3249,9,481,0,0,15,3730,0,0,15,3730,California
Butte,2021-01-02,40,3770,37,3286,3,484,0,0,40,3770,0,0,40,3770,California
Butte,2021-01-03,3,3773,0,3286,3,487,0,0,3,3773,0,0,3,3773,California
Butte,2021-01-04,208,3981,175,3461,33,520,0,0,208,3981,0,0,208,3981,California
Butte,2021-01-05,198,4179,152,3613,46,566,0,0,197,4177,1,1,197,4178,California
Butte,2021-01-06,627,4806,395,4008,232,798,0,0,622,4795,5,6,623,4801,California
Butte,2021-01-07,763,5569,368,4376,395,1193,0,0,743,5518,20,26,743,5544,California
Butte,2021-01-08,673,6242,531,4907,142,1335,0,0,625,6095,48,74,625,6169,California
Butte,2021-01-09,14,6256,8,4915,6,1341,0,0,8,6097,6,80,8,6177,California
Butte,2021-01-10,19,6275,5,4920,14,1355,0,0,14,6106,5,85,14,6191,California
Butte,2021-01-11,983,7258,947,5867,36,1391,0,0,356,5838,627,712,359,6550,California
Butte,2021-01-12,701,7959,655,6522,46,1437,0,0,276,5690,425,1137,277,6827,California
Butte,2021-01-13,1569,9528,1076,7598,493,1930,0,0,726,5576,842,1979,728,7555,California
Butte,2021-01-14,1638,11166,894,8492,744,2674,0,0,1441,6821,196,2175,1441,8996,California
Butte,2021-01-15,1064,12230,819,9311,245,2919,0,0,955,7666,110,2285,955,9951,California
Butte,2021-01-16,589,12819,301,9612,288,3207,0,0,544,8165,45,2330,544,10495,California
Butte,2021-01-17,240,13059,64,9676,176,3383,0,0,202,8329,38,2368,202,10697,California
Butte,2021-01-18,347,13406,305,9981,42,3425,0,0,279,8541,67,2435,279,10976,California
Butte,2021-01-19,497,13903,434,10415,63,3488,0,0,225,8494,272,2707,225,11201,California
Butte,2021-01-20,1397,15300,710,11125,687,4175,0,0,1094,9285,303,3010,1094,12295,California
Butte,2021-01-21,1496,16796,883,12008,613,4788,0,0,1388,10566,107,3117,1388,13683,California
Butte,2021-01-22,1142,17938,482,12490,660,5448,0,0,1088,11600,54,3171,1088,14771,California
Butte,2021-01-23,128,18066,85,12575,43,5491,0,0,103,11678,25,3196,103,14874,California
Butte,2021-01-24,8,18074,6,12581,2,5493,0,0,8,11686,0,3196,8,14882,California
Butte,2021-01-25,660,18734,338,12919,322,5815,0,0,497,12020,163,3359,497,15379,California
Butte,2021-01-26,1489,20223,379,13298,1110,6925,0,0,1351,13233,138,3497,1351,16730,California
Butte,2021-01-27,2111,22334,704,14002,1407,8332,0,0,1377,13877,733,4230,1377,18107,California
Butte,2021-01-28,2270,24604,262,14264,2008,10340,0,0,1957,15522,312,4542,1957,20064,California
Butte,2021-01-29,1694,26298,489,14753,1205,11545,0,0,1313,16456,379,4921,1313,21377,California
Butte,2021-01-30,32,26330,9,14762,23,11568,0,0,30,16484,2,4923,30,21407,California
Butte,2021-01-31,17,26347,15,14777,2,11570,0,0,16,16499,1,4924,16,21423,California
Butte,2021-02-01,1763,28110,405,15182,1358,12928,0,0,1368,17476,391,5315,1368,22791,California
Butte,2021-02-02,1951,30061,363,15545,1588,14516,0,0,1647,18818,305,5620,1647,24438,California
Butte,2021-02-03,2761,32822,781,16326,1980,16496,0,0,1859,19777,900,6520,1859,26297,California
Butte,2021-02-04,2979,35801,325,16651,2654,19150,0,0,2415,21631,561,7081,2415,28712,California
Butte,2021-02-05,1284,37085,674,17325,610,19760,0,0,555,21458,729,7810,556,29268,California
Butte,2021-02-06,148,37233,104,17429,44,19804,0,0,62,21434,86,7896,62,29330,California
Butte,2021-02-07,37,37270,33,17462,4,19808,0,0,14,21425,23,7919,14,29344,California
Butte,2021-02-08,700,37970,547,18009,153,19961,0,0,239,21204,460,8379,239,29583,California
Butte,2021-02-09,974,38944,463,18472,511,20472,0,0,742,21714,232,8611,742,30325,California
Butte,2021-02-10,1710,40654,1192,19664,518,20990,0,0,655,21316,1053,9664,655,30980,California
Butte,2021-02-11,2221,42875,1361,21025,860,21850,0,0,1006,21107,1216,10880,1007,31987,California
Butte,2021-02-12,1002,43877,435,21460,567,22417,0,0,323,20752,678,11558,323,32310,California
Butte,2021-02-13,254,44131,43,21503,211,22628,0,0,153,20804,101,11659,153,32463,California
Butte,2021-02-14,165,44296,10,21513,155,22783,0,0,158,20956,7,11666,159,32622,California
Butte,2021-02-15,262,44558,49,21562,213,22996,0,0,194,21082,68,11734,194,32816,California
Butte,2021-02-16,763,45321,438,22000,325,23321,0,0,303,20925,460,12194,303,33119,California
Butte,2021-02-17,1535,46856,853,22853,682,24003,0,0,852,21096,681,12875,852,33971,California
Butte,2021-02-18,1595,48451,785,23638,810,24813,0,0,775,21050,821,13696,775,34746,California
Butte,2021-02-19,1177,49628,395,24033,782,25595,0,0,403,20686,767,14463,403,35149,California
Butte,2021-02-20,489,50117,36,24069,453,26048,0,0,126,20450,362,14825,126,35275,California
Butte,2021-02-21,20,50137,17,24086,3,26051,0,0,14,20458,6,14831,14,35289,California
Butte,2021-02-22,1565,51702,316,24402,1249,27300,0,0,396,19689,1165,15996,396,35685,California
Butte,2021-02-23,1686,53388,308,24710,1378,28678,0,0,474,18959,1204,17200,474,36159,California
Butte,2021-02-24,2220,55608,634,25344,1586,30264,0,0,767,18281,1445,18645,767,36926,California
Butte,2021-02-25,2172,57780,640,25984,1532,31796,0,0,713,17545,1450,20095,714,37640,California
Butte,2021-02-26,955,58735,320,26304,635,32431,0,0,416,17426,535,20630,416,38056,California
Butte,2021-02-27,243,58978,50,26354,193,32624,0,0,191,17567,50,20680,191,38247,California
Butte,2021-02-28,147,59125,17,26371,130,32754,0,0,139,17698,8,20688,139,38386,California
Butte,2021-03-01,1640,60765,180,26551,1459,34213,1,1,337,16738,1298,21986,338,38724,California
Butte,2021-03-02,1778,62543,202,26753,1576,35789,0,1,314,15594,1459,23445,315,39039,California
Butte,2021-03-03,2811,65354,858,27611,1953,37742,0,1,493,13775,2312,25757,493,39532,California
Butte,2021-03-04,3174,68528,691,28302,2483,40225,0,1,629,11863,2541,28298,629,40161,California
Butte,2021-03-05,1367,69895,621,28923,745,40970,1,2,743,11987,620,28918,744,40905,California
Butte,2021-03-06,252,70147,27,28950,201,41171,24,26,189,12138,62,28980,213,41118,California
Butte,2021-03-07,68,70215,4,28954,41,41212,23,49,36,12165,32,29012,59,41177,California
Butte,2021-03-08,1278,71493,133,29087,1066,42278,79,128,1106,13181,169,29181,1185,42362,California
Butte,2021-03-09,1931,73424,284,29371,1544,43822,103,231,1414,14186,512,29693,1517,43879,California
Butte,2021-03-10,2336,75760,978,30349,1257,45079,101,332,1589,15135,741,30434,1690,45569,California
Butte,2021-03-11,2825,78585,1330,31679,1367,46446,128,460,1973,16396,841,31275,2102,47671,California
Butte,2021-03-12,1166,79751,334,32013,465,46911,367,827,352,16308,807,32082,719,48390,California
Butte,2021-03-13,275,80026,70,32083,144,47055,61,888,65,16223,210,32292,125,48515,California
Butte,2021-03-14,167,80193,18,32101,107,47162,42,930,23,16145,143,32435,65,48580,California
Butte,2021-03-15,1735,81928,356,32457,1084,48246,295,1225,1139,16991,587,33022,1433,50013,California
Butte,2021-03-16,1687,83615,430,32887,1179,49425,78,1303,1095,17576,587,33609,1172,51185,California
Butte,2021-03-17,1959,85574,1354,34241,524,49949,81,1384,1106,17917,845,34454,1186,52371,California
Butte,2021-03-18,1817,87391,1468,35709,221,50170,128,1512,1012,18257,799,35253,1139,53510,California
Butte,2021-03-19,699,88090,312,36021,303,50473,84,1596,337,18326,352,35605,421,53931,California
Butte,2021-03-20,207,88297,31,36052,159,50632,17,1613,97,18330,110,35715,114,54045,California
Butte,2021-03-21,73,88370,40,36092,4,50636,29,1642,24,18336,47,35762,53,54098,California
Butte,2021-03-22,1507,89877,372,36464,1040,51676,95,1737,1238,19400,268,36030,1332,55430,California
Butte,2021-03-23,1864,91741,524,36988,1226,52902,114,1851,1508,20670,352,36382,1622,57052,California
Butte,2021-03-24,2271,94012,1272,38260,873,53775,126,1977,1703,21935,563,36945,1828,58880,California
Butte,2021-03-25,1489,95501,1201,39461,196,53971,92,2069,1018,22579,466,37411,1110,59990,California
Butte,2021-03-26,1215,96716,441,39902,527,54498,247,2316,557,22733,650,38061,804,60794,California
Butte,2021-03-27,311,97027,87,39989,200,54698,24,2340,137,22721,171,38232,159,60953,California
Butte,2021-03-28,231,97258,45,40034,178,54876,8,2348,103,22706,125,38357,110,61063,California
Butte,2021-03-29,1766,99024,383,40417,1313,56189,70,2418,1342,23699,419,38776,1412,62475,California
Butte,2021-03-30,1050,100074,479,40896,480,56669,91,2509,496,23738,548,39324,587,63062,California
Butte,2021-03-31,1787,101861,1303,42199,417,57086,67,2576,1079,24185,699,40023,1146,64208,California
Butte,2021-04-01,3346,105207,2717,44916,500,57586,129,2705,2258,25493,1079,41102,2387,66595,California
Butte,2021-04-02,1017,106224,425,45341,471,58057,121,2826,571,25746,438,41540,691,67286,California
Butte,2021-04-03,347,106571,48,45389,224,58281,75,2901,164,25802,183,41723,239,67525,California
Butte,2021-04-04,193,106764,25,45414,144,58425,24,2925,112,25859,79,41802,136,67661,California
Butte,2021-04-05,1969,108733,419,45833,1379,59804,171,3096,590,25248,1370,43172,759,68420,California
Butte,2021-04-06,2217,110950,621,46454,1175,60979,421,3517,804,25067,1404,44576,1223,69643,California
Butte,2021-04-07,3047,113997,1324,47778,1328,62307,395,3912,718,23856,2323,46899,1112,70755,California
Butte,2021-04-08,2756,116753,1202,48980,1285,63592,269,4181,458,22289,2294,49193,727,71482,California
Butte,2021-04-09,1380,118133,353,49333,543,64135,484,4665,329,22050,1047,50240,808,72290,California
Butte,2021-04-10,228,118361,48,49381,79,64214,101,4766,101,22125,126,50366,201,72491,California
Butte,2021-04-11,108,118469,45,49426,53,64267,10,4776,83,22194,24,50390,93,72584,California
Butte,2021-04-12,1414,119883,315,49741,965,65232,134,4910,236,21386,1178,51568,370,72954,California
Butte,2021-04-13,1657,121540,575,50316,1076,66308,6,4916,346,20436,1302,52870,352,73306,California
Butte,2021-04-14,2856,124396,2361,52677,495,66803,0,4916,1325,20236,1526,54396,1326,74632,California
Butte,2021-04-15,649,125045,398,53075,251,67054,0,4916,486,20565,157,54553,486,75118,California
Butte,2021-04-16,817,125862,419,53494,398,67452,0,4916,482,20715,332,54885,482,75600,California
Butte,2021-04-17,346,126208,62,53556,284,67736,0,4916,243,20856,102,54987,243,75843,California
Butte,2021-04-18,56,126264,23,53579,33,67769,0,4916,43,20886,13,55000,43,75886,California
Butte,2021-04-19,1569,127833,385,53964,1184,68953,0,4916,419,20158,1147,56147,419,76305,California
Butte,2021-04-20,2039,129872,772,54736,1267,70220,0,4916,757,19641,1274,57421,757,77062,California
Butte,2021-04-21,2113,131985,1229,55965,884,71104,0,4916,488,18511,1618,59039,488,77550,California
Butte,2021-04-22,2271,134256,1985,57950,286,71390,0,4916,624,17493,1642,60681,624,78174,California
Butte,2021-04-23,971,135227,472,58422,499,71889,0,4916,490,17503,480,61161,490,78664,California
Butte,2021-04-24,349,135576,140,58562,209,72098,0,4916,188,17530,161,61322,188,78852,California
Butte,2021-04-25,174,135750,69,58631,105,72203,0,4916,65,17486,109,61431,65,78917,California
Butte,2021-04-26,1577,137327,471,59102,1101,73304,5,4921,408,16736,1163,62594,413,79330,California
Butte,2021-04-27,1039,138366,696,59798,316,73620,27,4948,587,16905,446,63040,615,79945,California
Butte,2021-04-28,1435,139801,977,60775,433,74053,25,4973,509,16518,921,63961,534,80479,California
Butte,2021-04-29,913,140714,569,61344,319,74372,25,4998,312,16260,595,64556,337,80816,California
Butte,2021-04-30,929,141643,420,61764,488,74860,21,5019,466,16292,454,65010,486,81302,California
Butte,2021-05-01,245,141888,64,61828,159,75019,22,5041,73,16215,169,65179,92,81394,California
Butte,2021-05-02,153,142041,64,61892,76,75095,13,5054,45,16165,107,65286,57,81451,California
Butte,2021-05-03,635,142676,258,62150,346,75441,31,5085,178,15927,447,65733,209,81660,California
Butte,2021-05-04,853,143529,344,62494,477,75918,32,5117,224,15560,622,66355,255,81915,California
Butte,2021-05-05,1373,144902,1120,63614,215,76133,38,5155,291,14813,1076,67431,329,82244,California
Butte,2021-05-06,969,145871,702,64316,228,76361,39,5194,368,14623,597,68028,407,82651,California
Butte,2021-05-07,582,146453,311,64627,235,76596,36,5230,297,14674,281,68309,332,82983,California
Butte,2021-05-08,187,146640,53,64680,123,76719,11,5241,91,14681,95,68404,102,83085,California
Butte,2021-05-09,103,146743,27,64707,73,76792,3,5244,54,14689,49,68453,57,83142,California
Butte,2021-05-10,538,147281,316,65023,176,76968,46,5290,214,14628,321,68774,260,83402,California
Butte,2021-05-11,916,148197,662,65685,194,77162,60,5350,296,14367,617,69391,356,83758,California
Butte,2021-05-12,784,148981,483,66168,253,77415,48,5398,333,14302,446,69837,381,84139,California
Butte,2021-05-13,950,149931,628,66796,257,77672,65,5463,349,14124,590,70427,412,84551,California
Butte,2021-05-14,871,150802,544,67340,294,77966,33,5496,380,14048,487,70914,411,84962,California
Butte,2021-05-15,509,151311,246,67586,229,78195,34,5530,239,14053,268,71182,273,85235,California
Butte,2021-05-16,167,151478,82,67668,67,78262,18,5548,98,14101,68,71250,116,85351,California
Butte,2021-05-17,770,152248,498,68166,223,78485,49,5597,331,14045,435,71685,379,85730,California
Butte,2021-05-18,1068,153316,735,68901,284,78769,49,5646,475,13982,587,72272,524,86254,California
Butte,2021-05-19,834,154150,541,69442,249,79018,44,5690,328,13853,500,72772,371,86625,California
Butte,2021-05-20,984,155134,660,70102,214,79232,110,5800,384,13749,597,73369,493,87118,California
Butte,2021-05-21,889,156023,543,70645,320,79552,26,5826,293,13475,592,73961,318,87436,California
Butte,2021-05-22,299,156322,139,70784,145,79697,15,5841,144,13481,152,74113,158,87594,California
Butte,2021-05-23,132,156454,83,70867,48,79745,1,5842,79,13508,53,74166,80,87674,California
Butte,2021-05-24,352,156806,165,71032,138,79883,49,5891,177,13560,174,74340,226,87900,California
Butte,2021-05-25,698,157504,447,71479,214,80097,37,5928,341,13588,349,74689,377,88277,California
Butte,2021-05-26,562,158066,180,71659,359,80456,23,5951,241,13539,312,75001,263,88540,California
Butte,2021-05-27,865,158931,623,72282,224,80680,18,5969,422,13542,438,75439,441,88981,California
Butte,2021-05-28,520,159451,141,72423,300,80980,79,6048,212,13528,305,75744,291,89272,California
Butte,2021-05-29,225,159676,116,72539,97,81077,12,6060,144,13603,81,75825,156,89428,California
Butte,2021-05-30,105,159781,56,72595,49,81126,0,6060,57,13612,48,75873,57,89485,California
Butte,2021-05-31,43,159824,23,72618,18,81144,2,6062,25,13621,18,75891,27,89512,California
Butte,2021-06-01,680,160504,429,73047,214,81358,37,6099,253,13489,421,76312,289,89801,California
Butte,2021-06-02,817,161321,564,73611,208,81566,45,6144,349,13419,463,76775,393,90194,California
Butte,2021-06-03,629,161950,423,74034,189,81755,17,6161,206,13222,420,77195,223,90417,California
Butte,2021-06-04,484,162434,276,74310,180,81935,28,6189,144,13061,333,77528,172,90589,California
Butte,2021-06-05,323,162757,209,74519,94,82029,20,6209,98,12956,223,77751,118,90707,California
Butte,2021-06-06,136,162893,100,74619,34,82063,2,6211,33,12889,102,77853,35,90742,California
Butte,2021-06-07,405,163298,258,74877,116,82179,31,6242,168,12851,236,78089,198,90940,California
Butte,2021-06-08,652,163950,469,75346,164,82343,19,6261,179,12588,462,78551,199,91139,California
Butte,2021-06-09,438,164388,300,75646,119,82462,19,6280,147,12470,284,78835,166,91305,California
Butte,2021-06-10,632,165020,450,76096,150,82612,32,6312,233,12336,397,79232,263,91568,California
Butte,2021-06-11,443,165463,264,76360,158,82770,21,6333,147,12210,294,79526,168,91736,California
Butte,2021-06-12,252,165715,154,76514,88,82858,10,6343,75,12119,176,79702,85,91821,California
Butte,2021-06-13,97,165812,64,76578,30,82888,3,6346,20,12065,77,79779,23,91844,California
Butte,2021-06-14,390,166202,235,76813,135,83023,20,6366,139,11975,250,80029,160,92004,California
Butte,2021-06-15,551,166753,387,77200,138,83161,26,6392,164,11784,381,80410,190,92194,California
Butte,2021-06-16,416,167169,256,77456,116,83277,44,6436,168,11750,246,80656,212,92406,California
Butte,2021-06-17,584,167753,436,77892,121,83398,27,6463,182,11558,401,81057,209,92615,California
Butte,2021-06-18,410,168163,205,78097,152,83550,53,6516,160,11520,248,81305,210,92825,California
Butte,2021-06-19,207,168370,153,78250,49,83599,5,6521,92,11502,115,81420,97,92922,California
Butte,2021-06-20,93,168463,68,78318,25,83624,0,6521,24,11457,69,81489,24,92946,California
Butte,2021-06-21,277,168740,164,78482,92,83716,21,6542,132,11467,143,81632,153,93099,California
Butte,2021-06-22,419,169159,274,78756,121,83837,24,6566,151,11378,264,81896,175,93274,California
Butte,2021-06-23,450,169609,333,79089,92,83929,25,6591,166,11285,283,82179,190,93464,California
Butte,2021-06-24,426,170035,284,79373,108,84037,34,6625,153,11199,272,82451,186,93650,California
Butte,2021-06-25,414,170449,204,79577,187,84224,23,6648,155,11119,258,82709,178,93828,California
Butte,2021-06-26,132,170581,96,79673,34,84258,2,6650,55,11099,77,82786,57,93885,California
Butte,2021-06-27,64,170645,39,79712,24,84282,1,6651,20,11076,44,82830,21,93906,California
Butte,2021-06-28,297,170942,224,79936,54,84336,19,6670,123,11045,173,83003,142,94048,California
Butte,2021-06-29,322,171264,217,80153,92,84428,13,6683,139,11016,180,83183,151,94199,California
Butte,2021-06-30,320,171584,208,80361,96,84524,16,6699,153,11019,166,83349,169,94368,California
Butte,2021-07-01,356,171940,229,80590,107,84631,20,6719,142,10968,213,83562,162,94530,California
Butte,2021-07-02,298,172238,204,80794,68,84699,26,6745,138,10975,157,83719,164,94694,California
Butte,2021-07-03,122,172360,83,80877,37,84736,2,6747,51,10958,70,83789,53,94747,California
Butte,2021-07-04,3,172363,2,80879,1,84737,0,6747,0,10956,2,83791,0,94747,California
Butte,2021-07-05,149,172512,99,80978,40,84777,10,6757,63,10947,82,83873,73,94820,California
Butte,2021-07-06,338,172850,250,81228,73,84850,15,6772,118,10863,218,84091,134,94954,California
Butte,2021-07-07,312,173162,230,81458,74,84924,8,6780,119,10799,191,84282,127,95081,California
Butte,2021-07-08,116,173278,70,81528,42,84966,4,6784,35,10758,80,84362,39,95120,California
Calaveras,2020-12-16,10,10,10,10,0,0,0,0,10,10,0,0,10,10,California
Calaveras,2020-12-17,6,16,6,16,0,0,0,0,6,16,0,0,6,16,California
Calaveras,2020-12-18,39,55,39,55,0,0,0,0,39,55,0,0,39,55,California
Calaveras,2020-12-19,4,59,4,59,0,0,0,0,4,59,0,0,4,59,California
Calaveras,2020-12-20,4,63,4,63,0,0,0,0,4,63,0,0,4,63,California
Calaveras,2020-12-21,54,117,47,110,7,7,0,0,54,117,0,0,54,117,California
Calaveras,2020-12-22,84,201,80,190,4,11,0,0,85,202,0,0,85,202,California
Calaveras,2020-12-23,76,277,74,264,2,13,0,0,76,278,0,0,76,278,California
Calaveras,2020-12-24,2,279,2,266,0,13,0,0,2,280,0,0,2,280,California
Calaveras,2020-12-26,3,282,3,269,0,13,0,0,3,283,0,0,3,283,California
Calaveras,2020-12-27,1,283,1,270,0,13,0,0,1,284,0,0,1,284,California
Calaveras,2020-12-28,22,305,18,288,4,17,0,0,21,304,1,1,21,305,California
Calaveras,2020-12-29,160,465,138,426,22,39,0,0,160,464,0,1,160,465,California
Calaveras,2020-12-30,94,559,82,508,12,51,0,0,94,558,0,1,94,559,California
Calaveras,2020-12-31,38,597,27,535,11,62,0,0,38,596,0,1,38,597,California
Calaveras,2021-01-02,12,609,12,547,0,62,0,0,12,608,0,1,12,609,California
Calaveras,2021-01-03,10,619,4,551,6,68,0,0,10,618,0,1,10,619,California
Calaveras,2021-01-04,33,652,5,556,28,96,0,0,33,651,0,1,33,652,California
Calaveras,2021-01-05,43,695,10,566,33,129,0,0,32,677,11,12,37,689,California
Calaveras,2021-01-06,107,802,30,596,77,206,0,0,97,764,10,22,97,786,California
Calaveras,2021-01-07,108,910,28,624,80,286,0,0,93,845,13,35,94,880,California
Calaveras,2021-01-08,74,984,44,668,30,316,0,0,46,865,28,63,48,928,California
Calaveras,2021-01-09,5,989,5,673,0,316,0,0,2,864,3,66,2,930,California
Calaveras,2021-01-10,2,991,0,673,2,318,0,0,2,866,0,66,2,932,California
Calaveras,2021-01-11,66,1057,60,733,6,324,0,0,27,857,38,104,29,961,California
Calaveras,2021-01-12,89,1146,56,789,33,357,0,0,52,873,37,141,53,1014,California
Calaveras,2021-01-13,110,1256,46,835,64,421,0,0,75,914,35,176,76,1090,California
Calaveras,2021-01-14,144,1400,45,880,99,520,0,0,110,992,33,209,111,1201,California
Calaveras,2021-01-15,94,1494,28,908,66,586,0,0,74,1046,20,229,74,1275,California
Calaveras,2021-01-16,13,1507,2,910,11,597,0,0,12,1057,1,230,12,1287,California
Calaveras,2021-01-17,10,1517,2,912,8,605,0,0,9,1065,1,231,9,1296,California
Calaveras,2021-01-18,138,1655,21,933,117,722,0,0,122,1175,16,247,126,1422,California
Calaveras,2021-01-19,209,1864,177,1110,32,754,0,0,71,1111,137,384,73,1495,California
Calaveras,2021-01-20,383,2247,82,1192,301,1055,0,0,288,1323,94,478,306,1801,California
Calaveras,2021-01-21,469,2716,43,1235,426,1481,0,0,426,1724,43,521,444,2245,California
Calaveras,2021-01-22,407,3123,26,1261,381,1862,0,0,389,2109,18,539,403,2648,California
Calaveras,2021-01-23,21,3144,10,1271,11,1873,0,0,19,2126,2,541,19,2667,California
Calaveras,2021-01-24,14,3158,8,1279,6,1879,0,0,12,2136,2,543,12,2679,California
Calaveras,2021-01-25,89,3247,7,1286,82,1961,0,0,84,2215,5,548,84,2763,California
Calaveras,2021-01-26,51,3298,16,1302,35,1996,0,0,42,2248,9,557,42,2805,California
Calaveras,2021-01-27,141,3439,47,1349,94,2090,0,0,112,2332,28,585,112,2917,California
Calaveras,2021-01-28,165,3604,25,1374,140,2230,0,0,136,2446,29,614,143,3060,California
Calaveras,2021-01-29,400,4004,15,1389,385,2615,0,0,365,2792,35,649,381,3441,California
Calaveras,2021-01-30,27,4031,10,1399,17,2632,0,0,25,2817,0,649,25,3466,California
Calaveras,2021-01-31,7,4038,5,1404,2,2634,0,0,6,2822,1,650,6,3472,California
Calaveras,2021-02-01,31,4069,12,1416,19,2653,0,0,22,2835,9,659,22,3494,California
Calaveras,2021-02-02,113,4182,24,1440,89,2742,0,0,74,2876,34,693,75,3569,California
Calaveras,2021-02-03,444,4626,44,1484,400,3142,0,0,359,3153,84,777,361,3930,California
Calaveras,2021-02-04,391,5017,26,1510,365,3507,0,0,305,3375,86,863,308,4238,California
Calaveras,2021-02-05,81,5098,22,1532,59,3566,0,0,42,3379,39,902,43,4281,California
Calaveras,2021-02-06,22,5120,12,1544,10,3576,0,0,22,3401,0,902,22,4303,California
Calaveras,2021-02-07,6,5126,1,1545,5,3581,0,0,2,3401,2,904,2,4305,California
Calaveras,2021-02-08,42,5168,19,1564,23,3604,0,0,34,3429,6,910,34,4339,California
Calaveras,2021-02-09,200,5368,78,1642,122,3726,0,0,137,3506,61,971,138,4477,California
Calaveras,2021-02-10,519,5887,33,1675,486,4212,0,0,444,3884,75,1046,453,4930,California
Calaveras,2021-02-11,602,6489,91,1766,511,4723,0,0,481,4260,118,1164,494,5424,California
Calaveras,2021-02-12,578,7067,325,2091,253,4976,0,0,491,4676,85,1249,501,5925,California
Calaveras,2021-02-13,205,7272,47,2138,158,5134,0,0,188,4848,16,1265,188,6113,California
Calaveras,2021-02-14,223,7495,71,2209,152,5286,0,0,207,5041,14,1279,207,6320,California
Calaveras,2021-02-15,389,7884,25,2234,364,5650,0,0,265,5187,119,1398,265,6585,California
Calaveras,2021-02-16,272,8156,146,2380,126,5776,0,0,232,5383,40,1438,236,6821,California
Calaveras,2021-02-17,518,8674,40,2420,478,6254,0,0,205,5300,293,1731,210,7031,California
Calaveras,2021-02-18,507,9181,96,2516,411,6665,0,0,98,5014,385,2116,99,7130,California
Calaveras,2021-02-19,443,9624,43,2559,400,7065,0,0,99,4785,328,2444,99,7229,California
Calaveras,2021-02-20,59,9683,15,2574,44,7109,0,0,49,4824,10,2454,49,7278,California
Calaveras,2021-02-21,27,9710,16,2590,11,7120,0,0,20,4838,6,2460,20,7298,California
Calaveras,2021-02-22,64,9774,39,2629,25,7145,0,0,33,4840,31,2491,33,7331,California
Calaveras,2021-02-23,137,9911,49,2678,88,7233,0,0,95,4894,42,2533,96,7427,California
Calaveras,2021-02-24,102,10013,48,2726,54,7287,0,0,68,4930,32,2565,68,7495,California
Calaveras,2021-02-25,557,10570,104,2830,453,7740,0,0,355,5101,192,2757,363,7858,California
Calaveras,2021-02-26,787,11357,47,2877,740,8480,0,0,375,5092,387,3144,378,8236,California
Calaveras,2021-02-27,209,11566,26,2903,183,8663,0,0,184,5251,25,3169,184,8420,California
Calaveras,2021-02-28,96,11662,15,2918,81,8744,0,0,91,5337,5,3174,91,8511,California
Calaveras,2021-03-01,253,11915,48,2966,205,8949,0,0,155,5400,93,3267,156,8667,California
Calaveras,2021-03-02,262,12177,105,3071,157,9106,0,0,208,5559,51,3318,210,8877,California
Calaveras,2021-03-03,574,12751,109,3180,465,9571,0,0,218,5428,350,3668,219,9096,California
Calaveras,2021-03-04,756,13507,70,3250,685,10256,1,1,352,5388,394,4062,354,9450,California
Calaveras,2021-03-05,463,13970,271,3521,188,10444,4,5,147,5237,302,4364,151,9601,California
Calaveras,2021-03-06,155,14125,43,3564,106,10550,6,11,114,5317,41,4405,121,9722,California
Calaveras,2021-03-07,82,14207,33,3597,41,10591,8,19,39,5321,43,4448,47,9769,California
Calaveras,2021-03-08,168,14375,32,3629,128,10719,8,27,130,5423,36,4484,138,9907,California
Calaveras,2021-03-09,382,14757,143,3772,233,10952,6,33,35,5124,340,4824,41,9948,California
Calaveras,2021-03-10,432,15189,35,3807,394,11346,3,36,58,4822,363,5187,61,10009,California
Calaveras,2021-03-11,884,16073,441,4248,430,11776,13,49,437,4843,431,5618,452,10461,California
Calaveras,2021-03-12,430,16503,224,4472,196,11972,10,59,324,5084,103,5721,344,10805,California
Calaveras,2021-03-13,192,16695,19,4491,165,12137,8,67,139,5184,51,5772,151,10956,California
Calaveras,2021-03-14,161,16856,11,4502,149,12286,1,68,18,5066,143,5915,25,10981,California
Calaveras,2021-03-15,337,17193,50,4552,261,12547,26,94,55,4870,281,6196,85,11066,California
Calaveras,2021-03-16,701,17894,562,5114,119,12666,20,114,554,5299,145,6341,574,11640,California
Calaveras,2021-03-17,290,18184,53,5167,223,12889,14,128,52,5135,231,6572,67,11707,California
Calaveras,2021-03-18,674,18858,575,5742,83,12972,16,144,548,5577,125,6697,567,12274,California
Calaveras,2021-03-19,237,19095,52,5794,110,13082,75,219,59,5535,174,6871,132,12406,California
Calaveras,2021-03-20,83,19178,23,5817,59,13141,1,220,23,5500,60,6931,25,12431,California
Calaveras,2021-03-21,47,19225,29,5846,7,13148,11,231,9,5484,37,6968,21,12452,California
Calaveras,2021-03-22,83,19308,39,5885,23,13171,21,252,26,5474,57,7025,47,12499,California
Calaveras,2021-03-23,299,19607,205,6090,84,13255,10,262,118,5432,169,7194,127,12626,California
Calaveras,2021-03-24,135,19742,51,6141,74,13329,10,272,44,5397,89,7283,54,12680,California
Calaveras,2021-03-25,754,20496,108,6249,642,13971,4,276,452,5562,291,7574,456,13136,California
Calaveras,2021-03-26,439,20935,30,6279,402,14373,7,283,91,5322,340,7914,100,13236,California
Calaveras,2021-03-27,212,21147,21,6300,187,14560,4,287,38,5195,171,8085,44,13280,California
Calaveras,2021-03-28,112,21259,12,6312,97,14657,3,290,8,5104,103,8188,12,13292,California
Calaveras,2021-03-29,187,21446,23,6335,161,14818,3,293,60,5046,122,8310,64,13356,California
Calaveras,2021-03-30,541,21987,26,6361,498,15316,17,310,361,5245,179,8489,378,13734,California
Calaveras,2021-03-31,329,22316,144,6505,175,15491,10,320,159,5248,167,8656,170,13904,California
Calaveras,2021-04-01,696,23012,449,6954,246,15737,1,321,184,4929,508,9164,189,14093,California
Calaveras,2021-04-02,401,23413,234,7188,159,15896,8,329,115,4776,278,9442,125,14218,California
Calaveras,2021-04-03,145,23558,36,7224,105,16001,4,333,41,4717,104,9546,45,14263,California
Calaveras,2021-04-04,83,23641,27,7251,56,16057,0,333,51,4736,32,9578,51,14314,California
Calaveras,2021-04-05,212,23853,80,7331,122,16179,10,343,97,4728,115,9693,107,14421,California
Calaveras,2021-04-06,664,24517,581,7912,69,16248,14,357,115,4312,545,10238,129,14550,California
Calaveras,2021-04-07,762,25279,665,8577,60,16308,37,394,621,4831,140,10378,659,15209,California
Calaveras,2021-04-08,950,26229,857,9434,70,16378,23,417,432,4773,514,10892,456,15665,California
Calaveras,2021-04-09,158,26387,60,9494,49,16427,49,466,55,4777,99,10991,103,15768,California
Calaveras,2021-04-10,196,26583,44,9538,133,16560,19,485,150,4902,45,11036,170,15938,California
Calaveras,2021-04-11,70,26653,45,9583,23,16583,2,487,49,4932,21,11057,51,15989,California
Calaveras,2021-04-12,106,26759,46,9629,41,16624,19,506,56,4958,50,11107,76,16065,California
Calaveras,2021-04-13,428,27187,372,10001,56,16680,0,506,366,5265,61,11168,368,16433,California
Calaveras,2021-04-14,186,27373,28,10029,158,16838,0,506,136,5353,49,11217,137,16570,California
Calaveras,2021-04-15,336,27709,285,10314,51,16889,0,506,245,5512,86,11303,245,16815,California
Calaveras,2021-04-16,109,27818,32,10346,77,16966,0,506,50,5510,52,11355,50,16865,California
Calaveras,2021-04-17,333,28151,128,10474,205,17171,0,506,290,5757,43,11398,290,17155,California
Calaveras,2021-04-18,18,28169,5,10479,13,17184,0,506,11,5761,7,11405,11,17166,California
Calaveras,2021-04-19,76,28245,27,10506,49,17233,0,506,44,5775,31,11436,45,17211,California
Calaveras,2021-04-20,270,28515,93,10599,177,17410,0,506,197,5905,67,11503,197,17408,California
Calaveras,2021-04-21,219,28734,148,10747,71,17481,0,506,84,5858,132,11635,85,17493,California
Calaveras,2021-04-22,547,29281,98,10845,449,17930,0,506,143,5603,400,12035,145,17638,California
Calaveras,2021-04-23,162,29443,81,10926,81,18011,0,506,64,5572,95,12130,64,17702,California
Calaveras,2021-04-24,173,29616,38,10964,135,18146,0,506,129,5659,43,12173,130,17832,California
Calaveras,2021-04-25,43,29659,27,10991,16,18162,0,506,23,5664,20,12193,25,17857,California
Calaveras,2021-04-26,119,29778,74,11065,45,18207,0,506,35,5617,83,12276,36,17893,California
Calaveras,2021-04-27,444,30222,72,11137,359,18566,13,519,57,5305,382,12658,70,17963,California
Calaveras,2021-04-28,650,30872,580,11717,39,18605,31,550,55,4807,591,13249,93,18056,California
Calaveras,2021-04-29,519,31391,443,12160,57,18662,19,569,71,4457,444,13693,94,18150,California
Calaveras,2021-04-30,156,31547,62,12222,89,18751,5,574,71,4455,84,13777,82,18232,California
Calaveras,2021-05-01,203,31750,112,12334,88,18839,3,577,134,4529,67,13844,141,18373,California
Calaveras,2021-05-02,54,31804,37,12371,16,18855,1,578,20,4519,32,13876,22,18395,California
Calaveras,2021-05-03,95,31899,70,12441,20,18875,5,583,30,4494,64,13940,39,18434,California
Calaveras,2021-05-04,421,32320,330,12771,54,18929,37,620,45,4202,375,14315,83,18517,California
Calaveras,2021-05-05,112,32432,57,12828,23,18952,32,652,50,4223,60,14375,81,18598,California
Calaveras,2021-05-06,256,32688,194,13022,38,18990,24,676,47,4088,207,14582,72,18670,California
Calaveras,2021-05-07,89,32777,25,13047,58,19048,6,682,58,4121,31,14613,64,18734,California
Calaveras,2021-05-08,291,33068,142,13189,146,19194,3,685,90,4017,197,14810,93,18827,California
Calaveras,2021-05-09,28,33096,12,13201,13,19207,3,688,13,4018,15,14825,16,18843,California
Calaveras,2021-05-10,65,33161,30,13231,34,19241,1,689,28,4013,35,14860,30,18873,California
Calaveras,2021-05-11,137,33298,92,13323,33,19274,12,701,96,4082,40,14900,109,18982,California
Calaveras,2021-05-12,172,33470,50,13373,122,19396,0,701,53,4018,118,15018,54,19036,California
Calaveras,2021-05-13,123,33593,66,13439,42,19438,15,716,66,4045,55,15073,82,19118,California
Calaveras,2021-05-14,148,33741,93,13532,52,19490,3,719,99,4099,48,15121,102,19220,California
Calaveras,2021-05-15,267,34008,96,13628,168,19658,3,722,106,4053,155,15276,109,19329,California
Calaveras,2021-05-16,30,34038,12,13640,18,19676,0,722,14,4052,16,15292,15,19344,California
Calaveras,2021-05-17,90,34128,42,13682,41,19717,7,729,47,4065,42,15334,55,19399,California
Calaveras,2021-05-18,229,34357,63,13745,144,19861,22,751,74,4007,154,15488,96,19495,California
Calaveras,2021-05-19,151,34508,64,13809,83,19944,4,755,72,4006,78,15566,77,19572,California
Calaveras,2021-05-20,203,34711,80,13889,97,20041,26,781,66,3963,134,15700,91,19663,California
Calaveras,2021-05-21,97,34808,55,13944,38,20079,4,785,58,3986,38,15738,61,19724,California
Calaveras,2021-05-22,301,35109,160,14104,141,20220,0,785,148,3982,152,15890,148,19872,California
Calaveras,2021-05-23,32,35141,16,14120,16,20236,0,785,13,3976,19,15909,13,19885,California
Calaveras,2021-05-24,76,35217,40,14160,20,20256,16,801,32,3981,44,15953,49,19934,California
Calaveras,2021-05-25,125,35342,48,14208,60,20316,17,818,56,3985,69,16022,73,20007,California
Calaveras,2021-05-26,121,35463,87,14295,30,20346,4,822,83,4034,37,16059,86,20093,California
Calaveras,2021-05-27,86,35549,44,14339,38,20384,4,826,30,4016,53,16112,35,20128,California
Calaveras,2021-05-28,85,35634,44,14383,37,20421,4,830,39,4013,46,16158,43,20171,California
Calaveras,2021-05-29,69,35703,23,14406,41,20462,5,835,33,4016,36,16194,39,20210,California
Calaveras,2021-05-30,36,35739,14,14420,17,20479,5,840,11,4007,25,16219,16,20226,California
Calaveras,2021-05-31,5,35744,0,14420,3,20482,2,842,0,4004,5,16224,2,20228,California
Calaveras,2021-06-01,147,35891,98,14518,43,20525,6,848,44,3951,103,16327,50,20278,California
Calaveras,2021-06-02,86,35977,55,14573,27,20552,4,852,37,3943,49,16376,41,20319,California
Calaveras,2021-06-03,93,36070,55,14628,31,20583,7,859,42,3945,49,16425,51,20370,California
Calaveras,2021-06-04,139,36209,93,14721,34,20617,12,871,36,3890,103,16528,48,20418,California
Calaveras,2021-06-05,85,36294,28,14749,55,20672,2,873,34,3876,50,16578,36,20454,California
Calaveras,2021-06-06,40,36334,28,14777,9,20681,3,876,21,3881,19,16597,24,20478,California
Calaveras,2021-06-07,62,36396,45,14822,9,20690,8,884,25,3878,36,16633,33,20511,California
Calaveras,2021-06-08,125,36521,80,14902,39,20729,6,890,58,3875,67,16700,64,20575,California
Calaveras,2021-06-09,95,36616,51,14953,38,20767,6,896,30,3848,65,16765,38,20613,California
Calaveras,2021-06-10,120,36736,59,15012,52,20819,9,905,42,3823,76,16841,51,20664,California
Calaveras,2021-06-11,104,36840,59,15071,40,20859,5,910,33,3790,71,16912,38,20702,California
Calaveras,2021-06-12,63,36903,37,15108,24,20883,2,912,20,3770,43,16955,23,20725,California
Calaveras,2021-06-13,31,36934,18,15126,9,20892,4,916,8,3759,23,16978,12,20737,California
Calaveras,2021-06-14,60,36994,40,15166,16,20908,4,920,23,3751,37,17015,29,20766,California
Calaveras,2021-06-15,90,37084,55,15221,26,20934,9,929,23,3717,67,17082,33,20799,California
Calaveras,2021-06-16,179,37263,138,15359,27,20961,14,943,39,3631,139,17221,53,20852,California
Calaveras,2021-06-17,60,37323,33,15392,23,20984,4,947,25,3628,32,17253,29,20881,California
Calaveras,2021-06-18,60,37383,41,15433,15,20999,4,951,25,3622,35,17288,29,20910,California
Calaveras,2021-06-19,66,37449,23,15456,26,21025,17,968,23,3619,43,17331,40,20950,California
Calaveras,2021-06-20,6,37455,2,15458,3,21028,1,969,2,3618,4,17335,3,20953,California
Calaveras,2021-06-21,39,37494,15,15473,18,21046,6,975,24,3634,15,17350,31,20984,California
Calaveras,2021-06-22,63,37557,32,15505,29,21075,2,977,28,3632,33,17383,31,21015,California
Calaveras,2021-06-23,64,37621,39,15544,18,21093,7,984,30,3635,34,17417,37,21052,California
Calaveras,2021-06-24,69,37690,37,15581,30,21123,2,986,35,3638,34,17451,37,21089,California
Calaveras,2021-06-25,53,37743,33,15614,12,21135,8,994,23,3639,30,17481,31,21120,California
Calaveras,2021-06-26,33,37776,16,15630,15,21150,2,996,20,3649,13,17494,23,21143,California
Calaveras,2021-06-27,18,37794,16,15646,1,21151,1,997,8,3648,10,17504,9,21152,California
Calaveras,2021-06-28,45,37839,27,15673,13,21164,5,1002,18,3646,26,17530,24,21176,California
Calaveras,2021-06-29,60,37899,48,15721,9,21173,3,1005,27,3645,31,17561,30,21206,California
Calaveras,2021-06-30,42,37941,26,15747,8,21181,8,1013,21,3653,21,17582,29,21235,California
Calaveras,2021-07-01,40,37981,24,15771,11,21192,5,1018,20,3659,19,17601,25,21260,California
Calaveras,2021-07-02,41,38022,31,15802,8,21200,2,1020,25,3670,16,17617,27,21287,California
Calaveras,2021-07-03,21,38043,15,15817,5,21205,1,1021,11,3672,10,17627,12,21299,California
Calaveras,2021-07-04,3,38046,1,15818,2,21207,0,1021,3,3675,0,17627,3,21302,California
Calaveras,2021-07-05,25,38071,15,15833,7,21214,3,1024,5,3664,20,17647,9,21311,California
Calaveras,2021-07-06,65,38136,26,15859,23,21237,16,1040,33,3681,32,17679,49,21360,California
Calaveras,2021-07-07,43,38179,25,15884,14,21251,4,1044,21,3685,21,17700,25,21385,California
Calaveras,2021-07-08,32,38211,10,15894,19,21270,3,1047,15,3687,16,17716,18,21403,California
Colusa,2020-12-18,1,1,1,1,0,0,0,0,1,1,0,0,1,1,California
Colusa,2020-12-21,2,3,2,3,0,0,0,0,2,3,0,0,2,3,California
Colusa,2020-12-22,10,13,10,13,0,0,0,0,10,13,0,0,10,13,California
Colusa,2020-12-23,10,23,10,23,0,0,0,0,10,23,0,0,10,23,California
Colusa,2020-12-24,2,25,1,24,1,1,0,0,2,25,0,0,2,25,California
Colusa,2020-12-27,1,26,1,25,0,1,0,0,1,26,0,0,1,26,California
Colusa,2020-12-28,7,33,3,28,4,5,0,0,7,33,0,0,7,33,California
Colusa,2020-12-29,10,43,8,36,2,7,0,0,10,43,0,0,10,43,California
Colusa,2020-12-30,51,94,14,50,37,44,0,0,51,94,0,0,51,94,California
Colusa,2020-12-31,18,112,1,51,17,61,0,0,18,112,0,0,18,112,California
Colusa,2021-01-04,3,115,0,51,3,64,0,0,3,115,0,0,3,115,California
Colusa,2021-01-05,68,183,1,52,67,131,0,0,68,183,0,0,68,183,California
Colusa,2021-01-06,15,198,9,61,6,137,0,0,15,198,0,0,15,198,California
Colusa,2021-01-07,40,238,5,66,35,172,0,0,39,236,1,1,39,237,California
Colusa,2021-01-08,9,247,7,73,2,174,0,0,8,243,1,2,8,245,California
Colusa,2021-01-09,2,249,1,74,1,175,0,0,2,245,0,2,2,247,California
Colusa,2021-01-10,1,250,0,74,1,176,0,0,1,246,0,2,1,248,California
Colusa,2021-01-11,12,262,6,80,6,182,0,0,7,248,5,7,7,255,California
Colusa,2021-01-12,11,273,9,89,2,184,0,0,6,249,5,12,6,261,California
Colusa,2021-01-13,21,294,13,102,8,192,0,0,13,254,8,20,13,274,California
Colusa,2021-01-14,36,330,29,131,7,199,0,0,34,286,2,22,34,308,California
Colusa,2021-01-15,42,372,5,136,37,236,0,0,40,324,2,24,40,348,California
Colusa,2021-01-16,12,384,1,137,11,247,0,0,11,334,1,25,11,359,California
Colusa,2021-01-17,3,387,2,139,1,248,0,0,2,335,1,26,2,361,California
Colusa,2021-01-18,4,391,0,139,4,252,0,0,4,339,0,26,4,365,California
Colusa,2021-01-19,9,400,8,147,1,253,0,0,5,340,4,30,5,370,California
Colusa,2021-01-20,115,515,101,248,14,267,0,0,101,427,14,44,101,471,California
Colusa,2021-01-21,59,574,44,292,15,282,0,0,58,484,1,45,58,529,California
Colusa,2021-01-22,40,614,17,309,23,305,0,0,35,514,5,50,35,564,California
Colusa,2021-01-23,35,649,6,315,29,334,0,0,35,549,0,50,35,599,California
Colusa,2021-01-25,7,656,0,315,7,341,0,0,7,556,0,50,7,606,California
Colusa,2021-01-26,8,664,5,320,3,344,0,0,5,558,3,53,5,611,California
Colusa,2021-01-27,110,774,31,351,79,423,0,0,108,664,2,55,108,719,California
Colusa,2021-01-28,84,858,48,399,36,459,0,0,75,730,9,64,75,794,California
Colusa,2021-01-29,42,900,7,406,35,494,0,0,41,770,1,65,41,835,California
Colusa,2021-01-30,27,927,4,410,23,517,0,0,27,797,0,65,27,862,California
Colusa,2021-01-31,7,934,7,417,0,517,0,0,7,804,0,65,7,869,California
Colusa,2021-02-01,27,961,10,427,17,534,0,0,22,821,5,70,22,891,California
Colusa,2021-02-02,42,1003,8,435,34,568,0,0,36,851,6,76,36,927,California
Colusa,2021-02-03,74,1077,10,445,64,632,0,0,62,901,12,88,62,989,California
Colusa,2021-02-04,143,1220,81,526,62,694,0,0,114,986,29,117,114,1103,California
Colusa,2021-02-05,33,1253,9,535,24,718,0,0,30,1013,3,120,30,1133,California
Colusa,2021-02-06,285,1538,9,544,276,994,0,0,274,1276,11,131,274,1407,California
Colusa,2021-02-07,2,1540,1,545,1,995,0,0,0,1274,2,133,0,1407,California
Colusa,2021-02-08,41,1581,5,550,36,1031,0,0,38,1309,3,136,38,1445,California
Colusa,2021-02-09,231,1812,14,564,217,1248,0,0,176,1430,55,191,176,1621,California
Colusa,2021-02-10,118,1930,42,606,76,1324,0,0,74,1460,44,235,74,1695,California
Colusa,2021-02-11,107,2037,44,650,63,1387,0,0,80,1513,27,262,80,1775,California
Colusa,2021-02-12,117,2154,9,659,108,1495,0,0,78,1551,40,302,78,1853,California
Colusa,2021-02-13,60,2214,8,667,52,1547,0,0,52,1595,8,310,52,1905,California
Colusa,2021-02-14,20,2234,8,675,12,1559,0,0,14,1603,6,316,14,1919,California
Colusa,2021-02-15,46,2280,10,685,36,1595,0,0,39,1635,7,323,39,1958,California
Colusa,2021-02-16,69,2349,4,689,65,1660,0,0,68,1702,1,324,68,2026,California
Colusa,2021-02-17,209,2558,143,832,66,1726,0,0,62,1617,147,471,62,2088,California
Colusa,2021-02-18,139,2697,39,871,100,1826,0,0,116,1710,23,494,116,2204,California
Colusa,2021-02-19,157,2854,19,890,138,1964,0,0,131,1815,26,520,131,2335,California
Colusa,2021-02-20,32,2886,6,896,26,1990,0,0,13,1809,19,539,13,2348,California
Colusa,2021-02-21,4,2890,2,898,2,1992,0,0,2,1809,2,541,2,2350,California
Colusa,2021-02-22,45,2935,27,925,18,2010,0,0,30,1824,15,556,30,2380,California
Colusa,2021-02-23,21,2956,6,931,15,2025,0,0,17,1837,4,560,17,2397,California
Colusa,2021-02-24,308,3264,55,986,253,2278,0,0,159,1847,149,709,159,2556,California
Colusa,2021-02-25,117,3381,64,1050,53,2331,0,0,78,1886,39,748,78,2634,California
Colusa,2021-02-26,100,3481,15,1065,85,2416,0,0,60,1906,40,788,60,2694,California
Colusa,2021-02-27,57,3538,4,1069,53,2469,0,0,42,1933,15,803,42,2736,California
Colusa,2021-02-28,27,3565,15,1084,12,2481,0,0,18,1942,9,812,18,2754,California
Colusa,2021-03-01,46,3611,15,1099,31,2512,0,0,29,1954,17,829,29,2783,California
Colusa,2021-03-02,50,3661,13,1112,37,2549,0,0,26,1956,24,853,26,2809,California
Colusa,2021-03-03,253,3914,46,1158,207,2756,0,0,193,2089,60,913,193,3002,California
Colusa,2021-03-04,147,4061,60,1218,87,2843,0,0,77,2096,70,983,77,3079,California
Colusa,2021-03-05,111,4172,25,1243,77,2920,9,9,54,2102,57,1040,63,3142,California
Colusa,2021-03-06,276,4448,9,1252,267,3187,0,9,39,1904,237,1277,39,3181,California
Colusa,2021-03-07,9,4457,5,1257,4,3191,0,9,7,1909,2,1279,7,3188,California
Colusa,2021-03-08,108,4565,21,1278,52,3243,35,44,48,1933,59,1338,83,3271,California
Colusa,2021-03-09,288,4853,74,1352,191,3434,23,67,94,1856,194,1532,117,3388,California
Colusa,2021-03-10,310,5163,38,1390,236,3670,36,103,211,2004,99,1631,247,3635,California
Colusa,2021-03-11,437,5600,63,1453,353,4023,21,124,340,2266,97,1728,359,3994,California
Colusa,2021-03-12,111,5711,18,1471,80,4103,13,137,20,2208,91,1819,33,4027,California
Colusa,2021-03-13,68,5779,16,1487,43,4146,9,146,21,2191,47,1866,30,4057,California
Colusa,2021-03-14,21,5800,0,1487,19,4165,2,148,5,2183,15,1881,7,4064,California
Colusa,2021-03-15,81,5881,28,1515,45,4210,8,156,24,2158,57,1938,32,4096,California
Colusa,2021-03-16,298,6179,16,1531,236,4446,46,202,189,2284,109,2047,235,4331,California
Colusa,2021-03-17,195,6374,49,1580,146,4592,0,202,106,2301,89,2136,106,4437,California
Colusa,2021-03-18,326,6700,39,1619,216,4808,71,273,194,2435,132,2268,266,4703,California
Colusa,2021-03-19,79,6779,20,1639,57,4865,2,275,52,2462,27,2295,54,4757,California
Colusa,2021-03-20,52,6831,8,1647,43,4908,1,276,38,2487,14,2309,39,4796,California
Colusa,2021-03-21,6,6837,4,1651,2,4910,0,276,1,2483,5,2314,1,4797,California
Colusa,2021-03-22,62,6899,10,1661,43,4953,9,285,40,2510,22,2336,49,4846,California
Colusa,2021-03-23,82,6981,16,1677,64,5017,2,287,56,2542,26,2362,58,4904,California
Colusa,2021-03-24,339,7320,57,1734,276,5293,6,293,65,2338,274,2636,70,4974,California
Colusa,2021-03-25,111,7431,62,1796,44,5337,5,298,52,2336,59,2695,57,5031,California
Colusa,2021-03-26,300,7731,47,1843,249,5586,4,302,247,2534,53,2748,251,5282,California
Colusa,2021-03-27,63,7794,5,1848,58,5644,0,302,24,2519,39,2787,24,5306,California
Colusa,2021-03-28,16,7810,7,1855,9,5653,0,302,7,2517,9,2796,7,5313,California
Colusa,2021-03-29,71,7881,19,1874,46,5699,6,308,30,2512,41,2837,36,5349,California
Colusa,2021-03-30,151,8032,82,1956,67,5766,2,310,72,2507,79,2916,74,5423,California
Colusa,2021-03-31,233,8265,40,1996,193,5959,0,310,65,2405,167,3083,65,5488,California
Colusa,2021-04-01,436,8701,74,2070,307,6266,55,365,310,2644,125,3208,364,5852,California
Colusa,2021-04-02,82,8783,14,2084,54,6320,14,379,38,2652,44,3252,52,5904,California
Colusa,2021-04-03,62,8845,10,2094,29,6349,23,402,14,2640,48,3300,36,5940,California
Colusa,2021-04-04,18,8863,0,2094,8,6357,10,412,3,2638,15,3315,13,5953,California
Colusa,2021-04-05,99,8962,27,2121,56,6413,16,428,34,2623,65,3380,50,6003,California
Colusa,2021-04-06,130,9092,35,2156,45,6458,50,478,35,2613,95,3475,85,6088,California
Colusa,2021-04-07,357,9449,42,2198,292,6750,23,501,125,2531,231,3706,149,6237,California
Colusa,2021-04-08,429,9878,34,2232,367,7117,28,529,117,2367,309,4015,145,6382,California
Colusa,2021-04-09,77,9955,21,2253,32,7149,24,553,28,2370,49,4064,52,6434,California
Colusa,2021-04-10,45,10000,10,2263,14,7163,21,574,8,2362,37,4101,29,6463,California
Colusa,2021-04-11,16,10016,3,2266,11,7174,2,576,8,2364,8,4109,10,6473,California
Colusa,2021-04-12,32,10048,3,2269,29,7203,0,576,15,2362,17,4126,15,6488,California
Colusa,2021-04-13,280,10328,23,2292,257,7460,0,576,95,2273,184,4310,95,6583,California
Colusa,2021-04-14,97,10425,20,2312,77,7537,0,576,35,2246,62,4372,35,6618,California
Colusa,2021-04-15,325,10750,48,2360,277,7814,0,576,130,2181,195,4567,130,6748,California
Colusa,2021-04-16,80,10830,11,2371,69,7883,0,576,35,2172,44,4611,35,6783,California
Colusa,2021-04-17,54,10884,7,2378,47,7930,0,576,30,2178,24,4635,30,6813,California
Colusa,2021-04-18,9,10893,2,2380,7,7937,0,576,7,2183,2,4637,7,6820,California
Colusa,2021-04-19,61,10954,21,2401,40,7977,0,576,17,2156,44,4681,17,6837,California
Colusa,2021-04-20,189,11143,38,2439,151,8128,0,576,134,2235,55,4736,134,6971,California
Colusa,2021-04-21,178,11321,68,2507,110,8238,0,576,109,2275,69,4805,109,7080,California
Colusa,2021-04-22,425,11746,27,2534,397,8635,1,577,221,2293,203,5008,221,7301,California
Colusa,2021-04-23,96,11842,21,2555,75,8710,0,577,37,2271,59,5067,37,7338,California
Colusa,2021-04-24,241,12083,19,2574,221,8931,1,578,210,2450,31,5098,210,7548,California
Colusa,2021-04-25,12,12095,6,2580,6,8937,0,578,8,2454,4,5102,8,7556,California
Colusa,2021-04-26,25,12120,5,2585,19,8956,1,579,6,2442,18,5120,6,7562,California
Colusa,2021-04-27,97,12217,25,2610,68,9024,4,583,44,2437,53,5173,48,7610,California
Colusa,2021-04-28,196,12413,33,2643,160,9184,3,586,144,2533,51,5224,147,7757,California
Colusa,2021-04-29,320,12733,29,2672,287,9471,4,590,48,2315,270,5494,52,7809,California
Colusa,2021-04-30,70,12803,23,2695,47,9518,0,590,46,2337,24,5518,46,7855,California
Colusa,2021-05-01,19,12822,8,2703,8,9526,3,593,9,2339,10,5528,12,7867,California
Colusa,2021-05-02,5,12827,1,2704,3,9529,1,594,2,2339,3,5531,3,7870,California
Colusa,2021-05-03,31,12858,7,2711,24,9553,0,594,15,2338,16,5547,15,7885,California
Colusa,2021-05-04,99,12957,55,2766,43,9596,1,595,69,2378,30,5577,70,7955,California
Colusa,2021-05-05,84,13041,21,2787,62,9658,1,596,35,2365,49,5626,36,7991,California
Colusa,2021-05-06,254,13295,16,2803,236,9894,2,598,111,2335,143,5769,113,8104,California
Colusa,2021-05-07,66,13361,4,2807,58,9952,4,602,30,2333,36,5805,34,8138,California
Colusa,2021-05-08,18,13379,6,2813,12,9964,0,602,9,2333,9,5814,9,8147,California
Colusa,2021-05-09,13,13392,5,2818,5,9969,3,605,6,2335,7,5821,9,8156,California
Colusa,2021-05-10,26,13418,6,2824,20,9989,0,605,9,2327,17,5838,9,8165,California
Colusa,2021-05-11,93,13511,34,2858,59,10048,0,605,48,2330,45,5883,48,8213,California
Colusa,2021-05-12,78,13589,32,2890,42,10090,4,609,21,2298,57,5940,25,8238,California
Colusa,2021-05-13,249,13838,24,2914,224,10314,1,610,80,2210,169,6109,81,8319,California
Colusa,2021-05-14,95,13933,18,2932,62,10376,15,625,33,2197,61,6170,48,8367,California
Colusa,2021-05-15,41,13974,10,2942,29,10405,2,627,21,2200,20,6190,23,8390,California
Colusa,2021-05-16,24,13998,8,2950,9,10414,7,634,11,2205,13,6203,18,8408,California
Colusa,2021-05-17,25,14023,5,2955,18,10432,2,636,13,2208,12,6215,15,8423,California
Colusa,2021-05-18,104,14127,27,2982,75,10507,2,638,46,2198,58,6273,48,8471,California
Colusa,2021-05-19,224,14351,44,3026,160,10667,20,658,66,2126,158,6431,86,8557,California
Colusa,2021-05-20,284,14635,34,3060,246,10913,4,662,68,1982,216,6647,72,8629,California
Colusa,2021-05-21,70,14705,24,3084,44,10957,2,664,34,1982,36,6683,36,8665,California
Colusa,2021-05-22,222,14927,24,3108,197,11154,1,665,34,1829,188,6871,35,8700,California
Colusa,2021-05-23,19,14946,8,3116,7,11161,4,669,5,1824,14,6885,9,8709,California
Colusa,2021-05-24,26,14972,3,3119,18,11179,5,674,15,1833,11,6896,20,8729,California
Colusa,2021-05-25,135,15107,75,3194,58,11237,2,676,52,1804,83,6979,54,8783,California
Colusa,2021-05-26,72,15179,25,3219,47,11284,0,676,32,1796,40,7019,32,8815,California
Colusa,2021-05-27,171,15350,17,3236,154,11438,0,676,54,1733,117,7136,54,8869,California
Colusa,2021-05-28,80,15430,25,3261,54,11492,1,677,41,1736,39,7175,42,8911,California
Colusa,2021-05-29,40,15470,18,3279,18,11510,4,681,29,1758,11,7186,33,8944,California
Colusa,2021-05-30,8,15478,1,3280,2,11512,5,686,1,1757,7,7193,6,8950,California
Colusa,2021-05-31,4,15482,0,3280,4,11516,0,686,1,1755,3,7196,1,8951,California
Colusa,2021-06-01,49,15531,15,3295,33,11549,1,687,25,1757,24,7220,26,8977,California
Colusa,2021-06-02,146,15677,20,3315,124,11673,2,689,51,1716,94,7314,53,9030,California
Colusa,2021-06-03,63,15740,20,3335,42,11715,1,690,26,1709,34,7348,27,9057,California
Colusa,2021-06-04,61,15801,19,3354,38,11753,4,694,22,1696,39,7387,26,9083,California
Colusa,2021-06-05,35,15836,16,3370,18,11771,1,695,17,1696,18,7405,18,9101,California
Colusa,2021-06-06,11,15847,6,3376,4,11775,1,696,6,1698,5,7410,7,9108,California
Colusa,2021-06-07,24,15871,6,3382,18,11793,0,696,10,1694,14,7424,10,9118,California
Colusa,2021-06-08,75,15946,21,3403,54,11847,0,696,29,1677,46,7470,29,9147,California
Colusa,2021-06-09,71,16017,41,3444,30,11877,0,696,28,1662,43,7513,28,9175,California
Colusa,2021-06-10,58,16075,23,3467,31,11908,4,700,14,1636,44,7557,18,9193,California
Colusa,2021-06-11,57,16132,30,3497,27,11935,0,700,26,1631,31,7588,26,9219,California
Colusa,2021-06-12,37,16169,23,3520,14,11949,0,700,9,1612,28,7616,9,9228,California
Colusa,2021-06-13,10,16179,3,3523,5,11954,2,702,2,1608,8,7624,4,9232,California
Colusa,2021-06-14,19,16198,9,3532,10,11964,0,702,7,1603,12,7636,7,9239,California
Colusa,2021-06-15,75,16273,36,3568,38,12002,1,703,19,1567,56,7692,20,9259,California
Colusa,2021-06-16,56,16329,16,3584,39,12041,1,704,16,1544,40,7732,17,9276,California
Colusa,2021-06-17,116,16445,10,3594,105,12146,1,705,17,1463,99,7831,18,9294,California
Colusa,2021-06-18,63,16508,32,3626,27,12173,4,709,25,1454,38,7869,29,9323,California
Colusa,2021-06-19,26,16534,21,3647,4,12177,1,710,6,1441,20,7889,7,9330,California
Colusa,2021-06-20,9,16543,6,3653,3,12180,0,710,7,1446,2,7891,7,9337,California
Colusa,2021-06-21,20,16563,3,3656,16,12196,1,711,8,1443,12,7903,9,9346,California
Colusa,2021-06-22,67,16630,28,3684,34,12230,5,716,29,1440,37,7940,34,9380,California
Colusa,2021-06-23,50,16680,27,3711,22,12252,1,717,21,1433,29,7969,22,9402,California
Colusa,2021-06-24,60,16740,27,3738,31,12283,2,719,22,1419,38,8007,24,9426,California
Colusa,2021-06-25,41,16781,16,3754,25,12308,0,719,25,1428,16,8023,25,9451,California
Colusa,2021-06-26,18,16799,13,3767,5,12313,0,719,5,1420,13,8036,5,9456,California
Colusa,2021-06-27,7,16806,4,3771,3,12316,0,719,5,1423,2,8038,5,9461,California
Colusa,2021-06-28,8,16814,1,3772,6,12322,1,720,5,1426,3,8041,6,9467,California
Colusa,2021-06-29,42,16856,18,3790,20,12342,4,724,18,1425,23,8064,22,9489,California
Colusa,2021-06-30,77,16933,38,3828,38,12380,1,725,28,1406,49,8113,30,9519,California
Colusa,2021-07-01,48,16981,23,3851,24,12404,1,726,20,1399,28,8141,21,9540,California
Colusa,2021-07-02,49,17030,27,3878,21,12425,1,727,25,1401,24,8165,26,9566,California
Colusa,2021-07-03,21,17051,8,3886,13,12438,0,727,11,1402,10,8175,11,9577,California
Colusa,2021-07-04,3,17054,2,3888,1,12439,0,727,1,1401,2,8177,1,9578,California
Colusa,2021-07-05,10,17064,6,3894,4,12443,0,727,4,1399,6,8183,4,9582,California
Colusa,2021-07-06,44,17108,18,3912,25,12468,1,728,21,1400,21,8204,22,9604,California
Colusa,2021-07-07,52,17160,28,3940,23,12491,1,729,31,1411,21,8225,32,9636,California
Colusa,2021-07-08,5,17165,2,3942,3,12494,0,729,4,1414,1,8226,4,9640,California
Contra Costa,2020-12-15,19,19,19,19,0,0,0,0,19,19,0,0,19,19,California
Contra Costa,2020-12-16,527,546,527,546,0,0,0,0,527,546,0,0,527,546,California
Contra Costa,2020-12-17,1050,1596,1050,1596,0,0,0,0,1050,1596,0,0,1050,1596,California
Contra Costa,2020-12-18,1765,3361,1763,3359,2,2,0,0,1765,3361,0,0,1765,3361,California
Contra Costa,2020-12-19,1117,4478,1116,4475,1,3,0,0,1117,4478,0,0,1117,4478,California
Contra Costa,2020-12-20,602,5080,601,5076,1,4,0,0,602,5080,0,0,602,5080,California
Contra Costa,2020-12-21,1671,6751,1668,6744,3,7,0,0,1671,6751,0,0,1671,6751,California
Contra Costa,2020-12-22,1676,8427,1569,8313,107,114,0,0,1676,8427,0,0,1676,8427,California
Contra Costa,2020-12-23,1633,10060,1381,9694,252,366,0,0,1633,10060,0,0,1633,10060,California
Contra Costa,2020-12-24,657,10717,336,10030,321,687,0,0,657,10717,0,0,657,10717,California
Contra Costa,2020-12-25,41,10758,19,10049,22,709,0,0,41,10758,0,0,41,10758,California
Contra Costa,2020-12-26,654,11412,135,10184,519,1228,0,0,654,11412,0,0,654,11412,California
Contra Costa,2020-12-27,243,11655,87,10271,156,1384,0,0,243,11655,0,0,243,11655,California
Contra Costa,2020-12-28,1851,13506,871,11142,980,2364,0,0,1851,13506,0,0,1851,13506,California
Contra Costa,2020-12-29,1852,15358,828,11970,1024,3388,0,0,1852,15358,0,0,1852,15358,California
Contra Costa,2020-12-30,2415,17773,1220,13190,1195,4583,0,0,2413,17770,2,2,2414,17772,California
Contra Costa,2020-12-31,928,18701,308,13498,620,5203,0,0,927,18697,0,2,927,18699,California
Contra Costa,2021-01-01,68,18769,24,13522,44,5247,0,0,68,18765,0,2,68,18767,California
Contra Costa,2021-01-02,348,19117,179,13701,169,5416,0,0,347,19112,0,2,347,19114,California
Contra Costa,2021-01-03,182,19299,123,13824,59,5475,0,0,181,19293,0,2,181,19295,California
Contra Costa,2021-01-04,1906,21205,1248,15072,658,6133,0,0,1886,21161,18,20,1886,21181,California
Contra Costa,2021-01-05,2115,23320,1265,16337,850,6983,0,0,1829,22706,285,305,1830,23011,California
Contra Costa,2021-01-06,3311,26631,2272,18609,1039,8022,0,0,2492,24388,813,1118,2495,25506,California
Contra Costa,2021-01-07,3125,29756,2088,20697,1037,9059,0,0,1800,24867,1321,2439,1800,27306,California
Contra Costa,2021-01-08,3423,33179,2413,23110,1010,10069,0,0,1768,24988,1650,4089,1771,29077,California
Contra Costa,2021-01-09,1598,34777,1143,24253,455,10524,0,0,737,24867,860,4949,739,29816,California
Contra Costa,2021-01-10,372,35149,296,24549,76,10600,0,0,154,24803,218,5167,154,29970,California
Contra Costa,2021-01-11,3858,39007,3159,27708,699,11299,0,0,2230,25408,1628,6795,2233,32203,California
Contra Costa,2021-01-12,3966,42973,2973,30681,993,12292,0,0,2609,26665,1356,8151,2613,34816,California
Contra Costa,2021-01-13,4807,47780,3002,33683,1805,14097,0,0,3831,29525,972,9123,3832,38648,California
Contra Costa,2021-01-14,4337,52117,1574,35257,2763,16860,0,0,3947,33082,390,9513,3947,42595,California
Contra Costa,2021-01-15,5371,57488,2475,37732,2896,19756,0,0,5040,37796,330,9843,5044,47639,California
Contra Costa,2021-01-16,1753,59241,566,38298,1187,20943,0,0,1676,39395,77,9920,1676,49315,California
Contra Costa,2021-01-17,1672,60913,985,39283,687,21630,0,0,1551,40828,121,10041,1554,50869,California
Contra Costa,2021-01-18,3235,64148,1282,40565,1953,23583,0,0,2600,42801,628,10669,2601,53470,California
Contra Costa,2021-01-19,7090,71238,3174,43739,3916,27499,0,0,6076,47874,1009,11678,6082,59552,California
Contra Costa,2021-01-20,6912,78150,4313,48052,2599,30098,0,0,5661,52293,1247,12925,5666,65218,California
Contra Costa,2021-01-21,7101,85251,3160,51212,3941,34039,0,0,6365,57936,730,13655,6373,71591,California
Contra Costa,2021-01-22,6464,91715,2761,53973,3703,37742,0,0,5594,62672,861,14516,5597,77188,California
Contra Costa,2021-01-23,2057,93772,358,54331,1699,39441,0,0,1790,64199,265,14781,1792,78980,California
Contra Costa,2021-01-24,1594,95366,219,54550,1375,40816,0,0,1446,65501,148,14929,1450,80430,California
Contra Costa,2021-01-25,6726,102092,3055,57605,3671,44487,0,0,5130,69044,1591,16520,5134,85564,California
Contra Costa,2021-01-26,8192,110284,4729,62334,3463,47950,0,0,6308,73482,1876,18396,6314,91878,California
Contra Costa,2021-01-27,8251,118535,5444,67778,2807,50757,0,0,6384,78015,1855,20251,6388,98266,California
Contra Costa,2021-01-28,7510,126045,4102,71880,3408,54165,0,0,5881,82277,1623,21874,5885,104151,California
Contra Costa,2021-01-29,7538,133583,3916,75796,3622,57787,0,0,6204,87155,1328,23202,6206,110357,California
Contra Costa,2021-01-30,2146,135729,644,76440,1502,59289,0,0,1741,88499,397,23599,1741,112098,California
Contra Costa,2021-01-31,664,136393,433,76873,231,59520,0,0,568,88974,93,23692,568,112666,California
Contra Costa,2021-02-01,5867,142260,4077,80950,1790,61310,0,0,3952,91023,1907,25599,3956,116622,California
Contra Costa,2021-02-02,7647,149907,5119,86069,2528,63838,0,0,5926,95232,1718,27317,5927,122549,California
Contra Costa,2021-02-03,8332,158239,5491,91560,2841,66679,0,0,5614,98140,2707,30024,5615,128164,California
Contra Costa,2021-02-04,7538,165777,3600,95160,3938,70617,0,0,5759,102128,1776,31800,5764,133928,California
Contra Costa,2021-02-05,8501,174278,4841,100001,3660,74277,0,0,5778,105191,2715,34515,5778,139706,California
Contra Costa,2021-02-06,3499,177777,2172,102173,1327,75604,0,0,2839,107372,659,35174,2840,142546,California
Contra Costa,2021-02-07,1002,178779,728,102901,274,75878,0,0,609,107589,392,35566,609,143155,California
Contra Costa,2021-02-08,5907,184686,3513,106414,2394,78272,0,0,4397,110484,1503,37069,4398,147553,California
Contra Costa,2021-02-09,8725,193411,4814,111228,3911,82183,0,0,5786,113342,2929,39998,5787,153340,California
Contra Costa,2021-02-10,8716,202127,4681,115909,4035,86218,0,0,5340,115326,3359,43357,5343,158683,California
Contra Costa,2021-02-11,9410,211537,4254,120163,5156,91374,0,0,5179,116286,4224,47581,5184,163867,California
Contra Costa,2021-02-12,10204,221741,4678,124841,5526,96900,0,0,5492,117078,4703,52284,5495,169362,California
Contra Costa,2021-02-13,4943,226684,1391,126232,3552,100452,0,0,3433,119007,1506,53790,3435,172797,California
Contra Costa,2021-02-14,2112,228796,872,127104,1240,101692,0,0,1224,119346,885,54675,1224,174021,California
Contra Costa,2021-02-15,4517,233313,2500,129604,2017,103709,0,0,2343,119526,2164,56839,2344,176365,California
Contra Costa,2021-02-16,10504,243817,4963,134567,5541,109250,0,0,4677,118391,5816,62655,4681,181046,California
Contra Costa,2021-02-17,12398,256215,6218,140785,6180,115430,0,0,5664,117340,6716,69371,5665,186711,California
Contra Costa,2021-02-18,11605,267820,6014,146799,5591,121021,0,0,5363,116477,6228,75599,5365,192076,California
Contra Costa,2021-02-19,11626,279446,7240,154039,4386,125407,0,0,5244,115359,6364,81963,5246,197322,California
Contra Costa,2021-02-20,6619,286065,2996,157035,3623,129030,0,0,4659,118080,1942,83905,4663,201985,California
Contra Costa,2021-02-21,2361,288426,1770,158805,591,129621,0,0,1580,118880,780,84685,1580,203565,California
Contra Costa,2021-02-22,7979,296405,5405,164210,2574,132195,0,0,3655,118232,4306,88991,3658,207223,California
Contra Costa,2021-02-23,12533,308938,7720,171930,4813,137008,0,0,6299,118325,6214,95205,6307,213530,California
Contra Costa,2021-02-24,10956,319894,8040,179970,2916,139924,0,0,5314,118019,5620,100825,5314,218844,California
Contra Costa,2021-02-25,12096,331990,7672,187642,4424,144348,0,0,5588,117131,6483,107308,5595,224439,California
Contra Costa,2021-02-26,11274,343264,7118,194760,4156,148504,0,0,5596,117066,5663,112971,5598,230037,California
Contra Costa,2021-02-27,6943,350207,4472,199232,2471,150975,0,0,4351,118837,2582,115553,4353,234390,California
Contra Costa,2021-02-28,4347,354554,3608,202840,738,151713,1,1,3664,121825,678,116231,3666,238056,California
Contra Costa,2021-03-01,8728,363282,6603,209443,2118,153831,7,8,5379,123880,3334,119565,5389,243445,California
Contra Costa,2021-03-02,10767,374049,6894,216337,3872,157703,1,9,5778,124688,4972,124537,5780,249225,California
Contra Costa,2021-03-03,11450,385499,7204,223541,4245,161948,1,10,6468,126195,4963,129500,6470,255695,California
Contra Costa,2021-03-04,12033,397532,7196,230737,4835,166783,2,12,6269,126720,5746,135246,6271,261966,California
Contra Costa,2021-03-05,11514,409046,6928,237665,4579,171362,7,19,6611,128454,4885,140131,6619,268585,California
Contra Costa,2021-03-06,7516,416562,4215,241880,2990,174352,311,330,4920,131103,2580,142711,5229,273814,California
Contra Costa,2021-03-07,4014,420576,2475,244355,1353,175705,186,516,3191,133658,821,143532,3376,277190,California
Contra Costa,2021-03-08,8286,428862,3937,248292,4025,179730,324,840,5554,136818,2720,146252,5880,283070,California
Contra Costa,2021-03-09,11227,440089,5952,254244,4974,184704,301,1141,5865,137641,5346,151598,6169,289239,California
Contra Costa,2021-03-10,12495,452584,6243,260487,4754,189458,1498,2639,5686,138017,6794,158392,7170,296409,California
Contra Costa,2021-03-11,12554,465138,6609,267096,5378,194836,567,3206,6405,138859,6122,164514,6964,303373,California
Contra Costa,2021-03-12,12703,477841,5235,272331,6899,201735,569,3775,6313,139368,6366,170880,6875,310248,California
Contra Costa,2021-03-13,7916,485757,3186,275517,4296,206031,434,4209,3118,138135,4777,175657,3544,313792,California
Contra Costa,2021-03-14,4444,490201,2631,278148,1326,207357,487,4696,1688,137563,2746,178403,2174,315966,California
Contra Costa,2021-03-15,9532,499733,5177,283325,3591,210948,764,5460,4674,138160,4837,183240,5434,321400,California
Contra Costa,2021-03-16,14443,514176,8614,291939,5419,216367,410,5870,7076,138305,7339,190579,7484,328884,California
Contra Costa,2021-03-17,15190,529366,10502,302441,4463,220830,225,6095,8452,140276,6711,197290,8682,337566,California
Contra Costa,2021-03-18,15538,544904,8681,311122,6376,227206,481,6576,8557,142369,6943,204233,9036,346602,California
Contra Costa,2021-03-19,15763,560667,9115,320237,5234,232440,1414,7990,8135,144310,7609,211842,9550,356152,California
Contra Costa,2021-03-20,10790,571457,6476,326713,3999,236439,315,8305,5103,144068,5660,217502,5418,361570,California
Contra Costa,2021-03-21,4603,576060,4028,330741,476,236915,99,8404,1791,143157,2800,220302,1889,363459,California
Contra Costa,2021-03-22,11727,587787,8841,339582,2626,239541,260,8664,6807,145320,4900,225202,7063,370522,California
Contra Costa,2021-03-23,15781,603568,10898,350480,4711,244252,172,8836,9039,147818,6713,231915,9211,379733,California
Contra Costa,2021-03-24,15119,618687,11785,362265,3120,247372,214,9050,9106,151163,5977,237892,9322,389055,California
Contra Costa,2021-03-25,15445,634132,12036,374301,3115,250487,294,9344,9415,154877,5991,243883,9705,398760,California
Contra Costa,2021-03-26,15151,649283,10865,385166,3883,254370,403,9747,8683,157522,6435,250318,9080,407840,California
Contra Costa,2021-03-27,10585,659868,6879,392045,3194,257564,512,10259,5610,158673,4963,255281,6114,413954,California
Contra Costa,2021-03-28,4255,664123,3039,395084,1162,258726,54,10313,1614,157713,2629,257910,1669,415623,California
Contra Costa,2021-03-29,10950,675073,8544,403628,2291,261017,115,10428,6940,160782,3989,261899,7058,422681,California
Contra Costa,2021-03-30,16864,691937,9231,412859,6275,267292,1358,11786,10387,166067,6450,268349,11735,434416,California
Contra Costa,2021-03-31,18115,710052,12670,425529,4000,271292,1445,13231,11376,172187,6688,275037,12808,447224,California
Contra Costa,2021-04-01,17645,727697,12304,437833,3947,275239,1394,14625,11408,178783,6194,281231,12790,460014,California
Contra Costa,2021-04-02,17538,745235,12905,450738,3601,278840,1032,15657,11612,185505,5914,287145,12636,472650,California
Contra Costa,2021-04-03,10905,756140,6507,457245,2847,281687,1551,17208,6215,188591,4674,291819,7760,480410,California
Contra Costa,2021-04-04,3365,759505,1334,458579,1428,283115,603,17811,850,187534,2507,294326,1450,481860,California
Contra Costa,2021-04-05,12150,771655,7913,466492,3248,286363,989,18800,6579,189546,5555,299881,7567,489427,California
Contra Costa,2021-04-06,17395,789050,12038,478530,3058,289421,2299,21099,9742,193948,7631,307512,12033,501460,California
Contra Costa,2021-04-07,18655,807705,12627,491157,3202,292623,2826,23925,10560,199295,8068,315580,13415,514875,California
Contra Costa,2021-04-08,18735,826440,12484,503641,3325,295948,2926,26851,10037,203576,8669,324249,12950,527825,California
Contra Costa,2021-04-09,18921,845361,12072,515713,4338,300286,2511,29362,10102,207392,8787,333036,12603,540428,California
Contra Costa,2021-04-10,10610,855971,3851,519564,2194,302480,4565,33927,3327,208001,7261,340297,7870,548298,California
Contra Costa,2021-04-11,3370,859341,2008,521572,695,303175,667,34594,1131,207564,2233,342530,1796,550094,California
Contra Costa,2021-04-12,12030,871371,7929,529501,3017,306192,1084,35678,5651,207942,6362,348892,6740,556834,California
Contra Costa,2021-04-13,17967,889338,11024,540525,6935,313127,8,35686,11979,213975,5959,354851,11992,568826,California
Contra Costa,2021-04-14,17792,907130,11181,551706,6610,319737,1,35687,9884,215980,7884,362735,9889,578715,California
Contra Costa,2021-04-15,17593,924723,10795,562501,6797,326534,1,35688,8153,214750,9408,372143,8178,586893,California
Contra Costa,2021-04-16,17021,941744,10593,573094,6427,332961,1,35689,7688,213142,9305,381448,7697,594590,California
Contra Costa,2021-04-17,11595,953339,6361,579455,5234,338195,0,35689,6264,214101,5312,386760,6271,600861,California
Contra Costa,2021-04-18,2937,956276,2293,581748,644,338839,0,35689,1857,214889,1069,387829,1857,602718,California
Contra Costa,2021-04-19,11522,967798,8601,590349,2921,341760,0,35689,3672,210744,7821,395650,3676,606394,California
Contra Costa,2021-04-20,17047,984845,11114,601463,5933,347693,0,35689,6453,206644,10558,406208,6458,612852,California
Contra Costa,2021-04-21,17859,1002704,14598,616061,3260,350953,1,35690,6434,201712,11375,417583,6443,619295,California
Contra Costa,2021-04-22,17385,1020089,14077,630138,3306,354259,2,35692,6149,196678,11194,428777,6160,625455,California
Contra Costa,2021-04-23,17208,1037297,13699,643837,3507,357766,2,35694,5567,190653,11603,440380,5578,631033,California
Contra Costa,2021-04-24,10968,1048265,8453,652290,2514,360280,1,35695,4212,188140,6729,447109,4216,635249,California
Contra Costa,2021-04-25,3292,1051557,2221,654511,1069,361349,2,35697,2078,189011,1213,448322,2084,637333,California
Contra Costa,2021-04-26,10137,1061694,8462,662973,1651,363000,24,35721,3070,185073,7045,455367,3107,640440,California
Contra Costa,2021-04-27,14762,1076456,10796,673769,3788,366788,178,35899,4044,178613,10691,466058,4231,644671,California
Contra Costa,2021-04-28,14348,1090804,11185,684954,2876,369664,287,36186,3858,172314,10450,476508,4151,648822,California
Contra Costa,2021-04-29,13579,1104383,10526,695480,2884,372548,169,36355,3278,165500,10267,486775,3453,652275,California
Contra Costa,2021-04-30,13849,1118232,10903,706383,2688,375236,258,36613,3204,158358,10610,497385,3468,655743,California
Contra Costa,2021-05-01,8051,1126283,5852,712235,1878,377114,321,36934,1917,154489,6108,503493,2239,657982,California
Contra Costa,2021-05-02,2337,1128620,1588,713823,669,377783,80,37014,985,154215,1339,504832,1065,659047,California
Contra Costa,2021-05-03,9135,1137755,8016,721839,944,378727,175,37189,1931,149140,7185,512017,2110,661157,California
Contra Costa,2021-05-04,14214,1151969,12277,734116,1607,380334,330,37519,2312,139911,11871,523888,2642,663799,California
Contra Costa,2021-05-05,12665,1164634,10931,745047,1531,381865,203,37722,2447,132375,10187,534075,2651,666450,California
Contra Costa,2021-05-06,10373,1175007,8621,753668,1414,383279,338,38060,1971,126315,8377,542452,2317,668767,California
Contra Costa,2021-05-07,9702,1184709,7800,761468,1678,384957,224,38284,2237,121341,7431,549883,2457,671224,California
Contra Costa,2021-05-08,5419,1190128,4103,765571,1148,386105,168,38452,1312,118734,4091,553974,1484,672708,California
Contra Costa,2021-05-09,2149,1192277,1820,767391,270,386375,59,38511,448,117550,1693,555667,509,673217,California
Contra Costa,2021-05-10,4974,1197251,3986,771377,768,387143,220,38731,1336,115487,3617,559284,1554,674771,California
Contra Costa,2021-05-11,8896,1206147,4693,776070,3964,391107,239,38970,1785,110427,7090,566374,2030,676801,California
Contra Costa,2021-05-12,9289,1215436,4792,780862,4230,395337,267,39237,1596,104631,7665,574039,1869,678670,California
Contra Costa,2021-05-13,11806,1227242,7884,788746,3735,399072,187,39424,4242,101526,7537,581576,4432,683102,California
Contra Costa,2021-05-14,12290,1239532,8215,796961,3790,402862,285,39709,5026,99600,7235,588811,5309,688411,California
Contra Costa,2021-05-15,10037,1249569,7288,804249,2631,405493,118,39827,4419,98539,5600,594411,4539,692950,California
Contra Costa,2021-05-16,2644,1252213,2323,806572,270,405763,51,39878,1222,98395,1416,595827,1272,694222,California
Contra Costa,2021-05-17,7135,1259348,5759,812331,1199,406962,177,40055,3557,98573,3557,599384,3735,697957,California
Contra Costa,2021-05-18,10252,1269600,7018,819349,3016,409978,218,40273,4442,97456,5780,605164,4663,702620,California
Contra Costa,2021-05-19,8505,1278105,6872,826221,1438,411416,195,40468,3837,96846,4647,609811,4037,706657,California
Contra Costa,2021-05-20,7205,1285310,5686,831907,1332,412748,187,40655,3329,96516,3846,613657,3516,710173,California
Contra Costa,2021-05-21,7095,1292405,5433,837340,1450,414198,212,40867,3211,96081,3855,617512,3420,713593,California
Contra Costa,2021-05-22,5150,1297555,4072,841412,899,415097,179,41046,2520,96170,2607,620119,2696,716289,California
Contra Costa,2021-05-23,1283,1298838,854,842266,371,415468,58,41104,607,96167,667,620786,664,716953,California
Contra Costa,2021-05-24,4746,1303584,3930,846196,639,416107,177,41281,2231,96077,2502,623288,2412,719365,California
Contra Costa,2021-05-25,6284,1309868,5110,851306,923,417030,251,41532,2636,95334,3629,626917,2886,722251,California
Contra Costa,2021-05-26,5635,1315503,3621,854927,1825,418855,189,41721,1940,93789,3673,630590,2128,724379,California
Contra Costa,2021-05-27,3813,1319316,2700,857627,936,419791,177,41898,1603,93371,2194,632784,1776,726155,California
Contra Costa,2021-05-28,5356,1324672,3744,861371,1441,421232,171,42069,2232,92671,3099,635883,2399,728554,California
Contra Costa,2021-05-29,3297,1327969,2147,863518,1033,422265,117,42186,1634,92770,1652,637535,1751,730305,California
Contra Costa,2021-05-30,936,1328905,591,864109,316,422581,29,42215,347,92559,587,638122,376,730681,California
Contra Costa,2021-05-31,389,1329294,268,864377,109,422690,12,42227,127,92439,258,638380,138,730819,California
Contra Costa,2021-06-01,4806,1334100,3576,867953,1084,423774,146,42373,1660,91117,3128,641508,1806,732625,California
Contra Costa,2021-06-02,3442,1337542,2439,870392,859,424633,144,42517,1408,90645,2023,643531,1551,734176,California
Contra Costa,2021-06-03,5443,1342985,4537,874929,791,425424,115,42632,1409,88141,4028,647559,1524,735700,California
Contra Costa,2021-06-04,6399,1349384,5362,880291,898,426322,139,42771,1588,85072,4793,652352,1724,737424,California
Contra Costa,2021-06-05,5218,1354602,4427,884718,679,427001,112,42883,1080,82136,4125,656477,1189,738613,California
Contra Costa,2021-06-06,1366,1355968,1193,885911,143,427144,30,42913,324,81451,1039,657516,354,738967,California
Contra Costa,2021-06-07,4943,1360911,4348,890259,495,427639,100,43013,1358,79336,3574,661090,1459,740426,California
Contra Costa,2021-06-08,6104,1367015,5264,895523,717,428356,123,43136,1416,76206,4669,665759,1539,741965,California
Contra Costa,2021-06-09,4874,1371889,4156,899679,570,428926,148,43284,1258,74013,3597,669356,1404,743369,California
Contra Costa,2021-06-10,4799,1376688,4034,903713,596,429522,169,43453,1231,71861,3552,672908,1400,744769,California
Contra Costa,2021-06-11,4852,1381540,3977,907690,677,430199,198,43651,1278,69777,3559,676467,1475,746244,California
Contra Costa,2021-06-12,3182,1384722,2700,910390,415,430614,67,43718,723,68118,2447,678914,788,747032,California
Contra Costa,2021-06-13,1151,1385873,858,911248,185,430799,108,43826,287,67655,858,679772,395,747427,California
Contra Costa,2021-06-14,3909,1389782,3304,914552,476,431275,129,43955,1132,66153,2760,682532,1258,748685,California
Contra Costa,2021-06-15,4184,1393966,3489,918041,535,431810,160,44115,1318,64775,2856,685388,1478,750163,California
Contra Costa,2021-06-16,3483,1397449,2838,920879,459,432269,186,44301,1211,63917,2253,687641,1395,751558,California
Contra Costa,2021-06-17,2777,1400226,2273,923152,377,432646,127,44428,1055,63382,1715,689356,1180,752738,California
Contra Costa,2021-06-18,3694,1403920,3041,926193,462,433108,191,44619,1327,62543,2355,691711,1516,754254,California
Contra Costa,2021-06-19,2039,1405959,1703,927896,232,433340,104,44723,575,61762,1461,693172,680,754934,California
Contra Costa,2021-06-20,790,1406749,663,928559,98,433438,29,44752,333,61670,453,693625,361,755295,California
Contra Costa,2021-06-21,1820,1408569,1381,929940,280,433718,159,44911,977,61969,835,694460,1134,756429,California
Contra Costa,2021-06-22,3042,1411611,2576,932516,325,434043,141,45052,1187,61454,1842,696302,1327,757756,California
Contra Costa,2021-06-23,2561,1414172,2128,934644,331,434374,102,45154,1028,61059,1525,697827,1130,758886,California
Contra Costa,2021-06-24,2354,1416526,1980,936624,245,434619,129,45283,944,60732,1398,699225,1071,759957,California
Contra Costa,2021-06-25,2773,1419299,2259,938883,358,434977,156,45439,1128,60378,1640,700865,1286,761243,California
Contra Costa,2021-06-26,1477,1420776,1210,940093,170,435147,97,45536,479,59958,996,701861,576,761819,California
Contra Costa,2021-06-27,691,1421467,603,940696,66,435213,22,45558,273,59837,416,702277,295,762114,California
Contra Costa,2021-06-28,2344,1423811,2022,942718,176,435389,146,45704,843,59336,1489,703766,988,763102,California
Contra Costa,2021-06-29,2535,1426346,2111,944829,293,435682,131,45835,973,58888,1549,705315,1101,764203,California
Contra Costa,2021-06-30,2183,1428529,1787,946616,295,435977,101,45936,886,58589,1284,706599,985,765188,California
Contra Costa,2021-07-01,2078,1430607,1745,948361,226,436203,107,46043,841,58313,1227,707826,951,766139,California
Contra Costa,2021-07-02,2182,1432789,1780,950141,303,436506,99,46142,907,58054,1265,709091,1006,767145,California
Contra Costa,2021-07-03,1057,1433846,865,951006,133,436639,59,46201,426,57913,625,709716,484,767629,California
Contra Costa,2021-07-04,51,1433897,18,951024,18,436657,15,46216,18,57913,33,709749,33,767662,California
Contra Costa,2021-07-05,825,1434722,678,951702,107,436764,40,46256,395,57921,427,710176,435,768097,California
Contra Costa,2021-07-06,2602,1437324,2207,953909,265,437029,130,46386,861,57185,1725,711901,989,769086,California
Contra Costa,2021-07-07,1988,1439312,1659,955568,220,437249,109,46495,767,56847,1211,713112,873,769959,California
Contra Costa,2021-07-08,1070,1440382,924,956492,85,437334,61,46556,415,56672,651,713763,476,770435,California
Del Norte,2020-12-21,23,23,23,23,0,0,0,0,23,23,0,0,23,23,California
Del Norte,2020-12-22,46,69,46,69,0,0,0,0,46,69,0,0,46,69,California
Del Norte,2020-12-23,59,128,48,117,11,11,0,0,57,126,0,0,57,126,California
Del Norte,2020-12-28,34,162,34,151,0,11,0,0,34,160,0,0,34,160,California
Del Norte,2020-12-29,4,166,4,155,0,11,0,0,4,164,0,0,4,164,California
Del Norte,2020-12-30,67,233,55,210,12,23,0,0,68,232,0,0,68,232,California
Del Norte,2020-12-31,16,249,13,223,3,26,0,0,16,248,0,0,16,248,California
Del Norte,2021-01-04,103,352,50,273,53,79,0,0,103,351,0,0,103,351,California
Del Norte,2021-01-05,32,384,0,273,32,111,0,0,32,383,0,0,32,383,California
Del Norte,2021-01-06,77,461,18,291,59,170,0,0,77,460,0,0,77,460,California
Del Norte,2021-01-07,21,482,1,292,20,190,0,0,21,481,0,0,21,481,California
Del Norte,2021-01-08,77,559,7,299,70,260,0,0,77,558,0,0,77,558,California
Del Norte,2021-01-11,40,599,21,320,19,279,0,0,18,555,22,22,19,577,California
Del Norte,2021-01-12,52,651,33,353,19,298,0,0,31,565,21,43,31,608,California
Del Norte,2021-01-13,86,737,40,393,46,344,0,0,53,585,33,76,53,661,California
Del Norte,2021-01-14,54,791,14,407,40,384,0,0,48,627,6,82,48,709,California
Del Norte,2021-01-15,107,898,18,425,89,473,0,0,95,710,12,94,95,804,California
Del Norte,2021-01-17,1,899,1,426,0,473,0,0,1,711,0,94,1,805,California
Del Norte,2021-01-18,2,901,0,426,2,475,0,0,2,713,0,94,2,807,California
Del Norte,2021-01-19,118,1019,56,482,62,537,0,0,76,747,42,136,76,883,California
Del Norte,2021-01-20,161,1180,86,568,75,612,0,0,98,782,63,199,98,981,California
Del Norte,2021-01-21,43,1223,40,608,3,615,0,0,32,803,11,210,32,1013,California
Del Norte,2021-01-22,19,1242,17,625,2,617,0,0,12,808,7,217,12,1025,California
Del Norte,2021-01-23,1,1243,0,625,1,618,0,0,1,809,0,217,1,1026,California
Del Norte,2021-01-24,1,1244,0,625,1,619,0,0,1,810,0,217,1,1027,California
Del Norte,2021-01-25,101,1345,83,708,18,637,0,0,56,821,45,262,56,1083,California
Del Norte,2021-01-26,18,1363,11,719,7,644,0,0,7,817,11,273,7,1090,California
Del Norte,2021-01-27,64,1427,21,740,43,687,0,0,61,875,3,276,61,1151,California
Del Norte,2021-01-28,293,1720,20,760,273,960,0,0,288,1158,5,281,288,1439,California
Del Norte,2021-01-29,64,1784,23,783,41,1001,0,0,44,1182,20,301,44,1483,California
Del Norte,2021-01-30,8,1792,1,784,7,1008,0,0,8,1190,0,301,8,1491,California
Del Norte,2021-02-01,41,1833,1,785,40,1048,0,0,26,1201,15,316,26,1517,California
Del Norte,2021-02-02,143,1976,34,819,109,1157,0,0,73,1207,68,384,74,1591,California
Del Norte,2021-02-03,129,2105,42,861,87,1244,0,0,74,1226,55,439,74,1665,California
Del Norte,2021-02-04,70,2175,28,889,42,1286,0,0,41,1237,30,469,41,1706,California
Del Norte,2021-02-05,183,2358,21,910,162,1448,0,0,118,1291,64,533,118,1824,California
Del Norte,2021-02-06,311,2669,5,915,306,1754,0,0,311,1602,0,533,311,2135,California
Del Norte,2021-02-07,2,2671,1,916,1,1755,0,0,2,1604,0,533,2,2137,California
Del Norte,2021-02-08,35,2706,1,917,34,1789,0,0,31,1631,4,537,31,2168,California
Del Norte,2021-02-09,8,2714,5,922,3,1792,0,0,2,1627,6,543,2,2170,California
Del Norte,2021-02-10,143,2857,20,942,123,1915,0,0,85,1655,57,600,85,2255,California
Del Norte,2021-02-11,178,3035,59,1001,119,2034,0,0,64,1605,114,714,64,2319,California
Del Norte,2021-02-12,123,3158,14,1015,109,2143,0,0,69,1620,54,768,69,2388,California
Del Norte,2021-02-13,2,3160,1,1016,1,2144,0,0,2,1622,0,768,2,2390,California
Del Norte,2021-02-14,3,3163,1,1017,2,2146,0,0,2,1623,1,769,2,2392,California
Del Norte,2021-02-15,5,3168,0,1017,5,2151,0,0,3,1624,2,771,3,2395,California
Del Norte,2021-02-16,131,3299,1,1018,130,2281,0,0,13,1519,118,889,13,2408,California
Del Norte,2021-02-17,93,3392,20,1038,73,2354,0,0,25,1477,67,956,25,2433,California
Del Norte,2021-02-18,77,3469,24,1062,53,2407,0,0,51,1502,26,982,51,2484,California
Del Norte,2021-02-19,43,3512,17,1079,26,2433,0,0,33,1525,10,992,33,2517,California
Del Norte,2021-02-20,9,3521,6,1085,3,2436,0,0,6,1528,3,995,6,2523,California
Del Norte,2021-02-21,1,3522,0,1085,1,2437,0,0,0,1527,1,996,0,2523,California
Del Norte,2021-02-22,2,3524,0,1085,2,2439,0,0,2,1529,0,996,2,2525,California
Del Norte,2021-02-23,111,3635,92,1177,19,2458,0,0,34,1487,76,1072,34,2559,California
Del Norte,2021-02-24,157,3792,101,1278,56,2514,0,0,82,1494,75,1147,82,2641,California
Del Norte,2021-02-25,484,4276,134,1412,350,2864,0,0,217,1446,265,1412,217,2858,California
Del Norte,2021-02-26,213,4489,176,1588,37,2901,0,0,166,1565,47,1459,166,3024,California
Del Norte,2021-02-27,149,4638,143,1731,5,2906,1,1,140,1697,9,1468,141,3165,California
Del Norte,2021-02-28,4,4642,1,1732,3,2909,0,1,3,1699,1,1469,3,3168,California
Del Norte,2021-03-01,28,4670,2,1734,26,2935,0,1,4,1680,23,1492,4,3172,California
Del Norte,2021-03-02,222,4892,142,1876,80,3015,0,1,188,1834,34,1526,188,3360,California
Del Norte,2021-03-03,177,5069,107,1983,70,3085,0,1,135,1927,42,1568,135,3495,California
Del Norte,2021-03-04,122,5191,84,2067,38,3123,0,1,92,1990,29,1597,92,3587,California
Del Norte,2021-03-05,123,5314,11,2078,112,3235,0,1,74,2015,49,1646,74,3661,California
Del Norte,2021-03-06,465,5779,77,2155,339,3574,49,50,163,1883,302,1948,170,3831,California
Del Norte,2021-03-07,2,5781,1,2156,1,3575,0,50,1,1883,1,1949,1,3832,California
Del Norte,2021-03-08,29,5810,1,2157,26,3601,2,52,6,1869,22,1971,8,3840,California
Del Norte,2021-03-09,194,6004,113,2270,78,3679,3,55,183,2044,11,1982,186,4026,California
Del Norte,2021-03-10,236,6240,96,2366,111,3790,29,84,134,2105,102,2084,163,4189,California
Del Norte,2021-03-11,151,6391,55,2421,91,3881,5,89,103,2165,48,2132,108,4297,California
Del Norte,2021-03-12,178,6569,88,2509,90,3971,0,89,124,2236,53,2185,124,4421,California
Del Norte,2021-03-13,94,6663,93,2602,1,3972,0,89,91,2324,3,2188,91,4512,California
Del Norte,2021-03-14,1,6664,0,2602,1,3973,0,89,1,2324,1,2189,1,4513,California
Del Norte,2021-03-15,38,6702,0,2602,38,4011,0,89,34,2354,4,2193,34,4547,California
Del Norte,2021-03-16,282,6984,135,2737,147,4158,0,89,258,2588,24,2217,258,4805,California
Del Norte,2021-03-17,284,7268,95,2832,187,4345,2,91,169,2644,115,2332,171,4976,California
Del Norte,2021-03-18,284,7552,107,2939,175,4520,2,93,147,2657,136,2468,149,5125,California
Del Norte,2021-03-19,270,7822,160,3099,104,4624,6,99,92,2577,178,2646,98,5223,California
Del Norte,2021-03-20,156,7978,153,3252,3,4627,0,99,15,2451,141,2787,15,5238,California
Del Norte,2021-03-21,4,7982,2,3254,2,4629,0,99,2,2451,2,2789,2,5240,California
Del Norte,2021-03-22,43,8025,3,3257,39,4668,1,100,39,2488,3,2792,40,5280,California
Del Norte,2021-03-23,335,8360,164,3421,153,4821,18,118,164,2500,169,2961,181,5461,California
Del Norte,2021-03-24,397,8757,107,3528,250,5071,40,158,228,2599,169,3130,268,5729,California
Del Norte,2021-03-25,193,8950,88,3616,105,5176,0,158,85,2577,107,3237,85,5814,California
Del Norte,2021-03-26,234,9184,113,3729,121,5297,0,158,197,2737,37,3274,197,6011,California
Del Norte,2021-03-27,107,9291,86,3815,4,5301,17,175,17,2681,90,3364,34,6045,California
Del Norte,2021-03-28,4,9295,2,3817,2,5303,0,175,1,2679,3,3367,1,6046,California
Del Norte,2021-03-29,57,9352,6,3823,34,5337,17,192,32,2703,25,3392,49,6095,California
Del Norte,2021-03-30,338,9690,119,3942,208,5545,11,203,126,2628,212,3604,137,6232,California
Del Norte,2021-03-31,356,10046,101,4043,238,5783,17,220,199,2689,155,3759,216,6448,California
Del Norte,2021-04-01,164,10210,58,4101,72,5855,34,254,69,2698,94,3853,103,6551,California
Del Norte,2021-04-02,232,10442,78,4179,105,5960,49,303,49,2614,183,4036,99,6650,California
Del Norte,2021-04-03,108,10550,83,4262,2,5962,23,326,5,2540,102,4138,28,6678,California
Del Norte,2021-04-04,4,10554,0,4262,0,5962,4,330,0,2540,4,4142,4,6682,California
Del Norte,2021-04-05,46,10600,5,4267,37,5999,4,334,39,2576,7,4149,43,6725,California
Del Norte,2021-04-06,380,10980,119,4386,223,6222,38,372,146,2531,230,4379,185,6910,California
Del Norte,2021-04-07,438,11418,115,4501,261,6483,62,434,289,2734,149,4528,352,7262,California
Del Norte,2021-04-08,229,11647,54,4555,106,6589,69,503,105,2784,124,4652,174,7436,California
Del Norte,2021-04-09,206,11853,46,4601,83,6672,77,580,99,2852,106,4758,174,7610,California
Del Norte,2021-04-10,47,11900,26,4627,4,6676,17,597,27,2876,20,4778,44,7654,California
Del Norte,2021-04-11,12,11912,3,4630,2,6678,7,604,2,2875,10,4788,9,7663,California
Del Norte,2021-04-12,27,11939,1,4631,9,6687,17,621,1,2868,25,4813,18,7681,California
Del Norte,2021-04-13,299,12238,50,4681,249,6936,0,621,155,2879,144,4957,155,7836,California
Del Norte,2021-04-14,331,12569,23,4704,308,7244,0,621,139,2831,192,5149,144,7980,California
Del Norte,2021-04-15,164,12733,31,4735,133,7377,0,621,45,2758,119,5268,46,8026,California
Del Norte,2021-04-16,163,12896,40,4775,123,7500,0,621,60,2717,102,5370,61,8087,California
Del Norte,2021-04-17,108,13004,76,4851,32,7532,0,621,102,2813,6,5376,102,8189,California
Del Norte,2021-04-18,6,13010,5,4856,1,7533,0,621,5,2817,1,5377,5,8194,California
Del Norte,2021-04-19,51,13061,6,4862,45,7578,0,621,9,2784,42,5419,9,8203,California
Del Norte,2021-04-20,209,13270,40,4902,169,7747,0,621,74,2723,135,5554,74,8277,California
Del Norte,2021-04-21,292,13562,23,4925,269,8016,0,621,67,2568,225,5779,70,8347,California
Del Norte,2021-04-22,116,13678,16,4941,100,8116,0,621,63,2578,53,5832,63,8410,California
Del Norte,2021-04-23,155,13833,22,4963,133,8249,0,621,41,2505,114,5946,41,8451,California
Del Norte,2021-04-24,25,13858,14,4977,11,8260,0,621,20,2520,5,5951,20,8471,California
Del Norte,2021-04-25,2,13860,0,4977,2,8262,0,621,2,2522,0,5951,2,8473,California
Del Norte,2021-04-26,31,13891,0,4977,31,8293,0,621,9,2509,22,5973,9,8482,California
Del Norte,2021-04-27,181,14072,21,4998,155,8448,5,626,50,2434,131,6104,56,8538,California
Del Norte,2021-04-28,351,14423,100,5098,246,8694,5,631,63,2217,286,6390,69,8607,California
Del Norte,2021-04-29,93,14516,6,5104,83,8777,4,635,26,2180,67,6457,30,8637,California
Del Norte,2021-04-30,87,14603,7,5111,70,8847,10,645,47,2197,40,6497,57,8694,California
Del Norte,2021-05-01,7,14610,2,5113,5,8852,0,645,5,2200,2,6499,5,8699,California
Del Norte,2021-05-02,8,14618,0,5113,8,8860,0,645,8,2208,0,6499,8,8707,California
Del Norte,2021-05-03,39,14657,3,5116,33,8893,3,648,2,2177,36,6535,5,8712,California
Del Norte,2021-05-04,221,14878,36,5152,180,9073,5,653,46,2053,175,6710,51,8763,California
Del Norte,2021-05-05,234,15112,20,5172,206,9279,8,661,59,1946,174,6884,67,8830,California
Del Norte,2021-05-06,113,15225,26,5198,74,9353,13,674,26,1898,87,6971,39,8869,California
Del Norte,2021-05-07,151,15376,28,5226,119,9472,4,678,31,1813,120,7091,35,8904,California
Del Norte,2021-05-08,64,15440,54,5280,8,9480,2,680,6,1763,58,7149,8,8912,California
Del Norte,2021-05-09,11,15451,4,5284,4,9484,3,683,3,1761,8,7157,6,8918,California
Del Norte,2021-05-10,25,15476,3,5287,18,9502,4,687,15,1770,10,7167,19,8937,California
Del Norte,2021-05-11,177,15653,50,5337,125,9627,2,689,34,1663,143,7310,36,8973,California
Del Norte,2021-05-12,151,15804,23,5360,118,9745,10,699,27,1577,123,7433,37,9010,California
Del Norte,2021-05-13,68,15872,30,5390,37,9782,1,700,38,1586,30,7463,39,9049,California
Del Norte,2021-05-14,76,15948,26,5416,49,9831,1,701,41,1593,35,7498,42,9091,California
Del Norte,2021-05-15,96,16044,53,5469,37,9868,6,707,53,1609,43,7541,59,9150,California
Del Norte,2021-05-16,11,16055,0,5469,11,9879,0,707,11,1620,0,7541,11,9161,California
Del Norte,2021-05-17,26,16081,3,5472,20,9899,3,710,15,1627,11,7552,18,9179,California
Del Norte,2021-05-18,129,16210,69,5541,60,9959,0,710,81,1660,48,7600,81,9260,California
Del Norte,2021-05-19,97,16307,14,5555,66,10025,17,727,35,1649,62,7662,51,9311,California
Del Norte,2021-05-20,99,16406,31,5586,65,10090,3,730,39,1632,59,7721,42,9353,California
Del Norte,2021-05-21,81,16487,34,5620,44,10134,3,733,44,1642,37,7758,47,9400,California
Del Norte,2021-05-22,24,16511,8,5628,16,10150,0,733,11,1641,12,7770,11,9411,California
Del Norte,2021-05-23,14,16525,5,5633,9,10159,0,733,7,1641,7,7777,7,9418,California
Del Norte,2021-05-24,25,16550,9,5642,16,10175,0,733,16,1648,9,7786,16,9434,California
Del Norte,2021-05-25,47,16597,5,5647,36,10211,6,739,17,1644,27,7813,23,9457,California
Del Norte,2021-05-26,117,16714,36,5683,74,10285,7,746,54,1643,62,7875,61,9518,California
Del Norte,2021-05-27,72,16786,27,5710,41,10326,4,750,34,1643,38,7913,38,9556,California
Del Norte,2021-05-28,52,16838,7,5717,37,10363,8,758,8,1615,44,7957,16,9572,California
Del Norte,2021-05-29,8,16846,0,5717,4,10367,4,762,3,1617,5,7962,7,9579,California
Del Norte,2021-05-30,6,16852,0,5717,6,10373,0,762,1,1613,5,7967,1,9580,California
Del Norte,2021-05-31,4,16856,2,5719,2,10375,0,762,3,1615,1,7968,3,9583,California
Del Norte,2021-06-01,52,16908,6,5725,39,10414,7,769,11,1592,41,8009,18,9601,California
Del Norte,2021-06-02,83,16991,11,5736,67,10481,5,774,19,1552,64,8073,24,9625,California
Del Norte,2021-06-03,62,17053,36,5772,24,10505,2,776,27,1546,35,8108,29,9654,California
Del Norte,2021-06-04,70,17123,24,5796,41,10546,5,781,20,1521,50,8158,25,9679,California
Del Norte,2021-06-05,1,17124,0,5796,1,10547,0,781,0,1520,1,8159,0,9679,California
Del Norte,2021-06-06,10,17134,4,5800,4,10551,2,783,7,1526,3,8162,9,9688,California
Del Norte,2021-06-07,42,17176,9,5809,28,10579,5,788,15,1519,27,8189,20,9708,California
Del Norte,2021-06-08,112,17288,81,5890,26,10605,5,793,33,1478,79,8268,38,9746,California
Del Norte,2021-06-09,58,17346,11,5901,40,10645,7,800,16,1459,42,8310,23,9769,California
Del Norte,2021-06-10,56,17402,26,5927,23,10668,7,807,11,1433,44,8354,18,9787,California
Del Norte,2021-06-11,59,17461,23,5950,27,10695,9,816,13,1409,46,8400,22,9809,California
Del Norte,2021-06-12,17,17478,3,5953,11,10706,3,819,2,1399,15,8415,5,9814,California
Del Norte,2021-06-13,61,17539,43,5996,13,10719,5,824,13,1369,48,8463,18,9832,California
Del Norte,2021-06-14,37,17576,15,6011,18,10737,4,828,15,1367,21,8484,19,9851,California
Del Norte,2021-06-15,38,17614,9,6020,21,10758,8,836,5,1347,33,8517,13,9864,California
Del Norte,2021-06-16,97,17711,36,6056,50,10808,11,847,22,1305,75,8592,33,9897,California
Del Norte,2021-06-17,31,17742,13,6069,15,10823,3,850,7,1291,24,8616,10,9907,California
Del Norte,2021-06-18,48,17790,22,6091,21,10844,5,855,19,1286,29,8645,24,9931,California
Del Norte,2021-06-19,11,17801,0,6091,7,10851,4,859,3,1285,8,8653,7,9938,California
Del Norte,2021-06-20,13,17814,9,6100,4,10855,0,859,8,1288,5,8658,8,9946,California
Del Norte,2021-06-21,23,17837,8,6108,10,10865,5,864,9,1288,14,8672,14,9960,California
Del Norte,2021-06-22,39,17876,9,6117,19,10884,11,875,14,1288,25,8697,25,9985,California
Del Norte,2021-06-23,68,17944,32,6149,30,10914,6,881,31,1289,36,8733,37,10022,California
Del Norte,2021-06-24,47,17991,27,6176,13,10927,7,888,17,1283,30,8763,24,10046,California
Del Norte,2021-06-25,28,18019,14,6190,12,10939,2,890,13,1283,15,8778,15,10061,California
Del Norte,2021-06-26,5,18024,0,6190,5,10944,0,890,2,1282,3,8781,2,10063,California
Del Norte,2021-06-27,9,18033,4,6194,5,10949,0,890,6,1285,3,8784,6,10069,California
Del Norte,2021-06-28,13,18046,6,6200,5,10954,2,892,7,1288,6,8790,9,10078,California
Del Norte,2021-06-29,55,18101,40,6240,12,10966,3,895,19,1274,36,8826,22,10100,California
Del Norte,2021-06-30,35,18136,17,6257,13,10979,5,900,11,1266,24,8850,16,10116,California
Del Norte,2021-07-01,21,18157,8,6265,9,10988,4,904,7,1263,14,8864,11,10127,California
Del Norte,2021-07-02,19,18176,7,6272,11,10999,1,905,6,1257,13,8877,7,10134,California
Del Norte,2021-07-03,3,18179,2,6274,1,11000,0,905,2,1258,1,8878,2,10136,California
Del Norte,2021-07-04,6,18185,5,6279,1,11001,0,905,2,1256,4,8882,2,10138,California
Del Norte,2021-07-05,10,18195,6,6285,4,11005,0,905,2,1250,8,8890,2,10140,California
Del Norte,2021-07-06,29,18224,15,6300,13,11018,1,906,16,1255,12,8902,17,10157,California
Del Norte,2021-07-07,48,18272,21,6321,22,11040,5,911,18,1248,30,8932,23,10180,California
Del Norte,2021-07-08,19,18291,8,6329,9,11049,2,913,9,1249,10,8942,11,10191,California
El Dorado,2020-12-15,12,12,12,12,0,0,0,0,12,12,0,0,12,12,California
El Dorado,2020-12-16,40,52,40,52,0,0,0,0,40,52,0,0,40,52,California
El Dorado,2020-12-17,35,87,35,87,0,0,0,0,35,87,0,0,35,87,California
El Dorado,2020-12-18,263,350,263,350,0,0,0,0,263,350,0,0,263,350,California
El Dorado,2020-12-19,119,469,119,469,0,0,0,0,119,469,0,0,119,469,California
El Dorado,2020-12-20,87,556,87,556,0,0,0,0,87,556,0,0,87,556,California
El Dorado,2020-12-21,312,868,311,867,1,1,0,0,312,868,0,0,312,868,California
El Dorado,2020-12-22,242,1110,218,1085,24,25,0,0,242,1110,0,0,242,1110,California
El Dorado,2020-12-23,190,1300,141,1226,49,74,0,0,190,1300,0,0,190,1300,California
El Dorado,2020-12-24,87,1387,66,1292,21,95,0,0,87,1387,0,0,87,1387,California
El Dorado,2020-12-25,8,1395,8,1300,0,95,0,0,8,1395,0,0,8,1395,California
El Dorado,2020-12-26,45,1440,27,1327,18,113,0,0,45,1440,0,0,45,1440,California
El Dorado,2020-12-27,38,1478,34,1361,4,117,0,0,38,1478,0,0,38,1478,California
El Dorado,2020-12-28,217,1695,168,1529,49,166,0,0,217,1695,0,0,217,1695,California
El Dorado,2020-12-29,462,2157,145,1674,317,483,0,0,462,2157,0,0,462,2157,California
El Dorado,2020-12-30,510,2667,139,1813,371,854,0,0,510,2667,0,0,510,2667,California
El Dorado,2020-12-31,111,2778,70,1883,41,895,0,0,111,2778,0,0,111,2778,California
El Dorado,2021-01-01,7,2785,4,1887,3,898,0,0,7,2785,0,0,7,2785,California
El Dorado,2021-01-02,155,2940,142,2029,13,911,0,0,155,2940,0,0,155,2940,California
El Dorado,2021-01-03,96,3036,19,2048,77,988,0,0,96,3036,0,0,96,3036,California
El Dorado,2021-01-04,193,3229,62,2110,131,1119,0,0,193,3229,0,0,193,3229,California
El Dorado,2021-01-05,230,3459,74,2184,156,1275,0,0,211,3421,19,19,211,3440,California
El Dorado,2021-01-06,243,3702,169,2353,74,1349,0,0,176,3531,66,85,176,3616,California
El Dorado,2021-01-07,334,4036,137,2490,197,1546,0,0,257,3711,77,162,257,3873,California
El Dorado,2021-01-08,997,5033,516,3006,481,2027,0,0,770,4255,227,389,771,4644,California
El Dorado,2021-01-09,202,5235,163,3169,39,2066,0,0,130,4313,72,461,130,4774,California
El Dorado,2021-01-10,182,5417,133,3302,49,2115,0,0,109,4350,73,534,110,4884,California
El Dorado,2021-01-11,663,6080,294,3596,369,2484,0,0,463,4615,199,733,464,5348,California
El Dorado,2021-01-12,811,6891,427,4023,384,2868,0,0,558,4920,253,986,558,5906,California
El Dorado,2021-01-13,706,7597,301,4324,405,3273,0,0,541,5296,165,1151,541,6447,California
El Dorado,2021-01-14,807,8404,224,4548,583,3856,0,0,709,5908,97,1248,709,7156,California
El Dorado,2021-01-15,799,9203,189,4737,610,4466,0,0,725,6559,74,1322,725,7881,California
El Dorado,2021-01-16,218,9421,104,4841,114,4580,0,0,191,6723,27,1349,191,8072,California
El Dorado,2021-01-17,107,9528,50,4891,57,4637,0,0,89,6794,18,1367,89,8161,California
El Dorado,2021-01-18,427,9955,143,5034,284,4921,0,0,354,7075,73,1440,354,8515,California
El Dorado,2021-01-19,755,10710,452,5486,303,5224,0,0,604,7529,151,1591,605,9120,California
El Dorado,2021-01-20,1015,11725,693,6179,322,5546,0,0,900,8315,114,1705,900,10020,California
El Dorado,2021-01-21,1272,12997,682,6861,590,6136,0,0,1064,9212,167,1872,1064,11084,California
El Dorado,2021-01-22,1249,14246,845,7706,404,6540,0,0,1185,10334,63,1935,1185,12269,California
El Dorado,2021-01-23,885,15131,626,8332,259,6799,0,0,768,10985,117,2052,768,13037,California
El Dorado,2021-01-24,132,15263,80,8412,52,6851,0,0,112,11077,20,2072,112,13149,California
El Dorado,2021-01-25,701,15964,291,8703,410,7261,0,0,613,11602,88,2160,613,13762,California
El Dorado,2021-01-26,688,16652,372,9075,316,7577,0,0,582,12078,106,2266,582,14344,California
El Dorado,2021-01-27,1002,17654,396,9471,606,8183,0,0,663,12401,340,2606,663,15007,California
El Dorado,2021-01-28,1117,18771,455,9926,662,8845,0,0,754,12792,363,2969,754,15761,California
El Dorado,2021-01-29,1051,19822,558,10484,493,9338,0,0,756,13255,294,3263,757,16518,California
El Dorado,2021-01-30,842,20664,294,10778,548,9886,0,0,743,13900,98,3361,743,17261,California
El Dorado,2021-01-31,240,20904,216,10994,24,9910,0,0,185,14030,55,3416,185,17446,California
El Dorado,2021-02-01,805,21709,367,11361,438,10348,0,0,654,14533,151,3567,654,18100,California
El Dorado,2021-02-02,850,22559,369,11730,481,10829,0,0,686,15055,164,3731,686,18786,California
El Dorado,2021-02-03,910,23469,479,12209,431,11260,0,0,697,15539,213,3944,697,19483,California
El Dorado,2021-02-04,1259,24728,714,12923,545,11805,0,0,878,16038,379,4323,878,20361,California
El Dorado,2021-02-05,1508,26236,614,13537,894,12699,0,0,873,16313,598,4921,873,21234,California
El Dorado,2021-02-06,1089,27325,333,13870,756,13455,0,0,979,17183,110,5031,980,22214,California
El Dorado,2021-02-07,263,27588,180,14050,83,13538,0,0,197,17314,66,5097,197,22411,California
El Dorado,2021-02-08,889,28477,420,14470,469,14007,0,0,608,17643,279,5376,608,23019,California
El Dorado,2021-02-09,978,29455,549,15019,429,14436,0,0,543,17751,435,5811,543,23562,California
El Dorado,2021-02-10,1273,30728,745,15764,528,14964,0,0,671,17821,601,6412,671,24233,California
El Dorado,2021-02-11,2174,32902,897,16661,1277,16241,0,0,755,17161,1416,7828,756,24989,California
El Dorado,2021-02-12,1587,34489,833,17494,754,16995,0,0,676,16928,910,8738,677,25666,California
El Dorado,2021-02-13,1261,35750,676,18170,585,17580,0,0,660,16990,598,9336,660,26326,California
El Dorado,2021-02-14,493,36243,158,18328,335,17915,0,0,400,17297,93,9429,400,26726,California
El Dorado,2021-02-15,1180,37423,386,18714,794,18709,0,0,820,17761,360,9789,824,27550,California
El Dorado,2021-02-16,1212,38635,531,19245,681,19390,0,0,671,17893,540,10329,672,28222,California
El Dorado,2021-02-17,961,39596,425,19670,536,19926,0,0,464,17862,497,10826,466,28688,California
El Dorado,2021-02-18,2121,41717,1034,20704,1087,21013,0,0,1078,17900,1040,11866,1078,29766,California
El Dorado,2021-02-19,1240,42957,664,21368,576,21589,0,0,696,18054,542,12408,696,30462,California
El Dorado,2021-02-20,1096,44053,464,21832,632,22221,0,0,684,18333,406,12814,685,31147,California
El Dorado,2021-02-21,372,44425,239,22071,133,22354,0,0,181,18323,191,13005,181,31328,California
El Dorado,2021-02-22,921,45346,458,22529,463,22817,0,0,287,17979,631,13636,287,31615,California
El Dorado,2021-02-23,902,46248,511,23040,391,23208,0,0,365,17810,534,14170,365,31980,California
El Dorado,2021-02-24,1062,47310,460,23500,602,23810,0,0,440,17628,622,14792,440,32420,California
El Dorado,2021-02-25,1942,49252,1155,24655,787,24597,0,0,697,17093,1236,16028,701,33121,California
El Dorado,2021-02-26,2419,51671,1511,26166,908,25505,0,0,1616,17910,799,16827,1616,34737,California
El Dorado,2021-02-27,1742,53413,448,26614,1294,26799,0,0,1294,18759,445,17272,1294,36031,California
El Dorado,2021-02-28,967,54380,229,26843,738,27537,0,0,506,18806,460,17732,507,36538,California
El Dorado,2021-03-01,1170,55550,467,27310,701,28238,2,2,646,18931,523,18255,648,37186,California
El Dorado,2021-03-02,948,56498,272,27582,675,28913,1,3,498,18983,448,18703,500,37686,California
El Dorado,2021-03-03,1768,58266,474,28056,1294,30207,0,3,1206,19637,554,19257,1208,38894,California
El Dorado,2021-03-04,2537,60803,1556,29612,981,31188,0,3,1199,19505,1332,20589,1200,40094,California
El Dorado,2021-03-05,1597,62400,433,30045,1159,32347,5,8,1057,20033,534,21123,1062,41156,California
El Dorado,2021-03-06,747,63147,219,30264,495,32842,33,41,395,20111,350,21473,428,41584,California
El Dorado,2021-03-07,878,64025,198,30462,645,33487,35,76,245,19761,630,22103,280,41864,California
El Dorado,2021-03-08,1347,65372,378,30840,894,34381,75,151,862,20215,481,22584,935,42799,California
El Dorado,2021-03-09,1003,66375,231,31071,702,35083,70,221,596,20490,391,22975,666,43465,California
El Dorado,2021-03-10,977,67352,348,31419,573,35656,56,277,569,20712,402,23377,624,44089,California
El Dorado,2021-03-11,3052,70404,1851,33270,1014,36670,187,464,1292,20451,1737,25114,1476,45565,California
El Dorado,2021-03-12,1808,72212,626,33896,934,37604,248,712,749,20406,1042,26156,997,46562,California
El Dorado,2021-03-13,1140,73352,348,34244,508,38112,284,996,436,20421,702,26858,717,47279,California
El Dorado,2021-03-14,1023,74375,207,34451,704,38816,112,1108,278,20067,744,27602,390,47669,California
El Dorado,2021-03-15,1407,75782,304,34755,977,39793,126,1234,609,20009,794,28396,736,48405,California
El Dorado,2021-03-16,1232,77014,424,35179,664,40457,144,1378,561,20049,665,29061,705,49110,California
El Dorado,2021-03-17,1154,78168,361,35540,695,41152,98,1476,747,20486,406,29467,843,49953,California
El Dorado,2021-03-18,3014,81182,1784,37324,1185,42337,45,1521,1973,21474,1030,30497,2018,51971,California
El Dorado,2021-03-19,1129,82311,364,37688,613,42950,152,1673,628,21755,498,30995,779,52750,California
El Dorado,2021-03-20,1088,83399,273,37961,800,43750,15,1688,505,21704,571,31566,520,53270,California
El Dorado,2021-03-21,1095,84494,424,38385,666,44416,5,1693,907,22431,185,31751,912,54182,California
El Dorado,2021-03-22,1516,86010,495,38880,938,45354,83,1776,1187,23378,323,32074,1270,55452,California
El Dorado,2021-03-23,1160,87170,458,39338,607,45961,95,1871,735,23795,413,32487,830,56282,California
El Dorado,2021-03-24,1467,88637,633,39971,640,46601,194,2065,658,23866,781,33268,852,57134,California
El Dorado,2021-03-25,2524,91161,1690,41661,727,47328,107,2172,1368,24194,1148,34416,1476,58610,California
El Dorado,2021-03-26,1832,92993,699,42360,1021,48349,112,2284,926,24352,881,35297,1039,59649,California
El Dorado,2021-03-27,1505,94498,189,42549,1311,49660,5,2289,495,23848,1004,36301,500,60149,California
El Dorado,2021-03-28,692,95190,182,42731,498,50158,12,2301,167,23506,521,36822,179,60328,California
El Dorado,2021-03-29,1320,96510,434,43165,870,51028,16,2317,823,23852,493,37315,839,61167,California
El Dorado,2021-03-30,1371,97881,417,43582,861,51889,93,2410,682,23944,681,37996,773,61940,California
El Dorado,2021-03-31,1572,99453,589,44171,917,52806,66,2476,659,23756,910,38906,722,62662,California
El Dorado,2021-04-01,3243,102696,1773,45944,1387,54193,83,2559,1537,23675,1702,40608,1621,64283,California
El Dorado,2021-04-02,1898,104594,565,46509,1237,55430,96,2655,746,23371,1146,41754,842,65125,California
El Dorado,2021-04-03,755,105349,298,46807,336,55766,121,2776,228,23196,523,42277,348,65473,California
El Dorado,2021-04-04,272,105621,84,46891,140,55906,48,2824,97,23167,174,42451,145,65618,California
El Dorado,2021-04-05,1424,107045,422,47313,908,56814,94,2918,588,23021,827,43278,681,66299,California
El Dorado,2021-04-06,1415,108460,525,47838,670,57484,220,3138,442,22712,968,44246,659,66958,California
El Dorado,2021-04-07,1592,110052,560,48398,581,58065,451,3589,545,22661,1044,45290,993,67951,California
El Dorado,2021-04-08,2695,112747,1724,50122,732,58797,239,3828,1113,22438,1573,46863,1350,69301,California
El Dorado,2021-04-09,1447,114194,456,50578,769,59566,222,4050,569,22350,875,47738,787,70088,California
El Dorado,2021-04-10,1015,115209,228,50806,675,60241,112,4162,659,22768,352,48090,770,70858,California
El Dorado,2021-04-11,774,115983,456,51262,302,60543,16,4178,208,22427,565,48655,224,71082,California
El Dorado,2021-04-12,1291,117274,504,51766,639,61182,148,4326,560,22410,724,49379,707,71789,California
El Dorado,2021-04-13,1121,118395,609,52375,512,61694,0,4326,507,22307,610,49989,507,72296,California
El Dorado,2021-04-14,1103,119498,468,52843,634,62328,1,4327,379,21979,708,50697,380,72676,California
El Dorado,2021-04-15,2525,122023,1697,54540,828,63156,0,4327,960,21380,1560,52257,961,73637,California
El Dorado,2021-04-16,1470,123493,522,55062,948,64104,0,4327,605,21128,858,53115,606,74243,California
El Dorado,2021-04-17,1009,124502,203,55265,805,64909,1,4328,706,21534,300,53415,706,74949,California
El Dorado,2021-04-18,1209,125711,119,55384,1090,65999,0,4328,427,21182,779,54194,427,75376,California
El Dorado,2021-04-19,1740,127451,444,55828,1296,67295,0,4328,699,20846,1035,55229,699,76075,California
El Dorado,2021-04-20,1154,128605,400,56228,754,68049,0,4328,479,20656,670,55899,480,76555,California
El Dorado,2021-04-21,1241,129846,536,56764,701,68750,4,4332,638,20701,595,56494,640,77195,California
El Dorado,2021-04-22,2580,132426,1715,58479,865,69615,0,4332,1073,20272,1503,57997,1074,78269,California
El Dorado,2021-04-23,1435,133861,521,59000,914,70529,0,4332,725,20292,707,58704,727,78996,California
El Dorado,2021-04-24,1045,134906,521,59521,524,71053,0,4332,805,20859,238,58942,805,79801,California
El Dorado,2021-04-25,831,135737,449,59970,382,71435,0,4332,475,20978,356,59298,475,80276,California
El Dorado,2021-04-26,1206,136943,496,60466,693,72128,17,4349,566,20924,636,59934,582,80858,California
El Dorado,2021-04-27,1138,138081,434,60900,666,72794,38,4387,509,20849,622,60556,547,81405,California
El Dorado,2021-04-28,1085,139166,373,61273,672,73466,40,4427,441,20688,642,61198,481,81886,California
El Dorado,2021-04-29,2007,141173,1378,62651,597,74063,32,4459,600,19916,1404,62602,632,82518,California
El Dorado,2021-04-30,2153,143326,1365,64016,747,74810,41,4500,1378,20574,760,63362,1418,83936,California
El Dorado,2021-05-01,619,143945,283,64299,308,75118,28,4528,277,20544,335,63697,305,84241,California
El Dorado,2021-05-02,302,144247,215,64514,58,75176,29,4557,101,20475,198,63895,129,84370,California
El Dorado,2021-05-03,828,145075,407,64921,371,75547,50,4607,281,20264,543,64438,332,84702,California
El Dorado,2021-05-04,916,145991,462,65383,394,75941,60,4667,328,20068,584,65022,388,85090,California
El Dorado,2021-05-05,902,146893,450,65833,378,76319,74,4741,435,20112,465,65487,509,85599,California
El Dorado,2021-05-06,1139,148032,504,66337,588,76907,47,4788,485,19992,648,66135,528,86127,California
El Dorado,2021-05-07,995,149027,390,66727,546,77453,59,4847,403,19861,592,66727,461,86588,California
El Dorado,2021-05-08,675,149702,156,66883,482,77935,37,4884,206,19638,466,67193,243,86831,California
El Dorado,2021-05-09,232,149934,93,66976,112,78047,27,4911,102,19638,129,67322,129,86960,California
El Dorado,2021-05-10,828,150762,276,67252,494,78541,58,4969,241,19358,577,67899,297,87257,California
El Dorado,2021-05-11,700,151462,311,67563,327,78868,62,5031,284,19292,413,68312,347,87604,California
El Dorado,2021-05-12,656,152118,345,67908,270,79138,41,5072,251,19180,405,68717,293,87897,California
El Dorado,2021-05-13,1261,153379,796,68704,425,79563,40,5112,465,18894,790,69507,504,88401,California
El Dorado,2021-05-14,1413,154792,815,69519,514,80077,84,5196,670,18910,738,70245,754,89155,California
El Dorado,2021-05-15,909,155701,563,70082,290,80367,56,5252,322,18701,587,70832,378,89533,California
El Dorado,2021-05-16,874,156575,465,70547,383,80750,26,5278,236,18326,637,71469,262,89795,California
El Dorado,2021-05-17,1580,158155,667,71214,864,81614,49,5327,559,17916,1017,72486,607,90402,California
El Dorado,2021-05-18,1028,159183,517,71731,458,82072,53,5380,435,17812,592,73078,488,90890,California
El Dorado,2021-05-19,823,160006,335,72066,436,82508,52,5432,309,17665,507,73585,360,91250,California
El Dorado,2021-05-20,1186,161192,662,72728,449,82957,75,5507,444,17442,740,74325,517,91767,California
El Dorado,2021-05-21,2341,163533,1750,74478,549,83506,42,5549,814,16775,1523,75848,856,92623,California
El Dorado,2021-05-22,709,164242,207,74685,466,83972,36,5585,224,16551,484,76332,260,92883,California
El Dorado,2021-05-23,383,164625,134,74819,220,84192,29,5614,94,16388,286,76618,123,93006,California
El Dorado,2021-05-24,883,165508,454,75273,360,84552,69,5683,309,16194,570,77188,376,93382,California
El Dorado,2021-05-25,607,166115,254,75527,317,84869,36,5719,219,16063,385,77573,254,93636,California
El Dorado,2021-05-26,811,166926,400,75927,387,85256,24,5743,279,15836,530,78103,303,93939,California
El Dorado,2021-05-27,622,167548,243,76170,344,85600,35,5778,309,15867,312,78415,343,94282,California
El Dorado,2021-05-28,729,168277,257,76427,407,86007,65,5843,305,15815,422,78837,370,94652,California
El Dorado,2021-05-29,392,168669,112,76539,264,86271,16,5859,172,15783,220,79057,188,94840,California
El Dorado,2021-05-30,173,168842,101,76640,58,86329,14,5873,82,15789,90,79147,96,94936,California
El Dorado,2021-05-31,37,168879,12,76652,14,86343,11,5884,8,15779,29,79176,19,94955,California
El Dorado,2021-06-01,679,169558,293,76945,346,86689,40,5924,230,15603,446,79622,270,95225,California
El Dorado,2021-06-02,628,170186,300,77245,278,86967,50,5974,258,15543,368,79990,308,95533,California
El Dorado,2021-06-03,728,170914,338,77583,347,87314,43,6017,176,15210,552,80542,219,95752,California
El Dorado,2021-06-04,888,171802,528,78111,326,87640,34,6051,187,14732,699,81241,221,95973,California
El Dorado,2021-06-05,388,172190,225,78336,151,87791,12,6063,83,14523,304,81545,95,96068,California
El Dorado,2021-06-06,283,172473,197,78533,70,87861,16,6079,53,14362,229,81774,68,96136,California
El Dorado,2021-06-07,785,173258,488,79021,257,88118,40,6119,170,13965,607,82381,210,96346,California
El Dorado,2021-06-08,632,173890,383,79404,216,88334,33,6152,131,13630,498,82879,163,96509,California
El Dorado,2021-06-09,468,174358,279,79683,163,88497,26,6178,112,13412,356,83235,138,96647,California
El Dorado,2021-06-10,588,174946,365,80048,192,88689,31,6209,160,13177,426,83661,191,96838,California
El Dorado,2021-06-11,658,175604,395,80443,219,88908,44,6253,130,12824,527,84188,174,97012,California
El Dorado,2021-06-12,262,175866,154,80597,89,88997,19,6272,60,12702,201,84389,79,97091,California
El Dorado,2021-06-13,163,176029,90,80687,55,89052,18,6290,34,12626,128,84517,52,97143,California
El Dorado,2021-06-14,514,176543,361,81048,123,89175,30,6320,137,12416,377,84894,167,97310,California
El Dorado,2021-06-15,450,176993,241,81289,172,89347,37,6357,127,12261,319,85213,164,97474,California
El Dorado,2021-06-16,506,177499,358,81647,108,89455,40,6397,131,12058,374,85587,171,97645,California
El Dorado,2021-06-17,433,177932,264,81911,136,89591,33,6430,140,11940,292,85879,174,97819,California
El Dorado,2021-06-18,397,178329,252,82163,110,89701,35,6465,117,11813,279,86158,152,97971,California
El Dorado,2021-06-19,246,178575,152,82315,80,89781,14,6479,91,11764,154,86312,105,98076,California
El Dorado,2021-06-20,124,178699,90,82405,28,89809,6,6485,52,11750,72,86384,58,98134,California
El Dorado,2021-06-21,319,179018,164,82569,129,89938,26,6511,124,11707,193,86577,150,98284,California
El Dorado,2021-06-22,395,179413,259,82828,114,90052,22,6533,133,11601,261,86838,155,98439,California
El Dorado,2021-06-23,422,179835,290,83118,110,90162,22,6555,137,11477,283,87121,159,98598,California
El Dorado,2021-06-24,392,180227,242,83360,136,90298,14,6569,145,11389,247,87368,159,98757,California
El Dorado,2021-06-25,351,180578,214,83574,99,90397,38,6607,143,11367,203,87571,181,98938,California
El Dorado,2021-06-26,208,180786,122,83696,71,90468,15,6622,69,11314,138,87709,85,99023,California
El Dorado,2021-06-27,115,180901,80,83776,29,90497,6,6628,50,11305,65,87774,56,99079,California
El Dorado,2021-06-28,303,181204,214,83990,63,90560,26,6654,132,11293,170,87944,158,99237,California
El Dorado,2021-06-29,292,181496,168,84158,102,90662,22,6676,115,11255,175,88119,137,99374,California
El Dorado,2021-06-30,246,181742,175,84333,59,90721,12,6688,121,11264,124,88243,133,99507,California
El Dorado,2021-07-01,233,181975,136,84469,82,90803,15,6703,89,11223,144,88387,103,99610,California
El Dorado,2021-07-02,259,182234,162,84631,71,90874,26,6729,111,11213,147,88534,137,99747,California
El Dorado,2021-07-03,99,182333,75,84706,19,90893,5,6734,46,11211,53,88587,51,99798,California
El Dorado,2021-07-04,4,182337,0,84706,1,90894,3,6737,0,11210,4,88591,3,99801,California
El Dorado,2021-07-05,152,182489,93,84799,52,90946,7,6744,81,11226,71,88662,87,99888,California
El Dorado,2021-07-06,295,182784,186,84985,77,91023,32,6776,114,11193,179,88841,146,100034,California
El Dorado,2021-07-07,258,183042,169,85154,74,91097,15,6791,118,11187,139,88980,133,100167,California
El Dorado,2021-07-08,196,183238,115,85269,72,91169,9,6800,88,11176,107,89087,96,100263,California
Fresno,2020-12-15,2,2,2,2,0,0,0,0,2,2,0,0,2,2,California
Fresno,2020-12-16,124,126,124,126,0,0,0,0,124,126,0,0,124,126,California
Fresno,2020-12-17,123,249,123,249,0,0,0,0,123,249,0,0,123,249,California
Fresno,2020-12-18,350,599,350,599,0,0,0,0,350,599,0,0,350,599,California
Fresno,2020-12-19,161,760,161,760,0,0,0,0,161,760,0,0,161,760,California
Fresno,2020-12-20,256,1016,254,1014,2,2,0,0,256,1016,0,0,256,1016,California
Fresno,2020-12-21,929,1945,927,1941,2,4,0,0,958,1974,0,0,958,1974,California
Fresno,2020-12-22,907,2852,875,2816,32,36,0,0,911,2885,0,0,911,2885,California
Fresno,2020-12-23,1092,3944,1047,3863,45,81,0,0,1093,3978,0,0,1093,3978,California
Fresno,2020-12-24,590,4534,564,4427,26,107,0,0,590,4568,0,0,590,4568,California
Fresno,2020-12-25,3,4537,1,4428,2,109,0,0,3,4571,0,0,3,4571,California
Fresno,2020-12-26,723,5260,714,5142,9,118,0,0,723,5294,0,0,723,5294,California
Fresno,2020-12-27,306,5566,210,5352,96,214,0,0,306,5600,0,0,306,5600,California
Fresno,2020-12-28,1096,6662,802,6154,294,508,0,0,1097,6697,0,0,1097,6697,California
Fresno,2020-12-29,1765,8427,999,7153,766,1274,0,0,1763,8459,1,1,1763,8460,California
Fresno,2020-12-30,984,9411,443,7596,541,1815,0,0,984,9443,0,1,984,9444,California
Fresno,2020-12-31,926,10337,309,7905,617,2432,0,0,926,10369,0,1,926,10370,California
Fresno,2021-01-01,10,10347,3,7908,7,2439,0,0,10,10379,0,1,10,10380,California
Fresno,2021-01-02,1027,11374,713,8621,314,2753,0,0,1027,11406,0,1,1027,11407,California
Fresno,2021-01-03,155,11529,129,8750,26,2779,0,0,155,11561,0,1,155,11562,California
Fresno,2021-01-04,623,12152,376,9126,247,3026,0,0,623,12184,0,1,623,12185,California
Fresno,2021-01-05,785,12937,312,9438,473,3499,0,0,711,12821,74,75,711,12896,California
Fresno,2021-01-06,996,13933,351,9789,645,4144,0,0,822,13469,174,249,822,13718,California
Fresno,2021-01-07,1905,15838,918,10707,987,5131,0,0,1650,14867,255,504,1653,15371,California
Fresno,2021-01-08,1796,17634,615,11322,1181,6312,0,0,1430,15934,364,868,1431,16802,California
Fresno,2021-01-09,635,18269,390,11712,245,6557,0,0,357,16013,278,1146,357,17159,California
Fresno,2021-01-10,516,18785,486,12198,30,6587,0,0,203,15903,313,1459,203,17362,California
Fresno,2021-01-11,2230,21015,1812,14010,418,7005,0,0,1535,16747,695,2154,1539,18901,California
Fresno,2021-01-12,2539,23554,1830,15840,709,7714,0,0,1688,17584,853,3007,1690,20591,California
Fresno,2021-01-13,3573,27127,2439,18279,1134,8848,0,0,2717,19447,857,3864,2720,23311,California
Fresno,2021-01-14,4164,31291,2200,20479,1964,10812,0,0,3691,22666,472,4336,3691,27002,California
Fresno,2021-01-15,3683,34974,2542,23021,1141,11953,0,0,3323,25633,360,4696,3327,30329,California
Fresno,2021-01-16,3160,38134,2314,25335,846,12799,0,0,2690,27855,470,5166,2692,33021,California
Fresno,2021-01-17,979,39113,557,25892,422,13221,0,0,779,28434,200,5366,779,33800,California
Fresno,2021-01-18,3091,42204,2375,28267,716,13937,0,0,2434,30215,655,6021,2436,36236,California
Fresno,2021-01-19,4358,46562,2552,30819,1806,15743,0,0,3698,33257,660,6681,3702,39938,California
Fresno,2021-01-20,3058,49620,1227,32046,1831,17574,0,0,2742,35689,313,6994,2745,42683,California
Fresno,2021-01-21,4450,54070,2081,34127,2369,19943,0,0,4085,39438,342,7336,4091,46774,California
Fresno,2021-01-22,3342,57412,1358,35485,1984,21927,0,0,2954,42022,371,7707,2955,49729,California
Fresno,2021-01-23,3066,60478,1983,37468,1083,23010,0,0,2342,43646,723,8430,2347,52076,California
Fresno,2021-01-24,560,61038,379,37847,181,23191,0,0,352,43792,208,8638,354,52430,California
Fresno,2021-01-25,2449,63487,869,38716,1580,24771,0,0,1870,45086,579,9217,1873,54303,California
Fresno,2021-01-26,2096,65583,596,39312,1500,26271,0,0,1328,45649,766,9983,1329,55632,California
Fresno,2021-01-27,2418,68001,1245,40557,1173,27444,0,0,1738,46722,675,10658,1748,57380,California
Fresno,2021-01-28,4579,72580,3071,43628,1508,28952,0,0,3477,49104,1098,11756,3480,60860,California
Fresno,2021-01-29,1681,74261,951,44579,730,29682,0,0,1375,50179,301,12057,1376,62236,California
Fresno,2021-01-30,1448,75709,541,45120,907,30589,0,0,1031,50793,417,12474,1031,63267,California
Fresno,2021-01-31,227,75936,216,45336,11,30600,0,0,73,50712,154,12628,73,63340,California
Fresno,2021-02-01,3366,79302,1665,47001,1701,32301,0,0,1772,50903,1592,14220,1783,65123,California
Fresno,2021-02-02,2742,82044,556,47557,2186,34487,0,0,1578,51347,1149,15369,1593,66716,California
Fresno,2021-02-03,3582,85626,2114,49671,1468,35955,0,0,1544,50866,2026,17395,1545,68261,California
Fresno,2021-02-04,4221,89847,1906,51577,2315,38270,0,0,1927,50534,2264,19659,1932,70193,California
Fresno,2021-02-05,5376,95223,2745,54322,2631,40901,0,0,2312,49792,3058,22717,2316,72509,California
Fresno,2021-02-06,2948,98171,2053,56375,895,41796,0,0,974,48801,1966,24683,975,73484,California
Fresno,2021-02-07,470,98641,288,56663,182,41978,0,0,272,48876,197,24880,272,73756,California
Fresno,2021-02-08,4296,102937,2300,58963,1996,43974,0,0,1813,48228,2470,27350,1822,75578,California
Fresno,2021-02-09,5360,108297,2089,61052,3271,47245,0,0,3132,49218,2151,29501,3141,78719,California
Fresno,2021-02-10,3915,112212,1239,62291,2676,49921,0,0,1982,49333,1879,31380,1994,80713,California
Fresno,2021-02-11,6482,118694,2100,64391,4382,54303,0,0,3323,49521,3140,34520,3328,84041,California
Fresno,2021-02-12,5450,124144,1390,65781,4060,58363,0,0,2739,49576,2693,37213,2748,86789,California
Fresno,2021-02-13,3776,127920,1575,67356,2201,60564,0,0,2091,49999,1673,38886,2096,88885,California
Fresno,2021-02-14,1583,129503,291,67647,1292,61856,0,0,848,50116,733,39619,850,89735,California
Fresno,2021-02-15,2914,132417,274,67921,2640,64496,0,0,1802,50814,1108,40727,1806,91541,California
Fresno,2021-02-16,6770,139187,2418,70339,4352,68848,0,0,4259,52589,2490,43217,4265,95806,California
Fresno,2021-02-17,5375,144562,2477,72816,2898,71746,0,0,2987,53238,2342,45559,2991,98797,California
Fresno,2021-02-18,6947,151509,2933,75749,4014,75760,0,0,2596,51539,4306,49865,2607,101404,California
Fresno,2021-02-19,3978,155487,1133,76882,2845,78605,0,0,1844,51264,2122,51987,1847,103251,California
Fresno,2021-02-20,4652,160139,2553,79435,2099,80704,0,0,3128,52880,1518,53505,3134,106385,California
Fresno,2021-02-21,208,160347,188,79623,20,80724,0,0,136,52959,57,53562,136,106521,California
Fresno,2021-02-22,2346,162693,1050,80673,1296,82020,0,0,1277,53181,1058,54620,1280,107801,California
Fresno,2021-02-23,4744,167437,2289,82962,2455,84475,0,0,3849,56150,882,55502,3851,111652,California
Fresno,2021-02-24,4306,171743,1536,84498,2770,87245,0,0,3516,58891,778,56280,3519,115171,California
Fresno,2021-02-25,8795,180538,3789,88287,5006,92251,0,0,7282,64733,1449,57729,7291,122462,California
Fresno,2021-02-26,9147,189685,3728,92015,5419,97670,0,0,7804,71225,1317,59046,7809,130271,California
Fresno,2021-02-27,7365,197050,3170,95185,4194,101864,1,1,6641,77162,709,59755,6646,136917,California
Fresno,2021-02-28,1666,198716,540,95725,1126,102990,0,1,1571,78652,82,59837,1572,138489,California
Fresno,2021-03-01,5133,203849,1334,97059,3799,106789,0,1,3705,80951,1410,61247,3709,142198,California
Fresno,2021-03-02,9916,213765,3414,100473,6502,113291,0,1,8517,88119,1374,62621,8542,150740,California
Fresno,2021-03-03,7098,220863,1795,102268,5302,118593,1,2,6074,93297,1011,63632,6189,156929,California
Fresno,2021-03-04,10503,231366,4134,106402,6369,124962,0,2,8738,100308,1737,65369,8748,165677,California
Fresno,2021-03-05,9391,240757,3647,110049,5742,130704,2,4,8081,107289,1177,66546,8158,173835,California
Fresno,2021-03-06,7038,247795,3953,114002,2966,133670,119,123,6035,112453,995,67541,6159,179994,California
Fresno,2021-03-07,1558,249353,687,114689,790,134460,81,204,1282,113544,273,67814,1364,181358,California
Fresno,2021-03-08,5370,254723,2059,116748,3146,137606,165,369,4056,116476,1300,69114,4232,185590,California
Fresno,2021-03-09,8680,263403,3808,120556,4597,142203,275,644,4662,117453,3996,73110,4973,190563,California
Fresno,2021-03-10,6927,270330,2881,123437,3655,145858,391,1035,5408,121750,1510,74620,5807,196370,California
Fresno,2021-03-11,11637,281967,4594,128031,6491,152349,552,1587,6326,123420,5284,79904,6954,203324,California
Fresno,2021-03-12,12096,294063,5152,133183,6517,158866,427,2014,9088,130088,2987,82891,9655,212979,California
Fresno,2021-03-13,8371,302434,4076,137259,3281,162147,1014,3028,4026,130883,4321,87212,5116,218095,California
Fresno,2021-03-14,1788,304222,486,137745,1013,163160,289,3317,674,130743,1103,88315,963,219058,California
Fresno,2021-03-15,7149,311371,3181,140926,3792,166952,176,3493,4932,133854,2201,90516,5312,224370,California
Fresno,2021-03-16,10248,321619,4551,145477,5303,172255,394,3887,5427,134985,4788,95304,5919,230289,California
Fresno,2021-03-17,8759,330378,4006,149483,4050,176305,703,4590,5916,139195,2817,98121,7027,237316,California
Fresno,2021-03-18,12566,342944,6801,156284,5088,181393,677,5267,7026,141904,5489,103610,8198,245514,California
Fresno,2021-03-19,11290,354234,5965,162249,4702,186095,623,5890,6925,145500,4330,107940,7926,253440,California
Fresno,2021-03-20,7644,361878,4617,166866,2703,188798,324,6214,3750,146031,3863,111803,4394,257834,California
Fresno,2021-03-21,1870,363748,1276,168142,213,189011,381,6595,1021,146594,841,112644,1404,259238,California
Fresno,2021-03-22,5721,369469,2936,171078,2187,191198,598,7193,3811,149353,1891,114535,4650,263888,California
Fresno,2021-03-23,10650,380119,5332,176410,4818,196016,500,7693,5086,149847,5539,120074,6033,269921,California
Fresno,2021-03-24,8903,389022,3858,180268,4211,200227,834,8527,4945,151759,3920,123994,5832,275753,California
Fresno,2021-03-25,12233,401255,5691,185959,5737,205964,805,9332,4739,149940,7444,131438,5625,281378,California
Fresno,2021-03-26,12273,413528,5475,191434,6152,212116,646,9978,4404,147205,7810,139248,5075,286453,California
Fresno,2021-03-27,10139,423667,4859,196293,4195,216311,1085,11063,2923,144044,7175,146423,4014,290467,California
Fresno,2021-03-28,3425,427092,1327,197620,1405,217716,693,11756,1114,143997,2302,148725,2255,292722,California
Fresno,2021-03-29,6008,433100,2017,199637,3450,221166,541,12297,2897,144367,3082,151807,3452,296174,California
Fresno,2021-03-30,11036,444136,4280,203917,5850,227016,906,13203,3828,141927,7175,158982,4735,300909,California
Fresno,2021-03-31,9749,453885,3396,207313,5345,232361,1008,14211,3659,140545,6042,165024,4660,305569,California
Fresno,2021-04-01,12249,466134,4226,211539,7164,239525,859,15070,4048,137313,8094,173118,4862,310431,California
Fresno,2021-04-02,12139,478273,4646,216185,6695,246220,798,15868,4279,134699,7695,180813,5081,315512,California
Fresno,2021-04-03,6428,484701,3532,219717,2632,248852,264,16132,2146,132881,4264,185077,2446,317958,California
Fresno,2021-04-04,1507,486208,540,220257,921,249773,46,16178,547,132524,950,186027,593,318551,California
Fresno,2021-04-05,8363,494571,4484,224741,3076,252849,803,16981,2440,129932,5905,191932,3313,321864,California
Fresno,2021-04-06,9659,504230,4050,228791,4416,257265,1193,18174,3549,128620,6070,198002,4758,326622,California
Fresno,2021-04-07,10651,514881,5515,234306,3919,261184,1217,19391,3540,126337,7065,205067,4782,331404,California
Fresno,2021-04-08,10997,525878,5186,239492,4645,265829,1166,20557,3450,123497,7492,212559,4652,336056,California
Fresno,2021-04-09,11748,537626,5468,244960,4876,270705,1404,21961,3687,120596,8010,220569,5109,341165,California
Fresno,2021-04-10,7943,545569,5178,250138,2237,272942,528,22489,3684,120568,4238,224807,4210,345375,California
Fresno,2021-04-11,1404,546973,938,251076,374,273316,92,22581,446,120154,953,225760,539,345914,California
Fresno,2021-04-12,7591,554564,4110,255186,2546,275862,935,23516,2419,118366,5140,230900,3352,349266,California
Fresno,2021-04-13,9048,563612,4321,259507,4656,280518,71,23587,3523,116569,5485,236385,3688,352954,California
Fresno,2021-04-14,9764,573376,5814,265321,3949,284467,1,23588,3791,114480,5928,242313,3839,356793,California
Fresno,2021-04-15,8534,581910,4247,269568,4284,288751,3,23591,3199,112382,5303,247616,3205,359998,California
Fresno,2021-04-16,9633,591543,4674,274242,4957,293708,2,23593,3917,110629,5677,253293,3924,363922,California
Fresno,2021-04-17,5679,597222,3794,278036,1885,295593,0,23593,2700,110376,2955,256248,2702,366624,California
Fresno,2021-04-18,1160,598382,685,278721,475,296068,0,23593,519,110259,636,256884,519,367143,California
Fresno,2021-04-19,5814,604196,3236,281957,2575,298643,3,23596,2266,109024,3507,260391,2272,369415,California
Fresno,2021-04-20,7236,611432,3701,285658,3527,302170,8,23604,2700,107223,4508,264899,2707,372122,California
Fresno,2021-04-21,7080,618512,4202,289860,2869,305039,9,23613,2894,105985,4144,269043,2906,375028,California
Fresno,2021-04-22,6574,625086,3354,293214,3219,308258,1,23614,2414,104304,4099,273142,2418,377446,California
Fresno,2021-04-23,7348,632434,4040,297254,3291,311549,17,23631,2805,102658,4456,277598,2810,380256,California
Fresno,2021-04-24,4180,636614,2495,299749,1685,313234,0,23631,1916,102324,2250,279848,1916,382172,California
Fresno,2021-04-25,1370,637984,552,300301,815,314049,3,23634,685,102333,679,280527,688,382860,California
Fresno,2021-04-26,4328,642312,2228,302529,2055,316104,45,23679,1824,101730,2472,282999,1869,384729,California
Fresno,2021-04-27,4941,647253,2534,305063,2281,318385,126,23805,1939,100816,2978,285977,2064,386793,California
Fresno,2021-04-28,4915,652168,2809,307872,1976,320361,130,23935,2064,100184,2827,288804,2195,388988,California
Fresno,2021-04-29,4911,657079,2759,310631,2011,322372,141,24076,1880,99202,3000,291804,2018,391006,California
Fresno,2021-04-30,5536,662615,3393,314024,2009,324381,134,24210,2216,98266,3285,295089,2349,393355,California
Fresno,2021-05-01,4210,666825,3469,317493,601,324982,140,24350,1239,96693,2950,298039,1377,394732,California
Fresno,2021-05-02,1254,668079,777,318270,426,325408,51,24401,617,96734,625,298664,666,395398,California
Fresno,2021-05-03,4062,672141,2708,320978,1162,326570,192,24593,1308,95505,2724,301388,1495,396893,California
Fresno,2021-05-04,4951,677092,2614,323592,2186,328756,151,24744,1576,93886,3348,304736,1729,398622,California
Fresno,2021-05-05,5369,682461,3411,327003,1729,330485,229,24973,1690,92146,3655,308391,1915,400537,California
Fresno,2021-05-06,4491,686952,2900,329903,1487,331972,104,25077,1559,90910,2899,311290,1663,402200,California
Fresno,2021-05-07,5148,692100,3415,333318,1566,333538,167,25244,1589,89129,3533,314823,1752,403952,California
Fresno,2021-05-08,4072,696172,2655,335973,1269,334807,148,25392,1257,87746,2789,317612,1406,405358,California
Fresno,2021-05-09,723,696895,393,336366,285,335092,45,25437,349,87772,368,317980,394,405752,California
Fresno,2021-05-10,2984,699879,1590,337956,1252,336344,142,25579,932,86805,2041,320021,1074,406826,California
Fresno,2021-05-11,3903,703782,2080,340036,1725,338069,98,25677,1258,85532,2629,322650,1356,408182,California
Fresno,2021-05-12,4155,707937,2712,342748,1280,339349,163,25840,1399,84366,2728,325378,1562,409744,California
Fresno,2021-05-13,4184,712121,2448,345196,1631,340980,105,25945,1856,84040,2288,327666,1962,411706,California
Fresno,2021-05-14,5116,717237,3082,348278,1850,342830,184,26129,2155,83453,2927,330593,2340,414046,California
Fresno,2021-05-15,3640,720877,2732,351010,777,343607,131,26260,1866,83686,1762,332355,1995,416041,California
Fresno,2021-05-16,1586,722463,1086,352096,466,344073,34,26294,922,83985,658,333013,957,416998,California
Fresno,2021-05-17,4191,726654,2832,354928,1196,345269,163,26457,2223,84432,1937,334950,2384,419382,California
Fresno,2021-05-18,4130,730784,2555,357483,1419,346688,156,26613,2081,84642,2024,336974,2234,421616,California
Fresno,2021-05-19,4361,735145,2769,360252,1415,348103,177,26790,2061,84602,2277,339251,2237,423853,California
Fresno,2021-05-20,4116,739261,2456,362708,1470,349573,190,26980,1871,84435,2226,341477,2059,425912,California
Fresno,2021-05-21,4621,743882,3030,365738,1496,351069,95,27075,2073,84085,2516,343993,2166,428078,California
Fresno,2021-05-22,3952,747834,2931,368669,848,351917,173,27248,2274,84871,1660,345653,2446,430524,California
Fresno,2021-05-23,963,748797,630,369299,303,352220,30,27278,475,84897,479,346132,505,431029,California
Fresno,2021-05-24,3312,752109,2106,371405,1091,353311,115,27393,1533,84790,1755,347887,1648,432677,California
Fresno,2021-05-25,3224,755333,1931,373336,1167,354478,126,27519,1350,84406,1859,349746,1475,434152,California
Fresno,2021-05-26,3256,758589,2149,375485,1000,355478,107,27626,1573,84423,1662,351408,1679,435831,California
Fresno,2021-05-27,3146,761735,1911,377396,1128,356606,107,27733,1314,84035,1810,353218,1422,437253,California
Fresno,2021-05-28,3446,765181,2215,379611,1136,357742,95,27828,1872,84454,1549,354767,1968,439221,California
Fresno,2021-05-29,2286,767467,1666,381277,550,358292,70,27898,1192,84633,1084,355851,1263,440484,California
Fresno,2021-05-30,896,768363,538,381815,322,358614,36,27934,415,84620,463,356314,450,440934,California
Fresno,2021-05-31,318,768681,158,381973,148,358762,12,27946,133,84583,180,356494,143,441077,California
Fresno,2021-06-01,3028,771709,1821,383794,1110,359872,97,28043,1145,83964,1860,358354,1241,442318,California
Fresno,2021-06-02,2664,774373,1718,385512,856,360728,90,28133,1060,83542,1574,359928,1152,443470,California
Fresno,2021-06-03,2972,777345,2036,387548,834,361562,102,28235,1113,82918,1837,361765,1213,444683,California
Fresno,2021-06-04,3247,780592,2351,389899,795,362357,101,28336,1069,81936,2153,363918,1171,445854,California
Fresno,2021-06-05,3128,783720,2314,392213,693,363050,121,28457,1224,81402,1877,365795,1343,447197,California
Fresno,2021-06-06,1185,784905,941,393154,206,363256,38,28495,349,80959,830,366625,387,447584,California
Fresno,2021-06-07,3096,788001,2431,395585,574,363830,91,28586,890,79756,2184,368809,981,448565,California
Fresno,2021-06-08,2767,790768,2038,397623,647,364477,82,28668,809,78700,1946,370755,890,449455,California
Fresno,2021-06-09,2948,793716,2199,399822,658,365135,91,28759,972,77804,1958,372713,1062,450517,California
Fresno,2021-06-10,2664,796380,1935,401757,659,365794,70,28829,923,77078,1718,374431,992,451509,California
Fresno,2021-06-11,3182,799562,2242,403999,830,366624,110,28939,1173,76390,1971,376402,1283,452792,California
Fresno,2021-06-12,2906,802468,2299,406298,442,367066,165,29104,775,75207,2118,378520,935,453727,California
Fresno,2021-06-13,716,803184,464,406762,235,367301,17,29121,194,74900,518,379038,211,453938,California
Fresno,2021-06-14,2516,805700,1832,408594,556,367857,128,29249,954,74440,1540,380578,1080,455018,California
Fresno,2021-06-15,2380,808080,1712,410306,593,368450,75,29324,940,74033,1421,381999,1014,456032,California
Fresno,2021-06-16,2638,810718,1894,412200,631,369081,113,29437,1040,73598,1586,383585,1151,457183,California
Fresno,2021-06-17,2260,812978,1578,413778,588,369669,94,29531,951,73347,1294,384879,1043,458226,California
Fresno,2021-06-18,3003,815981,2155,415933,731,370400,117,29648,1188,72855,1798,386677,1306,459532,California
Fresno,2021-06-19,1691,817672,1248,417181,366,370766,77,29725,582,72407,1105,387782,657,460189,California
Fresno,2021-06-20,501,818173,354,417535,136,370902,11,29736,192,72308,302,388084,203,460392,California
Fresno,2021-06-21,1624,819797,1085,418620,474,371376,65,29801,934,72631,676,388760,999,461391,California
Fresno,2021-06-22,2168,821965,1499,420119,559,371935,110,29911,1002,72588,1152,389912,1109,462500,California
Fresno,2021-06-23,2053,824018,1470,421589,515,372450,68,29979,1009,72635,1028,390940,1075,463575,California
Fresno,2021-06-24,2000,826018,1413,423002,511,372961,76,30055,889,72504,1095,392035,964,464539,California
Fresno,2021-06-25,2063,828081,1440,424442,541,373502,82,30137,979,72500,1065,393100,1061,465600,California
Fresno,2021-06-26,1833,829914,1421,425863,312,373814,100,30237,716,72204,1112,394212,816,466416,California
Fresno,2021-06-27,915,830829,677,426540,139,373953,99,30336,465,72320,445,394657,561,466977,California
Fresno,2021-06-28,1607,832436,1221,427761,290,374243,96,30432,709,72235,887,395544,802,467779,California
Fresno,2021-06-29,1784,834220,1181,428942,522,374765,81,30513,799,72138,976,396520,879,468658,California
Fresno,2021-06-30,1711,835931,1161,430103,460,375225,90,30603,742,72017,954,397474,833,469491,California
Fresno,2021-07-01,1580,837511,1143,431246,368,375593,69,30672,690,71897,877,398351,757,470248,California
Fresno,2021-07-02,1708,839219,1212,432458,427,376020,69,30741,811,71888,888,399239,879,471127,California
Fresno,2021-07-03,1059,840278,776,433234,254,376274,29,30770,522,71912,527,399766,551,471678,California
Fresno,2021-07-04,82,840360,26,433260,50,376324,6,30776,32,71900,50,399816,38,471716,California
Fresno,2021-07-05,992,841352,719,433979,240,376564,33,30809,441,71826,547,400363,473,472189,California
Fresno,2021-07-06,2035,843387,1423,435402,523,377087,89,30898,808,71519,1203,401566,896,473085,California
Fresno,2021-07-07,1751,845138,1336,436738,352,377439,63,30961,768,71378,971,402537,830,473915,California
Fresno,2021-07-08,861,845999,540,437278,223,377662,98,31059,363,71347,490,403027,459,474374,California
Glenn,2020-12-17,1,1,1,1,0,0,0,0,1,1,0,0,1,1,California
Glenn,2020-12-19,1,2,1,2,0,0,0,0,1,2,0,0,1,2,California
Glenn,2020-12-20,1,3,1,3,0,0,0,0,1,3,0,0,1,3,California
Glenn,2020-12-21,12,15,12,15,0,0,0,0,12,15,0,0,12,15,California
Glenn,2020-12-22,59,74,59,74,0,0,0,0,59,74,0,0,59,74,California
Glenn,2020-12-23,28,102,28,102,0,0,0,0,28,102,0,0,28,102,California
Glenn,2020-12-24,9,111,9,111,0,0,0,0,9,111,0,0,9,111,California
Glenn,2020-12-26,2,113,2,113,0,0,0,0,2,113,0,0,2,113,California
Glenn,2020-12-27,4,117,4,117,0,0,0,0,4,117,0,0,4,117,California
Glenn,2020-12-28,22,139,22,139,0,0,0,0,22,139,0,0,22,139,California
Glenn,2020-12-29,83,222,83,222,0,0,0,0,83,222,0,0,83,222,California
Glenn,2020-12-30,129,351,106,328,23,23,0,0,129,351,0,0,129,351,California
Glenn,2020-12-31,38,389,9,337,29,52,0,0,38,389,0,0,38,389,California
Glenn,2021-01-02,3,392,3,340,0,52,0,0,3,392,0,0,3,392,California
Glenn,2021-01-04,7,399,5,345,2,54,0,0,7,399,0,0,7,399,California
Glenn,2021-01-05,9,408,8,353,1,55,0,0,9,408,0,0,9,408,California
Glenn,2021-01-06,60,468,8,361,52,107,0,0,60,468,0,0,60,468,California
Glenn,2021-01-07,67,535,12,373,55,162,0,0,65,531,2,2,65,533,California
Glenn,2021-01-08,12,547,9,382,3,165,0,0,12,543,0,2,12,545,California
Glenn,2021-01-10,1,548,1,383,0,165,0,0,0,542,1,3,0,545,California
Glenn,2021-01-11,31,579,30,413,1,166,0,0,13,537,18,21,13,558,California
Glenn,2021-01-12,42,621,37,450,5,171,0,0,14,523,28,49,14,572,California
Glenn,2021-01-13,221,842,158,608,63,234,0,0,176,654,45,94,176,748,California
Glenn,2021-01-14,119,961,30,638,89,323,0,0,109,753,10,104,109,857,California
Glenn,2021-01-15,40,1001,33,671,7,330,0,0,35,783,5,109,35,892,California
Glenn,2021-01-16,34,1035,14,685,20,350,0,0,24,797,10,119,24,916,California
Glenn,2021-01-17,4,1039,2,687,2,352,0,0,2,797,2,121,2,918,California
Glenn,2021-01-18,18,1057,17,704,1,353,0,0,9,797,9,130,9,927,California
Glenn,2021-01-19,30,1087,20,724,10,363,0,0,13,793,17,147,13,940,California
Glenn,2021-01-20,164,1251,95,819,69,432,0,0,82,793,82,229,82,1022,California
Glenn,2021-01-21,124,1375,98,917,26,458,0,0,30,729,94,323,30,1052,California
Glenn,2021-01-22,341,1716,67,984,274,732,0,0,334,1056,7,330,334,1386,California
Glenn,2021-01-23,16,1732,9,993,7,739,0,0,13,1066,3,333,13,1399,California
Glenn,2021-01-24,2,1734,2,995,0,739,0,0,2,1068,0,333,2,1401,California
Glenn,2021-01-25,27,1761,9,1004,18,757,0,0,24,1089,3,336,24,1425,California
Glenn,2021-01-26,31,1792,14,1018,17,774,0,0,25,1108,6,342,25,1450,California
Glenn,2021-01-27,190,1982,13,1031,177,951,0,0,168,1254,22,364,168,1618,California
Glenn,2021-01-28,147,2129,8,1039,139,1090,0,0,117,1341,30,394,117,1735,California
Glenn,2021-01-29,297,2426,12,1051,285,1375,0,0,283,1610,14,408,283,2018,California
Glenn,2021-01-30,4,2430,0,1051,4,1379,0,0,4,1614,0,408,4,2022,California
Glenn,2021-01-31,1,2431,0,1051,1,1380,0,0,1,1615,0,408,1,2023,California
Glenn,2021-02-01,31,2462,11,1062,20,1400,0,0,19,1622,12,420,19,2042,California
Glenn,2021-02-02,32,2494,16,1078,16,1416,0,0,22,1634,10,430,22,2064,California
Glenn,2021-02-03,280,2774,126,1204,154,1570,0,0,134,1623,146,576,135,2199,California
Glenn,2021-02-04,83,2857,16,1220,67,1637,0,0,26,1592,57,633,26,2225,California
Glenn,2021-02-05,319,3176,24,1244,295,1932,0,0,299,1871,20,653,299,2524,California
Glenn,2021-02-06,14,3190,2,1246,12,1944,0,0,13,1883,1,654,13,2537,California
Glenn,2021-02-07,2,3192,2,1248,0,1944,0,0,2,1885,0,654,2,2539,California
Glenn,2021-02-08,22,3214,17,1265,5,1949,0,0,5,1873,17,671,5,2544,California
Glenn,2021-02-09,51,3265,20,1285,31,1980,0,0,38,1898,13,684,38,2582,California
Glenn,2021-02-10,143,3408,19,1304,124,2104,0,0,72,1899,71,755,72,2654,California
Glenn,2021-02-11,269,3677,168,1472,101,2205,0,0,185,2001,84,839,186,2840,California
Glenn,2021-02-12,419,4096,99,1571,320,2525,0,0,352,2286,67,906,352,3192,California
Glenn,2021-02-13,38,4134,9,1580,29,2554,0,0,17,2282,21,927,17,3209,California
Glenn,2021-02-14,1,4135,0,1580,1,2555,0,0,1,2283,0,927,1,3210,California
Glenn,2021-02-15,10,4145,1,1581,9,2564,0,0,8,2289,2,929,8,3218,California
Glenn,2021-02-16,44,4189,9,1590,35,2599,0,0,25,2295,19,948,25,3243,California
Glenn,2021-02-17,381,4570,14,1604,367,2966,0,0,303,2520,78,1026,303,3546,California
Glenn,2021-02-18,183,4753,148,1752,35,3001,0,0,158,2654,24,1050,158,3704,California
Glenn,2021-02-19,303,5056,17,1769,286,3287,0,0,29,2409,274,1324,29,3733,California
Glenn,2021-02-20,10,5066,0,1769,10,3297,0,0,2,2403,8,1332,2,3735,California
Glenn,2021-02-21,1,5067,1,1770,0,3297,0,0,1,2404,0,1332,1,3736,California
Glenn,2021-02-22,37,5104,17,1787,20,3317,0,0,18,2404,18,1350,18,3754,California
Glenn,2021-02-23,45,5149,12,1799,33,3350,0,0,31,2421,14,1364,31,3785,California
Glenn,2021-02-24,271,5420,49,1848,222,3572,0,0,61,2272,210,1574,61,3846,California
Glenn,2021-02-25,328,5748,212,2060,116,3688,0,0,208,2360,120,1694,208,4054,California
Glenn,2021-02-26,307,6055,26,2086,281,3969,0,0,22,2098,284,1978,22,4076,California
Glenn,2021-02-27,16,6071,6,2092,10,3979,0,0,6,2095,9,1987,6,4082,California
Glenn,2021-02-28,6,6077,3,2095,3,3982,0,0,3,2096,2,1989,3,4085,California
Glenn,2021-03-01,29,6106,6,2101,23,4005,0,0,13,2093,16,2005,13,4098,California
Glenn,2021-03-02,38,6144,7,2108,31,4036,0,0,19,2093,19,2024,19,4117,California
Glenn,2021-03-03,211,6355,37,2145,174,4210,0,0,118,2120,91,2115,118,4235,California
Glenn,2021-03-04,549,6904,204,2349,345,4555,0,0,366,2303,183,2298,366,4601,California
Glenn,2021-03-05,357,7261,49,2398,308,4863,0,0,35,2016,322,2620,35,4636,California
Glenn,2021-03-06,28,7289,4,2402,23,4886,1,1,11,2011,17,2637,12,4648,California
Glenn,2021-03-07,5,7294,0,2402,5,4891,0,1,3,2013,1,2638,3,4651,California
Glenn,2021-03-08,21,7315,3,2405,17,4908,1,2,19,2031,2,2640,20,4671,California
Glenn,2021-03-09,83,7398,12,2417,68,4976,3,5,53,2056,30,2670,55,4726,California
Glenn,2021-03-10,188,7586,80,2497,106,5082,2,7,104,2078,84,2754,106,4832,California
Glenn,2021-03-11,594,8180,180,2677,391,5473,23,30,412,2334,182,2936,438,5270,California
Glenn,2021-03-12,420,8600,14,2691,343,5816,63,93,41,2059,379,3315,104,5374,California
Glenn,2021-03-13,13,8613,1,2692,4,5820,8,101,1,2056,12,3327,9,5383,California
Glenn,2021-03-14,3,8616,1,2693,2,5822,0,101,1,2055,2,3329,1,5384,California
Glenn,2021-03-15,76,8692,15,2708,56,5878,5,106,59,2102,17,3346,64,5448,California
Glenn,2021-03-16,113,8805,34,2742,69,5947,10,116,69,2137,44,3390,79,5527,California
Glenn,2021-03-17,419,9224,99,2841,313,6260,7,123,114,1951,305,3695,119,5646,California
Glenn,2021-03-18,536,9760,231,3072,50,6310,255,378,73,1815,463,4158,327,5973,California
Glenn,2021-03-19,96,9856,16,3088,74,6384,6,384,75,1876,20,4178,81,6054,California
Glenn,2021-03-20,134,9990,2,3090,131,6515,1,385,130,2003,4,4182,131,6185,California
Glenn,2021-03-21,6,9996,5,3095,0,6515,1,386,3,2005,2,4184,4,6189,California
Glenn,2021-03-22,124,10120,55,3150,61,6576,8,394,103,2097,19,4203,111,6300,California
Glenn,2021-03-23,179,10299,67,3217,61,6637,51,445,104,2178,74,4277,155,6455,California
Glenn,2021-03-24,213,10512,103,3320,105,6742,5,450,125,2222,86,4363,130,6585,California
Glenn,2021-03-25,490,11002,249,3569,147,6889,94,544,352,2532,136,4499,446,7031,California
Glenn,2021-03-26,239,11241,37,3606,166,7055,36,580,188,2705,51,4550,224,7255,California
Glenn,2021-03-27,168,11409,22,3628,140,7195,6,586,154,2851,14,4564,160,7415,California
Glenn,2021-03-28,15,11424,10,3638,5,7200,0,586,10,2856,5,4569,10,7425,California
Glenn,2021-03-29,61,11485,20,3658,38,7238,3,589,45,2888,16,4585,48,7473,California
Glenn,2021-03-30,76,11561,43,3701,32,7270,1,590,43,2901,31,4616,44,7517,California
Glenn,2021-03-31,132,11693,35,3736,96,7366,1,591,43,2857,88,4704,44,7561,California
Glenn,2021-04-01,660,12353,193,3929,458,7824,9,600,234,2677,423,5127,243,7804,California
Glenn,2021-04-02,169,12522,25,3954,132,7956,12,612,132,2784,37,5164,144,7948,California
Glenn,2021-04-03,95,12617,4,3958,84,8040,7,619,84,2864,11,5175,91,8039,California
Glenn,2021-04-04,9,12626,3,3961,4,8044,2,621,5,2867,4,5179,7,8046,California
Glenn,2021-04-05,67,12693,26,3987,28,8072,13,634,30,2873,37,5216,43,8089,California
Glenn,2021-04-06,144,12837,52,4039,53,8125,39,673,37,2842,106,5322,75,8164,California
Glenn,2021-04-07,161,12998,47,4086,60,8185,54,727,75,2885,86,5408,129,8293,California
Glenn,2021-04-08,652,13650,198,4284,418,8603,36,763,148,2567,502,5910,184,8477,California
Glenn,2021-04-09,160,13810,57,4341,86,8689,17,780,102,2627,58,5968,118,8595,California
Glenn,2021-04-10,77,13887,1,4342,60,8749,16,796,58,2683,18,5986,74,8669,California
Glenn,2021-04-11,17,13904,8,4350,4,8753,5,801,7,2685,10,5996,12,8681,California
Glenn,2021-04-12,116,14020,26,4376,61,8814,29,830,21,2640,95,6091,50,8731,California
Glenn,2021-04-13,119,14139,64,4440,55,8869,0,830,30,2581,89,6180,30,8761,California
Glenn,2021-04-14,122,14261,46,4486,76,8945,0,830,67,2593,55,6235,67,8828,California
Glenn,2021-04-15,365,14626,276,4762,89,9034,0,830,106,2441,258,6493,106,8934,California
Glenn,2021-04-16,168,14794,41,4803,127,9161,0,830,78,2429,90,6583,78,9012,California
Glenn,2021-04-17,169,14963,17,4820,152,9313,0,830,30,2328,131,6714,30,9042,California
Glenn,2021-04-18,19,14982,6,4826,13,9326,0,830,15,2339,4,6718,15,9057,California
Glenn,2021-04-19,84,15066,17,4843,67,9393,0,830,23,2302,60,6778,23,9080,California
Glenn,2021-04-20,134,15200,90,4933,44,9437,0,830,56,2280,78,6856,56,9136,California
Glenn,2021-04-21,435,15635,332,5265,103,9540,0,830,289,2424,145,7001,289,9425,California
Glenn,2021-04-22,214,15849,54,5319,160,9700,0,830,38,2287,175,7176,38,9463,California
Glenn,2021-04-23,192,16041,36,5355,156,9856,0,830,49,2194,142,7318,49,9512,California
Glenn,2021-04-24,180,16221,32,5387,148,10004,0,830,30,2075,149,7467,30,9542,California
Glenn,2021-04-25,28,16249,17,5404,11,10015,0,830,21,2089,7,7474,21,9563,California
Glenn,2021-04-26,50,16299,14,5418,36,10051,0,830,19,2077,31,7505,19,9582,California
Glenn,2021-04-27,65,16364,50,5468,10,10061,5,835,34,2084,31,7536,38,9620,California
Glenn,2021-04-28,268,16632,189,5657,68,10129,11,846,127,2082,140,7676,138,9758,California
Glenn,2021-04-29,186,16818,27,5684,157,10286,2,848,40,1978,146,7822,42,9800,California
Glenn,2021-04-30,163,16981,42,5726,119,10405,2,850,40,1897,123,7945,42,9842,California
Glenn,2021-05-01,108,17089,13,5739,94,10499,1,851,26,1842,82,8027,27,9869,California
Glenn,2021-05-02,32,17121,14,5753,9,10508,9,860,15,1849,17,8044,24,9893,California
Glenn,2021-05-03,39,17160,24,5777,14,10522,1,861,14,1839,25,8069,15,9908,California
Glenn,2021-05-04,60,17220,36,5813,19,10541,5,866,28,1840,32,8101,33,9941,California
Glenn,2021-05-05,127,17347,39,5852,77,10618,11,877,52,1828,75,8176,63,10004,California
Glenn,2021-05-06,112,17459,42,5894,65,10683,5,882,41,1803,71,8247,46,10050,California
Glenn,2021-05-07,122,17581,36,5930,77,10760,9,891,30,1751,91,8338,39,10089,California
Glenn,2021-05-08,65,17646,12,5942,49,10809,4,895,21,1733,43,8381,25,10114,California
Glenn,2021-05-09,17,17663,11,5953,6,10815,0,895,11,1738,6,8387,11,10125,California
Glenn,2021-05-10,37,17700,15,5968,17,10832,5,900,13,1732,24,8411,18,10143,California
Glenn,2021-05-11,85,17785,60,6028,16,10848,9,909,17,1690,68,8479,26,10169,California
Glenn,2021-05-12,337,18122,254,6282,69,10917,14,923,50,1467,287,8766,64,10233,California
Glenn,2021-05-13,157,18279,58,6340,80,10997,19,942,64,1457,93,8859,83,10316,California
Glenn,2021-05-14,106,18385,24,6364,77,11074,5,947,34,1424,72,8931,39,10355,California
Glenn,2021-05-15,67,18452,40,6404,24,11098,3,950,32,1424,34,8965,34,10389,California
Glenn,2021-05-16,30,18482,17,6421,13,11111,0,950,8,1410,22,8987,8,10397,California
Glenn,2021-05-17,86,18568,61,6482,21,11132,4,954,60,1448,26,9013,64,10461,California
Glenn,2021-05-18,68,18636,50,6532,14,11146,4,958,22,1428,46,9059,26,10487,California
Glenn,2021-05-19,200,18836,118,6650,70,11216,12,970,69,1378,130,9189,80,10567,California
Glenn,2021-05-20,120,18956,79,6729,39,11255,2,972,80,1420,40,9229,82,10649,California
Glenn,2021-05-21,71,19027,27,6756,43,11298,1,973,28,1406,43,9272,29,10678,California
Glenn,2021-05-22,56,19083,24,6780,32,11330,0,973,29,1408,27,9299,29,10707,California
Glenn,2021-05-23,28,19111,16,6796,12,11342,0,973,12,1405,15,9314,12,10719,California
Glenn,2021-05-24,30,19141,11,6807,15,11357,4,977,11,1402,18,9332,15,10734,California
Glenn,2021-05-25,47,19188,35,6842,10,11367,2,979,23,1403,24,9356,25,10759,California
Glenn,2021-05-26,73,19261,14,6856,55,11422,4,983,25,1384,48,9404,29,10788,California
Glenn,2021-05-27,102,19363,63,6919,38,11460,1,984,47,1379,53,9457,48,10836,California
Glenn,2021-05-28,62,19425,18,6937,37,11497,7,991,32,1388,30,9487,39,10875,California
Glenn,2021-05-29,48,19473,11,6948,33,11530,4,995,21,1386,27,9514,25,10900,California
Glenn,2021-05-30,21,19494,13,6961,8,11538,0,995,8,1382,12,9526,8,10908,California
Glenn,2021-05-31,4,19498,0,6961,4,11542,0,995,0,1378,4,9530,0,10908,California
Glenn,2021-06-01,59,19557,34,6995,22,11564,3,998,24,1370,35,9565,27,10935,California
Glenn,2021-06-02,98,19655,49,7044,46,11610,3,1001,39,1353,59,9624,42,10977,California
Glenn,2021-06-03,74,19729,41,7085,26,11636,7,1008,18,1323,55,9679,25,11002,California
Glenn,2021-06-04,77,19806,37,7122,37,11673,3,1011,42,1333,35,9714,45,11047,California
Glenn,2021-06-05,55,19861,30,7152,22,11695,3,1014,17,1315,38,9752,20,11067,California
Glenn,2021-06-06,31,19892,27,7179,3,11698,1,1015,15,1316,15,9767,16,11083,California
Glenn,2021-06-07,68,19960,59,7238,7,11705,2,1017,13,1277,54,9821,15,11098,California
Glenn,2021-06-08,35,19995,19,7257,11,11716,5,1022,16,1279,19,9840,21,11119,California
Glenn,2021-06-09,65,20060,38,7295,20,11736,7,1029,32,1285,33,9873,39,11158,California
Glenn,2021-06-10,119,20179,88,7383,25,11761,6,1035,35,1242,84,9957,41,11199,California
Glenn,2021-06-11,89,20268,58,7441,28,11789,3,1038,25,1206,64,10021,28,11227,California
Glenn,2021-06-12,35,20303,19,7460,13,11802,3,1041,13,1200,22,10043,16,11243,California
Glenn,2021-06-13,11,20314,11,7471,0,11802,0,1041,5,1199,6,10049,5,11248,California
Glenn,2021-06-14,39,20353,26,7497,10,11812,3,1044,15,1194,23,10072,18,11266,California
Glenn,2021-06-15,49,20402,33,7530,15,11827,1,1045,22,1190,27,10099,23,11289,California
Glenn,2021-06-16,84,20486,49,7579,34,11861,1,1046,57,1223,25,10124,58,11347,California
Glenn,2021-06-17,62,20548,37,7616,21,11882,4,1050,8,1181,54,10178,12,11359,California
Glenn,2021-06-18,82,20630,44,7660,17,11899,21,1071,28,1176,54,10232,49,11408,California
Glenn,2021-06-19,42,20672,21,7681,21,11920,0,1071,24,1182,18,10250,24,11432,California
Glenn,2021-06-20,15,20687,11,7692,4,11924,0,1071,4,1175,11,10261,4,11436,California
Glenn,2021-06-21,26,20713,18,7710,6,11930,2,1073,19,1189,7,10268,21,11457,California
Glenn,2021-06-22,47,20760,32,7742,13,11943,2,1075,22,1189,24,10292,24,11481,California
Glenn,2021-06-23,54,20814,37,7779,14,11957,3,1078,28,1194,26,10318,31,11512,California
Glenn,2021-06-24,44,20858,27,7806,13,11970,4,1082,17,1188,27,10345,21,11533,California
Glenn,2021-06-25,67,20925,47,7853,19,11989,1,1083,31,1184,36,10381,32,11565,California
Glenn,2021-06-26,35,20960,20,7873,14,12003,1,1084,16,1182,19,10400,17,11582,California
Glenn,2021-06-27,17,20977,13,7886,4,12007,0,1084,4,1173,13,10413,4,11586,California
Glenn,2021-06-28,27,21004,23,7909,1,12008,3,1087,12,1172,15,10428,14,11600,California
Glenn,2021-06-29,33,21037,16,7925,12,12020,5,1092,11,1166,22,10450,16,11616,California
Glenn,2021-06-30,76,21113,51,7976,20,12040,5,1097,36,1167,40,10490,41,11657,California
Glenn,2021-07-01,56,21169,40,8016,13,12053,3,1100,16,1146,40,10530,19,11676,California
Glenn,2021-07-02,60,21229,35,8051,20,12073,5,1105,22,1136,37,10567,27,11703,California
Glenn,2021-07-03,36,21265,28,8079,7,12080,1,1106,24,1149,12,10579,25,11728,California
Glenn,2021-07-04,3,21268,2,8081,0,12080,1,1107,0,1147,3,10582,1,11729,California
Glenn,2021-07-05,20,21288,17,8098,1,12081,2,1109,6,1141,14,10596,8,11737,California
Glenn,2021-07-06,47,21335,36,8134,10,12091,1,1110,24,1143,23,10619,25,11762,California
Glenn,2021-07-07,65,21400,59,8193,4,12095,2,1112,30,1140,35,10654,32,11794,California
Glenn,2021-07-08,8,21408,2,8195,3,12098,3,1115,0,1135,8,10662,3,11797,California
Humboldt,2020-12-15,3,3,3,3,0,0,0,0,3,3,0,0,3,3,California
Humboldt,2020-12-16,16,19,16,19,0,0,0,0,16,19,0,0,16,19,California
Humboldt,2020-12-17,119,138,119,138,0,0,0,0,119,138,0,0,119,138,California
Humboldt,2020-12-18,177,315,177,315,0,0,0,0,177,315,0,0,177,315,California
Humboldt,2020-12-19,10,325,10,325,0,0,0,0,10,325,0,0,10,325,California
Humboldt,2020-12-20,27,352,27,352,0,0,0,0,27,352,0,0,27,352,California
Humboldt,2020-12-21,167,519,167,519,0,0,0,0,167,519,0,0,167,519,California
Humboldt,2020-12-22,337,856,337,856,0,0,0,0,337,856,0,0,337,856,California
Humboldt,2020-12-23,322,1178,264,1120,58,58,0,0,324,1180,0,0,324,1180,California
Humboldt,2020-12-24,25,1203,2,1122,23,81,0,0,25,1205,0,0,25,1205,California
Humboldt,2020-12-25,2,1205,2,1124,0,81,0,0,2,1207,0,0,2,1207,California
Humboldt,2020-12-26,6,1211,5,1129,1,82,0,0,6,1213,0,0,6,1213,California
Humboldt,2020-12-28,208,1419,150,1279,58,140,0,0,208,1421,0,0,208,1421,California
Humboldt,2020-12-29,186,1605,125,1404,61,201,0,0,187,1608,0,0,187,1608,California
Humboldt,2020-12-30,235,1840,129,1533,106,307,0,0,235,1843,0,0,235,1843,California
Humboldt,2020-12-31,246,2086,81,1614,165,472,0,0,246,2089,0,0,246,2089,California
Humboldt,2021-01-01,3,2089,2,1616,1,473,0,0,3,2092,0,0,3,2092,California
Humboldt,2021-01-02,40,2129,2,1618,38,511,0,0,40,2132,0,0,40,2132,California
Humboldt,2021-01-04,219,2348,142,1760,77,588,0,0,220,2352,0,0,220,2352,California
Humboldt,2021-01-05,132,2480,21,1781,111,699,0,0,132,2483,1,1,132,2484,California
Humboldt,2021-01-06,314,2794,214,1995,100,799,0,0,240,2661,62,63,240,2724,California
Humboldt,2021-01-07,438,3232,326,2321,112,911,0,0,321,2881,101,164,321,3045,California
Humboldt,2021-01-08,429,3661,289,2610,140,1051,0,0,287,3032,136,300,287,3332,California
Humboldt,2021-01-09,67,3728,43,2653,24,1075,0,0,65,3096,2,302,66,3398,California
Humboldt,2021-01-10,84,3812,84,2737,0,1075,0,0,4,3020,80,382,4,3402,California
Humboldt,2021-01-11,292,4104,281,3018,11,1086,0,0,70,2872,218,600,70,3472,California
Humboldt,2021-01-12,503,4607,339,3357,164,1250,0,0,285,2961,196,796,285,3757,California
Humboldt,2021-01-13,502,5109,281,3638,221,1471,0,0,323,3109,176,972,324,4081,California
Humboldt,2021-01-14,559,5668,175,3813,384,1855,0,0,503,3557,56,1028,504,4585,California
Humboldt,2021-01-15,373,6041,28,3841,345,2200,0,0,355,3894,18,1046,355,4940,California
Humboldt,2021-01-16,169,6210,6,3847,163,2363,0,0,168,4061,1,1047,168,5108,California
Humboldt,2021-01-17,7,6217,4,3851,3,2366,0,0,7,4068,0,1047,7,5115,California
Humboldt,2021-01-18,307,6524,272,4123,35,2401,0,0,149,4059,158,1205,149,5264,California
Humboldt,2021-01-19,661,7185,402,4525,259,2660,0,0,529,4462,126,1331,529,5793,California
Humboldt,2021-01-20,953,8138,424,4949,529,3189,0,0,786,5091,159,1490,788,6581,California
Humboldt,2021-01-21,971,9109,260,5209,711,3900,0,0,928,5976,43,1533,928,7509,California
Humboldt,2021-01-22,688,9797,380,5589,308,4208,0,0,678,6645,10,1543,679,8188,California
Humboldt,2021-01-23,929,10726,283,5872,646,4854,0,0,920,7557,9,1552,921,9109,California
Humboldt,2021-01-24,228,10954,1,5873,227,5081,0,0,227,7783,1,1553,227,9336,California
Humboldt,2021-01-25,352,11306,236,6109,116,5197,0,0,154,7739,198,1751,154,9490,California
Humboldt,2021-01-26,543,11849,149,6258,394,5591,0,0,479,8154,64,1815,479,9969,California
Humboldt,2021-01-27,1273,13122,585,6843,688,6279,0,0,1199,9288,67,1882,1201,11170,California
Humboldt,2021-01-28,1465,14587,637,7480,828,7107,0,0,1321,10470,141,2023,1323,12493,California
Humboldt,2021-01-29,1166,15753,548,8028,618,7725,0,0,696,10696,470,2493,696,13189,California
Humboldt,2021-01-30,1029,16782,470,8498,559,8284,0,0,984,11636,45,2538,985,14174,California
Humboldt,2021-01-31,319,17101,317,8815,2,8286,0,0,318,11953,1,2539,318,14492,California
Humboldt,2021-02-01,320,17421,175,8990,145,8431,0,0,184,12001,136,2675,184,14676,California
Humboldt,2021-02-02,454,17875,79,9069,375,8806,0,0,349,12250,102,2777,351,15027,California
Humboldt,2021-02-03,675,18550,265,9334,410,9216,0,0,519,12613,156,2933,519,15546,California
Humboldt,2021-02-04,654,19204,262,9596,392,9608,0,0,446,12854,205,3138,446,15992,California
Humboldt,2021-02-05,830,20034,108,9704,722,10330,0,0,626,13277,203,3341,626,16618,California
Humboldt,2021-02-06,1086,21120,471,10175,615,10945,0,0,1036,14265,49,3390,1037,17655,California
Humboldt,2021-02-07,379,21499,8,10183,371,11316,0,0,374,14636,4,3394,375,18030,California
Humboldt,2021-02-08,339,21838,147,10330,192,11508,0,0,180,14658,158,3552,180,18210,California
Humboldt,2021-02-09,503,22341,228,10558,275,11783,0,0,176,14508,326,3878,176,18386,California
Humboldt,2021-02-10,565,22906,370,10928,195,11978,0,0,206,14360,354,4232,206,18592,California
Humboldt,2021-02-11,1326,24232,397,11325,929,12907,0,0,493,14026,829,5061,495,19087,California
Humboldt,2021-02-12,1175,25407,749,12074,426,13333,0,0,715,14282,459,5520,715,19802,California
Humboldt,2021-02-13,1552,26959,602,12676,950,14283,0,0,925,14583,625,6145,926,20728,California
Humboldt,2021-02-14,114,27073,5,12681,109,14392,0,0,110,14690,3,6148,110,20838,California
Humboldt,2021-02-15,296,27369,81,12762,215,14607,0,0,195,14785,100,6248,195,21033,California
Humboldt,2021-02-16,554,27923,124,12886,430,15037,0,0,252,14738,301,6549,254,21287,California
Humboldt,2021-02-17,454,28377,282,13168,172,15209,0,0,133,14551,320,6869,133,21420,California
Humboldt,2021-02-18,1029,29406,605,13773,424,15633,0,0,276,14077,750,7619,276,21696,California
Humboldt,2021-02-19,489,29895,441,14214,48,15681,0,0,92,13776,393,8012,92,21788,California
Humboldt,2021-02-20,1755,31650,1035,15249,720,16401,0,0,485,12997,1267,9279,488,22276,California
Humboldt,2021-02-21,497,32147,489,15738,8,16409,0,0,187,12875,310,9589,188,22464,California
Humboldt,2021-02-22,142,32289,96,15834,46,16455,0,0,29,12793,111,9700,29,22493,California
Humboldt,2021-02-23,187,32476,72,15906,115,16570,0,0,46,12700,139,9839,46,22539,California
Humboldt,2021-02-24,1283,33759,780,16686,503,17073,0,0,617,12654,663,10502,617,23156,California
Humboldt,2021-02-25,859,34618,324,17010,535,17608,0,0,235,12268,621,11123,235,23391,California
Humboldt,2021-02-26,2175,36793,107,17117,2068,19676,0,0,441,10983,1727,12850,442,23833,California
Humboldt,2021-02-27,1774,38567,1145,18262,629,20305,0,0,906,11027,866,13716,910,24743,California
Humboldt,2021-02-28,126,38693,11,18273,115,20420,0,0,118,11138,7,13723,118,24861,California
Humboldt,2021-03-01,259,38952,46,18319,213,20633,0,0,184,11248,74,13797,184,25045,California
Humboldt,2021-03-02,309,39261,51,18370,258,20891,0,0,168,11275,141,13938,168,25213,California
Humboldt,2021-03-03,1678,40939,1108,19478,570,21461,0,0,1227,12059,444,14382,1228,26441,California
Humboldt,2021-03-04,926,41865,114,19592,812,22273,0,0,301,11737,625,15007,303,26744,California
Humboldt,2021-03-05,951,42816,190,19782,750,23023,11,11,391,11582,557,15564,402,27146,California
Humboldt,2021-03-06,1811,44627,950,20732,812,23835,49,60,795,11412,1014,16578,844,27990,California
Humboldt,2021-03-07,387,45014,295,21027,59,23894,33,93,160,11377,227,16805,192,28182,California
Humboldt,2021-03-08,282,45296,6,21033,192,24086,84,177,181,11542,100,16905,265,28447,California
Humboldt,2021-03-09,503,45799,206,21239,147,24233,150,327,245,11680,256,17161,394,28841,California
Humboldt,2021-03-10,703,46502,474,21713,72,24305,157,484,426,11985,276,17437,581,29422,California
Humboldt,2021-03-11,1487,47989,459,22172,929,25234,99,583,656,11913,826,18263,754,30176,California
Humboldt,2021-03-12,1756,49745,1086,23258,446,25680,224,807,1055,12502,693,18956,1282,31458,California
Humboldt,2021-03-13,1600,51345,1052,24310,497,26177,51,858,680,12318,914,19870,730,32188,California
Humboldt,2021-03-14,143,51488,19,24329,116,26293,8,866,29,12241,114,19984,37,32225,California
Humboldt,2021-03-15,282,51770,52,24381,208,26501,22,888,61,12101,221,20205,81,32306,California
Humboldt,2021-03-16,638,52408,201,24582,175,26676,262,1150,262,12248,375,20580,522,32828,California
Humboldt,2021-03-17,735,53143,396,24978,231,26907,108,1258,340,12302,394,20974,448,33276,California
Humboldt,2021-03-18,1743,54886,1167,26145,533,27440,43,1301,1018,12645,718,21692,1061,34337,California
Humboldt,2021-03-19,1076,55962,61,26206,700,28140,315,1616,441,12767,633,22325,755,35092,California
Humboldt,2021-03-20,1417,57379,787,26993,616,28756,14,1630,390,12147,1025,23350,405,35497,California
Humboldt,2021-03-21,250,57629,34,27027,189,28945,27,1657,204,12331,46,23396,230,35727,California
Humboldt,2021-03-22,119,57748,15,27042,54,28999,50,1707,63,12390,54,23450,113,35840,California
Humboldt,2021-03-23,412,58160,41,27083,329,29328,42,1749,319,12659,92,23542,361,36201,California
Humboldt,2021-03-24,1416,59576,391,27474,977,30305,48,1797,1036,13370,372,23914,1083,37284,California
Humboldt,2021-03-25,1843,61419,1215,28689,565,30870,63,1860,943,13477,898,24812,1005,38289,California
Humboldt,2021-03-26,2044,63463,442,29131,1545,32415,57,1917,1596,14687,442,25254,1652,39941,California
Humboldt,2021-03-27,2125,65588,1526,30657,425,32840,174,2091,1143,15026,978,26232,1317,41258,California
Humboldt,2021-03-28,268,65856,82,30739,114,32954,72,2163,81,14994,186,26418,154,41412,California
Humboldt,2021-03-29,464,66320,124,30863,244,33198,96,2259,198,15022,265,26683,293,41705,California
Humboldt,2021-03-30,948,67268,303,31166,531,33729,114,2373,561,15314,382,27065,674,42379,California
Humboldt,2021-03-31,1888,69156,542,31708,1248,34977,98,2471,1413,16355,471,27536,1512,43891,California
Humboldt,2021-04-01,2121,71277,710,32418,1317,36294,94,2565,1482,17299,631,28167,1575,45466,California
Humboldt,2021-04-02,1727,73004,1112,33530,508,36802,107,2672,616,16917,1105,29272,723,46189,California
Humboldt,2021-04-03,1673,74677,1515,35045,143,36945,15,2687,664,16597,999,30271,679,46868,California
Humboldt,2021-04-04,482,75159,371,35416,102,37047,9,2696,400,16925,81,30352,409,47277,California
Humboldt,2021-04-05,783,75942,465,35881,270,37317,48,2744,445,17083,335,30687,493,47770,California
Humboldt,2021-04-06,849,76791,320,36201,394,37711,135,2879,589,17551,254,30941,722,48492,California
Humboldt,2021-04-07,1502,78293,1069,37270,292,38003,141,3020,996,18185,503,31444,1137,49629,California
Humboldt,2021-04-08,1762,80055,1097,38367,506,38509,159,3179,744,18073,1015,32459,903,50532,California
Humboldt,2021-04-09,1446,81501,441,38808,850,39359,155,3334,1155,19085,290,32749,1302,51834,California
Humboldt,2021-04-10,944,82445,139,38947,630,39989,175,3509,743,19802,199,32948,916,52750,California
Humboldt,2021-04-11,646,83091,139,39086,36,40025,471,3980,128,19882,518,33466,598,53348,California
Humboldt,2021-04-12,442,83533,229,39315,86,40111,127,4107,280,20128,161,33627,407,53755,California
Humboldt,2021-04-13,591,84124,324,39639,262,40373,5,4112,554,20651,35,33662,558,54313,California
Humboldt,2021-04-14,1451,85575,1048,40687,403,40776,0,4112,1333,21867,117,33779,1333,55646,California
Humboldt,2021-04-15,1836,87411,1203,41890,629,41405,4,4116,1260,22572,557,34336,1262,56908,California
Humboldt,2021-04-16,1139,88550,522,42412,617,42022,0,4116,554,22544,582,34918,554,57462,California
Humboldt,2021-04-17,1878,90428,1555,43967,323,42345,0,4116,1021,22714,851,35769,1021,58483,California
Humboldt,2021-04-18,670,91098,355,44322,314,42659,1,4117,84,22218,580,36349,84,58567,California
Humboldt,2021-04-19,208,91306,86,44408,122,42781,0,4117,92,22196,114,36463,92,58659,California
Humboldt,2021-04-20,511,91817,140,44548,371,43152,0,4117,254,22194,256,36719,254,58913,California
Humboldt,2021-04-21,1124,92941,391,44939,733,43885,0,4117,457,21994,658,37377,458,59371,California
Humboldt,2021-04-22,901,93842,538,45477,362,44247,1,4118,457,22010,441,37818,457,59828,California
Humboldt,2021-04-23,2193,96035,311,45788,1882,46129,0,4118,337,20495,1852,39670,337,60165,California
Humboldt,2021-04-24,1104,97139,885,46673,214,46343,5,4123,360,20119,741,40411,365,60530,California
Humboldt,2021-04-25,377,97516,240,46913,137,46480,0,4123,192,20128,183,40594,192,60722,California
Humboldt,2021-04-26,390,97906,270,47183,116,46596,4,4127,112,19966,276,40870,114,60836,California
Humboldt,2021-04-27,810,98716,311,47494,470,47066,29,4156,185,19557,623,41493,214,61050,California
Humboldt,2021-04-28,1606,100322,847,48341,714,47780,45,4201,422,18843,1181,42674,467,61517,California
Humboldt,2021-04-29,1792,102114,638,48979,1116,48896,38,4239,299,17692,1488,44162,337,61854,California
Humboldt,2021-04-30,1305,103419,437,49416,833,49729,35,4274,205,16837,1093,45255,238,62092,California
Humboldt,2021-05-01,485,103904,387,49803,75,49804,23,4297,300,16976,184,45439,323,62415,California
Humboldt,2021-05-02,233,104137,187,49990,37,49841,9,4306,118,16989,114,45553,127,62542,California
Humboldt,2021-05-03,618,104755,375,50365,219,50060,24,4330,102,16602,514,46067,127,62669,California
Humboldt,2021-05-04,868,105623,521,50886,302,50362,45,4375,261,16303,604,46671,305,62974,California
Humboldt,2021-05-05,1742,107365,1117,52003,567,50929,58,4433,185,14996,1548,48219,241,63215,California
Humboldt,2021-05-06,1694,109059,1075,53078,367,51296,252,4685,141,13839,1550,49769,393,63608,California
Humboldt,2021-05-07,1437,110496,316,53394,1061,52357,60,4745,238,12939,1196,50965,296,63904,California
Humboldt,2021-05-08,743,111239,147,53541,573,52930,23,4768,90,12401,651,51616,113,64017,California
Humboldt,2021-05-09,906,112145,854,54395,42,52972,10,4778,47,11599,859,52475,57,64074,California
Humboldt,2021-05-10,218,112363,37,54432,142,53114,39,4817,82,11584,136,52611,121,64195,California
Humboldt,2021-05-11,535,112898,184,54616,278,53392,73,4890,204,11531,330,52941,277,64472,California
Humboldt,2021-05-12,621,113519,142,54758,433,53825,46,4936,227,11410,393,53334,272,64744,California
Humboldt,2021-05-13,629,114148,302,55060,300,54125,27,4963,288,11386,339,53673,315,65059,California
Humboldt,2021-05-14,711,114859,142,55202,465,54590,104,5067,233,11247,475,54148,336,65395,California
Humboldt,2021-05-15,788,115647,643,55845,135,54725,10,5077,212,10894,575,54723,222,65617,California
Humboldt,2021-05-16,121,115768,54,55899,63,54788,4,5081,68,10913,53,54776,72,65689,California
Humboldt,2021-05-17,409,116177,215,56114,171,54959,23,5104,223,10974,184,54960,245,65934,California
Humboldt,2021-05-18,663,116840,325,56439,309,55268,29,5133,360,11059,303,55263,388,66322,California
Humboldt,2021-05-19,988,117828,549,56988,396,55664,43,5176,319,10754,665,55928,360,66682,California
Humboldt,2021-05-20,828,118656,607,57595,208,55872,13,5189,593,11129,232,56160,607,67289,California
Humboldt,2021-05-21,878,119534,291,57886,526,56398,61,5250,351,11014,527,56687,412,67701,California
Humboldt,2021-05-22,416,119950,321,58207,87,56485,8,5258,147,10902,267,56954,155,67856,California
Humboldt,2021-05-23,393,120343,325,58532,65,56550,3,5261,75,10662,318,57272,78,67934,California
Humboldt,2021-05-24,338,120681,174,58706,135,56685,29,5290,182,10718,155,57427,211,68145,California
Humboldt,2021-05-25,530,121211,338,59044,168,56853,24,5314,288,10791,239,57666,312,68457,California
Humboldt,2021-05-26,648,121859,310,59354,314,57167,24,5338,306,10780,341,58007,330,68787,California
Humboldt,2021-05-27,465,122324,247,59601,181,57348,37,5375,276,10904,189,58196,313,69100,California
Humboldt,2021-05-28,410,122734,193,59794,170,57518,47,5422,169,10882,238,58434,216,69316,California
Humboldt,2021-05-29,172,122906,103,59897,66,57584,3,5425,91,10895,81,58515,94,69410,California
Humboldt,2021-05-30,106,123012,45,59942,56,57640,5,5430,51,10897,54,58569,56,69466,California
Humboldt,2021-05-31,72,123084,27,59969,39,57679,6,5436,48,10927,23,58592,53,69519,California
Humboldt,2021-06-01,462,123546,266,60235,181,57860,15,5451,185,10850,277,58869,200,69719,California
Humboldt,2021-06-02,532,124078,249,60484,229,58089,54,5505,237,10849,290,59159,289,70008,California
Humboldt,2021-06-03,391,124469,226,60710,143,58232,22,5527,85,10678,278,59437,107,70115,California
Humboldt,2021-06-04,508,124977,318,61028,166,58398,24,5551,135,10507,329,59766,158,70273,California
Humboldt,2021-06-05,409,125386,314,61342,50,58448,45,5596,206,10610,148,59914,251,70524,California
Humboldt,2021-06-06,171,125557,119,61461,43,58491,9,5605,70,10594,95,60009,79,70603,California
Humboldt,2021-06-07,359,125916,216,61677,119,58610,24,5629,111,10482,247,60256,135,70738,California
Humboldt,2021-06-08,520,126436,302,61979,189,58799,29,5658,150,10292,368,60624,178,70916,California
Humboldt,2021-06-09,399,126835,204,62183,148,58947,47,5705,127,10196,270,60894,174,71090,California
Humboldt,2021-06-10,566,127401,448,62631,91,59038,27,5732,96,9851,466,61360,121,71211,California
Humboldt,2021-06-11,436,127837,244,62875,164,59202,28,5760,98,9640,337,61697,126,71337,California
Humboldt,2021-06-12,180,128017,133,63008,47,59249,0,5760,49,9559,130,61827,49,71386,California
Humboldt,2021-06-13,215,128232,148,63156,42,59291,25,5785,94,9558,119,61946,118,71504,California
Humboldt,2021-06-14,420,128652,255,63411,138,59429,27,5812,114,9394,305,62251,141,71645,California
Humboldt,2021-06-15,548,129200,373,63784,147,59576,28,5840,157,9193,385,62636,184,71829,California
Humboldt,2021-06-16,484,129684,323,64107,114,59690,47,5887,141,9047,334,62970,188,72017,California
Humboldt,2021-06-17,398,130082,261,64368,91,59781,46,5933,99,8893,299,63269,145,72162,California
Humboldt,2021-06-18,400,130482,231,64599,140,59921,29,5962,131,8789,263,63532,159,72321,California
Humboldt,2021-06-19,202,130684,136,64735,45,59966,21,5983,87,8782,114,63646,107,72428,California
Humboldt,2021-06-20,80,130764,36,64771,30,59996,14,5997,33,8784,45,63691,47,72475,California
Humboldt,2021-06-21,153,130917,71,64842,54,60050,28,6025,52,8763,101,63792,80,72555,California
Humboldt,2021-06-22,349,131266,220,65062,110,60160,19,6044,144,8722,204,63996,163,72718,California
Humboldt,2021-06-23,352,131618,248,65310,74,60234,30,6074,106,8617,239,64235,134,72852,California
Humboldt,2021-06-24,211,131829,106,65416,49,60283,56,6130,87,8639,119,64354,141,72993,California
Humboldt,2021-06-25,255,132084,144,65560,96,60379,15,6145,104,8610,148,64502,119,73112,California
Humboldt,2021-06-26,252,132336,191,65751,38,60417,23,6168,64,8509,188,64690,87,73199,California
Humboldt,2021-06-27,74,132410,51,65802,21,60438,2,6170,26,8489,48,64738,28,73227,California
Humboldt,2021-06-28,156,132566,100,65902,28,60466,28,6198,69,8499,87,64825,97,73324,California
Humboldt,2021-06-29,264,132830,156,66058,75,60541,33,6231,88,8445,174,64999,120,73444,California
Humboldt,2021-06-30,223,133053,146,66204,57,60598,20,6251,93,8430,128,65127,113,73557,California
Humboldt,2021-07-01,190,133243,113,66317,59,60657,18,6269,82,8423,106,65233,99,73656,California
Humboldt,2021-07-02,263,133506,140,66457,83,60740,40,6309,106,8413,156,65389,146,73802,California
Humboldt,2021-07-03,91,133597,62,66519,19,60759,10,6319,40,8413,50,65439,50,73852,California
Humboldt,2021-07-04,9,133606,4,66523,5,60764,0,6319,5,8414,4,65443,5,73857,California
Humboldt,2021-07-05,145,133751,98,66621,35,60799,12,6331,64,8410,80,65523,76,73933,California
Humboldt,2021-07-06,244,133995,160,66781,69,60868,15,6346,67,8315,176,65699,81,74014,California
Humboldt,2021-07-07,240,134235,158,66939,59,60927,23,6369,80,8260,158,65857,103,74117,California
Humboldt,2021-07-08,80,134315,47,66986,16,60943,17,6386,31,8260,48,65905,48,74165,California
Imperial,2020-12-16,1,1,1,1,0,0,0,0,1,1,0,0,1,1,California
Imperial,2020-12-17,4,5,4,5,0,0,0,0,4,5,0,0,4,5,California
Imperial,2020-12-18,13,18,13,18,0,0,0,0,13,18,0,0,13,18,California
Imperial,2020-12-20,3,21,3,21,0,0,0,0,3,21,0,0,3,21,California
Imperial,2020-12-21,184,205,184,205,0,0,0,0,184,205,0,0,184,205,California
Imperial,2020-12-22,240,445,238,443,2,2,0,0,240,445,0,0,240,445,California
Imperial,2020-12-23,212,657,211,654,1,3,0,0,212,657,0,0,212,657,California
Imperial,2020-12-24,7,664,7,661,0,3,0,0,7,664,0,0,7,664,California
Imperial,2020-12-26,3,667,1,662,2,5,0,0,3,667,0,0,3,667,California
Imperial,2020-12-27,62,729,0,662,62,67,0,0,62,729,0,0,62,729,California
Imperial,2020-12-28,217,946,115,777,102,169,0,0,217,946,0,0,217,946,California
Imperial,2020-12-29,191,1137,37,814,154,323,0,0,191,1137,0,0,191,1137,California
Imperial,2020-12-30,367,1504,51,865,316,639,0,0,367,1504,0,0,367,1504,California
Imperial,2020-12-31,199,1703,28,893,171,810,0,0,199,1703,0,0,199,1703,California
Imperial,2021-01-01,47,1750,5,898,42,852,0,0,47,1750,0,0,47,1750,California
Imperial,2021-01-02,5,1755,0,898,5,857,0,0,5,1755,0,0,5,1755,California
Imperial,2021-01-03,90,1845,0,898,90,947,0,0,90,1845,0,0,90,1845,California
Imperial,2021-01-04,87,1932,7,905,80,1027,0,0,87,1932,0,0,87,1932,California
Imperial,2021-01-05,174,2106,14,919,160,1187,0,0,174,2106,0,0,174,2106,California
Imperial,2021-01-06,192,2298,26,945,166,1353,0,0,191,2296,1,1,191,2297,California
Imperial,2021-01-07,330,2628,12,957,318,1671,0,0,325,2616,5,6,325,2622,California
Imperial,2021-01-08,195,2823,51,1008,144,1815,0,0,186,2793,9,15,186,2808,California
Imperial,2021-01-09,24,2847,21,1029,3,1818,0,0,24,2817,0,15,24,2832,California
Imperial,2021-01-10,4,2851,1,1030,3,1821,0,0,3,2819,1,16,3,2835,California
Imperial,2021-01-11,403,3254,243,1273,160,1981,0,0,176,2768,227,243,176,3011,California
Imperial,2021-01-12,576,3830,468,1741,108,2089,0,0,314,2821,261,504,314,3325,California
Imperial,2021-01-13,386,4216,135,1876,251,2340,0,0,284,3003,102,606,284,3609,California
Imperial,2021-01-14,307,4523,190,2066,117,2457,0,0,301,3299,5,611,301,3910,California
Imperial,2021-01-15,247,4770,182,2248,65,2522,0,0,239,3530,8,619,239,4149,California
Imperial,2021-01-16,94,4864,74,2322,20,2542,0,0,93,3622,1,620,93,4242,California
Imperial,2021-01-17,18,4882,5,2327,13,2555,0,0,17,3638,1,621,17,4259,California
Imperial,2021-01-18,1073,5955,401,2728,672,3227,0,0,975,4516,98,719,976,5235,California
Imperial,2021-01-19,173,6128,130,2858,43,3270,0,0,126,4595,47,766,126,5361,California
Imperial,2021-01-20,302,6430,199,3057,103,3373,0,0,263,4819,39,805,263,5624,California
Imperial,2021-01-21,437,6867,185,3242,252,3625,0,0,415,5212,22,827,415,6039,California
Imperial,2021-01-22,476,7343,188,3430,288,3913,0,0,467,5670,9,836,467,6506,California
Imperial,2021-01-23,1063,8406,291,3721,772,4685,0,0,1061,6729,2,838,1061,7567,California
Imperial,2021-01-24,24,8430,2,3723,22,4707,0,0,24,6753,0,838,24,7591,California
Imperial,2021-01-25,224,8654,10,3733,214,4921,0,0,41,6613,181,1019,41,7632,California
Imperial,2021-01-26,375,9029,181,3914,194,5115,0,0,231,6702,143,1162,232,7864,California
Imperial,2021-01-27,586,9615,163,4077,423,5538,0,0,253,6622,333,1495,253,8117,California
Imperial,2021-01-28,654,10269,165,4242,489,6027,0,0,544,7056,110,1605,544,8661,California
Imperial,2021-01-29,446,10715,298,4540,148,6175,0,0,396,7402,50,1655,396,9057,California
Imperial,2021-01-30,81,10796,39,4579,42,6217,0,0,64,7449,17,1672,64,9121,California
Imperial,2021-01-31,27,10823,4,4583,23,6240,0,0,26,7474,1,1673,26,9147,California
Imperial,2021-02-01,467,11290,69,4652,398,6638,0,0,254,7517,211,1884,254,9401,California
Imperial,2021-02-02,764,12054,83,4735,681,7319,0,0,580,7913,184,2068,580,9981,California
Imperial,2021-02-03,623,12677,180,4915,443,7762,0,0,361,8014,260,2328,361,10342,California
Imperial,2021-02-04,1936,14613,1379,6294,557,8319,0,0,1495,9070,440,2768,1496,11838,California
Imperial,2021-02-05,456,15069,255,6549,201,8520,0,0,219,9053,238,3006,221,12059,California
Imperial,2021-02-06,888,15957,848,7397,40,8560,0,0,852,9867,38,3044,852,12911,California
Imperial,2021-02-07,48,16005,16,7413,32,8592,0,0,44,9907,4,3048,44,12955,California
Imperial,2021-02-08,275,16280,45,7458,230,8822,0,0,206,10044,69,3117,206,13161,California
Imperial,2021-02-09,491,16771,154,7612,337,9159,0,0,323,10202,168,3285,326,13487,California
Imperial,2021-02-10,480,17251,60,7672,420,9579,0,0,111,9947,369,3654,114,13601,California
Imperial,2021-02-11,1083,18334,387,8059,696,10275,0,0,180,9232,898,4552,183,13784,California
Imperial,2021-02-12,2182,20516,1438,9497,744,11019,0,0,1826,10705,359,4911,1832,15616,California
Imperial,2021-02-13,110,20626,57,9554,53,11072,0,0,92,10778,21,4932,94,15710,California
Imperial,2021-02-14,50,20676,34,9588,16,11088,0,0,47,10822,3,4935,47,15757,California
Imperial,2021-02-15,146,20822,37,9625,109,11197,0,0,127,10933,19,4954,130,15887,California
Imperial,2021-02-16,524,21346,265,9890,259,11456,0,0,306,11025,218,5172,310,16197,California
Imperial,2021-02-17,462,21808,305,10195,157,11613,0,0,104,10776,358,5530,109,16306,California
Imperial,2021-02-18,681,22489,327,10522,354,11967,0,0,160,10426,520,6050,170,16476,California
Imperial,2021-02-19,793,23282,400,10922,393,12360,0,0,207,10050,585,6635,209,16685,California
Imperial,2021-02-20,1061,24343,208,11130,853,13213,0,0,337,9675,722,7357,347,17032,California
Imperial,2021-02-21,618,24961,584,11714,34,13247,0,0,610,10281,7,7364,613,17645,California
Imperial,2021-02-22,856,25817,605,12319,251,13498,0,0,790,11011,65,7429,795,18440,California
Imperial,2021-02-23,1146,26963,538,12857,608,14106,0,0,974,11827,171,7600,987,19427,California
Imperial,2021-02-24,844,27807,402,13259,442,14548,0,0,716,12431,126,7726,730,20157,California
Imperial,2021-02-25,962,28769,425,13684,537,15085,0,0,544,12581,417,8143,567,20724,California
Imperial,2021-02-26,2377,31146,1416,15100,961,16046,0,0,1858,13943,518,8661,1880,22604,California
Imperial,2021-02-27,1010,32156,923,16023,87,16133,0,0,252,13456,759,9420,272,22876,California
Imperial,2021-02-28,109,32265,90,16113,19,16152,0,0,88,13534,21,9441,99,22975,California
Imperial,2021-03-01,589,32854,359,16472,226,16378,4,4,501,13966,84,9525,516,23491,California
Imperial,2021-03-02,781,33635,301,16773,479,16857,1,5,438,14077,341,9866,452,23943,California
Imperial,2021-03-03,1001,34636,95,16868,906,17763,0,5,606,14320,391,10257,634,24577,California
Imperial,2021-03-04,835,35471,150,17018,684,18447,1,6,544,14625,289,10546,594,25171,California
Imperial,2021-03-05,3169,38640,2267,19285,902,19349,0,6,1784,15052,1389,11935,1816,26987,California
Imperial,2021-03-06,818,39458,330,19615,488,19837,0,6,722,15707,93,12028,748,27735,California
Imperial,2021-03-07,162,39620,104,19719,57,19894,1,7,108,15788,53,12081,134,27869,California
Imperial,2021-03-08,499,40119,387,20106,76,19970,36,43,406,16171,93,12174,476,28345,California
Imperial,2021-03-09,746,40865,353,20459,144,20114,249,292,447,16570,299,12473,698,29043,California
Imperial,2021-03-10,837,41702,367,20826,285,20399,185,477,369,16670,467,12940,567,29610,California
Imperial,2021-03-11,1943,43645,527,21353,1146,21545,270,747,1236,17497,703,13643,1530,31140,California
Imperial,2021-03-12,4969,48614,3489,24842,1215,22760,265,1012,3151,19123,1811,15454,3437,34577,California
Imperial,2021-03-13,1235,49849,117,24959,884,23644,234,1246,893,19936,339,15793,1152,35729,California
Imperial,2021-03-14,216,50065,60,25019,142,23786,14,1260,156,20063,59,15852,186,35915,California
Imperial,2021-03-15,781,50846,267,25286,219,24005,295,1555,416,20431,362,16214,730,36645,California
Imperial,2021-03-16,1262,52108,372,25658,380,24385,510,2065,604,20921,654,16868,1144,37789,California
Imperial,2021-03-17,1721,53829,742,26400,794,25179,185,2250,1054,21509,660,17528,1248,39037,California
Imperial,2021-03-18,1902,55731,1251,27651,566,25745,85,2335,1305,22312,592,18120,1395,40432,California
Imperial,2021-03-19,3924,59655,2864,30515,1036,26781,24,2359,1945,22312,1972,20092,1972,42404,California
Imperial,2021-03-20,1831,61486,584,31099,1229,28010,18,2377,1349,23211,474,20566,1373,43777,California
Imperial,2021-03-21,292,61778,104,31203,183,28193,5,2382,165,23262,127,20693,178,43955,California
Imperial,2021-03-22,1110,62888,400,31603,703,28896,7,2389,641,23454,467,21160,659,44614,California
Imperial,2021-03-23,1545,64433,556,32159,983,29879,6,2395,962,23848,579,21739,973,45587,California
Imperial,2021-03-24,2212,66645,636,32795,1150,31029,426,2821,1189,24448,1018,22757,1618,47205,California
Imperial,2021-03-25,3307,69952,799,33594,888,31917,1620,4441,1246,25251,2055,24812,2858,50063,California
Imperial,2021-03-26,3289,73241,1251,34845,1038,32955,1000,5441,945,24870,2331,27143,1950,52013,California
Imperial,2021-03-27,686,73927,328,35173,291,33246,67,5508,452,25161,230,27373,521,52534,California
Imperial,2021-03-28,246,74173,79,35252,160,33406,7,5515,181,25287,63,27436,189,52723,California
Imperial,2021-03-29,1600,75773,392,35644,409,33815,799,6314,331,25155,1264,28700,1132,53855,California
Imperial,2021-03-30,2206,77979,725,36369,598,34413,883,7197,687,25206,1516,30216,1567,55422,California
Imperial,2021-03-31,1636,79615,768,37137,812,35225,56,7253,1022,25672,611,30827,1077,56499,California
Imperial,2021-04-01,2191,81806,466,37603,1400,36625,325,7578,889,25593,1293,32120,1214,57713,California
Imperial,2021-04-02,2251,84057,515,38118,1601,38226,135,7713,1442,26370,800,32920,1577,59290,California
Imperial,2021-04-03,1564,85621,460,38578,1016,39242,88,7801,713,26325,848,33768,803,60093,California
Imperial,2021-04-04,111,85732,67,38645,27,39269,17,7818,33,26298,78,33846,51,60144,California
Imperial,2021-04-05,3496,89228,2348,40993,925,40194,223,8041,813,24668,2672,36518,1042,61186,California
Imperial,2021-04-06,1434,90662,572,41565,601,40795,261,8302,696,24895,733,37251,960,62146,California
Imperial,2021-04-07,2282,92944,613,42178,1234,42029,435,8737,1576,26192,709,37960,2006,64152,California
Imperial,2021-04-08,2319,95263,1122,43300,843,42872,354,9091,1084,26398,1230,39190,1436,65588,California
Imperial,2021-04-09,3569,98832,1712,45012,1062,43934,795,9886,1577,26783,1982,41172,2367,67955,California
Imperial,2021-04-10,1398,100230,227,45239,849,44783,322,10208,245,26198,1149,42321,564,68519,California
Imperial,2021-04-11,254,100484,63,45302,158,44941,33,10241,84,26148,169,42490,119,68638,California
Imperial,2021-04-12,1487,101971,807,46109,459,45400,221,10462,831,26553,648,43138,1053,69691,California
Imperial,2021-04-13,2964,104935,1920,48029,1042,46442,2,10464,2033,27666,925,44063,2038,71729,California
Imperial,2021-04-14,2077,107012,983,49012,1094,47536,0,10464,1396,28392,675,44738,1401,73130,California
Imperial,2021-04-15,2044,109056,958,49970,1086,48622,0,10464,1370,29099,669,45407,1376,74506,California
Imperial,2021-04-16,3561,112617,1823,51793,1738,50360,0,10464,2225,30005,1322,46729,2228,76734,California
Imperial,2021-04-17,1889,114506,957,52750,930,51290,2,10466,1459,31042,425,47154,1462,78196,California
Imperial,2021-04-18,273,114779,85,52835,188,51478,0,10466,91,30956,180,47334,94,78290,California
Imperial,2021-04-19,852,115631,270,53105,582,52060,0,10466,421,30954,428,47762,426,78716,California
Imperial,2021-04-20,1392,117023,553,53658,839,52899,0,10466,777,31122,612,48374,780,79496,California
Imperial,2021-04-21,1478,118501,381,54039,1096,53995,1,10467,844,31339,627,49001,844,80340,California
Imperial,2021-04-22,2506,121007,831,54870,1675,55670,0,10467,1745,32341,745,49746,1747,82087,California
Imperial,2021-04-23,2871,123878,552,55422,2319,57989,0,10467,1111,31728,1728,51474,1115,83202,California
Imperial,2021-04-24,591,124469,325,55747,266,58255,0,10467,234,31607,355,51829,234,83436,California
Imperial,2021-04-25,274,124743,104,55851,170,58425,0,10467,132,31600,139,51968,132,83568,California
Imperial,2021-04-26,1242,125985,484,56335,753,59178,5,10472,712,31794,523,52491,717,84285,California
Imperial,2021-04-27,1164,127149,371,56706,782,59960,11,10483,590,31828,568,53059,602,84887,California
Imperial,2021-04-28,1537,128686,649,57355,855,60815,33,10516,707,31745,823,53882,740,85627,California
Imperial,2021-04-29,1887,130573,865,58220,974,61789,48,10564,848,31616,1027,54909,898,86525,California
Imperial,2021-04-30,3333,133906,1689,59909,1606,63395,38,10602,1613,31558,1709,56618,1651,88176,California
Imperial,2021-05-01,369,134275,129,60038,237,63632,3,10605,195,31586,172,56790,200,88376,California
Imperial,2021-05-02,92,134367,29,60067,56,63688,7,10612,41,31584,51,56841,49,88425,California
Imperial,2021-05-03,1645,136012,546,60613,1051,64739,48,10660,368,30735,1264,58105,415,88840,California
Imperial,2021-05-04,1820,137832,971,61584,822,65561,27,10687,591,30134,1219,59324,618,89458,California
Imperial,2021-05-05,1555,139387,911,62495,624,66185,20,10707,475,29562,1068,60392,496,89954,California
Imperial,2021-05-06,1750,141137,1142,63637,566,66751,42,10749,564,28990,1180,61572,608,90562,California
Imperial,2021-05-07,2647,143784,1455,65092,1135,67886,57,10806,899,28220,1729,63301,959,91521,California
Imperial,2021-05-08,818,144602,649,65741,160,68046,9,10815,212,27842,599,63900,221,91742,California
Imperial,2021-05-09,102,144704,70,65811,31,68077,1,10816,29,27802,70,63970,30,91772,California
Imperial,2021-05-10,1182,145886,303,66114,755,68832,124,10940,361,27472,813,64783,483,92255,California
Imperial,2021-05-11,1522,147408,476,66590,1025,69857,21,10961,535,27054,979,65762,561,92816,California
Imperial,2021-05-12,904,148312,282,66872,582,70439,40,11001,342,26879,556,66318,381,93197,California
Imperial,2021-05-13,1950,150262,1272,68144,606,71045,72,11073,880,26771,1058,67376,950,94147,California
Imperial,2021-05-14,1826,152088,975,69119,789,71834,62,11135,1187,27393,627,68003,1249,95396,California
Imperial,2021-05-15,1282,153370,481,69600,779,72613,22,11157,486,27111,791,68794,509,95905,California
Imperial,2021-05-16,127,153497,87,69687,36,72649,4,11161,54,27097,72,68866,58,95963,California
Imperial,2021-05-17,1981,155478,725,70412,1205,73854,51,11212,692,26557,1283,70149,743,96706,California
Imperial,2021-05-18,1785,157263,896,71308,813,74667,76,11288,970,26797,807,70956,1047,97753,California
Imperial,2021-05-19,1366,158629,623,71931,674,75341,69,11357,635,26778,722,71678,703,98456,California
Imperial,2021-05-20,1820,160449,1041,72972,702,76043,77,11434,768,26587,1037,72715,846,99302,California
Imperial,2021-05-21,1986,162435,1243,74215,679,76722,64,11498,998,26674,975,73690,1062,100364,California
Imperial,2021-05-22,359,162794,194,74409,141,76863,24,11522,172,26690,180,73870,196,100560,California
Imperial,2021-05-23,95,162889,35,74444,51,76914,9,11531,33,26672,60,73930,42,100602,California
Imperial,2021-05-24,1284,164173,629,75073,595,77509,60,11591,529,26512,748,74678,588,101190,California
Imperial,2021-05-25,1558,165731,489,75562,1021,78530,48,11639,565,26144,982,75660,614,101804,California
Imperial,2021-05-26,1133,166864,580,76142,495,79025,58,11697,504,26081,624,76284,561,102365,California
Imperial,2021-05-27,1409,168273,754,76896,582,79607,73,11770,695,26140,709,76993,768,103133,California
Imperial,2021-05-28,1125,169398,613,77509,420,80027,92,11862,417,25954,696,77689,510,103643,California
Imperial,2021-05-29,348,169746,152,77661,155,80182,41,11903,161,25969,187,77876,202,103845,California
Imperial,2021-05-30,99,169845,30,77691,67,80249,2,11905,68,26008,31,77907,70,103915,California
Imperial,2021-05-31,80,169925,20,77711,53,80302,7,11912,36,26007,44,77951,43,103958,California
Imperial,2021-06-01,1316,171241,575,78286,622,80924,119,12031,498,25816,809,78760,618,104576,California
Imperial,2021-06-02,1203,172444,624,78910,457,81381,122,12153,602,25946,592,79352,722,105298,California
Imperial,2021-06-03,1369,173813,760,79670,471,81852,138,12291,627,25976,735,80087,765,106063,California
Imperial,2021-06-04,2499,176312,1734,81404,606,82458,159,12450,1032,25714,1452,81539,1190,107253,California
Imperial,2021-06-05,460,176772,258,81662,144,82602,58,12508,214,25745,241,81780,272,107525,California
Imperial,2021-06-06,82,176854,48,81710,22,82624,12,12520,45,25765,37,81817,57,107582,California
Imperial,2021-06-07,1014,177868,664,82374,284,82908,66,12586,484,25788,527,82344,550,108132,California
Imperial,2021-06-08,1459,179327,1049,83423,324,83232,86,12672,581,25581,872,83216,665,108797,California
Imperial,2021-06-09,1132,180459,783,84206,273,83505,76,12748,512,25555,613,83829,587,109384,California
Imperial,2021-06-10,1222,181681,794,85000,354,83859,74,12822,456,25323,761,84590,529,109913,California
Imperial,2021-06-11,1718,183399,1207,86207,443,84302,68,12890,737,25161,967,85557,805,110718,California
Imperial,2021-06-12,309,183708,141,86348,137,84439,31,12921,138,25161,169,85726,169,110887,California
Imperial,2021-06-13,85,183793,23,86371,60,84499,2,12923,54,25188,30,85756,57,110944,California
Imperial,2021-06-14,883,184676,627,86998,212,84711,44,12967,380,25113,499,86255,424,111368,California
Imperial,2021-06-15,1092,185768,760,87758,284,84995,48,13015,491,25059,594,86849,540,111908,California
Imperial,2021-06-16,1028,186796,657,88415,301,85296,70,13085,486,25078,538,87387,557,112465,California
Imperial,2021-06-17,1119,187915,792,89207,267,85563,60,13145,485,24992,629,88016,543,113008,California
Imperial,2021-06-18,1180,189095,825,90032,285,85848,70,13215,715,25323,453,88469,784,113792,California
Imperial,2021-06-19,345,189440,213,90245,117,85965,15,13230,172,25338,172,88641,187,113979,California
Imperial,2021-06-20,63,189503,30,90275,29,85994,4,13234,24,25327,39,88680,28,114007,California
Imperial,2021-06-21,684,190187,419,90694,227,86221,38,13272,421,25532,256,88936,461,114468,California
Imperial,2021-06-22,1170,191357,808,91502,312,86533,50,13322,634,25689,528,89464,685,115153,California
Imperial,2021-06-23,1141,192498,780,92282,300,86833,61,13383,617,25852,514,89978,677,115830,California
Imperial,2021-06-24,1051,193549,712,92994,291,87124,48,13431,536,25926,510,90488,584,116414,California
Imperial,2021-06-25,1418,194967,1047,94041,290,87414,81,13512,602,25805,803,91291,682,117096,California
Imperial,2021-06-26,249,195216,153,94194,87,87501,9,13521,82,25731,165,91456,91,117187,California
Imperial,2021-06-27,123,195339,60,94254,58,87559,5,13526,51,25714,72,91528,55,117242,California
Imperial,2021-06-28,642,195981,463,94717,157,87716,22,13548,334,25766,303,91831,355,117597,California
Imperial,2021-06-29,841,196822,619,95336,175,87891,47,13595,387,25751,450,92281,435,118032,California
Imperial,2021-06-30,856,197678,550,95886,281,88172,25,13620,355,25637,496,92777,382,118414,California
Imperial,2021-07-01,783,198461,554,96440,213,88385,16,13636,376,25629,400,93177,392,118806,California
Imperial,2021-07-02,910,199371,617,97057,268,88653,25,13661,387,25523,517,93694,411,119217,California
Imperial,2021-07-03,214,199585,98,97155,110,88763,6,13667,89,25496,121,93815,94,119311,California
Imperial,2021-07-04,42,199627,14,97169,25,88788,3,13670,19,25495,23,93838,22,119333,California
Imperial,2021-07-05,203,199830,90,97259,106,88894,7,13677,80,25459,122,93960,86,119419,California
Imperial,2021-07-06,910,200740,631,97890,257,89151,22,13699,351,25281,552,94512,374,119793,California
Imperial,2021-07-07,707,201447,497,98387,188,89339,22,13721,289,25179,412,94924,310,120103,California
Imperial,2021-07-08,485,201932,390,98777,78,89417,17,13738,207,25128,275,95199,224,120327,California
Inyo,2020-12-19,85,85,85,85,0,0,0,0,85,85,0,0,85,85,California
Inyo,2020-12-20,58,143,58,143,0,0,0,0,58,143,0,0,58,143,California
Inyo,2020-12-21,88,231,85,228,3,3,0,0,88,231,0,0,88,231,California
Inyo,2020-12-22,105,336,105,333,0,3,0,0,105,336,0,0,105,336,California
Inyo,2020-12-23,70,406,67,400,3,6,0,0,70,406,0,0,70,406,California
Inyo,2020-12-24,15,421,15,415,0,6,0,0,15,421,0,0,15,421,California
Inyo,2020-12-25,1,422,0,415,1,7,0,0,1,422,0,0,1,422,California
Inyo,2020-12-26,74,496,74,489,0,7,0,0,74,496,0,0,74,496,California
Inyo,2020-12-28,47,543,35,524,12,19,0,0,47,543,0,0,47,543,California
Inyo,2020-12-29,19,562,19,543,0,19,0,0,19,562,0,0,19,562,California
Inyo,2020-12-30,56,618,54,597,2,21,0,0,56,618,0,0,56,618,California
Inyo,2020-12-31,29,647,0,597,29,50,0,0,29,647,0,0,29,647,California
Inyo,2021-01-01,1,648,0,597,1,51,0,0,1,648,0,0,1,648,California
Inyo,2021-01-03,1,649,0,597,1,52,0,0,1,649,0,0,1,649,California
Inyo,2021-01-04,4,653,1,598,3,55,0,0,4,653,0,0,4,653,California
Inyo,2021-01-05,34,687,0,598,34,89,0,0,34,687,0,0,34,687,California
Inyo,2021-01-06,68,755,0,598,68,157,0,0,68,755,0,0,68,755,California
Inyo,2021-01-07,31,786,1,599,30,187,0,0,31,786,0,0,31,786,California
Inyo,2021-01-08,9,795,8,607,1,188,0,0,4,786,5,5,5,791,California
Inyo,2021-01-09,87,882,86,693,1,189,0,0,1,701,86,91,1,792,California
Inyo,2021-01-10,52,934,52,745,0,189,0,0,0,649,52,143,0,792,California
Inyo,2021-01-11,97,1031,82,827,15,204,0,0,16,584,81,224,16,808,California
Inyo,2021-01-12,138,1169,117,944,21,225,0,0,28,502,110,334,28,836,California
Inyo,2021-01-13,86,1255,68,1012,18,243,0,0,21,459,65,399,22,858,California
Inyo,2021-01-14,59,1314,13,1025,46,289,0,0,49,498,10,409,49,907,California
Inyo,2021-01-15,163,1477,28,1053,135,424,0,0,163,661,0,409,163,1070,California
Inyo,2021-01-16,74,1551,73,1126,1,425,0,0,1,589,73,482,1,1071,California
Inyo,2021-01-18,57,1608,35,1161,22,447,0,0,19,570,38,520,19,1090,California
Inyo,2021-01-19,116,1724,74,1235,42,489,0,0,99,652,17,537,99,1189,California
Inyo,2021-01-20,148,1872,71,1306,77,566,0,0,93,690,55,592,93,1282,California
Inyo,2021-01-21,120,1992,57,1363,63,629,0,0,119,808,1,593,119,1401,California
Inyo,2021-01-22,63,2055,0,1363,63,692,0,0,61,867,2,595,61,1462,California
Inyo,2021-01-23,54,2109,52,1415,2,694,0,0,53,920,0,595,53,1515,California
Inyo,2021-01-25,49,2158,6,1421,43,737,0,0,37,945,12,607,37,1552,California
Inyo,2021-01-26,136,2294,55,1476,81,818,0,0,130,1069,6,613,130,1682,California
Inyo,2021-01-27,24,2318,2,1478,22,840,0,0,23,1091,1,614,23,1705,California
Inyo,2021-01-28,92,2410,2,1480,90,930,0,0,63,1125,29,643,63,1768,California
Inyo,2021-01-29,25,2435,3,1483,22,952,0,0,23,1146,2,645,23,1791,California
Inyo,2021-01-30,11,2446,1,1484,10,962,0,0,11,1157,0,645,11,1802,California
Inyo,2021-01-31,32,2478,4,1488,28,990,0,0,4,1133,28,673,4,1806,California
Inyo,2021-02-01,11,2489,10,1498,1,991,0,0,1,1124,10,683,1,1807,California
Inyo,2021-02-02,130,2619,14,1512,116,1107,0,0,104,1202,26,709,104,1911,California
Inyo,2021-02-03,118,2737,0,1512,118,1225,0,0,74,1232,44,753,74,1985,California
Inyo,2021-02-04,152,2889,34,1546,118,1343,0,0,91,1263,61,814,92,2077,California
Inyo,2021-02-05,118,3007,62,1608,56,1399,0,0,116,1377,2,816,116,2193,California
Inyo,2021-02-06,5,3012,3,1611,2,1401,0,0,3,1379,1,817,3,2196,California
Inyo,2021-02-07,4,3016,2,1613,2,1403,0,0,4,1383,0,817,4,2200,California
Inyo,2021-02-08,117,3133,7,1620,110,1513,0,0,97,1460,20,837,97,2297,California
Inyo,2021-02-09,202,3335,52,1672,150,1663,0,0,129,1516,73,910,129,2426,California
Inyo,2021-02-10,140,3475,16,1688,124,1787,0,0,107,1590,33,943,107,2533,California
Inyo,2021-02-11,222,3697,57,1745,165,1952,0,0,126,1620,96,1039,126,2659,California
Inyo,2021-02-12,302,3999,51,1796,251,2203,0,0,167,1653,134,1173,167,2826,California
Inyo,2021-02-13,59,4058,54,1850,5,2208,0,0,7,1608,52,1225,7,2833,California
Inyo,2021-02-14,2,4060,0,1850,2,2210,0,0,2,1610,0,1225,2,2835,California
Inyo,2021-02-15,29,4089,9,1859,20,2230,0,0,5,1591,24,1249,5,2840,California
Inyo,2021-02-16,183,4272,54,1913,129,2359,0,0,91,1593,89,1338,91,2931,California
Inyo,2021-02-17,38,4310,4,1917,34,2393,0,0,8,1571,30,1368,8,2939,California
Inyo,2021-02-18,122,4432,6,1923,116,2509,0,0,79,1607,43,1411,79,3018,California
Inyo,2021-02-19,53,4485,4,1927,49,2558,0,0,10,1574,43,1454,10,3028,California
Inyo,2021-02-20,513,4998,507,2434,6,2564,0,0,509,2080,3,1457,509,3537,California
Inyo,2021-02-21,446,5444,446,2880,0,2564,0,0,445,2525,0,1457,445,3982,California
Inyo,2021-02-22,62,5506,19,2899,43,2607,0,0,27,2517,35,1492,27,4009,California
Inyo,2021-02-23,203,5709,19,2918,184,2791,0,0,94,2504,107,1599,94,4103,California
Inyo,2021-02-24,119,5828,0,2918,119,2910,0,0,57,2499,62,1661,57,4160,California
Inyo,2021-02-25,133,5961,5,2923,128,3038,0,0,63,2492,70,1731,63,4223,California
Inyo,2021-02-26,106,6067,62,2985,44,3082,0,0,21,2428,85,1816,21,4244,California
Inyo,2021-02-27,14,6081,3,2988,11,3093,0,0,2,2418,12,1828,2,4246,California
Inyo,2021-02-28,3,6084,1,2989,2,3095,0,0,2,2419,1,1829,2,4248,California
Inyo,2021-03-01,19,6103,2,2991,17,3112,0,0,17,2434,2,1831,17,4265,California
Inyo,2021-03-02,197,6300,1,2992,196,3308,0,0,112,2461,85,1916,112,4377,California
Inyo,2021-03-03,87,6387,4,2996,83,3391,0,0,42,2459,44,1960,42,4419,California
Inyo,2021-03-04,127,6514,3,2999,124,3515,0,0,45,2423,81,2041,45,4464,California
Inyo,2021-03-05,145,6659,56,3055,89,3604,0,0,42,2362,103,2144,42,4506,California
Inyo,2021-03-06,30,6689,1,3056,29,3633,0,0,29,2390,1,2145,29,4535,California
Inyo,2021-03-07,7,6696,4,3060,3,3636,0,0,5,2393,2,2147,5,4540,California
Inyo,2021-03-08,184,6880,5,3065,179,3815,0,0,91,2391,93,2240,91,4631,California
Inyo,2021-03-09,191,7071,3,3068,188,4003,0,0,74,2348,117,2357,74,4705,California
Inyo,2021-03-10,71,7142,8,3076,62,4065,1,1,30,2338,41,2398,31,4736,California
Inyo,2021-03-11,206,7348,1,3077,200,4265,5,6,75,2287,131,2529,80,4816,California
Inyo,2021-03-12,179,7527,5,3082,168,4433,6,12,78,2271,100,2629,84,4900,California
Inyo,2021-03-13,584,8111,549,3631,25,4458,10,22,70,1839,512,3141,80,4980,California
Inyo,2021-03-14,441,8552,440,4071,1,4459,0,22,2,1403,438,3579,2,4982,California
Inyo,2021-03-15,51,8603,15,4086,34,4493,2,24,30,1414,21,3600,32,5014,California
Inyo,2021-03-16,164,8767,4,4090,154,4647,6,30,63,1385,99,3699,70,5084,California
Inyo,2021-03-17,108,8875,3,4093,98,4745,7,37,92,1468,16,3715,99,5183,California
Inyo,2021-03-18,185,9060,16,4109,162,4907,7,44,104,1498,81,3796,111,5294,California
Inyo,2021-03-19,48,9108,6,4115,38,4945,4,48,36,1527,11,3807,40,5334,California
Inyo,2021-03-20,20,9128,1,4116,10,4955,9,57,1,1518,19,3826,10,5344,California
Inyo,2021-03-22,59,9187,3,4119,51,5006,5,62,39,1542,20,3846,44,5388,California
Inyo,2021-03-23,195,9382,4,4123,187,5193,4,66,105,1561,90,3936,109,5497,California
Inyo,2021-03-24,141,9523,3,4126,133,5326,5,71,86,1597,55,3991,91,5588,California
Inyo,2021-03-25,330,9853,110,4236,217,5543,3,74,263,1796,67,4058,266,5854,California
Inyo,2021-03-26,92,9945,3,4239,85,5628,4,78,71,1850,21,4079,75,5929,California
Inyo,2021-03-27,53,9998,45,4284,5,5633,3,81,47,1894,6,4085,50,5979,California
Inyo,2021-03-28,4,10002,1,4285,2,5635,1,82,1,1893,3,4088,2,5981,California
Inyo,2021-03-29,109,10111,2,4287,102,5737,5,87,82,1954,26,4114,87,6068,California
Inyo,2021-03-30,221,10332,2,4289,214,5951,5,92,109,1956,112,4226,114,6182,California
Inyo,2021-03-31,150,10482,4,4293,141,6092,5,97,107,2026,43,4269,113,6295,California
Inyo,2021-04-01,166,10648,3,4296,162,6254,1,98,117,2095,49,4318,118,6413,California
Inyo,2021-04-02,80,10728,1,4297,77,6331,2,100,49,2115,31,4349,51,6464,California
Inyo,2021-04-03,93,10821,47,4344,32,6363,14,114,5,2047,86,4435,18,6482,California
Inyo,2021-04-04,5,10826,4,4348,0,6363,1,115,1,2045,4,4439,2,6484,California
Inyo,2021-04-05,117,10943,1,4349,112,6475,4,119,29,1990,88,4527,33,6517,California
Inyo,2021-04-06,237,11180,5,4354,169,6644,63,182,105,2026,132,4659,168,6685,California
Inyo,2021-04-07,204,11384,1,4355,76,6720,127,309,47,2042,158,4817,174,6859,California
Inyo,2021-04-08,182,11566,15,4370,150,6870,17,326,82,2041,100,4917,99,6958,California
Inyo,2021-04-09,126,11692,7,4377,96,6966,23,349,37,2013,88,5005,60,7018,California
Inyo,2021-04-10,42,11734,1,4378,24,6990,17,366,3,1994,39,5044,20,7038,California
Inyo,2021-04-11,1,11735,0,4378,1,6991,0,366,1,1995,0,5044,1,7039,California
Inyo,2021-04-12,79,11814,0,4378,74,7065,5,371,41,2003,38,5082,46,7085,California
Inyo,2021-04-13,124,11938,5,4383,116,7181,3,374,64,2012,58,5140,67,7152,California
Inyo,2021-04-14,130,12068,2,4385,128,7309,0,374,45,1972,85,5225,45,7197,California
Inyo,2021-04-15,274,12342,116,4501,158,7467,0,374,78,1854,196,5421,78,7275,California
Inyo,2021-04-16,48,12390,6,4507,42,7509,0,374,19,1845,28,5449,19,7294,California
Inyo,2021-04-17,2,12392,1,4508,1,7510,0,374,1,1845,1,5450,1,7295,California
Inyo,2021-04-19,133,12525,44,4552,89,7599,0,374,46,1805,86,5536,46,7341,California
Inyo,2021-04-20,164,12689,2,4554,162,7761,0,374,80,1801,84,5620,80,7421,California
Inyo,2021-04-21,113,12802,5,4559,108,7869,0,374,32,1752,81,5701,32,7453,California
Inyo,2021-04-22,195,12997,1,4560,194,8063,0,374,51,1659,144,5845,51,7504,California
Inyo,2021-04-23,95,13092,4,4564,91,8154,0,374,22,1608,73,5918,22,7526,California
Inyo,2021-04-24,310,13402,309,4873,1,8155,0,374,305,1908,5,5923,305,7831,California
Inyo,2021-04-25,135,13537,134,5007,1,8156,0,374,135,2043,0,5923,135,7966,California
Inyo,2021-04-26,92,13629,1,5008,90,8246,1,375,11,1974,81,6004,12,7978,California
Inyo,2021-04-27,184,13813,7,5015,172,8418,5,380,48,1891,136,6140,53,8031,California
Inyo,2021-04-28,121,13934,2,5017,117,8535,2,382,20,1813,100,6240,22,8053,California
Inyo,2021-04-29,171,14105,55,5072,116,8651,0,382,77,1797,93,6333,77,8130,California
Inyo,2021-04-30,82,14187,5,5077,76,8727,1,383,23,1762,59,6392,24,8154,California
Inyo,2021-05-01,12,14199,3,5080,9,8736,0,383,10,1770,2,6394,10,8164,California
Inyo,2021-05-02,7,14206,3,5083,2,8738,2,385,4,1773,3,6397,6,8170,California
Inyo,2021-05-03,38,14244,1,5084,33,8771,4,389,5,1749,33,6430,9,8179,California
Inyo,2021-05-04,123,14367,2,5086,117,8888,4,393,19,1668,104,6534,23,8202,California
Inyo,2021-05-05,37,14404,0,5086,35,8923,2,395,11,1655,26,6560,13,8215,California
Inyo,2021-05-06,94,14498,4,5090,82,9005,8,403,13,1595,81,6641,21,8236,California
Inyo,2021-05-07,50,14548,5,5095,37,9042,8,411,24,1603,24,6665,32,8268,California
Inyo,2021-05-08,11,14559,2,5097,4,9046,5,416,4,1605,7,6672,9,8277,California
Inyo,2021-05-09,1,14560,0,5097,1,9047,0,416,0,1604,1,6673,0,8277,California
Inyo,2021-05-10,70,14630,1,5098,67,9114,2,418,32,1600,39,6712,35,8312,California
Inyo,2021-05-11,88,14718,1,5099,84,9198,3,421,20,1555,68,6780,23,8335,California
Inyo,2021-05-12,42,14760,2,5101,38,9236,2,423,11,1537,31,6811,13,8348,California
Inyo,2021-05-13,75,14835,1,5102,73,9309,1,424,12,1487,63,6874,13,8361,California
Inyo,2021-05-14,28,14863,5,5107,18,9327,5,429,14,1492,14,6888,19,8380,California
Inyo,2021-05-15,379,15242,367,5474,10,9337,2,431,85,1285,294,7182,87,8467,California
Inyo,2021-05-16,200,15442,200,5674,0,9337,0,431,73,1231,127,7309,73,8540,California
Inyo,2021-05-17,63,15505,2,5676,57,9394,4,435,18,1208,45,7354,22,8562,California
Inyo,2021-05-18,84,15589,2,5678,81,9475,1,436,17,1159,67,7421,18,8580,California
Inyo,2021-05-19,46,15635,2,5680,39,9514,5,441,13,1144,33,7454,18,8598,California
Inyo,2021-05-20,147,15782,83,5763,63,9577,1,442,37,1071,111,7565,38,8636,California
Inyo,2021-05-21,49,15831,18,5781,26,9603,5,447,19,1065,30,7595,24,8660,California
Inyo,2021-05-22,25,15856,15,5796,7,9610,3,450,18,1079,7,7602,21,8681,California
Inyo,2021-05-23,2,15858,1,5797,0,9610,1,451,0,1078,2,7604,1,8682,California
Inyo,2021-05-24,33,15891,6,5803,24,9634,3,454,13,1074,20,7624,16,8698,California
Inyo,2021-05-25,82,15973,39,5842,41,9675,2,456,47,1088,35,7659,49,8747,California
Inyo,2021-05-26,44,16017,16,5858,26,9701,2,458,21,1089,22,7681,23,8770,California
Inyo,2021-05-27,39,16056,10,5868,21,9722,8,466,12,1083,26,7707,20,8790,California
Inyo,2021-05-28,26,16082,6,5874,15,9737,5,471,8,1078,18,7725,13,8803,California
Inyo,2021-05-29,16,16098,5,5879,11,9748,0,471,7,1076,9,7734,7,8810,California
Inyo,2021-05-30,2,16100,0,5879,2,9750,0,471,0,1074,2,7736,0,8810,California
Inyo,2021-06-01,54,16154,16,5895,32,9782,6,477,23,1072,31,7767,29,8839,California
Inyo,2021-06-02,11,16165,9,5904,1,9783,1,478,9,1080,2,7769,10,8849,California
Inyo,2021-06-03,25,16190,0,5904,18,9801,7,485,1,1064,24,7793,8,8857,California
Inyo,2021-06-04,32,16222,6,5910,22,9823,4,489,12,1060,20,7813,16,8873,California
Inyo,2021-06-05,17,16239,8,5918,8,9831,1,490,4,1052,13,7826,5,8878,California
Inyo,2021-06-07,51,16290,15,5933,33,9864,3,493,5,1014,46,7872,8,8886,California
Inyo,2021-06-08,51,16341,23,5956,25,9889,3,496,24,1014,27,7899,27,8913,California
Inyo,2021-06-09,111,16452,95,6051,14,9903,2,498,14,933,97,7996,16,8929,California
Inyo,2021-06-10,53,16505,39,6090,9,9912,5,503,15,915,38,8034,20,8949,California
Inyo,2021-06-11,43,16548,23,6113,18,9930,2,505,17,908,26,8060,19,8968,California
Inyo,2021-06-12,15,16563,8,6121,6,9936,1,506,5,904,10,8070,6,8974,California
Inyo,2021-06-13,1,16564,0,6121,1,9937,0,506,0,903,1,8071,0,8974,California
Inyo,2021-06-14,58,16622,27,6148,28,9965,3,509,8,864,50,8121,11,8985,California
Inyo,2021-06-15,52,16674,39,6187,9,9974,4,513,9,834,43,8164,13,8998,California
Inyo,2021-06-16,33,16707,20,6207,13,9987,0,513,7,815,26,8190,7,9005,California
Inyo,2021-06-17,23,16730,13,6220,6,9993,4,517,5,807,17,8207,9,9014,California
Inyo,2021-06-18,14,16744,5,6225,6,9999,3,520,2,800,12,8219,5,9019,California
Inyo,2021-06-19,21,16765,7,6232,13,10012,1,521,7,795,13,8232,8,9027,California
Inyo,2021-06-21,29,16794,8,6240,18,10030,3,524,13,795,16,8248,16,9043,California
Inyo,2021-06-22,51,16845,42,6282,7,10037,2,526,24,794,27,8275,26,9069,California
Inyo,2021-06-23,14,16859,6,6288,7,10044,1,527,1,783,13,8288,2,9071,California
Inyo,2021-06-24,6,16865,2,6290,3,10047,1,528,3,784,3,8291,4,9075,California
Inyo,2021-06-25,26,16891,10,6300,13,10060,3,531,12,785,14,8305,15,9090,California
Inyo,2021-06-26,12,16903,6,6306,4,10064,2,533,4,783,8,8313,6,9096,California
Inyo,2021-06-28,13,16916,11,6317,2,10066,0,533,8,786,5,8318,8,9104,California
Inyo,2021-06-29,34,16950,29,6346,5,10071,0,533,14,780,20,8338,14,9118,California
Inyo,2021-06-30,21,16971,17,6363,4,10075,0,533,7,773,14,8352,7,9125,California
Inyo,2021-07-01,13,16984,9,6372,4,10079,0,533,8,776,5,8357,8,9133,California
Inyo,2021-07-02,21,17005,9,6381,12,10091,0,533,13,781,8,8365,13,9146,California
Inyo,2021-07-03,6,17011,6,6387,0,10091,0,533,5,785,1,8366,5,9151,California
Inyo,2021-07-05,4,17015,2,6389,2,10093,0,533,0,781,4,8370,0,9151,California
Inyo,2021-07-06,24,17039,14,6403,10,10103,0,533,16,789,8,8378,16,9167,California
Inyo,2021-07-07,17,17056,8,6411,7,10110,2,535,3,780,14,8392,5,9172,California
Inyo,2021-07-08,7,17063,5,6416,2,10112,0,535,6,785,1,8393,6,9178,California
Kern,2020-12-15,1,1,1,1,0,0,0,0,1,1,0,0,1,1,California
Kern,2020-12-16,19,20,19,20,0,0,0,0,19,20,0,0,19,20,California
Kern,2020-12-17,164,184,164,184,0,0,0,0,164,184,0,0,164,184,California
Kern,2020-12-18,327,511,327,511,0,0,0,0,327,511,0,0,327,511,California
Kern,2020-12-19,99,610,99,610,0,0,0,0,100,611,0,0,100,611,California
Kern,2020-12-20,62,672,62,672,0,0,0,0,62,673,0,0,62,673,California
Kern,2020-12-21,672,1344,671,1343,1,1,0,0,672,1345,0,0,672,1345,California
Kern,2020-12-22,533,1877,530,1873,3,4,0,0,533,1878,0,0,533,1878,California
Kern,2020-12-23,558,2435,420,2293,138,142,0,0,558,2436,0,0,558,2436,California
Kern,2020-12-24,123,2558,44,2337,79,221,0,0,123,2559,0,0,123,2559,California
Kern,2020-12-25,1,2559,1,2338,0,221,0,0,1,2560,0,0,1,2560,California
Kern,2020-12-26,35,2594,2,2340,33,254,0,0,35,2595,0,0,35,2595,California
Kern,2020-12-27,35,2629,3,2343,32,286,0,0,35,2630,0,0,35,2630,California
Kern,2020-12-28,831,3460,666,3009,165,451,0,0,831,3461,0,0,831,3461,California
Kern,2020-12-29,745,4205,451,3460,294,745,0,0,744,4204,1,1,744,4205,California
Kern,2020-12-30,1207,5412,915,4375,292,1037,0,0,1207,5411,0,1,1207,5412,California
Kern,2020-12-31,276,5688,99,4474,177,1214,0,0,276,5687,0,1,276,5688,California
Kern,2021-01-01,19,5707,10,4484,9,1223,0,0,19,5706,0,1,19,5707,California
Kern,2021-01-02,79,5786,18,4502,61,1284,0,0,79,5785,0,1,79,5786,California
Kern,2021-01-03,23,5809,4,4506,19,1303,0,0,23,5808,0,1,23,5809,California
Kern,2021-01-04,554,6363,362,4868,192,1495,0,0,554,6362,0,1,554,6363,California
Kern,2021-01-05,1135,7498,740,5608,395,1890,0,0,1123,7473,12,13,1123,7486,California
Kern,2021-01-06,1167,8665,450,6058,717,2607,0,0,1136,8578,31,44,1136,8622,California
Kern,2021-01-07,1414,10079,491,6549,923,3530,0,0,1244,9653,169,213,1244,9866,California
Kern,2021-01-08,1633,11712,774,7323,859,4389,0,0,1331,10682,303,516,1332,11198,California
Kern,2021-01-09,229,11941,79,7402,150,4539,0,0,193,10839,36,552,193,11391,California
Kern,2021-01-10,195,12136,149,7551,46,4585,0,0,154,10952,41,593,154,11545,California
Kern,2021-01-11,1560,13696,986,8537,574,5159,0,0,1003,11398,557,1150,1003,12548,California
Kern,2021-01-12,1879,15575,818,9355,1061,6220,0,0,1361,12242,518,1668,1362,13910,California
Kern,2021-01-13,1862,17437,879,10234,983,7203,0,0,1438,13256,424,2092,1438,15348,California
Kern,2021-01-14,2204,19641,655,10889,1549,8752,0,0,2158,15368,46,2138,2158,17506,California
Kern,2021-01-15,2729,22370,863,11752,1866,10618,0,0,2633,17907,95,2233,2634,20140,California
Kern,2021-01-16,675,23045,214,11966,461,11079,0,0,640,18512,35,2268,640,20780,California
Kern,2021-01-17,75,23120,7,11973,68,11147,0,0,73,18583,2,2270,73,20853,California
Kern,2021-01-18,1647,24767,658,12631,989,12136,0,0,1481,19898,166,2436,1481,22334,California
Kern,2021-01-19,1870,26637,1034,13665,836,12972,0,0,1402,20833,468,2904,1403,23737,California
Kern,2021-01-20,2738,29375,1793,15458,945,13917,0,0,1955,22012,778,3682,1957,25694,California
Kern,2021-01-21,2140,31515,875,16333,1265,15182,0,0,1942,23757,197,3879,1942,27636,California
Kern,2021-01-22,2736,34251,1314,17647,1422,16604,0,0,2453,25928,282,4161,2453,30089,California
Kern,2021-01-23,1259,35510,544,18191,715,17319,0,0,1209,27087,50,4211,1209,31298,California
Kern,2021-01-24,155,35665,12,18203,143,17462,0,0,149,27230,6,4217,149,31447,California
Kern,2021-01-25,2381,38046,1084,19287,1297,18759,0,0,1895,28642,484,4701,1896,33343,California
Kern,2021-01-26,2789,40835,1132,20419,1657,20416,0,0,1927,29708,861,5562,1927,35270,California
Kern,2021-01-27,3561,44396,1894,22313,1667,22083,0,0,2861,31872,697,6259,2861,38131,California
Kern,2021-01-28,2899,47295,1362,23675,1537,23620,0,0,2465,33911,429,6688,2468,40599,California
Kern,2021-01-29,3796,51091,1802,25477,1994,25614,0,0,3245,36608,548,7236,3245,43844,California
Kern,2021-01-30,1333,52424,499,25976,834,26448,0,0,1281,37839,50,7286,1281,45125,California
Kern,2021-01-31,400,52824,273,26249,127,26575,0,0,265,37969,135,7421,265,45390,California
Kern,2021-02-01,2583,55407,972,27221,1611,28186,0,0,1868,39127,712,8133,1870,47260,California
Kern,2021-02-02,2767,58174,805,28026,1962,30148,0,0,2057,40475,710,8843,2058,49318,California
Kern,2021-02-03,3699,61873,1555,29581,2144,32292,0,0,2713,42209,979,9822,2713,52031,California
Kern,2021-02-04,3833,65706,1456,31037,2377,34669,0,0,2592,43571,1230,11052,2592,54623,California
Kern,2021-02-05,4879,70585,1991,33028,2888,37557,0,0,3106,44923,1754,12806,3106,57729,California
Kern,2021-02-06,1749,72334,769,33797,980,38537,0,0,1514,46206,231,13037,1514,59243,California
Kern,2021-02-07,284,72618,151,33948,133,38670,0,0,266,46456,16,13053,266,59509,California
Kern,2021-02-08,2572,75190,789,34737,1783,40453,0,0,1258,46419,1296,14349,1259,60768,California
Kern,2021-02-09,3046,78236,978,35715,2068,42521,0,0,1468,46320,1567,15916,1468,62236,California
Kern,2021-02-10,3836,82072,1675,37390,2161,44682,0,0,1872,46246,1946,17862,1872,64108,California
Kern,2021-02-11,4296,86368,1541,38931,2755,47437,0,0,2231,46428,2052,19914,2234,66342,California
Kern,2021-02-12,5012,91380,1910,40841,3102,50539,0,0,2490,46411,2507,22421,2490,68832,California
Kern,2021-02-13,2020,93400,736,41577,1284,51823,0,0,1164,46722,853,23274,1164,69996,California
Kern,2021-02-14,354,93754,12,41589,342,52165,0,0,272,46913,81,23355,272,70268,California
Kern,2021-02-15,2770,96524,908,42497,1862,54027,0,0,1223,46598,1538,24893,1223,71491,California
Kern,2021-02-16,2969,99493,722,43219,2247,56274,0,0,1663,46965,1297,26190,1664,73155,California
Kern,2021-02-17,4118,103611,2100,45319,2018,58292,0,0,1941,46736,2171,28361,1942,75097,California
Kern,2021-02-18,3806,107417,1509,46828,2297,60589,0,0,1632,46206,2162,30523,1632,76729,California
Kern,2021-02-19,4249,111666,1936,48764,2313,62902,0,0,1763,45490,2479,33002,1763,78492,California
Kern,2021-02-20,2634,114300,984,49748,1650,64552,0,0,1373,45606,1257,34259,1373,79865,California
Kern,2021-02-21,278,114578,169,49917,109,64661,0,0,92,45515,184,34443,93,79958,California
Kern,2021-02-22,2793,117371,1227,51144,1566,66227,0,0,1497,45726,1286,35729,1497,81455,California
Kern,2021-02-23,3668,121039,1177,52321,2491,68718,0,0,2023,46107,1643,37372,2024,83479,California
Kern,2021-02-24,5375,126414,2371,54692,3004,71722,0,0,3184,47110,2181,39553,3184,86663,California
Kern,2021-02-25,5497,131911,2521,57213,2976,74698,0,0,3257,48150,2217,41770,3257,89920,California
Kern,2021-02-26,7024,138935,3583,60796,3441,78139,0,0,4428,49990,2590,44360,4430,94350,California
Kern,2021-02-27,4003,142938,1984,62780,2019,80158,0,0,2628,51253,1365,45725,2628,96978,California
Kern,2021-02-28,917,143855,503,63283,413,80571,1,1,693,51726,221,45946,694,97672,California
Kern,2021-03-01,4022,147877,1826,65109,2192,82763,4,5,2703,53125,1308,47254,2707,100379,California
Kern,2021-03-02,4549,152426,1420,66529,3125,85888,4,9,2994,54577,1543,48797,2995,103374,California
Kern,2021-03-03,6018,158444,2852,69381,3164,89052,2,11,3892,56360,2110,50907,3893,107267,California
Kern,2021-03-04,5713,164157,2283,71664,3425,92477,5,16,3702,58071,1994,52901,3705,110972,California
Kern,2021-03-05,6736,170893,2887,74551,3830,96307,19,35,4210,59785,2515,55416,4229,115201,California
Kern,2021-03-06,4773,175666,1927,76478,2735,99042,111,146,3480,62090,1286,56702,3591,118792,California
Kern,2021-03-07,2088,177754,1592,78070,425,99467,71,217,1873,63821,213,56915,1944,120736,California
Kern,2021-03-08,2921,180675,925,78995,1765,101232,231,448,1528,64188,1390,58305,1757,122493,California
Kern,2021-03-09,3750,184425,814,79809,2546,103778,390,838,2339,65509,1403,59708,2724,125217,California
Kern,2021-03-10,6171,190596,2569,82378,2522,106300,1080,1918,3608,67648,2547,62255,4686,129903,California
Kern,2021-03-11,6346,196942,2445,84823,2872,109172,1029,2947,3772,69881,2563,64818,4796,134699,California
Kern,2021-03-12,7873,204815,3085,87908,3434,112606,1354,4301,4331,72023,3530,68348,5672,140371,California
Kern,2021-03-13,4686,209501,2535,90443,1813,114419,338,4639,3257,74190,1422,69770,3589,143960,California
Kern,2021-03-14,2316,211817,1533,91976,537,114956,246,4885,1788,75693,527,70297,2030,145990,California
Kern,2021-03-15,4287,216104,1111,93087,2461,117417,715,5600,2180,76486,2094,72391,2887,148877,California
Kern,2021-03-16,4446,220550,1019,94106,2890,120307,537,6137,2413,77409,2020,74411,2943,151820,California
Kern,2021-03-17,7480,228030,4091,98197,2835,123142,554,6691,4457,79408,3011,77422,5010,156830,California
Kern,2021-03-18,7331,235361,3719,101916,3022,126164,590,7281,4412,81510,2896,80318,4998,161828,California
Kern,2021-03-19,9150,244511,5018,106934,3364,129528,768,8049,4692,82528,4435,84753,5453,167281,California
Kern,2021-03-20,6274,250785,3836,110770,2253,131781,185,8234,3964,84382,2296,87049,4150,171431,California
Kern,2021-03-21,3093,253878,1961,112731,246,132027,886,9120,1883,85946,1203,88252,2767,174198,California
Kern,2021-03-22,3996,257874,1570,114301,2069,134096,357,9477,1919,86163,2059,90311,2276,176474,California
Kern,2021-03-23,4755,262629,1681,115982,2874,136970,200,9677,2467,86569,2258,92569,2664,179138,California
Kern,2021-03-24,7201,269830,3685,119667,3039,140009,477,10154,3639,87140,3542,96111,4113,183251,California
Kern,2021-03-25,6804,276634,3011,122678,3458,143467,335,10489,3209,87106,3575,99686,3541,186792,California
Kern,2021-03-26,9898,286532,4431,127109,4207,147674,1260,11749,4693,87874,5184,104870,5952,192744,California
Kern,2021-03-27,5718,292250,3996,131105,1594,149268,128,11877,3447,89180,2268,107138,3574,196318,California
Kern,2021-03-28,4691,296941,4197,135302,480,149748,14,11891,2957,90419,1732,108870,2971,199289,California
Kern,2021-03-29,4260,301201,1681,136983,2301,152049,278,12169,2609,91666,1637,110507,2884,202173,California
Kern,2021-03-30,5611,306812,1877,138860,3346,155395,388,12557,3041,92526,2565,113072,3425,205598,California
Kern,2021-03-31,8462,315274,4575,143435,3230,158625,657,13214,4318,93375,4125,117197,4974,210572,California
Kern,2021-04-01,7935,323209,3886,147321,3738,162363,311,13525,4231,94238,3674,120871,4537,215109,California
Kern,2021-04-02,8471,331680,4461,151782,3399,165762,611,14136,4222,94833,4228,125099,4823,219932,California
Kern,2021-04-03,6005,337685,3674,155456,2148,167910,183,14319,2658,94334,3337,128436,2838,222770,California
Kern,2021-04-04,1341,339026,873,156329,383,168293,85,14404,472,94023,866,129302,555,223325,California
Kern,2021-04-05,5390,344416,2223,158552,2387,170680,780,15184,2902,95200,2474,131776,3651,226976,California
Kern,2021-04-06,7147,351563,2481,161033,3285,173965,1381,16565,3570,96594,3551,135327,4945,231921,California
Kern,2021-04-07,9404,360967,5483,166516,2957,176922,964,17529,4573,97318,4811,140138,5535,237456,California
Kern,2021-04-08,8682,369649,4807,171323,2959,179881,916,18445,3732,97031,4922,145060,4635,242091,California
Kern,2021-04-09,10298,379947,5152,176475,4150,184031,996,19441,4361,96475,5907,150967,5351,247442,California
Kern,2021-04-10,6606,386553,3466,179941,1891,185922,1249,20690,2141,95407,4453,155420,3385,250827,California
Kern,2021-04-11,3936,390489,2921,182862,371,186293,644,21334,1277,94676,2645,158065,1914,252741,California
Kern,2021-04-12,4427,394916,994,183856,2458,188751,975,22309,1586,94419,2816,160881,2559,255300,California
Kern,2021-04-13,4324,399240,1428,185284,2870,191621,26,22335,2135,94405,2174,163055,2160,257460,California
Kern,2021-04-14,6119,405359,3012,188296,3085,194706,22,22357,3017,94359,3084,166139,3038,260498,California
Kern,2021-04-15,5320,410679,2496,190792,2821,197527,3,22360,2519,94097,2784,168923,2522,263020,California
Kern,2021-04-16,7328,418007,3478,194270,3849,201376,1,22361,2996,92794,4303,173226,3000,266020,California
Kern,2021-04-17,6016,424023,3947,198217,2069,203445,0,22361,2110,91019,3887,177113,2112,268132,California
Kern,2021-04-18,3900,427923,3654,201871,246,203691,0,22361,942,89013,2948,180061,942,269074,California
Kern,2021-04-19,3873,431796,1750,203621,2121,205812,2,22363,1445,88052,2406,182467,1445,270519,California
Kern,2021-04-20,4490,436286,1667,205288,2821,208633,2,22365,1722,87030,2745,185212,1723,272242,California
Kern,2021-04-21,6030,442316,3267,208555,2758,211391,5,22370,2210,85453,3790,189002,2213,274455,California
Kern,2021-04-22,4890,447206,2394,210949,2496,213887,0,22370,1742,84073,3123,192125,1743,276198,California
Kern,2021-04-23,6229,453435,3092,214041,3136,217023,1,22371,1950,81789,4238,196363,1954,278152,California
Kern,2021-04-24,4025,457460,2808,216849,1206,218229,11,22382,1446,80689,2558,198921,1458,279610,California
Kern,2021-04-25,1406,458866,1118,217967,288,218517,0,22382,828,80945,572,199493,828,280438,California
Kern,2021-04-26,3906,462772,1869,219836,1986,220503,51,22433,1081,79263,2816,202309,1134,281572,California
Kern,2021-04-27,4837,467609,2366,222202,2363,222866,108,22541,1494,77534,3328,205637,1599,283171,California
Kern,2021-04-28,6427,474036,3829,226031,2475,225341,123,22664,1873,74995,4533,210170,1994,285165,California
Kern,2021-04-29,5628,479664,3168,229199,2361,227702,99,22763,1690,72870,3915,214085,1790,286955,California
Kern,2021-04-30,5713,485377,3228,232427,2326,230028,159,22922,1683,70697,4014,218099,1841,288796,California
Kern,2021-05-01,2728,488105,1933,234360,736,230764,59,22981,1088,70217,1626,219725,1146,289942,California
Kern,2021-05-02,1893,489998,1603,235963,268,231032,22,23003,691,69735,1195,220920,713,290655,California
Kern,2021-05-03,2560,492558,1033,236996,1393,232425,134,23137,790,68906,1754,222674,925,291580,California
Kern,2021-05-04,3745,496303,1356,238352,2280,234705,109,23246,1318,67920,2411,225085,1425,293005,California
Kern,2021-05-05,4234,500537,2201,240553,1881,236586,152,23398,1406,66667,2809,227894,1556,294561,California
Kern,2021-05-06,3662,504199,1684,242237,1833,238419,145,23543,1149,65470,2487,230381,1290,295851,California
Kern,2021-05-07,4649,508848,2332,244569,2141,240560,176,23719,1308,63645,3308,233689,1483,297334,California
Kern,2021-05-08,2940,511788,1851,246420,973,241533,116,23835,914,62660,2013,235702,1028,298362,California
Kern,2021-05-09,1355,513143,1181,247601,145,241678,29,23864,442,62227,904,236606,471,298833,California
Kern,2021-05-10,2320,515463,914,248515,1302,242980,104,23968,684,61397,1616,238222,786,299619,California
Kern,2021-05-11,2741,518204,988,249503,1627,244607,126,24094,992,60779,1737,239959,1119,300738,California
Kern,2021-05-12,3669,521873,1479,250982,2039,246646,151,24245,1151,59577,2502,242461,1300,302038,California
Kern,2021-05-13,3545,525418,1866,252848,1525,248171,154,24399,1646,59488,1885,244346,1796,303834,California
Kern,2021-05-14,4339,529757,2577,255425,1539,249710,223,24622,1994,59379,2325,246671,2216,306050,California
Kern,2021-05-15,2944,532701,1919,257344,937,250647,88,24710,1565,59668,1363,248034,1652,307702,California
Kern,2021-05-16,1616,534317,1386,258730,190,250837,40,24750,936,59970,674,248708,976,308678,California
Kern,2021-05-17,2340,536657,1011,259741,1182,252019,147,24897,1180,60150,1146,249854,1326,310004,California
Kern,2021-05-18,3232,539889,1499,261240,1601,253620,132,25029,1629,60318,1590,251444,1758,311762,California
Kern,2021-05-19,3843,543732,2394,263634,1320,254940,129,25158,1785,60185,2044,253488,1911,313673,California
Kern,2021-05-20,3126,546858,1698,265332,1284,256224,144,25302,1402,60028,1701,255189,1544,315217,California
Kern,2021-05-21,3654,550512,2210,267542,1309,257533,135,25437,1814,60163,1814,257003,1949,317166,California
Kern,2021-05-22,2960,553472,2304,269846,607,258140,49,25486,1399,60060,1548,258551,1445,318611,California
Kern,2021-05-23,1299,554771,1103,270949,170,258310,26,25512,679,60152,612,259163,704,319315,California
Kern,2021-05-24,1906,556677,821,271770,970,259280,115,25627,897,60161,1002,260165,1011,320326,California
Kern,2021-05-25,2405,559082,1114,272884,1202,260482,89,25716,1109,60076,1282,261447,1197,321523,California
Kern,2021-05-26,2792,561874,1614,274498,1076,261558,102,25818,1195,59790,1581,263028,1295,322818,California
Kern,2021-05-27,2420,564294,1248,275746,1068,262626,104,25922,1269,60031,1130,264158,1371,324189,California
Kern,2021-05-28,2729,567023,1385,277131,1233,263859,111,26033,1261,59948,1453,265611,1370,325559,California
Kern,2021-05-29,1910,568933,1264,278395,597,264456,49,26082,935,59970,962,266573,984,326543,California
Kern,2021-05-30,866,569799,708,279103,139,264595,19,26101,436,60002,422,266995,454,326997,California
Kern,2021-05-31,148,569947,49,279152,88,264683,11,26112,56,59979,89,267084,66,327063,California
Kern,2021-06-01,2291,572238,953,280105,1267,265950,71,26183,967,59709,1307,268391,1037,328100,California
Kern,2021-06-02,2252,574490,1303,281408,843,266793,106,26289,943,59461,1297,269688,1049,329149,California
Kern,2021-06-03,2379,576869,1339,282747,884,267677,156,26445,862,58973,1505,271193,1017,330166,California
Kern,2021-06-04,2969,579838,1926,284673,931,268608,112,26557,868,57877,2075,273268,979,331145,California
Kern,2021-06-05,2532,582370,2045,286718,453,269061,34,26591,789,56967,1733,275001,823,331968,California
Kern,2021-06-06,1236,583606,1131,287849,82,269143,23,26614,411,56581,820,275821,434,332402,California
Kern,2021-06-07,1821,585427,1132,288981,592,269735,97,26711,684,56236,1124,276945,779,333181,California
Kern,2021-06-08,2127,587554,1238,290219,817,270552,72,26783,648,55494,1461,278406,719,333900,California
Kern,2021-06-09,2629,590183,1844,292063,696,271248,89,26872,823,54611,1794,280200,911,334811,California
Kern,2021-06-10,2242,592425,1386,293449,755,272003,101,26973,787,54055,1442,281642,886,335697,California
Kern,2021-06-11,2854,595279,1914,295363,848,272851,92,27065,1069,53446,1771,283413,1162,336859,California
Kern,2021-06-12,1787,597066,1327,296690,410,273261,50,27115,530,52773,1253,284666,580,337439,California
Kern,2021-06-13,933,597999,816,297506,110,273371,7,27122,275,52400,656,285322,283,337722,California
Kern,2021-06-14,1859,599858,1132,298638,630,274001,97,27219,642,51930,1207,286529,737,338459,California
Kern,2021-06-15,2120,601978,1186,299824,856,274857,78,27297,820,51535,1293,287822,898,339357,California
Kern,2021-06-16,2081,604059,1371,301195,633,275490,77,27374,823,51192,1242,289064,899,340256,California
Kern,2021-06-17,1895,605954,1188,302383,592,276082,115,27489,909,51241,976,290040,1025,341281,California
Kern,2021-06-18,2224,608178,1394,303777,710,276792,120,27609,952,51058,1254,291294,1071,342352,California
Kern,2021-06-19,1239,609417,890,304667,314,277106,35,27644,527,50918,701,291995,561,342913,California
Kern,2021-06-20,732,610149,609,305276,103,277209,20,27664,285,50776,447,292442,305,343218,California
Kern,2021-06-21,1245,611394,667,305943,500,277709,78,27742,670,50955,567,293009,746,343964,California
Kern,2021-06-22,1656,613050,881,306824,698,278407,77,27819,673,50733,972,293981,750,344714,California
Kern,2021-06-23,1726,614776,1103,307927,545,278952,78,27897,767,50636,940,294921,843,345557,California
Kern,2021-06-24,1593,616369,983,308910,521,279473,89,27986,680,50498,906,295827,768,346325,California
Kern,2021-06-25,1803,618172,1129,310039,582,280055,92,28078,851,50499,940,296767,941,347266,California
Kern,2021-06-26,1326,619498,989,311028,305,280360,32,28110,569,50347,752,297519,600,347866,California
Kern,2021-06-27,610,620108,515,311543,81,280441,14,28124,264,50283,342,297861,278,348144,California
Kern,2021-06-28,1150,621258,764,312307,298,280739,88,28212,506,50244,631,298492,592,348736,California
Kern,2021-06-29,1398,622656,715,313022,593,281332,90,28302,608,50162,778,299270,696,349432,California
Kern,2021-06-30,1586,624242,1065,314087,439,281771,82,28384,812,50287,770,300040,895,350327,California
Kern,2021-07-01,1382,625624,880,314967,439,282210,63,28447,632,50236,746,300786,695,351022,California
Kern,2021-07-02,1743,627367,1165,316132,506,282716,72,28519,796,50170,931,301717,865,351887,California
Kern,2021-07-03,994,628361,696,316828,258,282974,40,28559,487,50195,502,302219,527,352414,California
Kern,2021-07-04,132,628493,98,316926,34,283008,0,28559,63,50190,68,302287,63,352477,California
Kern,2021-07-05,654,629147,399,317325,230,283238,25,28584,294,50153,356,302643,319,352796,California
Kern,2021-07-06,1509,630656,853,318178,574,283812,82,28666,649,50033,851,303494,731,353527,California
Kern,2021-07-07,1389,632045,904,319082,420,284232,65,28731,592,49899,789,304283,655,354182,California
Kern,2021-07-08,871,632916,571,319653,246,284478,54,28785,304,49691,566,304849,358,354540,California
Kings,2020-12-16,1,1,1,1,0,0,0,0,1,1,0,0,1,1,California
Kings,2020-12-17,8,9,8,9,0,0,0,0,8,9,0,0,8,9,California
Kings,2020-12-18,12,21,12,21,0,0,0,0,12,21,0,0,12,21,California
Kings,2020-12-19,12,33,12,33,0,0,0,0,12,33,0,0,12,33,California
Kings,2020-12-20,13,46,13,46,0,0,0,0,13,46,0,0,13,46,California
Kings,2020-12-21,156,202,156,202,0,0,0,0,268,314,0,0,268,314,California
Kings,2020-12-22,140,342,140,342,0,0,0,0,137,451,0,0,137,451,California
Kings,2020-12-23,137,479,123,465,14,14,0,0,138,589,0,0,138,589,California
Kings,2020-12-24,11,490,9,474,2,16,0,0,11,600,0,0,11,600,California
Kings,2020-12-26,7,497,4,478,3,19,0,0,7,607,0,0,7,607,California
Kings,2020-12-27,4,501,4,482,0,19,0,0,4,611,0,0,4,611,California
Kings,2020-12-28,131,632,103,585,28,47,0,0,132,743,0,0,132,743,California
Kings,2020-12-29,83,715,55,640,28,75,0,0,84,827,0,0,84,827,California
Kings,2020-12-30,150,865,109,749,41,116,0,0,150,977,0,0,150,977,California
Kings,2020-12-31,45,910,6,755,39,155,0,0,45,1022,0,0,45,1022,California
Kings,2021-01-01,1,911,0,755,1,156,0,0,1,1023,0,0,1,1023,California
Kings,2021-01-02,11,922,9,764,2,158,0,0,11,1034,0,0,11,1034,California
Kings,2021-01-03,1,923,1,765,0,158,0,0,1,1035,0,0,1,1035,California
Kings,2021-01-04,112,1035,41,806,71,229,0,0,112,1147,0,0,112,1147,California
Kings,2021-01-05,195,1230,39,845,156,385,0,0,195,1342,0,0,195,1342,California
Kings,2021-01-06,278,1508,179,1024,99,484,0,0,275,1614,3,3,275,1617,California
Kings,2021-01-07,182,1690,83,1107,99,583,0,0,174,1780,8,11,174,1791,California
Kings,2021-01-08,250,1940,55,1162,195,778,0,0,230,1990,20,31,230,2021,California
Kings,2021-01-09,63,2003,9,1171,54,832,0,0,55,2037,8,39,55,2076,California
Kings,2021-01-10,15,2018,3,1174,12,844,0,0,12,2046,3,42,12,2088,California
Kings,2021-01-11,517,2535,353,1527,164,1008,0,0,276,2082,241,283,277,2365,California
Kings,2021-01-12,348,2883,252,1779,96,1104,0,0,216,2169,129,412,216,2581,California
Kings,2021-01-13,422,3305,275,2054,147,1251,0,0,331,2409,91,503,331,2912,California
Kings,2021-01-14,209,3514,29,2083,180,1431,0,0,199,2588,21,524,200,3112,California
Kings,2021-01-15,418,3932,30,2113,388,1819,0,0,406,2982,12,536,406,3518,California
Kings,2021-01-16,28,3960,9,2122,19,1838,0,0,27,3008,1,537,27,3545,California
Kings,2021-01-17,12,3972,9,2131,3,1841,0,0,10,3016,2,539,10,3555,California
Kings,2021-01-18,173,4145,41,2172,132,1973,0,0,147,3137,26,565,147,3702,California
Kings,2021-01-19,381,4526,161,2333,220,2193,0,0,252,3260,129,694,252,3954,California
Kings,2021-01-20,255,4781,162,2495,93,2286,0,0,135,3280,115,809,135,4089,California
Kings,2021-01-21,211,4992,57,2552,154,2440,0,0,194,3455,19,828,194,4283,California
Kings,2021-01-22,106,5098,17,2569,89,2529,0,0,105,3555,5,833,105,4388,California
Kings,2021-01-23,25,5123,13,2582,12,2541,0,0,19,3568,6,839,19,4407,California
Kings,2021-01-24,4,5127,4,2586,0,2541,0,0,2,3568,2,841,2,4409,California
Kings,2021-01-25,155,5282,55,2641,100,2641,0,0,92,3597,63,904,92,4501,California
Kings,2021-01-26,172,5454,52,2693,120,2761,0,0,113,3651,59,963,113,4614,California
Kings,2021-01-27,356,5810,61,2754,295,3056,0,0,252,3800,103,1066,252,4866,California
Kings,2021-01-28,361,6171,74,2828,287,3343,0,0,276,3991,85,1151,276,5142,California
Kings,2021-01-29,114,6285,28,2856,86,3429,0,0,96,4069,18,1169,96,5238,California
Kings,2021-01-30,1568,7853,28,2884,1540,4969,0,0,1564,5631,4,1173,1566,6804,California
Kings,2021-01-31,1,7854,1,2885,0,4969,0,0,1,5632,0,1173,1,6805,California
Kings,2021-02-01,241,8095,87,2972,154,5123,0,0,92,5577,147,1320,92,6897,California
Kings,2021-02-02,341,8436,109,3081,232,5355,0,0,96,5429,244,1564,96,6993,California
Kings,2021-02-03,480,8916,272,3353,208,5563,0,0,237,5424,242,1806,237,7230,California
Kings,2021-02-04,466,9382,131,3484,335,5898,0,0,229,5417,236,2042,229,7459,California
Kings,2021-02-05,338,9720,57,3541,281,6179,0,0,178,5438,157,2199,178,7637,California
Kings,2021-02-06,61,9781,10,3551,51,6230,0,0,28,5433,33,2232,28,7665,California
Kings,2021-02-07,6,9787,4,3555,2,6232,0,0,3,5433,3,2235,3,7668,California
Kings,2021-02-08,175,9962,29,3584,146,6378,0,0,68,5394,107,2342,68,7736,California
Kings,2021-02-09,257,10219,60,3644,197,6575,0,0,113,5365,142,2484,113,7849,California
Kings,2021-02-10,383,10602,113,3757,270,6845,0,0,258,5498,125,2609,258,8107,California
Kings,2021-02-11,530,11132,67,3824,463,7308,0,0,365,5699,164,2773,365,8472,California
Kings,2021-02-12,709,11841,36,3860,673,7981,0,0,352,5695,356,3129,352,8824,California
Kings,2021-02-13,245,12086,6,3866,239,8220,0,0,219,5888,26,3155,219,9043,California
Kings,2021-02-14,104,12190,4,3870,100,8320,0,0,96,5976,8,3163,96,9139,California
Kings,2021-02-15,248,12438,5,3875,243,8563,0,0,138,6005,109,3272,138,9277,California
Kings,2021-02-16,635,13073,34,3909,601,9164,0,0,359,6090,275,3547,360,9637,California
Kings,2021-02-17,441,13514,24,3933,417,9581,0,0,302,6254,139,3686,303,9940,California
Kings,2021-02-18,356,13870,22,3955,334,9915,0,0,214,6327,141,3827,214,10154,California
Kings,2021-02-19,224,14094,24,3979,200,10115,0,0,131,6368,90,3917,131,10285,California
Kings,2021-02-20,173,14267,41,4020,132,10247,0,0,135,6465,38,3955,135,10420,California
Kings,2021-02-21,3,14270,2,4022,1,10248,0,0,3,6468,0,3955,3,10423,California
Kings,2021-02-22,127,14397,21,4043,106,10354,0,0,59,6459,68,4023,59,10482,California
Kings,2021-02-23,439,14836,70,4113,369,10723,0,0,319,6658,120,4143,319,10801,California
Kings,2021-02-24,771,15607,169,4282,602,11325,0,0,536,6959,235,4378,536,11337,California
Kings,2021-02-25,835,16442,133,4415,702,12027,0,0,602,7330,231,4609,602,11939,California
Kings,2021-02-26,961,17403,137,4552,824,12851,0,0,872,8113,89,4698,872,12811,California
Kings,2021-02-27,1528,18931,67,4619,1461,14312,0,0,591,7768,936,5634,591,13402,California
Kings,2021-02-28,1207,20138,598,5217,609,14921,0,0,674,7913,531,6165,676,14078,California
Kings,2021-03-01,295,20433,89,5306,206,15127,0,0,222,8062,73,6238,222,14300,California
Kings,2021-03-02,591,21024,258,5564,333,15460,0,0,517,8507,74,6312,519,14819,California
Kings,2021-03-03,763,21787,327,5891,435,15895,1,1,536,8819,225,6537,537,15356,California
Kings,2021-03-04,849,22636,356,6247,493,16388,0,1,708,9387,141,6678,709,16065,California
Kings,2021-03-05,1196,23832,369,6616,818,17206,9,10,1043,10289,153,6831,1055,17120,California
Kings,2021-03-06,517,24349,187,6803,317,17523,13,23,486,10757,31,6862,499,17619,California
Kings,2021-03-07,385,24734,239,7042,138,17661,8,31,373,11126,12,6874,381,18000,California
Kings,2021-03-08,386,25120,98,7140,233,17894,55,86,266,11327,120,6994,321,18321,California
Kings,2021-03-09,703,25823,403,7543,245,18139,55,141,594,11869,108,7102,650,18971,California
Kings,2021-03-10,845,26668,270,7813,469,18608,106,247,577,12285,266,7368,682,19653,California
Kings,2021-03-11,1233,27901,449,8262,668,19276,116,363,772,12715,459,7827,889,20542,California
Kings,2021-03-12,1532,29433,449,8711,989,20265,94,457,985,13253,543,8370,1081,21623,California
Kings,2021-03-13,682,30115,335,9046,305,20570,42,499,557,13729,125,8495,601,22224,California
Kings,2021-03-14,675,30790,101,9147,185,20755,389,888,200,13843,475,8970,589,22813,California
Kings,2021-03-15,712,31502,267,9414,326,21081,119,1007,469,14192,242,9212,591,23404,California
Kings,2021-03-16,1199,32701,482,9896,655,21736,62,1069,754,14564,445,9657,817,24221,California
Kings,2021-03-17,1129,33830,424,10320,643,22379,62,1131,781,15067,348,10005,851,25072,California
Kings,2021-03-18,1144,34974,474,10794,447,22826,223,1354,748,15646,394,10399,973,26045,California
Kings,2021-03-19,981,35955,466,11260,424,23250,91,1445,723,16218,257,10656,829,26874,California
Kings,2021-03-20,644,36599,257,11517,355,23605,32,1477,463,16543,178,10834,503,27377,California
Kings,2021-03-21,1423,38022,1091,12608,320,23925,12,1489,863,16858,560,11394,875,28252,California
Kings,2021-03-22,450,38472,199,12807,165,24090,86,1575,265,17029,184,11578,355,28607,California
Kings,2021-03-23,1048,39520,507,13314,477,24567,64,1639,548,17147,498,12076,616,29223,California
Kings,2021-03-24,1097,40617,486,13800,588,25155,23,1662,497,17071,598,12674,522,29745,California
Kings,2021-03-25,1053,41670,471,14271,555,25710,27,1689,442,16930,609,13283,468,30213,California
Kings,2021-03-26,1415,43085,381,14652,944,26654,90,1779,427,16464,983,14266,517,30730,California
Kings,2021-03-27,644,43729,259,14911,373,27027,12,1791,153,16140,489,14755,165,30895,California
Kings,2021-03-28,674,44403,602,15513,65,27092,7,1798,389,16264,285,15040,409,31304,California
Kings,2021-03-29,472,44875,213,15726,198,27290,61,1859,258,16370,212,15252,318,31622,California
Kings,2021-03-30,966,45841,548,16274,379,27669,39,1898,431,16305,534,15786,469,32091,California
Kings,2021-03-31,937,46778,491,16765,372,28041,74,1972,420,16289,509,16295,493,32584,California
Kings,2021-04-01,931,47709,503,17268,339,28380,89,2061,355,16164,569,16864,444,33028,California
Kings,2021-04-02,1125,48834,455,17723,544,28924,126,2187,395,15960,724,17588,520,33548,California
Kings,2021-04-03,495,49329,349,18072,137,29061,9,2196,172,15825,317,17905,182,33730,California
Kings,2021-04-04,156,49485,82,18154,68,29129,6,2202,41,15758,114,18019,47,33777,California
Kings,2021-04-05,1063,50548,327,18481,481,29610,255,2457,240,15430,822,18841,494,34271,California
Kings,2021-04-06,1273,51821,504,18985,455,30065,314,2771,285,15043,985,19826,598,34869,California
Kings,2021-04-07,1381,53202,656,19641,539,30604,186,2957,334,14519,1044,20870,520,35389,California
Kings,2021-04-08,1632,54834,638,20279,741,31345,253,3210,374,13896,1250,22120,627,36016,California
Kings,2021-04-09,1242,56076,591,20870,470,31815,181,3391,236,13306,1004,23124,414,36430,California
Kings,2021-04-10,595,56671,333,21203,160,31975,102,3493,175,13164,418,23542,276,36706,California
Kings,2021-04-11,355,57026,76,21279,272,32247,7,3500,196,13210,157,23699,203,36909,California
Kings,2021-04-12,710,57736,315,21594,192,32439,203,3703,194,13093,514,24213,397,37306,California
Kings,2021-04-13,918,58654,526,22120,392,32831,0,3703,294,12770,622,24835,299,37605,California
Kings,2021-04-14,1049,59703,579,22699,470,33301,0,3703,377,12476,672,25507,378,37983,California
Kings,2021-04-15,1064,60767,525,23224,538,33839,1,3704,451,12319,609,26116,452,38435,California
Kings,2021-04-16,797,61564,364,23588,433,34272,0,3704,261,12047,534,26650,262,38697,California
Kings,2021-04-17,457,62021,243,23831,214,34486,0,3704,183,11957,273,26923,183,38880,California
Kings,2021-04-18,570,62591,246,24077,324,34810,0,3704,44,11475,526,27449,44,38924,California
Kings,2021-04-19,630,63221,387,24464,243,35053,0,3704,297,11442,330,27779,297,39221,California
Kings,2021-04-20,756,63977,462,24926,294,35347,0,3704,243,11173,512,28291,243,39464,California
Kings,2021-04-21,697,64674,353,25279,344,35691,0,3704,244,10972,445,28736,244,39708,California
Kings,2021-04-22,575,65249,293,25572,282,35973,0,3704,210,10821,362,29098,211,39919,California
Kings,2021-04-23,677,65926,298,25870,379,36352,0,3704,330,10808,343,29441,330,40249,California
Kings,2021-04-24,247,66173,179,26049,67,36419,1,3705,119,10801,127,29568,120,40369,California
Kings,2021-04-25,202,66375,183,26232,19,36438,0,3705,165,10929,37,29605,165,40534,California
Kings,2021-04-26,325,66700,176,26408,146,36584,3,3708,201,11009,124,29729,204,40738,California
Kings,2021-04-27,435,67135,196,26604,220,36804,19,3727,186,10967,247,29976,205,40943,California
Kings,2021-04-28,523,67658,263,26867,240,37044,20,3747,270,11004,253,30229,290,41233,California
Kings,2021-04-29,302,67960,125,26992,165,37209,12,3759,141,10999,158,30387,153,41386,California
Kings,2021-04-30,375,68335,167,27159,191,37400,17,3776,155,10955,216,30603,172,41558,California
Kings,2021-05-01,227,68562,166,27325,51,37451,10,3786,72,10883,154,30757,82,41640,California
Kings,2021-05-02,170,68732,148,27473,22,37473,0,3786,127,10967,43,30800,127,41767,California
Kings,2021-05-03,475,69207,252,27725,210,37683,13,3799,122,10750,352,31152,135,41902,California
Kings,2021-05-04,528,69735,272,27997,236,37919,20,3819,161,10565,366,31518,181,42083,California
Kings,2021-05-05,565,70300,300,28297,245,38164,20,3839,143,10307,421,31939,163,42246,California
Kings,2021-05-06,572,70872,290,28587,258,38422,24,3863,132,10025,438,32377,156,42402,California
Kings,2021-05-07,366,71238,210,28797,142,38564,14,3877,148,9971,216,32593,162,42564,California
Kings,2021-05-08,243,71481,178,28975,53,38617,12,3889,85,9910,157,32750,96,42660,California
Kings,2021-05-09,191,71672,63,29038,128,38745,0,3889,40,9799,151,32901,40,42700,California
Kings,2021-05-10,347,72019,269,29307,68,38813,10,3899,114,9691,231,33132,123,42823,California
Kings,2021-05-11,387,72406,239,29546,119,38932,29,3928,116,9567,270,33402,146,42969,California
Kings,2021-05-12,400,72806,163,29709,223,39155,14,3942,164,9511,234,33636,178,43147,California
Kings,2021-05-13,411,73217,168,29877,235,39390,8,3950,170,9449,240,33876,178,43325,California
Kings,2021-05-14,463,73680,316,30193,116,39506,31,3981,239,9496,223,34099,270,43595,California
Kings,2021-05-15,355,74035,256,30449,82,39588,17,3998,198,9554,157,34256,215,43810,California
Kings,2021-05-16,247,74282,221,30670,25,39613,1,3999,75,9458,172,34428,76,43886,California
Kings,2021-05-17,408,74690,324,30994,67,39680,17,4016,211,9490,196,34624,228,44114,California
Kings,2021-05-18,399,75089,284,31278,102,39782,13,4029,227,9559,172,34796,241,44355,California
Kings,2021-05-19,576,75665,283,31561,271,40053,22,4051,229,9465,345,35141,251,44606,California
Kings,2021-05-20,451,76116,237,31798,187,40240,27,4078,260,9562,191,35332,288,44894,California
Kings,2021-05-21,518,76634,262,32060,245,40485,11,4089,263,9585,251,35583,274,45168,California
Kings,2021-05-22,305,76939,246,32306,47,40532,12,4101,217,9728,86,35669,229,45397,California
Kings,2021-05-23,233,77172,225,32531,8,40540,0,4101,106,9707,127,35796,106,45503,California
Kings,2021-05-24,262,77434,175,32706,72,40612,15,4116,125,9710,137,35933,140,45643,California
Kings,2021-05-25,404,77838,267,32973,104,40716,33,4149,234,9809,168,36101,267,45910,California
Kings,2021-05-26,306,78144,126,33099,163,40879,17,4166,122,9765,183,36284,139,46049,California
Kings,2021-05-27,325,78469,176,33275,131,41010,18,4184,177,9815,145,36429,195,46244,California
Kings,2021-05-28,288,78757,140,33415,130,41140,18,4202,131,9811,153,36582,149,46393,California
Kings,2021-05-29,174,78931,101,33516,62,41202,11,4213,87,9823,86,36668,98,46491,California
Kings,2021-05-30,133,79064,116,33632,15,41217,2,4215,71,9834,62,36730,73,46564,California
Kings,2021-05-31,40,79104,21,33653,16,41233,3,4218,15,9827,25,36755,18,46582,California
Kings,2021-06-01,317,79421,187,33840,114,41347,16,4234,119,9767,194,36949,134,46716,California
Kings,2021-06-02,276,79697,125,33965,144,41491,7,4241,85,9671,188,37137,92,46808,California
Kings,2021-06-03,226,79923,127,34092,88,41579,11,4252,69,9602,149,37286,80,46888,California
Kings,2021-06-04,427,80350,284,34376,129,41708,14,4266,152,9497,271,37557,166,47054,California
Kings,2021-06-05,258,80608,224,34600,27,41735,7,4273,62,9383,183,37740,69,47123,California
Kings,2021-06-06,162,80770,154,34754,3,41738,5,4278,81,9392,77,37817,86,47209,California
Kings,2021-06-07,294,81064,226,34980,54,41792,14,4292,96,9303,198,38015,109,47318,California
Kings,2021-06-08,313,81377,240,35220,53,41845,20,4312,78,9168,233,38248,98,47416,California
Kings,2021-06-09,401,81778,268,35488,124,41969,9,4321,117,9013,281,38529,126,47542,California
Kings,2021-06-10,341,82119,223,35711,105,42074,13,4334,82,8849,259,38788,95,47637,California
Kings,2021-06-11,374,82493,281,35992,90,42164,3,4337,144,8771,225,39013,147,47784,California
Kings,2021-06-12,268,82761,220,36212,44,42208,4,4341,69,8661,183,39196,73,47857,California
Kings,2021-06-13,127,82888,118,36330,8,42216,1,4342,34,8604,92,39288,35,47892,California
Kings,2021-06-14,240,83128,172,36502,46,42262,22,4364,97,8580,143,39431,119,48011,California
Kings,2021-06-15,255,83383,182,36684,62,42324,11,4375,88,8513,166,39597,99,48110,California
Kings,2021-06-16,255,83638,131,36815,116,42440,8,4383,90,8454,158,39755,99,48209,California
Kings,2021-06-17,207,83845,110,36925,87,42527,10,4393,80,8417,127,39882,90,48299,California
Kings,2021-06-18,253,84098,174,37099,70,42597,9,4402,118,8409,135,40017,127,48426,California
Kings,2021-06-19,101,84199,69,37168,27,42624,5,4407,40,8393,61,40078,45,48471,California
Kings,2021-06-20,84,84283,69,37237,9,42633,6,4413,28,8371,56,40134,34,48505,California
Kings,2021-06-21,181,84464,97,37334,53,42686,31,4444,97,8415,84,40218,128,48633,California
Kings,2021-06-22,199,84663,128,37462,63,42749,8,4452,82,8388,117,40335,90,48723,California
Kings,2021-06-23,197,84860,94,37556,88,42837,15,4467,86,8379,110,40445,101,48824,California
Kings,2021-06-24,145,85005,68,37624,72,42909,5,4472,56,8352,88,40533,61,48885,California
Kings,2021-06-25,311,85316,219,37843,83,42992,9,4481,153,8357,157,40690,162,49047,California
Kings,2021-06-26,124,85440,82,37925,38,43030,4,4485,53,8343,71,40761,57,49104,California
Kings,2021-06-27,118,85558,111,38036,6,43036,1,4486,38,8305,77,40838,39,49143,California
Kings,2021-06-28,192,85750,138,38174,37,43073,17,4503,81,8292,111,40949,98,49241,California
Kings,2021-06-29,177,85927,131,38305,36,43109,10,4513,86,8299,89,41038,96,49337,California
Kings,2021-06-30,190,86117,117,38422,65,43174,8,4521,87,8291,103,41141,95,49432,California
Kings,2021-07-01,133,86250,89,38511,37,43211,7,4528,64,8295,67,41208,71,49503,California
Kings,2021-07-02,183,86433,118,38629,56,43267,9,4537,90,8301,93,41301,99,49602,California
Kings,2021-07-03,105,86538,84,38713,20,43287,1,4538,54,8305,51,41352,55,49657,California
Kings,2021-07-04,4,86542,0,38713,4,43291,0,4538,3,8307,1,41353,3,49660,California
Kings,2021-07-05,94,86636,56,38769,26,43317,12,4550,47,8319,47,41400,59,49719,California
Kings,2021-07-06,217,86853,158,38927,48,43365,11,4561,84,8281,133,41533,95,49814,California
Kings,2021-07-07,235,87088,135,39062,89,43454,11,4572,118,8294,116,41649,129,49943,California
Kings,2021-07-08,56,87144,13,39075,36,43490,7,4579,18,8282,37,41686,25,49968,California
Lake,2020-12-17,4,4,4,4,0,0,0,0,4,4,0,0,4,4,California
Lake,2020-12-18,50,54,50,54,0,0,0,0,50,54,0,0,50,54,California
Lake,2020-12-19,3,57,3,57,0,0,0,0,3,57,0,0,3,57,California
Lake,2020-12-20,6,63,6,63,0,0,0,0,6,63,0,0,6,63,California
Lake,2020-12-21,87,150,87,150,0,0,0,0,87,150,0,0,87,150,California
Lake,2020-12-22,63,213,60,210,3,3,0,0,63,213,0,0,63,213,California
Lake,2020-12-23,124,337,115,325,9,12,0,0,124,337,0,0,124,337,California
Lake,2020-12-24,2,339,0,325,2,14,0,0,2,339,0,0,2,339,California
Lake,2020-12-26,2,341,2,327,0,14,0,0,2,341,0,0,2,341,California
Lake,2020-12-27,2,343,2,329,0,14,0,0,2,343,0,0,2,343,California
Lake,2020-12-28,52,395,43,372,9,23,0,0,52,395,0,0,52,395,California
Lake,2020-12-29,52,447,47,419,5,28,0,0,52,447,0,0,52,447,California
Lake,2020-12-30,131,578,122,541,9,37,0,0,131,578,0,0,131,578,California
Lake,2020-12-31,67,645,64,605,3,40,0,0,67,645,0,0,67,645,California
Lake,2021-01-01,4,649,1,606,3,43,0,0,4,649,0,0,4,649,California
Lake,2021-01-02,2,651,1,607,1,44,0,0,2,651,0,0,2,651,California
Lake,2021-01-04,88,739,21,628,67,111,0,0,88,739,0,0,88,739,California
Lake,2021-01-05,120,859,59,687,61,172,0,0,118,855,2,2,118,857,California
Lake,2021-01-06,103,962,64,751,39,211,0,0,101,954,2,4,101,958,California
Lake,2021-01-07,110,1072,86,837,24,235,0,0,101,1046,9,13,101,1059,California
Lake,2021-01-08,155,1227,126,963,29,264,0,0,104,1099,51,64,104,1163,California
Lake,2021-01-09,64,1291,62,1025,2,266,0,0,60,1155,4,68,60,1223,California
Lake,2021-01-10,3,1294,3,1028,0,266,0,0,0,1152,3,71,0,1223,California
Lake,2021-01-11,189,1483,150,1178,39,305,0,0,109,1181,80,151,109,1332,California
Lake,2021-01-12,81,1564,48,1226,33,338,0,0,58,1216,23,174,58,1390,California
Lake,2021-01-13,170,1734,115,1341,55,393,0,0,110,1266,60,234,110,1500,California
Lake,2021-01-14,151,1885,48,1389,103,496,0,0,129,1373,22,256,129,1629,California
Lake,2021-01-15,221,2106,95,1484,126,622,0,0,193,1538,28,284,193,1822,California
Lake,2021-01-16,136,2242,83,1567,53,675,0,0,134,1670,2,286,134,1956,California
Lake,2021-01-17,18,2260,6,1573,12,687,0,0,12,1676,6,292,12,1968,California
Lake,2021-01-18,246,2506,227,1800,19,706,0,0,125,1680,121,413,125,2093,California
Lake,2021-01-19,318,2824,121,1921,197,903,0,0,271,1905,47,460,272,2365,California
Lake,2021-01-20,427,3251,82,2003,345,1248,0,0,362,2203,64,524,362,2727,California
Lake,2021-01-21,441,3692,50,2053,391,1639,0,0,405,2572,36,560,405,3132,California
Lake,2021-01-22,322,4014,47,2100,275,1914,0,0,285,2820,37,597,285,3417,California
Lake,2021-01-23,127,4141,6,2106,121,2035,0,0,126,2945,1,598,126,3543,California
Lake,2021-01-24,5,4146,2,2108,3,2038,0,0,5,2950,0,598,5,3548,California
Lake,2021-01-25,259,4405,96,2204,163,2201,0,0,177,3045,82,680,177,3725,California
Lake,2021-01-26,432,4837,36,2240,396,2597,0,0,408,3429,24,704,408,4133,California
Lake,2021-01-27,364,5201,40,2280,324,2921,0,0,336,3738,28,732,337,4470,California
Lake,2021-01-28,498,5699,162,2442,336,3257,0,0,366,3974,130,862,366,4836,California
Lake,2021-01-29,654,6353,101,2543,553,3810,0,0,579,4478,75,937,579,5415,California
Lake,2021-01-30,557,6910,43,2586,514,4324,0,0,551,5023,6,943,551,5966,California
Lake,2021-01-31,15,6925,9,2595,6,4330,0,0,13,5034,2,945,13,5979,California
Lake,2021-02-01,182,7107,19,2614,163,4493,0,0,167,5186,15,960,167,6146,California
Lake,2021-02-02,567,7674,155,2769,412,4905,0,0,399,5417,168,1128,399,6545,California
Lake,2021-02-03,444,8118,33,2802,411,5316,0,0,340,5653,104,1232,340,6885,California
Lake,2021-02-04,121,8239,70,2872,51,5367,0,0,71,5674,50,1282,71,6956,California
Lake,2021-02-05,381,8620,72,2944,309,5676,0,0,286,5867,93,1375,286,7242,California
Lake,2021-02-06,277,8897,42,2986,235,5911,0,0,265,6120,12,1387,265,7507,California
Lake,2021-02-07,2,8899,1,2987,1,5912,0,0,2,6122,0,1387,2,7509,California
Lake,2021-02-08,278,9177,206,3193,72,5984,0,0,158,6160,120,1507,158,7667,California
Lake,2021-02-09,345,9522,25,3218,320,6304,0,0,300,6416,44,1551,300,7967,California
Lake,2021-02-10,356,9878,54,3272,302,6606,0,0,275,6610,81,1632,275,8242,California
Lake,2021-02-11,181,10059,18,3290,163,6769,0,0,60,6549,121,1753,60,8302,California
Lake,2021-02-12,377,10436,29,3319,348,7117,0,0,287,6747,89,1842,287,8589,California
Lake,2021-02-13,252,10688,8,3327,244,7361,0,0,239,6973,13,1855,239,8828,California
Lake,2021-02-14,22,10710,5,3332,17,7378,0,0,8,6967,14,1869,8,8836,California
Lake,2021-02-15,173,10883,13,3345,160,7538,0,0,9,6813,163,2032,9,8845,California
Lake,2021-02-16,429,11312,23,3368,406,7944,0,0,178,6740,251,2283,178,9023,California
Lake,2021-02-17,354,11666,56,3424,298,8242,0,0,73,6533,280,2563,73,9096,California
Lake,2021-02-18,466,12132,73,3497,393,8635,0,0,117,6302,348,2911,117,9213,California
Lake,2021-02-19,438,12570,29,3526,409,9044,0,0,95,6054,343,3254,95,9308,California
Lake,2021-02-20,299,12869,63,3589,236,9280,0,0,252,6260,46,3300,252,9560,California
Lake,2021-02-21,7,12876,7,3596,0,9280,0,0,0,6253,7,3307,0,9560,California
Lake,2021-02-22,140,13016,22,3618,118,9398,0,0,40,6193,100,3407,40,9600,California
Lake,2021-02-23,226,13242,16,3634,210,9608,0,0,29,6025,197,3604,29,9629,California
Lake,2021-02-24,1025,14267,430,4064,595,10203,0,0,469,5939,555,4159,469,10098,California
Lake,2021-02-25,768,15035,495,4559,273,10476,0,0,501,6176,264,4423,501,10599,California
Lake,2021-02-26,1021,16056,321,4880,700,11176,0,0,362,5883,655,5078,362,10961,California
Lake,2021-02-27,409,16465,97,4977,312,11488,0,0,326,6127,82,5160,326,11287,California
Lake,2021-02-28,21,16486,12,4989,9,11497,0,0,12,6130,9,5169,12,11299,California
Lake,2021-03-01,599,17085,55,5044,544,12041,0,0,446,6423,153,5322,446,11745,California
Lake,2021-03-02,747,17832,18,5062,729,12770,0,0,287,6252,458,5780,287,12032,California
Lake,2021-03-03,369,18201,196,5258,173,12943,0,0,147,6178,221,6001,147,12179,California
Lake,2021-03-04,579,18780,506,5764,73,13016,0,0,563,6725,16,6017,563,12742,California
Lake,2021-03-05,1047,19827,52,5816,995,14011,0,0,188,6058,855,6872,188,12930,California
Lake,2021-03-06,34,19861,9,5825,24,14035,1,1,21,6067,13,6885,22,12952,California
Lake,2021-03-07,9,19870,6,5831,2,14037,1,2,5,6069,4,6889,6,12958,California
Lake,2021-03-08,342,20212,266,6097,66,14103,10,12,299,6336,42,6931,309,13267,California
Lake,2021-03-09,932,21144,44,6141,871,14974,17,29,407,6237,524,7455,425,13692,California
Lake,2021-03-10,204,21348,60,6201,131,15105,13,42,134,6315,70,7525,148,13840,California
Lake,2021-03-11,588,21936,49,6250,65,15170,474,516,46,6292,542,8067,519,14359,California
Lake,2021-03-12,853,22789,202,6452,625,15795,26,542,360,6187,491,8558,386,14745,California
Lake,2021-03-13,283,23072,22,6474,25,15820,236,778,19,6178,263,8821,254,14999,California
Lake,2021-03-14,12,23084,3,6477,9,15829,0,778,8,6182,4,8825,8,15007,California
Lake,2021-03-15,641,23725,12,6489,611,16440,18,796,481,6522,159,8984,499,15506,California
Lake,2021-03-16,1116,24841,836,7325,263,16703,17,813,379,6184,733,9717,395,15901,California
Lake,2021-03-17,251,25092,123,7448,105,16808,23,836,91,6138,160,9877,114,16015,California
Lake,2021-03-18,749,25841,375,7823,337,17145,37,873,356,6140,390,10267,392,16407,California
Lake,2021-03-19,584,26425,317,8140,248,17393,19,892,476,6528,107,10374,495,16902,California
Lake,2021-03-20,248,26673,9,8149,236,17629,3,895,31,6346,216,10590,34,16936,California
Lake,2021-03-21,15,26688,10,8159,4,17633,1,896,10,6352,5,10595,11,16947,California
Lake,2021-03-22,337,27025,256,8415,67,17700,14,910,250,6529,87,10682,264,17211,California
Lake,2021-03-23,429,27454,21,8436,394,18094,14,924,363,6841,65,10747,377,17588,California
Lake,2021-03-24,423,27877,62,8498,353,18447,8,932,325,7078,97,10844,334,17922,California
Lake,2021-03-25,673,28550,482,8980,184,18631,7,939,173,6757,500,11344,179,18101,California
Lake,2021-03-26,69,28619,34,9014,34,18665,1,940,32,6754,36,11380,33,18134,California
Lake,2021-03-27,309,28928,7,9021,299,18964,3,943,17,6484,290,11670,20,18154,California
Lake,2021-03-28,17,28945,8,9029,9,18973,0,943,9,6485,8,11678,9,18163,California
Lake,2021-03-29,995,29940,286,9315,707,19680,2,945,201,5896,792,12470,203,18366,California
Lake,2021-03-30,465,30405,313,9628,149,19829,3,948,365,6165,99,12569,368,18734,California
Lake,2021-03-31,615,31020,60,9688,555,20384,0,948,432,6424,173,12742,432,19166,California
Lake,2021-04-01,448,31468,233,9921,203,20587,12,960,187,6366,257,12999,199,19365,California
Lake,2021-04-02,224,31692,41,9962,155,20742,28,988,97,6364,127,13126,125,19490,California
Lake,2021-04-03,32,31724,6,9968,23,20765,3,991,13,6361,19,13145,16,19506,California
Lake,2021-04-04,21,31745,12,9980,7,20772,2,993,15,6372,6,13151,17,19523,California
Lake,2021-04-05,643,32388,71,10051,552,21324,20,1013,402,6555,238,13389,421,19944,California
Lake,2021-04-06,482,32870,19,10070,437,21761,26,1039,307,6714,174,13563,333,20277,California
Lake,2021-04-07,526,33396,57,10127,416,22177,53,1092,355,6953,169,13732,408,20685,California
Lake,2021-04-08,608,34004,496,10623,46,22223,66,1158,107,6628,498,14230,173,20858,California
Lake,2021-04-09,282,34286,40,10663,173,22396,69,1227,48,6514,230,14460,116,20974,California
Lake,2021-04-10,257,34543,15,10678,16,22412,226,1453,11,6505,246,14706,237,21211,California
Lake,2021-04-11,21,34564,16,10694,3,22415,2,1455,7,6500,14,14720,9,21220,California
Lake,2021-04-12,1081,35645,233,10927,814,23229,34,1489,244,5941,837,15557,278,21498,California
Lake,2021-04-13,181,35826,110,11037,71,23300,0,1489,54,5868,127,15684,54,21552,California
Lake,2021-04-14,619,36445,38,11075,581,23881,0,1489,553,6355,66,15750,553,22105,California
Lake,2021-04-15,647,37092,193,11268,454,24335,0,1489,332,6372,315,16065,332,22437,California
Lake,2021-04-16,269,37361,32,11300,237,24572,0,1489,76,6256,192,16257,76,22513,California
Lake,2021-04-17,42,37403,12,11312,30,24602,0,1489,32,6278,10,16267,32,22545,California
Lake,2021-04-18,9,37412,6,11318,3,24605,0,1489,0,6269,9,16276,0,22545,California
Lake,2021-04-19,297,37709,39,11357,258,24863,0,1489,246,6464,51,16327,246,22791,California
Lake,2021-04-20,694,38403,280,11637,414,25277,0,1489,95,5962,598,16925,96,22887,California
Lake,2021-04-21,531,38934,62,11699,469,25746,0,1489,196,5823,335,17260,196,23083,California
Lake,2021-04-22,471,39405,50,11749,421,26167,0,1489,323,5999,147,17407,323,23406,California
Lake,2021-04-23,122,39527,64,11813,58,26225,0,1489,72,6023,48,17455,72,23478,California
Lake,2021-04-24,55,39582,9,11822,46,26271,0,1489,41,6050,14,17469,41,23519,California
Lake,2021-04-25,37,39619,20,11842,17,26288,0,1489,25,6063,12,17481,25,23544,California
Lake,2021-04-26,295,39914,82,11924,212,26500,1,1490,90,5949,205,17686,91,23635,California
Lake,2021-04-27,249,40163,24,11948,207,26707,18,1508,86,5890,163,17849,104,23739,California
Lake,2021-04-28,509,40672,50,11998,444,27151,15,1523,89,5575,418,18267,103,23842,California
Lake,2021-04-29,214,40886,85,12083,113,27264,16,1539,112,5600,102,18369,127,23969,California
Lake,2021-04-30,289,41175,45,12128,213,27477,31,1570,147,5637,141,18510,178,24147,California
Lake,2021-05-01,49,41224,26,12154,21,27498,2,1572,33,5657,15,18525,35,24182,California
Lake,2021-05-02,19,41243,10,12164,8,27506,1,1573,10,5659,9,18534,11,24193,California
Lake,2021-05-03,413,41656,30,12194,347,27853,36,1609,66,5415,346,18880,102,24295,California
Lake,2021-05-04,403,42059,217,12411,138,27991,48,1657,123,5307,279,19159,171,24466,California
Lake,2021-05-05,629,42688,44,12455,573,28564,12,1669,84,4860,542,19701,95,24561,California
Lake,2021-05-06,142,42830,19,12474,94,28658,29,1698,72,4890,70,19771,100,24661,California
Lake,2021-05-07,166,42996,29,12503,117,28775,20,1718,102,4950,62,19833,122,24783,California
Lake,2021-05-08,41,43037,7,12510,34,28809,0,1718,34,4977,7,19840,34,24817,California
Lake,2021-05-09,17,43054,2,12512,10,28819,5,1723,10,4985,7,19847,15,24832,California
Lake,2021-05-10,243,43297,10,12522,206,29025,27,1750,58,4886,184,20031,85,24917,California
Lake,2021-05-11,195,43492,25,12547,153,29178,17,1767,116,4941,79,20110,134,25051,California
Lake,2021-05-12,541,44033,31,12578,490,29668,20,1787,54,4527,487,20597,73,25124,California
Lake,2021-05-13,318,44351,69,12647,235,29903,14,1801,72,4369,244,20841,86,25210,California
Lake,2021-05-14,268,44619,83,12730,167,30070,18,1819,163,4446,103,20944,180,25390,California
Lake,2021-05-15,45,44664,19,12749,23,30093,3,1822,28,4460,17,20961,31,25421,California
Lake,2021-05-16,33,44697,19,12768,13,30106,1,1823,18,4464,15,20976,19,25440,California
Lake,2021-05-17,314,45011,44,12812,255,30361,15,1838,82,4332,229,21205,97,25537,California
Lake,2021-05-18,299,45310,65,12877,215,30576,19,1857,171,4395,127,21332,190,25727,California
Lake,2021-05-19,313,45623,57,12934,241,30817,15,1872,88,4274,224,21556,103,25830,California
Lake,2021-05-20,240,45863,60,12994,169,30986,11,1883,94,4233,146,21702,105,25935,California
Lake,2021-05-21,274,46137,51,13045,199,31185,24,1907,113,4211,159,21861,137,26072,California
Lake,2021-05-22,98,46235,54,13099,41,31226,3,1910,49,4214,49,21910,52,26124,California
Lake,2021-05-23,58,46293,28,13127,29,31255,1,1911,30,4217,28,21938,31,26155,California
Lake,2021-05-24,158,46451,35,13162,109,31364,14,1925,71,4215,87,22025,85,26240,California
Lake,2021-05-25,204,46655,57,13219,136,31500,11,1936,74,4171,129,22154,85,26325,California
Lake,2021-05-26,151,46806,45,13264,95,31595,11,1947,55,4143,94,22248,66,26391,California
Lake,2021-05-27,175,46981,47,13311,114,31709,14,1961,61,4105,113,22361,75,26466,California
Lake,2021-05-28,221,47202,21,13332,163,31872,37,1998,50,4023,168,22529,86,26552,California
Lake,2021-05-29,37,47239,10,13342,21,31893,6,2004,14,4020,23,22552,20,26572,California
Lake,2021-05-30,22,47261,6,13348,14,31907,2,2006,12,4024,10,22562,14,26586,California
Lake,2021-05-31,63,47324,21,13369,40,31947,2,2008,53,4069,10,22572,55,26641,California
Lake,2021-06-01,197,47521,38,13407,150,32097,9,2017,69,4020,127,22699,78,26719,California
Lake,2021-06-02,132,47653,46,13453,74,32171,12,2029,53,4006,79,22778,65,26784,California
Lake,2021-06-03,181,47834,53,13506,109,32280,19,2048,79,4002,102,22880,98,26882,California
Lake,2021-06-04,185,48019,54,13560,115,32395,16,2064,47,3929,136,23016,63,26945,California
Lake,2021-06-05,91,48110,56,13616,27,32422,8,2072,55,3956,36,23052,63,27008,California
Lake,2021-06-06,69,48179,39,13655,30,32452,0,2072,24,3935,45,23097,24,27032,California
Lake,2021-06-07,90,48269,29,13684,53,32505,8,2080,32,3918,57,23154,40,27072,California
Lake,2021-06-08,179,48448,68,13752,99,32604,12,2092,67,3885,112,23266,79,27151,California
Lake,2021-06-09,171,48619,42,13794,125,32729,4,2096,36,3792,133,23399,40,27191,California
Lake,2021-06-10,129,48748,64,13858,52,32781,13,2109,51,3778,78,23477,64,27255,California
Lake,2021-06-11,208,48956,66,13924,119,32900,23,2132,48,3691,158,23635,71,27326,California
Lake,2021-06-12,67,49023,39,13963,22,32922,6,2138,34,3698,33,23668,40,27366,California
Lake,2021-06-13,29,49052,16,13979,13,32935,0,2138,14,3697,15,23683,14,27380,California
Lake,2021-06-14,178,49230,86,14065,79,33014,13,2151,50,3633,127,23810,63,27443,California
Lake,2021-06-15,245,49475,65,14130,162,33176,18,2169,79,3564,166,23976,97,27540,California
Lake,2021-06-16,163,49638,57,14187,91,33267,15,2184,55,3527,107,24083,70,27610,California
Lake,2021-06-17,179,49817,86,14273,83,33350,10,2194,78,3515,100,24183,88,27698,California
Lake,2021-06-18,141,49958,38,14311,93,33443,10,2204,57,3498,84,24267,67,27765,California
Lake,2021-06-19,67,50025,25,14336,42,33485,0,2204,34,3499,33,24300,34,27799,California
Lake,2021-06-20,21,50046,7,14343,12,33497,2,2206,10,3500,11,24311,12,27811,California
Lake,2021-06-21,67,50113,17,14360,43,33540,7,2213,29,3498,38,24349,36,27847,California
Lake,2021-06-22,135,50248,51,14411,74,33614,10,2223,62,3498,72,24421,72,27919,California
Lake,2021-06-23,148,50396,68,14479,56,33670,24,2247,80,3534,68,24489,104,28023,California
Lake,2021-06-24,140,50536,93,14572,34,33704,13,2260,48,3505,90,24579,61,28084,California
Lake,2021-06-25,129,50665,57,14629,63,33767,9,2269,66,3518,62,24641,75,28159,California
Lake,2021-06-26,48,50713,37,14666,11,33778,0,2269,6,3482,42,24683,6,28165,California
Lake,2021-06-27,42,50755,30,14696,12,33790,0,2269,23,3486,19,24702,23,28188,California
Lake,2021-06-28,66,50821,22,14718,22,33812,22,2291,28,3499,37,24739,50,28238,California
Lake,2021-06-29,121,50942,47,14765,70,33882,4,2295,65,3512,56,24795,69,28307,California
Lake,2021-06-30,115,51057,61,14826,47,33929,7,2302,59,3522,56,24851,66,28373,California
Lake,2021-07-01,117,51174,54,14880,59,33988,4,2306,41,3495,72,24923,45,28418,California
Lake,2021-07-02,108,51282,35,14915,61,34049,12,2318,51,3502,55,24978,62,28480,California
Lake,2021-07-03,74,51356,43,14958,31,34080,0,2318,34,3498,38,25016,34,28514,California
Lake,2021-07-04,14,51370,5,14963,9,34089,0,2318,9,3502,5,25021,9,28523,California
Lake,2021-07-05,46,51416,18,14981,28,34117,0,2318,32,3520,14,25035,32,28555,California
Lake,2021-07-06,158,51574,53,15034,99,34216,6,2324,63,3497,92,25127,69,28624,California
Lake,2021-07-07,88,51662,53,15087,33,34249,2,2326,55,3521,33,25160,57,28681,California
Lake,2021-07-08,28,51690,11,15098,17,34266,0,2326,10,3513,18,25178,10,28691,California
Lassen,2020-12-16,8,8,8,8,0,0,0,0,8,8,0,0,8,8,California
Lassen,2020-12-17,6,14,6,14,0,0,0,0,6,14,0,0,6,14,California
Lassen,2020-12-18,1,15,1,15,0,0,0,0,1,15,0,0,1,15,California
Lassen,2020-12-19,5,20,5,20,0,0,0,0,5,20,0,0,5,20,California
Lassen,2020-12-20,2,22,2,22,0,0,0,0,2,22,0,0,2,22,California
Lassen,2020-12-21,11,33,11,33,0,0,0,0,11,33,0,0,11,33,California
Lassen,2020-12-22,23,56,23,56,0,0,0,0,23,56,0,0,23,56,California
Lassen,2020-12-23,6,62,6,62,0,0,0,0,6,62,0,0,6,62,California
Lassen,2020-12-24,11,73,11,73,0,0,0,0,11,73,0,0,11,73,California
Lassen,2020-12-28,3,76,2,75,1,1,0,0,3,76,0,0,3,76,California
Lassen,2020-12-29,35,111,35,110,0,1,0,0,35,111,0,0,35,111,California
Lassen,2020-12-30,36,147,35,145,1,2,0,0,36,147,0,0,36,147,California
Lassen,2020-12-31,49,196,42,187,7,9,0,0,49,196,0,0,49,196,California
Lassen,2021-01-02,1,197,0,187,1,10,0,0,1,197,0,0,1,197,California
Lassen,2021-01-04,15,212,2,189,13,23,0,0,15,212,0,0,15,212,California
Lassen,2021-01-05,193,405,52,241,141,164,0,0,193,405,0,0,193,405,California
Lassen,2021-01-06,97,502,45,286,52,216,0,0,89,487,8,8,90,495,California
Lassen,2021-01-07,43,545,7,293,36,252,0,0,37,518,6,14,37,532,California
Lassen,2021-01-08,50,595,2,295,48,300,0,0,50,568,0,14,50,582,California
Lassen,2021-01-09,12,607,6,301,6,306,0,0,12,580,0,14,12,594,California
Lassen,2021-01-11,27,634,5,306,22,328,0,0,27,607,0,14,27,621,California
Lassen,2021-01-12,49,683,29,335,20,348,0,0,30,618,19,33,30,651,California
Lassen,2021-01-13,161,844,19,354,142,490,0,0,146,749,15,48,146,797,California
Lassen,2021-01-14,161,1005,18,372,143,633,0,0,149,886,12,60,149,946,California
Lassen,2021-01-15,32,1037,6,378,26,659,0,0,32,918,0,60,32,978,California
Lassen,2021-01-16,34,1071,33,411,1,660,0,0,34,952,0,60,34,1012,California
Lassen,2021-01-17,1,1072,0,411,1,661,0,0,1,953,0,60,1,1013,California
Lassen,2021-01-18,5,1077,2,413,3,664,0,0,4,956,1,61,4,1017,California
Lassen,2021-01-19,186,1263,36,449,150,814,0,0,158,1086,28,89,158,1175,California
Lassen,2021-01-20,188,1451,100,549,88,902,0,0,105,1123,68,157,105,1280,California
Lassen,2021-01-21,145,1596,93,642,52,954,0,0,121,1226,18,175,121,1401,California
Lassen,2021-01-22,31,1627,18,660,13,967,0,0,21,1237,10,185,21,1422,California
Lassen,2021-01-23,2,1629,0,660,2,969,0,0,2,1239,0,185,2,1424,California
Lassen,2021-01-24,1,1630,0,660,1,970,0,0,1,1240,0,185,1,1425,California
Lassen,2021-01-25,12,1642,1,661,11,981,0,0,11,1250,1,186,11,1436,California
Lassen,2021-01-26,126,1768,12,673,114,1095,0,0,122,1368,4,190,122,1558,California
Lassen,2021-01-27,89,1857,37,710,52,1147,0,0,71,1421,18,208,71,1629,California
Lassen,2021-01-28,85,1942,15,725,70,1217,0,0,84,1504,1,209,84,1713,California
Lassen,2021-01-29,23,1965,7,732,16,1233,0,0,22,1525,1,210,22,1735,California
Lassen,2021-02-01,62,2027,5,737,57,1290,0,0,37,1537,25,235,37,1772,California
Lassen,2021-02-02,177,2204,12,749,165,1455,0,0,44,1448,133,368,44,1816,California
Lassen,2021-02-03,98,2302,21,770,77,1532,0,0,50,1450,48,416,50,1866,California
Lassen,2021-02-04,113,2415,16,786,97,1629,0,0,64,1465,49,465,64,1930,California
Lassen,2021-02-05,66,2481,12,798,54,1683,0,0,24,1447,42,507,24,1954,California
Lassen,2021-02-06,69,2550,34,832,35,1718,0,0,36,1451,32,539,36,1990,California
Lassen,2021-02-07,3,2553,3,835,0,1718,0,0,3,1454,0,539,3,1993,California
Lassen,2021-02-08,44,2597,4,839,40,1758,0,0,18,1446,26,565,18,2011,California
Lassen,2021-02-09,128,2725,7,846,121,1879,0,0,49,1416,79,644,49,2060,California
Lassen,2021-02-10,182,2907,21,867,161,2040,0,0,75,1384,107,751,75,2135,California
Lassen,2021-02-11,183,3090,17,884,166,2206,0,0,80,1362,102,853,80,2215,California
Lassen,2021-02-12,43,3133,11,895,32,2238,0,0,16,1351,27,880,16,2231,California
Lassen,2021-02-13,11,3144,3,898,8,2246,0,0,9,1358,2,882,9,2240,California
Lassen,2021-02-14,13,3157,0,898,13,2259,0,0,12,1369,1,883,12,2252,California
Lassen,2021-02-15,22,3179,3,901,19,2278,0,0,17,1382,4,887,17,2269,California
Lassen,2021-02-16,193,3372,4,905,189,2467,0,0,31,1253,160,1047,31,2300,California
Lassen,2021-02-17,182,3554,94,999,88,2555,0,0,10,1091,172,1219,10,2310,California
Lassen,2021-02-18,81,3635,22,1021,59,2614,0,0,21,1052,60,1279,21,2331,California
Lassen,2021-02-19,83,3718,62,1083,21,2635,0,0,19,1007,64,1343,19,2350,California
Lassen,2021-02-20,8,3726,0,1083,8,2643,0,0,6,1011,2,1345,6,2356,California
Lassen,2021-02-21,22,3748,2,1085,20,2663,0,0,18,1025,4,1349,18,2374,California
Lassen,2021-02-22,28,3776,13,1098,15,2678,0,0,9,1015,19,1368,9,2383,California
Lassen,2021-02-23,154,3930,10,1108,144,2822,0,0,43,947,111,1479,43,2426,California
Lassen,2021-02-24,166,4096,16,1124,150,2972,0,0,107,996,58,1537,107,2533,California
Lassen,2021-02-25,160,4256,23,1147,137,3109,0,0,98,1032,62,1599,98,2631,California
Lassen,2021-02-26,76,4332,17,1164,59,3168,0,0,37,1030,39,1638,37,2668,California
Lassen,2021-02-27,8,4340,7,1171,1,3169,0,0,3,1028,5,1643,3,2671,California
Lassen,2021-02-28,6,4346,2,1173,4,3173,0,0,2,1026,4,1647,2,2673,California
Lassen,2021-03-01,43,4389,4,1177,39,3212,0,0,9,1002,33,1680,9,2682,California
Lassen,2021-03-02,109,4498,8,1185,101,3313,0,0,81,1056,27,1707,81,2763,California
Lassen,2021-03-03,169,4667,11,1196,158,3471,0,0,113,1113,56,1763,113,2876,California
Lassen,2021-03-04,150,4817,17,1213,133,3604,0,0,98,1160,51,1814,98,2974,California
Lassen,2021-03-05,49,4866,7,1220,18,3622,24,24,11,1157,38,1852,35,3009,California
Lassen,2021-03-06,55,4921,4,1224,29,3651,22,46,5,1134,50,1902,27,3036,California
Lassen,2021-03-07,58,4979,3,1227,0,3651,55,101,3,1137,55,1957,58,3094,California
Lassen,2021-03-08,88,5067,2,1229,7,3658,79,180,3,1134,85,2042,82,3176,California
Lassen,2021-03-09,137,5204,11,1240,109,3767,17,197,89,1192,48,2090,106,3282,California
Lassen,2021-03-10,173,5377,10,1250,161,3928,2,199,79,1180,93,2183,81,3363,California
Lassen,2021-03-11,184,5561,16,1266,161,4089,7,206,112,1230,69,2252,119,3482,California
Lassen,2021-03-12,35,5596,17,1283,14,4103,4,210,12,1223,23,2275,16,3498,California
Lassen,2021-03-13,48,5644,0,1283,2,4105,46,256,1,1222,47,2322,46,3544,California
Lassen,2021-03-14,14,5658,2,1285,11,4116,1,257,2,1213,12,2334,3,3547,California
Lassen,2021-03-15,37,5695,5,1290,31,4147,1,258,16,1209,21,2355,17,3564,California
Lassen,2021-03-16,93,5788,2,1292,86,4233,5,263,74,1269,19,2374,79,3643,California
Lassen,2021-03-17,1082,6870,10,1302,1067,5300,5,268,1061,2314,21,2395,1066,4709,California
Lassen,2021-03-18,94,6964,9,1311,84,5384,1,269,81,2383,13,2408,82,4791,California
Lassen,2021-03-19,19,6983,11,1322,4,5388,4,273,7,2382,12,2420,11,4802,California
Lassen,2021-03-20,29,7012,3,1325,23,5411,3,276,22,2400,7,2427,25,4827,California
Lassen,2021-03-21,34,7046,1,1326,33,5444,0,276,14,2395,19,2446,14,4841,California
Lassen,2021-03-22,59,7105,1,1327,58,5502,0,276,56,2448,3,2449,56,4897,California
Lassen,2021-03-23,120,7225,11,1338,108,5610,1,277,67,2463,53,2502,68,4965,California
Lassen,2021-03-24,212,7437,13,1351,198,5808,1,278,105,2464,105,2607,106,5071,California
Lassen,2021-03-25,155,7592,23,1374,132,5940,0,278,72,2453,83,2690,72,5143,California
Lassen,2021-03-26,77,7669,13,1387,26,5966,38,316,19,2452,57,2747,56,5199,California
Lassen,2021-03-27,21,7690,4,1391,1,5967,16,332,3,2453,18,2765,19,5218,California
Lassen,2021-03-28,18,7708,4,1395,3,5970,11,343,2,2450,16,2781,13,5231,California
Lassen,2021-03-29,53,7761,0,1395,28,5998,25,368,20,2463,32,2813,45,5276,California
Lassen,2021-03-30,200,7961,10,1405,164,6162,26,394,52,2393,148,2961,78,5354,California
Lassen,2021-03-31,147,8108,12,1417,113,6275,22,416,62,2393,84,3045,84,5438,California
Lassen,2021-04-01,167,8275,15,1432,131,6406,21,437,47,2342,119,3164,68,5506,California
Lassen,2021-04-02,30,8305,4,1436,3,6409,23,460,2,2339,28,3192,25,5531,California
Lassen,2021-04-03,12,8317,0,1436,2,6411,10,470,0,2337,12,3204,10,5541,California
Lassen,2021-04-04,7,8324,2,1438,0,6411,5,475,1,2337,6,3210,6,5547,California
Lassen,2021-04-05,22,8346,4,1442,11,6422,7,482,11,2344,11,3221,18,5565,California
Lassen,2021-04-06,182,8528,8,1450,144,6566,30,512,52,2296,130,3351,82,5647,California
Lassen,2021-04-07,135,8663,6,1456,92,6658,37,549,32,2264,103,3454,71,5718,California
Lassen,2021-04-08,169,8832,10,1466,103,6761,56,605,32,2219,133,3587,88,5806,California
Lassen,2021-04-09,53,8885,6,1472,10,6771,37,642,8,2219,44,3631,44,5850,California
Lassen,2021-04-10,10,8895,0,1472,2,6773,8,650,0,2218,9,3640,8,5858,California
Lassen,2021-04-11,6,8901,2,1474,1,6774,3,653,3,2221,3,3643,6,5864,California
Lassen,2021-04-12,32,8933,4,1478,15,6789,13,666,4,2210,28,3671,17,5881,California
Lassen,2021-04-13,129,9062,6,1484,123,6912,0,666,40,2162,88,3759,40,5921,California
Lassen,2021-04-14,986,10048,16,1500,970,7882,0,666,51,1280,933,4692,51,5972,California
Lassen,2021-04-15,147,10195,14,1514,133,8015,0,666,19,1171,128,4820,19,5991,California
Lassen,2021-04-16,14,10209,5,1519,9,8024,0,666,6,1169,8,4828,6,5997,California
Lassen,2021-04-17,24,10233,3,1522,21,8045,0,666,4,1153,20,4848,4,6001,California
Lassen,2021-04-18,5,10238,2,1524,3,8048,0,666,2,1152,3,4851,2,6003,California
Lassen,2021-04-19,35,10273,0,1524,35,8083,0,666,18,1153,17,4868,18,6021,California
Lassen,2021-04-20,137,10410,7,1531,130,8213,0,666,51,1118,86,4954,51,6072,California
Lassen,2021-04-21,167,10577,10,1541,156,8369,1,667,34,1022,131,5085,35,6107,California
Lassen,2021-04-22,102,10679,16,1557,86,8455,0,667,32,984,70,5155,32,6139,California
Lassen,2021-04-23,27,10706,1,1558,26,8481,0,667,21,999,6,5161,21,6160,California
Lassen,2021-04-24,9,10715,5,1563,4,8485,0,667,3,996,6,5167,3,6163,California
Lassen,2021-04-25,5,10720,0,1563,4,8489,1,668,3,998,2,5169,4,6167,California
Lassen,2021-04-26,44,10764,2,1565,38,8527,4,672,9,977,34,5203,13,6180,California
Lassen,2021-04-27,119,10883,9,1574,107,8634,3,675,66,993,53,5256,69,6249,California
Lassen,2021-04-28,82,10965,7,1581,73,8707,2,677,29,971,53,5309,31,6280,California
Lassen,2021-04-29,69,11034,7,1588,59,8766,3,680,24,954,44,5353,27,6307,California
Lassen,2021-04-30,15,11049,8,1596,4,8770,3,683,6,954,9,5362,9,6316,California
Lassen,2021-05-01,5,11054,0,1596,4,8774,1,684,4,958,1,5363,5,6321,California
Lassen,2021-05-02,10,11064,6,1602,4,8778,0,684,6,960,4,5367,6,6327,California
Lassen,2021-05-03,17,11081,2,1604,9,8787,6,690,2,953,15,5382,8,6335,California
Lassen,2021-05-04,73,11154,5,1609,60,8847,8,698,21,930,52,5434,29,6364,California
Lassen,2021-05-05,83,11237,4,1613,67,8914,12,710,26,912,56,5490,38,6402,California
Lassen,2021-05-06,80,11317,21,1634,37,8951,22,732,21,896,59,5549,43,6445,California
Lassen,2021-05-07,49,11366,33,1667,11,8962,5,737,41,934,8,5557,46,6491,California
Lassen,2021-05-08,11,11377,0,1667,5,8967,6,743,4,937,7,5564,10,6501,California
Lassen,2021-05-09,3,11380,1,1668,0,8967,2,745,0,936,3,5567,2,6503,California
Lassen,2021-05-10,12,11392,1,1669,8,8975,3,748,6,939,6,5573,9,6512,California
Lassen,2021-05-11,74,11466,1,1670,62,9037,11,759,20,916,54,5627,31,6543,California
Lassen,2021-05-12,44,11510,4,1674,34,9071,6,765,14,906,30,5657,20,6563,California
Lassen,2021-05-13,36,11546,10,1684,21,9092,5,770,10,895,26,5683,15,6578,California
Lassen,2021-05-14,21,11567,3,1687,10,9102,8,778,10,902,11,5694,18,6596,California
Lassen,2021-05-15,16,11583,2,1689,4,9106,10,788,4,904,12,5706,14,6610,California
Lassen,2021-05-16,7,11590,2,1691,3,9109,2,790,2,904,4,5710,4,6614,California
Lassen,2021-05-17,36,11626,4,1695,20,9129,12,802,10,900,26,5736,22,6636,California
Lassen,2021-05-18,92,11718,11,1706,68,9197,13,815,28,877,64,5800,41,6677,California
Lassen,2021-05-19,59,11777,3,1709,45,9242,11,826,7,843,51,5851,17,6694,California
Lassen,2021-05-20,33,11810,8,1717,16,9258,9,835,11,841,22,5873,20,6714,California
Lassen,2021-05-21,67,11877,33,1750,20,9278,14,849,35,858,32,5905,49,6763,California
Lassen,2021-05-22,17,11894,2,1752,7,9285,8,857,7,863,10,5915,15,6778,California
Lassen,2021-05-23,6,11900,3,1755,1,9286,2,859,0,859,6,5921,2,6780,California
Lassen,2021-05-24,13,11913,1,1756,10,9296,2,861,5,859,7,5928,7,6787,California
Lassen,2021-05-25,99,12012,6,1762,84,9380,9,870,33,835,66,5994,42,6829,California
Lassen,2021-05-26,59,12071,1,1763,42,9422,16,886,11,814,48,6042,27,6856,California
Lassen,2021-05-27,43,12114,17,1780,20,9442,6,892,12,802,30,6072,18,6874,California
Lassen,2021-05-28,74,12188,48,1828,18,9460,8,900,30,796,44,6116,38,6912,California
Lassen,2021-05-29,15,12203,1,1829,12,9472,2,902,8,799,7,6123,10,6922,California
Lassen,2021-05-30,2,12205,0,1829,1,9473,1,903,1,800,1,6124,2,6924,California
Lassen,2021-05-31,7,12212,0,1829,6,9479,1,904,1,796,6,6130,2,6926,California
Lassen,2021-06-01,45,12257,2,1831,36,9515,7,911,15,788,30,6160,22,6948,California
Lassen,2021-06-02,57,12314,2,1833,41,9556,14,925,15,776,41,6201,29,6977,California
Lassen,2021-06-03,20,12334,2,1835,9,9565,9,934,6,777,14,6215,15,6992,California
Lassen,2021-06-04,37,12371,1,1836,24,9589,12,946,12,776,25,6240,24,7016,California
Lassen,2021-06-05,14,12385,3,1839,7,9596,4,950,4,774,10,6250,8,7024,California
Lassen,2021-06-06,5,12390,0,1839,2,9598,3,953,1,774,4,6254,4,7028,California
Lassen,2021-06-07,18,12408,0,1839,9,9607,9,962,3,771,15,6269,12,7040,California
Lassen,2021-06-08,42,12450,9,1848,29,9636,4,966,15,763,27,6296,19,7059,California
Lassen,2021-06-09,19,12469,1,1849,16,9652,2,968,8,763,10,6306,10,7069,California
Lassen,2021-06-10,21,12490,10,1859,8,9660,3,971,11,767,10,6316,14,7083,California
Lassen,2021-06-11,43,12533,29,1888,14,9674,0,971,11,747,32,6348,12,7095,California
Lassen,2021-06-12,5,12538,1,1889,4,9678,0,971,1,744,4,6352,1,7096,California
Lassen,2021-06-13,3,12541,2,1891,1,9679,0,971,1,743,2,6354,1,7097,California
Lassen,2021-06-14,10,12551,2,1893,6,9685,2,973,4,744,5,6359,6,7103,California
Lassen,2021-06-15,48,12599,5,1898,38,9723,5,978,15,731,33,6392,20,7123,California
Lassen,2021-06-16,12,12611,1,1899,6,9729,5,983,7,738,5,6397,12,7135,California
Lassen,2021-06-17,22,12633,10,1909,8,9737,4,987,9,738,13,6410,13,7148,California
Lassen,2021-06-18,45,12678,19,1928,18,9755,8,995,9,719,36,6446,17,7165,California
Lassen,2021-06-19,13,12691,1,1929,10,9765,2,997,5,718,8,6454,7,7172,California
Lassen,2021-06-20,6,12697,2,1931,3,9768,1,998,5,723,1,6455,6,7178,California
Lassen,2021-06-21,14,12711,0,1931,12,9780,2,1000,4,719,10,6465,6,7184,California
Lassen,2021-06-22,36,12747,1,1932,34,9814,1,1001,19,722,17,6482,20,7204,California
Lassen,2021-06-23,17,12764,2,1934,12,9826,3,1004,5,718,12,6494,8,7212,California
Lassen,2021-06-24,26,12790,3,1937,16,9842,7,1011,14,727,12,6506,21,7233,California
Lassen,2021-06-25,21,12811,3,1940,18,9860,0,1011,12,730,9,6515,12,7245,California
Lassen,2021-06-26,6,12817,0,1940,6,9866,0,1011,1,726,5,6520,1,7246,California
Lassen,2021-06-27,1,12818,0,1940,0,9866,1,1012,0,726,1,6521,1,7247,California
Lassen,2021-06-28,13,12831,2,1942,9,9875,2,1014,9,733,4,6525,11,7258,California
Lassen,2021-06-29,30,12861,1,1943,28,9903,1,1015,8,720,22,6547,9,7267,California
Lassen,2021-06-30,29,12890,8,1951,16,9919,5,1020,14,724,15,6562,19,7286,California
Lassen,2021-07-01,26,12916,14,1965,11,9930,1,1021,16,731,10,6572,17,7303,California
Lassen,2021-07-02,28,12944,6,1971,18,9948,4,1025,11,731,15,6587,15,7318,California
Lassen,2021-07-03,5,12949,0,1971,5,9953,0,1025,3,732,2,6589,3,7321,California
Lassen,2021-07-04,1,12950,0,1971,1,9954,0,1025,1,733,0,6589,1,7322,California
Lassen,2021-07-05,9,12959,0,1971,6,9960,3,1028,2,731,7,6596,5,7327,California
Lassen,2021-07-06,26,12985,0,1971,26,9986,0,1028,11,729,13,6609,11,7338,California
Lassen,2021-07-07,19,13004,5,1976,13,9999,1,1029,8,727,11,6620,9,7347,California
Lassen,2021-07-08,22,13026,20,1996,2,10001,0,1029,15,735,7,6627,15,7362,California
Los Angeles,2020-12-15,399,399,399,399,0,0,0,0,399,399,0,0,399,399,California
Los Angeles,2020-12-16,3605,4004,3605,4004,0,0,0,0,3605,4004,0,0,3605,4004,California
Los Angeles,2020-12-17,10434,14438,10434,14438,0,0,0,0,10435,14439,0,0,10435,14439,California
Los Angeles,2020-12-18,14814,29252,14788,29226,26,26,0,0,14814,29253,0,0,14814,29253,California
Los Angeles,2020-12-19,7317,36569,7308,36534,9,35,0,0,7319,36572,0,0,7319,36572,California
Los Angeles,2020-12-20,4678,41247,4667,41201,11,46,0,0,4680,41252,0,0,4680,41252,California
Los Angeles,2020-12-21,13791,55038,13774,54975,17,63,0,0,13793,55044,1,1,13793,55045,California
Los Angeles,2020-12-22,11619,66657,11226,66201,393,456,0,0,11619,66661,2,3,11619,66664,California
Los Angeles,2020-12-23,12033,78690,10252,76453,1781,2237,0,0,12034,78695,0,3,12034,78698,California
Los Angeles,2020-12-24,7072,85762,4280,80733,2792,5029,0,0,7075,85770,0,3,7075,85773,California
Los Angeles,2020-12-25,530,86292,423,81156,107,5136,0,0,531,86301,0,3,531,86304,California
Los Angeles,2020-12-26,2554,88846,2199,83355,355,5491,0,0,2553,88852,2,5,2553,88857,California
Los Angeles,2020-12-27,1791,90637,1051,84406,740,6231,0,0,1791,90643,0,5,1791,90648,California
Los Angeles,2020-12-28,10419,101056,6453,90859,3966,10197,0,0,10416,101058,1,6,10416,101064,California
Los Angeles,2020-12-29,11706,112762,6135,96994,5571,15768,0,0,11706,112763,1,7,11706,112770,California
Los Angeles,2020-12-30,14984,127746,8145,105139,6839,22607,0,0,14983,127746,0,7,14983,127753,California
Los Angeles,2020-12-31,8070,135816,2785,107924,5285,27892,0,0,8064,135805,5,12,8064,135817,California
Los Angeles,2021-01-01,1101,136917,323,108247,778,28670,0,0,1099,136902,2,14,1099,136916,California
Los Angeles,2021-01-02,4518,141435,1689,109936,2829,31499,0,0,4517,141419,0,14,4517,141433,California
Los Angeles,2021-01-03,974,142409,231,110167,743,32242,0,0,972,142389,2,16,972,142405,California
Los Angeles,2021-01-04,12834,155243,4920,115087,7914,40156,0,0,12818,155205,2,18,12818,155223,California
Los Angeles,2021-01-05,16157,171400,7141,122228,9016,49172,0,0,14206,167499,1922,1940,14216,169439,California
Los Angeles,2021-01-06,22853,194253,12147,134375,10706,59878,0,0,17145,179014,5640,7580,17155,186594,California
Los Angeles,2021-01-07,29907,224160,16154,150529,13753,73631,0,0,19000,187170,10860,18440,19016,205610,California
Los Angeles,2021-01-08,33665,257825,18279,168808,15386,89017,0,0,21143,195831,12494,30934,21155,226765,California
Los Angeles,2021-01-09,12584,270409,7224,176032,5360,94377,0,0,7625,198508,4956,35890,7633,234398,California
Los Angeles,2021-01-10,4791,275200,3720,179752,1071,95448,0,0,2006,197730,2785,38675,2007,236405,California
Los Angeles,2021-01-11,26071,301271,16407,196159,9664,105112,0,0,15066,201815,10992,49667,15077,251482,California
Los Angeles,2021-01-12,29565,330836,16271,212430,13294,118406,0,0,19340,210958,10210,59877,19353,270835,California
Los Angeles,2021-01-13,29688,360524,15915,228345,13773,132179,0,0,20650,222594,9021,68898,20657,291492,California
Los Angeles,2021-01-14,29489,390013,12758,241103,16731,148910,0,0,23907,240951,5563,74461,23920,315412,California
Los Angeles,2021-01-15,34202,424215,12443,253546,21759,170669,0,0,30578,267943,3597,78058,30589,346001,California
Los Angeles,2021-01-16,17859,442074,5017,258563,12842,183511,0,0,16057,282214,1793,79851,16064,362065,California
Los Angeles,2021-01-17,5278,447352,2359,260922,2919,186430,0,0,5015,286969,262,80113,5017,367082,California
Los Angeles,2021-01-18,15804,463156,10169,271091,5635,192065,0,0,11049,293280,4742,84855,11053,378135,California
Los Angeles,2021-01-19,38923,502079,20701,291792,18222,210287,0,0,31047,316507,7835,92690,31062,409197,California
Los Angeles,2021-01-20,47265,549344,24769,316561,22496,232783,0,0,39588,348465,7643,100333,39601,448798,California
Los Angeles,2021-01-21,49396,598740,22693,339254,26703,259486,0,0,45031,389223,4291,104624,45049,493847,California
Los Angeles,2021-01-22,48641,647381,22497,361751,26144,285630,0,0,45107,430862,3485,108109,45124,538971,California
Los Angeles,2021-01-23,34354,681735,15822,377573,18532,304162,0,0,32238,461033,2081,110190,32252,571223,California
Los Angeles,2021-01-24,15761,697496,12184,389757,3577,307739,0,0,15198,475681,553,110743,15201,586424,California
Los Angeles,2021-01-25,39752,737248,16770,406527,22982,330721,0,0,31005,497997,8705,119448,31021,617445,California
Los Angeles,2021-01-26,49914,787162,24760,431287,25154,355875,0,0,41511,531167,8362,127810,41532,658977,California
Los Angeles,2021-01-27,51189,838351,25956,457243,25233,381108,0,0,41610,563375,9429,137239,41637,700614,California
Los Angeles,2021-01-28,49277,887628,23551,480794,25726,406834,0,0,40657,595560,8488,145727,40673,741287,California
Los Angeles,2021-01-29,50126,937754,25785,506579,24341,431175,0,0,39750,625321,10006,155733,39767,781054,California
Los Angeles,2021-01-30,30447,968201,15596,522175,14851,446026,0,0,26049,647062,4314,160047,26055,807109,California
Los Angeles,2021-01-31,12884,981085,10088,532263,2796,448822,0,0,11957,658112,911,160958,11961,819070,California
Los Angeles,2021-02-01,38871,1019956,16384,548647,22487,471309,0,0,28036,675377,10783,171741,28048,847118,California
Los Angeles,2021-02-02,45154,1065110,18082,566729,27072,498381,0,0,32608,695498,12493,184234,32614,879732,California
Los Angeles,2021-02-03,52653,1117763,19555,586284,33098,531479,0,0,37489,718089,14910,199144,37501,917233,California
Los Angeles,2021-02-04,57682,1175445,20724,607008,36958,568437,0,0,39297,739366,18034,217178,39311,956544,California
Los Angeles,2021-02-05,62031,1237476,21086,628094,40945,609382,0,0,39619,757051,21950,239128,39635,996179,California
Los Angeles,2021-02-06,35904,1273380,13488,641582,22416,631798,0,0,27284,775819,8539,247667,27307,1023486,California
Los Angeles,2021-02-07,11039,1284419,8527,650109,2512,634310,0,0,8605,782019,2413,250080,8613,1032099,California
Los Angeles,2021-02-08,47404,1331823,21873,671982,25531,659841,0,0,30915,796600,16340,266420,30921,1063020,California
Los Angeles,2021-02-09,56393,1388216,24791,696773,31602,691443,0,0,28515,797367,27760,294180,28527,1091547,California
Los Angeles,2021-02-10,67686,1455902,29611,726384,38075,729518,0,0,30529,791156,36758,330938,30547,1122094,California
Los Angeles,2021-02-11,58930,1514832,31434,757818,27496,757014,0,0,28224,789183,30207,361145,28234,1150328,California
Los Angeles,2021-02-12,60835,1575667,30154,787972,30681,787695,0,0,26525,781825,33906,395051,26548,1176876,California
Los Angeles,2021-02-13,34247,1609914,20006,807978,14241,801936,0,0,15535,778808,18607,413658,15590,1192466,California
Los Angeles,2021-02-14,22048,1631962,15052,823030,6996,808932,0,0,8834,774506,13145,426803,8843,1201309,California
Los Angeles,2021-02-15,33319,1665281,16151,839181,17168,826100,0,0,18221,777732,15012,441815,18238,1219547,California
Los Angeles,2021-02-16,64885,1730166,32978,872159,31907,858007,0,0,29917,772822,34844,476659,29934,1249481,California
Los Angeles,2021-02-17,65763,1795929,35070,907229,30693,888700,0,0,26620,760539,38918,515577,26635,1276116,California
Los Angeles,2021-02-18,69391,1865320,35291,942520,34100,922800,0,0,28788,748963,40385,555962,28809,1304925,California
Los Angeles,2021-02-19,59699,1925019,36762,979282,22937,945737,0,0,29044,747533,30494,586456,29064,1333989,California
Los Angeles,2021-02-20,33722,1958741,24545,1003827,9177,954914,0,0,16169,746255,17472,603928,16194,1350183,California
Los Angeles,2021-02-21,22823,1981564,21074,1024901,1749,956663,0,0,11429,746373,11317,615245,11435,1361618,California
Los Angeles,2021-02-22,36723,2018287,26820,1051721,9903,966566,0,0,18716,747229,17883,633128,18739,1380357,California
Los Angeles,2021-02-23,57707,2075994,24679,1076400,33028,999594,0,0,22297,734373,35182,668310,22326,1402683,California
Los Angeles,2021-02-24,67617,2143611,30211,1106611,37406,1037000,0,0,28856,724772,38494,706804,28893,1431576,California
Los Angeles,2021-02-25,76248,2219859,34948,1141559,41300,1078300,0,0,39083,726959,36931,743735,39118,1470694,California
Los Angeles,2021-02-26,85616,2305475,39637,1181196,45979,1124279,0,0,47853,737376,37484,781219,47901,1518595,California
Los Angeles,2021-02-27,61423,2366898,26825,1208021,34589,1158868,9,9,31085,738367,30139,811358,31130,1549725,California
Los Angeles,2021-02-28,27113,2394011,18676,1226697,8434,1167302,3,12,19001,749397,7991,819349,19021,1568746,California
Los Angeles,2021-03-01,57818,2451829,32769,1259466,25005,1192307,44,56,34672,761240,22908,842257,34751,1603497,California
Los Angeles,2021-03-02,78661,2530490,38153,1297619,40499,1232806,9,65,49556,781919,28922,871179,49601,1653098,California
Los Angeles,2021-03-03,86461,2616951,44339,1341958,42103,1274909,19,84,54745,805225,31493,902672,54799,1707897,California
Los Angeles,2021-03-04,92350,2709301,47285,1389243,45048,1319957,17,101,58372,829896,33757,936429,58428,1766325,California
Los Angeles,2021-03-05,91018,2800319,44896,1434139,46088,1366045,34,135,60794,860813,29984,966413,60901,1827226,California
Los Angeles,2021-03-06,67733,2868052,34535,1468674,31350,1397395,1848,1983,43615,882327,23954,990367,45468,1872694,California
Los Angeles,2021-03-07,28498,2896550,20963,1489637,5922,1403317,1613,3596,21441,898362,7015,997382,23050,1895744,California
Los Angeles,2021-03-08,54877,2951427,29576,1519213,23213,1426530,2088,5684,41387,928484,13360,1010742,43482,1939226,California
Los Angeles,2021-03-09,82287,3033714,39204,1558417,39741,1466271,3342,9026,52305,954316,29806,1040548,55638,1994864,California
Los Angeles,2021-03-10,83758,3117472,41249,1599666,37611,1503882,4898,13924,52965,981552,30581,1071129,57817,2052681,California
Los Angeles,2021-03-11,93878,3211350,46139,1645805,40977,1544859,6762,20686,54908,1004420,38747,1109876,61615,2114296,California
Los Angeles,2021-03-12,99869,3311219,45271,1691076,40662,1585521,13936,34622,58234,1035106,41387,1151263,72073,2186369,California
Los Angeles,2021-03-13,76050,3387269,35920,1726996,28127,1613648,12003,46625,45268,1061645,30650,1181913,57189,2243558,California
Los Angeles,2021-03-14,39283,3426552,26391,1753387,10330,1623978,2562,49187,23938,1072867,15256,1197169,26478,2270036,California
Los Angeles,2021-03-15,75768,3502320,37247,1790634,33052,1657030,5469,54656,45553,1093868,29981,1227150,50982,2321018,California
Los Angeles,2021-03-16,100611,3602931,44280,1834914,50447,1707477,5884,60540,64855,1129038,35505,1262655,70675,2391693,California
Los Angeles,2021-03-17,98308,3701239,44964,1879878,45013,1752490,8331,68871,65689,1170509,32373,1295028,73844,2465537,California
Los Angeles,2021-03-18,103766,3805005,49837,1929715,48340,1800830,5589,74460,65269,1203180,38157,1333185,70828,2536365,California
Los Angeles,2021-03-19,110092,3915097,57610,1987325,47678,1848508,4804,79264,67399,1232939,42381,1375566,72140,2608505,California
Los Angeles,2021-03-20,77108,3992205,37961,2025286,34531,1883039,4616,83880,52316,1265267,24580,1400146,56908,2665413,California
Los Angeles,2021-03-21,35019,4027224,26064,2051350,8048,1891087,907,84787,22391,1276071,12491,1412637,23295,2688708,California
Los Angeles,2021-03-22,71513,4098737,42156,2093506,27177,1918264,2180,86967,49984,1307007,21223,1433860,52159,2740867,California
Los Angeles,2021-03-23,97221,4195958,52818,2146324,41153,1959417,3250,90217,58468,1330252,38457,1472317,61702,2802569,California
Los Angeles,2021-03-24,105639,4301597,56198,2202522,46265,2005682,3176,93393,60389,1348908,44888,1517205,63544,2866113,California
Los Angeles,2021-03-25,111531,4413128,59943,2262465,47677,2053359,3911,97304,62160,1365928,49025,1566230,66045,2932158,California
Los Angeles,2021-03-26,115951,4529079,63553,2326018,48149,2101508,4249,101553,63624,1381765,51995,1618225,67832,2999990,California
Los Angeles,2021-03-27,83997,4613076,44154,2370172,37700,2139208,2143,103696,42716,1385643,40979,1659204,44857,3044847,California
Los Angeles,2021-03-28,42376,4655452,28739,2398911,13051,2152259,586,104282,20081,1384158,22153,1681357,20668,3065515,California
Los Angeles,2021-03-29,83581,4739033,47097,2446008,34701,2186960,1783,106065,46138,1394884,37188,1718545,47914,3113429,California
Los Angeles,2021-03-30,109724,4848757,52535,2498543,51243,2238203,5946,112011,56957,1405253,52486,1771031,62855,3176284,California
Los Angeles,2021-03-31,123289,4972046,62388,2560931,52056,2290259,8845,120856,68362,1427814,54574,1825605,77135,3253419,California
Los Angeles,2021-04-01,134291,5106337,63036,2623967,55762,2346021,15493,136349,71590,1452488,62286,1887891,86960,3340379,California
Los Angeles,2021-04-02,133266,5239603,59672,2683639,57982,2404003,15612,151961,70430,1476013,62445,1950336,85970,3426349,California
Los Angeles,2021-04-03,98982,5338585,45362,2729001,39931,2443934,13689,165650,48679,1488192,50087,2000423,62266,3488615,California
Los Angeles,2021-04-04,39342,5377927,20618,2749619,12079,2456013,6645,172295,16355,1488260,22885,2023308,22953,3511568,California
Los Angeles,2021-04-05,94716,5472643,44835,2794454,39459,2495472,10422,182717,44405,1492931,50065,2073373,54736,3566304,California
Los Angeles,2021-04-06,121978,5594621,57558,2852012,44014,2539486,20406,203123,55733,1502964,65955,2139328,75988,3642292,California
Los Angeles,2021-04-07,121442,5716063,55329,2907341,44803,2584289,21310,224433,54558,1512079,66585,2205913,75700,3717992,California
Los Angeles,2021-04-08,134015,5850078,59073,2966414,50650,2634939,24292,248725,60095,1522714,73556,2279469,84191,3802183,California
Los Angeles,2021-04-09,132927,5983005,57707,3024121,51027,2685966,24193,272918,56699,1527539,75868,2355337,80693,3882876,California
Los Angeles,2021-04-10,102238,6085243,43210,3067331,34769,2720735,24259,297177,37416,1524495,64558,2419895,61514,3944390,California
Los Angeles,2021-04-11,42023,6127266,22717,3090048,9901,2730636,9405,306582,14456,1520820,27467,2447362,23792,3968182,California
Los Angeles,2021-04-12,79912,6207178,39030,3129078,34378,2765014,6504,313086,32616,1512816,47053,2494415,39049,4007231,California
Los Angeles,2021-04-13,118654,6325832,59863,3188941,58357,2823371,434,313520,62677,1520248,55688,2550103,63120,4070351,California
Los Angeles,2021-04-14,120477,6446309,60328,3249269,60015,2883386,134,313654,65185,1530597,54971,2605074,65320,4135671,California
Los Angeles,2021-04-15,131919,6578228,71320,3320589,60400,2943786,199,313853,75320,1549729,56259,2661333,75391,4211062,California
Los Angeles,2021-04-16,132035,6710263,69731,3390320,62159,3005945,145,313998,69460,1557086,62186,2723519,69543,4280605,California
Los Angeles,2021-04-17,99856,6810119,52257,3442577,47574,3053519,25,314023,56877,1571279,42706,2766225,56899,4337504,California
Los Angeles,2021-04-18,35827,6845946,24198,3466775,11628,3065147,1,314024,19581,1574719,16150,2782375,19590,4357094,California
Los Angeles,2021-04-19,77619,6923565,40632,3507407,36969,3102116,18,314042,34822,1567012,42559,2824934,34852,4391946,California
Los Angeles,2021-04-20,105984,7029549,52563,3559970,53390,3155506,31,314073,52361,1566091,53320,2878254,52399,4444345,California
Los Angeles,2021-04-21,115095,7144644,56386,3616356,58518,3214024,191,314264,51060,1553729,63620,2941874,51258,4495603,California
Los Angeles,2021-04-22,118927,7263571,61851,3678207,57042,3271066,34,314298,52429,1540092,66113,3007987,52476,4548079,California
Los Angeles,2021-04-23,118431,7382002,65100,3743307,53308,3324374,23,314321,56467,1534986,61605,3069592,56499,4604578,California
Los Angeles,2021-04-24,90533,7472535,57518,3800825,32973,3357347,42,314363,50393,1545559,39874,3109466,50447,4655025,California
Los Angeles,2021-04-25,38014,7510549,25178,3826003,12830,3370177,6,314369,20447,1548575,17437,3126903,20453,4675478,California
Los Angeles,2021-04-26,79254,7589803,41339,3867342,37403,3407580,512,314881,39078,1548248,39915,3166818,39588,4715066,California
Los Angeles,2021-04-27,95579,7685382,46006,3913348,47575,3455155,1998,316879,37077,1529129,58183,3225001,39064,4754130,California
Los Angeles,2021-04-28,88059,7773441,42735,3956083,43216,3498371,2108,318987,34843,1513240,52834,3277835,36945,4791075,California
Los Angeles,2021-04-29,94657,7868098,47386,4003469,45057,3543428,2214,321201,34288,1489805,59932,3337767,36497,4827572,California
Los Angeles,2021-04-30,102619,7970717,50885,4054354,49270,3592698,2464,323665,37766,1465657,64360,3402127,40212,4867784,California
Los Angeles,2021-05-01,75901,8046618,42452,4096806,31890,3624588,1559,325224,28610,1448886,46932,3449059,30161,4897945,California
Los Angeles,2021-05-02,28112,8074730,18046,4114852,9324,3633912,742,325966,10177,1441995,17807,3466866,10916,4908861,California
Los Angeles,2021-05-03,62625,8137355,30423,4145275,29961,3663873,2241,328207,22769,1427424,39561,3506427,24990,4933851,California
Los Angeles,2021-05-04,88695,8226050,49454,4194729,36944,3700817,2297,330504,27690,1396719,60673,3567100,29968,4963819,California
Los Angeles,2021-05-05,91651,8317701,53678,4248407,35572,3736389,2401,332905,25439,1358718,65832,3632932,27831,4991650,California
Los Angeles,2021-05-06,98685,8416386,59705,4308112,36462,3772851,2518,335423,23618,1310180,74658,3707590,26120,5017770,California
Los Angeles,2021-05-07,98523,8514909,58352,4366464,37793,3810644,2378,337801,27181,1268774,70943,3778533,29537,5047307,California
Los Angeles,2021-05-08,67003,8581912,43981,4410445,21242,3831886,1780,339581,18626,1241152,48019,3826552,20397,5067704,California
Los Angeles,2021-05-09,24511,8606423,18835,4429280,4933,3836819,743,340324,6173,1229828,18231,3844783,6907,5074611,California
Los Angeles,2021-05-10,50817,8657240,26955,4456235,21953,3858772,1909,342233,15565,1212302,34994,3879777,17468,5092079,California
Los Angeles,2021-05-11,71556,8728796,39039,4495274,30364,3889136,2153,344386,18764,1180688,52511,3932288,20897,5112976,California
Los Angeles,2021-05-12,72751,8801547,39843,4535117,30590,3919726,2318,346704,20474,1151508,51945,3984233,22765,5135741,California
Los Angeles,2021-05-13,78489,8880036,47334,4582451,29419,3949145,1736,348440,27981,1131118,50095,4034328,29705,5165446,California
Los Angeles,2021-05-14,89888,8969924,57248,4639699,30760,3979905,1880,350320,33941,1111354,55574,4089902,35810,5201256,California
Los Angeles,2021-05-15,76632,9046556,53625,4693324,21453,4001358,1554,351874,29819,1096209,46506,4136408,31361,5232617,California
Los Angeles,2021-05-16,31036,9077592,24599,4717923,5822,4007180,615,352489,12334,1090558,18595,4155003,12944,5245561,California
Los Angeles,2021-05-17,62142,9139734,40256,4758179,20104,4027284,1782,354271,24938,1080306,36948,4191951,26696,5272257,California
Los Angeles,2021-05-18,65376,9205110,38710,4796889,24824,4052108,1842,356113,25731,1068490,39356,4231307,27540,5299797,California
Los Angeles,2021-05-19,67660,9272770,40774,4837663,25037,4077145,1849,357962,28808,1060563,38566,4269873,30639,5330436,California
Los Angeles,2021-05-20,66688,9339458,37351,4875014,27252,4104397,2085,360047,25219,1046786,41068,4310941,27291,5357727,California
Los Angeles,2021-05-21,70202,9409660,42592,4917606,25532,4129929,2078,362125,27204,1033468,42589,4353530,29271,5386998,California
Los Angeles,2021-05-22,57556,9467216,37433,4955039,18466,4148395,1657,363782,23403,1024611,33907,4387437,25050,5412048,California
Los Angeles,2021-05-23,24341,9491557,16977,4972016,6520,4154915,844,364626,10770,1022780,13441,4400878,11610,5423658,California
Los Angeles,2021-05-24,49125,9540682,27158,4999174,20110,4175025,1857,366483,18585,1012920,30285,4431163,20425,5444083,California
Los Angeles,2021-05-25,49917,9590599,28861,5028035,19278,4194303,1778,368261,19197,1003434,30452,4461615,20966,5465049,California
Los Angeles,2021-05-26,47270,9637869,26705,5054740,18711,4213014,1854,370115,19753,997832,27088,4488703,21486,5486535,California
Los Angeles,2021-05-27,45575,9683444,25472,5080212,18266,4231280,1837,371952,18816,991962,26505,4515208,20635,5507170,California
Los Angeles,2021-05-28,52438,9735882,29715,5109927,20824,4252104,1899,373851,23270,988273,28844,4544052,25155,5532325,California
Los Angeles,2021-05-29,30665,9766547,17751,5127678,11868,4263972,1046,374897,14291,987421,16176,4560228,15324,5547649,California
Los Angeles,2021-05-30,12516,9779063,8206,5135884,3574,4267546,736,375633,5796,987284,6663,4566891,6526,5554175,California
Los Angeles,2021-05-31,6060,9785123,3749,5139633,2005,4269551,306,375939,1730,985053,4264,4571155,2033,5556208,California
Los Angeles,2021-06-01,46359,9831482,25964,5165597,18822,4288373,1573,377512,17017,974628,28989,4600144,18564,5574772,California
Los Angeles,2021-06-02,38635,9870117,22336,5187933,14842,4303215,1457,378969,15115,967939,23233,4623377,16544,5591316,California
Los Angeles,2021-06-03,42885,9913002,28388,5216321,12930,4316145,1567,380536,14734,956361,27861,4651238,16283,5607599,California
Los Angeles,2021-06-04,52471,9965473,35445,5251766,15340,4331485,1686,382222,16594,939106,35511,4686749,18256,5625855,California
Los Angeles,2021-06-05,42626,10008099,30532,5282298,10709,4342194,1385,383607,12398,922836,30036,4716785,13766,5639621,California
Los Angeles,2021-06-06,14836,10022935,12246,5294544,1849,4344043,741,384348,3996,916799,10767,4727552,4730,5644351,California
Los Angeles,2021-06-07,37023,10059958,26427,5320971,9142,4353185,1454,385802,11792,904997,25028,4752580,13226,5657577,California
Los Angeles,2021-06-08,38456,10098414,26492,5347463,10369,4363554,1595,387397,12792,894012,25358,4777938,14373,5671950,California
Los Angeles,2021-06-09,39955,10138369,28222,5375685,10210,4373764,1523,388920,11770,879363,27914,4805852,13265,5685215,California
Los Angeles,2021-06-10,36702,10175071,25399,5401084,9696,4383460,1607,390527,11581,867653,24881,4830733,13171,5698386,California
Los Angeles,2021-06-11,41292,10216363,28289,5429373,11331,4394791,1672,392199,13510,855349,27471,4858204,15167,5713553,California
Los Angeles,2021-06-12,33466,10249829,24113,5453486,8135,4402926,1218,393417,10335,843929,22960,4881164,11540,5725093,California
Los Angeles,2021-06-13,11534,10261363,8260,5461746,2637,4405563,637,394054,2623,838338,8845,4890009,3254,5728347,California
Los Angeles,2021-06-14,32759,10294122,23559,5485305,7824,4413387,1376,395430,11487,830111,21069,4911078,12842,5741189,California
Los Angeles,2021-06-15,33968,10328090,22785,5508090,9476,4422863,1707,397137,11841,821866,21765,4932843,13520,5754709,California
Los Angeles,2021-06-16,32356,10360446,22362,5530452,8246,4431109,1748,398885,11379,814238,20744,4953587,13116,5767825,California
Los Angeles,2021-06-17,29745,10390191,19936,5550388,8072,4439181,1737,400622,10889,808260,18588,4972175,12610,5780435,California
Los Angeles,2021-06-18,35305,10425496,24286,5574674,9069,4448250,1950,402572,12473,800208,22454,4994629,14402,5794837,California
Los Angeles,2021-06-19,22304,10447800,15048,5589722,5887,4454137,1369,403941,8537,796558,13536,5008165,9886,5804723,California
Los Angeles,2021-06-20,8439,10456239,5945,5595667,2004,4456141,490,404431,3061,794797,5310,5013475,3549,5808272,California
Los Angeles,2021-06-21,19140,10475379,11765,5607432,6000,4462141,1375,405806,10276,797689,8746,5022221,11638,5819910,California
Los Angeles,2021-06-22,26227,10501606,17706,5625138,7007,4469148,1514,407320,10154,793460,15891,5038112,11662,5831572,California
Los Angeles,2021-06-23,24933,10526539,17157,5642295,6379,4475527,1397,408717,10010,790100,14748,5052860,11388,5842960,California
Los Angeles,2021-06-24,24730,10551269,17033,5659328,6093,4481620,1604,410321,9560,786270,14956,5067816,11126,5854086,California
Los Angeles,2021-06-25,29325,10580594,20439,5679767,7276,4488896,1610,411931,11996,782736,17120,5084936,13586,5867672,California
Los Angeles,2021-06-26,19939,10600533,14505,5694272,4418,4493314,1016,412947,8280,780466,11549,5096485,9279,5876951,California
Los Angeles,2021-06-27,8592,10609125,6254,5700526,1906,4495220,432,413379,3633,779631,4890,5101375,4055,5881006,California
Los Angeles,2021-06-28,20051,10629176,15448,5715974,3369,4498589,1234,414613,8763,778461,11157,5112532,9987,5890993,California
Los Angeles,2021-06-29,22412,10651588,15393,5731367,5951,4504540,1068,415681,9839,776941,12415,5124947,10895,5901888,California
Los Angeles,2021-06-30,22144,10673732,15637,5747004,5425,4509965,1082,416763,9982,775997,11992,5136939,11048,5912936,California
Los Angeles,2021-07-01,19934,10693666,14202,5761206,4733,4514698,999,417762,8988,775144,10828,5147767,9975,5922911,California
Los Angeles,2021-07-02,23455,10717121,16595,5777801,5750,4520448,1110,418872,10575,774092,12719,5160486,11667,5934578,California
Los Angeles,2021-07-03,13538,10730659,9562,5787363,3481,4523929,495,419367,6175,773503,7253,5167739,6664,5941242,California
Los Angeles,2021-07-04,754,10731413,390,5787753,316,4524245,48,419415,350,773507,393,5168132,397,5941639,California
Los Angeles,2021-07-05,11064,10742477,8059,5795812,2732,4526977,273,419688,5160,773114,5828,5173960,5435,5947074,California
Los Angeles,2021-07-06,23729,10766206,17070,5812882,5501,4532478,1158,420846,9072,768841,14496,5188456,10223,5957297,California
Los Angeles,2021-07-07,19864,10786070,14118,5827000,4656,4537134,1090,421936,8367,766918,11365,5199821,9442,5966739,California
Los Angeles,2021-07-08,8701,10794771,6458,5833458,1669,4538803,574,422510,3490,765832,5146,5204967,4060,5970799,California
Madera,2020-12-16,22,22,22,22,0,0,0,0,22,22,0,0,22,22,California
Madera,2020-12-17,12,34,12,34,0,0,0,0,12,34,0,0,12,34,California
Madera,2020-12-18,61,95,61,95,0,0,0,0,61,95,0,0,61,95,California
Madera,2020-12-19,5,100,5,100,0,0,0,0,5,100,0,0,5,100,California
Madera,2020-12-20,14,114,14,114,0,0,0,0,14,114,0,0,14,114,California
Madera,2020-12-21,59,173,59,173,0,0,0,0,59,173,0,0,59,173,California
Madera,2020-12-22,97,270,95,268,2,2,0,0,97,270,0,0,97,270,California
Madera,2020-12-23,67,337,67,335,0,2,0,0,67,337,0,0,67,337,California
Madera,2020-12-24,45,382,40,375,5,7,0,0,45,382,0,0,45,382,California
Madera,2020-12-26,27,409,26,401,1,8,0,0,27,409,0,0,27,409,California
Madera,2020-12-27,30,439,12,413,18,26,0,0,30,439,0,0,30,439,California
Madera,2020-12-28,107,546,36,449,71,97,0,0,107,546,0,0,107,546,California
Madera,2020-12-29,176,722,37,486,139,236,0,0,176,722,0,0,176,722,California
Madera,2020-12-30,226,948,90,576,136,372,0,0,226,948,0,0,226,948,California
Madera,2020-12-31,203,1151,81,657,122,494,0,0,203,1151,0,0,203,1151,California
Madera,2021-01-01,2,1153,1,658,1,495,0,0,2,1153,0,0,2,1153,California
Madera,2021-01-02,90,1243,33,691,57,552,0,0,90,1243,0,0,90,1243,California
Madera,2021-01-03,4,1247,4,695,0,552,0,0,4,1247,0,0,4,1247,California
Madera,2021-01-04,130,1377,66,761,64,616,0,0,130,1377,0,0,130,1377,California
Madera,2021-01-05,281,1658,144,905,137,753,0,0,277,1650,4,4,277,1654,California
Madera,2021-01-06,184,1842,27,932,157,910,0,0,164,1794,20,24,164,1818,California
Madera,2021-01-07,400,2242,116,1048,284,1194,0,0,377,2149,23,47,378,2196,California
Madera,2021-01-08,420,2662,72,1120,348,1542,0,0,365,2461,54,101,366,2562,California
Madera,2021-01-09,38,2700,14,1134,24,1566,0,0,29,2481,9,110,29,2591,California
Madera,2021-01-10,17,2717,14,1148,3,1569,0,0,5,2474,12,122,5,2596,California
Madera,2021-01-11,238,2955,190,1338,48,1617,0,0,197,2630,41,163,197,2793,California
Madera,2021-01-12,388,3343,157,1495,231,1848,0,0,284,2810,104,267,284,3077,California
Madera,2021-01-13,184,3527,91,1586,93,1941,0,0,128,2883,56,323,129,3206,California
Madera,2021-01-14,557,4084,84,1670,473,2414,0,0,523,3372,34,357,523,3729,California
Madera,2021-01-15,599,4683,160,1830,439,2853,0,0,577,3927,22,379,577,4306,California
Madera,2021-01-16,381,5064,48,1878,333,3186,0,0,353,4252,28,407,353,4659,California
Madera,2021-01-17,334,5398,15,1893,319,3505,0,0,330,4578,4,411,330,4989,California
Madera,2021-01-18,77,5475,61,1954,16,3521,0,0,58,4618,18,429,58,5047,California
Madera,2021-01-19,566,6041,133,2087,433,3954,0,0,540,5133,26,455,541,5588,California
Madera,2021-01-20,341,6382,184,2271,157,4111,0,0,245,5283,95,550,245,5833,California
Madera,2021-01-21,291,6673,183,2454,108,4219,0,0,227,5448,62,612,227,6060,California
Madera,2021-01-22,262,6935,84,2538,178,4397,0,0,245,5676,17,629,245,6305,California
Madera,2021-01-23,101,7036,53,2591,48,4445,0,0,77,5729,24,653,77,6382,California
Madera,2021-01-24,100,7136,81,2672,19,4464,0,0,78,5785,22,675,78,6460,California
Madera,2021-01-25,266,7402,123,2795,143,4607,0,0,142,5803,124,799,142,6602,California
Madera,2021-01-26,494,7896,191,2986,303,4910,0,0,301,5913,192,991,302,6904,California
Madera,2021-01-27,755,8651,73,3059,682,5592,0,0,617,6394,138,1129,619,7523,California
Madera,2021-01-28,552,9203,112,3171,440,6032,0,0,446,6735,106,1235,447,7970,California
Madera,2021-01-29,472,9675,94,3265,378,6410,0,0,417,7097,55,1290,417,8387,California
Madera,2021-01-30,505,10180,18,3283,487,6897,0,0,451,7494,54,1344,451,8838,California
Madera,2021-01-31,8,10188,5,3288,3,6900,0,0,7,7500,1,1345,7,8845,California
Madera,2021-02-01,333,10521,148,3436,185,7085,0,0,209,7585,124,1469,209,9054,California
Madera,2021-02-02,256,10777,93,3529,163,7248,0,0,163,7657,92,1561,164,9218,California
Madera,2021-02-03,598,11375,459,3988,139,7387,0,0,479,8020,117,1678,480,9698,California
Madera,2021-02-04,398,11773,126,4114,272,7659,0,0,116,7856,281,1959,117,9815,California
Madera,2021-02-05,981,12754,300,4414,681,8340,0,0,372,7626,603,2562,373,10188,California
Madera,2021-02-06,368,13122,330,4744,38,8378,0,0,326,7911,41,2603,326,10514,California
Madera,2021-02-07,35,13157,7,4751,28,8406,0,0,30,7936,5,2608,30,10544,California
Madera,2021-02-08,384,13541,307,5058,77,8483,0,0,268,8089,115,2723,268,10812,California
Madera,2021-02-09,483,14024,118,5176,365,8848,0,0,198,8007,282,3005,200,11012,California
Madera,2021-02-10,434,14458,150,5326,284,9132,0,0,281,8137,151,3156,281,11293,California
Madera,2021-02-11,934,15392,304,5630,630,9762,0,0,399,8003,534,3690,400,11693,California
Madera,2021-02-12,851,16243,121,5751,730,10492,0,0,315,7791,530,4220,318,12011,California
Madera,2021-02-13,483,16726,45,5796,438,10930,0,0,136,7584,346,4566,139,12150,California
Madera,2021-02-14,402,17128,74,5870,328,11258,0,0,136,7455,266,4832,137,12287,California
Madera,2021-02-15,245,17373,98,5968,147,11405,0,0,176,7564,67,4899,176,12463,California
Madera,2021-02-16,779,18152,185,6153,594,11999,0,0,228,7244,549,5448,229,12692,California
Madera,2021-02-17,623,18775,285,6438,338,12337,0,0,344,7318,272,5720,346,13038,California
Madera,2021-02-18,1307,20082,544,6982,763,13100,0,0,1123,8259,183,5903,1124,14162,California
Madera,2021-02-19,870,20952,552,7534,318,13418,0,0,723,8837,146,6049,724,14886,California
Madera,2021-02-20,1081,22033,987,8521,94,13512,0,0,1004,9766,76,6125,1005,15891,California
Madera,2021-02-21,1001,23034,859,9380,142,13654,0,0,993,10752,7,6132,993,16884,California
Madera,2021-02-22,966,24000,888,10268,78,13732,0,0,904,11595,61,6193,904,17788,California
Madera,2021-02-23,771,24771,482,10750,289,14021,0,0,540,11905,230,6423,540,18328,California
Madera,2021-02-24,933,25704,303,11053,630,14651,0,0,382,11737,550,6973,382,18710,California
Madera,2021-02-25,1049,26753,318,11371,731,15382,0,0,602,11894,445,7418,602,19312,California
Madera,2021-02-26,1099,27852,202,11573,897,16279,0,0,712,12221,385,7803,712,20024,California
Madera,2021-02-27,928,28780,294,11867,634,16913,0,0,498,12295,427,8230,501,20525,California
Madera,2021-02-28,192,28972,30,11897,162,17075,0,0,186,12475,6,8236,186,20711,California
Madera,2021-03-01,379,29351,119,12016,260,17335,0,0,194,12488,182,8418,195,20906,California
Madera,2021-03-02,744,30095,349,12365,395,17730,0,0,631,13010,111,8529,633,21539,California
Madera,2021-03-03,1361,31456,728,13093,633,18363,0,0,953,13585,405,8934,980,22519,California
Madera,2021-03-04,1203,32659,525,13618,678,19041,0,0,950,14286,254,9188,955,23474,California
Madera,2021-03-05,1365,34024,422,14040,930,19971,13,13,1080,15108,283,9471,1105,24579,California
Madera,2021-03-06,818,34842,636,14676,150,20121,32,45,498,15320,319,9790,531,25110,California
Madera,2021-03-07,161,35003,28,14704,108,20229,25,70,107,15398,54,9844,132,25242,California
Madera,2021-03-08,609,35612,340,15044,209,20438,60,130,314,15478,295,10139,375,25617,California
Madera,2021-03-09,600,36212,296,15340,270,20708,34,164,409,15740,189,10328,451,26068,California
Madera,2021-03-10,1196,37408,560,15900,556,21264,80,244,757,16144,434,10762,838,26906,California
Madera,2021-03-11,1685,39093,869,16769,488,21752,328,572,769,16341,912,11674,1109,28015,California
Madera,2021-03-12,1584,40677,820,17589,609,22361,155,727,799,16541,782,12456,982,28997,California
Madera,2021-03-13,1891,42568,1330,18919,362,22723,199,926,813,16500,1072,13528,1031,30028,California
Madera,2021-03-14,585,43153,449,19368,104,22827,32,958,285,16522,295,13823,317,30345,California
Madera,2021-03-15,747,43900,231,19599,470,23297,46,1004,512,16886,231,14054,595,30940,California
Madera,2021-03-16,936,44836,529,20128,360,23657,47,1051,741,17499,192,14246,805,31745,California
Madera,2021-03-17,1465,46301,980,21108,422,24079,63,1114,907,18013,549,14795,1063,32808,California
Madera,2021-03-18,1957,48258,689,21797,1204,25283,64,1178,970,18160,979,15774,1126,33934,California
Madera,2021-03-19,1585,49843,590,22387,912,26195,83,1261,1026,18793,555,16329,1188,35122,California
Madera,2021-03-20,1177,51020,772,23159,352,26547,53,1314,582,18901,592,16921,700,35822,California
Madera,2021-03-21,1101,52121,897,24056,158,26705,46,1360,358,18569,738,17659,406,36228,California
Madera,2021-03-22,1355,53476,851,24907,440,27145,64,1424,652,18633,699,18358,763,36991,California
Madera,2021-03-23,1432,54908,877,25784,464,27609,91,1515,671,18722,758,19116,847,37838,California
Madera,2021-03-24,948,55856,509,26293,408,28017,31,1546,613,19041,330,19446,649,38487,California
Madera,2021-03-25,1168,57024,528,26821,615,28632,25,1571,642,19205,516,19962,680,39167,California
Madera,2021-03-26,1519,58543,578,27399,808,29440,133,1704,711,19249,804,20766,848,40015,California
Madera,2021-03-27,930,59473,605,28004,300,29740,25,1729,412,19173,514,21280,438,40453,California
Madera,2021-03-28,437,59910,151,28155,226,29966,60,1789,203,19298,233,21513,358,40811,California
Madera,2021-03-29,685,60595,180,28335,476,30442,29,1818,490,19630,191,21704,523,41334,California
Madera,2021-03-30,1071,61666,605,28940,437,30879,29,1847,475,19543,592,22296,505,41839,California
Madera,2021-03-31,1403,63069,544,29484,721,31600,138,1985,424,19132,973,23269,562,42401,California
Madera,2021-04-01,1393,64462,628,30112,714,32314,51,2036,480,18759,902,24171,529,42930,California
Madera,2021-04-02,1605,66067,461,30573,1085,33399,59,2095,479,18183,1115,25286,539,43469,California
Madera,2021-04-03,961,67028,763,31336,178,33577,20,2115,391,18036,568,25854,421,43890,California
Madera,2021-04-04,186,67214,65,31401,119,33696,2,2117,85,18023,101,25955,88,43978,California
Madera,2021-04-05,739,67953,253,31654,427,34123,59,2176,337,18033,400,26355,410,44388,California
Madera,2021-04-06,1704,69657,886,32540,463,34586,355,2531,528,17742,1174,27529,883,45271,California
Madera,2021-04-07,1230,70887,384,32924,696,35282,150,2681,423,17517,803,28332,578,45849,California
Madera,2021-04-08,1731,72618,670,33594,801,36083,260,2941,556,17173,1166,29498,822,46671,California
Madera,2021-04-09,1656,74274,699,34293,808,36891,149,3090,949,17572,702,30200,1101,47772,California
Madera,2021-04-10,979,75253,686,34979,225,37116,68,3158,712,18084,269,30469,781,48553,California
Madera,2021-04-11,810,76063,656,35635,75,37191,79,3237,287,17928,520,30989,364,48917,California
Madera,2021-04-12,818,76881,296,35931,447,37638,75,3312,316,17819,501,31490,392,49309,California
Madera,2021-04-13,1252,78133,618,36549,592,38230,42,3354,728,18079,519,32009,779,50088,California
Madera,2021-04-14,1400,79533,867,37416,533,38763,0,3354,576,17839,822,32831,582,50670,California
Madera,2021-04-15,1172,80705,510,37926,661,39424,1,3355,423,17527,737,33568,425,51095,California
Madera,2021-04-16,1364,82069,549,38475,815,40239,0,3355,387,16954,963,34531,390,51485,California
Madera,2021-04-17,1294,83363,1091,39566,203,40442,0,3355,774,17211,517,35048,774,52259,California
Madera,2021-04-18,259,83622,220,39786,39,40481,0,3355,88,17133,166,35214,88,52347,California
Madera,2021-04-19,819,84441,245,40031,573,41054,1,3356,285,16890,528,35742,285,52632,California
Madera,2021-04-20,908,85349,457,40488,451,41505,0,3356,236,16460,668,36410,238,52870,California
Madera,2021-04-21,904,86253,493,40981,411,41916,0,3356,303,16165,600,37010,305,53175,California
Madera,2021-04-22,1100,87353,534,41515,566,42482,0,3356,379,15828,717,37727,380,53555,California
Madera,2021-04-23,972,88325,318,41833,654,43136,0,3356,340,15541,627,38354,340,53895,California
Madera,2021-04-24,710,89035,466,42299,244,43380,0,3356,247,15330,459,38813,248,54143,California
Madera,2021-04-25,266,89301,160,42459,103,43483,3,3359,119,15310,143,38956,123,54266,California
Madera,2021-04-26,562,89863,109,42568,447,43930,6,3365,133,15023,426,39382,139,54405,California
Madera,2021-04-27,632,90495,281,42849,326,44256,25,3390,316,15052,313,39695,342,54747,California
Madera,2021-04-28,510,91005,205,43054,286,44542,19,3409,247,15056,261,39956,265,55012,California
Madera,2021-04-29,553,91558,250,43304,276,44818,27,3436,259,15056,287,40243,287,55299,California
Madera,2021-04-30,944,92502,510,43814,418,45236,16,3452,274,14683,664,40907,291,55590,California
Madera,2021-05-01,969,93471,871,44685,85,45321,13,3465,389,14506,579,41486,402,55992,California
Madera,2021-05-02,400,93871,352,45037,43,45364,5,3470,145,14401,255,41741,150,56142,California
Madera,2021-05-03,498,94369,199,45236,259,45623,40,3510,101,14148,394,42135,141,56283,California
Madera,2021-05-04,910,95279,440,45676,426,46049,44,3554,216,13714,694,42829,260,56543,California
Madera,2021-05-05,1024,96303,491,46167,473,46522,60,3614,279,13311,742,43571,339,56882,California
Madera,2021-05-06,710,97013,259,46426,419,46941,32,3646,166,12969,540,44111,198,57080,California
Madera,2021-05-07,824,97837,294,46720,509,47450,21,3667,198,12567,620,44731,218,57298,California
Madera,2021-05-08,974,98811,761,47481,202,47652,11,3678,187,11978,787,45518,198,57496,California
Madera,2021-05-09,148,98959,21,47502,116,47768,11,3689,35,11913,111,45629,46,57542,California
Madera,2021-05-10,361,99320,75,47577,274,48042,12,3701,101,11767,259,45888,113,57655,California
Madera,2021-05-11,538,99858,186,47763,343,48385,9,3710,172,11584,364,46252,181,57836,California
Madera,2021-05-12,504,100362,228,47991,240,48625,36,3746,125,11368,377,46629,161,57997,California
Madera,2021-05-13,511,100873,311,48302,168,48793,32,3778,176,11244,332,46961,208,58205,California
Madera,2021-05-14,539,101412,271,48573,244,49037,24,3802,234,11200,302,47263,258,58463,California
Madera,2021-05-15,564,101976,477,49050,78,49115,9,3811,363,11374,197,47460,371,58834,California
Madera,2021-05-16,257,102233,190,49240,35,49150,32,3843,106,11361,151,47611,138,58972,California
Madera,2021-05-17,451,102684,189,49429,234,49384,28,3871,200,11341,248,47859,228,59200,California
Madera,2021-05-18,551,103235,368,49797,159,49543,24,3895,288,11396,257,48116,312,59512,California
Madera,2021-05-19,488,103723,225,50022,241,49784,22,3917,217,11366,269,48385,239,59751,California
Madera,2021-05-20,593,104316,271,50293,285,50069,37,3954,232,11281,354,48739,269,60020,California
Madera,2021-05-21,505,104821,194,50487,284,50353,27,3981,193,11194,307,49046,220,60240,California
Madera,2021-05-22,902,105723,817,51304,73,50426,12,3993,532,11368,370,49416,544,60784,California
Madera,2021-05-23,268,105991,241,51545,17,50443,10,4003,143,11397,124,49540,153,60937,California
Madera,2021-05-24,309,106300,141,51686,127,50570,41,4044,123,11376,185,49725,164,61101,California
Madera,2021-05-25,382,106682,169,51855,181,50751,32,4076,151,11330,229,49954,183,61284,California
Madera,2021-05-26,445,107127,259,52114,164,50915,22,4098,237,11383,206,50160,259,61543,California
Madera,2021-05-27,373,107500,135,52249,200,51115,38,4136,127,11306,242,50402,165,61708,California
Madera,2021-05-28,449,107949,173,52422,248,51363,28,4164,174,11235,273,50675,202,61910,California
Madera,2021-05-29,307,108256,216,52638,73,51436,18,4182,166,11278,141,50816,184,62094,California
Madera,2021-05-30,61,108317,27,52665,30,51466,4,4186,28,11278,32,50848,32,62126,California
Madera,2021-05-31,26,108343,9,52674,13,51479,4,4190,11,11278,15,50863,15,62141,California
Madera,2021-06-01,288,108631,143,52817,122,51601,23,4213,105,11225,181,51044,128,62269,California
Madera,2021-06-02,394,109025,125,52942,246,51847,23,4236,116,11087,277,51321,139,62408,California
Madera,2021-06-03,282,109307,150,53092,117,51964,15,4251,90,11000,192,51513,105,62513,California
Madera,2021-06-04,382,109689,245,53337,126,52090,11,4262,152,10934,229,51742,163,62676,California
Madera,2021-06-05,516,110205,390,53727,113,52203,13,4275,150,10738,359,52101,163,62839,California
Madera,2021-06-06,135,110340,115,53842,13,52216,7,4282,38,10686,97,52198,45,62884,California
Madera,2021-06-07,249,110589,154,53996,74,52290,21,4303,44,10547,204,52402,65,62949,California
Madera,2021-06-08,388,110977,274,54270,93,52383,21,4324,97,10374,291,52693,118,63067,California
Madera,2021-06-09,375,111352,240,54510,108,52491,27,4351,145,10318,228,52921,172,63239,California
Madera,2021-06-10,344,111696,199,54709,129,52620,16,4367,118,10228,224,53145,134,63373,California
Madera,2021-06-11,381,112077,221,54930,128,52748,32,4399,170,10218,210,53355,200,63573,California
Madera,2021-06-12,574,112651,504,55434,54,52802,16,4415,92,9844,482,53837,108,63681,California
Madera,2021-06-13,193,112844,160,55594,28,52830,5,4420,54,9765,138,53975,59,63740,California
Madera,2021-06-14,227,113071,162,55756,42,52872,23,4443,89,9742,135,54110,112,63852,California
Madera,2021-06-15,362,113433,249,56005,80,52952,33,4476,154,9724,205,54315,187,64039,California
Madera,2021-06-16,327,113760,251,56256,62,53014,14,4490,119,9653,204,54519,133,64172,California
Madera,2021-06-17,265,114025,132,56388,124,53138,9,4499,99,9596,165,54684,108,64280,California
Madera,2021-06-18,278,114303,177,56565,77,53215,24,4523,119,9580,158,54842,142,64422,California
Madera,2021-06-19,246,114549,199,56764,39,53254,8,4531,80,9502,166,55008,88,64510,California
Madera,2021-06-20,55,114604,45,56809,3,53257,7,4538,27,9508,28,55036,34,64544,California
Madera,2021-06-21,167,114771,82,56891,60,53317,25,4563,74,9515,92,55128,99,64643,California
Madera,2021-06-22,235,115006,159,57050,58,53375,18,4581,116,9532,117,55245,134,64777,California
Madera,2021-06-23,263,115269,188,57238,65,53440,10,4591,140,9559,123,55368,150,64927,California
Madera,2021-06-24,206,115475,100,57338,84,53524,22,4613,77,9530,128,55496,99,65026,California
Madera,2021-06-25,260,115735,168,57506,68,53592,24,4637,99,9495,158,55654,123,65149,California
Madera,2021-06-26,182,115917,136,57642,34,53626,12,4649,76,9477,106,55760,88,65237,California
Madera,2021-06-27,110,116027,85,57727,21,53647,4,4653,57,9485,53,55813,61,65298,California
Madera,2021-06-28,155,116182,95,57822,41,53688,19,4672,82,9514,72,55885,101,65399,California
Madera,2021-06-29,213,116395,153,57975,43,53731,17,4689,101,9522,110,55995,118,65517,California
Madera,2021-06-30,215,116610,144,58119,64,53795,7,4696,121,9558,92,56087,128,65645,California
Madera,2021-07-01,184,116794,116,58235,44,53839,24,4720,73,9545,110,56197,97,65742,California
Madera,2021-07-02,231,117025,175,58410,42,53881,14,4734,96,9520,135,56332,110,65852,California
Madera,2021-07-03,166,117191,116,58526,41,53922,9,4743,78,9522,85,56417,87,65939,California
Madera,2021-07-04,11,117202,0,58526,7,53929,4,4747,6,9527,5,56422,10,65949,California
Madera,2021-07-05,112,117314,96,58622,9,53938,7,4754,51,9525,60,56482,58,66007,California
Madera,2021-07-06,341,117655,247,58869,68,54006,26,4780,136,9482,204,56686,161,66168,California
Madera,2021-07-07,208,117863,146,59015,47,54053,15,4795,100,9489,108,56794,115,66283,California
Madera,2021-07-08,98,117961,64,59079,23,54076,11,4806,54,9510,44,56838,65,66348,California
Marin,2020-12-15,2,2,2,2,0,0,0,0,2,2,0,0,2,2,California
Marin,2020-12-16,108,110,108,110,0,0,0,0,108,110,0,0,108,110,California
Marin,2020-12-17,275,385,275,385,0,0,0,0,275,385,0,0,275,385,California
Marin,2020-12-18,390,775,390,775,0,0,0,0,390,775,0,0,390,775,California
Marin,2020-12-19,348,1123,347,1122,1,1,0,0,348,1123,0,0,348,1123,California
Marin,2020-12-20,166,1289,165,1287,1,2,0,0,166,1289,0,0,166,1289,California
Marin,2020-12-21,239,1528,236,1523,3,5,0,0,239,1528,0,0,239,1528,California
Marin,2020-12-22,521,2049,316,1839,205,210,0,0,521,2049,0,0,521,2049,California
Marin,2020-12-23,730,2779,315,2154,415,625,0,0,730,2779,0,0,730,2779,California
Marin,2020-12-24,359,3138,158,2312,201,826,0,0,359,3138,0,0,359,3138,California
Marin,2020-12-25,26,3164,0,2312,26,852,0,0,26,3164,0,0,26,3164,California
Marin,2020-12-26,144,3308,95,2407,49,901,0,0,144,3308,0,0,144,3308,California
Marin,2020-12-27,91,3399,54,2461,37,938,0,0,91,3399,0,0,91,3399,California
Marin,2020-12-28,407,3806,99,2560,308,1246,0,0,407,3806,0,0,407,3806,California
Marin,2020-12-29,400,4206,89,2649,311,1557,0,0,400,4206,0,0,400,4206,California
Marin,2020-12-30,630,4836,390,3039,240,1797,0,0,630,4836,0,0,630,4836,California
Marin,2020-12-31,202,5038,35,3074,167,1964,0,0,201,5036,1,1,201,5037,California
Marin,2021-01-01,31,5069,14,3088,17,1981,0,0,31,5067,0,1,31,5068,California
Marin,2021-01-02,114,5183,109,3197,5,1986,0,0,114,5181,0,1,114,5182,California
Marin,2021-01-03,49,5232,31,3228,18,2004,0,0,45,5226,0,1,45,5227,California
Marin,2021-01-04,299,5531,194,3422,105,2109,0,0,298,5523,1,2,298,5525,California
Marin,2021-01-05,373,5904,225,3647,148,2257,0,0,330,5810,43,45,330,5855,California
Marin,2021-01-06,818,6722,318,3965,500,2757,0,0,638,6268,180,225,638,6493,California
Marin,2021-01-07,887,7609,502,4467,385,3142,0,0,527,6436,360,585,528,7021,California
Marin,2021-01-08,975,8584,517,4984,458,3600,0,0,583,6628,391,976,583,7604,California
Marin,2021-01-09,617,9201,222,5206,395,3995,0,0,487,6985,130,1106,487,8091,California
Marin,2021-01-10,130,9331,101,5307,29,4024,0,0,57,6969,73,1179,57,8148,California
Marin,2021-01-11,471,9802,328,5635,143,4167,0,0,250,7000,221,1400,252,8400,California
Marin,2021-01-12,937,10739,545,6180,392,4559,0,0,568,7203,365,1765,568,8968,California
Marin,2021-01-13,1175,11914,500,6680,675,5234,0,0,942,7912,233,1998,942,9910,California
Marin,2021-01-14,1073,12987,320,7000,753,5987,0,0,922,8685,149,2147,922,10832,California
Marin,2021-01-15,1165,14152,355,7355,810,6797,0,0,1033,9589,131,2278,1035,11867,California
Marin,2021-01-16,1124,15276,916,8271,208,7005,0,0,1048,10561,76,2354,1048,12915,California
Marin,2021-01-17,1228,16504,1109,9380,119,7124,0,0,1198,11733,29,2383,1201,14116,California
Marin,2021-01-18,367,16871,161,9541,206,7330,0,0,317,12000,50,2433,317,14433,California
Marin,2021-01-19,1156,18027,910,10451,246,7576,0,0,984,12813,171,2604,984,15417,California
Marin,2021-01-20,1812,19839,1220,11671,592,8168,0,0,1074,13162,726,3330,1075,16492,California
Marin,2021-01-21,1702,21541,1070,12741,632,8800,0,0,1342,14149,357,3687,1344,17836,California
Marin,2021-01-22,1720,23261,1098,13839,622,9422,0,0,1546,15522,174,3861,1547,19383,California
Marin,2021-01-23,1857,25118,1351,15190,506,9928,0,0,1766,17198,90,3951,1766,21149,California
Marin,2021-01-24,620,25738,166,15356,454,10382,0,0,586,17750,34,3985,586,21735,California
Marin,2021-01-25,1130,26868,235,15591,895,11277,0,0,691,18003,439,4424,692,22427,California
Marin,2021-01-26,1520,28388,781,16372,739,12016,0,0,1137,18758,382,4806,1137,23564,California
Marin,2021-01-27,1729,30117,890,17262,839,12855,0,0,1356,19744,371,5177,1357,24921,California
Marin,2021-01-28,2089,32206,1075,18337,1014,13869,0,0,1823,21303,265,5442,1824,26745,California
Marin,2021-01-29,2213,34419,1438,19775,775,14644,0,0,2015,23134,185,5627,2016,28761,California
Marin,2021-01-30,1719,36138,907,20682,812,15456,0,0,1640,24695,79,5706,1640,30401,California
Marin,2021-01-31,458,36596,320,21002,138,15594,0,0,431,25099,27,5733,431,30832,California
Marin,2021-02-01,1098,37694,414,21416,684,16278,0,0,896,25795,201,5934,897,31729,California
Marin,2021-02-02,1431,39125,498,21914,933,17211,0,0,762,25899,658,6592,762,32491,California
Marin,2021-02-03,1795,40920,434,22348,1361,18572,0,0,1278,26661,516,7108,1278,33769,California
Marin,2021-02-04,1593,42513,502,22850,1091,19663,0,0,987,27046,602,7710,987,34756,California
Marin,2021-02-05,2178,44691,674,23524,1504,21167,0,0,1338,27548,836,8546,1338,36094,California
Marin,2021-02-06,1431,46122,850,24374,581,21748,0,0,601,27322,827,9373,601,36695,California
Marin,2021-02-07,1305,47427,1021,25395,284,22032,0,0,499,27016,805,10178,499,37194,California
Marin,2021-02-08,1541,48968,763,26158,778,22810,0,0,734,26946,804,10982,734,37928,California
Marin,2021-02-09,1791,50759,1130,27288,661,23471,0,0,846,26847,945,11927,846,38774,California
Marin,2021-02-10,2359,53118,1505,28793,854,24325,0,0,1225,26941,1132,13059,1226,40000,California
Marin,2021-02-11,2887,56005,1656,30449,1231,25556,0,0,1457,26977,1425,14484,1461,41461,California
Marin,2021-02-12,3095,59100,1552,32001,1543,27099,0,0,1572,27030,1520,16004,1573,43034,California
Marin,2021-02-13,2345,61445,1250,33251,1095,28194,0,0,1125,26937,1218,17222,1125,44159,California
Marin,2021-02-14,824,62269,309,33560,515,28709,0,0,729,27572,95,17317,730,44889,California
Marin,2021-02-15,1232,63501,360,33920,872,29581,0,0,845,28032,386,17703,846,45735,California
Marin,2021-02-16,2483,65984,1063,34983,1420,31001,0,0,1511,28572,971,18674,1511,47246,California
Marin,2021-02-17,2118,68102,946,35929,1172,32173,0,0,1100,28657,1016,19690,1101,48347,California
Marin,2021-02-18,2446,70548,1601,37530,845,33018,0,0,1068,28353,1372,21062,1068,49415,California
Marin,2021-02-19,2806,73354,2190,39720,616,33634,0,0,1247,28058,1543,22605,1248,50663,California
Marin,2021-02-20,2660,76014,2179,41899,481,34115,0,0,1255,27917,1398,24003,1257,51920,California
Marin,2021-02-21,1354,77368,1150,43049,204,34319,0,0,951,28470,398,24401,951,52871,California
Marin,2021-02-22,1909,79277,1466,44515,443,34762,0,0,1262,29089,643,25044,1262,54133,California
Marin,2021-02-23,2979,82256,1716,46231,1263,36025,0,0,2000,30127,963,26007,2001,56134,California
Marin,2021-02-24,3629,85885,1668,47899,1961,37986,0,0,2322,31154,1296,27303,2323,58457,California
Marin,2021-02-25,4165,90050,1962,49861,2203,40189,0,0,2925,32853,1228,28531,2927,61384,California
Marin,2021-02-26,3705,93755,2020,51881,1685,41874,0,0,2671,34503,1022,29553,2672,64056,California
Marin,2021-02-27,2756,96511,1625,53506,1131,43005,0,0,1905,35565,845,30398,1907,65963,California
Marin,2021-02-28,1648,98159,927,54433,721,43726,0,0,1296,36514,347,30745,1296,67259,California
Marin,2021-03-01,2707,100866,1678,56111,1028,44754,1,1,1826,37469,872,31617,1827,69086,California
Marin,2021-03-02,2535,103401,1692,57803,842,45596,1,2,1735,38410,796,32413,1737,70823,California
Marin,2021-03-03,4357,107758,2429,60232,1924,47520,4,6,2823,39708,1529,33942,2827,73650,California
Marin,2021-03-04,3419,111177,1681,61913,1737,49257,1,7,2327,40955,1085,35027,2332,75982,California
Marin,2021-03-05,3092,114269,1183,63096,1896,51153,13,20,1807,41495,1280,36307,1820,77802,California
Marin,2021-03-06,3245,117514,2325,65421,841,51994,79,99,2666,43666,573,36880,2744,80546,California
Marin,2021-03-07,1440,118954,1180,66601,209,52203,51,150,1006,44292,429,37309,1055,81601,California
Marin,2021-03-08,1918,120872,1392,67993,399,52602,127,277,1428,45360,486,37795,1554,83155,California
Marin,2021-03-09,2241,123113,1342,69335,785,53387,114,391,1550,46333,688,38483,1661,84816,California
Marin,2021-03-10,4476,127589,2512,71847,1670,55057,294,685,3221,48597,1249,39732,3513,88329,California
Marin,2021-03-11,4600,132189,1891,73738,2572,57629,137,822,3296,50735,1295,41027,3433,91762,California
Marin,2021-03-12,4005,136194,1549,75287,2102,59731,354,1176,1562,50221,2428,43455,1914,93676,California
Marin,2021-03-13,4115,140309,2867,78154,1174,60905,74,1250,2394,50968,1714,45169,2461,96137,California
Marin,2021-03-14,2283,142592,1105,79259,1061,61966,117,1367,701,50202,1580,46749,814,96951,California
Marin,2021-03-15,3263,145855,1786,81045,1432,63398,45,1412,1199,49400,2046,48795,1244,98195,California
Marin,2021-03-16,4299,150154,2319,83364,1617,65015,363,1775,1450,48366,2845,51640,1811,100006,California
Marin,2021-03-17,4233,154387,2294,85658,1885,66900,54,1829,2044,48288,2175,53815,2097,102103,California
Marin,2021-03-18,4511,158898,2284,87942,2152,69052,75,1904,2121,48111,2370,56185,2193,104296,California
Marin,2021-03-19,4496,163394,2312,90254,1964,71016,220,2124,2319,48480,2166,58351,2535,106831,California
Marin,2021-03-20,3599,166993,2000,92254,1487,72503,112,2236,1923,48852,1664,60015,2036,108867,California
Marin,2021-03-21,1553,168546,1153,93407,377,72880,23,2259,813,48950,737,60752,835,109702,California
Marin,2021-03-22,2512,171058,2166,95573,178,73058,168,2427,916,48444,1589,62341,1083,110785,California
Marin,2021-03-23,4314,175372,2263,97836,1922,74980,129,2556,1908,48083,2398,64739,2037,112822,California
Marin,2021-03-24,4479,179851,2911,100747,1454,76434,114,2670,1806,47343,2658,67397,1918,114740,California
Marin,2021-03-25,4666,184517,2843,103590,1751,78185,72,2742,2237,47238,2412,69809,2307,117047,California
Marin,2021-03-26,4321,188838,2356,105946,1751,79936,214,2956,2394,47934,1912,71721,2608,119655,California
Marin,2021-03-27,3716,192554,2666,108612,1031,80967,19,2975,1143,46533,2562,74283,1161,120816,California
Marin,2021-03-28,2391,194945,1721,110333,664,81631,6,2981,843,45841,1541,75824,849,121665,California
Marin,2021-03-29,2706,197651,2108,112441,573,82204,25,3006,1144,45451,1559,77383,1169,122834,California
Marin,2021-03-30,4669,202320,3653,116094,982,83186,34,3040,2952,46723,1714,79097,2986,125820,California
Marin,2021-03-31,5848,208168,4141,120235,1657,84843,50,3090,2548,46033,3288,82385,2598,128418,California
Marin,2021-04-01,4472,212640,2290,122525,1921,86764,261,3351,2116,46064,2342,84727,2373,130791,California
Marin,2021-04-02,3746,216386,1855,124380,1519,88283,372,3723,2007,46702,1731,86458,2369,133160,California
Marin,2021-04-03,3873,220259,2522,126902,970,89253,381,4104,1463,46147,2398,88856,1843,135003,California
Marin,2021-04-04,1648,221907,1240,128142,207,89460,201,4305,1199,47099,447,89303,1399,136402,California
Marin,2021-04-05,2232,224139,1542,129684,313,89773,377,4682,1281,47807,947,90250,1655,138057,California
Marin,2021-04-06,4003,228142,2122,131806,1322,91095,559,5241,2216,48800,1778,92028,2771,140828,California
Marin,2021-04-07,4001,232143,2019,133825,1335,92430,647,5888,1465,48383,2526,94554,2109,142937,California
Marin,2021-04-08,5068,237211,1978,135803,2479,94909,611,6499,2309,48548,2746,97300,2911,145848,California
Marin,2021-04-09,4008,241219,1567,137370,1709,96618,732,7231,1323,47919,2680,99980,2051,147899,California
Marin,2021-04-10,3232,244451,1488,138858,1307,97925,437,7668,1454,48040,1764,101744,1885,149784,California
Marin,2021-04-11,1073,245524,815,139673,95,98020,163,7831,478,48087,593,102337,640,150424,California
Marin,2021-04-12,1758,247282,1246,140919,350,98370,162,7993,920,48336,834,103171,1083,151507,California
Marin,2021-04-13,3805,251087,2334,143253,1464,99834,7,8000,1379,47309,2413,105584,1386,152893,California
Marin,2021-04-14,4277,255364,2562,145815,1712,101546,3,8003,1754,46566,2498,108082,1755,154648,California
Marin,2021-04-15,5649,261013,3988,149803,1661,103207,0,8003,3231,47396,2402,110484,3232,157880,California
Marin,2021-04-16,4315,265328,2267,152070,2045,105252,3,8006,2097,47294,2203,112687,2101,159981,California
Marin,2021-04-17,3592,268920,2182,154252,1410,106662,0,8006,1795,47301,1790,114477,1797,161778,California
Marin,2021-04-18,3244,272164,3143,157395,101,106763,0,8006,2558,49176,683,115160,2558,164336,California
Marin,2021-04-19,2070,274234,1892,159287,177,106940,1,8007,1152,49420,910,116070,1154,165490,California
Marin,2021-04-20,3802,278036,2642,161929,1160,108100,0,8007,1484,48598,2307,118377,1485,166975,California
Marin,2021-04-21,4158,282194,3063,164992,1092,109192,3,8010,1406,47271,2734,121111,1407,168382,California
Marin,2021-04-22,4294,286488,3274,168266,1020,110212,0,8010,1503,45999,2779,123890,1507,169889,California
Marin,2021-04-23,3294,289782,1860,170126,1434,111646,0,8010,1258,45234,2024,125914,1259,171148,California
Marin,2021-04-24,2522,292304,1682,171808,839,112485,1,8011,922,44570,1588,127502,924,172072,California
Marin,2021-04-25,1385,293689,1263,173071,122,112607,0,8011,302,43797,1075,128577,302,172374,California
Marin,2021-04-26,1668,295357,1431,174502,234,112841,3,8014,411,42958,1254,129831,415,172789,California
Marin,2021-04-27,3084,298441,2222,176724,811,113652,51,8065,1010,41949,2066,131897,1057,173846,California
Marin,2021-04-28,2354,300795,1625,178349,678,114330,51,8116,740,41130,1609,133506,790,174636,California
Marin,2021-04-29,2945,303740,2021,180370,861,115191,63,8179,821,39901,2114,135620,885,175521,California
Marin,2021-04-30,1989,305729,1290,181660,612,115803,87,8266,704,39416,1276,136896,791,176312,California
Marin,2021-05-01,1841,307570,1027,182687,791,116594,23,8289,541,38688,1291,138187,563,176875,California
Marin,2021-05-02,732,308302,590,183277,113,116707,29,8318,201,38392,525,138712,229,177104,California
Marin,2021-05-03,1227,309529,997,184274,174,116881,56,8374,263,37749,961,139673,318,177422,California
Marin,2021-05-04,2965,312494,1993,186267,880,117761,92,8466,477,35839,2479,142152,569,177991,California
Marin,2021-05-05,2794,315288,2032,188299,636,118397,126,8592,452,34081,2335,144487,577,178568,California
Marin,2021-05-06,3277,318565,2538,190837,650,119047,89,8681,427,31755,2839,147326,513,179081,California
Marin,2021-05-07,2057,320622,1552,192389,419,119466,86,8767,384,30555,1667,148993,467,179548,California
Marin,2021-05-08,2507,323129,1898,194287,487,119953,122,8889,349,28877,2149,151142,471,180019,California
Marin,2021-05-09,991,324120,900,195187,72,120025,19,8908,112,28133,876,152018,132,180151,California
Marin,2021-05-10,1421,325541,1159,196346,192,120217,70,8978,205,27196,1211,153229,274,180425,California
Marin,2021-05-11,2353,327894,1871,198217,425,120642,57,9035,307,25516,2043,155272,363,180788,California
Marin,2021-05-12,1868,329762,1468,199685,331,120973,69,9104,299,24319,1563,156835,366,181154,California
Marin,2021-05-13,2685,332447,2296,201981,334,121307,55,9159,1418,24534,1257,158092,1472,182626,California
Marin,2021-05-14,2211,334658,1455,203436,656,121963,100,9259,882,24193,1322,159414,981,183607,California
Marin,2021-05-15,2758,337416,2277,205713,401,122364,80,9339,1671,24859,1085,160499,1751,185358,California
Marin,2021-05-16,1730,339146,1668,207381,54,122418,8,9347,1401,25941,327,160826,1409,186767,California
Marin,2021-05-17,2146,341292,1994,209375,109,122527,43,9390,1706,27257,433,161259,1749,188516,California
Marin,2021-05-18,1537,342829,1192,210567,290,122817,55,9445,792,27364,738,161997,845,189361,California
Marin,2021-05-19,1573,344402,1243,211810,258,123075,72,9517,772,27411,795,162792,842,190203,California
Marin,2021-05-20,1839,346241,1498,213308,255,123330,86,9603,752,27173,1077,163869,839,191042,California
Marin,2021-05-21,1475,347716,848,214156,578,123908,49,9652,437,26628,1031,164900,486,191528,California
Marin,2021-05-22,1438,349154,1088,215244,292,124200,58,9710,966,27186,466,165366,1024,192552,California
Marin,2021-05-23,486,349640,431,215675,43,124243,12,9722,226,27167,258,165624,239,192791,California
Marin,2021-05-24,672,350312,498,216173,134,124377,40,9762,351,27240,317,165941,390,193181,California
Marin,2021-05-25,1007,351319,627,216800,334,124711,46,9808,317,26918,682,166623,360,193541,California
Marin,2021-05-26,729,352048,492,217292,187,124898,50,9858,262,26768,462,167085,312,193853,California
Marin,2021-05-27,1032,353080,662,217954,291,125189,79,9937,340,26498,689,167774,419,194272,California
Marin,2021-05-28,1110,354190,722,218676,308,125497,80,10017,328,26127,778,168552,407,194679,California
Marin,2021-05-29,376,354566,219,218895,147,125644,10,10027,208,26177,168,168720,218,194897,California
Marin,2021-05-30,97,354663,57,218952,35,125679,5,10032,55,26196,41,168761,60,194957,California
Marin,2021-05-31,28,354691,14,218966,13,125692,1,10033,14,26197,14,168775,15,194972,California
Marin,2021-06-01,756,355447,549,219515,162,125854,45,10078,318,26125,434,169209,362,195334,California
Marin,2021-06-02,629,356076,477,219992,100,125954,52,10130,217,25984,408,169617,267,195601,California
Marin,2021-06-03,1501,357577,1328,221320,114,126068,59,10189,231,25006,1268,170885,290,195891,California
Marin,2021-06-04,1037,358614,863,222183,139,126207,35,10224,185,24377,847,171732,218,196109,California
Marin,2021-06-05,1929,360543,1711,223894,170,126377,48,10272,319,23142,1602,173334,367,196476,California
Marin,2021-06-06,1415,361958,1368,225262,13,126390,34,10306,154,22070,1260,174594,188,196664,California
Marin,2021-06-07,1943,363901,1826,227088,67,126457,50,10356,241,20665,1696,176290,291,196955,California
Marin,2021-06-08,981,364882,870,227958,70,126527,41,10397,231,20194,743,177033,272,197227,California
Marin,2021-06-09,745,365627,669,228627,66,126593,10,10407,137,19734,607,177640,147,197374,California
Marin,2021-06-10,882,366509,770,229397,61,126654,51,10458,177,19261,701,178341,228,197602,California
Marin,2021-06-11,697,367206,581,229978,84,126738,32,10490,150,18897,546,178887,182,197784,California
Marin,2021-06-12,924,368130,793,230771,89,126827,42,10532,153,18323,769,179656,195,197979,California
Marin,2021-06-13,417,368547,385,231156,21,126848,11,10543,65,18051,348,180004,76,198055,California
Marin,2021-06-14,874,369421,746,231902,80,126928,48,10591,213,17654,656,180660,259,198314,California
Marin,2021-06-15,555,369976,442,232344,87,127015,26,10617,175,17477,378,181038,201,198515,California
Marin,2021-06-16,493,370469,402,232746,45,127060,46,10663,160,17356,326,181364,205,198720,California
Marin,2021-06-17,557,371026,479,233225,46,127106,32,10695,193,17218,362,181726,224,198944,California
Marin,2021-06-18,495,371521,380,233605,77,127183,38,10733,172,17111,316,182042,209,199153,California
Marin,2021-06-19,364,371885,292,233897,37,127220,35,10768,142,17065,221,182263,175,199328,California
Marin,2021-06-20,114,371999,89,233986,14,127234,11,10779,48,17058,66,182329,59,199387,California
Marin,2021-06-21,350,372349,248,234234,46,127280,56,10835,139,17043,210,182539,195,199582,California
Marin,2021-06-22,451,372800,351,234585,69,127349,31,10866,139,16905,308,182847,170,199752,California
Marin,2021-06-23,358,373158,295,234880,30,127379,33,10899,119,16818,238,183085,151,199903,California
Marin,2021-06-24,395,373553,304,235184,42,127421,49,10948,132,16738,259,183344,179,200082,California
Marin,2021-06-25,379,373932,276,235460,59,127480,44,10992,171,16747,206,183550,215,200297,California
Marin,2021-06-26,322,374254,271,235731,20,127500,31,11023,116,16688,206,183756,147,200444,California
Marin,2021-06-27,209,374463,161,235892,22,127522,26,11049,68,16642,139,183895,93,200537,California
Marin,2021-06-28,394,374857,335,236227,31,127553,28,11077,134,16546,258,184153,162,200699,California
Marin,2021-06-29,434,375291,340,236567,58,127611,36,11113,152,16455,279,184432,188,200887,California
Marin,2021-06-30,268,375559,229,236796,26,127637,13,11126,115,16432,151,184583,128,201015,California
Marin,2021-07-01,257,375816,198,236994,43,127680,16,11142,102,16396,154,184737,118,201133,California
Marin,2021-07-02,368,376184,294,237288,40,127720,34,11176,147,16359,217,184954,180,201313,California
Marin,2021-07-03,273,376457,221,237509,21,127741,31,11207,115,16347,158,185112,146,201459,California
Marin,2021-07-05,115,376572,88,237597,11,127752,16,11223,40,16328,74,185186,55,201514,California
Marin,2021-07-06,413,376985,339,237936,35,127787,39,11262,147,16252,260,185446,184,201698,California
Marin,2021-07-07,226,377211,185,238121,28,127815,13,11275,93,16226,130,185576,104,201802,California
Marin,2021-07-08,148,377359,124,238245,11,127826,13,11288,56,16204,90,185666,68,201870,California
Mariposa,2020-12-17,38,38,38,38,0,0,0,0,40,40,0,0,40,40,California
Mariposa,2020-12-18,55,93,55,93,0,0,0,0,56,96,0,0,56,96,California
Mariposa,2020-12-20,2,95,2,95,0,0,0,0,2,98,0,0,2,98,California
Mariposa,2020-12-21,49,144,49,144,0,0,0,0,53,151,0,0,53,151,California
Mariposa,2020-12-22,5,149,5,149,0,0,0,0,5,156,0,0,5,156,California
Mariposa,2020-12-23,16,165,16,165,0,0,0,0,16,172,0,0,16,172,California
Mariposa,2020-12-24,1,166,0,165,1,1,0,0,0,172,1,1,1,173,California
Mariposa,2020-12-26,1,167,1,166,0,1,0,0,1,173,0,1,1,174,California
Mariposa,2020-12-27,1,168,0,166,1,2,0,0,1,174,0,1,1,175,California
Mariposa,2020-12-28,6,174,3,169,3,5,0,0,6,180,0,1,6,181,California
Mariposa,2020-12-29,33,207,3,172,30,35,0,0,33,213,0,1,33,214,California
Mariposa,2020-12-30,26,233,4,176,22,57,0,0,26,239,0,1,26,240,California
Mariposa,2020-12-31,17,250,0,176,17,74,0,0,17,256,0,1,17,257,California
Mariposa,2021-01-02,1,251,1,177,0,74,0,0,1,257,0,1,1,258,California
Mariposa,2021-01-04,9,260,2,179,7,81,0,0,9,266,0,1,9,267,California
Mariposa,2021-01-05,24,284,14,193,10,91,0,0,14,270,10,11,14,281,California
Mariposa,2021-01-06,6,290,3,196,3,94,0,0,3,270,3,14,3,284,California
Mariposa,2021-01-07,50,340,45,241,5,99,0,0,5,230,45,59,5,289,California
Mariposa,2021-01-08,110,450,80,321,30,129,0,0,34,188,76,135,34,323,California
Mariposa,2021-01-09,1,451,0,321,1,130,0,0,1,189,0,135,1,324,California
Mariposa,2021-01-11,31,482,10,331,21,151,0,0,23,204,8,143,23,347,California
Mariposa,2021-01-12,19,501,4,335,15,166,0,0,15,215,4,147,15,362,California
Mariposa,2021-01-13,22,523,4,339,18,184,0,0,19,231,3,150,19,381,California
Mariposa,2021-01-14,74,597,7,346,67,251,0,0,68,293,6,156,68,449,California
Mariposa,2021-01-15,68,665,27,373,41,292,0,0,58,341,10,166,58,507,California
Mariposa,2021-01-16,14,679,2,375,12,304,0,0,13,353,1,167,13,520,California
Mariposa,2021-01-17,3,682,1,376,2,306,0,0,2,354,1,168,2,522,California
Mariposa,2021-01-18,4,686,3,379,1,307,0,0,2,354,2,170,2,524,California
Mariposa,2021-01-19,9,695,5,384,4,311,0,0,6,358,2,172,6,530,California
Mariposa,2021-01-20,24,719,1,385,23,334,0,0,23,380,1,173,23,553,California
Mariposa,2021-01-21,66,785,8,393,58,392,0,0,62,438,4,177,62,615,California
Mariposa,2021-01-22,56,841,3,396,53,445,0,0,56,494,0,177,56,671,California
Mariposa,2021-01-23,116,957,2,398,114,559,0,0,114,606,2,179,114,785,California
Mariposa,2021-01-24,2,959,2,400,0,559,0,0,2,608,0,179,2,787,California
Mariposa,2021-01-25,4,963,1,401,3,562,0,0,0,604,4,183,0,787,California
Mariposa,2021-01-26,37,1000,3,404,34,596,0,0,4,579,33,216,8,795,California
Mariposa,2021-01-27,26,1026,2,406,24,620,0,0,13,580,12,228,13,808,California
Mariposa,2021-01-28,127,1153,3,409,124,744,0,0,114,682,12,240,114,922,California
Mariposa,2021-01-29,93,1246,22,431,71,815,0,0,92,773,1,241,92,1014,California
Mariposa,2021-01-30,9,1255,1,432,8,823,0,0,8,780,1,242,8,1022,California
Mariposa,2021-01-31,1,1256,0,432,1,824,0,0,1,781,0,242,1,1023,California
Mariposa,2021-02-01,93,1349,32,464,61,885,0,0,72,832,21,263,72,1095,California
Mariposa,2021-02-02,14,1363,3,467,11,896,0,0,8,834,6,269,8,1103,California
Mariposa,2021-02-03,20,1383,1,468,19,915,0,0,13,841,6,275,13,1116,California
Mariposa,2021-02-04,98,1481,8,476,90,1005,0,0,93,931,4,279,94,1210,California
Mariposa,2021-02-05,193,1674,5,481,188,1193,0,0,166,1070,27,306,166,1376,California
Mariposa,2021-02-06,11,1685,4,485,7,1200,0,0,10,1079,1,307,10,1386,California
Mariposa,2021-02-07,1,1686,0,485,1,1201,0,0,1,1080,0,307,1,1387,California
Mariposa,2021-02-08,42,1728,2,487,40,1241,0,0,23,1084,19,326,23,1410,California
Mariposa,2021-02-09,46,1774,26,513,20,1261,0,0,39,1116,7,333,39,1449,California
Mariposa,2021-02-10,29,1803,5,518,24,1285,0,0,18,1130,10,343,24,1473,California
Mariposa,2021-02-11,379,2182,7,525,372,1657,0,0,363,1480,16,359,366,1839,California
Mariposa,2021-02-12,189,2371,8,533,181,1838,0,0,145,1581,44,403,145,1984,California
Mariposa,2021-02-13,12,2383,3,536,9,1847,0,0,10,1589,2,405,10,1994,California
Mariposa,2021-02-14,8,2391,4,540,4,1851,0,0,5,1591,3,408,5,1999,California
Mariposa,2021-02-15,9,2400,3,543,6,1857,0,0,7,1596,2,410,7,2006,California
Mariposa,2021-02-16,60,2460,36,579,24,1881,0,0,36,1609,24,434,37,2043,California
Mariposa,2021-02-17,38,2498,10,589,28,1909,0,0,28,1629,9,443,29,2072,California
Mariposa,2021-02-18,57,2555,7,596,50,1959,0,0,20,1612,37,480,20,2092,California
Mariposa,2021-02-19,83,2638,4,600,79,2038,0,0,74,1678,9,489,75,2167,California
Mariposa,2021-02-20,257,2895,4,604,253,2291,0,0,225,1873,30,519,225,2392,California
Mariposa,2021-02-21,241,3136,4,608,237,2528,0,0,239,2111,1,520,239,2631,California
Mariposa,2021-02-22,25,3161,9,617,16,2544,0,0,22,2130,3,523,22,2653,California
Mariposa,2021-02-23,43,3204,37,654,6,2550,0,0,25,2137,18,541,25,2678,California
Mariposa,2021-02-24,21,3225,3,657,18,2568,0,0,8,2133,12,553,8,2686,California
Mariposa,2021-02-25,18,3243,9,666,9,2577,0,0,12,2139,6,559,12,2698,California
Mariposa,2021-02-26,421,3664,7,673,414,2991,0,0,354,2427,67,626,355,3053,California
Mariposa,2021-02-27,172,3836,7,680,165,3156,0,0,161,2577,11,637,161,3214,California
Mariposa,2021-02-28,2,3838,1,681,1,3157,0,0,0,2575,2,639,0,3214,California
Mariposa,2021-03-01,87,3925,26,707,61,3218,0,0,18,2525,68,707,18,3232,California
Mariposa,2021-03-02,21,3946,14,721,7,3225,0,0,11,2527,9,716,11,3243,California
Mariposa,2021-03-03,72,4018,6,727,66,3291,0,0,66,2588,6,722,67,3310,California
Mariposa,2021-03-04,43,4061,10,737,33,3324,0,0,21,2588,22,744,22,3332,California
Mariposa,2021-03-05,63,4124,10,747,53,3377,0,0,40,2612,23,767,47,3379,California
Mariposa,2021-03-06,17,4141,7,754,10,3387,0,0,7,2610,10,777,8,3387,California
Mariposa,2021-03-07,1,4142,1,755,0,3387,0,0,0,2609,1,778,0,3387,California
Mariposa,2021-03-08,40,4182,4,759,25,3412,11,11,10,2600,30,808,21,3408,California
Mariposa,2021-03-09,46,4228,18,777,18,3430,10,21,14,2592,32,840,24,3432,California
Mariposa,2021-03-10,34,4262,12,789,12,3442,10,31,10,2589,23,863,20,3452,California
Mariposa,2021-03-11,472,4734,7,796,445,3887,20,51,223,2587,248,1111,246,3698,California
Mariposa,2021-03-12,255,4989,8,804,219,4106,28,79,108,2575,147,1258,135,3833,California
Mariposa,2021-03-13,36,5025,6,810,15,4121,15,94,13,2579,23,1281,27,3860,California
Mariposa,2021-03-14,18,5043,2,812,5,4126,11,105,3,2579,14,1295,14,3874,California
Mariposa,2021-03-15,78,5121,8,820,31,4157,39,144,32,2603,46,1341,70,3944,California
Mariposa,2021-03-16,82,5203,34,854,14,4171,34,178,24,2603,58,1399,58,4002,California
Mariposa,2021-03-17,74,5277,12,866,54,4225,8,186,52,2642,22,1421,61,4063,California
Mariposa,2021-03-18,66,5343,16,882,41,4266,9,195,42,2669,24,1445,51,4114,California
Mariposa,2021-03-19,340,5683,13,895,322,4588,5,200,303,2940,37,1482,308,4422,California
Mariposa,2021-03-20,426,6109,7,902,417,5005,2,202,40,2598,386,1868,44,4466,California
Mariposa,2021-03-21,15,6124,9,911,5,5010,1,203,10,2605,4,1872,11,4477,California
Mariposa,2021-03-22,38,6162,8,919,22,5032,8,211,25,2627,13,1885,35,4512,California
Mariposa,2021-03-23,55,6217,35,954,10,5042,10,221,34,2650,21,1906,44,4556,California
Mariposa,2021-03-24,57,6274,6,960,49,5091,2,223,52,2699,5,1911,54,4610,California
Mariposa,2021-03-25,77,6351,16,976,53,5144,8,231,54,2740,21,1932,62,4672,California
Mariposa,2021-03-26,490,6841,10,986,479,5623,1,232,251,2753,239,2171,252,4924,California
Mariposa,2021-03-27,223,7064,8,994,215,5838,0,232,88,2708,135,2306,90,5014,California
Mariposa,2021-03-28,5,7069,0,994,2,5840,3,235,1,2708,4,2310,4,5018,California
Mariposa,2021-03-29,20,7089,6,1000,14,5854,0,235,12,2712,8,2318,12,5030,California
Mariposa,2021-03-30,37,7126,13,1013,8,5862,16,251,14,2719,23,2341,30,5060,California
Mariposa,2021-03-31,89,7215,16,1029,66,5928,7,258,68,2773,21,2362,75,5135,California
Mariposa,2021-04-01,55,7270,11,1040,35,5963,9,267,34,2795,21,2383,43,5178,California
Mariposa,2021-04-02,350,7620,14,1054,333,6296,3,270,307,3063,42,2425,310,5488,California
Mariposa,2021-04-03,11,7631,8,1062,3,6299,0,270,6,3064,5,2430,6,5494,California
Mariposa,2021-04-04,2,7633,1,1063,0,6299,1,271,0,3063,2,2432,1,5495,California
Mariposa,2021-04-05,34,7667,23,1086,7,6306,4,275,16,3065,18,2450,20,5515,California
Mariposa,2021-04-06,43,7710,21,1107,6,6312,16,291,13,3065,29,2479,29,5544,California
Mariposa,2021-04-07,99,7809,7,1114,73,6385,19,310,28,3041,71,2550,47,5591,California
Mariposa,2021-04-08,280,8089,16,1130,245,6630,19,329,145,3073,133,2683,165,5756,California
Mariposa,2021-04-09,39,8128,9,1139,15,6645,15,344,11,3071,28,2711,26,5782,California
Mariposa,2021-04-10,203,8331,4,1143,189,6834,10,354,187,3253,14,2725,196,5978,California
Mariposa,2021-04-11,124,8455,4,1147,118,6952,2,356,57,3246,67,2792,60,6038,California
Mariposa,2021-04-12,43,8498,14,1161,27,6979,2,358,14,3233,29,2821,16,6054,California
Mariposa,2021-04-13,53,8551,46,1207,7,6986,0,358,34,3248,19,2840,34,6088,California
Mariposa,2021-04-14,113,8664,9,1216,104,7090,0,358,58,3252,54,2894,58,6146,California
Mariposa,2021-04-15,59,8723,17,1233,42,7132,0,358,41,3278,15,2909,41,6187,California
Mariposa,2021-04-16,381,9104,13,1246,368,7500,0,358,106,3109,275,3184,106,6293,California
Mariposa,2021-04-17,10,9114,6,1252,4,7504,0,358,8,3115,2,3186,8,6301,California
Mariposa,2021-04-18,7,9121,0,1252,7,7511,0,358,3,3114,4,3190,3,6304,California
Mariposa,2021-04-19,58,9179,26,1278,32,7543,0,358,30,3118,26,3216,30,6334,California
Mariposa,2021-04-20,62,9241,48,1326,14,7557,0,358,37,3132,23,3239,37,6371,California
Mariposa,2021-04-21,93,9334,15,1341,78,7635,0,358,43,3126,49,3288,43,6414,California
Mariposa,2021-04-22,51,9385,11,1352,40,7675,0,358,38,3152,12,3300,38,6452,California
Mariposa,2021-04-23,316,9701,71,1423,245,7920,0,358,145,3128,171,3471,147,6599,California
Mariposa,2021-04-24,106,9807,10,1433,96,8016,0,358,43,3109,62,3533,43,6642,California
Mariposa,2021-04-26,17,9824,12,1445,5,8021,0,358,6,3104,11,3544,6,6648,California
Mariposa,2021-04-27,34,9858,17,1462,15,8036,2,360,15,3105,16,3560,17,6665,California
Mariposa,2021-04-28,73,9931,13,1475,53,8089,7,367,27,3093,46,3606,34,6699,California
Mariposa,2021-04-29,83,10014,12,1487,70,8159,1,368,78,3167,5,3611,79,6778,California
Mariposa,2021-04-30,211,10225,6,1493,200,8359,5,373,62,3085,149,3760,67,6845,California
Mariposa,2021-05-01,3,10228,2,1495,1,8360,0,373,1,3084,2,3762,1,6846,California
Mariposa,2021-05-02,3,10231,2,1497,0,8360,1,374,0,3082,3,3765,1,6847,California
Mariposa,2021-05-03,16,10247,12,1509,3,8363,1,375,7,3081,9,3774,8,6855,California
Mariposa,2021-05-04,50,10297,31,1540,15,8378,4,379,37,3109,13,3787,41,6896,California
Mariposa,2021-05-05,57,10354,9,1549,46,8424,2,381,18,3090,39,3826,20,6916,California
Mariposa,2021-05-06,57,10411,36,1585,16,8440,5,386,40,3118,17,3843,45,6961,California
Mariposa,2021-05-07,28,10439,8,1593,17,8457,3,389,13,3119,15,3858,16,6977,California
Mariposa,2021-05-08,282,10721,7,1600,275,8732,0,389,33,2905,249,4107,35,7012,California
Mariposa,2021-05-09,2,10723,1,1601,1,8733,0,389,0,2903,2,4109,0,7012,California
Mariposa,2021-05-10,20,10743,9,1610,9,8742,2,391,5,2895,15,4124,7,7019,California
Mariposa,2021-05-11,28,10771,18,1628,10,8752,0,391,21,2910,6,4130,21,7040,California
Mariposa,2021-05-12,68,10839,4,1632,58,8810,6,397,6,2860,62,4192,12,7052,California
Mariposa,2021-05-13,48,10887,8,1640,38,8848,2,399,13,2840,35,4227,15,7067,California
Mariposa,2021-05-14,249,11136,121,1761,121,8969,7,406,117,2832,132,4359,124,7191,California
Mariposa,2021-05-15,19,11155,9,1770,8,8977,2,408,11,2838,6,4365,12,7203,California
Mariposa,2021-05-16,3,11158,1,1771,1,8978,1,409,1,2838,2,4367,2,7205,California
Mariposa,2021-05-17,18,11176,7,1778,7,8985,4,413,7,2837,11,4378,10,7215,California
Mariposa,2021-05-18,63,11239,43,1821,15,9000,5,418,46,2872,16,4394,51,7266,California
Mariposa,2021-05-19,71,11310,32,1853,38,9038,1,419,52,2907,18,4412,53,7319,California
Mariposa,2021-05-20,33,11343,18,1871,13,9051,2,421,12,2900,21,4433,14,7333,California
Mariposa,2021-05-21,94,11437,9,1880,83,9134,2,423,43,2896,49,4482,45,7378,California
Mariposa,2021-05-22,49,11486,7,1887,41,9175,1,424,18,2884,31,4513,19,7397,California
Mariposa,2021-05-23,4,11490,2,1889,1,9176,1,425,2,2885,2,4515,3,7400,California
Mariposa,2021-05-24,14,11504,8,1897,4,9180,2,427,8,2889,6,4521,10,7410,California
Mariposa,2021-05-25,26,11530,16,1913,10,9190,0,427,18,2899,8,4529,18,7428,California
Mariposa,2021-05-26,35,11565,4,1917,27,9217,4,431,28,2924,7,4536,32,7460,California
Mariposa,2021-05-27,120,11685,64,1981,55,9272,1,432,62,2929,58,4594,63,7523,California
Mariposa,2021-05-28,65,11750,5,1986,56,9328,4,436,23,2914,42,4636,27,7550,California
Mariposa,2021-05-29,8,11758,2,1988,5,9333,1,437,3,2915,3,4639,4,7554,California
Mariposa,2021-05-30,1,11759,0,1988,0,9333,1,438,0,2915,1,4640,1,7555,California
Mariposa,2021-05-31,2,11761,0,1988,1,9334,1,439,0,2914,2,4642,1,7556,California
Mariposa,2021-06-01,14,11775,3,1991,11,9345,0,439,5,2910,9,4651,5,7561,California
Mariposa,2021-06-02,26,11801,14,2005,7,9352,5,444,6,2902,19,4670,11,7572,California
Mariposa,2021-06-03,20,11821,10,2015,7,9359,3,447,7,2899,13,4683,10,7582,California
Mariposa,2021-06-04,89,11910,78,2093,9,9368,2,449,26,2865,61,4744,27,7609,California
Mariposa,2021-06-05,30,11940,4,2097,24,9392,2,451,7,2851,23,4767,9,7618,California
Mariposa,2021-06-06,4,11944,3,2100,0,9392,1,452,1,2850,3,4770,2,7620,California
Mariposa,2021-06-07,9,11953,4,2104,5,9397,0,452,3,2848,5,4775,3,7623,California
Mariposa,2021-06-08,45,11998,34,2138,9,9406,2,454,13,2831,32,4807,15,7638,California
Mariposa,2021-06-09,28,12026,21,2159,2,9408,5,459,6,2820,22,4829,11,7649,California
Mariposa,2021-06-10,16,12042,8,2167,5,9413,3,462,6,2820,10,4839,10,7659,California
Mariposa,2021-06-11,43,12085,12,2179,23,9436,8,470,9,2803,34,4873,17,7676,California
Mariposa,2021-06-12,17,12102,11,2190,5,9441,1,471,3,2792,14,4887,3,7679,California
Mariposa,2021-06-13,1,12103,0,2190,0,9441,1,472,0,2792,1,4888,1,7680,California
Mariposa,2021-06-14,13,12116,4,2194,8,9449,1,473,5,2790,8,4896,6,7686,California
Mariposa,2021-06-15,24,12140,12,2206,11,9460,1,474,7,2781,17,4913,8,7694,California
Mariposa,2021-06-16,29,12169,13,2219,15,9475,1,475,8,2769,21,4934,9,7703,California
Mariposa,2021-06-17,11,12180,6,2225,5,9480,0,475,4,2766,7,4941,4,7707,California
Mariposa,2021-06-18,68,12248,49,2274,16,9496,3,478,33,2767,34,4975,35,7742,California
Mariposa,2021-06-19,18,12266,5,2279,13,9509,0,478,6,2761,12,4987,6,7748,California
Mariposa,2021-06-21,11,12277,4,2283,7,9516,0,478,7,2765,3,4990,7,7755,California
Mariposa,2021-06-22,23,12300,9,2292,11,9527,3,481,13,2771,10,5000,16,7771,California
Mariposa,2021-06-23,9,12309,3,2295,3,9530,3,484,5,2775,4,5004,8,7779,California
Mariposa,2021-06-24,12,12321,5,2300,7,9537,0,484,6,2775,6,5010,6,7785,California
Mariposa,2021-06-25,51,12372,23,2323,27,9564,1,485,18,2762,32,5042,19,7804,California
Mariposa,2021-06-26,1,12373,1,2324,0,9564,0,485,0,2761,1,5043,0,7804,California
Mariposa,2021-06-27,1,12374,0,2324,0,9564,1,486,0,2761,1,5044,1,7805,California
Mariposa,2021-06-28,3,12377,3,2327,0,9564,0,486,3,2764,0,5044,3,7808,California
Mariposa,2021-06-29,7,12384,3,2330,3,9567,1,487,3,2764,4,5048,4,7812,California
Mariposa,2021-06-30,2,12386,0,2330,1,9568,1,488,0,2763,2,5050,1,7813,California
Mariposa,2021-07-01,21,12407,17,2347,2,9570,2,490,8,2760,13,5063,10,7823,California
Mariposa,2021-07-02,3,12410,3,2350,0,9570,0,490,2,2762,0,5063,2,7825,California
Mariposa,2021-07-05,4,12414,1,2351,2,9572,1,491,1,2761,3,5066,2,7827,California
Mariposa,2021-07-06,10,12424,3,2354,2,9574,5,496,2,2760,8,5074,7,7834,California
Mariposa,2021-07-07,11,12435,9,2363,1,9575,1,497,7,2764,4,5078,8,7842,California
Mariposa,2021-07-08,29,12464,19,2382,8,9583,2,499,12,2761,17,5095,14,7856,California
Mendocino,2020-12-17,70,70,70,70,0,0,0,0,70,70,0,0,70,70,California
Mendocino,2020-12-18,85,155,84,154,1,1,0,0,84,154,0,0,84,154,California
Mendocino,2020-12-19,4,159,4,158,0,1,0,0,4,158,0,0,4,158,California
Mendocino,2020-12-20,7,166,7,165,0,1,0,0,7,165,0,0,7,165,California
Mendocino,2020-12-21,238,404,238,403,0,1,0,0,77,242,0,0,77,242,California
Mendocino,2020-12-22,253,657,192,595,61,62,0,0,253,495,0,0,253,495,California
Mendocino,2020-12-23,272,929,48,643,224,286,0,0,271,766,0,0,271,766,California
Mendocino,2020-12-24,49,978,8,651,41,327,0,0,49,815,0,0,49,815,California
Mendocino,2020-12-25,1,979,0,651,1,328,0,0,1,816,0,0,1,816,California
Mendocino,2020-12-26,2,981,2,653,0,328,0,0,2,818,0,0,2,818,California
Mendocino,2020-12-27,1,982,0,653,1,329,0,0,1,819,0,0,1,819,California
Mendocino,2020-12-28,74,1056,9,662,65,394,0,0,74,893,0,0,74,893,California
Mendocino,2020-12-29,122,1178,61,723,61,455,0,0,122,1015,0,0,122,1015,California
Mendocino,2020-12-30,122,1300,69,792,53,508,0,0,122,1137,0,0,122,1137,California
Mendocino,2020-12-31,132,1432,97,889,35,543,0,0,132,1269,0,0,132,1269,California
Mendocino,2021-01-01,10,1442,7,896,3,546,0,0,10,1279,0,0,10,1279,California
Mendocino,2021-01-02,1,1443,1,897,0,546,0,0,1,1280,0,0,1,1280,California
Mendocino,2021-01-04,838,2281,18,915,820,1366,0,0,838,2118,0,0,838,2118,California
Mendocino,2021-01-05,71,2352,36,951,35,1401,0,0,58,2163,13,13,58,2176,California
Mendocino,2021-01-06,158,2510,136,1087,22,1423,0,0,148,2301,10,23,148,2324,California
Mendocino,2021-01-07,361,2871,239,1326,122,1545,0,0,298,2536,63,86,298,2622,California
Mendocino,2021-01-08,95,2966,82,1408,13,1558,0,0,41,2524,54,140,42,2664,California
Mendocino,2021-01-09,10,2976,6,1414,4,1562,0,0,8,2530,2,142,8,2672,California
Mendocino,2021-01-10,9,2985,8,1422,1,1563,0,0,2,2525,7,149,2,2674,California
Mendocino,2021-01-11,103,3088,93,1515,10,1573,0,0,45,2513,57,206,45,2719,California
Mendocino,2021-01-12,389,3477,379,1894,10,1583,0,0,272,2668,117,323,272,2991,California
Mendocino,2021-01-13,497,3974,150,2044,347,1930,0,0,451,3076,44,367,452,3443,California
Mendocino,2021-01-14,657,4631,21,2065,636,2566,0,0,648,3715,9,376,648,4091,California
Mendocino,2021-01-15,1879,6510,868,2933,1011,3577,0,0,1874,5585,5,381,1875,5966,California
Mendocino,2021-01-16,789,7299,48,2981,741,4318,0,0,787,6370,2,383,787,6753,California
Mendocino,2021-01-17,554,7853,1,2982,553,4871,0,0,553,6922,1,384,553,7306,California
Mendocino,2021-01-18,487,8340,462,3444,25,4896,0,0,475,7385,12,396,475,7781,California
Mendocino,2021-01-19,337,8677,151,3595,186,5082,0,0,159,7366,178,574,159,7940,California
Mendocino,2021-01-20,559,9236,410,4005,149,5231,0,0,452,7714,105,679,453,8393,California
Mendocino,2021-01-21,539,9775,226,4231,313,5544,0,0,352,7880,186,865,352,8745,California
Mendocino,2021-01-22,152,9927,61,4292,91,5635,0,0,112,7952,40,905,112,8857,California
Mendocino,2021-01-23,155,10082,84,4376,71,5706,0,0,149,8095,6,911,149,9006,California
Mendocino,2021-01-24,5,10087,3,4379,2,5708,0,0,5,8100,0,911,5,9011,California
Mendocino,2021-01-25,192,10279,18,4397,174,5882,0,0,122,8152,70,981,122,9133,California
Mendocino,2021-01-26,154,10433,54,4451,100,5982,0,0,95,8188,59,1040,95,9228,California
Mendocino,2021-01-27,445,10878,374,4825,71,6053,0,0,178,8106,260,1300,178,9406,California
Mendocino,2021-01-28,605,11483,542,5367,63,6116,0,0,509,8520,95,1395,509,9915,California
Mendocino,2021-01-29,392,11875,352,5719,40,6156,0,0,363,8855,29,1424,364,10279,California
Mendocino,2021-01-30,50,11925,31,5750,19,6175,0,0,43,8891,7,1431,43,10322,California
Mendocino,2021-01-31,275,12200,2,5752,273,6448,0,0,4,8624,271,1702,4,10326,California
Mendocino,2021-02-01,383,12583,54,5806,329,6777,0,0,60,8361,323,2025,60,10386,California
Mendocino,2021-02-02,748,13331,526,6332,222,6999,0,0,386,8385,362,2387,386,10772,California
Mendocino,2021-02-03,398,13729,209,6541,189,7188,0,0,226,8441,170,2557,226,10998,California
Mendocino,2021-02-04,630,14359,534,7075,96,7284,0,0,502,8815,128,2685,502,11500,California
Mendocino,2021-02-05,1307,15666,1217,8292,90,7374,0,0,588,8686,717,3402,588,12088,California
Mendocino,2021-02-06,558,16224,159,8451,399,7773,0,0,543,9214,15,3417,543,12631,California
Mendocino,2021-02-07,34,16258,30,8481,4,7777,0,0,34,9248,0,3417,34,12665,California
Mendocino,2021-02-08,753,17011,720,9201,33,7810,0,0,287,9069,466,3883,287,12952,California
Mendocino,2021-02-09,143,17154,60,9261,83,7893,0,0,89,9104,54,3937,89,13041,California
Mendocino,2021-02-10,1491,18645,925,10186,566,8459,0,0,743,9106,741,4678,743,13784,California
Mendocino,2021-02-11,1214,19859,209,10395,1005,9464,0,0,298,8488,916,5594,298,14082,California
Mendocino,2021-02-12,1460,21319,163,10558,1297,10761,0,0,659,8347,800,6394,659,14741,California
Mendocino,2021-02-13,506,21825,14,10572,492,11253,0,0,104,8055,401,6795,109,14850,California
Mendocino,2021-02-14,695,22520,4,10576,691,11944,0,0,135,7630,560,7355,135,14985,California
Mendocino,2021-02-15,336,22856,43,10619,293,12237,0,0,177,7649,158,7513,177,15162,California
Mendocino,2021-02-16,200,23056,51,10670,149,12386,0,0,128,7705,72,7585,128,15290,California
Mendocino,2021-02-17,1376,24432,1213,11883,163,12549,0,0,886,8103,488,8073,886,16176,California
Mendocino,2021-02-18,1832,26264,687,12570,1145,13694,0,0,1235,8743,595,8668,1235,17411,California
Mendocino,2021-02-19,762,27026,153,12723,609,14303,0,0,618,9219,144,8812,620,18031,California
Mendocino,2021-02-20,578,27604,550,13273,28,14331,0,0,546,9735,30,8842,546,18577,California
Mendocino,2021-02-21,327,27931,9,13282,318,14649,0,0,314,10037,12,8854,314,18891,California
Mendocino,2021-02-22,168,28099,31,13313,137,14786,0,0,71,10013,95,8949,71,18962,California
Mendocino,2021-02-23,869,28968,855,14168,14,14800,0,0,653,10452,214,9163,653,19615,California
Mendocino,2021-02-24,1869,30837,1786,15954,83,14883,0,0,1439,11469,424,9587,1441,21056,California
Mendocino,2021-02-25,1719,32556,544,16498,1175,16058,0,0,1289,12330,428,10015,1289,22345,California
Mendocino,2021-02-26,1443,33999,772,17270,671,16729,0,0,1058,13006,382,10397,1058,23403,California
Mendocino,2021-02-27,203,34202,153,17423,50,16779,0,0,78,12960,124,10521,78,23481,California
Mendocino,2021-02-28,36,34238,14,17437,22,16801,0,0,23,12970,13,10534,23,23504,California
Mendocino,2021-03-01,593,34831,547,17984,46,16847,0,0,551,13482,39,10573,551,24055,California
Mendocino,2021-03-02,76,34907,28,18012,48,16895,0,0,42,13491,33,10606,42,24097,California
Mendocino,2021-03-03,2038,36945,1334,19346,704,17599,0,0,1385,14225,651,11257,1385,25482,California
Mendocino,2021-03-04,1854,38799,152,19498,1702,19301,0,0,1633,15642,218,11475,1635,27117,California
Mendocino,2021-03-05,482,39281,418,19916,55,19356,9,9,374,15921,104,11579,383,27500,California
Mendocino,2021-03-06,250,39531,25,19941,198,19554,27,36,206,16111,43,11622,233,27733,California
Mendocino,2021-03-07,527,40058,27,19968,480,20034,20,56,138,15880,388,12010,157,27890,California
Mendocino,2021-03-08,124,40182,28,19996,59,20093,37,93,64,15923,58,12068,101,27991,California
Mendocino,2021-03-09,941,41123,598,20594,302,20395,41,134,832,16687,109,12177,873,28864,California
Mendocino,2021-03-10,1148,42271,984,21578,99,20494,65,199,266,16145,876,13053,334,29198,California
Mendocino,2021-03-11,849,43120,632,22210,162,20656,55,254,394,16142,452,13505,449,29647,California
Mendocino,2021-03-12,2069,45189,1058,23268,899,21555,112,366,1236,16663,827,14332,1348,30995,California
Mendocino,2021-03-13,705,45894,570,23838,77,21632,58,424,109,16238,592,14924,167,31162,California
Mendocino,2021-03-14,105,45999,3,23841,95,21727,7,431,12,16168,89,15013,19,31181,California
Mendocino,2021-03-15,604,46603,52,23893,493,22220,59,490,210,16045,391,15404,268,31449,California
Mendocino,2021-03-16,584,47187,389,24282,149,22369,46,536,116,15741,466,15870,162,31611,California
Mendocino,2021-03-17,1584,48771,1379,25661,57,22426,148,684,211,14742,1365,17235,366,31977,California
Mendocino,2021-03-18,1307,50078,247,25908,1023,23449,37,721,276,14032,1023,18258,313,32290,California
Mendocino,2021-03-19,1777,51855,855,26763,861,24310,61,782,317,12959,1453,19711,380,32670,California
Mendocino,2021-03-20,71,51926,11,26774,39,24349,21,803,13,12935,58,19769,34,32704,California
Mendocino,2021-03-21,8,51934,1,26775,2,24351,5,808,3,12938,5,19774,8,32712,California
Mendocino,2021-03-22,656,52590,611,27386,16,24367,29,837,146,12606,506,20280,174,32886,California
Mendocino,2021-03-23,165,52755,34,27420,101,24468,30,867,114,12699,51,20331,144,33030,California
Mendocino,2021-03-24,918,53673,843,28263,27,24495,48,915,111,12053,805,21136,159,33189,California
Mendocino,2021-03-25,2017,55690,54,28317,1943,26438,20,935,175,10410,1836,22972,193,33382,California
Mendocino,2021-03-26,548,56238,395,28712,127,26565,26,961,114,10116,433,23405,139,33521,California
Mendocino,2021-03-27,163,56401,33,28745,118,26683,12,973,83,10131,79,23484,94,33615,California
Mendocino,2021-03-28,28,56429,6,28751,18,26701,4,977,4,10116,23,23507,8,33623,California
Mendocino,2021-03-29,191,56620,99,28850,48,26749,44,1021,96,10161,95,23602,140,33763,California
Mendocino,2021-03-30,719,57339,634,29484,48,26797,37,1058,107,9696,609,24211,144,33907,California
Mendocino,2021-03-31,918,58257,280,29764,577,27374,61,1119,154,9150,761,24972,215,34122,California
Mendocino,2021-04-01,1756,60013,427,30191,1248,28622,81,1200,384,8253,1361,26333,464,34586,California
Mendocino,2021-04-02,1311,61324,1077,31268,161,28783,73,1273,158,7334,1150,27483,231,34817,California
Mendocino,2021-04-03,715,62039,14,31282,680,29463,21,1294,88,6821,622,28105,109,34926,California
Mendocino,2021-04-04,71,62110,35,31317,30,29493,6,1300,54,6864,17,28122,60,34986,California
Mendocino,2021-04-05,213,62323,141,31458,48,29541,24,1324,127,6926,86,28208,148,35134,California
Mendocino,2021-04-06,402,62725,125,31583,182,29723,95,1419,108,6836,294,28502,204,35338,California
Mendocino,2021-04-07,493,63218,181,31764,65,29788,247,1666,118,6827,372,28874,363,35701,California
Mendocino,2021-04-08,1495,64713,916,32680,464,30252,115,1781,1003,7459,485,29359,1117,36818,California
Mendocino,2021-04-09,762,65475,430,33110,171,30423,161,1942,399,7656,363,29722,560,37378,California
Mendocino,2021-04-10,406,65881,92,33202,268,30691,46,1988,98,7492,308,30030,144,37522,California
Mendocino,2021-04-11,121,66002,47,33249,19,30710,55,2043,59,7544,62,30092,114,37636,California
Mendocino,2021-04-12,624,66626,515,33764,48,30758,61,2104,409,7799,215,30307,470,38106,California
Mendocino,2021-04-13,292,66918,230,33994,62,30820,0,2104,224,7955,68,30375,224,38330,California
Mendocino,2021-04-14,524,67442,430,34424,94,30914,0,2104,420,8271,104,30479,420,38750,California
Mendocino,2021-04-15,661,68103,328,34752,333,31247,0,2104,386,8387,270,30749,386,39136,California
Mendocino,2021-04-16,127,68230,54,34806,72,31319,1,2105,78,8417,48,30797,78,39214,California
Mendocino,2021-04-17,195,68425,12,34818,183,31502,0,2105,68,8360,125,30922,68,39282,California
Mendocino,2021-04-18,15,68440,7,34825,8,31510,0,2105,8,8363,5,30927,8,39290,California
Mendocino,2021-04-19,542,68982,516,35341,25,31535,1,2106,429,8682,111,31038,430,39720,California
Mendocino,2021-04-20,431,69413,297,35638,134,31669,0,2106,269,8791,160,31198,269,39989,California
Mendocino,2021-04-21,199,69612,136,35774,62,31731,1,2107,118,8830,79,31277,118,40107,California
Mendocino,2021-04-22,489,70101,318,36092,170,31901,1,2108,314,8973,171,31448,314,40421,California
Mendocino,2021-04-23,861,70962,703,36795,158,32059,0,2108,699,9513,159,31607,699,41120,California
Mendocino,2021-04-24,110,71072,16,36811,94,32153,0,2108,102,9607,8,31615,102,41222,California
Mendocino,2021-04-25,58,71130,34,36845,20,32173,4,2112,18,9590,39,31654,22,41244,California
Mendocino,2021-04-26,310,71440,239,37084,66,32239,5,2117,202,9691,106,31760,207,41451,California
Mendocino,2021-04-27,209,71649,92,37176,90,32329,27,2144,97,9703,111,31871,123,41574,California
Mendocino,2021-04-28,224,71873,148,37324,57,32386,19,2163,126,9752,97,31968,146,41720,California
Mendocino,2021-04-29,1144,73017,839,38163,290,32676,15,2178,113,8854,1025,32993,127,41847,California
Mendocino,2021-04-30,607,73624,383,38546,214,32890,10,2188,228,8714,378,33371,238,42085,California
Mendocino,2021-05-01,481,74105,435,38981,38,32928,8,2196,375,8992,105,33476,383,42468,California
Mendocino,2021-05-02,56,74161,46,39027,7,32935,3,2199,8,8956,47,33523,11,42479,California
Mendocino,2021-05-03,146,74307,85,39112,40,32975,21,2220,42,8917,102,33625,63,42542,California
Mendocino,2021-05-04,382,74689,255,39367,95,33070,32,2252,144,8856,237,33862,176,42718,California
Mendocino,2021-05-05,879,75568,792,40159,72,33142,15,2267,223,8438,654,34516,236,42954,California
Mendocino,2021-05-06,635,76203,384,40543,229,33371,22,2289,156,8139,477,34993,178,43132,California
Mendocino,2021-05-07,189,76392,36,40579,128,33499,25,2314,121,8217,67,35060,145,43277,California
Mendocino,2021-05-08,126,76518,5,40584,120,33619,1,2315,110,8313,15,35075,111,43388,California
Mendocino,2021-05-09,22,76540,7,40591,14,33633,1,2316,5,8302,17,35092,6,43394,California
Mendocino,2021-05-10,244,76784,161,40752,78,33711,5,2321,151,8365,93,35185,156,43550,California
Mendocino,2021-05-11,279,77063,143,40895,118,33829,18,2339,130,8364,147,35332,146,43696,California
Mendocino,2021-05-12,144,77207,82,40977,53,33882,9,2348,45,8321,97,35429,54,43750,California
Mendocino,2021-05-13,1234,78441,1121,42098,96,33978,17,2365,321,7747,912,36341,338,44088,California
Mendocino,2021-05-14,721,79162,491,42589,167,34145,63,2428,247,7588,469,36810,310,44398,California
Mendocino,2021-05-15,84,79246,28,42617,52,34197,4,2432,39,7586,45,36855,43,44441,California
Mendocino,2021-05-16,117,79363,104,42721,11,34208,2,2434,99,7671,17,36872,102,44543,California
Mendocino,2021-05-17,178,79541,85,42806,77,34285,16,2450,102,7713,76,36948,118,44661,California
Mendocino,2021-05-18,249,79790,119,42925,99,34384,31,2481,108,7711,140,37088,138,44799,California
Mendocino,2021-05-19,329,80119,191,43116,117,34501,21,2502,243,7892,83,37171,264,45063,California
Mendocino,2021-05-20,299,80418,116,43232,138,34639,45,2547,103,7847,193,37364,148,45211,California
Mendocino,2021-05-21,654,81072,475,43707,164,34803,15,2562,507,8223,146,37510,522,45733,California
Mendocino,2021-05-22,785,81857,675,44382,102,34905,8,2570,240,7927,544,38054,248,45981,California
Mendocino,2021-05-23,29,81886,12,44394,10,34915,7,2577,15,7935,13,38067,21,46002,California
Mendocino,2021-05-24,129,82015,45,44439,63,34978,21,2598,61,7950,67,38134,82,46084,California
Mendocino,2021-05-25,303,82318,180,44619,90,35068,33,2631,135,7951,166,38300,167,46251,California
Mendocino,2021-05-26,324,82642,244,44863,68,35136,12,2643,131,7902,192,38492,143,46394,California
Mendocino,2021-05-27,248,82890,112,44975,112,35248,24,2667,102,7883,144,38636,125,46519,California
Mendocino,2021-05-28,238,83128,98,45073,127,35375,13,2680,153,7967,83,38719,167,46686,California
Mendocino,2021-05-29,49,83177,17,45090,27,35402,5,2685,24,7971,25,38744,29,46715,California
Mendocino,2021-05-30,15,83192,2,45092,12,35414,1,2686,10,7977,5,38749,11,46726,California
Mendocino,2021-05-31,6,83198,0,45092,5,35419,1,2687,2,7977,3,38752,3,46729,California
Mendocino,2021-06-01,312,83510,105,45197,198,35617,9,2696,83,7840,229,38981,92,46821,California
Mendocino,2021-06-02,155,83665,59,45256,88,35705,8,2704,54,7804,98,39079,62,46883,California
Mendocino,2021-06-03,558,84223,456,45712,93,35798,9,2713,124,7510,427,39506,133,47016,California
Mendocino,2021-06-04,318,84541,192,45904,103,35901,23,2736,86,7388,231,39737,109,47125,California
Mendocino,2021-06-05,227,84768,94,45998,115,36016,18,2754,74,7329,151,39888,92,47217,California
Mendocino,2021-06-06,63,84831,58,46056,2,36018,3,2757,2,7273,61,39949,5,47222,California
Mendocino,2021-06-07,148,84979,72,46128,64,36082,12,2769,58,7253,90,40039,70,47292,California
Mendocino,2021-06-08,244,85223,142,46270,88,36170,14,2783,110,7248,129,40168,124,47416,California
Mendocino,2021-06-09,310,85533,249,46519,51,36221,10,2793,106,7161,203,40371,116,47532,California
Mendocino,2021-06-10,131,85664,70,46589,45,36266,16,2809,58,7162,73,40444,74,47606,California
Mendocino,2021-06-11,749,86413,589,47178,132,36398,28,2837,123,6689,624,41068,151,47757,California
Mendocino,2021-06-12,78,86491,53,47231,19,36417,6,2843,28,6674,49,41117,34,47791,California
Mendocino,2021-06-13,29,86520,16,47247,11,36428,2,2845,15,6678,13,41130,17,47808,California
Mendocino,2021-06-14,130,86650,58,47305,53,36481,19,2864,48,6663,81,41211,66,47874,California
Mendocino,2021-06-15,259,86909,166,47471,74,36555,19,2883,84,6591,175,41386,103,47977,California
Mendocino,2021-06-16,273,87182,171,47642,80,36635,22,2905,69,6480,202,41588,91,48068,California
Mendocino,2021-06-17,170,87352,90,47732,62,36697,18,2923,56,6441,113,41701,74,48142,California
Mendocino,2021-06-18,281,87633,128,47860,123,36820,30,2953,80,6351,199,41900,109,48251,California
Mendocino,2021-06-19,76,87709,43,47903,26,36846,7,2960,17,6316,59,41959,24,48275,California
Mendocino,2021-06-20,12,87721,4,47907,4,36850,4,2964,7,6322,5,41964,11,48286,California
Mendocino,2021-06-21,100,87821,34,47941,55,36905,11,2975,43,6321,54,42018,53,48339,California
Mendocino,2021-06-22,133,87954,86,48027,34,36939,13,2988,56,6315,75,42093,69,48408,California
Mendocino,2021-06-23,227,88181,160,48187,37,36976,30,3018,101,6320,126,42219,131,48539,California
Mendocino,2021-06-24,194,88375,110,48297,70,37046,14,3032,73,6287,120,42339,87,48626,California
Mendocino,2021-06-25,184,88559,97,48394,74,37120,13,3045,71,6259,112,42451,84,48710,California
Mendocino,2021-06-26,72,88631,47,48441,21,37141,4,3049,21,6233,51,42502,25,48735,California
Mendocino,2021-06-27,23,88654,13,48454,9,37150,1,3050,13,6237,10,42512,14,48749,California
Mendocino,2021-06-28,64,88718,43,48497,11,37161,10,3060,20,6225,42,42554,30,48779,California
Mendocino,2021-06-29,152,88870,113,48610,38,37199,1,3061,44,6162,108,42662,45,48824,California
Mendocino,2021-06-30,181,89051,147,48757,27,37226,7,3068,57,6104,123,42785,65,48889,California
Mendocino,2021-07-01,114,89165,66,48823,38,37264,10,3078,65,6131,48,42833,75,48964,California
Mendocino,2021-07-02,105,89270,65,48888,30,37294,10,3088,50,6137,54,42887,60,49024,California
Mendocino,2021-07-03,39,89309,28,48916,9,37303,2,3090,18,6136,21,42908,20,49044,California
Mendocino,2021-07-04,1,89310,0,48916,1,37304,0,3090,1,6137,0,42908,1,49045,California
Mendocino,2021-07-05,37,89347,17,48933,15,37319,5,3095,15,6135,22,42930,20,49065,California
Mendocino,2021-07-06,210,89557,156,49089,41,37360,13,3108,88,6114,122,43052,101,49166,California
Mendocino,2021-07-07,85,89642,56,49145,23,37383,6,3114,36,6109,47,43099,42,49208,California
Mendocino,2021-07-08,51,89693,27,49172,19,37402,5,3119,20,6103,31,43130,25,49233,California
Merced,2020-12-16,3,3,3,3,0,0,0,0,3,3,0,0,3,3,California
Merced,2020-12-17,9,12,9,12,0,0,0,0,9,12,0,0,9,12,California
Merced,2020-12-18,147,159,147,159,0,0,0,0,147,159,0,0,147,159,California
Merced,2020-12-19,38,197,38,197,0,0,0,0,38,197,0,0,38,197,California
Merced,2020-12-20,18,215,18,215,0,0,0,0,18,215,0,0,18,215,California
Merced,2020-12-21,124,339,121,336,3,3,0,0,124,339,0,0,124,339,California
Merced,2020-12-22,153,492,153,489,0,3,0,0,153,492,0,0,153,492,California
Merced,2020-12-23,255,747,248,737,7,10,0,0,255,747,0,0,255,747,California
Merced,2020-12-24,72,819,72,809,0,10,0,0,72,819,0,0,72,819,California
Merced,2020-12-25,4,823,4,813,0,10,0,0,4,823,0,0,4,823,California
Merced,2020-12-26,6,829,3,816,3,13,0,0,6,829,0,0,6,829,California
Merced,2020-12-27,12,841,11,827,1,14,0,0,12,841,0,0,12,841,California
Merced,2020-12-28,123,964,98,925,25,39,0,0,123,964,0,0,123,964,California
Merced,2020-12-29,194,1158,124,1049,70,109,0,0,194,1158,0,0,194,1158,California
Merced,2020-12-30,218,1376,90,1139,128,237,0,0,218,1376,0,0,218,1376,California
Merced,2020-12-31,102,1478,33,1172,69,306,0,0,102,1478,0,0,102,1478,California
Merced,2021-01-01,6,1484,1,1173,5,311,0,0,6,1484,0,0,6,1484,California
Merced,2021-01-02,131,1615,120,1293,11,322,0,0,131,1615,0,0,131,1615,California
Merced,2021-01-03,9,1624,5,1298,4,326,0,0,9,1624,0,0,9,1624,California
Merced,2021-01-04,82,1706,42,1340,40,366,0,0,82,1706,0,0,82,1706,California
Merced,2021-01-05,330,2036,235,1575,95,461,0,0,324,2026,6,6,326,2032,California
Merced,2021-01-06,259,2295,106,1681,153,614,0,0,251,2271,8,14,253,2285,California
Merced,2021-01-07,188,2483,84,1765,104,718,0,0,175,2432,14,28,175,2460,California
Merced,2021-01-08,526,3009,393,2158,133,851,0,0,373,2653,152,180,373,2833,California
Merced,2021-01-09,22,3031,9,2167,13,864,0,0,17,2665,5,185,17,2850,California
Merced,2021-01-10,11,3042,7,2174,4,868,0,0,7,2668,4,189,7,2857,California
Merced,2021-01-11,230,3272,172,2346,58,926,0,0,101,2643,129,318,104,2961,California
Merced,2021-01-12,298,3570,173,2519,125,1051,0,0,248,2840,51,369,248,3209,California
Merced,2021-01-13,394,3964,178,2697,216,1267,0,0,239,2928,154,523,242,3451,California
Merced,2021-01-14,328,4292,205,2902,123,1390,0,0,161,2924,166,689,162,3613,California
Merced,2021-01-15,592,4884,133,3035,459,1849,0,0,553,3440,40,729,556,4169,California
Merced,2021-01-16,214,5098,130,3165,84,1933,0,0,197,3620,17,746,197,4366,California
Merced,2021-01-17,51,5149,12,3177,39,1972,0,0,49,3667,2,748,49,4415,California
Merced,2021-01-18,269,5418,130,3307,139,2111,0,0,244,3890,25,773,248,4663,California
Merced,2021-01-19,714,6132,588,3895,126,2237,0,0,540,4264,173,946,547,5210,California
Merced,2021-01-20,575,6707,468,4363,107,2344,0,0,518,4728,57,1003,521,5731,California
Merced,2021-01-21,1030,7737,654,5017,376,2720,0,0,927,5556,102,1105,930,6661,California
Merced,2021-01-22,1321,9058,697,5714,624,3344,0,0,1291,6831,29,1134,1304,7965,California
Merced,2021-01-23,336,9394,202,5916,134,3478,0,0,227,6949,109,1243,227,8192,California
Merced,2021-01-24,36,9430,15,5931,21,3499,0,0,28,6970,7,1250,28,8220,California
Merced,2021-01-25,745,10175,245,6176,500,3999,0,0,683,7593,61,1311,684,8904,California
Merced,2021-01-26,948,11123,487,6663,461,4460,0,0,692,8058,228,1539,693,9597,California
Merced,2021-01-27,1006,12129,590,7253,416,4876,0,0,833,8720,171,1710,833,10430,California
Merced,2021-01-28,1161,13290,596,7849,565,5441,0,0,1037,9636,123,1833,1039,11469,California
Merced,2021-01-29,875,14165,315,8164,560,6001,0,0,621,10018,242,2075,624,12093,California
Merced,2021-01-30,269,14434,28,8192,241,6242,0,0,252,10253,17,2092,252,12345,California
Merced,2021-01-31,49,14483,11,8203,38,6280,0,0,47,10299,1,2093,47,12392,California
Merced,2021-02-01,396,14879,51,8254,345,6625,0,0,343,10592,51,2144,344,12736,California
Merced,2021-02-02,315,15194,183,8437,132,6757,0,0,186,10653,126,2270,187,12923,California
Merced,2021-02-03,362,15556,78,8515,284,7041,0,0,180,10652,181,2451,180,13103,California
Merced,2021-02-04,390,15946,161,8676,229,7270,0,0,256,10776,133,2584,257,13360,California
Merced,2021-02-05,522,16468,179,8855,343,7613,0,0,281,10820,239,2823,283,13643,California
Merced,2021-02-06,395,16863,221,9076,174,7787,0,0,251,10931,141,2964,252,13895,California
Merced,2021-02-07,20,16883,13,9089,7,7794,0,0,13,10937,7,2971,13,13908,California
Merced,2021-02-08,290,17173,200,9289,90,7884,0,0,178,11006,110,3081,179,14087,California
Merced,2021-02-09,1227,18400,964,10253,263,8147,0,0,782,11352,437,3518,783,14870,California
Merced,2021-02-10,1908,20308,1446,11699,462,8609,0,0,1310,12074,588,4106,1310,16180,California
Merced,2021-02-11,2564,22872,2043,13742,521,9130,0,0,1843,13210,708,4814,1844,18024,California
Merced,2021-02-12,1745,24617,1028,14770,717,9847,0,0,765,13017,961,5775,768,18792,California
Merced,2021-02-13,371,24988,212,14982,159,10006,0,0,270,13193,96,5871,272,19064,California
Merced,2021-02-14,119,25107,27,15009,92,10098,0,0,97,13269,22,5893,98,19162,California
Merced,2021-02-15,280,25387,43,15052,237,10335,0,0,172,13341,101,5994,173,19335,California
Merced,2021-02-16,1238,26625,855,15907,383,10718,0,0,846,13819,372,6366,850,20185,California
Merced,2021-02-17,1913,28538,1666,17573,247,10965,0,0,1334,14602,559,6925,1342,21527,California
Merced,2021-02-18,1282,29820,875,18448,407,11372,0,0,454,14253,807,7732,458,21985,California
Merced,2021-02-19,1292,31112,440,18888,852,12224,0,0,554,14078,731,8463,556,22541,California
Merced,2021-02-20,292,31404,35,18923,257,12481,0,0,144,14076,146,8609,144,22685,California
Merced,2021-02-21,84,31488,68,18991,16,12497,0,0,31,14056,51,8660,31,22716,California
Merced,2021-02-22,852,32340,299,19290,553,13050,0,0,486,14180,364,9024,488,23204,California
Merced,2021-02-23,1119,33459,432,19722,687,13737,0,0,647,14364,466,9490,650,23854,California
Merced,2021-02-24,861,34320,310,20032,551,14288,0,0,455,14426,394,9884,456,24310,California
Merced,2021-02-25,1833,36153,912,20944,921,15209,0,0,1347,15294,482,10366,1350,25660,California
Merced,2021-02-26,2224,38377,1414,22358,810,16019,0,0,1759,16601,453,10819,1760,27420,California
Merced,2021-02-27,2635,41012,1197,23555,1438,17457,0,0,2341,18650,292,11111,2341,29761,California
Merced,2021-02-28,324,41336,76,23631,247,17704,1,1,257,18844,63,11174,257,30018,California
Merced,2021-03-01,1162,42498,286,23917,875,18579,1,2,788,19269,364,11538,789,30807,California
Merced,2021-03-02,1897,44395,1039,24956,857,19436,1,3,1486,20355,404,11942,1490,32297,California
Merced,2021-03-03,2478,46873,1972,26928,505,19941,1,4,1702,21304,755,12697,1704,34001,California
Merced,2021-03-04,3155,50028,2527,29455,626,20567,2,6,2163,22498,972,13669,2166,36167,California
Merced,2021-03-05,2363,52391,1474,30929,865,21432,24,30,1808,23790,541,14210,1833,38000,California
Merced,2021-03-06,1180,53571,670,31599,488,21920,22,52,912,24457,267,14477,934,38934,California
Merced,2021-03-07,246,53817,71,31670,143,22063,32,84,211,24665,35,14512,243,39177,California
Merced,2021-03-08,1565,55382,950,32620,548,22611,67,151,1328,25823,236,14748,1394,40571,California
Merced,2021-03-09,1890,57272,1145,33765,637,23248,108,259,1221,26492,660,15408,1329,41900,California
Merced,2021-03-10,2967,60239,1989,35754,778,24026,200,459,1637,27021,1312,16720,1841,43741,California
Merced,2021-03-11,2227,62466,840,36594,1182,25208,205,664,1235,27510,972,17692,1461,45202,California
Merced,2021-03-12,2549,65015,1113,37707,1161,26369,275,939,1656,28565,888,18580,1943,47145,California
Merced,2021-03-13,1032,66047,322,38029,468,26837,242,1181,712,29205,312,18892,952,48097,California
Merced,2021-03-14,268,66315,155,38184,82,26919,31,1212,150,29272,114,19006,181,48278,California
Merced,2021-03-15,1723,68038,671,38855,795,27714,257,1469,1187,30190,525,19531,1443,49721,California
Merced,2021-03-16,1665,69703,880,39735,558,28272,227,1696,1142,31049,511,20042,1370,51091,California
Merced,2021-03-17,2322,72025,1393,41128,748,29020,181,1877,1844,32609,466,20508,2026,53117,California
Merced,2021-03-18,2266,74291,1382,42510,734,29754,150,2027,1408,33340,840,21348,1571,54688,California
Merced,2021-03-19,2808,77099,1584,44094,1029,30783,195,2222,1403,33545,1392,22740,1597,56285,California
Merced,2021-03-20,2470,79569,1532,45626,542,31325,396,2618,969,33421,1493,24233,1369,57654,California
Merced,2021-03-21,570,80139,346,45972,211,31536,13,2631,448,33764,120,24353,463,58117,California
Merced,2021-03-22,1283,81422,641,46613,565,32101,77,2708,894,34357,380,24733,973,59090,California
Merced,2021-03-23,1979,83401,1236,47849,677,32778,66,2774,1373,35201,595,25328,1439,60529,California
Merced,2021-03-24,1728,85129,1169,49018,523,33301,36,2810,1005,35532,710,26038,1041,61570,California
Merced,2021-03-25,3629,88758,2558,51576,1048,34349,23,2833,2123,36198,1483,27521,2149,63719,California
Merced,2021-03-26,2207,90965,1345,52921,825,35174,37,2870,901,35860,1275,28796,937,64656,California
Merced,2021-03-27,3600,94565,1927,54848,1250,36424,423,3293,1568,35836,2016,30812,1992,66648,California
Merced,2021-03-28,525,95090,218,55066,300,36724,7,3300,212,35746,310,31122,220,66868,California
Merced,2021-03-29,1960,97050,890,55956,899,37623,171,3471,681,35334,1266,32388,854,67722,California
Merced,2021-03-30,2294,99344,923,56879,1312,38935,59,3530,1012,35131,1276,33664,1073,68795,California
Merced,2021-03-31,2395,101739,1488,58367,722,39657,185,3715,993,34932,1377,35041,1178,69973,California
Merced,2021-04-01,2607,104346,1063,59430,1186,40843,358,4073,1067,34832,1524,36565,1424,71397,California
Merced,2021-04-02,2483,106829,750,60180,1310,42153,423,4496,800,34407,1638,38203,1213,72610,California
Merced,2021-04-03,1098,107927,607,60787,472,42625,19,4515,667,34673,421,38624,687,73297,California
Merced,2021-04-04,374,108301,143,60930,227,42852,4,4519,141,34587,232,38856,146,73443,California
Merced,2021-04-05,1513,109814,832,61762,468,43320,213,4732,410,34117,1093,39949,623,74066,California
Merced,2021-04-06,2613,112427,1070,62832,713,44033,830,5562,892,34125,1713,41662,1721,75787,California
Merced,2021-04-07,1924,114351,1136,63968,680,44713,108,5670,593,33539,1290,42952,704,76491,California
Merced,2021-04-08,2511,116862,1356,65324,935,45648,220,5890,992,33279,1468,44420,1208,77699,California
Merced,2021-04-09,1716,118578,484,65808,653,46301,579,6469,560,33285,1134,45554,1140,78839,California
Merced,2021-04-10,987,119565,371,66179,428,46729,188,6657,178,32846,803,46357,364,79203,California
Merced,2021-04-11,489,120054,282,66461,72,46801,135,6792,148,32791,339,46696,284,79487,California
Merced,2021-04-12,1529,121583,1000,67461,405,47206,124,6916,871,33169,618,47314,996,80483,California
Merced,2021-04-13,2066,123649,1478,68939,586,47792,2,6918,936,33082,1029,48343,942,81425,California
Merced,2021-04-14,2258,125907,1399,70338,859,48651,0,6918,1047,33055,1075,49418,1048,82473,California
Merced,2021-04-15,3058,128965,1994,72332,1064,49715,0,6918,943,32125,1877,51295,947,83420,California
Merced,2021-04-16,2421,131386,1176,73508,1245,50960,0,6918,964,31740,1349,52644,964,84384,California
Merced,2021-04-17,2157,133543,1483,74991,673,51633,1,6919,663,30921,1486,54130,667,85051,California
Merced,2021-04-18,523,134066,298,75289,225,51858,0,6919,200,30826,295,54425,200,85251,California
Merced,2021-04-19,1376,135442,761,76050,615,52473,0,6919,709,30969,566,54991,709,85960,California
Merced,2021-04-20,1560,137002,797,76847,763,53236,0,6919,813,31108,674,55665,813,86773,California
Merced,2021-04-21,1660,138662,1045,77892,615,53851,0,6919,804,31173,740,56405,805,87578,California
Merced,2021-04-22,1728,140390,796,78688,932,54783,0,6919,788,31116,846,57251,789,88367,California
Merced,2021-04-23,1715,142105,732,79420,983,55766,0,6919,923,31297,743,57994,924,89291,California
Merced,2021-04-24,885,142990,707,80127,178,55944,0,6919,555,31528,324,58318,555,89846,California
Merced,2021-04-25,334,143324,193,80320,141,56085,0,6919,193,31586,136,58454,194,90040,California
Merced,2021-04-26,1294,144618,563,80883,731,56816,0,6919,648,31628,608,59062,650,90690,California
Merced,2021-04-27,1844,146462,940,81823,892,57708,12,6931,745,31357,1028,60090,757,91447,California
Merced,2021-04-28,1445,147907,727,82550,710,58418,8,6939,821,31589,598,60688,830,92277,California
Merced,2021-04-29,1512,149419,684,83234,803,59221,25,6964,717,31548,784,61472,743,93020,California
Merced,2021-04-30,1520,150939,655,83889,821,60042,44,7008,786,31652,727,62199,831,93851,California
Merced,2021-05-01,570,151509,243,84132,323,60365,4,7012,267,31626,296,62495,270,94121,California
Merced,2021-05-02,305,151814,123,84255,167,60532,15,7027,126,31590,178,62673,142,94263,California
Merced,2021-05-03,877,152691,575,84830,228,60760,74,7101,317,31427,556,63229,393,94656,California
Merced,2021-05-04,1082,153773,593,85423,437,61197,52,7153,396,31196,679,63908,448,95104,California
Merced,2021-05-05,1475,155248,966,86389,433,61630,76,7229,648,31108,812,64720,724,95828,California
Merced,2021-05-06,954,156202,510,86899,394,62024,50,7279,316,30844,630,65350,366,96194,California
Merced,2021-05-07,1184,157386,523,87422,619,62643,42,7321,462,30635,717,66067,508,96702,California
Merced,2021-05-08,451,157837,253,87675,162,62805,36,7357,218,30657,232,66299,254,96956,California
Merced,2021-05-09,215,158052,107,87782,101,62906,7,7364,96,30642,118,66417,103,97059,California
Merced,2021-05-10,728,158780,384,88166,307,63213,37,7401,201,30357,524,66941,239,97298,California
Merced,2021-05-11,1205,159985,724,88890,421,63634,60,7461,476,30170,723,67664,536,97834,California
Merced,2021-05-12,1124,161109,645,89535,437,64071,42,7503,387,29866,734,68398,430,98264,California
Merced,2021-05-13,950,162059,540,90075,368,64439,42,7545,426,29816,518,68916,468,98732,California
Merced,2021-05-14,1079,163138,664,90739,375,64814,40,7585,568,29919,505,69421,608,99340,California
Merced,2021-05-15,764,163902,580,91319,165,64979,19,7604,452,30091,301,69722,473,99813,California
Merced,2021-05-16,371,164273,254,91573,108,65087,9,7613,215,30163,153,69875,225,100038,California
Merced,2021-05-17,1109,165382,723,92296,356,65443,30,7643,543,30178,559,70434,574,100612,California
Merced,2021-05-18,1290,166672,862,93158,397,65840,31,7674,711,30349,571,71005,742,101354,California
Merced,2021-05-19,1154,167826,763,93921,384,66224,7,7681,645,30500,505,71510,656,102010,California
Merced,2021-05-20,1067,168893,564,94485,447,66671,56,7737,403,30299,662,72172,461,102471,California
Merced,2021-05-21,1202,170095,695,95180,479,67150,28,7765,486,30110,704,72876,515,102986,California
Merced,2021-05-22,786,170881,567,95747,205,67355,14,7779,472,30288,311,73187,489,103475,California
Merced,2021-05-23,358,171239,259,96006,86,67441,13,7792,235,30414,122,73309,248,103723,California
Merced,2021-05-24,635,171874,273,96279,331,67772,31,7823,233,30284,395,73704,265,103988,California
Merced,2021-05-25,776,172650,435,96714,307,68079,34,7857,391,30328,380,74084,424,104412,California
Merced,2021-05-26,1010,173660,560,97274,417,68496,33,7890,402,30158,606,74690,436,104848,California
Merced,2021-05-27,933,174593,656,97930,240,68736,37,7927,558,30383,371,75061,596,105444,California
Merced,2021-05-28,777,175370,353,98283,378,69114,46,7973,333,30327,435,75496,379,105823,California
Merced,2021-05-29,394,175764,273,98556,113,69227,8,7981,160,30265,231,75727,169,105992,California
Merced,2021-05-30,214,175978,145,98701,58,69285,11,7992,129,30320,85,75812,140,106132,California
Merced,2021-05-31,111,176089,25,98726,80,69365,6,7998,31,30280,78,75890,38,106170,California
Merced,2021-06-01,868,176957,542,99268,292,69657,34,8032,316,30084,546,76436,350,106520,California
Merced,2021-06-02,757,177714,484,99752,246,69903,27,8059,341,30043,409,76845,368,106888,California
Merced,2021-06-03,763,178477,484,100236,245,70148,34,8093,300,29920,457,77302,334,107222,California
Merced,2021-06-04,838,179315,453,100689,363,70511,22,8115,307,29726,524,77826,330,107552,California
Merced,2021-06-05,511,179826,404,101093,95,70606,12,8127,190,29612,316,78142,202,107754,California
Merced,2021-06-06,230,180056,193,101286,31,70637,6,8133,82,29552,148,78290,88,107842,California
Merced,2021-06-07,665,180721,533,101819,119,70756,13,8146,195,29292,470,78760,210,108052,California
Merced,2021-06-08,867,181588,640,102459,203,70959,24,8170,274,29002,588,79348,298,108350,California
Merced,2021-06-09,885,182473,652,103111,218,71177,15,8185,264,28672,610,79958,280,108630,California
Merced,2021-06-10,652,183125,448,103559,181,71358,23,8208,264,28578,381,80339,287,108917,California
Merced,2021-06-11,581,183706,370,103929,194,71552,17,8225,243,28505,335,80674,262,109179,California
Merced,2021-06-12,596,184302,487,104416,85,71637,24,8249,178,28291,416,81090,202,109381,California
Merced,2021-06-13,257,184559,134,104550,117,71754,6,8255,63,28166,194,81284,69,109450,California
Merced,2021-06-14,550,185109,360,104910,156,71910,34,8289,250,28154,297,81581,285,109735,California
Merced,2021-06-15,790,185899,562,105472,201,72111,27,8316,270,27940,512,82093,298,110033,California
Merced,2021-06-16,725,186624,504,105976,199,72310,22,8338,331,27909,384,82477,353,110386,California
Merced,2021-06-17,738,187362,562,106538,145,72455,31,8369,237,27684,493,82970,268,110654,California
Merced,2021-06-18,781,188143,512,107050,237,72692,32,8401,392,27726,382,83352,424,111078,California
Merced,2021-06-19,367,188510,252,107302,88,72780,27,8428,198,27784,167,83519,225,111303,California
Merced,2021-06-20,238,188748,184,107486,46,72826,8,8436,140,27835,97,83616,148,111451,California
Merced,2021-06-21,322,189070,196,107682,114,72940,12,8448,200,27926,121,83737,212,111663,California
Merced,2021-06-22,518,189588,358,108040,139,73079,21,8469,254,27938,264,84001,276,111939,California
Merced,2021-06-23,582,190170,362,108402,209,73288,11,8480,289,27953,285,84286,300,112239,California
Merced,2021-06-24,544,190714,383,108785,129,73417,32,8512,251,27948,288,84574,283,112522,California
Merced,2021-06-25,487,191201,341,109126,122,73539,24,8536,254,27999,226,84800,277,112799,California
Merced,2021-06-26,185,191386,127,109253,52,73591,6,8542,91,28005,92,84892,98,112897,California
Merced,2021-06-27,207,191593,146,109399,40,73631,21,8563,120,28060,86,84978,141,113038,California
Merced,2021-06-28,339,191932,223,109622,99,73730,17,8580,177,28095,159,85137,194,113232,California
Merced,2021-06-29,333,192265,197,109819,114,73844,22,8602,156,28097,176,85313,178,113410,California
Merced,2021-06-30,443,192708,250,110069,171,74015,22,8624,245,28171,193,85506,267,113677,California
Merced,2021-07-01,370,193078,247,110316,111,74126,12,8636,212,28239,158,85664,226,113903,California
Merced,2021-07-02,385,193463,269,110585,102,74228,14,8650,213,28298,169,85833,228,114131,California
Merced,2021-07-03,194,193657,122,110707,60,74288,12,8662,100,28318,92,85925,112,114243,California
Merced,2021-07-04,17,193674,5,110712,11,74299,1,8663,8,28318,9,85934,9,114252,California
Merced,2021-07-05,235,193909,154,110866,77,74376,4,8667,127,28341,108,86042,131,114383,California
Merced,2021-07-06,349,194258,219,111085,116,74492,14,8681,150,28311,194,86236,164,114547,California
Merced,2021-07-07,358,194616,203,111288,143,74635,12,8693,158,28283,198,86434,170,114717,California
Merced,2021-07-08,154,194770,118,111406,35,74670,1,8694,62,28254,92,86526,63,114780,California
Modoc,2020-12-16,1,1,1,1,0,0,0,0,1,1,0,0,1,1,California
Modoc,2020-12-21,99,100,99,100,0,0,0,0,99,100,0,0,99,100,California
Modoc,2020-12-22,14,114,14,114,0,0,0,0,14,114,0,0,14,114,California
Modoc,2020-12-23,4,118,4,118,0,0,0,0,4,118,0,0,4,118,California
Modoc,2020-12-24,1,119,1,119,0,0,0,0,1,119,0,0,1,119,California
Modoc,2020-12-28,2,121,2,121,0,0,0,0,2,121,0,0,2,121,California
Modoc,2020-12-29,10,131,1,122,9,9,0,0,10,131,0,0,10,131,California
Modoc,2020-12-30,7,138,0,122,7,16,0,0,7,138,0,0,7,138,California
Modoc,2021-01-02,3,141,1,123,2,18,0,0,3,141,0,0,3,141,California
Modoc,2021-01-04,8,149,0,123,8,26,0,0,8,149,0,0,8,149,California
Modoc,2021-01-05,3,152,2,125,1,27,0,0,3,152,0,0,3,152,California
Modoc,2021-01-06,3,155,2,127,1,28,0,0,2,153,1,1,2,154,California
Modoc,2021-01-07,72,227,0,127,72,100,0,0,72,225,0,1,72,226,California
Modoc,2021-01-08,105,332,0,127,105,205,0,0,105,330,0,1,105,331,California
Modoc,2021-01-10,1,333,1,128,0,205,0,0,0,329,1,2,0,331,California
Modoc,2021-01-11,90,423,81,209,9,214,0,0,19,277,71,73,19,350,California
Modoc,2021-01-12,94,517,25,234,69,283,0,0,68,319,26,99,68,418,California
Modoc,2021-01-13,24,541,4,238,20,303,0,0,22,339,2,101,22,440,California
Modoc,2021-01-14,128,669,6,244,122,425,0,0,123,457,5,106,123,563,California
Modoc,2021-01-15,6,675,1,245,5,430,0,0,6,463,0,106,6,569,California
Modoc,2021-01-16,2,677,1,246,1,431,0,0,2,465,0,106,2,571,California
Modoc,2021-01-18,3,680,1,247,2,433,0,0,3,468,0,106,3,574,California
Modoc,2021-01-19,5,685,3,250,2,435,0,0,3,469,2,108,3,577,California
Modoc,2021-01-20,11,696,1,251,10,445,0,0,11,480,0,108,11,588,California
Modoc,2021-01-21,157,853,2,253,155,600,0,0,157,637,0,108,157,745,California
Modoc,2021-01-22,2,855,0,253,2,602,0,0,2,639,0,108,2,747,California
Modoc,2021-01-25,11,866,0,253,11,613,0,0,11,650,0,108,11,758,California
Modoc,2021-01-26,65,931,1,254,64,677,0,0,65,715,0,108,65,823,California
Modoc,2021-01-27,43,974,3,257,40,717,0,0,27,726,16,124,27,850,California
Modoc,2021-01-28,146,1120,2,259,144,861,0,0,145,870,1,125,145,995,California
Modoc,2021-01-29,3,1123,1,260,2,863,0,0,3,873,0,125,3,998,California
Modoc,2021-02-01,26,1149,13,273,13,876,0,0,12,871,14,139,12,1010,California
Modoc,2021-02-02,170,1319,2,275,168,1044,0,0,167,1035,3,142,167,1177,California
Modoc,2021-02-03,18,1337,13,288,5,1049,0,0,11,1039,7,149,11,1188,California
Modoc,2021-02-04,155,1492,4,292,151,1200,0,0,27,938,128,277,27,1215,California
Modoc,2021-02-05,2,1494,2,294,0,1200,0,0,1,938,1,278,1,1216,California
Modoc,2021-02-08,9,1503,2,296,7,1207,0,0,8,945,1,279,8,1224,California
Modoc,2021-02-09,197,1700,13,309,184,1391,0,0,65,878,132,411,65,1289,California
Modoc,2021-02-10,5,1705,2,311,3,1394,0,0,4,881,1,412,4,1293,California
Modoc,2021-02-11,202,1907,3,314,199,1593,0,0,85,849,117,529,85,1378,California
Modoc,2021-02-12,4,1911,0,314,4,1597,0,0,2,849,2,531,2,1380,California
Modoc,2021-02-13,2,1913,0,314,2,1599,0,0,1,849,1,532,1,1381,California
Modoc,2021-02-16,147,2060,6,320,141,1740,0,0,141,984,6,538,141,1522,California
Modoc,2021-02-17,25,2085,2,322,23,1763,0,0,12,983,13,551,12,1534,California
Modoc,2021-02-18,187,2272,2,324,185,1948,0,0,23,845,163,714,25,1559,California
Modoc,2021-02-19,3,2275,3,327,0,1948,0,0,2,846,1,715,2,1561,California
Modoc,2021-02-20,1,2276,1,328,0,1948,0,0,0,845,1,716,0,1561,California
Modoc,2021-02-22,19,2295,9,337,10,1958,0,0,3,832,16,732,3,1564,California
Modoc,2021-02-23,20,2315,2,339,18,1976,0,0,1,814,19,751,1,1565,California
Modoc,2021-02-24,91,2406,1,340,90,2066,0,0,31,785,60,811,31,1596,California
Modoc,2021-02-25,169,2575,0,340,169,2235,0,0,12,640,157,968,12,1608,California
Modoc,2021-02-26,3,2578,0,340,3,2238,0,0,1,639,2,970,1,1609,California
Modoc,2021-02-27,4,2582,4,344,0,2238,0,0,2,639,2,972,2,1611,California
Modoc,2021-03-01,6,2588,0,344,6,2244,0,0,1,636,4,976,1,1612,California
Modoc,2021-03-02,193,2781,12,356,181,2425,0,0,26,495,167,1143,26,1638,California
Modoc,2021-03-03,12,2793,6,362,6,2431,0,0,2,487,10,1153,2,1640,California
Modoc,2021-03-04,174,2967,2,364,172,2603,0,0,147,607,27,1180,147,1787,California
Modoc,2021-03-05,3,2970,3,367,0,2603,0,0,2,608,1,1181,2,1789,California
Modoc,2021-03-06,11,2981,0,367,1,2604,10,10,1,609,10,1191,11,1800,California
Modoc,2021-03-07,8,2989,2,369,0,2604,6,16,2,611,6,1197,8,1808,California
Modoc,2021-03-08,8,2997,1,370,3,2607,4,20,1,610,6,1203,5,1813,California
Modoc,2021-03-09,127,3124,10,380,108,2715,9,29,61,614,66,1269,70,1883,California
Modoc,2021-03-10,9,3133,3,383,2,2717,4,33,4,617,5,1274,8,1891,California
Modoc,2021-03-11,207,3340,0,383,99,2816,108,141,22,562,185,1459,130,2021,California
Modoc,2021-03-12,10,3350,1,384,4,2820,5,146,4,565,6,1465,9,2030,California
Modoc,2021-03-13,6,3356,0,384,3,2823,3,149,1,564,5,1470,4,2034,California
Modoc,2021-03-15,12,3368,1,385,10,2833,1,150,10,573,2,1472,11,2045,California
Modoc,2021-03-16,174,3542,2,387,168,3001,4,154,42,486,132,1604,45,2090,California
Modoc,2021-03-17,10,3552,1,388,4,3005,5,159,2,485,8,1612,7,2097,California
Modoc,2021-03-18,66,3618,2,390,57,3062,7,166,34,494,32,1644,41,2138,California
Modoc,2021-03-19,5,3623,0,390,0,3062,5,171,0,494,5,1649,5,2143,California
Modoc,2021-03-20,5,3628,2,392,0,3062,3,174,0,492,5,1654,3,2146,California
Modoc,2021-03-21,3,3631,1,393,0,3062,2,176,1,493,2,1656,3,2149,California
Modoc,2021-03-22,17,3648,1,394,11,3073,5,181,12,505,5,1661,17,2166,California
Modoc,2021-03-23,37,3685,7,401,27,3100,3,184,28,527,9,1670,31,2197,California
Modoc,2021-03-24,29,3714,1,402,18,3118,10,194,1,510,28,1698,11,2208,California
Modoc,2021-03-25,76,3790,1,403,73,3191,2,196,44,524,32,1730,46,2254,California
Modoc,2021-03-26,7,3797,2,405,2,3193,3,199,2,524,5,1735,5,2259,California
Modoc,2021-03-27,2,3799,0,405,1,3194,1,200,1,525,1,1736,2,2261,California
Modoc,2021-03-28,2,3801,1,406,0,3194,1,201,0,524,2,1738,1,2262,California
Modoc,2021-03-29,14,3815,1,407,5,3199,8,209,5,528,9,1747,13,2275,California
Modoc,2021-03-30,54,3869,9,416,38,3237,7,216,20,521,34,1781,27,2302,California
Modoc,2021-03-31,10,3879,3,419,3,3240,4,220,4,523,6,1787,8,2310,California
Modoc,2021-04-01,167,4046,2,421,160,3400,5,225,32,425,135,1922,37,2347,California
Modoc,2021-04-02,5,4051,0,421,2,3402,3,228,1,426,3,1925,4,2351,California
Modoc,2021-04-03,5,4056,2,423,0,3402,3,231,2,428,2,1927,4,2355,California
Modoc,2021-04-05,9,4065,0,423,9,3411,0,231,9,437,0,1927,9,2364,California
Modoc,2021-04-06,24,4089,5,428,9,3420,10,241,6,435,18,1945,16,2380,California
Modoc,2021-04-07,12,4101,1,429,4,3424,7,248,3,436,9,1954,10,2390,California
Modoc,2021-04-08,95,4196,1,430,92,3516,2,250,26,395,69,2023,28,2418,California
Modoc,2021-04-09,11,4207,2,432,6,3522,3,253,2,390,9,2032,4,2422,California
Modoc,2021-04-10,5,4212,0,432,1,3523,4,257,0,389,5,2037,4,2426,California
Modoc,2021-04-11,2,4214,2,434,0,3523,0,257,1,389,1,2038,1,2427,California
Modoc,2021-04-12,14,4228,0,434,10,3533,4,261,1,383,11,2049,5,2432,California
Modoc,2021-04-13,30,4258,29,463,1,3534,0,261,21,395,9,2058,21,2453,California
Modoc,2021-04-14,2,4260,2,465,0,3534,0,261,1,395,1,2059,1,2454,California
Modoc,2021-04-15,100,4360,0,465,100,3634,0,261,27,350,72,2131,27,2481,California
Modoc,2021-04-16,4,4364,4,469,0,3634,0,261,3,352,1,2132,3,2484,California
Modoc,2021-04-17,2,4366,2,471,0,3634,0,261,2,354,0,2132,2,2486,California
Modoc,2021-04-18,1,4367,0,471,1,3635,0,261,1,355,0,2132,1,2487,California
Modoc,2021-04-19,7,4374,0,471,7,3642,0,261,2,352,5,2137,2,2489,California
Modoc,2021-04-20,26,4400,2,473,24,3666,0,261,8,342,18,2155,8,2497,California
Modoc,2021-04-21,3,4403,3,476,0,3666,0,261,1,341,2,2157,1,2498,California
Modoc,2021-04-22,94,4497,1,477,93,3759,0,261,38,323,56,2213,38,2536,California
Modoc,2021-04-23,4,4501,0,477,4,3763,0,261,3,325,1,2214,3,2539,California
Modoc,2021-04-24,2,4503,0,477,1,3764,1,262,1,326,1,2215,2,2541,California
Modoc,2021-04-25,1,4504,1,478,0,3764,0,262,1,327,0,2215,1,2542,California
Modoc,2021-04-26,7,4511,0,478,7,3771,0,262,2,324,5,2220,2,2544,California
Modoc,2021-04-27,5,4516,4,482,0,3771,1,263,0,320,5,2225,1,2545,California
Modoc,2021-04-28,7,4523,1,483,5,3776,1,264,2,318,5,2230,3,2548,California
Modoc,2021-04-29,63,4586,2,485,61,3837,0,264,22,299,41,2271,22,2570,California
Modoc,2021-04-30,4,4590,3,488,1,3838,0,264,2,299,2,2273,2,2572,California
Modoc,2021-05-01,1,4591,1,489,0,3838,0,264,0,298,1,2274,0,2572,California
Modoc,2021-05-02,3,4594,3,492,0,3838,0,264,2,299,1,2275,2,2574,California
Modoc,2021-05-03,12,4606,0,492,11,3849,1,265,2,292,10,2285,3,2577,California
Modoc,2021-05-04,11,4617,3,495,6,3855,2,267,5,293,6,2291,7,2584,California
Modoc,2021-05-05,27,4644,24,519,2,3857,1,268,8,283,19,2310,9,2593,California
Modoc,2021-05-06,54,4698,3,522,49,3906,2,270,21,273,33,2343,23,2616,California
Modoc,2021-05-07,8,4706,3,525,3,3909,2,272,2,271,6,2349,4,2620,California
Modoc,2021-05-08,3,4709,2,527,0,3909,1,273,1,271,2,2351,2,2622,California
Modoc,2021-05-09,1,4710,1,528,0,3909,0,273,0,270,1,2352,0,2622,California
Modoc,2021-05-10,2,4712,0,528,1,3910,1,274,1,271,1,2353,2,2624,California
Modoc,2021-05-11,3,4715,2,530,0,3910,1,275,0,269,3,2356,1,2625,California
Modoc,2021-05-12,2,4717,0,530,0,3910,2,277,0,269,2,2358,2,2627,California
Modoc,2021-05-13,42,4759,0,530,38,3948,4,281,14,259,28,2386,18,2645,California
Modoc,2021-05-14,8,4767,3,533,0,3948,5,286,3,262,5,2391,8,2653,California
Modoc,2021-05-15,4,4771,3,536,1,3949,0,286,4,266,0,2391,4,2657,California
Modoc,2021-05-16,2,4773,1,537,1,3950,0,286,0,264,2,2393,0,2657,California
Modoc,2021-05-17,5,4778,3,540,2,3952,0,286,4,267,1,2394,4,2661,California
Modoc,2021-05-18,23,4801,12,552,9,3961,2,288,14,274,9,2403,16,2677,California
Modoc,2021-05-19,8,4809,1,553,3,3964,4,292,4,278,4,2407,8,2685,California
Modoc,2021-05-20,59,4868,3,556,47,4011,9,301,8,244,51,2458,17,2702,California
Modoc,2021-05-21,6,4874,4,560,1,4012,1,302,1,241,5,2463,2,2704,California
Modoc,2021-05-22,2,4876,2,562,0,4012,0,302,1,241,1,2464,1,2705,California
Modoc,2021-05-23,2,4878,2,564,0,4012,0,302,0,239,2,2466,0,2705,California
Modoc,2021-05-24,4,4882,1,565,1,4013,2,304,2,241,2,2468,4,2709,California
Modoc,2021-05-25,2,4884,1,566,1,4014,0,304,1,241,1,2469,1,2710,California
Modoc,2021-05-26,36,4920,33,599,3,4017,0,304,27,259,9,2478,27,2737,California
Modoc,2021-05-27,28,4948,1,600,22,4039,5,309,6,248,22,2500,11,2748,California
Modoc,2021-05-28,8,4956,1,601,4,4043,3,312,3,249,5,2505,6,2754,California
Modoc,2021-05-29,1,4957,1,602,0,4043,0,312,0,248,1,2506,0,2754,California
Modoc,2021-05-31,1,4958,0,602,0,4043,1,313,0,248,0,2506,0,2754,California
Modoc,2021-06-01,6,4964,0,602,5,4048,1,314,2,247,4,2510,3,2757,California
Modoc,2021-06-02,7,4971,0,602,5,4053,2,316,3,248,4,2514,5,2762,California
Modoc,2021-06-03,25,4996,1,603,22,4075,2,318,4,233,21,2535,6,2768,California
Modoc,2021-06-04,5,5001,3,606,1,4076,1,319,0,229,5,2540,1,2769,California
Modoc,2021-06-05,1,5002,0,606,1,4077,0,319,0,228,1,2541,0,2769,California
Modoc,2021-06-07,4,5006,4,610,0,4077,0,319,1,226,3,2544,1,2770,California
Modoc,2021-06-08,29,5035,10,620,18,4095,1,320,18,234,11,2555,19,2789,California
Modoc,2021-06-09,3,5038,2,622,1,4096,0,320,2,235,1,2556,2,2791,California
Modoc,2021-06-10,21,5059,1,623,19,4115,1,321,7,229,14,2570,8,2799,California
Modoc,2021-06-11,4,5063,2,625,1,4116,1,322,2,230,2,2572,3,2802,California
Modoc,2021-06-12,1,5064,1,626,0,4116,0,322,0,229,1,2573,0,2802,California
Modoc,2021-06-14,4,5068,0,626,2,4118,2,324,0,227,4,2577,2,2804,California
Modoc,2021-06-15,7,5075,1,627,4,4122,2,326,4,230,3,2580,6,2810,California
Modoc,2021-06-16,41,5116,25,652,11,4133,5,331,22,240,19,2599,29,2839,California
Modoc,2021-06-17,46,5162,20,672,25,4158,1,332,27,249,19,2618,28,2867,California
Modoc,2021-06-18,5,5167,0,672,3,4161,2,334,3,252,2,2620,5,2872,California
Modoc,2021-06-19,3,5170,0,672,1,4162,2,336,1,253,2,2622,3,2875,California
Modoc,2021-06-21,1,5171,0,672,1,4163,0,336,1,254,0,2622,1,2876,California
Modoc,2021-06-22,11,5182,4,676,7,4170,0,336,9,261,2,2624,9,2885,California
Modoc,2021-06-23,6,5188,0,676,3,4173,3,339,1,260,5,2629,4,2889,California
Modoc,2021-06-24,33,5221,14,690,15,4188,4,343,22,275,11,2640,26,2915,California
Modoc,2021-06-25,7,5228,0,690,5,4193,2,345,2,274,5,2645,4,2919,California
Modoc,2021-06-28,4,5232,1,691,3,4196,0,345,3,276,1,2646,3,2922,California
Modoc,2021-06-29,8,5240,1,692,6,4202,1,346,5,279,3,2649,6,2928,California
Modoc,2021-06-30,8,5248,1,693,7,4209,0,346,5,281,3,2652,5,2933,California
Modoc,2021-07-01,23,5271,11,704,1,4210,11,357,9,287,14,2666,20,2953,California
Modoc,2021-07-02,2,5273,2,706,0,4210,0,357,0,285,2,2668,0,2953,California
Modoc,2021-07-03,3,5276,0,706,3,4213,0,357,3,288,0,2668,3,2956,California
Modoc,2021-07-06,12,5288,5,711,7,4220,0,357,7,290,5,2673,7,2963,California
Modoc,2021-07-07,6,5294,1,712,4,4224,1,358,3,291,3,2676,4,2967,California
Modoc,2021-07-08,70,5364,35,747,30,4254,5,363,18,262,52,2728,23,2990,California
Mono,2020-12-18,1,1,1,1,0,0,0,0,1,1,0,0,1,1,California
Mono,2020-12-19,5,6,5,6,0,0,0,0,5,6,0,0,5,6,California
Mono,2020-12-20,7,13,7,13,0,0,0,0,7,13,0,0,7,13,California
Mono,2020-12-21,24,37,17,30,7,7,0,0,24,37,0,0,24,37,California
Mono,2020-12-22,67,104,65,95,2,9,0,0,67,104,0,0,67,104,California
Mono,2020-12-23,70,174,43,138,27,36,0,0,70,174,0,0,70,174,California
Mono,2020-12-24,3,177,1,139,2,38,0,0,3,177,0,0,3,177,California
Mono,2020-12-26,3,180,3,142,0,38,0,0,3,180,0,0,3,180,California
Mono,2020-12-27,1,181,0,142,1,39,0,0,1,181,0,0,1,181,California
Mono,2020-12-28,94,275,63,205,31,70,0,0,94,275,0,0,94,275,California
Mono,2020-12-29,29,304,29,234,0,70,0,0,29,304,0,0,29,304,California
Mono,2020-12-30,77,381,36,270,41,111,0,0,77,381,0,0,77,381,California
Mono,2020-12-31,4,385,1,271,3,114,0,0,4,385,0,0,4,385,California
Mono,2021-01-01,4,389,4,275,0,114,0,0,4,389,0,0,4,389,California
Mono,2021-01-02,2,391,2,277,0,114,0,0,2,391,0,0,2,391,California
Mono,2021-01-04,2,393,0,277,2,116,0,0,2,393,0,0,2,393,California
Mono,2021-01-05,45,438,2,279,43,159,0,0,44,436,1,1,44,437,California
Mono,2021-01-06,44,482,0,279,44,203,0,0,44,480,0,1,44,481,California
Mono,2021-01-07,55,537,3,282,52,255,0,0,53,532,2,3,54,535,California
Mono,2021-01-08,2,539,1,283,1,256,0,0,1,532,1,4,1,536,California
Mono,2021-01-09,4,543,4,287,0,256,0,0,0,528,4,8,0,536,California
Mono,2021-01-10,5,548,5,292,0,256,0,0,0,523,5,13,0,536,California
Mono,2021-01-11,8,556,5,297,3,259,0,0,4,523,4,17,4,540,California
Mono,2021-01-12,283,839,75,372,208,467,0,0,219,679,63,80,219,759,California
Mono,2021-01-13,234,1073,73,445,161,628,0,0,179,803,55,135,179,938,California
Mono,2021-01-14,74,1147,72,517,2,630,0,0,73,875,1,136,73,1011,California
Mono,2021-01-15,65,1212,3,520,62,692,0,0,65,940,0,136,65,1076,California
Mono,2021-01-16,3,1215,3,523,0,692,0,0,0,937,3,139,0,1076,California
Mono,2021-01-18,64,1279,55,578,9,701,0,0,2,877,62,201,2,1078,California
Mono,2021-01-19,209,1488,206,784,3,704,0,0,171,1011,38,239,172,1250,California
Mono,2021-01-20,234,1722,200,984,34,738,0,0,172,1121,62,301,172,1422,California
Mono,2021-01-21,4,1726,4,988,0,738,0,0,4,1125,0,301,4,1426,California
Mono,2021-01-22,4,1730,0,988,4,742,0,0,4,1129,0,301,4,1430,California
Mono,2021-01-23,588,2318,588,1576,0,742,0,0,587,1715,1,302,587,2017,California
Mono,2021-01-24,1,2319,0,1576,1,743,0,0,0,1714,1,303,0,2017,California
Mono,2021-01-25,200,2519,162,1738,38,781,0,0,161,1836,39,342,161,2178,California
Mono,2021-01-26,500,3019,498,2236,2,783,0,0,494,2324,6,348,494,2672,California
Mono,2021-01-27,4,3023,0,2236,4,787,0,0,4,2328,0,348,4,2676,California
Mono,2021-01-28,6,3029,2,2238,4,791,0,0,2,2326,4,352,2,2678,California
Mono,2021-01-30,196,3225,194,2432,2,793,0,0,195,2520,1,353,195,2873,California
Mono,2021-01-31,241,3466,136,2568,105,898,0,0,137,2553,104,457,137,3010,California
Mono,2021-02-01,27,3493,27,2595,0,898,0,0,0,2526,27,484,0,3010,California
Mono,2021-02-02,5,3498,0,2595,5,903,0,0,2,2525,3,487,2,3012,California
Mono,2021-02-03,4,3502,2,2597,2,905,0,0,2,2525,2,489,2,3014,California
Mono,2021-02-04,214,3716,159,2756,55,960,0,0,91,2495,121,610,91,3105,California
Mono,2021-02-05,609,4325,603,3359,6,966,0,0,606,3098,3,613,606,3711,California
Mono,2021-02-06,134,4459,133,3492,1,967,0,0,133,3230,1,614,133,3844,California
Mono,2021-02-07,2,4461,0,3492,2,969,0,0,2,3232,0,614,2,3846,California
Mono,2021-02-08,170,4631,170,3662,0,969,0,0,15,3093,154,768,15,3861,California
Mono,2021-02-09,231,4862,6,3668,225,1194,0,0,14,2890,217,985,14,3875,California
Mono,2021-02-10,540,5402,187,3855,353,1547,0,0,198,2747,342,1327,199,4074,California
Mono,2021-02-11,8,5410,5,3860,3,1550,0,0,3,2745,5,1332,3,4077,California
Mono,2021-02-12,89,5499,21,3881,68,1618,0,0,27,2710,62,1394,27,4104,California
Mono,2021-02-13,585,6084,583,4464,2,1620,0,0,26,2178,558,1952,26,4130,California
Mono,2021-02-15,167,6251,165,4629,2,1622,0,0,2,2017,163,2115,2,4132,California
Mono,2021-02-16,520,6771,516,5145,4,1626,0,0,45,1591,472,2587,46,4178,California
Mono,2021-02-17,6,6777,1,5146,5,1631,0,0,2,1589,4,2591,2,4180,California
Mono,2021-02-18,4,6781,2,5148,2,1633,0,0,3,1591,1,2592,3,4183,California
Mono,2021-02-19,56,6837,55,5203,1,1634,0,0,56,1647,0,2592,56,4239,California
Mono,2021-02-20,4,6841,4,5207,0,1634,0,0,4,1651,0,2592,4,4243,California
Mono,2021-02-21,6,6847,6,5213,0,1634,0,0,4,1653,2,2594,4,4247,California
Mono,2021-02-22,296,7143,295,5508,1,1635,0,0,26,1410,269,2863,26,4273,California
Mono,2021-02-23,150,7293,129,5637,21,1656,0,0,25,1310,125,2988,25,4298,California
Mono,2021-02-24,11,7304,3,5640,8,1664,0,0,4,1307,7,2995,4,4302,California
Mono,2021-02-25,5,7309,2,5642,3,1667,0,0,3,1309,1,2996,3,4305,California
Mono,2021-02-26,595,7904,593,6235,2,1669,0,0,21,757,573,3569,21,4326,California
Mono,2021-02-27,137,8041,133,6368,4,1673,0,0,4,630,131,3700,4,4330,California
Mono,2021-02-28,1,8042,0,6368,0,1673,1,1,0,630,1,3701,1,4331,California
Mono,2021-03-01,3,8045,2,6370,1,1674,0,1,2,632,0,3701,2,4333,California
Mono,2021-03-02,6,8051,4,6374,2,1676,0,1,4,634,2,3703,4,4337,California
Mono,2021-03-03,113,8164,3,6377,110,1786,0,1,109,740,3,3706,109,4446,California
Mono,2021-03-04,6,8170,2,6379,4,1790,0,1,3,740,3,3709,3,4449,California
Mono,2021-03-05,37,8207,28,6407,9,1799,0,1,13,729,24,3733,13,4462,California
Mono,2021-03-06,506,8713,18,6425,488,2287,0,1,497,1220,7,3740,498,4960,California
Mono,2021-03-07,1,8714,0,6425,1,2288,0,1,0,1219,1,3741,0,4960,California
Mono,2021-03-08,528,9242,11,6436,514,2802,3,4,518,1730,10,3751,521,5481,California
Mono,2021-03-09,6,9248,2,6438,3,2805,1,5,3,1732,2,3753,4,5485,California
Mono,2021-03-10,287,9535,91,6529,193,2998,3,8,8,1467,276,4029,11,5496,California
Mono,2021-03-11,10,9545,0,6529,1,2999,9,17,0,1466,10,4039,9,5505,California
Mono,2021-03-12,6,9551,1,6530,1,3000,4,21,0,1464,6,4045,4,5509,California
Mono,2021-03-13,819,10370,381,6911,438,3438,0,21,809,2263,10,4055,809,6318,California
Mono,2021-03-14,5,10375,5,6916,0,3438,0,21,1,2260,4,4059,1,6319,California
Mono,2021-03-15,31,10406,23,6939,3,3441,5,26,14,2263,16,4075,19,6338,California
Mono,2021-03-16,16,10422,6,6945,4,3445,6,32,8,2269,8,4083,14,6352,California
Mono,2021-03-17,34,10456,6,6951,20,3465,8,40,21,2285,13,4096,29,6381,California
Mono,2021-03-18,21,10477,2,6953,11,3476,8,48,8,2288,13,4109,16,6397,California
Mono,2021-03-19,21,10498,1,6954,17,3493,3,51,17,2305,3,4112,20,6417,California
Mono,2021-03-20,5,10503,3,6957,1,3494,1,52,4,2309,1,4113,5,6422,California
Mono,2021-03-21,1,10504,1,6958,0,3494,0,52,1,2310,0,4113,1,6423,California
Mono,2021-03-22,11,10515,0,6958,6,3500,5,57,5,2314,6,4119,10,6433,California
Mono,2021-03-23,43,10558,6,6964,32,3532,5,62,17,2311,25,4144,22,6455,California
Mono,2021-03-24,14,10572,1,6965,8,3540,5,67,5,2313,9,4153,11,6466,California
Mono,2021-03-25,19,10591,3,6968,12,3552,4,71,12,2322,7,4160,16,6482,California
Mono,2021-03-26,19,10610,3,6971,11,3563,5,76,10,2329,8,4168,15,6497,California
Mono,2021-03-27,353,10963,350,7321,3,3566,0,76,325,2626,28,4196,325,6822,California
Mono,2021-03-29,10,10973,3,7324,6,3572,1,77,8,2633,2,4198,9,6831,California
Mono,2021-03-30,12,10985,0,7324,8,3580,4,81,7,2639,5,4203,11,6842,California
Mono,2021-03-31,134,11119,7,7331,126,3706,1,82,23,2553,110,4313,24,6866,California
Mono,2021-04-01,9,11128,0,7331,8,3714,1,83,4,2553,5,4318,5,6871,California
Mono,2021-04-02,19,11147,2,7333,17,3731,0,83,8,2550,11,4329,8,6879,California
Mono,2021-04-03,858,12005,369,7702,489,4220,0,83,48,1791,807,5136,48,6927,California
Mono,2021-04-04,1,12006,1,7703,0,4220,0,83,0,1790,1,5137,0,6927,California
Mono,2021-04-05,528,12534,18,7721,509,4729,1,84,35,1334,492,5629,36,6963,California
Mono,2021-04-06,19,12553,1,7722,5,4734,13,97,1,1330,18,5647,14,6977,California
Mono,2021-04-07,23,12576,2,7724,2,4736,19,116,2,1330,21,5668,21,6998,California
Mono,2021-04-08,26,12602,4,7728,3,4739,19,135,6,1335,20,5688,25,7023,California
Mono,2021-04-09,39,12641,4,7732,6,4745,29,164,9,1343,30,5718,38,7061,California
Mono,2021-04-10,452,13093,2,7734,443,5188,7,171,30,958,422,6140,37,7098,California
Mono,2021-04-11,1,13094,1,7735,0,5188,0,171,0,957,1,6141,0,7098,California
Mono,2021-04-12,6,13100,0,7735,3,5191,3,174,3,960,3,6144,6,7104,California
Mono,2021-04-13,19,13119,2,7737,16,5207,1,175,13,968,6,6150,14,7118,California
Mono,2021-04-14,27,13146,2,7739,25,5232,0,175,9,959,18,6168,9,7127,California
Mono,2021-04-15,18,13164,4,7743,14,5246,0,175,10,961,8,6176,10,7137,California
Mono,2021-04-16,18,13182,1,7744,17,5263,0,175,7,957,11,6187,7,7144,California
Mono,2021-04-17,52,13234,2,7746,50,5313,0,175,45,995,7,6194,45,7189,California
Mono,2021-04-18,1,13235,0,7746,1,5314,0,175,1,996,0,6194,1,7190,California
Mono,2021-04-19,536,13771,327,8073,209,5523,0,175,202,867,331,6525,202,7392,California
Mono,2021-04-20,15,13786,2,8075,13,5536,0,175,10,872,5,6530,10,7402,California
Mono,2021-04-21,7,13793,0,8075,7,5543,0,175,2,869,5,6535,2,7404,California
Mono,2021-04-22,25,13818,11,8086,14,5557,0,175,11,866,14,6549,11,7415,California
Mono,2021-04-23,22,13840,2,8088,20,5577,0,175,12,868,10,6559,12,7427,California
Mono,2021-04-24,35,13875,21,8109,14,5591,0,175,20,873,15,6574,20,7447,California
Mono,2021-04-25,3,13878,2,8111,1,5592,0,175,3,876,0,6574,3,7450,California
Mono,2021-04-26,12,13890,2,8113,10,5602,0,175,3,870,9,6583,3,7453,California
Mono,2021-04-27,67,13957,41,8154,19,5621,7,182,51,912,16,6599,58,7511,California
Mono,2021-04-28,61,14018,40,8194,17,5638,4,186,47,951,12,6611,51,7562,California
Mono,2021-04-29,10,14028,3,8197,4,5642,3,189,3,950,7,6618,6,7568,California
Mono,2021-04-30,19,14047,3,8200,12,5654,4,193,8,951,11,6629,12,7580,California
Mono,2021-05-01,109,14156,5,8205,104,5758,0,193,96,1035,12,6641,96,7676,California
Mono,2021-05-03,2,14158,1,8206,1,5759,0,193,1,1035,1,6642,1,7677,California
Mono,2021-05-04,19,14177,0,8206,13,5772,6,199,10,1042,9,6651,16,7693,California
Mono,2021-05-05,52,14229,8,8214,40,5812,4,203,45,1084,7,6658,49,7742,California
Mono,2021-05-06,16,14245,4,8218,11,5823,1,204,10,1089,6,6664,11,7753,California
Mono,2021-05-07,30,14275,22,8240,8,5831,0,204,25,1109,5,6669,25,7778,California
Mono,2021-05-08,53,14328,7,8247,46,5877,0,204,24,1104,29,6698,24,7802,California
Mono,2021-05-09,1,14329,1,8248,0,5877,0,204,0,1104,0,6698,0,7802,California
Mono,2021-05-10,18,14347,1,8249,13,5890,4,208,9,1108,9,6707,13,7815,California
Mono,2021-05-11,15,14362,2,8251,10,5900,3,211,5,1106,10,6717,8,7823,California
Mono,2021-05-12,12,14374,0,8251,11,5911,1,212,4,1103,8,6725,5,7828,California
Mono,2021-05-13,48,14422,31,8282,16,5927,1,213,38,1132,10,6735,39,7867,California
Mono,2021-05-14,11,14433,1,8283,9,5936,1,214,6,1134,5,6740,7,7874,California
Mono,2021-05-15,66,14499,24,8307,35,5971,7,221,19,1113,47,6787,26,7900,California
Mono,2021-05-16,6,14505,4,8311,1,5972,1,222,2,1112,4,6791,3,7903,California
Mono,2021-05-17,250,14755,34,8345,209,6181,7,229,54,979,195,6986,62,7965,California
Mono,2021-05-18,134,14889,110,8455,23,6204,1,230,87,1021,47,7033,89,8054,California
Mono,2021-05-19,119,15008,112,8567,2,6206,5,235,75,1057,44,7077,80,8134,California
Mono,2021-05-20,71,15079,56,8623,10,6216,5,240,54,1099,17,7094,59,8193,California
Mono,2021-05-21,23,15102,4,8627,16,6232,3,243,10,1099,13,7107,13,8206,California
Mono,2021-05-22,22,15124,12,8639,8,6240,2,245,16,1111,6,7113,18,8224,California
Mono,2021-05-23,2,15126,0,8639,2,6242,0,245,1,1111,1,7114,1,8225,California
Mono,2021-05-24,15,15141,1,8640,13,6255,1,246,9,1116,6,7120,11,8236,California
Mono,2021-05-25,15,15156,5,8645,10,6265,0,246,8,1117,7,7127,8,8244,California
Mono,2021-05-26,18,15174,2,8647,15,6280,1,247,7,1114,11,7138,8,8252,California
Mono,2021-05-27,8,15182,0,8647,8,6288,0,247,5,1117,2,7140,5,8257,California
Mono,2021-05-28,42,15224,28,8675,14,6302,0,247,11,1097,31,7171,11,8268,California
Mono,2021-05-29,128,15352,26,8701,99,6401,3,250,32,1036,96,7267,35,8303,California
Mono,2021-06-01,16,15368,7,8708,9,6410,0,250,9,1038,7,7274,9,8312,California
Mono,2021-06-02,47,15415,4,8712,43,6453,0,250,10,1011,37,7311,10,8322,California
Mono,2021-06-03,11,15426,1,8713,7,6460,3,253,1,1005,10,7321,4,8326,California
Mono,2021-06-04,12,15438,1,8714,10,6470,1,254,3,1000,9,7330,4,8330,California
Mono,2021-06-05,44,15482,23,8737,21,6491,0,254,5,966,39,7369,5,8335,California
Mono,2021-06-06,1,15483,0,8737,1,6492,0,254,0,965,1,7370,0,8335,California
Mono,2021-06-07,99,15582,87,8824,8,6500,4,258,12,894,87,7457,16,8351,California
Mono,2021-06-08,113,15695,103,8927,8,6508,2,260,12,807,101,7558,14,8365,California
Mono,2021-06-09,6,15701,1,8928,5,6513,0,260,1,803,5,7563,1,8366,California
Mono,2021-06-10,6,15707,0,8928,4,6517,2,262,2,803,4,7567,4,8370,California
Mono,2021-06-11,74,15781,62,8990,7,6524,5,267,6,746,68,7635,11,8381,California
Mono,2021-06-12,1,15782,1,8991,0,6524,0,267,0,745,1,7636,0,8381,California
Mono,2021-06-13,1,15783,0,8991,1,6525,0,267,1,746,0,7636,1,8382,California
Mono,2021-06-14,65,15848,31,9022,28,6553,6,273,20,727,45,7681,26,8408,California
Mono,2021-06-15,8,15856,5,9027,3,6556,0,273,4,727,4,7685,4,8412,California
Mono,2021-06-16,14,15870,5,9032,9,6565,0,273,6,725,8,7693,6,8418,California
Mono,2021-06-17,6,15876,1,9033,3,6568,2,275,2,725,4,7697,4,8422,California
Mono,2021-06-18,5,15881,3,9036,1,6569,1,276,1,724,3,7700,2,8424,California
Mono,2021-06-19,3,15884,3,9039,0,6569,0,276,3,727,0,7700,3,8427,California
Mono,2021-06-20,1,15885,0,9039,1,6570,0,276,0,726,1,7701,0,8427,California
Mono,2021-06-21,14,15899,2,9041,10,6580,2,278,3,721,10,7711,5,8432,California
Mono,2021-06-22,13,15912,2,9043,10,6590,1,279,4,718,8,7719,5,8437,California
Mono,2021-06-23,12,15924,0,9043,6,6596,6,285,2,717,10,7729,9,8446,California
Mono,2021-06-24,7,15931,0,9043,5,6601,2,287,2,716,5,7734,4,8450,California
Mono,2021-06-25,33,15964,22,9065,11,6612,0,287,7,697,26,7760,7,8457,California
Mono,2021-06-26,1,15965,1,9066,0,6612,0,287,0,696,1,7761,0,8457,California
Mono,2021-06-27,1,15966,0,9066,1,6613,0,287,1,697,0,7761,1,8458,California
Mono,2021-06-28,11,15977,7,9073,1,6614,3,290,2,693,9,7770,5,8463,California
Mono,2021-06-29,2,15979,2,9075,0,6614,0,290,2,695,0,7770,2,8465,California
Mono,2021-06-30,7,15986,1,9076,3,6617,3,293,3,697,4,7774,6,8471,California
Mono,2021-07-01,8,15994,1,9077,4,6621,3,296,2,696,6,7780,5,8476,California
Mono,2021-07-02,39,16033,35,9112,2,6623,2,298,14,687,25,7805,16,8492,California
Mono,2021-07-05,4,16037,0,9112,3,6626,1,299,3,690,1,7806,4,8496,California
Mono,2021-07-06,11,16048,2,9114,5,6631,4,303,4,691,7,7813,8,8504,California
Mono,2021-07-07,7,16055,4,9118,3,6634,0,303,2,688,5,7818,2,8506,California
Mono,2021-07-08,11,16066,9,9127,1,6635,1,304,4,687,6,7824,5,8511,California
Monterey,2020-12-16,6,6,6,6,0,0,0,0,6,6,0,0,6,6,California
Monterey,2020-12-17,87,93,87,93,0,0,0,0,87,93,0,0,87,93,California
Monterey,2020-12-18,489,582,489,582,0,0,0,0,489,582,0,0,489,582,California
Monterey,2020-12-19,581,1163,580,1162,1,1,0,0,580,1162,0,0,580,1162,California
Monterey,2020-12-20,421,1584,420,1582,1,2,0,0,421,1583,0,0,421,1583,California
Monterey,2020-12-21,724,2308,724,2306,0,2,0,0,724,2307,0,0,724,2307,California
Monterey,2020-12-22,536,2844,523,2829,13,15,0,0,536,2843,0,0,536,2843,California
Monterey,2020-12-23,444,3288,267,3096,177,192,0,0,444,3287,0,0,444,3287,California
Monterey,2020-12-24,84,3372,10,3106,74,266,0,0,84,3371,0,0,84,3371,California
Monterey,2020-12-25,6,3378,0,3106,6,272,0,0,6,3377,0,0,6,3377,California
Monterey,2020-12-26,92,3470,5,3111,87,359,0,0,92,3469,0,0,92,3469,California
Monterey,2020-12-27,6,3476,3,3114,3,362,0,0,6,3475,0,0,6,3475,California
Monterey,2020-12-28,477,3953,25,3139,452,814,0,0,477,3952,0,0,477,3952,California
Monterey,2020-12-29,901,4854,169,3308,732,1546,0,0,901,4853,0,0,901,4853,California
Monterey,2020-12-30,566,5420,98,3406,468,2014,0,0,566,5419,0,0,566,5419,California
Monterey,2020-12-31,33,5453,11,3417,22,2036,0,0,33,5452,0,0,33,5452,California
Monterey,2021-01-01,13,5466,3,3420,10,2046,0,0,13,5465,0,0,13,5465,California
Monterey,2021-01-02,137,5603,134,3554,3,2049,0,0,137,5602,0,0,137,5602,California
Monterey,2021-01-03,30,5633,29,3583,1,2050,0,0,30,5632,0,0,30,5632,California
Monterey,2021-01-04,412,6045,19,3602,393,2443,0,0,412,6044,0,0,412,6044,California
Monterey,2021-01-05,757,6802,328,3930,429,2872,0,0,743,6773,14,14,743,6787,California
Monterey,2021-01-06,663,7465,176,4106,487,3359,0,0,638,7386,25,39,638,7425,California
Monterey,2021-01-07,752,8217,576,4682,176,3535,0,0,424,7484,326,365,424,7849,California
Monterey,2021-01-08,1094,9311,740,5422,354,3889,0,0,395,7180,699,1064,395,8244,California
Monterey,2021-01-09,962,10273,932,6354,30,3919,0,0,311,6842,649,1713,311,8555,California
Monterey,2021-01-10,273,10546,270,6624,3,3922,0,0,9,6587,264,1977,9,8564,California
Monterey,2021-01-11,1069,11615,987,7611,82,4004,0,0,365,6248,704,2681,365,8929,California
Monterey,2021-01-12,477,12092,396,8007,81,4085,0,0,211,6195,266,2947,213,9142,California
Monterey,2021-01-13,1222,13314,595,8602,627,4712,0,0,1176,7325,46,2993,1176,10318,California
Monterey,2021-01-14,1199,14513,244,8846,955,5667,0,0,1179,8488,20,3013,1183,11501,California
Monterey,2021-01-15,1057,15570,46,8892,1011,6678,0,0,1045,9521,12,3025,1045,12546,California
Monterey,2021-01-16,365,15935,300,9192,65,6743,0,0,360,9876,5,3030,360,12906,California
Monterey,2021-01-17,314,16249,294,9486,20,6763,0,0,302,10166,12,3042,302,13208,California
Monterey,2021-01-18,400,16649,50,9536,350,7113,0,0,378,10522,22,3064,378,13586,California
Monterey,2021-01-19,585,17234,400,9936,185,7298,0,0,421,10781,162,3226,421,14007,California
Monterey,2021-01-20,545,17779,270,10206,275,7573,0,0,335,10906,210,3436,335,14342,California
Monterey,2021-01-21,871,18650,116,10322,755,8328,0,0,759,11557,112,3548,763,15105,California
Monterey,2021-01-22,1072,19722,200,10522,872,9200,0,0,1031,12547,41,3589,1031,16136,California
Monterey,2021-01-23,244,19966,175,10697,69,9269,0,0,120,12546,123,3712,122,16258,California
Monterey,2021-01-24,62,20028,38,10735,24,9293,0,0,28,12540,34,3746,28,16286,California
Monterey,2021-01-25,800,20828,176,10911,624,9917,0,0,175,12097,618,4364,175,16461,California
Monterey,2021-01-26,952,21780,231,11142,721,10638,0,0,252,11649,700,5064,252,16713,California
Monterey,2021-01-27,855,22635,300,11442,555,11193,0,0,374,11542,481,5545,374,17087,California
Monterey,2021-01-28,2031,24666,741,12183,1290,12483,0,0,1685,12884,345,5890,1687,18774,California
Monterey,2021-01-29,1284,25950,715,12898,569,13052,0,0,1166,13934,117,6007,1167,19941,California
Monterey,2021-01-30,465,26415,295,13193,170,13222,0,0,209,13887,256,6263,209,20150,California
Monterey,2021-01-31,495,26910,73,13266,422,13644,0,0,484,14361,11,6274,485,20635,California
Monterey,2021-02-01,1640,28550,1125,14391,515,14159,0,0,1072,14866,567,6841,1072,21707,California
Monterey,2021-02-02,2188,30738,478,14869,1710,15869,0,0,1573,15825,614,7455,1573,23280,California
Monterey,2021-02-03,2336,33074,1043,15912,1293,17162,0,0,1555,16603,777,8232,1555,24835,California
Monterey,2021-02-04,2817,35891,2098,18010,719,17881,0,0,2463,18717,349,8581,2463,27298,California
Monterey,2021-02-05,3682,39573,2832,20842,850,18731,0,0,3235,21510,442,9023,3235,30533,California
Monterey,2021-02-06,1101,40674,379,21221,722,19453,0,0,756,21924,342,9365,756,31289,California
Monterey,2021-02-07,319,40993,273,21494,46,19499,0,0,97,21800,221,9586,97,31386,California
Monterey,2021-02-08,524,41517,293,21787,231,19730,0,0,423,22122,101,9687,423,31809,California
Monterey,2021-02-09,882,42399,685,22472,197,19927,0,0,569,22380,311,9998,569,32378,California
Monterey,2021-02-10,2096,44495,1106,23578,990,20917,0,0,1237,22760,859,10857,1239,33617,California
Monterey,2021-02-11,2521,47016,977,24555,1544,22461,0,0,1537,23317,982,11839,1539,35156,California
Monterey,2021-02-12,2629,49645,449,25004,2180,24641,0,0,1527,23744,1101,12940,1528,36684,California
Monterey,2021-02-13,1077,50722,50,25054,1027,25668,0,0,987,24642,89,13029,987,37671,California
Monterey,2021-02-14,597,51319,74,25128,523,26191,0,0,525,25095,72,13101,525,38196,California
Monterey,2021-02-15,1385,52704,167,25295,1218,27409,0,0,977,25667,406,13507,978,39174,California
Monterey,2021-02-16,1097,53801,247,25542,850,28259,0,0,871,26312,226,13733,871,40045,California
Monterey,2021-02-17,1977,55778,1181,26723,796,29055,0,0,1659,27656,317,14050,1661,41706,California
Monterey,2021-02-18,2241,58019,1179,27902,1062,30117,0,0,910,27251,1317,15367,912,42618,California
Monterey,2021-02-19,2964,60983,1545,29447,1419,31536,0,0,1351,26993,1611,16978,1353,43971,California
Monterey,2021-02-20,1039,62022,627,30074,412,31948,0,0,976,27908,62,17040,977,44948,California
Monterey,2021-02-21,1340,63362,1309,31383,31,31979,0,0,1262,29097,74,17114,1263,46211,California
Monterey,2021-02-22,1065,64427,911,32294,154,32133,0,0,683,29401,379,17493,683,46894,California
Monterey,2021-02-23,1020,65447,650,32944,370,32503,0,0,328,29039,691,18184,329,47223,California
Monterey,2021-02-24,2582,68029,1346,34290,1236,33739,0,0,1923,30309,654,18838,1924,49147,California
Monterey,2021-02-25,4577,72606,2483,36773,2094,35833,0,0,1538,28821,3028,21866,1540,50687,California
Monterey,2021-02-26,5363,77969,3118,39891,2245,38078,0,0,2663,28788,2697,24563,2664,53351,California
Monterey,2021-02-27,1046,79015,187,40078,859,38937,0,0,835,29418,205,24768,835,54186,California
Monterey,2021-02-28,1541,80556,88,40166,1452,40389,1,1,1069,30024,464,25232,1070,55256,California
Monterey,2021-03-01,1297,81853,142,40308,1152,41541,3,4,753,30243,537,25769,756,56012,California
Monterey,2021-03-02,2824,84677,1735,42043,1089,42630,0,4,1960,31343,860,26629,1960,57972,California
Monterey,2021-03-03,3222,87899,1247,43290,1975,44605,0,4,1282,30690,1936,28565,1283,59255,California
Monterey,2021-03-04,4575,92474,1477,44767,3098,47703,0,4,2941,32005,1628,30193,2943,62198,California
Monterey,2021-03-05,3678,96152,1621,46388,1777,49480,280,284,3004,34616,673,30866,3284,65482,California
Monterey,2021-03-06,5065,101217,1069,47457,3691,53171,305,589,4158,38173,905,31771,4462,69944,California
Monterey,2021-03-07,594,101811,108,47565,181,53352,305,894,246,38373,347,32118,547,70491,California
Monterey,2021-03-08,1679,103490,328,47893,958,54310,393,1287,1127,39338,552,32670,1517,72008,California
Monterey,2021-03-09,1997,105487,699,48592,1019,55329,279,1566,1488,40594,508,33178,1764,73772,California
Monterey,2021-03-10,3190,108677,1035,49627,1669,56998,486,2052,1473,40839,1710,34888,1955,75727,California
Monterey,2021-03-11,4168,112845,1412,51039,2382,59380,374,2426,2393,41839,1766,36654,2766,78493,California
Monterey,2021-03-12,4429,117274,2048,53087,2245,61625,136,2562,2731,43008,1695,38349,2864,81357,California
Monterey,2021-03-13,5310,122584,964,54051,3999,65624,347,2909,3982,46010,1326,39675,4328,85685,California
Monterey,2021-03-14,2156,124740,1323,55374,808,66432,25,2934,502,44901,1636,41311,527,86212,California
Monterey,2021-03-15,3994,128734,1274,56648,2417,68849,303,3237,2255,45726,1734,43045,2559,88771,California
Monterey,2021-03-16,3549,132283,593,57241,2565,71414,391,3628,2117,46801,1429,44474,2504,91275,California
Monterey,2021-03-17,5825,138108,2366,59607,3201,74615,258,3886,4193,49634,1623,46097,4456,95731,California
Monterey,2021-03-18,4463,142571,2164,61771,2129,76744,170,4056,3095,51573,1363,47460,3302,99033,California
Monterey,2021-03-19,5512,148083,2579,64350,2787,79531,146,4202,4214,54639,1293,48753,4359,103392,California
Monterey,2021-03-20,3373,151456,427,64777,2253,81784,693,4895,2283,56528,1086,49839,2975,106367,California
Monterey,2021-03-21,641,152097,216,64993,415,82199,10,4905,567,57032,72,49911,576,106943,California
Monterey,2021-03-22,2504,154601,1444,66437,997,83196,63,4968,2285,59162,216,50127,2346,109289,California
Monterey,2021-03-23,4027,158628,2360,68797,1624,84820,43,5011,2547,60277,1475,51602,2590,111879,California
Monterey,2021-03-24,5136,163764,2124,70921,2693,87513,319,5330,3741,62945,1388,52990,4056,115935,California
Monterey,2021-03-25,5339,169103,1230,72151,3750,91263,359,5689,2666,63307,2664,55654,3026,118961,California
Monterey,2021-03-26,5464,174567,2615,74766,2763,94026,86,5775,2736,63416,2715,58369,2824,121785,California
Monterey,2021-03-27,4852,179419,1452,76218,3145,97171,255,6030,3128,65080,1721,60090,3385,125170,California
Monterey,2021-03-28,1128,180547,347,76565,772,97943,9,6039,630,65229,490,60580,639,125809,California
Monterey,2021-03-29,3240,183787,1419,77984,1807,99750,14,6053,2007,66030,1225,61805,2026,127835,California
Monterey,2021-03-30,4524,188311,2141,80125,2337,102087,46,6099,2774,67114,1739,63544,2823,130658,California
Monterey,2021-03-31,5310,193621,2298,82423,2214,104301,798,6897,3307,69210,1998,65542,4094,134752,California
Monterey,2021-04-01,6148,199769,2065,84488,3671,107972,412,7309,3113,69710,3019,68561,3519,138271,California
Monterey,2021-04-02,4711,204480,2191,86679,2456,110428,64,7373,3165,71397,1544,70105,3231,141502,California
Monterey,2021-04-03,5942,210422,1116,87795,3780,114208,1046,8419,1233,68967,4701,74806,2271,143773,California
Monterey,2021-04-04,765,211187,156,87951,594,114802,15,8434,493,69205,271,75077,509,144282,California
Monterey,2021-04-05,4048,215235,2499,90450,1312,116114,237,8671,1509,68415,2534,77611,1744,146026,California
Monterey,2021-04-06,3449,218684,1353,91803,1623,117737,473,9144,1185,67809,2260,79871,1654,147680,California
Monterey,2021-04-07,5658,224342,1394,93197,3743,121480,521,9665,2712,68102,2935,82806,3228,150908,California
Monterey,2021-04-08,6698,231040,3516,96713,2370,123850,812,10477,3308,68838,3385,86191,4121,155029,California
Monterey,2021-04-09,5771,236811,3436,100149,1694,125544,641,11118,2295,68297,3473,89664,2932,157961,California
Monterey,2021-04-10,10300,247111,4962,105111,3128,128672,2210,13328,5000,70213,5286,94950,7202,165163,California
Monterey,2021-04-11,5518,252629,4336,109447,574,129246,608,13936,4467,74235,1045,95995,5067,170230,California
Monterey,2021-04-12,4159,256788,1883,111330,1960,131206,316,14252,963,72456,3057,99052,1278,171508,California
Monterey,2021-04-13,3232,260020,745,112075,2481,133687,6,14258,1551,72352,1663,100715,1559,173067,California
Monterey,2021-04-14,6858,266878,3188,115263,3667,137354,3,14261,1869,69260,4965,105680,1873,174940,California
Monterey,2021-04-15,5921,272799,3911,119174,2010,139364,0,14261,3882,71136,2007,107687,3883,178823,California
Monterey,2021-04-16,4783,277582,2330,121504,2439,141803,14,14275,2135,70653,2633,110320,2150,180973,California
Monterey,2021-04-17,5855,283437,1399,122903,4456,146259,0,14275,3793,72401,2046,112366,3794,184767,California
Monterey,2021-04-18,884,284321,294,123197,590,146849,0,14275,260,72041,620,112986,260,185027,California
Monterey,2021-04-19,3621,287942,1159,124356,2462,149311,0,14275,1647,71728,1960,114946,1647,186674,California
Monterey,2021-04-20,3850,291792,1549,125905,2301,151612,0,14275,1528,70959,2298,117244,1529,188203,California
Monterey,2021-04-21,6197,297989,3375,129280,2822,154434,0,14275,2958,70721,3198,120442,2960,191163,California
Monterey,2021-04-22,4902,302891,1071,130351,3831,158265,0,14275,1999,69861,2859,123301,1999,193162,California
Monterey,2021-04-23,5750,308641,2711,133062,3038,161303,1,14276,2264,68666,3465,126766,2270,195432,California
Monterey,2021-04-24,4294,312935,584,133646,3710,165013,0,14276,1547,67484,2730,129496,1548,196980,California
Monterey,2021-04-25,1242,314177,607,134253,635,165648,0,14276,786,67824,446,129942,786,197766,California
Monterey,2021-04-26,3786,317963,2244,136497,1525,167173,17,14293,981,66043,2779,132721,998,198764,California
Monterey,2021-04-27,2884,320847,945,137442,1799,168972,140,14433,1223,65749,1656,134377,1362,200126,California
Monterey,2021-04-28,3667,324514,1402,138844,2112,171084,153,14586,2253,66750,1400,135777,2401,202527,California
Monterey,2021-04-29,4555,329069,2441,141285,2038,173122,76,14662,1668,65622,2873,138650,1745,204272,California
Monterey,2021-04-30,3245,332314,1685,142970,1485,174607,75,14737,833,64126,2402,141052,906,205178,California
Monterey,2021-05-01,5640,337954,4233,147203,1367,175974,40,14777,685,59915,4934,145986,723,205901,California
Monterey,2021-05-02,4346,342300,3922,151125,397,176371,27,14804,300,56210,4032,150018,327,206228,California
Monterey,2021-05-03,2545,344845,1566,152691,865,177236,114,14918,584,54956,1952,151970,698,206926,California
Monterey,2021-05-04,1828,346673,628,153319,1110,178346,90,15008,660,54553,1154,153124,751,207677,California
Monterey,2021-05-05,3379,350052,1242,154561,2053,180399,84,15092,1072,53414,2296,155420,1157,208834,California
Monterey,2021-05-06,4221,354273,2780,157341,1225,181624,216,15308,1123,51670,3083,158503,1339,210173,California
Monterey,2021-05-07,1975,356248,953,158294,924,182548,98,15406,705,51212,1260,159763,802,210975,California
Monterey,2021-05-08,2715,358963,1482,159776,910,183458,323,15729,964,50759,1739,161502,1286,212261,California
Monterey,2021-05-09,394,359357,113,159889,254,183712,27,15756,128,50649,265,161767,155,212416,California
Monterey,2021-05-10,2826,362183,2080,161969,699,184411,47,15803,527,48938,2287,164054,576,212992,California
Monterey,2021-05-11,1865,364048,953,162922,834,185245,78,15881,759,48683,1093,165147,838,213830,California
Monterey,2021-05-12,3926,367974,2073,164995,1770,187015,83,15964,875,46605,3037,168184,959,214789,California
Monterey,2021-05-13,2689,370663,1605,166600,1029,188044,55,16019,1537,47056,1138,169322,1589,216378,California
Monterey,2021-05-14,1871,372534,580,167180,1191,189235,100,16119,735,46765,1126,170448,835,217213,California
Monterey,2021-05-15,3389,375923,826,168006,2297,191532,266,16385,953,45558,2422,172870,1215,218428,California
Monterey,2021-05-16,985,376908,632,168638,282,191814,71,16456,284,45217,695,173565,354,218782,California
Monterey,2021-05-17,2248,379156,1341,169979,830,192644,77,16533,1069,45198,1165,174730,1146,219928,California
Monterey,2021-05-18,1758,380914,690,170669,1024,193668,44,16577,812,45118,938,175668,858,220786,California
Monterey,2021-05-19,3634,384548,2358,173027,1186,194854,90,16667,1939,45460,1689,177357,2031,222817,California
Monterey,2021-05-20,2781,387329,980,174007,1692,196546,109,16776,933,44671,1834,179191,1045,223862,California
Monterey,2021-05-21,3282,390611,1325,175332,1864,198410,93,16869,1012,43520,2255,181446,1104,224966,California
Monterey,2021-05-22,2135,392746,735,176067,1120,199530,280,17149,812,43297,1313,182759,1090,226056,California
Monterey,2021-05-23,875,393621,518,176585,341,199871,16,17165,503,43450,366,183125,519,226575,California
Monterey,2021-05-24,1737,395358,563,177148,1112,200983,62,17227,575,42931,1157,184282,638,227213,California
Monterey,2021-05-25,1436,396794,550,177698,817,201800,69,17296,570,42719,851,185133,639,227852,California
Monterey,2021-05-26,2677,399471,1031,178729,1589,203389,57,17353,1014,42143,1647,186780,1071,228923,California
Monterey,2021-05-27,2493,401964,1366,180095,1070,204459,57,17410,896,41515,1582,188362,954,229877,California
Monterey,2021-05-28,1742,403706,580,180675,1102,205561,60,17470,750,41345,981,189343,811,230688,California
Monterey,2021-05-29,989,404695,635,181310,321,205882,33,17503,404,41203,580,189923,438,231126,California
Monterey,2021-05-30,380,405075,164,181474,202,206084,14,17517,143,41124,236,190159,157,231283,California
Monterey,2021-05-31,186,405261,34,181508,143,206227,9,17526,52,41052,133,190292,61,231344,California
Monterey,2021-06-01,1720,406981,922,182430,666,206893,132,17658,529,40537,1172,191464,657,232001,California
Monterey,2021-06-02,1691,408672,979,183409,662,207555,50,17708,702,40305,983,192447,751,232752,California
Monterey,2021-06-03,2224,410896,1418,184827,771,208326,35,17743,518,39162,1695,194142,552,233304,California
Monterey,2021-06-04,1332,412228,687,185514,611,208937,34,17777,532,38935,793,194935,566,233870,California
Monterey,2021-06-05,2180,414408,855,186369,705,209642,620,18397,477,38337,1687,196622,1089,234959,California
Monterey,2021-06-06,499,414907,409,186778,81,209723,9,18406,254,38355,244,196866,262,235221,California
Monterey,2021-06-07,944,415851,487,187265,410,210133,47,18453,364,38194,570,197436,409,235630,California
Monterey,2021-06-08,1177,417028,737,188002,416,210549,24,18477,415,37880,752,198188,438,236068,California
Monterey,2021-06-09,2922,419950,2193,190195,603,211152,126,18603,643,36374,2275,200463,769,236837,California
Monterey,2021-06-10,1523,421473,933,191128,529,211681,61,18664,539,35994,978,201441,598,237435,California
Monterey,2021-06-11,1402,422875,764,191892,562,212243,76,18740,509,35692,885,202326,583,238018,California
Monterey,2021-06-12,750,423625,511,192403,224,212467,15,18755,351,35661,397,202723,366,238384,California
Monterey,2021-06-13,597,424222,462,192865,122,212589,13,18768,118,35316,475,203198,130,238514,California
Monterey,2021-06-14,1402,425624,1007,193872,361,212950,34,18802,367,34688,1029,204227,401,238915,California
Monterey,2021-06-15,1161,426785,587,194459,451,213401,123,18925,399,34458,752,204979,522,239437,California
Monterey,2021-06-16,1591,428376,1110,195569,448,213849,33,18958,407,33722,1176,206155,440,239877,California
Monterey,2021-06-17,1187,429563,687,196256,343,214192,157,19115,427,33551,755,206910,584,240461,California
Monterey,2021-06-18,1208,430771,728,196984,451,214643,29,19144,537,33453,664,207574,566,241027,California
Monterey,2021-06-19,1310,432081,1013,197997,266,214909,31,19175,492,33166,810,208384,523,241550,California
Monterey,2021-06-20,236,432317,158,198155,70,214979,8,19183,81,33101,155,208539,90,241640,California
Monterey,2021-06-21,678,432995,372,198527,271,215250,35,19218,388,33238,285,208824,422,242062,California
Monterey,2021-06-22,1534,434529,988,199515,354,215604,192,19410,503,32911,1017,209841,690,242752,California
Monterey,2021-06-23,1081,435610,723,200238,324,215928,34,19444,439,32750,633,210474,472,243224,California
Monterey,2021-06-24,867,436477,519,200757,326,216254,22,19466,418,32745,445,210919,440,243664,California
Monterey,2021-06-25,1005,437482,622,201379,367,216621,16,19482,477,32714,523,211442,492,244156,California
Monterey,2021-06-26,608,438090,442,201821,154,216775,12,19494,336,32791,269,211711,346,244502,California
Monterey,2021-06-27,352,438442,272,202093,66,216841,14,19508,99,32652,252,211963,113,244615,California
Monterey,2021-06-28,576,439018,373,202466,172,217013,31,19539,252,32616,319,212282,283,244898,California
Monterey,2021-06-29,861,439879,527,202993,250,217263,84,19623,340,32523,516,212798,423,245321,California
Monterey,2021-06-30,1039,440918,703,203696,316,217579,20,19643,425,32359,609,213407,445,245766,California
Monterey,2021-07-01,767,441685,524,204220,220,217799,23,19666,348,32316,413,213820,370,246136,California
Monterey,2021-07-02,894,442579,495,204715,359,218158,40,19706,474,32417,412,214232,513,246649,California
Monterey,2021-07-03,565,443144,431,205146,130,218288,4,19710,263,32385,298,214530,266,246915,California
Monterey,2021-07-04,33,443177,23,205169,9,218297,1,19711,22,32397,11,214541,23,246938,California
Monterey,2021-07-05,385,443562,234,205403,144,218441,7,19718,174,32369,209,214750,181,247119,California
Monterey,2021-07-06,840,444402,579,205982,237,218678,24,19742,356,32269,480,215230,380,247499,California
Monterey,2021-07-07,766,445168,509,206491,233,218911,24,19766,378,32288,382,215612,401,247900,California
Monterey,2021-07-08,404,445572,222,206713,172,219083,10,19776,135,32172,261,215873,145,248045,California
Napa,2020-12-16,13,13,13,13,0,0,0,0,13,13,0,0,13,13,California
Napa,2020-12-17,46,59,46,59,0,0,0,0,46,59,0,0,46,59,California
Napa,2020-12-18,107,166,107,166,0,0,0,0,107,166,0,0,107,166,California
Napa,2020-12-19,222,388,222,388,0,0,0,0,222,388,0,0,222,388,California
Napa,2020-12-20,190,578,190,578,0,0,0,0,190,578,0,0,190,578,California
Napa,2020-12-21,315,893,315,893,0,0,0,0,316,894,0,0,316,894,California
Napa,2020-12-22,337,1230,328,1221,9,9,0,0,337,1231,0,0,337,1231,California
Napa,2020-12-23,437,1667,325,1546,112,121,0,0,437,1668,0,0,437,1668,California
Napa,2020-12-24,138,1805,77,1623,61,182,0,0,138,1806,0,0,138,1806,California
Napa,2020-12-26,40,1845,11,1634,29,211,0,0,40,1846,0,0,40,1846,California
Napa,2020-12-27,32,1877,16,1650,16,227,0,0,32,1878,0,0,32,1878,California
Napa,2020-12-28,253,2130,185,1835,68,295,0,0,279,2157,0,0,279,2157,California
Napa,2020-12-29,274,2404,215,2050,59,354,0,0,307,2464,0,0,307,2464,California
Napa,2020-12-30,632,3036,484,2534,148,502,0,0,640,3104,0,0,640,3104,California
Napa,2020-12-31,462,3498,373,2907,89,591,0,0,462,3566,0,0,462,3566,California
Napa,2021-01-01,1,3499,1,2908,0,591,0,0,1,3567,0,0,1,3567,California
Napa,2021-01-02,95,3594,90,2998,5,596,0,0,95,3662,0,0,95,3662,California
Napa,2021-01-03,14,3608,12,3010,2,598,0,0,9,3671,0,0,9,3671,California
Napa,2021-01-04,105,3713,62,3072,43,641,0,0,105,3776,0,0,105,3776,California
Napa,2021-01-05,163,3876,86,3158,77,718,0,0,146,3898,24,24,146,3922,California
Napa,2021-01-06,466,4342,119,3277,347,1065,0,0,399,4232,65,89,399,4321,California
Napa,2021-01-07,499,4841,237,3514,262,1327,0,0,394,4522,104,193,394,4715,California
Napa,2021-01-08,443,5284,229,3743,214,1541,0,0,259,4598,183,376,259,4974,California
Napa,2021-01-09,328,5612,303,4046,25,1566,0,0,190,4650,138,514,190,5164,California
Napa,2021-01-10,185,5797,102,4148,83,1649,0,0,108,4681,77,591,108,5272,California
Napa,2021-01-11,870,6667,420,4568,450,2099,0,0,500,4812,371,962,502,5774,California
Napa,2021-01-12,1329,7996,381,4949,948,3047,0,0,1005,5493,324,1286,1005,6779,California
Napa,2021-01-13,1319,9315,269,5218,1050,4097,0,0,1154,6484,164,1450,1155,7934,California
Napa,2021-01-14,1053,10368,168,5386,885,4982,0,0,936,7305,115,1565,936,8870,California
Napa,2021-01-15,1472,11840,386,5772,1086,6068,0,0,1324,8475,155,1720,1325,10195,California
Napa,2021-01-16,361,12201,132,5904,229,6297,0,0,343,8800,18,1738,343,10538,California
Napa,2021-01-17,342,12543,177,6081,165,6462,0,0,333,9124,9,1747,333,10871,California
Napa,2021-01-18,1092,13635,197,6278,895,7357,0,0,1001,10034,91,1838,1001,11872,California
Napa,2021-01-19,1005,14640,402,6680,603,7960,0,0,766,10562,238,2076,766,12638,California
Napa,2021-01-20,835,15475,189,6869,646,8606,0,0,648,11026,185,2261,649,13287,California
Napa,2021-01-21,1571,17046,609,7478,962,9568,0,0,1118,11693,452,2713,1119,14406,California
Napa,2021-01-22,1579,18625,436,7914,1143,10711,0,0,1234,12584,344,3057,1235,15641,California
Napa,2021-01-23,397,19022,317,8231,80,10791,0,0,337,12861,60,3117,337,15978,California
Napa,2021-01-24,267,19289,189,8420,78,10869,0,0,209,13012,58,3175,209,16187,California
Napa,2021-01-25,1526,20815,232,8652,1294,12163,0,0,1437,14360,89,3264,1437,17624,California
Napa,2021-01-26,879,21694,283,8935,596,12759,0,0,784,15050,95,3359,785,18409,California
Napa,2021-01-27,631,22325,221,9156,410,13169,0,0,468,15355,164,3523,469,18878,California
Napa,2021-01-28,392,22717,175,9331,217,13386,0,0,199,15363,191,3714,199,19077,California
Napa,2021-01-29,264,22981,67,9398,197,13583,0,0,166,15431,98,3812,166,19243,California
Napa,2021-01-30,821,23802,709,10107,112,13695,0,0,652,15914,169,3981,652,19895,California
Napa,2021-01-31,693,24495,661,10768,32,13727,0,0,669,16559,24,4005,669,20564,California
Napa,2021-02-01,323,24818,113,10881,210,13937,0,0,165,16566,158,4163,165,20729,California
Napa,2021-02-02,616,25434,283,11164,333,14270,0,0,304,16561,309,4472,304,21033,California
Napa,2021-02-03,754,26188,313,11477,441,14711,0,0,436,16680,317,4789,436,21469,California
Napa,2021-02-04,787,26975,369,11846,418,15129,0,0,440,16775,345,5134,440,21909,California
Napa,2021-02-05,714,27689,312,12158,402,15531,0,0,342,16745,372,5506,342,22251,California
Napa,2021-02-06,437,28126,143,12301,294,15825,0,0,332,16973,104,5610,332,22583,California
Napa,2021-02-07,180,28306,167,12468,13,15838,0,0,72,16937,108,5718,72,22655,California
Napa,2021-02-08,841,29147,193,12661,648,16486,0,0,278,16654,561,6279,278,22933,California
Napa,2021-02-09,1090,30237,450,13111,640,17126,0,0,445,16455,644,6923,445,23378,California
Napa,2021-02-10,1740,31977,195,13306,1545,18671,0,0,454,15627,1283,8206,455,23833,California
Napa,2021-02-11,1507,33484,198,13504,1309,19980,0,0,408,14949,1086,9292,408,24241,California
Napa,2021-02-12,2200,35684,868,14372,1332,21312,0,0,697,14149,1497,10789,697,24938,California
Napa,2021-02-13,514,36198,56,14428,458,21770,0,0,320,14275,194,10983,320,25258,California
Napa,2021-02-14,354,36552,88,14516,266,22036,0,0,191,14303,163,11146,191,25449,California
Napa,2021-02-15,888,37440,186,14702,702,22738,0,0,226,13869,660,11806,226,25675,California
Napa,2021-02-16,1297,38737,602,15304,695,23433,0,0,618,13811,676,12482,618,26293,California
Napa,2021-02-17,1065,39802,536,15840,529,23962,0,0,486,13721,577,13059,487,26780,California
Napa,2021-02-18,1944,41746,497,16337,1447,25409,0,0,676,13132,1265,14324,676,27456,California
Napa,2021-02-19,1516,43262,598,16935,918,26327,0,0,682,12982,832,15156,682,28138,California
Napa,2021-02-20,879,44141,638,17573,241,26568,0,0,287,12677,592,15748,287,28425,California
Napa,2021-02-21,895,45036,827,18400,68,26636,0,0,198,12178,697,16445,198,28623,California
Napa,2021-02-22,486,45522,203,18603,283,26919,0,0,150,11992,336,16781,150,28773,California
Napa,2021-02-23,1168,46690,319,18922,849,27768,0,0,330,11484,838,17619,330,29103,California
Napa,2021-02-24,1220,47910,684,19606,536,28304,0,0,618,11502,600,18219,618,29721,California
Napa,2021-02-25,2625,50535,1274,20880,1351,29655,0,0,1896,12671,727,18946,1896,31617,California
Napa,2021-02-26,1560,52095,553,21433,1007,30662,0,0,623,12359,935,19881,623,32240,California
Napa,2021-02-27,1189,53284,424,21857,765,31427,0,0,931,13034,256,20137,931,33171,California
Napa,2021-02-28,726,54010,608,22465,118,31545,0,0,608,13526,116,20253,608,33779,California
Napa,2021-03-01,1172,55182,881,23346,291,31836,0,0,894,14144,276,20529,894,34673,California
Napa,2021-03-02,1507,56689,1051,24397,456,32292,0,0,1161,14960,345,20874,1161,35834,California
Napa,2021-03-03,1573,58262,696,25093,877,33169,0,0,1383,16154,189,21063,1383,37217,California
Napa,2021-03-04,1725,59987,793,25886,932,34101,0,0,1481,17394,241,21304,1481,38698,California
Napa,2021-03-05,1913,61900,793,26679,1116,35217,4,4,1484,18456,426,21730,1488,40186,California
Napa,2021-03-06,657,62557,289,26968,338,35555,30,34,544,18919,111,21841,574,40760,California
Napa,2021-03-07,560,63117,322,27290,199,35754,39,73,384,19167,175,22016,423,41183,California
Napa,2021-03-08,724,63841,338,27628,331,36085,55,128,546,19590,175,22191,598,41781,California
Napa,2021-03-09,1694,65535,611,28239,1035,37120,48,176,1249,20446,441,22632,1297,43078,California
Napa,2021-03-10,1502,67037,928,29167,481,37601,93,269,802,20642,696,23328,892,43970,California
Napa,2021-03-11,1890,68927,1068,30235,690,38291,132,401,986,20854,903,24231,1115,45085,California
Napa,2021-03-12,1521,70448,924,31159,501,38792,96,497,813,21056,705,24936,907,45992,California
Napa,2021-03-13,1180,71628,310,31469,845,39637,25,522,834,21571,344,25280,859,46851,California
Napa,2021-03-14,624,72252,338,31807,135,39772,151,673,208,21514,415,25695,358,47209,California
Napa,2021-03-15,962,73214,412,32219,480,40252,70,743,481,21585,479,26174,550,47759,California
Napa,2021-03-16,1860,75074,394,32613,1338,41590,128,871,1383,22625,472,26646,1512,49271,California
Napa,2021-03-17,2535,77609,1864,34477,492,42082,179,1050,1589,23448,945,27591,1768,51039,California
Napa,2021-03-18,2152,79761,958,35435,1182,43264,12,1062,1279,23872,867,28458,1291,52330,California
Napa,2021-03-19,1460,81221,889,36324,544,43808,27,1089,689,23820,768,29226,716,53046,California
Napa,2021-03-20,1017,82238,532,36856,332,44140,153,1242,390,23737,626,29852,543,53589,California
Napa,2021-03-21,727,82965,702,37558,22,44162,3,1245,233,23481,492,30344,236,53825,California
Napa,2021-03-22,1303,84268,1121,38679,170,44332,12,1257,438,23071,860,31204,450,54275,California
Napa,2021-03-23,1901,86169,1203,39882,681,45013,17,1274,1009,23209,888,32092,1026,55301,California
Napa,2021-03-24,1714,87883,948,40830,757,45770,9,1283,817,23138,896,32988,825,56126,California
Napa,2021-03-25,1936,89819,1058,41888,824,46594,54,1337,773,22808,1157,34145,827,56953,California
Napa,2021-03-26,1313,91132,840,42728,467,47061,6,1343,586,22679,721,34866,592,57545,California
Napa,2021-03-27,957,92089,437,43165,493,47554,27,1370,296,22341,661,35527,323,57868,California
Napa,2021-03-28,492,92581,382,43547,103,47657,7,1377,181,22220,309,35836,188,58056,California
Napa,2021-03-29,1199,93780,874,44421,320,47977,5,1382,727,22482,470,36306,732,58788,California
Napa,2021-03-30,2800,96580,935,45356,1860,49837,5,1387,1979,23644,822,37128,1984,60772,California
Napa,2021-03-31,1977,98557,966,46322,942,50779,69,1456,800,23337,1174,38302,867,61639,California
Napa,2021-04-01,1761,100318,848,47170,794,51573,119,1575,478,22656,1275,39577,594,62233,California
Napa,2021-04-02,1869,102187,842,48012,885,52458,142,1717,470,21872,1395,40972,611,62844,California
Napa,2021-04-03,637,102824,372,48384,207,52665,58,1775,214,21720,422,41394,270,63114,California
Napa,2021-04-04,359,103183,146,48530,154,52819,59,1834,122,21665,236,41630,181,63295,California
Napa,2021-04-05,1279,104462,758,49288,302,53121,219,2053,571,21749,705,42335,789,64084,California
Napa,2021-04-06,2270,106732,566,49854,1443,54564,261,2314,527,20795,1740,44075,786,64870,California
Napa,2021-04-07,1753,108485,708,50562,823,55387,222,2536,529,20326,1218,45293,749,65619,California
Napa,2021-04-08,1876,110361,1075,51637,423,55810,378,2914,962,20758,907,46200,1339,66958,California
Napa,2021-04-09,1552,111913,927,52564,319,56129,306,3220,680,20873,870,47070,985,67943,California
Napa,2021-04-10,1051,112964,353,52917,596,56725,102,3322,245,20417,803,47873,347,68290,California
Napa,2021-04-11,388,113352,301,53218,64,56789,23,3345,157,20366,231,48104,180,68470,California
Napa,2021-04-12,797,114149,304,53522,368,57157,125,3470,293,20278,502,48606,414,68884,California
Napa,2021-04-13,2588,116737,866,54388,1722,58879,0,3470,937,19571,1644,50250,937,69821,California
Napa,2021-04-14,2160,118897,1019,55407,1141,60020,0,3470,1052,19524,1099,51349,1052,70873,California
Napa,2021-04-15,2089,120986,534,55941,1555,61575,0,3470,896,19235,1185,52534,896,71769,California
Napa,2021-04-16,3010,123996,1643,57584,1367,62942,0,3470,2278,20786,727,53261,2278,74047,California
Napa,2021-04-17,1168,125164,276,57860,892,63834,0,3470,860,21339,307,53568,860,74907,California
Napa,2021-04-18,284,125448,190,58050,94,63928,0,3470,122,21299,162,53730,122,75029,California
Napa,2021-04-19,629,126077,340,58390,289,64217,0,3470,275,21221,353,54083,275,75304,California
Napa,2021-04-20,3075,129152,2096,60486,979,65196,0,3470,2088,22326,984,55067,2089,77393,California
Napa,2021-04-21,2984,132136,2201,62687,783,65979,0,3470,1886,23121,1092,56159,1887,79280,California
Napa,2021-04-22,1860,133996,1301,63988,558,66537,1,3471,867,23000,988,57147,867,80147,California
Napa,2021-04-23,1652,135648,1270,65258,380,66917,2,3473,1165,23682,483,57630,1165,81312,California
Napa,2021-04-24,572,136220,321,65579,251,67168,0,3473,297,23707,272,57902,297,81609,California
Napa,2021-04-25,249,136469,190,65769,59,67227,0,3473,127,23713,121,58023,127,81736,California
Napa,2021-04-26,553,137022,283,66052,270,67497,0,3473,285,23735,263,58286,285,82021,California
Napa,2021-04-27,1788,138810,468,66520,1308,68805,12,3485,594,23151,1190,59476,606,82627,California
Napa,2021-04-28,1021,139831,472,66992,532,69337,17,3502,349,22847,670,60146,366,82993,California
Napa,2021-04-29,734,140565,366,67358,349,69686,19,3521,270,22678,457,60603,288,83281,California
Napa,2021-04-30,623,141188,312,67670,247,69933,64,3585,257,22634,364,60967,320,83601,California
Napa,2021-05-01,330,141518,271,67941,48,69981,11,3596,121,22557,209,61176,132,83733,California
Napa,2021-05-02,237,141755,193,68134,38,70019,6,3602,99,22525,137,61313,105,83838,California
Napa,2021-05-03,637,142392,497,68631,104,70123,36,3638,111,22151,522,61835,148,83986,California
Napa,2021-05-04,1144,143536,729,69360,304,70427,111,3749,306,21734,834,62669,417,84403,California
Napa,2021-05-05,1040,144576,704,70064,298,70725,38,3787,262,21259,775,63444,300,84703,California
Napa,2021-05-06,722,145298,320,70384,379,71104,23,3810,371,21312,342,63786,395,85098,California
Napa,2021-05-07,1593,146891,1364,71748,166,71270,63,3873,331,20467,1238,65024,393,85491,California
Napa,2021-05-08,260,147151,167,71915,82,71352,11,3884,88,20396,170,65194,99,85590,California
Napa,2021-05-09,119,147270,87,72002,32,71384,0,3884,58,20394,60,65254,58,85648,California
Napa,2021-05-10,430,147700,146,72148,265,71649,19,3903,111,20206,318,65572,130,85778,California
Napa,2021-05-11,2192,149892,1808,73956,359,72008,25,3928,385,18814,1802,67374,410,86188,California
Napa,2021-05-12,2220,152112,1389,75345,774,72782,57,3985,311,17278,1903,69277,367,86555,California
Napa,2021-05-13,1964,154076,1249,76594,675,73457,40,4025,864,17090,1093,70370,905,87460,California
Napa,2021-05-14,1968,156044,1189,77783,693,74150,86,4111,534,16284,1427,71797,621,88081,California
Napa,2021-05-15,1079,157123,367,78150,700,74850,12,4123,258,15739,816,72613,271,88352,California
Napa,2021-05-16,245,157368,165,78315,78,74928,2,4125,73,15642,172,72785,75,88427,California
Napa,2021-05-17,892,158260,347,78662,515,75443,30,4155,305,15453,525,73310,336,88763,California
Napa,2021-05-18,1080,159340,557,79219,466,75909,57,4212,514,15463,561,73871,571,89334,California
Napa,2021-05-19,981,160321,577,79796,374,76283,30,4242,508,15531,469,74340,537,89871,California
Napa,2021-05-20,662,160983,436,80232,195,76478,31,4273,380,15663,279,74619,411,90282,California
Napa,2021-05-21,526,161509,266,80498,228,76706,32,4305,219,15609,305,74924,251,90533,California
Napa,2021-05-22,463,161972,276,80774,178,76884,9,4314,192,15540,271,75195,202,90735,California
Napa,2021-05-23,400,162372,354,81128,35,76919,11,4325,296,15743,104,75299,307,91042,California
Napa,2021-05-24,386,162758,189,81317,177,77096,20,4345,154,15688,229,75528,174,91216,California
Napa,2021-05-25,431,163189,176,81493,184,77280,71,4416,144,15617,285,75813,214,91430,California
Napa,2021-05-26,559,163748,361,81854,174,77454,24,4440,319,15723,237,76050,343,91773,California
Napa,2021-05-27,399,164147,172,82026,199,77653,28,4468,152,15656,247,76297,180,91953,California
Napa,2021-05-28,407,164554,212,82238,171,77824,24,4492,169,15613,234,76531,191,92144,California
Napa,2021-05-29,129,164683,79,82317,46,77870,4,4496,75,15639,53,76584,79,92223,California
Napa,2021-05-30,97,164780,61,82378,31,77901,5,4501,28,15605,67,76651,33,92256,California
Napa,2021-05-31,51,164831,17,82395,28,77929,6,4507,9,15578,42,76693,15,92271,California
Napa,2021-06-01,605,165436,313,82708,268,78197,24,4531,261,15524,338,77031,284,92555,California
Napa,2021-06-02,412,165848,245,82953,145,78342,22,4553,190,15515,220,77251,211,92766,California
Napa,2021-06-03,756,166604,460,83413,271,78613,25,4578,129,15044,623,77874,152,92918,California
Napa,2021-06-04,785,167389,605,84018,143,78756,37,4615,146,14590,637,78511,183,93101,California
Napa,2021-06-05,315,167704,257,84275,47,78803,11,4626,75,14438,238,78749,86,93187,California
Napa,2021-06-06,145,167849,125,84400,19,78822,1,4627,45,14385,99,78848,46,93233,California
Napa,2021-06-07,397,168246,285,84685,84,78906,28,4655,94,14205,302,79150,122,93355,California
Napa,2021-06-08,622,168868,494,85179,111,79017,17,4672,275,14153,344,79494,292,93647,California
Napa,2021-06-09,559,169427,453,85632,91,79108,15,4687,99,13809,458,79952,114,93761,California
Napa,2021-06-10,516,169943,415,86047,67,79175,34,4721,111,13549,405,80357,145,93906,California
Napa,2021-06-11,411,170354,267,86314,119,79294,25,4746,117,13398,293,80650,142,94048,California
Napa,2021-06-12,205,170559,173,86487,27,79321,5,4751,41,13281,163,80813,46,94094,California
Napa,2021-06-13,290,170849,277,86764,8,79329,5,4756,29,13054,261,81074,34,94128,California
Napa,2021-06-14,484,171333,341,87105,117,79446,26,4782,92,12781,388,81462,115,94243,California
Napa,2021-06-15,376,171709,277,87382,86,79532,13,4795,185,12789,190,81652,198,94441,California
Napa,2021-06-16,261,171970,164,87546,81,79613,16,4811,84,12716,173,81825,100,94541,California
Napa,2021-06-17,393,172363,323,87869,61,79674,9,4820,71,12474,322,82147,80,94621,California
Napa,2021-06-18,267,172630,173,88042,83,79757,11,4831,90,12400,175,82322,101,94722,California
Napa,2021-06-19,110,172740,77,88119,23,79780,10,4841,47,12396,61,82383,57,94779,California
Napa,2021-06-20,54,172794,42,88161,9,79789,3,4844,19,12383,35,82418,22,94801,California
Napa,2021-06-21,158,172952,73,88234,65,79854,20,4864,75,12395,82,82500,94,94895,California
Napa,2021-06-22,374,173326,296,88530,63,79917,15,4879,109,12255,264,82764,124,95019,California
Napa,2021-06-23,340,173666,264,88794,54,79971,22,4901,109,12158,227,82991,130,95149,California
Napa,2021-06-24,167,173833,114,88908,48,80019,5,4906,71,12140,94,83085,76,95225,California
Napa,2021-06-25,244,174077,161,89069,70,80089,13,4919,119,12152,119,83204,131,95356,California
Napa,2021-06-26,92,174169,76,89145,11,80100,5,4924,45,12155,47,83251,50,95406,California
Napa,2021-06-27,70,174239,60,89205,10,80110,0,4924,33,12151,37,83288,33,95439,California
Napa,2021-06-28,189,174428,144,89349,34,80144,11,4935,82,12137,106,83394,92,95531,California
Napa,2021-06-29,409,174837,336,89685,55,80199,18,4953,115,11977,292,83686,132,95663,California
Napa,2021-06-30,181,175018,123,89808,49,80248,9,4962,78,11962,102,83788,87,95750,California
Napa,2021-07-01,167,175185,113,89921,45,80293,9,4971,75,11954,91,83879,83,95833,California
Napa,2021-07-02,173,175358,131,90052,35,80328,7,4978,68,11925,104,83983,75,95908,California
Napa,2021-07-03,76,175434,62,90114,8,80336,6,4984,42,11940,33,84016,48,95956,California
Napa,2021-07-04,7,175441,0,90114,6,80342,1,4985,0,11934,7,84023,1,95957,California
Napa,2021-07-05,89,175530,70,90184,14,80356,5,4990,48,11946,41,84064,53,96010,California
Napa,2021-07-06,319,175849,274,90458,33,80389,12,5002,112,11864,205,84269,123,96133,California
Napa,2021-07-07,155,176004,107,90565,36,80425,12,5014,67,11855,88,84357,79,96212,California
Napa,2021-07-08,72,176076,45,90610,17,80442,10,5024,23,11839,48,84405,32,96244,California
Nevada,2020-12-16,3,3,3,3,0,0,0,0,3,3,0,0,3,3,California
Nevada,2020-12-17,6,9,6,9,0,0,0,0,6,9,0,0,6,9,California
Nevada,2020-12-18,58,67,58,67,0,0,0,0,58,67,0,0,58,67,California
Nevada,2020-12-19,55,122,55,122,0,0,0,0,55,122,0,0,55,122,California
Nevada,2020-12-20,13,135,13,135,0,0,0,0,13,135,0,0,13,135,California
Nevada,2020-12-21,69,204,69,204,0,0,0,0,69,204,0,0,69,204,California
Nevada,2020-12-22,90,294,88,292,2,2,0,0,90,294,0,0,90,294,California
Nevada,2020-12-23,232,526,202,494,30,32,0,0,232,526,0,0,232,526,California
Nevada,2020-12-24,13,539,11,505,2,34,0,0,13,539,0,0,13,539,California
Nevada,2020-12-25,3,542,3,508,0,34,0,0,3,542,0,0,3,542,California
Nevada,2020-12-26,6,548,4,512,2,36,0,0,6,548,0,0,6,548,California
Nevada,2020-12-27,89,637,89,601,0,36,0,0,89,637,0,0,89,637,California
Nevada,2020-12-28,172,809,94,695,78,114,0,0,172,809,0,0,172,809,California
Nevada,2020-12-29,100,909,74,769,26,140,0,0,100,909,0,0,100,909,California
Nevada,2020-12-30,86,995,66,835,20,160,0,0,86,995,0,0,86,995,California
Nevada,2020-12-31,38,1033,8,843,30,190,0,0,38,1033,0,0,38,1033,California
Nevada,2021-01-01,4,1037,1,844,3,193,0,0,4,1037,0,0,4,1037,California
Nevada,2021-01-02,2,1039,1,845,1,194,0,0,2,1039,0,0,2,1039,California
Nevada,2021-01-03,130,1169,125,970,5,199,0,0,130,1169,0,0,130,1169,California
Nevada,2021-01-04,72,1241,47,1017,25,224,0,0,72,1241,0,0,72,1241,California
Nevada,2021-01-05,274,1515,133,1150,141,365,0,0,273,1513,1,1,273,1514,California
Nevada,2021-01-06,91,1606,43,1193,48,413,0,0,83,1588,8,9,83,1597,California
Nevada,2021-01-07,217,1823,43,1236,174,587,0,0,210,1793,6,15,211,1808,California
Nevada,2021-01-08,222,2045,129,1365,93,680,0,0,164,1900,58,73,165,1973,California
Nevada,2021-01-09,64,2109,57,1422,7,687,0,0,14,1864,50,123,14,1987,California
Nevada,2021-01-10,19,2128,10,1432,9,696,0,0,10,1865,9,132,10,1997,California
Nevada,2021-01-11,188,2316,131,1563,57,753,0,0,60,1797,128,260,60,2057,California
Nevada,2021-01-12,600,2916,453,2016,147,900,0,0,533,2263,67,327,533,2590,California
Nevada,2021-01-13,261,3177,147,2163,114,1014,0,0,127,2256,134,461,127,2717,California
Nevada,2021-01-14,240,3417,127,2290,113,1127,0,0,223,2463,16,477,223,2940,California
Nevada,2021-01-15,403,3820,174,2464,229,1356,0,0,302,2664,101,578,302,3242,California
Nevada,2021-01-16,300,4120,16,2480,284,1640,0,0,296,2956,4,582,296,3538,California
Nevada,2021-01-17,36,4156,32,2512,4,1644,0,0,34,2988,2,584,34,3572,California
Nevada,2021-01-18,151,4307,41,2553,110,1754,0,0,141,3119,10,594,141,3713,California
Nevada,2021-01-19,250,4557,90,2643,160,1914,0,0,228,3325,22,616,228,3941,California
Nevada,2021-01-20,276,4833,166,2809,110,2024,0,0,262,3573,14,630,262,4203,California
Nevada,2021-01-21,344,5177,206,3015,138,2162,0,0,331,3891,13,643,331,4534,California
Nevada,2021-01-22,381,5558,238,3253,143,2305,0,0,351,4212,30,673,351,4885,California
Nevada,2021-01-23,182,5740,107,3360,75,2380,0,0,182,4394,0,673,182,5067,California
Nevada,2021-01-24,110,5850,102,3462,8,2388,0,0,69,4422,41,714,69,5136,California
Nevada,2021-01-25,266,6116,135,3597,131,2519,0,0,204,4564,62,776,204,5340,California
Nevada,2021-01-26,408,6524,145,3742,263,2782,0,0,303,4762,105,881,303,5643,California
Nevada,2021-01-27,429,6953,254,3996,175,2957,0,0,404,5141,25,906,404,6047,California
Nevada,2021-01-28,479,7432,326,4322,153,3110,0,0,435,5533,43,949,435,6482,California
Nevada,2021-01-29,609,8041,393,4715,216,3326,0,0,580,6086,28,977,581,7063,California
Nevada,2021-01-30,297,8338,106,4821,191,3517,0,0,294,6377,3,980,294,7357,California
Nevada,2021-01-31,104,8442,87,4908,17,3534,0,0,100,6475,3,983,101,7458,California
Nevada,2021-02-01,294,8736,72,4980,222,3756,0,0,280,6741,14,997,280,7738,California
Nevada,2021-02-02,532,9268,187,5167,345,4101,0,0,331,6871,201,1198,331,8069,California
Nevada,2021-02-03,816,10084,572,5739,244,4345,0,0,762,7580,53,1251,762,8831,California
Nevada,2021-02-04,744,10828,397,6136,347,4692,0,0,490,7817,253,1504,490,9321,California
Nevada,2021-02-05,657,11485,369,6505,288,4980,0,0,466,8094,189,1693,466,9787,California
Nevada,2021-02-06,272,11757,84,6589,188,5168,0,0,243,8308,29,1722,243,10030,California
Nevada,2021-02-07,248,12005,194,6783,54,5222,0,0,193,8446,55,1777,193,10223,California
Nevada,2021-02-08,658,12663,408,7191,250,5472,0,0,554,8898,102,1879,554,10777,California
Nevada,2021-02-09,606,13269,339,7530,267,5739,0,0,464,9220,142,2021,464,11241,California
Nevada,2021-02-10,655,13924,327,7857,328,6067,0,0,422,9411,232,2253,423,11664,California
Nevada,2021-02-11,889,14813,513,8370,376,6443,0,0,554,9632,333,2586,554,12218,California
Nevada,2021-02-12,956,15769,446,8816,510,6953,0,0,628,9935,325,2911,628,12846,California
Nevada,2021-02-13,618,16387,239,9055,379,7332,0,0,392,10106,222,3133,393,13239,California
Nevada,2021-02-14,234,16621,120,9175,114,7446,0,0,205,10282,29,3162,205,13444,California
Nevada,2021-02-15,713,17334,438,9613,275,7721,0,0,538,10645,175,3337,538,13982,California
Nevada,2021-02-16,632,17966,202,9815,430,8151,0,0,461,10936,170,3507,461,14443,California
Nevada,2021-02-17,1203,19169,777,10592,426,8577,0,0,859,11451,344,3851,859,15302,California
Nevada,2021-02-18,1025,20194,558,11150,467,9044,0,0,603,11635,419,4270,603,15905,California
Nevada,2021-02-19,1134,21328,636,11786,498,9542,0,0,761,12027,370,4640,762,16667,California
Nevada,2021-02-20,308,21636,113,11899,195,9737,0,0,180,12080,127,4767,180,16847,California
Nevada,2021-02-21,105,21741,91,11990,14,9751,0,0,15,12008,87,4854,15,16862,California
Nevada,2021-02-22,519,22260,347,12337,172,9923,0,0,368,12226,150,5004,368,17230,California
Nevada,2021-02-23,512,22772,251,12588,261,10184,0,0,227,12172,282,5286,228,17458,California
Nevada,2021-02-24,539,23311,294,12882,245,10429,0,0,262,12162,276,5562,266,17724,California
Nevada,2021-02-25,882,24193,476,13358,406,10835,0,0,442,12167,437,5999,442,18166,California
Nevada,2021-02-26,1258,25451,895,14253,363,11198,0,0,422,11756,833,6832,422,18588,California
Nevada,2021-02-27,426,25877,114,14367,312,11510,0,0,194,11718,232,7064,194,18782,California
Nevada,2021-02-28,274,26151,160,14527,114,11624,0,0,126,11697,147,7211,126,18908,California
Nevada,2021-03-01,844,26995,441,14968,403,12027,0,0,370,11597,470,7681,370,19278,California
Nevada,2021-03-02,742,27737,293,15261,449,12476,0,0,510,11880,227,7908,510,19788,California
Nevada,2021-03-03,994,28731,510,15771,483,12959,1,1,521,11931,471,8379,522,20310,California
Nevada,2021-03-04,1110,29841,624,16395,486,13445,0,1,466,11757,640,9019,466,20776,California
Nevada,2021-03-05,1186,31027,482,16877,694,14139,10,11,711,12006,472,9491,721,21497,California
Nevada,2021-03-06,365,31392,121,16998,217,14356,27,38,150,11967,215,9706,176,21673,California
Nevada,2021-03-07,216,31608,108,17106,82,14438,26,64,70,11917,146,9852,96,21769,California
Nevada,2021-03-08,833,32441,563,17669,223,14661,47,111,373,11879,459,10311,421,22190,California
Nevada,2021-03-09,795,33236,404,18073,341,15002,50,161,467,12069,326,10637,516,22706,California
Nevada,2021-03-10,1010,34246,650,18723,303,15305,57,218,340,11802,663,11300,396,23102,California
Nevada,2021-03-11,1114,35360,729,19452,361,15666,24,242,551,11823,554,11854,575,23677,California
Nevada,2021-03-12,1535,36895,727,20179,778,16444,30,272,839,11998,692,12546,867,24544,California
Nevada,2021-03-13,943,37838,58,20237,880,17324,5,277,757,12576,184,12730,762,25306,California
Nevada,2021-03-14,160,37998,20,20257,135,17459,5,282,33,12487,127,12857,38,25344,California
Nevada,2021-03-15,857,38855,467,20724,378,17837,12,294,358,12362,495,13352,370,25714,California
Nevada,2021-03-16,1006,39861,468,21192,476,18313,62,356,637,12693,367,13719,698,26412,California
Nevada,2021-03-17,1029,40890,453,21645,566,18879,10,366,582,12842,444,14163,593,27005,California
Nevada,2021-03-18,982,41872,531,22176,428,19307,23,389,474,12836,502,14665,496,27501,California
Nevada,2021-03-19,941,42813,441,22617,463,19770,37,426,360,12657,576,15241,397,27898,California
Nevada,2021-03-20,838,43651,94,22711,317,20087,427,853,243,12734,589,15830,666,28564,California
Nevada,2021-03-21,61,43712,32,22743,28,20115,1,854,33,12741,27,15857,34,28598,California
Nevada,2021-03-22,802,44514,519,23262,278,20393,5,859,529,13005,270,16127,534,29132,California
Nevada,2021-03-23,861,45375,390,23652,443,20836,28,887,616,13407,242,16369,644,29776,California
Nevada,2021-03-24,1022,46397,543,24195,472,21308,7,894,637,13671,379,16748,643,30419,California
Nevada,2021-03-25,913,47310,464,24659,424,21732,25,919,487,13759,423,17171,511,30930,California
Nevada,2021-03-26,1177,48487,447,25106,691,22423,39,958,845,14313,329,17500,883,31813,California
Nevada,2021-03-27,586,49073,72,25178,498,22921,16,974,402,14548,183,17683,418,32231,California
Nevada,2021-03-28,178,49251,54,25232,111,23032,13,987,36,14461,136,17819,49,32280,California
Nevada,2021-03-29,826,50077,501,25733,303,23335,22,1009,373,14407,448,18267,394,32674,California
Nevada,2021-03-30,1061,51138,486,26219,541,23876,34,1043,489,14366,564,18831,523,33197,California
Nevada,2021-03-31,1188,52326,666,26885,505,24381,17,1060,673,14549,506,19337,689,33886,California
Nevada,2021-04-01,1251,53577,731,27616,466,24847,54,1114,555,14471,685,20022,607,34493,California
Nevada,2021-04-02,1302,54879,661,28277,605,25452,36,1150,773,14754,526,20548,809,35302,California
Nevada,2021-04-03,290,55169,87,28364,162,25614,41,1191,83,14672,206,20754,124,35426,California
Nevada,2021-04-04,128,55297,42,28406,79,25693,7,1198,76,14703,52,20806,83,35509,California
Nevada,2021-04-05,935,56232,615,29021,300,25993,20,1218,622,15035,308,21114,640,36149,California
Nevada,2021-04-06,1077,57309,664,29685,269,26262,144,1362,435,14978,635,21749,578,36727,California
Nevada,2021-04-07,1151,58460,822,30507,246,26508,83,1445,612,15140,532,22281,694,37421,California
Nevada,2021-04-08,1285,59745,895,31402,305,26813,85,1530,710,15364,570,22851,794,38215,California
Nevada,2021-04-09,1277,61022,850,32252,360,27173,67,1597,863,15881,412,23263,929,39144,California
Nevada,2021-04-10,902,61924,81,32333,745,27918,76,1673,128,15317,768,24031,204,39348,California
Nevada,2021-04-11,112,62036,34,32367,72,27990,6,1679,36,15283,76,24107,42,39390,California
Nevada,2021-04-12,748,62784,542,32909,189,28179,17,1696,316,15189,427,24534,333,39723,California
Nevada,2021-04-13,890,63674,353,33262,537,28716,0,1696,471,15245,415,24949,471,40194,California
Nevada,2021-04-14,1059,64733,569,33831,490,29206,0,1696,540,15274,511,25460,540,40734,California
Nevada,2021-04-15,1086,65819,712,34543,374,29580,0,1696,626,15452,448,25908,626,41360,California
Nevada,2021-04-16,911,66730,693,35236,218,29798,0,1696,518,15579,391,26299,518,41878,California
Nevada,2021-04-17,202,66932,54,35290,148,29946,0,1696,87,15553,113,26412,87,41965,California
Nevada,2021-04-18,203,67135,22,35312,181,30127,0,1696,103,15556,100,26512,103,42068,California
Nevada,2021-04-19,757,67892,483,35795,274,30401,0,1696,310,15430,436,26948,310,42378,California
Nevada,2021-04-20,833,68725,334,36129,499,30900,0,1696,313,15229,514,27462,313,42691,California
Nevada,2021-04-21,938,69663,525,36654,413,31313,0,1696,270,14843,656,28118,270,42961,California
Nevada,2021-04-22,1008,70671,633,37287,375,31688,0,1696,342,14531,655,28773,343,43304,California
Nevada,2021-04-23,1258,71929,550,37837,708,32396,0,1696,401,14086,846,29619,401,43705,California
Nevada,2021-04-24,522,72451,73,37910,449,32845,0,1696,168,13902,352,29971,168,43873,California
Nevada,2021-04-25,131,72582,60,37970,66,32911,5,1701,51,13878,79,30050,55,43928,California
Nevada,2021-04-26,744,73326,561,38531,175,33086,8,1709,217,13586,517,30567,225,44153,California
Nevada,2021-04-27,820,74146,382,38913,433,33519,5,1714,412,13603,400,30967,417,44570,California
Nevada,2021-04-28,994,75140,581,39494,408,33927,5,1719,387,13395,600,31567,392,44962,California
Nevada,2021-04-29,1020,76160,710,40204,306,34233,4,1723,279,12939,739,32306,283,45245,California
Nevada,2021-04-30,1249,77409,728,40932,513,34746,8,1731,213,12126,1034,33340,221,45466,California
Nevada,2021-05-01,144,77553,63,40995,77,34823,4,1735,60,12108,82,33422,64,45530,California
Nevada,2021-05-02,59,77612,33,41028,22,34845,4,1739,20,12093,39,33461,24,45554,California
Nevada,2021-05-03,611,78223,405,41433,186,35031,20,1759,178,11861,429,33890,197,45751,California
Nevada,2021-05-04,595,78818,173,41606,404,35435,18,1777,338,11964,253,34143,356,46107,California
Nevada,2021-05-05,739,79557,382,41988,343,35778,14,1791,324,11895,407,34550,338,46445,California
Nevada,2021-05-06,806,80363,565,42553,230,36008,11,1802,198,11506,598,35148,209,46654,California
Nevada,2021-05-07,894,81257,489,43042,370,36378,35,1837,185,11022,704,35852,220,46874,California
Nevada,2021-05-08,176,81433,20,43062,136,36514,20,1857,78,11024,96,35948,98,46972,California
Nevada,2021-05-09,44,81477,8,43070,34,36548,2,1859,21,11024,23,35971,23,46995,California
Nevada,2021-05-10,390,81867,248,43318,118,36666,24,1883,78,10815,311,36282,102,47097,California
Nevada,2021-05-11,517,82384,155,43473,349,37015,13,1896,127,10574,381,36663,140,47237,California
Nevada,2021-05-12,542,82926,237,43710,294,37309,11,1907,152,10356,381,37044,163,47400,California
Nevada,2021-05-13,837,83763,555,44265,272,37581,10,1917,432,10401,397,37441,442,47842,California
Nevada,2021-05-14,792,84555,583,44848,191,37772,18,1935,443,10517,345,37786,461,48303,California
Nevada,2021-05-15,186,84741,87,44935,91,37863,8,1943,87,10514,98,37884,95,48398,California
Nevada,2021-05-16,161,84902,54,44989,107,37970,0,1943,56,10465,105,37989,56,48454,California
Nevada,2021-05-17,499,85401,319,45308,150,38120,30,1973,216,10439,272,38261,246,48700,California
Nevada,2021-05-18,420,85821,256,45564,160,38280,4,1977,221,10468,197,38458,226,48926,California
Nevada,2021-05-19,488,86309,354,45918,129,38409,5,1982,255,10504,224,38682,260,49186,California
Nevada,2021-05-20,612,86921,353,46271,247,38656,12,1994,220,10349,387,39069,232,49418,California
Nevada,2021-05-21,511,87432,327,46598,174,38830,10,2004,219,10290,288,39357,229,49647,California
Nevada,2021-05-22,244,87676,34,46632,157,38987,53,2057,92,10283,152,39509,145,49792,California
Nevada,2021-05-23,53,87729,19,46651,34,39021,0,2057,18,10267,34,39543,18,49810,California
Nevada,2021-05-24,313,88042,219,46870,80,39101,14,2071,105,10181,205,39748,119,49929,California
Nevada,2021-05-25,343,88385,84,46954,247,39348,12,2083,82,10019,256,40004,94,50023,California
Nevada,2021-05-26,455,88840,197,47151,248,39596,10,2093,135,9851,313,40317,145,50168,California
Nevada,2021-05-27,426,89266,226,47377,179,39775,21,2114,179,9808,243,40560,200,50368,California
Nevada,2021-05-28,346,89612,215,47592,108,39883,23,2137,190,9869,153,40713,214,50582,California
Nevada,2021-05-29,66,89678,12,47604,54,39937,0,2137,41,9885,25,40738,41,50623,California
Nevada,2021-05-30,37,89715,19,47623,16,39953,2,2139,25,9900,12,40750,27,50650,California
Nevada,2021-05-31,6,89721,4,47627,0,39953,2,2141,2,9900,4,40754,4,50654,California
Nevada,2021-06-01,420,90141,126,47753,276,40229,18,2159,99,9705,312,41066,117,50771,California
Nevada,2021-06-02,403,90544,165,47918,231,40460,7,2166,101,9519,294,41360,108,50879,California
Nevada,2021-06-03,564,91108,404,48322,155,40615,5,2171,99,9162,461,41821,104,50983,California
Nevada,2021-06-04,548,91656,438,48760,106,40721,4,2175,107,8837,436,42257,111,51094,California
Nevada,2021-06-05,173,91829,71,48831,100,40821,2,2177,66,8799,106,42363,68,51162,California
Nevada,2021-06-06,54,91883,40,48871,14,40835,0,2177,13,8771,41,42404,13,51175,California
Nevada,2021-06-07,270,92153,196,49067,44,40879,30,2207,60,8656,205,42609,90,51265,California
Nevada,2021-06-08,293,92446,194,49261,85,40964,14,2221,67,8520,217,42826,81,51346,California
Nevada,2021-06-09,325,92771,218,49479,100,41064,7,2228,82,8370,239,43065,89,51435,California
Nevada,2021-06-10,274,93045,176,49655,89,41153,9,2237,73,8256,195,43260,81,51516,California
Nevada,2021-06-11,325,93370,230,49885,76,41229,19,2256,74,8100,248,43508,92,51608,California
Nevada,2021-06-12,92,93462,54,49939,33,41262,5,2261,27,8067,65,43573,32,51640,California
Nevada,2021-06-13,33,93495,17,49956,15,41277,1,2262,6,8047,27,43600,7,51647,California
Nevada,2021-06-14,192,93687,138,50094,43,41320,11,2273,50,7973,135,43735,61,51708,California
Nevada,2021-06-15,170,93857,97,50191,65,41385,8,2281,67,7948,100,43835,75,51783,California
Nevada,2021-06-16,237,94094,133,50324,95,41480,9,2290,69,7865,161,43996,78,51861,California
Nevada,2021-06-17,227,94321,133,50457,80,41560,14,2304,40,7733,186,44182,54,51915,California
Nevada,2021-06-18,219,94540,152,50609,50,41610,17,2321,68,7669,149,44331,85,52000,California
Nevada,2021-06-19,70,94610,34,50643,30,41640,6,2327,29,7663,41,44372,35,52035,California
Nevada,2021-06-20,27,94637,20,50663,7,41647,0,2327,8,7653,18,44390,8,52043,California
Nevada,2021-06-21,110,94747,49,50712,54,41701,7,2334,49,7654,55,44445,56,52099,California
Nevada,2021-06-22,166,94913,97,50809,58,41759,11,2345,68,7641,92,44537,79,52178,California
Nevada,2021-06-23,213,95126,139,50948,44,41803,30,2375,87,7636,121,44658,116,52294,California
Nevada,2021-06-24,177,95303,112,51060,47,41850,18,2393,60,7603,111,44769,78,52372,California
Nevada,2021-06-25,207,95510,138,51198,48,41898,21,2414,76,7569,131,44900,97,52469,California
Nevada,2021-06-26,83,95593,61,51259,20,41918,2,2416,31,7550,52,44952,33,52502,California
Nevada,2021-06-27,29,95622,13,51272,12,41930,4,2420,7,7539,22,44974,11,52513,California
Nevada,2021-06-28,169,95791,119,51391,28,41958,22,2442,67,7534,94,45068,89,52602,California
Nevada,2021-06-29,129,95920,74,51465,43,42001,12,2454,46,7517,75,45143,58,52660,California
Nevada,2021-06-30,167,96087,127,51592,34,42035,6,2460,55,7468,109,45252,60,52720,California
Nevada,2021-07-01,124,96211,86,51678,27,42062,11,2471,54,7465,68,45320,65,52785,California
Nevada,2021-07-02,149,96360,98,51776,38,42100,13,2484,74,7484,68,45388,87,52872,California
Nevada,2021-07-03,33,96393,16,51792,11,42111,6,2490,17,7491,15,45403,22,52894,California
Nevada,2021-07-05,45,96438,29,51821,10,42121,6,2496,18,7488,27,45430,24,52918,California
Nevada,2021-07-06,147,96585,90,51911,43,42164,14,2510,53,7467,88,45518,67,52985,California
Nevada,2021-07-07,125,96710,80,51991,33,42197,12,2522,44,7449,74,45592,56,53041,California
Nevada,2021-07-08,98,96808,71,52062,19,42216,8,2530,47,7458,46,45638,55,53096,California
Orange,2020-12-15,17,17,17,17,0,0,0,0,17,17,0,0,17,17,California
Orange,2020-12-16,401,418,401,418,0,0,0,0,401,418,0,0,401,418,California
Orange,2020-12-17,3775,4193,3775,4193,0,0,0,0,3774,4192,0,0,3774,4192,California
Orange,2020-12-18,5133,9326,5125,9318,8,8,0,0,5131,9322,1,1,5131,9323,California
Orange,2020-12-19,2249,11575,2242,11560,7,15,0,0,2248,11570,0,1,2248,11571,California
Orange,2020-12-20,2005,13580,2002,13562,3,18,0,0,2005,13574,1,2,2005,13576,California
Orange,2020-12-21,4272,17852,4266,17828,6,24,0,0,4272,17846,0,2,4272,17848,California
Orange,2020-12-22,4004,21856,3967,21795,37,61,0,0,4003,21849,0,2,4003,21851,California
Orange,2020-12-23,3608,25464,3238,25033,370,431,0,0,3608,25456,1,3,3608,25459,California
Orange,2020-12-24,1392,26856,1089,26122,303,734,0,0,1392,26848,0,3,1392,26851,California
Orange,2020-12-25,21,26877,16,26138,5,739,0,0,21,26869,0,3,21,26872,California
Orange,2020-12-26,1001,27878,425,26563,576,1315,0,0,1001,27870,0,3,1001,27873,California
Orange,2020-12-27,587,28465,275,26838,312,1627,0,0,587,28457,0,3,587,28460,California
Orange,2020-12-28,3641,32106,2642,29480,999,2626,0,0,3641,32098,0,3,3641,32101,California
Orange,2020-12-29,3535,35641,2512,31992,1023,3649,0,0,3534,35631,1,4,3534,35635,California
Orange,2020-12-30,5151,40792,3553,35545,1598,5247,0,0,5151,40782,0,4,5151,40786,California
Orange,2020-12-31,1536,42328,820,36365,716,5963,0,0,1533,42312,3,7,1533,42319,California
Orange,2021-01-01,737,43065,402,36767,335,6298,0,0,735,43045,2,9,735,43054,California
Orange,2021-01-02,1374,44439,844,37611,530,6828,0,0,1371,44414,2,11,1371,44425,California
Orange,2021-01-03,593,45032,325,37936,268,7096,0,0,592,45006,0,11,592,45017,California
Orange,2021-01-04,2789,47821,1574,39510,1215,8311,0,0,2790,47795,1,12,2790,47807,California
Orange,2021-01-05,3563,51384,2321,41831,1242,9553,0,0,3147,50532,413,425,3150,50957,California
Orange,2021-01-06,5051,56435,3478,45309,1573,11126,0,0,3674,52842,1364,1789,3674,54631,California
Orange,2021-01-07,9403,65838,5253,50562,4150,15276,0,0,5750,54959,3638,5427,5755,60386,California
Orange,2021-01-08,9588,75426,5390,55952,4198,19474,0,0,5718,56821,3859,9286,5721,66107,California
Orange,2021-01-09,5075,80501,1776,57728,3299,22773,0,0,3776,59298,1299,10585,3776,69883,California
Orange,2021-01-10,4279,84780,1057,58785,3222,25995,0,0,3390,61804,888,11473,3394,73277,California
Orange,2021-01-11,9544,94324,4943,63728,4601,30596,0,0,5900,64060,3648,15121,5904,79181,California
Orange,2021-01-12,9047,103371,4860,68588,4187,34783,0,0,5550,66121,3492,18613,5553,84734,California
Orange,2021-01-13,10384,113755,4953,73541,5431,40214,0,0,7158,70064,3222,21835,7165,91899,California
Orange,2021-01-14,10172,123927,3822,77363,6350,46564,0,0,8568,77036,1602,23437,8574,100473,California
Orange,2021-01-15,10346,134273,2674,80037,7672,54236,0,0,9454,85599,898,24335,9461,109934,California
Orange,2021-01-16,8869,143142,2120,82157,6749,60985,0,0,8463,93665,402,24737,8468,118402,California
Orange,2021-01-17,8288,151430,1523,83680,6765,67750,0,0,8132,101651,156,24893,8142,126544,California
Orange,2021-01-18,9814,161244,4444,88124,5370,73120,0,0,7542,106923,2273,27166,7545,134089,California
Orange,2021-01-19,7628,168872,5475,93599,2153,75273,0,0,4979,109257,2647,29813,4981,139070,California
Orange,2021-01-20,8697,177569,6108,99707,2589,77862,0,0,5619,111808,3077,32890,5628,144698,California
Orange,2021-01-21,11376,188945,5127,104834,6249,84111,0,0,10521,121488,853,33743,10533,155231,California
Orange,2021-01-22,13987,202932,5225,110059,8762,92873,0,0,13084,133685,895,34638,13092,168323,California
Orange,2021-01-23,13324,216256,6213,116272,7111,99984,0,0,12377,145131,943,35581,12389,180712,California
Orange,2021-01-24,9953,226209,4312,120584,5641,105625,0,0,9612,154410,337,35918,9616,190328,California
Orange,2021-01-25,10581,236790,5909,126493,4672,110297,0,0,7815,159473,2757,38675,7820,198148,California
Orange,2021-01-26,12018,248808,7721,134214,4297,114594,0,0,9812,167086,2202,40877,9815,207963,California
Orange,2021-01-27,13668,262476,8030,142244,5638,120232,0,0,10888,175210,2769,43646,10893,218856,California
Orange,2021-01-28,13307,275783,7272,149516,6035,126267,0,0,11361,184650,1930,45576,11370,230226,California
Orange,2021-01-29,13841,289624,8462,157978,5379,131646,0,0,10871,192577,2947,48523,10874,241100,California
Orange,2021-01-30,13247,302871,4534,162512,8713,140359,0,0,12439,204229,791,49314,12443,253543,California
Orange,2021-01-31,13868,316739,4919,167431,8949,149308,0,0,13398,217171,464,49778,13406,266949,California
Orange,2021-02-01,15055,331794,6511,173942,8544,157852,0,0,12510,227172,2517,52295,12518,279467,California
Orange,2021-02-02,15270,347064,8011,181953,7259,165111,0,0,12744,237435,2487,54782,12750,292217,California
Orange,2021-02-03,16820,363884,12458,194411,4362,169473,0,0,13809,248325,2925,57707,13815,306032,California
Orange,2021-02-04,20185,384069,13116,207527,7069,176542,0,0,15001,258189,5146,62853,15010,321042,California
Orange,2021-02-05,21090,405159,12099,219626,8991,185533,0,0,14648,266453,6395,69248,14659,335701,California
Orange,2021-02-06,16607,421766,10897,230523,5710,191243,0,0,11268,272623,5319,74567,11489,347190,California
Orange,2021-02-07,11667,433433,8168,238691,3499,194742,0,0,7641,276427,4006,78573,7810,355000,California
Orange,2021-02-08,15297,448730,8755,247446,6542,201284,0,0,9151,279466,6117,84690,9156,364156,California
Orange,2021-02-09,17959,466689,12158,259604,5801,207085,0,0,10749,283100,7130,91820,10764,374920,California
Orange,2021-02-10,21198,487887,11273,270877,9925,217010,0,0,12820,287662,8280,100100,12842,387762,California
Orange,2021-02-11,22504,510391,11637,282514,10867,227877,0,0,12300,289929,10058,110158,12325,400087,California
Orange,2021-02-12,25259,535650,12134,294648,13125,241002,0,0,14787,294337,10400,120558,14808,414895,California
Orange,2021-02-13,22250,557900,12054,306702,10196,251198,0,0,11203,295314,10882,131440,11859,426754,California
Orange,2021-02-14,16651,574551,6683,313385,9968,261166,0,0,9687,298078,6931,138371,9695,436449,California
Orange,2021-02-15,17576,592127,7561,320946,10015,271181,0,0,9057,298688,8470,146841,9080,445529,California
Orange,2021-02-16,20326,612453,9192,330138,11134,282315,0,0,10916,300290,9354,156195,10956,456485,California
Orange,2021-02-17,18371,630824,9618,339756,8753,291068,0,0,9365,300784,8940,165135,9434,465919,California
Orange,2021-02-18,15377,646201,10062,349818,5315,296383,0,0,6926,299355,8388,173523,6959,472878,California
Orange,2021-02-19,18688,664889,11156,360974,7532,303915,0,0,7063,294885,11559,185082,7089,479967,California
Orange,2021-02-20,7742,672631,5742,366716,2000,305915,0,0,3857,294923,3848,188930,3886,483853,California
Orange,2021-02-21,4842,677473,4109,370825,733,306648,0,0,992,292118,3805,192735,1000,484853,California
Orange,2021-02-22,10373,687846,8451,379276,1922,308570,0,0,4137,290096,6186,198921,4164,489017,California
Orange,2021-02-23,14134,701980,7735,387011,6399,314969,0,0,3708,283509,10338,209259,3751,492768,California
Orange,2021-02-24,22006,723986,13299,400310,8707,323676,0,0,5547,272760,16366,225625,5617,498385,California
Orange,2021-02-25,23548,747534,12763,413073,10785,334461,0,0,8275,265901,15187,240812,8328,506713,California
Orange,2021-02-26,28577,776111,14456,427529,14121,348582,0,0,11557,260665,16863,257675,11627,518340,California
Orange,2021-02-27,25577,801688,10439,437968,15134,363716,4,4,7425,250137,18017,275692,7489,525829,California
Orange,2021-02-28,19324,821012,7499,445467,11825,375541,0,4,4904,240810,14275,289967,4948,530777,California
Orange,2021-03-01,19007,840019,8698,454165,10286,385827,23,27,7422,236833,11468,301435,7491,538268,California
Orange,2021-03-02,21810,861829,10560,464725,11246,397073,4,31,9619,234401,12118,313553,9686,547954,California
Orange,2021-03-03,21429,883258,10172,474897,11252,408325,5,36,11542,236215,9798,323351,11612,559566,California
Orange,2021-03-04,24150,907408,13849,488746,10288,418613,13,49,12333,236856,11764,335115,12405,571971,California
Orange,2021-03-05,23786,931194,12538,501284,11200,429813,48,97,14280,241830,9456,344571,14430,586401,California
Orange,2021-03-06,25208,956402,13873,515157,10445,440258,890,987,13381,244378,11770,356341,14318,600719,California
Orange,2021-03-07,16593,972995,8964,524121,6756,447014,873,1860,9493,247748,7051,363392,10421,611140,California
Orange,2021-03-08,18701,991696,8692,532813,8586,455600,1423,3283,11717,254035,6907,370299,13194,624334,California
Orange,2021-03-09,21923,1013619,10049,542862,9253,464853,2621,5904,12830,260455,9045,379344,15465,639799,California
Orange,2021-03-10,25229,1038848,12381,555243,9363,474216,3485,9389,12640,264076,12515,391859,16136,655935,California
Orange,2021-03-11,29688,1068536,16059,571302,9317,483533,4312,13701,13664,266151,15912,407771,17987,673922,California
Orange,2021-03-12,29748,1098284,14478,585780,11373,494906,3897,17598,14844,270122,14802,422573,18773,692695,California
Orange,2021-03-13,28103,1126387,10343,596123,13781,508687,3979,21577,14172,274408,13863,436436,18149,710844,California
Orange,2021-03-14,19068,1145455,8297,604420,8216,516903,2555,24132,11861,281657,7166,443602,14415,725259,California
Orange,2021-03-15,23386,1168841,10325,614745,12289,529192,772,24904,14427,288006,8854,452456,15203,740462,California
Orange,2021-03-16,26742,1195583,11329,626074,15140,544332,273,25177,17164,295989,9480,461936,17463,757925,California
Orange,2021-03-17,27697,1223280,13772,639846,13359,557691,566,25743,19618,308187,7990,469926,20188,778113,California
Orange,2021-03-18,28261,1251541,14285,654131,13671,571362,305,26048,21796,323922,6380,476306,22115,800228,California
Orange,2021-03-19,34195,1285736,18892,673023,14848,586210,455,26503,25286,340894,8782,485088,25754,825982,California
Orange,2021-03-20,26137,1311873,13811,686834,12124,598334,202,26705,22241,359529,3819,488907,22454,848436,California
Orange,2021-03-21,18898,1330771,10955,697789,7195,605529,748,27453,15956,373339,2896,491803,16706,865142,California
Orange,2021-03-22,23020,1353791,11963,709752,10735,616264,322,27775,19299,389361,3609,495412,19631,884773,California
Orange,2021-03-23,26342,1380133,13762,723514,11931,628195,649,28424,20792,405356,5453,500865,21448,906221,California
Orange,2021-03-24,29440,1409573,16501,740015,12009,640204,930,29354,21993,420955,7329,508194,22928,929149,California
Orange,2021-03-25,32696,1442269,17380,757395,14599,654803,717,30071,24139,437372,8443,516637,24860,954009,California
Orange,2021-03-26,35109,1477378,18247,775642,15994,670797,868,30939,24575,452427,10398,527035,25453,979462,California
Orange,2021-03-27,28651,1506029,13732,789374,14603,685400,316,31255,19631,463466,8911,535946,19950,999412,California
Orange,2021-03-28,25003,1531032,13009,802383,11926,697326,68,31323,18539,475712,6368,542314,18614,1018026,California
Orange,2021-03-29,26735,1557767,12267,814650,13900,711226,568,31891,17738,485146,8875,551189,18309,1036335,California
Orange,2021-03-30,31085,1588852,14072,828722,16374,727600,639,32530,20408,495617,10574,561763,21045,1057380,California
Orange,2021-03-31,37410,1626262,19623,848345,17061,744661,726,33256,23667,506412,13597,575360,24392,1081772,California
Orange,2021-04-01,40961,1667223,21496,869841,17504,762165,1961,35217,25836,519279,14912,590272,27779,1109551,California
Orange,2021-04-02,40459,1707682,20410,890251,18182,780347,1867,37084,21958,524739,18371,608643,23831,1133382,California
Orange,2021-04-03,30505,1738187,15796,906047,12928,793275,1781,38865,14100,524304,16308,624951,15873,1149255,California
Orange,2021-04-04,18519,1756706,10743,916790,7000,800275,776,39641,7983,522588,10469,635420,8753,1158008,California
Orange,2021-04-05,30354,1787060,14182,930972,12701,812976,3471,43112,13189,522182,17059,652479,16653,1174661,California
Orange,2021-04-06,33648,1820708,15757,946729,14433,827409,3458,46570,14126,520331,19408,671887,17557,1192218,California
Orange,2021-04-07,36473,1857181,20262,966991,11541,838950,4670,51240,15992,520574,20379,692266,20622,1212840,California
Orange,2021-04-08,39517,1896698,21843,988834,12107,851057,5567,56807,18984,524685,20399,712665,24510,1237350,California
Orange,2021-04-09,41379,1938077,24064,1012898,12008,863065,5307,62114,18019,524725,23247,735912,23287,1260637,California
Orange,2021-04-10,34870,1972947,18402,1031300,12162,875227,4306,66420,14269,522779,20495,756407,18549,1279186,California
Orange,2021-04-11,25876,1998823,14654,1045954,7924,883151,3298,69718,9852,519943,15963,772370,13127,1292313,California
Orange,2021-04-12,30869,2029692,15585,1061539,11632,894783,3652,73370,12102,517006,18672,791042,15735,1308048,California
Orange,2021-04-13,32920,2062612,18534,1080073,14316,909099,70,73440,15288,514833,17533,808575,15360,1323408,California
Orange,2021-04-14,35106,2097718,20592,1100665,14477,923576,37,73477,15224,510354,19752,828327,15273,1338681,California
Orange,2021-04-15,40941,2138659,24944,1125609,15981,939557,16,73493,19037,507636,21766,850093,19048,1357729,California
Orange,2021-04-16,42160,2180819,24792,1150401,17338,956895,30,73523,19014,503700,22993,873086,19057,1376786,California
Orange,2021-04-17,30688,2211507,17402,1167803,13279,970174,7,73530,13439,500057,17095,890181,13452,1390238,California
Orange,2021-04-18,22338,2233845,13617,1181420,8721,978895,0,73530,8850,495508,13404,903585,8855,1399093,California
Orange,2021-04-19,33126,2266971,18307,1199727,14816,993711,3,73533,15237,492976,17778,921363,15246,1414339,California
Orange,2021-04-20,36644,2303615,19382,1219109,17255,1010966,7,73540,18236,492925,18300,939663,18249,1432588,California
Orange,2021-04-21,42532,2346147,24931,1244040,17592,1028558,9,73549,20168,490938,22171,961834,20184,1452772,California
Orange,2021-04-22,40185,2386332,21518,1265558,18656,1047214,11,73560,16732,484396,23293,985127,16751,1469523,California
Orange,2021-04-23,41117,2427449,21612,1287170,19497,1066711,8,73568,18402,480237,22578,1007705,18419,1487942,California
Orange,2021-04-24,32155,2459604,16840,1304010,15283,1081994,32,73600,13482,475184,18570,1026275,13517,1501459,California
Orange,2021-04-25,23047,2482651,13017,1317027,10015,1092009,15,73615,9837,471916,13127,1039402,9859,1511318,California
Orange,2021-04-26,29342,2511993,14579,1331606,14564,1106573,199,73814,12701,468309,16509,1055911,12902,1524220,California
Orange,2021-04-27,31635,2543628,15003,1346609,15997,1122570,635,74449,11986,461471,19466,1075377,12628,1536848,California
Orange,2021-04-28,31514,2575142,16013,1362622,14615,1137185,886,75335,12656,456298,18713,1094090,13540,1550388,California
Orange,2021-04-29,32550,2607692,17974,1380596,13602,1150787,974,76309,11585,448022,20827,1114917,12551,1562939,California
Orange,2021-04-30,30503,2638195,17586,1398182,11969,1162756,948,77257,13017,444624,17351,1132268,13953,1576892,California
Orange,2021-05-01,23112,2661307,15825,1414007,6297,1169053,990,78247,8812,440258,14159,1146427,9793,1586685,California
Orange,2021-05-02,15474,2676781,10310,1424317,4520,1173573,644,78891,5393,436285,10004,1156431,6031,1592716,California
Orange,2021-05-03,20747,2697528,12680,1436997,7303,1180876,764,79655,6516,429436,14127,1170558,7278,1599994,California
Orange,2021-05-04,24231,2721759,14016,1451013,9291,1190167,924,80579,8271,422784,15833,1186391,9181,1609175,California
Orange,2021-05-05,25486,2747245,14474,1465487,10112,1200279,900,81479,8193,414733,17142,1203533,9091,1618266,California
Orange,2021-05-06,26950,2774195,16449,1481936,9495,1209774,1006,82485,7402,403735,19398,1222931,8400,1626666,California
Orange,2021-05-07,29537,2803732,17927,1499863,10555,1220329,1055,83540,8202,391882,21104,1244035,9251,1635917,California
Orange,2021-05-08,19189,2822921,12824,1512687,5563,1225892,802,84342,5558,384741,13493,1257528,6352,1642269,California
Orange,2021-05-09,11144,2834065,8496,1521183,2273,1228165,375,84717,2808,379640,8284,1265812,3183,1645452,California
Orange,2021-05-10,19542,2853607,12042,1533225,6714,1234879,786,85503,4310,369605,15132,1280944,5097,1650549,California
Orange,2021-05-11,22761,2876368,12870,1546095,9152,1244031,739,86242,5397,358488,17246,1298190,6129,1656678,California
Orange,2021-05-12,24113,2900481,14997,1561092,8280,1252311,836,87078,6548,348450,17419,1315609,7381,1664059,California
Orange,2021-05-13,22164,2922645,13746,1574838,7802,1260113,616,87694,8169,343360,13877,1329486,8787,1672846,California
Orange,2021-05-14,26911,2949556,17807,1592645,8250,1268363,854,88548,10470,338366,16288,1345774,11294,1684140,California
Orange,2021-05-15,20485,2970041,14794,1607439,5140,1273503,551,89099,8310,335122,12098,1357872,8854,1692994,California
Orange,2021-05-16,15595,2985636,12866,1620305,2388,1275891,341,89440,6712,333358,8813,1366685,7049,1700043,California
Orange,2021-05-17,19600,3005236,12883,1633188,6016,1281907,701,90141,6915,328352,12608,1379293,7602,1707645,California
Orange,2021-05-18,20665,3025901,12050,1645238,7944,1289851,671,90812,8009,324475,12548,1391841,8671,1716316,California
Orange,2021-05-19,22598,3048499,12948,1658186,8976,1298827,674,91486,7721,318113,14746,1406587,8384,1724700,California
Orange,2021-05-20,22619,3071118,13272,1671458,8673,1307500,674,92160,7735,311753,14765,1421352,8405,1733105,California
Orange,2021-05-21,25869,3096987,14914,1686372,10231,1317731,724,92884,8289,303314,17448,1438800,9009,1742114,California
Orange,2021-05-22,18372,3115359,12245,1698617,5579,1323310,548,93432,7012,299615,11260,1450060,7561,1749675,California
Orange,2021-05-23,10087,3125446,6974,1705591,2839,1326149,274,93706,3548,296948,6488,1456548,3821,1753496,California
Orange,2021-05-24,15708,3141154,9338,1714929,5746,1331895,624,94330,5792,293542,9815,1466363,6409,1759905,California
Orange,2021-05-25,15669,3156823,9232,1724161,5913,1337808,524,94854,5573,289655,9978,1476341,6091,1765996,California
Orange,2021-05-26,15279,3172102,8572,1732733,6207,1344015,500,95354,5620,286206,9559,1485900,6110,1772106,California
Orange,2021-05-27,14429,3186531,8682,1741415,5194,1349209,553,95907,6293,284989,8055,1493955,6838,1778944,California
Orange,2021-05-28,16847,3203378,9933,1751348,6284,1355493,630,96537,7366,283595,9378,1503333,7984,1786928,California
Orange,2021-05-29,9043,3212421,5306,1756654,3378,1358871,359,96896,4082,283133,4898,1508231,4436,1791364,California
Orange,2021-05-30,6055,3218476,3935,1760589,1839,1360710,281,97177,2182,281755,3836,1512067,2458,1793822,California
Orange,2021-05-31,1706,3220182,1059,1761648,600,1361310,47,97224,523,281165,1159,1513226,569,1794391,California
Orange,2021-06-01,13443,3233625,7811,1769459,5136,1366446,496,97720,4991,278319,8325,1521551,5479,1799870,California
Orange,2021-06-02,13052,3246677,8084,1777543,4550,1370996,418,98138,4463,274760,8433,1529984,4874,1804744,California
Orange,2021-06-03,12934,3259611,8929,1786472,3549,1374545,456,98594,4406,271154,8463,1538447,4857,1809601,California
Orange,2021-06-04,17207,3276818,12205,1798677,4424,1378969,578,99172,5265,265137,11857,1550304,5840,1815441,California
Orange,2021-06-05,12982,3289800,9799,1808476,2801,1381770,382,99554,3851,260298,9068,1559372,4229,1819670,California
Orange,2021-06-06,5395,3295195,4585,1813061,607,1382377,203,99757,1826,258781,3546,1562918,2029,1821699,California
Orange,2021-06-07,10814,3306009,7644,1820705,2703,1385080,467,100224,3316,255134,7423,1570341,3776,1825475,California
Orange,2021-06-08,12217,3318226,8798,1829503,2908,1387988,511,100735,3776,251076,8346,1578687,4288,1829763,California
Orange,2021-06-09,11793,3330019,8158,1837661,3177,1391165,458,101193,3314,246449,8394,1587081,3767,1833530,California
Orange,2021-06-10,11620,3341639,8461,1846122,2693,1393858,466,101659,3402,242157,8154,1595235,3862,1837392,California
Orange,2021-06-11,13331,3354970,9387,1855509,3448,1397306,496,102155,4298,238007,8938,1604173,4788,1842180,California
Orange,2021-06-12,9818,3364788,7517,1863026,1983,1399289,318,102473,2995,234554,6766,1610939,3313,1845493,California
Orange,2021-06-13,4078,3368866,2977,1866003,937,1400226,164,102637,1027,232729,3017,1613956,1192,1846685,California
Orange,2021-06-14,9856,3378722,7186,1873189,2210,1402436,460,103097,3251,229891,6547,1620503,3709,1850394,California
Orange,2021-06-15,10215,3388937,7365,1880554,2419,1404855,431,103528,3570,227317,6572,1627075,3998,1854392,California
Orange,2021-06-16,9579,3398516,6878,1887432,2233,1407088,468,103996,3275,224813,6242,1633317,3738,1858130,California
Orange,2021-06-17,9431,3407947,7105,1894537,1956,1409044,370,104366,3347,222510,6019,1639336,3716,1861846,California
Orange,2021-06-18,11251,3419198,8207,1902744,2547,1411591,497,104863,3893,219620,7278,1646614,4388,1866234,California
Orange,2021-06-19,6341,3425539,4714,1907458,1381,1412972,246,105109,2612,218806,3675,1650289,2861,1869095,California
Orange,2021-06-20,3074,3428613,2384,1909842,596,1413568,94,105203,1028,217896,2032,1652321,1122,1870217,California
Orange,2021-06-21,6680,3435293,4584,1914426,1658,1415226,438,105641,3579,218845,3069,1655390,4018,1874235,California
Orange,2021-06-22,7752,3443045,5725,1920151,1673,1416899,354,105995,2953,217428,4725,1660115,3308,1877543,California
Orange,2021-06-23,7404,3450449,5553,1925704,1543,1418442,308,106303,3008,216396,4346,1664461,3314,1880857,California
Orange,2021-06-24,7262,3457711,5433,1931137,1447,1419889,382,106685,3097,215749,4125,1668586,3478,1884335,California
Orange,2021-06-25,8821,3466532,6455,1937592,1985,1421874,381,107066,3385,214127,5383,1673969,3761,1888096,California
Orange,2021-06-26,5959,3472491,4561,1942153,1171,1423045,227,107293,2528,213493,3389,1677358,2755,1890851,California
Orange,2021-06-27,3447,3475938,2795,1944948,540,1423585,112,107405,1484,213149,1941,1679299,1597,1892448,California
Orange,2021-06-28,6305,3482243,5072,1950020,878,1424463,355,107760,2796,212843,3455,1682754,3149,1895597,California
Orange,2021-06-29,6346,3488589,4672,1954692,1420,1425883,254,108014,2617,212036,3679,1686433,2872,1898469,California
Orange,2021-06-30,6248,3494837,4514,1959206,1468,1427351,266,108280,2761,211652,3410,1689843,3026,1901495,California
Orange,2021-07-01,5922,3500759,4540,1963746,1143,1428494,239,108519,2725,211472,3143,1692986,2963,1904458,California
Orange,2021-07-02,7116,3507875,5301,1969047,1494,1429988,321,108840,3105,210913,3981,1696967,3422,1907880,California
Orange,2021-07-03,4073,3511948,2998,1972045,938,1430926,137,108977,1862,210736,2177,1699144,2000,1909880,California
Orange,2021-07-04,339,3512287,218,1972263,107,1431033,14,108991,145,210706,190,1699334,160,1910040,California
Orange,2021-07-05,3850,3516137,2947,1975210,769,1431802,134,109125,1827,210677,1991,1701325,1962,1912002,California
Orange,2021-07-06,6616,3522753,4882,1980092,1412,1433214,322,109447,2539,209515,4020,1705345,2858,1914860,California
Orange,2021-07-07,5564,3528317,4159,1984251,1179,1434393,226,109673,2302,208816,3224,1708569,2525,1917385,California
Orange,2021-07-08,2039,3530356,1535,1985786,345,1434738,159,109832,751,208451,1275,1709844,910,1918295,California
Placer,2020-12-15,30,30,30,30,0,0,0,0,30,30,0,0,30,30,California
Placer,2020-12-16,62,92,62,92,0,0,0,0,62,92,0,0,62,92,California
Placer,2020-12-17,148,240,148,240,0,0,0,0,148,240,0,0,148,240,California
Placer,2020-12-18,429,669,429,669,0,0,0,0,429,669,0,0,429,669,California
Placer,2020-12-19,254,923,254,923,0,0,0,0,254,923,0,0,254,923,California
Placer,2020-12-20,235,1158,235,1158,0,0,0,0,235,1158,0,0,235,1158,California
Placer,2020-12-21,502,1660,500,1658,2,2,0,0,502,1660,0,0,502,1660,California
Placer,2020-12-22,681,2341,674,2332,7,9,0,0,681,2341,0,0,681,2341,California
Placer,2020-12-23,762,3103,673,3005,89,98,0,0,762,3103,0,0,762,3103,California
Placer,2020-12-24,411,3514,357,3362,54,152,0,0,411,3514,0,0,411,3514,California
Placer,2020-12-26,161,3675,116,3478,45,197,0,0,161,3675,0,0,161,3675,California
Placer,2020-12-27,184,3859,161,3639,23,220,0,0,184,3859,0,0,184,3859,California
Placer,2020-12-28,675,4534,547,4186,128,348,0,0,674,4532,1,1,674,4533,California
Placer,2020-12-29,770,5304,517,4703,253,601,0,0,770,5302,0,1,770,5303,California
Placer,2020-12-30,736,6040,461,5164,275,876,0,0,734,6036,0,1,734,6037,California
Placer,2020-12-31,548,6588,360,5524,188,1064,0,0,548,6584,0,1,548,6585,California
Placer,2021-01-01,17,6605,12,5536,5,1069,0,0,17,6601,0,1,17,6602,California
Placer,2021-01-02,187,6792,155,5691,32,1101,0,0,187,6788,0,1,187,6789,California
Placer,2021-01-03,155,6947,80,5771,75,1176,0,0,155,6943,0,1,155,6944,California
Placer,2021-01-04,625,7572,182,5953,443,1619,0,0,625,7568,0,1,625,7569,California
Placer,2021-01-05,739,8311,162,6115,577,2196,0,0,649,8129,89,90,650,8219,California
Placer,2021-01-06,766,9077,248,6363,518,2714,0,0,611,8585,155,245,611,8830,California
Placer,2021-01-07,994,10071,373,6736,621,3335,0,0,765,9122,228,473,765,9595,California
Placer,2021-01-08,1191,11262,532,7268,659,3994,0,0,796,9527,391,864,796,10391,California
Placer,2021-01-09,457,11719,321,7589,136,4130,0,0,240,9551,216,1080,240,10631,California
Placer,2021-01-10,335,12054,187,7776,148,4278,0,0,167,9550,168,1248,167,10798,California
Placer,2021-01-11,1442,13496,818,8594,624,4902,0,0,845,9799,597,1845,846,11644,California
Placer,2021-01-12,1683,15179,897,9491,786,5688,0,0,1066,10250,616,2461,1067,12711,California
Placer,2021-01-13,1661,16840,840,10331,821,6509,0,0,1228,11050,431,2892,1231,13942,California
Placer,2021-01-14,1834,18674,685,11016,1149,7658,0,0,1457,12135,374,3266,1459,15401,California
Placer,2021-01-15,1956,20630,732,11748,1224,8882,0,0,1601,13383,354,3620,1602,17003,California
Placer,2021-01-16,1513,22143,718,12466,795,9677,0,0,1391,14653,122,3742,1392,18395,California
Placer,2021-01-17,577,22720,402,12868,175,9852,0,0,438,14953,138,3880,438,18833,California
Placer,2021-01-18,987,23707,545,13413,442,10294,0,0,751,15469,236,4116,752,19585,California
Placer,2021-01-19,2633,26340,1970,15383,663,10957,0,0,2178,17193,455,4571,2179,21764,California
Placer,2021-01-20,2348,28688,1768,17151,580,11537,0,0,2008,18862,340,4911,2009,23773,California
Placer,2021-01-21,2590,31278,1138,18289,1452,12989,0,0,2184,20643,404,5315,2185,25958,California
Placer,2021-01-22,2356,33634,633,18922,1723,14712,0,0,2176,22642,178,5493,2177,28135,California
Placer,2021-01-23,1207,34841,388,19310,819,15531,0,0,1047,23530,159,5652,1047,29182,California
Placer,2021-01-24,522,35363,274,19584,248,15779,0,0,440,23889,82,5734,441,29623,California
Placer,2021-01-25,1686,37049,807,20391,879,16658,0,0,1389,24982,297,6031,1390,31013,California
Placer,2021-01-26,1891,38940,1048,21439,843,17501,0,0,1617,26326,273,6304,1617,32630,California
Placer,2021-01-27,1865,40805,1171,22610,694,18195,0,0,1614,27692,249,6553,1615,34245,California
Placer,2021-01-28,1822,42627,1123,23733,699,18894,0,0,1571,29014,249,6802,1571,35816,California
Placer,2021-01-29,1939,44566,1182,24915,757,19651,0,0,1736,30550,201,7003,1737,37553,California
Placer,2021-01-30,1747,46313,971,25886,776,20427,0,0,1626,32056,120,7123,1626,39179,California
Placer,2021-01-31,787,47100,626,26512,161,20588,0,0,716,32701,71,7194,716,39895,California
Placer,2021-02-01,2095,49195,1104,27616,991,21579,0,0,1774,34156,319,7513,1774,41669,California
Placer,2021-02-02,2417,51612,1553,29169,864,22443,0,0,1908,35558,506,8019,1908,43577,California
Placer,2021-02-03,2932,54544,1883,31052,1049,23492,0,0,2297,37225,630,8649,2297,45874,California
Placer,2021-02-04,2788,57332,1194,32246,1594,25086,0,0,1944,38331,839,9488,1945,47819,California
Placer,2021-02-05,2818,60150,1283,33529,1535,26621,0,0,1437,38411,1357,10845,1437,49256,California
Placer,2021-02-06,2000,62150,1334,34863,666,27287,0,0,1444,39300,555,11400,1444,50700,California
Placer,2021-02-07,1230,63380,914,35777,316,27603,0,0,938,39947,291,11691,938,51638,California
Placer,2021-02-08,3304,66684,1755,37532,1549,29152,0,0,1956,40582,1322,13013,1957,53595,California
Placer,2021-02-09,3582,70266,2194,39726,1388,30540,0,0,1652,40308,1926,14939,1652,55247,California
Placer,2021-02-10,3795,74061,2217,41943,1578,32118,0,0,1720,39961,2068,17007,1721,56968,California
Placer,2021-02-11,3733,77794,1921,43864,1812,33930,0,0,1582,39409,2135,19142,1583,58551,California
Placer,2021-02-12,2901,80695,1349,45213,1552,35482,0,0,1686,39918,1178,20320,1687,60238,California
Placer,2021-02-13,2627,83322,1473,46686,1154,36636,0,0,1931,41153,696,21016,1931,62169,California
Placer,2021-02-14,1100,84422,687,47373,413,37049,0,0,744,41543,354,21370,744,62913,California
Placer,2021-02-15,2265,86687,1050,48423,1215,38264,0,0,1553,42385,712,22082,1554,64467,California
Placer,2021-02-16,3610,90297,1806,50229,1804,40068,0,0,1604,41994,1996,24078,1605,66072,California
Placer,2021-02-17,3579,93876,1989,52218,1590,41658,0,0,1522,41463,2053,26131,1522,67594,California
Placer,2021-02-18,3858,97734,2081,54299,1777,43435,0,0,1643,40903,2204,28335,1644,69238,California
Placer,2021-02-19,3665,101399,1972,56271,1693,45128,0,0,1365,39981,2289,30624,1367,70605,California
Placer,2021-02-20,2110,103509,1310,57581,800,45928,0,0,947,39777,1156,31780,952,71557,California
Placer,2021-02-21,1180,104689,774,58355,406,46334,0,0,427,39454,751,32531,428,71985,California
Placer,2021-02-22,2624,107313,1837,60192,787,47121,0,0,619,38072,2001,34532,619,72604,California
Placer,2021-02-23,2719,110032,1660,61852,1059,48180,0,0,918,37190,1800,36332,918,73522,California
Placer,2021-02-24,3434,113466,1228,63080,2206,50386,0,0,1846,37463,1575,37907,1848,75370,California
Placer,2021-02-25,3816,117282,1574,64654,2242,52628,0,0,2076,37812,1730,39637,2079,77449,California
Placer,2021-02-26,4293,121575,2463,67117,1830,54458,0,0,2470,38466,1817,41454,2471,79920,California
Placer,2021-02-27,2932,124507,1535,68652,1397,55855,0,0,1514,38569,1413,42867,1516,81436,California
Placer,2021-02-28,1620,126127,879,69531,740,56595,1,1,741,38437,874,43741,742,82178,California
Placer,2021-03-01,3213,129340,2135,71666,1078,57673,0,1,1632,38499,1570,45311,1632,83810,California
Placer,2021-03-02,2932,132272,1802,73468,1130,58803,0,1,1906,39392,1013,46324,1906,85716,California
Placer,2021-03-03,3406,135678,1484,74952,1921,60724,1,2,1864,39726,1532,47856,1866,87582,California
Placer,2021-03-04,3657,139335,1466,76418,2191,62915,0,2,1899,39880,1746,49602,1900,89482,California
Placer,2021-03-05,3027,142362,1037,77455,1969,64884,21,23,1820,40519,1202,50804,1841,91323,California
Placer,2021-03-06,2451,144813,1515,78970,840,65724,96,119,944,40060,1499,52303,1040,92363,California
Placer,2021-03-07,1385,146198,773,79743,554,66278,58,177,559,39854,822,53125,616,92979,California
Placer,2021-03-08,2952,149150,1848,81591,986,67264,118,295,1663,40350,1285,54410,1781,94760,California
Placer,2021-03-09,3217,152367,1709,83300,1415,68679,93,388,1845,40919,1369,55779,1938,96698,California
Placer,2021-03-10,3320,155687,1341,84641,1873,70552,106,494,1728,41167,1586,57365,1834,98532,California
Placer,2021-03-11,3687,159374,1679,86320,1881,72433,127,621,1756,41132,1919,59284,1884,100416,California
Placer,2021-03-12,3719,163093,1497,87817,1442,73875,780,1401,1249,40705,2457,61741,2030,102446,California
Placer,2021-03-13,2221,165314,753,88570,1344,75219,124,1525,1184,40980,1032,62773,1307,103753,California
Placer,2021-03-14,1713,167027,686,89256,878,76097,149,1674,895,41208,816,63589,1044,104797,California
Placer,2021-03-15,3230,170257,1552,90808,1548,77645,130,1804,1773,41659,1453,65042,1904,106701,California
Placer,2021-03-16,3643,173900,1967,92775,1542,79187,134,1938,2313,42788,1319,66361,2448,109149,California
Placer,2021-03-17,3471,177371,1747,94522,1620,80807,104,2042,2228,43882,1239,67600,2333,111482,California
Placer,2021-03-18,4133,181504,2346,96868,1747,82554,40,2082,2869,45534,1255,68855,2907,114389,California
Placer,2021-03-19,3476,184980,2081,98949,1126,83680,269,2351,2162,46659,1303,70158,2428,116817,California
Placer,2021-03-20,2203,187183,908,99857,1196,84876,99,2450,1344,47248,853,71011,1442,118259,California
Placer,2021-03-21,1316,188499,587,100444,719,85595,10,2460,795,47536,517,71528,805,119064,California
Placer,2021-03-22,3329,191828,2133,102577,1105,86700,91,2551,2157,48617,1167,72695,2248,121312,California
Placer,2021-03-23,3593,195421,2125,104702,1380,88080,88,2639,2563,50244,1024,73719,2651,123963,California
Placer,2021-03-24,3812,199233,2008,106710,1707,89787,97,2736,1908,50369,1881,75600,2006,125969,California
Placer,2021-03-25,3882,203115,1875,108585,1906,91693,101,2837,1695,49991,2173,77773,1795,127764,California
Placer,2021-03-26,3789,206904,1674,110259,1883,93576,232,3069,1509,49468,2264,80037,1741,129505,California
Placer,2021-03-27,1641,208545,482,110741,1139,94715,20,3089,638,49129,996,81033,657,130162,California
Placer,2021-03-28,1131,209676,527,111268,594,95309,10,3099,300,48624,815,81848,310,130472,California
Placer,2021-03-29,3583,213259,2002,113270,1545,96854,36,3135,1727,48545,1845,83693,1766,132238,California
Placer,2021-03-30,3981,217240,2091,115361,1846,98700,44,3179,2076,48773,1890,85583,2118,134356,California
Placer,2021-03-31,4128,221368,1838,117199,2215,100915,75,3254,1689,48105,2430,88013,1762,136118,California
Placer,2021-04-01,3011,224379,1450,118649,1513,102428,48,3302,1674,48500,1327,89340,1722,137840,California
Placer,2021-04-02,2860,227239,1454,120103,1339,103767,67,3369,1604,48920,1248,90588,1668,139508,California
Placer,2021-04-03,1866,229105,996,121099,741,104508,129,3498,894,48977,964,91552,1021,140529,California
Placer,2021-04-04,719,229824,367,121466,299,104807,53,3551,284,48884,430,91982,337,140866,California
Placer,2021-04-05,3029,232853,1910,123376,933,105740,186,3737,1753,49555,1268,93250,1939,142805,California
Placer,2021-04-06,4328,237181,2499,125875,1527,107267,302,4039,1533,48604,2785,96035,1834,144639,California
Placer,2021-04-07,4575,241756,2613,128488,1498,108765,464,4503,2087,48670,2481,98516,2547,147186,California
Placer,2021-04-08,4744,246500,2619,131107,1582,110347,543,5046,1589,47660,3142,101658,2132,149318,California
Placer,2021-04-09,4165,250665,2281,133388,1257,111604,627,5673,1251,46635,2904,104562,1879,151197,California
Placer,2021-04-10,2118,252783,887,134275,1047,112651,184,5857,924,46550,1192,105754,1107,152304,California
Placer,2021-04-11,1393,254176,534,134809,826,113477,33,5890,444,46082,944,106698,476,152780,California
Placer,2021-04-12,4142,258318,2662,137471,1091,114568,389,6279,2469,47276,1663,108361,2857,155637,California
Placer,2021-04-13,4373,262691,3008,140479,1364,115932,1,6280,2187,47286,2179,110540,2189,157826,California
Placer,2021-04-14,4180,266871,2597,143076,1582,117514,1,6281,1857,46832,2311,112851,1857,159683,California
Placer,2021-04-15,4525,271396,2519,145595,2005,119519,1,6282,2357,47031,2159,115010,2358,162041,California
Placer,2021-04-16,3718,275114,2204,147799,1514,121033,0,6282,1447,46214,2264,117274,1447,163488,California
Placer,2021-04-17,2647,277761,855,148654,1792,122825,0,6282,1731,47035,910,118184,1731,165219,California
Placer,2021-04-18,1274,279035,302,148956,972,123797,0,6282,442,46647,830,119014,442,165661,California
Placer,2021-04-19,2971,282006,1832,150788,1139,124936,0,6282,1168,46019,1797,120811,1169,166830,California
Placer,2021-04-20,3913,285919,2558,153346,1355,126291,0,6282,2449,47014,1454,122265,2449,169279,California
Placer,2021-04-21,3823,289742,2539,155885,1283,127574,1,6283,2485,48167,1333,123598,2486,171765,California
Placer,2021-04-22,3749,293491,2335,158220,1414,128988,0,6283,1793,48010,1950,125548,1793,173558,California
Placer,2021-04-23,3585,297076,2386,160606,1198,130186,1,6284,1404,47241,2174,127722,1405,174963,California
Placer,2021-04-24,2094,299170,1268,161874,825,131011,1,6285,1226,47609,858,128580,1226,176189,California
Placer,2021-04-25,938,300108,503,162377,435,131446,0,6285,556,47783,382,128962,556,176745,California
Placer,2021-04-26,2515,302623,1360,163737,1131,132577,24,6309,1214,47728,1292,130254,1237,177982,California
Placer,2021-04-27,2797,305420,1482,165219,1265,133842,50,6359,1586,48159,1207,131461,1638,179620,California
Placer,2021-04-28,3060,308480,1914,167133,1109,134951,37,6396,1612,48371,1438,132899,1650,181270,California
Placer,2021-04-29,3448,311928,2251,169384,1144,136095,53,6449,1456,47894,1986,134885,1509,182779,California
Placer,2021-04-30,3044,314972,1850,171234,1147,137242,47,6496,1225,47353,1813,136698,1272,184051,California
Placer,2021-05-01,1345,316317,938,172172,382,137624,25,6521,616,47270,723,137421,640,184691,California
Placer,2021-05-02,737,317054,573,172745,142,137766,22,6543,332,47221,403,137824,354,185045,California
Placer,2021-05-03,1619,318673,999,173744,554,138320,66,6609,443,46559,1170,138994,508,185553,California
Placer,2021-05-04,2369,321042,1360,175104,844,139164,165,6774,877,46116,1485,140479,1042,186595,California
Placer,2021-05-05,3729,324771,2534,177638,1089,140253,106,6880,976,44456,2741,143220,1081,187676,California
Placer,2021-05-06,3114,327885,1908,179546,1130,141383,76,6956,819,43084,2267,145487,895,188571,California
Placer,2021-05-07,2839,330724,1914,181460,832,142215,93,7049,798,41947,2028,147515,891,189462,California
Placer,2021-05-08,1417,332141,740,182200,635,142850,42,7091,417,41406,998,148513,457,189919,California
Placer,2021-05-09,456,332597,223,182423,212,143062,21,7112,212,41395,244,148757,233,190152,California
Placer,2021-05-10,1928,334525,1030,183453,802,143864,96,7208,423,40414,1500,150257,519,190671,California
Placer,2021-05-11,3040,337565,2201,185654,721,144585,118,7326,656,38815,2373,152630,774,191445,California
Placer,2021-05-12,2894,340459,2004,187658,833,145418,57,7383,684,37356,2202,154832,743,192188,California
Placer,2021-05-13,2873,343332,1855,189513,970,146388,48,7431,1011,36554,1860,156692,1058,193246,California
Placer,2021-05-14,2858,346190,1875,191388,847,147235,136,7567,1376,36593,1467,158159,1506,194752,California
Placer,2021-05-15,2107,348297,1367,192755,716,147951,24,7591,936,36389,1164,159323,960,195712,California
Placer,2021-05-16,1199,349496,532,193287,648,148599,19,7610,341,35894,855,160178,360,196072,California
Placer,2021-05-17,2360,351856,1570,194857,713,149312,77,7687,1016,35647,1340,161518,1093,197165,California
Placer,2021-05-18,2516,354372,1684,196541,752,150064,80,7767,1128,35470,1384,162902,1207,198372,California
Placer,2021-05-19,2546,356918,1595,198136,905,150969,46,7813,874,34723,1667,164569,920,199292,California
Placer,2021-05-20,2545,359463,1650,199786,847,151816,48,7861,863,33961,1674,166243,912,200204,California
Placer,2021-05-21,2448,361911,1529,201315,774,152590,145,8006,1053,33770,1387,167630,1196,201400,California
Placer,2021-05-22,1616,363527,1065,202380,509,153099,42,8048,765,33731,846,168476,807,202207,California
Placer,2021-05-23,641,364168,359,202739,266,153365,16,8064,280,33667,361,168837,297,202504,California
Placer,2021-05-24,1516,365684,772,203511,607,153972,137,8201,449,33188,1065,169902,586,203090,California
Placer,2021-05-25,1797,367481,946,204457,751,154723,100,8301,641,32781,1148,171050,741,203831,California
Placer,2021-05-26,1586,369067,908,205365,639,155362,39,8340,613,32466,968,172018,653,204484,California
Placer,2021-05-27,1466,370533,722,206087,698,156060,46,8386,664,32382,794,172812,710,205194,California
Placer,2021-05-28,1709,372242,856,206943,756,156816,97,8483,725,32226,978,173790,822,206016,California
Placer,2021-05-29,754,372996,406,207349,317,157133,31,8514,379,32263,372,174162,409,206425,California
Placer,2021-05-30,343,373339,231,207580,98,157231,14,8528,211,32357,131,174293,225,206650,California
Placer,2021-05-31,148,373487,70,207650,61,157292,17,8545,30,32286,117,174410,46,206696,California
Placer,2021-06-01,1679,375166,884,208534,723,158015,72,8617,592,31867,1082,175492,663,207359,California
Placer,2021-06-02,1506,376672,759,209293,680,158695,67,8684,487,31403,1018,176510,554,207913,California
Placer,2021-06-03,1703,378375,1033,210326,611,159306,59,8743,429,30622,1268,177778,487,208400,California
Placer,2021-06-04,1866,380241,1325,211651,487,159793,54,8797,457,29732,1399,179177,509,208909,California
Placer,2021-06-05,1091,381332,772,212423,278,160071,41,8838,267,29220,820,179997,308,209217,California
Placer,2021-06-06,503,381835,362,212785,124,160195,17,8855,125,28985,377,180374,142,209359,California
Placer,2021-06-07,1052,382887,720,213505,260,160455,72,8927,224,28455,824,181198,294,209653,California
Placer,2021-06-08,1728,384615,1316,214821,363,160818,49,8976,433,27644,1292,182490,481,210134,California
Placer,2021-06-09,1170,385785,847,215668,271,161089,52,9028,257,27045,909,183399,310,210444,California
Placer,2021-06-10,1254,387039,865,216533,314,161403,75,9103,314,26496,936,184335,387,210831,California
Placer,2021-06-11,1487,388526,1071,217604,357,161760,59,9162,340,25752,1142,185477,398,211229,California
Placer,2021-06-12,1016,389542,752,218356,238,161998,26,9188,217,25198,797,186274,243,211472,California
Placer,2021-06-13,394,389936,304,218660,79,162077,11,9199,91,24998,302,186576,102,211574,California
Placer,2021-06-14,768,390704,524,219184,199,162276,45,9244,222,24721,543,187119,266,211840,California
Placer,2021-06-15,1289,391993,859,220043,367,162643,63,9307,420,24337,866,187985,482,212322,California
Placer,2021-06-16,1036,393029,750,220793,231,162874,55,9362,332,24020,703,188688,386,212708,California
Placer,2021-06-17,879,393908,607,221400,235,163109,37,9399,274,23730,601,189289,311,213019,California
Placer,2021-06-18,1153,395061,762,222162,302,163411,89,9488,377,23421,775,190064,466,213485,California
Placer,2021-06-19,610,395671,439,222601,138,163549,33,9521,237,23321,369,190433,269,213754,California
Placer,2021-06-20,282,395953,231,222832,43,163592,8,9529,106,23260,174,190607,113,213867,California
Placer,2021-06-21,491,396444,287,223119,166,163758,38,9567,234,23275,257,190864,272,214139,California
Placer,2021-06-22,879,397323,621,223740,204,163962,54,9621,261,22979,611,191475,315,214454,California
Placer,2021-06-23,841,398164,609,224349,185,164147,47,9668,385,22956,455,191930,432,214886,California
Placer,2021-06-24,819,398983,515,224864,257,164404,47,9715,311,22809,505,192435,358,215244,California
Placer,2021-06-25,935,399918,664,225528,218,164622,53,9768,386,22705,543,192978,439,215683,California
Placer,2021-06-26,541,400459,390,225918,121,164743,30,9798,238,22672,301,193279,268,215951,California
Placer,2021-06-27,249,400708,181,226099,57,164800,11,9809,117,22668,131,193410,127,216078,California
Placer,2021-06-28,487,401195,361,226460,83,164883,43,9852,209,22643,277,193687,252,216330,California
Placer,2021-06-29,827,402022,582,227042,199,165082,46,9898,321,22505,505,194192,367,216697,California
Placer,2021-06-30,598,402620,416,227458,141,165223,41,9939,258,22465,339,194531,299,216996,California
Placer,2021-07-01,550,403170,370,227828,141,165364,39,9978,223,22403,324,194855,262,217258,California
Placer,2021-07-02,667,403837,486,228314,156,165520,25,10003,286,22339,375,195230,311,217569,California
Placer,2021-07-03,303,404140,210,228524,79,165599,14,10017,144,22341,156,195386,158,217727,California
Placer,2021-07-04,16,404156,2,228526,14,165613,0,10017,6,22337,10,195396,6,217733,California
Placer,2021-07-05,391,404547,260,228786,97,165710,34,10051,165,22314,222,195618,199,217932,California
Placer,2021-07-06,826,405373,622,229408,162,165872,42,10093,301,22135,522,196140,343,218275,California
Placer,2021-07-07,549,405922,415,229823,104,165976,30,10123,223,22064,324,196464,253,218528,California
Placer,2021-07-08,285,406207,188,230011,70,166046,27,10150,123,22053,161,196625,150,218678,California
Plumas,2020-12-18,3,3,3,3,0,0,0,0,3,3,0,0,3,3,California
Plumas,2020-12-19,1,4,1,4,0,0,0,0,1,4,0,0,1,4,California
Plumas,2020-12-21,45,49,45,49,0,0,0,0,45,49,0,0,45,49,California
Plumas,2020-12-22,92,141,92,141,0,0,0,0,92,141,0,0,92,141,California
Plumas,2020-12-23,50,191,50,191,0,0,0,0,50,191,0,0,50,191,California
Plumas,2020-12-24,6,197,6,197,0,0,0,0,6,197,0,0,6,197,California
Plumas,2020-12-28,8,205,0,197,8,8,0,0,8,205,0,0,8,205,California
Plumas,2020-12-29,32,237,22,219,10,18,0,0,32,237,0,0,32,237,California
Plumas,2020-12-30,23,260,1,220,22,40,0,0,23,260,0,0,23,260,California
Plumas,2020-12-31,4,264,1,221,3,43,0,0,4,264,0,0,4,264,California
Plumas,2021-01-01,1,265,0,221,1,44,0,0,1,265,0,0,1,265,California
Plumas,2021-01-02,1,266,0,221,1,45,0,0,1,266,0,0,1,266,California
Plumas,2021-01-04,10,276,4,225,6,51,0,0,10,276,0,0,10,276,California
Plumas,2021-01-05,22,298,2,227,20,71,0,0,22,298,0,0,22,298,California
Plumas,2021-01-06,122,420,5,232,117,188,0,0,122,420,0,0,122,420,California
Plumas,2021-01-07,53,473,2,234,51,239,0,0,52,471,1,1,52,472,California
Plumas,2021-01-08,11,484,4,238,7,246,0,0,8,476,3,4,8,480,California
Plumas,2021-01-09,2,486,2,240,0,246,0,0,1,476,1,5,1,481,California
Plumas,2021-01-11,58,544,50,290,8,254,0,0,11,440,47,52,11,492,California
Plumas,2021-01-12,155,699,86,376,69,323,0,0,71,427,84,136,71,563,California
Plumas,2021-01-13,55,754,50,426,5,328,0,0,9,390,46,182,9,572,California
Plumas,2021-01-14,99,853,14,440,85,413,0,0,94,479,5,187,94,666,California
Plumas,2021-01-15,63,916,7,447,56,469,0,0,61,538,2,189,61,727,California
Plumas,2021-01-16,58,974,1,448,57,526,0,0,58,596,0,189,58,785,California
Plumas,2021-01-18,3,977,2,450,1,527,0,0,3,599,0,189,3,788,California
Plumas,2021-01-19,36,1013,5,455,31,558,0,0,32,627,4,193,32,820,California
Plumas,2021-01-20,122,1135,3,458,119,677,0,0,120,745,2,195,120,940,California
Plumas,2021-01-21,112,1247,2,460,110,787,0,0,112,857,0,195,112,1052,California
Plumas,2021-01-22,5,1252,1,461,4,791,0,0,5,862,0,195,5,1057,California
Plumas,2021-01-23,94,1346,2,463,92,883,0,0,94,956,0,195,94,1151,California
Plumas,2021-01-24,1,1347,1,464,0,883,0,0,1,957,0,195,1,1152,California
Plumas,2021-01-25,11,1358,8,472,3,886,0,0,8,962,3,198,8,1160,California
Plumas,2021-01-26,59,1417,2,474,57,943,0,0,51,1005,8,206,51,1211,California
Plumas,2021-01-27,26,1443,20,494,6,949,0,0,6,991,20,226,6,1217,California
Plumas,2021-01-28,24,1467,0,494,24,973,0,0,22,1011,2,228,22,1239,California
Plumas,2021-01-29,9,1476,3,497,6,979,0,0,8,1018,1,229,8,1247,California
Plumas,2021-01-30,11,1487,4,501,7,986,0,0,9,1025,2,231,9,1256,California
Plumas,2021-01-31,3,1490,3,504,0,986,0,0,3,1028,0,231,3,1259,California
Plumas,2021-02-01,23,1513,4,508,19,1005,0,0,15,1035,8,239,15,1274,California
Plumas,2021-02-02,24,1537,4,512,20,1025,0,0,4,1019,20,259,4,1278,California
Plumas,2021-02-03,126,1663,6,518,120,1145,0,0,12,918,113,372,12,1290,California
Plumas,2021-02-04,103,1766,8,526,95,1240,0,0,24,863,79,451,24,1314,California
Plumas,2021-02-05,25,1791,11,537,14,1254,0,0,10,858,15,466,10,1324,California
Plumas,2021-02-06,8,1799,1,538,7,1261,0,0,8,866,0,466,8,1332,California
Plumas,2021-02-08,14,1813,5,543,9,1270,0,0,2,856,12,478,2,1334,California
Plumas,2021-02-09,173,1986,3,546,170,1440,0,0,112,907,61,539,112,1446,California
Plumas,2021-02-10,88,2074,9,555,79,1519,0,0,80,980,8,547,81,1527,California
Plumas,2021-02-11,321,2395,6,561,315,1834,0,0,261,1181,60,607,261,1788,California
Plumas,2021-02-12,126,2521,4,565,122,1956,0,0,120,1295,6,613,120,1908,California
Plumas,2021-02-13,77,2598,6,571,71,2027,0,0,16,1250,61,674,16,1924,California
Plumas,2021-02-14,8,2606,5,576,3,2030,0,0,8,1258,0,674,8,1932,California
Plumas,2021-02-15,26,2632,5,581,21,2051,0,0,23,1278,3,677,23,1955,California
Plumas,2021-02-16,78,2710,4,585,74,2125,0,0,14,1228,64,741,14,1969,California
Plumas,2021-02-17,137,2847,5,590,132,2257,0,0,12,1115,125,866,12,1981,California
Plumas,2021-02-18,129,2976,6,596,123,2380,0,0,20,1027,109,975,21,2002,California
Plumas,2021-02-19,43,3019,6,602,37,2417,0,0,7,998,36,1011,7,2009,California
Plumas,2021-02-20,105,3124,7,609,98,2515,0,0,13,919,92,1103,13,2022,California
Plumas,2021-02-21,6,3130,5,614,1,2516,0,0,2,917,4,1107,2,2024,California
Plumas,2021-02-22,7,3137,3,617,4,2520,0,0,1,912,6,1113,1,2025,California
Plumas,2021-02-23,22,3159,3,620,19,2539,0,0,17,924,5,1118,17,2042,California
Plumas,2021-02-24,466,3625,8,628,458,2997,0,0,453,1364,13,1131,453,2495,California
Plumas,2021-02-25,234,3859,11,639,223,3220,0,0,170,1470,64,1195,170,2665,California
Plumas,2021-02-26,267,4126,9,648,258,3478,0,0,259,1722,8,1203,260,2925,California
Plumas,2021-02-27,42,4168,4,652,38,3516,0,0,35,1750,7,1210,35,2960,California
Plumas,2021-02-28,3,4171,0,652,3,3519,0,0,1,1749,2,1212,1,2961,California
Plumas,2021-03-01,23,4194,6,658,16,3535,1,1,12,1752,10,1222,13,2974,California
Plumas,2021-03-02,10,4204,0,658,10,3545,0,1,7,1757,2,1224,7,2981,California
Plumas,2021-03-03,156,4360,11,669,145,3690,0,1,139,1879,17,1241,139,3120,California
Plumas,2021-03-04,254,4614,8,677,246,3936,0,1,230,2085,24,1265,230,3350,California
Plumas,2021-03-05,399,5013,6,683,388,4324,5,6,387,2465,12,1277,392,3742,California
Plumas,2021-03-06,21,5034,2,685,11,4335,8,14,4,2460,17,1294,12,3754,California
Plumas,2021-03-07,13,5047,2,687,2,4337,9,23,3,2462,10,1304,12,3766,California
Plumas,2021-03-08,30,5077,3,690,3,4340,24,47,3,2463,27,1331,28,3794,California
Plumas,2021-03-09,133,5210,2,692,116,4456,15,62,18,2381,115,1446,33,3827,California
Plumas,2021-03-10,255,5465,3,695,238,4694,14,76,107,2355,147,1593,121,3948,California
Plumas,2021-03-11,178,5643,8,703,165,4859,5,81,142,2466,36,1629,147,4095,California
Plumas,2021-03-12,594,6237,4,707,303,5162,287,368,22,2203,572,2201,309,4404,California
Plumas,2021-03-13,28,6265,5,712,12,5174,11,379,7,2200,21,2222,18,4422,California
Plumas,2021-03-14,12,6277,3,715,4,5178,5,384,1,2196,10,2232,6,4428,California
Plumas,2021-03-15,32,6309,1,716,24,5202,7,391,6,2183,26,2258,13,4441,California
Plumas,2021-03-16,61,6370,3,719,57,5259,1,392,49,2222,11,2269,50,4491,California
Plumas,2021-03-17,76,6446,10,729,65,5324,1,393,59,2266,16,2285,60,4551,California
Plumas,2021-03-18,61,6507,7,736,38,5362,16,409,14,2249,47,2332,30,4581,California
Plumas,2021-03-19,165,6672,7,743,156,5518,2,411,155,2399,8,2340,158,4739,California
Plumas,2021-03-20,700,7372,4,747,695,6213,1,412,678,3058,20,2360,679,5418,California
Plumas,2021-03-21,2,7374,1,748,1,6214,0,412,1,3059,0,2360,1,5419,California
Plumas,2021-03-22,183,7557,2,750,181,6395,0,412,175,3227,7,2367,175,5594,California
Plumas,2021-03-23,28,7585,2,752,26,6421,0,412,14,3227,14,2381,14,5608,California
Plumas,2021-03-24,657,8242,6,758,650,7071,1,413,216,3005,440,2821,218,5826,California
Plumas,2021-03-25,309,8551,6,764,301,7372,2,415,166,3028,143,2964,166,5992,California
Plumas,2021-03-26,314,8865,9,773,305,7677,0,415,46,2807,267,3231,46,6038,California
Plumas,2021-03-27,14,8879,1,774,12,7689,1,416,3,2800,11,3242,4,6042,California
Plumas,2021-03-28,6,8885,3,777,2,7691,1,417,3,2801,3,3245,4,6046,California
Plumas,2021-03-29,12,8897,4,781,7,7698,1,418,4,2798,8,3253,5,6051,California
Plumas,2021-03-30,151,9048,3,784,147,7845,1,419,25,2698,126,3379,26,6077,California
Plumas,2021-03-31,297,9345,4,788,292,8137,1,420,272,2946,25,3404,273,6350,California
Plumas,2021-04-01,310,9655,12,800,297,8434,1,421,67,2773,240,3644,67,6417,California
Plumas,2021-04-02,377,10032,5,805,371,8805,1,422,31,2471,334,3978,32,6449,California
Plumas,2021-04-03,16,10048,3,808,5,8810,8,430,2,2467,14,3992,10,6459,California
Plumas,2021-04-04,3,10051,1,809,1,8811,1,431,0,2465,3,3995,1,6460,California
Plumas,2021-04-05,12,10063,4,813,7,8818,1,432,4,2463,7,4002,5,6465,California
Plumas,2021-04-06,121,10184,6,819,89,8907,26,458,14,2396,106,4108,39,6504,California
Plumas,2021-04-07,284,10468,8,827,99,9006,177,635,29,2347,255,4363,206,6710,California
Plumas,2021-04-08,150,10618,4,831,131,9137,15,650,35,2282,114,4477,49,6759,California
Plumas,2021-04-09,53,10671,11,842,24,9161,18,668,19,2284,34,4511,36,6795,California
Plumas,2021-04-10,25,10696,2,844,6,9167,17,685,5,2286,20,4531,22,6817,California
Plumas,2021-04-11,5,10701,3,847,1,9168,1,686,3,2289,1,4532,4,6821,California
Plumas,2021-04-12,13,10714,5,852,5,9173,3,689,7,2294,5,4537,10,6831,California
Plumas,2021-04-13,212,10926,5,857,207,9380,0,689,142,2366,70,4607,142,6973,California
Plumas,2021-04-14,111,11037,8,865,103,9483,0,689,56,2368,54,4661,56,7029,California
Plumas,2021-04-15,54,11091,3,868,51,9534,0,689,34,2383,19,4680,34,7063,California
Plumas,2021-04-16,142,11233,2,870,140,9674,0,689,2,2245,140,4820,2,7065,California
Plumas,2021-04-17,672,11905,2,872,670,10344,0,689,18,1612,651,5471,18,7083,California
Plumas,2021-04-18,4,11909,3,875,1,10345,0,689,1,1610,3,5474,1,7084,California
Plumas,2021-04-19,38,11947,3,878,35,10380,0,689,5,1582,33,5507,5,7089,California
Plumas,2021-04-20,43,11990,5,883,38,10418,0,689,27,1594,15,5522,27,7116,California
Plumas,2021-04-21,311,12301,5,888,305,10723,1,690,18,1319,293,5815,18,7134,California
Plumas,2021-04-22,276,12577,8,896,268,10991,0,690,126,1295,150,5965,126,7260,California
Plumas,2021-04-23,73,12650,6,902,67,11058,0,690,16,1254,57,6022,16,7276,California
Plumas,2021-04-24,171,12821,5,907,166,11224,0,690,144,1372,26,6048,144,7420,California
Plumas,2021-04-26,30,12851,4,911,26,11250,0,690,8,1359,21,6069,8,7428,California
Plumas,2021-04-27,94,12945,3,914,91,11341,0,690,57,1379,37,6106,57,7485,California
Plumas,2021-04-28,285,13230,4,918,281,11622,0,690,37,1170,246,6352,37,7522,California
Plumas,2021-04-29,172,13402,69,987,103,11725,0,690,118,1234,54,6406,118,7640,California
Plumas,2021-04-30,22,13424,11,998,11,11736,0,690,5,1222,17,6423,5,7645,California
Plumas,2021-05-01,8,13432,1,999,6,11742,1,691,1,1219,5,6428,2,7647,California
Plumas,2021-05-02,3,13435,3,1002,0,11742,0,691,1,1218,2,6430,1,7648,California
Plumas,2021-05-03,20,13455,7,1009,7,11749,6,697,6,1218,12,6442,12,7660,California
Plumas,2021-05-04,33,13488,5,1014,22,11771,6,703,19,1230,13,6455,25,7685,California
Plumas,2021-05-05,50,13538,6,1020,43,11814,1,704,22,1226,27,6482,23,7708,California
Plumas,2021-05-06,61,13599,2,1022,54,11868,5,709,19,1208,42,6524,24,7732,California
Plumas,2021-05-07,22,13621,5,1027,16,11884,1,710,8,1203,14,6538,9,7741,California
Plumas,2021-05-08,6,13627,0,1027,4,11888,2,712,4,1207,2,6540,6,7747,California
Plumas,2021-05-10,51,13678,1,1028,27,11915,23,735,23,1225,28,6568,46,7793,California
Plumas,2021-05-11,164,13842,3,1031,142,12057,19,754,12,1104,152,6720,31,7824,California
Plumas,2021-05-12,100,13942,2,1033,90,12147,8,762,37,1087,62,6782,45,7869,California
Plumas,2021-05-13,36,13978,3,1036,31,12178,2,764,14,1081,22,6804,16,7885,California
Plumas,2021-05-14,20,13998,4,1040,11,12189,5,769,10,1086,10,6814,15,7900,California
Plumas,2021-05-15,10,14008,4,1044,4,12193,2,771,4,1086,6,6820,6,7906,California
Plumas,2021-05-16,2,14010,1,1045,1,12194,0,771,1,1086,1,6821,1,7907,California
Plumas,2021-05-17,14,14024,0,1045,5,12199,9,780,5,1091,9,6830,14,7921,California
Plumas,2021-05-18,44,14068,7,1052,36,12235,1,781,24,1096,20,6850,25,7946,California
Plumas,2021-05-19,47,14115,3,1055,30,12265,14,795,12,1088,35,6885,27,7973,California
Plumas,2021-05-20,191,14306,136,1191,44,12309,11,806,78,1066,111,6996,89,8062,California
Plumas,2021-05-21,29,14335,8,1199,14,12323,7,813,14,1072,15,7011,21,8083,California
Plumas,2021-05-22,137,14472,1,1200,136,12459,0,813,7,951,128,7139,7,8090,California
Plumas,2021-05-23,1,14473,1,1201,0,12459,0,813,0,950,1,7140,0,8090,California
Plumas,2021-05-24,51,14524,37,1238,13,12472,1,814,41,983,9,7149,42,8132,California
Plumas,2021-05-25,68,14592,3,1241,64,12536,1,815,15,946,53,7202,16,8148,California
Plumas,2021-05-26,41,14633,7,1248,27,12563,7,822,17,947,23,7225,24,8172,California
Plumas,2021-05-27,99,14732,25,1273,61,12624,13,835,41,944,57,7282,54,8226,California
Plumas,2021-05-28,42,14774,14,1287,26,12650,2,837,22,949,19,7301,24,8250,California
Plumas,2021-05-29,8,14782,0,1287,8,12658,0,837,6,954,2,7303,7,8257,California
Plumas,2021-05-30,1,14783,0,1287,1,12659,0,837,0,954,0,7303,0,8257,California
Plumas,2021-05-31,7,14790,0,1287,4,12663,3,840,0,952,5,7308,3,8260,California
Plumas,2021-06-01,32,14822,7,1294,20,12683,5,845,9,944,23,7331,15,8275,California
Plumas,2021-06-02,59,14881,6,1300,31,12714,22,867,10,927,49,7380,32,8307,California
Plumas,2021-06-03,66,14947,17,1317,39,12753,10,877,27,925,39,7419,37,8344,California
Plumas,2021-06-04,15,14962,3,1320,11,12764,1,878,8,929,5,7424,9,8353,California
Plumas,2021-06-05,7,14969,3,1323,4,12768,0,878,2,926,5,7429,2,8355,California
Plumas,2021-06-06,2,14971,1,1324,1,12769,0,878,0,924,2,7431,0,8355,California
Plumas,2021-06-07,37,15008,5,1329,25,12794,7,885,9,912,28,7459,16,8371,California
Plumas,2021-06-08,28,15036,9,1338,17,12811,2,887,6,898,22,7481,8,8379,California
Plumas,2021-06-09,42,15078,5,1343,34,12845,3,890,9,877,33,7514,12,8391,California
Plumas,2021-06-10,36,15114,15,1358,17,12862,4,894,11,869,23,7537,15,8406,California
Plumas,2021-06-11,25,15139,13,1371,9,12871,3,897,8,863,17,7554,11,8417,California
Plumas,2021-06-12,11,15150,3,1374,7,12878,1,898,6,865,5,7559,7,8424,California
Plumas,2021-06-13,3,15153,1,1375,2,12880,0,898,3,868,0,7559,3,8427,California
Plumas,2021-06-14,97,15250,88,1463,6,12886,3,901,13,800,84,7643,16,8443,California
Plumas,2021-06-15,29,15279,7,1470,20,12906,2,903,9,791,20,7663,11,8454,California
Plumas,2021-06-16,33,15312,11,1481,13,12919,9,912,9,785,24,7687,18,8472,California
Plumas,2021-06-17,49,15361,30,1511,15,12934,4,916,11,763,37,7724,15,8487,California
Plumas,2021-06-18,39,15400,17,1528,14,12948,8,924,13,757,26,7750,20,8507,California
Plumas,2021-06-19,9,15409,2,1530,7,12955,0,924,2,752,7,7757,2,8509,California
Plumas,2021-06-21,9,15418,4,1534,4,12959,1,925,5,754,4,7761,6,8515,California
Plumas,2021-06-22,29,15447,11,1545,16,12975,2,927,9,745,20,7781,11,8526,California
Plumas,2021-06-23,27,15474,15,1560,9,12984,3,930,15,751,12,7793,18,8544,California
Plumas,2021-06-24,30,15504,19,1579,8,12992,3,933,14,752,15,7808,16,8560,California
Plumas,2021-06-25,22,15526,9,1588,11,13003,2,935,8,750,12,7820,10,8570,California
Plumas,2021-06-26,13,15539,4,1592,8,13011,1,936,3,744,10,7830,4,8574,California
Plumas,2021-06-28,10,15549,4,1596,2,13013,4,940,2,742,8,7838,6,8580,California
Plumas,2021-06-29,24,15573,16,1612,7,13020,1,941,11,741,13,7851,12,8592,California
Plumas,2021-06-30,22,15595,9,1621,9,13029,4,945,8,739,14,7865,12,8604,California
Plumas,2021-07-01,43,15638,29,1650,10,13039,4,949,22,744,21,7886,26,8630,California
Plumas,2021-07-02,17,15655,13,1663,4,13043,0,949,4,735,13,7899,4,8634,California
Plumas,2021-07-03,1,15656,0,1663,1,13044,0,949,1,736,0,7899,1,8635,California
Plumas,2021-07-06,28,15684,17,1680,8,13052,3,952,10,730,18,7917,12,8647,California
Plumas,2021-07-07,20,15704,12,1692,7,13059,1,953,10,731,10,7927,11,8658,California
Plumas,2021-07-08,26,15730,7,1699,10,13069,9,962,10,734,16,7943,19,8677,California
Riverside,2020-12-15,7,7,7,7,0,0,0,0,7,7,0,0,7,7,California
Riverside,2020-12-16,96,103,96,103,0,0,0,0,96,103,0,0,96,103,California
Riverside,2020-12-17,834,937,834,937,0,0,0,0,834,937,0,0,834,937,California
Riverside,2020-12-18,1781,2718,1780,2717,1,1,0,0,1781,2718,0,0,1781,2718,California
Riverside,2020-12-19,1055,3773,1052,3769,3,4,0,0,1053,3770,1,1,1053,3771,California
Riverside,2020-12-20,1114,4887,1113,4882,1,5,0,0,1114,4884,0,1,1114,4885,California
Riverside,2020-12-21,2344,7231,2342,7224,2,7,0,0,2344,7228,0,1,2344,7229,California
Riverside,2020-12-22,2299,9530,2252,9476,47,54,0,0,2298,9526,0,1,2298,9527,California
Riverside,2020-12-23,2164,11694,1820,11296,344,398,0,0,2165,11691,0,1,2165,11692,California
Riverside,2020-12-24,860,12554,655,11951,205,603,0,0,860,12551,0,1,860,12552,California
Riverside,2020-12-25,41,12595,18,11969,23,626,0,0,40,12591,0,1,40,12592,California
Riverside,2020-12-26,490,13085,270,12239,220,846,0,0,490,13081,0,1,490,13082,California
Riverside,2020-12-27,398,13483,268,12507,130,976,0,0,397,13477,1,2,397,13479,California
Riverside,2020-12-28,1712,15195,1191,13698,521,1497,0,0,1712,15189,0,2,1712,15191,California
Riverside,2020-12-29,1810,17005,1024,14722,786,2283,0,0,1810,16999,0,2,1810,17001,California
Riverside,2020-12-30,2654,19659,1723,16445,931,3214,0,0,2652,19650,1,3,2652,19653,California
Riverside,2020-12-31,1081,20740,422,16867,659,3873,0,0,1082,20731,1,4,1082,20735,California
Riverside,2021-01-01,130,20870,58,16925,72,3945,0,0,130,20861,0,4,130,20865,California
Riverside,2021-01-02,897,21767,709,17634,188,4133,0,0,897,21758,0,4,897,21762,California
Riverside,2021-01-03,364,22131,306,17940,58,4191,0,0,363,22121,0,4,363,22125,California
Riverside,2021-01-04,1308,23439,813,18753,495,4686,0,0,1307,23428,0,4,1307,23432,California
Riverside,2021-01-05,2060,25499,1415,20168,645,5331,0,0,1937,25249,116,120,1937,25369,California
Riverside,2021-01-06,2598,28097,1160,21328,1438,6769,0,0,2255,27167,337,457,2255,27624,California
Riverside,2021-01-07,2885,30982,1884,23212,1001,7770,0,0,1772,27837,1105,1562,1775,29399,California
Riverside,2021-01-08,4127,35109,2981,26193,1146,8916,0,0,2263,28241,1859,3421,2263,31662,California
Riverside,2021-01-09,2139,37248,879,27072,1260,10176,0,0,1761,29626,376,3797,1761,33423,California
Riverside,2021-01-10,1696,38944,751,27823,945,11121,0,0,1080,30090,616,4413,1080,34503,California
Riverside,2021-01-11,4633,43577,3168,30991,1465,12586,0,0,2848,31155,1783,6196,2848,37351,California
Riverside,2021-01-12,3539,47116,2797,33788,742,13328,0,0,1821,31266,1713,7909,1824,39175,California
Riverside,2021-01-13,4591,51707,3002,36790,1589,14917,0,0,2946,32571,1641,9550,2946,42121,California
Riverside,2021-01-14,5799,57506,2053,38843,3746,18663,0,0,5169,37114,628,10178,5171,47292,California
Riverside,2021-01-15,6290,63796,2111,40954,4179,22842,0,0,5954,42735,334,10512,5955,53247,California
Riverside,2021-01-16,3727,67523,1038,41992,2689,25531,0,0,3464,45937,263,10775,3465,56712,California
Riverside,2021-01-17,3665,71188,605,42597,3060,28591,0,0,3456,49186,207,10982,3456,60168,California
Riverside,2021-01-18,3865,75053,2105,44702,1760,30351,0,0,2817,50957,1047,12029,2818,62986,California
Riverside,2021-01-19,7534,82587,2678,47380,4856,35207,0,0,6387,56203,1146,13175,6392,69378,California
Riverside,2021-01-20,8473,91060,3265,50645,5208,40415,0,0,6798,61345,1662,14837,6804,76182,California
Riverside,2021-01-21,8567,99627,3575,54220,4992,45407,0,0,7861,68500,707,15544,7862,84044,California
Riverside,2021-01-22,8977,108604,3056,57276,5921,51328,0,0,8499,76525,476,16020,8501,92545,California
Riverside,2021-01-23,6074,114678,2358,59634,3716,55044,0,0,5263,80978,811,16831,5264,97809,California
Riverside,2021-01-24,3119,117797,1441,61075,1678,56722,0,0,2893,83650,222,17053,2894,100703,California
Riverside,2021-01-25,8035,125832,4596,65671,3439,60161,0,0,6864,89348,1168,18221,6866,107569,California
Riverside,2021-01-26,9235,135067,5719,71390,3516,63677,0,0,7696,95509,1536,19757,7697,115266,California
Riverside,2021-01-27,11129,146196,6421,77811,4708,68385,0,0,9480,103349,1643,21400,9483,124749,California
Riverside,2021-01-28,11722,157918,6803,84614,4919,73304,0,0,10520,112678,1194,22594,10523,135272,California
Riverside,2021-01-29,12095,170013,7302,91916,4793,78097,0,0,10696,122005,1375,23969,10702,145974,California
Riverside,2021-01-30,9188,179201,4614,96530,4574,82671,0,0,8683,130188,501,24470,8684,154658,California
Riverside,2021-01-31,5189,184390,4221,100751,968,83639,0,0,5044,135094,143,24613,5049,159707,California
Riverside,2021-02-01,11507,195897,7166,107917,4341,87980,0,0,9479,142558,2019,26632,9483,169190,California
Riverside,2021-02-02,9848,205745,5025,112942,4823,92803,0,0,8296,149322,1538,28170,8302,177492,California
Riverside,2021-02-03,12406,218151,5172,118114,7234,100037,0,0,9942,156815,2454,30624,9947,187439,California
Riverside,2021-02-04,13758,231909,6045,124159,7713,107750,0,0,11580,166236,2167,32791,11588,199027,California
Riverside,2021-02-05,14684,246593,5555,129714,9129,116879,0,0,11424,174417,3251,36042,11432,210459,California
Riverside,2021-02-06,7356,253949,4278,133992,3078,119957,0,0,5684,178444,1661,37703,5688,216147,California
Riverside,2021-02-07,2231,256180,816,134808,1415,121372,0,0,1890,180002,339,38042,1897,218044,California
Riverside,2021-02-08,12607,268787,5583,140391,7024,128396,0,0,10211,187849,2378,40420,10225,228269,California
Riverside,2021-02-09,9827,278614,4564,144955,5263,133659,0,0,7788,193636,2022,42442,7809,236078,California
Riverside,2021-02-10,12271,290885,7013,151968,5258,138917,0,0,8964,199325,3294,45736,8983,245061,California
Riverside,2021-02-11,16888,307773,9095,161063,7793,146710,0,0,12201,206900,4663,50399,12238,257299,California
Riverside,2021-02-12,18067,325840,10922,171985,7145,153855,0,0,12951,214814,5065,55464,12979,270278,California
Riverside,2021-02-13,6444,332284,2175,174160,4269,158124,0,0,3110,214636,3319,58783,3141,273419,California
Riverside,2021-02-14,5042,337326,1187,175347,3855,161979,0,0,2260,214133,2776,61559,2273,275692,California
Riverside,2021-02-15,10026,347352,5126,180473,4900,166879,0,0,5528,215196,4482,66041,5545,281237,California
Riverside,2021-02-16,16388,363740,10229,190702,6159,173038,0,0,9401,217649,6974,73015,9427,290664,California
Riverside,2021-02-17,15380,379120,8423,199125,6957,179995,0,0,7624,217588,7740,80755,7679,298343,California
Riverside,2021-02-18,15789,394909,9053,208178,6736,186731,0,0,8107,218083,7655,88410,8150,306493,California
Riverside,2021-02-19,15696,410605,8426,216604,7270,194001,0,0,7387,217222,8276,96686,7415,313908,California
Riverside,2021-02-20,8586,419191,4636,221240,3950,197951,0,0,2255,213178,6309,102995,2265,316173,California
Riverside,2021-02-21,4591,423782,4048,225288,543,198494,0,0,1298,211220,3268,106263,1310,317483,California
Riverside,2021-02-22,12925,436707,8187,233475,4738,203232,0,0,5116,208563,7785,114048,5128,322611,California
Riverside,2021-02-23,11738,448445,7962,241437,3776,207008,0,0,5680,208252,6021,120069,5710,328321,California
Riverside,2021-02-24,15477,463922,8462,249899,7015,214023,0,0,6522,205929,8902,128971,6579,334900,California
Riverside,2021-02-25,17919,481841,7666,257565,10253,224276,0,0,8270,204653,9616,138587,8340,343240,California
Riverside,2021-02-26,19056,500897,6893,264458,12163,236439,0,0,9481,204696,9504,148091,9547,352787,California
Riverside,2021-02-27,12314,513211,5722,270180,6592,243031,0,0,5862,204199,6416,154507,5919,358706,California
Riverside,2021-02-28,5006,518217,3293,273473,1713,244744,0,0,2483,204204,2509,157016,2514,361220,California
Riverside,2021-03-01,14524,532741,6193,279666,8325,253069,6,6,8528,206841,5948,162964,8585,369805,California
Riverside,2021-03-02,15618,548359,7632,287298,7985,261054,1,7,9117,209542,6471,169435,9172,378977,California
Riverside,2021-03-03,17297,565656,8564,295862,8733,269787,0,7,7531,207524,9710,179145,7692,386669,California
Riverside,2021-03-04,19049,584705,7586,303448,11459,281246,4,11,9074,206874,9924,189069,9274,395943,California
Riverside,2021-03-05,19177,603882,7722,311170,11408,292654,47,58,9456,207026,9667,198736,9819,405762,California
Riverside,2021-03-06,9657,613539,5107,316277,4065,296719,485,543,4780,207480,4860,203596,5314,411076,California
Riverside,2021-03-07,4460,617999,2816,319093,1182,297901,462,1005,2061,207652,2386,205982,2558,413634,California
Riverside,2021-03-08,12213,630212,4851,323944,6930,304831,432,1437,5445,206865,6744,212726,5957,419591,California
Riverside,2021-03-09,15057,645269,7019,330963,7519,312350,519,1956,5958,204419,9075,221801,6629,426220,California
Riverside,2021-03-10,16183,661452,8682,339645,6562,318912,939,2895,6272,201950,9864,231665,7395,433615,California
Riverside,2021-03-11,19603,681055,9587,349232,8137,327049,1879,4774,7648,199792,11910,243575,9752,443367,California
Riverside,2021-03-12,21365,702420,8002,357234,8606,335655,4757,9531,7048,197656,14271,257846,12135,455502,California
Riverside,2021-03-13,8618,711038,2580,359814,4803,340458,1235,10766,4386,199176,4205,262051,5725,461227,California
Riverside,2021-03-14,4836,715874,1668,361482,1794,342252,1374,12140,2112,199962,2708,264759,3494,464721,California
Riverside,2021-03-15,18790,734664,7922,369404,9196,351448,1672,13812,9134,201277,9608,274367,10923,475644,California
Riverside,2021-03-16,21118,755782,10281,379685,10017,361465,820,14632,11362,203861,9710,284077,12294,487938,California
Riverside,2021-03-17,21593,777375,11083,390768,9444,370909,1066,15698,12870,209191,8674,292751,14004,501942,California
Riverside,2021-03-18,23117,800492,11983,402751,9456,380365,1678,17376,12650,213127,10407,303158,14343,516285,California
Riverside,2021-03-19,24324,824816,12769,415520,10579,390944,976,18352,14103,218415,10159,313317,15447,531732,California
Riverside,2021-03-20,10938,835754,6953,422473,2774,393718,1211,19563,6967,222674,3931,317248,8190,539922,California
Riverside,2021-03-21,3929,839683,3030,425503,622,394340,277,19840,2603,224259,1302,318550,2887,542809,California
Riverside,2021-03-22,16793,856476,10016,435519,6223,400563,554,20394,10580,229245,6150,324700,11136,553945,California
Riverside,2021-03-23,18779,875255,10611,446130,7745,408308,423,20817,11921,234822,6794,331494,12371,566316,California
Riverside,2021-03-24,18896,894151,10520,456650,8254,416562,122,20939,12832,241795,6006,337500,12979,579295,California
Riverside,2021-03-25,21292,915443,11733,468383,9372,425934,187,21126,14140,249069,7070,344570,14344,593639,California
Riverside,2021-03-26,24294,939737,11997,480380,12121,438055,176,21302,15026,255131,9155,353725,15217,608856,California
Riverside,2021-03-27,9396,949133,4914,485294,3428,441483,1054,22356,4839,256503,4527,358252,5899,614755,California
Riverside,2021-03-28,4822,953955,3161,488455,1566,443049,95,22451,2852,257497,1957,360209,2951,617706,California
Riverside,2021-03-29,17768,971723,8478,496933,9163,452212,127,22578,10932,261790,6787,366996,11080,628786,California
Riverside,2021-03-30,18463,990186,9613,506546,8639,460851,211,22789,11728,267044,6690,373686,11944,640730,California
Riverside,2021-03-31,18253,1008439,8480,515026,9446,470297,327,23116,11372,271927,6828,380514,11711,652441,California
Riverside,2021-04-01,25740,1034179,12569,527595,12367,482664,804,23920,16505,280093,9147,389661,17313,669754,California
Riverside,2021-04-02,26269,1060448,14107,541702,11177,493841,985,24905,16393,287883,9810,399471,17600,687354,California
Riverside,2021-04-03,9459,1069907,5993,547695,2850,496691,616,25521,6069,291197,3368,402839,6682,694036,California
Riverside,2021-04-04,3440,1073347,2080,549775,1093,497784,267,25788,1712,291464,1714,404553,1981,696017,California
Riverside,2021-04-05,18650,1091997,9506,559281,7251,505035,1893,27681,9973,294706,8631,413184,11873,707890,California
Riverside,2021-04-06,23950,1115947,12445,571726,9334,514369,2171,29852,13339,299647,10559,423743,15500,723390,California
Riverside,2021-04-07,25062,1141009,13478,585204,9043,523412,2541,32393,13910,305000,11096,434839,16449,739839,California
Riverside,2021-04-08,27664,1168673,15250,600454,9369,532781,3045,35438,16825,314091,10765,445604,19856,759695,California
Riverside,2021-04-09,26542,1195215,15588,616042,8430,541211,2524,37962,16133,322425,10354,455958,18688,778383,California
Riverside,2021-04-10,12159,1207374,6808,622850,3925,545136,1426,39388,5317,322367,6794,462752,6736,785119,California
Riverside,2021-04-11,4692,1212066,2790,625640,1263,546399,639,40027,2197,322728,2479,465231,2840,787959,California
Riverside,2021-04-12,20282,1232348,9033,634673,8582,554981,2667,42694,10136,325434,10102,475333,12808,800767,California
Riverside,2021-04-13,20260,1252608,11342,646015,8890,563871,28,42722,11597,328447,8620,483953,11633,812400,California
Riverside,2021-04-14,22499,1275107,12407,658422,10077,573948,15,42737,11026,328109,11401,495354,11063,823463,California
Riverside,2021-04-15,22307,1297414,12618,671040,9681,583629,8,42745,11775,329444,10459,505813,11794,835257,California
Riverside,2021-04-16,25437,1322851,14690,685730,10741,594370,6,42751,11817,327724,13556,519369,11836,847093,California
Riverside,2021-04-17,10018,1332869,6609,692339,3409,597779,0,42751,5018,327780,4972,524341,5028,852121,California
Riverside,2021-04-18,4225,1337094,3142,695481,1076,598855,7,42758,1956,327502,2251,526592,1973,854094,California
Riverside,2021-04-19,19761,1356855,11742,707223,8016,606871,3,42761,7106,322023,12601,539193,7122,861216,California
Riverside,2021-04-20,19577,1376432,10552,717775,9016,615887,9,42770,7980,318473,11546,550739,7996,869212,California
Riverside,2021-04-21,20894,1397326,12353,730128,8531,624418,10,42780,8401,314484,12412,563151,8423,877635,California
Riverside,2021-04-22,23907,1421233,14121,744249,9782,634200,4,42784,8957,308580,14876,578027,8972,886607,California
Riverside,2021-04-23,23844,1445077,14166,758415,9664,643864,14,42798,9343,303522,14437,592464,9379,895986,California
Riverside,2021-04-24,10544,1455621,7329,765744,3206,647070,9,42807,4830,302692,5672,598136,4842,900828,California
Riverside,2021-04-25,4250,1459871,2823,768567,1420,648490,7,42814,2198,302866,2033,600169,2207,903035,California
Riverside,2021-04-26,17400,1477271,10948,779515,6393,654883,59,42873,5925,297437,11429,611598,6000,909035,California
Riverside,2021-04-27,18627,1495898,10699,790214,7720,662603,208,43081,6496,292066,12083,623681,6712,915747,California
Riverside,2021-04-28,16928,1512826,9236,799450,7426,670029,266,43347,5755,286989,11108,634789,6031,921778,California
Riverside,2021-04-29,19157,1531983,11818,811268,6986,677015,353,43700,5575,279408,13508,648297,5927,927705,California
Riverside,2021-04-30,20347,1552330,11864,823132,8094,685109,389,44089,6661,272834,13625,661922,7051,934756,California
Riverside,2021-05-01,6892,1559222,4943,828075,1764,686873,185,44274,2366,270890,4494,666416,2550,937306,California
Riverside,2021-05-02,3398,1562620,2221,830296,968,687841,209,44483,1097,269922,2281,668697,1313,938619,California
Riverside,2021-05-03,18069,1580689,11098,841394,6476,694317,495,44978,4181,260777,13819,682516,4674,943293,California
Riverside,2021-05-04,17778,1598467,11384,852778,5930,700247,464,45442,5007,253563,12697,695213,5483,948776,California
Riverside,2021-05-05,16354,1614821,9434,862212,6547,706794,373,45815,4725,247111,11571,706784,5119,953895,California
Riverside,2021-05-06,18358,1633179,10451,872663,7492,714286,415,46230,4710,238708,13568,720352,5165,959060,California
Riverside,2021-05-07,20790,1653969,11894,884557,8449,722735,447,46677,5529,229513,15174,735526,5979,965039,California
Riverside,2021-05-08,7110,1661079,4727,889284,2121,724856,262,46939,2657,228025,4415,739941,2927,967966,California
Riverside,2021-05-09,2502,1663581,1698,890982,650,725506,154,47093,926,227546,1567,741508,1088,969054,California
Riverside,2021-05-10,10145,1673726,5203,896185,4546,730052,396,47489,2862,223575,7233,748741,3262,972316,California
Riverside,2021-05-11,14357,1688083,8757,904942,5072,735124,528,48017,4015,217879,10255,758996,4559,976875,California
Riverside,2021-05-12,13065,1701148,6717,911659,6015,741139,333,48350,3933,213066,9079,768075,4266,981141,California
Riverside,2021-05-13,15256,1716404,9338,920997,5634,746773,284,48634,5406,208972,9797,777872,5703,986844,California
Riverside,2021-05-14,18263,1734667,11575,932572,5892,752665,796,49430,7111,205797,11080,788952,7905,994749,California
Riverside,2021-05-15,9914,1744581,7139,939711,2376,755041,399,49829,5102,206518,4778,793730,5499,1000248,California
Riverside,2021-05-16,3723,1748304,2761,942472,844,755885,118,49947,1866,206658,1843,795573,1983,1002231,California
Riverside,2021-05-17,11817,1760121,7607,950079,3855,759740,355,50302,5089,205413,6694,802267,5449,1007680,California
Riverside,2021-05-18,15253,1775374,9478,959557,5416,765156,359,50661,6159,202885,9046,811313,6518,1014198,California
Riverside,2021-05-19,12237,1787611,7742,967299,4250,769406,245,50906,5897,202742,6289,817602,6146,1020344,California
Riverside,2021-05-20,11949,1799560,7507,974806,4182,773588,260,51166,5318,201741,6583,824185,5582,1025926,California
Riverside,2021-05-21,14477,1814037,8924,983730,5229,778817,324,51490,6056,199771,8352,832537,6382,1032308,California
Riverside,2021-05-22,7250,1821287,4909,988639,2144,780961,197,51687,3884,200529,3324,835861,4082,1036390,California
Riverside,2021-05-23,2755,1824042,1846,990485,832,781793,77,51764,1296,200458,1443,837304,1372,1037762,California
Riverside,2021-05-24,8882,1832924,5809,996294,2759,784552,314,52078,3966,199852,4885,842189,4279,1042041,California
Riverside,2021-05-25,9733,1842657,5795,1002089,3664,788216,274,52352,3876,198185,5819,848008,4152,1046193,California
Riverside,2021-05-26,8923,1851580,5533,1007622,3060,791276,330,52682,3897,197443,4975,852983,4233,1050426,California
Riverside,2021-05-27,8569,1860149,5129,1012751,3203,794479,237,52919,3878,196924,4639,857622,4120,1054546,California
Riverside,2021-05-28,10783,1870932,6525,1019276,3943,798422,315,53234,4965,196456,5755,863377,5287,1059833,California
Riverside,2021-05-29,5051,1875983,3436,1022712,1488,799910,127,53361,2819,197196,2208,865585,2948,1062781,California
Riverside,2021-05-30,1969,1877952,1420,1024132,481,800391,68,53429,1017,197336,945,866530,1085,1063866,California
Riverside,2021-05-31,876,1878828,497,1024629,346,800737,33,53462,335,197167,537,867067,368,1064234,California
Riverside,2021-06-01,9177,1888005,5665,1030294,3275,804012,237,53699,3446,195169,5678,872745,3680,1067914,California
Riverside,2021-06-02,7138,1895143,4350,1034644,2510,806522,278,53977,2743,193841,4351,877096,3023,1070937,California
Riverside,2021-06-03,7966,1903109,5296,1039940,2398,808920,272,54249,2729,191645,5193,882289,2997,1073934,California
Riverside,2021-06-04,10742,1913851,7657,1047597,2826,811746,259,54508,3720,188658,6968,889257,3981,1077915,California
Riverside,2021-06-05,6987,1920838,5156,1052753,1285,813031,546,55054,2196,186636,4767,894024,2745,1080660,California
Riverside,2021-06-06,2221,1923059,1885,1054638,285,813316,51,55105,685,185846,1527,895551,737,1081397,California
Riverside,2021-06-07,6941,1930000,5264,1059902,1445,814761,232,55337,2274,183717,4635,900186,2506,1083903,California
Riverside,2021-06-08,9066,1939066,6562,1066464,2230,816991,274,55611,2965,180912,6046,906232,3241,1087144,California
Riverside,2021-06-09,7760,1946826,5643,1072107,1820,818811,297,55908,2367,178227,5346,911578,2661,1089805,California
Riverside,2021-06-10,7605,1954431,5358,1077465,2012,820823,235,56143,2369,175628,5207,916785,2608,1092413,California
Riverside,2021-06-11,8893,1963324,6031,1083496,2569,823392,293,56436,3006,173100,5826,922611,3298,1095711,California
Riverside,2021-06-12,5355,1968679,3958,1087454,1269,824661,128,56564,1661,171234,3661,926272,1795,1097506,California
Riverside,2021-06-13,1798,1970477,1338,1088792,416,825077,44,56608,495,170483,1290,927562,539,1098045,California
Riverside,2021-06-14,6381,1976858,4569,1093361,1506,826583,306,56914,2098,168633,4251,931813,2401,1100446,California
Riverside,2021-06-15,7088,1983946,4830,1098191,1947,828530,311,57225,2649,167208,4390,936203,2965,1103411,California
Riverside,2021-06-16,6840,1990786,4713,1102904,1812,830342,315,57540,2410,165545,4386,940589,2723,1106134,California
Riverside,2021-06-17,6414,1997200,4494,1107398,1679,832021,241,57781,2392,164196,3988,944577,2639,1108773,California
Riverside,2021-06-18,8172,2005372,5907,1113305,1988,834009,277,58058,3334,163021,4791,949368,3616,1112389,California
Riverside,2021-06-19,4276,2009648,3278,1116583,844,834853,154,58212,1782,162491,2471,951839,1941,1114330,California
Riverside,2021-06-20,1499,2011147,1137,1117720,325,835178,37,58249,575,162189,915,952754,613,1114943,California
Riverside,2021-06-21,4263,2015410,2819,1120539,1164,836342,280,58529,2198,162620,2047,954801,2478,1117421,California
Riverside,2021-06-22,6348,2021758,4476,1125015,1621,837963,251,58780,2727,162020,3582,958383,2982,1120403,California
Riverside,2021-06-23,5555,2027313,3941,1128956,1355,839318,259,59039,2577,161913,2943,961326,2836,1123239,California
Riverside,2021-06-24,5387,2032700,3691,1132647,1454,840772,242,59281,2346,161496,3006,964332,2589,1125828,California
Riverside,2021-06-25,6809,2039509,4883,1137530,1645,842417,281,59562,2939,160883,3837,968169,3224,1129052,California
Riverside,2021-06-26,3802,2043311,2927,1140457,749,843166,126,59688,1747,160723,2033,970202,1873,1130925,California
Riverside,2021-06-27,1499,2044810,1208,1141665,246,843412,45,59733,692,160664,796,970998,737,1131662,California
Riverside,2021-06-28,4273,2049083,3329,1144994,721,844133,223,59956,2002,160651,2242,973240,2229,1133891,California
Riverside,2021-06-29,5629,2054712,4172,1149166,1280,845413,177,60133,2573,160384,3019,976259,2752,1136643,California
Riverside,2021-06-30,4972,2059684,3668,1152834,1133,846546,171,60304,2414,160478,2489,978748,2583,1139226,California
Riverside,2021-07-01,4717,2064401,3285,1156119,1129,847675,303,60607,2206,160512,2481,981229,2515,1141741,California
Riverside,2021-07-02,5736,2070137,4262,1160381,1276,848951,198,60805,2740,160494,2955,984184,2937,1144678,California
Riverside,2021-07-03,2866,2073003,2146,1162527,640,849591,80,60885,1412,160564,1423,985607,1493,1146171,California
Riverside,2021-07-04,242,2073245,139,1162666,95,849686,8,60893,96,160524,144,985751,104,1146275,California
Riverside,2021-07-05,2569,2075814,2008,1164674,501,850187,60,60953,1252,160528,1308,987059,1312,1147587,California
Riverside,2021-07-06,5479,2081293,4056,1168730,1205,851392,218,61171,2237,159788,3196,990255,2456,1150043,California
Riverside,2021-07-07,4444,2085737,3286,1172016,961,852353,197,61368,1980,159537,2431,992686,2180,1152223,California
Riverside,2021-07-08,1934,2087671,1255,1173271,521,852874,158,61526,882,159530,1044,993730,1037,1153260,California
Sacramento,2020-12-15,315,315,315,315,0,0,0,0,315,315,0,0,315,315,California
Sacramento,2020-12-16,683,998,683,998,0,0,0,0,683,998,0,0,683,998,California
Sacramento,2020-12-17,722,1720,722,1720,0,0,0,0,722,1720,0,0,722,1720,California
Sacramento,2020-12-18,1128,2848,1127,2847,1,1,0,0,1128,2848,0,0,1128,2848,California
Sacramento,2020-12-19,625,3473,625,3472,0,1,0,0,625,3473,0,0,625,3473,California
Sacramento,2020-12-20,635,4108,635,4107,0,1,0,0,635,4108,0,0,635,4108,California
Sacramento,2020-12-21,1683,5791,1683,5790,0,1,0,0,1684,5792,0,0,1684,5792,California
Sacramento,2020-12-22,2109,7900,2073,7863,36,37,0,0,2109,7901,0,0,2109,7901,California
Sacramento,2020-12-23,2271,10171,2096,9959,175,212,0,0,2271,10172,0,0,2271,10172,California
Sacramento,2020-12-24,1042,11213,830,10789,212,424,0,0,1042,11214,0,0,1042,11214,California
Sacramento,2020-12-25,3,11216,2,10791,1,425,0,0,3,11217,0,0,3,11217,California
Sacramento,2020-12-26,508,11724,289,11080,219,644,0,0,508,11725,0,0,508,11725,California
Sacramento,2020-12-27,358,12082,252,11332,106,750,0,0,358,12083,0,0,358,12083,California
Sacramento,2020-12-28,1928,14010,1343,12675,585,1335,0,0,1927,14009,1,1,1927,14010,California
Sacramento,2020-12-29,1973,15983,1200,13875,773,2108,0,0,1973,15982,0,1,1973,15983,California
Sacramento,2020-12-30,2567,18550,1460,15335,1107,3215,0,0,2568,18550,0,1,2568,18551,California
Sacramento,2020-12-31,1230,19780,695,16030,535,3750,0,0,1231,19781,0,1,1231,19782,California
Sacramento,2021-01-01,87,19867,73,16103,14,3764,0,0,87,19868,0,1,87,19869,California
Sacramento,2021-01-02,571,20438,366,16469,205,3969,0,0,571,20439,0,1,571,20440,California
Sacramento,2021-01-03,412,20850,223,16692,189,4158,0,0,412,20851,0,1,412,20852,California
Sacramento,2021-01-04,1952,22802,840,17532,1112,5270,0,0,1950,22800,1,2,1950,22802,California
Sacramento,2021-01-05,2246,25048,1011,18543,1235,6505,0,0,1863,24287,383,385,1870,24672,California
Sacramento,2021-01-06,2761,27809,1638,20181,1123,7628,0,0,1942,25417,813,1198,1943,26615,California
Sacramento,2021-01-07,2869,30678,1531,21712,1338,8966,0,0,1921,26396,942,2140,1921,28536,California
Sacramento,2021-01-08,3315,33993,2097,23809,1218,10184,0,0,2184,27454,1127,3267,2185,30721,California
Sacramento,2021-01-09,1298,35291,803,24612,495,10679,0,0,900,27958,396,3663,900,31621,California
Sacramento,2021-01-10,1252,36543,713,25325,539,11218,0,0,783,28274,468,4131,784,32405,California
Sacramento,2021-01-11,4379,40922,2970,28295,1409,12627,0,0,2429,28766,1949,6080,2441,34846,California
Sacramento,2021-01-12,4691,45613,3292,31587,1399,14026,0,0,2639,29362,2050,8130,2646,37492,California
Sacramento,2021-01-13,3867,49480,2234,33821,1633,15659,0,0,2442,30381,1424,9554,2443,39935,California
Sacramento,2021-01-14,4759,54239,2428,36249,2331,17990,0,0,3844,33312,913,10467,3844,43779,California
Sacramento,2021-01-15,4473,58712,2258,38507,2215,20205,0,0,3754,36348,719,11186,3755,47534,California
Sacramento,2021-01-16,2225,60937,1282,39789,943,21148,0,0,2005,38134,219,11405,2005,49539,California
Sacramento,2021-01-17,1686,62623,987,40776,699,21847,0,0,1500,39451,186,11591,1503,51042,California
Sacramento,2021-01-18,2820,65443,1723,42499,1097,22944,0,0,2231,41095,588,12179,2232,53274,California
Sacramento,2021-01-19,4993,70436,3025,45524,1968,24912,0,0,3750,43606,1241,13420,3752,57026,California
Sacramento,2021-01-20,4994,75430,3002,48526,1992,26904,0,0,3680,45977,1315,14735,3686,60712,California
Sacramento,2021-01-21,5261,80691,3016,51542,2245,29149,0,0,4287,49299,967,15702,4289,65001,California
Sacramento,2021-01-22,5054,85745,2687,54229,2367,31516,0,0,4750,53747,303,16005,4751,69752,California
Sacramento,2021-01-23,3872,89617,1563,55792,2309,33825,0,0,3408,56691,464,16469,3408,73160,California
Sacramento,2021-01-24,1641,91258,1025,56817,616,34441,0,0,1392,57835,249,16718,1393,74553,California
Sacramento,2021-01-25,4434,95692,2168,58985,2266,36707,0,0,2952,59307,1482,18200,2954,77507,California
Sacramento,2021-01-26,4783,100475,2178,61163,2605,39312,0,0,3566,61663,1212,19412,3568,81075,California
Sacramento,2021-01-27,5896,106371,3045,64208,2851,42163,0,0,4263,64301,1627,21039,4265,85340,California
Sacramento,2021-01-28,5491,111862,2736,66944,2755,44918,0,0,4385,67583,1104,22143,4386,89726,California
Sacramento,2021-01-29,5458,117320,2932,69876,2526,47444,0,0,4432,70997,1018,23161,4432,94158,California
Sacramento,2021-01-30,4880,122200,2197,72073,2683,50127,0,0,4448,75016,429,23590,4448,98606,California
Sacramento,2021-01-31,2418,124618,2117,74190,301,50428,0,0,2064,76730,352,23942,2066,100672,California
Sacramento,2021-02-01,5957,130575,3032,77222,2925,53353,0,0,4270,79322,1679,25621,4271,104943,California
Sacramento,2021-02-02,6958,137533,3709,80931,3249,56602,0,0,4845,82078,2091,27712,4847,109790,California
Sacramento,2021-02-03,7176,144709,3613,84544,3563,60165,0,0,5288,85492,1876,29588,5290,115080,California
Sacramento,2021-02-04,7801,152510,3680,88224,4121,64286,0,0,5534,88767,2259,31847,5534,120614,California
Sacramento,2021-02-05,7911,160421,4504,92728,3407,67693,0,0,4854,90595,3033,34880,4861,125475,California
Sacramento,2021-02-06,8869,169290,3504,96232,5365,73058,0,0,7506,96742,1361,36241,7508,132983,California
Sacramento,2021-02-07,4104,173394,2213,98445,1891,74949,0,0,2897,98439,1202,37443,2899,135882,California
Sacramento,2021-02-08,6274,179668,3253,101698,3021,77970,0,0,3918,100007,2350,39793,3918,139800,California
Sacramento,2021-02-09,6815,186483,3575,105273,3240,81210,0,0,4006,101221,2794,42587,4008,143808,California
Sacramento,2021-02-10,7776,194259,4253,109526,3523,84733,0,0,4544,102551,3215,45802,4545,148353,California
Sacramento,2021-02-11,9636,203895,5736,115262,3900,88633,0,0,5519,103970,4102,49904,5521,153874,California
Sacramento,2021-02-12,10759,214654,4174,119436,6585,95218,0,0,6432,106145,4260,54164,6435,160309,California
Sacramento,2021-02-13,8146,222800,3019,122455,5127,100345,0,0,6371,110748,1769,55933,6372,166681,California
Sacramento,2021-02-14,3261,226061,2012,124467,1249,101594,0,0,2120,111734,1139,57072,2125,168806,California
Sacramento,2021-02-15,6057,232118,2061,126528,3996,105590,0,0,4205,114101,1841,58913,4208,173014,California
Sacramento,2021-02-16,9328,241446,4238,130766,5090,110680,0,0,5364,115516,3954,62867,5369,178383,California
Sacramento,2021-02-17,8969,250415,5038,135804,3931,114611,0,0,5202,116967,3754,66621,5205,183588,California
Sacramento,2021-02-18,9687,260102,5793,141597,3894,118505,0,0,5763,118822,3912,70533,5767,189355,California
Sacramento,2021-02-19,10163,270265,6218,147815,3945,122450,0,0,5989,120663,4157,74690,5998,195353,California
Sacramento,2021-02-20,8217,278482,5845,153660,2372,124822,0,0,4796,122049,3413,78103,4799,200152,California
Sacramento,2021-02-21,4970,283452,2528,156188,2442,127264,0,0,2901,122889,2061,80164,2901,203053,California
Sacramento,2021-02-22,6545,289997,3973,160161,2572,129836,0,0,2830,122030,3693,83857,2834,205887,California
Sacramento,2021-02-23,7645,297642,4759,164920,2886,132722,0,0,3646,121702,3978,87835,3650,209537,California
Sacramento,2021-02-24,10116,307758,5573,170493,4543,137265,0,0,5451,122518,4643,92478,5459,214996,California
Sacramento,2021-02-25,11514,319272,6590,177083,4924,142189,0,0,6683,124391,4811,97289,6684,221680,California
Sacramento,2021-02-26,14613,333885,6879,183962,7734,149923,0,0,9968,129755,4610,101899,9974,231654,California
Sacramento,2021-02-27,11261,345146,6885,190847,4373,154296,3,3,8346,135220,2884,104783,8349,240003,California
Sacramento,2021-02-28,6665,351811,2351,193198,4314,158610,0,3,3121,134815,3529,108312,3124,243127,California
Sacramento,2021-03-01,8668,360479,3630,196828,5035,163645,3,6,4717,135614,3924,112236,4723,247850,California
Sacramento,2021-03-02,9415,369894,4084,200912,5330,168975,1,7,5772,137767,3623,115859,5776,253626,California
Sacramento,2021-03-03,11209,381103,5114,206026,6091,175066,4,11,6736,140060,4450,120309,6743,260369,California
Sacramento,2021-03-04,13726,394829,6339,212365,7383,182449,4,15,7612,141609,6074,126383,7623,267992,California
Sacramento,2021-03-05,10726,405555,4941,217306,5755,188204,30,45,7123,145189,3574,129957,7154,275146,California
Sacramento,2021-03-06,8179,413734,3140,220446,4915,193119,124,169,4149,145448,4013,133970,4272,279418,California
Sacramento,2021-03-07,8141,421875,2242,222688,5756,198875,143,312,3799,145055,4333,138303,3940,283358,California
Sacramento,2021-03-08,9243,431118,4337,227025,4667,203542,239,551,6003,148072,3223,141526,6240,289598,California
Sacramento,2021-03-09,9778,440896,4587,231612,4897,208439,294,845,5593,149798,4161,145687,5887,295485,California
Sacramento,2021-03-10,11882,452778,7533,239145,3993,212432,356,1201,6944,152206,4896,150583,7304,302789,California
Sacramento,2021-03-11,15235,468013,10115,249260,4288,216720,832,2033,8984,155811,6206,156789,9811,312600,California
Sacramento,2021-03-12,18102,486115,8353,257613,8878,225598,871,2904,8874,156389,9169,165958,9747,322347,California
Sacramento,2021-03-13,13663,499778,3591,261204,9642,235240,430,3334,8451,160064,5201,171159,8876,331223,California
Sacramento,2021-03-14,9480,509258,3480,264684,5364,240604,636,3970,4476,160201,4973,176132,5110,336333,California
Sacramento,2021-03-15,12304,521562,4886,269570,6752,247356,666,4636,7066,162728,5207,181339,7734,344067,California
Sacramento,2021-03-16,14178,535740,6315,275885,7208,254564,655,5291,8656,166549,5481,186820,9302,353369,California
Sacramento,2021-03-17,13889,549629,6681,282566,6576,261140,632,5923,8805,170934,5055,191875,9440,362809,California
Sacramento,2021-03-18,15836,565465,8337,290903,6894,268034,605,6528,10007,175751,5794,197669,10611,373420,California
Sacramento,2021-03-19,15728,581193,8023,298926,6312,274346,1393,7921,7916,177272,7779,205448,9300,382720,California
Sacramento,2021-03-20,13410,594603,7562,306488,5503,279849,345,8266,8501,181240,4877,210325,8845,391565,California
Sacramento,2021-03-21,5862,600465,2782,309270,3041,282890,39,8305,3365,182167,2481,212806,3408,394973,California
Sacramento,2021-03-22,9491,609956,4883,314153,3754,286644,854,9159,6258,186074,3201,216007,7108,402081,California
Sacramento,2021-03-23,11494,621450,6860,321013,3828,290472,806,9965,7352,190134,4096,220103,8156,410237,California
Sacramento,2021-03-24,11962,633412,7297,328310,4033,294505,632,10597,6724,192339,5152,225255,7357,417594,California
Sacramento,2021-03-25,14327,647739,8431,336741,5056,299561,840,11437,8504,195900,5776,231031,9337,426931,California
Sacramento,2021-03-26,18394,666133,8958,345699,8924,308485,512,11949,9142,196379,9176,240207,9655,436586,California
Sacramento,2021-03-27,10209,676342,3587,349286,6330,314815,292,12241,5574,197642,4598,244805,5861,442447,California
Sacramento,2021-03-28,6634,682976,3240,352526,3143,317958,251,12492,2661,196595,3962,248767,2915,445362,California
Sacramento,2021-03-29,11066,694042,5907,358433,4769,322727,390,12882,4952,195853,6084,254851,5342,450704,California
Sacramento,2021-03-30,11971,706013,6110,364543,5443,328170,418,13300,6034,196394,5908,260759,6449,457153,California
Sacramento,2021-03-31,13529,719542,7874,372417,5240,333410,415,13715,5580,194467,7916,268675,5989,463142,California
Sacramento,2021-04-01,17536,737078,10479,382896,6803,340213,254,13969,7347,191932,10139,278814,7604,470746,California
Sacramento,2021-04-02,17243,754321,9733,392629,6766,346979,744,14713,9038,193547,8166,286980,9781,480527,California
Sacramento,2021-04-03,10483,764804,6247,398876,3686,350665,550,15263,6420,196477,4034,291014,6964,487491,California
Sacramento,2021-04-04,3729,768533,1532,400408,1992,352657,205,15468,1448,195851,2275,293289,1649,489140,California
Sacramento,2021-04-05,12113,780646,7573,407981,3697,356354,843,16311,5379,195371,6695,299984,6215,495355,California
Sacramento,2021-04-06,15735,796381,8892,416873,5499,361853,1344,17655,6927,194865,8772,308756,8266,503621,California
Sacramento,2021-04-07,14950,811331,8057,424930,5276,367129,1617,19272,7165,195897,7737,316493,8769,512390,California
Sacramento,2021-04-08,15163,826494,6817,431747,5342,372471,3004,22276,6019,195788,9107,325600,8998,521388,California
Sacramento,2021-04-09,18393,844887,9386,441133,6778,379249,2229,24505,7467,194591,10881,336481,9684,531072,California
Sacramento,2021-04-10,13449,858336,3851,444984,8370,387619,1228,25733,5860,194094,7559,344040,7062,538134,California
Sacramento,2021-04-11,11187,869523,4376,449360,6583,394202,228,25961,3639,190438,7522,351562,3866,542000,California
Sacramento,2021-04-12,13038,882561,5072,454432,6070,400272,1896,27857,4930,189207,8039,359601,6808,548808,California
Sacramento,2021-04-13,16344,898905,9982,464414,6357,406629,5,27862,7578,188063,8731,368332,7587,556395,California
Sacramento,2021-04-14,15069,913974,8019,472433,7048,413677,2,27864,5939,184908,9098,377430,5943,562338,California
Sacramento,2021-04-15,16479,930453,8466,480899,8010,421687,3,27867,6677,181832,9758,387188,6682,569020,California
Sacramento,2021-04-16,17623,948076,9737,490636,7886,429573,0,27867,7974,180210,9598,396786,7976,576996,California
Sacramento,2021-04-17,15884,963960,6190,496826,9694,439267,0,27867,11607,187569,4253,401039,11612,588608,California
Sacramento,2021-04-18,9082,973042,3271,500097,5811,445078,0,27867,3882,186274,5179,406218,3884,592492,California
Sacramento,2021-04-19,10690,983732,5775,505872,4910,449988,5,27872,4730,185076,5935,412153,4737,597229,California
Sacramento,2021-04-20,11573,995305,7142,513014,4427,454415,4,27876,6085,185709,5461,417614,6094,603323,California
Sacramento,2021-04-21,12342,1007647,7387,520401,4953,459368,2,27878,6626,186654,5684,423298,6629,609952,California
Sacramento,2021-04-22,15261,1022908,10273,530674,4983,464351,5,27883,6996,185430,8227,431525,7003,616955,California
Sacramento,2021-04-23,16306,1039214,10353,541027,5953,470304,0,27883,7562,184290,8704,440229,7564,624519,California
Sacramento,2021-04-24,11631,1050845,7011,548038,4619,474923,1,27884,6211,185119,5384,445613,6213,630732,California
Sacramento,2021-04-25,8480,1059325,4483,552521,3997,478920,0,27884,4175,185007,4288,449901,4176,634908,California
Sacramento,2021-04-26,10836,1070161,6831,559352,3981,482901,24,27908,5153,184533,5651,455552,5177,640085,California
Sacramento,2021-04-27,12284,1082445,8086,567438,4043,486944,155,28063,6032,184504,6218,461770,6189,646274,California
Sacramento,2021-04-28,10795,1093240,6116,573554,4474,491418,205,28268,5961,185872,4801,466571,6169,652443,California
Sacramento,2021-04-29,11188,1104428,7596,581150,3288,494706,304,28572,6143,187316,5006,471577,6450,658893,California
Sacramento,2021-04-30,12757,1117185,8082,589232,4411,499117,264,28836,6033,186941,6673,478250,6298,665191,California
Sacramento,2021-05-01,7629,1124814,5482,594714,1972,501089,175,29011,2793,185110,4798,483048,2967,668158,California
Sacramento,2021-05-02,5009,1129823,4310,599024,549,501638,150,29161,2226,184730,2755,485803,2375,670533,California
Sacramento,2021-05-03,9147,1138970,7308,606332,1557,503195,282,29443,3974,183833,5149,490952,4252,674785,California
Sacramento,2021-05-04,9699,1148669,5957,612289,3432,506627,310,29753,3858,182207,5793,496745,4167,678952,California
Sacramento,2021-05-05,11374,1160043,6243,618532,4669,511296,462,30215,4650,180636,6675,503420,5104,684056,California
Sacramento,2021-05-06,11444,1171487,6399,624931,4737,516033,308,30523,4674,179187,6427,509847,4978,689034,California
Sacramento,2021-05-07,10799,1182286,6309,631240,4120,520153,370,30893,4546,177907,6197,516044,4917,693951,California
Sacramento,2021-05-08,9002,1191288,4006,635246,4765,524918,231,31124,2821,174815,6136,522180,3044,696995,California
Sacramento,2021-05-09,3290,1194578,1794,637040,1384,526302,112,31236,1204,174057,2075,524255,1317,698312,California
Sacramento,2021-05-10,8295,1202873,3873,640913,4151,530453,271,31507,2006,170079,6256,530511,2278,700590,California
Sacramento,2021-05-11,8646,1211519,5464,646377,2922,533375,260,31767,3016,167758,5597,536108,3276,703866,California
Sacramento,2021-05-12,8779,1220298,5285,651662,3237,536612,257,32024,2944,165157,5800,541908,3199,707065,California
Sacramento,2021-05-13,12031,1232329,7702,659364,4052,540664,277,32301,4564,162572,7425,549333,4840,711905,California
Sacramento,2021-05-14,12531,1244860,7102,666466,5140,545804,289,32590,5067,160522,7406,556739,5356,717261,California
Sacramento,2021-05-15,13248,1258108,8026,674492,5076,550880,146,32736,5873,159197,7340,564079,6015,723276,California
Sacramento,2021-05-16,8440,1266548,4231,678723,4096,554976,113,32849,2208,155318,6203,570282,2324,725600,California
Sacramento,2021-05-17,10483,1277031,6402,685125,3792,558768,289,33138,3921,153008,6523,576805,4213,729813,California
Sacramento,2021-05-18,9927,1286958,6220,691345,3494,562262,213,33351,3713,150764,6175,582980,3931,733744,California
Sacramento,2021-05-19,9865,1296823,6264,697609,3336,565598,265,33616,4437,150089,5383,588363,4708,738452,California
Sacramento,2021-05-20,10249,1307072,6749,704358,3239,568837,261,33877,3808,147769,6389,594752,4069,742521,California
Sacramento,2021-05-21,10737,1317809,6810,711168,3604,572441,323,34200,4450,146301,6247,600999,4779,747300,California
Sacramento,2021-05-22,7455,1325264,4609,715777,2672,575113,174,34374,3347,145747,4078,605077,3524,750824,California
Sacramento,2021-05-23,4580,1329844,3019,718796,1458,576571,103,34477,1972,145234,2589,607666,2076,752900,California
Sacramento,2021-05-24,7814,1337658,4720,723516,2764,579335,330,34807,2478,142748,5292,612958,2806,755706,California
Sacramento,2021-05-25,6715,1344373,3880,727396,2543,581878,292,35099,2375,141100,4314,617272,2666,758372,California
Sacramento,2021-05-26,8566,1352939,4729,732125,3502,585380,335,35434,2813,138540,5703,622975,3143,761515,California
Sacramento,2021-05-27,6693,1359632,3650,735775,2803,588183,240,35674,2947,138028,3699,626674,3187,764702,California
Sacramento,2021-05-28,8273,1367905,4583,740358,3315,591498,375,36049,3454,137081,4775,631449,3828,768530,California
Sacramento,2021-05-29,4438,1372343,2701,743059,1578,593076,159,36208,2235,137296,2178,633627,2393,770923,California
Sacramento,2021-05-30,1683,1374026,1066,744125,579,593655,38,36246,751,137162,924,634551,790,771713,California
Sacramento,2021-05-31,885,1374911,444,744569,428,594083,13,36259,313,136920,568,635119,326,772039,California
Sacramento,2021-06-01,6976,1381887,4178,748747,2592,596675,206,36465,2531,135252,4402,639521,2734,774773,California
Sacramento,2021-06-02,6100,1387987,3349,752096,2537,599212,214,36679,2264,133933,3795,643316,2476,777249,California
Sacramento,2021-06-03,7464,1395451,5074,757170,2205,601417,185,36864,2143,130976,5281,648597,2324,779573,California
Sacramento,2021-06-04,7089,1402540,4527,761697,2350,603767,212,37076,2211,128554,4845,653442,2423,781996,California
Sacramento,2021-06-05,6220,1408760,4562,766259,1518,605285,140,37216,1758,126018,4435,657877,1899,783895,California
Sacramento,2021-06-06,2420,1411180,1901,768160,460,605745,59,37275,786,125237,1627,659504,846,784741,California
Sacramento,2021-06-07,5580,1416760,3908,772068,1492,607237,180,37455,1552,122965,4001,663505,1729,786470,California
Sacramento,2021-06-08,5410,1422170,3686,775754,1544,608781,180,37635,1714,121194,3667,667172,1896,788366,California
Sacramento,2021-06-09,6185,1428355,4284,780038,1716,610497,185,37820,1623,118491,4510,671682,1807,790173,California
Sacramento,2021-06-10,5425,1433780,3466,783504,1748,612245,211,38031,1652,116633,3721,675403,1863,792036,California
Sacramento,2021-06-11,7560,1441340,5219,788723,2147,614392,194,38225,2045,113389,5481,680884,2237,794273,California
Sacramento,2021-06-12,4728,1446068,3063,791786,1547,615939,118,38343,1279,111357,3430,684314,1398,795671,California
Sacramento,2021-06-13,1935,1448003,1426,793212,465,616404,44,38387,396,110267,1528,685842,438,796109,California
Sacramento,2021-06-14,4320,1452323,2799,796011,1359,617763,162,38549,1348,108822,2953,688795,1508,797617,California
Sacramento,2021-06-15,4925,1457248,2964,798975,1736,619499,225,38774,1720,107578,3188,691983,1944,799561,California
Sacramento,2021-06-16,4480,1461728,3011,801986,1250,620749,219,38993,1548,106431,2906,694889,1759,801320,California
Sacramento,2021-06-17,4066,1465794,2644,804630,1256,622005,166,39159,1394,105346,2640,697529,1555,802875,California
Sacramento,2021-06-18,5127,1470921,3352,807982,1535,623540,240,39399,1740,103964,3361,700890,1979,804854,California
Sacramento,2021-06-19,3338,1474259,2265,810247,928,624468,145,39544,1189,103166,2131,703021,1333,806187,California
Sacramento,2021-06-20,1235,1475494,915,811162,292,624760,28,39572,564,103098,660,703681,592,806779,California
Sacramento,2021-06-21,2526,1478020,1338,812500,1027,625787,161,39733,1239,103222,1274,704955,1398,808177,California
Sacramento,2021-06-22,3907,1481927,2690,815190,1020,626807,197,39930,1537,102606,2345,707300,1729,809906,California
Sacramento,2021-06-23,4078,1486005,2812,818002,1057,627864,209,40139,1521,101796,2536,709836,1726,811632,California
Sacramento,2021-06-24,3476,1489481,2246,820248,1034,628898,196,40335,1387,101308,2070,711906,1582,813214,California
Sacramento,2021-06-25,4187,1493668,2830,823078,1142,630040,215,40550,1688,100729,2479,714385,1900,815114,California
Sacramento,2021-06-26,2844,1496512,2033,825111,688,630728,123,40673,1190,100406,1635,716020,1312,816426,California
Sacramento,2021-06-27,1240,1497752,913,826024,296,631024,31,40704,452,100105,784,716804,483,816909,California
Sacramento,2021-06-28,2628,1500380,1953,827977,534,631558,141,40845,1144,99923,1466,718270,1284,818193,California
Sacramento,2021-06-29,3283,1503663,2189,830166,955,632513,139,40984,1327,99464,1927,720197,1468,819661,California
Sacramento,2021-06-30,3280,1506943,2242,832408,908,633421,130,41114,1547,99429,1713,721910,1678,821339,California
Sacramento,2021-07-01,2836,1509779,1900,834308,777,634198,159,41273,1225,99219,1592,723502,1382,822721,California
Sacramento,2021-07-02,3430,1513209,2289,836597,985,635183,156,41429,1462,98886,1946,725448,1613,824334,California
Sacramento,2021-07-03,1849,1515058,1251,837848,565,635748,33,41462,794,98672,1042,726490,828,825162,California
Sacramento,2021-07-04,156,1515214,62,837910,84,635832,10,41472,66,98658,90,726580,76,825238,California
Sacramento,2021-07-05,1431,1516645,972,838882,424,636256,35,41507,706,98683,716,727296,741,825979,California
Sacramento,2021-07-06,3447,1520092,2435,841317,846,637102,166,41673,1277,97970,2148,729444,1435,827414,California
Sacramento,2021-07-07,3103,1523195,2145,843462,818,637920,140,41813,1304,97629,1779,731223,1438,828852,California
Sacramento,2021-07-08,1698,1524893,1120,844582,434,638354,144,41957,698,97473,993,732216,837,829689,California
San Benito,2020-12-16,29,29,29,29,0,0,0,0,29,29,0,0,29,29,California
San Benito,2020-12-17,48,77,48,77,0,0,0,0,48,77,0,0,48,77,California
San Benito,2020-12-18,72,149,72,149,0,0,0,0,72,149,0,0,72,149,California
San Benito,2020-12-19,48,197,48,197,0,0,0,0,48,197,0,0,48,197,California
San Benito,2020-12-20,24,221,24,221,0,0,0,0,24,221,0,0,24,221,California
San Benito,2020-12-21,77,298,77,298,0,0,0,0,77,298,0,0,77,298,California
San Benito,2020-12-22,101,399,101,399,0,0,0,0,101,399,0,0,101,399,California
San Benito,2020-12-23,86,485,74,473,12,12,0,0,86,485,0,0,86,485,California
San Benito,2020-12-24,13,498,5,478,8,20,0,0,13,498,0,0,13,498,California
San Benito,2020-12-25,3,501,3,481,0,20,0,0,3,501,0,0,3,501,California
San Benito,2020-12-26,13,514,4,485,9,29,0,0,13,514,0,0,13,514,California
San Benito,2020-12-27,8,522,7,492,1,30,0,0,8,522,0,0,8,522,California
San Benito,2020-12-28,66,588,36,528,30,60,0,0,66,588,0,0,66,588,California
San Benito,2020-12-29,49,637,21,549,28,88,0,0,49,637,0,0,49,637,California
San Benito,2020-12-30,59,696,37,586,22,110,0,0,59,696,0,0,59,696,California
San Benito,2020-12-31,19,715,2,588,17,127,0,0,19,715,0,0,19,715,California
San Benito,2021-01-02,24,739,23,611,1,128,0,0,24,739,0,0,24,739,California
San Benito,2021-01-03,4,743,2,613,2,130,0,0,3,742,0,0,3,742,California
San Benito,2021-01-04,61,804,23,636,38,168,0,0,61,803,0,0,61,803,California
San Benito,2021-01-05,117,921,37,673,80,248,0,0,114,914,3,3,114,917,California
San Benito,2021-01-06,102,1023,42,715,60,308,0,0,87,986,15,18,87,1004,California
San Benito,2021-01-07,106,1129,68,783,38,346,0,0,54,988,52,70,54,1058,California
San Benito,2021-01-08,180,1309,89,872,91,437,0,0,116,1040,64,134,116,1174,California
San Benito,2021-01-09,44,1353,31,903,13,450,0,0,30,1056,14,148,30,1204,California
San Benito,2021-01-10,17,1370,15,918,2,452,0,0,5,1049,12,160,5,1209,California
San Benito,2021-01-11,173,1543,108,1026,65,517,0,0,72,1020,101,261,72,1281,California
San Benito,2021-01-12,161,1704,57,1083,104,621,0,0,121,1101,40,301,121,1402,California
San Benito,2021-01-13,240,1944,68,1151,172,793,0,0,189,1239,51,352,189,1591,California
San Benito,2021-01-14,132,2076,24,1175,108,901,0,0,113,1333,19,371,113,1704,California
San Benito,2021-01-15,217,2293,20,1195,197,1098,0,0,203,1522,14,385,203,1907,California
San Benito,2021-01-16,25,2318,8,1203,17,1115,0,0,20,1537,5,390,20,1927,California
San Benito,2021-01-17,12,2330,5,1208,7,1122,0,0,9,1543,3,393,9,1936,California
San Benito,2021-01-18,37,2367,23,1231,14,1136,0,0,22,1550,15,408,22,1958,California
San Benito,2021-01-19,187,2554,81,1312,106,1242,0,0,149,1661,38,446,149,2107,California
San Benito,2021-01-20,338,2892,102,1414,236,1478,0,0,292,1908,45,491,292,2399,California
San Benito,2021-01-21,146,3038,33,1447,113,1591,0,0,120,2002,26,517,120,2519,California
San Benito,2021-01-22,236,3274,19,1466,217,1808,0,0,226,2218,10,527,226,2745,California
San Benito,2021-01-23,31,3305,17,1483,14,1822,0,0,13,2213,18,545,13,2758,California
San Benito,2021-01-24,28,3333,3,1486,25,1847,0,0,24,2233,4,549,24,2782,California
San Benito,2021-01-25,72,3405,24,1510,48,1895,0,0,24,2209,48,597,24,2806,California
San Benito,2021-01-26,138,3543,41,1551,97,1992,0,0,86,2243,52,649,86,2892,California
San Benito,2021-01-27,230,3773,69,1620,161,2153,0,0,191,2395,39,688,191,3083,California
San Benito,2021-01-28,151,3924,32,1652,119,2272,0,0,120,2485,30,718,120,3203,California
San Benito,2021-01-29,292,4216,33,1685,259,2531,0,0,267,2728,24,742,267,3470,California
San Benito,2021-01-30,52,4268,33,1718,19,2550,0,0,29,2734,23,765,29,3499,California
San Benito,2021-01-31,16,4284,5,1723,11,2561,0,0,11,2740,5,770,11,3510,California
San Benito,2021-02-01,137,4421,29,1752,108,2669,0,0,93,2789,44,814,93,3603,California
San Benito,2021-02-02,229,4650,49,1801,180,2849,0,0,139,2838,90,904,139,3742,California
San Benito,2021-02-03,341,4991,42,1843,299,3148,0,0,273,3043,68,972,273,4015,California
San Benito,2021-02-04,165,5156,22,1865,143,3291,0,0,119,3116,46,1018,119,4134,California
San Benito,2021-02-05,292,5448,40,1905,252,3543,0,0,231,3286,61,1079,231,4365,California
San Benito,2021-02-06,50,5498,9,1914,41,3584,0,0,33,3302,17,1096,33,4398,California
San Benito,2021-02-07,18,5516,9,1923,9,3593,0,0,16,3316,2,1098,16,4414,California
San Benito,2021-02-08,141,5657,18,1941,123,3716,0,0,95,3365,46,1144,95,4509,California
San Benito,2021-02-09,327,5984,64,2005,263,3979,0,0,195,3428,132,1276,195,4704,California
San Benito,2021-02-10,323,6307,89,2094,234,4213,0,0,106,3318,216,1492,106,4810,California
San Benito,2021-02-11,300,6607,33,2127,267,4480,0,0,201,3420,99,1591,201,5011,California
San Benito,2021-02-12,416,7023,32,2159,384,4864,0,0,209,3423,206,1797,209,5220,California
San Benito,2021-02-13,56,7079,7,2166,49,4913,0,0,44,3455,12,1809,44,5264,California
San Benito,2021-02-14,40,7119,5,2171,35,4948,0,0,30,3475,10,1819,30,5294,California
San Benito,2021-02-15,107,7226,9,2180,98,5046,0,0,96,3560,11,1830,96,5390,California
San Benito,2021-02-16,206,7432,11,2191,195,5241,0,0,101,3557,105,1935,102,5492,California
San Benito,2021-02-17,328,7760,29,2220,299,5540,0,0,278,3785,50,1985,278,5770,California
San Benito,2021-02-18,297,8057,39,2259,258,5798,0,0,74,3636,223,2208,74,5844,California
San Benito,2021-02-19,347,8404,47,2306,300,6098,0,0,181,3651,166,2374,181,6025,California
San Benito,2021-02-20,50,8454,28,2334,22,6120,0,0,38,3677,12,2386,38,6063,California
San Benito,2021-02-21,24,8478,9,2343,15,6135,0,0,15,3683,9,2395,15,6078,California
San Benito,2021-02-22,138,8616,37,2380,101,6236,0,0,101,3748,36,2431,101,6179,California
San Benito,2021-02-23,387,9003,97,2477,290,6526,0,0,268,3897,119,2550,268,6447,California
San Benito,2021-02-24,396,9399,75,2552,321,6847,0,0,250,4001,146,2696,250,6697,California
San Benito,2021-02-25,392,9791,63,2615,329,7176,0,0,271,4149,123,2819,271,6968,California
San Benito,2021-02-26,657,10448,77,2692,580,7756,0,0,407,4306,250,3069,407,7375,California
San Benito,2021-02-27,106,10554,41,2733,65,7821,0,0,87,4374,19,3088,87,7462,California
San Benito,2021-02-28,255,10809,31,2764,224,8045,0,0,243,4605,12,3100,243,7705,California
San Benito,2021-03-01,232,11041,61,2825,171,8216,0,0,161,4694,72,3172,161,7866,California
San Benito,2021-03-02,288,11329,95,2920,193,8409,0,0,216,4838,72,3244,216,8082,California
San Benito,2021-03-03,408,11737,64,2984,344,8753,0,0,229,4890,177,3421,229,8311,California
San Benito,2021-03-04,616,12353,126,3110,475,9228,15,15,428,5133,188,3609,431,8742,California
San Benito,2021-03-05,585,12938,307,3417,266,9494,12,27,376,5314,207,3816,388,9130,California
San Benito,2021-03-06,193,13131,69,3486,110,9604,14,41,140,5415,53,3869,154,9284,California
San Benito,2021-03-07,653,13784,603,4089,21,9625,29,70,615,6021,38,3907,644,9928,California
San Benito,2021-03-08,290,14074,66,4155,177,9802,47,117,167,6112,123,4030,214,10142,California
San Benito,2021-03-09,427,14501,82,4237,243,10045,102,219,137,6035,289,4319,212,10354,California
San Benito,2021-03-10,412,14913,121,4358,195,10240,96,315,239,6197,173,4492,335,10689,California
San Benito,2021-03-11,479,15392,127,4485,199,10439,153,468,213,6297,266,4758,366,11055,California
San Benito,2021-03-12,524,15916,124,4609,303,10742,97,565,233,6339,288,5046,330,11385,California
San Benito,2021-03-13,201,16117,99,4708,84,10826,18,583,127,6413,71,5117,145,11530,California
San Benito,2021-03-14,233,16350,40,4748,173,10999,20,603,180,6561,52,5169,200,11730,California
San Benito,2021-03-15,324,16674,98,4846,207,11206,19,622,191,6638,133,5302,210,11940,California
San Benito,2021-03-16,502,17176,218,5064,253,11459,31,653,354,6875,147,5449,384,12324,California
San Benito,2021-03-17,792,17968,479,5543,291,11750,22,675,560,7222,227,5676,574,12898,California
San Benito,2021-03-18,788,18756,526,6069,207,11957,55,730,573,7628,213,5889,619,13517,California
San Benito,2021-03-19,778,19534,402,6471,352,12309,24,754,573,8019,205,6094,596,14113,California
San Benito,2021-03-20,245,19779,147,6618,85,12394,13,767,184,8155,61,6155,197,14310,California
San Benito,2021-03-21,108,19887,56,6674,47,12441,5,772,80,8212,28,6183,85,14395,California
San Benito,2021-03-22,354,20241,173,6847,156,12597,25,797,222,8327,132,6315,247,14642,California
San Benito,2021-03-23,474,20715,197,7044,267,12864,10,807,204,8270,270,6585,213,14855,California
San Benito,2021-03-24,574,21289,303,7347,264,13128,7,814,348,8401,224,6809,355,15210,California
San Benito,2021-03-25,740,22029,441,7788,295,13423,4,818,436,8541,300,7109,440,15650,California
San Benito,2021-03-26,1017,23046,519,8307,493,13916,5,823,332,8194,684,7793,337,15987,California
San Benito,2021-03-27,338,23384,189,8496,117,14033,32,855,220,8329,117,7910,252,16239,California
San Benito,2021-03-28,734,24118,608,9104,121,14154,5,860,129,7858,605,8515,134,16373,California
San Benito,2021-03-29,345,24463,108,9212,217,14371,20,880,144,7821,200,8715,163,16536,California
San Benito,2021-03-30,581,25044,274,9486,214,14585,93,973,294,7921,287,9002,387,16923,California
San Benito,2021-03-31,596,25640,366,9852,206,14791,24,997,335,8021,259,9261,359,17282,California
San Benito,2021-04-01,957,26597,387,10239,531,15322,39,1036,567,8233,388,9649,600,17882,California
San Benito,2021-04-02,541,27138,262,10501,143,15465,136,1172,264,8357,276,9925,400,18282,California
San Benito,2021-04-03,254,27392,87,10588,103,15568,64,1236,75,8317,178,10103,138,18420,California
San Benito,2021-04-04,144,27536,109,10697,30,15598,5,1241,107,8392,37,10140,112,18532,California
San Benito,2021-04-05,353,27889,169,10866,140,15738,44,1285,142,8366,211,10351,185,18717,California
San Benito,2021-04-06,468,28357,164,11030,127,15865,177,1462,163,8400,305,10656,339,19056,California
San Benito,2021-04-07,942,29299,524,11554,227,16092,191,1653,263,8178,676,11332,454,19510,California
San Benito,2021-04-08,870,30169,437,11991,178,16270,255,1908,229,8022,640,11972,484,19994,California
San Benito,2021-04-09,854,31023,506,12497,256,16526,92,2000,298,7857,555,12527,390,20384,California
San Benito,2021-04-10,339,31362,205,12702,77,16603,57,2057,192,7959,147,12674,249,20633,California
San Benito,2021-04-11,481,31843,274,12976,172,16775,35,2092,271,8033,210,12884,284,20917,California
San Benito,2021-04-12,530,32373,285,13261,133,16908,112,2204,278,8168,251,13135,386,21303,California
San Benito,2021-04-13,761,33134,295,13556,443,17351,23,2227,527,8486,233,13368,551,21854,California
San Benito,2021-04-14,836,33970,656,14212,180,17531,0,2227,395,8447,434,13802,395,22249,California
San Benito,2021-04-15,949,34919,737,14949,211,17742,1,2228,476,8454,471,14273,478,22727,California
San Benito,2021-04-16,714,35633,373,15322,333,18075,8,2236,303,8358,408,14681,312,23039,California
San Benito,2021-04-17,322,35955,226,15548,96,18171,0,2236,130,8294,194,14875,130,23169,California
San Benito,2021-04-18,510,36465,429,15977,81,18252,0,2236,249,8284,261,15136,251,23420,California
San Benito,2021-04-19,747,37212,597,16574,150,18402,0,2236,422,8384,323,15459,423,23843,California
San Benito,2021-04-20,788,38000,419,16993,367,18769,2,2238,495,8592,288,15747,496,24339,California
San Benito,2021-04-21,973,38973,721,17714,252,19021,0,2238,524,8682,434,16181,524,24863,California
San Benito,2021-04-22,907,39880,699,18413,208,19229,0,2238,567,8917,332,16513,567,25430,California
San Benito,2021-04-23,644,40524,409,18822,234,19463,1,2239,342,9006,253,16766,342,25772,California
San Benito,2021-04-24,362,40886,202,19024,160,19623,0,2239,166,9016,156,16922,166,25938,California
San Benito,2021-04-25,204,41090,128,19152,76,19699,0,2239,95,9020,91,17013,95,26033,California
San Benito,2021-04-26,498,41588,395,19547,103,19802,0,2239,260,9103,177,17190,260,26293,California
San Benito,2021-04-27,561,42149,287,19834,267,20069,7,2246,409,9377,142,17332,416,26709,California
San Benito,2021-04-28,557,42706,393,20227,155,20224,9,2255,390,9613,162,17494,398,27107,California
San Benito,2021-04-29,635,43341,234,20461,391,20615,10,2265,254,9514,380,17874,281,27388,California
San Benito,2021-04-30,384,43725,215,20676,162,20777,7,2272,208,9555,174,18048,215,27603,California
San Benito,2021-05-01,195,43920,142,20818,44,20821,9,2281,65,9500,129,18177,74,27677,California
San Benito,2021-05-02,190,44110,160,20978,26,20847,4,2285,58,9430,132,18309,62,27739,California
San Benito,2021-05-03,360,44470,284,21262,66,20913,10,2295,86,9254,274,18583,98,27837,California
San Benito,2021-05-04,417,44887,257,21519,152,21065,8,2303,151,9148,264,18847,158,27995,California
San Benito,2021-05-05,611,45498,432,21951,163,21228,16,2319,217,8991,390,19237,233,28228,California
San Benito,2021-05-06,624,46122,497,22448,112,21340,15,2334,225,8836,395,19632,240,28468,California
San Benito,2021-05-07,454,46576,291,22739,153,21493,10,2344,174,8743,278,19910,185,28653,California
San Benito,2021-05-08,279,46855,228,22967,46,21539,5,2349,155,8779,124,20034,160,28813,California
San Benito,2021-05-09,111,46966,86,23053,22,21561,3,2352,47,8766,63,20097,50,28863,California
San Benito,2021-05-10,411,47377,322,23375,65,21626,24,2376,53,8486,358,20455,78,28941,California
San Benito,2021-05-11,837,48214,425,23800,396,22022,16,2392,191,8050,644,21099,208,29149,California
San Benito,2021-05-12,518,48732,413,24213,92,22114,13,2405,124,7795,393,21492,138,29287,California
San Benito,2021-05-13,739,49471,632,24845,90,22204,17,2422,212,7498,525,22017,228,29515,California
San Benito,2021-05-14,601,50072,445,25290,149,22353,7,2429,231,7368,368,22385,238,29753,California
San Benito,2021-05-15,227,50299,171,25461,50,22403,6,2435,126,7399,101,22486,132,29885,California
San Benito,2021-05-16,174,50473,146,25607,26,22429,2,2437,97,7421,77,22563,99,29984,California
San Benito,2021-05-17,388,50861,312,25919,67,22496,9,2446,177,7399,208,22771,186,30170,California
San Benito,2021-05-18,674,51535,356,26275,313,22809,5,2451,212,7155,462,23233,218,30388,California
San Benito,2021-05-19,571,52106,420,26695,143,22952,8,2459,230,7052,341,23574,238,30626,California
San Benito,2021-05-20,593,52699,470,27165,112,23064,11,2470,315,7101,277,23851,326,30952,California
San Benito,2021-05-21,464,53163,273,27438,175,23239,16,2486,213,7081,249,24100,229,31181,California
San Benito,2021-05-22,298,53461,226,27664,67,23306,5,2491,184,7159,112,24212,190,31371,California
San Benito,2021-05-23,100,53561,62,27726,34,23340,4,2495,37,7136,63,24275,40,31411,California
San Benito,2021-05-24,306,53867,257,27983,42,23382,7,2502,190,7217,116,24391,197,31608,California
San Benito,2021-05-25,527,54394,241,28224,279,23661,7,2509,170,7039,355,24746,177,31785,California
San Benito,2021-05-26,312,54706,196,28420,109,23770,7,2516,125,6984,186,24932,131,31916,California
San Benito,2021-05-27,408,55114,312,28732,73,23843,23,2539,151,6904,257,25189,177,32093,California
San Benito,2021-05-28,287,55401,177,28909,103,23946,7,2546,110,6845,176,25365,117,32210,California
San Benito,2021-05-29,151,55552,129,29038,20,23966,2,2548,66,6828,85,25450,68,32278,California
San Benito,2021-05-30,270,55822,253,29291,17,23983,0,2548,91,6741,178,25628,91,32369,California
San Benito,2021-05-31,100,55922,87,29378,11,23994,2,2550,43,6730,56,25684,45,32414,California
San Benito,2021-06-01,267,56189,121,29499,120,24114,26,2576,86,6661,180,25864,111,32525,California
San Benito,2021-06-02,322,56511,244,29743,76,24190,2,2578,110,6563,211,26075,113,32638,California
San Benito,2021-06-03,341,56852,290,30033,45,24235,6,2584,101,6432,238,26313,107,32745,California
San Benito,2021-06-04,273,57125,206,30239,67,24302,0,2584,87,6334,185,26498,87,32832,California
San Benito,2021-06-05,95,57220,77,30316,17,24319,1,2585,23,6287,71,26569,24,32856,California
San Benito,2021-06-06,59,57279,49,30365,7,24326,3,2588,13,6257,46,26615,16,32872,California
San Benito,2021-06-07,339,57618,299,30664,35,24361,5,2593,85,6095,252,26867,90,32962,California
San Benito,2021-06-08,309,57927,217,30881,77,24438,15,2608,94,5990,214,27081,109,33071,California
San Benito,2021-06-09,241,58168,189,31070,44,24482,8,2616,68,5893,173,27254,76,33147,California
San Benito,2021-06-10,360,58528,332,31402,21,24503,7,2623,74,5690,284,27538,81,33228,California
San Benito,2021-06-11,270,58798,229,31631,21,24524,20,2643,92,5625,177,27715,112,33340,California
San Benito,2021-06-12,160,58958,146,31777,10,24534,4,2647,48,5580,97,27812,52,33392,California
San Benito,2021-06-13,53,59011,41,31818,10,24544,2,2649,16,5568,30,27842,18,33410,California
San Benito,2021-06-14,182,59193,151,31969,26,24570,5,2654,61,5514,119,27961,65,33475,California
San Benito,2021-06-15,222,59415,129,32098,87,24657,6,2660,78,5457,142,28103,85,33560,California
San Benito,2021-06-16,213,59628,170,32268,29,24686,14,2674,72,5403,140,28243,86,33646,California
San Benito,2021-06-17,251,59879,207,32475,17,24703,27,2701,78,5336,173,28416,106,33752,California
San Benito,2021-06-18,159,60038,102,32577,50,24753,7,2708,64,5312,95,28511,71,33823,California
San Benito,2021-06-19,114,60152,108,32685,6,24759,0,2708,48,5294,66,28577,48,33871,California
San Benito,2021-06-20,38,60190,36,32721,2,24761,0,2708,18,5292,20,28597,18,33889,California
San Benito,2021-06-21,113,60303,83,32804,15,24776,15,2723,59,5312,53,28650,73,33962,California
San Benito,2021-06-22,206,60509,125,32929,60,24836,21,2744,75,5277,130,28780,95,34057,California
San Benito,2021-06-23,150,60659,113,33042,27,24863,10,2754,61,5259,89,28869,71,34128,California
San Benito,2021-06-24,191,60850,163,33205,15,24878,13,2767,81,5244,109,28978,94,34222,California
San Benito,2021-06-25,151,61001,120,33325,29,24907,2,2769,64,5224,87,29065,67,34289,California
San Benito,2021-06-26,76,61077,61,33386,14,24921,1,2770,33,5216,42,29107,34,34323,California
San Benito,2021-06-27,58,61135,51,33437,2,24923,5,2775,24,5211,34,29141,29,34352,California
San Benito,2021-06-28,123,61258,100,33537,19,24942,4,2779,51,5194,72,29213,55,34407,California
San Benito,2021-06-29,110,61368,55,33592,43,24985,12,2791,40,5176,70,29283,52,34459,California
San Benito,2021-06-30,136,61504,111,33703,18,25003,7,2798,52,5152,83,29366,59,34518,California
San Benito,2021-07-01,132,61636,103,33806,20,25023,9,2807,53,5134,78,29444,60,34578,California
San Benito,2021-07-02,131,61767,74,33880,45,25068,12,2819,54,5123,77,29521,66,34644,California
San Benito,2021-07-03,99,61866,94,33974,4,25072,1,2820,53,5131,46,29567,54,34698,California
San Benito,2021-07-04,14,61880,13,33987,1,25073,0,2820,6,5129,8,29575,6,34704,California
San Benito,2021-07-05,93,61973,80,34067,12,25085,1,2821,45,5127,48,29623,46,34750,California
San Benito,2021-07-06,119,62092,59,34126,52,25137,8,2829,46,5108,73,29696,54,34804,California
San Benito,2021-07-07,146,62238,108,34234,36,25173,2,2831,51,5068,93,29789,53,34857,California
San Benito,2021-07-08,74,62312,64,34298,6,25179,4,2835,34,5067,39,29828,38,34895,California
San Bernardino,2020-12-15,13,13,13,13,0,0,0,0,13,13,0,0,13,13,California
San Bernardino,2020-12-16,114,127,114,127,0,0,0,0,114,127,0,0,114,127,California
San Bernardino,2020-12-17,2377,2504,2377,2504,0,0,0,0,2377,2504,0,0,2377,2504,California
San Bernardino,2020-12-18,3174,5678,3171,5675,3,3,0,0,3175,5679,0,0,3175,5679,California
San Bernardino,2020-12-19,1077,6755,1076,6751,1,4,0,0,1078,6757,0,0,1078,6757,California
San Bernardino,2020-12-20,1185,7940,1181,7932,4,8,0,0,1185,7942,0,0,1185,7942,California
San Bernardino,2020-12-21,2466,10406,2459,10391,7,15,0,0,2466,10408,0,0,2466,10408,California
San Bernardino,2020-12-22,2280,12686,2151,12542,129,144,0,0,2281,12689,0,0,2281,12689,California
San Bernardino,2020-12-23,2681,15367,1473,14015,1208,1352,0,0,2679,15368,0,0,2679,15368,California
San Bernardino,2020-12-24,1164,16531,584,14599,580,1932,0,0,1165,16532,1,1,1165,16533,California
San Bernardino,2020-12-25,76,16607,15,14614,61,1993,0,0,76,16608,0,1,76,16609,California
San Bernardino,2020-12-26,466,17073,255,14869,211,2204,0,0,466,17074,0,1,466,17075,California
San Bernardino,2020-12-27,351,17424,164,15033,187,2391,0,0,350,17423,1,2,350,17425,California
San Bernardino,2020-12-28,1594,19018,701,15734,893,3284,0,0,1595,19018,0,2,1595,19020,California
San Bernardino,2020-12-29,2259,21277,1048,16782,1211,4495,0,0,2259,21277,0,2,2259,21279,California
San Bernardino,2020-12-30,2933,24210,1461,18243,1472,5967,0,0,2933,24210,0,2,2933,24212,California
San Bernardino,2020-12-31,1385,25595,441,18684,944,6911,0,0,1383,25593,0,2,1383,25595,California
San Bernardino,2021-01-01,258,25853,152,18836,106,7017,0,0,257,25850,0,2,257,25852,California
San Bernardino,2021-01-02,488,26341,345,19181,143,7160,0,0,488,26338,0,2,488,26340,California
San Bernardino,2021-01-03,173,26514,88,19269,85,7245,0,0,173,26511,0,2,173,26513,California
San Bernardino,2021-01-04,2151,28665,1294,20563,857,8102,0,0,2150,28661,0,2,2150,28663,California
San Bernardino,2021-01-05,2349,31014,1463,22026,886,8988,0,0,2236,30786,111,113,2236,30899,California
San Bernardino,2021-01-06,3470,34484,2363,24389,1107,10095,0,0,2969,33261,495,608,2970,33869,California
San Bernardino,2021-01-07,5457,39941,4519,28908,938,11033,0,0,2491,32805,2947,3555,2491,36360,California
San Bernardino,2021-01-08,5403,45344,4470,33378,933,11966,0,0,2302,32011,3097,6652,2303,38663,California
San Bernardino,2021-01-09,1410,46754,1104,34482,306,12272,0,0,908,32417,502,7154,908,39571,California
San Bernardino,2021-01-10,1031,47785,601,35083,430,12702,0,0,579,32544,452,7606,579,40150,California
San Bernardino,2021-01-11,5001,52786,4087,39170,914,13616,0,0,2780,33106,2218,9824,2780,42930,California
San Bernardino,2021-01-12,4258,57044,3233,42403,1025,14641,0,0,2530,33910,1726,11550,2530,45460,California
San Bernardino,2021-01-13,4615,61659,2836,45239,1779,16420,0,0,3383,36074,1220,12770,3384,48844,California
San Bernardino,2021-01-14,4888,66547,2814,48053,2074,18494,0,0,4298,39786,586,13356,4298,53142,California
San Bernardino,2021-01-15,6011,72558,2960,51013,3051,21545,0,0,5610,45008,391,13747,5613,58755,California
San Bernardino,2021-01-16,2274,74832,1290,52303,984,22529,0,0,2130,46994,144,13891,2130,60885,California
San Bernardino,2021-01-17,1189,76021,506,52809,683,23212,0,0,1106,48019,82,13973,1107,61992,California
San Bernardino,2021-01-18,4296,80317,2632,55441,1664,24876,0,0,3665,51055,631,14604,3667,65659,California
San Bernardino,2021-01-19,6368,86685,3446,58887,2922,27798,0,0,5270,55231,1096,15700,5272,70931,California
San Bernardino,2021-01-20,6918,93603,3785,62672,3133,30931,0,0,4948,58221,1960,17660,4950,75881,California
San Bernardino,2021-01-21,6042,99645,3092,65764,2950,33881,0,0,4909,62010,1123,18783,4912,80793,California
San Bernardino,2021-01-22,6616,106261,3055,68819,3561,37442,0,0,5884,67165,730,19513,5885,86678,California
San Bernardino,2021-01-23,3138,109399,1894,70713,1244,38686,0,0,2732,69492,405,19918,2732,89410,California
San Bernardino,2021-01-24,1211,110610,462,71175,749,39435,0,0,1107,70495,104,20022,1107,90517,California
San Bernardino,2021-01-25,6972,117582,3417,74592,3555,42990,0,0,5100,73730,1868,21890,5103,95620,California
San Bernardino,2021-01-26,7208,124790,3548,78140,3660,46650,0,0,5022,76569,2185,24075,5024,100644,California
San Bernardino,2021-01-27,8671,133461,4156,82296,4515,51165,0,0,5787,79481,2875,26950,5787,106431,California
San Bernardino,2021-01-28,8679,142140,4085,86381,4594,55759,0,0,6329,83469,2341,29291,6329,112760,California
San Bernardino,2021-01-29,8234,150374,3745,90126,4489,60248,0,0,6229,87710,1989,31280,6230,118990,California
San Bernardino,2021-01-30,3095,153469,1874,92000,1221,61469,0,0,2801,90219,293,31573,2802,121792,California
San Bernardino,2021-01-31,916,154385,469,92469,447,61916,0,0,857,91018,58,31631,857,122649,California
San Bernardino,2021-02-01,7626,162011,4250,96719,3376,65292,0,0,4938,93274,2683,34314,4939,127588,California
San Bernardino,2021-02-02,10587,172598,3677,100396,6910,72202,0,0,8469,99631,2114,36428,8471,136059,California
San Bernardino,2021-02-03,9086,181684,4144,104540,4942,77144,0,0,6542,103639,2535,38963,6543,142602,California
San Bernardino,2021-02-04,10594,192278,5195,109735,5399,82543,0,0,7452,107961,3131,42094,7453,150055,California
San Bernardino,2021-02-05,11141,203419,5964,115699,5177,87720,0,0,7542,111917,3587,45681,7543,157598,California
San Bernardino,2021-02-06,5292,208711,2217,117916,3075,90795,0,0,3649,113956,1613,47294,3652,161250,California
San Bernardino,2021-02-07,859,209570,498,118414,361,91156,0,0,477,114055,379,47673,478,161728,California
San Bernardino,2021-02-08,7340,216910,3903,122317,3437,94593,0,0,5646,118009,1692,49365,5646,167374,California
San Bernardino,2021-02-09,10184,227094,5635,127952,4549,99142,0,0,6855,121815,3053,52418,6859,174233,California
San Bernardino,2021-02-10,12214,239308,6491,134443,5723,104865,0,0,8045,125704,4157,56575,8046,182279,California
San Bernardino,2021-02-11,12550,251858,7184,141627,5366,110231,0,0,7968,129121,4555,61130,7972,190251,California
San Bernardino,2021-02-12,10624,262482,5954,147581,4670,114901,0,0,5784,130132,4776,65906,5787,196038,California
San Bernardino,2021-02-13,6131,268613,4075,151656,2056,116957,0,0,3842,131708,2271,68177,3847,199885,California
San Bernardino,2021-02-14,1582,270195,669,152325,913,117870,0,0,888,131910,687,68864,889,200774,California
San Bernardino,2021-02-15,5537,275732,3014,155339,2523,120393,0,0,3080,132547,2443,71307,3080,203854,California
San Bernardino,2021-02-16,12768,288500,7458,162797,5310,125703,0,0,8036,135868,4719,76026,8040,211894,California
San Bernardino,2021-02-17,11954,300454,6535,169332,5419,131122,0,0,7195,138331,4737,80763,7200,219094,California
San Bernardino,2021-02-18,12644,313098,7661,176993,4983,136105,0,0,7804,141316,4821,85584,7806,226900,California
San Bernardino,2021-02-19,11832,324930,6059,183052,5773,141878,0,0,6979,143467,4830,90414,6981,233881,California
San Bernardino,2021-02-20,4624,329554,3545,186597,1079,142957,0,0,2074,143004,2540,92954,2077,235958,California
San Bernardino,2021-02-21,1190,330744,714,187311,476,143433,0,0,414,142643,776,93730,415,236373,California
San Bernardino,2021-02-22,9109,339853,5629,192940,3480,146913,0,0,4185,141927,4902,98632,4186,240559,California
San Bernardino,2021-02-23,9787,349640,5937,198877,3850,150763,0,0,4934,142047,4820,103452,4940,245499,California
San Bernardino,2021-02-24,12950,362590,7450,206327,5500,156263,0,0,6305,141736,6622,110074,6311,251810,California
San Bernardino,2021-02-25,13453,376043,6421,212748,7032,163295,0,0,7759,143827,5672,115746,7763,259573,California
San Bernardino,2021-02-26,13886,389929,6478,219226,7408,170703,0,0,7720,145457,6098,121844,7728,267301,California
San Bernardino,2021-02-27,6719,396648,3753,222979,2964,173667,2,2,4824,148404,1883,123727,4830,272131,California
San Bernardino,2021-02-28,1796,398444,754,223733,1042,174709,0,2,1149,148920,635,124362,1151,273282,California
San Bernardino,2021-03-01,8542,406986,4395,228128,4142,178851,5,7,3890,148203,4623,128985,3906,277188,California
San Bernardino,2021-03-02,13973,420959,5526,233654,8447,187298,0,7,6552,147381,7384,136369,6562,283750,California
San Bernardino,2021-03-03,13180,434139,6701,240355,6475,193773,4,11,6208,146655,6947,143316,6221,289971,California
San Bernardino,2021-03-04,14054,448193,6901,247256,7152,200925,1,12,6082,144798,7948,151264,6091,296062,California
San Bernardino,2021-03-05,14560,462753,7532,254788,7026,207951,2,14,7075,144449,7447,158711,7098,303160,California
San Bernardino,2021-03-06,9775,472528,5485,260273,4061,212012,229,243,4555,144029,5200,163911,4780,307940,California
San Bernardino,2021-03-07,1777,474305,1029,261302,616,212628,132,375,1082,144553,692,164603,1216,309156,California
San Bernardino,2021-03-08,8199,482504,3613,264915,4401,217029,185,560,3637,143825,4553,169156,3825,312981,California
San Bernardino,2021-03-09,13160,495664,7525,272440,5378,222407,257,817,5273,141485,7872,177028,5532,318513,California
San Bernardino,2021-03-10,14258,509922,7872,280312,5831,228238,555,1372,6346,140507,7882,184910,6904,325417,California
San Bernardino,2021-03-11,15715,525637,7287,287599,6821,235059,1607,2979,7392,141201,8300,193210,8994,334411,California
San Bernardino,2021-03-12,15651,541288,6975,294574,6622,241681,2054,5033,7336,142356,8278,201488,9433,343844,California
San Bernardino,2021-03-13,8417,549705,4584,299158,3318,244999,515,5548,4967,144405,3435,204923,5484,349328,California
San Bernardino,2021-03-14,3312,553017,1680,300838,1049,246048,583,6131,1836,145353,1466,206389,2414,351742,California
San Bernardino,2021-03-15,11445,564462,5385,306223,4027,250075,2033,8164,5372,146697,6053,212442,7397,359139,California
San Bernardino,2021-03-16,16286,580748,8062,314285,7281,257356,943,9107,9841,151074,6414,218856,10791,369930,California
San Bernardino,2021-03-17,17522,598270,8708,322993,8065,265421,749,9856,10524,155375,6971,225827,11272,381202,California
San Bernardino,2021-03-18,16799,615069,8300,331293,8107,273528,392,10248,9865,158726,6902,232729,10253,391455,California
San Bernardino,2021-03-19,17126,632195,8498,339791,8032,281560,596,10844,9758,161794,7335,240064,10403,401858,California
San Bernardino,2021-03-20,9564,641759,5984,345775,2977,284537,603,11447,5668,164191,3868,243932,6265,408123,California
San Bernardino,2021-03-21,2856,644615,2309,348084,495,285032,52,11499,2277,165957,563,244495,2329,410452,California
San Bernardino,2021-03-22,9743,654358,4600,352684,4707,289739,436,11935,7038,170754,2677,247172,7474,417926,California
San Bernardino,2021-03-23,15702,670060,8895,361579,6186,295925,621,12556,9637,174970,6039,253211,10255,428181,California
San Bernardino,2021-03-24,15239,685299,7834,369413,7097,303022,308,12864,9986,180055,5210,258421,10295,438476,California
San Bernardino,2021-03-25,17134,702433,8389,377802,8438,311460,307,13171,10733,184746,6343,264764,11034,449510,California
San Bernardino,2021-03-26,18384,720817,8714,386516,8900,320360,770,13941,10926,189018,7426,272190,11698,461208,California
San Bernardino,2021-03-27,10897,731714,7028,393544,3113,323473,756,14697,6189,191278,4683,276873,6943,468151,California
San Bernardino,2021-03-28,3652,735366,2563,396107,974,324447,115,14812,2529,192809,1113,277986,2644,470795,California
San Bernardino,2021-03-29,12088,747454,6146,402253,5540,329987,402,15214,7962,197073,4099,282085,8363,479158,California
San Bernardino,2021-03-30,17044,764498,9508,411761,6817,336804,719,15933,10534,201846,6469,288554,11242,490400,California
San Bernardino,2021-03-31,16653,781151,9374,421135,6637,343441,642,16575,10875,207619,5741,294295,11514,501914,California
San Bernardino,2021-04-01,19881,801032,10493,431628,7957,351398,1431,18006,12715,214638,7117,301412,14136,516050,California
San Bernardino,2021-04-02,18940,819972,9538,441166,8109,359507,1293,19299,11405,219875,7501,308913,12738,528788,California
San Bernardino,2021-04-03,11179,831151,6994,448160,3038,362545,1147,20446,6070,221993,5088,314001,7206,535994,California
San Bernardino,2021-04-04,2513,833664,1517,449677,744,363289,252,20698,1257,222255,1246,315247,1508,537502,California
San Bernardino,2021-04-05,11893,845557,5316,454993,4785,368074,1792,22490,6019,224213,5847,321094,7805,545307,California
San Bernardino,2021-04-06,19893,865450,11189,466182,6578,374652,2126,24616,10484,227450,9359,330453,12596,557903,California
San Bernardino,2021-04-07,21227,886677,11405,477587,7320,381972,2502,27118,11533,231810,9659,340112,14019,571922,California
San Bernardino,2021-04-08,22114,908791,11344,488931,8130,390102,2640,29758,12094,236541,9988,350100,14719,586641,California
San Bernardino,2021-04-09,21999,930790,11178,500109,8185,398287,2636,32394,11922,241045,10035,360135,14539,601180,California
San Bernardino,2021-04-10,15747,946537,8151,508260,3869,402156,3727,36121,7817,244666,7905,368040,11526,612706,California
San Bernardino,2021-04-11,4465,951002,2599,510859,896,403052,970,37091,2050,245270,2408,370448,3012,615718,California
San Bernardino,2021-04-12,13545,964547,6259,517118,5613,408665,1673,38764,6418,246256,7100,377548,8086,623804,California
San Bernardino,2021-04-13,19496,984043,11107,528225,8370,417035,19,38783,11188,249190,8276,385824,11210,635014,California
San Bernardino,2021-04-14,19575,1003618,10444,538669,9128,426163,3,38786,11009,251678,8527,394351,11015,646029,California
San Bernardino,2021-04-15,20660,1024278,11536,550205,9118,435281,6,38792,10935,252941,9679,404030,10942,656971,California
San Bernardino,2021-04-16,18933,1043211,10709,560914,8223,443504,1,38793,9261,252580,9624,413654,9263,666234,California
San Bernardino,2021-04-17,12103,1055314,7978,568892,4125,447629,0,38793,6289,253101,5768,419422,6289,672523,California
San Bernardino,2021-04-18,3246,1058560,2314,571206,932,448561,0,38793,1388,252645,1844,421266,1388,673911,California
San Bernardino,2021-04-19,12745,1071305,6810,578016,5935,454496,0,38793,4938,249811,7777,429043,4943,678854,California
San Bernardino,2021-04-20,18303,1089608,10368,588384,7932,462428,3,38796,8278,248104,9990,439033,8283,687137,California
San Bernardino,2021-04-21,19108,1108716,11232,599616,7874,470302,2,38798,8329,245729,10709,449742,8334,695471,California
San Bernardino,2021-04-22,19679,1128395,11405,611021,8270,478572,4,38802,7964,242044,11656,461398,7971,703442,California
San Bernardino,2021-04-23,18951,1147346,10995,622016,7955,486527,1,38803,8180,239513,10714,472112,8183,711625,California
San Bernardino,2021-04-24,12891,1160237,9494,631510,3395,489922,2,38805,6931,240505,5941,478053,6933,718558,California
San Bernardino,2021-04-25,3429,1163666,2241,633751,1188,491110,0,38805,1683,240461,1730,479783,1686,720244,California
San Bernardino,2021-04-26,11385,1175051,6225,639976,5070,496180,90,38895,4839,238889,6502,486285,4930,725174,California
San Bernardino,2021-04-27,16793,1191844,10173,650149,6407,502587,213,39108,6874,236104,9872,496157,7087,732261,California
San Bernardino,2021-04-28,15186,1207030,9165,659314,5742,508329,279,39387,5467,232151,9690,505847,5737,737998,California
San Bernardino,2021-04-29,16625,1223655,9703,669017,6653,514982,269,39656,5575,226982,11010,516857,5841,743839,California
San Bernardino,2021-04-30,16887,1240542,10758,679775,5849,520831,280,39936,6283,222979,10564,527421,6561,750400,California
San Bernardino,2021-05-01,10786,1251328,8428,688203,2043,522874,315,40251,3734,219981,7042,534463,4044,754444,California
San Bernardino,2021-05-02,2958,1254286,2138,690341,688,523562,132,40383,1052,219271,1892,536355,1182,755626,California
San Bernardino,2021-05-03,10079,1264365,5803,696144,3872,527434,404,40787,2903,215415,7164,543519,3308,758934,California
San Bernardino,2021-05-04,16048,1280413,9847,705991,5743,533177,458,41245,4681,209228,11323,554842,5136,764070,California
San Bernardino,2021-05-05,15761,1296174,9215,715206,6133,539310,413,41658,4453,202831,11258,566100,4861,768931,California
San Bernardino,2021-05-06,16080,1312254,9267,724473,6398,545708,415,42073,4397,196005,11636,577736,4810,773741,California
San Bernardino,2021-05-07,15708,1327962,8880,733353,6451,552159,377,42450,4671,190075,10973,588709,5043,778784,California
San Bernardino,2021-05-08,9594,1337556,6438,739791,2889,555048,267,42717,3304,187393,6253,594962,3571,782355,California
San Bernardino,2021-05-09,2079,1339635,1379,741170,609,555657,91,42808,833,187077,1240,596202,924,783279,California
San Bernardino,2021-05-10,7687,1347322,3565,744735,3805,559462,317,43125,2367,184488,5271,601473,2682,785961,California
San Bernardino,2021-05-11,12624,1359946,7087,751822,5176,564638,361,43486,4039,180349,8539,610012,4400,790361,California
San Bernardino,2021-05-12,12844,1372790,7039,758861,5486,570124,319,43805,3654,175181,9139,619151,3971,794332,California
San Bernardino,2021-05-13,13518,1386308,8208,767069,4959,575083,351,44156,5296,172646,8175,627326,5640,799972,California
San Bernardino,2021-05-14,14023,1400331,9383,776452,4301,579384,339,44495,5815,170650,8150,635476,6154,806126,California
San Bernardino,2021-05-15,11445,1411776,8527,784979,2729,582113,189,44684,4656,168733,6756,642232,4839,810965,California
San Bernardino,2021-05-16,3125,1414901,2382,787361,681,582794,62,44746,1561,168812,1544,643776,1623,812588,California
San Bernardino,2021-05-17,10126,1425027,6821,794182,3012,585806,293,45039,4487,167989,5599,649375,4776,817364,California
San Bernardino,2021-05-18,13796,1438823,9161,803343,4387,590193,248,45287,6182,166833,7582,656957,6426,823790,California
San Bernardino,2021-05-19,11582,1450405,7260,810603,3942,594135,380,45667,5222,166110,6320,663277,5597,829387,California
San Bernardino,2021-05-20,11637,1462042,6967,817570,4351,598486,319,45986,5032,164900,6561,669838,5351,834738,California
San Bernardino,2021-05-21,12619,1474661,8354,825924,3883,602369,382,46368,5351,163414,7214,677052,5728,840466,California
San Bernardino,2021-05-22,8949,1483610,6709,832633,2032,604401,208,46576,4286,163287,4617,681669,4490,844956,California
San Bernardino,2021-05-23,2451,1486061,1561,834194,798,605199,92,46668,1139,163218,1299,682968,1230,846186,California
San Bernardino,2021-05-24,6977,1493038,4472,838666,2199,607398,306,46974,3087,162776,3834,686802,3392,849578,California
San Bernardino,2021-05-25,9343,1502381,5730,844396,3356,610754,257,47231,4111,161946,5194,691996,4364,853942,California
San Bernardino,2021-05-26,8253,1510634,5240,849636,2761,613515,252,47483,3746,161476,4461,696457,3991,857933,California
San Bernardino,2021-05-27,7680,1518314,4664,854300,2778,616293,238,47721,3454,160984,4184,700641,3692,861625,California
San Bernardino,2021-05-28,8824,1527138,5486,859786,3060,619353,278,47999,4375,161232,4403,705044,4651,866276,California
San Bernardino,2021-05-29,5080,1532218,3391,863177,1570,620923,119,48118,2576,161440,2486,707530,2694,868970,California
San Bernardino,2021-05-30,1753,1533971,1240,864417,434,621357,79,48197,852,161477,893,708423,930,869900,California
San Bernardino,2021-05-31,898,1534869,571,864988,310,621667,17,48214,319,161241,573,708996,337,870237,California
San Bernardino,2021-06-01,8657,1543526,5563,870551,2847,624514,247,48461,3372,159629,5228,714224,3616,873853,California
San Bernardino,2021-06-02,6852,1550378,4311,874862,2300,626814,241,48702,2887,158822,3931,718155,3124,876977,California
San Bernardino,2021-06-03,7981,1558359,5392,880254,2390,629204,199,48901,2705,156473,5253,723408,2904,879881,California
San Bernardino,2021-06-04,9152,1567511,6190,886444,2670,631874,292,49193,3140,153941,5963,729371,3431,883312,California
San Bernardino,2021-06-05,6563,1574074,5015,891459,1421,633295,127,49320,2252,152026,4291,733662,2376,885688,California
San Bernardino,2021-06-06,2040,1576114,1704,893163,272,633567,64,49384,672,151403,1359,735021,736,886424,California
San Bernardino,2021-06-07,6315,1582429,4912,898075,1189,634756,214,49598,1972,149270,4317,739338,2184,888608,California
San Bernardino,2021-06-08,8445,1590874,6133,904208,2087,636843,225,49823,2607,146328,5768,745106,2826,891434,California
San Bernardino,2021-06-09,7028,1597902,5001,909209,1834,638677,193,50016,2279,144105,4696,749802,2473,893907,California
San Bernardino,2021-06-10,7098,1605000,5011,914220,1883,640560,204,50220,2235,141727,4816,754618,2438,896345,California
San Bernardino,2021-06-11,8069,1613069,5635,919855,2202,642762,232,50452,2916,139764,5109,759727,3146,899491,California
San Bernardino,2021-06-12,5912,1618981,4656,924511,1134,643896,122,50574,1709,137419,4178,763905,1833,901324,California
San Bernardino,2021-06-13,1497,1620478,1062,925573,364,644260,71,50645,403,136802,1090,764995,473,901797,California
San Bernardino,2021-06-14,4927,1625405,3560,929133,1147,645407,220,50865,1802,135726,3096,768091,2020,903817,California
San Bernardino,2021-06-15,7188,1632593,5079,934212,1860,647267,249,51114,2567,133967,4570,772661,2811,906628,California
San Bernardino,2021-06-16,6361,1638954,4532,938744,1608,648875,221,51335,2334,132544,3978,776639,2555,909183,California
San Bernardino,2021-06-17,5672,1644626,3985,942729,1525,650400,162,51497,2218,131507,3417,780056,2380,911563,California
San Bernardino,2021-06-18,6870,1651496,4613,947342,2017,652417,240,51737,2574,130058,4260,784316,2811,914374,California
San Bernardino,2021-06-19,4064,1655560,3035,950377,897,653314,132,51869,1746,129638,2296,786612,1876,916250,California
San Bernardino,2021-06-20,1465,1657025,1126,951503,279,653593,60,51929,584,129408,874,787486,644,916894,California
San Bernardino,2021-06-21,3605,1660630,2337,953840,1038,654631,230,52159,2016,130079,1573,789059,2244,919138,California
San Bernardino,2021-06-22,5693,1666323,3873,957713,1604,656235,216,52375,2281,129192,3386,792445,2499,921637,California
San Bernardino,2021-06-23,5061,1671384,3589,961302,1272,657507,200,52575,2130,128617,2901,795346,2326,923963,California
San Bernardino,2021-06-24,4884,1676268,3391,964693,1281,658788,212,52787,2084,128140,2768,798114,2291,926254,California
San Bernardino,2021-06-25,5848,1682116,4129,968822,1513,660301,206,52993,2548,127618,3273,801387,2751,929005,California
San Bernardino,2021-06-26,3578,1685694,2727,971549,775,661076,76,53069,1664,127464,1893,803280,1739,930744,California
San Bernardino,2021-06-27,1452,1687146,1156,972705,244,661320,52,53121,677,127424,769,804049,729,931473,California
San Bernardino,2021-06-28,3493,1690639,2754,975459,589,661909,150,53271,1712,127518,1767,805816,1861,933334,California
San Bernardino,2021-06-29,5218,1695857,3774,979233,1259,663168,185,53456,2377,127256,2818,808634,2556,935890,California
San Bernardino,2021-06-30,4599,1700456,3240,982473,1186,664354,173,53629,2297,127445,2277,810911,2466,938356,California
San Bernardino,2021-07-01,4173,1704629,2999,985472,1008,665362,166,53795,2063,127585,2089,813000,2229,940585,California
San Bernardino,2021-07-02,5137,1709766,3691,989163,1291,666653,155,53950,2425,127490,2675,815675,2580,943165,California
San Bernardino,2021-07-03,2541,1712307,1915,991078,571,667224,55,54005,1226,127471,1300,816975,1281,944446,California
San Bernardino,2021-07-04,211,1712518,145,991223,62,667286,4,54009,113,127491,97,817072,117,944563,California
San Bernardino,2021-07-05,2289,1714807,1767,992990,470,667756,52,54061,1117,127502,1158,818230,1169,945732,California
San Bernardino,2021-07-06,5066,1719873,3763,996753,1142,668898,161,54222,2213,127041,2835,821065,2374,948106,California
San Bernardino,2021-07-07,4088,1723961,3051,999804,910,669808,127,54349,1910,126918,2158,823223,2035,950141,California
San Bernardino,2021-07-08,1886,1725847,1405,1001209,367,670175,114,54463,829,126809,1051,824274,942,951083,California
San Diego,2020-12-15,121,121,121,121,0,0,0,0,121,121,0,0,121,121,California
San Diego,2020-12-16,1079,1200,1079,1200,0,0,0,0,1079,1200,0,0,1079,1200,California
San Diego,2020-12-17,2324,3524,2324,3524,0,0,0,0,2324,3524,0,0,2324,3524,California
San Diego,2020-12-18,3611,7135,3610,7134,1,1,0,0,3611,7135,0,0,3611,7135,California
San Diego,2020-12-19,2268,9403,2268,9402,0,1,0,0,2268,9403,0,0,2268,9403,California
San Diego,2020-12-20,1148,10551,1147,10549,1,2,0,0,1148,10551,0,0,1148,10551,California
San Diego,2020-12-21,3462,14013,3460,14009,2,4,0,0,3462,14013,0,0,3462,14013,California
San Diego,2020-12-22,4020,18033,3383,17392,637,641,0,0,4020,18033,0,0,4020,18033,California
San Diego,2020-12-23,3159,21192,1958,19350,1201,1842,0,0,3159,21192,0,0,3159,21192,California
San Diego,2020-12-24,2704,23896,2190,21540,514,2356,0,0,2704,23896,0,0,2704,23896,California
San Diego,2020-12-25,857,24753,856,22396,1,2357,0,0,857,24753,0,0,857,24753,California
San Diego,2020-12-26,3199,27952,2129,24525,1070,3427,0,0,3199,27952,0,0,3199,27952,California
San Diego,2020-12-27,2480,30432,1594,26119,886,4313,0,0,2479,30430,1,1,2479,30431,California
San Diego,2020-12-28,5833,36265,4156,30275,1677,5990,0,0,5833,36263,0,1,5833,36264,California
San Diego,2020-12-29,5499,41764,2944,33219,2555,8545,0,0,5499,41762,0,1,5499,41763,California
San Diego,2020-12-30,5851,47615,3048,36267,2803,11348,0,0,5851,47613,0,1,5851,47614,California
San Diego,2020-12-31,2970,50585,1031,37298,1939,13287,0,0,2970,50583,0,1,2970,50584,California
San Diego,2021-01-01,992,51577,442,37740,550,13837,0,0,992,51575,0,1,992,51576,California
San Diego,2021-01-02,3667,55244,1287,39027,2380,16217,0,0,3667,55242,0,1,3667,55243,California
San Diego,2021-01-03,833,56077,621,39648,212,16429,0,0,832,56074,0,1,832,56075,California
San Diego,2021-01-04,3650,59727,2022,41670,1628,18057,0,0,3644,59718,0,1,3644,59719,California
San Diego,2021-01-05,4302,64029,2150,43820,2152,20209,0,0,3716,62863,583,584,3728,63447,California
San Diego,2021-01-06,4841,68870,2254,46074,2587,22796,0,0,3640,65327,1180,1764,3644,67091,California
San Diego,2021-01-07,5551,74421,2932,49006,2619,25415,0,0,3437,66664,2109,3873,3446,70537,California
San Diego,2021-01-08,7807,82228,4900,53906,2907,28322,0,0,4071,67032,3720,7593,4088,74625,California
San Diego,2021-01-09,3417,85645,1906,55812,1511,29833,0,0,1894,67424,1513,9106,1905,76530,California
San Diego,2021-01-10,1847,87492,1277,57089,570,30403,0,0,758,67115,1077,10183,768,77298,California
San Diego,2021-01-11,10198,97690,5799,62888,4399,34802,0,0,6707,70356,3484,13667,6725,84023,California
San Diego,2021-01-12,11004,108694,5261,68149,5743,40545,0,0,7660,74791,3335,17002,7770,91793,California
San Diego,2021-01-13,11290,119984,4988,73137,6302,46847,0,0,8774,81087,2505,19507,8801,100594,California
San Diego,2021-01-14,11961,131945,4520,77657,7441,54288,0,0,9836,88838,2118,21625,9869,110463,California
San Diego,2021-01-15,14792,146737,5234,82891,9558,63846,0,0,12190,98503,2584,24209,12249,122712,California
San Diego,2021-01-16,10531,157268,3552,86443,6979,70825,0,0,9098,106204,1429,25638,9130,131842,California
San Diego,2021-01-17,8474,165742,2431,88874,6043,76868,0,0,7648,113045,826,26464,7667,139509,California
San Diego,2021-01-18,12662,178404,6223,95097,6439,83307,0,0,9853,120185,2778,29242,9918,149427,California
San Diego,2021-01-19,14410,192814,5625,100722,8785,92092,0,0,11316,128677,3085,32327,11577,161004,California
San Diego,2021-01-20,18075,210889,6334,107056,11741,103833,0,0,14776,140357,3279,35606,14959,175963,California
San Diego,2021-01-21,17036,227925,5747,112803,11289,115122,0,0,15667,154809,1360,36966,15812,191775,California
San Diego,2021-01-22,17214,245139,4588,117391,12626,127748,0,0,15212,168118,1989,38955,15298,207073,California
San Diego,2021-01-23,14065,259204,5197,122588,8868,136616,0,0,11803,177732,2251,41206,11865,218938,California
San Diego,2021-01-24,11573,270777,3249,125837,8324,144940,0,0,10610,187425,961,42167,10654,229592,California
San Diego,2021-01-25,11987,282764,5670,131507,6317,151257,0,0,9008,193623,2969,45136,9167,238759,California
San Diego,2021-01-26,14967,297731,7818,139325,7149,158406,0,0,11574,201997,3391,48527,11765,250524,California
San Diego,2021-01-27,20165,317896,7836,147161,12329,170735,0,0,17179,216347,2976,51503,17326,267850,California
San Diego,2021-01-28,20912,338808,7592,154753,13320,184055,0,0,18657,232848,2244,53747,18745,286595,California
San Diego,2021-01-29,19217,358025,6304,161057,12913,196968,0,0,16784,247261,2422,56169,16835,303430,California
San Diego,2021-01-30,15428,373453,3502,164559,11926,208894,0,0,12781,257511,2636,58805,12886,316316,California
San Diego,2021-01-31,14483,387936,5687,170246,8796,217690,0,0,14134,271334,345,59150,14168,330484,California
San Diego,2021-02-01,20431,408367,7435,177681,12996,230686,0,0,16939,284871,3479,62629,17016,347500,California
San Diego,2021-02-02,22499,430866,8286,185967,14213,244899,0,0,19263,301072,3225,65854,19426,366926,California
San Diego,2021-02-03,27046,457912,11525,197492,15521,260420,0,0,22818,319866,4207,70061,23001,389927,California
San Diego,2021-02-04,23744,481656,9735,207227,14009,274429,0,0,19196,334806,4533,74594,19473,409400,California
San Diego,2021-02-05,24248,505904,8598,215825,15650,290079,0,0,17833,346704,6391,80985,18289,427689,California
San Diego,2021-02-06,20399,526303,8450,224275,11949,302028,0,0,17187,360903,3209,84194,17408,445097,California
San Diego,2021-02-07,11898,538201,5306,229581,6592,308620,0,0,10054,369376,1833,86027,10306,455403,California
San Diego,2021-02-08,19793,557994,8420,238001,11373,319993,0,0,12426,375126,7353,93380,13103,468506,California
San Diego,2021-02-09,20151,578145,8243,246244,11908,331901,0,0,12970,381993,7160,100540,14027,482533,California
San Diego,2021-02-10,22609,600754,9267,255511,13342,345243,0,0,13632,388052,8927,109467,14986,497519,California
San Diego,2021-02-11,23470,624224,10083,265594,13387,358630,0,0,12555,391378,10891,120358,14217,511736,California
San Diego,2021-02-12,23274,647498,7283,272877,15991,374621,0,0,11546,393463,11710,132068,13795,525531,California
San Diego,2021-02-13,19743,667241,8961,281838,10782,385403,0,0,10742,396378,8994,141062,11909,537440,California
San Diego,2021-02-14,11023,678264,7327,289165,3696,389099,0,0,6133,399116,4886,145948,7624,545064,California
San Diego,2021-02-15,14970,693234,7562,296727,7408,396507,0,0,7584,402376,7363,153311,10623,555687,California
San Diego,2021-02-16,19007,712241,11097,307824,7910,404417,0,0,9043,404401,9951,163262,11976,567663,California
San Diego,2021-02-17,22970,735211,10736,318560,12234,416651,0,0,7846,400129,15109,178371,10837,578500,California
San Diego,2021-02-18,23289,758500,11917,330477,11372,428023,0,0,7641,396157,15636,194007,11664,590164,California
San Diego,2021-02-19,15677,774177,10906,341383,4771,432794,0,0,6374,395182,9281,203288,8306,598470,California
San Diego,2021-02-20,10079,784256,6310,347693,3769,436563,0,0,5625,398218,4452,207740,7488,605958,California
San Diego,2021-02-21,11451,795707,10044,357737,1407,437970,0,0,5027,398317,6418,214158,6517,612475,California
San Diego,2021-02-22,12392,808099,10590,368327,1802,439772,0,0,5584,398718,6801,220959,7202,619677,California
San Diego,2021-02-23,25223,833322,14105,382432,11118,450890,0,0,9225,397769,15988,236947,15039,634716,California
San Diego,2021-02-24,28655,861977,12771,395203,15884,466774,0,0,6628,389719,22006,258953,13956,648672,California
San Diego,2021-02-25,32601,894578,14498,409701,18103,484877,0,0,9802,385031,22778,281731,18090,666762,California
San Diego,2021-02-26,32713,927291,12157,421858,20556,505433,0,0,11670,382702,21009,302740,18680,685442,California
San Diego,2021-02-27,20752,948043,9374,431232,11378,516811,0,0,11098,388330,9648,312388,15276,700718,California
San Diego,2021-02-28,14926,962969,9756,440988,5170,521981,0,0,9258,394645,5666,318054,11981,712699,California
San Diego,2021-03-01,23960,986929,14136,455124,9823,531804,1,1,14512,403590,9368,327422,18313,731012,California
San Diego,2021-03-02,25831,1012760,13903,469027,11928,543732,0,1,12566,409512,13253,340675,19175,750187,California
San Diego,2021-03-03,33550,1046310,15790,484817,17757,561489,3,4,13839,410510,19686,360361,20684,770871,California
San Diego,2021-03-04,27865,1074175,13890,498707,13975,575464,0,4,12397,414103,15446,375807,19039,789910,California
San Diego,2021-03-05,28515,1102690,14678,513385,13758,589222,79,83,13314,418907,15173,390980,19977,809887,California
San Diego,2021-03-06,23063,1125753,9417,522802,12945,602167,701,784,10179,421511,12869,403849,15473,825360,California
San Diego,2021-03-07,18094,1143847,9148,531950,8297,610464,649,1433,6850,421378,11229,415078,11096,836456,California
San Diego,2021-03-08,22744,1166591,11054,543004,10775,621239,915,2348,11283,426902,11437,426515,16961,853417,California
San Diego,2021-03-09,25442,1192033,11710,554714,11975,633214,1757,4105,9958,427008,15468,441983,15574,868991,California
San Diego,2021-03-10,25095,1217128,10510,565224,12192,645406,2393,6498,9924,428149,15155,457138,16296,885287,California
San Diego,2021-03-11,28078,1245206,10794,576018,13760,659166,3524,10022,9771,427058,18282,475420,17191,902478,California
San Diego,2021-03-12,26899,1272105,9415,585433,14374,673540,3110,13132,9817,426528,17069,492489,16539,919017,California
San Diego,2021-03-13,25881,1297986,7196,592629,16927,690467,1758,14890,10007,426515,15869,508358,15856,934873,California
San Diego,2021-03-14,13694,1311680,5412,598041,7548,698015,734,15624,4769,425370,8916,517274,7771,942644,California
San Diego,2021-03-15,21772,1333452,10035,608076,10954,708969,783,16407,8968,425372,12786,530060,12788,955432,California
San Diego,2021-03-16,29555,1363007,15487,623563,13653,722622,415,16822,15611,430439,13920,543980,18987,974419,California
San Diego,2021-03-17,26410,1389417,12148,635711,13545,736167,717,17539,16968,440729,9425,553405,19715,994134,California
San Diego,2021-03-18,31125,1420542,17501,653212,12701,748868,923,18462,16937,445929,14153,567558,19353,1013487,California
San Diego,2021-03-19,30104,1450646,14272,667484,14779,763647,1053,19515,19286,456653,10798,578356,21522,1035009,California
San Diego,2021-03-20,27671,1478317,8414,675898,17483,781130,1774,21289,21328,474506,6330,584686,24183,1059192,California
San Diego,2021-03-21,16277,1494594,11865,687763,3717,784847,695,21984,7653,475558,8609,593295,9661,1068853,California
San Diego,2021-03-22,22401,1516995,13059,700822,9056,793903,286,22270,14266,484740,8120,601415,17302,1086155,California
San Diego,2021-03-23,25715,1542710,13484,714306,11945,805848,286,22556,17022,495394,8679,610094,19333,1105488,California
San Diego,2021-03-24,29293,1572003,19579,733885,9325,815173,389,22945,16986,502497,12294,622388,19397,1124885,California
San Diego,2021-03-25,30145,1602148,18142,752027,11320,826493,683,23628,17894,510944,12230,634618,20677,1145562,California
San Diego,2021-03-26,31837,1633985,17808,769835,13514,840007,515,24143,17380,517207,14431,649049,20694,1166256,California
San Diego,2021-03-27,25372,1659357,11054,780889,13937,853944,381,24524,15614,525710,9738,658787,18241,1184497,California
San Diego,2021-03-28,15258,1674615,9391,790280,5809,859753,58,24582,9305,530780,5947,664734,11017,1195514,California
San Diego,2021-03-29,26593,1701208,12848,803128,13113,872866,632,25214,16360,539987,10222,674956,19429,1214943,California
San Diego,2021-03-30,33059,1734267,17801,820929,14465,887331,793,26007,21878,553316,11165,686121,24494,1239437,California
San Diego,2021-03-31,30313,1764580,18712,839641,10893,898224,708,26715,20560,565955,9734,695855,22373,1261810,California
San Diego,2021-04-01,34133,1798713,19917,859558,12735,910959,1481,28196,23123,580887,10986,706841,25918,1287728,California
San Diego,2021-04-02,35623,1834336,20609,880167,12233,923192,2781,30977,24003,597501,11601,718442,28215,1315943,California
San Diego,2021-04-03,30740,1865076,14418,894585,11707,934899,4615,35592,19590,611768,11135,729577,25402,1341345,California
San Diego,2021-04-04,8996,1874072,5166,899751,2912,937811,918,36510,4775,613422,4215,733792,5869,1347214,California
San Diego,2021-04-05,29682,1903754,15350,915101,11607,949418,2725,39235,19230,627418,10434,744226,24430,1371644,California
San Diego,2021-04-06,38560,1942314,20297,935398,12360,961778,5903,45138,22175,641237,16365,760591,30184,1401828,California
San Diego,2021-04-07,35974,1978288,21869,957267,9556,971334,4549,49687,20242,651530,15705,776296,25998,1427826,California
San Diego,2021-04-08,35005,2013293,21264,978531,9611,980945,4130,53817,21139,665513,13845,790141,27828,1455654,California
San Diego,2021-04-09,38167,2051460,22757,1001288,10221,991166,5189,59006,20598,677083,17504,807645,29074,1484728,California
San Diego,2021-04-10,28982,2080442,11715,1013003,13266,1004432,4001,63007,14926,684976,14045,821690,21938,1506666,California
San Diego,2021-04-11,16149,2096591,9989,1022992,3864,1008296,2296,65303,7137,688402,9008,830698,12434,1519100,California
San Diego,2021-04-12,30631,2127222,12849,1035841,13506,1021802,4276,69579,17000,699722,13615,844313,24935,1544035,California
San Diego,2021-04-13,36914,2164136,17688,1053529,19191,1040993,35,69614,24472,714638,12420,856733,27336,1571371,California
San Diego,2021-04-14,32860,2196996,18830,1072359,14017,1055010,13,69627,17673,721487,15171,871904,22020,1593391,California
San Diego,2021-04-15,39284,2236280,20351,1092710,18924,1073934,9,69636,23759,732619,15500,887404,26632,1620023,California
San Diego,2021-04-16,33588,2269868,18469,1111179,15116,1089050,3,69639,19399,740266,14129,901533,21776,1641799,California
San Diego,2021-04-17,27873,2297741,13538,1124717,14335,1103385,0,69639,12288,740125,15489,917022,15348,1657147,California
San Diego,2021-04-18,14645,2312386,9093,1133810,5549,1108934,3,69642,6769,742006,7863,924885,9744,1666891,California
San Diego,2021-04-19,26575,2338961,13582,1147392,12991,1121925,2,69644,12451,742083,14103,938988,14180,1681071,California
San Diego,2021-04-20,39626,2378587,18399,1165791,21225,1143150,2,69646,20199,745836,19404,958392,23157,1704228,California
San Diego,2021-04-21,36415,2415002,22015,1187806,14400,1157550,0,69646,17523,747812,18850,977242,20826,1725054,California
San Diego,2021-04-22,44940,2459942,23305,1211111,21631,1179181,4,69650,22454,750868,22441,999683,25497,1750551,California
San Diego,2021-04-23,42727,2502669,26529,1237640,16195,1195376,3,69653,15983,743332,26706,1026389,19170,1769721,California
San Diego,2021-04-24,34914,2537583,18903,1256543,15996,1211372,15,69668,15561,742771,19312,1045701,18751,1788472,California
San Diego,2021-04-25,12636,2550219,7671,1264214,4964,1216336,1,69669,5855,743252,6769,1052470,7250,1795722,California
San Diego,2021-04-26,33507,2583726,16807,1281021,16561,1232897,139,69808,11775,737869,21708,1074178,16325,1812047,California
San Diego,2021-04-27,44812,2628538,24683,1305704,19575,1252472,554,70362,19746,736223,25020,1099198,23374,1835421,California
San Diego,2021-04-28,38475,2667013,22822,1328526,14978,1267450,675,71037,17424,735565,21007,1120205,20349,1855770,California
San Diego,2021-04-29,38330,2705343,24468,1352994,13204,1280654,658,71695,15576,730794,22717,1142922,17946,1873716,California
San Diego,2021-04-30,38278,2743621,23246,1376240,13950,1294604,1082,72777,15040,725572,23198,1166120,17976,1891692,California
San Diego,2021-05-01,24223,2767844,10678,1386918,12907,1307511,638,73415,9499,723155,14714,1180834,12297,1903989,California
San Diego,2021-05-02,10613,2778457,7434,1394352,2597,1310108,582,73997,3229,719918,7380,1188214,4143,1908132,California
San Diego,2021-05-03,25208,2803665,12397,1406749,11659,1321767,1152,75149,9255,715212,15930,1204144,11224,1919356,California
San Diego,2021-05-04,32048,2835713,17831,1424580,12939,1334706,1278,76427,11559,708686,20462,1224606,13936,1933292,California
San Diego,2021-05-05,28006,2863719,17245,1441825,9480,1344186,1281,77708,10592,704193,17391,1241997,12898,1946190,California
San Diego,2021-05-06,28537,2892256,18964,1460789,8660,1352846,913,78621,10765,700579,17742,1259739,14128,1960318,California
San Diego,2021-05-07,29738,2921994,19477,1480266,9221,1362067,1040,79661,11021,695176,18681,1278420,13278,1973596,California
San Diego,2021-05-08,23105,2945099,11104,1491370,11258,1373325,743,80404,7254,688789,15823,1294243,9436,1983032,California
San Diego,2021-05-09,7550,2952649,5670,1497040,1466,1374791,414,80818,2577,687234,4967,1299210,3412,1986444,California
San Diego,2021-05-10,21761,2974410,8658,1505698,12284,1387075,819,81637,5869,679341,15861,1315071,7968,1994412,California
San Diego,2021-05-11,28803,3003213,12230,1517928,15756,1402831,817,82454,10100,673307,18671,1333742,12637,2007049,California
San Diego,2021-05-12,23115,3026328,12646,1530574,9592,1412423,877,83331,8319,668874,14763,1348505,10330,2017379,California
San Diego,2021-05-13,31442,3057770,19074,1549648,11730,1424153,638,83969,13032,666786,18351,1366856,16263,2033642,California
San Diego,2021-05-14,30873,3088643,19813,1569461,10224,1434377,836,84805,13991,666864,16838,1383694,16916,2050558,California
San Diego,2021-05-15,26175,3114818,16476,1585937,8877,1443254,822,85627,10820,664179,15296,1398990,12611,2063169,California
San Diego,2021-05-16,13707,3128525,10228,1596165,2917,1446171,562,86189,6743,664926,6952,1405942,7699,2070868,California
San Diego,2021-05-17,21392,3149917,12974,1609139,7674,1453845,744,86933,8841,662872,12512,1418454,10458,2081326,California
San Diego,2021-05-18,34233,3184150,19400,1628539,13970,1467815,863,87796,13269,657510,20932,1439386,15570,2096896,California
San Diego,2021-05-19,28408,3212558,17823,1646362,9805,1477620,780,88576,11961,654974,16415,1455801,13879,2110775,California
San Diego,2021-05-20,34804,3247362,19250,1665612,14734,1492354,820,89396,11660,645900,23113,1478914,14039,2124814,California
San Diego,2021-05-21,27021,3274383,17169,1682781,8864,1501218,988,90384,10841,642835,16147,1495061,13082,2137896,California
San Diego,2021-05-22,21534,3295917,12416,1695197,7868,1509086,1250,91634,8988,641683,12522,1507583,11370,2149266,California
San Diego,2021-05-23,7350,3303267,5249,1700446,1793,1510879,308,91942,3479,642007,3848,1511431,4172,2153438,California
San Diego,2021-05-24,17867,3321134,9140,1709586,6816,1517695,1911,93853,6420,639771,11427,1522858,9191,2162629,California
San Diego,2021-05-25,24332,3345466,13103,1722689,9361,1527056,1868,95721,8459,635422,15844,1538702,11495,2174124,California
San Diego,2021-05-26,19130,3364596,10598,1733287,6521,1533577,2011,97732,6581,632363,12519,1551221,9460,2183584,California
San Diego,2021-05-27,20627,3385223,11956,1745243,6281,1539858,2390,100122,6934,629119,13673,1564894,10429,2194013,California
San Diego,2021-05-28,21258,3406481,13190,1758433,7359,1547217,709,100831,8360,626450,12880,1577774,10211,2204224,California
San Diego,2021-05-29,11991,3418472,7576,1766009,3924,1551141,491,101322,5153,625794,6824,1584598,6168,2210392,California
San Diego,2021-05-30,4672,3423144,3192,1769201,1102,1552243,378,101700,2003,625743,2663,1587261,2612,2213004,California
San Diego,2021-05-31,2584,3425728,1742,1770943,671,1552914,171,101871,847,625157,1730,1588991,1144,2214148,California
San Diego,2021-06-01,21269,3446997,11332,1782275,8308,1561222,1629,103500,5760,618004,15483,1604474,8330,2222478,California
San Diego,2021-06-02,17070,3464067,8814,1791089,6185,1567407,2071,105571,5469,614701,11573,1616047,8270,2230748,California
San Diego,2021-06-03,19206,3483273,12006,1803095,5399,1572806,1801,107372,5169,608700,14016,1630063,8015,2238763,California
San Diego,2021-06-04,19825,3503098,13848,1816943,5359,1578165,618,107990,5727,602878,14067,1644130,8245,2247008,California
San Diego,2021-06-05,15814,3518912,12036,1828979,2996,1581161,782,108772,4479,597805,11320,1655450,6247,2253255,California
San Diego,2021-06-06,5606,3524518,4530,1833509,765,1581926,311,109083,1580,596505,4015,1659465,2715,2255970,California
San Diego,2021-06-07,12794,3537312,8046,1841555,3400,1585326,1348,110431,3536,592905,9240,1668705,5640,2261610,California
San Diego,2021-06-08,20479,3557791,14473,1856028,4119,1589445,1887,112318,4994,585374,15472,1684177,7941,2269551,California
San Diego,2021-06-09,17042,3574833,11353,1867381,3738,1593183,1951,114269,4363,579988,12664,1696841,7278,2276829,California
San Diego,2021-06-10,17880,3592713,11868,1879249,3934,1597117,2078,116347,4364,574031,13490,1710331,7533,2284362,California
San Diego,2021-06-11,15853,3608566,10088,1889337,4414,1601531,1351,117698,4327,569148,11495,1721826,6612,2290974,California
San Diego,2021-06-12,11009,3619575,8442,1897779,2146,1603677,421,118119,3160,565549,7830,1729656,4231,2295205,California
San Diego,2021-06-13,4157,3623732,3107,1900886,845,1604522,205,118324,1002,564011,3149,1732805,1611,2296816,California
San Diego,2021-06-14,12627,3636359,7581,1908467,2855,1607377,2191,120515,3555,561361,9058,1741863,6408,2303224,California
San Diego,2021-06-15,17906,3654265,10267,1918734,4203,1611580,3436,123951,4705,557242,13192,1755055,9073,2312297,California
San Diego,2021-06-16,13956,3668221,8871,1927605,2771,1614351,2314,126265,4451,555311,9491,1764546,7560,2319857,California
San Diego,2021-06-17,14819,3683040,8493,1936098,3488,1617839,2838,129103,4195,552392,10612,1775158,7693,2327550,California
San Diego,2021-06-18,14152,3697192,8749,1944847,3575,1621414,1828,130931,4422,549727,9718,1784876,7053,2334603,California
San Diego,2021-06-19,7551,3704743,5579,1950426,1512,1622926,460,131391,2756,548710,4774,1789650,3757,2338360,California
San Diego,2021-06-20,3107,3707850,2259,1952685,649,1623575,199,131590,1149,548326,1953,1791603,1569,2339929,California
San Diego,2021-06-21,9126,3716976,5152,1957837,2430,1626005,1544,133134,3893,549083,5226,1796829,5983,2345912,California
San Diego,2021-06-22,11294,3728270,7566,1965403,2586,1628591,1142,134276,4436,548511,6851,1803680,6279,2352191,California
San Diego,2021-06-23,10825,3739095,7042,1972445,2337,1630928,1446,135722,4419,548637,6397,1810077,6523,2358714,California
San Diego,2021-06-24,10070,3749165,6539,1978984,2754,1633682,777,136499,4050,548084,6011,1816088,5458,2364172,California
San Diego,2021-06-25,10623,3759788,7391,1986375,2628,1636310,604,137103,4117,546945,6497,1822585,5358,2369530,California
San Diego,2021-06-26,6700,3766488,5252,1991627,1139,1637449,309,137412,2679,546505,4010,1826595,3570,2373100,California
San Diego,2021-06-27,3015,3769503,2308,1993935,500,1637949,207,137619,1332,546608,1680,1828275,1783,2374883,California
San Diego,2021-06-28,7217,3776720,5316,1999251,1385,1639334,516,138135,3377,547155,3835,1832110,4382,2379265,California
San Diego,2021-06-29,8795,3785515,6123,2005374,1995,1641329,677,138812,3652,546952,5129,1837239,4926,2384191,California
San Diego,2021-06-30,8227,3793742,6070,2011444,1636,1642965,521,139333,3569,546971,4645,1841884,4664,2388855,California
San Diego,2021-07-01,7313,3801055,5049,2016493,1866,1644831,398,139731,3173,546958,4129,1846013,4116,2392971,California
San Diego,2021-07-02,7532,3808587,5192,2021685,1925,1646756,415,140146,3193,546790,4319,1850332,4151,2397122,California
San Diego,2021-07-03,4182,3812769,3148,2024833,864,1647620,170,140316,1904,546912,2272,1852604,2394,2399516,California
San Diego,2021-07-04,419,3813188,279,2025112,57,1647677,83,140399,155,546942,264,1852868,294,2399810,California
San Diego,2021-07-05,3976,3817164,2852,2027964,834,1648511,290,140689,1844,547245,2128,1854996,2431,2402241,California
San Diego,2021-07-06,8446,3825610,6265,2034229,1786,1650297,395,141084,3153,546152,5284,1860280,4191,2406432,California
San Diego,2021-07-07,7439,3833049,5510,2039739,1443,1651740,486,141570,3051,545925,4377,1864657,4150,2410582,California
San Diego,2021-07-08,2850,3835899,2188,2041927,342,1652082,320,141890,1173,546195,1672,1866329,1942,2412524,California
San Francisco,2020-12-15,6,6,6,6,0,0,0,0,6,6,0,0,6,6,California
San Francisco,2020-12-16,234,240,234,240,0,0,0,0,234,240,0,0,234,240,California
San Francisco,2020-12-17,416,656,416,656,0,0,0,0,416,656,0,0,416,656,California
San Francisco,2020-12-18,906,1562,905,1561,1,1,0,0,906,1562,0,0,906,1562,California
San Francisco,2020-12-19,612,2174,612,2173,0,1,0,0,612,2174,0,0,612,2174,California
San Francisco,2020-12-20,481,2655,481,2654,0,1,0,0,481,2655,0,0,481,2655,California
San Francisco,2020-12-21,1163,3818,1163,3817,0,1,0,0,1163,3818,0,0,1163,3818,California
San Francisco,2020-12-22,1395,5213,1361,5178,34,35,0,0,1395,5213,0,0,1395,5213,California
San Francisco,2020-12-23,1354,6567,1055,6233,299,334,0,0,1354,6567,0,0,1354,6567,California
San Francisco,2020-12-24,843,7410,504,6737,339,673,0,0,843,7410,0,0,843,7410,California
San Francisco,2020-12-25,37,7447,31,6768,6,679,0,0,37,7447,0,0,37,7447,California
San Francisco,2020-12-26,250,7697,154,6922,96,775,0,0,250,7697,0,0,250,7697,California
San Francisco,2020-12-27,274,7971,60,6982,214,989,0,0,274,7971,0,0,274,7971,California
San Francisco,2020-12-28,1279,9250,693,7675,586,1575,0,0,1279,9250,0,0,1279,9250,California
San Francisco,2020-12-29,1262,10512,631,8306,631,2206,0,0,1262,10512,0,0,1262,10512,California
San Francisco,2020-12-30,1487,11999,781,9087,706,2912,0,0,1487,11999,0,0,1487,11999,California
San Francisco,2020-12-31,982,12981,415,9502,567,3479,0,0,981,12980,0,0,981,12980,California
San Francisco,2021-01-01,107,13088,79,9581,28,3507,0,0,107,13087,0,0,107,13087,California
San Francisco,2021-01-02,339,13427,303,9884,36,3543,0,0,339,13426,0,0,339,13426,California
San Francisco,2021-01-03,298,13725,105,9989,193,3736,0,0,297,13722,1,1,297,13723,California
San Francisco,2021-01-04,1846,15571,1358,11347,488,4224,0,0,1843,15562,3,4,1843,15566,California
San Francisco,2021-01-05,2239,17810,1423,12770,816,5040,0,0,2200,17725,39,43,2202,17768,California
San Francisco,2021-01-06,1877,19687,1162,13932,715,5755,0,0,1607,19065,268,311,1608,19376,California
San Francisco,2021-01-07,2080,21767,1213,15145,867,6622,0,0,1603,20194,474,785,1603,20979,California
San Francisco,2021-01-08,2334,24101,1643,16788,691,7313,0,0,1471,20807,858,1643,1471,22450,California
San Francisco,2021-01-09,1399,25500,902,17690,497,7810,0,0,887,21184,512,2155,889,23339,California
San Francisco,2021-01-10,920,26420,541,18231,379,8189,0,0,461,21187,458,2613,461,23800,California
San Francisco,2021-01-11,2513,28933,1868,20099,645,8834,0,0,1408,21490,1106,3719,1409,25209,California
San Francisco,2021-01-12,3094,32027,2060,22159,1034,9868,0,0,1900,22199,1193,4912,1902,27111,California
San Francisco,2021-01-13,2851,34878,1619,23778,1232,11100,0,0,2012,23372,839,5751,2012,29123,California
San Francisco,2021-01-14,2468,37346,1111,24889,1357,12457,0,0,1901,24706,567,6318,1901,31024,California
San Francisco,2021-01-15,2774,40120,1162,26051,1612,14069,0,0,2371,26678,401,6719,2373,33397,California
San Francisco,2021-01-16,2240,42360,937,26988,1303,15372,0,0,2071,28582,169,6888,2073,35470,California
San Francisco,2021-01-17,1940,44300,534,27522,1406,16778,0,0,1720,30083,219,7107,1720,37190,California
San Francisco,2021-01-18,1394,45694,606,28128,788,17566,0,0,1122,30935,271,7378,1123,38313,California
San Francisco,2021-01-19,2601,48295,1482,29610,1119,18685,0,0,1846,32026,755,8133,1846,40159,California
San Francisco,2021-01-20,2839,51134,1192,30802,1647,20332,0,0,2076,33343,760,8893,2077,42236,California
San Francisco,2021-01-21,3443,54577,1038,31840,2405,22737,0,0,2563,35027,879,9772,2563,44799,California
San Francisco,2021-01-22,3253,57830,678,32518,2575,25312,0,0,2805,37386,446,10218,2805,47604,California
San Francisco,2021-01-23,3119,60949,612,33130,2507,27819,0,0,2747,39763,371,10589,2748,50352,California
San Francisco,2021-01-24,2430,63379,363,33493,2067,29886,0,0,2196,41729,230,10819,2196,52548,California
San Francisco,2021-01-25,4647,68026,1836,35329,2811,32697,0,0,3056,43198,1588,12407,3057,55605,California
San Francisco,2021-01-26,4764,72790,2189,37518,2575,35272,0,0,3113,44665,1648,14055,3115,58720,California
San Francisco,2021-01-27,4386,77176,1984,39502,2402,37674,0,0,3077,46435,1307,15362,3077,61797,California
San Francisco,2021-01-28,3801,80977,1576,41078,2225,39899,0,0,2625,47892,1169,16531,2626,64423,California
San Francisco,2021-01-29,4843,85820,1764,42842,3079,42978,0,0,3513,50112,1293,17824,3513,67936,California
San Francisco,2021-01-30,3816,89636,1846,44688,1970,44948,0,0,3353,53007,462,18286,3357,71293,California
San Francisco,2021-01-31,2358,91994,820,45508,1538,46486,0,0,2207,55065,150,18436,2208,73501,California
San Francisco,2021-02-01,4005,95999,1710,47218,2295,48781,0,0,2926,56914,1078,19514,2927,76428,California
San Francisco,2021-02-02,4563,100562,1820,49038,2743,51524,0,0,2952,58261,1605,21119,2952,79380,California
San Francisco,2021-02-03,5123,105685,2405,51443,2718,54242,0,0,3793,60727,1328,22447,3794,83174,California
San Francisco,2021-02-04,5068,110753,2429,53872,2639,56881,0,0,3883,63428,1182,23629,3883,87057,California
San Francisco,2021-02-05,5994,116747,3213,57085,2781,59662,0,0,4632,66701,1360,24989,4633,91690,California
San Francisco,2021-02-06,5496,122243,3668,60753,1828,61490,0,0,4619,70477,846,25835,4622,96312,California
San Francisco,2021-02-07,4375,126618,3220,63973,1155,62645,0,0,3791,73693,579,26414,3795,100107,California
San Francisco,2021-02-08,6774,133392,4658,68631,2116,64761,0,0,5537,78012,1221,27635,5540,105647,California
San Francisco,2021-02-09,5978,139370,4020,72651,1958,66719,0,0,4416,80859,1571,29206,4418,110065,California
San Francisco,2021-02-10,6959,146329,4208,76859,2751,69470,0,0,5080,84069,1874,31080,5084,115149,California
San Francisco,2021-02-11,6776,153105,4012,80871,2764,72234,0,0,4898,87098,1872,32952,4901,120050,California
San Francisco,2021-02-12,5375,158480,2697,83568,2678,74912,0,0,3485,88692,1891,34843,3485,123535,California
San Francisco,2021-02-13,4423,162903,2593,86161,1830,76742,0,0,3066,90404,1357,36200,3069,126604,California
San Francisco,2021-02-14,3455,166358,2266,88427,1189,77931,0,0,2312,91576,1142,37342,2314,128918,California
San Francisco,2021-02-15,2802,169160,1514,89941,1288,79219,0,0,1680,92137,1119,38461,1680,130598,California
San Francisco,2021-02-16,5168,174328,2845,92786,2323,81542,0,0,3012,93007,2149,40610,3019,133617,California
San Francisco,2021-02-17,5399,179727,2654,95440,2745,84287,0,0,2970,93563,2417,43027,2973,136590,California
San Francisco,2021-02-18,5451,185178,2667,98107,2784,87071,0,0,2825,93771,2623,45650,2831,139421,California
San Francisco,2021-02-19,5737,190915,2698,100805,3039,90110,0,0,2976,93997,2751,48401,2977,142398,California
San Francisco,2021-02-20,4657,195572,2252,103057,2405,92515,0,0,1738,92826,2910,51311,1739,144137,California
San Francisco,2021-02-21,2984,198556,1573,104630,1411,93926,0,0,1321,92496,1652,52963,1322,145459,California
San Francisco,2021-02-22,5510,204066,3414,108044,2096,96022,0,0,2744,92487,2756,55719,2747,148206,California
San Francisco,2021-02-23,5935,210001,3360,111404,2575,98597,0,0,3013,92586,2914,58633,3013,151219,California
San Francisco,2021-02-24,9551,219552,5425,116829,4126,102723,0,0,5085,93223,4450,63083,5087,156306,California
San Francisco,2021-02-25,10429,229981,7279,124108,3150,105873,0,0,6665,96131,3759,66842,6667,162973,California
San Francisco,2021-02-26,12675,242656,8242,132350,4433,110306,0,0,7502,98466,5168,72010,7503,170476,California
San Francisco,2021-02-27,9525,252181,6128,138478,3396,113702,1,1,4743,98451,4760,76770,4745,175221,California
San Francisco,2021-02-28,7931,260112,5664,144142,2267,115969,0,1,3877,98283,4046,80816,3878,179099,California
San Francisco,2021-03-01,11424,271536,7700,151842,3718,119687,6,7,5576,98047,5820,86636,5584,184683,California
San Francisco,2021-03-02,10063,281599,6778,158620,3285,122972,0,7,5692,99380,4360,90996,5693,190376,California
San Francisco,2021-03-03,11440,293039,6684,165304,4755,127727,1,8,6285,100529,5140,96136,6289,196665,California
San Francisco,2021-03-04,8834,301873,5537,170841,3297,131024,0,8,4977,101663,3845,99981,4979,201644,California
San Francisco,2021-03-05,9270,311143,5664,176505,3602,134626,4,12,5806,104024,3450,103431,5811,207455,California
San Francisco,2021-03-06,7236,318379,4696,181201,2328,136954,212,224,4540,106062,2706,106137,4744,212199,California
San Francisco,2021-03-07,5544,323923,4235,185436,1154,138108,155,379,3143,106946,2410,108547,3294,215493,California
San Francisco,2021-03-08,7597,331520,5501,190937,1891,139999,205,584,5982,111485,1646,110193,6185,221678,California
San Francisco,2021-03-09,8364,339884,5536,196473,2448,142447,380,964,6095,115680,2273,112466,6468,228146,California
San Francisco,2021-03-10,11300,351184,6615,203088,4182,146629,503,1467,7041,118985,4235,116701,7540,235686,California
San Francisco,2021-03-11,10138,361322,6396,209484,2770,149399,972,2439,6637,123096,3480,120181,7591,243277,California
San Francisco,2021-03-12,10905,372227,6363,215847,3190,152589,1352,3791,6061,125679,4820,125001,7403,250680,California
San Francisco,2021-03-13,6770,378997,3945,219792,1746,154335,1079,4870,4205,128404,2555,127556,5280,255960,California
San Francisco,2021-03-14,7581,386578,4927,224719,2404,156739,250,5120,3955,128998,3606,131162,4200,260160,California
San Francisco,2021-03-15,12142,398720,9282,234001,1914,158653,946,6066,8354,134512,3771,134933,9285,269445,California
San Francisco,2021-03-16,12267,410987,8339,242340,3450,162103,478,6544,8743,140234,3500,138433,9222,278667,California
San Francisco,2021-03-17,13629,424616,8448,250788,4548,166651,633,7177,9659,146584,3937,142370,10287,288954,California
San Francisco,2021-03-18,10296,434912,7046,257834,2621,169272,629,7806,5789,148509,4482,146852,6407,295361,California
San Francisco,2021-03-19,12614,447526,9245,267079,2897,172169,472,8278,6495,149377,6090,152942,6958,302319,California
San Francisco,2021-03-20,8952,456478,6582,273661,1902,174071,468,8746,5190,151307,3729,156671,5659,307978,California
San Francisco,2021-03-21,6702,463180,6140,279801,423,174494,139,8885,3766,152291,2918,159589,3902,311880,California
San Francisco,2021-03-22,10006,473186,6974,286775,2191,176685,841,9726,5142,153422,4841,164430,5972,317852,California
San Francisco,2021-03-23,11408,484594,7596,294371,3159,179844,653,10379,6306,155302,5070,169500,6950,324802,California
San Francisco,2021-03-24,12426,497020,9520,303891,2368,182212,538,10917,6101,155650,6280,175780,6628,331430,California
San Francisco,2021-03-25,12012,509032,8768,312659,2677,184889,567,11484,5777,155832,6158,181938,6340,337770,California
San Francisco,2021-03-26,12061,521093,8353,321012,3475,188364,233,11717,5785,155604,6241,188179,6013,343783,California
San Francisco,2021-03-27,8913,530006,5920,326932,2641,191005,352,12069,3806,154680,5079,193258,4155,347938,California
San Francisco,2021-03-28,6669,536675,5325,332257,1302,192307,42,12111,2950,153977,3693,196951,2990,350928,California
San Francisco,2021-03-29,11661,548336,8022,340279,3453,195760,186,12297,4799,152132,6828,203779,4983,355911,California
San Francisco,2021-03-30,11693,560029,7321,347600,4081,199841,291,12588,5498,151751,6168,209947,5787,361698,California
San Francisco,2021-03-31,12322,572351,8195,355795,3829,203670,298,12886,4909,149573,7378,217325,5200,366898,California
San Francisco,2021-04-01,14042,586393,7432,363227,4902,208572,1708,14594,6036,149319,7962,225287,7708,374606,California
San Francisco,2021-04-02,14904,601297,6577,369804,6428,215000,1899,16493,6947,150207,7932,233219,8820,383426,California
San Francisco,2021-04-03,10615,611912,4925,374729,3861,218861,1829,18322,4812,151042,5782,239001,6617,390043,California
San Francisco,2021-04-04,9053,620965,4802,379531,2592,221453,1659,19981,3583,150817,5451,244452,5226,395269,California
San Francisco,2021-04-05,16153,637118,9850,389381,4407,225860,1896,21877,6307,149182,9815,254267,8180,403449,California
San Francisco,2021-04-06,16162,653280,9542,398923,4547,230407,2073,23950,6280,147666,9851,264118,8335,411784,California
San Francisco,2021-04-07,16904,670184,10058,408981,4603,235010,2243,26193,7006,147018,9872,273990,9224,421008,California
San Francisco,2021-04-08,14242,684426,6773,415754,3034,238044,4435,30628,4647,146495,9553,283543,9030,430038,California
San Francisco,2021-04-09,15891,700317,7686,423440,4840,242884,3365,33993,6633,147241,9221,292764,9967,440005,California
San Francisco,2021-04-10,13370,713687,5712,429152,5902,248786,1756,35749,7116,149869,6224,298988,8852,448857,California
San Francisco,2021-04-11,10073,723760,7542,436694,1350,250136,1181,36930,5203,151385,4854,303842,6370,455227,California
San Francisco,2021-04-12,10674,734434,6926,443620,2588,252724,1160,38090,4890,151664,5759,309601,6038,461265,California
San Francisco,2021-04-13,10859,745293,7361,450981,3485,256209,13,38103,5465,151782,5365,314966,5483,466748,California
San Francisco,2021-04-14,13397,758690,8065,459046,5331,261540,1,38104,6352,151134,7003,321969,6355,473103,California
San Francisco,2021-04-15,13879,772569,9602,468648,4276,265816,1,38105,8062,153420,5782,327751,8068,481171,California
San Francisco,2021-04-16,13056,785625,8761,477409,4251,270067,44,38149,7603,155650,5421,333172,7651,488822,California
San Francisco,2021-04-17,10248,795873,7380,484789,2867,272934,1,38150,7229,159883,3001,336173,7234,496056,California
San Francisco,2021-04-18,6944,802817,5373,490162,1569,274503,2,38152,4306,161576,2617,338790,4310,500366,California
San Francisco,2021-04-19,11124,813941,8309,498471,2810,277313,5,38157,7095,164677,4009,342799,7110,507476,California
San Francisco,2021-04-20,13132,827073,7899,506370,5231,282544,2,38159,8922,169425,4177,346976,8925,516401,California
San Francisco,2021-04-21,11953,839026,8751,515121,3197,285741,5,38164,7233,171978,4690,351666,7243,523644,California
San Francisco,2021-04-22,11119,850145,8281,523402,2837,288578,1,38165,6370,173642,4714,356380,6378,530022,California
San Francisco,2021-04-23,10940,861085,6405,529807,4535,293113,0,38165,6478,175699,4430,360810,6487,536509,California
San Francisco,2021-04-24,7969,869054,5473,535280,2496,295609,0,38165,4712,177185,3235,364045,4721,541230,California
San Francisco,2021-04-25,5044,874098,4338,539618,700,296309,6,38171,2945,178055,2086,366131,2956,544186,California
San Francisco,2021-04-26,8538,882636,6085,545703,2441,298750,12,38183,4257,178089,4251,370382,4285,548471,California
San Francisco,2021-04-27,8986,891622,6110,551813,2706,301456,170,38353,4485,178279,4474,374856,4664,553135,California
San Francisco,2021-04-28,9964,901586,6977,558790,2797,304253,190,38543,5226,178998,4704,379560,5423,558558,California
San Francisco,2021-04-29,9811,911397,5831,564621,3783,308036,197,38740,4822,179072,4958,384518,5032,563590,California
San Francisco,2021-04-30,11335,922732,5614,570235,5518,313554,203,38943,4227,176450,7058,391576,4436,568026,California
San Francisco,2021-05-01,6999,929731,3598,573833,3286,316840,115,39058,1699,173001,5264,396840,1815,569841,California
San Francisco,2021-05-02,5331,935062,3086,576919,2146,318986,99,39157,979,169741,4342,401182,1082,570923,California
San Francisco,2021-05-03,9705,944767,6611,583530,2930,321916,164,39321,2439,165117,7235,408417,2611,573534,California
San Francisco,2021-05-04,9853,954620,6442,589972,3160,325076,251,39572,2387,160329,7431,415848,2643,576177,California
San Francisco,2021-05-05,9266,963886,6569,596541,2385,327461,312,39884,2274,155975,6945,422793,2591,578768,California
San Francisco,2021-05-06,10972,974858,8784,605325,1715,329176,473,40357,1907,149327,9030,431823,2382,581150,California
San Francisco,2021-05-07,10313,985171,6666,611991,3376,332552,271,40628,1681,142673,8606,440429,1952,583102,California
San Francisco,2021-05-08,8910,994081,4055,616046,4725,337277,130,40758,1100,136126,7778,448207,1231,584333,California
San Francisco,2021-05-09,6736,1000817,5846,621892,806,338083,84,40842,1086,131663,5627,453834,1164,585497,California
San Francisco,2021-05-10,7389,1008206,5320,627212,1814,339897,255,41097,1006,126573,6350,460184,1260,586757,California
San Francisco,2021-05-11,8158,1016364,6025,633237,1913,341810,220,41317,1491,121655,6628,466812,1710,588467,California
San Francisco,2021-05-12,8386,1024750,6149,639386,1780,343590,457,41774,1498,116752,6855,473667,1952,590419,California
San Francisco,2021-05-13,11393,1036143,8388,647774,2779,346369,226,42000,4177,113977,7186,480853,4411,594830,California
San Francisco,2021-05-14,9589,1045732,6822,654596,2596,348965,171,42171,2987,110578,6568,487421,3169,597999,California
San Francisco,2021-05-15,8134,1053866,6449,661045,1629,350594,56,42227,3209,108945,4909,492330,3276,601275,California
San Francisco,2021-05-16,5298,1059164,4457,665502,782,351376,59,42286,2019,107767,3257,495587,2079,603354,California
San Francisco,2021-05-17,7407,1066571,5518,671020,1724,353100,165,42451,2376,105300,5011,500598,2544,605898,California
San Francisco,2021-05-18,8761,1075332,5023,676043,3563,356663,175,42626,1825,100412,6888,507486,2000,607898,California
San Francisco,2021-05-19,7496,1082828,5552,681595,1710,358373,234,42860,2151,97478,5317,512803,2383,610281,California
San Francisco,2021-05-20,6146,1088974,4122,685717,1771,360144,253,43113,1492,94602,4616,517419,1740,612021,California
San Francisco,2021-05-21,7195,1096169,4081,689798,2928,363072,186,43299,1576,90788,5571,522990,1757,613778,California
San Francisco,2021-05-22,4839,1101008,3648,693446,1100,364172,91,43390,2208,90475,2611,525601,2298,616076,California
San Francisco,2021-05-23,1935,1102943,1482,694928,378,364550,75,43465,846,90317,1079,526680,921,616997,California
San Francisco,2021-05-24,4226,1107169,3001,697929,1062,365612,163,43628,1233,88749,2966,529646,1398,618395,California
San Francisco,2021-05-25,3702,1110871,2404,700333,1076,366688,222,43850,1030,87344,2652,532298,1247,619642,California
San Francisco,2021-05-26,3972,1114843,2556,702889,1270,367958,146,43996,1057,85657,2890,535188,1203,620845,California
San Francisco,2021-05-27,3727,1118570,2149,705038,1402,369360,176,44172,1166,84450,2548,537736,1341,622186,California
San Francisco,2021-05-28,3779,1122349,2154,707192,1463,370823,162,44334,1313,83489,2435,540171,1474,623660,California
San Francisco,2021-05-29,2038,1124387,1467,708659,469,371292,102,44436,790,83148,1227,541398,886,624546,California
San Francisco,2021-05-30,974,1125361,696,709355,241,371533,37,44473,396,83007,574,541972,433,624979,California
San Francisco,2021-05-31,260,1125621,212,709567,41,371574,7,44480,88,82932,170,542142,95,625074,California
San Francisco,2021-06-01,3586,1129207,2172,711739,1226,372800,188,44668,1064,81677,2504,544646,1249,626323,California
San Francisco,2021-06-02,2469,1131676,1785,713524,561,373361,123,44791,814,80969,1640,546286,932,627255,California
San Francisco,2021-06-03,3965,1135641,2720,716244,1043,374404,202,44993,913,79047,3032,549318,1110,628365,California
San Francisco,2021-06-04,5731,1141372,4859,721103,738,375142,134,45127,1244,75968,4453,553771,1374,629739,California
San Francisco,2021-06-05,3735,1145107,3157,724260,430,375572,148,45275,874,74137,2849,556620,1018,630757,California
San Francisco,2021-06-06,2342,1147449,2191,726451,113,375685,38,45313,393,72626,1942,558562,431,631188,California
San Francisco,2021-06-07,3656,1151105,3027,729478,494,376179,135,45448,870,70862,2767,561329,1003,632191,California
San Francisco,2021-06-08,2830,1153935,2224,731702,440,376619,166,45614,794,69798,2018,563347,954,633145,California
San Francisco,2021-06-09,2322,1156257,1858,733560,327,376946,137,45751,656,68937,1652,564999,791,633936,California
San Francisco,2021-06-10,2501,1158758,1911,735471,400,377346,190,45941,754,68146,1735,566734,944,634880,California
San Francisco,2021-06-11,3155,1161913,2490,737961,500,377846,165,46106,922,67021,2209,568943,1084,635964,California
San Francisco,2021-06-12,3033,1164946,2633,740594,274,378120,126,46232,712,65550,2307,571250,836,636800,California
San Francisco,2021-06-13,922,1165868,801,741395,74,378194,47,46279,221,65122,695,571945,267,637067,California
San Francisco,2021-06-14,2508,1168376,2026,743421,330,378524,152,46431,823,64423,1671,573616,972,638039,California
San Francisco,2021-06-15,1915,1170291,1479,744900,303,378827,133,46564,675,64003,1228,574844,808,638847,California
San Francisco,2021-06-16,1873,1172164,1418,746318,260,379087,195,46759,645,63625,1211,576055,833,639680,California
San Francisco,2021-06-17,1986,1174150,1528,747846,258,379345,200,46959,647,63143,1324,577379,842,640522,California
San Francisco,2021-06-18,2347,1176497,1732,749578,440,379785,175,47134,748,62478,1584,578963,919,641441,California
San Francisco,2021-06-19,1416,1177913,1182,750760,122,379907,112,47246,434,62052,968,579931,542,641983,California
San Francisco,2021-06-20,627,1178540,535,751295,57,379964,35,47281,255,61977,365,580296,290,642273,California
San Francisco,2021-06-21,1164,1179704,865,752160,188,380152,111,47392,603,62139,550,580846,712,642985,California
San Francisco,2021-06-22,1586,1181290,1245,753405,229,380381,112,47504,550,61774,1021,581867,656,643641,California
San Francisco,2021-06-23,1486,1182776,1172,754577,174,380555,140,47644,588,61609,886,582753,721,644362,California
San Francisco,2021-06-24,1538,1184314,1126,755703,243,380798,169,47813,510,61274,1009,583762,674,645036,California
San Francisco,2021-06-25,1823,1186137,1472,757175,249,381047,102,47915,655,60882,1147,584909,755,645791,California
San Francisco,2021-06-26,1407,1187544,1255,758430,67,381114,85,48000,504,60574,893,585802,585,646376,California
San Francisco,2021-06-27,554,1188098,492,758922,34,381148,28,48028,225,60503,323,586125,252,646628,California
San Francisco,2021-06-28,1485,1189583,1278,760200,114,381262,93,48121,529,60180,944,587069,621,647249,California
San Francisco,2021-06-29,1376,1190959,1056,761256,220,381482,100,48221,494,59898,870,587939,588,647837,California
San Francisco,2021-06-30,1291,1192250,1060,762316,164,381646,67,48288,501,59680,785,588724,567,648404,California
San Francisco,2021-07-01,1181,1193431,932,763248,170,381816,79,48367,475,59536,694,589418,550,648954,California
San Francisco,2021-07-02,1510,1194941,1212,764460,228,382044,70,48437,597,59299,903,590321,666,649620,California
San Francisco,2021-07-03,892,1195833,750,765210,70,382114,72,48509,332,59144,556,590877,401,650021,California
San Francisco,2021-07-04,13,1195846,11,765221,1,382115,1,48510,5,59142,8,590885,6,650027,California
San Francisco,2021-07-05,954,1196800,837,766058,73,382188,44,48554,389,59018,555,591440,431,650458,California
San Francisco,2021-07-06,1651,1198451,1368,767426,192,382380,91,48645,526,58525,1105,592545,612,651070,California
San Francisco,2021-07-07,1093,1199544,865,768291,136,382516,92,48737,387,58307,692,593237,474,651544,California
San Francisco,2021-07-08,669,1200213,491,768782,84,382600,94,48831,218,58172,444,593681,309,651853,California
San Joaquin,2020-12-15,14,14,14,14,0,0,0,0,14,14,0,0,14,14,California
San Joaquin,2020-12-16,465,479,465,479,0,0,0,0,465,479,0,0,465,479,California
San Joaquin,2020-12-17,374,853,374,853,0,0,0,0,374,853,0,0,374,853,California
San Joaquin,2020-12-18,617,1470,609,1462,8,8,0,0,617,1470,0,0,617,1470,California
San Joaquin,2020-12-19,220,1690,216,1678,4,12,0,0,220,1690,0,0,220,1690,California
San Joaquin,2020-12-20,120,1810,118,1796,2,14,0,0,120,1810,0,0,120,1810,California
San Joaquin,2020-12-21,543,2353,539,2335,4,18,0,0,543,2353,0,0,543,2353,California
San Joaquin,2020-12-22,1000,3353,878,3213,122,140,0,0,999,3352,0,0,999,3352,California
San Joaquin,2020-12-23,991,4344,932,4145,59,199,0,0,989,4341,2,2,991,4343,California
San Joaquin,2020-12-24,223,4567,193,4338,30,229,0,0,222,4563,1,3,223,4566,California
San Joaquin,2020-12-25,18,4585,18,4356,0,229,0,0,18,4581,0,3,18,4584,California
San Joaquin,2020-12-26,103,4688,31,4387,72,301,0,0,103,4684,0,3,103,4687,California
San Joaquin,2020-12-27,46,4734,32,4419,14,315,0,0,46,4730,0,3,46,4733,California
San Joaquin,2020-12-28,631,5365,425,4844,206,521,0,0,631,5361,0,3,631,5364,California
San Joaquin,2020-12-29,803,6168,672,5516,131,652,0,0,802,6162,1,4,802,6166,California
San Joaquin,2020-12-30,1015,7183,722,6238,293,945,0,0,1013,7175,2,6,1015,7181,California
San Joaquin,2020-12-31,461,7644,205,6443,256,1201,0,0,461,7636,1,7,462,7643,California
San Joaquin,2021-01-01,25,7669,14,6457,11,1212,0,0,25,7661,0,7,25,7668,California
San Joaquin,2021-01-02,268,7937,244,6701,24,1236,0,0,268,7929,0,7,268,7936,California
San Joaquin,2021-01-03,38,7975,21,6722,17,1253,0,0,37,7965,1,8,37,7973,California
San Joaquin,2021-01-04,495,8470,353,7075,142,1395,0,0,493,8457,1,9,493,8466,California
San Joaquin,2021-01-05,1075,9545,710,7785,365,1760,0,0,829,9080,244,253,867,9333,California
San Joaquin,2021-01-06,1309,10854,785,8570,524,2284,0,0,942,9666,360,613,946,10279,California
San Joaquin,2021-01-07,1163,12017,759,9329,404,2688,0,0,800,10109,357,970,800,11079,California
San Joaquin,2021-01-08,1321,13338,922,10251,399,3087,0,0,744,10287,573,1543,751,11830,California
San Joaquin,2021-01-09,385,13723,302,10553,83,3170,0,0,251,10406,134,1677,253,12083,California
San Joaquin,2021-01-10,226,13949,117,10670,109,3279,0,0,172,10525,53,1730,172,12255,California
San Joaquin,2021-01-11,1569,15518,1340,12010,229,3508,0,0,883,10793,683,2413,951,13206,California
San Joaquin,2021-01-12,1667,17185,1169,13179,498,4006,0,0,825,10856,834,3247,897,14103,California
San Joaquin,2021-01-13,1594,18779,908,14087,686,4692,0,0,1005,11283,583,3830,1010,15113,California
San Joaquin,2021-01-14,1940,20719,992,15079,948,5640,0,0,1579,12546,335,4165,1598,16711,California
San Joaquin,2021-01-15,1652,22371,553,15632,1099,6739,0,0,1403,13742,232,4397,1428,18139,California
San Joaquin,2021-01-16,1137,23508,181,15813,956,7695,0,0,1105,14816,31,4428,1105,19244,California
San Joaquin,2021-01-17,1633,25141,139,15952,1494,9189,0,0,1588,16361,45,4473,1590,20834,California
San Joaquin,2021-01-18,748,25889,242,16194,506,9695,0,0,626,16869,118,4591,626,21460,California
San Joaquin,2021-01-19,1989,27878,898,17092,1091,10786,0,0,1299,17493,683,5274,1307,22767,California
San Joaquin,2021-01-20,2225,30103,1292,18384,933,11719,0,0,1566,18416,651,5925,1574,24341,California
San Joaquin,2021-01-21,2116,32219,902,19286,1214,12933,0,0,1717,19750,392,6317,1726,26067,California
San Joaquin,2021-01-22,2100,34319,914,20200,1186,14119,0,0,1938,21533,157,6474,1940,28007,California
San Joaquin,2021-01-23,906,35225,392,20592,514,14633,0,0,616,21864,287,6761,618,28625,California
San Joaquin,2021-01-24,369,35594,138,20730,231,14864,0,0,346,22190,20,6781,346,28971,California
San Joaquin,2021-01-25,2118,37712,1170,21900,948,15812,0,0,1524,23129,589,7370,1528,30499,California
San Joaquin,2021-01-26,2346,40058,1112,23012,1234,17046,0,0,1711,24225,623,7993,1719,32218,California
San Joaquin,2021-01-27,1826,41884,770,23782,1056,18102,0,0,1313,25037,507,8500,1319,33537,California
San Joaquin,2021-01-28,2231,44115,783,24565,1448,19550,0,0,1545,25913,679,9179,1555,35092,California
San Joaquin,2021-01-29,2311,46426,1053,25618,1258,20808,0,0,1939,27498,364,9543,1949,37041,California
San Joaquin,2021-01-30,2186,48612,355,25973,1831,22639,0,0,2002,29319,183,9726,2004,39045,California
San Joaquin,2021-01-31,1553,50165,173,26146,1380,24019,0,0,1482,30734,69,9795,1484,40529,California
San Joaquin,2021-02-01,2516,52681,1279,27425,1237,25256,0,0,1743,31707,772,10567,1745,42274,California
San Joaquin,2021-02-02,2670,55351,1178,28603,1492,26748,0,0,2048,33200,559,11126,2052,44326,California
San Joaquin,2021-02-03,3144,58495,1231,29834,1913,28661,0,0,2259,34592,877,12003,2269,46595,California
San Joaquin,2021-02-04,3593,62088,1802,31636,1791,30452,0,0,2678,36369,909,12912,2686,49281,California
San Joaquin,2021-02-05,3287,65375,1801,33437,1486,31938,0,0,2412,37948,847,13759,2426,51707,California
San Joaquin,2021-02-06,1078,66453,725,34162,353,32291,0,0,928,38730,147,13906,929,52636,California
San Joaquin,2021-02-07,623,67076,493,34655,130,32421,0,0,417,38947,201,14107,418,53054,California
San Joaquin,2021-02-08,1927,69003,1048,35703,879,33300,0,0,1551,40161,344,14451,1558,54612,California
San Joaquin,2021-02-09,2286,71289,1149,36852,1137,34437,0,0,1662,41282,544,14995,1665,56277,California
San Joaquin,2021-02-10,2775,74064,1265,38117,1510,35947,0,0,1456,41459,1281,16276,1458,57735,California
San Joaquin,2021-02-11,3054,77118,1475,39592,1579,37526,0,0,1735,41942,1260,17536,1743,59478,California
San Joaquin,2021-02-12,2986,80104,1141,40733,1845,39371,0,0,1648,42296,1298,18834,1652,61130,California
San Joaquin,2021-02-13,2145,82249,411,41144,1734,41105,0,0,867,41908,1261,20095,873,62003,California
San Joaquin,2021-02-14,1921,84170,264,41408,1657,42762,0,0,700,41421,1188,21283,701,62704,California
San Joaquin,2021-02-15,2089,86259,843,42251,1246,44008,0,0,1253,41884,794,22077,1257,63961,California
San Joaquin,2021-02-16,3355,89614,1406,43657,1949,45957,0,0,1855,42270,1479,23556,1865,65826,California
San Joaquin,2021-02-17,3583,93197,1301,44958,2282,48239,0,0,1975,42687,1562,25118,1979,67805,California
San Joaquin,2021-02-18,3554,96751,1407,46365,2147,50386,0,0,1970,43139,1524,26642,1976,69781,California
San Joaquin,2021-02-19,4398,101149,2443,48808,1955,52341,0,0,2425,43668,1897,28539,2426,72207,California
San Joaquin,2021-02-20,1611,102760,696,49504,915,53256,0,0,1078,44217,529,29068,1078,73285,California
San Joaquin,2021-02-21,704,103464,524,50028,180,53436,0,0,430,44379,270,29338,432,73717,California
San Joaquin,2021-02-22,3804,107268,2595,52623,1209,54645,0,0,2621,45868,1136,30474,2625,76342,California
San Joaquin,2021-02-23,4633,111901,2678,55301,1955,56600,0,0,2743,46802,1815,32289,2749,79091,California
San Joaquin,2021-02-24,5962,117863,3485,58786,2477,59077,0,0,4199,49293,1712,34001,4203,83294,California
San Joaquin,2021-02-25,6758,124621,4022,62808,2736,61813,0,0,4189,51009,2485,36486,4201,87495,California
San Joaquin,2021-02-26,5665,130286,2899,65707,2766,64579,0,0,3817,53040,1792,38278,3823,91318,California
San Joaquin,2021-02-27,5520,135806,1643,67350,3876,68455,1,1,2661,52920,2792,41070,2672,93990,California
San Joaquin,2021-02-28,3131,138937,1132,68482,1999,70454,0,1,2062,53950,1035,42105,2065,96055,California
San Joaquin,2021-03-01,4540,143477,1852,70334,2685,73139,3,4,2449,54378,2034,44139,2462,98517,California
San Joaquin,2021-03-02,4428,147905,1709,72043,2719,75858,0,4,2778,55597,1612,45751,2831,101348,California
San Joaquin,2021-03-03,6047,153952,3488,75531,2557,78415,2,6,4354,58301,1651,47402,4355,105703,California
San Joaquin,2021-03-04,5897,159849,2299,77830,3595,82010,3,9,3860,60159,2007,49409,3865,109568,California
San Joaquin,2021-03-05,4781,164630,1916,79746,2860,84870,5,14,3284,62010,1442,50851,3293,112861,California
San Joaquin,2021-03-06,3346,167976,2199,81945,1017,85887,130,144,2744,64295,592,51443,2877,115738,California
San Joaquin,2021-03-07,1310,169286,573,82518,635,86522,102,246,961,65011,331,51774,1047,116785,California
San Joaquin,2021-03-08,3316,172602,1291,83809,1890,88412,135,381,2149,66156,1139,52913,2284,119069,California
San Joaquin,2021-03-09,4355,176957,1879,85688,2346,90758,130,511,2758,67506,1544,54457,2894,121963,California
San Joaquin,2021-03-10,5021,181978,2543,88231,2334,93092,144,655,3507,69669,1487,55944,3650,125613,California
San Joaquin,2021-03-11,5329,187307,2476,90707,2248,95340,605,1260,3009,70987,2296,58240,3614,129227,California
San Joaquin,2021-03-12,6680,193987,3241,93948,3100,98440,339,1599,4205,73098,2437,60677,4548,133775,California
San Joaquin,2021-03-13,3254,197241,1520,95468,1608,100048,126,1725,2323,74638,918,61595,2458,136233,California
San Joaquin,2021-03-14,2182,199423,679,96147,1197,101245,306,2031,1028,74829,1147,62742,1338,137571,California
San Joaquin,2021-03-15,6182,205605,3526,99673,2248,103493,408,2439,3188,75493,2947,65689,3611,141182,California
San Joaquin,2021-03-16,7039,212644,3945,103618,2838,106331,256,2695,4102,76963,2895,68584,4365,145547,California
San Joaquin,2021-03-17,8039,220683,4747,108365,3221,109552,71,2766,4393,77855,3577,72161,4469,150016,California
San Joaquin,2021-03-18,7815,228498,4552,112917,2755,112307,508,3274,3850,78319,3899,76060,4363,154379,California
San Joaquin,2021-03-19,8124,236622,4703,117620,2877,115184,544,3818,4876,80583,3213,79273,5477,159856,California
San Joaquin,2021-03-20,3723,240345,2155,119775,1325,116509,243,4061,1832,80810,1862,81135,2089,161945,California
San Joaquin,2021-03-21,2138,242483,1514,121289,417,116926,207,4268,1152,81276,963,82098,1429,163374,California
San Joaquin,2021-03-22,4200,246683,2100,123389,1684,118610,416,4684,2473,82477,1692,83790,2893,166267,California
San Joaquin,2021-03-23,5536,252219,2704,126093,2664,121274,168,4852,3814,84779,1687,85477,3989,170256,California
San Joaquin,2021-03-24,7038,259257,4298,130391,2649,123923,91,4943,3099,84103,3872,89349,3196,173452,California
San Joaquin,2021-03-25,5781,265038,3373,133764,2362,126285,46,4989,3419,85253,2318,91667,3468,176920,California
San Joaquin,2021-03-26,6506,271544,2616,136380,3736,130021,154,5143,3347,85693,3082,94749,3522,180442,California
San Joaquin,2021-03-27,4702,276246,2643,139023,1984,132005,75,5218,1808,84721,2864,97613,1892,182334,California
San Joaquin,2021-03-28,2760,279006,1836,140859,899,132904,25,5243,1270,84657,1468,99081,1404,183738,California
San Joaquin,2021-03-29,4193,283199,2204,143063,1965,134869,24,5267,2118,84770,2045,101126,2158,185896,California
San Joaquin,2021-03-30,6446,289645,3200,146263,3153,138022,93,5360,3532,85551,2862,103988,3643,189539,California
San Joaquin,2021-03-31,6875,296520,4206,150469,2608,140630,61,5421,3487,85779,3344,107332,3572,193111,California
San Joaquin,2021-04-01,6677,303197,3027,153496,3557,144187,93,5514,2955,85210,3675,111007,3106,196217,California
San Joaquin,2021-04-02,6560,309757,2903,156399,3158,147345,499,6013,2599,84429,3911,114918,3130,199347,California
San Joaquin,2021-04-03,4228,313985,2407,158806,1496,148841,325,6338,2021,84601,2186,117104,2358,201705,California
San Joaquin,2021-04-04,2304,316289,1375,160181,723,149564,206,6544,1543,85622,748,117852,1769,203474,California
San Joaquin,2021-04-05,4991,321280,2868,163049,1883,151447,240,6784,2718,86355,2232,120084,2965,206439,California
San Joaquin,2021-04-06,7365,328645,4579,167628,2506,153953,280,7064,3454,86257,3843,123927,3745,210184,California
San Joaquin,2021-04-07,8514,337159,4596,172224,2326,156279,1592,8656,3580,86539,4898,128825,5180,215364,California
San Joaquin,2021-04-08,8973,346132,4774,176998,2032,158311,2167,10823,3389,86551,5542,134367,5554,220918,California
San Joaquin,2021-04-09,9163,355295,4412,181410,3181,161492,1570,12393,3356,85720,5769,140136,4938,225856,California
San Joaquin,2021-04-10,5267,360562,1666,183076,1690,163182,1911,14304,1789,85956,3461,143597,3697,229553,California
San Joaquin,2021-04-11,4318,364880,1785,184861,1367,164549,1166,15470,1990,86792,2314,145911,3150,232703,California
San Joaquin,2021-04-12,6230,371110,2521,187382,2156,166705,1553,17023,2449,87049,3748,149659,4005,236708,California
San Joaquin,2021-04-13,7723,378833,4418,191800,3296,170001,9,17032,4691,88760,2995,152654,4706,241414,California
San Joaquin,2021-04-14,7761,386594,3935,195735,3824,173825,2,17034,4660,90361,3072,155726,4673,246087,California
San Joaquin,2021-04-15,8048,394642,4776,200511,3272,177097,0,17034,4434,91240,3563,159289,4442,250529,California
San Joaquin,2021-04-16,7929,402571,4301,204812,3625,180722,3,17037,4764,92891,3129,162418,4780,255309,California
San Joaquin,2021-04-17,5216,407787,2837,207649,2377,183099,2,17039,3694,95097,1507,163925,3713,259022,California
San Joaquin,2021-04-18,2609,410396,1504,209153,1105,184204,0,17039,1384,95281,1206,165131,1390,260412,California
San Joaquin,2021-04-19,5336,415732,2844,211997,2491,186695,1,17040,2779,95552,2520,167651,2791,263203,California
San Joaquin,2021-04-20,6498,422230,3486,215483,3011,189706,1,17041,3051,95202,3412,171063,3062,266265,California
San Joaquin,2021-04-21,6075,428305,3462,218945,2612,192318,1,17042,3098,95396,2913,173976,3107,269372,California
San Joaquin,2021-04-22,5570,433875,3316,222261,2252,194570,2,17044,3140,96163,2392,176368,3159,272531,California
San Joaquin,2021-04-23,6225,440100,3034,225295,3190,197760,1,17045,3893,97761,2303,178671,3901,276432,California
San Joaquin,2021-04-24,5288,445388,3643,228938,1643,199403,2,17047,3435,99383,1824,180495,3446,279878,California
San Joaquin,2021-04-25,3082,448470,2597,231535,485,199888,0,17047,2048,100431,1006,181501,2054,281932,California
San Joaquin,2021-04-26,4244,452714,2740,234275,1500,201388,4,17051,2183,100583,2041,183542,2193,284125,California
San Joaquin,2021-04-27,4836,457550,2770,237045,2004,203392,62,17113,2040,99927,2766,186308,2110,286235,California
San Joaquin,2021-04-28,5876,463426,3522,240567,2274,205666,80,17193,2854,99890,2981,189289,2944,289179,California
San Joaquin,2021-04-29,5193,468619,3054,243621,2082,207748,57,17250,2621,100040,2539,191828,2689,291868,California
San Joaquin,2021-04-30,5254,473873,2595,246216,2592,210340,67,17317,2687,100262,2542,194370,2764,294632,California
San Joaquin,2021-05-01,3385,477258,1933,248149,1393,211733,59,17376,2156,101271,1217,195587,2226,296858,California
San Joaquin,2021-05-02,2312,479570,1610,249759,645,212378,57,17433,1169,101360,1138,196725,1227,298085,California
San Joaquin,2021-05-03,3428,482998,2293,252052,1055,213433,80,17513,1416,100871,1994,198719,1505,299590,California
San Joaquin,2021-05-04,5099,488097,3434,255486,1506,214939,159,17672,1859,99685,3215,201934,2029,301619,California
San Joaquin,2021-05-05,5380,493477,3726,259212,1490,216429,164,17836,2395,99303,2949,204883,2567,304186,California
San Joaquin,2021-05-06,4917,498394,3319,262531,1467,217896,131,17967,2133,98812,2766,207649,2275,306461,California
San Joaquin,2021-05-07,5359,503753,3150,265681,2056,219952,153,18120,2037,97716,3295,210944,2199,308660,California
San Joaquin,2021-05-08,3412,507165,2240,267921,1071,221023,101,18221,1286,97005,2107,213051,1396,310056,California
San Joaquin,2021-05-09,1522,508687,869,268790,583,221606,70,18291,575,96712,944,213995,651,310707,California
San Joaquin,2021-05-10,2954,511641,1565,270355,1263,222869,126,18417,945,95798,1990,215985,1076,311783,California
San Joaquin,2021-05-11,4280,515921,2234,272589,1923,224792,123,18540,1299,94289,2963,218948,1454,313237,California
San Joaquin,2021-05-12,4540,520461,2170,274759,2245,227037,125,18665,1397,92704,3119,222067,1534,314771,California
San Joaquin,2021-05-13,4897,525358,2881,277640,1926,228963,90,18755,1876,91678,3005,225072,1979,316750,California
San Joaquin,2021-05-14,5929,531287,3571,281211,2250,231213,108,18863,2439,90772,3458,228530,2552,319302,California
San Joaquin,2021-05-15,5270,536557,3142,284353,2046,233259,82,18945,1655,88929,3583,232113,1740,321042,California
San Joaquin,2021-05-16,3626,540183,2854,287207,723,233982,49,18994,1472,88319,2139,234252,1529,322571,California
San Joaquin,2021-05-17,4180,544363,2506,289713,1577,235559,97,19091,1795,87855,2366,236618,1902,324473,California
San Joaquin,2021-05-18,4015,548378,2321,292034,1579,237138,115,19206,1862,87702,2133,238751,1980,326453,California
San Joaquin,2021-05-19,4802,553180,2800,294834,1867,239005,135,19341,2027,87130,2744,241495,2172,328625,California
San Joaquin,2021-05-20,4018,557198,2409,297243,1504,240509,105,19446,1733,86712,2259,243754,1841,330466,California
San Joaquin,2021-05-21,5125,562323,3022,300265,1980,242489,123,19569,2308,86368,2784,246538,2440,332906,California
San Joaquin,2021-05-22,4068,566391,2552,302817,1421,243910,95,19664,1814,86049,2239,248777,1920,334826,California
San Joaquin,2021-05-23,2543,568934,2088,304905,411,244321,44,19708,1470,86506,1061,249838,1518,336344,California
San Joaquin,2021-05-24,3107,572041,1824,306729,1190,245511,93,19801,1450,86413,1641,251479,1548,337892,California
San Joaquin,2021-05-25,3141,575182,1955,308684,1038,246549,148,19949,1449,86342,1669,253148,1598,339490,California
San Joaquin,2021-05-26,3938,579120,2428,311112,1435,247984,75,20024,1601,85702,2320,255468,1680,341170,California
San Joaquin,2021-05-27,3149,582269,1716,312828,1347,249331,86,20110,1278,85214,1854,257322,1366,342536,California
San Joaquin,2021-05-28,3155,585424,1692,314520,1371,250702,92,20202,1464,85115,1664,258986,1565,344101,California
San Joaquin,2021-05-29,2156,587580,1192,315712,928,251630,36,20238,919,84842,1232,260218,959,345060,California
San Joaquin,2021-05-30,977,588557,523,316235,428,252058,26,20264,399,84698,572,260790,428,345488,California
San Joaquin,2021-05-31,624,589181,264,316499,353,252411,7,20271,239,84564,380,261170,246,345734,California
San Joaquin,2021-06-01,2481,591662,1497,317996,887,253298,97,20368,1181,84558,1290,262460,1284,347018,California
San Joaquin,2021-06-02,2740,594402,1620,319616,1066,254364,54,20422,1137,84165,1587,264047,1194,348212,California
San Joaquin,2021-06-03,2860,597262,1769,321385,1033,255397,58,20480,1060,83505,1782,265829,1122,349334,California
San Joaquin,2021-06-04,3156,600418,1941,323326,1110,256507,105,20585,1059,82601,2069,267898,1165,350499,California
San Joaquin,2021-06-05,2518,602936,1917,325243,535,257042,66,20651,1148,82540,1279,269177,1218,351717,California
San Joaquin,2021-06-06,1098,604034,883,326126,178,257220,37,20688,426,82350,654,269831,464,352181,California
San Joaquin,2021-06-07,2844,606878,2104,328230,699,257919,41,20729,980,81523,1856,271687,1029,353210,California
San Joaquin,2021-06-08,2779,609657,2105,330335,629,258548,45,20774,873,80555,1889,273576,921,354131,California
San Joaquin,2021-06-09,2884,612541,2014,332349,826,259374,44,20818,993,79721,1872,275448,1038,355169,California
San Joaquin,2021-06-10,2675,615216,1944,334293,665,260039,66,20884,1002,79125,1668,277116,1072,356241,California
San Joaquin,2021-06-11,2976,618192,2058,336351,800,260839,118,21002,977,78231,1990,279106,1096,357337,California
San Joaquin,2021-06-12,1860,620052,1401,337752,429,261268,30,21032,628,77685,1225,280331,679,358016,California
San Joaquin,2021-06-13,1077,621129,827,338579,202,261470,48,21080,497,77656,576,280907,547,358563,California
San Joaquin,2021-06-14,2225,623354,1496,340075,656,262126,73,21153,930,77378,1282,282189,1004,359567,California
San Joaquin,2021-06-15,2254,625608,1506,341581,671,262797,77,21230,877,76972,1363,283552,957,360524,California
San Joaquin,2021-06-16,2798,628406,2030,343611,686,263483,82,21312,908,76086,1875,285427,989,361513,California
San Joaquin,2021-06-17,2626,631032,1868,345479,695,264178,63,21375,894,75323,1720,287147,957,362470,California
San Joaquin,2021-06-18,2810,633842,1855,347334,879,265057,76,21451,1184,74972,1612,288759,1261,363731,California
San Joaquin,2021-06-19,1396,635238,868,348202,268,265325,260,21711,500,74844,889,289648,761,364492,California
San Joaquin,2021-06-20,655,635893,517,348719,112,265437,26,21737,290,74800,359,290007,315,364807,California
San Joaquin,2021-06-21,1628,637521,964,349683,555,265992,109,21846,822,74932,799,290806,931,365738,California
San Joaquin,2021-06-22,1903,639424,1255,350938,577,266569,71,21917,818,74746,1073,291879,887,366625,California
San Joaquin,2021-06-23,1980,641404,1306,352244,597,267166,77,21994,778,74418,1183,293062,855,367480,California
San Joaquin,2021-06-24,1979,643383,1349,353593,535,267701,95,22089,873,74341,1044,294106,967,368447,California
San Joaquin,2021-06-25,1723,645106,1100,354693,545,268246,78,22167,762,74229,953,295059,841,369288,California
San Joaquin,2021-06-26,1075,646181,804,355497,220,268466,51,22218,518,74248,551,295610,570,369858,California
San Joaquin,2021-06-27,568,646749,429,355926,99,268565,40,22258,263,74250,301,295911,303,370161,California
San Joaquin,2021-06-28,1452,648201,1024,356950,359,268924,69,22327,663,74224,758,296669,732,370893,California
San Joaquin,2021-06-29,1437,649638,907,357857,459,269383,71,22398,647,74159,782,297451,717,371610,California
San Joaquin,2021-06-30,1499,651137,1024,358881,404,269787,71,22469,637,74015,855,298306,711,372321,California
San Joaquin,2021-07-01,1577,652714,1092,359973,393,270180,92,22561,687,73912,880,299186,777,373098,California
San Joaquin,2021-07-02,1541,654255,1065,361038,423,270603,53,22614,712,73854,824,300010,766,373864,California
San Joaquin,2021-07-03,701,654956,510,361548,164,270767,27,22641,388,73957,312,300322,415,374279,California
San Joaquin,2021-07-04,134,655090,88,361636,33,270800,13,22654,59,73955,75,300397,73,374352,California
San Joaquin,2021-07-05,804,655894,568,362204,193,270993,43,22697,393,73982,409,300806,436,374788,California
San Joaquin,2021-07-06,1312,657206,856,363060,401,271394,55,22752,556,73855,741,301547,614,375402,California
San Joaquin,2021-07-07,1308,658514,964,364024,283,271677,61,22813,608,73833,694,302241,672,376074,California
San Joaquin,2021-07-08,655,659169,470,364494,152,271829,33,22846,304,73836,348,302589,351,376425,California
San Luis Obispo,2020-12-16,4,4,4,4,0,0,0,0,4,4,0,0,4,4,California
San Luis Obispo,2020-12-17,196,200,196,200,0,0,0,0,196,200,0,0,196,200,California
San Luis Obispo,2020-12-18,223,423,223,423,0,0,0,0,223,423,0,0,223,423,California
San Luis Obispo,2020-12-19,164,587,164,587,0,0,0,0,164,587,0,0,164,587,California
San Luis Obispo,2020-12-20,215,802,215,802,0,0,0,0,215,802,0,0,215,802,California
San Luis Obispo,2020-12-21,550,1352,549,1351,1,1,0,0,550,1352,0,0,550,1352,California
San Luis Obispo,2020-12-22,309,1661,305,1656,4,5,0,0,309,1661,0,0,309,1661,California
San Luis Obispo,2020-12-23,681,2342,367,2023,314,319,0,0,681,2342,0,0,681,2342,California
San Luis Obispo,2020-12-24,194,2536,19,2042,175,494,0,0,194,2536,0,0,194,2536,California
San Luis Obispo,2020-12-25,2,2538,1,2043,1,495,0,0,2,2538,0,0,2,2538,California
San Luis Obispo,2020-12-26,90,2628,13,2056,77,572,0,0,90,2628,0,0,90,2628,California
San Luis Obispo,2020-12-27,76,2704,0,2056,76,648,0,0,76,2704,0,0,76,2704,California
San Luis Obispo,2020-12-28,879,3583,429,2485,450,1098,0,0,879,3583,0,0,879,3583,California
San Luis Obispo,2020-12-29,904,4487,505,2990,399,1497,0,0,904,4487,0,0,904,4487,California
San Luis Obispo,2020-12-30,1172,5659,679,3669,493,1990,0,0,1172,5659,0,0,1172,5659,California
San Luis Obispo,2020-12-31,110,5769,4,3673,106,2096,0,0,110,5769,0,0,110,5769,California
San Luis Obispo,2021-01-01,19,5788,11,3684,8,2104,0,0,19,5788,0,0,19,5788,California
San Luis Obispo,2021-01-02,34,5822,8,3692,26,2130,0,0,34,5822,0,0,34,5822,California
San Luis Obispo,2021-01-03,17,5839,6,3698,11,2141,0,0,17,5839,0,0,17,5839,California
San Luis Obispo,2021-01-04,681,6520,525,4223,156,2297,0,0,681,6520,0,0,681,6520,California
San Luis Obispo,2021-01-05,978,7498,758,4981,220,2517,0,0,975,7492,3,3,975,7495,California
San Luis Obispo,2021-01-06,728,8226,482,5463,246,2763,0,0,720,8205,7,10,720,8215,California
San Luis Obispo,2021-01-07,1122,9348,946,6409,176,2939,0,0,679,8441,443,453,679,8894,California
San Luis Obispo,2021-01-08,884,10232,803,7212,81,3020,0,0,516,8590,367,820,516,9410,California
San Luis Obispo,2021-01-09,205,10437,195,7407,10,3030,0,0,28,8441,177,997,28,9438,California
San Luis Obispo,2021-01-10,12,10449,8,7415,4,3034,0,0,8,8445,4,1001,8,9446,California
San Luis Obispo,2021-01-11,562,11011,511,7926,51,3085,0,0,298,8480,263,1264,298,9744,California
San Luis Obispo,2021-01-12,614,11625,384,8310,230,3315,0,0,321,8520,293,1557,333,10077,California
San Luis Obispo,2021-01-13,889,12514,260,8570,629,3944,0,0,652,8936,236,1793,652,10729,California
San Luis Obispo,2021-01-14,725,13239,237,8807,488,4432,0,0,605,9428,113,1906,605,11334,California
San Luis Obispo,2021-01-15,728,13967,289,9096,439,4871,0,0,552,9806,174,2080,552,11886,California
San Luis Obispo,2021-01-16,109,14076,88,9184,21,4892,0,0,97,9891,12,2092,97,11983,California
San Luis Obispo,2021-01-17,63,14139,56,9240,7,4899,0,0,63,9954,0,2092,63,12046,California
San Luis Obispo,2021-01-18,1373,15512,391,9631,982,5881,0,0,1109,10799,264,2356,1109,13155,California
San Luis Obispo,2021-01-19,1583,17095,418,10049,1165,7046,0,0,1171,11559,412,2768,1172,14327,California
San Luis Obispo,2021-01-20,1898,18993,602,10651,1296,8342,0,0,1305,12274,591,3359,1306,15633,California
San Luis Obispo,2021-01-21,1580,20573,470,11121,1110,9452,0,0,1208,13115,368,3727,1209,16842,California
San Luis Obispo,2021-01-22,1524,22097,509,11630,1015,10467,0,0,1208,14009,314,4041,1208,18050,California
San Luis Obispo,2021-01-23,307,22404,288,11918,19,10486,0,0,291,14284,16,4057,291,18341,California
San Luis Obispo,2021-01-24,439,22843,232,12150,207,10693,0,0,433,14710,7,4064,433,18774,California
San Luis Obispo,2021-01-25,2076,24919,604,12754,1472,12165,0,0,1243,15120,833,4897,1243,20017,California
San Luis Obispo,2021-01-26,2009,26928,710,13464,1299,13464,0,0,1139,15389,870,5767,1139,21156,California
San Luis Obispo,2021-01-27,1609,28537,281,13745,1328,14792,0,0,1149,16078,460,6227,1149,22305,California
San Luis Obispo,2021-01-28,1496,30033,343,14088,1153,15945,0,0,1232,17047,263,6490,1232,23537,California
San Luis Obispo,2021-01-29,1751,31784,693,14781,1058,17003,0,0,1457,18210,294,6784,1457,24994,California
San Luis Obispo,2021-01-30,41,31825,19,14800,22,17025,0,0,29,18228,11,6795,29,25023,California
San Luis Obispo,2021-01-31,235,32060,19,14819,216,17241,0,0,233,18459,2,6797,233,25256,California
San Luis Obispo,2021-02-01,1710,33770,740,15559,970,18211,0,0,1405,19559,305,7102,1405,26661,California
San Luis Obispo,2021-02-02,1908,35678,682,16241,1226,19437,0,0,1528,20708,380,7482,1529,28190,California
San Luis Obispo,2021-02-03,1711,37389,728,16969,983,20420,0,0,1291,21579,420,7902,1291,29481,California
San Luis Obispo,2021-02-04,1661,39050,801,17770,860,21280,0,0,1094,22106,567,8469,1094,30575,California
San Luis Obispo,2021-02-05,1613,40663,718,18488,895,22175,0,0,1067,22627,546,9015,1067,31642,California
San Luis Obispo,2021-02-06,180,40843,109,18597,71,22246,0,0,99,22646,80,9095,99,31741,California
San Luis Obispo,2021-02-07,124,40967,79,18676,45,22291,0,0,72,22667,52,9147,73,31814,California
San Luis Obispo,2021-02-08,866,41833,473,19149,393,22684,0,0,501,22804,364,9511,501,32315,California
San Luis Obispo,2021-02-09,1129,42962,449,19598,680,23364,0,0,547,22782,569,10080,547,32862,California
San Luis Obispo,2021-02-10,1443,44405,493,20091,950,24314,0,0,528,22400,910,10990,528,33390,California
San Luis Obispo,2021-02-11,1334,45739,844,20935,490,24804,0,0,660,22388,672,11662,660,34050,California
San Luis Obispo,2021-02-12,784,46523,361,21296,423,25227,0,0,417,22438,367,12029,417,34467,California
San Luis Obispo,2021-02-13,397,46920,132,21428,265,25492,0,0,287,22616,109,12138,287,34754,California
San Luis Obispo,2021-02-14,323,47243,45,21473,278,25770,0,0,282,22858,41,12179,283,35037,California
San Luis Obispo,2021-02-15,730,47973,139,21612,591,26361,0,0,473,23076,255,12434,473,35510,California
San Luis Obispo,2021-02-16,2990,50963,1198,22810,1792,28153,0,0,1364,22815,1625,14059,1364,36874,California
San Luis Obispo,2021-02-17,2798,53761,1251,24061,1547,29700,0,0,1026,22078,1763,15822,1026,37900,California
San Luis Obispo,2021-02-18,2847,56608,1471,25532,1376,31076,0,0,1137,21515,1701,17523,1138,39038,California
San Luis Obispo,2021-02-19,1475,58083,1352,26884,123,31199,0,0,1141,22324,332,17855,1141,40179,California
San Luis Obispo,2021-02-20,260,58343,89,26973,171,31370,0,0,220,22504,40,17895,220,40399,California
San Luis Obispo,2021-02-21,58,58401,54,27027,4,31374,0,0,32,22510,26,17921,32,40431,California
San Luis Obispo,2021-02-22,2433,60834,1881,28908,552,31926,0,0,1472,23024,959,18880,1473,41904,California
San Luis Obispo,2021-02-23,1871,62705,1755,30663,116,32042,0,0,1365,23886,504,19384,1366,43270,California
San Luis Obispo,2021-02-24,2681,65386,1321,31984,1360,33402,0,0,839,22886,1839,21223,839,44109,California
San Luis Obispo,2021-02-25,2143,67529,1249,33233,894,34296,0,0,1210,23172,925,22148,1211,45320,California
San Luis Obispo,2021-02-26,2662,70191,1153,34386,1509,35805,0,0,1332,23184,1320,23468,1332,46652,California
San Luis Obispo,2021-02-27,590,70781,358,34744,232,36037,0,0,532,23659,57,23525,532,47184,California
San Luis Obispo,2021-02-28,592,71373,67,34811,525,36562,0,0,162,23393,428,23953,162,47346,California
San Luis Obispo,2021-03-01,3013,74386,1880,36691,1131,37693,2,2,2076,24535,937,24890,2079,49425,California
San Luis Obispo,2021-03-02,3072,77458,1920,38611,1152,38845,0,2,1908,25285,1159,26049,1909,51334,California
San Luis Obispo,2021-03-03,2362,79820,348,38959,2014,40859,0,2,857,24644,1499,27548,858,52192,California
San Luis Obispo,2021-03-04,2226,82046,1162,40121,1064,41923,0,2,1193,24810,1030,28578,1196,53388,California
San Luis Obispo,2021-03-05,2309,84355,1022,41143,1216,43139,71,73,1300,25186,995,29573,1371,54759,California
San Luis Obispo,2021-03-06,837,85192,312,41455,418,43557,107,180,615,25680,222,29795,716,55475,California
San Luis Obispo,2021-03-07,230,85422,35,41490,92,43649,103,283,85,25720,144,29939,184,55659,California
San Luis Obispo,2021-03-08,2744,88166,757,42247,1668,45317,319,602,1543,26384,1196,31135,1860,57519,California
San Luis Obispo,2021-03-09,2974,91140,977,43224,1749,47066,248,850,1536,26735,1434,32569,1785,59304,California
San Luis Obispo,2021-03-10,3205,94345,1244,44468,1680,48746,281,1131,1823,27459,1378,33947,2102,61406,California
San Luis Obispo,2021-03-11,3365,97710,1325,45793,1717,50463,323,1454,1813,28058,1538,35485,2137,63543,California
San Luis Obispo,2021-03-12,3221,100931,1241,47034,1642,52105,338,1792,1626,28434,1588,37073,1964,65507,California
San Luis Obispo,2021-03-13,912,101843,263,47297,539,52644,110,1902,542,28714,369,37442,649,66156,California
San Luis Obispo,2021-03-14,513,102356,55,47352,347,52991,111,2013,134,28581,378,37820,245,66401,California
San Luis Obispo,2021-03-15,3074,105430,1106,48458,1868,54859,100,2113,1532,28677,1539,39359,1635,68036,California
San Luis Obispo,2021-03-16,2860,108290,1511,49969,1239,56098,110,2223,1445,28822,1408,40767,1553,69589,California
San Luis Obispo,2021-03-17,3464,111754,1451,51420,1751,57849,262,2485,2009,29651,1441,42208,2270,71859,California
San Luis Obispo,2021-03-18,2851,114605,1451,52871,1186,59035,214,2699,1362,29745,1480,43688,1574,73433,California
San Luis Obispo,2021-03-19,2605,117210,1573,54444,709,59744,323,3022,967,29409,1628,45316,1292,74725,California
San Luis Obispo,2021-03-20,842,118052,503,54947,302,60046,37,3059,387,29379,454,45770,424,75149,California
San Luis Obispo,2021-03-21,189,118241,45,54992,140,60186,4,3063,160,29514,28,45798,163,75312,California
San Luis Obispo,2021-03-22,2772,121013,1182,56174,1542,61728,48,3111,1929,30653,838,46636,1977,77289,California
San Luis Obispo,2021-03-23,3374,124387,2245,58419,1099,62827,30,3141,2239,31792,1130,47766,2269,79558,California
San Luis Obispo,2021-03-24,3591,127978,2199,60618,1307,64134,85,3226,2678,33647,907,48673,2762,82320,California
San Luis Obispo,2021-03-25,3735,131713,2343,62961,1380,65514,12,3238,2676,35282,1052,49725,2687,85007,California
San Luis Obispo,2021-03-26,3343,135056,1824,64785,1047,66561,472,3710,1865,36148,1471,51196,2337,87344,California
San Luis Obispo,2021-03-27,1011,136067,511,65296,409,66970,91,3801,454,36139,554,51750,545,87889,California
San Luis Obispo,2021-03-28,620,136687,156,65452,408,67378,56,3857,417,36411,202,51952,474,88363,California
San Luis Obispo,2021-03-29,2640,139327,1327,66779,1180,68558,133,3990,1688,37297,936,52888,1822,90185,California
San Luis Obispo,2021-03-30,3541,142868,1942,68721,1458,70016,141,4131,2344,38592,1189,54077,2484,92669,California
San Luis Obispo,2021-03-31,3902,146770,2485,71206,1268,71284,149,4280,2507,39862,1384,55461,2654,95323,California
San Luis Obispo,2021-04-01,3917,150687,2486,73692,1313,72597,118,4398,2724,41526,1176,56637,2840,98163,California
San Luis Obispo,2021-04-02,1759,152446,690,74382,754,73351,315,4713,955,41993,801,57438,1268,99431,California
San Luis Obispo,2021-04-03,1114,153560,557,74939,430,73781,127,4840,492,41996,616,58054,619,100050,California
San Luis Obispo,2021-04-04,379,153939,133,75072,206,73987,40,4880,231,42119,148,58202,271,100321,California
San Luis Obispo,2021-04-05,3650,157589,1944,77016,1592,75579,114,4994,2039,42664,1607,59809,2152,102473,California
San Luis Obispo,2021-04-06,4181,161770,2211,79227,1646,77225,324,5318,1984,42783,2188,61997,2307,104780,California
San Luis Obispo,2021-04-07,4318,166088,2349,81576,1603,78828,366,5684,2475,43793,1827,63824,2837,107617,California
San Luis Obispo,2021-04-08,4002,170090,2192,83768,1401,80229,409,6093,2131,44472,1861,65685,2540,110157,California
San Luis Obispo,2021-04-09,3690,173780,1757,85525,1172,81401,761,6854,1506,44561,2172,67857,2261,112418,California
San Luis Obispo,2021-04-10,1702,175482,571,86096,461,81862,670,7524,501,44530,1198,69055,1167,113585,California
San Luis Obispo,2021-04-11,316,175798,64,86160,185,82047,67,7591,126,44535,188,69243,193,113778,California
San Luis Obispo,2021-04-12,3441,179239,1723,87883,1555,83602,163,7754,1415,44089,2023,71266,1577,115355,California
San Luis Obispo,2021-04-13,3794,183033,2183,90066,1610,85212,1,7755,2005,44311,1785,73051,2007,117362,California
San Luis Obispo,2021-04-14,3607,186640,2065,92131,1537,86749,5,7760,1759,44245,1829,74880,1763,119125,California
San Luis Obispo,2021-04-15,3791,190431,2467,94598,1323,88072,1,7761,2015,44508,1754,76634,2017,121142,California
San Luis Obispo,2021-04-16,3686,194117,2244,96842,1438,89510,4,7765,1769,44372,1907,78541,1771,122913,California
San Luis Obispo,2021-04-17,1101,195218,437,97279,662,90172,2,7767,712,44698,388,78929,714,123627,California
San Luis Obispo,2021-04-18,327,195545,103,97382,223,90395,1,7768,115,44605,208,79137,115,123742,California
San Luis Obispo,2021-04-19,3217,198762,1359,98741,1820,92215,38,7806,1096,43625,2115,81252,1135,124877,California
San Luis Obispo,2021-04-20,3664,202426,2039,100780,1625,93840,0,7806,1324,42620,2329,83581,1324,126201,California
San Luis Obispo,2021-04-21,4031,206457,1849,102629,2182,96022,0,7806,1624,41861,2386,85967,1627,127828,California
San Luis Obispo,2021-04-22,4634,211091,2080,104709,2554,98576,0,7806,1406,40061,3208,89175,1408,129236,California
San Luis Obispo,2021-04-23,1444,212535,838,105547,602,99178,4,7810,724,40074,716,89891,729,129965,California
San Luis Obispo,2021-04-24,1082,213617,439,105986,624,99802,19,7829,508,40020,581,90472,527,130492,California
San Luis Obispo,2021-04-25,518,214135,163,106149,355,100157,0,7829,115,39737,398,90870,115,130607,California
San Luis Obispo,2021-04-26,1083,215218,395,106544,670,100827,18,7847,398,39479,673,91543,415,131022,California
San Luis Obispo,2021-04-27,3927,219145,1992,108536,1856,102683,79,7926,1524,38687,2394,93937,1602,132624,California
San Luis Obispo,2021-04-28,3824,222969,2113,110649,1639,104322,72,7998,1334,37615,2478,96415,1406,134030,California
San Luis Obispo,2021-04-29,3736,226705,2127,112776,1540,105862,69,8067,1247,36461,2471,98886,1317,135347,California
San Luis Obispo,2021-04-30,3004,229709,1685,114461,1244,107106,75,8142,914,35382,2068,100954,989,136336,California
San Luis Obispo,2021-05-01,480,230189,165,114626,280,107386,35,8177,104,35148,372,101326,138,136474,California
San Luis Obispo,2021-05-02,168,230357,53,114679,95,107481,20,8197,43,35086,125,101451,63,136537,California
San Luis Obispo,2021-05-03,895,231252,285,114964,499,107980,111,8308,224,34751,668,102119,333,136870,California
San Luis Obispo,2021-05-04,2978,234230,1922,116886,984,108964,72,8380,874,33597,2097,104216,943,137813,California
San Luis Obispo,2021-05-05,2863,237093,1880,118766,916,109880,67,8447,674,32165,2173,106389,741,138554,California
San Luis Obispo,2021-05-06,2844,239937,1915,120681,865,110745,64,8511,718,30840,2106,108495,781,139335,California
San Luis Obispo,2021-05-07,2373,242310,1776,122457,529,111274,68,8579,597,29749,1757,110252,666,140001,California
San Luis Obispo,2021-05-08,607,242917,344,122801,239,111513,24,8603,203,29592,384,110636,227,140228,California
San Luis Obispo,2021-05-09,166,243083,42,122843,105,111618,19,8622,45,29536,120,110756,64,140292,California
San Luis Obispo,2021-05-10,736,243819,159,123002,525,112143,52,8674,158,29172,572,111328,208,140500,California
San Luis Obispo,2021-05-11,1218,245037,598,123600,545,112688,75,8749,382,28799,830,112158,457,140957,California
San Luis Obispo,2021-05-12,2512,247549,1612,125212,817,113505,83,8832,691,27770,1803,113961,774,141731,California
San Luis Obispo,2021-05-13,1181,248730,715,125927,404,113909,62,8894,488,27632,687,114648,549,142280,California
San Luis Obispo,2021-05-14,2277,251007,1652,127579,573,114482,52,8946,936,27295,1324,115972,987,143267,California
San Luis Obispo,2021-05-15,992,251999,456,128035,502,114984,34,8980,462,27265,527,116499,497,143764,California
San Luis Obispo,2021-05-16,309,252308,165,128200,138,115122,6,8986,176,27315,132,116631,182,143946,California
San Luis Obispo,2021-05-17,1691,253999,977,129177,654,115776,60,9046,667,27028,1015,117646,728,144674,California
San Luis Obispo,2021-05-18,1908,255907,1162,130339,713,116489,33,9079,722,26604,1180,118826,756,145430,California
San Luis Obispo,2021-05-19,1457,257364,623,130962,771,117260,63,9142,398,26013,1051,119877,460,145890,California
San Luis Obispo,2021-05-20,1146,258510,496,131458,613,117873,37,9179,336,25587,799,120676,373,146263,California
San Luis Obispo,2021-05-21,1111,259621,574,132032,492,118365,45,9224,508,25547,593,121269,553,146816,California
San Luis Obispo,2021-05-22,686,260307,327,132359,336,118701,23,9247,342,25575,337,121606,365,147181,California
San Luis Obispo,2021-05-23,147,260454,68,132427,73,118774,6,9253,51,25537,95,121701,57,147238,California
San Luis Obispo,2021-05-24,568,261022,263,132690,265,119039,40,9293,201,25414,364,122065,241,147479,California
San Luis Obispo,2021-05-25,881,261903,430,133120,423,119462,28,9321,347,25262,526,122591,374,147853,California
San Luis Obispo,2021-05-26,2144,264047,994,134114,1095,120557,55,9376,660,24499,1477,124068,714,148567,California
San Luis Obispo,2021-05-27,1883,265930,670,134784,1181,121738,32,9408,490,23634,1386,125454,521,149088,California
San Luis Obispo,2021-05-28,930,266860,474,135258,429,122167,27,9435,488,23709,440,125894,515,149603,California
San Luis Obispo,2021-05-29,379,267239,153,135411,215,122382,11,9446,208,23759,170,126064,220,149823,California
San Luis Obispo,2021-05-30,88,267327,35,135446,45,122427,8,9454,34,23747,53,126117,41,149864,California
San Luis Obispo,2021-05-31,42,267369,6,135452,23,122450,13,9467,16,23751,24,126141,28,149892,California
San Luis Obispo,2021-06-01,757,268126,325,135777,401,122851,31,9498,271,23571,482,126623,302,150194,California
San Luis Obispo,2021-06-02,640,268766,287,136064,311,123162,42,9540,183,23345,450,127073,224,150418,California
San Luis Obispo,2021-06-03,916,269682,453,136517,431,123593,32,9572,252,22968,661,127734,284,150702,California
San Luis Obispo,2021-06-04,2488,272170,1525,138042,921,124514,42,9614,706,21944,1770,129504,746,151448,California
San Luis Obispo,2021-06-05,666,272836,288,138330,358,124872,20,9634,324,21947,341,129845,344,151792,California
San Luis Obispo,2021-06-06,188,273024,133,138463,46,124918,9,9643,49,21866,139,129984,58,151850,California
San Luis Obispo,2021-06-07,547,273571,357,138820,149,125067,41,9684,154,21671,390,130374,195,152045,California
San Luis Obispo,2021-06-08,811,274382,527,139347,243,125310,41,9725,246,21397,561,130935,287,152332,California
San Luis Obispo,2021-06-09,641,275023,357,139704,253,125563,31,9756,188,21167,449,131384,219,152551,California
San Luis Obispo,2021-06-10,752,275775,361,140065,352,125915,39,9795,219,20894,531,131915,258,152809,California
San Luis Obispo,2021-06-11,939,276714,541,140606,362,126277,36,9831,340,20676,595,132510,377,153186,California
San Luis Obispo,2021-06-12,392,277106,268,140874,121,126398,3,9834,166,20620,225,132735,169,153355,California
San Luis Obispo,2021-06-13,162,277268,93,140967,66,126464,3,9837,44,20550,117,132852,47,153402,California
San Luis Obispo,2021-06-14,454,277722,297,141264,126,126590,31,9868,129,20386,322,133174,158,153560,California
San Luis Obispo,2021-06-15,643,278365,399,141663,206,126796,38,9906,238,20261,400,133574,275,153835,California
San Luis Obispo,2021-06-16,625,278990,365,142028,225,127021,35,9941,180,20037,438,134012,214,154049,California
San Luis Obispo,2021-06-17,598,279588,341,142369,231,127252,26,9967,196,19858,401,134413,222,154271,California
San Luis Obispo,2021-06-18,789,280377,506,142875,237,127489,46,10013,277,19674,508,134921,324,154595,California
San Luis Obispo,2021-06-19,265,280642,150,143025,101,127590,14,10027,100,19625,163,135084,114,154709,California
San Luis Obispo,2021-06-20,110,280752,73,143098,29,127619,8,10035,45,19614,64,135148,53,154762,California
San Luis Obispo,2021-06-21,351,281103,222,143320,102,127721,27,10062,153,19598,196,135344,180,154942,California
San Luis Obispo,2021-06-22,621,281724,363,143683,226,127947,32,10094,277,19565,342,135686,309,155251,California
San Luis Obispo,2021-06-23,496,282220,273,143956,203,128150,20,10114,238,19566,257,135943,258,155509,California
San Luis Obispo,2021-06-24,468,282688,262,144218,180,128330,26,10140,204,19536,260,136203,230,155739,California
San Luis Obispo,2021-06-25,527,283215,212,144430,293,128623,22,10162,209,19453,312,136515,229,155968,California
San Luis Obispo,2021-06-26,272,283487,147,144577,107,128730,18,10180,119,19436,153,136668,136,156104,California
San Luis Obispo,2021-06-27,145,283632,94,144671,47,128777,4,10184,76,19448,68,136736,80,156184,California
San Luis Obispo,2021-06-28,342,283974,245,144916,81,128858,16,10200,131,19386,208,136944,146,156330,California
San Luis Obispo,2021-06-29,482,284456,315,145231,151,129009,16,10216,203,19331,274,137218,219,156549,California
San Luis Obispo,2021-06-30,440,284896,244,145475,158,129167,38,10254,161,19252,277,137495,198,156747,California
San Luis Obispo,2021-07-01,464,285360,308,145783,141,129308,15,10269,207,19220,254,137749,222,156969,California
San Luis Obispo,2021-07-02,432,285792,207,145990,204,129512,21,10290,173,19160,254,138003,194,157163,California
San Luis Obispo,2021-07-03,422,286214,178,146168,238,129750,6,10296,120,18987,300,138303,127,157290,California
San Luis Obispo,2021-07-04,28,286242,16,146184,11,129761,1,10297,11,18982,17,138320,12,157302,California
San Luis Obispo,2021-07-05,168,286410,92,146276,65,129826,11,10308,80,18987,84,138404,89,157391,California
San Luis Obispo,2021-07-06,472,286882,296,146572,143,129969,33,10341,191,18932,279,138683,224,157615,California
San Luis Obispo,2021-07-07,378,287260,205,146777,122,130091,51,10392,154,18913,221,138904,202,157817,California
San Luis Obispo,2021-07-08,111,287371,49,146826,59,130150,3,10395,51,18908,59,138963,54,157871,California
San Mateo,2020-12-15,27,27,27,27,0,0,0,0,27,27,0,0,27,27,California
San Mateo,2020-12-16,113,140,113,140,0,0,0,0,113,140,0,0,113,140,California
San Mateo,2020-12-17,172,312,172,312,0,0,0,0,172,312,0,0,172,312,California
San Mateo,2020-12-18,776,1088,774,1086,2,2,0,0,776,1088,0,0,776,1088,California
San Mateo,2020-12-19,516,1604,516,1602,0,2,0,0,516,1604,0,0,516,1604,California
San Mateo,2020-12-20,503,2107,502,2104,1,3,0,0,503,2107,0,0,503,2107,California
San Mateo,2020-12-21,1146,3253,1145,3249,1,4,0,0,1146,3253,0,0,1146,3253,California
San Mateo,2020-12-22,1526,4779,1518,4767,8,12,0,0,1525,4777,1,1,1525,4778,California
San Mateo,2020-12-23,1570,6349,1380,6147,190,202,0,0,1570,6347,0,1,1570,6348,California
San Mateo,2020-12-24,871,7220,613,6760,258,460,0,0,871,7218,0,1,871,7219,California
San Mateo,2020-12-25,113,7333,109,6869,4,464,0,0,113,7331,0,1,113,7332,California
San Mateo,2020-12-26,557,7890,416,7285,141,605,0,0,557,7888,0,1,557,7889,California
San Mateo,2020-12-27,302,8192,172,7457,130,735,0,0,302,8190,0,1,302,8191,California
San Mateo,2020-12-28,1060,9252,710,8167,350,1085,0,0,1060,9250,0,1,1060,9251,California
San Mateo,2020-12-29,1138,10390,715,8882,423,1508,0,0,1138,10388,0,1,1138,10389,California
San Mateo,2020-12-30,1269,11659,764,9646,505,2013,0,0,1269,11657,0,1,1269,11658,California
San Mateo,2020-12-31,707,12366,228,9874,479,2492,0,0,706,12362,1,2,706,12364,California
San Mateo,2021-01-01,111,12477,75,9949,36,2528,0,0,111,12473,0,2,111,12475,California
San Mateo,2021-01-02,398,12875,272,10221,126,2654,0,0,398,12871,0,2,398,12873,California
San Mateo,2021-01-03,285,13160,209,10430,76,2730,0,0,282,13150,3,5,282,13155,California
San Mateo,2021-01-04,1052,14212,678,11108,374,3104,0,0,1052,14202,0,5,1052,14207,California
San Mateo,2021-01-05,1215,15427,713,11821,502,3606,0,0,1182,15352,33,38,1183,15390,California
San Mateo,2021-01-06,1460,16887,960,12781,500,4106,0,0,1265,16426,192,230,1266,16656,California
San Mateo,2021-01-07,1464,18351,817,13598,647,4753,0,0,1155,17279,302,532,1155,17811,California
San Mateo,2021-01-08,1853,20204,1200,14798,653,5406,0,0,1139,17711,707,1239,1139,18950,California
San Mateo,2021-01-09,1176,21380,778,15576,398,5804,0,0,715,17965,461,1700,715,19665,California
San Mateo,2021-01-10,710,22090,580,16156,130,5934,0,0,269,17793,441,2141,269,19934,California
San Mateo,2021-01-11,2618,24708,1511,17667,1107,7041,0,0,1539,18255,1079,3220,1541,21475,California
San Mateo,2021-01-12,3464,28172,1944,19611,1520,8561,0,0,2235,19274,1220,4440,2239,23714,California
San Mateo,2021-01-13,3423,31595,1676,21287,1747,10308,0,0,2369,20591,1054,5494,2371,26085,California
San Mateo,2021-01-14,3809,35404,1612,22899,2197,12505,0,0,3110,23007,699,6193,3115,29200,California
San Mateo,2021-01-15,4359,39763,1742,24641,2617,15122,0,0,3808,26268,549,6742,3810,33010,California
San Mateo,2021-01-16,3088,42851,770,25411,2318,17440,0,0,2757,28697,329,7071,2758,35768,California
San Mateo,2021-01-17,1314,44165,306,25717,1008,18448,0,0,1109,29601,205,7276,1109,36877,California
San Mateo,2021-01-18,1370,45535,542,26259,828,19276,0,0,990,30214,377,7653,990,37867,California
San Mateo,2021-01-19,2806,48341,1796,28055,1010,20286,0,0,2002,31415,801,8454,2002,39869,California
San Mateo,2021-01-20,2988,51329,1728,29783,1260,21546,0,0,2136,32703,849,9303,2137,42006,California
San Mateo,2021-01-21,2935,54264,1357,31140,1578,23124,0,0,2334,34442,598,9901,2337,44343,California
San Mateo,2021-01-22,2836,57100,1146,32286,1690,24814,0,0,2530,36671,302,10203,2531,46874,California
San Mateo,2021-01-23,2888,59988,1680,33966,1208,26022,0,0,2526,38836,362,10565,2527,49401,California
San Mateo,2021-01-24,1516,61504,373,34339,1143,27165,0,0,1205,39732,310,10875,1206,50607,California
San Mateo,2021-01-25,4423,65927,3144,37483,1279,28444,0,0,3518,42353,901,11776,3522,54129,California
San Mateo,2021-01-26,4352,70279,3006,40489,1346,29790,0,0,3417,44838,933,12709,3418,57547,California
San Mateo,2021-01-27,2829,73108,1474,41963,1355,31145,0,0,1817,45650,1006,13715,1818,59365,California
San Mateo,2021-01-28,2827,75935,1376,43339,1451,32596,0,0,1973,46785,838,14553,1973,61338,California
San Mateo,2021-01-29,3017,78952,1354,44693,1663,34259,0,0,2167,48106,848,15401,2169,63507,California
San Mateo,2021-01-30,3422,82374,1489,46182,1933,36192,0,0,2956,50598,465,15866,2957,66464,California
San Mateo,2021-01-31,1695,84069,899,47081,796,36988,0,0,1532,51969,161,16027,1532,67996,California
San Mateo,2021-02-01,2967,87036,1369,48450,1598,38586,0,0,2233,53474,729,16756,2234,70230,California
San Mateo,2021-02-02,3259,90295,1752,50202,1507,40093,0,0,2210,54638,1046,17802,2210,72440,California
San Mateo,2021-02-03,5026,95321,2064,52266,2962,43055,0,0,3873,57362,1150,18952,3874,76314,California
San Mateo,2021-02-04,6251,101572,2507,54773,3744,46799,0,0,4964,61050,1280,20232,4968,81282,California
San Mateo,2021-02-05,6849,108421,2561,57334,4288,51087,0,0,5005,64229,1826,22058,5005,86287,California
San Mateo,2021-02-06,3291,111712,1915,59249,1376,52463,0,0,2630,66205,656,22714,2632,88919,California
San Mateo,2021-02-07,1911,113623,1352,60601,559,53022,0,0,1716,67728,193,22907,1716,90635,California
San Mateo,2021-02-08,5310,118933,2268,62869,3042,56064,0,0,3132,68746,2114,25021,3132,93767,California
San Mateo,2021-02-09,6190,125123,3205,66074,2985,59049,0,0,3323,69211,2858,27879,3323,97090,California
San Mateo,2021-02-10,6554,131677,3289,69363,3265,62314,0,0,3280,69236,3255,31134,3280,100370,California
San Mateo,2021-02-11,7102,138779,3597,72960,3505,65819,0,0,3774,69691,3321,34455,3776,104146,California
San Mateo,2021-02-12,6685,145464,2996,75956,3689,69508,0,0,4722,72457,1958,36413,4724,108870,California
San Mateo,2021-02-13,6228,151692,4119,80075,2109,71617,0,0,2645,71525,3577,39990,2645,111515,California
San Mateo,2021-02-14,4749,156441,3118,83193,1631,73248,0,0,1986,70757,2755,42745,1987,113502,California
San Mateo,2021-02-15,3186,159627,1458,84651,1728,74976,0,0,1797,71175,1380,44125,1798,115300,California
San Mateo,2021-02-16,7198,166825,1904,86555,5294,80270,0,0,5304,74589,1892,46017,5306,120606,California
San Mateo,2021-02-17,7125,173950,1985,88540,5140,85410,0,0,5055,77581,2064,48081,5056,125662,California
San Mateo,2021-02-18,6838,180788,4728,93268,2110,87520,0,0,4549,79849,2284,50365,4552,130214,California
San Mateo,2021-02-19,7909,188697,5657,98925,2252,89772,0,0,5855,83659,2045,52410,5855,136069,California
San Mateo,2021-02-20,3832,192529,2474,101399,1358,91130,0,0,2353,84542,1471,53881,2354,138423,California
San Mateo,2021-02-21,2702,195231,1827,103226,875,92005,0,0,1602,85052,1093,54974,1603,140026,California
San Mateo,2021-02-22,4640,199871,3369,106595,1271,93276,0,0,2903,86228,1728,56702,2904,142930,California
San Mateo,2021-02-23,4500,204371,3214,109809,1286,94562,0,0,2607,86954,1881,58583,2607,145537,California
San Mateo,2021-02-24,7549,211920,3400,113209,4149,98711,0,0,4977,89372,2560,61143,4978,150515,California
San Mateo,2021-02-25,9551,221471,4251,117460,5300,104011,0,0,6254,92349,3278,64421,6255,156770,California
San Mateo,2021-02-26,10192,231663,3932,121392,6260,110271,0,0,7053,96282,3122,67543,7055,163825,California
San Mateo,2021-02-27,6955,238618,3591,124983,3363,113634,1,1,3778,96902,3165,70708,3785,167610,California
San Mateo,2021-02-28,4469,243087,2757,127740,1712,115346,0,1,2685,97815,1773,72481,2686,170296,California
San Mateo,2021-03-01,6054,249141,3814,131554,2236,117582,4,5,2993,97768,3046,75527,2999,173295,California
San Mateo,2021-03-02,6294,255435,4466,136020,1827,119409,1,6,3622,98730,2662,78189,3624,176919,California
San Mateo,2021-03-03,8572,264007,4041,140061,4529,123938,2,8,3715,97606,4841,83030,3717,180636,California
San Mateo,2021-03-04,8602,272609,4026,144087,4572,128510,4,12,3884,96801,4695,87725,3890,184526,California
San Mateo,2021-03-05,9408,282017,6269,150356,3135,131645,4,16,6586,100594,2800,90525,6593,191119,California
San Mateo,2021-03-06,8012,290029,5566,155922,2267,133912,179,195,5872,104516,2127,92652,6049,197168,California
San Mateo,2021-03-07,3733,293762,2456,158378,1130,135042,147,342,2161,105258,1568,94220,2310,199478,California
San Mateo,2021-03-08,4570,298332,2575,160953,1758,136800,237,579,3329,107587,1234,95454,3563,203041,California
San Mateo,2021-03-09,5372,303704,2875,163828,2214,139014,283,862,3736,109976,1623,97077,4012,207053,California
San Mateo,2021-03-10,7288,310992,2957,166785,4043,143057,288,1150,4849,112685,2423,99500,5132,212185,California
San Mateo,2021-03-11,9197,320189,5766,172551,3037,146094,394,1544,3661,111234,5502,105002,4051,216236,California
San Mateo,2021-03-12,10650,330839,6707,179258,3557,149651,386,1930,3585,108161,7041,112043,3968,220204,California
San Mateo,2021-03-13,8266,339105,3536,182794,3094,152745,1636,3566,4002,109532,4248,116291,5619,225823,California
San Mateo,2021-03-14,5032,344137,3398,186192,1526,154271,108,3674,2661,109937,2363,118654,2768,228591,California
San Mateo,2021-03-15,7245,351382,4677,190869,2390,156661,178,3852,3768,110415,3468,122122,3946,232537,California
San Mateo,2021-03-16,12014,363396,4425,195294,7464,164125,125,3977,4822,108194,7171,129293,4950,237487,California
San Mateo,2021-03-17,10993,374389,4483,199777,6363,170488,147,4124,4960,107300,6001,135294,5107,242594,California
San Mateo,2021-03-18,7431,381820,4168,203945,3074,173562,189,4313,4402,108869,3020,138314,4589,247183,California
San Mateo,2021-03-19,7598,389418,4905,208850,2019,175581,674,4987,3632,109220,3954,142268,4305,251488,California
San Mateo,2021-03-20,8427,397845,6558,215408,1532,177113,337,5324,5363,111873,3046,145314,5699,257187,California
San Mateo,2021-03-21,4291,402136,3251,218659,807,177920,233,5557,2295,112412,1985,147299,2524,259711,California
San Mateo,2021-03-22,5387,407523,3670,222329,1293,179213,424,5981,2827,113118,2543,149842,3249,262960,California
San Mateo,2021-03-23,9950,417473,4582,226911,5170,184383,198,6179,4449,112296,5469,155311,4647,267607,California
San Mateo,2021-03-24,9601,427074,5552,232463,3902,188285,147,6326,4053,111022,5470,160781,4196,271803,California
San Mateo,2021-03-25,10195,437269,5013,237476,4913,193198,269,6595,4394,109994,5693,166474,4665,276468,California
San Mateo,2021-03-26,11355,448624,7800,245276,3387,196585,168,6763,4316,107485,6993,173467,4484,280952,California
San Mateo,2021-03-27,10590,459214,8105,253381,2376,198961,109,6872,4654,106328,5916,179383,4759,285711,California
San Mateo,2021-03-28,4309,463523,2785,256166,1411,200372,113,6985,1994,106135,2304,181687,2111,287822,California
San Mateo,2021-03-29,6110,469633,3793,259959,2063,202435,254,7239,2737,105772,3353,185040,2990,290812,California
San Mateo,2021-03-30,7225,476858,4108,264067,2963,205398,154,7393,3886,106488,3323,188363,4039,294851,California
San Mateo,2021-03-31,7380,484238,4655,268722,2579,207977,146,7539,3872,107017,3489,191852,4018,298869,California
San Mateo,2021-04-01,10720,494958,5292,274014,4206,212183,1222,8761,5745,109051,4921,196773,6955,305824,California
San Mateo,2021-04-02,10982,505940,5249,279263,4132,216315,1601,10362,5780,111236,5178,201951,7363,313187,California
San Mateo,2021-04-03,10041,515981,5787,285050,2474,218789,1780,12142,5118,113213,4912,206863,6889,320076,California
San Mateo,2021-04-04,5469,521450,2639,287689,1571,220360,1259,13401,1707,112426,3747,210610,2960,323036,California
San Mateo,2021-04-05,9088,530538,4830,292519,2510,222870,1748,15149,3887,112866,5181,215791,5621,328657,California
San Mateo,2021-04-06,13282,543820,8294,300813,3129,225999,1859,17008,7570,116595,5697,221488,9426,338083,California
San Mateo,2021-04-07,11542,555362,5355,306168,4486,230485,1701,18709,4905,116568,6615,228103,6588,344671,California
San Mateo,2021-04-08,10275,565637,5114,311282,2542,233027,2619,21328,4550,118012,5705,233808,7149,351820,California
San Mateo,2021-04-09,11463,577100,5586,316868,3378,236405,2499,23827,5144,119326,6314,240122,7628,359448,California
San Mateo,2021-04-10,11333,588433,5757,322625,4127,240532,1449,25276,4696,118850,6604,246726,6128,365576,California
San Mateo,2021-04-11,6661,595094,3308,325933,881,241413,2472,27748,2325,119305,4329,251055,4784,370360,California
San Mateo,2021-04-12,7435,602529,4533,330466,1928,243341,974,28722,3581,120021,3832,254887,4548,374908,California
San Mateo,2021-04-13,8308,610837,5168,335634,3129,246470,11,28733,4386,120513,3907,258794,4399,379307,California
San Mateo,2021-04-14,8441,619278,5445,341079,2995,249465,1,28734,4307,120713,4116,262910,4316,383623,California
San Mateo,2021-04-15,11298,630576,7493,348572,3803,253268,2,28736,7353,124155,3915,266825,7357,390980,California
San Mateo,2021-04-16,10162,640738,6974,355546,3171,256439,17,28753,6412,126865,3725,270550,6435,397415,California
San Mateo,2021-04-17,9866,650604,6568,362114,3296,259735,2,28755,6232,129484,3622,274172,6241,403656,California
San Mateo,2021-04-18,5736,656340,2870,364984,2866,262601,0,28755,3848,131465,1873,276045,3854,407510,California
San Mateo,2021-04-19,8535,664875,5546,370530,2989,265590,0,28755,5541,134040,2978,279023,5553,413063,California
San Mateo,2021-04-20,10863,675738,6218,376748,4644,270234,1,28756,6947,137109,3891,282914,6960,420023,California
San Mateo,2021-04-21,9914,685652,6887,383635,3025,273259,2,28758,6141,139509,3749,286663,6149,426172,California
San Mateo,2021-04-22,10198,695850,6929,390564,3268,276527,1,28759,5693,140738,4470,291133,5699,431871,California
San Mateo,2021-04-23,10011,705861,6714,397278,3297,279824,0,28759,5614,142003,4367,295500,5632,437503,California
San Mateo,2021-04-24,11308,717169,8064,405342,3244,283068,0,28759,5823,142375,5461,300961,5833,443336,California
San Mateo,2021-04-25,5573,722742,3888,409230,1683,284751,2,28761,3954,144740,1603,302564,3968,447304,California
San Mateo,2021-04-26,6923,729665,5026,414256,1889,286640,8,28769,4005,145860,2904,305468,4024,451328,California
San Mateo,2021-04-27,11615,741280,8202,422458,3258,289898,155,28924,4758,143962,6822,312290,4924,456252,California
San Mateo,2021-04-28,8217,749497,4783,427241,3228,293126,206,29130,4384,144744,3815,316105,4597,460849,California
San Mateo,2021-04-29,8453,757950,4075,431316,4206,297332,172,29302,3835,144180,4587,320692,4023,464872,California
San Mateo,2021-04-30,8480,766430,5370,436686,2951,300283,159,29461,3633,143173,4818,325510,3811,468683,California
San Mateo,2021-05-01,6237,772667,4166,440852,1953,302236,118,29579,2695,142478,3521,329031,2826,471509,California
San Mateo,2021-05-02,3198,775865,1754,442606,1373,303609,71,29650,1155,141677,2032,331063,1231,472740,California
San Mateo,2021-05-03,6092,781957,4538,447144,1408,305017,146,29796,1848,139439,4233,335296,1995,474735,California
San Mateo,2021-05-04,7682,789639,5312,452456,2198,307215,172,29968,2548,137059,5119,340415,2739,477474,California
San Mateo,2021-05-05,7185,796824,4772,457228,2252,309467,161,30129,2449,134965,4705,345120,2611,480085,California
San Mateo,2021-05-06,8941,805765,7046,464274,1719,311186,176,30305,1794,129815,7125,352245,1975,482060,California
San Mateo,2021-05-07,8423,814188,6071,470345,2068,313254,284,30589,1866,125448,6531,358776,2164,484224,California
San Mateo,2021-05-08,7021,821209,4384,474729,2396,315650,241,30830,1926,122538,5081,363857,2171,486395,California
San Mateo,2021-05-09,3153,824362,2458,477187,621,316271,74,30904,943,121357,2199,366056,1018,487413,California
San Mateo,2021-05-10,4808,829170,3499,480686,1139,317410,170,31074,737,118212,4061,370117,916,488329,California
San Mateo,2021-05-11,7268,836438,5554,486240,1586,318996,128,31202,1717,114530,5530,375647,1848,490177,California
San Mateo,2021-05-12,7070,843508,5144,491384,1710,320706,216,31418,1425,110542,5631,381278,1643,491820,California
San Mateo,2021-05-13,9756,853264,7344,498728,2315,323021,97,31515,3414,107759,6308,387586,3525,495345,California
San Mateo,2021-05-14,8577,861841,6357,505085,2104,325125,116,31631,2583,104490,5974,393560,2705,498050,California
San Mateo,2021-05-15,10650,872491,8346,513431,2202,327327,102,31733,4714,103408,5919,399479,4837,502887,California
San Mateo,2021-05-16,7297,879788,5214,518645,2012,329339,71,31804,2282,100767,4994,404473,2353,505240,California
San Mateo,2021-05-17,7207,886995,5125,523770,1973,331312,109,31913,2126,97942,5064,409537,2239,507479,California
San Mateo,2021-05-18,8560,895555,5925,529695,2537,333849,98,32011,3063,95734,5375,414912,3167,510646,California
San Mateo,2021-05-19,7933,903488,5921,535616,1891,335740,121,32132,3556,95085,4329,419241,3680,514326,California
San Mateo,2021-05-20,5784,909272,3607,539223,2043,337783,134,32266,2182,93828,3576,422817,2319,516645,California
San Mateo,2021-05-21,7021,916293,4774,543997,2102,339885,145,32411,1867,90707,5133,427950,2012,518657,California
San Mateo,2021-05-22,6368,922661,4335,548332,1966,341851,67,32478,2642,89711,3707,431657,2711,521368,California
San Mateo,2021-05-23,3105,925766,1767,550099,1249,343100,89,32567,1185,89078,1907,433564,1274,522642,California
San Mateo,2021-05-24,3677,929443,2452,552551,1076,344176,149,32716,1224,88019,2430,435994,1371,524013,California
San Mateo,2021-05-25,4789,934232,3016,555567,1593,345769,180,32896,1575,86585,3192,439186,1758,525771,California
San Mateo,2021-05-26,5727,939959,3080,558647,2528,348297,119,33015,1784,84568,3920,443106,1903,527674,California
San Mateo,2021-05-27,3782,943741,2206,560853,1476,349773,100,33115,1198,83307,2555,445661,1294,528968,California
San Mateo,2021-05-28,3509,947250,2195,563048,1229,351002,85,33200,1298,82518,2171,447832,1382,530350,California
San Mateo,2021-05-29,3238,950488,2285,565333,901,351903,52,33252,1237,81835,1971,449803,1288,531638,California
San Mateo,2021-05-30,1644,952132,1112,566445,471,352374,61,33313,646,81555,987,450790,707,532345,California
San Mateo,2021-05-31,439,952571,276,566721,155,352529,8,33321,161,81449,275,451065,169,532514,California
San Mateo,2021-06-01,3342,955913,1974,568695,1273,353802,95,33416,958,80130,2371,453436,1052,533566,California
San Mateo,2021-06-02,2770,958683,1838,570533,854,354656,78,33494,1056,79564,1698,455134,1132,534698,California
San Mateo,2021-06-03,3819,962502,2997,573530,707,355363,115,33609,823,77517,2981,458115,934,535632,California
San Mateo,2021-06-04,4130,966632,3181,576711,855,356218,94,33703,1115,75719,2994,461109,1196,536828,California
San Mateo,2021-06-05,5156,971788,4504,581215,552,356770,100,33803,953,72600,4172,465281,1053,537881,California
San Mateo,2021-06-06,2531,974319,2085,583300,384,357154,62,33865,481,71112,2027,467308,539,538420,California
San Mateo,2021-06-07,3115,977434,2613,585913,419,357573,83,33948,696,69478,2411,469719,777,539197,California
San Mateo,2021-06-08,4088,981522,3454,589367,528,358101,106,34054,969,67470,3084,472803,1076,540273,California
San Mateo,2021-06-09,4139,985661,3565,592932,504,358605,70,34124,620,64651,3506,476309,687,540960,California
San Mateo,2021-06-10,2968,988629,2403,595335,450,359055,115,34239,749,63312,2203,478512,864,541824,California
San Mateo,2021-06-11,2859,991488,2296,597631,450,359505,113,34352,918,62412,1930,480442,1030,542854,California
San Mateo,2021-06-12,3146,994634,2804,600435,261,359766,81,34433,765,60891,2367,482809,846,543700,California
San Mateo,2021-06-13,1434,996068,1079,601514,292,360058,63,34496,345,60228,1071,483880,408,544108,California
San Mateo,2021-06-14,2438,998506,2106,603620,249,360307,83,34579,693,59292,1712,485592,776,544884,California
San Mateo,2021-06-15,2261,1000767,1793,605413,347,360654,121,34700,675,58519,1568,487160,795,545679,California
San Mateo,2021-06-16,2447,1003214,2029,607442,261,360915,157,34857,704,57675,1700,488860,856,546535,California
San Mateo,2021-06-17,1949,1005163,1612,609054,249,361164,88,34945,686,57238,1211,490071,774,547309,California
San Mateo,2021-06-18,2117,1007280,1774,610828,265,361429,78,35023,611,56437,1486,491557,685,547994,California
San Mateo,2021-06-19,1784,1009064,1560,612388,163,361592,61,35084,588,55960,1124,492681,647,548641,California
San Mateo,2021-06-20,763,1009827,694,613082,58,361650,11,35095,286,55813,444,493125,297,548938,California
San Mateo,2021-06-21,1246,1011073,931,614013,240,361890,75,35170,604,55858,636,493761,681,549619,California
San Mateo,2021-06-22,1590,1012663,1286,615299,208,362098,96,35266,594,55568,979,494740,689,550308,California
San Mateo,2021-06-23,1844,1014507,1564,616863,177,362275,103,35369,615,55090,1196,495936,718,551026,California
San Mateo,2021-06-24,1454,1015961,1080,617943,273,362548,101,35470,526,54806,908,496844,624,551650,California
San Mateo,2021-06-25,1776,1017737,1475,619418,223,362771,78,35548,656,54432,1108,497952,734,552384,California
San Mateo,2021-06-26,1239,1018976,1043,620461,138,362909,58,35606,493,54252,730,498682,550,552934,California
San Mateo,2021-06-27,655,1019631,532,620993,77,362986,46,35652,290,54224,364,499046,336,553270,California
San Mateo,2021-06-28,1253,1020884,1071,622064,106,363092,76,35728,497,54053,743,499789,572,553842,California
San Mateo,2021-06-29,1428,1022312,1150,623214,196,363288,82,35810,487,53686,932,500721,565,554407,California
San Mateo,2021-06-30,1264,1023576,1036,624250,128,363416,100,35910,564,53661,688,501409,663,555070,California
San Mateo,2021-07-01,1210,1024786,1028,625278,123,363539,59,35969,488,53508,700,502109,547,555617,California
San Mateo,2021-07-02,1457,1026243,1212,626490,170,363709,75,36044,553,53243,893,503002,628,556245,California
San Mateo,2021-07-03,1058,1027301,904,627394,112,363821,42,36086,418,53075,626,503628,458,556703,California
San Mateo,2021-07-04,50,1027351,44,627438,0,363821,6,36092,24,53080,25,503653,30,556733,California
San Mateo,2021-07-05,811,1028162,681,628119,103,363924,27,36119,351,53001,454,504107,375,557108,California
San Mateo,2021-07-06,1345,1029507,1114,629233,147,364071,84,36203,546,52840,788,504895,627,557735,California
San Mateo,2021-07-07,1097,1030604,890,630123,130,364201,77,36280,410,52649,678,505573,487,558222,California
San Mateo,2021-07-08,645,1031249,538,630661,50,364251,57,36337,197,52459,443,506016,253,558475,California
Santa Barbara,2020-12-15,2,2,2,2,0,0,0,0,2,2,0,0,2,2,California
Santa Barbara,2020-12-16,2,4,2,4,0,0,0,0,2,4,0,0,2,4,California
Santa Barbara,2020-12-17,56,60,56,60,0,0,0,0,56,60,0,0,56,60,California
Santa Barbara,2020-12-18,383,443,382,442,1,1,0,0,383,443,0,0,383,443,California
Santa Barbara,2020-12-19,326,769,326,768,0,1,0,0,326,769,0,0,326,769,California
Santa Barbara,2020-12-20,235,1004,235,1003,0,1,0,0,235,1004,0,0,235,1004,California
Santa Barbara,2020-12-21,658,1662,656,1659,2,3,0,0,658,1662,0,0,658,1662,California
Santa Barbara,2020-12-22,246,1908,244,1903,2,5,0,0,246,1908,0,0,246,1908,California
Santa Barbara,2020-12-23,326,2234,208,2111,118,123,0,0,326,2234,0,0,326,2234,California
Santa Barbara,2020-12-24,88,2322,40,2151,48,171,0,0,88,2322,0,0,88,2322,California
Santa Barbara,2020-12-26,325,2647,66,2217,259,430,0,0,325,2647,0,0,325,2647,California
Santa Barbara,2020-12-27,62,2709,1,2218,61,491,0,0,62,2709,0,0,62,2709,California
Santa Barbara,2020-12-28,359,3068,226,2444,133,624,0,0,359,3068,0,0,359,3068,California
Santa Barbara,2020-12-29,562,3630,359,2803,203,827,0,0,562,3630,0,0,562,3630,California
Santa Barbara,2020-12-30,579,4209,396,3199,183,1010,0,0,579,4209,0,0,579,4209,California
Santa Barbara,2020-12-31,242,4451,114,3313,128,1138,0,0,242,4451,0,0,242,4451,California
Santa Barbara,2021-01-01,118,4569,112,3425,6,1144,0,0,118,4569,0,0,118,4569,California
Santa Barbara,2021-01-02,598,5167,232,3657,366,1510,0,0,598,5167,0,0,598,5167,California
Santa Barbara,2021-01-03,23,5190,15,3672,8,1518,0,0,23,5190,0,0,23,5190,California
Santa Barbara,2021-01-04,305,5495,242,3914,63,1581,0,0,304,5494,0,0,304,5494,California
Santa Barbara,2021-01-05,757,6252,382,4296,375,1956,0,0,729,6195,28,28,729,6223,California
Santa Barbara,2021-01-06,658,6910,276,4572,382,2338,0,0,597,6732,60,88,597,6820,California
Santa Barbara,2021-01-07,1032,7942,709,5281,323,2661,0,0,528,6760,500,588,528,7348,California
Santa Barbara,2021-01-08,1209,9151,851,6132,358,3019,0,0,713,6977,496,1084,713,8061,California
Santa Barbara,2021-01-09,562,9713,293,6425,269,3288,0,0,316,7047,246,1330,316,8377,California
Santa Barbara,2021-01-10,64,9777,51,6476,13,3301,0,0,47,7077,17,1347,47,8424,California
Santa Barbara,2021-01-11,850,10627,680,7156,170,3471,0,0,620,7468,229,1576,620,9044,California
Santa Barbara,2021-01-12,1443,12070,646,7802,797,4268,0,0,1283,8591,160,1736,1283,10327,California
Santa Barbara,2021-01-13,1223,13293,270,8072,953,5221,0,0,1096,9560,127,1863,1096,11423,California
Santa Barbara,2021-01-14,1261,14554,140,8212,1121,6342,0,0,1205,10711,55,1918,1206,12629,California
Santa Barbara,2021-01-15,1805,16359,419,8631,1386,7728,0,0,1722,12352,81,1999,1722,14351,California
Santa Barbara,2021-01-16,1277,17636,203,8834,1074,8802,0,0,1237,13550,39,2038,1237,15588,California
Santa Barbara,2021-01-17,126,17762,23,8857,103,8905,0,0,123,13670,3,2041,123,15711,California
Santa Barbara,2021-01-18,1151,18913,419,9276,732,9637,0,0,965,14449,186,2227,965,16676,California
Santa Barbara,2021-01-19,1653,20566,569,9845,1084,10721,0,0,1372,15543,278,2505,1372,18048,California
Santa Barbara,2021-01-20,2225,22791,656,10501,1569,12290,0,0,1803,16925,421,2926,1803,19851,California
Santa Barbara,2021-01-21,3199,25990,1918,12419,1281,13571,0,0,3037,19802,162,3088,3039,22890,California
Santa Barbara,2021-01-22,2948,28938,1793,14212,1155,14726,0,0,2776,22410,169,3257,2777,25667,California
Santa Barbara,2021-01-23,1740,30678,1107,15319,633,15359,0,0,1225,23121,514,3771,1225,26892,California
Santa Barbara,2021-01-24,846,31524,749,16068,97,15456,0,0,835,23946,10,3781,835,27727,California
Santa Barbara,2021-01-25,1240,32764,493,16561,747,16203,0,0,1004,24714,236,4017,1004,28731,California
Santa Barbara,2021-01-26,2050,34814,466,17027,1584,17787,0,0,1665,25996,383,4400,1665,30396,California
Santa Barbara,2021-01-27,1171,35985,398,17425,773,18560,0,0,908,26644,262,4662,910,31306,California
Santa Barbara,2021-01-28,902,36887,296,17721,606,19166,0,0,686,27118,212,4874,686,31992,California
Santa Barbara,2021-01-29,1348,38235,528,18249,820,19986,0,0,983,27742,361,5235,985,32977,California
Santa Barbara,2021-01-30,1905,40140,1417,19666,488,20474,0,0,1487,28814,415,5650,1487,34464,California
Santa Barbara,2021-01-31,1453,41593,1212,20878,241,20715,0,0,1414,30189,39,5689,1414,35878,California
Santa Barbara,2021-02-01,949,42542,518,21396,431,21146,0,0,550,30340,399,6088,550,36428,California
Santa Barbara,2021-02-02,1814,44356,683,22079,1131,22277,0,0,1047,30622,765,6853,1047,37475,California
Santa Barbara,2021-02-03,1961,46317,1079,23158,882,23159,0,0,1510,31692,440,7293,1510,38985,California
Santa Barbara,2021-02-04,2803,49120,1875,25033,928,24087,0,0,2503,33901,294,7587,2503,41488,California
Santa Barbara,2021-02-05,2926,52046,2076,27109,850,24937,0,0,2277,35532,646,8233,2277,43765,California
Santa Barbara,2021-02-06,1209,53255,341,27450,868,25805,0,0,799,35921,410,8643,799,44564,California
Santa Barbara,2021-02-07,311,53566,268,27718,43,25848,0,0,272,36156,37,8680,272,44836,California
Santa Barbara,2021-02-08,956,54522,309,28027,647,26495,0,0,666,36532,290,8970,666,45502,California
Santa Barbara,2021-02-09,2453,56975,316,28343,2137,28632,0,0,1123,36336,1319,10289,1123,46625,California
Santa Barbara,2021-02-10,2776,59751,1500,29843,1276,29908,0,0,744,35063,2018,12307,745,47370,California
Santa Barbara,2021-02-11,4213,63964,2821,32664,1392,31300,0,0,631,32126,3568,15875,631,48001,California
Santa Barbara,2021-02-12,3320,67284,949,33613,2371,33671,0,0,771,30354,2543,18418,771,48772,California
Santa Barbara,2021-02-13,1244,68528,345,33958,899,34570,0,0,564,30240,678,19096,564,49336,California
Santa Barbara,2021-02-14,337,68865,37,33995,300,34870,0,0,290,30484,47,19143,291,49627,California
Santa Barbara,2021-02-15,983,69848,348,34343,635,35505,0,0,498,30501,482,19625,499,50126,California
Santa Barbara,2021-02-16,2133,71981,407,34750,1726,37231,0,0,722,29817,1406,21031,722,50848,California
Santa Barbara,2021-02-17,1453,73434,328,35078,1125,38356,0,0,521,29414,927,21958,524,51372,California
Santa Barbara,2021-02-18,3277,76711,2669,37747,608,38964,0,0,1523,29224,1714,23672,1524,52896,California
Santa Barbara,2021-02-19,3617,80328,2654,40401,963,39927,0,0,2337,30285,1277,24949,2338,55234,California
Santa Barbara,2021-02-20,2329,82657,1524,41925,805,40732,0,0,1753,31473,566,25515,1754,56988,California
Santa Barbara,2021-02-21,145,82802,116,42041,29,40761,0,0,64,31458,79,25594,64,57052,California
Santa Barbara,2021-02-22,981,83783,268,42309,713,41474,0,0,284,31048,694,26288,284,57336,California
Santa Barbara,2021-02-23,3288,87071,1112,43421,2176,43650,0,0,439,28642,2846,29134,440,57776,California
Santa Barbara,2021-02-24,3349,90420,1155,44576,2194,45844,0,0,756,26816,2582,31716,756,58532,California
Santa Barbara,2021-02-25,3586,94006,2008,46584,1578,47422,0,0,1025,25292,2553,34269,1029,59561,California
Santa Barbara,2021-02-26,3703,97709,2186,48770,1517,48939,0,0,1992,25587,1698,35967,1993,61554,California
Santa Barbara,2021-02-27,1549,99258,569,49339,980,49919,0,0,864,25774,681,36648,868,62422,California
Santa Barbara,2021-02-28,1096,100354,223,49562,873,50792,0,0,896,26478,194,36842,898,63320,California
Santa Barbara,2021-03-01,1672,102026,491,50053,1179,51971,2,2,1110,27046,545,37387,1113,64433,California
Santa Barbara,2021-03-02,2677,104703,430,50483,2247,54218,0,2,2167,28718,497,37884,2169,66602,California
Santa Barbara,2021-03-03,4651,109354,2108,52591,2541,56759,2,4,4046,32177,594,38478,4053,70655,California
Santa Barbara,2021-03-04,3444,112798,2289,54880,1155,57914,0,4,2875,34494,560,39038,2877,73532,California
Santa Barbara,2021-03-05,3832,116630,2171,57051,1602,59516,59,63,3101,36930,725,39763,3161,76693,California
Santa Barbara,2021-03-06,2448,119078,734,57785,1494,61010,220,283,1680,38063,763,40526,1896,78589,California
Santa Barbara,2021-03-07,704,119782,124,57909,338,61348,242,525,404,38412,299,40825,648,79237,California
Santa Barbara,2021-03-08,1614,121396,384,58293,869,62217,361,886,804,38773,803,41628,1164,80401,California
Santa Barbara,2021-03-09,2803,124199,346,58639,1684,63901,773,1659,743,38228,2056,43684,1511,81912,California
Santa Barbara,2021-03-10,2773,126972,555,59194,1168,65069,1050,2709,1050,38605,1718,45402,2095,84007,California
Santa Barbara,2021-03-11,5593,132565,3034,62228,1444,66513,1115,3824,2282,38703,3291,48693,3389,87396,California
Santa Barbara,2021-03-12,3710,136275,2112,64340,1163,67676,435,4259,2181,39795,1521,50214,2613,90009,California
Santa Barbara,2021-03-13,3512,139787,1948,66288,1358,69034,206,4465,2701,41896,806,51020,2907,92916,California
Santa Barbara,2021-03-14,823,140610,401,66689,364,69398,58,4523,496,42125,326,51346,555,93471,California
Santa Barbara,2021-03-15,2125,142735,702,67391,1132,70530,291,4814,1273,42843,844,52190,1562,95033,California
Santa Barbara,2021-03-16,3736,146471,1184,68575,2209,72739,343,5157,2735,44927,995,53185,3079,98112,California
Santa Barbara,2021-03-17,3334,149805,984,69559,1945,74684,405,5562,2336,46668,995,54180,2736,100848,California
Santa Barbara,2021-03-18,5275,155080,2804,72363,2268,76952,203,5765,4035,49683,1223,55403,4238,105086,California
Santa Barbara,2021-03-19,4482,159562,2774,75137,1373,78325,335,6100,3060,51660,1417,56820,3394,108480,California
Santa Barbara,2021-03-20,2234,161796,844,75981,1367,79692,23,6123,1368,52191,862,57682,1393,109873,California
Santa Barbara,2021-03-21,1182,162978,385,76366,767,80459,30,6153,851,52746,327,58009,882,110755,California
Santa Barbara,2021-03-22,2794,165772,1924,78290,825,81284,45,6198,2225,54457,559,58568,2270,113025,California
Santa Barbara,2021-03-23,4466,170238,2253,80543,2111,83395,102,6300,3688,57476,768,59336,3787,116812,California
Santa Barbara,2021-03-24,5441,175679,3155,83698,1523,84918,763,7063,2967,58749,2451,61787,3724,120536,California
Santa Barbara,2021-03-25,5571,181250,3271,86969,2101,87019,199,7262,2775,58946,2778,64565,2975,123511,California
Santa Barbara,2021-03-26,5105,186355,3229,90198,1570,88589,306,7568,2217,58600,2869,67434,2523,126034,California
Santa Barbara,2021-03-27,2973,189328,1227,91425,1703,90292,43,7611,1624,58920,1345,68779,1665,127699,California
Santa Barbara,2021-03-28,2794,192122,1660,93085,1106,91398,28,7639,1905,59969,885,69664,1934,129633,California
Santa Barbara,2021-03-29,4047,196169,2084,95169,1891,93289,72,7711,3229,62456,814,70478,3301,132934,California
Santa Barbara,2021-03-30,6800,202969,3513,98682,3136,96425,151,7862,4526,64872,2258,72736,4674,137608,California
Santa Barbara,2021-03-31,8673,211642,5524,104206,3081,99506,68,7930,5019,66327,3632,76368,5087,142695,California
Santa Barbara,2021-04-01,7064,218706,5215,109421,1588,101094,261,8191,4168,67886,2870,79238,4429,147124,California
Santa Barbara,2021-04-02,6654,225360,4560,113981,1499,102593,595,8786,3417,68670,3227,82465,4011,151135,California
Santa Barbara,2021-04-03,3821,229181,2114,116095,1635,104228,72,8858,2519,69963,1295,83760,2588,153723,California
Santa Barbara,2021-04-04,908,230089,448,116543,419,104647,41,8899,498,70094,408,84168,539,154262,California
Santa Barbara,2021-04-05,3496,233585,2302,118845,929,105576,265,9164,2177,71227,1309,85477,2442,156704,California
Santa Barbara,2021-04-06,5507,239092,2843,121688,2111,107687,553,9717,3359,73006,2128,87605,3907,160611,California
Santa Barbara,2021-04-07,6029,245121,3290,124978,2195,109882,544,10261,4085,75698,1934,89539,4626,165237,California
Santa Barbara,2021-04-08,7432,252553,5048,130026,654,110536,1730,11991,3426,76853,3997,93536,5152,170389,California
Santa Barbara,2021-04-09,7344,259897,4887,134913,1095,111631,1362,13353,3304,77483,4029,97565,4659,175048,California
Santa Barbara,2021-04-10,6707,266604,4647,139560,1444,113075,616,13969,4558,80514,2140,99705,5171,180219,California
Santa Barbara,2021-04-11,2680,269284,1961,141521,415,113490,304,14273,1854,81846,820,100525,2152,182371,California
Santa Barbara,2021-04-12,4431,273715,2847,144368,1029,114519,555,14828,1916,81810,2506,103031,2470,184841,California
Santa Barbara,2021-04-13,6386,280101,4190,148558,2190,116709,6,14834,2660,80754,3721,106752,2665,187506,California
Santa Barbara,2021-04-14,6810,286911,4421,152979,2387,119096,2,14836,4243,82444,2556,109308,4246,191752,California
Santa Barbara,2021-04-15,7014,293925,4111,157090,2902,121998,1,14837,3775,82994,3227,112535,3777,195529,California
Santa Barbara,2021-04-16,6433,300358,3774,160864,2648,124646,11,14848,4427,85447,1984,114519,4437,199966,California
Santa Barbara,2021-04-17,5356,305714,3879,164743,1477,126123,0,14848,4095,88296,1246,115765,4095,204061,California
Santa Barbara,2021-04-18,2195,307909,1534,166277,661,126784,0,14848,381,86872,1806,117571,382,204443,California
Santa Barbara,2021-04-19,3280,311189,2261,168538,1013,127797,6,14854,1033,85673,2239,119810,1040,205483,California
Santa Barbara,2021-04-20,5970,317159,3999,172537,1970,129767,1,14855,1689,83097,4265,124075,1689,207172,California
Santa Barbara,2021-04-21,5579,322738,3692,176229,1887,131654,0,14855,1782,81103,3778,127853,1784,208956,California
Santa Barbara,2021-04-22,5147,327885,2599,178828,2547,134201,1,14856,1481,78940,3647,131500,1484,210440,California
Santa Barbara,2021-04-23,5625,333510,3892,182720,1733,135934,0,14856,1988,77306,3622,135122,1988,212428,California
Santa Barbara,2021-04-24,4424,337934,2875,185595,1544,137478,5,14861,1630,76168,2774,137896,1636,214064,California
Santa Barbara,2021-04-25,1847,339781,1184,186779,663,138141,0,14861,499,75329,1338,139234,499,214563,California
Santa Barbara,2021-04-26,3257,343038,1990,188769,1246,139387,21,14882,559,73221,2689,141923,581,215144,California
Santa Barbara,2021-04-27,3994,347032,2198,190967,1694,141081,102,14984,1178,71696,2805,144728,1280,216424,California
Santa Barbara,2021-04-28,4920,351952,2873,193840,1932,143013,115,15099,1398,69708,3505,148233,1517,217941,California
Santa Barbara,2021-04-29,5276,357228,3818,197658,1232,144245,226,15325,1437,67549,3821,152054,1662,219603,California
Santa Barbara,2021-04-30,4971,362199,3716,201374,1091,145336,164,15489,1412,65585,3539,155593,1575,221178,California
Santa Barbara,2021-05-01,5237,367436,4042,205416,1162,146498,33,15522,891,62179,4332,159925,926,222104,California
Santa Barbara,2021-05-02,1131,368567,668,206084,335,146833,128,15650,304,61786,825,160750,432,222536,California
Santa Barbara,2021-05-03,2202,370769,1474,207558,590,147423,138,15788,440,60606,1755,162505,575,223111,California
Santa Barbara,2021-05-04,3318,374087,1695,209253,1552,148975,71,15859,1148,59669,2155,164660,1218,224329,California
Santa Barbara,2021-05-05,5456,379543,3681,212934,1627,150602,148,16007,634,55645,4807,169467,783,225112,California
Santa Barbara,2021-05-06,5080,384623,3929,216863,1046,151648,105,16112,972,52631,4091,173558,1077,226189,California
Santa Barbara,2021-05-07,4659,389282,3641,220504,838,152486,180,16292,997,50159,3646,177204,1174,227363,California
Santa Barbara,2021-05-08,4306,393588,3191,223695,1017,153503,98,16390,908,47780,3386,180590,1007,228370,California
Santa Barbara,2021-05-09,699,394287,109,223804,550,154053,40,16430,461,48046,236,180826,502,228872,California
Santa Barbara,2021-05-10,1363,395650,660,224464,619,154672,84,16514,377,47523,983,181809,460,229332,California
Santa Barbara,2021-05-11,1933,397583,837,225301,800,155472,296,16810,443,46779,1480,183289,736,230068,California
Santa Barbara,2021-05-12,2086,399669,745,226046,1117,156589,224,17034,524,45979,1548,184837,748,230816,California
Santa Barbara,2021-05-13,3896,403565,2789,228835,909,157498,198,17232,1235,44764,2647,187484,1432,232248,California
Santa Barbara,2021-05-14,4152,407717,2522,231357,1536,159034,94,17326,1618,43956,2519,190003,1711,233959,California
Santa Barbara,2021-05-15,3518,411235,2559,233916,940,159974,19,17345,1842,44154,1664,191667,1862,235821,California
Santa Barbara,2021-05-16,1139,412374,522,234438,502,160476,115,17460,530,44195,604,192271,645,236466,California
Santa Barbara,2021-05-17,1640,414014,936,235374,641,161117,63,17523,862,44346,773,193044,924,237390,California
Santa Barbara,2021-05-18,1861,415875,1164,236538,603,161720,94,17617,977,44551,867,193911,1072,238462,California
Santa Barbara,2021-05-19,1769,417644,974,237512,755,162475,40,17657,808,44446,952,194863,847,239309,California
Santa Barbara,2021-05-20,1750,419394,952,238464,679,163154,119,17776,877,44583,860,195723,997,240306,California
Santa Barbara,2021-05-21,3463,422857,2342,240806,1067,164221,54,17830,1257,43704,2191,197914,1312,241618,California
Santa Barbara,2021-05-22,2468,425325,1708,242514,716,164937,44,17874,1399,44086,1062,198976,1444,243062,California
Santa Barbara,2021-05-23,769,426094,343,242857,396,165333,30,17904,419,44186,349,199325,449,243511,California
Santa Barbara,2021-05-24,1006,427100,587,243444,356,165689,63,17967,483,44214,518,199843,546,244057,California
Santa Barbara,2021-05-25,1402,428502,566,244010,767,166456,69,18036,460,43807,936,200779,529,244586,California
Santa Barbara,2021-05-26,3012,431514,1710,245720,1179,167635,123,18159,838,42607,2159,202938,959,245545,California
Santa Barbara,2021-05-27,1953,433467,1212,246932,599,168234,142,18301,825,42454,1121,204059,968,246513,California
Santa Barbara,2021-05-28,1504,434971,697,247629,655,168889,152,18453,613,42331,888,204947,765,247278,California
Santa Barbara,2021-05-29,906,435877,321,247950,548,169437,37,18490,366,42197,537,205484,403,247681,California
Santa Barbara,2021-05-30,509,436386,180,248130,230,169667,99,18589,184,42156,323,205807,282,247963,California
Santa Barbara,2021-05-31,95,436481,42,248172,43,169710,10,18599,22,42115,72,205879,31,247994,California
Santa Barbara,2021-06-01,1133,437614,592,248764,483,170193,58,18657,441,41928,686,206565,499,248493,California
Santa Barbara,2021-06-02,983,438597,584,249348,316,170509,83,18740,426,41884,552,207117,508,249001,California
Santa Barbara,2021-06-03,2060,440657,1549,250897,454,170963,57,18797,615,41117,1436,208553,669,249670,California
Santa Barbara,2021-06-04,1457,442114,669,251566,648,171611,140,18937,488,40781,960,209513,624,250294,California
Santa Barbara,2021-06-05,2911,445025,2210,253776,649,172260,52,18989,479,38889,2422,211935,530,250824,California
Santa Barbara,2021-06-06,925,445950,487,254263,419,172679,19,19008,232,38450,690,212625,251,251075,California
Santa Barbara,2021-06-07,1170,447120,832,255095,286,172965,52,19060,300,37935,867,213492,352,251427,California
Santa Barbara,2021-06-08,1111,448231,711,255806,368,173333,32,19092,290,37441,815,214307,321,251748,California
Santa Barbara,2021-06-09,1023,449254,696,256502,242,173575,85,19177,315,37137,704,215011,400,252148,California
Santa Barbara,2021-06-10,2388,451642,2073,258575,243,173818,72,19249,523,35870,1861,216872,594,252742,California
Santa Barbara,2021-06-11,1308,452950,606,259181,598,174416,104,19353,391,35454,911,217783,495,253237,California
Santa Barbara,2021-06-12,888,453838,597,259778,268,174684,23,19376,232,35060,648,218431,254,253491,California
Santa Barbara,2021-06-13,489,454327,301,260079,91,174775,97,19473,127,34924,360,218791,224,253715,California
Santa Barbara,2021-06-14,1255,455582,857,260936,322,175097,76,19549,335,34423,912,219703,411,254126,California
Santa Barbara,2021-06-15,1146,456728,755,261691,356,175453,35,19584,397,34114,741,220444,432,254558,California
Santa Barbara,2021-06-16,933,457661,648,262339,238,175691,47,19631,354,33940,573,221017,399,254957,California
Santa Barbara,2021-06-17,1875,459536,1544,263883,242,175933,89,19720,624,33404,1247,222264,711,255668,California
Santa Barbara,2021-06-18,1108,460644,714,264597,295,176228,99,19819,362,33123,742,223006,461,256129,California
Santa Barbara,2021-06-19,541,461185,364,264961,145,176373,32,19851,250,33117,288,223294,282,256411,California
Santa Barbara,2021-06-20,370,461555,211,265172,149,176522,10,19861,153,33063,216,223510,162,256573,California
Santa Barbara,2021-06-21,527,462082,264,265436,210,176732,53,19914,275,33144,247,223757,328,256901,California
Santa Barbara,2021-06-22,765,462847,495,265931,239,176971,31,19945,299,33011,462,224219,329,257230,California
Santa Barbara,2021-06-23,779,463626,564,266495,183,177154,32,19977,333,32934,441,224660,364,257594,California
Santa Barbara,2021-06-24,1354,464980,1146,267641,150,177304,58,20035,579,32801,768,225428,635,258229,California
Santa Barbara,2021-06-25,971,465951,617,268258,292,177596,62,20097,449,32793,518,225946,510,258739,California
Santa Barbara,2021-06-26,509,466460,355,268613,123,177719,31,20128,201,32717,308,226254,232,258971,California
Santa Barbara,2021-06-27,393,466853,257,268870,73,177792,63,20191,187,32765,202,226456,250,259221,California
Santa Barbara,2021-06-28,466,467319,305,269175,127,177919,34,20225,237,32807,229,226685,271,259492,California
Santa Barbara,2021-06-29,558,467877,379,269554,164,178083,15,20240,268,32805,284,226969,282,259774,California
Santa Barbara,2021-06-30,650,468527,462,270016,149,178232,39,20279,314,32831,327,227296,353,260127,California
Santa Barbara,2021-07-01,1064,469591,795,270811,120,178352,149,20428,413,32743,649,227945,561,260688,California
Santa Barbara,2021-07-02,771,470362,513,271324,203,178555,55,20483,376,32781,393,228338,431,261119,California
Santa Barbara,2021-07-03,348,470710,220,271544,118,178673,10,20493,154,32754,190,228528,163,261282,California
Santa Barbara,2021-07-04,25,470735,15,271559,10,178683,0,20493,9,32747,16,228544,9,261291,California
Santa Barbara,2021-07-05,492,471227,317,271876,156,178839,19,20512,221,32717,270,228814,240,261531,California
Santa Barbara,2021-07-06,543,471770,395,272271,121,178960,27,20539,200,32605,339,229153,227,261758,California
Santa Barbara,2021-07-07,583,472353,417,272688,121,179081,45,20584,267,32604,313,229466,312,262070,California
Santa Barbara,2021-07-08,663,473016,618,273306,25,179106,20,20604,262,32487,399,229865,282,262352,California
Santa Clara,2020-12-15,73,73,73,73,0,0,0,0,73,73,0,0,73,73,California
Santa Clara,2020-12-16,153,226,153,226,0,0,0,0,153,226,0,0,153,226,California
Santa Clara,2020-12-17,408,634,408,634,0,0,0,0,408,634,0,0,408,634,California
Santa Clara,2020-12-18,1758,2392,1758,2392,0,0,0,0,1758,2392,0,0,1758,2392,California
Santa Clara,2020-12-19,2080,4472,2080,4472,0,0,0,0,2079,4471,0,0,2079,4471,California
Santa Clara,2020-12-20,1905,6377,1904,6376,1,1,0,0,1902,6373,0,0,1902,6373,California
Santa Clara,2020-12-21,2677,9054,2677,9053,0,1,0,0,2673,9045,1,1,2673,9046,California
Santa Clara,2020-12-22,3131,12185,3124,12177,7,8,0,0,3126,12169,2,3,3126,12172,California
Santa Clara,2020-12-23,3278,15463,3088,15265,190,198,0,0,3275,15443,1,4,3275,15447,California
Santa Clara,2020-12-24,1889,17352,1698,16963,191,389,0,0,1882,17323,2,6,1882,17329,California
Santa Clara,2020-12-25,349,17701,348,17311,1,390,0,0,349,17672,0,6,349,17678,California
Santa Clara,2020-12-26,1276,18977,1041,18352,235,625,0,0,1275,18947,0,6,1275,18953,California
Santa Clara,2020-12-27,659,19636,516,18868,143,768,0,0,659,19606,0,6,659,19612,California
Santa Clara,2020-12-28,2357,21993,1745,20613,612,1380,0,0,2357,21963,0,6,2357,21969,California
Santa Clara,2020-12-29,2376,24369,1510,22123,866,2246,0,0,2374,24337,0,6,2374,24343,California
Santa Clara,2020-12-30,2999,27368,1899,24022,1100,3346,0,0,2996,27330,3,9,2996,27339,California
Santa Clara,2020-12-31,1239,28607,399,24421,840,4186,0,0,1238,28567,1,10,1238,28577,California
Santa Clara,2021-01-01,154,28761,18,24439,136,4322,0,0,152,28717,2,12,152,28729,California
Santa Clara,2021-01-02,1098,29859,819,25258,279,4601,0,0,1098,29815,0,12,1098,29827,California
Santa Clara,2021-01-03,589,30448,372,25630,217,4818,0,0,584,30396,3,15,584,30411,California
Santa Clara,2021-01-04,2485,32933,1681,27311,804,5622,0,0,2482,32878,0,15,2482,32893,California
Santa Clara,2021-01-05,3109,36042,2040,29351,1069,6691,0,0,2913,35602,195,210,2919,35812,California
Santa Clara,2021-01-06,3370,39412,1995,31346,1375,8066,0,0,2760,37760,605,815,2763,38575,California
Santa Clara,2021-01-07,4241,43653,2577,33923,1664,9730,0,0,3153,39843,1077,1892,3160,41735,California
Santa Clara,2021-01-08,5896,49549,3861,37784,2035,11765,0,0,3774,41505,2112,4004,3774,45509,California
Santa Clara,2021-01-09,3042,52591,1919,39703,1123,12888,0,0,1719,41907,1320,5324,1722,47231,California
Santa Clara,2021-01-10,1971,54562,1521,41224,450,13338,0,0,752,41442,1217,6541,752,47983,California
Santa Clara,2021-01-11,6008,60570,3800,45024,2208,15546,0,0,3407,42257,2598,9139,3413,51396,California
Santa Clara,2021-01-12,6916,67486,3510,48534,3406,18952,0,0,4574,44506,2327,11466,4576,55972,California
Santa Clara,2021-01-13,7476,74962,3142,51676,4334,23286,0,0,5221,47477,2251,13717,5222,61194,California
Santa Clara,2021-01-14,8316,83278,2870,54546,5446,28732,0,0,6515,52202,1792,15509,6517,67711,California
Santa Clara,2021-01-15,9568,92846,2776,57322,6792,35524,0,0,8160,58965,1402,16911,8165,75876,California
Santa Clara,2021-01-16,4362,97208,1260,58582,3102,38626,0,0,3501,61609,857,17768,3501,79377,California
Santa Clara,2021-01-17,3245,100453,619,59201,2626,41252,0,0,2734,63836,507,18275,2734,82111,California
Santa Clara,2021-01-18,5126,105579,1180,60381,3946,45198,0,0,4559,67829,567,18842,4560,86671,California
Santa Clara,2021-01-19,8524,114103,2706,63087,5818,51016,0,0,6820,72952,1700,20542,6823,93494,California
Santa Clara,2021-01-20,8457,122560,4456,67543,4001,55017,0,0,6883,78266,1569,22111,6883,100377,California
Santa Clara,2021-01-21,8926,131486,3951,71494,4975,59992,0,0,7639,84625,1282,23393,7641,108018,California
Santa Clara,2021-01-22,8746,140232,3313,74807,5433,65425,0,0,8163,92212,579,23972,8166,116184,California
Santa Clara,2021-01-23,3810,144042,1686,76493,2124,67549,0,0,2839,94081,971,24943,2840,119024,California
Santa Clara,2021-01-24,2852,146894,1431,77924,1421,68970,0,0,2356,95946,491,25434,2356,121380,California
Santa Clara,2021-01-25,8409,155303,3808,81732,4601,73571,0,0,6316,100179,2085,27519,6318,127698,California
Santa Clara,2021-01-26,8329,163632,3799,85531,4530,78101,0,0,6170,104205,2147,29666,6173,133871,California
Santa Clara,2021-01-27,8816,172448,3887,89418,4929,83030,0,0,6865,109141,1930,31596,6866,140737,California
Santa Clara,2021-01-28,9549,181997,3823,93241,5726,88756,0,0,7545,114708,1983,33579,7550,148287,California
Santa Clara,2021-01-29,9620,191617,3970,97211,5650,94406,0,0,7414,119929,2194,35773,7415,155702,California
Santa Clara,2021-01-30,4218,195835,2098,99309,2120,96526,0,0,2987,121695,1222,36995,2988,158690,California
Santa Clara,2021-01-31,2205,198040,1323,100632,882,97408,0,0,1595,122687,603,37598,1595,160285,California
Santa Clara,2021-02-01,7874,205914,3513,104145,4361,101769,0,0,6149,127128,1710,39308,6151,166436,California
Santa Clara,2021-02-02,8665,214579,2897,107042,5768,107537,0,0,6612,131701,2042,41350,6615,173051,California
Santa Clara,2021-02-03,9282,223861,3488,110530,5794,113331,0,0,6962,136355,2314,43664,6968,180019,California
Santa Clara,2021-02-04,11040,234901,4174,114704,6866,120197,0,0,8704,142739,2324,45988,8708,188727,California
Santa Clara,2021-02-05,12043,246944,4389,119093,7654,127851,0,0,8544,147803,3481,49469,8545,197272,California
Santa Clara,2021-02-06,5235,252179,2842,121935,2393,130244,0,0,4046,150668,1183,50652,4048,201320,California
Santa Clara,2021-02-07,3499,255678,2361,124296,1138,131382,0,0,3040,153253,456,51108,3041,204361,California
Santa Clara,2021-02-08,10097,265775,3546,127842,6551,137933,0,0,7341,157853,2743,53851,7343,211704,California
Santa Clara,2021-02-09,11240,277015,3840,131682,7400,145333,0,0,7707,162047,3517,57368,7711,219415,California
Santa Clara,2021-02-10,12808,289823,4975,136657,7833,153166,0,0,6644,162550,6144,63512,6647,226062,California
Santa Clara,2021-02-11,13653,303476,4789,141446,8864,162030,0,0,7660,164238,5974,69486,7662,233724,California
Santa Clara,2021-02-12,14710,318186,4543,145989,10167,172197,0,0,6993,163542,7691,77177,6995,240719,California
Santa Clara,2021-02-13,6179,324365,1503,147492,4676,176873,0,0,2248,161869,3923,81100,2250,242969,California
Santa Clara,2021-02-14,4658,329023,1165,148657,3493,180366,0,0,1482,160181,3172,84272,1484,244453,California
Santa Clara,2021-02-15,6336,335359,2825,151482,3511,183877,0,0,2735,159327,3590,87862,2736,247189,California
Santa Clara,2021-02-16,13918,349277,4028,155510,9890,193767,0,0,6978,159390,6916,94778,6979,254168,California
Santa Clara,2021-02-17,14168,363445,5562,161072,8606,202373,0,0,7050,159353,7093,101871,7056,261224,California
Santa Clara,2021-02-18,14362,377807,8466,169538,5896,208269,0,0,7311,159666,7002,108873,7315,268539,California
Santa Clara,2021-02-19,15037,392844,9660,179198,5377,213646,0,0,8734,162129,6278,115151,8741,277280,California
Santa Clara,2021-02-20,7080,399924,5305,184503,1775,215421,0,0,3804,162675,3259,118410,3805,281085,California
Santa Clara,2021-02-21,3444,403368,2564,187067,880,216301,0,0,1286,161825,2138,120548,1288,282373,California
Santa Clara,2021-02-22,10838,414206,6471,193538,4367,220668,0,0,5019,161061,5784,126332,5020,287393,California
Santa Clara,2021-02-23,12556,426762,8108,201646,4448,225116,0,0,7079,162695,5449,131781,7083,294476,California
Santa Clara,2021-02-24,14903,441665,9581,211227,5322,230438,0,0,9136,166086,5745,137526,9136,303612,California
Santa Clara,2021-02-25,15567,457232,9909,221136,5658,236096,0,0,8428,167424,7098,144624,8436,312048,California
Santa Clara,2021-02-26,15297,472529,8850,229986,6447,242543,0,0,8308,168800,6939,151563,8315,320363,California
Santa Clara,2021-02-27,8475,481004,5841,235827,2633,245176,1,1,4728,169817,3719,155282,4736,325099,California
Santa Clara,2021-02-28,5387,486391,3677,239504,1710,246886,0,1,2671,169790,2699,157981,2672,327771,California
Santa Clara,2021-03-01,14574,500965,8378,247882,6190,253076,6,7,9026,173300,5522,163503,9032,336803,California
Santa Clara,2021-03-02,16192,517157,9577,257459,6613,259689,2,9,10332,177804,5830,169333,10334,347137,California
Santa Clara,2021-03-03,18720,535877,9261,266720,9455,269144,4,13,11644,182423,7033,176366,11652,358789,California
Santa Clara,2021-03-04,16609,552486,9034,275754,7572,276716,3,16,9654,185224,6859,183225,9660,368449,California
Santa Clara,2021-03-05,16669,569155,9266,285020,7277,283993,126,142,9253,187223,7386,190611,9385,377834,California
Santa Clara,2021-03-06,9462,578617,6331,291351,2681,286674,450,592,7104,192431,2345,192956,7553,385387,California
Santa Clara,2021-03-07,7040,585657,4496,295847,2160,288834,384,976,5492,196768,1533,194489,5870,391257,California
Santa Clara,2021-03-08,12971,598628,6745,302592,5625,294459,601,1577,8301,201012,4653,199142,8897,400154,California
Santa Clara,2021-03-09,15325,613953,6531,309123,7462,301921,1332,2909,6909,200847,8391,207533,8226,408380,California
Santa Clara,2021-03-10,15298,629251,6710,315833,6468,308389,2120,5029,6317,200307,8943,216476,8403,416783,California
Santa Clara,2021-03-11,17157,646408,7799,323632,7850,316239,1508,6537,6073,196827,11043,227519,7563,424346,California
Santa Clara,2021-03-12,17776,664184,9135,332767,7069,323308,1572,8109,5952,192551,11770,239289,7494,431840,California
Santa Clara,2021-03-13,10884,675068,6306,339073,3071,326379,1507,9616,4838,192843,6016,245305,6308,438148,California
Santa Clara,2021-03-14,6549,681617,3406,342479,1838,328217,1305,10921,3170,193938,3358,248663,4453,442601,California
Santa Clara,2021-03-15,12862,694479,6575,349054,6009,334226,278,11199,5918,193220,6913,255576,6195,448796,California
Santa Clara,2021-03-16,18338,712817,10357,359411,7772,341998,209,11408,8750,192622,9553,265129,8955,457751,California
Santa Clara,2021-03-17,20122,732939,11436,370847,8515,350513,171,11579,10265,193255,9796,274925,10429,468180,California
Santa Clara,2021-03-18,19332,752271,9075,379922,9095,359608,1162,12741,9001,193135,10270,285195,10150,478330,California
Santa Clara,2021-03-19,19554,771825,10086,390008,8460,368068,1008,13749,9914,194494,9554,294749,10913,489243,California
Santa Clara,2021-03-20,11611,783436,6403,396411,4376,372444,832,14581,6697,197154,4864,299613,7524,496767,California
Santa Clara,2021-03-21,8375,791811,3846,400257,3131,375575,1398,15979,5352,200879,3006,302619,6731,503498,California
Santa Clara,2021-03-22,16568,808379,9232,409489,6982,382557,354,16333,9149,202995,7383,310002,9499,512997,California
Santa Clara,2021-03-23,19510,827889,12392,421881,6592,389149,526,16859,11207,206473,8249,318251,11727,524724,California
Santa Clara,2021-03-24,22827,850716,14645,436526,7764,396913,418,17277,14637,213383,8143,326394,15053,539777,California
Santa Clara,2021-03-25,23118,873834,13226,449752,8901,405814,991,18268,14812,220938,8228,334622,15783,555560,California
Santa Clara,2021-03-26,22127,895961,14073,463825,7663,413477,391,18659,13586,226411,8494,343116,13967,569527,California
Santa Clara,2021-03-27,15808,911769,10511,474336,4527,418004,770,19429,8469,228357,7288,350404,9234,578761,California
Santa Clara,2021-03-28,12087,923856,8391,482727,2979,420983,717,20146,6473,229953,5586,355990,7182,585943,California
Santa Clara,2021-03-29,20704,944560,12646,495373,7331,428314,727,20873,11195,232402,9461,365451,11910,597853,California
Santa Clara,2021-03-30,25797,970357,15291,510664,8557,436871,1949,22822,16218,241024,9529,374980,18151,616004,California
Santa Clara,2021-03-31,20634,990991,11923,522587,7572,444443,1139,23961,12544,246650,8039,383019,13665,629669,California
Santa Clara,2021-04-01,32041,1023032,19881,542468,9043,453486,3117,27078,20216,258196,11741,394760,23287,652956,California
Santa Clara,2021-04-02,25439,1048471,14398,556866,8811,462297,2230,29308,16587,268185,8800,403560,18789,671745,California
Santa Clara,2021-04-03,15386,1063857,9325,566191,3515,465812,2546,31854,8495,272339,6863,410423,11017,682762,California
Santa Clara,2021-04-04,7669,1071526,4050,570241,2442,468254,1177,33031,3963,273767,3692,414115,5120,687882,California
Santa Clara,2021-04-05,22042,1093568,14632,584873,4903,473157,2507,35538,14390,283025,7614,421729,16872,704754,California
Santa Clara,2021-04-06,29793,1123361,16384,601257,7908,481065,5501,41039,17844,294431,11890,433619,23296,728050,California
Santa Clara,2021-04-07,31066,1154427,16029,617286,8516,489581,6521,47560,18945,307794,12056,445675,25419,753469,California
Santa Clara,2021-04-08,30174,1184601,16456,633742,6066,495647,7652,55212,16418,318134,13672,459347,24012,777481,California
Santa Clara,2021-04-09,28290,1212891,13992,647734,6965,502612,7333,62545,14442,326065,13772,473119,21703,799184,California
Santa Clara,2021-04-10,21667,1234558,12479,660213,3804,506416,5384,67929,11550,332863,10074,483193,16872,816056,California
Santa Clara,2021-04-11,16111,1250669,9652,669865,2664,509080,3795,71724,8330,337217,7741,490934,12095,828151,California
Santa Clara,2021-04-12,27211,1277880,19079,688944,5585,514665,2547,74271,18470,349543,8674,499608,21000,849151,California
Santa Clara,2021-04-13,34670,1312550,27263,716207,7378,522043,29,74300,26695,368395,7895,507503,26747,875898,California
Santa Clara,2021-04-14,37221,1349771,28208,744415,9009,531052,4,74304,26377,384048,10767,518270,26420,902318,California
Santa Clara,2021-04-15,44726,1394497,34605,779020,10115,541167,6,74310,34369,408217,10232,528502,34401,936719,California
Santa Clara,2021-04-16,38922,1433419,26644,805664,12274,553441,4,74314,27814,425039,11023,539525,27845,964564,California
Santa Clara,2021-04-17,22372,1455791,15297,820961,7073,560514,2,74316,15351,433459,6953,546478,15373,979937,California
Santa Clara,2021-04-18,16962,1472753,11153,832114,5809,566323,0,74316,10601,437745,6328,552806,10614,990551,California
Santa Clara,2021-04-19,29332,1502085,21202,853316,8129,574452,1,74317,17557,443642,11696,564502,17593,1008144,California
Santa Clara,2021-04-20,38167,1540252,23516,876832,14649,589101,2,74319,23249,452137,14795,579297,23290,1031434,California
Santa Clara,2021-04-21,38194,1578446,22568,899400,15624,604725,2,74321,25014,464122,13072,592369,25057,1056491,California
Santa Clara,2021-04-22,37996,1616442,25484,924884,12511,617236,1,74322,17891,462094,19996,612365,17968,1074459,California
Santa Clara,2021-04-23,32782,1649224,20162,945046,12619,629855,1,74323,15345,460173,17327,629692,15406,1089865,California
Santa Clara,2021-04-24,21233,1670457,15498,960544,5734,635589,1,74324,12052,463156,9101,638793,12084,1101949,California
Santa Clara,2021-04-25,13605,1684062,9836,970380,3763,639352,6,74330,8686,466998,4874,643667,8716,1110665,California
Santa Clara,2021-04-26,25525,1709587,19718,990098,5747,645099,60,74390,10615,462887,14811,658478,10700,1121365,California
Santa Clara,2021-04-27,28003,1737590,19962,1010060,7653,652752,388,74778,12209,459843,15693,674171,12649,1134014,California
Santa Clara,2021-04-28,26574,1764164,19782,1029842,6353,659105,439,75217,11276,456417,15211,689382,11785,1145799,California
Santa Clara,2021-04-29,24515,1788679,17990,1047832,6123,665228,402,75619,9221,450916,15207,704589,9706,1155505,California
Santa Clara,2021-04-30,23701,1812380,16346,1064178,6986,672214,369,75988,10142,448058,13461,718050,10603,1166108,California
Santa Clara,2021-05-01,17523,1829903,14526,1078704,2731,674945,266,76254,5521,441945,11944,729994,5831,1171939,California
Santa Clara,2021-05-02,11324,1841227,9392,1088096,1698,676643,234,76488,3489,437902,7785,737779,3742,1175681,California
Santa Clara,2021-05-03,22902,1864129,19391,1107487,3076,679719,435,76923,5142,425843,17681,755460,5622,1181303,California
Santa Clara,2021-05-04,31168,1895297,24489,1131976,6135,685854,544,77467,5563,406507,25494,780954,6158,1187461,California
Santa Clara,2021-05-05,32802,1928099,25045,1157021,7213,693067,544,78011,5532,385443,27169,808123,6105,1193566,California
Santa Clara,2021-05-06,35958,1964057,30025,1187046,5459,698526,474,78485,4774,359664,31049,839172,5270,1198836,California
Santa Clara,2021-05-07,32920,1996977,26493,1213539,5937,704463,490,78975,4710,336842,28071,867243,5249,1204085,California
Santa Clara,2021-05-08,17226,2014203,14118,1227657,2681,707144,427,79402,3716,327580,13420,880663,4158,1208243,California
Santa Clara,2021-05-09,10577,2024780,9206,1236863,1185,708329,186,79588,2333,321904,8208,888871,2532,1210775,California
Santa Clara,2021-05-10,21150,2045930,16974,1253837,3772,712101,404,79992,2647,306556,18420,907291,3072,1213847,California
Santa Clara,2021-05-11,22883,2068813,17324,1271161,5114,717215,445,80437,4019,292258,18768,926059,4470,1218317,California
Santa Clara,2021-05-12,21567,2090380,15885,1287046,5157,722372,525,80962,4247,279816,17220,943279,4778,1223095,California
Santa Clara,2021-05-13,28351,2118731,22978,1310024,5071,727443,302,81264,11263,274395,16995,960274,11574,1234669,California
Santa Clara,2021-05-14,27967,2146698,19575,1329599,8002,735445,390,81654,9638,266210,18225,978499,10040,1244709,California
Santa Clara,2021-05-15,21009,2167707,16903,1346502,3825,739270,281,81935,8143,261862,12780,991279,8432,1253141,California
Santa Clara,2021-05-16,16421,2184128,13425,1359927,2821,742091,175,82110,5372,256444,10969,1002248,5551,1258692,California
Santa Clara,2021-05-17,20441,2204569,16091,1376018,3982,746073,368,82478,6865,250179,13499,1015747,7234,1265926,California
Santa Clara,2021-05-18,26197,2230766,16742,1392760,9039,755112,416,82894,7168,238870,18894,1034641,7585,1273511,California
Santa Clara,2021-05-19,24637,2255403,14417,1407177,9796,764908,424,83318,7312,229398,17215,1051856,7743,1281254,California
Santa Clara,2021-05-20,18538,2273941,12200,1419377,5887,770795,451,83769,6099,223595,12349,1064205,6546,1287800,California
Santa Clara,2021-05-21,22340,2296281,14852,1434229,6992,777787,496,84265,7383,216642,14847,1079052,7894,1295694,California
Santa Clara,2021-05-22,13026,2309307,9869,1444098,2800,780587,357,84622,5728,215500,7231,1086283,6089,1301783,California
Santa Clara,2021-05-23,8437,2317744,6282,1450380,1953,782540,202,84824,3407,214126,4985,1091268,3611,1305394,California
Santa Clara,2021-05-24,10920,2328664,7878,1458258,2593,785133,449,85273,3788,211293,7071,1098339,4238,1309632,California
Santa Clara,2021-05-25,11489,2340153,7950,1466208,3121,788254,418,85691,4399,209094,7014,1105353,4815,1314447,California
Santa Clara,2021-05-26,10441,2350594,6773,1472981,3331,791585,337,86028,3964,207020,6369,1111722,4295,1318742,California
Santa Clara,2021-05-27,9417,2360011,6010,1478991,2933,794518,474,86502,3514,205166,5836,1117558,3982,1322724,California
Santa Clara,2021-05-28,10915,2370926,7082,1486073,3403,797921,430,86932,4452,203653,6396,1123954,4883,1327607,California
Santa Clara,2021-05-29,6359,2377285,4337,1490410,1741,799662,281,87213,2712,203037,3605,1127559,2989,1330596,California
Santa Clara,2021-05-30,3872,2381157,2910,1493320,753,800415,209,87422,1836,203076,2005,1129564,2044,1332640,California
Santa Clara,2021-05-31,1098,2382255,628,1493948,361,800776,109,87531,438,202970,653,1130217,547,1333187,California
Santa Clara,2021-06-01,9078,2391333,6380,1500328,2315,803091,383,87914,3012,200371,5993,1136210,3394,1336581,California
Santa Clara,2021-06-02,7716,2399049,5541,1505869,1823,804914,352,88266,2909,198874,4749,1140959,3252,1339833,California
Santa Clara,2021-06-03,12244,2411293,10138,1516007,1739,806653,367,88633,2629,192319,9554,1150513,2999,1342832,California
Santa Clara,2021-06-04,13628,2424921,11410,1527417,1902,808555,316,88949,3282,185637,10273,1160786,3591,1346423,California
Santa Clara,2021-06-05,10518,2435439,9040,1536457,1218,809773,260,89209,2201,179831,8265,1169051,2459,1348882,California
Santa Clara,2021-06-06,6960,2442399,6205,1542662,599,810372,156,89365,1382,175840,5528,1174579,1537,1350419,California
Santa Clara,2021-06-07,9949,2452348,8382,1551044,1323,811695,244,89609,2304,170779,7606,1182185,2545,1352964,California
Santa Clara,2021-06-08,9178,2461526,7496,1558540,1412,813107,270,89879,2452,166831,6667,1188852,2719,1355683,California
Santa Clara,2021-06-09,9547,2471073,7964,1566504,1330,814437,253,90132,2265,162127,7217,1196069,2513,1358196,California
Santa Clara,2021-06-10,8326,2479399,6914,1573418,1082,815519,330,90462,2250,158680,6023,1202092,2576,1360772,California
Santa Clara,2021-06-11,10247,2489646,8702,1582120,1268,816787,277,90739,2527,153818,7667,1209759,2805,1363577,California
Santa Clara,2021-06-12,7186,2496832,5983,1588103,1037,817824,166,90905,1690,150224,5451,1215210,1857,1365434,California
Santa Clara,2021-06-13,3756,2500588,3033,1591136,608,818432,115,91020,870,148350,2859,1218069,985,1366419,California
Santa Clara,2021-06-14,5975,2506563,4830,1595966,912,819344,233,91253,1947,146533,3996,1222065,2179,1368598,California
Santa Clara,2021-06-15,7376,2513939,5972,1601938,1103,820447,301,91554,2079,143669,5246,1227311,2382,1370980,California
Santa Clara,2021-06-16,6373,2520312,5157,1607095,908,821355,308,91862,2089,141834,4233,1231544,2398,1373378,California
Santa Clara,2021-06-17,5369,2525681,4351,1611446,773,822128,245,92107,1836,140448,3463,1235007,2077,1375455,California
Santa Clara,2021-06-18,5460,2531141,4405,1615851,883,823011,172,92279,1803,138845,3577,1238584,1974,1377429,California
Santa Clara,2021-06-19,4530,2535671,3623,1619474,706,823717,201,92480,1283,137121,3208,1241792,1484,1378913,California
Santa Clara,2021-06-20,2148,2537819,1763,1621237,321,824038,64,92544,675,136407,1453,1243245,739,1379652,California
Santa Clara,2021-06-21,3705,2541524,2787,1624024,690,824728,228,92772,1809,136577,1863,1245108,2033,1381685,California
Santa Clara,2021-06-22,5098,2546622,4069,1628093,806,825534,223,92995,1711,135160,3349,1248457,1932,1383617,California
Santa Clara,2021-06-23,4486,2551108,3528,1631621,757,826291,201,93196,1611,134131,2839,1251296,1810,1385427,California
Santa Clara,2021-06-24,4366,2555474,3379,1635000,783,827074,204,93400,1612,133244,2703,1253999,1816,1387243,California
Santa Clara,2021-06-25,5527,2561001,4516,1639516,801,827875,210,93610,1898,131775,3573,1257572,2104,1389347,California
Santa Clara,2021-06-26,3686,2564687,2937,1642453,610,828485,139,93749,1335,130936,2311,1259883,1472,1390819,California
Santa Clara,2021-06-27,1988,2566675,1550,1644003,351,828836,87,93836,685,130418,1289,1261172,771,1391590,California
Santa Clara,2021-06-28,4059,2570734,3426,1647429,407,829243,226,94062,1557,129725,2473,1263645,1780,1393370,California
Santa Clara,2021-06-29,4141,2574875,3225,1650654,734,829977,182,94244,1590,128983,2514,1266159,1772,1395142,California
Santa Clara,2021-06-30,3727,2578602,2918,1653572,631,830608,178,94422,1435,128332,2266,1268425,1615,1396757,California
Santa Clara,2021-07-01,3553,2582155,2820,1656392,539,831147,194,94616,1343,127679,2189,1270614,1536,1398293,California
Santa Clara,2021-07-02,4129,2586284,3342,1659734,620,831767,167,94783,1576,126909,2515,1273129,1745,1400038,California
Santa Clara,2021-07-03,2427,2588711,1896,1661630,421,832188,110,94893,1001,126622,1399,1274528,1112,1401150,California
Santa Clara,2021-07-04,135,2588846,100,1661730,22,832210,13,94906,69,126639,65,1274593,82,1401232,California
Santa Clara,2021-07-05,2372,2591218,1955,1663685,293,832503,124,95030,955,126329,1390,1275983,1080,1402312,California
Santa Clara,2021-07-06,4173,2595391,3245,1666930,772,833275,156,95186,1410,125161,2730,1278713,1562,1403874,California
Santa Clara,2021-07-07,3622,2599013,2812,1669742,639,833914,171,95357,1258,124254,2335,1281048,1428,1405302,California
Santa Clara,2021-07-08,1792,2600805,1364,1671106,305,834219,123,95480,661,123915,1119,1282167,780,1406082,California
Santa Cruz,2020-12-15,2,2,2,2,0,0,0,0,2,2,0,0,2,2,California
Santa Cruz,2020-12-16,57,59,57,59,0,0,0,0,57,59,0,0,57,59,California
Santa Cruz,2020-12-17,389,448,389,448,0,0,0,0,389,448,0,0,389,448,California
Santa Cruz,2020-12-18,465,913,465,913,0,0,0,0,465,913,0,0,465,913,California
Santa Cruz,2020-12-19,184,1097,183,1096,1,1,0,0,184,1097,0,0,184,1097,California
Santa Cruz,2020-12-20,93,1190,93,1189,0,1,0,0,93,1190,0,0,93,1190,California
Santa Cruz,2020-12-21,437,1627,436,1625,1,2,0,0,437,1627,0,0,437,1627,California
Santa Cruz,2020-12-22,422,2049,421,2046,1,3,0,0,422,2049,0,0,422,2049,California
Santa Cruz,2020-12-23,369,2418,325,2371,44,47,0,0,369,2418,0,0,369,2418,California
Santa Cruz,2020-12-24,123,2541,47,2418,76,123,0,0,123,2541,0,0,123,2541,California
Santa Cruz,2020-12-25,9,2550,9,2427,0,123,0,0,9,2550,0,0,9,2550,California
Santa Cruz,2020-12-26,65,2615,46,2473,19,142,0,0,65,2615,0,0,65,2615,California
Santa Cruz,2020-12-27,32,2647,27,2500,5,147,0,0,32,2647,0,0,32,2647,California
Santa Cruz,2020-12-28,483,3130,108,2608,375,522,0,0,483,3130,0,0,483,3130,California
Santa Cruz,2020-12-29,794,3924,366,2974,428,950,0,0,794,3924,0,0,794,3924,California
Santa Cruz,2020-12-30,357,4281,165,3139,192,1142,0,0,357,4281,0,0,357,4281,California
Santa Cruz,2020-12-31,311,4592,11,3150,300,1442,0,0,311,4592,0,0,311,4592,California
Santa Cruz,2021-01-01,33,4625,1,3151,32,1474,0,0,33,4625,0,0,33,4625,California
Santa Cruz,2021-01-02,68,4693,55,3206,13,1487,0,0,68,4693,0,0,68,4693,California
Santa Cruz,2021-01-03,15,4708,7,3213,8,1495,0,0,15,4708,0,0,15,4708,California
Santa Cruz,2021-01-04,281,4989,123,3336,158,1653,0,0,279,4987,0,0,279,4987,California
Santa Cruz,2021-01-05,570,5559,433,3769,137,1790,0,0,268,4953,302,302,268,5255,California
Santa Cruz,2021-01-06,801,6360,669,4438,132,1922,0,0,463,5079,337,639,463,5718,California
Santa Cruz,2021-01-07,537,6897,210,4648,327,2249,0,0,383,5309,154,793,384,6102,California
Santa Cruz,2021-01-08,940,7837,566,5214,374,2623,0,0,491,5352,449,1242,492,6594,California
Santa Cruz,2021-01-09,468,8305,128,5342,340,2963,0,0,409,5702,59,1301,409,7003,California
Santa Cruz,2021-01-10,77,8382,68,5410,9,2972,0,0,20,5665,57,1358,20,7023,California
Santa Cruz,2021-01-11,729,9111,592,6002,137,3109,0,0,195,5327,534,1892,196,7219,California
Santa Cruz,2021-01-12,733,9844,529,6531,204,3313,0,0,491,5576,242,2134,491,7710,California
Santa Cruz,2021-01-13,533,10377,234,6765,299,3612,0,0,446,5938,84,2218,446,8156,California
Santa Cruz,2021-01-14,556,10933,103,6868,453,4065,0,0,490,6362,66,2284,490,8646,California
Santa Cruz,2021-01-15,1459,12392,77,6945,1382,5447,0,0,1395,7695,64,2348,1397,10043,California
Santa Cruz,2021-01-16,423,12815,53,6998,370,5817,0,0,404,8080,19,2367,404,10447,California
Santa Cruz,2021-01-17,299,13114,41,7039,258,6075,0,0,274,8329,25,2392,274,10721,California
Santa Cruz,2021-01-18,1010,14124,100,7139,910,6985,0,0,948,9215,62,2454,948,11669,California
Santa Cruz,2021-01-19,1626,15750,524,7663,1102,8087,0,0,1275,10142,349,2803,1276,12945,California
Santa Cruz,2021-01-20,1251,17001,182,7845,1069,9156,0,0,1049,10992,199,3002,1049,13994,California
Santa Cruz,2021-01-21,1754,18755,226,8071,1528,10684,0,0,1645,12530,109,3111,1647,15641,California
Santa Cruz,2021-01-22,1803,20558,523,8594,1280,11964,0,0,1700,14131,100,3211,1701,17342,California
Santa Cruz,2021-01-23,404,20962,150,8744,254,12218,0,0,344,14416,59,3270,344,17686,California
Santa Cruz,2021-01-24,111,21073,19,8763,92,12310,0,0,94,14493,17,3287,94,17780,California
Santa Cruz,2021-01-25,1064,22137,363,9126,701,13011,0,0,553,14535,511,3798,553,18333,California
Santa Cruz,2021-01-26,1698,23835,254,9380,1444,14455,0,0,1185,15207,513,4311,1185,19518,California
Santa Cruz,2021-01-27,1676,25511,455,9835,1221,15676,0,0,1286,16105,388,4699,1286,20804,California
Santa Cruz,2021-01-28,1765,27276,291,10126,1474,17150,0,0,1487,17315,278,4977,1488,22292,California
Santa Cruz,2021-01-29,1753,29029,492,10618,1261,18411,0,0,1619,18801,133,5110,1619,23911,California
Santa Cruz,2021-01-30,1077,30106,311,10929,766,19177,0,0,942,19608,135,5245,942,24853,California
Santa Cruz,2021-01-31,222,30328,110,11039,112,19289,0,0,208,19802,14,5259,208,25061,California
Santa Cruz,2021-02-01,1232,31560,753,11792,479,19768,0,0,824,20218,408,5667,824,25885,California
Santa Cruz,2021-02-02,1021,32581,129,11921,892,20660,0,0,865,20928,155,5822,865,26750,California
Santa Cruz,2021-02-03,2235,34816,952,12873,1283,21943,0,0,1917,22532,313,6135,1917,28667,California
Santa Cruz,2021-02-04,1847,36663,757,13630,1090,23033,0,0,1503,23693,342,6477,1503,30170,California
Santa Cruz,2021-02-05,3181,39844,787,14417,2394,25427,0,0,2860,26233,320,6797,2860,33030,California
Santa Cruz,2021-02-06,2581,42425,154,14571,2427,27854,0,0,2236,28124,345,7142,2236,35266,California
Santa Cruz,2021-02-07,920,43345,124,14695,796,28650,0,0,902,29008,18,7160,902,36168,California
Santa Cruz,2021-02-08,717,44062,199,14894,518,29168,0,0,519,29330,197,7357,519,36687,California
Santa Cruz,2021-02-09,2372,46434,1054,15948,1318,30486,0,0,2105,31168,267,7624,2105,38792,California
Santa Cruz,2021-02-10,2209,48643,574,16522,1635,32121,0,0,1507,31985,691,8315,1508,40300,California
Santa Cruz,2021-02-11,1863,50506,316,16838,1547,33668,0,0,1311,32745,551,8866,1311,41611,California
Santa Cruz,2021-02-12,3247,53753,424,17262,2823,36491,0,0,1827,33163,1411,10277,1829,43440,California
Santa Cruz,2021-02-13,1733,55486,125,17387,1608,38099,0,0,1319,34069,413,10690,1319,44759,California
Santa Cruz,2021-02-14,1407,56893,68,17455,1339,39438,0,0,1145,34952,262,10952,1145,45904,California
Santa Cruz,2021-02-15,1589,58482,282,17737,1307,40745,0,0,566,34496,1023,11975,567,46471,California
Santa Cruz,2021-02-16,1717,60199,218,17955,1499,42244,0,0,542,33885,1153,13128,542,47013,California
Santa Cruz,2021-02-17,2933,63132,981,18936,1952,44196,0,0,1220,33408,1700,14828,1223,48236,California
Santa Cruz,2021-02-18,2907,66039,640,19576,2267,46463,0,0,1233,32973,1668,16496,1233,49469,California
Santa Cruz,2021-02-19,3286,69325,1156,20732,2130,48593,0,0,2012,33714,1271,17767,2012,51481,California
Santa Cruz,2021-02-20,2444,71769,1534,22266,910,49503,0,0,1912,35094,532,18299,1912,53393,California
Santa Cruz,2021-02-21,873,72642,382,22648,491,49994,0,0,739,35701,132,18431,739,54132,California
Santa Cruz,2021-02-22,1313,73955,1016,23664,297,50291,0,0,547,35485,763,19194,547,54679,California
Santa Cruz,2021-02-23,2147,76102,972,24636,1175,51466,0,0,723,34787,1421,20615,723,55402,California
Santa Cruz,2021-02-24,3309,79411,1738,26374,1571,53037,0,0,1239,33961,2065,22680,1239,56641,California
Santa Cruz,2021-02-25,3372,82783,1495,27869,1877,54914,0,0,1853,34305,1511,24191,1855,58496,California
Santa Cruz,2021-02-26,2784,85567,775,28644,2009,56923,0,0,1588,34704,1191,25382,1590,60086,California
Santa Cruz,2021-02-27,2681,88248,931,29575,1749,58672,1,1,1877,35781,801,26183,1878,61964,California
Santa Cruz,2021-02-28,1309,89557,370,29945,939,59611,0,1,1084,36643,222,26405,1084,63048,California
Santa Cruz,2021-03-01,1919,91476,1256,31201,663,60274,0,1,729,36185,1187,27592,729,63777,California
Santa Cruz,2021-03-02,1557,93033,372,31573,1185,61459,0,1,873,36378,683,28275,876,64653,California
Santa Cruz,2021-03-03,2379,95412,646,32219,1733,63192,0,1,1305,36611,1072,29347,1305,65958,California
Santa Cruz,2021-03-04,3022,98434,1417,33636,1604,64796,1,2,2031,37665,979,30326,2033,67991,California
Santa Cruz,2021-03-05,2647,101081,502,34138,2127,66923,18,20,1152,37343,1492,31818,1170,69161,California
Santa Cruz,2021-03-06,3870,104951,1345,35483,2420,69343,105,125,2157,37893,1711,33529,2261,71422,California
Santa Cruz,2021-03-07,1394,106345,131,35614,1163,70506,100,225,571,37743,821,34350,671,72093,California
Santa Cruz,2021-03-08,1124,107469,224,35838,764,71270,136,361,669,38091,455,34805,803,72896,California
Santa Cruz,2021-03-09,1829,109298,276,36114,1401,72671,152,513,730,37878,1095,35900,882,73778,California
Santa Cruz,2021-03-10,3906,113204,2104,38218,1653,74324,149,662,2017,38160,1885,37785,2167,75945,California
Santa Cruz,2021-03-11,2839,116043,1228,39446,1437,75761,174,836,1559,38617,1279,39064,1736,77681,California
Santa Cruz,2021-03-12,2791,118834,888,40334,1607,77368,296,1132,927,37978,1860,40924,1221,78902,California
Santa Cruz,2021-03-13,2348,121182,1344,41678,962,78330,42,1174,1185,38046,1159,42083,1227,80129,California
Santa Cruz,2021-03-14,915,122097,221,41899,681,79011,13,1187,439,38023,474,42557,451,80580,California
Santa Cruz,2021-03-15,1366,123463,478,42377,851,79862,37,1224,581,37861,781,43338,619,81199,California
Santa Cruz,2021-03-16,2389,125852,1150,43527,1194,81056,45,1269,1381,38282,1003,44341,1424,82623,California
Santa Cruz,2021-03-17,4076,129928,2421,45948,1644,82700,11,1280,2687,39600,1382,45723,2700,85323,California
Santa Cruz,2021-03-18,3954,133882,2133,48081,1702,84402,119,1399,2112,39992,1838,47561,2230,87553,California
Santa Cruz,2021-03-19,3468,137350,1382,49463,1862,86264,224,1623,1822,40397,1641,49202,2046,89599,California
Santa Cruz,2021-03-20,2249,139599,1648,51111,534,86798,67,1690,1104,40424,1144,50346,1171,90770,California
Santa Cruz,2021-03-21,885,140484,477,51588,282,87080,126,1816,477,40623,405,50751,604,91374,California
Santa Cruz,2021-03-22,1444,141928,882,52470,538,87618,24,1840,1009,41226,431,51182,1034,92408,California
Santa Cruz,2021-03-23,2624,144552,1475,53945,1098,88716,51,1891,1749,42154,872,52054,1800,94208,California
Santa Cruz,2021-03-24,3146,147698,2132,56077,993,89709,21,1912,2088,43211,1051,53105,2108,96316,California
Santa Cruz,2021-03-25,2683,150381,1348,57425,1298,91007,37,1949,1349,43270,1326,54431,1385,97701,California
Santa Cruz,2021-03-26,3169,153550,1834,59259,1307,92314,28,1977,2147,44429,1015,55446,2174,99875,California
Santa Cruz,2021-03-27,3243,156793,2020,61279,1196,93510,27,2004,1514,44254,1718,57164,1543,101418,California
Santa Cruz,2021-03-28,935,157728,579,61858,342,93852,14,2018,490,44317,441,57605,504,101922,California
Santa Cruz,2021-03-29,2019,159747,890,62748,1062,94914,67,2085,1277,44923,738,58343,1344,103266,California
Santa Cruz,2021-03-30,2740,162487,829,63577,1747,96661,164,2249,1738,45826,998,59341,1901,105167,California
Santa Cruz,2021-03-31,4207,166694,2848,66425,1308,97969,51,2300,2208,46092,1993,61334,2259,107426,California
Santa Cruz,2021-04-01,4090,170784,2176,68601,1803,99772,111,2411,2072,46262,2012,63346,2182,109608,California
Santa Cruz,2021-04-02,3322,174106,1432,70033,1709,101481,181,2592,1897,46919,1421,64767,2078,111686,California
Santa Cruz,2021-04-03,2278,176384,1244,71277,898,102379,136,2728,890,46559,1385,66152,1025,112711,California
Santa Cruz,2021-04-04,943,177327,492,71769,395,102774,56,2784,551,46773,392,66544,606,113317,California
Santa Cruz,2021-04-05,2281,179608,795,72564,1318,104092,168,2952,1399,47459,881,67425,1567,114884,California
Santa Cruz,2021-04-06,3437,183045,1670,74234,1384,105476,383,3335,1977,48364,1449,68874,2354,117238,California
Santa Cruz,2021-04-07,4225,187270,1668,75902,2187,107663,370,3705,1817,48145,2404,71278,2185,119423,California
Santa Cruz,2021-04-08,4328,191598,2374,78276,1430,109093,524,4229,2546,49443,1770,73048,3068,122491,California
Santa Cruz,2021-04-09,3755,195353,1528,79804,1814,110907,413,4642,2105,50318,1643,74691,2518,125009,California
Santa Cruz,2021-04-10,2306,197659,1103,80907,939,111846,264,4906,1086,50449,1216,75907,1347,126356,California
Santa Cruz,2021-04-11,1016,198675,533,81440,387,112233,96,5002,492,50512,524,76431,587,126943,California
Santa Cruz,2021-04-12,2346,201021,837,82277,1083,113316,426,5428,1121,50848,1211,77642,1547,128490,California
Santa Cruz,2021-04-13,2974,203995,1481,83758,1491,114807,2,5430,1669,51222,1297,78939,1671,130161,California
Santa Cruz,2021-04-14,4776,208771,2303,86061,2473,117280,0,5430,2303,51065,2462,81401,2305,132466,California
Santa Cruz,2021-04-15,5129,213900,3253,89314,1876,119156,0,5430,3207,52367,1907,83308,3209,135675,California
Santa Cruz,2021-04-16,4622,218522,2563,91877,2057,121213,2,5432,2497,52752,2116,85424,2501,138176,California
Santa Cruz,2021-04-17,2286,220808,911,92788,1375,122588,0,5432,1500,53469,783,86207,1500,139676,California
Santa Cruz,2021-04-18,1121,221929,554,93342,566,123154,1,5433,609,53571,508,86715,610,140286,California
Santa Cruz,2021-04-19,2610,224539,1537,94879,1072,124226,1,5434,1618,54201,988,87703,1618,141904,California
Santa Cruz,2021-04-20,3283,227822,1756,96635,1527,125753,0,5434,1856,54642,1415,89118,1856,143760,California
Santa Cruz,2021-04-21,4430,232252,2979,99614,1451,127204,0,5434,2393,55016,2019,91137,2393,146153,California
Santa Cruz,2021-04-22,4404,236656,2987,102601,1417,128621,0,5434,2457,55537,1937,93074,2458,148611,California
Santa Cruz,2021-04-23,3242,239898,1760,104361,1481,130102,1,5435,1406,55119,1825,94899,1407,150018,California
Santa Cruz,2021-04-24,2265,242163,1089,105450,1173,131275,3,5438,692,54252,1562,96461,695,150713,California
Santa Cruz,2021-04-25,1096,243259,704,106154,379,131654,13,5451,455,54086,632,97093,466,151179,California
Santa Cruz,2021-04-26,2162,245421,1077,107231,1068,132722,17,5468,909,53772,1241,98334,927,152106,California
Santa Cruz,2021-04-27,3031,248452,999,108230,1951,134673,81,5549,1518,53866,1505,99839,1599,153705,California
Santa Cruz,2021-04-28,3517,251969,1964,110194,1476,136149,77,5626,1848,54131,1657,101496,1922,155627,California
Santa Cruz,2021-04-29,3827,255796,2557,112751,1207,137356,63,5689,1347,53073,2470,103966,1412,157039,California
Santa Cruz,2021-04-30,2410,258206,1223,113974,1143,138499,44,5733,1014,52744,1388,105354,1059,158098,California
Santa Cruz,2021-05-01,1313,259519,1042,115016,238,138737,33,5766,602,52673,707,106061,636,158734,California
Santa Cruz,2021-05-02,658,260177,464,115480,168,138905,26,5792,215,52472,443,106504,242,158976,California
Santa Cruz,2021-05-03,1932,262109,997,116477,867,139772,68,5860,653,51928,1267,107771,723,159699,California
Santa Cruz,2021-05-04,2737,264846,1598,118075,1068,140840,71,5931,878,51020,1855,109626,947,160646,California
Santa Cruz,2021-05-05,2826,267672,1423,119498,1323,142163,80,6011,746,49814,2037,111663,831,161477,California
Santa Cruz,2021-05-06,3917,271589,2505,122003,1191,143354,221,6232,878,47890,3020,114683,1096,162573,California
Santa Cruz,2021-05-07,2805,274394,1302,123305,1420,144774,83,6315,437,46049,2363,117046,522,163095,California
Santa Cruz,2021-05-08,1423,275817,742,124047,653,145427,28,6343,390,45438,1031,118077,420,163515,California
Santa Cruz,2021-05-09,530,276347,338,124385,169,145596,23,6366,155,45242,374,118451,178,163693,California
Santa Cruz,2021-05-10,2117,278464,1278,125663,773,146369,66,6432,410,44020,1698,120149,476,164169,California
Santa Cruz,2021-05-11,2428,280892,1377,127040,961,147330,90,6522,644,42974,1779,121928,733,164902,California
Santa Cruz,2021-05-12,3230,284122,1407,128447,1742,149072,81,6603,556,40948,2664,124592,638,165540,California
Santa Cruz,2021-05-13,3938,288060,2663,131110,1181,150253,94,6697,1393,39897,2540,127132,1489,167029,California
Santa Cruz,2021-05-14,2998,291058,1634,132744,1324,151577,40,6737,1135,39221,1854,128986,1178,168207,California
Santa Cruz,2021-05-15,2290,293348,1324,134068,954,152531,12,6749,1111,39168,1176,130162,1123,169330,California
Santa Cruz,2021-05-16,807,294155,431,134499,354,152885,22,6771,249,38884,556,130718,272,169602,California
Santa Cruz,2021-05-17,1554,295709,803,135302,680,153565,71,6842,527,38456,1026,131744,598,170200,California
Santa Cruz,2021-05-18,2339,298048,1435,136737,880,154445,24,6866,1108,38364,1224,132968,1132,171332,California
Santa Cruz,2021-05-19,3117,301165,1874,138611,1206,155651,37,6903,1305,37902,1804,134772,1342,172674,California
Santa Cruz,2021-05-20,3401,304566,2438,141049,815,156466,148,7051,1573,37800,1823,136595,1721,174395,California
Santa Cruz,2021-05-21,1785,306351,915,141964,781,157247,89,7140,605,37320,1175,137770,695,175090,California
Santa Cruz,2021-05-22,1722,308073,1330,143294,381,157628,11,7151,599,36811,1120,138890,611,175701,California
Santa Cruz,2021-05-23,478,308551,270,143564,189,157817,19,7170,148,36651,327,139217,167,175868,California
Santa Cruz,2021-05-24,1194,309745,687,144251,428,158245,79,7249,303,36150,883,140100,382,176250,California
Santa Cruz,2021-05-25,2284,312029,1303,145554,936,159181,45,7294,460,34978,1677,141777,505,176755,California
Santa Cruz,2021-05-26,1753,313782,820,146374,888,160069,45,7339,473,34229,1267,143044,518,177273,California
Santa Cruz,2021-05-27,1323,315105,718,147092,501,160570,104,7443,443,33903,873,143917,547,177820,California
Santa Cruz,2021-05-28,847,315952,374,147466,443,161013,30,7473,357,33811,480,144397,388,178208,California
Santa Cruz,2021-05-29,596,316548,337,147803,246,161259,13,7486,320,33871,273,144670,333,178541,California
Santa Cruz,2021-05-30,243,316791,119,147922,110,161369,14,7500,92,33828,148,144818,105,178646,California
Santa Cruz,2021-05-31,144,316935,62,147984,81,161450,1,7501,45,33775,99,144917,46,178692,California
Santa Cruz,2021-06-01,951,317886,582,148566,356,161806,13,7514,343,33524,606,145523,355,179047,California
Santa Cruz,2021-06-02,900,318786,525,149091,334,162140,41,7555,338,33346,557,146080,379,179426,California
Santa Cruz,2021-06-03,2278,321064,1534,150625,706,162846,38,7593,531,32178,1737,147817,569,179995,California
Santa Cruz,2021-06-04,1062,322126,729,151354,299,163145,34,7627,245,31648,810,148627,280,180275,California
Santa Cruz,2021-06-05,1032,323158,836,152190,191,163336,5,7632,188,31001,840,149467,193,180468,California
Santa Cruz,2021-06-06,408,323566,303,152493,88,163424,17,7649,109,30831,296,149763,126,180594,California
Santa Cruz,2021-06-07,851,324417,634,153127,187,163611,30,7679,236,30482,615,150378,266,180860,California
Santa Cruz,2021-06-08,1471,325888,1173,154300,272,163883,26,7705,312,29666,1155,151533,339,181199,California
Santa Cruz,2021-06-09,1434,327322,1130,155430,287,164170,17,7722,285,28827,1142,152675,303,181502,California
Santa Cruz,2021-06-10,1961,329283,1611,157041,283,164453,67,7789,349,27634,1606,154281,413,181915,California
Santa Cruz,2021-06-11,819,330102,509,157550,275,164728,35,7824,287,27427,527,154808,320,182235,California
Santa Cruz,2021-06-12,965,331067,848,158398,111,164839,6,7830,166,26802,797,155605,172,182407,California
Santa Cruz,2021-06-13,201,331268,133,158531,46,164885,22,7852,31,26685,170,155775,53,182460,California
Santa Cruz,2021-06-14,557,331825,357,158888,165,165050,35,7887,163,26490,392,156167,197,182657,California
Santa Cruz,2021-06-15,928,332753,683,159571,223,165273,22,7909,339,26266,586,156753,362,183019,California
Santa Cruz,2021-06-16,800,333553,593,160164,173,165446,34,7943,258,26019,538,157291,291,183310,California
Santa Cruz,2021-06-17,800,334353,621,160785,140,165586,39,7982,301,25862,496,157787,339,183649,California
Santa Cruz,2021-06-18,640,334993,391,161176,219,165805,30,8012,288,25831,349,158136,318,183967,California
Santa Cruz,2021-06-19,329,335322,260,161436,63,165868,6,8018,116,25743,210,158346,122,184089,California
Santa Cruz,2021-06-20,161,335483,114,161550,29,165897,18,8036,69,25738,92,158438,87,184176,California
Santa Cruz,2021-06-21,346,335829,244,161794,83,165980,19,8055,180,25772,165,158603,199,184375,California
Santa Cruz,2021-06-22,673,336502,473,162267,170,166150,30,8085,261,25653,411,159014,292,184667,California
Santa Cruz,2021-06-23,393,336895,279,162546,104,166254,10,8095,192,25658,195,159209,200,184867,California
Santa Cruz,2021-06-24,533,337428,379,162925,111,166365,43,8138,214,25597,317,159526,256,185123,California
Santa Cruz,2021-06-25,555,337983,368,163293,157,166522,30,8168,260,25596,291,159817,290,185413,California
Santa Cruz,2021-06-26,259,338242,161,163454,89,166611,9,8177,106,25560,151,159968,115,185528,California
Santa Cruz,2021-06-27,180,338422,131,163585,19,166630,30,8207,63,25536,117,160085,93,185621,California
Santa Cruz,2021-06-28,472,338894,384,163969,76,166706,12,8219,208,25492,264,160349,220,185841,California
Santa Cruz,2021-06-29,739,339633,573,164542,137,166843,29,8248,285,25354,451,160800,313,186154,California
Santa Cruz,2021-06-30,426,340059,290,164832,112,166955,24,8272,181,25316,243,161043,205,186359,California
Santa Cruz,2021-07-01,412,340471,293,165125,107,167062,12,8284,185,25288,225,161268,197,186556,California
Santa Cruz,2021-07-02,448,340919,328,165453,103,167165,17,8301,198,25259,244,161512,215,186771,California
Santa Cruz,2021-07-03,220,341139,155,165608,61,167226,4,8305,93,25230,126,161638,97,186868,California
Santa Cruz,2021-07-04,11,341150,9,165617,1,167227,1,8306,8,25236,3,161641,9,186877,California
Santa Cruz,2021-07-05,210,341360,168,165785,40,167267,2,8308,117,25263,91,161732,118,186995,California
Santa Cruz,2021-07-06,699,342059,586,166371,98,167365,15,8323,218,25021,475,162207,233,187228,California
Santa Cruz,2021-07-07,406,342465,300,166671,97,167462,9,8332,158,24942,246,162453,167,187395,California
Santa Cruz,2021-07-08,205,342670,143,166814,33,167495,29,8361,65,24896,140,162593,94,187489,California
Shasta,2020-12-16,131,131,131,131,0,0,0,0,131,131,0,0,131,131,California
Shasta,2020-12-17,422,553,422,553,0,0,0,0,422,553,0,0,422,553,California
Shasta,2020-12-18,166,719,166,719,0,0,0,0,166,719,0,0,166,719,California
Shasta,2020-12-19,1,720,1,720,0,0,0,0,1,720,0,0,1,720,California
Shasta,2020-12-21,78,798,78,798,0,0,0,0,78,798,0,0,78,798,California
Shasta,2020-12-22,201,999,196,994,5,5,0,0,201,999,0,0,201,999,California
Shasta,2020-12-23,173,1172,169,1163,4,9,0,0,173,1172,0,0,173,1172,California
Shasta,2020-12-24,18,1190,18,1181,0,9,0,0,18,1190,0,0,18,1190,California
Shasta,2020-12-26,4,1194,1,1182,3,12,0,0,4,1194,0,0,4,1194,California
Shasta,2020-12-27,1,1195,0,1182,1,13,0,0,1,1195,0,0,1,1195,California
Shasta,2020-12-28,41,1236,31,1213,10,23,0,0,41,1236,0,0,41,1236,California
Shasta,2020-12-29,186,1422,185,1398,1,24,0,0,186,1422,0,0,186,1422,California
Shasta,2020-12-30,177,1599,167,1565,10,34,0,0,177,1599,0,0,177,1599,California
Shasta,2020-12-31,83,1682,2,1567,81,115,0,0,83,1682,0,0,83,1682,California
Shasta,2021-01-02,2,1684,0,1567,2,117,0,0,2,1684,0,0,2,1684,California
Shasta,2021-01-03,1,1685,1,1568,0,117,0,0,1,1685,0,0,1,1685,California
Shasta,2021-01-04,374,2059,308,1876,66,183,0,0,375,2060,0,0,375,2060,California
Shasta,2021-01-05,338,2397,315,2191,23,206,0,0,256,2234,82,82,256,2316,California
Shasta,2021-01-06,466,2863,395,2586,71,277,0,0,203,2175,262,344,203,2519,California
Shasta,2021-01-07,127,2990,37,2623,90,367,0,0,105,2258,22,366,105,2624,California
Shasta,2021-01-08,524,3514,447,3070,77,444,0,0,316,2366,208,574,316,2940,California
Shasta,2021-01-09,73,3587,64,3134,9,453,0,0,71,2435,2,576,71,3011,California
Shasta,2021-01-10,5,3592,0,3134,5,458,0,0,3,2438,2,578,5,3016,California
Shasta,2021-01-11,416,4008,194,3328,222,680,0,0,372,2766,44,622,372,3388,California
Shasta,2021-01-12,488,4496,332,3660,156,836,0,0,312,2903,176,798,313,3701,California
Shasta,2021-01-13,601,5097,268,3928,333,1169,0,0,431,3165,170,968,432,4133,California
Shasta,2021-01-14,504,5601,52,3980,452,1621,0,0,486,3633,18,986,486,4619,California
Shasta,2021-01-15,692,6293,136,4116,556,2177,0,0,690,4321,2,988,690,5309,California
Shasta,2021-01-16,897,7190,54,4170,843,3020,0,0,894,5212,3,991,894,6203,California
Shasta,2021-01-17,27,7217,6,4176,21,3041,0,0,23,5231,4,995,23,6226,California
Shasta,2021-01-18,598,7815,128,4304,470,3511,0,0,590,5813,8,1003,590,6816,California
Shasta,2021-01-19,1078,8893,414,4718,664,4175,0,0,929,6593,149,1152,929,7745,California
Shasta,2021-01-20,757,9650,490,5208,267,4442,0,0,572,6985,180,1332,572,8317,California
Shasta,2021-01-21,688,10338,334,5542,354,4796,0,0,666,7629,22,1354,666,8983,California
Shasta,2021-01-22,451,10789,178,5720,273,5069,0,0,445,8068,6,1360,445,9428,California
Shasta,2021-01-23,69,10858,5,5725,64,5133,0,0,67,8133,2,1362,67,9495,California
Shasta,2021-01-24,26,10884,3,5728,23,5156,0,0,25,8157,1,1363,25,9520,California
Shasta,2021-01-25,763,11647,503,6231,260,5416,0,0,472,8339,290,1653,472,9992,California
Shasta,2021-01-26,714,12361,334,6565,380,5796,0,0,477,8583,234,1887,478,10470,California
Shasta,2021-01-27,464,12825,181,6746,283,6079,0,0,414,8948,49,1936,414,10884,California
Shasta,2021-01-28,928,13753,591,7337,337,6416,0,0,706,9432,222,2158,706,11590,California
Shasta,2021-01-29,834,14587,331,7668,503,6919,0,0,644,9888,189,2347,645,12235,California
Shasta,2021-01-30,616,15203,14,7682,602,7521,0,0,606,10484,10,2357,606,12841,California
Shasta,2021-01-31,28,15231,4,7686,24,7545,0,0,26,10508,2,2359,26,12867,California
Shasta,2021-02-01,536,15767,153,7839,383,7928,0,0,389,10750,147,2506,389,13256,California
Shasta,2021-02-02,996,16763,503,8342,493,8421,0,0,903,11562,91,2597,903,14159,California
Shasta,2021-02-03,728,17491,213,8555,515,8936,0,0,492,11818,236,2833,492,14651,California
Shasta,2021-02-04,1103,18594,676,9231,427,9363,0,0,907,12532,193,3026,907,15558,California
Shasta,2021-02-05,1272,19866,169,9400,1103,10466,0,0,1060,13382,210,3236,1060,16618,California
Shasta,2021-02-06,1786,21652,40,9440,1746,12212,0,0,1760,15117,26,3262,1761,18379,California
Shasta,2021-02-07,25,21677,3,9443,22,12234,0,0,23,15138,2,3264,23,18402,California
Shasta,2021-02-08,601,22278,170,9613,431,12665,0,0,308,15154,292,3556,308,18710,California
Shasta,2021-02-09,1139,23417,669,10282,470,13135,0,0,707,15430,432,3988,708,19418,California
Shasta,2021-02-10,1129,24546,792,11074,337,13472,0,0,545,15392,583,4571,545,19963,California
Shasta,2021-02-11,893,25439,187,11261,706,14178,0,0,315,15134,573,5144,315,20278,California
Shasta,2021-02-12,1807,27246,1220,12481,587,14765,0,0,1245,15817,562,5706,1245,21523,California
Shasta,2021-02-13,1382,28628,374,12855,1008,15773,0,0,569,15575,812,6518,570,22093,California
Shasta,2021-02-14,150,28778,5,12860,145,15918,0,0,124,15673,26,6544,124,22217,California
Shasta,2021-02-15,395,29173,106,12966,289,16207,0,0,213,15704,182,6726,213,22430,California
Shasta,2021-02-16,1204,30377,523,13489,681,16888,0,0,426,15354,776,7502,426,22856,California
Shasta,2021-02-17,1040,31417,439,13928,601,17489,0,0,411,15136,629,8131,411,23267,California
Shasta,2021-02-18,973,32390,486,14414,487,17976,0,0,462,15089,510,8641,463,23730,California
Shasta,2021-02-19,1347,33737,953,15367,394,18370,0,0,873,15489,473,9114,873,24603,California
Shasta,2021-02-20,819,34556,101,15468,718,19088,0,0,320,15310,499,9613,320,24923,California
Shasta,2021-02-21,34,34590,3,15471,31,19119,0,0,12,15300,22,9635,12,24935,California
Shasta,2021-02-22,443,35033,83,15554,360,19479,0,0,185,15228,257,9892,185,25120,California
Shasta,2021-02-23,929,35962,480,16034,449,19928,0,0,331,14962,597,10489,331,25451,California
Shasta,2021-02-24,908,36870,516,16550,392,20320,0,0,284,14626,620,11109,284,25735,California
Shasta,2021-02-25,531,37401,174,16724,357,20677,0,0,144,14385,385,11494,144,25879,California
Shasta,2021-02-26,801,38202,100,16824,701,21378,0,0,338,14262,461,11955,338,26217,California
Shasta,2021-02-27,888,39090,77,16901,811,22189,0,0,241,13862,641,12596,241,26458,California
Shasta,2021-02-28,178,39268,4,16905,174,22363,0,0,128,13940,50,12646,128,26586,California
Shasta,2021-03-01,587,39855,61,16966,526,22889,0,0,296,13946,290,12936,296,26882,California
Shasta,2021-03-02,1036,40891,476,17442,560,23449,0,0,337,13586,697,13633,337,27219,California
Shasta,2021-03-03,682,41573,176,17618,506,23955,0,0,245,13395,436,14069,245,27464,California
Shasta,2021-03-04,3110,44683,2490,20108,620,24575,0,0,1788,13866,1317,15386,1788,29252,California
Shasta,2021-03-05,1942,46625,163,20271,1750,26325,29,29,800,13553,1142,16528,829,30081,California
Shasta,2021-03-06,2755,49380,385,20656,2324,28649,46,75,822,12493,1928,18456,868,30949,California
Shasta,2021-03-07,103,49483,4,20660,60,28709,39,114,40,12508,63,18519,78,31027,California
Shasta,2021-03-08,577,50060,50,20710,385,29094,142,256,158,12390,417,18936,299,31326,California
Shasta,2021-03-09,1257,51317,597,21307,482,29576,178,434,697,12706,558,19494,874,32200,California
Shasta,2021-03-10,803,52120,257,21564,345,29921,201,635,142,12388,660,20154,342,32542,California
Shasta,2021-03-11,1558,53678,472,22036,815,30736,271,906,941,12986,613,20767,1211,33753,California
Shasta,2021-03-12,1560,55238,849,22885,465,31201,246,1152,409,12490,1150,21917,654,34407,California
Shasta,2021-03-13,823,56061,426,23311,299,31500,98,1250,494,12753,327,22244,590,34997,California
Shasta,2021-03-14,1018,57079,8,23319,987,32487,23,1273,878,13516,140,22384,903,35900,California
Shasta,2021-03-15,499,57578,37,23356,363,32850,99,1372,209,13533,290,22674,307,36207,California
Shasta,2021-03-16,1148,58726,151,23507,929,33779,68,1440,859,14173,287,22961,927,37134,California
Shasta,2021-03-17,741,59467,192,23699,491,34270,58,1498,395,14289,337,23298,453,37587,California
Shasta,2021-03-18,1548,61015,589,24288,855,35125,104,1602,1114,15077,430,23728,1218,38805,California
Shasta,2021-03-19,648,61663,198,24486,394,35519,56,1658,410,15306,237,23965,466,39271,California
Shasta,2021-03-20,747,62410,488,24974,245,35764,14,1672,543,15659,204,24169,557,39828,California
Shasta,2021-03-21,313,62723,298,25272,4,35768,11,1683,285,15928,27,24196,296,40124,California
Shasta,2021-03-22,349,63072,39,25311,274,36042,36,1719,199,16015,148,24344,235,40359,California
Shasta,2021-03-23,1312,64384,652,25963,601,36643,59,1778,755,16278,551,24895,814,41173,California
Shasta,2021-03-24,614,64998,156,26119,420,37063,38,1816,367,16437,246,25141,405,41578,California
Shasta,2021-03-25,1133,66131,452,26571,660,37723,21,1837,819,16967,311,25452,841,42419,California
Shasta,2021-03-26,1839,67970,1403,27974,406,38129,30,1867,1474,18108,364,25816,1505,43924,California
Shasta,2021-03-27,1596,69566,406,28380,318,38447,872,2739,577,18535,1017,26833,1444,45368,California
Shasta,2021-03-28,409,69975,301,28681,98,38545,10,2749,302,18742,105,26938,312,45680,California
Shasta,2021-03-29,420,70395,40,28721,368,38913,12,2761,166,18668,252,27190,178,45858,California
Shasta,2021-03-30,1245,71640,769,29490,459,39372,17,2778,623,18689,619,27809,640,46498,California
Shasta,2021-03-31,619,72259,207,29697,406,39778,6,2784,383,18846,232,28041,389,46887,California
Shasta,2021-04-01,899,73158,247,29944,639,40417,13,2797,575,19112,322,28363,588,47475,California
Shasta,2021-04-02,757,73915,198,30142,504,40921,55,2852,412,19237,342,28705,467,47942,California
Shasta,2021-04-03,512,74427,361,30503,132,41053,19,2871,388,19520,124,28829,407,48349,California
Shasta,2021-04-04,294,74721,175,30678,98,41151,21,2892,218,19683,76,28905,239,48588,California
Shasta,2021-04-05,444,75165,70,30748,311,41462,63,2955,253,19808,191,29096,316,48904,California
Shasta,2021-04-06,1172,76337,487,31235,507,41969,178,3133,540,19897,628,29724,717,49621,California
Shasta,2021-04-07,662,76999,215,31450,282,42251,165,3298,258,19918,400,30124,421,50042,California
Shasta,2021-04-08,1151,78150,263,31713,732,42983,156,3454,221,19368,925,31049,375,50417,California
Shasta,2021-04-09,2603,80753,2079,33792,310,43293,214,3668,2018,21018,577,31626,2227,52644,California
Shasta,2021-04-10,885,81638,597,34389,157,43450,131,3799,245,20753,639,32265,374,53018,California
Shasta,2021-04-11,1253,82891,399,34788,834,44284,20,3819,144,19813,1104,33369,164,53182,California
Shasta,2021-04-12,344,83235,7,34795,273,44557,64,3883,98,19729,245,33614,161,53343,California
Shasta,2021-04-13,1279,84514,368,35163,909,45466,2,3885,339,19134,935,34549,340,53683,California
Shasta,2021-04-14,596,85110,143,35306,451,45917,2,3887,220,18981,375,34924,222,53905,California
Shasta,2021-04-15,1082,86192,258,35564,824,46741,0,3887,300,18504,777,35701,300,54205,California
Shasta,2021-04-16,2363,88555,1861,37425,502,47243,0,3887,951,18046,1410,37111,952,55157,California
Shasta,2021-04-17,648,89203,417,37842,231,47474,0,3887,193,17785,455,37566,194,55351,California
Shasta,2021-04-18,270,89473,244,38086,26,47500,0,3887,35,17587,233,37799,35,55386,California
Shasta,2021-04-19,387,89860,28,38114,359,47859,0,3887,168,17536,219,38018,168,55554,California
Shasta,2021-04-20,1031,90891,266,38380,765,48624,0,3887,386,17279,643,38661,386,55940,California
Shasta,2021-04-21,624,91515,228,38608,396,49020,0,3887,317,17289,307,38968,317,56257,California
Shasta,2021-04-22,968,92483,285,38893,683,49703,0,3887,299,16922,666,39634,299,56556,California
Shasta,2021-04-23,669,93152,263,39156,406,50109,0,3887,339,16932,329,39963,339,56895,California
Shasta,2021-04-24,601,93753,358,39514,242,50351,1,3888,109,16551,490,40453,109,57004,California
Shasta,2021-04-25,211,93964,181,39695,29,50380,1,3889,37,16415,174,40627,38,57042,California
Shasta,2021-04-26,505,94469,57,39752,443,50823,5,3894,356,16628,147,40774,360,57402,California
Shasta,2021-04-27,553,95022,183,39935,331,51154,39,3933,302,16720,247,41021,339,57741,California
Shasta,2021-04-28,586,95608,166,40101,387,51541,33,3966,251,16668,335,41356,283,58024,California
Shasta,2021-04-29,781,96389,121,40222,636,52177,24,3990,179,16270,601,41957,203,58227,California
Shasta,2021-04-30,2276,98665,1849,42071,395,52572,32,4022,270,14568,2004,43961,302,58529,California
Shasta,2021-05-01,233,98898,21,42092,136,52708,76,4098,104,14619,129,44090,180,58709,California
Shasta,2021-05-02,49,98947,17,42109,19,52727,13,4111,22,14627,27,44117,35,58744,California
Shasta,2021-05-03,358,99305,99,42208,233,52960,26,4137,114,14525,242,44359,140,58884,California
Shasta,2021-05-04,535,99840,201,42409,295,53255,39,4176,252,14536,280,44639,291,59175,California
Shasta,2021-05-05,453,100293,152,42561,283,53538,18,4194,208,14517,245,44884,226,59401,California
Shasta,2021-05-06,692,100985,263,42824,389,53927,40,4234,296,14464,387,45271,334,59735,California
Shasta,2021-05-07,1120,102105,742,43566,338,54265,40,4274,301,13987,818,46089,341,60076,California
Shasta,2021-05-08,176,102281,86,43652,79,54344,11,4285,104,14029,72,46161,114,60190,California
Shasta,2021-05-09,65,102346,15,43667,45,54389,5,4290,34,14037,31,46192,39,60229,California
Shasta,2021-05-10,258,102604,23,43690,186,54575,49,4339,112,14052,144,46336,159,60388,California
Shasta,2021-05-11,523,103127,160,43850,212,54787,151,4490,182,14045,340,46676,333,60721,California
Shasta,2021-05-12,398,103525,147,43997,227,55014,24,4514,133,13938,264,46940,157,60878,California
Shasta,2021-05-13,584,104109,241,44238,326,55340,17,4531,225,13823,357,47297,242,61120,California
Shasta,2021-05-14,646,104755,275,44513,345,55685,26,4557,295,13796,349,47646,322,61442,California
Shasta,2021-05-15,399,105154,130,44643,166,55851,103,4660,168,13836,230,47876,270,61712,California
Shasta,2021-05-16,222,105376,155,44798,57,55908,10,4670,163,13950,59,47935,173,61885,California
Shasta,2021-05-17,538,105914,247,45045,231,56139,60,4730,282,14037,255,48190,342,62227,California
Shasta,2021-05-18,620,106534,293,45338,302,56441,25,4755,325,14093,294,48484,350,62577,California
Shasta,2021-05-19,590,107124,278,45616,244,56685,68,4823,279,14133,307,48791,347,62924,California
Shasta,2021-05-20,570,107694,255,45871,296,56981,19,4842,264,14112,303,49094,282,63206,California
Shasta,2021-05-21,659,108353,301,46172,339,57320,19,4861,331,14137,325,49419,350,63556,California
Shasta,2021-05-22,235,108588,134,46306,93,57413,8,4869,143,14200,89,49508,152,63708,California
Shasta,2021-05-23,112,108700,47,46353,56,57469,9,4878,67,14231,45,49553,76,63784,California
Shasta,2021-05-24,547,109247,171,46524,344,57813,32,4910,191,14100,354,49907,223,64007,California
Shasta,2021-05-25,476,109723,208,46732,223,58036,45,4955,161,13994,311,50218,205,64212,California
Shasta,2021-05-26,372,110095,146,46878,201,58237,25,4980,147,13942,224,50442,172,64384,California
Shasta,2021-05-27,418,110513,152,47030,257,58494,9,4989,155,13846,260,50702,164,64548,California
Shasta,2021-05-28,441,110954,197,47227,215,58709,29,5018,204,13845,234,50936,233,64781,California
Shasta,2021-05-29,227,111181,66,47293,130,58839,31,5049,89,13825,138,51074,118,64899,California
Shasta,2021-05-30,84,111265,48,47341,34,58873,2,5051,53,13849,31,51105,55,64954,California
Shasta,2021-05-31,34,111299,8,47349,25,58898,1,5052,11,13839,22,51127,12,64966,California
Shasta,2021-06-01,523,111822,154,47503,224,59122,145,5197,133,13734,384,51511,279,65245,California
Shasta,2021-06-02,294,112116,119,47622,166,59288,9,5206,119,13689,173,51684,128,65373,California
Shasta,2021-06-03,372,112488,159,47781,204,59492,9,5215,120,13567,251,51935,129,65502,California
Shasta,2021-06-04,566,113054,281,48062,257,59749,28,5243,197,13425,367,52302,225,65727,California
Shasta,2021-06-05,261,113315,156,48218,88,59837,17,5260,79,13341,181,52483,97,65824,California
Shasta,2021-06-06,162,113477,128,48346,32,59869,2,5262,48,13277,114,52597,50,65874,California
Shasta,2021-06-07,405,113882,236,48582,152,60021,17,5279,109,13108,295,52892,126,66000,California
Shasta,2021-06-08,514,114396,308,48890,160,60181,46,5325,152,12946,359,53251,197,66197,California
Shasta,2021-06-09,483,114879,272,49162,123,60304,88,5413,111,12776,369,53620,199,66396,California
Shasta,2021-06-10,411,115290,246,49408,140,60444,25,5438,127,12650,278,53898,152,66548,California
Shasta,2021-06-11,466,115756,253,49661,176,60620,37,5475,128,12478,336,54234,164,66712,California
Shasta,2021-06-12,211,115967,138,49799,67,60687,6,5481,77,12428,133,54367,83,66795,California
Shasta,2021-06-13,90,116057,56,49855,32,60719,2,5483,26,12392,64,54431,28,66823,California
Shasta,2021-06-14,284,116341,155,50010,111,60830,18,5501,83,12293,200,54631,101,66924,California
Shasta,2021-06-15,462,116803,233,50243,113,60943,116,5617,160,12267,296,54927,270,67194,California
Shasta,2021-06-16,259,117062,153,50396,94,61037,12,5629,83,12191,171,55098,95,67289,California
Shasta,2021-06-17,282,117344,117,50513,129,61166,36,5665,98,12142,183,55281,134,67423,California
Shasta,2021-06-18,367,117711,224,50737,122,61288,21,5686,154,12105,212,55493,175,67598,California
Shasta,2021-06-19,115,117826,75,50812,38,61326,2,5688,52,12097,62,55555,54,67652,California
Shasta,2021-06-20,57,117883,36,50848,18,61344,3,5691,21,12085,36,55591,24,67676,California
Shasta,2021-06-21,202,118085,64,50912,109,61453,29,5720,81,12075,120,55711,110,67786,California
Shasta,2021-06-22,374,118459,142,51054,81,61534,151,5871,94,12038,272,55983,235,68021,California
Shasta,2021-06-23,222,118681,131,51185,74,61608,17,5888,93,12020,128,56111,110,68131,California
Shasta,2021-06-24,227,118908,137,51322,71,61679,19,5907,91,11996,134,56245,110,68241,California
Shasta,2021-06-25,297,119205,202,51524,82,61761,13,5920,122,11955,175,56420,134,68375,California
Shasta,2021-06-26,137,119342,80,51604,47,61808,10,5930,55,11939,81,56501,65,68440,California
Shasta,2021-06-27,68,119410,45,51649,19,61827,4,5934,24,11923,44,56545,28,68468,California
Shasta,2021-06-28,187,119597,121,51770,49,61876,17,5951,92,11937,95,56640,109,68577,California
Shasta,2021-06-29,269,119866,158,51928,83,61959,28,5979,101,11901,165,56805,129,68706,California
Shasta,2021-06-30,208,120074,120,52048,76,62035,12,5991,90,11887,116,56921,102,68808,California
Shasta,2021-07-01,208,120282,135,52183,62,62097,11,6002,81,11854,125,57046,92,68900,California
Shasta,2021-07-02,266,120548,171,52354,81,62178,14,6016,120,11845,143,57189,134,69034,California
Shasta,2021-07-03,117,120665,79,52433,32,62210,6,6022,51,11836,66,57255,57,69091,California
Shasta,2021-07-04,5,120670,1,52434,3,62213,1,6023,1,11834,4,57259,2,69093,California
Shasta,2021-07-05,110,120780,61,52495,39,62252,10,6033,47,11829,62,57321,57,69150,California
Shasta,2021-07-06,286,121066,164,52659,102,62354,20,6053,88,11742,195,57516,108,69258,California
Shasta,2021-07-07,189,121255,97,52756,57,62411,35,6088,62,11715,124,57640,97,69355,California
Shasta,2021-07-08,123,121378,75,52831,35,62446,13,6101,44,11693,78,57718,56,69411,California
Sierra,2020-12-18,1,1,1,1,0,0,0,0,1,1,0,0,1,1,California
Sierra,2020-12-21,2,3,2,3,0,0,0,0,2,3,0,0,2,3,California
Sierra,2020-12-22,12,15,12,15,0,0,0,0,12,15,0,0,12,15,California
Sierra,2020-12-23,4,19,4,19,0,0,0,0,4,19,0,0,4,19,California
Sierra,2020-12-28,1,20,0,19,1,1,0,0,1,20,0,0,1,20,California
Sierra,2020-12-29,50,70,7,26,43,44,0,0,50,70,0,0,50,70,California
Sierra,2020-12-30,2,72,0,26,2,46,0,0,2,72,0,0,2,72,California
Sierra,2020-12-31,13,85,0,26,13,59,0,0,13,85,0,0,13,85,California
Sierra,2021-01-01,1,86,1,27,0,59,0,0,1,86,0,0,1,86,California
Sierra,2021-01-05,63,149,2,29,61,120,0,0,63,149,0,0,63,149,California
Sierra,2021-01-06,1,150,1,30,0,120,0,0,1,150,0,0,1,150,California
Sierra,2021-01-07,21,171,1,31,20,140,0,0,20,169,1,1,20,170,California
Sierra,2021-01-08,1,172,1,32,0,140,0,0,1,170,0,1,1,171,California
Sierra,2021-01-11,3,175,3,35,0,140,0,0,0,167,3,4,0,171,California
Sierra,2021-01-12,39,214,12,47,27,167,0,0,27,182,12,16,27,198,California
Sierra,2021-01-13,4,218,3,50,1,168,0,0,1,180,3,19,1,199,California
Sierra,2021-01-14,35,253,2,52,33,201,0,0,35,215,0,19,35,234,California
Sierra,2021-01-15,3,256,1,53,2,203,0,0,3,218,0,19,3,237,California
Sierra,2021-01-18,3,259,0,53,3,206,0,0,3,221,0,19,3,240,California
Sierra,2021-01-19,31,290,0,53,31,237,0,0,31,252,0,19,31,271,California
Sierra,2021-01-20,1,291,1,54,0,237,0,0,1,253,0,19,1,272,California
Sierra,2021-01-21,52,343,0,54,52,289,0,0,52,305,0,19,52,324,California
Sierra,2021-01-22,2,345,0,54,2,291,0,0,2,307,0,19,2,326,California
Sierra,2021-01-23,2,347,0,54,2,293,0,0,2,309,0,19,2,328,California
Sierra,2021-01-25,1,348,1,55,0,293,0,0,1,310,0,19,1,329,California
Sierra,2021-01-26,63,411,1,56,62,355,0,0,24,295,39,58,24,353,California
Sierra,2021-01-27,4,415,4,60,0,355,0,0,0,291,4,62,0,353,California
Sierra,2021-01-28,53,468,0,60,53,408,0,0,43,324,10,72,43,396,California
Sierra,2021-01-29,2,470,0,60,2,410,0,0,2,326,0,72,2,398,California
Sierra,2021-01-30,3,473,3,63,0,410,0,0,2,327,1,73,2,400,California
Sierra,2021-02-01,1,474,0,63,1,411,0,0,0,326,1,74,0,400,California
Sierra,2021-02-02,57,531,1,64,56,467,0,0,18,305,39,113,18,418,California
Sierra,2021-02-03,6,537,5,69,1,468,0,0,5,309,1,114,5,423,California
Sierra,2021-02-04,102,639,5,74,97,565,0,0,53,313,49,163,53,476,California
Sierra,2021-02-05,6,645,4,78,2,567,0,0,5,317,1,164,5,481,California
Sierra,2021-02-09,51,696,0,78,51,618,0,0,48,362,3,167,48,529,California
Sierra,2021-02-10,5,701,2,80,3,621,0,0,4,365,1,168,4,533,California
Sierra,2021-02-11,195,896,1,81,194,815,0,0,134,438,61,229,134,667,California
Sierra,2021-02-12,20,916,0,81,20,835,0,0,20,458,0,229,20,687,California
Sierra,2021-02-13,1,917,1,82,0,835,0,0,1,459,0,229,1,688,California
Sierra,2021-02-15,4,921,3,85,1,836,0,0,0,455,4,233,0,688,California
Sierra,2021-02-16,43,964,1,86,42,878,0,0,10,432,33,266,10,698,California
Sierra,2021-02-17,4,968,0,86,4,882,0,0,1,430,3,269,1,699,California
Sierra,2021-02-18,139,1107,0,86,139,1021,0,0,90,471,49,318,90,789,California
Sierra,2021-02-19,2,1109,1,87,1,1022,0,0,1,471,1,319,1,790,California
Sierra,2021-02-20,2,1111,2,89,0,1022,0,0,0,469,2,321,0,790,California
Sierra,2021-02-22,1,1112,1,90,0,1022,0,0,1,470,0,321,1,791,California
Sierra,2021-02-23,4,1116,0,90,4,1026,0,0,4,474,0,321,4,795,California
Sierra,2021-02-24,3,1119,2,92,1,1027,0,0,3,477,0,321,3,798,California
Sierra,2021-02-25,124,1243,2,94,122,1149,0,0,58,470,65,386,58,856,California
Sierra,2021-02-26,11,1254,6,100,5,1154,0,0,4,467,7,393,4,860,California
Sierra,2021-02-27,2,1256,2,102,0,1154,0,0,0,465,2,395,0,860,California
Sierra,2021-03-01,2,1258,2,104,0,1154,0,0,0,463,2,397,0,860,California
Sierra,2021-03-02,56,1314,0,104,56,1210,0,0,38,483,18,415,38,898,California
Sierra,2021-03-03,2,1316,2,106,0,1210,0,0,1,483,1,416,1,899,California
Sierra,2021-03-04,108,1424,0,106,108,1318,0,0,60,495,48,464,60,959,California
Sierra,2021-03-05,13,1437,1,107,12,1330,0,0,11,504,2,466,11,970,California
Sierra,2021-03-07,1,1438,1,108,0,1330,0,0,0,503,1,467,0,970,California
Sierra,2021-03-08,2,1440,2,110,0,1330,0,0,2,505,0,467,2,972,California
Sierra,2021-03-09,56,1496,0,110,56,1386,0,0,12,473,44,511,12,984,California
Sierra,2021-03-10,6,1502,0,110,6,1392,0,0,4,475,2,513,4,988,California
Sierra,2021-03-11,172,1674,0,110,172,1564,0,0,40,383,132,645,40,1028,California
Sierra,2021-03-12,20,1694,1,111,19,1583,0,0,0,363,20,665,0,1028,California
Sierra,2021-03-13,27,1721,0,111,27,1610,0,0,27,390,0,665,27,1055,California
Sierra,2021-03-14,1,1722,0,111,0,1610,1,1,0,390,1,666,1,1056,California
Sierra,2021-03-15,2,1724,1,112,0,1610,1,2,0,389,2,668,1,1057,California
Sierra,2021-03-16,35,1759,0,112,34,1644,1,3,22,399,13,681,23,1080,California
Sierra,2021-03-17,3,1762,2,114,1,1645,0,3,0,396,3,684,0,1080,California
Sierra,2021-03-18,157,1919,0,114,157,1802,0,3,65,369,92,776,65,1145,California
Sierra,2021-03-19,4,1923,2,116,2,1804,0,3,1,367,3,779,1,1146,California
Sierra,2021-03-20,1,1924,0,116,1,1805,0,3,1,368,0,779,1,1147,California
Sierra,2021-03-23,22,1946,0,116,22,1827,0,3,13,372,9,788,13,1160,California
Sierra,2021-03-24,3,1949,1,117,2,1829,0,3,1,371,2,790,1,1161,California
Sierra,2021-03-25,98,2047,0,117,98,1927,0,3,49,371,49,839,49,1210,California
Sierra,2021-03-26,12,2059,1,118,11,1938,0,3,8,375,4,843,8,1218,California
Sierra,2021-03-27,1,2060,0,118,1,1939,0,3,0,374,1,844,0,1218,California
Sierra,2021-03-29,1,2061,1,119,0,1939,0,3,0,373,1,845,0,1218,California
Sierra,2021-03-30,54,2115,1,120,53,1992,0,3,22,363,32,877,22,1240,California
Sierra,2021-03-31,8,2123,0,120,8,2000,0,3,8,371,0,877,8,1248,California
Sierra,2021-04-01,63,2186,1,121,62,2062,0,3,5,320,56,933,5,1253,California
Sierra,2021-04-02,3,2189,2,123,1,2063,0,3,2,321,1,934,2,1255,California
Sierra,2021-04-04,1,2190,0,123,1,2064,0,3,0,321,0,934,0,1255,California
Sierra,2021-04-06,11,2201,0,123,11,2075,0,3,1,312,10,944,1,1256,California
Sierra,2021-04-07,14,2215,3,126,6,2081,5,8,3,310,10,954,8,1264,California
Sierra,2021-04-08,53,2268,2,128,51,2132,0,8,16,289,37,991,16,1280,California
Sierra,2021-04-09,2,2270,2,130,0,2132,0,8,1,289,1,992,1,1281,California
Sierra,2021-04-10,27,2297,0,130,27,2159,0,8,0,262,27,1019,0,1281,California
Sierra,2021-04-13,43,2340,0,130,43,2202,0,8,5,229,38,1057,5,1286,California
Sierra,2021-04-14,1,2341,0,130,1,2203,0,8,1,230,0,1057,1,1287,California
Sierra,2021-04-15,48,2389,1,131,47,2250,0,8,2,186,46,1103,2,1289,California
Sierra,2021-04-17,2,2391,1,132,1,2251,0,8,1,186,1,1104,1,1290,California
Sierra,2021-04-18,1,2392,0,132,1,2252,0,8,0,186,0,1104,0,1290,California
Sierra,2021-04-19,1,2393,1,133,0,2252,0,8,0,185,1,1105,0,1290,California
Sierra,2021-04-20,33,2426,0,133,33,2285,0,8,7,166,26,1131,7,1297,California
Sierra,2021-04-21,2,2428,1,134,1,2286,0,8,1,166,1,1132,1,1298,California
Sierra,2021-04-22,64,2492,1,135,63,2349,0,8,5,113,58,1190,5,1303,California
Sierra,2021-04-23,13,2505,0,135,13,2362,0,8,4,108,9,1199,4,1307,California
Sierra,2021-04-24,4,2509,0,135,4,2366,0,8,4,112,0,1199,4,1311,California
Sierra,2021-04-26,1,2510,0,135,1,2367,0,8,1,113,0,1199,1,1312,California
Sierra,2021-04-27,27,2537,0,135,27,2394,0,8,4,94,23,1222,4,1316,California
Sierra,2021-04-28,10,2547,2,137,8,2402,0,8,1,86,9,1231,1,1317,California
Sierra,2021-04-29,20,2567,2,139,18,2420,0,8,14,94,6,1237,14,1331,California
Sierra,2021-04-30,4,2571,2,141,2,2422,0,8,2,94,2,1239,2,1333,California
Sierra,2021-05-01,1,2572,0,141,1,2423,0,8,0,94,0,1239,0,1333,California
Sierra,2021-05-03,1,2573,1,142,0,2423,0,8,1,95,0,1239,1,1334,California
Sierra,2021-05-04,1,2574,0,142,1,2424,0,8,0,94,1,1240,0,1334,California
Sierra,2021-05-05,23,2597,1,143,22,2446,0,8,8,87,15,1255,8,1342,California
Sierra,2021-05-06,1,2598,1,144,0,2446,0,8,0,86,1,1256,0,1342,California
Sierra,2021-05-07,1,2599,1,145,0,2446,0,8,1,87,0,1256,1,1343,California
Sierra,2021-05-08,1,2600,0,145,0,2446,1,9,0,87,1,1257,1,1344,California
Sierra,2021-05-11,11,2611,0,145,4,2450,7,16,0,83,11,1268,7,1351,California
Sierra,2021-05-12,11,2622,1,146,10,2460,0,16,8,88,3,1271,8,1359,California
Sierra,2021-05-13,3,2625,2,148,1,2461,0,16,2,89,1,1272,2,1361,California
Sierra,2021-05-14,3,2628,1,149,2,2463,0,16,3,92,0,1272,3,1364,California
Sierra,2021-05-17,1,2629,1,150,0,2463,0,16,1,93,0,1272,1,1365,California
Sierra,2021-05-18,2,2631,0,150,1,2464,1,17,0,92,2,1274,1,1366,California
Sierra,2021-05-19,6,2637,2,152,4,2468,0,17,2,90,4,1278,2,1368,California
Sierra,2021-05-20,9,2646,8,160,0,2468,1,18,8,98,1,1279,9,1377,California
Sierra,2021-05-21,4,2650,2,162,2,2470,0,18,1,96,3,1282,1,1378,California
Sierra,2021-05-22,5,2655,0,162,5,2475,0,18,1,93,4,1286,1,1379,California
Sierra,2021-05-23,1,2656,0,162,1,2476,0,18,1,94,0,1286,1,1380,California
Sierra,2021-05-24,3,2659,1,163,2,2478,0,18,2,95,1,1287,2,1382,California
Sierra,2021-05-25,3,2662,0,163,3,2481,0,18,1,94,2,1289,1,1383,California
Sierra,2021-05-26,8,2670,0,163,8,2489,0,18,4,94,4,1293,4,1387,California
Sierra,2021-05-27,9,2679,1,164,7,2496,1,19,2,90,7,1300,3,1390,California
Sierra,2021-05-28,4,2683,2,166,2,2498,0,19,2,90,2,1302,2,1392,California
Sierra,2021-05-29,2,2685,0,166,2,2500,0,19,2,92,0,1302,2,1394,California
Sierra,2021-05-30,1,2686,1,167,0,2500,0,19,1,93,0,1302,1,1395,California
Sierra,2021-06-01,1,2687,0,167,1,2501,0,19,0,92,1,1303,0,1395,California
Sierra,2021-06-02,23,2710,0,167,21,2522,2,21,0,72,22,1325,2,1397,California
Sierra,2021-06-03,3,2713,2,169,1,2523,0,21,0,69,3,1328,0,1397,California
Sierra,2021-06-04,2,2715,2,171,0,2523,0,21,1,69,1,1329,1,1398,California
Sierra,2021-06-08,1,2716,1,172,0,2523,0,21,1,70,0,1329,1,1399,California
Sierra,2021-06-09,8,2724,1,173,5,2528,2,23,0,64,8,1337,2,1401,California
Sierra,2021-06-10,8,2732,8,181,0,2528,0,23,4,64,4,1341,4,1405,California
Sierra,2021-06-11,3,2735,1,182,2,2530,0,23,0,61,3,1344,0,1405,California
Sierra,2021-06-12,1,2736,1,183,0,2530,0,23,1,62,0,1344,1,1406,California
Sierra,2021-06-13,1,2737,1,184,0,2530,0,23,0,61,1,1345,0,1406,California
Sierra,2021-06-14,6,2743,4,188,1,2531,1,24,2,60,4,1349,3,1409,California
Sierra,2021-06-15,2,2745,1,189,1,2532,0,24,1,61,0,1349,1,1410,California
Sierra,2021-06-16,6,2751,1,190,5,2537,0,24,2,59,4,1353,2,1412,California
Sierra,2021-06-17,4,2755,2,192,1,2538,1,25,2,60,2,1355,3,1415,California
Sierra,2021-06-18,2,2757,1,193,0,2538,1,26,0,59,2,1357,1,1416,California
Sierra,2021-06-21,1,2758,0,193,1,2539,0,26,0,58,1,1358,0,1416,California
Sierra,2021-06-22,5,2763,3,196,2,2541,0,26,3,59,2,1360,3,1419,California
Sierra,2021-06-23,6,2769,0,196,6,2547,0,26,2,57,4,1364,2,1421,California
Sierra,2021-06-24,6,2775,0,196,2,2549,4,30,1,57,5,1369,5,1426,California
Sierra,2021-06-27,1,2776,1,197,0,2549,0,30,1,58,0,1369,1,1427,California
Sierra,2021-06-28,1,2777,0,197,0,2549,1,31,0,58,1,1370,1,1428,California
Sierra,2021-06-30,3,2780,2,199,0,2549,1,32,1,58,2,1372,2,1430,California
Sierra,2021-07-01,3,2783,1,200,2,2551,0,32,2,59,1,1373,2,1432,California
Sierra,2021-07-02,1,2784,1,201,0,2551,0,32,0,58,1,1374,0,1432,California
Sierra,2021-07-03,1,2785,1,202,0,2551,0,32,0,57,1,1375,0,1432,California
Sierra,2021-07-06,1,2786,1,203,0,2551,0,32,0,56,1,1376,0,1432,California
Sierra,2021-07-07,5,2791,5,208,0,2551,0,32,2,55,3,1379,2,1434,California
Sierra,2021-07-08,1,2792,0,208,1,2552,0,32,1,56,0,1379,1,1435,California
Siskiyou,2020-12-16,2,2,2,2,0,0,0,0,2,2,0,0,2,2,California
Siskiyou,2020-12-17,4,6,4,6,0,0,0,0,4,6,0,0,4,6,California
Siskiyou,2020-12-18,2,8,2,8,0,0,0,0,2,8,0,0,2,8,California
Siskiyou,2020-12-19,4,12,4,12,0,0,0,0,4,12,0,0,4,12,California
Siskiyou,2020-12-20,1,13,1,13,0,0,0,0,1,13,0,0,1,13,California
Siskiyou,2020-12-21,132,145,132,145,0,0,0,0,132,145,0,0,132,145,California
Siskiyou,2020-12-22,158,303,158,303,0,0,0,0,158,303,0,0,158,303,California
Siskiyou,2020-12-23,144,447,144,447,0,0,0,0,144,447,0,0,144,447,California
Siskiyou,2020-12-24,5,452,5,452,0,0,0,0,5,452,0,0,5,452,California
Siskiyou,2020-12-26,2,454,0,452,2,2,0,0,2,454,0,0,2,454,California
Siskiyou,2020-12-27,2,456,0,452,2,4,0,0,2,456,0,0,2,456,California
Siskiyou,2020-12-28,4,460,2,454,2,6,0,0,4,460,0,0,4,460,California
Siskiyou,2020-12-29,6,466,2,456,4,10,0,0,6,466,0,0,6,466,California
Siskiyou,2020-12-30,101,567,4,460,97,107,0,0,101,567,0,0,101,567,California
Siskiyou,2020-12-31,12,579,0,460,12,119,0,0,12,579,0,0,12,579,California
Siskiyou,2021-01-02,1,580,1,461,0,119,0,0,1,580,0,0,1,580,California
Siskiyou,2021-01-03,1,581,0,461,1,120,0,0,1,581,0,0,1,581,California
Siskiyou,2021-01-04,132,713,3,464,129,249,0,0,132,713,0,0,132,713,California
Siskiyou,2021-01-05,116,829,4,468,112,361,0,0,114,826,2,2,115,828,California
Siskiyou,2021-01-06,61,890,6,474,55,416,0,0,57,879,4,6,57,885,California
Siskiyou,2021-01-07,176,1066,4,478,172,588,0,0,175,1053,1,7,175,1060,California
Siskiyou,2021-01-08,44,1110,3,481,41,629,0,0,42,1093,2,9,42,1102,California
Siskiyou,2021-01-09,3,1113,3,484,0,629,0,0,1,1092,2,11,1,1103,California
Siskiyou,2021-01-11,293,1406,135,619,158,787,0,0,160,1119,133,144,160,1263,California
Siskiyou,2021-01-12,254,1660,205,824,49,836,0,0,91,1048,163,307,92,1355,California
Siskiyou,2021-01-13,160,1820,139,963,21,857,0,0,23,934,137,444,23,1378,California
Siskiyou,2021-01-14,36,1856,1,964,35,892,0,0,35,968,1,445,35,1413,California
Siskiyou,2021-01-15,55,1911,3,967,52,944,0,0,55,1023,0,445,55,1468,California
Siskiyou,2021-01-16,7,1918,2,969,5,949,0,0,7,1030,0,445,7,1475,California
Siskiyou,2021-01-17,1,1919,1,970,0,949,0,0,0,1029,1,446,0,1475,California
Siskiyou,2021-01-18,75,1994,3,973,72,1021,0,0,73,1100,2,448,73,1548,California
Siskiyou,2021-01-19,41,2035,1,974,40,1061,0,0,40,1139,1,449,40,1588,California
Siskiyou,2021-01-20,68,2103,35,1009,33,1094,0,0,64,1199,4,453,64,1652,California
Siskiyou,2021-01-21,69,2172,1,1010,68,1162,0,0,69,1268,0,453,69,1721,California
Siskiyou,2021-01-22,1345,3517,1177,2187,168,1330,0,0,1345,2613,0,453,1345,3066,California
Siskiyou,2021-01-23,6,3523,2,2189,4,1334,0,0,3,2613,3,456,3,3069,California
Siskiyou,2021-01-25,209,3732,9,2198,200,1534,0,0,205,2814,4,460,205,3274,California
Siskiyou,2021-01-26,158,3890,4,2202,154,1688,0,0,149,2954,9,469,149,3423,California
Siskiyou,2021-01-27,203,4093,3,2205,200,1888,0,0,138,3028,64,533,138,3561,California
Siskiyou,2021-01-28,260,4353,118,2323,142,2030,0,0,235,3244,19,552,235,3796,California
Siskiyou,2021-01-29,272,4625,3,2326,269,2299,0,0,253,3478,19,571,253,4049,California
Siskiyou,2021-01-30,6,4631,5,2331,1,2300,0,0,6,3484,0,571,6,4055,California
Siskiyou,2021-02-01,215,4846,3,2334,212,2512,0,0,114,3497,101,672,114,4169,California
Siskiyou,2021-02-02,318,5164,45,2379,273,2785,0,0,164,3507,154,826,164,4333,California
Siskiyou,2021-02-03,334,5498,1,2380,333,3118,0,0,265,3703,69,895,265,4598,California
Siskiyou,2021-02-04,368,5866,7,2387,361,3479,0,0,227,3789,141,1036,227,4825,California
Siskiyou,2021-02-05,547,6413,4,2391,543,4022,0,0,372,3986,175,1211,372,5197,California
Siskiyou,2021-02-06,15,6428,0,2391,15,4037,0,0,15,4001,0,1211,15,5212,California
Siskiyou,2021-02-07,2,6430,1,2392,1,4038,0,0,2,4003,0,1211,2,5214,California
Siskiyou,2021-02-08,242,6672,4,2396,238,4276,0,0,217,4195,25,1236,217,5431,California
Siskiyou,2021-02-09,248,6920,4,2400,244,4520,0,0,195,4337,53,1289,195,5626,California
Siskiyou,2021-02-10,389,7309,41,2441,348,4868,0,0,319,4587,69,1358,319,5945,California
Siskiyou,2021-02-11,215,7524,1,2442,214,5082,0,0,185,4742,30,1388,185,6130,California
Siskiyou,2021-02-12,1705,9229,1199,3641,506,5588,0,0,497,4031,1208,2596,497,6627,California
Siskiyou,2021-02-13,36,9265,2,3643,34,5622,0,0,31,4057,5,2601,31,6658,California
Siskiyou,2021-02-14,6,9271,2,3645,4,5626,0,0,6,4063,0,2601,6,6664,California
Siskiyou,2021-02-15,106,9377,9,3654,97,5723,0,0,103,4163,3,2604,103,6767,California
Siskiyou,2021-02-16,137,9514,2,3656,135,5858,0,0,100,4226,37,2641,100,6867,California
Siskiyou,2021-02-17,298,9812,16,3672,282,6140,0,0,261,4450,37,2678,261,7128,California
Siskiyou,2021-02-18,272,10084,88,3760,184,6324,0,0,129,4436,143,2821,129,7257,California
Siskiyou,2021-02-19,97,10181,34,3794,63,6387,0,0,36,4413,59,2880,36,7293,California
Siskiyou,2021-02-20,23,10204,5,3799,18,6405,0,0,16,4424,7,2887,18,7311,California
Siskiyou,2021-02-21,1,10205,1,3800,0,6405,0,0,1,4425,0,2887,1,7312,California
Siskiyou,2021-02-22,218,10423,2,3802,216,6621,0,0,78,4363,140,3027,78,7390,California
Siskiyou,2021-02-23,346,10769,14,3816,332,6953,0,0,194,4405,152,3179,194,7584,California
Siskiyou,2021-02-24,173,10942,5,3821,168,7121,0,0,50,4332,123,3302,50,7634,California
Siskiyou,2021-02-25,318,11260,26,3847,292,7413,0,0,161,4337,156,3458,161,7795,California
Siskiyou,2021-02-26,682,11942,11,3858,671,8084,0,0,371,4397,311,3769,371,8166,California
Siskiyou,2021-02-27,31,11973,5,3863,26,8110,0,0,27,4420,4,3773,27,8193,California
Siskiyou,2021-02-28,4,11977,4,3867,0,8110,0,0,3,4422,1,3774,3,8196,California
Siskiyou,2021-03-01,295,12272,6,3873,289,8399,0,0,51,4229,244,4018,51,8247,California
Siskiyou,2021-03-02,211,12483,1,3874,210,8609,0,0,70,4158,141,4159,70,8317,California
Siskiyou,2021-03-03,353,12836,12,3886,341,8950,0,0,155,4115,198,4357,155,8472,California
Siskiyou,2021-03-04,833,13669,623,4509,210,9160,0,0,647,4576,186,4543,647,9119,California
Siskiyou,2021-03-05,353,14022,6,4515,336,9496,11,11,105,4447,245,4788,116,9235,California
Siskiyou,2021-03-06,43,14065,3,4518,33,9529,7,18,28,4467,15,4803,35,9270,California
Siskiyou,2021-03-07,12,14077,4,4522,0,9529,8,26,2,4467,10,4813,10,9280,California
Siskiyou,2021-03-08,439,14516,28,4550,377,9906,34,60,68,4198,371,5184,102,9382,California
Siskiyou,2021-03-09,248,14764,2,4552,192,10098,54,114,44,4092,204,5388,98,9480,California
Siskiyou,2021-03-10,299,15063,7,4559,262,10360,30,144,26,3875,273,5661,56,9536,California
Siskiyou,2021-03-11,521,15584,205,4764,269,10629,47,191,282,3966,238,5899,329,9865,California
Siskiyou,2021-03-12,697,16281,141,4905,517,11146,39,230,184,3677,511,6410,222,10087,California
Siskiyou,2021-03-13,427,16708,379,5284,25,11171,23,253,379,4031,48,6458,402,10489,California
Siskiyou,2021-03-14,19,16727,0,5284,3,11174,16,269,1,4030,18,6476,17,10506,California
Siskiyou,2021-03-15,515,17242,258,5542,193,11367,64,333,339,4257,176,6652,403,10909,California
Siskiyou,2021-03-16,257,17499,34,5576,206,11573,17,350,140,4298,116,6768,157,11066,California
Siskiyou,2021-03-17,203,17702,9,5585,186,11759,8,358,35,4173,168,6936,43,11109,California
Siskiyou,2021-03-18,928,18630,790,6375,126,11885,12,370,807,4872,120,7056,819,11928,California
Siskiyou,2021-03-19,68,18698,10,6385,45,11930,13,383,19,4855,49,7105,32,11960,California
Siskiyou,2021-03-20,29,18727,7,6392,18,11948,4,387,6,4842,23,7128,10,11970,California
Siskiyou,2021-03-21,9,18736,3,6395,1,11949,5,392,3,4844,6,7134,8,11978,California
Siskiyou,2021-03-22,207,18943,21,6416,164,12113,22,414,143,4948,61,7195,165,12143,California
Siskiyou,2021-03-23,194,19137,19,6435,166,12279,9,423,141,5044,53,7248,149,12292,California
Siskiyou,2021-03-24,144,19281,48,6483,96,12375,0,423,115,5130,29,7277,115,12407,California
Siskiyou,2021-03-25,573,19854,320,6803,250,12625,3,426,399,5358,174,7451,402,12809,California
Siskiyou,2021-03-26,307,20161,35,6838,272,12897,0,426,103,5259,202,7653,103,12912,California
Siskiyou,2021-03-27,38,20199,5,6843,28,12925,5,431,10,5246,28,7681,15,12927,California
Siskiyou,2021-03-28,8,20207,7,6850,1,12926,0,431,5,5248,3,7684,5,12932,California
Siskiyou,2021-03-29,95,20302,10,6860,83,13009,2,433,46,5247,49,7733,48,12980,California
Siskiyou,2021-03-30,100,20402,6,6866,93,13102,1,434,40,5228,60,7793,41,13021,California
Siskiyou,2021-03-31,191,20593,21,6887,167,13269,3,437,48,5140,140,7933,52,13073,California
Siskiyou,2021-04-01,829,21422,670,7557,159,13428,0,437,214,4739,615,8548,214,13287,California
Siskiyou,2021-04-02,347,21769,197,7754,146,13574,4,441,66,4530,279,8827,70,13357,California
Siskiyou,2021-04-03,26,21795,5,7759,14,13588,7,448,5,4521,21,8848,12,13369,California
Siskiyou,2021-04-04,1,21796,0,7759,1,13589,0,448,1,4522,0,8848,1,13370,California
Siskiyou,2021-04-05,438,22234,331,8090,81,13670,26,474,26,4163,411,9259,52,13422,California
Siskiyou,2021-04-06,222,22456,37,8127,132,13802,53,527,129,4253,91,9350,181,13603,California
Siskiyou,2021-04-07,118,22574,11,8138,65,13867,42,569,66,4310,52,9402,109,13712,California
Siskiyou,2021-04-08,356,22930,187,8325,127,13994,42,611,65,4126,291,9693,107,13819,California
Siskiyou,2021-04-09,547,23477,377,8702,132,14126,38,649,85,3789,461,10154,124,13943,California
Siskiyou,2021-04-10,45,23522,5,8707,3,14129,37,686,6,3793,39,10193,43,13986,California
Siskiyou,2021-04-11,7,23529,4,8711,1,14130,2,688,2,3792,5,10198,4,13990,California
Siskiyou,2021-04-12,129,23658,24,8735,103,14233,2,690,31,3727,98,10296,33,14023,California
Siskiyou,2021-04-13,207,23865,37,8772,169,14402,1,691,81,3683,126,10422,82,14105,California
Siskiyou,2021-04-14,157,24022,64,8836,93,14495,0,691,85,3698,70,10492,85,14190,California
Siskiyou,2021-04-15,1117,25139,957,9793,160,14655,0,691,438,3458,679,11171,439,14629,California
Siskiyou,2021-04-16,314,25453,219,10012,95,14750,0,691,270,3686,42,11213,270,14899,California
Siskiyou,2021-04-17,11,25464,8,10020,3,14753,0,691,7,3689,4,11217,7,14906,California
Siskiyou,2021-04-18,6,25470,3,10023,3,14756,0,691,2,3687,4,11221,2,14908,California
Siskiyou,2021-04-19,129,25599,24,10047,105,14861,0,691,47,3652,82,11303,47,14955,California
Siskiyou,2021-04-20,236,25835,5,10052,231,15092,0,691,94,3605,141,11444,94,15049,California
Siskiyou,2021-04-21,96,25931,10,10062,86,15178,0,691,26,3561,70,11514,26,15075,California
Siskiyou,2021-04-22,414,26345,301,10363,113,15291,0,691,49,3245,365,11879,49,15124,California
Siskiyou,2021-04-23,181,26526,15,10378,166,15457,0,691,159,3383,21,11900,159,15283,California
Siskiyou,2021-04-24,28,26554,4,10382,24,15481,0,691,20,3395,8,11908,20,15303,California
Siskiyou,2021-04-25,2,26556,0,10382,2,15483,0,691,2,3397,0,11908,2,15305,California
Siskiyou,2021-04-26,101,26657,4,10386,92,15575,5,696,24,3349,77,11985,29,15334,California
Siskiyou,2021-04-27,114,26771,5,10391,107,15682,2,698,87,3413,25,12010,89,15423,California
Siskiyou,2021-04-28,111,26882,8,10399,95,15777,8,706,53,3416,58,12068,61,15484,California
Siskiyou,2021-04-29,150,27032,16,10415,133,15910,1,707,30,3327,120,12188,31,15515,California
Siskiyou,2021-04-30,102,27134,20,10435,81,15991,1,708,45,3318,54,12242,45,15560,California
Siskiyou,2021-05-01,11,27145,7,10442,1,15992,3,711,7,3324,4,12246,10,15570,California
Siskiyou,2021-05-02,10,27155,4,10446,6,15998,0,711,9,3332,1,12247,9,15579,California
Siskiyou,2021-05-03,111,27266,23,10469,86,16084,2,713,46,3315,65,12312,48,15627,California
Siskiyou,2021-05-04,123,27389,7,10476,114,16198,2,715,60,3315,62,12374,62,15689,California
Siskiyou,2021-05-05,116,27505,20,10496,87,16285,9,724,39,3287,76,12450,48,15737,California
Siskiyou,2021-05-06,367,27872,296,10792,65,16350,6,730,190,3306,177,12627,196,15933,California
Siskiyou,2021-05-07,308,28180,219,11011,84,16434,5,735,31,3066,276,12903,36,15969,California
Siskiyou,2021-05-08,25,28205,4,11015,20,16454,1,736,18,3078,7,12910,19,15988,California
Siskiyou,2021-05-09,1,28206,0,11015,1,16455,0,736,0,3077,1,12911,0,15988,California
Siskiyou,2021-05-10,98,28304,67,11082,30,16485,1,737,21,3022,77,12988,22,16010,California
Siskiyou,2021-05-11,88,28392,8,11090,75,16560,5,742,52,3043,36,13024,57,16067,California
Siskiyou,2021-05-12,109,28501,4,11094,101,16661,4,746,17,2973,91,13115,21,16088,California
Siskiyou,2021-05-13,131,28632,35,11129,87,16748,9,755,38,2927,93,13208,47,16135,California
Siskiyou,2021-05-14,176,28808,82,11211,93,16841,1,756,108,2969,67,13275,109,16244,California
Siskiyou,2021-05-15,43,28851,13,11224,28,16869,2,758,36,3001,6,13281,38,16282,California
Siskiyou,2021-05-16,6,28857,2,11226,4,16873,0,758,4,3003,2,13283,4,16286,California
Siskiyou,2021-05-17,65,28922,1,11227,41,16914,23,781,11,2983,54,13337,34,16320,California
Siskiyou,2021-05-18,222,29144,83,11310,135,17049,4,785,125,3016,96,13433,129,16449,California
Siskiyou,2021-05-19,202,29346,97,11407,104,17153,1,786,168,3151,34,13467,169,16618,California
Siskiyou,2021-05-20,534,29880,430,11837,102,17255,2,788,238,3097,294,13761,240,16858,California
Siskiyou,2021-05-21,239,30119,95,11932,144,17399,0,788,109,3077,129,13890,109,16967,California
Siskiyou,2021-05-22,42,30161,19,11951,23,17422,0,788,27,3089,15,13905,27,16994,California
Siskiyou,2021-05-23,4,30165,3,11954,1,17423,0,788,2,3089,2,13907,2,16996,California
Siskiyou,2021-05-24,43,30208,3,11957,40,17463,0,788,29,3105,13,13920,29,17025,California
Siskiyou,2021-05-25,156,30364,15,11972,121,17584,20,808,49,3069,105,14025,69,17094,California
Siskiyou,2021-05-26,76,30440,19,11991,57,17641,0,808,41,3075,35,14060,41,17135,California
Siskiyou,2021-05-27,133,30573,94,12085,37,17678,2,810,57,3058,76,14136,59,17194,California
Siskiyou,2021-05-28,153,30726,58,12143,94,17772,1,811,101,3109,51,14187,102,17296,California
Siskiyou,2021-05-29,16,30742,9,12152,4,17776,3,814,5,3106,11,14198,8,17304,California
Siskiyou,2021-05-31,2,30744,1,12153,0,17776,1,815,1,3107,1,14199,2,17306,California
Siskiyou,2021-06-01,86,30830,20,12173,66,17842,0,815,29,3080,56,14255,29,17335,California
Siskiyou,2021-06-02,123,30953,33,12206,90,17932,0,815,47,3051,76,14331,47,17382,California
Siskiyou,2021-06-03,156,31109,109,12315,42,17974,5,820,40,2980,116,14447,45,17427,California
Siskiyou,2021-06-04,100,31209,76,12391,24,17998,0,820,21,2922,79,14526,21,17448,California
Siskiyou,2021-06-05,36,31245,17,12408,18,18016,1,821,14,2915,22,14548,15,17463,California
Siskiyou,2021-06-06,3,31248,2,12410,0,18016,1,822,0,2913,3,14551,1,17464,California
Siskiyou,2021-06-07,38,31286,4,12414,30,18046,4,826,26,2931,12,14563,30,17494,California
Siskiyou,2021-06-08,210,31496,94,12508,113,18159,3,829,65,2859,140,14703,68,17562,California
Siskiyou,2021-06-09,113,31609,84,12592,28,18187,1,830,31,2809,82,14785,32,17594,California
Siskiyou,2021-06-10,177,31786,145,12737,31,18218,1,831,77,2787,100,14885,78,17672,California
Siskiyou,2021-06-11,112,31898,60,12797,45,18263,7,838,23,2749,68,14953,30,17702,California
Siskiyou,2021-06-12,29,31927,6,12803,23,18286,0,838,9,2738,20,14973,9,17711,California
Siskiyou,2021-06-13,24,31951,16,12819,8,18294,0,838,2,2718,22,14995,2,17713,California
Siskiyou,2021-06-14,24,31975,4,12823,16,18310,4,842,11,2719,13,15008,14,17727,California
Siskiyou,2021-06-15,89,32064,22,12845,54,18364,13,855,32,2707,57,15065,45,17772,California
Siskiyou,2021-06-16,102,32166,23,12868,77,18441,2,857,10,2627,92,15157,12,17784,California
Siskiyou,2021-06-17,186,32352,142,13010,32,18473,12,869,40,2534,145,15302,52,17836,California
Siskiyou,2021-06-18,97,32449,62,13072,27,18500,8,877,20,2485,77,15379,28,17864,California
Siskiyou,2021-06-19,26,32475,17,13089,9,18509,0,877,12,2483,14,15393,12,17876,California
Siskiyou,2021-06-20,2,32477,1,13090,0,18509,1,878,1,2484,1,15394,2,17878,California
Siskiyou,2021-06-21,38,32515,3,13093,33,18542,2,880,5,2458,33,15427,7,17885,California
Siskiyou,2021-06-22,65,32580,24,13117,37,18579,4,884,31,2459,34,15461,35,17920,California
Siskiyou,2021-06-23,53,32633,7,13124,41,18620,5,889,11,2434,41,15502,16,17936,California
Siskiyou,2021-06-24,92,32725,51,13175,32,18652,9,898,46,2443,46,15548,55,17991,California
Siskiyou,2021-06-25,96,32821,60,13235,36,18688,0,898,65,2477,31,15579,65,18056,California
Siskiyou,2021-06-26,8,32829,3,13238,5,18693,0,898,4,2477,4,15583,4,18060,California
Siskiyou,2021-06-28,10,32839,4,13242,6,18699,0,898,5,2477,5,15588,5,18065,California
Siskiyou,2021-06-29,77,32916,52,13294,23,18722,2,900,40,2482,37,15625,42,18107,California
Siskiyou,2021-06-30,53,32969,10,13304,40,18762,3,903,13,2458,40,15665,16,18123,California
Siskiyou,2021-07-01,32,33001,20,13324,7,18769,5,908,9,2449,23,15688,14,18137,California
Siskiyou,2021-07-02,58,33059,36,13360,22,18791,0,908,40,2471,18,15706,40,18177,California
Siskiyou,2021-07-03,16,33075,5,13365,11,18802,0,908,9,2473,7,15713,9,18186,California
Siskiyou,2021-07-05,15,33090,5,13370,10,18812,0,908,4,2467,10,15723,4,18190,California
Siskiyou,2021-07-06,60,33150,14,13384,41,18853,5,913,18,2448,42,15765,23,18213,California
Siskiyou,2021-07-07,36,33186,10,13394,24,18877,2,915,12,2438,24,15789,14,18227,California
Siskiyou,2021-07-08,93,33279,65,13459,26,18903,2,917,33,2414,60,15849,36,18263,California
Solano,2020-12-15,4,4,4,4,0,0,0,0,4,4,0,0,4,4,California
Solano,2020-12-16,71,75,71,75,0,0,0,0,71,75,0,0,71,75,California
Solano,2020-12-17,171,246,171,246,0,0,0,0,171,246,0,0,171,246,California
Solano,2020-12-18,480,726,478,724,2,2,0,0,480,726,0,0,480,726,California
Solano,2020-12-19,523,1249,523,1247,0,2,0,0,523,1249,0,0,523,1249,California
Solano,2020-12-20,355,1604,353,1600,2,4,0,0,355,1604,0,0,355,1604,California
Solano,2020-12-21,576,2180,574,2174,2,6,0,0,576,2180,0,0,576,2180,California
Solano,2020-12-22,666,2846,631,2805,35,41,0,0,666,2846,0,0,666,2846,California
Solano,2020-12-23,862,3708,770,3575,92,133,0,0,861,3706,1,1,861,3707,California
Solano,2020-12-24,425,4133,171,3746,254,387,0,0,425,4131,0,1,425,4132,California
Solano,2020-12-25,9,4142,1,3747,8,395,0,0,9,4140,0,1,9,4141,California
Solano,2020-12-26,174,4316,47,3794,127,522,0,0,174,4314,0,1,174,4315,California
Solano,2020-12-27,106,4422,29,3823,77,599,0,0,106,4420,0,1,106,4421,California
Solano,2020-12-28,880,5302,434,4257,446,1045,0,0,880,5300,0,1,880,5301,California
Solano,2020-12-29,914,6216,376,4633,538,1583,0,0,914,6214,0,1,914,6215,California
Solano,2020-12-30,1242,7458,602,5235,640,2223,0,0,1242,7456,0,1,1242,7457,California
Solano,2020-12-31,546,8004,141,5376,405,2628,0,0,546,8002,0,1,546,8003,California
Solano,2021-01-01,14,8018,13,5389,1,2629,0,0,14,8016,0,1,14,8017,California
Solano,2021-01-02,218,8236,170,5559,48,2677,0,0,218,8234,0,1,218,8235,California
Solano,2021-01-03,56,8292,40,5599,16,2693,0,0,50,8284,0,1,50,8285,California
Solano,2021-01-04,451,8743,243,5842,208,2901,0,0,442,8724,2,3,442,8727,California
Solano,2021-01-05,735,9478,383,6225,352,3253,0,0,574,9142,156,159,574,9301,California
Solano,2021-01-06,850,10328,439,6664,411,3664,0,0,577,9448,271,430,577,9878,California
Solano,2021-01-07,1070,11398,684,7348,386,4050,0,0,594,9569,474,904,595,10473,California
Solano,2021-01-08,1156,12554,786,8134,370,4420,0,0,552,9537,586,1490,554,11027,California
Solano,2021-01-09,886,13440,762,8896,124,4544,0,0,427,9508,456,1946,427,11454,California
Solano,2021-01-10,254,13694,193,9089,61,4605,0,0,152,9558,102,2048,152,11606,California
Solano,2021-01-11,1334,15028,1121,10210,213,4818,0,0,817,9858,517,2565,817,12423,California
Solano,2021-01-12,1586,16614,1183,11393,403,5221,0,0,1028,10330,557,3122,1029,13452,California
Solano,2021-01-13,1470,18084,1006,12399,464,5685,0,0,1211,11284,257,3379,1211,14663,California
Solano,2021-01-14,1922,20006,832,13231,1090,6775,0,0,1603,12571,316,3695,1603,16266,California
Solano,2021-01-15,1721,21727,1064,14295,657,7432,0,0,1420,13690,301,3996,1420,17686,California
Solano,2021-01-16,1297,23024,906,15201,391,7823,0,0,1123,14639,174,4170,1123,18809,California
Solano,2021-01-17,1053,24077,756,15957,297,8120,0,0,1032,15651,21,4191,1033,19842,California
Solano,2021-01-18,1428,25505,856,16813,572,8692,0,0,1306,16835,122,4313,1306,21148,California
Solano,2021-01-19,1668,27173,1347,18160,321,9013,0,0,1391,17950,276,4589,1391,22539,California
Solano,2021-01-20,2068,29241,1427,19587,641,9654,0,0,1580,19045,485,5074,1580,24119,California
Solano,2021-01-21,3222,32463,1033,20620,2189,11843,0,0,2864,21553,358,5432,2866,26985,California
Solano,2021-01-22,1791,34254,858,21478,933,12776,0,0,1592,22947,199,5631,1593,28578,California
Solano,2021-01-23,743,34997,244,21722,499,13275,0,0,532,23268,212,5843,533,29111,California
Solano,2021-01-24,408,35405,63,21785,345,13620,0,0,340,23540,68,5911,340,29451,California
Solano,2021-01-25,1681,37086,632,22417,1049,14669,0,0,1120,24101,560,6471,1121,30572,California
Solano,2021-01-26,1805,38891,747,23164,1058,15727,0,0,1158,24613,647,7118,1159,31731,California
Solano,2021-01-27,1811,40702,720,23884,1091,16818,0,0,1193,25192,614,7732,1193,32924,California
Solano,2021-01-28,1983,42685,712,24596,1271,18089,0,0,1383,25977,599,8331,1384,34308,California
Solano,2021-01-29,1726,44411,778,25374,948,19037,0,0,1359,26972,364,8695,1359,35667,California
Solano,2021-01-30,929,45340,432,25806,497,19534,0,0,604,27252,325,9020,605,36272,California
Solano,2021-01-31,270,45610,178,25984,92,19626,0,0,174,27331,95,9115,174,36446,California
Solano,2021-02-01,1559,47169,1033,27017,526,20152,0,0,772,27319,784,9899,772,37218,California
Solano,2021-02-02,3386,50555,1102,28119,2284,22436,0,0,2567,29072,814,10713,2567,39785,California
Solano,2021-02-03,2274,52829,1309,29428,965,23401,0,0,1165,29131,1106,11819,1165,40950,California
Solano,2021-02-04,1818,54647,906,30334,912,24313,0,0,1085,29488,728,12547,1085,42035,California
Solano,2021-02-05,3127,57774,1420,31754,1707,26020,0,0,2111,30590,1009,13556,2111,44146,California
Solano,2021-02-06,3085,60859,1174,32928,1911,27931,0,0,2264,32037,817,14373,2264,46410,California
Solano,2021-02-07,847,61706,781,33709,66,27997,0,0,237,31665,609,14982,237,46647,California
Solano,2021-02-08,1778,63484,1245,34954,533,28530,0,0,726,31341,1050,16032,726,47373,California
Solano,2021-02-09,1961,65445,1492,36446,469,28999,0,0,701,30784,1258,17290,701,48074,California
Solano,2021-02-10,2294,67739,1508,37954,786,29785,0,0,823,30137,1470,18760,823,48897,California
Solano,2021-02-11,2549,70288,1502,39456,1047,30832,0,0,1201,30001,1337,20097,1201,50098,California
Solano,2021-02-12,4278,74566,1636,41092,2642,33474,0,0,2915,31562,1354,21451,2915,53013,California
Solano,2021-02-13,2897,77463,247,41339,2650,36124,0,0,2479,33627,414,21865,2479,55492,California
Solano,2021-02-14,733,78196,204,41543,529,36653,0,0,406,33709,325,22190,407,55899,California
Solano,2021-02-15,1273,79469,267,41810,1006,37659,0,0,654,33744,619,22809,654,56553,California
Solano,2021-02-16,2583,82052,1388,43198,1195,38854,0,0,1679,34521,903,23712,1680,58233,California
Solano,2021-02-17,3281,85333,1450,44648,1831,40685,0,0,2223,35690,1055,24767,2224,60457,California
Solano,2021-02-18,2930,88263,850,45498,2080,42765,0,0,862,34491,2061,26828,862,61319,California
Solano,2021-02-19,2499,90762,1471,46969,1028,43793,0,0,1184,34369,1308,28136,1186,62505,California
Solano,2021-02-20,2780,93542,393,47362,2387,46180,0,0,2255,36100,524,28660,2255,64760,California
Solano,2021-02-21,2342,95884,2014,49376,328,46508,0,0,2011,37785,326,28986,2011,66771,California
Solano,2021-02-22,1846,97730,1081,50457,765,47273,0,0,956,37856,886,29872,957,67728,California
Solano,2021-02-23,2992,100722,1167,51624,1825,49098,0,0,2016,38900,972,30844,2016,69744,California
Solano,2021-02-24,2583,103305,1292,52916,1291,50389,0,0,1420,39162,1159,32003,1421,71165,California
Solano,2021-02-25,2686,105991,1584,54500,1102,51491,0,0,1467,39416,1213,33216,1467,72632,California
Solano,2021-02-26,3566,109557,2281,56781,1285,52776,0,0,2109,40073,1452,34668,2109,74741,California
Solano,2021-02-27,3993,113550,1539,58320,2453,55229,1,1,3228,42549,753,35421,3229,77970,California
Solano,2021-02-28,1948,115498,1574,59894,373,55602,1,2,1616,43837,329,35750,1617,79587,California
Solano,2021-03-01,2764,118262,1231,61125,1532,57134,1,3,2085,45251,672,36422,2086,81673,California
Solano,2021-03-02,2341,120603,1415,62540,926,58060,0,3,1300,45511,1040,37462,1300,82973,California
Solano,2021-03-03,2268,122871,1275,63815,993,59053,0,3,1406,46066,852,38314,1407,84380,California
Solano,2021-03-04,4442,127313,3442,67257,998,60051,2,5,3175,47990,1256,39570,3180,87560,California
Solano,2021-03-05,4979,132292,1681,68938,3293,63344,5,10,3979,50985,989,40559,3984,91544,California
Solano,2021-03-06,3872,136164,835,69773,2996,66340,41,51,2647,52459,1214,41773,2688,94232,California
Solano,2021-03-07,3602,139766,763,70536,2813,69153,26,77,1953,52803,1636,43409,1980,96212,California
Solano,2021-03-08,2206,141972,1351,71887,583,69736,272,349,1630,54135,568,43977,1900,98112,California
Solano,2021-03-09,3245,145217,1568,73455,1622,71358,55,404,2337,55617,906,44883,2388,100500,California
Solano,2021-03-10,2443,147660,1762,75217,596,71954,85,489,1286,55834,1152,46035,1369,101869,California
Solano,2021-03-11,6054,153714,1763,76980,4041,75995,250,739,4998,60032,1051,47086,5249,107118,California
Solano,2021-03-12,6058,159772,1575,78555,4303,80298,180,919,3169,60504,2876,49962,3348,110466,California
Solano,2021-03-13,4625,164397,806,79361,3734,84032,85,1004,2240,60456,2376,52338,2328,112794,California
Solano,2021-03-14,4023,168420,3139,82500,428,84460,456,1460,1556,60003,2462,54800,2009,114803,California
Solano,2021-03-15,4041,172461,2459,84959,1255,85715,327,1787,2521,61341,1508,56308,2846,117649,California
Solano,2021-03-16,3113,175574,1323,86282,1552,87267,238,2025,1575,61622,1531,57839,1812,119461,California
Solano,2021-03-17,6524,182098,1681,87963,4748,92015,95,2120,4941,65079,1579,59418,5036,124497,California
Solano,2021-03-18,5230,187328,1859,89822,3332,95347,39,2159,3742,67382,1479,60897,3782,128279,California
Solano,2021-03-19,3596,190924,2655,92477,865,96212,76,2235,1631,67134,1956,62853,1708,129987,California
Solano,2021-03-20,5588,196512,1682,94159,3852,100064,54,2289,2617,66847,2958,65811,2671,132658,California
Solano,2021-03-21,1699,198211,1591,95750,83,100147,25,2314,376,65930,1316,67127,399,133057,California
Solano,2021-03-22,2713,200924,2058,97808,604,100751,51,2365,1568,66407,1139,68266,1616,134673,California
Solano,2021-03-23,3572,204496,1690,99498,1838,102589,44,2409,1392,65670,2172,70438,1435,136108,California
Solano,2021-03-24,2845,207341,1778,101276,1032,103621,35,2444,1361,65588,1476,71914,1394,137502,California
Solano,2021-03-25,4902,212243,4009,105285,858,104479,35,2479,2279,65285,2617,74531,2314,139816,California
Solano,2021-03-26,3253,215496,2109,107394,1106,105585,38,2517,1737,65556,1504,76035,1775,141591,California
Solano,2021-03-27,4231,219727,1162,108556,3028,108613,41,2558,1663,64697,2561,78596,1702,143293,California
Solano,2021-03-28,1425,221152,1112,109668,295,108908,18,2576,540,64374,881,79477,558,143851,California
Solano,2021-03-29,3543,224695,2043,111711,1484,110392,16,2592,1539,63941,1989,81466,1556,145407,California
Solano,2021-03-30,3060,227755,2026,113737,943,111335,91,2683,1909,64790,1150,82616,1999,147406,California
Solano,2021-03-31,3162,230917,2149,115886,853,112188,160,2843,1849,65488,1308,83924,2006,149412,California
Solano,2021-04-01,5583,236500,2110,117996,3319,115507,154,2997,3524,67121,2045,85969,3678,153090,California
Solano,2021-04-02,6640,243140,2239,120235,4232,119739,169,3166,2554,65774,4067,90036,2720,155810,California
Solano,2021-04-03,1532,244672,969,121204,410,120149,153,3319,569,65534,961,90997,721,156531,California
Solano,2021-04-04,785,245457,288,121492,193,120342,304,3623,241,65539,540,91537,545,157076,California
Solano,2021-04-05,3024,248481,2069,123561,746,121088,209,3832,1516,65757,1505,93042,1723,158799,California
Solano,2021-04-06,6072,254553,1637,125198,3944,125032,491,4323,1632,63448,4430,97472,2121,160920,California
Solano,2021-04-07,5991,260544,4642,129840,947,125979,402,4725,3400,64678,2572,100044,3802,164722,California
Solano,2021-04-08,6504,267048,1800,131640,3832,129811,872,5597,1798,62664,4674,104718,2660,167382,California
Solano,2021-04-09,6323,273371,1664,133304,3809,133620,850,6447,1521,60254,4774,109492,2364,169746,California
Solano,2021-04-10,1759,275130,966,134270,454,134074,339,6786,812,60458,945,110437,1149,170895,California
Solano,2021-04-11,1242,276372,773,135043,337,134411,132,6918,639,60629,600,111037,771,171666,California
Solano,2021-04-12,3295,279667,1703,136746,1231,135642,361,7279,1342,60383,1946,112983,1700,173366,California
Solano,2021-04-13,2574,282241,1115,137861,1458,137100,1,7280,1331,60476,1239,114222,1332,174698,California
Solano,2021-04-14,6547,288788,1966,139827,4581,141681,0,7280,1850,57639,4688,118910,1851,176549,California
Solano,2021-04-15,5748,294536,2174,142001,3573,145254,1,7281,1747,55400,3987,122897,1748,178297,California
Solano,2021-04-16,3711,298247,2598,144599,1111,146365,2,7283,2299,56298,1403,124300,2301,180598,California
Solano,2021-04-17,3291,301538,1074,145673,2217,148582,0,7283,1126,55272,2154,126454,1128,181726,California
Solano,2021-04-18,1056,302594,659,146332,397,148979,0,7283,550,55316,506,126960,550,182276,California
Solano,2021-04-19,2161,304755,1171,147503,990,149969,0,7283,1171,55506,983,127943,1173,183449,California
Solano,2021-04-20,3088,307843,1891,149394,1197,151166,0,7283,1708,55840,1374,129317,1708,185157,California
Solano,2021-04-21,3895,311738,2410,151804,1485,152651,0,7283,2041,56035,1846,131163,2041,187198,California
Solano,2021-04-22,3059,314797,1527,153331,1532,154183,0,7283,1803,56586,1252,132415,1803,189001,California
Solano,2021-04-23,4226,319023,2148,155479,2078,156261,0,7283,2540,57448,1680,134095,2542,191543,California
Solano,2021-04-24,3895,322918,2348,157827,1545,157806,2,7285,2584,58809,1225,135320,2586,194129,California
Solano,2021-04-25,1433,324351,1117,158944,316,158122,0,7285,1133,59649,293,135613,1133,195262,California
Solano,2021-04-26,2621,326972,1702,160646,915,159037,4,7289,1447,59941,1159,136772,1451,196713,California
Solano,2021-04-27,2605,329577,1309,161955,1266,160303,30,7319,1477,60332,1117,137889,1508,198221,California
Solano,2021-04-28,6084,335661,5026,166981,1012,161315,46,7365,3807,61923,2261,140150,3852,202073,California
Solano,2021-04-29,4583,340244,1476,168457,3072,164387,35,7400,2065,61515,2508,142658,2100,204173,California
Solano,2021-04-30,4177,344421,2234,170691,1802,166189,141,7541,1945,61383,2216,144874,2084,206257,California
Solano,2021-05-01,2189,346610,1684,172375,305,166494,200,7741,1298,61997,884,145758,1498,207755,California
Solano,2021-05-02,1201,347811,942,173317,234,166728,25,7766,661,62148,535,146293,686,208441,California
Solano,2021-05-03,1462,349273,1015,174332,361,167089,86,7852,602,61980,857,147150,689,209130,California
Solano,2021-05-04,1828,351101,1072,175404,690,167779,66,7918,822,61864,1004,148154,888,210018,California
Solano,2021-05-05,2286,353387,1444,176848,729,168508,113,8031,1103,61899,1179,149333,1214,211232,California
Solano,2021-05-06,1993,355380,1193,178041,591,169099,209,8240,724,61567,1257,150590,925,212157,California
Solano,2021-05-07,2838,358218,1979,180020,739,169838,120,8360,987,60828,1844,152434,1105,213262,California
Solano,2021-05-08,1486,359704,939,180959,431,170269,116,8476,573,60608,909,153343,689,213951,California
Solano,2021-05-09,451,360155,275,181234,165,170434,11,8487,175,60521,274,153617,187,214138,California
Solano,2021-05-10,1392,361547,646,181880,639,171073,107,8594,388,60017,998,154615,494,214632,California
Solano,2021-05-11,2339,363886,1211,183091,1039,172112,89,8683,680,59132,1654,156269,769,215401,California
Solano,2021-05-12,2199,366085,1267,184358,758,172870,174,8857,730,58580,1454,157723,902,216303,California
Solano,2021-05-13,3101,369186,2123,186481,766,173636,212,9069,1630,58954,1468,159191,1842,218145,California
Solano,2021-05-14,2519,371705,1706,188187,691,174327,122,9191,1059,58683,1452,160643,1181,219326,California
Solano,2021-05-15,3416,375121,2763,190950,567,174894,86,9277,1300,57963,2105,162748,1385,220711,California
Solano,2021-05-16,1540,376661,1142,192092,365,175259,33,9310,277,57012,1260,164008,309,221020,California
Solano,2021-05-17,2458,379119,1412,193504,959,176218,87,9397,863,56384,1574,165582,946,221966,California
Solano,2021-05-18,2959,382078,1639,195143,1231,177449,89,9486,1469,56464,1478,167060,1558,223524,California
Solano,2021-05-19,5782,387860,4178,199321,1473,178922,131,9617,2189,55202,3582,170642,2320,225844,California
Solano,2021-05-20,2635,390495,1581,200902,991,179913,63,9680,942,54525,1682,172324,1005,226849,California
Solano,2021-05-21,3567,394062,1876,202778,1622,181535,69,9749,1370,53776,2188,174512,1439,228288,California
Solano,2021-05-22,2741,396803,2113,204891,534,182069,94,9843,1159,53453,1575,176087,1252,229540,California
Solano,2021-05-23,1413,398216,1168,206059,220,182289,25,9868,756,53580,654,176741,781,230321,California
Solano,2021-05-24,1884,400100,1089,207148,722,183011,73,9941,636,53047,1241,177982,708,231029,California
Solano,2021-05-25,1625,401725,823,207971,744,183755,58,9999,583,52653,1034,179016,640,231669,California
Solano,2021-05-26,1898,403623,1090,209061,751,184506,57,10056,707,52232,1186,180202,765,232434,California
Solano,2021-05-27,2139,405762,950,210011,1114,185620,75,10131,884,51946,1244,181446,958,233392,California
Solano,2021-05-28,2018,407780,1023,211034,939,186559,56,10187,759,51511,1251,182697,816,234208,California
Solano,2021-05-29,661,408441,329,211363,301,186860,31,10218,308,51499,350,183047,338,234546,California
Solano,2021-05-30,325,408766,156,211519,144,187004,25,10243,115,51432,207,183254,140,234686,California
Solano,2021-05-31,128,408894,19,211538,100,187104,9,10252,25,51363,103,183357,34,234720,California
Solano,2021-06-01,1838,410732,1182,212720,578,187682,78,10330,726,51061,1107,184464,805,235525,California
Solano,2021-06-02,1829,412561,1290,214010,473,188155,66,10396,927,51156,895,185359,990,236515,California
Solano,2021-06-03,2194,414755,1735,215745,376,188531,83,10479,706,50465,1481,186840,790,237305,California
Solano,2021-06-04,1653,416408,1149,216894,438,188969,66,10545,502,49886,1147,187987,568,237873,California
Solano,2021-06-05,1422,417830,1029,217923,342,189311,51,10596,471,49463,945,188932,522,238395,California
Solano,2021-06-06,673,418503,553,218476,88,189399,32,10628,363,49548,310,189242,395,238790,California
Solano,2021-06-07,1239,419742,950,219426,227,189626,62,10690,408,49190,828,190070,470,239260,California
Solano,2021-06-08,1833,421575,1326,220752,473,190099,34,10724,486,48368,1342,191412,520,239780,California
Solano,2021-06-09,2112,423687,1800,222552,251,190350,61,10785,668,47658,1438,192850,728,240508,California
Solano,2021-06-10,1298,424985,844,223396,380,190730,74,10859,417,47276,872,193722,490,240998,California
Solano,2021-06-11,1600,426585,1271,224667,263,190993,66,10925,585,46916,1010,194732,650,241648,California
Solano,2021-06-12,1205,427790,925,225592,219,191212,61,10986,205,46189,993,195725,266,241914,California
Solano,2021-06-13,612,428402,523,226115,80,191292,9,10995,112,45811,499,196224,121,242035,California
Solano,2021-06-14,1315,429717,932,227047,349,191641,34,11029,279,45094,1028,197252,311,242346,California
Solano,2021-06-15,1468,431185,930,227977,487,192128,51,11080,603,44890,858,198110,654,243000,California
Solano,2021-06-16,1165,432350,771,228748,324,192452,70,11150,394,44588,765,198875,463,243463,California
Solano,2021-06-17,1221,433571,935,229683,217,192669,69,11219,434,44316,774,199649,502,243965,California
Solano,2021-06-18,1180,434751,876,230559,237,192906,67,11286,442,44091,733,200382,508,244473,California
Solano,2021-06-19,424,435175,295,230854,100,193006,29,11315,158,44017,261,200643,187,244660,California
Solano,2021-06-20,184,435359,140,230994,37,193043,7,11322,86,44012,98,200741,93,244753,California
Solano,2021-06-21,630,435989,404,231398,163,193206,63,11385,393,44232,236,200977,456,245209,California
Solano,2021-06-22,1156,437145,872,232270,239,193445,45,11430,420,43965,732,201709,465,245674,California
Solano,2021-06-23,1432,438577,1187,233457,174,193619,71,11501,492,43592,935,202644,562,246236,California
Solano,2021-06-24,924,439501,687,234144,171,193790,66,11567,393,43524,526,203170,458,246694,California
Solano,2021-06-25,1037,440538,724,234868,245,194035,68,11635,480,43532,539,203709,547,247241,California
Solano,2021-06-26,562,441100,432,235300,93,194128,37,11672,220,43448,340,204049,256,247497,California
Solano,2021-06-27,441,441541,384,235684,55,194183,2,11674,158,43326,282,204331,160,247657,California
Solano,2021-06-28,982,442523,812,236496,132,194315,38,11712,401,43190,575,204906,439,248096,California
Solano,2021-06-29,852,443375,651,237147,148,194463,53,11765,378,43150,470,205376,430,248526,California
Solano,2021-06-30,816,444191,599,237746,172,194635,45,11810,369,43116,447,205823,413,248939,California
Solano,2021-07-01,667,444858,492,238238,112,194747,63,11873,252,43018,413,206236,315,249254,California
Solano,2021-07-02,741,445599,562,238800,144,194891,35,11908,295,42908,440,206676,330,249584,California
Solano,2021-07-03,313,445912,210,239010,88,194979,15,11923,156,42926,153,206829,171,249755,California
Solano,2021-07-04,32,445944,3,239013,16,194995,13,11936,12,42931,20,206849,25,249780,California
Solano,2021-07-05,353,446297,247,239260,91,195086,15,11951,177,42951,172,207021,192,249972,California
Solano,2021-07-06,1021,447318,809,240069,190,195276,22,11973,372,42699,646,207667,394,250366,California
Solano,2021-07-07,679,447997,485,240554,145,195421,49,12022,268,42611,405,208072,317,250683,California
Solano,2021-07-08,368,448365,263,240817,89,195510,16,12038,150,42565,213,208285,167,250850,California
Sonoma,2020-12-15,4,4,4,4,0,0,0,0,4,4,0,0,4,4,California
Sonoma,2020-12-16,27,31,27,31,0,0,0,0,27,31,0,0,27,31,California
Sonoma,2020-12-17,111,142,111,142,0,0,0,0,111,142,0,0,111,142,California
Sonoma,2020-12-18,437,579,437,579,0,0,0,0,437,579,0,0,437,579,California
Sonoma,2020-12-19,113,692,112,691,1,1,0,0,113,692,0,0,113,692,California
Sonoma,2020-12-20,177,869,177,868,0,1,0,0,177,869,0,0,177,869,California
Sonoma,2020-12-21,908,1777,906,1774,2,3,0,0,907,1776,0,0,907,1776,California
Sonoma,2020-12-22,1358,3135,1268,3042,90,93,0,0,1358,3134,0,0,1358,3134,California
Sonoma,2020-12-23,1603,4738,1227,4269,376,469,0,0,1604,4738,0,0,1604,4738,California
Sonoma,2020-12-24,310,5048,103,4372,207,676,0,0,310,5048,0,0,310,5048,California
Sonoma,2020-12-25,9,5057,2,4374,7,683,0,0,9,5057,0,0,9,5057,California
Sonoma,2020-12-26,268,5325,257,4631,11,694,0,0,268,5325,0,0,268,5325,California
Sonoma,2020-12-27,94,5419,80,4711,14,708,0,0,94,5419,0,0,94,5419,California
Sonoma,2020-12-28,978,6397,544,5255,434,1142,0,0,952,6371,0,0,952,6371,California
Sonoma,2020-12-29,1135,7532,778,6033,357,1499,0,0,1101,7472,0,0,1101,7472,California
Sonoma,2020-12-30,1099,8631,483,6516,616,2115,0,0,1091,8563,0,0,1091,8563,California
Sonoma,2020-12-31,518,9149,69,6585,449,2564,0,0,518,9081,0,0,518,9081,California
Sonoma,2021-01-01,264,9413,127,6712,137,2701,0,0,264,9345,0,0,264,9345,California
Sonoma,2021-01-02,135,9548,128,6840,7,2708,0,0,135,9480,0,0,135,9480,California
Sonoma,2021-01-03,26,9574,10,6850,16,2724,0,0,26,9506,0,0,26,9506,California
Sonoma,2021-01-04,345,9919,107,6957,238,2962,0,0,344,9850,0,0,344,9850,California
Sonoma,2021-01-05,434,10353,100,7057,334,3296,0,0,408,10242,16,16,408,10258,California
Sonoma,2021-01-06,953,11306,432,7489,521,3817,0,0,837,10969,110,126,837,11095,California
Sonoma,2021-01-07,1041,12347,538,8027,503,4320,0,0,866,11661,174,300,866,11961,California
Sonoma,2021-01-08,1812,14159,1245,9272,567,4887,0,0,1329,12509,481,781,1329,13290,California
Sonoma,2021-01-09,639,14798,399,9671,240,5127,0,0,591,13052,48,829,591,13881,California
Sonoma,2021-01-10,471,15269,460,10131,11,5138,0,0,277,13135,194,1023,277,14158,California
Sonoma,2021-01-11,1391,16660,1244,11375,147,5285,0,0,418,12585,968,1991,418,14576,California
Sonoma,2021-01-12,1557,18217,1298,12673,259,5544,0,0,404,11838,1151,3142,404,14980,California
Sonoma,2021-01-13,2046,20263,1365,14038,681,6225,0,0,1178,12152,865,4007,1179,16159,California
Sonoma,2021-01-14,1544,21807,809,14847,735,6960,0,0,1314,13236,230,4237,1314,17473,California
Sonoma,2021-01-15,1566,23373,635,15482,931,7891,0,0,1342,14366,214,4451,1344,18817,California
Sonoma,2021-01-16,1147,24520,610,16092,537,8428,0,0,900,15023,243,4694,900,19717,California
Sonoma,2021-01-17,683,25203,561,16653,122,8550,0,0,603,15546,80,4774,603,20320,California
Sonoma,2021-01-18,1107,26310,937,17590,170,8720,0,0,617,15674,490,5264,618,20938,California
Sonoma,2021-01-19,2099,28409,1003,18593,1096,9816,0,0,1389,16356,708,5972,1390,22328,California
Sonoma,2021-01-20,2189,30598,712,19305,1477,11293,0,0,1513,17204,666,6638,1514,23842,California
Sonoma,2021-01-21,2322,32920,675,19980,1647,12940,0,0,2094,19073,226,6864,2095,25937,California
Sonoma,2021-01-22,2776,35696,1054,21034,1722,14662,0,0,2623,21544,152,7016,2623,28560,California
Sonoma,2021-01-23,769,36465,590,21624,179,14841,0,0,661,22098,107,7123,661,29221,California
Sonoma,2021-01-24,852,37317,714,22338,138,14979,0,0,833,22912,19,7142,833,30054,California
Sonoma,2021-01-25,2199,39516,536,22874,1663,16642,0,0,1707,24127,492,7634,1707,31761,California
Sonoma,2021-01-26,2065,41581,308,23182,1757,18399,0,0,1597,25257,467,8101,1597,33358,California
Sonoma,2021-01-27,3746,45327,1275,24457,2471,20870,0,0,3158,27832,585,8686,3160,36518,California
Sonoma,2021-01-28,4125,49452,1834,26291,2291,23161,0,0,3434,30580,688,9374,3436,39954,California
Sonoma,2021-01-29,3022,52474,1422,27713,1600,24761,0,0,2169,31900,851,10225,2171,42125,California
Sonoma,2021-01-30,2594,55068,2398,30111,196,24957,0,0,2241,33791,351,10576,2242,44367,California
Sonoma,2021-01-31,795,55863,679,30790,116,25073,0,0,563,34123,231,10807,563,44930,California
Sonoma,2021-02-01,2498,58361,855,31645,1643,26716,0,0,2106,35843,386,11193,2106,47036,California
Sonoma,2021-02-02,3617,61978,1399,33044,2218,28934,0,0,3028,38285,586,11779,3028,50064,California
Sonoma,2021-02-03,4072,66050,1324,34368,2748,31682,0,0,3123,40463,945,12724,3123,53187,California
Sonoma,2021-02-04,4255,70305,1749,36117,2506,34188,0,0,3442,43096,810,13534,3443,56630,California
Sonoma,2021-02-05,4858,75163,1755,37872,3103,37291,0,0,3786,45816,1067,14601,3787,60417,California
Sonoma,2021-02-06,2664,77827,2296,40168,368,37659,0,0,2120,47394,542,15143,2120,62537,California
Sonoma,2021-02-07,1561,79388,1423,41591,138,37797,0,0,1294,48421,267,15410,1294,63831,California
Sonoma,2021-02-08,3293,82681,1043,42634,2250,40047,0,0,2687,50504,604,16014,2687,66518,California
Sonoma,2021-02-09,3607,86288,1724,44358,1883,41930,0,0,3116,53132,489,16503,3117,69635,California
Sonoma,2021-02-10,4594,90882,2506,46864,2088,44018,0,0,3564,55675,1022,17525,3565,73200,California
Sonoma,2021-02-11,5632,96514,3036,49900,2596,46614,0,0,4348,58744,1279,18804,4348,77548,California
Sonoma,2021-02-12,5968,102482,3287,53187,2681,49295,0,0,4506,61799,1455,20259,4510,82058,California
Sonoma,2021-02-13,2000,104482,1156,54343,844,50139,0,0,1193,62188,804,21063,1193,83251,California
Sonoma,2021-02-14,2338,106820,1835,56178,503,50642,0,0,1577,63008,757,21820,1577,84828,California
Sonoma,2021-02-15,2149,108969,796,56974,1353,51995,0,0,1599,64057,550,22370,1599,86427,California
Sonoma,2021-02-16,5008,113977,2151,59125,2857,54852,0,0,3725,66505,1279,23649,3727,90154,California
Sonoma,2021-02-17,5646,119623,2932,62057,2714,57566,0,0,3554,67985,2076,25725,3556,93710,California
Sonoma,2021-02-18,7029,126652,3177,65234,3852,61418,0,0,4018,69013,2991,28716,4019,97729,California
Sonoma,2021-02-19,5713,132365,1736,66970,3977,65395,0,0,3536,70385,2166,30882,3538,101267,California
Sonoma,2021-02-20,3154,135519,2853,69823,301,65696,0,0,1225,69689,1921,32803,1225,102492,California
Sonoma,2021-02-21,565,136084,449,70272,116,65812,0,0,148,69426,411,33214,148,102640,California
Sonoma,2021-02-22,3044,139128,1437,71709,1607,67419,0,0,1249,68894,1781,34995,1249,103889,California
Sonoma,2021-02-23,3497,142625,2144,73853,1353,68772,0,0,1635,68677,1852,36847,1635,105524,California
Sonoma,2021-02-24,5858,148483,2610,76463,3248,72020,0,0,2977,68786,2869,39716,2978,108502,California
Sonoma,2021-02-25,6117,154600,2376,78839,3741,75761,0,0,3269,69239,2816,42532,3269,111771,California
Sonoma,2021-02-26,6677,161277,2936,81775,3741,79502,0,0,4225,71024,2440,44972,4225,115996,California
Sonoma,2021-02-27,4234,165511,1960,83735,2274,81776,0,0,2837,72471,1390,46362,2837,118833,California
Sonoma,2021-02-28,2502,168013,1848,85583,653,82429,1,1,742,71466,1748,48110,743,119576,California
Sonoma,2021-03-01,4148,172161,1324,86907,2823,85252,1,2,2165,71669,1964,50074,2167,121743,California
Sonoma,2021-03-02,4449,176610,1534,88441,2913,88165,2,4,2551,72336,1886,51960,2553,124296,California
Sonoma,2021-03-03,5091,181701,2643,91084,2448,90613,0,4,2326,71916,2746,54706,2326,126622,California
Sonoma,2021-03-04,5986,187687,2690,93774,3296,93909,0,4,2575,71098,3393,58099,2575,129197,California
Sonoma,2021-03-05,6500,194187,2869,96643,3616,97525,15,19,2720,70074,3760,61859,2736,131933,California
Sonoma,2021-03-06,2811,196998,1226,97869,1446,98971,139,158,1928,71266,873,62732,2065,133998,California
Sonoma,2021-03-07,1806,198804,1399,99268,314,99285,93,251,403,70359,1401,64133,494,134492,California
Sonoma,2021-03-08,4091,202895,662,99930,3249,102534,180,431,2381,71223,1696,65829,2560,137052,California
Sonoma,2021-03-09,5628,208523,3103,103033,2256,104790,269,700,2676,71219,2936,68765,2932,139984,California
Sonoma,2021-03-10,6052,214575,3213,106246,2492,107282,347,1047,2427,70388,3602,72367,2771,142755,California
Sonoma,2021-03-11,7567,222142,3033,109279,3715,110997,819,1866,2537,68730,5008,77375,3350,146105,California
Sonoma,2021-03-12,7433,229575,2268,111547,3801,114798,1364,3230,2047,66782,5353,82728,3405,149510,California
Sonoma,2021-03-13,3464,233039,1716,113263,1508,116306,240,3470,2012,67581,1448,84176,2247,151757,California
Sonoma,2021-03-14,1398,234437,390,113653,865,117171,143,3613,850,68029,545,84721,993,152750,California
Sonoma,2021-03-15,5265,239702,1524,115177,3355,120526,386,3999,2171,67512,3072,87793,2555,155305,California
Sonoma,2021-03-16,6325,246027,2268,117445,3829,124355,228,4227,2882,67190,3430,91223,3108,158413,California
Sonoma,2021-03-17,6801,252828,3548,120993,3073,127428,180,4407,3253,67092,3529,94752,3431,161844,California
Sonoma,2021-03-18,7158,259986,2951,123944,3592,131020,615,5022,3099,66757,4043,98795,3708,165552,California
Sonoma,2021-03-19,7521,267507,3258,127202,4033,135053,230,5252,2997,65499,4490,103285,3232,168784,California
Sonoma,2021-03-20,3737,271244,1767,128969,1144,136197,826,6078,2012,66615,1714,104999,2830,171614,California
Sonoma,2021-03-21,1400,272644,613,129582,752,136949,35,6113,1209,67674,185,105184,1244,172858,California
Sonoma,2021-03-22,4588,277232,3122,132704,1367,138316,99,6212,3334,69861,1246,106430,3433,176291,California
Sonoma,2021-03-23,5877,283109,3643,136347,2161,140477,73,6285,4418,72907,1446,107876,4492,180783,California
Sonoma,2021-03-24,6842,289951,4288,140635,2479,142956,75,6360,4132,74423,2688,110564,4204,184987,California
Sonoma,2021-03-25,7144,297095,4203,144838,2828,145784,113,6473,4244,75911,2870,113434,4358,189345,California
Sonoma,2021-03-26,7489,304584,3477,148315,3914,149698,98,6571,3787,76122,3673,117107,3884,193229,California
Sonoma,2021-03-27,3860,308444,1515,149830,1982,151680,363,6934,988,74612,2858,119965,1348,194577,California
Sonoma,2021-03-28,1515,309959,950,150780,537,152217,28,6962,797,74722,714,120679,824,195401,California
Sonoma,2021-03-29,2991,312950,1107,151887,1851,154068,33,6995,1546,74866,1435,122114,1579,196980,California
Sonoma,2021-03-30,5928,318878,3232,155119,2633,156701,63,7058,3098,75207,2820,124934,3161,200141,California
Sonoma,2021-03-31,5756,324634,3419,158538,2122,158823,215,7273,3337,76359,2399,127333,3551,203692,California
Sonoma,2021-04-01,6970,331604,4070,162608,2554,161377,346,7619,3773,77299,3168,130501,4108,207800,California
Sonoma,2021-04-02,5977,337581,3581,166189,2285,163662,111,7730,3570,78586,2393,132894,3680,211480,California
Sonoma,2021-04-03,3738,341319,1825,168014,1686,165348,227,7957,1678,78440,2044,134938,1898,213378,California
Sonoma,2021-04-04,1072,342391,696,168710,285,165633,91,8048,647,78757,421,135359,738,214116,California
Sonoma,2021-04-05,4458,346849,666,169376,3445,169078,347,8395,1671,77996,2779,138138,2018,216134,California
Sonoma,2021-04-06,6936,353785,3516,172892,3008,172086,412,8807,4030,79545,2890,141028,4439,220573,California
Sonoma,2021-04-07,6865,360650,3876,176768,2141,174227,848,9655,3340,80219,3506,144534,4180,224753,California
Sonoma,2021-04-08,7684,368334,4160,180928,2747,176974,777,10432,4202,81721,3469,148003,4971,229724,California
Sonoma,2021-04-09,6863,375197,3830,184758,2141,179115,892,11324,3520,82798,3328,151331,4405,234129,California
Sonoma,2021-04-10,3922,379119,1705,186463,1656,180771,561,11885,1154,81753,2753,154084,1708,235837,California
Sonoma,2021-04-11,1295,380414,613,187076,601,181372,81,11966,442,81425,851,154935,523,236360,California
Sonoma,2021-04-12,4976,385390,2071,189147,2418,183790,487,12453,1846,80640,3111,158046,2326,238686,California
Sonoma,2021-04-13,7956,393346,4685,193832,3267,187057,4,12457,3045,78794,4894,162940,3048,241734,California
Sonoma,2021-04-14,6712,400058,3794,197626,2897,189954,21,12478,2568,77251,4130,167070,2587,244321,California
Sonoma,2021-04-15,7537,407595,4281,201907,3255,193209,1,12479,3636,77005,3883,170953,3637,247958,California
Sonoma,2021-04-16,6950,414545,3475,205382,3473,196682,2,12481,3914,77896,3026,173979,3917,251875,California
Sonoma,2021-04-17,3542,418087,1832,207214,1710,198392,0,12481,1687,77751,1833,175812,1688,253563,California
Sonoma,2021-04-18,1410,419497,1010,208224,400,198792,0,12481,538,77420,869,176681,538,254101,California
Sonoma,2021-04-19,3447,422944,1892,210116,1554,200346,1,12482,1533,77047,1907,178588,1534,255635,California
Sonoma,2021-04-20,6406,429350,3535,213651,2871,203217,0,12482,2381,75419,4011,182599,2383,258018,California
Sonoma,2021-04-21,6861,436211,4361,218012,2498,205715,2,12484,3137,74859,3698,186297,3138,261156,California
Sonoma,2021-04-22,6488,442699,4533,222545,1954,207669,1,12485,2609,73606,3862,190159,2609,263765,California
Sonoma,2021-04-23,7574,450273,4672,227217,2895,210564,7,12492,3677,73412,3879,194038,3685,267450,California
Sonoma,2021-04-24,2784,453057,1512,228729,1258,211822,14,12506,1543,73734,1235,195273,1557,269007,California
Sonoma,2021-04-25,1085,454142,788,229517,297,212119,0,12506,431,73514,651,195924,431,269438,California
Sonoma,2021-04-26,3002,457144,1437,230954,1537,213656,28,12534,1624,73798,1368,197292,1652,271090,California
Sonoma,2021-04-27,5548,462692,3744,234698,1680,215336,124,12658,2240,72864,3297,200589,2363,273453,California
Sonoma,2021-04-28,4938,467630,3239,237937,1499,216835,200,12858,2014,72169,2904,203493,2209,275662,California
Sonoma,2021-04-29,5122,472752,3606,241543,1372,218207,144,13002,1912,71032,3193,206686,2056,277718,California
Sonoma,2021-04-30,5571,478323,3636,245179,1640,219847,295,13297,1829,69430,3725,210411,2123,279841,California
Sonoma,2021-05-01,2534,480857,1793,246972,634,220481,107,13404,1199,69409,1323,211734,1302,281143,California
Sonoma,2021-05-02,874,481731,652,247624,171,220652,51,13455,557,69701,317,212051,609,281752,California
Sonoma,2021-05-03,3266,484997,1686,249310,1427,222079,153,13608,1067,68735,2183,214234,1217,282969,California
Sonoma,2021-05-04,4628,489625,2418,251728,2028,224107,182,13790,1452,67210,3153,217387,1628,284597,California
Sonoma,2021-05-05,3730,493355,2194,253922,1341,225448,195,13985,1314,66318,2399,219786,1507,286104,California
Sonoma,2021-05-06,4598,497953,2424,256346,2047,227495,127,14112,1300,64510,3232,223018,1424,287528,California
Sonoma,2021-05-07,3646,501599,2331,258677,1192,228687,123,14235,1084,63171,2546,225564,1207,288735,California
Sonoma,2021-05-08,1942,503541,1296,259973,554,229241,92,14327,682,62699,1246,226810,774,289509,California
Sonoma,2021-05-09,503,504044,286,260259,176,229417,41,14368,159,62560,339,227149,200,289709,California
Sonoma,2021-05-10,2367,506411,1042,261301,1191,230608,134,14502,294,60929,2056,229205,425,290134,California
Sonoma,2021-05-11,3605,510016,1944,263245,1539,232147,122,14624,872,59209,2714,231919,994,291128,California
Sonoma,2021-05-12,4076,514092,2497,265742,1427,233574,152,14776,847,56991,3216,235135,998,292126,California
Sonoma,2021-05-13,4973,519065,2846,268588,1996,235570,131,14907,1652,55464,3308,238443,1781,293907,California
Sonoma,2021-05-14,5849,524914,3606,272194,2106,237676,137,15044,2209,54187,3624,242067,2347,296254,California
Sonoma,2021-05-15,2991,527905,2199,274393,729,238405,63,15107,1876,55020,1106,243173,1939,298193,California
Sonoma,2021-05-16,1350,529255,1132,275525,159,238564,59,15166,996,55727,348,243521,1055,299248,California
Sonoma,2021-05-17,2448,531703,1816,277341,537,239101,95,15261,887,55153,1554,245075,980,300228,California
Sonoma,2021-05-18,4342,536045,2863,280204,1370,240471,109,15370,1463,53865,2859,247934,1571,301799,California
Sonoma,2021-05-19,3883,539928,2422,282626,1346,241817,115,15485,1484,53080,2384,250318,1599,303398,California
Sonoma,2021-05-20,3428,543356,2244,284870,1090,242907,94,15579,1328,52409,2087,252405,1416,304814,California
Sonoma,2021-05-21,4256,547612,2391,287261,1736,244643,129,15708,1499,51290,2732,255137,1613,306427,California
Sonoma,2021-05-22,2349,549961,1291,288552,1018,245661,40,15748,661,50320,1671,256808,701,307128,California
Sonoma,2021-05-23,1502,551463,1221,289773,263,245924,18,15766,771,50383,726,257534,789,307917,California
Sonoma,2021-05-24,2026,553489,1261,291034,630,246554,135,15901,660,49843,1334,258868,794,308711,California
Sonoma,2021-05-25,2943,556432,1801,292835,1055,247609,87,15988,738,48475,2191,261059,823,309534,California
Sonoma,2021-05-26,2489,558921,1736,294571,642,248251,111,16099,1002,48113,1472,262531,1110,310644,California
Sonoma,2021-05-27,2073,560994,1136,295707,840,249091,97,16196,682,47508,1381,263912,776,311420,California
Sonoma,2021-05-28,2192,563186,1129,296836,970,250061,93,16289,621,46663,1559,265471,714,312134,California
Sonoma,2021-05-29,1350,564536,921,297757,361,250422,68,16357,633,46657,707,266178,701,312835,California
Sonoma,2021-05-30,349,564885,214,297971,124,250546,11,16368,138,46601,204,266382,148,312983,California
Sonoma,2021-05-31,70,564955,26,297997,43,250589,1,16369,17,46566,53,266435,18,313001,California
Sonoma,2021-06-01,1946,566901,1115,299112,755,251344,76,16445,695,46095,1238,267673,767,313768,California
Sonoma,2021-06-02,1589,568490,973,300085,500,251844,116,16561,660,45945,924,268597,774,314542,California
Sonoma,2021-06-03,2013,570503,1386,301471,546,252390,81,16642,436,44893,1568,270165,516,315058,California
Sonoma,2021-06-04,2711,573214,2208,303679,395,252785,108,16750,512,43323,2188,272353,618,315676,California
Sonoma,2021-06-05,1822,575036,1497,305176,294,253079,31,16781,271,42080,1545,273898,302,315978,California
Sonoma,2021-06-06,1029,576065,951,306127,68,253147,10,16791,144,41352,882,274780,154,316132,California
Sonoma,2021-06-07,1489,577554,1246,307373,188,253335,55,16846,331,40585,1150,275930,383,316515,California
Sonoma,2021-06-08,1902,579456,1526,308899,328,253663,48,16894,532,39805,1358,277288,578,317093,California
Sonoma,2021-06-09,1656,581112,1366,310265,228,253891,62,16956,390,39005,1252,278540,452,317545,California
Sonoma,2021-06-10,1834,582946,1506,311771,224,254115,104,17060,553,38393,1267,279807,655,318200,California
Sonoma,2021-06-11,2001,584947,1631,313402,278,254393,92,17152,547,37585,1447,281254,639,318839,California
Sonoma,2021-06-12,1123,586070,886,314288,191,254584,46,17198,344,37204,772,282026,391,319230,California
Sonoma,2021-06-13,557,586627,467,314755,71,254655,19,17217,104,36876,450,282476,122,319352,California
Sonoma,2021-06-14,951,587578,675,315430,217,254872,59,17276,339,36671,603,283079,398,319750,California
Sonoma,2021-06-15,1845,589423,1381,316811,356,255228,108,17384,598,36140,1236,284315,705,320455,California
Sonoma,2021-06-16,1579,591002,1216,318027,262,255490,101,17485,500,35667,1072,285387,599,321054,California
Sonoma,2021-06-17,1037,592039,786,318813,171,255661,80,17565,409,35532,623,286010,488,321542,California
Sonoma,2021-06-18,1077,593116,772,319585,203,255864,102,17667,451,35466,616,286626,550,322092,California
Sonoma,2021-06-19,835,593951,690,320275,106,255970,39,17706,274,35220,558,287184,312,322404,California
Sonoma,2021-06-20,241,594192,199,320474,36,256006,6,17712,82,35152,156,287340,88,322492,California
Sonoma,2021-06-21,542,594734,308,320782,157,256163,77,17789,254,35209,274,287614,331,322823,California
Sonoma,2021-06-22,1250,595984,988,321770,170,256333,92,17881,582,35217,663,288277,671,323494,California
Sonoma,2021-06-23,1221,597205,942,322712,195,256528,84,17965,475,35037,739,289016,559,324053,California
Sonoma,2021-06-24,951,598156,633,323345,218,256746,100,18065,419,35031,524,289540,518,324571,California
Sonoma,2021-06-25,1190,599346,913,324258,197,256943,80,18145,516,34972,653,290193,594,325165,California
Sonoma,2021-06-26,689,600035,493,324751,115,257058,81,18226,331,35028,355,290548,411,325576,California
Sonoma,2021-06-27,194,600229,159,324910,24,257082,11,18237,101,35048,92,290640,112,325688,California
Sonoma,2021-06-28,711,600940,572,325482,82,257164,57,18294,312,35018,398,291038,368,326056,California
Sonoma,2021-06-29,945,601885,731,326213,164,257328,50,18344,401,34928,541,291579,451,326507,California
Sonoma,2021-06-30,890,602775,688,326901,161,257489,41,18385,386,34857,497,292076,426,326933,California
Sonoma,2021-07-01,963,603738,757,327658,136,257625,70,18455,421,34808,538,292614,489,327422,California
Sonoma,2021-07-02,763,604501,544,328202,169,257794,50,18505,358,34815,401,293015,408,327830,California
Sonoma,2021-07-03,557,605058,458,328660,75,257869,24,18529,227,34738,328,293343,251,328081,California
Sonoma,2021-07-04,23,605081,13,328673,9,257878,1,18530,15,34746,8,293351,16,328097,California
Sonoma,2021-07-05,326,605407,244,328917,59,257937,23,18553,150,34743,175,293526,172,328269,California
Sonoma,2021-07-06,1105,606512,887,329804,150,258087,68,18621,411,34534,686,294212,477,328746,California
Sonoma,2021-07-07,766,607278,585,330389,129,258216,52,18673,310,34445,452,294664,363,329109,California
Sonoma,2021-07-08,634,607912,490,330879,69,258285,75,18748,231,34349,401,295065,305,329414,California
Stanislaus,2020-12-15,5,5,5,5,0,0,0,0,5,5,0,0,5,5,California
Stanislaus,2020-12-16,41,46,41,46,0,0,0,0,41,46,0,0,41,46,California
Stanislaus,2020-12-17,74,120,74,120,0,0,0,0,74,120,0,0,74,120,California
Stanislaus,2020-12-18,343,463,337,457,6,6,0,0,343,463,0,0,343,463,California
Stanislaus,2020-12-19,134,597,134,591,0,6,0,0,134,597,0,0,134,597,California
Stanislaus,2020-12-20,87,684,87,678,0,6,0,0,87,684,0,0,87,684,California
Stanislaus,2020-12-21,1000,1684,999,1677,1,7,0,0,999,1683,1,1,1000,1684,California
Stanislaus,2020-12-22,796,2480,784,2461,12,19,0,0,796,2479,0,1,796,2480,California
Stanislaus,2020-12-23,450,2930,431,2892,19,38,0,0,449,2928,1,2,450,2930,California
Stanislaus,2020-12-24,98,3028,89,2981,9,47,0,0,98,3026,0,2,98,3028,California
Stanislaus,2020-12-26,53,3081,9,2990,44,91,0,0,53,3079,0,2,53,3081,California
Stanislaus,2020-12-27,11,3092,6,2996,5,96,0,0,11,3090,0,2,11,3092,California
Stanislaus,2020-12-28,490,3582,396,3392,94,190,0,0,490,3580,0,2,490,3582,California
Stanislaus,2020-12-29,500,4082,415,3807,85,275,0,0,500,4080,0,2,500,4082,California
Stanislaus,2020-12-30,539,4621,282,4089,257,532,0,0,538,4617,1,3,538,4620,California
Stanislaus,2020-12-31,283,4904,159,4248,124,656,0,0,283,4900,0,3,283,4903,California
Stanislaus,2021-01-01,18,4922,7,4255,11,667,0,0,18,4918,0,3,18,4921,California
Stanislaus,2021-01-02,34,4956,26,4281,8,675,0,0,34,4952,0,3,34,4955,California
Stanislaus,2021-01-03,90,5046,87,4368,3,678,0,0,90,5042,0,3,90,5045,California
Stanislaus,2021-01-04,234,5280,154,4522,80,758,0,0,234,5276,0,3,234,5279,California
Stanislaus,2021-01-05,855,6135,358,4880,497,1255,0,0,827,6086,27,30,837,6116,California
Stanislaus,2021-01-06,1013,7148,607,5487,406,1661,0,0,935,6953,75,105,942,7058,California
Stanislaus,2021-01-07,1086,8234,706,6193,380,2041,0,0,891,7658,190,295,895,7953,California
Stanislaus,2021-01-08,1304,9538,741,6934,563,2604,0,0,952,8269,349,644,960,8913,California
Stanislaus,2021-01-09,290,9828,144,7078,146,2750,0,0,201,8381,89,733,201,9114,California
Stanislaus,2021-01-10,49,9877,22,7100,27,2777,0,0,29,8390,20,753,29,9143,California
Stanislaus,2021-01-11,1512,11389,1227,8327,285,3062,0,0,574,8052,931,1684,593,9736,California
Stanislaus,2021-01-12,1488,12877,872,9199,616,3678,0,0,837,8259,647,2331,854,10590,California
Stanislaus,2021-01-13,1460,14337,692,9891,768,4446,0,0,1127,9071,332,2663,1144,11734,California
Stanislaus,2021-01-14,2282,16619,289,10180,1993,6439,0,0,2081,11047,198,2861,2174,13908,California
Stanislaus,2021-01-15,2864,19483,1175,11355,1689,8128,0,0,2688,13661,171,3032,2785,16693,California
Stanislaus,2021-01-16,474,19957,51,11406,423,8551,0,0,455,14100,18,3050,457,17150,California
Stanislaus,2021-01-17,244,20201,202,11608,42,8593,0,0,237,14331,6,3056,237,17387,California
Stanislaus,2021-01-18,2217,22418,1033,12641,1184,9777,0,0,1812,15830,400,3456,1899,19286,California
Stanislaus,2021-01-19,1274,23692,727,13368,547,10324,0,0,823,16207,447,3903,824,20110,California
Stanislaus,2021-01-20,1037,24729,494,13862,543,10867,0,0,741,16654,294,4197,741,20851,California
Stanislaus,2021-01-21,3744,28473,3004,16866,740,11607,0,0,3380,19808,360,4557,3514,24365,California
Stanislaus,2021-01-22,1120,29593,313,17179,807,12414,0,0,1073,20841,43,4600,1076,25441,California
Stanislaus,2021-01-23,380,29973,44,17223,336,12750,0,0,321,21105,58,4658,322,25763,California
Stanislaus,2021-01-24,315,30288,99,17322,216,12966,0,0,248,21289,67,4725,251,26014,California
Stanislaus,2021-01-25,3205,33493,233,17555,2972,15938,0,0,2847,23988,322,5047,3021,29035,California
Stanislaus,2021-01-26,1755,35248,751,18306,1004,16942,0,0,1304,24871,441,5488,1324,30359,California
Stanislaus,2021-01-27,1938,37186,1070,19376,868,17810,0,0,1218,25423,668,6156,1220,31579,California
Stanislaus,2021-01-28,2239,39425,1529,20905,710,18520,0,0,1731,26729,498,6654,1804,33383,California
Stanislaus,2021-01-29,2489,41914,1217,22122,1272,19792,0,0,1931,28216,503,7157,1990,35373,California
Stanislaus,2021-01-30,298,42212,131,22253,167,19959,0,0,230,28390,56,7213,230,35603,California
Stanislaus,2021-01-31,374,42586,319,22572,55,20014,0,0,357,28733,14,7227,357,35960,California
Stanislaus,2021-02-01,1346,43932,584,23156,762,20776,0,0,978,29359,353,7580,979,36939,California
Stanislaus,2021-02-02,1267,45199,349,23505,918,21694,0,0,824,29756,431,8011,828,37767,California
Stanislaus,2021-02-03,2676,47875,1230,24735,1446,23140,0,0,1967,31036,704,8715,1984,39751,California
Stanislaus,2021-02-04,2138,50013,717,25452,1421,24561,0,0,1611,32143,514,9229,1621,41372,California
Stanislaus,2021-02-05,2894,52907,1486,26938,1408,25969,0,0,1614,32565,1209,10438,1631,43003,California
Stanislaus,2021-02-06,893,53800,302,27240,591,26560,0,0,698,33073,192,10630,700,43703,California
Stanislaus,2021-02-07,234,54034,208,27448,26,26586,0,0,45,32934,185,10815,46,43749,California
Stanislaus,2021-02-08,2092,56126,1359,28807,733,27319,0,0,1134,33184,913,11728,1163,44912,California
Stanislaus,2021-02-09,1877,58003,793,29600,1084,28403,0,0,1067,33481,782,12510,1079,45991,California
Stanislaus,2021-02-10,1991,59994,548,30148,1443,29846,0,0,1050,33622,911,13421,1052,47043,California
Stanislaus,2021-02-11,5465,65459,3293,33441,2172,32018,0,0,1239,30917,3951,17372,1246,48289,California
Stanislaus,2021-02-12,3351,68810,928,34369,2423,34441,0,0,1472,30617,1785,19157,1485,49774,California
Stanislaus,2021-02-13,1387,70197,679,35048,708,35149,0,0,1010,31263,369,19526,1015,50789,California
Stanislaus,2021-02-14,429,70626,171,35219,258,35407,0,0,355,31547,71,19597,355,51144,California
Stanislaus,2021-02-15,1846,72472,237,35456,1609,37016,0,0,588,31004,1136,20733,593,51737,California
Stanislaus,2021-02-16,1383,73855,429,35885,954,37970,0,0,583,30803,786,21519,585,52322,California
Stanislaus,2021-02-17,2805,76660,1721,37606,1084,39054,0,0,1926,31877,870,22389,1944,54266,California
Stanislaus,2021-02-18,3416,80076,1929,39535,1487,40541,0,0,1778,32171,1536,23925,1830,56096,California
Stanislaus,2021-02-19,2835,82911,1116,40651,1719,42260,0,0,1535,32484,1245,25170,1558,57654,California
Stanislaus,2021-02-20,768,83679,388,41039,380,42640,0,0,473,32685,273,25443,474,58128,California
Stanislaus,2021-02-21,916,84595,699,41738,217,42857,0,0,535,32878,355,25798,548,58676,California
Stanislaus,2021-02-22,2391,86986,1715,43453,676,43533,0,0,1633,33776,736,26534,1634,60310,California
Stanislaus,2021-02-23,3769,90755,681,44134,3088,46621,0,0,1723,33654,1856,28390,1734,62044,California
Stanislaus,2021-02-24,4257,95012,2900,47034,1357,47978,0,0,3128,35686,1102,29492,3134,65178,California
Stanislaus,2021-02-25,4004,99016,2754,49788,1250,49228,0,0,3173,38054,809,30301,3177,68355,California
Stanislaus,2021-02-26,4261,103277,1231,51019,3030,52258,0,0,2844,39556,1354,31655,2856,71211,California
Stanislaus,2021-02-27,2105,105382,714,51733,1390,53648,1,1,1868,41220,206,31861,1870,73081,California
Stanislaus,2021-02-28,839,106221,270,52003,569,54217,0,1,781,41956,46,31907,782,73863,California
Stanislaus,2021-03-01,3149,109370,1673,53676,1471,55688,5,6,1668,42212,1428,33335,1684,75547,California
Stanislaus,2021-03-02,2437,111807,1456,55132,980,56668,1,7,1680,43156,739,34074,1683,77230,California
Stanislaus,2021-03-03,3766,115573,2270,57402,1492,58160,4,11,2931,45277,814,34888,2935,80165,California
Stanislaus,2021-03-04,5499,121072,3144,60546,2338,60498,17,28,4220,48275,1234,36122,4232,84397,California
Stanislaus,2021-03-05,4147,125219,1148,61694,2983,63481,16,44,3130,50436,984,37106,3145,87542,California
Stanislaus,2021-03-06,3612,128831,2246,63940,1272,64753,94,138,2749,52424,857,37963,2845,90387,California
Stanislaus,2021-03-07,912,129743,394,64334,441,65194,77,215,680,52955,226,38189,757,91144,California
Stanislaus,2021-03-08,2044,131787,886,65220,1061,66255,97,312,1351,53730,672,38861,1447,92591,California
Stanislaus,2021-03-09,2701,134488,1023,66243,1586,67841,92,404,1646,54431,1041,39902,1742,94333,California
Stanislaus,2021-03-10,5581,140069,2728,68971,2624,70465,229,633,3765,56646,1789,41691,4004,98337,California
Stanislaus,2021-03-11,6203,146272,3380,72351,2342,72807,481,1114,4148,59412,1867,43558,4633,102970,California
Stanislaus,2021-03-12,6326,152598,1379,73730,3018,75825,1929,3043,2940,60925,3350,46908,4863,107833,California
Stanislaus,2021-03-13,3751,156349,2343,76073,1337,77162,71,3114,2836,62931,907,47815,2913,110746,California
Stanislaus,2021-03-14,1004,157353,594,76667,355,77517,55,3169,495,62979,503,48318,551,111297,California
Stanislaus,2021-03-15,3824,161177,1992,78659,1470,78987,362,3531,1653,62928,2071,50389,2020,113317,California
Stanislaus,2021-03-16,5123,166300,2515,81174,2168,81155,440,3971,3675,65618,1422,51811,4112,117429,California
Stanislaus,2021-03-17,4956,171256,2949,84123,1828,82983,179,4150,2986,66857,1930,53741,3169,120598,California
Stanislaus,2021-03-18,5588,176844,3464,87587,2054,85037,70,4220,3051,67600,2381,56122,3124,123722,California
Stanislaus,2021-03-19,6047,182891,1591,89178,2931,87968,1525,5745,3201,69515,2804,58926,4719,128441,California
Stanislaus,2021-03-20,3883,186774,3043,92221,772,88740,68,5813,3383,72490,478,59404,3453,131894,California
Stanislaus,2021-03-21,1024,187798,913,93134,45,88785,66,5879,774,73087,243,59647,840,132734,California
Stanislaus,2021-03-22,3034,190832,1402,94536,905,89690,727,6606,1420,73656,1580,61227,2149,134883,California
Stanislaus,2021-03-23,4150,194982,2119,96655,1771,91461,260,6866,2982,75770,1147,62374,3261,138144,California
Stanislaus,2021-03-24,4733,199715,3298,99953,1356,92817,79,6945,2765,76702,1916,64290,2848,140992,California
Stanislaus,2021-03-25,4433,204148,3011,102964,1406,94223,16,6961,1960,76289,2391,66681,1978,142970,California
Stanislaus,2021-03-26,4955,209103,1422,104386,3459,97682,74,7035,2528,76515,2387,69068,2613,145583,California
Stanislaus,2021-03-27,4452,213555,2777,107163,1591,99273,84,7119,1404,74979,3029,72097,1493,147076,California
Stanislaus,2021-03-28,1123,214678,449,107612,566,99839,108,7227,323,74631,785,72882,437,147513,California
Stanislaus,2021-03-29,3190,217868,1851,109463,1299,101138,40,7267,2166,75831,1012,73894,2212,149725,California
Stanislaus,2021-03-30,3870,221738,2084,111547,1760,102898,26,7293,2392,76790,1465,75359,2424,152149,California
Stanislaus,2021-03-31,5636,227374,3884,115431,1622,104520,130,7423,2932,77176,2680,78039,3066,155215,California
Stanislaus,2021-04-01,5956,233330,3874,119305,1964,106484,118,7541,2749,76876,3175,81214,2875,158090,California
Stanislaus,2021-04-02,5215,238545,1241,120546,3805,110289,169,7710,2379,76697,2735,83949,2556,160646,California
Stanislaus,2021-04-03,4709,243254,3451,123997,1220,111509,38,7748,2257,76562,2439,86388,2304,162950,California
Stanislaus,2021-04-04,1332,244586,478,124475,824,112333,30,7778,650,76574,673,87061,685,163635,California
Stanislaus,2021-04-05,3780,248366,2567,127042,953,113286,260,8038,2450,77969,1319,88380,2714,166349,California
Stanislaus,2021-04-06,5975,254341,4245,131287,1444,114730,286,8324,3220,78741,2736,91116,3508,169857,California
Stanislaus,2021-04-07,6548,260889,3680,134967,2429,117159,439,8763,2902,78467,3622,94738,3348,173205,California
Stanislaus,2021-04-08,5890,266779,3427,138394,2016,119175,447,9210,2903,78866,2953,97691,3352,176557,California
Stanislaus,2021-04-09,5005,271784,2183,140577,2440,121615,382,9592,2286,78849,2688,100379,2671,179228,California
Stanislaus,2021-04-10,6517,278301,4001,144578,876,122491,1640,11232,1996,77985,4494,104873,3630,182858,California
Stanislaus,2021-04-11,1538,279839,861,145439,544,123035,133,11365,666,77916,869,105742,800,183658,California
Stanislaus,2021-04-12,3800,283639,2127,147566,1224,124259,449,11814,1956,78519,1812,107554,2415,186073,California
Stanislaus,2021-04-13,5415,289054,3508,151074,1893,126152,14,11828,2970,79101,2396,109950,2978,189051,California
Stanislaus,2021-04-14,4832,293886,3340,154414,1490,127642,2,11830,2351,79017,2441,112391,2357,191408,California
Stanislaus,2021-04-15,5585,299471,3390,157804,2192,129834,3,11833,3253,79996,2277,114668,3256,194664,California
Stanislaus,2021-04-16,4505,303976,1065,158869,3439,133273,1,11834,1867,79284,2582,117250,1870,196534,California
Stanislaus,2021-04-17,3177,307153,2139,161008,1038,134311,0,11834,1842,79807,1321,118571,1844,198378,California
Stanislaus,2021-04-18,618,307771,298,161306,318,134629,2,11836,433,80067,176,118747,436,198814,California
Stanislaus,2021-04-19,3646,311417,2467,163773,1177,135806,2,11838,1659,79791,1943,120690,1667,200481,California
Stanislaus,2021-04-20,4180,315597,2493,166266,1687,137493,0,11838,1773,79200,2366,123056,1775,202256,California
Stanislaus,2021-04-21,4061,319658,2685,168951,1375,138868,1,11839,1634,78466,2375,125431,1641,203897,California
Stanislaus,2021-04-22,4139,323797,2453,171404,1685,140553,1,11840,1637,77656,2452,127883,1642,205539,California
Stanislaus,2021-04-23,3842,327639,914,172318,2927,143480,1,11841,1567,77057,2173,130056,1574,207113,California
Stanislaus,2021-04-24,3891,331530,2968,175286,923,144403,0,11841,1855,76900,2017,132073,1860,208973,California
Stanislaus,2021-04-25,942,332472,485,175771,457,144860,0,11841,689,77347,246,132319,693,209666,California
Stanislaus,2021-04-26,3668,336140,2442,178213,1220,146080,6,11847,1152,76021,2489,134808,1163,210829,California
Stanislaus,2021-04-27,4308,340448,2890,181103,1370,147450,48,11895,1252,74303,3022,137830,1304,212133,California
Stanislaus,2021-04-28,4609,345057,3165,184268,1382,148832,62,11957,1953,73695,2631,140461,2023,214156,California
Stanislaus,2021-04-29,3984,349041,2443,186711,1493,150325,48,12005,1563,72919,2396,142857,1620,215776,California
Stanislaus,2021-04-30,4829,353870,2153,188864,2592,152917,84,12089,1901,72009,2903,145760,1993,217769,California
Stanislaus,2021-05-01,2735,356605,1936,190800,758,153675,41,12130,1026,71385,1699,147459,1075,218844,California
Stanislaus,2021-05-02,1091,357696,626,191426,426,154101,39,12169,524,71393,561,148020,569,219413,California
Stanislaus,2021-05-03,2581,360277,2003,193429,507,154608,71,12240,979,70861,1586,149606,1054,220467,California
Stanislaus,2021-05-04,3767,364044,2572,196001,1097,155705,98,12338,1177,69567,2575,152181,1281,221748,California
Stanislaus,2021-05-05,3445,367489,2266,198267,1103,156808,76,12414,1198,68619,2225,154406,1277,223025,California
Stanislaus,2021-05-06,3774,371263,2861,201128,789,157597,124,12538,1158,67317,2590,156996,1288,224313,California
Stanislaus,2021-05-07,2595,373858,1040,202168,1393,158990,162,12700,1108,67114,1475,158471,1272,225585,California
Stanislaus,2021-05-08,2022,375880,1406,203574,583,159573,33,12733,751,66654,1251,159722,791,226376,California
Stanislaus,2021-05-09,722,376602,347,203921,349,159922,26,12759,305,66572,414,160136,332,226708,California
Stanislaus,2021-05-10,1815,378417,1152,205073,564,160486,99,12858,491,65852,1312,161448,592,227300,California
Stanislaus,2021-05-11,2530,380947,1576,206649,794,161280,160,13018,752,65000,1769,163217,917,228217,California
Stanislaus,2021-05-12,2410,383357,1370,208019,929,162209,111,13129,936,64589,1460,164677,1049,229266,California
Stanislaus,2021-05-13,2183,385540,1289,209308,774,162983,120,13249,1037,64610,1138,165815,1159,230425,California
Stanislaus,2021-05-14,2791,388331,1261,210569,1392,164375,138,13387,1306,64593,1463,167278,1446,231871,California
Stanislaus,2021-05-15,2496,390827,1779,212348,667,165042,50,13437,1209,64584,1277,168555,1268,233139,California
Stanislaus,2021-05-16,1106,391933,747,213095,351,165393,8,13445,591,64676,511,169066,603,233742,California
Stanislaus,2021-05-17,2062,393995,1392,214487,588,165981,82,13527,996,64700,1060,170126,1084,234826,California
Stanislaus,2021-05-18,2327,396322,1609,216096,603,166584,115,13642,1206,64911,1109,171235,1320,236146,California
Stanislaus,2021-05-19,3163,399485,2172,218268,836,167420,155,13797,1383,64687,1766,173001,1542,237688,California
Stanislaus,2021-05-20,2244,401729,1219,219487,920,168340,105,13902,893,64349,1341,174342,1003,238691,California
Stanislaus,2021-05-21,2499,404228,1222,220709,1179,169519,98,14000,995,63958,1487,175829,1096,239787,California
Stanislaus,2021-05-22,2019,406247,1220,221929,728,170247,71,14071,878,63776,1132,176961,950,240737,California
Stanislaus,2021-05-23,1081,407328,709,222638,356,170603,16,14087,514,63744,562,177523,530,241267,California
Stanislaus,2021-05-24,1830,409158,1272,223910,479,171082,79,14166,726,63454,1101,178624,811,242078,California
Stanislaus,2021-05-25,1814,410972,1239,225149,475,171557,100,14266,861,63471,949,179573,966,243044,California
Stanislaus,2021-05-26,2038,413010,1269,226418,716,172273,53,14319,954,63402,1076,180649,1007,244051,California
Stanislaus,2021-05-27,1790,414800,980,227398,727,173000,83,14402,617,62942,1161,181810,701,244752,California
Stanislaus,2021-05-28,2195,416995,1037,228435,1071,174071,87,14489,943,62727,1245,183055,1030,245782,California
Stanislaus,2021-05-29,1321,418316,851,229286,428,174499,42,14531,591,62636,726,183781,635,246417,California
Stanislaus,2021-05-30,456,418772,274,229560,148,174647,34,14565,209,62637,242,184023,243,246660,California
Stanislaus,2021-05-31,259,419031,122,229682,130,174777,7,14572,97,62579,162,184185,104,246764,California
Stanislaus,2021-06-01,1690,420721,1054,230736,580,175357,56,14628,635,62224,1049,185234,694,247458,California
Stanislaus,2021-06-02,1812,422533,1150,231886,591,175948,71,14699,745,61989,1054,186288,819,248277,California
Stanislaus,2021-06-03,1396,423929,828,232714,520,176468,48,14747,514,61683,870,187158,564,248841,California
Stanislaus,2021-06-04,1919,425848,1150,233864,700,177168,69,14816,725,61294,1187,188345,798,249639,California
Stanislaus,2021-06-05,1571,427419,1221,235085,307,177475,43,14859,516,60803,1050,189395,559,250198,California
Stanislaus,2021-06-06,511,427930,419,235504,83,177558,9,14868,186,60675,324,189719,196,250394,California
Stanislaus,2021-06-07,1611,429541,1234,236738,332,177890,45,14913,602,60321,1000,190719,646,251040,California
Stanislaus,2021-06-08,1919,431460,1443,238181,398,178288,78,14991,677,59843,1233,191952,755,251795,California
Stanislaus,2021-06-09,1859,433319,1313,239494,464,178752,82,15073,634,59339,1221,193173,717,252512,California
Stanislaus,2021-06-10,1477,434796,937,240431,476,179228,64,15137,604,59143,866,194039,670,253182,California
Stanislaus,2021-06-11,1500,436296,906,241337,544,179772,50,15187,551,58811,935,194974,603,253785,California
Stanislaus,2021-06-12,1031,437327,752,242089,253,180025,26,15213,380,58575,645,195619,409,254194,California
Stanislaus,2021-06-13,547,437874,406,242495,135,180160,6,15219,176,58391,368,195987,184,254378,California
Stanislaus,2021-06-14,1358,439232,965,243460,370,180530,23,15242,493,58052,855,196842,516,254894,California
Stanislaus,2021-06-15,1586,440818,1144,244604,396,180926,46,15288,533,57585,1048,197890,581,255475,California
Stanislaus,2021-06-16,1937,442755,1393,245997,480,181406,64,15352,774,57264,1159,199049,838,256313,California
Stanislaus,2021-06-17,1151,443906,731,246728,377,181783,43,15395,539,57243,607,199656,586,256899,California
Stanislaus,2021-06-18,1364,445270,852,247580,429,182212,83,15478,547,57063,812,200468,632,257531,California
Stanislaus,2021-06-19,857,446127,629,248209,184,182396,44,15522,372,56999,481,200949,417,257948,California
Stanislaus,2021-06-20,306,446433,214,248423,86,182482,6,15528,139,56978,166,201115,145,258093,California
Stanislaus,2021-06-21,987,447420,580,249003,280,182762,127,15655,511,57148,470,201585,640,258733,California
Stanislaus,2021-06-22,1211,448631,881,249884,261,183023,69,15724,495,57007,707,202292,566,259299,California
Stanislaus,2021-06-23,1231,449862,815,250699,354,183377,62,15786,522,56883,707,202999,583,259882,California
Stanislaus,2021-06-24,943,450805,629,251328,267,183644,47,15833,478,56949,462,203461,528,260410,California
Stanislaus,2021-06-25,1107,451912,716,252044,329,183973,62,15895,469,56845,633,204094,529,260939,California
Stanislaus,2021-06-26,607,452519,460,252504,123,184096,24,15919,279,56823,326,204420,304,261243,California
Stanislaus,2021-06-27,393,452912,298,252802,85,184181,10,15929,201,56843,191,204611,211,261454,California
Stanislaus,2021-06-28,971,453883,769,253571,161,184342,41,15970,429,56773,540,205151,470,261924,California
Stanislaus,2021-06-29,880,454763,687,254258,150,184492,43,16013,357,56655,518,205669,400,262324,California
Stanislaus,2021-06-30,933,455696,637,254895,265,184757,31,16044,428,56617,499,206168,461,262785,California
Stanislaus,2021-07-01,901,456597,563,255458,301,185058,37,16081,407,56576,485,206653,444,263229,California
Stanislaus,2021-07-02,735,457332,419,255877,283,185341,33,16114,366,56612,362,207015,398,263627,California
Stanislaus,2021-07-03,394,457726,295,256172,89,185430,10,16124,207,56643,187,207202,218,263845,California
Stanislaus,2021-07-04,61,457787,29,256201,26,185456,6,16130,19,56627,41,207243,25,263870,California
Stanislaus,2021-07-05,544,458331,400,256601,141,185597,3,16133,264,56615,279,207522,267,264137,California
Stanislaus,2021-07-06,810,459141,577,257178,191,185788,42,16175,368,56586,438,207960,409,264546,California
Stanislaus,2021-07-07,908,460049,592,257770,267,186055,49,16224,358,56450,547,208507,411,264957,California
Stanislaus,2021-07-08,469,460518,223,257993,201,186256,45,16269,223,56475,243,208750,268,265225,California
Sutter,2020-12-15,1,1,1,1,0,0,0,0,1,1,0,0,1,1,California
Sutter,2020-12-16,4,5,4,5,0,0,0,0,4,5,0,0,4,5,California
Sutter,2020-12-17,3,8,3,8,0,0,0,0,3,8,0,0,3,8,California
Sutter,2020-12-18,21,29,21,29,0,0,0,0,21,29,0,0,21,29,California
Sutter,2020-12-19,45,74,45,74,0,0,0,0,45,74,0,0,45,74,California
Sutter,2020-12-20,43,117,43,117,0,0,0,0,43,117,0,0,43,117,California
Sutter,2020-12-21,99,216,99,216,0,0,0,0,99,216,0,0,99,216,California
Sutter,2020-12-22,172,388,172,388,0,0,0,0,172,388,0,0,172,388,California
Sutter,2020-12-23,115,503,110,498,5,5,0,0,115,503,0,0,115,503,California
Sutter,2020-12-24,17,520,11,509,6,11,0,0,17,520,0,0,17,520,California
Sutter,2020-12-26,38,558,34,543,4,15,0,0,38,558,0,0,38,558,California
Sutter,2020-12-27,24,582,23,566,1,16,0,0,24,582,0,0,24,582,California
Sutter,2020-12-28,84,666,56,622,28,44,0,0,84,666,0,0,84,666,California
Sutter,2020-12-29,101,767,14,636,87,131,0,0,101,767,0,0,101,767,California
Sutter,2020-12-30,136,903,33,669,103,234,0,0,136,903,0,0,136,903,California
Sutter,2020-12-31,70,973,6,675,64,298,0,0,70,973,0,0,70,973,California
Sutter,2021-01-01,3,976,3,678,0,298,0,0,3,976,0,0,3,976,California
Sutter,2021-01-02,134,1110,132,810,2,300,0,0,134,1110,0,0,134,1110,California
Sutter,2021-01-03,1,1111,0,810,1,301,0,0,1,1111,0,0,1,1111,California
Sutter,2021-01-04,246,1357,137,947,109,410,0,0,246,1357,0,0,246,1357,California
Sutter,2021-01-05,99,1456,56,1003,43,453,0,0,96,1450,3,3,96,1453,California
Sutter,2021-01-06,204,1660,50,1053,154,607,0,0,199,1644,5,8,199,1652,California
Sutter,2021-01-07,251,1911,153,1206,98,705,0,0,241,1876,9,17,241,1893,California
Sutter,2021-01-08,150,2061,40,1246,110,815,0,0,133,1992,17,34,133,2026,California
Sutter,2021-01-09,46,2107,43,1289,3,818,0,0,5,1956,41,75,5,2031,California
Sutter,2021-01-10,394,2501,37,1326,357,1175,0,0,356,2275,37,112,356,2387,California
Sutter,2021-01-11,132,2633,115,1441,17,1192,0,0,25,2193,107,219,25,2412,California
Sutter,2021-01-12,201,2834,165,1606,36,1228,0,0,57,2106,144,363,57,2469,California
Sutter,2021-01-13,163,2997,99,1705,64,1292,0,0,73,2090,89,452,73,2542,California
Sutter,2021-01-14,148,3145,52,1757,96,1388,0,0,128,2198,20,472,128,2670,California
Sutter,2021-01-15,435,3580,130,1887,305,1693,0,0,421,2605,14,486,421,3091,California
Sutter,2021-01-16,385,3965,41,1928,344,2037,0,0,354,2929,30,516,354,3445,California
Sutter,2021-01-17,26,3991,24,1952,2,2039,0,0,10,2923,16,532,10,3455,California
Sutter,2021-01-18,117,4108,62,2014,55,2094,0,0,69,2944,48,580,69,3524,California
Sutter,2021-01-19,109,4217,43,2057,66,2160,0,0,84,3003,25,605,84,3608,California
Sutter,2021-01-20,274,4491,209,2266,65,2225,0,0,252,3233,22,627,252,3860,California
Sutter,2021-01-21,524,5015,353,2619,171,2396,0,0,506,3721,18,645,506,4366,California
Sutter,2021-01-22,239,5254,51,2670,188,2584,0,0,230,3942,9,654,230,4596,California
Sutter,2021-01-23,398,5652,39,2709,359,2943,0,0,372,4288,26,680,372,4968,California
Sutter,2021-01-24,17,5669,15,2724,2,2945,0,0,15,4301,2,682,15,4983,California
Sutter,2021-01-25,305,5974,195,2919,110,3055,0,0,149,4296,155,837,150,5133,California
Sutter,2021-01-26,252,6226,110,3029,142,3197,0,0,145,4335,106,943,145,5278,California
Sutter,2021-01-27,389,6615,257,3286,132,3329,0,0,320,4586,69,1012,320,5598,California
Sutter,2021-01-28,586,7201,361,3647,225,3554,0,0,411,4824,173,1185,411,6009,California
Sutter,2021-01-29,365,7566,88,3735,277,3831,0,0,243,4945,122,1307,243,6252,California
Sutter,2021-01-30,776,8342,38,3773,738,4569,0,0,765,5699,11,1318,765,7017,California
Sutter,2021-01-31,28,8370,27,3800,1,4570,0,0,28,5727,0,1318,28,7045,California
Sutter,2021-02-01,173,8543,53,3853,120,4690,0,0,140,5835,32,1350,140,7185,California
Sutter,2021-02-02,248,8791,28,3881,220,4910,0,0,214,6015,34,1384,214,7399,California
Sutter,2021-02-03,447,9238,39,3920,408,5318,0,0,210,5989,236,1620,210,7609,California
Sutter,2021-02-04,670,9908,365,4285,305,5623,0,0,619,6558,50,1670,619,8228,California
Sutter,2021-02-05,289,10197,33,4318,256,5879,0,0,135,6539,154,1824,135,8363,California
Sutter,2021-02-06,734,10931,28,4346,706,6585,0,0,712,7229,22,1846,712,9075,California
Sutter,2021-02-07,25,10956,21,4367,4,6589,0,0,21,7246,4,1850,21,9096,California
Sutter,2021-02-08,136,11092,31,4398,105,6694,0,0,98,7306,38,1888,98,9194,California
Sutter,2021-02-09,249,11341,46,4444,203,6897,0,0,188,7433,61,1949,188,9382,California
Sutter,2021-02-10,823,12164,385,4829,438,7335,0,0,180,6971,642,2591,180,9562,California
Sutter,2021-02-11,608,12772,275,5104,333,7668,0,0,316,6995,292,2883,316,9878,California
Sutter,2021-02-12,637,13409,69,5173,568,8236,0,0,312,6983,324,3207,312,10190,California
Sutter,2021-02-13,904,14313,48,5221,856,9092,0,0,785,7649,119,3326,785,10975,California
Sutter,2021-02-14,90,14403,25,5246,65,9157,0,0,79,7717,11,3337,79,11054,California
Sutter,2021-02-15,201,14604,72,5318,129,9286,0,0,122,7760,79,3416,122,11176,California
Sutter,2021-02-16,290,14894,44,5362,246,9532,0,0,204,7880,84,3500,204,11380,California
Sutter,2021-02-17,837,15731,436,5798,401,9933,0,0,135,7314,701,4201,135,11515,California
Sutter,2021-02-18,719,16450,59,5857,660,10593,0,0,502,7601,215,4416,502,12017,California
Sutter,2021-02-19,669,17119,378,6235,291,10884,0,0,464,7863,202,4618,464,12481,California
Sutter,2021-02-20,627,17746,56,6291,571,11455,0,0,518,8273,108,4726,518,12999,California
Sutter,2021-02-21,29,17775,28,6319,1,11456,0,0,7,8258,22,4748,7,13006,California
Sutter,2021-02-22,216,17991,126,6445,90,11546,0,0,86,8215,129,4877,86,13092,California
Sutter,2021-02-23,244,18235,36,6481,208,11754,0,0,107,8187,135,5012,107,13199,California
Sutter,2021-02-24,1022,19257,374,6855,648,12402,0,0,199,7565,821,5833,199,13398,California
Sutter,2021-02-25,850,20107,535,7390,315,12717,0,0,647,8013,199,6032,647,14045,California
Sutter,2021-02-26,396,20503,61,7451,335,13052,0,0,166,7952,227,6259,166,14211,California
Sutter,2021-02-27,868,21371,47,7498,821,13873,0,0,712,8506,158,6417,712,14923,California
Sutter,2021-02-28,89,21460,43,7541,46,13919,0,0,68,8554,20,6437,68,14991,California
Sutter,2021-03-01,251,21711,62,7603,189,14108,0,0,150,8603,101,6538,150,15141,California
Sutter,2021-03-02,342,22053,59,7662,283,14391,0,0,164,8592,175,6713,164,15305,California
Sutter,2021-03-03,1401,23454,531,8193,870,15261,0,0,660,8519,733,7446,660,15965,California
Sutter,2021-03-04,1258,24712,864,9057,394,15655,0,0,947,9159,307,7753,947,16912,California
Sutter,2021-03-05,341,25053,80,9137,260,15915,1,1,208,9235,133,7886,209,17121,California
Sutter,2021-03-06,1028,26081,46,9183,977,16892,5,6,859,9932,167,8053,864,17985,California
Sutter,2021-03-07,69,26150,23,9206,45,16937,1,7,46,9957,22,8075,47,18032,California
Sutter,2021-03-08,235,26385,81,9287,142,17079,12,19,164,10062,71,8146,176,18208,California
Sutter,2021-03-09,394,26779,138,9425,244,17323,12,31,188,10056,206,8352,200,18408,California
Sutter,2021-03-10,1574,28353,678,10103,835,18158,61,92,525,9601,1041,9393,586,18994,California
Sutter,2021-03-11,903,29256,439,10542,445,18603,19,111,652,10025,247,9640,671,19665,California
Sutter,2021-03-12,680,29936,111,10653,389,18992,180,291,203,9932,473,10113,380,20045,California
Sutter,2021-03-13,991,30927,750,11403,222,19214,19,310,779,10520,209,10322,797,20842,California
Sutter,2021-03-14,132,31059,22,11425,99,19313,11,321,45,10489,87,10409,56,20898,California
Sutter,2021-03-15,326,31385,67,11492,210,19523,49,370,155,10524,169,10578,204,21102,California
Sutter,2021-03-16,391,31776,86,11578,258,19781,47,417,212,10603,179,10757,258,21360,California
Sutter,2021-03-17,1499,33275,563,12141,914,20695,22,439,276,9692,1208,11965,297,21657,California
Sutter,2021-03-18,977,34252,183,12324,590,21285,204,643,567,10057,404,12369,769,22426,California
Sutter,2021-03-19,463,34715,166,12490,268,21553,29,672,280,10185,181,12550,309,22735,California
Sutter,2021-03-20,950,35665,118,12608,821,22374,11,683,857,10962,91,12641,868,23603,California
Sutter,2021-03-21,68,35733,47,12655,18,22392,3,686,33,10963,35,12676,36,23639,California
Sutter,2021-03-22,290,36023,120,12775,144,22536,26,712,210,11122,77,12753,236,23875,California
Sutter,2021-03-23,378,36401,114,12889,231,22767,33,745,246,11270,130,12883,278,24153,California
Sutter,2021-03-24,1684,38085,773,13662,842,23609,69,814,309,10290,1358,14241,378,24531,California
Sutter,2021-03-25,1044,39129,680,14342,321,23930,43,857,360,10014,679,14920,403,24934,California
Sutter,2021-03-26,498,39627,176,14518,305,24235,17,874,287,10114,204,15124,304,25238,California
Sutter,2021-03-27,928,40555,63,14581,863,25098,2,876,810,10813,113,15237,812,26050,California
Sutter,2021-03-28,125,40680,72,14653,53,25151,0,876,77,10844,46,15283,77,26127,California
Sutter,2021-03-29,426,41106,142,14795,228,25379,56,932,221,10918,203,15486,277,26404,California
Sutter,2021-03-30,481,41587,160,14955,311,25690,10,942,317,11082,163,15649,327,26731,California
Sutter,2021-03-31,1256,42843,177,15132,1063,26753,16,958,441,10736,802,16451,456,27187,California
Sutter,2021-04-01,1385,44228,740,15872,460,27213,185,1143,428,10402,946,17397,612,27799,California
Sutter,2021-04-02,516,44744,101,15973,297,27510,118,1261,202,10408,310,17707,316,28115,California
Sutter,2021-04-03,913,45657,78,16051,213,27723,622,1883,122,10366,785,18492,743,28858,California
Sutter,2021-04-04,118,45775,22,16073,90,27813,6,1889,54,10363,63,18555,60,28918,California
Sutter,2021-04-05,371,46146,143,16216,191,28004,37,1926,171,10374,197,18752,208,29126,California
Sutter,2021-04-06,510,46656,198,16414,256,28260,56,1982,269,10460,239,18991,325,29451,California
Sutter,2021-04-07,1481,48137,886,17300,520,28780,75,2057,601,10269,867,19858,676,30127,California
Sutter,2021-04-08,1061,49198,584,17884,362,29142,115,2172,572,10471,482,20340,684,30811,California
Sutter,2021-04-09,571,49769,250,18134,256,29398,65,2237,236,10442,330,20670,301,31112,California
Sutter,2021-04-10,829,50598,111,18245,88,29486,630,2867,111,10460,713,21383,731,31843,California
Sutter,2021-04-11,121,50719,34,18279,40,29526,47,2914,38,10461,82,21465,83,31926,California
Sutter,2021-04-12,343,51062,94,18373,195,29721,54,2968,135,10443,207,21672,189,32115,California
Sutter,2021-04-13,430,51492,125,18498,305,30026,0,2968,211,10437,217,21889,211,32326,California
Sutter,2021-04-14,1327,52819,162,18660,1164,31190,1,2969,224,9568,1094,22983,225,32551,California
Sutter,2021-04-15,541,53360,174,18834,367,31557,0,2969,217,9465,320,23303,217,32768,California
Sutter,2021-04-16,408,53768,129,18963,279,31836,0,2969,189,9437,217,23520,189,32957,California
Sutter,2021-04-17,580,54348,83,19046,497,32333,0,2969,508,9874,71,23591,508,33465,California
Sutter,2021-04-18,92,54440,33,19079,59,32392,0,2969,58,9900,32,23623,58,33523,California
Sutter,2021-04-19,295,54735,113,19192,182,32574,0,2969,122,9852,170,23793,122,33645,California
Sutter,2021-04-20,466,55201,182,19374,284,32858,0,2969,224,9837,239,24032,224,33869,California
Sutter,2021-04-21,1312,56513,502,19876,810,33668,0,2969,514,9567,784,24816,514,34383,California
Sutter,2021-04-22,530,57043,195,20071,335,34003,0,2969,259,9558,268,25084,259,34642,California
Sutter,2021-04-23,438,57481,154,20225,284,34287,0,2969,200,9524,234,25318,200,34842,California
Sutter,2021-04-24,325,57806,106,20331,218,34505,1,2970,184,9568,140,25458,184,35026,California
Sutter,2021-04-25,158,57964,75,20406,83,34588,0,2970,86,9584,70,25528,86,35112,California
Sutter,2021-04-26,322,58286,107,20513,213,34801,2,2972,136,9538,184,25712,138,35250,California
Sutter,2021-04-27,557,58843,284,20797,269,35070,4,2976,255,9499,298,26010,259,35509,California
Sutter,2021-04-28,860,59703,386,21183,466,35536,8,2984,284,9222,569,26579,292,35801,California
Sutter,2021-04-29,806,60509,166,21349,639,36175,1,2985,325,9073,475,27054,326,36127,California
Sutter,2021-04-30,394,60903,143,21492,238,36413,13,2998,173,9041,217,27271,185,36312,California
Sutter,2021-05-01,301,61204,109,21601,151,36564,41,3039,130,9044,168,27439,171,36483,California
Sutter,2021-05-02,80,61284,53,21654,25,36589,2,3041,45,9056,35,27474,47,36530,California
Sutter,2021-05-03,217,61501,109,21763,99,36688,9,3050,89,9026,128,27602,98,36628,California
Sutter,2021-05-04,558,62059,254,22017,240,36928,64,3114,228,8991,326,27928,291,36919,California
Sutter,2021-05-05,565,62624,174,22191,383,37311,8,3122,165,8770,394,28322,173,37092,California
Sutter,2021-05-06,438,63062,234,22425,183,37494,21,3143,198,8749,239,28561,218,37310,California
Sutter,2021-05-07,426,63488,160,22585,244,37738,22,3165,162,8675,258,28819,184,37494,California
Sutter,2021-05-08,241,63729,95,22680,140,37878,6,3171,115,8670,126,28945,121,37615,California
Sutter,2021-05-09,107,63836,79,22759,23,37901,5,3176,62,8692,45,28990,67,37682,California
Sutter,2021-05-10,192,64028,44,22803,130,38031,18,3194,50,8619,141,29131,68,37750,California
Sutter,2021-05-11,473,64501,238,23041,214,38245,21,3215,192,8554,276,29407,211,37961,California
Sutter,2021-05-12,466,64967,262,23303,193,38438,11,3226,157,8417,305,29712,168,38129,California
Sutter,2021-05-13,490,65457,262,23565,206,38644,22,3248,189,8328,300,30012,211,38340,California
Sutter,2021-05-14,443,65900,189,23754,238,38882,16,3264,205,8316,233,30245,221,38561,California
Sutter,2021-05-15,848,66748,316,24070,501,39383,31,3295,309,8119,537,30782,340,38901,California
Sutter,2021-05-16,173,66921,118,24188,47,39430,8,3303,93,8141,79,30861,101,39002,California
Sutter,2021-05-17,290,67211,116,24304,160,39590,14,3317,148,8164,139,31000,162,39164,California
Sutter,2021-05-18,553,67764,313,24617,236,39826,4,3321,300,8219,249,31249,304,39468,California
Sutter,2021-05-19,463,68227,264,24881,192,40018,7,3328,223,8212,237,31486,230,39698,California
Sutter,2021-05-20,460,68687,238,25119,210,40228,12,3340,214,8196,242,31728,226,39924,California
Sutter,2021-05-21,488,69175,220,25339,256,40484,12,3352,211,8143,275,32003,222,40146,California
Sutter,2021-05-22,372,69547,207,25546,162,40646,3,3355,186,8150,181,32184,188,40334,California
Sutter,2021-05-23,191,69738,95,25641,87,40733,9,3364,92,8158,93,32277,101,40435,California
Sutter,2021-05-24,240,69978,91,25732,126,40859,23,3387,96,8136,141,32418,119,40554,California
Sutter,2021-05-25,399,70377,196,25928,191,41050,12,3399,165,8084,229,32647,177,40731,California
Sutter,2021-05-26,322,70699,157,26085,156,41206,9,3408,112,7999,206,32853,121,40852,California
Sutter,2021-05-27,434,71133,117,26202,298,41504,19,3427,121,7831,308,33161,140,40992,California
Sutter,2021-05-28,340,71473,165,26367,158,41662,17,3444,168,7851,165,33326,185,41177,California
Sutter,2021-05-29,255,71728,121,26488,119,41781,15,3459,132,7880,118,33444,147,41324,California
Sutter,2021-05-30,84,71812,61,26549,20,41801,3,3462,39,7879,43,33487,42,41366,California
Sutter,2021-05-31,21,71833,3,26552,14,41815,4,3466,7,7876,14,33501,11,41377,California
Sutter,2021-06-01,311,72144,134,26686,169,41984,8,3474,114,7803,195,33696,122,41499,California
Sutter,2021-06-02,283,72427,120,26806,157,42141,6,3480,97,7726,180,33876,103,41602,California
Sutter,2021-06-03,343,72770,224,27030,109,42250,10,3490,116,7631,221,34097,126,41728,California
Sutter,2021-06-04,342,73112,198,27228,137,42387,7,3497,119,7539,218,34315,126,41854,California
Sutter,2021-06-05,439,73551,369,27597,66,42453,4,3501,153,7415,281,34596,157,42011,California
Sutter,2021-06-06,134,73685,115,27712,16,42469,3,3504,44,7374,88,34684,47,42058,California
Sutter,2021-06-07,165,73850,107,27819,49,42518,9,3513,58,7335,106,34790,67,42125,California
Sutter,2021-06-08,366,74216,206,28025,148,42666,12,3525,158,7296,209,34999,170,42295,California
Sutter,2021-06-09,369,74585,235,28260,129,42795,5,3530,128,7191,238,35237,133,42428,California
Sutter,2021-06-10,386,74971,277,28537,99,42894,10,3540,152,7123,230,35467,162,42590,California
Sutter,2021-06-11,338,75309,216,28753,116,43010,6,3546,114,7023,219,35686,119,42709,California
Sutter,2021-06-12,246,75555,172,28925,59,43069,15,3561,71,6934,175,35861,86,42795,California
Sutter,2021-06-13,83,75638,65,28990,17,43086,1,3562,22,6897,60,35921,23,42818,California
Sutter,2021-06-14,188,75826,110,29100,67,43153,11,3573,73,6867,114,36035,84,42902,California
Sutter,2021-06-15,285,76111,154,29254,118,43271,13,3586,101,6799,182,36217,114,43016,California
Sutter,2021-06-16,221,76332,142,29396,70,43341,9,3595,107,6801,114,36331,116,43132,California
Sutter,2021-06-17,283,76615,173,29569,104,43445,6,3601,123,6772,158,36489,129,43261,California
Sutter,2021-06-18,266,76881,171,29740,80,43525,15,3616,94,6712,169,36658,109,43370,California
Sutter,2021-06-19,208,77089,139,29879,65,43590,4,3620,59,6628,147,36805,63,43433,California
Sutter,2021-06-20,70,77159,49,29928,19,43609,2,3622,31,6622,39,36844,33,43466,California
Sutter,2021-06-21,113,77272,54,29982,47,43656,12,3634,51,6625,60,36904,63,43529,California
Sutter,2021-06-22,222,77494,128,30110,91,43747,3,3637,86,6580,134,37038,89,43618,California
Sutter,2021-06-23,185,77679,108,30218,69,43816,8,3645,77,6556,108,37146,84,43702,California
Sutter,2021-06-24,239,77918,161,30379,67,43883,11,3656,103,6534,136,37282,114,43816,California
Sutter,2021-06-25,225,78143,146,30525,73,43956,6,3662,89,6497,132,37414,95,43911,California
Sutter,2021-06-26,220,78363,178,30703,36,43992,6,3668,76,6438,142,37556,83,43994,California
Sutter,2021-06-27,78,78441,65,30768,12,44004,1,3669,28,6418,49,37605,29,44023,California
Sutter,2021-06-28,121,78562,75,30843,40,44044,6,3675,61,6426,59,37664,67,44090,California
Sutter,2021-06-29,235,78797,155,30998,70,44114,10,3685,84,6371,149,37813,94,44184,California
Sutter,2021-06-30,177,78974,112,31110,56,44170,9,3694,72,6351,101,37914,81,44265,California
Sutter,2021-07-01,206,79180,174,31284,25,44195,7,3701,76,6304,129,38043,82,44347,California
Sutter,2021-07-02,196,79376,130,31414,54,44249,12,3713,93,6313,96,38139,105,44452,California
Sutter,2021-07-03,115,79491,88,31502,24,44273,3,3716,40,6287,69,38208,43,44495,California
Sutter,2021-07-04,6,79497,3,31505,3,44276,0,3716,2,6286,3,38211,2,44497,California
Sutter,2021-07-05,87,79584,58,31563,19,44295,10,3726,40,6289,46,38257,49,44546,California
Sutter,2021-07-06,228,79812,136,31699,71,44366,21,3747,77,6238,149,38406,98,44644,California
Sutter,2021-07-07,190,80002,108,31807,75,44441,7,3754,64,6185,124,38530,71,44715,California
Sutter,2021-07-08,123,80125,73,31880,45,44486,5,3759,38,6144,84,38614,43,44758,California
Tehama,2020-12-15,1,1,1,1,0,0,0,0,1,1,0,0,1,1,California
Tehama,2020-12-16,2,3,2,3,0,0,0,0,2,3,0,0,2,3,California
Tehama,2020-12-17,12,15,12,15,0,0,0,0,12,15,0,0,12,15,California
Tehama,2020-12-18,2,17,2,17,0,0,0,0,3,18,0,0,3,18,California
Tehama,2020-12-21,33,50,33,50,0,0,0,0,33,51,0,0,33,51,California
Tehama,2020-12-22,70,120,64,114,6,6,0,0,70,121,0,0,70,121,California
Tehama,2020-12-23,48,168,40,154,8,14,0,0,48,169,0,0,48,169,California
Tehama,2020-12-24,5,173,3,157,2,16,0,0,5,174,0,0,5,174,California
Tehama,2020-12-26,3,176,2,159,1,17,0,0,3,177,0,0,3,177,California
Tehama,2020-12-27,2,178,2,161,0,17,0,0,2,179,0,0,2,179,California
Tehama,2020-12-28,56,234,43,204,13,30,0,0,56,235,0,0,56,235,California
Tehama,2020-12-29,31,265,31,235,0,30,0,0,31,266,0,0,31,266,California
Tehama,2020-12-30,55,320,39,274,16,46,0,0,54,320,0,0,54,320,California
Tehama,2020-12-31,14,334,4,278,10,56,0,0,14,334,0,0,14,334,California
Tehama,2021-01-01,3,337,0,278,3,59,0,0,3,337,0,0,3,337,California
Tehama,2021-01-04,32,369,9,287,23,82,0,0,32,369,0,0,32,369,California
Tehama,2021-01-05,70,439,43,330,27,109,0,0,67,433,3,3,67,436,California
Tehama,2021-01-06,72,511,21,351,51,160,0,0,63,488,8,11,63,499,California
Tehama,2021-01-07,57,568,7,358,50,210,0,0,56,543,1,12,56,555,California
Tehama,2021-01-08,34,602,25,383,9,219,0,0,29,567,5,17,29,584,California
Tehama,2021-01-09,7,609,5,388,2,221,0,0,5,570,2,19,5,589,California
Tehama,2021-01-10,1,610,0,388,1,222,0,0,1,571,0,19,1,590,California
Tehama,2021-01-11,49,659,47,435,2,224,0,0,15,552,34,53,15,605,California
Tehama,2021-01-12,132,791,112,547,20,244,0,0,86,592,46,99,86,691,California
Tehama,2021-01-13,73,864,55,602,18,262,0,0,27,573,46,145,27,718,California
Tehama,2021-01-14,224,1088,51,653,173,435,0,0,222,793,2,147,222,940,California
Tehama,2021-01-15,250,1338,75,728,175,610,0,0,246,1035,4,151,246,1186,California
Tehama,2021-01-16,264,1602,19,747,245,855,0,0,261,1293,3,154,261,1447,California
Tehama,2021-01-17,7,1609,3,750,4,859,0,0,4,1294,3,157,4,1451,California
Tehama,2021-01-18,12,1621,7,757,5,864,0,0,7,1296,5,162,7,1458,California
Tehama,2021-01-19,295,1916,68,825,227,1091,0,0,240,1481,55,217,240,1698,California
Tehama,2021-01-20,303,2219,87,912,216,1307,0,0,253,1685,49,266,253,1951,California
Tehama,2021-01-21,214,2433,11,923,203,1510,0,0,204,1879,10,276,204,2155,California
Tehama,2021-01-22,224,2657,21,944,203,1713,0,0,221,2097,3,279,221,2376,California
Tehama,2021-01-23,257,2914,7,951,250,1963,0,0,256,2352,1,280,256,2632,California
Tehama,2021-01-24,2,2916,1,952,1,1964,0,0,2,2354,0,280,2,2634,California
Tehama,2021-01-25,32,2948,15,967,17,1981,0,0,14,2350,18,298,14,2648,California
Tehama,2021-01-26,322,3270,42,1009,280,2261,0,0,285,2598,37,335,285,2933,California
Tehama,2021-01-27,300,3570,21,1030,279,2540,0,0,280,2858,20,355,280,3213,California
Tehama,2021-01-28,343,3913,31,1061,312,2852,0,0,328,3171,15,370,328,3541,California
Tehama,2021-01-29,324,4237,20,1081,304,3156,0,0,306,3459,18,388,306,3847,California
Tehama,2021-01-30,102,4339,2,1083,100,3256,0,0,101,3559,1,389,101,3948,California
Tehama,2021-01-31,1,4340,0,1083,1,3257,0,0,1,3560,0,389,1,3949,California
Tehama,2021-02-01,80,4420,24,1107,56,3313,0,0,37,3554,43,432,37,3986,California
Tehama,2021-02-02,362,4782,65,1172,297,3610,0,0,263,3718,99,531,263,4249,California
Tehama,2021-02-03,411,5193,12,1184,399,4009,0,0,365,4037,46,577,365,4614,California
Tehama,2021-02-04,506,5699,99,1283,407,4416,0,0,424,4380,82,659,425,5039,California
Tehama,2021-02-05,180,5879,74,1357,106,4522,0,0,118,4436,62,721,118,5157,California
Tehama,2021-02-06,29,5908,14,1371,15,4537,0,0,17,4441,12,733,17,5174,California
Tehama,2021-02-07,6,5914,5,1376,1,4538,0,0,2,4440,3,736,2,5176,California
Tehama,2021-02-08,35,5949,13,1389,22,4560,0,0,26,4457,9,745,26,5202,California
Tehama,2021-02-09,78,6027,38,1427,40,4600,0,0,40,4459,38,783,40,5242,California
Tehama,2021-02-10,232,6259,63,1490,169,4769,0,0,156,4539,76,859,156,5398,California
Tehama,2021-02-11,220,6479,15,1505,205,4974,0,0,82,4485,136,995,82,5480,California
Tehama,2021-02-12,362,6841,65,1570,297,5271,0,0,170,4463,192,1187,170,5650,California
Tehama,2021-02-13,385,7226,14,1584,371,5642,0,0,145,4368,240,1427,145,5795,California
Tehama,2021-02-14,38,7264,2,1586,36,5678,0,0,36,4402,2,1429,36,5831,California
Tehama,2021-02-15,53,7317,10,1596,43,5721,0,0,47,4443,6,1435,47,5878,California
Tehama,2021-02-16,249,7566,16,1612,233,5954,0,0,64,4322,185,1620,64,5942,California
Tehama,2021-02-17,284,7850,12,1624,272,6226,0,0,54,4146,230,1850,54,5996,California
Tehama,2021-02-18,371,8221,32,1656,339,6565,0,0,145,4065,226,2076,145,6141,California
Tehama,2021-02-19,215,8436,18,1674,197,6762,0,0,43,3936,172,2248,43,6184,California
Tehama,2021-02-20,271,8707,7,1681,264,7026,0,0,27,3719,244,2492,27,6211,California
Tehama,2021-02-21,2,8709,1,1682,1,7027,0,0,1,3719,1,2493,1,6212,California
Tehama,2021-02-22,40,8749,16,1698,24,7051,0,0,28,3735,12,2505,28,6240,California
Tehama,2021-02-23,74,8823,22,1720,52,7103,0,0,29,3719,45,2550,29,6269,California
Tehama,2021-02-24,304,9127,13,1733,291,7394,0,0,29,3473,275,2825,29,6298,California
Tehama,2021-02-25,385,9512,64,1797,321,7715,0,0,42,3172,343,3168,42,6340,California
Tehama,2021-02-26,462,9974,19,1816,443,8158,0,0,71,2852,391,3559,71,6411,California
Tehama,2021-02-27,296,10270,5,1821,291,8449,0,0,34,2624,262,3821,34,6445,California
Tehama,2021-02-28,23,10293,2,1823,21,8470,0,0,20,2641,3,3824,20,6465,California
Tehama,2021-03-01,67,10360,8,1831,59,8529,0,0,32,2638,35,3859,32,6497,California
Tehama,2021-03-02,157,10517,18,1849,139,8668,0,0,32,2545,125,3984,32,6529,California
Tehama,2021-03-03,169,10686,33,1882,136,8804,0,0,51,2478,118,4102,51,6580,California
Tehama,2021-03-04,666,11352,39,1921,627,9431,0,0,223,2263,438,4540,223,6803,California
Tehama,2021-03-05,405,11757,20,1941,385,9816,0,0,213,2285,191,4731,213,7016,California
Tehama,2021-03-06,307,12064,16,1957,291,10107,0,0,80,2140,226,4957,81,7097,California
Tehama,2021-03-07,6,12070,1,1958,5,10112,0,0,3,2141,2,4959,3,7100,California
Tehama,2021-03-08,58,12128,12,1970,31,10143,15,15,27,2153,30,4989,42,7142,California
Tehama,2021-03-09,366,12494,7,1977,340,10483,19,34,311,2428,55,5044,330,7472,California
Tehama,2021-03-10,356,12850,17,1994,318,10801,21,55,73,2240,282,5326,94,7566,California
Tehama,2021-03-11,496,13346,18,2012,429,11230,49,104,348,2489,148,5474,397,7963,California
Tehama,2021-03-12,307,13653,20,2032,222,11452,65,169,179,2607,127,5601,245,8208,California
Tehama,2021-03-13,49,13702,8,2040,34,11486,7,176,6,2577,43,5644,13,8221,California
Tehama,2021-03-14,53,13755,3,2043,40,11526,10,186,9,2552,44,5688,19,8240,California
Tehama,2021-03-15,155,13910,22,2065,113,11639,20,206,85,2587,70,5758,105,8345,California
Tehama,2021-03-16,419,14329,14,2079,367,12006,38,244,314,2835,104,5862,352,8697,California
Tehama,2021-03-17,434,14763,22,2101,380,12386,32,276,350,3135,82,5944,382,9079,California
Tehama,2021-03-18,486,15249,26,2127,436,12822,24,300,307,3289,177,6121,331,9410,California
Tehama,2021-03-19,318,15567,22,2149,283,13105,13,313,276,3536,42,6163,289,9699,California
Tehama,2021-03-20,41,15608,8,2157,31,13136,2,315,29,3555,12,6175,31,9730,California
Tehama,2021-03-21,12,15620,5,2162,7,13143,0,315,12,3567,0,6175,12,9742,California
Tehama,2021-03-22,92,15712,8,2170,67,13210,17,332,50,3592,42,6217,67,9809,California
Tehama,2021-03-23,87,15799,28,2198,53,13263,6,338,69,3649,18,6235,75,9884,California
Tehama,2021-03-24,85,15884,16,2214,67,13330,2,340,54,3674,31,6266,56,9940,California
Tehama,2021-03-25,540,16424,364,2578,163,13493,13,353,483,4114,56,6322,496,10436,California
Tehama,2021-03-26,514,16938,403,2981,99,13592,12,365,434,4483,77,6399,446,10882,California
Tehama,2021-03-27,452,17390,356,3337,71,13663,25,390,383,4823,68,6467,408,11290,California
Tehama,2021-03-28,31,17421,10,3347,21,13684,0,390,19,4830,12,6479,19,11309,California
Tehama,2021-03-29,127,17548,32,3379,95,13779,0,390,80,4863,47,6526,80,11389,California
Tehama,2021-03-30,373,17921,221,3600,150,13929,2,392,252,4996,121,6647,254,11643,California
Tehama,2021-03-31,401,18322,298,3898,100,14029,3,395,328,5254,72,6719,330,11973,California
Tehama,2021-04-01,529,18851,247,4145,276,14305,6,401,396,5524,132,6851,402,12375,California
Tehama,2021-04-02,458,19309,216,4361,237,14542,5,406,273,5616,185,7036,277,12652,California
Tehama,2021-04-03,63,19372,4,4365,54,14596,5,411,32,5622,31,7067,37,12689,California
Tehama,2021-04-04,34,19406,7,4372,26,14622,1,412,23,5635,11,7078,24,12713,California
Tehama,2021-04-05,118,19524,21,4393,69,14691,28,440,61,5667,57,7135,89,12802,California
Tehama,2021-04-06,493,20017,109,4502,333,15024,51,491,137,5499,356,7491,188,12990,California
Tehama,2021-04-07,417,20434,284,4786,90,15114,43,534,304,5733,112,7603,346,13336,California
Tehama,2021-04-08,608,21042,174,4960,394,15508,40,574,230,5626,377,7980,270,13606,California
Tehama,2021-04-09,432,21474,194,5154,204,15712,34,608,216,5661,215,8195,250,13856,California
Tehama,2021-04-10,79,21553,9,5163,38,15750,32,640,40,5694,39,8234,72,13928,California
Tehama,2021-04-11,33,21586,7,5170,15,15765,11,651,8,5688,25,8259,19,13947,California
Tehama,2021-04-12,113,21699,6,5176,88,15853,19,670,40,5674,73,8332,59,14006,California
Tehama,2021-04-13,390,22089,66,5242,324,16177,0,670,67,5418,323,8655,67,14073,California
Tehama,2021-04-14,408,22497,54,5296,354,16531,0,670,51,5114,355,9010,51,14124,California
Tehama,2021-04-15,519,23016,193,5489,326,16857,0,670,80,4756,438,9448,80,14204,California
Tehama,2021-04-16,598,23614,342,5831,256,17113,0,670,75,4308,523,9971,75,14279,California
Tehama,2021-04-17,349,23963,269,6100,80,17193,0,670,41,4043,307,10278,42,14321,California
Tehama,2021-04-18,17,23980,3,6103,14,17207,0,670,14,4054,3,10281,14,14335,California
Tehama,2021-04-19,98,24078,8,6111,90,17297,0,670,42,4040,56,10337,42,14377,California
Tehama,2021-04-20,528,24606,436,6547,92,17389,0,670,152,3820,374,10711,154,14531,California
Tehama,2021-04-21,512,25118,434,6981,78,17467,0,670,170,3650,340,11051,170,14701,California
Tehama,2021-04-22,527,25645,367,7348,160,17627,0,670,158,3442,366,11417,158,14859,California
Tehama,2021-04-23,455,26100,351,7699,104,17731,0,670,204,3397,250,11667,205,15064,California
Tehama,2021-04-24,104,26204,18,7717,86,17817,0,670,27,3347,77,11744,27,15091,California
Tehama,2021-04-25,29,26233,18,7735,11,17828,0,670,9,3337,19,11763,9,15100,California
Tehama,2021-04-26,86,26319,12,7747,74,17902,0,670,47,3345,39,11802,47,15147,California
Tehama,2021-04-27,257,26576,209,7956,47,17949,1,671,95,3279,162,11964,96,15243,California
Tehama,2021-04-28,404,26980,324,8280,63,18012,17,688,70,3032,334,12298,87,15330,California
Tehama,2021-04-29,359,27339,172,8452,181,18193,6,694,72,2824,286,12584,78,15408,California
Tehama,2021-04-30,327,27666,240,8692,81,18274,6,700,113,2729,214,12798,119,15527,California
Tehama,2021-05-01,74,27740,4,8696,67,18341,3,703,16,2690,58,12856,19,15546,California
Tehama,2021-05-02,44,27784,22,8718,10,18351,12,715,24,2706,20,12876,36,15582,California
Tehama,2021-05-03,120,27904,40,8758,72,18423,8,723,64,2722,56,12932,72,15654,California
Tehama,2021-05-04,165,28069,60,8818,98,18521,7,730,71,2706,94,13026,78,15732,California
Tehama,2021-05-05,97,28166,26,8844,61,18582,10,740,45,2709,52,13078,55,15787,California
Tehama,2021-05-06,169,28335,94,8938,60,18642,15,755,103,2761,66,13144,118,15905,California
Tehama,2021-05-07,178,28513,73,9011,94,18736,11,766,52,2700,124,13268,63,15968,California
Tehama,2021-05-08,50,28563,6,9017,43,18779,1,767,14,2679,36,13304,15,15983,California
Tehama,2021-05-09,17,28580,4,9021,13,18792,0,767,7,2676,10,13314,7,15990,California
Tehama,2021-05-10,80,28660,8,9029,66,18858,6,773,39,2680,40,13354,44,16034,California
Tehama,2021-05-11,176,28836,117,9146,49,18907,10,783,37,2588,139,13493,47,16081,California
Tehama,2021-05-12,213,29049,133,9279,69,18976,11,794,48,2482,165,13658,59,16140,California
Tehama,2021-05-13,249,29298,168,9447,73,19049,8,802,114,2470,134,13792,122,16262,California
Tehama,2021-05-14,248,29546,134,9581,93,19142,21,823,59,2362,188,13980,80,16342,California
Tehama,2021-05-15,225,29771,135,9716,54,19196,36,859,161,2496,63,14043,197,16539,California
Tehama,2021-05-16,27,29798,7,9723,17,19213,3,862,15,2502,12,14055,18,16557,California
Tehama,2021-05-17,113,29911,29,9752,69,19282,15,877,54,2513,58,14113,69,16626,California
Tehama,2021-05-18,152,30063,78,9830,59,19341,15,892,50,2477,101,14214,65,16691,California
Tehama,2021-05-19,127,30190,54,9884,63,19404,10,902,41,2442,86,14300,51,16742,California
Tehama,2021-05-20,335,30525,242,10126,70,19474,23,925,232,2595,102,14402,255,16997,California
Tehama,2021-05-21,223,30748,100,10226,110,19584,13,938,80,2547,141,14543,93,17090,California
Tehama,2021-05-22,66,30814,32,10258,30,19614,4,942,38,2561,28,14571,42,17132,California
Tehama,2021-05-23,50,30864,25,10283,14,19628,11,953,14,2550,36,14607,25,17157,California
Tehama,2021-05-24,99,30963,31,10314,60,19688,8,961,34,2527,65,14672,42,17199,California
Tehama,2021-05-25,76,31039,19,10333,49,19737,8,969,46,2551,29,14701,53,17252,California
Tehama,2021-05-26,79,31118,31,10364,45,19782,3,972,52,2579,27,14728,55,17307,California
Tehama,2021-05-27,156,31274,98,10462,54,19836,4,976,51,2531,103,14831,55,17362,California
Tehama,2021-05-28,136,31410,37,10499,92,19928,7,983,65,2533,70,14901,72,17434,California
Tehama,2021-05-29,53,31463,8,10507,40,19968,5,988,34,2553,19,14920,39,17473,California
Tehama,2021-05-30,15,31478,5,10512,9,19977,1,989,6,2551,9,14929,7,17480,California
Tehama,2021-05-31,18,31496,2,10514,15,19992,1,990,5,2544,13,14942,6,17486,California
Tehama,2021-06-01,100,31596,18,10532,64,20056,18,1008,32,2526,68,15010,50,17536,California
Tehama,2021-06-02,88,31684,30,10562,53,20109,5,1013,32,2507,56,15066,37,17573,California
Tehama,2021-06-03,135,31819,102,10664,22,20131,11,1024,29,2441,106,15172,40,17613,California
Tehama,2021-06-04,147,31966,38,10702,95,20226,14,1038,64,2435,82,15254,76,17689,California
Tehama,2021-06-05,159,32125,129,10831,22,20248,8,1046,32,2349,126,15380,40,17729,California
Tehama,2021-06-06,15,32140,7,10838,2,20250,6,1052,2,2344,12,15392,7,17736,California
Tehama,2021-06-07,70,32210,27,10865,41,20291,2,1054,20,2316,50,15442,22,17758,California
Tehama,2021-06-08,103,32313,34,10899,60,20351,9,1063,37,2297,65,15507,46,17804,California
Tehama,2021-06-09,87,32400,43,10942,42,20393,2,1065,43,2298,44,15551,45,17849,California
Tehama,2021-06-10,267,32667,216,11158,41,20434,10,1075,37,2116,229,15780,47,17896,California
Tehama,2021-06-11,148,32815,66,11224,73,20507,9,1084,54,2088,91,15871,63,17959,California
Tehama,2021-06-12,62,32877,39,11263,23,20530,0,1084,24,2074,38,15909,24,17983,California
Tehama,2021-06-13,22,32899,6,11269,10,20540,6,1090,5,2068,17,15926,11,17994,California
Tehama,2021-06-14,93,32992,16,11285,70,20610,7,1097,27,2036,66,15992,34,18028,California
Tehama,2021-06-15,96,33088,42,11327,39,20649,15,1112,37,2030,58,16050,52,18080,California
Tehama,2021-06-16,92,33180,61,11388,28,20677,3,1115,46,2033,46,16096,49,18129,California
Tehama,2021-06-17,152,33332,108,11496,29,20706,15,1130,87,2071,63,16159,101,18230,California
Tehama,2021-06-18,108,33440,42,11538,52,20758,14,1144,36,2049,72,16231,50,18280,California
Tehama,2021-06-19,40,33480,14,11552,21,20779,5,1149,17,2048,23,16254,22,18302,California
Tehama,2021-06-20,16,33496,5,11557,10,20789,1,1150,6,2045,10,16264,7,18309,California
Tehama,2021-06-21,64,33560,19,11576,37,20826,8,1158,23,2035,41,16305,31,18340,California
Tehama,2021-06-22,81,33641,25,11601,42,20868,14,1172,34,2037,46,16351,48,18388,California
Tehama,2021-06-23,95,33736,54,11655,37,20905,4,1176,46,2038,48,16399,49,18437,California
Tehama,2021-06-24,88,33824,42,11697,38,20943,8,1184,48,2054,40,16439,56,18493,California
Tehama,2021-06-25,138,33962,76,11773,55,20998,7,1191,61,2046,76,16515,68,18561,California
Tehama,2021-06-26,46,34008,23,11796,23,21021,0,1191,22,2044,24,16539,22,18583,California
Tehama,2021-06-27,8,34016,4,11800,3,21024,1,1192,5,2047,3,16542,6,18589,California
Tehama,2021-06-28,42,34058,16,11816,21,21045,5,1197,21,2052,21,16563,26,18615,California
Tehama,2021-06-29,64,34122,23,11839,37,21082,4,1201,33,2059,30,16593,37,18652,California
Tehama,2021-06-30,89,34211,67,11906,20,21102,2,1203,47,2066,42,16635,49,18701,California
Tehama,2021-07-01,61,34272,30,11936,28,21130,3,1206,38,2084,23,16658,41,18742,California
Tehama,2021-07-02,89,34361,47,11983,40,21170,2,1208,36,2069,53,16711,38,18780,California
Tehama,2021-07-03,36,34397,17,12000,17,21187,2,1210,13,2061,23,16734,15,18795,California
Tehama,2021-07-04,5,34402,5,12005,0,21187,0,1210,2,2060,3,16737,2,18797,California
Tehama,2021-07-05,29,34431,14,12019,13,21200,2,1212,13,2059,16,16753,15,18812,California
Tehama,2021-07-06,70,34501,33,12052,31,21231,6,1218,35,2065,35,16788,41,18853,California
Tehama,2021-07-07,86,34587,67,12119,17,21248,2,1220,37,2055,49,16837,39,18892,California
Tehama,2021-07-08,89,34676,70,12189,14,21262,5,1225,16,2003,73,16910,21,18913,California
Trinity,2020-12-17,4,4,4,4,0,0,0,0,4,4,0,0,4,4,California
Trinity,2020-12-18,2,6,2,6,0,0,0,0,2,6,0,0,2,6,California
Trinity,2020-12-21,38,44,38,44,0,0,0,0,38,44,0,0,38,44,California
Trinity,2020-12-22,4,48,4,48,0,0,0,0,4,48,0,0,4,48,California
Trinity,2020-12-23,6,54,5,53,1,1,0,0,6,54,0,0,6,54,California
Trinity,2020-12-28,31,85,31,84,0,1,0,0,31,85,0,0,31,85,California
Trinity,2020-12-29,8,93,7,91,1,2,0,0,8,93,0,0,8,93,California
Trinity,2020-12-30,10,103,8,99,2,4,0,0,10,103,0,0,10,103,California
Trinity,2020-12-31,2,105,1,100,1,5,0,0,2,105,0,0,2,105,California
Trinity,2021-01-04,27,132,0,100,27,32,0,0,26,131,0,0,26,131,California
Trinity,2021-01-05,3,135,1,101,2,34,0,0,3,134,0,0,3,134,California
Trinity,2021-01-06,24,159,4,105,20,54,0,0,20,150,4,4,20,154,California
Trinity,2021-01-08,49,208,2,107,47,101,0,0,48,196,2,6,48,202,California
Trinity,2021-01-11,41,249,38,145,3,104,0,0,4,163,37,43,4,206,California
Trinity,2021-01-12,9,258,6,151,3,107,0,0,4,162,5,48,4,210,California
Trinity,2021-01-13,7,265,4,155,3,110,0,0,4,163,3,51,4,214,California
Trinity,2021-01-14,4,269,1,156,3,113,0,0,4,167,0,51,4,218,California
Trinity,2021-01-15,4,273,0,156,4,117,0,0,4,171,0,51,4,222,California
Trinity,2021-01-16,4,277,0,156,4,121,0,0,4,175,0,51,4,226,California
Trinity,2021-01-18,32,309,32,188,0,121,0,0,1,145,31,82,1,227,California
Trinity,2021-01-19,35,344,14,202,21,142,0,0,21,152,14,96,21,248,California
Trinity,2021-01-20,21,365,4,206,17,159,0,0,18,167,3,99,18,266,California
Trinity,2021-01-21,17,382,7,213,10,169,0,0,17,184,0,99,17,283,California
Trinity,2021-01-22,5,387,1,214,4,173,0,0,5,189,0,99,5,288,California
Trinity,2021-01-23,7,394,3,217,4,177,0,0,7,196,0,99,7,295,California
Trinity,2021-01-25,14,408,1,218,13,190,0,0,13,208,1,100,13,308,California
Trinity,2021-01-26,12,420,1,219,11,201,0,0,11,218,1,101,11,319,California
Trinity,2021-01-27,12,432,0,219,12,213,0,0,12,230,0,101,12,331,California
Trinity,2021-01-28,12,444,2,221,10,223,0,0,9,236,3,104,9,340,California
Trinity,2021-01-29,2,446,0,221,2,225,0,0,1,236,1,105,1,341,California
Trinity,2021-01-30,12,458,11,232,1,226,0,0,12,248,0,105,12,353,California
Trinity,2021-02-01,2,460,1,233,1,227,0,0,1,248,1,106,1,354,California
Trinity,2021-02-02,15,475,3,236,12,239,0,0,14,261,1,107,14,368,California
Trinity,2021-02-03,7,482,1,237,6,245,0,0,4,262,3,110,4,372,California
Trinity,2021-02-04,42,524,32,269,10,255,0,0,35,290,7,117,35,407,California
Trinity,2021-02-05,354,878,0,269,354,609,0,0,323,582,31,148,323,730,California
Trinity,2021-02-06,208,1086,5,274,203,812,0,0,201,776,7,155,201,931,California
Trinity,2021-02-07,1,1087,0,274,1,813,0,0,1,777,0,155,1,932,California
Trinity,2021-02-08,28,1115,1,275,27,840,0,0,16,781,12,167,16,948,California
Trinity,2021-02-09,27,1142,2,277,25,865,0,0,11,776,16,183,11,959,California
Trinity,2021-02-10,121,1263,10,287,111,976,0,0,101,857,20,203,101,1060,California
Trinity,2021-02-11,337,1600,2,289,335,1311,0,0,330,1180,7,210,330,1390,California
Trinity,2021-02-12,18,1618,10,299,8,1319,0,0,14,1190,4,214,14,1404,California
Trinity,2021-02-13,13,1631,6,305,7,1326,0,0,6,1189,7,221,6,1410,California
Trinity,2021-02-14,2,1633,2,307,0,1326,0,0,2,1191,0,221,2,1412,California
Trinity,2021-02-15,46,1679,0,307,46,1372,0,0,46,1237,0,221,46,1458,California
Trinity,2021-02-16,5,1684,1,308,4,1376,0,0,3,1238,2,223,3,1461,California
Trinity,2021-02-17,94,1778,2,310,92,1468,0,0,84,1312,10,233,84,1545,California
Trinity,2021-02-18,4,1782,0,310,4,1472,0,0,1,1310,3,236,1,1546,California
Trinity,2021-02-19,306,2088,1,311,305,1777,0,0,293,1590,13,249,293,1839,California
Trinity,2021-02-20,142,2230,14,325,128,1905,0,0,114,1676,28,277,114,1953,California
Trinity,2021-02-21,1,2231,1,326,0,1905,0,0,1,1677,0,277,1,1954,California
Trinity,2021-02-22,8,2239,0,326,8,1913,0,0,5,1679,3,280,5,1959,California
Trinity,2021-02-23,12,2251,3,329,9,1922,0,0,5,1677,7,287,5,1964,California
Trinity,2021-02-24,30,2281,8,337,22,1944,0,0,7,1661,23,310,7,1971,California
Trinity,2021-02-25,36,2317,23,360,13,1957,0,0,5,1635,31,341,5,1976,California
Trinity,2021-02-26,12,2329,2,362,10,1967,0,0,6,1635,6,347,6,1982,California
Trinity,2021-02-27,12,2341,10,372,2,1969,0,0,6,1635,6,353,6,1988,California
Trinity,2021-03-01,10,2351,0,372,10,1979,0,0,5,1635,5,358,5,1993,California
Trinity,2021-03-02,9,2360,3,375,6,1985,0,0,2,1630,7,365,2,1995,California
Trinity,2021-03-03,4,2364,0,375,4,1989,0,0,3,1632,1,366,3,1998,California
Trinity,2021-03-04,24,2388,19,394,5,1994,0,0,10,1628,14,380,10,2008,California
Trinity,2021-03-05,391,2779,1,395,390,2384,0,0,120,1481,267,647,120,2128,California
Trinity,2021-03-06,200,2979,7,402,193,2577,0,0,26,1333,174,821,26,2154,California
Trinity,2021-03-07,5,2984,3,405,1,2578,1,1,3,1335,2,823,4,2158,California
Trinity,2021-03-08,5,2989,1,406,3,2581,1,2,2,1335,3,826,3,2161,California
Trinity,2021-03-09,94,3083,0,406,92,2673,2,4,88,1419,6,832,90,2251,California
Trinity,2021-03-10,125,3208,3,409,119,2792,3,7,38,1373,87,919,41,2292,California
Trinity,2021-03-11,16,3224,4,413,10,2802,2,9,5,1369,11,930,7,2299,California
Trinity,2021-03-12,397,3621,5,418,386,3188,6,15,97,1172,300,1230,103,2402,California
Trinity,2021-03-13,14,3635,8,426,4,3192,2,17,8,1176,6,1236,10,2412,California
Trinity,2021-03-14,4,3639,1,427,3,3195,0,17,3,1178,1,1237,3,2415,California
Trinity,2021-03-15,66,3705,0,427,65,3260,1,18,14,1141,52,1289,15,2430,California
Trinity,2021-03-16,116,3821,7,434,109,3369,0,18,103,1231,13,1302,103,2533,California
Trinity,2021-03-17,100,3921,3,437,97,3466,0,18,26,1183,74,1376,26,2559,California
Trinity,2021-03-18,11,3932,2,439,6,3472,3,21,5,1185,6,1382,8,2567,California
Trinity,2021-03-19,459,4391,4,443,345,3817,110,131,33,902,426,1808,143,2710,California
Trinity,2021-03-20,106,4497,7,450,99,3916,0,131,68,933,37,1845,68,2778,California
Trinity,2021-03-21,5,4502,0,450,3,3919,2,133,3,936,2,1847,5,2783,California
Trinity,2021-03-22,2,4504,0,450,2,3921,0,133,2,938,0,1847,2,2785,California
Trinity,2021-03-23,95,4599,2,452,93,4014,0,133,77,997,18,1865,77,2862,California
Trinity,2021-03-24,12,4611,1,453,11,4025,0,133,9,1003,3,1868,9,2871,California
Trinity,2021-03-25,111,4722,8,461,97,4122,6,139,85,1068,26,1894,91,2962,California
Trinity,2021-03-26,83,4805,8,469,75,4197,0,139,76,1137,7,1901,76,3038,California
Trinity,2021-03-27,20,4825,4,473,7,4204,9,148,9,1144,11,1912,18,3056,California
Trinity,2021-03-28,5,4830,3,476,2,4206,0,148,1,1141,4,1916,1,3057,California
Trinity,2021-03-29,6,4836,1,477,5,4211,0,148,2,1139,4,1920,2,3059,California
Trinity,2021-03-30,78,4914,6,483,72,4283,0,148,68,1197,10,1930,68,3127,California
Trinity,2021-03-31,56,4970,5,488,19,4302,32,180,21,1214,35,1965,52,3179,California
Trinity,2021-04-01,42,5012,11,499,20,4322,11,191,22,1227,20,1985,33,3212,California
Trinity,2021-04-02,252,5264,6,505,172,4494,74,265,80,1210,171,2156,154,3366,California
Trinity,2021-04-03,18,5282,13,518,5,4499,0,265,8,1208,10,2166,8,3374,California
Trinity,2021-04-04,10,5292,8,526,2,4501,0,265,8,1214,2,2168,8,3382,California
Trinity,2021-04-05,58,5350,6,532,51,4552,1,266,54,1265,4,2172,55,3437,California
Trinity,2021-04-06,118,5468,15,547,100,4652,3,269,29,1208,89,2261,32,3469,California
Trinity,2021-04-07,27,5495,12,559,10,4662,5,274,19,1224,8,2269,24,3493,California
Trinity,2021-04-08,89,5584,10,569,77,4739,2,276,52,1241,37,2306,54,3547,California
Trinity,2021-04-09,171,5755,21,590,146,4885,4,280,93,1260,78,2384,97,3644,California
Trinity,2021-04-10,11,5766,7,597,4,4889,0,280,10,1269,1,2385,10,3654,California
Trinity,2021-04-11,10,5776,5,602,3,4892,2,282,4,1269,6,2391,6,3660,California
Trinity,2021-04-12,77,5853,5,607,71,4963,1,283,64,1321,12,2403,64,3724,California
Trinity,2021-04-13,104,5957,5,612,99,5062,0,283,11,1239,93,2496,11,3735,California
Trinity,2021-04-14,10,5967,5,617,5,5067,0,283,6,1241,4,2500,6,3741,California
Trinity,2021-04-15,45,6012,10,627,35,5102,0,283,15,1227,29,2529,15,3756,California
Trinity,2021-04-16,154,6166,13,640,141,5243,0,283,80,1235,72,2601,80,3836,California
Trinity,2021-04-17,11,6177,5,645,6,5249,0,283,9,1242,2,2603,9,3845,California
Trinity,2021-04-18,3,6180,1,646,2,5251,0,283,0,1239,3,2606,0,3845,California
Trinity,2021-04-19,67,6247,2,648,65,5316,0,283,66,1304,1,2607,66,3911,California
Trinity,2021-04-20,94,6341,8,656,86,5402,0,283,21,1252,73,2680,21,3932,California
Trinity,2021-04-21,22,6363,9,665,13,5415,0,283,9,1248,13,2693,9,3941,California
Trinity,2021-04-22,92,6455,5,670,87,5502,0,283,14,1184,78,2771,14,3955,California
Trinity,2021-04-23,178,6633,6,676,172,5674,0,283,110,1226,68,2839,110,4065,California
Trinity,2021-04-24,25,6658,14,690,11,5685,0,283,6,1213,19,2858,6,4071,California
Trinity,2021-04-25,10,6668,9,699,1,5686,0,283,3,1210,6,2864,3,4074,California
Trinity,2021-04-26,48,6716,9,708,39,5725,0,283,40,1242,8,2872,40,4114,California
Trinity,2021-04-27,88,6804,11,719,77,5802,0,283,23,1200,65,2937,23,4137,California
Trinity,2021-04-28,32,6836,11,730,21,5823,0,283,12,1192,20,2957,12,4149,California
Trinity,2021-04-29,35,6871,13,743,22,5845,0,283,12,1181,23,2980,12,4161,California
Trinity,2021-04-30,28,6899,22,765,6,5851,0,283,8,1170,19,2999,8,4169,California
Trinity,2021-05-01,15,6914,8,773,2,5853,5,288,5,1170,10,3009,10,4179,California
Trinity,2021-05-02,8,6922,5,778,1,5854,2,290,2,1168,6,3015,4,4183,California
Trinity,2021-05-03,58,6980,13,791,44,5898,1,291,9,1130,48,3063,10,4193,California
Trinity,2021-05-04,24,7004,11,802,12,5910,1,292,8,1123,16,3079,9,4202,California
Trinity,2021-05-05,11,7015,7,809,4,5914,0,292,4,1120,7,3086,4,4206,California
Trinity,2021-05-06,73,7088,10,819,61,5975,2,294,16,1081,57,3143,18,4224,California
Trinity,2021-05-07,179,7267,12,831,133,6108,34,328,14,964,165,3308,48,4272,California
Trinity,2021-05-08,6,7273,2,833,4,6112,0,328,2,962,4,3312,2,4274,California
Trinity,2021-05-09,11,7284,8,841,3,6115,0,328,7,965,4,3316,7,4281,California
Trinity,2021-05-10,15,7299,5,846,9,6124,1,329,8,967,7,3323,9,4290,California
Trinity,2021-05-11,8,7307,4,850,4,6128,0,329,6,971,2,3325,6,4296,California
Trinity,2021-05-12,19,7326,16,866,2,6130,1,330,14,981,5,3330,15,4311,California
Trinity,2021-05-13,15,7341,10,876,4,6134,1,331,9,985,6,3336,10,4321,California
Trinity,2021-05-14,141,7482,19,895,94,6228,28,359,39,950,102,3438,67,4388,California
Trinity,2021-05-15,16,7498,11,906,4,6232,1,360,8,952,7,3445,9,4397,California
Trinity,2021-05-16,8,7506,6,912,2,6234,0,360,6,956,2,3447,6,4403,California
Trinity,2021-05-17,108,7614,20,932,86,6320,2,362,42,934,66,3513,44,4447,California
Trinity,2021-05-18,37,7651,7,939,29,6349,1,363,11,920,26,3539,12,4459,California
Trinity,2021-05-19,146,7797,17,956,100,6449,29,392,29,862,116,3655,58,4517,California
Trinity,2021-05-20,28,7825,21,977,4,6453,3,395,17,871,11,3666,20,4537,California
Trinity,2021-05-21,21,7846,12,989,9,6462,0,395,12,874,9,3675,12,4549,California
Trinity,2021-05-22,17,7863,14,1003,3,6465,0,395,13,883,4,3679,13,4562,California
Trinity,2021-05-23,6,7869,4,1007,2,6467,0,395,2,881,4,3683,2,4564,California
Trinity,2021-05-24,109,7978,12,1019,96,6563,1,396,8,790,100,3783,9,4573,California
Trinity,2021-05-25,39,8017,14,1033,25,6588,0,396,17,785,22,3805,17,4590,California
Trinity,2021-05-26,12,8029,6,1039,6,6594,0,396,4,781,8,3813,4,4594,California
Trinity,2021-05-27,31,8060,14,1053,12,6606,5,401,8,771,23,3836,13,4607,California
Trinity,2021-05-28,14,8074,10,1063,3,6609,1,402,7,772,7,3843,8,4615,California
Trinity,2021-05-29,10,8084,7,1070,2,6611,1,403,7,777,3,3846,8,4623,California
Trinity,2021-05-30,6,8090,5,1075,1,6612,0,403,0,771,6,3852,0,4623,California
Trinity,2021-05-31,4,8094,3,1078,1,6613,0,403,2,771,2,3854,2,4625,California
Trinity,2021-06-01,14,8108,7,1085,5,6618,2,405,3,766,10,3864,5,4630,California
Trinity,2021-06-02,24,8132,19,1104,3,6621,2,407,9,762,15,3879,11,4641,California
Trinity,2021-06-03,39,8171,13,1117,26,6647,0,407,13,749,26,3905,13,4654,California
Trinity,2021-06-04,45,8216,21,1138,16,6663,8,415,12,736,33,3938,20,4674,California
Trinity,2021-06-05,19,8235,18,1156,1,6664,0,415,13,743,6,3944,13,4687,California
Trinity,2021-06-06,9,8244,6,1162,2,6666,1,416,2,739,7,3951,3,4690,California
Trinity,2021-06-07,28,8272,19,1181,8,6674,1,417,12,736,16,3967,13,4703,California
Trinity,2021-06-08,15,8287,13,1194,1,6675,1,418,4,730,11,3978,5,4708,California
Trinity,2021-06-09,24,8311,14,1208,1,6676,9,427,5,725,19,3997,14,4722,California
Trinity,2021-06-10,20,8331,18,1226,2,6678,0,427,5,715,15,4012,5,4727,California
Trinity,2021-06-11,45,8376,10,1236,33,6711,2,429,14,700,31,4043,16,4743,California
Trinity,2021-06-12,9,8385,9,1245,0,6711,0,429,2,695,7,4050,2,4745,California
Trinity,2021-06-13,4,8389,4,1249,0,6711,0,429,1,693,3,4053,1,4746,California
Trinity,2021-06-14,43,8432,16,1265,27,6738,0,429,11,672,32,4085,11,4757,California
Trinity,2021-06-15,45,8477,21,1286,3,6741,21,450,9,665,36,4121,29,4786,California
Trinity,2021-06-16,10,8487,6,1292,4,6745,0,450,3,661,7,4128,3,4789,California
Trinity,2021-06-17,15,8502,12,1304,1,6746,2,452,6,661,8,4136,8,4797,California
Trinity,2021-06-18,18,8520,10,1314,6,6752,2,454,6,657,12,4148,8,4805,California
Trinity,2021-06-19,10,8530,10,1324,0,6752,0,454,2,651,8,4156,2,4807,California
Trinity,2021-06-20,3,8533,3,1327,0,6752,0,454,3,654,0,4156,3,4810,California
Trinity,2021-06-21,8,8541,6,1333,0,6752,2,456,5,658,3,4159,7,4817,California
Trinity,2021-06-22,32,8573,9,1342,13,6765,10,466,14,664,18,4177,24,4841,California
Trinity,2021-06-23,15,8588,8,1350,1,6766,6,472,2,659,13,4190,8,4849,California
Trinity,2021-06-24,24,8612,14,1364,4,6770,6,478,15,671,9,4199,21,4870,California
Trinity,2021-06-25,10,8622,10,1374,0,6770,0,478,6,673,4,4203,6,4876,California
Trinity,2021-06-26,18,8640,18,1392,0,6770,0,478,8,671,10,4213,8,4884,California
Trinity,2021-06-27,4,8644,4,1396,0,6770,0,478,0,667,4,4217,0,4884,California
Trinity,2021-06-28,11,8655,9,1405,1,6771,1,479,4,665,7,4224,5,4889,California
Trinity,2021-06-29,11,8666,5,1410,3,6774,3,482,5,667,6,4230,8,4897,California
Trinity,2021-06-30,14,8680,10,1420,1,6775,3,485,6,668,8,4238,9,4906,California
Trinity,2021-07-01,30,8710,11,1431,12,6787,7,492,10,665,20,4258,17,4923,California
Trinity,2021-07-02,24,8734,6,1437,6,6793,12,504,6,665,18,4276,18,4941,California
Trinity,2021-07-03,4,8738,1,1438,0,6793,3,507,0,664,4,4280,3,4944,California
Trinity,2021-07-04,1,8739,1,1439,0,6793,0,507,1,665,0,4280,1,4945,California
Trinity,2021-07-05,13,8752,12,1451,1,6794,0,507,6,664,7,4287,6,4951,California
Trinity,2021-07-06,12,8764,10,1461,2,6796,0,507,6,664,6,4293,6,4957,California
Trinity,2021-07-07,12,8776,9,1470,1,6797,2,509,6,666,6,4299,8,4965,California
Trinity,2021-07-08,8,8784,0,1470,1,6798,7,516,0,664,8,4307,6,4971,California
Tulare,2020-12-15,1,1,1,1,0,0,0,0,1,1,0,0,1,1,California
Tulare,2020-12-16,4,5,4,5,0,0,0,0,4,5,0,0,4,5,California
Tulare,2020-12-17,110,115,110,115,0,0,0,0,110,115,0,0,110,115,California
Tulare,2020-12-18,290,405,289,404,1,1,0,0,290,405,0,0,290,405,California
Tulare,2020-12-19,326,731,326,730,0,1,0,0,326,731,0,0,326,731,California
Tulare,2020-12-20,165,896,165,895,0,1,0,0,165,896,0,0,165,896,California
Tulare,2020-12-21,425,1321,425,1320,0,1,0,0,445,1341,0,0,445,1341,California
Tulare,2020-12-22,470,1791,468,1788,2,3,0,0,469,1810,0,0,469,1810,California
Tulare,2020-12-23,327,2118,318,2106,9,12,0,0,325,2135,0,0,325,2135,California
Tulare,2020-12-24,18,2136,16,2122,2,14,0,0,18,2153,0,0,18,2153,California
Tulare,2020-12-26,8,2144,7,2129,1,15,0,0,8,2161,0,0,8,2161,California
Tulare,2020-12-27,16,2160,12,2141,4,19,0,0,16,2177,0,0,16,2177,California
Tulare,2020-12-28,480,2640,467,2608,13,32,0,0,479,2656,0,0,479,2656,California
Tulare,2020-12-29,550,3190,480,3088,70,102,0,0,550,3206,0,0,550,3206,California
Tulare,2020-12-30,469,3659,425,3513,44,146,0,0,469,3675,0,0,469,3675,California
Tulare,2020-12-31,100,3759,22,3535,78,224,0,0,100,3775,0,0,100,3775,California
Tulare,2021-01-01,3,3762,1,3536,2,226,0,0,3,3778,0,0,3,3778,California
Tulare,2021-01-02,32,3794,19,3555,13,239,0,0,32,3810,0,0,32,3810,California
Tulare,2021-01-03,23,3817,9,3564,14,253,0,0,23,3833,0,0,23,3833,California
Tulare,2021-01-04,93,3910,16,3580,77,330,0,0,93,3926,0,0,93,3926,California
Tulare,2021-01-05,465,4375,279,3859,186,516,0,0,463,4387,2,2,463,4389,California
Tulare,2021-01-06,863,5238,633,4492,230,746,0,0,853,5230,10,12,853,5242,California
Tulare,2021-01-07,782,6020,585,5077,197,943,0,0,674,5796,108,120,674,5916,California
Tulare,2021-01-08,1278,7298,572,5649,706,1649,0,0,941,6401,336,456,941,6857,California
Tulare,2021-01-09,805,8103,204,5853,601,2250,0,0,617,6830,188,644,617,7474,California
Tulare,2021-01-10,51,8154,43,5896,8,2258,0,0,13,6805,38,682,13,7487,California
Tulare,2021-01-11,1275,9429,772,6668,503,2761,0,0,835,7200,440,1122,835,8322,California
Tulare,2021-01-12,1451,10880,505,7173,946,3707,0,0,1039,7830,411,1533,1041,9363,California
Tulare,2021-01-13,411,11291,179,7352,232,3939,0,0,336,8091,75,1608,336,9699,California
Tulare,2021-01-14,496,11787,146,7498,350,4289,0,0,470,8546,15,1623,470,10169,California
Tulare,2021-01-15,1650,13437,156,7654,1494,5783,0,0,1641,10178,9,1632,1641,11810,California
Tulare,2021-01-16,1929,15366,115,7769,1814,7597,0,0,1915,12079,14,1646,1915,13725,California
Tulare,2021-01-17,142,15508,122,7891,20,7617,0,0,132,12201,10,1656,132,13857,California
Tulare,2021-01-18,693,16201,657,8548,36,7653,0,0,295,12098,398,2054,295,14152,California
Tulare,2021-01-19,1019,17220,690,9238,329,7982,0,0,592,12263,427,2481,592,14744,California
Tulare,2021-01-20,2481,19701,667,9905,1814,9796,0,0,2044,13916,392,2873,2045,16789,California
Tulare,2021-01-21,1620,21321,227,10132,1393,11189,0,0,1592,15486,22,2895,1592,18381,California
Tulare,2021-01-22,1092,22413,212,10344,880,12069,0,0,1062,16519,29,2924,1062,19443,California
Tulare,2021-01-23,439,22852,156,10500,283,12352,0,0,418,16916,21,2945,418,19861,California
Tulare,2021-01-24,31,22883,28,10528,3,12355,0,0,29,16943,2,2947,29,19890,California
Tulare,2021-01-25,1351,24234,987,11515,364,12719,0,0,1298,18188,53,3000,1298,21188,California
Tulare,2021-01-26,1508,25742,1102,12617,406,13125,0,0,1168,19017,339,3339,1168,22356,California
Tulare,2021-01-27,1504,27246,1071,13688,433,13558,0,0,922,19358,581,3920,922,23278,California
Tulare,2021-01-28,1220,28466,779,14467,441,13999,0,0,819,19776,401,4321,819,24097,California
Tulare,2021-01-29,1129,29595,716,15183,413,14412,0,0,820,20287,309,4630,820,24917,California
Tulare,2021-01-30,1670,31265,1575,16758,95,14507,0,0,1645,21908,25,4655,1646,26563,California
Tulare,2021-01-31,65,31330,61,16819,4,14511,0,0,61,21965,4,4659,61,26624,California
Tulare,2021-02-01,1168,32498,894,17713,274,14785,0,0,806,22410,361,5020,806,27430,California
Tulare,2021-02-02,698,33196,343,18056,355,15140,0,0,443,22601,253,5273,444,27874,California
Tulare,2021-02-03,566,33762,232,18288,334,15474,0,0,326,22727,200,5473,326,28200,California
Tulare,2021-02-04,577,34339,176,18464,401,15875,0,0,282,22716,294,5767,283,28483,California
Tulare,2021-02-05,1246,35585,240,18704,1006,16881,0,0,407,22286,837,6604,407,28890,California
Tulare,2021-02-06,836,36421,156,18860,680,17561,0,0,208,21868,626,7230,208,29098,California
Tulare,2021-02-07,85,36506,72,18932,13,17574,0,0,24,21831,61,7291,24,29122,California
Tulare,2021-02-08,946,37452,329,19261,617,18191,0,0,239,21366,704,7995,239,29361,California
Tulare,2021-02-09,1416,38868,336,19597,1080,19271,0,0,341,20637,1070,9065,341,29702,California
Tulare,2021-02-10,2486,41354,1991,21588,495,19766,0,0,2074,22302,409,9474,2074,31776,California
Tulare,2021-02-11,1347,42701,378,21966,969,20735,0,0,878,22711,469,9943,878,32654,California
Tulare,2021-02-12,2790,45491,573,22539,2217,22952,0,0,1161,22252,1620,11563,1161,33815,California
Tulare,2021-02-13,2479,47970,158,22697,2321,25273,0,0,640,21057,1835,13398,640,34455,California
Tulare,2021-02-14,338,48308,39,22736,299,25572,0,0,301,21321,37,13435,301,34756,California
Tulare,2021-02-15,923,49231,295,23031,628,26200,0,0,663,21725,259,13694,663,35419,California
Tulare,2021-02-16,2853,52084,1596,24627,1257,27457,0,0,1085,21046,1765,15459,1086,36505,California
Tulare,2021-02-17,2707,54791,517,25144,2190,29647,0,0,451,19246,2251,17710,451,36956,California
Tulare,2021-02-18,2357,57148,453,25597,1904,31551,0,0,643,18183,1706,19416,643,37599,California
Tulare,2021-02-19,2353,59501,881,26478,1472,33023,0,0,969,17773,1379,20795,969,38568,California
Tulare,2021-02-20,3000,62501,1882,28360,1118,34141,0,0,1266,17313,1726,22521,1266,39834,California
Tulare,2021-02-21,101,62602,95,28455,6,34147,0,0,50,17315,48,22569,50,39884,California
Tulare,2021-02-22,1140,63742,720,29175,420,34567,0,0,212,16601,926,23495,212,40096,California
Tulare,2021-02-23,2025,65767,977,30152,1048,35615,0,0,1483,17545,539,24034,1483,41579,California
Tulare,2021-02-24,2520,68287,1569,31721,951,36566,0,0,2128,19284,390,24424,2129,43708,California
Tulare,2021-02-25,3579,71866,2021,33742,1558,38124,0,0,3144,22000,430,24854,3146,46854,California
Tulare,2021-02-26,3901,75767,1900,35642,2001,40125,0,0,3417,24935,482,25336,3417,50271,California
Tulare,2021-02-27,3030,78797,1505,37147,1525,41650,0,0,2895,27707,123,25459,2895,53166,California
Tulare,2021-02-28,1314,80111,1039,38186,275,41925,0,0,1292,28982,17,25476,1292,54458,California
Tulare,2021-03-01,1799,81910,812,38998,986,42911,1,1,1605,30397,191,25667,1606,56064,California
Tulare,2021-03-02,2824,84734,1271,40269,1553,44464,0,1,2639,32855,182,25849,2640,58704,California
Tulare,2021-03-03,4090,88824,2734,43003,1355,45819,1,2,2132,33037,1953,27802,2135,60839,California
Tulare,2021-03-04,2995,91819,1353,44356,1642,47461,0,2,2644,35339,342,28144,2644,63483,California
Tulare,2021-03-05,3504,95323,1758,46114,1731,49192,15,17,2983,37822,518,28662,3001,66484,California
Tulare,2021-03-06,3098,98421,1446,47560,1592,50784,60,77,2841,40467,254,28916,2899,69383,California
Tulare,2021-03-07,1162,99583,712,48272,418,51202,32,109,1107,41552,54,28970,1139,70522,California
Tulare,2021-03-08,1741,101324,1009,49281,562,51764,170,279,1407,42800,328,29298,1576,72098,California
Tulare,2021-03-09,3269,104593,2247,51528,874,52638,148,427,2855,45388,413,29711,3001,75099,California
Tulare,2021-03-10,2985,107578,1404,52932,1405,54043,176,603,2577,47743,397,30108,2752,77851,California
Tulare,2021-03-11,4249,111827,2001,54933,1944,55987,304,907,3297,50393,952,31060,3602,81453,California
Tulare,2021-03-12,4423,116250,2434,57367,1635,57622,354,1261,3128,52588,1285,32345,3480,84933,California
Tulare,2021-03-13,4151,120401,1942,59309,2105,59727,104,1365,3194,54937,949,33294,3298,88231,California
Tulare,2021-03-14,1859,122260,988,60297,651,60378,220,1585,1334,55964,524,33818,1551,89782,California
Tulare,2021-03-15,2756,125016,1630,61927,1011,61389,115,1700,1972,57275,779,34597,2090,91872,California
Tulare,2021-03-16,3442,128458,2121,64048,1244,62633,77,1777,1877,57672,1560,36157,1957,93829,California
Tulare,2021-03-17,4089,132547,2668,66716,1345,63978,76,1853,2320,58315,1760,37917,2403,96232,California
Tulare,2021-03-18,4677,137224,3413,70129,1192,65170,72,1925,2449,58624,2217,40134,2526,98758,California
Tulare,2021-03-19,5142,142366,3374,73503,1550,66720,218,2143,2718,59159,2403,42537,2938,101696,California
Tulare,2021-03-20,4491,146857,2797,76300,1323,68043,371,2514,2057,59166,2424,44961,2431,104127,California
Tulare,2021-03-21,2011,148868,1723,78023,262,68305,26,2540,1064,59312,943,45904,1089,105216,California
Tulare,2021-03-22,2584,151452,1796,79819,676,68981,112,2652,1697,60243,881,46785,1812,107028,California
Tulare,2021-03-23,3801,155253,2200,82019,1549,70530,52,2704,2081,60672,1710,48495,2139,109167,California
Tulare,2021-03-24,3209,158462,1991,84010,1177,71707,41,2745,1716,60948,1482,49977,1758,110925,California
Tulare,2021-03-25,3485,161947,1812,85822,1499,73206,174,2919,1665,60977,1812,51789,1841,112766,California
Tulare,2021-03-26,5268,167215,3134,88956,2021,75227,113,3032,2530,60901,2719,54508,2643,115409,California
Tulare,2021-03-27,3541,170756,1815,90771,1629,76856,97,3129,975,59414,2558,57066,1071,116480,California
Tulare,2021-03-28,1478,172234,1072,91843,375,77231,31,3160,671,59321,805,57871,712,117192,California
Tulare,2021-03-29,2892,175126,1674,93517,1111,78342,107,3267,1225,58993,1662,59533,1334,118526,California
Tulare,2021-03-30,4932,180058,2793,96310,1903,80245,236,3503,1499,57299,3421,62954,1727,120253,California
Tulare,2021-03-31,3977,184035,2343,98653,1518,81763,116,3619,1550,56548,2418,65372,1667,121920,California
Tulare,2021-04-01,4542,188577,2460,101113,2014,83777,68,3687,1560,55206,2971,68343,1629,123549,California
Tulare,2021-04-02,5369,193946,3061,104174,2182,85959,126,3813,1552,53084,3800,72143,1678,125227,California
Tulare,2021-04-03,3639,197585,2098,106272,1166,87125,375,4188,834,51524,2767,74910,1207,126434,California
Tulare,2021-04-04,1633,199218,1145,107417,481,87606,7,4195,355,50612,1274,76184,362,126796,California
Tulare,2021-04-05,3354,202572,2340,109757,747,88353,267,4462,850,49239,2491,78675,1118,127914,California
Tulare,2021-04-06,3439,206011,1471,111228,1471,89824,497,4959,892,48092,2538,81213,1391,129305,California
Tulare,2021-04-07,3939,209950,1840,113068,1658,91482,441,5400,1176,46947,2752,83965,1607,130912,California
Tulare,2021-04-08,4798,214748,2624,115692,1714,93196,460,5860,1537,45694,3247,87212,1994,132906,California
Tulare,2021-04-09,4851,219599,2998,118690,1417,94613,436,6296,1822,44932,3021,90233,2259,135165,California
Tulare,2021-04-10,3840,223439,2069,120759,1451,96064,320,6616,930,43277,2901,93134,1246,136411,California
Tulare,2021-04-11,1586,225025,1048,121807,464,96528,74,6690,488,42744,1095,94229,562,136973,California
Tulare,2021-04-12,3426,228451,2137,123944,693,97221,596,7286,1071,42068,2344,96573,1668,138641,California
Tulare,2021-04-13,2416,230867,1598,125542,809,98030,9,7295,901,41481,1499,98072,912,139553,California
Tulare,2021-04-14,2882,233749,1704,127246,1178,99208,0,7295,912,40428,1965,100037,912,140465,California
Tulare,2021-04-15,3325,237074,2169,129415,1156,100364,0,7295,1471,40058,1841,101878,1471,141936,California
Tulare,2021-04-16,3726,240800,2250,131665,1476,101840,0,7295,1493,39332,2219,104097,1493,143429,California
Tulare,2021-04-17,2257,243057,1329,132994,928,102768,0,7295,1197,39477,1053,105150,1198,144627,California
Tulare,2021-04-18,1573,244630,1237,134231,336,103104,0,7295,827,39559,745,105895,827,145454,California
Tulare,2021-04-19,2189,246819,1272,135503,916,104020,1,7296,897,39170,1287,107182,898,146352,California
Tulare,2021-04-20,2424,249243,1391,136894,1033,105053,0,7296,1006,38775,1401,108583,1006,147358,California
Tulare,2021-04-21,2325,251568,1440,138334,885,105938,0,7296,841,38175,1442,110025,842,148200,California
Tulare,2021-04-22,2173,253741,1235,139569,938,106876,0,7296,742,37505,1412,111437,742,148942,California
Tulare,2021-04-23,2644,256385,1631,141200,1012,107888,1,7297,1030,36935,1601,113038,1031,149973,California
Tulare,2021-04-24,1647,258032,1057,142257,588,108476,2,7299,853,37001,789,113827,855,150828,California
Tulare,2021-04-25,698,258730,525,142782,173,108649,0,7299,267,36838,430,114257,267,151095,California
Tulare,2021-04-26,1557,260287,947,143729,591,109240,19,7318,655,36615,895,115152,672,151767,California
Tulare,2021-04-27,1703,261990,708,144437,957,110197,38,7356,731,36416,967,116119,768,152535,California
Tulare,2021-04-28,1751,263741,1006,145443,703,110900,42,7398,698,36107,1048,117167,739,153274,California
Tulare,2021-04-29,2044,265785,1230,146673,776,111676,38,7436,796,35704,1235,118402,832,154106,California
Tulare,2021-04-30,2468,268253,1801,148474,617,112293,50,7486,911,35116,1548,119950,960,155066,California
Tulare,2021-05-01,1420,269673,1216,149690,192,112485,12,7498,732,35182,678,120628,744,155810,California
Tulare,2021-05-02,586,270259,499,150189,71,112556,16,7514,187,34989,396,121024,203,156013,California
Tulare,2021-05-03,1622,271881,1095,151284,402,112958,125,7639,349,34196,1267,122291,474,156487,California
Tulare,2021-05-04,1575,273456,846,152130,659,113617,70,7709,630,33958,936,123227,698,157185,California
Tulare,2021-05-05,1318,274774,655,152785,574,114191,89,7798,451,33642,856,124083,540,157725,California
Tulare,2021-05-06,1994,276768,1349,154134,596,114787,49,7847,604,32914,1381,125464,653,158378,California
Tulare,2021-05-07,1858,278626,1264,155398,525,115312,69,7916,524,32180,1325,126789,591,158969,California
Tulare,2021-05-08,1244,279870,817,156215,401,115713,26,7942,533,32037,702,127491,559,159528,California
Tulare,2021-05-09,595,280465,471,156686,103,115816,21,7963,115,31699,475,127966,137,159665,California
Tulare,2021-05-10,1024,281489,590,157276,368,116184,66,8029,307,31359,713,128679,373,160038,California
Tulare,2021-05-11,1321,282810,702,157978,540,116724,79,8108,548,31221,765,129444,627,160665,California
Tulare,2021-05-12,1608,284418,1042,159020,508,117232,58,8166,434,30555,1157,130601,491,161156,California
Tulare,2021-05-13,1586,286004,1019,160039,529,117761,38,8204,723,30457,858,131459,760,161916,California
Tulare,2021-05-14,1979,287983,1286,161325,631,118392,62,8266,898,30348,1069,132528,960,162876,California
Tulare,2021-05-15,1569,289552,884,162209,638,119030,47,8313,663,30153,899,133427,704,163580,California
Tulare,2021-05-16,697,290249,558,162767,127,119157,12,8325,324,30118,371,133798,336,163916,California
Tulare,2021-05-17,1570,291819,984,163751,512,119669,74,8399,746,30123,815,134613,820,164736,California
Tulare,2021-05-18,1584,293403,860,164611,672,120341,52,8451,784,30162,795,135408,834,165570,California
Tulare,2021-05-19,1483,294886,955,165566,494,120835,34,8485,759,30239,716,136124,793,166363,California
Tulare,2021-05-20,1592,296478,1075,166641,430,121265,87,8572,761,30260,827,136951,848,167211,California
Tulare,2021-05-21,1955,298433,1426,168067,487,121752,42,8614,1063,30481,884,137835,1105,168316,California
Tulare,2021-05-22,1616,300049,1150,169217,443,122195,23,8637,609,30115,999,138834,633,168949,California
Tulare,2021-05-23,412,300461,327,169544,75,122270,10,8647,209,30132,202,139036,219,169168,California
Tulare,2021-05-24,939,301400,579,170123,300,122570,60,8707,420,30095,517,139553,480,169648,California
Tulare,2021-05-25,1186,302586,702,170825,452,123022,32,8739,505,29957,675,140228,537,170185,California
Tulare,2021-05-26,884,303470,487,171312,355,123377,42,8781,394,29906,486,140714,435,170620,California
Tulare,2021-05-27,1277,304747,806,172118,440,123817,31,8812,585,29836,688,141402,618,171238,California
Tulare,2021-05-28,1191,305938,660,172778,482,124299,49,8861,625,29950,559,141961,673,171911,California
Tulare,2021-05-29,883,306821,652,173430,211,124510,20,8881,503,30095,378,142339,523,172434,California
Tulare,2021-05-30,285,307106,207,173637,70,124580,8,8889,164,30147,120,142459,172,172606,California
Tulare,2021-05-31,132,307238,52,173689,69,124649,11,8900,55,30137,76,142535,66,172672,California
Tulare,2021-06-01,1059,308297,628,174317,400,125049,31,8931,385,29886,666,143201,415,173087,California
Tulare,2021-06-02,794,309091,465,174782,296,125345,33,8964,353,29840,430,143631,384,173471,California
Tulare,2021-06-03,1140,310231,810,175592,273,125618,57,9021,390,29556,730,144361,446,173917,California
Tulare,2021-06-04,1171,311402,833,176425,306,125924,32,9053,362,29146,804,145165,394,174311,California
Tulare,2021-06-05,886,312288,699,177124,172,126096,15,9068,303,28883,581,145746,318,174629,California
Tulare,2021-06-06,423,312711,358,177482,47,126143,18,9086,141,28761,281,146027,159,174788,California
Tulare,2021-06-07,883,313594,696,178178,152,126295,35,9121,277,28469,603,146630,311,175099,California
Tulare,2021-06-08,1050,314644,776,178954,214,126509,60,9181,352,28188,693,147323,412,175511,California
Tulare,2021-06-09,1089,315733,761,179715,292,126801,36,9217,347,27833,736,148059,381,175892,California
Tulare,2021-06-10,1102,316835,886,180601,180,126981,36,9253,381,27530,719,148778,416,176308,California
Tulare,2021-06-11,1233,318068,884,181485,314,127295,35,9288,380,27102,843,149621,415,176723,California
Tulare,2021-06-12,972,319040,758,182243,203,127498,11,9299,347,26841,619,150240,358,177081,California
Tulare,2021-06-13,316,319356,227,182470,85,127583,4,9303,91,26712,224,150464,95,177176,California
Tulare,2021-06-14,770,320126,566,183036,179,127762,25,9328,295,26562,470,150934,320,177496,California
Tulare,2021-06-15,985,321111,667,183703,288,128050,30,9358,433,26479,546,151480,463,177959,California
Tulare,2021-06-16,857,321968,581,184284,225,128275,51,9409,375,26427,479,151959,427,178386,California
Tulare,2021-06-17,1025,322993,754,185038,241,128516,30,9439,411,26257,611,152570,441,178827,California
Tulare,2021-06-18,988,323981,695,185733,256,128772,37,9476,372,26051,614,153184,408,179235,California
Tulare,2021-06-19,849,324830,678,186411,158,128930,13,9489,388,25995,457,153641,401,179636,California
Tulare,2021-06-20,249,325079,186,186597,55,128985,8,9497,74,25904,174,153815,83,179719,California
Tulare,2021-06-21,521,325600,340,186937,150,129135,31,9528,304,26022,216,154031,334,180053,California
Tulare,2021-06-22,752,326352,516,187453,212,129347,24,9552,345,25991,400,154431,369,180422,California
Tulare,2021-06-23,735,327087,500,187953,209,129556,26,9578,400,26086,331,154762,426,180848,California
Tulare,2021-06-24,845,327932,638,188591,152,129708,55,9633,421,26141,421,155183,476,181324,California
Tulare,2021-06-25,849,328781,552,189143,277,129985,20,9653,441,26199,403,155586,461,181785,California
Tulare,2021-06-26,930,329711,733,189876,172,130157,25,9678,530,26357,397,155983,555,182340,California
Tulare,2021-06-27,247,329958,183,190059,57,130214,7,9685,116,26350,130,156113,123,182463,California
Tulare,2021-06-28,578,330536,436,190495,112,130326,30,9715,291,26386,284,156397,320,182783,California
Tulare,2021-06-29,719,331255,461,190956,216,130542,42,9757,338,26391,375,156772,380,183163,California
Tulare,2021-06-30,688,331943,466,191422,191,130733,31,9788,374,26484,310,157082,403,183566,California
Tulare,2021-07-01,820,332763,617,192039,172,130905,31,9819,384,26469,429,157511,414,183980,California
Tulare,2021-07-02,719,333482,503,192542,199,131104,17,9836,377,26528,336,157847,395,184375,California
Tulare,2021-07-03,454,333936,329,192871,116,131220,9,9845,218,26524,231,158078,227,184602,California
Tulare,2021-07-04,31,333967,20,192891,10,131230,1,9846,17,26528,14,158092,18,184620,California
Tulare,2021-07-05,404,334371,294,193185,98,131328,12,9858,205,26549,196,158288,217,184837,California
Tulare,2021-07-06,760,335131,547,193732,190,131518,23,9881,324,26464,431,158719,346,185183,California
Tulare,2021-07-07,661,335792,449,194181,178,131696,34,9915,306,26455,348,159067,339,185522,California
Tulare,2021-07-08,388,336180,307,194488,54,131750,27,9942,155,26405,232,159299,182,185704,California
Tuolumne,2020-12-16,48,48,48,48,0,0,0,0,48,48,0,0,48,48,California
Tuolumne,2020-12-17,18,66,18,66,0,0,0,0,18,66,0,0,18,66,California
Tuolumne,2020-12-18,101,167,100,166,1,1,0,0,101,167,0,0,101,167,California
Tuolumne,2020-12-19,5,172,5,171,0,1,0,0,5,172,0,0,5,172,California
Tuolumne,2020-12-20,2,174,2,173,0,1,0,0,2,174,0,0,2,174,California
Tuolumne,2020-12-21,115,289,101,274,14,15,0,0,115,289,0,0,115,289,California
Tuolumne,2020-12-22,173,462,173,447,0,15,0,0,173,462,0,0,173,462,California
Tuolumne,2020-12-23,185,647,183,630,2,17,0,0,185,647,0,0,185,647,California
Tuolumne,2020-12-25,1,648,1,631,0,17,0,0,1,648,0,0,1,648,California
Tuolumne,2020-12-26,2,650,2,633,0,17,0,0,2,650,0,0,2,650,California
Tuolumne,2020-12-28,75,725,73,706,2,19,0,0,75,725,0,0,75,725,California
Tuolumne,2020-12-29,102,827,38,744,64,83,0,0,102,827,0,0,102,827,California
Tuolumne,2020-12-30,77,904,22,766,55,138,0,0,77,904,0,0,77,904,California
Tuolumne,2020-12-31,28,932,21,787,7,145,0,0,28,932,0,0,28,932,California
Tuolumne,2021-01-01,6,938,5,792,1,146,0,0,6,938,0,0,6,938,California
Tuolumne,2021-01-02,119,1057,116,908,3,149,0,0,119,1057,0,0,119,1057,California
Tuolumne,2021-01-03,2,1059,2,910,0,149,0,0,2,1059,0,0,2,1059,California
Tuolumne,2021-01-04,69,1128,26,936,43,192,0,0,69,1128,0,0,69,1128,California
Tuolumne,2021-01-05,94,1222,28,964,66,258,0,0,91,1217,3,3,92,1220,California
Tuolumne,2021-01-06,132,1354,71,1035,61,319,0,0,68,1221,64,67,68,1288,California
Tuolumne,2021-01-07,121,1475,64,1099,57,376,0,0,65,1230,56,123,65,1353,California
Tuolumne,2021-01-08,107,1582,83,1182,24,400,0,0,27,1180,79,202,29,1382,California
Tuolumne,2021-01-09,2,1584,0,1182,2,402,0,0,2,1182,0,202,2,1384,California
Tuolumne,2021-01-10,3,1587,1,1183,2,404,0,0,3,1185,0,202,3,1387,California
Tuolumne,2021-01-11,117,1704,91,1274,26,430,0,0,35,1138,82,284,35,1422,California
Tuolumne,2021-01-12,103,1807,87,1361,16,446,0,0,18,1071,85,369,18,1440,California
Tuolumne,2021-01-13,231,2038,125,1486,106,552,0,0,182,1205,49,418,183,1623,California
Tuolumne,2021-01-14,148,2186,108,1594,40,592,0,0,43,1144,104,522,43,1666,California
Tuolumne,2021-01-15,474,2660,73,1667,401,993,0,0,411,1493,62,584,411,2077,California
Tuolumne,2021-01-16,7,2667,3,1670,4,997,0,0,6,1498,1,585,6,2083,California
Tuolumne,2021-01-17,8,2675,4,1674,4,1001,0,0,8,1506,0,585,8,2091,California
Tuolumne,2021-01-18,47,2722,38,1712,9,1010,0,0,10,1480,36,621,10,2101,California
Tuolumne,2021-01-19,479,3201,72,1784,407,1417,0,0,435,1871,44,665,435,2536,California
Tuolumne,2021-01-20,76,3277,58,1842,18,1435,0,0,24,1844,51,716,24,2560,California
Tuolumne,2021-01-21,59,3336,25,1867,34,1469,0,0,42,1869,17,733,42,2602,California
Tuolumne,2021-01-22,171,3507,17,1884,154,1623,0,0,163,2024,8,741,163,2765,California
Tuolumne,2021-01-23,651,4158,129,2013,522,2145,0,0,541,2472,110,851,558,3323,California
Tuolumne,2021-01-24,526,4684,3,2016,523,2668,0,0,522,2993,4,855,525,3848,California
Tuolumne,2021-01-25,51,4735,28,2044,23,2691,0,0,25,2993,26,881,26,3874,California
Tuolumne,2021-01-26,81,4816,68,2112,13,2704,0,0,40,2993,41,922,41,3915,California
Tuolumne,2021-01-27,61,4877,4,2116,57,2761,0,0,9,2951,51,973,9,3924,California
Tuolumne,2021-01-28,27,4904,6,2122,21,2782,0,0,18,2960,9,982,18,3942,California
Tuolumne,2021-01-29,74,4978,5,2127,69,2851,0,0,36,2958,38,1020,36,3978,California
Tuolumne,2021-01-30,724,5702,562,2689,162,3013,0,0,699,3651,25,1045,718,4696,California
Tuolumne,2021-01-31,9,5711,2,2691,7,3020,0,0,6,3654,3,1048,6,4702,California
Tuolumne,2021-02-01,27,5738,7,2698,20,3040,0,0,24,3675,3,1051,24,4726,California
Tuolumne,2021-02-02,656,6394,49,2747,607,3647,0,0,642,4307,11,1062,643,5369,California
Tuolumne,2021-02-03,247,6641,112,2859,135,3782,0,0,93,4246,154,1216,93,5462,California
Tuolumne,2021-02-04,127,6768,14,2873,113,3895,0,0,64,4247,63,1279,64,5526,California
Tuolumne,2021-02-05,104,6872,14,2887,90,3985,0,0,39,4222,64,1343,39,5565,California
Tuolumne,2021-02-06,872,7744,593,3480,279,4264,0,0,862,5080,10,1353,868,6433,California
Tuolumne,2021-02-07,8,7752,4,3484,4,4268,0,0,4,5080,4,1357,4,6437,California
Tuolumne,2021-02-08,95,7847,43,3527,52,4320,0,0,70,5125,25,1382,70,6507,California
Tuolumne,2021-02-09,864,8711,51,3578,813,5133,0,0,822,5905,42,1424,822,7329,California
Tuolumne,2021-02-10,98,8809,18,3596,80,5213,0,0,35,5879,61,1485,35,7364,California
Tuolumne,2021-02-11,148,8957,68,3664,80,5293,0,0,82,5895,66,1551,82,7446,California
Tuolumne,2021-02-12,652,9609,22,3686,630,5923,0,0,212,5668,439,1990,212,7658,California
Tuolumne,2021-02-13,158,9767,44,3730,114,6037,0,0,124,5758,34,2024,124,7782,California
Tuolumne,2021-02-14,152,9919,14,3744,138,6175,0,0,151,5908,1,2025,151,7933,California
Tuolumne,2021-02-15,190,10109,11,3755,179,6354,0,0,181,6080,9,2034,181,8114,California
Tuolumne,2021-02-16,533,10642,18,3773,515,6869,0,0,124,5801,405,2439,126,8240,California
Tuolumne,2021-02-17,113,10755,65,3838,48,6917,0,0,63,5815,49,2488,63,8303,California
Tuolumne,2021-02-18,689,11444,30,3868,659,7576,0,0,637,6401,52,2540,638,8941,California
Tuolumne,2021-02-19,147,11591,25,3893,122,7698,0,0,46,6346,101,2641,46,8987,California
Tuolumne,2021-02-20,915,12506,344,4237,571,8269,0,0,387,6228,509,3150,391,9378,California
Tuolumne,2021-02-21,992,13498,44,4281,948,9217,0,0,476,6198,512,3662,482,9860,California
Tuolumne,2021-02-22,82,13580,60,4341,22,9239,0,0,47,6212,33,3695,47,9907,California
Tuolumne,2021-02-23,49,13629,25,4366,24,9263,0,0,25,6214,23,3718,25,9932,California
Tuolumne,2021-02-24,104,13733,57,4423,47,9310,0,0,40,6192,63,3781,41,9973,California
Tuolumne,2021-02-25,1059,14792,36,4459,1023,10333,0,0,1024,7182,35,3816,1025,10998,California
Tuolumne,2021-02-26,154,14946,12,4471,142,10475,0,0,124,7277,30,3846,125,11123,California
Tuolumne,2021-02-27,965,15911,585,5056,380,10855,0,0,248,6833,697,4543,253,11376,California
Tuolumne,2021-02-28,56,15967,4,5060,52,10907,0,0,52,6882,3,4546,52,11428,California
Tuolumne,2021-03-01,121,16088,23,5083,97,11004,1,1,79,6922,41,4587,81,11509,California
Tuolumne,2021-03-02,715,16803,79,5162,636,11640,0,1,109,6426,605,5192,109,11618,California
Tuolumne,2021-03-03,98,16901,22,5184,76,11716,0,1,66,6461,31,5223,66,11684,California
Tuolumne,2021-03-04,1175,18076,77,5261,1098,12814,0,1,1107,7502,66,5289,1107,12791,California
Tuolumne,2021-03-05,94,18170,10,5271,84,12898,0,1,52,7514,41,5330,53,12844,California
Tuolumne,2021-03-06,1068,19238,610,5881,456,13354,2,3,200,6861,860,6190,207,13051,California
Tuolumne,2021-03-07,43,19281,13,5894,15,13369,15,18,19,6871,24,6214,34,13085,California
Tuolumne,2021-03-08,201,19482,91,5985,103,13472,7,25,142,6961,59,6273,149,13234,California
Tuolumne,2021-03-09,875,20357,19,6004,845,14317,11,36,66,6236,802,7075,77,13311,California
Tuolumne,2021-03-10,103,20460,20,6024,72,14389,11,47,54,6252,49,7124,65,13376,California
Tuolumne,2021-03-11,1308,21768,45,6069,1258,15647,5,52,1256,7463,52,7176,1263,14639,California
Tuolumne,2021-03-12,319,22087,45,6114,259,15906,15,67,191,7546,126,7302,209,14848,California
Tuolumne,2021-03-13,121,22208,12,6126,109,16015,0,67,84,7595,36,7338,85,14933,California
Tuolumne,2021-03-14,149,22357,10,6136,130,16145,9,76,7,7474,142,7480,21,14954,California
Tuolumne,2021-03-15,305,22662,83,6219,219,16364,3,79,104,7389,200,7680,115,15069,California
Tuolumne,2021-03-16,812,23474,41,6260,760,17124,11,90,672,7935,139,7819,685,15754,California
Tuolumne,2021-03-17,156,23630,33,6293,110,17234,13,103,79,7951,76,7895,92,15846,California
Tuolumne,2021-03-18,953,24583,27,6320,912,18146,14,117,316,7649,632,8527,330,16176,California
Tuolumne,2021-03-19,138,24721,19,6339,89,18235,30,147,75,7692,62,8589,105,16281,California
Tuolumne,2021-03-20,93,24814,8,6347,75,18310,10,157,37,7683,55,8644,46,16327,California
Tuolumne,2021-03-21,842,25656,394,6741,438,18748,10,167,37,6943,789,9433,49,16376,California
Tuolumne,2021-03-22,167,25823,75,6816,73,18821,19,186,97,6990,69,9502,116,16492,California
Tuolumne,2021-03-23,717,26540,641,7457,62,18883,14,200,678,7643,38,9540,691,17183,California
Tuolumne,2021-03-24,113,26653,22,7479,73,18956,18,218,78,7706,33,9573,96,17279,California
Tuolumne,2021-03-25,1303,27956,24,7503,1276,20232,3,221,325,7061,973,10546,328,17607,California
Tuolumne,2021-03-26,283,28239,19,7522,240,20472,24,245,121,7057,150,10696,146,17753,California
Tuolumne,2021-03-27,589,28828,55,7577,534,21006,0,245,318,7112,266,10962,321,18074,California
Tuolumne,2021-03-28,47,28875,6,7583,41,21047,0,245,8,7083,38,11000,9,18083,California
Tuolumne,2021-03-29,210,29085,87,7670,123,21170,0,245,111,7098,96,11096,111,18194,California
Tuolumne,2021-03-30,171,29256,14,7684,156,21326,1,246,124,7177,46,11142,125,18319,California
Tuolumne,2021-03-31,97,29353,14,7698,81,21407,2,248,40,7164,55,11197,42,18361,California
Tuolumne,2021-04-01,1254,30607,30,7728,1224,22631,0,248,229,6371,1022,12219,229,18590,California
Tuolumne,2021-04-02,171,30778,12,7740,133,22764,26,274,93,6415,75,12294,119,18709,California
Tuolumne,2021-04-03,436,31214,36,7776,398,23162,2,276,245,6473,188,12482,246,18955,California
Tuolumne,2021-04-04,35,31249,4,7780,31,23193,0,276,21,6482,12,12494,21,18976,California
Tuolumne,2021-04-05,131,31380,19,7799,105,23298,7,283,57,6472,74,12568,64,19040,California
Tuolumne,2021-04-06,655,32035,518,8317,110,23408,27,310,517,6881,137,12705,546,19586,California
Tuolumne,2021-04-07,130,32165,38,8355,75,23483,17,327,50,6868,80,12785,67,19653,California
Tuolumne,2021-04-08,1454,33619,36,8391,1403,24886,15,342,251,5936,1198,13983,266,19919,California
Tuolumne,2021-04-09,279,33898,44,8435,190,25076,45,387,133,5971,146,14129,181,20100,California
Tuolumne,2021-04-10,57,33955,2,8437,35,25111,20,407,23,5981,33,14162,43,20143,California
Tuolumne,2021-04-11,17,33972,2,8439,12,25123,3,410,12,5991,5,14167,15,20158,California
Tuolumne,2021-04-12,170,34142,66,8505,99,25222,5,415,89,6009,76,14243,94,20252,California
Tuolumne,2021-04-13,790,34932,35,8540,755,25977,0,415,171,5569,611,14854,171,20423,California
Tuolumne,2021-04-14,159,35091,32,8572,127,26104,0,415,79,5573,76,14930,80,20503,California
Tuolumne,2021-04-15,346,35437,22,8594,324,26428,0,415,61,5356,278,15208,61,20564,California
Tuolumne,2021-04-16,261,35698,56,8650,205,26633,0,415,143,5392,108,15316,144,20708,California
Tuolumne,2021-04-17,44,35742,6,8656,38,26671,0,415,28,5404,16,15332,28,20736,California
Tuolumne,2021-04-18,10,35752,3,8659,7,26678,0,415,5,5405,5,15337,6,20742,California
Tuolumne,2021-04-19,178,35930,79,8738,99,26777,0,415,97,5423,79,15416,97,20839,California
Tuolumne,2021-04-20,714,36644,618,9356,96,26873,0,415,75,4867,631,16047,75,20914,California
Tuolumne,2021-04-21,124,36768,30,9386,94,26967,0,415,66,4881,52,16099,66,20980,California
Tuolumne,2021-04-22,712,37480,46,9432,666,27633,0,415,429,5038,273,16372,430,21410,California
Tuolumne,2021-04-23,179,37659,31,9463,148,27781,0,415,82,5030,91,16463,83,21493,California
Tuolumne,2021-04-24,79,37738,18,9481,61,27842,0,415,50,5051,29,16492,50,21543,California
Tuolumne,2021-04-25,27,37765,10,9491,17,27859,0,415,24,5072,3,16495,24,21567,California
Tuolumne,2021-04-26,160,37925,56,9547,104,27963,0,415,75,5065,83,16578,76,21643,California
Tuolumne,2021-04-27,143,38068,23,9570,113,28076,7,422,65,5062,75,16653,72,21715,California
Tuolumne,2021-04-28,120,38188,24,9594,84,28160,12,434,63,5081,56,16709,75,21790,California
Tuolumne,2021-04-29,287,38475,23,9617,256,28416,8,442,58,4923,224,16933,66,21856,California
Tuolumne,2021-04-30,374,38849,26,9643,336,28752,12,454,74,4714,295,17228,86,21942,California
Tuolumne,2021-05-01,25,38874,7,9650,13,28765,5,459,16,4726,9,17237,21,21963,California
Tuolumne,2021-05-02,26,38900,3,9653,21,28786,2,461,19,4740,7,17244,21,21984,California
Tuolumne,2021-05-03,112,39012,15,9668,92,28878,5,466,38,4711,72,17316,43,22027,California
Tuolumne,2021-05-04,710,39722,601,10269,104,28982,5,471,215,4437,493,17809,219,22246,California
Tuolumne,2021-05-05,110,39832,26,10295,78,29060,6,477,58,4453,48,17857,64,22310,California
Tuolumne,2021-05-06,292,40124,15,10310,261,29321,16,493,43,4267,244,18101,58,22368,California
Tuolumne,2021-05-07,329,40453,25,10335,296,29617,8,501,63,4073,265,18366,71,22439,California
Tuolumne,2021-05-08,50,40503,6,10341,40,29657,4,505,32,4091,18,18384,36,22475,California
Tuolumne,2021-05-09,17,40520,2,10343,13,29670,2,507,3,4082,14,18398,5,22480,California
Tuolumne,2021-05-10,114,40634,45,10388,64,29734,5,512,32,4038,81,18479,37,22517,California
Tuolumne,2021-05-11,205,40839,62,10450,131,29865,12,524,56,3959,147,18626,68,22585,California
Tuolumne,2021-05-12,135,40974,24,10474,107,29972,4,528,51,3930,84,18710,55,22640,California
Tuolumne,2021-05-13,117,41091,19,10493,90,30062,8,536,73,3966,44,18754,80,22720,California
Tuolumne,2021-05-14,207,41298,75,10568,121,30183,11,547,107,3986,98,18852,118,22838,California
Tuolumne,2021-05-15,59,41357,16,10584,36,30219,7,554,20,3975,39,18891,28,22866,California
Tuolumne,2021-05-16,28,41385,8,10592,18,30237,2,556,13,3976,14,18905,15,22881,California
Tuolumne,2021-05-17,110,41495,30,10622,77,30314,3,559,47,3964,63,18968,51,22932,California
Tuolumne,2021-05-18,181,41676,57,10679,77,30391,47,606,60,3951,120,19088,107,23039,California
Tuolumne,2021-05-19,118,41794,20,10699,65,30456,33,639,46,3958,72,19160,79,23118,California
Tuolumne,2021-05-20,411,42205,21,10720,383,30839,7,646,52,3660,357,19517,59,23177,California
Tuolumne,2021-05-21,203,42408,94,10814,103,30942,6,652,118,3701,83,19600,124,23301,California
Tuolumne,2021-05-22,58,42466,19,10833,33,30975,6,658,25,3699,32,19632,30,23331,California
Tuolumne,2021-05-23,27,42493,7,10840,19,30994,1,659,10,3693,17,19649,11,23342,California
Tuolumne,2021-05-24,138,42631,43,10883,89,31083,6,665,53,3668,84,19733,59,23401,California
Tuolumne,2021-05-25,297,42928,222,11105,69,31152,6,671,111,3601,184,19917,117,23518,California
Tuolumne,2021-05-26,87,43015,23,11128,63,31215,1,672,37,3589,50,19967,38,23556,California
Tuolumne,2021-05-27,76,43091,16,11144,58,31273,2,674,30,3576,45,20012,32,23588,California
Tuolumne,2021-05-28,111,43202,51,11195,59,31332,1,675,64,3597,44,20056,65,23653,California
Tuolumne,2021-05-29,38,43240,7,11202,25,31357,6,681,17,3599,21,20077,23,23676,California
Tuolumne,2021-05-30,18,43258,1,11203,14,31371,3,684,4,3592,14,20091,7,23683,California
Tuolumne,2021-05-31,9,43267,1,11204,7,31378,1,685,1,3586,8,20099,2,23685,California
Tuolumne,2021-06-01,79,43346,22,11226,53,31431,4,689,25,3562,53,20152,29,23714,California
Tuolumne,2021-06-02,74,43420,8,11234,58,31489,8,697,22,3541,51,20203,30,23744,California
Tuolumne,2021-06-03,75,43495,25,11259,35,31524,15,712,23,3529,50,20253,38,23782,California
Tuolumne,2021-06-04,133,43628,61,11320,69,31593,3,715,38,3478,92,20345,41,23823,California
Tuolumne,2021-06-05,43,43671,11,11331,30,31623,2,717,17,3471,26,20371,19,23842,California
Tuolumne,2021-06-06,19,43690,5,11336,7,31630,7,724,4,3467,15,20386,11,23853,California
Tuolumne,2021-06-07,60,43750,14,11350,38,31668,8,732,27,3469,33,20419,35,23888,California
Tuolumne,2021-06-08,74,43824,22,11372,51,31719,1,733,27,3452,45,20464,28,23916,California
Tuolumne,2021-06-09,87,43911,45,11417,32,31751,10,743,40,3456,46,20510,50,23966,California
Tuolumne,2021-06-10,99,44010,15,11432,77,31828,7,750,28,3420,71,20581,35,24001,California
Tuolumne,2021-06-11,103,44113,48,11480,52,31880,3,753,25,3372,76,20657,28,24029,California
Tuolumne,2021-06-12,61,44174,20,11500,25,31905,16,769,18,3365,41,20698,34,24063,California
Tuolumne,2021-06-13,17,44191,2,11502,11,31916,4,773,4,3360,13,20711,8,24071,California
Tuolumne,2021-06-14,100,44291,33,11535,63,31979,4,777,52,3368,48,20759,56,24127,California
Tuolumne,2021-06-15,131,44422,83,11618,39,32018,9,786,21,3290,108,20867,30,24157,California
Tuolumne,2021-06-16,95,44517,46,11664,46,32064,3,789,53,3305,41,20908,56,24213,California
Tuolumne,2021-06-17,45,44562,10,11674,34,32098,1,790,17,3295,28,20936,18,24231,California
Tuolumne,2021-06-18,172,44734,95,11769,63,32161,14,804,61,3259,110,21046,74,24305,California
Tuolumne,2021-06-19,25,44759,9,11778,13,32174,3,807,10,3257,15,21061,13,24318,California
Tuolumne,2021-06-20,13,44772,2,11780,11,32185,0,807,10,3264,3,21064,10,24328,California
Tuolumne,2021-06-21,39,44811,3,11783,35,32220,1,808,20,3266,19,21083,21,24349,California
Tuolumne,2021-06-22,45,44856,11,11794,34,32254,0,808,22,3266,22,21105,22,24371,California
Tuolumne,2021-06-23,70,44926,13,11807,37,32291,20,828,32,3280,38,21143,52,24423,California
Tuolumne,2021-06-24,56,44982,24,11831,26,32317,6,834,26,3284,29,21172,33,24456,California
Tuolumne,2021-06-25,55,45037,31,11862,19,32336,5,839,29,3291,26,21198,33,24489,California
Tuolumne,2021-06-26,12,45049,5,11867,7,32343,0,839,7,3293,5,21203,7,24496,California
Tuolumne,2021-06-27,7,45056,2,11869,5,32348,0,839,7,3300,0,21203,7,24503,California
Tuolumne,2021-06-28,40,45096,20,11889,15,32363,5,844,27,3319,13,21216,32,24535,California
Tuolumne,2021-06-29,36,45132,18,11907,16,32379,2,846,21,3328,14,21230,23,24558,California
Tuolumne,2021-06-30,73,45205,36,11943,36,32415,1,847,20,3297,52,21282,21,24579,California
Tuolumne,2021-07-01,37,45242,16,11959,14,32429,7,854,24,3315,13,21295,31,24610,California
Tuolumne,2021-07-02,62,45304,30,11989,26,32455,6,860,43,3345,19,21314,49,24659,California
Tuolumne,2021-07-03,8,45312,4,11993,4,32459,0,860,5,3347,3,21317,5,24664,California
Tuolumne,2021-07-05,14,45326,1,11994,13,32472,0,860,7,3347,7,21324,7,24671,California
Tuolumne,2021-07-06,56,45382,19,12013,34,32506,3,863,21,3337,33,21357,23,24694,California
Tuolumne,2021-07-07,65,45447,33,12046,24,32530,8,871,29,3338,35,21392,36,24730,California
Tuolumne,2021-07-08,22,45469,10,12056,10,32540,2,873,16,3351,5,21397,18,24748,California
Ventura,2020-12-15,5,5,5,5,0,0,0,0,5,5,0,0,5,5,California
Ventura,2020-12-16,75,80,75,80,0,0,0,0,75,80,0,0,75,80,California
Ventura,2020-12-17,315,395,315,395,0,0,0,0,315,395,0,0,315,395,California
Ventura,2020-12-18,1600,1995,1600,1995,0,0,0,0,1600,1995,0,0,1600,1995,California
Ventura,2020-12-19,987,2982,986,2981,1,1,0,0,987,2982,0,0,987,2982,California
Ventura,2020-12-20,458,3440,458,3439,0,1,0,0,458,3440,0,0,458,3440,California
Ventura,2020-12-21,1513,4953,1513,4952,0,1,0,0,1513,4953,0,0,1513,4953,California
Ventura,2020-12-22,1160,6113,1154,6106,6,7,0,0,1160,6113,0,0,1160,6113,California
Ventura,2020-12-23,1088,7201,1038,7144,50,57,0,0,1088,7201,0,0,1088,7201,California
Ventura,2020-12-24,478,7679,378,7522,100,157,0,0,478,7679,0,0,478,7679,California
Ventura,2020-12-25,12,7691,7,7529,5,162,0,0,12,7691,0,0,12,7691,California
Ventura,2020-12-26,113,7804,92,7621,21,183,0,0,113,7804,0,0,113,7804,California
Ventura,2020-12-27,59,7863,27,7648,32,215,0,0,59,7863,0,0,59,7863,California
Ventura,2020-12-28,1092,8955,950,8598,142,357,0,0,1092,8955,0,0,1092,8955,California
Ventura,2020-12-29,1189,10144,779,9377,410,767,0,0,1189,10144,0,0,1189,10144,California
Ventura,2020-12-30,1999,12143,1532,10909,467,1234,0,0,1999,12143,0,0,1999,12143,California
Ventura,2020-12-31,487,12630,166,11075,321,1555,0,0,482,12620,5,5,482,12625,California
Ventura,2021-01-01,41,12671,19,11094,22,1577,0,0,41,12661,0,5,41,12666,California
Ventura,2021-01-02,175,12846,81,11175,94,1671,0,0,175,12836,0,5,175,12841,California
Ventura,2021-01-03,20,12866,9,11184,11,1682,0,0,20,12856,0,5,20,12861,California
Ventura,2021-01-04,1034,13900,493,11677,541,2223,0,0,1032,13888,0,5,1032,13893,California
Ventura,2021-01-05,1382,15282,784,12461,598,2821,0,0,1270,15049,109,114,1270,15163,California
Ventura,2021-01-06,2071,17353,1188,13649,883,3704,0,0,1570,16129,492,606,1572,16735,California
Ventura,2021-01-07,2085,19438,1333,14982,752,4456,0,0,1041,16132,1039,1645,1042,17777,California
Ventura,2021-01-08,2202,21640,1477,16459,725,5181,0,0,906,15746,1294,2939,908,18685,California
Ventura,2021-01-09,724,22364,503,16962,221,5402,0,0,318,15658,406,3345,318,19003,California
Ventura,2021-01-10,344,22708,327,17289,17,5419,0,0,130,15574,214,3559,130,19133,California
Ventura,2021-01-11,2463,25171,1494,18783,969,6388,0,0,1512,16139,951,4510,1516,20649,California
Ventura,2021-01-12,3058,28229,1620,20403,1438,7826,0,0,1937,16955,1121,5631,1937,22586,California
Ventura,2021-01-13,2949,31178,1435,21838,1514,9340,0,0,2039,18088,907,6538,2040,24626,California
Ventura,2021-01-14,2795,33973,1106,22944,1689,11029,0,0,2332,19959,462,7000,2333,26959,California
Ventura,2021-01-15,2903,36876,970,23914,1933,12962,0,0,2688,22433,215,7215,2689,29648,California
Ventura,2021-01-16,489,37365,188,24102,301,13263,0,0,409,22762,80,7295,409,30057,California
Ventura,2021-01-17,270,37635,140,24242,130,13393,0,0,263,23019,6,7301,263,30320,California
Ventura,2021-01-18,2224,39859,1668,25910,556,13949,0,0,1673,24143,550,7851,1674,31994,California
Ventura,2021-01-19,3070,42929,2135,28045,935,14884,0,0,2153,25382,917,8768,2156,34150,California
Ventura,2021-01-20,4181,47110,3213,31258,968,15852,0,0,3084,27374,1093,9861,3085,37235,California
Ventura,2021-01-21,3893,51003,2712,33970,1181,17033,0,0,3205,29901,680,10541,3207,40442,California
Ventura,2021-01-22,3648,54651,2511,36481,1137,18170,0,0,3480,33213,168,10709,3480,43922,California
Ventura,2021-01-23,1193,55844,652,37133,541,18711,0,0,1092,34207,100,10809,1094,45016,California
Ventura,2021-01-24,459,56303,137,37270,322,19033,0,0,445,34638,14,10823,445,45461,California
Ventura,2021-01-25,3178,59481,2040,39310,1138,20171,0,0,2618,36698,559,11382,2619,48080,California
Ventura,2021-01-26,3741,63222,2214,41524,1527,21698,0,0,2730,38422,1007,12389,2731,50811,California
Ventura,2021-01-27,3503,66725,1568,43092,1935,23633,0,0,2749,40423,750,13139,2751,53562,California
Ventura,2021-01-28,3909,70634,2007,45099,1902,25535,0,0,3283,43099,610,13749,3286,56848,California
Ventura,2021-01-29,4303,74937,2537,47636,1766,27301,0,0,3791,46392,498,14247,3791,60639,California
Ventura,2021-01-30,3049,77986,1955,49591,1094,28395,0,0,2875,49099,169,14416,2876,63515,California
Ventura,2021-01-31,837,78823,445,50036,392,28787,0,0,747,49757,89,14505,747,64262,California
Ventura,2021-02-01,3988,82811,2115,52151,1873,30660,0,0,3201,52180,780,15285,3203,67465,California
Ventura,2021-02-02,4456,87267,2381,54532,2075,32735,0,0,3414,54563,1034,16319,3417,70882,California
Ventura,2021-02-03,4481,91748,2090,56622,2391,35126,0,0,3448,56985,1028,17347,3450,74332,California
Ventura,2021-02-04,4827,96575,2305,58927,2522,37648,0,0,3539,59248,1280,18627,3543,77875,California
Ventura,2021-02-05,4918,101493,2384,61311,2534,40182,0,0,3370,61087,1534,20161,3373,81248,California
Ventura,2021-02-06,2865,104358,1522,62833,1343,41525,0,0,2457,63136,408,20569,2457,83705,California
Ventura,2021-02-07,748,105106,248,63081,500,42025,0,0,622,63633,126,20695,623,84328,California
Ventura,2021-02-08,3538,108644,1637,64718,1901,43926,0,0,2442,64988,1088,21783,2443,86771,California
Ventura,2021-02-09,4763,113407,1979,66697,2784,46710,0,0,2488,65208,2272,24055,2492,89263,California
Ventura,2021-02-10,4775,118182,2258,68955,2517,49227,0,0,2398,65244,2363,26418,2399,91662,California
Ventura,2021-02-11,4727,122909,1882,70837,2845,52072,0,0,2477,65483,2241,28659,2480,94142,California
Ventura,2021-02-12,6409,129318,2699,73536,3710,55782,0,0,3270,65621,3132,31791,3270,97412,California
Ventura,2021-02-13,3334,132652,1846,75382,1488,57270,0,0,1858,66009,1472,33263,1860,99272,California
Ventura,2021-02-14,1233,133885,125,75507,1108,58378,0,0,1013,66805,219,33482,1015,100287,California
Ventura,2021-02-15,4046,137931,1832,77339,2214,60592,0,0,2132,67030,1909,35391,2134,102421,California
Ventura,2021-02-16,5611,143542,2745,80084,2866,63458,0,0,3037,67504,2564,37955,3038,105459,California
Ventura,2021-02-17,5361,148903,1942,82026,3419,66877,0,0,3360,68873,1991,39946,3360,108819,California
Ventura,2021-02-18,5832,154735,1851,83877,3981,70858,0,0,3657,70371,2159,42105,3657,112476,California
Ventura,2021-02-19,6577,161312,3842,87719,2735,73593,0,0,3041,69889,3529,45634,3047,115523,California
Ventura,2021-02-20,5012,166324,3230,90949,1782,75375,0,0,2789,70475,2207,47841,2793,118316,California
Ventura,2021-02-21,1150,167474,846,91795,304,75679,0,0,472,70275,672,48513,472,118788,California
Ventura,2021-02-22,5738,173212,2555,94350,3183,78862,0,0,3655,71869,2063,50576,3657,122445,California
Ventura,2021-02-23,6235,179447,3091,97441,3144,82006,0,0,3566,72793,2646,53222,3570,126015,California
Ventura,2021-02-24,7295,186742,2666,100107,4629,86635,0,0,4372,74266,2901,56123,4374,130389,California
Ventura,2021-02-25,7736,194478,2617,102724,5119,91754,0,0,4631,75814,3088,59211,4636,135025,California
Ventura,2021-02-26,9571,204049,2803,105527,6768,98522,0,0,6218,78711,3325,62536,6222,141247,California
Ventura,2021-02-27,10663,214712,5302,110829,5361,103883,0,0,7975,84028,2668,65204,7985,149232,California
Ventura,2021-02-28,2584,217296,1649,112478,934,104817,1,1,2100,85653,476,65680,2101,151333,California
Ventura,2021-03-01,7195,224491,2864,115342,4328,109145,3,4,4777,88051,2395,68075,4793,156126,California
Ventura,2021-03-02,7756,232247,4050,119392,3704,112849,2,6,5431,91170,2313,70388,5432,161558,California
Ventura,2021-03-03,8720,240967,3934,123326,4783,117632,3,9,6136,94751,2562,72950,6143,167701,California
Ventura,2021-03-04,8328,249295,3894,127220,4434,122066,0,9,5611,97666,2701,75651,5616,173317,California
Ventura,2021-03-05,10114,259409,4818,132038,5284,127350,12,21,7189,101972,2908,78559,7214,180531,California
Ventura,2021-03-06,7802,267211,4404,136442,3243,130593,155,176,5811,105959,1983,80542,5970,186501,California
Ventura,2021-03-07,1720,268931,619,137061,953,131546,148,324,1252,106894,468,81010,1403,187904,California
Ventura,2021-03-08,6873,275804,3448,140509,3263,134809,162,486,4744,109685,2118,83128,4909,192813,California
Ventura,2021-03-09,6902,282706,3038,143547,3662,138471,202,688,3992,110992,2893,86021,4200,197013,California
Ventura,2021-03-10,7058,289764,3021,146568,3795,142266,242,930,4699,113589,2344,88365,4941,201954,California
Ventura,2021-03-11,6579,296343,2906,149474,3355,145621,318,1248,3580,114507,2979,91344,3897,205851,California
Ventura,2021-03-12,8767,305110,3062,152536,4857,150478,848,2096,4277,115157,4465,95809,5115,210966,California
Ventura,2021-03-13,7318,312428,2518,155054,3954,154432,846,2942,4337,117372,2966,98775,5181,216147,California
Ventura,2021-03-14,2148,314576,488,155542,1164,155596,496,3438,729,117181,1416,100191,1225,217372,California
Ventura,2021-03-15,7132,321708,2056,157598,3728,159324,1348,4786,3134,117692,3966,104157,4477,221849,California
Ventura,2021-03-16,8194,329902,2468,160066,4610,163934,1116,5902,4204,119036,3973,108130,5317,227166,California
Ventura,2021-03-17,7764,337666,2814,162880,4601,168535,349,6251,4708,121061,3033,111163,5058,232224,California
Ventura,2021-03-18,7616,345282,3315,166195,4149,172684,152,6403,5003,123617,2599,113762,5155,237379,California
Ventura,2021-03-19,8720,354002,3834,170029,4771,177455,115,6518,5279,125598,3410,117172,5391,242770,California
Ventura,2021-03-20,8936,362938,5957,175986,2956,180411,23,6541,4647,126007,4262,121434,4671,247441,California
Ventura,2021-03-21,2815,365753,1534,177520,909,181320,372,6913,1318,126210,1483,122917,1686,249127,California
Ventura,2021-03-22,7471,373224,3739,181259,3629,184949,103,7016,4905,128679,2541,125458,5010,254137,California
Ventura,2021-03-23,8291,381515,3945,185204,4274,189223,72,7088,4618,129736,3632,129090,4689,258826,California
Ventura,2021-03-24,8976,390491,3442,188646,5456,194679,78,7166,4417,129720,4515,133605,4499,263325,California
Ventura,2021-03-25,8873,399364,3934,192580,4835,199514,104,7270,4462,129900,4385,137990,4565,267890,California
Ventura,2021-03-26,10007,409371,3389,195969,5964,205478,654,7924,3997,128577,5971,143961,4648,272538,California
Ventura,2021-03-27,8806,418177,3951,199920,4812,210290,43,7967,2433,124721,6333,150294,2477,275015,California
Ventura,2021-03-28,2550,420727,1429,201349,1112,211402,9,7976,1374,124934,1170,151464,1383,276398,California
Ventura,2021-03-29,8671,429398,4331,205680,4293,215695,47,8023,4274,124891,4364,155828,4321,280719,California
Ventura,2021-03-30,9057,438455,4489,210169,4437,220132,131,8154,4400,124786,4636,160464,4531,285250,California
Ventura,2021-03-31,10881,449336,4887,215056,5365,225497,629,8783,4686,123937,6160,166624,5311,290561,California
Ventura,2021-04-01,10965,460301,5316,220372,4757,230254,892,9675,5527,124964,5384,172008,6411,296972,California
Ventura,2021-04-02,11889,472190,4674,225046,5866,236120,1349,11024,5694,125854,6154,178162,7044,304016,California
Ventura,2021-04-03,8167,480357,4046,229092,2943,239063,1178,12202,3443,125760,4706,182868,4612,308628,California
Ventura,2021-04-04,1728,482085,965,230057,628,239691,135,12337,1152,126479,568,183436,1287,309915,California
Ventura,2021-04-05,9500,491585,4892,234949,3486,243177,1122,13459,4843,127801,4640,188076,5962,315877,California
Ventura,2021-04-06,11032,502617,5586,240535,3945,247122,1501,14960,5663,129626,5339,193415,7164,323041,California
Ventura,2021-04-07,11526,514143,5418,245953,4593,251715,1515,16475,5260,130150,6244,199659,6768,329809,California
Ventura,2021-04-08,10514,524657,5311,251264,4219,255934,984,17459,5252,131140,5233,204892,6223,336032,California
Ventura,2021-04-09,11414,536071,4410,255674,5274,261208,1730,19189,4996,131467,6389,211281,6716,342748,California
Ventura,2021-04-10,9890,545961,4177,259851,3535,264743,2178,21367,3069,129908,6801,218082,5242,347990,California
Ventura,2021-04-11,2462,548423,863,260714,1021,265764,578,21945,693,129420,1757,219839,1269,349259,California
Ventura,2021-04-12,9123,557546,4543,265257,3745,269509,835,22780,3817,128781,5285,225124,4646,353905,California
Ventura,2021-04-13,8956,566502,4566,269823,4384,273893,6,22786,3782,127436,5133,230257,3788,357693,California
Ventura,2021-04-14,8910,575412,4146,273969,4749,278642,15,22801,3407,125404,5459,235716,3427,361120,California
Ventura,2021-04-15,9545,584957,4612,278581,4906,283548,27,22828,4102,124133,5401,241117,4130,365250,California
Ventura,2021-04-16,10370,595327,4582,283163,5786,289334,2,22830,4869,123537,5472,246589,4876,370126,California
Ventura,2021-04-17,9088,604415,5430,288593,3644,292978,14,22844,5284,125047,3787,250376,5297,375423,California
Ventura,2021-04-18,2236,606651,1102,289695,1134,294112,0,22844,967,124754,1261,251637,968,376391,California
Ventura,2021-04-19,8186,614837,4889,294584,3294,297406,3,22847,4697,125993,3462,255099,4701,381092,California
Ventura,2021-04-20,9604,624441,5108,299692,4491,301897,5,22852,4523,125470,5051,260150,4528,385620,California
Ventura,2021-04-21,9250,633691,4819,304511,4425,306322,6,22858,4423,125096,4802,264952,4428,390048,California
Ventura,2021-04-22,10207,643898,5588,310099,4618,310940,1,22859,4532,123981,5650,270602,4535,394583,California
Ventura,2021-04-23,11052,654950,5519,315618,5532,316472,1,22860,5490,123941,5532,276134,5492,400075,California
Ventura,2021-04-24,10589,665539,5918,321536,4671,321143,0,22860,6218,125810,4350,280484,6219,406294,California
Ventura,2021-04-25,2492,668031,1721,323257,771,321914,0,22860,1156,125634,1332,281816,1156,407450,California
Ventura,2021-04-26,8042,676073,4623,327880,3352,325266,67,22927,3345,124375,4666,286482,3407,410857,California
Ventura,2021-04-27,9229,685302,5154,333034,3846,329112,229,23156,3475,122346,5732,292214,3703,414560,California
Ventura,2021-04-28,8456,693758,4900,337934,3235,332347,321,23477,3315,120875,5109,297323,3638,418198,California
Ventura,2021-04-29,7971,701729,4300,342234,3407,335754,264,23741,2834,118865,5107,302430,3097,421295,California
Ventura,2021-04-30,9547,711276,5518,347752,3753,339507,276,24017,3935,117490,5577,308007,4202,425497,California
Ventura,2021-05-01,5164,716440,3645,351397,1411,340918,108,24125,2038,116538,3094,311101,2142,427639,California
Ventura,2021-05-02,2142,718582,1433,352830,618,341536,91,24216,1039,116573,1096,312197,1131,428770,California
Ventura,2021-05-03,6342,724924,3895,356725,2159,343695,288,24504,1981,114503,4339,316536,2269,431039,California
Ventura,2021-05-04,6456,731380,3376,360101,2781,346476,299,24803,2326,113013,4116,320652,2626,433665,California
Ventura,2021-05-05,5476,736856,3065,363166,2149,348625,262,25065,1955,111733,3489,324141,2209,435874,California
Ventura,2021-05-06,6243,743099,3221,366387,2754,351379,268,25333,1995,109771,4226,328367,2264,438138,California
Ventura,2021-05-07,6923,750022,3468,369855,3180,354559,275,25608,2356,107864,4537,332904,2630,440768,California
Ventura,2021-05-08,5421,755443,4217,374072,1046,355605,158,25766,1222,105059,4183,337087,1378,442146,California
Ventura,2021-05-09,1129,756572,820,374892,262,355867,47,25813,427,104838,694,337781,473,442619,California
Ventura,2021-05-10,6158,762730,4113,379005,1835,357702,210,26023,1384,101672,4759,342540,1593,444212,California
Ventura,2021-05-11,5360,768090,3307,382312,1828,359530,225,26248,1506,99560,3842,346382,1730,445942,California
Ventura,2021-05-12,5070,773160,2991,385303,1859,361389,220,26468,1534,97795,3519,349901,1754,447696,California
Ventura,2021-05-13,6366,779526,3857,389160,2302,363691,207,26675,2273,96203,4075,353976,2483,450179,California
Ventura,2021-05-14,7508,787034,4655,393815,2634,366325,219,26894,2832,94592,4657,358633,3046,453225,California
Ventura,2021-05-15,6755,793789,5394,399209,1274,367599,87,26981,2803,93559,3923,362556,2890,456115,California
Ventura,2021-05-16,2200,795989,1709,400918,439,368038,52,27033,1038,93491,1158,363714,1090,457205,California
Ventura,2021-05-17,5893,801882,3559,404477,2121,370159,213,27246,2401,92628,3476,367190,2613,459818,California
Ventura,2021-05-18,5426,807308,3170,407647,2076,372235,180,27426,2134,91668,3273,370463,2313,462131,California
Ventura,2021-05-19,5850,813158,3534,411181,2105,374340,211,27637,2361,90779,3457,373920,2568,464699,California
Ventura,2021-05-20,5497,818655,3052,414233,2286,376626,159,27796,2134,89737,3331,377251,2289,466988,California
Ventura,2021-05-21,7941,826596,4473,418706,3291,379917,177,27973,2560,87127,5348,382599,2738,469726,California
Ventura,2021-05-22,5667,832263,2901,421607,2691,382608,75,28048,1772,85090,3884,386483,1847,471573,California
Ventura,2021-05-23,1994,834257,1530,423137,392,383000,72,28120,745,84667,1240,387723,817,472390,California
Ventura,2021-05-24,4544,838801,2463,425600,1913,384913,168,28288,1449,83206,3075,390798,1614,474004,California
Ventura,2021-05-25,4295,843096,2230,427830,1913,386826,152,28440,1415,81910,2862,393660,1566,475570,California
Ventura,2021-05-26,4297,847393,2289,430119,1843,388669,165,28605,1654,81110,2621,396281,1821,477391,California
Ventura,2021-05-27,3875,851268,1911,432030,1836,390505,128,28733,1380,80135,2482,398763,1507,478898,California
Ventura,2021-05-28,4572,855840,2479,434509,1899,392404,194,28927,1979,79731,2571,401334,2167,481065,California
Ventura,2021-05-29,2158,857998,1351,435860,740,393144,67,28994,1045,79743,1100,402434,1112,482177,California
Ventura,2021-05-30,915,858913,585,436445,276,393420,54,29048,359,79604,551,402985,412,482589,California
Ventura,2021-05-31,257,859170,138,436583,110,393530,9,29057,61,79478,196,403181,70,482659,California
Ventura,2021-06-01,4017,863187,2284,438867,1567,395097,166,29223,1294,78239,2699,405880,1460,484119,California
Ventura,2021-06-02,2966,866153,1634,440501,1196,396293,136,29359,1006,77437,1944,407824,1142,485261,California
Ventura,2021-06-03,3248,869401,2010,442511,1083,397376,155,29514,885,76125,2351,410175,1039,486300,California
Ventura,2021-06-04,4597,873998,3025,445536,1411,398787,161,29675,1420,74543,3163,413338,1581,487881,California
Ventura,2021-06-05,3828,877826,3197,448733,567,399354,64,29739,1157,73106,2659,415997,1222,489103,California
Ventura,2021-06-06,1257,879083,1077,449810,135,399489,45,29784,285,72473,962,416959,329,489432,California
Ventura,2021-06-07,3167,882250,2356,452166,700,400189,111,29895,946,71324,2205,419164,1056,490488,California
Ventura,2021-06-08,3031,885281,1996,454162,900,401089,135,30030,885,70214,2130,421294,1020,491508,California
Ventura,2021-06-09,2943,888224,2050,456212,788,401877,105,30135,765,68919,2165,423459,870,492378,California
Ventura,2021-06-10,3041,891265,2128,458340,811,402688,102,30237,811,67613,2217,425676,911,493289,California
Ventura,2021-06-11,3478,894743,2394,460734,947,403635,137,30374,979,66239,2487,428163,1113,494402,California
Ventura,2021-06-12,2156,896899,1691,462425,419,404054,46,30420,515,65170,1630,429793,561,494963,California
Ventura,2021-06-13,1020,897919,783,463208,173,404227,64,30484,237,64692,781,430574,303,495266,California
Ventura,2021-06-14,2647,900566,1805,465013,711,404938,131,30615,818,63822,1818,432392,948,496214,California
Ventura,2021-06-15,2431,902997,1567,466580,753,405691,111,30726,847,63207,1571,433963,956,497170,California
Ventura,2021-06-16,2483,905480,1818,468398,559,406250,106,30832,824,62497,1639,435602,929,498099,California
Ventura,2021-06-17,2222,907702,1555,469953,567,406817,100,30932,819,62022,1394,436996,919,499018,California
Ventura,2021-06-18,2964,910666,2091,472044,749,407566,124,31056,977,61151,1972,438968,1101,500119,California
Ventura,2021-06-19,1377,912043,1066,473110,286,407852,25,31081,522,60854,844,439812,547,500666,California
Ventura,2021-06-20,693,912736,538,473648,114,407966,41,31122,260,60725,430,440242,301,500967,California
Ventura,2021-06-21,1683,914419,1077,474725,488,408454,118,31240,837,60843,836,441078,954,501921,California
Ventura,2021-06-22,1969,916388,1379,476104,491,408945,99,31339,736,60454,1223,442301,834,502755,California
Ventura,2021-06-23,1784,918172,1224,477328,453,409398,107,31446,739,60266,1033,443334,845,503600,California
Ventura,2021-06-24,1821,919993,1198,478526,504,409902,119,31565,723,60021,1087,444421,842,504442,California
Ventura,2021-06-25,2419,922412,1614,480140,630,410532,175,31740,879,59545,1530,445951,1054,505496,California
Ventura,2021-06-26,1553,923965,1265,481405,225,410757,63,31803,521,59104,1025,446976,584,506080,California
Ventura,2021-06-27,582,924547,453,481858,103,410860,26,31829,259,59069,320,447296,285,506365,California
Ventura,2021-06-28,1773,926320,1428,483286,246,411106,99,31928,723,58853,1038,448334,822,507187,California
Ventura,2021-06-29,1665,927985,1112,484398,462,411568,91,32019,686,58657,971,449305,775,507962,California
Ventura,2021-06-30,1580,929565,1114,485512,369,411937,97,32116,772,58722,801,450106,866,508828,California
Ventura,2021-07-01,1462,931027,1085,486597,302,412239,75,32191,627,58598,825,450931,701,509529,California
Ventura,2021-07-02,1777,932804,1212,487809,471,412710,94,32285,824,58571,945,451876,918,510447,California
Ventura,2021-07-03,891,933695,668,488477,187,412897,36,32321,444,58611,440,452316,480,510927,California
Ventura,2021-07-04,61,933756,44,488521,13,412910,4,32325,27,58608,34,452350,31,510958,California
Ventura,2021-07-05,953,934709,695,489216,192,413102,66,32391,407,58537,543,452893,472,511430,California
Ventura,2021-07-06,1499,936208,1043,490259,383,413485,73,32464,644,58407,847,453740,717,512147,California
Ventura,2021-07-07,1490,937698,1037,491296,354,413839,99,32563,574,58171,909,454649,673,512820,California
Ventura,2021-07-08,1017,938715,798,492094,162,414001,57,32620,389,57994,623,455272,446,513266,California
Yolo,2020-12-15,39,39,39,39,0,0,0,0,39,39,0,0,39,39,California
Yolo,2020-12-16,80,119,80,119,0,0,0,0,80,119,0,0,80,119,California
Yolo,2020-12-17,107,226,107,226,0,0,0,0,107,226,0,0,107,226,California
Yolo,2020-12-18,231,457,231,457,0,0,0,0,231,457,0,0,231,457,California
Yolo,2020-12-19,87,544,87,544,0,0,0,0,87,544,0,0,87,544,California
Yolo,2020-12-20,102,646,102,646,0,0,0,0,102,646,0,0,102,646,California
Yolo,2020-12-21,253,899,253,899,0,0,0,0,253,899,0,0,253,899,California
Yolo,2020-12-22,385,1284,384,1283,1,1,0,0,385,1284,0,0,385,1284,California
Yolo,2020-12-23,438,1722,418,1701,20,21,0,0,438,1722,0,0,438,1722,California
Yolo,2020-12-24,153,1875,96,1797,57,78,0,0,153,1875,0,0,153,1875,California
Yolo,2020-12-25,1,1876,1,1798,0,78,0,0,1,1876,0,0,1,1876,California
Yolo,2020-12-26,75,1951,25,1823,50,128,0,0,75,1951,0,0,75,1951,California
Yolo,2020-12-27,46,1997,19,1842,27,155,0,0,46,1997,0,0,46,1997,California
Yolo,2020-12-28,404,2401,235,2077,169,324,0,0,404,2401,0,0,404,2401,California
Yolo,2020-12-29,492,2893,268,2345,224,548,0,0,492,2893,0,0,492,2893,California
Yolo,2020-12-30,626,3519,256,2601,370,918,0,0,626,3519,0,0,626,3519,California
Yolo,2020-12-31,183,3702,93,2694,90,1008,0,0,183,3702,0,0,183,3702,California
Yolo,2021-01-01,58,3760,56,2750,2,1010,0,0,58,3760,0,0,58,3760,California
Yolo,2021-01-02,72,3832,28,2778,44,1054,0,0,72,3832,0,0,72,3832,California
Yolo,2021-01-03,44,3876,19,2797,25,1079,0,0,44,3876,0,0,44,3876,California
Yolo,2021-01-04,192,4068,41,2838,151,1230,0,0,192,4068,0,0,192,4068,California
Yolo,2021-01-05,619,4687,238,3076,381,1611,0,0,554,4557,65,65,554,4622,California
Yolo,2021-01-06,484,5171,183,3259,301,1912,0,0,347,4767,137,202,347,4969,California
Yolo,2021-01-07,713,5884,234,3493,479,2391,0,0,520,5095,192,394,520,5489,California
Yolo,2021-01-08,631,6515,311,3804,320,2711,0,0,406,5277,224,618,406,5895,California
Yolo,2021-01-09,411,6926,73,3877,338,3049,0,0,365,5596,46,664,365,6260,California
Yolo,2021-01-10,394,7320,80,3957,314,3363,0,0,324,5850,70,734,324,6584,California
Yolo,2021-01-11,565,7885,329,4286,236,3599,0,0,290,5867,275,1009,292,6876,California
Yolo,2021-01-12,563,8448,443,4729,120,3719,0,0,194,5693,369,1378,195,7071,California
Yolo,2021-01-13,775,9223,313,5042,462,4181,0,0,522,5962,253,1631,522,7593,California
Yolo,2021-01-14,381,9604,184,5226,197,4378,0,0,277,6135,104,1735,277,7870,California
Yolo,2021-01-15,634,10238,323,5549,311,4689,0,0,551,6604,83,1818,552,8422,California
Yolo,2021-01-16,748,10986,96,5645,652,5341,0,0,717,7290,31,1849,717,9139,California
Yolo,2021-01-17,191,11177,121,5766,70,5411,0,0,184,7467,7,1856,184,9323,California
Yolo,2021-01-18,485,11662,305,6071,180,5591,0,0,333,7648,152,2008,333,9656,California
Yolo,2021-01-19,561,12223,372,6443,189,5780,0,0,384,7855,177,2185,384,10040,California
Yolo,2021-01-20,661,12884,384,6827,277,6057,0,0,470,8135,190,2375,470,10510,California
Yolo,2021-01-21,650,13534,384,7211,266,6323,0,0,461,8407,189,2564,461,10971,California
Yolo,2021-01-22,758,14292,255,7466,503,6826,0,0,640,8931,116,2680,640,11611,California
Yolo,2021-01-23,627,14919,126,7592,501,7327,0,0,577,9458,50,2730,577,12188,California
Yolo,2021-01-24,207,15126,123,7715,84,7411,0,0,166,9583,41,2771,166,12354,California
Yolo,2021-01-25,740,15866,163,7878,577,7988,0,0,519,9880,222,2993,519,12873,California
Yolo,2021-01-26,831,16697,330,8208,501,8489,0,0,434,9917,397,3390,434,13307,California
Yolo,2021-01-27,685,17382,230,8438,455,8944,0,0,402,10036,283,3673,402,13709,California
Yolo,2021-01-28,1055,18437,563,9001,492,9436,0,0,930,10842,124,3797,930,14639,California
Yolo,2021-01-29,984,19421,266,9267,718,10154,0,0,899,11657,84,3881,899,15538,California
Yolo,2021-01-30,1529,20950,923,10190,606,10760,0,0,1406,12946,117,3998,1406,16944,California
Yolo,2021-01-31,240,21190,202,10392,38,10798,0,0,211,13129,28,4026,211,17155,California
Yolo,2021-02-01,859,22049,365,10757,494,11292,0,0,622,13517,234,4260,622,17777,California
Yolo,2021-02-02,1350,23399,755,11512,595,11887,0,0,933,14034,417,4677,934,18711,California
Yolo,2021-02-03,1534,24933,400,11912,1134,13021,0,0,1192,14887,339,5016,1192,19903,California
Yolo,2021-02-04,1810,26743,281,12193,1529,14550,0,0,1255,15598,545,5561,1256,21159,California
Yolo,2021-02-05,1614,28357,918,13111,696,15246,0,0,1210,16406,403,5964,1211,22370,California
Yolo,2021-02-06,1929,30286,1254,14365,675,15921,0,0,1563,17604,366,6330,1564,23934,California
Yolo,2021-02-07,524,30810,253,14618,271,16192,0,0,173,17427,350,6680,173,24107,California
Yolo,2021-02-08,951,31761,334,14952,617,16809,0,0,605,17690,342,7022,605,24712,California
Yolo,2021-02-09,861,32622,387,15339,474,17283,0,0,573,17975,288,7310,573,25285,California
Yolo,2021-02-10,1478,34100,480,15819,998,18281,0,0,830,18159,648,7958,832,26117,California
Yolo,2021-02-11,1581,35681,808,16627,773,19054,0,0,1187,18952,394,8352,1187,27304,California
Yolo,2021-02-12,1949,37630,761,17388,1188,20242,0,0,1460,19928,485,8837,1461,28765,California
Yolo,2021-02-13,2073,39703,716,18104,1357,21599,0,0,1394,20643,679,9516,1394,30159,California
Yolo,2021-02-14,573,40276,156,18260,417,22016,0,0,448,20967,124,9640,448,30607,California
Yolo,2021-02-15,535,40811,192,18452,343,22359,0,0,266,20965,269,9909,267,30874,California
Yolo,2021-02-16,1151,41962,433,18885,718,23077,0,0,821,21457,330,10239,822,31696,California
Yolo,2021-02-17,1394,43356,703,19588,691,23768,0,0,992,22048,402,10641,993,32689,California
Yolo,2021-02-18,2512,45868,822,20410,1690,25458,0,0,1728,22994,783,11424,1729,34418,California
Yolo,2021-02-19,1767,47635,754,21164,1013,26471,0,0,1138,23505,627,12051,1138,35556,California
Yolo,2021-02-20,2571,50206,958,22122,1613,28084,0,0,1387,23714,1179,13230,1388,36944,California
Yolo,2021-02-21,326,50532,236,22358,90,28174,0,0,108,23605,217,13447,108,37052,California
Yolo,2021-02-22,1415,51947,618,22976,797,28971,0,0,709,23610,704,14151,709,37761,California
Yolo,2021-02-23,1175,53122,882,23858,293,29264,0,0,447,23331,726,14877,447,38208,California
Yolo,2021-02-24,2139,55261,612,24470,1527,30791,0,0,1400,23994,737,15614,1400,39608,California
Yolo,2021-02-25,1426,56687,504,24974,922,31713,0,0,930,24429,495,16109,930,40538,California
Yolo,2021-02-26,2692,59379,1060,26034,1632,33345,0,0,1327,24395,1361,17470,1327,41865,California
Yolo,2021-02-27,1712,61091,781,26815,931,34276,0,0,1256,25195,456,17926,1256,43121,California
Yolo,2021-02-28,1833,62924,1525,28340,308,34584,0,0,711,24787,1120,19046,712,43833,California
Yolo,2021-03-01,1158,64082,375,28715,783,35367,0,0,698,25028,457,19503,698,44531,California
Yolo,2021-03-02,1509,65591,706,29421,803,36170,0,0,959,25437,550,20053,959,45490,California
Yolo,2021-03-03,1894,67485,646,30067,1248,37418,0,0,854,25253,1038,21091,854,46344,California
Yolo,2021-03-04,3044,70529,1467,31534,1577,38995,0,0,1580,25372,1461,22552,1580,47924,California
Yolo,2021-03-05,2495,73024,1410,32944,1074,40069,11,11,1518,25925,976,23528,1529,49453,California
Yolo,2021-03-06,1491,74515,1137,34081,325,40394,29,40,848,26162,640,24168,877,50330,California
Yolo,2021-03-07,941,75456,682,34763,233,40627,26,66,787,26821,154,24322,813,51143,California
Yolo,2021-03-08,1348,76804,501,35264,803,41430,44,110,891,27300,456,24778,935,52078,California
Yolo,2021-03-09,1587,78391,691,35955,834,42264,62,172,966,27709,619,25397,1028,53106,California
Yolo,2021-03-10,2219,80610,1062,37017,865,43129,292,464,978,27735,1236,26633,1262,54368,California
Yolo,2021-03-11,2720,83330,1607,38624,1044,44173,69,533,1815,28715,904,27537,1884,56252,California
Yolo,2021-03-12,2935,86265,1362,39986,1491,45664,82,615,1380,28632,1546,29083,1463,57715,California
Yolo,2021-03-13,1963,88228,737,40723,1050,46714,176,791,1030,28907,930,30013,1205,58920,California
Yolo,2021-03-14,1070,89298,214,40937,706,47420,150,941,528,29039,540,30553,672,59592,California
Yolo,2021-03-15,1679,90977,771,41708,727,48147,181,1122,1058,29655,619,31172,1235,60827,California
Yolo,2021-03-16,2034,93011,732,42440,1230,49377,72,1194,1239,30171,795,31967,1311,62138,California
Yolo,2021-03-17,2533,95544,989,43429,1472,50849,72,1266,1732,31209,797,32764,1835,63973,California
Yolo,2021-03-18,3054,98598,1042,44471,1785,52634,227,1493,1261,30908,1789,34553,1488,65461,California
Yolo,2021-03-19,2113,100711,879,45350,1166,53800,68,1561,1090,31049,1017,35570,1158,66619,California
Yolo,2021-03-20,2784,103495,818,46168,1923,55723,43,1604,1094,30504,1684,37254,1139,67758,California
Yolo,2021-03-21,317,103812,217,46385,92,55815,8,1612,177,30550,139,37393,185,67943,California
Yolo,2021-03-22,1411,105223,496,46881,855,56670,60,1672,914,31028,495,37888,973,68916,California
Yolo,2021-03-23,1760,106983,946,47827,757,57427,57,1729,1081,31488,677,38565,1137,70053,California
Yolo,2021-03-24,2894,109877,1407,49234,1436,58863,51,1780,1399,31458,1481,40046,1451,71504,California
Yolo,2021-03-25,2545,112422,1406,50640,1110,59973,29,1809,1249,31450,1286,41332,1278,72782,California
Yolo,2021-03-26,2408,114830,1262,51902,1126,61099,20,1829,1022,31112,1379,42711,1041,73823,California
Yolo,2021-03-27,1668,116498,459,52361,1191,62290,18,1847,741,30945,926,43637,759,74582,California
Yolo,2021-03-28,1109,117607,862,53223,228,62518,19,1866,248,30354,857,44494,266,74848,California
Yolo,2021-03-29,2040,119647,827,54050,1183,63701,30,1896,969,30286,1067,45561,999,75847,California
Yolo,2021-03-30,2329,121976,1119,55169,1189,64890,21,1917,1202,30388,1122,46683,1224,77071,California
Yolo,2021-03-31,2367,124343,1233,56402,1097,65987,37,1954,1182,30423,1184,47867,1219,78290,California
Yolo,2021-04-01,3867,128210,1866,58268,1520,67507,481,2435,1597,30233,2267,50134,2077,80367,California
Yolo,2021-04-02,3410,131620,1527,59795,1736,69243,147,2582,2064,31105,1339,51473,2211,82578,California
Yolo,2021-04-03,1827,133447,1104,60899,501,69744,222,2804,808,31118,1017,52490,1030,83608,California
Yolo,2021-04-04,391,133838,157,61056,173,69917,61,2865,143,31075,247,52737,204,83812,California
Yolo,2021-04-05,1933,135771,740,61796,1093,71010,100,2965,900,31048,1028,53765,1001,84813,California
Yolo,2021-04-06,2604,138375,1324,63120,1107,72117,173,3138,1140,30905,1454,55219,1311,86124,California
Yolo,2021-04-07,3003,141378,1521,64641,1126,73243,356,3494,1746,31759,1252,56471,2106,88230,California
Yolo,2021-04-08,2435,143813,1010,65651,949,74192,476,3970,855,31509,1578,58049,1328,89558,California
Yolo,2021-04-09,2611,146424,926,66577,1103,75295,582,4552,834,31142,1774,59823,1407,90965,California
Yolo,2021-04-10,1769,148193,829,67406,757,76052,183,4735,1026,31611,739,60562,1208,92173,California
Yolo,2021-04-11,894,149087,285,67691,565,76617,44,4779,363,31489,528,61090,406,92579,California
Yolo,2021-04-12,1780,150867,527,68218,1110,77727,143,4922,788,31433,988,62078,932,93511,California
Yolo,2021-04-13,1995,152862,919,69137,1076,78803,0,4922,919,31277,1075,63153,919,94430,California
Yolo,2021-04-14,2806,155668,773,69910,2033,80836,0,4922,1371,31221,1427,64580,1371,95801,California
Yolo,2021-04-15,3367,159035,1146,71056,2221,83057,0,4922,2288,32437,1072,65652,2288,98089,California
Yolo,2021-04-16,3095,162130,1994,73050,1101,84158,0,4922,1976,33302,1111,66763,1976,100065,California
Yolo,2021-04-17,1640,163770,479,73529,1161,85319,0,4922,852,33371,783,67546,852,100917,California
Yolo,2021-04-18,646,164416,318,73847,328,85647,0,4922,361,33451,281,67827,361,101278,California
Yolo,2021-04-19,1693,166109,730,74577,962,86609,1,4923,779,33322,909,68736,780,102058,California
Yolo,2021-04-20,2080,168189,1074,75651,1006,87615,0,4923,1077,33398,1001,69737,1077,103135,California
Yolo,2021-04-21,2079,170268,1062,76713,1017,88632,0,4923,1118,33561,955,70692,1118,104253,California
Yolo,2021-04-22,1993,172261,914,77627,1079,89711,0,4923,985,33545,1002,71694,986,105239,California
Yolo,2021-04-23,2661,174922,1561,79188,1100,90811,0,4923,1169,33234,1480,73174,1169,106408,California
Yolo,2021-04-24,1181,176103,648,79836,530,91341,3,4926,468,33001,704,73878,471,106879,California
Yolo,2021-04-25,951,177054,407,80243,544,91885,0,4926,728,33507,222,74100,728,107607,California
Yolo,2021-04-26,1255,178309,498,80741,754,92639,3,4929,533,33325,719,74819,537,108144,California
Yolo,2021-04-27,1567,179876,739,81480,808,93447,20,4949,607,32993,959,75778,627,108771,California
Yolo,2021-04-28,2076,181952,1028,82508,1021,94468,27,4976,749,32445,1324,77102,776,109547,California
Yolo,2021-04-29,1801,183753,853,83361,864,95332,84,5060,710,32150,1087,78189,792,110339,California
Yolo,2021-04-30,2111,185864,1089,84450,964,96296,58,5118,1043,32190,1061,79250,1101,111440,California
Yolo,2021-05-01,1289,187153,999,85449,270,96566,20,5138,376,31675,911,80161,396,111836,California
Yolo,2021-05-02,519,187672,427,85876,69,96635,23,5161,323,31825,196,80357,346,112182,California
Yolo,2021-05-03,1133,188805,406,86282,693,97328,34,5195,301,31330,829,81186,334,112516,California
Yolo,2021-05-04,1471,190276,683,86965,764,98092,24,5219,507,30902,959,82145,531,113047,California
Yolo,2021-05-05,1597,191873,455,87420,1075,99167,67,5286,462,30303,1128,83273,529,113576,California
Yolo,2021-05-06,1531,193404,718,88138,731,99898,82,5368,497,29865,1017,84290,579,114155,California
Yolo,2021-05-07,2333,195737,1402,89540,880,100778,51,5419,466,28521,1859,86149,515,114670,California
Yolo,2021-05-08,852,196589,374,89914,422,101200,56,5475,320,28367,528,86677,374,115044,California
Yolo,2021-05-09,402,196991,172,90086,217,101417,13,5488,91,28161,310,86987,104,115148,California
Yolo,2021-05-10,1189,198180,359,90445,784,102201,46,5534,204,27427,983,87970,249,115397,California
Yolo,2021-05-11,1181,199361,697,91142,462,102663,22,5556,294,26862,881,88851,316,115713,California
Yolo,2021-05-12,1835,201196,715,91857,1087,103750,33,5589,336,25741,1493,90344,372,116085,California
Yolo,2021-05-13,2615,203811,862,92719,1698,105448,55,5644,666,24517,1945,92289,721,116806,California
Yolo,2021-05-14,2441,206252,1523,94242,887,106335,31,5675,1189,24491,1246,93535,1220,118026,California
Yolo,2021-05-15,1281,207533,733,94975,501,106836,47,5722,661,24580,619,94154,708,118734,California
Yolo,2021-05-16,1456,208989,1238,96213,211,107047,7,5729,1011,25157,441,94595,1018,119752,California
Yolo,2021-05-17,1137,210126,447,96660,672,107719,18,5747,349,24740,784,95379,367,120119,California
Yolo,2021-05-18,1802,211928,1109,97769,670,108389,23,5770,919,24806,876,96255,942,121061,California
Yolo,2021-05-19,1304,213232,587,98356,678,109067,39,5809,519,24582,782,97037,558,121619,California
Yolo,2021-05-20,1228,214460,699,99055,503,109570,26,5835,384,24154,838,97875,410,122029,California
Yolo,2021-05-21,1444,215904,930,99985,487,110057,27,5862,352,23446,1085,98960,377,122406,California
Yolo,2021-05-22,827,216731,542,100527,277,110334,8,5870,282,23201,536,99496,291,122697,California
Yolo,2021-05-23,620,217351,165,100692,439,110773,16,5886,108,22816,510,100006,125,122822,California
Yolo,2021-05-24,709,218060,351,101043,338,111111,20,5906,220,22571,486,100492,241,123063,California
Yolo,2021-05-25,884,218944,513,101556,348,111459,23,5929,343,22402,535,101027,366,123429,California
Yolo,2021-05-26,820,219764,269,101825,518,111977,33,5962,246,22111,570,101597,279,123708,California
Yolo,2021-05-27,760,220524,379,102204,330,112307,51,6013,300,22007,455,102052,351,124059,California
Yolo,2021-05-28,883,221407,402,102606,452,112759,29,6042,378,21912,500,102552,405,124464,California
Yolo,2021-05-29,600,222007,345,102951,219,112978,36,6078,273,21894,324,102876,306,124770,California
Yolo,2021-05-30,136,222143,71,103022,58,113036,7,6085,55,21877,79,102955,62,124832,California
Yolo,2021-05-31,68,222211,18,103040,48,113084,2,6087,16,21842,52,103007,17,124849,California
Yolo,2021-06-01,755,222966,326,103366,405,113489,24,6111,245,21607,504,103511,269,125118,California
Yolo,2021-06-02,758,223724,302,103668,435,113924,21,6132,230,21333,525,104036,251,125369,California
Yolo,2021-06-03,931,224655,593,104261,314,114238,24,6156,212,20854,715,104751,236,125605,California
Yolo,2021-06-04,1497,226152,1217,105478,258,114496,22,6178,380,20143,1112,105863,401,126006,California
Yolo,2021-06-05,720,226872,549,106027,154,114650,17,6195,148,19736,572,106435,165,126171,California
Yolo,2021-06-06,1117,227989,1052,107079,58,114708,7,6202,163,18953,953,107388,170,126341,California
Yolo,2021-06-07,515,228504,269,107348,226,114934,20,6222,112,18686,398,107786,131,126472,California
Yolo,2021-06-08,1043,229547,813,108161,212,115146,18,6240,198,18058,844,108630,216,126688,California
Yolo,2021-06-09,793,230340,491,108652,271,115417,31,6271,217,17734,571,109201,247,126935,California
Yolo,2021-06-10,569,230909,359,109011,177,115594,33,6304,166,17533,400,109601,199,127134,California
Yolo,2021-06-11,659,231568,451,109462,184,115778,24,6328,193,17286,464,110065,217,127351,California
Yolo,2021-06-12,483,232051,278,109740,180,115958,25,6353,143,17118,336,110401,168,127519,California
Yolo,2021-06-13,154,232205,115,109855,38,115996,1,6354,60,17087,93,110494,62,127581,California
Yolo,2021-06-14,411,232616,255,110110,123,116119,33,6387,129,16969,281,110775,163,127744,California
Yolo,2021-06-15,772,233388,400,110510,346,116465,26,6413,237,16703,529,111304,263,128007,California
Yolo,2021-06-16,474,233862,243,110753,189,116654,42,6455,168,16607,304,111608,208,128215,California
Yolo,2021-06-17,495,234357,314,111067,125,116779,56,6511,172,16514,321,111929,228,128443,California
Yolo,2021-06-18,554,234911,396,111463,136,116915,22,6533,209,16402,342,112271,230,128673,California
Yolo,2021-06-19,321,235232,205,111668,99,117014,17,6550,117,16333,203,112474,134,128807,California
Yolo,2021-06-20,114,235346,74,111742,36,117050,4,6554,62,16350,50,112524,67,128874,California
Yolo,2021-06-21,207,235553,88,111830,100,117150,19,6573,112,16388,93,112617,131,129005,California
Yolo,2021-06-22,522,236075,296,112126,206,117356,20,6593,235,16358,285,112902,255,129260,California
Yolo,2021-06-23,377,236452,213,112339,146,117502,18,6611,151,16304,223,113125,169,129429,California
Yolo,2021-06-24,398,236850,247,112586,108,117610,43,6654,175,16300,222,113347,218,129647,California
Yolo,2021-06-25,551,237401,385,112971,121,117731,45,6699,191,16180,356,113703,236,129883,California
Yolo,2021-06-26,271,237672,165,113136,82,117813,24,6723,110,16154,159,113862,133,130016,California
Yolo,2021-06-27,179,237851,142,113278,32,117845,5,6728,64,16107,115,113977,68,130084,California
Yolo,2021-06-28,255,238106,130,113408,52,117897,73,6801,108,16141,146,114123,180,130264,California
Yolo,2021-06-29,421,238527,265,113673,107,118004,49,6850,154,16080,264,114387,203,130467,California
Yolo,2021-06-30,366,238893,205,113878,134,118138,27,6877,134,16008,232,114619,160,130627,California
Yolo,2021-07-01,305,239198,171,114049,102,118240,32,6909,111,15959,191,114810,142,130769,California
Yolo,2021-07-02,343,239541,232,114281,99,118339,12,6921,140,15909,202,115012,152,130921,California
Yolo,2021-07-03,206,239747,128,114409,74,118413,4,6925,91,15889,115,115127,95,131016,California
Yolo,2021-07-04,73,239820,41,114450,27,118440,5,6930,22,15866,50,115177,27,131043,California
Yolo,2021-07-05,139,239959,84,114534,50,118490,5,6935,67,15867,71,115248,72,131115,California
Yolo,2021-07-06,360,240319,239,114773,102,118592,19,6954,136,15802,221,115469,156,131271,California
Yolo,2021-07-07,372,240691,196,114969,112,118704,64,7018,144,15782,227,115696,207,131478,California
Yolo,2021-07-08,174,240865,117,115086,47,118751,10,7028,70,15759,102,115798,79,131557,California
Yuba,2020-12-16,4,4,4,4,0,0,0,0,4,4,0,0,4,4,California
Yuba,2020-12-17,4,8,4,8,0,0,0,0,4,8,0,0,4,8,California
Yuba,2020-12-18,9,17,9,17,0,0,0,0,9,17,0,0,9,17,California
Yuba,2020-12-19,12,29,12,29,0,0,0,0,12,29,0,0,12,29,California
Yuba,2020-12-20,19,48,19,48,0,0,0,0,19,48,0,0,19,48,California
Yuba,2020-12-21,41,89,41,89,0,0,0,0,41,89,0,0,41,89,California
Yuba,2020-12-22,85,174,85,174,0,0,0,0,85,174,0,0,85,174,California
Yuba,2020-12-23,65,239,63,237,2,2,0,0,65,239,0,0,65,239,California
Yuba,2020-12-24,20,259,10,247,10,12,0,0,20,259,0,0,20,259,California
Yuba,2020-12-25,1,260,1,248,0,12,0,0,1,260,0,0,1,260,California
Yuba,2020-12-26,14,274,13,261,1,13,0,0,14,274,0,0,14,274,California
Yuba,2020-12-27,15,289,15,276,0,13,0,0,15,289,0,0,15,289,California
Yuba,2020-12-28,51,340,35,311,16,29,0,0,51,340,0,0,51,340,California
Yuba,2020-12-29,74,414,10,321,64,93,0,0,74,414,0,0,74,414,California
Yuba,2020-12-30,63,477,20,341,43,136,0,0,63,477,0,0,63,477,California
Yuba,2020-12-31,39,516,6,347,33,169,0,0,39,516,0,0,39,516,California
Yuba,2021-01-02,21,537,20,367,1,170,0,0,21,537,0,0,21,537,California
Yuba,2021-01-03,10,547,6,373,4,174,0,0,10,547,0,0,10,547,California
Yuba,2021-01-04,92,639,23,396,69,243,0,0,92,639,0,0,92,639,California
Yuba,2021-01-05,71,710,39,435,32,275,0,0,70,708,1,1,70,709,California
Yuba,2021-01-06,153,863,76,511,77,352,0,0,147,849,6,7,147,856,California
Yuba,2021-01-07,74,937,18,529,56,408,0,0,71,916,4,11,71,927,California
Yuba,2021-01-08,73,1010,23,552,50,458,0,0,66,975,7,18,66,993,California
Yuba,2021-01-09,19,1029,16,568,3,461,0,0,11,978,8,26,11,1004,California
Yuba,2021-01-10,117,1146,22,590,95,556,0,0,95,1051,22,48,95,1099,California
Yuba,2021-01-11,73,1219,50,640,23,579,0,0,33,1044,40,88,33,1132,California
Yuba,2021-01-12,109,1328,78,718,31,610,0,0,44,1023,65,153,44,1176,California
Yuba,2021-01-13,119,1447,72,790,47,657,0,0,54,1013,64,217,54,1230,California
Yuba,2021-01-14,114,1561,44,834,70,727,0,0,102,1103,12,229,102,1332,California
Yuba,2021-01-15,205,1766,86,920,119,846,0,0,195,1288,10,239,195,1527,California
Yuba,2021-01-16,189,1955,22,942,167,1013,0,0,176,1450,14,253,176,1703,California
Yuba,2021-01-17,13,1968,9,951,4,1017,0,0,7,1451,6,259,7,1710,California
Yuba,2021-01-18,61,2029,32,983,29,1046,0,0,36,1462,25,284,36,1746,California
Yuba,2021-01-19,81,2110,30,1013,51,1097,0,0,66,1513,15,299,66,1812,California
Yuba,2021-01-20,133,2243,86,1099,47,1144,0,0,110,1600,23,322,110,1922,California
Yuba,2021-01-21,221,2464,103,1202,118,1262,0,0,212,1803,9,331,212,2134,California
Yuba,2021-01-22,107,2571,7,1209,100,1362,0,0,98,1892,9,340,98,2232,California
Yuba,2021-01-23,198,2769,7,1216,191,1553,0,0,196,2086,2,342,196,2428,California
Yuba,2021-01-24,10,2779,7,1223,3,1556,0,0,8,2092,2,344,8,2436,California
Yuba,2021-01-25,86,2865,30,1253,56,1612,0,0,53,2113,32,376,53,2489,California
Yuba,2021-01-26,148,3013,40,1293,108,1720,0,0,90,2145,58,434,90,2579,California
Yuba,2021-01-27,185,3198,129,1422,56,1776,0,0,118,2196,67,501,118,2697,California
Yuba,2021-01-28,228,3426,89,1511,139,1915,0,0,178,2324,50,551,178,2875,California
Yuba,2021-01-29,149,3575,45,1556,104,2019,0,0,111,2397,38,589,111,2986,California
Yuba,2021-01-30,407,3982,23,1579,384,2403,0,0,396,2782,11,600,396,3382,California
Yuba,2021-01-31,18,4000,12,1591,6,2409,0,0,16,2796,2,602,16,3398,California
Yuba,2021-02-01,155,4155,75,1666,80,2489,0,0,131,2905,23,625,132,3530,California
Yuba,2021-02-02,127,4282,22,1688,105,2594,0,0,103,2984,24,649,103,3633,California
Yuba,2021-02-03,230,4512,30,1718,200,2794,0,0,116,2987,113,762,116,3749,California
Yuba,2021-02-04,298,4810,120,1838,178,2972,0,0,253,3195,45,807,253,4002,California
Yuba,2021-02-05,148,4958,32,1870,116,3088,0,0,71,3189,77,884,71,4073,California
Yuba,2021-02-06,453,5411,26,1896,427,3515,0,0,445,3626,8,892,445,4518,California
Yuba,2021-02-07,20,5431,13,1909,7,3522,0,0,16,3638,4,896,16,4534,California
Yuba,2021-02-08,98,5529,35,1944,63,3585,0,0,66,3672,32,928,66,4600,California
Yuba,2021-02-09,156,5685,56,2000,100,3685,0,0,85,3686,71,999,85,4685,California
Yuba,2021-02-10,362,6047,176,2176,186,3871,0,0,122,3570,238,1237,122,4807,California
Yuba,2021-02-11,404,6451,67,2243,337,4208,0,0,301,3770,101,1338,301,5108,California
Yuba,2021-02-12,271,6722,28,2271,243,4451,0,0,153,3805,118,1456,153,5261,California
Yuba,2021-02-13,438,7160,36,2307,402,4853,0,0,387,4141,51,1507,387,5648,California
Yuba,2021-02-14,52,7212,10,2317,42,4895,0,0,47,4183,5,1512,47,5695,California
Yuba,2021-02-15,91,7303,36,2353,55,4950,0,0,71,4234,20,1532,71,5766,California
Yuba,2021-02-16,202,7505,55,2408,147,5097,0,0,143,4319,58,1590,143,5909,California
Yuba,2021-02-17,380,7885,158,2566,222,5319,0,0,101,4142,278,1868,101,6010,California
Yuba,2021-02-18,326,8211,49,2615,277,5596,0,0,198,4212,128,1996,198,6208,California
Yuba,2021-02-19,231,8442,82,2697,149,5745,0,0,144,4270,86,2082,144,6352,California
Yuba,2021-02-20,397,8839,30,2727,367,6112,0,0,339,4551,58,2140,339,6691,California
Yuba,2021-02-21,24,8863,14,2741,10,6122,0,0,14,4555,10,2150,14,6705,California
Yuba,2021-02-22,131,8994,82,2823,49,6171,0,0,38,4500,93,2243,38,6743,California
Yuba,2021-02-23,129,9123,28,2851,101,6272,0,0,53,4479,75,2318,54,6797,California
Yuba,2021-02-24,498,9621,143,2994,355,6627,0,0,112,4205,386,2704,112,6909,California
Yuba,2021-02-25,364,9985,145,3139,219,6846,0,0,224,4289,140,2844,224,7133,California
Yuba,2021-02-26,266,10251,70,3209,196,7042,0,0,147,4319,117,2961,147,7280,California
Yuba,2021-02-27,474,10725,47,3256,427,7469,0,0,386,4619,86,3047,386,7666,California
Yuba,2021-02-28,72,10797,23,3279,49,7518,0,0,48,4643,24,3071,48,7714,California
Yuba,2021-03-01,164,10961,43,3322,121,7639,0,0,83,4646,80,3151,83,7797,California
Yuba,2021-03-02,160,11121,36,3358,124,7763,0,0,80,4646,80,3231,80,7877,California
Yuba,2021-03-03,628,11749,159,3517,469,8232,0,0,200,4419,427,3658,200,8077,California
Yuba,2021-03-04,471,12220,274,3791,197,8429,0,0,327,4603,143,3801,327,8404,California
Yuba,2021-03-05,326,12546,60,3851,265,8694,1,1,258,4794,68,3869,259,8663,California
Yuba,2021-03-06,476,13022,35,3886,437,9131,4,5,369,5061,106,3975,373,9036,California
Yuba,2021-03-07,57,13079,28,3914,27,9158,2,7,41,5088,16,3991,43,9079,California
Yuba,2021-03-08,160,13239,48,3962,96,9254,16,23,100,5144,60,4051,116,9195,California
Yuba,2021-03-09,181,13420,48,4010,113,9367,20,43,85,5153,96,4147,105,9300,California
Yuba,2021-03-10,738,14158,234,4244,474,9841,30,73,233,4911,505,4652,263,9563,California
Yuba,2021-03-11,439,14597,198,4442,229,10070,12,85,295,5074,144,4796,307,9870,California
Yuba,2021-03-12,467,15064,87,4529,327,10397,53,138,155,4970,312,5108,208,10078,California
Yuba,2021-03-13,464,15528,338,4867,111,10508,15,153,364,5250,99,5207,379,10457,California
Yuba,2021-03-14,107,15635,20,4887,77,10585,10,163,46,5247,59,5266,56,10513,California
Yuba,2021-03-15,196,15831,50,4937,130,10715,16,179,99,5265,97,5363,115,10628,California
Yuba,2021-03-16,298,16129,74,5011,200,10915,24,203,185,5362,112,5475,209,10837,California
Yuba,2021-03-17,750,16879,165,5176,554,11469,31,234,193,5032,554,6029,224,11061,California
Yuba,2021-03-18,587,17466,161,5337,313,11782,113,347,353,5263,234,6263,465,11526,California
Yuba,2021-03-19,331,17797,119,5456,158,11940,54,401,183,5351,148,6411,236,11762,California
Yuba,2021-03-20,555,18352,81,5537,456,12396,18,419,475,5765,79,6490,493,12255,California
Yuba,2021-03-21,62,18414,36,5573,26,12422,0,419,42,5787,20,6510,42,12297,California
Yuba,2021-03-22,191,18605,70,5643,114,12536,7,426,149,5901,42,6552,156,12453,California
Yuba,2021-03-23,266,18871,79,5722,159,12695,28,454,176,6017,88,6640,204,12657,California
Yuba,2021-03-24,770,19641,254,5976,435,13130,81,535,185,5700,583,7223,266,12923,California
Yuba,2021-03-25,505,20146,269,6245,214,13344,22,557,248,5713,257,7480,270,13193,California
Yuba,2021-03-26,400,20546,143,6388,228,13572,29,586,226,5795,173,7653,255,13448,California
Yuba,2021-03-27,464,21010,28,6416,433,14005,3,589,409,6152,54,7707,411,13859,California
Yuba,2021-03-28,102,21112,42,6458,56,14061,4,593,34,6122,68,7775,38,13897,California
Yuba,2021-03-29,297,21409,87,6545,178,14239,32,625,179,6215,118,7893,211,14108,California
Yuba,2021-03-30,274,21683,70,6615,196,14435,8,633,189,6327,85,7978,197,14305,California
Yuba,2021-03-31,676,22359,114,6729,551,14986,11,644,244,6152,430,8408,255,14560,California
Yuba,2021-04-01,630,22989,291,7020,309,15295,30,674,292,6136,338,8746,322,14882,California
Yuba,2021-04-02,504,23493,96,7116,325,15620,83,757,187,6089,316,9062,269,15151,California
Yuba,2021-04-03,653,24146,55,7171,116,15736,482,1239,87,6093,565,9627,569,15720,California
Yuba,2021-04-04,59,24205,10,7181,42,15778,7,1246,31,6103,28,9655,38,15758,California
Yuba,2021-04-05,250,24455,79,7260,149,15927,22,1268,124,6124,124,9779,145,15903,California
Yuba,2021-04-06,359,24814,115,7375,183,16110,61,1329,173,6172,185,9964,233,16136,California
Yuba,2021-04-07,787,25601,408,7783,327,16437,52,1381,360,6159,424,10388,411,16547,California
Yuba,2021-04-08,753,26354,291,8074,197,16634,265,1646,280,6231,472,10860,544,17091,California
Yuba,2021-04-09,406,26760,172,8246,167,16801,67,1713,172,6237,233,11093,239,17330,California
Yuba,2021-04-10,605,27365,73,8319,82,16883,450,2163,72,6227,531,11624,521,17851,California
Yuba,2021-04-11,102,27467,24,8343,66,16949,12,2175,43,6224,58,11682,55,17906,California
Yuba,2021-04-12,213,27680,46,8389,137,17086,30,2205,80,6201,132,11814,109,18015,California
Yuba,2021-04-13,399,28079,103,8492,296,17382,0,2205,201,6205,197,12011,201,18216,California
Yuba,2021-04-14,719,28798,110,8602,609,17991,0,2205,130,5747,588,12599,130,18346,California
Yuba,2021-04-15,345,29143,135,8737,210,18201,0,2205,150,5702,195,12794,150,18496,California
Yuba,2021-04-16,341,29484,100,8837,241,18442,0,2205,181,5725,158,12952,181,18677,California
Yuba,2021-04-17,407,29891,60,8897,347,18789,0,2205,335,5989,71,13023,335,19012,California
Yuba,2021-04-18,65,29956,20,8917,45,18834,0,2205,33,5991,31,13054,33,19045,California
Yuba,2021-04-19,246,30202,102,9019,144,18978,0,2205,104,5953,142,13196,104,19149,California
Yuba,2021-04-20,341,30543,103,9122,238,19216,0,2205,187,5990,151,13347,188,19337,California
Yuba,2021-04-21,740,31283,322,9444,418,19634,0,2205,321,5892,419,13766,321,19658,California
Yuba,2021-04-22,375,31658,154,9598,221,19855,0,2205,208,5933,167,13933,208,19866,California
Yuba,2021-04-23,364,32022,127,9725,237,20092,0,2205,174,5919,188,14121,174,20040,California
Yuba,2021-04-24,217,32239,69,9794,148,20240,0,2205,123,5948,94,14215,123,20163,California
Yuba,2021-04-25,75,32314,30,9824,45,20285,0,2205,35,5943,40,14255,35,20198,California
Yuba,2021-04-26,249,32563,66,9890,179,20464,4,2209,114,5926,135,14390,118,20316,California
Yuba,2021-04-27,488,33051,172,10062,306,20770,10,2219,242,5934,244,14634,252,20568,California
Yuba,2021-04-28,449,33500,188,10250,256,21026,5,2224,155,5805,289,14923,160,20728,California
Yuba,2021-04-29,455,33955,89,10339,365,21391,1,2225,162,5676,292,15215,163,20891,California
Yuba,2021-04-30,347,34302,108,10447,209,21600,30,2255,151,5663,194,15409,181,21072,California
Yuba,2021-05-01,209,34511,92,10539,98,21698,19,2274,95,5664,113,15522,114,21186,California
Yuba,2021-05-02,70,34581,39,10578,27,21725,4,2278,38,5674,32,15554,42,21228,California
Yuba,2021-05-03,165,34746,66,10644,90,21815,9,2287,51,5622,112,15666,60,21288,California
Yuba,2021-05-04,339,35085,106,10750,212,22027,21,2308,150,5604,189,15855,171,21459,California
Yuba,2021-05-05,333,35418,96,10846,230,22257,7,2315,116,5510,217,16072,123,21582,California
Yuba,2021-05-06,303,35721,126,10972,139,22396,38,2353,102,5452,198,16270,140,21722,California
Yuba,2021-05-07,363,36084,100,11072,235,22631,28,2381,119,5355,243,16513,146,21868,California
Yuba,2021-05-08,130,36214,56,11128,71,22702,3,2384,55,5338,75,16588,58,21926,California
Yuba,2021-05-09,56,36270,25,11153,28,22730,3,2387,34,5353,22,16610,37,21963,California
Yuba,2021-05-10,174,36444,57,11210,99,22829,18,2405,54,5306,119,16729,72,22035,California
Yuba,2021-05-11,389,36833,178,11388,197,23026,14,2419,143,5218,244,16973,156,22191,California
Yuba,2021-05-12,276,37109,145,11533,123,23149,8,2427,103,5156,173,17146,111,22302,California
Yuba,2021-05-13,368,37477,199,11732,125,23274,44,2471,113,5061,252,17398,157,22459,California
Yuba,2021-05-14,368,37845,139,11871,209,23483,20,2491,154,5020,214,17612,173,22632,California
Yuba,2021-05-15,437,38282,113,11984,303,23786,21,2512,113,4831,322,17934,133,22765,California
Yuba,2021-05-16,151,38433,52,12036,90,23876,9,2521,95,4880,55,17989,104,22869,California
Yuba,2021-05-17,216,38649,89,12125,107,23983,20,2541,89,4864,125,18114,109,22978,California
Yuba,2021-05-18,394,39043,163,12288,222,24205,9,2550,165,4809,229,18343,174,23152,California
Yuba,2021-05-19,261,39304,145,12433,110,24315,6,2556,129,4812,132,18475,135,23287,California
Yuba,2021-05-20,432,39736,305,12738,115,24430,12,2568,259,4911,172,18647,271,23558,California
Yuba,2021-05-21,517,40253,272,13010,237,24667,8,2576,306,5016,209,18856,314,23872,California
Yuba,2021-05-22,229,40482,123,13133,97,24764,9,2585,95,4986,134,18990,104,23976,California
Yuba,2021-05-23,73,40555,41,13174,30,24794,2,2587,37,4990,35,19025,39,24015,California
Yuba,2021-05-24,165,40720,55,13229,93,24887,17,2604,49,4942,115,19140,67,24082,California
Yuba,2021-05-25,315,41035,109,13338,189,25076,17,2621,112,4869,201,19341,128,24210,California
Yuba,2021-05-26,232,41267,100,13438,116,25192,16,2637,85,4824,146,19487,101,24311,California
Yuba,2021-05-27,246,41513,76,13514,158,25350,12,2649,97,4786,147,19634,109,24420,California
Yuba,2021-05-28,246,41759,109,13623,130,25480,7,2656,116,4781,128,19762,123,24543,California
Yuba,2021-05-29,165,41924,67,13690,76,25556,22,2678,87,4813,77,19839,109,24652,California
Yuba,2021-05-30,52,41976,22,13712,25,25581,5,2683,21,4808,31,19870,26,24678,California
Yuba,2021-05-31,29,42005,3,13715,19,25600,7,2690,10,4806,19,19889,17,24695,California
Yuba,2021-06-01,247,42252,108,13823,132,25732,7,2697,84,4737,159,20048,90,24785,California
Yuba,2021-06-02,201,42453,82,13905,112,25844,7,2704,60,4665,140,20188,68,24853,California
Yuba,2021-06-03,179,42632,105,14010,68,25912,6,2710,63,4619,115,20303,69,24922,California
Yuba,2021-06-04,243,42875,119,14129,113,26025,11,2721,80,4547,162,20465,90,25012,California
Yuba,2021-06-05,200,43075,151,14280,43,26068,6,2727,90,4534,109,20574,96,25108,California
Yuba,2021-06-06,111,43186,94,14374,14,26082,3,2730,22,4471,88,20662,25,25133,California
Yuba,2021-06-07,114,43300,47,14421,51,26133,16,2746,35,4443,79,20741,51,25184,California
Yuba,2021-06-08,246,43546,115,14536,124,26257,7,2753,72,4350,172,20913,79,25263,California
Yuba,2021-06-09,171,43717,103,14639,62,26319,6,2759,72,4330,98,21011,78,25341,California
Yuba,2021-06-10,379,44096,302,14941,68,26387,9,2768,93,4148,284,21295,102,25443,California
Yuba,2021-06-11,329,44425,235,15176,82,26469,12,2780,65,3962,264,21559,78,25521,California
Yuba,2021-06-12,133,44558,90,15266,37,26506,6,2786,36,3907,97,21656,42,25563,California
Yuba,2021-06-13,47,44605,21,15287,23,26529,3,2789,12,3888,34,21690,15,25578,California
Yuba,2021-06-14,115,44720,55,15342,50,26579,10,2799,34,3852,80,21770,44,25622,California
Yuba,2021-06-15,241,44961,99,15441,134,26713,8,2807,90,3802,148,21918,98,25720,California
Yuba,2021-06-16,155,45116,94,15535,51,26764,10,2817,74,3808,78,21996,84,25804,California
Yuba,2021-06-17,195,45311,114,15649,69,26833,12,2829,83,3791,112,22108,95,25899,California
Yuba,2021-06-18,222,45533,110,15759,90,26923,22,2851,70,3733,150,22258,92,25991,California
Yuba,2021-06-19,139,45672,70,15829,62,26985,7,2858,36,3673,103,22361,43,26034,California
Yuba,2021-06-20,33,45705,19,15848,11,26996,3,2861,13,3669,20,22381,16,26050,California
Yuba,2021-06-21,86,45791,38,15886,39,27035,9,2870,41,3677,41,22422,49,26099,California
Yuba,2021-06-22,174,45965,73,15959,89,27124,12,2882,69,3654,103,22525,80,26179,California
Yuba,2021-06-23,127,46092,71,16030,43,27167,13,2895,52,3644,74,22599,64,26243,California
Yuba,2021-06-24,136,46228,82,16112,47,27214,7,2902,59,3633,77,22676,66,26309,California
Yuba,2021-06-25,169,46397,97,16209,63,27277,9,2911,82,3637,87,22763,91,26400,California
Yuba,2021-06-26,133,46530,106,16315,26,27303,1,2912,44,3594,88,22851,45,26445,California
Yuba,2021-06-27,66,46596,44,16359,20,27323,2,2914,36,3602,30,22881,38,26483,California
Yuba,2021-06-28,61,46657,33,16392,24,27347,4,2918,27,3599,34,22915,31,26514,California
Yuba,2021-06-29,162,46819,86,16478,67,27414,9,2927,61,3569,100,23015,70,26584,California
Yuba,2021-06-30,138,46957,79,16557,52,27466,7,2934,71,3580,67,23082,78,26662,California
Yuba,2021-07-01,120,47077,81,16638,31,27497,8,2942,44,3557,75,23157,52,26714,California
Yuba,2021-07-02,125,47202,52,16690,57,27554,16,2958,40,3528,85,23242,56,26770,California
Yuba,2021-07-03,63,47265,44,16734,19,27573,0,2958,34,3533,29,23271,34,26804,California
Yuba,2021-07-04,6,47271,3,16737,3,27576,0,2958,3,3533,3,23274,3,26807,California
Yuba,2021-07-05,65,47336,43,16780,17,27593,5,2963,35,3543,30,23304,40,26847,California
Yuba,2021-07-06,173,47509,94,16874,65,27658,14,2977,64,3518,103,23407,78,26925,California
Yuba,2021-07-07,141,47650,93,16967,37,27695,11,2988,55,3499,85,23492,66,26991,California
Yuba,2021-07-08,74,47724,43,17010,25,27720,6,2994,27,3485,47,23539,33,27024,California
