county,administered_date,total_doses,cumulative_total_doses,pfizer_doses,cumulative_pfizer_doses,moderna_doses,cumulative_moderna_doses,jj_doses,cumulative_jj_doses,partially_vaccinated,total_partially_vaccinated,fully_vaccinated,cumulative_fully_vaccinated,at_least_one_dose,cumulative_at_least_one_dose,california_flag
All CA Counties,2020-12-15,1165,1165,1165,1165,0,0,0,0,1165,1165,0,0,1165,1165,
All CA Counties,2020-12-16,8708,9873,8708,9873,0,0,0,0,8708,9873,0,0,8708,9873,
All CA Counties,2020-12-17,26629,36502,26629,36502,0,0,0,0,26631,36504,0,0,26631,36504,
All CA Counties,2020-12-18,45386,81888,45318,81820,68,68,0,0,45386,81889,1,1,45386,81890,
All CA Counties,2020-12-19,25566,107454,25536,107356,30,98,0,0,25565,107453,1,2,25565,107455,
All CA Counties,2020-12-20,19144,126598,19112,126468,32,130,0,0,19142,126593,2,4,19142,126597,
All CA Counties,2020-12-21,49873,176471,49776,176244,97,227,0,0,49874,176465,3,7,49875,176472,
All CA Counties,2020-12-22,50251,226722,48103,224347,2148,2375,0,0,50243,226702,6,13,50243,226715,
All CA Counties,2020-12-23,50798,277520,41966,266313,8832,11207,0,0,50791,277490,6,19,50794,277509,
All CA Counties,2020-12-24,24132,301652,16365,282678,7767,18974,0,0,24127,301614,5,24,24129,301638,
All CA Counties,2020-12-25,2351,304003,2026,284704,325,19299,0,0,2351,303965,0,24,2351,303989,
All CA Counties,2020-12-26,14653,318656,9483,294187,5170,24469,0,0,14651,318614,2,26,14651,318640,
All CA Counties,2020-12-27,9477,328133,5615,299802,3862,28331,0,0,9474,328085,3,29,9474,328114,
All CA Counties,2020-12-28,46248,374381,29618,329420,16630,44961,0,0,46244,374325,4,33,46244,374358,
All CA Counties,2020-12-29,51433,425814,28625,358045,22808,67769,0,0,51426,425746,5,38,51426,425784,
All CA Counties,2020-12-30,63214,489028,35666,393711,27548,95317,0,0,63202,488942,9,47,63205,488989,
All CA Counties,2020-12-31,29659,518687,10949,404660,18710,114027,0,0,29637,518560,20,67,29638,518627,
All CA Counties,2021-01-01,4780,523467,2196,406856,2584,116611,0,0,4770,523321,9,76,4770,523397,
All CA Counties,2021-01-02,18563,542030,10267,417123,8296,124907,0,0,18557,541876,2,78,18557,541954,
All CA Counties,2021-01-03,6248,548278,3515,420638,2733,127640,0,0,6213,548076,13,91,6213,548167,
All CA Counties,2021-01-04,43733,592011,22059,442697,21674,149314,0,0,43653,591689,40,131,43653,591820,
All CA Counties,2021-01-05,56932,648943,30064,472761,26868,176182,0,0,51144,637214,5719,5850,51244,643064,
All CA Counties,2021-01-06,73862,722805,40796,513557,33066,209248,0,0,57999,679586,15671,21521,58043,701107,
All CA Counties,2021-01-07,92980,815785,52978,566535,40002,249250,0,0,61189,709229,31607,53128,61250,762357,
All CA Counties,2021-01-08,107829,923614,64919,631454,42910,292160,0,0,65568,732765,42106,95234,65642,827999,
All CA Counties,2021-01-09,44717,968331,25782,657236,18935,311095,0,0,27964,744038,16721,111955,27994,855993,
All CA Counties,2021-01-10,24485,992816,14970,672206,9515,320610,0,0,13170,745930,11297,123252,13189,869182,
All CA Counties,2021-01-11,105180,1097996,70000,742206,35180,355790,0,0,60996,762971,44135,167387,61176,930358,
All CA Counties,2021-01-12,114667,1212663,67978,810184,46689,402479,0,0,72981,794644,41574,208961,73247,1003605,
All CA Counties,2021-01-13,120054,1332717,62362,872546,57692,460171,0,0,85962,846698,34000,242961,86054,1089659,
All CA Counties,2021-01-14,125057,1457774,50111,922657,74946,535117,0,0,105209,932360,19738,262699,105400,1195059,
All CA Counties,2021-01-15,142821,1600595,52168,974825,90653,625770,0,0,127480,1044844,15238,277937,127722,1322781,
All CA Counties,2021-01-16,81141,1681736,27432,1002257,53709,679479,0,0,73488,1110764,7623,285560,73543,1396324,
All CA Counties,2021-01-17,48372,1730108,16917,1019174,31455,710934,0,0,44671,1151793,3688,289248,44717,1441041,
All CA Counties,2021-01-18,88484,1818592,46134,1065308,42350,753284,0,0,69018,1201604,19390,308638,69201,1510242,
All CA Counties,2021-01-19,142672,1961264,73498,1138806,69174,822458,0,0,111348,1282066,31218,339856,111680,1621922,
All CA Counties,2021-01-20,163974,2125238,84660,1223466,79314,901772,0,0,129620,1377856,34104,373960,129894,1751816,
All CA Counties,2021-01-21,176327,2301565,78864,1302330,97463,999235,0,0,156555,1515266,19534,393494,156944,1908760,
All CA Counties,2021-01-22,171114,2472679,69804,1372134,101310,1100545,0,0,156508,1657476,14461,407955,156671,2065431,
All CA Counties,2021-01-23,112092,2584771,49508,1421642,62584,1163129,0,0,99439,1744455,12585,420540,99564,2164995,
All CA Counties,2021-01-24,61252,2646023,29427,1451069,31825,1194954,0,0,56521,1796349,4694,425234,56588,2221583,
All CA Counties,2021-01-25,145929,2791952,65659,1516728,80270,1275224,0,0,110395,1871753,35381,460615,110785,2332368,
All CA Counties,2021-01-26,170008,2961960,83262,1599990,86746,1361970,0,0,131853,1965884,37996,498611,132127,2464495,
All CA Counties,2021-01-27,183492,3145452,88025,1688015,95467,1457437,0,0,143353,2069670,39790,538401,143576,2608071,
All CA Counties,2021-01-28,189050,3334502,86966,1774981,102084,1559521,0,0,154382,2189947,34346,572747,154623,2762694,
All CA Counties,2021-01-29,184869,3519371,88441,1863422,96428,1655949,0,0,149544,2305002,34674,607421,149729,2912423,
All CA Counties,2021-01-30,124534,3643905,55537,1918959,68997,1724946,0,0,108904,2398609,15448,622869,109055,3021478,
All CA Counties,2021-01-31,69208,3713113,38411,1957370,30797,1755743,0,0,64138,2457794,5011,627880,64196,3085674,
All CA Counties,2021-02-01,162616,3875729,75826,2033196,86790,1842533,0,0,121164,2537851,41240,669120,121297,3206971,
All CA Counties,2021-02-02,186738,4062467,78441,2111637,108297,1950830,0,0,141456,2634583,44950,714070,141682,3348653,
All CA Counties,2021-02-03,212095,4274562,95572,2207209,116523,2067353,0,0,156823,2736944,54719,768789,157080,3505733,
All CA Counties,2021-02-04,229233,4503795,99975,2307184,129258,2196611,0,0,167605,2843896,61023,829812,167975,3673708,
All CA Counties,2021-02-05,247545,4751340,106515,2413699,141030,2337641,0,0,167614,2933025,79038,908850,168167,3841875,
All CA Counties,2021-02-06,156020,4907360,74787,2488486,81233,2418874,0,0,120892,3019522,34893,943743,121390,3963265,
All CA Counties,2021-02-07,67138,4974498,43393,2531879,23745,2442619,0,0,50544,3054021,16496,960239,50995,4014260,
All CA Counties,2021-02-08,182049,5156547,89375,2621254,92674,2535293,0,0,119817,3112873,61724,1021963,120576,4134836,
All CA Counties,2021-02-09,212644,5369191,102165,2723419,110479,2645772,0,0,126970,3156161,84839,1106802,128127,4262963,
All CA Counties,2021-02-10,250648,5619839,120369,2843788,130279,2776051,0,0,137459,3182832,112271,1219073,138942,4401905,
All CA Counties,2021-02-11,267470,5887309,132079,2975867,135391,2911442,0,0,144460,3207386,121723,1340796,146277,4548182,
All CA Counties,2021-02-12,275125,6162434,120168,3096035,154957,3066399,0,0,147807,3231320,126269,1467065,150203,4698385,
All CA Counties,2021-02-13,168940,6331374,78181,3174216,90759,3157158,0,0,93069,3250900,75446,1542511,95026,4793411,
All CA Counties,2021-02-14,96426,6427800,47974,3222190,48452,3205610,0,0,51859,3259934,44372,1586883,53406,4846817,
All CA Counties,2021-02-15,143634,6571434,62907,3285097,80727,3286337,0,0,79210,3278310,63969,1650852,82345,4929162,
All CA Counties,2021-02-16,251260,6822694,119083,3404180,132177,3418514,0,0,133974,3298555,116827,1767679,137072,5066234,
All CA Counties,2021-02-17,261732,7084426,130226,3534406,131506,3550020,0,0,129736,3300195,131313,1898992,132953,5199187,
All CA Counties,2021-02-18,275886,7360312,143730,3678136,132156,3682176,0,0,133015,3295456,142003,2040995,137264,5336451,
All CA Counties,2021-02-19,257127,7617439,148831,3826967,108296,3790472,0,0,132118,3305330,124329,2165324,134203,5470654,
All CA Counties,2021-02-20,156881,7774320,100158,3927125,56723,3847195,0,0,85617,3322036,70898,2236222,87604,5558258,
All CA Counties,2021-02-21,86752,7861072,70075,3997200,16677,3863872,0,0,44498,3326143,41941,2278163,46048,5604306,
All CA Counties,2021-02-22,172277,8033349,115442,4112642,56835,3920707,0,0,85164,3326446,86582,2364745,86885,5691191,
All CA Counties,2021-02-23,235070,8268419,124027,4236669,111043,4031750,0,0,108521,3315304,125656,2490401,114514,5805705,
All CA Counties,2021-02-24,293848,8562267,148765,4385434,145083,4176833,0,0,138424,3306764,154525,2644926,145985,5951690,
All CA Counties,2021-02-25,332570,8894837,164361,4549795,168209,4345042,0,0,173078,3329864,158542,2803468,181642,6133332,
All CA Counties,2021-02-26,365669,9260506,170377,4720172,195292,4540334,0,0,202779,3378200,161734,2965202,210070,6343402,
All CA Counties,2021-02-27,258871,9519377,125521,4845693,133320,4673654,30,30,146395,3417364,111684,3076886,150848,6494250,
All CA Counties,2021-02-28,137553,9656930,81727,4927420,55813,4729467,13,43,79973,3443141,57057,3133943,82834,6577084,
All CA Counties,2021-03-01,246740,9903670,131070,5058490,115511,4844978,159,202,141921,3485399,103839,3237782,146097,6723181,
All CA Counties,2021-03-02,294261,10197931,148419,5206909,145808,4990786,34,236,176062,3550849,117544,3355326,182994,6906175,
All CA Counties,2021-03-03,337369,10535300,167962,5374871,169337,5160123,70,306,195009,3611725,141520,3496846,202396,7108571,
All CA Counties,2021-03-04,356744,10892044,180232,5555103,176414,5336537,98,404,209135,3681296,146698,3643544,216269,7324840,
All CA Counties,2021-03-05,345817,11237861,169572,5724675,175108,5511645,1137,1541,214644,3774137,130211,3773755,223052,7547892,
All CA Counties,2021-03-06,261596,11499457,134254,5858929,119427,5631072,7915,9456,162529,3850680,98563,3872318,175106,7722998,
All CA Counties,2021-03-07,133671,11633128,79376,5938305,47402,5678474,6893,16349,81725,3891274,51699,3924017,92293,7815291,
All CA Counties,2021-03-08,224797,11857925,109475,6047780,104318,5782792,11004,27353,146585,3976057,77724,4001741,162507,7977798,
All CA Counties,2021-03-09,295672,12153597,140832,6188612,138618,5921410,16222,43575,165217,4031640,129838,4131579,185421,8163219,
All CA Counties,2021-03-10,326681,12480278,162374,6350986,139669,6061079,24638,68213,176312,4087091,149560,4281139,205011,8368230,
All CA Counties,2021-03-11,380852,12861130,184243,6535229,163049,6224128,33560,101773,194698,4134419,185041,4466180,232369,8600599,
All CA Counties,2021-03-12,398911,13260041,178141,6713370,174315,6398443,46455,148228,195130,4177230,202779,4668959,245590,8846189,
All CA Counties,2021-03-13,286939,13546980,125585,6838955,130127,6528570,31227,179455,155186,4236555,131217,4800176,190542,9036731,
All CA Counties,2021-03-14,156907,13703887,83615,6922570,58155,6586725,15137,194592,78532,4254428,78012,4878188,95885,9132616,
All CA Counties,2021-03-15,293068,13996955,140113,7062683,132246,6718971,20709,215301,158310,4302966,133840,5012028,182378,9314994,
All CA Counties,2021-03-16,373051,14370006,175341,7238024,180246,6899217,17464,232765,214952,4381357,157187,5169215,235578,9550572,
All CA Counties,2021-03-17,388197,14758203,192463,7430487,177003,7076220,18731,251496,239322,4494025,147858,5317073,260526,9811098,
All CA Counties,2021-03-18,405688,15163891,207954,7638441,179336,7255556,18398,269894,238713,4587533,165687,5482760,259195,10070293,
All CA Counties,2021-03-19,414673,15578564,218321,7856762,174475,7430031,21877,291771,238544,4674996,174978,5657738,262441,10332734,
All CA Counties,2021-03-20,297590,15876154,156111,8012873,125497,7555528,15982,307753,187211,4770072,109591,5767329,204667,10537401,
All CA Counties,2021-03-21,145515,16021669,100448,8113321,37516,7593044,7551,315304,87218,4808374,57838,5825167,96140,10633541,
All CA Counties,2021-03-22,276029,16297698,160836,8274157,103942,7696986,11251,326555,178822,4905199,96277,5921444,193102,10826643,
All CA Counties,2021-03-23,360680,16658378,199015,8473172,150560,7847546,11105,337660,220347,4999958,139280,6060724,234039,11060682,
All CA Counties,2021-03-24,390195,17048573,223351,8696523,154272,8001818,12572,350232,224922,5075660,163849,6224573,239551,11300233,
All CA Counties,2021-03-25,420715,17469288,231950,8928473,173835,8175653,14930,365162,236479,5146480,182713,6407286,253533,11553766,
All CA Counties,2021-03-26,437800,17907088,233966,9162439,187615,8363268,16219,381381,234302,5197772,202040,6609326,253332,11807098,
All CA Counties,2021-03-27,315129,18222217,167256,9329695,136054,8499322,11819,393200,157966,5213585,156201,6765527,172014,11979112,
All CA Counties,2021-03-28,170445,18392662,109573,9439268,57264,8556586,3608,396808,88494,5226605,81433,6846960,94453,12073565,
All CA Counties,2021-03-29,312539,18705201,167915,9607183,135466,8692052,9158,405966,172965,5272580,138641,6985601,184616,12258181,
All CA Counties,2021-03-30,401072,19106273,203085,9810268,179632,8871684,18355,424321,224666,5341862,175468,7161069,244750,12502931,
All CA Counties,2021-03-31,428996,19535269,232969,10043237,174011,9045695,22016,446337,237641,5412359,190123,7351192,260620,12763551,
All CA Counties,2021-04-01,495350,20030619,253295,10296532,201118,9246813,40937,487274,271465,5503525,222180,7573372,313346,13076897,
All CA Counties,2021-04-02,476742,20507361,232205,10528737,201035,9447848,43502,530776,257214,5587632,218089,7791461,302196,13379093,
All CA Counties,2021-04-03,331134,20838495,168836,10697573,120669,9568517,41629,572405,164473,5628809,165912,7957373,207089,13586182,
All CA Counties,2021-04-04,132820,20971315,69319,10766892,44401,9612918,19100,591505,57814,5631153,74643,8032016,76987,13663169,
All CA Counties,2021-04-05,355991,21327306,183206,10950098,132543,9745461,40242,631747,173560,5665700,181584,8213600,216131,13879300,
All CA Counties,2021-04-06,460255,21787561,233216,11183314,161224,9906685,65815,697562,222160,5718427,236994,8450594,289721,14169021,
All CA Counties,2021-04-07,475643,22263204,247017,11430331,158308,10064993,70318,767880,230533,5776166,243977,8694571,301716,14470737,
All CA Counties,2021-04-08,502388,22765592,253425,11683756,164110,10229103,84853,852733,235716,5833491,265279,8959850,322604,14793341,
All CA Counties,2021-04-09,498425,23264017,248291,11932047,169641,10398744,80493,933226,228774,5877178,268403,9228253,312090,15105431,
All CA Counties,2021-04-10,370643,23634660,168884,12100931,127090,10525834,74669,1007895,155200,5895003,214577,9442830,232402,15337833,
All CA Counties,2021-04-11,189004,23823664,105837,12206768,48961,10574795,34206,1042101,77870,5899104,110730,9553560,114831,15452664,
All CA Counties,2021-04-12,342345,24166009,175846,12382614,128052,10702847,38447,1080548,157739,5915292,183488,9737048,199676,15652340,
All CA Counties,2021-04-13,435727,24601736,243947,12626561,190813,10893660,967,1081515,242893,5970514,191655,9928703,246877,15899217,
All CA Counties,2021-04-14,455957,25057693,255691,12882252,199971,11093631,295,1081810,237182,5995085,217425,10146128,241996,16141213,
All CA Counties,2021-04-15,496796,25554489,289403,13171655,207086,11300717,307,1082117,277391,6057901,217723,10363851,280539,16421752,
All CA Counties,2021-04-16,481652,26036141,270691,13442346,210648,11511365,313,1082430,256169,6092857,223969,10587820,258925,16680677,
All CA Counties,2021-04-17,347354,26383495,194166,13636512,153126,11664491,62,1082492,197335,6144411,149008,10736828,200562,16881239,
All CA Counties,2021-04-18,161900,26545395,104180,13740692,57701,11722192,19,1082511,82845,6151762,78552,10815380,85903,16967142,
All CA Counties,2021-04-19,323969,26869364,186225,13926917,137644,11859836,100,1082611,153027,6136884,169873,10985253,154995,17122137,
All CA Counties,2021-04-20,419764,27289128,226861,14153778,192821,12052657,82,1082693,208039,6137621,210470,11195723,211207,17333344,
All CA Counties,2021-04-21,441077,27730205,254958,14408736,185845,12238502,274,1082967,211734,6125486,227580,11423303,215445,17548789,
All CA Counties,2021-04-22,456984,28187189,262884,14671620,194014,12432516,86,1083053,203678,6080806,251686,11674989,207006,17755795,
All CA Counties,2021-04-23,449328,28636517,258033,14929653,191200,12623716,95,1083148,203658,6043848,244090,11919079,207132,17962927,
All CA Counties,2021-04-24,327344,28963861,205393,15135046,121767,12745483,184,1083332,165951,6052944,160321,12079400,169417,18132344,
All CA Counties,2021-04-25,150950,29114811,98882,15233928,51992,12797475,76,1083408,80570,6065213,69851,12149251,82120,18214464,
All CA Counties,2021-04-26,305992,29420803,178015,15411943,126417,12923892,1560,1084968,133665,6033744,171207,12320458,139738,18354202,
All CA Counties,2021-04-27,373986,29794789,207473,15619416,159863,13083755,6650,1091618,151169,5973208,221543,12542001,161007,18515209,
All CA Counties,2021-04-28,360083,30154872,208093,15827509,144036,13227791,7954,1099572,148644,5922001,210170,12752171,158963,18674172,
All CA Counties,2021-04-29,369345,30524217,214386,16041895,146999,13374790,7960,1107532,136219,5836309,231750,12983921,146058,18820230,
All CA Counties,2021-04-30,382157,30906374,220325,16262220,152848,13527638,8984,1116516,146005,5758616,234676,13218597,156983,18977213,
All CA Counties,2021-05-01,249525,31155899,159007,16421227,84383,13612021,6135,1122651,90764,5699997,157750,13376347,99131,19076344,
All CA Counties,2021-05-02,117239,31273138,81933,16503160,31415,13643436,3891,1126542,40993,5669459,75789,13452136,45251,19121595,
All CA Counties,2021-05-03,254574,31527712,156222,16659382,89553,13732989,8799,1135341,77729,5581000,175878,13628014,87419,19209014,
All CA Counties,2021-05-04,334069,31861781,205293,16864675,118936,13851925,9840,1145181,98870,5456872,234024,13862038,109896,19318910,
All CA Counties,2021-05-05,338651,32200432,212158,17076833,116395,13968320,10098,1155279,95837,5322419,241455,14103493,107002,19425912,
All CA Counties,2021-05-06,355648,32556080,233435,17310268,111655,14079975,10558,1165837,90412,5162445,263445,14366938,103471,19529383,
All CA Counties,2021-05-07,353122,32909202,221870,17532138,121350,14201325,9902,1175739,96143,5014274,255474,14622412,107303,19636686,
All CA Counties,2021-05-08,233627,33142829,148980,17681118,77668,14278993,6979,1182718,64429,4919006,168147,14790559,72879,19709565,
All CA Counties,2021-05-09,95574,33238403,72428,17753546,20151,14299144,2995,1185713,25153,4877530,70067,14860626,28591,19738156,
All CA Counties,2021-05-10,207076,33445479,118570,17872116,80610,14379754,7896,1193609,51206,4782969,154969,15015595,60408,19798564,
All CA Counties,2021-05-11,274666,33720145,156721,18028837,109273,14489027,8672,1202281,72578,4664971,201048,15216643,83050,19881614,
All CA Counties,2021-05-12,272517,33992662,158769,18187606,104614,14593641,9134,1211415,73125,4550147,198237,15414880,83413,19965027,
All CA Counties,2021-05-13,317861,34310523,205061,18392667,105367,14699008,7433,1218848,119575,4482751,197065,15611945,129669,20094696,
All CA Counties,2021-05-14,341388,34651911,218842,18611509,113623,14812631,8923,1227771,133046,4419805,207000,15818945,144054,20238750,
All CA Counties,2021-05-15,280374,34932285,195898,18807407,78458,14891089,6018,1233789,115559,4378510,163859,15982804,122564,20361314,
All CA Counties,2021-05-16,141474,35073759,108458,18915865,30063,14921152,2953,1236742,57769,4356438,83205,16066009,61133,20422447,
All CA Counties,2021-05-17,240420,35314179,158332,19074197,74667,14995819,7421,1244163,95196,4315649,144277,16210286,103488,20525935,
All CA Counties,2021-05-18,281974,35596153,171999,19246196,102561,15098380,7414,1251577,109970,4263596,170842,16381128,118789,20644724,
All CA Counties,2021-05-19,276136,35872289,172352,19418548,96214,15194594,7570,1259147,112837,4222936,162197,16543325,121537,20766261,
All CA Counties,2021-05-20,264118,36136407,157683,19576231,98272,15292866,8163,1267310,100417,4170566,162489,16705814,110119,20876380,
All CA Counties,2021-05-21,283024,36419431,174038,19750269,101028,15393894,7958,1275268,106497,4111077,175188,16881002,115699,20992079,
All CA Counties,2021-05-22,204809,36624240,135635,19885904,62942,15456836,6232,1281500,87481,4089434,116497,16997499,94854,21086933,
All CA Counties,2021-05-23,90760,36715000,63083,19948987,24977,15481813,2700,1284200,38808,4079818,51510,17049009,41894,21128827,
All CA Counties,2021-05-24,171416,36886416,100647,20049634,62442,15544255,8327,1292527,64968,4048375,105587,17154596,74144,21202971,
All CA Counties,2021-05-25,189743,37076159,111314,20160948,70379,15614634,8050,1300577,71759,4012392,116919,17271515,80936,21283907,
All CA Counties,2021-05-26,184591,37260750,106243,20267191,70483,15685117,7865,1308442,71636,3980786,111819,17383334,80213,21364120,
All CA Counties,2021-05-27,172314,37433064,98485,20365676,65304,15750421,8525,1316967,69184,3957312,102250,17485584,78776,21442896,
All CA Counties,2021-05-28,188731,37621795,108857,20474533,72751,15823172,7123,1324090,81235,3940320,106467,17592051,89475,21532371,
All CA Counties,2021-05-29,107176,37728971,65838,20540371,37509,15860681,3829,1327919,50071,3938183,56540,17648591,54403,21586774,
All CA Counties,2021-05-30,47124,37776095,31100,20571471,13561,15874242,2463,1330382,20605,3935208,26258,17674849,23283,21610057,
All CA Counties,2021-05-31,19808,37795903,11674,20583145,7159,15881401,975,1331357,6431,3929526,13202,17688051,7520,21617577,
All CA Counties,2021-06-01,168389,37964292,98208,20681353,63024,15944425,7157,1338514,59480,3889172,107877,17795928,67523,21685100,
All CA Counties,2021-06-02,142692,38106984,84405,20765758,51175,15995600,7112,1345626,53840,3862861,87923,17883851,61612,21746712,
All CA Counties,2021-06-03,170897,38277881,116878,20882636,46934,16042534,7085,1352711,51807,3804539,118217,18002068,59895,21806607,
All CA Counties,2021-06-04,199413,38477294,140449,21023085,52768,16095302,6196,1358907,59497,3733248,138824,18140892,67533,21874140,
All CA Counties,2021-06-05,157496,38634790,118885,21141970,32977,16128279,5634,1364541,43736,3670605,112971,18253863,50328,21924468,
All CA Counties,2021-06-06,64071,38698861,53984,21195954,7868,16136147,2219,1366760,17073,3644015,46702,18300565,20112,21944580,
All CA Counties,2021-06-07,136598,38835459,100307,21296261,30415,16166562,5876,1372636,40174,3594982,95799,18396364,46766,21991346,
All CA Counties,2021-06-08,158168,38993627,114827,21411088,36550,16203112,6791,1379427,46856,3539291,110392,18506756,54701,22046047,
All CA Counties,2021-06-09,152496,39146123,110939,21522027,34795,16237907,6762,1386189,42275,3479864,109375,18616131,49948,22095995,
All CA Counties,2021-06-10,146773,39292896,105645,21627672,33783,16271690,7345,1393534,42936,3428140,103089,18719220,51365,22147360,
All CA Counties,2021-06-11,159130,39452026,111793,21739465,40608,16312298,6729,1400263,49360,3376314,108852,18828072,57026,22204386,
All CA Counties,2021-06-12,114883,39566909,87073,21826538,24096,16336394,3714,1403977,32710,3331805,81610,18909682,37101,22241487,
All CA Counties,2021-06-13,44770,39611679,33375,21859913,9342,16345736,2053,1406030,11068,3311877,33450,18943132,13522,22255009,
All CA Counties,2021-06-14,115517,39727196,82130,21942043,26625,16372361,6762,1412792,37990,3280373,76897,19020029,45393,22300402,
All CA Counties,2021-06-15,131796,39858992,89019,22031062,33992,16406353,8785,1421577,43892,3246969,87035,19107064,53631,22354033,
All CA Counties,2021-06-16,120982,39979974,85234,22116296,28030,16434383,7718,1429295,41434,3218101,78786,19185850,49918,22403951,
All CA Counties,2021-06-17,114410,40094384,79321,22195617,27229,16461612,7860,1437155,40352,3193660,73308,19259158,48867,22452818,
All CA Counties,2021-06-18,128789,40223173,89324,22284941,31988,16493600,7477,1444632,46084,3166188,81807,19340965,54335,22507153,
All CA Counties,2021-06-19,76543,40299716,55656,22340597,16883,16510483,4004,1448636,28519,3151796,47428,19388393,33036,22540189,
All CA Counties,2021-06-20,30706,40330422,23147,22363744,6207,16516690,1352,1449988,11546,3145967,18944,19407337,13115,22553304,
All CA Counties,2021-06-21,71304,40401726,44726,22408470,20558,16537248,6020,1456008,36454,3154548,34460,19441797,43041,22596345,
All CA Counties,2021-06-22,100438,40502164,70132,22478602,24413,16561661,5893,1461901,38985,3139259,60842,19502639,45553,22641898,
All CA Counties,2021-06-23,93894,40596058,66334,22544936,21831,16583492,5729,1467630,38185,3128648,55128,19557767,44517,22686415,
All CA Counties,2021-06-24,91054,40687112,63599,22608535,21877,16605369,5578,1473208,36762,3117941,53620,19611387,42913,22729328,
All CA Counties,2021-06-25,105126,40792238,74426,22682961,25374,16630743,5326,1478534,42789,3104966,61688,19673075,48713,22778041,
All CA Counties,2021-06-26,67478,40859716,50909,22733870,13471,16644214,3098,1481632,27760,3097027,39353,19712428,31414,22809455,
All CA Counties,2021-06-27,31433,40891149,24169,22758039,5726,16649940,1538,1483170,13339,3094220,17912,19730340,15105,22824560,
All CA Counties,2021-06-28,71695,40962844,55526,22813565,11762,16661702,4407,1487577,31235,3090364,39964,19770304,36108,22860668,
All CA Counties,2021-06-29,83466,41046310,59231,22872796,20001,16681703,4234,1491811,35027,3082262,47922,19818226,39820,22900488,
All CA Counties,2021-06-30,78758,41125068,56534,22929330,18384,16700087,3840,1495651,35099,3078654,43096,19861322,39488,22939976,
All CA Counties,2021-07-01,73642,41198710,53185,22982515,16559,16716646,3898,1499549,32272,3074418,40921,19902243,36685,22976661,
All CA Counties,2021-07-02,83847,41282557,59971,23042486,19997,16736643,3879,1503428,36944,3069383,46362,19948605,41327,23017988,
All CA Counties,2021-07-03,46099,41328656,33659,23076145,10751,16747394,1689,1505117,20834,3067294,24920,19973525,22831,23040819,
All CA Counties,2021-07-04,3380,41332036,1961,23078106,1146,16748540,273,1505390,1481,3067232,1873,19975398,1811,23042630,
All CA Counties,2021-07-05,40565,41372601,30075,23108181,8919,16757459,1571,1506961,18777,3066327,21539,19996937,20634,23063264,
All CA Counties,2021-07-06,85770,41458371,62859,23171040,18926,16776385,3985,1510946,32819,3051356,52382,20049319,37411,23100675,
All CA Counties,2021-07-07,72333,41530704,52294,23223334,16095,16792480,3944,1514890,29957,3043923,41923,20091242,34490,23135165,
All CA Counties,2021-07-08,64804,41595508,47065,23270399,14453,16806933,3286,1518176,27260,3037762,37138,20128380,30977,23166142,
All CA Counties,2021-07-09,72565,41668073,52561,23322960,16646,16823579,3358,1521534,31488,3032435,40578,20168958,35251,23201393,
All CA Counties,2021-07-10,42992,41711065,31943,23354903,9284,16832863,1765,1523299,18803,3029364,23877,20192835,20806,23222199,
All CA Counties,2021-07-11,20850,41731915,15642,23370545,4401,16837264,807,1524106,9754,3029028,10936,20203771,10600,23232799,
All CA Counties,2021-07-12,44150,41776065,31684,23402229,10343,16847607,2123,1526229,17666,3022792,26201,20229972,19965,23252764,
All CA and Non-CA Counties,2020-12-15,1174,1174,1174,1174,0,0,0,0,1174,1174,0,0,1174,1174,
All CA and Non-CA Counties,2020-12-16,8982,10156,8982,10156,0,0,0,0,8982,10156,0,0,8982,10156,
All CA and Non-CA Counties,2020-12-17,28221,38377,28221,38377,0,0,0,0,28221,38377,0,0,28221,38377,
All CA and Non-CA Counties,2020-12-18,47905,86282,47831,86208,74,74,0,0,47904,86280,1,1,47904,86281,
All CA and Non-CA Counties,2020-12-19,26593,112875,26562,112770,31,105,0,0,26592,112871,1,2,26592,112873,
All CA and Non-CA Counties,2020-12-20,19819,132694,19784,132554,35,140,0,0,19817,132686,2,4,19817,132690,
All CA and Non-CA Counties,2020-12-21,52044,184738,51944,184498,100,240,0,0,52041,184725,3,7,52042,184732,
All CA and Non-CA Counties,2020-12-22,52306,237044,50084,234582,2222,2462,0,0,52298,237017,6,13,52298,237030,
All CA and Non-CA Counties,2020-12-23,52319,289363,43342,277924,8977,11439,0,0,52311,289324,7,20,52314,289344,
All CA and Non-CA Counties,2020-12-24,24934,314297,16977,294901,7957,19396,0,0,24929,314250,5,25,24931,314275,
All CA and Non-CA Counties,2020-12-25,2386,316683,2056,296957,330,19726,0,0,2386,316636,0,25,2386,316661,
All CA and Non-CA Counties,2020-12-26,14958,331641,9688,306645,5270,24996,0,0,14956,331590,2,27,14956,331617,
All CA and Non-CA Counties,2020-12-27,9666,341307,5687,312332,3979,28975,0,0,9663,341250,3,30,9663,341280,
All CA and Non-CA Counties,2020-12-28,47655,388962,30513,342845,17142,46117,0,0,47650,388896,4,34,47650,388930,
All CA and Non-CA Counties,2020-12-29,52976,441938,29643,372488,23333,69450,0,0,52970,441861,5,39,52970,441900,
All CA and Non-CA Counties,2020-12-30,65146,507084,36937,409425,28209,97659,0,0,65134,506989,9,48,65137,507037,
All CA and Non-CA Counties,2020-12-31,30763,537847,11546,420971,19217,116876,0,0,30739,537708,21,69,30740,537777,
All CA and Non-CA Counties,2021-01-01,4887,542734,2224,423195,2663,119539,0,0,4877,542576,9,78,4877,542654,
All CA and Non-CA Counties,2021-01-02,18812,561546,10404,433599,8408,127947,0,0,18805,561378,3,81,18805,561459,
All CA and Non-CA Counties,2021-01-03,6433,567979,3607,437206,2826,130773,0,0,6398,567763,13,94,6398,567857,
All CA and Non-CA Counties,2021-01-04,44886,612865,22574,459780,22312,153085,0,0,44800,612522,41,135,44800,612657,
All CA and Non-CA Counties,2021-01-05,58484,671349,30889,490669,27595,180680,0,0,52502,659214,5911,6046,52603,665260,
All CA and Non-CA Counties,2021-01-06,76531,747880,42371,533040,34160,214840,0,0,59942,702806,16394,22440,59986,725246,
All CA and Non-CA Counties,2021-01-07,97150,845030,55571,588611,41579,256419,0,0,63714,733334,33249,55689,63777,789023,
All CA and Non-CA Counties,2021-01-08,112301,957331,67820,656431,44481,300900,0,0,68182,757638,43955,99644,68259,857282,
All CA and Non-CA Counties,2021-01-09,46021,1003352,26321,682752,19700,320600,0,0,28940,769562,17048,116692,28972,886254,
All CA and Non-CA Counties,2021-01-10,24802,1028154,15158,697910,9644,330244,0,0,13367,771531,11417,128109,13386,899640,
All CA and Non-CA Counties,2021-01-11,108449,1136603,72013,769923,36436,366680,0,0,62940,789192,45459,173568,63120,962760,
All CA and Non-CA Counties,2021-01-12,118554,1255157,70275,840198,48279,414959,0,0,75276,821628,43161,216729,75597,1038357,
All CA and Non-CA Counties,2021-01-13,123699,1378856,64145,904343,59554,474513,0,0,88433,874983,35174,251903,88529,1126886,
All CA and Non-CA Counties,2021-01-14,128716,1507572,51378,955721,77338,551851,0,0,108222,963029,20370,272273,108416,1235302,
All CA and Non-CA Counties,2021-01-15,146978,1654550,53163,1008884,93815,645666,0,0,131164,1078736,15699,287972,131406,1366708,
All CA and Non-CA Counties,2021-01-16,83770,1738320,27829,1036713,55941,701607,0,0,75942,1146937,7796,295768,75997,1442705,
All CA and Non-CA Counties,2021-01-17,48885,1787205,17072,1053785,31813,733420,0,0,45135,1188381,3737,299505,45181,1487886,
All CA and Non-CA Counties,2021-01-18,89733,1876938,46959,1100744,42774,776194,0,0,69810,1238529,19846,319351,69994,1557880,
All CA and Non-CA Counties,2021-01-19,146792,2023730,74865,1175609,71927,848121,0,0,114567,1321313,32118,351469,114902,1672782,
All CA and Non-CA Counties,2021-01-20,168484,2192214,86170,1261779,82314,930435,0,0,133136,1419630,35094,386563,133411,1806193,
All CA and Non-CA Counties,2021-01-21,180607,2372821,80091,1341870,100516,1030951,0,0,160258,1560180,20097,406660,160647,1966840,
All CA and Non-CA Counties,2021-01-22,175759,2548580,70945,1412815,104814,1135765,0,0,160732,1706204,14873,421533,160897,2127737,
All CA and Non-CA Counties,2021-01-23,114355,2662935,49865,1462680,64490,1200255,0,0,101526,1795097,12758,434291,101651,2229388,
All CA and Non-CA Counties,2021-01-24,61875,2724810,29686,1492366,32189,1232444,0,0,57065,1847455,4774,439065,57132,2286520,
All CA and Non-CA Counties,2021-01-25,150564,2875374,67657,1560023,82907,1315351,0,0,114149,1925743,36253,475318,114541,2401061,
All CA and Non-CA Counties,2021-01-26,176210,3051584,86287,1646310,89923,1405274,0,0,137181,2024333,38872,514190,137462,2538523,
All CA and Non-CA Counties,2021-01-27,188744,3240328,90776,1737086,97968,1503242,0,0,147944,2132058,40444,554634,148169,2686692,
All CA and Non-CA Counties,2021-01-28,194488,3434816,89950,1827036,104538,1607780,0,0,159211,2256562,34948,589582,159452,2846144,
All CA and Non-CA Counties,2021-01-29,189990,3624806,91660,1918696,98330,1706110,0,0,153843,2375101,35492,625074,154031,3000175,
All CA and Non-CA Counties,2021-01-30,129025,3753831,57965,1976661,71060,1777170,0,0,113159,2472726,15686,640760,113311,3113486,
All CA and Non-CA Counties,2021-01-31,72498,3826329,41261,2017922,31237,1808407,0,0,67365,2535078,5073,645833,67425,3180911,
All CA and Non-CA Counties,2021-02-01,168306,3994635,78501,2096423,89805,1898212,0,0,126109,2619342,41978,687811,126242,3307153,
All CA and Non-CA Counties,2021-02-02,193709,4188344,80744,2177167,112965,2011177,0,0,147675,2721554,45689,733500,147901,3455054,
All CA and Non-CA Counties,2021-02-03,219674,4408018,97753,2274920,121921,2133098,0,0,163489,2829679,55622,789122,163747,3618801,
All CA and Non-CA Counties,2021-02-04,236207,4644225,102185,2377105,134022,2267120,0,0,173526,2941515,62061,851183,173897,3792698,
All CA and Non-CA Counties,2021-02-05,254709,4898934,109030,2486135,145679,2412799,0,0,173644,3035549,80163,931346,174197,3966895,
All CA and Non-CA Counties,2021-02-06,160732,5059666,77205,2563340,83527,2496326,0,0,125122,3125807,35365,966711,125623,4092518,
All CA and Non-CA Counties,2021-02-07,69423,5129089,45278,2608618,24145,2520471,0,0,52738,3162413,16585,983296,53191,4145709,
All CA and Non-CA Counties,2021-02-08,187412,5316501,92756,2701374,94656,2615127,0,0,124070,3224419,62823,1046119,124829,4270538,
All CA and Non-CA Counties,2021-02-09,216980,5533481,104112,2805486,112868,2727995,0,0,129957,3269375,86159,1132278,131115,4401653,
All CA and Non-CA Counties,2021-02-10,256354,5789835,122357,2927843,133997,2861992,0,0,140663,3296806,114724,1247002,142155,4543808,
All CA and Non-CA Counties,2021-02-11,272484,6062319,134456,3062299,138028,3000020,0,0,148066,3323592,123116,1370118,149902,4693710,
All CA and Non-CA Counties,2021-02-12,280533,6342852,122201,3184500,158332,3158352,0,0,151293,3349111,128173,1498291,153692,4847402,
All CA and Non-CA Counties,2021-02-13,171413,6514265,78935,3263435,92478,3250830,0,0,94942,3369982,76041,1574332,96912,4944314,
All CA and Non-CA Counties,2021-02-14,97816,6612081,48405,3311840,49411,3300241,0,0,52976,3379871,44636,1618968,54525,4998839,
All CA and Non-CA Counties,2021-02-15,146355,6758436,64570,3376410,81785,3382026,0,0,80526,3398179,65356,1684324,83664,5082503,
All CA and Non-CA Counties,2021-02-16,258059,7016495,122117,3498527,135942,3517968,0,0,136618,3416935,120965,1805289,139721,5222224,
All CA and Non-CA Counties,2021-02-17,267836,7284331,133333,3631860,134503,3652471,0,0,131601,3416219,135539,1940828,134823,5357047,
All CA and Non-CA Counties,2021-02-18,282665,7566996,147679,3779539,134986,3787457,0,0,135132,3408970,146631,2087459,139382,5496429,
All CA and Non-CA Counties,2021-02-19,263263,7830259,153130,3932669,110133,3897590,0,0,134652,3417792,127917,2215376,136739,5633168,
All CA and Non-CA Counties,2021-02-20,160431,7990690,103025,4035694,57406,3954996,0,0,86913,3433548,73145,2288521,88901,5722069,
All CA and Non-CA Counties,2021-02-21,89877,8080567,72967,4108661,16910,3971906,0,0,45426,3436401,44123,2332644,46976,5769045,
All CA and Non-CA Counties,2021-02-22,176080,8256647,118235,4226896,57845,4029751,0,0,86872,3436331,88668,2421312,88598,5857643,
All CA and Non-CA Counties,2021-02-23,242030,8498677,127765,4354661,114265,4144016,0,0,111009,3423329,130020,2551332,117018,5974661,
All CA and Non-CA Counties,2021-02-24,300992,8799669,152564,4507225,148428,4292444,0,0,140980,3412814,159061,2710393,148546,6123207,
All CA and Non-CA Counties,2021-02-25,340237,9139906,168115,4675340,172122,4464566,0,0,176321,3434781,162921,2873314,184888,6308095,
All CA and Non-CA Counties,2021-02-26,373461,9513367,174512,4849852,198949,4663515,0,0,206031,3481941,166163,3039477,213323,6521418,
All CA and Non-CA Counties,2021-02-27,265277,9778644,128730,4978582,136516,4800031,31,31,148408,3518761,116044,3155521,152864,6674282,
All CA and Non-CA Counties,2021-02-28,140171,9918815,83610,5062192,56547,4856578,14,45,80822,3543630,58817,3214338,83686,6757968,
All CA and Non-CA Counties,2021-03-01,251843,10170658,134278,5196470,117405,4973983,160,205,143363,3583690,107485,3321823,147545,6905513,
All CA and Non-CA Counties,2021-03-02,301118,10471776,150978,5347448,150106,5124089,34,239,178191,3646564,122251,3444074,185125,7090638,
All CA and Non-CA Counties,2021-03-03,345406,10817182,171123,5518571,174211,5298300,72,311,197773,3704962,146767,3590841,205165,7295803,
All CA and Non-CA Counties,2021-03-04,363787,11180969,183225,5701796,180457,5478757,105,416,211548,3772357,151297,3742138,218692,7514495,
All CA and Non-CA Counties,2021-03-05,351250,11532219,172318,5874114,177780,5656537,1152,1568,217466,3865447,132808,3874946,225898,7740393,
All CA and Non-CA Counties,2021-03-06,266274,11798493,136425,6010539,121772,5778309,8077,9645,164917,3942263,100848,3975794,177664,7918057,
All CA and Non-CA Counties,2021-03-07,135440,11933933,80415,6090954,47979,5826288,7046,16691,82742,3983286,52447,4028241,93470,8011527,
All CA and Non-CA Counties,2021-03-08,228054,12161987,111393,6202347,105385,5931673,11276,27967,148853,4069658,78682,4106923,165054,8176581,
All CA and Non-CA Counties,2021-03-09,300509,12462496,143309,6345656,140640,6072313,16560,44527,168052,4126424,131828,4238751,188594,8365175,
All CA and Non-CA Counties,2021-03-10,331240,12793736,164547,6510203,141518,6213831,25175,69702,179074,4183392,151344,4390095,208312,8573487,
All CA and Non-CA Counties,2021-03-11,387219,13180955,187484,6697687,165470,6379301,34265,103967,198050,4231780,188038,4578133,236426,8809913,
All CA and Non-CA Counties,2021-03-12,405536,13586491,182120,6879807,176227,6555528,47189,151156,198725,4275910,205786,4783919,249916,9059829,
All CA and Non-CA Counties,2021-03-13,290822,13877313,127798,7007605,131322,6686850,31702,182858,157811,4337089,132463,4916382,193642,9253471,
All CA and Non-CA Counties,2021-03-14,158749,14036062,84563,7092168,58708,6745558,15478,198336,79539,4355482,78840,4995222,97233,9350704,
All CA and Non-CA Counties,2021-03-15,297219,14333281,142277,7234445,133756,6879314,21186,219522,160513,4404766,135775,5130997,185059,9535763,
All CA and Non-CA Counties,2021-03-16,380735,14714016,179790,7414235,183083,7062397,17862,237384,219182,4484347,160618,5291615,240199,9775962,
All CA and Non-CA Counties,2021-03-17,396762,15110778,197997,7612232,179654,7242051,19111,256495,244434,4599070,151296,5442911,266019,10041981,
All CA and Non-CA Counties,2021-03-18,414122,15524900,213158,7825390,182020,7424071,18944,275439,243529,4694337,169290,5612201,264557,10306538,
All CA and Non-CA Counties,2021-03-19,422136,15947036,222764,8048154,176948,7601019,22424,297863,242950,4783715,178020,5790221,267398,10573936,
All CA and Non-CA Counties,2021-03-20,302446,16249482,159309,8207463,127061,7728080,16076,313939,190888,4881400,110754,5900975,208439,10782375,
All CA and Non-CA Counties,2021-03-21,147667,16397149,101918,8309381,38109,7766189,7640,321579,88929,4921065,58274,5959249,97939,10880314,
All CA and Non-CA Counties,2021-03-22,279398,16676547,162872,8472253,105186,7871375,11340,332919,181119,5019216,97336,6056585,195487,11075801,
All CA and Non-CA Counties,2021-03-23,366898,17043445,202169,8674422,153310,8024685,11419,344338,224514,5116439,141296,6197881,238519,11314320,
All CA and Non-CA Counties,2021-03-24,397625,17441070,227159,8901581,157446,8182131,13020,357358,230014,5195356,166172,6364053,245089,11559409,
All CA and Non-CA Counties,2021-03-25,429103,17870173,235838,9137419,177808,8359939,15457,372815,242522,5270426,185034,6549087,260104,11819513,
All CA and Non-CA Counties,2021-03-26,444621,18314794,237559,9374978,190657,8550596,16405,389220,238778,5324068,204350,6753437,257992,12077505,
All CA and Non-CA Counties,2021-03-27,320777,18635571,170400,9545378,138335,8688931,12042,401262,161490,5341511,158314,6911751,175757,12253262,
All CA and Non-CA Counties,2021-03-28,173588,18809159,111238,9656616,58579,8747510,3771,405033,90514,5355602,82545,6994296,96636,12349898,
All CA and Non-CA Counties,2021-03-29,317868,19127027,170289,9826905,138073,8885583,9506,414539,176007,5402693,140916,7135212,188007,12537905,
All CA and Non-CA Counties,2021-03-30,408093,19535120,206773,10033678,182394,9067977,18926,433465,228810,5473835,178330,7313542,249472,12787377,
All CA and Non-CA Counties,2021-03-31,435490,19970610,236831,10270509,175852,9243829,22807,456272,241097,5545543,193152,7506694,264860,13052237,
All CA and Non-CA Counties,2021-04-01,503119,20473729,257945,10528454,203569,9447398,41605,497877,275957,5638596,225440,7732134,318493,13370730,
All CA and Non-CA Counties,2021-04-02,485354,20959083,236774,10765228,203927,9651325,44653,542530,261665,5724150,222237,7954371,307791,13678521,
All CA and Non-CA Counties,2021-04-03,337548,21296631,172667,10937895,122090,9773415,42791,585321,167893,5766923,168896,8123267,211669,13890190,
All CA and Non-CA Counties,2021-04-04,134684,21431315,70231,11008126,45112,9818527,19341,604662,58824,5769664,75493,8198760,78234,13968424,
All CA and Non-CA Counties,2021-04-05,360286,21791601,185289,11193415,134070,9952597,40927,645589,175595,5804680,183832,8382592,218848,14187272,
All CA and Non-CA Counties,2021-04-06,467572,22259173,237152,11430567,162948,10115545,67472,713061,225101,5857644,241346,8623938,294310,14481582,
All CA and Non-CA Counties,2021-04-07,484056,22743229,251754,11682321,160264,10275809,72038,785099,233824,5915274,249086,8873024,306716,14788298,
All CA and Non-CA Counties,2021-04-08,510790,23254019,257850,11940171,166131,10441940,86809,871908,239077,5972873,270307,9143331,327906,15116204,
All CA and Non-CA Counties,2021-04-09,506130,23760149,252244,12192415,171421,10613361,82465,954373,231744,6016776,273118,9416449,317021,15433225,
All CA and Non-CA Counties,2021-04-10,376844,24136993,171932,12364347,128376,10741737,76536,1030909,156920,6033706,219045,9635494,235975,15669200,
All CA and Non-CA Counties,2021-04-11,191921,24328914,107437,12471784,49623,10791360,34861,1065770,78865,6037537,112645,9748139,116476,15785676,
All CA and Non-CA Counties,2021-04-12,346647,24675561,178259,12650043,129366,10920726,39022,1104792,159645,6053818,185876,9934015,202157,15987833,
All CA and Non-CA Counties,2021-04-13,441701,25117262,247755,12897798,192954,11113680,992,1105784,245978,6109270,194534,10128549,249986,16237819,
All CA and Non-CA Counties,2021-04-14,461560,25578822,259273,13157071,201988,11315668,299,1106083,240257,6134403,219942,10348491,245075,16482894,
All CA and Non-CA Counties,2021-04-15,503116,26081938,293365,13450436,209437,11525105,314,1106397,280789,6197758,220589,10569080,283944,16766838,
All CA and Non-CA Counties,2021-04-16,487733,26569671,274187,13724623,213226,11738331,320,1106717,259553,6233428,226649,10795729,262319,17029157,
All CA and Non-CA Counties,2021-04-17,353005,26922676,197721,13922344,155221,11893552,63,1106780,200598,6285874,151380,10947109,203826,17232983,
All CA and Non-CA Counties,2021-04-18,164158,27086834,105478,14027822,58660,11952212,20,1106800,83958,6293202,79691,11026800,87019,17320002,
All CA and Non-CA Counties,2021-04-19,328259,27415093,188302,14216124,139856,12092068,101,1106901,155232,6278462,171944,11198744,157204,17477206,
All CA and Non-CA Counties,2021-04-20,425393,27840486,229490,14445614,195820,12287888,83,1106984,210370,6278248,213752,11412496,213538,17690744,
All CA and Non-CA Counties,2021-04-21,447885,28288371,257938,14703552,189667,12477555,280,1107264,214243,6264350,231859,11644355,217961,17908705,
All CA and Non-CA Counties,2021-04-22,464074,28752445,266555,14970107,197431,12674986,88,1107352,206282,6217806,256157,11900512,209613,18118318,
All CA and Non-CA Counties,2021-04-23,455439,29207884,261181,15231288,194162,12869148,96,1107448,206186,6179820,247650,12148162,209664,18327982,
All CA and Non-CA Counties,2021-04-24,332124,29540008,208518,15439806,123417,12992565,189,1107637,167876,6188003,163167,12311329,171350,18499332,
All CA and Non-CA Counties,2021-04-25,153246,29693254,100169,15539975,53000,13045565,77,1107714,81768,6200380,70945,12382274,83322,18582654,
All CA and Non-CA Counties,2021-04-26,310288,30003542,179950,15719925,128750,13174315,1588,1109302,135594,6168514,173561,12555835,141695,18724349,
All CA and Non-CA Counties,2021-04-27,379855,30383397,209711,15929636,163120,13337435,7024,1116326,153211,6106588,225357,12781192,163431,18887780,
All CA and Non-CA Counties,2021-04-28,365164,30748561,210302,16139938,146508,13483943,8354,1124680,150637,6054697,213241,12994433,161350,19049130,
All CA and Non-CA Counties,2021-04-29,374400,31122961,216791,16356729,149217,13633160,8392,1133072,138137,5968241,234864,13229297,148408,19197538,
All CA and Non-CA Counties,2021-04-30,387230,31510191,222803,16579532,155010,13788170,9417,1142489,147922,5889760,237817,13467114,159336,19356874,
All CA and Non-CA Counties,2021-05-01,252823,31763014,160913,16740445,85344,13873514,6566,1149055,92107,5830980,159685,13626799,100905,19457779,
All CA and Non-CA Counties,2021-05-02,119148,31882162,83058,16823503,32074,13905588,4016,1153071,41827,5800335,76856,13703655,46211,19503990,
All CA and Non-CA Counties,2021-05-03,257560,32139722,157859,16981362,90611,13996199,9090,1162161,78866,5711461,177719,13881374,88845,19592835,
All CA and Non-CA Counties,2021-05-04,338168,32477890,207516,17188878,120360,14116559,10292,1172453,100224,5586402,236758,14118132,111699,19704534,
All CA and Non-CA Counties,2021-05-05,343249,32821139,214751,17403629,118025,14234584,10473,1182926,97493,5451051,244387,14362519,109036,19813570,
All CA and Non-CA Counties,2021-05-06,360274,33181413,236282,17639911,113086,14347670,10906,1193832,92018,5290018,266458,14628977,105425,19918995,
All CA and Non-CA Counties,2021-05-07,357880,33539293,224634,17864545,122953,14470623,10293,1204125,97770,5140751,258588,14887565,109321,20028316,
All CA and Non-CA Counties,2021-05-08,236959,33776252,151238,18015783,78488,14549111,7233,1211358,65523,5044602,170377,15057942,74228,20102544,
All CA and Non-CA Counties,2021-05-09,97011,33873263,73386,18089169,20504,14569615,3121,1214479,25738,5002988,70914,15128856,29300,20131844,
All CA and Non-CA Counties,2021-05-10,209717,34082980,119805,18208974,81685,14651300,8227,1222706,52122,4907960,156685,15285541,61657,20193501,
All CA and Non-CA Counties,2021-05-11,277844,34360824,158286,18367260,110575,14761875,8983,1231689,73766,4789480,203033,15488574,84553,20278054,
All CA and Non-CA Counties,2021-05-12,275821,34636645,160374,18527634,105982,14867857,9465,1241154,74387,4674211,200274,15688848,85005,20363059,
All CA and Non-CA Counties,2021-05-13,321165,34957810,206991,18734625,106525,14974382,7649,1248803,121000,4606583,198939,15887787,131311,20494370,
All CA and Non-CA Counties,2021-05-14,345033,35302843,220911,18955536,114959,15089341,9163,1257966,134661,4543471,209023,16096810,145911,20640281,
All CA and Non-CA Counties,2021-05-15,283086,35585929,197504,19153040,79421,15168762,6161,1264127,116720,4501939,165403,16262213,123871,20764152,
All CA and Non-CA Counties,2021-05-16,143175,35729104,109562,19262602,30590,15199352,3023,1267150,58549,4479799,84124,16346337,61984,20826136,
All CA and Non-CA Counties,2021-05-17,243541,35972645,160000,19422602,75883,15275235,7658,1274808,96525,4438789,146063,16492400,105053,20931189,
All CA and Non-CA Counties,2021-05-18,285279,36257924,173675,19596277,103875,15379110,7729,1282537,111438,4386699,172665,16665065,120575,21051764,
All CA and Non-CA Counties,2021-05-19,279563,36537487,174077,19770354,97644,15476754,7842,1290379,114308,4345836,164142,16829207,123279,21175043,
All CA and Non-CA Counties,2021-05-20,267319,36804806,159464,19929818,99437,15576191,8418,1298797,101838,4293379,164254,16993461,111797,21286840,
All CA and Non-CA Counties,2021-05-21,286270,37091076,175839,20105657,102221,15678412,8210,1307007,107863,4233643,177053,17170514,117317,21404157,
All CA and Non-CA Counties,2021-05-22,207680,37298756,137521,20243178,63723,15742135,6436,1313443,89014,4212412,117823,17288337,96592,21500749,
All CA and Non-CA Counties,2021-05-23,92353,37391109,64125,20307303,25450,15767585,2778,1316221,39617,4202902,52292,17340629,42782,21543531,
All CA and Non-CA Counties,2021-05-24,173867,37564976,101823,20409126,63370,15830955,8674,1324895,66039,4171508,106956,17447585,75562,21619093,
All CA and Non-CA Counties,2021-05-25,192152,37757128,112441,20521567,71319,15902274,8392,1333287,72775,4135498,118301,17565886,82291,21701384,
All CA and Non-CA Counties,2021-05-26,187002,37944130,107363,20628930,71418,15973692,8221,1341508,72627,4103831,113228,17679114,81561,21782945,
All CA and Non-CA Counties,2021-05-27,174523,38118653,99576,20728506,66126,16039818,8821,1350329,70161,4080404,103474,17782588,80047,21862992,
All CA and Non-CA Counties,2021-05-28,191198,38309851,110101,20838607,73616,16113434,7481,1357810,82344,4063530,107817,17890405,90943,21953935,
All CA and Non-CA Counties,2021-05-29,108871,38418722,66694,20905301,37992,16151426,4185,1361995,50786,4061489,57515,17947920,55474,22009409,
All CA and Non-CA Counties,2021-05-30,48060,38466782,31676,20936977,13796,16165222,2588,1364583,21073,4058644,26721,17974641,23876,22033285,
All CA and Non-CA Counties,2021-05-31,20244,38487026,11867,20948844,7362,16172584,1015,1365598,6619,4052952,13440,17988081,7748,22041033,
All CA and Non-CA Counties,2021-06-01,170569,38657595,99361,21048205,63741,16236325,7467,1373065,60496,4012766,109035,18097116,68849,22109882,
All CA and Non-CA Counties,2021-06-02,144717,38802312,85414,21133619,51843,16288168,7460,1380525,54752,3986614,89026,18186142,62874,22172756,
All CA and Non-CA Counties,2021-06-03,173076,38975388,118077,21251696,47600,16335768,7399,1387924,52786,3928392,119410,18305552,61188,22233944,
All CA and Non-CA Counties,2021-06-04,201966,39177354,141880,21393576,53572,16389340,6514,1394438,60578,3857032,140290,18445842,68930,22302874,
All CA and Non-CA Counties,2021-06-05,159245,39336599,120106,21513682,33340,16422680,5799,1400237,44510,3794361,113939,18559781,51268,22354142,
All CA and Non-CA Counties,2021-06-06,65026,39401625,54700,21568382,8022,16430702,2304,1402541,17515,3767787,47213,18606994,20639,22374781,
All CA and Non-CA Counties,2021-06-07,138546,39540171,101368,21669750,30970,16461672,6208,1408749,40975,3718740,96945,18703939,47898,22422679,
All CA and Non-CA Counties,2021-06-08,160251,39700422,116013,21785763,37099,16498771,7139,1415888,47648,3662901,111678,18815617,55839,22478518,
All CA and Non-CA Counties,2021-06-09,154491,39854913,112135,21897898,35309,16534080,7047,1422935,43082,3603384,110555,18926172,51038,22529556,
All CA and Non-CA Counties,2021-06-10,148736,40003649,106797,22004695,34286,16568366,7653,1430588,43765,3551666,104221,19030393,52503,22582059,
All CA and Non-CA Counties,2021-06-11,161315,40164964,113050,22117745,41204,16609570,7061,1437649,50277,3499828,110114,19140507,58276,22640335,
All CA and Non-CA Counties,2021-06-12,116508,40281472,88286,22206031,24378,16633948,3844,1441493,33340,3455087,82603,19223110,37862,22678197,
All CA and Non-CA Counties,2021-06-13,45706,40327178,34010,22240041,9542,16643490,2154,1443647,11461,3435113,33989,19257099,14015,22692212,
All CA and Non-CA Counties,2021-06-14,117287,40444465,83124,22323165,27098,16670588,7065,1450712,38724,3403615,77926,19335025,46428,22738640,
All CA and Non-CA Counties,2021-06-15,133532,40577997,89974,22413139,34497,16705085,9061,1459773,44651,3370278,88003,19423028,54666,22793306,
All CA and Non-CA Counties,2021-06-16,122682,40700679,86241,22499380,28495,16733580,7946,1467719,42236,3341551,79675,19502703,50948,22844254,
All CA and Non-CA Counties,2021-06-17,116273,40816952,80349,22579729,27704,16761284,8220,1475939,41189,3317285,74330,19577033,50064,22894318,
All CA and Non-CA Counties,2021-06-18,130768,40947720,90405,22670134,32426,16793710,7937,1483876,46911,3289953,82952,19659985,55620,22949938,
All CA and Non-CA Counties,2021-06-19,77606,41025326,56356,22726490,17145,16810855,4105,1487981,29062,3275687,47944,19707929,33678,22983616,
All CA and Non-CA Counties,2021-06-20,31504,41056830,23727,22750217,6378,16817233,1399,1489380,12015,3270049,19269,19727198,13631,22997247,
All CA and Non-CA Counties,2021-06-21,72592,41129422,45375,22795592,20883,16838116,6334,1495714,37144,3279041,35053,19762251,44045,23041292,
All CA and Non-CA Counties,2021-06-22,102096,41231518,71184,22866776,24767,16862883,6145,1501859,39870,3264122,61609,19823860,46690,23087982,
All CA and Non-CA Counties,2021-06-23,95588,41327106,67263,22934039,22274,16885157,6051,1507910,38986,3253747,56014,19879874,45639,23133621,
All CA and Non-CA Counties,2021-06-24,92619,41419725,64516,22998555,22245,16907402,5858,1513768,37584,3243400,54361,19934235,44014,23177635,
All CA and Non-CA Counties,2021-06-25,106924,41526649,75457,23074012,25778,16933180,5689,1519457,43662,3230739,62607,19996842,49946,23227581,
All CA and Non-CA Counties,2021-06-26,68652,41595301,51679,23125691,13695,16946875,3278,1522735,28369,3223028,39914,20036756,32203,23259784,
All CA and Non-CA Counties,2021-06-27,32211,41627512,24774,23150465,5839,16952714,1598,1524333,13802,3220431,18224,20054980,15627,23275411,
All CA and Non-CA Counties,2021-06-28,73110,41700622,56368,23206833,12035,16964749,4707,1529040,31964,3216920,40650,20095630,37139,23312550,
All CA and Non-CA Counties,2021-06-29,84910,41785532,60113,23266946,20328,16985077,4469,1533509,35798,3209156,48588,20144218,40824,23353374,
All CA and Non-CA Counties,2021-06-30,80183,41865715,57362,23324308,18762,17003839,4059,1537568,35864,3205876,43751,20187969,40471,23393845,
All CA and Non-CA Counties,2021-07-01,75051,41940766,54007,23378315,16908,17020747,4136,1541704,33045,3202025,41546,20229515,37695,23431540,
All CA and Non-CA Counties,2021-07-02,85234,42026000,60764,23439079,20351,17041098,4119,1545823,37655,3197273,47028,20276543,42276,23473816,
All CA and Non-CA Counties,2021-07-03,46924,42072924,34251,23473330,10902,17052000,1771,1547594,21361,3195498,25215,20301758,23440,23497256,
All CA and Non-CA Counties,2021-07-04,3488,42076412,2028,23475358,1171,17053171,289,1547883,1547,3195477,1914,20303672,1893,23499149,
All CA and Non-CA Counties,2021-07-05,41596,42118008,30721,23506079,9232,17062403,1643,1549526,19386,3194836,21956,20325628,21315,23520464,
All CA and Non-CA Counties,2021-07-06,87199,42205207,63685,23569764,19243,17081646,4271,1553797,33492,3180071,53135,20378763,38370,23558834,
All CA and Non-CA Counties,2021-07-07,73847,42279054,53089,23622853,16463,17098109,4295,1558092,30702,3172964,42687,20421450,35580,23594414,
All CA and Non-CA Counties,2021-07-08,66088,42345142,47779,23670632,14750,17112859,3559,1561651,27889,3167056,37786,20459236,31878,23626292,
All CA and Non-CA Counties,2021-07-09,73885,42419027,53312,23723944,16980,17129839,3593,1565244,32132,3161942,41244,20500480,36130,23662422,
All CA and Non-CA Counties,2021-07-10,43864,42462891,32543,23756487,9453,17139292,1868,1567112,19302,3159108,24243,20524723,21409,23683831,
All CA and Non-CA Counties,2021-07-11,21466,42484357,16105,23772592,4510,17143802,851,1567963,10122,3158941,11180,20535903,11013,23694844,
All CA and Non-CA Counties,2021-07-12,45136,42529493,32212,23804804,10609,17154411,2315,1570278,18123,3152833,26722,20562625,20614,23715458,
Outside California,2020-12-15,9,9,9,9,0,0,0,0,9,9,0,0,9,9,Not in California
Outside California,2020-12-16,274,283,274,283,0,0,0,0,274,283,0,0,274,283,Not in California
Outside California,2020-12-17,1590,1873,1590,1873,0,0,0,0,1590,1873,0,0,1590,1873,Not in California
Outside California,2020-12-18,2518,4391,2512,4385,6,6,0,0,2518,4391,0,0,2518,4391,Not in California
Outside California,2020-12-19,1027,5418,1026,5411,1,7,0,0,1027,5418,0,0,1027,5418,Not in California
Outside California,2020-12-20,675,6093,672,6083,3,10,0,0,675,6093,0,0,675,6093,Not in California
Outside California,2020-12-21,2167,8260,2164,8247,3,13,0,0,2167,8260,0,0,2167,8260,Not in California
Outside California,2020-12-22,2055,10315,1981,10228,74,87,0,0,2055,10315,0,0,2055,10315,Not in California
Outside California,2020-12-23,1521,11836,1376,11604,145,232,0,0,1520,11834,1,1,1520,11835,Not in California
Outside California,2020-12-24,802,12638,612,12216,190,422,0,0,802,12636,0,1,802,12637,Not in California
Outside California,2020-12-25,35,12673,30,12246,5,427,0,0,35,12671,0,1,35,12672,Not in California
Outside California,2020-12-26,305,12978,205,12451,100,527,0,0,305,12976,0,1,305,12977,Not in California
Outside California,2020-12-27,189,13167,72,12523,117,644,0,0,189,13165,0,1,189,13166,Not in California
Outside California,2020-12-28,1403,14570,891,13414,512,1156,0,0,1403,14568,0,1,1403,14569,Not in California
Outside California,2020-12-29,1537,16107,1013,14427,524,1680,0,0,1537,16105,0,1,1537,16106,Not in California
Outside California,2020-12-30,1878,17985,1217,15644,661,2341,0,0,1878,17983,0,1,1878,17984,Not in California
Outside California,2020-12-31,1103,19088,597,16241,506,2847,0,0,1102,19084,1,2,1102,19086,Not in California
Outside California,2021-01-01,107,19195,28,16269,79,2926,0,0,107,19191,0,2,107,19193,Not in California
Outside California,2021-01-02,248,19443,137,16406,111,3037,0,0,247,19437,1,3,247,19440,Not in California
Outside California,2021-01-03,185,19628,92,16498,93,3130,0,0,185,19622,0,3,185,19625,Not in California
Outside California,2021-01-04,1150,20778,512,17010,638,3768,0,0,1145,20766,1,4,1145,20770,Not in California
Outside California,2021-01-05,1552,22330,825,17835,727,4495,0,0,1358,21933,192,196,1359,22129,Not in California
Outside California,2021-01-06,2665,24995,1573,19408,1092,5587,0,0,1939,23149,723,919,1939,24068,Not in California
Outside California,2021-01-07,4098,29093,2522,21930,1576,7163,0,0,2454,23963,1642,2561,2456,26524,Not in California
Outside California,2021-01-08,4471,33564,2901,24831,1570,8733,0,0,2611,24728,1849,4410,2614,29138,Not in California
Outside California,2021-01-09,1302,34866,537,25368,765,9498,0,0,973,25376,327,4737,975,30113,Not in California
Outside California,2021-01-10,317,35183,188,25556,129,9627,0,0,197,25453,120,4857,197,30310,Not in California
Outside California,2021-01-11,3248,38431,1992,27548,1256,10883,0,0,1923,26052,1324,6181,1923,32233,Not in California
Outside California,2021-01-12,3876,42307,2287,29835,1589,12472,0,0,2286,26806,1586,7767,2340,34573,Not in California
Outside California,2021-01-13,3635,45942,1773,31608,1862,14334,0,0,2460,28096,1174,8941,2464,37037,Not in California
Outside California,2021-01-14,3654,49596,1262,32870,2392,16726,0,0,3008,30475,632,9573,3011,40048,Not in California
Outside California,2021-01-15,4150,53746,989,33859,3161,19887,0,0,3677,33691,461,10034,3677,43725,Not in California
Outside California,2021-01-16,2622,56368,390,34249,2232,22119,0,0,2447,35965,173,10207,2447,46172,Not in California
Outside California,2021-01-17,510,56878,152,34401,358,22477,0,0,461,36377,49,10256,461,46633,Not in California
Outside California,2021-01-18,1194,58072,770,35171,424,22901,0,0,739,36663,454,10710,740,47373,Not in California
Outside California,2021-01-19,4096,62168,1343,36514,2753,25654,0,0,3199,38968,897,11607,3202,50575,Not in California
Outside California,2021-01-20,4429,66597,1429,37943,3000,28654,0,0,3487,41519,937,12544,3488,54063,Not in California
Outside California,2021-01-21,4226,70823,1175,39118,3051,31705,0,0,3648,44605,562,13106,3648,57711,Not in California
Outside California,2021-01-22,4609,75432,1109,40227,3500,35205,0,0,4187,48382,412,13518,4189,61900,Not in California
Outside California,2021-01-23,2252,77684,350,40577,1902,37107,0,0,2076,50285,173,13691,2076,63976,Not in California
Outside California,2021-01-24,621,78305,257,40834,364,37471,0,0,541,50746,80,13771,541,64517,Not in California
Outside California,2021-01-25,4615,82920,1981,42815,2634,40105,0,0,3737,53616,869,14640,3739,68256,Not in California
Outside California,2021-01-26,6114,89034,2938,45753,3176,43281,0,0,5238,57986,875,15515,5245,73501,Not in California
Outside California,2021-01-27,5233,94267,2732,48485,2501,45782,0,0,4574,61910,652,16167,4576,78077,Not in California
Outside California,2021-01-28,5279,99546,2827,51312,2452,48234,0,0,4728,66097,541,16708,4728,82805,Not in California
Outside California,2021-01-29,4968,104514,3066,54378,1902,50136,0,0,4142,69425,817,17525,4145,86950,Not in California
Outside California,2021-01-30,4479,108993,2418,56796,2061,52197,0,0,4241,73431,236,17761,4242,91192,Not in California
Outside California,2021-01-31,3273,112266,2833,59629,440,52637,0,0,3209,76580,62,17823,3211,94403,Not in California
Outside California,2021-02-01,5651,117917,2638,62267,3013,55650,0,0,4925,80788,717,18540,4925,99328,Not in California
Outside California,2021-02-02,6905,124822,2238,64505,4667,60317,0,0,6160,86216,732,19272,6160,105488,Not in California
Outside California,2021-02-03,7535,132357,2139,66644,5396,65713,0,0,6634,91959,892,20164,6635,112123,Not in California
Outside California,2021-02-04,6917,139274,2158,68802,4759,70472,0,0,5873,96804,1029,21193,5874,117997,Not in California
Outside California,2021-02-05,7142,146416,2497,71299,4645,75117,0,0,6014,101699,1119,22312,6014,124011,Not in California
Outside California,2021-02-06,4695,151111,2401,73700,2294,77411,0,0,4219,105455,466,22778,4222,128233,Not in California
Outside California,2021-02-07,2276,153387,1876,75576,400,77811,0,0,2187,107557,87,22865,2189,130422,Not in California
Outside California,2021-02-08,5307,158694,3328,78904,1979,79790,0,0,4238,110737,1058,23923,4238,134660,Not in California
Outside California,2021-02-09,4315,163009,1926,80830,2389,82179,0,0,2981,112414,1305,25228,2982,137642,Not in California
Outside California,2021-02-10,5672,168681,1958,82788,3714,85893,0,0,3195,113190,2428,27656,3204,140846,Not in California
Outside California,2021-02-11,4926,173607,2290,85078,2636,88529,0,0,3562,115424,1347,29003,3581,144427,Not in California
Outside California,2021-02-12,5367,178974,1996,87074,3371,91900,0,0,3477,117032,1872,30875,3480,147907,Not in California
Outside California,2021-02-13,2461,181435,749,87823,1712,93612,0,0,1865,118319,591,31466,1878,149785,Not in California
Outside California,2021-02-14,1383,182818,429,88252,954,94566,0,0,1113,119172,262,31728,1115,150900,Not in California
Outside California,2021-02-15,2676,185494,1624,89876,1052,95618,0,0,1288,119091,1372,33100,1291,152191,Not in California
Outside California,2021-02-16,6684,192178,2929,92805,3755,99373,0,0,2611,117651,4056,37156,2616,154807,Not in California
Outside California,2021-02-17,6090,198268,3095,95900,2995,102368,0,0,1857,115296,4217,41373,1862,156669,Not in California
Outside California,2021-02-18,6669,204937,3844,99744,2825,105193,0,0,2099,112860,4536,45909,2100,158769,Not in California
Outside California,2021-02-19,5938,210875,4106,103850,1832,107025,0,0,2487,111912,3437,49346,2489,161258,Not in California
Outside California,2021-02-20,3540,214415,2860,106710,680,107705,0,0,1292,110964,2241,51587,1293,162551,Not in California
Outside California,2021-02-21,3107,217522,2874,109584,233,107938,0,0,927,109726,2165,53752,927,163478,Not in California
Outside California,2021-02-22,3785,221307,2775,112359,1010,108948,0,0,1701,109357,2075,55827,1706,165184,Not in California
Outside California,2021-02-23,6893,228200,3682,116041,3211,112159,0,0,2473,107533,4313,60140,2489,167673,Not in California
Outside California,2021-02-24,7099,235299,3762,119803,3337,115496,0,0,2542,105574,4506,64646,2547,170220,Not in California
Outside California,2021-02-25,7591,242890,3692,123495,3899,119395,0,0,3215,104462,4330,68976,3218,173438,Not in California
Outside California,2021-02-26,7752,250642,4110,127605,3642,123037,0,0,3231,103282,4412,73388,3232,176670,Not in California
Outside California,2021-02-27,6383,257025,3192,130797,3190,126227,1,1,2003,100937,4351,77739,2006,178676,Not in California
Outside California,2021-02-28,2599,259624,1870,132667,728,126955,1,2,837,100022,1755,79494,840,179516,Not in California
Outside California,2021-03-01,5060,264684,3182,135849,1877,128832,1,3,1418,97818,3628,83122,1424,180940,Not in California
Outside California,2021-03-02,6835,271519,2548,138397,4287,133119,0,3,2117,95237,4700,87822,2119,183059,Not in California
Outside California,2021-03-03,8021,279540,3149,141546,4870,137989,2,5,2753,92752,5243,93065,2758,185817,Not in California
Outside California,2021-03-04,6995,286535,2948,144494,4040,142029,7,12,2395,90588,4569,97634,2405,188222,Not in California
Outside California,2021-03-05,5409,291944,2731,147225,2663,144692,15,27,2801,90822,2591,100225,2825,191047,Not in California
Outside California,2021-03-06,4658,296602,2159,149384,2339,147031,160,187,2372,91081,2281,102506,2540,193587,Not in California
Outside California,2021-03-07,1766,298368,1038,150422,577,147608,151,338,1015,91508,746,103252,1173,194760,Not in California
Outside California,2021-03-08,3224,301592,1894,152316,1060,148668,270,608,2259,93111,933,104185,2536,197296,Not in California
Outside California,2021-03-09,4797,306389,2444,154760,2019,150687,334,942,2824,94309,1960,106145,3158,200454,Not in California
Outside California,2021-03-10,4545,310934,2162,156922,1848,152535,535,1477,2755,95825,1776,107921,3292,203746,Not in California
Outside California,2021-03-11,6336,317270,3227,160149,2418,154953,691,2168,3344,96885,2975,110896,4035,207781,Not in California
Outside California,2021-03-12,6564,323834,3931,164080,1904,156857,729,2897,3584,98236,2959,113855,4310,212091,Not in California
Outside California,2021-03-13,3866,327700,2208,166288,1187,158044,471,3368,2619,100091,1235,115090,3090,215181,Not in California
Outside California,2021-03-14,1829,329529,942,167230,548,158592,339,3707,1001,100610,821,115911,1340,216521,Not in California
Outside California,2021-03-15,4115,333644,2148,169378,1492,160084,475,4182,2179,101344,1921,117832,2655,219176,Not in California
Outside California,2021-03-16,7637,341281,4427,173805,2816,162900,394,4576,4202,102522,3411,121243,4589,223765,Not in California
Outside California,2021-03-17,8526,349807,5518,179323,2629,165529,379,4955,5078,104546,3434,124677,5458,229223,Not in California
Outside California,2021-03-18,8400,358207,5183,184506,2671,168200,546,5501,4796,106298,3590,128267,5342,234565,Not in California
Outside California,2021-03-19,7434,365641,4424,188930,2463,170663,547,6048,4384,108199,3034,131301,4935,239500,Not in California
Outside California,2021-03-20,4828,370469,3184,192114,1550,172213,94,6142,3662,110804,1152,132453,3757,243257,Not in California
Outside California,2021-03-21,2136,372605,1460,193574,587,172800,89,6231,1699,112158,433,132886,1787,245044,Not in California
Outside California,2021-03-22,3337,375942,2017,195591,1232,174032,88,6319,2281,113479,1047,133933,2368,247412,Not in California
Outside California,2021-03-23,6194,382136,3144,198735,2741,176773,309,6628,4156,115938,2005,135938,4464,251876,Not in California
Outside California,2021-03-24,7408,389544,3799,202534,3161,179934,448,7076,5078,119147,2315,138253,5524,257400,Not in California
Outside California,2021-03-25,8348,397892,3861,206395,3960,183894,527,7603,6019,123388,2306,140559,6547,263947,Not in California
Outside California,2021-03-26,6787,404679,3575,209970,3031,186925,181,7784,4459,125731,2295,142854,4638,268585,Not in California
Outside California,2021-03-27,5615,410294,3129,213099,2266,189191,220,8004,3505,127356,2096,144950,3721,272306,Not in California
Outside California,2021-03-28,3123,413417,1656,214755,1304,190495,163,8167,2008,128421,1106,146056,2171,274477,Not in California
Outside California,2021-03-29,5289,418706,2353,217108,2588,193083,348,8515,3019,129527,2262,148318,3368,277845,Not in California
Outside California,2021-03-30,6978,425684,3663,220771,2744,195827,571,9086,4119,131378,2846,151164,4697,282542,Not in California
Outside California,2021-03-31,6459,432143,3840,224611,1829,197656,790,9876,3431,132574,3018,154182,4214,286756,Not in California
Outside California,2021-04-01,7742,439885,4633,229244,2444,200100,665,10541,4475,134450,3251,157433,5127,291883,Not in California
Outside California,2021-04-02,8567,448452,4547,233791,2878,202978,1142,11683,4432,135895,4122,161555,5567,297450,Not in California
Outside California,2021-04-03,6393,454845,3821,237612,1410,204388,1162,12845,3405,137486,2974,164529,4565,302015,Not in California
Outside California,2021-04-04,1849,456694,908,238520,700,205088,241,13086,1001,137879,845,165374,1238,303253,Not in California
Outside California,2021-04-05,4259,460953,2061,240581,1514,206602,684,13770,2017,138346,2231,167605,2698,305951,Not in California
Outside California,2021-04-06,7293,468246,3921,244502,1716,208318,1656,15426,2929,138581,4341,171946,4576,310527,Not in California
Outside California,2021-04-07,8375,476621,4711,249213,1945,210263,1719,17145,3264,138456,5098,177044,4973,315500,Not in California
Outside California,2021-04-08,8370,484991,4404,253617,2015,212278,1951,19096,3346,138729,5009,182053,5282,320782,Not in California
Outside California,2021-04-09,7672,492663,3929,257546,1771,214049,1972,21068,2950,138936,4704,186757,4911,325693,Not in California
Outside California,2021-04-10,6190,498853,3039,260585,1285,215334,1866,22934,1715,138042,4461,191218,3567,329260,Not in California
Outside California,2021-04-11,2905,501758,1592,262177,658,215992,655,23589,990,137772,1910,193128,1640,330900,Not in California
Outside California,2021-04-12,4265,506023,2393,264570,1298,217290,574,24163,1890,137871,2365,195493,2464,333364,Not in California
Outside California,2021-04-13,5927,511950,3780,268350,2122,219412,25,24188,3067,138110,2852,198345,3091,336455,Not in California
Outside California,2021-04-14,5573,517523,3573,271923,1996,221408,4,24192,3069,138690,2493,200838,3073,339528,Not in California
Outside California,2021-04-15,6288,523811,3945,275868,2337,223745,6,24198,3387,139240,2844,203682,3394,342922,Not in California
Outside California,2021-04-16,6055,529866,3480,279348,2568,226313,7,24205,3374,139960,2664,206346,3384,346306,Not in California
Outside California,2021-04-17,5628,535494,3541,282889,2086,228399,1,24206,3255,140857,2358,208704,3255,349561,Not in California
Outside California,2021-04-18,2237,537731,1290,284179,946,229345,1,24207,1103,140836,1127,209831,1106,350667,Not in California
Outside California,2021-04-19,4255,541986,2055,286234,2199,231544,1,24208,2191,140980,2051,211882,2195,352862,Not in California
Outside California,2021-04-20,5605,547591,2614,288848,2990,234534,1,24209,2325,140041,3264,215146,2325,355187,Not in California
Outside California,2021-04-21,6768,554359,2960,291808,3802,238336,6,24215,2494,138288,4254,219400,2501,357688,Not in California
Outside California,2021-04-22,7062,561421,3652,295460,3408,241744,2,24217,2597,136437,4451,223851,2600,360288,Not in California
Outside California,2021-04-23,6080,567501,3132,298592,2947,244691,1,24218,2514,135410,3545,227396,2518,362806,Not in California
Outside California,2021-04-24,4746,572247,3100,301692,1641,246332,5,24223,1907,134494,2831,230227,1915,364721,Not in California
Outside California,2021-04-25,2276,574523,1278,302970,997,247329,1,24224,1191,134607,1082,231309,1195,365916,Not in California
Outside California,2021-04-26,4267,578790,1916,304886,2323,249652,28,24252,1917,134216,2336,233645,1945,367861,Not in California
Outside California,2021-04-27,5837,584627,2220,307106,3244,252896,373,24625,2031,132834,3794,237439,2412,370273,Not in California
Outside California,2021-04-28,5053,589680,2190,309296,2465,255361,398,25023,1985,132160,3051,240490,2377,372650,Not in California
Outside California,2021-04-29,5021,594701,2383,311679,2206,257567,432,25455,1903,131402,3093,243583,2335,374985,Not in California
Outside California,2021-04-30,5043,599744,2463,314142,2152,259719,428,25883,1901,130608,3126,246709,2332,377317,Not in California
Outside California,2021-05-01,3271,603015,1886,316028,954,260673,431,26314,1328,130443,1924,248633,1759,379076,Not in California
Outside California,2021-05-02,1893,604908,1118,317146,651,261324,124,26438,829,130339,1058,249691,954,380030,Not in California
Outside California,2021-05-03,2963,607871,1622,318768,1053,262377,288,26726,1131,129933,1824,251515,1418,381448,Not in California
Outside California,2021-05-04,4079,611950,2214,320982,1419,263796,446,27172,1349,129007,2718,254233,1792,383240,Not in California
Outside California,2021-05-05,4572,616522,2582,323564,1616,265412,374,27546,1645,128112,2917,257150,2022,385262,Not in California
Outside California,2021-05-06,4592,621114,2826,326390,1425,266837,341,27887,1595,127059,2989,260139,1936,387198,Not in California
Outside California,2021-05-07,4731,625845,2751,329141,1593,268430,387,28274,1617,125967,3096,263235,2004,389202,Not in California
Outside California,2021-05-08,3316,629161,2248,331389,816,269246,252,28526,1088,125088,2220,265455,1341,390543,Not in California
Outside California,2021-05-09,1420,630581,954,332343,344,269590,122,28648,577,124947,838,266293,697,391240,Not in California
Outside California,2021-05-10,2620,633201,1224,333567,1068,270658,328,28976,913,124490,1700,267993,1243,392483,Not in California
Outside California,2021-05-11,3157,636358,1555,335122,1296,271954,306,29282,1178,124004,1974,269967,1488,393971,Not in California
Outside California,2021-05-12,3290,639648,1597,336719,1363,273317,330,29612,1258,123563,2028,271995,1587,395558,Not in California
Outside California,2021-05-13,3286,642934,1918,338637,1157,274474,211,29823,1414,123323,1865,273860,1625,397183,Not in California
Outside California,2021-05-14,3622,646556,2051,340688,1332,275806,239,30062,1601,123152,2014,275874,1843,399026,Not in California
Outside California,2021-05-15,2690,649246,1586,342274,961,276767,143,30205,1148,122912,1534,277408,1294,400320,Not in California
Outside California,2021-05-16,1675,650921,1087,343361,519,277286,69,30274,766,122841,907,278315,836,401156,Not in California
Outside California,2021-05-17,3098,654019,1651,345012,1212,278498,235,30509,1320,122622,1773,280088,1554,402710,Not in California
Outside California,2021-05-18,3274,657293,1657,346669,1304,279802,313,30822,1451,122580,1809,281897,1767,404477,Not in California
Outside California,2021-05-19,3397,660690,1703,348372,1423,281225,271,31093,1461,122385,1926,283823,1731,406208,Not in California
Outside California,2021-05-20,3183,663873,1767,350139,1162,282387,254,31347,1411,122294,1758,285581,1667,407875,Not in California
Outside California,2021-05-21,3222,667095,1788,351927,1186,283573,248,31595,1357,122049,1850,287431,1605,409480,Not in California
Outside California,2021-05-22,2840,669935,1860,353787,777,284350,203,31798,1518,122458,1313,288744,1722,411202,Not in California
Outside California,2021-05-23,1583,671518,1035,354822,470,284820,78,31876,803,122562,778,289522,882,412084,Not in California
Outside California,2021-05-24,2442,673960,1170,355992,926,285746,346,32222,1066,122609,1365,290887,1412,413496,Not in California
Outside California,2021-05-25,2389,676349,1117,357109,936,286682,336,32558,1009,122581,1370,292257,1342,414838,Not in California
Outside California,2021-05-26,2399,678748,1111,358220,933,287615,355,32913,988,122523,1402,293659,1344,416182,Not in California
Outside California,2021-05-27,2187,680935,1076,359296,817,288432,294,33207,971,122577,1209,294868,1263,417445,Not in California
Outside California,2021-05-28,2444,683379,1232,360528,860,289292,352,33559,1097,122688,1339,296207,1450,418895,Not in California
Outside California,2021-05-29,1675,685054,838,361366,481,289773,356,33915,701,122776,969,297176,1057,419952,Not in California
Outside California,2021-05-30,929,685983,573,361939,232,290005,124,34039,465,122906,459,297635,589,420541,Not in California
Outside California,2021-05-31,435,686418,192,362131,203,290208,40,34079,188,122897,237,297872,228,420769,Not in California
Outside California,2021-06-01,2152,688570,1138,363269,710,290918,304,34383,1005,123064,1142,299014,1309,422078,Not in California
Outside California,2021-06-02,2018,690588,1005,364274,665,291583,348,34731,910,123226,1098,300112,1260,423338,Not in California
Outside California,2021-06-03,2162,692750,1183,365457,665,292248,314,35045,970,123326,1184,301296,1284,424622,Not in California
Outside California,2021-06-04,2525,695275,1413,366870,794,293042,318,35363,1066,123255,1453,302749,1382,426004,Not in California
Outside California,2021-06-05,1717,696992,1196,368066,357,293399,164,35527,755,123220,955,303704,920,426924,Not in California
Outside California,2021-06-06,926,697918,696,368762,148,293547,82,35609,431,123240,493,304197,513,427437,Not in California
Outside California,2021-06-07,1928,699846,1052,369814,547,294094,329,35938,792,123225,1135,305332,1120,428557,Not in California
Outside California,2021-06-08,2068,701914,1179,370993,544,294638,345,36283,787,123079,1276,306608,1130,429687,Not in California
Outside California,2021-06-09,1965,703879,1176,372169,505,295143,284,36567,789,122982,1168,307776,1071,430758,Not in California
Outside California,2021-06-10,1949,705828,1141,373310,500,295643,308,36875,823,122990,1124,308900,1132,431890,Not in California
Outside California,2021-06-11,2179,708007,1253,374563,595,296238,331,37206,912,122974,1260,310160,1244,433134,Not in California
Outside California,2021-06-12,1610,709617,1202,375765,278,296516,130,37336,621,122740,986,311146,752,433886,Not in California
Outside California,2021-06-13,926,710543,629,376394,196,296712,101,37437,390,122698,532,311678,490,434376,Not in California
Outside California,2021-06-14,1760,712303,985,377379,472,297184,303,37740,730,122705,1024,312702,1031,435407,Not in California
Outside California,2021-06-15,1714,714017,942,378321,496,297680,276,38016,751,122777,955,313657,1027,436434,Not in California
Outside California,2021-06-16,1694,715711,1004,379325,462,298142,228,38244,797,122914,888,314545,1025,437459,Not in California
Outside California,2021-06-17,1847,717558,1018,380343,471,298613,358,38602,825,123079,1018,315563,1183,438642,Not in California
Outside California,2021-06-18,1963,719521,1069,381412,434,299047,460,39062,817,123216,1138,316701,1275,439917,Not in California
Outside California,2021-06-19,1051,720572,690,382102,261,299308,100,39162,540,123348,506,317207,638,440555,Not in California
Outside California,2021-06-20,792,721364,576,382678,170,299478,46,39208,466,123538,322,317529,512,441067,Not in California
Outside California,2021-06-21,1275,722639,640,383318,321,299799,314,39522,682,123946,588,318117,996,442063,Not in California
Outside California,2021-06-22,1641,724280,1041,384359,348,300147,252,39774,871,124305,764,318881,1123,443186,Not in California
Outside California,2021-06-23,1685,725965,925,385284,439,300586,321,40095,795,124537,883,319764,1115,444301,Not in California
Outside California,2021-06-24,1554,727519,912,386196,363,300949,279,40374,816,124895,736,320500,1094,445395,Not in California
Outside California,2021-06-25,1785,729304,1019,387215,403,301352,363,40737,865,125205,915,321415,1225,446620,Not in California
Outside California,2021-06-26,1160,730464,756,387971,224,301576,180,40917,599,125427,557,321972,779,447399,Not in California
Outside California,2021-06-27,755,731219,587,388558,110,301686,58,40975,451,125634,301,322273,508,447907,Not in California
Outside California,2021-06-28,1398,732617,828,389386,270,301956,300,41275,718,125974,680,322953,1020,448927,Not in California
Outside California,2021-06-29,1436,734053,876,390262,325,302281,235,41510,764,126306,665,323618,997,449924,Not in California
Outside California,2021-06-30,1403,735456,807,391069,377,302658,219,41729,753,126632,645,324263,971,450895,Not in California
Outside California,2021-07-01,1388,736844,802,391871,348,303006,238,41967,758,127006,621,324884,995,451890,Not in California
Outside California,2021-07-02,1379,738223,788,392659,351,303357,240,42207,706,127287,663,325547,944,452834,Not in California
Outside California,2021-07-03,817,739040,584,393243,151,303508,82,42289,523,127601,291,325838,605,453439,Not in California
Outside California,2021-07-04,106,739146,65,393308,25,303533,16,42305,66,127644,39,325877,82,453521,Not in California
Outside California,2021-07-05,1006,740152,626,393934,309,303842,71,42376,592,127898,409,326286,663,454184,Not in California
Outside California,2021-07-06,1416,741568,816,394750,314,304156,286,42662,666,128103,747,327033,952,455136,Not in California
Outside California,2021-07-07,1486,743054,778,395528,359,304515,349,43011,728,128421,753,327786,1071,456207,Not in California
Outside California,2021-07-08,1256,744310,690,396218,293,304808,273,43284,609,128662,640,328426,881,457088,Not in California
Outside California,2021-07-09,1304,745614,740,396958,331,305139,233,43517,638,128877,656,329082,871,457959,Not in California
Outside California,2021-07-10,857,746471,591,397549,163,305302,103,43620,490,129111,360,329442,594,458553,Not in California
Outside California,2021-07-11,609,747080,456,398005,109,305411,44,43664,364,129279,241,329683,409,458962,Not in California
Outside California,2021-07-12,978,748058,524,398529,262,305673,192,43856,453,129407,517,330200,645,459607,Not in California
Unknown,2020-12-17,2,2,2,2,0,0,0,0,0,0,0,0,0,0,Not in California
Unknown,2020-12-18,1,3,1,3,0,0,0,0,0,0,0,0,0,0,Not in California
Unknown,2020-12-21,4,7,4,7,0,0,0,0,0,0,0,0,0,0,Not in California
Unknown,2020-12-28,4,11,4,11,0,0,0,0,3,3,0,0,3,3,Not in California
Unknown,2020-12-29,6,17,5,16,1,1,0,0,7,10,0,0,7,10,Not in California
Unknown,2020-12-30,54,71,54,70,0,1,0,0,54,64,0,0,54,64,Not in California
Unknown,2020-12-31,1,72,0,70,1,2,0,0,0,64,0,0,0,64,Not in California
Unknown,2021-01-02,1,73,0,70,1,3,0,0,1,65,0,0,1,65,Not in California
Unknown,2021-01-04,3,76,3,73,0,3,0,0,2,67,0,0,2,67,Not in California
Unknown,2021-01-06,4,80,2,75,2,5,0,0,4,71,0,0,4,71,Not in California
Unknown,2021-01-07,72,152,71,146,1,6,0,0,71,142,0,0,71,142,Not in California
Unknown,2021-01-08,1,153,0,146,1,7,0,0,3,145,0,0,3,145,Not in California
Unknown,2021-01-09,2,155,2,148,0,7,0,0,3,148,0,0,3,148,Not in California
Unknown,2021-01-11,21,176,21,169,0,7,0,0,21,169,0,0,21,169,Not in California
Unknown,2021-01-12,11,187,10,179,1,8,0,0,9,178,1,1,10,179,Not in California
Unknown,2021-01-13,10,197,10,189,0,8,0,0,11,189,0,1,11,190,Not in California
Unknown,2021-01-14,5,202,5,194,0,8,0,0,5,194,0,1,5,195,Not in California
Unknown,2021-01-15,7,209,6,200,1,9,0,0,7,201,0,1,7,202,Not in California
Unknown,2021-01-16,7,216,7,207,0,9,0,0,7,208,0,1,7,209,Not in California
Unknown,2021-01-17,3,219,3,210,0,9,0,0,3,211,0,1,3,212,Not in California
Unknown,2021-01-18,55,274,55,265,0,9,0,0,53,262,2,3,53,265,Not in California
Unknown,2021-01-19,24,298,24,289,0,9,0,0,20,279,3,6,20,285,Not in California
Unknown,2021-01-20,81,379,81,370,0,9,0,0,29,255,53,59,29,314,Not in California
Unknown,2021-01-21,54,433,52,422,2,11,0,0,55,309,1,60,55,369,Not in California
Unknown,2021-01-22,36,469,32,454,4,15,0,0,37,346,0,60,37,406,Not in California
Unknown,2021-01-23,11,480,7,461,4,19,0,0,11,357,0,60,11,417,Not in California
Unknown,2021-01-24,2,482,2,463,0,19,0,0,3,360,0,60,3,420,Not in California
Unknown,2021-01-25,20,502,17,480,3,22,0,0,17,374,3,63,17,437,Not in California
Unknown,2021-01-26,88,590,87,567,1,23,0,0,90,463,1,64,90,527,Not in California
Unknown,2021-01-27,19,609,19,586,0,23,0,0,17,478,2,66,17,544,Not in California
Unknown,2021-01-28,159,768,157,743,2,25,0,0,101,518,61,127,101,645,Not in California
Unknown,2021-01-29,153,921,153,896,0,25,0,0,157,674,1,128,157,802,Not in California
Unknown,2021-01-30,12,933,10,906,2,27,0,0,14,686,2,130,14,816,Not in California
Unknown,2021-01-31,17,950,17,923,0,27,0,0,18,704,0,130,18,834,Not in California
Unknown,2021-02-01,39,989,37,960,2,29,0,0,20,703,21,151,20,854,Not in California
Unknown,2021-02-02,66,1055,65,1025,1,30,0,0,59,755,7,158,59,913,Not in California
Unknown,2021-02-03,44,1099,42,1067,2,32,0,0,32,776,11,169,32,945,Not in California
Unknown,2021-02-04,57,1156,52,1119,5,37,0,0,48,815,9,178,48,993,Not in California
Unknown,2021-02-05,22,1178,18,1137,4,41,0,0,16,825,6,184,16,1009,Not in California
Unknown,2021-02-06,17,1195,17,1154,0,41,0,0,11,830,6,190,11,1020,Not in California
Unknown,2021-02-07,9,1204,9,1163,0,41,0,0,7,835,2,192,7,1027,Not in California
Unknown,2021-02-08,56,1260,53,1216,3,44,0,0,15,809,41,233,15,1042,Not in California
Unknown,2021-02-09,21,1281,21,1237,0,44,0,0,6,800,15,248,6,1048,Not in California
Unknown,2021-02-10,34,1315,30,1267,4,48,0,0,9,784,25,273,9,1057,Not in California
Unknown,2021-02-11,88,1403,87,1354,1,49,0,0,44,782,46,319,44,1101,Not in California
Unknown,2021-02-12,41,1444,37,1391,4,53,0,0,9,759,32,351,9,1110,Not in California
Unknown,2021-02-13,12,1456,5,1396,7,60,0,0,8,763,4,355,8,1118,Not in California
Unknown,2021-02-14,7,1463,2,1398,5,65,0,0,4,765,2,357,4,1122,Not in California
Unknown,2021-02-15,45,1508,39,1437,6,71,0,0,28,778,15,372,28,1150,Not in California
Unknown,2021-02-16,115,1623,105,1542,10,81,0,0,33,729,82,454,33,1183,Not in California
Unknown,2021-02-17,14,1637,12,1554,2,83,0,0,8,728,9,463,8,1191,Not in California
Unknown,2021-02-18,110,1747,105,1659,5,88,0,0,18,654,92,555,18,1209,Not in California
Unknown,2021-02-19,198,1945,193,1852,5,93,0,0,47,550,151,706,47,1256,Not in California
Unknown,2021-02-20,10,1955,7,1859,3,96,0,0,4,548,6,712,4,1260,Not in California
Unknown,2021-02-21,18,1973,18,1877,0,96,0,0,1,532,17,729,1,1261,Not in California
Unknown,2021-02-22,18,1991,18,1895,0,96,0,0,7,528,11,740,7,1268,Not in California
Unknown,2021-02-23,67,2058,56,1951,11,107,0,0,15,492,51,791,15,1283,Not in California
Unknown,2021-02-24,45,2103,37,1988,8,115,0,0,14,476,30,821,14,1297,Not in California
Unknown,2021-02-25,76,2179,62,2050,14,129,0,0,28,455,49,870,28,1325,Not in California
Unknown,2021-02-26,40,2219,25,2075,15,144,0,0,21,459,17,887,21,1346,Not in California
Unknown,2021-02-27,23,2242,17,2092,6,150,0,0,10,460,9,896,10,1356,Not in California
Unknown,2021-02-28,19,2261,13,2105,6,156,0,0,12,467,5,901,12,1368,Not in California
Unknown,2021-03-01,43,2304,26,2131,17,173,0,0,24,473,18,919,24,1392,Not in California
Unknown,2021-03-02,22,2326,11,2142,11,184,0,0,12,478,7,926,12,1404,Not in California
Unknown,2021-03-03,16,2342,12,2154,4,188,0,0,11,485,4,930,11,1415,Not in California
Unknown,2021-03-04,48,2390,45,2199,3,191,0,0,18,473,30,960,18,1433,Not in California
Unknown,2021-03-05,24,2414,15,2214,9,200,0,0,21,488,6,966,21,1454,Not in California
Unknown,2021-03-06,20,2434,12,2226,6,206,2,2,16,502,4,970,18,1472,Not in California
Unknown,2021-03-07,3,2437,1,2227,0,206,2,4,2,504,2,972,4,1476,Not in California
Unknown,2021-03-08,33,2470,24,2251,7,213,2,6,9,490,25,997,11,1487,Not in California
Unknown,2021-03-09,40,2510,33,2284,3,216,4,10,11,475,30,1027,15,1502,Not in California
Unknown,2021-03-10,14,2524,11,2295,1,217,2,12,7,476,8,1035,9,1511,Not in California
Unknown,2021-03-11,31,2555,14,2309,3,220,14,26,8,476,22,1057,22,1533,Not in California
Unknown,2021-03-12,61,2616,48,2357,8,228,5,31,11,444,48,1105,16,1549,Not in California
Unknown,2021-03-13,17,2633,5,2362,8,236,4,35,6,443,11,1116,10,1559,Not in California
Unknown,2021-03-14,13,2646,6,2368,5,241,2,37,6,444,7,1123,8,1567,Not in California
Unknown,2021-03-15,36,2682,16,2384,18,259,2,39,24,456,14,1137,26,1593,Not in California
Unknown,2021-03-16,47,2729,22,2406,21,280,4,43,28,468,20,1157,32,1625,Not in California
Unknown,2021-03-17,39,2768,16,2422,22,302,1,44,34,499,4,1161,35,1660,Not in California
Unknown,2021-03-18,34,2802,21,2443,13,315,0,44,20,506,13,1174,20,1680,Not in California
Unknown,2021-03-19,29,2831,19,2462,10,325,0,44,22,520,8,1182,22,1702,Not in California
Unknown,2021-03-20,28,2859,14,2476,14,339,0,44,15,524,11,1193,15,1717,Not in California
Unknown,2021-03-21,16,2875,10,2486,6,345,0,44,12,533,3,1196,12,1729,Not in California
Unknown,2021-03-22,32,2907,19,2505,12,357,1,45,16,538,12,1208,17,1746,Not in California
Unknown,2021-03-23,24,2931,10,2515,9,366,5,50,11,543,11,1219,16,1762,Not in California
Unknown,2021-03-24,22,2953,9,2524,13,379,0,50,14,549,8,1227,14,1776,Not in California
Unknown,2021-03-25,40,2993,27,2551,13,392,0,50,24,558,15,1242,24,1800,Not in California
Unknown,2021-03-26,34,3027,18,2569,11,403,5,55,17,565,15,1257,22,1822,Not in California
Unknown,2021-03-27,33,3060,15,2584,15,418,3,58,19,570,17,1274,22,1844,Not in California
Unknown,2021-03-28,20,3080,9,2593,11,429,0,58,12,576,6,1280,12,1856,Not in California
Unknown,2021-03-29,40,3120,21,2614,19,448,0,58,23,586,13,1293,23,1879,Not in California
Unknown,2021-03-30,43,3163,25,2639,18,466,0,58,25,595,16,1309,25,1904,Not in California
Unknown,2021-03-31,35,3198,22,2661,12,478,1,59,25,610,11,1320,26,1930,Not in California
Unknown,2021-04-01,27,3225,17,2678,7,485,3,62,17,621,9,1329,20,1950,Not in California
Unknown,2021-04-02,45,3270,22,2700,14,499,9,71,19,623,26,1355,28,1978,Not in California
Unknown,2021-04-03,21,3291,10,2710,11,510,0,71,15,628,10,1365,15,1993,Not in California
Unknown,2021-04-04,15,3306,4,2714,11,521,0,71,9,632,5,1370,9,2002,Not in California
Unknown,2021-04-05,36,3342,22,2736,13,534,1,72,18,634,17,1387,19,2021,Not in California
Unknown,2021-04-06,24,3366,15,2751,8,542,1,73,12,636,11,1398,13,2034,Not in California
Unknown,2021-04-07,38,3404,26,2777,11,553,1,74,27,652,11,1409,27,2061,Not in California
Unknown,2021-04-08,32,3436,21,2798,6,559,5,79,15,653,19,1428,20,2081,Not in California
Unknown,2021-04-09,33,3469,24,2822,9,568,0,79,20,662,11,1439,20,2101,Not in California
Unknown,2021-04-10,11,3480,9,2831,1,569,1,80,5,661,7,1446,6,2107,Not in California
Unknown,2021-04-11,12,3492,8,2839,4,573,0,80,5,661,5,1451,5,2112,Not in California
Unknown,2021-04-12,37,3529,20,2859,16,589,1,81,16,655,23,1474,17,2129,Not in California
Unknown,2021-04-13,47,3576,28,2887,19,608,0,81,18,646,27,1501,18,2147,Not in California
Unknown,2021-04-14,30,3606,9,2896,21,629,0,81,6,628,24,1525,6,2153,Not in California
Unknown,2021-04-15,32,3638,17,2913,14,643,1,82,11,617,22,1547,11,2164,Not in California
Unknown,2021-04-16,26,3664,16,2929,10,653,0,82,10,611,16,1563,10,2174,Not in California
Unknown,2021-04-17,23,3687,14,2943,9,662,0,82,8,606,14,1577,9,2183,Not in California
Unknown,2021-04-18,21,3708,8,2951,13,675,0,82,10,604,12,1589,10,2193,Not in California
Unknown,2021-04-19,35,3743,22,2973,13,688,0,82,14,598,20,1609,14,2207,Not in California
Unknown,2021-04-20,24,3767,15,2988,9,697,0,82,6,586,18,1627,6,2213,Not in California
Unknown,2021-04-21,40,3807,20,3008,20,717,0,82,15,576,25,1652,15,2228,Not in California
Unknown,2021-04-22,28,3835,19,3027,9,726,0,82,7,563,20,1672,7,2235,Not in California
Unknown,2021-04-23,31,3866,16,3043,15,741,0,82,14,562,15,1687,14,2249,Not in California
Unknown,2021-04-24,34,3900,25,3068,9,750,0,82,18,565,15,1702,18,2267,Not in California
Unknown,2021-04-25,20,3920,9,3077,11,761,0,82,7,560,12,1714,7,2274,Not in California
Unknown,2021-04-26,29,3949,19,3096,10,771,0,82,12,554,18,1732,12,2286,Not in California
Unknown,2021-04-27,32,3981,18,3114,13,784,1,83,11,546,20,1752,12,2298,Not in California
Unknown,2021-04-28,28,4009,19,3133,7,791,2,85,8,536,20,1772,10,2308,Not in California
Unknown,2021-04-29,34,4043,22,3155,12,803,0,85,15,530,21,1793,15,2323,Not in California
Unknown,2021-04-30,30,4073,15,3170,10,813,5,90,16,536,15,1808,21,2344,Not in California
Unknown,2021-05-01,27,4100,20,3190,7,820,0,90,15,540,11,1819,15,2359,Not in California
Unknown,2021-05-02,16,4116,7,3197,8,828,1,91,5,537,9,1828,6,2365,Not in California
Unknown,2021-05-03,23,4139,15,3212,5,833,3,94,6,528,17,1845,8,2373,Not in California
Unknown,2021-05-04,20,4159,9,3221,5,838,6,100,5,523,16,1861,11,2384,Not in California
Unknown,2021-05-05,26,4185,11,3232,14,852,1,101,11,520,15,1876,12,2396,Not in California
Unknown,2021-05-06,34,4219,21,3253,6,858,7,108,11,514,24,1900,18,2414,Not in California
Unknown,2021-05-07,27,4246,13,3266,10,868,4,112,10,510,18,1918,14,2428,Not in California
Unknown,2021-05-08,16,4262,10,3276,4,872,2,114,6,508,10,1928,8,2436,Not in California
Unknown,2021-05-09,17,4279,4,3280,9,881,4,118,8,511,9,1937,12,2448,Not in California
Unknown,2021-05-10,21,4300,11,3291,7,888,3,121,3,501,16,1953,6,2454,Not in California
Unknown,2021-05-11,21,4321,10,3301,6,894,5,126,10,505,11,1964,15,2469,Not in California
Unknown,2021-05-12,14,4335,8,3309,5,899,1,127,4,501,9,1973,5,2474,Not in California
Unknown,2021-05-13,18,4353,12,3321,1,900,5,132,11,509,9,1982,17,2491,Not in California
Unknown,2021-05-14,23,4376,18,3339,4,904,1,133,14,514,9,1991,14,2505,Not in California
Unknown,2021-05-15,22,4398,20,3359,2,906,0,133,13,517,10,2001,13,2518,Not in California
Unknown,2021-05-16,26,4424,17,3376,8,914,1,134,14,520,12,2013,15,2533,Not in California
Unknown,2021-05-17,23,4447,17,3393,4,918,2,136,9,518,13,2026,11,2544,Not in California
Unknown,2021-05-18,31,4478,19,3412,10,928,2,138,17,523,14,2040,19,2563,Not in California
Unknown,2021-05-19,30,4508,22,3434,7,935,1,139,10,515,19,2059,11,2574,Not in California
Unknown,2021-05-20,18,4526,14,3448,3,938,1,140,10,519,7,2066,11,2585,Not in California
Unknown,2021-05-21,24,4550,13,3461,7,945,4,144,9,517,15,2081,13,2598,Not in California
Unknown,2021-05-22,31,4581,26,3487,4,949,1,145,15,520,13,2094,16,2614,Not in California
Unknown,2021-05-23,10,4591,7,3494,3,952,0,145,6,522,4,2098,6,2620,Not in California
Unknown,2021-05-24,9,4600,6,3500,2,954,1,146,5,524,4,2102,6,2626,Not in California
Unknown,2021-05-25,20,4620,10,3510,4,958,6,152,7,525,12,2114,13,2639,Not in California
Unknown,2021-05-26,12,4632,9,3519,2,960,1,153,3,522,7,2121,4,2643,Not in California
Unknown,2021-05-27,22,4654,15,3534,5,965,2,155,6,515,15,2136,8,2651,Not in California
Unknown,2021-05-28,23,4677,12,3546,5,970,6,161,12,522,11,2147,18,2669,Not in California
Unknown,2021-05-29,20,4697,18,3564,2,972,0,161,14,530,6,2153,14,2683,Not in California
Unknown,2021-05-30,7,4704,3,3567,3,975,1,162,3,530,4,2157,4,2687,Not in California
Unknown,2021-05-31,1,4705,1,3568,0,975,0,162,0,529,1,2158,0,2687,Not in California
Unknown,2021-06-01,28,4733,15,3583,7,982,6,168,11,530,16,2174,17,2704,Not in California
Unknown,2021-06-02,7,4740,4,3587,3,985,0,168,2,527,5,2179,2,2706,Not in California
Unknown,2021-06-03,17,4757,16,3603,1,986,0,168,9,527,9,2188,9,2715,Not in California
Unknown,2021-06-04,28,4785,18,3621,10,996,0,168,15,529,13,2201,15,2730,Not in California
Unknown,2021-06-05,32,4817,25,3646,6,1002,1,169,19,536,13,2214,20,2750,Not in California
Unknown,2021-06-06,29,4846,20,3666,6,1008,3,172,11,532,18,2232,14,2764,Not in California
Unknown,2021-06-07,20,4866,9,3675,8,1016,3,175,9,533,11,2243,12,2776,Not in California
Unknown,2021-06-08,15,4881,7,3682,5,1021,3,178,5,531,10,2253,8,2784,Not in California
Unknown,2021-06-09,30,4911,20,3702,9,1030,1,179,18,538,12,2265,19,2803,Not in California
Unknown,2021-06-10,14,4925,11,3713,3,1033,0,179,6,536,8,2273,6,2809,Not in California
Unknown,2021-06-11,6,4931,4,3717,1,1034,1,180,5,540,2,2275,6,2815,Not in California
Unknown,2021-06-12,15,4946,11,3728,4,1038,0,180,9,542,7,2282,9,2824,Not in California
Unknown,2021-06-13,10,4956,6,3734,4,1042,0,180,3,538,7,2289,3,2827,Not in California
Unknown,2021-06-14,10,4966,9,3743,1,1043,0,180,4,537,5,2294,4,2831,Not in California
Unknown,2021-06-15,22,4988,13,3756,9,1052,0,180,8,532,13,2307,8,2839,Not in California
Unknown,2021-06-16,6,4994,3,3759,3,1055,0,180,5,536,1,2308,5,2844,Not in California
Unknown,2021-06-17,16,5010,10,3769,4,1059,2,182,12,546,4,2312,14,2858,Not in California
Unknown,2021-06-18,16,5026,12,3781,4,1063,0,182,10,549,7,2319,10,2868,Not in California
Unknown,2021-06-19,12,5038,10,3791,1,1064,1,183,3,543,10,2329,4,2872,Not in California
Unknown,2021-06-20,6,5044,4,3795,1,1065,1,184,3,544,3,2332,4,2876,Not in California
Unknown,2021-06-21,13,5057,9,3804,4,1069,0,184,8,547,5,2337,8,2884,Not in California
Unknown,2021-06-22,17,5074,11,3815,6,1075,0,184,14,558,3,2340,14,2898,Not in California
Unknown,2021-06-23,9,5083,4,3819,4,1079,1,185,6,562,3,2343,7,2905,Not in California
Unknown,2021-06-24,11,5094,5,3824,5,1084,1,186,6,564,5,2348,7,2912,Not in California
Unknown,2021-06-25,13,5107,12,3836,1,1085,0,186,8,568,4,2352,8,2920,Not in California
Unknown,2021-06-26,14,5121,14,3850,0,1085,0,186,10,574,4,2356,10,2930,Not in California
Unknown,2021-06-27,23,5144,18,3868,3,1088,2,188,12,577,11,2367,14,2944,Not in California
Unknown,2021-06-28,17,5161,14,3882,3,1091,0,188,11,582,6,2373,11,2955,Not in California
Unknown,2021-06-29,8,5169,6,3888,2,1093,0,188,7,588,1,2374,7,2962,Not in California
Unknown,2021-06-30,22,5191,21,3909,1,1094,0,188,12,590,10,2384,12,2974,Not in California
Unknown,2021-07-01,21,5212,20,3929,1,1095,0,188,15,601,4,2388,15,2989,Not in California
Unknown,2021-07-02,8,5220,5,3934,3,1098,0,188,5,603,3,2391,5,2994,Not in California
Unknown,2021-07-03,8,5228,8,3942,0,1098,0,188,4,603,4,2395,4,2998,Not in California
Unknown,2021-07-04,2,5230,2,3944,0,1098,0,188,0,601,2,2397,0,2998,Not in California
Unknown,2021-07-05,25,5255,20,3964,4,1102,1,189,17,611,8,2405,18,3016,Not in California
Unknown,2021-07-06,13,5268,10,3974,3,1105,0,189,7,612,6,2411,7,3023,Not in California
Unknown,2021-07-07,28,5296,17,3991,9,1114,2,191,17,620,11,2422,19,3042,Not in California
Unknown,2021-07-08,28,5324,24,4015,4,1118,0,191,20,632,8,2430,20,3062,Not in California
Unknown,2021-07-09,16,5340,11,4026,3,1121,2,193,6,630,10,2440,8,3070,Not in California
Unknown,2021-07-10,15,5355,9,4035,6,1127,0,193,9,633,6,2446,9,3079,Not in California
Unknown,2021-07-11,7,5362,7,4042,0,1127,0,193,4,634,3,2449,4,3083,Not in California
Unknown,2021-07-12,8,5370,4,4046,4,1131,0,193,4,634,4,2453,4,3087,Not in California
Alameda,2020-12-15,39,39,39,39,0,0,0,0,39,39,0,0,39,39,California
Alameda,2020-12-16,213,252,213,252,0,0,0,0,213,252,0,0,213,252,California
Alameda,2020-12-17,513,765,513,765,0,0,0,0,513,765,0,0,513,765,California
Alameda,2020-12-18,1921,2686,1920,2685,1,1,0,0,1921,2686,0,0,1921,2686,California
Alameda,2020-12-19,1432,4118,1432,4117,0,1,0,0,1432,4118,0,0,1432,4118,California
Alameda,2020-12-20,1182,5300,1181,5298,1,2,0,0,1181,5298,1,1,1181,5299,California
Alameda,2020-12-21,1854,7154,1852,7150,2,4,0,0,1853,7151,0,1,1853,7152,California
Alameda,2020-12-22,2103,9257,2049,9199,54,58,0,0,2102,9252,1,2,2102,9254,California
Alameda,2020-12-23,1937,11194,1681,10880,256,314,0,0,1937,11189,0,2,1937,11191,California
Alameda,2020-12-24,1217,12411,754,11634,463,777,0,0,1217,12406,0,2,1217,12408,California
Alameda,2020-12-25,163,12574,126,11760,37,814,0,0,163,12569,0,2,163,12571,California
Alameda,2020-12-26,862,13436,324,12084,538,1352,0,0,862,13431,0,2,862,13433,California
Alameda,2020-12-27,498,13934,257,12341,241,1593,0,0,498,13929,0,2,498,13931,California
Alameda,2020-12-28,1889,15823,966,13307,923,2516,0,0,1889,15818,0,2,1889,15820,California
Alameda,2020-12-29,2489,18312,1081,14388,1408,3924,0,0,2488,18306,0,2,2488,18308,California
Alameda,2020-12-30,3100,21412,1327,15715,1773,5697,0,0,3100,21406,0,2,3100,21408,California
Alameda,2020-12-31,1804,23216,449,16164,1355,7052,0,0,1801,23205,2,4,1801,23209,California
Alameda,2021-01-01,179,23395,76,16240,103,7155,0,0,177,23380,2,6,177,23386,California
Alameda,2021-01-02,730,24125,525,16765,205,7360,0,0,729,24109,0,6,729,24115,California
Alameda,2021-01-03,336,24461,217,16982,119,7479,0,0,333,24439,3,9,333,24448,California
Alameda,2021-01-04,1622,26083,914,17896,708,8187,0,0,1610,26038,11,20,1610,26058,California
Alameda,2021-01-05,2230,28313,1286,19182,944,9131,0,0,1974,27759,253,273,1974,28032,California
Alameda,2021-01-06,3289,31602,1818,21000,1471,10602,0,0,2410,29296,876,1149,2413,30445,California
Alameda,2021-01-07,3845,35447,2162,23162,1683,12285,0,0,2647,30759,1189,2338,2652,33097,California
Alameda,2021-01-08,4784,40231,2735,25897,2049,14334,0,0,3041,32067,1738,4076,3046,36143,California
Alameda,2021-01-09,2036,42267,1386,27283,650,14984,0,0,1168,32367,868,4944,1168,37311,California
Alameda,2021-01-10,1065,43332,839,28122,226,15210,0,0,429,32159,637,5581,429,37740,California
Alameda,2021-01-11,4691,48023,3549,31671,1142,16352,0,0,2874,33225,1815,7396,2881,40621,California
Alameda,2021-01-12,4874,52897,3286,34957,1588,17940,0,0,3465,35287,1406,8802,3468,44089,California
Alameda,2021-01-13,5081,57978,2705,37662,2376,20316,0,0,3875,37962,1202,10004,3877,47966,California
Alameda,2021-01-14,5696,63674,2818,40480,2878,23194,0,0,4792,41862,895,10899,4795,52761,California
Alameda,2021-01-15,5879,69553,2337,42817,3542,26736,0,0,5094,46182,778,11677,5098,57859,California
Alameda,2021-01-16,3001,72554,1397,44214,1604,28340,0,0,2729,48639,273,11950,2730,60589,California
Alameda,2021-01-17,1883,74437,1090,45304,793,29133,0,0,1674,50105,209,12159,1675,62264,California
Alameda,2021-01-18,3200,77637,2051,47355,1149,30282,0,0,2603,52118,592,12751,2605,64869,California
Alameda,2021-01-19,5558,83195,3336,50691,2222,32504,0,0,4356,55276,1200,13951,4358,69227,California
Alameda,2021-01-20,6940,90135,4242,54933,2698,35202,0,0,5635,59624,1291,15242,5639,74866,California
Alameda,2021-01-21,8182,98317,3769,58702,4413,39615,0,0,7324,66103,850,16092,7329,82195,California
Alameda,2021-01-22,6912,105229,2069,60771,4843,44458,0,0,5757,70715,1146,17238,5758,87953,California
Alameda,2021-01-23,3298,108527,951,61722,2347,46805,0,0,2741,72901,555,17793,2741,90694,California
Alameda,2021-01-24,2046,110573,655,62377,1391,48196,0,0,1771,74401,271,18064,1771,92465,California
Alameda,2021-01-25,5221,115794,1987,64364,3234,51430,0,0,3634,76458,1579,19643,3636,96101,California
Alameda,2021-01-26,7367,123161,2325,66689,5042,56472,0,0,5466,80033,1892,21535,5467,101568,California
Alameda,2021-01-27,6764,129925,2087,68776,4677,61149,0,0,4880,83038,1875,23410,4880,106448,California
Alameda,2021-01-28,7930,137855,2562,71338,5368,66517,0,0,5673,86472,2241,25651,5675,112123,California
Alameda,2021-01-29,8037,145892,3205,74543,4832,71349,0,0,6179,90807,1846,27497,6181,118304,California
Alameda,2021-01-30,3464,149356,1696,76239,1768,73117,0,0,2746,92841,712,28209,2746,121050,California
Alameda,2021-01-31,1939,151295,961,77200,978,74095,0,0,1696,94298,239,28448,1696,122746,California
Alameda,2021-02-01,6519,157814,3887,81087,2632,76727,0,0,4358,96506,2151,30599,4359,127105,California
Alameda,2021-02-02,7097,164911,3820,84907,3277,80004,0,0,4742,98904,2344,32943,4742,131847,California
Alameda,2021-02-03,7174,172085,3783,88690,3391,83395,0,0,4416,100574,2751,35694,4421,136268,California
Alameda,2021-02-04,9598,181683,4152,92842,5446,88841,0,0,6426,103848,3158,38852,6432,142700,California
Alameda,2021-02-05,10411,192094,5427,98269,4984,93825,0,0,6495,106441,3908,42760,6501,149201,California
Alameda,2021-02-06,7039,199133,4460,102729,2579,96404,0,0,5888,111183,1147,43907,5889,155090,California
Alameda,2021-02-07,3590,202723,2892,105621,698,97102,0,0,2643,112884,943,44850,2644,157734,California
Alameda,2021-02-08,8177,210900,5838,111459,2339,99441,0,0,5573,115867,2592,47442,5575,163309,California
Alameda,2021-02-09,9778,220678,5875,117334,3903,103344,0,0,6097,118306,3660,51102,6099,169408,California
Alameda,2021-02-10,11599,232277,6844,124178,4755,108099,0,0,6505,119744,5075,56177,6513,175921,California
Alameda,2021-02-11,14090,246367,8081,132259,6009,114108,0,0,8158,121991,5914,62091,8161,184082,California
Alameda,2021-02-12,12657,259024,5762,138021,6895,121003,0,0,7822,125007,4809,66900,7825,191907,California
Alameda,2021-02-13,7873,266897,4087,142108,3786,124789,0,0,5879,128902,1986,68886,5881,197788,California
Alameda,2021-02-14,4071,270968,2564,144672,1507,126296,0,0,2884,130608,1181,70067,2887,200675,California
Alameda,2021-02-15,5713,276681,3213,147885,2500,128796,0,0,3702,132306,2008,72075,3706,204381,California
Alameda,2021-02-16,12635,289316,7017,154902,5618,134414,0,0,9352,138397,3270,75345,9361,213742,California
Alameda,2021-02-17,14316,303632,8505,163407,5811,140225,0,0,10605,145316,3688,79033,10607,224349,California
Alameda,2021-02-18,16084,319716,10208,173615,5876,146101,0,0,11659,152569,4412,83445,11665,236014,California
Alameda,2021-02-19,18059,337775,11735,185350,6324,152425,0,0,11900,158342,6133,89578,11906,247920,California
Alameda,2021-02-20,12225,350000,9878,195228,2347,154772,0,0,9364,164856,2855,92433,9369,257289,California
Alameda,2021-02-21,7983,357983,6999,202227,984,155756,0,0,5364,167612,2609,95042,5365,262654,California
Alameda,2021-02-22,11422,369405,8434,210661,2988,158744,0,0,7159,170534,4246,99288,7168,269822,California
Alameda,2021-02-23,13597,383002,8257,218918,5340,164084,0,0,8423,173802,5162,104450,8430,278252,California
Alameda,2021-02-24,15479,398481,8683,227601,6796,170880,0,0,9986,178371,5422,109872,9991,288243,California
Alameda,2021-02-25,16490,414971,9582,237183,6908,177788,0,0,10379,182690,6069,115941,10388,298631,California
Alameda,2021-02-26,19194,434165,11194,248377,8000,185788,0,0,12144,187846,6994,122935,12150,310781,California
Alameda,2021-02-27,15568,449733,11498,259875,4068,189856,2,2,9627,191580,5899,128834,9633,320414,California
Alameda,2021-02-28,10283,460016,8585,268460,1697,191553,1,3,6651,194628,3606,132440,6654,327068,California
Alameda,2021-03-01,14199,474215,9818,278278,4367,195920,14,17,8668,197838,5480,137920,8690,335758,California
Alameda,2021-03-02,15153,489368,10886,289164,4265,200185,2,19,9900,202522,5226,143146,9910,345668,California
Alameda,2021-03-03,15962,505330,10461,299625,5497,205682,4,23,10906,208412,5025,148171,10915,356583,California
Alameda,2021-03-04,17602,522932,11285,310910,6315,211997,2,25,11064,212984,6494,154665,11066,367649,California
Alameda,2021-03-05,16415,539347,10732,321642,5672,217669,11,36,11061,218755,5308,159973,11079,378728,California
Alameda,2021-03-06,14693,554040,10327,331969,4104,221773,262,298,9701,223779,4939,164912,9963,388691,California
Alameda,2021-03-07,10005,564045,8543,340512,1246,223019,216,514,7053,228132,2919,167831,7272,395963,California
Alameda,2021-03-08,12097,576142,7517,348029,4181,227200,399,913,9026,234535,3019,170850,9422,405385,California
Alameda,2021-03-09,14843,590985,10381,358410,4020,231220,442,1355,8072,236319,6730,177580,8514,413899,California
Alameda,2021-03-10,17714,608699,12252,370662,4890,236110,572,1927,7966,235128,9714,187294,8523,422422,California
Alameda,2021-03-11,19967,628666,11690,382352,6556,242666,1721,3648,6793,230470,13141,200435,8483,430905,California
Alameda,2021-03-12,21560,650226,12599,394951,7253,249919,1708,5356,7438,225509,14088,214523,9127,440032,California
Alameda,2021-03-13,16263,666489,10410,405361,4839,254758,1014,6370,5168,220617,11058,225581,6166,446198,California
Alameda,2021-03-14,10962,677451,8066,413427,2105,256863,791,7161,3318,217092,7621,233202,4096,450294,California
Alameda,2021-03-15,14607,692058,9549,422976,4524,261387,534,7695,6185,215425,8381,241583,6714,457008,California
Alameda,2021-03-16,17422,709480,11285,434261,5591,266978,546,8241,7301,213213,10061,251644,7849,464857,California
Alameda,2021-03-17,17828,727308,10121,444382,6972,273950,735,8976,8201,212567,9576,261220,8930,473787,California
Alameda,2021-03-18,19518,746826,10684,455066,7931,281881,903,9879,8772,211531,10710,271930,9674,483461,California
Alameda,2021-03-19,19774,766600,10882,465948,7092,288973,1800,11679,7706,209011,12010,283940,9490,492951,California
Alameda,2021-03-20,15934,782534,10433,476381,4639,293612,862,12541,6280,206524,9617,293557,7130,500081,California
Alameda,2021-03-21,9354,791888,7358,483739,1439,295051,557,13098,3435,204608,5906,299463,3990,504071,California
Alameda,2021-03-22,15343,807231,10335,494074,3996,299047,1012,14110,6975,204253,8332,307795,7977,512048,California
Alameda,2021-03-23,19626,826857,11917,505991,6896,305943,813,14923,9957,205412,9614,317409,10773,522821,California
Alameda,2021-03-24,19535,846392,11816,517807,6691,312634,1028,15951,8463,203885,11005,328414,9478,532299,California
Alameda,2021-03-25,20814,867206,11594,529401,7807,320441,1413,17364,9501,203550,11234,339648,10899,543198,California
Alameda,2021-03-26,21218,888424,12794,542195,6853,327294,1571,18935,8557,201049,12609,352257,10108,553306,California
Alameda,2021-03-27,18502,906926,12631,554826,4915,332209,956,19891,7543,198635,10899,363156,8485,561791,California
Alameda,2021-03-28,10720,917646,8725,563551,1793,334002,202,20093,3474,195090,7225,370381,3680,565471,California
Alameda,2021-03-29,14939,932585,9525,573076,4415,338417,999,21092,5987,193164,8909,379290,6983,572454,California
Alameda,2021-03-30,18893,951478,9937,583013,7228,345645,1728,22820,9479,194983,9376,388666,11195,583649,California
Alameda,2021-03-31,19698,971176,10402,593415,7177,352822,2119,24939,9222,195863,10441,399107,11321,594970,California
Alameda,2021-04-01,23619,994795,10152,603567,7757,360579,5710,30649,11231,200410,12325,411432,16872,611842,California
Alameda,2021-04-02,24420,1019215,10034,613601,8484,369063,5902,36551,11862,205591,12516,423948,17697,629539,California
Alameda,2021-04-03,20519,1039734,9920,623521,5721,374784,4878,41429,10370,210677,10122,434070,15208,644747,California
Alameda,2021-04-04,10023,1049757,4012,627533,2300,377084,3711,45140,3468,211299,6533,440603,7155,651902,California
Alameda,2021-04-05,18033,1067790,7613,635146,5605,382689,4815,49955,7364,212823,10637,451240,12161,664063,California
Alameda,2021-04-06,22467,1090257,10821,645967,5768,388457,5878,55833,10226,216682,12199,463439,16058,680121,California
Alameda,2021-04-07,22813,1113070,11727,657694,5589,394046,5497,61330,11537,222465,11226,474665,17009,697130,California
Alameda,2021-04-08,25826,1138896,11675,669369,6110,400156,8041,69371,11060,226844,14683,489348,19062,716192,California
Alameda,2021-04-09,23706,1162602,10837,680206,7597,407753,5272,74643,12197,232826,11468,500816,17450,733642,California
Alameda,2021-04-10,19489,1182091,7519,687725,5724,413477,6246,80889,8280,236142,11178,511994,14494,748136,California
Alameda,2021-04-11,11111,1193202,4870,692595,2281,415758,3960,84849,4515,238016,6576,518570,8450,756586,California
Alameda,2021-04-12,18319,1211521,11881,704476,4440,420198,1998,86847,10299,242330,7976,526546,12290,768876,California
Alameda,2021-04-13,23307,1234828,14769,719245,8476,428674,62,86909,17099,253347,6151,532697,17168,786044,California
Alameda,2021-04-14,23410,1258238,15351,734596,8057,436731,2,86911,15661,261311,7704,540401,15668,801712,California
Alameda,2021-04-15,24513,1282751,15641,750237,8867,445598,5,86916,16149,269178,8296,548697,16163,817875,California
Alameda,2021-04-16,24902,1307653,14661,764898,10235,455833,6,86922,15884,276135,8948,557645,15905,833780,California
Alameda,2021-04-17,21219,1328872,14665,779563,6552,462385,2,86924,14654,284283,6522,564167,14670,848450,California
Alameda,2021-04-18,10449,1339321,8067,787630,2382,464767,0,86924,7216,288312,3196,567363,7225,855675,California
Alameda,2021-04-19,15996,1355317,9949,797579,6046,470813,1,86925,9242,290853,6711,574074,9252,864927,California
Alameda,2021-04-20,19014,1374331,11765,809344,7247,478060,2,86927,10336,292594,8617,582691,10358,875285,California
Alameda,2021-04-21,20452,1394783,12287,821631,8153,486213,12,86939,11802,295849,8580,591271,11835,887120,California
Alameda,2021-04-22,22141,1416924,14395,836026,7741,493954,5,86944,11737,297277,10340,601611,11768,898888,California
Alameda,2021-04-23,22503,1439427,14702,850728,7797,501751,4,86948,12496,299871,9935,611546,12529,911417,California
Alameda,2021-04-24,19072,1458499,14474,865202,4590,506341,8,86956,10072,301019,8948,620494,10096,921513,California
Alameda,2021-04-25,9025,1467524,7018,872220,2006,508347,1,86957,5907,303849,3089,623583,5919,927432,California
Alameda,2021-04-26,14881,1482405,10332,882552,4521,512868,28,86985,9100,307247,5741,629324,9139,936571,California
Alameda,2021-04-27,16742,1499147,9971,892523,6402,519270,369,87354,7847,306649,8838,638162,8240,944811,California
Alameda,2021-04-28,17088,1516235,10903,903426,5719,524989,466,87820,6907,303898,10141,648303,7390,952201,California
Alameda,2021-04-29,17721,1533956,10744,914170,6647,531636,330,88150,6598,299795,11056,659359,6953,959154,California
Alameda,2021-04-30,20575,1554531,12947,927117,7282,538918,346,88496,8476,296657,12006,671365,8868,968022,California
Alameda,2021-05-01,14109,1568640,9437,936554,4461,543379,211,88707,5270,293373,8794,680159,5510,973532,California
Alameda,2021-05-02,7110,1575750,4963,941517,1976,545355,171,88878,2899,292253,4193,684352,3073,976605,California
Alameda,2021-05-03,14635,1590385,11004,952521,3309,548664,322,89200,2859,283757,11710,696062,3214,979819,California
Alameda,2021-05-04,18882,1609267,13647,966168,4871,553535,364,89564,3806,272964,14999,711061,4206,984025,California
Alameda,2021-05-05,18793,1628060,13735,979903,4549,558084,509,90073,3833,262431,14893,725954,4360,988385,California
Alameda,2021-05-06,19297,1647357,14686,994589,3916,562000,695,90768,3783,251492,15431,741385,4492,992877,California
Alameda,2021-05-07,19501,1666858,13165,1007754,5916,567916,420,91188,4468,241440,14958,756343,4906,997783,California
Alameda,2021-05-08,17094,1683952,11865,1019619,5016,572932,213,91401,3266,231147,13788,770131,3495,1001278,California
Alameda,2021-05-09,8586,1692538,7031,1026650,1412,574344,143,91544,1329,225388,7235,777366,1476,1002754,California
Alameda,2021-05-10,10440,1702978,7204,1033854,2909,577253,327,91871,2507,220339,7893,785259,2844,1005598,California
Alameda,2021-05-11,15732,1718710,8625,1042479,6791,584044,316,92187,2808,210627,12874,798133,3162,1008760,California
Alameda,2021-05-12,13541,1732251,9031,1051510,4063,588107,447,92634,2716,203047,10778,808911,3198,1011958,California
Alameda,2021-05-13,18085,1750336,13010,1064520,4533,592640,542,93176,5730,197058,12301,821212,6312,1018270,California
Alameda,2021-05-14,20837,1771173,14162,1078682,6209,598849,466,93642,7068,190919,13687,834899,7548,1025818,California
Alameda,2021-05-15,17341,1788514,12662,1091344,4446,603295,233,93875,5933,185732,11357,846256,6170,1031988,California
Alameda,2021-05-16,8898,1797412,7651,1098995,1141,604436,106,93981,3140,183260,5723,851979,3251,1035239,California
Alameda,2021-05-17,13565,1810977,10117,1109112,2916,607352,532,94513,4199,178679,9325,861304,4744,1039983,California
Alameda,2021-05-18,14287,1825264,10392,1119504,3469,610821,426,94939,4986,174836,9256,870560,5413,1045396,California
Alameda,2021-05-19,14548,1839812,9981,1129485,4229,615050,338,95277,5886,172451,8611,879171,6226,1051622,California
Alameda,2021-05-20,13457,1853269,8886,1138371,4034,619084,537,95814,5748,171084,7652,886823,6285,1057907,California
Alameda,2021-05-21,15298,1868567,10061,1148432,4966,624050,271,96085,5070,166273,10157,896980,5346,1063253,California
Alameda,2021-05-22,10381,1878948,7501,1155933,2712,626762,168,96253,4198,164492,6151,903131,4370,1067623,California
Alameda,2021-05-23,5147,1884095,3967,1159900,1091,627853,89,96342,1679,162815,3446,906577,1769,1069392,California
Alameda,2021-05-24,7276,1891371,4243,1164143,2773,630626,260,96602,2827,161499,4408,910985,3092,1072484,California
Alameda,2021-05-25,8039,1899410,5198,1169341,2579,633205,262,96864,3521,160796,4482,915467,3779,1076263,California
Alameda,2021-05-26,8299,1907709,5187,1174528,2811,636016,301,97165,3578,159976,4694,920161,3874,1080137,California
Alameda,2021-05-27,8169,1915878,4882,1179410,2884,638900,403,97568,3341,158930,4785,924946,3739,1083876,California
Alameda,2021-05-28,8639,1924517,5059,1184469,3352,642252,228,97796,3601,157755,5006,929952,3831,1087707,California
Alameda,2021-05-29,4959,1929476,3000,1187469,1772,644024,187,97983,2447,157902,2489,932441,2636,1090343,California
Alameda,2021-05-30,2466,1931942,1617,1189086,760,644784,89,98072,972,157479,1484,933925,1061,1091404,California
Alameda,2021-05-31,1165,1933107,863,1189949,247,645031,55,98127,347,157080,801,934726,402,1091806,California
Alameda,2021-06-01,7192,1940299,4986,1194935,1893,646924,313,98440,2958,156143,4206,938932,3269,1095075,California
Alameda,2021-06-02,5831,1946130,3628,1198563,1979,648903,224,98664,2184,154931,3612,942544,2400,1097475,California
Alameda,2021-06-03,8507,1954637,6412,1204975,1794,650697,301,98965,2770,152299,5698,948242,3066,1100541,California
Alameda,2021-06-04,10478,1965115,7723,1212698,2513,653210,242,99207,2829,147759,7611,955853,3071,1103612,California
Alameda,2021-06-05,8108,1973223,5897,1218595,2050,655260,161,99368,1793,143429,6281,962134,1951,1105563,California
Alameda,2021-06-06,3694,1976917,3335,1221930,278,655538,81,99449,869,141564,2815,964949,950,1106513,California
Alameda,2021-06-07,5878,1982795,4287,1226217,1414,656952,177,99626,1726,139340,4127,969076,1903,1108416,California
Alameda,2021-06-08,7276,1990071,5818,1232035,1215,658167,243,99869,2102,136535,5147,974223,2342,1110758,California
Alameda,2021-06-09,7307,1997378,5973,1238008,1138,659305,196,100065,1674,132793,5606,979829,1864,1112622,California
Alameda,2021-06-10,8017,2005395,6708,1244716,1005,660310,304,100369,2134,129369,5859,985688,2435,1115057,California
Alameda,2021-06-11,8072,2013467,6188,1250904,1659,661969,225,100594,2464,126481,5580,991268,2692,1117749,California
Alameda,2021-06-12,5513,2018980,4225,1255129,1101,663070,187,100781,1371,123926,4117,995385,1562,1119311,California
Alameda,2021-06-13,2313,2021293,1765,1256894,426,663496,122,100903,663,123071,1638,997023,783,1120094,California
Alameda,2021-06-14,4589,2025882,3450,1260344,927,664423,212,101115,1549,121812,3018,1000041,1759,1121853,California
Alameda,2021-06-15,6023,2031905,4376,1264720,1365,665788,282,101397,1792,119692,4193,1004234,2073,1123926,California
Alameda,2021-06-16,5196,2037101,4150,1268870,842,666630,204,101601,1533,117781,3645,1007879,1734,1125660,California
Alameda,2021-06-17,5638,2042739,4552,1273422,851,667481,235,101836,1873,116158,3733,1011612,2110,1127770,California
Alameda,2021-06-18,5949,2048688,4487,1277909,1208,668689,254,102090,1988,114462,3934,1015546,2238,1130008,California
Alameda,2021-06-19,3459,2052147,2619,1280528,681,669370,159,102249,1055,113284,2391,1017937,1213,1131221,California
Alameda,2021-06-20,1402,2053549,1170,1281698,186,669556,46,102295,522,112976,874,1018811,566,1131787,California
Alameda,2021-06-21,2718,2056267,1848,1283546,708,670264,162,102457,1388,113214,1313,1020124,1551,1133338,California
Alameda,2021-06-22,4582,2060849,3550,1287096,838,671102,194,102651,1407,111654,3159,1023283,1599,1134937,California
Alameda,2021-06-23,3501,2064350,2691,1289787,624,671726,186,102837,1178,110706,2308,1025591,1360,1136297,California
Alameda,2021-06-24,4404,2068754,3515,1293302,652,672378,237,103074,1510,109579,2872,1028463,1745,1138042,California
Alameda,2021-06-25,4640,2073394,3474,1296776,957,673335,209,103283,1716,108597,2907,1031370,1925,1139967,California
Alameda,2021-06-26,3074,2076468,2260,1299036,649,673984,165,103448,1066,107838,1989,1033359,1230,1141197,California
Alameda,2021-06-27,1300,2077768,1067,1300103,186,674170,47,103495,511,107614,782,1034141,558,1141755,California
Alameda,2021-06-28,2911,2080679,2365,1302468,349,674519,197,103692,1135,107192,1753,1035894,1331,1143086,California
Alameda,2021-06-29,3692,2084371,2956,1305424,597,675116,139,103831,1286,106226,2390,1038284,1424,1144510,California
Alameda,2021-06-30,2866,2087237,2234,1307658,499,675615,133,103964,1066,105634,1789,1040073,1197,1145707,California
Alameda,2021-07-01,3477,2090714,2735,1310393,592,676207,150,104114,1244,104814,2211,1042284,1391,1147098,California
Alameda,2021-07-02,3989,2094703,2992,1313385,826,677033,171,104285,1453,103921,2510,1044794,1617,1148715,California
Alameda,2021-07-03,2044,2096747,1492,1314877,463,677496,89,104374,801,103581,1229,1046023,889,1149604,California
Alameda,2021-07-04,96,2096843,61,1314938,30,677526,5,104379,41,103573,54,1046077,46,1149650,California
Alameda,2021-07-05,1615,2098458,1342,1316280,215,677741,58,104437,718,103460,887,1046964,774,1150424,California
Alameda,2021-07-06,3607,2102065,2903,1319183,597,678338,107,104544,1213,102408,2372,1049336,1320,1151744,California
Alameda,2021-07-07,2761,2104826,2011,1321194,574,678912,176,104720,980,101805,1758,1051094,1155,1152899,California
Alameda,2021-07-08,2801,2107627,2221,1323415,433,679345,147,104867,1024,101223,1749,1052843,1167,1154066,California
Alameda,2021-07-09,3493,2111120,2756,1326171,604,679949,133,105000,1379,100650,2086,1054929,1513,1155579,California
Alameda,2021-07-10,2011,2113131,1432,1327603,462,680411,117,105117,765,100305,1228,1056157,883,1156462,California
Alameda,2021-07-11,1001,2114132,789,1328392,152,680563,60,105177,392,100153,603,1056760,451,1156913,California
Alameda,2021-07-12,1945,2116077,1436,1329828,396,680959,113,105290,716,99765,1216,1057976,828,1157741,California
Alpine,2020-12-18,2,2,2,2,0,0,0,0,2,2,0,0,2,2,California
Alpine,2020-12-19,2,4,2,4,0,0,0,0,2,4,0,0,2,4,California
Alpine,2020-12-21,2,6,2,6,0,0,0,0,2,6,0,0,2,6,California
Alpine,2020-12-29,1,7,0,6,1,1,0,0,1,7,0,0,1,7,California
Alpine,2020-12-30,14,21,0,6,14,15,0,0,14,21,0,0,14,21,California
Alpine,2020-12-31,1,22,0,6,1,16,0,0,1,22,0,0,1,22,California
Alpine,2021-01-01,1,23,0,6,1,17,0,0,1,23,0,0,1,23,California
Alpine,2021-01-02,1,24,1,7,0,17,0,0,1,24,0,0,1,24,California
Alpine,2021-01-04,10,34,0,7,10,27,0,0,10,34,0,0,10,34,California
Alpine,2021-01-05,9,43,1,8,8,35,0,0,9,43,0,0,9,43,California
Alpine,2021-01-06,31,74,0,8,31,66,0,0,31,74,0,0,31,74,California
Alpine,2021-01-07,8,82,0,8,8,74,0,0,8,82,0,0,8,82,California
Alpine,2021-01-08,4,86,2,10,2,76,0,0,2,82,2,2,2,84,California
Alpine,2021-01-09,2,88,2,12,0,76,0,0,0,80,2,4,0,84,California
Alpine,2021-01-11,32,120,1,13,31,107,0,0,31,110,1,5,31,115,California
Alpine,2021-01-13,35,155,0,13,35,142,0,0,35,145,0,5,35,150,California
Alpine,2021-01-14,1,156,0,13,1,143,0,0,1,146,0,5,1,151,California
Alpine,2021-01-15,1,157,0,13,1,144,0,0,1,147,0,5,1,152,California
Alpine,2021-01-18,1,158,1,14,0,144,0,0,1,148,0,5,1,153,California
Alpine,2021-01-20,21,179,0,14,21,165,0,0,21,169,0,5,21,174,California
Alpine,2021-01-21,1,180,0,14,1,166,0,0,1,170,0,5,1,175,California
Alpine,2021-01-22,33,213,0,14,33,199,0,0,33,203,0,5,33,208,California
Alpine,2021-01-23,1,214,1,15,0,199,0,0,0,202,1,6,0,208,California
Alpine,2021-01-25,16,230,0,15,16,215,0,0,16,218,0,6,16,224,California
Alpine,2021-01-26,1,231,0,15,1,216,0,0,0,217,1,7,0,224,California
Alpine,2021-01-27,1,232,1,16,0,216,0,0,0,216,1,8,0,224,California
Alpine,2021-01-28,1,233,0,16,1,217,0,0,0,215,1,9,0,224,California
Alpine,2021-01-29,1,234,0,16,1,218,0,0,1,216,0,9,1,225,California
Alpine,2021-02-01,25,259,0,16,25,243,0,0,7,205,18,27,7,232,California
Alpine,2021-02-03,34,293,0,16,34,277,0,0,10,191,24,51,10,242,California
Alpine,2021-02-04,8,301,0,16,8,285,0,0,3,189,5,56,3,245,California
Alpine,2021-02-05,32,333,1,17,31,316,0,0,12,181,20,76,12,257,California
Alpine,2021-02-07,1,334,1,18,0,316,0,0,1,182,0,76,1,258,California
Alpine,2021-02-08,32,366,0,18,32,348,0,0,4,158,28,104,4,262,California
Alpine,2021-02-10,34,400,0,18,34,382,0,0,0,124,34,138,0,262,California
Alpine,2021-02-11,6,406,0,18,6,388,0,0,3,124,3,141,3,265,California
Alpine,2021-02-12,1,407,0,18,1,389,0,0,0,123,1,142,0,265,California
Alpine,2021-02-17,23,430,0,18,23,412,0,0,3,106,20,162,3,268,California
Alpine,2021-02-18,2,432,0,18,2,414,0,0,1,106,1,163,1,269,California
Alpine,2021-02-19,34,466,1,19,33,447,0,0,2,76,32,195,2,271,California
Alpine,2021-02-22,27,493,0,19,27,474,0,0,8,65,19,214,8,279,California
Alpine,2021-02-24,1,494,1,20,0,474,0,0,1,66,0,214,1,280,California
Alpine,2021-02-25,7,501,2,22,5,479,0,0,7,73,0,214,7,287,California
Alpine,2021-02-26,30,531,1,23,29,508,0,0,29,101,1,215,29,316,California
Alpine,2021-02-27,1,532,0,23,1,509,0,0,1,102,0,215,1,317,California
Alpine,2021-03-01,36,568,0,23,36,545,0,0,26,118,10,225,26,343,California
Alpine,2021-03-03,30,598,1,24,29,574,0,0,18,124,12,237,18,361,California
Alpine,2021-03-04,10,608,0,24,10,584,0,0,10,134,0,237,10,371,California
Alpine,2021-03-05,30,638,0,24,30,614,0,0,22,148,8,245,22,393,California
Alpine,2021-03-08,31,669,0,24,31,645,0,0,29,175,2,247,29,422,California
Alpine,2021-03-10,73,742,0,24,73,718,0,0,73,248,0,247,73,495,California
Alpine,2021-03-11,35,777,0,24,35,753,0,0,31,275,4,251,31,526,California
Alpine,2021-03-12,19,796,0,24,19,772,0,0,17,290,2,253,17,543,California
Alpine,2021-03-15,21,817,1,25,20,792,0,0,20,309,1,254,20,563,California
Alpine,2021-03-17,23,840,0,25,22,814,1,1,19,325,4,258,20,583,California
Alpine,2021-03-18,38,878,3,28,35,849,0,1,34,355,4,262,34,617,California
Alpine,2021-03-19,2,880,1,29,1,850,0,1,1,355,1,263,1,618,California
Alpine,2021-03-22,24,904,0,29,24,874,0,1,15,361,9,272,15,633,California
Alpine,2021-03-24,19,923,0,29,19,893,0,1,8,358,11,283,8,641,California
Alpine,2021-03-25,34,957,0,29,33,926,1,2,27,380,6,289,28,669,California
Alpine,2021-03-27,1,958,0,29,1,927,0,2,0,379,1,290,0,669,California
Alpine,2021-03-28,1,959,1,30,0,927,0,2,1,380,0,290,1,670,California
Alpine,2021-03-29,19,978,0,30,18,945,1,3,2,366,17,307,3,673,California
Alpine,2021-04-01,18,996,0,30,18,963,0,3,8,364,10,317,8,681,California
Alpine,2021-04-02,101,1097,1,31,100,1063,0,3,46,356,54,371,46,727,California
Alpine,2021-04-05,4,1101,1,32,3,1066,0,3,0,352,4,375,0,727,California
Alpine,2021-04-06,3,1104,2,34,1,1067,0,3,2,353,1,376,2,729,California
Alpine,2021-04-07,117,1221,0,34,116,1183,1,4,30,298,86,462,31,760,California
Alpine,2021-04-08,37,1258,0,34,35,1218,2,6,10,283,27,489,12,772,California
Alpine,2021-04-09,2,1260,0,34,2,1220,0,6,2,285,0,489,2,774,California
Alpine,2021-04-14,47,1307,0,34,47,1267,0,6,10,258,37,526,10,784,California
Alpine,2021-04-15,35,1342,0,34,35,1302,0,6,3,229,32,558,3,787,California
Alpine,2021-04-16,1,1343,0,34,1,1303,0,6,1,230,0,558,1,788,California
Alpine,2021-04-19,1,1344,0,34,1,1304,0,6,1,231,0,558,1,789,California
Alpine,2021-04-21,31,1375,0,34,31,1335,0,6,15,230,16,574,15,804,California
Alpine,2021-04-22,24,1399,0,34,24,1359,0,6,1,208,23,597,1,805,California
Alpine,2021-04-24,2,1401,2,36,0,1359,0,6,0,207,2,599,1,806,California
Alpine,2021-04-25,1,1402,1,37,0,1359,0,6,0,206,1,600,0,806,California
Alpine,2021-04-27,2,1404,1,38,1,1360,0,6,1,206,1,601,1,807,California
Alpine,2021-04-28,36,1440,0,38,36,1396,0,6,6,182,30,631,6,813,California
Alpine,2021-04-29,7,1447,1,39,6,1402,0,6,1,177,6,637,1,814,California
Alpine,2021-04-30,2,1449,1,40,0,1402,1,7,1,178,1,638,2,816,California
Alpine,2021-05-02,1,1450,0,40,0,1402,1,8,0,178,1,639,1,817,California
Alpine,2021-05-05,17,1467,0,40,17,1419,0,8,4,169,13,652,4,821,California
Alpine,2021-05-06,8,1475,0,40,8,1427,0,8,0,161,8,660,0,821,California
Alpine,2021-05-07,1,1476,0,40,1,1428,0,8,0,160,1,661,0,821,California
Alpine,2021-05-10,1,1477,0,40,1,1429,0,8,1,161,0,661,1,822,California
Alpine,2021-05-12,1,1478,0,40,0,1429,1,9,0,161,1,662,1,823,California
Alpine,2021-05-13,3,1481,0,40,3,1432,0,9,0,158,3,665,0,823,California
Alpine,2021-05-17,2,1483,0,40,2,1434,0,9,1,158,1,666,1,824,California
Alpine,2021-05-18,1,1484,0,40,1,1435,0,9,1,159,0,666,1,825,California
Alpine,2021-05-19,15,1499,0,40,15,1450,0,9,0,144,15,681,0,825,California
Alpine,2021-05-20,1,1500,1,41,0,1450,0,9,0,143,1,682,0,825,California
Alpine,2021-05-21,1,1501,1,42,0,1450,0,9,0,142,1,683,0,825,California
Alpine,2021-05-25,2,1503,0,42,2,1452,0,9,0,140,2,685,0,825,California
Alpine,2021-05-27,3,1506,2,44,1,1453,0,9,3,143,0,685,3,828,California
Alpine,2021-05-28,2,1508,1,45,1,1454,0,9,2,145,0,685,2,830,California
Alpine,2021-05-29,1,1509,0,45,1,1455,0,9,1,146,0,685,1,831,California
Alpine,2021-06-02,8,1517,0,45,8,1463,0,9,1,140,7,692,1,832,California
Alpine,2021-06-04,1,1518,0,45,1,1464,0,9,1,141,0,692,1,833,California
Alpine,2021-06-07,1,1519,0,45,1,1465,0,9,0,140,1,693,0,833,California
Alpine,2021-06-10,1,1520,1,46,0,1465,0,9,1,141,0,693,1,834,California
Alpine,2021-06-15,2,1522,1,47,1,1466,0,9,0,139,2,695,0,834,California
Alpine,2021-06-18,1,1523,1,48,0,1466,0,9,0,138,1,696,0,834,California
Alpine,2021-06-19,1,1524,1,49,0,1466,0,9,0,137,1,697,0,834,California
Alpine,2021-06-25,1,1525,0,49,1,1467,0,9,0,136,1,698,0,834,California
Alpine,2021-06-29,1,1526,0,49,1,1468,0,9,1,137,0,698,1,835,California
Alpine,2021-06-30,1,1527,0,49,1,1469,0,9,0,136,1,699,0,835,California
Alpine,2021-07-01,1,1528,1,50,0,1469,0,9,0,135,1,700,0,835,California
Alpine,2021-07-06,1,1529,0,50,1,1470,0,9,1,136,0,700,1,836,California
Alpine,2021-07-07,2,1531,0,50,2,1472,0,9,2,138,0,700,2,838,California
Amador,2020-12-16,3,3,3,3,0,0,0,0,3,3,0,0,3,3,California
Amador,2020-12-17,5,8,5,8,0,0,0,0,5,8,0,0,5,8,California
Amador,2020-12-18,48,56,48,56,0,0,0,0,48,56,0,0,48,56,California
Amador,2020-12-19,16,72,16,72,0,0,0,0,16,72,0,0,16,72,California
Amador,2020-12-20,4,76,4,76,0,0,0,0,4,76,0,0,4,76,California
Amador,2020-12-21,31,107,31,107,0,0,0,0,31,107,0,0,31,107,California
Amador,2020-12-22,35,142,34,141,1,1,0,0,35,142,0,0,35,142,California
Amador,2020-12-23,41,183,39,180,2,3,0,0,41,183,0,0,41,183,California
Amador,2020-12-24,5,188,3,183,2,5,0,0,5,188,0,0,5,188,California
Amador,2020-12-26,5,193,4,187,1,6,0,0,5,193,0,0,5,193,California
Amador,2020-12-27,1,194,0,187,1,7,0,0,1,194,0,0,1,194,California
Amador,2020-12-28,30,224,26,213,4,11,0,0,30,224,0,0,30,224,California
Amador,2020-12-29,25,249,18,231,7,18,0,0,25,249,0,0,25,249,California
Amador,2020-12-30,123,372,77,308,46,64,0,0,123,372,0,0,123,372,California
Amador,2020-12-31,195,567,170,478,25,89,0,0,195,567,0,0,195,567,California
Amador,2021-01-01,2,569,0,478,2,91,0,0,2,569,0,0,2,569,California
Amador,2021-01-02,58,627,58,536,0,91,0,0,58,627,0,0,58,627,California
Amador,2021-01-03,67,694,18,554,49,140,0,0,67,694,0,0,67,694,California
Amador,2021-01-04,125,819,2,556,123,263,0,0,125,819,0,0,125,819,California
Amador,2021-01-05,33,852,3,559,30,293,0,0,32,850,1,1,32,851,California
Amador,2021-01-06,40,892,11,570,29,322,0,0,36,882,4,5,36,887,California
Amador,2021-01-07,235,1127,72,642,163,485,0,0,223,1093,12,17,223,1110,California
Amador,2021-01-08,88,1215,72,714,16,501,0,0,43,1092,45,62,44,1154,California
Amador,2021-01-09,12,1227,12,726,0,501,0,0,2,1085,10,72,3,1157,California
Amador,2021-01-10,6,1233,4,730,2,503,0,0,2,1083,4,76,2,1159,California
Amador,2021-01-11,126,1359,44,774,82,585,0,0,89,1136,37,113,90,1249,California
Amador,2021-01-12,71,1430,55,829,16,601,0,0,41,1147,30,143,41,1290,California
Amador,2021-01-13,42,1472,24,853,18,619,0,0,29,1164,12,155,29,1319,California
Amador,2021-01-14,151,1623,22,875,129,748,0,0,141,1296,10,165,142,1461,California
Amador,2021-01-15,62,1685,26,901,36,784,0,0,53,1340,9,174,53,1514,California
Amador,2021-01-16,20,1705,13,914,7,791,0,0,14,1349,6,180,15,1529,California
Amador,2021-01-17,25,1730,5,919,20,811,0,0,25,1374,0,180,25,1554,California
Amador,2021-01-18,31,1761,27,946,4,815,0,0,10,1363,21,201,10,1564,California
Amador,2021-01-19,127,1888,101,1047,26,841,0,0,81,1399,45,246,81,1645,California
Amador,2021-01-20,183,2071,32,1079,151,992,0,0,169,1555,13,259,169,1814,California
Amador,2021-01-21,263,2334,230,1309,33,1025,0,0,151,1595,112,371,152,1966,California
Amador,2021-01-22,142,2476,74,1383,68,1093,0,0,135,1723,7,378,135,2101,California
Amador,2021-01-23,60,2536,33,1416,27,1120,0,0,57,1777,3,381,57,2158,California
Amador,2021-01-24,28,2564,12,1428,16,1136,0,0,24,1797,4,385,24,2182,California
Amador,2021-01-25,60,2624,29,1457,31,1167,0,0,42,1821,18,403,42,2224,California
Amador,2021-01-26,247,2871,18,1475,229,1396,0,0,237,2048,10,413,237,2461,California
Amador,2021-01-27,307,3178,35,1510,272,1668,0,0,259,2263,45,458,260,2721,California
Amador,2021-01-28,374,3552,99,1609,275,1943,0,0,290,2470,84,542,291,3012,California
Amador,2021-01-29,107,3659,33,1642,74,2017,0,0,92,2547,15,557,92,3104,California
Amador,2021-01-30,198,3857,37,1679,161,2178,0,0,193,2735,5,562,193,3297,California
Amador,2021-01-31,34,3891,29,1708,5,2183,0,0,33,2767,1,563,33,3330,California
Amador,2021-02-01,67,3958,23,1731,44,2227,0,0,39,2778,28,591,39,3369,California
Amador,2021-02-02,217,4175,67,1798,150,2377,0,0,130,2823,85,676,130,3499,California
Amador,2021-02-03,144,4319,41,1839,103,2480,0,0,91,2862,52,728,91,3590,California
Amador,2021-02-04,255,4574,77,1916,178,2658,0,0,166,2942,88,816,168,3758,California
Amador,2021-02-05,339,4913,63,1979,276,2934,0,0,320,3244,18,834,320,4078,California
Amador,2021-02-06,125,5038,81,2060,44,2978,0,0,120,3359,5,839,120,4198,California
Amador,2021-02-07,38,5076,34,2094,4,2982,0,0,34,3390,4,843,35,4233,California
Amador,2021-02-08,92,5168,63,2157,29,3011,0,0,73,3444,19,862,73,4306,California
Amador,2021-02-09,178,5346,82,2239,96,3107,0,0,110,3486,68,930,110,4416,California
Amador,2021-02-10,986,6332,82,2321,904,4011,0,0,950,4401,35,965,950,5366,California
Amador,2021-02-11,314,6646,121,2442,193,4204,0,0,200,4490,112,1077,201,5567,California
Amador,2021-02-12,338,6984,121,2563,217,4421,0,0,263,4678,75,1152,263,5830,California
Amador,2021-02-13,182,7166,84,2647,98,4519,0,0,155,4806,27,1179,155,5985,California
Amador,2021-02-14,122,7288,54,2701,68,4587,0,0,105,4894,17,1196,105,6090,California
Amador,2021-02-15,190,7478,62,2763,128,4715,0,0,173,5051,16,1212,173,6263,California
Amador,2021-02-16,469,7947,55,2818,414,5129,0,0,428,5439,41,1253,429,6692,California
Amador,2021-02-17,266,8213,84,2902,182,5311,0,0,166,5505,100,1353,166,6858,California
Amador,2021-02-18,400,8613,101,3003,299,5610,0,0,333,5771,67,1420,333,7191,California
Amador,2021-02-19,204,8817,78,3081,126,5736,0,0,116,5799,88,1508,116,7307,California
Amador,2021-02-20,103,8920,34,3115,69,5805,0,0,67,5830,36,1544,67,7374,California
Amador,2021-02-21,55,8975,37,3152,18,5823,0,0,19,5815,34,1578,19,7393,California
Amador,2021-02-22,67,9042,26,3178,41,5864,0,0,32,5813,34,1612,32,7425,California
Amador,2021-02-23,322,9364,54,3232,268,6132,0,0,137,5766,185,1797,138,7563,California
Amador,2021-02-24,402,9766,63,3295,339,6471,0,0,264,5896,134,1931,264,7827,California
Amador,2021-02-25,535,10301,125,3420,410,6881,0,0,281,5925,252,2183,281,8108,California
Amador,2021-02-26,646,10947,83,3503,563,7444,0,0,519,6318,126,2309,519,8627,California
Amador,2021-02-27,302,11249,96,3599,206,7650,0,0,99,6217,202,2511,101,8728,California
Amador,2021-02-28,127,11376,58,3657,69,7719,0,0,62,6216,65,2576,64,8792,California
Amador,2021-03-01,203,11579,71,3728,132,7851,0,0,130,6274,73,2649,131,8923,California
Amador,2021-03-02,383,11962,64,3792,319,8170,0,0,333,6558,50,2699,334,9257,California
Amador,2021-03-03,246,12208,80,3872,166,8336,0,0,169,6652,76,2775,170,9427,California
Amador,2021-03-04,502,12710,118,3990,384,8720,0,0,396,6944,105,2880,397,9824,California
Amador,2021-03-05,518,13228,76,4066,442,9162,0,0,294,7019,222,3102,297,10121,California
Amador,2021-03-06,103,13331,50,4116,52,9214,1,1,57,7031,46,3148,58,10179,California
Amador,2021-03-07,92,13423,44,4160,48,9262,0,1,24,6987,68,3216,24,10203,California
Amador,2021-03-08,156,13579,73,4233,82,9344,1,2,92,7016,64,3280,93,10296,California
Amador,2021-03-09,378,13957,53,4286,325,9669,0,2,293,7227,82,3362,293,10589,California
Amador,2021-03-10,522,14479,78,4364,442,10111,2,4,112,6933,410,3772,116,10705,California
Amador,2021-03-11,485,14964,125,4489,350,10461,10,14,304,7070,180,3952,317,11022,California
Amador,2021-03-12,588,15552,71,4560,511,10972,6,20,343,7180,244,4196,354,11376,California
Amador,2021-03-13,121,15673,18,4578,96,11068,7,27,77,7225,44,4240,89,11465,California
Amador,2021-03-14,99,15772,18,4596,78,11146,3,30,20,7169,79,4319,23,11488,California
Amador,2021-03-15,183,15955,27,4623,149,11295,7,37,55,7104,128,4447,63,11551,California
Amador,2021-03-16,453,16408,53,4676,391,11686,9,46,139,6941,312,4759,149,11700,California
Amador,2021-03-17,386,16794,46,4722,337,12023,3,49,262,7084,122,4881,265,11965,California
Amador,2021-03-18,517,17311,101,4823,412,12435,4,53,258,7093,257,5138,266,12231,California
Amador,2021-03-19,548,17859,59,4882,474,12909,15,68,387,7340,159,5297,406,12637,California
Amador,2021-03-20,113,17972,46,4928,66,12975,1,69,48,7327,64,5361,51,12688,California
Amador,2021-03-21,52,18024,36,4964,15,12990,1,70,27,7333,24,5385,30,12718,California
Amador,2021-03-22,115,18139,34,4998,53,13043,28,98,49,7344,66,5451,77,12795,California
Amador,2021-03-23,436,18575,47,5045,382,13425,7,105,275,7467,160,5611,283,13078,California
Amador,2021-03-24,342,18917,35,5080,55,13480,252,357,35,7448,306,5917,287,13365,California
Amador,2021-03-25,616,19533,87,5167,522,14002,7,364,399,7638,216,6133,406,13771,California
Amador,2021-03-26,752,20285,46,5213,700,14702,6,370,281,7460,468,6601,290,14061,California
Amador,2021-03-27,94,20379,15,5228,77,14779,2,372,31,7432,63,6664,35,14096,California
Amador,2021-03-28,71,20450,17,5245,52,14831,2,374,13,7391,57,6721,16,14112,California
Amador,2021-03-29,185,20635,31,5276,153,14984,1,375,79,7373,103,6824,85,14197,California
Amador,2021-03-30,537,21172,29,5305,507,15491,1,376,292,7422,244,7068,293,14490,California
Amador,2021-03-31,201,21373,57,5362,139,15630,5,381,43,7314,156,7224,48,14538,California
Amador,2021-04-01,624,21997,93,5455,531,16161,0,381,268,7231,353,7577,270,14808,California
Amador,2021-04-02,617,22614,39,5494,565,16726,13,394,385,7400,231,7808,400,15208,California
Amador,2021-04-03,87,22701,25,5519,42,16768,20,414,22,7380,65,7873,45,15253,California
Amador,2021-04-04,39,22740,3,5522,30,16798,6,420,15,7377,24,7897,21,15274,California
Amador,2021-04-05,147,22887,53,5575,77,16875,17,437,49,7348,97,7994,68,15342,California
Amador,2021-04-06,503,23390,37,5612,448,17323,18,455,223,7311,278,8272,241,15583,California
Amador,2021-04-07,100,23490,34,5646,47,17370,19,474,44,7321,53,8325,63,15646,California
Amador,2021-04-08,500,23990,84,5730,394,17764,22,496,221,7287,277,8602,243,15889,California
Amador,2021-04-09,488,24478,22,5752,446,18210,20,516,212,7241,275,8877,229,16118,California
Amador,2021-04-10,52,24530,14,5766,29,18239,9,525,23,7244,29,8906,32,16150,California
Amador,2021-04-11,52,24582,25,5791,23,18262,4,529,23,7243,28,8934,27,16177,California
Amador,2021-04-12,99,24681,26,5817,63,18325,10,539,43,7240,56,8990,53,16230,California
Amador,2021-04-13,346,25027,49,5866,297,18622,0,539,66,7030,277,9267,67,16297,California
Amador,2021-04-14,280,25307,26,5892,254,18876,0,539,56,6866,221,9488,57,16354,California
Amador,2021-04-15,343,25650,78,5970,265,19141,0,539,73,6680,259,9747,73,16427,California
Amador,2021-04-16,491,26141,31,6001,460,19601,0,539,381,6952,109,9856,381,16808,California
Amador,2021-04-17,66,26207,34,6035,32,19633,0,539,30,6946,36,9892,30,16838,California
Amador,2021-04-18,33,26240,11,6046,22,19655,0,539,12,6938,20,9912,12,16850,California
Amador,2021-04-19,71,26311,29,6075,42,19697,0,539,30,6931,39,9951,32,16882,California
Amador,2021-04-20,442,26753,59,6134,383,20080,0,539,111,6720,324,10275,113,16995,California
Amador,2021-04-21,88,26841,34,6168,53,20133,1,540,44,6723,42,10317,45,17040,California
Amador,2021-04-22,521,27362,79,6247,441,20574,1,541,101,6423,402,10719,102,17142,California
Amador,2021-04-23,368,27730,47,6294,321,20895,0,541,289,6640,74,10793,291,17433,California
Amador,2021-04-24,52,27782,25,6319,27,20922,0,541,31,6651,20,10813,31,17464,California
Amador,2021-04-25,45,27827,19,6338,26,20948,0,541,29,6664,16,10829,29,17493,California
Amador,2021-04-26,96,27923,29,6367,66,21014,1,542,43,6658,52,10881,46,17539,California
Amador,2021-04-27,502,28425,45,6412,456,21470,1,543,91,6344,407,11288,93,17632,California
Amador,2021-04-28,71,28496,31,6443,37,21507,3,546,42,6360,29,11317,45,17677,California
Amador,2021-04-29,230,28726,73,6516,48,21555,109,655,68,6374,162,11479,176,17853,California
Amador,2021-04-30,347,29073,28,6544,315,21870,4,659,88,6208,259,11738,93,17946,California
Amador,2021-05-01,47,29120,15,6559,27,21897,5,664,26,6220,19,11757,31,17977,California
Amador,2021-05-02,28,29148,14,6573,11,21908,3,667,11,6218,17,11774,15,17992,California
Amador,2021-05-03,69,29217,35,6608,24,21932,10,677,28,6215,41,11815,38,18030,California
Amador,2021-05-04,466,29683,29,6637,430,22362,7,684,67,5890,399,12214,74,18104,California
Amador,2021-05-05,208,29891,154,6791,46,22408,8,692,163,6018,42,12256,170,18274,California
Amador,2021-05-06,110,30001,56,6847,49,22457,5,697,63,6041,45,12301,68,18342,California
Amador,2021-05-07,130,30131,30,6877,93,22550,7,704,67,6052,63,12364,74,18416,California
Amador,2021-05-08,43,30174,8,6885,32,22582,3,707,21,6054,22,12386,24,18440,California
Amador,2021-05-09,17,30191,1,6886,10,22592,6,713,4,6051,13,12399,10,18450,California
Amador,2021-05-10,60,30251,14,6900,43,22635,3,716,24,6042,36,12435,27,18477,California
Amador,2021-05-11,103,30354,34,6934,43,22678,26,742,45,6055,58,12493,71,18548,California
Amador,2021-05-12,72,30426,25,6959,44,22722,3,745,35,6056,37,12530,38,18586,California
Amador,2021-05-13,80,30506,40,6999,34,22756,6,751,38,6059,41,12571,44,18630,California
Amador,2021-05-14,404,30910,38,7037,361,23117,5,756,92,5847,311,12882,99,18729,California
Amador,2021-05-15,51,30961,20,7057,21,23138,10,766,23,5853,28,12910,34,18763,California
Amador,2021-05-16,41,31002,15,7072,26,23164,0,766,17,5846,24,12934,17,18780,California
Amador,2021-05-17,75,31077,22,7094,51,23215,2,768,35,5845,39,12973,38,18818,California
Amador,2021-05-18,253,31330,172,7266,46,23261,35,803,167,5962,85,13058,202,19020,California
Amador,2021-05-19,77,31407,26,7292,47,23308,4,807,35,5962,41,13099,41,19061,California
Amador,2021-05-20,90,31497,47,7339,38,23346,5,812,30,5938,59,13158,35,19096,California
Amador,2021-05-21,275,31772,29,7368,244,23590,2,814,37,5739,238,13396,39,19135,California
Amador,2021-05-22,47,31819,16,7384,26,23616,5,819,13,5724,34,13430,19,19154,California
Amador,2021-05-23,29,31848,5,7389,21,23637,3,822,5,5708,24,13454,8,19162,California
Amador,2021-05-24,91,31939,33,7422,46,23683,12,834,42,5713,49,13503,54,19216,California
Amador,2021-05-25,142,32081,90,7512,27,23710,25,859,83,5764,57,13560,108,19324,California
Amador,2021-05-26,204,32285,160,7672,37,23747,7,866,38,5643,165,13725,44,19368,California
Amador,2021-05-27,83,32368,39,7711,35,23782,9,875,30,5630,52,13777,39,19407,California
Amador,2021-05-28,69,32437,26,7737,39,23821,4,879,29,5624,39,13816,33,19440,California
Amador,2021-05-29,26,32463,2,7739,21,23842,3,882,8,5617,18,13834,11,19451,California
Amador,2021-05-30,19,32482,5,7744,8,23850,6,888,5,5614,14,13848,11,19462,California
Amador,2021-05-31,10,32492,0,7744,9,23859,1,889,2,5609,8,13856,3,19465,California
Amador,2021-06-01,97,32589,68,7812,24,23883,5,894,45,5608,51,13907,50,19515,California
Amador,2021-06-02,46,32635,16,7828,22,23905,8,902,16,5603,30,13937,25,19540,California
Amador,2021-06-03,59,32694,26,7854,28,23933,5,907,19,5588,39,13976,24,19564,California
Amador,2021-06-04,101,32795,22,7876,58,23991,21,928,20,5548,81,14057,41,19605,California
Amador,2021-06-05,41,32836,16,7892,20,24011,5,933,4,5520,37,14094,9,19614,California
Amador,2021-06-06,19,32855,9,7901,9,24020,1,934,9,5520,10,14104,10,19624,California
Amador,2021-06-07,44,32899,18,7919,22,24042,4,938,17,5514,27,14131,21,19645,California
Amador,2021-06-08,174,33073,138,8057,25,24067,11,949,54,5461,119,14250,66,19711,California
Amador,2021-06-09,49,33122,20,8077,20,24087,9,958,13,5447,36,14286,22,19733,California
Amador,2021-06-10,56,33178,23,8100,21,24108,12,970,20,5443,36,14322,32,19765,California
Amador,2021-06-11,58,33236,17,8117,36,24144,5,975,12,5414,46,14368,17,19782,California
Amador,2021-06-12,24,33260,11,8128,11,24155,2,977,9,5411,14,14382,11,19793,California
Amador,2021-06-13,9,33269,2,8130,6,24161,1,978,2,5407,7,14389,3,19796,California
Amador,2021-06-14,47,33316,24,8154,21,24182,2,980,15,5392,32,14421,17,19813,California
Amador,2021-06-15,44,33360,14,8168,18,24200,12,992,19,5398,25,14446,31,19844,California
Amador,2021-06-16,71,33431,31,8199,31,24231,9,1001,33,5402,38,14484,42,19886,California
Amador,2021-06-17,49,33480,25,8224,20,24251,4,1005,29,5416,19,14503,33,19919,California
Amador,2021-06-18,156,33636,120,8344,29,24280,7,1012,62,5391,94,14597,69,19988,California
Amador,2021-06-19,30,33666,8,8352,14,24294,8,1020,11,5392,19,14616,20,20008,California
Amador,2021-06-20,8,33674,6,8358,1,24295,1,1021,3,5391,5,14621,4,20012,California
Amador,2021-06-21,47,33721,15,8373,23,24318,9,1030,16,5385,31,14652,25,20037,California
Amador,2021-06-22,50,33771,29,8402,19,24337,2,1032,30,5397,20,14672,32,20069,California
Amador,2021-06-23,42,33813,22,8424,12,24349,8,1040,23,5409,19,14691,31,20100,California
Amador,2021-06-24,51,33864,27,8451,18,24367,6,1046,26,5418,23,14714,32,20132,California
Amador,2021-06-25,53,33917,31,8482,11,24378,11,1057,30,5437,23,14737,42,20174,California
Amador,2021-06-26,11,33928,4,8486,5,24383,2,1059,7,5442,4,14741,9,20183,California
Amador,2021-06-27,22,33950,14,8500,4,24387,4,1063,11,5446,11,14752,15,20198,California
Amador,2021-06-28,52,34002,27,8527,14,24401,11,1074,25,5455,27,14779,36,20234,California
Amador,2021-06-29,50,34052,23,8550,18,24419,9,1083,26,5466,24,14803,35,20269,California
Amador,2021-06-30,48,34100,18,8568,14,24433,16,1099,23,5479,25,14828,38,20307,California
Amador,2021-07-01,32,34132,16,8584,13,24446,3,1102,15,5480,17,14845,18,20325,California
Amador,2021-07-02,36,34168,17,8601,9,24455,10,1112,20,5494,16,14861,30,20355,California
Amador,2021-07-03,17,34185,2,8603,11,24466,4,1116,10,5501,7,14868,14,20369,California
Amador,2021-07-04,5,34190,0,8603,5,24471,0,1116,5,5506,0,14868,5,20374,California
Amador,2021-07-05,28,34218,5,8608,19,24490,4,1120,15,5512,13,14881,19,20393,California
Amador,2021-07-06,30,34248,13,8621,13,24503,4,1124,13,5512,17,14898,17,20410,California
Amador,2021-07-07,33,34281,11,8632,17,24520,5,1129,16,5516,17,14915,21,20431,California
Amador,2021-07-08,28,34309,12,8644,15,24535,1,1130,11,5512,17,14932,13,20444,California
Amador,2021-07-09,61,34370,42,8686,18,24553,1,1131,23,5500,38,14970,26,20470,California
Amador,2021-07-10,15,34385,6,8692,7,24560,2,1133,8,5503,7,14977,10,20480,California
Amador,2021-07-11,4,34389,2,8694,2,24562,0,1133,0,5500,4,14981,1,20481,California
Amador,2021-07-12,26,34415,10,8704,13,24575,3,1136,17,5512,9,14990,21,20502,California
Butte,2020-12-16,3,3,3,3,0,0,0,0,3,3,0,0,3,3,California
Butte,2020-12-17,21,24,21,24,0,0,0,0,21,24,0,0,21,24,California
Butte,2020-12-18,52,76,52,76,0,0,0,0,52,76,0,0,52,76,California
Butte,2020-12-19,7,83,7,83,0,0,0,0,7,83,0,0,7,83,California
Butte,2020-12-20,10,93,10,93,0,0,0,0,10,93,0,0,10,93,California
Butte,2020-12-21,631,724,631,724,0,0,0,0,631,724,0,0,631,724,California
Butte,2020-12-22,619,1343,617,1341,2,2,0,0,619,1343,0,0,619,1343,California
Butte,2020-12-23,875,2218,859,2200,16,18,0,0,875,2218,0,0,875,2218,California
Butte,2020-12-24,159,2377,155,2355,4,22,0,0,159,2377,0,0,159,2377,California
Butte,2020-12-26,90,2467,88,2443,2,24,0,0,90,2467,0,0,90,2467,California
Butte,2020-12-27,35,2502,34,2477,1,25,0,0,35,2502,0,0,35,2502,California
Butte,2020-12-28,279,2781,273,2750,6,31,0,0,279,2781,0,0,279,2781,California
Butte,2020-12-29,205,2986,181,2931,24,55,0,0,205,2986,0,0,205,2986,California
Butte,2020-12-30,512,3498,291,3222,221,276,0,0,512,3498,0,0,512,3498,California
Butte,2020-12-31,213,3711,18,3240,195,471,0,0,213,3711,0,0,213,3711,California
Butte,2021-01-01,18,3729,8,3248,10,481,0,0,18,3729,0,0,18,3729,California
Butte,2021-01-02,40,3769,37,3285,3,484,0,0,40,3769,0,0,40,3769,California
Butte,2021-01-03,3,3772,0,3285,3,487,0,0,3,3772,0,0,3,3772,California
Butte,2021-01-04,208,3980,175,3460,33,520,0,0,208,3980,0,0,208,3980,California
Butte,2021-01-05,198,4178,152,3612,46,566,0,0,197,4176,1,1,197,4177,California
Butte,2021-01-06,627,4805,395,4007,232,798,0,0,622,4794,5,6,623,4800,California
Butte,2021-01-07,763,5568,368,4375,395,1193,0,0,743,5517,20,26,743,5543,California
Butte,2021-01-08,673,6241,531,4906,142,1335,0,0,625,6094,48,74,625,6168,California
Butte,2021-01-09,14,6255,8,4914,6,1341,0,0,8,6096,6,80,8,6176,California
Butte,2021-01-10,19,6274,5,4919,14,1355,0,0,14,6105,5,85,14,6190,California
Butte,2021-01-11,984,7258,948,5867,36,1391,0,0,356,5836,628,713,359,6549,California
Butte,2021-01-12,701,7959,655,6522,46,1437,0,0,276,5688,425,1138,277,6826,California
Butte,2021-01-13,1567,9526,1074,7596,493,1930,0,0,726,5576,840,1978,728,7554,California
Butte,2021-01-14,1637,11163,893,8489,744,2674,0,0,1440,6820,196,2174,1440,8994,California
Butte,2021-01-15,1063,12226,818,9307,245,2919,0,0,955,7666,109,2283,955,9949,California
Butte,2021-01-16,589,12815,301,9608,288,3207,0,0,544,8165,45,2328,544,10493,California
Butte,2021-01-17,240,13055,64,9672,176,3383,0,0,202,8329,38,2366,202,10695,California
Butte,2021-01-18,347,13402,305,9977,42,3425,0,0,279,8541,67,2433,279,10974,California
Butte,2021-01-19,496,13898,433,10410,63,3488,0,0,225,8495,271,2704,225,11199,California
Butte,2021-01-20,1397,15295,710,11120,687,4175,0,0,1094,9286,303,3007,1094,12293,California
Butte,2021-01-21,1496,16791,885,12005,611,4786,0,0,1387,10565,108,3115,1387,13680,California
Butte,2021-01-22,1143,17934,483,12488,660,5446,0,0,1088,11598,55,3170,1088,14768,California
Butte,2021-01-23,128,18062,85,12573,43,5489,0,0,103,11676,25,3195,103,14871,California
Butte,2021-01-24,8,18070,6,12579,2,5491,0,0,8,11684,0,3195,8,14879,California
Butte,2021-01-25,660,18730,338,12917,322,5813,0,0,497,12018,163,3358,497,15376,California
Butte,2021-01-26,1490,20220,379,13296,1111,6924,0,0,1352,13232,138,3496,1352,16728,California
Butte,2021-01-27,2111,22331,704,14000,1407,8331,0,0,1377,13876,733,4229,1377,18105,California
Butte,2021-01-28,2270,24601,263,14263,2007,10338,0,0,1957,15521,312,4541,1957,20062,California
Butte,2021-01-29,1695,26296,490,14753,1205,11543,0,0,1314,16456,379,4920,1314,21376,California
Butte,2021-01-30,33,26329,9,14762,24,11567,0,0,31,16485,2,4922,31,21407,California
Butte,2021-01-31,17,26346,15,14777,2,11569,0,0,16,16500,1,4923,16,21423,California
Butte,2021-02-01,1767,28113,407,15184,1360,12929,0,0,1371,17479,392,5315,1371,22794,California
Butte,2021-02-02,1952,30065,363,15547,1589,14518,0,0,1648,18822,305,5620,1648,24442,California
Butte,2021-02-03,2760,32825,780,16327,1980,16498,0,0,1859,19782,899,6519,1859,26301,California
Butte,2021-02-04,2978,35803,325,16652,2653,19151,0,0,2413,21633,562,7081,2413,28714,California
Butte,2021-02-05,1281,37084,672,17324,609,19760,0,0,552,21457,729,7810,553,29267,California
Butte,2021-02-06,148,37232,104,17428,44,19804,0,0,62,21433,86,7896,62,29329,California
Butte,2021-02-07,37,37269,33,17461,4,19808,0,0,14,21424,23,7919,14,29343,California
Butte,2021-02-08,700,37969,547,18008,153,19961,0,0,239,21203,460,8379,239,29582,California
Butte,2021-02-09,974,38943,463,18471,511,20472,0,0,740,21710,233,8612,740,30322,California
Butte,2021-02-10,1710,40653,1192,19663,518,20990,0,0,655,21312,1053,9665,655,30977,California
Butte,2021-02-11,2222,42875,1362,21025,860,21850,0,0,1007,21104,1216,10881,1008,31985,California
Butte,2021-02-12,1003,43878,435,21460,568,22418,0,0,324,20750,678,11559,324,32309,California
Butte,2021-02-13,256,44134,43,21503,213,22631,0,0,155,20804,101,11660,155,32464,California
Butte,2021-02-14,164,44298,10,21513,154,22785,0,0,157,20955,7,11667,158,32622,California
Butte,2021-02-15,262,44560,49,21562,213,22998,0,0,194,21081,68,11735,194,32816,California
Butte,2021-02-16,763,45323,438,22000,325,23323,0,0,303,20924,460,12195,303,33119,California
Butte,2021-02-17,1538,46861,854,22854,684,24007,0,0,854,21096,682,12877,854,33973,California
Butte,2021-02-18,1595,48456,785,23639,810,24817,0,0,776,21054,818,13695,776,34749,California
Butte,2021-02-19,1178,49634,396,24035,782,25599,0,0,403,20689,768,14463,403,35152,California
Butte,2021-02-20,489,50123,36,24071,453,26052,0,0,126,20453,362,14825,126,35278,California
Butte,2021-02-21,20,50143,17,24088,3,26055,0,0,14,20461,6,14831,14,35292,California
Butte,2021-02-22,1568,51711,317,24405,1251,27306,0,0,397,19691,1167,15998,397,35689,California
Butte,2021-02-23,1692,53403,310,24715,1382,28688,0,0,474,18955,1210,17208,474,36163,California
Butte,2021-02-24,2225,55628,636,25351,1589,30277,0,0,771,18280,1446,18654,771,36934,California
Butte,2021-02-25,2171,57799,639,25990,1532,31809,0,0,712,17543,1450,20104,713,37647,California
Butte,2021-02-26,961,58760,323,26313,638,32447,0,0,418,17422,539,20643,418,38065,California
Butte,2021-02-27,244,59004,50,26363,194,32641,0,0,192,17564,50,20693,192,38257,California
Butte,2021-02-28,149,59153,18,26381,131,32772,0,0,139,17694,9,20702,139,38396,California
Butte,2021-03-01,1645,60798,180,26561,1464,34236,1,1,339,16735,1299,22001,340,38736,California
Butte,2021-03-02,1778,62576,202,26763,1576,35812,0,1,313,15589,1460,23461,314,39050,California
Butte,2021-03-03,2810,65386,858,27621,1952,37764,0,1,493,13771,2311,25772,493,39543,California
Butte,2021-03-04,3174,68560,693,28314,2481,40245,0,1,629,11859,2541,28313,629,40172,California
Butte,2021-03-05,1368,69928,621,28935,746,40991,1,2,743,11982,621,28934,744,40916,California
Butte,2021-03-06,253,70181,28,28963,201,41192,24,26,189,12133,62,28996,213,41129,California
Butte,2021-03-07,68,70249,4,28967,41,41233,23,49,36,12160,32,29028,59,41188,California
Butte,2021-03-08,1278,71527,133,29100,1066,42299,79,128,1106,13176,169,29197,1185,42373,California
Butte,2021-03-09,1932,73459,284,29384,1545,43844,103,231,1414,14181,512,29709,1517,43890,California
Butte,2021-03-10,2336,75795,979,30363,1256,45100,101,332,1588,15128,742,30451,1689,45579,California
Butte,2021-03-11,2823,78618,1329,31692,1367,46467,127,459,1973,16390,839,31290,2101,47680,California
Butte,2021-03-12,1166,79784,334,32026,465,46932,367,826,352,16302,807,32097,719,48399,California
Butte,2021-03-13,276,80060,70,32096,145,47077,61,887,64,16214,212,32309,124,48523,California
Butte,2021-03-14,168,80228,18,32114,108,47185,42,929,23,16136,143,32452,65,48588,California
Butte,2021-03-15,1739,81967,357,32471,1087,48272,295,1224,1140,16980,590,33042,1434,50022,California
Butte,2021-03-16,1688,83655,430,32901,1180,49452,78,1302,1096,17566,587,33629,1173,51195,California
Butte,2021-03-17,1962,85617,1355,34256,526,49978,81,1383,1106,17904,848,34477,1186,52381,California
Butte,2021-03-18,1817,87434,1467,35723,222,50200,128,1511,1013,18246,798,35275,1140,53521,California
Butte,2021-03-19,699,88133,312,36035,303,50503,84,1595,337,18315,352,35627,421,53942,California
Butte,2021-03-20,207,88340,31,36066,159,50662,17,1612,97,18319,110,35737,114,54056,California
Butte,2021-03-21,74,88414,41,36107,4,50666,29,1641,24,18324,48,35785,53,54109,California
Butte,2021-03-22,1509,89923,373,36480,1041,51707,95,1736,1239,19388,269,36054,1333,55442,California
Butte,2021-03-23,1865,91788,525,37005,1226,52933,114,1850,1509,20659,352,36406,1623,57065,California
Butte,2021-03-24,2271,94059,1272,38277,873,53806,126,1976,1703,21924,563,36969,1828,58893,California
Butte,2021-03-25,1489,95548,1201,39478,196,54002,92,2068,1018,22568,466,37435,1110,60003,California
Butte,2021-03-26,1215,96763,441,39919,527,54529,247,2315,557,22722,650,38085,804,60807,California
Butte,2021-03-27,311,97074,87,40006,200,54729,24,2339,137,22710,171,38256,159,60966,California
Butte,2021-03-28,231,97305,45,40051,178,54907,8,2347,103,22695,125,38381,110,61076,California
Butte,2021-03-29,1767,99072,383,40434,1314,56221,70,2417,1340,23684,421,38802,1410,62486,California
Butte,2021-03-30,1050,100122,479,40913,480,56701,91,2508,496,23723,548,39350,587,63073,California
Butte,2021-03-31,1789,101911,1303,42216,418,57119,68,2576,1079,24170,700,40050,1147,64220,California
Butte,2021-04-01,3356,105267,2724,44940,503,57622,129,2705,2265,25485,1079,41129,2394,66614,California
Butte,2021-04-02,1017,106284,425,45365,471,58093,121,2826,571,25739,437,41566,691,67305,California
Butte,2021-04-03,347,106631,48,45413,224,58317,75,2901,164,25795,183,41749,239,67544,California
Butte,2021-04-04,193,106824,25,45438,144,58461,24,2925,112,25852,79,41828,136,67680,California
Butte,2021-04-05,1969,108793,419,45857,1379,59840,171,3096,591,25243,1369,43197,760,68440,California
Butte,2021-04-06,2217,111010,621,46478,1175,61015,421,3517,804,25062,1404,44601,1223,69663,California
Butte,2021-04-07,3047,114057,1324,47802,1328,62343,395,3912,718,23851,2323,46924,1112,70775,California
Butte,2021-04-08,2756,116813,1202,49004,1285,63628,269,4181,458,22284,2294,49218,727,71502,California
Butte,2021-04-09,1380,118193,353,49357,543,64171,484,4665,329,22045,1047,50265,808,72310,California
Butte,2021-04-10,228,118421,48,49405,79,64250,101,4766,101,22120,126,50391,201,72511,California
Butte,2021-04-11,108,118529,45,49450,53,64303,10,4776,83,22189,24,50415,93,72604,California
Butte,2021-04-12,1413,119942,314,49764,965,65268,134,4910,235,21380,1178,51593,369,72973,California
Butte,2021-04-13,1657,121599,575,50339,1076,66344,6,4916,346,20430,1302,52895,352,73325,California
Butte,2021-04-14,2858,124457,2361,52700,497,66841,0,4916,1324,20228,1527,54422,1325,74650,California
Butte,2021-04-15,651,125108,398,53098,253,67094,0,4916,486,20556,158,54580,486,75136,California
Butte,2021-04-16,817,125925,419,53517,398,67492,0,4916,482,20706,332,54912,482,75618,California
Butte,2021-04-17,346,126271,62,53579,284,67776,0,4916,243,20847,102,55014,243,75861,California
Butte,2021-04-18,57,126328,23,53602,34,67810,0,4916,44,20878,13,55027,44,75905,California
Butte,2021-04-19,1571,127899,386,53988,1185,68995,0,4916,420,20150,1148,56175,420,76325,California
Butte,2021-04-20,2038,129937,772,54760,1266,70261,0,4916,757,19634,1273,57448,757,77082,California
Butte,2021-04-21,2117,132054,1233,55993,884,71145,0,4916,486,18496,1624,59072,486,77568,California
Butte,2021-04-22,2272,134326,1986,57979,286,71431,0,4916,624,17477,1643,60715,624,78192,California
Butte,2021-04-23,970,135296,472,58451,498,71929,0,4916,489,17486,480,61195,489,78681,California
Butte,2021-04-24,349,135645,140,58591,209,72138,0,4916,188,17513,161,61356,188,78869,California
Butte,2021-04-25,174,135819,69,58660,105,72243,0,4916,65,17469,109,61465,65,78934,California
Butte,2021-04-26,1577,137396,471,59131,1101,73344,5,4921,408,16719,1163,62628,413,79347,California
Butte,2021-04-27,1039,138435,696,59827,316,73660,27,4948,587,16887,446,63074,614,79961,California
Butte,2021-04-28,1437,139872,979,60806,433,74093,25,4973,511,16502,921,63995,536,80497,California
Butte,2021-04-29,915,140787,569,61375,321,74414,25,4998,312,16244,595,64590,337,80834,California
Butte,2021-04-30,928,141715,420,61795,488,74902,20,5018,466,16276,453,65043,485,81319,California
Butte,2021-05-01,246,141961,64,61859,160,75062,22,5040,73,16198,170,65213,92,81411,California
Butte,2021-05-02,153,142114,64,61923,76,75138,13,5053,45,16148,107,65320,57,81468,California
Butte,2021-05-03,634,142748,257,62180,346,75484,31,5084,177,15909,447,65767,208,81676,California
Butte,2021-05-04,853,143601,344,62524,477,75961,32,5116,224,15542,622,66389,255,81931,California
Butte,2021-05-05,1374,144975,1120,63644,216,76177,38,5154,292,14797,1075,67464,330,82261,California
Butte,2021-05-06,970,145945,702,64346,229,76406,39,5193,369,14608,597,68061,408,82669,California
Butte,2021-05-07,582,146527,310,64656,236,76642,36,5229,297,14659,281,68342,332,83001,California
Butte,2021-05-08,187,146714,53,64709,123,76765,11,5240,91,14666,95,68437,102,83103,California
Butte,2021-05-09,103,146817,27,64736,73,76838,3,5243,54,14674,49,68486,57,83160,California
Butte,2021-05-10,538,147355,316,65052,176,77014,46,5289,214,14613,321,68807,260,83420,California
Butte,2021-05-11,915,148270,661,65713,194,77208,60,5349,295,14351,617,69424,355,83775,California
Butte,2021-05-12,783,149053,482,66195,253,77461,48,5397,332,14285,446,69870,380,84155,California
Butte,2021-05-13,950,150003,628,66823,257,77718,65,5462,349,14107,590,70460,412,84567,California
Butte,2021-05-14,871,150874,544,67367,294,78012,33,5495,380,14031,487,70947,411,84978,California
Butte,2021-05-15,509,151383,246,67613,229,78241,34,5529,239,14036,268,71215,273,85251,California
Butte,2021-05-16,167,151550,82,67695,67,78308,18,5547,98,14084,68,71283,116,85367,California
Butte,2021-05-17,770,152320,498,68193,223,78531,49,5596,331,14028,435,71718,379,85746,California
Butte,2021-05-18,1068,153388,735,68928,284,78815,49,5645,475,13965,587,72305,524,86270,California
Butte,2021-05-19,837,154225,544,69472,249,79064,44,5689,328,13833,503,72808,371,86641,California
Butte,2021-05-20,985,155210,661,70133,214,79278,110,5799,385,13730,597,73405,494,87135,California
Butte,2021-05-21,888,156098,543,70676,319,79597,26,5825,293,13457,591,73996,318,87453,California
Butte,2021-05-22,299,156397,139,70815,145,79742,15,5840,144,13463,152,74148,158,87611,California
Butte,2021-05-23,132,156529,83,70898,48,79790,1,5841,79,13490,53,74201,80,87691,California
Butte,2021-05-24,352,156881,165,71063,138,79928,49,5890,177,13542,174,74375,226,87917,California
Butte,2021-05-25,698,157579,447,71510,213,80141,38,5928,341,13570,349,74724,377,88294,California
Butte,2021-05-26,562,158141,180,71690,359,80500,23,5951,241,13521,312,75036,263,88557,California
Butte,2021-05-27,866,159007,623,72313,225,80725,18,5969,423,13525,438,75474,442,88999,California
Butte,2021-05-28,520,159527,141,72454,300,81025,79,6048,212,13511,305,75779,291,89290,California
Butte,2021-05-29,225,159752,116,72570,97,81122,12,6060,144,13586,81,75860,156,89446,California
Butte,2021-05-30,105,159857,56,72626,49,81171,0,6060,57,13595,48,75908,57,89503,California
Butte,2021-05-31,43,159900,23,72649,18,81189,2,6062,25,13604,18,75926,27,89530,California
Butte,2021-06-01,681,160581,429,73078,215,81404,37,6099,254,13473,421,76347,290,89820,California
Butte,2021-06-02,817,161398,564,73642,208,81612,45,6144,349,13403,463,76810,393,90213,California
Butte,2021-06-03,630,162028,423,74065,190,81802,17,6161,206,13205,421,77231,223,90436,California
Butte,2021-06-04,484,162512,276,74341,180,81982,28,6189,144,13044,333,77564,172,90608,California
Butte,2021-06-05,323,162835,209,74550,94,82076,20,6209,98,12939,223,77787,118,90726,California
Butte,2021-06-06,136,162971,100,74650,34,82110,2,6211,33,12872,102,77889,35,90761,California
Butte,2021-06-07,406,163377,259,74909,116,82226,31,6242,169,12835,236,78125,199,90960,California
Butte,2021-06-08,652,164029,469,75378,164,82390,19,6261,179,12572,462,78587,199,91159,California
Butte,2021-06-09,438,164467,300,75678,119,82509,19,6280,147,12454,284,78871,166,91325,California
Butte,2021-06-10,633,165100,451,76129,150,82659,32,6312,233,12319,398,79269,263,91588,California
Butte,2021-06-11,443,165543,264,76393,158,82817,21,6333,147,12193,294,79563,168,91756,California
Butte,2021-06-12,252,165795,154,76547,88,82905,10,6343,75,12102,176,79739,85,91841,California
Butte,2021-06-13,97,165892,64,76611,30,82935,3,6346,20,12048,77,79816,23,91864,California
Butte,2021-06-14,390,166282,235,76846,135,83070,20,6366,139,11958,250,80066,160,92024,California
Butte,2021-06-15,551,166833,387,77233,138,83208,26,6392,164,11767,381,80447,190,92214,California
Butte,2021-06-16,417,167250,256,77489,117,83325,44,6436,169,11734,246,80693,213,92427,California
Butte,2021-06-17,583,167833,435,77924,121,83446,27,6463,181,11541,401,81094,208,92635,California
Butte,2021-06-18,410,168243,205,78129,152,83598,53,6516,160,11503,248,81342,210,92845,California
Butte,2021-06-19,207,168450,153,78282,49,83647,5,6521,92,11485,115,81457,97,92942,California
Butte,2021-06-20,94,168544,69,78351,25,83672,0,6521,24,11440,70,81527,25,92967,California
Butte,2021-06-21,277,168821,164,78515,92,83764,21,6542,132,11450,143,81670,153,93120,California
Butte,2021-06-22,419,169240,275,78790,120,83884,24,6566,151,11360,265,81935,175,93295,California
Butte,2021-06-23,449,169689,333,79123,92,83976,24,6590,166,11267,282,82217,189,93484,California
Butte,2021-06-24,426,170115,284,79407,108,84084,34,6624,153,11181,272,82489,186,93670,California
Butte,2021-06-25,416,170531,205,79612,188,84272,23,6647,156,11101,259,82748,179,93849,California
Butte,2021-06-26,133,170664,97,79709,34,84306,2,6649,56,11082,77,82825,58,93907,California
Butte,2021-06-27,64,170728,39,79748,24,84330,1,6650,20,11059,44,82869,21,93928,California
Butte,2021-06-28,297,171025,224,79972,54,84384,19,6669,123,11028,173,83042,142,94070,California
Butte,2021-06-29,322,171347,217,80189,92,84476,13,6682,139,10999,180,83222,151,94221,California
Butte,2021-06-30,320,171667,208,80397,96,84572,16,6698,153,11002,166,83388,169,94390,California
Butte,2021-07-01,356,172023,229,80626,107,84679,20,6718,142,10951,213,83601,162,94552,California
Butte,2021-07-02,298,172321,204,80830,68,84747,26,6744,138,10958,157,83758,164,94716,California
Butte,2021-07-03,123,172444,83,80913,38,84785,2,6746,52,10942,70,83828,54,94770,California
Butte,2021-07-04,3,172447,2,80915,1,84786,0,6746,0,10940,2,83830,0,94770,California
Butte,2021-07-05,149,172596,99,81014,40,84826,10,6756,63,10931,82,83912,73,94843,California
Butte,2021-07-06,338,172934,250,81264,73,84899,15,6771,118,10847,218,84130,134,94977,California
Butte,2021-07-07,314,173248,230,81494,76,84975,8,6779,119,10781,193,84323,127,95104,California
Butte,2021-07-08,298,173546,194,81688,95,85070,9,6788,114,10723,181,84504,123,95227,California
Butte,2021-07-09,256,173802,158,81846,79,85149,19,6807,98,10683,157,84661,117,95344,California
Butte,2021-07-10,138,173940,95,81941,41,85190,2,6809,43,10632,95,84756,44,95388,California
Butte,2021-07-11,51,173991,36,81977,9,85199,6,6815,28,10644,22,84778,34,95422,California
Butte,2021-07-12,137,174128,69,82046,61,85260,7,6822,64,10643,72,84850,71,95493,California
Calaveras,2020-12-16,10,10,10,10,0,0,0,0,10,10,0,0,10,10,California
Calaveras,2020-12-17,6,16,6,16,0,0,0,0,6,16,0,0,6,16,California
Calaveras,2020-12-18,39,55,39,55,0,0,0,0,39,55,0,0,39,55,California
Calaveras,2020-12-19,4,59,4,59,0,0,0,0,4,59,0,0,4,59,California
Calaveras,2020-12-20,4,63,4,63,0,0,0,0,4,63,0,0,4,63,California
Calaveras,2020-12-21,55,118,48,111,7,7,0,0,55,118,0,0,55,118,California
Calaveras,2020-12-22,84,202,80,191,4,11,0,0,85,203,0,0,85,203,California
Calaveras,2020-12-23,76,278,74,265,2,13,0,0,76,279,0,0,76,279,California
Calaveras,2020-12-24,2,280,2,267,0,13,0,0,2,281,0,0,2,281,California
Calaveras,2020-12-26,3,283,3,270,0,13,0,0,3,284,0,0,3,284,California
Calaveras,2020-12-27,1,284,1,271,0,13,0,0,1,285,0,0,1,285,California
Calaveras,2020-12-28,22,306,18,289,4,17,0,0,21,305,1,1,21,306,California
Calaveras,2020-12-29,159,465,137,426,22,39,0,0,159,464,0,1,159,465,California
Calaveras,2020-12-30,94,559,82,508,12,51,0,0,94,558,0,1,94,559,California
Calaveras,2020-12-31,38,597,27,535,11,62,0,0,38,596,0,1,38,597,California
Calaveras,2021-01-02,12,609,12,547,0,62,0,0,12,608,0,1,12,609,California
Calaveras,2021-01-03,10,619,4,551,6,68,0,0,10,618,0,1,10,619,California
Calaveras,2021-01-04,33,652,5,556,28,96,0,0,33,651,0,1,33,652,California
Calaveras,2021-01-05,43,695,10,566,33,129,0,0,32,677,11,12,37,689,California
Calaveras,2021-01-06,107,802,30,596,77,206,0,0,97,764,10,22,97,786,California
Calaveras,2021-01-07,108,910,28,624,80,286,0,0,93,845,13,35,94,880,California
Calaveras,2021-01-08,73,983,44,668,29,315,0,0,45,864,28,63,47,927,California
Calaveras,2021-01-09,5,988,5,673,0,315,0,0,2,863,3,66,2,929,California
Calaveras,2021-01-10,2,990,0,673,2,317,0,0,2,865,0,66,2,931,California
Calaveras,2021-01-11,66,1056,60,733,6,323,0,0,27,856,38,104,29,960,California
Calaveras,2021-01-12,89,1145,56,789,33,356,0,0,52,872,37,141,53,1013,California
Calaveras,2021-01-13,110,1255,46,835,64,420,0,0,75,913,35,176,76,1089,California
Calaveras,2021-01-14,144,1399,45,880,99,519,0,0,110,991,33,209,111,1200,California
Calaveras,2021-01-15,94,1493,28,908,66,585,0,0,74,1045,20,229,74,1274,California
Calaveras,2021-01-16,13,1506,2,910,11,596,0,0,12,1056,1,230,12,1286,California
Calaveras,2021-01-17,10,1516,2,912,8,604,0,0,9,1064,1,231,9,1295,California
Calaveras,2021-01-18,139,1655,21,933,118,722,0,0,123,1175,16,247,127,1422,California
Calaveras,2021-01-19,209,1864,177,1110,32,754,0,0,71,1111,137,384,73,1495,California
Calaveras,2021-01-20,383,2247,82,1192,301,1055,0,0,288,1323,94,478,306,1801,California
Calaveras,2021-01-21,470,2717,43,1235,427,1482,0,0,427,1725,43,521,445,2246,California
Calaveras,2021-01-22,410,3127,26,1261,384,1866,0,0,392,2113,18,539,406,2652,California
Calaveras,2021-01-23,21,3148,10,1271,11,1877,0,0,19,2130,2,541,19,2671,California
Calaveras,2021-01-24,14,3162,8,1279,6,1883,0,0,12,2140,2,543,12,2683,California
Calaveras,2021-01-25,89,3251,7,1286,82,1965,0,0,84,2219,5,548,84,2767,California
Calaveras,2021-01-26,51,3302,16,1302,35,2000,0,0,42,2252,9,557,42,2809,California
Calaveras,2021-01-27,141,3443,47,1349,94,2094,0,0,112,2336,28,585,112,2921,California
Calaveras,2021-01-28,165,3608,25,1374,140,2234,0,0,136,2450,29,614,143,3064,California
Calaveras,2021-01-29,401,4009,15,1389,386,2620,0,0,366,2797,35,649,382,3446,California
Calaveras,2021-01-30,27,4036,10,1399,17,2637,0,0,25,2822,0,649,25,3471,California
Calaveras,2021-01-31,7,4043,5,1404,2,2639,0,0,6,2827,1,650,6,3477,California
Calaveras,2021-02-01,31,4074,12,1416,19,2658,0,0,22,2840,9,659,22,3499,California
Calaveras,2021-02-02,113,4187,24,1440,89,2747,0,0,74,2881,34,693,75,3574,California
Calaveras,2021-02-03,444,4631,44,1484,400,3147,0,0,359,3158,84,777,361,3935,California
Calaveras,2021-02-04,391,5022,26,1510,365,3512,0,0,305,3380,86,863,308,4243,California
Calaveras,2021-02-05,80,5102,22,1532,58,3570,0,0,42,3385,38,901,43,4286,California
Calaveras,2021-02-06,22,5124,12,1544,10,3580,0,0,22,3407,0,901,22,4308,California
Calaveras,2021-02-07,6,5130,1,1545,5,3585,0,0,2,3407,2,903,2,4310,California
Calaveras,2021-02-08,42,5172,19,1564,23,3608,0,0,34,3435,6,909,34,4344,California
Calaveras,2021-02-09,200,5372,78,1642,122,3730,0,0,137,3512,61,970,138,4482,California
Calaveras,2021-02-10,520,5892,33,1675,487,4217,0,0,445,3891,75,1045,454,4936,California
Calaveras,2021-02-11,603,6495,91,1766,512,4729,0,0,481,4267,119,1164,495,5431,California
Calaveras,2021-02-12,577,7072,324,2090,253,4982,0,0,490,4682,85,1249,500,5931,California
Calaveras,2021-02-13,205,7277,47,2137,158,5140,0,0,188,4854,16,1265,188,6119,California
Calaveras,2021-02-14,224,7501,71,2208,153,5293,0,0,207,5047,14,1279,207,6326,California
Calaveras,2021-02-15,389,7890,25,2233,364,5657,0,0,265,5193,119,1398,265,6591,California
Calaveras,2021-02-16,273,8163,146,2379,127,5784,0,0,232,5389,41,1439,237,6828,California
Calaveras,2021-02-17,518,8681,40,2419,478,6262,0,0,205,5306,293,1732,210,7038,California
Calaveras,2021-02-18,508,9189,96,2515,412,6674,0,0,98,5019,386,2118,99,7137,California
Calaveras,2021-02-19,444,9633,43,2558,401,7075,0,0,99,4789,329,2447,99,7236,California
Calaveras,2021-02-20,59,9692,15,2573,44,7119,0,0,49,4828,10,2457,49,7285,California
Calaveras,2021-02-21,27,9719,16,2589,11,7130,0,0,20,4842,6,2463,20,7305,California
Calaveras,2021-02-22,64,9783,39,2628,25,7155,0,0,33,4844,31,2494,33,7338,California
Calaveras,2021-02-23,138,9921,49,2677,89,7244,0,0,95,4897,43,2537,96,7434,California
Calaveras,2021-02-24,102,10023,48,2725,54,7298,0,0,68,4933,32,2569,68,7502,California
Calaveras,2021-02-25,559,10582,106,2831,453,7751,0,0,356,5104,193,2762,364,7866,California
Calaveras,2021-02-26,788,11370,47,2878,741,8492,0,0,375,5094,388,3150,378,8244,California
Calaveras,2021-02-27,210,11580,26,2904,184,8676,0,0,185,5254,25,3175,185,8429,California
Calaveras,2021-02-28,96,11676,15,2919,81,8757,0,0,91,5340,5,3180,91,8520,California
Calaveras,2021-03-01,254,11930,49,2968,205,8962,0,0,155,5402,94,3274,156,8676,California
Calaveras,2021-03-02,262,12192,105,3073,157,9119,0,0,208,5561,51,3325,210,8886,California
Calaveras,2021-03-03,574,12766,109,3182,465,9584,0,0,218,5430,350,3675,219,9105,California
Calaveras,2021-03-04,758,13524,70,3252,687,10271,1,1,353,5390,395,4070,355,9460,California
Calaveras,2021-03-05,462,13986,270,3522,188,10459,4,5,146,5238,302,4372,150,9610,California
Calaveras,2021-03-06,155,14141,43,3565,106,10565,6,11,114,5318,41,4413,121,9731,California
Calaveras,2021-03-07,82,14223,33,3598,41,10606,8,19,39,5322,43,4456,47,9778,California
Calaveras,2021-03-08,168,14391,32,3630,128,10734,8,27,130,5424,36,4492,138,9916,California
Calaveras,2021-03-09,382,14773,143,3773,233,10967,6,33,35,5126,339,4831,41,9957,California
Calaveras,2021-03-10,433,15206,35,3808,395,11362,3,36,58,4823,364,5195,61,10018,California
Calaveras,2021-03-11,884,16090,440,4248,431,11793,13,49,436,4843,431,5626,451,10469,California
Calaveras,2021-03-12,430,16520,224,4472,196,11989,10,59,324,5084,103,5729,344,10813,California
Calaveras,2021-03-13,192,16712,19,4491,165,12154,8,67,138,5182,52,5781,150,10963,California
Calaveras,2021-03-14,161,16873,11,4502,149,12303,1,68,18,5064,143,5924,25,10988,California
Calaveras,2021-03-15,337,17210,50,4552,261,12564,26,94,55,4868,281,6205,85,11073,California
Calaveras,2021-03-16,701,17911,562,5114,119,12683,20,114,554,5297,145,6350,574,11647,California
Calaveras,2021-03-17,291,18202,53,5167,224,12907,14,128,52,5132,232,6582,67,11714,California
Calaveras,2021-03-18,675,18877,576,5743,83,12990,16,144,548,5573,126,6708,567,12281,California
Calaveras,2021-03-19,237,19114,52,5795,110,13100,75,219,59,5531,174,6882,132,12413,California
Calaveras,2021-03-20,83,19197,23,5818,59,13159,1,220,24,5498,59,6941,26,12439,California
Calaveras,2021-03-21,47,19244,29,5847,7,13166,11,231,9,5482,37,6978,21,12460,California
Calaveras,2021-03-22,83,19327,39,5886,23,13189,21,252,26,5472,57,7035,47,12507,California
Calaveras,2021-03-23,299,19626,205,6091,84,13273,10,262,118,5430,169,7204,127,12634,California
Calaveras,2021-03-24,135,19761,51,6142,74,13347,10,272,44,5395,89,7293,54,12688,California
Calaveras,2021-03-25,755,20516,108,6250,643,13990,4,276,453,5561,291,7584,457,13145,California
Calaveras,2021-03-26,439,20955,30,6280,402,14392,7,283,91,5321,340,7924,100,13245,California
Calaveras,2021-03-27,212,21167,21,6301,187,14579,4,287,37,5192,172,8096,43,13288,California
Calaveras,2021-03-28,112,21279,12,6313,97,14676,3,290,8,5101,103,8199,12,13300,California
Calaveras,2021-03-29,187,21466,23,6336,161,14837,3,293,60,5043,122,8321,64,13364,California
Calaveras,2021-03-30,540,22006,26,6362,498,15335,16,309,361,5242,179,8500,378,13742,California
Calaveras,2021-03-31,329,22335,144,6506,175,15510,10,319,159,5245,167,8667,170,13912,California
Calaveras,2021-04-01,698,23033,449,6955,248,15758,1,320,184,4924,510,9177,189,14101,California
Calaveras,2021-04-02,400,23433,233,7188,159,15917,8,328,115,4772,277,9454,125,14226,California
Calaveras,2021-04-03,145,23578,36,7224,105,16022,4,332,41,4713,104,9558,45,14271,California
Calaveras,2021-04-04,83,23661,27,7251,56,16078,0,332,51,4732,32,9590,51,14322,California
Calaveras,2021-04-05,212,23873,80,7331,122,16200,10,342,97,4724,115,9705,107,14429,California
Calaveras,2021-04-06,664,24537,581,7912,69,16269,14,356,115,4308,545,10250,129,14558,California
Calaveras,2021-04-07,762,25299,665,8577,60,16329,37,393,621,4827,140,10390,659,15217,California
Calaveras,2021-04-08,951,26250,858,9435,70,16399,23,416,432,4768,515,10905,456,15673,California
Calaveras,2021-04-09,158,26408,60,9495,49,16448,49,465,55,4772,99,11004,103,15776,California
Calaveras,2021-04-10,196,26604,44,9539,133,16581,19,484,150,4897,45,11049,170,15946,California
Calaveras,2021-04-11,70,26674,45,9584,23,16604,2,486,49,4927,21,11070,51,15997,California
Calaveras,2021-04-12,106,26780,46,9630,41,16645,19,505,56,4953,50,11120,76,16073,California
Calaveras,2021-04-13,428,27208,372,10002,56,16701,0,505,366,5260,61,11181,368,16441,California
Calaveras,2021-04-14,186,27394,28,10030,158,16859,0,505,136,5348,49,11230,137,16578,California
Calaveras,2021-04-15,336,27730,285,10315,51,16910,0,505,245,5507,86,11316,245,16823,California
Calaveras,2021-04-16,109,27839,32,10347,77,16987,0,505,50,5505,52,11368,50,16873,California
Calaveras,2021-04-17,333,28172,128,10475,205,17192,0,505,290,5752,43,11411,290,17163,California
Calaveras,2021-04-18,18,28190,5,10480,13,17205,0,505,11,5756,7,11418,11,17174,California
Calaveras,2021-04-19,76,28266,27,10507,49,17254,0,505,44,5770,31,11449,45,17219,California
Calaveras,2021-04-20,270,28536,93,10600,177,17431,0,505,197,5900,67,11516,197,17416,California
Calaveras,2021-04-21,219,28755,148,10748,71,17502,0,505,84,5853,132,11648,85,17501,California
Calaveras,2021-04-22,549,29304,98,10846,451,17953,0,505,144,5598,401,12049,146,17647,California
Calaveras,2021-04-23,162,29466,81,10927,81,18034,0,505,64,5567,95,12144,64,17711,California
Calaveras,2021-04-24,173,29639,38,10965,135,18169,0,505,129,5654,43,12187,130,17841,California
Calaveras,2021-04-25,43,29682,27,10992,16,18185,0,505,23,5659,20,12207,25,17866,California
Calaveras,2021-04-26,119,29801,74,11066,45,18230,0,505,35,5612,83,12290,36,17902,California
Calaveras,2021-04-27,443,30244,72,11138,358,18588,13,518,56,5299,382,12672,69,17971,California
Calaveras,2021-04-28,650,30894,580,11718,39,18627,31,549,55,4801,591,13263,93,18064,California
Calaveras,2021-04-29,519,31413,443,12161,57,18684,19,568,71,4451,444,13707,94,18158,California
Calaveras,2021-04-30,156,31569,62,12223,89,18773,5,573,71,4449,84,13791,82,18240,California
Calaveras,2021-05-01,204,31773,113,12336,88,18861,3,576,134,4522,68,13859,141,18381,California
Calaveras,2021-05-02,54,31827,37,12373,16,18877,1,577,20,4512,32,13891,22,18403,California
Calaveras,2021-05-03,95,31922,70,12443,20,18897,5,582,30,4487,64,13955,39,18442,California
Calaveras,2021-05-04,421,32343,329,12772,55,18952,37,619,45,4196,374,14329,83,18525,California
Calaveras,2021-05-05,112,32455,57,12829,23,18975,32,651,50,4217,60,14389,81,18606,California
Calaveras,2021-05-06,257,32712,194,13023,39,19014,24,675,48,4083,207,14596,73,18679,California
Calaveras,2021-05-07,89,32801,25,13048,58,19072,6,681,58,4116,31,14627,64,18743,California
Calaveras,2021-05-08,291,33092,142,13190,146,19218,3,684,90,4012,197,14824,93,18836,California
Calaveras,2021-05-09,28,33120,12,13202,13,19231,3,687,13,4013,15,14839,16,18852,California
Calaveras,2021-05-10,65,33185,30,13232,34,19265,1,688,28,4008,35,14874,30,18882,California
Calaveras,2021-05-11,137,33322,92,13324,33,19298,12,700,96,4077,40,14914,109,18991,California
Calaveras,2021-05-12,172,33494,50,13374,122,19420,0,700,53,4013,118,15032,54,19045,California
Calaveras,2021-05-13,123,33617,66,13440,42,19462,15,715,66,4040,55,15087,82,19127,California
Calaveras,2021-05-14,148,33765,93,13533,52,19514,3,718,99,4094,48,15135,102,19229,California
Calaveras,2021-05-15,267,34032,96,13629,168,19682,3,721,106,4048,155,15290,109,19338,California
Calaveras,2021-05-16,30,34062,12,13641,18,19700,0,721,14,4047,16,15306,15,19353,California
Calaveras,2021-05-17,90,34152,42,13683,41,19741,7,728,47,4060,42,15348,55,19408,California
Calaveras,2021-05-18,230,34382,64,13747,144,19885,22,750,75,4003,154,15502,97,19505,California
Calaveras,2021-05-19,151,34533,64,13811,83,19968,4,754,72,4002,78,15580,77,19582,California
Calaveras,2021-05-20,203,34736,80,13891,97,20065,26,780,66,3959,134,15714,91,19673,California
Calaveras,2021-05-21,97,34833,55,13946,38,20103,4,784,58,3982,38,15752,61,19734,California
Calaveras,2021-05-22,301,35134,160,14106,141,20244,0,784,148,3978,152,15904,148,19882,California
Calaveras,2021-05-23,32,35166,16,14122,16,20260,0,784,13,3972,19,15923,13,19895,California
Calaveras,2021-05-24,76,35242,40,14162,20,20280,16,800,32,3977,44,15967,49,19944,California
Calaveras,2021-05-25,124,35366,48,14210,59,20339,17,817,56,3982,68,16035,73,20017,California
Calaveras,2021-05-26,121,35487,87,14297,30,20369,4,821,83,4031,37,16072,86,20103,California
Calaveras,2021-05-27,86,35573,44,14341,38,20407,4,825,30,4013,53,16125,35,20138,California
Calaveras,2021-05-28,85,35658,44,14385,37,20444,4,829,39,4010,46,16171,43,20181,California
Calaveras,2021-05-29,69,35727,23,14408,41,20485,5,834,33,4013,36,16207,39,20220,California
Calaveras,2021-05-30,36,35763,14,14422,17,20502,5,839,11,4004,25,16232,16,20236,California
Calaveras,2021-05-31,5,35768,0,14422,3,20505,2,841,0,4001,5,16237,2,20238,California
Calaveras,2021-06-01,147,35915,98,14520,43,20548,6,847,45,3950,102,16339,51,20289,California
Calaveras,2021-06-02,86,36001,55,14575,27,20575,4,851,37,3942,49,16388,41,20330,California
Calaveras,2021-06-03,93,36094,55,14630,31,20606,7,858,42,3944,49,16437,51,20381,California
Calaveras,2021-06-04,139,36233,93,14723,34,20640,12,870,36,3889,103,16540,48,20429,California
Calaveras,2021-06-05,85,36318,28,14751,55,20695,2,872,34,3875,50,16590,36,20465,California
Calaveras,2021-06-06,39,36357,28,14779,9,20704,2,874,21,3880,18,16608,23,20488,California
Calaveras,2021-06-07,62,36419,45,14824,9,20713,8,882,25,3877,36,16644,33,20521,California
Calaveras,2021-06-08,126,36545,81,14905,39,20752,6,888,58,3873,68,16712,64,20585,California
Calaveras,2021-06-09,95,36640,51,14956,38,20790,6,894,30,3846,65,16777,38,20623,California
Calaveras,2021-06-10,119,36759,59,15015,51,20841,9,903,41,3820,76,16853,50,20673,California
Calaveras,2021-06-11,105,36864,60,15075,40,20881,5,908,34,3788,71,16924,39,20712,California
Calaveras,2021-06-12,63,36927,37,15112,24,20905,2,910,20,3768,43,16967,23,20735,California
Calaveras,2021-06-13,31,36958,18,15130,9,20914,4,914,8,3757,23,16990,12,20747,California
Calaveras,2021-06-14,60,37018,40,15170,16,20930,4,918,23,3749,37,17027,29,20776,California
Calaveras,2021-06-15,90,37108,55,15225,26,20956,9,927,23,3715,67,17094,33,20809,California
Calaveras,2021-06-16,179,37287,138,15363,27,20983,14,941,39,3629,139,17233,53,20862,California
Calaveras,2021-06-17,60,37347,33,15396,23,21006,4,945,25,3626,32,17265,29,20891,California
Calaveras,2021-06-18,60,37407,41,15437,15,21021,4,949,25,3620,35,17300,29,20920,California
Calaveras,2021-06-19,66,37473,23,15460,26,21047,17,966,23,3617,43,17343,40,20960,California
Calaveras,2021-06-20,6,37479,2,15462,3,21050,1,967,2,3616,4,17347,3,20963,California
Calaveras,2021-06-21,39,37518,15,15477,18,21068,6,973,24,3632,15,17362,31,20994,California
Calaveras,2021-06-22,62,37580,32,15509,28,21096,2,975,28,3630,33,17395,31,21025,California
Calaveras,2021-06-23,64,37644,38,15547,19,21115,7,982,30,3633,34,17429,37,21062,California
Calaveras,2021-06-24,69,37713,37,15584,30,21145,2,984,35,3636,34,17463,37,21099,California
Calaveras,2021-06-25,53,37766,33,15617,12,21157,8,992,23,3637,30,17493,31,21130,California
Calaveras,2021-06-26,33,37799,16,15633,15,21172,2,994,20,3647,13,17506,23,21153,California
Calaveras,2021-06-27,18,37817,16,15649,1,21173,1,995,8,3646,10,17516,9,21162,California
Calaveras,2021-06-28,45,37862,27,15676,13,21186,5,1000,18,3644,26,17542,24,21186,California
Calaveras,2021-06-29,60,37922,48,15724,9,21195,3,1003,27,3643,31,17573,30,21216,California
Calaveras,2021-06-30,42,37964,26,15750,8,21203,8,1011,21,3651,21,17594,29,21245,California
Calaveras,2021-07-01,40,38004,24,15774,11,21214,5,1016,20,3657,19,17613,25,21270,California
Calaveras,2021-07-02,42,38046,32,15806,8,21222,2,1018,25,3667,17,17630,27,21297,California
Calaveras,2021-07-03,21,38067,15,15821,5,21227,1,1019,11,3669,10,17640,12,21309,California
Calaveras,2021-07-04,3,38070,1,15822,2,21229,0,1019,3,3672,0,17640,3,21312,California
Calaveras,2021-07-05,25,38095,15,15837,7,21236,3,1022,5,3661,20,17660,9,21321,California
Calaveras,2021-07-06,65,38160,26,15863,23,21259,16,1038,33,3679,32,17692,50,21371,California
Calaveras,2021-07-07,43,38203,25,15888,14,21273,4,1042,21,3683,21,17713,25,21396,California
Calaveras,2021-07-08,54,38257,19,15907,30,21303,5,1047,26,3687,27,17740,31,21427,California
Calaveras,2021-07-09,34,38291,17,15924,13,21316,4,1051,18,3693,16,17756,22,21449,California
Calaveras,2021-07-10,41,38332,27,15951,12,21328,2,1053,24,3703,17,17773,27,21476,California
Calaveras,2021-07-11,20,38352,12,15963,7,21335,1,1054,15,3714,5,17778,16,21492,California
Calaveras,2021-07-12,35,38387,18,15981,17,21352,0,1054,20,3719,15,17793,20,21512,California
Colusa,2020-12-18,1,1,1,1,0,0,0,0,1,1,0,0,1,1,California
Colusa,2020-12-21,2,3,2,3,0,0,0,0,2,3,0,0,2,3,California
Colusa,2020-12-22,10,13,10,13,0,0,0,0,10,13,0,0,10,13,California
Colusa,2020-12-23,10,23,10,23,0,0,0,0,10,23,0,0,10,23,California
Colusa,2020-12-24,2,25,1,24,1,1,0,0,2,25,0,0,2,25,California
Colusa,2020-12-27,1,26,1,25,0,1,0,0,1,26,0,0,1,26,California
Colusa,2020-12-28,7,33,3,28,4,5,0,0,7,33,0,0,7,33,California
Colusa,2020-12-29,10,43,8,36,2,7,0,0,10,43,0,0,10,43,California
Colusa,2020-12-30,51,94,14,50,37,44,0,0,51,94,0,0,51,94,California
Colusa,2020-12-31,18,112,1,51,17,61,0,0,18,112,0,0,18,112,California
Colusa,2021-01-04,3,115,0,51,3,64,0,0,3,115,0,0,3,115,California
Colusa,2021-01-05,68,183,1,52,67,131,0,0,68,183,0,0,68,183,California
Colusa,2021-01-06,15,198,9,61,6,137,0,0,15,198,0,0,15,198,California
Colusa,2021-01-07,40,238,5,66,35,172,0,0,39,236,1,1,39,237,California
Colusa,2021-01-08,9,247,7,73,2,174,0,0,8,243,1,2,8,245,California
Colusa,2021-01-09,2,249,1,74,1,175,0,0,2,245,0,2,2,247,California
Colusa,2021-01-10,1,250,0,74,1,176,0,0,1,246,0,2,1,248,California
Colusa,2021-01-11,12,262,6,80,6,182,0,0,7,248,5,7,7,255,California
Colusa,2021-01-12,11,273,9,89,2,184,0,0,6,249,5,12,6,261,California
Colusa,2021-01-13,21,294,13,102,8,192,0,0,13,254,8,20,13,274,California
Colusa,2021-01-14,36,330,29,131,7,199,0,0,34,286,2,22,34,308,California
Colusa,2021-01-15,42,372,5,136,37,236,0,0,40,324,2,24,40,348,California
Colusa,2021-01-16,12,384,1,137,11,247,0,0,11,334,1,25,11,359,California
Colusa,2021-01-17,3,387,2,139,1,248,0,0,2,335,1,26,2,361,California
Colusa,2021-01-18,4,391,0,139,4,252,0,0,4,339,0,26,4,365,California
Colusa,2021-01-19,9,400,8,147,1,253,0,0,5,340,4,30,5,370,California
Colusa,2021-01-20,115,515,101,248,14,267,0,0,101,427,14,44,101,471,California
Colusa,2021-01-21,59,574,44,292,15,282,0,0,58,484,1,45,58,529,California
Colusa,2021-01-22,40,614,17,309,23,305,0,0,35,514,5,50,35,564,California
Colusa,2021-01-23,35,649,6,315,29,334,0,0,35,549,0,50,35,599,California
Colusa,2021-01-25,7,656,0,315,7,341,0,0,7,556,0,50,7,606,California
Colusa,2021-01-26,8,664,5,320,3,344,0,0,5,558,3,53,5,611,California
Colusa,2021-01-27,110,774,31,351,79,423,0,0,108,664,2,55,108,719,California
Colusa,2021-01-28,84,858,48,399,36,459,0,0,75,730,9,64,75,794,California
Colusa,2021-01-29,43,901,8,407,35,494,0,0,42,771,1,65,42,836,California
Colusa,2021-01-30,27,928,4,411,23,517,0,0,27,798,0,65,27,863,California
Colusa,2021-01-31,7,935,7,418,0,517,0,0,7,805,0,65,7,870,California
Colusa,2021-02-01,27,962,10,428,17,534,0,0,22,822,5,70,22,892,California
Colusa,2021-02-02,42,1004,8,436,34,568,0,0,36,852,6,76,36,928,California
Colusa,2021-02-03,74,1078,10,446,64,632,0,0,62,902,12,88,62,990,California
Colusa,2021-02-04,143,1221,81,527,62,694,0,0,114,987,29,117,114,1104,California
Colusa,2021-02-05,33,1254,9,536,24,718,0,0,30,1014,3,120,30,1134,California
Colusa,2021-02-06,285,1539,9,545,276,994,0,0,274,1277,11,131,274,1408,California
Colusa,2021-02-07,2,1541,1,546,1,995,0,0,0,1275,2,133,0,1408,California
Colusa,2021-02-08,41,1582,5,551,36,1031,0,0,38,1310,3,136,38,1446,California
Colusa,2021-02-09,231,1813,14,565,217,1248,0,0,176,1431,55,191,176,1622,California
Colusa,2021-02-10,118,1931,42,607,76,1324,0,0,74,1461,44,235,74,1696,California
Colusa,2021-02-11,107,2038,44,651,63,1387,0,0,80,1514,27,262,80,1776,California
Colusa,2021-02-12,117,2155,9,660,108,1495,0,0,78,1552,40,302,78,1854,California
Colusa,2021-02-13,60,2215,8,668,52,1547,0,0,52,1596,8,310,52,1906,California
Colusa,2021-02-14,20,2235,8,676,12,1559,0,0,14,1604,6,316,14,1920,California
Colusa,2021-02-15,46,2281,10,686,36,1595,0,0,39,1636,7,323,39,1959,California
Colusa,2021-02-16,69,2350,4,690,65,1660,0,0,68,1703,1,324,68,2027,California
Colusa,2021-02-17,209,2559,143,833,66,1726,0,0,62,1618,147,471,62,2089,California
Colusa,2021-02-18,140,2699,40,873,100,1826,0,0,116,1710,24,495,116,2205,California
Colusa,2021-02-19,157,2856,19,892,138,1964,0,0,131,1815,26,521,131,2336,California
Colusa,2021-02-20,32,2888,6,898,26,1990,0,0,13,1809,19,540,13,2349,California
Colusa,2021-02-21,4,2892,2,900,2,1992,0,0,2,1809,2,542,2,2351,California
Colusa,2021-02-22,45,2937,27,927,18,2010,0,0,30,1824,15,557,30,2381,California
Colusa,2021-02-23,21,2958,6,933,15,2025,0,0,17,1837,4,561,17,2398,California
Colusa,2021-02-24,308,3266,55,988,253,2278,0,0,159,1847,149,710,159,2557,California
Colusa,2021-02-25,118,3384,65,1053,53,2331,0,0,79,1887,39,749,79,2636,California
Colusa,2021-02-26,102,3486,15,1068,87,2418,0,0,60,1905,42,791,60,2696,California
Colusa,2021-02-27,57,3543,4,1072,53,2471,0,0,42,1932,15,806,42,2738,California
Colusa,2021-02-28,27,3570,15,1087,12,2483,0,0,18,1941,9,815,18,2756,California
Colusa,2021-03-01,47,3617,16,1103,31,2514,0,0,29,1952,18,833,29,2785,California
Colusa,2021-03-02,50,3667,13,1116,37,2551,0,0,26,1954,24,857,26,2811,California
Colusa,2021-03-03,253,3920,46,1162,207,2758,0,0,193,2087,60,917,193,3004,California
Colusa,2021-03-04,147,4067,60,1222,87,2845,0,0,77,2094,70,987,77,3081,California
Colusa,2021-03-05,111,4178,25,1247,77,2922,9,9,54,2100,57,1044,63,3144,California
Colusa,2021-03-06,276,4454,9,1256,267,3189,0,9,39,1902,237,1281,39,3183,California
Colusa,2021-03-07,9,4463,5,1261,4,3193,0,9,7,1907,2,1283,7,3190,California
Colusa,2021-03-08,108,4571,21,1282,52,3245,35,44,48,1931,59,1342,83,3273,California
Colusa,2021-03-09,288,4859,74,1356,191,3436,23,67,94,1854,194,1536,117,3390,California
Colusa,2021-03-10,310,5169,38,1394,236,3672,36,103,211,2002,99,1635,247,3637,California
Colusa,2021-03-11,437,5606,63,1457,353,4025,21,124,340,2264,97,1732,359,3996,California
Colusa,2021-03-12,111,5717,18,1475,80,4105,13,137,20,2206,91,1823,33,4029,California
Colusa,2021-03-13,68,5785,16,1491,43,4148,9,146,21,2189,47,1870,30,4059,California
Colusa,2021-03-14,21,5806,0,1491,19,4167,2,148,5,2181,15,1885,7,4066,California
Colusa,2021-03-15,81,5887,28,1519,45,4212,8,156,24,2156,57,1942,32,4098,California
Colusa,2021-03-16,298,6185,16,1535,236,4448,46,202,189,2282,109,2051,235,4333,California
Colusa,2021-03-17,196,6381,50,1585,146,4594,0,202,107,2300,89,2140,107,4440,California
Colusa,2021-03-18,326,6707,39,1624,216,4810,71,273,193,2432,133,2273,265,4705,California
Colusa,2021-03-19,78,6785,20,1644,56,4866,2,275,51,2458,27,2300,53,4758,California
Colusa,2021-03-20,52,6837,8,1652,43,4909,1,276,38,2483,14,2314,39,4797,California
Colusa,2021-03-21,6,6843,4,1656,2,4911,0,276,1,2479,5,2319,1,4798,California
Colusa,2021-03-22,62,6905,10,1666,43,4954,9,285,40,2506,22,2341,49,4847,California
Colusa,2021-03-23,82,6987,16,1682,64,5018,2,287,56,2538,26,2367,58,4905,California
Colusa,2021-03-24,339,7326,57,1739,276,5294,6,293,65,2334,274,2641,70,4975,California
Colusa,2021-03-25,111,7437,62,1801,44,5338,5,298,52,2332,59,2700,57,5032,California
Colusa,2021-03-26,300,7737,47,1848,249,5587,4,302,247,2530,53,2753,251,5283,California
Colusa,2021-03-27,63,7800,5,1853,58,5645,0,302,24,2515,39,2792,24,5307,California
Colusa,2021-03-28,16,7816,7,1860,9,5654,0,302,7,2513,9,2801,7,5314,California
Colusa,2021-03-29,71,7887,19,1879,46,5700,6,308,30,2508,41,2842,36,5350,California
Colusa,2021-03-30,152,8039,83,1962,67,5767,2,310,73,2504,79,2921,75,5425,California
Colusa,2021-03-31,233,8272,40,2002,193,5960,0,310,65,2402,167,3088,65,5490,California
Colusa,2021-04-01,439,8711,77,2079,307,6267,55,365,313,2644,125,3213,367,5857,California
Colusa,2021-04-02,82,8793,14,2093,54,6321,14,379,38,2652,44,3257,52,5909,California
Colusa,2021-04-03,62,8855,10,2103,29,6350,23,402,14,2640,48,3305,36,5945,California
Colusa,2021-04-04,18,8873,0,2103,8,6358,10,412,3,2638,15,3320,13,5958,California
Colusa,2021-04-05,99,8972,27,2130,56,6414,16,428,34,2623,65,3385,50,6008,California
Colusa,2021-04-06,130,9102,35,2165,45,6459,50,478,35,2613,95,3480,85,6093,California
Colusa,2021-04-07,357,9459,42,2207,292,6751,23,501,125,2531,231,3711,149,6242,California
Colusa,2021-04-08,430,9889,35,2242,367,7118,28,529,117,2366,310,4021,145,6387,California
Colusa,2021-04-09,77,9966,21,2263,32,7150,24,553,28,2369,49,4070,52,6439,California
Colusa,2021-04-10,45,10011,10,2273,14,7164,21,574,8,2361,37,4107,29,6468,California
Colusa,2021-04-11,16,10027,3,2276,11,7175,2,576,8,2363,8,4115,10,6478,California
Colusa,2021-04-12,32,10059,3,2279,29,7204,0,576,15,2361,17,4132,15,6493,California
Colusa,2021-04-13,280,10339,23,2302,257,7461,0,576,95,2272,184,4316,95,6588,California
Colusa,2021-04-14,97,10436,20,2322,77,7538,0,576,35,2245,62,4378,35,6623,California
Colusa,2021-04-15,325,10761,48,2370,277,7815,0,576,130,2180,195,4573,130,6753,California
Colusa,2021-04-16,79,10840,11,2381,68,7883,0,576,35,2172,43,4616,35,6788,California
Colusa,2021-04-17,54,10894,7,2388,47,7930,0,576,30,2178,24,4640,30,6818,California
Colusa,2021-04-18,9,10903,2,2390,7,7937,0,576,7,2183,2,4642,7,6825,California
Colusa,2021-04-19,61,10964,21,2411,40,7977,0,576,17,2156,44,4686,17,6842,California
Colusa,2021-04-20,189,11153,38,2449,151,8128,0,576,133,2233,56,4742,133,6975,California
Colusa,2021-04-21,178,11331,68,2517,110,8238,0,576,106,2267,72,4814,106,7081,California
Colusa,2021-04-22,426,11757,27,2544,398,8636,1,577,221,2284,204,5018,221,7302,California
Colusa,2021-04-23,96,11853,21,2565,75,8711,0,577,37,2262,59,5077,37,7339,California
Colusa,2021-04-24,241,12094,19,2584,221,8932,1,578,210,2441,31,5108,210,7549,California
Colusa,2021-04-25,12,12106,6,2590,6,8938,0,578,8,2445,4,5112,8,7557,California
Colusa,2021-04-26,25,12131,5,2595,19,8957,1,579,6,2433,18,5130,6,7563,California
Colusa,2021-04-27,97,12228,25,2620,68,9025,4,583,44,2428,53,5183,48,7611,California
Colusa,2021-04-28,196,12424,33,2653,160,9185,3,586,144,2524,51,5234,147,7758,California
Colusa,2021-04-29,320,12744,29,2682,287,9472,4,590,48,2306,270,5504,52,7810,California
Colusa,2021-04-30,70,12814,23,2705,47,9519,0,590,46,2328,24,5528,46,7856,California
Colusa,2021-05-01,19,12833,8,2713,8,9527,3,593,9,2330,10,5538,12,7868,California
Colusa,2021-05-02,5,12838,1,2714,3,9530,1,594,2,2330,3,5541,3,7871,California
Colusa,2021-05-03,31,12869,7,2721,24,9554,0,594,15,2329,16,5557,15,7886,California
Colusa,2021-05-04,99,12968,55,2776,43,9597,1,595,69,2369,30,5587,70,7956,California
Colusa,2021-05-05,84,13052,21,2797,62,9659,1,596,35,2356,49,5636,36,7992,California
Colusa,2021-05-06,254,13306,16,2813,236,9895,2,598,111,2326,143,5779,113,8105,California
Colusa,2021-05-07,66,13372,4,2817,58,9953,4,602,30,2324,36,5815,34,8139,California
Colusa,2021-05-08,18,13390,6,2823,12,9965,0,602,9,2324,9,5824,9,8148,California
Colusa,2021-05-09,13,13403,5,2828,5,9970,3,605,6,2326,7,5831,9,8157,California
Colusa,2021-05-10,26,13429,6,2834,20,9990,0,605,9,2318,17,5848,9,8166,California
Colusa,2021-05-11,93,13522,34,2868,59,10049,0,605,48,2321,45,5893,48,8214,California
Colusa,2021-05-12,78,13600,32,2900,42,10091,4,609,21,2289,57,5950,25,8239,California
Colusa,2021-05-13,249,13849,24,2924,224,10315,1,610,80,2201,169,6119,81,8320,California
Colusa,2021-05-14,95,13944,18,2942,62,10377,15,625,33,2188,61,6180,48,8368,California
Colusa,2021-05-15,41,13985,10,2952,29,10406,2,627,21,2191,20,6200,23,8391,California
Colusa,2021-05-16,24,14009,8,2960,9,10415,7,634,11,2196,13,6213,18,8409,California
Colusa,2021-05-17,25,14034,5,2965,18,10433,2,636,13,2199,12,6225,15,8424,California
Colusa,2021-05-18,104,14138,27,2992,75,10508,2,638,46,2189,58,6283,48,8472,California
Colusa,2021-05-19,224,14362,44,3036,160,10668,20,658,66,2117,158,6441,86,8558,California
Colusa,2021-05-20,286,14648,34,3070,248,10916,4,662,68,1971,218,6659,72,8630,California
Colusa,2021-05-21,80,14728,26,3096,52,10968,2,664,36,1965,44,6703,38,8668,California
Colusa,2021-05-22,222,14950,24,3120,197,11165,1,665,34,1812,188,6891,35,8703,California
Colusa,2021-05-23,19,14969,8,3128,7,11172,4,669,5,1807,14,6905,9,8712,California
Colusa,2021-05-24,30,14999,3,3131,22,11194,5,674,16,1814,14,6919,21,8733,California
Colusa,2021-05-25,137,15136,77,3208,58,11252,2,676,54,1787,83,7002,56,8789,California
Colusa,2021-05-26,73,15209,25,3233,47,11299,1,677,32,1779,41,7043,33,8822,California
Colusa,2021-05-27,171,15380,17,3250,154,11453,0,677,54,1716,117,7160,54,8876,California
Colusa,2021-05-28,80,15460,25,3275,54,11507,1,678,41,1719,39,7199,42,8918,California
Colusa,2021-05-29,40,15500,18,3293,18,11525,4,682,29,1741,11,7210,33,8951,California
Colusa,2021-05-30,8,15508,1,3294,2,11527,5,687,1,1740,7,7217,6,8957,California
Colusa,2021-05-31,4,15512,0,3294,4,11531,0,687,1,1738,3,7220,1,8958,California
Colusa,2021-06-01,49,15561,15,3309,33,11564,1,688,25,1740,24,7244,26,8984,California
Colusa,2021-06-02,146,15707,20,3329,124,11688,2,690,51,1699,94,7338,53,9037,California
Colusa,2021-06-03,63,15770,20,3349,42,11730,1,691,26,1692,34,7372,27,9064,California
Colusa,2021-06-04,61,15831,19,3368,38,11768,4,695,22,1679,39,7411,26,9090,California
Colusa,2021-06-05,35,15866,16,3384,18,11786,1,696,17,1679,18,7429,18,9108,California
Colusa,2021-06-06,11,15877,6,3390,4,11790,1,697,6,1681,5,7434,7,9115,California
Colusa,2021-06-07,24,15901,6,3396,18,11808,0,697,10,1677,14,7448,10,9125,California
Colusa,2021-06-08,75,15976,21,3417,54,11862,0,697,29,1660,46,7494,29,9154,California
Colusa,2021-06-09,71,16047,41,3458,30,11892,0,697,28,1645,43,7537,28,9182,California
Colusa,2021-06-10,58,16105,23,3481,31,11923,4,701,14,1619,44,7581,18,9200,California
Colusa,2021-06-11,57,16162,30,3511,27,11950,0,701,26,1614,31,7612,26,9226,California
Colusa,2021-06-12,37,16199,23,3534,14,11964,0,701,9,1595,28,7640,9,9235,California
Colusa,2021-06-13,10,16209,3,3537,5,11969,2,703,2,1591,8,7648,4,9239,California
Colusa,2021-06-14,19,16228,9,3546,10,11979,0,703,7,1586,12,7660,7,9246,California
Colusa,2021-06-15,76,16304,37,3583,38,12017,1,704,17,1545,59,7719,18,9264,California
Colusa,2021-06-16,56,16360,16,3599,39,12056,1,705,15,1520,41,7760,16,9280,California
Colusa,2021-06-17,116,16476,10,3609,105,12161,1,706,17,1439,99,7859,18,9298,California
Colusa,2021-06-18,63,16539,32,3641,27,12188,4,710,25,1430,38,7897,29,9327,California
Colusa,2021-06-19,26,16565,21,3662,4,12192,1,711,6,1417,20,7917,7,9334,California
Colusa,2021-06-20,9,16574,6,3668,3,12195,0,711,7,1422,2,7919,7,9341,California
Colusa,2021-06-21,20,16594,3,3671,16,12211,1,712,8,1419,12,7931,9,9350,California
Colusa,2021-06-22,67,16661,28,3699,34,12245,5,717,28,1414,38,7969,33,9383,California
Colusa,2021-06-23,50,16711,27,3726,22,12267,1,718,21,1407,29,7998,22,9405,California
Colusa,2021-06-24,60,16771,27,3753,31,12298,2,720,22,1393,38,8036,24,9429,California
Colusa,2021-06-25,41,16812,16,3769,25,12323,0,720,25,1402,16,8052,25,9454,California
Colusa,2021-06-26,18,16830,13,3782,5,12328,0,720,5,1394,13,8065,5,9459,California
Colusa,2021-06-27,7,16837,4,3786,3,12331,0,720,5,1397,2,8067,5,9464,California
Colusa,2021-06-28,8,16845,1,3787,6,12337,1,721,5,1400,3,8070,6,9470,California
Colusa,2021-06-29,41,16886,17,3804,20,12357,4,725,17,1398,23,8093,21,9491,California
Colusa,2021-06-30,77,16963,38,3842,38,12395,1,726,28,1379,49,8142,30,9521,California
Colusa,2021-07-01,48,17011,23,3865,24,12419,1,727,20,1372,28,8170,21,9542,California
Colusa,2021-07-02,49,17060,27,3892,21,12440,1,728,25,1374,24,8194,26,9568,California
Colusa,2021-07-03,21,17081,8,3900,13,12453,0,728,11,1375,10,8204,11,9579,California
Colusa,2021-07-04,3,17084,2,3902,1,12454,0,728,1,1374,2,8206,1,9580,California
Colusa,2021-07-05,10,17094,6,3908,4,12458,0,728,4,1372,6,8212,4,9584,California
Colusa,2021-07-06,44,17138,18,3926,25,12483,1,729,21,1373,21,8233,22,9606,California
Colusa,2021-07-07,53,17191,29,3955,23,12506,1,730,32,1385,21,8254,33,9639,California
Colusa,2021-07-08,27,17218,12,3967,14,12520,1,731,18,1395,9,8263,19,9658,California
Colusa,2021-07-09,28,17246,20,3987,6,12526,2,733,9,1386,19,8282,10,9668,California
Colusa,2021-07-10,14,17260,6,3993,8,12534,0,733,8,1388,6,8288,8,9676,California
Colusa,2021-07-11,4,17264,4,3997,0,12534,0,733,1,1386,3,8291,1,9677,California
Colusa,2021-07-12,13,17277,5,4002,8,12542,0,733,2,1377,11,8302,2,9679,California
Contra Costa,2020-12-15,19,19,19,19,0,0,0,0,19,19,0,0,19,19,California
Contra Costa,2020-12-16,527,546,527,546,0,0,0,0,527,546,0,0,527,546,California
Contra Costa,2020-12-17,1049,1595,1049,1595,0,0,0,0,1049,1595,0,0,1049,1595,California
Contra Costa,2020-12-18,1766,3361,1764,3359,2,2,0,0,1766,3361,0,0,1766,3361,California
Contra Costa,2020-12-19,1118,4479,1117,4476,1,3,0,0,1118,4479,0,0,1118,4479,California
Contra Costa,2020-12-20,602,5081,601,5077,1,4,0,0,602,5081,0,0,602,5081,California
Contra Costa,2020-12-21,1671,6752,1668,6745,3,7,0,0,1671,6752,0,0,1671,6752,California
Contra Costa,2020-12-22,1676,8428,1569,8314,107,114,0,0,1676,8428,0,0,1676,8428,California
Contra Costa,2020-12-23,1633,10061,1381,9695,252,366,0,0,1633,10061,0,0,1633,10061,California
Contra Costa,2020-12-24,657,10718,336,10031,321,687,0,0,657,10718,0,0,657,10718,California
Contra Costa,2020-12-25,41,10759,19,10050,22,709,0,0,41,10759,0,0,41,10759,California
Contra Costa,2020-12-26,654,11413,135,10185,519,1228,0,0,654,11413,0,0,654,11413,California
Contra Costa,2020-12-27,243,11656,87,10272,156,1384,0,0,243,11656,0,0,243,11656,California
Contra Costa,2020-12-28,1851,13507,871,11143,980,2364,0,0,1851,13507,0,0,1851,13507,California
Contra Costa,2020-12-29,1854,15361,829,11972,1025,3389,0,0,1854,15361,0,0,1854,15361,California
Contra Costa,2020-12-30,2418,17779,1223,13195,1195,4584,0,0,2416,17776,2,2,2417,17778,California
Contra Costa,2020-12-31,927,18706,308,13503,619,5203,0,0,926,18702,0,2,926,18704,California
Contra Costa,2021-01-01,68,18774,24,13527,44,5247,0,0,68,18770,0,2,68,18772,California
Contra Costa,2021-01-02,348,19122,179,13706,169,5416,0,0,347,19117,0,2,347,19119,California
Contra Costa,2021-01-03,182,19304,123,13829,59,5475,0,0,181,19298,0,2,181,19300,California
Contra Costa,2021-01-04,1905,21209,1247,15076,658,6133,0,0,1885,21165,18,20,1885,21185,California
Contra Costa,2021-01-05,2116,23325,1266,16342,850,6983,0,0,1830,22711,285,305,1831,23016,California
Contra Costa,2021-01-06,3309,26634,2270,18612,1039,8022,0,0,2490,24391,813,1118,2493,25509,California
Contra Costa,2021-01-07,3125,29759,2087,20699,1038,9060,0,0,1801,24872,1320,2438,1801,27310,California
Contra Costa,2021-01-08,3425,33184,2415,23114,1010,10070,0,0,1768,24991,1652,4090,1771,29081,California
Contra Costa,2021-01-09,1600,34784,1143,24257,457,10527,0,0,739,24872,860,4950,741,29822,California
Contra Costa,2021-01-10,372,35156,296,24553,76,10603,0,0,154,24808,218,5168,154,29976,California
Contra Costa,2021-01-11,3859,39015,3160,27713,699,11302,0,0,2229,25410,1630,6798,2232,32208,California
Contra Costa,2021-01-12,3967,42982,2974,30687,993,12295,0,0,2610,26668,1356,8154,2614,34822,California
Contra Costa,2021-01-13,4807,47789,3002,33689,1805,14100,0,0,3831,29528,972,9126,3832,38654,California
Contra Costa,2021-01-14,4340,52129,1575,35264,2765,16865,0,0,3949,33086,391,9517,3949,42603,California
Contra Costa,2021-01-15,5371,57500,2478,37742,2893,19758,0,0,5039,37798,331,9848,5043,47646,California
Contra Costa,2021-01-16,1757,59257,567,38309,1190,20948,0,0,1680,39401,77,9925,1680,49326,California
Contra Costa,2021-01-17,1671,60928,984,39293,687,21635,0,0,1550,40833,121,10046,1553,50879,California
Contra Costa,2021-01-18,3234,64162,1281,40574,1953,23588,0,0,2600,42807,627,10673,2601,53480,California
Contra Costa,2021-01-19,7090,71252,3172,43746,3918,27506,0,0,6075,47878,1010,11683,6081,59561,California
Contra Costa,2021-01-20,6913,78165,4313,48059,2600,30106,0,0,5660,52294,1249,12932,5665,65226,California
Contra Costa,2021-01-21,7102,85267,3160,51219,3942,34048,0,0,6365,57936,731,13663,6373,71599,California
Contra Costa,2021-01-22,6467,91734,2762,53981,3705,37753,0,0,5596,62673,862,14525,5599,77198,California
Contra Costa,2021-01-23,2054,93788,358,54339,1696,39449,0,0,1787,64197,265,14790,1789,78987,California
Contra Costa,2021-01-24,1593,95381,218,54557,1375,40824,0,0,1445,65498,148,14938,1449,80436,California
Contra Costa,2021-01-25,6726,102107,3055,57612,3671,44495,0,0,5128,69037,1593,16531,5132,85568,California
Contra Costa,2021-01-26,8192,110299,4730,62342,3462,47957,0,0,6309,73477,1875,18406,6315,91883,California
Contra Costa,2021-01-27,8249,118548,5443,67785,2806,50763,0,0,6380,78004,1857,20263,6384,98267,California
Contra Costa,2021-01-28,7509,126057,4103,71888,3406,54169,0,0,5881,82267,1622,21885,5885,104152,California
Contra Costa,2021-01-29,7536,133593,3916,75804,3620,57789,0,0,6200,87139,1330,23215,6202,110354,California
Contra Costa,2021-01-30,2146,135739,644,76448,1502,59291,0,0,1740,88481,398,23613,1740,112094,California
Contra Costa,2021-01-31,663,136402,432,76880,231,59522,0,0,567,88955,93,23706,567,112661,California
Contra Costa,2021-02-01,5867,142269,4077,80957,1790,61312,0,0,3951,91002,1908,25614,3955,116616,California
Contra Costa,2021-02-02,7644,149913,5116,86073,2528,63840,0,0,5923,95208,1718,27332,5924,122540,California
Contra Costa,2021-02-03,8328,158241,5491,91564,2837,66677,0,0,5608,98108,2709,30041,5609,128149,California
Contra Costa,2021-02-04,7533,165774,3597,95161,3936,70613,0,0,5751,102085,1779,31820,5756,133905,California
Contra Costa,2021-02-05,8499,174273,4840,100001,3659,74272,0,0,5772,105138,2719,34539,5772,139677,California
Contra Costa,2021-02-06,3493,177766,2168,102169,1325,75597,0,0,2830,107307,662,35201,2831,142508,California
Contra Costa,2021-02-07,1002,178768,729,102898,273,75870,0,0,606,107518,395,35596,606,143114,California
Contra Costa,2021-02-08,5919,184687,3519,106417,2400,78270,0,0,4405,110417,1507,37103,4406,147520,California
Contra Costa,2021-02-09,8756,193443,4829,111246,3927,82197,0,0,5810,113292,2936,40039,5811,153331,California
Contra Costa,2021-02-10,8712,202155,4678,115924,4034,86231,0,0,5334,115268,3361,43400,5337,158668,California
Contra Costa,2021-02-11,9413,211568,4254,120178,5159,91390,0,0,5181,116229,4225,47625,5186,163854,California
Contra Costa,2021-02-12,10206,221774,4680,124858,5526,96916,0,0,5490,117015,4707,52332,5493,169347,California
Contra Costa,2021-02-13,4942,226716,1391,126249,3551,100467,0,0,3432,118944,1505,53837,3434,172781,California
Contra Costa,2021-02-14,2112,228828,873,127122,1239,101706,0,0,1223,119281,886,54723,1223,174004,California
Contra Costa,2021-02-15,4518,233346,2499,129621,2019,103725,0,0,2343,119460,2165,56888,2344,176348,California
Contra Costa,2021-02-16,10503,243849,4963,134584,5540,109265,0,0,4668,118310,5822,62710,4672,181020,California
Contra Costa,2021-02-17,12402,256251,6218,140802,6184,115449,0,0,5648,117224,6735,69445,5649,186669,California
Contra Costa,2021-02-18,11605,267856,6015,146817,5590,121039,0,0,5350,116337,6239,75684,5352,192021,California
Contra Costa,2021-02-19,11628,279484,7242,154059,4386,125425,0,0,5242,115212,6369,82053,5244,197265,California
Contra Costa,2021-02-20,6618,286102,2997,157056,3621,129046,0,0,4659,117934,1941,83994,4663,201928,California
Contra Costa,2021-02-21,2359,288461,1769,158825,590,129636,0,0,1580,118736,778,84772,1580,203508,California
Contra Costa,2021-02-22,7986,296447,5411,164236,2575,132211,0,0,3660,118091,4308,89080,3663,207171,California
Contra Costa,2021-02-23,12539,308986,7723,171959,4816,137027,0,0,6300,118180,6219,95299,6308,213479,California
Contra Costa,2021-02-24,10971,319957,8050,180009,2921,139948,0,0,5319,117869,5630,100929,5319,218798,California
Contra Costa,2021-02-25,12155,332112,7719,187728,4436,144384,0,0,5608,116963,6521,107450,5615,224413,California
Contra Costa,2021-02-26,11378,343490,7201,194929,4177,148561,0,0,5618,116838,5745,113195,5620,230033,California
Contra Costa,2021-02-27,6999,350489,4515,199444,2484,151045,0,0,4395,118641,2594,115789,4397,234430,California
Contra Costa,2021-02-28,4382,354871,3639,203083,742,151787,1,1,3685,121637,691,116480,3687,238117,California
Contra Costa,2021-03-01,8728,363599,6607,209690,2114,153901,7,8,5377,123688,3336,119816,5387,243504,California
Contra Costa,2021-03-02,10770,374369,6894,216584,3875,157776,1,9,5778,124494,4974,124790,5780,249284,California
Contra Costa,2021-03-03,11446,385815,7202,223786,4243,162019,1,10,6466,126002,4960,129750,6468,255752,California
Contra Costa,2021-03-04,12035,397850,7197,230983,4836,166855,2,12,6267,126522,5749,135499,6269,262021,California
Contra Costa,2021-03-05,11517,409367,6931,237914,4579,171434,7,19,6612,128255,4887,140386,6620,268641,California
Contra Costa,2021-03-06,7515,416882,4213,242127,2991,174425,311,330,4918,130901,2580,142966,5226,273867,California
Contra Costa,2021-03-07,4014,420896,2475,244602,1353,175778,186,516,3191,133456,821,143787,3376,277243,California
Contra Costa,2021-03-08,8286,429182,3937,248539,4026,179804,323,839,5553,136613,2721,146508,5878,283121,California
Contra Costa,2021-03-09,11228,440410,5953,254492,4974,184778,301,1140,5862,137430,5349,151857,6166,289287,California
Contra Costa,2021-03-10,12496,452906,6241,260733,4755,189533,1500,2640,5687,137809,6793,158650,7172,296459,California
Contra Costa,2021-03-11,12561,465467,6612,267345,5382,194915,567,3207,6409,138653,6123,164773,6967,303426,California
Contra Costa,2021-03-12,12702,478169,5235,272580,6898,201813,569,3776,6315,139165,6362,171135,6874,310300,California
Contra Costa,2021-03-13,7916,486085,3188,275768,4294,206107,434,4210,3116,137928,4779,175914,3542,313842,California
Contra Costa,2021-03-14,4446,490531,2631,278399,1328,207435,487,4697,1688,137355,2747,178661,2174,316016,California
Contra Costa,2021-03-15,9534,500065,5180,283579,3590,211025,764,5461,4674,137950,4839,183500,5434,321450,California
Contra Costa,2021-03-16,14441,514506,8614,292193,5418,216443,409,5870,7071,138089,7340,190840,7479,328929,California
Contra Costa,2021-03-17,15196,529702,10506,302699,4465,220908,225,6095,8451,140054,6716,197556,8681,337610,California
Contra Costa,2021-03-18,15542,545244,8683,311382,6378,227286,481,6576,8550,142129,6953,204509,9028,346638,California
Contra Costa,2021-03-19,15761,561005,9115,320497,5232,232518,1414,7990,8113,144028,7629,212138,9528,356166,California
Contra Costa,2021-03-20,10793,571798,6477,326974,4001,236519,315,8305,5076,143728,5691,217829,5391,361557,California
Contra Costa,2021-03-21,4601,576399,4027,331001,475,236994,99,8404,1776,142789,2813,220642,1874,363431,California
Contra Costa,2021-03-22,11727,588126,8842,339843,2625,239619,260,8664,6805,144948,4902,225544,7061,370492,California
Contra Costa,2021-03-23,15782,603908,10899,350742,4711,244330,172,8836,9040,147447,6713,232257,9212,379704,California
Contra Costa,2021-03-24,15121,619029,11785,362527,3122,247452,214,9050,9104,150786,5981,238238,9320,389024,California
Contra Costa,2021-03-25,15444,634473,12037,374564,3113,250565,294,9344,9406,154484,5998,244236,9696,398720,California
Contra Costa,2021-03-26,15152,649625,10865,385429,3883,254448,404,9748,8680,157124,6439,250675,9079,407799,California
Contra Costa,2021-03-27,10577,660202,6874,392303,3192,257640,511,10259,5602,158266,4963,255638,6105,413904,California
Contra Costa,2021-03-28,4256,664458,3039,395342,1163,258803,54,10313,1614,157306,2628,258266,1668,415572,California
Contra Costa,2021-03-29,10947,675405,8544,403886,2288,261091,115,10428,6939,160376,3987,262253,7057,422629,California
Contra Costa,2021-03-30,16868,692273,9234,413120,6276,267367,1358,11786,10387,165657,6454,268707,11735,434364,California
Contra Costa,2021-03-31,18112,710385,12669,425789,3999,271366,1444,13230,11377,171778,6684,275391,12805,447169,California
Contra Costa,2021-04-01,17652,728037,12307,438096,3949,275315,1396,14626,11409,178374,6196,281587,12792,459961,California
Contra Costa,2021-04-02,17542,745579,12908,451004,3602,278917,1032,15658,11616,185100,5914,287501,12640,472601,California
Contra Costa,2021-04-03,10908,756487,6509,457513,2846,281763,1553,17211,6211,188177,4681,292182,7758,480359,California
Contra Costa,2021-04-04,3364,759851,1334,458847,1427,283190,603,17814,849,187119,2507,294689,1449,481808,California
Contra Costa,2021-04-05,12149,772000,7913,466760,3247,286437,989,18803,6577,189127,5557,300246,7565,489373,California
Contra Costa,2021-04-06,17392,789392,12035,478795,3058,289495,2299,21102,9735,193519,7635,307881,12027,501400,California
Contra Costa,2021-04-07,18659,808051,12626,491421,3207,292702,2826,23928,10561,198865,8070,315951,13416,514816,California
Contra Costa,2021-04-08,18737,826788,12482,503903,3328,296030,2927,26855,10035,203141,8672,324623,12948,527764,California
Contra Costa,2021-04-09,18922,845710,12073,515976,4338,300368,2511,29366,10101,206954,8789,333412,12602,540366,California
Contra Costa,2021-04-10,10610,856320,3851,519827,2193,302561,4566,33932,3328,207564,7260,340672,7870,548236,California
Contra Costa,2021-04-11,3370,859690,2008,521835,695,303256,667,34599,1131,207127,2233,342905,1796,550032,California
Contra Costa,2021-04-12,12030,871720,7930,529765,3016,306272,1084,35683,5650,207503,6362,349267,6738,556770,California
Contra Costa,2021-04-13,17969,889689,11026,540791,6935,313207,8,35691,11979,213535,5960,355227,11992,568762,California
Contra Costa,2021-04-14,17791,907480,11183,551974,6607,319814,1,35692,9882,215538,7884,363111,9887,578649,California
Contra Costa,2021-04-15,17591,925071,10792,562766,6798,326612,1,35693,8148,214301,9410,372521,8173,586822,California
Contra Costa,2021-04-16,17024,942095,10596,573362,6427,333039,1,35694,7688,212690,9308,381829,7697,594519,California
Contra Costa,2021-04-17,11596,953691,6360,579722,5236,338275,0,35694,6263,213648,5312,387141,6270,600789,California
Contra Costa,2021-04-18,2939,956630,2294,582016,645,338920,0,35694,1860,214439,1069,388210,1860,602649,California
Contra Costa,2021-04-19,11520,968150,8599,590615,2921,341841,0,35694,3670,210292,7821,396031,3674,606323,California
Contra Costa,2021-04-20,17045,985195,11112,601727,5933,347774,0,35694,6452,206192,10557,406588,6457,612780,California
Contra Costa,2021-04-21,17862,1003057,14598,616325,3263,351037,1,35695,6431,201251,11381,417969,6440,619220,California
Contra Costa,2021-04-22,17465,1020522,14154,630479,3309,354346,2,35697,6212,196263,11211,429180,6223,625443,California
Contra Costa,2021-04-23,17208,1037730,13698,644177,3508,357854,2,35699,5566,190236,11604,440784,5577,631020,California
Contra Costa,2021-04-24,10965,1048695,8452,652629,2512,360366,1,35700,4208,187718,6730,447514,4212,635232,California
Contra Costa,2021-04-25,3290,1051985,2220,654849,1068,361434,2,35702,2075,188585,1214,448728,2081,637313,California
Contra Costa,2021-04-26,10135,1062120,8461,663310,1650,363084,24,35726,3068,184646,7044,455772,3105,640418,California
Contra Costa,2021-04-27,14762,1076882,10796,674106,3788,366872,178,35904,4042,178182,10693,466465,4229,644647,California
Contra Costa,2021-04-28,14342,1091224,11179,685285,2876,369748,287,36191,3854,171882,10447,476912,4147,648794,California
Contra Costa,2021-04-29,13575,1104799,10525,695810,2881,372629,169,36360,3277,165069,10265,487177,3452,652246,California
Contra Costa,2021-04-30,13851,1118650,10905,706715,2688,375317,258,36618,3204,157925,10612,497789,3468,655714,California
Contra Costa,2021-05-01,8052,1126702,5851,712566,1879,377196,322,36940,1917,154056,6109,503898,2240,657954,California
Contra Costa,2021-05-02,2337,1129039,1588,714154,669,377865,80,37020,985,153782,1339,505237,1065,659019,California
Contra Costa,2021-05-03,9135,1138174,8016,722170,943,378808,176,37196,1930,148706,7185,512422,2109,661128,California
Contra Costa,2021-05-04,14212,1152386,12274,734444,1608,380416,330,37526,2310,139475,11871,524293,2640,663768,California
Contra Costa,2021-05-05,12663,1165049,10929,745373,1531,381947,203,37729,2442,131931,10189,534482,2645,666413,California
Contra Costa,2021-05-06,10373,1175422,8619,753992,1417,383364,337,38066,1970,125868,8378,542860,2315,668728,California
Contra Costa,2021-05-07,9702,1185124,7802,761794,1676,385040,224,38290,2234,120889,7433,550293,2454,671182,California
Contra Costa,2021-05-08,5418,1190542,4102,765896,1148,386188,168,38458,1311,118281,4091,554384,1483,672665,California
Contra Costa,2021-05-09,2149,1192691,1820,767716,270,386458,59,38517,448,117097,1693,556077,509,673174,California
Contra Costa,2021-05-10,4975,1197666,3987,771703,768,387226,220,38737,1337,115035,3617,559694,1555,674729,California
Contra Costa,2021-05-11,8896,1206562,4693,776396,3964,391190,239,38976,1775,109954,7101,566795,2020,676749,California
Contra Costa,2021-05-12,9287,1215849,4792,781188,4228,395418,267,39243,1594,104156,7665,574460,1867,678616,California
Contra Costa,2021-05-13,11808,1227657,7886,789074,3735,399153,187,39430,4235,101034,7546,582006,4424,683040,California
Contra Costa,2021-05-14,12293,1239950,8214,797288,3794,402947,285,39715,5028,99109,7236,589242,5311,688351,California
Contra Costa,2021-05-15,10040,1249990,7288,804576,2634,405581,118,39833,4417,98043,5603,594845,4537,692888,California
Contra Costa,2021-05-16,2644,1252634,2322,806898,271,405852,51,39884,1222,97899,1416,596261,1272,694160,California
Contra Costa,2021-05-17,7137,1259771,5760,812658,1200,407052,177,40061,3558,98078,3558,599819,3737,697897,California
Contra Costa,2021-05-18,10256,1270027,7020,819678,3018,410070,218,40279,4442,96958,5783,605602,4663,702560,California
Contra Costa,2021-05-19,8505,1278532,6870,826548,1439,411509,196,40475,3835,96346,4647,610249,4035,706595,California
Contra Costa,2021-05-20,7207,1285739,5685,832233,1335,412844,187,40662,3329,96014,3848,614097,3516,710111,California
Contra Costa,2021-05-21,7095,1292834,5433,837666,1450,414294,212,40874,3208,95573,3858,617955,3417,713528,California
Contra Costa,2021-05-22,5151,1297985,4072,841738,900,415194,179,41053,2516,95653,2612,620567,2692,716220,California
Contra Costa,2021-05-23,1287,1299272,858,842596,371,415565,58,41111,609,95649,670,621237,666,716886,California
Contra Costa,2021-05-24,4747,1304019,3930,846526,640,416205,177,41288,2231,95558,2503,623740,2412,719298,California
Contra Costa,2021-05-25,6285,1310304,5111,851637,923,417128,251,41539,2636,94814,3630,627370,2886,722184,California
Contra Costa,2021-05-26,5636,1315940,3622,855259,1825,418953,189,41728,1941,93270,3673,631043,2129,724313,California
Contra Costa,2021-05-27,3814,1319754,2701,857960,936,419889,177,41905,1601,92848,2197,633240,1775,726088,California
Contra Costa,2021-05-28,5356,1325110,3744,861704,1441,421330,171,42076,2232,92148,3099,636339,2399,728487,California
Contra Costa,2021-05-29,3298,1328408,2148,863852,1033,422363,117,42193,1634,92246,1653,637992,1751,730238,California
Contra Costa,2021-05-30,936,1329344,591,864443,316,422679,29,42222,347,92035,587,638579,376,730614,California
Contra Costa,2021-05-31,390,1329734,270,864713,108,422787,12,42234,127,91915,258,638837,138,730752,California
Contra Costa,2021-06-01,4805,1334539,3575,868288,1084,423871,146,42380,1660,90593,3128,641965,1806,732558,California
Contra Costa,2021-06-02,3443,1337982,2440,870728,859,424730,144,42524,1409,90122,2023,643988,1552,734110,California
Contra Costa,2021-06-03,5443,1343425,4537,875265,791,425521,115,42639,1408,87616,4029,648017,1523,735633,California
Contra Costa,2021-06-04,6398,1349823,5362,880627,897,426418,139,42778,1584,84540,4796,652813,1720,737353,California
Contra Costa,2021-06-05,5219,1355042,4427,885054,680,427098,112,42890,1080,81603,4126,656939,1189,738542,California
Contra Costa,2021-06-06,1366,1356408,1193,886247,143,427241,30,42920,323,80916,1040,657979,353,738895,California
Contra Costa,2021-06-07,4944,1361352,4351,890598,493,427734,100,43020,1353,78790,3580,661559,1454,740349,California
Contra Costa,2021-06-08,6102,1367454,5262,895860,717,428451,123,43143,1412,75653,4672,666231,1535,741884,California
Contra Costa,2021-06-09,4874,1372328,4156,900016,570,429021,148,43291,1254,73452,3601,669832,1400,743284,California
Contra Costa,2021-06-10,4798,1377126,4032,904048,597,429618,169,43460,1232,71303,3550,673382,1401,744685,California
Contra Costa,2021-06-11,4852,1381978,3978,908026,676,430294,198,43658,1275,69213,3562,676944,1472,746157,California
Contra Costa,2021-06-12,3180,1385158,2699,910725,414,430708,67,43725,720,67550,2448,679392,785,746942,California
Contra Costa,2021-06-13,1152,1386310,859,911584,185,430893,108,43833,287,67087,858,680250,395,747337,California
Contra Costa,2021-06-14,3918,1390228,3312,914896,477,431370,129,43962,1140,65592,2761,683011,1266,748603,California
Contra Costa,2021-06-15,4185,1394413,3490,918386,535,431905,160,44122,1317,64211,2858,685869,1477,750080,California
Contra Costa,2021-06-16,3484,1397897,2837,921223,459,432364,188,44310,1207,63346,2258,688127,1393,751473,California
Contra Costa,2021-06-17,2777,1400674,2273,923496,377,432741,127,44437,1055,62812,1714,689841,1180,752653,California
Contra Costa,2021-06-18,3692,1404366,3039,926535,462,433203,191,44628,1325,61971,2355,692196,1514,754167,California
Contra Costa,2021-06-19,2040,1406406,1704,928239,232,433435,104,44732,574,61188,1462,693658,679,754846,California
Contra Costa,2021-06-20,790,1407196,663,928902,98,433533,29,44761,333,61096,453,694111,361,755207,California
Contra Costa,2021-06-21,1820,1409016,1381,930283,280,433813,159,44920,977,61395,835,694946,1134,756341,California
Contra Costa,2021-06-22,3044,1412060,2578,932861,325,434138,141,45061,1186,60877,1844,696790,1326,757667,California
Contra Costa,2021-06-23,2563,1414623,2131,934992,330,434468,102,45163,1028,60480,1527,698317,1130,758797,California
Contra Costa,2021-06-24,2357,1416980,1980,936972,248,434716,129,45292,944,60152,1399,699716,1071,759868,California
Contra Costa,2021-06-25,2773,1419753,2259,939231,358,435074,156,45448,1127,59796,1641,701357,1285,761153,California
Contra Costa,2021-06-26,1477,1421230,1210,940441,170,435244,97,45545,478,59374,997,702354,575,761728,California
Contra Costa,2021-06-27,690,1421920,602,941043,66,435310,22,45567,272,59252,416,702770,294,762022,California
Contra Costa,2021-06-28,2351,1424271,2025,943068,177,435487,149,45716,844,58750,1494,704264,992,763014,California
Contra Costa,2021-06-29,2536,1426807,2112,945180,293,435780,131,45847,974,58303,1549,705813,1102,764116,California
Contra Costa,2021-06-30,2184,1428991,1788,946968,298,436078,98,45945,887,58002,1284,707097,983,765099,California
Contra Costa,2021-07-01,2078,1431069,1745,948713,226,436304,107,46052,840,57724,1228,708325,950,766049,California
Contra Costa,2021-07-02,2185,1433254,1782,950495,303,436607,100,46152,907,57463,1268,709593,1007,767056,California
Contra Costa,2021-07-03,1057,1434311,865,951360,133,436740,59,46211,426,57322,625,710218,484,767540,California
Contra Costa,2021-07-04,51,1434362,18,951378,18,436758,15,46226,18,57322,33,710251,33,767573,California
Contra Costa,2021-07-05,824,1435186,677,952055,107,436865,40,46266,395,57331,426,710677,435,768008,California
Contra Costa,2021-07-06,2622,1437808,2222,954277,270,437135,130,46396,871,56595,1735,712412,999,769007,California
Contra Costa,2021-07-07,2001,1439809,1673,955950,220,437355,108,46504,770,56249,1221,713633,875,769882,California
Contra Costa,2021-07-08,1749,1441558,1483,957433,186,437541,80,46584,723,56036,1016,714649,803,770685,California
Contra Costa,2021-07-09,2121,1443679,1709,959142,304,437845,108,46692,854,55738,1258,715907,960,771645,California
Contra Costa,2021-07-10,778,1444457,655,959797,103,437948,20,46712,321,55625,453,716360,340,771985,California
Contra Costa,2021-07-11,647,1445104,447,960244,119,438067,81,46793,261,55583,384,716744,342,772327,California
Contra Costa,2021-07-12,1658,1446762,1441,961685,158,438225,59,46852,633,55257,1017,717761,691,773018,California
Del Norte,2020-12-21,23,23,23,23,0,0,0,0,23,23,0,0,23,23,California
Del Norte,2020-12-22,46,69,46,69,0,0,0,0,46,69,0,0,46,69,California
Del Norte,2020-12-23,59,128,48,117,11,11,0,0,57,126,0,0,57,126,California
Del Norte,2020-12-28,34,162,34,151,0,11,0,0,34,160,0,0,34,160,California
Del Norte,2020-12-29,4,166,4,155,0,11,0,0,4,164,0,0,4,164,California
Del Norte,2020-12-30,67,233,55,210,12,23,0,0,68,232,0,0,68,232,California
Del Norte,2020-12-31,16,249,13,223,3,26,0,0,16,248,0,0,16,248,California
Del Norte,2021-01-04,103,352,50,273,53,79,0,0,103,351,0,0,103,351,California
Del Norte,2021-01-05,32,384,0,273,32,111,0,0,32,383,0,0,32,383,California
Del Norte,2021-01-06,77,461,18,291,59,170,0,0,77,460,0,0,77,460,California
Del Norte,2021-01-07,21,482,1,292,20,190,0,0,21,481,0,0,21,481,California
Del Norte,2021-01-08,77,559,7,299,70,260,0,0,77,558,0,0,77,558,California
Del Norte,2021-01-11,40,599,21,320,19,279,0,0,18,555,22,22,19,577,California
Del Norte,2021-01-12,52,651,33,353,19,298,0,0,31,565,21,43,31,608,California
Del Norte,2021-01-13,86,737,40,393,46,344,0,0,53,585,33,76,53,661,California
Del Norte,2021-01-14,54,791,14,407,40,384,0,0,48,627,6,82,48,709,California
Del Norte,2021-01-15,107,898,18,425,89,473,0,0,95,710,12,94,95,804,California
Del Norte,2021-01-17,1,899,1,426,0,473,0,0,1,711,0,94,1,805,California
Del Norte,2021-01-18,2,901,0,426,2,475,0,0,2,713,0,94,2,807,California
Del Norte,2021-01-19,118,1019,56,482,62,537,0,0,76,747,42,136,76,883,California
Del Norte,2021-01-20,161,1180,86,568,75,612,0,0,98,782,63,199,98,981,California
Del Norte,2021-01-21,43,1223,40,608,3,615,0,0,32,803,11,210,32,1013,California
Del Norte,2021-01-22,19,1242,17,625,2,617,0,0,12,808,7,217,12,1025,California
Del Norte,2021-01-23,1,1243,0,625,1,618,0,0,1,809,0,217,1,1026,California
Del Norte,2021-01-24,1,1244,0,625,1,619,0,0,1,810,0,217,1,1027,California
Del Norte,2021-01-25,101,1345,83,708,18,637,0,0,56,821,45,262,56,1083,California
Del Norte,2021-01-26,18,1363,11,719,7,644,0,0,7,817,11,273,7,1090,California
Del Norte,2021-01-27,64,1427,21,740,43,687,0,0,61,875,3,276,61,1151,California
Del Norte,2021-01-28,293,1720,20,760,273,960,0,0,288,1158,5,281,288,1439,California
Del Norte,2021-01-29,64,1784,23,783,41,1001,0,0,44,1182,20,301,44,1483,California
Del Norte,2021-01-30,8,1792,1,784,7,1008,0,0,8,1190,0,301,8,1491,California
Del Norte,2021-02-01,41,1833,1,785,40,1048,0,0,26,1201,15,316,26,1517,California
Del Norte,2021-02-02,142,1975,33,818,109,1157,0,0,72,1206,68,384,73,1590,California
Del Norte,2021-02-03,129,2104,42,860,87,1244,0,0,74,1225,55,439,74,1664,California
Del Norte,2021-02-04,70,2174,28,888,42,1286,0,0,41,1236,30,469,41,1705,California
Del Norte,2021-02-05,183,2357,21,909,162,1448,0,0,118,1290,64,533,118,1823,California
Del Norte,2021-02-06,311,2668,5,914,306,1754,0,0,311,1601,0,533,311,2134,California
Del Norte,2021-02-07,2,2670,1,915,1,1755,0,0,2,1603,0,533,2,2136,California
Del Norte,2021-02-08,35,2705,1,916,34,1789,0,0,31,1630,4,537,31,2167,California
Del Norte,2021-02-09,8,2713,5,921,3,1792,0,0,2,1626,6,543,2,2169,California
Del Norte,2021-02-10,143,2856,20,941,123,1915,0,0,85,1654,57,600,85,2254,California
Del Norte,2021-02-11,178,3034,59,1000,119,2034,0,0,64,1604,114,714,64,2318,California
Del Norte,2021-02-12,123,3157,14,1014,109,2143,0,0,69,1619,54,768,69,2387,California
Del Norte,2021-02-13,2,3159,1,1015,1,2144,0,0,2,1621,0,768,2,2389,California
Del Norte,2021-02-14,3,3162,1,1016,2,2146,0,0,2,1622,1,769,2,2391,California
Del Norte,2021-02-15,5,3167,0,1016,5,2151,0,0,3,1623,2,771,3,2394,California
Del Norte,2021-02-16,131,3298,1,1017,130,2281,0,0,13,1518,118,889,13,2407,California
Del Norte,2021-02-17,93,3391,20,1037,73,2354,0,0,25,1476,67,956,25,2432,California
Del Norte,2021-02-18,77,3468,24,1061,53,2407,0,0,51,1501,26,982,51,2483,California
Del Norte,2021-02-19,43,3511,17,1078,26,2433,0,0,33,1524,10,992,33,2516,California
Del Norte,2021-02-20,9,3520,6,1084,3,2436,0,0,6,1527,3,995,6,2522,California
Del Norte,2021-02-21,1,3521,0,1084,1,2437,0,0,0,1526,1,996,0,2522,California
Del Norte,2021-02-22,2,3523,0,1084,2,2439,0,0,2,1528,0,996,2,2524,California
Del Norte,2021-02-23,112,3635,93,1177,19,2458,0,0,34,1485,77,1073,34,2558,California
Del Norte,2021-02-24,157,3792,101,1278,56,2514,0,0,82,1492,75,1148,82,2640,California
Del Norte,2021-02-25,488,4280,138,1416,350,2864,0,0,221,1448,265,1413,221,2861,California
Del Norte,2021-02-26,213,4493,176,1592,37,2901,0,0,166,1567,47,1460,166,3027,California
Del Norte,2021-02-27,149,4642,143,1735,5,2906,1,1,140,1699,9,1469,141,3168,California
Del Norte,2021-02-28,4,4646,1,1736,3,2909,0,1,3,1701,1,1470,3,3171,California
Del Norte,2021-03-01,29,4675,2,1738,27,2936,0,1,4,1681,24,1494,4,3175,California
Del Norte,2021-03-02,222,4897,142,1880,80,3016,0,1,188,1835,34,1528,188,3363,California
Del Norte,2021-03-03,177,5074,107,1987,70,3086,0,1,135,1928,42,1570,135,3498,California
Del Norte,2021-03-04,122,5196,84,2071,38,3124,0,1,92,1991,29,1599,92,3590,California
Del Norte,2021-03-05,124,5320,11,2082,113,3237,0,1,74,2015,50,1649,74,3664,California
Del Norte,2021-03-06,466,5786,77,2159,340,3577,49,50,164,1884,302,1951,171,3835,California
Del Norte,2021-03-07,2,5788,1,2160,1,3578,0,50,1,1884,1,1952,1,3836,California
Del Norte,2021-03-08,29,5817,1,2161,26,3604,2,52,6,1870,22,1974,8,3844,California
Del Norte,2021-03-09,194,6011,113,2274,78,3682,3,55,183,2045,11,1985,186,4030,California
Del Norte,2021-03-10,237,6248,96,2370,112,3794,29,84,134,2105,103,2088,163,4193,California
Del Norte,2021-03-11,151,6399,55,2425,91,3885,5,89,103,2165,48,2136,108,4301,California
Del Norte,2021-03-12,178,6577,88,2513,90,3975,0,89,124,2236,53,2189,124,4425,California
Del Norte,2021-03-13,94,6671,93,2606,1,3976,0,89,91,2324,3,2192,91,4516,California
Del Norte,2021-03-14,1,6672,0,2606,1,3977,0,89,1,2324,1,2193,1,4517,California
Del Norte,2021-03-15,38,6710,0,2606,38,4015,0,89,34,2354,4,2197,34,4551,California
Del Norte,2021-03-16,282,6992,135,2741,147,4162,0,89,258,2588,24,2221,258,4809,California
Del Norte,2021-03-17,284,7276,95,2836,187,4349,2,91,169,2644,115,2336,171,4980,California
Del Norte,2021-03-18,284,7560,107,2943,175,4524,2,93,143,2649,140,2476,145,5125,California
Del Norte,2021-03-19,270,7830,160,3103,104,4628,6,99,92,2569,178,2654,98,5223,California
Del Norte,2021-03-20,156,7986,153,3256,3,4631,0,99,15,2443,141,2795,15,5238,California
Del Norte,2021-03-21,4,7990,2,3258,2,4633,0,99,2,2443,2,2797,2,5240,California
Del Norte,2021-03-22,43,8033,3,3261,39,4672,1,100,39,2480,3,2800,40,5280,California
Del Norte,2021-03-23,335,8368,164,3425,153,4825,18,118,164,2492,169,2969,181,5461,California
Del Norte,2021-03-24,398,8766,107,3532,251,5076,40,158,229,2592,169,3138,269,5730,California
Del Norte,2021-03-25,193,8959,88,3620,105,5181,0,158,85,2570,107,3245,85,5815,California
Del Norte,2021-03-26,234,9193,113,3733,121,5302,0,158,197,2730,37,3282,197,6012,California
Del Norte,2021-03-27,107,9300,86,3819,4,5306,17,175,17,2674,90,3372,34,6046,California
Del Norte,2021-03-28,4,9304,2,3821,2,5308,0,175,1,2672,3,3375,1,6047,California
Del Norte,2021-03-29,57,9361,6,3827,34,5342,17,192,32,2696,25,3400,49,6096,California
Del Norte,2021-03-30,338,9699,119,3946,208,5550,11,203,126,2621,212,3612,137,6233,California
Del Norte,2021-03-31,356,10055,101,4047,238,5788,17,220,199,2682,155,3767,216,6449,California
Del Norte,2021-04-01,164,10219,58,4105,72,5860,34,254,69,2691,94,3861,103,6552,California
Del Norte,2021-04-02,232,10451,78,4183,105,5965,49,303,49,2607,183,4044,99,6651,California
Del Norte,2021-04-03,108,10559,83,4266,2,5967,23,326,5,2533,102,4146,28,6679,California
Del Norte,2021-04-04,4,10563,0,4266,0,5967,4,330,0,2533,4,4150,4,6683,California
Del Norte,2021-04-05,46,10609,5,4271,37,6004,4,334,39,2569,7,4157,43,6726,California
Del Norte,2021-04-06,380,10989,119,4390,223,6227,38,372,146,2524,230,4387,185,6911,California
Del Norte,2021-04-07,439,11428,115,4505,262,6489,62,434,289,2726,150,4537,352,7263,California
Del Norte,2021-04-08,229,11657,54,4559,106,6595,69,503,105,2776,124,4661,174,7437,California
Del Norte,2021-04-09,206,11863,46,4605,83,6678,77,580,99,2844,106,4767,174,7611,California
Del Norte,2021-04-10,47,11910,26,4631,4,6682,17,597,27,2868,20,4787,44,7655,California
Del Norte,2021-04-11,12,11922,3,4634,2,6684,7,604,2,2867,10,4797,9,7664,California
Del Norte,2021-04-12,27,11949,1,4635,9,6693,17,621,1,2860,25,4822,18,7682,California
Del Norte,2021-04-13,299,12248,50,4685,249,6942,0,621,155,2871,144,4966,155,7837,California
Del Norte,2021-04-14,331,12579,23,4708,308,7250,0,621,139,2823,192,5158,144,7981,California
Del Norte,2021-04-15,164,12743,31,4739,133,7383,0,621,45,2750,119,5277,46,8027,California
Del Norte,2021-04-16,163,12906,40,4779,123,7506,0,621,60,2709,102,5379,61,8088,California
Del Norte,2021-04-17,108,13014,76,4855,32,7538,0,621,102,2805,6,5385,102,8190,California
Del Norte,2021-04-18,6,13020,5,4860,1,7539,0,621,5,2809,1,5386,5,8195,California
Del Norte,2021-04-19,51,13071,6,4866,45,7584,0,621,9,2776,42,5428,9,8204,California
Del Norte,2021-04-20,209,13280,40,4906,169,7753,0,621,74,2715,135,5563,74,8278,California
Del Norte,2021-04-21,292,13572,23,4929,269,8022,0,621,67,2560,225,5788,70,8348,California
Del Norte,2021-04-22,117,13689,16,4945,101,8123,0,621,63,2569,54,5842,63,8411,California
Del Norte,2021-04-23,155,13844,22,4967,133,8256,0,621,41,2496,114,5956,41,8452,California
Del Norte,2021-04-24,25,13869,14,4981,11,8267,0,621,20,2511,5,5961,20,8472,California
Del Norte,2021-04-25,2,13871,0,4981,2,8269,0,621,2,2513,0,5961,2,8474,California
Del Norte,2021-04-26,31,13902,0,4981,31,8300,0,621,9,2500,22,5983,9,8483,California
Del Norte,2021-04-27,181,14083,21,5002,155,8455,5,626,50,2425,131,6114,56,8539,California
Del Norte,2021-04-28,351,14434,100,5102,246,8701,5,631,63,2208,286,6400,69,8608,California
Del Norte,2021-04-29,94,14528,6,5108,84,8785,4,635,27,2172,67,6467,31,8639,California
Del Norte,2021-04-30,87,14615,7,5115,70,8855,10,645,47,2189,40,6507,57,8696,California
Del Norte,2021-05-01,7,14622,2,5117,5,8860,0,645,5,2192,2,6509,5,8701,California
Del Norte,2021-05-02,8,14630,0,5117,8,8868,0,645,8,2200,0,6509,8,8709,California
Del Norte,2021-05-03,39,14669,3,5120,33,8901,3,648,2,2169,36,6545,5,8714,California
Del Norte,2021-05-04,221,14890,36,5156,180,9081,5,653,46,2045,175,6720,51,8765,California
Del Norte,2021-05-05,234,15124,20,5176,206,9287,8,661,59,1938,174,6894,67,8832,California
Del Norte,2021-05-06,113,15237,26,5202,74,9361,13,674,26,1890,87,6981,39,8871,California
Del Norte,2021-05-07,151,15388,28,5230,119,9480,4,678,31,1805,120,7101,35,8906,California
Del Norte,2021-05-08,64,15452,54,5284,8,9488,2,680,6,1755,58,7159,8,8914,California
Del Norte,2021-05-09,11,15463,4,5288,4,9492,3,683,3,1753,8,7167,6,8920,California
Del Norte,2021-05-10,25,15488,3,5291,18,9510,4,687,15,1762,10,7177,19,8939,California
Del Norte,2021-05-11,177,15665,50,5341,125,9635,2,689,34,1655,143,7320,36,8975,California
Del Norte,2021-05-12,151,15816,23,5364,118,9753,10,699,27,1569,123,7443,37,9012,California
Del Norte,2021-05-13,68,15884,30,5394,37,9790,1,700,38,1578,30,7473,39,9051,California
Del Norte,2021-05-14,76,15960,26,5420,49,9839,1,701,41,1585,35,7508,42,9093,California
Del Norte,2021-05-15,96,16056,53,5473,37,9876,6,707,53,1601,43,7551,59,9152,California
Del Norte,2021-05-16,11,16067,0,5473,11,9887,0,707,11,1612,0,7551,11,9163,California
Del Norte,2021-05-17,26,16093,3,5476,20,9907,3,710,15,1619,11,7562,18,9181,California
Del Norte,2021-05-18,129,16222,69,5545,60,9967,0,710,81,1652,48,7610,81,9262,California
Del Norte,2021-05-19,97,16319,14,5559,66,10033,17,727,35,1641,62,7672,51,9313,California
Del Norte,2021-05-20,99,16418,31,5590,65,10098,3,730,39,1624,59,7731,42,9355,California
Del Norte,2021-05-21,81,16499,34,5624,44,10142,3,733,44,1634,37,7768,47,9402,California
Del Norte,2021-05-22,24,16523,8,5632,16,10158,0,733,11,1633,12,7780,11,9413,California
Del Norte,2021-05-23,14,16537,5,5637,9,10167,0,733,7,1633,7,7787,7,9420,California
Del Norte,2021-05-24,26,16563,9,5646,17,10184,0,733,17,1641,9,7796,17,9437,California
Del Norte,2021-05-25,47,16610,5,5651,36,10220,6,739,17,1637,27,7823,23,9460,California
Del Norte,2021-05-26,117,16727,36,5687,74,10294,7,746,54,1636,62,7885,61,9521,California
Del Norte,2021-05-27,72,16799,27,5714,41,10335,4,750,34,1636,38,7923,38,9559,California
Del Norte,2021-05-28,52,16851,7,5721,37,10372,8,758,8,1608,44,7967,16,9575,California
Del Norte,2021-05-29,8,16859,0,5721,4,10376,4,762,3,1610,5,7972,7,9582,California
Del Norte,2021-05-30,6,16865,0,5721,6,10382,0,762,1,1606,5,7977,1,9583,California
Del Norte,2021-05-31,4,16869,2,5723,2,10384,0,762,3,1608,1,7978,3,9586,California
Del Norte,2021-06-01,52,16921,6,5729,39,10423,7,769,11,1585,41,8019,18,9604,California
Del Norte,2021-06-02,83,17004,11,5740,67,10490,5,774,19,1545,64,8083,24,9628,California
Del Norte,2021-06-03,63,17067,36,5776,25,10515,2,776,28,1540,35,8118,30,9658,California
Del Norte,2021-06-04,70,17137,24,5800,41,10556,5,781,20,1515,50,8168,25,9683,California
Del Norte,2021-06-05,1,17138,0,5800,1,10557,0,781,0,1514,1,8169,0,9683,California
Del Norte,2021-06-06,10,17148,4,5804,4,10561,2,783,7,1520,3,8172,9,9692,California
Del Norte,2021-06-07,42,17190,9,5813,28,10589,5,788,15,1513,27,8199,20,9712,California
Del Norte,2021-06-08,112,17302,81,5894,26,10615,5,793,33,1472,79,8278,38,9750,California
Del Norte,2021-06-09,58,17360,11,5905,40,10655,7,800,16,1453,42,8320,23,9773,California
Del Norte,2021-06-10,56,17416,26,5931,23,10678,7,807,11,1427,44,8364,18,9791,California
Del Norte,2021-06-11,59,17475,23,5954,27,10705,9,816,13,1403,46,8410,22,9813,California
Del Norte,2021-06-12,17,17492,3,5957,11,10716,3,819,2,1393,15,8425,5,9818,California
Del Norte,2021-06-13,61,17553,43,6000,13,10729,5,824,13,1363,48,8473,18,9836,California
Del Norte,2021-06-14,37,17590,15,6015,18,10747,4,828,15,1361,21,8494,19,9855,California
Del Norte,2021-06-15,38,17628,9,6024,21,10768,8,836,5,1341,33,8527,13,9868,California
Del Norte,2021-06-16,97,17725,36,6060,50,10818,11,847,22,1299,75,8602,33,9901,California
Del Norte,2021-06-17,30,17755,12,6072,15,10833,3,850,5,1282,25,8627,8,9909,California
Del Norte,2021-06-18,48,17803,22,6094,21,10854,5,855,19,1277,29,8656,24,9933,California
Del Norte,2021-06-19,11,17814,0,6094,7,10861,4,859,3,1276,8,8664,7,9940,California
Del Norte,2021-06-20,13,17827,9,6103,4,10865,0,859,8,1279,5,8669,8,9948,California
Del Norte,2021-06-21,23,17850,8,6111,10,10875,5,864,9,1279,14,8683,14,9962,California
Del Norte,2021-06-22,39,17889,9,6120,19,10894,11,875,14,1279,25,8708,25,9987,California
Del Norte,2021-06-23,68,17957,32,6152,30,10924,6,881,31,1280,36,8744,37,10024,California
Del Norte,2021-06-24,47,18004,27,6179,13,10937,7,888,17,1274,30,8774,24,10048,California
Del Norte,2021-06-25,28,18032,14,6193,12,10949,2,890,13,1274,15,8789,15,10063,California
Del Norte,2021-06-26,5,18037,0,6193,5,10954,0,890,2,1273,3,8792,2,10065,California
Del Norte,2021-06-27,9,18046,4,6197,5,10959,0,890,6,1276,3,8795,6,10071,California
Del Norte,2021-06-28,13,18059,6,6203,5,10964,2,892,7,1279,6,8801,9,10080,California
Del Norte,2021-06-29,55,18114,40,6243,12,10976,3,895,19,1265,36,8837,22,10102,California
Del Norte,2021-06-30,35,18149,17,6260,13,10989,5,900,11,1257,24,8861,16,10118,California
Del Norte,2021-07-01,21,18170,8,6268,9,10998,4,904,7,1254,14,8875,11,10129,California
Del Norte,2021-07-02,19,18189,7,6275,11,11009,1,905,6,1248,13,8888,7,10136,California
Del Norte,2021-07-03,3,18192,2,6277,1,11010,0,905,2,1249,1,8889,2,10138,California
Del Norte,2021-07-04,6,18198,5,6282,1,11011,0,905,2,1247,4,8893,2,10140,California
Del Norte,2021-07-05,10,18208,6,6288,4,11015,0,905,2,1241,8,8901,2,10142,California
Del Norte,2021-07-06,29,18237,15,6303,13,11028,1,906,16,1246,12,8913,17,10159,California
Del Norte,2021-07-07,48,18285,21,6324,22,11050,5,911,18,1239,30,8943,23,10182,California
Del Norte,2021-07-08,26,18311,10,6334,14,11064,2,913,11,1238,14,8957,13,10195,California
Del Norte,2021-07-09,21,18332,10,6344,10,11074,1,914,8,1234,13,8970,9,10204,California
Del Norte,2021-07-10,7,18339,3,6347,4,11078,0,914,3,1233,4,8974,3,10207,California
Del Norte,2021-07-11,5,18344,4,6351,1,11079,0,914,3,1234,2,8976,3,10210,California
Del Norte,2021-07-12,13,18357,5,6356,7,11086,1,915,5,1232,8,8984,6,10216,California
El Dorado,2020-12-15,12,12,12,12,0,0,0,0,12,12,0,0,12,12,California
El Dorado,2020-12-16,40,52,40,52,0,0,0,0,40,52,0,0,40,52,California
El Dorado,2020-12-17,35,87,35,87,0,0,0,0,35,87,0,0,35,87,California
El Dorado,2020-12-18,263,350,263,350,0,0,0,0,263,350,0,0,263,350,California
El Dorado,2020-12-19,119,469,119,469,0,0,0,0,119,469,0,0,119,469,California
El Dorado,2020-12-20,87,556,87,556,0,0,0,0,87,556,0,0,87,556,California
El Dorado,2020-12-21,313,869,312,868,1,1,0,0,313,869,0,0,313,869,California
El Dorado,2020-12-22,242,1111,218,1086,24,25,0,0,242,1111,0,0,242,1111,California
El Dorado,2020-12-23,190,1301,141,1227,49,74,0,0,190,1301,0,0,190,1301,California
El Dorado,2020-12-24,87,1388,66,1293,21,95,0,0,87,1388,0,0,87,1388,California
El Dorado,2020-12-25,8,1396,8,1301,0,95,0,0,8,1396,0,0,8,1396,California
El Dorado,2020-12-26,45,1441,27,1328,18,113,0,0,45,1441,0,0,45,1441,California
El Dorado,2020-12-27,38,1479,34,1362,4,117,0,0,38,1479,0,0,38,1479,California
El Dorado,2020-12-28,217,1696,168,1530,49,166,0,0,217,1696,0,0,217,1696,California
El Dorado,2020-12-29,463,2159,145,1675,318,484,0,0,463,2159,0,0,463,2159,California
El Dorado,2020-12-30,511,2670,140,1815,371,855,0,0,511,2670,0,0,511,2670,California
El Dorado,2020-12-31,111,2781,70,1885,41,896,0,0,111,2781,0,0,111,2781,California
El Dorado,2021-01-01,7,2788,4,1889,3,899,0,0,7,2788,0,0,7,2788,California
El Dorado,2021-01-02,155,2943,142,2031,13,912,0,0,155,2943,0,0,155,2943,California
El Dorado,2021-01-03,96,3039,19,2050,77,989,0,0,96,3039,0,0,96,3039,California
El Dorado,2021-01-04,193,3232,62,2112,131,1120,0,0,193,3232,0,0,193,3232,California
El Dorado,2021-01-05,230,3462,74,2186,156,1276,0,0,211,3424,19,19,211,3443,California
El Dorado,2021-01-06,243,3705,169,2355,74,1350,0,0,176,3534,66,85,176,3619,California
El Dorado,2021-01-07,335,4040,138,2493,197,1547,0,0,258,3715,77,162,258,3877,California
El Dorado,2021-01-08,997,5037,516,3009,481,2028,0,0,770,4259,227,389,771,4648,California
El Dorado,2021-01-09,202,5239,163,3172,39,2067,0,0,130,4317,72,461,130,4778,California
El Dorado,2021-01-10,183,5422,133,3305,50,2117,0,0,110,4355,73,534,111,4889,California
El Dorado,2021-01-11,663,6085,294,3599,369,2486,0,0,463,4620,199,733,464,5353,California
El Dorado,2021-01-12,813,6898,428,4027,385,2871,0,0,560,4927,253,986,560,5913,California
El Dorado,2021-01-13,706,7604,301,4328,405,3276,0,0,541,5303,165,1151,541,6454,California
El Dorado,2021-01-14,804,8408,223,4551,581,3857,0,0,706,5912,97,1248,706,7160,California
El Dorado,2021-01-15,802,9210,189,4740,613,4470,0,0,728,6566,74,1322,728,7888,California
El Dorado,2021-01-16,218,9428,104,4844,114,4584,0,0,191,6730,27,1349,191,8079,California
El Dorado,2021-01-17,107,9535,50,4894,57,4641,0,0,89,6801,18,1367,89,8168,California
El Dorado,2021-01-18,428,9963,144,5038,284,4925,0,0,355,7083,73,1440,355,8523,California
El Dorado,2021-01-19,756,10719,453,5491,303,5228,0,0,605,7538,151,1591,606,9129,California
El Dorado,2021-01-20,1015,11734,694,6185,321,5549,0,0,900,8324,114,1705,900,10029,California
El Dorado,2021-01-21,1273,13007,683,6868,590,6139,0,0,1064,9220,168,1873,1064,11093,California
El Dorado,2021-01-22,1249,14256,845,7713,404,6543,0,0,1185,10342,63,1936,1185,12278,California
El Dorado,2021-01-23,884,15140,625,8338,259,6802,0,0,767,10992,117,2053,767,13045,California
El Dorado,2021-01-24,132,15272,80,8418,52,6854,0,0,112,11084,20,2073,112,13157,California
El Dorado,2021-01-25,700,15972,291,8709,409,7263,0,0,612,11608,88,2161,612,13769,California
El Dorado,2021-01-26,689,16661,372,9081,317,7580,0,0,582,12083,107,2268,582,14351,California
El Dorado,2021-01-27,1003,17664,396,9477,607,8187,0,0,664,12407,340,2608,664,15015,California
El Dorado,2021-01-28,1118,18782,455,9932,663,8850,0,0,755,12799,363,2971,755,15770,California
El Dorado,2021-01-29,1051,19833,557,10489,494,9344,0,0,756,13262,294,3265,757,16527,California
El Dorado,2021-01-30,841,20674,294,10783,547,9891,0,0,742,13906,98,3363,742,17269,California
El Dorado,2021-01-31,243,20917,219,11002,24,9915,0,0,188,14039,55,3418,188,17457,California
El Dorado,2021-02-01,808,21725,368,11370,440,10355,0,0,657,14545,151,3569,657,18114,California
El Dorado,2021-02-02,850,22575,369,11739,481,10836,0,0,686,15067,164,3733,686,18800,California
El Dorado,2021-02-03,912,23487,480,12219,432,11268,0,0,699,15553,213,3946,699,19499,California
El Dorado,2021-02-04,1256,24743,711,12930,545,11813,0,0,876,16051,378,4324,876,20375,California
El Dorado,2021-02-05,1511,26254,615,13545,896,12709,0,0,876,16329,598,4922,876,21251,California
El Dorado,2021-02-06,1089,27343,333,13878,756,13465,0,0,979,17199,110,5032,980,22231,California
El Dorado,2021-02-07,265,27608,181,14059,84,13549,0,0,198,17330,67,5099,198,22429,California
El Dorado,2021-02-08,890,28498,421,14480,469,14018,0,0,608,17658,280,5379,608,23037,California
El Dorado,2021-02-09,980,29478,550,15030,430,14448,0,0,544,17766,436,5815,544,23581,California
El Dorado,2021-02-10,1273,30751,744,15774,529,14977,0,0,671,17836,601,6416,671,24252,California
El Dorado,2021-02-11,2174,32925,896,16670,1278,16255,0,0,754,17174,1417,7833,755,25007,California
El Dorado,2021-02-12,1586,34511,832,17502,754,17009,0,0,674,16938,911,8744,675,25682,California
El Dorado,2021-02-13,1260,35771,675,18177,585,17594,0,0,660,17001,597,9341,660,26342,California
El Dorado,2021-02-14,492,36263,157,18334,335,17929,0,0,399,17307,93,9434,399,26741,California
El Dorado,2021-02-15,1181,37444,387,18721,794,18723,0,0,821,17772,360,9794,825,27566,California
El Dorado,2021-02-16,1212,38656,531,19252,681,19404,0,0,672,17906,539,10333,673,28239,California
El Dorado,2021-02-17,960,39616,425,19677,535,19939,0,0,464,17876,496,10829,466,28705,California
El Dorado,2021-02-18,2121,41737,1034,20711,1087,21026,0,0,1079,17916,1039,11868,1079,29784,California
El Dorado,2021-02-19,1240,42977,664,21375,576,21602,0,0,695,18068,543,12411,695,30479,California
El Dorado,2021-02-20,1099,44076,464,21839,635,22237,0,0,687,18350,406,12817,688,31167,California
El Dorado,2021-02-21,378,44454,244,22083,134,22371,0,0,182,18336,196,13013,182,31349,California
El Dorado,2021-02-22,924,45378,458,22541,466,22837,0,0,289,17993,632,13645,289,31638,California
El Dorado,2021-02-23,902,46280,511,23052,391,23228,0,0,365,17824,534,14179,365,32003,California
El Dorado,2021-02-24,1068,47348,465,23517,603,23831,0,0,443,17642,625,14804,443,32446,California
El Dorado,2021-02-25,1956,49304,1165,24682,791,24622,0,0,699,17097,1248,16052,703,33149,California
El Dorado,2021-02-26,2429,51733,1516,26198,913,25535,0,0,1619,17910,806,16858,1619,34768,California
El Dorado,2021-02-27,1747,53480,451,26649,1296,26831,0,0,1295,18756,449,17307,1295,36063,California
El Dorado,2021-02-28,970,54450,231,26880,739,27570,0,0,507,18802,462,17769,508,36571,California
El Dorado,2021-03-01,1174,55624,469,27349,703,28273,2,2,647,18925,526,18295,649,37220,California
El Dorado,2021-03-02,949,56573,274,27623,674,28947,1,3,497,18974,450,18745,499,37719,California
El Dorado,2021-03-03,1768,58341,474,28097,1294,30241,0,3,1206,19628,554,19299,1208,38927,California
El Dorado,2021-03-04,2538,60879,1557,29654,981,31222,0,3,1200,19497,1332,20631,1201,40128,California
El Dorado,2021-03-05,1595,62474,431,30085,1159,32381,5,8,1056,20025,533,21164,1061,41189,California
El Dorado,2021-03-06,747,63221,219,30304,495,32876,33,41,395,20103,350,21514,428,41617,California
El Dorado,2021-03-07,877,64098,197,30501,645,33521,35,76,245,19754,629,22143,280,41897,California
El Dorado,2021-03-08,1347,65445,378,30879,894,34415,75,151,862,20208,481,22624,935,42832,California
El Dorado,2021-03-09,1005,66450,231,31110,704,35119,70,221,597,20483,392,23016,667,43499,California
El Dorado,2021-03-10,980,67430,348,31458,576,35695,56,277,569,20702,405,23421,624,44123,California
El Dorado,2021-03-11,3056,70486,1851,33309,1017,36712,188,465,1295,20444,1738,25159,1480,45603,California
El Dorado,2021-03-12,1812,72298,627,33936,937,37649,248,713,753,20403,1042,26201,1001,46604,California
El Dorado,2021-03-13,1140,73438,348,34284,509,38158,283,996,437,20420,701,26902,718,47322,California
El Dorado,2021-03-14,1023,74461,207,34491,704,38862,112,1108,278,20066,744,27646,390,47712,California
El Dorado,2021-03-15,1410,75871,305,34796,979,39841,126,1234,612,20010,794,28440,738,48450,California
El Dorado,2021-03-16,1236,77107,424,35220,668,40509,144,1378,565,20054,665,29105,709,49159,California
El Dorado,2021-03-17,1162,78269,362,35582,702,41211,98,1476,753,20495,408,29513,849,50008,California
El Dorado,2021-03-18,3025,81294,1784,37366,1196,42407,45,1521,1979,21485,1034,30547,2024,52032,California
El Dorado,2021-03-19,1129,82423,364,37730,613,43020,152,1673,628,21766,498,31045,779,52811,California
El Dorado,2021-03-20,1089,83512,273,38003,801,43821,15,1688,505,21714,572,31617,520,53331,California
El Dorado,2021-03-21,1097,84609,424,38427,668,44489,5,1693,909,22443,185,31802,914,54245,California
El Dorado,2021-03-22,1518,86127,495,38922,940,45429,83,1776,1186,23386,326,32128,1269,55514,California
El Dorado,2021-03-23,1160,87287,458,39380,607,46036,95,1871,735,23803,413,32541,830,56344,California
El Dorado,2021-03-24,1467,88754,633,40013,640,46676,194,2065,657,23872,782,33323,851,57195,California
El Dorado,2021-03-25,2524,91278,1690,41703,727,47403,107,2172,1368,24201,1147,34470,1476,58671,California
El Dorado,2021-03-26,1831,93109,697,42400,1022,48425,112,2284,925,24358,881,35351,1038,59709,California
El Dorado,2021-03-27,1502,94611,189,42589,1308,49733,5,2289,489,23845,1007,36358,494,60203,California
El Dorado,2021-03-28,692,95303,182,42771,498,50231,12,2301,167,23503,521,36879,179,60382,California
El Dorado,2021-03-29,1325,96628,440,43211,869,51100,16,2317,829,23856,492,37371,845,61227,California
El Dorado,2021-03-30,1374,98002,419,43630,862,51962,93,2410,684,23950,682,38053,776,62003,California
El Dorado,2021-03-31,1576,99578,592,44222,918,52880,66,2476,663,23766,910,38963,726,62729,California
El Dorado,2021-04-01,3245,102823,1775,45997,1387,54267,83,2559,1539,23687,1702,40665,1623,64352,California
El Dorado,2021-04-02,1897,104720,567,46564,1234,55501,96,2655,744,23380,1147,41812,840,65192,California
El Dorado,2021-04-03,755,105475,298,46862,336,55837,121,2776,228,23205,523,42335,348,65540,California
El Dorado,2021-04-04,272,105747,84,46946,140,55977,48,2824,97,23176,174,42509,145,65685,California
El Dorado,2021-04-05,1426,107173,423,47369,909,56886,94,2918,589,23030,828,43337,682,66367,California
El Dorado,2021-04-06,1415,108588,525,47894,671,57557,219,3137,442,22720,968,44305,658,67025,California
El Dorado,2021-04-07,1593,110181,560,48454,581,58138,452,3589,545,22669,1045,45350,994,68019,California
El Dorado,2021-04-08,2696,112877,1723,50177,734,58872,239,3828,1112,22443,1575,46925,1349,69368,California
El Dorado,2021-04-09,1451,114328,456,50633,773,59645,222,4050,571,22353,877,47802,787,70155,California
El Dorado,2021-04-10,1016,115344,229,50862,674,60319,113,4163,658,22769,354,48156,770,70925,California
El Dorado,2021-04-11,774,116118,456,51318,302,60621,16,4179,208,22428,565,48721,224,71149,California
El Dorado,2021-04-12,1293,117411,504,51822,641,61262,148,4327,560,22409,726,49447,707,71856,California
El Dorado,2021-04-13,1126,118537,609,52431,517,61779,0,4327,508,22303,614,50061,508,72364,California
El Dorado,2021-04-14,1110,119647,468,52899,641,62420,1,4328,379,21968,715,50776,380,72744,California
El Dorado,2021-04-15,2532,122179,1696,54595,836,63256,0,4328,959,21360,1568,52344,960,73704,California
El Dorado,2021-04-16,1470,123649,522,55117,948,64204,0,4328,605,21108,858,53202,606,74310,California
El Dorado,2021-04-17,1009,124658,203,55320,805,65009,1,4329,706,21514,300,53502,706,75016,California
El Dorado,2021-04-18,1209,125867,119,55439,1090,66099,0,4329,427,21162,779,54281,427,75443,California
El Dorado,2021-04-19,1744,127611,449,55888,1295,67394,0,4329,701,20825,1038,55319,701,76144,California
El Dorado,2021-04-20,1156,128767,401,56289,755,68149,0,4329,480,20635,671,55990,481,76625,California
El Dorado,2021-04-21,1244,130011,539,56828,701,68850,4,4333,638,20677,598,56588,640,77265,California
El Dorado,2021-04-22,2581,132592,1717,58545,864,69714,0,4333,1072,20245,1505,58093,1073,78338,California
El Dorado,2021-04-23,1436,134028,522,59067,914,70628,0,4333,724,20262,709,58802,726,79064,California
El Dorado,2021-04-24,1045,135073,520,59587,525,71153,0,4333,805,20829,238,59040,805,79869,California
El Dorado,2021-04-25,831,135904,449,60036,382,71535,0,4333,475,20948,356,59396,475,80344,California
El Dorado,2021-04-26,1228,137132,517,60553,694,72229,17,4350,588,20916,636,60032,604,80948,California
El Dorado,2021-04-27,1151,138283,446,60999,667,72896,38,4388,521,20852,623,60655,559,81507,California
El Dorado,2021-04-28,1139,139422,426,61425,673,73569,40,4428,493,20741,644,61299,533,82040,California
El Dorado,2021-04-29,2020,141442,1391,62816,597,74166,32,4460,612,19980,1405,62704,644,82684,California
El Dorado,2021-04-30,2159,143601,1374,64190,744,74910,41,4501,1387,20650,757,63461,1427,84111,California
El Dorado,2021-05-01,620,144221,283,64473,309,75219,28,4529,277,20620,335,63796,305,84416,California
El Dorado,2021-05-02,304,144525,216,64689,58,75277,30,4559,102,20552,199,63995,131,84547,California
El Dorado,2021-05-03,833,145358,411,65100,372,75649,50,4609,285,20344,544,64539,336,84883,California
El Dorado,2021-05-04,928,146286,473,65573,395,76044,60,4669,339,20158,585,65124,399,85282,California
El Dorado,2021-05-05,906,147192,454,66027,378,76422,74,4743,439,20206,465,65589,513,85795,California
El Dorado,2021-05-06,1140,148332,506,66533,587,77009,47,4790,485,20087,647,66236,528,86323,California
El Dorado,2021-05-07,1001,149333,396,66929,546,77555,59,4849,409,19962,592,66828,467,86790,California
El Dorado,2021-05-08,674,150007,156,67085,481,78036,37,4886,206,19740,465,67293,243,87033,California
El Dorado,2021-05-09,233,150240,93,67178,112,78148,28,4914,102,19740,130,67423,130,87163,California
El Dorado,2021-05-10,831,151071,278,67456,495,78643,58,4972,242,19459,579,68002,298,87461,California
El Dorado,2021-05-11,700,151771,311,67767,327,78970,62,5034,284,19393,413,68415,347,87808,California
El Dorado,2021-05-12,655,152426,345,68112,270,79240,40,5074,251,19281,404,68819,292,88100,California
El Dorado,2021-05-13,1262,153688,796,68908,426,79666,40,5114,465,18994,791,69610,504,88604,California
El Dorado,2021-05-14,1412,155100,815,69723,513,80179,84,5198,669,19009,738,70348,753,89357,California
El Dorado,2021-05-15,909,156009,563,70286,290,80469,56,5254,322,18800,587,70935,378,89735,California
El Dorado,2021-05-16,874,156883,465,70751,383,80852,26,5280,236,18425,637,71572,262,89997,California
El Dorado,2021-05-17,1601,158484,688,71439,864,81716,49,5329,559,17994,1038,72610,607,90604,California
El Dorado,2021-05-18,1038,159522,527,71966,458,82174,53,5382,435,17880,602,73212,488,91092,California
El Dorado,2021-05-19,871,160393,383,72349,436,82610,52,5434,308,17683,556,73768,359,91451,California
El Dorado,2021-05-20,1196,161589,671,73020,450,83060,75,5509,443,17448,751,74519,516,91967,California
El Dorado,2021-05-21,2355,163944,1761,74781,552,83612,42,5551,817,16774,1533,76052,859,92826,California
El Dorado,2021-05-22,709,164653,207,74988,466,84078,36,5587,224,16550,484,76536,260,93086,California
El Dorado,2021-05-23,385,165038,134,75122,223,84301,28,5615,94,16384,288,76824,122,93208,California
El Dorado,2021-05-24,904,165942,473,75595,362,84663,69,5684,322,16195,578,77402,389,93597,California
El Dorado,2021-05-25,627,166569,272,75867,319,84982,36,5720,231,16068,393,77795,266,93863,California
El Dorado,2021-05-26,823,167392,411,76278,388,85370,24,5744,285,15841,536,78331,309,94172,California
El Dorado,2021-05-27,627,168019,248,76526,344,85714,35,5779,310,15869,316,78647,344,94516,California
El Dorado,2021-05-28,739,168758,267,76793,407,86121,65,5844,308,15813,429,79076,373,94889,California
El Dorado,2021-05-29,393,169151,112,76905,265,86386,16,5860,172,15781,220,79296,188,95077,California
El Dorado,2021-05-30,173,169324,101,77006,58,86444,14,5874,82,15787,90,79386,96,95173,California
El Dorado,2021-05-31,37,169361,12,77018,14,86458,11,5885,8,15777,29,79415,19,95192,California
El Dorado,2021-06-01,679,170040,293,77311,346,86804,40,5925,230,15601,446,79861,270,95462,California
El Dorado,2021-06-02,631,170671,304,77615,277,87081,50,5975,260,15542,369,80230,310,95772,California
El Dorado,2021-06-03,728,171399,338,77953,347,87428,43,6018,176,15209,552,80782,219,95991,California
El Dorado,2021-06-04,888,172287,528,78481,326,87754,34,6052,186,14729,700,81482,220,96211,California
El Dorado,2021-06-05,389,172676,226,78707,151,87905,12,6064,83,14519,305,81787,95,96306,California
El Dorado,2021-06-06,283,172959,197,78904,70,87975,16,6080,53,14358,229,82016,68,96374,California
El Dorado,2021-06-07,786,173745,489,79393,257,88232,40,6120,170,13960,608,82624,210,96584,California
El Dorado,2021-06-08,632,174377,383,79776,216,88448,33,6153,131,13625,498,83122,163,96747,California
El Dorado,2021-06-09,468,174845,279,80055,163,88611,26,6179,112,13407,356,83478,138,96885,California
El Dorado,2021-06-10,587,175432,364,80419,192,88803,31,6210,160,13173,425,83903,191,97076,California
El Dorado,2021-06-11,657,176089,395,80814,218,89021,44,6254,128,12817,528,84431,172,97248,California
El Dorado,2021-06-12,262,176351,154,80968,89,89110,19,6273,60,12695,201,84632,79,97327,California
El Dorado,2021-06-13,162,176513,90,81058,54,89164,18,6291,33,12618,128,84760,51,97378,California
El Dorado,2021-06-14,514,177027,361,81419,123,89287,30,6321,133,12400,381,85141,163,97541,California
El Dorado,2021-06-15,468,177495,259,81678,172,89459,37,6358,127,12227,337,85478,164,97705,California
El Dorado,2021-06-16,508,178003,360,82038,108,89567,40,6398,132,12024,375,85853,172,97877,California
El Dorado,2021-06-17,432,178435,263,82301,136,89703,33,6431,139,11905,292,86145,173,98050,California
El Dorado,2021-06-18,415,178850,270,82571,110,89813,35,6466,124,11774,290,86435,159,98209,California
El Dorado,2021-06-19,249,179099,151,82722,83,89896,15,6481,90,11721,158,86593,105,98314,California
El Dorado,2021-06-20,125,179224,91,82813,28,89924,6,6487,52,11706,73,86666,58,98372,California
El Dorado,2021-06-21,319,179543,164,82977,129,90053,26,6513,124,11663,193,86859,150,98522,California
El Dorado,2021-06-22,401,179944,259,83236,114,90167,28,6541,133,11557,267,87126,161,98683,California
El Dorado,2021-06-23,425,180369,293,83529,110,90277,22,6563,137,11430,286,87412,159,98842,California
El Dorado,2021-06-24,392,180761,242,83771,136,90413,14,6577,145,11342,247,87659,159,99001,California
El Dorado,2021-06-25,351,181112,214,83985,99,90512,38,6615,143,11320,203,87862,181,99182,California
El Dorado,2021-06-26,208,181320,122,84107,71,90583,15,6630,69,11267,138,88000,85,99267,California
El Dorado,2021-06-27,115,181435,80,84187,29,90612,6,6636,50,11258,65,88065,56,99323,California
El Dorado,2021-06-28,303,181738,214,84401,63,90675,26,6662,132,11246,170,88235,158,99481,California
El Dorado,2021-06-29,291,182029,168,84569,102,90777,21,6683,115,11208,174,88409,136,99617,California
El Dorado,2021-06-30,246,182275,175,84744,59,90836,12,6695,121,11217,124,88533,133,99750,California
El Dorado,2021-07-01,231,182506,134,84878,82,90918,15,6710,87,11174,144,88677,101,99851,California
El Dorado,2021-07-02,259,182765,162,85040,71,90989,26,6736,111,11164,147,88824,137,99988,California
El Dorado,2021-07-03,99,182864,75,85115,19,91008,5,6741,46,11162,53,88877,51,100039,California
El Dorado,2021-07-04,4,182868,0,85115,1,91009,3,6744,0,11161,4,88881,3,100042,California
El Dorado,2021-07-05,152,183020,93,85208,52,91061,7,6751,81,11177,71,88952,87,100129,California
El Dorado,2021-07-06,296,183316,187,85395,77,91138,32,6783,114,11143,180,89132,146,100275,California
El Dorado,2021-07-07,264,183580,172,85567,77,91215,15,6798,122,11139,141,89273,137,100412,California
El Dorado,2021-07-08,303,183883,174,85741,116,91331,13,6811,149,11148,152,89425,161,100573,California
El Dorado,2021-07-09,290,184173,190,85931,79,91410,21,6832,115,11111,173,89598,136,100709,California
El Dorado,2021-07-10,132,184305,95,86026,30,91440,7,6839,46,11079,85,89683,53,100762,California
El Dorado,2021-07-11,90,184395,68,86094,13,91453,9,6848,30,11058,60,89743,39,100801,California
El Dorado,2021-07-12,208,184603,137,86231,63,91516,8,6856,98,11054,110,89853,106,100907,California
Fresno,2020-12-15,3,3,3,3,0,0,0,0,3,3,0,0,3,3,California
Fresno,2020-12-16,124,127,124,127,0,0,0,0,124,127,0,0,124,127,California
Fresno,2020-12-17,123,250,123,250,0,0,0,0,123,250,0,0,123,250,California
Fresno,2020-12-18,351,601,351,601,0,0,0,0,351,601,0,0,351,601,California
Fresno,2020-12-19,161,762,161,762,0,0,0,0,161,762,0,0,161,762,California
Fresno,2020-12-20,256,1018,254,1016,2,2,0,0,256,1018,0,0,256,1018,California
Fresno,2020-12-21,929,1947,927,1943,2,4,0,0,958,1976,0,0,958,1976,California
Fresno,2020-12-22,907,2854,875,2818,32,36,0,0,911,2887,0,0,911,2887,California
Fresno,2020-12-23,1092,3946,1047,3865,45,81,0,0,1093,3980,0,0,1093,3980,California
Fresno,2020-12-24,590,4536,564,4429,26,107,0,0,590,4570,0,0,590,4570,California
Fresno,2020-12-25,3,4539,1,4430,2,109,0,0,3,4573,0,0,3,4573,California
Fresno,2020-12-26,723,5262,714,5144,9,118,0,0,723,5296,0,0,723,5296,California
Fresno,2020-12-27,306,5568,210,5354,96,214,0,0,306,5602,0,0,306,5602,California
Fresno,2020-12-28,1096,6664,802,6156,294,508,0,0,1097,6699,0,0,1097,6699,California
Fresno,2020-12-29,1765,8429,999,7155,766,1274,0,0,1763,8461,1,1,1763,8462,California
Fresno,2020-12-30,984,9413,443,7598,541,1815,0,0,984,9445,0,1,984,9446,California
Fresno,2020-12-31,926,10339,309,7907,617,2432,0,0,926,10371,0,1,926,10372,California
Fresno,2021-01-01,11,10350,4,7911,7,2439,0,0,11,10382,0,1,11,10383,California
Fresno,2021-01-02,1028,11378,713,8624,315,2754,0,0,1028,11410,0,1,1028,11411,California
Fresno,2021-01-03,155,11533,129,8753,26,2780,0,0,155,11565,0,1,155,11566,California
Fresno,2021-01-04,623,12156,376,9129,247,3027,0,0,623,12188,0,1,623,12189,California
Fresno,2021-01-05,789,12945,314,9443,475,3502,0,0,714,12827,75,76,714,12903,California
Fresno,2021-01-06,996,13941,351,9794,645,4147,0,0,822,13475,174,250,822,13725,California
Fresno,2021-01-07,1907,15848,919,10713,988,5135,0,0,1652,14875,255,505,1655,15380,California
Fresno,2021-01-08,1797,17645,615,11328,1182,6317,0,0,1431,15943,364,869,1432,16812,California
Fresno,2021-01-09,636,18281,390,11718,246,6563,0,0,358,16023,278,1147,358,17170,California
Fresno,2021-01-10,516,18797,486,12204,30,6593,0,0,203,15913,313,1460,203,17373,California
Fresno,2021-01-11,2229,21026,1812,14016,417,7010,0,0,1534,16756,695,2155,1538,18911,California
Fresno,2021-01-12,2539,23565,1831,15847,708,7718,0,0,1687,17591,854,3009,1689,20600,California
Fresno,2021-01-13,3575,27140,2441,18288,1134,8852,0,0,2718,19454,858,3867,2721,23321,California
Fresno,2021-01-14,4163,31303,2199,20487,1964,10816,0,0,3690,22672,472,4339,3690,27011,California
Fresno,2021-01-15,3685,34988,2542,23029,1143,11959,0,0,3325,25641,360,4699,3329,30340,California
Fresno,2021-01-16,3160,38148,2314,25343,846,12805,0,0,2690,27863,470,5169,2692,33032,California
Fresno,2021-01-17,979,39127,557,25900,422,13227,0,0,779,28442,200,5369,779,33811,California
Fresno,2021-01-18,3091,42218,2375,28275,716,13943,0,0,2434,30223,655,6024,2436,36247,California
Fresno,2021-01-19,4358,46576,2551,30826,1807,15750,0,0,3698,33265,660,6684,3702,39949,California
Fresno,2021-01-20,3061,49637,1227,32053,1834,17584,0,0,2745,35700,313,6997,2748,42697,California
Fresno,2021-01-21,4449,54086,2081,34134,2368,19952,0,0,4083,39446,343,7340,4089,46786,California
Fresno,2021-01-22,3344,57430,1360,35494,1984,21936,0,0,2956,42032,371,7711,2957,49743,California
Fresno,2021-01-23,3066,60496,1983,37477,1083,23019,0,0,2342,43656,723,8434,2347,52090,California
Fresno,2021-01-24,560,61056,379,37856,181,23200,0,0,352,43802,208,8642,354,52444,California
Fresno,2021-01-25,2449,63505,869,38725,1580,24780,0,0,1870,45096,579,9221,1873,54317,California
Fresno,2021-01-26,2096,65601,596,39321,1500,26280,0,0,1328,45659,766,9987,1329,55646,California
Fresno,2021-01-27,2419,68020,1245,40566,1174,27454,0,0,1739,46733,675,10662,1749,57395,California
Fresno,2021-01-28,4579,72599,3071,43637,1508,28962,0,0,3477,49115,1098,11760,3480,60875,California
Fresno,2021-01-29,1682,74281,951,44588,731,29693,0,0,1375,50189,302,12062,1376,62251,California
Fresno,2021-01-30,1445,75726,537,45125,908,30601,0,0,1028,50800,417,12479,1028,63279,California
Fresno,2021-01-31,227,75953,216,45341,11,30612,0,0,73,50719,154,12633,73,63352,California
Fresno,2021-02-01,3369,79322,1666,47007,1703,32315,0,0,1773,50909,1594,14227,1784,65136,California
Fresno,2021-02-02,2742,82064,555,47562,2187,34502,0,0,1576,51350,1150,15377,1591,66727,California
Fresno,2021-02-03,3578,85642,2110,49672,1468,35970,0,0,1539,50863,2027,17404,1540,68267,California
Fresno,2021-02-04,4221,89863,1905,51577,2316,38286,0,0,1927,50531,2264,19668,1932,70199,California
Fresno,2021-02-05,5374,95237,2741,54318,2633,40919,0,0,2308,49783,3060,22728,2312,72511,California
Fresno,2021-02-06,2954,98191,2059,56377,895,41814,0,0,975,48788,1971,24699,976,73487,California
Fresno,2021-02-07,470,98661,287,56664,183,41997,0,0,272,48863,197,24896,272,73759,California
Fresno,2021-02-08,4297,102958,2301,58965,1996,43993,0,0,1814,48216,2470,27366,1823,75582,California
Fresno,2021-02-09,5359,108317,2088,61053,3271,47264,0,0,3132,49207,2150,29516,3141,78723,California
Fresno,2021-02-10,3913,112230,1239,62292,2674,49938,0,0,1980,49320,1879,31395,1992,80715,California
Fresno,2021-02-11,6482,118712,2102,64394,4380,54318,0,0,3322,49506,3141,34536,3327,84042,California
Fresno,2021-02-12,5454,124166,1391,65785,4063,58381,0,0,2741,49561,2695,37231,2750,86792,California
Fresno,2021-02-13,3776,127942,1575,67360,2201,60582,0,0,2091,49984,1673,38904,2096,88888,California
Fresno,2021-02-14,1584,129526,291,67651,1293,61875,0,0,849,50102,733,39637,851,89739,California
Fresno,2021-02-15,2912,132438,274,67925,2638,64513,0,0,1800,50798,1108,40745,1804,91543,California
Fresno,2021-02-16,6768,139206,2418,70343,4350,68863,0,0,4256,52569,2491,43236,4262,95805,California
Fresno,2021-02-17,5376,144582,2478,72821,2898,71761,0,0,2987,53217,2343,45579,2991,98796,California
Fresno,2021-02-18,6948,151530,2934,75755,4014,75775,0,0,2596,51517,4307,49886,2607,101403,California
Fresno,2021-02-19,3977,155507,1132,76887,2845,78620,0,0,1844,51243,2121,52007,1847,103250,California
Fresno,2021-02-20,4659,160166,2560,79447,2099,80719,0,0,3132,52861,1520,53527,3138,106388,California
Fresno,2021-02-21,206,160372,186,79633,20,80739,0,0,134,52938,57,53584,134,106522,California
Fresno,2021-02-22,2349,162721,1051,80684,1298,82037,0,0,1278,53159,1060,54644,1281,107803,California
Fresno,2021-02-23,4746,167467,2290,82974,2456,84493,0,0,3849,56126,884,55528,3851,111654,California
Fresno,2021-02-24,4317,171784,1540,84514,2777,87270,0,0,3524,58872,781,56309,3527,115181,California
Fresno,2021-02-25,8870,180654,3801,88315,5069,92339,0,0,7325,64724,1481,57790,7333,122514,California
Fresno,2021-02-26,9210,189864,3751,92066,5459,97798,0,0,7852,71250,1331,59121,7857,130371,California
Fresno,2021-02-27,7413,197277,3188,95254,4224,102022,1,1,6680,77217,718,59839,6685,137056,California
Fresno,2021-02-28,1667,198944,541,95795,1126,103148,0,1,1571,78706,83,59922,1572,138628,California
Fresno,2021-03-01,5140,204084,1335,97130,3805,106953,0,1,3711,81010,1411,61333,3715,142343,California
Fresno,2021-03-02,9918,214002,3414,100544,6504,113457,0,1,8518,88179,1375,62708,8544,150887,California
Fresno,2021-03-03,7103,221105,1797,102341,5305,118762,1,2,6078,93360,1012,63720,6193,157080,California
Fresno,2021-03-04,10531,231636,4134,106475,6397,125159,0,2,8761,100389,1742,65462,8771,165851,California
Fresno,2021-03-05,9448,241084,3647,110122,5799,130958,2,4,8139,107429,1176,66638,8216,174067,California
Fresno,2021-03-06,7086,248170,3951,114073,3016,133974,119,123,6082,112639,996,67634,6206,180273,California
Fresno,2021-03-07,1563,249733,691,114764,791,134765,81,204,1287,113735,273,67907,1369,181642,California
Fresno,2021-03-08,5365,255098,2059,116823,3141,137906,165,369,4051,116662,1300,69207,4227,185869,California
Fresno,2021-03-09,8680,263778,3810,120633,4595,142501,275,644,4662,117639,3996,73203,4973,190842,California
Fresno,2021-03-10,6909,270687,2881,123514,3637,146138,391,1035,5387,121913,1512,74715,5786,196628,California
Fresno,2021-03-11,11636,282323,4596,128110,6488,152626,552,1587,6326,123585,5283,79998,6955,203583,California
Fresno,2021-03-12,12096,294419,5151,133261,6518,159144,427,2014,9086,130249,2989,82987,9653,213236,California
Fresno,2021-03-13,8372,302791,4077,137338,3281,162425,1014,3028,4023,131037,4325,87312,5113,218349,California
Fresno,2021-03-14,1787,304578,484,137822,1014,163439,289,3317,673,130896,1103,88415,962,219311,California
Fresno,2021-03-15,7145,311723,3180,141002,3789,167228,176,3493,4929,134005,2200,90615,5309,224620,California
Fresno,2021-03-16,10247,321970,4551,145553,5302,172530,394,3887,5429,135141,4785,95400,5921,230541,California
Fresno,2021-03-17,8763,330733,4005,149558,4054,176584,704,4591,5919,139355,2818,98218,7032,237573,California
Fresno,2021-03-18,12566,343299,6800,156358,5089,181673,677,5268,7023,142059,5491,103709,8195,245768,California
Fresno,2021-03-19,11289,354588,5964,162322,4703,186376,622,5890,6918,145642,4335,108044,7918,253686,California
Fresno,2021-03-20,7643,362231,4617,166939,2703,189079,323,6213,3738,146149,3874,111918,4381,258067,California
Fresno,2021-03-21,1869,364100,1275,168214,213,189292,381,6594,1020,146711,841,112759,1403,259470,California
Fresno,2021-03-22,5723,369823,2938,171152,2187,191479,598,7192,3813,149472,1891,114650,4652,264122,California
Fresno,2021-03-23,10650,380473,5332,176484,4818,196297,500,7692,5082,149959,5542,120192,6029,270151,California
Fresno,2021-03-24,8904,389377,3859,180343,4211,200508,834,8526,4939,151857,3928,124120,5826,275977,California
Fresno,2021-03-25,12232,401609,5689,186032,5738,206246,805,9331,4710,149982,7471,131591,5596,281573,California
Fresno,2021-03-26,12275,413884,5474,191506,6154,212400,647,9978,4384,147204,7833,139424,5055,286628,California
Fresno,2021-03-27,10142,424026,4862,196368,4195,216595,1085,11063,2913,144020,7188,146612,4004,290632,California
Fresno,2021-03-28,3426,427452,1328,197696,1405,218000,693,11756,1109,143962,2308,148920,2250,292882,California
Fresno,2021-03-29,6010,433462,2019,199715,3449,221449,542,12298,2894,144325,3087,152007,3450,296332,California
Fresno,2021-03-30,11036,444498,4280,203995,5850,227299,906,13204,3822,141873,7181,159188,4729,301061,California
Fresno,2021-03-31,9750,454248,3397,207392,5345,232644,1008,14212,3659,140490,6043,165231,4660,305721,California
Fresno,2021-04-01,12248,466496,4226,211618,7163,239807,859,15071,4038,137239,8103,173334,4852,310573,California
Fresno,2021-04-02,12145,478641,4648,216266,6701,246508,796,15867,4225,134497,7767,181101,5025,315598,California
Fresno,2021-04-03,6430,485071,3532,219798,2634,249142,264,16131,2138,132662,4273,185374,2438,318036,California
Fresno,2021-04-04,1506,486577,539,220337,921,250063,46,16177,546,132303,951,186325,592,318628,California
Fresno,2021-04-05,8368,494945,4485,224822,3079,253142,804,16981,2437,129700,5913,192238,3310,321938,California
Fresno,2021-04-06,9659,504604,4052,228874,4414,257556,1193,18174,3547,128384,6072,198310,4756,326694,California
Fresno,2021-04-07,10644,515248,5511,234385,3917,261473,1216,19390,3527,126081,7071,205381,4768,331462,California
Fresno,2021-04-08,11001,526249,5189,239574,4646,266119,1166,20556,3454,123246,7491,212872,4656,336118,California
Fresno,2021-04-09,11751,538000,5469,245043,4878,270997,1404,21960,3688,120344,8012,220884,5110,341228,California
Fresno,2021-04-10,7947,545947,5181,250224,2238,273235,528,22488,3682,120308,4244,225128,4208,345436,California
Fresno,2021-04-11,1405,547352,939,251163,374,273609,92,22580,447,119895,953,226081,540,345976,California
Fresno,2021-04-12,7588,554940,4111,255274,2542,276151,935,23515,2418,118108,5138,231219,3351,349327,California
Fresno,2021-04-13,9049,563989,4322,259596,4656,280807,71,23586,3523,116310,5486,236705,3688,353015,California
Fresno,2021-04-14,9766,573755,5814,265410,3951,284758,1,23587,3793,114223,5928,242633,3841,356856,California
Fresno,2021-04-15,8532,582287,4247,269657,4282,289040,3,23590,3198,112125,5302,247935,3204,360060,California
Fresno,2021-04-16,9632,591919,4674,274331,4956,293996,2,23592,3916,110371,5677,253612,3923,363983,California
Fresno,2021-04-17,5680,597599,3794,278125,1886,295882,0,23592,2700,110118,2955,256567,2702,366685,California
Fresno,2021-04-18,1161,598760,686,278811,475,296357,0,23592,520,110002,636,257203,520,367205,California
Fresno,2021-04-19,5814,604574,3237,282048,2574,298931,3,23595,2264,108764,3508,260711,2270,369475,California
Fresno,2021-04-20,7236,611810,3701,285749,3527,302458,8,23603,2700,106964,4507,265218,2707,372182,California
Fresno,2021-04-21,7080,618890,4203,289952,2868,305326,9,23612,2892,105723,4145,269363,2904,375086,California
Fresno,2021-04-22,6574,625464,3354,293306,3219,308545,1,23613,2411,104040,4098,273461,2415,377501,California
Fresno,2021-04-23,7350,632814,4042,297348,3291,311836,17,23630,2804,102390,4459,277920,2809,380310,California
Fresno,2021-04-24,4181,636995,2496,299844,1685,313521,0,23630,1914,102053,2251,280171,1914,382224,California
Fresno,2021-04-25,1371,638366,552,300396,816,314337,3,23633,685,102062,679,280850,688,382912,California
Fresno,2021-04-26,4330,642696,2230,302626,2054,316391,46,23679,1823,101456,2475,283325,1869,384781,California
Fresno,2021-04-27,4941,647637,2534,305160,2281,318672,126,23805,1938,100540,2979,286304,2063,386844,California
Fresno,2021-04-28,4913,652550,2808,307968,1975,320647,130,23935,2063,99908,2826,289130,2194,389038,California
Fresno,2021-04-29,4911,657461,2759,310727,2011,322658,141,24076,1880,98926,3000,292130,2018,391056,California
Fresno,2021-04-30,5537,662998,3394,314121,2009,324667,134,24210,2216,97989,3286,295416,2349,393405,California
Fresno,2021-05-01,4213,667211,3471,317592,602,325269,140,24350,1242,96419,2950,298366,1380,394785,California
Fresno,2021-05-02,1255,668466,778,318370,426,325695,51,24401,617,96459,626,298992,666,395451,California
Fresno,2021-05-03,4064,672530,2709,321079,1163,326858,192,24593,1308,95228,2726,301718,1495,396946,California
Fresno,2021-05-04,4951,677481,2614,323693,2186,329044,151,24744,1576,93609,3348,305066,1729,398675,California
Fresno,2021-05-05,5370,682851,3412,327105,1729,330773,229,24973,1689,91866,3657,308723,1914,400589,California
Fresno,2021-05-06,4493,687344,2901,330006,1488,332261,104,25077,1559,90629,2900,311623,1663,402252,California
Fresno,2021-05-07,5146,692490,3415,333421,1564,333825,167,25244,1589,88849,3532,315155,1752,404004,California
Fresno,2021-05-08,4072,696562,2655,336076,1269,335094,148,25392,1258,87468,2788,317943,1407,405411,California
Fresno,2021-05-09,724,697286,393,336469,286,335380,45,25437,349,87493,369,318312,394,405805,California
Fresno,2021-05-10,2985,700271,1590,338059,1253,336633,142,25579,932,86525,2042,320354,1074,406879,California
Fresno,2021-05-11,3902,704173,2079,340138,1725,338358,98,25677,1257,85251,2629,322983,1355,408234,California
Fresno,2021-05-12,4154,708327,2711,342849,1280,339638,163,25840,1399,84086,2727,325710,1562,409796,California
Fresno,2021-05-13,4185,712512,2449,345298,1631,341269,105,25945,1855,83757,2290,328000,1961,411757,California
Fresno,2021-05-14,5117,717629,3084,348382,1849,343118,184,26129,2155,83169,2928,330928,2340,414097,California
Fresno,2021-05-15,3641,721270,2731,351113,779,343897,131,26260,1866,83401,1763,332691,1995,416092,California
Fresno,2021-05-16,1586,722856,1086,352199,466,344363,34,26294,922,83700,658,333349,957,417049,California
Fresno,2021-05-17,4196,727052,2833,355032,1200,345563,163,26457,2223,84142,1942,335291,2384,419433,California
Fresno,2021-05-18,4130,731182,2555,357587,1419,346982,156,26613,2080,84351,2024,337315,2233,421666,California
Fresno,2021-05-19,4364,735546,2769,360356,1418,348400,177,26790,2061,84308,2280,339595,2237,423903,California
Fresno,2021-05-20,4116,739662,2455,362811,1471,349871,190,26980,1870,84140,2226,341821,2058,425961,California
Fresno,2021-05-21,4649,744311,3056,365867,1498,351369,95,27075,2099,83814,2518,344339,2192,428153,California
Fresno,2021-05-22,3957,748268,2933,368800,851,352220,173,27248,2275,84597,1664,346003,2447,430600,California
Fresno,2021-05-23,964,749232,631,369431,303,352523,30,27278,476,84624,479,346482,506,431106,California
Fresno,2021-05-24,3313,752545,2106,371537,1091,353614,116,27394,1533,84517,1756,348238,1649,432755,California
Fresno,2021-05-25,3224,755769,1931,373468,1167,354781,126,27520,1350,84133,1859,350097,1475,434230,California
Fresno,2021-05-26,3259,759028,2150,375618,1002,355783,107,27627,1576,84153,1662,351759,1682,435912,California
Fresno,2021-05-27,3145,762173,1910,377528,1128,356911,107,27734,1313,83764,1810,353569,1421,437333,California
Fresno,2021-05-28,3447,765620,2216,379744,1136,358047,95,27829,1872,84183,1549,355118,1968,439301,California
Fresno,2021-05-29,2288,767908,1667,381411,551,358598,70,27899,1193,84362,1085,356203,1264,440565,California
Fresno,2021-05-30,899,768807,541,381952,322,358920,36,27935,418,84352,463,356666,453,441018,California
Fresno,2021-05-31,318,769125,158,382110,148,359068,12,27947,133,84315,180,356846,143,441161,California
Fresno,2021-06-01,3026,772151,1819,383929,1110,360178,97,28044,1143,83694,1860,358706,1239,442400,California
Fresno,2021-06-02,2664,774815,1718,385647,856,361034,90,28134,1060,83272,1574,360280,1152,443552,California
Fresno,2021-06-03,2972,777787,2036,387683,834,361868,102,28236,1113,82648,1837,362117,1213,444765,California
Fresno,2021-06-04,3249,781036,2353,390036,795,362663,101,28337,1071,81668,2153,364270,1173,445938,California
Fresno,2021-06-05,3132,784168,2316,392352,695,363358,121,28458,1226,81135,1878,366148,1345,447283,California
Fresno,2021-06-06,1185,785353,941,393293,206,363564,38,28496,349,80692,830,366978,387,447670,California
Fresno,2021-06-07,3096,788449,2431,395724,574,364138,91,28587,890,79489,2184,369162,981,448651,California
Fresno,2021-06-08,2768,791217,2039,397763,647,364785,82,28669,809,78433,1946,371108,890,449541,California
Fresno,2021-06-09,2951,794168,2202,399965,658,365443,91,28760,975,77540,1958,373066,1065,450606,California
Fresno,2021-06-10,2668,796836,1938,401903,660,366103,70,28830,927,76819,1717,374783,996,451602,California
Fresno,2021-06-11,3204,800040,2263,404166,832,366935,109,28939,1170,76102,1996,376779,1279,452881,California
Fresno,2021-06-12,2914,802954,2306,406472,442,367377,166,29105,778,74920,2121,378900,939,453820,California
Fresno,2021-06-13,717,803671,464,406936,236,367613,17,29122,195,74614,518,379418,212,454032,California
Fresno,2021-06-14,2519,806190,1834,408770,557,368170,128,29250,956,74155,1541,380959,1082,455114,California
Fresno,2021-06-15,2379,808569,1712,410482,592,368762,75,29325,940,73749,1420,382379,1014,456128,California
Fresno,2021-06-16,2639,811208,1894,412376,631,369393,114,29439,1040,73314,1586,383965,1151,457279,California
Fresno,2021-06-17,2264,813472,1583,413959,587,369980,94,29533,955,73068,1293,385258,1047,458326,California
Fresno,2021-06-18,3009,816481,2158,416117,734,370714,117,29650,1193,72581,1798,387056,1311,459637,California
Fresno,2021-06-19,1692,818173,1250,417367,365,371079,77,29727,580,72129,1107,388163,655,460292,California
Fresno,2021-06-20,501,818674,354,417721,136,371215,11,29738,192,72030,302,388465,203,460495,California
Fresno,2021-06-21,1625,820299,1086,418807,474,371689,65,29803,935,72354,676,389141,1000,461495,California
Fresno,2021-06-22,2168,822467,1499,420306,559,372248,110,29913,1002,72311,1152,390293,1109,462604,California
Fresno,2021-06-23,2052,824519,1470,421776,514,372762,68,29981,1008,72357,1028,391321,1074,463678,California
Fresno,2021-06-24,1999,826518,1412,423188,511,373273,76,30057,888,72225,1095,392416,963,464641,California
Fresno,2021-06-25,2063,828581,1439,424627,542,373815,82,30139,977,72217,1067,393483,1059,465700,California
Fresno,2021-06-26,1834,830415,1421,426048,313,374128,100,30239,717,71922,1112,394595,817,466517,California
Fresno,2021-06-27,914,831329,676,426724,139,374267,99,30338,464,72037,445,395040,560,467077,California
Fresno,2021-06-28,1610,832939,1221,427945,292,374559,97,30435,710,71952,889,395929,804,467881,California
Fresno,2021-06-29,1784,834723,1181,429126,522,375081,81,30516,799,71855,976,396905,879,468760,California
Fresno,2021-06-30,1714,836437,1164,430290,460,375541,90,30606,745,71737,954,397859,836,469596,California
Fresno,2021-07-01,1581,838018,1144,431434,368,375909,69,30675,689,71614,879,398738,756,470352,California
Fresno,2021-07-02,1710,839728,1213,432647,427,376336,70,30745,812,71606,889,399627,881,471233,California
Fresno,2021-07-03,1060,840788,777,433424,254,376590,29,30774,523,71631,527,400154,552,471785,California
Fresno,2021-07-04,83,840871,26,433450,51,376641,6,30780,32,71618,51,400205,38,471823,California
Fresno,2021-07-05,991,841862,719,434169,239,376880,33,30813,441,71545,546,400751,473,472296,California
Fresno,2021-07-06,2040,843902,1425,435594,526,377406,89,30902,811,71239,1205,401956,899,473195,California
Fresno,2021-07-07,1760,845662,1337,436931,355,377761,68,30970,771,71099,977,402933,837,474032,California
Fresno,2021-07-08,1733,847395,1133,438064,483,378244,117,31087,738,70970,982,403915,853,474885,California
Fresno,2021-07-09,2037,849432,1500,439564,462,378706,75,31162,891,70804,1133,405048,967,475852,California
Fresno,2021-07-10,1096,850528,757,440321,260,378966,79,31241,430,70655,658,405706,509,476361,California
Fresno,2021-07-11,470,850998,345,440666,116,379082,9,31250,244,70689,219,405925,253,476614,California
Fresno,2021-07-12,1161,852159,833,441499,273,379355,55,31305,445,70484,705,406630,500,477114,California
Glenn,2020-12-17,1,1,1,1,0,0,0,0,1,1,0,0,1,1,California
Glenn,2020-12-19,1,2,1,2,0,0,0,0,1,2,0,0,1,2,California
Glenn,2020-12-20,1,3,1,3,0,0,0,0,1,3,0,0,1,3,California
Glenn,2020-12-21,12,15,12,15,0,0,0,0,12,15,0,0,12,15,California
Glenn,2020-12-22,59,74,59,74,0,0,0,0,59,74,0,0,59,74,California
Glenn,2020-12-23,28,102,28,102,0,0,0,0,28,102,0,0,28,102,California
Glenn,2020-12-24,9,111,9,111,0,0,0,0,9,111,0,0,9,111,California
Glenn,2020-12-26,2,113,2,113,0,0,0,0,2,113,0,0,2,113,California
Glenn,2020-12-27,4,117,4,117,0,0,0,0,4,117,0,0,4,117,California
Glenn,2020-12-28,22,139,22,139,0,0,0,0,22,139,0,0,22,139,California
Glenn,2020-12-29,83,222,83,222,0,0,0,0,83,222,0,0,83,222,California
Glenn,2020-12-30,129,351,106,328,23,23,0,0,129,351,0,0,129,351,California
Glenn,2020-12-31,38,389,9,337,29,52,0,0,38,389,0,0,38,389,California
Glenn,2021-01-02,3,392,3,340,0,52,0,0,3,392,0,0,3,392,California
Glenn,2021-01-04,7,399,5,345,2,54,0,0,7,399,0,0,7,399,California
Glenn,2021-01-05,9,408,8,353,1,55,0,0,9,408,0,0,9,408,California
Glenn,2021-01-06,60,468,8,361,52,107,0,0,60,468,0,0,60,468,California
Glenn,2021-01-07,67,535,12,373,55,162,0,0,65,531,2,2,65,533,California
Glenn,2021-01-08,12,547,9,382,3,165,0,0,12,543,0,2,12,545,California
Glenn,2021-01-10,1,548,1,383,0,165,0,0,0,542,1,3,0,545,California
Glenn,2021-01-11,31,579,30,413,1,166,0,0,13,537,18,21,13,558,California
Glenn,2021-01-12,42,621,37,450,5,171,0,0,14,523,28,49,14,572,California
Glenn,2021-01-13,221,842,158,608,63,234,0,0,176,654,45,94,176,748,California
Glenn,2021-01-14,119,961,30,638,89,323,0,0,109,753,10,104,109,857,California
Glenn,2021-01-15,40,1001,33,671,7,330,0,0,35,783,5,109,35,892,California
Glenn,2021-01-16,35,1036,14,685,21,351,0,0,25,798,10,119,25,917,California
Glenn,2021-01-17,4,1040,2,687,2,353,0,0,2,798,2,121,2,919,California
Glenn,2021-01-18,18,1058,17,704,1,354,0,0,9,798,9,130,9,928,California
Glenn,2021-01-19,30,1088,20,724,10,364,0,0,13,794,17,147,13,941,California
Glenn,2021-01-20,164,1252,95,819,69,433,0,0,82,794,82,229,82,1023,California
Glenn,2021-01-21,124,1376,98,917,26,459,0,0,30,730,94,323,30,1053,California
Glenn,2021-01-22,341,1717,67,984,274,733,0,0,334,1057,7,330,334,1387,California
Glenn,2021-01-23,16,1733,9,993,7,740,0,0,13,1067,3,333,13,1400,California
Glenn,2021-01-24,2,1735,2,995,0,740,0,0,2,1069,0,333,2,1402,California
Glenn,2021-01-25,27,1762,9,1004,18,758,0,0,24,1090,3,336,24,1426,California
Glenn,2021-01-26,31,1793,14,1018,17,775,0,0,25,1109,6,342,25,1451,California
Glenn,2021-01-27,190,1983,13,1031,177,952,0,0,168,1255,22,364,168,1619,California
Glenn,2021-01-28,147,2130,8,1039,139,1091,0,0,117,1342,30,394,117,1736,California
Glenn,2021-01-29,297,2427,12,1051,285,1376,0,0,283,1611,14,408,283,2019,California
Glenn,2021-01-30,4,2431,0,1051,4,1380,0,0,4,1615,0,408,4,2023,California
Glenn,2021-01-31,1,2432,0,1051,1,1381,0,0,1,1616,0,408,1,2024,California
Glenn,2021-02-01,31,2463,11,1062,20,1401,0,0,19,1623,12,420,19,2043,California
Glenn,2021-02-02,32,2495,16,1078,16,1417,0,0,22,1635,10,430,22,2065,California
Glenn,2021-02-03,281,2776,127,1205,154,1571,0,0,134,1623,147,577,135,2200,California
Glenn,2021-02-04,83,2859,16,1221,67,1638,0,0,26,1592,57,634,26,2226,California
Glenn,2021-02-05,319,3178,24,1245,295,1933,0,0,299,1871,20,654,299,2525,California
Glenn,2021-02-06,14,3192,2,1247,12,1945,0,0,13,1883,1,655,13,2538,California
Glenn,2021-02-07,2,3194,2,1249,0,1945,0,0,2,1885,0,655,2,2540,California
Glenn,2021-02-08,22,3216,17,1266,5,1950,0,0,5,1873,17,672,5,2545,California
Glenn,2021-02-09,51,3267,20,1286,31,1981,0,0,38,1898,13,685,38,2583,California
Glenn,2021-02-10,143,3410,19,1305,124,2105,0,0,72,1899,71,756,72,2655,California
Glenn,2021-02-11,269,3679,168,1473,101,2206,0,0,185,2001,84,840,186,2841,California
Glenn,2021-02-12,419,4098,99,1572,320,2526,0,0,352,2286,67,907,352,3193,California
Glenn,2021-02-13,39,4137,9,1581,30,2556,0,0,17,2281,22,929,17,3210,California
Glenn,2021-02-14,1,4138,0,1581,1,2557,0,0,1,2282,0,929,1,3211,California
Glenn,2021-02-15,10,4148,1,1582,9,2566,0,0,8,2288,2,931,8,3219,California
Glenn,2021-02-16,44,4192,9,1591,35,2601,0,0,25,2294,19,950,25,3244,California
Glenn,2021-02-17,381,4573,14,1605,367,2968,0,0,303,2519,78,1028,303,3547,California
Glenn,2021-02-18,183,4756,148,1753,35,3003,0,0,158,2653,24,1052,158,3705,California
Glenn,2021-02-19,303,5059,17,1770,286,3289,0,0,29,2408,274,1326,29,3734,California
Glenn,2021-02-20,10,5069,0,1770,10,3299,0,0,2,2402,8,1334,2,3736,California
Glenn,2021-02-22,37,5106,17,1787,20,3319,0,0,18,2402,18,1352,18,3754,California
Glenn,2021-02-23,45,5151,12,1799,33,3352,0,0,31,2419,14,1366,31,3785,California
Glenn,2021-02-24,270,5421,49,1848,221,3573,0,0,60,2269,210,1576,60,3845,California
Glenn,2021-02-25,329,5750,213,2061,116,3689,0,0,209,2358,120,1696,209,4054,California
Glenn,2021-02-26,307,6057,26,2087,281,3970,0,0,22,2096,284,1980,22,4076,California
Glenn,2021-02-27,16,6073,6,2093,10,3980,0,0,6,2093,9,1989,6,4082,California
Glenn,2021-02-28,6,6079,3,2096,3,3983,0,0,3,2094,2,1991,3,4085,California
Glenn,2021-03-01,29,6108,6,2102,23,4006,0,0,13,2091,16,2007,13,4098,California
Glenn,2021-03-02,39,6147,8,2110,31,4037,0,0,20,2092,19,2026,20,4118,California
Glenn,2021-03-03,211,6358,37,2147,174,4211,0,0,118,2119,91,2117,118,4236,California
Glenn,2021-03-04,549,6907,204,2351,345,4556,0,0,366,2302,183,2300,366,4602,California
Glenn,2021-03-05,357,7264,49,2400,308,4864,0,0,35,2015,322,2622,35,4637,California
Glenn,2021-03-06,28,7292,4,2404,23,4887,1,1,11,2010,17,2639,12,4649,California
Glenn,2021-03-07,5,7297,0,2404,5,4892,0,1,3,2012,1,2640,3,4652,California
Glenn,2021-03-08,21,7318,3,2407,17,4909,1,2,19,2030,2,2642,20,4672,California
Glenn,2021-03-09,83,7401,12,2419,68,4977,3,5,53,2055,30,2672,55,4727,California
Glenn,2021-03-10,189,7590,80,2499,107,5084,2,7,105,2078,84,2756,107,4834,California
Glenn,2021-03-11,594,8184,180,2679,391,5475,23,30,412,2334,182,2938,438,5272,California
Glenn,2021-03-12,420,8604,14,2693,343,5818,63,93,41,2059,379,3317,104,5376,California
Glenn,2021-03-13,13,8617,1,2694,4,5822,8,101,1,2056,12,3329,9,5385,California
Glenn,2021-03-14,2,8619,0,2694,2,5824,0,101,1,2056,1,3330,1,5386,California
Glenn,2021-03-15,76,8695,15,2709,56,5880,5,106,59,2103,17,3347,64,5450,California
Glenn,2021-03-16,113,8808,34,2743,69,5949,10,116,69,2138,44,3391,79,5529,California
Glenn,2021-03-17,421,9229,101,2844,313,6262,7,123,116,1954,305,3696,121,5650,California
Glenn,2021-03-18,536,9765,232,3076,50,6312,254,377,73,1817,463,4159,326,5976,California
Glenn,2021-03-19,96,9861,16,3092,74,6386,6,383,75,1878,20,4179,81,6057,California
Glenn,2021-03-20,134,9995,2,3094,131,6517,1,384,130,2005,4,4183,131,6188,California
Glenn,2021-03-21,6,10001,5,3099,0,6517,1,385,3,2007,2,4185,4,6192,California
Glenn,2021-03-22,124,10125,55,3154,61,6578,8,393,103,2099,19,4204,111,6303,California
Glenn,2021-03-23,179,10304,67,3221,61,6639,51,444,104,2180,74,4278,155,6458,California
Glenn,2021-03-24,213,10517,103,3324,105,6744,5,449,125,2224,86,4364,130,6588,California
Glenn,2021-03-25,497,11014,256,3580,147,6891,94,543,359,2541,136,4500,453,7041,California
Glenn,2021-03-26,239,11253,37,3617,166,7057,36,579,188,2714,51,4551,224,7265,California
Glenn,2021-03-27,168,11421,22,3639,140,7197,6,585,154,2860,14,4565,160,7425,California
Glenn,2021-03-28,15,11436,10,3649,5,7202,0,585,10,2865,5,4570,10,7435,California
Glenn,2021-03-29,61,11497,20,3669,38,7240,3,588,45,2897,16,4586,48,7483,California
Glenn,2021-03-30,76,11573,43,3712,32,7272,1,589,43,2910,31,4617,44,7527,California
Glenn,2021-03-31,132,11705,35,3747,96,7368,1,590,43,2866,88,4705,44,7571,California
Glenn,2021-04-01,674,12379,207,3954,458,7826,9,599,248,2700,423,5128,257,7828,California
Glenn,2021-04-02,170,12549,26,3980,132,7958,12,611,132,2806,38,5166,144,7972,California
Glenn,2021-04-03,95,12644,4,3984,84,8042,7,618,84,2886,11,5177,91,8063,California
Glenn,2021-04-04,9,12653,3,3987,4,8046,2,620,5,2889,4,5181,7,8070,California
Glenn,2021-04-05,67,12720,26,4013,28,8074,13,633,30,2895,37,5218,43,8113,California
Glenn,2021-04-06,144,12864,52,4065,53,8127,39,672,37,2864,106,5324,75,8188,California
Glenn,2021-04-07,161,13025,47,4112,60,8187,54,726,75,2907,86,5410,129,8317,California
Glenn,2021-04-08,654,13679,200,4312,418,8605,36,762,147,2585,505,5915,183,8500,California
Glenn,2021-04-09,160,13839,57,4369,86,8691,17,779,102,2645,58,5973,118,8618,California
Glenn,2021-04-10,78,13917,1,4370,60,8751,17,796,58,2701,19,5992,75,8693,California
Glenn,2021-04-11,17,13934,8,4378,4,8755,5,801,7,2703,10,6002,12,8705,California
Glenn,2021-04-12,116,14050,26,4404,61,8816,29,830,21,2658,95,6097,50,8755,California
Glenn,2021-04-13,119,14169,64,4468,55,8871,0,830,30,2599,89,6186,30,8785,California
Glenn,2021-04-14,122,14291,46,4514,76,8947,0,830,67,2611,55,6241,67,8852,California
Glenn,2021-04-15,366,14657,277,4791,89,9036,0,830,100,2446,265,6506,100,8952,California
Glenn,2021-04-16,168,14825,41,4832,127,9163,0,830,78,2434,90,6596,78,9030,California
Glenn,2021-04-17,169,14994,17,4849,152,9315,0,830,30,2333,131,6727,30,9060,California
Glenn,2021-04-18,19,15013,6,4855,13,9328,0,830,15,2344,4,6731,15,9075,California
Glenn,2021-04-19,84,15097,17,4872,67,9395,0,830,23,2307,60,6791,23,9098,California
Glenn,2021-04-20,134,15231,90,4962,44,9439,0,830,56,2285,78,6869,56,9154,California
Glenn,2021-04-21,437,15668,334,5296,103,9542,0,830,277,2403,159,7028,277,9431,California
Glenn,2021-04-22,214,15882,54,5350,160,9702,0,830,38,2266,175,7203,38,9469,California
Glenn,2021-04-23,192,16074,36,5386,156,9858,0,830,49,2173,142,7345,49,9518,California
Glenn,2021-04-24,180,16254,32,5418,148,10006,0,830,30,2054,149,7494,30,9548,California
Glenn,2021-04-25,28,16282,17,5435,11,10017,0,830,21,2068,7,7501,21,9569,California
Glenn,2021-04-26,50,16332,14,5449,36,10053,0,830,19,2056,31,7532,19,9588,California
Glenn,2021-04-27,65,16397,50,5499,10,10063,5,835,34,2063,31,7563,38,9626,California
Glenn,2021-04-28,268,16665,189,5688,68,10131,11,846,127,2061,140,7703,138,9764,California
Glenn,2021-04-29,186,16851,27,5715,157,10288,2,848,40,1957,146,7849,42,9806,California
Glenn,2021-04-30,162,17013,41,5756,119,10407,2,850,39,1875,123,7972,41,9847,California
Glenn,2021-05-01,108,17121,13,5769,94,10501,1,851,26,1820,82,8054,27,9874,California
Glenn,2021-05-02,32,17153,14,5783,9,10510,9,860,15,1827,17,8071,24,9898,California
Glenn,2021-05-03,39,17192,24,5807,14,10524,1,861,14,1817,25,8096,15,9913,California
Glenn,2021-05-04,60,17252,36,5843,19,10543,5,866,28,1818,32,8128,33,9946,California
Glenn,2021-05-05,127,17379,39,5882,77,10620,11,877,52,1806,75,8203,63,10009,California
Glenn,2021-05-06,112,17491,42,5924,65,10685,5,882,41,1781,71,8274,46,10055,California
Glenn,2021-05-07,122,17613,36,5960,77,10762,9,891,30,1729,91,8365,39,10094,California
Glenn,2021-05-08,65,17678,12,5972,49,10811,4,895,21,1711,43,8408,25,10119,California
Glenn,2021-05-09,17,17695,11,5983,6,10817,0,895,11,1716,6,8414,11,10130,California
Glenn,2021-05-10,37,17732,15,5998,17,10834,5,900,13,1710,24,8438,18,10148,California
Glenn,2021-05-11,85,17817,60,6058,16,10850,9,909,17,1668,68,8506,26,10174,California
Glenn,2021-05-12,337,18154,254,6312,69,10919,14,923,50,1445,287,8793,64,10238,California
Glenn,2021-05-13,157,18311,58,6370,80,10999,19,942,64,1435,93,8886,83,10321,California
Glenn,2021-05-14,106,18417,24,6394,77,11076,5,947,34,1402,72,8958,39,10360,California
Glenn,2021-05-15,67,18484,40,6434,24,11100,3,950,32,1402,34,8992,34,10394,California
Glenn,2021-05-16,30,18514,17,6451,13,11113,0,950,8,1388,22,9014,8,10402,California
Glenn,2021-05-17,86,18600,61,6512,21,11134,4,954,60,1426,26,9040,64,10466,California
Glenn,2021-05-18,68,18668,50,6562,14,11148,4,958,22,1406,46,9086,26,10492,California
Glenn,2021-05-19,200,18868,118,6680,70,11218,12,970,69,1356,130,9216,80,10572,California
Glenn,2021-05-20,121,18989,80,6760,39,11257,2,972,81,1399,40,9256,83,10655,California
Glenn,2021-05-21,71,19060,27,6787,43,11300,1,973,28,1385,43,9299,29,10684,California
Glenn,2021-05-22,56,19116,24,6811,32,11332,0,973,29,1387,27,9326,29,10713,California
Glenn,2021-05-23,29,19145,16,6827,13,11345,0,973,12,1383,16,9342,12,10725,California
Glenn,2021-05-24,30,19175,11,6838,15,11360,4,977,11,1380,18,9360,15,10740,California
Glenn,2021-05-25,47,19222,35,6873,10,11370,2,979,23,1381,24,9384,25,10765,California
Glenn,2021-05-26,73,19295,14,6887,55,11425,4,983,25,1362,48,9432,29,10794,California
Glenn,2021-05-27,102,19397,63,6950,38,11463,1,984,47,1357,53,9485,48,10842,California
Glenn,2021-05-28,62,19459,18,6968,37,11500,7,991,32,1366,30,9515,39,10881,California
Glenn,2021-05-29,48,19507,11,6979,33,11533,4,995,21,1364,27,9542,25,10906,California
Glenn,2021-05-30,21,19528,13,6992,8,11541,0,995,8,1360,12,9554,8,10914,California
Glenn,2021-05-31,4,19532,0,6992,4,11545,0,995,0,1356,4,9558,0,10914,California
Glenn,2021-06-01,59,19591,34,7026,22,11567,3,998,24,1348,35,9593,27,10941,California
Glenn,2021-06-02,98,19689,49,7075,46,11613,3,1001,39,1331,59,9652,42,10983,California
Glenn,2021-06-03,74,19763,41,7116,26,11639,7,1008,18,1301,55,9707,25,11008,California
Glenn,2021-06-04,77,19840,37,7153,37,11676,3,1011,42,1311,35,9742,45,11053,California
Glenn,2021-06-05,55,19895,30,7183,22,11698,3,1014,17,1293,38,9780,20,11073,California
Glenn,2021-06-06,31,19926,27,7210,3,11701,1,1015,15,1294,15,9795,16,11089,California
Glenn,2021-06-07,68,19994,59,7269,7,11708,2,1017,13,1255,54,9849,15,11104,California
Glenn,2021-06-08,35,20029,19,7288,11,11719,5,1022,16,1257,19,9868,21,11125,California
Glenn,2021-06-09,65,20094,38,7326,20,11739,7,1029,32,1263,33,9901,39,11164,California
Glenn,2021-06-10,119,20213,88,7414,25,11764,6,1035,35,1220,84,9985,41,11205,California
Glenn,2021-06-11,89,20302,58,7472,28,11792,3,1038,25,1184,64,10049,28,11233,California
Glenn,2021-06-12,35,20337,19,7491,13,11805,3,1041,13,1178,22,10071,16,11249,California
Glenn,2021-06-13,11,20348,11,7502,0,11805,0,1041,5,1177,6,10077,5,11254,California
Glenn,2021-06-14,39,20387,26,7528,10,11815,3,1044,15,1172,23,10100,18,11272,California
Glenn,2021-06-15,49,20436,33,7561,15,11830,1,1045,22,1168,27,10127,23,11295,California
Glenn,2021-06-16,84,20520,49,7610,34,11864,1,1046,57,1201,25,10152,58,11353,California
Glenn,2021-06-17,63,20583,38,7648,21,11885,4,1050,9,1160,54,10206,13,11366,California
Glenn,2021-06-18,82,20665,44,7692,17,11902,21,1071,28,1155,54,10260,49,11415,California
Glenn,2021-06-19,41,20706,20,7712,21,11923,0,1071,23,1160,18,10278,23,11438,California
Glenn,2021-06-20,15,20721,11,7723,4,11927,0,1071,4,1153,11,10289,4,11442,California
Glenn,2021-06-21,26,20747,18,7741,6,11933,2,1073,19,1167,7,10296,21,11463,California
Glenn,2021-06-22,48,20795,33,7774,13,11946,2,1075,23,1168,24,10320,25,11488,California
Glenn,2021-06-23,54,20849,37,7811,14,11960,3,1078,28,1173,26,10346,31,11519,California
Glenn,2021-06-24,44,20893,27,7838,13,11973,4,1082,17,1167,27,10373,21,11540,California
Glenn,2021-06-25,67,20960,47,7885,19,11992,1,1083,31,1163,36,10409,32,11572,California
Glenn,2021-06-26,35,20995,20,7905,14,12006,1,1084,16,1161,19,10428,17,11589,California
Glenn,2021-06-27,17,21012,13,7918,4,12010,0,1084,4,1152,13,10441,4,11593,California
Glenn,2021-06-28,27,21039,23,7941,1,12011,3,1087,12,1151,15,10456,14,11607,California
Glenn,2021-06-29,33,21072,16,7957,12,12023,5,1092,11,1145,22,10478,16,11623,California
Glenn,2021-06-30,76,21148,51,8008,20,12043,5,1097,36,1146,40,10518,41,11664,California
Glenn,2021-07-01,56,21204,40,8048,13,12056,3,1100,16,1125,40,10558,19,11683,California
Glenn,2021-07-02,60,21264,35,8083,20,12076,5,1105,22,1115,37,10595,27,11710,California
Glenn,2021-07-03,36,21300,28,8111,7,12083,1,1106,24,1128,12,10607,25,11735,California
Glenn,2021-07-04,3,21303,2,8113,0,12083,1,1107,0,1126,3,10610,1,11736,California
Glenn,2021-07-05,20,21323,17,8130,1,12084,2,1109,6,1120,14,10624,8,11744,California
Glenn,2021-07-06,47,21370,36,8166,10,12094,1,1110,24,1122,23,10647,25,11769,California
Glenn,2021-07-07,67,21437,61,8227,4,12098,2,1112,32,1121,35,10682,34,11803,California
Glenn,2021-07-08,32,21469,16,8243,10,12108,6,1118,11,1117,21,10703,17,11820,California
Glenn,2021-07-09,72,21541,45,8288,18,12126,9,1127,29,1112,43,10746,38,11858,California
Glenn,2021-07-10,9,21550,6,8294,3,12129,0,1127,5,1113,4,10750,5,11863,California
Glenn,2021-07-11,9,21559,8,8302,1,12130,0,1127,2,1108,7,10757,2,11865,California
Glenn,2021-07-12,18,21577,15,8317,3,12133,0,1127,10,1110,8,10765,10,11875,California
Humboldt,2020-12-15,3,3,3,3,0,0,0,0,3,3,0,0,3,3,California
Humboldt,2020-12-16,16,19,16,19,0,0,0,0,16,19,0,0,16,19,California
Humboldt,2020-12-17,119,138,119,138,0,0,0,0,119,138,0,0,119,138,California
Humboldt,2020-12-18,177,315,177,315,0,0,0,0,177,315,0,0,177,315,California
Humboldt,2020-12-19,10,325,10,325,0,0,0,0,10,325,0,0,10,325,California
Humboldt,2020-12-20,27,352,27,352,0,0,0,0,27,352,0,0,27,352,California
Humboldt,2020-12-21,167,519,167,519,0,0,0,0,167,519,0,0,167,519,California
Humboldt,2020-12-22,337,856,337,856,0,0,0,0,337,856,0,0,337,856,California
Humboldt,2020-12-23,322,1178,264,1120,58,58,0,0,324,1180,0,0,324,1180,California
Humboldt,2020-12-24,25,1203,2,1122,23,81,0,0,25,1205,0,0,25,1205,California
Humboldt,2020-12-25,2,1205,2,1124,0,81,0,0,2,1207,0,0,2,1207,California
Humboldt,2020-12-26,6,1211,5,1129,1,82,0,0,6,1213,0,0,6,1213,California
Humboldt,2020-12-28,209,1420,151,1280,58,140,0,0,209,1422,0,0,209,1422,California
Humboldt,2020-12-29,186,1606,125,1405,61,201,0,0,187,1609,0,0,187,1609,California
Humboldt,2020-12-30,235,1841,129,1534,106,307,0,0,235,1844,0,0,235,1844,California
Humboldt,2020-12-31,246,2087,81,1615,165,472,0,0,246,2090,0,0,246,2090,California
Humboldt,2021-01-01,3,2090,2,1617,1,473,0,0,3,2093,0,0,3,2093,California
Humboldt,2021-01-02,40,2130,2,1619,38,511,0,0,40,2133,0,0,40,2133,California
Humboldt,2021-01-04,219,2349,142,1761,77,588,0,0,220,2353,0,0,220,2353,California
Humboldt,2021-01-05,132,2481,21,1782,111,699,0,0,132,2484,1,1,132,2485,California
Humboldt,2021-01-06,314,2795,214,1996,100,799,0,0,240,2662,62,63,240,2725,California
Humboldt,2021-01-07,438,3233,326,2322,112,911,0,0,321,2882,101,164,321,3046,California
Humboldt,2021-01-08,429,3662,289,2611,140,1051,0,0,287,3033,136,300,287,3333,California
Humboldt,2021-01-09,67,3729,43,2654,24,1075,0,0,65,3097,2,302,66,3399,California
Humboldt,2021-01-10,84,3813,84,2738,0,1075,0,0,4,3021,80,382,4,3403,California
Humboldt,2021-01-11,292,4105,281,3019,11,1086,0,0,70,2873,218,600,70,3473,California
Humboldt,2021-01-12,503,4608,339,3358,164,1250,0,0,285,2962,196,796,285,3758,California
Humboldt,2021-01-13,502,5110,281,3639,221,1471,0,0,323,3110,176,972,324,4082,California
Humboldt,2021-01-14,561,5671,175,3814,386,1857,0,0,505,3560,56,1028,506,4588,California
Humboldt,2021-01-15,373,6044,28,3842,345,2202,0,0,355,3897,18,1046,355,4943,California
Humboldt,2021-01-16,169,6213,6,3848,163,2365,0,0,168,4064,1,1047,168,5111,California
Humboldt,2021-01-17,7,6220,4,3852,3,2368,0,0,7,4071,0,1047,7,5118,California
Humboldt,2021-01-18,307,6527,272,4124,35,2403,0,0,149,4062,158,1205,149,5267,California
Humboldt,2021-01-19,661,7188,402,4526,259,2662,0,0,529,4465,126,1331,529,5796,California
Humboldt,2021-01-20,952,8140,424,4950,528,3190,0,0,785,5093,159,1490,787,6583,California
Humboldt,2021-01-21,971,9111,260,5210,711,3901,0,0,928,5978,43,1533,928,7511,California
Humboldt,2021-01-22,688,9799,380,5590,308,4209,0,0,678,6647,10,1543,679,8190,California
Humboldt,2021-01-23,928,10727,282,5872,646,4855,0,0,919,7558,9,1552,920,9110,California
Humboldt,2021-01-24,228,10955,1,5873,227,5082,0,0,227,7784,1,1553,227,9337,California
Humboldt,2021-01-25,352,11307,236,6109,116,5198,0,0,154,7740,198,1751,154,9491,California
Humboldt,2021-01-26,543,11850,149,6258,394,5592,0,0,479,8155,64,1815,479,9970,California
Humboldt,2021-01-27,1273,13123,585,6843,688,6280,0,0,1199,9289,67,1882,1201,11171,California
Humboldt,2021-01-28,1465,14588,637,7480,828,7108,0,0,1321,10471,141,2023,1323,12494,California
Humboldt,2021-01-29,1168,15756,549,8029,619,7727,0,0,697,10697,471,2494,697,13191,California
Humboldt,2021-01-30,1029,16785,470,8499,559,8286,0,0,984,11637,45,2539,985,14176,California
Humboldt,2021-01-31,319,17104,317,8816,2,8288,0,0,318,11954,1,2540,318,14494,California
Humboldt,2021-02-01,320,17424,175,8991,145,8433,0,0,184,12002,136,2676,184,14678,California
Humboldt,2021-02-02,454,17878,79,9070,375,8808,0,0,349,12251,102,2778,351,15029,California
Humboldt,2021-02-03,676,18554,265,9335,411,9219,0,0,520,12615,156,2934,520,15549,California
Humboldt,2021-02-04,654,19208,262,9597,392,9611,0,0,446,12856,205,3139,446,15995,California
Humboldt,2021-02-05,830,20038,108,9705,722,10333,0,0,626,13279,203,3342,626,16621,California
Humboldt,2021-02-06,1086,21124,471,10176,615,10948,0,0,1036,14267,49,3391,1037,17658,California
Humboldt,2021-02-07,379,21503,8,10184,371,11319,0,0,374,14638,4,3395,375,18033,California
Humboldt,2021-02-08,340,21843,147,10331,193,11512,0,0,181,14661,158,3553,181,18214,California
Humboldt,2021-02-09,503,22346,228,10559,275,11787,0,0,176,14511,326,3879,176,18390,California
Humboldt,2021-02-10,565,22911,370,10929,195,11982,0,0,206,14363,354,4233,206,18596,California
Humboldt,2021-02-11,1326,24237,397,11326,929,12911,0,0,491,14025,831,5064,493,19089,California
Humboldt,2021-02-12,1175,25412,749,12075,426,13337,0,0,715,14281,459,5523,715,19804,California
Humboldt,2021-02-13,1551,26963,601,12676,950,14287,0,0,925,14583,624,6147,926,20730,California
Humboldt,2021-02-14,114,27077,5,12681,109,14396,0,0,110,14690,3,6150,110,20840,California
Humboldt,2021-02-15,296,27373,81,12762,215,14611,0,0,195,14785,100,6250,195,21035,California
Humboldt,2021-02-16,554,27927,124,12886,430,15041,0,0,252,14738,301,6551,254,21289,California
Humboldt,2021-02-17,453,28380,282,13168,171,15212,0,0,133,14552,319,6870,133,21422,California
Humboldt,2021-02-18,1029,29409,605,13773,424,15636,0,0,276,14078,750,7620,276,21698,California
Humboldt,2021-02-19,489,29898,441,14214,48,15684,0,0,92,13777,393,8013,92,21790,California
Humboldt,2021-02-20,1757,31655,1035,15249,722,16406,0,0,486,12998,1268,9281,489,22279,California
Humboldt,2021-02-21,498,32153,490,15739,8,16414,0,0,188,12877,310,9591,189,22468,California
Humboldt,2021-02-22,141,32294,96,15835,45,16459,0,0,29,12796,110,9701,29,22497,California
Humboldt,2021-02-23,187,32481,72,15907,115,16574,0,0,46,12703,139,9840,46,22543,California
Humboldt,2021-02-24,1293,33774,789,16696,504,17078,0,0,626,12665,664,10504,626,23169,California
Humboldt,2021-02-25,864,34638,324,17020,540,17618,0,0,235,12274,626,11130,235,23404,California
Humboldt,2021-02-26,2207,36845,107,17127,2100,19718,0,0,443,10961,1757,12887,444,23848,California
Humboldt,2021-02-27,1773,38618,1144,18271,629,20347,0,0,904,11002,867,13754,908,24756,California
Humboldt,2021-02-28,126,38744,11,18282,115,20462,0,0,118,11114,6,13760,118,24874,California
Humboldt,2021-03-01,260,39004,46,18328,214,20676,0,0,185,11225,74,13834,185,25059,California
Humboldt,2021-03-02,312,39316,51,18379,261,20937,0,0,168,11249,144,13978,168,25227,California
Humboldt,2021-03-03,1678,40994,1107,19486,571,21508,0,0,1226,12031,445,14423,1227,26454,California
Humboldt,2021-03-04,926,41920,114,19600,812,22320,0,0,301,11709,625,15048,303,26757,California
Humboldt,2021-03-05,952,42872,190,19790,751,23071,11,11,392,11555,557,15605,403,27160,California
Humboldt,2021-03-06,1811,44683,950,20740,812,23883,49,60,796,11386,1013,16618,844,28004,California
Humboldt,2021-03-07,387,45070,295,21035,59,23942,33,93,160,11351,227,16845,192,28196,California
Humboldt,2021-03-08,283,45353,6,21041,193,24135,84,177,181,11515,101,16946,265,28461,California
Humboldt,2021-03-09,508,45861,207,21248,151,24286,150,327,245,11648,261,17207,394,28855,California
Humboldt,2021-03-10,703,46564,474,21722,72,24358,157,484,426,11953,276,17483,581,29436,California
Humboldt,2021-03-11,1488,48052,460,22182,929,25287,99,583,657,11882,826,18309,755,30191,California
Humboldt,2021-03-12,1756,49808,1086,23268,446,25733,224,807,1055,12471,693,19002,1282,31473,California
Humboldt,2021-03-13,1600,51408,1052,24320,497,26230,51,858,679,12285,915,19917,729,32202,California
Humboldt,2021-03-14,144,51552,20,24340,116,26346,8,866,29,12207,115,20032,37,32239,California
Humboldt,2021-03-15,282,51834,52,24392,208,26554,22,888,61,12067,221,20253,81,32320,California
Humboldt,2021-03-16,638,52472,201,24593,175,26729,262,1150,262,12214,375,20628,522,32842,California
Humboldt,2021-03-17,735,53207,396,24989,231,26960,108,1258,340,12268,394,21022,448,33290,California
Humboldt,2021-03-18,1742,54949,1165,26154,534,27494,43,1301,1012,12601,722,21744,1055,34345,California
Humboldt,2021-03-19,1076,56025,61,26215,700,28194,315,1616,441,12723,633,22377,755,35100,California
Humboldt,2021-03-20,1416,57441,786,27001,616,28810,14,1630,390,12105,1023,23400,405,35505,California
Humboldt,2021-03-21,250,57691,34,27035,189,28999,27,1657,204,12289,46,23446,230,35735,California
Humboldt,2021-03-22,119,57810,15,27050,54,29053,50,1707,63,12348,54,23500,113,35848,California
Humboldt,2021-03-23,413,58223,41,27091,330,29383,42,1749,320,12618,92,23592,362,36210,California
Humboldt,2021-03-24,1417,59640,391,27482,978,30361,48,1797,1037,13330,372,23964,1084,37294,California
Humboldt,2021-03-25,1842,61482,1215,28697,564,30925,63,1860,941,13434,899,24863,1003,38297,California
Humboldt,2021-03-26,2044,63526,442,29139,1545,32470,57,1917,1596,14644,442,25305,1652,39949,California
Humboldt,2021-03-27,2126,65652,1526,30665,426,32896,174,2091,1142,14980,980,26285,1316,41265,California
Humboldt,2021-03-28,268,65920,82,30747,114,33010,72,2163,81,14948,186,26471,154,41419,California
Humboldt,2021-03-29,465,66385,124,30871,245,33255,96,2259,197,14973,267,26738,292,41711,California
Humboldt,2021-03-30,948,67333,303,31174,531,33786,114,2373,561,15265,382,27120,674,42385,California
Humboldt,2021-03-31,1886,69219,542,31716,1246,35032,98,2471,1412,16306,470,27590,1511,43896,California
Humboldt,2021-04-01,2121,71340,711,32427,1317,36349,93,2564,1482,17249,631,28221,1574,45470,California
Humboldt,2021-04-02,1727,73067,1112,33539,508,36857,107,2671,616,16867,1105,29326,723,46193,California
Humboldt,2021-04-03,1673,74740,1515,35054,143,37000,15,2686,664,16547,999,30325,679,46872,California
Humboldt,2021-04-04,481,75221,370,35424,102,37102,9,2695,399,16874,81,30406,408,47280,California
Humboldt,2021-04-05,783,76004,465,35889,270,37372,48,2743,445,17032,335,30741,493,47773,California
Humboldt,2021-04-06,849,76853,320,36209,394,37766,135,2878,589,17500,254,30995,722,48495,California
Humboldt,2021-04-07,1503,78356,1069,37278,292,38058,142,3020,996,18134,504,31499,1138,49633,California
Humboldt,2021-04-08,1762,80118,1096,38374,506,38564,160,3180,744,18023,1015,32514,904,50537,California
Humboldt,2021-04-09,1448,81566,442,38816,850,39414,156,3336,1156,19036,291,32805,1304,51841,California
Humboldt,2021-04-10,945,82511,139,38955,631,40045,175,3511,744,19754,199,33004,917,52758,California
Humboldt,2021-04-11,647,83158,140,39095,36,40081,471,3982,130,19836,517,33521,599,53357,California
Humboldt,2021-04-12,442,83600,229,39324,86,40167,127,4109,280,20082,161,33682,407,53764,California
Humboldt,2021-04-13,591,84191,324,39648,262,40429,5,4114,554,20605,35,33717,558,54322,California
Humboldt,2021-04-14,1451,85642,1048,40696,403,40832,0,4114,1333,21821,117,33834,1333,55655,California
Humboldt,2021-04-15,1837,87479,1204,41900,629,41461,4,4118,1261,22527,557,34391,1263,56918,California
Humboldt,2021-04-16,1139,88618,522,42422,617,42078,0,4118,554,22499,582,34973,554,57472,California
Humboldt,2021-04-17,1879,90497,1555,43977,324,42402,0,4118,1021,22668,852,35825,1021,58493,California
Humboldt,2021-04-18,670,91167,355,44332,314,42716,1,4119,84,22172,580,36405,84,58577,California
Humboldt,2021-04-19,208,91375,86,44418,122,42838,0,4119,92,22150,114,36519,92,58669,California
Humboldt,2021-04-20,511,91886,140,44558,371,43209,0,4119,253,22146,257,36776,253,58922,California
Humboldt,2021-04-21,1124,93010,391,44949,733,43942,0,4119,457,21946,658,37434,458,59380,California
Humboldt,2021-04-22,900,93910,537,45486,362,44304,1,4120,456,21961,441,37875,456,59836,California
Humboldt,2021-04-23,2194,96104,311,45797,1883,46187,0,4120,336,20443,1854,39729,336,60172,California
Humboldt,2021-04-24,1104,97208,885,46682,214,46401,5,4125,360,20067,741,40470,365,60537,California
Humboldt,2021-04-25,376,97584,239,46921,137,46538,0,4125,192,20077,182,40652,192,60729,California
Humboldt,2021-04-26,390,97974,270,47191,116,46654,4,4129,112,19915,276,40928,114,60843,California
Humboldt,2021-04-27,810,98784,311,47502,470,47124,29,4158,184,19504,624,41552,213,61056,California
Humboldt,2021-04-28,1606,100390,847,48349,714,47838,45,4203,422,18790,1181,42733,467,61523,California
Humboldt,2021-04-29,1792,102182,638,48987,1116,48954,38,4241,299,17639,1488,44221,337,61860,California
Humboldt,2021-04-30,1305,103487,437,49424,833,49787,35,4276,205,16784,1093,45314,238,62098,California
Humboldt,2021-05-01,485,103972,387,49811,75,49862,23,4299,300,16923,184,45498,323,62421,California
Humboldt,2021-05-02,233,104205,187,49998,37,49899,9,4308,117,16934,115,45613,126,62547,California
Humboldt,2021-05-03,618,104823,375,50373,219,50118,24,4332,102,16547,514,46127,127,62674,California
Humboldt,2021-05-04,868,105691,522,50895,301,50419,45,4377,261,16248,604,46731,305,62979,California
Humboldt,2021-05-05,1742,107433,1117,52012,567,50986,58,4435,185,14941,1548,48279,241,63220,California
Humboldt,2021-05-06,1695,109128,1076,53088,367,51353,252,4687,141,13783,1551,49830,393,63613,California
Humboldt,2021-05-07,1437,110565,316,53404,1061,52414,60,4747,238,12883,1196,51026,296,63909,California
Humboldt,2021-05-08,744,111309,148,53552,573,52987,23,4770,90,12344,652,51678,113,64022,California
Humboldt,2021-05-09,906,112215,854,54406,42,53029,10,4780,47,11542,859,52537,57,64079,California
Humboldt,2021-05-10,218,112433,37,54443,142,53171,39,4819,82,11527,136,52673,121,64200,California
Humboldt,2021-05-11,534,112967,184,54627,277,53448,73,4892,204,11475,329,53002,277,64477,California
Humboldt,2021-05-12,621,113588,142,54769,433,53881,46,4938,227,11354,393,53395,272,64749,California
Humboldt,2021-05-13,629,114217,302,55071,300,54181,27,4965,288,11330,339,53734,315,65064,California
Humboldt,2021-05-14,711,114928,142,55213,465,54646,104,5069,233,11191,475,54209,336,65400,California
Humboldt,2021-05-15,787,115715,642,55855,135,54781,10,5079,212,10839,574,54783,222,65622,California
Humboldt,2021-05-16,121,115836,54,55909,63,54844,4,5083,68,10858,53,54836,72,65694,California
Humboldt,2021-05-17,408,116244,215,56124,171,55015,22,5105,222,10918,184,55020,244,65938,California
Humboldt,2021-05-18,663,116907,325,56449,309,55324,29,5134,360,11003,303,55323,388,66326,California
Humboldt,2021-05-19,988,117895,549,56998,396,55720,43,5177,319,10698,665,55988,360,66686,California
Humboldt,2021-05-20,828,118723,607,57605,208,55928,13,5190,593,11073,232,56220,607,67293,California
Humboldt,2021-05-21,879,119602,291,57896,527,56455,61,5251,351,10957,528,56748,412,67705,California
Humboldt,2021-05-22,416,120018,321,58217,87,56542,8,5259,147,10845,267,57015,155,67860,California
Humboldt,2021-05-23,394,120412,326,58543,65,56607,3,5262,76,10606,318,57333,79,67939,California
Humboldt,2021-05-24,338,120750,174,58717,135,56742,29,5291,182,10662,155,57488,211,68150,California
Humboldt,2021-05-25,531,121281,339,59056,168,56910,24,5315,288,10734,240,57728,312,68462,California
Humboldt,2021-05-26,648,121929,310,59366,314,57224,24,5339,306,10723,341,58069,330,68792,California
Humboldt,2021-05-27,465,122394,247,59613,181,57405,37,5376,276,10847,189,58258,313,69105,California
Humboldt,2021-05-28,411,122805,193,59806,171,57576,47,5423,170,10826,238,58496,217,69322,California
Humboldt,2021-05-29,172,122977,103,59909,66,57642,3,5426,91,10839,81,58577,94,69416,California
Humboldt,2021-05-30,106,123083,45,59954,56,57698,5,5431,51,10841,54,58631,56,69472,California
Humboldt,2021-05-31,72,123155,27,59981,39,57737,6,5437,48,10871,23,58654,53,69525,California
Humboldt,2021-06-01,463,123618,268,60249,180,57917,15,5452,187,10797,276,58930,202,69727,California
Humboldt,2021-06-02,532,124150,249,60498,229,58146,54,5506,237,10796,290,59220,289,70016,California
Humboldt,2021-06-03,389,124539,226,60724,141,58287,22,5528,83,10623,278,59498,105,70121,California
Humboldt,2021-06-04,509,125048,318,61042,167,58454,24,5552,135,10451,330,59828,158,70279,California
Humboldt,2021-06-05,409,125457,314,61356,50,58504,45,5597,206,10554,148,59976,251,70530,California
Humboldt,2021-06-06,171,125628,119,61475,43,58547,9,5606,70,10538,95,60071,79,70609,California
Humboldt,2021-06-07,359,125987,216,61691,119,58666,24,5630,111,10426,247,60318,135,70744,California
Humboldt,2021-06-08,519,126506,301,61992,189,58855,29,5659,149,10235,368,60686,177,70921,California
Humboldt,2021-06-09,401,126907,206,62198,148,59003,47,5706,129,10141,270,60956,176,71097,California
Humboldt,2021-06-10,566,127473,448,62646,91,59094,27,5733,96,9796,466,61422,121,71218,California
Humboldt,2021-06-11,437,127910,244,62890,165,59259,28,5761,99,9586,337,61759,127,71345,California
Humboldt,2021-06-12,182,128092,132,63022,50,59309,0,5761,51,9507,130,61889,51,71396,California
Humboldt,2021-06-13,215,128307,148,63170,42,59351,25,5786,94,9506,119,62008,118,71514,California
Humboldt,2021-06-14,418,128725,254,63424,137,59488,27,5813,112,9340,305,62313,139,71653,California
Humboldt,2021-06-15,548,129273,373,63797,147,59635,28,5841,157,9139,385,62698,184,71837,California
Humboldt,2021-06-16,482,129755,321,64118,114,59749,47,5888,140,8993,333,63031,187,72024,California
Humboldt,2021-06-17,398,130153,261,64379,91,59840,46,5934,99,8839,299,63330,145,72169,California
Humboldt,2021-06-18,401,130554,232,64611,140,59980,29,5963,132,8736,263,63593,160,72329,California
Humboldt,2021-06-19,202,130756,136,64747,45,60025,21,5984,87,8729,114,63707,107,72436,California
Humboldt,2021-06-20,80,130836,36,64783,30,60055,14,5998,33,8731,45,63752,47,72483,California
Humboldt,2021-06-21,154,130990,72,64855,54,60109,28,6026,53,8711,101,63853,81,72564,California
Humboldt,2021-06-22,349,131339,220,65075,110,60219,19,6045,144,8670,204,64057,163,72727,California
Humboldt,2021-06-23,352,131691,248,65323,74,60293,30,6075,106,8565,239,64296,134,72861,California
Humboldt,2021-06-24,213,131904,108,65431,49,60342,56,6131,87,8585,121,64417,141,73002,California
Humboldt,2021-06-25,256,132160,144,65575,97,60439,15,6146,104,8555,149,64566,119,73121,California
Humboldt,2021-06-26,252,132412,191,65766,38,60477,23,6169,64,8454,188,64754,87,73208,California
Humboldt,2021-06-27,74,132486,51,65817,21,60498,2,6171,26,8434,48,64802,28,73236,California
Humboldt,2021-06-28,156,132642,100,65917,28,60526,28,6199,69,8444,87,64889,97,73333,California
Humboldt,2021-06-29,264,132906,156,66073,75,60601,33,6232,88,8390,174,65063,120,73453,California
Humboldt,2021-06-30,223,133129,146,66219,57,60658,20,6252,93,8375,128,65191,113,73566,California
Humboldt,2021-07-01,190,133319,113,66332,59,60717,18,6270,82,8368,106,65297,99,73665,California
Humboldt,2021-07-02,263,133582,140,66472,83,60800,40,6310,106,8358,156,65453,146,73811,California
Humboldt,2021-07-03,91,133673,62,66534,19,60819,10,6320,40,8358,50,65503,50,73861,California
Humboldt,2021-07-04,9,133682,4,66538,5,60824,0,6320,5,8359,4,65507,5,73866,California
Humboldt,2021-07-05,145,133827,98,66636,35,60859,12,6332,64,8355,80,65587,76,73942,California
Humboldt,2021-07-06,243,134070,160,66796,68,60927,15,6347,67,8261,175,65762,81,74023,California
Humboldt,2021-07-07,242,134312,159,66955,60,60987,23,6370,81,8206,159,65921,104,74127,California
Humboldt,2021-07-08,163,134475,112,67067,34,61021,17,6387,63,8188,98,66019,80,74207,California
Humboldt,2021-07-09,212,134687,139,67206,60,61081,13,6400,76,8140,136,66155,88,74295,California
Humboldt,2021-07-10,129,134816,89,67295,30,61111,10,6410,56,8133,73,66228,66,74361,California
Humboldt,2021-07-11,79,134895,54,67349,13,61124,12,6422,35,8136,44,66272,47,74408,California
Humboldt,2021-07-12,70,134965,41,67390,23,61147,6,6428,37,8146,33,66305,43,74451,California
Imperial,2020-12-16,1,1,1,1,0,0,0,0,1,1,0,0,1,1,California
Imperial,2020-12-17,4,5,4,5,0,0,0,0,4,5,0,0,4,5,California
Imperial,2020-12-18,13,18,13,18,0,0,0,0,13,18,0,0,13,18,California
Imperial,2020-12-20,3,21,3,21,0,0,0,0,3,21,0,0,3,21,California
Imperial,2020-12-21,184,205,184,205,0,0,0,0,184,205,0,0,184,205,California
Imperial,2020-12-22,240,445,238,443,2,2,0,0,240,445,0,0,240,445,California
Imperial,2020-12-23,212,657,211,654,1,3,0,0,212,657,0,0,212,657,California
Imperial,2020-12-24,7,664,7,661,0,3,0,0,7,664,0,0,7,664,California
Imperial,2020-12-26,3,667,1,662,2,5,0,0,3,667,0,0,3,667,California
Imperial,2020-12-27,62,729,0,662,62,67,0,0,62,729,0,0,62,729,California
Imperial,2020-12-28,217,946,115,777,102,169,0,0,217,946,0,0,217,946,California
Imperial,2020-12-29,191,1137,37,814,154,323,0,0,191,1137,0,0,191,1137,California
Imperial,2020-12-30,367,1504,51,865,316,639,0,0,367,1504,0,0,367,1504,California
Imperial,2020-12-31,199,1703,28,893,171,810,0,0,199,1703,0,0,199,1703,California
Imperial,2021-01-01,47,1750,5,898,42,852,0,0,47,1750,0,0,47,1750,California
Imperial,2021-01-02,5,1755,0,898,5,857,0,0,5,1755,0,0,5,1755,California
Imperial,2021-01-03,90,1845,0,898,90,947,0,0,90,1845,0,0,90,1845,California
Imperial,2021-01-04,87,1932,7,905,80,1027,0,0,87,1932,0,0,87,1932,California
Imperial,2021-01-05,174,2106,14,919,160,1187,0,0,174,2106,0,0,174,2106,California
Imperial,2021-01-06,192,2298,26,945,166,1353,0,0,191,2296,1,1,191,2297,California
Imperial,2021-01-07,330,2628,12,957,318,1671,0,0,325,2616,5,6,325,2622,California
Imperial,2021-01-08,195,2823,51,1008,144,1815,0,0,186,2793,9,15,186,2808,California
Imperial,2021-01-09,24,2847,21,1029,3,1818,0,0,24,2817,0,15,24,2832,California
Imperial,2021-01-10,4,2851,1,1030,3,1821,0,0,3,2819,1,16,3,2835,California
Imperial,2021-01-11,403,3254,243,1273,160,1981,0,0,176,2768,227,243,176,3011,California
Imperial,2021-01-12,577,3831,469,1742,108,2089,0,0,314,2820,262,505,314,3325,California
Imperial,2021-01-13,389,4220,136,1878,253,2342,0,0,287,3005,102,607,287,3612,California
Imperial,2021-01-14,307,4527,190,2068,117,2459,0,0,301,3301,5,612,301,3913,California
Imperial,2021-01-15,247,4774,182,2250,65,2524,0,0,239,3532,8,620,239,4152,California
Imperial,2021-01-16,94,4868,74,2324,20,2544,0,0,93,3624,1,621,93,4245,California
Imperial,2021-01-17,18,4886,5,2329,13,2557,0,0,17,3640,1,622,17,4262,California
Imperial,2021-01-18,1077,5963,402,2731,675,3232,0,0,979,4522,98,720,980,5242,California
Imperial,2021-01-19,172,6135,129,2860,43,3275,0,0,125,4600,47,767,125,5367,California
Imperial,2021-01-20,302,6437,199,3059,103,3378,0,0,263,4824,39,806,263,5630,California
Imperial,2021-01-21,437,6874,185,3244,252,3630,0,0,415,5217,22,828,415,6045,California
Imperial,2021-01-22,476,7350,188,3432,288,3918,0,0,467,5675,9,837,467,6512,California
Imperial,2021-01-23,1063,8413,291,3723,772,4690,0,0,1061,6734,2,839,1061,7573,California
Imperial,2021-01-24,24,8437,2,3725,22,4712,0,0,24,6758,0,839,24,7597,California
Imperial,2021-01-25,226,8663,10,3735,216,4928,0,0,42,6618,182,1021,42,7639,California
Imperial,2021-01-26,376,9039,181,3916,195,5123,0,0,232,6708,143,1164,233,7872,California
Imperial,2021-01-27,588,9627,163,4079,425,5548,0,0,253,6626,335,1499,253,8125,California
Imperial,2021-01-28,654,10281,165,4244,489,6037,0,0,544,7060,110,1609,544,8669,California
Imperial,2021-01-29,446,10727,298,4542,148,6185,0,0,396,7406,50,1659,396,9065,California
Imperial,2021-01-30,81,10808,39,4581,42,6227,0,0,64,7453,17,1676,64,9129,California
Imperial,2021-01-31,27,10835,4,4585,23,6250,0,0,26,7478,1,1677,26,9155,California
Imperial,2021-02-01,467,11302,69,4654,398,6648,0,0,254,7521,211,1888,254,9409,California
Imperial,2021-02-02,764,12066,83,4737,681,7329,0,0,580,7917,184,2072,580,9989,California
Imperial,2021-02-03,624,12690,181,4918,443,7772,0,0,361,8017,261,2333,361,10350,California
Imperial,2021-02-04,1937,14627,1380,6298,557,8329,0,0,1496,9074,440,2773,1497,11847,California
Imperial,2021-02-05,456,15083,255,6553,201,8530,0,0,219,9057,238,3011,221,12068,California
Imperial,2021-02-06,888,15971,848,7401,40,8570,0,0,852,9871,38,3049,852,12920,California
Imperial,2021-02-07,48,16019,16,7417,32,8602,0,0,44,9911,4,3053,44,12964,California
Imperial,2021-02-08,275,16294,45,7462,230,8832,0,0,206,10048,69,3122,206,13170,California
Imperial,2021-02-09,491,16785,154,7616,337,9169,0,0,323,10206,168,3290,326,13496,California
Imperial,2021-02-10,480,17265,60,7676,420,9589,0,0,111,9951,369,3659,114,13610,California
Imperial,2021-02-11,1083,18348,387,8063,696,10285,0,0,179,9234,899,4558,182,13792,California
Imperial,2021-02-12,2183,20531,1437,9500,746,11031,0,0,1827,10708,359,4917,1833,15625,California
Imperial,2021-02-13,110,20641,57,9557,53,11084,0,0,92,10781,21,4938,94,15719,California
Imperial,2021-02-14,50,20691,34,9591,16,11100,0,0,47,10825,3,4941,47,15766,California
Imperial,2021-02-15,146,20837,37,9628,109,11209,0,0,127,10936,19,4960,130,15896,California
Imperial,2021-02-16,525,21362,265,9893,260,11469,0,0,306,11027,219,5179,310,16206,California
Imperial,2021-02-17,462,21824,305,10198,157,11626,0,0,104,10778,358,5537,109,16315,California
Imperial,2021-02-18,681,22505,327,10525,354,11980,0,0,160,10428,520,6057,170,16485,California
Imperial,2021-02-19,793,23298,400,10925,393,12373,0,0,207,10052,585,6642,209,16694,California
Imperial,2021-02-20,1061,24359,208,11133,853,13226,0,0,337,9677,722,7364,347,17041,California
Imperial,2021-02-21,618,24977,584,11717,34,13260,0,0,610,10283,7,7371,613,17654,California
Imperial,2021-02-22,859,25836,605,12322,254,13514,0,0,791,11012,67,7438,796,18450,California
Imperial,2021-02-23,1146,26982,538,12860,608,14122,0,0,974,11828,171,7609,987,19437,California
Imperial,2021-02-24,844,27826,402,13262,442,14564,0,0,716,12432,126,7735,730,20167,California
Imperial,2021-02-25,968,28794,426,13688,542,15106,0,0,548,12584,419,8154,571,20738,California
Imperial,2021-02-26,2381,31175,1420,15108,961,16067,0,0,1862,13950,518,8672,1884,22622,California
Imperial,2021-02-27,1012,32187,925,16033,87,16154,0,0,253,13463,760,9432,273,22895,California
Imperial,2021-02-28,109,32296,90,16123,19,16173,0,0,88,13541,21,9453,99,22994,California
Imperial,2021-03-01,592,32888,359,16482,229,16402,4,4,504,13976,84,9537,519,23513,California
Imperial,2021-03-02,782,33670,302,16784,479,16881,1,5,439,14088,341,9878,453,23966,California
Imperial,2021-03-03,1002,34672,95,16879,907,17788,0,5,607,14332,391,10269,635,24601,California
Imperial,2021-03-04,836,35508,150,17029,685,18473,1,6,545,14638,289,10558,595,25196,California
Imperial,2021-03-05,3169,38677,2267,19296,902,19375,0,6,1784,15065,1389,11947,1816,27012,California
Imperial,2021-03-06,818,39495,330,19626,488,19863,0,6,722,15720,93,12040,748,27760,California
Imperial,2021-03-07,162,39657,104,19730,57,19920,1,7,108,15801,53,12093,134,27894,California
Imperial,2021-03-08,499,40156,387,20117,76,19996,36,43,406,16184,93,12186,476,28370,California
Imperial,2021-03-09,746,40902,353,20470,144,20140,249,292,447,16583,299,12485,698,29068,California
Imperial,2021-03-10,837,41739,367,20837,285,20425,185,477,369,16683,467,12952,567,29635,California
Imperial,2021-03-11,1943,43682,527,21364,1146,21571,270,747,1236,17510,703,13655,1530,31165,California
Imperial,2021-03-12,4969,48651,3489,24853,1215,22786,265,1012,3151,19137,1810,15465,3437,34602,California
Imperial,2021-03-13,1235,49886,117,24970,884,23670,234,1246,893,19950,339,15804,1152,35754,California
Imperial,2021-03-14,216,50102,60,25030,142,23812,14,1260,156,20077,59,15863,186,35940,California
Imperial,2021-03-15,782,50884,267,25297,220,24032,295,1555,417,20446,362,16225,731,36671,California
Imperial,2021-03-16,1261,52145,372,25669,380,24412,509,2064,604,20936,653,16878,1143,37814,California
Imperial,2021-03-17,1721,53866,742,26411,794,25206,185,2249,1054,21524,660,17538,1248,39062,California
Imperial,2021-03-18,1902,55768,1251,27662,566,25772,85,2334,1305,22327,592,18130,1395,40457,California
Imperial,2021-03-19,3924,59692,2864,30526,1036,26808,24,2358,1942,22321,1975,20105,1969,42426,California
Imperial,2021-03-20,1831,61523,584,31110,1229,28037,18,2376,1348,23218,475,20580,1372,43798,California
Imperial,2021-03-21,292,61815,104,31214,183,28220,5,2381,165,23269,127,20707,178,43976,California
Imperial,2021-03-22,1110,62925,400,31614,703,28923,7,2388,641,23461,467,21174,659,44635,California
Imperial,2021-03-23,1546,64471,557,32171,983,29906,6,2394,962,23854,580,21754,973,45608,California
Imperial,2021-03-24,2212,66683,636,32807,1150,31056,426,2820,1190,24455,1018,22772,1619,47227,California
Imperial,2021-03-25,3307,69990,799,33606,888,31944,1620,4440,1245,25256,2056,24828,2857,50084,California
Imperial,2021-03-26,3289,73279,1251,34857,1038,32982,1000,5440,944,24873,2332,27160,1949,52033,California
Imperial,2021-03-27,686,73965,328,35185,291,33273,67,5507,452,25164,230,27390,521,52554,California
Imperial,2021-03-28,246,74211,79,35264,160,33433,7,5514,181,25290,63,27453,189,52743,California
Imperial,2021-03-29,1602,75813,392,35656,409,33842,801,6315,331,25158,1266,28719,1134,53877,California
Imperial,2021-03-30,2206,78019,725,36381,598,34440,883,7198,684,25203,1519,30238,1564,55441,California
Imperial,2021-03-31,1637,79656,768,37149,813,35253,56,7254,1022,25668,612,30850,1077,56518,California
Imperial,2021-04-01,2192,81848,466,37615,1401,36654,325,7579,889,25588,1294,32144,1214,57732,California
Imperial,2021-04-02,2251,84099,515,38130,1601,38255,135,7714,1442,26365,800,32944,1577,59309,California
Imperial,2021-04-03,1563,85662,459,38589,1016,39271,88,7802,712,26319,848,33792,802,60111,California
Imperial,2021-04-04,111,85773,67,38656,27,39298,17,7819,33,26292,78,33870,51,60162,California
Imperial,2021-04-05,3496,89269,2349,41005,924,40222,223,8042,813,24662,2672,36542,1042,61204,California
Imperial,2021-04-06,1434,90703,572,41577,601,40823,261,8303,696,24889,733,37275,960,62164,California
Imperial,2021-04-07,2282,92985,613,42190,1234,42057,435,8738,1576,26186,709,37984,2006,64170,California
Imperial,2021-04-08,2318,95303,1122,43312,842,42899,354,9092,1083,26391,1230,39214,1435,65605,California
Imperial,2021-04-09,3570,98873,1712,45024,1063,43962,795,9887,1578,26777,1982,41196,2368,67973,California
Imperial,2021-04-10,1398,100271,227,45251,849,44811,322,10209,245,26192,1149,42345,564,68537,California
Imperial,2021-04-11,254,100525,63,45314,158,44969,33,10242,84,26142,169,42514,119,68656,California
Imperial,2021-04-12,1488,102013,807,46121,460,45429,221,10463,831,26546,649,43163,1053,69709,California
Imperial,2021-04-13,2964,104977,1920,48041,1042,46471,2,10465,2033,27659,925,44088,2038,71747,California
Imperial,2021-04-14,2076,107053,983,49024,1093,47564,0,10465,1395,28384,675,44763,1400,73147,California
Imperial,2021-04-15,2043,109096,958,49982,1085,48649,0,10465,1369,29090,669,45432,1375,74522,California
Imperial,2021-04-16,3560,112656,1822,51804,1738,50387,0,10465,2225,29996,1322,46754,2228,76750,California
Imperial,2021-04-17,1890,114546,958,52762,930,51317,2,10467,1460,31034,425,47179,1463,78213,California
Imperial,2021-04-18,273,114819,85,52847,188,51505,0,10467,91,30948,180,47359,94,78307,California
Imperial,2021-04-19,852,115671,270,53117,582,52087,0,10467,421,30946,428,47787,426,78733,California
Imperial,2021-04-20,1393,117064,554,53671,839,52926,0,10467,777,31113,613,48400,780,79513,California
Imperial,2021-04-21,1477,118541,381,54052,1095,54021,1,10468,844,31331,626,49026,844,80357,California
Imperial,2021-04-22,2506,121047,831,54883,1675,55696,0,10468,1745,32333,745,49771,1747,82104,California
Imperial,2021-04-23,2872,123919,552,55435,2320,58016,0,10468,1111,31719,1729,51500,1115,83219,California
Imperial,2021-04-24,589,124508,324,55759,265,58281,0,10468,234,31600,353,51853,234,83453,California
Imperial,2021-04-25,274,124782,104,55863,170,58451,0,10468,132,31593,139,51992,132,83585,California
Imperial,2021-04-26,1248,126030,484,56347,759,59210,5,10473,716,31789,525,52517,721,84306,California
Imperial,2021-04-27,1164,127194,371,56718,782,59992,11,10484,590,31823,568,53085,602,84908,California
Imperial,2021-04-28,1538,128732,650,57368,855,60847,33,10517,707,31739,824,53909,740,85648,California
Imperial,2021-04-29,1887,130619,865,58233,974,61821,48,10565,848,31610,1027,54936,898,86546,California
Imperial,2021-04-30,3333,133952,1689,59922,1606,63427,38,10603,1613,31552,1709,56645,1651,88197,California
Imperial,2021-05-01,375,134327,130,60052,242,63669,3,10606,201,31586,172,56817,206,88403,California
Imperial,2021-05-02,92,134419,29,60081,56,63725,7,10613,41,31584,51,56868,49,88452,California
Imperial,2021-05-03,1648,136067,546,60627,1054,64779,48,10661,372,30740,1263,58131,419,88871,California
Imperial,2021-05-04,1823,137890,972,61599,824,65603,27,10688,592,30139,1220,59351,619,89490,California
Imperial,2021-05-05,1565,139455,911,62510,634,66237,20,10708,485,29577,1068,60419,506,89996,California
Imperial,2021-05-06,1756,141211,1142,63652,572,66809,42,10750,570,29011,1180,61599,614,90610,California
Imperial,2021-05-07,2654,143865,1455,65107,1142,67951,57,10807,903,28242,1732,63331,963,91573,California
Imperial,2021-05-08,819,144684,650,65757,160,68111,9,10816,212,27863,600,63931,221,91794,California
Imperial,2021-05-09,102,144786,70,65827,31,68142,1,10817,29,27823,70,64001,30,91824,California
Imperial,2021-05-10,1185,145971,303,66130,758,68900,124,10941,364,27496,813,64814,486,92310,California
Imperial,2021-05-11,1524,147495,476,66606,1026,69926,22,10963,536,27079,980,65794,563,92873,California
Imperial,2021-05-12,904,148399,282,66888,582,70508,40,11003,342,26904,556,66350,381,93254,California
Imperial,2021-05-13,1959,150358,1277,68165,610,71118,72,11075,886,26800,1060,67410,956,94210,California
Imperial,2021-05-14,1828,152186,977,69142,789,71907,62,11137,1190,27426,626,68036,1252,95462,California
Imperial,2021-05-15,1282,153468,481,69623,779,72686,22,11159,486,27144,791,68827,509,95971,California
Imperial,2021-05-16,127,153595,87,69710,36,72722,4,11163,54,27130,72,68899,58,96029,California
Imperial,2021-05-17,1980,155575,725,70435,1204,73926,51,11214,692,26591,1282,70181,743,96772,California
Imperial,2021-05-18,1785,157360,896,71331,813,74739,76,11290,970,26831,807,70988,1047,97819,California
Imperial,2021-05-19,1367,158727,623,71954,675,75414,69,11359,635,26811,723,71711,703,98522,California
Imperial,2021-05-20,1833,160560,1043,72997,713,76127,77,11436,775,26622,1042,72753,853,99375,California
Imperial,2021-05-21,1987,162547,1244,74241,679,76806,64,11500,999,26710,975,73728,1063,100438,California
Imperial,2021-05-22,359,162906,194,74435,141,76947,24,11524,172,26726,180,73908,196,100634,California
Imperial,2021-05-23,95,163001,35,74470,51,76998,9,11533,33,26708,60,73968,42,100676,California
Imperial,2021-05-24,1284,164285,629,75099,595,77593,60,11593,529,26548,748,74716,588,101264,California
Imperial,2021-05-25,1558,165843,489,75588,1021,78614,48,11641,565,26180,982,75698,614,101878,California
Imperial,2021-05-26,1133,166976,580,76168,495,79109,58,11699,504,26117,624,76322,561,102439,California
Imperial,2021-05-27,1408,168384,753,76921,582,79691,73,11772,694,26175,709,77031,767,103206,California
Imperial,2021-05-28,1124,169508,613,77534,419,80110,92,11864,416,25988,696,77727,509,103715,California
Imperial,2021-05-29,348,169856,152,77686,155,80265,41,11905,161,26003,187,77914,202,103917,California
Imperial,2021-05-30,99,169955,30,77716,67,80332,2,11907,68,26042,31,77945,70,103987,California
Imperial,2021-05-31,80,170035,20,77736,53,80385,7,11914,36,26041,44,77989,43,104030,California
Imperial,2021-06-01,1320,171355,576,78312,624,81009,120,12034,499,25849,812,78801,620,104650,California
Imperial,2021-06-02,1203,172558,624,78936,457,81466,122,12156,602,25979,592,79393,722,105372,California
Imperial,2021-06-03,1369,173927,760,79696,471,81937,138,12294,625,26005,737,80130,763,106135,California
Imperial,2021-06-04,2499,176426,1734,81430,606,82543,159,12453,1031,25741,1453,81583,1189,107324,California
Imperial,2021-06-05,460,176886,258,81688,144,82687,58,12511,211,25766,244,81827,269,107593,California
Imperial,2021-06-06,82,176968,48,81736,22,82709,12,12523,45,25786,37,81864,57,107650,California
Imperial,2021-06-07,1014,177982,664,82400,284,82993,66,12589,483,25807,528,82392,549,108199,California
Imperial,2021-06-08,1466,179448,1048,83448,330,83323,88,12677,586,25605,874,83266,672,108871,California
Imperial,2021-06-09,1134,180582,783,84231,274,83597,77,12754,512,25578,615,83881,588,109459,California
Imperial,2021-06-10,1222,181804,794,85025,354,83951,74,12828,451,25336,766,84647,524,109983,California
Imperial,2021-06-11,1718,183522,1207,86232,443,84394,68,12896,735,25170,969,85616,803,110786,California
Imperial,2021-06-12,309,183831,141,86373,137,84531,31,12927,138,25170,169,85785,169,110955,California
Imperial,2021-06-13,85,183916,23,86396,60,84591,2,12929,54,25197,30,85815,57,111012,California
Imperial,2021-06-14,883,184799,627,87023,212,84803,44,12973,380,25122,499,86314,424,111436,California
Imperial,2021-06-15,1092,185891,760,87783,284,85087,48,13021,491,25068,594,86908,540,111976,California
Imperial,2021-06-16,1028,186919,657,88440,301,85388,70,13091,486,25087,538,87446,557,112533,California
Imperial,2021-06-17,1119,188038,792,89232,267,85655,60,13151,483,24997,631,88077,541,113074,California
Imperial,2021-06-18,1180,189218,824,90056,286,85941,70,13221,714,25326,454,88531,783,113857,California
Imperial,2021-06-19,345,189563,213,90269,117,86058,15,13236,172,25341,172,88703,187,114044,California
Imperial,2021-06-20,63,189626,30,90299,29,86087,4,13240,24,25330,39,88742,28,114072,California
Imperial,2021-06-21,684,190310,419,90718,227,86314,38,13278,421,25535,256,88998,461,114533,California
Imperial,2021-06-22,1173,191483,811,91529,312,86626,50,13328,635,25691,530,89528,686,115219,California
Imperial,2021-06-23,1145,192628,784,92313,300,86926,61,13389,618,25853,516,90044,678,115897,California
Imperial,2021-06-24,1057,193685,719,93032,290,87216,48,13437,539,25927,513,90557,587,116484,California
Imperial,2021-06-25,1429,195114,1058,94090,290,87506,81,13518,612,25815,804,91361,692,117176,California
Imperial,2021-06-26,249,195363,153,94243,87,87593,9,13527,82,25741,165,91526,91,117267,California
Imperial,2021-06-27,123,195486,60,94303,58,87651,5,13532,51,25724,72,91598,55,117322,California
Imperial,2021-06-28,647,196133,469,94772,157,87808,21,13553,335,25772,307,91905,355,117677,California
Imperial,2021-06-29,845,196978,622,95394,176,87984,47,13600,388,25755,453,92358,436,118113,California
Imperial,2021-06-30,861,197839,555,95949,281,88265,25,13625,357,25640,499,92857,384,118497,California
Imperial,2021-07-01,789,198628,560,96509,213,88478,16,13641,376,25626,406,93263,392,118889,California
Imperial,2021-07-02,909,199537,617,97126,267,88745,25,13666,387,25521,516,93779,411,119300,California
Imperial,2021-07-03,215,199752,99,97225,110,88855,6,13672,89,25493,122,93901,94,119394,California
Imperial,2021-07-04,42,199794,14,97239,25,88880,3,13675,19,25492,23,93924,22,119416,California
Imperial,2021-07-05,203,199997,90,97329,106,88986,7,13682,81,25458,121,94045,87,119503,California
Imperial,2021-07-06,958,200955,668,97997,261,89247,29,13711,376,25289,575,94620,406,119909,California
Imperial,2021-07-07,785,201740,528,98525,190,89437,67,13778,292,25161,486,95106,358,120267,California
Imperial,2021-07-08,726,202466,524,99049,176,89613,26,13804,317,25100,404,95510,343,120610,California
Imperial,2021-07-09,980,203446,718,99767,239,89852,23,13827,432,25015,540,96050,455,121065,California
Imperial,2021-07-10,191,203637,105,99872,84,89936,2,13829,95,25017,96,96146,98,121163,California
Imperial,2021-07-11,74,203711,25,99897,49,89985,0,13829,29,25002,44,96190,29,121192,California
Imperial,2021-07-12,446,204157,329,100226,107,90092,10,13839,162,24893,282,96472,173,121365,California
Inyo,2020-12-19,85,85,85,85,0,0,0,0,85,85,0,0,85,85,California
Inyo,2020-12-20,58,143,58,143,0,0,0,0,58,143,0,0,58,143,California
Inyo,2020-12-21,88,231,85,228,3,3,0,0,88,231,0,0,88,231,California
Inyo,2020-12-22,105,336,105,333,0,3,0,0,105,336,0,0,105,336,California
Inyo,2020-12-23,70,406,67,400,3,6,0,0,70,406,0,0,70,406,California
Inyo,2020-12-24,15,421,15,415,0,6,0,0,15,421,0,0,15,421,California
Inyo,2020-12-25,1,422,0,415,1,7,0,0,1,422,0,0,1,422,California
Inyo,2020-12-26,74,496,74,489,0,7,0,0,74,496,0,0,74,496,California
Inyo,2020-12-28,47,543,35,524,12,19,0,0,47,543,0,0,47,543,California
Inyo,2020-12-29,19,562,19,543,0,19,0,0,19,562,0,0,19,562,California
Inyo,2020-12-30,56,618,54,597,2,21,0,0,56,618,0,0,56,618,California
Inyo,2020-12-31,29,647,0,597,29,50,0,0,29,647,0,0,29,647,California
Inyo,2021-01-01,1,648,0,597,1,51,0,0,1,648,0,0,1,648,California
Inyo,2021-01-03,1,649,0,597,1,52,0,0,1,649,0,0,1,649,California
Inyo,2021-01-04,4,653,1,598,3,55,0,0,4,653,0,0,4,653,California
Inyo,2021-01-05,34,687,0,598,34,89,0,0,34,687,0,0,34,687,California
Inyo,2021-01-06,68,755,0,598,68,157,0,0,68,755,0,0,68,755,California
Inyo,2021-01-07,31,786,1,599,30,187,0,0,31,786,0,0,31,786,California
Inyo,2021-01-08,9,795,8,607,1,188,0,0,4,786,5,5,5,791,California
Inyo,2021-01-09,87,882,86,693,1,189,0,0,1,701,86,91,1,792,California
Inyo,2021-01-10,52,934,52,745,0,189,0,0,0,649,52,143,0,792,California
Inyo,2021-01-11,97,1031,82,827,15,204,0,0,16,584,81,224,16,808,California
Inyo,2021-01-12,138,1169,117,944,21,225,0,0,28,502,110,334,28,836,California
Inyo,2021-01-13,86,1255,68,1012,18,243,0,0,21,459,65,399,22,858,California
Inyo,2021-01-14,60,1315,13,1025,47,290,0,0,50,499,10,409,50,908,California
Inyo,2021-01-15,163,1478,28,1053,135,425,0,0,163,662,0,409,163,1071,California
Inyo,2021-01-16,74,1552,73,1126,1,426,0,0,1,590,73,482,1,1072,California
Inyo,2021-01-18,57,1609,35,1161,22,448,0,0,19,571,38,520,19,1091,California
Inyo,2021-01-19,116,1725,74,1235,42,490,0,0,99,653,17,537,99,1190,California
Inyo,2021-01-20,148,1873,71,1306,77,567,0,0,93,691,55,592,93,1283,California
Inyo,2021-01-21,120,1993,57,1363,63,630,0,0,119,809,1,593,119,1402,California
Inyo,2021-01-22,63,2056,0,1363,63,693,0,0,61,868,2,595,61,1463,California
Inyo,2021-01-23,54,2110,52,1415,2,695,0,0,53,921,0,595,53,1516,California
Inyo,2021-01-25,49,2159,6,1421,43,738,0,0,37,946,12,607,37,1553,California
Inyo,2021-01-26,136,2295,55,1476,81,819,0,0,130,1070,6,613,130,1683,California
Inyo,2021-01-27,24,2319,2,1478,22,841,0,0,23,1092,1,614,23,1706,California
Inyo,2021-01-28,92,2411,2,1480,90,931,0,0,63,1126,29,643,63,1769,California
Inyo,2021-01-29,25,2436,3,1483,22,953,0,0,23,1147,2,645,23,1792,California
Inyo,2021-01-30,11,2447,1,1484,10,963,0,0,11,1158,0,645,11,1803,California
Inyo,2021-01-31,32,2479,4,1488,28,991,0,0,4,1134,28,673,4,1807,California
Inyo,2021-02-01,11,2490,10,1498,1,992,0,0,1,1125,10,683,1,1808,California
Inyo,2021-02-02,130,2620,14,1512,116,1108,0,0,104,1203,26,709,104,1912,California
Inyo,2021-02-03,118,2738,0,1512,118,1226,0,0,74,1233,44,753,74,1986,California
Inyo,2021-02-04,152,2890,34,1546,118,1344,0,0,91,1264,61,814,92,2078,California
Inyo,2021-02-05,118,3008,62,1608,56,1400,0,0,116,1378,2,816,116,2194,California
Inyo,2021-02-06,5,3013,3,1611,2,1402,0,0,3,1380,1,817,3,2197,California
Inyo,2021-02-07,4,3017,2,1613,2,1404,0,0,4,1384,0,817,4,2201,California
Inyo,2021-02-08,117,3134,7,1620,110,1514,0,0,97,1461,20,837,97,2298,California
Inyo,2021-02-09,202,3336,52,1672,150,1664,0,0,129,1517,73,910,129,2427,California
Inyo,2021-02-10,141,3477,16,1688,125,1789,0,0,107,1590,34,944,107,2534,California
Inyo,2021-02-11,222,3699,57,1745,165,1954,0,0,126,1620,96,1040,126,2660,California
Inyo,2021-02-12,302,4001,51,1796,251,2205,0,0,167,1653,134,1174,167,2827,California
Inyo,2021-02-13,59,4060,54,1850,5,2210,0,0,7,1608,52,1226,7,2834,California
Inyo,2021-02-14,2,4062,0,1850,2,2212,0,0,2,1610,0,1226,2,2836,California
Inyo,2021-02-15,29,4091,9,1859,20,2232,0,0,5,1591,24,1250,5,2841,California
Inyo,2021-02-16,183,4274,54,1913,129,2361,0,0,91,1593,89,1339,91,2932,California
Inyo,2021-02-17,38,4312,4,1917,34,2395,0,0,8,1571,30,1369,8,2940,California
Inyo,2021-02-18,122,4434,6,1923,116,2511,0,0,79,1607,43,1412,79,3019,California
Inyo,2021-02-19,53,4487,4,1927,49,2560,0,0,10,1574,43,1455,10,3029,California
Inyo,2021-02-20,513,5000,507,2434,6,2566,0,0,509,2080,3,1458,509,3538,California
Inyo,2021-02-21,446,5446,446,2880,0,2566,0,0,445,2525,0,1458,445,3983,California
Inyo,2021-02-22,62,5508,19,2899,43,2609,0,0,27,2517,35,1493,27,4010,California
Inyo,2021-02-23,203,5711,19,2918,184,2793,0,0,94,2504,107,1600,94,4104,California
Inyo,2021-02-24,119,5830,0,2918,119,2912,0,0,57,2499,62,1662,57,4161,California
Inyo,2021-02-25,133,5963,5,2923,128,3040,0,0,63,2492,70,1732,63,4224,California
Inyo,2021-02-26,106,6069,62,2985,44,3084,0,0,21,2428,85,1817,21,4245,California
Inyo,2021-02-27,14,6083,3,2988,11,3095,0,0,2,2418,12,1829,2,4247,California
Inyo,2021-02-28,3,6086,1,2989,2,3097,0,0,2,2419,1,1830,2,4249,California
Inyo,2021-03-01,19,6105,2,2991,17,3114,0,0,17,2434,2,1832,17,4266,California
Inyo,2021-03-02,197,6302,1,2992,196,3310,0,0,112,2461,85,1917,112,4378,California
Inyo,2021-03-03,87,6389,4,2996,83,3393,0,0,42,2459,44,1961,42,4420,California
Inyo,2021-03-04,128,6517,3,2999,125,3518,0,0,46,2424,81,2042,46,4466,California
Inyo,2021-03-05,145,6662,56,3055,89,3607,0,0,42,2363,103,2145,42,4508,California
Inyo,2021-03-06,30,6692,1,3056,29,3636,0,0,29,2391,1,2146,29,4537,California
Inyo,2021-03-07,7,6699,4,3060,3,3639,0,0,5,2394,2,2148,5,4542,California
Inyo,2021-03-08,184,6883,5,3065,179,3818,0,0,91,2392,93,2241,91,4633,California
Inyo,2021-03-09,191,7074,3,3068,188,4006,0,0,74,2349,117,2358,74,4707,California
Inyo,2021-03-10,71,7145,8,3076,62,4068,1,1,30,2339,41,2399,31,4738,California
Inyo,2021-03-11,206,7351,1,3077,200,4268,5,6,75,2288,131,2530,80,4818,California
Inyo,2021-03-12,179,7530,5,3082,168,4436,6,12,78,2272,100,2630,84,4902,California
Inyo,2021-03-13,584,8114,549,3631,25,4461,10,22,70,1840,512,3142,80,4982,California
Inyo,2021-03-14,441,8555,440,4071,1,4462,0,22,2,1404,438,3580,2,4984,California
Inyo,2021-03-15,51,8606,15,4086,34,4496,2,24,30,1415,21,3601,32,5016,California
Inyo,2021-03-16,164,8770,4,4090,154,4650,6,30,63,1386,99,3700,70,5086,California
Inyo,2021-03-17,108,8878,3,4093,98,4748,7,37,92,1469,16,3716,99,5185,California
Inyo,2021-03-18,185,9063,16,4109,162,4910,7,44,104,1499,81,3797,111,5296,California
Inyo,2021-03-19,48,9111,6,4115,38,4948,4,48,36,1528,11,3808,40,5336,California
Inyo,2021-03-20,20,9131,1,4116,10,4958,9,57,1,1519,19,3827,10,5346,California
Inyo,2021-03-22,59,9190,3,4119,51,5009,5,62,39,1543,20,3847,44,5390,California
Inyo,2021-03-23,195,9385,4,4123,187,5196,4,66,105,1562,90,3937,109,5499,California
Inyo,2021-03-24,141,9526,3,4126,133,5329,5,71,86,1598,55,3992,91,5590,California
Inyo,2021-03-25,330,9856,110,4236,217,5546,3,74,263,1797,67,4059,266,5856,California
Inyo,2021-03-26,92,9948,3,4239,85,5631,4,78,71,1851,21,4080,75,5931,California
Inyo,2021-03-27,53,10001,45,4284,5,5636,3,81,47,1895,6,4086,50,5981,California
Inyo,2021-03-28,4,10005,1,4285,2,5638,1,82,1,1894,3,4089,2,5983,California
Inyo,2021-03-29,109,10114,2,4287,102,5740,5,87,82,1955,26,4115,87,6070,California
Inyo,2021-03-30,221,10335,2,4289,214,5954,5,92,109,1957,112,4227,114,6184,California
Inyo,2021-03-31,150,10485,4,4293,141,6095,5,97,107,2027,43,4270,113,6297,California
Inyo,2021-04-01,167,10652,3,4296,163,6258,1,98,117,2095,50,4320,118,6415,California
Inyo,2021-04-02,80,10732,1,4297,77,6335,2,100,49,2115,31,4351,51,6466,California
Inyo,2021-04-03,93,10825,47,4344,32,6367,14,114,5,2047,86,4437,18,6484,California
Inyo,2021-04-04,5,10830,4,4348,0,6367,1,115,1,2045,4,4441,2,6486,California
Inyo,2021-04-05,116,10946,0,4348,112,6479,4,119,28,1989,88,4529,32,6518,California
Inyo,2021-04-06,237,11183,5,4353,169,6648,63,182,105,2025,132,4661,168,6686,California
Inyo,2021-04-07,204,11387,1,4354,76,6724,127,309,47,2041,158,4819,174,6860,California
Inyo,2021-04-08,182,11569,15,4369,150,6874,17,326,82,2040,100,4919,99,6959,California
Inyo,2021-04-09,126,11695,7,4376,96,6970,23,349,37,2012,88,5007,60,7019,California
Inyo,2021-04-10,43,11738,2,4378,24,6994,17,366,4,1994,39,5046,21,7040,California
Inyo,2021-04-11,1,11739,0,4378,1,6995,0,366,1,1995,0,5046,1,7041,California
Inyo,2021-04-12,79,11818,0,4378,74,7069,5,371,41,2003,38,5084,46,7087,California
Inyo,2021-04-13,124,11942,5,4383,116,7185,3,374,64,2012,58,5142,67,7154,California
Inyo,2021-04-14,130,12072,2,4385,128,7313,0,374,45,1972,85,5227,45,7199,California
Inyo,2021-04-15,274,12346,116,4501,158,7471,0,374,78,1854,196,5423,78,7277,California
Inyo,2021-04-16,48,12394,6,4507,42,7513,0,374,19,1845,28,5451,19,7296,California
Inyo,2021-04-17,2,12396,1,4508,1,7514,0,374,1,1845,1,5452,1,7297,California
Inyo,2021-04-19,133,12529,44,4552,89,7603,0,374,46,1805,86,5538,46,7343,California
Inyo,2021-04-20,164,12693,2,4554,162,7765,0,374,80,1801,84,5622,80,7423,California
Inyo,2021-04-21,113,12806,5,4559,108,7873,0,374,32,1752,81,5703,32,7455,California
Inyo,2021-04-22,195,13001,1,4560,194,8067,0,374,51,1659,144,5847,51,7506,California
Inyo,2021-04-23,95,13096,4,4564,91,8158,0,374,22,1608,73,5920,22,7528,California
Inyo,2021-04-24,311,13407,310,4874,1,8159,0,374,305,1908,6,5926,306,7834,California
Inyo,2021-04-25,135,13542,134,5008,1,8160,0,374,135,2043,0,5926,135,7969,California
Inyo,2021-04-26,92,13634,1,5009,90,8250,1,375,11,1974,81,6007,12,7981,California
Inyo,2021-04-27,183,13817,6,5015,172,8422,5,380,48,1892,135,6142,53,8034,California
Inyo,2021-04-28,121,13938,2,5017,117,8539,2,382,20,1814,100,6242,22,8056,California
Inyo,2021-04-29,171,14109,55,5072,116,8655,0,382,77,1798,93,6335,77,8133,California
Inyo,2021-04-30,82,14191,5,5077,76,8731,1,383,23,1763,59,6394,24,8157,California
Inyo,2021-05-01,13,14204,4,5081,9,8740,0,383,10,1770,3,6397,10,8167,California
Inyo,2021-05-02,7,14211,3,5084,2,8742,2,385,4,1773,3,6400,6,8173,California
Inyo,2021-05-03,38,14249,1,5085,33,8775,4,389,5,1749,33,6433,9,8182,California
Inyo,2021-05-04,123,14372,2,5087,117,8892,4,393,19,1668,104,6537,23,8205,California
Inyo,2021-05-05,37,14409,0,5087,35,8927,2,395,11,1655,26,6563,13,8218,California
Inyo,2021-05-06,94,14503,4,5091,82,9009,8,403,13,1595,81,6644,21,8239,California
Inyo,2021-05-07,50,14553,5,5096,37,9046,8,411,24,1603,24,6668,32,8271,California
Inyo,2021-05-08,11,14564,2,5098,4,9050,5,416,4,1605,7,6675,9,8280,California
Inyo,2021-05-09,1,14565,0,5098,1,9051,0,416,0,1604,1,6676,0,8280,California
Inyo,2021-05-10,70,14635,1,5099,67,9118,2,418,32,1600,39,6715,35,8315,California
Inyo,2021-05-11,88,14723,1,5100,84,9202,3,421,20,1555,68,6783,23,8338,California
Inyo,2021-05-12,42,14765,2,5102,38,9240,2,423,11,1537,31,6814,13,8351,California
Inyo,2021-05-13,75,14840,1,5103,73,9313,1,424,12,1487,63,6877,13,8364,California
Inyo,2021-05-14,28,14868,5,5108,18,9331,5,429,14,1492,14,6891,19,8383,California
Inyo,2021-05-15,381,15249,368,5476,10,9341,3,432,85,1285,295,7186,88,8471,California
Inyo,2021-05-16,200,15449,200,5676,0,9341,0,432,73,1231,127,7313,73,8544,California
Inyo,2021-05-17,63,15512,2,5678,57,9398,4,436,18,1208,45,7358,22,8566,California
Inyo,2021-05-18,84,15596,2,5680,81,9479,1,437,17,1159,67,7425,18,8584,California
Inyo,2021-05-19,46,15642,2,5682,39,9518,5,442,13,1144,33,7458,18,8602,California
Inyo,2021-05-20,147,15789,82,5764,63,9581,2,444,36,1070,112,7570,38,8640,California
Inyo,2021-05-21,49,15838,18,5782,26,9607,5,449,19,1064,30,7600,24,8664,California
Inyo,2021-05-22,25,15863,15,5797,7,9614,3,452,18,1078,7,7607,21,8685,California
Inyo,2021-05-23,2,15865,1,5798,0,9614,1,453,0,1077,2,7609,1,8686,California
Inyo,2021-05-24,33,15898,6,5804,24,9638,3,456,13,1073,20,7629,16,8702,California
Inyo,2021-05-25,82,15980,39,5843,41,9679,2,458,47,1087,35,7664,49,8751,California
Inyo,2021-05-26,44,16024,16,5859,26,9705,2,460,21,1088,22,7686,23,8774,California
Inyo,2021-05-27,39,16063,10,5869,21,9726,8,468,12,1082,26,7712,20,8794,California
Inyo,2021-05-28,26,16089,6,5875,15,9741,5,473,8,1077,18,7730,13,8807,California
Inyo,2021-05-29,16,16105,5,5880,11,9752,0,473,7,1075,9,7739,7,8814,California
Inyo,2021-05-30,2,16107,0,5880,2,9754,0,473,0,1073,2,7741,0,8814,California
Inyo,2021-06-01,54,16161,16,5896,32,9786,6,479,23,1071,31,7772,29,8843,California
Inyo,2021-06-02,11,16172,9,5905,1,9787,1,480,9,1079,2,7774,10,8853,California
Inyo,2021-06-03,25,16197,0,5905,18,9805,7,487,1,1063,24,7798,8,8861,California
Inyo,2021-06-04,32,16229,6,5911,22,9827,4,491,12,1059,20,7818,16,8877,California
Inyo,2021-06-05,17,16246,8,5919,8,9835,1,492,4,1051,13,7831,5,8882,California
Inyo,2021-06-07,51,16297,15,5934,33,9868,3,495,5,1013,46,7877,8,8890,California
Inyo,2021-06-08,51,16348,23,5957,25,9893,3,498,24,1013,27,7904,27,8917,California
Inyo,2021-06-09,112,16460,96,6053,14,9907,2,500,14,931,98,8002,16,8933,California
Inyo,2021-06-10,52,16512,38,6091,9,9916,5,505,14,912,38,8040,19,8952,California
Inyo,2021-06-11,42,16554,22,6113,18,9934,2,507,17,906,25,8065,19,8971,California
Inyo,2021-06-12,15,16569,8,6121,6,9940,1,508,5,902,10,8075,6,8977,California
Inyo,2021-06-13,1,16570,0,6121,1,9941,0,508,0,901,1,8076,0,8977,California
Inyo,2021-06-14,57,16627,27,6148,27,9968,3,511,7,861,50,8126,10,8987,California
Inyo,2021-06-15,52,16679,39,6187,9,9977,4,515,9,831,43,8169,13,9000,California
Inyo,2021-06-16,33,16712,20,6207,13,9990,0,515,7,812,26,8195,7,9007,California
Inyo,2021-06-17,23,16735,13,6220,6,9996,4,519,5,804,17,8212,9,9016,California
Inyo,2021-06-18,14,16749,5,6225,6,10002,3,522,2,797,12,8224,5,9021,California
Inyo,2021-06-19,21,16770,7,6232,13,10015,1,523,7,792,13,8237,8,9029,California
Inyo,2021-06-21,29,16799,8,6240,18,10033,3,526,13,792,16,8253,16,9045,California
Inyo,2021-06-22,51,16850,42,6282,7,10040,2,528,24,791,27,8280,26,9071,California
Inyo,2021-06-23,14,16864,6,6288,7,10047,1,529,1,780,13,8293,2,9073,California
Inyo,2021-06-24,6,16870,2,6290,3,10050,1,530,3,781,3,8296,4,9077,California
Inyo,2021-06-25,26,16896,10,6300,13,10063,3,533,12,782,14,8310,15,9092,California
Inyo,2021-06-26,12,16908,6,6306,4,10067,2,535,4,780,8,8318,6,9098,California
Inyo,2021-06-28,13,16921,11,6317,2,10069,0,535,8,783,5,8323,8,9106,California
Inyo,2021-06-29,34,16955,29,6346,5,10074,0,535,14,777,20,8343,14,9120,California
Inyo,2021-06-30,21,16976,17,6363,4,10078,0,535,7,770,14,8357,7,9127,California
Inyo,2021-07-01,13,16989,9,6372,4,10082,0,535,8,773,5,8362,8,9135,California
Inyo,2021-07-02,21,17010,9,6381,12,10094,0,535,13,778,8,8370,13,9148,California
Inyo,2021-07-03,6,17016,6,6387,0,10094,0,535,5,782,1,8371,5,9153,California
Inyo,2021-07-05,4,17020,2,6389,2,10096,0,535,0,778,4,8375,0,9153,California
Inyo,2021-07-06,24,17044,14,6403,10,10106,0,535,16,786,8,8383,16,9169,California
Inyo,2021-07-07,17,17061,8,6411,7,10113,2,537,3,777,14,8397,5,9174,California
Inyo,2021-07-08,9,17070,7,6418,2,10115,0,537,8,784,1,8398,8,9182,California
Inyo,2021-07-09,6,17076,5,6423,1,10116,0,537,4,786,2,8400,4,9186,California
Inyo,2021-07-10,9,17085,7,6430,2,10118,0,537,4,785,5,8405,4,9190,California
Inyo,2021-07-11,2,17087,2,6432,0,10118,0,537,1,785,1,8406,1,9191,California
Inyo,2021-07-12,17,17104,6,6438,11,10129,0,537,9,786,8,8414,9,9200,California
Kern,2020-12-15,1,1,1,1,0,0,0,0,1,1,0,0,1,1,California
Kern,2020-12-16,19,20,19,20,0,0,0,0,19,20,0,0,19,20,California
Kern,2020-12-17,164,184,164,184,0,0,0,0,164,184,0,0,164,184,California
Kern,2020-12-18,327,511,327,511,0,0,0,0,327,511,0,0,327,511,California
Kern,2020-12-19,99,610,99,610,0,0,0,0,100,611,0,0,100,611,California
Kern,2020-12-20,62,672,62,672,0,0,0,0,62,673,0,0,62,673,California
Kern,2020-12-21,672,1344,671,1343,1,1,0,0,672,1345,0,0,672,1345,California
Kern,2020-12-22,533,1877,530,1873,3,4,0,0,533,1878,0,0,533,1878,California
Kern,2020-12-23,558,2435,420,2293,138,142,0,0,558,2436,0,0,558,2436,California
Kern,2020-12-24,123,2558,44,2337,79,221,0,0,123,2559,0,0,123,2559,California
Kern,2020-12-25,1,2559,1,2338,0,221,0,0,1,2560,0,0,1,2560,California
Kern,2020-12-26,35,2594,2,2340,33,254,0,0,35,2595,0,0,35,2595,California
Kern,2020-12-27,35,2629,3,2343,32,286,0,0,35,2630,0,0,35,2630,California
Kern,2020-12-28,831,3460,666,3009,165,451,0,0,831,3461,0,0,831,3461,California
Kern,2020-12-29,745,4205,451,3460,294,745,0,0,744,4204,1,1,744,4205,California
Kern,2020-12-30,1207,5412,915,4375,292,1037,0,0,1207,5411,0,1,1207,5412,California
Kern,2020-12-31,276,5688,99,4474,177,1214,0,0,276,5687,0,1,276,5688,California
Kern,2021-01-01,20,5708,10,4484,10,1224,0,0,20,5707,0,1,20,5708,California
Kern,2021-01-02,79,5787,18,4502,61,1285,0,0,79,5786,0,1,79,5787,California
Kern,2021-01-03,23,5810,4,4506,19,1304,0,0,23,5809,0,1,23,5810,California
Kern,2021-01-04,554,6364,362,4868,192,1496,0,0,554,6363,0,1,554,6364,California
Kern,2021-01-05,1135,7499,739,5607,396,1892,0,0,1123,7474,12,13,1123,7487,California
Kern,2021-01-06,1168,8667,451,6058,717,2609,0,0,1137,8580,31,44,1137,8624,California
Kern,2021-01-07,1414,10081,491,6549,923,3532,0,0,1244,9655,169,213,1244,9868,California
Kern,2021-01-08,1633,11714,774,7323,859,4391,0,0,1331,10684,303,516,1332,11200,California
Kern,2021-01-09,229,11943,79,7402,150,4541,0,0,193,10841,36,552,193,11393,California
Kern,2021-01-10,195,12138,149,7551,46,4587,0,0,154,10954,41,593,154,11547,California
Kern,2021-01-11,1560,13698,986,8537,574,5161,0,0,1003,11400,557,1150,1003,12550,California
Kern,2021-01-12,1879,15577,818,9355,1061,6222,0,0,1361,12244,518,1668,1362,13912,California
Kern,2021-01-13,1862,17439,879,10234,983,7205,0,0,1438,13258,424,2092,1438,15350,California
Kern,2021-01-14,2204,19643,655,10889,1549,8754,0,0,2158,15370,46,2138,2158,17508,California
Kern,2021-01-15,2730,22373,863,11752,1867,10621,0,0,2634,17910,95,2233,2635,20143,California
Kern,2021-01-16,675,23048,214,11966,461,11082,0,0,640,18515,35,2268,640,20783,California
Kern,2021-01-17,76,23124,8,11974,68,11150,0,0,74,18587,2,2270,74,20857,California
Kern,2021-01-18,1646,24770,657,12631,989,12139,0,0,1480,19901,166,2436,1480,22337,California
Kern,2021-01-19,1871,26641,1034,13665,837,12976,0,0,1403,20837,468,2904,1404,23741,California
Kern,2021-01-20,2738,29379,1792,15457,946,13922,0,0,1955,22016,778,3682,1957,25698,California
Kern,2021-01-21,2142,31521,874,16331,1268,15190,0,0,1944,23763,197,3879,1944,27642,California
Kern,2021-01-22,2736,34257,1316,17647,1420,16610,0,0,2453,25934,282,4161,2453,30095,California
Kern,2021-01-23,1259,35516,544,18191,715,17325,0,0,1209,27093,50,4211,1209,31304,California
Kern,2021-01-24,155,35671,12,18203,143,17468,0,0,149,27236,6,4217,149,31453,California
Kern,2021-01-25,2381,38052,1084,19287,1297,18765,0,0,1895,28648,484,4701,1896,33349,California
Kern,2021-01-26,2789,40841,1132,20419,1657,20422,0,0,1927,29714,861,5562,1927,35276,California
Kern,2021-01-27,3564,44405,1894,22313,1670,22092,0,0,2864,31881,697,6259,2864,38140,California
Kern,2021-01-28,2899,47304,1363,23676,1536,23628,0,0,2465,33920,429,6688,2468,40608,California
Kern,2021-01-29,3794,51098,1801,25477,1993,25621,0,0,3244,36617,547,7235,3244,43852,California
Kern,2021-01-30,1334,52432,500,25977,834,26455,0,0,1281,37847,51,7286,1281,45133,California
Kern,2021-01-31,400,52832,273,26250,127,26582,0,0,265,37977,135,7421,265,45398,California
Kern,2021-02-01,2583,55415,972,27222,1611,28193,0,0,1868,39135,712,8133,1870,47268,California
Kern,2021-02-02,2766,58181,805,28027,1961,30154,0,0,2056,40482,710,8843,2057,49325,California
Kern,2021-02-03,3696,61877,1552,29579,2144,32298,0,0,2710,42213,979,9822,2710,52035,California
Kern,2021-02-04,3827,65704,1450,31029,2377,34675,0,0,2586,43569,1230,11052,2586,54621,California
Kern,2021-02-05,4879,70583,1990,33019,2889,37564,0,0,3106,44921,1754,12806,3106,57727,California
Kern,2021-02-06,1752,72335,771,33790,981,38545,0,0,1517,46207,231,13037,1517,59244,California
Kern,2021-02-07,283,72618,150,33940,133,38678,0,0,264,46454,17,13054,264,59508,California
Kern,2021-02-08,2571,75189,788,34728,1783,40461,0,0,1258,46418,1295,14349,1259,60767,California
Kern,2021-02-09,3050,78239,979,35707,2071,42532,0,0,1469,46317,1570,15919,1469,62236,California
Kern,2021-02-10,3836,82075,1674,37381,2162,44694,0,0,1873,46245,1945,17864,1873,64109,California
Kern,2021-02-11,4296,86371,1541,38922,2755,47449,0,0,2231,46427,2052,19916,2234,66343,California
Kern,2021-02-12,5012,91383,1910,40832,3102,50551,0,0,2490,46410,2507,22423,2490,68833,California
Kern,2021-02-13,2020,93403,736,41568,1284,51835,0,0,1164,46721,853,23276,1164,69997,California
Kern,2021-02-14,354,93757,12,41580,342,52177,0,0,272,46912,81,23357,272,70269,California
Kern,2021-02-15,2771,96528,908,42488,1863,54040,0,0,1223,46596,1539,24896,1223,71492,California
Kern,2021-02-16,2968,99496,720,43208,2248,56288,0,0,1662,46962,1297,26193,1663,73155,California
Kern,2021-02-17,4118,103614,2100,45308,2018,58306,0,0,1940,46731,2172,28365,1941,75096,California
Kern,2021-02-18,3810,107424,1511,46819,2299,60605,0,0,1633,46199,2165,30530,1633,76729,California
Kern,2021-02-19,4249,111673,1936,48755,2313,62918,0,0,1764,45485,2478,33008,1764,78493,California
Kern,2021-02-20,2633,114306,983,49738,1650,64568,0,0,1372,45601,1256,34264,1372,79865,California
Kern,2021-02-21,278,114584,169,49907,109,64677,0,0,92,45510,184,34448,93,79958,California
Kern,2021-02-22,2797,117381,1229,51136,1568,66245,0,0,1500,45723,1287,35735,1500,81458,California
Kern,2021-02-23,3679,121060,1178,52314,2501,68746,0,0,2025,46097,1652,37387,2026,83484,California
Kern,2021-02-24,5392,126452,2376,54690,3016,71762,0,0,3190,47095,2192,39579,3190,86674,California
Kern,2021-02-25,5536,131988,2551,57241,2985,74747,0,0,3279,48140,2234,41813,3279,89953,California
Kern,2021-02-26,7089,139077,3616,60857,3473,78220,0,0,4474,50008,2608,44421,4476,94429,California
Kern,2021-02-27,4044,143121,2017,62874,2027,80247,0,0,2660,51294,1374,45795,2660,97089,California
Kern,2021-02-28,928,144049,505,63379,422,80669,1,1,704,51778,221,46016,705,97794,California
Kern,2021-03-01,4025,148074,1830,65209,2191,82860,4,5,2705,53178,1309,47325,2709,100503,California
Kern,2021-03-02,4549,152623,1420,66629,3125,85985,4,9,2994,54630,1543,48868,2995,103498,California
Kern,2021-03-03,6019,158642,2853,69482,3164,89149,2,11,3893,56414,2110,50978,3894,107392,California
Kern,2021-03-04,5713,164355,2283,71765,3425,92574,5,16,3702,58125,1994,52972,3705,111097,California
Kern,2021-03-05,6737,171092,2884,74649,3834,96408,19,35,4208,59836,2517,55489,4228,115325,California
Kern,2021-03-06,4777,175869,1927,76576,2739,99147,111,146,3483,62143,1287,56776,3594,118919,California
Kern,2021-03-07,2087,177956,1591,78167,425,99572,71,217,1871,63871,214,56990,1942,120861,California
Kern,2021-03-08,2922,180878,926,79093,1765,101337,231,448,1530,64240,1389,58379,1758,122619,California
Kern,2021-03-09,3751,184629,813,79906,2547,103884,391,839,2340,65563,1403,59782,2726,125345,California
Kern,2021-03-10,6176,190805,2572,82478,2523,106407,1081,1920,3610,67703,2549,62331,4689,130034,California
Kern,2021-03-11,6347,197152,2445,84923,2873,109280,1029,2949,3772,69935,2564,64895,4796,134830,California
Kern,2021-03-12,7872,205024,3085,88008,3432,112712,1355,4304,4332,72080,3528,68423,5673,140503,California
Kern,2021-03-13,4686,209710,2535,90543,1813,114525,338,4642,3257,74247,1422,69845,3589,144092,California
Kern,2021-03-14,2318,212028,1534,92077,537,115062,247,4889,1790,75752,527,70372,2032,146124,California
Kern,2021-03-15,4288,216316,1111,93188,2462,117524,715,5604,2181,76546,2094,72466,2888,149012,California
Kern,2021-03-16,4444,220760,1017,94205,2890,120414,537,6141,2413,77469,2020,74486,2943,151955,California
Kern,2021-03-17,7477,228237,4088,98293,2835,123249,554,6695,4453,79463,3012,77498,5006,156961,California
Kern,2021-03-18,7333,235570,3721,102014,3022,126271,590,7285,4403,81544,2908,80406,4989,161950,California
Kern,2021-03-19,9150,244720,5018,107032,3363,129634,769,8054,4670,82518,4458,84864,5432,167382,California
Kern,2021-03-20,6272,250992,3834,110866,2253,131887,185,8239,3943,84330,2317,87181,4129,171511,California
Kern,2021-03-21,3093,254085,1961,112827,246,132133,886,9125,1883,85894,1203,88384,2767,174278,California
Kern,2021-03-22,3997,258082,1570,114397,2070,134203,357,9482,1917,86107,2061,90445,2274,176552,California
Kern,2021-03-23,4758,262840,1682,116079,2875,137078,201,9683,2465,86508,2262,92707,2663,179215,California
Kern,2021-03-24,7202,270042,3686,119765,3039,140117,477,10160,3634,87068,3548,96255,4108,183323,California
Kern,2021-03-25,6802,276844,3013,122778,3455,143572,334,10494,3202,87021,3580,99835,3533,186856,California
Kern,2021-03-26,9898,286742,4431,127209,4207,147779,1260,11754,4680,87763,5197,105032,5939,192795,California
Kern,2021-03-27,5719,292461,3996,131205,1594,149373,129,11883,3443,89061,2273,107305,3571,196366,California
Kern,2021-03-28,4690,297151,4197,135402,479,149852,14,11897,2953,90293,1735,109040,2967,199333,California
Kern,2021-03-29,4259,301410,1680,137082,2301,152153,278,12175,2608,91539,1637,110677,2883,202216,California
Kern,2021-03-30,5610,307020,1877,138959,3345,155498,388,12563,3040,92398,2565,113242,3424,205640,California
Kern,2021-03-31,8466,315486,4578,143537,3230,158728,658,13221,4319,93246,4127,117369,4975,210615,California
Kern,2021-04-01,7937,323423,3886,147423,3739,162467,312,13533,4230,94106,3677,121046,4537,215152,California
Kern,2021-04-02,8471,331894,4460,151883,3400,165867,611,14144,4219,94694,4232,125278,4820,219972,California
Kern,2021-04-03,6008,337902,3675,155558,2150,168017,183,14327,2658,94193,3339,128617,2838,222810,California
Kern,2021-04-04,1339,339241,872,156430,382,168399,85,14412,471,93882,865,129482,554,223364,California
Kern,2021-04-05,5391,344632,2224,158654,2387,170786,780,15192,2903,95060,2474,131956,3652,227016,California
Kern,2021-04-06,7147,351779,2480,161134,3286,174072,1381,16573,3571,96454,3550,135506,4944,231960,California
Kern,2021-04-07,9402,361181,5481,166615,2957,177029,964,17537,4571,97176,4811,140317,5533,237493,California
Kern,2021-04-08,8683,369864,4807,171422,2960,179989,916,18453,3731,96887,4923,145240,4634,242127,California
Kern,2021-04-09,10298,380162,5151,176573,4149,184138,998,19451,4360,96331,5908,151148,5352,247479,California
Kern,2021-04-10,6605,386767,3465,180038,1891,186029,1249,20700,2141,95264,4452,155600,3385,250864,California
Kern,2021-04-11,4011,390778,2922,182960,372,186401,717,21417,1279,94533,2718,158318,1987,252851,California
Kern,2021-04-12,4427,395205,995,183955,2457,188858,975,22392,1587,94278,2815,161133,2560,255411,California
Kern,2021-04-13,4324,399529,1428,185383,2870,191728,26,22418,2134,94262,2175,163308,2159,257570,California
Kern,2021-04-14,6121,405650,3013,188396,3086,194814,22,22440,3017,94214,3086,166394,3038,260608,California
Kern,2021-04-15,5321,410971,2497,190893,2821,197635,3,22443,2519,93951,2785,169179,2522,263130,California
Kern,2021-04-16,7329,418300,3479,194372,3849,201484,1,22444,2997,92649,4303,173482,3001,266131,California
Kern,2021-04-17,6017,424317,3948,198320,2069,203553,0,22444,2111,90875,3887,177369,2113,268244,California
Kern,2021-04-18,3901,428218,3654,201974,247,203800,0,22444,942,88868,2949,180318,942,269186,California
Kern,2021-04-19,3873,432091,1751,203725,2120,205920,2,22446,1446,87909,2405,182723,1446,270632,California
Kern,2021-04-20,4489,436580,1667,205392,2820,208740,2,22448,1722,86888,2744,185467,1723,272355,California
Kern,2021-04-21,6031,442611,3268,208660,2758,211498,5,22453,2212,85314,3789,189256,2215,274570,California
Kern,2021-04-22,4889,447500,2394,211054,2495,213993,0,22453,1742,83936,3121,192377,1743,276313,California
Kern,2021-04-23,6228,453728,3090,214144,3137,217130,1,22454,1951,81655,4236,196613,1955,278268,California
Kern,2021-04-24,4027,457755,2811,216955,1205,218335,11,22465,1447,80556,2558,199171,1459,279727,California
Kern,2021-04-25,1404,459159,1117,218072,287,218622,0,22465,828,80814,570,199741,828,280555,California
Kern,2021-04-26,3907,463066,1870,219942,1986,220608,51,22516,1081,79131,2817,202558,1134,281689,California
Kern,2021-04-27,4835,467901,2366,222308,2361,222969,108,22624,1494,77404,3326,205884,1599,283288,California
Kern,2021-04-28,6426,474327,3827,226135,2476,225445,123,22747,1873,74866,4532,210416,1994,285282,California
Kern,2021-04-29,5627,479954,3168,229303,2360,227805,99,22846,1689,72740,3915,214331,1789,287071,California
Kern,2021-04-30,5714,485668,3227,232530,2328,230133,159,23005,1683,70566,4015,218346,1841,288912,California
Kern,2021-05-01,2728,488396,1933,234463,736,230869,59,23064,1088,70086,1626,219972,1146,290058,California
Kern,2021-05-02,1893,490289,1603,236066,268,231137,22,23086,691,69604,1195,221167,713,290771,California
Kern,2021-05-03,2561,492850,1033,237099,1394,232531,134,23220,789,68772,1756,222923,924,291695,California
Kern,2021-05-04,3749,496599,1358,238457,2282,234813,109,23329,1321,67788,2412,225335,1428,293123,California
Kern,2021-05-05,4232,500831,2201,240658,1879,236692,152,23481,1406,66537,2807,228142,1556,294679,California
Kern,2021-05-06,3663,504494,1685,242343,1833,238525,145,23626,1149,65339,2488,230630,1290,295969,California
Kern,2021-05-07,4650,509144,2334,244677,2140,240665,176,23802,1308,63513,3309,233939,1483,297452,California
Kern,2021-05-08,2942,512086,1852,246529,974,241639,116,23918,914,62527,2014,235953,1028,298480,California
Kern,2021-05-09,1358,513444,1182,247711,146,241785,30,23948,442,62093,906,236859,472,298952,California
Kern,2021-05-10,2319,515763,914,248625,1301,243086,104,24052,684,61264,1615,238474,786,299738,California
Kern,2021-05-11,2744,518507,989,249614,1629,244715,126,24178,993,60646,1738,240212,1120,300858,California
Kern,2021-05-12,3670,522177,1480,251094,2039,246754,151,24329,1151,59443,2503,242715,1300,302158,California
Kern,2021-05-13,3546,525723,1867,252961,1525,248279,154,24483,1647,59355,1885,244600,1797,303955,California
Kern,2021-05-14,4341,530064,2577,255538,1541,249820,223,24706,1996,59248,2325,246925,2218,306173,California
Kern,2021-05-15,2945,533009,1920,257458,937,250757,88,24794,1565,59536,1364,248289,1652,307825,California
Kern,2021-05-16,1617,534626,1387,258845,190,250947,40,24834,936,59837,675,248964,976,308801,California
Kern,2021-05-17,2340,536966,1011,259856,1182,252129,147,24981,1180,60017,1146,250110,1326,310127,California
Kern,2021-05-18,3231,540197,1498,261354,1601,253730,132,25113,1628,60184,1590,251700,1757,311884,California
Kern,2021-05-19,3843,544040,2394,263748,1320,255050,129,25242,1786,60053,2043,253743,1912,313796,California
Kern,2021-05-20,3127,547167,1699,265447,1284,256334,144,25386,1404,59898,1701,255444,1546,315342,California
Kern,2021-05-21,3653,550820,2210,267657,1308,257642,135,25521,1813,60032,1814,257258,1948,317290,California
Kern,2021-05-22,2961,553781,2304,269961,608,258250,49,25570,1400,59930,1548,258806,1446,318736,California
Kern,2021-05-23,1307,555088,1110,271071,171,258421,26,25596,687,60030,612,259418,712,319448,California
Kern,2021-05-24,1906,556994,821,271892,970,259391,115,25711,897,60039,1002,260420,1011,320459,California
Kern,2021-05-25,2407,559401,1116,273008,1202,260593,89,25800,1110,59954,1283,261703,1198,321657,California
Kern,2021-05-26,2795,562196,1616,274624,1077,261670,102,25902,1197,59669,1582,263285,1297,322954,California
Kern,2021-05-27,2417,564613,1246,275870,1067,262737,104,26006,1267,59909,1129,264414,1369,324323,California
Kern,2021-05-28,2729,567342,1385,277255,1233,263970,111,26117,1261,59826,1453,265867,1370,325693,California
Kern,2021-05-29,1910,569252,1264,278519,597,264567,49,26166,935,59848,962,266829,984,326677,California
Kern,2021-05-30,868,570120,709,279228,140,264707,19,26185,438,59882,422,267251,456,327133,California
Kern,2021-05-31,148,570268,49,279277,88,264795,11,26196,56,59859,89,267340,66,327199,California
Kern,2021-06-01,2291,572559,952,280229,1268,266063,71,26267,967,59589,1307,268647,1037,328236,California
Kern,2021-06-02,2251,574810,1303,281532,842,266905,106,26373,942,59340,1297,269944,1048,329284,California
Kern,2021-06-03,2380,577190,1339,282871,885,267790,156,26529,863,58853,1505,271449,1018,330302,California
Kern,2021-06-04,2972,580162,1928,284799,932,268722,112,26641,871,57760,2075,273524,982,331284,California
Kern,2021-06-05,2538,582700,2047,286846,457,269179,34,26675,795,56856,1733,275257,829,332113,California
Kern,2021-06-06,1236,583936,1131,287977,82,269261,23,26698,411,56470,820,276077,434,332547,California
Kern,2021-06-07,1822,585758,1134,289111,591,269852,97,26795,684,56125,1124,277201,779,333326,California
Kern,2021-06-08,2127,587885,1237,290348,818,270670,72,26867,647,55383,1460,278661,718,334044,California
Kern,2021-06-09,2630,590515,1845,292193,696,271366,89,26956,823,54499,1795,280456,911,334955,California
Kern,2021-06-10,2243,592758,1387,293580,755,272121,101,27057,785,53938,1445,281901,884,335839,California
Kern,2021-06-11,2862,595620,1917,295497,853,272974,92,27149,1077,53337,1771,283672,1170,337009,California
Kern,2021-06-12,1789,597409,1328,296825,411,273385,50,27199,532,52666,1253,284925,582,337591,California
Kern,2021-06-13,934,598343,817,297642,110,273495,7,27206,271,52284,661,285586,279,337870,California
Kern,2021-06-14,1864,600207,1134,298776,633,274128,97,27303,647,51819,1207,286793,742,338612,California
Kern,2021-06-15,2120,602327,1186,299962,856,274984,78,27381,820,51424,1293,288086,898,339510,California
Kern,2021-06-16,2086,604413,1376,301338,633,275617,77,27458,821,51072,1249,289335,897,340407,California
Kern,2021-06-17,1900,606313,1187,302525,598,276215,115,27573,912,51123,977,290312,1028,341435,California
Kern,2021-06-18,2237,608550,1404,303929,714,276929,119,27692,959,50940,1260,291572,1077,342512,California
Kern,2021-06-19,1240,609790,891,304820,314,277243,35,27727,528,50801,701,292273,562,343074,California
Kern,2021-06-20,734,610524,612,305432,102,277345,20,27747,287,50661,447,292720,307,343381,California
Kern,2021-06-21,1245,611769,667,306099,500,277845,78,27825,670,50840,567,293287,746,344127,California
Kern,2021-06-22,1655,613424,880,306979,698,278543,77,27902,673,50619,971,294258,750,344877,California
Kern,2021-06-23,1726,615150,1103,308082,545,279088,78,27980,766,50520,941,295199,842,345719,California
Kern,2021-06-24,1593,616743,983,309065,521,279609,89,28069,680,50382,906,296105,768,346487,California
Kern,2021-06-25,1815,618558,1138,310203,585,280194,92,28161,855,50379,948,297053,945,347432,California
Kern,2021-06-26,1327,619885,989,311192,306,280500,32,28193,570,50228,752,297805,601,348033,California
Kern,2021-06-27,611,620496,515,311707,82,280582,14,28207,263,50161,344,298149,277,348310,California
Kern,2021-06-28,1151,621647,765,312472,298,280880,88,28295,508,50125,630,298779,594,348904,California
Kern,2021-06-29,1398,623045,715,313187,593,281473,90,28385,609,50044,778,299557,697,349601,California
Kern,2021-06-30,1586,624631,1064,314251,440,281913,82,28467,811,50167,771,300328,894,350495,California
Kern,2021-07-01,1384,626015,881,315132,439,282352,64,28531,632,50115,748,301076,696,351191,California
Kern,2021-07-02,1749,627764,1170,316302,506,282858,73,28604,797,50046,936,302012,867,352058,California
Kern,2021-07-03,997,628761,696,316998,260,283118,41,28645,487,50069,505,302517,528,352586,California
Kern,2021-07-04,132,628893,98,317096,34,283152,0,28645,63,50064,68,302585,63,352649,California
Kern,2021-07-05,653,629546,398,317494,230,283382,25,28670,294,50028,355,302940,319,352968,California
Kern,2021-07-06,1512,631058,872,318366,557,283939,83,28753,653,49914,850,303790,736,353704,California
Kern,2021-07-07,1424,632482,939,319305,420,284359,65,28818,605,49773,809,304599,668,354372,California
Kern,2021-07-08,1456,633938,953,320258,436,284795,67,28885,565,49519,886,305485,632,355004,California
Kern,2021-07-09,1616,635554,1021,321279,525,285320,70,28955,738,49456,870,306355,807,355811,California
Kern,2021-07-10,813,636367,547,321826,249,285569,17,28972,414,49493,394,306749,431,356242,California
Kern,2021-07-11,526,636893,449,322275,73,285642,4,28976,229,49432,294,307043,233,356475,California
Kern,2021-07-12,914,637807,590,322865,271,285913,53,29029,364,49305,544,307587,417,356892,California
Kings,2020-12-16,1,1,1,1,0,0,0,0,1,1,0,0,1,1,California
Kings,2020-12-17,8,9,8,9,0,0,0,0,8,9,0,0,8,9,California
Kings,2020-12-18,12,21,12,21,0,0,0,0,12,21,0,0,12,21,California
Kings,2020-12-19,12,33,12,33,0,0,0,0,12,33,0,0,12,33,California
Kings,2020-12-20,13,46,13,46,0,0,0,0,13,46,0,0,13,46,California
Kings,2020-12-21,157,203,157,203,0,0,0,0,268,314,0,0,268,314,California
Kings,2020-12-22,138,341,138,341,0,0,0,0,135,449,0,0,135,449,California
Kings,2020-12-23,136,477,122,463,14,14,0,0,137,586,0,0,137,586,California
Kings,2020-12-24,11,488,9,472,2,16,0,0,11,597,0,0,11,597,California
Kings,2020-12-26,7,495,4,476,3,19,0,0,7,604,0,0,7,604,California
Kings,2020-12-27,4,499,4,480,0,19,0,0,4,608,0,0,4,608,California
Kings,2020-12-28,131,630,103,583,28,47,0,0,132,740,0,0,132,740,California
Kings,2020-12-29,83,713,55,638,28,75,0,0,84,824,0,0,84,824,California
Kings,2020-12-30,150,863,109,747,41,116,0,0,150,974,0,0,150,974,California
Kings,2020-12-31,45,908,6,753,39,155,0,0,45,1019,0,0,45,1019,California
Kings,2021-01-01,1,909,0,753,1,156,0,0,1,1020,0,0,1,1020,California
Kings,2021-01-02,11,920,9,762,2,158,0,0,11,1031,0,0,11,1031,California
Kings,2021-01-03,1,921,1,763,0,158,0,0,1,1032,0,0,1,1032,California
Kings,2021-01-04,112,1033,41,804,71,229,0,0,112,1144,0,0,112,1144,California
Kings,2021-01-05,195,1228,39,843,156,385,0,0,195,1339,0,0,195,1339,California
Kings,2021-01-06,278,1506,179,1022,99,484,0,0,275,1611,3,3,275,1614,California
Kings,2021-01-07,181,1687,82,1104,99,583,0,0,173,1776,8,11,173,1787,California
Kings,2021-01-08,249,1936,55,1159,194,777,0,0,229,1985,20,31,229,2016,California
Kings,2021-01-09,63,1999,9,1168,54,831,0,0,55,2032,8,39,55,2071,California
Kings,2021-01-10,15,2014,3,1171,12,843,0,0,12,2041,3,42,12,2083,California
Kings,2021-01-11,517,2531,353,1524,164,1007,0,0,276,2077,241,283,277,2360,California
Kings,2021-01-12,347,2878,251,1775,96,1103,0,0,216,2165,128,411,216,2576,California
Kings,2021-01-13,422,3300,275,2050,147,1250,0,0,331,2405,91,502,331,2907,California
Kings,2021-01-14,209,3509,29,2079,180,1430,0,0,199,2584,21,523,200,3107,California
Kings,2021-01-15,418,3927,30,2109,388,1818,0,0,406,2978,12,535,406,3513,California
Kings,2021-01-16,28,3955,9,2118,19,1837,0,0,27,3004,1,536,27,3540,California
Kings,2021-01-17,12,3967,9,2127,3,1840,0,0,10,3012,2,538,10,3550,California
Kings,2021-01-18,173,4140,41,2168,132,1972,0,0,147,3133,26,564,147,3697,California
Kings,2021-01-19,379,4519,159,2327,220,2192,0,0,252,3258,127,691,252,3949,California
Kings,2021-01-20,255,4774,162,2489,93,2285,0,0,135,3278,115,806,135,4084,California
Kings,2021-01-21,211,4985,57,2546,154,2439,0,0,194,3453,19,825,194,4278,California
Kings,2021-01-22,106,5091,17,2563,89,2528,0,0,105,3553,5,830,105,4383,California
Kings,2021-01-23,25,5116,13,2576,12,2540,0,0,19,3566,6,836,19,4402,California
Kings,2021-01-24,4,5120,4,2580,0,2540,0,0,2,3566,2,838,2,4404,California
Kings,2021-01-25,155,5275,55,2635,100,2640,0,0,92,3595,63,901,92,4496,California
Kings,2021-01-26,172,5447,52,2687,120,2760,0,0,113,3649,59,960,113,4609,California
Kings,2021-01-27,356,5803,61,2748,295,3055,0,0,252,3798,103,1063,252,4861,California
Kings,2021-01-28,361,6164,74,2822,287,3342,0,0,276,3989,85,1148,276,5137,California
Kings,2021-01-29,114,6278,28,2850,86,3428,0,0,96,4067,18,1166,96,5233,California
Kings,2021-01-30,1568,7846,28,2878,1540,4968,0,0,1564,5629,4,1170,1566,6799,California
Kings,2021-01-31,1,7847,1,2879,0,4968,0,0,1,5630,0,1170,1,6800,California
Kings,2021-02-01,241,8088,87,2966,154,5122,0,0,92,5575,147,1317,92,6892,California
Kings,2021-02-02,341,8429,109,3075,232,5354,0,0,96,5427,244,1561,96,6988,California
Kings,2021-02-03,480,8909,271,3346,209,5563,0,0,237,5422,242,1803,237,7225,California
Kings,2021-02-04,466,9375,131,3477,335,5898,0,0,229,5415,236,2039,229,7454,California
Kings,2021-02-05,339,9714,57,3534,282,6180,0,0,179,5437,157,2196,179,7633,California
Kings,2021-02-06,61,9775,10,3544,51,6231,0,0,28,5432,33,2229,28,7661,California
Kings,2021-02-07,6,9781,4,3548,2,6233,0,0,3,5432,3,2232,3,7664,California
Kings,2021-02-08,175,9956,29,3577,146,6379,0,0,68,5393,107,2339,68,7732,California
Kings,2021-02-09,257,10213,60,3637,197,6576,0,0,113,5364,142,2481,113,7845,California
Kings,2021-02-10,384,10597,113,3750,271,6847,0,0,259,5498,125,2606,259,8104,California
Kings,2021-02-11,539,11136,67,3817,472,7319,0,0,364,5689,173,2779,364,8468,California
Kings,2021-02-12,717,11853,36,3853,681,8000,0,0,352,5677,364,3143,352,8820,California
Kings,2021-02-13,245,12098,6,3859,239,8239,0,0,219,5870,26,3169,219,9039,California
Kings,2021-02-14,104,12202,4,3863,100,8339,0,0,96,5958,8,3177,96,9135,California
Kings,2021-02-15,247,12449,5,3868,242,8581,0,0,137,5986,109,3286,137,9272,California
Kings,2021-02-16,635,13084,34,3902,601,9182,0,0,359,6071,275,3561,360,9632,California
Kings,2021-02-17,441,13525,24,3926,417,9599,0,0,302,6235,139,3700,303,9935,California
Kings,2021-02-18,357,13882,22,3948,335,9934,0,0,215,6309,141,3841,215,10150,California
Kings,2021-02-19,226,14108,24,3972,202,10136,0,0,133,6352,90,3931,133,10283,California
Kings,2021-02-20,173,14281,41,4013,132,10268,0,0,135,6449,38,3969,135,10418,California
Kings,2021-02-21,4,14285,3,4016,1,10269,0,0,4,6453,0,3969,4,10422,California
Kings,2021-02-22,127,14412,21,4037,106,10375,0,0,59,6444,68,4037,59,10481,California
Kings,2021-02-23,440,14852,70,4107,370,10745,0,0,320,6644,120,4157,320,10801,California
Kings,2021-02-24,778,15630,170,4277,608,11353,0,0,540,6946,238,4395,540,11341,California
Kings,2021-02-25,857,16487,134,4411,723,12076,0,0,620,7331,235,4630,620,11961,California
Kings,2021-02-26,997,17484,137,4548,860,12936,0,0,908,8150,89,4719,908,12869,California
Kings,2021-02-27,1541,19025,66,4614,1475,14411,0,0,601,7812,939,5658,601,13470,California
Kings,2021-02-28,1210,20235,598,5212,612,15023,0,0,675,7956,533,6191,677,14147,California
Kings,2021-03-01,296,20531,90,5302,206,15229,0,0,223,8106,73,6264,223,14370,California
Kings,2021-03-02,591,21122,258,5560,333,15562,0,0,517,8551,74,6338,519,14889,California
Kings,2021-03-03,763,21885,327,5887,435,15997,1,1,536,8863,225,6563,537,15426,California
Kings,2021-03-04,851,22736,356,6243,495,16492,0,1,709,9431,142,6705,710,16136,California
Kings,2021-03-05,1198,23934,369,6612,820,17312,9,10,1044,10333,154,6859,1056,17192,California
Kings,2021-03-06,517,24451,187,6799,317,17629,13,23,486,10801,31,6890,499,17691,California
Kings,2021-03-07,428,24879,282,7081,138,17767,8,31,416,11213,12,6902,424,18115,California
Kings,2021-03-08,387,25266,98,7179,234,18001,55,86,267,11415,120,7022,322,18437,California
Kings,2021-03-09,703,25969,403,7582,245,18246,55,141,594,11957,108,7130,650,19087,California
Kings,2021-03-10,853,26822,270,7852,477,18723,106,247,576,12363,275,7405,681,19768,California
Kings,2021-03-11,1232,28054,448,8300,668,19391,116,363,771,12792,459,7864,888,20656,California
Kings,2021-03-12,1532,29586,449,8749,989,20380,94,457,985,13330,543,8407,1081,21737,California
Kings,2021-03-13,682,30268,335,9084,305,20685,42,499,557,13806,125,8532,601,22338,California
Kings,2021-03-14,675,30943,101,9185,185,20870,389,888,200,13920,475,9007,589,22927,California
Kings,2021-03-15,711,31654,268,9453,324,21194,119,1007,469,14270,241,9248,591,23518,California
Kings,2021-03-16,1202,32856,482,9935,658,21852,62,1069,754,14639,448,9696,817,24335,California
Kings,2021-03-17,1174,34030,424,10359,688,22540,62,1131,780,15095,394,10090,850,25185,California
Kings,2021-03-18,1204,35234,474,10833,507,23047,223,1354,750,15618,452,10542,975,26160,California
Kings,2021-03-19,1007,36241,465,11298,451,23498,91,1445,722,16162,284,10826,828,26988,California
Kings,2021-03-20,644,36885,257,11555,355,23853,32,1477,463,16487,178,11004,503,27491,California
Kings,2021-03-21,1426,38311,1091,12646,323,24176,12,1489,866,16805,560,11564,878,28369,California
Kings,2021-03-22,450,38761,199,12845,165,24341,86,1575,265,16976,184,11748,355,28724,California
Kings,2021-03-23,1050,39811,507,13352,479,24820,64,1639,548,17092,500,12248,616,29340,California
Kings,2021-03-24,1102,40913,486,13838,593,25413,23,1662,494,17005,606,12854,519,29859,California
Kings,2021-03-25,1063,41976,473,14311,563,25976,27,1689,440,16850,621,13475,466,30325,California
Kings,2021-03-26,1420,43396,381,14692,949,26925,90,1779,395,16315,1020,14495,485,30810,California
Kings,2021-03-27,644,44040,259,14951,373,27298,12,1791,147,15979,495,14990,159,30969,California
Kings,2021-03-28,673,44713,601,15552,65,27363,7,1798,347,16020,326,15316,367,31336,California
Kings,2021-03-29,473,45186,213,15765,199,27562,61,1859,259,16127,212,15528,319,31655,California
Kings,2021-03-30,967,46153,549,16314,379,27941,39,1898,430,16059,536,16064,468,32123,California
Kings,2021-03-31,937,47090,491,16805,372,28313,74,1972,420,16043,509,16573,493,32616,California
Kings,2021-04-01,931,48021,503,17308,339,28652,89,2061,355,15918,569,17142,444,33060,California
Kings,2021-04-02,1126,49147,455,17763,545,29197,126,2187,394,15711,726,17868,519,33579,California
Kings,2021-04-03,495,49642,349,18112,137,29334,9,2196,172,15576,317,18185,182,33761,California
Kings,2021-04-04,156,49798,82,18194,68,29402,6,2202,41,15509,114,18299,47,33808,California
Kings,2021-04-05,1063,50861,327,18521,481,29883,255,2457,240,15180,823,19122,494,34302,California
Kings,2021-04-06,1273,52134,504,19025,455,30338,314,2771,284,14791,986,20108,597,34899,California
Kings,2021-04-07,1382,53516,657,19682,539,30877,186,2957,334,14266,1045,21153,520,35419,California
Kings,2021-04-08,1632,55148,638,20320,741,31618,253,3210,374,13643,1250,22403,627,36046,California
Kings,2021-04-09,1241,56389,590,20910,470,32088,181,3391,236,13054,1003,23406,414,36460,California
Kings,2021-04-10,595,56984,333,21243,160,32248,102,3493,175,12912,418,23824,276,36736,California
Kings,2021-04-11,355,57339,76,21319,272,32520,7,3500,196,12958,157,23981,203,36939,California
Kings,2021-04-12,710,58049,315,21634,192,32712,203,3703,194,12841,514,24495,397,37336,California
Kings,2021-04-13,918,58967,526,22160,392,33104,0,3703,294,12518,622,25117,299,37635,California
Kings,2021-04-14,1050,60017,580,22740,470,33574,0,3703,378,12225,672,25789,379,38014,California
Kings,2021-04-15,1064,61081,525,23265,538,34112,1,3704,451,12068,609,26398,452,38466,California
Kings,2021-04-16,797,61878,364,23629,433,34545,0,3704,261,11796,534,26932,262,38728,California
Kings,2021-04-17,457,62335,243,23872,214,34759,0,3704,183,11706,273,27205,183,38911,California
Kings,2021-04-18,571,62906,246,24118,325,35084,0,3704,43,11221,528,27733,43,38954,California
Kings,2021-04-19,629,63535,386,24504,243,35327,0,3704,296,11187,330,28063,296,39250,California
Kings,2021-04-20,756,64291,462,24966,294,35621,0,3704,243,10918,512,28575,243,39493,California
Kings,2021-04-21,697,64988,353,25319,344,35965,0,3704,244,10717,445,29020,244,39737,California
Kings,2021-04-22,575,65563,293,25612,282,36247,0,3704,210,10567,361,29381,211,39948,California
Kings,2021-04-23,677,66240,298,25910,379,36626,0,3704,330,10554,343,29724,330,40278,California
Kings,2021-04-24,247,66487,179,26089,67,36693,1,3705,119,10547,127,29851,120,40398,California
Kings,2021-04-25,202,66689,183,26272,19,36712,0,3705,165,10675,37,29888,165,40563,California
Kings,2021-04-26,325,67014,176,26448,146,36858,3,3708,201,10755,124,30012,204,40767,California
Kings,2021-04-27,436,67450,196,26644,221,37079,19,3727,186,10712,248,30260,205,40972,California
Kings,2021-04-28,523,67973,263,26907,240,37319,20,3747,270,10749,253,30513,290,41262,California
Kings,2021-04-29,302,68275,125,27032,165,37484,12,3759,141,10744,158,30671,153,41415,California
Kings,2021-04-30,375,68650,167,27199,191,37675,17,3776,155,10700,216,30887,172,41587,California
Kings,2021-05-01,227,68877,166,27365,51,37726,10,3786,72,10628,154,31041,82,41669,California
Kings,2021-05-02,170,69047,148,27513,22,37748,0,3786,127,10712,43,31084,127,41796,California
Kings,2021-05-03,475,69522,252,27765,210,37958,13,3799,122,10495,352,31436,135,41931,California
Kings,2021-05-04,528,70050,272,28037,236,38194,20,3819,161,10310,366,31802,181,42112,California
Kings,2021-05-05,566,70616,301,28338,245,38439,20,3839,143,10051,422,32224,163,42275,California
Kings,2021-05-06,572,71188,290,28628,258,38697,24,3863,132,9769,438,32662,156,42431,California
Kings,2021-05-07,366,71554,210,28838,142,38839,14,3877,148,9715,216,32878,162,42593,California
Kings,2021-05-08,243,71797,178,29016,53,38892,12,3889,85,9654,157,33035,96,42689,California
Kings,2021-05-09,191,71988,63,29079,128,39020,0,3889,40,9543,151,33186,40,42729,California
Kings,2021-05-10,346,72334,268,29347,68,39088,10,3899,114,9436,230,33416,123,42852,California
Kings,2021-05-11,387,72721,239,29586,119,39207,29,3928,116,9312,270,33686,146,42998,California
Kings,2021-05-12,400,73121,163,29749,223,39430,14,3942,164,9256,234,33920,178,43176,California
Kings,2021-05-13,412,73533,168,29917,236,39666,8,3950,171,9195,240,34160,179,43355,California
Kings,2021-05-14,463,73996,316,30233,116,39782,31,3981,239,9242,223,34383,270,43625,California
Kings,2021-05-15,355,74351,256,30489,82,39864,17,3998,198,9300,157,34540,215,43840,California
Kings,2021-05-16,247,74598,221,30710,25,39889,1,3999,75,9204,172,34712,76,43916,California
Kings,2021-05-17,408,75006,324,31034,67,39956,17,4016,211,9236,196,34908,228,44144,California
Kings,2021-05-18,399,75405,284,31318,102,40058,13,4029,227,9305,172,35080,241,44385,California
Kings,2021-05-19,576,75981,283,31601,271,40329,22,4051,229,9211,345,35425,251,44636,California
Kings,2021-05-20,451,76432,237,31838,187,40516,27,4078,260,9308,191,35616,288,44924,California
Kings,2021-05-21,518,76950,262,32100,245,40761,11,4089,263,9331,251,35867,274,45198,California
Kings,2021-05-22,305,77255,246,32346,47,40808,12,4101,217,9474,86,35953,229,45427,California
Kings,2021-05-23,233,77488,225,32571,8,40816,0,4101,106,9453,127,36080,106,45533,California
Kings,2021-05-24,262,77750,175,32746,72,40888,15,4116,125,9456,137,36217,140,45673,California
Kings,2021-05-25,404,78154,267,33013,104,40992,33,4149,234,9555,168,36385,267,45940,California
Kings,2021-05-26,306,78460,126,33139,163,41155,17,4166,122,9511,183,36568,139,46079,California
Kings,2021-05-27,325,78785,176,33315,131,41286,18,4184,177,9561,145,36713,195,46274,California
Kings,2021-05-28,288,79073,140,33455,130,41416,18,4202,131,9557,153,36866,149,46423,California
Kings,2021-05-29,174,79247,101,33556,62,41478,11,4213,87,9569,86,36952,98,46521,California
Kings,2021-05-30,133,79380,116,33672,15,41493,2,4215,71,9580,62,37014,73,46594,California
Kings,2021-05-31,40,79420,21,33693,16,41509,3,4218,15,9573,25,37039,18,46612,California
Kings,2021-06-01,317,79737,187,33880,114,41623,16,4234,119,9513,194,37233,134,46746,California
Kings,2021-06-02,276,80013,125,34005,144,41767,7,4241,85,9417,188,37421,92,46838,California
Kings,2021-06-03,225,80238,126,34131,88,41855,11,4252,68,9347,149,37570,79,46917,California
Kings,2021-06-04,427,80665,284,34415,129,41984,14,4266,152,9242,271,37841,166,47083,California
Kings,2021-06-05,258,80923,224,34639,27,42011,7,4273,62,9128,183,38024,69,47152,California
Kings,2021-06-06,162,81085,154,34793,3,42014,5,4278,81,9137,77,38101,86,47238,California
Kings,2021-06-07,294,81379,226,35019,54,42068,14,4292,96,9048,198,38299,109,47347,California
Kings,2021-06-08,313,81692,240,35259,53,42121,20,4312,78,8913,233,38532,98,47445,California
Kings,2021-06-09,401,82093,268,35527,124,42245,9,4321,117,8758,281,38813,126,47571,California
Kings,2021-06-10,341,82434,223,35750,105,42350,13,4334,82,8594,259,39072,95,47666,California
Kings,2021-06-11,376,82810,283,36033,90,42440,3,4337,146,8518,225,39297,149,47815,California
Kings,2021-06-12,268,83078,220,36253,44,42484,4,4341,69,8408,183,39480,73,47888,California
Kings,2021-06-13,127,83205,118,36371,8,42492,1,4342,34,8351,92,39572,35,47923,California
Kings,2021-06-14,240,83445,172,36543,46,42538,22,4364,97,8327,143,39715,119,48042,California
Kings,2021-06-15,255,83700,182,36725,62,42600,11,4375,88,8260,166,39881,99,48141,California
Kings,2021-06-16,255,83955,131,36856,116,42716,8,4383,90,8201,158,40039,99,48240,California
Kings,2021-06-17,208,84163,111,36967,87,42803,10,4393,81,8165,127,40166,91,48331,California
Kings,2021-06-18,253,84416,174,37141,70,42873,9,4402,118,8157,135,40301,127,48458,California
Kings,2021-06-19,102,84518,69,37210,28,42901,5,4407,41,8142,61,40362,46,48504,California
Kings,2021-06-20,84,84602,69,37279,9,42910,6,4413,28,8120,56,40418,34,48538,California
Kings,2021-06-21,182,84784,98,37377,53,42963,31,4444,98,8165,84,40502,129,48667,California
Kings,2021-06-22,199,84983,128,37505,63,43026,8,4452,82,8138,117,40619,90,48757,California
Kings,2021-06-23,197,85180,94,37599,88,43114,15,4467,86,8129,110,40729,101,48858,California
Kings,2021-06-24,145,85325,68,37667,72,43186,5,4472,56,8102,88,40817,61,48919,California
Kings,2021-06-25,310,85635,218,37885,83,43269,9,4481,153,8108,156,40973,162,49081,California
Kings,2021-06-26,124,85759,82,37967,38,43307,4,4485,53,8094,71,41044,57,49138,California
Kings,2021-06-27,118,85877,111,38078,6,43313,1,4486,38,8056,77,41121,39,49177,California
Kings,2021-06-28,192,86069,138,38216,37,43350,17,4503,81,8043,111,41232,98,49275,California
Kings,2021-06-29,177,86246,131,38347,36,43386,10,4513,86,8050,89,41321,96,49371,California
Kings,2021-06-30,191,86437,117,38464,66,43452,8,4521,87,8041,104,41425,95,49466,California
Kings,2021-07-01,133,86570,89,38553,37,43489,7,4528,64,8045,67,41492,71,49537,California
Kings,2021-07-02,183,86753,118,38671,56,43545,9,4537,90,8051,93,41585,99,49636,California
Kings,2021-07-03,105,86858,84,38755,20,43565,1,4538,54,8055,51,41636,55,49691,California
Kings,2021-07-04,4,86862,0,38755,4,43569,0,4538,3,8057,1,41637,3,49694,California
Kings,2021-07-05,94,86956,56,38811,26,43595,12,4550,47,8069,47,41684,59,49753,California
Kings,2021-07-06,217,87173,158,38969,48,43643,11,4561,84,8031,133,41817,95,49848,California
Kings,2021-07-07,236,87409,135,39104,89,43732,12,4573,118,8044,117,41934,130,49978,California
Kings,2021-07-08,205,87614,126,39230,71,43803,8,4581,85,8018,119,42053,93,50071,California
Kings,2021-07-09,211,87825,127,39357,81,43884,3,4584,106,8025,102,42155,109,50180,California
Kings,2021-07-10,95,87920,57,39414,33,43917,5,4589,52,8039,43,42198,57,50237,California
Kings,2021-07-11,80,88000,70,39484,7,43924,3,4592,37,8036,43,42241,40,50277,California
Kings,2021-07-12,152,88152,104,39588,40,43964,8,4600,64,8020,88,42329,72,50349,California
Lake,2020-12-17,4,4,4,4,0,0,0,0,4,4,0,0,4,4,California
Lake,2020-12-18,50,54,50,54,0,0,0,0,50,54,0,0,50,54,California
Lake,2020-12-19,3,57,3,57,0,0,0,0,3,57,0,0,3,57,California
Lake,2020-12-20,6,63,6,63,0,0,0,0,6,63,0,0,6,63,California
Lake,2020-12-21,87,150,87,150,0,0,0,0,87,150,0,0,87,150,California
Lake,2020-12-22,63,213,60,210,3,3,0,0,63,213,0,0,63,213,California
Lake,2020-12-23,125,338,116,326,9,12,0,0,125,338,0,0,125,338,California
Lake,2020-12-24,2,340,0,326,2,14,0,0,2,340,0,0,2,340,California
Lake,2020-12-26,2,342,2,328,0,14,0,0,2,342,0,0,2,342,California
Lake,2020-12-27,2,344,2,330,0,14,0,0,2,344,0,0,2,344,California
Lake,2020-12-28,52,396,43,373,9,23,0,0,52,396,0,0,52,396,California
Lake,2020-12-29,52,448,47,420,5,28,0,0,52,448,0,0,52,448,California
Lake,2020-12-30,131,579,122,542,9,37,0,0,131,579,0,0,131,579,California
Lake,2020-12-31,67,646,64,606,3,40,0,0,67,646,0,0,67,646,California
Lake,2021-01-01,5,651,1,607,4,44,0,0,5,651,0,0,5,651,California
Lake,2021-01-02,2,653,1,608,1,45,0,0,2,653,0,0,2,653,California
Lake,2021-01-04,89,742,21,629,68,113,0,0,89,742,0,0,89,742,California
Lake,2021-01-05,120,862,59,688,61,174,0,0,118,858,2,2,118,860,California
Lake,2021-01-06,103,965,64,752,39,213,0,0,101,957,2,4,101,961,California
Lake,2021-01-07,110,1075,86,838,24,237,0,0,101,1049,9,13,101,1062,California
Lake,2021-01-08,155,1230,126,964,29,266,0,0,104,1102,51,64,104,1166,California
Lake,2021-01-09,64,1294,62,1026,2,268,0,0,60,1158,4,68,60,1226,California
Lake,2021-01-10,3,1297,3,1029,0,268,0,0,0,1155,3,71,0,1226,California
Lake,2021-01-11,189,1486,150,1179,39,307,0,0,109,1184,80,151,109,1335,California
Lake,2021-01-12,81,1567,48,1227,33,340,0,0,58,1219,23,174,58,1393,California
Lake,2021-01-13,171,1738,116,1343,55,395,0,0,110,1268,61,235,110,1503,California
Lake,2021-01-14,151,1889,48,1391,103,498,0,0,129,1375,22,257,129,1632,California
Lake,2021-01-15,221,2110,95,1486,126,624,0,0,193,1540,28,285,193,1825,California
Lake,2021-01-16,137,2247,84,1570,53,677,0,0,135,1673,2,287,135,1960,California
Lake,2021-01-17,18,2265,6,1576,12,689,0,0,12,1679,6,293,12,1972,California
Lake,2021-01-18,246,2511,227,1803,19,708,0,0,125,1683,121,414,125,2097,California
Lake,2021-01-19,319,2830,122,1925,197,905,0,0,272,1909,47,461,273,2370,California
Lake,2021-01-20,427,3257,82,2007,345,1250,0,0,362,2207,64,525,362,2732,California
Lake,2021-01-21,441,3698,50,2057,391,1641,0,0,405,2576,36,561,405,3137,California
Lake,2021-01-22,322,4020,47,2104,275,1916,0,0,285,2824,37,598,285,3422,California
Lake,2021-01-23,127,4147,6,2110,121,2037,0,0,126,2949,1,599,126,3548,California
Lake,2021-01-24,5,4152,2,2112,3,2040,0,0,5,2954,0,599,5,3553,California
Lake,2021-01-25,260,4412,97,2209,163,2203,0,0,178,3050,82,681,178,3731,California
Lake,2021-01-26,431,4843,36,2245,395,2598,0,0,407,3433,24,705,407,4138,California
Lake,2021-01-27,364,5207,40,2285,324,2922,0,0,336,3742,28,733,337,4475,California
Lake,2021-01-28,498,5705,162,2447,336,3258,0,0,366,3978,130,863,366,4841,California
Lake,2021-01-29,653,6358,101,2548,552,3810,0,0,578,4481,75,938,578,5419,California
Lake,2021-01-30,557,6915,43,2591,514,4324,0,0,551,5026,6,944,551,5970,California
Lake,2021-01-31,15,6930,9,2600,6,4330,0,0,13,5037,2,946,13,5983,California
Lake,2021-02-01,182,7112,19,2619,163,4493,0,0,167,5189,15,961,167,6150,California
Lake,2021-02-02,567,7679,155,2774,412,4905,0,0,399,5420,168,1129,399,6549,California
Lake,2021-02-03,444,8123,33,2807,411,5316,0,0,340,5656,104,1233,340,6889,California
Lake,2021-02-04,121,8244,70,2877,51,5367,0,0,71,5677,50,1283,71,6960,California
Lake,2021-02-05,381,8625,72,2949,309,5676,0,0,286,5870,93,1376,286,7246,California
Lake,2021-02-06,276,8901,41,2990,235,5911,0,0,264,6122,12,1388,264,7510,California
Lake,2021-02-07,2,8903,1,2991,1,5912,0,0,2,6124,0,1388,2,7512,California
Lake,2021-02-08,278,9181,206,3197,72,5984,0,0,158,6162,120,1508,158,7670,California
Lake,2021-02-09,346,9527,26,3223,320,6304,0,0,298,6413,47,1555,298,7968,California
Lake,2021-02-10,355,9882,54,3277,301,6605,0,0,274,6606,81,1636,274,8242,California
Lake,2021-02-11,181,10063,18,3295,163,6768,0,0,60,6545,121,1757,60,8302,California
Lake,2021-02-12,377,10440,29,3324,348,7116,0,0,287,6743,89,1846,287,8589,California
Lake,2021-02-13,251,10691,8,3332,243,7359,0,0,238,6968,13,1859,238,8827,California
Lake,2021-02-14,22,10713,5,3337,17,7376,0,0,8,6962,14,1873,8,8835,California
Lake,2021-02-15,174,10887,14,3351,160,7536,0,0,9,6807,164,2037,9,8844,California
Lake,2021-02-16,429,11316,23,3374,406,7942,0,0,178,6734,251,2288,178,9022,California
Lake,2021-02-17,354,11670,56,3430,298,8240,0,0,73,6527,280,2568,73,9095,California
Lake,2021-02-18,467,12137,73,3503,394,8634,0,0,117,6295,349,2917,117,9212,California
Lake,2021-02-19,438,12575,29,3532,409,9043,0,0,95,6048,342,3259,95,9307,California
Lake,2021-02-20,299,12874,63,3595,236,9279,0,0,252,6254,46,3305,252,9559,California
Lake,2021-02-21,7,12881,7,3602,0,9279,0,0,0,6247,7,3312,0,9559,California
Lake,2021-02-22,141,13022,22,3624,119,9398,0,0,40,6186,101,3413,40,9599,California
Lake,2021-02-23,227,13249,16,3640,211,9609,0,0,29,6018,197,3610,29,9628,California
Lake,2021-02-24,1025,14274,431,4071,594,10203,0,0,469,5932,555,4165,469,10097,California
Lake,2021-02-25,779,15053,497,4568,282,10485,0,0,502,6160,274,4439,502,10599,California
Lake,2021-02-26,1032,16085,322,4890,710,11195,0,0,363,5858,665,5104,363,10962,California
Lake,2021-02-27,411,16496,99,4989,312,11507,0,0,326,6100,84,5188,326,11288,California
Lake,2021-02-28,21,16517,12,5001,9,11516,0,0,12,6103,9,5197,12,11300,California
Lake,2021-03-01,607,17124,55,5056,552,12068,0,0,453,6402,154,5351,453,11753,California
Lake,2021-03-02,751,17875,18,5074,733,12801,0,0,289,6231,460,5811,289,12042,California
Lake,2021-03-03,369,18244,196,5270,173,12974,0,0,147,6157,221,6032,147,12189,California
Lake,2021-03-04,579,18823,506,5776,73,13047,0,0,563,6704,16,6048,563,12752,California
Lake,2021-03-05,1047,19870,52,5828,995,14042,0,0,188,6037,855,6903,188,12940,California
Lake,2021-03-06,34,19904,9,5837,24,14066,1,1,21,6046,13,6916,22,12962,California
Lake,2021-03-07,9,19913,6,5843,2,14068,1,2,5,6048,4,6920,6,12968,California
Lake,2021-03-08,342,20255,266,6109,66,14134,10,12,299,6315,42,6962,309,13277,California
Lake,2021-03-09,931,21186,44,6153,870,15004,17,29,407,6220,520,7482,425,13702,California
Lake,2021-03-10,204,21390,60,6213,131,15135,13,42,134,6298,70,7552,148,13850,California
Lake,2021-03-11,587,21977,49,6262,65,15200,473,515,47,6276,540,8092,518,14368,California
Lake,2021-03-12,852,22829,202,6464,624,15824,26,541,360,6172,490,8582,386,14754,California
Lake,2021-03-13,283,23112,22,6486,25,15849,236,777,19,6163,263,8845,254,15008,California
Lake,2021-03-14,12,23124,3,6489,9,15858,0,777,8,6167,4,8849,8,15016,California
Lake,2021-03-15,642,23766,12,6501,612,16470,18,795,482,6508,159,9008,500,15516,California
Lake,2021-03-16,1116,24882,836,7337,263,16733,17,812,379,6170,733,9741,395,15911,California
Lake,2021-03-17,251,25133,123,7460,105,16838,23,835,91,6124,160,9901,114,16025,California
Lake,2021-03-18,750,25883,375,7835,338,17176,37,872,356,6126,390,10291,392,16417,California
Lake,2021-03-19,584,26467,317,8152,248,17424,19,891,476,6514,107,10398,495,16912,California
Lake,2021-03-20,248,26715,9,8161,236,17660,3,894,31,6332,216,10614,34,16946,California
Lake,2021-03-21,15,26730,10,8171,4,17664,1,895,10,6338,5,10619,11,16957,California
Lake,2021-03-22,336,27066,256,8427,67,17731,13,908,250,6515,86,10705,263,17220,California
Lake,2021-03-23,428,27494,20,8447,394,18125,14,922,362,6826,65,10770,376,17596,California
Lake,2021-03-24,423,27917,62,8509,353,18478,8,930,324,7062,97,10867,333,17929,California
Lake,2021-03-25,672,28589,482,8991,183,18661,7,937,172,6740,500,11367,178,18107,California
Lake,2021-03-26,69,28658,34,9025,34,18695,1,938,32,6737,36,11403,33,18140,California
Lake,2021-03-27,309,28967,7,9032,299,18994,3,941,17,6467,290,11693,20,18160,California
Lake,2021-03-28,17,28984,8,9040,9,19003,0,941,9,6468,8,11701,9,18169,California
Lake,2021-03-29,999,29983,286,9326,711,19714,2,943,193,5859,804,12505,195,18364,California
Lake,2021-03-30,465,30448,313,9639,149,19863,3,946,365,6128,99,12604,368,18732,California
Lake,2021-03-31,617,31065,61,9700,556,20419,0,946,433,6387,174,12778,433,19165,California
Lake,2021-04-01,448,31513,233,9933,203,20622,12,958,187,6329,257,13035,199,19364,California
Lake,2021-04-02,224,31737,41,9974,155,20777,28,986,97,6327,127,13162,125,19489,California
Lake,2021-04-03,33,31770,6,9980,24,20801,3,989,14,6325,19,13181,17,19506,California
Lake,2021-04-04,21,31791,12,9992,7,20808,2,991,15,6336,6,13187,17,19523,California
Lake,2021-04-05,643,32434,71,10063,552,21360,20,1011,402,6519,238,13425,421,19944,California
Lake,2021-04-06,482,32916,19,10082,437,21797,26,1037,307,6678,174,13599,333,20277,California
Lake,2021-04-07,526,33442,57,10139,416,22213,53,1090,355,6917,169,13768,408,20685,California
Lake,2021-04-08,608,34050,496,10635,46,22259,66,1156,107,6592,498,14266,173,20858,California
Lake,2021-04-09,282,34332,40,10675,173,22432,69,1225,48,6478,230,14496,116,20974,California
Lake,2021-04-10,257,34589,15,10690,16,22448,226,1451,11,6469,246,14742,237,21211,California
Lake,2021-04-11,21,34610,16,10706,3,22451,2,1453,7,6464,14,14756,9,21220,California
Lake,2021-04-12,1081,35691,233,10939,814,23265,34,1487,243,5903,838,15594,277,21497,California
Lake,2021-04-13,180,35871,109,11048,71,23336,0,1487,54,5831,126,15720,54,21551,California
Lake,2021-04-14,620,36491,38,11086,582,23918,0,1487,554,6319,66,15786,554,22105,California
Lake,2021-04-15,647,37138,193,11279,454,24372,0,1487,332,6336,315,16101,332,22437,California
Lake,2021-04-16,269,37407,32,11311,237,24609,0,1487,76,6220,192,16293,76,22513,California
Lake,2021-04-17,42,37449,12,11323,30,24639,0,1487,32,6242,10,16303,32,22545,California
Lake,2021-04-18,9,37458,6,11329,3,24642,0,1487,0,6233,9,16312,0,22545,California
Lake,2021-04-19,297,37755,38,11367,259,24901,0,1487,246,6428,51,16363,246,22791,California
Lake,2021-04-20,693,38448,280,11647,413,25314,0,1487,94,5925,598,16961,95,22886,California
Lake,2021-04-21,532,38980,63,11710,469,25783,0,1487,196,5785,336,17297,196,23082,California
Lake,2021-04-22,471,39451,51,11761,420,26203,0,1487,323,5961,147,17444,323,23405,California
Lake,2021-04-23,122,39573,64,11825,58,26261,0,1487,72,5985,48,17492,72,23477,California
Lake,2021-04-24,55,39628,9,11834,46,26307,0,1487,41,6012,14,17506,41,23518,California
Lake,2021-04-25,37,39665,20,11854,17,26324,0,1487,25,6025,12,17518,25,23543,California
Lake,2021-04-26,295,39960,82,11936,212,26536,1,1488,90,5911,205,17723,91,23634,California
Lake,2021-04-27,249,40209,24,11960,207,26743,18,1506,86,5852,163,17886,104,23738,California
Lake,2021-04-28,509,40718,50,12010,444,27187,15,1521,89,5537,418,18304,103,23841,California
Lake,2021-04-29,214,40932,85,12095,113,27300,16,1537,112,5562,102,18406,127,23968,California
Lake,2021-04-30,289,41221,45,12140,213,27513,31,1568,147,5599,141,18547,178,24146,California
Lake,2021-05-01,48,41269,25,12165,21,27534,2,1570,32,5618,15,18562,34,24180,California
Lake,2021-05-02,19,41288,10,12175,8,27542,1,1571,10,5620,9,18571,11,24191,California
Lake,2021-05-03,413,41701,30,12205,347,27889,36,1607,66,5376,346,18917,102,24293,California
Lake,2021-05-04,403,42104,217,12422,138,28027,48,1655,123,5268,279,19196,171,24464,California
Lake,2021-05-05,629,42733,44,12466,573,28600,12,1667,84,4821,542,19738,95,24559,California
Lake,2021-05-06,142,42875,19,12485,94,28694,29,1696,72,4851,70,19808,100,24659,California
Lake,2021-05-07,166,43041,29,12514,117,28811,20,1716,102,4911,62,19870,122,24781,California
Lake,2021-05-08,42,43083,7,12521,35,28846,0,1716,35,4939,7,19877,35,24816,California
Lake,2021-05-09,17,43100,2,12523,10,28856,5,1721,10,4947,7,19884,15,24831,California
Lake,2021-05-10,242,43342,10,12533,205,29061,27,1748,58,4849,183,20067,85,24916,California
Lake,2021-05-11,195,43537,25,12558,153,29214,17,1765,116,4904,79,20146,134,25050,California
Lake,2021-05-12,541,44078,30,12588,491,29705,20,1785,54,4490,487,20633,73,25123,California
Lake,2021-05-13,318,44396,69,12657,235,29940,14,1799,72,4332,244,20877,86,25209,California
Lake,2021-05-14,268,44664,83,12740,167,30107,18,1817,163,4409,103,20980,180,25389,California
Lake,2021-05-15,45,44709,19,12759,23,30130,3,1820,28,4423,17,20997,31,25420,California
Lake,2021-05-16,33,44742,19,12778,13,30143,1,1821,18,4427,15,21012,19,25439,California
Lake,2021-05-17,314,45056,44,12822,255,30398,15,1836,82,4295,229,21241,97,25536,California
Lake,2021-05-18,298,45354,65,12887,214,30612,19,1855,171,4359,126,21367,190,25726,California
Lake,2021-05-19,313,45667,57,12944,241,30853,15,1870,88,4238,224,21591,103,25829,California
Lake,2021-05-20,240,45907,60,13004,169,31022,11,1881,94,4197,146,21737,105,25934,California
Lake,2021-05-21,274,46181,51,13055,199,31221,24,1905,113,4175,159,21896,137,26071,California
Lake,2021-05-22,98,46279,54,13109,41,31262,3,1908,49,4178,49,21945,52,26123,California
Lake,2021-05-23,58,46337,28,13137,29,31291,1,1909,30,4181,28,21973,31,26154,California
Lake,2021-05-24,157,46494,35,13172,108,31399,14,1923,71,4180,86,22059,85,26239,California
Lake,2021-05-25,204,46698,57,13229,136,31535,11,1934,74,4136,129,22188,85,26324,California
Lake,2021-05-26,151,46849,45,13274,95,31630,11,1945,55,4108,94,22282,66,26390,California
Lake,2021-05-27,175,47024,47,13321,114,31744,14,1959,61,4070,113,22395,75,26465,California
Lake,2021-05-28,221,47245,21,13342,163,31907,37,1996,50,3987,169,22564,86,26551,California
Lake,2021-05-29,37,47282,10,13352,21,31928,6,2002,14,3984,23,22587,20,26571,California
Lake,2021-05-30,22,47304,6,13358,14,31942,2,2004,12,3988,10,22597,14,26585,California
Lake,2021-05-31,63,47367,21,13379,40,31982,2,2006,53,4033,10,22607,55,26640,California
Lake,2021-06-01,197,47564,38,13417,150,32132,9,2015,69,3984,127,22734,78,26718,California
Lake,2021-06-02,132,47696,46,13463,74,32206,12,2027,53,3970,79,22813,65,26783,California
Lake,2021-06-03,181,47877,53,13516,109,32315,19,2046,79,3966,102,22915,98,26881,California
Lake,2021-06-04,184,48061,54,13570,114,32429,16,2062,46,3892,136,23051,62,26943,California
Lake,2021-06-05,92,48153,56,13626,28,32457,8,2070,56,3920,36,23087,64,27007,California
Lake,2021-06-06,69,48222,39,13665,30,32487,0,2070,24,3899,45,23132,24,27031,California
Lake,2021-06-07,91,48313,29,13694,54,32541,8,2078,33,3883,57,23189,41,27072,California
Lake,2021-06-08,179,48492,68,13762,99,32640,12,2090,67,3850,112,23301,79,27151,California
Lake,2021-06-09,171,48663,42,13804,125,32765,4,2094,36,3757,133,23434,40,27191,California
Lake,2021-06-10,128,48791,63,13867,52,32817,13,2107,50,3742,78,23512,63,27254,California
Lake,2021-06-11,208,48999,66,13933,119,32936,23,2130,48,3655,158,23670,71,27325,California
Lake,2021-06-12,67,49066,39,13972,22,32958,6,2136,34,3662,33,23703,40,27365,California
Lake,2021-06-13,28,49094,15,13987,13,32971,0,2136,13,3660,15,23718,13,27378,California
Lake,2021-06-14,178,49272,86,14073,79,33050,13,2149,50,3596,127,23845,63,27441,California
Lake,2021-06-15,244,49516,64,14137,162,33212,18,2167,78,3526,166,24011,96,27537,California
Lake,2021-06-16,163,49679,57,14194,91,33303,15,2182,55,3489,107,24118,70,27607,California
Lake,2021-06-17,179,49858,86,14280,83,33386,10,2192,78,3477,100,24218,88,27695,California
Lake,2021-06-18,141,49999,38,14318,93,33479,10,2202,57,3460,84,24302,67,27762,California
Lake,2021-06-19,68,50067,26,14344,42,33521,0,2202,35,3462,33,24335,35,27797,California
Lake,2021-06-20,22,50089,8,14352,12,33533,2,2204,11,3464,11,24346,13,27810,California
Lake,2021-06-21,67,50156,17,14369,43,33576,7,2211,29,3462,38,24384,36,27846,California
Lake,2021-06-22,135,50291,51,14420,74,33650,10,2221,62,3462,72,24456,72,27918,California
Lake,2021-06-23,148,50439,68,14488,56,33706,24,2245,80,3498,68,24524,104,28022,California
Lake,2021-06-24,139,50578,93,14581,33,33739,13,2258,48,3469,90,24614,61,28083,California
Lake,2021-06-25,129,50707,57,14638,63,33802,9,2267,66,3482,62,24676,75,28158,California
Lake,2021-06-26,48,50755,37,14675,11,33813,0,2267,6,3446,42,24718,6,28164,California
Lake,2021-06-27,42,50797,30,14705,12,33825,0,2267,23,3450,19,24737,23,28187,California
Lake,2021-06-28,66,50863,22,14727,22,33847,22,2289,28,3463,37,24774,50,28237,California
Lake,2021-06-29,122,50985,47,14774,71,33918,4,2293,66,3477,56,24830,70,28307,California
Lake,2021-06-30,117,51102,61,14835,47,33965,9,2302,59,3487,58,24888,68,28375,California
Lake,2021-07-01,118,51220,54,14889,59,34024,5,2307,41,3460,73,24961,46,28421,California
Lake,2021-07-02,110,51330,35,14924,62,34086,13,2320,52,3468,56,25017,64,28485,California
Lake,2021-07-03,74,51404,43,14967,31,34117,0,2320,34,3464,38,25055,34,28519,California
Lake,2021-07-04,14,51418,5,14972,9,34126,0,2320,9,3468,5,25060,9,28528,California
Lake,2021-07-05,46,51464,18,14990,28,34154,0,2320,32,3486,14,25074,32,28560,California
Lake,2021-07-06,158,51622,53,15043,99,34253,6,2326,63,3463,92,25166,69,28629,California
Lake,2021-07-07,89,51711,53,15096,34,34287,2,2328,55,3486,34,25200,57,28686,California
Lake,2021-07-08,89,51800,34,15130,46,34333,9,2337,40,3486,49,25249,49,28735,California
Lake,2021-07-09,149,51949,84,15214,58,34391,7,2344,63,3471,85,25334,70,28805,California
Lake,2021-07-10,40,51989,14,15228,26,34417,0,2344,23,3477,17,25351,23,28828,California
Lake,2021-07-11,16,52005,4,15232,11,34428,1,2345,6,3474,10,25361,7,28835,California
Lake,2021-07-12,73,52078,33,15265,32,34460,8,2353,35,3480,37,25398,43,28878,California
Lassen,2020-12-16,8,8,8,8,0,0,0,0,8,8,0,0,8,8,California
Lassen,2020-12-17,6,14,6,14,0,0,0,0,6,14,0,0,6,14,California
Lassen,2020-12-18,1,15,1,15,0,0,0,0,1,15,0,0,1,15,California
Lassen,2020-12-19,5,20,5,20,0,0,0,0,5,20,0,0,5,20,California
Lassen,2020-12-20,2,22,2,22,0,0,0,0,2,22,0,0,2,22,California
Lassen,2020-12-21,11,33,11,33,0,0,0,0,11,33,0,0,11,33,California
Lassen,2020-12-22,23,56,23,56,0,0,0,0,23,56,0,0,23,56,California
Lassen,2020-12-23,6,62,6,62,0,0,0,0,6,62,0,0,6,62,California
Lassen,2020-12-24,11,73,11,73,0,0,0,0,11,73,0,0,11,73,California
Lassen,2020-12-28,3,76,2,75,1,1,0,0,3,76,0,0,3,76,California
Lassen,2020-12-29,35,111,35,110,0,1,0,0,35,111,0,0,35,111,California
Lassen,2020-12-30,36,147,35,145,1,2,0,0,36,147,0,0,36,147,California
Lassen,2020-12-31,49,196,42,187,7,9,0,0,49,196,0,0,49,196,California
Lassen,2021-01-02,1,197,0,187,1,10,0,0,1,197,0,0,1,197,California
Lassen,2021-01-04,15,212,2,189,13,23,0,0,15,212,0,0,15,212,California
Lassen,2021-01-05,193,405,52,241,141,164,0,0,193,405,0,0,193,405,California
Lassen,2021-01-06,97,502,45,286,52,216,0,0,89,487,8,8,90,495,California
Lassen,2021-01-07,43,545,7,293,36,252,0,0,37,518,6,14,37,532,California
Lassen,2021-01-08,50,595,2,295,48,300,0,0,50,568,0,14,50,582,California
Lassen,2021-01-09,12,607,6,301,6,306,0,0,12,580,0,14,12,594,California
Lassen,2021-01-11,27,634,5,306,22,328,0,0,27,607,0,14,27,621,California
Lassen,2021-01-12,49,683,29,335,20,348,0,0,30,618,19,33,30,651,California
Lassen,2021-01-13,161,844,19,354,142,490,0,0,146,749,15,48,146,797,California
Lassen,2021-01-14,161,1005,18,372,143,633,0,0,149,886,12,60,149,946,California
Lassen,2021-01-15,32,1037,6,378,26,659,0,0,32,918,0,60,32,978,California
Lassen,2021-01-16,34,1071,33,411,1,660,0,0,34,952,0,60,34,1012,California
Lassen,2021-01-17,1,1072,0,411,1,661,0,0,1,953,0,60,1,1013,California
Lassen,2021-01-18,5,1077,2,413,3,664,0,0,4,956,1,61,4,1017,California
Lassen,2021-01-19,186,1263,36,449,150,814,0,0,158,1086,28,89,158,1175,California
Lassen,2021-01-20,188,1451,100,549,88,902,0,0,105,1123,68,157,105,1280,California
Lassen,2021-01-21,145,1596,93,642,52,954,0,0,121,1226,18,175,121,1401,California
Lassen,2021-01-22,31,1627,18,660,13,967,0,0,21,1237,10,185,21,1422,California
Lassen,2021-01-23,2,1629,0,660,2,969,0,0,2,1239,0,185,2,1424,California
Lassen,2021-01-24,1,1630,0,660,1,970,0,0,1,1240,0,185,1,1425,California
Lassen,2021-01-25,12,1642,1,661,11,981,0,0,11,1250,1,186,11,1436,California
Lassen,2021-01-26,126,1768,12,673,114,1095,0,0,122,1368,4,190,122,1558,California
Lassen,2021-01-27,89,1857,37,710,52,1147,0,0,71,1421,18,208,71,1629,California
Lassen,2021-01-28,85,1942,14,724,71,1218,0,0,84,1504,1,209,84,1713,California
Lassen,2021-01-29,23,1965,7,731,16,1234,0,0,22,1525,1,210,22,1735,California
Lassen,2021-02-01,62,2027,5,736,57,1291,0,0,37,1537,25,235,37,1772,California
Lassen,2021-02-02,177,2204,12,748,165,1456,0,0,44,1448,133,368,44,1816,California
Lassen,2021-02-03,99,2303,21,769,78,1534,0,0,51,1451,48,416,51,1867,California
Lassen,2021-02-04,113,2416,16,785,97,1631,0,0,64,1466,49,465,64,1931,California
Lassen,2021-02-05,66,2482,12,797,54,1685,0,0,24,1448,42,507,24,1955,California
Lassen,2021-02-06,69,2551,34,831,35,1720,0,0,36,1452,32,539,36,1991,California
Lassen,2021-02-07,3,2554,3,834,0,1720,0,0,3,1455,0,539,3,1994,California
Lassen,2021-02-08,44,2598,4,838,40,1760,0,0,18,1447,26,565,18,2012,California
Lassen,2021-02-09,128,2726,7,845,121,1881,0,0,49,1417,79,644,49,2061,California
Lassen,2021-02-10,182,2908,21,866,161,2042,0,0,75,1385,107,751,75,2136,California
Lassen,2021-02-11,183,3091,17,883,166,2208,0,0,80,1363,102,853,80,2216,California
Lassen,2021-02-12,43,3134,11,894,32,2240,0,0,16,1352,27,880,16,2232,California
Lassen,2021-02-13,11,3145,3,897,8,2248,0,0,9,1359,2,882,9,2241,California
Lassen,2021-02-14,13,3158,0,897,13,2261,0,0,12,1370,1,883,12,2253,California
Lassen,2021-02-15,22,3180,3,900,19,2280,0,0,17,1383,4,887,17,2270,California
Lassen,2021-02-16,193,3373,4,904,189,2469,0,0,31,1254,160,1047,31,2301,California
Lassen,2021-02-17,182,3555,94,998,88,2557,0,0,10,1092,172,1219,10,2311,California
Lassen,2021-02-18,80,3635,21,1019,59,2616,0,0,21,1054,59,1278,21,2332,California
Lassen,2021-02-19,83,3718,62,1081,21,2637,0,0,19,1009,64,1342,19,2351,California
Lassen,2021-02-20,8,3726,0,1081,8,2645,0,0,6,1013,2,1344,6,2357,California
Lassen,2021-02-21,22,3748,2,1083,20,2665,0,0,18,1027,4,1348,18,2375,California
Lassen,2021-02-22,29,3777,13,1096,16,2681,0,0,9,1016,20,1368,9,2384,California
Lassen,2021-02-23,155,3932,11,1107,144,2825,0,0,43,947,112,1480,43,2427,California
Lassen,2021-02-24,166,4098,16,1123,150,2975,0,0,107,996,58,1538,107,2534,California
Lassen,2021-02-25,160,4258,23,1146,137,3112,0,0,98,1032,62,1600,98,2632,California
Lassen,2021-02-26,76,4334,17,1163,59,3171,0,0,37,1030,39,1639,37,2669,California
Lassen,2021-02-27,8,4342,7,1170,1,3172,0,0,3,1028,5,1644,3,2672,California
Lassen,2021-02-28,6,4348,2,1172,4,3176,0,0,2,1026,4,1648,2,2674,California
Lassen,2021-03-01,44,4392,4,1176,40,3216,0,0,10,1003,33,1681,10,2684,California
Lassen,2021-03-02,109,4501,8,1184,101,3317,0,0,81,1057,27,1708,81,2765,California
Lassen,2021-03-03,170,4671,11,1195,159,3476,0,0,113,1113,57,1765,113,2878,California
Lassen,2021-03-04,150,4821,17,1212,133,3609,0,0,98,1160,51,1816,98,2976,California
Lassen,2021-03-05,49,4870,7,1219,18,3627,24,24,11,1157,38,1854,35,3011,California
Lassen,2021-03-06,55,4925,4,1223,29,3656,22,46,5,1134,50,1904,27,3038,California
Lassen,2021-03-07,58,4983,3,1226,0,3656,55,101,3,1137,55,1959,58,3096,California
Lassen,2021-03-08,88,5071,2,1228,7,3663,79,180,3,1134,85,2044,82,3178,California
Lassen,2021-03-09,137,5208,11,1239,109,3772,17,197,89,1192,48,2092,106,3284,California
Lassen,2021-03-10,173,5381,10,1249,161,3933,2,199,79,1180,93,2185,81,3365,California
Lassen,2021-03-11,184,5565,16,1265,161,4094,7,206,112,1230,69,2254,119,3484,California
Lassen,2021-03-12,35,5600,17,1282,14,4108,4,210,12,1223,23,2277,16,3500,California
Lassen,2021-03-13,48,5648,0,1282,2,4110,46,256,1,1222,47,2324,46,3546,California
Lassen,2021-03-14,14,5662,2,1284,11,4121,1,257,2,1213,12,2336,3,3549,California
Lassen,2021-03-15,37,5699,5,1289,31,4152,1,258,16,1209,21,2357,17,3566,California
Lassen,2021-03-16,93,5792,2,1291,86,4238,5,263,74,1269,19,2376,79,3645,California
Lassen,2021-03-17,1080,6872,10,1301,1065,5303,5,268,1059,2312,21,2397,1064,4709,California
Lassen,2021-03-18,94,6966,9,1310,84,5387,1,269,81,2381,13,2410,82,4791,California
Lassen,2021-03-19,19,6985,11,1321,4,5391,4,273,7,2380,12,2422,11,4802,California
Lassen,2021-03-20,29,7014,3,1324,23,5414,3,276,22,2398,7,2429,25,4827,California
Lassen,2021-03-21,34,7048,1,1325,33,5447,0,276,14,2393,19,2448,14,4841,California
Lassen,2021-03-22,59,7107,1,1326,58,5505,0,276,56,2446,3,2451,56,4897,California
Lassen,2021-03-23,120,7227,11,1337,108,5613,1,277,67,2461,53,2504,68,4965,California
Lassen,2021-03-24,212,7439,13,1350,198,5811,1,278,105,2462,105,2609,106,5071,California
Lassen,2021-03-25,155,7594,23,1373,132,5943,0,278,72,2451,83,2692,72,5143,California
Lassen,2021-03-26,77,7671,13,1386,26,5969,38,316,19,2450,57,2749,56,5199,California
Lassen,2021-03-27,21,7692,4,1390,1,5970,16,332,3,2451,18,2767,19,5218,California
Lassen,2021-03-28,18,7710,4,1394,3,5973,11,343,2,2448,16,2783,13,5231,California
Lassen,2021-03-29,54,7764,0,1394,29,6002,25,368,20,2460,33,2816,45,5276,California
Lassen,2021-03-30,200,7964,10,1404,164,6166,26,394,52,2390,148,2964,78,5354,California
Lassen,2021-03-31,147,8111,12,1416,113,6279,22,416,62,2390,84,3048,84,5438,California
Lassen,2021-04-01,167,8278,15,1431,131,6410,21,437,47,2339,119,3167,68,5506,California
Lassen,2021-04-02,30,8308,4,1435,3,6413,23,460,2,2336,28,3195,25,5531,California
Lassen,2021-04-03,12,8320,0,1435,2,6415,10,470,0,2334,12,3207,10,5541,California
Lassen,2021-04-04,7,8327,2,1437,0,6415,5,475,1,2334,6,3213,6,5547,California
Lassen,2021-04-05,22,8349,4,1441,11,6426,7,482,11,2341,11,3224,18,5565,California
Lassen,2021-04-06,182,8531,8,1449,144,6570,30,512,52,2293,130,3354,82,5647,California
Lassen,2021-04-07,135,8666,6,1455,92,6662,37,549,32,2261,103,3457,71,5718,California
Lassen,2021-04-08,169,8835,10,1465,103,6765,56,605,32,2216,133,3590,88,5806,California
Lassen,2021-04-09,53,8888,6,1471,10,6775,37,642,8,2216,44,3634,44,5850,California
Lassen,2021-04-10,10,8898,0,1471,2,6777,8,650,0,2215,9,3643,8,5858,California
Lassen,2021-04-11,6,8904,2,1473,1,6778,3,653,3,2218,3,3646,6,5864,California
Lassen,2021-04-12,32,8936,4,1477,15,6793,13,666,4,2207,28,3674,17,5881,California
Lassen,2021-04-13,129,9065,6,1483,123,6916,0,666,40,2159,88,3762,40,5921,California
Lassen,2021-04-14,984,10049,16,1499,968,7884,0,666,51,1279,931,4693,51,5972,California
Lassen,2021-04-15,147,10196,14,1513,133,8017,0,666,19,1170,128,4821,19,5991,California
Lassen,2021-04-16,14,10210,5,1518,9,8026,0,666,6,1168,8,4829,6,5997,California
Lassen,2021-04-17,24,10234,3,1521,21,8047,0,666,4,1152,20,4849,4,6001,California
Lassen,2021-04-18,5,10239,2,1523,3,8050,0,666,2,1151,3,4852,2,6003,California
Lassen,2021-04-19,35,10274,0,1523,35,8085,0,666,18,1152,17,4869,18,6021,California
Lassen,2021-04-20,137,10411,7,1530,130,8215,0,666,51,1117,86,4955,51,6072,California
Lassen,2021-04-21,167,10578,10,1540,156,8371,1,667,34,1021,131,5086,35,6107,California
Lassen,2021-04-22,102,10680,16,1556,86,8457,0,667,32,983,70,5156,32,6139,California
Lassen,2021-04-23,27,10707,1,1557,26,8483,0,667,21,998,6,5162,21,6160,California
Lassen,2021-04-24,9,10716,5,1562,4,8487,0,667,3,995,6,5168,3,6163,California
Lassen,2021-04-25,5,10721,0,1562,4,8491,1,668,3,997,2,5170,4,6167,California
Lassen,2021-04-26,44,10765,2,1564,38,8529,4,672,9,976,34,5204,13,6180,California
Lassen,2021-04-27,119,10884,9,1573,107,8636,3,675,66,992,53,5257,69,6249,California
Lassen,2021-04-28,82,10966,7,1580,73,8709,2,677,29,970,53,5310,31,6280,California
Lassen,2021-04-29,69,11035,7,1587,59,8768,3,680,24,953,44,5354,27,6307,California
Lassen,2021-04-30,15,11050,8,1595,4,8772,3,683,6,953,9,5363,9,6316,California
Lassen,2021-05-01,5,11055,0,1595,4,8776,1,684,4,957,1,5364,5,6321,California
Lassen,2021-05-02,10,11065,6,1601,4,8780,0,684,6,959,4,5368,6,6327,California
Lassen,2021-05-03,17,11082,2,1603,9,8789,6,690,2,952,15,5383,8,6335,California
Lassen,2021-05-04,73,11155,5,1608,60,8849,8,698,21,929,52,5435,29,6364,California
Lassen,2021-05-05,83,11238,4,1612,67,8916,12,710,26,911,56,5491,38,6402,California
Lassen,2021-05-06,80,11318,21,1633,37,8953,22,732,21,895,59,5550,43,6445,California
Lassen,2021-05-07,49,11367,33,1666,11,8964,5,737,41,933,8,5558,46,6491,California
Lassen,2021-05-08,11,11378,0,1666,5,8969,6,743,4,936,7,5565,10,6501,California
Lassen,2021-05-09,3,11381,1,1667,0,8969,2,745,0,935,3,5568,2,6503,California
Lassen,2021-05-10,12,11393,1,1668,8,8977,3,748,6,938,6,5574,9,6512,California
Lassen,2021-05-11,74,11467,1,1669,62,9039,11,759,20,915,54,5628,31,6543,California
Lassen,2021-05-12,44,11511,4,1673,34,9073,6,765,14,905,30,5658,20,6563,California
Lassen,2021-05-13,36,11547,10,1683,21,9094,5,770,10,894,26,5684,15,6578,California
Lassen,2021-05-14,21,11568,3,1686,10,9104,8,778,10,901,11,5695,18,6596,California
Lassen,2021-05-15,16,11584,2,1688,4,9108,10,788,4,903,12,5707,14,6610,California
Lassen,2021-05-16,7,11591,2,1690,3,9111,2,790,2,903,4,5711,4,6614,California
Lassen,2021-05-17,36,11627,4,1694,20,9131,12,802,10,899,26,5737,22,6636,California
Lassen,2021-05-18,92,11719,11,1705,68,9199,13,815,28,876,64,5801,41,6677,California
Lassen,2021-05-19,59,11778,3,1708,45,9244,11,826,7,842,51,5852,17,6694,California
Lassen,2021-05-20,33,11811,8,1716,16,9260,9,835,11,840,22,5874,20,6714,California
Lassen,2021-05-21,67,11878,33,1749,20,9280,14,849,35,857,32,5906,49,6763,California
Lassen,2021-05-22,17,11895,2,1751,7,9287,8,857,7,862,10,5916,15,6778,California
Lassen,2021-05-23,6,11901,3,1754,1,9288,2,859,0,858,6,5922,2,6780,California
Lassen,2021-05-24,13,11914,1,1755,10,9298,2,861,5,858,7,5929,7,6787,California
Lassen,2021-05-25,99,12013,6,1761,84,9382,9,870,33,834,66,5995,42,6829,California
Lassen,2021-05-26,59,12072,1,1762,42,9424,16,886,11,813,48,6043,27,6856,California
Lassen,2021-05-27,43,12115,17,1779,20,9444,6,892,12,801,30,6073,18,6874,California
Lassen,2021-05-28,74,12189,48,1827,18,9462,8,900,30,795,44,6117,38,6912,California
Lassen,2021-05-29,15,12204,1,1828,12,9474,2,902,8,798,7,6124,10,6922,California
Lassen,2021-05-30,2,12206,0,1828,1,9475,1,903,1,799,1,6125,2,6924,California
Lassen,2021-05-31,7,12213,0,1828,6,9481,1,904,1,795,6,6131,2,6926,California
Lassen,2021-06-01,45,12258,2,1830,36,9517,7,911,15,787,30,6161,22,6948,California
Lassen,2021-06-02,57,12315,2,1832,41,9558,14,925,15,775,41,6202,29,6977,California
Lassen,2021-06-03,20,12335,2,1834,9,9567,9,934,6,776,14,6216,15,6992,California
Lassen,2021-06-04,37,12372,1,1835,24,9591,12,946,12,775,25,6241,24,7016,California
Lassen,2021-06-05,14,12386,3,1838,7,9598,4,950,4,773,10,6251,8,7024,California
Lassen,2021-06-06,5,12391,0,1838,2,9600,3,953,1,773,4,6255,4,7028,California
Lassen,2021-06-07,18,12409,0,1838,9,9609,9,962,3,770,15,6270,12,7040,California
Lassen,2021-06-08,42,12451,9,1847,29,9638,4,966,15,762,27,6297,19,7059,California
Lassen,2021-06-09,18,12469,1,1848,15,9653,2,968,7,761,10,6307,9,7068,California
Lassen,2021-06-10,21,12490,10,1858,8,9661,3,971,11,765,10,6317,14,7082,California
Lassen,2021-06-11,43,12533,29,1887,14,9675,0,971,11,745,32,6349,12,7094,California
Lassen,2021-06-12,5,12538,1,1888,4,9679,0,971,1,742,4,6353,1,7095,California
Lassen,2021-06-13,3,12541,2,1890,1,9680,0,971,1,741,2,6355,1,7096,California
Lassen,2021-06-14,10,12551,2,1892,6,9686,2,973,4,742,5,6360,6,7102,California
Lassen,2021-06-15,48,12599,5,1897,38,9724,5,978,15,729,33,6393,20,7122,California
Lassen,2021-06-16,11,12610,0,1897,6,9730,5,983,6,735,5,6398,11,7133,California
Lassen,2021-06-17,22,12632,10,1907,8,9738,4,987,9,735,13,6411,13,7146,California
Lassen,2021-06-18,45,12677,19,1926,18,9756,8,995,9,716,36,6447,17,7163,California
Lassen,2021-06-19,13,12690,1,1927,10,9766,2,997,5,715,8,6455,7,7170,California
Lassen,2021-06-20,6,12696,2,1929,3,9769,1,998,5,720,1,6456,6,7176,California
Lassen,2021-06-21,14,12710,0,1929,12,9781,2,1000,4,716,10,6466,6,7182,California
Lassen,2021-06-22,36,12746,1,1930,34,9815,1,1001,19,719,17,6483,20,7202,California
Lassen,2021-06-23,17,12763,2,1932,12,9827,3,1004,5,715,12,6495,8,7210,California
Lassen,2021-06-24,26,12789,3,1935,16,9843,7,1011,14,724,12,6507,21,7231,California
Lassen,2021-06-25,21,12810,3,1938,18,9861,0,1011,12,727,9,6516,12,7243,California
Lassen,2021-06-26,6,12816,0,1938,6,9867,0,1011,1,723,5,6521,1,7244,California
Lassen,2021-06-27,1,12817,0,1938,0,9867,1,1012,0,723,1,6522,1,7245,California
Lassen,2021-06-28,13,12830,2,1940,9,9876,2,1014,9,730,4,6526,11,7256,California
Lassen,2021-06-29,30,12860,1,1941,28,9904,1,1015,8,717,22,6548,9,7265,California
Lassen,2021-06-30,29,12889,8,1949,16,9920,5,1020,14,721,15,6563,19,7284,California
Lassen,2021-07-01,26,12915,14,1963,11,9931,1,1021,16,728,10,6573,17,7301,California
Lassen,2021-07-02,28,12943,6,1969,18,9949,4,1025,11,728,15,6588,15,7316,California
Lassen,2021-07-03,5,12948,0,1969,5,9954,0,1025,3,729,2,6590,3,7319,California
Lassen,2021-07-04,1,12949,0,1969,1,9955,0,1025,1,730,0,6590,1,7320,California
Lassen,2021-07-05,9,12958,0,1969,6,9961,3,1028,2,728,7,6597,5,7325,California
Lassen,2021-07-06,27,12985,0,1969,27,9988,0,1028,12,727,13,6610,12,7337,California
Lassen,2021-07-07,18,13003,5,1974,12,10000,1,1029,8,726,10,6620,9,7346,California
Lassen,2021-07-08,30,13033,22,1996,8,10008,0,1029,22,740,8,6628,22,7368,California
Lassen,2021-07-09,26,13059,5,2001,18,10026,3,1032,16,749,10,6638,19,7387,California
Lassen,2021-07-10,1,13060,0,2001,1,10027,0,1032,0,748,1,6639,0,7387,California
Lassen,2021-07-11,1,13061,1,2002,0,10027,0,1032,0,747,1,6640,0,7387,California
Lassen,2021-07-12,4,13065,0,2002,4,10031,0,1032,2,747,2,6642,2,7389,California
Los Angeles,2020-12-15,399,399,399,399,0,0,0,0,399,399,0,0,399,399,California
Los Angeles,2020-12-16,3604,4003,3604,4003,0,0,0,0,3604,4003,0,0,3604,4003,California
Los Angeles,2020-12-17,10433,14436,10433,14436,0,0,0,0,10434,14437,0,0,10434,14437,California
Los Angeles,2020-12-18,14820,29256,14794,29230,26,26,0,0,14820,29257,0,0,14820,29257,California
Los Angeles,2020-12-19,7319,36575,7310,36540,9,35,0,0,7321,36578,0,0,7321,36578,California
Los Angeles,2020-12-20,4679,41254,4668,41208,11,46,0,0,4681,41259,0,0,4681,41259,California
Los Angeles,2020-12-21,13799,55053,13781,54989,18,64,0,0,13801,55059,1,1,13801,55060,California
Los Angeles,2020-12-22,11621,66674,11228,66217,393,457,0,0,11621,66678,2,3,11621,66681,California
Los Angeles,2020-12-23,12038,78712,10257,76474,1781,2238,0,0,12039,78717,0,3,12039,78720,California
Los Angeles,2020-12-24,7073,85785,4281,80755,2792,5030,0,0,7076,85793,0,3,7076,85796,California
Los Angeles,2020-12-25,530,86315,423,81178,107,5137,0,0,531,86324,0,3,531,86327,California
Los Angeles,2020-12-26,2557,88872,2201,83379,356,5493,0,0,2556,88878,2,5,2556,88883,California
Los Angeles,2020-12-27,1792,90664,1052,84431,740,6233,0,0,1792,90670,0,5,1792,90675,California
Los Angeles,2020-12-28,10422,101086,6456,90887,3966,10199,0,0,10419,101088,1,6,10419,101094,California
Los Angeles,2020-12-29,11718,112804,6140,97027,5578,15777,0,0,11718,112805,1,7,11718,112812,California
Los Angeles,2020-12-30,14992,127796,8148,105175,6844,22621,0,0,14991,127796,0,7,14991,127803,California
Los Angeles,2020-12-31,8070,135866,2786,107961,5284,27905,0,0,8064,135855,5,12,8064,135867,California
Los Angeles,2021-01-01,1107,136973,327,108288,780,28685,0,0,1105,136958,2,14,1105,136972,California
Los Angeles,2021-01-02,4518,141491,1690,109978,2828,31513,0,0,4517,141475,0,14,4517,141489,California
Los Angeles,2021-01-03,973,142464,229,110207,744,32257,0,0,971,142444,2,16,971,142460,California
Los Angeles,2021-01-04,12845,155309,4922,115129,7923,40180,0,0,12829,155271,2,18,12829,155289,California
Los Angeles,2021-01-05,16163,171472,7145,122274,9018,49198,0,0,14210,167568,1923,1941,14220,169509,California
Los Angeles,2021-01-06,22860,194332,12154,134428,10706,59904,0,0,17148,179083,5643,7584,17158,186667,California
Los Angeles,2021-01-07,29919,224251,16162,150590,13757,73661,0,0,19002,187232,10870,18454,19019,205686,California
Los Angeles,2021-01-08,33675,257926,18283,168873,15392,89053,0,0,21151,195899,12496,30950,21163,226849,California
Los Angeles,2021-01-09,12589,270515,7225,176098,5364,94417,0,0,7629,198579,4957,35907,7637,234486,California
Los Angeles,2021-01-10,4791,275306,3719,179817,1072,95489,0,0,2006,197801,2785,38692,2007,236493,California
Los Angeles,2021-01-11,26080,301386,16414,196231,9666,105155,0,0,15070,201885,10997,49689,15081,251574,California
Los Angeles,2021-01-12,29586,330972,16280,212511,13306,118461,0,0,19354,211035,10217,59906,19367,270941,California
Los Angeles,2021-01-13,29690,360662,15916,228427,13774,132235,0,0,20649,222667,9024,68930,20656,291597,California
Los Angeles,2021-01-14,29488,390150,12757,241184,16731,148966,0,0,23907,241025,5562,74492,23920,315517,California
Los Angeles,2021-01-15,34213,424363,12446,253630,21767,170733,0,0,30585,268021,3601,78093,30597,346114,California
Los Angeles,2021-01-16,17868,442231,5021,258651,12847,183580,0,0,16065,282299,1794,79887,16072,362186,California
Los Angeles,2021-01-17,5275,447506,2357,261008,2918,186498,0,0,5012,287051,262,80149,5014,367200,California
Los Angeles,2021-01-18,15806,463312,10171,271179,5635,192133,0,0,11051,293364,4742,84891,11055,378255,California
Los Angeles,2021-01-19,38939,502251,20713,291892,18226,210359,0,0,31051,316584,7846,92737,31066,409321,California
Los Angeles,2021-01-20,47279,549530,24778,316670,22501,232860,0,0,39599,348549,7647,100384,39612,448933,California
Los Angeles,2021-01-21,49408,598938,22694,339364,26714,259574,0,0,45040,389313,4294,104678,45058,493991,California
Los Angeles,2021-01-22,48650,647588,22499,361863,26151,285725,0,0,45111,430951,3490,108168,45128,539119,California
Los Angeles,2021-01-23,34371,681959,15827,377690,18544,304269,0,0,32252,461133,2084,110252,32266,571385,California
Los Angeles,2021-01-24,15766,697725,12184,389874,3582,307851,0,0,15202,475784,554,110806,15205,586590,California
Los Angeles,2021-01-25,39761,737486,16779,406653,22982,330833,0,0,31006,498093,8713,119519,31022,617612,California
Los Angeles,2021-01-26,49921,787407,24781,431434,25140,355973,0,0,41501,531236,8379,127898,41522,659134,California
Los Angeles,2021-01-27,51163,838570,25961,457395,25202,381175,0,0,41565,563380,9448,137346,41592,700726,California
Los Angeles,2021-01-28,49277,887847,23557,480952,25720,406895,0,0,40651,595553,8494,145840,40667,741393,California
Los Angeles,2021-01-29,50109,937956,25793,506745,24316,431211,0,0,39733,625295,10008,155848,39750,781143,California
Los Angeles,2021-01-30,30432,968388,15605,522350,14827,446038,0,0,26033,647020,4314,160162,26039,807182,California
Los Angeles,2021-01-31,12893,981281,10098,532448,2795,448833,0,0,11965,658077,912,161074,11969,819151,California
Los Angeles,2021-02-01,38882,1020163,16397,548845,22485,471318,0,0,28036,675332,10793,171867,28048,847199,California
Los Angeles,2021-02-02,45172,1065335,18081,566926,27091,498409,0,0,32617,695455,12500,184367,32623,879822,California
Los Angeles,2021-02-03,52634,1117969,19516,586442,33118,531527,0,0,37462,718011,14918,199285,37474,917296,California
Los Angeles,2021-02-04,57641,1175610,20661,607103,36980,568507,0,0,39236,739208,18053,217338,39250,956546,California
Los Angeles,2021-02-05,61976,1237586,20991,628094,40985,609492,0,0,39535,756783,21975,239313,39550,996096,California
Los Angeles,2021-02-06,35779,1273365,13350,641444,22429,631921,0,0,27144,775396,8554,247867,27167,1023263,California
Los Angeles,2021-02-07,11023,1284388,8508,649952,2515,634436,0,0,8581,781563,2422,250289,8589,1031852,California
Los Angeles,2021-02-08,47478,1331866,21886,671838,25592,660028,0,0,30936,796114,16391,266680,30942,1062794,California
Los Angeles,2021-02-09,56466,1388332,24802,696640,31664,691692,0,0,28518,796816,27828,294508,28530,1091324,California
Los Angeles,2021-02-10,67716,1456048,29623,726263,38093,729785,0,0,30543,790605,36772,331280,30561,1121885,California
Los Angeles,2021-02-11,58928,1514976,31431,757694,27497,757282,0,0,28216,788619,30213,361493,28227,1150112,California
Los Angeles,2021-02-12,60842,1575818,30149,787843,30693,787975,0,0,26521,781246,33917,395410,26544,1176656,California
Los Angeles,2021-02-13,34268,1610086,20020,807863,14248,802223,0,0,15543,778226,18618,414028,15598,1192254,California
Los Angeles,2021-02-14,22048,1632134,15052,822915,6996,809219,0,0,8833,773922,13146,427174,8842,1201096,California
Los Angeles,2021-02-15,33328,1665462,16157,839072,17171,826390,0,0,18214,777125,15028,442202,18231,1219327,California
Los Angeles,2021-02-16,64923,1730385,33002,872074,31921,858311,0,0,29925,772192,34875,477077,29942,1249269,California
Los Angeles,2021-02-17,65815,1796200,35105,907179,30710,889021,0,0,26631,759883,38955,516032,26646,1275915,California
Los Angeles,2021-02-18,69405,1865605,35299,942478,34106,923127,0,0,28781,748281,40404,556436,28802,1304717,California
Los Angeles,2021-02-19,59711,1925316,36768,979246,22943,946070,0,0,29042,746834,30509,586945,29062,1333779,California
Los Angeles,2021-02-20,33757,1959073,24578,1003824,9179,955249,0,0,16175,745535,17499,604444,16200,1349979,California
Los Angeles,2021-02-21,22816,1981889,21061,1024885,1755,957004,0,0,11419,745640,11320,615764,11425,1361404,California
Los Angeles,2021-02-22,36809,2018698,26872,1051757,9937,966941,0,0,18747,746478,17932,633696,18770,1380174,California
Los Angeles,2021-02-23,57905,2076603,24782,1076539,33123,1000064,0,0,22383,733602,35288,668984,22412,1402586,California
Los Angeles,2021-02-24,68080,2144683,30399,1106938,37681,1037745,0,0,29005,723850,38794,707778,29042,1431628,California
Los Angeles,2021-02-25,77088,2221771,35389,1142327,41699,1079444,0,0,39409,725860,37434,745212,39444,1471072,California
Los Angeles,2021-02-26,86484,2308255,40004,1182331,46480,1125924,0,0,48265,736243,37930,783142,48313,1519385,California
Los Angeles,2021-02-27,62374,2370629,27171,1209502,35194,1161118,9,9,31470,737060,30698,813840,31515,1550900,California
Los Angeles,2021-02-28,27265,2397894,18783,1228285,8479,1169597,3,12,19084,748108,8056,821896,19104,1570004,California
Los Angeles,2021-03-01,57879,2455773,32800,1261085,25033,1194630,46,58,34708,759970,22927,844823,34789,1604793,California
Los Angeles,2021-03-02,78682,2534455,38161,1299246,40512,1235142,9,67,49566,780648,28933,873756,49611,1654404,California
Los Angeles,2021-03-03,86473,2620928,44335,1343581,42119,1277261,19,86,54751,803953,31500,905256,54805,1709209,California
Los Angeles,2021-03-04,92371,2713299,47298,1390879,45056,1322317,17,103,58379,828618,33770,939026,58435,1767644,California
Los Angeles,2021-03-05,91056,2804355,44902,1435781,46120,1368437,34,137,60806,859525,30006,969032,60913,1828557,California
Los Angeles,2021-03-06,67763,2872118,34558,1470339,31356,1399793,1849,1986,43631,881042,23967,992999,45484,1874041,California
Los Angeles,2021-03-07,28503,2900621,20964,1491303,5925,1405718,1614,3600,21446,897081,7015,1000014,23054,1897095,California
Los Angeles,2021-03-08,54881,2955502,29563,1520866,23232,1428950,2086,5686,41402,927222,13353,1013367,43494,1940589,California
Los Angeles,2021-03-09,82332,3037834,39196,1560062,39791,1468741,3345,9031,52344,953083,29815,1043182,55676,1996265,California
Los Angeles,2021-03-10,83870,3121704,41260,1601322,37711,1506452,4899,13930,53040,980357,30619,1073801,57893,2054158,California
Los Angeles,2021-03-11,93901,3215605,46147,1647469,40993,1547445,6761,20691,54932,1003250,38745,1112546,61638,2115796,California
Los Angeles,2021-03-12,99878,3315483,45275,1692744,40666,1588111,13937,34628,58245,1033940,41386,1153932,72076,2187872,California
Los Angeles,2021-03-13,76057,3391540,35923,1728667,28128,1616239,12006,46634,45272,1060477,30654,1184586,57191,2245063,California
Los Angeles,2021-03-14,39272,3430812,26383,1755050,10327,1626566,2562,49196,23931,1071691,15257,1199843,26471,2271534,California
Los Angeles,2021-03-15,75778,3506590,37255,1792305,33054,1659620,5469,54665,45552,1092678,29993,1229836,50980,2322514,California
Los Angeles,2021-03-16,100636,3607226,44293,1836598,50456,1710076,5887,60552,64831,1127776,35555,1265391,70653,2393167,California
Los Angeles,2021-03-17,98334,3705560,44983,1881581,45021,1755097,8330,68882,65666,1169172,32421,1297812,73817,2466984,California
Los Angeles,2021-03-18,103764,3809324,49844,1931425,48333,1803430,5587,74469,65157,1201623,38261,1336073,70712,2537696,California
Los Angeles,2021-03-19,110109,3919433,57625,1989050,47679,1851109,4805,79274,67269,1231106,42527,1378600,72010,2609706,California
Los Angeles,2021-03-20,77113,3996546,37959,2027009,34535,1885644,4619,83893,52142,1263083,24759,1403359,56736,2666442,California
Los Angeles,2021-03-21,35033,4031579,26071,2053080,8053,1893697,909,84802,22341,1273776,12554,1415913,23247,2689689,California
Los Angeles,2021-03-22,71519,4103098,42156,2095236,27184,1920881,2179,86981,49965,1304666,21247,1437160,52137,2741826,California
Los Angeles,2021-03-23,97299,4200397,52832,2148068,41215,1962096,3252,90233,58458,1327816,38542,1475702,61692,2803518,California
Los Angeles,2021-03-24,105704,4306101,56215,2204283,46312,2008408,3177,93410,60370,1346370,44971,1520673,63525,2867043,California
Los Angeles,2021-03-25,111573,4417674,59958,2264241,47700,2056108,3915,97325,62106,1363247,49116,1569789,65993,2933036,California
Los Angeles,2021-03-26,115990,4533664,63582,2327823,48160,2104268,4248,101573,63554,1378908,52100,1621889,67761,3000797,California
Los Angeles,2021-03-27,84023,4617687,44176,2371999,37702,2141970,2145,103718,42650,1382632,41069,1662958,44793,3045590,California
Los Angeles,2021-03-28,42387,4660074,28748,2400747,13052,2155022,587,104305,20065,1381106,22178,1685136,20652,3066242,California
Los Angeles,2021-03-29,83611,4743685,47117,2447864,34710,2189732,1784,106089,46126,1391789,37220,1722356,47903,3114145,California
Los Angeles,2021-03-30,109739,4853424,52540,2500404,51252,2240984,5947,112036,56950,1402132,52506,1774862,62849,3176994,California
Los Angeles,2021-03-31,123337,4976761,62421,2562825,52069,2293053,8847,120883,68387,1424696,54597,1829459,77161,3254155,California
Los Angeles,2021-04-01,134355,5111116,63066,2625891,55788,2348841,15501,136384,71613,1449364,62319,1891778,86987,3341142,California
Los Angeles,2021-04-02,133296,5244412,59684,2685575,57994,2406835,15618,152002,70437,1472883,62466,1954244,85985,3427127,California
Los Angeles,2021-04-03,99002,5343414,45373,2730948,39937,2446772,13692,165694,48689,1485062,50097,2004341,62276,3489403,California
Los Angeles,2021-04-04,39348,5382762,20621,2751569,12080,2458852,6647,172341,16359,1485135,22885,2027226,22958,3512361,California
Los Angeles,2021-04-05,94722,5477484,44838,2796407,39460,2498312,10424,182765,44401,1489790,50076,2077302,54731,3567092,California
Los Angeles,2021-04-06,122002,5599486,57571,2853978,44024,2542336,20407,203172,55722,1499778,65987,2143289,75975,3643067,California
Los Angeles,2021-04-07,121465,5720951,55351,2909329,44803,2587139,21311,224483,54525,1508804,66639,2209928,75665,3718732,California
Los Angeles,2021-04-08,134045,5854996,59089,2968418,50658,2637797,24298,248781,60103,1519430,73576,2283504,84202,3802934,California
Los Angeles,2021-04-09,132954,5987950,57719,3026137,51038,2688835,24197,272978,56707,1524244,75883,2359387,80697,3883631,California
Los Angeles,2021-04-10,102252,6090202,43216,3069353,34773,2723608,24263,297241,37416,1521193,64567,2423954,61516,3945147,California
Los Angeles,2021-04-11,42082,6132284,22728,3092081,9950,2733558,9404,306645,14512,1517568,27469,2451423,23844,3968991,California
Los Angeles,2021-04-12,79922,6212206,39031,3131112,34382,2767940,6509,313154,32616,1509557,47062,2498485,39051,4008042,California
Los Angeles,2021-04-13,118690,6330896,59888,3191000,58367,2826307,435,313589,62679,1516961,55718,2554203,63122,4071164,California
Los Angeles,2021-04-14,120484,6451380,60332,3251332,60018,2886325,134,313723,65180,1527297,54980,2609183,65316,4136480,California
Los Angeles,2021-04-15,131944,6583324,71337,3322669,60406,2946731,201,313924,75325,1546422,56271,2665454,75396,4211876,California
Los Angeles,2021-04-16,132275,6715599,69739,3392408,62391,3009122,145,314069,69478,1553576,62407,2727861,69561,4281437,California
Los Angeles,2021-04-17,100002,6815601,52274,3444682,47702,3056824,26,314095,56902,1567675,42826,2770687,56925,4338362,California
Los Angeles,2021-04-18,35848,6851449,24205,3468887,11642,3068466,1,314096,19589,1571112,16161,2786848,19598,4357960,California
Los Angeles,2021-04-19,77649,6929098,40656,3509543,36975,3105441,18,314114,34823,1563379,42586,2829434,34853,4392813,California
Los Angeles,2021-04-20,105996,7035094,52574,3562117,53391,3158832,31,314145,52365,1562454,53329,2882763,52404,4445217,California
Los Angeles,2021-04-21,115168,7150262,56396,3618513,58581,3217413,191,314336,51088,1550080,63660,2946423,51286,4496503,California
Los Angeles,2021-04-22,118958,7269220,61861,3680374,57063,3274476,34,314370,52419,1536397,66150,3012573,52467,4548970,California
Los Angeles,2021-04-23,118594,7387814,65116,3745490,53455,3327931,23,314393,56574,1531344,61659,3074232,56606,4605576,California
Los Angeles,2021-04-24,90892,7478706,57524,3803014,33326,3361257,42,314435,50423,1541623,40198,3114430,50477,4656053,California
Los Angeles,2021-04-25,38028,7516734,25190,3828204,12832,3374089,6,314441,20450,1544632,17447,3131877,20456,4676509,California
Los Angeles,2021-04-26,79263,7595997,41351,3869555,37400,3411489,512,314953,39076,1544293,39925,3171802,39586,4716095,California
Los Angeles,2021-04-27,95588,7691585,46012,3915567,47578,3459067,1998,316951,37083,1525176,58187,3229989,39070,4755165,California
Los Angeles,2021-04-28,88099,7779684,42753,3958320,43236,3502303,2110,319061,34859,1509283,52856,3282845,36963,4792128,California
Los Angeles,2021-04-29,94692,7874376,47403,4005723,45076,3547379,2213,321274,34294,1485829,59955,3342800,36501,4828629,California
Los Angeles,2021-04-30,102685,7977061,50892,4056615,49328,3596707,2465,323739,37814,1461713,64376,3407176,40260,4868889,California
Los Angeles,2021-05-01,76121,8053182,42459,4099074,32099,3628806,1563,325302,28792,1445100,46959,3454135,30346,4899235,California
Los Angeles,2021-05-02,28116,8081298,18051,4117125,9323,3638129,742,326044,10176,1438207,17808,3471943,10915,4910150,California
Los Angeles,2021-05-03,62639,8143937,30429,4147554,29968,3668097,2242,328286,22775,1423635,39568,3511511,24996,4935146,California
Los Angeles,2021-05-04,88708,8232645,49466,4197020,36946,3705043,2296,330582,27687,1392913,60686,3572197,29964,4965110,California
Los Angeles,2021-05-05,91664,8324309,53684,4250704,35576,3740619,2404,332986,25440,1354906,65842,3638039,27835,4992945,California
Los Angeles,2021-05-06,98699,8423008,59714,4310418,36465,3777084,2520,335506,23605,1306331,74684,3712723,26109,5019054,California
Los Angeles,2021-05-07,98542,8521550,58363,4368781,37801,3814885,2378,337884,27182,1264909,70960,3783683,29538,5048592,California
Los Angeles,2021-05-08,67003,8588553,43979,4412760,21244,3836129,1780,339664,18623,1237280,48023,3831706,20394,5068986,California
Los Angeles,2021-05-09,24520,8613073,18838,4431598,4937,3841066,745,340409,6172,1225948,18240,3849946,6908,5075894,California
Los Angeles,2021-05-10,50852,8663925,26962,4458560,21982,3863048,1908,342317,15561,1208382,35029,3884975,17463,5093357,California
Los Angeles,2021-05-11,71578,8735503,39049,4497609,30376,3893424,2153,344470,18768,1176754,52529,3937504,20901,5114258,California
Los Angeles,2021-05-12,72798,8808301,39879,4537488,30602,3924026,2317,346787,20515,1147612,51947,3989451,22805,5137063,California
Los Angeles,2021-05-13,78557,8886858,47381,4584869,29436,3953462,1740,348527,28021,1127241,50119,4039570,29748,5166811,California
Los Angeles,2021-05-14,89892,8976750,57226,4642095,30786,3984248,1880,350407,33930,1107450,55590,4095160,35799,5202610,California
Los Angeles,2021-05-15,76640,9053390,53626,4695721,21458,4005706,1556,351963,29819,1092302,46512,4141672,31364,5233974,California
Los Angeles,2021-05-16,31090,9084480,24647,4720368,5828,4011534,615,352578,12374,1086680,18606,4160278,12984,5246958,California
Los Angeles,2021-05-17,62153,9146633,40260,4760628,20110,4031644,1783,354361,24935,1076414,36960,4197238,26694,5273652,California
Los Angeles,2021-05-18,65390,9212023,38716,4799344,24831,4056475,1843,356204,25728,1064579,39373,4236611,27538,5301190,California
Los Angeles,2021-05-19,67666,9279689,40779,4840123,25037,4081512,1850,358054,28814,1056658,38566,4275177,30645,5331835,California
Los Angeles,2021-05-20,66696,9346385,37354,4877477,27256,4108768,2086,360140,25217,1042870,41078,4316255,27290,5359125,California
Los Angeles,2021-05-21,70244,9416629,42621,4920098,25545,4134313,2078,362218,27229,1029562,42604,4358859,29296,5388421,California
Los Angeles,2021-05-22,57587,9474216,37456,4957554,18474,4152787,1657,363875,23433,1020734,33908,4392767,25080,5413501,California
Los Angeles,2021-05-23,24387,9498603,17019,4974573,6524,4159311,844,364719,10808,1018934,13448,4406215,11648,5425149,California
Los Angeles,2021-05-24,49139,9547742,27167,5001740,20113,4179424,1859,366578,18586,1009066,30296,4436511,20428,5445577,California
Los Angeles,2021-05-25,49934,9597676,28870,5030610,19287,4198711,1777,368355,19203,999578,30459,4466970,20971,5466548,California
Los Angeles,2021-05-26,47273,9644949,26707,5057317,18712,4217423,1854,370209,19754,993975,27090,4494060,21487,5488035,California
Los Angeles,2021-05-27,45599,9690548,25478,5082795,18281,4235704,1840,372049,18824,988099,26522,4520582,20646,5508681,California
Los Angeles,2021-05-28,52443,9742991,29713,5112508,20831,4256535,1899,373948,23265,984396,28852,4549434,25149,5533830,California
Los Angeles,2021-05-29,30768,9773759,17851,5130359,11871,4268406,1046,374994,14383,983628,16184,4565618,15416,5549246,California
Los Angeles,2021-05-30,12526,9786285,8208,5138567,3580,4271986,738,375732,5802,983496,6666,4572284,6534,5555780,California
Los Angeles,2021-05-31,6061,9792346,3748,5142315,2007,4273993,306,376038,1728,981262,4265,4576549,2031,5557811,California
Los Angeles,2021-06-01,46389,9838735,25981,5168296,18834,4292827,1574,377612,17025,970829,29007,4605556,18574,5576385,California
Los Angeles,2021-06-02,38648,9877383,22343,5190639,14848,4307675,1457,379069,15123,964143,23238,4628794,16552,5592937,California
Los Angeles,2021-06-03,42896,9920279,28403,5219042,12926,4320601,1567,380636,14691,952472,27913,4656707,16242,5609179,California
Los Angeles,2021-06-04,52460,9972739,35423,5254465,15349,4335950,1688,382324,16557,935159,35534,4692241,18221,5627400,California
Los Angeles,2021-06-05,42647,10015386,30542,5285007,10719,4346669,1386,383710,12415,918900,30041,4722282,13782,5641182,California
Los Angeles,2021-06-06,14836,10030222,12246,5297253,1849,4348518,741,384451,3997,912865,10767,4733049,4732,5645914,California
Los Angeles,2021-06-07,37033,10067255,26433,5323686,9146,4357664,1454,385905,11802,901073,25028,4758077,13236,5659150,California
Los Angeles,2021-06-08,38474,10105729,26510,5350196,10369,4368033,1595,387500,12780,890073,25384,4783461,14384,5673534,California
Los Angeles,2021-06-09,39993,10145722,28250,5378446,10219,4378252,1524,389024,11785,875426,27928,4811389,13281,5686815,California
Los Angeles,2021-06-10,36723,10182445,25410,5403856,9705,4387957,1608,390632,11559,863687,24926,4836315,13187,5700002,California
Los Angeles,2021-06-11,41309,10223754,28300,5432156,11337,4399294,1672,392304,13469,851315,27529,4863844,15157,5715159,California
Los Angeles,2021-06-12,33476,10257230,24119,5456275,8139,4407433,1218,393522,10337,839889,22969,4886813,11543,5726702,California
Los Angeles,2021-06-13,11534,10268764,8261,5464536,2636,4410069,637,394159,2617,834283,8854,4895667,3248,5729950,California
Los Angeles,2021-06-14,32813,10301577,23595,5488131,7842,4417911,1376,395535,11505,826061,21106,4916773,12884,5742834,California
Los Angeles,2021-06-15,33974,10335551,22790,5510921,9478,4427389,1706,397241,11803,817776,21808,4938581,13523,5756357,California
Los Angeles,2021-06-16,32369,10367920,22367,5533288,8254,4435643,1748,398989,11361,810119,20774,4959355,13117,5769474,California
Los Angeles,2021-06-17,29768,10397688,19959,5553247,8071,4443714,1738,400727,10889,804124,18612,4977967,12617,5782091,California
Los Angeles,2021-06-18,35367,10433055,24347,5577594,9068,4452782,1952,402679,12488,796054,22500,5000467,14430,5796521,California
Los Angeles,2021-06-19,22349,10455404,15091,5592685,5888,4458670,1370,404049,8491,792269,13625,5014092,9840,5806361,California
Los Angeles,2021-06-20,8456,10463860,5961,5598646,2005,4460675,490,404539,3070,790511,5316,5019408,3558,5809919,California
Los Angeles,2021-06-21,19170,10483030,11793,5610439,6000,4466675,1377,405916,10288,793400,8763,5028171,11652,5821571,California
Los Angeles,2021-06-22,26278,10509308,17730,5628169,7029,4473704,1519,407435,10157,789135,15937,5044108,11672,5833243,California
Los Angeles,2021-06-23,24961,10534269,17178,5645347,6383,4480087,1400,408835,10019,785773,14764,5058872,11402,5844645,California
Los Angeles,2021-06-24,24748,10559017,17048,5662395,6096,4486183,1604,410439,9556,781923,14974,5073846,11124,5855769,California
Los Angeles,2021-06-25,29344,10588361,20455,5682850,7277,4493460,1612,412051,11995,778374,17137,5090983,13588,5869357,California
Los Angeles,2021-06-26,19944,10608305,14512,5697362,4416,4497876,1016,413067,8275,776089,11559,5102542,9274,5878631,California
Los Angeles,2021-06-27,8595,10616900,6257,5703619,1905,4499781,433,413500,3629,775245,4896,5107438,4052,5882683,California
Los Angeles,2021-06-28,20059,10636959,15454,5719073,3368,4503149,1237,414737,8762,774069,11165,5118603,9989,5892672,California
Los Angeles,2021-06-29,22425,10659384,15404,5734477,5953,4509102,1068,415805,9840,772538,12428,5131031,10897,5903569,California
Los Angeles,2021-06-30,22159,10681543,15648,5750125,5427,4514529,1084,416889,9983,771587,12003,5143034,11052,5914621,California
Los Angeles,2021-07-01,19946,10701489,14205,5764330,4739,4519268,1002,417891,8991,770731,10837,5153871,9981,5924602,California
Los Angeles,2021-07-02,23530,10725019,16635,5780965,5785,4525053,1110,419001,10616,769687,12752,5166623,11708,5936310,California
Los Angeles,2021-07-03,13591,10738610,9598,5790563,3496,4528549,497,419498,6180,769057,7300,5173923,6670,5942980,California
Los Angeles,2021-07-04,754,10739364,390,5790953,316,4528865,48,419546,350,769061,393,5174316,397,5943377,California
Los Angeles,2021-07-05,11072,10750436,8064,5799017,2734,4531599,274,419820,5157,768656,5838,5180154,5433,5948810,California
Los Angeles,2021-07-06,23893,10774329,17191,5816208,5537,4537136,1165,420985,9182,764448,14547,5194701,10339,5959149,California
Los Angeles,2021-07-07,20185,10794514,14323,5830531,4763,4541899,1099,422084,8524,762528,11530,5206231,9610,5968759,California
Los Angeles,2021-07-08,18098,10812612,12994,5843525,4344,4546243,760,422844,7779,760860,10201,5216432,8533,5977292,California
Los Angeles,2021-07-09,21420,10834032,15274,5858799,5187,4551430,959,423803,9414,759364,11855,5228287,10359,5987651,California
Los Angeles,2021-07-10,15156,10849188,11205,5870004,3478,4554908,473,424276,6631,758057,8410,5236697,7103,5994754,California
Los Angeles,2021-07-11,6468,10855656,4623,5874627,1557,4556465,288,424564,3139,758208,3275,5239972,3426,5998180,California
Los Angeles,2021-07-12,13896,10869552,9659,5884286,3577,4560042,660,425224,5646,756335,8166,5248138,6293,6004473,California
Madera,2020-12-16,22,22,22,22,0,0,0,0,22,22,0,0,22,22,California
Madera,2020-12-17,12,34,12,34,0,0,0,0,12,34,0,0,12,34,California
Madera,2020-12-18,61,95,61,95,0,0,0,0,61,95,0,0,61,95,California
Madera,2020-12-19,5,100,5,100,0,0,0,0,5,100,0,0,5,100,California
Madera,2020-12-20,14,114,14,114,0,0,0,0,14,114,0,0,14,114,California
Madera,2020-12-21,59,173,59,173,0,0,0,0,59,173,0,0,59,173,California
Madera,2020-12-22,97,270,95,268,2,2,0,0,97,270,0,0,97,270,California
Madera,2020-12-23,67,337,67,335,0,2,0,0,67,337,0,0,67,337,California
Madera,2020-12-24,45,382,40,375,5,7,0,0,45,382,0,0,45,382,California
Madera,2020-12-26,27,409,26,401,1,8,0,0,27,409,0,0,27,409,California
Madera,2020-12-27,30,439,12,413,18,26,0,0,30,439,0,0,30,439,California
Madera,2020-12-28,107,546,36,449,71,97,0,0,107,546,0,0,107,546,California
Madera,2020-12-29,176,722,37,486,139,236,0,0,176,722,0,0,176,722,California
Madera,2020-12-30,226,948,90,576,136,372,0,0,226,948,0,0,226,948,California
Madera,2020-12-31,203,1151,81,657,122,494,0,0,203,1151,0,0,203,1151,California
Madera,2021-01-01,2,1153,1,658,1,495,0,0,2,1153,0,0,2,1153,California
Madera,2021-01-02,90,1243,33,691,57,552,0,0,90,1243,0,0,90,1243,California
Madera,2021-01-03,4,1247,4,695,0,552,0,0,4,1247,0,0,4,1247,California
Madera,2021-01-04,130,1377,66,761,64,616,0,0,130,1377,0,0,130,1377,California
Madera,2021-01-05,281,1658,144,905,137,753,0,0,277,1650,4,4,277,1654,California
Madera,2021-01-06,184,1842,27,932,157,910,0,0,164,1794,20,24,164,1818,California
Madera,2021-01-07,400,2242,116,1048,284,1194,0,0,377,2149,23,47,378,2196,California
Madera,2021-01-08,420,2662,72,1120,348,1542,0,0,365,2461,54,101,366,2562,California
Madera,2021-01-09,38,2700,14,1134,24,1566,0,0,29,2481,9,110,29,2591,California
Madera,2021-01-10,17,2717,14,1148,3,1569,0,0,5,2474,12,122,5,2596,California
Madera,2021-01-11,238,2955,190,1338,48,1617,0,0,197,2630,41,163,197,2793,California
Madera,2021-01-12,388,3343,157,1495,231,1848,0,0,284,2810,104,267,284,3077,California
Madera,2021-01-13,184,3527,91,1586,93,1941,0,0,128,2883,56,323,129,3206,California
Madera,2021-01-14,557,4084,84,1670,473,2414,0,0,523,3372,34,357,523,3729,California
Madera,2021-01-15,599,4683,160,1830,439,2853,0,0,577,3927,22,379,577,4306,California
Madera,2021-01-16,381,5064,48,1878,333,3186,0,0,353,4252,28,407,353,4659,California
Madera,2021-01-17,334,5398,15,1893,319,3505,0,0,330,4578,4,411,330,4989,California
Madera,2021-01-18,77,5475,61,1954,16,3521,0,0,58,4618,18,429,58,5047,California
Madera,2021-01-19,566,6041,133,2087,433,3954,0,0,540,5133,26,455,541,5588,California
Madera,2021-01-20,341,6382,184,2271,157,4111,0,0,245,5283,95,550,245,5833,California
Madera,2021-01-21,291,6673,184,2455,107,4218,0,0,227,5448,62,612,227,6060,California
Madera,2021-01-22,261,6934,84,2539,177,4395,0,0,244,5675,17,629,244,6304,California
Madera,2021-01-23,101,7035,53,2592,48,4443,0,0,77,5728,24,653,77,6381,California
Madera,2021-01-24,100,7135,81,2673,19,4462,0,0,78,5784,22,675,78,6459,California
Madera,2021-01-25,266,7401,123,2796,143,4605,0,0,142,5802,124,799,142,6601,California
Madera,2021-01-26,494,7895,191,2987,303,4908,0,0,301,5912,192,991,302,6903,California
Madera,2021-01-27,755,8650,73,3060,682,5590,0,0,617,6393,138,1129,619,7522,California
Madera,2021-01-28,552,9202,112,3172,440,6030,0,0,446,6734,106,1235,447,7969,California
Madera,2021-01-29,472,9674,94,3266,378,6408,0,0,417,7096,55,1290,417,8386,California
Madera,2021-01-30,505,10179,18,3284,487,6895,0,0,451,7493,54,1344,451,8837,California
Madera,2021-01-31,8,10187,5,3289,3,6898,0,0,7,7499,1,1345,7,8844,California
Madera,2021-02-01,333,10520,148,3437,185,7083,0,0,209,7584,124,1469,209,9053,California
Madera,2021-02-02,256,10776,93,3530,163,7246,0,0,163,7656,92,1561,164,9217,California
Madera,2021-02-03,598,11374,459,3989,139,7385,0,0,479,8019,117,1678,480,9697,California
Madera,2021-02-04,399,11773,126,4115,273,7658,0,0,117,7856,281,1959,118,9815,California
Madera,2021-02-05,979,12752,299,4414,680,8338,0,0,370,7624,603,2562,371,10186,California
Madera,2021-02-06,368,13120,330,4744,38,8376,0,0,326,7909,41,2603,326,10512,California
Madera,2021-02-07,35,13155,7,4751,28,8404,0,0,30,7934,5,2608,30,10542,California
Madera,2021-02-08,387,13542,310,5061,77,8481,0,0,270,8088,116,2724,270,10812,California
Madera,2021-02-09,483,14025,118,5179,365,8846,0,0,198,8006,282,3006,200,11012,California
Madera,2021-02-10,434,14459,150,5329,284,9130,0,0,281,8136,151,3157,281,11293,California
Madera,2021-02-11,936,15395,305,5634,631,9761,0,0,400,8002,535,3692,401,11694,California
Madera,2021-02-12,851,16246,121,5755,730,10491,0,0,315,7790,530,4222,318,12012,California
Madera,2021-02-13,483,16729,45,5800,438,10929,0,0,136,7583,346,4568,139,12151,California
Madera,2021-02-14,402,17131,74,5874,328,11257,0,0,136,7454,266,4834,137,12288,California
Madera,2021-02-15,245,17376,98,5972,147,11404,0,0,176,7563,67,4901,176,12464,California
Madera,2021-02-16,780,18156,185,6157,595,11999,0,0,229,7244,549,5450,230,12694,California
Madera,2021-02-17,623,18779,285,6442,338,12337,0,0,344,7318,272,5722,346,13040,California
Madera,2021-02-18,1306,20085,544,6986,762,13099,0,0,1123,8260,182,5904,1124,14164,California
Madera,2021-02-19,869,20954,552,7538,317,13416,0,0,723,8839,145,6049,724,14888,California
Madera,2021-02-20,1080,22034,986,8524,94,13510,0,0,1003,9767,76,6125,1004,15892,California
Madera,2021-02-21,1002,23036,859,9383,143,13653,0,0,994,10754,7,6132,994,16886,California
Madera,2021-02-22,967,24003,889,10272,78,13731,0,0,905,11598,61,6193,905,17791,California
Madera,2021-02-23,771,24774,482,10754,289,14020,0,0,540,11908,230,6423,540,18331,California
Madera,2021-02-24,933,25707,303,11057,630,14650,0,0,382,11740,550,6973,382,18713,California
Madera,2021-02-25,1055,26762,318,11375,737,15387,0,0,604,11896,448,7421,604,19317,California
Madera,2021-02-26,1106,27868,203,11578,903,16290,0,0,716,12224,388,7809,716,20033,California
Madera,2021-02-27,937,28805,296,11874,641,16931,0,0,502,12297,432,8241,505,20538,California
Madera,2021-02-28,192,28997,30,11904,162,17093,0,0,186,12477,6,8247,186,20724,California
Madera,2021-03-01,380,29377,120,12024,260,17353,0,0,194,12490,182,8429,195,20919,California
Madera,2021-03-02,744,30121,349,12373,395,17748,0,0,631,13012,111,8540,633,21552,California
Madera,2021-03-03,1362,31483,727,13100,635,18383,0,0,954,13588,405,8945,981,22533,California
Madera,2021-03-04,1204,32687,525,13625,679,19062,0,0,951,14290,254,9199,956,23489,California
Madera,2021-03-05,1367,34054,422,14047,932,19994,13,13,1081,15112,284,9483,1106,24595,California
Madera,2021-03-06,818,34872,636,14683,150,20144,32,45,498,15324,319,9802,531,25126,California
Madera,2021-03-07,161,35033,28,14711,108,20252,25,70,107,15402,54,9856,132,25258,California
Madera,2021-03-08,608,35641,340,15051,208,20460,60,130,312,15479,296,10152,373,25631,California
Madera,2021-03-09,601,36242,296,15347,271,20731,34,164,410,15742,189,10341,452,26083,California
Madera,2021-03-10,1196,37438,560,15907,556,21287,80,244,757,16146,434,10775,838,26921,California
Madera,2021-03-11,1684,39122,869,16776,487,21774,328,572,768,16342,912,11687,1108,28029,California
Madera,2021-03-12,1584,40706,820,17596,609,22383,155,727,799,16542,782,12469,982,29011,California
Madera,2021-03-13,1890,42596,1329,18925,362,22745,199,926,813,16502,1071,13540,1031,30042,California
Madera,2021-03-14,586,43182,449,19374,104,22849,33,959,285,16524,296,13836,318,30360,California
Madera,2021-03-15,748,43930,231,19605,471,23320,46,1005,512,16887,232,14068,595,30955,California
Madera,2021-03-16,937,44867,529,20134,361,23681,47,1052,741,17499,193,14261,805,31760,California
Madera,2021-03-17,1465,46332,980,21114,422,24103,63,1115,907,18013,549,14810,1063,32823,California
Madera,2021-03-18,1957,48289,689,21803,1204,25307,64,1179,970,18160,979,15789,1126,33949,California
Madera,2021-03-19,1585,49874,590,22393,912,26219,83,1262,1026,18793,555,16344,1188,35137,California
Madera,2021-03-20,1175,51049,771,23164,351,26570,53,1315,580,18899,592,16936,698,35835,California
Madera,2021-03-21,1101,52150,897,24061,158,26728,46,1361,358,18567,738,17674,406,36241,California
Madera,2021-03-22,1355,53505,851,24912,440,27168,64,1425,651,18629,700,18374,762,37003,California
Madera,2021-03-23,1431,54936,876,25788,464,27632,91,1516,670,18717,758,19132,846,37849,California
Madera,2021-03-24,947,55883,508,26296,408,28040,31,1547,613,19037,329,19461,649,38498,California
Madera,2021-03-25,1168,57051,528,26824,615,28655,25,1572,640,19197,518,19979,678,39176,California
Madera,2021-03-26,1516,58567,577,27401,806,29461,133,1705,708,19237,805,20784,845,40021,California
Madera,2021-03-27,931,59498,605,28006,301,29762,25,1730,412,19160,515,21299,438,40459,California
Madera,2021-03-28,438,59936,152,28158,226,29988,60,1790,204,19286,233,21532,359,40818,California
Madera,2021-03-29,685,60621,180,28338,476,30464,29,1819,489,19616,192,21724,522,41340,California
Madera,2021-03-30,1071,61692,605,28943,437,30901,29,1848,475,19529,592,22316,505,41845,California
Madera,2021-03-31,1405,63097,544,29487,723,31624,138,1986,424,19116,975,23291,562,42407,California
Madera,2021-04-01,1392,64489,628,30115,713,32337,51,2037,477,18738,904,24195,526,42933,California
Madera,2021-04-02,1607,66096,461,30576,1087,33424,59,2096,478,18158,1118,25313,538,43471,California
Madera,2021-04-03,961,67057,763,31339,178,33602,20,2116,391,18011,568,25881,421,43892,California
Madera,2021-04-04,186,67243,65,31404,119,33721,2,2118,85,17998,101,25982,88,43980,California
Madera,2021-04-05,738,67981,253,31657,426,34147,59,2177,337,18009,399,26381,410,44390,California
Madera,2021-04-06,1704,69685,886,32543,463,34610,355,2532,528,17718,1174,27555,883,45273,California
Madera,2021-04-07,1230,70915,384,32927,696,35306,150,2682,423,17493,803,28358,578,45851,California
Madera,2021-04-08,1731,72646,670,33597,801,36107,260,2942,556,17149,1166,29524,822,46673,California
Madera,2021-04-09,1656,74302,699,34296,808,36915,149,3091,949,17548,702,30226,1101,47774,California
Madera,2021-04-10,979,75281,686,34982,225,37140,68,3159,712,18060,269,30495,781,48555,California
Madera,2021-04-11,810,76091,656,35638,75,37215,79,3238,287,17904,520,31015,364,48919,California
Madera,2021-04-12,816,76907,295,35933,446,37661,75,3313,316,17797,499,31514,392,49311,California
Madera,2021-04-13,1252,78159,618,36551,592,38253,42,3355,728,18057,519,32033,779,50090,California
Madera,2021-04-14,1400,79559,867,37418,533,38786,0,3355,576,17817,822,32855,582,50672,California
Madera,2021-04-15,1173,80732,510,37928,662,39448,1,3356,424,17506,737,33592,426,51098,California
Madera,2021-04-16,1364,82096,549,38477,815,40263,0,3356,387,16933,963,34555,390,51488,California
Madera,2021-04-17,1293,83389,1091,39568,202,40465,0,3356,773,17189,517,35072,773,52261,California
Madera,2021-04-18,259,83648,220,39788,39,40504,0,3356,88,17111,166,35238,88,52349,California
Madera,2021-04-19,819,84467,245,40033,573,41077,1,3357,285,16868,528,35766,285,52634,California
Madera,2021-04-20,908,85375,457,40490,451,41528,0,3357,236,16438,668,36434,238,52872,California
Madera,2021-04-21,906,86281,495,40985,411,41939,0,3357,305,16145,600,37034,307,53179,California
Madera,2021-04-22,1101,87382,534,41519,567,42506,0,3357,380,15809,717,37751,381,53560,California
Madera,2021-04-23,972,88354,318,41837,654,43160,0,3357,340,15522,627,38378,340,53900,California
Madera,2021-04-24,709,89063,465,42302,244,43404,0,3357,247,15311,459,38837,248,54148,California
Madera,2021-04-25,266,89329,160,42462,103,43507,3,3360,119,15291,143,38980,123,54271,California
Madera,2021-04-26,562,89891,109,42571,447,43954,6,3366,133,15004,426,39406,139,54410,California
Madera,2021-04-27,632,90523,281,42852,326,44280,25,3391,316,15033,313,39719,342,54752,California
Madera,2021-04-28,510,91033,205,43057,286,44566,19,3410,247,15037,261,39980,265,55017,California
Madera,2021-04-29,553,91586,250,43307,276,44842,27,3437,259,15037,287,40267,287,55304,California
Madera,2021-04-30,943,92529,509,43816,418,45260,16,3453,273,14663,664,40931,290,55594,California
Madera,2021-05-01,968,93497,871,44687,84,45344,13,3466,388,14485,579,41510,401,55995,California
Madera,2021-05-02,400,93897,352,45039,43,45387,5,3471,145,14380,255,41765,150,56145,California
Madera,2021-05-03,498,94395,199,45238,259,45646,40,3511,101,14127,394,42159,141,56286,California
Madera,2021-05-04,910,95305,440,45678,426,46072,44,3555,216,13693,694,42853,260,56546,California
Madera,2021-05-05,1023,96328,491,46169,473,46545,59,3614,279,13290,741,43594,338,56884,California
Madera,2021-05-06,710,97038,259,46428,419,46964,32,3646,166,12948,540,44134,198,57082,California
Madera,2021-05-07,824,97862,294,46722,509,47473,21,3667,198,12546,620,44754,218,57300,California
Madera,2021-05-08,974,98836,761,47483,202,47675,11,3678,187,11957,787,45541,198,57498,California
Madera,2021-05-09,148,98984,21,47504,116,47791,11,3689,35,11892,111,45652,46,57544,California
Madera,2021-05-10,362,99346,75,47579,275,48066,12,3701,101,11746,259,45911,113,57657,California
Madera,2021-05-11,538,99884,186,47765,343,48409,9,3710,172,11563,364,46275,181,57838,California
Madera,2021-05-12,506,100390,230,47995,240,48649,36,3746,125,11345,379,46654,161,57999,California
Madera,2021-05-13,511,100901,311,48306,168,48817,32,3778,176,11221,332,46986,208,58207,California
Madera,2021-05-14,539,101440,271,48577,244,49061,24,3802,234,11177,302,47288,258,58465,California
Madera,2021-05-15,563,102003,477,49054,77,49138,9,3811,363,11352,196,47484,371,58836,California
Madera,2021-05-16,257,102260,190,49244,35,49173,32,3843,106,11339,151,47635,138,58974,California
Madera,2021-05-17,451,102711,189,49433,234,49407,28,3871,200,11319,248,47883,228,59202,California
Madera,2021-05-18,551,103262,368,49801,159,49566,24,3895,288,11374,257,48140,312,59514,California
Madera,2021-05-19,488,103750,225,50026,241,49807,22,3917,217,11344,269,48409,239,59753,California
Madera,2021-05-20,595,104345,271,50297,287,50094,37,3954,233,11259,355,48764,270,60023,California
Madera,2021-05-21,505,104850,193,50490,284,50378,28,3982,193,11173,307,49071,221,60244,California
Madera,2021-05-22,902,105752,817,51307,73,50451,12,3994,532,11347,370,49441,544,60788,California
Madera,2021-05-23,269,106021,242,51549,17,50468,10,4004,144,11377,124,49565,154,60942,California
Madera,2021-05-24,309,106330,141,51690,127,50595,41,4045,123,11356,185,49750,164,61106,California
Madera,2021-05-25,382,106712,169,51859,181,50776,32,4077,151,11310,229,49979,183,61289,California
Madera,2021-05-26,445,107157,259,52118,164,50940,22,4099,237,11363,206,50185,259,61548,California
Madera,2021-05-27,373,107530,135,52253,200,51140,38,4137,127,11286,242,50427,165,61713,California
Madera,2021-05-28,449,107979,173,52426,248,51388,28,4165,174,11215,273,50700,202,61915,California
Madera,2021-05-29,307,108286,216,52642,73,51461,18,4183,166,11258,141,50841,184,62099,California
Madera,2021-05-30,59,108345,27,52669,28,51489,4,4187,27,11258,31,50872,31,62130,California
Madera,2021-05-31,26,108371,9,52678,13,51502,4,4191,11,11258,15,50887,15,62145,California
Madera,2021-06-01,288,108659,143,52821,122,51624,23,4214,105,11205,181,51068,128,62273,California
Madera,2021-06-02,395,109054,125,52946,247,51871,23,4237,116,11066,278,51346,139,62412,California
Madera,2021-06-03,282,109336,150,53096,117,51988,15,4252,90,10979,192,51538,105,62517,California
Madera,2021-06-04,382,109718,245,53341,126,52114,11,4263,152,10913,229,51767,163,62680,California
Madera,2021-06-05,516,110234,390,53731,113,52227,13,4276,150,10717,359,52126,163,62843,California
Madera,2021-06-06,135,110369,115,53846,13,52240,7,4283,38,10665,97,52223,45,62888,California
Madera,2021-06-07,249,110618,154,54000,74,52314,21,4304,44,10526,204,52427,65,62953,California
Madera,2021-06-08,388,111006,274,54274,93,52407,21,4325,97,10353,291,52718,118,63071,California
Madera,2021-06-09,375,111381,240,54514,108,52515,27,4352,145,10297,228,52946,172,63243,California
Madera,2021-06-10,344,111725,199,54713,129,52644,16,4368,118,10207,224,53170,134,63377,California
Madera,2021-06-11,384,112109,222,54935,129,52773,33,4401,172,10199,211,53381,203,63580,California
Madera,2021-06-12,575,112684,505,55440,54,52827,16,4417,93,9826,482,53863,109,63689,California
Madera,2021-06-13,194,112878,161,55601,28,52855,5,4422,54,9746,139,54002,59,63748,California
Madera,2021-06-14,227,113105,162,55763,42,52897,23,4445,89,9723,135,54137,112,63860,California
Madera,2021-06-15,363,113468,250,56013,80,52977,33,4478,155,9706,205,54342,188,64048,California
Madera,2021-06-16,327,113795,251,56264,62,53039,14,4492,119,9635,204,54546,133,64181,California
Madera,2021-06-17,263,114058,130,56394,124,53163,9,4501,97,9576,165,54711,106,64287,California
Madera,2021-06-18,279,114337,178,56572,77,53240,24,4525,120,9561,158,54869,143,64430,California
Madera,2021-06-19,247,114584,200,56772,39,53279,8,4533,81,9484,166,55035,89,64519,California
Madera,2021-06-20,55,114639,45,56817,3,53282,7,4540,27,9490,28,55063,34,64553,California
Madera,2021-06-21,167,114806,82,56899,60,53342,25,4565,74,9497,92,55155,99,64652,California
Madera,2021-06-22,239,115045,158,57057,62,53404,19,4584,116,9511,121,55276,135,64787,California
Madera,2021-06-23,263,115308,188,57245,65,53469,10,4594,140,9538,123,55399,150,64937,California
Madera,2021-06-24,217,115525,100,57345,95,53564,22,4616,79,9502,137,55536,101,65038,California
Madera,2021-06-25,260,115785,168,57513,68,53632,24,4640,99,9467,158,55694,123,65161,California
Madera,2021-06-26,182,115967,136,57649,34,53666,12,4652,76,9449,106,55800,88,65249,California
Madera,2021-06-27,110,116077,85,57734,21,53687,4,4656,57,9457,53,55853,61,65310,California
Madera,2021-06-28,157,116234,95,57829,43,53730,19,4675,83,9486,73,55926,102,65412,California
Madera,2021-06-29,213,116447,153,57982,43,53773,17,4692,101,9494,110,56036,118,65530,California
Madera,2021-06-30,215,116662,144,58126,64,53837,7,4699,121,9530,92,56128,128,65658,California
Madera,2021-07-01,185,116847,115,58241,46,53883,24,4723,74,9518,110,56238,98,65756,California
Madera,2021-07-02,231,117078,175,58416,42,53925,14,4737,96,9493,135,56373,110,65866,California
Madera,2021-07-03,166,117244,116,58532,41,53966,9,4746,78,9495,85,56458,87,65953,California
Madera,2021-07-04,10,117254,0,58532,6,53972,4,4750,6,9501,4,56462,10,65963,California
Madera,2021-07-05,111,117365,95,58627,9,53981,7,4757,50,9498,60,56522,57,66020,California
Madera,2021-07-06,345,117710,247,58874,72,54053,26,4783,137,9453,207,56729,162,66182,California
Madera,2021-07-07,214,117924,152,59026,47,54100,15,4798,103,9460,111,56840,118,66300,California
Madera,2021-07-08,197,118121,125,59151,58,54158,14,4812,107,9492,89,56929,121,66421,California
Madera,2021-07-09,271,118392,199,59350,57,54215,15,4827,144,9525,125,57054,158,66579,California
Madera,2021-07-10,146,118538,109,59459,34,54249,3,4830,79,9541,66,57120,82,66661,California
Madera,2021-07-11,70,118608,53,59512,12,54261,5,4835,34,9544,36,57156,39,66700,California
Madera,2021-07-12,82,118690,53,59565,27,54288,2,4837,46,9556,36,57192,48,66748,California
Marin,2020-12-15,2,2,2,2,0,0,0,0,2,2,0,0,2,2,California
Marin,2020-12-16,108,110,108,110,0,0,0,0,108,110,0,0,108,110,California
Marin,2020-12-17,275,385,275,385,0,0,0,0,275,385,0,0,275,385,California
Marin,2020-12-18,388,773,388,773,0,0,0,0,388,773,0,0,388,773,California
Marin,2020-12-19,348,1121,347,1120,1,1,0,0,348,1121,0,0,348,1121,California
Marin,2020-12-20,166,1287,165,1285,1,2,0,0,166,1287,0,0,166,1287,California
Marin,2020-12-21,239,1526,236,1521,3,5,0,0,239,1526,0,0,239,1526,California
Marin,2020-12-22,521,2047,316,1837,205,210,0,0,521,2047,0,0,521,2047,California
Marin,2020-12-23,730,2777,315,2152,415,625,0,0,730,2777,0,0,730,2777,California
Marin,2020-12-24,359,3136,158,2310,201,826,0,0,359,3136,0,0,359,3136,California
Marin,2020-12-25,27,3163,1,2311,26,852,0,0,27,3163,0,0,27,3163,California
Marin,2020-12-26,144,3307,95,2406,49,901,0,0,144,3307,0,0,144,3307,California
Marin,2020-12-27,91,3398,54,2460,37,938,0,0,91,3398,0,0,91,3398,California
Marin,2020-12-28,407,3805,99,2559,308,1246,0,0,407,3805,0,0,407,3805,California
Marin,2020-12-29,400,4205,89,2648,311,1557,0,0,400,4205,0,0,400,4205,California
Marin,2020-12-30,630,4835,390,3038,240,1797,0,0,630,4835,0,0,630,4835,California
Marin,2020-12-31,203,5038,36,3074,167,1964,0,0,202,5036,1,1,202,5037,California
Marin,2021-01-01,32,5070,14,3088,18,1982,0,0,32,5068,0,1,32,5069,California
Marin,2021-01-02,114,5184,109,3197,5,1987,0,0,114,5182,0,1,114,5183,California
Marin,2021-01-03,49,5233,31,3228,18,2005,0,0,45,5227,0,1,45,5228,California
Marin,2021-01-04,299,5532,194,3422,105,2110,0,0,298,5524,1,2,298,5526,California
Marin,2021-01-05,373,5905,225,3647,148,2258,0,0,330,5811,43,45,330,5856,California
Marin,2021-01-06,818,6723,318,3965,500,2758,0,0,638,6269,180,225,638,6494,California
Marin,2021-01-07,884,7607,501,4466,383,3141,0,0,525,6436,359,584,526,7020,California
Marin,2021-01-08,974,8581,517,4983,457,3598,0,0,582,6627,391,975,582,7602,California
Marin,2021-01-09,615,9196,221,5204,394,3992,0,0,486,6984,129,1104,486,8088,California
Marin,2021-01-10,130,9326,101,5305,29,4021,0,0,57,6968,73,1177,57,8145,California
Marin,2021-01-11,471,9797,328,5633,143,4164,0,0,250,6999,221,1398,252,8397,California
Marin,2021-01-12,937,10734,545,6178,392,4556,0,0,568,7202,365,1763,568,8965,California
Marin,2021-01-13,1174,11908,500,6678,674,5230,0,0,941,7910,233,1996,941,9906,California
Marin,2021-01-14,1073,12981,320,6998,753,5983,0,0,922,8683,149,2145,922,10828,California
Marin,2021-01-15,1164,14145,355,7353,809,6792,0,0,1032,9586,131,2276,1034,11862,California
Marin,2021-01-16,1124,15269,916,8269,208,7000,0,0,1047,10556,77,2353,1047,12909,California
Marin,2021-01-17,1230,16499,1111,9380,119,7119,0,0,1200,11730,29,2382,1203,14112,California
Marin,2021-01-18,368,16867,161,9541,207,7326,0,0,318,11998,50,2432,318,14430,California
Marin,2021-01-19,1156,18023,910,10451,246,7572,0,0,984,12811,171,2603,984,15414,California
Marin,2021-01-20,1812,19835,1220,11671,592,8164,0,0,1074,13160,726,3329,1075,16489,California
Marin,2021-01-21,1701,21536,1069,12740,632,8796,0,0,1341,14146,357,3686,1343,17832,California
Marin,2021-01-22,1721,23257,1099,13839,622,9418,0,0,1547,15520,174,3860,1548,19380,California
Marin,2021-01-23,1859,25116,1351,15190,508,9926,0,0,1768,17198,90,3950,1768,21148,California
Marin,2021-01-24,620,25736,166,15356,454,10380,0,0,586,17750,34,3984,586,21734,California
Marin,2021-01-25,1131,26867,236,15592,895,11275,0,0,692,18004,439,4423,693,22427,California
Marin,2021-01-26,1521,28388,782,16374,739,12014,0,0,1138,18760,382,4805,1138,23565,California
Marin,2021-01-27,1729,30117,891,17265,838,12852,0,0,1356,19746,371,5176,1357,24922,California
Marin,2021-01-28,2090,32207,1076,18341,1014,13866,0,0,1823,21304,266,5442,1824,26746,California
Marin,2021-01-29,2215,34422,1438,19779,777,14643,0,0,2017,23137,185,5627,2018,28764,California
Marin,2021-01-30,1719,36141,907,20686,812,15455,0,0,1640,24698,79,5706,1640,30404,California
Marin,2021-01-31,457,36598,319,21005,138,15593,0,0,430,25101,27,5733,430,30834,California
Marin,2021-02-01,1097,37695,413,21418,684,16277,0,0,895,25796,201,5934,896,31730,California
Marin,2021-02-02,1431,39126,497,21915,934,17211,0,0,762,25900,658,6592,762,32492,California
Marin,2021-02-03,1795,40921,433,22348,1362,18573,0,0,1277,26660,517,7109,1277,33769,California
Marin,2021-02-04,1591,42512,503,22851,1088,19661,0,0,987,27047,600,7709,987,34756,California
Marin,2021-02-05,2176,44688,674,23525,1502,21163,0,0,1336,27547,836,8545,1336,36092,California
Marin,2021-02-06,1428,46116,847,24372,581,21744,0,0,599,27320,826,9371,599,36691,California
Marin,2021-02-07,1306,47422,1022,25394,284,22028,0,0,499,27013,806,10177,499,37190,California
Marin,2021-02-08,1544,48966,766,26160,778,22806,0,0,734,26940,807,10984,734,37924,California
Marin,2021-02-09,1794,50760,1132,27292,662,23468,0,0,848,26842,946,11930,848,38772,California
Marin,2021-02-10,2360,53120,1505,28797,855,24323,0,0,1226,26937,1132,13062,1227,39999,California
Marin,2021-02-11,2884,56004,1654,30451,1230,25553,0,0,1455,26972,1424,14486,1459,41458,California
Marin,2021-02-12,3096,59100,1554,32005,1542,27095,0,0,1572,27024,1521,16007,1573,43031,California
Marin,2021-02-13,2344,61444,1250,33255,1094,28189,0,0,1124,26930,1218,17225,1124,44155,California
Marin,2021-02-14,824,62268,309,33564,515,28704,0,0,729,27565,95,17320,730,44885,California
Marin,2021-02-15,1234,63502,362,33926,872,29576,0,0,845,28024,387,17707,846,45731,California
Marin,2021-02-16,2484,65986,1065,34991,1419,30995,0,0,1512,28565,971,18678,1512,47243,California
Marin,2021-02-17,2121,68107,948,35939,1173,32168,0,0,1102,28651,1017,19695,1103,48346,California
Marin,2021-02-18,2444,70551,1600,37539,844,33012,0,0,1066,28345,1372,21067,1066,49412,California
Marin,2021-02-19,2806,73357,2190,39729,616,33628,0,0,1247,28050,1543,22610,1248,50660,California
Marin,2021-02-20,2660,76017,2179,41908,481,34109,0,0,1255,27909,1398,24008,1257,51917,California
Marin,2021-02-21,1356,77373,1152,43060,204,34313,0,0,952,28462,399,24407,952,52869,California
Marin,2021-02-22,1910,79283,1466,44526,444,34757,0,0,1263,29082,643,25050,1263,54132,California
Marin,2021-02-23,2980,82263,1716,46242,1264,36021,0,0,2003,30125,961,26011,2004,56136,California
Marin,2021-02-24,3639,85902,1672,47914,1967,37988,0,0,2327,31152,1301,27312,2328,58464,California
Marin,2021-02-25,4197,90099,1980,49894,2217,40205,0,0,2953,32876,1231,28543,2955,61419,California
Marin,2021-02-26,3759,93858,2045,51939,1714,41919,0,0,2708,34546,1039,29582,2709,64128,California
Marin,2021-02-27,2766,96624,1629,53568,1137,43056,0,0,1911,35610,849,30431,1913,66041,California
Marin,2021-02-28,1656,98280,930,54498,726,43782,0,0,1296,36551,355,30786,1296,67337,California
Marin,2021-03-01,2713,100993,1679,56177,1033,44815,1,1,1830,37509,873,31659,1831,69168,California
Marin,2021-03-02,2539,103532,1694,57871,844,45659,1,2,1737,38451,797,32456,1739,70907,California
Marin,2021-03-03,4356,107888,2429,60300,1923,47582,4,6,2823,39750,1528,33984,2827,73734,California
Marin,2021-03-04,3416,111304,1680,61980,1735,49317,1,7,2327,41000,1082,35066,2332,76066,California
Marin,2021-03-05,3094,114398,1183,63163,1898,51215,13,20,1808,41540,1281,36347,1821,77887,California
Marin,2021-03-06,3245,117643,2325,65488,841,52056,79,99,2666,43711,573,36920,2744,80631,California
Marin,2021-03-07,1440,119083,1180,66668,209,52265,51,150,1006,44337,429,37349,1055,81686,California
Marin,2021-03-08,1918,121001,1392,68060,399,52664,127,277,1428,45405,486,37835,1554,83240,California
Marin,2021-03-09,2243,123244,1342,69402,787,53451,114,391,1550,46376,690,38525,1661,84901,California
Marin,2021-03-10,4478,127722,2512,71914,1672,55123,294,685,3222,48640,1250,39775,3514,88415,California
Marin,2021-03-11,4594,132316,1890,73804,2567,57690,137,822,3291,50774,1294,41069,3428,91843,California
Marin,2021-03-12,4004,136320,1549,75353,2101,59791,354,1176,1562,50261,2427,43496,1914,93757,California
Marin,2021-03-13,4112,140432,2865,78218,1173,60964,74,1250,2393,51009,1712,45208,2460,96217,California
Marin,2021-03-14,2284,142716,1106,79324,1061,62025,117,1367,701,50242,1581,46789,814,97031,California
Marin,2021-03-15,3263,145979,1786,81110,1432,63457,45,1412,1200,49442,2045,48834,1245,98276,California
Marin,2021-03-16,4301,150280,2321,83431,1617,65074,363,1775,1446,48398,2851,51685,1807,100083,California
Marin,2021-03-17,4236,154516,2296,85727,1886,66960,54,1829,2045,48319,2177,53862,2098,102181,California
Marin,2021-03-18,4512,159028,2284,88011,2153,69113,75,1904,2113,48124,2380,56242,2185,104366,California
Marin,2021-03-19,4493,163521,2309,90320,1964,71077,220,2124,2308,48474,2174,58416,2524,106890,California
Marin,2021-03-20,3599,167120,2001,92321,1487,72564,111,2235,1922,48843,1665,60081,2034,108924,California
Marin,2021-03-21,1553,168673,1153,93474,377,72941,23,2258,812,48939,738,60819,834,109758,California
Marin,2021-03-22,2513,171186,2166,95640,179,73120,168,2426,913,48426,1593,62412,1080,110838,California
Marin,2021-03-23,4315,175501,2265,97905,1921,75041,129,2555,1907,48062,2400,64812,2036,112874,California
Marin,2021-03-24,4478,179979,2911,100816,1454,76495,113,2668,1804,47318,2659,67471,1915,114789,California
Marin,2021-03-25,4666,184645,2843,103659,1751,78246,72,2740,2228,47195,2421,69892,2298,117087,California
Marin,2021-03-26,4317,188962,2354,106013,1749,79995,214,2954,2380,47867,1922,71814,2594,119681,California
Marin,2021-03-27,3717,192679,2667,108680,1031,81026,19,2973,1138,46455,2568,74382,1156,120837,California
Marin,2021-03-28,2391,195070,1721,110401,664,81690,6,2979,843,45763,1541,75923,849,121686,California
Marin,2021-03-29,2707,197777,2108,112509,574,82264,25,3004,1144,45372,1560,77483,1169,122855,California
Marin,2021-03-30,4670,202447,3653,116162,983,83247,34,3038,2951,46641,1716,79199,2985,125840,California
Marin,2021-03-31,5848,208295,4141,120303,1657,84904,50,3088,2549,45952,3287,82486,2598,128438,California
Marin,2021-04-01,4477,212772,2292,122595,1923,86827,262,3350,2118,45983,2344,84830,2375,130813,California
Marin,2021-04-02,3747,216519,1853,124448,1521,88348,373,3723,2006,46618,1733,86563,2368,133181,California
Marin,2021-04-03,3872,220391,2522,126970,970,89318,380,4103,1463,46063,2397,88960,1842,135023,California
Marin,2021-04-04,1648,222039,1240,128210,207,89525,201,4304,1199,47015,447,89407,1399,136422,California
Marin,2021-04-05,2233,224272,1543,129753,313,89838,377,4681,1282,47724,947,90354,1656,138078,California
Marin,2021-04-06,4003,228275,2122,131875,1322,91160,559,5240,2215,48715,1779,92133,2770,140848,California
Marin,2021-04-07,4004,232279,2021,133896,1336,92496,647,5887,1466,48297,2528,94661,2110,142958,California
Marin,2021-04-08,5065,237344,1979,135875,2475,94971,611,6498,2309,48465,2743,97404,2911,145869,California
Marin,2021-04-09,4010,241354,1567,137442,1711,96682,732,7230,1325,47838,2680,100084,2053,147922,California
Marin,2021-04-10,3233,244587,1488,138930,1308,97990,437,7667,1454,47959,1764,101848,1885,149807,California
Marin,2021-04-11,1074,245661,816,139746,95,98085,163,7830,479,48007,593,102441,641,150448,California
Marin,2021-04-12,1760,247421,1248,140994,350,98435,162,7992,922,48258,834,103275,1085,151533,California
Marin,2021-04-13,3806,251227,2335,143329,1464,99899,7,7999,1380,47232,2413,105688,1387,152920,California
Marin,2021-04-14,4280,255507,2563,145892,1714,101613,3,8002,1756,46490,2499,108187,1757,154677,California
Marin,2021-04-15,5648,261155,3988,149880,1660,103273,0,8002,3230,47319,2402,110589,3231,157908,California
Marin,2021-04-16,4318,265473,2267,152147,2048,105321,3,8005,2100,47220,2203,112792,2104,160012,California
Marin,2021-04-17,3594,269067,2183,154330,1411,106732,0,8005,1796,47228,1790,114582,1798,161810,California
Marin,2021-04-18,3245,272312,3143,157473,102,106834,0,8005,2558,49102,684,115266,2558,164368,California
Marin,2021-04-19,2074,274386,1895,159368,178,107012,1,8006,1156,49350,910,116176,1158,165526,California
Marin,2021-04-20,3802,278188,2642,162010,1160,108172,0,8006,1484,48528,2307,118483,1485,167011,California
Marin,2021-04-21,4154,282342,3060,165070,1091,109263,3,8009,1404,47201,2732,121215,1405,168416,California
Marin,2021-04-22,4296,286638,3275,168345,1021,110284,0,8009,1504,45929,2780,123995,1508,169924,California
Marin,2021-04-23,3295,289933,1860,170205,1435,111719,0,8009,1258,45163,2025,126020,1259,171183,California
Marin,2021-04-24,2523,292456,1682,171887,840,112559,1,8010,923,44500,1588,127608,925,172108,California
Marin,2021-04-25,1385,293841,1263,173150,122,112681,0,8010,302,43727,1075,128683,302,172410,California
Marin,2021-04-26,1669,295510,1432,174582,234,112915,3,8013,411,42887,1255,129938,415,172825,California
Marin,2021-04-27,3083,298593,2222,176804,810,113725,51,8064,1010,41879,2065,132003,1057,173882,California
Marin,2021-04-28,2358,300951,1627,178431,680,114405,51,8115,739,41054,1614,133617,789,174671,California
Marin,2021-04-29,2946,303897,2021,180452,862,115267,63,8178,822,39826,2114,135731,886,175557,California
Marin,2021-04-30,1989,305886,1290,181742,612,115879,87,8265,704,39341,1276,137007,791,176348,California
Marin,2021-05-01,1843,307729,1028,182770,792,116671,23,8288,542,38613,1292,138299,564,176912,California
Marin,2021-05-02,735,308464,593,183363,113,116784,29,8317,203,38318,526,138825,231,177143,California
Marin,2021-05-03,1228,309692,998,184361,174,116958,56,8373,263,37674,962,139787,318,177461,California
Marin,2021-05-04,2965,312657,1993,186354,880,117838,92,8465,476,35762,2480,142267,568,178029,California
Marin,2021-05-05,2797,315454,2034,188388,637,118475,126,8591,452,34001,2338,144605,577,178606,California
Marin,2021-05-06,3278,318732,2540,190928,649,119124,89,8680,426,31672,2841,147446,512,179118,California
Marin,2021-05-07,2058,320790,1552,192480,420,119544,86,8766,385,30473,1667,149113,468,179586,California
Marin,2021-05-08,2509,323299,1899,194379,488,120032,122,8888,350,28795,2150,151263,472,180058,California
Marin,2021-05-09,990,324289,899,195278,72,120104,19,8907,112,28052,875,152138,132,180190,California
Marin,2021-05-10,1422,325711,1160,196438,192,120296,70,8977,204,27112,1213,153351,273,180463,California
Marin,2021-05-11,2353,328064,1871,198309,425,120721,57,9034,306,25430,2044,155395,362,180825,California
Marin,2021-05-12,1869,329933,1469,199778,331,121052,69,9103,300,24234,1563,156958,367,181192,California
Marin,2021-05-13,2683,332616,2295,202073,333,121385,55,9158,1417,24450,1256,158214,1472,182664,California
Marin,2021-05-14,2213,334829,1456,203529,657,122042,100,9258,883,24109,1323,159537,982,183646,California
Marin,2021-05-15,2758,337587,2277,205806,401,122443,80,9338,1671,24775,1085,160622,1751,185397,California
Marin,2021-05-16,1730,339317,1668,207474,54,122497,8,9346,1401,25857,327,160949,1409,186806,California
Marin,2021-05-17,2148,341465,1995,209469,110,122607,43,9389,1706,27171,435,161384,1749,188555,California
Marin,2021-05-18,1537,343002,1192,210661,290,122897,55,9444,792,27278,738,162122,845,189400,California
Marin,2021-05-19,1572,344574,1242,211903,258,123155,72,9516,772,27326,794,162916,842,190242,California
Marin,2021-05-20,1840,346414,1499,213402,255,123410,86,9602,752,27087,1078,163994,839,191081,California
Marin,2021-05-21,1475,347889,848,214250,578,123988,49,9651,437,26542,1031,165025,486,191567,California
Marin,2021-05-22,1438,349327,1088,215338,292,124280,58,9709,966,27100,466,165491,1024,192591,California
Marin,2021-05-23,488,349815,433,215771,43,124323,12,9721,227,27081,259,165750,240,192831,California
Marin,2021-05-24,673,350488,499,216270,134,124457,40,9761,352,27155,317,166067,391,193222,California
Marin,2021-05-25,1007,351495,627,216897,334,124791,46,9807,317,26833,682,166749,360,193582,California
Marin,2021-05-26,729,352224,492,217389,187,124978,50,9857,262,26683,462,167211,312,193894,California
Marin,2021-05-27,1034,353258,663,218052,291,125269,80,9937,340,26412,691,167902,420,194314,California
Marin,2021-05-28,1112,354370,723,218775,308,125577,81,10018,328,26040,780,168682,408,194722,California
Marin,2021-05-29,377,354747,220,218995,147,125724,10,10028,208,26089,169,168851,218,194940,California
Marin,2021-05-30,97,354844,57,219052,35,125759,5,10033,55,26108,41,168892,60,195000,California
Marin,2021-05-31,29,354873,14,219066,14,125773,1,10034,15,26110,14,168906,16,195016,California
Marin,2021-06-01,756,355629,549,219615,162,125935,45,10079,318,26038,434,169340,362,195378,California
Marin,2021-06-02,629,356258,477,220092,100,126035,52,10131,217,25897,408,169748,267,195645,California
Marin,2021-06-03,1501,357759,1328,221420,114,126149,59,10190,231,24919,1268,171016,290,195935,California
Marin,2021-06-04,1037,358796,863,222283,139,126288,35,10225,184,24288,848,171864,217,196152,California
Marin,2021-06-05,1929,360725,1711,223994,170,126458,48,10273,319,23053,1602,173466,367,196519,California
Marin,2021-06-06,1414,362139,1367,225361,13,126471,34,10307,154,21982,1259,174725,188,196707,California
Marin,2021-06-07,1942,364081,1825,227186,67,126538,50,10357,241,20578,1695,176420,291,196998,California
Marin,2021-06-08,981,365062,870,228056,70,126608,41,10398,231,20107,743,177163,272,197270,California
Marin,2021-06-09,745,365807,669,228725,66,126674,10,10408,137,19647,607,177770,147,197417,California
Marin,2021-06-10,885,366692,773,229498,61,126735,51,10459,178,19173,703,178473,229,197646,California
Marin,2021-06-11,698,367390,581,230079,85,126820,32,10491,151,18810,546,179019,183,197829,California
Marin,2021-06-12,924,368314,793,230872,89,126909,42,10533,153,18236,769,179788,195,198024,California
Marin,2021-06-13,417,368731,385,231257,21,126930,11,10544,65,17964,348,180136,76,198100,California
Marin,2021-06-14,877,369608,747,232004,81,127011,49,10593,215,17568,657,180793,261,198361,California
Marin,2021-06-15,557,370165,444,232448,87,127098,26,10619,177,17393,378,181171,203,198564,California
Marin,2021-06-16,495,370660,402,232850,45,127143,48,10667,159,17269,329,181500,205,198769,California
Marin,2021-06-17,558,371218,480,233330,46,127189,32,10699,193,17130,363,181863,224,198993,California
Marin,2021-06-18,497,371715,382,233712,77,127266,38,10737,173,17023,317,182180,210,199203,California
Marin,2021-06-19,365,372080,293,234005,37,127303,35,10772,143,16978,221,182401,176,199379,California
Marin,2021-06-20,113,372193,88,234093,14,127317,11,10783,47,16970,66,182467,58,199437,California
Marin,2021-06-21,350,372543,248,234341,46,127363,56,10839,139,16955,210,182677,195,199632,California
Marin,2021-06-22,451,372994,351,234692,69,127432,31,10870,139,16817,308,182985,170,199802,California
Marin,2021-06-23,359,373353,296,234988,30,127462,33,10903,120,16731,238,183223,152,199954,California
Marin,2021-06-24,395,373748,304,235292,42,127504,49,10952,132,16651,259,183482,179,200133,California
Marin,2021-06-25,379,374127,276,235568,59,127563,44,10996,171,16660,206,183688,215,200348,California
Marin,2021-06-26,322,374449,271,235839,20,127583,31,11027,116,16601,206,183894,147,200495,California
Marin,2021-06-27,209,374658,161,236000,22,127605,26,11053,68,16555,139,184033,93,200588,California
Marin,2021-06-28,393,375051,335,236335,31,127636,27,11080,134,16459,257,184290,161,200749,California
Marin,2021-06-29,436,375487,340,236675,58,127694,38,11118,152,16368,281,184571,190,200939,California
Marin,2021-06-30,268,375755,229,236904,26,127720,13,11131,115,16345,151,184722,128,201067,California
Marin,2021-07-01,259,376014,200,237104,43,127763,16,11147,104,16311,154,184876,120,201187,California
Marin,2021-07-02,368,376382,294,237398,40,127803,34,11181,147,16274,217,185093,180,201367,California
Marin,2021-07-03,273,376655,221,237619,21,127824,31,11212,115,16262,158,185251,146,201513,California
Marin,2021-07-05,115,376770,88,237707,11,127835,16,11228,40,16243,74,185325,55,201568,California
Marin,2021-07-06,444,377214,350,238057,55,127890,39,11267,157,16156,281,185606,194,201762,California
Marin,2021-07-07,228,377442,187,238244,28,127918,13,11280,93,16128,132,185738,104,201866,California
Marin,2021-07-08,280,377722,224,238468,39,127957,17,11297,100,16068,176,185914,116,201982,California
Marin,2021-07-09,326,378048,266,238734,29,127986,31,11328,135,16043,190,186104,165,202147,California
Marin,2021-07-10,291,378339,236,238970,22,128008,33,11361,117,16019,174,186278,150,202297,California
Marin,2021-07-11,99,378438,77,239047,9,128017,13,11374,32,15996,67,186345,44,202341,California
Marin,2021-07-12,355,378793,283,239330,31,128048,41,11415,117,15920,234,186579,158,202499,California
Mariposa,2020-12-17,38,38,38,38,0,0,0,0,40,40,0,0,40,40,California
Mariposa,2020-12-18,55,93,55,93,0,0,0,0,56,96,0,0,56,96,California
Mariposa,2020-12-20,2,95,2,95,0,0,0,0,2,98,0,0,2,98,California
Mariposa,2020-12-21,49,144,49,144,0,0,0,0,53,151,0,0,53,151,California
Mariposa,2020-12-22,5,149,5,149,0,0,0,0,5,156,0,0,5,156,California
Mariposa,2020-12-23,16,165,16,165,0,0,0,0,16,172,0,0,16,172,California
Mariposa,2020-12-24,1,166,0,165,1,1,0,0,0,172,1,1,1,173,California
Mariposa,2020-12-26,1,167,1,166,0,1,0,0,1,173,0,1,1,174,California
Mariposa,2020-12-27,1,168,0,166,1,2,0,0,1,174,0,1,1,175,California
Mariposa,2020-12-28,6,174,3,169,3,5,0,0,6,180,0,1,6,181,California
Mariposa,2020-12-29,33,207,3,172,30,35,0,0,33,213,0,1,33,214,California
Mariposa,2020-12-30,26,233,4,176,22,57,0,0,26,239,0,1,26,240,California
Mariposa,2020-12-31,17,250,0,176,17,74,0,0,17,256,0,1,17,257,California
Mariposa,2021-01-02,1,251,1,177,0,74,0,0,1,257,0,1,1,258,California
Mariposa,2021-01-04,9,260,2,179,7,81,0,0,9,266,0,1,9,267,California
Mariposa,2021-01-05,24,284,14,193,10,91,0,0,14,270,10,11,14,281,California
Mariposa,2021-01-06,6,290,3,196,3,94,0,0,3,270,3,14,3,284,California
Mariposa,2021-01-07,50,340,45,241,5,99,0,0,5,230,45,59,5,289,California
Mariposa,2021-01-08,110,450,80,321,30,129,0,0,34,188,76,135,34,323,California
Mariposa,2021-01-09,1,451,0,321,1,130,0,0,1,189,0,135,1,324,California
Mariposa,2021-01-11,31,482,10,331,21,151,0,0,23,204,8,143,23,347,California
Mariposa,2021-01-12,19,501,4,335,15,166,0,0,15,215,4,147,15,362,California
Mariposa,2021-01-13,22,523,4,339,18,184,0,0,19,231,3,150,19,381,California
Mariposa,2021-01-14,74,597,7,346,67,251,0,0,68,293,6,156,68,449,California
Mariposa,2021-01-15,68,665,27,373,41,292,0,0,58,341,10,166,58,507,California
Mariposa,2021-01-16,14,679,2,375,12,304,0,0,13,353,1,167,13,520,California
Mariposa,2021-01-17,3,682,1,376,2,306,0,0,2,354,1,168,2,522,California
Mariposa,2021-01-18,4,686,3,379,1,307,0,0,2,354,2,170,2,524,California
Mariposa,2021-01-19,9,695,5,384,4,311,0,0,6,358,2,172,6,530,California
Mariposa,2021-01-20,24,719,1,385,23,334,0,0,23,380,1,173,23,553,California
Mariposa,2021-01-21,66,785,8,393,58,392,0,0,62,438,4,177,62,615,California
Mariposa,2021-01-22,56,841,3,396,53,445,0,0,56,494,0,177,56,671,California
Mariposa,2021-01-23,116,957,2,398,114,559,0,0,114,606,2,179,114,785,California
Mariposa,2021-01-24,2,959,2,400,0,559,0,0,2,608,0,179,2,787,California
Mariposa,2021-01-25,4,963,1,401,3,562,0,0,0,604,4,183,0,787,California
Mariposa,2021-01-26,37,1000,3,404,34,596,0,0,4,579,33,216,8,795,California
Mariposa,2021-01-27,26,1026,2,406,24,620,0,0,13,580,12,228,13,808,California
Mariposa,2021-01-28,127,1153,3,409,124,744,0,0,114,682,12,240,114,922,California
Mariposa,2021-01-29,93,1246,22,431,71,815,0,0,92,773,1,241,92,1014,California
Mariposa,2021-01-30,9,1255,1,432,8,823,0,0,8,780,1,242,8,1022,California
Mariposa,2021-01-31,1,1256,0,432,1,824,0,0,1,781,0,242,1,1023,California
Mariposa,2021-02-01,93,1349,32,464,61,885,0,0,72,832,21,263,72,1095,California
Mariposa,2021-02-02,14,1363,3,467,11,896,0,0,8,834,6,269,8,1103,California
Mariposa,2021-02-03,20,1383,1,468,19,915,0,0,13,841,6,275,13,1116,California
Mariposa,2021-02-04,99,1482,8,476,91,1006,0,0,94,932,4,279,95,1211,California
Mariposa,2021-02-05,194,1676,6,482,188,1194,0,0,167,1072,27,306,167,1378,California
Mariposa,2021-02-06,11,1687,4,486,7,1201,0,0,10,1081,1,307,10,1388,California
Mariposa,2021-02-07,1,1688,0,486,1,1202,0,0,1,1082,0,307,1,1389,California
Mariposa,2021-02-08,42,1730,2,488,40,1242,0,0,23,1086,19,326,23,1412,California
Mariposa,2021-02-09,46,1776,26,514,20,1262,0,0,39,1118,7,333,39,1451,California
Mariposa,2021-02-10,29,1805,5,519,24,1286,0,0,17,1131,11,344,24,1475,California
Mariposa,2021-02-11,381,2186,7,526,374,1660,0,0,364,1481,17,361,367,1842,California
Mariposa,2021-02-12,189,2375,8,534,181,1841,0,0,145,1582,44,405,145,1987,California
Mariposa,2021-02-13,12,2387,3,537,9,1850,0,0,10,1590,2,407,10,1997,California
Mariposa,2021-02-14,8,2395,4,541,4,1854,0,0,5,1592,3,410,5,2002,California
Mariposa,2021-02-15,9,2404,3,544,6,1860,0,0,7,1597,2,412,7,2009,California
Mariposa,2021-02-16,60,2464,36,580,24,1884,0,0,36,1610,24,436,37,2046,California
Mariposa,2021-02-17,38,2502,10,590,28,1912,0,0,28,1630,9,445,29,2075,California
Mariposa,2021-02-18,57,2559,7,597,50,1962,0,0,20,1613,37,482,20,2095,California
Mariposa,2021-02-19,84,2643,4,601,80,2042,0,0,75,1680,9,491,76,2171,California
Mariposa,2021-02-20,259,2902,4,605,255,2297,0,0,226,1875,31,522,226,2397,California
Mariposa,2021-02-21,242,3144,4,609,238,2535,0,0,240,2114,1,523,240,2637,California
Mariposa,2021-02-22,26,3170,10,619,16,2551,0,0,22,2133,3,526,22,2659,California
Mariposa,2021-02-23,43,3213,37,656,6,2557,0,0,25,2140,18,544,25,2684,California
Mariposa,2021-02-24,21,3234,3,659,18,2575,0,0,8,2136,12,556,8,2692,California
Mariposa,2021-02-25,19,3253,9,668,10,2585,0,0,12,2141,7,563,12,2704,California
Mariposa,2021-02-26,421,3674,7,675,414,2999,0,0,354,2429,67,630,355,3059,California
Mariposa,2021-02-27,171,3845,7,682,164,3163,0,0,160,2578,11,641,160,3219,California
Mariposa,2021-02-28,2,3847,1,683,1,3164,0,0,0,2576,2,643,0,3219,California
Mariposa,2021-03-01,87,3934,26,709,61,3225,0,0,18,2526,68,711,18,3237,California
Mariposa,2021-03-02,21,3955,14,723,7,3232,0,0,11,2528,9,720,11,3248,California
Mariposa,2021-03-03,72,4027,6,729,66,3298,0,0,65,2588,6,726,66,3314,California
Mariposa,2021-03-04,43,4070,10,739,33,3331,0,0,21,2588,22,748,22,3336,California
Mariposa,2021-03-05,64,4134,10,749,54,3385,0,0,40,2612,24,772,48,3384,California
Mariposa,2021-03-06,17,4151,7,756,10,3395,0,0,7,2610,10,782,8,3392,California
Mariposa,2021-03-07,1,4152,1,757,0,3395,0,0,0,2609,1,783,0,3392,California
Mariposa,2021-03-08,40,4192,4,761,25,3420,11,11,10,2600,30,813,21,3413,California
Mariposa,2021-03-09,46,4238,18,779,18,3438,10,21,14,2592,32,845,24,3437,California
Mariposa,2021-03-10,34,4272,12,791,12,3450,10,31,10,2589,23,868,20,3457,California
Mariposa,2021-03-11,472,4744,7,798,445,3895,20,51,222,2585,249,1117,245,3702,California
Mariposa,2021-03-12,255,4999,8,806,219,4114,28,79,108,2573,147,1264,135,3837,California
Mariposa,2021-03-13,36,5035,6,812,15,4129,15,94,13,2577,23,1287,27,3864,California
Mariposa,2021-03-14,18,5053,2,814,5,4134,11,105,3,2577,14,1301,14,3878,California
Mariposa,2021-03-15,78,5131,8,822,31,4165,39,144,32,2601,46,1347,70,3948,California
Mariposa,2021-03-16,82,5213,34,856,14,4179,34,178,24,2601,58,1405,58,4006,California
Mariposa,2021-03-17,74,5287,12,868,54,4233,8,186,52,2640,22,1427,61,4067,California
Mariposa,2021-03-18,66,5353,16,884,41,4274,9,195,42,2667,24,1451,51,4118,California
Mariposa,2021-03-19,340,5693,13,897,322,4596,5,200,303,2938,37,1488,308,4426,California
Mariposa,2021-03-20,429,6122,7,904,420,5016,2,202,40,2594,388,1876,44,4470,California
Mariposa,2021-03-21,15,6137,9,913,5,5021,1,203,10,2601,4,1880,11,4481,California
Mariposa,2021-03-22,38,6175,8,921,22,5043,8,211,25,2623,13,1893,35,4516,California
Mariposa,2021-03-23,55,6230,35,956,10,5053,10,221,34,2646,21,1914,44,4560,California
Mariposa,2021-03-24,58,6288,6,962,50,5103,2,223,53,2696,5,1919,55,4615,California
Mariposa,2021-03-25,77,6365,16,978,53,5156,8,231,54,2737,21,1940,62,4677,California
Mariposa,2021-03-26,490,6855,10,988,479,5635,1,232,251,2750,239,2179,252,4929,California
Mariposa,2021-03-27,222,7077,8,996,214,5849,0,232,88,2706,134,2313,90,5019,California
Mariposa,2021-03-28,5,7082,0,996,2,5851,3,235,1,2706,4,2317,4,5023,California
Mariposa,2021-03-29,20,7102,6,1002,14,5865,0,235,12,2710,8,2325,12,5035,California
Mariposa,2021-03-30,37,7139,13,1015,8,5873,16,251,14,2717,23,2348,30,5065,California
Mariposa,2021-03-31,89,7228,16,1031,66,5939,7,258,68,2771,21,2369,75,5140,California
Mariposa,2021-04-01,55,7283,11,1042,35,5974,9,267,34,2793,21,2390,43,5183,California
Mariposa,2021-04-02,350,7633,14,1056,333,6307,3,270,307,3061,42,2432,310,5493,California
Mariposa,2021-04-03,11,7644,8,1064,3,6310,0,270,6,3062,5,2437,6,5499,California
Mariposa,2021-04-04,2,7646,1,1065,0,6310,1,271,0,3061,2,2439,1,5500,California
Mariposa,2021-04-05,34,7680,23,1088,7,6317,4,275,16,3063,18,2457,20,5520,California
Mariposa,2021-04-06,43,7723,21,1109,6,6323,16,291,13,3063,29,2486,29,5549,California
Mariposa,2021-04-07,99,7822,7,1116,73,6396,19,310,28,3039,71,2557,47,5596,California
Mariposa,2021-04-08,280,8102,16,1132,245,6641,19,329,145,3071,133,2690,165,5761,California
Mariposa,2021-04-09,39,8141,9,1141,15,6656,15,344,11,3069,28,2718,26,5787,California
Mariposa,2021-04-10,203,8344,4,1145,189,6845,10,354,187,3251,14,2732,196,5983,California
Mariposa,2021-04-11,124,8468,4,1149,118,6963,2,356,57,3244,67,2799,60,6043,California
Mariposa,2021-04-12,43,8511,14,1163,27,6990,2,358,14,3231,29,2828,16,6059,California
Mariposa,2021-04-13,53,8564,46,1209,7,6997,0,358,34,3246,19,2847,34,6093,California
Mariposa,2021-04-14,113,8677,9,1218,104,7101,0,358,58,3250,54,2901,58,6151,California
Mariposa,2021-04-15,59,8736,17,1235,42,7143,0,358,41,3276,15,2916,41,6192,California
Mariposa,2021-04-16,382,9118,14,1249,368,7511,0,358,106,3107,275,3191,106,6298,California
Mariposa,2021-04-17,10,9128,6,1255,4,7515,0,358,8,3113,2,3193,8,6306,California
Mariposa,2021-04-18,8,9136,0,1255,8,7523,0,358,3,3111,5,3198,3,6309,California
Mariposa,2021-04-19,58,9194,26,1281,32,7555,0,358,30,3115,26,3224,30,6339,California
Mariposa,2021-04-20,62,9256,48,1329,14,7569,0,358,37,3129,23,3247,37,6376,California
Mariposa,2021-04-21,94,9350,15,1344,79,7648,0,358,43,3122,50,3297,43,6419,California
Mariposa,2021-04-22,51,9401,11,1355,40,7688,0,358,38,3148,12,3309,38,6457,California
Mariposa,2021-04-23,316,9717,71,1426,245,7933,0,358,145,3124,171,3480,147,6604,California
Mariposa,2021-04-24,106,9823,10,1436,96,8029,0,358,43,3105,62,3542,43,6647,California
Mariposa,2021-04-26,17,9840,12,1448,5,8034,0,358,6,3100,11,3553,6,6653,California
Mariposa,2021-04-27,34,9874,17,1465,15,8049,2,360,15,3101,16,3569,17,6670,California
Mariposa,2021-04-28,73,9947,13,1478,53,8102,7,367,27,3089,46,3615,34,6704,California
Mariposa,2021-04-29,83,10030,12,1490,70,8172,1,368,78,3163,5,3620,79,6783,California
Mariposa,2021-04-30,211,10241,6,1496,200,8372,5,373,62,3081,149,3769,67,6850,California
Mariposa,2021-05-01,3,10244,2,1498,1,8373,0,373,1,3080,2,3771,1,6851,California
Mariposa,2021-05-02,4,10248,2,1500,1,8374,1,374,0,3077,4,3775,1,6852,California
Mariposa,2021-05-03,16,10264,12,1512,3,8377,1,375,7,3076,9,3784,8,6860,California
Mariposa,2021-05-04,50,10314,31,1543,15,8392,4,379,37,3104,13,3797,41,6901,California
Mariposa,2021-05-05,57,10371,9,1552,46,8438,2,381,18,3085,39,3836,20,6921,California
Mariposa,2021-05-06,57,10428,36,1588,16,8454,5,386,40,3113,17,3853,45,6966,California
Mariposa,2021-05-07,28,10456,8,1596,17,8471,3,389,13,3114,15,3868,16,6982,California
Mariposa,2021-05-08,282,10738,7,1603,275,8746,0,389,33,2900,249,4117,35,7017,California
Mariposa,2021-05-09,2,10740,1,1604,1,8747,0,389,0,2898,2,4119,0,7017,California
Mariposa,2021-05-10,20,10760,9,1613,9,8756,2,391,5,2890,15,4134,7,7024,California
Mariposa,2021-05-11,28,10788,18,1631,10,8766,0,391,21,2905,6,4140,21,7045,California
Mariposa,2021-05-12,68,10856,4,1635,58,8824,6,397,6,2855,62,4202,12,7057,California
Mariposa,2021-05-13,48,10904,8,1643,38,8862,2,399,13,2835,35,4237,15,7072,California
Mariposa,2021-05-14,249,11153,121,1764,121,8983,7,406,117,2827,132,4369,124,7196,California
Mariposa,2021-05-15,19,11172,9,1773,8,8991,2,408,11,2833,6,4375,12,7208,California
Mariposa,2021-05-16,3,11175,1,1774,1,8992,1,409,1,2833,2,4377,2,7210,California
Mariposa,2021-05-17,18,11193,7,1781,7,8999,4,413,7,2832,11,4388,10,7220,California
Mariposa,2021-05-18,63,11256,43,1824,15,9014,5,418,46,2867,16,4404,51,7271,California
Mariposa,2021-05-19,71,11327,32,1856,38,9052,1,419,52,2902,18,4422,53,7324,California
Mariposa,2021-05-20,33,11360,18,1874,13,9065,2,421,12,2895,21,4443,14,7338,California
Mariposa,2021-05-21,94,11454,9,1883,83,9148,2,423,43,2891,49,4492,45,7383,California
Mariposa,2021-05-22,49,11503,7,1890,41,9189,1,424,18,2879,31,4523,19,7402,California
Mariposa,2021-05-23,4,11507,2,1892,1,9190,1,425,2,2880,2,4525,3,7405,California
Mariposa,2021-05-24,14,11521,8,1900,4,9194,2,427,8,2884,6,4531,10,7415,California
Mariposa,2021-05-25,26,11547,16,1916,10,9204,0,427,18,2894,8,4539,18,7433,California
Mariposa,2021-05-26,35,11582,4,1920,27,9231,4,431,28,2919,7,4546,32,7465,California
Mariposa,2021-05-27,120,11702,64,1984,55,9286,1,432,62,2924,58,4604,63,7528,California
Mariposa,2021-05-28,65,11767,5,1989,56,9342,4,436,23,2909,42,4646,27,7555,California
Mariposa,2021-05-29,8,11775,2,1991,5,9347,1,437,3,2910,3,4649,4,7559,California
Mariposa,2021-05-30,1,11776,0,1991,0,9347,1,438,0,2910,1,4650,1,7560,California
Mariposa,2021-05-31,2,11778,0,1991,1,9348,1,439,0,2909,2,4652,1,7561,California
Mariposa,2021-06-01,14,11792,3,1994,11,9359,0,439,5,2905,9,4661,5,7566,California
Mariposa,2021-06-02,26,11818,14,2008,7,9366,5,444,6,2897,19,4680,11,7577,California
Mariposa,2021-06-03,20,11838,10,2018,7,9373,3,447,7,2894,13,4693,10,7587,California
Mariposa,2021-06-04,89,11927,78,2096,9,9382,2,449,26,2860,61,4754,27,7614,California
Mariposa,2021-06-05,30,11957,4,2100,24,9406,2,451,7,2846,23,4777,9,7623,California
Mariposa,2021-06-06,4,11961,3,2103,0,9406,1,452,1,2845,3,4780,2,7625,California
Mariposa,2021-06-07,9,11970,4,2107,5,9411,0,452,3,2843,5,4785,3,7628,California
Mariposa,2021-06-08,46,12016,34,2141,10,9421,2,454,14,2827,32,4817,16,7644,California
Mariposa,2021-06-09,28,12044,21,2162,2,9423,5,459,6,2816,22,4839,11,7655,California
Mariposa,2021-06-10,16,12060,8,2170,5,9428,3,462,6,2816,10,4849,10,7665,California
Mariposa,2021-06-11,43,12103,12,2182,23,9451,8,470,9,2799,34,4883,17,7682,California
Mariposa,2021-06-12,17,12120,11,2193,5,9456,1,471,3,2788,14,4897,3,7685,California
Mariposa,2021-06-13,1,12121,0,2193,0,9456,1,472,0,2788,1,4898,1,7686,California
Mariposa,2021-06-14,13,12134,4,2197,8,9464,1,473,5,2786,8,4906,6,7692,California
Mariposa,2021-06-15,24,12158,12,2209,11,9475,1,474,7,2777,17,4923,8,7700,California
Mariposa,2021-06-16,29,12187,13,2222,15,9490,1,475,8,2765,21,4944,9,7709,California
Mariposa,2021-06-17,11,12198,6,2228,5,9495,0,475,4,2762,7,4951,4,7713,California
Mariposa,2021-06-18,68,12266,49,2277,16,9511,3,478,33,2763,34,4985,35,7748,California
Mariposa,2021-06-19,18,12284,5,2282,13,9524,0,478,6,2757,12,4997,6,7754,California
Mariposa,2021-06-21,11,12295,4,2286,7,9531,0,478,7,2761,3,5000,7,7761,California
Mariposa,2021-06-22,23,12318,9,2295,11,9542,3,481,13,2767,10,5010,16,7777,California
Mariposa,2021-06-23,9,12327,3,2298,3,9545,3,484,5,2771,4,5014,8,7785,California
Mariposa,2021-06-24,12,12339,5,2303,7,9552,0,484,6,2771,6,5020,6,7791,California
Mariposa,2021-06-25,51,12390,23,2326,27,9579,1,485,18,2758,32,5052,19,7810,California
Mariposa,2021-06-26,1,12391,1,2327,0,9579,0,485,0,2757,1,5053,0,7810,California
Mariposa,2021-06-27,1,12392,0,2327,0,9579,1,486,0,2757,1,5054,1,7811,California
Mariposa,2021-06-28,3,12395,3,2330,0,9579,0,486,3,2760,0,5054,3,7814,California
Mariposa,2021-06-29,7,12402,3,2333,3,9582,1,487,3,2760,4,5058,4,7818,California
Mariposa,2021-06-30,2,12404,0,2333,1,9583,1,488,0,2759,2,5060,1,7819,California
Mariposa,2021-07-01,21,12425,17,2350,2,9585,2,490,8,2756,13,5073,10,7829,California
Mariposa,2021-07-02,3,12428,3,2353,0,9585,0,490,2,2758,0,5073,2,7831,California
Mariposa,2021-07-05,4,12432,1,2354,2,9587,1,491,1,2757,3,5076,2,7833,California
Mariposa,2021-07-06,10,12442,3,2357,2,9589,5,496,2,2756,8,5084,7,7840,California
Mariposa,2021-07-07,12,12454,10,2367,1,9590,1,497,7,2759,5,5089,8,7848,California
Mariposa,2021-07-08,30,12484,19,2386,9,9599,2,499,13,2757,17,5106,15,7863,California
Mariposa,2021-07-09,5,12489,3,2389,0,9599,2,501,1,2756,4,5110,3,7866,California
Mariposa,2021-07-10,1,12490,0,2389,0,9599,1,502,0,2756,1,5111,1,7867,California
Mariposa,2021-07-12,11,12501,7,2396,4,9603,0,502,5,2755,6,5117,5,7872,California
Mendocino,2020-12-17,70,70,70,70,0,0,0,0,70,70,0,0,70,70,California
Mendocino,2020-12-18,85,155,84,154,1,1,0,0,84,154,0,0,84,154,California
Mendocino,2020-12-19,4,159,4,158,0,1,0,0,4,158,0,0,4,158,California
Mendocino,2020-12-20,7,166,7,165,0,1,0,0,7,165,0,0,7,165,California
Mendocino,2020-12-21,237,403,237,402,0,1,0,0,77,242,0,0,77,242,California
Mendocino,2020-12-22,253,656,192,594,61,62,0,0,253,495,0,0,253,495,California
Mendocino,2020-12-23,272,928,48,642,224,286,0,0,271,766,0,0,271,766,California
Mendocino,2020-12-24,49,977,8,650,41,327,0,0,49,815,0,0,49,815,California
Mendocino,2020-12-25,1,978,0,650,1,328,0,0,1,816,0,0,1,816,California
Mendocino,2020-12-26,2,980,2,652,0,328,0,0,2,818,0,0,2,818,California
Mendocino,2020-12-27,1,981,0,652,1,329,0,0,1,819,0,0,1,819,California
Mendocino,2020-12-28,74,1055,9,661,65,394,0,0,74,893,0,0,74,893,California
Mendocino,2020-12-29,122,1177,61,722,61,455,0,0,122,1015,0,0,122,1015,California
Mendocino,2020-12-30,122,1299,69,791,53,508,0,0,122,1137,0,0,122,1137,California
Mendocino,2020-12-31,132,1431,97,888,35,543,0,0,132,1269,0,0,132,1269,California
Mendocino,2021-01-01,10,1441,7,895,3,546,0,0,10,1279,0,0,10,1279,California
Mendocino,2021-01-02,1,1442,1,896,0,546,0,0,1,1280,0,0,1,1280,California
Mendocino,2021-01-04,838,2280,18,914,820,1366,0,0,838,2118,0,0,838,2118,California
Mendocino,2021-01-05,71,2351,36,950,35,1401,0,0,58,2163,13,13,58,2176,California
Mendocino,2021-01-06,158,2509,136,1086,22,1423,0,0,148,2301,10,23,148,2324,California
Mendocino,2021-01-07,361,2870,239,1325,122,1545,0,0,298,2536,63,86,298,2622,California
Mendocino,2021-01-08,95,2965,82,1407,13,1558,0,0,41,2524,54,140,42,2664,California
Mendocino,2021-01-09,10,2975,6,1413,4,1562,0,0,8,2530,2,142,8,2672,California
Mendocino,2021-01-10,9,2984,8,1421,1,1563,0,0,2,2525,7,149,2,2674,California
Mendocino,2021-01-11,103,3087,93,1514,10,1573,0,0,45,2513,57,206,45,2719,California
Mendocino,2021-01-12,389,3476,379,1893,10,1583,0,0,272,2668,117,323,272,2991,California
Mendocino,2021-01-13,497,3973,150,2043,347,1930,0,0,451,3076,44,367,452,3443,California
Mendocino,2021-01-14,658,4631,21,2064,637,2567,0,0,649,3716,9,376,649,4092,California
Mendocino,2021-01-15,1878,6509,869,2933,1009,3576,0,0,1873,5585,5,381,1874,5966,California
Mendocino,2021-01-16,789,7298,48,2981,741,4317,0,0,787,6370,2,383,787,6753,California
Mendocino,2021-01-17,554,7852,1,2982,553,4870,0,0,553,6922,1,384,553,7306,California
Mendocino,2021-01-18,487,8339,462,3444,25,4895,0,0,475,7385,12,396,475,7781,California
Mendocino,2021-01-19,337,8676,151,3595,186,5081,0,0,159,7366,178,574,159,7940,California
Mendocino,2021-01-20,559,9235,410,4005,149,5230,0,0,452,7714,105,679,453,8393,California
Mendocino,2021-01-21,539,9774,226,4231,313,5543,0,0,352,7880,186,865,352,8745,California
Mendocino,2021-01-22,152,9926,61,4292,91,5634,0,0,112,7952,40,905,112,8857,California
Mendocino,2021-01-23,155,10081,84,4376,71,5705,0,0,149,8095,6,911,149,9006,California
Mendocino,2021-01-24,5,10086,3,4379,2,5707,0,0,5,8100,0,911,5,9011,California
Mendocino,2021-01-25,192,10278,18,4397,174,5881,0,0,122,8152,70,981,122,9133,California
Mendocino,2021-01-26,155,10433,55,4452,100,5981,0,0,96,8189,59,1040,96,9229,California
Mendocino,2021-01-27,445,10878,374,4826,71,6052,0,0,178,8107,260,1300,178,9407,California
Mendocino,2021-01-28,605,11483,542,5368,63,6115,0,0,509,8521,95,1395,509,9916,California
Mendocino,2021-01-29,392,11875,352,5720,40,6155,0,0,363,8856,29,1424,364,10280,California
Mendocino,2021-01-30,50,11925,31,5751,19,6174,0,0,43,8892,7,1431,43,10323,California
Mendocino,2021-01-31,276,12201,3,5754,273,6447,0,0,5,8626,271,1702,5,10328,California
Mendocino,2021-02-01,384,12585,54,5808,330,6777,0,0,61,8364,323,2025,61,10389,California
Mendocino,2021-02-02,748,13333,526,6334,222,6999,0,0,386,8388,362,2387,386,10775,California
Mendocino,2021-02-03,400,13733,210,6544,190,7189,0,0,227,8444,171,2558,227,11002,California
Mendocino,2021-02-04,631,14364,535,7079,96,7285,0,0,502,8817,129,2687,502,11504,California
Mendocino,2021-02-05,1306,15670,1216,8295,90,7375,0,0,587,8687,717,3404,587,12091,California
Mendocino,2021-02-06,557,16227,159,8454,398,7773,0,0,542,9214,15,3419,542,12633,California
Mendocino,2021-02-07,34,16261,30,8484,4,7777,0,0,34,9248,0,3419,34,12667,California
Mendocino,2021-02-08,753,17014,720,9204,33,7810,0,0,287,9069,466,3885,287,12954,California
Mendocino,2021-02-09,143,17157,60,9264,83,7893,0,0,89,9104,54,3939,89,13043,California
Mendocino,2021-02-10,1491,18648,924,10188,567,8460,0,0,743,9106,741,4680,743,13786,California
Mendocino,2021-02-11,1214,19862,209,10397,1005,9465,0,0,298,8488,916,5596,298,14084,California
Mendocino,2021-02-12,1458,21320,163,10560,1295,10760,0,0,659,8349,798,6394,659,14743,California
Mendocino,2021-02-13,506,21826,14,10574,492,11252,0,0,104,8057,401,6795,109,14852,California
Mendocino,2021-02-14,695,22521,4,10578,691,11943,0,0,135,7632,560,7355,135,14987,California
Mendocino,2021-02-15,336,22857,43,10621,293,12236,0,0,177,7651,158,7513,177,15164,California
Mendocino,2021-02-16,201,23058,52,10673,149,12385,0,0,128,7706,73,7586,128,15292,California
Mendocino,2021-02-17,1376,24434,1213,11886,163,12548,0,0,886,8104,488,8074,886,16178,California
Mendocino,2021-02-18,1833,26267,688,12574,1145,13693,0,0,1235,8743,596,8670,1235,17413,California
Mendocino,2021-02-19,769,27036,153,12727,616,14309,0,0,625,9226,144,8814,627,18040,California
Mendocino,2021-02-20,591,27627,563,13290,28,14337,0,0,559,9755,30,8844,559,18599,California
Mendocino,2021-02-21,327,27954,9,13299,318,14655,0,0,314,10057,12,8856,314,18913,California
Mendocino,2021-02-22,168,28122,31,13330,137,14792,0,0,71,10033,95,8951,71,18984,California
Mendocino,2021-02-23,869,28991,855,14185,14,14806,0,0,653,10472,214,9165,653,19637,California
Mendocino,2021-02-24,1872,30863,1789,15974,83,14889,0,0,1441,11490,425,9590,1443,21080,California
Mendocino,2021-02-25,1731,32594,555,16529,1176,16065,0,0,1296,12353,433,10023,1296,22376,California
Mendocino,2021-02-26,1457,34051,777,17306,680,16745,0,0,1070,13039,384,10407,1070,23446,California
Mendocino,2021-02-27,203,34254,153,17459,50,16795,0,0,78,12993,124,10531,78,23524,California
Mendocino,2021-02-28,36,34290,14,17473,22,16817,0,0,23,13003,13,10544,23,23547,California
Mendocino,2021-03-01,593,34883,547,18020,46,16863,0,0,551,13515,39,10583,551,24098,California
Mendocino,2021-03-02,76,34959,28,18048,48,16911,0,0,42,13524,33,10616,42,24140,California
Mendocino,2021-03-03,2038,36997,1334,19382,704,17615,0,0,1385,14258,651,11267,1385,25525,California
Mendocino,2021-03-04,1855,38852,152,19534,1703,19318,0,0,1634,15676,218,11485,1636,27161,California
Mendocino,2021-03-05,482,39334,418,19952,55,19373,9,9,374,15955,104,11589,383,27544,California
Mendocino,2021-03-06,250,39584,25,19977,198,19571,27,36,206,16145,43,11632,233,27777,California
Mendocino,2021-03-07,526,40110,27,20004,479,20050,20,56,138,15915,387,12019,157,27934,California
Mendocino,2021-03-08,124,40234,28,20032,59,20109,37,93,64,15958,58,12077,101,28035,California
Mendocino,2021-03-09,942,41176,598,20630,303,20412,41,134,832,16721,110,12187,873,28908,California
Mendocino,2021-03-10,1148,42324,984,21614,99,20511,65,199,266,16179,876,13063,334,29242,California
Mendocino,2021-03-11,849,43173,632,22246,162,20673,55,254,394,16176,452,13515,449,29691,California
Mendocino,2021-03-12,2068,45241,1058,23304,898,21571,112,366,1235,16696,827,14342,1347,31038,California
Mendocino,2021-03-13,705,45946,570,23874,77,21648,58,424,98,16249,603,14945,156,31194,California
Mendocino,2021-03-14,105,46051,3,23877,95,21743,7,431,12,16179,89,15034,19,31213,California
Mendocino,2021-03-15,604,46655,52,23929,493,22236,59,490,210,16056,391,15425,268,31481,California
Mendocino,2021-03-16,584,47239,389,24318,149,22385,46,536,116,15752,466,15891,162,31643,California
Mendocino,2021-03-17,1585,48824,1380,25698,57,22442,148,684,211,14752,1366,17257,366,32009,California
Mendocino,2021-03-18,1306,50130,246,25944,1023,23465,37,721,269,14029,1029,18286,306,32315,California
Mendocino,2021-03-19,1776,51906,854,26798,861,24326,61,782,307,12937,1462,19748,370,32685,California
Mendocino,2021-03-20,71,51977,11,26809,39,24365,21,803,13,12913,58,19806,34,32719,California
Mendocino,2021-03-21,8,51985,1,26810,2,24367,5,808,3,12916,5,19811,8,32727,California
Mendocino,2021-03-22,656,52641,611,27421,16,24383,29,837,146,12584,506,20317,174,32901,California
Mendocino,2021-03-23,165,52806,34,27455,101,24484,30,867,114,12677,51,20368,144,33045,California
Mendocino,2021-03-24,918,53724,843,28298,27,24511,48,915,111,12031,805,21173,159,33204,California
Mendocino,2021-03-25,2019,55743,54,28352,1945,26456,20,935,170,10377,1842,23015,188,33392,California
Mendocino,2021-03-26,548,56291,395,28747,127,26583,26,961,113,10081,434,23449,138,33530,California
Mendocino,2021-03-27,163,56454,33,28780,118,26701,12,973,83,10096,79,23528,94,33624,California
Mendocino,2021-03-28,28,56482,6,28786,18,26719,4,977,4,10081,23,23551,8,33632,California
Mendocino,2021-03-29,191,56673,99,28885,48,26767,44,1021,96,10126,95,23646,140,33772,California
Mendocino,2021-03-30,720,57393,635,29520,48,26815,37,1058,106,9658,611,24257,143,33915,California
Mendocino,2021-03-31,919,58312,281,29801,577,27392,61,1119,154,9111,762,25019,215,34130,California
Mendocino,2021-04-01,1756,60068,427,30228,1248,28640,81,1200,383,8212,1362,26381,463,34593,California
Mendocino,2021-04-02,1311,61379,1077,31305,161,28801,73,1273,158,7293,1150,27531,231,34824,California
Mendocino,2021-04-03,715,62094,14,31319,680,29481,21,1294,88,6780,622,28153,109,34933,California
Mendocino,2021-04-04,71,62165,35,31354,30,29511,6,1300,54,6823,17,28170,60,34993,California
Mendocino,2021-04-05,213,62378,141,31495,48,29559,24,1324,127,6885,86,28256,148,35141,California
Mendocino,2021-04-06,402,62780,125,31620,182,29741,95,1419,108,6795,294,28550,204,35345,California
Mendocino,2021-04-07,493,63273,181,31801,65,29806,247,1666,118,6786,372,28922,363,35708,California
Mendocino,2021-04-08,1495,64768,916,32717,464,30270,115,1781,1003,7418,485,29407,1117,36825,California
Mendocino,2021-04-09,761,65529,430,33147,170,30440,161,1942,399,7616,362,29769,560,37385,California
Mendocino,2021-04-10,407,65936,93,33240,268,30708,46,1988,99,7453,308,30077,145,37530,California
Mendocino,2021-04-11,121,66057,47,33287,19,30727,55,2043,59,7505,62,30139,114,37644,California
Mendocino,2021-04-12,624,66681,515,33802,48,30775,61,2104,409,7760,215,30354,470,38114,California
Mendocino,2021-04-13,292,66973,230,34032,62,30837,0,2104,224,7916,68,30422,224,38338,California
Mendocino,2021-04-14,524,67497,430,34462,94,30931,0,2104,420,8232,104,30526,420,38758,California
Mendocino,2021-04-15,661,68158,328,34790,333,31264,0,2104,386,8348,270,30796,386,39144,California
Mendocino,2021-04-16,127,68285,54,34844,72,31336,1,2105,78,8378,48,30844,78,39222,California
Mendocino,2021-04-17,195,68480,12,34856,183,31519,0,2105,68,8321,125,30969,68,39290,California
Mendocino,2021-04-18,15,68495,7,34863,8,31527,0,2105,8,8324,5,30974,8,39298,California
Mendocino,2021-04-19,542,69037,516,35379,25,31552,1,2106,429,8643,111,31085,430,39728,California
Mendocino,2021-04-20,431,69468,297,35676,134,31686,0,2106,269,8752,160,31245,269,39997,California
Mendocino,2021-04-21,199,69667,136,35812,62,31748,1,2107,118,8791,79,31324,118,40115,California
Mendocino,2021-04-22,489,70156,318,36130,170,31918,1,2108,314,8934,171,31495,314,40429,California
Mendocino,2021-04-23,861,71017,703,36833,158,32076,0,2108,699,9474,159,31654,699,41128,California
Mendocino,2021-04-24,110,71127,16,36849,94,32170,0,2108,102,9568,8,31662,102,41230,California
Mendocino,2021-04-25,58,71185,34,36883,20,32190,4,2112,18,9551,39,31701,22,41252,California
Mendocino,2021-04-26,310,71495,239,37122,66,32256,5,2117,202,9652,106,31807,207,41459,California
Mendocino,2021-04-27,209,71704,92,37214,90,32346,27,2144,97,9664,111,31918,123,41582,California
Mendocino,2021-04-28,224,71928,148,37362,57,32403,19,2163,126,9713,97,32015,146,41728,California
Mendocino,2021-04-29,1143,73071,839,38201,289,32692,15,2178,112,8814,1025,33040,126,41854,California
Mendocino,2021-04-30,607,73678,384,38585,213,32905,10,2188,227,8672,379,33419,237,42091,California
Mendocino,2021-05-01,481,74159,435,39020,38,32943,8,2196,375,8950,105,33524,383,42474,California
Mendocino,2021-05-02,56,74215,46,39066,7,32950,3,2199,8,8914,47,33571,11,42485,California
Mendocino,2021-05-03,146,74361,85,39151,40,32990,21,2220,42,8875,102,33673,63,42548,California
Mendocino,2021-05-04,382,74743,255,39406,95,33085,32,2252,144,8814,237,33910,176,42724,California
Mendocino,2021-05-05,881,75624,792,40198,74,33159,15,2267,225,8398,654,34564,238,42962,California
Mendocino,2021-05-06,635,76259,384,40582,229,33388,22,2289,156,8099,477,35041,178,43140,California
Mendocino,2021-05-07,189,76448,36,40618,128,33516,25,2314,121,8177,67,35108,145,43285,California
Mendocino,2021-05-08,126,76574,5,40623,120,33636,1,2315,110,8273,15,35123,111,43396,California
Mendocino,2021-05-09,22,76596,7,40630,14,33650,1,2316,5,8262,17,35140,6,43402,California
Mendocino,2021-05-10,244,76840,161,40791,78,33728,5,2321,151,8325,93,35233,156,43558,California
Mendocino,2021-05-11,279,77119,143,40934,118,33846,18,2339,130,8324,147,35380,146,43704,California
Mendocino,2021-05-12,144,77263,82,41016,53,33899,9,2348,45,8281,97,35477,54,43758,California
Mendocino,2021-05-13,1234,78497,1121,42137,96,33995,17,2365,321,7707,912,36389,338,44096,California
Mendocino,2021-05-14,721,79218,491,42628,167,34162,63,2428,247,7548,469,36858,310,44406,California
Mendocino,2021-05-15,84,79302,28,42656,52,34214,4,2432,39,7546,45,36903,43,44449,California
Mendocino,2021-05-16,117,79419,104,42760,11,34225,2,2434,99,7631,17,36920,102,44551,California
Mendocino,2021-05-17,178,79597,85,42845,77,34302,16,2450,102,7673,76,36996,118,44669,California
Mendocino,2021-05-18,249,79846,119,42964,99,34401,31,2481,108,7671,140,37136,138,44807,California
Mendocino,2021-05-19,329,80175,191,43155,117,34518,21,2502,243,7852,83,37219,264,45071,California
Mendocino,2021-05-20,299,80474,116,43271,138,34656,45,2547,103,7807,193,37412,148,45219,California
Mendocino,2021-05-21,654,81128,475,43746,164,34820,15,2562,507,8183,146,37558,522,45741,California
Mendocino,2021-05-22,785,81913,675,44421,102,34922,8,2570,240,7887,544,38102,248,45989,California
Mendocino,2021-05-23,29,81942,12,44433,10,34932,7,2577,15,7895,13,38115,21,46010,California
Mendocino,2021-05-24,129,82071,45,44478,63,34995,21,2598,61,7910,67,38182,82,46092,California
Mendocino,2021-05-25,303,82374,180,44658,90,35085,33,2631,135,7911,166,38348,167,46259,California
Mendocino,2021-05-26,324,82698,244,44902,68,35153,12,2643,131,7862,192,38540,143,46402,California
Mendocino,2021-05-27,249,82947,112,45014,112,35265,25,2668,102,7843,145,38685,126,46528,California
Mendocino,2021-05-28,237,83184,98,45112,126,35391,13,2681,153,7928,82,38767,167,46695,California
Mendocino,2021-05-29,49,83233,17,45129,27,35418,5,2686,24,7932,25,38792,29,46724,California
Mendocino,2021-05-30,15,83248,2,45131,12,35430,1,2687,10,7938,5,38797,11,46735,California
Mendocino,2021-05-31,6,83254,0,45131,5,35435,1,2688,2,7938,3,38800,3,46738,California
Mendocino,2021-06-01,312,83566,105,45236,198,35633,9,2697,83,7801,229,39029,92,46830,California
Mendocino,2021-06-02,157,83723,59,45295,90,35723,8,2705,54,7763,100,39129,62,46892,California
Mendocino,2021-06-03,560,84283,455,45750,93,35816,12,2717,123,7468,430,39559,135,47027,California
Mendocino,2021-06-04,319,84602,192,45942,104,35920,23,2740,87,7347,231,39790,110,47137,California
Mendocino,2021-06-05,226,84828,94,46036,114,36034,18,2758,73,7287,151,39941,91,47228,California
Mendocino,2021-06-06,63,84891,58,46094,2,36036,3,2761,2,7231,61,40002,5,47233,California
Mendocino,2021-06-07,147,85038,72,46166,63,36099,12,2773,57,7210,90,40092,69,47302,California
Mendocino,2021-06-08,245,85283,143,46309,88,36187,14,2787,111,7206,129,40221,125,47427,California
Mendocino,2021-06-09,310,85593,249,46558,51,36238,10,2797,106,7119,203,40424,116,47543,California
Mendocino,2021-06-10,131,85724,70,46628,45,36283,16,2813,58,7120,73,40497,74,47617,California
Mendocino,2021-06-11,750,86474,589,47217,133,36416,28,2841,124,6648,624,41121,152,47769,California
Mendocino,2021-06-12,78,86552,53,47270,19,36435,6,2847,28,6633,49,41170,34,47803,California
Mendocino,2021-06-13,29,86581,16,47286,11,36446,2,2849,15,6637,13,41183,17,47820,California
Mendocino,2021-06-14,130,86711,58,47344,53,36499,19,2868,48,6622,81,41264,66,47886,California
Mendocino,2021-06-15,260,86971,167,47511,74,36573,19,2887,85,6551,175,41439,104,47990,California
Mendocino,2021-06-16,274,87245,172,47683,80,36653,22,2909,70,6441,202,41641,92,48082,California
Mendocino,2021-06-17,173,87418,90,47773,62,36715,21,2930,56,6402,116,41757,77,48159,California
Mendocino,2021-06-18,282,87700,129,47902,123,36838,30,2960,81,6313,199,41956,110,48269,California
Mendocino,2021-06-19,76,87776,43,47945,26,36864,7,2967,17,6278,59,42015,24,48293,California
Mendocino,2021-06-20,12,87788,4,47949,4,36868,4,2971,7,6284,5,42020,11,48304,California
Mendocino,2021-06-21,101,87889,35,47984,55,36923,11,2982,44,6284,54,42074,54,48358,California
Mendocino,2021-06-22,133,88022,86,48070,34,36957,13,2995,56,6278,75,42149,69,48427,California
Mendocino,2021-06-23,227,88249,160,48230,37,36994,30,3025,101,6283,126,42275,131,48558,California
Mendocino,2021-06-24,197,88446,110,48340,70,37064,17,3042,73,6250,123,42398,90,48648,California
Mendocino,2021-06-25,184,88630,97,48437,74,37138,13,3055,71,6222,112,42510,84,48732,California
Mendocino,2021-06-26,72,88702,47,48484,21,37159,4,3059,21,6196,51,42561,25,48757,California
Mendocino,2021-06-27,23,88725,13,48497,9,37168,1,3060,13,6200,10,42571,14,48771,California
Mendocino,2021-06-28,64,88789,43,48540,11,37179,10,3070,20,6188,42,42613,30,48801,California
Mendocino,2021-06-29,153,88942,113,48653,38,37217,2,3072,44,6125,109,42722,46,48847,California
Mendocino,2021-06-30,181,89123,147,48800,27,37244,7,3079,57,6067,123,42845,65,48912,California
Mendocino,2021-07-01,114,89237,66,48866,38,37282,10,3089,65,6094,48,42893,75,48987,California
Mendocino,2021-07-02,105,89342,65,48931,30,37312,10,3099,50,6100,54,42947,60,49047,California
Mendocino,2021-07-03,39,89381,28,48959,9,37321,2,3101,18,6099,21,42968,20,49067,California
Mendocino,2021-07-04,1,89382,0,48959,1,37322,0,3101,1,6100,0,42968,1,49068,California
Mendocino,2021-07-05,37,89419,17,48976,15,37337,5,3106,15,6098,22,42990,20,49088,California
Mendocino,2021-07-06,210,89629,156,49132,41,37378,13,3119,88,6077,122,43112,101,49189,California
Mendocino,2021-07-07,85,89714,56,49188,23,37401,6,3125,36,6072,47,43159,42,49231,California
Mendocino,2021-07-08,86,89800,47,49235,31,37432,8,3133,37,6068,49,43208,45,49276,California
Mendocino,2021-07-09,201,90001,135,49370,42,37474,24,3157,73,6039,125,43333,96,49372,California
Mendocino,2021-07-10,24,90025,12,49382,12,37486,0,3157,14,6043,10,43343,14,49386,California
Mendocino,2021-07-11,21,90046,11,49393,4,37490,6,3163,8,6044,13,43356,14,49400,California
Mendocino,2021-07-12,68,90114,30,49423,37,37527,1,3164,28,6034,39,43395,29,49429,California
Merced,2020-12-16,3,3,3,3,0,0,0,0,3,3,0,0,3,3,California
Merced,2020-12-17,9,12,9,12,0,0,0,0,9,12,0,0,9,12,California
Merced,2020-12-18,147,159,147,159,0,0,0,0,147,159,0,0,147,159,California
Merced,2020-12-19,38,197,38,197,0,0,0,0,38,197,0,0,38,197,California
Merced,2020-12-20,18,215,18,215,0,0,0,0,18,215,0,0,18,215,California
Merced,2020-12-21,124,339,121,336,3,3,0,0,124,339,0,0,124,339,California
Merced,2020-12-22,153,492,153,489,0,3,0,0,153,492,0,0,153,492,California
Merced,2020-12-23,255,747,248,737,7,10,0,0,255,747,0,0,255,747,California
Merced,2020-12-24,72,819,72,809,0,10,0,0,72,819,0,0,72,819,California
Merced,2020-12-25,4,823,4,813,0,10,0,0,4,823,0,0,4,823,California
Merced,2020-12-26,6,829,3,816,3,13,0,0,6,829,0,0,6,829,California
Merced,2020-12-27,12,841,11,827,1,14,0,0,12,841,0,0,12,841,California
Merced,2020-12-28,123,964,98,925,25,39,0,0,123,964,0,0,123,964,California
Merced,2020-12-29,194,1158,124,1049,70,109,0,0,194,1158,0,0,194,1158,California
Merced,2020-12-30,218,1376,90,1139,128,237,0,0,218,1376,0,0,218,1376,California
Merced,2020-12-31,102,1478,33,1172,69,306,0,0,102,1478,0,0,102,1478,California
Merced,2021-01-01,6,1484,1,1173,5,311,0,0,6,1484,0,0,6,1484,California
Merced,2021-01-02,131,1615,120,1293,11,322,0,0,131,1615,0,0,131,1615,California
Merced,2021-01-03,9,1624,5,1298,4,326,0,0,9,1624,0,0,9,1624,California
Merced,2021-01-04,82,1706,42,1340,40,366,0,0,82,1706,0,0,82,1706,California
Merced,2021-01-05,330,2036,235,1575,95,461,0,0,324,2026,6,6,326,2032,California
Merced,2021-01-06,259,2295,106,1681,153,614,0,0,251,2271,8,14,253,2285,California
Merced,2021-01-07,188,2483,84,1765,104,718,0,0,175,2432,14,28,175,2460,California
Merced,2021-01-08,526,3009,393,2158,133,851,0,0,373,2653,152,180,373,2833,California
Merced,2021-01-09,23,3032,9,2167,14,865,0,0,18,2666,5,185,18,2851,California
Merced,2021-01-10,11,3043,7,2174,4,869,0,0,7,2669,4,189,7,2858,California
Merced,2021-01-11,230,3273,172,2346,58,927,0,0,101,2644,129,318,104,2962,California
Merced,2021-01-12,298,3571,173,2519,125,1052,0,0,248,2841,51,369,248,3210,California
Merced,2021-01-13,394,3965,178,2697,216,1268,0,0,239,2929,154,523,242,3452,California
Merced,2021-01-14,328,4293,205,2902,123,1391,0,0,161,2925,166,689,162,3614,California
Merced,2021-01-15,592,4885,133,3035,459,1850,0,0,553,3441,40,729,556,4170,California
Merced,2021-01-16,215,5100,130,3165,85,1935,0,0,198,3622,17,746,198,4368,California
Merced,2021-01-17,51,5151,12,3177,39,1974,0,0,49,3669,2,748,49,4417,California
Merced,2021-01-18,270,5421,131,3308,139,2113,0,0,245,3893,25,773,249,4666,California
Merced,2021-01-19,714,6135,588,3896,126,2239,0,0,540,4267,173,946,547,5213,California
Merced,2021-01-20,575,6710,468,4364,107,2346,0,0,518,4731,57,1003,521,5734,California
Merced,2021-01-21,1030,7740,654,5018,376,2722,0,0,927,5559,102,1105,930,6664,California
Merced,2021-01-22,1322,9062,697,5715,625,3347,0,0,1292,6835,29,1134,1305,7969,California
Merced,2021-01-23,336,9398,202,5917,134,3481,0,0,227,6953,109,1243,227,8196,California
Merced,2021-01-24,36,9434,15,5932,21,3502,0,0,28,6974,7,1250,28,8224,California
Merced,2021-01-25,746,10180,246,6178,500,4002,0,0,684,7598,61,1311,685,8909,California
Merced,2021-01-26,948,11128,487,6665,461,4463,0,0,692,8063,228,1539,693,9602,California
Merced,2021-01-27,1006,12134,590,7255,416,4879,0,0,833,8725,171,1710,833,10435,California
Merced,2021-01-28,1161,13295,596,7851,565,5444,0,0,1037,9641,123,1833,1039,11474,California
Merced,2021-01-29,875,14170,315,8166,560,6004,0,0,621,10023,242,2075,624,12098,California
Merced,2021-01-30,269,14439,28,8194,241,6245,0,0,252,10258,17,2092,252,12350,California
Merced,2021-01-31,49,14488,11,8205,38,6283,0,0,47,10304,1,2093,47,12397,California
Merced,2021-02-01,396,14884,51,8256,345,6628,0,0,343,10597,51,2144,344,12741,California
Merced,2021-02-02,315,15199,183,8439,132,6760,0,0,186,10658,126,2270,187,12928,California
Merced,2021-02-03,362,15561,78,8517,284,7044,0,0,180,10657,181,2451,180,13108,California
Merced,2021-02-04,391,15952,160,8677,231,7275,0,0,256,10780,134,2585,257,13365,California
Merced,2021-02-05,521,16473,179,8856,342,7617,0,0,280,10823,239,2824,282,13647,California
Merced,2021-02-06,396,16869,222,9078,174,7791,0,0,251,10933,142,2966,252,13899,California
Merced,2021-02-07,20,16889,13,9091,7,7798,0,0,13,10939,7,2973,13,13912,California
Merced,2021-02-08,290,17179,200,9291,90,7888,0,0,178,11008,110,3083,179,14091,California
Merced,2021-02-09,1228,18407,964,10255,264,8152,0,0,783,11355,437,3520,784,14875,California
Merced,2021-02-10,1909,20316,1445,11700,464,8616,0,0,1311,12078,588,4108,1311,16186,California
Merced,2021-02-11,2565,22881,2044,13744,521,9137,0,0,1844,13215,708,4816,1845,18031,California
Merced,2021-02-12,1745,24626,1028,14772,717,9854,0,0,765,13022,961,5777,768,18799,California
Merced,2021-02-13,371,24997,212,14984,159,10013,0,0,270,13198,96,5873,272,19071,California
Merced,2021-02-14,119,25116,27,15011,92,10105,0,0,97,13274,22,5895,98,19169,California
Merced,2021-02-15,280,25396,43,15054,237,10342,0,0,172,13346,101,5996,173,19342,California
Merced,2021-02-16,1239,26635,856,15910,383,10725,0,0,846,13823,373,6369,850,20192,California
Merced,2021-02-17,1913,28548,1666,17576,247,10972,0,0,1334,14606,559,6928,1342,21534,California
Merced,2021-02-18,1284,29832,876,18452,408,11380,0,0,455,14257,808,7736,459,21993,California
Merced,2021-02-19,1293,31125,441,18893,852,12232,0,0,554,14081,732,8468,556,22549,California
Merced,2021-02-20,293,31418,35,18928,258,12490,0,0,144,14078,147,8615,144,22693,California
Merced,2021-02-21,84,31502,68,18996,16,12506,0,0,31,14058,51,8666,31,22724,California
Merced,2021-02-22,852,32354,299,19295,553,13059,0,0,486,14182,364,9030,488,23212,California
Merced,2021-02-23,1119,33473,432,19727,687,13746,0,0,647,14366,466,9496,650,23862,California
Merced,2021-02-24,861,34334,310,20037,551,14297,0,0,455,14428,394,9890,456,24318,California
Merced,2021-02-25,1832,36166,912,20949,920,15217,0,0,1345,15293,483,10373,1348,25666,California
Merced,2021-02-26,2226,38392,1415,22364,811,16028,0,0,1760,16600,454,10827,1761,27427,California
Merced,2021-02-27,2637,41029,1198,23562,1439,17467,0,0,2343,18651,292,11119,2343,29770,California
Merced,2021-02-28,324,41353,76,23638,247,17714,1,1,257,18845,63,11182,257,30027,California
Merced,2021-03-01,1162,42515,286,23924,875,18589,1,2,788,19270,364,11546,789,30816,California
Merced,2021-03-02,1896,44411,1038,24962,857,19446,1,3,1485,20355,404,11950,1489,32305,California
Merced,2021-03-03,2481,46892,1974,26936,506,19952,1,4,1704,21306,755,12705,1706,34011,California
Merced,2021-03-04,3158,50050,2529,29465,627,20579,2,6,2165,22501,973,13678,2168,36179,California
Merced,2021-03-05,2362,52412,1474,30939,864,21443,24,30,1808,23794,540,14218,1833,38012,California
Merced,2021-03-06,1181,53593,671,31610,488,21931,22,52,912,24460,268,14486,934,38946,California
Merced,2021-03-07,246,53839,71,31681,143,22074,32,84,211,24668,35,14521,243,39189,California
Merced,2021-03-08,1573,55412,959,32640,547,22621,67,151,1336,25834,236,14757,1402,40591,California
Merced,2021-03-09,1890,57302,1145,33785,637,23258,108,259,1221,26503,660,15417,1329,41920,California
Merced,2021-03-10,2966,60268,1989,35774,777,24035,200,459,1636,27031,1312,16729,1840,43760,California
Merced,2021-03-11,2229,62497,841,36615,1183,25218,205,664,1235,27518,974,17703,1461,45221,California
Merced,2021-03-12,2550,65047,1113,37728,1162,26380,275,939,1656,28573,888,18591,1943,47164,California
Merced,2021-03-13,1032,66079,322,38050,468,26848,242,1181,712,29213,312,18903,952,48116,California
Merced,2021-03-14,268,66347,155,38205,82,26930,31,1212,150,29280,114,19017,181,48297,California
Merced,2021-03-15,1724,68071,672,38877,795,27725,257,1469,1188,30199,525,19542,1444,49741,California
Merced,2021-03-16,1667,69738,880,39757,560,28285,227,1696,1142,31057,512,20054,1370,51111,California
Merced,2021-03-17,2322,72060,1394,41151,747,29032,181,1877,1844,32617,466,20520,2026,53137,California
Merced,2021-03-18,2265,74325,1381,42532,734,29766,150,2027,1408,33349,839,21359,1571,54708,California
Merced,2021-03-19,2807,77132,1584,44116,1028,30794,195,2222,1401,33551,1393,22752,1595,56303,California
Merced,2021-03-20,2471,79603,1533,45649,542,31336,396,2618,970,33428,1493,24245,1370,57673,California
Merced,2021-03-21,570,80173,346,45995,211,31547,13,2631,448,33771,120,24365,463,58136,California
Merced,2021-03-22,1283,81456,641,46636,565,32112,77,2708,894,34364,380,24745,973,59109,California
Merced,2021-03-23,1979,83435,1235,47871,678,32790,66,2774,1374,35210,594,25339,1440,60549,California
Merced,2021-03-24,1729,85164,1170,49041,523,33313,36,2810,1004,35538,712,26051,1040,61589,California
Merced,2021-03-25,3629,88793,2559,51600,1047,34360,23,2833,2123,36205,1482,27533,2149,63738,California
Merced,2021-03-26,2207,91000,1345,52945,825,35185,37,2870,901,35867,1275,28808,937,64675,California
Merced,2021-03-27,3600,94600,1927,54872,1250,36435,423,3293,1568,35843,2016,30824,1992,66667,California
Merced,2021-03-28,526,95126,218,55090,301,36736,7,3300,213,35754,310,31134,221,66888,California
Merced,2021-03-29,1973,97099,903,55993,899,37635,171,3471,681,35329,1279,32413,854,67742,California
Merced,2021-03-30,2295,99394,923,56916,1313,38948,59,3530,1012,35125,1277,33690,1073,68815,California
Merced,2021-03-31,2395,101789,1488,58404,722,39670,185,3715,993,34926,1377,35067,1178,69993,California
Merced,2021-04-01,2607,104396,1063,59467,1186,40856,358,4073,1067,34826,1524,36591,1424,71417,California
Merced,2021-04-02,2484,106880,750,60217,1310,42166,424,4497,800,34402,1638,38229,1214,72631,California
Merced,2021-04-03,1100,107980,609,60826,472,42638,19,4516,668,34668,422,38651,688,73319,California
Merced,2021-04-04,374,108354,143,60969,227,42865,4,4520,141,34582,232,38883,146,73465,California
Merced,2021-04-05,1514,109868,832,61801,469,43334,213,4733,411,34113,1093,39976,624,74089,California
Merced,2021-04-06,2613,112481,1070,62871,713,44047,830,5563,892,34121,1713,41689,1721,75810,California
Merced,2021-04-07,1924,114405,1137,64008,679,44726,108,5671,593,33535,1290,42979,704,76514,California
Merced,2021-04-08,2513,116918,1357,65365,936,45662,220,5891,994,33277,1468,44447,1210,77724,California
Merced,2021-04-09,1715,118633,483,65848,653,46315,579,6470,560,33284,1133,45580,1140,78864,California
Merced,2021-04-10,987,119620,371,66219,428,46743,188,6658,178,32845,803,46383,364,79228,California
Merced,2021-04-11,489,120109,282,66501,72,46815,135,6793,148,32790,339,46722,284,79512,California
Merced,2021-04-12,1529,121638,1000,67501,405,47220,124,6917,871,33168,618,47340,996,80508,California
Merced,2021-04-13,2066,123704,1478,68979,586,47806,2,6919,937,33083,1028,48368,943,81451,California
Merced,2021-04-14,2259,125963,1400,70379,859,48665,0,6919,1050,33061,1073,49441,1051,82502,California
Merced,2021-04-15,3059,129022,1993,72372,1066,49731,0,6919,943,32130,1878,51319,947,83449,California
Merced,2021-04-16,2421,131443,1176,73548,1245,50976,0,6919,964,31745,1349,52668,964,84413,California
Merced,2021-04-17,2158,133601,1484,75032,673,51649,1,6920,664,30927,1486,54154,668,85081,California
Merced,2021-04-18,523,134124,298,75330,225,51874,0,6920,200,30832,295,54449,200,85281,California
Merced,2021-04-19,1378,135502,763,76093,615,52489,0,6920,710,30975,567,55016,710,85991,California
Merced,2021-04-20,1561,137063,797,76890,764,53253,0,6920,813,31113,675,55691,813,86804,California
Merced,2021-04-21,1660,138723,1045,77935,615,53868,0,6920,804,31178,740,56431,805,87609,California
Merced,2021-04-22,1728,140451,796,78731,932,54800,0,6920,788,31121,846,57277,789,88398,California
Merced,2021-04-23,1714,142165,731,79462,983,55783,0,6920,922,31301,743,58020,923,89321,California
Merced,2021-04-24,886,143051,708,80170,178,55961,0,6920,555,31531,325,58345,555,89876,California
Merced,2021-04-25,334,143385,193,80363,141,56102,0,6920,192,31587,137,58482,193,90069,California
Merced,2021-04-26,1294,144679,563,80926,731,56833,0,6920,648,31629,608,59090,650,90719,California
Merced,2021-04-27,1844,146523,940,81866,892,57725,12,6932,745,31358,1028,60118,757,91476,California
Merced,2021-04-28,1445,147968,727,82593,710,58435,8,6940,821,31590,598,60716,830,92306,California
Merced,2021-04-29,1512,149480,684,83277,803,59238,25,6965,717,31549,784,61500,743,93049,California
Merced,2021-04-30,1521,151001,655,83932,822,60060,44,7009,787,31654,727,62227,832,93881,California
Merced,2021-05-01,572,151573,243,84175,325,60385,4,7013,269,31630,296,62523,272,94153,California
Merced,2021-05-02,304,151877,123,84298,166,60551,15,7028,125,31593,178,62701,141,94294,California
Merced,2021-05-03,877,152754,575,84873,228,60779,74,7102,317,31430,556,63257,393,94687,California
Merced,2021-05-04,1083,153837,594,85467,437,61216,52,7154,396,31198,680,63937,448,95135,California
Merced,2021-05-05,1477,155314,967,86434,434,61650,76,7230,647,31106,815,64752,723,95858,California
Merced,2021-05-06,952,156266,508,86942,394,62044,50,7280,316,30844,628,65380,366,96224,California
Merced,2021-05-07,1184,157450,523,87465,619,62663,42,7322,462,30635,717,66097,508,96732,California
Merced,2021-05-08,451,157901,253,87718,162,62825,36,7358,218,30657,232,66329,254,96986,California
Merced,2021-05-09,215,158116,107,87825,101,62926,7,7365,96,30642,118,66447,103,97089,California
Merced,2021-05-10,729,158845,384,88209,308,63234,37,7402,201,30355,525,66972,238,97327,California
Merced,2021-05-11,1205,160050,724,88933,421,63655,60,7462,476,30168,723,67695,536,97863,California
Merced,2021-05-12,1126,161176,646,89579,438,64093,42,7504,387,29863,735,68430,430,98293,California
Merced,2021-05-13,951,162127,540,90119,369,64462,42,7546,426,29812,519,68949,468,98761,California
Merced,2021-05-14,1081,163208,664,90783,377,64839,40,7586,568,29915,506,69455,609,99370,California
Merced,2021-05-15,766,163974,582,91365,165,65004,19,7605,454,30089,301,69756,475,99845,California
Merced,2021-05-16,371,164345,254,91619,108,65112,9,7614,215,30161,153,69909,225,100070,California
Merced,2021-05-17,1109,165454,723,92342,356,65468,30,7644,543,30176,559,70468,574,100644,California
Merced,2021-05-18,1290,166744,862,93204,397,65865,31,7675,711,30347,571,71039,742,101386,California
Merced,2021-05-19,1154,167898,763,93967,384,66249,7,7682,645,30498,505,71544,656,102042,California
Merced,2021-05-20,1066,168964,564,94531,446,66695,56,7738,402,30296,662,72206,460,102502,California
Merced,2021-05-21,1206,170170,698,95229,480,67175,28,7766,489,30110,704,72910,518,103020,California
Merced,2021-05-22,786,170956,567,95796,205,67380,14,7780,472,30288,311,73221,489,103509,California
Merced,2021-05-23,359,171315,260,96056,86,67466,13,7793,236,30415,122,73343,249,103758,California
Merced,2021-05-24,635,171950,273,96329,331,67797,31,7824,233,30285,395,73738,265,104023,California
Merced,2021-05-25,776,172726,435,96764,307,68104,34,7858,391,30329,380,74118,424,104447,California
Merced,2021-05-26,1010,173736,560,97324,417,68521,33,7891,402,30159,606,74724,436,104883,California
Merced,2021-05-27,935,174671,658,97982,240,68761,37,7928,560,30386,371,75095,598,105481,California
Merced,2021-05-28,777,175448,353,98335,378,69139,46,7974,333,30330,435,75530,379,105860,California
Merced,2021-05-29,394,175842,273,98608,113,69252,8,7982,160,30268,231,75761,169,106029,California
Merced,2021-05-30,211,176053,143,98751,57,69309,11,7993,127,30322,84,75845,138,106167,California
Merced,2021-05-31,111,176164,25,98776,80,69389,6,7999,31,30282,78,75923,38,106205,California
Merced,2021-06-01,868,177032,542,99318,292,69681,34,8033,316,30086,546,76469,350,106555,California
Merced,2021-06-02,757,177789,485,99803,245,69926,27,8060,341,30045,409,76878,368,106923,California
Merced,2021-06-03,763,178552,484,100287,245,70171,34,8094,300,29922,457,77335,334,107257,California
Merced,2021-06-04,838,179390,453,100740,363,70534,22,8116,307,29728,524,77859,330,107587,California
Merced,2021-06-05,513,179903,406,101146,95,70629,12,8128,192,29616,316,78175,204,107791,California
Merced,2021-06-06,230,180133,193,101339,31,70660,6,8134,82,29556,148,78323,88,107879,California
Merced,2021-06-07,665,180798,533,101872,119,70779,13,8147,195,29296,470,78793,210,108089,California
Merced,2021-06-08,867,181665,640,102512,203,70982,24,8171,274,29006,588,79381,298,108387,California
Merced,2021-06-09,886,182551,652,103164,219,71201,15,8186,265,28677,610,79991,281,108668,California
Merced,2021-06-10,652,183203,448,103612,181,71382,23,8209,264,28583,381,80372,287,108955,California
Merced,2021-06-11,582,183785,373,103985,192,71574,17,8226,241,28505,338,80710,260,109215,California
Merced,2021-06-12,596,184381,487,104472,85,71659,24,8250,178,28291,416,81126,202,109417,California
Merced,2021-06-13,259,184640,134,104606,118,71777,7,8257,64,28167,195,81321,71,109488,California
Merced,2021-06-14,551,185191,360,104966,157,71934,34,8291,251,28156,297,81618,286,109774,California
Merced,2021-06-15,791,185982,563,105529,201,72135,27,8318,271,27943,512,82130,299,110073,California
Merced,2021-06-16,725,186707,504,106033,199,72334,22,8340,331,27912,384,82514,353,110426,California
Merced,2021-06-17,741,187448,565,106598,145,72479,31,8371,238,27686,495,83009,269,110695,California
Merced,2021-06-18,780,188228,511,107109,237,72716,32,8403,391,27727,382,83391,423,111118,California
Merced,2021-06-19,367,188595,252,107361,88,72804,27,8430,199,27786,166,83557,225,111343,California
Merced,2021-06-20,244,188839,190,107551,46,72850,8,8438,142,27835,101,83658,150,111493,California
Merced,2021-06-21,323,189162,197,107748,114,72964,12,8450,201,27927,121,83779,213,111706,California
Merced,2021-06-22,518,189680,358,108106,139,73103,21,8471,254,27939,264,84043,276,111982,California
Merced,2021-06-23,582,190262,362,108468,209,73312,11,8482,289,27954,285,84328,300,112282,California
Merced,2021-06-24,544,190806,383,108851,129,73441,32,8514,251,27949,288,84616,283,112565,California
Merced,2021-06-25,487,191293,341,109192,122,73563,24,8538,254,28001,226,84842,278,112843,California
Merced,2021-06-26,187,191480,128,109320,52,73615,7,8545,91,28006,94,84936,99,112942,California
Merced,2021-06-27,207,191687,146,109466,40,73655,21,8566,120,28061,86,85022,141,113083,California
Merced,2021-06-28,339,192026,223,109689,99,73754,17,8583,177,28096,159,85181,194,113277,California
Merced,2021-06-29,334,192360,198,109887,114,73868,22,8605,156,28097,177,85358,178,113455,California
Merced,2021-06-30,447,192807,256,110143,170,74038,21,8626,250,28177,191,85549,271,113726,California
Merced,2021-07-01,372,193179,248,110391,111,74149,13,8639,213,28245,159,85708,227,113953,California
Merced,2021-07-02,386,193565,270,110661,102,74251,14,8653,214,28305,169,85877,229,114182,California
Merced,2021-07-03,194,193759,122,110783,60,74311,12,8665,100,28325,92,85969,112,114294,California
Merced,2021-07-04,17,193776,5,110788,11,74322,1,8666,8,28325,9,85978,9,114303,California
Merced,2021-07-05,235,194011,154,110942,77,74399,4,8670,127,28348,108,86086,131,114434,California
Merced,2021-07-06,352,194363,220,111162,116,74515,16,8686,150,28317,197,86283,166,114600,California
Merced,2021-07-07,364,194727,204,111366,148,74663,12,8698,159,28285,203,86486,171,114771,California
Merced,2021-07-08,376,195103,272,111638,103,74766,1,8699,163,28237,213,86699,165,114936,California
Merced,2021-07-09,474,195577,329,111967,123,74889,22,8721,216,28217,257,86956,237,115173,California
Merced,2021-07-10,158,195735,117,112084,35,74924,6,8727,84,28233,74,87030,90,115263,California
Merced,2021-07-11,192,195927,157,112241,32,74956,3,8730,65,28177,124,87154,68,115331,California
Merced,2021-07-12,208,196135,135,112376,65,75021,8,8738,87,28152,121,87275,96,115427,California
Modoc,2020-12-16,1,1,1,1,0,0,0,0,1,1,0,0,1,1,California
Modoc,2020-12-21,99,100,99,100,0,0,0,0,99,100,0,0,99,100,California
Modoc,2020-12-22,14,114,14,114,0,0,0,0,14,114,0,0,14,114,California
Modoc,2020-12-23,4,118,4,118,0,0,0,0,4,118,0,0,4,118,California
Modoc,2020-12-24,1,119,1,119,0,0,0,0,1,119,0,0,1,119,California
Modoc,2020-12-28,2,121,2,121,0,0,0,0,2,121,0,0,2,121,California
Modoc,2020-12-29,10,131,1,122,9,9,0,0,10,131,0,0,10,131,California
Modoc,2020-12-30,7,138,0,122,7,16,0,0,7,138,0,0,7,138,California
Modoc,2021-01-02,3,141,1,123,2,18,0,0,3,141,0,0,3,141,California
Modoc,2021-01-04,8,149,0,123,8,26,0,0,8,149,0,0,8,149,California
Modoc,2021-01-05,3,152,2,125,1,27,0,0,3,152,0,0,3,152,California
Modoc,2021-01-06,3,155,2,127,1,28,0,0,2,153,1,1,2,154,California
Modoc,2021-01-07,72,227,0,127,72,100,0,0,72,225,0,1,72,226,California
Modoc,2021-01-08,105,332,0,127,105,205,0,0,105,330,0,1,105,331,California
Modoc,2021-01-10,1,333,1,128,0,205,0,0,0,329,1,2,0,331,California
Modoc,2021-01-11,90,423,81,209,9,214,0,0,19,277,71,73,19,350,California
Modoc,2021-01-12,94,517,25,234,69,283,0,0,68,319,26,99,68,418,California
Modoc,2021-01-13,24,541,4,238,20,303,0,0,22,339,2,101,22,440,California
Modoc,2021-01-14,128,669,6,244,122,425,0,0,123,457,5,106,123,563,California
Modoc,2021-01-15,6,675,1,245,5,430,0,0,6,463,0,106,6,569,California
Modoc,2021-01-16,2,677,1,246,1,431,0,0,2,465,0,106,2,571,California
Modoc,2021-01-18,3,680,1,247,2,433,0,0,3,468,0,106,3,574,California
Modoc,2021-01-19,6,686,3,250,3,436,0,0,4,470,2,108,4,578,California
Modoc,2021-01-20,11,697,1,251,10,446,0,0,11,481,0,108,11,589,California
Modoc,2021-01-21,157,854,2,253,155,601,0,0,157,638,0,108,157,746,California
Modoc,2021-01-22,2,856,0,253,2,603,0,0,2,640,0,108,2,748,California
Modoc,2021-01-25,11,867,0,253,11,614,0,0,11,651,0,108,11,759,California
Modoc,2021-01-26,65,932,1,254,64,678,0,0,65,716,0,108,65,824,California
Modoc,2021-01-27,43,975,3,257,40,718,0,0,27,727,16,124,27,851,California
Modoc,2021-01-28,146,1121,2,259,144,862,0,0,145,871,1,125,145,996,California
Modoc,2021-01-29,3,1124,1,260,2,864,0,0,3,874,0,125,3,999,California
Modoc,2021-02-01,26,1150,13,273,13,877,0,0,12,872,14,139,12,1011,California
Modoc,2021-02-02,170,1320,2,275,168,1045,0,0,167,1036,3,142,167,1178,California
Modoc,2021-02-03,18,1338,13,288,5,1050,0,0,11,1040,7,149,11,1189,California
Modoc,2021-02-04,155,1493,4,292,151,1201,0,0,27,939,128,277,27,1216,California
Modoc,2021-02-05,2,1495,2,294,0,1201,0,0,1,939,1,278,1,1217,California
Modoc,2021-02-08,9,1504,2,296,7,1208,0,0,8,946,1,279,8,1225,California
Modoc,2021-02-09,197,1701,13,309,184,1392,0,0,65,879,132,411,65,1290,California
Modoc,2021-02-10,5,1706,2,311,3,1395,0,0,4,882,1,412,4,1294,California
Modoc,2021-02-11,202,1908,3,314,199,1594,0,0,85,850,117,529,85,1379,California
Modoc,2021-02-12,4,1912,0,314,4,1598,0,0,2,850,2,531,2,1381,California
Modoc,2021-02-13,2,1914,0,314,2,1600,0,0,1,850,1,532,1,1382,California
Modoc,2021-02-16,147,2061,6,320,141,1741,0,0,140,983,7,539,140,1522,California
Modoc,2021-02-17,24,2085,2,322,22,1763,0,0,11,981,13,552,11,1533,California
Modoc,2021-02-18,187,2272,2,324,185,1948,0,0,23,843,163,715,25,1558,California
Modoc,2021-02-19,3,2275,3,327,0,1948,0,0,2,844,1,716,2,1560,California
Modoc,2021-02-20,1,2276,1,328,0,1948,0,0,0,843,1,717,0,1560,California
Modoc,2021-02-22,19,2295,9,337,10,1958,0,0,3,830,16,733,3,1563,California
Modoc,2021-02-23,20,2315,2,339,18,1976,0,0,1,812,19,752,1,1564,California
Modoc,2021-02-24,91,2406,1,340,90,2066,0,0,31,783,60,812,31,1595,California
Modoc,2021-02-25,169,2575,0,340,169,2235,0,0,12,638,157,969,12,1607,California
Modoc,2021-02-26,3,2578,0,340,3,2238,0,0,1,637,2,971,1,1608,California
Modoc,2021-02-27,4,2582,4,344,0,2238,0,0,2,637,2,973,2,1610,California
Modoc,2021-03-01,6,2588,0,344,6,2244,0,0,1,634,4,977,1,1611,California
Modoc,2021-03-02,193,2781,12,356,181,2425,0,0,26,493,167,1144,26,1637,California
Modoc,2021-03-03,12,2793,6,362,6,2431,0,0,2,485,10,1154,2,1639,California
Modoc,2021-03-04,174,2967,2,364,172,2603,0,0,147,605,27,1181,147,1786,California
Modoc,2021-03-05,3,2970,3,367,0,2603,0,0,2,606,1,1182,2,1788,California
Modoc,2021-03-06,11,2981,0,367,1,2604,10,10,1,607,10,1192,11,1799,California
Modoc,2021-03-07,8,2989,2,369,0,2604,6,16,2,609,6,1198,8,1807,California
Modoc,2021-03-08,8,2997,1,370,3,2607,4,20,1,608,6,1204,5,1812,California
Modoc,2021-03-09,127,3124,10,380,108,2715,9,29,61,612,66,1270,70,1882,California
Modoc,2021-03-10,9,3133,3,383,2,2717,4,33,4,615,5,1275,8,1890,California
Modoc,2021-03-11,207,3340,0,383,99,2816,108,141,22,560,185,1460,130,2020,California
Modoc,2021-03-12,10,3350,1,384,4,2820,5,146,4,563,6,1466,9,2029,California
Modoc,2021-03-13,6,3356,0,384,3,2823,3,149,1,562,5,1471,4,2033,California
Modoc,2021-03-15,11,3367,1,385,9,2832,1,150,10,572,1,1472,11,2044,California
Modoc,2021-03-16,174,3541,2,387,168,3000,4,154,42,485,132,1604,45,2089,California
Modoc,2021-03-17,10,3551,1,388,4,3004,5,159,2,484,8,1612,7,2096,California
Modoc,2021-03-18,66,3617,2,390,57,3061,7,166,34,493,32,1644,41,2137,California
Modoc,2021-03-19,5,3622,0,390,0,3061,5,171,0,493,5,1649,5,2142,California
Modoc,2021-03-20,5,3627,2,392,0,3061,3,174,0,491,5,1654,3,2145,California
Modoc,2021-03-21,3,3630,1,393,0,3061,2,176,1,492,2,1656,3,2148,California
Modoc,2021-03-22,17,3647,1,394,11,3072,5,181,12,504,5,1661,17,2165,California
Modoc,2021-03-23,37,3684,7,401,27,3099,3,184,28,526,9,1670,31,2196,California
Modoc,2021-03-24,29,3713,1,402,18,3117,10,194,1,509,28,1698,11,2207,California
Modoc,2021-03-25,76,3789,1,403,73,3190,2,196,44,523,32,1730,46,2253,California
Modoc,2021-03-26,7,3796,2,405,2,3192,3,199,2,523,5,1735,5,2258,California
Modoc,2021-03-27,2,3798,0,405,1,3193,1,200,1,524,1,1736,2,2260,California
Modoc,2021-03-28,2,3800,1,406,0,3193,1,201,0,523,2,1738,1,2261,California
Modoc,2021-03-29,14,3814,1,407,5,3198,8,209,5,527,9,1747,13,2274,California
Modoc,2021-03-30,54,3868,9,416,38,3236,7,216,20,520,34,1781,27,2301,California
Modoc,2021-03-31,10,3878,3,419,3,3239,4,220,4,522,6,1787,8,2309,California
Modoc,2021-04-01,167,4045,2,421,160,3399,5,225,32,424,135,1922,37,2346,California
Modoc,2021-04-02,5,4050,0,421,2,3401,3,228,1,425,3,1925,4,2350,California
Modoc,2021-04-03,5,4055,2,423,0,3401,3,231,2,427,2,1927,4,2354,California
Modoc,2021-04-05,9,4064,0,423,9,3410,0,231,9,436,0,1927,9,2363,California
Modoc,2021-04-06,24,4088,5,428,9,3419,10,241,6,434,18,1945,16,2379,California
Modoc,2021-04-07,12,4100,1,429,4,3423,7,248,3,435,9,1954,10,2389,California
Modoc,2021-04-08,95,4195,1,430,92,3515,2,250,26,394,69,2023,28,2417,California
Modoc,2021-04-09,11,4206,2,432,6,3521,3,253,2,389,9,2032,4,2421,California
Modoc,2021-04-10,5,4211,0,432,1,3522,4,257,0,388,5,2037,4,2425,California
Modoc,2021-04-11,2,4213,2,434,0,3522,0,257,1,388,1,2038,1,2426,California
Modoc,2021-04-12,13,4226,0,434,9,3531,4,261,1,382,11,2049,5,2431,California
Modoc,2021-04-13,30,4256,29,463,1,3532,0,261,21,394,9,2058,21,2452,California
Modoc,2021-04-14,2,4258,2,465,0,3532,0,261,1,394,1,2059,1,2453,California
Modoc,2021-04-15,100,4358,0,465,100,3632,0,261,27,349,72,2131,27,2480,California
Modoc,2021-04-16,4,4362,4,469,0,3632,0,261,3,351,1,2132,3,2483,California
Modoc,2021-04-17,2,4364,2,471,0,3632,0,261,2,353,0,2132,2,2485,California
Modoc,2021-04-18,1,4365,0,471,1,3633,0,261,1,354,0,2132,1,2486,California
Modoc,2021-04-19,7,4372,0,471,7,3640,0,261,2,351,5,2137,2,2488,California
Modoc,2021-04-20,26,4398,2,473,24,3664,0,261,8,341,18,2155,8,2496,California
Modoc,2021-04-21,3,4401,3,476,0,3664,0,261,1,340,2,2157,1,2497,California
Modoc,2021-04-22,94,4495,1,477,93,3757,0,261,38,322,56,2213,38,2535,California
Modoc,2021-04-23,4,4499,0,477,4,3761,0,261,3,324,1,2214,3,2538,California
Modoc,2021-04-24,2,4501,0,477,1,3762,1,262,1,325,1,2215,2,2540,California
Modoc,2021-04-25,1,4502,1,478,0,3762,0,262,1,326,0,2215,1,2541,California
Modoc,2021-04-26,7,4509,0,478,7,3769,0,262,2,323,5,2220,2,2543,California
Modoc,2021-04-27,5,4514,4,482,0,3769,1,263,0,319,5,2225,1,2544,California
Modoc,2021-04-28,7,4521,1,483,5,3774,1,264,2,317,5,2230,3,2547,California
Modoc,2021-04-29,63,4584,2,485,61,3835,0,264,22,298,41,2271,22,2569,California
Modoc,2021-04-30,4,4588,3,488,1,3836,0,264,2,298,2,2273,2,2571,California
Modoc,2021-05-01,1,4589,1,489,0,3836,0,264,0,297,1,2274,0,2571,California
Modoc,2021-05-02,3,4592,3,492,0,3836,0,264,2,298,1,2275,2,2573,California
Modoc,2021-05-03,12,4604,0,492,11,3847,1,265,2,291,10,2285,3,2576,California
Modoc,2021-05-04,11,4615,3,495,6,3853,2,267,5,292,6,2291,7,2583,California
Modoc,2021-05-05,27,4642,24,519,2,3855,1,268,8,282,19,2310,9,2592,California
Modoc,2021-05-06,54,4696,3,522,49,3904,2,270,21,272,33,2343,23,2615,California
Modoc,2021-05-07,8,4704,3,525,3,3907,2,272,2,270,6,2349,4,2619,California
Modoc,2021-05-08,3,4707,2,527,0,3907,1,273,1,270,2,2351,2,2621,California
Modoc,2021-05-09,1,4708,1,528,0,3907,0,273,0,269,1,2352,0,2621,California
Modoc,2021-05-10,2,4710,0,528,1,3908,1,274,1,270,1,2353,2,2623,California
Modoc,2021-05-11,3,4713,2,530,0,3908,1,275,0,268,3,2356,1,2624,California
Modoc,2021-05-12,2,4715,0,530,0,3908,2,277,0,268,2,2358,2,2626,California
Modoc,2021-05-13,42,4757,0,530,38,3946,4,281,14,258,28,2386,18,2644,California
Modoc,2021-05-14,8,4765,3,533,0,3946,5,286,3,261,5,2391,8,2652,California
Modoc,2021-05-15,4,4769,3,536,1,3947,0,286,4,265,0,2391,4,2656,California
Modoc,2021-05-16,2,4771,1,537,1,3948,0,286,0,263,2,2393,0,2656,California
Modoc,2021-05-17,5,4776,3,540,2,3950,0,286,4,266,1,2394,4,2660,California
Modoc,2021-05-18,23,4799,12,552,9,3959,2,288,14,273,9,2403,16,2676,California
Modoc,2021-05-19,8,4807,1,553,3,3962,4,292,4,277,4,2407,8,2684,California
Modoc,2021-05-20,59,4866,3,556,47,4009,9,301,8,243,51,2458,17,2701,California
Modoc,2021-05-21,6,4872,4,560,1,4010,1,302,1,240,5,2463,2,2703,California
Modoc,2021-05-22,3,4875,2,562,1,4011,0,302,2,241,1,2464,2,2705,California
Modoc,2021-05-23,2,4877,2,564,0,4011,0,302,0,239,2,2466,0,2705,California
Modoc,2021-05-24,4,4881,1,565,1,4012,2,304,2,241,2,2468,4,2709,California
Modoc,2021-05-25,2,4883,1,566,1,4013,0,304,1,241,1,2469,1,2710,California
Modoc,2021-05-26,36,4919,33,599,3,4016,0,304,27,259,9,2478,27,2737,California
Modoc,2021-05-27,28,4947,1,600,22,4038,5,309,6,248,22,2500,11,2748,California
Modoc,2021-05-28,8,4955,1,601,4,4042,3,312,3,249,5,2505,6,2754,California
Modoc,2021-05-29,1,4956,1,602,0,4042,0,312,0,248,1,2506,0,2754,California
Modoc,2021-05-31,1,4957,0,602,0,4042,1,313,0,248,0,2506,0,2754,California
Modoc,2021-06-01,6,4963,0,602,5,4047,1,314,2,247,4,2510,3,2757,California
Modoc,2021-06-02,7,4970,0,602,5,4052,2,316,3,248,4,2514,5,2762,California
Modoc,2021-06-03,25,4995,1,603,22,4074,2,318,4,233,21,2535,6,2768,California
Modoc,2021-06-04,5,5000,3,606,1,4075,1,319,0,229,5,2540,1,2769,California
Modoc,2021-06-05,1,5001,0,606,1,4076,0,319,0,228,1,2541,0,2769,California
Modoc,2021-06-07,4,5005,4,610,0,4076,0,319,1,226,3,2544,1,2770,California
Modoc,2021-06-08,29,5034,10,620,18,4094,1,320,18,234,11,2555,19,2789,California
Modoc,2021-06-09,3,5037,2,622,1,4095,0,320,2,235,1,2556,2,2791,California
Modoc,2021-06-10,21,5058,1,623,19,4114,1,321,7,229,14,2570,8,2799,California
Modoc,2021-06-11,4,5062,2,625,1,4115,1,322,2,230,2,2572,3,2802,California
Modoc,2021-06-12,1,5063,1,626,0,4115,0,322,0,229,1,2573,0,2802,California
Modoc,2021-06-14,4,5067,0,626,2,4117,2,324,0,227,4,2577,2,2804,California
Modoc,2021-06-15,7,5074,1,627,4,4121,2,326,4,230,3,2580,6,2810,California
Modoc,2021-06-16,41,5115,25,652,11,4132,5,331,22,240,19,2599,29,2839,California
Modoc,2021-06-17,46,5161,20,672,25,4157,1,332,27,249,19,2618,28,2867,California
Modoc,2021-06-18,5,5166,0,672,3,4160,2,334,3,252,2,2620,5,2872,California
Modoc,2021-06-19,3,5169,0,672,1,4161,2,336,1,253,2,2622,3,2875,California
Modoc,2021-06-21,1,5170,0,672,1,4162,0,336,1,254,0,2622,1,2876,California
Modoc,2021-06-22,11,5181,4,676,7,4169,0,336,9,261,2,2624,9,2885,California
Modoc,2021-06-23,6,5187,0,676,3,4172,3,339,1,260,5,2629,4,2889,California
Modoc,2021-06-24,33,5220,14,690,15,4187,4,343,22,275,11,2640,26,2915,California
Modoc,2021-06-25,7,5227,0,690,5,4192,2,345,2,274,5,2645,4,2919,California
Modoc,2021-06-28,4,5231,1,691,3,4195,0,345,3,276,1,2646,3,2922,California
Modoc,2021-06-29,8,5239,1,692,6,4201,1,346,5,279,3,2649,6,2928,California
Modoc,2021-06-30,8,5247,1,693,7,4208,0,346,5,281,3,2652,5,2933,California
Modoc,2021-07-01,23,5270,11,704,1,4209,11,357,9,287,14,2666,20,2953,California
Modoc,2021-07-02,2,5272,2,706,0,4209,0,357,0,285,2,2668,0,2953,California
Modoc,2021-07-03,3,5275,0,706,3,4212,0,357,3,288,0,2668,3,2956,California
Modoc,2021-07-06,12,5287,5,711,7,4219,0,357,7,290,5,2673,7,2963,California
Modoc,2021-07-07,6,5293,1,712,4,4223,1,358,3,291,3,2676,4,2967,California
Modoc,2021-07-08,71,5364,35,747,31,4254,5,363,18,261,53,2729,23,2990,California
Modoc,2021-07-09,2,5366,1,748,0,4254,1,364,1,262,1,2730,2,2992,California
Modoc,2021-07-10,1,5367,0,748,1,4255,0,364,1,263,0,2730,1,2993,California
Modoc,2021-07-11,1,5368,0,748,1,4256,0,364,1,264,0,2730,1,2994,California
Mono,2020-12-18,1,1,1,1,0,0,0,0,1,1,0,0,1,1,California
Mono,2020-12-19,5,6,5,6,0,0,0,0,5,6,0,0,5,6,California
Mono,2020-12-20,7,13,7,13,0,0,0,0,7,13,0,0,7,13,California
Mono,2020-12-21,24,37,17,30,7,7,0,0,24,37,0,0,24,37,California
Mono,2020-12-22,67,104,65,95,2,9,0,0,67,104,0,0,67,104,California
Mono,2020-12-23,70,174,43,138,27,36,0,0,70,174,0,0,70,174,California
Mono,2020-12-24,3,177,1,139,2,38,0,0,3,177,0,0,3,177,California
Mono,2020-12-26,3,180,3,142,0,38,0,0,3,180,0,0,3,180,California
Mono,2020-12-27,1,181,0,142,1,39,0,0,1,181,0,0,1,181,California
Mono,2020-12-28,94,275,63,205,31,70,0,0,94,275,0,0,94,275,California
Mono,2020-12-29,29,304,29,234,0,70,0,0,29,304,0,0,29,304,California
Mono,2020-12-30,77,381,36,270,41,111,0,0,77,381,0,0,77,381,California
Mono,2020-12-31,4,385,1,271,3,114,0,0,4,385,0,0,4,385,California
Mono,2021-01-01,4,389,4,275,0,114,0,0,4,389,0,0,4,389,California
Mono,2021-01-02,2,391,2,277,0,114,0,0,2,391,0,0,2,391,California
Mono,2021-01-04,2,393,0,277,2,116,0,0,2,393,0,0,2,393,California
Mono,2021-01-05,45,438,2,279,43,159,0,0,44,436,1,1,44,437,California
Mono,2021-01-06,44,482,0,279,44,203,0,0,44,480,0,1,44,481,California
Mono,2021-01-07,55,537,3,282,52,255,0,0,53,532,2,3,54,535,California
Mono,2021-01-08,2,539,1,283,1,256,0,0,1,532,1,4,1,536,California
Mono,2021-01-09,4,543,4,287,0,256,0,0,0,528,4,8,0,536,California
Mono,2021-01-10,5,548,5,292,0,256,0,0,0,523,5,13,0,536,California
Mono,2021-01-11,8,556,5,297,3,259,0,0,4,523,4,17,4,540,California
Mono,2021-01-12,283,839,75,372,208,467,0,0,219,679,63,80,219,759,California
Mono,2021-01-13,234,1073,73,445,161,628,0,0,179,803,55,135,179,938,California
Mono,2021-01-14,74,1147,72,517,2,630,0,0,73,875,1,136,73,1011,California
Mono,2021-01-15,65,1212,3,520,62,692,0,0,65,940,0,136,65,1076,California
Mono,2021-01-16,3,1215,3,523,0,692,0,0,0,937,3,139,0,1076,California
Mono,2021-01-18,64,1279,55,578,9,701,0,0,2,877,62,201,2,1078,California
Mono,2021-01-19,209,1488,206,784,3,704,0,0,171,1011,38,239,172,1250,California
Mono,2021-01-20,234,1722,200,984,34,738,0,0,172,1121,62,301,172,1422,California
Mono,2021-01-21,4,1726,4,988,0,738,0,0,4,1125,0,301,4,1426,California
Mono,2021-01-22,4,1730,0,988,4,742,0,0,4,1129,0,301,4,1430,California
Mono,2021-01-23,588,2318,588,1576,0,742,0,0,587,1715,1,302,587,2017,California
Mono,2021-01-24,1,2319,0,1576,1,743,0,0,0,1714,1,303,0,2017,California
Mono,2021-01-25,200,2519,162,1738,38,781,0,0,161,1836,39,342,161,2178,California
Mono,2021-01-26,500,3019,498,2236,2,783,0,0,494,2324,6,348,494,2672,California
Mono,2021-01-27,4,3023,0,2236,4,787,0,0,4,2328,0,348,4,2676,California
Mono,2021-01-28,6,3029,2,2238,4,791,0,0,2,2326,4,352,2,2678,California
Mono,2021-01-30,196,3225,194,2432,2,793,0,0,195,2520,1,353,195,2873,California
Mono,2021-01-31,241,3466,136,2568,105,898,0,0,137,2553,104,457,137,3010,California
Mono,2021-02-01,27,3493,27,2595,0,898,0,0,0,2526,27,484,0,3010,California
Mono,2021-02-02,5,3498,0,2595,5,903,0,0,2,2525,3,487,2,3012,California
Mono,2021-02-03,4,3502,2,2597,2,905,0,0,2,2525,2,489,2,3014,California
Mono,2021-02-04,214,3716,159,2756,55,960,0,0,91,2495,121,610,91,3105,California
Mono,2021-02-05,609,4325,603,3359,6,966,0,0,606,3098,3,613,606,3711,California
Mono,2021-02-06,134,4459,133,3492,1,967,0,0,133,3230,1,614,133,3844,California
Mono,2021-02-07,2,4461,0,3492,2,969,0,0,2,3232,0,614,2,3846,California
Mono,2021-02-08,170,4631,170,3662,0,969,0,0,15,3093,154,768,15,3861,California
Mono,2021-02-09,231,4862,6,3668,225,1194,0,0,14,2890,217,985,14,3875,California
Mono,2021-02-10,540,5402,187,3855,353,1547,0,0,198,2747,342,1327,199,4074,California
Mono,2021-02-11,8,5410,5,3860,3,1550,0,0,3,2745,5,1332,3,4077,California
Mono,2021-02-12,89,5499,21,3881,68,1618,0,0,27,2710,62,1394,27,4104,California
Mono,2021-02-13,585,6084,583,4464,2,1620,0,0,26,2178,558,1952,26,4130,California
Mono,2021-02-15,167,6251,165,4629,2,1622,0,0,2,2017,163,2115,2,4132,California
Mono,2021-02-16,519,6770,515,5144,4,1626,0,0,44,1590,472,2587,45,4177,California
Mono,2021-02-17,6,6776,1,5145,5,1631,0,0,2,1588,4,2591,2,4179,California
Mono,2021-02-18,4,6780,2,5147,2,1633,0,0,3,1590,1,2592,3,4182,California
Mono,2021-02-19,56,6836,55,5202,1,1634,0,0,56,1646,0,2592,56,4238,California
Mono,2021-02-20,4,6840,4,5206,0,1634,0,0,4,1650,0,2592,4,4242,California
Mono,2021-02-21,6,6846,6,5212,0,1634,0,0,4,1652,2,2594,4,4246,California
Mono,2021-02-22,299,7145,298,5510,1,1635,0,0,27,1408,271,2865,27,4273,California
Mono,2021-02-23,152,7297,131,5641,21,1656,0,0,24,1304,128,2993,24,4297,California
Mono,2021-02-24,11,7308,3,5644,8,1664,0,0,4,1301,7,3000,4,4301,California
Mono,2021-02-25,5,7313,2,5646,3,1667,0,0,3,1303,1,3001,3,4304,California
Mono,2021-02-26,596,7909,594,6240,2,1669,0,0,21,750,574,3575,21,4325,California
Mono,2021-02-27,139,8048,135,6375,4,1673,0,0,5,623,132,3707,5,4330,California
Mono,2021-02-28,1,8049,0,6375,0,1673,1,1,0,623,1,3708,1,4331,California
Mono,2021-03-01,3,8052,2,6377,1,1674,0,1,2,625,0,3708,2,4333,California
Mono,2021-03-02,6,8058,4,6381,2,1676,0,1,4,627,2,3710,4,4337,California
Mono,2021-03-03,113,8171,3,6384,110,1786,0,1,109,733,3,3713,109,4446,California
Mono,2021-03-04,6,8177,2,6386,4,1790,0,1,3,733,3,3716,3,4449,California
Mono,2021-03-05,37,8214,28,6414,9,1799,0,1,13,722,24,3740,13,4462,California
Mono,2021-03-06,505,8719,18,6432,487,2286,0,1,496,1212,7,3747,497,4959,California
Mono,2021-03-07,1,8720,0,6432,1,2287,0,1,0,1211,1,3748,0,4959,California
Mono,2021-03-08,527,9247,11,6443,513,2800,3,4,517,1721,10,3758,520,5479,California
Mono,2021-03-09,7,9254,3,6446,3,2803,1,5,3,1722,3,3761,4,5483,California
Mono,2021-03-10,287,9541,91,6537,193,2996,3,8,8,1457,276,4037,11,5494,California
Mono,2021-03-11,10,9551,0,6537,1,2997,9,17,0,1456,10,4047,9,5503,California
Mono,2021-03-12,6,9557,1,6538,1,2998,4,21,0,1454,6,4053,4,5507,California
Mono,2021-03-13,818,10375,381,6919,437,3435,0,21,808,2252,10,4063,808,6315,California
Mono,2021-03-14,5,10380,5,6924,0,3435,0,21,1,2249,4,4067,1,6316,California
Mono,2021-03-15,31,10411,23,6947,3,3438,5,26,14,2252,16,4083,19,6335,California
Mono,2021-03-16,17,10428,7,6954,4,3442,6,32,8,2257,9,4092,14,6349,California
Mono,2021-03-17,35,10463,6,6960,21,3463,8,40,22,2274,13,4105,30,6379,California
Mono,2021-03-18,21,10484,2,6962,11,3474,8,48,8,2277,13,4118,16,6395,California
Mono,2021-03-19,21,10505,1,6963,17,3491,3,51,17,2294,3,4121,20,6415,California
Mono,2021-03-20,5,10510,3,6966,1,3492,1,52,4,2298,1,4122,5,6420,California
Mono,2021-03-21,1,10511,1,6967,0,3492,0,52,1,2299,0,4122,1,6421,California
Mono,2021-03-22,11,10522,0,6967,6,3498,5,57,5,2303,6,4128,10,6431,California
Mono,2021-03-23,43,10565,6,6973,32,3530,5,62,17,2300,25,4153,22,6453,California
Mono,2021-03-24,14,10579,1,6974,8,3538,5,67,5,2302,9,4162,11,6464,California
Mono,2021-03-25,19,10598,3,6977,12,3550,4,71,12,2311,7,4169,16,6480,California
Mono,2021-03-26,19,10617,3,6980,11,3561,5,76,10,2318,8,4177,15,6495,California
Mono,2021-03-27,353,10970,350,7330,3,3564,0,76,325,2615,28,4205,325,6820,California
Mono,2021-03-29,10,10980,3,7333,6,3570,1,77,8,2622,2,4207,9,6829,California
Mono,2021-03-30,12,10992,0,7333,8,3578,4,81,7,2628,5,4212,11,6840,California
Mono,2021-03-31,134,11126,7,7340,126,3704,1,82,23,2542,110,4322,24,6864,California
Mono,2021-04-01,9,11135,0,7340,8,3712,1,83,4,2542,5,4327,5,6869,California
Mono,2021-04-02,19,11154,2,7342,17,3729,0,83,8,2539,11,4338,8,6877,California
Mono,2021-04-03,857,12011,369,7711,488,4217,0,83,48,1781,806,5144,48,6925,California
Mono,2021-04-04,1,12012,1,7712,0,4217,0,83,0,1780,1,5145,0,6925,California
Mono,2021-04-05,527,12539,18,7730,508,4725,1,84,35,1325,491,5636,36,6961,California
Mono,2021-04-06,19,12558,1,7731,5,4730,13,97,1,1321,18,5654,14,6975,California
Mono,2021-04-07,23,12581,2,7733,2,4732,19,116,2,1321,21,5675,21,6996,California
Mono,2021-04-08,26,12607,4,7737,3,4735,19,135,6,1326,20,5695,25,7021,California
Mono,2021-04-09,39,12646,4,7741,6,4741,29,164,9,1334,30,5725,38,7059,California
Mono,2021-04-10,451,13097,2,7743,442,5183,7,171,30,950,421,6146,37,7096,California
Mono,2021-04-11,1,13098,1,7744,0,5183,0,171,0,949,1,6147,0,7096,California
Mono,2021-04-12,6,13104,0,7744,3,5186,3,174,3,952,3,6150,6,7102,California
Mono,2021-04-13,19,13123,2,7746,16,5202,1,175,13,960,6,6156,14,7116,California
Mono,2021-04-14,28,13151,2,7748,26,5228,0,175,9,950,19,6175,9,7125,California
Mono,2021-04-15,18,13169,4,7752,14,5242,0,175,10,952,8,6183,10,7135,California
Mono,2021-04-16,18,13187,1,7753,17,5259,0,175,7,948,11,6194,7,7142,California
Mono,2021-04-17,52,13239,2,7755,50,5309,0,175,45,986,7,6201,45,7187,California
Mono,2021-04-18,1,13240,0,7755,1,5310,0,175,1,987,0,6201,1,7188,California
Mono,2021-04-19,536,13776,327,8082,209,5519,0,175,202,858,331,6532,202,7390,California
Mono,2021-04-20,15,13791,2,8084,13,5532,0,175,10,863,5,6537,10,7400,California
Mono,2021-04-21,7,13798,0,8084,7,5539,0,175,2,860,5,6542,2,7402,California
Mono,2021-04-22,25,13823,11,8095,14,5553,0,175,11,857,14,6556,11,7413,California
Mono,2021-04-23,22,13845,2,8097,20,5573,0,175,12,859,10,6566,12,7425,California
Mono,2021-04-24,35,13880,21,8118,14,5587,0,175,20,864,15,6581,20,7445,California
Mono,2021-04-25,3,13883,2,8120,1,5588,0,175,3,867,0,6581,3,7448,California
Mono,2021-04-26,12,13895,2,8122,10,5598,0,175,3,861,9,6590,3,7451,California
Mono,2021-04-27,66,13961,41,8163,18,5616,7,182,50,902,16,6606,57,7508,California
Mono,2021-04-28,61,14022,40,8203,17,5633,4,186,47,941,12,6618,51,7559,California
Mono,2021-04-29,10,14032,3,8206,4,5637,3,189,3,940,7,6625,6,7565,California
Mono,2021-04-30,19,14051,3,8209,12,5649,4,193,8,941,11,6636,12,7577,California
Mono,2021-05-01,109,14160,5,8214,104,5753,0,193,96,1025,12,6648,96,7673,California
Mono,2021-05-03,2,14162,1,8215,1,5754,0,193,1,1025,1,6649,1,7674,California
Mono,2021-05-04,19,14181,0,8215,13,5767,6,199,10,1032,9,6658,16,7690,California
Mono,2021-05-05,52,14233,8,8223,40,5807,4,203,45,1074,7,6665,49,7739,California
Mono,2021-05-06,16,14249,4,8227,11,5818,1,204,10,1079,6,6671,11,7750,California
Mono,2021-05-07,30,14279,22,8249,8,5826,0,204,25,1099,5,6676,25,7775,California
Mono,2021-05-08,53,14332,7,8256,46,5872,0,204,24,1094,29,6705,24,7799,California
Mono,2021-05-09,1,14333,1,8257,0,5872,0,204,0,1094,0,6705,0,7799,California
Mono,2021-05-10,18,14351,1,8258,13,5885,4,208,9,1098,9,6714,13,7812,California
Mono,2021-05-11,15,14366,2,8260,10,5895,3,211,5,1096,10,6724,8,7820,California
Mono,2021-05-12,12,14378,0,8260,11,5906,1,212,4,1093,8,6732,5,7825,California
Mono,2021-05-13,48,14426,31,8291,16,5922,1,213,38,1122,10,6742,39,7864,California
Mono,2021-05-14,11,14437,1,8292,9,5931,1,214,6,1124,5,6747,7,7871,California
Mono,2021-05-15,65,14502,24,8316,35,5966,6,220,19,1103,46,6793,25,7896,California
Mono,2021-05-16,6,14508,4,8320,1,5967,1,221,2,1102,4,6797,3,7899,California
Mono,2021-05-17,250,14758,34,8354,209,6176,7,228,54,969,195,6992,62,7961,California
Mono,2021-05-18,134,14892,110,8464,23,6199,1,229,87,1011,47,7039,89,8050,California
Mono,2021-05-19,119,15011,112,8576,2,6201,5,234,75,1047,44,7083,80,8130,California
Mono,2021-05-20,71,15082,56,8632,10,6211,5,239,54,1089,17,7100,59,8189,California
Mono,2021-05-21,23,15105,4,8636,16,6227,3,242,10,1089,13,7113,13,8202,California
Mono,2021-05-22,22,15127,12,8648,8,6235,2,244,16,1101,6,7119,18,8220,California
Mono,2021-05-23,2,15129,0,8648,2,6237,0,244,1,1101,1,7120,1,8221,California
Mono,2021-05-24,15,15144,1,8649,13,6250,1,245,9,1106,6,7126,11,8232,California
Mono,2021-05-25,14,15158,5,8654,9,6259,0,245,8,1108,6,7132,8,8240,California
Mono,2021-05-26,18,15176,2,8656,15,6274,1,246,7,1105,11,7143,8,8248,California
Mono,2021-05-27,8,15184,0,8656,8,6282,0,246,5,1108,2,7145,5,8253,California
Mono,2021-05-28,42,15226,28,8684,14,6296,0,246,11,1088,31,7176,11,8264,California
Mono,2021-05-29,128,15354,26,8710,99,6395,3,249,32,1027,96,7272,35,8299,California
Mono,2021-06-01,16,15370,7,8717,9,6404,0,249,9,1029,7,7279,9,8308,California
Mono,2021-06-02,47,15417,4,8721,43,6447,0,249,10,1002,37,7316,10,8318,California
Mono,2021-06-03,11,15428,1,8722,7,6454,3,252,1,996,10,7326,4,8322,California
Mono,2021-06-04,12,15440,1,8723,10,6464,1,253,3,991,9,7335,4,8326,California
Mono,2021-06-05,44,15484,23,8746,21,6485,0,253,5,957,39,7374,5,8331,California
Mono,2021-06-06,1,15485,0,8746,1,6486,0,253,0,956,1,7375,0,8331,California
Mono,2021-06-07,98,15583,86,8832,8,6494,4,257,11,884,87,7462,15,8346,California
Mono,2021-06-08,113,15696,103,8935,8,6502,2,259,12,797,101,7563,14,8360,California
Mono,2021-06-09,6,15702,1,8936,5,6507,0,259,1,793,5,7568,1,8361,California
Mono,2021-06-10,6,15708,0,8936,4,6511,2,261,2,793,4,7572,4,8365,California
Mono,2021-06-11,74,15782,62,8998,7,6518,5,266,6,736,68,7640,11,8376,California
Mono,2021-06-12,1,15783,1,8999,0,6518,0,266,0,735,1,7641,0,8376,California
Mono,2021-06-13,1,15784,0,8999,1,6519,0,266,1,736,0,7641,1,8377,California
Mono,2021-06-14,65,15849,30,9029,29,6548,6,272,20,717,45,7686,26,8403,California
Mono,2021-06-15,8,15857,5,9034,3,6551,0,272,4,717,4,7690,4,8407,California
Mono,2021-06-16,14,15871,5,9039,9,6560,0,272,6,715,8,7698,6,8413,California
Mono,2021-06-17,6,15877,1,9040,3,6563,2,274,2,715,4,7702,4,8417,California
Mono,2021-06-18,5,15882,3,9043,1,6564,1,275,1,714,3,7705,2,8419,California
Mono,2021-06-19,2,15884,2,9045,0,6564,0,275,2,716,0,7705,2,8421,California
Mono,2021-06-20,1,15885,0,9045,1,6565,0,275,0,715,1,7706,0,8421,California
Mono,2021-06-21,14,15899,2,9047,10,6575,2,277,3,710,10,7716,5,8426,California
Mono,2021-06-22,13,15912,2,9049,10,6585,1,278,4,707,8,7724,5,8431,California
Mono,2021-06-23,12,15924,0,9049,6,6591,6,284,2,706,10,7734,9,8440,California
Mono,2021-06-24,7,15931,0,9049,5,6596,2,286,2,705,5,7739,4,8444,California
Mono,2021-06-25,34,15965,23,9072,11,6607,0,286,8,687,26,7765,8,8452,California
Mono,2021-06-26,1,15966,1,9073,0,6607,0,286,0,686,1,7766,0,8452,California
Mono,2021-06-27,1,15967,0,9073,1,6608,0,286,1,687,0,7766,1,8453,California
Mono,2021-06-28,11,15978,7,9080,1,6609,3,289,2,683,9,7775,5,8458,California
Mono,2021-06-29,2,15980,2,9082,0,6609,0,289,2,685,0,7775,2,8460,California
Mono,2021-06-30,7,15987,1,9083,3,6612,3,292,3,687,4,7779,6,8466,California
Mono,2021-07-01,8,15995,1,9084,4,6616,3,295,2,686,6,7785,5,8471,California
Mono,2021-07-02,38,16033,34,9118,2,6618,2,297,13,676,25,7810,15,8486,California
Mono,2021-07-05,4,16037,0,9118,3,6621,1,298,3,679,1,7811,4,8490,California
Mono,2021-07-06,11,16048,2,9120,5,6626,4,302,4,680,7,7818,8,8498,California
Mono,2021-07-07,7,16055,4,9124,3,6629,0,302,2,677,5,7823,2,8500,California
Mono,2021-07-08,11,16066,9,9133,1,6630,1,303,4,676,6,7829,5,8505,California
Mono,2021-07-09,6,16072,1,9134,4,6634,1,304,2,675,4,7833,3,8508,California
Mono,2021-07-10,3,16075,3,9137,0,6634,0,304,2,676,1,7834,2,8510,California
Mono,2021-07-12,15,16090,9,9146,6,6640,0,304,10,681,5,7839,10,8520,California
Monterey,2020-12-16,6,6,6,6,0,0,0,0,6,6,0,0,6,6,California
Monterey,2020-12-17,87,93,87,93,0,0,0,0,87,93,0,0,87,93,California
Monterey,2020-12-18,489,582,489,582,0,0,0,0,489,582,0,0,489,582,California
Monterey,2020-12-19,581,1163,580,1162,1,1,0,0,580,1162,0,0,580,1162,California
Monterey,2020-12-20,421,1584,420,1582,1,2,0,0,421,1583,0,0,421,1583,California
Monterey,2020-12-21,722,2306,722,2304,0,2,0,0,722,2305,0,0,722,2305,California
Monterey,2020-12-22,535,2841,522,2826,13,15,0,0,535,2840,0,0,535,2840,California
Monterey,2020-12-23,444,3285,267,3093,177,192,0,0,444,3284,0,0,444,3284,California
Monterey,2020-12-24,84,3369,10,3103,74,266,0,0,84,3368,0,0,84,3368,California
Monterey,2020-12-25,6,3375,0,3103,6,272,0,0,6,3374,0,0,6,3374,California
Monterey,2020-12-26,92,3467,5,3108,87,359,0,0,92,3466,0,0,92,3466,California
Monterey,2020-12-27,6,3473,3,3111,3,362,0,0,6,3472,0,0,6,3472,California
Monterey,2020-12-28,477,3950,25,3136,452,814,0,0,477,3949,0,0,477,3949,California
Monterey,2020-12-29,901,4851,168,3304,733,1547,0,0,901,4850,0,0,901,4850,California
Monterey,2020-12-30,566,5417,98,3402,468,2015,0,0,566,5416,0,0,566,5416,California
Monterey,2020-12-31,33,5450,11,3413,22,2037,0,0,33,5449,0,0,33,5449,California
Monterey,2021-01-01,13,5463,3,3416,10,2047,0,0,13,5462,0,0,13,5462,California
Monterey,2021-01-02,137,5600,134,3550,3,2050,0,0,137,5599,0,0,137,5599,California
Monterey,2021-01-03,30,5630,29,3579,1,2051,0,0,30,5629,0,0,30,5629,California
Monterey,2021-01-04,412,6042,19,3598,393,2444,0,0,412,6041,0,0,412,6041,California
Monterey,2021-01-05,758,6800,329,3927,429,2873,0,0,744,6771,14,14,744,6785,California
Monterey,2021-01-06,663,7463,176,4103,487,3360,0,0,638,7384,25,39,638,7423,California
Monterey,2021-01-07,752,8215,576,4679,176,3536,0,0,424,7482,326,365,424,7847,California
Monterey,2021-01-08,1093,9308,739,5418,354,3890,0,0,395,7179,698,1063,395,8242,California
Monterey,2021-01-09,962,10270,932,6350,30,3920,0,0,311,6841,649,1712,311,8553,California
Monterey,2021-01-10,273,10543,270,6620,3,3923,0,0,9,6586,264,1976,9,8562,California
Monterey,2021-01-11,1067,11610,985,7605,82,4005,0,0,365,6249,702,2678,365,8927,California
Monterey,2021-01-12,480,12090,399,8004,81,4086,0,0,214,6199,266,2944,216,9143,California
Monterey,2021-01-13,1222,13312,594,8598,628,4714,0,0,1176,7329,46,2990,1176,10319,California
Monterey,2021-01-14,1198,14510,244,8842,954,5668,0,0,1178,8491,20,3010,1182,11501,California
Monterey,2021-01-15,1056,15566,46,8888,1010,6678,0,0,1044,9523,12,3022,1044,12545,California
Monterey,2021-01-16,365,15931,300,9188,65,6743,0,0,360,9878,5,3027,360,12905,California
Monterey,2021-01-17,314,16245,294,9482,20,6763,0,0,302,10168,12,3039,302,13207,California
Monterey,2021-01-18,400,16645,50,9532,350,7113,0,0,378,10524,22,3061,378,13585,California
Monterey,2021-01-19,584,17229,399,9931,185,7298,0,0,421,10784,161,3222,421,14006,California
Monterey,2021-01-20,546,17775,270,10201,276,7574,0,0,336,10910,210,3432,336,14342,California
Monterey,2021-01-21,870,18645,116,10317,754,8328,0,0,758,11560,112,3544,762,15104,California
Monterey,2021-01-22,1071,19716,200,10517,871,9199,0,0,1029,12548,41,3585,1029,16133,California
Monterey,2021-01-23,245,19961,175,10692,70,9269,0,0,121,12548,123,3708,123,16256,California
Monterey,2021-01-24,62,20023,38,10730,24,9293,0,0,28,12542,34,3742,28,16284,California
Monterey,2021-01-25,800,20823,176,10906,624,9917,0,0,175,12099,618,4360,175,16459,California
Monterey,2021-01-26,1011,21834,290,11196,721,10638,0,0,284,11656,727,5087,284,16743,California
Monterey,2021-01-27,866,22700,310,11506,556,11194,0,0,381,11552,485,5572,381,17124,California
Monterey,2021-01-28,2031,24731,741,12247,1290,12484,0,0,1685,12894,345,5917,1687,18811,California
Monterey,2021-01-29,1282,26013,713,12960,569,13053,0,0,1164,13942,117,6034,1165,19976,California
Monterey,2021-01-30,465,26478,295,13255,170,13223,0,0,209,13895,256,6290,209,20185,California
Monterey,2021-01-31,495,26973,73,13328,422,13645,0,0,484,14369,11,6301,485,20670,California
Monterey,2021-02-01,1642,28615,1126,14454,516,14161,0,0,1074,14876,567,6868,1074,21744,California
Monterey,2021-02-02,2187,30802,478,14932,1709,15870,0,0,1571,15832,615,7483,1571,23315,California
Monterey,2021-02-03,2335,33137,1042,15974,1293,17163,0,0,1555,16611,776,8259,1555,24870,California
Monterey,2021-02-04,2822,35959,2103,18077,719,17882,0,0,2468,18730,349,8608,2468,27338,California
Monterey,2021-02-05,3671,39630,2822,20899,849,18731,0,0,3224,21512,442,9050,3224,30562,California
Monterey,2021-02-06,1102,40732,379,21278,723,19454,0,0,757,21927,342,9392,757,31319,California
Monterey,2021-02-07,319,41051,273,21551,46,19500,0,0,97,21803,221,9613,97,31416,California
Monterey,2021-02-08,524,41575,293,21844,231,19731,0,0,423,22125,101,9714,423,31839,California
Monterey,2021-02-09,883,42458,686,22530,197,19928,0,0,570,22384,311,10025,570,32409,California
Monterey,2021-02-10,2096,44554,1106,23636,990,20918,0,0,1237,22764,859,10884,1239,33648,California
Monterey,2021-02-11,2522,47076,978,24614,1544,22462,0,0,1538,23322,982,11866,1540,35188,California
Monterey,2021-02-12,2630,49706,451,25065,2179,24641,0,0,1528,23750,1101,12967,1529,36717,California
Monterey,2021-02-13,1076,50782,50,25115,1026,25667,0,0,986,24647,89,13056,986,37703,California
Monterey,2021-02-14,597,51379,74,25189,523,26190,0,0,525,25100,72,13128,525,38228,California
Monterey,2021-02-15,1386,52765,167,25356,1219,27409,0,0,977,25671,407,13535,978,39206,California
Monterey,2021-02-16,1098,53863,247,25603,851,28260,0,0,872,26317,226,13761,872,40078,California
Monterey,2021-02-17,1977,55840,1178,26781,799,29059,0,0,1661,27665,315,14076,1663,41741,California
Monterey,2021-02-18,2240,58080,1179,27960,1061,30120,0,0,911,27263,1315,15391,913,42654,California
Monterey,2021-02-19,2964,61044,1545,29505,1419,31539,0,0,1351,27005,1611,17002,1353,44007,California
Monterey,2021-02-20,1038,62082,626,30131,412,31951,0,0,975,27919,62,17064,976,44983,California
Monterey,2021-02-21,1341,63423,1310,31441,31,31982,0,0,1263,29110,73,17137,1264,46247,California
Monterey,2021-02-22,1068,64491,913,32354,155,32137,0,0,684,29413,381,17518,684,46931,California
Monterey,2021-02-23,1022,65513,652,33006,370,32507,0,0,329,29051,692,18210,330,47261,California
Monterey,2021-02-24,2588,68101,1349,34355,1239,33746,0,0,1926,30321,657,18867,1927,49188,California
Monterey,2021-02-25,4602,72703,2504,36859,2098,35844,0,0,1544,28820,3047,21914,1546,50734,California
Monterey,2021-02-26,5453,78156,3159,40018,2294,38138,0,0,2724,28820,2725,24639,2725,53459,California
Monterey,2021-02-27,1054,79210,189,40207,865,39003,0,0,839,29450,209,24848,839,54298,California
Monterey,2021-02-28,1543,80753,88,40295,1454,40457,1,1,1069,30054,466,25314,1070,55368,California
Monterey,2021-03-01,1299,82052,142,40437,1154,41611,3,4,754,30273,538,25852,757,56125,California
Monterey,2021-03-02,2825,84877,1735,42172,1090,42701,0,4,1960,31373,860,26712,1960,58085,California
Monterey,2021-03-03,3223,88100,1247,43419,1976,44677,0,4,1282,30719,1937,28649,1283,59368,California
Monterey,2021-03-04,4578,92678,1479,44898,3099,47776,0,4,2943,32035,1629,30278,2945,62313,California
Monterey,2021-03-05,3678,96356,1622,46520,1776,49552,280,284,3003,34644,674,30952,3283,65596,California
Monterey,2021-03-06,5066,101422,1068,47588,3693,53245,305,589,4159,38201,905,31857,4462,70058,California
Monterey,2021-03-07,594,102016,108,47696,181,53426,305,894,246,38401,347,32204,547,70605,California
Monterey,2021-03-08,1679,103695,328,48024,958,54384,393,1287,1127,39366,552,32756,1517,72122,California
Monterey,2021-03-09,1997,105692,699,48723,1019,55403,279,1566,1488,40622,508,33264,1764,73886,California
Monterey,2021-03-10,3189,108881,1034,49757,1669,57072,486,2052,1473,40868,1709,34973,1955,75841,California
Monterey,2021-03-11,4168,113049,1412,51169,2382,59454,374,2426,2393,41868,1766,36739,2766,78607,California
Monterey,2021-03-12,4428,117477,2048,53217,2244,61698,136,2562,2731,43038,1694,38433,2864,81471,California
Monterey,2021-03-13,5308,122785,962,54179,3999,65697,347,2909,3981,46040,1325,39758,4327,85798,California
Monterey,2021-03-14,2156,124941,1322,55501,809,66506,25,2934,501,44928,1638,41396,526,86324,California
Monterey,2021-03-15,3994,128935,1274,56775,2417,68923,303,3237,2255,45753,1734,43130,2559,88883,California
Monterey,2021-03-16,3548,132483,593,57368,2564,71487,391,3628,2115,46825,1430,44560,2502,91385,California
Monterey,2021-03-17,5825,138308,2366,59734,3201,74688,258,3886,4190,49652,1626,46186,4453,95838,California
Monterey,2021-03-18,4463,142771,2164,61898,2129,76817,170,4056,3092,51585,1366,47552,3299,99137,California
Monterey,2021-03-19,5512,148283,2579,64477,2787,79604,146,4202,4205,54633,1302,48854,4350,103487,California
Monterey,2021-03-20,3373,151656,427,64904,2252,81856,694,4896,2280,56517,1089,49943,2973,106460,California
Monterey,2021-03-21,641,152297,216,65120,415,82271,10,4906,567,57021,72,50015,576,107036,California
Monterey,2021-03-22,2504,154801,1444,66564,997,83268,63,4969,2285,59151,216,50231,2346,109382,California
Monterey,2021-03-23,4028,158829,2360,68924,1625,84893,43,5012,2547,60265,1476,51707,2590,111972,California
Monterey,2021-03-24,5136,163965,2124,71048,2693,87586,319,5331,3720,62891,1409,53116,4035,116007,California
Monterey,2021-03-25,5340,169305,1231,72279,3750,91336,359,5690,2666,63251,2666,55782,3026,119033,California
Monterey,2021-03-26,5463,174768,2615,74894,2762,94098,86,5776,2716,63321,2734,58516,2804,121837,California
Monterey,2021-03-27,4850,179618,1451,76345,3144,97242,255,6031,3125,64981,1722,60238,3382,125219,California
Monterey,2021-03-28,1129,180747,348,76693,772,98014,9,6040,630,65129,491,60729,639,125858,California
Monterey,2021-03-29,3239,183986,1419,78112,1806,99820,14,6054,2005,65927,1226,61955,2024,127882,California
Monterey,2021-03-30,4525,188511,2142,80254,2337,102157,46,6100,2775,67012,1739,63694,2824,130706,California
Monterey,2021-03-31,5310,193821,2298,82552,2214,104371,798,6898,3307,69108,1998,65692,4094,134800,California
Monterey,2021-04-01,6147,199968,2064,84616,3672,108043,411,7309,3111,69605,3020,68712,3517,138317,California
Monterey,2021-04-02,4712,204680,2191,86807,2457,110500,64,7373,3167,71295,1543,70255,3233,141550,California
Monterey,2021-04-03,5942,210622,1115,87922,3781,114281,1046,8419,1234,68867,4700,74955,2272,143822,California
Monterey,2021-04-04,765,211387,156,88078,594,114875,15,8434,493,69105,271,75226,509,144331,California
Monterey,2021-04-05,4048,215435,2499,90577,1312,116187,237,8671,1509,68315,2534,77760,1744,146075,California
Monterey,2021-04-06,3449,218884,1353,91930,1623,117810,473,9144,1185,67710,2259,80019,1654,147729,California
Monterey,2021-04-07,5660,224544,1395,93325,3745,121555,520,9664,2712,68000,2937,82956,3227,150956,California
Monterey,2021-04-08,6700,231244,3517,96842,2371,123926,812,10476,3311,68739,3384,86340,4123,155079,California
Monterey,2021-04-09,5770,237014,3436,100278,1693,125619,641,11117,2294,68197,3473,89813,2931,158010,California
Monterey,2021-04-10,10302,247316,4963,105241,3128,128747,2211,13328,5000,70113,5287,95100,7203,165213,California
Monterey,2021-04-11,5519,252835,4336,109577,574,129321,609,13937,4467,74135,1046,96146,5068,170281,California
Monterey,2021-04-12,4159,256994,1883,111460,1960,131281,316,14253,964,72358,3056,99202,1279,171560,California
Monterey,2021-04-13,3231,260225,745,112205,2480,133761,6,14259,1551,72255,1662,100864,1559,173119,California
Monterey,2021-04-14,6857,267082,3188,115393,3666,137427,3,14262,1867,69160,4966,105830,1871,174990,California
Monterey,2021-04-15,5921,273003,3912,119305,2009,139436,0,14262,3883,71038,2006,107836,3884,178874,California
Monterey,2021-04-16,4782,277785,2331,121636,2437,141873,14,14276,2133,70553,2633,110469,2148,181022,California
Monterey,2021-04-17,5856,283641,1399,123035,4457,146330,0,14276,3794,72302,2046,112515,3795,184817,California
Monterey,2021-04-18,884,284525,294,123329,590,146920,0,14276,260,71942,620,113135,260,185077,California
Monterey,2021-04-19,3622,288147,1160,124489,2462,149382,0,14276,1648,71630,1960,115095,1648,186725,California
Monterey,2021-04-20,3850,291997,1549,126038,2301,151683,0,14276,1528,70861,2298,117393,1529,188254,California
Monterey,2021-04-21,6196,298193,3375,129413,2821,154504,0,14276,2957,70622,3198,120591,2959,191213,California
Monterey,2021-04-22,4902,303095,1071,130484,3831,158335,0,14276,1999,69762,2859,123450,1999,193212,California
Monterey,2021-04-23,5752,308847,2712,133196,3039,161374,1,14277,2265,68567,3466,126916,2271,195483,California
Monterey,2021-04-24,4295,313142,584,133780,3711,165085,0,14277,1548,67386,2730,129646,1549,197032,California
Monterey,2021-04-25,1242,314384,607,134387,635,165720,0,14277,786,67726,446,130092,786,197818,California
Monterey,2021-04-26,3787,318171,2245,136632,1525,167245,17,14294,982,65946,2779,132871,999,198817,California
Monterey,2021-04-27,2885,321056,946,137578,1799,169044,140,14434,1223,65651,1657,134528,1362,200179,California
Monterey,2021-04-28,3665,324721,1402,138980,2110,171154,153,14587,2252,66652,1399,135927,2400,202579,California
Monterey,2021-04-29,4559,329280,2443,141423,2040,173194,76,14663,1670,65524,2875,138802,1747,204326,California
Monterey,2021-04-30,3247,332527,1686,143109,1486,174680,75,14738,834,64028,2403,141205,907,205233,California
Monterey,2021-05-01,5642,338169,4233,147342,1369,176049,40,14778,684,59813,4937,146142,722,205955,California
Monterey,2021-05-02,4347,342516,3922,151264,398,176447,27,14805,301,56109,4032,150174,328,206283,California
Monterey,2021-05-03,2548,345064,1568,152832,866,177313,114,14919,587,54858,1952,152126,701,206984,California
Monterey,2021-05-04,1827,346891,627,153459,1110,178423,90,15009,660,54456,1153,153279,751,207735,California
Monterey,2021-05-05,3380,350271,1241,154700,2055,180478,84,15093,1073,53318,2296,155575,1158,208893,California
Monterey,2021-05-06,4221,354492,2780,157480,1225,181703,216,15309,1122,51572,3084,158659,1338,210231,California
Monterey,2021-05-07,1974,356466,953,158433,923,182626,98,15407,705,51115,1259,159918,802,211033,California
Monterey,2021-05-08,2713,359179,1481,159914,909,183535,323,15730,963,50662,1738,161656,1285,212318,California
Monterey,2021-05-09,394,359573,113,160027,254,183789,27,15757,128,50552,265,161921,155,212473,California
Monterey,2021-05-10,2830,362403,2082,162109,701,184490,47,15804,527,48838,2290,164211,576,213049,California
Monterey,2021-05-11,1865,364268,952,163061,835,185325,78,15882,759,48583,1093,165304,838,213887,California
Monterey,2021-05-12,3930,368198,2073,165134,1773,187098,84,15966,877,46506,3038,168342,961,214848,California
Monterey,2021-05-13,2686,370884,1604,166738,1027,188125,55,16021,1535,46956,1137,169479,1587,216435,California
Monterey,2021-05-14,1868,372752,580,167318,1188,189313,100,16121,734,46666,1124,170603,834,217269,California
Monterey,2021-05-15,3390,376142,826,168144,2298,191611,266,16387,953,45458,2423,173026,1215,218484,California
Monterey,2021-05-16,986,377128,633,168777,282,191893,71,16458,284,45116,696,173722,354,218838,California
Monterey,2021-05-17,2248,379376,1341,170118,830,192723,77,16535,1068,45095,1166,174888,1145,219983,California
Monterey,2021-05-18,1758,381134,690,170808,1024,193747,44,16579,812,45015,938,175826,858,220841,California
Monterey,2021-05-19,3634,384768,2358,173166,1186,194933,90,16669,1939,45357,1689,177515,2031,222872,California
Monterey,2021-05-20,2783,387551,983,174149,1691,196624,109,16778,935,44570,1834,179349,1047,223919,California
Monterey,2021-05-21,3283,390834,1325,175474,1865,198489,93,16871,1012,43418,2256,181605,1104,225023,California
Monterey,2021-05-22,2135,392969,735,176209,1120,199609,280,17151,812,43195,1313,182918,1090,226113,California
Monterey,2021-05-23,878,393847,521,176730,341,199950,16,17167,506,43351,366,183284,522,226635,California
Monterey,2021-05-24,1736,395583,563,177293,1111,201061,62,17229,572,42827,1159,184443,635,227270,California
Monterey,2021-05-25,1436,397019,550,177843,817,201878,69,17298,570,42615,851,185294,639,227909,California
Monterey,2021-05-26,2676,399695,1031,178874,1588,203466,57,17355,1013,42038,1647,186941,1070,228979,California
Monterey,2021-05-27,2492,402187,1365,180239,1070,204536,57,17412,895,41409,1582,188523,953,229932,California
Monterey,2021-05-28,1742,403929,580,180819,1102,205638,60,17472,750,41239,981,189504,811,230743,California
Monterey,2021-05-29,989,404918,635,181454,321,205959,33,17505,404,41097,580,190084,438,231181,California
Monterey,2021-05-30,381,405299,165,181619,202,206161,14,17519,144,41019,236,190320,158,231339,California
Monterey,2021-05-31,186,405485,34,181653,143,206304,9,17528,52,40947,133,190453,61,231400,California
Monterey,2021-06-01,1720,407205,922,182575,666,206970,132,17660,529,40432,1172,191625,657,232057,California
Monterey,2021-06-02,1691,408896,979,183554,662,207632,50,17710,702,40200,983,192608,751,232808,California
Monterey,2021-06-03,2225,411121,1418,184972,771,208403,36,17746,518,39057,1696,194304,553,233361,California
Monterey,2021-06-04,1332,412453,687,185659,611,209014,34,17780,532,38830,793,195097,566,233927,California
Monterey,2021-06-05,2182,414635,856,186515,706,209720,620,18400,478,38233,1687,196784,1090,235017,California
Monterey,2021-06-06,498,415133,408,186923,81,209801,9,18409,253,38250,244,197028,261,235278,California
Monterey,2021-06-07,943,416076,487,187410,409,210210,47,18456,363,38088,570,197598,408,235686,California
Monterey,2021-06-08,1177,417253,737,188147,416,210626,24,18480,415,37774,752,198350,438,236124,California
Monterey,2021-06-09,2922,420175,2194,190341,602,211228,126,18606,642,36266,2276,200626,768,236892,California
Monterey,2021-06-10,1521,421696,932,191273,528,211756,61,18667,539,35888,976,201602,598,237490,California
Monterey,2021-06-11,1401,423097,764,192037,561,212317,76,18743,509,35587,884,202486,583,238073,California
Monterey,2021-06-12,751,423848,512,192549,224,212541,15,18758,352,35557,397,202883,367,238440,California
Monterey,2021-06-13,597,424445,462,193011,122,212663,13,18771,115,35206,478,203361,127,238567,California
Monterey,2021-06-14,1411,425856,1013,194024,364,213027,34,18805,375,34587,1028,204389,409,238976,California
Monterey,2021-06-15,1161,427017,587,194611,451,213478,123,18928,399,34357,752,205141,522,239498,California
Monterey,2021-06-16,1589,428606,1108,195719,448,213926,33,18961,405,33620,1175,206316,438,239936,California
Monterey,2021-06-17,1185,429791,686,196405,342,214268,157,19118,427,33451,753,207069,584,240520,California
Monterey,2021-06-18,1207,430998,727,197132,451,214719,29,19147,536,33352,664,207733,565,241085,California
Monterey,2021-06-19,1311,432309,1014,198146,266,214985,31,19178,493,33066,810,208543,524,241609,California
Monterey,2021-06-20,236,432545,158,198304,70,215055,8,19186,80,32999,156,208699,89,241698,California
Monterey,2021-06-21,677,433222,372,198676,270,215325,35,19221,388,33137,284,208983,422,242120,California
Monterey,2021-06-22,1534,434756,988,199664,354,215679,192,19413,503,32810,1017,210000,690,242810,California
Monterey,2021-06-23,1081,435837,723,200387,324,216003,34,19447,439,32649,633,210633,472,243282,California
Monterey,2021-06-24,867,436704,519,200906,326,216329,22,19469,418,32644,445,211078,440,243722,California
Monterey,2021-06-25,1005,437709,622,201528,367,216696,16,19485,477,32613,523,211601,492,244214,California
Monterey,2021-06-26,608,438317,442,201970,154,216850,12,19497,336,32690,269,211870,346,244560,California
Monterey,2021-06-27,352,438669,272,202242,66,216916,14,19511,99,32551,252,212122,113,244673,California
Monterey,2021-06-28,574,439243,372,202614,171,217087,31,19542,250,32513,319,212441,281,244954,California
Monterey,2021-06-29,863,440106,529,203143,250,217337,84,19626,340,32418,518,212959,423,245377,California
Monterey,2021-06-30,1039,441145,703,203846,316,217653,20,19646,425,32254,609,213568,445,245822,California
Monterey,2021-07-01,767,441912,524,204370,220,217873,23,19669,348,32211,413,213981,370,246192,California
Monterey,2021-07-02,896,442808,497,204867,359,218232,40,19709,474,32310,414,214395,513,246705,California
Monterey,2021-07-03,565,443373,431,205298,130,218362,4,19713,263,32278,298,214693,266,246971,California
Monterey,2021-07-04,33,443406,23,205321,9,218371,1,19714,22,32290,11,214704,23,246994,California
Monterey,2021-07-05,385,443791,234,205555,144,218515,7,19721,174,32262,209,214913,181,247175,California
Monterey,2021-07-06,844,444635,582,206137,238,218753,24,19745,358,32162,482,215395,382,247557,California
Monterey,2021-07-07,771,445406,512,206649,236,218989,23,19768,380,32180,385,215780,403,247960,California
Monterey,2021-07-08,782,446188,442,207091,315,219304,25,19793,292,32017,478,216258,315,248275,California
Monterey,2021-07-09,965,447153,592,207683,342,219646,31,19824,409,31907,549,216807,439,248714,California
Monterey,2021-07-10,765,447918,486,208169,150,219796,129,19953,347,31966,412,217219,471,249185,California
Monterey,2021-07-11,194,448112,131,208300,55,219851,8,19961,96,31976,94,217313,104,249289,California
Monterey,2021-07-12,420,448532,278,208578,133,219984,9,19970,163,31894,253,217566,171,249460,California
Napa,2020-12-16,13,13,13,13,0,0,0,0,13,13,0,0,13,13,California
Napa,2020-12-17,46,59,46,59,0,0,0,0,46,59,0,0,46,59,California
Napa,2020-12-18,107,166,107,166,0,0,0,0,107,166,0,0,107,166,California
Napa,2020-12-19,222,388,222,388,0,0,0,0,222,388,0,0,222,388,California
Napa,2020-12-20,190,578,190,578,0,0,0,0,190,578,0,0,190,578,California
Napa,2020-12-21,315,893,315,893,0,0,0,0,316,894,0,0,316,894,California
Napa,2020-12-22,337,1230,328,1221,9,9,0,0,337,1231,0,0,337,1231,California
Napa,2020-12-23,437,1667,325,1546,112,121,0,0,437,1668,0,0,437,1668,California
Napa,2020-12-24,138,1805,77,1623,61,182,0,0,138,1806,0,0,138,1806,California
Napa,2020-12-26,40,1845,11,1634,29,211,0,0,40,1846,0,0,40,1846,California
Napa,2020-12-27,32,1877,16,1650,16,227,0,0,32,1878,0,0,32,1878,California
Napa,2020-12-28,252,2129,184,1834,68,295,0,0,278,2156,0,0,278,2156,California
Napa,2020-12-29,274,2403,215,2049,59,354,0,0,307,2463,0,0,307,2463,California
Napa,2020-12-30,632,3035,484,2533,148,502,0,0,640,3103,0,0,640,3103,California
Napa,2020-12-31,462,3497,373,2906,89,591,0,0,462,3565,0,0,462,3565,California
Napa,2021-01-01,1,3498,1,2907,0,591,0,0,1,3566,0,0,1,3566,California
Napa,2021-01-02,95,3593,90,2997,5,596,0,0,95,3661,0,0,95,3661,California
Napa,2021-01-03,14,3607,12,3009,2,598,0,0,9,3670,0,0,9,3670,California
Napa,2021-01-04,105,3712,62,3071,43,641,0,0,105,3775,0,0,105,3775,California
Napa,2021-01-05,163,3875,86,3157,77,718,0,0,146,3897,24,24,146,3921,California
Napa,2021-01-06,466,4341,119,3276,347,1065,0,0,399,4231,65,89,399,4320,California
Napa,2021-01-07,499,4840,237,3513,262,1327,0,0,394,4521,104,193,394,4714,California
Napa,2021-01-08,443,5283,229,3742,214,1541,0,0,259,4597,183,376,259,4973,California
Napa,2021-01-09,327,5610,303,4045,24,1565,0,0,189,4648,138,514,189,5162,California
Napa,2021-01-10,186,5796,103,4148,83,1648,0,0,109,4680,77,591,109,5271,California
Napa,2021-01-11,871,6667,421,4569,450,2098,0,0,501,4812,371,962,503,5774,California
Napa,2021-01-12,1328,7995,381,4950,947,3045,0,0,1004,5492,324,1286,1004,6778,California
Napa,2021-01-13,1319,9314,269,5219,1050,4095,0,0,1154,6483,164,1450,1155,7933,California
Napa,2021-01-14,1052,10366,167,5386,885,4980,0,0,936,7305,114,1564,936,8869,California
Napa,2021-01-15,1473,11839,388,5774,1085,6065,0,0,1325,8476,155,1719,1326,10195,California
Napa,2021-01-16,361,12200,132,5906,229,6294,0,0,343,8801,18,1737,343,10538,California
Napa,2021-01-17,342,12542,177,6083,165,6459,0,0,333,9125,9,1746,333,10871,California
Napa,2021-01-18,1091,13633,197,6280,894,7353,0,0,1000,10034,91,1837,1000,11871,California
Napa,2021-01-19,1005,14638,402,6682,603,7956,0,0,766,10562,238,2075,766,12637,California
Napa,2021-01-20,835,15473,189,6871,646,8602,0,0,648,11026,185,2260,649,13286,California
Napa,2021-01-21,1571,17044,609,7480,962,9564,0,0,1118,11693,452,2712,1119,14405,California
Napa,2021-01-22,1578,18622,435,7915,1143,10707,0,0,1233,12583,344,3056,1234,15639,California
Napa,2021-01-23,397,19019,317,8232,80,10787,0,0,337,12860,60,3116,337,15976,California
Napa,2021-01-24,267,19286,189,8421,78,10865,0,0,209,13011,58,3174,209,16185,California
Napa,2021-01-25,1524,20810,232,8653,1292,12157,0,0,1435,14357,89,3263,1435,17620,California
Napa,2021-01-26,879,21689,283,8936,596,12753,0,0,784,15047,95,3358,785,18405,California
Napa,2021-01-27,628,22317,220,9156,408,13161,0,0,465,15349,164,3522,466,18871,California
Napa,2021-01-28,392,22709,176,9332,216,13377,0,0,198,15355,192,3714,198,19069,California
Napa,2021-01-29,265,22974,68,9400,197,13574,0,0,167,15424,98,3812,167,19236,California
Napa,2021-01-30,821,23795,709,10109,112,13686,0,0,652,15907,169,3981,652,19888,California
Napa,2021-01-31,693,24488,661,10770,32,13718,0,0,669,16552,24,4005,669,20557,California
Napa,2021-02-01,325,24813,114,10884,211,13929,0,0,166,16559,159,4164,166,20723,California
Napa,2021-02-02,616,25429,283,11167,333,14262,0,0,304,16554,309,4473,304,21027,California
Napa,2021-02-03,754,26183,313,11480,441,14703,0,0,436,16673,317,4790,436,21463,California
Napa,2021-02-04,787,26970,369,11849,418,15121,0,0,440,16768,345,5135,440,21903,California
Napa,2021-02-05,716,27686,314,12163,402,15523,0,0,343,16738,373,5508,343,22246,California
Napa,2021-02-06,438,28124,144,12307,294,15817,0,0,334,16969,103,5611,334,22580,California
Napa,2021-02-07,180,28304,167,12474,13,15830,0,0,72,16933,108,5719,72,22652,California
Napa,2021-02-08,841,29145,193,12667,648,16478,0,0,278,16650,561,6280,278,22930,California
Napa,2021-02-09,1091,30236,450,13117,641,17119,0,0,445,16450,645,6925,445,23375,California
Napa,2021-02-10,1739,31975,195,13312,1544,18663,0,0,454,15623,1282,8207,455,23830,California
Napa,2021-02-11,1507,33482,198,13510,1309,19972,0,0,408,14945,1086,9293,408,24238,California
Napa,2021-02-12,2200,35682,867,14377,1333,21305,0,0,698,14147,1496,10789,698,24936,California
Napa,2021-02-13,514,36196,56,14433,458,21763,0,0,320,14273,194,10983,320,25256,California
Napa,2021-02-14,355,36551,89,14522,266,22029,0,0,192,14302,163,11146,192,25448,California
Napa,2021-02-15,889,37440,187,14709,702,22731,0,0,227,13869,660,11806,227,25675,California
Napa,2021-02-16,1295,38735,601,15310,694,23425,0,0,616,13809,676,12482,616,26291,California
Napa,2021-02-17,1066,39801,536,15846,530,23955,0,0,487,13720,577,13059,488,26779,California
Napa,2021-02-18,1943,41744,497,16343,1446,25401,0,0,676,13132,1264,14323,676,27455,California
Napa,2021-02-19,1518,43262,600,16943,918,26319,0,0,683,12982,833,15156,683,28138,California
Napa,2021-02-20,879,44141,638,17581,241,26560,0,0,287,12677,592,15748,287,28425,California
Napa,2021-02-21,895,45036,827,18408,68,26628,0,0,198,12178,697,16445,198,28623,California
Napa,2021-02-22,486,45522,203,18611,283,26911,0,0,150,11992,336,16781,150,28773,California
Napa,2021-02-23,1169,46691,319,18930,850,27761,0,0,330,11483,839,17620,330,29103,California
Napa,2021-02-24,1219,47910,682,19612,537,28298,0,0,618,11502,599,18219,618,29721,California
Napa,2021-02-25,2659,50569,1299,20911,1360,29658,0,0,1924,12693,733,18952,1924,31645,California
Napa,2021-02-26,1571,52140,560,21471,1011,30669,0,0,627,12378,942,19894,627,32272,California
Napa,2021-02-27,1194,53334,426,21897,768,31437,0,0,935,13056,257,20151,935,33207,California
Napa,2021-02-28,728,54062,609,22506,119,31556,0,0,609,13548,117,20268,609,33816,California
Napa,2021-03-01,1172,55234,880,23386,292,31848,0,0,894,14166,276,20544,894,34710,California
Napa,2021-03-02,1510,56744,1052,24438,458,32306,0,0,1162,14981,347,20891,1162,35872,California
Napa,2021-03-03,1572,58316,695,25133,877,33183,0,0,1382,16174,189,21080,1382,37254,California
Napa,2021-03-04,1724,60040,792,25925,932,34115,0,0,1480,17413,241,21321,1480,38734,California
Napa,2021-03-05,1911,61951,793,26718,1114,35229,4,4,1482,18473,426,21747,1486,40220,California
Napa,2021-03-06,657,62608,289,27007,338,35567,30,34,544,18936,111,21858,574,40794,California
Napa,2021-03-07,561,63169,323,27330,199,35766,39,73,384,19183,176,22034,423,41217,California
Napa,2021-03-08,724,63893,338,27668,331,36097,55,128,547,19607,174,22208,598,41815,California
Napa,2021-03-09,1694,65587,611,28279,1035,37132,48,176,1250,20464,440,22648,1297,43112,California
Napa,2021-03-10,1502,67089,928,29207,481,37613,93,269,802,20660,696,23344,892,44004,California
Napa,2021-03-11,1893,68982,1068,30275,692,38305,133,402,987,20871,905,24249,1116,45120,California
Napa,2021-03-12,1522,70504,924,31199,502,38807,96,498,813,21072,706,24955,907,46027,California
Napa,2021-03-13,1180,71684,310,31509,845,39652,25,523,834,21587,344,25299,859,46886,California
Napa,2021-03-14,624,72308,338,31847,135,39787,151,674,208,21530,415,25714,358,47244,California
Napa,2021-03-15,962,73270,412,32259,480,40267,70,744,481,21601,479,26193,550,47794,California
Napa,2021-03-16,1858,75128,394,32653,1336,41603,128,872,1382,22641,471,26664,1511,49305,California
Napa,2021-03-17,2533,77661,1862,34515,492,42095,179,1051,1589,23466,943,27607,1768,51073,California
Napa,2021-03-18,2152,79813,959,35474,1181,43276,12,1063,1270,23872,876,28483,1282,52355,California
Napa,2021-03-19,1461,81274,888,36362,546,43822,27,1090,682,23805,776,29259,709,53064,California
Napa,2021-03-20,1017,82291,532,36894,332,44154,153,1243,389,23720,627,29886,542,53606,California
Napa,2021-03-21,728,83019,703,37597,22,44176,3,1246,233,23463,493,30379,236,53842,California
Napa,2021-03-22,1303,84322,1121,38718,170,44346,12,1258,436,23049,862,31241,448,54290,California
Napa,2021-03-23,1899,86221,1201,39919,681,45027,17,1275,1007,23185,888,32129,1024,55314,California
Napa,2021-03-24,1714,87935,948,40867,757,45784,9,1284,817,23114,896,33025,825,56139,California
Napa,2021-03-25,1937,89872,1058,41925,825,46609,54,1338,770,22777,1161,34186,824,56963,California
Napa,2021-03-26,1312,91184,839,42764,467,47076,6,1344,584,22645,722,34908,590,57553,California
Napa,2021-03-27,953,92137,436,43200,490,47566,27,1371,290,22299,663,35571,317,57870,California
Napa,2021-03-28,492,92629,382,43582,103,47669,7,1378,181,22178,309,35880,188,58058,California
Napa,2021-03-29,1200,93829,875,44457,320,47989,5,1383,728,22441,470,36350,733,58791,California
Napa,2021-03-30,2801,96630,935,45392,1861,49850,5,1388,1980,23604,822,37172,1985,60776,California
Napa,2021-03-31,1977,98607,968,46360,940,50790,69,1457,798,23293,1176,38348,865,61641,California
Napa,2021-04-01,1760,100367,847,47207,794,51584,119,1576,478,22613,1274,39622,594,62235,California
Napa,2021-04-02,1869,102236,842,48049,885,52469,142,1718,470,21829,1395,41017,611,62846,California
Napa,2021-04-03,636,102872,372,48421,206,52675,58,1776,213,21676,422,41439,269,63115,California
Napa,2021-04-04,359,103231,146,48567,154,52829,59,1835,122,21621,236,41675,181,63296,California
Napa,2021-04-05,1280,104511,759,49326,302,53131,219,2054,572,21706,705,42380,790,64086,California
Napa,2021-04-06,2271,106782,567,49893,1443,54574,261,2315,527,20751,1741,44121,786,64872,California
Napa,2021-04-07,1754,108536,708,50601,823,55397,223,2538,529,20282,1219,45340,750,65622,California
Napa,2021-04-08,1876,110412,1075,51676,423,55820,378,2916,963,20715,907,46247,1340,66962,California
Napa,2021-04-09,1552,111964,927,52603,319,56139,306,3222,679,20828,871,47118,984,67946,California
Napa,2021-04-10,1050,113014,353,52956,595,56734,102,3324,244,20371,803,47921,346,68292,California
Napa,2021-04-11,388,113402,301,53257,64,56798,23,3347,157,20320,231,48152,180,68472,California
Napa,2021-04-12,796,114198,303,53560,368,57166,125,3472,294,20234,500,48652,414,68886,California
Napa,2021-04-13,2587,116785,865,54425,1722,58888,0,3472,937,19528,1643,50295,937,69823,California
Napa,2021-04-14,2160,118945,1019,55444,1141,60029,0,3472,1052,19481,1099,51394,1052,70875,California
Napa,2021-04-15,2087,121032,534,55978,1553,61582,0,3472,895,19192,1184,52578,895,71770,California
Napa,2021-04-16,3011,124043,1643,57621,1368,62950,0,3472,2278,20742,728,53306,2278,74048,California
Napa,2021-04-17,1168,125211,276,57897,892,63842,0,3472,860,21295,307,53613,860,74908,California
Napa,2021-04-18,286,125497,192,58089,94,63936,0,3472,122,21253,164,53777,122,75030,California
Napa,2021-04-19,629,126126,340,58429,289,64225,0,3472,275,21175,353,54130,275,75305,California
Napa,2021-04-20,3074,129200,2095,60524,979,65204,0,3472,2087,22279,984,55114,2088,77393,California
Napa,2021-04-21,2984,132184,2201,62725,783,65987,0,3472,1886,23074,1092,56206,1887,79280,California
Napa,2021-04-22,1862,134046,1301,64026,560,66547,1,3473,868,22953,989,57195,868,80148,California
Napa,2021-04-23,1654,135700,1270,65296,382,66929,2,3475,1167,23637,483,57678,1167,81315,California
Napa,2021-04-24,571,136271,320,65616,251,67180,0,3475,297,23663,271,57949,297,81612,California
Napa,2021-04-25,249,136520,190,65806,59,67239,0,3475,127,23669,121,58070,127,81739,California
Napa,2021-04-26,553,137073,283,66089,270,67509,0,3475,285,23691,263,58333,285,82024,California
Napa,2021-04-27,1790,138863,469,66558,1309,68818,12,3487,595,23106,1192,59525,607,82631,California
Napa,2021-04-28,1020,139883,472,67030,531,69349,17,3504,349,22803,669,60194,366,82997,California
Napa,2021-04-29,733,140616,365,67395,349,69698,19,3523,270,22634,457,60651,288,83285,California
Napa,2021-04-30,623,141239,312,67707,247,69945,64,3587,257,22590,364,61015,320,83605,California
Napa,2021-05-01,330,141569,271,67978,48,69993,11,3598,121,22513,209,61224,132,83737,California
Napa,2021-05-02,237,141806,193,68171,38,70031,6,3604,99,22481,137,61361,105,83842,California
Napa,2021-05-03,638,142444,498,68669,104,70135,36,3640,111,22106,523,61884,148,83990,California
Napa,2021-05-04,1145,143589,730,69399,304,70439,111,3751,306,21688,835,62719,417,84407,California
Napa,2021-05-05,1039,144628,704,70103,297,70736,38,3789,263,21216,773,63492,301,84708,California
Napa,2021-05-06,722,145350,320,70423,379,71115,23,3812,371,21269,342,63834,395,85103,California
Napa,2021-05-07,1594,146944,1365,71788,166,71281,63,3875,332,20425,1238,65072,394,85497,California
Napa,2021-05-08,260,147204,167,71955,82,71363,11,3886,88,20354,170,65242,99,85596,California
Napa,2021-05-09,119,147323,87,72042,32,71395,0,3886,58,20352,60,65302,58,85654,California
Napa,2021-05-10,430,147753,146,72188,265,71660,19,3905,111,20164,318,65620,130,85784,California
Napa,2021-05-11,2192,149945,1807,73995,360,72020,25,3930,385,18772,1802,67422,410,86194,California
Napa,2021-05-12,2220,152165,1389,75384,774,72794,57,3987,311,17236,1903,69325,367,86561,California
Napa,2021-05-13,1962,154127,1249,76633,674,73468,39,4026,864,17049,1091,70416,904,87465,California
Napa,2021-05-14,1968,156095,1189,77822,693,74161,86,4112,534,16243,1427,71843,621,88086,California
Napa,2021-05-15,1079,157174,367,78189,700,74861,12,4124,258,15698,816,72659,271,88357,California
Napa,2021-05-16,245,157419,165,78354,78,74939,2,4126,73,15601,172,72831,75,88432,California
Napa,2021-05-17,892,158311,347,78701,515,75454,30,4156,305,15412,525,73356,336,88768,California
Napa,2021-05-18,1080,159391,557,79258,466,75920,57,4213,514,15422,561,73917,571,89339,California
Napa,2021-05-19,981,160372,577,79835,374,76294,30,4243,508,15490,469,74386,537,89876,California
Napa,2021-05-20,662,161034,436,80271,196,76490,30,4273,379,15619,280,74666,409,90285,California
Napa,2021-05-21,527,161561,266,80537,229,76719,32,4305,219,15564,306,74972,251,90536,California
Napa,2021-05-22,463,162024,276,80813,178,76897,9,4314,192,15495,271,75243,202,90738,California
Napa,2021-05-23,402,162426,356,81169,35,76932,11,4325,298,15700,104,75347,309,91047,California
Napa,2021-05-24,386,162812,189,81358,177,77109,20,4345,154,15645,229,75576,174,91221,California
Napa,2021-05-25,430,163242,175,81533,184,77293,71,4416,143,15573,285,75861,213,91434,California
Napa,2021-05-26,559,163801,361,81894,174,77467,24,4440,319,15679,237,76098,343,91777,California
Napa,2021-05-27,400,164201,173,82067,199,77666,28,4468,153,15613,247,76345,181,91958,California
Napa,2021-05-28,407,164608,212,82279,171,77837,24,4492,169,15570,234,76579,191,92149,California
Napa,2021-05-29,129,164737,79,82358,46,77883,4,4496,75,15596,53,76632,79,92228,California
Napa,2021-05-30,97,164834,61,82419,31,77914,5,4501,28,15562,67,76699,33,92261,California
Napa,2021-05-31,51,164885,17,82436,28,77942,6,4507,9,15535,42,76741,15,92276,California
Napa,2021-06-01,605,165490,313,82749,268,78210,24,4531,261,15481,338,77079,284,92560,California
Napa,2021-06-02,413,165903,245,82994,146,78356,22,4553,190,15471,221,77300,211,92771,California
Napa,2021-06-03,756,166659,460,83454,271,78627,25,4578,129,15000,623,77923,152,92923,California
Napa,2021-06-04,785,167444,605,84059,143,78770,37,4615,145,14545,637,78560,182,93105,California
Napa,2021-06-05,315,167759,257,84316,47,78817,11,4626,75,14393,238,78798,86,93191,California
Napa,2021-06-06,145,167904,125,84441,19,78836,1,4627,45,14340,99,78897,46,93237,California
Napa,2021-06-07,397,168301,285,84726,84,78920,28,4655,94,14160,302,79199,122,93359,California
Napa,2021-06-08,623,168924,495,85221,111,79031,17,4672,276,14109,344,79543,293,93652,California
Napa,2021-06-09,559,169483,453,85674,91,79122,15,4687,99,13765,458,80001,114,93766,California
Napa,2021-06-10,516,169999,415,86089,67,79189,34,4721,111,13505,405,80406,145,93911,California
Napa,2021-06-11,411,170410,267,86356,119,79308,25,4746,117,13354,293,80699,142,94053,California
Napa,2021-06-12,205,170615,173,86529,27,79335,5,4751,41,13237,163,80862,46,94099,California
Napa,2021-06-13,291,170906,278,86807,8,79343,5,4756,28,13007,263,81125,33,94132,California
Napa,2021-06-14,486,171392,341,87148,118,79461,27,4783,92,12734,389,81514,116,94248,California
Napa,2021-06-15,376,171768,277,87425,86,79547,13,4796,185,12742,190,81704,198,94446,California
Napa,2021-06-16,261,172029,164,87589,81,79628,16,4812,84,12669,173,81877,100,94546,California
Napa,2021-06-17,395,172424,325,87914,61,79689,9,4821,72,12427,323,82200,81,94627,California
Napa,2021-06-18,270,172694,176,88090,83,79772,11,4832,93,12356,175,82375,104,94731,California
Napa,2021-06-19,108,172802,74,88164,23,79795,11,4843,45,12350,62,82437,56,94787,California
Napa,2021-06-20,54,172856,42,88206,9,79804,3,4846,19,12337,35,82472,22,94809,California
Napa,2021-06-21,158,173014,73,88279,65,79869,20,4866,75,12349,82,82554,94,94903,California
Napa,2021-06-22,373,173387,295,88574,63,79932,15,4881,108,12208,264,82818,123,95026,California
Napa,2021-06-23,340,173727,264,88838,54,79986,22,4903,109,12111,227,83045,130,95156,California
Napa,2021-06-24,167,173894,114,88952,48,80034,5,4908,71,12093,94,83139,76,95232,California
Napa,2021-06-25,244,174138,161,89113,70,80104,13,4921,119,12105,119,83258,131,95363,California
Napa,2021-06-26,92,174230,76,89189,11,80115,5,4926,45,12108,47,83305,50,95413,California
Napa,2021-06-27,71,174301,61,89250,10,80125,0,4926,33,12103,38,83343,33,95446,California
Napa,2021-06-28,190,174491,145,89395,34,80159,11,4937,83,12090,106,83449,93,95539,California
Napa,2021-06-29,410,174901,336,89731,55,80214,19,4956,114,11928,294,83743,132,95671,California
Napa,2021-06-30,181,175082,123,89854,49,80263,9,4965,78,11913,102,83845,87,95758,California
Napa,2021-07-01,167,175249,113,89967,45,80308,9,4974,75,11905,91,83936,83,95841,California
Napa,2021-07-02,173,175422,131,90098,35,80343,7,4981,68,11876,104,84040,75,95916,California
Napa,2021-07-03,76,175498,62,90160,8,80351,6,4987,42,11891,33,84073,48,95964,California
Napa,2021-07-04,7,175505,0,90160,6,80357,1,4988,0,11885,7,84080,1,95965,California
Napa,2021-07-05,89,175594,70,90230,14,80371,5,4993,48,11897,41,84121,53,96018,California
Napa,2021-07-06,322,175916,277,90507,33,80404,12,5005,113,11814,207,84328,124,96142,California
Napa,2021-07-07,161,176077,112,90619,37,80441,12,5017,69,11803,92,84420,81,96223,California
Napa,2021-07-08,140,176217,96,90715,28,80469,16,5033,55,11789,83,84503,69,96292,California
Napa,2021-07-09,186,176403,121,90836,50,80519,15,5048,74,11768,110,84613,89,96381,California
Napa,2021-07-10,63,176466,35,90871,27,80546,1,5049,36,11778,27,84640,37,96418,California
Napa,2021-07-11,54,176520,49,90920,5,80551,0,5049,23,11770,31,84671,23,96441,California
Napa,2021-07-12,134,176654,104,91024,24,80575,6,5055,60,11763,73,84744,66,96507,California
Nevada,2020-12-16,3,3,3,3,0,0,0,0,3,3,0,0,3,3,California
Nevada,2020-12-17,6,9,6,9,0,0,0,0,6,9,0,0,6,9,California
Nevada,2020-12-18,58,67,58,67,0,0,0,0,58,67,0,0,58,67,California
Nevada,2020-12-19,55,122,55,122,0,0,0,0,55,122,0,0,55,122,California
Nevada,2020-12-20,13,135,13,135,0,0,0,0,13,135,0,0,13,135,California
Nevada,2020-12-21,69,204,69,204,0,0,0,0,69,204,0,0,69,204,California
Nevada,2020-12-22,90,294,88,292,2,2,0,0,90,294,0,0,90,294,California
Nevada,2020-12-23,230,524,201,493,29,31,0,0,230,524,0,0,230,524,California
Nevada,2020-12-24,13,537,11,504,2,33,0,0,13,537,0,0,13,537,California
Nevada,2020-12-25,2,539,2,506,0,33,0,0,2,539,0,0,2,539,California
Nevada,2020-12-26,6,545,4,510,2,35,0,0,6,545,0,0,6,545,California
Nevada,2020-12-27,89,634,89,599,0,35,0,0,89,634,0,0,89,634,California
Nevada,2020-12-28,172,806,94,693,78,113,0,0,172,806,0,0,172,806,California
Nevada,2020-12-29,100,906,74,767,26,139,0,0,100,906,0,0,100,906,California
Nevada,2020-12-30,86,992,66,833,20,159,0,0,86,992,0,0,86,992,California
Nevada,2020-12-31,38,1030,8,841,30,189,0,0,38,1030,0,0,38,1030,California
Nevada,2021-01-01,4,1034,1,842,3,192,0,0,4,1034,0,0,4,1034,California
Nevada,2021-01-02,2,1036,1,843,1,193,0,0,2,1036,0,0,2,1036,California
Nevada,2021-01-03,130,1166,125,968,5,198,0,0,130,1166,0,0,130,1166,California
Nevada,2021-01-04,72,1238,47,1015,25,223,0,0,72,1238,0,0,72,1238,California
Nevada,2021-01-05,274,1512,133,1148,141,364,0,0,273,1510,1,1,273,1511,California
Nevada,2021-01-06,91,1603,43,1191,48,412,0,0,83,1585,8,9,83,1594,California
Nevada,2021-01-07,217,1820,43,1234,174,586,0,0,210,1790,6,15,211,1805,California
Nevada,2021-01-08,222,2042,129,1363,93,679,0,0,164,1897,58,73,165,1970,California
Nevada,2021-01-09,64,2106,57,1420,7,686,0,0,14,1861,50,123,14,1984,California
Nevada,2021-01-10,19,2125,10,1430,9,695,0,0,10,1862,9,132,10,1994,California
Nevada,2021-01-11,188,2313,131,1561,57,752,0,0,60,1794,128,260,60,2054,California
Nevada,2021-01-12,600,2913,453,2014,147,899,0,0,533,2260,67,327,533,2587,California
Nevada,2021-01-13,261,3174,147,2161,114,1013,0,0,128,2255,133,460,128,2715,California
Nevada,2021-01-14,240,3414,127,2288,113,1126,0,0,223,2462,16,476,223,2938,California
Nevada,2021-01-15,403,3817,174,2462,229,1355,0,0,302,2663,101,577,302,3240,California
Nevada,2021-01-16,298,4115,15,2477,283,1638,0,0,295,2955,3,580,295,3535,California
Nevada,2021-01-17,36,4151,32,2509,4,1642,0,0,34,2987,2,582,34,3569,California
Nevada,2021-01-18,151,4302,41,2550,110,1752,0,0,141,3118,10,592,141,3710,California
Nevada,2021-01-19,250,4552,90,2640,160,1912,0,0,228,3324,22,614,228,3938,California
Nevada,2021-01-20,275,4827,166,2806,109,2021,0,0,262,3573,13,627,262,4200,California
Nevada,2021-01-21,344,5171,206,3012,138,2159,0,0,331,3891,13,640,331,4531,California
Nevada,2021-01-22,378,5549,236,3248,142,2301,0,0,348,4209,30,670,348,4879,California
Nevada,2021-01-23,182,5731,107,3355,75,2376,0,0,182,4391,0,670,182,5061,California
Nevada,2021-01-24,110,5841,101,3456,9,2385,0,0,69,4419,41,711,69,5130,California
Nevada,2021-01-25,265,6106,134,3590,131,2516,0,0,203,4560,62,773,203,5333,California
Nevada,2021-01-26,407,6513,145,3735,262,2778,0,0,302,4757,105,878,302,5635,California
Nevada,2021-01-27,430,6943,254,3989,176,2954,0,0,405,5137,25,903,405,6040,California
Nevada,2021-01-28,480,7423,327,4316,153,3107,0,0,436,5530,43,946,436,6476,California
Nevada,2021-01-29,609,8032,393,4709,216,3323,0,0,580,6083,28,974,581,7057,California
Nevada,2021-01-30,298,8330,107,4816,191,3514,0,0,295,6375,3,977,295,7352,California
Nevada,2021-01-31,103,8433,86,4902,17,3531,0,0,99,6472,3,980,100,7452,California
Nevada,2021-02-01,294,8727,72,4974,222,3753,0,0,280,6738,14,994,280,7732,California
Nevada,2021-02-02,534,9261,189,5163,345,4098,0,0,332,6868,202,1196,332,8064,California
Nevada,2021-02-03,817,10078,573,5736,244,4342,0,0,763,7578,53,1249,763,8827,California
Nevada,2021-02-04,740,10818,393,6129,347,4689,0,0,485,7809,254,1503,485,9312,California
Nevada,2021-02-05,657,11475,369,6498,288,4977,0,0,466,8086,189,1692,466,9778,California
Nevada,2021-02-06,275,11750,84,6582,191,5168,0,0,245,8301,30,1722,245,10023,California
Nevada,2021-02-07,246,11996,194,6776,52,5220,0,0,191,8437,55,1777,191,10214,California
Nevada,2021-02-08,658,12654,410,7186,248,5468,0,0,554,8889,102,1879,554,10768,California
Nevada,2021-02-09,607,13261,339,7525,268,5736,0,0,465,9213,141,2020,465,11233,California
Nevada,2021-02-10,653,13914,326,7851,327,6063,0,0,420,9402,232,2252,421,11654,California
Nevada,2021-02-11,888,14802,511,8362,377,6440,0,0,554,9624,332,2584,554,12208,California
Nevada,2021-02-12,954,15756,444,8806,510,6950,0,0,627,9927,324,2908,627,12835,California
Nevada,2021-02-13,617,16373,238,9044,379,7329,0,0,392,10098,221,3129,392,13227,California
Nevada,2021-02-14,234,16607,120,9164,114,7443,0,0,205,10274,29,3158,205,13432,California
Nevada,2021-02-15,711,17318,437,9601,274,7717,0,0,537,10637,174,3332,537,13969,California
Nevada,2021-02-16,633,17951,202,9803,431,8148,0,0,462,10929,170,3502,462,14431,California
Nevada,2021-02-17,1199,19150,774,10577,425,8573,0,0,855,11440,344,3846,855,15286,California
Nevada,2021-02-18,1024,20174,557,11134,467,9040,0,0,601,11621,420,4266,601,15887,California
Nevada,2021-02-19,1134,21308,636,11770,498,9538,0,0,761,12013,370,4636,762,16649,California
Nevada,2021-02-20,309,21617,114,11884,195,9733,0,0,180,12065,128,4764,180,16829,California
Nevada,2021-02-21,106,21723,91,11975,15,9748,0,0,16,11994,87,4851,16,16845,California
Nevada,2021-02-22,519,22242,347,12322,172,9920,0,0,368,12212,150,5001,368,17213,California
Nevada,2021-02-23,514,22756,253,12575,261,10181,0,0,227,12156,284,5285,228,17441,California
Nevada,2021-02-24,542,23298,295,12870,247,10428,0,0,263,12146,277,5562,267,17708,California
Nevada,2021-02-25,888,24186,478,13348,410,10838,0,0,445,12152,439,6001,445,18153,California
Nevada,2021-02-26,1275,25461,905,14253,370,11208,0,0,428,11736,844,6845,428,18581,California
Nevada,2021-02-27,430,25891,115,14368,315,11523,0,0,195,11696,235,7080,195,18776,California
Nevada,2021-02-28,277,26168,161,14529,116,11639,0,0,127,11674,149,7229,127,18903,California
Nevada,2021-03-01,848,27016,445,14974,403,12042,0,0,369,11568,475,7704,369,19272,California
Nevada,2021-03-02,740,27756,292,15266,448,12490,0,0,508,11849,227,7931,508,19780,California
Nevada,2021-03-03,992,28748,509,15775,482,12972,1,1,520,11900,470,8401,521,20301,California
Nevada,2021-03-04,1109,29857,623,16398,486,13458,0,1,465,11725,640,9041,465,20766,California
Nevada,2021-03-05,1184,31041,481,16879,693,14151,10,11,710,11974,471,9512,720,21486,California
Nevada,2021-03-06,367,31408,121,17000,219,14370,27,38,150,11933,217,9729,176,21662,California
Nevada,2021-03-07,214,31622,108,17108,80,14450,26,64,70,11885,144,9873,96,21758,California
Nevada,2021-03-08,831,32453,562,17670,222,14672,47,111,374,11851,456,10329,422,22180,California
Nevada,2021-03-09,796,33249,404,18074,342,15014,50,161,467,12040,327,10656,516,22696,California
Nevada,2021-03-10,1009,34258,649,18723,303,15317,57,218,341,11776,661,11317,397,23093,California
Nevada,2021-03-11,1112,35370,726,19449,362,15679,24,242,550,11797,553,11870,574,23667,California
Nevada,2021-03-12,1535,36905,726,20175,779,16458,30,272,840,11974,691,12561,868,24535,California
Nevada,2021-03-13,940,37845,59,20234,876,17334,5,277,755,12551,183,12744,760,25295,California
Nevada,2021-03-14,160,38005,20,20254,135,17469,5,282,33,12462,127,12871,38,25333,California
Nevada,2021-03-15,856,38861,467,20721,377,17846,12,294,358,12338,494,13365,370,25703,California
Nevada,2021-03-16,1007,39868,468,21189,477,18323,62,356,637,12668,368,13733,698,26401,California
Nevada,2021-03-17,1027,40895,452,21641,565,18888,10,366,581,12817,443,14176,592,26993,California
Nevada,2021-03-18,982,41877,531,22172,428,19316,23,389,473,12809,503,14679,495,27488,California
Nevada,2021-03-19,942,42819,441,22613,464,19780,37,426,361,12631,576,15255,398,27886,California
Nevada,2021-03-20,838,43657,95,22708,316,20096,427,853,243,12708,589,15844,666,28552,California
Nevada,2021-03-21,61,43718,32,22740,28,20124,1,854,33,12715,27,15871,34,28586,California
Nevada,2021-03-22,802,44520,519,23259,278,20402,5,859,529,12979,270,16141,534,29120,California
Nevada,2021-03-23,861,45381,389,23648,444,20846,28,887,617,13383,241,16382,645,29765,California
Nevada,2021-03-24,1022,46403,543,24191,472,21318,7,894,636,13645,380,16762,642,30407,California
Nevada,2021-03-25,912,47315,464,24655,423,21741,25,919,486,13732,423,17185,510,30917,California
Nevada,2021-03-26,1179,48494,449,25104,691,22432,39,958,844,14282,332,17517,882,31799,California
Nevada,2021-03-27,585,49079,72,25176,497,22929,16,974,401,14516,183,17700,417,32216,California
Nevada,2021-03-28,178,49257,54,25230,111,23040,13,987,35,14427,137,17837,48,32264,California
Nevada,2021-03-29,826,50083,501,25731,303,23343,22,1009,373,14373,448,18285,394,32658,California
Nevada,2021-03-30,1058,51141,485,26216,539,23882,34,1043,488,14333,562,18847,522,33180,California
Nevada,2021-03-31,1187,52328,666,26882,504,24386,17,1060,673,14517,505,19352,689,33869,California
Nevada,2021-04-01,1249,53577,730,27612,465,24851,54,1114,554,14439,684,20036,606,34475,California
Nevada,2021-04-02,1300,54877,661,28273,603,25454,36,1150,772,14722,525,20561,808,35283,California
Nevada,2021-04-03,288,55165,86,28359,162,25616,40,1190,82,14639,205,20766,122,35405,California
Nevada,2021-04-04,128,55293,42,28401,79,25695,7,1197,76,14670,52,20818,83,35488,California
Nevada,2021-04-05,936,56229,615,29016,301,25996,20,1217,621,14999,310,21128,639,36127,California
Nevada,2021-04-06,1079,57308,665,29681,270,26266,144,1361,437,14944,635,21763,580,36707,California
Nevada,2021-04-07,1149,58457,821,30502,246,26512,82,1443,611,15105,531,22294,692,37399,California
Nevada,2021-04-08,1285,59742,895,31397,305,26817,85,1528,710,15329,570,22864,794,38193,California
Nevada,2021-04-09,1277,61019,849,32246,361,27178,67,1595,862,15844,413,23277,928,39121,California
Nevada,2021-04-10,900,61919,82,32328,742,27920,76,1671,128,15282,766,24043,204,39325,California
Nevada,2021-04-11,112,62031,34,32362,72,27992,6,1677,36,15248,76,24119,42,39367,California
Nevada,2021-04-12,748,62779,542,32904,189,28181,17,1694,316,15154,427,24546,333,39700,California
Nevada,2021-04-13,890,63669,353,33257,537,28718,0,1694,471,15210,415,24961,471,40171,California
Nevada,2021-04-14,1061,64730,571,33828,490,29208,0,1694,541,15239,512,25473,541,40712,California
Nevada,2021-04-15,1086,65816,712,34540,374,29582,0,1694,626,15417,448,25921,626,41338,California
Nevada,2021-04-16,912,66728,693,35233,219,29801,0,1694,518,15543,392,26313,518,41856,California
Nevada,2021-04-17,202,66930,54,35287,148,29949,0,1694,87,15517,113,26426,87,41943,California
Nevada,2021-04-18,203,67133,22,35309,181,30130,0,1694,104,15522,99,26525,104,42047,California
Nevada,2021-04-19,758,67891,484,35793,274,30404,0,1694,311,15397,436,26961,311,42358,California
Nevada,2021-04-20,833,68724,333,36126,500,30904,0,1694,313,15196,514,27475,313,42671,California
Nevada,2021-04-21,938,69662,525,36651,413,31317,0,1694,270,14810,656,28131,270,42941,California
Nevada,2021-04-22,1008,70670,634,37285,374,31691,0,1694,342,14498,655,28786,343,43284,California
Nevada,2021-04-23,1260,71930,551,37836,709,32400,0,1694,401,14051,848,29634,401,43685,California
Nevada,2021-04-24,522,72452,73,37909,449,32849,0,1694,168,13867,352,29986,168,43853,California
Nevada,2021-04-25,129,72581,59,37968,65,32914,5,1699,51,13845,77,30063,55,43908,California
Nevada,2021-04-26,743,73324,560,38528,175,33089,8,1707,217,13554,516,30579,225,44133,California
Nevada,2021-04-27,821,74145,383,38911,433,33522,5,1712,412,13570,401,30980,417,44550,California
Nevada,2021-04-28,994,75139,581,39492,408,33930,5,1717,387,13362,600,31580,392,44942,California
Nevada,2021-04-29,1020,76159,711,40203,305,34235,4,1721,279,12906,739,32319,283,45225,California
Nevada,2021-04-30,1249,77408,729,40932,512,34747,8,1729,213,12093,1034,33353,221,45446,California
Nevada,2021-05-01,144,77552,63,40995,77,34824,4,1733,60,12075,82,33435,64,45510,California
Nevada,2021-05-02,59,77611,33,41028,22,34846,4,1737,20,12060,39,33474,24,45534,California
Nevada,2021-05-03,611,78222,405,41433,186,35032,20,1757,178,11828,429,33903,197,45731,California
Nevada,2021-05-04,597,78819,174,41607,405,35437,18,1775,338,11929,255,34158,356,46087,California
Nevada,2021-05-05,740,79559,383,41990,343,35780,14,1789,324,11859,408,34566,338,46425,California
Nevada,2021-05-06,805,80364,564,42554,230,36010,11,1800,197,11469,598,35164,208,46633,California
Nevada,2021-05-07,894,81258,489,43043,370,36380,35,1835,185,10985,704,35868,220,46853,California
Nevada,2021-05-08,176,81434,20,43063,136,36516,20,1855,78,10987,96,35964,98,46951,California
Nevada,2021-05-09,44,81478,8,43071,34,36550,2,1857,21,10987,23,35987,23,46974,California
Nevada,2021-05-10,390,81868,248,43319,118,36668,24,1881,78,10778,311,36298,102,47076,California
Nevada,2021-05-11,517,82385,155,43474,349,37017,13,1894,127,10537,381,36679,140,47216,California
Nevada,2021-05-12,543,82928,238,43712,294,37311,11,1905,153,10320,381,37060,164,47380,California
Nevada,2021-05-13,838,83766,556,44268,272,37583,10,1915,432,10365,397,37457,442,47822,California
Nevada,2021-05-14,793,84559,584,44852,191,37774,18,1933,444,10482,345,37802,462,48284,California
Nevada,2021-05-15,186,84745,87,44939,91,37865,8,1941,87,10479,98,37900,95,48379,California
Nevada,2021-05-16,162,84907,54,44993,108,37973,0,1941,56,10429,106,38006,56,48435,California
Nevada,2021-05-17,499,85406,319,45312,150,38123,30,1971,216,10403,272,38278,246,48681,California
Nevada,2021-05-18,421,85827,256,45568,161,38284,4,1975,222,10433,197,38475,227,48908,California
Nevada,2021-05-19,488,86315,354,45922,129,38413,5,1980,255,10469,224,38699,260,49168,California
Nevada,2021-05-20,612,86927,353,46275,247,38660,12,1992,220,10314,387,39086,232,49400,California
Nevada,2021-05-21,509,87436,327,46602,172,38832,10,2002,217,10253,288,39374,227,49627,California
Nevada,2021-05-22,244,87680,34,46636,157,38989,53,2055,92,10246,152,39526,145,49772,California
Nevada,2021-05-23,54,87734,19,46655,35,39024,0,2055,18,10229,35,39561,18,49790,California
Nevada,2021-05-24,313,88047,219,46874,80,39104,14,2069,105,10143,205,39766,119,49909,California
Nevada,2021-05-25,343,88390,84,46958,247,39351,12,2081,82,9981,256,40022,94,50003,California
Nevada,2021-05-26,455,88845,197,47155,248,39599,10,2091,135,9813,313,40335,145,50148,California
Nevada,2021-05-27,426,89271,226,47381,179,39778,21,2112,179,9770,243,40578,200,50348,California
Nevada,2021-05-28,346,89617,215,47596,108,39886,23,2135,190,9831,153,40731,214,50562,California
Nevada,2021-05-29,66,89683,12,47608,54,39940,0,2135,41,9847,25,40756,41,50603,California
Nevada,2021-05-30,37,89720,19,47627,16,39956,2,2137,25,9862,12,40768,27,50630,California
Nevada,2021-05-31,6,89726,4,47631,0,39956,2,2139,2,9862,4,40772,4,50634,California
Nevada,2021-06-01,420,90146,126,47757,276,40232,18,2157,99,9667,312,41084,117,50751,California
Nevada,2021-06-02,403,90549,165,47922,231,40463,7,2164,101,9481,294,41378,108,50859,California
Nevada,2021-06-03,564,91113,404,48326,155,40618,5,2169,99,9124,461,41839,104,50963,California
Nevada,2021-06-04,548,91661,438,48764,106,40724,4,2173,107,8799,436,42275,111,51074,California
Nevada,2021-06-05,172,91833,70,48834,100,40824,2,2175,65,8760,106,42381,67,51141,California
Nevada,2021-06-06,54,91887,40,48874,14,40838,0,2175,13,8732,41,42422,13,51154,California
Nevada,2021-06-07,270,92157,196,49070,44,40882,30,2205,60,8617,205,42627,90,51244,California
Nevada,2021-06-08,293,92450,194,49264,85,40967,14,2219,67,8481,217,42844,81,51325,California
Nevada,2021-06-09,324,92774,217,49481,100,41067,7,2226,82,8332,238,43082,89,51414,California
Nevada,2021-06-10,273,93047,176,49657,88,41155,9,2235,72,8217,195,43277,80,51494,California
Nevada,2021-06-11,325,93372,230,49887,76,41231,19,2254,74,8061,248,43525,92,51586,California
Nevada,2021-06-12,92,93464,54,49941,33,41264,5,2259,27,8028,65,43590,32,51618,California
Nevada,2021-06-13,33,93497,17,49958,15,41279,1,2260,6,8008,27,43617,7,51625,California
Nevada,2021-06-14,192,93689,138,50096,43,41322,11,2271,50,7934,135,43752,61,51686,California
Nevada,2021-06-15,170,93859,97,50193,65,41387,8,2279,67,7909,100,43852,75,51761,California
Nevada,2021-06-16,237,94096,133,50326,95,41482,9,2288,69,7826,161,44013,78,51839,California
Nevada,2021-06-17,228,94324,134,50460,80,41562,14,2302,41,7695,186,44199,55,51894,California
Nevada,2021-06-18,218,94542,153,50613,48,41610,17,2319,69,7634,147,44346,86,51980,California
Nevada,2021-06-19,71,94613,35,50648,30,41640,6,2325,30,7629,41,44387,36,52016,California
Nevada,2021-06-20,27,94640,20,50668,7,41647,0,2325,8,7619,18,44405,8,52024,California
Nevada,2021-06-21,110,94750,49,50717,54,41701,7,2332,49,7620,55,44460,56,52080,California
Nevada,2021-06-22,166,94916,97,50814,58,41759,11,2343,68,7607,92,44552,79,52159,California
Nevada,2021-06-23,211,95127,138,50952,44,41803,29,2372,86,7601,120,44672,114,52273,California
Nevada,2021-06-24,177,95304,112,51064,47,41850,18,2390,60,7568,111,44783,78,52351,California
Nevada,2021-06-25,207,95511,138,51202,48,41898,21,2411,76,7534,131,44914,97,52448,California
Nevada,2021-06-26,83,95594,61,51263,20,41918,2,2413,31,7515,52,44966,33,52481,California
Nevada,2021-06-27,29,95623,13,51276,12,41930,4,2417,7,7504,22,44988,11,52492,California
Nevada,2021-06-28,169,95792,119,51395,28,41958,22,2439,67,7499,94,45082,89,52581,California
Nevada,2021-06-29,129,95921,74,51469,43,42001,12,2451,46,7482,75,45157,58,52639,California
Nevada,2021-06-30,167,96088,127,51596,34,42035,6,2457,55,7433,109,45266,60,52699,California
Nevada,2021-07-01,124,96212,86,51682,27,42062,11,2468,54,7430,68,45334,65,52764,California
Nevada,2021-07-02,149,96361,98,51780,38,42100,13,2481,74,7449,68,45402,87,52851,California
Nevada,2021-07-03,33,96394,16,51796,11,42111,6,2487,17,7456,15,45417,22,52873,California
Nevada,2021-07-05,45,96439,29,51825,10,42121,6,2493,18,7453,27,45444,24,52897,California
Nevada,2021-07-06,147,96586,90,51915,43,42164,14,2507,53,7432,88,45532,67,52964,California
Nevada,2021-07-07,131,96717,86,52001,33,42197,12,2519,45,7410,79,45611,57,53021,California
Nevada,2021-07-08,146,96863,88,52089,44,42241,14,2533,71,7424,70,45681,84,53105,California
Nevada,2021-07-09,139,97002,76,52165,43,42284,20,2553,46,7398,92,45773,66,53171,California
Nevada,2021-07-10,37,97039,28,52193,6,42290,3,2556,17,7397,20,45793,19,53190,California
Nevada,2021-07-11,19,97058,12,52205,7,42297,0,2556,9,7397,9,45802,9,53199,California
Nevada,2021-07-12,54,97112,24,52229,25,42322,5,2561,24,7399,27,45829,29,53228,California
Orange,2020-12-15,17,17,17,17,0,0,0,0,17,17,0,0,17,17,California
Orange,2020-12-16,402,419,402,419,0,0,0,0,402,419,0,0,402,419,California
Orange,2020-12-17,3776,4195,3776,4195,0,0,0,0,3775,4194,0,0,3775,4194,California
Orange,2020-12-18,5136,9331,5128,9323,8,8,0,0,5134,9327,1,1,5134,9328,California
Orange,2020-12-19,2249,11580,2242,11565,7,15,0,0,2248,11575,0,1,2248,11576,California
Orange,2020-12-20,2005,13585,2002,13567,3,18,0,0,2005,13579,1,2,2005,13581,California
Orange,2020-12-21,4275,17860,4269,17836,6,24,0,0,4275,17854,0,2,4275,17856,California
Orange,2020-12-22,4005,21865,3968,21804,37,61,0,0,4004,21858,0,2,4004,21860,California
Orange,2020-12-23,3608,25473,3238,25042,370,431,0,0,3608,25465,1,3,3608,25468,California
Orange,2020-12-24,1385,26858,1083,26125,302,733,0,0,1385,26850,0,3,1385,26853,California
Orange,2020-12-25,21,26879,16,26141,5,738,0,0,21,26871,0,3,21,26874,California
Orange,2020-12-26,1002,27881,425,26566,577,1315,0,0,1002,27873,0,3,1002,27876,California
Orange,2020-12-27,586,28467,274,26840,312,1627,0,0,586,28459,0,3,586,28462,California
Orange,2020-12-28,3642,32109,2643,29483,999,2626,0,0,3642,32101,0,3,3642,32104,California
Orange,2020-12-29,3532,35641,2506,31989,1026,3652,0,0,3531,35631,1,4,3531,35635,California
Orange,2020-12-30,5146,40787,3548,35537,1598,5250,0,0,5146,40777,0,4,5146,40781,California
Orange,2020-12-31,1528,42315,813,36350,715,5965,0,0,1525,42299,3,7,1525,42306,California
Orange,2021-01-01,749,43064,409,36759,340,6305,0,0,747,43044,2,9,747,43053,California
Orange,2021-01-02,1375,44439,845,37604,530,6835,0,0,1372,44414,2,11,1372,44425,California
Orange,2021-01-03,595,45034,327,37931,268,7103,0,0,594,45008,0,11,594,45019,California
Orange,2021-01-04,2791,47825,1574,39505,1217,8320,0,0,2792,47799,1,12,2792,47811,California
Orange,2021-01-05,3580,51405,2339,41844,1241,9561,0,0,3153,50536,419,431,3156,50967,California
Orange,2021-01-06,5080,56485,3505,45349,1575,11136,0,0,3684,52841,1379,1810,3684,54651,California
Orange,2021-01-07,9420,65905,5267,50616,4153,15289,0,0,5761,54965,3642,5452,5766,60417,California
Orange,2021-01-08,9649,75554,5450,56066,4199,19488,0,0,5734,56806,3896,9348,5737,66154,California
Orange,2021-01-09,5113,80667,1811,57877,3302,22790,0,0,3784,59266,1324,10672,3784,69938,California
Orange,2021-01-10,4284,84951,1059,58936,3225,26015,0,0,3396,61779,887,11559,3400,73338,California
Orange,2021-01-11,9581,94532,4981,63917,4600,30615,0,0,5906,64010,3679,15238,5910,79248,California
Orange,2021-01-12,9062,103594,4880,68797,4182,34797,0,0,5545,66046,3512,18750,5548,84796,California
Orange,2021-01-13,10397,113991,4963,73760,5434,40231,0,0,7163,69986,3230,21980,7170,91966,California
Orange,2021-01-14,10185,124176,3833,77593,6352,46583,0,0,8570,76950,1612,23592,8576,100542,California
Orange,2021-01-15,10368,134544,2694,80287,7674,54257,0,0,9457,85499,915,24507,9464,110006,California
Orange,2021-01-16,8869,143413,2121,82408,6748,61005,0,0,8462,93563,403,24910,8467,118473,California
Orange,2021-01-17,8287,151700,1524,83932,6763,67768,0,0,8129,101544,158,25068,8139,126612,California
Orange,2021-01-18,9822,161522,4454,88386,5368,73136,0,0,7541,106806,2282,27350,7544,134156,California
Orange,2021-01-19,7650,169172,5495,93881,2155,75291,0,0,4988,109136,2660,30010,4990,139146,California
Orange,2021-01-20,8712,177884,6119,100000,2593,77884,0,0,5620,111675,3090,33100,5629,144775,California
Orange,2021-01-21,11392,189276,5138,105138,6254,84138,0,0,10525,121347,865,33965,10537,155312,California
Orange,2021-01-22,13991,203267,5229,110367,8762,92900,0,0,13082,133536,901,34866,13090,168402,California
Orange,2021-01-23,13320,216587,6214,116581,7106,100006,0,0,12372,144976,944,35810,12384,180786,California
Orange,2021-01-24,9972,226559,4313,120894,5659,105665,0,0,9616,154244,352,36162,9620,190406,California
Orange,2021-01-25,10544,237103,5908,126802,4636,110301,0,0,7785,159284,2750,38912,7790,198196,California
Orange,2021-01-26,12025,249128,7723,134525,4302,114603,0,0,9816,166899,2204,41116,9819,208015,California
Orange,2021-01-27,13670,262798,8033,142558,5637,120240,0,0,10889,175023,2770,43886,10894,218909,California
Orange,2021-01-28,13315,276113,7275,149833,6040,126280,0,0,11368,184469,1931,45817,11377,230286,California
Orange,2021-01-29,13849,289962,8470,158303,5379,131659,0,0,10874,192394,2952,48769,10877,241163,California
Orange,2021-01-30,13230,303192,4532,162835,8698,140357,0,0,12425,204035,788,49557,12429,253592,California
Orange,2021-01-31,13862,317054,4916,167751,8946,149303,0,0,13390,216967,466,50023,13398,266990,California
Orange,2021-02-01,15056,332110,6510,174261,8546,157849,0,0,12509,226964,2520,52543,12517,279507,California
Orange,2021-02-02,15253,347363,7999,182260,7254,165103,0,0,12720,237198,2492,55035,12726,292233,California
Orange,2021-02-03,16817,364180,12447,194707,4370,169473,0,0,13798,248070,2932,57967,13804,306037,California
Orange,2021-02-04,20165,384345,13091,207798,7074,176547,0,0,14976,257905,5150,63117,14985,321022,California
Orange,2021-02-05,21076,405421,12083,219881,8993,185540,0,0,14620,266133,6403,69520,14631,335653,California
Orange,2021-02-06,16584,422005,10870,230751,5714,191254,0,0,11242,272274,5322,74842,11463,347116,California
Orange,2021-02-07,11668,433673,8170,238921,3498,194752,0,0,7642,276077,4008,78850,7811,354927,California
Orange,2021-02-08,15297,448970,8757,247678,6540,201292,0,0,9146,279106,6122,84972,9151,364078,California
Orange,2021-02-09,17968,466938,12158,259836,5810,207102,0,0,10754,282742,7133,92105,10769,374847,California
Orange,2021-02-10,21201,488139,11280,271116,9921,217023,0,0,12825,287310,8279,100384,12847,387694,California
Orange,2021-02-11,22513,510652,11640,282756,10873,227896,0,0,12304,289579,10060,110444,12329,400023,California
Orange,2021-02-12,25262,535914,12137,294893,13125,241021,0,0,14787,293985,10402,120846,14808,414831,California
Orange,2021-02-13,22257,558171,12055,306948,10202,251223,0,0,11203,294958,10887,131733,11860,426691,California
Orange,2021-02-14,16649,574820,6685,313633,9964,261187,0,0,9690,297728,6928,138661,9698,436389,California
Orange,2021-02-15,17568,592388,7554,321187,10014,271201,0,0,9057,298346,8462,147123,9080,445469,California
Orange,2021-02-16,20338,612726,9191,330378,11147,282348,0,0,10919,299943,9362,156485,10959,456428,California
Orange,2021-02-17,18360,631086,9620,339998,8740,291088,0,0,9355,300429,8938,165423,9424,465852,California
Orange,2021-02-18,15386,646472,10068,350066,5318,296406,0,0,6933,299004,8391,173814,6966,472818,California
Orange,2021-02-19,18720,665192,11160,361226,7560,303966,0,0,7095,294565,11560,185374,7121,479939,California
Orange,2021-02-20,7758,672950,5752,366978,2006,305972,0,0,3863,294600,3857,189231,3892,483831,California
Orange,2021-02-21,4845,677795,4113,371091,732,306704,0,0,992,291792,3808,193039,1000,484831,California
Orange,2021-02-22,10430,688225,8499,379590,1931,308635,0,0,4148,289740,6227,199266,4175,489006,California
Orange,2021-02-23,14208,702433,7774,387364,6434,315069,0,0,3741,283147,10377,209643,3784,492790,California
Orange,2021-02-24,22186,724619,13406,400770,8780,323849,0,0,5589,272310,16498,226141,5661,498451,California
Orange,2021-02-25,23915,748534,12968,413738,10947,334796,0,0,8326,265196,15493,241634,8379,506830,California
Orange,2021-02-26,28982,777516,14614,428352,14368,349164,0,0,11628,259713,17181,258815,11698,518528,California
Orange,2021-02-27,26033,803549,10631,438983,15397,364561,5,5,7471,248826,18424,277239,7537,526065,California
Orange,2021-02-28,19562,823111,7612,446595,11950,376511,0,5,4913,239280,14502,291741,4956,531021,California
Orange,2021-03-01,19036,842147,8707,455302,10304,386815,25,30,7439,235310,11479,303220,7509,538530,California
Orange,2021-03-02,21819,863966,10567,465869,11248,398063,4,34,9629,232889,12117,315337,9696,548226,California
Orange,2021-03-03,21439,885405,10178,476047,11256,409319,5,39,11548,234706,9801,325138,11618,559844,California
Orange,2021-03-04,24149,909554,13841,489888,10295,419614,13,52,12327,235337,11768,336906,12399,572243,California
Orange,2021-03-05,23783,933337,12535,502423,11200,430814,48,100,14277,240310,9453,346359,14426,586669,California
Orange,2021-03-06,25222,958559,13879,516302,10453,441267,890,990,13390,242864,11773,358132,14327,600996,California
Orange,2021-03-07,16598,975157,8970,525272,6754,448021,874,1864,9500,246243,7049,365181,10428,611424,California
Orange,2021-03-08,18697,993854,8688,533960,8585,456606,1424,3288,11714,252527,6907,372088,13191,624615,California
Orange,2021-03-09,21942,1015796,10056,544016,9266,465872,2620,5908,12846,258957,9049,381137,15479,640094,California
Orange,2021-03-10,25236,1041032,12382,556398,9368,475240,3486,9394,12643,262582,12516,393653,16141,656235,California
Orange,2021-03-11,29711,1070743,16065,572463,9333,484573,4313,13707,13676,264657,15924,409577,17999,674234,California
Orange,2021-03-12,29748,1100491,14482,586945,11369,495942,3897,17604,14844,268628,14801,424378,18772,693006,California
Orange,2021-03-13,28102,1128593,10343,597288,13782,509724,3977,21581,14172,272913,13863,438241,18148,711154,California
Orange,2021-03-14,19068,1147661,8294,605582,8217,517941,2557,24138,11859,280160,7168,445409,14415,725569,California
Orange,2021-03-15,23398,1171059,10328,615910,12299,530240,771,24909,14425,286493,8868,454277,15201,740770,California
Orange,2021-03-16,26737,1197796,11333,627243,15130,545370,274,25183,17149,294452,9490,463767,17449,758219,California
Orange,2021-03-17,27701,1225497,13773,641016,13361,558731,567,25750,19612,306632,8002,471769,20182,778401,California
Orange,2021-03-18,28264,1253761,14286,655302,13672,572403,306,26056,21776,322327,6401,478170,22096,800497,California
Orange,2021-03-19,34205,1287966,18898,674200,14852,587255,455,26511,25258,339235,8817,486987,25725,826222,California
Orange,2021-03-20,26136,1314102,13809,688009,12124,599379,203,26714,22219,357829,3839,490826,22433,848655,California
Orange,2021-03-21,18889,1332991,10956,698965,7189,606568,744,27458,15948,371628,2895,493721,16694,865349,California
Orange,2021-03-22,23052,1356043,11972,710937,10756,617324,324,27782,19321,387664,3619,497340,19655,885004,California
Orange,2021-03-23,26430,1382473,13799,724736,11983,629307,648,28430,20856,403703,5474,502814,21513,906517,California
Orange,2021-03-24,29545,1412018,16555,741291,12059,641366,931,29361,22072,419358,7352,510166,23007,929524,California
Orange,2021-03-25,32782,1444800,17441,758732,14623,655989,718,30079,24192,435800,8474,518640,24916,954440,California
Orange,2021-03-26,35194,1479994,18297,777029,16029,672018,868,30947,24631,450887,10422,529062,25509,979949,California
Orange,2021-03-27,28715,1508709,13771,790800,14627,686645,317,31264,19660,461921,8946,538008,19980,999929,California
Orange,2021-03-28,25071,1533780,13058,803858,11945,698590,68,31332,18588,474197,6387,544395,18663,1018592,California
Orange,2021-03-29,26783,1560563,12296,816154,13919,712509,568,31900,17763,483635,8896,553291,18334,1036926,California
Orange,2021-03-30,31136,1591699,14095,830249,16398,728907,643,32543,20446,494137,10585,563876,21087,1058013,California
Orange,2021-03-31,37490,1629189,19676,849925,17088,745995,726,33269,23723,504966,13620,577496,24449,1082462,California
Orange,2021-04-01,41010,1670199,21517,871442,17531,763526,1962,35231,25883,517875,14914,592410,27823,1110285,California
Orange,2021-04-02,40504,1710703,20428,891870,18208,781734,1868,37099,21972,523319,18402,610812,23846,1134131,California
Orange,2021-04-03,30619,1741322,15871,907741,12963,794697,1785,38884,14140,522851,16383,627195,15915,1150046,California
Orange,2021-04-04,18528,1759850,10755,918496,6997,801694,776,39660,7988,521137,10473,637668,8759,1158805,California
Orange,2021-04-05,30379,1790229,14189,932685,12715,814409,3475,43135,13197,520726,17075,654743,16664,1175469,California
Orange,2021-04-06,33661,1823890,15761,948446,14443,828852,3457,46592,14130,518868,19418,674161,17560,1193029,California
Orange,2021-04-07,36549,1860439,20324,968770,11556,840408,4669,51261,16011,519079,20429,694590,20640,1213669,California
Orange,2021-04-08,39564,1900003,21871,990641,12121,852529,5572,56833,19003,523191,20420,715010,24532,1238201,California
Orange,2021-04-09,41437,1941440,24102,1014743,12017,864546,5318,62151,18045,523236,23275,738285,23320,1261521,California
Orange,2021-04-10,34900,1976340,18421,1033164,12169,876715,4310,66461,14283,521292,20511,758796,18567,1280088,California
Orange,2021-04-11,25924,2002264,14674,1047838,7943,884658,3307,69768,9879,518469,15984,774780,13161,1293249,California
Orange,2021-04-12,30883,2033147,15595,1063433,11638,896296,3650,73418,12110,515533,18678,793458,15742,1308991,California
Orange,2021-04-13,32957,2066104,18556,1081989,14330,910626,71,73489,15284,513318,17572,811030,15357,1324348,California
Orange,2021-04-14,35135,2101239,20609,1102598,14488,925114,38,73527,15208,508773,19802,830832,15257,1339605,California
Orange,2021-04-15,40966,2142205,24970,1127568,15980,941094,16,73543,19023,506003,21804,852636,19034,1358639,California
Orange,2021-04-16,42230,2184435,24813,1152381,17387,958481,30,73573,18997,501963,23080,875716,19040,1377679,California
Orange,2021-04-17,30881,2215316,17461,1169842,13413,971894,7,73580,13465,498178,17263,892979,13478,1391157,California
Orange,2021-04-18,22398,2237714,13642,1183484,8755,980649,1,73581,8868,493604,13447,906426,8873,1400030,California
Orange,2021-04-19,33151,2270865,18319,1201803,14829,995478,3,73584,15223,491020,17816,924242,15232,1415262,California
Orange,2021-04-20,36677,2307542,19399,1221202,17271,1012749,7,73591,18209,490884,18358,942600,18222,1433484,California
Orange,2021-04-21,42622,2350164,24980,1246182,17633,1030382,9,73600,20159,488790,22270,964870,20176,1453660,California
Orange,2021-04-22,40375,2390539,21619,1267801,18744,1049126,12,73612,16750,482100,23460,988330,16770,1470430,California
Orange,2021-04-23,41298,2431837,21692,1289493,19598,1068724,8,73620,18440,477837,22720,1011050,18457,1488887,California
Orange,2021-04-24,32486,2464323,16910,1306403,15544,1084268,32,73652,13536,472566,18842,1029892,13571,1502458,California
Orange,2021-04-25,23176,2487499,13075,1319478,10086,1094354,15,73667,9884,469265,13207,1043099,9906,1512364,California
Orange,2021-04-26,29463,2516962,14629,1334107,14635,1108989,199,73866,12731,465597,16600,1059699,12932,1525296,California
Orange,2021-04-27,31736,2548698,15038,1349145,16062,1125051,636,74502,11985,458659,19566,1079265,12628,1537924,California
Orange,2021-04-28,31594,2580292,16045,1365190,14662,1139713,887,75389,12666,453429,18780,1098045,13550,1551474,California
Orange,2021-04-29,32686,2612978,18028,1383218,13682,1153395,976,76365,11604,445062,20939,1118984,12572,1564046,California
Orange,2021-04-30,30604,2643582,17648,1400866,12008,1165403,948,77313,13051,441632,17417,1136401,13987,1578033,California
Orange,2021-05-01,23311,2666893,15879,1416745,6443,1171846,989,78302,8939,437322,14230,1150631,9920,1587953,California
Orange,2021-05-02,15529,2682422,10358,1427103,4527,1176373,644,78946,5413,433335,10038,1160669,6051,1594004,California
Orange,2021-05-03,20783,2703205,12712,1439815,7307,1183680,764,79710,6530,426479,14148,1174817,7292,1601296,California
Orange,2021-05-04,24271,2727476,14043,1453858,9304,1192984,924,80634,8279,419803,15866,1190683,9190,1610486,California
Orange,2021-05-05,25523,2752999,14510,1468368,10115,1203099,898,81532,8194,411715,17178,1207861,9090,1619576,California
Orange,2021-05-06,27021,2780020,16501,1484869,9514,1212613,1006,82538,7413,400669,19457,1227318,8411,1627987,California
Orange,2021-05-07,29596,2809616,17961,1502830,10577,1223190,1058,83596,8217,388789,21147,1248465,9267,1637254,California
Orange,2021-05-08,19259,2828875,12877,1515707,5579,1228769,803,84399,5564,381595,13552,1262017,6358,1643612,California
Orange,2021-05-09,11212,2840087,8551,1524258,2283,1231052,378,84777,2822,376455,8338,1270355,3198,1646810,California
Orange,2021-05-10,19604,2859691,12090,1536348,6727,1237779,787,85564,4316,366375,15183,1285538,5103,1651913,California
Orange,2021-05-11,22824,2882515,12919,1549267,9166,1246945,739,86303,5402,355209,17300,1302838,6134,1658047,California
Orange,2021-05-12,24177,2906692,15055,1564322,8285,1255230,837,87140,6557,345129,17470,1320308,7390,1665437,California
Orange,2021-05-13,22183,2928875,13766,1578088,7800,1263030,617,87757,8174,340030,13891,1334199,8792,1674229,California
Orange,2021-05-14,26929,2955804,17817,1595905,8258,1271288,854,88611,10469,335018,16305,1350504,11293,1685522,California
Orange,2021-05-15,20504,2976308,14807,1610712,5145,1276433,552,89163,8305,331747,12121,1362625,8850,1694372,California
Orange,2021-05-16,15600,2991908,12870,1623582,2389,1278822,341,89504,6698,329951,8831,1371456,7035,1701407,California
Orange,2021-05-17,19597,3011505,12879,1636461,6017,1284839,701,90205,6910,324939,12609,1384065,7597,1709004,California
Orange,2021-05-18,20665,3032170,12049,1648510,7943,1292782,673,90878,8004,321055,12552,1396617,8668,1717672,California
Orange,2021-05-19,22600,3054770,12952,1661462,8975,1301757,673,91551,7718,314683,14752,1411369,8380,1726052,California
Orange,2021-05-20,22616,3077386,13270,1674732,8672,1310429,674,92225,7726,308311,14767,1426136,8395,1734447,California
Orange,2021-05-21,25953,3103339,14992,1689724,10237,1320666,724,92949,8286,299782,17535,1443671,9006,1743453,California
Orange,2021-05-22,18374,3121713,12249,1701973,5577,1326243,548,93497,6997,296051,11276,1454947,7545,1750998,California
Orange,2021-05-23,10102,3131815,6983,1708956,2845,1329088,274,93771,3533,293345,6513,1461460,3807,1754805,California
Orange,2021-05-24,15707,3147522,9335,1718291,5748,1334836,624,94395,5788,289931,9819,1471279,6405,1761210,California
Orange,2021-05-25,15668,3163190,9230,1727521,5913,1340749,525,94920,5566,286034,9982,1481261,6085,1767295,California
Orange,2021-05-26,15282,3178472,8573,1736094,6208,1346957,501,95421,5617,282578,9564,1490825,6108,1773403,California
Orange,2021-05-27,14432,3192904,8684,1744778,5196,1352153,552,95973,6288,281347,8063,1498888,6832,1780235,California
Orange,2021-05-28,16847,3209751,9932,1754710,6284,1358437,631,96604,7360,279941,9385,1508273,7979,1788214,California
Orange,2021-05-29,9041,3218792,5305,1760015,3377,1361814,359,96963,4071,279461,4906,1513179,4426,1792640,California
Orange,2021-05-30,6058,3224850,3937,1763952,1840,1363654,281,97244,2164,278044,3857,1517036,2440,1795080,California
Orange,2021-05-31,1708,3226558,1060,1765012,600,1364254,48,97292,523,277454,1160,1518196,570,1795650,California
Orange,2021-06-01,13448,3240006,7815,1772827,5138,1369392,495,97787,4990,274603,8328,1526524,5477,1801127,California
Orange,2021-06-02,13062,3253068,8093,1780920,4551,1373943,418,98205,4460,271030,8445,1534969,4872,1805999,California
Orange,2021-06-03,12938,3266006,8931,1789851,3551,1377494,456,98661,4399,267411,8470,1543439,4851,1810850,California
Orange,2021-06-04,17205,3283211,12202,1802053,4426,1381920,577,99238,5244,261361,11874,1555313,5824,1816674,California
Orange,2021-06-05,12990,3296201,9808,1811861,2801,1384721,381,99619,3841,256502,9087,1564400,4228,1820902,California
Orange,2021-06-06,5397,3301598,4585,1816446,609,1385330,203,99822,1819,254977,3554,1567954,2029,1822931,California
Orange,2021-06-07,10821,3312419,7647,1824093,2707,1388037,467,100289,3319,251330,7427,1575381,3780,1826711,California
Orange,2021-06-08,12221,3324640,8801,1832894,2910,1390947,510,100799,3774,247263,8352,1583733,4285,1830996,California
Orange,2021-06-09,11806,3336446,8165,1841059,3182,1394129,459,101258,3317,242633,8401,1592134,3771,1834767,California
Orange,2021-06-10,11638,3348084,8472,1849531,2698,1396827,468,101726,3416,238353,8158,1600292,3878,1838645,California
Orange,2021-06-11,13352,3361436,9402,1858933,3451,1400278,499,102225,4309,234211,8947,1609239,4805,1843450,California
Orange,2021-06-12,9820,3371256,7517,1866450,1985,1402263,318,102543,2983,230742,6779,1616018,3310,1846760,California
Orange,2021-06-13,4074,3375330,2976,1869426,934,1403197,164,102707,1020,228911,3018,1619036,1187,1847947,California
Orange,2021-06-14,9872,3385202,7193,1876619,2216,1405413,463,103170,3257,226080,6550,1625586,3719,1851666,California
Orange,2021-06-15,10225,3395427,7369,1883988,2421,1407834,435,103605,3572,223506,6579,1632165,4005,1855671,California
Orange,2021-06-16,9583,3405010,6880,1890868,2232,1410066,471,104076,3277,221006,6243,1638408,3743,1859414,California
Orange,2021-06-17,9444,3414454,7116,1897984,1956,1412022,372,104448,3356,218710,6023,1644431,3727,1863141,California
Orange,2021-06-18,11267,3425721,8221,1906205,2546,1414568,500,104948,3905,215830,7282,1651713,4402,1867543,California
Orange,2021-06-19,6340,3432061,4712,1910917,1381,1415949,247,105195,2608,215011,3679,1655392,2860,1870403,California
Orange,2021-06-20,3076,3435137,2385,1913302,597,1416546,94,105289,1029,214101,2034,1657426,1124,1871527,California
Orange,2021-06-21,6685,3441822,4588,1917890,1659,1418205,438,105727,3579,215045,3075,1660501,4019,1875546,California
Orange,2021-06-22,7756,3449578,5726,1923616,1673,1419878,357,106084,2950,213624,4731,1665232,3310,1878856,California
Orange,2021-06-23,7412,3456990,5559,1929175,1545,1421423,308,106392,3010,212591,4351,1669583,3318,1882174,California
Orange,2021-06-24,7267,3464257,5438,1934613,1447,1422870,382,106774,3102,211948,4127,1673710,3484,1885658,California
Orange,2021-06-25,8814,3473071,6448,1941061,1986,1424856,380,107154,3381,210325,5381,1679091,3758,1889416,California
Orange,2021-06-26,5959,3479030,4561,1945622,1171,1426027,227,107381,2525,209687,3392,1682483,2754,1892170,California
Orange,2021-06-27,3447,3482477,2795,1948417,540,1426567,112,107493,1481,209341,1943,1684426,1597,1893767,California
Orange,2021-06-28,6307,3488784,5072,1953489,879,1427446,356,107849,2796,209035,3457,1687883,3151,1896918,California
Orange,2021-06-29,6349,3495133,4675,1958164,1420,1428866,254,108103,2617,208228,3679,1691562,2872,1899790,California
Orange,2021-06-30,6249,3501382,4513,1962677,1470,1430336,266,108369,2760,207842,3411,1694973,3025,1902815,California
Orange,2021-07-01,5993,3507375,4597,1967274,1146,1431482,250,108619,2755,207664,3182,1698155,3004,1905819,California
Orange,2021-07-02,7152,3514527,5320,1972594,1496,1432978,336,108955,3111,207100,4009,1702164,3445,1909264,California
Orange,2021-07-03,4089,3518616,3012,1975606,939,1433917,138,109093,1864,206913,2190,1704354,2003,1911267,California
Orange,2021-07-04,339,3518955,218,1975824,107,1434024,14,109107,144,206881,191,1704545,159,1911426,California
Orange,2021-07-05,3865,3522820,2962,1978786,769,1434793,134,109241,1833,206850,2000,1706545,1969,1913395,California
Orange,2021-07-06,6648,3529468,4902,1983688,1421,1436214,325,109566,2542,205667,4049,1710594,2866,1916261,California
Orange,2021-07-07,5648,3535116,4194,1987882,1215,1437429,239,109805,2332,204958,3277,1713871,2568,1918829,California
Orange,2021-07-08,5727,3540843,4352,1992234,1126,1438555,249,110054,2253,204027,3431,1717302,2500,1921329,California
Orange,2021-07-09,6659,3547502,4904,1997138,1426,1439981,329,110383,2709,203166,3900,1721202,3039,1924368,California
Orange,2021-07-10,4290,3551792,3277,2000415,867,1440848,146,110529,1784,202628,2464,1723666,1926,1926294,California
Orange,2021-07-11,2214,3554006,1746,2002161,436,1441284,32,110561,1080,202626,1115,1724781,1113,1927407,California
Orange,2021-07-12,4116,3558122,3047,2005208,907,1442191,162,110723,1428,201557,2658,1727439,1589,1928996,California
Placer,2020-12-15,30,30,30,30,0,0,0,0,30,30,0,0,30,30,California
Placer,2020-12-16,62,92,62,92,0,0,0,0,62,92,0,0,62,92,California
Placer,2020-12-17,148,240,148,240,0,0,0,0,148,240,0,0,148,240,California
Placer,2020-12-18,429,669,429,669,0,0,0,0,429,669,0,0,429,669,California
Placer,2020-12-19,254,923,254,923,0,0,0,0,254,923,0,0,254,923,California
Placer,2020-12-20,235,1158,235,1158,0,0,0,0,235,1158,0,0,235,1158,California
Placer,2020-12-21,502,1660,500,1658,2,2,0,0,502,1660,0,0,502,1660,California
Placer,2020-12-22,681,2341,674,2332,7,9,0,0,681,2341,0,0,681,2341,California
Placer,2020-12-23,762,3103,673,3005,89,98,0,0,762,3103,0,0,762,3103,California
Placer,2020-12-24,411,3514,357,3362,54,152,0,0,411,3514,0,0,411,3514,California
Placer,2020-12-26,161,3675,116,3478,45,197,0,0,161,3675,0,0,161,3675,California
Placer,2020-12-27,184,3859,161,3639,23,220,0,0,184,3859,0,0,184,3859,California
Placer,2020-12-28,676,4535,548,4187,128,348,0,0,675,4533,1,1,675,4534,California
Placer,2020-12-29,770,5305,517,4704,253,601,0,0,770,5303,0,1,770,5304,California
Placer,2020-12-30,736,6041,461,5165,275,876,0,0,734,6037,0,1,734,6038,California
Placer,2020-12-31,548,6589,360,5525,188,1064,0,0,548,6585,0,1,548,6586,California
Placer,2021-01-01,17,6606,12,5537,5,1069,0,0,17,6602,0,1,17,6603,California
Placer,2021-01-02,187,6793,155,5692,32,1101,0,0,187,6789,0,1,187,6790,California
Placer,2021-01-03,155,6948,80,5772,75,1176,0,0,155,6944,0,1,155,6945,California
Placer,2021-01-04,626,7574,182,5954,444,1620,0,0,626,7570,0,1,626,7571,California
Placer,2021-01-05,739,8313,162,6116,577,2197,0,0,649,8131,89,90,650,8221,California
Placer,2021-01-06,766,9079,248,6364,518,2715,0,0,611,8587,155,245,611,8832,California
Placer,2021-01-07,994,10073,373,6737,621,3336,0,0,765,9124,228,473,765,9597,California
Placer,2021-01-08,1192,11265,533,7270,659,3995,0,0,796,9528,392,865,796,10393,California
Placer,2021-01-09,457,11722,321,7591,136,4131,0,0,240,9552,216,1081,240,10633,California
Placer,2021-01-10,335,12057,187,7778,148,4279,0,0,167,9551,168,1249,167,10800,California
Placer,2021-01-11,1440,13497,818,8596,622,4901,0,0,843,9798,597,1846,844,11644,California
Placer,2021-01-12,1684,15181,897,9493,787,5688,0,0,1067,10250,616,2462,1068,12712,California
Placer,2021-01-13,1661,16842,840,10333,821,6509,0,0,1228,11050,431,2893,1231,13943,California
Placer,2021-01-14,1836,18678,686,11019,1150,7659,0,0,1459,12137,374,3267,1461,15404,California
Placer,2021-01-15,1955,20633,732,11751,1223,8882,0,0,1600,13384,354,3621,1601,17005,California
Placer,2021-01-16,1514,22147,718,12469,796,9678,0,0,1392,14655,122,3743,1393,18398,California
Placer,2021-01-17,577,22724,402,12871,175,9853,0,0,438,14955,138,3881,438,18836,California
Placer,2021-01-18,987,23711,546,13417,441,10294,0,0,750,15469,237,4118,751,19587,California
Placer,2021-01-19,2632,26343,1970,15387,662,10956,0,0,2177,17192,455,4573,2178,21765,California
Placer,2021-01-20,2348,28691,1768,17155,580,11536,0,0,2008,18861,340,4913,2009,23774,California
Placer,2021-01-21,2591,31282,1138,18293,1453,12989,0,0,2185,20643,404,5317,2186,25960,California
Placer,2021-01-22,2355,33637,632,18925,1723,14712,0,0,2175,22641,178,5495,2176,28136,California
Placer,2021-01-23,1207,34844,388,19313,819,15531,0,0,1047,23529,159,5654,1047,29183,California
Placer,2021-01-24,522,35366,274,19587,248,15779,0,0,440,23888,82,5736,441,29624,California
Placer,2021-01-25,1684,37050,806,20393,878,16657,0,0,1387,24979,297,6033,1388,31012,California
Placer,2021-01-26,1889,38939,1047,21440,842,17499,0,0,1615,26320,274,6307,1615,32627,California
Placer,2021-01-27,1865,40804,1171,22611,694,18193,0,0,1614,27686,249,6556,1615,34242,California
Placer,2021-01-28,1824,42628,1124,23735,700,18893,0,0,1573,29010,249,6805,1573,35815,California
Placer,2021-01-29,1936,44564,1180,24915,756,19649,0,0,1733,30543,201,7006,1734,37549,California
Placer,2021-01-30,1747,46311,971,25886,776,20425,0,0,1626,32049,120,7126,1626,39175,California
Placer,2021-01-31,787,47098,626,26512,161,20586,0,0,716,32694,71,7197,716,39891,California
Placer,2021-02-01,2094,49192,1104,27616,990,21576,0,0,1773,34148,319,7516,1773,41664,California
Placer,2021-02-02,2417,51609,1553,29169,864,22440,0,0,1908,35550,506,8022,1908,43572,California
Placer,2021-02-03,2930,54539,1881,31050,1049,23489,0,0,2295,37215,630,8652,2295,45867,California
Placer,2021-02-04,2789,57328,1193,32243,1596,25085,0,0,1944,38320,840,9492,1945,47812,California
Placer,2021-02-05,2819,60147,1284,33527,1535,26620,0,0,1438,38401,1357,10849,1438,49250,California
Placer,2021-02-06,1997,62144,1334,34861,663,27283,0,0,1441,39287,555,11404,1441,50691,California
Placer,2021-02-07,1230,63374,914,35775,316,27599,0,0,937,39932,292,11696,937,51628,California
Placer,2021-02-08,3308,66682,1757,37532,1551,29150,0,0,1956,40563,1326,13022,1957,53585,California
Placer,2021-02-09,3583,70265,2195,39727,1388,30538,0,0,1653,40290,1926,14948,1653,55238,California
Placer,2021-02-10,3798,74063,2218,41945,1580,32118,0,0,1722,39944,2069,17017,1723,56961,California
Placer,2021-02-11,3738,77801,1923,43868,1815,33933,0,0,1584,39391,2138,19155,1585,58546,California
Placer,2021-02-12,2902,80703,1349,45217,1553,35486,0,0,1686,39900,1178,20333,1687,60233,California
Placer,2021-02-13,2627,83330,1472,46689,1155,36641,0,0,1931,41135,696,21029,1931,62164,California
Placer,2021-02-14,1100,84430,687,47376,413,37054,0,0,744,41525,354,21383,744,62908,California
Placer,2021-02-15,2265,86695,1050,48426,1215,38269,0,0,1553,42367,712,22095,1554,64462,California
Placer,2021-02-16,3609,90304,1806,50232,1803,40072,0,0,1603,41975,1996,24091,1604,66066,California
Placer,2021-02-17,3583,93887,1991,52223,1592,41664,0,0,1526,41448,2053,26144,1526,67592,California
Placer,2021-02-18,3857,97744,2080,54303,1777,43441,0,0,1644,40892,2201,28345,1645,69237,California
Placer,2021-02-19,3667,101411,1973,56276,1694,45135,0,0,1367,39973,2288,30633,1369,70606,California
Placer,2021-02-20,2111,103522,1311,57587,800,45935,0,0,948,39770,1156,31789,953,71559,California
Placer,2021-02-21,1181,104703,774,58361,407,46342,0,0,428,39448,751,32540,429,71988,California
Placer,2021-02-22,2630,107333,1841,60202,789,47131,0,0,620,38062,2006,34546,620,72608,California
Placer,2021-02-23,2720,110053,1661,61863,1059,48190,0,0,916,37176,1802,36348,916,73524,California
Placer,2021-02-24,3437,113490,1232,63095,2205,50395,0,0,1846,37446,1578,37926,1848,75372,California
Placer,2021-02-25,3835,117325,1585,64680,2250,52645,0,0,2081,37786,1744,39670,2084,77456,California
Placer,2021-02-26,4332,121657,2490,67170,1842,54487,0,0,2494,38449,1832,41502,2495,79951,California
Placer,2021-02-27,2949,124606,1546,68716,1403,55890,0,0,1520,38547,1424,42926,1522,81473,California
Placer,2021-02-28,1630,126236,888,69604,741,56631,1,1,742,38407,883,43809,743,82216,California
Placer,2021-03-01,3215,129451,2135,71739,1080,57711,0,1,1634,38471,1570,45379,1634,83850,California
Placer,2021-03-02,2935,132386,1803,73542,1132,58843,0,1,1909,39367,1013,46392,1909,85759,California
Placer,2021-03-03,3408,135794,1486,75028,1921,60764,1,2,1864,39699,1534,47926,1866,87625,California
Placer,2021-03-04,3660,139454,1467,76495,2193,62957,0,2,1898,39849,1749,49675,1899,89524,California
Placer,2021-03-05,3025,142479,1037,77532,1967,64924,21,23,1817,40484,1203,50878,1838,91362,California
Placer,2021-03-06,2450,144929,1516,79048,838,65762,96,119,944,40026,1498,52376,1040,92402,California
Placer,2021-03-07,1383,146312,773,79821,552,66314,58,177,559,39822,820,53196,616,93018,California
Placer,2021-03-08,2953,149265,1848,81669,987,67301,118,295,1663,40318,1285,54481,1781,94799,California
Placer,2021-03-09,3221,152486,1711,83380,1417,68718,93,388,1849,40891,1369,55850,1942,96741,California
Placer,2021-03-10,3323,155809,1341,84721,1876,70594,106,494,1730,41140,1587,57437,1836,98577,California
Placer,2021-03-11,3687,159496,1679,86400,1881,72475,127,621,1755,41104,1919,59356,1883,100460,California
Placer,2021-03-12,3721,163217,1498,87898,1442,73917,781,1402,1249,40675,2459,61815,2030,102490,California
Placer,2021-03-13,2221,165438,753,88651,1344,75261,124,1526,1183,40948,1033,62848,1306,103796,California
Placer,2021-03-14,1712,167150,685,89336,878,76139,149,1675,894,41175,816,63664,1043,104839,California
Placer,2021-03-15,3231,170381,1552,90888,1549,77688,130,1805,1774,41627,1453,65117,1905,106744,California
Placer,2021-03-16,3643,174024,1966,92854,1543,79231,134,1939,2312,42754,1320,66437,2447,109191,California
Placer,2021-03-17,3474,177498,1747,94601,1623,80854,104,2043,2225,43841,1244,67681,2331,111522,California
Placer,2021-03-18,4132,181630,2346,96947,1746,82600,40,2083,2866,45488,1257,68938,2904,114426,California
Placer,2021-03-19,3478,185108,2083,99030,1126,83726,269,2352,2160,46607,1307,70245,2426,116852,California
Placer,2021-03-20,2203,187311,909,99939,1195,84921,99,2451,1341,47190,856,71101,1439,118291,California
Placer,2021-03-21,1318,188629,587,100526,721,85642,10,2461,796,47478,518,71619,806,119097,California
Placer,2021-03-22,3328,191957,2131,102657,1106,86748,91,2552,2154,48555,1168,72787,2245,121342,California
Placer,2021-03-23,3594,195551,2126,104783,1380,88128,88,2640,2562,50179,1026,73813,2650,123992,California
Placer,2021-03-24,3811,199362,2008,106791,1706,89834,97,2737,1908,50305,1880,75693,2006,125998,California
Placer,2021-03-25,3882,203244,1876,108667,1905,91739,101,2838,1693,49923,2175,77868,1793,127791,California
Placer,2021-03-26,3789,207033,1675,110342,1882,93621,232,3070,1503,49388,2270,80138,1735,129526,California
Placer,2021-03-27,1645,208678,482,110824,1142,94763,21,3091,634,49039,1003,81141,654,130180,California
Placer,2021-03-28,1131,209809,527,111351,594,95357,10,3101,298,48530,817,81958,308,130488,California
Placer,2021-03-29,3584,213393,2002,113353,1546,96903,36,3137,1727,48450,1846,83804,1766,132254,California
Placer,2021-03-30,3983,217376,2092,115445,1847,98750,44,3181,2076,48675,1892,85696,2117,134371,California
Placer,2021-03-31,4128,221504,1837,117282,2216,100966,75,3256,1689,48007,2430,88126,1762,136133,California
Placer,2021-04-01,3013,224517,1450,118732,1515,102481,48,3304,1676,48405,1326,89452,1724,137857,California
Placer,2021-04-02,2858,227375,1454,120186,1337,103818,67,3371,1603,48825,1247,90699,1667,139524,California
Placer,2021-04-03,1867,229242,997,121183,741,104559,129,3500,894,48881,965,91664,1021,140545,California
Placer,2021-04-04,720,229962,368,121551,299,104858,53,3553,285,48789,429,92093,337,140882,California
Placer,2021-04-05,3029,232991,1909,123460,934,105792,186,3739,1753,49460,1268,93361,1939,142821,California
Placer,2021-04-06,4331,237322,2500,125960,1529,107321,302,4041,1531,48503,2789,96150,1832,144653,California
Placer,2021-04-07,4575,241897,2614,128574,1498,108819,463,4504,2086,48567,2482,98632,2546,147199,California
Placer,2021-04-08,4746,246643,2619,131193,1584,110403,543,5047,1589,47554,3145,101777,2132,149331,California
Placer,2021-04-09,4164,250807,2281,133474,1256,111659,627,5674,1251,46531,2902,104679,1879,151210,California
Placer,2021-04-10,2120,252927,888,134362,1048,112707,184,5858,925,46446,1193,105872,1108,152318,California
Placer,2021-04-11,1394,254321,535,134897,826,113533,33,5891,445,45979,944,106816,477,152795,California
Placer,2021-04-12,4141,258462,2661,137558,1091,114624,389,6280,2469,47174,1662,108478,2857,155652,California
Placer,2021-04-13,4373,262835,3007,140565,1365,115989,1,6281,2187,47184,2179,110657,2189,157841,California
Placer,2021-04-14,4180,267015,2596,143161,1583,117572,1,6282,1858,46733,2309,112966,1858,159699,California
Placer,2021-04-15,4527,271542,2520,145681,2006,119578,1,6283,2357,46930,2161,115127,2358,162057,California
Placer,2021-04-16,3717,275259,2203,147884,1514,121092,0,6283,1447,46114,2263,117390,1447,163504,California
Placer,2021-04-17,2646,277905,855,148739,1791,122883,0,6283,1731,46936,909,118299,1731,165235,California
Placer,2021-04-18,1274,279179,302,149041,972,123855,0,6283,442,46548,830,119129,442,165677,California
Placer,2021-04-19,2973,282152,1834,150875,1139,124994,0,6283,1170,45922,1797,120926,1171,166848,California
Placer,2021-04-20,3913,286065,2558,153433,1355,126349,0,6283,2448,46915,1455,122381,2448,169296,California
Placer,2021-04-21,3823,289888,2540,155973,1282,127631,1,6284,2485,48068,1333,123714,2486,171782,California
Placer,2021-04-22,3749,293637,2335,158308,1414,129045,0,6284,1793,47911,1950,125664,1793,173575,California
Placer,2021-04-23,3586,297223,2386,160694,1199,130244,1,6285,1404,47141,2175,127839,1405,174980,California
Placer,2021-04-24,2095,299318,1268,161962,826,131070,1,6286,1226,47509,858,128697,1226,176206,California
Placer,2021-04-25,939,300257,503,162465,436,131506,0,6286,556,47682,383,129080,556,176762,California
Placer,2021-04-26,2515,302772,1360,163825,1131,132637,24,6310,1214,47627,1292,130372,1237,177999,California
Placer,2021-04-27,2797,305569,1483,165308,1264,133901,50,6360,1586,48059,1206,131578,1638,179637,California
Placer,2021-04-28,3062,308631,1916,167224,1109,135010,37,6397,1614,48273,1438,133016,1652,181289,California
Placer,2021-04-29,3449,312080,2251,169475,1145,136155,53,6450,1456,47795,1987,135003,1509,182798,California
Placer,2021-04-30,3045,315125,1851,171326,1147,137302,47,6497,1227,47257,1812,136815,1274,184072,California
Placer,2021-05-01,1347,316472,940,172266,382,137684,25,6522,616,47172,725,137540,640,184712,California
Placer,2021-05-02,738,317210,574,172840,142,137826,22,6544,332,47122,404,137944,354,185066,California
Placer,2021-05-03,1620,318830,1000,173840,554,138380,66,6610,443,46459,1171,139115,508,185574,California
Placer,2021-05-04,2368,321198,1360,175200,843,139223,165,6775,877,46017,1484,140599,1042,186616,California
Placer,2021-05-05,3728,324926,2534,177734,1088,140311,106,6881,976,44358,2740,143339,1081,187697,California
Placer,2021-05-06,3115,328041,1908,179642,1131,141442,76,6957,820,42987,2267,145606,896,188593,California
Placer,2021-05-07,2839,330880,1914,181556,832,142274,93,7050,799,41852,2027,147633,892,189485,California
Placer,2021-05-08,1418,332298,740,182296,636,142910,42,7092,417,41310,999,148632,457,189942,California
Placer,2021-05-09,456,332754,223,182519,212,143122,21,7113,212,41299,244,148876,233,190175,California
Placer,2021-05-10,1929,334683,1030,183549,803,143925,96,7209,424,40319,1500,150376,520,190695,California
Placer,2021-05-11,3041,337724,2201,185750,722,144647,118,7327,656,38719,2374,152750,774,191469,California
Placer,2021-05-12,2894,340618,2004,187754,833,145480,57,7384,684,37260,2202,154952,743,192212,California
Placer,2021-05-13,2872,343490,1855,189609,970,146450,47,7431,1011,36458,1859,156811,1057,193269,California
Placer,2021-05-14,2859,346349,1876,191485,847,147297,136,7567,1377,36498,1467,158278,1507,194776,California
Placer,2021-05-15,2107,348456,1367,192852,716,148013,24,7591,936,36294,1164,159442,960,195736,California
Placer,2021-05-16,1197,349653,530,193382,648,148661,19,7610,339,35797,855,160297,358,196094,California
Placer,2021-05-17,2360,352013,1570,194952,713,149374,77,7687,1016,35550,1340,161637,1093,197187,California
Placer,2021-05-18,2516,354529,1684,196636,752,150126,80,7767,1128,35373,1384,163021,1207,198394,California
Placer,2021-05-19,2546,357075,1597,198233,903,151029,46,7813,873,34624,1668,164689,919,199313,California
Placer,2021-05-20,2546,359621,1650,199883,848,151877,48,7861,864,33863,1674,166363,913,200226,California
Placer,2021-05-21,2456,362077,1533,201416,778,152655,145,8006,1059,33676,1389,167752,1202,201428,California
Placer,2021-05-22,1616,363693,1065,202481,509,153164,42,8048,765,33637,846,168598,807,202235,California
Placer,2021-05-23,701,364394,359,202840,326,153490,16,8064,280,33513,421,169019,297,202532,California
Placer,2021-05-24,1519,365913,773,203613,609,154099,137,8201,450,33033,1067,170086,587,203119,California
Placer,2021-05-25,1797,367710,947,204560,750,154849,100,8301,642,32628,1147,171233,742,203861,California
Placer,2021-05-26,1588,369298,910,205470,639,155488,39,8340,614,32313,969,172202,654,204515,California
Placer,2021-05-27,1466,370764,723,206193,697,156185,46,8386,665,32231,793,172995,711,205226,California
Placer,2021-05-28,1709,372473,856,207049,756,156941,97,8483,725,32075,978,173973,822,206048,California
Placer,2021-05-29,754,373227,406,207455,317,157258,31,8514,379,32112,372,174345,409,206457,California
Placer,2021-05-30,343,373570,231,207686,98,157356,14,8528,211,32206,131,174476,225,206682,California
Placer,2021-05-31,148,373718,70,207756,61,157417,17,8545,30,32135,117,174593,46,206728,California
Placer,2021-06-01,1679,375397,884,208640,723,158140,72,8617,592,31716,1082,175675,663,207391,California
Placer,2021-06-02,1506,376903,759,209399,680,158820,67,8684,487,31252,1018,176693,554,207945,California
Placer,2021-06-03,1703,378606,1033,210432,611,159431,59,8743,429,30471,1268,177961,487,208432,California
Placer,2021-06-04,1868,380474,1326,211758,488,159919,54,8797,457,29579,1401,179362,509,208941,California
Placer,2021-06-05,1092,381566,773,212531,278,160197,41,8838,268,29068,820,180182,309,209250,California
Placer,2021-06-06,503,382069,362,212893,124,160321,17,8855,125,28833,377,180559,142,209392,California
Placer,2021-06-07,1054,383123,721,213614,261,160582,72,8927,225,28303,825,181384,295,209687,California
Placer,2021-06-08,1729,384852,1316,214930,364,160946,49,8976,434,27493,1292,182676,482,210169,California
Placer,2021-06-09,1171,386023,848,215778,271,161217,52,9028,258,26895,909,183585,311,210480,California
Placer,2021-06-10,1253,387276,865,216643,313,161530,75,9103,313,26345,936,184521,386,210866,California
Placer,2021-06-11,1488,388764,1072,217715,357,161887,59,9162,339,25598,1144,185665,397,211263,California
Placer,2021-06-12,1016,389780,753,218468,237,162124,26,9188,217,25044,797,186462,243,211506,California
Placer,2021-06-13,394,390174,304,218772,79,162203,11,9199,91,24844,302,186764,102,211608,California
Placer,2021-06-14,768,390942,524,219296,199,162402,45,9244,221,24565,544,187308,265,211873,California
Placer,2021-06-15,1291,392233,861,220157,367,162769,63,9307,420,24179,868,188176,482,212355,California
Placer,2021-06-16,1036,393269,750,220907,231,163000,55,9362,332,23862,703,188879,386,212741,California
Placer,2021-06-17,880,394149,608,221515,235,163235,37,9399,274,23571,602,189481,311,213052,California
Placer,2021-06-18,1157,395306,764,222279,304,163539,89,9488,379,23262,777,190258,468,213520,California
Placer,2021-06-19,612,395918,443,222722,136,163675,33,9521,239,23164,369,190627,271,213791,California
Placer,2021-06-20,284,396202,233,222955,43,163718,8,9529,108,23105,174,190801,115,213906,California
Placer,2021-06-21,492,396694,288,223243,166,163884,38,9567,233,23118,259,191060,272,214178,California
Placer,2021-06-22,881,397575,622,223865,205,164089,54,9621,262,22822,612,191672,316,214494,California
Placer,2021-06-23,841,398416,609,224474,185,164274,47,9668,385,22799,455,192127,432,214926,California
Placer,2021-06-24,819,399235,515,224989,257,164531,47,9715,311,22652,505,192632,358,215284,California
Placer,2021-06-25,936,400171,664,225653,219,164750,53,9768,387,22549,543,193175,440,215724,California
Placer,2021-06-26,541,400712,390,226043,121,164871,30,9798,238,22516,301,193476,268,215992,California
Placer,2021-06-27,249,400961,181,226224,57,164928,11,9809,117,22512,131,193607,127,216119,California
Placer,2021-06-28,487,401448,361,226585,83,165011,43,9852,209,22487,277,193884,252,216371,California
Placer,2021-06-29,827,402275,582,227167,199,165210,46,9898,321,22349,505,194389,367,216738,California
Placer,2021-06-30,598,402873,415,227582,141,165351,42,9940,258,22310,339,194728,300,217038,California
Placer,2021-07-01,550,403423,370,227952,141,165492,39,9979,223,22248,324,195052,262,217300,California
Placer,2021-07-02,680,404103,498,228450,156,165648,26,10005,296,22192,378,195430,322,217622,California
Placer,2021-07-03,303,404406,210,228660,79,165727,14,10019,144,22194,156,195586,158,217780,California
Placer,2021-07-04,16,404422,2,228662,14,165741,0,10019,6,22190,10,195596,6,217786,California
Placer,2021-07-05,392,404814,260,228922,98,165839,34,10053,165,22166,223,195819,199,217985,California
Placer,2021-07-06,838,405652,632,229554,162,166001,44,10097,305,21985,530,196349,349,218334,California
Placer,2021-07-07,569,406221,432,229986,106,166107,31,10128,232,21913,335,196684,263,218597,California
Placer,2021-07-08,528,406749,361,230347,129,166236,38,10166,228,21882,297,196981,266,218863,California
Placer,2021-07-09,679,407428,482,230829,136,166372,61,10227,301,21868,376,197357,362,219225,California
Placer,2021-07-10,334,407762,237,231066,90,166462,7,10234,120,21781,214,197571,127,219352,California
Placer,2021-07-11,210,407972,163,231229,37,166499,10,10244,92,21765,118,197689,102,219454,California
Placer,2021-07-12,350,408322,257,231486,72,166571,21,10265,172,21781,177,197866,193,219647,California
Plumas,2020-12-18,3,3,3,3,0,0,0,0,3,3,0,0,3,3,California
Plumas,2020-12-19,1,4,1,4,0,0,0,0,1,4,0,0,1,4,California
Plumas,2020-12-21,45,49,45,49,0,0,0,0,45,49,0,0,45,49,California
Plumas,2020-12-22,92,141,92,141,0,0,0,0,92,141,0,0,92,141,California
Plumas,2020-12-23,50,191,50,191,0,0,0,0,50,191,0,0,50,191,California
Plumas,2020-12-24,6,197,6,197,0,0,0,0,6,197,0,0,6,197,California
Plumas,2020-12-28,8,205,0,197,8,8,0,0,8,205,0,0,8,205,California
Plumas,2020-12-29,32,237,22,219,10,18,0,0,32,237,0,0,32,237,California
Plumas,2020-12-30,23,260,1,220,22,40,0,0,23,260,0,0,23,260,California
Plumas,2020-12-31,4,264,1,221,3,43,0,0,4,264,0,0,4,264,California
Plumas,2021-01-01,1,265,0,221,1,44,0,0,1,265,0,0,1,265,California
Plumas,2021-01-02,1,266,0,221,1,45,0,0,1,266,0,0,1,266,California
Plumas,2021-01-04,10,276,4,225,6,51,0,0,10,276,0,0,10,276,California
Plumas,2021-01-05,22,298,2,227,20,71,0,0,22,298,0,0,22,298,California
Plumas,2021-01-06,122,420,5,232,117,188,0,0,122,420,0,0,122,420,California
Plumas,2021-01-07,53,473,2,234,51,239,0,0,52,471,1,1,52,472,California
Plumas,2021-01-08,11,484,4,238,7,246,0,0,8,476,3,4,8,480,California
Plumas,2021-01-09,2,486,2,240,0,246,0,0,1,476,1,5,1,481,California
Plumas,2021-01-11,58,544,50,290,8,254,0,0,11,440,47,52,11,492,California
Plumas,2021-01-12,155,699,86,376,69,323,0,0,71,427,84,136,71,563,California
Plumas,2021-01-13,55,754,50,426,5,328,0,0,9,390,46,182,9,572,California
Plumas,2021-01-14,99,853,14,440,85,413,0,0,94,479,5,187,94,666,California
Plumas,2021-01-15,63,916,7,447,56,469,0,0,61,538,2,189,61,727,California
Plumas,2021-01-16,58,974,1,448,57,526,0,0,58,596,0,189,58,785,California
Plumas,2021-01-18,3,977,2,450,1,527,0,0,3,599,0,189,3,788,California
Plumas,2021-01-19,36,1013,5,455,31,558,0,0,32,627,4,193,32,820,California
Plumas,2021-01-20,122,1135,3,458,119,677,0,0,120,745,2,195,120,940,California
Plumas,2021-01-21,112,1247,2,460,110,787,0,0,112,857,0,195,112,1052,California
Plumas,2021-01-22,5,1252,1,461,4,791,0,0,5,862,0,195,5,1057,California
Plumas,2021-01-23,94,1346,2,463,92,883,0,0,94,956,0,195,94,1151,California
Plumas,2021-01-24,1,1347,1,464,0,883,0,0,1,957,0,195,1,1152,California
Plumas,2021-01-25,11,1358,8,472,3,886,0,0,8,962,3,198,8,1160,California
Plumas,2021-01-26,59,1417,2,474,57,943,0,0,51,1005,8,206,51,1211,California
Plumas,2021-01-27,26,1443,20,494,6,949,0,0,6,991,20,226,6,1217,California
Plumas,2021-01-28,24,1467,0,494,24,973,0,0,22,1011,2,228,22,1239,California
Plumas,2021-01-29,9,1476,3,497,6,979,0,0,8,1018,1,229,8,1247,California
Plumas,2021-01-30,11,1487,4,501,7,986,0,0,9,1025,2,231,9,1256,California
Plumas,2021-01-31,3,1490,3,504,0,986,0,0,3,1028,0,231,3,1259,California
Plumas,2021-02-01,23,1513,4,508,19,1005,0,0,15,1035,8,239,15,1274,California
Plumas,2021-02-02,24,1537,4,512,20,1025,0,0,4,1019,20,259,4,1278,California
Plumas,2021-02-03,126,1663,6,518,120,1145,0,0,12,918,113,372,12,1290,California
Plumas,2021-02-04,103,1766,8,526,95,1240,0,0,24,863,79,451,24,1314,California
Plumas,2021-02-05,25,1791,11,537,14,1254,0,0,10,858,15,466,10,1324,California
Plumas,2021-02-06,8,1799,1,538,7,1261,0,0,8,866,0,466,8,1332,California
Plumas,2021-02-08,14,1813,5,543,9,1270,0,0,2,856,12,478,2,1334,California
Plumas,2021-02-09,173,1986,3,546,170,1440,0,0,112,907,61,539,112,1446,California
Plumas,2021-02-10,89,2075,9,555,80,1520,0,0,81,981,8,547,82,1528,California
Plumas,2021-02-11,321,2396,6,561,315,1835,0,0,261,1182,60,607,261,1789,California
Plumas,2021-02-12,126,2522,4,565,122,1957,0,0,120,1296,6,613,120,1909,California
Plumas,2021-02-13,77,2599,6,571,71,2028,0,0,16,1251,61,674,16,1925,California
Plumas,2021-02-14,8,2607,5,576,3,2031,0,0,8,1259,0,674,8,1933,California
Plumas,2021-02-15,26,2633,5,581,21,2052,0,0,23,1279,3,677,23,1956,California
Plumas,2021-02-16,78,2711,4,585,74,2126,0,0,14,1229,64,741,14,1970,California
Plumas,2021-02-17,137,2848,5,590,132,2258,0,0,12,1116,125,866,12,1982,California
Plumas,2021-02-18,128,2976,6,596,122,2380,0,0,19,1027,109,975,20,2002,California
Plumas,2021-02-19,43,3019,6,602,37,2417,0,0,7,998,36,1011,7,2009,California
Plumas,2021-02-20,105,3124,7,609,98,2515,0,0,13,919,92,1103,13,2022,California
Plumas,2021-02-21,6,3130,5,614,1,2516,0,0,2,917,4,1107,2,2024,California
Plumas,2021-02-22,7,3137,3,617,4,2520,0,0,1,912,6,1113,1,2025,California
Plumas,2021-02-23,22,3159,3,620,19,2539,0,0,17,924,5,1118,17,2042,California
Plumas,2021-02-24,466,3625,8,628,458,2997,0,0,453,1364,13,1131,453,2495,California
Plumas,2021-02-25,234,3859,11,639,223,3220,0,0,170,1470,64,1195,170,2665,California
Plumas,2021-02-26,267,4126,9,648,258,3478,0,0,259,1722,8,1203,260,2925,California
Plumas,2021-02-27,42,4168,4,652,38,3516,0,0,35,1750,7,1210,35,2960,California
Plumas,2021-02-28,3,4171,0,652,3,3519,0,0,1,1749,2,1212,1,2961,California
Plumas,2021-03-01,22,4193,6,658,15,3534,1,1,11,1751,10,1222,12,2973,California
Plumas,2021-03-02,10,4203,0,658,10,3544,0,1,7,1756,2,1224,7,2980,California
Plumas,2021-03-03,156,4359,11,669,145,3689,0,1,139,1878,17,1241,139,3119,California
Plumas,2021-03-04,254,4613,8,677,246,3935,0,1,230,2084,24,1265,230,3349,California
Plumas,2021-03-05,398,5011,6,683,387,4322,5,6,386,2463,12,1277,391,3740,California
Plumas,2021-03-06,21,5032,2,685,11,4333,8,14,4,2458,17,1294,12,3752,California
Plumas,2021-03-07,13,5045,2,687,2,4335,9,23,3,2460,10,1304,12,3764,California
Plumas,2021-03-08,30,5075,3,690,3,4338,24,47,3,2461,27,1331,28,3792,California
Plumas,2021-03-09,133,5208,2,692,116,4454,15,62,18,2379,115,1446,33,3825,California
Plumas,2021-03-10,256,5464,3,695,239,4693,14,76,107,2352,148,1594,121,3946,California
Plumas,2021-03-11,178,5642,8,703,165,4858,5,81,142,2463,36,1630,147,4093,California
Plumas,2021-03-12,594,6236,4,707,303,5161,287,368,22,2200,572,2202,309,4402,California
Plumas,2021-03-13,28,6264,5,712,12,5173,11,379,7,2197,21,2223,18,4420,California
Plumas,2021-03-14,12,6276,3,715,4,5177,5,384,1,2193,10,2233,6,4426,California
Plumas,2021-03-15,32,6308,1,716,24,5201,7,391,6,2180,26,2259,13,4439,California
Plumas,2021-03-16,61,6369,3,719,57,5258,1,392,49,2219,11,2270,50,4489,California
Plumas,2021-03-17,76,6445,10,729,65,5323,1,393,59,2263,16,2286,60,4549,California
Plumas,2021-03-18,60,6505,7,736,37,5360,16,409,14,2247,46,2332,30,4579,California
Plumas,2021-03-19,164,6669,7,743,155,5515,2,411,154,2396,8,2340,157,4736,California
Plumas,2021-03-20,700,7369,4,747,695,6210,1,412,678,3055,20,2360,679,5415,California
Plumas,2021-03-21,2,7371,1,748,1,6211,0,412,1,3056,0,2360,1,5416,California
Plumas,2021-03-22,183,7554,2,750,181,6392,0,412,175,3224,7,2367,175,5591,California
Plumas,2021-03-23,28,7582,2,752,26,6418,0,412,14,3224,14,2381,14,5605,California
Plumas,2021-03-24,657,8239,6,758,650,7068,1,413,216,3002,440,2821,218,5823,California
Plumas,2021-03-25,309,8548,6,764,301,7369,2,415,166,3025,143,2964,166,5989,California
Plumas,2021-03-26,314,8862,9,773,305,7674,0,415,46,2804,267,3231,46,6035,California
Plumas,2021-03-27,14,8876,1,774,12,7686,1,416,3,2797,11,3242,4,6039,California
Plumas,2021-03-28,6,8882,3,777,2,7688,1,417,3,2798,3,3245,4,6043,California
Plumas,2021-03-29,11,8893,4,781,6,7694,1,418,4,2796,7,3252,5,6048,California
Plumas,2021-03-30,151,9044,3,784,147,7841,1,419,25,2696,126,3378,26,6074,California
Plumas,2021-03-31,297,9341,4,788,292,8133,1,420,272,2944,25,3403,273,6347,California
Plumas,2021-04-01,310,9651,12,800,297,8430,1,421,67,2771,240,3643,67,6414,California
Plumas,2021-04-02,377,10028,5,805,371,8801,1,422,31,2469,334,3977,32,6446,California
Plumas,2021-04-03,16,10044,3,808,5,8806,8,430,2,2465,14,3991,10,6456,California
Plumas,2021-04-04,3,10047,1,809,1,8807,1,431,0,2463,3,3994,1,6457,California
Plumas,2021-04-05,12,10059,4,813,7,8814,1,432,4,2461,7,4001,5,6462,California
Plumas,2021-04-06,121,10180,6,819,89,8903,26,458,14,2394,106,4107,39,6501,California
Plumas,2021-04-07,284,10464,8,827,99,9002,177,635,29,2345,255,4362,206,6707,California
Plumas,2021-04-08,151,10615,4,831,132,9134,15,650,36,2281,114,4476,50,6757,California
Plumas,2021-04-09,53,10668,11,842,24,9158,18,668,19,2283,34,4510,36,6793,California
Plumas,2021-04-10,25,10693,2,844,6,9164,17,685,5,2285,20,4530,22,6815,California
Plumas,2021-04-11,5,10698,3,847,1,9165,1,686,3,2288,1,4531,4,6819,California
Plumas,2021-04-12,13,10711,5,852,5,9170,3,689,7,2293,5,4536,10,6829,California
Plumas,2021-04-13,212,10923,5,857,207,9377,0,689,142,2365,70,4606,142,6971,California
Plumas,2021-04-14,110,11033,8,865,102,9479,0,689,55,2366,54,4660,55,7026,California
Plumas,2021-04-15,54,11087,3,868,51,9530,0,689,34,2381,19,4679,34,7060,California
Plumas,2021-04-16,141,11228,2,870,139,9669,0,689,2,2244,139,4818,2,7062,California
Plumas,2021-04-17,671,11899,2,872,669,10338,0,689,18,1612,650,5468,18,7080,California
Plumas,2021-04-18,4,11903,3,875,1,10339,0,689,1,1610,3,5471,1,7081,California
Plumas,2021-04-19,38,11941,3,878,35,10374,0,689,5,1582,33,5504,5,7086,California
Plumas,2021-04-20,43,11984,5,883,38,10412,0,689,27,1594,15,5519,27,7113,California
Plumas,2021-04-21,311,12295,5,888,305,10717,1,690,18,1319,293,5812,18,7131,California
Plumas,2021-04-22,276,12571,8,896,268,10985,0,690,126,1295,150,5962,126,7257,California
Plumas,2021-04-23,73,12644,6,902,67,11052,0,690,16,1254,57,6019,16,7273,California
Plumas,2021-04-24,171,12815,5,907,166,11218,0,690,144,1372,26,6045,144,7417,California
Plumas,2021-04-26,30,12845,4,911,26,11244,0,690,8,1359,21,6066,8,7425,California
Plumas,2021-04-27,94,12939,3,914,91,11335,0,690,57,1379,37,6103,57,7482,California
Plumas,2021-04-28,285,13224,4,918,281,11616,0,690,37,1170,246,6349,37,7519,California
Plumas,2021-04-29,172,13396,69,987,103,11719,0,690,118,1234,54,6403,118,7637,California
Plumas,2021-04-30,22,13418,11,998,11,11730,0,690,5,1222,17,6420,5,7642,California
Plumas,2021-05-01,8,13426,1,999,6,11736,1,691,1,1219,5,6425,2,7644,California
Plumas,2021-05-02,3,13429,3,1002,0,11736,0,691,1,1218,2,6427,1,7645,California
Plumas,2021-05-03,20,13449,7,1009,7,11743,6,697,6,1218,12,6439,12,7657,California
Plumas,2021-05-04,33,13482,5,1014,22,11765,6,703,19,1230,13,6452,25,7682,California
Plumas,2021-05-05,50,13532,6,1020,43,11808,1,704,22,1226,27,6479,23,7705,California
Plumas,2021-05-06,62,13594,2,1022,55,11863,5,709,19,1207,43,6522,24,7729,California
Plumas,2021-05-07,22,13616,5,1027,16,11879,1,710,8,1202,14,6536,9,7738,California
Plumas,2021-05-08,6,13622,0,1027,4,11883,2,712,4,1206,2,6538,6,7744,California
Plumas,2021-05-10,51,13673,1,1028,27,11910,23,735,23,1224,28,6566,46,7790,California
Plumas,2021-05-11,164,13837,3,1031,142,12052,19,754,12,1103,152,6718,31,7821,California
Plumas,2021-05-12,99,13936,2,1033,89,12141,8,762,37,1087,61,6779,45,7866,California
Plumas,2021-05-13,36,13972,3,1036,31,12172,2,764,14,1081,22,6801,16,7882,California
Plumas,2021-05-14,20,13992,4,1040,11,12183,5,769,10,1086,10,6811,15,7897,California
Plumas,2021-05-15,10,14002,4,1044,4,12187,2,771,4,1086,6,6817,6,7903,California
Plumas,2021-05-16,2,14004,1,1045,1,12188,0,771,1,1086,1,6818,1,7904,California
Plumas,2021-05-17,14,14018,0,1045,5,12193,9,780,5,1091,9,6827,14,7918,California
Plumas,2021-05-18,44,14062,7,1052,36,12229,1,781,24,1096,20,6847,25,7943,California
Plumas,2021-05-19,47,14109,3,1055,30,12259,14,795,12,1088,35,6882,27,7970,California
Plumas,2021-05-20,191,14300,136,1191,44,12303,11,806,78,1066,111,6993,89,8059,California
Plumas,2021-05-21,29,14329,8,1199,14,12317,7,813,14,1072,15,7008,21,8080,California
Plumas,2021-05-22,137,14466,1,1200,136,12453,0,813,7,951,128,7136,7,8087,California
Plumas,2021-05-23,1,14467,1,1201,0,12453,0,813,0,950,1,7137,0,8087,California
Plumas,2021-05-24,51,14518,37,1238,13,12466,1,814,41,983,9,7146,42,8129,California
Plumas,2021-05-25,68,14586,3,1241,64,12530,1,815,15,946,53,7199,16,8145,California
Plumas,2021-05-26,41,14627,7,1248,27,12557,7,822,17,947,23,7222,24,8169,California
Plumas,2021-05-27,99,14726,25,1273,61,12618,13,835,41,944,57,7279,54,8223,California
Plumas,2021-05-28,42,14768,14,1287,26,12644,2,837,22,949,19,7298,24,8247,California
Plumas,2021-05-29,8,14776,0,1287,8,12652,0,837,6,954,2,7300,7,8254,California
Plumas,2021-05-30,1,14777,0,1287,1,12653,0,837,0,954,0,7300,0,8254,California
Plumas,2021-05-31,7,14784,0,1287,4,12657,3,840,0,952,5,7305,3,8257,California
Plumas,2021-06-01,32,14816,7,1294,20,12677,5,845,9,944,23,7328,15,8272,California
Plumas,2021-06-02,59,14875,6,1300,31,12708,22,867,10,927,49,7377,32,8304,California
Plumas,2021-06-03,66,14941,17,1317,39,12747,10,877,27,925,39,7416,37,8341,California
Plumas,2021-06-04,15,14956,3,1320,11,12758,1,878,8,929,5,7421,9,8350,California
Plumas,2021-06-05,7,14963,3,1323,4,12762,0,878,2,926,5,7426,2,8352,California
Plumas,2021-06-06,2,14965,1,1324,1,12763,0,878,0,924,2,7428,0,8352,California
Plumas,2021-06-07,36,15001,5,1329,24,12787,7,885,8,911,28,7456,15,8367,California
Plumas,2021-06-08,28,15029,9,1338,17,12804,2,887,6,897,22,7478,8,8375,California
Plumas,2021-06-09,42,15071,5,1343,34,12838,3,890,9,876,33,7511,12,8387,California
Plumas,2021-06-10,36,15107,15,1358,17,12855,4,894,11,868,23,7534,15,8402,California
Plumas,2021-06-11,25,15132,13,1371,9,12864,3,897,8,862,17,7551,11,8413,California
Plumas,2021-06-12,11,15143,3,1374,7,12871,1,898,6,864,5,7556,7,8420,California
Plumas,2021-06-13,3,15146,1,1375,2,12873,0,898,3,867,0,7556,3,8423,California
Plumas,2021-06-14,96,15242,87,1462,6,12879,3,901,12,798,84,7640,15,8438,California
Plumas,2021-06-15,29,15271,7,1469,20,12899,2,903,9,789,20,7660,11,8449,California
Plumas,2021-06-16,33,15304,11,1480,13,12912,9,912,9,783,24,7684,18,8467,California
Plumas,2021-06-17,49,15353,30,1510,15,12927,4,916,11,761,37,7721,15,8482,California
Plumas,2021-06-18,39,15392,17,1527,14,12941,8,924,13,755,26,7747,20,8502,California
Plumas,2021-06-19,9,15401,2,1529,7,12948,0,924,2,750,7,7754,2,8504,California
Plumas,2021-06-20,1,15402,1,1530,0,12948,0,924,1,751,0,7754,1,8505,California
Plumas,2021-06-21,9,15411,4,1534,4,12952,1,925,5,753,4,7758,6,8511,California
Plumas,2021-06-22,29,15440,11,1545,16,12968,2,927,9,744,20,7778,11,8522,California
Plumas,2021-06-23,27,15467,15,1560,9,12977,3,930,15,750,12,7790,18,8540,California
Plumas,2021-06-24,30,15497,19,1579,8,12985,3,933,14,751,15,7805,16,8556,California
Plumas,2021-06-25,22,15519,9,1588,11,12996,2,935,8,749,12,7817,10,8566,California
Plumas,2021-06-26,13,15532,4,1592,8,13004,1,936,3,743,10,7827,4,8570,California
Plumas,2021-06-28,10,15542,4,1596,2,13006,4,940,2,741,8,7835,6,8576,California
Plumas,2021-06-29,24,15566,16,1612,7,13013,1,941,11,740,13,7848,12,8588,California
Plumas,2021-06-30,22,15588,9,1621,9,13022,4,945,8,738,14,7862,12,8600,California
Plumas,2021-07-01,43,15631,29,1650,10,13032,4,949,22,743,21,7883,26,8626,California
Plumas,2021-07-02,18,15649,13,1663,4,13036,1,950,4,734,13,7896,4,8630,California
Plumas,2021-07-03,1,15650,0,1663,1,13037,0,950,1,735,0,7896,1,8631,California
Plumas,2021-07-06,28,15678,17,1680,8,13045,3,953,10,729,18,7914,12,8643,California
Plumas,2021-07-07,21,15699,13,1693,7,13052,1,954,10,729,11,7925,11,8654,California
Plumas,2021-07-08,28,15727,8,1701,11,13063,9,963,12,734,16,7941,21,8675,California
Plumas,2021-07-09,13,15740,8,1709,2,13065,3,966,5,734,8,7949,8,8683,California
Plumas,2021-07-10,9,15749,1,1710,7,13072,1,967,2,730,7,7956,3,8686,California
Plumas,2021-07-11,3,15752,1,1711,2,13074,0,967,2,731,1,7957,2,8688,California
Plumas,2021-07-12,6,15758,3,1714,3,13077,0,967,3,731,3,7960,3,8691,California
Riverside,2020-12-15,7,7,7,7,0,0,0,0,7,7,0,0,7,7,California
Riverside,2020-12-16,96,103,96,103,0,0,0,0,96,103,0,0,96,103,California
Riverside,2020-12-17,835,938,835,938,0,0,0,0,835,938,0,0,835,938,California
Riverside,2020-12-18,1781,2719,1780,2718,1,1,0,0,1781,2719,0,0,1781,2719,California
Riverside,2020-12-19,1055,3774,1052,3770,3,4,0,0,1053,3771,1,1,1053,3772,California
Riverside,2020-12-20,1114,4888,1113,4883,1,5,0,0,1114,4885,0,1,1114,4886,California
Riverside,2020-12-21,2343,7231,2341,7224,2,7,0,0,2343,7228,0,1,2343,7229,California
Riverside,2020-12-22,2298,9529,2251,9475,47,54,0,0,2297,9525,0,1,2297,9526,California
Riverside,2020-12-23,2165,11694,1821,11296,344,398,0,0,2166,11691,0,1,2166,11692,California
Riverside,2020-12-24,860,12554,655,11951,205,603,0,0,860,12551,0,1,860,12552,California
Riverside,2020-12-25,41,12595,18,11969,23,626,0,0,40,12591,0,1,40,12592,California
Riverside,2020-12-26,490,13085,270,12239,220,846,0,0,490,13081,0,1,490,13082,California
Riverside,2020-12-27,396,13481,266,12505,130,976,0,0,395,13475,1,2,395,13477,California
Riverside,2020-12-28,1712,15193,1191,13696,521,1497,0,0,1712,15187,0,2,1712,15189,California
Riverside,2020-12-29,1810,17003,1024,14720,786,2283,0,0,1810,16997,0,2,1810,16999,California
Riverside,2020-12-30,2654,19657,1723,16443,931,3214,0,0,2652,19648,1,3,2652,19651,California
Riverside,2020-12-31,1080,20737,421,16864,659,3873,0,0,1081,20728,1,4,1081,20732,California
Riverside,2021-01-01,131,20868,59,16923,72,3945,0,0,131,20859,0,4,131,20863,California
Riverside,2021-01-02,897,21765,709,17632,188,4133,0,0,897,21756,0,4,897,21760,California
Riverside,2021-01-03,364,22129,306,17938,58,4191,0,0,363,22119,0,4,363,22123,California
Riverside,2021-01-04,1308,23437,813,18751,495,4686,0,0,1307,23426,0,4,1307,23430,California
Riverside,2021-01-05,2063,25500,1418,20169,645,5331,0,0,1939,25248,117,121,1939,25369,California
Riverside,2021-01-06,2598,28098,1161,21330,1437,6768,0,0,2253,27163,338,459,2253,27622,California
Riverside,2021-01-07,2886,30984,1886,23216,1000,7768,0,0,1771,27831,1106,1565,1774,29396,California
Riverside,2021-01-08,4129,35113,2983,26199,1146,8914,0,0,2265,28237,1859,3424,2265,31661,California
Riverside,2021-01-09,2140,37253,880,27079,1260,10174,0,0,1761,29621,377,3801,1761,33422,California
Riverside,2021-01-10,1696,38949,751,27830,945,11119,0,0,1080,30085,616,4417,1080,34502,California
Riverside,2021-01-11,4634,43583,3168,30998,1466,12585,0,0,2850,31153,1782,6199,2850,37352,California
Riverside,2021-01-12,3543,47126,2799,33797,744,13329,0,0,1824,31266,1714,7913,1827,39179,California
Riverside,2021-01-13,4589,51715,3000,36797,1589,14918,0,0,2944,32569,1641,9554,2944,42123,California
Riverside,2021-01-14,5801,57516,2052,38849,3749,18667,0,0,5171,37114,628,10182,5173,47296,California
Riverside,2021-01-15,6289,63805,2109,40958,4180,22847,0,0,5953,42734,334,10516,5954,53250,California
Riverside,2021-01-16,3727,67532,1038,41996,2689,25536,0,0,3464,45936,263,10779,3465,56715,California
Riverside,2021-01-17,3663,71195,604,42600,3059,28595,0,0,3455,49185,206,10985,3455,60170,California
Riverside,2021-01-18,3861,75056,2101,44701,1760,30355,0,0,2816,50958,1044,12029,2817,62987,California
Riverside,2021-01-19,7538,82594,2681,47382,4857,35212,0,0,6390,56206,1147,13176,6395,69382,California
Riverside,2021-01-20,8468,91062,3266,50648,5202,40414,0,0,6793,61343,1662,14838,6799,76181,California
Riverside,2021-01-21,8567,99629,3578,54226,4989,45403,0,0,7861,68498,707,15545,7862,84043,California
Riverside,2021-01-22,8978,108607,3057,57283,5921,51324,0,0,8499,76523,476,16021,8501,92544,California
Riverside,2021-01-23,6071,114678,2358,59641,3713,55037,0,0,5261,80975,810,16831,5262,97806,California
Riverside,2021-01-24,3114,117792,1441,61082,1673,56710,0,0,2887,83639,224,17055,2888,100694,California
Riverside,2021-01-25,8030,125822,4596,65678,3434,60144,0,0,6860,89334,1167,18222,6862,107556,California
Riverside,2021-01-26,9233,135055,5713,71391,3520,63664,0,0,7693,95491,1537,19759,7694,115250,California
Riverside,2021-01-27,11128,146183,6419,77810,4709,68373,0,0,9479,103329,1644,21403,9482,124732,California
Riverside,2021-01-28,11718,157901,6803,84613,4915,73288,0,0,10516,112654,1194,22597,10519,135251,California
Riverside,2021-01-29,12083,169984,7294,91907,4789,78077,0,0,10684,121969,1375,23972,10690,145941,California
Riverside,2021-01-30,9180,179164,4611,96518,4569,82646,0,0,8675,130144,501,24473,8676,154617,California
Riverside,2021-01-31,5185,184349,4218,100736,967,83613,0,0,5040,135046,143,24616,5045,159662,California
Riverside,2021-02-01,11507,195856,7166,107902,4341,87954,0,0,9478,142508,2020,26636,9482,169144,California
Riverside,2021-02-02,9847,205703,5023,112925,4824,92778,0,0,8295,149271,1538,28174,8301,177445,California
Riverside,2021-02-03,12392,218095,5158,118083,7234,100012,0,0,9929,156752,2453,30627,9934,187379,California
Riverside,2021-02-04,13736,231831,6027,124110,7709,107721,0,0,11558,166151,2167,32794,11566,198945,California
Riverside,2021-02-05,14671,246502,5539,129649,9132,116853,0,0,11413,174323,3249,36043,11421,210366,California
Riverside,2021-02-06,7351,253853,4272,133921,3079,119932,0,0,5679,178345,1661,37704,5683,216049,California
Riverside,2021-02-07,2224,256077,812,134733,1412,121344,0,0,1885,179900,337,38041,1892,217941,California
Riverside,2021-02-08,12613,268690,5587,140320,7026,128370,0,0,10213,187745,2382,40423,10227,228168,California
Riverside,2021-02-09,9825,278515,4564,144884,5261,133631,0,0,7782,193522,2026,42449,7803,235971,California
Riverside,2021-02-10,12275,290790,7014,151898,5261,138892,0,0,8964,199207,3298,45747,8983,244954,California
Riverside,2021-02-11,16885,307675,9092,160990,7793,146685,0,0,12193,206770,4667,50414,12230,257184,California
Riverside,2021-02-12,18062,325737,10921,171911,7141,153826,0,0,12945,214677,5066,55480,12973,270157,California
Riverside,2021-02-13,6447,332184,2176,174087,4271,158097,0,0,3112,214500,3320,58800,3143,273300,California
Riverside,2021-02-14,5039,337223,1187,175274,3852,161949,0,0,2257,213994,2776,61576,2270,275570,California
Riverside,2021-02-15,10021,347244,5123,180397,4898,166847,0,0,5524,215054,4481,66057,5541,281111,California
Riverside,2021-02-16,16380,363624,10223,190620,6157,173004,0,0,9396,217505,6971,73028,9422,290533,California
Riverside,2021-02-17,15386,379010,8427,199047,6959,179963,0,0,7631,217452,7739,80767,7686,298219,California
Riverside,2021-02-18,15797,394807,9056,208103,6741,186704,0,0,8111,217946,7660,88427,8154,306373,California
Riverside,2021-02-19,15686,410493,8418,216521,7268,193972,0,0,7383,217087,8270,96697,7411,313784,California
Riverside,2021-02-20,8586,419079,4637,221158,3949,197921,0,0,2254,213042,6309,103006,2264,316048,California
Riverside,2021-02-21,4593,423672,4049,225207,544,198465,0,0,1298,211083,3269,106275,1310,317358,California
Riverside,2021-02-22,12970,436642,8206,233413,4764,203229,0,0,5126,208403,7818,114093,5138,322496,California
Riverside,2021-02-23,11790,448432,7990,241403,3800,207029,0,0,5703,208085,6051,120144,5733,328229,California
Riverside,2021-02-24,15546,463978,8505,249908,7041,214070,0,0,6541,205732,8951,129095,6598,334827,California
Riverside,2021-02-25,18060,482038,7742,257650,10318,224388,0,0,8307,204389,9720,138815,8377,343204,California
Riverside,2021-02-26,19264,501302,6965,264615,12299,236687,0,0,9576,204413,9618,148433,9642,352846,California
Riverside,2021-02-27,12479,513781,5739,270354,6740,243427,0,0,5908,203843,6534,154967,5964,358810,California
Riverside,2021-02-28,5016,518797,3300,273654,1716,245143,0,0,2486,203845,2515,157482,2517,361327,California
Riverside,2021-03-01,14525,533322,6189,279843,8330,253473,6,6,8524,206475,5951,163433,8581,369908,California
Riverside,2021-03-02,15632,548954,7631,287474,8000,261473,1,7,9122,209173,6479,169912,9177,379085,California
Riverside,2021-03-03,17295,566249,8561,296035,8734,270207,0,7,7531,207157,9708,179620,7692,386777,California
Riverside,2021-03-04,19043,585292,7586,303621,11453,281660,4,11,9072,206509,9920,189540,9272,396049,California
Riverside,2021-03-05,19176,604468,7722,311343,11407,293067,47,58,9451,206652,9671,199211,9814,405863,California
Riverside,2021-03-06,9660,614128,5107,316450,4068,297135,485,543,4779,207100,4864,204075,5312,411175,California
Riverside,2021-03-07,4466,618594,2817,319267,1187,298322,462,1005,2064,207272,2389,206464,2561,413736,California
Riverside,2021-03-08,12208,630802,4850,324117,6926,305248,432,1437,5443,206486,6741,213205,5955,419691,California
Riverside,2021-03-09,15054,645856,7019,331136,7517,312765,518,1955,5956,204041,9071,222276,6626,426317,California
Riverside,2021-03-10,16186,662042,8681,339817,6565,319330,940,2895,6273,201571,9866,232142,7396,433713,California
Riverside,2021-03-11,19601,681643,9582,349399,8139,327469,1880,4775,7649,199415,11908,244050,9752,443465,California
Riverside,2021-03-12,21353,702996,7995,357394,8602,336071,4756,9531,7045,197285,14261,258311,12131,455596,California
Riverside,2021-03-13,8617,711613,2577,359971,4805,340876,1235,10766,4385,198804,4205,262516,5724,461320,California
Riverside,2021-03-14,4836,716449,1671,361642,1791,342667,1374,12140,2113,199592,2707,265223,3495,464815,California
Riverside,2021-03-15,18783,735232,7920,369562,9191,351858,1672,13812,9129,200905,9605,274828,10918,475733,California
Riverside,2021-03-16,21112,756344,10281,379843,10011,361869,820,14632,11353,203476,9714,284542,12285,488018,California
Riverside,2021-03-17,21594,777938,11085,390928,9443,371312,1066,15698,12858,208783,8685,293227,13992,502010,California
Riverside,2021-03-18,23117,801055,11981,402909,9458,380770,1678,17376,12632,212684,10424,303651,14325,516335,California
Riverside,2021-03-19,24319,825374,12767,415676,10576,391346,976,18352,14087,217944,10170,313821,15430,531765,California
Riverside,2021-03-20,10936,836310,6952,422628,2773,394119,1211,19563,6964,222199,3932,317753,8187,539952,California
Riverside,2021-03-21,3928,840238,3028,425656,623,394742,277,19840,2600,223779,1304,319057,2884,542836,California
Riverside,2021-03-22,16793,857031,10016,435672,6223,400965,554,20394,10579,228763,6151,325208,11135,553971,California
Riverside,2021-03-23,18774,875805,10608,446280,7742,408707,424,20818,11910,234324,6800,332008,12361,566332,California
Riverside,2021-03-24,18901,894706,10518,456798,8261,416968,122,20940,12829,241287,6014,338022,12977,579309,California
Riverside,2021-03-25,21289,915995,11734,468532,9368,426336,187,21127,14117,248518,7090,345112,14321,593630,California
Riverside,2021-03-26,24280,940275,11990,480522,12114,438450,176,21303,14991,254523,9177,354289,15182,608812,California
Riverside,2021-03-27,9396,949671,4915,485437,3427,441877,1054,22357,4822,255861,4544,358833,5882,614694,California
Riverside,2021-03-28,4821,954492,3164,488601,1562,443439,95,22452,2849,256850,1959,360792,2948,617642,California
Riverside,2021-03-29,17767,972259,8480,497081,9160,452599,127,22579,10924,261129,6793,367585,11072,628714,California
Riverside,2021-03-30,18463,990722,9617,506698,8635,461234,211,22790,11710,266347,6708,374293,11926,640640,California
Riverside,2021-03-31,18251,1008973,8479,515177,9445,470679,327,23117,11365,271219,6832,381125,11704,652344,California
Riverside,2021-04-01,25732,1034705,12568,527745,12361,483040,803,23920,16497,279380,9143,390268,17304,669648,California
Riverside,2021-04-02,26264,1060969,14104,541849,11174,494214,986,24906,16390,287170,9807,400075,17597,687245,California
Riverside,2021-04-03,9459,1070428,5996,547845,2847,497061,616,25522,6067,290480,3370,403445,6680,693925,California
Riverside,2021-04-04,3446,1073874,2080,549925,1099,498160,267,25789,1713,290743,1719,405164,1982,695907,California
Riverside,2021-04-05,18652,1092526,9507,559432,7252,505412,1893,27682,9973,293983,8633,413797,11873,707780,California
Riverside,2021-04-06,23947,1116473,12442,571874,9332,514744,2173,29855,13339,298928,10555,424352,15500,723280,California
Riverside,2021-04-07,25059,1141532,13474,585348,9043,523787,2542,32397,13902,304269,11100,435452,16441,739721,California
Riverside,2021-04-08,27665,1169197,15247,600595,9371,533158,3047,35444,16823,313358,10767,446219,19856,759577,California
Riverside,2021-04-09,26551,1195748,15591,616186,8435,541593,2525,37969,16136,321693,10357,456576,18692,778269,California
Riverside,2021-04-10,12158,1207906,6805,622991,3927,545520,1426,39395,5319,321639,6791,463367,6737,785006,California
Riverside,2021-04-11,4691,1212597,2788,625779,1264,546784,639,40034,2198,322003,2477,465844,2841,787847,California
Riverside,2021-04-12,20284,1232881,9030,634809,8586,555370,2668,42702,10135,324707,10103,475947,12807,800654,California
Riverside,2021-04-13,20254,1253135,11338,646147,8888,564258,28,42730,11597,327725,8615,484562,11633,812287,California
Riverside,2021-04-14,22499,1275634,12407,658554,10077,574335,15,42745,11029,327393,11398,495960,11066,823353,California
Riverside,2021-04-15,22301,1297935,12615,671169,9678,584013,8,42753,11768,328720,10460,506420,11787,835140,California
Riverside,2021-04-16,25432,1323367,14689,685858,10737,594750,6,42759,11816,327002,13553,519973,11835,846975,California
Riverside,2021-04-17,10027,1333394,6610,692468,3417,598167,0,42759,5019,327050,4981,524954,5029,852004,California
Riverside,2021-04-18,4225,1337619,3141,695609,1077,599244,7,42766,1955,326770,2252,527206,1972,853976,California
Riverside,2021-04-19,19760,1357379,11740,707349,8017,607261,3,42769,7101,321282,12605,539811,7117,861093,California
Riverside,2021-04-20,19576,1376955,10550,717899,9017,616278,9,42778,7980,317733,11545,551356,7996,869089,California
Riverside,2021-04-21,20896,1397851,12352,730251,8534,624812,10,42788,8402,313744,12413,563769,8424,877513,California
Riverside,2021-04-22,23916,1421767,14129,744380,9783,634595,4,42792,8963,307843,14879,578648,8978,886491,California
Riverside,2021-04-23,23835,1445602,14162,758542,9659,644254,14,42806,9339,302786,14432,593080,9375,895866,California
Riverside,2021-04-24,10551,1456153,7331,765873,3211,647465,9,42815,4834,301956,5675,598755,4845,900711,California
Riverside,2021-04-25,4251,1460404,2823,768696,1421,648886,7,42822,2199,302131,2033,600788,2208,902919,California
Riverside,2021-04-26,17401,1477805,10948,779644,6394,655280,59,42881,5926,296703,11429,612217,6001,908920,California
Riverside,2021-04-27,18632,1496437,10700,790344,7724,663004,208,43089,6497,291329,12087,624304,6713,915633,California
Riverside,2021-04-28,16925,1513362,9234,799578,7424,670428,267,43356,5754,286254,11106,635410,6031,921664,California
Riverside,2021-04-29,19163,1532525,11818,811396,6991,677419,354,43710,5577,278675,13509,648919,5930,927594,California
Riverside,2021-04-30,20348,1552873,11864,823260,8095,685514,389,44099,6663,272103,13625,662544,7053,934647,California
Riverside,2021-05-01,6895,1559768,4945,828205,1765,687279,185,44284,2369,270162,4494,667038,2553,937200,California
Riverside,2021-05-02,3397,1563165,2222,830427,965,688244,210,44494,1096,269194,2281,669319,1313,938513,California
Riverside,2021-05-03,18068,1581233,11096,841523,6477,694721,495,44989,4182,260052,13817,683136,4675,943188,California
Riverside,2021-05-04,17777,1599010,11382,852905,5931,700652,464,45453,5006,252838,12696,695832,5482,948670,California
Riverside,2021-05-05,16358,1615368,9436,862341,6549,707201,373,45826,4727,246388,11571,707403,5121,953791,California
Riverside,2021-05-06,18358,1633726,10452,872793,7491,714692,415,46241,4707,237981,13569,720972,5162,958953,California
Riverside,2021-05-07,20790,1654516,11895,884688,8448,723140,447,46688,5529,228786,15174,736146,5979,964932,California
Riverside,2021-05-08,7111,1661627,4728,889416,2120,725260,263,46951,2658,227298,4416,740562,2928,967860,California
Riverside,2021-05-09,2503,1664130,1698,891114,650,725910,155,47106,927,226821,1567,742129,1090,968950,California
Riverside,2021-05-10,10152,1674282,5207,896321,4548,730458,397,47503,2864,222848,7238,749367,3265,972215,California
Riverside,2021-05-11,14360,1688642,8759,905080,5073,735531,528,48031,4017,217153,10256,759623,4561,976776,California
Riverside,2021-05-12,13071,1701713,6722,911802,6016,741547,333,48364,3937,212342,9081,768704,4270,981046,California
Riverside,2021-05-13,15266,1716979,9348,921150,5634,747181,284,48648,5408,208242,9805,778509,5705,986751,California
Riverside,2021-05-14,18270,1735249,11584,932734,5890,753071,796,49444,7119,205076,11079,789588,7913,994664,California
Riverside,2021-05-15,9912,1745161,7137,939871,2376,755447,399,49843,5100,205795,4778,794366,5497,1000161,California
Riverside,2021-05-16,3724,1748885,2762,942633,844,756291,118,49961,1866,205934,1844,796210,1983,1002144,California
Riverside,2021-05-17,11818,1760703,7607,950240,3856,760147,355,50316,5089,204688,6695,802905,5449,1007593,California
Riverside,2021-05-18,15251,1775954,9477,959717,5417,765564,357,50673,6159,202160,9044,811949,6516,1014109,California
Riverside,2021-05-19,12232,1788186,7734,967451,4253,769817,245,50918,5891,202010,6290,818239,6140,1020249,California
Riverside,2021-05-20,11953,1800139,7509,974960,4184,774001,260,51178,5319,201007,6586,824825,5583,1025832,California
Riverside,2021-05-21,14475,1814614,8923,983883,5228,779229,324,51502,6056,199039,8350,833175,6382,1032214,California
Riverside,2021-05-22,7255,1821869,4912,988795,2146,781375,197,51699,3889,199802,3324,836499,4087,1036301,California
Riverside,2021-05-23,2757,1824626,1847,990642,833,782208,77,51776,1298,199733,1443,837942,1374,1037675,California
Riverside,2021-05-24,8883,1833509,5808,996450,2761,784969,314,52090,3967,199129,4884,842826,4280,1041955,California
Riverside,2021-05-25,9733,1843242,5794,1002244,3664,788633,275,52365,3875,197461,5820,848646,4152,1046107,California
Riverside,2021-05-26,8925,1852167,5535,1007779,3060,791693,330,52695,3898,196719,4976,853622,4234,1050341,California
Riverside,2021-05-27,8565,1860732,5124,1012903,3204,794897,237,52932,3877,196201,4637,858259,4119,1054460,California
Riverside,2021-05-28,10781,1871513,6524,1019427,3942,798839,315,53247,4962,195729,5756,864015,5284,1059744,California
Riverside,2021-05-29,5051,1876564,3435,1022862,1489,800328,127,53374,2817,196465,2210,866225,2946,1062690,California
Riverside,2021-05-30,1968,1878532,1420,1024282,480,800808,68,53442,1016,196604,945,867170,1084,1063774,California
Riverside,2021-05-31,876,1879408,496,1024778,347,801155,33,53475,336,196436,537,867707,369,1064143,California
Riverside,2021-06-01,9179,1888587,5662,1030440,3278,804433,239,53714,3445,194435,5682,873389,3681,1067824,California
Riverside,2021-06-02,7140,1895727,4350,1034790,2512,806945,278,53992,2746,193111,4350,877739,3026,1070850,California
Riverside,2021-06-03,7968,1903695,5298,1040088,2398,809343,272,54264,2730,190915,5194,882933,2998,1073848,California
Riverside,2021-06-04,10747,1914442,7659,1047747,2828,812171,260,54524,3724,187932,6968,889901,3985,1077833,California
Riverside,2021-06-05,6986,1921428,5157,1052904,1283,813454,546,55070,2196,185911,4767,894668,2746,1080579,California
Riverside,2021-06-06,2222,1923650,1886,1054790,285,813739,51,55121,686,185122,1527,896195,738,1081317,California
Riverside,2021-06-07,6944,1930594,5266,1060056,1446,815185,232,55353,2277,182996,4635,900830,2509,1083826,California
Riverside,2021-06-08,9067,1939661,6566,1066622,2226,817411,275,55628,2964,180188,6048,906878,3240,1087066,California
Riverside,2021-06-09,7761,1947422,5641,1072263,1824,819235,296,55924,2374,177515,5340,912218,2667,1089733,California
Riverside,2021-06-10,7616,1955038,5363,1077626,2018,821253,235,56159,2373,174913,5214,917432,2612,1092345,California
Riverside,2021-06-11,8898,1963936,6035,1083661,2571,823824,292,56451,3011,172388,5827,923259,3302,1095647,California
Riverside,2021-06-12,5355,1969291,3957,1087618,1270,825094,128,56579,1662,170523,3661,926920,1796,1097443,California
Riverside,2021-06-13,1799,1971090,1338,1088956,417,825511,44,56623,495,169770,1292,928212,539,1097982,California
Riverside,2021-06-14,6391,1977481,4577,1093533,1508,827019,306,56929,2103,167920,4256,932468,2406,1100388,California
Riverside,2021-06-15,7091,1984572,4832,1098365,1948,828967,311,57240,2650,166495,4392,936860,2967,1103355,California
Riverside,2021-06-16,6841,1991413,4713,1103078,1812,830779,316,57556,2410,164832,4387,941247,2724,1106079,California
Riverside,2021-06-17,6419,1997832,4499,1107577,1679,832458,241,57797,2396,163487,3989,945236,2644,1108723,California
Riverside,2021-06-18,8173,2006005,5907,1113484,1989,834447,277,58074,3335,162312,4791,950027,3616,1112339,California
Riverside,2021-06-19,4277,2010282,3278,1116762,845,835292,154,58228,1781,161779,2473,952500,1940,1114279,California
Riverside,2021-06-20,1501,2011783,1139,1117901,325,835617,37,58265,577,161479,915,953415,615,1114894,California
Riverside,2021-06-21,4270,2016053,2826,1120727,1163,836780,281,58546,2203,161915,2049,955464,2485,1117379,California
Riverside,2021-06-22,6348,2022401,4476,1125203,1621,838401,251,58797,2728,161317,3581,959045,2983,1120362,California
Riverside,2021-06-23,5553,2027954,3939,1129142,1355,839756,259,59056,2576,161210,2942,961987,2835,1123197,California
Riverside,2021-06-24,5390,2033344,3691,1132833,1456,841212,243,59299,2347,160793,3008,964995,2591,1125788,California
Riverside,2021-06-25,6810,2040154,4882,1137715,1647,842859,281,59580,2938,160178,3838,968833,3223,1129011,California
Riverside,2021-06-26,3801,2043955,2927,1140642,748,843607,126,59706,1746,160017,2033,970866,1872,1130883,California
Riverside,2021-06-27,1499,2045454,1208,1141850,246,843853,45,59751,692,159958,796,971662,737,1131620,California
Riverside,2021-06-28,4282,2049736,3338,1145188,721,844574,223,59974,2006,159944,2247,973909,2233,1133853,California
Riverside,2021-06-29,5634,2055370,4176,1149364,1281,845855,177,60151,2577,159679,3021,976930,2756,1136609,California
Riverside,2021-06-30,4961,2060331,3655,1153019,1135,846990,171,60322,2402,159760,2490,979420,2571,1139180,California
Riverside,2021-07-01,4714,2065045,3281,1156300,1130,848120,303,60625,2202,159788,2483,981903,2511,1141691,California
Riverside,2021-07-02,5752,2070797,4279,1160579,1275,849395,198,60823,2743,159760,2968,984871,2940,1144631,California
Riverside,2021-07-03,2865,2073662,2146,1162725,639,850034,80,60903,1411,159829,1423,986294,1492,1146123,California
Riverside,2021-07-04,242,2073904,139,1162864,95,850129,8,60911,96,159789,144,986438,104,1146227,California
Riverside,2021-07-05,2573,2076477,2010,1164874,503,850632,60,60971,1255,159795,1309,987747,1315,1147542,California
Riverside,2021-07-06,5498,2081975,4074,1168948,1203,851835,221,61192,2250,159064,3203,990950,2472,1150014,California
Riverside,2021-07-07,4488,2086463,3310,1172258,979,852814,199,61391,1996,158803,2459,993409,2198,1152212,California
Riverside,2021-07-08,4187,2090650,2994,1175252,990,853804,203,61594,1965,158760,2207,995616,2164,1154376,California
Riverside,2021-07-09,5358,2096008,4028,1179280,1109,854913,221,61815,2374,158401,2951,998567,2592,1156968,California
Riverside,2021-07-10,2547,2098555,1920,1181200,550,855463,77,61892,1239,158431,1290,999857,1320,1158288,California
Riverside,2021-07-11,1148,2099703,888,1182088,228,855691,32,61924,599,158520,542,1000399,631,1158919,California
Riverside,2021-07-12,2624,2102327,1918,1184006,613,856304,93,62017,1140,158281,1470,1001869,1231,1160150,California
Sacramento,2020-12-15,315,315,315,315,0,0,0,0,315,315,0,0,315,315,California
Sacramento,2020-12-16,683,998,683,998,0,0,0,0,683,998,0,0,683,998,California
Sacramento,2020-12-17,723,1721,723,1721,0,0,0,0,723,1721,0,0,723,1721,California
Sacramento,2020-12-18,1127,2848,1126,2847,1,1,0,0,1127,2848,0,0,1127,2848,California
Sacramento,2020-12-19,625,3473,625,3472,0,1,0,0,625,3473,0,0,625,3473,California
Sacramento,2020-12-20,635,4108,635,4107,0,1,0,0,635,4108,0,0,635,4108,California
Sacramento,2020-12-21,1683,5791,1683,5790,0,1,0,0,1684,5792,0,0,1684,5792,California
Sacramento,2020-12-22,2110,7901,2073,7863,37,38,0,0,2110,7902,0,0,2110,7902,California
Sacramento,2020-12-23,2273,10174,2098,9961,175,213,0,0,2273,10175,0,0,2273,10175,California
Sacramento,2020-12-24,1043,11217,830,10791,213,426,0,0,1043,11218,0,0,1043,11218,California
Sacramento,2020-12-25,3,11220,2,10793,1,427,0,0,3,11221,0,0,3,11221,California
Sacramento,2020-12-26,508,11728,289,11082,219,646,0,0,508,11729,0,0,508,11729,California
Sacramento,2020-12-27,358,12086,252,11334,106,752,0,0,358,12087,0,0,358,12087,California
Sacramento,2020-12-28,1928,14014,1343,12677,585,1337,0,0,1927,14013,1,1,1927,14014,California
Sacramento,2020-12-29,1973,15987,1200,13877,773,2110,0,0,1973,15986,0,1,1973,15987,California
Sacramento,2020-12-30,2568,18555,1460,15337,1108,3218,0,0,2569,18555,0,1,2569,18556,California
Sacramento,2020-12-31,1230,19785,695,16032,535,3753,0,0,1231,19786,0,1,1231,19787,California
Sacramento,2021-01-01,87,19872,73,16105,14,3767,0,0,87,19873,0,1,87,19874,California
Sacramento,2021-01-02,570,20442,366,16471,204,3971,0,0,570,20443,0,1,570,20444,California
Sacramento,2021-01-03,412,20854,223,16694,189,4160,0,0,412,20855,0,1,412,20856,California
Sacramento,2021-01-04,1953,22807,841,17535,1112,5272,0,0,1951,22805,1,2,1951,22807,California
Sacramento,2021-01-05,2247,25054,1012,18547,1235,6507,0,0,1864,24293,383,385,1871,24678,California
Sacramento,2021-01-06,2763,27817,1638,20185,1125,7632,0,0,1944,25425,813,1198,1945,26623,California
Sacramento,2021-01-07,2869,30686,1532,21717,1337,8969,0,0,1920,26402,943,2141,1920,28543,California
Sacramento,2021-01-08,3314,34000,2096,23813,1218,10187,0,0,2184,27461,1126,3267,2185,30728,California
Sacramento,2021-01-09,1298,35298,803,24616,495,10682,0,0,900,27965,396,3663,900,31628,California
Sacramento,2021-01-10,1252,36550,713,25329,539,11221,0,0,783,28281,468,4131,784,32412,California
Sacramento,2021-01-11,4381,40931,2971,28300,1410,12631,0,0,2431,28775,1949,6080,2443,34855,California
Sacramento,2021-01-12,4692,45623,3292,31592,1400,14031,0,0,2640,29372,2050,8130,2647,37502,California
Sacramento,2021-01-13,3868,49491,2236,33828,1632,15663,0,0,2441,30388,1426,9556,2442,39944,California
Sacramento,2021-01-14,4762,54253,2429,36257,2333,17996,0,0,3847,33322,913,10469,3847,43791,California
Sacramento,2021-01-15,4475,58728,2258,38515,2217,20213,0,0,3756,36360,719,11188,3757,47548,California
Sacramento,2021-01-16,2230,60958,1281,39796,949,21162,0,0,2010,38151,219,11407,2010,49558,California
Sacramento,2021-01-17,1686,62644,987,40783,699,21861,0,0,1500,39468,186,11593,1503,51061,California
Sacramento,2021-01-18,2817,65461,1721,42504,1096,22957,0,0,2229,41111,587,12180,2230,53291,California
Sacramento,2021-01-19,4996,70457,3024,45528,1972,24929,0,0,3752,43623,1242,13422,3754,57045,California
Sacramento,2021-01-20,4992,75449,3001,48529,1991,26920,0,0,3678,45992,1315,14737,3684,60729,California
Sacramento,2021-01-21,5264,80713,3019,51548,2245,29165,0,0,4288,49314,968,15705,4290,65019,California
Sacramento,2021-01-22,5053,85766,2685,54233,2368,31533,0,0,4748,53759,304,16009,4749,69768,California
Sacramento,2021-01-23,3873,89639,1563,55796,2310,33843,0,0,3409,56704,464,16473,3409,73177,California
Sacramento,2021-01-24,1642,91281,1025,56821,617,34460,0,0,1393,57849,249,16722,1394,74571,California
Sacramento,2021-01-25,4435,95716,2169,58990,2266,36726,0,0,2952,59320,1483,18205,2954,77525,California
Sacramento,2021-01-26,4782,100498,2178,61168,2604,39330,0,0,3565,61675,1212,19417,3567,81092,California
Sacramento,2021-01-27,5901,106399,3048,64216,2853,42183,0,0,4268,64318,1627,21044,4270,85362,California
Sacramento,2021-01-28,5491,111890,2736,66952,2755,44938,0,0,4384,67598,1105,22149,4385,89747,California
Sacramento,2021-01-29,5459,117349,2932,69884,2527,47465,0,0,4432,71011,1019,23168,4432,94179,California
Sacramento,2021-01-30,4880,122229,2196,72080,2684,50149,0,0,4448,75030,429,23597,4448,98627,California
Sacramento,2021-01-31,2419,124648,2117,74197,302,50451,0,0,2065,76745,352,23949,2067,100694,California
Sacramento,2021-02-01,5956,130604,3031,77228,2925,53376,0,0,4270,79338,1678,25627,4271,104965,California
Sacramento,2021-02-02,6957,137561,3707,80935,3250,56626,0,0,4844,82093,2091,27718,4846,109811,California
Sacramento,2021-02-03,7167,144728,3603,84538,3564,60190,0,0,5278,85496,1877,29595,5280,115091,California
Sacramento,2021-02-04,7807,152535,3684,88222,4123,64313,0,0,5538,88773,2261,31856,5538,120629,California
Sacramento,2021-02-05,7908,160443,4502,92724,3406,67719,0,0,4853,90602,3031,34887,4860,125489,California
Sacramento,2021-02-06,8867,169310,3502,96226,5365,73084,0,0,7504,96747,1361,36248,7506,132995,California
Sacramento,2021-02-07,4111,173421,2220,98446,1891,74975,0,0,2899,98441,1207,37455,2901,135896,California
Sacramento,2021-02-08,6283,179704,3258,101704,3025,78000,0,0,3922,100009,2354,39809,3922,139818,California
Sacramento,2021-02-09,6819,186523,3576,105280,3243,81243,0,0,4008,101223,2796,42605,4010,143828,California
Sacramento,2021-02-10,7774,194297,4252,109532,3522,84765,0,0,4543,102553,3214,45819,4544,148372,California
Sacramento,2021-02-11,9639,203936,5738,115270,3901,88666,0,0,5520,103970,4105,49924,5522,153894,California
Sacramento,2021-02-12,10760,214696,4176,119446,6584,95250,0,0,6434,106150,4257,54181,6437,160331,California
Sacramento,2021-02-13,8146,222842,3018,122464,5128,100378,0,0,6364,110739,1776,55957,6365,166696,California
Sacramento,2021-02-14,3263,226105,2013,124477,1250,101628,0,0,2120,111723,1141,57098,2125,168821,California
Sacramento,2021-02-15,6058,232163,2062,126539,3996,105624,0,0,4206,114091,1841,58939,4209,173030,California
Sacramento,2021-02-16,9330,241493,4238,130777,5092,110716,0,0,5363,115502,3957,62896,5368,178398,California
Sacramento,2021-02-17,8966,250459,5038,135815,3928,114644,0,0,5197,116946,3756,66652,5200,183598,California
Sacramento,2021-02-18,9689,260148,5793,141608,3896,118540,0,0,5761,118796,3915,70567,5765,189363,California
Sacramento,2021-02-19,10161,270309,6218,147826,3943,122483,0,0,5988,120636,4157,74724,5997,195360,California
Sacramento,2021-02-20,8221,278530,5849,153675,2372,124855,0,0,4799,122024,3414,78138,4802,200162,California
Sacramento,2021-02-21,4972,283502,2532,156207,2440,127295,0,0,2902,122865,2061,80199,2902,203064,California
Sacramento,2021-02-22,6548,290050,3977,160184,2571,129866,0,0,2829,122002,3696,83895,2833,205897,California
Sacramento,2021-02-23,7657,297707,4767,164951,2890,132756,0,0,3650,121670,3986,87881,3654,209551,California
Sacramento,2021-02-24,10134,307841,5588,170539,4546,137302,0,0,5458,122483,4653,92534,5466,215017,California
Sacramento,2021-02-25,11574,319415,6630,177169,4944,142246,0,0,6709,124348,4845,97379,6710,221727,California
Sacramento,2021-02-26,14716,334131,6939,184108,7777,150023,0,0,10026,129727,4653,102032,10032,231759,California
Sacramento,2021-02-27,11299,345430,6911,191019,4385,154408,3,3,8365,135192,2903,104935,8368,240127,California
Sacramento,2021-02-28,6680,352110,2362,193381,4318,158726,0,3,3125,134780,3540,108475,3128,243255,California
Sacramento,2021-03-01,8712,360822,3661,197042,5048,163774,3,6,4726,135554,3958,112433,4732,247987,California
Sacramento,2021-03-02,9427,370249,4094,201136,5332,169106,1,7,5774,137700,3632,116065,5778,253765,California
Sacramento,2021-03-03,11214,381463,5118,206254,6092,175198,4,11,6735,139987,4455,120520,6742,260507,California
Sacramento,2021-03-04,13726,395189,6338,212592,7384,182582,4,15,7612,141537,6073,126593,7623,268130,California
Sacramento,2021-03-05,10734,405923,4948,217540,5756,188338,30,45,7125,145114,3579,130172,7156,275286,California
Sacramento,2021-03-06,8182,414105,3144,220684,4914,193252,124,169,4149,145372,4014,134186,4272,279558,California
Sacramento,2021-03-07,8141,422246,2242,222926,5756,199008,143,312,3798,144979,4332,138518,3939,283497,California
Sacramento,2021-03-08,9244,431490,4339,227265,4666,203674,239,551,6002,147993,3225,141743,6239,289736,California
Sacramento,2021-03-09,9784,441274,4589,231854,4901,208575,294,845,5595,149717,4165,145908,5889,295625,California
Sacramento,2021-03-10,11881,453155,7530,239384,3995,212570,356,1201,6944,152126,4895,150803,7304,302929,California
Sacramento,2021-03-11,15236,468391,10115,249499,4289,216859,832,2033,8986,155735,6204,157007,9813,312742,California
Sacramento,2021-03-12,18103,486494,8352,257851,8880,225739,871,2904,8874,156312,9170,166177,9747,322489,California
Sacramento,2021-03-13,13659,500153,3590,261441,9639,235378,430,3334,8446,159982,5201,171378,8871,331360,California
Sacramento,2021-03-14,9484,509637,3483,264924,5365,240743,636,3970,4476,160116,4976,176354,5110,336470,California
Sacramento,2021-03-15,12307,521944,4888,269812,6753,247496,666,4636,7065,162638,5211,181565,7733,344203,California
Sacramento,2021-03-16,14180,536124,6317,276129,7209,254705,654,5290,8657,166457,5483,187048,9302,353505,California
Sacramento,2021-03-17,13888,550012,6682,282811,6574,261279,632,5922,8805,170842,5055,192103,9440,362945,California
Sacramento,2021-03-18,15839,565851,8338,291149,6896,268175,605,6527,10004,175650,5800,197903,10608,373553,California
Sacramento,2021-03-19,15726,581577,8016,299165,6316,274491,1394,7921,7890,177122,7803,205706,9275,382828,California
Sacramento,2021-03-20,13412,594989,7562,306727,5505,279996,345,8266,8490,181066,4890,210596,8834,391662,California
Sacramento,2021-03-21,5857,600846,2780,309507,3038,283034,39,8305,3362,181992,2479,213075,3405,395067,California
Sacramento,2021-03-22,9489,610335,4882,314389,3753,286787,854,9159,6259,185903,3198,216273,7109,402176,California
Sacramento,2021-03-23,11497,621832,6860,321249,3831,290618,806,9965,7353,189963,4097,220370,8157,410333,California
Sacramento,2021-03-24,11963,633795,7298,328547,4033,294651,632,10597,6721,192161,5155,225525,7353,417686,California
Sacramento,2021-03-25,14330,648125,8433,336980,5058,299709,839,11436,8501,195712,5782,231307,9333,427019,California
Sacramento,2021-03-26,18395,666520,8958,345938,8925,308634,512,11948,9128,196162,9191,240498,9641,436660,California
Sacramento,2021-03-27,10213,676733,3590,349528,6331,314965,292,12240,5572,197417,4604,245102,5859,442519,California
Sacramento,2021-03-28,6635,683368,3239,352767,3144,318109,252,12492,2657,196362,3967,249069,2912,445431,California
Sacramento,2021-03-29,11065,694433,5908,358675,4767,322876,390,12882,4947,195611,6088,255157,5337,450768,California
Sacramento,2021-03-30,11971,706404,6111,364786,5442,328318,418,13300,6034,196152,5908,261065,6449,457217,California
Sacramento,2021-03-31,13529,719933,7875,372661,5239,333557,415,13715,5582,194230,7913,268978,5991,463208,California
Sacramento,2021-04-01,17538,737471,10478,383139,6805,340362,255,13970,7345,191690,10142,279120,7602,470810,California
Sacramento,2021-04-02,17243,754714,9732,392871,6766,347128,745,14715,9036,193302,8168,287288,9780,480590,California
Sacramento,2021-04-03,10485,765199,6248,399119,3687,350815,550,15265,6421,196232,4035,291323,6965,487555,California
Sacramento,2021-04-04,3730,768929,1532,400651,1993,352808,205,15470,1448,195605,2276,293599,1649,489204,California
Sacramento,2021-04-05,12113,781042,7572,408223,3698,356506,843,16313,5377,195121,6697,300296,6213,495417,California
Sacramento,2021-04-06,15740,796782,8894,417117,5502,362008,1344,17657,6929,194615,8774,309070,8268,503685,California
Sacramento,2021-04-07,14958,811740,8062,425179,5280,367288,1616,19273,7166,195640,7744,316814,8769,512454,California
Sacramento,2021-04-08,15162,826902,6816,431995,5342,372630,3004,22277,6018,195530,9107,325921,8997,521451,California
Sacramento,2021-04-09,18388,845290,9382,441377,6776,379406,2230,24507,7464,194333,10879,336800,9682,531133,California
Sacramento,2021-04-10,13448,858738,3851,445228,8369,387775,1228,25735,5861,193839,7557,344357,7063,538196,California
Sacramento,2021-04-11,11190,869928,4379,449607,6583,394358,228,25963,3640,190183,7523,351880,3867,542063,California
Sacramento,2021-04-12,13035,882963,5069,454676,6070,400428,1896,27859,4929,188953,8037,359917,6807,548870,California
Sacramento,2021-04-13,16347,899310,9980,464656,6362,406790,5,27864,7578,187805,8735,368652,7587,556457,California
Sacramento,2021-04-14,15070,914380,8019,472675,7049,413839,2,27866,5939,184650,9098,377750,5943,562400,California
Sacramento,2021-04-15,16482,930862,8469,481144,8010,421849,3,27869,6676,181570,9761,387511,6681,569081,California
Sacramento,2021-04-16,17632,948494,9744,490888,7888,429737,0,27869,7974,179941,9605,397116,7976,577057,California
Sacramento,2021-04-17,15888,964382,6194,497082,9694,439431,0,27869,11610,187302,4254,401370,11615,588672,California
Sacramento,2021-04-18,9083,973465,3273,500355,5810,445241,0,27869,3881,186004,5181,406551,3883,592555,California
Sacramento,2021-04-19,10697,984162,5778,506133,4914,450155,5,27874,4737,184814,5934,412485,4744,597299,California
Sacramento,2021-04-20,11575,995737,7142,513275,4429,454584,4,27878,6084,185444,5463,417948,6093,603392,California
Sacramento,2021-04-21,12344,1008081,7389,520664,4953,459537,2,27880,6623,186381,5689,423637,6626,610018,California
Sacramento,2021-04-22,15259,1023340,10266,530930,4988,464525,5,27885,6991,185149,8230,431867,6998,617016,California
Sacramento,2021-04-23,16352,1039692,10352,541282,6000,470525,0,27885,7574,183986,8739,440606,7576,624592,California
Sacramento,2021-04-24,11632,1051324,7012,548294,4619,475144,1,27886,6214,184819,5382,445988,6215,630807,California
Sacramento,2021-04-25,8481,1059805,4482,552776,3999,479143,0,27886,4175,184706,4289,450277,4176,634983,California
Sacramento,2021-04-26,10837,1070642,6834,559610,3979,483122,24,27910,5153,184231,5652,455929,5177,640160,California
Sacramento,2021-04-27,12286,1082928,8088,567698,4043,487165,155,28065,6035,184207,6216,462145,6192,646352,California
Sacramento,2021-04-28,10838,1093766,6162,573860,4471,491636,205,28270,6006,185622,4799,466944,6214,652566,California
Sacramento,2021-04-29,11189,1104955,7595,581455,3290,494926,304,28574,6144,187068,5005,471949,6451,659017,California
Sacramento,2021-04-30,12761,1117716,8083,589538,4414,499340,264,28838,6035,186693,6675,478624,6300,665317,California
Sacramento,2021-05-01,7632,1125348,5483,595021,1974,501314,175,29013,2796,184865,4798,483422,2970,668287,California
Sacramento,2021-05-02,5008,1130356,4310,599331,549,501863,149,29162,2226,184485,2754,486176,2374,670661,California
Sacramento,2021-05-03,9150,1139506,7310,606641,1558,503421,282,29444,3977,183591,5149,491325,4255,674916,California
Sacramento,2021-05-04,9704,1149210,5957,612598,3436,506857,311,29755,3857,181958,5799,497124,4166,679082,California
Sacramento,2021-05-05,11371,1160581,6241,618839,4668,511525,462,30217,4646,180382,6676,503800,5100,684182,California
Sacramento,2021-05-06,11446,1172027,6402,625241,4735,516260,309,30526,4676,178936,6426,510226,4980,689162,California
Sacramento,2021-05-07,10805,1182832,6315,631556,4120,520380,370,30896,4550,177658,6199,516425,4921,694083,California
Sacramento,2021-05-08,9007,1191839,4011,635567,4765,525145,231,31127,2822,174564,6139,522564,3045,697128,California
Sacramento,2021-05-09,3291,1195130,1794,637361,1385,526530,112,31239,1205,173808,2074,524638,1318,698446,California
Sacramento,2021-05-10,8299,1203429,3876,641237,4152,530682,271,31510,2006,169826,6260,530898,2278,700724,California
Sacramento,2021-05-11,8646,1212075,5464,646701,2922,533604,260,31770,3016,167506,5596,536494,3276,704000,California
Sacramento,2021-05-12,8779,1220854,5286,651987,3236,536840,257,32027,2944,164905,5800,542294,3199,707199,California
Sacramento,2021-05-13,12031,1232885,7700,659687,4054,540894,277,32304,4566,162325,7422,549716,4842,712041,California
Sacramento,2021-05-14,12536,1245421,7105,666792,5142,546036,289,32593,5068,160274,7409,557125,5358,717399,California
Sacramento,2021-05-15,13250,1258671,8028,674820,5076,551112,146,32739,5874,158949,7341,564466,6016,723415,California
Sacramento,2021-05-16,8447,1267118,4239,679059,4095,555207,113,32852,2216,155079,6202,570668,2332,725747,California
Sacramento,2021-05-17,10485,1277603,6403,685462,3792,558999,290,33142,3919,152763,6527,577195,4211,729958,California
Sacramento,2021-05-18,9934,1287537,6225,691687,3496,562495,213,33355,3716,150518,6179,583374,3934,733892,California
Sacramento,2021-05-19,9911,1297448,6310,697997,3336,565831,265,33620,4437,149797,5429,588803,4708,738600,California
Sacramento,2021-05-20,10269,1307717,6760,704757,3248,569079,261,33881,3819,147480,6397,595200,4080,742680,California
Sacramento,2021-05-21,10794,1318511,6832,711589,3639,572718,323,34204,4481,146018,6272,601472,4810,747490,California
Sacramento,2021-05-22,7455,1325966,4609,716198,2672,575390,174,34378,3340,145449,4086,605558,3517,751007,California
Sacramento,2021-05-23,5310,1331276,3021,719219,2185,577575,104,34482,1977,144220,3311,608869,2082,753089,California
Sacramento,2021-05-24,7869,1339145,4744,723963,2795,580370,330,34812,2509,141741,5316,614185,2837,755926,California
Sacramento,2021-05-25,6755,1345900,3905,727868,2557,582927,293,35105,2405,140114,4323,618508,2696,758622,California
Sacramento,2021-05-26,8591,1354491,4743,732611,3509,586436,339,35444,2830,137567,5711,624219,3164,761786,California
Sacramento,2021-05-27,6699,1361190,3652,736263,2807,589243,240,35684,2947,137050,3704,627923,3187,764973,California
Sacramento,2021-05-28,8279,1369469,4590,740853,3314,592557,375,36059,3456,136100,4780,632703,3830,768803,California
Sacramento,2021-05-29,4443,1373912,2704,743557,1579,594136,160,36219,2237,136315,2181,634884,2396,771199,California
Sacramento,2021-05-30,1685,1375597,1067,744624,580,594716,38,36257,752,136182,924,635808,791,771990,California
Sacramento,2021-05-31,886,1376483,445,745069,428,595144,13,36270,313,135939,569,636377,326,772316,California
Sacramento,2021-06-01,6975,1383458,4178,749247,2591,597735,206,36476,2530,134270,4402,640779,2733,775049,California
Sacramento,2021-06-02,6097,1389555,3348,752595,2535,600270,214,36690,2263,132952,3793,644572,2475,777524,California
Sacramento,2021-06-03,7465,1397020,5075,757670,2205,602475,185,36875,2143,129994,5282,649854,2324,779848,California
Sacramento,2021-06-04,7091,1404111,4531,762201,2348,604823,212,37087,2208,127566,4848,654702,2420,782268,California
Sacramento,2021-06-05,6220,1410331,4560,766761,1520,606343,140,37227,1755,125025,4437,659139,1896,784164,California
Sacramento,2021-06-06,2428,1412759,1908,768669,461,606804,59,37286,786,124236,1635,660774,846,785010,California
Sacramento,2021-06-07,5583,1418342,3911,772580,1492,608296,180,37466,1556,121969,4000,664774,1733,786743,California
Sacramento,2021-06-08,5412,1423754,3687,776267,1545,609841,180,37646,1715,120198,3668,668442,1897,788640,California
Sacramento,2021-06-09,6195,1429949,4288,780555,1722,611563,185,37831,1628,117496,4514,672956,1812,790452,California
Sacramento,2021-06-10,5426,1435375,3467,784022,1748,613311,211,38042,1642,115616,3733,676689,1853,792305,California
Sacramento,2021-06-11,7562,1442937,5219,789241,2149,615460,194,38236,2025,112330,5503,682192,2217,794522,California
Sacramento,2021-06-12,4725,1447662,3061,792302,1546,617006,118,38354,1277,110296,3430,685622,1396,795918,California
Sacramento,2021-06-13,1935,1449597,1425,793727,466,617472,44,38398,396,109206,1528,687150,438,796356,California
Sacramento,2021-06-14,4330,1453927,2805,796532,1364,618836,161,38559,1337,107728,2974,690124,1496,797852,California
Sacramento,2021-06-15,4927,1458854,2966,799498,1736,620572,225,38784,1708,106458,3202,693326,1932,799784,California
Sacramento,2021-06-16,4489,1463343,3017,802515,1253,621825,219,39003,1544,105294,2919,696245,1755,801539,California
Sacramento,2021-06-17,4076,1467419,2651,805166,1259,623084,166,39169,1402,104215,2642,698887,1563,803102,California
Sacramento,2021-06-18,5133,1472552,3358,808524,1535,624619,240,39409,1742,102831,3365,702252,1981,805083,California
Sacramento,2021-06-19,3351,1475903,2275,810799,931,625550,145,39554,1195,102031,2138,704390,1338,806421,California
Sacramento,2021-06-20,1234,1477137,915,811714,291,625841,28,39582,564,101964,659,705049,592,807013,California
Sacramento,2021-06-21,2531,1479668,1343,813057,1027,626868,161,39743,1237,102079,1281,706330,1396,808409,California
Sacramento,2021-06-22,3907,1483575,2690,815747,1020,627888,197,39940,1533,101455,2349,708679,1725,810134,California
Sacramento,2021-06-23,4084,1487659,2816,818563,1059,628947,209,40149,1522,100641,2541,711220,1727,811861,California
Sacramento,2021-06-24,3476,1491135,2246,820809,1034,629981,196,40345,1385,100150,2072,713292,1581,813442,California
Sacramento,2021-06-25,4192,1495327,2833,823642,1144,631125,215,40560,1690,99571,2481,715773,1902,815344,California
Sacramento,2021-06-26,2844,1498171,2033,825675,688,631813,123,40683,1190,99248,1635,717408,1312,816656,California
Sacramento,2021-06-27,1240,1499411,913,826588,296,632109,31,40714,452,98947,784,718192,483,817139,California
Sacramento,2021-06-28,2630,1502041,1953,828541,536,632645,141,40855,1145,98765,1467,719659,1285,818424,California
Sacramento,2021-06-29,3300,1505341,2197,830738,964,633609,139,40994,1330,98295,1941,721600,1471,819895,California
Sacramento,2021-06-30,3274,1508615,2237,832975,907,634516,130,41124,1545,98261,1710,723310,1676,821571,California
Sacramento,2021-07-01,2856,1511471,1911,834886,786,635302,159,41283,1228,98038,1608,724918,1385,822956,California
Sacramento,2021-07-02,3429,1514900,2289,837175,985,636287,155,41438,1462,97706,1944,726862,1612,824568,California
Sacramento,2021-07-03,1848,1516748,1250,838425,565,636852,33,41471,794,97493,1041,727903,828,825396,California
Sacramento,2021-07-04,156,1516904,62,838487,84,636936,10,41481,66,97479,90,727993,76,825472,California
Sacramento,2021-07-05,1432,1518336,973,839460,424,637360,35,41516,706,97503,717,728710,741,826213,California
Sacramento,2021-07-06,3456,1521792,2440,841900,850,638210,166,41682,1278,96783,2156,730866,1436,827649,California
Sacramento,2021-07-07,3123,1524915,2145,844045,830,639040,148,41830,1306,96434,1797,732663,1448,829097,California
Sacramento,2021-07-08,2719,1527634,1758,845803,793,639833,168,41998,1123,96138,1582,734245,1286,830383,California
Sacramento,2021-07-09,3287,1530921,2134,847937,965,640798,188,42186,1387,95835,1874,736119,1571,831954,California
Sacramento,2021-07-10,1968,1532889,1367,849304,533,641331,68,42254,840,95629,1114,737233,908,832862,California
Sacramento,2021-07-11,793,1533682,556,849860,212,641543,25,42279,370,95607,417,737650,395,833257,California
Sacramento,2021-07-12,2040,1535722,1438,851298,496,642039,106,42385,918,95523,1108,738758,1024,834281,California
San Benito,2020-12-16,29,29,29,29,0,0,0,0,29,29,0,0,29,29,California
San Benito,2020-12-17,48,77,48,77,0,0,0,0,48,77,0,0,48,77,California
San Benito,2020-12-18,72,149,72,149,0,0,0,0,72,149,0,0,72,149,California
San Benito,2020-12-19,48,197,48,197,0,0,0,0,48,197,0,0,48,197,California
San Benito,2020-12-20,24,221,24,221,0,0,0,0,24,221,0,0,24,221,California
San Benito,2020-12-21,77,298,77,298,0,0,0,0,77,298,0,0,77,298,California
San Benito,2020-12-22,101,399,101,399,0,0,0,0,101,399,0,0,101,399,California
San Benito,2020-12-23,86,485,74,473,12,12,0,0,86,485,0,0,86,485,California
San Benito,2020-12-24,13,498,5,478,8,20,0,0,13,498,0,0,13,498,California
San Benito,2020-12-25,3,501,3,481,0,20,0,0,3,501,0,0,3,501,California
San Benito,2020-12-26,13,514,4,485,9,29,0,0,13,514,0,0,13,514,California
San Benito,2020-12-27,8,522,7,492,1,30,0,0,8,522,0,0,8,522,California
San Benito,2020-12-28,66,588,36,528,30,60,0,0,66,588,0,0,66,588,California
San Benito,2020-12-29,49,637,21,549,28,88,0,0,49,637,0,0,49,637,California
San Benito,2020-12-30,59,696,37,586,22,110,0,0,59,696,0,0,59,696,California
San Benito,2020-12-31,19,715,2,588,17,127,0,0,19,715,0,0,19,715,California
San Benito,2021-01-02,24,739,23,611,1,128,0,0,24,739,0,0,24,739,California
San Benito,2021-01-03,4,743,2,613,2,130,0,0,3,742,0,0,3,742,California
San Benito,2021-01-04,61,804,23,636,38,168,0,0,61,803,0,0,61,803,California
San Benito,2021-01-05,117,921,37,673,80,248,0,0,114,914,3,3,114,917,California
San Benito,2021-01-06,102,1023,42,715,60,308,0,0,87,986,15,18,87,1004,California
San Benito,2021-01-07,107,1130,68,783,39,347,0,0,55,989,52,70,55,1059,California
San Benito,2021-01-08,180,1310,89,872,91,438,0,0,116,1041,64,134,116,1175,California
San Benito,2021-01-09,44,1354,31,903,13,451,0,0,30,1057,14,148,30,1205,California
San Benito,2021-01-10,17,1371,15,918,2,453,0,0,5,1050,12,160,5,1210,California
San Benito,2021-01-11,173,1544,108,1026,65,518,0,0,72,1021,101,261,72,1282,California
San Benito,2021-01-12,161,1705,57,1083,104,622,0,0,121,1102,40,301,121,1403,California
San Benito,2021-01-13,240,1945,68,1151,172,794,0,0,189,1240,51,352,189,1592,California
San Benito,2021-01-14,132,2077,24,1175,108,902,0,0,113,1334,19,371,113,1705,California
San Benito,2021-01-15,217,2294,20,1195,197,1099,0,0,203,1523,14,385,203,1908,California
San Benito,2021-01-16,25,2319,8,1203,17,1116,0,0,20,1538,5,390,20,1928,California
San Benito,2021-01-17,12,2331,5,1208,7,1123,0,0,9,1544,3,393,9,1937,California
San Benito,2021-01-18,37,2368,23,1231,14,1137,0,0,22,1551,15,408,22,1959,California
San Benito,2021-01-19,187,2555,81,1312,106,1243,0,0,149,1662,38,446,149,2108,California
San Benito,2021-01-20,338,2893,102,1414,236,1479,0,0,292,1909,45,491,292,2400,California
San Benito,2021-01-21,146,3039,33,1447,113,1592,0,0,120,2003,26,517,120,2520,California
San Benito,2021-01-22,236,3275,19,1466,217,1809,0,0,226,2219,10,527,226,2746,California
San Benito,2021-01-23,31,3306,17,1483,14,1823,0,0,13,2214,18,545,13,2759,California
San Benito,2021-01-24,28,3334,3,1486,25,1848,0,0,24,2234,4,549,24,2783,California
San Benito,2021-01-25,71,3405,24,1510,47,1895,0,0,23,2209,48,597,23,2806,California
San Benito,2021-01-26,139,3544,42,1552,97,1992,0,0,86,2242,53,650,86,2892,California
San Benito,2021-01-27,230,3774,69,1621,161,2153,0,0,191,2394,39,689,191,3083,California
San Benito,2021-01-28,151,3925,32,1653,119,2272,0,0,120,2484,30,719,120,3203,California
San Benito,2021-01-29,292,4217,33,1686,259,2531,0,0,267,2727,24,743,267,3470,California
San Benito,2021-01-30,52,4269,33,1719,19,2550,0,0,29,2733,23,766,29,3499,California
San Benito,2021-01-31,16,4285,5,1724,11,2561,0,0,11,2739,5,771,11,3510,California
San Benito,2021-02-01,137,4422,29,1753,108,2669,0,0,93,2788,44,815,93,3603,California
San Benito,2021-02-02,229,4651,49,1802,180,2849,0,0,139,2837,90,905,139,3742,California
San Benito,2021-02-03,341,4992,42,1844,299,3148,0,0,273,3042,68,973,273,4015,California
San Benito,2021-02-04,166,5158,22,1866,144,3292,0,0,119,3114,47,1020,119,4134,California
San Benito,2021-02-05,295,5453,40,1906,255,3547,0,0,231,3281,64,1084,231,4365,California
San Benito,2021-02-06,50,5503,9,1915,41,3588,0,0,33,3297,17,1101,33,4398,California
San Benito,2021-02-07,18,5521,9,1924,9,3597,0,0,16,3311,2,1103,16,4414,California
San Benito,2021-02-08,141,5662,18,1942,123,3720,0,0,95,3360,46,1149,95,4509,California
San Benito,2021-02-09,328,5990,64,2006,264,3984,0,0,195,3422,133,1282,195,4704,California
San Benito,2021-02-10,323,6313,89,2095,234,4218,0,0,106,3312,216,1498,106,4810,California
San Benito,2021-02-11,300,6613,33,2128,267,4485,0,0,201,3414,99,1597,201,5011,California
San Benito,2021-02-12,416,7029,32,2160,384,4869,0,0,209,3417,206,1803,209,5220,California
San Benito,2021-02-13,56,7085,7,2167,49,4918,0,0,44,3449,12,1815,44,5264,California
San Benito,2021-02-14,40,7125,5,2172,35,4953,0,0,30,3469,10,1825,30,5294,California
San Benito,2021-02-15,107,7232,9,2181,98,5051,0,0,96,3554,11,1836,96,5390,California
San Benito,2021-02-16,206,7438,11,2192,195,5246,0,0,101,3551,105,1941,102,5492,California
San Benito,2021-02-17,328,7766,29,2221,299,5545,0,0,278,3779,50,1991,278,5770,California
San Benito,2021-02-18,297,8063,39,2260,258,5803,0,0,74,3630,223,2214,74,5844,California
San Benito,2021-02-19,348,8411,48,2308,300,6103,0,0,182,3646,166,2380,182,6026,California
San Benito,2021-02-20,50,8461,28,2336,22,6125,0,0,38,3672,12,2392,38,6064,California
San Benito,2021-02-21,24,8485,9,2345,15,6140,0,0,15,3678,9,2401,15,6079,California
San Benito,2021-02-22,138,8623,37,2382,101,6241,0,0,101,3743,36,2437,101,6180,California
San Benito,2021-02-23,388,9011,97,2479,291,6532,0,0,269,3893,119,2556,269,6449,California
San Benito,2021-02-24,397,9408,75,2554,322,6854,0,0,251,3998,146,2702,251,6700,California
San Benito,2021-02-25,395,9803,63,2617,332,7186,0,0,273,4147,124,2826,273,6973,California
San Benito,2021-02-26,662,10465,78,2695,584,7770,0,0,411,4307,251,3077,411,7384,California
San Benito,2021-02-27,106,10571,41,2736,65,7835,0,0,87,4375,19,3096,87,7471,California
San Benito,2021-02-28,255,10826,31,2767,224,8059,0,0,243,4606,12,3108,243,7714,California
San Benito,2021-03-01,234,11060,61,2828,173,8232,0,0,162,4695,73,3181,162,7876,California
San Benito,2021-03-02,288,11348,95,2923,193,8425,0,0,216,4839,72,3253,216,8092,California
San Benito,2021-03-03,407,11755,64,2987,343,8768,0,0,228,4890,177,3430,228,8320,California
San Benito,2021-03-04,615,12370,125,3112,475,9243,15,15,427,5132,188,3618,430,8750,California
San Benito,2021-03-05,587,12957,309,3421,266,9509,12,27,378,5315,207,3825,390,9140,California
San Benito,2021-03-06,193,13150,69,3490,110,9619,14,41,140,5416,53,3878,154,9294,California
San Benito,2021-03-07,653,13803,603,4093,21,9640,29,70,615,6022,38,3916,644,9938,California
San Benito,2021-03-08,290,14093,66,4159,177,9817,47,117,167,6113,123,4039,214,10152,California
San Benito,2021-03-09,427,14520,82,4241,243,10060,102,219,137,6036,289,4328,212,10364,California
San Benito,2021-03-10,412,14932,121,4362,195,10255,96,315,239,6198,173,4501,335,10699,California
San Benito,2021-03-11,479,15411,127,4489,199,10454,153,468,213,6298,266,4767,366,11065,California
San Benito,2021-03-12,524,15935,124,4613,303,10757,97,565,232,6338,289,5056,329,11394,California
San Benito,2021-03-13,201,16136,99,4712,84,10841,18,583,127,6412,71,5127,145,11539,California
San Benito,2021-03-14,233,16369,40,4752,173,11014,20,603,180,6560,52,5179,200,11739,California
San Benito,2021-03-15,324,16693,98,4850,207,11221,19,622,191,6637,133,5312,210,11949,California
San Benito,2021-03-16,503,17196,218,5068,254,11475,31,653,355,6875,147,5459,385,12334,California
San Benito,2021-03-17,791,17987,479,5547,290,11765,22,675,559,7221,227,5686,573,12907,California
San Benito,2021-03-18,788,18775,526,6073,207,11972,55,730,573,7627,213,5899,619,13526,California
San Benito,2021-03-19,778,19553,402,6475,352,12324,24,754,573,8018,205,6104,596,14122,California
San Benito,2021-03-20,245,19798,147,6622,85,12409,13,767,184,8154,61,6165,197,14319,California
San Benito,2021-03-21,108,19906,56,6678,47,12456,5,772,80,8211,28,6193,85,14404,California
San Benito,2021-03-22,354,20260,173,6851,156,12612,25,797,222,8326,132,6325,247,14651,California
San Benito,2021-03-23,474,20734,197,7048,267,12879,10,807,204,8269,270,6595,213,14864,California
San Benito,2021-03-24,574,21308,303,7351,264,13143,7,814,346,8396,226,6821,353,15217,California
San Benito,2021-03-25,739,22047,440,7791,295,13438,4,818,436,8537,299,7120,440,15657,California
San Benito,2021-03-26,1018,23065,520,8311,493,13931,5,823,331,8187,686,7806,336,15993,California
San Benito,2021-03-27,338,23403,189,8500,117,14048,32,855,220,8322,117,7923,252,16245,California
San Benito,2021-03-28,734,24137,608,9108,121,14169,5,860,129,7851,605,8528,134,16379,California
San Benito,2021-03-29,345,24482,108,9216,217,14386,20,880,143,7812,201,8729,162,16541,California
San Benito,2021-03-30,581,25063,274,9490,214,14600,93,973,294,7912,287,9016,387,16928,California
San Benito,2021-03-31,595,25658,366,9856,205,14805,24,997,335,8013,258,9274,359,17287,California
San Benito,2021-04-01,956,26614,387,10243,530,15335,39,1036,566,8224,388,9662,599,17886,California
San Benito,2021-04-02,541,27155,262,10505,143,15478,136,1172,264,8348,276,9938,400,18286,California
San Benito,2021-04-03,254,27409,87,10592,103,15581,64,1236,75,8308,178,10116,138,18424,California
San Benito,2021-04-04,144,27553,109,10701,30,15611,5,1241,107,8383,37,10153,112,18536,California
San Benito,2021-04-05,353,27906,169,10870,140,15751,44,1285,142,8357,211,10364,185,18721,California
San Benito,2021-04-06,468,28374,164,11034,127,15878,177,1462,163,8391,305,10669,339,19060,California
San Benito,2021-04-07,942,29316,524,11558,227,16105,191,1653,263,8169,676,11345,454,19514,California
San Benito,2021-04-08,870,30186,437,11995,178,16283,255,1908,229,8013,640,11985,484,19998,California
San Benito,2021-04-09,854,31040,506,12501,256,16539,92,2000,298,7848,555,12540,390,20388,California
San Benito,2021-04-10,339,31379,205,12706,77,16616,57,2057,192,7950,147,12687,249,20637,California
San Benito,2021-04-11,481,31860,274,12980,172,16788,35,2092,271,8024,210,12897,284,20921,California
San Benito,2021-04-12,529,32389,285,13265,132,16920,112,2204,278,8160,250,13147,386,21307,California
San Benito,2021-04-13,761,33150,295,13560,443,17363,23,2227,527,8478,233,13380,551,21858,California
San Benito,2021-04-14,837,33987,656,14216,181,17544,0,2227,395,8438,435,13815,395,22253,California
San Benito,2021-04-15,949,34936,737,14953,211,17755,1,2228,476,8445,471,14286,478,22731,California
San Benito,2021-04-16,715,35651,373,15326,334,18089,8,2236,303,8348,409,14695,312,23043,California
San Benito,2021-04-17,322,35973,226,15552,96,18185,0,2236,130,8284,194,14889,130,23173,California
San Benito,2021-04-18,510,36483,429,15981,81,18266,0,2236,249,8274,261,15150,251,23424,California
San Benito,2021-04-19,748,37231,598,16579,150,18416,0,2236,422,8373,324,15474,423,23847,California
San Benito,2021-04-20,788,38019,419,16998,367,18783,2,2238,495,8581,288,15762,496,24343,California
San Benito,2021-04-21,973,38992,721,17719,252,19035,0,2238,524,8671,434,16196,524,24867,California
San Benito,2021-04-22,907,39899,699,18418,208,19243,0,2238,567,8906,332,16528,567,25434,California
San Benito,2021-04-23,644,40543,409,18827,234,19477,1,2239,342,8995,253,16781,342,25776,California
San Benito,2021-04-24,362,40905,202,19029,160,19637,0,2239,166,9005,156,16937,166,25942,California
San Benito,2021-04-25,203,41108,127,19156,76,19713,0,2239,94,9008,91,17028,94,26036,California
San Benito,2021-04-26,498,41606,395,19551,103,19816,0,2239,260,9091,177,17205,260,26296,California
San Benito,2021-04-27,561,42167,287,19838,267,20083,7,2246,409,9365,142,17347,416,26712,California
San Benito,2021-04-28,557,42724,393,20231,155,20238,9,2255,390,9601,162,17509,398,27110,California
San Benito,2021-04-29,634,43358,234,20465,390,20628,10,2265,254,9503,379,17888,281,27391,California
San Benito,2021-04-30,384,43742,215,20680,162,20790,7,2272,208,9544,174,18062,215,27606,California
San Benito,2021-05-01,195,43937,142,20822,44,20834,9,2281,65,9489,129,18191,74,27680,California
San Benito,2021-05-02,190,44127,160,20982,26,20860,4,2285,58,9419,132,18323,62,27742,California
San Benito,2021-05-03,360,44487,284,21266,66,20926,10,2295,86,9243,274,18597,98,27840,California
San Benito,2021-05-04,417,44904,257,21523,152,21078,8,2303,151,9137,264,18861,158,27998,California
San Benito,2021-05-05,611,45515,432,21955,163,21241,16,2319,217,8980,390,19251,233,28231,California
San Benito,2021-05-06,624,46139,497,22452,112,21353,15,2334,225,8825,395,19646,240,28471,California
San Benito,2021-05-07,454,46593,291,22743,153,21506,10,2344,174,8732,278,19924,185,28656,California
San Benito,2021-05-08,279,46872,228,22971,46,21552,5,2349,155,8768,124,20048,160,28816,California
San Benito,2021-05-09,111,46983,86,23057,22,21574,3,2352,47,8755,63,20111,50,28866,California
San Benito,2021-05-10,411,47394,322,23379,65,21639,24,2376,53,8475,358,20469,78,28944,California
San Benito,2021-05-11,838,48232,425,23804,397,22036,16,2392,191,8038,645,21114,208,29152,California
San Benito,2021-05-12,519,48751,413,24217,93,22129,13,2405,124,7782,394,21508,138,29290,California
San Benito,2021-05-13,738,49489,632,24849,90,22219,16,2421,212,7485,524,22032,227,29517,California
San Benito,2021-05-14,601,50090,445,25294,149,22368,7,2428,231,7355,368,22400,238,29755,California
San Benito,2021-05-15,227,50317,171,25465,50,22418,6,2434,126,7386,101,22501,132,29887,California
San Benito,2021-05-16,173,50490,145,25610,26,22444,2,2436,97,7409,76,22577,99,29986,California
San Benito,2021-05-17,388,50878,312,25922,67,22511,9,2445,177,7387,208,22785,186,30172,California
San Benito,2021-05-18,674,51552,356,26278,313,22824,5,2450,212,7143,462,23247,218,30390,California
San Benito,2021-05-19,571,52123,420,26698,143,22967,8,2458,230,7040,341,23588,238,30628,California
San Benito,2021-05-20,593,52716,470,27168,112,23079,11,2469,315,7089,277,23865,326,30954,California
San Benito,2021-05-21,464,53180,273,27441,175,23254,16,2485,213,7069,249,24114,229,31183,California
San Benito,2021-05-22,298,53478,226,27667,67,23321,5,2490,184,7147,112,24226,190,31373,California
San Benito,2021-05-23,100,53578,62,27729,34,23355,4,2494,37,7124,63,24289,40,31413,California
San Benito,2021-05-24,306,53884,257,27986,42,23397,7,2501,190,7205,116,24405,197,31610,California
San Benito,2021-05-25,527,54411,241,28227,279,23676,7,2508,170,7027,355,24760,177,31787,California
San Benito,2021-05-26,312,54723,196,28423,109,23785,7,2515,125,6972,186,24946,131,31918,California
San Benito,2021-05-27,408,55131,312,28735,73,23858,23,2538,151,6892,257,25203,177,32095,California
San Benito,2021-05-28,287,55418,177,28912,103,23961,7,2545,110,6833,176,25379,117,32212,California
San Benito,2021-05-29,151,55569,129,29041,20,23981,2,2547,66,6816,85,25464,68,32280,California
San Benito,2021-05-30,270,55839,253,29294,17,23998,0,2547,91,6729,178,25642,91,32371,California
San Benito,2021-05-31,100,55939,87,29381,11,24009,2,2549,43,6718,56,25698,45,32416,California
San Benito,2021-06-01,266,56205,121,29502,119,24128,26,2575,85,6648,180,25878,110,32526,California
San Benito,2021-06-02,322,56527,244,29746,76,24204,2,2577,110,6550,211,26089,113,32639,California
San Benito,2021-06-03,341,56868,290,30036,45,24249,6,2583,101,6419,238,26327,107,32746,California
San Benito,2021-06-04,273,57141,206,30242,67,24316,0,2583,87,6321,185,26512,87,32833,California
San Benito,2021-06-05,95,57236,77,30319,17,24333,1,2584,23,6274,71,26583,24,32857,California
San Benito,2021-06-06,59,57295,49,30368,7,24340,3,2587,13,6244,46,26629,16,32873,California
San Benito,2021-06-07,339,57634,299,30667,35,24375,5,2592,85,6082,252,26881,90,32963,California
San Benito,2021-06-08,309,57943,217,30884,77,24452,15,2607,94,5977,214,27095,109,33072,California
San Benito,2021-06-09,241,58184,189,31073,44,24496,8,2615,68,5880,173,27268,76,33148,California
San Benito,2021-06-10,360,58544,332,31405,21,24517,7,2622,74,5677,284,27552,81,33229,California
San Benito,2021-06-11,270,58814,229,31634,21,24538,20,2642,92,5612,177,27729,112,33341,California
San Benito,2021-06-12,160,58974,146,31780,10,24548,4,2646,48,5567,97,27826,52,33393,California
San Benito,2021-06-13,53,59027,41,31821,10,24558,2,2648,16,5555,30,27856,18,33411,California
San Benito,2021-06-14,183,59210,151,31972,27,24585,5,2653,62,5502,119,27975,66,33477,California
San Benito,2021-06-15,222,59432,129,32101,87,24672,6,2659,78,5445,142,28117,85,33562,California
San Benito,2021-06-16,213,59645,170,32271,29,24701,14,2673,72,5391,140,28257,86,33648,California
San Benito,2021-06-17,251,59896,207,32478,17,24718,27,2700,78,5324,173,28430,106,33754,California
San Benito,2021-06-18,160,60056,103,32581,50,24768,7,2707,65,5301,95,28525,72,33826,California
San Benito,2021-06-19,114,60170,108,32689,6,24774,0,2707,48,5283,66,28591,48,33874,California
San Benito,2021-06-20,38,60208,36,32725,2,24776,0,2707,18,5281,20,28611,18,33892,California
San Benito,2021-06-21,112,60320,82,32807,15,24791,15,2722,58,5300,53,28664,72,33964,California
San Benito,2021-06-22,206,60526,125,32932,60,24851,21,2743,75,5265,130,28794,95,34059,California
San Benito,2021-06-23,150,60676,113,33045,27,24878,10,2753,61,5247,89,28883,71,34130,California
San Benito,2021-06-24,191,60867,163,33208,15,24893,13,2766,81,5232,109,28992,94,34224,California
San Benito,2021-06-25,151,61018,120,33328,29,24922,2,2768,64,5212,87,29079,67,34291,California
San Benito,2021-06-26,76,61094,61,33389,14,24936,1,2769,33,5204,42,29121,34,34325,California
San Benito,2021-06-27,58,61152,51,33440,2,24938,5,2774,24,5199,34,29155,29,34354,California
San Benito,2021-06-28,123,61275,100,33540,19,24957,4,2778,51,5182,72,29227,55,34409,California
San Benito,2021-06-29,109,61384,55,33595,42,24999,12,2790,40,5165,69,29296,52,34461,California
San Benito,2021-06-30,136,61520,111,33706,18,25017,7,2797,52,5141,83,29379,59,34520,California
San Benito,2021-07-01,132,61652,103,33809,20,25037,9,2806,53,5123,78,29457,60,34580,California
San Benito,2021-07-02,131,61783,74,33883,45,25082,12,2818,54,5112,77,29534,66,34646,California
San Benito,2021-07-03,98,61881,93,33976,4,25086,1,2819,52,5119,46,29580,53,34699,California
San Benito,2021-07-04,14,61895,13,33989,1,25087,0,2819,6,5117,8,29588,6,34705,California
San Benito,2021-07-05,93,61988,80,34069,12,25099,1,2820,45,5115,48,29636,46,34751,California
San Benito,2021-07-06,119,62107,59,34128,52,25151,8,2828,46,5096,73,29709,54,34805,California
San Benito,2021-07-07,146,62253,108,34236,36,25187,2,2830,51,5056,93,29802,53,34858,California
San Benito,2021-07-08,98,62351,81,34317,13,25200,4,2834,45,5053,52,29854,49,34907,California
San Benito,2021-07-09,79,62430,51,34368,25,25225,3,2837,40,5057,39,29893,43,34950,California
San Benito,2021-07-10,98,62528,91,34459,6,25231,1,2838,40,5040,58,29951,41,34991,California
San Benito,2021-07-11,44,62572,37,34496,7,25238,0,2838,10,5016,34,29985,10,35001,California
San Benito,2021-07-12,54,62626,32,34528,19,25257,3,2841,22,5008,32,30017,24,35025,California
San Bernardino,2020-12-15,13,13,13,13,0,0,0,0,13,13,0,0,13,13,California
San Bernardino,2020-12-16,114,127,114,127,0,0,0,0,114,127,0,0,114,127,California
San Bernardino,2020-12-17,2377,2504,2377,2504,0,0,0,0,2377,2504,0,0,2377,2504,California
San Bernardino,2020-12-18,3175,5679,3171,5675,4,4,0,0,3176,5680,0,0,3176,5680,California
San Bernardino,2020-12-19,1077,6756,1076,6751,1,5,0,0,1078,6758,0,0,1078,6758,California
San Bernardino,2020-12-20,1185,7941,1181,7932,4,9,0,0,1185,7943,0,0,1185,7943,California
San Bernardino,2020-12-21,2468,10409,2461,10393,7,16,0,0,2468,10411,0,0,2468,10411,California
San Bernardino,2020-12-22,2279,12688,2150,12543,129,145,0,0,2280,12691,0,0,2280,12691,California
San Bernardino,2020-12-23,2681,15369,1473,14016,1208,1353,0,0,2679,15370,0,0,2679,15370,California
San Bernardino,2020-12-24,1165,16534,585,14601,580,1933,0,0,1166,16535,1,1,1166,16536,California
San Bernardino,2020-12-25,76,16610,15,14616,61,1994,0,0,76,16611,0,1,76,16612,California
San Bernardino,2020-12-26,466,17076,255,14871,211,2205,0,0,466,17077,0,1,466,17078,California
San Bernardino,2020-12-27,351,17427,164,15035,187,2392,0,0,350,17426,1,2,350,17428,California
San Bernardino,2020-12-28,1595,19022,701,15736,894,3286,0,0,1596,19022,0,2,1596,19024,California
San Bernardino,2020-12-29,2262,21284,1048,16784,1214,4500,0,0,2262,21284,0,2,2262,21286,California
San Bernardino,2020-12-30,2934,24218,1462,18246,1472,5972,0,0,2934,24218,0,2,2934,24220,California
San Bernardino,2020-12-31,1387,25605,441,18687,946,6918,0,0,1385,25603,0,2,1385,25605,California
San Bernardino,2021-01-01,258,25863,152,18839,106,7024,0,0,257,25860,0,2,257,25862,California
San Bernardino,2021-01-02,487,26350,344,19183,143,7167,0,0,487,26347,0,2,487,26349,California
San Bernardino,2021-01-03,173,26523,88,19271,85,7252,0,0,173,26520,0,2,173,26522,California
San Bernardino,2021-01-04,2150,28673,1293,20564,857,8109,0,0,2149,28669,0,2,2149,28671,California
San Bernardino,2021-01-05,2351,31024,1464,22028,887,8996,0,0,2237,30794,112,114,2237,30908,California
San Bernardino,2021-01-06,3470,34494,2363,24391,1107,10103,0,0,2969,33269,495,609,2970,33878,California
San Bernardino,2021-01-07,5457,39951,4518,28909,939,11042,0,0,2492,32815,2946,3555,2492,36370,California
San Bernardino,2021-01-08,5404,45355,4472,33381,932,11974,0,0,2301,32018,3099,6654,2302,38672,California
San Bernardino,2021-01-09,1409,46764,1104,34485,305,12279,0,0,907,32423,502,7156,907,39579,California
San Bernardino,2021-01-10,1030,47794,601,35086,429,12708,0,0,578,32549,452,7608,578,40157,California
San Bernardino,2021-01-11,5000,52794,4087,39173,913,13621,0,0,2778,33108,2219,9827,2778,42935,California
San Bernardino,2021-01-12,4255,57049,3234,42407,1021,14642,0,0,2528,33911,1725,11552,2528,45463,California
San Bernardino,2021-01-13,4614,61663,2836,45243,1778,16420,0,0,3383,36076,1219,12771,3384,48847,California
San Bernardino,2021-01-14,4893,66556,2818,48061,2075,18495,0,0,4300,39787,589,13360,4300,53147,California
San Bernardino,2021-01-15,6010,72566,2963,51024,3047,21542,0,0,5609,45008,391,13751,5612,58759,California
San Bernardino,2021-01-16,2273,74839,1289,52313,984,22526,0,0,2129,46993,144,13895,2129,60888,California
San Bernardino,2021-01-17,1190,76029,506,52819,684,23210,0,0,1107,48019,82,13977,1108,61996,California
San Bernardino,2021-01-18,4295,80324,2632,55451,1663,24873,0,0,3664,51054,631,14608,3666,65662,California
San Bernardino,2021-01-19,6367,86691,3446,58897,2921,27794,0,0,5268,55227,1097,15705,5270,70932,California
San Bernardino,2021-01-20,6920,93611,3784,62681,3136,30930,0,0,4949,58217,1961,17666,4951,75883,California
San Bernardino,2021-01-21,6042,99653,3092,65773,2950,33880,0,0,4911,62010,1121,18787,4914,80797,California
San Bernardino,2021-01-22,6617,106270,3056,68829,3561,37441,0,0,5884,67164,731,19518,5885,86682,California
San Bernardino,2021-01-23,3146,109416,1895,70724,1251,38692,0,0,2740,69499,405,19923,2740,89422,California
San Bernardino,2021-01-24,1212,110628,462,71186,750,39442,0,0,1108,70503,104,20027,1108,90530,California
San Bernardino,2021-01-25,6971,117599,3415,74601,3556,42998,0,0,5098,73735,1869,21896,5101,95631,California
San Bernardino,2021-01-26,7206,124805,3548,78149,3658,46656,0,0,5018,76568,2187,24083,5020,100651,California
San Bernardino,2021-01-27,8673,133478,4157,82306,4516,51172,0,0,5788,79480,2876,26959,5788,106439,California
San Bernardino,2021-01-28,8681,142159,4086,86392,4595,55767,0,0,6327,83462,2345,29304,6327,112766,California
San Bernardino,2021-01-29,8234,150393,3745,90137,4489,60256,0,0,6226,87699,1990,31294,6227,118993,California
San Bernardino,2021-01-30,3097,153490,1875,92012,1222,61478,0,0,2802,90208,294,31588,2803,121796,California
San Bernardino,2021-01-31,915,154405,468,92480,447,61925,0,0,856,91006,58,31646,856,122652,California
San Bernardino,2021-02-01,7628,162033,4248,96728,3380,65305,0,0,4940,93264,2683,34329,4941,127593,California
San Bernardino,2021-02-02,10583,172616,3673,100401,6910,72215,0,0,8463,99613,2116,36445,8465,136058,California
San Bernardino,2021-02-03,9082,181698,4135,104536,4947,77162,0,0,6537,103615,2536,38981,6538,142596,California
San Bernardino,2021-02-04,10583,192281,5188,109724,5395,82557,0,0,7439,107922,3133,42114,7440,150036,California
San Bernardino,2021-02-05,11134,203415,5959,115683,5175,87732,0,0,7535,111871,3587,45701,7536,157572,California
San Bernardino,2021-02-06,5289,208704,2213,117896,3076,90808,0,0,3645,113905,1614,47315,3648,161220,California
San Bernardino,2021-02-07,858,209562,498,118394,360,91168,0,0,477,114005,378,47693,478,161698,California
San Bernardino,2021-02-08,7343,216905,3905,122299,3438,94606,0,0,5649,117963,1691,49384,5649,167347,California
San Bernardino,2021-02-09,10187,227092,5636,127935,4551,99157,0,0,6856,121768,3055,52439,6860,174207,California
San Bernardino,2021-02-10,12208,239300,6488,134423,5720,104877,0,0,8042,125657,4154,56593,8043,182250,California
San Bernardino,2021-02-11,12552,251852,7184,141607,5368,110245,0,0,7969,129074,4556,61149,7973,190223,California
San Bernardino,2021-02-12,10625,262477,5956,147563,4669,114914,0,0,5785,130086,4776,65925,5788,196011,California
San Bernardino,2021-02-13,6128,268605,4074,151637,2054,116968,0,0,3840,131661,2270,68195,3845,199856,California
San Bernardino,2021-02-14,1583,270188,669,152306,914,117882,0,0,889,131864,687,68882,890,200746,California
San Bernardino,2021-02-15,5539,275727,3016,155322,2523,120405,0,0,3081,132501,2444,71326,3081,203827,California
San Bernardino,2021-02-16,12764,288491,7455,162777,5309,125714,0,0,8033,135821,4717,76043,8037,211864,California
San Bernardino,2021-02-17,11963,300454,6539,169316,5424,131138,0,0,7199,138283,4742,80785,7204,219068,California
San Bernardino,2021-02-18,12652,313106,7664,176980,4988,136126,0,0,7809,141271,4823,85608,7811,226879,California
San Bernardino,2021-02-19,11832,324938,6059,183039,5773,141899,0,0,6978,143420,4831,90439,6980,233859,California
San Bernardino,2021-02-20,4628,329566,3547,186586,1081,142980,0,0,2075,142955,2543,92982,2078,235937,California
San Bernardino,2021-02-21,1194,330760,717,187303,477,143457,0,0,417,142596,777,93759,418,236355,California
San Bernardino,2021-02-22,9115,339875,5627,192930,3488,146945,0,0,4185,141875,4907,98666,4186,240541,California
San Bernardino,2021-02-23,9833,349708,5959,198889,3874,150819,0,0,4957,141997,4841,103507,4963,245504,California
San Bernardino,2021-02-24,13007,362715,7484,206373,5523,156342,0,0,6328,141679,6652,110159,6334,251838,California
San Bernardino,2021-02-25,13536,376251,6475,212848,7061,163403,0,0,7800,143771,5712,115871,7804,259642,California
San Bernardino,2021-02-26,14074,390325,6572,219420,7502,170905,0,0,7811,145398,6192,122063,7819,267461,California
San Bernardino,2021-02-27,6770,397095,3781,223201,2987,173892,2,2,4861,148369,1896,123959,4867,272328,California
San Bernardino,2021-02-28,1798,398893,757,223958,1041,174933,0,2,1150,148885,636,124595,1152,273480,California
San Bernardino,2021-03-01,8553,407446,4399,228357,4149,179082,5,7,3897,148172,4626,129221,3913,277393,California
San Bernardino,2021-03-02,13974,421420,5527,233884,8447,187529,0,7,6551,147347,7386,136607,6561,283954,California
San Bernardino,2021-03-03,13181,434601,6701,240585,6476,194005,4,11,6207,146618,6949,143556,6220,290174,California
San Bernardino,2021-03-04,14054,448655,6903,247488,7150,201155,1,12,6083,144764,7946,151502,6092,296266,California
San Bernardino,2021-03-05,14562,463217,7530,255018,7030,208185,2,14,7074,144411,7450,158952,7097,303363,California
San Bernardino,2021-03-06,9774,472991,5483,260501,4062,212247,229,243,4553,143989,5200,164152,4778,308141,California
San Bernardino,2021-03-07,1779,474770,1029,261530,618,212865,132,375,1083,144514,692,164844,1217,309358,California
San Bernardino,2021-03-08,8201,482971,3612,265142,4404,217269,185,560,3641,143792,4551,169395,3829,313187,California
San Bernardino,2021-03-09,13161,496132,7525,272667,5379,222648,257,817,5273,141451,7873,177268,5532,318719,California
San Bernardino,2021-03-10,14259,510391,7873,280540,5831,228479,555,1372,6342,140464,7887,185155,6900,325619,California
San Bernardino,2021-03-11,15720,526111,7291,287831,6823,235302,1606,2978,7390,141149,8307,193462,8992,334611,California
San Bernardino,2021-03-12,15655,541766,6977,294808,6624,241926,2054,5032,7340,142307,8279,201741,9437,344048,California
San Bernardino,2021-03-13,8414,550180,4581,299389,3318,245244,515,5547,4967,144359,3432,205173,5484,349532,California
San Bernardino,2021-03-14,3313,553493,1680,301069,1050,246294,583,6130,1835,145304,1468,206641,2413,351945,California
San Bernardino,2021-03-15,11445,564938,5385,306454,4027,250321,2033,8163,5372,146648,6053,212694,7397,359342,California
San Bernardino,2021-03-16,16287,581225,8062,314516,7282,257603,943,9106,9831,151006,6423,219117,10781,370123,California
San Bernardino,2021-03-17,17519,598744,8706,323222,8064,265667,749,9855,10508,155278,6984,226101,11256,381379,California
San Bernardino,2021-03-18,16803,615547,8301,331523,8110,273777,392,10247,9853,158601,6918,233019,10241,391620,California
San Bernardino,2021-03-19,17129,632676,8498,340021,8035,281812,596,10843,9728,161608,7366,240385,10373,401993,California
San Bernardino,2021-03-20,9569,642245,5988,346009,2977,284789,604,11447,5646,163957,3895,244280,6244,408237,California
San Bernardino,2021-03-21,2853,645098,2306,348315,495,285284,52,11499,2272,165716,565,244845,2324,410561,California
San Bernardino,2021-03-22,9746,654844,4602,352917,4707,289991,437,11936,7036,170507,2682,247527,7473,418034,California
San Bernardino,2021-03-23,15711,670555,8899,361816,6191,296182,621,12557,9641,174723,6043,253570,10259,428293,California
San Bernardino,2021-03-24,15240,685795,7836,369652,7096,303278,308,12865,9977,179790,5219,258789,10286,438579,California
San Bernardino,2021-03-25,17144,702939,8393,378045,8442,311720,309,13174,10732,184474,6351,265140,11035,449614,California
San Bernardino,2021-03-26,18386,721325,8713,386758,8904,320624,769,13943,10903,188697,7451,272591,11674,461288,California
San Bernardino,2021-03-27,10900,732225,7031,393789,3114,323738,755,14698,6185,190946,4689,277280,6938,468226,California
San Bernardino,2021-03-28,3652,735877,2563,396352,974,324712,115,14813,2528,192475,1114,278394,2643,470869,California
San Bernardino,2021-03-29,12088,747965,6145,402497,5541,330253,402,15215,7961,196737,4100,282494,8362,479231,California
San Bernardino,2021-03-30,17041,765006,9504,412001,6818,337071,719,15934,10532,201510,6467,288961,11240,490471,California
San Bernardino,2021-03-31,16655,781661,9371,421372,6642,343713,642,16576,10874,207279,5744,294705,11513,501984,California
San Bernardino,2021-04-01,19889,801550,10496,431868,7961,351674,1432,18008,12722,214306,7117,301822,14144,516128,California
San Bernardino,2021-04-02,18938,820488,9537,441405,8109,359783,1292,19300,11399,219533,7505,309327,12732,528860,California
San Bernardino,2021-04-03,11183,831671,6996,448401,3040,362823,1147,20447,6071,221648,5092,314419,7207,536067,California
San Bernardino,2021-04-04,2515,834186,1520,449921,743,363566,252,20699,1259,221912,1246,315665,1510,537577,California
San Bernardino,2021-04-05,11894,846080,5314,455235,4788,368354,1792,22491,6020,223871,5847,321512,7806,545383,California
San Bernardino,2021-04-06,19891,865971,11187,466422,6578,374932,2126,24617,10483,227107,9358,330870,12594,557977,California
San Bernardino,2021-04-07,21231,887202,11408,477830,7321,382253,2502,27119,11535,231467,9661,340531,14021,571998,California
San Bernardino,2021-04-08,22120,909322,11346,489176,8133,390386,2641,29760,12095,236195,9993,350524,14721,586719,California
San Bernardino,2021-04-09,22003,931325,11183,500359,8184,398570,2636,32396,11922,240696,10038,360562,14539,601258,California
San Bernardino,2021-04-10,15750,947075,8153,508512,3870,402440,3727,36123,7817,244315,7908,368470,11527,612785,California
San Bernardino,2021-04-11,4468,951543,2598,511110,900,403340,970,37093,2052,244920,2409,370879,3014,615799,California
San Bernardino,2021-04-12,13549,965092,6260,517370,5616,408956,1673,38766,6415,245897,7106,377985,8083,623882,California
San Bernardino,2021-04-13,19497,984589,11108,528478,8370,417326,19,38785,11187,248830,8276,386261,11209,635091,California
San Bernardino,2021-04-14,19573,1004162,10441,538919,9129,426455,3,38788,11007,251317,8526,394787,11013,646104,California
San Bernardino,2021-04-15,20666,1024828,11539,550458,9121,435576,6,38794,10940,252584,9680,404467,10947,657051,California
San Bernardino,2021-04-16,18942,1043770,10712,561170,8229,443805,1,38795,9262,252218,9630,414097,9264,666315,California
San Bernardino,2021-04-17,12109,1055879,7980,569150,4129,447934,0,38795,6287,252730,5775,419872,6287,672602,California
San Bernardino,2021-04-18,3247,1059126,2316,571466,931,448865,0,38795,1388,252275,1843,421715,1388,673990,California
San Bernardino,2021-04-19,12747,1071873,6810,578276,5937,454802,0,38795,4941,249445,7776,429491,4946,678936,California
San Bernardino,2021-04-20,18300,1090173,10367,588643,7930,462732,3,38798,8277,247738,9989,439480,8282,687218,California
San Bernardino,2021-04-21,19115,1109288,11234,599877,7879,470611,2,38800,8331,245362,10712,450192,8336,695554,California
San Bernardino,2021-04-22,19687,1128975,11410,611287,8273,478884,4,38804,7967,241674,11662,461854,7974,703528,California
San Bernardino,2021-04-23,18953,1147928,10995,622282,7957,486841,1,38805,8180,239141,10716,472570,8183,711711,California
San Bernardino,2021-04-24,12900,1160828,9495,631777,3403,490244,2,38807,6931,240125,5949,478519,6933,718644,California
San Bernardino,2021-04-25,3429,1164257,2241,634018,1188,491432,0,38807,1683,240081,1730,480249,1686,720330,California
San Bernardino,2021-04-26,11386,1175643,6225,640243,5071,496503,90,38897,4838,238505,6505,486754,4929,725259,California
San Bernardino,2021-04-27,16792,1192435,10173,650416,6407,502910,212,39109,6870,235713,9875,496629,7083,732342,California
San Bernardino,2021-04-28,15188,1207623,9166,659582,5744,508654,278,39387,5467,231757,9692,506321,5736,738078,California
San Bernardino,2021-04-29,16624,1224247,9704,669286,6652,515306,268,39655,5575,226587,11010,517331,5840,743918,California
San Bernardino,2021-04-30,16889,1241136,10757,680043,5852,521158,280,39935,6284,222585,10564,527895,6562,750480,California
San Bernardino,2021-05-01,10793,1251929,8428,688471,2051,523209,314,40249,3740,219591,7043,534938,4049,754529,California
San Bernardino,2021-05-02,2956,1254885,2136,690607,688,523897,132,40381,1051,218880,1892,536830,1181,755710,California
San Bernardino,2021-05-03,10081,1264966,5801,696408,3875,527772,405,40786,2904,215024,7166,543996,3310,759020,California
San Bernardino,2021-05-04,16048,1281014,9847,706255,5742,533514,459,41245,4680,208835,11325,555321,5136,764156,California
San Bernardino,2021-05-05,15763,1296777,9214,715469,6136,539650,413,41658,4451,202433,11261,566582,4859,769015,California
San Bernardino,2021-05-06,16091,1312868,9273,724742,6403,546053,415,42073,4406,195614,11638,578220,4819,773834,California
San Bernardino,2021-05-07,15712,1328580,8885,733627,6450,552503,377,42450,4671,189681,10975,589195,5042,778876,California
San Bernardino,2021-05-08,9592,1338172,6436,740063,2889,555392,267,42717,3304,187001,6251,595446,3571,782447,California
San Bernardino,2021-05-09,2079,1340251,1379,741442,609,556001,91,42808,833,186685,1240,596686,924,783371,California
San Bernardino,2021-05-10,7749,1348000,3570,745012,3862,559863,317,43125,2375,184050,5325,602011,2690,786061,California
San Bernardino,2021-05-11,12682,1360682,7095,752107,5226,565089,361,43486,4050,179875,8586,610597,4411,790472,California
San Bernardino,2021-05-12,12897,1373579,7044,759151,5534,570623,319,43805,3657,174664,9185,619782,3974,794446,California
San Bernardino,2021-05-13,13552,1387131,8209,767360,4992,575615,351,44156,5292,172089,8211,627993,5636,800082,California
San Bernardino,2021-05-14,14070,1401201,9396,776756,4335,579950,339,44495,5826,170068,8186,636179,6165,806247,California
San Bernardino,2021-05-15,11449,1412650,8530,785286,2730,582680,189,44684,4661,168157,6755,642934,4844,811091,California
San Bernardino,2021-05-16,3126,1415776,2381,787667,682,583362,63,44747,1561,168236,1545,644479,1624,812715,California
San Bernardino,2021-05-17,10131,1425907,6825,794492,3012,586374,294,45041,4492,167418,5599,650078,4781,817496,California
San Bernardino,2021-05-18,13802,1439709,9165,803657,4389,590763,248,45289,6190,166272,7580,657658,6434,823930,California
San Bernardino,2021-05-19,11584,1451293,7261,810918,3943,594706,380,45669,5219,165542,6324,663982,5594,829524,California
San Bernardino,2021-05-20,11648,1462941,6977,817895,4352,599058,319,45988,5041,164339,6563,670545,5360,834884,California
San Bernardino,2021-05-21,12623,1475564,8358,826253,3883,602941,382,46370,5353,162852,7217,677762,5730,840614,California
San Bernardino,2021-05-22,8952,1484516,6708,832961,2036,604977,208,46578,4290,162730,4616,682378,4494,845108,California
San Bernardino,2021-05-23,2451,1486967,1561,834522,798,605775,92,46670,1138,162659,1300,683678,1229,846337,California
San Bernardino,2021-05-24,6979,1493946,4475,838997,2198,607973,306,46976,3089,162219,3834,687512,3394,849731,California
San Bernardino,2021-05-25,9345,1503291,5732,844729,3357,611330,256,47232,4114,161391,5194,692706,4366,854097,California
San Bernardino,2021-05-26,8244,1511535,5232,849961,2759,614089,253,47485,3745,160931,4450,697156,3990,858087,California
San Bernardino,2021-05-27,7682,1519217,4668,854629,2776,616865,238,47723,3453,160436,4186,701342,3691,861778,California
San Bernardino,2021-05-28,8826,1528043,5487,860116,3061,619926,278,48001,4376,160684,4404,705746,4652,866430,California
San Bernardino,2021-05-29,5082,1533125,3391,863507,1572,621498,119,48120,2579,160896,2485,708231,2697,869127,California
San Bernardino,2021-05-30,1755,1534880,1240,864747,435,621933,80,48200,853,160934,894,709125,932,870059,California
San Bernardino,2021-05-31,896,1535776,570,865317,309,622242,17,48217,318,160697,573,709698,336,870395,California
San Bernardino,2021-06-01,8673,1544449,5575,870892,2852,625094,246,48463,3372,159070,5242,714940,3615,874010,California
San Bernardino,2021-06-02,6865,1551314,4322,875214,2302,627396,241,48704,2893,158262,3938,718878,3130,877140,California
San Bernardino,2021-06-03,8004,1559318,5416,880630,2389,629785,199,48903,2709,155898,5272,724150,2908,880048,California
San Bernardino,2021-06-04,9194,1568512,6230,886860,2672,632457,292,49195,3152,153348,5993,730143,3443,883491,California
San Bernardino,2021-06-05,6568,1575080,5022,891882,1419,633876,127,49322,2252,151427,4297,734440,2376,885867,California
San Bernardino,2021-06-06,2042,1577122,1706,893588,272,634148,64,49386,674,150806,1359,735799,738,886605,California
San Bernardino,2021-06-07,6328,1583450,4923,898511,1191,635339,214,49600,1972,148662,4330,740129,2186,888791,California
San Bernardino,2021-06-08,8458,1591908,6145,904656,2088,637427,225,49825,2608,145712,5780,745909,2830,891621,California
San Bernardino,2021-06-09,7039,1598947,5012,909668,1834,639261,193,50018,2284,143490,4701,750610,2479,894100,California
San Bernardino,2021-06-10,7112,1606059,5025,914693,1883,641144,204,50222,2238,141108,4824,755434,2442,896542,California
San Bernardino,2021-06-11,8087,1614146,5654,920347,2201,643345,232,50454,2920,139138,5121,760555,3151,899693,California
San Bernardino,2021-06-12,5925,1620071,4669,925016,1134,644479,122,50576,1718,136799,4181,764736,1842,901535,California
San Bernardino,2021-06-13,1499,1621570,1064,926080,364,644843,71,50647,404,136182,1091,765827,474,902009,California
San Bernardino,2021-06-14,4942,1626512,3571,929651,1150,645993,221,50868,1802,135100,3111,768938,2029,904038,California
San Bernardino,2021-06-15,7191,1633703,5087,934738,1856,647849,248,51116,2556,133332,4582,773520,2814,906852,California
San Bernardino,2021-06-16,6377,1640080,4548,939286,1607,649456,222,51338,2336,131903,3990,777510,2561,909413,California
San Bernardino,2021-06-17,5708,1645788,4011,943297,1535,650991,162,51500,2218,130840,3453,780963,2390,911803,California
San Bernardino,2021-06-18,6913,1652701,4652,947949,2020,653011,241,51741,2589,129388,4287,785250,2835,914638,California
San Bernardino,2021-06-19,4073,1656774,3045,950994,896,653907,132,51873,1754,128975,2296,787546,1883,916521,California
San Bernardino,2021-06-20,1465,1658239,1126,952120,279,654186,60,51933,585,128746,873,788419,644,917165,California
San Bernardino,2021-06-21,3602,1661841,2334,954454,1038,655224,230,52163,1992,129390,1594,790013,2238,919403,California
San Bernardino,2021-06-22,5699,1667540,3879,958333,1604,656828,216,52379,2274,128492,3396,793409,2498,921901,California
San Bernardino,2021-06-23,5062,1672602,3590,961923,1272,658100,200,52579,2125,127908,2907,796316,2323,924224,California
San Bernardino,2021-06-24,4947,1677549,3441,965364,1294,659394,212,52791,2095,127409,2803,799119,2304,926528,California
San Bernardino,2021-06-25,5851,1683400,4130,969494,1514,660908,207,52998,2545,126881,3277,802396,2749,929277,California
San Bernardino,2021-06-26,3576,1686976,2726,972220,774,661682,76,53074,1661,126723,1894,804290,1736,931013,California
San Bernardino,2021-06-27,1453,1688429,1157,973377,244,661926,52,53126,677,126682,770,805060,729,931742,California
San Bernardino,2021-06-28,3552,1691981,2794,976171,608,662534,150,53276,1703,126740,1798,806858,1856,933598,California
San Bernardino,2021-06-29,5210,1697191,3765,979936,1260,663794,185,53461,2370,126473,2816,809674,2549,936147,California
San Bernardino,2021-06-30,4642,1701833,3277,983213,1192,664986,173,53634,2307,126656,2293,811967,2476,938623,California
San Bernardino,2021-07-01,4168,1706001,2991,986204,1011,665997,166,53800,2060,126795,2087,814054,2226,940849,California
San Bernardino,2021-07-02,5135,1711136,3685,989889,1295,667292,155,53955,2410,126670,2690,816744,2565,943414,California
San Bernardino,2021-07-03,2548,1713684,1921,991810,572,667864,55,54010,1225,126642,1308,818052,1280,944694,California
San Bernardino,2021-07-04,211,1713895,145,991955,62,667926,4,54014,113,126662,97,818149,117,944811,California
San Bernardino,2021-07-05,2289,1716184,1767,993722,470,668396,52,54066,1117,126673,1158,819307,1169,945980,California
San Bernardino,2021-07-06,5104,1721288,3786,997508,1154,669550,164,54230,2216,126184,2869,822176,2380,948360,California
San Bernardino,2021-07-07,4228,1725516,3114,1000622,984,670534,130,54360,1964,126034,2242,824418,2092,950452,California
San Bernardino,2021-07-08,4040,1729556,2946,1003568,943,671477,151,54511,1835,125833,2187,826605,1986,952438,California
San Bernardino,2021-07-09,4687,1734243,3406,1006974,1109,672586,172,54683,2159,125656,2504,829109,2327,954765,California
San Bernardino,2021-07-10,2480,1736723,1946,1008920,434,673020,100,54783,1224,125732,1247,830356,1323,956088,California
San Bernardino,2021-07-11,1251,1737974,943,1009863,277,673297,31,54814,627,125772,618,830974,658,956746,California
San Bernardino,2021-07-12,2426,1740400,1761,1011624,558,673855,107,54921,1056,125569,1365,832339,1162,957908,California
San Diego,2020-12-15,122,122,122,122,0,0,0,0,122,122,0,0,122,122,California
San Diego,2020-12-16,1079,1201,1079,1201,0,0,0,0,1079,1201,0,0,1079,1201,California
San Diego,2020-12-17,2324,3525,2324,3525,0,0,0,0,2324,3525,0,0,2324,3525,California
San Diego,2020-12-18,3611,7136,3610,7135,1,1,0,0,3611,7136,0,0,3611,7136,California
San Diego,2020-12-19,2268,9404,2268,9403,0,1,0,0,2268,9404,0,0,2268,9404,California
San Diego,2020-12-20,1148,10552,1147,10550,1,2,0,0,1148,10552,0,0,1148,10552,California
San Diego,2020-12-21,3465,14017,3463,14013,2,4,0,0,3465,14017,0,0,3465,14017,California
San Diego,2020-12-22,4021,18038,3384,17397,637,641,0,0,4021,18038,0,0,4021,18038,California
San Diego,2020-12-23,3162,21200,1960,19357,1202,1843,0,0,3162,21200,0,0,3162,21200,California
San Diego,2020-12-24,2705,23905,2190,21547,515,2358,0,0,2705,23905,0,0,2705,23905,California
San Diego,2020-12-25,857,24762,856,22403,1,2359,0,0,857,24762,0,0,857,24762,California
San Diego,2020-12-26,3201,27963,2130,24533,1071,3430,0,0,3201,27963,0,0,3201,27963,California
San Diego,2020-12-27,2482,30445,1596,26129,886,4316,0,0,2481,30443,1,1,2481,30444,California
San Diego,2020-12-28,5833,36278,4156,30285,1677,5993,0,0,5833,36276,0,1,5833,36277,California
San Diego,2020-12-29,5499,41777,2944,33229,2555,8548,0,0,5499,41775,0,1,5499,41776,California
San Diego,2020-12-30,5850,47627,3047,36276,2803,11351,0,0,5850,47625,0,1,5850,47626,California
San Diego,2020-12-31,2970,50597,1030,37306,1940,13291,0,0,2970,50595,0,1,2970,50596,California
San Diego,2021-01-01,993,51590,443,37749,550,13841,0,0,993,51588,0,1,993,51589,California
San Diego,2021-01-02,3668,55258,1288,39037,2380,16221,0,0,3668,55256,0,1,3668,55257,California
San Diego,2021-01-03,833,56091,621,39658,212,16433,0,0,832,56088,0,1,832,56089,California
San Diego,2021-01-04,3652,59743,2023,41681,1629,18062,0,0,3646,59734,0,1,3646,59735,California
San Diego,2021-01-05,4303,64046,2151,43832,2152,20214,0,0,3716,62878,584,585,3728,63463,California
San Diego,2021-01-06,4842,68888,2255,46087,2587,22801,0,0,3641,65343,1180,1765,3645,67108,California
San Diego,2021-01-07,5551,74439,2932,49019,2619,25420,0,0,3437,66680,2109,3874,3446,70554,California
San Diego,2021-01-08,7808,82247,4901,53920,2907,28327,0,0,4072,67049,3720,7594,4089,74643,California
San Diego,2021-01-09,3417,85664,1906,55826,1511,29838,0,0,1894,67441,1513,9107,1905,76548,California
San Diego,2021-01-10,1847,87511,1277,57103,570,30408,0,0,758,67132,1077,10184,768,77316,California
San Diego,2021-01-11,10199,97710,5799,62902,4400,34808,0,0,6708,70374,3484,13668,6726,84042,California
San Diego,2021-01-12,11006,108716,5263,68165,5743,40551,0,0,7661,74809,3336,17004,7771,91813,California
San Diego,2021-01-13,11295,120011,4993,73158,6302,46853,0,0,8776,81104,2508,19512,8803,100616,California
San Diego,2021-01-14,11962,131973,4521,77679,7441,54294,0,0,9837,88856,2118,21630,9870,110486,California
San Diego,2021-01-15,14792,146765,5235,82914,9557,63851,0,0,12190,98521,2584,24214,12249,122735,California
San Diego,2021-01-16,10532,157297,3553,86467,6979,70830,0,0,9099,106223,1429,25643,9131,131866,California
San Diego,2021-01-17,8474,165771,2431,88898,6043,76873,0,0,7648,113064,826,26469,7667,139533,California
San Diego,2021-01-18,12664,178435,6225,95123,6439,83312,0,0,9853,120202,2780,29249,9918,149451,California
San Diego,2021-01-19,14410,192845,5625,100748,8785,92097,0,0,11316,128694,3085,32334,11577,161028,California
San Diego,2021-01-20,18076,210921,6333,107081,11743,103840,0,0,14778,140377,3278,35612,14961,175989,California
San Diego,2021-01-21,17038,227959,5747,112828,11291,115131,0,0,15669,154831,1360,36972,15814,191803,California
San Diego,2021-01-22,17220,245179,4590,117418,12630,127761,0,0,15217,168144,1990,38962,15303,207106,California
San Diego,2021-01-23,14065,259244,5197,122615,8868,136629,0,0,11804,177760,2250,41212,11866,218972,California
San Diego,2021-01-24,11574,270818,3250,125865,8324,144953,0,0,10611,187454,961,42173,10655,229627,California
San Diego,2021-01-25,11993,282811,5675,131540,6318,151271,0,0,9012,193654,2971,45144,9171,238798,California
San Diego,2021-01-26,14968,297779,7819,139359,7149,158420,0,0,11575,202029,3391,48535,11766,250564,California
San Diego,2021-01-27,20169,317948,7838,147197,12331,170751,0,0,17183,216383,2976,51511,17330,267894,California
San Diego,2021-01-28,20913,338861,7593,154790,13320,184071,0,0,18658,232885,2244,53755,18746,286640,California
San Diego,2021-01-29,19219,358080,6307,161097,12912,196983,0,0,16785,247298,2423,56178,16836,303476,California
San Diego,2021-01-30,15427,373507,3502,164599,11925,208908,0,0,12780,257547,2636,58814,12885,316361,California
San Diego,2021-01-31,14486,387993,5689,170288,8797,217705,0,0,14137,271373,345,59159,14171,330532,California
San Diego,2021-02-01,20434,408427,7436,177724,12998,230703,0,0,16941,284911,3480,62639,17018,347550,California
San Diego,2021-02-02,22505,430932,8288,186012,14217,244920,0,0,19268,301116,3226,65865,19431,366981,California
San Diego,2021-02-03,27025,457957,11503,197515,15522,260442,0,0,22794,319883,4210,70075,22977,389958,California
San Diego,2021-02-04,23719,481676,9710,207225,14009,274451,0,0,19171,334798,4533,74608,19448,409406,California
San Diego,2021-02-05,24239,505915,8587,215812,15652,290103,0,0,17823,346685,6392,81000,18279,427685,California
San Diego,2021-02-06,20399,526314,8450,224262,11949,302052,0,0,17186,360882,3210,84210,17407,445092,California
San Diego,2021-02-07,11898,538212,5306,229568,6592,308644,0,0,10053,369354,1833,86043,10305,455397,California
San Diego,2021-02-08,19798,558010,8422,237990,11376,320020,0,0,12430,375107,7354,93397,13107,468504,California
San Diego,2021-02-09,20153,578163,8243,246233,11910,331930,0,0,12971,381974,7161,100558,14028,482532,California
San Diego,2021-02-10,22611,600774,9267,255500,13344,345274,0,0,13633,388034,8928,109486,14988,497520,California
San Diego,2021-02-11,23469,624243,10082,265582,13387,358661,0,0,12554,391359,10891,120377,14216,511736,California
San Diego,2021-02-12,23279,647522,7286,272868,15993,374654,0,0,11550,393447,11711,132088,13799,525535,California
San Diego,2021-02-13,19745,667267,8963,281831,10782,385436,0,0,10743,396362,8995,141083,11910,537445,California
San Diego,2021-02-14,11026,678293,7329,289160,3697,389133,0,0,6134,399099,4888,145971,7625,545070,California
San Diego,2021-02-15,14971,693264,7563,296723,7408,396541,0,0,7584,402358,7364,153335,10623,555693,California
San Diego,2021-02-16,19079,712343,11168,307891,7911,404452,0,0,9055,404336,10010,163345,11988,567681,California
San Diego,2021-02-17,22976,735319,10742,318633,12234,416686,0,0,7849,400064,15112,178457,10840,578521,California
San Diego,2021-02-18,23298,758617,11925,330558,11373,428059,0,0,7644,396089,15642,194099,11667,590188,California
San Diego,2021-02-19,15607,774224,10834,341392,4773,432832,0,0,6364,395163,9222,203321,8296,598484,California
San Diego,2021-02-20,10081,784305,6310,347702,3771,436603,0,0,5627,398201,4452,207773,7490,605974,California
San Diego,2021-02-21,11454,795759,10047,357749,1407,438010,0,0,5027,398297,6421,214194,6517,612491,California
San Diego,2021-02-22,12399,808158,10594,368343,1805,439815,0,0,5585,398694,6806,221000,7203,619694,California
San Diego,2021-02-23,25237,833395,14117,382460,11120,450935,0,0,9228,397736,16000,237000,15042,634736,California
San Diego,2021-02-24,28682,862077,12795,395255,15887,466822,0,0,6627,389658,22034,259034,13956,648692,California
San Diego,2021-02-25,32623,894700,14520,409775,18103,484925,0,0,9800,384944,22802,281836,18088,666780,California
San Diego,2021-02-26,32723,927423,12167,421942,20556,505481,0,0,11671,382607,21018,302854,18681,685461,California
San Diego,2021-02-27,20761,948184,9380,431322,11381,516862,0,0,11102,388235,9653,312507,15281,700742,California
San Diego,2021-02-28,14928,963112,9758,441080,5170,522032,0,0,9260,394552,5666,318173,11983,712725,California
San Diego,2021-03-01,23966,987078,14138,455218,9827,531859,1,1,14518,403503,9369,327542,18320,731045,California
San Diego,2021-03-02,25831,1012909,13900,469118,11931,543790,0,1,12567,409428,13252,340794,19177,750222,California
San Diego,2021-03-03,33554,1046463,15792,484910,17759,561549,3,4,13841,410426,19688,360482,20686,770908,California
San Diego,2021-03-04,27865,1074328,13890,498800,13975,575524,0,4,12398,414021,15445,375927,19040,789948,California
San Diego,2021-03-05,28521,1102849,14683,513483,13759,589283,79,83,13318,418828,15174,391101,19981,809929,California
San Diego,2021-03-06,23068,1125917,9421,522904,12946,602229,701,784,10181,421432,12872,403973,15476,825405,California
San Diego,2021-03-07,18095,1144012,9148,532052,8297,610526,650,1434,6851,421300,11229,415202,11097,836502,California
San Diego,2021-03-08,22739,1166751,11046,543098,10777,621303,916,2350,11285,426834,11430,426632,16964,853466,California
San Diego,2021-03-09,25447,1192198,11713,554811,11977,633280,1757,4107,9961,426941,15470,442102,15577,869043,California
San Diego,2021-03-10,25100,1217298,10514,565325,12193,645473,2393,6500,9928,428085,15156,457258,16300,885343,California
San Diego,2021-03-11,28085,1245383,10798,576123,13762,659235,3525,10025,9776,426997,18286,475544,17198,902541,California
San Diego,2021-03-12,26904,1272287,9415,585538,14378,673613,3111,13136,9822,426472,17069,492613,16544,919085,California
San Diego,2021-03-13,25885,1298172,7197,592735,16930,690543,1758,14894,10009,426459,15871,508484,15858,934943,California
San Diego,2021-03-14,13697,1311869,5414,598149,7549,698092,734,15628,4772,425317,8916,517400,7774,942717,California
San Diego,2021-03-15,21773,1333642,10035,608184,10956,709048,782,16410,8969,425319,12786,530186,12788,955505,California
San Diego,2021-03-16,29558,1363200,15488,623672,13655,722703,415,16825,15613,430387,13921,544107,18989,974494,California
San Diego,2021-03-17,26413,1389613,12151,635823,13545,736248,717,17542,16971,440679,9425,553532,19717,994211,California
San Diego,2021-03-18,31129,1420742,17501,653324,12705,748953,923,18465,16940,445881,14154,567686,19356,1013567,California
San Diego,2021-03-19,30105,1450847,14273,667597,14779,763732,1053,19518,19286,456605,10798,578484,21522,1035089,California
San Diego,2021-03-20,27677,1478524,8418,676015,17485,781217,1774,21292,21329,474454,6335,584819,24184,1059273,California
San Diego,2021-03-21,16278,1494802,11866,687881,3717,784934,695,21987,7654,475507,8609,593428,9662,1068935,California
San Diego,2021-03-22,22405,1517207,13061,700942,9058,793992,286,22273,14269,484691,8121,601549,17305,1086240,California
San Diego,2021-03-23,25722,1542929,13490,714432,11947,805939,285,22558,17028,495349,8680,610229,19338,1105578,California
San Diego,2021-03-24,29297,1572226,19582,734014,9326,815265,389,22947,16986,502448,12298,622527,19397,1124975,California
San Diego,2021-03-25,30150,1602376,18144,752158,11323,826588,683,23630,17899,510900,12230,634757,20682,1145657,California
San Diego,2021-03-26,31843,1634219,17814,769972,13514,840102,515,24145,17383,517164,14434,649191,20698,1166355,California
San Diego,2021-03-27,25375,1659594,11056,781028,13938,854040,381,24526,15616,525668,9739,658930,18243,1184598,California
San Diego,2021-03-28,15257,1674851,9391,790419,5808,859848,58,24584,9304,530737,5947,664877,11016,1195614,California
San Diego,2021-03-29,26602,1701453,12853,803272,13117,872965,632,25216,16366,539947,10225,675102,19435,1215049,California
San Diego,2021-03-30,33062,1734515,17805,821077,14464,887429,793,26009,21880,553278,11166,686268,24497,1239546,California
San Diego,2021-03-31,30321,1764836,18718,839795,10895,898324,708,26717,20562,565913,9740,696008,22375,1261921,California
San Diego,2021-04-01,34135,1798971,19919,859714,12735,911059,1481,28198,23125,580847,10986,706994,25920,1287841,California
San Diego,2021-04-02,35627,1834598,20612,880326,12233,923292,2782,30980,24005,597462,11603,718597,28218,1316059,California
San Diego,2021-04-03,30746,1865344,14423,894749,11708,935000,4615,35595,19595,611733,11136,729733,25407,1341466,California
San Diego,2021-04-04,8997,1874341,5167,899916,2912,937912,918,36513,4775,613386,4216,733949,5869,1347335,California
San Diego,2021-04-05,29689,1904030,15354,915270,11609,949521,2726,39239,19235,627386,10436,744385,24436,1371771,California
San Diego,2021-04-06,38567,1942597,20301,935571,12361,961882,5905,45144,22178,641206,16369,760754,30189,1401960,California
San Diego,2021-04-07,35979,1978576,21872,957443,9557,971439,4550,49694,20244,651499,15708,776462,26001,1427961,California
San Diego,2021-04-08,35011,2013587,21265,978708,9616,981055,4130,53824,21143,665484,13847,790309,27832,1455793,California
San Diego,2021-04-09,38174,2051761,22761,1001469,10224,991279,5189,59013,20602,677056,17506,807815,29078,1484871,California
San Diego,2021-04-10,28988,2080749,11717,1013186,13270,1004549,4001,63014,14930,684951,14047,821862,21942,1506813,California
San Diego,2021-04-11,16155,2096904,9990,1023176,3869,1008418,2296,65310,7142,688381,9009,830871,12439,1519252,California
San Diego,2021-04-12,30636,2127540,12854,1036030,13506,1021924,4276,69586,17003,699702,13617,844488,24938,1544190,California
San Diego,2021-04-13,36918,2164458,17692,1053722,19191,1041115,35,69621,24474,714618,12422,856910,27338,1571528,California
San Diego,2021-04-14,32863,2197321,18831,1072553,14019,1055134,13,69634,17673,721464,15174,872084,22020,1593548,California
San Diego,2021-04-15,39291,2236612,20353,1092906,18928,1074062,10,69644,23763,732598,15503,887587,26637,1620185,California
San Diego,2021-04-16,33591,2270203,18470,1111376,15118,1089180,3,69647,19399,740243,14132,901719,21777,1641962,California
San Diego,2021-04-17,27876,2298079,13539,1124915,14337,1103517,0,69647,12289,740101,15491,917210,15349,1657311,California
San Diego,2021-04-18,14646,2312725,9095,1134010,5548,1109065,3,69650,6770,741983,7863,925073,9745,1667056,California
San Diego,2021-04-19,26581,2339306,13586,1147596,12993,1122058,2,69652,12456,742063,14105,939178,14185,1681241,California
San Diego,2021-04-20,39637,2378943,18406,1166002,21229,1143287,2,69654,20205,745817,19409,958587,23163,1704404,California
San Diego,2021-04-21,36418,2415361,22019,1188021,14399,1157686,0,69654,17523,747789,18853,977440,20825,1725229,California
San Diego,2021-04-22,44952,2460313,23313,1211334,21635,1179321,4,69658,22459,750844,22448,999888,25503,1750732,California
San Diego,2021-04-23,42734,2503047,26533,1237867,16198,1195519,3,69661,15985,743305,26712,1026600,19173,1769905,California
San Diego,2021-04-24,34922,2537969,18907,1256774,16000,1211519,15,69676,15562,742739,19319,1045919,18753,1788658,California
San Diego,2021-04-25,12635,2550604,7674,1264448,4960,1216479,1,69677,5858,743226,6766,1052685,7253,1795911,California
San Diego,2021-04-26,33511,2584115,16809,1281257,16563,1233042,139,69816,11776,737841,21711,1074396,16326,1812237,California
San Diego,2021-04-27,44817,2628932,24686,1305943,19577,1252619,554,70370,19751,736200,25020,1099416,23379,1835616,California
San Diego,2021-04-28,38479,2667411,22825,1328768,14979,1267598,675,71045,17426,735542,21009,1120425,20351,1855967,California
San Diego,2021-04-29,38331,2705742,24469,1353237,13204,1280802,658,71703,15577,730772,22717,1143142,17947,1873914,California
San Diego,2021-04-30,38282,2744024,23248,1376485,13950,1294752,1084,72787,15041,725550,23200,1166342,17978,1891892,California
San Diego,2021-05-01,24234,2768258,10678,1387163,12918,1307670,638,73425,9509,723143,14715,1181057,12308,1904200,California
San Diego,2021-05-02,10616,2778874,7437,1394600,2597,1310267,582,74007,3232,719909,7380,1188437,4146,1908346,California
San Diego,2021-05-03,25216,2804090,12403,1407003,11661,1321928,1152,75159,9257,715199,15936,1204373,11226,1919572,California
San Diego,2021-05-04,32050,2836140,17832,1424835,12940,1334868,1278,76437,11557,708668,20465,1224838,13934,1933506,California
San Diego,2021-05-05,28014,2864154,17250,1442085,9483,1344351,1281,77718,10597,704178,17394,1242232,12904,1946410,California
San Diego,2021-05-06,28541,2892695,18966,1461051,8662,1353013,913,78631,10766,700562,17745,1259977,14129,1960539,California
San Diego,2021-05-07,29738,2922433,19477,1480528,9221,1362234,1040,79671,11020,695157,18682,1278659,13277,1973816,California
San Diego,2021-05-08,23110,2945543,11105,1491633,11262,1373496,743,80414,7255,688767,15827,1294486,9437,1983253,California
San Diego,2021-05-09,7550,2953093,5670,1497303,1466,1374962,414,80828,2577,687212,4967,1299453,3412,1986665,California
San Diego,2021-05-10,21767,2974860,8663,1505966,12285,1387247,819,81647,5873,679321,15863,1315316,7972,1994637,California
San Diego,2021-05-11,28807,3003667,12233,1518199,15757,1403004,817,82464,10102,673288,18673,1333989,12640,2007277,California
San Diego,2021-05-12,23115,3026782,12647,1530846,9591,1412595,877,83341,8319,668856,14762,1348751,10330,2017607,California
San Diego,2021-05-13,31445,3058227,19075,1549921,11732,1424327,638,83979,13032,666765,18354,1367105,16263,2033870,California
San Diego,2021-05-14,30879,3089106,19818,1569739,10224,1434551,837,84816,13996,666848,16839,1383944,16922,2050792,California
San Diego,2021-05-15,26179,3115285,16479,1586218,8878,1443429,822,85638,10823,664165,15297,1399241,12614,2063406,California
San Diego,2021-05-16,13709,3128994,10230,1596448,2917,1446346,562,86200,6743,664910,6954,1406195,7699,2071105,California
San Diego,2021-05-17,21395,3150389,12976,1609424,7676,1454022,743,86943,8843,662856,12513,1418708,10459,2081564,California
San Diego,2021-05-18,34235,3184624,19401,1628825,13971,1467993,863,87806,13270,657495,20933,1439641,15572,2097136,California
San Diego,2021-05-19,28410,3213034,17823,1646648,9807,1477800,780,88586,11962,654959,16416,1456057,13880,2111016,California
San Diego,2021-05-20,34807,3247841,19251,1665899,14736,1492536,820,89406,11661,645885,23114,1479171,14040,2125056,California
San Diego,2021-05-21,27025,3274866,17170,1683069,8867,1501403,988,90394,10842,642817,16150,1495321,13082,2138138,California
San Diego,2021-05-22,21538,3296404,12419,1695488,7869,1509272,1250,91644,8990,641665,12524,1507845,11372,2149510,California
San Diego,2021-05-23,7351,3303755,5249,1700737,1794,1511066,308,91952,3480,641990,3848,1511693,4173,2153683,California
San Diego,2021-05-24,17869,3321624,9142,1709879,6816,1517882,1911,93863,6420,639752,11429,1523122,9191,2162874,California
San Diego,2021-05-25,24333,3345957,13102,1722981,9363,1527245,1868,95731,8459,635402,15845,1538967,11495,2174369,California
San Diego,2021-05-26,19132,3365089,10599,1733580,6523,1533768,2010,97741,6582,632343,12519,1551486,9460,2183829,California
San Diego,2021-05-27,20629,3385718,11958,1745538,6281,1540049,2390,100131,6936,629101,13673,1565159,10431,2194260,California
San Diego,2021-05-28,21257,3406975,13190,1758728,7358,1547407,709,100840,8359,626432,12879,1578038,10210,2204470,California
San Diego,2021-05-29,11994,3418969,7577,1766305,3926,1551333,491,101331,5155,625777,6825,1584863,6170,2210640,California
San Diego,2021-05-30,4672,3423641,3193,1769498,1101,1552434,378,101709,2002,625725,2663,1587526,2611,2213251,California
San Diego,2021-05-31,2584,3426225,1742,1771240,671,1553105,171,101880,847,625139,1730,1589256,1144,2214395,California
San Diego,2021-06-01,21272,3447497,11336,1782576,8307,1561412,1629,103509,5762,617987,15484,1604740,8332,2222727,California
San Diego,2021-06-02,17071,3464568,8816,1791392,6184,1567596,2071,105580,5469,614683,11574,1616314,8270,2230997,California
San Diego,2021-06-03,19206,3483774,12006,1803398,5399,1572995,1801,107381,5169,608683,14016,1630330,8016,2239013,California
San Diego,2021-06-04,19826,3503600,13851,1817249,5357,1578352,618,107999,5727,602860,14068,1644398,8245,2247258,California
San Diego,2021-06-05,15818,3519418,12038,1829287,2998,1581350,782,108781,4482,597789,11321,1655719,6250,2253508,California
San Diego,2021-06-06,5606,3525024,4530,1833817,765,1582115,311,109092,1580,596489,4015,1659734,2715,2256223,California
San Diego,2021-06-07,12796,3537820,8047,1841864,3401,1585516,1348,110440,3538,592891,9240,1668974,5642,2261865,California
San Diego,2021-06-08,20481,3558301,14475,1856339,4119,1589635,1887,112327,4996,585362,15472,1684446,7943,2269808,California
San Diego,2021-06-09,17045,3575346,11354,1867693,3740,1593375,1951,114278,4365,579977,12665,1697111,7280,2277088,California
San Diego,2021-06-10,17884,3593230,11871,1879564,3935,1597310,2078,116356,4366,574020,13492,1710603,7535,2284623,California
San Diego,2021-06-11,15853,3609083,10089,1889653,4413,1601723,1351,117707,4327,569136,11496,1722099,6612,2291235,California
San Diego,2021-06-12,11015,3620098,8447,1898100,2147,1603870,421,118128,3164,565540,7832,1729931,4236,2295471,California
San Diego,2021-06-13,4157,3624255,3107,1901207,845,1604715,205,118333,1002,564002,3149,1733080,1611,2297082,California
San Diego,2021-06-14,12629,3636884,7582,1908789,2856,1607571,2191,120524,3557,561354,9058,1742138,6410,2303492,California
San Diego,2021-06-15,17906,3654790,10267,1919056,4203,1611774,3436,123960,4706,557237,13191,1755329,9074,2312566,California
San Diego,2021-06-16,13963,3668753,8877,1927933,2772,1614546,2314,126274,4457,555311,9493,1764822,7567,2320133,California
San Diego,2021-06-17,14823,3683576,8497,1936430,3488,1618034,2838,129112,4200,552398,10611,1775433,7698,2327831,California
San Diego,2021-06-18,14157,3697733,8754,1945184,3575,1621609,1828,130940,4426,549736,9719,1785152,7057,2334888,California
San Diego,2021-06-19,7553,3705286,5581,1950765,1512,1623121,460,131400,2756,548718,4776,1789928,3758,2338646,California
San Diego,2021-06-20,3107,3708393,2259,1953024,649,1623770,199,131599,1149,548334,1953,1791881,1569,2340215,California
San Diego,2021-06-21,9131,3717524,5156,1958180,2430,1626200,1545,133144,3897,549095,5227,1797108,5988,2346203,California
San Diego,2021-06-22,11297,3728821,7569,1965749,2586,1628786,1142,134286,4438,548525,6852,1803960,6282,2352485,California
San Diego,2021-06-23,10827,3739648,7044,1972793,2337,1631123,1446,135732,4420,548651,6398,1810358,6524,2359009,California
San Diego,2021-06-24,10073,3749721,6540,1979333,2754,1633877,779,136511,4051,548099,6013,1816371,5461,2364470,California
San Diego,2021-06-25,10624,3760345,7392,1986725,2628,1636505,604,137115,4117,546959,6498,1822869,5358,2369828,California
San Diego,2021-06-26,6701,3767046,5252,1991977,1140,1637645,309,137424,2679,546519,4010,1826879,3570,2373398,California
San Diego,2021-06-27,3016,3770062,2308,1994285,501,1638146,207,137631,1333,546623,1680,1828559,1784,2375182,California
San Diego,2021-06-28,7218,3777280,5317,1999602,1385,1639531,516,138147,3378,547171,3835,1832394,4383,2379565,California
San Diego,2021-06-29,8796,3786076,6124,2005726,1995,1641526,677,138824,3653,546969,5129,1837523,4927,2384492,California
San Diego,2021-06-30,8235,3794311,6071,2011797,1642,1643168,522,139346,3572,546988,4649,1842172,4668,2389160,California
San Diego,2021-07-01,7315,3801626,5049,2016846,1868,1645036,398,139744,3175,546977,4129,1846301,4118,2393278,California
San Diego,2021-07-02,7536,3809162,5197,2022043,1924,1646960,415,140159,3199,546817,4317,1850618,4157,2397435,California
San Diego,2021-07-03,4184,3813346,3150,2025193,864,1647824,170,140329,1905,546939,2273,1852891,2395,2399830,California
San Diego,2021-07-04,419,3813765,279,2025472,57,1647881,83,140412,155,546969,264,1853155,294,2400124,California
San Diego,2021-07-05,3982,3817747,2858,2028330,834,1648715,290,140702,1850,547278,2128,1855283,2437,2402561,California
San Diego,2021-07-06,8447,3826194,6266,2034596,1786,1650501,395,141097,3154,546186,5284,1860567,4192,2406753,California
San Diego,2021-07-07,7463,3833657,5533,2040129,1444,1651945,486,141583,3061,545969,4391,1864958,4174,2410927,California
San Diego,2021-07-08,3156,3836813,2448,2042577,382,1652327,326,141909,1355,546328,1796,1866754,2155,2413082,California
San Diego,2021-07-09,1232,3838045,1053,2043630,129,1652456,50,141959,600,546797,631,1867385,1100,2414182,California
San Diego,2021-07-10,718,3838763,566,2044196,79,1652535,73,142032,319,547037,397,1867782,637,2414819,California
San Diego,2021-07-11,227,3838990,192,2044388,24,1652559,11,142043,121,547105,106,1867888,174,2414993,California
San Diego,2021-07-12,678,3839668,564,2044952,79,1652638,35,142078,324,547288,352,1868240,535,2415528,California
San Francisco,2020-12-15,6,6,6,6,0,0,0,0,6,6,0,0,6,6,California
San Francisco,2020-12-16,234,240,234,240,0,0,0,0,234,240,0,0,234,240,California
San Francisco,2020-12-17,416,656,416,656,0,0,0,0,416,656,0,0,416,656,California
San Francisco,2020-12-18,906,1562,905,1561,1,1,0,0,906,1562,0,0,906,1562,California
San Francisco,2020-12-19,611,2173,611,2172,0,1,0,0,611,2173,0,0,611,2173,California
San Francisco,2020-12-20,480,2653,480,2652,0,1,0,0,480,2653,0,0,480,2653,California
San Francisco,2020-12-21,1163,3816,1163,3815,0,1,0,0,1163,3816,0,0,1163,3816,California
San Francisco,2020-12-22,1394,5210,1360,5175,34,35,0,0,1394,5210,0,0,1394,5210,California
San Francisco,2020-12-23,1354,6564,1055,6230,299,334,0,0,1354,6564,0,0,1354,6564,California
San Francisco,2020-12-24,845,7409,504,6734,341,675,0,0,845,7409,0,0,845,7409,California
San Francisco,2020-12-25,37,7446,31,6765,6,681,0,0,37,7446,0,0,37,7446,California
San Francisco,2020-12-26,250,7696,154,6919,96,777,0,0,250,7696,0,0,250,7696,California
San Francisco,2020-12-27,274,7970,60,6979,214,991,0,0,274,7970,0,0,274,7970,California
San Francisco,2020-12-28,1279,9249,693,7672,586,1577,0,0,1279,9249,0,0,1279,9249,California
San Francisco,2020-12-29,1264,10513,632,8304,632,2209,0,0,1264,10513,0,0,1264,10513,California
San Francisco,2020-12-30,1486,11999,780,9084,706,2915,0,0,1486,11999,0,0,1486,11999,California
San Francisco,2020-12-31,983,12982,415,9499,568,3483,0,0,982,12981,0,0,982,12981,California
San Francisco,2021-01-01,107,13089,79,9578,28,3511,0,0,107,13088,0,0,107,13088,California
San Francisco,2021-01-02,339,13428,303,9881,36,3547,0,0,339,13427,0,0,339,13427,California
San Francisco,2021-01-03,298,13726,105,9986,193,3740,0,0,297,13723,1,1,297,13724,California
San Francisco,2021-01-04,1846,15572,1358,11344,488,4228,0,0,1843,15563,3,4,1843,15567,California
San Francisco,2021-01-05,2239,17811,1423,12767,816,5044,0,0,2200,17726,39,43,2202,17769,California
San Francisco,2021-01-06,1877,19688,1162,13929,715,5759,0,0,1607,19066,268,311,1608,19377,California
San Francisco,2021-01-07,2081,21769,1214,15143,867,6626,0,0,1604,20196,474,785,1604,20981,California
San Francisco,2021-01-08,2331,24100,1640,16783,691,7317,0,0,1471,20812,855,1640,1471,22452,California
San Francisco,2021-01-09,1401,25501,904,17687,497,7814,0,0,887,21187,514,2154,889,23341,California
San Francisco,2021-01-10,919,26420,540,18227,379,8193,0,0,461,21191,457,2611,461,23802,California
San Francisco,2021-01-11,2512,28932,1867,20094,645,8838,0,0,1408,21495,1105,3716,1409,25211,California
San Francisco,2021-01-12,3095,32027,2060,22154,1035,9873,0,0,1901,22205,1193,4909,1903,27114,California
San Francisco,2021-01-13,2855,34882,1621,23775,1234,11107,0,0,2014,23378,841,5750,2014,29128,California
San Francisco,2021-01-14,2466,37348,1111,24886,1355,12462,0,0,1899,24710,567,6317,1899,31027,California
San Francisco,2021-01-15,2774,40122,1162,26048,1612,14074,0,0,2371,26682,401,6718,2373,33400,California
San Francisco,2021-01-16,2240,42362,937,26985,1303,15377,0,0,2071,28586,169,6887,2073,35473,California
San Francisco,2021-01-17,1939,44301,533,27518,1406,16783,0,0,1718,30084,220,7107,1718,37191,California
San Francisco,2021-01-18,1395,45696,607,28125,788,17571,0,0,1123,30937,271,7378,1124,38315,California
San Francisco,2021-01-19,2599,48295,1481,29606,1118,18689,0,0,1844,32026,755,8133,1844,40159,California
San Francisco,2021-01-20,2840,51135,1191,30797,1649,20338,0,0,2077,33344,760,8893,2078,42237,California
San Francisco,2021-01-21,3447,54582,1037,31834,2410,22748,0,0,2567,35032,879,9772,2567,44804,California
San Francisco,2021-01-22,3251,57833,678,32512,2573,25321,0,0,2803,37389,446,10218,2803,47607,California
San Francisco,2021-01-23,3120,60953,612,33124,2508,27829,0,0,2748,39767,371,10589,2749,50356,California
San Francisco,2021-01-24,2431,63384,363,33487,2068,29897,0,0,2197,41734,230,10819,2197,52553,California
San Francisco,2021-01-25,4648,68032,1837,35324,2811,32708,0,0,3057,43204,1588,12407,3058,55611,California
San Francisco,2021-01-26,4766,72798,2190,37514,2576,35284,0,0,3114,44671,1649,14056,3116,58727,California
San Francisco,2021-01-27,4384,77182,1985,39499,2399,37683,0,0,3075,46439,1307,15363,3075,61802,California
San Francisco,2021-01-28,3802,80984,1577,41076,2225,39908,0,0,2625,47895,1170,16533,2626,64428,California
San Francisco,2021-01-29,4845,85829,1764,42840,3081,42989,0,0,3513,50113,1295,17828,3513,67941,California
San Francisco,2021-01-30,3815,89644,1845,44685,1970,44959,0,0,3352,53007,462,18290,3356,71297,California
San Francisco,2021-01-31,2359,92003,820,45505,1539,46498,0,0,2208,55066,150,18440,2209,73506,California
San Francisco,2021-02-01,4007,96010,1712,47217,2295,48793,0,0,2928,56917,1078,19518,2929,76435,California
San Francisco,2021-02-02,4562,100572,1819,49036,2743,51536,0,0,2951,58263,1605,21123,2951,79386,California
San Francisco,2021-02-03,5121,105693,2401,51437,2720,54256,0,0,3791,60727,1328,22451,3792,83178,California
San Francisco,2021-02-04,5071,110764,2430,53867,2641,56897,0,0,3886,63431,1182,23633,3886,87064,California
San Francisco,2021-02-05,5986,116750,3205,57072,2781,59678,0,0,4624,66696,1360,24993,4625,91689,California
San Francisco,2021-02-06,5429,122179,3601,60673,1828,61506,0,0,4552,70405,846,25839,4555,96244,California
San Francisco,2021-02-07,4358,126537,3201,63874,1157,62663,0,0,3775,73605,579,26418,3779,100023,California
San Francisco,2021-02-08,6775,133312,4659,68533,2116,64779,0,0,5535,77919,1224,27642,5538,105561,California
San Francisco,2021-02-09,5984,139296,4022,72555,1962,66741,0,0,4421,80770,1572,29214,4423,109984,California
San Francisco,2021-02-10,6960,146256,4207,76762,2753,69494,0,0,5079,83977,1876,31090,5083,115067,California
San Francisco,2021-02-11,6774,153030,4013,80775,2761,72255,0,0,4899,87010,1869,32959,4902,119969,California
San Francisco,2021-02-12,5376,158406,2697,83472,2679,74934,0,0,3486,88605,1891,34850,3486,123455,California
San Francisco,2021-02-13,4426,162832,2595,86067,1831,76765,0,0,3068,90318,1358,36208,3071,126526,California
San Francisco,2021-02-14,3456,166288,2267,88334,1189,77954,0,0,2313,91491,1142,37350,2315,128841,California
San Francisco,2021-02-15,2803,169091,1515,89849,1288,79242,0,0,1681,92053,1119,38469,1681,130522,California
San Francisco,2021-02-16,5172,174263,2848,92697,2324,81566,0,0,3014,92923,2151,40620,3021,133543,California
San Francisco,2021-02-17,5403,179666,2657,95354,2746,84312,0,0,2971,93477,2420,43040,2974,136517,California
San Francisco,2021-02-18,5460,185126,2671,98025,2789,87101,0,0,2828,93682,2629,45669,2834,139351,California
San Francisco,2021-02-19,5735,190861,2696,100721,3039,90140,0,0,2975,93908,2750,48419,2976,142327,California
San Francisco,2021-02-20,4656,195517,2251,102972,2405,92545,0,0,1737,92736,2910,51329,1738,144065,California
San Francisco,2021-02-21,2989,198506,1572,104544,1417,93962,0,0,1321,92401,1657,52986,1322,145387,California
San Francisco,2021-02-22,5515,204021,3418,107962,2097,96059,0,0,2746,92391,2759,55745,2749,148136,California
San Francisco,2021-02-23,5940,209961,3362,111324,2578,98637,0,0,3016,92491,2916,58661,3016,151152,California
San Francisco,2021-02-24,9578,219539,5438,116762,4140,102777,0,0,5099,93129,4463,63124,5101,156253,California
San Francisco,2021-02-25,10515,230054,7342,124104,3173,105950,0,0,6722,96065,3788,66912,6724,162977,California
San Francisco,2021-02-26,12822,242876,8331,132435,4491,110441,0,0,7550,98351,5265,72177,7551,170528,California
San Francisco,2021-02-27,9593,252469,6184,138619,3408,113849,1,1,4799,98380,4772,76949,4801,175329,California
San Francisco,2021-02-28,8002,260471,5714,144333,2288,116137,0,1,3905,98197,4089,81038,3906,179235,California
San Francisco,2021-03-01,11433,271904,7702,152035,3725,119862,6,7,5584,97968,5821,86859,5592,184827,California
San Francisco,2021-03-02,10073,281977,6782,158817,3291,123153,0,7,5698,99303,4364,91223,5699,190526,California
San Francisco,2021-03-03,11446,293423,6687,165504,4758,127911,1,8,6288,100452,5143,96366,6292,196818,California
San Francisco,2021-03-04,8839,302262,5540,171044,3299,131210,0,8,4982,101592,3844,100210,4984,201802,California
San Francisco,2021-03-05,9278,311540,5668,176712,3606,134816,4,12,5810,103953,3454,103664,5815,207617,California
San Francisco,2021-03-06,7239,318779,4698,181410,2329,137145,212,224,4541,105990,2708,106372,4745,212362,California
San Francisco,2021-03-07,5552,324331,4241,185651,1156,138301,155,379,3149,106878,2412,108784,3300,215662,California
San Francisco,2021-03-08,7602,331933,5502,191153,1895,140196,205,584,5985,111418,1648,110432,6188,221850,California
San Francisco,2021-03-09,8366,340299,5536,196689,2450,142646,380,964,6096,115613,2274,112706,6469,228319,California
San Francisco,2021-03-10,11311,351610,6616,203305,4190,146836,505,1469,7048,118920,4239,116945,7546,235865,California
San Francisco,2021-03-11,10140,361750,6397,209702,2771,149607,972,2441,6637,123029,3482,120427,7591,243456,California
San Francisco,2021-03-12,10908,372658,6364,216066,3192,152799,1352,3793,6064,125613,4820,125247,7404,250860,California
San Francisco,2021-03-13,6769,379427,3943,220009,1747,154546,1079,4872,4203,128335,2556,127803,5278,256138,California
San Francisco,2021-03-14,7579,387006,4926,224935,2402,156948,251,5123,3952,128926,3607,131410,4198,260336,California
San Francisco,2021-03-15,12143,399149,9284,234219,1914,158862,945,6068,8355,134441,3770,135180,9285,269621,California
San Francisco,2021-03-16,12268,411417,8339,242558,3451,162313,478,6546,8743,140162,3501,138681,9222,278843,California
San Francisco,2021-03-17,13630,425047,8448,251006,4549,166862,633,7179,9657,146507,3940,142621,10285,289128,California
San Francisco,2021-03-18,10298,435345,7048,258054,2621,169483,629,7808,5780,148411,4493,147114,6397,295525,California
San Francisco,2021-03-19,12614,447959,9244,267298,2898,172381,472,8280,6470,149229,6115,153229,6933,302458,California
San Francisco,2021-03-20,8952,456911,6582,273880,1903,174284,467,8747,5149,151077,3769,156998,5617,308075,California
San Francisco,2021-03-21,6701,463612,6139,280019,423,174707,139,8886,3754,152037,2929,159927,3889,311964,California
San Francisco,2021-03-22,10008,473620,6976,286995,2191,176898,841,9727,5144,153169,4841,164768,5973,317937,California
San Francisco,2021-03-23,11407,485027,7595,294590,3159,180057,653,10380,6302,155042,5073,169841,6946,324883,California
San Francisco,2021-03-24,12430,497457,9521,304111,2371,182428,538,10918,6097,155376,6289,176130,6623,331506,California
San Francisco,2021-03-25,12012,509469,8768,312879,2678,185106,566,11484,5747,155497,6188,182318,6309,337815,California
San Francisco,2021-03-26,12060,521529,8354,321233,3473,188579,233,11717,5766,155232,6259,188577,5994,343809,California
San Francisco,2021-03-27,8914,530443,5920,327153,2642,191221,352,12069,3801,154297,5085,193662,4150,347959,California
San Francisco,2021-03-28,6671,537114,5327,332480,1302,192523,42,12111,2945,153582,3700,197362,2985,350944,California
San Francisco,2021-03-29,11663,548777,8022,340502,3455,195978,186,12297,4792,151721,6837,204199,4976,355920,California
San Francisco,2021-03-30,11694,560471,7321,347823,4082,200060,291,12588,5492,151327,6175,210374,5781,361701,California
San Francisco,2021-03-31,12323,572794,8196,356019,3829,203889,298,12886,4909,149149,7378,217752,5200,366901,California
San Francisco,2021-04-01,14043,586837,7435,363454,4900,208789,1708,14594,6038,148895,7961,225713,7707,374608,California
San Francisco,2021-04-02,14906,601743,6576,370030,6431,215220,1899,16493,6948,149781,7933,233646,8819,383427,California
San Francisco,2021-04-03,10614,612357,4924,374954,3862,219082,1828,18321,4811,150615,5781,239427,6615,390042,California
San Francisco,2021-04-04,9054,621411,4802,379756,2592,221674,1660,19981,3584,150391,5451,244878,5227,395269,California
San Francisco,2021-04-05,16152,637563,9850,389606,4407,226081,1895,21876,6303,148749,9817,254695,8175,403444,California
San Francisco,2021-04-06,16161,653724,9541,399147,4547,230628,2073,23949,6285,147240,9844,264539,8335,411779,California
San Francisco,2021-04-07,16906,670630,10057,409204,4605,235233,2244,26193,7004,146586,9876,274415,9222,421001,California
San Francisco,2021-04-08,14241,684871,6772,415976,3034,238267,4435,30628,4649,146065,9551,283966,9030,430031,California
San Francisco,2021-04-09,15890,700761,7683,423659,4843,243110,3364,33992,6635,146813,9218,293184,9966,439997,California
San Francisco,2021-04-10,13371,714132,5712,429371,5903,249013,1756,35748,7118,149444,6223,299407,8854,448851,California
San Francisco,2021-04-11,10076,724208,7543,436914,1351,250364,1182,36930,5206,150964,4854,304261,6374,455225,California
San Francisco,2021-04-12,10677,734885,6927,443841,2589,252953,1161,38091,4893,151246,5759,310020,6041,461266,California
San Francisco,2021-04-13,10863,745748,7364,451205,3485,256438,14,38105,5466,151363,5368,315388,5485,466751,California
San Francisco,2021-04-14,13395,759143,8062,459267,5332,261770,1,38106,6349,150710,7005,322393,6352,473103,California
San Francisco,2021-04-15,13887,773030,9606,468873,4280,266050,1,38107,8067,152998,5785,328178,8073,481176,California
San Francisco,2021-04-16,13054,786084,8760,477633,4250,270300,44,38151,7601,155226,5421,333599,7649,488825,California
San Francisco,2021-04-17,10248,796332,7381,485014,2866,273166,1,38152,7227,159455,3003,336602,7232,496057,California
San Francisco,2021-04-18,6945,803277,5375,490389,1568,274734,2,38154,4307,161149,2617,339219,4311,500368,California
San Francisco,2021-04-19,11126,814403,8309,498698,2812,277546,5,38159,7096,164250,4010,343229,7111,507479,California
San Francisco,2021-04-20,13136,827539,7898,506596,5236,282782,2,38161,8926,169001,4178,347407,8929,516408,California
San Francisco,2021-04-21,11954,839493,8753,515349,3196,285978,5,38166,7235,171556,4690,352097,7245,523653,California
San Francisco,2021-04-22,11118,850611,8278,523627,2839,288817,1,38167,6372,173225,4711,356808,6380,530033,California
San Francisco,2021-04-23,10943,861554,6408,530035,4535,293352,0,38167,6477,175277,4434,361242,6486,536519,California
San Francisco,2021-04-24,7971,869525,5472,535507,2499,295851,0,38167,4714,176765,3235,364477,4723,541242,California
San Francisco,2021-04-25,5044,874569,4338,539845,700,296551,6,38173,2945,177635,2086,366563,2956,544198,California
San Francisco,2021-04-26,8540,883109,6087,545932,2441,298992,12,38185,4257,177667,4253,370816,4285,548483,California
San Francisco,2021-04-27,8982,892091,6108,552040,2704,301696,170,38355,4484,177859,4471,375287,4663,553146,California
San Francisco,2021-04-28,9962,902053,6976,559016,2796,304492,190,38545,5224,178576,4704,379991,5421,558567,California
San Francisco,2021-04-29,9813,911866,5834,564850,3782,308274,197,38742,4822,178649,4959,384950,5032,563599,California
San Francisco,2021-04-30,11335,923201,5613,570463,5518,313792,204,38946,4229,176032,7056,392006,4439,568038,California
San Francisco,2021-05-01,7002,930203,3600,574063,3287,317079,115,39061,1700,172582,5266,397272,1816,569854,California
San Francisco,2021-05-02,5333,935536,3087,577150,2147,319226,99,39160,979,169321,4343,401615,1082,570936,California
San Francisco,2021-05-03,9708,945244,6613,583763,2931,322157,164,39324,2440,164696,7237,408852,2612,573548,California
San Francisco,2021-05-04,9855,955099,6445,590208,3159,325316,251,39575,2387,159906,7433,416285,2643,576191,California
San Francisco,2021-05-05,9264,964363,6567,596775,2385,327701,312,39887,2274,155554,6943,423228,2591,578782,California
San Francisco,2021-05-06,10972,975335,8785,605560,1714,329415,473,40360,1906,148904,9031,432259,2381,581163,California
San Francisco,2021-05-07,10315,985650,6666,612226,3378,332793,271,40631,1681,142248,8608,440867,1952,583115,California
San Francisco,2021-05-08,8913,994563,4057,616283,4726,337519,130,40761,1101,135700,7780,448647,1232,584347,California
San Francisco,2021-05-09,6738,1001301,5846,622129,808,338327,84,40845,1086,131235,5629,454276,1164,585511,California
San Francisco,2021-05-10,7390,1008691,5320,627449,1815,340142,255,41100,1005,126142,6352,460628,1259,586770,California
San Francisco,2021-05-11,8163,1016854,6027,633476,1916,342058,220,41320,1489,121216,6634,467262,1708,588478,California
San Francisco,2021-05-12,8391,1025245,6153,639629,1781,343839,457,41777,1501,116313,6857,474119,1954,590432,California
San Francisco,2021-05-13,11407,1036652,8388,648017,2793,346632,226,42003,4181,113532,7195,481314,4414,594846,California
San Francisco,2021-05-14,9591,1046243,6820,654837,2600,349232,171,42174,2985,110127,6572,487886,3167,598013,California
San Francisco,2021-05-15,8133,1054376,6449,661286,1628,350860,56,42230,3209,108495,4908,492794,3276,601289,California
San Francisco,2021-05-16,5298,1059674,4458,665744,781,351641,59,42289,2019,107317,3257,496051,2079,603368,California
San Francisco,2021-05-17,7414,1067088,5521,671265,1728,353369,165,42454,2380,104851,5014,501065,2548,605916,California
San Francisco,2021-05-18,8762,1075850,5024,676289,3563,356932,175,42629,1826,99964,6888,507953,2001,607917,California
San Francisco,2021-05-19,7501,1083351,5553,681842,1714,358646,234,42863,2153,97029,5320,513273,2385,610302,California
San Francisco,2021-05-20,6144,1089495,4120,685962,1771,360417,253,43116,1491,94153,4615,517888,1739,612041,California
San Francisco,2021-05-21,7199,1096694,4084,690046,2929,363346,186,43302,1578,90339,5573,523461,1759,613800,California
San Francisco,2021-05-22,4837,1101531,3647,693693,1099,364445,91,43393,2208,90028,2609,526070,2298,616098,California
San Francisco,2021-05-23,1944,1103475,1490,695183,379,364824,75,43468,854,89877,1080,527150,929,617027,California
San Francisco,2021-05-24,4226,1107701,3000,698183,1063,365887,163,43631,1232,88307,2967,530117,1397,618424,California
San Francisco,2021-05-25,3701,1111402,2402,700585,1076,366963,223,43854,1028,86900,2652,532769,1245,619669,California
San Francisco,2021-05-26,3971,1115373,2557,703142,1268,368231,146,44000,1056,85212,2890,535659,1202,620871,California
San Francisco,2021-05-27,3728,1119101,2149,705291,1402,369633,177,44177,1166,84005,2549,538208,1342,622213,California
San Francisco,2021-05-28,3781,1122882,2156,707447,1464,371097,161,44338,1316,83047,2434,540642,1476,623689,California
San Francisco,2021-05-29,2038,1124920,1468,708915,468,371565,102,44440,791,82708,1226,541868,887,624576,California
San Francisco,2021-05-30,979,1125899,699,709614,243,371808,37,44477,398,82567,576,542444,435,625011,California
San Francisco,2021-05-31,260,1126159,212,709826,41,371849,7,44484,88,82492,170,542614,95,625106,California
San Francisco,2021-06-01,3587,1129746,2174,712000,1225,373074,188,44672,1065,81238,2504,545118,1250,626356,California
San Francisco,2021-06-02,2470,1132216,1786,713786,561,373635,123,44795,814,80530,1640,546758,932,627288,California
San Francisco,2021-06-03,3969,1136185,2722,716508,1045,374680,202,44997,917,78612,3032,549790,1114,628402,California
San Francisco,2021-06-04,5729,1141914,4857,721365,738,375418,134,45131,1245,75536,4451,554241,1375,629777,California
San Francisco,2021-06-05,3738,1145652,3160,724525,430,375848,148,45279,874,73702,2852,557093,1018,630795,California
San Francisco,2021-06-06,2342,1147994,2191,726716,113,375961,38,45317,393,72190,1943,559036,431,631226,California
San Francisco,2021-06-07,3659,1151653,3030,729746,494,376455,135,45452,872,70427,2768,561804,1005,632231,California
San Francisco,2021-06-08,2832,1154485,2225,731971,441,376896,166,45618,795,69364,2018,563822,955,633186,California
San Francisco,2021-06-09,2322,1156807,1858,733829,327,377223,137,45755,656,68503,1652,565474,791,633977,California
San Francisco,2021-06-10,2504,1159311,1912,735741,401,377624,191,45946,753,67708,1739,567213,944,634921,California
San Francisco,2021-06-11,3155,1162466,2490,738231,500,378124,165,46111,924,66588,2206,569419,1086,636007,California
San Francisco,2021-06-12,3034,1165500,2634,740865,274,378398,126,46237,714,65119,2307,571726,838,636845,California
San Francisco,2021-06-13,922,1166422,801,741666,74,378472,47,46284,219,64687,697,572423,265,637110,California
San Francisco,2021-06-14,2516,1168938,2031,743697,333,378805,152,46436,831,63995,1672,574095,980,638090,California
San Francisco,2021-06-15,1915,1170853,1478,745175,303,379108,134,46570,676,63578,1227,575322,810,638900,California
San Francisco,2021-06-16,1873,1172726,1417,746592,261,379369,195,46765,640,63190,1216,576538,828,639728,California
San Francisco,2021-06-17,1990,1174716,1532,748124,258,379627,200,46965,643,62702,1332,577870,844,640572,California
San Francisco,2021-06-18,2350,1177066,1735,749859,440,380067,175,47140,749,62039,1586,579456,923,641495,California
San Francisco,2021-06-19,1415,1178481,1181,751040,122,380189,112,47252,433,61611,969,580425,541,642036,California
San Francisco,2021-06-20,629,1179110,536,751576,58,380247,35,47287,254,61532,368,580793,289,642325,California
San Francisco,2021-06-21,1165,1180275,865,752441,188,380435,112,47399,599,61690,555,581348,713,643038,California
San Francisco,2021-06-22,1584,1181859,1243,753684,229,380664,112,47511,548,61323,1021,582369,654,643692,California
San Francisco,2021-06-23,1487,1183346,1173,754857,174,380838,140,47651,588,61157,887,583256,721,644413,California
San Francisco,2021-06-24,1541,1184887,1127,755984,245,381083,169,47820,509,60819,1013,584269,675,645088,California
San Francisco,2021-06-25,1822,1186709,1471,757455,249,381332,102,47922,654,60426,1147,585416,754,645842,California
San Francisco,2021-06-26,1406,1188115,1254,758709,67,381399,85,48007,503,60117,893,586309,584,646426,California
San Francisco,2021-06-27,554,1188669,492,759201,34,381433,28,48035,225,60046,323,586632,252,646678,California
San Francisco,2021-06-28,1486,1190155,1279,760480,114,381547,93,48128,530,59724,944,587576,622,647300,California
San Francisco,2021-06-29,1378,1191533,1056,761536,220,381767,102,48230,494,59442,872,588448,590,647890,California
San Francisco,2021-06-30,1292,1192825,1061,762597,164,381931,67,48297,501,59223,786,589234,567,648457,California
San Francisco,2021-07-01,1189,1194014,940,763537,170,382101,79,48376,483,59087,694,589928,558,649015,California
San Francisco,2021-07-02,1519,1195533,1212,764749,235,382336,72,48448,600,58849,909,590837,671,649686,California
San Francisco,2021-07-03,892,1196425,750,765499,70,382406,72,48520,332,58694,556,591393,401,650087,California
San Francisco,2021-07-04,13,1196438,11,765510,1,382407,1,48521,5,58692,8,591401,6,650093,California
San Francisco,2021-07-05,955,1197393,838,766348,73,382480,44,48565,389,58567,556,591957,431,650524,California
San Francisco,2021-07-06,1650,1199043,1367,767715,192,382672,91,48656,524,58071,1106,593063,610,651134,California
San Francisco,2021-07-07,1119,1200162,887,768602,137,382809,95,48751,396,57848,709,593772,486,651620,California
San Francisco,2021-07-08,1128,1201290,879,769481,141,382950,108,48859,409,57654,708,594480,514,652134,California
San Francisco,2021-07-09,1269,1202559,1001,770482,185,383135,83,48942,490,57468,757,595237,571,652705,California
San Francisco,2021-07-10,572,1203131,490,770972,44,383179,38,48980,237,57412,325,595562,269,652974,California
San Francisco,2021-07-11,483,1203614,413,771385,50,383229,20,49000,186,57327,290,595852,205,653179,California
San Francisco,2021-07-12,907,1204521,719,772104,115,383344,73,49073,308,57122,586,596438,381,653560,California
San Joaquin,2020-12-15,14,14,14,14,0,0,0,0,14,14,0,0,14,14,California
San Joaquin,2020-12-16,465,479,465,479,0,0,0,0,465,479,0,0,465,479,California
San Joaquin,2020-12-17,374,853,374,853,0,0,0,0,374,853,0,0,374,853,California
San Joaquin,2020-12-18,617,1470,609,1462,8,8,0,0,617,1470,0,0,617,1470,California
San Joaquin,2020-12-19,220,1690,216,1678,4,12,0,0,220,1690,0,0,220,1690,California
San Joaquin,2020-12-20,120,1810,118,1796,2,14,0,0,120,1810,0,0,120,1810,California
San Joaquin,2020-12-21,544,2354,540,2336,4,18,0,0,544,2354,0,0,544,2354,California
San Joaquin,2020-12-22,1000,3354,878,3214,122,140,0,0,999,3353,0,0,999,3353,California
San Joaquin,2020-12-23,991,4345,932,4146,59,199,0,0,989,4342,2,2,991,4344,California
San Joaquin,2020-12-24,223,4568,193,4339,30,229,0,0,222,4564,1,3,223,4567,California
San Joaquin,2020-12-25,18,4586,18,4357,0,229,0,0,18,4582,0,3,18,4585,California
San Joaquin,2020-12-26,103,4689,31,4388,72,301,0,0,103,4685,0,3,103,4688,California
San Joaquin,2020-12-27,46,4735,32,4420,14,315,0,0,46,4731,0,3,46,4734,California
San Joaquin,2020-12-28,631,5366,425,4845,206,521,0,0,631,5362,0,3,631,5365,California
San Joaquin,2020-12-29,802,6168,671,5516,131,652,0,0,801,6162,1,4,801,6166,California
San Joaquin,2020-12-30,1015,7183,722,6238,293,945,0,0,1013,7175,2,6,1015,7181,California
San Joaquin,2020-12-31,461,7644,205,6443,256,1201,0,0,461,7636,1,7,462,7643,California
San Joaquin,2021-01-01,25,7669,14,6457,11,1212,0,0,25,7661,0,7,25,7668,California
San Joaquin,2021-01-02,270,7939,246,6703,24,1236,0,0,270,7931,0,7,270,7938,California
San Joaquin,2021-01-03,38,7977,21,6724,17,1253,0,0,37,7967,1,8,37,7975,California
San Joaquin,2021-01-04,495,8472,353,7077,142,1395,0,0,493,8459,1,9,493,8468,California
San Joaquin,2021-01-05,1075,9547,710,7787,365,1760,0,0,829,9082,244,253,867,9335,California
San Joaquin,2021-01-06,1309,10856,785,8572,524,2284,0,0,942,9668,360,613,946,10281,California
San Joaquin,2021-01-07,1163,12019,759,9331,404,2688,0,0,800,10111,357,970,800,11081,California
San Joaquin,2021-01-08,1322,13341,923,10254,399,3087,0,0,744,10288,574,1544,751,11832,California
San Joaquin,2021-01-09,385,13726,302,10556,83,3170,0,0,251,10407,134,1678,253,12085,California
San Joaquin,2021-01-10,226,13952,117,10673,109,3279,0,0,172,10526,53,1731,172,12257,California
San Joaquin,2021-01-11,1569,15521,1340,12013,229,3508,0,0,883,10794,683,2414,951,13208,California
San Joaquin,2021-01-12,1669,17190,1169,13182,500,4008,0,0,827,10859,834,3248,899,14107,California
San Joaquin,2021-01-13,1594,18784,908,14090,686,4694,0,0,1005,11286,583,3831,1010,15117,California
San Joaquin,2021-01-14,1942,20726,992,15082,950,5644,0,0,1580,12550,336,4167,1600,16717,California
San Joaquin,2021-01-15,1652,22378,553,15635,1099,6743,0,0,1404,13748,231,4398,1429,18146,California
San Joaquin,2021-01-16,1138,23516,182,15817,956,7699,0,0,1106,14823,31,4429,1106,19252,California
San Joaquin,2021-01-17,1634,25150,140,15957,1494,9193,0,0,1588,16368,46,4475,1591,20843,California
San Joaquin,2021-01-18,748,25898,242,16199,506,9699,0,0,626,16876,118,4593,626,21469,California
San Joaquin,2021-01-19,1989,27887,898,17097,1091,10790,0,0,1299,17500,683,5276,1307,22776,California
San Joaquin,2021-01-20,2225,30112,1292,18389,933,11723,0,0,1566,18423,651,5927,1574,24350,California
San Joaquin,2021-01-21,2117,32229,902,19291,1215,12938,0,0,1718,19758,392,6319,1727,26077,California
San Joaquin,2021-01-22,2101,34330,914,20205,1187,14125,0,0,1939,21542,157,6476,1941,28018,California
San Joaquin,2021-01-23,908,35238,394,20599,514,14639,0,0,616,21871,289,6765,618,28636,California
San Joaquin,2021-01-24,369,35607,138,20737,231,14870,0,0,346,22197,20,6785,346,28982,California
San Joaquin,2021-01-25,2118,37725,1170,21907,948,15818,0,0,1524,23136,589,7374,1528,30510,California
San Joaquin,2021-01-26,2346,40071,1112,23019,1234,17052,0,0,1711,24232,623,7997,1719,32229,California
San Joaquin,2021-01-27,1826,41897,770,23789,1056,18108,0,0,1312,25042,508,8505,1318,33547,California
San Joaquin,2021-01-28,2231,44128,783,24572,1448,19556,0,0,1545,25918,679,9184,1555,35102,California
San Joaquin,2021-01-29,2310,46438,1053,25625,1257,20813,0,0,1938,27502,364,9548,1948,37050,California
San Joaquin,2021-01-30,2186,48624,355,25980,1831,22644,0,0,2002,29323,183,9731,2004,39054,California
San Joaquin,2021-01-31,1553,50177,173,26153,1380,24024,0,0,1482,30738,69,9800,1484,40538,California
San Joaquin,2021-02-01,2520,52697,1283,27436,1237,25261,0,0,1746,31714,772,10572,1748,42286,California
San Joaquin,2021-02-02,2670,55367,1178,28614,1492,26753,0,0,2048,33207,559,11131,2052,44338,California
San Joaquin,2021-02-03,3145,58512,1232,29846,1913,28666,0,0,2260,34600,877,12008,2270,46608,California
San Joaquin,2021-02-04,3580,62092,1789,31635,1791,30457,0,0,2665,36364,909,12917,2673,49281,California
San Joaquin,2021-02-05,3280,65372,1792,33427,1488,31945,0,0,2405,37936,847,13764,2419,51700,California
San Joaquin,2021-02-06,1061,66433,706,34133,355,32300,0,0,910,38699,148,13912,911,52611,California
San Joaquin,2021-02-07,623,67056,493,34626,130,32430,0,0,415,38913,202,14114,416,53027,California
San Joaquin,2021-02-08,1927,68983,1048,35674,879,33309,0,0,1551,40127,344,14458,1558,54585,California
San Joaquin,2021-02-09,2291,71274,1151,36825,1140,34449,0,0,1666,41251,545,15003,1669,56254,California
San Joaquin,2021-02-10,2775,74049,1265,38090,1510,35959,0,0,1456,41428,1281,16284,1458,57712,California
San Joaquin,2021-02-11,3057,77106,1476,39566,1581,37540,0,0,1735,41909,1261,17545,1742,59454,California
San Joaquin,2021-02-12,2989,80095,1142,40708,1847,39387,0,0,1651,42266,1298,18843,1655,61109,California
San Joaquin,2021-02-13,2145,82240,411,41119,1734,41121,0,0,867,41878,1261,20104,873,61982,California
San Joaquin,2021-02-14,1921,84161,264,41383,1657,42778,0,0,700,41391,1188,21292,701,62683,California
San Joaquin,2021-02-15,2089,86250,843,42226,1246,44024,0,0,1253,41854,794,22086,1257,63940,California
San Joaquin,2021-02-16,3355,89605,1406,43632,1949,45973,0,0,1855,42240,1479,23565,1865,65805,California
San Joaquin,2021-02-17,3583,93188,1301,44933,2282,48255,0,0,1975,42657,1562,25127,1979,67784,California
San Joaquin,2021-02-18,3556,96744,1409,46342,2147,50402,0,0,1972,43111,1524,26651,1978,69762,California
San Joaquin,2021-02-19,4404,101148,2448,48790,1956,52358,0,0,2429,43642,1899,28550,2430,72192,California
San Joaquin,2021-02-20,1612,102760,696,49486,916,53274,0,0,1079,44192,529,29079,1079,73271,California
San Joaquin,2021-02-21,706,103466,526,50012,180,53454,0,0,431,44354,271,29350,433,73704,California
San Joaquin,2021-02-22,3805,107271,2596,52608,1209,54663,0,0,2621,45842,1137,30487,2625,76329,California
San Joaquin,2021-02-23,4637,111908,2680,55288,1957,56620,0,0,2747,46780,1815,32302,2753,79082,California
San Joaquin,2021-02-24,5972,117880,3491,58779,2481,59101,0,0,4201,49266,1719,34021,4205,83287,California
San Joaquin,2021-02-25,6779,124659,4043,62822,2736,61837,0,0,4190,50964,2504,36525,4202,87489,California
San Joaquin,2021-02-26,5685,130344,2914,65736,2771,64608,0,0,3824,52989,1805,38330,3830,91319,California
San Joaquin,2021-02-27,5542,135886,1662,67398,3879,68487,1,1,2666,52857,2809,41139,2677,93996,California
San Joaquin,2021-02-28,3135,139021,1136,68534,1999,70486,0,1,2064,53887,1037,42176,2067,96063,California
San Joaquin,2021-03-01,4543,143564,1854,70388,2686,73172,3,4,2449,54313,2036,44212,2462,98525,California
San Joaquin,2021-03-02,4428,147992,1710,72098,2718,75890,0,4,2778,55532,1612,45824,2831,101356,California
San Joaquin,2021-03-03,6047,154039,3489,75587,2556,78446,2,6,4353,58235,1651,47475,4354,105710,California
San Joaquin,2021-03-04,5900,159939,2301,77888,3596,82042,3,9,3862,60094,2008,49483,3867,109577,California
San Joaquin,2021-03-05,4789,164728,1918,79806,2866,84908,5,14,3288,61945,1446,50929,3297,112874,California
San Joaquin,2021-03-06,3345,168073,2199,82005,1016,85924,130,144,2743,64229,592,51521,2876,115750,California
San Joaquin,2021-03-07,1310,169383,573,82578,635,86559,102,246,961,64945,331,51852,1047,116797,California
San Joaquin,2021-03-08,3318,172701,1292,83870,1891,88450,135,381,2149,66088,1141,52993,2284,119081,California
San Joaquin,2021-03-09,4355,177056,1879,85749,2346,90796,130,511,2757,67436,1545,54538,2893,121974,California
San Joaquin,2021-03-10,5022,182078,2543,88292,2336,93132,143,654,3508,69600,1487,56025,3651,125625,California
San Joaquin,2021-03-11,5331,187409,2477,90769,2249,95381,605,1259,3009,70916,2298,58323,3614,129239,California
San Joaquin,2021-03-12,6688,194097,3246,94015,3103,98484,339,1598,4206,73021,2444,60767,4549,133788,California
San Joaquin,2021-03-13,3253,197350,1520,95535,1607,100091,126,1724,2322,74560,918,61685,2457,136245,California
San Joaquin,2021-03-14,2183,199533,680,96215,1197,101288,306,2030,1028,74750,1148,62833,1338,137583,California
San Joaquin,2021-03-15,6184,205717,3528,99743,2248,103536,408,2438,3189,75415,2947,65780,3612,141195,California
San Joaquin,2021-03-16,7043,212760,3948,103691,2839,106375,256,2694,4103,76883,2898,68678,4366,145561,California
San Joaquin,2021-03-17,8044,220804,4750,108441,3223,109598,71,2765,4397,77779,3577,72255,4473,150034,California
San Joaquin,2021-03-18,7816,228620,4552,112993,2756,112354,508,3273,3851,78245,3898,76153,4364,154398,California
San Joaquin,2021-03-19,8128,236748,4704,117697,2879,115233,545,3818,4877,80508,3216,79369,5479,159877,California
San Joaquin,2021-03-20,3722,240470,2152,119849,1327,116560,243,4061,1831,80728,1868,81237,2088,161965,California
San Joaquin,2021-03-21,2141,242611,1517,121366,417,116977,207,4268,1154,81195,964,82201,1431,163396,California
San Joaquin,2021-03-22,4203,246814,2101,123467,1686,118663,416,4684,2477,82401,1691,83892,2897,166293,California
San Joaquin,2021-03-23,5538,252352,2706,126173,2664,121327,168,4852,3815,84703,1688,85580,3990,170283,California
San Joaquin,2021-03-24,7039,259391,4299,130472,2649,123976,91,4943,3099,84026,3873,89453,3196,173479,California
San Joaquin,2021-03-25,5786,265177,3377,133849,2363,126339,46,4989,3422,85177,2320,91773,3471,176950,California
San Joaquin,2021-03-26,6509,271686,2617,136466,3738,130077,154,5143,3345,85611,3087,94860,3521,180471,California
San Joaquin,2021-03-27,4701,276387,2643,139109,1983,132060,75,5218,1807,84638,2864,97724,1891,182362,California
San Joaquin,2021-03-28,2760,279147,1836,140945,899,132959,25,5243,1270,84573,1468,99192,1403,183765,California
San Joaquin,2021-03-29,4194,283341,2204,143149,1966,134925,24,5267,2119,84687,2045,101237,2159,185924,California
San Joaquin,2021-03-30,6448,289789,3200,146349,3155,138080,93,5360,3533,85468,2863,104100,3644,189568,California
San Joaquin,2021-03-31,6872,296661,4205,150554,2606,140686,61,5421,3487,85699,3341,107441,3572,193140,California
San Joaquin,2021-04-01,6684,303345,3029,153583,3562,144248,93,5514,2960,85133,3677,111118,3111,196251,California
San Joaquin,2021-04-02,6562,309907,2903,156486,3160,147408,499,6013,2598,84349,3913,115031,3129,199380,California
San Joaquin,2021-04-03,4229,314136,2408,158894,1496,148904,325,6338,2022,84522,2186,117217,2359,201739,California
San Joaquin,2021-04-04,2304,316440,1375,160269,723,149627,206,6544,1543,85544,747,117964,1769,203508,California
San Joaquin,2021-04-05,4993,321433,2869,163138,1884,151511,240,6784,2720,86280,2231,120195,2967,206475,California
San Joaquin,2021-04-06,7367,328800,4581,167719,2506,154017,280,7064,3455,86182,3844,124039,3746,210221,California
San Joaquin,2021-04-07,8519,337319,4598,172317,2329,156346,1592,8656,3582,86463,4901,128940,5182,215403,California
San Joaquin,2021-04-08,8976,346295,4776,177093,2033,158379,2167,10823,3389,86473,5545,134485,5555,220958,California
San Joaquin,2021-04-09,9169,355464,4416,181509,3183,161562,1570,12393,3359,85642,5772,140257,4941,225899,California
San Joaquin,2021-04-10,5270,360734,1668,183177,1690,163252,1912,14305,1790,85879,3462,143719,3699,229598,California
San Joaquin,2021-04-11,4320,365054,1786,184963,1368,164620,1166,15471,1991,86715,2315,146034,3151,232749,California
San Joaquin,2021-04-12,6232,371286,2522,187485,2156,166776,1554,17025,2449,86971,3750,149784,4006,236755,California
San Joaquin,2021-04-13,7726,379012,4420,191905,3297,170073,9,17034,4693,88684,2996,152780,4709,241464,California
San Joaquin,2021-04-14,7765,386777,3937,195842,3826,173899,2,17036,4661,90283,3075,155855,4674,246138,California
San Joaquin,2021-04-15,8051,394828,4779,200621,3272,177171,0,17036,4435,91161,3565,159420,4443,250581,California
San Joaquin,2021-04-16,7932,402760,4303,204924,3626,180797,3,17039,4763,92807,3133,162553,4779,255360,California
San Joaquin,2021-04-17,5216,407976,2837,207761,2377,183174,2,17041,3693,95011,1508,164061,3712,259072,California
San Joaquin,2021-04-18,2610,410586,1504,209265,1106,184280,0,17041,1384,95194,1207,165268,1390,260462,California
San Joaquin,2021-04-19,5338,415924,2844,212109,2493,186773,1,17042,2781,95467,2520,167788,2793,263255,California
San Joaquin,2021-04-20,6500,422424,3487,215596,3012,189785,1,17043,3052,95117,3413,171201,3063,266318,California
San Joaquin,2021-04-21,6076,428500,3463,219059,2612,192397,1,17044,3098,95310,2914,174115,3107,269425,California
San Joaquin,2021-04-22,5570,434070,3316,222375,2252,194649,2,17046,3141,96079,2391,176506,3160,272585,California
San Joaquin,2021-04-23,6226,440296,3035,225410,3190,197839,1,17047,3894,97678,2303,178809,3902,276487,California
San Joaquin,2021-04-24,5289,445585,3644,229054,1643,199482,2,17049,3434,99298,1826,180635,3446,279933,California
San Joaquin,2021-04-25,3083,448668,2598,231652,485,199967,0,17049,2049,100348,1005,181640,2055,281988,California
San Joaquin,2021-04-26,4246,452914,2741,234393,1501,201468,4,17053,2183,100498,2043,183683,2193,284181,California
San Joaquin,2021-04-27,4841,457755,2772,237165,2007,203475,62,17115,2042,99841,2769,186452,2112,286293,California
San Joaquin,2021-04-28,5879,463634,3524,240689,2275,205750,80,17195,2856,99805,2982,189434,2946,289239,California
San Joaquin,2021-04-29,5196,468830,3055,243744,2084,207834,57,17252,2623,99956,2540,191974,2691,291930,California
San Joaquin,2021-04-30,5255,474085,2596,246340,2592,210426,67,17319,2686,100175,2544,194518,2763,294693,California
San Joaquin,2021-05-01,3386,477471,1933,248273,1394,211820,59,17378,2156,101183,1218,195736,2226,296919,California
San Joaquin,2021-05-02,2314,479785,1611,249884,646,212466,57,17435,1171,101274,1138,196874,1229,298148,California
San Joaquin,2021-05-03,3431,483216,2296,252180,1055,213521,80,17515,1417,100784,1996,198870,1506,299654,California
San Joaquin,2021-05-04,5102,488318,3436,255616,1507,215028,159,17674,1859,99595,3218,202088,2029,301683,California
San Joaquin,2021-05-05,5385,493703,3728,259344,1493,216521,164,17838,2396,99210,2953,205041,2568,304251,California
San Joaquin,2021-05-06,4919,498622,3319,262663,1469,217990,131,17969,2134,98720,2766,207807,2276,306527,California
San Joaquin,2021-05-07,5364,503986,3153,265816,2058,220048,153,18122,2038,97622,3299,211106,2201,308728,California
San Joaquin,2021-05-08,3415,507401,2243,268059,1071,221119,101,18223,1287,96911,2108,213214,1397,310125,California
San Joaquin,2021-05-09,1521,508922,869,268928,583,221702,69,18292,575,96618,943,214157,650,310775,California
San Joaquin,2021-05-10,2954,511876,1565,270493,1263,222965,126,18418,945,95704,1990,216147,1076,311851,California
San Joaquin,2021-05-11,4282,516158,2236,272729,1923,224888,123,18541,1300,94195,2964,219111,1455,313306,California
San Joaquin,2021-05-12,4541,520699,2170,274899,2246,227134,125,18666,1397,92609,3120,222231,1534,314840,California
San Joaquin,2021-05-13,4903,525602,2881,277780,1932,229066,90,18756,1878,91581,3009,225240,1981,316821,California
San Joaquin,2021-05-14,5929,531531,3572,281352,2249,231315,108,18864,2439,90675,3458,228698,2552,319373,California
San Joaquin,2021-05-15,5272,536803,3144,284496,2046,233361,82,18946,1656,88834,3582,232280,1741,321114,California
San Joaquin,2021-05-16,3626,540429,2854,287350,723,234084,49,18995,1471,88222,2140,234420,1528,322642,California
San Joaquin,2021-05-17,4181,544610,2506,289856,1578,235662,97,19092,1795,87757,2367,236787,1902,324544,California
San Joaquin,2021-05-18,4016,548626,2321,292177,1580,237242,115,19207,1863,87605,2133,238920,1981,326525,California
San Joaquin,2021-05-19,4804,553430,2801,294978,1868,239110,135,19342,2028,87033,2745,241665,2173,328698,California
San Joaquin,2021-05-20,4023,557453,2412,297390,1506,240616,105,19447,1735,86615,2261,243926,1843,330541,California
San Joaquin,2021-05-21,5127,562580,3022,300412,1982,242598,123,19570,2309,86272,2784,246710,2441,332982,California
San Joaquin,2021-05-22,4069,566649,2553,302965,1421,244019,95,19665,1814,85952,2240,248950,1920,334902,California
San Joaquin,2021-05-23,2546,569195,2087,305052,414,244433,45,19710,1469,86406,1064,250014,1518,336420,California
San Joaquin,2021-05-24,3108,572303,1825,306877,1190,245623,93,19803,1451,86314,1641,251655,1549,337969,California
San Joaquin,2021-05-25,3142,575445,1955,308832,1039,246662,148,19951,1449,86242,1670,253325,1598,339567,California
San Joaquin,2021-05-26,3940,579385,2430,311262,1435,248097,75,20026,1603,85604,2320,255645,1682,341249,California
San Joaquin,2021-05-27,3149,582534,1716,312978,1347,249444,86,20112,1278,85116,1854,257499,1366,342615,California
San Joaquin,2021-05-28,3155,585689,1692,314670,1371,250815,92,20204,1464,85017,1664,259163,1565,344180,California
San Joaquin,2021-05-29,2155,587844,1192,315862,928,251743,35,20239,919,84744,1231,260394,958,345138,California
San Joaquin,2021-05-30,978,588822,524,316386,428,252171,26,20265,400,84601,572,260966,429,345567,California
San Joaquin,2021-05-31,624,589446,264,316650,353,252524,7,20272,239,84467,380,261346,246,345813,California
San Joaquin,2021-06-01,2482,591928,1498,318148,887,253411,97,20369,1181,84460,1291,262637,1284,347097,California
San Joaquin,2021-06-02,2740,594668,1620,319768,1066,254477,54,20423,1137,84067,1587,264224,1194,348291,California
San Joaquin,2021-06-03,2861,597529,1769,321537,1034,255511,58,20481,1060,83406,1783,266007,1122,349413,California
San Joaquin,2021-06-04,3156,600685,1941,323478,1110,256621,105,20586,1058,82500,2070,268077,1164,350577,California
San Joaquin,2021-06-05,2521,603206,1919,325397,536,257157,66,20652,1149,82438,1281,269358,1219,351796,California
San Joaquin,2021-06-06,1100,604306,884,326281,178,257335,38,20690,426,82247,656,270014,465,352261,California
San Joaquin,2021-06-07,2845,607151,2104,328385,699,258034,42,20732,980,81420,1857,271871,1030,353291,California
San Joaquin,2021-06-08,2780,609931,2106,330491,629,258663,45,20777,874,80453,1889,273760,922,354213,California
San Joaquin,2021-06-09,2885,612816,2015,332506,826,259489,44,20821,994,79620,1872,275632,1039,355252,California
San Joaquin,2021-06-10,2679,615495,1944,334450,666,260155,69,20890,1005,79026,1669,277301,1075,356327,California
San Joaquin,2021-06-11,2976,618471,2058,336508,800,260955,118,21008,977,78132,1990,279291,1096,357423,California
San Joaquin,2021-06-12,1861,620332,1402,337910,429,261384,30,21038,628,77585,1226,280517,679,358102,California
San Joaquin,2021-06-13,1077,621409,826,338736,203,261587,48,21086,498,77559,574,281091,548,358650,California
San Joaquin,2021-06-14,2232,623641,1495,340231,664,262251,73,21159,937,77287,1282,282373,1010,359660,California
San Joaquin,2021-06-15,2254,625895,1506,341737,671,262922,77,21236,877,76881,1363,283736,957,360617,California
San Joaquin,2021-06-16,2799,628694,2031,343768,686,263608,82,21318,908,75994,1876,285612,989,361606,California
San Joaquin,2021-06-17,2628,631322,1870,345638,695,264303,63,21381,895,75232,1720,287332,958,362564,California
San Joaquin,2021-06-18,2810,634132,1855,347493,879,265182,76,21457,1184,74881,1612,288944,1261,363825,California
San Joaquin,2021-06-19,1396,635528,868,348361,268,265450,260,21717,501,74754,888,289832,761,364586,California
San Joaquin,2021-06-20,663,636191,525,348886,112,265562,26,21743,296,74714,361,290193,321,364907,California
San Joaquin,2021-06-21,1628,637819,964,349850,555,266117,109,21852,822,74846,799,290992,931,365838,California
San Joaquin,2021-06-22,1904,639723,1255,351105,578,266695,71,21923,818,74660,1073,292065,887,366725,California
San Joaquin,2021-06-23,1981,641704,1307,352412,597,267292,77,22000,779,74333,1183,293248,856,367581,California
San Joaquin,2021-06-24,1979,643683,1349,353761,535,267827,95,22095,873,74256,1044,294292,967,368548,California
San Joaquin,2021-06-25,1724,645407,1100,354861,545,268372,79,22174,762,74144,954,295246,842,369390,California
San Joaquin,2021-06-26,1075,646482,804,355665,220,268592,51,22225,518,74163,551,295797,570,369960,California
San Joaquin,2021-06-27,569,647051,429,356094,99,268691,41,22266,263,74165,301,296098,303,370263,California
San Joaquin,2021-06-28,1452,648503,1024,357118,359,269050,69,22335,663,74139,758,296856,732,370995,California
San Joaquin,2021-06-29,1437,649940,907,358025,459,269509,71,22406,647,74074,782,297638,717,371712,California
San Joaquin,2021-06-30,1503,651443,1024,359049,408,269917,71,22477,641,73934,855,298493,715,372427,California
San Joaquin,2021-07-01,1581,653024,1094,360143,394,270311,93,22570,689,73832,882,299375,780,373207,California
San Joaquin,2021-07-02,1541,654565,1065,361208,423,270734,53,22623,712,73774,824,300199,766,373973,California
San Joaquin,2021-07-03,701,655266,510,361718,164,270898,27,22650,388,73877,312,300511,415,374388,California
San Joaquin,2021-07-04,135,655401,89,361807,33,270931,13,22663,59,73874,76,300587,73,374461,California
San Joaquin,2021-07-05,806,656207,568,362375,194,271125,44,22707,394,73903,409,300996,438,374899,California
San Joaquin,2021-07-06,1342,657549,883,363258,403,271528,56,22763,575,73785,752,301748,634,375533,California
San Joaquin,2021-07-07,1327,658876,977,364235,285,271813,65,22828,618,73768,703,302451,686,376219,California
San Joaquin,2021-07-08,1352,660228,961,365196,337,272150,54,22882,636,73747,711,303162,690,376909,California
San Joaquin,2021-07-09,1526,661754,1122,366318,346,272496,58,22940,693,73669,830,303992,752,377661,California
San Joaquin,2021-07-10,775,662529,606,366924,133,272629,36,22976,377,73694,394,304386,419,378080,California
San Joaquin,2021-07-11,528,663057,404,367328,102,272731,22,22998,285,73761,241,304627,308,378388,California
San Joaquin,2021-07-12,868,663925,493,367821,343,273074,32,23030,359,73675,490,305117,404,378792,California
San Luis Obispo,2020-12-16,4,4,4,4,0,0,0,0,4,4,0,0,4,4,California
San Luis Obispo,2020-12-17,195,199,195,199,0,0,0,0,195,199,0,0,195,199,California
San Luis Obispo,2020-12-18,224,423,224,423,0,0,0,0,224,423,0,0,224,423,California
San Luis Obispo,2020-12-19,164,587,164,587,0,0,0,0,164,587,0,0,164,587,California
San Luis Obispo,2020-12-20,215,802,215,802,0,0,0,0,215,802,0,0,215,802,California
San Luis Obispo,2020-12-21,551,1353,550,1352,1,1,0,0,551,1353,0,0,551,1353,California
San Luis Obispo,2020-12-22,309,1662,305,1657,4,5,0,0,309,1662,0,0,309,1662,California
San Luis Obispo,2020-12-23,682,2344,368,2025,314,319,0,0,682,2344,0,0,682,2344,California
San Luis Obispo,2020-12-24,194,2538,19,2044,175,494,0,0,194,2538,0,0,194,2538,California
San Luis Obispo,2020-12-25,2,2540,1,2045,1,495,0,0,2,2540,0,0,2,2540,California
San Luis Obispo,2020-12-26,90,2630,13,2058,77,572,0,0,90,2630,0,0,90,2630,California
San Luis Obispo,2020-12-27,76,2706,0,2058,76,648,0,0,76,2706,0,0,76,2706,California
San Luis Obispo,2020-12-28,879,3585,429,2487,450,1098,0,0,879,3585,0,0,879,3585,California
San Luis Obispo,2020-12-29,904,4489,505,2992,399,1497,0,0,904,4489,0,0,904,4489,California
San Luis Obispo,2020-12-30,1172,5661,679,3671,493,1990,0,0,1172,5661,0,0,1172,5661,California
San Luis Obispo,2020-12-31,110,5771,4,3675,106,2096,0,0,110,5771,0,0,110,5771,California
San Luis Obispo,2021-01-01,23,5794,14,3689,9,2105,0,0,23,5794,0,0,23,5794,California
San Luis Obispo,2021-01-02,34,5828,8,3697,26,2131,0,0,34,5828,0,0,34,5828,California
San Luis Obispo,2021-01-03,17,5845,6,3703,11,2142,0,0,17,5845,0,0,17,5845,California
San Luis Obispo,2021-01-04,681,6526,525,4228,156,2298,0,0,681,6526,0,0,681,6526,California
San Luis Obispo,2021-01-05,978,7504,758,4986,220,2518,0,0,975,7498,3,3,975,7501,California
San Luis Obispo,2021-01-06,728,8232,482,5468,246,2764,0,0,720,8211,7,10,720,8221,California
San Luis Obispo,2021-01-07,1121,9353,945,6413,176,2940,0,0,679,8448,442,452,679,8900,California
San Luis Obispo,2021-01-08,887,10240,806,7219,81,3021,0,0,517,8596,369,821,517,9417,California
San Luis Obispo,2021-01-09,205,10445,195,7414,10,3031,0,0,28,8447,177,998,28,9445,California
San Luis Obispo,2021-01-10,12,10457,8,7422,4,3035,0,0,8,8451,4,1002,8,9453,California
San Luis Obispo,2021-01-11,562,11019,511,7933,51,3086,0,0,298,8486,263,1265,298,9751,California
San Luis Obispo,2021-01-12,615,11634,385,8318,230,3316,0,0,322,8527,293,1558,334,10085,California
San Luis Obispo,2021-01-13,890,12524,261,8579,629,3945,0,0,652,8942,237,1795,652,10737,California
San Luis Obispo,2021-01-14,725,13249,237,8816,488,4433,0,0,605,9434,113,1908,605,11342,California
San Luis Obispo,2021-01-15,728,13977,289,9105,439,4872,0,0,552,9812,174,2082,552,11894,California
San Luis Obispo,2021-01-16,109,14086,88,9193,21,4893,0,0,97,9897,12,2094,97,11991,California
San Luis Obispo,2021-01-17,63,14149,56,9249,7,4900,0,0,63,9960,0,2094,63,12054,California
San Luis Obispo,2021-01-18,1373,15522,391,9640,982,5882,0,0,1109,10805,264,2358,1109,13163,California
San Luis Obispo,2021-01-19,1585,17107,418,10058,1167,7049,0,0,1173,11567,412,2770,1174,14337,California
San Luis Obispo,2021-01-20,1899,19006,602,10660,1297,8346,0,0,1306,12283,591,3361,1307,15644,California
San Luis Obispo,2021-01-21,1581,20587,470,11130,1111,9457,0,0,1209,13125,368,3729,1210,16854,California
San Luis Obispo,2021-01-22,1523,22110,509,11639,1014,10471,0,0,1207,14018,314,4043,1207,18061,California
San Luis Obispo,2021-01-23,305,22415,286,11925,19,10490,0,0,289,14291,16,4059,289,18350,California
San Luis Obispo,2021-01-24,439,22854,232,12157,207,10697,0,0,433,14717,7,4066,433,18783,California
San Luis Obispo,2021-01-25,2077,24931,605,12762,1472,12169,0,0,1244,15128,833,4899,1244,20027,California
San Luis Obispo,2021-01-26,2009,26940,711,13473,1298,13467,0,0,1139,15397,870,5769,1139,21166,California
San Luis Obispo,2021-01-27,1608,28548,281,13754,1327,14794,0,0,1148,16085,460,6229,1148,22314,California
San Luis Obispo,2021-01-28,1498,30046,345,14099,1153,15947,0,0,1234,17056,263,6492,1234,23548,California
San Luis Obispo,2021-01-29,1753,31799,695,14794,1058,17005,0,0,1459,18221,294,6786,1459,25007,California
San Luis Obispo,2021-01-30,41,31840,19,14813,22,17027,0,0,29,18239,11,6797,29,25036,California
San Luis Obispo,2021-01-31,235,32075,19,14832,216,17243,0,0,233,18470,2,6799,233,25269,California
San Luis Obispo,2021-02-01,1710,33785,740,15572,970,18213,0,0,1403,19566,307,7106,1403,26672,California
San Luis Obispo,2021-02-02,1910,35695,684,16256,1226,19439,0,0,1529,20715,381,7487,1530,28202,California
San Luis Obispo,2021-02-03,1710,37405,727,16983,983,20422,0,0,1290,21585,420,7907,1290,29492,California
San Luis Obispo,2021-02-04,1662,39067,802,17785,860,21282,0,0,1095,22113,567,8474,1095,30587,California
San Luis Obispo,2021-02-05,1614,40681,719,18504,895,22177,0,0,1068,22635,546,9020,1068,31655,California
San Luis Obispo,2021-02-06,179,40860,108,18612,71,22248,0,0,98,22653,80,9100,98,31753,California
San Luis Obispo,2021-02-07,124,40984,79,18691,45,22293,0,0,72,22674,52,9152,73,31826,California
San Luis Obispo,2021-02-08,866,41850,473,19164,393,22686,0,0,501,22811,364,9516,501,32327,California
San Luis Obispo,2021-02-09,1129,42979,449,19613,680,23366,0,0,547,22789,569,10085,547,32874,California
San Luis Obispo,2021-02-10,1445,44424,494,20107,951,24317,0,0,529,22407,911,10996,529,33403,California
San Luis Obispo,2021-02-11,1335,45759,844,20951,491,24808,0,0,661,22396,672,11668,661,34064,California
San Luis Obispo,2021-02-12,784,46543,361,21312,423,25231,0,0,417,22446,367,12035,417,34481,California
San Luis Obispo,2021-02-13,397,46940,133,21445,264,25495,0,0,286,22622,110,12145,286,34767,California
San Luis Obispo,2021-02-14,323,47263,45,21490,278,25773,0,0,282,22864,41,12186,283,35050,California
San Luis Obispo,2021-02-15,730,47993,139,21629,591,26364,0,0,473,23082,255,12441,473,35523,California
San Luis Obispo,2021-02-16,2991,50984,1199,22828,1792,28156,0,0,1363,22818,1627,14068,1363,36886,California
San Luis Obispo,2021-02-17,2803,53787,1254,24082,1549,29705,0,0,1027,22078,1767,15835,1027,37913,California
San Luis Obispo,2021-02-18,2849,56636,1474,25556,1375,31080,0,0,1136,21511,1704,17539,1137,39050,California
San Luis Obispo,2021-02-19,1473,58109,1350,26906,123,31203,0,0,1140,22320,331,17870,1140,40190,California
San Luis Obispo,2021-02-20,260,58369,89,26995,171,31374,0,0,220,22500,40,17910,220,40410,California
San Luis Obispo,2021-02-21,58,58427,54,27049,4,31378,0,0,32,22506,26,17936,32,40442,California
San Luis Obispo,2021-02-22,2432,60859,1880,28929,552,31930,0,0,1469,23016,960,18896,1470,41912,California
San Luis Obispo,2021-02-23,1871,62730,1755,30684,116,32046,0,0,1363,23874,506,19402,1364,43276,California
San Luis Obispo,2021-02-24,2682,65412,1322,32006,1360,33406,0,0,839,22873,1840,21242,839,44115,California
San Luis Obispo,2021-02-25,2151,67563,1257,33263,894,34300,0,0,1218,23167,925,22167,1219,45334,California
San Luis Obispo,2021-02-26,2666,70229,1155,34418,1511,35811,0,0,1335,23181,1321,23488,1335,46669,California
San Luis Obispo,2021-02-27,598,70827,364,34782,234,36045,0,0,540,23664,57,23545,540,47209,California
San Luis Obispo,2021-02-28,592,71419,67,34849,525,36570,0,0,162,23398,428,23973,162,47371,California
San Luis Obispo,2021-03-01,3020,74439,1886,36735,1132,37702,2,2,2076,24533,944,24917,2079,49450,California
San Luis Obispo,2021-03-02,3071,77510,1920,38655,1151,38853,0,2,1907,25282,1159,26076,1908,51358,California
San Luis Obispo,2021-03-03,2365,79875,350,39005,2015,40868,0,2,858,24640,1501,27577,859,52217,California
San Luis Obispo,2021-03-04,2227,82102,1164,40169,1063,41931,0,2,1192,24804,1031,28608,1195,53412,California
San Luis Obispo,2021-03-05,2313,84415,1024,41193,1218,43149,71,73,1301,25179,997,29605,1372,54784,California
San Luis Obispo,2021-03-06,837,85252,312,41505,418,43567,107,180,615,25673,222,29827,716,55500,California
San Luis Obispo,2021-03-07,230,85482,35,41540,92,43659,103,283,85,25713,144,29971,184,55684,California
San Luis Obispo,2021-03-08,2747,88229,759,42299,1669,45328,319,602,1544,26376,1198,31169,1861,57545,California
San Luis Obispo,2021-03-09,2985,91214,989,43288,1748,47076,248,850,1534,26712,1447,32616,1783,59328,California
San Luis Obispo,2021-03-10,3207,94421,1245,44533,1681,48757,281,1131,1824,27436,1379,33995,2103,61431,California
San Luis Obispo,2021-03-11,3375,97796,1333,45866,1719,50476,323,1454,1815,28029,1546,35541,2139,63570,California
San Luis Obispo,2021-03-12,3245,101041,1264,47130,1643,52119,338,1792,1626,28381,1612,37153,1964,65534,California
San Luis Obispo,2021-03-13,911,101952,263,47393,538,52657,110,1902,542,28662,368,37521,649,66183,California
San Luis Obispo,2021-03-14,514,102466,56,47449,347,53004,111,2013,135,28530,378,37899,246,66429,California
San Luis Obispo,2021-03-15,3080,105546,1110,48559,1870,54874,100,2113,1532,28620,1545,39444,1635,68064,California
San Luis Obispo,2021-03-16,2862,108408,1512,50071,1240,56114,110,2223,1446,28765,1409,40853,1554,69618,California
San Luis Obispo,2021-03-17,3465,111873,1450,51521,1753,57867,262,2485,2010,29596,1440,42293,2271,71889,California
San Luis Obispo,2021-03-18,2856,114729,1456,52977,1186,59053,214,2699,1357,29673,1491,43784,1568,73457,California
San Luis Obispo,2021-03-19,2609,117338,1576,54553,710,59763,323,3022,966,29331,1633,45417,1291,74748,California
San Luis Obispo,2021-03-20,842,118180,503,55056,302,60065,37,3059,383,29293,458,45875,420,75168,California
San Luis Obispo,2021-03-21,192,118372,47,55103,141,60206,4,3063,160,29425,31,45906,163,75331,California
San Luis Obispo,2021-03-22,2772,121144,1182,56285,1542,61748,48,3111,1928,30562,839,46745,1976,77307,California
San Luis Obispo,2021-03-23,3377,124521,2248,58533,1099,62847,30,3141,2243,31706,1129,47874,2273,79580,California
San Luis Obispo,2021-03-24,3592,128113,2200,60733,1307,64154,85,3226,2678,33561,907,48781,2762,82342,California
San Luis Obispo,2021-03-25,3735,131848,2344,63077,1379,65533,12,3238,2676,35196,1052,49833,2687,85029,California
San Luis Obispo,2021-03-26,3345,135193,1826,64903,1047,66580,472,3710,1866,36062,1472,51305,2338,87367,California
San Luis Obispo,2021-03-27,1010,136203,511,65414,408,66988,91,3801,451,36048,556,51861,542,87909,California
San Luis Obispo,2021-03-28,621,136824,156,65570,409,67397,56,3857,418,36321,202,52063,475,88384,California
San Luis Obispo,2021-03-29,2642,139466,1327,66897,1182,68579,133,3990,1687,37203,939,53002,1821,90205,California
San Luis Obispo,2021-03-30,3541,143007,1943,68840,1457,70036,141,4131,2343,38496,1190,54192,2483,92688,California
San Luis Obispo,2021-03-31,3909,146916,2492,71332,1268,71304,149,4280,2503,39751,1395,55587,2650,95338,California
San Luis Obispo,2021-04-01,3928,150844,2490,73822,1320,72624,118,4398,2728,41413,1182,56769,2844,98182,California
San Luis Obispo,2021-04-02,1759,152603,690,74512,753,73377,316,4714,954,41879,802,57571,1268,99450,California
San Luis Obispo,2021-04-03,1114,153717,557,75069,430,73807,127,4841,492,41882,616,58187,619,100069,California
San Luis Obispo,2021-04-04,380,154097,134,75203,206,74013,40,4881,232,42006,148,58335,272,100341,California
San Luis Obispo,2021-04-05,3652,157749,1948,77151,1590,75603,114,4995,2041,42553,1607,59942,2154,102495,California
San Luis Obispo,2021-04-06,4180,161929,2211,79362,1645,77248,324,5319,1984,42672,2187,62129,2306,104801,California
San Luis Obispo,2021-04-07,4317,166246,2349,81711,1602,78850,366,5685,2474,43681,1827,63956,2836,107637,California
San Luis Obispo,2021-04-08,4001,170247,2192,83903,1401,80251,408,6093,2130,44358,1861,65817,2538,110175,California
San Luis Obispo,2021-04-09,3692,173939,1757,85660,1174,81425,761,6854,1505,44443,2175,67992,2260,112435,California
San Luis Obispo,2021-04-10,1698,175637,569,86229,459,81884,670,7524,497,44408,1198,69190,1163,113598,California
San Luis Obispo,2021-04-11,316,175953,64,86293,185,82069,67,7591,126,44413,188,69378,193,113791,California
San Luis Obispo,2021-04-12,3456,179409,1732,88025,1561,83630,163,7754,1409,43941,2043,71421,1571,115362,California
San Luis Obispo,2021-04-13,3793,183202,2184,90209,1608,85238,1,7755,2002,44158,1787,73208,2004,117366,California
San Luis Obispo,2021-04-14,3603,186805,2062,92271,1536,86774,5,7760,1756,44090,1828,75036,1760,119126,California
San Luis Obispo,2021-04-15,3819,190624,2489,94760,1329,88103,1,7761,2030,44356,1767,76803,2033,121159,California
San Luis Obispo,2021-04-16,3686,194310,2244,97004,1438,89541,4,7765,1767,44216,1909,78712,1769,122928,California
San Luis Obispo,2021-04-17,1101,195411,437,97441,662,90203,2,7767,712,44542,388,79100,714,123642,California
San Luis Obispo,2021-04-18,328,195739,103,97544,224,90427,1,7768,116,44450,208,79308,116,123758,California
San Luis Obispo,2021-04-19,3218,198957,1359,98903,1821,92248,38,7806,1096,43469,2116,81424,1135,124893,California
San Luis Obispo,2021-04-20,3663,202620,2038,100941,1625,93873,0,7806,1322,42462,2329,83753,1322,126215,California
San Luis Obispo,2021-04-21,4037,206657,1853,102794,2183,96056,1,7807,1625,41700,2391,86144,1629,127844,California
San Luis Obispo,2021-04-22,4632,211289,2080,104874,2552,98608,0,7807,1401,39892,3211,89355,1403,129247,California
San Luis Obispo,2021-04-23,1445,212734,839,105713,602,99210,4,7811,724,39904,717,90072,729,129976,California
San Luis Obispo,2021-04-24,1082,213816,439,106152,624,99834,19,7830,507,39848,582,90654,526,130502,California
San Luis Obispo,2021-04-25,518,214334,163,106315,355,100189,0,7830,115,39565,398,91052,115,130617,California
San Luis Obispo,2021-04-26,1082,215416,394,106709,670,100859,18,7848,398,39308,672,91724,415,131032,California
San Luis Obispo,2021-04-27,3929,219345,1994,108703,1856,102715,79,7927,1522,38510,2398,94122,1600,132632,California
San Luis Obispo,2021-04-28,3824,223169,2114,110817,1639,104354,71,7998,1333,37435,2479,96601,1404,134036,California
San Luis Obispo,2021-04-29,3740,226909,2129,112946,1542,105896,69,8067,1246,36275,2476,99077,1316,135352,California
San Luis Obispo,2021-04-30,3005,229914,1686,114632,1244,107140,75,8142,912,35191,2071,101148,987,136339,California
San Luis Obispo,2021-05-01,480,230394,165,114797,280,107420,35,8177,103,34955,373,101521,137,136476,California
San Luis Obispo,2021-05-02,168,230562,53,114850,95,107515,20,8197,43,34893,125,101646,63,136539,California
San Luis Obispo,2021-05-03,894,231456,285,115135,498,108013,111,8308,223,34557,668,102314,332,136871,California
San Luis Obispo,2021-05-04,2980,234436,1923,117058,985,108998,72,8380,875,33403,2098,104412,944,137815,California
San Luis Obispo,2021-05-05,2863,237299,1879,118937,917,109915,67,8447,672,31967,2175,106587,739,138554,California
San Luis Obispo,2021-05-06,2845,240144,1915,120852,866,110781,64,8511,710,30625,2115,108702,773,139327,California
San Luis Obispo,2021-05-07,2374,242518,1776,122628,530,111311,68,8579,593,29525,1762,110464,662,139989,California
San Luis Obispo,2021-05-08,606,243124,344,122972,238,111549,24,8603,202,29367,384,110848,226,140215,California
San Luis Obispo,2021-05-09,165,243289,42,123014,104,111653,19,8622,45,29312,119,110967,64,140279,California
San Luis Obispo,2021-05-10,735,244024,159,123173,524,112177,52,8674,157,28947,572,111539,207,140486,California
San Luis Obispo,2021-05-11,1219,245243,599,123772,545,112722,75,8749,382,28573,831,112370,457,140943,California
San Luis Obispo,2021-05-12,2514,247757,1614,125386,816,113538,84,8833,690,27541,1805,114175,773,141716,California
San Luis Obispo,2021-05-13,1180,248937,714,126100,404,113942,62,8895,488,27404,686,114861,549,142265,California
San Luis Obispo,2021-05-14,2277,251214,1652,127752,573,114515,52,8947,934,27063,1326,116187,985,143250,California
San Luis Obispo,2021-05-15,992,252206,456,128208,502,115017,34,8981,462,27033,527,116714,497,143747,California
San Luis Obispo,2021-05-16,309,252515,165,128373,138,115155,6,8987,176,27083,132,116846,182,143929,California
San Luis Obispo,2021-05-17,1693,254208,978,129351,655,115810,60,9047,666,26792,1018,117864,727,144656,California
San Luis Obispo,2021-05-18,1908,256116,1162,130513,713,116523,33,9080,722,26368,1180,119044,756,145412,California
San Luis Obispo,2021-05-19,1457,257573,623,131136,771,117294,63,9143,398,25777,1051,120095,460,145872,California
San Luis Obispo,2021-05-20,1146,258719,496,131632,613,117907,37,9180,336,25351,799,120894,373,146245,California
San Luis Obispo,2021-05-21,1109,259828,573,132205,491,118398,45,9225,508,25313,591,121485,553,146798,California
San Luis Obispo,2021-05-22,686,260514,327,132532,336,118734,23,9248,342,25342,336,121821,365,147163,California
San Luis Obispo,2021-05-23,147,260661,68,132600,73,118807,6,9254,51,25304,95,121916,57,147220,California
San Luis Obispo,2021-05-24,568,261229,263,132863,265,119072,40,9294,201,25181,364,122280,241,147461,California
San Luis Obispo,2021-05-25,881,262110,430,133293,423,119495,28,9322,347,25029,526,122806,374,147835,California
San Luis Obispo,2021-05-26,2146,264256,997,134290,1094,120589,55,9377,662,24268,1477,124283,716,148551,California
San Luis Obispo,2021-05-27,1882,266138,670,134960,1180,121769,32,9409,490,23405,1384,125667,521,149072,California
San Luis Obispo,2021-05-28,929,267067,473,135433,429,122198,27,9436,487,23479,440,126107,514,149586,California
San Luis Obispo,2021-05-29,379,267446,153,135586,215,122413,11,9447,208,23529,170,126277,220,149806,California
San Luis Obispo,2021-05-30,90,267536,37,135623,45,122458,8,9455,35,23518,53,126330,42,149848,California
San Luis Obispo,2021-05-31,42,267578,6,135629,23,122481,13,9468,16,23522,24,126354,28,149876,California
San Luis Obispo,2021-06-01,758,268336,325,135954,402,122883,31,9499,271,23341,483,126837,302,150178,California
San Luis Obispo,2021-06-02,640,268976,287,136241,311,123194,42,9541,183,23115,450,127287,224,150402,California
San Luis Obispo,2021-06-03,916,269892,453,136694,431,123625,32,9573,252,22738,661,127948,284,150686,California
San Luis Obispo,2021-06-04,2489,272381,1526,138220,921,124546,42,9615,707,21715,1770,129718,747,151433,California
San Luis Obispo,2021-06-05,668,273049,289,138509,359,124905,20,9635,326,21720,341,130059,346,151779,California
San Luis Obispo,2021-06-06,191,273240,136,138645,46,124951,9,9644,52,21642,139,130198,61,151840,California
San Luis Obispo,2021-06-07,548,273788,358,139003,149,125100,41,9685,155,21448,390,130588,196,152036,California
San Luis Obispo,2021-06-08,811,274599,527,139530,243,125343,41,9726,246,21174,561,131149,287,152323,California
San Luis Obispo,2021-06-09,641,275240,358,139888,252,125595,31,9757,189,20946,448,131597,220,152543,California
San Luis Obispo,2021-06-10,752,275992,360,140248,353,125948,39,9796,219,20673,531,132128,258,152801,California
San Luis Obispo,2021-06-11,939,276931,542,140790,361,126309,36,9832,339,20453,596,132724,376,153177,California
San Luis Obispo,2021-06-12,392,277323,268,141058,121,126430,3,9835,166,20397,225,132949,169,153346,California
San Luis Obispo,2021-06-13,162,277485,93,141151,66,126496,3,9838,44,20327,117,133066,47,153393,California
San Luis Obispo,2021-06-14,455,277940,298,141449,126,126622,31,9869,129,20163,322,133388,158,153551,California
San Luis Obispo,2021-06-15,644,278584,400,141849,206,126828,38,9907,239,20039,400,133788,276,153827,California
San Luis Obispo,2021-06-16,625,279209,365,142214,225,127053,35,9942,180,19815,438,134226,214,154041,California
San Luis Obispo,2021-06-17,597,279806,340,142554,231,127284,26,9968,195,19635,401,134627,221,154262,California
San Luis Obispo,2021-06-18,788,280594,505,143059,237,127521,46,10014,277,19452,507,135134,324,154586,California
San Luis Obispo,2021-06-19,265,280859,150,143209,101,127622,14,10028,100,19403,163,135297,114,154700,California
San Luis Obispo,2021-06-20,110,280969,73,143282,29,127651,8,10036,45,19392,64,135361,53,154753,California
San Luis Obispo,2021-06-21,353,281322,224,143506,102,127753,27,10063,155,19378,196,135557,182,154935,California
San Luis Obispo,2021-06-22,620,281942,362,143868,226,127979,32,10095,276,19344,342,135899,308,155243,California
San Luis Obispo,2021-06-23,497,282439,273,144141,204,128183,20,10115,239,19346,257,136156,259,155502,California
San Luis Obispo,2021-06-24,468,282907,262,144403,180,128363,26,10141,204,19316,260,136416,230,155732,California
San Luis Obispo,2021-06-25,527,283434,212,144615,293,128656,22,10163,209,19233,312,136728,229,155961,California
San Luis Obispo,2021-06-26,272,283706,147,144762,107,128763,18,10181,119,19216,153,136881,136,156097,California
San Luis Obispo,2021-06-27,146,283852,95,144857,47,128810,4,10185,76,19227,69,136950,80,156177,California
San Luis Obispo,2021-06-28,342,284194,245,145102,81,128891,16,10201,131,19165,208,137158,146,156323,California
San Luis Obispo,2021-06-29,482,284676,315,145417,151,129042,16,10217,203,19110,274,137432,219,156542,California
San Luis Obispo,2021-06-30,440,285116,244,145661,158,129200,38,10255,161,19031,277,137709,198,156740,California
San Luis Obispo,2021-07-01,465,285581,309,145970,141,129341,15,10270,207,18998,255,137964,222,156962,California
San Luis Obispo,2021-07-02,431,286012,206,146176,204,129545,21,10291,173,18938,254,138218,194,157156,California
San Luis Obispo,2021-07-03,422,286434,178,146354,238,129783,6,10297,120,18765,300,138518,127,157283,California
San Luis Obispo,2021-07-04,28,286462,16,146370,11,129794,1,10298,11,18760,17,138535,12,157295,California
San Luis Obispo,2021-07-05,168,286630,92,146462,65,129859,11,10309,80,18765,84,138619,89,157384,California
San Luis Obispo,2021-07-06,473,287103,296,146758,144,130003,33,10342,192,18711,279,138898,225,157609,California
San Luis Obispo,2021-07-07,381,287484,208,146966,122,130125,51,10393,151,18683,227,139125,199,157808,California
San Luis Obispo,2021-07-08,394,287878,239,147205,145,130270,10,10403,180,18661,212,139337,190,157998,California
San Luis Obispo,2021-07-09,433,288311,207,147412,204,130474,22,10425,166,18586,263,139600,188,158186,California
San Luis Obispo,2021-07-10,192,288503,125,147537,62,130536,5,10430,82,18564,109,139709,87,158273,California
San Luis Obispo,2021-07-11,74,288577,45,147582,22,130558,7,10437,36,18571,36,139745,43,158316,California
San Luis Obispo,2021-07-12,251,288828,204,147786,45,130603,2,10439,104,18532,145,139890,106,158422,California
San Mateo,2020-12-15,27,27,27,27,0,0,0,0,27,27,0,0,27,27,California
San Mateo,2020-12-16,114,141,114,141,0,0,0,0,114,141,0,0,114,141,California
San Mateo,2020-12-17,171,312,171,312,0,0,0,0,171,312,0,0,171,312,California
San Mateo,2020-12-18,777,1089,775,1087,2,2,0,0,777,1089,0,0,777,1089,California
San Mateo,2020-12-19,518,1607,518,1605,0,2,0,0,518,1607,0,0,518,1607,California
San Mateo,2020-12-20,504,2111,503,2108,1,3,0,0,504,2111,0,0,504,2111,California
San Mateo,2020-12-21,1146,3257,1145,3253,1,4,0,0,1146,3257,0,0,1146,3257,California
San Mateo,2020-12-22,1531,4788,1523,4776,8,12,0,0,1530,4786,1,1,1530,4787,California
San Mateo,2020-12-23,1569,6357,1379,6155,190,202,0,0,1569,6355,0,1,1569,6356,California
San Mateo,2020-12-24,871,7228,613,6768,258,460,0,0,871,7226,0,1,871,7227,California
San Mateo,2020-12-25,113,7341,109,6877,4,464,0,0,113,7339,0,1,113,7340,California
San Mateo,2020-12-26,557,7898,416,7293,141,605,0,0,557,7896,0,1,557,7897,California
San Mateo,2020-12-27,302,8200,172,7465,130,735,0,0,302,8198,0,1,302,8199,California
San Mateo,2020-12-28,1060,9260,710,8175,350,1085,0,0,1060,9258,0,1,1060,9259,California
San Mateo,2020-12-29,1139,10399,716,8891,423,1508,0,0,1139,10397,0,1,1139,10398,California
San Mateo,2020-12-30,1271,11670,766,9657,505,2013,0,0,1271,11668,0,1,1271,11669,California
San Mateo,2020-12-31,707,12377,228,9885,479,2492,0,0,706,12373,1,2,706,12375,California
San Mateo,2021-01-01,111,12488,75,9960,36,2528,0,0,111,12484,0,2,111,12486,California
San Mateo,2021-01-02,398,12886,272,10232,126,2654,0,0,398,12882,0,2,398,12884,California
San Mateo,2021-01-03,285,13171,209,10441,76,2730,0,0,282,13161,3,5,282,13166,California
San Mateo,2021-01-04,1053,14224,679,11120,374,3104,0,0,1053,14214,0,5,1053,14219,California
San Mateo,2021-01-05,1212,15436,711,11831,501,3605,0,0,1180,15363,32,37,1181,15400,California
San Mateo,2021-01-06,1462,16898,961,12792,501,4106,0,0,1266,16437,193,230,1267,16667,California
San Mateo,2021-01-07,1465,18363,818,13610,647,4753,0,0,1155,17289,303,533,1155,17822,California
San Mateo,2021-01-08,1855,20218,1202,14812,653,5406,0,0,1139,17719,709,1242,1139,18961,California
San Mateo,2021-01-09,1176,21394,778,15590,398,5804,0,0,716,17975,460,1702,716,19677,California
San Mateo,2021-01-10,712,22106,582,16172,130,5934,0,0,269,17801,443,2145,269,19946,California
San Mateo,2021-01-11,2621,24727,1513,17685,1108,7042,0,0,1540,18262,1081,3226,1542,21488,California
San Mateo,2021-01-12,3465,28192,1945,19630,1520,8562,0,0,2235,19280,1221,4447,2239,23727,California
San Mateo,2021-01-13,3423,31615,1676,21306,1747,10309,0,0,2370,20599,1053,5500,2372,26099,California
San Mateo,2021-01-14,3808,35423,1612,22918,2196,12505,0,0,3108,23012,700,6200,3113,29212,California
San Mateo,2021-01-15,4361,39784,1742,24660,2619,15124,0,0,3810,26275,549,6749,3812,33024,California
San Mateo,2021-01-16,3087,42871,770,25430,2317,17441,0,0,2756,28703,329,7078,2757,35781,California
San Mateo,2021-01-17,1314,44185,306,25736,1008,18449,0,0,1109,29607,205,7283,1109,36890,California
San Mateo,2021-01-18,1371,45556,543,26279,828,19277,0,0,991,30221,377,7660,991,37881,California
San Mateo,2021-01-19,2807,48363,1797,28076,1010,20287,0,0,2001,31419,803,8463,2001,39882,California
San Mateo,2021-01-20,2990,51353,1731,29807,1259,21546,0,0,2138,32709,849,9312,2139,42021,California
San Mateo,2021-01-21,2939,54292,1361,31168,1578,23124,0,0,2337,34450,599,9911,2340,44361,California
San Mateo,2021-01-22,2835,57127,1146,32314,1689,24813,0,0,2529,36678,302,10213,2530,46891,California
San Mateo,2021-01-23,2889,60016,1680,33994,1209,26022,0,0,2527,38844,362,10575,2528,49419,California
San Mateo,2021-01-24,1516,61532,373,34367,1143,27165,0,0,1205,39740,310,10885,1206,50625,California
San Mateo,2021-01-25,4422,65954,3143,37510,1279,28444,0,0,3516,42358,902,11787,3520,54145,California
San Mateo,2021-01-26,4348,70302,3002,40512,1346,29790,0,0,3414,44841,932,12719,3415,57560,California
San Mateo,2021-01-27,2828,73130,1474,41986,1354,31144,0,0,1816,45651,1007,13726,1817,59377,California
San Mateo,2021-01-28,2826,75956,1375,43361,1451,32595,0,0,1972,46785,838,14564,1972,61349,California
San Mateo,2021-01-29,3015,78971,1353,44714,1662,34257,0,0,2165,48104,848,15412,2167,63516,California
San Mateo,2021-01-30,3425,82396,1492,46206,1933,36190,0,0,2958,50597,466,15878,2959,66475,California
San Mateo,2021-01-31,1695,84091,899,47105,796,36986,0,0,1532,51968,161,16039,1532,68007,California
San Mateo,2021-02-01,2968,87059,1369,48474,1599,38585,0,0,2234,53474,729,16768,2235,70242,California
San Mateo,2021-02-02,3257,90316,1751,50225,1506,40091,0,0,2209,54638,1045,17813,2209,72451,California
San Mateo,2021-02-03,5026,95342,2065,52290,2961,43052,0,0,3873,57362,1150,18963,3874,76325,California
San Mateo,2021-02-04,6243,101585,2500,54790,3743,46795,0,0,4955,61040,1281,20244,4959,81284,California
San Mateo,2021-02-05,6842,108427,2554,57344,4288,51083,0,0,4999,64214,1825,22069,4999,86283,California
San Mateo,2021-02-06,3288,111715,1912,59256,1376,52459,0,0,2627,66187,656,22725,2629,88912,California
San Mateo,2021-02-07,1909,113624,1350,60606,559,53018,0,0,1714,67708,193,22918,1714,90626,California
San Mateo,2021-02-08,5312,118936,2268,62874,3044,56062,0,0,3133,68727,2114,25032,3133,93759,California
San Mateo,2021-02-09,6189,125125,3204,66078,2985,59047,0,0,3322,69191,2858,27890,3322,97081,California
San Mateo,2021-02-10,6554,131679,3289,69367,3265,62312,0,0,3278,69212,3257,31147,3278,100359,California
San Mateo,2021-02-11,7105,138784,3597,72964,3508,65820,0,0,3776,69668,3322,34469,3778,104137,California
San Mateo,2021-02-12,6687,145471,2997,75961,3690,69510,0,0,4723,72434,1959,36428,4725,108862,California
San Mateo,2021-02-13,6225,151696,4115,80076,2110,71620,0,0,2646,71507,3573,40001,2646,111508,California
San Mateo,2021-02-14,4746,156442,3116,83192,1630,73250,0,0,1986,70742,2752,42753,1987,113495,California
San Mateo,2021-02-15,3187,159629,1458,84650,1729,74979,0,0,1798,71161,1380,44133,1799,115294,California
San Mateo,2021-02-16,7197,166826,1904,86554,5293,80272,0,0,5303,74574,1892,46025,5305,120599,California
San Mateo,2021-02-17,7126,173952,1987,88541,5139,85411,0,0,5056,77567,2064,48089,5057,125656,California
San Mateo,2021-02-18,6837,180789,4728,93269,2109,87520,0,0,4548,79834,2284,50373,4551,130207,California
San Mateo,2021-02-19,7907,188696,5657,98926,2250,89770,0,0,5853,83642,2045,52418,5853,136060,California
San Mateo,2021-02-20,3837,192533,2477,101403,1360,91130,0,0,2353,84520,1476,53894,2354,138414,California
San Mateo,2021-02-21,2701,195234,1826,103229,875,92005,0,0,1601,85029,1093,54987,1602,140016,California
San Mateo,2021-02-22,4642,199876,3371,106600,1271,93276,0,0,2906,86208,1728,56715,2907,142923,California
San Mateo,2021-02-23,4501,204377,3215,109815,1286,94562,0,0,2607,86934,1881,58596,2607,145530,California
San Mateo,2021-02-24,7580,211957,3411,113226,4169,98731,0,0,5006,89380,2561,61157,5007,150537,California
San Mateo,2021-02-25,9633,221590,4282,117508,5351,104082,0,0,6305,92378,3308,64465,6306,156843,California
San Mateo,2021-02-26,10260,231850,3958,121466,6302,110384,0,0,7088,96314,3154,67619,7090,163933,California
San Mateo,2021-02-27,7007,238857,3633,125099,3373,113757,1,1,3816,96958,3179,70798,3823,167756,California
San Mateo,2021-02-28,4502,243359,2779,127878,1723,115480,0,1,2698,97864,1793,72591,2699,170455,California
San Mateo,2021-03-01,6067,249426,3821,131699,2242,117722,4,5,2995,97809,3056,75647,3001,173456,California
San Mateo,2021-03-02,6298,255724,4469,136168,1828,119550,1,6,3627,98777,2661,78308,3629,177085,California
San Mateo,2021-03-03,8576,264300,4042,140210,4532,124082,2,8,3717,97653,4843,83151,3719,180804,California
San Mateo,2021-03-04,8603,272903,4029,144239,4570,128652,4,12,3885,96849,4695,87846,3891,184695,California
San Mateo,2021-03-05,9406,282309,6270,150509,3132,131784,4,16,6585,100642,2799,90645,6592,191287,California
San Mateo,2021-03-06,8014,290323,5568,156077,2267,134051,179,195,5874,104566,2127,92772,6051,197338,California
San Mateo,2021-03-07,3735,294058,2456,158533,1132,135183,147,342,2163,105310,1568,94340,2312,199650,California
San Mateo,2021-03-08,4570,298628,2575,161108,1758,136941,237,579,3329,107639,1234,95574,3563,203213,California
San Mateo,2021-03-09,5374,304002,2876,163984,2215,139156,283,862,3738,110030,1623,97197,4014,207227,California
San Mateo,2021-03-10,7271,311273,2941,166925,4041,143197,289,1151,4842,112741,2414,99611,5125,212352,California
San Mateo,2021-03-11,9199,320472,5766,172691,3039,146236,394,1545,3660,111287,5505,105116,4051,216403,California
San Mateo,2021-03-12,10660,331132,6712,179403,3561,149797,387,1932,3591,108217,7045,112161,3975,220378,California
San Mateo,2021-03-13,8271,339403,3537,182940,3097,152894,1637,3569,4005,109590,4249,116410,5622,226000,California
San Mateo,2021-03-14,5030,344433,3397,186337,1526,154420,107,3676,2662,109998,2360,118770,2768,228768,California
San Mateo,2021-03-15,7242,351675,4673,191010,2391,156811,178,3854,3765,110474,3467,122237,3943,232711,California
San Mateo,2021-03-16,12017,363692,4426,195436,7466,164277,125,3979,4826,108258,7170,129407,4954,237665,California
San Mateo,2021-03-17,10997,374689,4486,199922,6364,170641,147,4126,4960,107360,6005,135412,5107,242772,California
San Mateo,2021-03-18,7427,382116,4165,204087,3073,173714,189,4315,4394,108917,3024,138436,4581,247353,California
San Mateo,2021-03-19,7598,389714,4906,208993,2018,175732,674,4989,3629,109262,3957,142393,4302,251655,California
San Mateo,2021-03-20,8426,398140,6556,215549,1532,177264,338,5327,5343,111875,3067,145460,5680,257335,California
San Mateo,2021-03-21,4288,402428,3250,218799,805,178069,233,5560,2285,112397,1992,147452,2514,259849,California
San Mateo,2021-03-22,5388,407816,3670,222469,1294,179363,424,5984,2827,113102,2544,149996,3249,263098,California
San Mateo,2021-03-23,9954,417770,4586,227055,5170,184533,198,6182,4419,112217,5502,155498,4617,267715,California
San Mateo,2021-03-24,9599,427369,5551,232606,3900,188433,148,6330,4036,110912,5485,160983,4180,271895,California
San Mateo,2021-03-25,10198,437567,5015,237621,4913,193346,270,6600,4373,109840,5717,166700,4645,276540,California
San Mateo,2021-03-26,11356,448923,7800,245421,3388,196734,168,6768,4313,107324,6997,173697,4481,281021,California
San Mateo,2021-03-27,10593,459516,8108,253529,2376,199110,109,6877,4653,106162,5920,179617,4758,285779,California
San Mateo,2021-03-28,4307,463823,2785,256314,1409,200519,113,6990,1991,105965,2305,181922,2108,287887,California
San Mateo,2021-03-29,6112,469935,3792,260106,2066,202585,254,7244,2735,105596,3357,185279,2988,290875,California
San Mateo,2021-03-30,7232,477167,4112,264218,2966,205551,154,7398,3890,106313,3326,188605,4043,294918,California
San Mateo,2021-03-31,7380,484547,4655,268873,2579,208130,146,7544,3874,106847,3486,192091,4020,298938,California
San Mateo,2021-04-01,10717,495264,5287,274160,4208,212338,1222,8766,5745,108881,4918,197009,6952,305890,California
San Mateo,2021-04-02,10985,506249,5254,279414,4130,216468,1601,10367,5781,111065,5180,202189,7364,313254,California
San Mateo,2021-04-03,10043,516292,5788,285202,2475,218943,1780,12147,5119,113042,4913,207102,6890,320144,California
San Mateo,2021-04-04,5472,521764,2641,287843,1572,220515,1259,13406,1707,112252,3750,210852,2960,323104,California
San Mateo,2021-04-05,9091,530855,4832,292675,2510,223025,1749,15155,3892,112697,5179,216031,5624,328728,California
San Mateo,2021-04-06,13282,544137,8293,300968,3130,226155,1859,17014,7571,116428,5696,221727,9427,338155,California
San Mateo,2021-04-07,11544,555681,5357,306325,4485,230640,1702,18716,4909,116406,6613,228340,6591,344746,California
San Mateo,2021-04-08,10272,565953,5113,311438,2540,233180,2619,21335,4549,117850,5702,234042,7146,351892,California
San Mateo,2021-04-09,11462,577415,5584,317022,3378,236558,2500,23835,5143,119164,6314,240356,7628,359520,California
San Mateo,2021-04-10,11332,588747,5753,322775,4129,240687,1450,25285,4693,118684,6606,246962,6126,365646,California
San Mateo,2021-04-11,6661,595408,3308,326083,881,241568,2472,27757,2325,119138,4329,251291,4783,370429,California
San Mateo,2021-04-12,7435,602843,4531,330614,1929,243497,975,28732,3579,119851,3834,255125,4547,374976,California
San Mateo,2021-04-13,8310,611153,5168,335782,3131,246628,11,28743,4385,120339,3910,259035,4398,379374,California
San Mateo,2021-04-14,8445,619598,5448,341230,2996,249624,1,28744,4308,120537,4119,263154,4317,383691,California
San Mateo,2021-04-15,11300,630898,7496,348726,3802,253426,2,28746,7355,123981,3915,267069,7359,391050,California
San Mateo,2021-04-16,10161,641059,6972,355698,3172,256598,17,28763,6413,126695,3722,270791,6436,397486,California
San Mateo,2021-04-17,9867,650926,6570,362268,3295,259893,2,28765,6232,129314,3623,274414,6242,403728,California
San Mateo,2021-04-18,5736,656662,2870,365138,2866,262759,0,28765,3848,131295,1873,276287,3854,407582,California
San Mateo,2021-04-19,8542,665204,5549,370687,2993,265752,0,28765,5543,133868,2983,279270,5556,413138,California
San Mateo,2021-04-20,10869,676073,6220,376907,4648,270400,1,28766,6950,136937,3894,283164,6963,420101,California
San Mateo,2021-04-21,9919,685992,6891,383798,3026,273426,2,28768,6142,139334,3753,286917,6150,426251,California
San Mateo,2021-04-22,10199,696191,6928,390726,3269,276695,2,28770,5694,140565,4469,291386,5700,431951,California
San Mateo,2021-04-23,10012,706203,6714,397440,3298,279993,0,28770,5614,141830,4367,295753,5632,437583,California
San Mateo,2021-04-24,11308,717511,8066,405506,3242,283235,0,28770,5822,142202,5460,301213,5832,443415,California
San Mateo,2021-04-25,5572,723083,3889,409395,1681,284916,2,28772,3954,144568,1602,302815,3968,447383,California
San Mateo,2021-04-26,6927,730010,5030,414425,1889,286805,8,28780,4003,145681,2909,305724,4022,451405,California
San Mateo,2021-04-27,11617,741627,8202,422627,3260,290065,155,28935,4759,143783,6823,312547,4925,456330,California
San Mateo,2021-04-28,8221,749848,4787,427414,3228,293293,206,29141,4385,144563,3818,316365,4598,460928,California
San Mateo,2021-04-29,8452,758300,4075,431489,4205,297498,172,29313,3835,144000,4586,320951,4023,464951,California
San Mateo,2021-04-30,8482,766782,5371,436860,2952,300450,159,29472,3634,142993,4819,325770,3812,468763,California
San Mateo,2021-05-01,6236,773018,4164,441024,1954,302404,118,29590,2694,142297,3521,329291,2825,471588,California
San Mateo,2021-05-02,3199,776217,1754,442778,1374,303778,71,29661,1156,141497,2032,331323,1232,472820,California
San Mateo,2021-05-03,6093,782310,4537,447315,1410,305188,146,29807,1849,139260,4233,335556,1996,474816,California
San Mateo,2021-05-04,7682,789992,5311,452626,2199,307387,172,29979,2548,136880,5119,340675,2739,477555,California
San Mateo,2021-05-05,7189,797181,4775,457401,2252,309639,162,30141,2452,134788,4706,345381,2614,480169,California
San Mateo,2021-05-06,8938,806119,7046,464447,1716,311355,176,30317,1792,129637,7124,352505,1973,482142,California
San Mateo,2021-05-07,8422,814541,6072,470519,2066,313421,284,30601,1866,125271,6530,359035,2164,484306,California
San Mateo,2021-05-08,7019,821560,4383,474902,2395,315816,241,30842,1926,122363,5079,364114,2171,486477,California
San Mateo,2021-05-09,3153,824713,2458,477360,621,316437,74,30916,943,121182,2199,366313,1018,487495,California
San Mateo,2021-05-10,4850,829563,3499,480859,1181,317618,170,31086,738,117998,4101,370414,917,488412,California
San Mateo,2021-05-11,7317,836880,5555,486414,1634,319252,128,31214,1720,114273,5576,375990,1851,490263,California
San Mateo,2021-05-12,7121,844001,5145,491559,1760,321012,216,31430,1432,110249,5674,381664,1650,491913,California
San Mateo,2021-05-13,9759,853760,7345,498904,2317,323329,97,31527,3417,107468,6309,387973,3528,495441,California
San Mateo,2021-05-14,8608,862368,6358,505262,2134,325463,116,31643,2588,104178,6000,393973,2710,498151,California
San Mateo,2021-05-15,10651,873019,8346,513608,2203,327666,102,31745,4713,103093,5921,399894,4836,502987,California
San Mateo,2021-05-16,7296,880315,5214,518822,2011,329677,71,31816,2284,100457,4991,404885,2355,505342,California
San Mateo,2021-05-17,7225,887540,5126,523948,1990,331667,109,31925,2137,97638,5070,409955,2251,507593,California
San Mateo,2021-05-18,8564,896104,5927,529875,2539,334206,98,32023,3064,95429,5377,415332,3168,510761,California
San Mateo,2021-05-19,7968,904072,5923,535798,1924,336130,121,32144,3577,94788,4342,419674,3701,514462,California
San Mateo,2021-05-20,5786,909858,3608,539406,2044,338174,134,32278,2182,93529,3578,423252,2319,516781,California
San Mateo,2021-05-21,7021,916879,4773,544179,2103,340277,145,32423,1867,90408,5133,428385,2012,518793,California
San Mateo,2021-05-22,6371,923250,4338,548517,1966,342243,67,32490,2645,89415,3707,432092,2714,521507,California
San Mateo,2021-05-23,3117,926367,1774,550291,1254,343497,89,32579,1194,88788,1910,434002,1283,522790,California
San Mateo,2021-05-24,3677,930044,2452,552743,1076,344573,149,32728,1224,87729,2430,436432,1371,524161,California
San Mateo,2021-05-25,4792,934836,3019,555762,1594,346167,179,32907,1577,86296,3192,439624,1759,525920,California
San Mateo,2021-05-26,5728,940564,3081,558843,2528,348695,119,33026,1784,84278,3921,443545,1903,527823,California
San Mateo,2021-05-27,3785,944349,2208,561051,1477,350172,100,33126,1200,83018,2556,446101,1296,529119,California
San Mateo,2021-05-28,3508,947857,2193,563244,1230,351402,85,33211,1297,82230,2169,448270,1381,530500,California
San Mateo,2021-05-29,3239,951096,2286,565530,901,352303,52,33263,1238,81548,1971,450241,1289,531789,California
San Mateo,2021-05-30,1645,952741,1112,566642,472,352775,61,33324,646,81267,988,451229,707,532496,California
San Mateo,2021-05-31,438,953179,275,566917,155,352930,8,33332,160,81160,275,451504,168,532664,California
San Mateo,2021-06-01,3341,956520,1973,568890,1273,354203,95,33427,957,79841,2370,453874,1051,533715,California
San Mateo,2021-06-02,2769,959289,1838,570728,853,355056,78,33505,1054,79273,1698,455572,1130,534845,California
San Mateo,2021-06-03,3822,963111,3001,573729,706,355762,115,33620,822,77221,2985,458557,933,535778,California
San Mateo,2021-06-04,4132,967243,3180,576909,858,356620,94,33714,1116,75423,2995,461552,1197,536975,California
San Mateo,2021-06-05,5159,972402,4506,581415,553,357173,100,33814,955,72305,4173,465725,1055,538030,California
San Mateo,2021-06-06,2534,974936,2088,583503,384,357557,62,33876,483,70818,2028,467753,541,538571,California
San Mateo,2021-06-07,3115,978051,2613,586116,419,357976,83,33959,696,69184,2411,470164,777,539348,California
San Mateo,2021-06-08,4089,982140,3455,589571,528,358504,106,34065,970,67177,3084,473248,1077,540425,California
San Mateo,2021-06-09,4144,986284,3569,593140,505,359009,70,34135,618,64349,3513,476761,685,541110,California
San Mateo,2021-06-10,2970,989254,2406,595546,449,359458,115,34250,748,63006,2206,478967,863,541973,California
San Mateo,2021-06-11,2862,992116,2297,597843,452,359910,113,34363,921,62109,1930,480897,1033,543006,California
San Mateo,2021-06-12,3145,995261,2802,600645,262,360172,81,34444,764,60587,2367,483264,845,543851,California
San Mateo,2021-06-13,1437,996698,1081,601726,293,360465,63,34507,344,59919,1075,484339,407,544258,California
San Mateo,2021-06-14,2442,999140,2110,603836,249,360714,83,34590,697,58987,1712,486051,780,545038,California
San Mateo,2021-06-15,2261,1001401,1793,605629,347,361061,121,34711,672,58208,1571,487622,792,545830,California
San Mateo,2021-06-16,2447,1003848,2028,607657,262,361323,157,34868,671,57301,1733,489355,826,546656,California
San Mateo,2021-06-17,1950,1005798,1612,609269,249,361572,89,34957,684,56861,1214,490569,774,547430,California
San Mateo,2021-06-18,2115,1007913,1773,611042,265,361837,77,35034,610,56060,1485,492054,684,548114,California
San Mateo,2021-06-19,1783,1009696,1562,612604,163,362000,58,35092,590,55585,1121,493175,646,548760,California
San Mateo,2021-06-20,766,1010462,697,613301,58,362058,11,35103,288,55439,445,493620,299,549059,California
San Mateo,2021-06-21,1247,1011709,932,614233,240,362298,75,35178,581,55457,660,494280,678,549737,California
San Mateo,2021-06-22,1592,1013301,1288,615521,208,362506,96,35274,594,55165,981,495261,689,550426,California
San Mateo,2021-06-23,1843,1015144,1563,617084,177,362683,103,35377,615,54687,1196,496457,718,551144,California
San Mateo,2021-06-24,1456,1016600,1081,618165,274,362957,101,35478,525,54401,909,497366,623,551767,California
San Mateo,2021-06-25,1775,1018375,1474,619639,223,363180,78,35556,654,54025,1108,498474,732,552499,California
San Mateo,2021-06-26,1236,1019611,1040,620679,138,363318,58,35614,490,53842,730,499204,547,553046,California
San Mateo,2021-06-27,651,1020262,528,621207,77,363395,46,35660,286,53810,364,499568,332,553378,California
San Mateo,2021-06-28,1242,1021504,1060,622267,106,363501,76,35736,485,53626,744,500312,560,553938,California
San Mateo,2021-06-29,1429,1022933,1150,623417,196,363697,83,35819,487,53259,933,501245,566,554504,California
San Mateo,2021-06-30,1263,1024196,1035,624452,128,363825,100,35919,563,53233,688,501933,662,555166,California
San Mateo,2021-07-01,1210,1025406,1028,625480,123,363948,59,35978,488,53080,700,502633,547,555713,California
San Mateo,2021-07-02,1466,1026872,1221,626701,170,364118,75,36053,557,52814,898,503531,632,556345,California
San Mateo,2021-07-03,1058,1027930,904,627605,112,364230,42,36095,418,52646,626,504157,458,556803,California
San Mateo,2021-07-04,50,1027980,44,627649,0,364230,6,36101,24,52651,25,504182,30,556833,California
San Mateo,2021-07-05,812,1028792,682,628331,103,364333,27,36128,351,52571,455,504637,375,557208,California
San Mateo,2021-07-06,1343,1030135,1112,629443,147,364480,84,36212,545,52410,787,505424,626,557834,California
San Mateo,2021-07-07,1100,1031235,891,630334,132,364612,77,36289,410,52217,680,506104,487,558321,California
San Mateo,2021-07-08,1148,1032383,931,631265,153,364765,64,36353,377,51892,765,506869,440,558761,California
San Mateo,2021-07-09,1141,1033524,910,632175,159,364924,72,36425,525,51881,605,507474,594,559355,California
San Mateo,2021-07-10,760,1034284,607,632782,106,365030,47,36472,301,51775,452,507926,346,559701,California
San Mateo,2021-07-11,469,1034753,375,633157,60,365090,34,36506,209,51768,250,508176,243,559944,California
San Mateo,2021-07-12,790,1035543,658,633815,99,365189,33,36539,257,51528,530,508706,290,560234,California
Santa Barbara,2020-12-15,2,2,2,2,0,0,0,0,2,2,0,0,2,2,California
Santa Barbara,2020-12-16,2,4,2,4,0,0,0,0,2,4,0,0,2,4,California
Santa Barbara,2020-12-17,56,60,56,60,0,0,0,0,56,60,0,0,56,60,California
Santa Barbara,2020-12-18,383,443,382,442,1,1,0,0,383,443,0,0,383,443,California
Santa Barbara,2020-12-19,326,769,326,768,0,1,0,0,326,769,0,0,326,769,California
Santa Barbara,2020-12-20,235,1004,235,1003,0,1,0,0,235,1004,0,0,235,1004,California
Santa Barbara,2020-12-21,657,1661,655,1658,2,3,0,0,657,1661,0,0,657,1661,California
Santa Barbara,2020-12-22,246,1907,244,1902,2,5,0,0,246,1907,0,0,246,1907,California
Santa Barbara,2020-12-23,326,2233,208,2110,118,123,0,0,326,2233,0,0,326,2233,California
Santa Barbara,2020-12-24,88,2321,40,2150,48,171,0,0,88,2321,0,0,88,2321,California
Santa Barbara,2020-12-26,326,2647,67,2217,259,430,0,0,326,2647,0,0,326,2647,California
Santa Barbara,2020-12-27,62,2709,1,2218,61,491,0,0,62,2709,0,0,62,2709,California
Santa Barbara,2020-12-28,359,3068,226,2444,133,624,0,0,359,3068,0,0,359,3068,California
Santa Barbara,2020-12-29,562,3630,359,2803,203,827,0,0,562,3630,0,0,562,3630,California
Santa Barbara,2020-12-30,579,4209,396,3199,183,1010,0,0,579,4209,0,0,579,4209,California
Santa Barbara,2020-12-31,242,4451,114,3313,128,1138,0,0,242,4451,0,0,242,4451,California
Santa Barbara,2021-01-01,118,4569,112,3425,6,1144,0,0,118,4569,0,0,118,4569,California
Santa Barbara,2021-01-02,598,5167,232,3657,366,1510,0,0,598,5167,0,0,598,5167,California
Santa Barbara,2021-01-03,23,5190,15,3672,8,1518,0,0,23,5190,0,0,23,5190,California
Santa Barbara,2021-01-04,305,5495,242,3914,63,1581,0,0,304,5494,0,0,304,5494,California
Santa Barbara,2021-01-05,757,6252,382,4296,375,1956,0,0,729,6195,28,28,729,6223,California
Santa Barbara,2021-01-06,659,6911,277,4573,382,2338,0,0,597,6731,61,89,597,6820,California
Santa Barbara,2021-01-07,1031,7942,708,5281,323,2661,0,0,527,6758,500,589,527,7347,California
Santa Barbara,2021-01-08,1207,9149,849,6130,358,3019,0,0,713,6977,494,1083,713,8060,California
Santa Barbara,2021-01-09,562,9711,293,6423,269,3288,0,0,316,7047,246,1329,316,8376,California
Santa Barbara,2021-01-10,64,9775,51,6474,13,3301,0,0,47,7077,17,1346,47,8423,California
Santa Barbara,2021-01-11,850,10625,680,7154,170,3471,0,0,620,7468,229,1575,620,9043,California
Santa Barbara,2021-01-12,1441,12066,645,7799,796,4267,0,0,1281,8589,160,1735,1281,10324,California
Santa Barbara,2021-01-13,1223,13289,270,8069,953,5220,0,0,1096,9558,127,1862,1096,11420,California
Santa Barbara,2021-01-14,1261,14550,140,8209,1121,6341,0,0,1205,10709,55,1917,1206,12626,California
Santa Barbara,2021-01-15,1805,16355,419,8628,1386,7727,0,0,1722,12350,81,1998,1722,14348,California
Santa Barbara,2021-01-16,1277,17632,203,8831,1074,8801,0,0,1237,13548,39,2037,1237,15585,California
Santa Barbara,2021-01-17,126,17758,23,8854,103,8904,0,0,123,13668,3,2040,123,15708,California
Santa Barbara,2021-01-18,1150,18908,419,9273,731,9635,0,0,964,14446,186,2226,964,16672,California
Santa Barbara,2021-01-19,1653,20561,569,9842,1084,10719,0,0,1372,15540,278,2504,1372,18044,California
Santa Barbara,2021-01-20,2228,22789,658,10500,1570,12289,0,0,1804,16921,423,2927,1804,19848,California
Santa Barbara,2021-01-21,3201,25990,1920,12420,1281,13570,0,0,3038,19799,162,3089,3040,22888,California
Santa Barbara,2021-01-22,2950,28940,1793,14213,1157,14727,0,0,2778,22409,169,3258,2779,25667,California
Santa Barbara,2021-01-23,1740,30680,1107,15320,633,15360,0,0,1225,23120,514,3772,1225,26892,California
Santa Barbara,2021-01-24,845,31525,748,16068,97,15457,0,0,834,23944,10,3782,834,27726,California
Santa Barbara,2021-01-25,1241,32766,493,16561,748,16205,0,0,1005,24713,236,4018,1005,28731,California
Santa Barbara,2021-01-26,2051,34817,467,17028,1584,17789,0,0,1666,25996,383,4401,1666,30397,California
Santa Barbara,2021-01-27,1171,35988,398,17426,773,18562,0,0,908,26644,262,4663,910,31307,California
Santa Barbara,2021-01-28,901,36889,295,17721,606,19168,0,0,686,27119,211,4874,686,31993,California
Santa Barbara,2021-01-29,1348,38237,528,18249,820,19988,0,0,983,27743,361,5235,985,32978,California
Santa Barbara,2021-01-30,1903,40140,1415,19664,488,20476,0,0,1485,28813,415,5650,1485,34463,California
Santa Barbara,2021-01-31,1454,41594,1213,20877,241,20717,0,0,1415,30189,39,5689,1415,35878,California
Santa Barbara,2021-02-01,949,42543,518,21395,431,21148,0,0,550,30340,399,6088,550,36428,California
Santa Barbara,2021-02-02,1813,44356,682,22077,1131,22279,0,0,1047,30623,764,6852,1047,37475,California
Santa Barbara,2021-02-03,1964,46320,1080,23157,884,23163,0,0,1512,31694,441,7293,1512,38987,California
Santa Barbara,2021-02-04,2803,49123,1875,25032,928,24091,0,0,2503,33903,294,7587,2503,41490,California
Santa Barbara,2021-02-05,2928,52051,2077,27109,851,24942,0,0,2279,35536,646,8233,2279,43769,California
Santa Barbara,2021-02-06,1209,53260,341,27450,868,25810,0,0,798,35923,411,8644,798,44567,California
Santa Barbara,2021-02-07,311,53571,268,27718,43,25853,0,0,272,36158,37,8681,272,44839,California
Santa Barbara,2021-02-08,954,54525,309,28027,645,26498,0,0,664,36532,290,8971,664,45503,California
Santa Barbara,2021-02-09,2451,56976,316,28343,2135,28633,0,0,1122,36336,1318,10289,1122,46625,California
Santa Barbara,2021-02-10,2779,59755,1501,29844,1278,29911,0,0,745,35062,2020,12309,746,47371,California
Santa Barbara,2021-02-11,4211,63966,2820,32664,1391,31302,0,0,631,32127,3566,15875,631,48002,California
Santa Barbara,2021-02-12,3321,67287,949,33613,2372,33674,0,0,771,30354,2544,18419,771,48773,California
Santa Barbara,2021-02-13,1244,68531,345,33958,899,34573,0,0,564,30240,678,19097,564,49337,California
Santa Barbara,2021-02-14,336,68867,37,33995,299,34872,0,0,289,30483,47,19144,290,49627,California
Santa Barbara,2021-02-15,981,69848,348,34343,633,35505,0,0,496,30498,482,19626,497,50124,California
Santa Barbara,2021-02-16,2132,71980,407,34750,1725,37230,0,0,722,29815,1405,21031,722,50846,California
Santa Barbara,2021-02-17,1455,73435,330,35080,1125,38355,0,0,522,29412,928,21959,525,51371,California
Santa Barbara,2021-02-18,3285,76720,2677,37757,608,38963,0,0,1533,29233,1713,23672,1534,52905,California
Santa Barbara,2021-02-19,3633,80353,2668,40425,965,39928,0,0,2350,30304,1280,24952,2351,55256,California
Santa Barbara,2021-02-20,2336,82689,1531,41956,805,40733,0,0,1759,31497,567,25519,1760,57016,California
Santa Barbara,2021-02-21,145,82834,116,42072,29,40762,0,0,64,31482,79,25598,64,57080,California
Santa Barbara,2021-02-22,985,83819,269,42341,716,41478,0,0,284,31068,698,26296,284,57364,California
Santa Barbara,2021-02-23,3310,87129,1113,43454,2197,43675,0,0,442,28646,2865,29161,443,57807,California
Santa Barbara,2021-02-24,3353,90482,1155,44609,2198,45873,0,0,756,26817,2585,31746,756,58563,California
Santa Barbara,2021-02-25,3597,94079,2014,46623,1583,47456,0,0,1027,25286,2562,34308,1031,59594,California
Santa Barbara,2021-02-26,3744,97823,2218,48841,1526,48982,0,0,2014,25584,1717,36025,2015,61609,California
Santa Barbara,2021-02-27,1552,99375,570,49411,982,49964,0,0,867,25774,681,36706,871,62480,California
Santa Barbara,2021-02-28,1101,100476,225,49636,876,50840,0,0,899,26479,196,36902,901,63381,California
Santa Barbara,2021-03-01,1688,102164,506,50142,1180,52020,2,2,1125,27061,546,37448,1128,64509,California
Santa Barbara,2021-03-02,2678,104842,431,50573,2247,54267,0,2,2168,28734,497,37945,2170,66679,California
Santa Barbara,2021-03-03,4649,109491,2106,52679,2541,56808,2,4,4044,32191,594,38539,4051,70730,California
Santa Barbara,2021-03-04,3445,112936,2290,54969,1155,57963,0,4,2874,34505,562,39101,2876,73606,California
Santa Barbara,2021-03-05,3830,116766,2170,57139,1601,59564,59,63,3099,36939,725,39826,3159,76765,California
Santa Barbara,2021-03-06,2447,119213,733,57872,1494,61058,220,283,1680,38073,762,40588,1896,78661,California
Santa Barbara,2021-03-07,705,119918,125,57997,338,61396,242,525,405,38423,299,40887,649,79310,California
Santa Barbara,2021-03-08,1614,121532,384,58381,869,62265,361,886,804,38784,803,41690,1164,80474,California
Santa Barbara,2021-03-09,2803,124335,348,58729,1682,63947,773,1659,744,38240,2055,43745,1511,81985,California
Santa Barbara,2021-03-10,2773,127108,555,59284,1169,65116,1049,2708,1049,38614,1719,45464,2093,84078,California
Santa Barbara,2021-03-11,5587,132695,3029,62313,1443,66559,1115,3823,2275,38703,3293,48757,3382,87460,California
Santa Barbara,2021-03-12,3713,136408,2114,64427,1164,67723,435,4258,2182,39794,1523,50280,2614,90074,California
Santa Barbara,2021-03-13,3513,139921,1948,66375,1359,69082,206,4464,2701,41894,807,51087,2907,92981,California
Santa Barbara,2021-03-14,828,140749,405,66780,365,69447,58,4522,501,42128,326,51413,560,93541,California
Santa Barbara,2021-03-15,2123,142872,702,67482,1129,70576,292,4814,1273,42849,842,52255,1563,95104,California
Santa Barbara,2021-03-16,3732,146604,1180,68662,2209,72785,343,5157,2732,44930,995,53250,3076,98180,California
Santa Barbara,2021-03-17,3334,149938,983,69645,1946,74731,405,5562,2337,46673,994,54244,2737,100917,California
Santa Barbara,2021-03-18,5275,155213,2803,72448,2269,77000,203,5765,4035,49688,1223,55467,4238,105155,California
Santa Barbara,2021-03-19,4482,159695,2774,75222,1373,78373,335,6100,3054,51653,1423,56890,3388,108543,California
Santa Barbara,2021-03-20,2232,161927,843,76065,1366,79739,23,6123,1366,52182,862,57752,1391,109934,California
Santa Barbara,2021-03-21,1182,163109,385,76450,767,80506,30,6153,851,52737,327,58079,882,110816,California
Santa Barbara,2021-03-22,2794,165903,1924,78374,825,81331,45,6198,2215,54428,569,58648,2260,113076,California
Santa Barbara,2021-03-23,4467,170370,2254,80628,2111,83442,102,6300,3686,57442,771,59419,3785,116861,California
Santa Barbara,2021-03-24,5442,175812,3155,83783,1524,84966,763,7063,2967,58714,2452,61871,3724,120585,California
Santa Barbara,2021-03-25,5573,181385,3272,87055,2102,87068,199,7262,2777,58912,2778,64649,2976,123561,California
Santa Barbara,2021-03-26,5104,186489,3230,90285,1568,88636,306,7568,2214,58561,2871,67520,2520,126081,California
Santa Barbara,2021-03-27,2974,189463,1226,91511,1705,90341,43,7611,1625,58882,1345,68865,1666,127747,California
Santa Barbara,2021-03-28,2792,192255,1660,93171,1104,91445,28,7639,1902,59927,886,69751,1931,129678,California
Santa Barbara,2021-03-29,4048,196303,2085,95256,1891,93336,72,7711,3227,62409,817,70568,3299,132977,California
Santa Barbara,2021-03-30,6800,203103,3513,98769,3136,96472,151,7862,4525,64822,2260,72828,4673,137650,California
Santa Barbara,2021-03-31,8668,211771,5521,104290,3079,99551,68,7930,5009,66262,3637,76465,5077,142727,California
Santa Barbara,2021-04-01,7064,218835,5215,109505,1588,101139,261,8191,4168,67821,2870,79335,4429,147156,California
Santa Barbara,2021-04-02,6654,225489,4559,114064,1500,102639,595,8786,3416,68603,3228,82563,4010,151166,California
Santa Barbara,2021-04-03,3823,229312,2115,116179,1636,104275,72,8858,2522,69900,1294,83857,2591,153757,California
Santa Barbara,2021-04-04,909,230221,449,116628,419,104694,41,8899,499,70032,408,84265,540,154297,California
Santa Barbara,2021-04-05,3496,233717,2302,118930,929,105623,265,9164,2177,71165,1309,85574,2442,156739,California
Santa Barbara,2021-04-06,5506,239223,2842,121772,2111,107734,553,9717,3358,72943,2128,87702,3906,160645,California
Santa Barbara,2021-04-07,6027,245250,3288,125060,2195,109929,544,10261,4084,75635,1933,89635,4625,165270,California
Santa Barbara,2021-04-08,7432,252682,5048,130108,654,110583,1730,11991,3426,76790,3997,93632,5152,170422,California
Santa Barbara,2021-04-09,7345,260027,4888,134996,1095,111678,1362,13353,3305,77421,4029,97661,4660,175082,California
Santa Barbara,2021-04-10,6708,266735,4647,139643,1445,113123,616,13969,4557,80449,2142,99803,5170,180252,California
Santa Barbara,2021-04-11,2681,269416,1962,141605,415,113538,304,14273,1854,81780,821,100624,2152,182404,California
Santa Barbara,2021-04-12,4433,273849,2846,144451,1030,114568,557,14830,1915,81742,2509,103133,2471,184875,California
Santa Barbara,2021-04-13,6386,280235,4190,148641,2190,116758,6,14836,2660,80686,3721,106854,2665,187540,California
Santa Barbara,2021-04-14,6810,287045,4420,153061,2388,119146,2,14838,4242,82374,2557,109411,4245,191785,California
Santa Barbara,2021-04-15,7014,294059,4110,157171,2903,122049,1,14839,3774,82922,3228,112639,3776,195561,California
Santa Barbara,2021-04-16,6433,300492,3776,160947,2646,124695,11,14850,4428,85377,1983,114622,4438,199999,California
Santa Barbara,2021-04-17,5356,305848,3879,164826,1477,126172,0,14850,4095,88226,1246,115868,4095,204094,California
Santa Barbara,2021-04-18,2197,308045,1534,166360,663,126835,0,14850,383,86804,1806,117674,384,204478,California
Santa Barbara,2021-04-19,3282,311327,2263,168623,1013,127848,6,14856,1035,85607,2239,119913,1042,205520,California
Santa Barbara,2021-04-20,5969,317296,4000,172623,1968,129816,1,14857,1687,83029,4265,124178,1687,207207,California
Santa Barbara,2021-04-21,5580,322876,3691,176314,1889,131705,0,14857,1785,81040,3776,127954,1787,208994,California
Santa Barbara,2021-04-22,5148,328024,2598,178912,2549,134254,1,14858,1480,78874,3649,131603,1483,210477,California
Santa Barbara,2021-04-23,5624,333648,3891,182803,1733,135987,0,14858,1988,77241,3621,135224,1988,212465,California
Santa Barbara,2021-04-24,4426,338074,2877,185680,1544,137531,5,14863,1630,76101,2776,138000,1636,214101,California
Santa Barbara,2021-04-25,1849,339923,1185,186865,664,138195,0,14863,499,75260,1340,139340,499,214600,California
Santa Barbara,2021-04-26,3258,343181,1991,188856,1246,139441,21,14884,560,73153,2689,142029,582,215182,California
Santa Barbara,2021-04-27,3995,347176,2198,191054,1695,141136,102,14986,1178,71627,2806,144835,1280,216462,California
Santa Barbara,2021-04-28,4920,352096,2872,193926,1933,143069,115,15101,1398,69639,3505,148340,1517,217979,California
Santa Barbara,2021-04-29,5278,357374,3820,197746,1232,144301,226,15327,1438,67480,3822,152162,1663,219642,California
Santa Barbara,2021-04-30,4973,362347,3717,201463,1092,145393,164,15491,1413,65516,3540,155702,1576,221218,California
Santa Barbara,2021-05-01,5236,367583,4041,205504,1162,146555,33,15524,891,62111,4331,160033,926,222144,California
Santa Barbara,2021-05-02,1131,368714,668,206172,335,146890,128,15652,304,61718,825,160858,432,222576,California
Santa Barbara,2021-05-03,2203,370917,1474,207646,591,147481,138,15790,441,60539,1755,162613,576,223152,California
Santa Barbara,2021-05-04,3319,374236,1695,209341,1552,149033,72,15862,1149,59604,2155,164768,1220,224372,California
Santa Barbara,2021-05-05,5455,379691,3681,213022,1626,150659,148,16010,634,55581,4806,169574,783,225155,California
Santa Barbara,2021-05-06,5081,384772,3929,216951,1047,151706,105,16115,973,52568,4091,173665,1078,226233,California
Santa Barbara,2021-05-07,4660,389432,3641,220592,839,152545,180,16295,997,50095,3647,177312,1174,227407,California
Santa Barbara,2021-05-08,4306,393738,3191,223783,1017,153562,98,16393,908,47716,3386,180698,1007,228414,California
Santa Barbara,2021-05-09,699,394437,109,223892,550,154112,40,16433,461,47982,236,180934,502,228916,California
Santa Barbara,2021-05-10,1363,395800,660,224552,619,154731,84,16517,376,47457,984,181918,459,229375,California
Santa Barbara,2021-05-11,1935,397735,837,225389,802,155533,296,16813,445,46715,1480,183398,738,230113,California
Santa Barbara,2021-05-12,2086,399821,744,226133,1118,156651,224,17037,525,45917,1547,184945,749,230862,California
Santa Barbara,2021-05-13,3899,403720,2788,228921,913,157564,198,17235,1236,44701,2649,187594,1433,232295,California
Santa Barbara,2021-05-14,4159,407879,2525,231446,1540,159104,94,17329,1622,43894,2522,190116,1715,234010,California
Santa Barbara,2021-05-15,3518,411397,2559,234005,940,160044,19,17348,1842,44092,1664,191780,1862,235872,California
Santa Barbara,2021-05-16,1140,412537,522,234527,503,160547,115,17463,530,44132,605,192385,645,236517,California
Santa Barbara,2021-05-17,1640,414177,936,235463,641,161188,63,17526,862,44283,773,193158,924,237441,California
Santa Barbara,2021-05-18,1861,416038,1164,236627,603,161791,94,17620,977,44488,867,194025,1072,238513,California
Santa Barbara,2021-05-19,1771,417809,974,237601,757,162548,40,17660,808,44381,954,194979,847,239360,California
Santa Barbara,2021-05-20,1751,419560,952,238553,680,163228,119,17779,876,44516,861,195840,996,240356,California
Santa Barbara,2021-05-21,3463,423023,2342,240895,1067,164295,54,17833,1257,43637,2191,198031,1312,241668,California
Santa Barbara,2021-05-22,2468,425491,1708,242603,716,165011,44,17877,1399,44019,1062,199093,1444,243112,California
Santa Barbara,2021-05-23,773,426264,347,242950,396,165407,30,17907,423,44123,349,199442,453,243565,California
Santa Barbara,2021-05-24,1007,427271,588,243538,356,165763,63,17970,483,44151,518,199960,546,244111,California
Santa Barbara,2021-05-25,1402,428673,566,244104,767,166530,69,18039,460,43744,936,200896,529,244640,California
Santa Barbara,2021-05-26,3014,431687,1711,245815,1180,167710,123,18162,838,42542,2161,203057,959,245599,California
Santa Barbara,2021-05-27,1952,433639,1210,247025,600,168310,142,18304,824,42388,1121,204178,967,246566,California
Santa Barbara,2021-05-28,1507,435146,699,247724,656,168966,152,18456,614,42265,889,205067,766,247332,California
Santa Barbara,2021-05-29,906,436052,321,248045,548,169514,37,18493,366,42131,537,205604,403,247735,California
Santa Barbara,2021-05-30,509,436561,180,248225,230,169744,99,18592,184,42090,323,205927,282,248017,California
Santa Barbara,2021-05-31,95,436656,42,248267,43,169787,10,18602,22,42049,72,205999,31,248048,California
Santa Barbara,2021-06-01,1133,437789,592,248859,483,170270,58,18660,441,41862,686,206685,499,248547,California
Santa Barbara,2021-06-02,984,438773,585,249444,316,170586,83,18743,426,41817,553,207238,508,249055,California
Santa Barbara,2021-06-03,2060,440833,1549,250993,454,171040,57,18800,615,41050,1436,208674,669,249724,California
Santa Barbara,2021-06-04,1458,442291,670,251663,648,171688,140,18940,488,40713,961,209635,624,250348,California
Santa Barbara,2021-06-05,2915,445206,2213,253876,650,172338,52,18992,481,38822,2423,212058,532,250880,California
Santa Barbara,2021-06-06,925,446131,487,254363,419,172757,19,19011,232,38383,690,212748,251,251131,California
Santa Barbara,2021-06-07,1170,447301,832,255195,286,173043,52,19063,300,37868,867,213615,352,251483,California
Santa Barbara,2021-06-08,1110,448411,710,255905,368,173411,32,19095,290,37374,815,214430,321,251804,California
Santa Barbara,2021-06-09,1025,449436,698,256603,242,173653,85,19180,317,37072,704,215134,402,252206,California
Santa Barbara,2021-06-10,2390,451826,2074,258677,244,173897,72,19252,521,35799,1865,216999,592,252798,California
Santa Barbara,2021-06-11,1307,453133,606,259283,597,174494,104,19356,389,35380,912,217911,493,253291,California
Santa Barbara,2021-06-12,891,454024,598,259881,270,174764,23,19379,234,34987,649,218560,256,253547,California
Santa Barbara,2021-06-13,490,454514,302,260183,91,174855,97,19476,125,34846,363,218923,222,253769,California
Santa Barbara,2021-06-14,1255,455769,857,261040,322,175177,76,19552,335,34345,912,219835,411,254180,California
Santa Barbara,2021-06-15,1146,456915,755,261795,356,175533,35,19587,397,34036,741,220576,432,254612,California
Santa Barbara,2021-06-16,932,457847,647,262442,238,175771,47,19634,353,33861,573,221149,398,255010,California
Santa Barbara,2021-06-17,1876,459723,1545,263987,242,176013,89,19723,625,33326,1247,222396,712,255722,California
Santa Barbara,2021-06-18,1109,460832,715,264702,295,176308,99,19822,362,33044,743,223139,461,256183,California
Santa Barbara,2021-06-19,540,461372,363,265065,145,176453,32,19854,249,33037,288,223427,281,256464,California
Santa Barbara,2021-06-20,371,461743,212,265277,149,176602,10,19864,154,32984,216,223643,163,256627,California
Santa Barbara,2021-06-21,527,462270,264,265541,210,176812,53,19917,275,33065,247,223890,328,256955,California
Santa Barbara,2021-06-22,765,463035,495,266036,239,177051,31,19948,299,32932,462,224352,329,257284,California
Santa Barbara,2021-06-23,779,463814,564,266600,183,177234,32,19980,332,32854,442,224794,364,257648,California
Santa Barbara,2021-06-24,1354,465168,1146,267746,150,177384,58,20038,579,32721,768,225562,635,258283,California
Santa Barbara,2021-06-25,971,466139,617,268363,292,177676,62,20100,449,32713,518,226080,510,258793,California
Santa Barbara,2021-06-26,508,466647,354,268717,123,177799,31,20131,200,32636,308,226388,231,259024,California
Santa Barbara,2021-06-27,393,467040,257,268974,73,177872,63,20194,187,32684,202,226590,250,259274,California
Santa Barbara,2021-06-28,466,467506,305,269279,127,177999,34,20228,237,32726,229,226819,271,259545,California
Santa Barbara,2021-06-29,559,468065,380,269659,164,178163,15,20243,269,32725,284,227103,283,259828,California
Santa Barbara,2021-06-30,649,468714,461,270120,149,178312,39,20282,314,32751,327,227430,353,260181,California
Santa Barbara,2021-07-01,1063,469777,794,270914,120,178432,149,20431,413,32664,648,228078,561,260742,California
Santa Barbara,2021-07-02,772,470549,513,271427,203,178635,56,20487,376,32702,394,228472,432,261174,California
Santa Barbara,2021-07-03,348,470897,220,271647,118,178753,10,20497,154,32675,190,228662,163,261337,California
Santa Barbara,2021-07-04,25,470922,15,271662,10,178763,0,20497,9,32668,16,228678,9,261346,California
Santa Barbara,2021-07-05,492,471414,317,271979,156,178919,19,20516,221,32638,270,228948,240,261586,California
Santa Barbara,2021-07-06,562,471976,396,272375,126,179045,40,20556,201,32522,357,229305,241,261827,California
Santa Barbara,2021-07-07,586,472562,417,272792,123,179168,46,20602,267,32519,316,229621,313,262140,California
Santa Barbara,2021-07-08,992,473554,850,273642,108,179276,34,20636,429,32422,559,230180,462,262602,California
Santa Barbara,2021-07-09,720,474274,500,274142,164,179440,56,20692,291,32347,420,230600,345,262947,California
Santa Barbara,2021-07-10,421,474695,308,274450,87,179527,26,20718,158,32271,260,230860,184,263131,California
Santa Barbara,2021-07-11,232,474927,175,274625,45,179572,12,20730,92,32236,138,230998,103,263234,California
Santa Barbara,2021-07-12,406,475333,264,274889,128,179700,14,20744,160,32164,246,231244,174,263408,California
Santa Clara,2020-12-15,72,72,72,72,0,0,0,0,72,72,0,0,72,72,California
Santa Clara,2020-12-16,153,225,153,225,0,0,0,0,153,225,0,0,153,225,California
Santa Clara,2020-12-17,409,634,409,634,0,0,0,0,409,634,0,0,409,634,California
Santa Clara,2020-12-18,1759,2393,1758,2392,1,1,0,0,1759,2393,0,0,1759,2393,California
Santa Clara,2020-12-19,2079,4472,2079,4471,0,1,0,0,2078,4471,0,0,2078,4471,California
Santa Clara,2020-12-20,1907,6379,1906,6377,1,2,0,0,1904,6375,0,0,1904,6375,California
Santa Clara,2020-12-21,2676,9055,2676,9053,0,2,0,0,2672,9046,1,1,2672,9047,California
Santa Clara,2020-12-22,3132,12187,3125,12178,7,9,0,0,3127,12171,2,3,3127,12174,California
Santa Clara,2020-12-23,3278,15465,3088,15266,190,199,0,0,3275,15445,1,4,3275,15449,California
Santa Clara,2020-12-24,1894,17359,1702,16968,192,391,0,0,1887,17330,2,6,1887,17336,California
Santa Clara,2020-12-25,349,17708,348,17316,1,392,0,0,349,17679,0,6,349,17685,California
Santa Clara,2020-12-26,1276,18984,1041,18357,235,627,0,0,1275,18954,0,6,1275,18960,California
Santa Clara,2020-12-27,659,19643,516,18873,143,770,0,0,659,19613,0,6,659,19619,California
Santa Clara,2020-12-28,2358,22001,1746,20619,612,1382,0,0,2358,21971,0,6,2358,21977,California
Santa Clara,2020-12-29,2377,24378,1510,22129,867,2249,0,0,2375,24346,0,6,2375,24352,California
Santa Clara,2020-12-30,2998,27376,1898,24027,1100,3349,0,0,2995,27338,3,9,2995,27347,California
Santa Clara,2020-12-31,1239,28615,399,24426,840,4189,0,0,1238,28575,1,10,1238,28585,California
Santa Clara,2021-01-01,156,28771,19,24445,137,4326,0,0,154,28727,2,12,154,28739,California
Santa Clara,2021-01-02,1098,29869,819,25264,279,4605,0,0,1098,29825,0,12,1098,29837,California
Santa Clara,2021-01-03,590,30459,372,25636,218,4823,0,0,585,30407,3,15,585,30422,California
Santa Clara,2021-01-04,2485,32944,1681,27317,804,5627,0,0,2482,32889,0,15,2482,32904,California
Santa Clara,2021-01-05,3111,36055,2042,29359,1069,6696,0,0,2915,35615,195,210,2921,35825,California
Santa Clara,2021-01-06,3369,39424,1995,31354,1374,8070,0,0,2759,37772,605,815,2762,38587,California
Santa Clara,2021-01-07,4242,43666,2578,33932,1664,9734,0,0,3153,39854,1078,1893,3160,41747,California
Santa Clara,2021-01-08,5898,49564,3861,37793,2037,11771,0,0,3776,41518,2112,4005,3776,45523,California
Santa Clara,2021-01-09,3045,52609,1921,39714,1124,12895,0,0,1720,41919,1322,5327,1723,47246,California
Santa Clara,2021-01-10,1972,54581,1522,41236,450,13345,0,0,751,41451,1219,6546,751,47997,California
Santa Clara,2021-01-11,6011,60592,3799,45035,2212,15557,0,0,3410,42270,2598,9144,3417,51414,California
Santa Clara,2021-01-12,6918,67510,3513,48548,3405,18962,0,0,4577,44523,2326,11470,4579,55993,California
Santa Clara,2021-01-13,7475,74985,3142,51690,4333,23295,0,0,5219,47491,2252,13722,5220,61213,California
Santa Clara,2021-01-14,8323,83308,2874,54564,5449,28744,0,0,6521,52220,1794,15516,6523,67736,California
Santa Clara,2021-01-15,9569,92877,2776,57340,6793,35537,0,0,8161,58984,1402,16918,8166,75902,California
Santa Clara,2021-01-16,4364,97241,1260,58600,3104,38641,0,0,3503,61630,857,17775,3503,79405,California
Santa Clara,2021-01-17,3245,100486,619,59219,2626,41267,0,0,2735,63859,506,18281,2735,82140,California
Santa Clara,2021-01-18,5124,105610,1180,60399,3944,45211,0,0,4556,67848,568,18849,4557,86697,California
Santa Clara,2021-01-19,8526,114136,2706,63105,5820,51031,0,0,6820,72969,1702,20551,6823,93520,California
Santa Clara,2021-01-20,8457,122593,4457,67562,4000,55031,0,0,6883,78283,1569,22120,6883,100403,California
Santa Clara,2021-01-21,8929,131522,3952,71514,4977,60008,0,0,7643,84647,1281,23401,7645,108048,California
Santa Clara,2021-01-22,8747,140269,3315,74829,5432,65440,0,0,8163,92233,580,23981,8166,116214,California
Santa Clara,2021-01-23,3808,144077,1687,76516,2121,67561,0,0,2837,94100,971,24952,2838,119052,California
Santa Clara,2021-01-24,2853,146930,1432,77948,1421,68982,0,0,2357,95966,491,25443,2357,121409,California
Santa Clara,2021-01-25,8414,155344,3810,81758,4604,73586,0,0,6322,100206,2084,27527,6324,127733,California
Santa Clara,2021-01-26,8332,163676,3802,85560,4530,78116,0,0,6169,104227,2151,29678,6172,133905,California
Santa Clara,2021-01-27,8820,172496,3889,89449,4931,83047,0,0,6868,109165,1931,31609,6869,140774,California
Santa Clara,2021-01-28,9546,182042,3823,93272,5723,88770,0,0,7542,114729,1983,33592,7547,148321,California
Santa Clara,2021-01-29,9625,191667,3972,97244,5653,94423,0,0,7417,119951,2196,35788,7418,155739,California
Santa Clara,2021-01-30,4219,195886,2099,99343,2120,96543,0,0,2987,121716,1223,37011,2988,158727,California
Santa Clara,2021-01-31,2205,198091,1323,100666,882,97425,0,0,1595,122708,603,37614,1595,160322,California
Santa Clara,2021-02-01,7873,205964,3514,104180,4359,101784,0,0,6147,127146,1711,39325,6149,166471,California
Santa Clara,2021-02-02,8667,214631,2900,107080,5767,107551,0,0,6610,131713,2046,41371,6613,173084,California
Santa Clara,2021-02-03,9277,223908,3483,110563,5794,113345,0,0,6957,136362,2314,43685,6963,180047,California
Santa Clara,2021-02-04,11046,234954,4176,114739,6870,120215,0,0,8708,142748,2326,46011,8712,188759,California
Santa Clara,2021-02-05,12045,246999,4387,119126,7658,127873,0,0,8543,147809,3483,49494,8544,197303,California
Santa Clara,2021-02-06,5236,252235,2842,121968,2394,130267,0,0,4046,150674,1183,50677,4048,201351,California
Santa Clara,2021-02-07,3500,255735,2362,124330,1138,131405,0,0,3040,153258,457,51134,3041,204392,California
Santa Clara,2021-02-08,10113,265848,3556,127886,6557,137962,0,0,7348,157856,2752,53886,7350,211742,California
Santa Clara,2021-02-09,11245,277093,3847,131733,7398,145360,0,0,7709,162049,3520,57406,7713,219455,California
Santa Clara,2021-02-10,12806,289899,4977,136710,7829,153189,0,0,6643,162552,6143,63549,6646,226101,California
Santa Clara,2021-02-11,13654,303553,4790,141500,8864,162053,0,0,7657,164233,5978,69527,7659,233760,California
Santa Clara,2021-02-12,14718,318271,4544,146044,10174,172227,0,0,6993,163530,7698,77225,6995,240755,California
Santa Clara,2021-02-13,6178,324449,1504,147548,4674,176901,0,0,2247,161856,3923,81148,2249,243004,California
Santa Clara,2021-02-14,4658,329107,1165,148713,3493,180394,0,0,1482,160168,3172,84320,1484,244488,California
Santa Clara,2021-02-15,6337,335444,2826,151539,3511,183905,0,0,2735,159313,3591,87911,2736,247224,California
Santa Clara,2021-02-16,13918,349362,4028,155567,9890,193795,0,0,6977,159374,6917,94828,6978,254202,California
Santa Clara,2021-02-17,14175,363537,5562,161129,8613,202408,0,0,7056,159342,7094,101922,7062,261264,California
Santa Clara,2021-02-18,14364,377901,8463,169592,5901,208309,0,0,7310,159651,7005,108927,7314,268578,California
Santa Clara,2021-02-19,15038,392939,9662,179254,5376,213685,0,0,8734,162113,6279,115206,8741,277319,California
Santa Clara,2021-02-20,7088,400027,5310,184564,1778,215463,0,0,3809,162661,3262,118468,3810,281129,California
Santa Clara,2021-02-21,3446,403473,2565,187129,881,216344,0,0,1289,161815,2137,120605,1291,282420,California
Santa Clara,2021-02-22,10846,414319,6475,193604,4371,220715,0,0,5020,161045,5791,126396,5021,287441,California
Santa Clara,2021-02-23,12583,426902,8131,201735,4452,225167,0,0,7096,162686,5459,131855,7100,294541,California
Santa Clara,2021-02-24,14977,441879,9628,211363,5349,230516,0,0,9174,166080,5780,137635,9174,303715,California
Santa Clara,2021-02-25,15686,457565,9994,221357,5692,236208,0,0,8486,167416,7159,144794,8495,312210,California
Santa Clara,2021-02-26,15452,473017,8913,230270,6539,242747,0,0,8371,168763,7031,151825,8378,320588,California
Santa Clara,2021-02-27,8538,481555,5889,236159,2648,245395,1,1,4749,169760,3760,155585,4757,325345,California
Santa Clara,2021-02-28,5412,486967,3695,239854,1716,247111,1,2,2678,169723,2716,158301,2679,328024,California
Santa Clara,2021-03-01,14592,501559,8388,248242,6198,253309,6,8,9036,173236,5529,163830,9042,337066,California
Santa Clara,2021-03-02,16191,517750,9577,257819,6612,259921,2,10,10330,177737,5831,169661,10332,347398,California
Santa Clara,2021-03-03,18721,536471,9265,267084,9452,269373,4,14,11643,182353,7035,176696,11651,359049,California
Santa Clara,2021-03-04,16617,553088,9038,276122,7576,276949,3,17,9658,185155,6862,183558,9664,368713,California
Santa Clara,2021-03-05,16675,569763,9269,285391,7279,284228,127,144,9256,187155,7389,190947,9389,378102,California
Santa Clara,2021-03-06,9469,579232,6336,291727,2683,286911,450,594,7110,192368,2346,193293,7559,385661,California
Santa Clara,2021-03-07,7062,586294,4495,296222,2184,289095,383,977,5514,196727,1533,194826,5892,391553,California
Santa Clara,2021-03-08,12976,599270,6745,302967,5630,294725,601,1578,8306,200976,4653,199479,8902,400455,California
Santa Clara,2021-03-09,15328,614598,6536,309503,7460,302185,1332,2910,6916,200820,8387,207866,8231,408686,California
Santa Clara,2021-03-10,15293,629891,6707,316210,6465,308650,2121,5031,6320,200291,8934,216800,8405,417091,California
Santa Clara,2021-03-11,17158,647049,7797,324007,7853,316503,1508,6539,6075,196814,11041,227841,7564,424655,California
Santa Clara,2021-03-12,17779,664828,9139,333146,7068,323571,1572,8111,5957,192544,11768,239609,7498,432153,California
Santa Clara,2021-03-13,10884,675712,6308,339454,3072,326643,1504,9615,4839,192833,6015,245624,6304,438457,California
Santa Clara,2021-03-14,6548,682260,3406,342860,1837,328480,1305,10920,3170,193928,3358,248982,4453,442910,California
Santa Clara,2021-03-15,12866,695126,6577,349437,6010,334490,279,11199,5917,193207,6916,255898,6195,449105,California
Santa Clara,2021-03-16,18338,713464,10358,359795,7771,342261,209,11408,8747,192603,9556,265454,8952,458057,California
Santa Clara,2021-03-17,20124,733588,11439,371234,8514,350775,171,11579,10258,193220,9805,275259,10422,468479,California
Santa Clara,2021-03-18,19345,752933,9076,380310,9106,359881,1163,12742,8977,193039,10307,285566,10126,478605,California
Santa Clara,2021-03-19,19554,772487,10086,390396,8460,368341,1008,13750,9891,194351,9578,295144,10890,489495,California
Santa Clara,2021-03-20,11616,784103,6406,396802,4378,372719,832,14582,6689,196990,4877,300021,7516,497011,California
Santa Clara,2021-03-21,8379,792482,3848,400650,3133,375852,1398,15980,5348,200703,3014,303035,6727,503738,California
Santa Clara,2021-03-22,16568,809050,9232,409882,6982,382834,354,16334,9147,202815,7385,310420,9497,513235,California
Santa Clara,2021-03-23,19517,828567,12396,422278,6595,389429,526,16860,11207,206286,8256,318676,11727,524962,California
Santa Clara,2021-03-24,22829,851396,14646,436924,7765,397194,418,17278,14630,213179,8152,326828,15045,540007,California
Santa Clara,2021-03-25,23123,874519,13229,450153,8902,406096,992,18270,14804,220716,8239,335067,15776,555783,California
Santa Clara,2021-03-26,22127,896646,14077,464230,7659,413755,391,18661,13569,226155,8511,343578,13950,569733,California
Santa Clara,2021-03-27,15816,912462,10518,474748,4528,418283,770,19431,8471,228096,7295,350873,9236,578969,California
Santa Clara,2021-03-28,12089,924551,8392,483140,2981,421264,716,20147,6475,229693,5586,356459,7183,586152,California
Santa Clara,2021-03-29,20702,945253,12646,495786,7329,428593,727,20874,11188,232131,9465,365924,11903,598055,California
Santa Clara,2021-03-30,25799,971052,15293,511079,8557,437150,1949,22823,16220,240754,9529,375453,18152,616207,California
Santa Clara,2021-03-31,20636,991688,11924,523003,7574,444724,1138,23961,12543,246377,8041,383494,13664,629871,California
Santa Clara,2021-04-01,32045,1023733,19883,542886,9044,453768,3118,27079,20226,257934,11735,395229,23292,653163,California
Santa Clara,2021-04-02,25444,1049177,14402,557288,8814,462582,2228,29307,16588,267917,8804,404033,18787,671950,California
Santa Clara,2021-04-03,15390,1064567,9328,566616,3516,466098,2546,31853,8498,272073,6864,410897,11020,682970,California
Santa Clara,2021-04-04,7669,1072236,4054,570670,2438,468536,1177,33030,3947,273468,3708,414605,5103,688073,California
Santa Clara,2021-04-05,22053,1094289,14636,585306,4906,473442,2511,35541,14383,282705,7630,422235,16867,704940,California
Santa Clara,2021-04-06,29798,1124087,16388,601694,7910,481352,5500,41041,17842,294100,11897,434132,23292,728232,California
Santa Clara,2021-04-07,31069,1155156,16033,617727,8515,489867,6521,47562,18946,307460,12058,446190,25418,753650,California
Santa Clara,2021-04-08,30179,1185335,16459,634186,6070,495937,7650,55212,16425,317804,13670,459860,24014,777664,California
Santa Clara,2021-04-09,28292,1213627,13992,648178,6969,502906,7331,62543,14446,325737,13769,473629,21702,799366,California
Santa Clara,2021-04-10,21666,1235293,12481,660659,3804,506710,5381,67924,11551,332534,10072,483701,16869,816235,California
Santa Clara,2021-04-11,16112,1251405,9652,670311,2665,509375,3795,71719,8332,336889,7740,491441,12095,828330,California
Santa Clara,2021-04-12,27212,1278617,19078,689389,5587,514962,2547,74266,18467,349211,8676,500117,20998,849328,California
Santa Clara,2021-04-13,34676,1313293,27265,716654,7382,522344,29,74295,26695,368058,7900,508017,26747,876075,California
Santa Clara,2021-04-14,37221,1350514,28211,744865,9006,531350,4,74299,26375,383707,10769,518786,26418,902493,California
Santa Clara,2021-04-15,44725,1395239,34602,779467,10117,541467,6,74305,34365,407870,10234,529020,34397,936890,California
Santa Clara,2021-04-16,38930,1434169,26651,806118,12275,553742,4,74309,27819,424695,11025,540045,27850,964740,California
Santa Clara,2021-04-17,22382,1456551,15300,821418,7080,560822,2,74311,15355,433113,6959,547004,15377,980117,California
Santa Clara,2021-04-18,16967,1473518,11159,832577,5808,566630,0,74311,10604,437400,6330,553334,10617,990734,California
Santa Clara,2021-04-19,29330,1502848,21201,853778,8128,574758,1,74312,17556,443297,11695,565029,17592,1008326,California
Santa Clara,2021-04-20,38171,1541019,23520,877298,14649,589407,2,74314,23248,451786,14800,579829,23289,1031615,California
Santa Clara,2021-04-21,38204,1579223,22574,899872,15628,605035,2,74316,25022,463777,13074,592903,25065,1056680,California
Santa Clara,2021-04-22,38004,1617227,25491,925363,12512,617547,1,74317,17895,461749,20000,612903,17972,1074652,California
Santa Clara,2021-04-23,32782,1650009,20163,945526,12618,630165,1,74318,15347,459833,17324,630227,15408,1090060,California
Santa Clara,2021-04-24,21237,1671246,15498,961024,5738,635903,1,74319,12053,462814,9104,639331,12085,1102145,California
Santa Clara,2021-04-25,13608,1684854,9836,970860,3766,639669,6,74325,8684,466648,4880,644211,8714,1110859,California
Santa Clara,2021-04-26,25526,1710380,19717,990577,5749,645418,60,74385,10612,462530,14815,659026,10697,1121556,California
Santa Clara,2021-04-27,28004,1738384,19962,1010539,7654,653072,388,74773,12211,459489,15692,674718,12651,1134207,California
Santa Clara,2021-04-28,26573,1764957,19783,1030322,6351,659423,439,75212,11274,456060,15212,689930,11783,1145990,California
Santa Clara,2021-04-29,24514,1789471,17990,1048312,6122,665545,402,75614,9220,450557,15209,705139,9706,1155696,California
Santa Clara,2021-04-30,23711,1813182,16350,1064662,6991,672536,370,75984,10147,447699,13467,718606,10609,1166305,California
Santa Clara,2021-05-01,17531,1830713,14529,1079191,2736,675272,266,76250,5524,441584,11949,730555,5834,1172139,California
Santa Clara,2021-05-02,11326,1842039,9395,1088586,1697,676969,234,76484,3488,437537,7788,738343,3741,1175880,California
Santa Clara,2021-05-03,22903,1864942,19392,1107978,3076,680045,435,76919,5139,425474,17684,756027,5621,1181501,California
Santa Clara,2021-05-04,31176,1896118,24495,1132473,6137,686182,544,77463,5566,406137,25498,781525,6161,1187662,California
Santa Clara,2021-05-05,32801,1928919,25045,1157518,7213,693395,543,78006,5532,385074,27167,808692,6104,1193766,California
Santa Clara,2021-05-06,35959,1964878,30026,1187544,5459,698854,474,78480,4773,359293,31050,839742,5269,1199035,California
Santa Clara,2021-05-07,32924,1997802,26497,1214041,5937,704791,490,78970,4708,336465,28075,867817,5247,1204282,California
Santa Clara,2021-05-08,17229,2015031,14121,1228162,2680,707471,428,79398,3717,327205,13420,881237,4160,1208442,California
Santa Clara,2021-05-09,10576,2025607,9208,1237370,1182,708653,186,79584,2333,321530,8207,889444,2532,1210974,California
Santa Clara,2021-05-10,21154,2046761,16976,1254346,3773,712426,405,79989,2648,306181,18423,907867,3074,1214048,California
Santa Clara,2021-05-11,22886,2069647,17323,1271669,5118,717544,445,80434,4016,291875,18773,926640,4467,1218515,California
Santa Clara,2021-05-12,21573,2091220,15887,1287556,5160,722704,526,80960,4248,279429,17225,943865,4779,1223294,California
Santa Clara,2021-05-13,28356,2119576,22981,1310537,5073,727777,302,81262,11263,274003,17000,960865,11574,1234868,California
Santa Clara,2021-05-14,27969,2147545,19575,1330112,8004,735781,390,81652,9635,265810,18230,979095,10037,1244905,California
Santa Clara,2021-05-15,21016,2168561,16907,1347019,3828,739609,281,81933,8143,261456,12786,991881,8432,1253337,California
Santa Clara,2021-05-16,16427,2184988,13431,1360450,2821,742430,175,82108,5375,256038,10972,1002853,5554,1258891,California
Santa Clara,2021-05-17,20441,2205429,16088,1376538,3985,746415,368,82476,6865,249772,13500,1016353,7234,1266125,California
Santa Clara,2021-05-18,26197,2231626,16744,1393282,9037,755452,416,82892,7167,238461,18895,1035248,7584,1273709,California
Santa Clara,2021-05-19,24641,2256267,14417,1407699,9799,765251,425,83317,7314,228990,17217,1052465,7746,1281455,California
Santa Clara,2021-05-20,18543,2274810,12204,1419903,5888,771139,451,83768,6100,223182,12355,1064820,6547,1288002,California
Santa Clara,2021-05-21,22343,2297153,14854,1434757,6993,778132,496,84264,7383,216226,14851,1079671,7895,1295897,California
Santa Clara,2021-05-22,13040,2310193,9882,1444639,2800,780932,358,84622,5741,215098,7231,1086902,6103,1302000,California
Santa Clara,2021-05-23,8457,2318650,6297,1450936,1958,782890,202,84824,3423,213734,4991,1091893,3627,1305627,California
Santa Clara,2021-05-24,10917,2329567,7877,1458813,2591,785481,449,85273,3786,210901,7069,1098962,4236,1309863,California
Santa Clara,2021-05-25,11490,2341057,7950,1466763,3122,788603,418,85691,4397,208697,7017,1105979,4813,1314676,California
Santa Clara,2021-05-26,10440,2351497,6772,1473535,3331,791934,337,86028,3964,206624,6368,1112347,4295,1318971,California
Santa Clara,2021-05-27,9420,2360917,6010,1479545,2936,794870,474,86502,3515,204769,5837,1118184,3982,1322953,California
Santa Clara,2021-05-28,10920,2371837,7085,1486630,3405,798275,430,86932,4456,203260,6396,1124580,4887,1327840,California
Santa Clara,2021-05-29,6359,2378196,4335,1490965,1743,800018,281,87213,2710,202641,3606,1128186,2987,1330827,California
Santa Clara,2021-05-30,3877,2382073,2911,1493876,756,800774,210,87423,1837,202678,2009,1130195,2046,1332873,California
Santa Clara,2021-05-31,1099,2383172,629,1494505,361,801135,109,87532,438,202571,654,1130849,547,1333420,California
Santa Clara,2021-06-01,9075,2392247,6378,1500883,2314,803449,383,87915,3010,199971,5992,1136841,3392,1336812,California
Santa Clara,2021-06-02,7718,2399965,5542,1506425,1824,805273,352,88267,2911,198476,4749,1141590,3254,1340066,California
Santa Clara,2021-06-03,12246,2412211,10139,1516564,1740,807013,367,88634,2632,191925,9553,1151143,3002,1343068,California
Santa Clara,2021-06-04,13629,2425840,11411,1527975,1902,808915,316,88950,3284,185246,10272,1161415,3593,1346661,California
Santa Clara,2021-06-05,10521,2436361,9043,1537018,1218,810133,260,89210,2202,179439,8267,1169682,2460,1349121,California
Santa Clara,2021-06-06,6965,2443326,6211,1543229,598,810731,156,89366,1386,175451,5529,1175211,1541,1350662,California
Santa Clara,2021-06-07,9960,2453286,8392,1551621,1323,812054,245,89611,2313,170398,7608,1182819,2555,1353217,California
Santa Clara,2021-06-08,9177,2462463,7496,1559117,1411,813465,270,89881,2451,166449,6667,1189486,2718,1355935,California
Santa Clara,2021-06-09,9552,2472015,7967,1567084,1332,814797,253,90134,2270,161750,7217,1196703,2518,1358453,California
Santa Clara,2021-06-10,8333,2480348,6918,1574002,1084,815881,331,90465,2252,158302,6027,1202730,2579,1361032,California
Santa Clara,2021-06-11,10251,2490599,8704,1582706,1270,817151,277,90742,2528,153438,7670,1210400,2806,1363838,California
Santa Clara,2021-06-12,7195,2497794,5991,1588697,1038,818189,166,90908,1692,149842,5455,1215855,1859,1365697,California
Santa Clara,2021-06-13,3759,2501553,3034,1591731,609,818798,116,91024,868,147962,2864,1218719,984,1366681,California
Santa Clara,2021-06-14,5987,2507540,4841,1596572,913,819711,233,91257,1958,146155,3997,1222716,2190,1368871,California
Santa Clara,2021-06-15,7376,2514916,5972,1602544,1102,820813,302,91559,2079,143292,5246,1227962,2383,1371254,California
Santa Clara,2021-06-16,6379,2521295,5162,1607706,909,821722,308,91867,2090,141452,4238,1232200,2398,1373652,California
Santa Clara,2021-06-17,5366,2526661,4348,1612054,773,822495,245,92112,1835,140066,3462,1235662,2076,1375728,California
Santa Clara,2021-06-18,5462,2532123,4405,1616459,883,823378,174,92286,1802,138462,3579,1239241,1975,1377703,California
Santa Clara,2021-06-19,4529,2536652,3626,1620085,705,824083,198,92484,1286,136744,3202,1242443,1484,1379187,California
Santa Clara,2021-06-20,2148,2538800,1763,1621848,321,824404,64,92548,674,136028,1454,1243897,738,1379925,California
Santa Clara,2021-06-21,3711,2542511,2792,1624640,690,825094,229,92777,1813,136203,1864,1245761,2039,1381964,California
Santa Clara,2021-06-22,5096,2547607,4067,1628707,806,825900,223,93000,1711,134787,3348,1249109,1932,1383896,California
Santa Clara,2021-06-23,4483,2552090,3526,1632233,755,826655,202,93202,1608,133756,2839,1251948,1808,1385704,California
Santa Clara,2021-06-24,4370,2556460,3383,1635616,783,827438,204,93406,1615,132871,2704,1254652,1819,1387523,California
Santa Clara,2021-06-25,5530,2561990,4517,1640133,803,828241,210,93616,1898,131400,3575,1258227,2104,1389627,California
Santa Clara,2021-06-26,3687,2565677,2939,1643072,609,828850,139,93755,1336,130562,2311,1260538,1473,1391100,California
Santa Clara,2021-06-27,1987,2567664,1550,1644622,350,829200,87,93842,683,130041,1290,1261828,769,1391869,California
Santa Clara,2021-06-28,4060,2571724,3427,1648049,407,829607,226,94068,1557,129348,2473,1264301,1780,1393649,California
Santa Clara,2021-06-29,4141,2575865,3225,1651274,734,830341,182,94250,1590,128606,2514,1266815,1772,1395421,California
Santa Clara,2021-06-30,3718,2579583,2916,1654190,631,830972,171,94421,1434,127955,2258,1269073,1607,1397028,California
Santa Clara,2021-07-01,3552,2583135,2819,1657009,539,831511,194,94615,1344,127305,2187,1271260,1537,1398565,California
Santa Clara,2021-07-02,4125,2587260,3339,1660348,623,832134,163,94778,1575,126533,2512,1273772,1740,1400305,California
Santa Clara,2021-07-03,2431,2589691,1900,1662248,421,832555,110,94888,1003,126246,1401,1275173,1114,1401419,California
Santa Clara,2021-07-04,135,2589826,100,1662348,22,832577,13,94901,69,126263,65,1275238,82,1401501,California
Santa Clara,2021-07-05,2368,2592194,1949,1664297,295,832872,124,95025,949,125945,1392,1276630,1074,1402575,California
Santa Clara,2021-07-06,4207,2596401,3273,1667570,773,833645,161,95186,1425,124778,2749,1279379,1582,1404157,California
Santa Clara,2021-07-07,3694,2600095,2874,1670444,640,834285,180,95366,1282,123857,2381,1281760,1460,1405617,California
Santa Clara,2021-07-08,3045,2603140,2359,1672803,544,834829,142,95508,1174,123327,1839,1283599,1309,1406926,California
Santa Clara,2021-07-09,3308,2606448,2597,1675400,592,835421,119,95627,1361,122877,1925,1285524,1475,1408401,California
Santa Clara,2021-07-10,2278,2608726,1748,1677148,443,835864,87,95714,825,122363,1428,1286952,914,1409315,California
Santa Clara,2021-07-11,1242,2609968,965,1678113,250,836114,27,95741,521,122196,715,1287667,548,1409863,California
Santa Clara,2021-07-12,2406,2612374,1744,1679857,500,836614,162,95903,816,121607,1568,1289235,979,1410842,California
Santa Cruz,2020-12-15,2,2,2,2,0,0,0,0,2,2,0,0,2,2,California
Santa Cruz,2020-12-16,57,59,57,59,0,0,0,0,57,59,0,0,57,59,California
Santa Cruz,2020-12-17,389,448,389,448,0,0,0,0,389,448,0,0,389,448,California
Santa Cruz,2020-12-18,465,913,465,913,0,0,0,0,465,913,0,0,465,913,California
Santa Cruz,2020-12-19,184,1097,183,1096,1,1,0,0,184,1097,0,0,184,1097,California
Santa Cruz,2020-12-20,93,1190,93,1189,0,1,0,0,93,1190,0,0,93,1190,California
Santa Cruz,2020-12-21,437,1627,436,1625,1,2,0,0,437,1627,0,0,437,1627,California
Santa Cruz,2020-12-22,422,2049,421,2046,1,3,0,0,422,2049,0,0,422,2049,California
Santa Cruz,2020-12-23,369,2418,325,2371,44,47,0,0,369,2418,0,0,369,2418,California
Santa Cruz,2020-12-24,123,2541,47,2418,76,123,0,0,123,2541,0,0,123,2541,California
Santa Cruz,2020-12-25,9,2550,9,2427,0,123,0,0,9,2550,0,0,9,2550,California
Santa Cruz,2020-12-26,65,2615,46,2473,19,142,0,0,65,2615,0,0,65,2615,California
Santa Cruz,2020-12-27,32,2647,27,2500,5,147,0,0,32,2647,0,0,32,2647,California
Santa Cruz,2020-12-28,483,3130,108,2608,375,522,0,0,483,3130,0,0,483,3130,California
Santa Cruz,2020-12-29,794,3924,366,2974,428,950,0,0,794,3924,0,0,794,3924,California
Santa Cruz,2020-12-30,358,4282,166,3140,192,1142,0,0,358,4282,0,0,358,4282,California
Santa Cruz,2020-12-31,311,4593,11,3151,300,1442,0,0,311,4593,0,0,311,4593,California
Santa Cruz,2021-01-01,33,4626,1,3152,32,1474,0,0,33,4626,0,0,33,4626,California
Santa Cruz,2021-01-02,68,4694,55,3207,13,1487,0,0,68,4694,0,0,68,4694,California
Santa Cruz,2021-01-03,15,4709,7,3214,8,1495,0,0,15,4709,0,0,15,4709,California
Santa Cruz,2021-01-04,281,4990,123,3337,158,1653,0,0,279,4988,0,0,279,4988,California
Santa Cruz,2021-01-05,570,5560,433,3770,137,1790,0,0,268,4954,302,302,268,5256,California
Santa Cruz,2021-01-06,800,6360,668,4438,132,1922,0,0,462,5079,337,639,462,5718,California
Santa Cruz,2021-01-07,536,6896,210,4648,326,2248,0,0,382,5308,154,793,383,6101,California
Santa Cruz,2021-01-08,940,7836,566,5214,374,2622,0,0,491,5351,449,1242,492,6593,California
Santa Cruz,2021-01-09,468,8304,128,5342,340,2962,0,0,409,5701,59,1301,409,7002,California
Santa Cruz,2021-01-10,77,8381,68,5410,9,2971,0,0,20,5664,57,1358,20,7022,California
Santa Cruz,2021-01-11,729,9110,592,6002,137,3108,0,0,195,5326,534,1892,196,7218,California
Santa Cruz,2021-01-12,733,9843,529,6531,204,3312,0,0,491,5575,242,2134,491,7709,California
Santa Cruz,2021-01-13,534,10377,235,6766,299,3611,0,0,446,5936,85,2219,446,8155,California
Santa Cruz,2021-01-14,556,10933,103,6869,453,4064,0,0,490,6360,66,2285,490,8645,California
Santa Cruz,2021-01-15,1461,12394,77,6946,1384,5448,0,0,1397,7695,64,2349,1399,10044,California
Santa Cruz,2021-01-16,422,12816,53,6999,369,5817,0,0,403,8079,19,2368,403,10447,California
Santa Cruz,2021-01-17,300,13116,42,7041,258,6075,0,0,274,8327,26,2394,274,10721,California
Santa Cruz,2021-01-18,1010,14126,100,7141,910,6985,0,0,948,9213,62,2456,948,11669,California
Santa Cruz,2021-01-19,1626,15752,524,7665,1102,8087,0,0,1275,10140,349,2805,1276,12945,California
Santa Cruz,2021-01-20,1250,17002,183,7848,1067,9154,0,0,1048,10989,199,3004,1048,13993,California
Santa Cruz,2021-01-21,1753,18755,226,8074,1527,10681,0,0,1644,12526,109,3113,1646,15639,California
Santa Cruz,2021-01-22,1804,20559,524,8598,1280,11961,0,0,1701,14128,100,3213,1702,17341,California
Santa Cruz,2021-01-23,404,20963,150,8748,254,12215,0,0,344,14413,59,3272,344,17685,California
Santa Cruz,2021-01-24,111,21074,19,8767,92,12307,0,0,94,14490,17,3289,94,17779,California
Santa Cruz,2021-01-25,1063,22137,363,9130,700,13007,0,0,552,14531,511,3800,552,18331,California
Santa Cruz,2021-01-26,1699,23836,256,9386,1443,14450,0,0,1185,15202,514,4314,1185,19516,California
Santa Cruz,2021-01-27,1675,25511,454,9840,1221,15671,0,0,1286,16101,387,4701,1286,20802,California
Santa Cruz,2021-01-28,1766,27277,292,10132,1474,17145,0,0,1488,17312,278,4979,1489,22291,California
Santa Cruz,2021-01-29,1757,29034,495,10627,1262,18407,0,0,1623,18802,133,5112,1623,23914,California
Santa Cruz,2021-01-30,1075,30109,311,10938,764,19171,0,0,940,19607,135,5247,940,24854,California
Santa Cruz,2021-01-31,222,30331,110,11048,112,19283,0,0,208,19801,14,5261,208,25062,California
Santa Cruz,2021-02-01,1232,31563,753,11801,479,19762,0,0,824,20217,408,5669,824,25886,California
Santa Cruz,2021-02-02,1021,32584,130,11931,891,20653,0,0,864,20925,156,5825,864,26750,California
Santa Cruz,2021-02-03,2231,34815,948,12879,1283,21936,0,0,1913,22525,313,6138,1913,28663,California
Santa Cruz,2021-02-04,1842,36657,751,13630,1091,23027,0,0,1497,23679,343,6481,1497,30160,California
Santa Cruz,2021-02-05,3179,39836,787,14417,2392,25419,0,0,2858,26217,320,6801,2858,33018,California
Santa Cruz,2021-02-06,2580,42416,154,14571,2426,27845,0,0,2235,28107,345,7146,2235,35253,California
Santa Cruz,2021-02-07,920,43336,124,14695,796,28641,0,0,902,28991,18,7164,902,36155,California
Santa Cruz,2021-02-08,718,44054,200,14895,518,29159,0,0,519,29312,198,7362,519,36674,California
Santa Cruz,2021-02-09,2372,46426,1055,15950,1317,30476,0,0,2105,31150,267,7629,2105,38779,California
Santa Cruz,2021-02-10,2211,48637,575,16525,1636,32112,0,0,1507,31965,693,8322,1508,40287,California
Santa Cruz,2021-02-11,1863,50500,317,16842,1546,33658,0,0,1310,32723,552,8874,1310,41597,California
Santa Cruz,2021-02-12,3247,53747,424,17266,2823,36481,0,0,1827,33141,1411,10285,1829,43426,California
Santa Cruz,2021-02-13,1734,55481,125,17391,1609,38090,0,0,1320,34048,413,10698,1320,44746,California
Santa Cruz,2021-02-14,1406,56887,68,17459,1338,39428,0,0,1144,34930,262,10960,1144,45890,California
Santa Cruz,2021-02-15,1589,58476,282,17741,1307,40735,0,0,565,34472,1024,11984,566,46456,California
Santa Cruz,2021-02-16,1718,60194,218,17959,1500,42235,0,0,542,33861,1153,13137,542,46998,California
Santa Cruz,2021-02-17,2952,63146,986,18945,1966,44201,0,0,1237,33399,1702,14839,1240,48238,California
Santa Cruz,2021-02-18,2910,66056,642,19587,2268,46469,0,0,1235,32965,1669,16508,1235,49473,California
Santa Cruz,2021-02-19,3286,69342,1155,20742,2131,48600,0,0,2012,33706,1271,17779,2012,51485,California
Santa Cruz,2021-02-20,2444,71786,1534,22276,910,49510,0,0,1912,35086,532,18311,1912,53397,California
Santa Cruz,2021-02-21,873,72659,382,22658,491,50001,0,0,739,35693,132,18443,739,54136,California
Santa Cruz,2021-02-22,1313,73972,1018,23676,295,50296,0,0,546,35475,764,19207,546,54682,California
Santa Cruz,2021-02-23,2152,76124,973,24649,1179,51475,0,0,724,34775,1424,20631,724,55406,California
Santa Cruz,2021-02-24,3319,79443,1747,26396,1572,53047,0,0,1240,33941,2074,22705,1240,56646,California
Santa Cruz,2021-02-25,3405,82848,1518,27914,1887,54934,0,0,1869,34284,1528,24233,1871,58517,California
Santa Cruz,2021-02-26,2818,85666,794,28708,2024,56958,0,0,1604,34681,1209,25442,1606,60123,California
Santa Cruz,2021-02-27,2703,88369,941,29649,1761,58719,1,1,1886,35754,814,26256,1887,62010,California
Santa Cruz,2021-02-28,1318,89687,378,30027,940,59659,0,1,1087,36613,228,26484,1087,63097,California
Santa Cruz,2021-03-01,1921,91608,1258,31285,663,60322,0,1,728,36151,1190,27674,728,63825,California
Santa Cruz,2021-03-02,1558,93166,372,31657,1186,61508,0,1,875,36347,682,28356,878,64703,California
Santa Cruz,2021-03-03,2379,95545,646,32303,1733,63241,0,1,1305,36580,1072,29428,1305,66008,California
Santa Cruz,2021-03-04,3022,98567,1415,33718,1606,64847,1,2,2030,37633,979,30407,2032,68040,California
Santa Cruz,2021-03-05,2648,101215,503,34221,2127,66974,18,20,1153,37312,1492,31899,1171,69211,California
Santa Cruz,2021-03-06,3870,105085,1345,35566,2420,69394,105,125,2155,37858,1713,33612,2259,71470,California
Santa Cruz,2021-03-07,1397,106482,131,35697,1166,70560,100,225,574,37711,821,34433,674,72144,California
Santa Cruz,2021-03-08,1124,107606,224,35921,764,71324,136,361,669,38059,455,34888,803,72947,California
Santa Cruz,2021-03-09,1827,109433,276,36197,1399,72723,152,513,729,37846,1094,35982,881,73828,California
Santa Cruz,2021-03-10,3907,113340,2103,38300,1655,74378,149,662,2017,38127,1886,37868,2167,75995,California
Santa Cruz,2021-03-11,2837,116177,1227,39527,1436,75814,174,836,1558,38584,1278,39146,1735,77730,California
Santa Cruz,2021-03-12,2791,118968,888,40415,1607,77421,296,1132,927,37945,1860,41006,1221,78951,California
Santa Cruz,2021-03-13,2349,121317,1344,41759,963,78384,42,1174,1185,38012,1160,42166,1227,80178,California
Santa Cruz,2021-03-14,918,122235,221,41980,684,79068,13,1187,438,37984,478,42644,450,80628,California
Santa Cruz,2021-03-15,1366,123601,478,42458,851,79919,37,1224,581,37823,780,43424,619,81247,California
Santa Cruz,2021-03-16,2392,125993,1151,43609,1196,81115,45,1269,1383,38245,1004,44428,1426,82673,California
Santa Cruz,2021-03-17,4081,130074,2422,46031,1648,82763,11,1280,2685,39554,1389,45817,2698,85371,California
Santa Cruz,2021-03-18,3953,134027,2133,48164,1701,84464,119,1399,2103,39929,1846,47663,2221,87592,California
Santa Cruz,2021-03-19,3467,137494,1382,49546,1861,86325,224,1623,1820,40331,1642,49305,2044,89636,California
Santa Cruz,2021-03-20,2249,139743,1648,51194,534,86859,67,1690,1098,40346,1150,50455,1165,90801,California
Santa Cruz,2021-03-21,885,140628,477,51671,282,87141,126,1816,477,40545,405,50860,604,91405,California
Santa Cruz,2021-03-22,1443,142071,881,52552,537,87678,25,1841,1009,41150,430,51290,1035,92440,California
Santa Cruz,2021-03-23,2625,144696,1475,54027,1099,88777,51,1892,1748,42075,874,52164,1799,94239,California
Santa Cruz,2021-03-24,3146,147842,2132,56159,993,89770,21,1913,2089,43134,1050,53214,2109,96348,California
Santa Cruz,2021-03-25,2683,150525,1347,57506,1299,91069,37,1950,1345,43185,1330,54544,1381,97729,California
Santa Cruz,2021-03-26,3171,153696,1835,59341,1308,92377,28,1978,2143,44334,1021,55565,2170,99899,California
Santa Cruz,2021-03-27,3240,156936,2019,61360,1194,93571,27,2005,1511,44156,1718,57283,1540,101439,California
Santa Cruz,2021-03-28,935,157871,579,61939,342,93913,14,2019,490,44219,441,57724,504,101943,California
Santa Cruz,2021-03-29,2019,159890,890,62829,1062,94975,67,2086,1277,44825,738,58462,1344,103287,California
Santa Cruz,2021-03-30,2740,162630,829,63658,1747,96722,164,2250,1738,45728,998,59460,1901,105188,California
Santa Cruz,2021-03-31,4209,166839,2849,66507,1309,98031,51,2301,2208,45992,1995,61455,2259,107447,California
Santa Cruz,2021-04-01,4090,170929,2176,68683,1802,99833,112,2413,2074,46166,2010,63465,2184,109631,California
Santa Cruz,2021-04-02,3324,174253,1433,70116,1710,101543,181,2594,1897,46822,1422,64887,2078,111709,California
Santa Cruz,2021-04-03,2277,176530,1244,71360,896,102439,137,2731,890,46465,1383,66270,1026,112735,California
Santa Cruz,2021-04-04,942,177472,491,71851,395,102834,56,2787,547,46672,395,66665,602,113337,California
Santa Cruz,2021-04-05,2280,179752,795,72646,1317,104151,168,2955,1398,47357,881,67546,1566,114903,California
Santa Cruz,2021-04-06,3438,183190,1669,74315,1386,105537,383,3338,1977,48261,1450,68996,2354,117257,California
Santa Cruz,2021-04-07,4225,187415,1668,75983,2187,107724,370,3708,1817,48042,2404,71400,2185,119442,California
Santa Cruz,2021-04-08,4328,191743,2375,78358,1429,109153,524,4232,2545,49338,1771,73171,3067,122509,California
Santa Cruz,2021-04-09,3759,195502,1528,79886,1818,110971,413,4645,2109,50217,1643,74814,2522,125031,California
Santa Cruz,2021-04-10,2306,197808,1103,80989,939,111910,264,4909,1086,50348,1216,76030,1347,126378,California
Santa Cruz,2021-04-11,1016,198824,533,81522,387,112297,96,5005,492,50411,524,76554,587,126965,California
Santa Cruz,2021-04-12,2347,201171,838,82360,1082,113379,427,5432,1121,50746,1212,77766,1547,128512,California
Santa Cruz,2021-04-13,2974,204145,1481,83841,1491,114870,2,5434,1668,51119,1297,79063,1670,130182,California
Santa Cruz,2021-04-14,4781,208926,2304,86145,2477,117347,0,5434,2307,50965,2463,81526,2309,132491,California
Santa Cruz,2021-04-15,5127,214053,3254,89399,1873,119220,0,5434,3204,52263,1908,83434,3206,135697,California
Santa Cruz,2021-04-16,4623,218676,2562,91961,2059,121279,2,5436,2498,52649,2116,85550,2502,138199,California
Santa Cruz,2021-04-17,2285,220961,910,92871,1375,122654,0,5436,1500,53367,782,86332,1500,139699,California
Santa Cruz,2021-04-18,1123,222084,556,93427,566,123220,1,5437,611,53471,508,86840,612,140311,California
Santa Cruz,2021-04-19,2613,224697,1538,94965,1074,124294,1,5438,1621,54104,988,87828,1621,141932,California
Santa Cruz,2021-04-20,3281,227978,1756,96721,1525,125819,0,5438,1853,54541,1416,89244,1853,143785,California
Santa Cruz,2021-04-21,4435,232413,2982,99703,1453,127272,0,5438,2395,54915,2021,91265,2395,146180,California
Santa Cruz,2021-04-22,4407,236820,2989,102692,1418,128690,0,5438,2458,55435,1939,93204,2459,148639,California
Santa Cruz,2021-04-23,3243,240063,1760,104452,1482,130172,1,5439,1405,55014,1827,95031,1406,150045,California
Santa Cruz,2021-04-24,2265,242328,1089,105541,1173,131345,3,5442,693,54149,1561,96592,696,150741,California
Santa Cruz,2021-04-25,1096,243424,704,106245,379,131724,13,5455,455,53983,632,97224,466,151207,California
Santa Cruz,2021-04-26,2161,245585,1076,107321,1068,132792,17,5472,909,53670,1240,98464,927,152134,California
Santa Cruz,2021-04-27,3030,248615,998,108319,1951,134743,81,5553,1517,53763,1505,99969,1598,153732,California
Santa Cruz,2021-04-28,3522,252137,1964,110283,1481,136224,77,5630,1854,54035,1656,101625,1928,155660,California
Santa Cruz,2021-04-29,3827,255964,2558,112841,1206,137430,63,5693,1348,52979,2469,104094,1413,157073,California
Santa Cruz,2021-04-30,2413,258377,1224,114065,1144,138574,45,5738,1015,52652,1388,105482,1061,158134,California
Santa Cruz,2021-05-01,1314,259691,1043,115108,238,138812,33,5771,603,52582,707,106189,637,158771,California
Santa Cruz,2021-05-02,658,260349,464,115572,168,138980,26,5797,215,52381,443,106632,242,159013,California
Santa Cruz,2021-05-03,1933,262282,997,116569,868,139848,68,5865,653,51836,1268,107900,723,159736,California
Santa Cruz,2021-05-04,2740,265022,1599,118168,1070,140918,71,5936,880,50929,1856,109756,949,160685,California
Santa Cruz,2021-05-05,2826,267848,1423,119591,1323,142241,80,6016,745,49721,2038,111794,830,161515,California
Santa Cruz,2021-05-06,3922,271770,2505,122096,1196,143437,221,6237,881,47799,3021,114815,1099,162614,California
Santa Cruz,2021-05-07,2816,274586,1302,123398,1431,144868,83,6320,438,45950,2372,117187,523,163137,California
Santa Cruz,2021-05-08,1423,276009,742,124140,653,145521,28,6348,390,45339,1031,118218,420,163557,California
Santa Cruz,2021-05-09,530,276539,338,124478,169,145690,23,6371,154,45141,375,118593,177,163734,California
Santa Cruz,2021-05-10,2117,278656,1276,125754,775,146465,66,6437,410,43918,1699,120292,476,164210,California
Santa Cruz,2021-05-11,2433,281089,1377,127131,966,147431,90,6527,646,42871,1782,122074,735,164945,California
Santa Cruz,2021-05-12,3237,284326,1407,128538,1749,149180,81,6608,557,40840,2670,124744,639,165584,California
Santa Cruz,2021-05-13,3942,288268,2665,131203,1183,150363,94,6702,1395,39789,2542,127286,1491,167075,California
Santa Cruz,2021-05-14,3006,291274,1633,132836,1333,151696,40,6742,1138,39113,1858,129144,1182,168257,California
Santa Cruz,2021-05-15,2290,293564,1324,134160,954,152650,12,6754,1111,39060,1176,130320,1123,169380,California
Santa Cruz,2021-05-16,806,294370,430,134590,354,153004,22,6776,249,38777,555,130875,272,169652,California
Santa Cruz,2021-05-17,1552,295922,803,135393,678,153682,71,6847,527,38351,1024,131899,598,170250,California
Santa Cruz,2021-05-18,2335,298257,1435,136828,876,154558,24,6871,1107,38261,1221,133120,1131,171381,California
Santa Cruz,2021-05-19,3119,301376,1875,138703,1207,155765,37,6908,1306,37799,1805,134925,1343,172724,California
Santa Cruz,2021-05-20,3424,304800,2457,141160,819,156584,148,7056,1591,37710,1828,136753,1739,174463,California
Santa Cruz,2021-05-21,1786,306586,916,142076,781,157365,89,7145,606,37231,1175,137928,696,175159,California
Santa Cruz,2021-05-22,1723,308309,1331,143407,381,157746,11,7156,599,36721,1121,139049,611,175770,California
Santa Cruz,2021-05-23,478,308787,270,143677,189,157935,19,7175,148,36561,327,139376,167,175937,California
Santa Cruz,2021-05-24,1195,309982,687,144364,429,158364,79,7254,304,36061,883,140259,383,176320,California
Santa Cruz,2021-05-25,2284,312266,1303,145667,936,159300,45,7299,460,34889,1677,141936,505,176825,California
Santa Cruz,2021-05-26,1755,314021,820,146487,890,160190,45,7344,473,34138,1269,143205,518,177343,California
Santa Cruz,2021-05-27,1323,315344,718,147205,502,160692,103,7447,444,33813,872,144077,547,177890,California
Santa Cruz,2021-05-28,848,316192,374,147579,444,161136,30,7477,357,33720,481,144558,388,178278,California
Santa Cruz,2021-05-29,595,316787,337,147916,245,161381,13,7490,319,33779,273,144831,332,178610,California
Santa Cruz,2021-05-30,243,317030,119,148035,110,161491,14,7504,92,33736,148,144979,105,178715,California
Santa Cruz,2021-05-31,143,317173,61,148096,81,161572,1,7505,45,33684,98,145077,46,178761,California
Santa Cruz,2021-06-01,951,318124,582,148678,356,161928,13,7518,343,33433,606,145683,355,179116,California
Santa Cruz,2021-06-02,899,319023,524,149202,334,162262,41,7559,337,33254,557,146240,378,179494,California
Santa Cruz,2021-06-03,2283,321306,1533,150735,711,162973,39,7598,533,32086,1740,147980,572,180066,California
Santa Cruz,2021-06-04,1061,322367,729,151464,298,163271,34,7632,244,31555,810,148790,279,180345,California
Santa Cruz,2021-06-05,1036,323403,839,152303,192,163463,5,7637,191,30910,841,149631,196,180541,California
Santa Cruz,2021-06-06,408,323811,303,152606,88,163551,17,7654,109,30740,296,149927,126,180667,California
Santa Cruz,2021-06-07,851,324662,634,153240,187,163738,30,7684,236,30391,615,150542,266,180933,California
Santa Cruz,2021-06-08,1471,326133,1172,154412,273,164011,26,7710,311,29573,1156,151698,338,181271,California
Santa Cruz,2021-06-09,1433,327566,1129,155541,287,164298,17,7727,285,28735,1141,152839,303,181574,California
Santa Cruz,2021-06-10,1966,329532,1614,157155,285,164583,67,7794,333,27506,1626,154465,397,181971,California
Santa Cruz,2021-06-11,823,330355,511,157666,277,164860,35,7829,288,27298,529,154994,321,182292,California
Santa Cruz,2021-06-12,965,331320,848,158514,111,164971,6,7835,166,26673,797,155791,172,182464,California
Santa Cruz,2021-06-13,201,331521,133,158647,46,165017,22,7857,31,26556,170,155961,53,182517,California
Santa Cruz,2021-06-14,556,332077,357,159004,164,165181,35,7892,162,26360,392,156353,196,182713,California
Santa Cruz,2021-06-15,927,333004,683,159687,222,165403,22,7914,339,26137,585,156938,362,183075,California
Santa Cruz,2021-06-16,802,333806,595,160282,173,165576,34,7948,260,25892,538,157476,293,183368,California
Santa Cruz,2021-06-17,802,334608,623,160905,140,165716,39,7987,302,25735,497,157973,340,183708,California
Santa Cruz,2021-06-18,643,335251,394,161299,219,165935,30,8017,290,25706,349,158322,320,184028,California
Santa Cruz,2021-06-19,330,335581,261,161560,63,165998,6,8023,117,25619,210,158532,123,184151,California
Santa Cruz,2021-06-20,162,335743,115,161675,29,166027,18,8041,70,25615,92,158624,88,184239,California
Santa Cruz,2021-06-21,347,336090,244,161919,84,166111,19,8060,180,25648,166,158790,199,184438,California
Santa Cruz,2021-06-22,673,336763,473,162392,170,166281,30,8090,261,25529,411,159201,292,184730,California
Santa Cruz,2021-06-23,395,337158,279,162671,106,166387,10,8100,194,25536,195,159396,202,184932,California
Santa Cruz,2021-06-24,549,337707,391,163062,114,166501,44,8144,221,25474,326,159722,264,185196,California
Santa Cruz,2021-06-25,556,338263,368,163430,158,166659,30,8174,259,25471,293,160015,290,185486,California
Santa Cruz,2021-06-26,259,338522,161,163591,89,166748,9,8183,106,25435,151,160166,115,185601,California
Santa Cruz,2021-06-27,180,338702,131,163722,19,166767,30,8213,63,25411,117,160283,93,185694,California
Santa Cruz,2021-06-28,472,339174,384,164106,76,166843,12,8225,208,25367,264,160547,220,185914,California
Santa Cruz,2021-06-29,739,339913,573,164679,137,166980,29,8254,285,25229,451,160998,313,186227,California
Santa Cruz,2021-06-30,427,340340,291,164970,112,167092,24,8278,182,25192,243,161241,206,186433,California
Santa Cruz,2021-07-01,413,340753,294,165264,107,167199,12,8290,186,25165,225,161466,198,186631,California
Santa Cruz,2021-07-02,451,341204,329,165593,105,167304,17,8307,201,25139,244,161710,218,186849,California
Santa Cruz,2021-07-03,220,341424,155,165748,61,167365,4,8311,93,25110,126,161836,97,186946,California
Santa Cruz,2021-07-04,11,341435,9,165757,1,167366,1,8312,8,25116,3,161839,9,186955,California
Santa Cruz,2021-07-05,211,341646,168,165925,40,167406,3,8315,117,25143,92,161931,119,187074,California
Santa Cruz,2021-07-06,715,342361,601,166526,99,167505,15,8330,226,24901,483,162414,241,187315,California
Santa Cruz,2021-07-07,427,342788,314,166840,102,167607,11,8341,165,24817,260,162674,176,187491,California
Santa Cruz,2021-07-08,405,343193,290,167130,82,167689,33,8374,148,24742,256,162930,181,187672,California
Santa Cruz,2021-07-09,471,343664,330,167460,117,167806,24,8398,194,24690,270,163200,218,187890,California
Santa Cruz,2021-07-10,183,343847,130,167590,46,167852,7,8405,84,24682,99,163299,91,187981,California
Santa Cruz,2021-07-11,121,343968,99,167689,19,167871,3,8408,60,24685,60,163359,63,188044,California
Santa Cruz,2021-07-12,333,344301,243,167932,79,167950,11,8419,146,24657,185,163544,157,188201,California
Shasta,2020-12-16,131,131,131,131,0,0,0,0,131,131,0,0,131,131,California
Shasta,2020-12-17,423,554,423,554,0,0,0,0,423,554,0,0,423,554,California
Shasta,2020-12-18,166,720,166,720,0,0,0,0,166,720,0,0,166,720,California
Shasta,2020-12-19,1,721,1,721,0,0,0,0,1,721,0,0,1,721,California
Shasta,2020-12-21,78,799,78,799,0,0,0,0,78,799,0,0,78,799,California
Shasta,2020-12-22,201,1000,196,995,5,5,0,0,201,1000,0,0,201,1000,California
Shasta,2020-12-23,173,1173,169,1164,4,9,0,0,173,1173,0,0,173,1173,California
Shasta,2020-12-24,18,1191,18,1182,0,9,0,0,18,1191,0,0,18,1191,California
Shasta,2020-12-26,4,1195,1,1183,3,12,0,0,4,1195,0,0,4,1195,California
Shasta,2020-12-27,1,1196,0,1183,1,13,0,0,1,1196,0,0,1,1196,California
Shasta,2020-12-28,41,1237,31,1214,10,23,0,0,41,1237,0,0,41,1237,California
Shasta,2020-12-29,186,1423,185,1399,1,24,0,0,186,1423,0,0,186,1423,California
Shasta,2020-12-30,177,1600,167,1566,10,34,0,0,177,1600,0,0,177,1600,California
Shasta,2020-12-31,83,1683,2,1568,81,115,0,0,83,1683,0,0,83,1683,California
Shasta,2021-01-02,2,1685,0,1568,2,117,0,0,2,1685,0,0,2,1685,California
Shasta,2021-01-03,1,1686,1,1569,0,117,0,0,1,1686,0,0,1,1686,California
Shasta,2021-01-04,374,2060,308,1877,66,183,0,0,375,2061,0,0,375,2061,California
Shasta,2021-01-05,338,2398,315,2192,23,206,0,0,256,2235,82,82,256,2317,California
Shasta,2021-01-06,467,2865,396,2588,71,277,0,0,203,2175,263,345,203,2520,California
Shasta,2021-01-07,126,2991,37,2625,89,366,0,0,104,2257,22,367,104,2624,California
Shasta,2021-01-08,525,3516,448,3073,77,443,0,0,316,2364,209,576,316,2940,California
Shasta,2021-01-09,73,3589,64,3137,9,452,0,0,71,2433,2,578,71,3011,California
Shasta,2021-01-10,5,3594,0,3137,5,457,0,0,3,2436,2,580,5,3016,California
Shasta,2021-01-11,416,4010,194,3331,222,679,0,0,372,2764,44,624,372,3388,California
Shasta,2021-01-12,488,4498,332,3663,156,835,0,0,312,2901,176,800,313,3701,California
Shasta,2021-01-13,601,5099,268,3931,333,1168,0,0,431,3163,170,970,432,4133,California
Shasta,2021-01-14,504,5603,52,3983,452,1620,0,0,486,3631,18,988,486,4619,California
Shasta,2021-01-15,693,6296,137,4120,556,2176,0,0,691,4320,2,990,691,5310,California
Shasta,2021-01-16,897,7193,54,4174,843,3019,0,0,894,5211,3,993,894,6204,California
Shasta,2021-01-17,27,7220,6,4180,21,3040,0,0,23,5230,4,997,23,6227,California
Shasta,2021-01-18,598,7818,128,4308,470,3510,0,0,590,5812,8,1005,590,6817,California
Shasta,2021-01-19,1078,8896,414,4722,664,4174,0,0,929,6592,149,1154,929,7746,California
Shasta,2021-01-20,757,9653,490,5212,267,4441,0,0,572,6984,180,1334,572,8318,California
Shasta,2021-01-21,688,10341,334,5546,354,4795,0,0,666,7628,22,1356,666,8984,California
Shasta,2021-01-22,451,10792,178,5724,273,5068,0,0,445,8067,6,1362,445,9429,California
Shasta,2021-01-23,69,10861,5,5729,64,5132,0,0,67,8132,2,1364,67,9496,California
Shasta,2021-01-24,26,10887,3,5732,23,5155,0,0,25,8156,1,1365,25,9521,California
Shasta,2021-01-25,763,11650,503,6235,260,5415,0,0,472,8338,290,1655,472,9993,California
Shasta,2021-01-26,714,12364,334,6569,380,5795,0,0,477,8582,234,1889,478,10471,California
Shasta,2021-01-27,464,12828,181,6750,283,6078,0,0,414,8947,49,1938,414,10885,California
Shasta,2021-01-28,928,13756,591,7341,337,6415,0,0,706,9431,222,2160,706,11591,California
Shasta,2021-01-29,835,14591,332,7673,503,6918,0,0,645,9888,189,2349,646,12237,California
Shasta,2021-01-30,616,15207,14,7687,602,7520,0,0,606,10484,10,2359,606,12843,California
Shasta,2021-01-31,28,15235,4,7691,24,7544,0,0,26,10508,2,2361,26,12869,California
Shasta,2021-02-01,534,15769,152,7843,382,7926,0,0,387,10748,147,2508,387,13256,California
Shasta,2021-02-02,997,16766,504,8347,493,8419,0,0,904,11561,91,2599,904,14160,California
Shasta,2021-02-03,729,17495,214,8561,515,8934,0,0,493,11818,236,2835,493,14653,California
Shasta,2021-02-04,1102,18597,676,9237,426,9360,0,0,907,12533,192,3027,907,15560,California
Shasta,2021-02-05,1271,19868,169,9406,1102,10462,0,0,1058,13380,211,3238,1058,16618,California
Shasta,2021-02-06,1804,21672,40,9446,1764,12226,0,0,1778,15133,26,3264,1779,18397,California
Shasta,2021-02-07,24,21696,2,9448,22,12248,0,0,22,15153,2,3266,22,18419,California
Shasta,2021-02-08,602,22298,170,9618,432,12680,0,0,309,15170,292,3558,309,18728,California
Shasta,2021-02-09,1139,23437,669,10287,470,13150,0,0,707,15446,432,3990,708,19436,California
Shasta,2021-02-10,1128,24565,791,11078,337,13487,0,0,544,15407,583,4573,544,19980,California
Shasta,2021-02-11,893,25458,187,11265,706,14193,0,0,315,15149,573,5146,315,20295,California
Shasta,2021-02-12,1808,27266,1221,12486,587,14780,0,0,1246,15833,562,5708,1246,21541,California
Shasta,2021-02-13,1382,28648,374,12860,1008,15788,0,0,569,15591,812,6520,570,22111,California
Shasta,2021-02-14,150,28798,5,12865,145,15933,0,0,124,15689,26,6546,124,22235,California
Shasta,2021-02-15,395,29193,106,12971,289,16222,0,0,213,15720,182,6728,213,22448,California
Shasta,2021-02-16,1206,30399,524,13495,682,16904,0,0,427,15370,777,7505,427,22875,California
Shasta,2021-02-17,1040,31439,439,13934,601,17505,0,0,411,15152,629,8134,411,23286,California
Shasta,2021-02-18,974,32413,486,14420,488,17993,0,0,463,15106,510,8644,464,23750,California
Shasta,2021-02-19,1346,33759,952,15372,394,18387,0,0,872,15505,473,9117,872,24622,California
Shasta,2021-02-20,818,34577,101,15473,717,19104,0,0,319,15325,499,9616,319,24941,California
Shasta,2021-02-21,34,34611,3,15476,31,19135,0,0,12,15315,22,9638,12,24953,California
Shasta,2021-02-22,443,35054,83,15559,360,19495,0,0,185,15243,257,9895,185,25138,California
Shasta,2021-02-23,928,35982,480,16039,448,19943,0,0,330,14976,597,10492,330,25468,California
Shasta,2021-02-24,913,36895,518,16557,395,20338,0,0,284,14635,625,11117,284,25752,California
Shasta,2021-02-25,532,37427,174,16731,358,20696,0,0,144,14393,386,11503,144,25896,California
Shasta,2021-02-26,807,38234,101,16832,706,21402,0,0,340,14268,465,11968,340,26236,California
Shasta,2021-02-27,890,39124,78,16910,812,22214,0,0,242,13868,642,12610,242,26478,California
Shasta,2021-02-28,178,39302,4,16914,174,22388,0,0,128,13946,50,12660,128,26606,California
Shasta,2021-03-01,586,39888,61,16975,525,22913,0,0,295,13951,290,12950,295,26901,California
Shasta,2021-03-02,1035,40923,476,17451,559,23472,0,0,337,13592,696,13646,337,27238,California
Shasta,2021-03-03,681,41604,175,17626,506,23978,0,0,245,13402,435,14081,245,27483,California
Shasta,2021-03-04,3109,44713,2489,20115,620,24598,0,0,1787,13872,1317,15398,1787,29270,California
Shasta,2021-03-05,1945,46658,166,20281,1750,26348,29,29,804,13564,1141,16539,833,30103,California
Shasta,2021-03-06,2756,49414,386,20667,2324,28672,46,75,810,12479,1941,18480,856,30959,California
Shasta,2021-03-07,103,49517,4,20671,60,28732,39,114,40,12494,63,18543,78,31037,California
Shasta,2021-03-08,577,50094,50,20721,385,29117,142,256,158,12376,417,18960,299,31336,California
Shasta,2021-03-09,1257,51351,597,21318,482,29599,178,434,697,12692,558,19518,874,32210,California
Shasta,2021-03-10,803,52154,257,21575,345,29944,201,635,142,12374,660,20178,342,32552,California
Shasta,2021-03-11,1558,53712,472,22047,815,30759,271,906,941,12972,613,20791,1211,33763,California
Shasta,2021-03-12,1560,55272,850,22897,464,31223,246,1152,409,12476,1150,21941,654,34417,California
Shasta,2021-03-13,826,56098,428,23325,300,31523,98,1250,497,12742,327,22268,593,35010,California
Shasta,2021-03-14,1018,57116,8,23333,987,32510,23,1273,878,13505,140,22408,903,35913,California
Shasta,2021-03-15,499,57615,37,23370,363,32873,99,1372,209,13522,290,22698,307,36220,California
Shasta,2021-03-16,1146,58761,151,23521,928,33801,67,1439,857,14159,287,22985,924,37144,California
Shasta,2021-03-17,741,59502,192,23713,491,34292,58,1497,395,14275,337,23322,453,37597,California
Shasta,2021-03-18,1546,61048,588,24301,854,35146,104,1601,1112,15061,430,23752,1216,38813,California
Shasta,2021-03-19,649,61697,199,24500,394,35540,56,1657,410,15289,238,23990,466,39279,California
Shasta,2021-03-20,746,62443,487,24987,245,35785,14,1671,542,15641,204,24194,556,39835,California
Shasta,2021-03-21,313,62756,298,25285,4,35789,11,1682,285,15910,27,24221,296,40131,California
Shasta,2021-03-22,349,63105,39,25324,274,36063,36,1718,199,15997,148,24369,235,40366,California
Shasta,2021-03-23,1312,64417,653,25977,601,36664,58,1776,755,16259,551,24920,813,41179,California
Shasta,2021-03-24,614,65031,156,26133,420,37084,38,1814,367,16418,246,25166,405,41584,California
Shasta,2021-03-25,1131,66162,452,26585,658,37742,21,1835,817,16946,311,25477,839,42423,California
Shasta,2021-03-26,1841,68003,1405,27990,406,38148,30,1865,1471,18079,369,25846,1502,43925,California
Shasta,2021-03-27,1596,69599,406,28396,318,38466,872,2737,576,18504,1018,26864,1443,45368,California
Shasta,2021-03-28,409,70008,301,28697,98,38564,10,2747,302,18711,105,26969,312,45680,California
Shasta,2021-03-29,419,70427,40,28737,367,38931,12,2759,166,18638,251,27220,178,45858,California
Shasta,2021-03-30,1245,71672,769,29506,459,39390,17,2776,623,18659,619,27839,640,46498,California
Shasta,2021-03-31,620,72292,207,29713,407,39797,6,2782,384,18817,232,28071,390,46888,California
Shasta,2021-04-01,904,73196,249,29962,640,40437,15,2797,577,19084,325,28396,592,47480,California
Shasta,2021-04-02,758,73954,199,30161,504,40941,55,2852,412,19208,343,28739,467,47947,California
Shasta,2021-04-03,517,74471,366,30527,132,41073,19,2871,388,19486,129,28868,407,48354,California
Shasta,2021-04-04,294,74765,175,30702,98,41171,21,2892,218,19649,76,28944,239,48593,California
Shasta,2021-04-05,444,75209,70,30772,311,41482,63,2955,253,19774,191,29135,316,48909,California
Shasta,2021-04-06,1171,76380,486,31258,507,41989,178,3133,537,19858,630,29765,714,49623,California
Shasta,2021-04-07,662,77042,215,31473,282,42271,165,3298,258,19879,400,30165,421,50044,California
Shasta,2021-04-08,1148,78190,262,31735,731,43002,155,3453,221,19331,922,31087,374,50418,California
Shasta,2021-04-09,2602,80792,2078,33813,310,43312,214,3667,2017,20981,576,31663,2226,52644,California
Shasta,2021-04-10,885,81677,596,34409,158,43470,131,3798,245,20716,639,32302,374,53018,California
Shasta,2021-04-11,1253,82930,399,34808,834,44304,20,3818,144,19776,1104,33406,164,53182,California
Shasta,2021-04-12,344,83274,7,34815,273,44577,64,3882,98,19692,245,33651,161,53343,California
Shasta,2021-04-13,1278,84552,369,35184,907,45484,2,3884,339,19098,934,34585,340,53683,California
Shasta,2021-04-14,596,85148,143,35327,451,45935,2,3886,220,18945,375,34960,222,53905,California
Shasta,2021-04-15,1082,86230,258,35585,824,46759,0,3886,300,18468,777,35737,300,54205,California
Shasta,2021-04-16,2361,88591,1860,37445,501,47260,0,3886,950,18010,1409,37146,951,55156,California
Shasta,2021-04-17,648,89239,417,37862,231,47491,0,3886,193,17749,455,37601,194,55350,California
Shasta,2021-04-18,270,89509,244,38106,26,47517,0,3886,35,17551,233,37834,35,55385,California
Shasta,2021-04-19,387,89896,28,38134,359,47876,0,3886,168,17500,219,38053,168,55553,California
Shasta,2021-04-20,1031,90927,266,38400,765,48641,0,3886,386,17243,643,38696,386,55939,California
Shasta,2021-04-21,624,91551,228,38628,396,49037,0,3886,316,17251,308,39004,316,56255,California
Shasta,2021-04-22,966,92517,285,38913,681,49718,0,3886,299,16886,664,39668,299,56554,California
Shasta,2021-04-23,669,93186,263,39176,406,50124,0,3886,339,16896,329,39997,339,56893,California
Shasta,2021-04-24,601,93787,358,39534,242,50366,1,3887,109,16515,490,40487,109,57002,California
Shasta,2021-04-25,211,93998,181,39715,29,50395,1,3888,37,16379,174,40661,38,57040,California
Shasta,2021-04-26,505,94503,57,39772,443,50838,5,3893,356,16592,147,40808,360,57400,California
Shasta,2021-04-27,553,95056,183,39955,331,51169,39,3932,302,16684,247,41055,339,57739,California
Shasta,2021-04-28,586,95642,166,40121,387,51556,33,3965,251,16632,335,41390,283,58022,California
Shasta,2021-04-29,782,96424,121,40242,637,52193,24,3989,179,16233,602,41992,203,58225,California
Shasta,2021-04-30,2276,98700,1849,42091,395,52588,32,4021,270,14531,2004,43996,302,58527,California
Shasta,2021-05-01,233,98933,21,42112,136,52724,76,4097,104,14582,129,44125,180,58707,California
Shasta,2021-05-02,49,98982,17,42129,19,52743,13,4110,22,14590,27,44152,35,58742,California
Shasta,2021-05-03,358,99340,99,42228,233,52976,26,4136,114,14488,242,44394,140,58882,California
Shasta,2021-05-04,536,99876,202,42430,295,53271,39,4175,252,14498,281,44675,291,59173,California
Shasta,2021-05-05,453,100329,152,42582,283,53554,18,4193,208,14479,245,44920,226,59399,California
Shasta,2021-05-06,692,101021,263,42845,389,53943,40,4233,296,14426,387,45307,334,59733,California
Shasta,2021-05-07,1121,102142,742,43587,339,54282,40,4273,302,13950,818,46125,342,60075,California
Shasta,2021-05-08,175,102317,85,43672,79,54361,11,4284,104,13993,71,46196,114,60189,California
Shasta,2021-05-09,65,102382,15,43687,45,54406,5,4289,34,14001,31,46227,39,60228,California
Shasta,2021-05-10,258,102640,23,43710,186,54592,49,4338,112,14016,144,46371,159,60387,California
Shasta,2021-05-11,524,103164,160,43870,213,54805,151,4489,182,14008,341,46712,333,60720,California
Shasta,2021-05-12,398,103562,147,44017,227,55032,24,4513,133,13901,264,46976,157,60877,California
Shasta,2021-05-13,584,104146,241,44258,326,55358,17,4530,225,13786,357,47333,242,61119,California
Shasta,2021-05-14,645,104791,275,44533,344,55702,26,4556,295,13760,348,47681,322,61441,California
Shasta,2021-05-15,399,105190,130,44663,166,55868,103,4659,168,13800,230,47911,270,61711,California
Shasta,2021-05-16,222,105412,155,44818,57,55925,10,4669,163,13914,59,47970,173,61884,California
Shasta,2021-05-17,538,105950,247,45065,231,56156,60,4729,282,14001,255,48225,342,62226,California
Shasta,2021-05-18,620,106570,293,45358,302,56458,25,4754,325,14057,294,48519,350,62576,California
Shasta,2021-05-19,590,107160,278,45636,244,56702,68,4822,279,14097,307,48826,347,62923,California
Shasta,2021-05-20,570,107730,255,45891,296,56998,19,4841,264,14076,303,49129,282,63205,California
Shasta,2021-05-21,659,108389,301,46192,339,57337,19,4860,331,14101,325,49454,350,63555,California
Shasta,2021-05-22,235,108624,134,46326,93,57430,8,4868,143,14164,89,49543,152,63707,California
Shasta,2021-05-23,115,108739,48,46374,58,57488,9,4877,68,14194,47,49590,77,63784,California
Shasta,2021-05-24,547,109286,171,46545,344,57832,32,4909,191,14063,354,49944,223,64007,California
Shasta,2021-05-25,477,109763,209,46754,223,58055,45,4954,162,13958,311,50255,206,64213,California
Shasta,2021-05-26,372,110135,146,46900,201,58256,25,4979,147,13906,224,50479,172,64385,California
Shasta,2021-05-27,418,110553,152,47052,257,58513,9,4988,155,13810,260,50739,164,64549,California
Shasta,2021-05-28,441,110994,197,47249,215,58728,29,5017,204,13809,234,50973,233,64782,California
Shasta,2021-05-29,227,111221,66,47315,130,58858,31,5048,89,13789,138,51111,118,64900,California
Shasta,2021-05-30,84,111305,48,47363,34,58892,2,5050,53,13813,31,51142,55,64955,California
Shasta,2021-05-31,34,111339,8,47371,25,58917,1,5051,11,13803,22,51164,12,64967,California
Shasta,2021-06-01,523,111862,154,47525,224,59141,145,5196,133,13698,384,51548,279,65246,California
Shasta,2021-06-02,294,112156,119,47644,166,59307,9,5205,119,13653,173,51721,128,65374,California
Shasta,2021-06-03,372,112528,159,47803,204,59511,9,5214,120,13531,251,51972,129,65503,California
Shasta,2021-06-04,566,113094,281,48084,257,59768,28,5242,197,13389,367,52339,225,65728,California
Shasta,2021-06-05,261,113355,156,48240,88,59856,17,5259,79,13305,181,52520,97,65825,California
Shasta,2021-06-06,162,113517,128,48368,32,59888,2,5261,48,13241,114,52634,50,65875,California
Shasta,2021-06-07,405,113922,236,48604,152,60040,17,5278,109,13072,295,52929,126,66001,California
Shasta,2021-06-08,514,114436,308,48912,160,60200,46,5324,152,12910,359,53288,197,66198,California
Shasta,2021-06-09,483,114919,272,49184,123,60323,88,5412,111,12740,369,53657,199,66397,California
Shasta,2021-06-10,411,115330,246,49430,140,60463,25,5437,127,12614,278,53935,152,66549,California
Shasta,2021-06-11,466,115796,253,49683,176,60639,37,5474,128,12442,336,54271,164,66713,California
Shasta,2021-06-12,211,116007,138,49821,67,60706,6,5480,77,12392,133,54404,83,66796,California
Shasta,2021-06-13,90,116097,56,49877,32,60738,2,5482,26,12356,64,54468,28,66824,California
Shasta,2021-06-14,284,116381,155,50032,111,60849,18,5500,83,12257,200,54668,101,66925,California
Shasta,2021-06-15,465,116846,236,50268,113,60962,116,5616,163,12234,296,54964,273,67198,California
Shasta,2021-06-16,260,117106,154,50422,94,61056,12,5628,84,12159,171,55135,96,67294,California
Shasta,2021-06-17,286,117392,121,50543,129,61185,36,5664,101,12112,184,55319,137,67431,California
Shasta,2021-06-18,367,117759,224,50767,122,61307,21,5685,153,12073,213,55532,174,67605,California
Shasta,2021-06-19,115,117874,75,50842,38,61345,2,5687,52,12065,62,55594,54,67659,California
Shasta,2021-06-20,57,117931,36,50878,18,61363,3,5690,21,12053,36,55630,24,67683,California
Shasta,2021-06-21,202,118133,64,50942,109,61472,29,5719,81,12043,120,55750,110,67793,California
Shasta,2021-06-22,374,118507,142,51084,81,61553,151,5870,94,12006,272,56022,235,68028,California
Shasta,2021-06-23,221,118728,130,51214,74,61627,17,5887,92,11987,128,56150,109,68137,California
Shasta,2021-06-24,226,118954,137,51351,70,61697,19,5906,90,11962,134,56284,109,68246,California
Shasta,2021-06-25,297,119251,202,51553,82,61779,13,5919,122,11921,175,56459,134,68380,California
Shasta,2021-06-26,137,119388,80,51633,47,61826,10,5929,55,11905,81,56540,65,68445,California
Shasta,2021-06-27,68,119456,45,51678,19,61845,4,5933,24,11889,44,56584,28,68473,California
Shasta,2021-06-28,187,119643,121,51799,49,61894,17,5950,92,11903,95,56679,109,68582,California
Shasta,2021-06-29,270,119913,159,51958,83,61977,28,5978,101,11866,166,56845,129,68711,California
Shasta,2021-06-30,208,120121,120,52078,76,62053,12,5990,90,11852,116,56961,102,68813,California
Shasta,2021-07-01,206,120327,133,52211,62,62115,11,6001,80,11819,124,57085,91,68904,California
Shasta,2021-07-02,267,120594,171,52382,82,62197,14,6015,120,11809,144,57229,134,69038,California
Shasta,2021-07-03,117,120711,79,52461,32,62229,6,6021,51,11800,66,57295,57,69095,California
Shasta,2021-07-04,5,120716,1,52462,3,62232,1,6022,1,11798,4,57299,2,69097,California
Shasta,2021-07-05,110,120826,61,52523,39,62271,10,6032,47,11793,62,57361,57,69154,California
Shasta,2021-07-06,296,121122,174,52697,102,62373,20,6052,88,11696,205,57566,108,69262,California
Shasta,2021-07-07,195,121317,102,52799,57,62430,36,6088,64,11668,128,57694,100,69362,California
Shasta,2021-07-08,215,121532,120,52919,77,62507,18,6106,85,11641,129,57823,102,69464,California
Shasta,2021-07-09,230,121762,160,53079,62,62569,8,6114,92,11603,138,57961,100,69564,California
Shasta,2021-07-10,97,121859,60,53139,33,62602,4,6118,42,11594,55,58016,46,69610,California
Shasta,2021-07-11,43,121902,20,53159,21,62623,2,6120,18,11589,25,58041,20,69630,California
Shasta,2021-07-12,96,121998,55,53214,35,62658,6,6126,35,11569,61,58102,41,69671,California
Sierra,2020-12-18,1,1,1,1,0,0,0,0,1,1,0,0,1,1,California
Sierra,2020-12-21,2,3,2,3,0,0,0,0,2,3,0,0,2,3,California
Sierra,2020-12-22,12,15,12,15,0,0,0,0,12,15,0,0,12,15,California
Sierra,2020-12-23,4,19,4,19,0,0,0,0,4,19,0,0,4,19,California
Sierra,2020-12-28,1,20,0,19,1,1,0,0,1,20,0,0,1,20,California
Sierra,2020-12-29,49,69,7,26,42,43,0,0,49,69,0,0,49,69,California
Sierra,2020-12-30,2,71,0,26,2,45,0,0,2,71,0,0,2,71,California
Sierra,2020-12-31,13,84,0,26,13,58,0,0,13,84,0,0,13,84,California
Sierra,2021-01-01,1,85,1,27,0,58,0,0,1,85,0,0,1,85,California
Sierra,2021-01-05,63,148,2,29,61,119,0,0,63,148,0,0,63,148,California
Sierra,2021-01-06,1,149,1,30,0,119,0,0,1,149,0,0,1,149,California
Sierra,2021-01-07,21,170,1,31,20,139,0,0,20,168,1,1,20,169,California
Sierra,2021-01-08,1,171,1,32,0,139,0,0,1,169,0,1,1,170,California
Sierra,2021-01-11,3,174,3,35,0,139,0,0,0,166,3,4,0,170,California
Sierra,2021-01-12,39,213,12,47,27,166,0,0,27,181,12,16,27,197,California
Sierra,2021-01-13,4,217,3,50,1,167,0,0,1,179,3,19,1,198,California
Sierra,2021-01-14,35,252,2,52,33,200,0,0,35,214,0,19,35,233,California
Sierra,2021-01-15,3,255,1,53,2,202,0,0,3,217,0,19,3,236,California
Sierra,2021-01-18,3,258,0,53,3,205,0,0,3,220,0,19,3,239,California
Sierra,2021-01-19,31,289,0,53,31,236,0,0,31,251,0,19,31,270,California
Sierra,2021-01-20,1,290,1,54,0,236,0,0,1,252,0,19,1,271,California
Sierra,2021-01-21,52,342,0,54,52,288,0,0,52,304,0,19,52,323,California
Sierra,2021-01-22,2,344,0,54,2,290,0,0,2,306,0,19,2,325,California
Sierra,2021-01-23,2,346,0,54,2,292,0,0,2,308,0,19,2,327,California
Sierra,2021-01-25,1,347,1,55,0,292,0,0,1,309,0,19,1,328,California
Sierra,2021-01-26,62,409,1,56,61,353,0,0,24,295,38,57,24,352,California
Sierra,2021-01-27,4,413,4,60,0,353,0,0,0,291,4,61,0,352,California
Sierra,2021-01-28,53,466,0,60,53,406,0,0,43,324,10,71,43,395,California
Sierra,2021-01-29,2,468,0,60,2,408,0,0,2,326,0,71,2,397,California
Sierra,2021-01-30,3,471,3,63,0,408,0,0,2,327,1,72,2,399,California
Sierra,2021-02-01,1,472,0,63,1,409,0,0,0,326,1,73,0,399,California
Sierra,2021-02-02,57,529,1,64,56,465,0,0,18,305,39,112,18,417,California
Sierra,2021-02-03,6,535,5,69,1,466,0,0,5,309,1,113,5,422,California
Sierra,2021-02-04,102,637,5,74,97,563,0,0,53,313,49,162,53,475,California
Sierra,2021-02-05,6,643,4,78,2,565,0,0,5,317,1,163,5,480,California
Sierra,2021-02-09,51,694,0,78,51,616,0,0,48,362,3,166,48,528,California
Sierra,2021-02-10,5,699,2,80,3,619,0,0,4,365,1,167,4,532,California
Sierra,2021-02-11,194,893,1,81,193,812,0,0,133,437,61,228,133,665,California
Sierra,2021-02-12,20,913,0,81,20,832,0,0,20,457,0,228,20,685,California
Sierra,2021-02-13,1,914,1,82,0,832,0,0,1,458,0,228,1,686,California
Sierra,2021-02-15,4,918,3,85,1,833,0,0,0,454,4,232,0,686,California
Sierra,2021-02-16,43,961,1,86,42,875,0,0,10,431,33,265,10,696,California
Sierra,2021-02-17,4,965,0,86,4,879,0,0,1,429,3,268,1,697,California
Sierra,2021-02-18,137,1102,0,86,137,1016,0,0,88,468,49,317,88,785,California
Sierra,2021-02-19,2,1104,1,87,1,1017,0,0,1,468,1,318,1,786,California
Sierra,2021-02-20,2,1106,2,89,0,1017,0,0,0,466,2,320,0,786,California
Sierra,2021-02-22,1,1107,1,90,0,1017,0,0,1,467,0,320,1,787,California
Sierra,2021-02-23,4,1111,0,90,4,1021,0,0,4,471,0,320,4,791,California
Sierra,2021-02-24,3,1114,2,92,1,1022,0,0,3,474,0,320,3,794,California
Sierra,2021-02-25,124,1238,2,94,122,1144,0,0,58,467,65,385,58,852,California
Sierra,2021-02-26,11,1249,6,100,5,1149,0,0,4,464,7,392,4,856,California
Sierra,2021-02-27,2,1251,2,102,0,1149,0,0,0,462,2,394,0,856,California
Sierra,2021-03-01,2,1253,2,104,0,1149,0,0,0,460,2,396,0,856,California
Sierra,2021-03-02,56,1309,0,104,56,1205,0,0,38,480,18,414,38,894,California
Sierra,2021-03-03,2,1311,2,106,0,1205,0,0,1,480,1,415,1,895,California
Sierra,2021-03-04,108,1419,0,106,108,1313,0,0,60,492,48,463,60,955,California
Sierra,2021-03-05,13,1432,1,107,12,1325,0,0,11,501,2,465,11,966,California
Sierra,2021-03-07,1,1433,1,108,0,1325,0,0,0,500,1,466,0,966,California
Sierra,2021-03-08,2,1435,2,110,0,1325,0,0,2,502,0,466,2,968,California
Sierra,2021-03-09,56,1491,0,110,56,1381,0,0,12,470,44,510,12,980,California
Sierra,2021-03-10,6,1497,0,110,6,1387,0,0,4,472,2,512,4,984,California
Sierra,2021-03-11,171,1668,0,110,171,1558,0,0,40,381,131,643,40,1024,California
Sierra,2021-03-12,20,1688,1,111,19,1577,0,0,0,361,20,663,0,1024,California
Sierra,2021-03-13,27,1715,0,111,27,1604,0,0,27,388,0,663,27,1051,California
Sierra,2021-03-14,1,1716,0,111,0,1604,1,1,0,388,1,664,1,1052,California
Sierra,2021-03-15,2,1718,1,112,0,1604,1,2,0,387,2,666,1,1053,California
Sierra,2021-03-16,35,1753,0,112,34,1638,1,3,22,397,13,679,23,1076,California
Sierra,2021-03-17,3,1756,2,114,1,1639,0,3,0,394,3,682,0,1076,California
Sierra,2021-03-18,155,1911,0,114,155,1794,0,3,65,369,90,772,65,1141,California
Sierra,2021-03-19,4,1915,2,116,2,1796,0,3,1,367,3,775,1,1142,California
Sierra,2021-03-20,1,1916,0,116,1,1797,0,3,1,368,0,775,1,1143,California
Sierra,2021-03-23,22,1938,0,116,22,1819,0,3,13,372,9,784,13,1156,California
Sierra,2021-03-24,3,1941,1,117,2,1821,0,3,1,371,2,786,1,1157,California
Sierra,2021-03-25,98,2039,0,117,98,1919,0,3,49,371,49,835,49,1206,California
Sierra,2021-03-26,12,2051,1,118,11,1930,0,3,8,375,4,839,8,1214,California
Sierra,2021-03-27,1,2052,0,118,1,1931,0,3,0,374,1,840,0,1214,California
Sierra,2021-03-29,1,2053,1,119,0,1931,0,3,0,373,1,841,0,1214,California
Sierra,2021-03-30,54,2107,1,120,53,1984,0,3,22,363,32,873,22,1236,California
Sierra,2021-03-31,8,2115,0,120,8,1992,0,3,8,371,0,873,8,1244,California
Sierra,2021-04-01,63,2178,1,121,62,2054,0,3,5,320,56,929,5,1249,California
Sierra,2021-04-02,3,2181,2,123,1,2055,0,3,2,321,1,930,2,1251,California
Sierra,2021-04-04,1,2182,0,123,1,2056,0,3,0,321,0,930,0,1251,California
Sierra,2021-04-06,11,2193,0,123,11,2067,0,3,1,312,10,940,1,1252,California
Sierra,2021-04-07,14,2207,3,126,6,2073,5,8,3,310,10,950,8,1260,California
Sierra,2021-04-08,53,2260,2,128,51,2124,0,8,16,289,37,987,16,1276,California
Sierra,2021-04-09,2,2262,2,130,0,2124,0,8,1,289,1,988,1,1277,California
Sierra,2021-04-10,27,2289,0,130,27,2151,0,8,0,262,27,1015,0,1277,California
Sierra,2021-04-13,43,2332,0,130,43,2194,0,8,5,229,38,1053,5,1282,California
Sierra,2021-04-14,1,2333,0,130,1,2195,0,8,1,230,0,1053,1,1283,California
Sierra,2021-04-15,48,2381,1,131,47,2242,0,8,2,186,46,1099,2,1285,California
Sierra,2021-04-17,2,2383,1,132,1,2243,0,8,1,186,1,1100,1,1286,California
Sierra,2021-04-18,1,2384,0,132,1,2244,0,8,0,186,0,1100,0,1286,California
Sierra,2021-04-19,1,2385,1,133,0,2244,0,8,0,185,1,1101,0,1286,California
Sierra,2021-04-20,33,2418,0,133,33,2277,0,8,7,166,26,1127,7,1293,California
Sierra,2021-04-21,2,2420,1,134,1,2278,0,8,1,166,1,1128,1,1294,California
Sierra,2021-04-22,64,2484,1,135,63,2341,0,8,5,113,58,1186,5,1299,California
Sierra,2021-04-23,13,2497,0,135,13,2354,0,8,4,108,9,1195,4,1303,California
Sierra,2021-04-24,4,2501,0,135,4,2358,0,8,4,112,0,1195,4,1307,California
Sierra,2021-04-26,1,2502,0,135,1,2359,0,8,1,113,0,1195,1,1308,California
Sierra,2021-04-27,27,2529,0,135,27,2386,0,8,4,94,23,1218,4,1312,California
Sierra,2021-04-28,10,2539,2,137,8,2394,0,8,1,86,9,1227,1,1313,California
Sierra,2021-04-29,20,2559,2,139,18,2412,0,8,14,94,6,1233,14,1327,California
Sierra,2021-04-30,4,2563,2,141,2,2414,0,8,2,94,2,1235,2,1329,California
Sierra,2021-05-01,1,2564,0,141,1,2415,0,8,0,94,0,1235,0,1329,California
Sierra,2021-05-03,1,2565,1,142,0,2415,0,8,1,95,0,1235,1,1330,California
Sierra,2021-05-04,1,2566,0,142,1,2416,0,8,0,94,1,1236,0,1330,California
Sierra,2021-05-05,23,2589,1,143,22,2438,0,8,8,87,15,1251,8,1338,California
Sierra,2021-05-06,1,2590,1,144,0,2438,0,8,0,86,1,1252,0,1338,California
Sierra,2021-05-07,1,2591,1,145,0,2438,0,8,1,87,0,1252,1,1339,California
Sierra,2021-05-08,1,2592,0,145,0,2438,1,9,0,87,1,1253,1,1340,California
Sierra,2021-05-11,11,2603,0,145,4,2442,7,16,0,83,11,1264,7,1347,California
Sierra,2021-05-12,11,2614,1,146,10,2452,0,16,8,88,3,1267,8,1355,California
Sierra,2021-05-13,3,2617,2,148,1,2453,0,16,2,89,1,1268,2,1357,California
Sierra,2021-05-14,3,2620,1,149,2,2455,0,16,3,92,0,1268,3,1360,California
Sierra,2021-05-17,1,2621,1,150,0,2455,0,16,1,93,0,1268,1,1361,California
Sierra,2021-05-18,2,2623,0,150,1,2456,1,17,0,92,2,1270,1,1362,California
Sierra,2021-05-19,6,2629,2,152,4,2460,0,17,2,90,4,1274,2,1364,California
Sierra,2021-05-20,9,2638,8,160,0,2460,1,18,8,98,1,1275,9,1373,California
Sierra,2021-05-21,4,2642,2,162,2,2462,0,18,1,96,3,1278,1,1374,California
Sierra,2021-05-22,5,2647,0,162,5,2467,0,18,1,93,4,1282,1,1375,California
Sierra,2021-05-23,1,2648,0,162,1,2468,0,18,1,94,0,1282,1,1376,California
Sierra,2021-05-24,3,2651,1,163,2,2470,0,18,2,95,1,1283,2,1378,California
Sierra,2021-05-25,3,2654,0,163,3,2473,0,18,1,94,2,1285,1,1379,California
Sierra,2021-05-26,8,2662,0,163,8,2481,0,18,4,94,4,1289,4,1383,California
Sierra,2021-05-27,9,2671,1,164,7,2488,1,19,2,90,7,1296,3,1386,California
Sierra,2021-05-28,4,2675,2,166,2,2490,0,19,2,90,2,1298,2,1388,California
Sierra,2021-05-29,2,2677,0,166,2,2492,0,19,2,92,0,1298,2,1390,California
Sierra,2021-05-30,1,2678,1,167,0,2492,0,19,1,93,0,1298,1,1391,California
Sierra,2021-06-01,1,2679,0,167,1,2493,0,19,0,92,1,1299,0,1391,California
Sierra,2021-06-02,23,2702,0,167,21,2514,2,21,0,72,22,1321,2,1393,California
Sierra,2021-06-03,3,2705,2,169,1,2515,0,21,0,69,3,1324,0,1393,California
Sierra,2021-06-04,2,2707,2,171,0,2515,0,21,1,69,1,1325,1,1394,California
Sierra,2021-06-08,1,2708,1,172,0,2515,0,21,1,70,0,1325,1,1395,California
Sierra,2021-06-09,8,2716,1,173,5,2520,2,23,0,64,8,1333,2,1397,California
Sierra,2021-06-10,8,2724,8,181,0,2520,0,23,4,64,4,1337,4,1401,California
Sierra,2021-06-11,3,2727,1,182,2,2522,0,23,0,61,3,1340,0,1401,California
Sierra,2021-06-12,1,2728,1,183,0,2522,0,23,1,62,0,1340,1,1402,California
Sierra,2021-06-13,1,2729,1,184,0,2522,0,23,0,61,1,1341,0,1402,California
Sierra,2021-06-14,7,2736,5,189,1,2523,1,24,3,61,4,1345,4,1406,California
Sierra,2021-06-15,2,2738,1,190,1,2524,0,24,1,62,0,1345,1,1407,California
Sierra,2021-06-16,6,2744,1,191,5,2529,0,24,2,60,4,1349,2,1409,California
Sierra,2021-06-17,4,2748,2,193,1,2530,1,25,2,61,2,1351,3,1412,California
Sierra,2021-06-18,2,2750,1,194,0,2530,1,26,0,60,2,1353,1,1413,California
Sierra,2021-06-21,1,2751,0,194,1,2531,0,26,0,59,1,1354,0,1413,California
Sierra,2021-06-22,5,2756,3,197,2,2533,0,26,3,60,2,1356,3,1416,California
Sierra,2021-06-23,6,2762,0,197,6,2539,0,26,2,58,4,1360,2,1418,California
Sierra,2021-06-24,6,2768,0,197,2,2541,4,30,1,58,5,1365,5,1423,California
Sierra,2021-06-27,1,2769,1,198,0,2541,0,30,1,59,0,1365,1,1424,California
Sierra,2021-06-28,1,2770,0,198,0,2541,1,31,0,59,1,1366,1,1425,California
Sierra,2021-06-30,3,2773,2,200,0,2541,1,32,1,59,2,1368,2,1427,California
Sierra,2021-07-01,3,2776,1,201,2,2543,0,32,2,60,1,1369,2,1429,California
Sierra,2021-07-02,1,2777,1,202,0,2543,0,32,0,59,1,1370,0,1429,California
Sierra,2021-07-03,1,2778,1,203,0,2543,0,32,0,58,1,1371,0,1429,California
Sierra,2021-07-06,1,2779,1,204,0,2543,0,32,0,57,1,1372,0,1429,California
Sierra,2021-07-07,6,2785,6,210,0,2543,0,32,2,55,4,1376,2,1431,California
Sierra,2021-07-08,2,2787,1,211,1,2544,0,32,1,55,1,1377,1,1432,California
Sierra,2021-07-09,2,2789,2,213,0,2544,0,32,2,57,0,1377,2,1434,California
Sierra,2021-07-12,1,2790,0,213,1,2545,0,32,0,56,1,1378,0,1434,California
Siskiyou,2020-12-16,2,2,2,2,0,0,0,0,2,2,0,0,2,2,California
Siskiyou,2020-12-17,4,6,4,6,0,0,0,0,4,6,0,0,4,6,California
Siskiyou,2020-12-18,2,8,2,8,0,0,0,0,2,8,0,0,2,8,California
Siskiyou,2020-12-19,4,12,4,12,0,0,0,0,4,12,0,0,4,12,California
Siskiyou,2020-12-20,1,13,1,13,0,0,0,0,1,13,0,0,1,13,California
Siskiyou,2020-12-21,132,145,132,145,0,0,0,0,132,145,0,0,132,145,California
Siskiyou,2020-12-22,161,306,161,306,0,0,0,0,161,306,0,0,161,306,California
Siskiyou,2020-12-23,142,448,142,448,0,0,0,0,142,448,0,0,142,448,California
Siskiyou,2020-12-24,5,453,5,453,0,0,0,0,5,453,0,0,5,453,California
Siskiyou,2020-12-26,2,455,0,453,2,2,0,0,2,455,0,0,2,455,California
Siskiyou,2020-12-27,2,457,0,453,2,4,0,0,2,457,0,0,2,457,California
Siskiyou,2020-12-28,4,461,2,455,2,6,0,0,4,461,0,0,4,461,California
Siskiyou,2020-12-29,6,467,2,457,4,10,0,0,6,467,0,0,6,467,California
Siskiyou,2020-12-30,101,568,4,461,97,107,0,0,101,568,0,0,101,568,California
Siskiyou,2020-12-31,12,580,0,461,12,119,0,0,12,580,0,0,12,580,California
Siskiyou,2021-01-02,1,581,1,462,0,119,0,0,1,581,0,0,1,581,California
Siskiyou,2021-01-03,1,582,0,462,1,120,0,0,1,582,0,0,1,582,California
Siskiyou,2021-01-04,132,714,3,465,129,249,0,0,132,714,0,0,132,714,California
Siskiyou,2021-01-05,116,830,4,469,112,361,0,0,114,827,2,2,115,829,California
Siskiyou,2021-01-06,61,891,6,475,55,416,0,0,57,880,4,6,57,886,California
Siskiyou,2021-01-07,176,1067,4,479,172,588,0,0,175,1054,1,7,175,1061,California
Siskiyou,2021-01-08,45,1112,3,482,42,630,0,0,43,1095,2,9,43,1104,California
Siskiyou,2021-01-09,3,1115,3,485,0,630,0,0,1,1094,2,11,1,1105,California
Siskiyou,2021-01-11,292,1407,135,620,157,787,0,0,159,1120,133,144,159,1264,California
Siskiyou,2021-01-12,254,1661,205,825,49,836,0,0,90,1047,164,308,91,1355,California
Siskiyou,2021-01-13,161,1822,140,965,21,857,0,0,23,932,138,446,23,1378,California
Siskiyou,2021-01-14,36,1858,1,966,35,892,0,0,35,966,1,447,35,1413,California
Siskiyou,2021-01-15,55,1913,3,969,52,944,0,0,55,1021,0,447,55,1468,California
Siskiyou,2021-01-16,7,1920,2,971,5,949,0,0,7,1028,0,447,7,1475,California
Siskiyou,2021-01-17,1,1921,1,972,0,949,0,0,0,1027,1,448,0,1475,California
Siskiyou,2021-01-18,74,1995,2,974,72,1021,0,0,73,1099,1,449,73,1548,California
Siskiyou,2021-01-19,41,2036,1,975,40,1061,0,0,40,1138,1,450,40,1588,California
Siskiyou,2021-01-20,68,2104,35,1010,33,1094,0,0,64,1198,4,454,64,1652,California
Siskiyou,2021-01-21,69,2173,1,1011,68,1162,0,0,69,1267,0,454,69,1721,California
Siskiyou,2021-01-22,1345,3518,1177,2188,168,1330,0,0,1345,2612,0,454,1345,3066,California
Siskiyou,2021-01-23,6,3524,2,2190,4,1334,0,0,3,2612,3,457,3,3069,California
Siskiyou,2021-01-25,209,3733,9,2199,200,1534,0,0,205,2813,4,461,205,3274,California
Siskiyou,2021-01-26,158,3891,4,2203,154,1688,0,0,149,2953,9,470,149,3423,California
Siskiyou,2021-01-27,203,4094,3,2206,200,1888,0,0,138,3027,64,534,138,3561,California
Siskiyou,2021-01-28,260,4354,118,2324,142,2030,0,0,235,3243,19,553,235,3796,California
Siskiyou,2021-01-29,271,4625,3,2327,268,2298,0,0,252,3476,19,572,252,4048,California
Siskiyou,2021-01-30,6,4631,5,2332,1,2299,0,0,6,3482,0,572,6,4054,California
Siskiyou,2021-02-01,215,4846,3,2335,212,2511,0,0,114,3495,101,673,114,4168,California
Siskiyou,2021-02-02,318,5164,45,2380,273,2784,0,0,164,3505,154,827,164,4332,California
Siskiyou,2021-02-03,334,5498,1,2381,333,3117,0,0,265,3701,69,896,265,4597,California
Siskiyou,2021-02-04,370,5868,7,2388,363,3480,0,0,229,3789,141,1037,229,4826,California
Siskiyou,2021-02-05,557,6425,4,2392,553,4033,0,0,381,3994,176,1213,381,5207,California
Siskiyou,2021-02-06,15,6440,0,2392,15,4048,0,0,15,4009,0,1213,15,5222,California
Siskiyou,2021-02-07,2,6442,1,2393,1,4049,0,0,2,4011,0,1213,2,5224,California
Siskiyou,2021-02-08,242,6684,4,2397,238,4287,0,0,217,4203,25,1238,217,5441,California
Siskiyou,2021-02-09,236,6920,4,2401,232,4519,0,0,184,4335,52,1290,184,5625,California
Siskiyou,2021-02-10,389,7309,41,2442,348,4867,0,0,319,4585,69,1359,319,5944,California
Siskiyou,2021-02-11,215,7524,1,2443,214,5081,0,0,185,4740,30,1389,185,6129,California
Siskiyou,2021-02-12,1705,9229,1199,3642,506,5587,0,0,497,4029,1208,2597,497,6626,California
Siskiyou,2021-02-13,36,9265,2,3644,34,5621,0,0,31,4055,5,2602,31,6657,California
Siskiyou,2021-02-14,6,9271,2,3646,4,5625,0,0,6,4061,0,2602,6,6663,California
Siskiyou,2021-02-15,106,9377,9,3655,97,5722,0,0,103,4161,3,2605,103,6766,California
Siskiyou,2021-02-16,137,9514,2,3657,135,5857,0,0,100,4224,37,2642,100,6866,California
Siskiyou,2021-02-17,298,9812,16,3673,282,6139,0,0,261,4448,37,2679,261,7127,California
Siskiyou,2021-02-18,273,10085,89,3762,184,6323,0,0,129,4433,144,2823,129,7256,California
Siskiyou,2021-02-19,97,10182,34,3796,63,6386,0,0,36,4410,59,2882,36,7292,California
Siskiyou,2021-02-20,23,10205,5,3801,18,6404,0,0,16,4421,7,2889,18,7310,California
Siskiyou,2021-02-21,1,10206,1,3802,0,6404,0,0,1,4422,0,2889,1,7311,California
Siskiyou,2021-02-22,218,10424,2,3804,216,6620,0,0,78,4360,140,3029,78,7389,California
Siskiyou,2021-02-23,346,10770,14,3818,332,6952,0,0,194,4402,152,3181,194,7583,California
Siskiyou,2021-02-24,173,10943,5,3823,168,7120,0,0,50,4329,123,3304,50,7633,California
Siskiyou,2021-02-25,319,11262,26,3849,293,7413,0,0,162,4335,156,3460,162,7795,California
Siskiyou,2021-02-26,683,11945,11,3860,672,8085,0,0,372,4396,311,3771,372,8167,California
Siskiyou,2021-02-27,31,11976,5,3865,26,8111,0,0,27,4419,4,3775,27,8194,California
Siskiyou,2021-02-28,4,11980,4,3869,0,8111,0,0,3,4421,1,3776,3,8197,California
Siskiyou,2021-03-01,295,12275,6,3875,289,8400,0,0,51,4228,244,4020,51,8248,California
Siskiyou,2021-03-02,211,12486,1,3876,210,8610,0,0,70,4157,141,4161,70,8318,California
Siskiyou,2021-03-03,353,12839,12,3888,341,8951,0,0,155,4114,198,4359,155,8473,California
Siskiyou,2021-03-04,833,13672,623,4511,210,9161,0,0,647,4575,186,4545,647,9120,California
Siskiyou,2021-03-05,353,14025,6,4517,336,9497,11,11,105,4446,245,4790,116,9236,California
Siskiyou,2021-03-06,43,14068,3,4520,33,9530,7,18,28,4466,15,4805,35,9271,California
Siskiyou,2021-03-07,12,14080,4,4524,0,9530,8,26,2,4466,10,4815,10,9281,California
Siskiyou,2021-03-08,439,14519,28,4552,377,9907,34,60,68,4197,371,5186,102,9383,California
Siskiyou,2021-03-09,248,14767,2,4554,192,10099,54,114,44,4091,204,5390,98,9481,California
Siskiyou,2021-03-10,299,15066,7,4561,262,10361,30,144,26,3874,273,5663,56,9537,California
Siskiyou,2021-03-11,521,15587,205,4766,269,10630,47,191,282,3965,238,5901,329,9866,California
Siskiyou,2021-03-12,704,16291,148,4914,517,11147,39,230,191,3683,511,6412,229,10095,California
Siskiyou,2021-03-13,426,16717,378,5292,25,11172,23,253,378,4036,48,6460,401,10496,California
Siskiyou,2021-03-14,19,16736,0,5292,3,11175,16,269,1,4035,18,6478,17,10513,California
Siskiyou,2021-03-15,515,17251,258,5550,193,11368,64,333,339,4262,176,6654,403,10916,California
Siskiyou,2021-03-16,251,17502,28,5578,206,11574,17,350,134,4297,116,6770,151,11067,California
Siskiyou,2021-03-17,204,17706,9,5587,187,11761,8,358,35,4171,169,6939,43,11110,California
Siskiyou,2021-03-18,928,18634,790,6377,126,11887,12,370,807,4870,120,7059,819,11929,California
Siskiyou,2021-03-19,68,18702,10,6387,45,11932,13,383,19,4853,49,7108,32,11961,California
Siskiyou,2021-03-20,29,18731,7,6394,18,11950,4,387,6,4840,23,7131,10,11971,California
Siskiyou,2021-03-21,9,18740,3,6397,1,11951,5,392,3,4842,6,7137,8,11979,California
Siskiyou,2021-03-22,207,18947,21,6418,164,12115,22,414,143,4946,61,7198,165,12144,California
Siskiyou,2021-03-23,194,19141,19,6437,166,12281,9,423,141,5042,53,7251,149,12293,California
Siskiyou,2021-03-24,144,19285,48,6485,96,12377,0,423,115,5128,29,7280,115,12408,California
Siskiyou,2021-03-25,573,19858,320,6805,250,12627,3,426,399,5356,174,7454,402,12810,California
Siskiyou,2021-03-26,308,20166,35,6840,273,12900,0,426,101,5252,205,7659,101,12911,California
Siskiyou,2021-03-27,38,20204,5,6845,28,12928,5,431,10,5239,28,7687,15,12926,California
Siskiyou,2021-03-28,8,20212,7,6852,1,12929,0,431,5,5241,3,7690,5,12931,California
Siskiyou,2021-03-29,95,20307,10,6862,83,13012,2,433,46,5240,49,7739,48,12979,California
Siskiyou,2021-03-30,98,20405,6,6868,91,13103,1,434,40,5223,58,7797,41,13020,California
Siskiyou,2021-03-31,191,20596,21,6889,167,13270,3,437,48,5135,140,7937,52,13072,California
Siskiyou,2021-04-01,829,21425,670,7559,159,13429,0,437,214,4734,615,8552,214,13286,California
Siskiyou,2021-04-02,347,21772,197,7756,146,13575,4,441,66,4525,279,8831,70,13356,California
Siskiyou,2021-04-03,26,21798,5,7761,14,13589,7,448,5,4516,21,8852,12,13368,California
Siskiyou,2021-04-04,1,21799,0,7761,1,13590,0,448,1,4517,0,8852,1,13369,California
Siskiyou,2021-04-05,437,22236,331,8092,80,13670,26,474,26,4159,410,9262,52,13421,California
Siskiyou,2021-04-06,223,22459,37,8129,133,13803,53,527,129,4248,92,9354,181,13602,California
Siskiyou,2021-04-07,118,22577,11,8140,65,13868,42,569,66,4305,52,9406,109,13711,California
Siskiyou,2021-04-08,356,22933,187,8327,127,13995,42,611,65,4121,291,9697,107,13818,California
Siskiyou,2021-04-09,548,23481,378,8705,132,14127,38,649,85,3783,462,10159,124,13942,California
Siskiyou,2021-04-10,43,23524,5,8710,2,14129,36,685,5,3786,38,10197,41,13983,California
Siskiyou,2021-04-11,7,23531,4,8714,1,14130,2,687,2,3785,5,10202,4,13987,California
Siskiyou,2021-04-12,129,23660,24,8738,103,14233,2,689,31,3720,98,10300,33,14020,California
Siskiyou,2021-04-13,206,23866,36,8774,169,14402,1,690,81,3677,125,10425,82,14102,California
Siskiyou,2021-04-14,157,24023,64,8838,93,14495,0,690,85,3692,70,10495,85,14187,California
Siskiyou,2021-04-15,1117,25140,957,9795,160,14655,0,690,438,3452,679,11174,439,14626,California
Siskiyou,2021-04-16,314,25454,219,10014,95,14750,0,690,270,3680,42,11216,270,14896,California
Siskiyou,2021-04-17,11,25465,8,10022,3,14753,0,690,7,3683,4,11220,7,14903,California
Siskiyou,2021-04-18,6,25471,3,10025,3,14756,0,690,2,3681,4,11224,2,14905,California
Siskiyou,2021-04-19,128,25599,24,10049,104,14860,0,690,46,3645,82,11306,46,14951,California
Siskiyou,2021-04-20,236,25835,5,10054,231,15091,0,690,94,3598,141,11447,94,15045,California
Siskiyou,2021-04-21,96,25931,10,10064,86,15177,0,690,26,3554,70,11517,26,15071,California
Siskiyou,2021-04-22,414,26345,301,10365,113,15290,0,690,49,3238,365,11882,49,15120,California
Siskiyou,2021-04-23,182,26527,15,10380,167,15457,0,690,160,3377,21,11903,160,15280,California
Siskiyou,2021-04-24,28,26555,4,10384,24,15481,0,690,20,3389,8,11911,20,15300,California
Siskiyou,2021-04-25,2,26557,0,10384,2,15483,0,690,2,3391,0,11911,2,15302,California
Siskiyou,2021-04-26,101,26658,4,10388,92,15575,5,695,24,3343,77,11988,29,15331,California
Siskiyou,2021-04-27,114,26772,5,10393,107,15682,2,697,87,3407,25,12013,89,15420,California
Siskiyou,2021-04-28,111,26883,8,10401,95,15777,8,705,53,3410,58,12071,61,15481,California
Siskiyou,2021-04-29,150,27033,16,10417,133,15910,1,706,30,3321,120,12191,31,15512,California
Siskiyou,2021-04-30,102,27135,20,10437,81,15991,1,707,45,3312,54,12245,45,15557,California
Siskiyou,2021-05-01,11,27146,7,10444,1,15992,3,710,7,3318,4,12249,10,15567,California
Siskiyou,2021-05-02,10,27156,4,10448,6,15998,0,710,9,3326,1,12250,9,15576,California
Siskiyou,2021-05-03,111,27267,23,10471,86,16084,2,712,46,3309,65,12315,48,15624,California
Siskiyou,2021-05-04,123,27390,7,10478,114,16198,2,714,60,3309,62,12377,62,15686,California
Siskiyou,2021-05-05,116,27506,20,10498,87,16285,9,723,39,3281,76,12453,48,15734,California
Siskiyou,2021-05-06,367,27873,296,10794,65,16350,6,729,190,3300,177,12630,196,15930,California
Siskiyou,2021-05-07,308,28181,219,11013,84,16434,5,734,31,3060,276,12906,36,15966,California
Siskiyou,2021-05-08,24,28205,4,11017,19,16453,1,735,18,3073,6,12912,19,15985,California
Siskiyou,2021-05-09,1,28206,0,11017,1,16454,0,735,0,3072,1,12913,0,15985,California
Siskiyou,2021-05-10,98,28304,67,11084,30,16484,1,736,21,3017,77,12990,22,16007,California
Siskiyou,2021-05-11,88,28392,8,11092,75,16559,5,741,52,3038,36,13026,57,16064,California
Siskiyou,2021-05-12,109,28501,4,11096,101,16660,4,745,17,2968,91,13117,21,16085,California
Siskiyou,2021-05-13,131,28632,35,11131,87,16747,9,754,38,2922,93,13210,47,16132,California
Siskiyou,2021-05-14,176,28808,82,11213,93,16840,1,755,108,2964,67,13277,109,16241,California
Siskiyou,2021-05-15,43,28851,13,11226,28,16868,2,757,36,2996,6,13283,38,16279,California
Siskiyou,2021-05-16,6,28857,2,11228,4,16872,0,757,4,2998,2,13285,4,16283,California
Siskiyou,2021-05-17,64,28921,1,11229,40,16912,23,780,11,2979,53,13338,34,16317,California
Siskiyou,2021-05-18,222,29143,83,11312,135,17047,4,784,125,3012,96,13434,129,16446,California
Siskiyou,2021-05-19,202,29345,97,11409,104,17151,1,785,168,3147,34,13468,169,16615,California
Siskiyou,2021-05-20,534,29879,430,11839,102,17253,2,787,238,3093,294,13762,240,16855,California
Siskiyou,2021-05-21,240,30119,95,11934,145,17398,0,787,109,3072,130,13892,109,16964,California
Siskiyou,2021-05-22,42,30161,19,11953,23,17421,0,787,27,3084,15,13907,27,16991,California
Siskiyou,2021-05-23,4,30165,3,11956,1,17422,0,787,2,3084,2,13909,2,16993,California
Siskiyou,2021-05-24,43,30208,3,11959,40,17462,0,787,29,3100,13,13922,29,17022,California
Siskiyou,2021-05-25,155,30363,15,11974,120,17582,20,807,49,3064,105,14027,69,17091,California
Siskiyou,2021-05-26,76,30439,19,11993,57,17639,0,807,41,3070,35,14062,41,17132,California
Siskiyou,2021-05-27,133,30572,94,12087,37,17676,2,809,57,3053,76,14138,59,17191,California
Siskiyou,2021-05-28,152,30724,58,12145,93,17769,1,810,100,3103,51,14189,101,17292,California
Siskiyou,2021-05-29,16,30740,9,12154,4,17773,3,813,5,3100,11,14200,8,17300,California
Siskiyou,2021-05-31,2,30742,1,12155,0,17773,1,814,1,3101,1,14201,2,17302,California
Siskiyou,2021-06-01,86,30828,20,12175,66,17839,0,814,29,3074,56,14257,29,17331,California
Siskiyou,2021-06-02,123,30951,33,12208,90,17929,0,814,47,3045,76,14333,47,17378,California
Siskiyou,2021-06-03,156,31107,109,12317,42,17971,5,819,40,2974,116,14449,45,17423,California
Siskiyou,2021-06-04,100,31207,76,12393,24,17995,0,819,21,2916,79,14528,21,17444,California
Siskiyou,2021-06-05,36,31243,17,12410,18,18013,1,820,14,2909,22,14550,15,17459,California
Siskiyou,2021-06-06,3,31246,2,12412,0,18013,1,821,0,2907,3,14553,1,17460,California
Siskiyou,2021-06-07,38,31284,4,12416,30,18043,4,825,26,2925,12,14565,30,17490,California
Siskiyou,2021-06-08,210,31494,94,12510,113,18156,3,828,65,2853,140,14705,68,17558,California
Siskiyou,2021-06-09,113,31607,84,12594,28,18184,1,829,31,2803,82,14787,32,17590,California
Siskiyou,2021-06-10,177,31784,145,12739,31,18215,1,830,77,2781,100,14887,78,17668,California
Siskiyou,2021-06-11,112,31896,60,12799,45,18260,7,837,23,2743,68,14955,30,17698,California
Siskiyou,2021-06-12,29,31925,6,12805,23,18283,0,837,9,2732,20,14975,9,17707,California
Siskiyou,2021-06-13,24,31949,16,12821,8,18291,0,837,2,2712,22,14997,2,17709,California
Siskiyou,2021-06-14,24,31973,4,12825,16,18307,4,841,11,2713,13,15010,14,17723,California
Siskiyou,2021-06-15,89,32062,22,12847,54,18361,13,854,32,2701,57,15067,45,17768,California
Siskiyou,2021-06-16,102,32164,23,12870,77,18438,2,856,10,2621,92,15159,12,17780,California
Siskiyou,2021-06-17,186,32350,142,13012,32,18470,12,868,40,2528,145,15304,52,17832,California
Siskiyou,2021-06-18,96,32446,61,13073,27,18497,8,876,19,2478,77,15381,27,17859,California
Siskiyou,2021-06-19,26,32472,17,13090,9,18506,0,876,12,2476,14,15395,12,17871,California
Siskiyou,2021-06-20,2,32474,1,13091,0,18506,1,877,1,2477,1,15396,2,17873,California
Siskiyou,2021-06-21,38,32512,3,13094,33,18539,2,879,5,2451,33,15429,7,17880,California
Siskiyou,2021-06-22,65,32577,24,13118,37,18576,4,883,31,2452,34,15463,35,17915,California
Siskiyou,2021-06-23,53,32630,7,13125,41,18617,5,888,11,2427,41,15504,16,17931,California
Siskiyou,2021-06-24,92,32722,51,13176,32,18649,9,897,46,2436,46,15550,55,17986,California
Siskiyou,2021-06-25,96,32818,60,13236,36,18685,0,897,65,2470,31,15581,65,18051,California
Siskiyou,2021-06-26,8,32826,3,13239,5,18690,0,897,4,2470,4,15585,4,18055,California
Siskiyou,2021-06-28,10,32836,4,13243,6,18696,0,897,5,2470,5,15590,5,18060,California
Siskiyou,2021-06-29,77,32913,52,13295,23,18719,2,899,40,2475,37,15627,42,18102,California
Siskiyou,2021-06-30,53,32966,10,13305,40,18759,3,902,13,2451,40,15667,16,18118,California
Siskiyou,2021-07-01,32,32998,20,13325,7,18766,5,907,9,2442,23,15690,14,18132,California
Siskiyou,2021-07-02,58,33056,36,13361,22,18788,0,907,40,2464,18,15708,40,18172,California
Siskiyou,2021-07-03,16,33072,5,13366,11,18799,0,907,9,2466,7,15715,9,18181,California
Siskiyou,2021-07-05,15,33087,5,13371,10,18809,0,907,4,2460,10,15725,4,18185,California
Siskiyou,2021-07-06,60,33147,14,13385,41,18850,5,912,18,2441,42,15767,23,18208,California
Siskiyou,2021-07-07,36,33183,10,13395,24,18874,2,914,12,2431,24,15791,14,18222,California
Siskiyou,2021-07-08,106,33289,75,13470,29,18903,2,916,44,2416,62,15853,47,18269,California
Siskiyou,2021-07-09,66,33355,42,13512,23,18926,1,917,51,2453,15,15868,52,18321,California
Siskiyou,2021-07-10,17,33372,7,13519,10,18936,0,917,8,2452,9,15877,8,18329,California
Siskiyou,2021-07-11,2,33374,0,13519,2,18938,0,917,2,2454,0,15877,2,18331,California
Siskiyou,2021-07-12,15,33389,2,13521,13,18951,0,917,3,2445,12,15889,3,18334,California
Solano,2020-12-15,4,4,4,4,0,0,0,0,4,4,0,0,4,4,California
Solano,2020-12-16,71,75,71,75,0,0,0,0,71,75,0,0,71,75,California
Solano,2020-12-17,171,246,171,246,0,0,0,0,171,246,0,0,171,246,California
Solano,2020-12-18,480,726,478,724,2,2,0,0,480,726,0,0,480,726,California
Solano,2020-12-19,522,1248,522,1246,0,2,0,0,522,1248,0,0,522,1248,California
Solano,2020-12-20,355,1603,353,1599,2,4,0,0,355,1603,0,0,355,1603,California
Solano,2020-12-21,576,2179,574,2173,2,6,0,0,576,2179,0,0,576,2179,California
Solano,2020-12-22,666,2845,631,2804,35,41,0,0,666,2845,0,0,666,2845,California
Solano,2020-12-23,862,3707,770,3574,92,133,0,0,861,3705,1,1,861,3706,California
Solano,2020-12-24,424,4131,170,3744,254,387,0,0,424,4129,0,1,424,4130,California
Solano,2020-12-25,9,4140,1,3745,8,395,0,0,9,4138,0,1,9,4139,California
Solano,2020-12-26,175,4315,47,3792,128,523,0,0,175,4313,0,1,175,4314,California
Solano,2020-12-27,106,4421,29,3821,77,600,0,0,106,4419,0,1,106,4420,California
Solano,2020-12-28,880,5301,434,4255,446,1046,0,0,880,5299,0,1,880,5300,California
Solano,2020-12-29,914,6215,376,4631,538,1584,0,0,914,6213,0,1,914,6214,California
Solano,2020-12-30,1243,7458,602,5233,641,2225,0,0,1243,7456,0,1,1243,7457,California
Solano,2020-12-31,546,8004,141,5374,405,2630,0,0,546,8002,0,1,546,8003,California
Solano,2021-01-01,14,8018,13,5387,1,2631,0,0,14,8016,0,1,14,8017,California
Solano,2021-01-02,218,8236,170,5557,48,2679,0,0,218,8234,0,1,218,8235,California
Solano,2021-01-03,55,8291,40,5597,15,2694,0,0,49,8283,0,1,49,8284,California
Solano,2021-01-04,451,8742,243,5840,208,2902,0,0,442,8723,2,3,442,8726,California
Solano,2021-01-05,734,9476,382,6222,352,3254,0,0,573,9140,156,159,573,9299,California
Solano,2021-01-06,850,10326,439,6661,411,3665,0,0,577,9446,271,430,577,9876,California
Solano,2021-01-07,1071,11397,684,7345,387,4052,0,0,595,9568,474,904,596,10472,California
Solano,2021-01-08,1159,12556,785,8130,374,4426,0,0,556,9541,585,1489,558,11030,California
Solano,2021-01-09,887,13443,762,8892,125,4551,0,0,428,9513,456,1945,428,11458,California
Solano,2021-01-10,254,13697,193,9085,61,4612,0,0,152,9563,102,2047,152,11610,California
Solano,2021-01-11,1334,15031,1121,10206,213,4825,0,0,817,9863,517,2564,817,12427,California
Solano,2021-01-12,1585,16616,1182,11388,403,5228,0,0,1028,10336,556,3120,1029,13456,California
Solano,2021-01-13,1472,18088,1007,12395,465,5693,0,0,1213,11292,257,3377,1213,14669,California
Solano,2021-01-14,1924,20012,832,13227,1092,6785,0,0,1605,12581,316,3693,1605,16274,California
Solano,2021-01-15,1721,21733,1062,14289,659,7444,0,0,1420,13700,301,3994,1420,17694,California
Solano,2021-01-16,1298,23031,907,15196,391,7835,0,0,1124,14650,174,4168,1124,18818,California
Solano,2021-01-17,1055,24086,757,15953,298,8133,0,0,1034,15664,21,4189,1035,19853,California
Solano,2021-01-18,1428,25514,856,16809,572,8705,0,0,1306,16848,122,4311,1306,21159,California
Solano,2021-01-19,1666,27180,1345,18154,321,9026,0,0,1389,17961,276,4587,1389,22548,California
Solano,2021-01-20,2069,29249,1428,19582,641,9667,0,0,1581,19057,485,5072,1581,24129,California
Solano,2021-01-21,3224,32473,1033,20615,2191,11858,0,0,2866,21567,358,5430,2868,26997,California
Solano,2021-01-22,1792,34265,859,21474,933,12791,0,0,1593,22962,199,5629,1594,28591,California
Solano,2021-01-23,743,35008,244,21718,499,13290,0,0,532,23283,212,5841,533,29124,California
Solano,2021-01-24,409,35417,64,21782,345,13635,0,0,341,23556,68,5909,341,29465,California
Solano,2021-01-25,1680,37097,632,22414,1048,14683,0,0,1119,24116,560,6469,1120,30585,California
Solano,2021-01-26,1803,38900,745,23159,1058,15741,0,0,1156,24626,647,7116,1157,31742,California
Solano,2021-01-27,1811,40711,720,23879,1091,16832,0,0,1193,25205,614,7730,1193,32935,California
Solano,2021-01-28,1984,42695,712,24591,1272,18104,0,0,1384,25991,599,8329,1385,34320,California
Solano,2021-01-29,1725,44420,777,25368,948,19052,0,0,1358,26985,364,8693,1358,35678,California
Solano,2021-01-30,928,45348,431,25799,497,19549,0,0,603,27264,325,9018,604,36282,California
Solano,2021-01-31,270,45618,178,25977,92,19641,0,0,174,27343,95,9113,174,36456,California
Solano,2021-02-01,1559,47177,1033,27010,526,20167,0,0,772,27331,784,9897,772,37228,California
Solano,2021-02-02,3386,50563,1101,28111,2285,22452,0,0,2567,29084,814,10711,2567,39795,California
Solano,2021-02-03,2275,52838,1309,29420,966,23418,0,0,1164,29140,1108,11819,1164,40959,California
Solano,2021-02-04,1819,54657,904,30324,915,24333,0,0,1085,29496,729,12548,1085,42044,California
Solano,2021-02-05,3127,57784,1417,31741,1710,26043,0,0,2108,30592,1012,13560,2108,44152,California
Solano,2021-02-06,3087,60871,1175,32916,1912,27955,0,0,2265,32039,818,14378,2265,46417,California
Solano,2021-02-07,845,61716,780,33696,65,28020,0,0,235,31665,609,14987,235,46652,California
Solano,2021-02-08,1776,63492,1244,34940,532,28552,0,0,723,31337,1051,16038,723,47375,California
Solano,2021-02-09,1961,65453,1491,36431,470,29022,0,0,701,30780,1258,17296,701,48076,California
Solano,2021-02-10,2295,67748,1508,37939,787,29809,0,0,823,30132,1471,18767,823,48899,California
Solano,2021-02-11,2552,70300,1502,39441,1050,30859,0,0,1200,29992,1340,20107,1200,50099,California
Solano,2021-02-12,4276,74576,1634,41075,2642,33501,0,0,2913,31551,1354,21461,2913,53012,California
Solano,2021-02-13,2900,77476,247,41322,2653,36154,0,0,2480,33615,416,21877,2480,55492,California
Solano,2021-02-14,734,78210,205,41527,529,36683,0,0,406,33696,326,22203,407,55899,California
Solano,2021-02-15,1273,79483,267,41794,1006,37689,0,0,654,33731,619,22822,654,56553,California
Solano,2021-02-16,2581,82064,1387,43181,1194,38883,0,0,1678,34508,902,23724,1679,58232,California
Solano,2021-02-17,3282,85346,1450,44631,1832,40715,0,0,2222,35674,1057,24781,2223,60455,California
Solano,2021-02-18,2934,88280,850,45481,2084,42799,0,0,863,34473,2064,26845,863,61318,California
Solano,2021-02-19,2496,90776,1469,46950,1027,43826,0,0,1182,34350,1307,28152,1184,62502,California
Solano,2021-02-20,2787,93563,396,47346,2391,46217,0,0,2260,36084,526,28678,2260,64762,California
Solano,2021-02-21,2343,95906,2014,49360,329,46546,0,0,2011,37768,327,29005,2011,66773,California
Solano,2021-02-22,1850,97756,1086,50446,764,47310,0,0,957,37837,889,29894,958,67731,California
Solano,2021-02-23,2998,100754,1167,51613,1831,49141,0,0,2022,38887,972,30866,2022,69753,California
Solano,2021-02-24,2591,103345,1296,52909,1295,50436,0,0,1424,39149,1163,32029,1425,71178,California
Solano,2021-02-25,2700,106045,1591,54500,1109,51545,0,0,1471,39397,1223,33252,1471,72649,California
Solano,2021-02-26,3583,109628,2286,56786,1297,52842,0,0,2116,40051,1462,34714,2116,74765,California
Solano,2021-02-27,3998,113626,1541,58327,2456,55298,1,1,3228,42522,758,35472,3229,77994,California
Solano,2021-02-28,1952,115578,1576,59903,375,55673,1,2,1618,43810,331,35803,1619,79613,California
Solano,2021-03-01,2766,118344,1230,61133,1535,57208,1,3,2088,45228,671,36474,2089,81702,California
Solano,2021-03-02,2342,120686,1415,62548,927,58135,0,3,1300,45487,1041,37515,1300,83002,California
Solano,2021-03-03,2268,122954,1275,63823,993,59128,0,3,1406,46042,852,38367,1407,84409,California
Solano,2021-03-04,4442,127396,3441,67264,999,60127,2,5,3174,47963,1258,39625,3179,87588,California
Solano,2021-03-05,4978,132374,1680,68944,3293,63420,5,10,3979,50959,988,40613,3984,91572,California
Solano,2021-03-06,3872,136246,835,69779,2996,66416,41,51,2646,52431,1215,41828,2687,94259,California
Solano,2021-03-07,3602,139848,763,70542,2813,69229,26,77,1952,52773,1637,43465,1979,96238,California
Solano,2021-03-08,2204,142052,1350,71892,583,69812,271,348,1630,54106,566,44031,1899,98137,California
Solano,2021-03-09,3249,145301,1569,73461,1625,71437,55,403,2340,55590,907,44938,2391,100528,California
Solano,2021-03-10,2441,147742,1762,75223,594,72031,85,488,1286,55811,1148,46086,1369,101897,California
Solano,2021-03-11,6056,153798,1763,76986,4043,76074,250,738,4997,60005,1054,47140,5248,107145,California
Solano,2021-03-12,6057,159855,1574,78560,4303,80377,180,918,3168,60476,2876,50016,3347,110492,California
Solano,2021-03-13,4626,164481,807,79367,3734,84111,85,1003,2239,60425,2378,52394,2327,112819,California
Solano,2021-03-14,4023,168504,3139,82506,428,84539,456,1459,1557,59974,2461,54855,2010,114829,California
Solano,2021-03-15,4043,172547,2459,84965,1257,85796,327,1786,2523,61314,1508,56363,2848,117677,California
Solano,2021-03-16,3113,175660,1323,86288,1552,87348,238,2024,1575,61596,1530,57893,1812,119489,California
Solano,2021-03-17,6525,182185,1681,87969,4749,92097,95,2119,4941,65052,1580,59473,5036,124525,California
Solano,2021-03-18,5233,187418,1861,89830,3333,95430,39,2158,3741,67350,1483,60956,3781,128306,California
Solano,2021-03-19,3597,191015,2656,92486,865,96295,76,2234,1631,67101,1957,62913,1708,130014,California
Solano,2021-03-20,5584,196599,1680,94166,3850,100145,54,2288,2610,66804,2961,65874,2664,132678,California
Solano,2021-03-21,1698,198297,1590,95756,83,100228,25,2313,374,65884,1317,67191,397,133075,California
Solano,2021-03-22,2714,201011,2058,97814,605,100833,51,2364,1569,66362,1139,68330,1617,134692,California
Solano,2021-03-23,3575,204586,1690,99504,1841,102674,44,2408,1390,65618,2177,70507,1433,136125,California
Solano,2021-03-24,2847,207433,1778,101282,1034,103708,35,2443,1362,65536,1477,71984,1395,137520,California
Solano,2021-03-25,4902,212335,4010,105292,857,104565,35,2478,2279,65233,2617,74601,2314,139834,California
Solano,2021-03-26,3253,215588,2110,107402,1106,105671,37,2515,1733,65495,1508,76109,1770,141604,California
Solano,2021-03-27,4232,219820,1162,108564,3029,108700,41,2556,1664,64637,2561,78670,1703,143307,California
Solano,2021-03-28,1425,221245,1112,109676,295,108995,18,2574,539,64312,882,79552,557,143864,California
Solano,2021-03-29,3543,224788,2043,111719,1484,110479,16,2590,1537,63875,1991,81543,1554,145418,California
Solano,2021-03-30,3062,227850,2028,113747,943,111422,91,2681,1911,64726,1150,82693,2001,147419,California
Solano,2021-03-31,3163,231013,2150,115897,853,112275,160,2841,1851,65427,1307,84000,2008,149427,California
Solano,2021-04-01,5583,236596,2111,118008,3318,115593,154,2995,3525,67062,2044,86044,3679,153106,California
Solano,2021-04-02,6638,243234,2239,120247,4230,119823,169,3164,2551,65711,4068,90112,2717,155823,California
Solano,2021-04-03,1532,244766,969,121216,410,120233,153,3317,569,65471,961,91073,721,156544,California
Solano,2021-04-04,786,245552,289,121505,193,120426,304,3621,241,65475,541,91614,545,157089,California
Solano,2021-04-05,3029,248581,2073,123578,747,121173,209,3830,1517,65690,1509,93123,1724,158813,California
Solano,2021-04-06,6074,254655,1637,125215,3946,125119,491,4321,1631,63377,4433,97556,2120,160933,California
Solano,2021-04-07,5992,260647,4643,129858,947,126066,402,4723,3400,64606,2573,100129,3802,164735,California
Solano,2021-04-08,6505,267152,1800,131658,3833,129899,872,5595,1799,62593,4674,104803,2661,167396,California
Solano,2021-04-09,6323,273475,1664,133322,3809,133708,850,6445,1521,60183,4774,109577,2364,169760,California
Solano,2021-04-10,1758,275233,965,134287,454,134162,339,6784,812,60388,944,110521,1149,170909,California
Solano,2021-04-11,1243,276476,773,135060,337,134499,133,6917,639,60559,601,111122,772,171681,California
Solano,2021-04-12,3296,279772,1704,136764,1231,135730,361,7278,1343,60312,1947,113069,1700,173381,California
Solano,2021-04-13,2576,282348,1116,137880,1459,137189,1,7279,1331,60403,1241,114310,1332,174713,California
Solano,2021-04-14,6549,288897,1967,139847,4582,141771,0,7279,1852,57568,4688,118998,1853,176566,California
Solano,2021-04-15,5749,294646,2175,142022,3573,145344,1,7280,1747,55328,3988,122986,1748,178314,California
Solano,2021-04-16,3711,298357,2597,144619,1112,146456,2,7282,2298,56224,1404,124390,2300,180614,California
Solano,2021-04-17,3291,301648,1074,145693,2217,148673,0,7282,1126,55198,2154,126544,1128,181742,California
Solano,2021-04-18,1056,302704,659,146352,397,149070,0,7282,550,55242,506,127050,550,182292,California
Solano,2021-04-19,2165,304869,1172,147524,993,150063,0,7282,1174,55434,984,128034,1176,183468,California
Solano,2021-04-20,3091,307960,1894,149418,1197,151260,0,7282,1708,55765,1377,129411,1708,185176,California
Solano,2021-04-21,3898,311858,2413,151831,1485,152745,0,7282,2042,55959,1848,131259,2042,187218,California
Solano,2021-04-22,3063,314921,1531,153362,1532,154277,0,7282,1807,56514,1252,132511,1807,189025,California
Solano,2021-04-23,4226,319147,2148,155510,2078,156355,0,7282,2539,57374,1681,134192,2541,191566,California
Solano,2021-04-24,3896,323043,2349,157859,1545,157900,2,7284,2583,58732,1227,135419,2585,194151,California
Solano,2021-04-25,1433,324476,1117,158976,316,158216,0,7284,1133,59572,293,135712,1133,195284,California
Solano,2021-04-26,2620,327096,1702,160678,914,159130,4,7288,1446,59863,1159,136871,1450,196734,California
Solano,2021-04-27,2603,329699,1307,161985,1266,160396,30,7318,1477,60256,1115,137986,1508,198242,California
Solano,2021-04-28,6090,335789,5031,167016,1013,161409,46,7364,3808,61843,2266,140252,3853,202095,California
Solano,2021-04-29,4583,340372,1475,168491,3073,164482,35,7399,2065,61435,2508,142760,2100,204195,California
Solano,2021-04-30,4177,344549,2234,170725,1802,166284,141,7540,1945,61303,2216,144976,2084,206279,California
Solano,2021-05-01,2189,346738,1684,172409,305,166589,200,7740,1298,61917,884,145860,1498,207777,California
Solano,2021-05-02,1201,347939,942,173351,234,166823,25,7765,661,62068,535,146395,686,208463,California
Solano,2021-05-03,1463,349402,1016,174367,361,167184,86,7851,603,61901,857,147252,690,209153,California
Solano,2021-05-04,1829,351231,1073,175440,690,167874,66,7917,822,61784,1005,148257,888,210041,California
Solano,2021-05-05,2287,353518,1445,176885,729,168603,113,8030,1103,61818,1180,149437,1214,211255,California
Solano,2021-05-06,1994,355512,1193,178078,592,169195,209,8239,724,61485,1258,150695,925,212180,California
Solano,2021-05-07,2837,358349,1978,180056,739,169934,120,8359,986,60745,1844,152539,1104,213284,California
Solano,2021-05-08,1487,359836,940,180996,431,170365,116,8475,573,60524,910,153449,689,213973,California
Solano,2021-05-09,451,360287,275,181271,165,170530,11,8486,175,60437,274,153723,187,214160,California
Solano,2021-05-10,1392,361679,646,181917,638,171168,108,8594,388,59933,999,154722,495,214655,California
Solano,2021-05-11,2341,364020,1212,183129,1040,172208,89,8683,680,59046,1656,156378,769,215424,California
Solano,2021-05-12,2198,366218,1266,184395,759,172967,173,8856,729,58493,1454,157832,901,216325,California
Solano,2021-05-13,3101,369319,2123,186518,766,173733,212,9068,1630,58867,1468,159300,1842,218167,California
Solano,2021-05-14,2520,371839,1708,188226,690,174423,122,9190,1060,58597,1452,160752,1182,219349,California
Solano,2021-05-15,3416,375255,2763,190989,567,174990,86,9276,1300,57877,2105,162857,1385,220734,California
Solano,2021-05-16,1540,376795,1142,192131,365,175355,33,9309,277,56926,1260,164117,309,221043,California
Solano,2021-05-17,2460,379255,1413,193544,960,176315,87,9396,863,56296,1576,165693,946,221989,California
Solano,2021-05-18,2958,382213,1639,195183,1230,177545,89,9485,1468,56375,1478,167171,1557,223546,California
Solano,2021-05-19,5784,387997,4179,199362,1474,179019,131,9616,2191,55115,3582,170753,2322,225868,California
Solano,2021-05-20,2639,390636,1580,200942,996,180015,63,9679,942,54434,1686,172439,1005,226873,California
Solano,2021-05-21,3587,394223,1878,202820,1640,181655,69,9748,1372,53669,2206,174645,1441,228314,California
Solano,2021-05-22,2741,396964,2113,204933,534,182189,94,9842,1159,53346,1575,176220,1252,229566,California
Solano,2021-05-23,1417,398381,1169,206102,223,182412,25,9867,757,53471,657,176877,782,230348,California
Solano,2021-05-24,1886,400267,1089,207191,724,183136,73,9940,636,52936,1243,178120,708,231056,California
Solano,2021-05-25,1626,401893,824,208015,744,183880,58,9998,584,52543,1034,179154,641,231697,California
Solano,2021-05-26,1897,403790,1089,209104,751,184631,57,10055,707,52123,1185,180339,765,232462,California
Solano,2021-05-27,2139,405929,950,210054,1114,185745,75,10130,884,51837,1244,181583,958,233420,California
Solano,2021-05-28,2018,407947,1023,211077,939,186684,56,10186,759,51402,1251,182834,816,234236,California
Solano,2021-05-29,661,408608,329,211406,301,186985,31,10217,308,51390,350,183184,338,234574,California
Solano,2021-05-30,324,408932,155,211561,144,187129,25,10242,114,51322,207,183391,139,234713,California
Solano,2021-05-31,128,409060,19,211580,100,187229,9,10251,25,51253,103,183494,34,234747,California
Solano,2021-06-01,1839,410899,1183,212763,578,187807,78,10329,726,50950,1108,184602,805,235552,California
Solano,2021-06-02,1829,412728,1290,214053,473,188280,66,10395,927,51045,895,185497,990,236542,California
Solano,2021-06-03,2195,414923,1736,215789,376,188656,83,10478,707,50355,1481,186978,791,237333,California
Solano,2021-06-04,1655,416578,1150,216939,439,189095,66,10544,503,49776,1148,188126,569,237902,California
Solano,2021-06-05,1424,418002,1031,217970,342,189437,51,10595,473,49355,945,189071,524,238426,California
Solano,2021-06-06,673,418675,553,218523,88,189525,32,10627,363,49440,310,189381,395,238821,California
Solano,2021-06-07,1241,419916,951,219474,228,189753,62,10689,409,49082,829,190210,471,239292,California
Solano,2021-06-08,1834,421750,1327,220801,473,190226,34,10723,487,48261,1342,191552,521,239813,California
Solano,2021-06-09,2113,423863,1801,222602,251,190477,61,10784,669,47552,1438,192990,729,240542,California
Solano,2021-06-10,1300,425163,846,223448,380,190857,74,10858,419,47172,872,193862,492,241034,California
Solano,2021-06-11,1599,426762,1271,224719,262,191119,66,10924,586,46813,1009,194871,650,241684,California
Solano,2021-06-12,1205,427967,925,225644,219,191338,61,10985,205,46086,993,195864,266,241950,California
Solano,2021-06-13,612,428579,523,226167,80,191418,9,10994,112,45708,499,196363,121,242071,California
Solano,2021-06-14,1316,429895,932,227099,350,191768,34,11028,280,44992,1028,197391,312,242383,California
Solano,2021-06-15,1469,431364,929,228028,488,192256,52,11080,603,44787,859,198250,654,243037,California
Solano,2021-06-16,1164,432528,770,228798,324,192580,70,11150,394,44485,765,199015,463,243500,California
Solano,2021-06-17,1219,433747,932,229730,217,192797,70,11220,431,44210,775,199790,500,244000,California
Solano,2021-06-18,1179,434926,875,230605,238,193035,66,11286,441,43984,733,200523,507,244507,California
Solano,2021-06-19,423,435349,294,230899,100,193135,29,11315,157,43909,261,200784,186,244693,California
Solano,2021-06-20,183,435532,139,231038,37,193172,7,11322,85,43903,98,200882,92,244785,California
Solano,2021-06-21,629,436161,402,231440,164,193336,63,11385,391,44120,237,201119,454,245239,California
Solano,2021-06-22,1156,437317,872,232312,239,193575,45,11430,420,43853,732,201851,465,245704,California
Solano,2021-06-23,1432,438749,1187,233499,174,193749,71,11501,491,43478,936,202787,561,246265,California
Solano,2021-06-24,925,439674,688,234187,171,193920,66,11567,393,43409,527,203314,458,246723,California
Solano,2021-06-25,1036,440710,723,234910,245,194165,68,11635,479,43416,539,203853,546,247269,California
Solano,2021-06-26,562,441272,432,235342,93,194258,37,11672,220,43332,340,204193,256,247525,California
Solano,2021-06-27,441,441713,384,235726,55,194313,2,11674,158,43210,282,204475,160,247685,California
Solano,2021-06-28,981,442694,811,236537,132,194445,38,11712,400,43073,575,205050,438,248123,California
Solano,2021-06-29,852,443546,651,237188,148,194593,53,11765,378,43033,470,205520,430,248553,California
Solano,2021-06-30,816,444362,599,237787,172,194765,45,11810,369,42999,447,205967,413,248966,California
Solano,2021-07-01,667,445029,492,238279,112,194877,63,11873,252,42901,413,206380,315,249281,California
Solano,2021-07-02,756,445785,577,238856,144,195021,35,11908,299,42784,451,206831,334,249615,California
Solano,2021-07-03,313,446098,210,239066,88,195109,15,11923,156,42802,153,206984,171,249786,California
Solano,2021-07-04,32,446130,3,239069,16,195125,13,11936,12,42807,20,207004,25,249811,California
Solano,2021-07-05,353,446483,247,239316,91,195216,15,11951,177,42827,172,207176,192,250003,California
Solano,2021-07-06,1020,447503,808,240124,190,195406,22,11973,372,42575,646,207822,394,250397,California
Solano,2021-07-07,682,448185,487,240611,146,195552,49,12022,269,42486,407,208229,318,250715,California
Solano,2021-07-08,605,448790,439,241050,145,195697,21,12043,267,42442,333,208562,289,251004,California
Solano,2021-07-09,769,449559,527,241577,220,195917,22,12065,335,42370,429,208991,357,251361,California
Solano,2021-07-10,244,449803,147,241724,89,196006,8,12073,108,42353,133,209124,116,251477,California
Solano,2021-07-11,217,450020,153,241877,60,196066,4,12077,93,42329,120,209244,96,251573,California
Solano,2021-07-12,641,450661,504,242381,100,196166,37,12114,258,42243,381,209625,295,251868,California
Sonoma,2020-12-15,4,4,4,4,0,0,0,0,4,4,0,0,4,4,California
Sonoma,2020-12-16,27,31,27,31,0,0,0,0,27,31,0,0,27,31,California
Sonoma,2020-12-17,110,141,110,141,0,0,0,0,110,141,0,0,110,141,California
Sonoma,2020-12-18,438,579,438,579,0,0,0,0,438,579,0,0,438,579,California
Sonoma,2020-12-19,113,692,112,691,1,1,0,0,113,692,0,0,113,692,California
Sonoma,2020-12-20,177,869,177,868,0,1,0,0,177,869,0,0,177,869,California
Sonoma,2020-12-21,909,1778,907,1775,2,3,0,0,908,1777,0,0,908,1777,California
Sonoma,2020-12-22,1358,3136,1268,3043,90,93,0,0,1358,3135,0,0,1358,3135,California
Sonoma,2020-12-23,1603,4739,1226,4269,377,470,0,0,1604,4739,0,0,1604,4739,California
Sonoma,2020-12-24,310,5049,103,4372,207,677,0,0,310,5049,0,0,310,5049,California
Sonoma,2020-12-25,9,5058,2,4374,7,684,0,0,9,5058,0,0,9,5058,California
Sonoma,2020-12-26,268,5326,257,4631,11,695,0,0,268,5326,0,0,268,5326,California
Sonoma,2020-12-27,94,5420,80,4711,14,709,0,0,94,5420,0,0,94,5420,California
Sonoma,2020-12-28,977,6397,543,5254,434,1143,0,0,951,6371,0,0,951,6371,California
Sonoma,2020-12-29,1135,7532,778,6032,357,1500,0,0,1101,7472,0,0,1101,7472,California
Sonoma,2020-12-30,1099,8631,483,6515,616,2116,0,0,1091,8563,0,0,1091,8563,California
Sonoma,2020-12-31,518,9149,69,6584,449,2565,0,0,518,9081,0,0,518,9081,California
Sonoma,2021-01-01,281,9430,136,6720,145,2710,0,0,281,9362,0,0,281,9362,California
Sonoma,2021-01-02,135,9565,128,6848,7,2717,0,0,135,9497,0,0,135,9497,California
Sonoma,2021-01-03,26,9591,10,6858,16,2733,0,0,26,9523,0,0,26,9523,California
Sonoma,2021-01-04,346,9937,108,6966,238,2971,0,0,345,9868,0,0,345,9868,California
Sonoma,2021-01-05,434,10371,100,7066,334,3305,0,0,408,10260,16,16,408,10276,California
Sonoma,2021-01-06,952,11323,431,7497,521,3826,0,0,837,10988,109,125,837,11113,California
Sonoma,2021-01-07,1042,12365,539,8036,503,4329,0,0,865,11677,176,301,865,11978,California
Sonoma,2021-01-08,1812,14177,1245,9281,567,4896,0,0,1329,12525,481,782,1329,13307,California
Sonoma,2021-01-09,640,14817,399,9680,241,5137,0,0,592,13069,48,830,592,13899,California
Sonoma,2021-01-10,471,15288,460,10140,11,5148,0,0,277,13152,194,1024,277,14176,California
Sonoma,2021-01-11,1393,16681,1245,11385,148,5296,0,0,419,12602,969,1993,419,14595,California
Sonoma,2021-01-12,1557,18238,1298,12683,259,5555,0,0,404,11855,1151,3144,404,14999,California
Sonoma,2021-01-13,2045,20283,1364,14047,681,6236,0,0,1178,12170,864,4008,1179,16178,California
Sonoma,2021-01-14,1544,21827,810,14857,734,6970,0,0,1314,13254,230,4238,1314,17492,California
Sonoma,2021-01-15,1566,23393,634,15491,932,7902,0,0,1342,14384,214,4452,1344,18836,California
Sonoma,2021-01-16,1147,24540,610,16101,537,8439,0,0,900,15041,243,4695,900,19736,California
Sonoma,2021-01-17,682,25222,560,16661,122,8561,0,0,602,15563,80,4775,602,20338,California
Sonoma,2021-01-18,1108,26330,937,17598,171,8732,0,0,618,15692,490,5265,619,20957,California
Sonoma,2021-01-19,2098,28428,1002,18600,1096,9828,0,0,1388,16373,708,5973,1389,22346,California
Sonoma,2021-01-20,2189,30617,712,19312,1477,11305,0,0,1513,17221,666,6639,1514,23860,California
Sonoma,2021-01-21,2321,32938,675,19987,1646,12951,0,0,2091,19085,228,6867,2092,25952,California
Sonoma,2021-01-22,2777,35715,1055,21042,1722,14673,0,0,2624,21557,152,7019,2624,28576,California
Sonoma,2021-01-23,769,36484,590,21632,179,14852,0,0,661,22111,107,7126,661,29237,California
Sonoma,2021-01-24,851,37335,713,22345,138,14990,0,0,832,22924,19,7145,832,30069,California
Sonoma,2021-01-25,2201,39536,537,22882,1664,16654,0,0,1708,24139,493,7638,1708,31777,California
Sonoma,2021-01-26,2066,41602,308,23190,1758,18412,0,0,1598,25270,467,8105,1598,33375,California
Sonoma,2021-01-27,3745,45347,1275,24465,2470,20882,0,0,3157,27844,585,8690,3159,36534,California
Sonoma,2021-01-28,4124,49471,1833,26298,2291,23173,0,0,3433,30592,687,9377,3435,39969,California
Sonoma,2021-01-29,3024,52495,1425,27723,1599,24772,0,0,2171,31914,851,10228,2173,42142,California
Sonoma,2021-01-30,2594,55089,2398,30121,196,24968,0,0,2241,33805,351,10579,2242,44384,California
Sonoma,2021-01-31,796,55885,680,30801,116,25084,0,0,564,34138,231,10810,564,44948,California
Sonoma,2021-02-01,2499,58384,855,31656,1644,26728,0,0,2107,35859,386,11196,2107,47055,California
Sonoma,2021-02-02,3616,62000,1399,33055,2217,28945,0,0,3026,38298,587,11783,3026,50081,California
Sonoma,2021-02-03,4074,66074,1324,34379,2750,31695,0,0,3124,40476,946,12729,3124,53205,California
Sonoma,2021-02-04,4255,70329,1749,36128,2506,34201,0,0,3441,43106,812,13541,3442,56647,California
Sonoma,2021-02-05,4858,75187,1753,37881,3105,37306,0,0,3784,45822,1069,14610,3785,60432,California
Sonoma,2021-02-06,2667,77854,2297,40178,370,37676,0,0,2120,47397,545,15155,2120,62552,California
Sonoma,2021-02-07,1564,79418,1426,41604,138,37814,0,0,1297,48427,267,15422,1297,63849,California
Sonoma,2021-02-08,3295,82713,1042,42646,2253,40067,0,0,2688,50510,605,16027,2688,66537,California
Sonoma,2021-02-09,3608,86321,1723,44369,1885,41952,0,0,3117,53139,489,16516,3118,69655,California
Sonoma,2021-02-10,4594,90915,2506,46875,2088,44040,0,0,3564,55682,1022,17538,3565,73220,California
Sonoma,2021-02-11,5633,96548,3035,49910,2598,46638,0,0,4348,58750,1280,18818,4348,77568,California
Sonoma,2021-02-12,5971,102519,3289,53199,2682,49320,0,0,4505,61801,1458,20276,4509,82077,California
Sonoma,2021-02-13,2000,104519,1156,54355,844,50164,0,0,1193,62190,804,21080,1193,83270,California
Sonoma,2021-02-14,2339,106858,1834,56189,505,50669,0,0,1577,63010,757,21837,1577,84847,California
Sonoma,2021-02-15,2160,109018,807,56996,1353,52022,0,0,1607,64067,550,22387,1607,86454,California
Sonoma,2021-02-16,5009,114027,2152,59148,2857,54879,0,0,3725,66515,1279,23666,3727,90181,California
Sonoma,2021-02-17,5646,119673,2932,62080,2714,57593,0,0,3554,67995,2076,25742,3556,93737,California
Sonoma,2021-02-18,7033,126706,3179,65259,3854,61447,0,0,4019,69023,2992,28734,4020,97757,California
Sonoma,2021-02-19,5721,132427,1735,66994,3986,65433,0,0,3546,70407,2164,30898,3548,101305,California
Sonoma,2021-02-20,3157,135584,2856,69850,301,65734,0,0,1227,69713,1921,32819,1227,102532,California
Sonoma,2021-02-21,565,136149,449,70299,116,65850,0,0,148,69450,411,33230,148,102680,California
Sonoma,2021-02-22,3051,139200,1441,71740,1610,67460,0,0,1252,68917,1785,35015,1252,103932,California
Sonoma,2021-02-23,3491,142691,2137,73877,1354,68814,0,0,1628,68693,1852,36867,1628,105560,California
Sonoma,2021-02-24,5868,148559,2615,76492,3253,72067,0,0,2980,68801,2873,39740,2981,108541,California
Sonoma,2021-02-25,6160,154719,2394,78886,3766,75833,0,0,3290,69254,2837,42577,3290,111831,California
Sonoma,2021-02-26,6738,161457,2961,81847,3777,79610,0,0,4255,71039,2470,45047,4255,116086,California
Sonoma,2021-02-27,4264,165721,1980,83827,2284,81894,0,0,2852,72486,1405,46452,2852,118938,California
Sonoma,2021-02-28,2514,168235,1857,85684,656,82550,1,1,742,71469,1760,48212,743,119681,California
Sonoma,2021-03-01,4158,172393,1323,87007,2834,85384,1,2,2166,71665,1972,50184,2168,121849,California
Sonoma,2021-03-02,4449,176842,1532,88539,2915,88299,2,4,2552,72334,1885,52069,2554,124403,California
Sonoma,2021-03-03,5095,181937,2645,91184,2450,90749,0,4,2326,71910,2750,54819,2326,126729,California
Sonoma,2021-03-04,5988,187925,2691,93875,3297,94046,0,4,2576,71092,3394,58213,2576,129305,California
Sonoma,2021-03-05,6503,194428,2871,96746,3617,97663,15,19,2721,70067,3762,61975,2737,132042,California
Sonoma,2021-03-06,2808,197236,1225,97971,1444,99107,139,158,1923,71252,875,62850,2060,134102,California
Sonoma,2021-03-07,1806,199042,1398,99369,315,99422,93,251,402,70344,1402,64252,494,134596,California
Sonoma,2021-03-08,4089,203131,662,100031,3247,102669,180,431,2378,71207,1694,65946,2557,137153,California
Sonoma,2021-03-09,5631,208762,3106,103137,2256,104925,269,700,2678,71205,2936,68882,2934,140087,California
Sonoma,2021-03-10,6053,214815,3214,106351,2492,107417,347,1047,2427,70373,3603,72485,2771,142858,California
Sonoma,2021-03-11,7566,222381,3032,109383,3715,111132,819,1866,2538,68719,5004,77489,3350,146208,California
Sonoma,2021-03-12,7438,229819,2270,111653,3804,114936,1364,3230,2049,66771,5354,82843,3406,149614,California
Sonoma,2021-03-13,3480,233299,1732,113385,1508,116444,240,3470,2024,67579,1451,84294,2259,151873,California
Sonoma,2021-03-14,1400,234699,390,113775,867,117311,143,3613,850,68026,546,84840,993,152866,California
Sonoma,2021-03-15,5267,239966,1526,115301,3355,120666,386,3999,2172,67508,3074,87914,2556,155422,California
Sonoma,2021-03-16,6328,246294,2270,117571,3830,124496,228,4227,2881,67182,3433,91347,3107,158529,California
Sonoma,2021-03-17,6805,253099,3550,121121,3075,127571,180,4407,3253,67080,3533,94880,3431,161960,California
Sonoma,2021-03-18,7162,260261,2953,124074,3594,131165,615,5022,3096,66736,4049,98929,3705,165665,California
Sonoma,2021-03-19,7520,267781,3257,127331,4033,135198,230,5252,2980,65445,4506,103435,3215,168880,California
Sonoma,2021-03-20,3739,271520,1767,129098,1145,136343,827,6079,2013,66561,1715,105150,2831,171711,California
Sonoma,2021-03-21,1399,272919,612,129710,752,137095,35,6114,1208,67619,185,105335,1243,172954,California
Sonoma,2021-03-22,4590,277509,3121,132831,1370,138465,99,6213,3334,69804,1248,106583,3433,176387,California
Sonoma,2021-03-23,5878,283387,3643,136474,2162,140627,73,6286,4420,72853,1445,108028,4494,180881,California
Sonoma,2021-03-24,6847,290234,4291,140765,2481,143108,75,6361,4132,74365,2692,110720,4204,185085,California
Sonoma,2021-03-25,7144,297378,4204,144969,2827,145935,113,6474,4234,75834,2879,113599,4348,189433,California
Sonoma,2021-03-26,7490,304868,3478,148447,3914,149849,98,6572,3775,76020,3686,117285,3872,193305,California
Sonoma,2021-03-27,3862,308730,1515,149962,1984,151833,363,6935,984,74500,2863,120148,1343,194648,California
Sonoma,2021-03-28,1514,310244,949,150911,537,152370,28,6963,796,74609,714,120862,823,195471,California
Sonoma,2021-03-29,2992,313236,1107,152018,1852,154222,33,6996,1542,74744,1440,122302,1575,197046,California
Sonoma,2021-03-30,5935,319171,3239,155257,2633,156855,63,7059,3101,75084,2824,125126,3164,200210,California
Sonoma,2021-03-31,5774,324945,3435,158692,2124,158979,215,7274,3335,76215,2418,127544,3549,203759,California
Sonoma,2021-04-01,6973,331918,4073,162765,2554,161533,346,7620,3771,77150,3171,130715,4106,207865,California
Sonoma,2021-04-02,5983,337901,3584,166349,2288,163821,111,7731,3573,78437,2395,133110,3682,211547,California
Sonoma,2021-04-03,3790,341691,1877,168226,1686,165507,227,7958,1675,78234,2098,135208,1895,213442,California
Sonoma,2021-04-04,1073,342764,696,168922,286,165793,91,8049,648,78552,421,135629,739,214181,California
Sonoma,2021-04-05,4459,347223,668,169590,3444,169237,347,8396,1673,77793,2779,138408,2020,216201,California
Sonoma,2021-04-06,6939,354162,3516,173106,3009,172246,414,8810,4030,79340,2893,141301,4440,220641,California
Sonoma,2021-04-07,6870,361032,3879,176985,2142,174388,849,9659,3344,80018,3507,144808,4185,224826,California
Sonoma,2021-04-08,7687,368719,4160,181145,2751,177139,776,10435,4205,81522,3469,148277,4973,229799,California
Sonoma,2021-04-09,6867,375586,3834,184979,2141,179280,892,11327,3521,82597,3331,151608,4406,234205,California
Sonoma,2021-04-10,3923,379509,1704,186683,1657,180937,562,11889,1154,81552,2754,154362,1709,235914,California
Sonoma,2021-04-11,1294,380803,612,187295,601,181538,81,11970,441,81223,851,155213,522,236436,California
Sonoma,2021-04-12,4976,385779,2071,189366,2417,183955,488,12458,1845,80437,3112,158325,2326,238762,California
Sonoma,2021-04-13,7956,393735,4685,194051,3267,187222,4,12462,3042,78585,4897,163222,3045,241807,California
Sonoma,2021-04-14,6711,400446,3793,197844,2897,190119,21,12483,2566,77039,4131,167353,2585,244392,California
Sonoma,2021-04-15,7539,407985,4281,202125,3257,193376,1,12484,3636,76791,3885,171238,3637,248029,California
Sonoma,2021-04-16,6957,414942,3478,205603,3477,196853,2,12486,3915,77677,3032,174270,3918,251947,California
Sonoma,2021-04-17,3544,418486,1833,207436,1711,198564,0,12486,1687,77530,1835,176105,1688,253635,California
Sonoma,2021-04-18,1410,419896,1010,208446,400,198964,0,12486,539,77201,868,176973,539,254174,California
Sonoma,2021-04-19,3447,423343,1891,210337,1555,200519,1,12487,1530,76823,1909,178882,1531,255705,California
Sonoma,2021-04-20,6410,429753,3538,213875,2872,203391,0,12487,2382,75193,4014,182896,2384,258089,California
Sonoma,2021-04-21,6865,436618,4364,218239,2499,205890,2,12489,3138,74631,3701,186597,3139,261228,California
Sonoma,2021-04-22,6491,443109,4535,222774,1955,207845,1,12490,2611,73379,3863,190460,2611,263839,California
Sonoma,2021-04-23,7577,450686,4674,227448,2896,210741,7,12497,3675,73178,3884,194344,3683,267522,California
Sonoma,2021-04-24,2785,453471,1514,228962,1257,211998,14,12511,1542,73497,1237,195581,1556,269078,California
Sonoma,2021-04-25,1086,454557,789,229751,297,212295,0,12511,431,73277,651,196232,431,269509,California
Sonoma,2021-04-26,3004,457561,1439,231190,1537,213832,28,12539,1625,73561,1369,197601,1653,271162,California
Sonoma,2021-04-27,5552,463113,3746,234936,1682,215514,124,12663,2239,72624,3299,200900,2362,273524,California
Sonoma,2021-04-28,4941,468054,3242,238178,1499,217013,200,12863,2014,71926,2907,203807,2209,275733,California
Sonoma,2021-04-29,5124,473178,3609,241787,1371,218384,144,13007,1914,70791,3193,207000,2058,277791,California
Sonoma,2021-04-30,5572,478750,3636,245423,1641,220025,295,13302,1829,69189,3725,210725,2123,279914,California
Sonoma,2021-05-01,2534,481284,1793,247216,634,220659,107,13409,1200,69170,1322,212047,1303,281217,California
Sonoma,2021-05-02,874,482158,652,247868,171,220830,51,13460,557,69462,317,212364,609,281826,California
Sonoma,2021-05-03,3269,485427,1687,249555,1429,222259,153,13613,1068,68496,2184,214548,1218,283044,California
Sonoma,2021-05-04,4629,490056,2418,251973,2029,224288,182,13795,1452,66970,3154,217702,1628,284672,California
Sonoma,2021-05-05,3730,493786,2192,254165,1343,225631,195,13990,1314,66078,2399,220101,1507,286179,California
Sonoma,2021-05-06,4600,498386,2424,256589,2049,227680,127,14117,1301,64270,3233,223334,1425,287604,California
Sonoma,2021-05-07,3646,502032,2331,258920,1192,228872,123,14240,1084,62931,2546,225880,1207,288811,California
Sonoma,2021-05-08,1943,503975,1296,260216,555,229427,92,14332,682,62459,1246,227126,774,289585,California
Sonoma,2021-05-09,504,504479,287,260503,176,229603,41,14373,159,62319,340,227466,200,289785,California
Sonoma,2021-05-10,2363,506842,1040,261543,1190,230793,133,14506,293,60689,2053,229519,423,290208,California
Sonoma,2021-05-11,3605,510447,1944,263487,1539,232332,122,14628,872,58971,2712,232231,994,291202,California
Sonoma,2021-05-12,4078,514525,2498,265985,1428,233760,152,14780,848,56753,3217,235448,999,292201,California
Sonoma,2021-05-13,4975,519500,2847,268832,1996,235756,132,14912,1653,55227,3309,238757,1783,293984,California
Sonoma,2021-05-14,5849,525349,3606,272438,2106,237862,137,15049,2209,53951,3623,242380,2347,296331,California
Sonoma,2021-05-15,2991,528340,2199,274637,729,238591,63,15112,1875,54783,1107,243487,1939,298270,California
Sonoma,2021-05-16,1352,529692,1134,275771,159,238750,59,15171,998,55492,348,243835,1057,299327,California
Sonoma,2021-05-17,2449,532141,1817,277588,537,239287,95,15266,888,54919,1554,245389,981,300308,California
Sonoma,2021-05-18,4343,536484,2863,280451,1371,240658,109,15375,1463,53630,2860,248249,1571,301879,California
Sonoma,2021-05-19,3883,540367,2422,282873,1346,242004,115,15490,1484,52845,2384,250633,1599,303478,California
Sonoma,2021-05-20,3432,543799,2246,285119,1092,243096,94,15584,1328,52171,2090,252723,1416,304894,California
Sonoma,2021-05-21,4257,548056,2392,287511,1736,244832,129,15713,1499,51051,2733,255456,1613,306507,California
Sonoma,2021-05-22,2349,550405,1291,288802,1018,245850,40,15753,660,50079,1672,257128,700,307207,California
Sonoma,2021-05-23,1506,551911,1224,290026,264,246114,18,15771,775,50146,726,257854,793,308000,California
Sonoma,2021-05-24,2027,553938,1262,291288,630,246744,135,15906,660,49605,1335,259189,794,308794,California
Sonoma,2021-05-25,2946,556884,1802,293090,1057,247801,87,15993,741,48240,2191,261380,826,309620,California
Sonoma,2021-05-26,2489,559373,1736,294826,642,248443,111,16104,1003,47880,1471,262851,1111,310731,California
Sonoma,2021-05-27,2072,561445,1135,295961,840,249283,97,16201,682,47276,1380,264231,776,311507,California
Sonoma,2021-05-28,2193,563638,1129,297090,971,250254,93,16294,622,46432,1559,265790,715,312222,California
Sonoma,2021-05-29,1349,564987,920,298010,361,250615,68,16362,632,46425,707,266497,700,312922,California
Sonoma,2021-05-30,351,565338,216,298226,124,250739,11,16373,139,46370,204,266701,149,313071,California
Sonoma,2021-05-31,70,565408,26,298252,43,250782,1,16374,17,46335,53,266754,18,313089,California
Sonoma,2021-06-01,1946,567354,1115,299367,755,251537,76,16450,694,45863,1238,267992,766,313855,California
Sonoma,2021-06-02,1590,568944,973,300340,501,252038,116,16566,660,45712,925,268917,774,314629,California
Sonoma,2021-06-03,2012,570956,1386,301726,545,252583,81,16647,435,44659,1568,270485,515,315144,California
Sonoma,2021-06-04,2712,573668,2208,303934,396,252979,108,16755,513,43090,2188,272673,619,315763,California
Sonoma,2021-06-05,1824,575492,1499,305433,294,253273,31,16786,273,41849,1545,274218,304,316067,California
Sonoma,2021-06-06,1030,576522,952,306385,68,253341,10,16796,144,41120,883,275101,154,316221,California
Sonoma,2021-06-07,1494,578016,1248,307633,191,253532,55,16851,333,40352,1153,276254,385,316606,California
Sonoma,2021-06-08,1902,579918,1526,309159,328,253860,48,16899,531,39570,1359,277613,577,317183,California
Sonoma,2021-06-09,1657,581575,1367,310526,228,254088,62,16961,390,38769,1253,278866,452,317635,California
Sonoma,2021-06-10,1835,583410,1507,312033,224,254312,104,17065,554,38159,1266,280132,656,318291,California
Sonoma,2021-06-11,1998,585408,1631,313664,275,254587,92,17157,544,37348,1447,281579,636,318927,California
Sonoma,2021-06-12,1121,586529,886,314550,189,254776,46,17203,342,36965,772,282351,389,319316,California
Sonoma,2021-06-13,557,587086,467,315017,71,254847,19,17222,104,36637,450,282801,122,319438,California
Sonoma,2021-06-14,956,588042,676,315693,219,255066,61,17283,342,36435,605,283406,403,319841,California
Sonoma,2021-06-15,1843,589885,1379,317072,356,255422,108,17391,595,35900,1237,284643,702,320543,California
Sonoma,2021-06-16,1581,591466,1218,318290,262,255684,101,17492,500,35425,1074,285717,599,321142,California
Sonoma,2021-06-17,1037,592503,786,319076,171,255855,80,17572,410,35292,622,286339,489,321631,California
Sonoma,2021-06-18,1079,593582,774,319850,203,256058,102,17674,453,35229,615,286954,552,322183,California
Sonoma,2021-06-19,833,594415,689,320539,106,256164,38,17712,273,34982,557,287511,310,322493,California
Sonoma,2021-06-20,241,594656,199,320738,36,256200,6,17718,82,34914,156,287667,88,322581,California
Sonoma,2021-06-21,543,595199,309,321047,157,256357,77,17795,255,34972,274,287941,332,322913,California
Sonoma,2021-06-22,1252,596451,990,322037,170,256527,92,17887,583,34980,664,288605,672,323585,California
Sonoma,2021-06-23,1221,597672,942,322979,195,256722,84,17971,475,34800,739,289344,559,324144,California
Sonoma,2021-06-24,954,598626,634,323613,219,256941,101,18072,420,34794,526,289870,520,324664,California
Sonoma,2021-06-25,1191,599817,913,324526,198,257139,80,18152,516,34734,654,290524,594,325258,California
Sonoma,2021-06-26,688,600505,492,325018,115,257254,81,18233,330,34789,355,290879,410,325668,California
Sonoma,2021-06-27,194,600699,159,325177,24,257278,11,18244,101,34809,92,290971,112,325780,California
Sonoma,2021-06-28,713,601412,573,325750,83,257361,57,18301,313,34779,399,291370,369,326149,California
Sonoma,2021-06-29,946,602358,731,326481,165,257526,50,18351,401,34688,542,291912,451,326600,California
Sonoma,2021-06-30,890,603248,688,327169,161,257687,41,18392,386,34617,497,292409,426,327026,California
Sonoma,2021-07-01,965,604213,758,327927,137,257824,70,18462,422,34568,539,292948,490,327516,California
Sonoma,2021-07-02,764,604977,544,328471,170,257994,50,18512,359,34576,401,293349,409,327925,California
Sonoma,2021-07-03,557,605534,458,328929,75,258069,24,18536,227,34499,328,293677,251,328176,California
Sonoma,2021-07-04,23,605557,13,328942,9,258078,1,18537,15,34507,8,293685,16,328192,California
Sonoma,2021-07-05,326,605883,244,329186,59,258137,23,18560,150,34504,175,293860,172,328364,California
Sonoma,2021-07-06,1125,607008,902,330088,152,258289,71,18631,414,34284,703,294563,483,328847,California
Sonoma,2021-07-07,783,607791,598,330686,129,258418,56,18687,314,34190,465,295028,371,329218,California
Sonoma,2021-07-08,862,608653,663,331349,117,258535,82,18769,345,34101,514,295542,425,329643,California
Sonoma,2021-07-09,825,609478,634,331983,139,258674,52,18821,393,34116,431,295973,446,330089,California
Sonoma,2021-07-10,597,610075,476,332459,82,258756,39,18860,264,34090,328,296301,302,330391,California
Sonoma,2021-07-11,153,610228,112,332571,38,258794,3,18863,68,34076,85,296386,71,330462,California
Sonoma,2021-07-12,466,610694,346,332917,82,258876,38,18901,188,34028,273,296659,225,330687,California
Stanislaus,2020-12-15,5,5,5,5,0,0,0,0,5,5,0,0,5,5,California
Stanislaus,2020-12-16,41,46,41,46,0,0,0,0,41,46,0,0,41,46,California
Stanislaus,2020-12-17,74,120,74,120,0,0,0,0,74,120,0,0,74,120,California
Stanislaus,2020-12-18,343,463,337,457,6,6,0,0,343,463,0,0,343,463,California
Stanislaus,2020-12-19,134,597,134,591,0,6,0,0,134,597,0,0,134,597,California
Stanislaus,2020-12-20,87,684,87,678,0,6,0,0,87,684,0,0,87,684,California
Stanislaus,2020-12-21,1000,1684,999,1677,1,7,0,0,999,1683,1,1,1000,1684,California
Stanislaus,2020-12-22,796,2480,784,2461,12,19,0,0,796,2479,0,1,796,2480,California
Stanislaus,2020-12-23,450,2930,431,2892,19,38,0,0,449,2928,1,2,450,2930,California
Stanislaus,2020-12-24,98,3028,89,2981,9,47,0,0,98,3026,0,2,98,3028,California
Stanislaus,2020-12-26,53,3081,9,2990,44,91,0,0,53,3079,0,2,53,3081,California
Stanislaus,2020-12-27,11,3092,6,2996,5,96,0,0,11,3090,0,2,11,3092,California
Stanislaus,2020-12-28,490,3582,396,3392,94,190,0,0,490,3580,0,2,490,3582,California
Stanislaus,2020-12-29,502,4084,415,3807,87,277,0,0,502,4082,0,2,502,4084,California
Stanislaus,2020-12-30,539,4623,282,4089,257,534,0,0,538,4619,1,3,538,4622,California
Stanislaus,2020-12-31,283,4906,159,4248,124,658,0,0,283,4902,0,3,283,4905,California
Stanislaus,2021-01-01,19,4925,7,4255,12,670,0,0,18,4919,1,4,18,4923,California
Stanislaus,2021-01-02,34,4959,26,4281,8,678,0,0,34,4953,0,4,34,4957,California
Stanislaus,2021-01-03,90,5049,87,4368,3,681,0,0,90,5043,0,4,90,5047,California
Stanislaus,2021-01-04,234,5283,154,4522,80,761,0,0,234,5277,0,4,234,5281,California
Stanislaus,2021-01-05,855,6138,358,4880,497,1258,0,0,827,6087,27,31,837,6118,California
Stanislaus,2021-01-06,1014,7152,608,5488,406,1664,0,0,936,6955,75,106,943,7061,California
Stanislaus,2021-01-07,1086,8238,706,6194,380,2044,0,0,891,7660,190,296,895,7956,California
Stanislaus,2021-01-08,1305,9543,742,6936,563,2607,0,0,953,8272,349,645,961,8917,California
Stanislaus,2021-01-09,290,9833,144,7080,146,2753,0,0,201,8384,89,734,201,9118,California
Stanislaus,2021-01-10,49,9882,22,7102,27,2780,0,0,29,8393,20,754,29,9147,California
Stanislaus,2021-01-11,1512,11394,1227,8329,285,3065,0,0,574,8055,931,1685,593,9740,California
Stanislaus,2021-01-12,1488,12882,872,9201,616,3681,0,0,837,8262,647,2332,854,10594,California
Stanislaus,2021-01-13,1460,14342,692,9893,768,4449,0,0,1127,9074,332,2664,1144,11738,California
Stanislaus,2021-01-14,2283,16625,289,10182,1994,6443,0,0,2081,11050,199,2863,2175,13913,California
Stanislaus,2021-01-15,2864,19489,1175,11357,1689,8132,0,0,2687,13664,171,3034,2785,16698,California
Stanislaus,2021-01-16,474,19963,51,11408,423,8555,0,0,455,14103,18,3052,457,17155,California
Stanislaus,2021-01-17,245,20208,202,11610,43,8598,0,0,238,14335,6,3058,238,17393,California
Stanislaus,2021-01-18,2217,22425,1033,12643,1184,9782,0,0,1811,15833,401,3459,1899,19292,California
Stanislaus,2021-01-19,1275,23700,728,13371,547,10329,0,0,824,16212,446,3905,825,20117,California
Stanislaus,2021-01-20,1039,24739,495,13866,544,10873,0,0,743,16661,294,4199,743,20860,California
Stanislaus,2021-01-21,3746,28485,3004,16870,742,11615,0,0,3380,19815,361,4560,3515,24375,California
Stanislaus,2021-01-22,1120,29605,313,17183,807,12422,0,0,1073,20848,43,4603,1076,25451,California
Stanislaus,2021-01-23,379,29984,43,17226,336,12758,0,0,320,21111,58,4661,321,25772,California
Stanislaus,2021-01-24,315,30299,99,17325,216,12974,0,0,248,21295,67,4728,251,26023,California
Stanislaus,2021-01-25,3206,33505,233,17558,2973,15947,0,0,2847,23994,323,5051,3022,29045,California
Stanislaus,2021-01-26,1757,35262,753,18311,1004,16951,0,0,1305,24877,442,5493,1325,30370,California
Stanislaus,2021-01-27,1941,37203,1071,19382,870,17821,0,0,1220,25430,669,6162,1222,31592,California
Stanislaus,2021-01-28,2240,39443,1529,20911,711,18532,0,0,1731,26735,499,6661,1804,33396,California
Stanislaus,2021-01-29,2491,41934,1219,22130,1272,19804,0,0,1932,28222,504,7165,1991,35387,California
Stanislaus,2021-01-30,299,42233,131,22261,168,19972,0,0,230,28395,57,7222,230,35617,California
Stanislaus,2021-01-31,375,42608,320,22581,55,20027,0,0,358,28739,14,7236,358,35975,California
Stanislaus,2021-02-01,1346,43954,584,23165,762,20789,0,0,978,29365,353,7589,979,36954,California
Stanislaus,2021-02-02,1267,45221,349,23514,918,21707,0,0,824,29762,431,8020,828,37782,California
Stanislaus,2021-02-03,2675,47896,1229,24743,1446,23153,0,0,1966,31041,704,8724,1983,39765,California
Stanislaus,2021-02-04,2138,50034,717,25460,1421,24574,0,0,1611,32148,514,9238,1621,41386,California
Stanislaus,2021-02-05,2895,52929,1486,26946,1409,25983,0,0,1614,32570,1209,10447,1631,43017,California
Stanislaus,2021-02-06,893,53822,302,27248,591,26574,0,0,698,33078,192,10639,700,43717,California
Stanislaus,2021-02-07,232,54054,206,27454,26,26600,0,0,43,32937,185,10824,44,43761,California
Stanislaus,2021-02-08,2093,56147,1360,28814,733,27333,0,0,1135,33188,913,11737,1164,44925,California
Stanislaus,2021-02-09,1878,58025,794,29608,1084,28417,0,0,1067,33484,783,12520,1079,46004,California
Stanislaus,2021-02-10,1992,60017,549,30157,1443,29860,0,0,1050,33624,912,13432,1052,47056,California
Stanislaus,2021-02-11,5467,65484,3295,33452,2172,32032,0,0,1240,30921,3951,17383,1248,48304,California
Stanislaus,2021-02-12,3357,68841,930,34382,2427,34459,0,0,1477,30626,1785,19168,1490,49794,California
Stanislaus,2021-02-13,1386,70227,678,35060,708,35167,0,0,1010,31273,368,19536,1015,50809,California
Stanislaus,2021-02-14,431,70658,171,35231,260,35427,0,0,356,31557,72,19608,356,51165,California
Stanislaus,2021-02-15,1846,72504,237,35468,1609,37036,0,0,588,31015,1135,20743,593,51758,California
Stanislaus,2021-02-16,1385,73889,429,35897,956,37992,0,0,585,30816,786,21529,587,52345,California
Stanislaus,2021-02-17,2808,76697,1722,37619,1086,39078,0,0,1926,31888,873,22402,1945,54290,California
Stanislaus,2021-02-18,3417,80114,1929,39548,1488,40566,0,0,1772,32174,1543,23945,1829,56119,California
Stanislaus,2021-02-19,2845,82959,1117,40665,1728,42294,0,0,1543,32493,1247,25192,1566,57685,California
Stanislaus,2021-02-20,768,83727,388,41053,380,42674,0,0,473,32694,273,25465,474,58159,California
Stanislaus,2021-02-21,916,84643,699,41752,217,42891,0,0,535,32887,355,25820,548,58707,California
Stanislaus,2021-02-22,2392,87035,1716,43468,676,43567,0,0,1633,33785,736,26556,1634,60341,California
Stanislaus,2021-02-23,3771,90806,682,44150,3089,46656,0,0,1723,33662,1857,28413,1734,62075,California
Stanislaus,2021-02-24,4261,95067,2903,47053,1358,48014,0,0,3128,35690,1106,29519,3134,65209,California
Stanislaus,2021-02-25,4010,99077,2760,49813,1250,49264,0,0,3177,38060,811,30330,3181,68390,California
Stanislaus,2021-02-26,4264,103341,1233,51046,3031,52295,0,0,2846,39563,1355,31685,2858,71248,California
Stanislaus,2021-02-27,2105,105446,714,51760,1390,53685,1,1,1868,41227,206,31891,1870,73118,California
Stanislaus,2021-02-28,839,106285,270,52030,569,54254,0,1,781,41963,46,31937,782,73900,California
Stanislaus,2021-03-01,3151,109436,1673,53703,1473,55727,5,6,1669,42220,1428,33365,1685,75585,California
Stanislaus,2021-03-02,2437,111873,1456,55159,980,56707,1,7,1678,43161,741,34106,1682,77267,California
Stanislaus,2021-03-03,3767,115640,2270,57429,1493,58200,4,11,2931,45281,815,34921,2935,80202,California
Stanislaus,2021-03-04,5498,121138,3144,60573,2337,60537,17,28,4219,48278,1234,36155,4231,84433,California
Stanislaus,2021-03-05,4151,125289,1149,61722,2986,63523,16,44,3131,50437,987,37142,3146,87579,California
Stanislaus,2021-03-06,3613,128902,2246,63968,1273,64796,94,138,2750,52426,857,37999,2846,90425,California
Stanislaus,2021-03-07,913,129815,394,64362,442,65238,77,215,681,52958,226,38225,758,91183,California
Stanislaus,2021-03-08,2047,131862,888,65250,1062,66300,97,312,1352,53733,673,38898,1448,92631,California
Stanislaus,2021-03-09,2702,134564,1024,66274,1586,67886,92,404,1647,54435,1041,39939,1743,94374,California
Stanislaus,2021-03-10,5582,140146,2729,69003,2624,70510,229,633,3765,56650,1789,41728,4004,98378,California
Stanislaus,2021-03-11,6203,146349,3379,72382,2342,72852,482,1115,4148,59422,1862,43590,4634,103012,California
Stanislaus,2021-03-12,6331,152680,1379,73761,3019,75871,1933,3048,2939,60932,3356,46946,4866,107878,California
Stanislaus,2021-03-13,3751,156431,2343,76104,1337,77208,71,3119,2836,62938,907,47853,2913,110791,California
Stanislaus,2021-03-14,1004,157435,594,76698,355,77563,55,3174,494,62984,504,48357,550,111341,California
Stanislaus,2021-03-15,3824,161259,1992,78690,1470,79033,362,3536,1653,62933,2071,50428,2020,113361,California
Stanislaus,2021-03-16,5125,166384,2515,81205,2170,81203,440,3976,3675,65621,1424,51852,4112,117473,California
Stanislaus,2021-03-17,4957,171341,2950,84155,1828,83031,179,4155,2986,66859,1931,53783,3169,120642,California
Stanislaus,2021-03-18,5589,176930,3466,87621,2053,85084,70,4225,3049,67597,2384,56167,3122,123764,California
Stanislaus,2021-03-19,6052,182982,1592,89213,2934,88018,1526,5751,3201,69508,2809,58976,4720,128484,California
Stanislaus,2021-03-20,3863,186845,3022,92235,773,88791,68,5819,3381,72483,476,59452,3451,131935,California
Stanislaus,2021-03-21,1023,187868,912,93147,45,88836,66,5885,773,73079,243,59695,839,132774,California
Stanislaus,2021-03-22,3034,190902,1402,94549,905,89741,727,6612,1420,73649,1579,61274,2149,134923,California
Stanislaus,2021-03-23,4153,195055,2122,96671,1771,91512,260,6872,2984,75766,1146,62420,3263,138186,California
Stanislaus,2021-03-24,4732,199787,3297,99968,1356,92868,79,6951,2765,76699,1915,64335,2848,141034,California
Stanislaus,2021-03-25,4434,204221,3012,102980,1406,94274,16,6967,1960,76285,2392,66727,1978,143012,California
Stanislaus,2021-03-26,4956,209177,1422,104402,3460,97734,74,7041,2529,76512,2387,69114,2614,145626,California
Stanislaus,2021-03-27,4452,213629,2777,107179,1591,99325,84,7125,1403,74974,3030,72144,1492,147118,California
Stanislaus,2021-03-28,1123,214752,449,107628,566,99891,108,7233,323,74626,785,72929,437,147555,California
Stanislaus,2021-03-29,3191,217943,1852,109480,1299,101190,40,7273,2167,75827,1012,73941,2213,149768,California
Stanislaus,2021-03-30,3871,221814,2085,111565,1760,102950,26,7299,2392,76785,1466,75407,2424,152192,California
Stanislaus,2021-03-31,5637,227451,3884,115449,1623,104573,130,7429,2931,77168,2682,78089,3065,155257,California
Stanislaus,2021-04-01,5959,233410,3874,119323,1967,106540,118,7547,2751,76869,3176,81265,2877,158134,California
Stanislaus,2021-04-02,5216,238626,1242,120565,3805,110345,169,7716,2379,76689,2736,84001,2556,160690,California
Stanislaus,2021-04-03,4711,243337,3451,124016,1222,111567,38,7754,2258,76554,2440,86441,2305,162995,California
Stanislaus,2021-04-04,1332,244669,478,124494,824,112391,30,7784,650,76566,673,87114,685,163680,California
Stanislaus,2021-04-05,3779,248448,2566,127060,953,113344,260,8044,2450,77962,1318,88432,2714,166394,California
Stanislaus,2021-04-06,5976,254424,4246,131306,1444,114788,286,8330,3220,78733,2737,91169,3508,169902,California
Stanislaus,2021-04-07,6549,260973,3680,134986,2429,117217,440,8770,2902,78459,3623,94792,3349,173251,California
Stanislaus,2021-04-08,5896,266869,3427,138413,2022,119239,447,9217,2908,78862,2954,97746,3357,176608,California
Stanislaus,2021-04-09,5008,271877,2185,140598,2441,121680,382,9599,2286,78842,2691,100437,2671,179279,California
Stanislaus,2021-04-10,6515,278392,3999,144597,876,122556,1640,11239,1996,77979,4493,104930,3630,182909,California
Stanislaus,2021-04-11,1538,279930,861,145458,544,123100,133,11372,666,77910,869,105799,800,183709,California
Stanislaus,2021-04-12,3800,283730,2127,147585,1224,124324,449,11821,1955,78512,1813,107612,2415,186124,California
Stanislaus,2021-04-13,5414,289144,3506,151091,1894,126218,14,11835,2970,79095,2395,110007,2978,189102,California
Stanislaus,2021-04-14,4832,293976,3340,154431,1490,127708,2,11837,2351,79011,2441,112448,2357,191459,California
Stanislaus,2021-04-15,5585,299561,3390,157821,2192,129900,3,11840,3252,79988,2278,114726,3255,194714,California
Stanislaus,2021-04-16,4507,304068,1065,158886,3441,133341,1,11841,1867,79274,2584,117310,1870,196584,California
Stanislaus,2021-04-17,3177,307245,2139,161025,1038,134379,0,11841,1841,79795,1322,118632,1843,198427,California
Stanislaus,2021-04-18,618,307863,298,161323,318,134697,2,11843,433,80055,176,118808,436,198863,California
Stanislaus,2021-04-19,3648,311511,2469,163792,1177,135874,2,11845,1659,79778,1944,120752,1667,200530,California
Stanislaus,2021-04-20,4181,315692,2494,166286,1687,137561,0,11845,1774,79188,2366,123118,1776,202306,California
Stanislaus,2021-04-21,4061,319753,2685,168971,1375,138936,1,11846,1634,78454,2375,125493,1641,203947,California
Stanislaus,2021-04-22,4141,323894,2453,171424,1687,140623,1,11847,1638,77644,2453,127946,1643,205590,California
Stanislaus,2021-04-23,3842,327736,914,172338,2927,143550,1,11848,1566,77044,2173,130119,1573,207163,California
Stanislaus,2021-04-24,3892,331628,2969,175307,923,144473,0,11848,1856,76888,2017,132136,1861,209024,California
Stanislaus,2021-04-25,942,332570,485,175792,457,144930,0,11848,689,77335,246,132382,693,209717,California
Stanislaus,2021-04-26,3669,336239,2442,178234,1221,146151,6,11854,1154,76012,2488,134870,1165,210882,California
Stanislaus,2021-04-27,4308,340547,2890,181124,1370,147521,48,11902,1252,74294,3022,137892,1304,212186,California
Stanislaus,2021-04-28,4611,345158,3165,184289,1383,148904,63,11965,1955,73689,2631,140523,2026,214212,California
Stanislaus,2021-04-29,3985,349143,2443,186732,1494,150398,48,12013,1563,72912,2397,142920,1620,215832,California
Stanislaus,2021-04-30,4831,353974,2154,188886,2593,152991,84,12097,1901,72000,2905,145825,1993,217825,California
Stanislaus,2021-05-01,2736,356710,1937,190823,758,153749,41,12138,1027,71377,1699,147524,1076,218901,California
Stanislaus,2021-05-02,1092,357802,627,191450,426,154175,39,12177,524,71384,562,148086,569,219470,California
Stanislaus,2021-05-03,2582,360384,2004,193454,507,154682,71,12248,980,70853,1586,149672,1055,220525,California
Stanislaus,2021-05-04,3771,364155,2570,196024,1097,155779,104,12352,1176,69559,2580,152252,1286,221811,California
Stanislaus,2021-05-05,3453,367608,2267,198291,1110,156889,76,12428,1201,68609,2230,154482,1280,223091,California
Stanislaus,2021-05-06,3776,371384,2863,201154,789,157678,124,12552,1160,67311,2588,157070,1290,224381,California
Stanislaus,2021-05-07,2597,373981,1041,202195,1394,159072,162,12714,1109,67108,1476,158546,1273,225654,California
Stanislaus,2021-05-08,2021,376002,1405,203600,583,159655,33,12747,750,66647,1251,159797,790,226444,California
Stanislaus,2021-05-09,722,376724,347,203947,349,160004,26,12773,305,66565,414,160211,332,226776,California
Stanislaus,2021-05-10,1816,378540,1153,205100,564,160568,99,12872,491,65844,1313,161524,592,227368,California
Stanislaus,2021-05-11,2529,381069,1576,206676,794,161362,159,13031,752,64992,1768,163292,916,228284,California
Stanislaus,2021-05-12,2410,383479,1370,208046,929,162291,111,13142,936,64581,1460,164752,1049,229333,California
Stanislaus,2021-05-13,2183,385662,1289,209335,774,163065,120,13262,1037,64602,1138,165890,1159,230492,California
Stanislaus,2021-05-14,2791,388453,1261,210596,1392,164457,138,13400,1306,64585,1463,167353,1446,231938,California
Stanislaus,2021-05-15,2496,390949,1779,212375,667,165124,50,13450,1208,64574,1278,168631,1267,233205,California
Stanislaus,2021-05-16,1106,392055,747,213122,351,165475,8,13458,591,64666,511,169142,603,233808,California
Stanislaus,2021-05-17,2063,394118,1392,214514,589,166064,82,13540,996,64690,1061,170203,1085,234893,California
Stanislaus,2021-05-18,2328,396446,1609,216123,604,166668,115,13655,1206,64900,1110,171313,1320,236213,California
Stanislaus,2021-05-19,3163,399609,2172,218295,836,167504,155,13810,1383,64676,1766,173079,1542,237755,California
Stanislaus,2021-05-20,2247,401856,1220,219515,922,168426,105,13915,895,64339,1342,174421,1005,238760,California
Stanislaus,2021-05-21,2499,404355,1222,220737,1179,169605,98,14013,995,63948,1487,175908,1096,239856,California
Stanislaus,2021-05-22,2020,406375,1221,221958,728,170333,71,14084,879,63767,1132,177040,951,240807,California
Stanislaus,2021-05-23,1080,407455,708,222666,356,170689,16,14100,513,63734,562,177602,529,241336,California
Stanislaus,2021-05-24,1831,409286,1273,223939,479,171168,79,14179,726,63444,1101,178703,811,242147,California
Stanislaus,2021-05-25,1814,411100,1239,225178,475,171643,100,14279,861,63462,948,179651,966,243113,California
Stanislaus,2021-05-26,2040,413140,1269,226447,718,172361,53,14332,955,63393,1077,180728,1008,244121,California
Stanislaus,2021-05-27,1793,414933,981,227428,727,173088,85,14417,617,62932,1164,181892,703,244824,California
Stanislaus,2021-05-28,2197,417130,1037,228465,1073,174161,87,14504,944,62717,1246,183138,1031,245855,California
Stanislaus,2021-05-29,1321,418451,851,229316,428,174589,42,14546,591,62626,726,183864,635,246490,California
Stanislaus,2021-05-30,454,418905,272,229588,148,174737,34,14580,207,62625,242,184106,241,246731,California
Stanislaus,2021-05-31,260,419165,123,229711,130,174867,7,14587,97,62566,163,184269,104,246835,California
Stanislaus,2021-06-01,1691,420856,1054,230765,581,175448,56,14643,636,62212,1049,185318,695,247530,California
Stanislaus,2021-06-02,1814,422670,1151,231916,592,176040,71,14714,747,61979,1054,186372,821,248351,California
Stanislaus,2021-06-03,1396,424066,828,232744,520,176560,48,14762,514,61673,870,187242,564,248915,California
Stanislaus,2021-06-04,1919,425985,1150,233894,700,177260,69,14831,725,61284,1187,188429,798,249713,California
Stanislaus,2021-06-05,1571,427556,1221,235115,307,177567,43,14874,516,60794,1049,189478,559,250272,California
Stanislaus,2021-06-06,511,428067,419,235534,83,177650,9,14883,186,60666,324,189802,196,250468,California
Stanislaus,2021-06-07,1611,429678,1234,236768,332,177982,45,14928,602,60312,1000,190802,646,251114,California
Stanislaus,2021-06-08,1919,431597,1443,238211,398,178380,78,15006,677,59834,1233,192035,755,251869,California
Stanislaus,2021-06-09,1860,433457,1314,239525,464,178844,82,15088,635,59331,1221,193256,718,252587,California
Stanislaus,2021-06-10,1479,434936,939,240464,476,179320,64,15152,605,59136,866,194122,671,253258,California
Stanislaus,2021-06-11,1502,436438,906,241370,546,179866,50,15202,553,58806,935,195057,605,253863,California
Stanislaus,2021-06-12,1034,437472,753,242123,255,180121,26,15228,382,58571,646,195703,411,254274,California
Stanislaus,2021-06-13,550,438022,408,242531,136,180257,6,15234,179,58390,368,196071,187,254461,California
Stanislaus,2021-06-14,1357,439379,965,243496,369,180626,23,15257,492,58050,855,196926,515,254976,California
Stanislaus,2021-06-15,1585,440964,1143,244639,396,181022,46,15303,532,57582,1048,197974,580,255556,California
Stanislaus,2021-06-16,1939,442903,1393,246032,481,181503,65,15368,775,57262,1160,199134,840,256396,California
Stanislaus,2021-06-17,1154,444057,732,246764,377,181880,45,15413,540,57241,610,199744,589,256985,California
Stanislaus,2021-06-18,1363,445420,851,247615,429,182309,83,15496,546,57060,812,200556,631,257616,California
Stanislaus,2021-06-19,857,446277,629,248244,184,182493,44,15540,372,56996,481,201037,417,258033,California
Stanislaus,2021-06-20,330,446607,238,248482,86,182579,6,15546,154,56981,175,201212,160,258193,California
Stanislaus,2021-06-21,988,447595,580,249062,281,182860,127,15673,512,57152,470,201682,641,258834,California
Stanislaus,2021-06-22,1214,448809,881,249943,260,183120,73,15746,494,57011,710,202392,569,259403,California
Stanislaus,2021-06-23,1231,450040,815,250758,354,183474,62,15808,522,56887,707,203099,583,259986,California
Stanislaus,2021-06-24,943,450983,629,251387,267,183741,47,15855,477,56952,462,203561,527,260513,California
Stanislaus,2021-06-25,1111,452094,717,252104,332,184073,62,15917,469,56844,637,204198,529,261042,California
Stanislaus,2021-06-26,608,452702,460,252564,124,184197,24,15941,280,56823,326,204524,305,261347,California
Stanislaus,2021-06-27,394,453096,298,252862,86,184283,10,15951,202,56844,191,204715,212,261559,California
Stanislaus,2021-06-28,974,454070,769,253631,162,184445,43,15994,429,56773,543,205258,472,262031,California
Stanislaus,2021-06-29,881,454951,688,254319,150,184595,43,16037,358,56656,518,205776,401,262432,California
Stanislaus,2021-06-30,936,455887,639,254958,266,184861,31,16068,430,56619,500,206276,463,262895,California
Stanislaus,2021-07-01,921,456808,583,255541,301,185162,37,16105,423,56590,489,206765,460,263355,California
Stanislaus,2021-07-02,735,457543,419,255960,283,185445,33,16138,366,56626,362,207127,398,263753,California
Stanislaus,2021-07-03,394,457937,295,256255,89,185534,10,16148,207,56657,187,207314,218,263971,California
Stanislaus,2021-07-04,61,457998,29,256284,26,185560,6,16154,19,56641,41,207355,25,263996,California
Stanislaus,2021-07-05,544,458542,400,256684,141,185701,3,16157,264,56629,279,207634,267,264263,California
Stanislaus,2021-07-06,811,459353,578,257262,191,185892,42,16199,368,56599,439,208073,409,264672,California
Stanislaus,2021-07-07,907,460260,591,257853,267,186159,49,16248,358,56461,548,208621,410,265082,California
Stanislaus,2021-07-08,839,461099,529,258382,265,186424,45,16293,421,56513,414,209035,466,265548,California
Stanislaus,2021-07-09,839,461938,502,258884,299,186723,38,16331,427,56573,406,209441,466,266014,California
Stanislaus,2021-07-10,442,462380,346,259230,87,186810,9,16340,224,56591,215,209656,233,266247,California
Stanislaus,2021-07-11,333,462713,257,259487,74,186884,2,16342,172,56607,158,209814,174,266421,California
Stanislaus,2021-07-12,664,463377,451,259938,181,187065,32,16374,299,56580,361,210175,334,266755,California
Sutter,2020-12-15,1,1,1,1,0,0,0,0,1,1,0,0,1,1,California
Sutter,2020-12-16,4,5,4,5,0,0,0,0,4,5,0,0,4,5,California
Sutter,2020-12-17,3,8,3,8,0,0,0,0,3,8,0,0,3,8,California
Sutter,2020-12-18,21,29,21,29,0,0,0,0,21,29,0,0,21,29,California
Sutter,2020-12-19,45,74,45,74,0,0,0,0,45,74,0,0,45,74,California
Sutter,2020-12-20,43,117,43,117,0,0,0,0,43,117,0,0,43,117,California
Sutter,2020-12-21,99,216,99,216,0,0,0,0,99,216,0,0,99,216,California
Sutter,2020-12-22,172,388,172,388,0,0,0,0,172,388,0,0,172,388,California
Sutter,2020-12-23,115,503,110,498,5,5,0,0,115,503,0,0,115,503,California
Sutter,2020-12-24,17,520,11,509,6,11,0,0,17,520,0,0,17,520,California
Sutter,2020-12-26,38,558,34,543,4,15,0,0,38,558,0,0,38,558,California
Sutter,2020-12-27,24,582,23,566,1,16,0,0,24,582,0,0,24,582,California
Sutter,2020-12-28,84,666,56,622,28,44,0,0,84,666,0,0,84,666,California
Sutter,2020-12-29,101,767,14,636,87,131,0,0,101,767,0,0,101,767,California
Sutter,2020-12-30,137,904,33,669,104,235,0,0,137,904,0,0,137,904,California
Sutter,2020-12-31,70,974,6,675,64,299,0,0,70,974,0,0,70,974,California
Sutter,2021-01-01,3,977,3,678,0,299,0,0,3,977,0,0,3,977,California
Sutter,2021-01-02,134,1111,132,810,2,301,0,0,134,1111,0,0,134,1111,California
Sutter,2021-01-03,1,1112,0,810,1,302,0,0,1,1112,0,0,1,1112,California
Sutter,2021-01-04,245,1357,137,947,108,410,0,0,245,1357,0,0,245,1357,California
Sutter,2021-01-05,99,1456,56,1003,43,453,0,0,96,1450,3,3,96,1453,California
Sutter,2021-01-06,204,1660,50,1053,154,607,0,0,199,1644,5,8,199,1652,California
Sutter,2021-01-07,251,1911,153,1206,98,705,0,0,241,1876,9,17,241,1893,California
Sutter,2021-01-08,150,2061,40,1246,110,815,0,0,133,1992,17,34,133,2026,California
Sutter,2021-01-09,46,2107,43,1289,3,818,0,0,5,1956,41,75,5,2031,California
Sutter,2021-01-10,394,2501,37,1326,357,1175,0,0,356,2275,37,112,356,2387,California
Sutter,2021-01-11,132,2633,115,1441,17,1192,0,0,25,2193,107,219,25,2412,California
Sutter,2021-01-12,201,2834,165,1606,36,1228,0,0,57,2106,144,363,57,2469,California
Sutter,2021-01-13,163,2997,99,1705,64,1292,0,0,73,2090,89,452,73,2542,California
Sutter,2021-01-14,148,3145,52,1757,96,1388,0,0,128,2198,20,472,128,2670,California
Sutter,2021-01-15,435,3580,130,1887,305,1693,0,0,421,2605,14,486,421,3091,California
Sutter,2021-01-16,385,3965,41,1928,344,2037,0,0,354,2929,30,516,354,3445,California
Sutter,2021-01-17,26,3991,24,1952,2,2039,0,0,10,2923,16,532,10,3455,California
Sutter,2021-01-18,117,4108,62,2014,55,2094,0,0,69,2944,48,580,69,3524,California
Sutter,2021-01-19,109,4217,43,2057,66,2160,0,0,84,3003,25,605,84,3608,California
Sutter,2021-01-20,274,4491,209,2266,65,2225,0,0,252,3233,22,627,252,3860,California
Sutter,2021-01-21,523,5014,352,2618,171,2396,0,0,505,3720,18,645,505,4365,California
Sutter,2021-01-22,239,5253,51,2669,188,2584,0,0,230,3941,9,654,230,4595,California
Sutter,2021-01-23,398,5651,39,2708,359,2943,0,0,372,4287,26,680,372,4967,California
Sutter,2021-01-24,17,5668,15,2723,2,2945,0,0,15,4300,2,682,15,4982,California
Sutter,2021-01-25,305,5973,195,2918,110,3055,0,0,149,4295,155,837,150,5132,California
Sutter,2021-01-26,252,6225,110,3028,142,3197,0,0,145,4334,106,943,145,5277,California
Sutter,2021-01-27,389,6614,257,3285,132,3329,0,0,320,4585,69,1012,320,5597,California
Sutter,2021-01-28,586,7200,360,3645,226,3555,0,0,410,4821,174,1186,410,6007,California
Sutter,2021-01-29,365,7565,88,3733,277,3832,0,0,243,4942,122,1308,243,6250,California
Sutter,2021-01-30,771,8336,38,3771,733,4565,0,0,760,5691,11,1319,760,7010,California
Sutter,2021-01-31,28,8364,27,3798,1,4566,0,0,28,5719,0,1319,28,7038,California
Sutter,2021-02-01,172,8536,53,3851,119,4685,0,0,140,5828,31,1350,140,7178,California
Sutter,2021-02-02,248,8784,28,3879,220,4905,0,0,214,6008,34,1384,214,7392,California
Sutter,2021-02-03,447,9231,39,3918,408,5313,0,0,210,5982,236,1620,210,7602,California
Sutter,2021-02-04,670,9901,365,4283,305,5618,0,0,619,6551,50,1670,619,8221,California
Sutter,2021-02-05,289,10190,33,4316,256,5874,0,0,135,6532,154,1824,135,8356,California
Sutter,2021-02-06,734,10924,28,4344,706,6580,0,0,712,7222,22,1846,712,9068,California
Sutter,2021-02-07,26,10950,21,4365,5,6585,0,0,22,7240,4,1850,22,9090,California
Sutter,2021-02-08,135,11085,31,4396,104,6689,0,0,97,7299,38,1888,97,9187,California
Sutter,2021-02-09,249,11334,46,4442,203,6892,0,0,188,7426,61,1949,188,9375,California
Sutter,2021-02-10,821,12155,385,4827,436,7328,0,0,178,6962,642,2591,178,9553,California
Sutter,2021-02-11,608,12763,275,5102,333,7661,0,0,316,6986,292,2883,316,9869,California
Sutter,2021-02-12,638,13401,69,5171,569,8230,0,0,312,6973,325,3208,312,10181,California
Sutter,2021-02-13,904,14305,48,5219,856,9086,0,0,785,7639,119,3327,785,10966,California
Sutter,2021-02-14,90,14395,25,5244,65,9151,0,0,79,7707,11,3338,79,11045,California
Sutter,2021-02-15,201,14596,72,5316,129,9280,0,0,122,7750,79,3417,122,11167,California
Sutter,2021-02-16,290,14886,44,5360,246,9526,0,0,204,7870,84,3501,204,11371,California
Sutter,2021-02-17,837,15723,435,5795,402,9928,0,0,136,7306,700,4201,136,11507,California
Sutter,2021-02-18,718,16441,59,5854,659,10587,0,0,501,7592,215,4416,501,12008,California
Sutter,2021-02-19,669,17110,378,6232,291,10878,0,0,464,7854,202,4618,464,12472,California
Sutter,2021-02-20,629,17739,56,6288,573,11451,0,0,520,8266,108,4726,520,12992,California
Sutter,2021-02-21,29,17768,28,6316,1,11452,0,0,7,8251,22,4748,7,12999,California
Sutter,2021-02-22,216,17984,126,6442,90,11542,0,0,86,8208,129,4877,86,13085,California
Sutter,2021-02-23,245,18229,36,6478,209,11751,0,0,108,8181,135,5012,108,13193,California
Sutter,2021-02-24,1026,19255,379,6857,647,12398,0,0,201,7559,823,5835,201,13394,California
Sutter,2021-02-25,858,20113,539,7396,319,12717,0,0,653,8011,201,6036,653,14047,California
Sutter,2021-02-26,401,20514,61,7457,340,13057,0,0,168,7951,228,6264,168,14215,California
Sutter,2021-02-27,877,21391,48,7505,829,13886,0,0,721,8514,158,6422,721,14936,California
Sutter,2021-02-28,89,21480,43,7548,46,13932,0,0,68,8562,20,6442,68,15004,California
Sutter,2021-03-01,252,21732,63,7611,189,14121,0,0,150,8610,102,6544,150,15154,California
Sutter,2021-03-02,342,22074,59,7670,283,14404,0,0,164,8599,175,6719,164,15318,California
Sutter,2021-03-03,1400,23474,531,8201,869,15273,0,0,660,8527,732,7451,660,15978,California
Sutter,2021-03-04,1258,24732,864,9065,394,15667,0,0,947,9167,307,7758,947,16925,California
Sutter,2021-03-05,341,25073,80,9145,260,15927,1,1,208,9243,133,7891,209,17134,California
Sutter,2021-03-06,1028,26101,46,9191,977,16904,5,6,859,9940,167,8058,864,17998,California
Sutter,2021-03-07,70,26171,23,9214,46,16950,1,7,46,9964,23,8081,47,18045,California
Sutter,2021-03-08,235,26406,81,9295,142,17092,12,19,164,10069,71,8152,176,18221,California
Sutter,2021-03-09,394,26800,138,9433,244,17336,12,31,188,10063,206,8358,200,18421,California
Sutter,2021-03-10,1574,28374,678,10111,835,18171,61,92,525,9608,1041,9399,586,19007,California
Sutter,2021-03-11,904,29278,440,10551,445,18616,19,111,653,10033,247,9646,672,19679,California
Sutter,2021-03-12,680,29958,111,10662,389,19005,180,291,203,9940,473,10119,380,20059,California
Sutter,2021-03-13,991,30949,749,11411,223,19228,19,310,778,10526,210,10329,796,20855,California
Sutter,2021-03-14,132,31081,22,11433,99,19327,11,321,45,10495,87,10416,56,20911,California
Sutter,2021-03-15,326,31407,67,11500,210,19537,49,370,155,10530,169,10585,204,21115,California
Sutter,2021-03-16,389,31796,86,11586,256,19793,47,417,211,10609,178,10763,257,21372,California
Sutter,2021-03-17,1499,33295,563,12149,914,20707,22,439,274,9694,1210,11973,295,21667,California
Sutter,2021-03-18,978,34273,183,12332,591,21298,204,643,568,10060,404,12377,770,22437,California
Sutter,2021-03-19,463,34736,166,12498,268,21566,29,672,280,10188,181,12558,309,22746,California
Sutter,2021-03-20,951,35687,118,12616,822,22388,11,683,858,10966,91,12649,869,23615,California
Sutter,2021-03-21,68,35755,47,12663,18,22406,3,686,31,10963,37,12686,34,23649,California
Sutter,2021-03-22,290,36045,120,12783,144,22550,26,712,209,11120,78,12764,235,23884,California
Sutter,2021-03-23,378,36423,114,12897,231,22781,33,745,246,11268,130,12894,278,24162,California
Sutter,2021-03-24,1686,38109,774,13671,843,23624,69,814,306,10280,1363,14257,375,24537,California
Sutter,2021-03-25,1043,39152,678,14349,322,23946,43,857,359,10003,679,14936,402,24939,California
Sutter,2021-03-26,498,39650,176,14525,305,24251,17,874,285,10099,206,15142,302,25241,California
Sutter,2021-03-27,928,40578,63,14588,863,25114,2,876,810,10798,113,15255,812,26053,California
Sutter,2021-03-28,125,40703,72,14660,53,25167,0,876,77,10829,46,15301,77,26130,California
Sutter,2021-03-29,426,41129,142,14802,228,25395,56,932,221,10903,203,15504,277,26407,California
Sutter,2021-03-30,481,41610,160,14962,311,25706,10,942,317,11067,163,15667,327,26734,California
Sutter,2021-03-31,1256,42866,177,15139,1063,26769,16,958,439,10717,804,16471,454,27188,California
Sutter,2021-04-01,1386,44252,740,15879,461,27230,185,1143,429,10384,946,17417,613,27801,California
Sutter,2021-04-02,517,44769,102,15981,297,27527,118,1261,202,10389,311,17728,316,28117,California
Sutter,2021-04-03,913,45682,78,16059,213,27740,622,1883,122,10348,784,18512,743,28860,California
Sutter,2021-04-04,118,45800,22,16081,90,27830,6,1889,54,10345,63,18575,60,28920,California
Sutter,2021-04-05,372,46172,144,16225,191,28021,37,1926,172,10357,197,18772,209,29129,California
Sutter,2021-04-06,510,46682,198,16423,256,28277,56,1982,269,10443,239,19011,325,29454,California
Sutter,2021-04-07,1480,48162,885,17308,520,28797,75,2057,601,10253,866,19877,676,30130,California
Sutter,2021-04-08,1062,49224,585,17893,362,29159,115,2172,573,10457,481,20358,685,30815,California
Sutter,2021-04-09,571,49795,250,18143,256,29415,65,2237,236,10428,330,20688,301,31116,California
Sutter,2021-04-10,831,50626,112,18255,89,29504,630,2867,111,10445,714,21402,731,31847,California
Sutter,2021-04-11,121,50747,34,18289,40,29544,47,2914,38,10446,82,21484,83,31930,California
Sutter,2021-04-12,344,51091,95,18384,195,29739,54,2968,135,10427,208,21692,189,32119,California
Sutter,2021-04-13,430,51521,125,18509,305,30044,0,2968,211,10421,217,21909,211,32330,California
Sutter,2021-04-14,1326,52847,162,18671,1163,31207,1,2969,223,9551,1094,23003,224,32554,California
Sutter,2021-04-15,539,53386,173,18844,366,31573,0,2969,217,9450,318,23321,217,32771,California
Sutter,2021-04-16,409,53795,129,18973,280,31853,0,2969,189,9421,218,23539,189,32960,California
Sutter,2021-04-17,581,54376,83,19056,498,32351,0,2969,508,9857,72,23611,508,33468,California
Sutter,2021-04-18,92,54468,33,19089,59,32410,0,2969,58,9883,32,23643,58,33526,California
Sutter,2021-04-19,295,54763,113,19202,182,32592,0,2969,122,9835,170,23813,122,33648,California
Sutter,2021-04-20,465,55228,182,19384,283,32875,0,2969,224,9821,238,24051,224,33872,California
Sutter,2021-04-21,1313,56541,502,19886,811,33686,0,2969,515,9552,784,24835,515,34387,California
Sutter,2021-04-22,530,57071,195,20081,335,34021,0,2969,259,9543,268,25103,259,34646,California
Sutter,2021-04-23,438,57509,154,20235,284,34305,0,2969,200,9509,234,25337,200,34846,California
Sutter,2021-04-24,325,57834,106,20341,218,34523,1,2970,184,9553,140,25477,184,35030,California
Sutter,2021-04-25,157,57991,75,20416,82,34605,0,2970,85,9568,70,25547,85,35115,California
Sutter,2021-04-26,321,58312,107,20523,212,34817,2,2972,135,9521,184,25731,137,35252,California
Sutter,2021-04-27,556,58868,284,20807,268,35085,4,2976,254,9481,298,26029,258,35510,California
Sutter,2021-04-28,860,59728,386,21193,466,35551,8,2984,284,9204,569,26598,292,35802,California
Sutter,2021-04-29,808,60536,168,21361,639,36190,1,2985,325,9053,477,27075,326,36128,California
Sutter,2021-04-30,394,60930,143,21504,238,36428,13,2998,173,9021,217,27292,185,36313,California
Sutter,2021-05-01,301,61231,109,21613,151,36579,41,3039,130,9024,168,27460,171,36484,California
Sutter,2021-05-02,80,61311,53,21666,25,36604,2,3041,45,9036,35,27495,47,36531,California
Sutter,2021-05-03,218,61529,110,21776,99,36703,9,3050,89,9005,129,27624,98,36629,California
Sutter,2021-05-04,558,62087,254,22030,240,36943,64,3114,228,8970,326,27950,291,36920,California
Sutter,2021-05-05,565,62652,174,22204,383,37326,8,3122,165,8749,394,28344,173,37093,California
Sutter,2021-05-06,437,63089,234,22438,182,37508,21,3143,197,8727,239,28583,217,37310,California
Sutter,2021-05-07,426,63515,160,22598,244,37752,22,3165,162,8653,258,28841,184,37494,California
Sutter,2021-05-08,242,63757,95,22693,141,37893,6,3171,115,8647,127,28968,121,37615,California
Sutter,2021-05-09,107,63864,79,22772,23,37916,5,3176,62,8669,45,29013,67,37682,California
Sutter,2021-05-10,192,64056,44,22816,130,38046,18,3194,50,8596,141,29154,68,37750,California
Sutter,2021-05-11,473,64529,238,23054,214,38260,21,3215,192,8531,276,29430,211,37961,California
Sutter,2021-05-12,466,64995,262,23316,193,38453,11,3226,157,8394,305,29735,168,38129,California
Sutter,2021-05-13,490,65485,262,23578,206,38659,22,3248,189,8305,300,30035,211,38340,California
Sutter,2021-05-14,443,65928,189,23767,238,38897,16,3264,205,8293,233,30268,221,38561,California
Sutter,2021-05-15,848,66776,316,24083,501,39398,31,3295,309,8096,537,30805,340,38901,California
Sutter,2021-05-16,173,66949,118,24201,47,39445,8,3303,93,8118,79,30884,101,39002,California
Sutter,2021-05-17,290,67239,116,24317,160,39605,14,3317,148,8141,139,31023,162,39164,California
Sutter,2021-05-18,553,67792,313,24630,236,39841,4,3321,300,8196,249,31272,304,39468,California
Sutter,2021-05-19,463,68255,264,24894,192,40033,7,3328,223,8189,237,31509,230,39698,California
Sutter,2021-05-20,462,68717,239,25133,211,40244,12,3340,215,8173,243,31752,227,39925,California
Sutter,2021-05-21,489,69206,220,25353,257,40501,12,3352,212,8121,275,32027,223,40148,California
Sutter,2021-05-22,372,69578,207,25560,162,40663,3,3355,186,8128,181,32208,188,40336,California
Sutter,2021-05-23,192,69770,95,25655,88,40751,9,3364,92,8135,94,32302,101,40437,California
Sutter,2021-05-24,240,70010,91,25746,126,40877,23,3387,96,8113,141,32443,119,40556,California
Sutter,2021-05-25,399,70409,196,25942,191,41068,12,3399,165,8061,229,32672,177,40733,California
Sutter,2021-05-26,321,70730,157,26099,155,41223,9,3408,112,7977,205,32877,121,40854,California
Sutter,2021-05-27,434,71164,117,26216,298,41521,19,3427,121,7809,308,33185,140,40994,California
Sutter,2021-05-28,340,71504,165,26381,158,41679,17,3444,168,7829,165,33350,185,41179,California
Sutter,2021-05-29,255,71759,121,26502,119,41798,15,3459,132,7858,118,33468,147,41326,California
Sutter,2021-05-30,84,71843,61,26563,20,41818,3,3462,39,7857,43,33511,42,41368,California
Sutter,2021-05-31,21,71864,3,26566,14,41832,4,3466,7,7854,14,33525,11,41379,California
Sutter,2021-06-01,311,72175,134,26700,169,42001,8,3474,114,7781,195,33720,122,41501,California
Sutter,2021-06-02,283,72458,120,26820,157,42158,6,3480,97,7704,180,33900,103,41604,California
Sutter,2021-06-03,343,72801,224,27044,109,42267,10,3490,116,7609,221,34121,126,41730,California
Sutter,2021-06-04,343,73144,199,27243,137,42404,7,3497,120,7518,218,34339,127,41857,California
Sutter,2021-06-05,440,73584,369,27612,67,42471,4,3501,154,7395,281,34620,158,42015,California
Sutter,2021-06-06,134,73718,115,27727,16,42487,3,3504,44,7354,88,34708,47,42062,California
Sutter,2021-06-07,165,73883,107,27834,49,42536,9,3513,58,7315,106,34814,67,42129,California
Sutter,2021-06-08,366,74249,206,28040,148,42684,12,3525,158,7276,209,35023,170,42299,California
Sutter,2021-06-09,369,74618,235,28275,129,42813,5,3530,128,7171,238,35261,133,42432,California
Sutter,2021-06-10,389,75007,279,28554,100,42913,10,3540,154,7104,231,35492,164,42596,California
Sutter,2021-06-11,338,75345,216,28770,116,43029,6,3546,114,7004,219,35711,119,42715,California
Sutter,2021-06-12,246,75591,172,28942,59,43088,15,3561,71,6915,175,35886,86,42801,California
Sutter,2021-06-13,83,75674,65,29007,17,43105,1,3562,22,6878,60,35946,23,42824,California
Sutter,2021-06-14,189,75863,110,29117,68,43173,11,3573,74,6849,114,36060,85,42909,California
Sutter,2021-06-15,284,76147,153,29270,118,43291,13,3586,101,6782,181,36241,114,43023,California
Sutter,2021-06-16,221,76368,142,29412,70,43361,9,3595,107,6784,114,36355,116,43139,California
Sutter,2021-06-17,283,76651,173,29585,104,43465,6,3601,123,6755,158,36513,129,43268,California
Sutter,2021-06-18,266,76917,171,29756,80,43545,15,3616,93,6693,170,36683,108,43376,California
Sutter,2021-06-19,208,77125,139,29895,65,43610,4,3620,59,6609,147,36830,63,43439,California
Sutter,2021-06-20,70,77195,49,29944,19,43629,2,3622,31,6603,39,36869,33,43472,California
Sutter,2021-06-21,112,77307,53,29997,47,43676,12,3634,50,6605,60,36929,62,43534,California
Sutter,2021-06-22,223,77530,128,30125,92,43768,3,3637,86,6560,134,37063,89,43623,California
Sutter,2021-06-23,185,77715,108,30233,69,43837,8,3645,77,6536,108,37171,84,43707,California
Sutter,2021-06-24,239,77954,161,30394,67,43904,11,3656,103,6514,136,37307,114,43821,California
Sutter,2021-06-25,224,78178,145,30539,73,43977,6,3662,88,6476,132,37439,94,43915,California
Sutter,2021-06-26,220,78398,178,30717,36,44013,6,3668,76,6417,142,37581,83,43998,California
Sutter,2021-06-27,78,78476,65,30782,12,44025,1,3669,28,6397,49,37630,29,44027,California
Sutter,2021-06-28,121,78597,75,30857,40,44065,6,3675,61,6405,59,37689,67,44094,California
Sutter,2021-06-29,232,78829,152,31009,70,44135,10,3685,81,6347,149,37838,91,44185,California
Sutter,2021-06-30,178,79007,113,31122,56,44191,9,3694,73,6328,101,37939,82,44267,California
Sutter,2021-07-01,206,79213,174,31296,25,44216,7,3701,76,6281,129,38068,82,44349,California
Sutter,2021-07-02,196,79409,130,31426,54,44270,12,3713,93,6290,96,38164,105,44454,California
Sutter,2021-07-03,115,79524,88,31514,24,44294,3,3716,40,6264,69,38233,43,44497,California
Sutter,2021-07-04,6,79530,3,31517,3,44297,0,3716,2,6263,3,38236,2,44499,California
Sutter,2021-07-05,87,79617,58,31575,19,44316,10,3726,40,6266,46,38282,49,44548,California
Sutter,2021-07-06,229,79846,136,31711,72,44388,21,3747,77,6214,150,38432,98,44646,California
Sutter,2021-07-07,191,80037,108,31819,75,44463,8,3755,64,6161,125,38557,72,44718,California
Sutter,2021-07-08,216,80253,135,31954,75,44538,6,3761,77,6107,137,38694,83,44801,California
Sutter,2021-07-09,205,80458,136,32090,62,44600,7,3768,99,6110,103,38797,106,44907,California
Sutter,2021-07-10,141,80599,106,32196,32,44632,3,3771,70,6113,70,38867,73,44980,California
Sutter,2021-07-11,64,80663,46,32242,17,44649,1,3772,34,6118,30,38897,35,45015,California
Sutter,2021-07-12,76,80739,39,32281,31,44680,6,3778,31,6110,45,38942,37,45052,California
Tehama,2020-12-15,1,1,1,1,0,0,0,0,1,1,0,0,1,1,California
Tehama,2020-12-16,2,3,2,3,0,0,0,0,2,3,0,0,2,3,California
Tehama,2020-12-17,11,14,11,14,0,0,0,0,11,14,0,0,11,14,California
Tehama,2020-12-18,2,16,2,16,0,0,0,0,3,17,0,0,3,17,California
Tehama,2020-12-21,33,49,33,49,0,0,0,0,33,50,0,0,33,50,California
Tehama,2020-12-22,70,119,64,113,6,6,0,0,70,120,0,0,70,120,California
Tehama,2020-12-23,48,167,40,153,8,14,0,0,48,168,0,0,48,168,California
Tehama,2020-12-24,5,172,3,156,2,16,0,0,5,173,0,0,5,173,California
Tehama,2020-12-26,3,175,2,158,1,17,0,0,3,176,0,0,3,176,California
Tehama,2020-12-27,2,177,2,160,0,17,0,0,2,178,0,0,2,178,California
Tehama,2020-12-28,56,233,43,203,13,30,0,0,56,234,0,0,56,234,California
Tehama,2020-12-29,31,264,31,234,0,30,0,0,31,265,0,0,31,265,California
Tehama,2020-12-30,55,319,39,273,16,46,0,0,54,319,0,0,54,319,California
Tehama,2020-12-31,14,333,4,277,10,56,0,0,14,333,0,0,14,333,California
Tehama,2021-01-01,3,336,0,277,3,59,0,0,3,336,0,0,3,336,California
Tehama,2021-01-04,32,368,9,286,23,82,0,0,32,368,0,0,32,368,California
Tehama,2021-01-05,70,438,43,329,27,109,0,0,67,432,3,3,67,435,California
Tehama,2021-01-06,71,509,20,349,51,160,0,0,63,488,7,10,63,498,California
Tehama,2021-01-07,58,567,7,356,51,211,0,0,57,544,1,11,57,555,California
Tehama,2021-01-08,34,601,25,381,9,220,0,0,29,568,5,16,29,584,California
Tehama,2021-01-09,7,608,5,386,2,222,0,0,5,571,2,18,5,589,California
Tehama,2021-01-10,1,609,0,386,1,223,0,0,1,572,0,18,1,590,California
Tehama,2021-01-11,49,658,47,433,2,225,0,0,15,553,34,52,15,605,California
Tehama,2021-01-12,132,790,112,545,20,245,0,0,86,593,46,98,86,691,California
Tehama,2021-01-13,73,863,55,600,18,263,0,0,27,574,46,144,27,718,California
Tehama,2021-01-14,224,1087,51,651,173,436,0,0,222,794,2,146,222,940,California
Tehama,2021-01-15,249,1336,74,725,175,611,0,0,245,1035,4,150,245,1185,California
Tehama,2021-01-16,264,1600,19,744,245,856,0,0,261,1293,3,153,261,1446,California
Tehama,2021-01-17,7,1607,3,747,4,860,0,0,4,1294,3,156,4,1450,California
Tehama,2021-01-18,12,1619,7,754,5,865,0,0,7,1296,5,161,7,1457,California
Tehama,2021-01-19,295,1914,68,822,227,1092,0,0,240,1481,55,216,240,1697,California
Tehama,2021-01-20,303,2217,87,909,216,1308,0,0,253,1685,49,265,253,1950,California
Tehama,2021-01-21,214,2431,11,920,203,1511,0,0,204,1879,10,275,204,2154,California
Tehama,2021-01-22,224,2655,21,941,203,1714,0,0,221,2097,3,278,221,2375,California
Tehama,2021-01-23,257,2912,7,948,250,1964,0,0,256,2352,1,279,256,2631,California
Tehama,2021-01-24,2,2914,1,949,1,1965,0,0,2,2354,0,279,2,2633,California
Tehama,2021-01-25,32,2946,15,964,17,1982,0,0,14,2350,18,297,14,2647,California
Tehama,2021-01-26,322,3268,42,1006,280,2262,0,0,285,2598,37,334,285,2932,California
Tehama,2021-01-27,300,3568,21,1027,279,2541,0,0,280,2858,20,354,280,3212,California
Tehama,2021-01-28,342,3910,31,1058,311,2852,0,0,327,3170,15,369,327,3539,California
Tehama,2021-01-29,324,4234,20,1078,304,3156,0,0,306,3458,18,387,306,3845,California
Tehama,2021-01-30,102,4336,2,1080,100,3256,0,0,101,3558,1,388,101,3946,California
Tehama,2021-01-31,1,4337,0,1080,1,3257,0,0,1,3559,0,388,1,3947,California
Tehama,2021-02-01,80,4417,24,1104,56,3313,0,0,37,3553,43,431,37,3984,California
Tehama,2021-02-02,363,4780,65,1169,298,3611,0,0,264,3718,99,530,264,4248,California
Tehama,2021-02-03,409,5189,10,1179,399,4010,0,0,363,4035,46,576,363,4611,California
Tehama,2021-02-04,508,5697,99,1278,409,4419,0,0,425,4378,83,659,426,5037,California
Tehama,2021-02-05,178,5875,72,1350,106,4525,0,0,117,4434,61,720,117,5154,California
Tehama,2021-02-06,29,5904,14,1364,15,4540,0,0,17,4439,12,732,17,5171,California
Tehama,2021-02-07,6,5910,5,1369,1,4541,0,0,2,4438,3,735,2,5173,California
Tehama,2021-02-08,35,5945,13,1382,22,4563,0,0,26,4455,9,744,26,5199,California
Tehama,2021-02-09,78,6023,38,1420,40,4603,0,0,40,4457,38,782,40,5239,California
Tehama,2021-02-10,232,6255,63,1483,169,4772,0,0,156,4537,76,858,156,5395,California
Tehama,2021-02-11,220,6475,15,1498,205,4977,0,0,82,4483,136,994,82,5477,California
Tehama,2021-02-12,362,6837,65,1563,297,5274,0,0,170,4461,192,1186,170,5647,California
Tehama,2021-02-13,385,7222,14,1577,371,5645,0,0,145,4366,240,1426,145,5792,California
Tehama,2021-02-14,38,7260,2,1579,36,5681,0,0,36,4400,2,1428,36,5828,California
Tehama,2021-02-15,53,7313,10,1589,43,5724,0,0,47,4441,6,1434,47,5875,California
Tehama,2021-02-16,249,7562,16,1605,233,5957,0,0,64,4320,185,1619,64,5939,California
Tehama,2021-02-17,284,7846,12,1617,272,6229,0,0,54,4144,230,1849,54,5993,California
Tehama,2021-02-18,371,8217,32,1649,339,6568,0,0,145,4063,226,2075,145,6138,California
Tehama,2021-02-19,215,8432,18,1667,197,6765,0,0,43,3934,172,2247,43,6181,California
Tehama,2021-02-20,271,8703,7,1674,264,7029,0,0,27,3717,244,2491,27,6208,California
Tehama,2021-02-21,2,8705,1,1675,1,7030,0,0,1,3717,1,2492,1,6209,California
Tehama,2021-02-22,39,8744,15,1690,24,7054,0,0,27,3732,12,2504,27,6236,California
Tehama,2021-02-23,74,8818,22,1712,52,7106,0,0,29,3716,45,2549,29,6265,California
Tehama,2021-02-24,304,9122,13,1725,291,7397,0,0,29,3470,275,2824,29,6294,California
Tehama,2021-02-25,385,9507,65,1790,320,7717,0,0,42,3169,343,3167,42,6336,California
Tehama,2021-02-26,465,9972,20,1810,445,8162,0,0,72,2848,393,3560,72,6408,California
Tehama,2021-02-27,296,10268,5,1815,291,8453,0,0,34,2620,262,3822,34,6442,California
Tehama,2021-02-28,23,10291,2,1817,21,8474,0,0,20,2637,3,3825,20,6462,California
Tehama,2021-03-01,67,10358,8,1825,59,8533,0,0,32,2634,35,3860,32,6494,California
Tehama,2021-03-02,158,10516,18,1843,140,8673,0,0,32,2540,126,3986,32,6526,California
Tehama,2021-03-03,169,10685,33,1876,136,8809,0,0,51,2473,118,4104,51,6577,California
Tehama,2021-03-04,667,11352,39,1915,628,9437,0,0,223,2257,439,4543,223,6800,California
Tehama,2021-03-05,405,11757,20,1935,385,9822,0,0,213,2279,191,4734,213,7013,California
Tehama,2021-03-06,307,12064,16,1951,291,10113,0,0,79,2132,227,4961,80,7093,California
Tehama,2021-03-07,6,12070,1,1952,5,10118,0,0,3,2133,2,4963,3,7096,California
Tehama,2021-03-08,58,12128,12,1964,31,10149,15,15,27,2145,30,4993,42,7138,California
Tehama,2021-03-09,366,12494,7,1971,340,10489,19,34,311,2420,55,5048,330,7468,California
Tehama,2021-03-10,356,12850,17,1988,318,10807,21,55,73,2232,282,5330,94,7562,California
Tehama,2021-03-11,496,13346,18,2006,429,11236,49,104,348,2481,148,5478,397,7959,California
Tehama,2021-03-12,307,13653,20,2026,222,11458,65,169,179,2599,127,5605,245,8204,California
Tehama,2021-03-13,49,13702,8,2034,34,11492,7,176,6,2569,43,5648,13,8217,California
Tehama,2021-03-14,53,13755,3,2037,40,11532,10,186,9,2544,44,5692,19,8236,California
Tehama,2021-03-15,155,13910,22,2059,113,11645,20,206,85,2579,70,5762,105,8341,California
Tehama,2021-03-16,418,14328,14,2073,366,12011,38,244,313,2826,104,5866,351,8692,California
Tehama,2021-03-17,436,14764,23,2096,381,12392,32,276,352,3128,82,5948,384,9076,California
Tehama,2021-03-18,486,15250,26,2122,436,12828,24,300,307,3282,177,6125,331,9407,California
Tehama,2021-03-19,317,15567,21,2143,283,13111,13,313,276,3530,41,6166,289,9696,California
Tehama,2021-03-20,41,15608,8,2151,31,13142,2,315,29,3549,12,6178,31,9727,California
Tehama,2021-03-21,12,15620,5,2156,7,13149,0,315,12,3561,0,6178,12,9739,California
Tehama,2021-03-22,92,15712,8,2164,67,13216,17,332,50,3586,42,6220,67,9806,California
Tehama,2021-03-23,87,15799,28,2192,53,13269,6,338,69,3643,18,6238,75,9881,California
Tehama,2021-03-24,85,15884,16,2208,67,13336,2,340,54,3668,31,6269,56,9937,California
Tehama,2021-03-25,540,16424,364,2572,163,13499,13,353,483,4108,56,6325,496,10433,California
Tehama,2021-03-26,514,16938,403,2975,99,13598,12,365,433,4475,78,6403,445,10878,California
Tehama,2021-03-27,452,17390,356,3331,71,13669,25,390,383,4815,68,6471,408,11286,California
Tehama,2021-03-28,31,17421,10,3341,21,13690,0,390,19,4822,12,6483,19,11305,California
Tehama,2021-03-29,127,17548,32,3373,95,13785,0,390,80,4855,47,6530,80,11385,California
Tehama,2021-03-30,373,17921,221,3594,150,13935,2,392,252,4988,121,6651,254,11639,California
Tehama,2021-03-31,403,18324,300,3894,100,14035,3,395,330,5248,72,6723,332,11971,California
Tehama,2021-04-01,528,18852,246,4140,276,14311,6,401,395,5517,132,6855,401,12372,California
Tehama,2021-04-02,458,19310,216,4356,237,14548,5,406,273,5609,185,7040,277,12649,California
Tehama,2021-04-03,64,19374,5,4361,54,14602,5,411,32,5614,32,7072,37,12686,California
Tehama,2021-04-04,34,19408,7,4368,26,14628,1,412,23,5627,11,7083,24,12710,California
Tehama,2021-04-05,118,19526,21,4389,69,14697,28,440,61,5659,57,7140,89,12799,California
Tehama,2021-04-06,493,20019,109,4498,333,15030,51,491,137,5491,356,7496,188,12987,California
Tehama,2021-04-07,417,20436,284,4782,90,15120,43,534,304,5725,112,7608,346,13333,California
Tehama,2021-04-08,609,21045,174,4956,394,15514,41,575,229,5616,379,7987,270,13603,California
Tehama,2021-04-09,432,21477,194,5150,204,15718,34,609,216,5651,215,8202,250,13853,California
Tehama,2021-04-10,79,21556,9,5159,38,15756,32,641,40,5684,39,8241,72,13925,California
Tehama,2021-04-11,33,21589,7,5166,15,15771,11,652,8,5678,25,8266,19,13944,California
Tehama,2021-04-12,113,21702,6,5172,88,15859,19,671,40,5664,73,8339,59,14003,California
Tehama,2021-04-13,390,22092,66,5238,324,16183,0,671,67,5408,323,8662,67,14070,California
Tehama,2021-04-14,409,22501,54,5292,355,16538,0,671,51,5103,356,9018,51,14121,California
Tehama,2021-04-15,520,23021,193,5485,327,16865,0,671,81,4746,438,9456,81,14202,California
Tehama,2021-04-16,598,23619,342,5827,256,17121,0,671,75,4298,523,9979,75,14277,California
Tehama,2021-04-17,349,23968,269,6096,80,17201,0,671,41,4033,307,10286,42,14319,California
Tehama,2021-04-18,17,23985,3,6099,14,17215,0,671,14,4044,3,10289,14,14333,California
Tehama,2021-04-19,98,24083,8,6107,90,17305,0,671,42,4030,56,10345,42,14375,California
Tehama,2021-04-20,528,24611,436,6543,92,17397,0,671,152,3810,374,10719,154,14529,California
Tehama,2021-04-21,513,25124,435,6978,78,17475,0,671,170,3639,341,11060,170,14699,California
Tehama,2021-04-22,526,25650,366,7344,160,17635,0,671,158,3432,365,11425,158,14857,California
Tehama,2021-04-23,456,26106,352,7696,104,17739,0,671,204,3386,251,11676,205,15062,California
Tehama,2021-04-24,104,26210,18,7714,86,17825,0,671,27,3336,77,11753,27,15089,California
Tehama,2021-04-25,29,26239,18,7732,11,17836,0,671,9,3326,19,11772,9,15098,California
Tehama,2021-04-26,87,26326,12,7744,75,17911,0,671,48,3335,39,11811,48,15146,California
Tehama,2021-04-27,257,26583,209,7953,47,17958,1,672,95,3269,162,11973,96,15242,California
Tehama,2021-04-28,404,26987,324,8277,63,18021,17,689,70,3022,334,12307,87,15329,California
Tehama,2021-04-29,359,27346,172,8449,181,18202,6,695,72,2814,286,12593,78,15407,California
Tehama,2021-04-30,327,27673,240,8689,81,18283,6,701,113,2719,214,12807,119,15526,California
Tehama,2021-05-01,74,27747,4,8693,67,18350,3,704,16,2680,58,12865,19,15545,California
Tehama,2021-05-02,44,27791,22,8715,10,18360,12,716,24,2696,20,12885,36,15581,California
Tehama,2021-05-03,120,27911,40,8755,72,18432,8,724,64,2712,56,12941,72,15653,California
Tehama,2021-05-04,165,28076,60,8815,98,18530,7,731,71,2696,94,13035,78,15731,California
Tehama,2021-05-05,97,28173,26,8841,61,18591,10,741,45,2699,52,13087,55,15786,California
Tehama,2021-05-06,169,28342,94,8935,60,18651,15,756,103,2751,66,13153,118,15904,California
Tehama,2021-05-07,178,28520,73,9008,94,18745,11,767,52,2690,124,13277,63,15967,California
Tehama,2021-05-08,50,28570,6,9014,43,18788,1,768,14,2669,36,13313,15,15982,California
Tehama,2021-05-09,17,28587,4,9018,13,18801,0,768,7,2666,10,13323,7,15989,California
Tehama,2021-05-10,80,28667,8,9026,66,18867,6,774,39,2670,40,13363,44,16033,California
Tehama,2021-05-11,176,28843,117,9143,49,18916,10,784,37,2578,139,13502,47,16080,California
Tehama,2021-05-12,213,29056,133,9276,69,18985,11,795,48,2472,165,13667,59,16139,California
Tehama,2021-05-13,249,29305,168,9444,73,19058,8,803,114,2460,134,13801,122,16261,California
Tehama,2021-05-14,248,29553,134,9578,93,19151,21,824,59,2352,188,13989,80,16341,California
Tehama,2021-05-15,225,29778,135,9713,54,19205,36,860,161,2486,63,14052,197,16538,California
Tehama,2021-05-16,27,29805,7,9720,17,19222,3,863,15,2492,12,14064,18,16556,California
Tehama,2021-05-17,113,29918,29,9749,69,19291,15,878,54,2503,58,14122,69,16625,California
Tehama,2021-05-18,152,30070,78,9827,59,19350,15,893,50,2467,101,14223,65,16690,California
Tehama,2021-05-19,127,30197,54,9881,63,19413,10,903,41,2432,86,14309,51,16741,California
Tehama,2021-05-20,334,30531,241,10122,70,19483,23,926,231,2584,102,14411,254,16995,California
Tehama,2021-05-21,223,30754,100,10222,110,19593,13,939,80,2536,141,14552,93,17088,California
Tehama,2021-05-22,66,30820,32,10254,30,19623,4,943,38,2550,28,14580,42,17130,California
Tehama,2021-05-23,51,30871,26,10280,14,19637,11,954,15,2540,36,14616,26,17156,California
Tehama,2021-05-24,99,30970,31,10311,60,19697,8,962,34,2517,65,14681,42,17198,California
Tehama,2021-05-25,76,31046,19,10330,49,19746,8,970,46,2541,29,14710,53,17251,California
Tehama,2021-05-26,79,31125,31,10361,45,19791,3,973,52,2569,27,14737,55,17306,California
Tehama,2021-05-27,156,31281,98,10459,54,19845,4,977,51,2521,103,14840,55,17361,California
Tehama,2021-05-28,136,31417,37,10496,92,19937,7,984,65,2523,70,14910,72,17433,California
Tehama,2021-05-29,53,31470,8,10504,40,19977,5,989,34,2543,19,14929,39,17472,California
Tehama,2021-05-30,15,31485,5,10509,9,19986,1,990,6,2541,9,14938,7,17479,California
Tehama,2021-05-31,18,31503,2,10511,15,20001,1,991,5,2534,13,14951,6,17485,California
Tehama,2021-06-01,101,31604,18,10529,65,20066,18,1009,32,2515,69,15020,50,17535,California
Tehama,2021-06-02,88,31692,30,10559,53,20119,5,1014,32,2496,56,15076,37,17572,California
Tehama,2021-06-03,135,31827,102,10661,22,20141,11,1025,29,2430,106,15182,40,17612,California
Tehama,2021-06-04,147,31974,38,10699,95,20236,14,1039,64,2424,82,15264,76,17688,California
Tehama,2021-06-05,159,32133,129,10828,22,20258,8,1047,32,2338,126,15390,40,17728,California
Tehama,2021-06-06,15,32148,7,10835,2,20260,6,1053,2,2333,12,15402,7,17735,California
Tehama,2021-06-07,70,32218,27,10862,41,20301,2,1055,20,2305,50,15452,22,17757,California
Tehama,2021-06-08,103,32321,34,10896,60,20361,9,1064,37,2286,65,15517,46,17803,California
Tehama,2021-06-09,87,32408,43,10939,42,20403,2,1066,43,2287,44,15561,45,17848,California
Tehama,2021-06-10,267,32675,216,11155,41,20444,10,1076,37,2105,229,15790,47,17895,California
Tehama,2021-06-11,150,32825,67,11222,74,20518,9,1085,55,2077,92,15882,64,17959,California
Tehama,2021-06-12,62,32887,39,11261,23,20541,0,1085,24,2063,38,15920,24,17983,California
Tehama,2021-06-13,22,32909,6,11267,10,20551,6,1091,5,2057,17,15937,11,17994,California
Tehama,2021-06-14,93,33002,16,11283,70,20621,7,1098,27,2025,66,16003,34,18028,California
Tehama,2021-06-15,95,33097,41,11324,39,20660,15,1113,36,2018,58,16061,51,18079,California
Tehama,2021-06-16,92,33189,61,11385,28,20688,3,1116,46,2021,46,16107,49,18128,California
Tehama,2021-06-17,152,33341,108,11493,29,20717,15,1131,87,2059,63,16170,101,18229,California
Tehama,2021-06-18,109,33450,43,11536,52,20769,14,1145,37,2038,72,16242,51,18280,California
Tehama,2021-06-19,40,33490,14,11550,21,20790,5,1150,17,2037,23,16265,22,18302,California
Tehama,2021-06-20,16,33506,5,11555,10,20800,1,1151,6,2034,10,16275,7,18309,California
Tehama,2021-06-21,64,33570,19,11574,37,20837,8,1159,23,2024,41,16316,31,18340,California
Tehama,2021-06-22,81,33651,25,11599,42,20879,14,1173,34,2026,46,16362,48,18388,California
Tehama,2021-06-23,95,33746,54,11653,37,20916,4,1177,46,2027,48,16410,49,18437,California
Tehama,2021-06-24,88,33834,42,11695,38,20954,8,1185,48,2043,40,16450,56,18493,California
Tehama,2021-06-25,138,33972,76,11771,55,21009,7,1192,61,2035,76,16526,68,18561,California
Tehama,2021-06-26,46,34018,23,11794,23,21032,0,1192,22,2033,24,16550,22,18583,California
Tehama,2021-06-27,8,34026,4,11798,3,21035,1,1193,5,2036,3,16553,6,18589,California
Tehama,2021-06-28,42,34068,16,11814,21,21056,5,1198,21,2041,21,16574,26,18615,California
Tehama,2021-06-29,64,34132,23,11837,37,21093,4,1202,33,2048,30,16604,37,18652,California
Tehama,2021-06-30,89,34221,67,11904,20,21113,2,1204,47,2055,42,16646,49,18701,California
Tehama,2021-07-01,61,34282,30,11934,28,21141,3,1207,38,2073,23,16669,41,18742,California
Tehama,2021-07-02,89,34371,47,11981,40,21181,2,1209,36,2058,53,16722,38,18780,California
Tehama,2021-07-03,36,34407,17,11998,17,21198,2,1211,13,2050,23,16745,15,18795,California
Tehama,2021-07-04,5,34412,5,12003,0,21198,0,1211,2,2049,3,16748,2,18797,California
Tehama,2021-07-05,29,34441,14,12017,13,21211,2,1213,13,2048,16,16764,15,18812,California
Tehama,2021-07-06,76,34517,38,12055,31,21242,7,1220,36,2051,40,16804,43,18855,California
Tehama,2021-07-07,90,34607,71,12126,17,21259,2,1222,37,2037,53,16857,39,18894,California
Tehama,2021-07-08,123,34730,84,12210,34,21293,5,1227,33,1985,90,16947,38,18932,California
Tehama,2021-07-09,94,34824,57,12267,33,21326,4,1231,43,1981,51,16998,47,18979,California
Tehama,2021-07-10,24,34848,15,12282,9,21335,0,1231,10,1977,14,17012,10,18989,California
Tehama,2021-07-11,16,34864,8,12290,8,21343,0,1231,10,1981,6,17018,10,18999,California
Tehama,2021-07-12,39,34903,19,12309,13,21356,7,1238,20,1989,19,17037,27,19026,California
Trinity,2020-12-17,4,4,4,4,0,0,0,0,4,4,0,0,4,4,California
Trinity,2020-12-18,2,6,2,6,0,0,0,0,2,6,0,0,2,6,California
Trinity,2020-12-21,38,44,38,44,0,0,0,0,38,44,0,0,38,44,California
Trinity,2020-12-22,4,48,4,48,0,0,0,0,4,48,0,0,4,48,California
Trinity,2020-12-23,6,54,5,53,1,1,0,0,6,54,0,0,6,54,California
Trinity,2020-12-28,31,85,31,84,0,1,0,0,31,85,0,0,31,85,California
Trinity,2020-12-29,8,93,7,91,1,2,0,0,8,93,0,0,8,93,California
Trinity,2020-12-30,10,103,8,99,2,4,0,0,10,103,0,0,10,103,California
Trinity,2020-12-31,2,105,1,100,1,5,0,0,2,105,0,0,2,105,California
Trinity,2021-01-04,27,132,0,100,27,32,0,0,26,131,0,0,26,131,California
Trinity,2021-01-05,3,135,1,101,2,34,0,0,3,134,0,0,3,134,California
Trinity,2021-01-06,24,159,4,105,20,54,0,0,20,150,4,4,20,154,California
Trinity,2021-01-08,49,208,2,107,47,101,0,0,48,196,2,6,48,202,California
Trinity,2021-01-11,41,249,38,145,3,104,0,0,4,163,37,43,4,206,California
Trinity,2021-01-12,9,258,6,151,3,107,0,0,4,162,5,48,4,210,California
Trinity,2021-01-13,7,265,4,155,3,110,0,0,4,163,3,51,4,214,California
Trinity,2021-01-14,4,269,1,156,3,113,0,0,4,167,0,51,4,218,California
Trinity,2021-01-15,4,273,0,156,4,117,0,0,4,171,0,51,4,222,California
Trinity,2021-01-16,4,277,0,156,4,121,0,0,4,175,0,51,4,226,California
Trinity,2021-01-18,32,309,32,188,0,121,0,0,1,145,31,82,1,227,California
Trinity,2021-01-19,35,344,14,202,21,142,0,0,21,152,14,96,21,248,California
Trinity,2021-01-20,21,365,4,206,17,159,0,0,18,167,3,99,18,266,California
Trinity,2021-01-21,17,382,7,213,10,169,0,0,17,184,0,99,17,283,California
Trinity,2021-01-22,5,387,1,214,4,173,0,0,5,189,0,99,5,288,California
Trinity,2021-01-23,7,394,3,217,4,177,0,0,7,196,0,99,7,295,California
Trinity,2021-01-25,14,408,1,218,13,190,0,0,13,208,1,100,13,308,California
Trinity,2021-01-26,12,420,1,219,11,201,0,0,11,218,1,101,11,319,California
Trinity,2021-01-27,12,432,0,219,12,213,0,0,12,230,0,101,12,331,California
Trinity,2021-01-28,12,444,2,221,10,223,0,0,9,236,3,104,9,340,California
Trinity,2021-01-29,2,446,0,221,2,225,0,0,1,236,1,105,1,341,California
Trinity,2021-01-30,12,458,11,232,1,226,0,0,12,248,0,105,12,353,California
Trinity,2021-02-01,2,460,1,233,1,227,0,0,1,248,1,106,1,354,California
Trinity,2021-02-02,15,475,3,236,12,239,0,0,14,261,1,107,14,368,California
Trinity,2021-02-03,7,482,1,237,6,245,0,0,4,262,3,110,4,372,California
Trinity,2021-02-04,42,524,32,269,10,255,0,0,35,290,7,117,35,407,California
Trinity,2021-02-05,354,878,0,269,354,609,0,0,323,582,31,148,323,730,California
Trinity,2021-02-06,208,1086,5,274,203,812,0,0,201,776,7,155,201,931,California
Trinity,2021-02-07,1,1087,0,274,1,813,0,0,1,777,0,155,1,932,California
Trinity,2021-02-08,28,1115,1,275,27,840,0,0,16,781,12,167,16,948,California
Trinity,2021-02-09,27,1142,2,277,25,865,0,0,11,776,16,183,11,959,California
Trinity,2021-02-10,121,1263,10,287,111,976,0,0,101,857,20,203,101,1060,California
Trinity,2021-02-11,337,1600,2,289,335,1311,0,0,330,1180,7,210,330,1390,California
Trinity,2021-02-12,18,1618,10,299,8,1319,0,0,14,1190,4,214,14,1404,California
Trinity,2021-02-13,13,1631,6,305,7,1326,0,0,6,1189,7,221,6,1410,California
Trinity,2021-02-14,2,1633,2,307,0,1326,0,0,2,1191,0,221,2,1412,California
Trinity,2021-02-15,46,1679,0,307,46,1372,0,0,46,1237,0,221,46,1458,California
Trinity,2021-02-16,5,1684,1,308,4,1376,0,0,3,1238,2,223,3,1461,California
Trinity,2021-02-17,94,1778,2,310,92,1468,0,0,84,1312,10,233,84,1545,California
Trinity,2021-02-18,4,1782,0,310,4,1472,0,0,1,1310,3,236,1,1546,California
Trinity,2021-02-19,306,2088,1,311,305,1777,0,0,293,1590,13,249,293,1839,California
Trinity,2021-02-20,142,2230,14,325,128,1905,0,0,114,1676,28,277,114,1953,California
Trinity,2021-02-21,1,2231,1,326,0,1905,0,0,1,1677,0,277,1,1954,California
Trinity,2021-02-22,8,2239,0,326,8,1913,0,0,5,1679,3,280,5,1959,California
Trinity,2021-02-23,12,2251,3,329,9,1922,0,0,5,1677,7,287,5,1964,California
Trinity,2021-02-24,30,2281,8,337,22,1944,0,0,7,1661,23,310,7,1971,California
Trinity,2021-02-25,37,2318,24,361,13,1957,0,0,5,1634,32,342,5,1976,California
Trinity,2021-02-26,12,2330,2,363,10,1967,0,0,6,1634,6,348,6,1982,California
Trinity,2021-02-27,12,2342,10,373,2,1969,0,0,6,1634,6,354,6,1988,California
Trinity,2021-03-01,10,2352,0,373,10,1979,0,0,5,1634,5,359,5,1993,California
Trinity,2021-03-02,9,2361,3,376,6,1985,0,0,2,1629,7,366,2,1995,California
Trinity,2021-03-03,4,2365,0,376,4,1989,0,0,3,1631,1,367,3,1998,California
Trinity,2021-03-04,24,2389,19,395,5,1994,0,0,10,1627,14,381,10,2008,California
Trinity,2021-03-05,391,2780,1,396,390,2384,0,0,120,1480,267,648,120,2128,California
Trinity,2021-03-06,200,2980,7,403,193,2577,0,0,26,1332,174,822,26,2154,California
Trinity,2021-03-07,5,2985,3,406,1,2578,1,1,3,1334,2,824,4,2158,California
Trinity,2021-03-08,5,2990,1,407,3,2581,1,2,2,1334,3,827,3,2161,California
Trinity,2021-03-09,94,3084,0,407,92,2673,2,4,88,1418,6,833,90,2251,California
Trinity,2021-03-10,125,3209,3,410,119,2792,3,7,38,1372,87,920,41,2292,California
Trinity,2021-03-11,15,3224,3,413,10,2802,2,9,4,1367,11,931,6,2298,California
Trinity,2021-03-12,398,3622,5,418,387,3189,6,15,98,1171,300,1231,104,2402,California
Trinity,2021-03-13,14,3636,8,426,4,3193,2,17,8,1175,6,1237,10,2412,California
Trinity,2021-03-14,4,3640,1,427,3,3196,0,17,3,1177,1,1238,3,2415,California
Trinity,2021-03-15,66,3706,0,427,65,3261,1,18,14,1140,52,1290,15,2430,California
Trinity,2021-03-16,116,3822,7,434,109,3370,0,18,103,1230,13,1303,103,2533,California
Trinity,2021-03-17,100,3922,3,437,97,3467,0,18,26,1182,74,1377,26,2559,California
Trinity,2021-03-18,11,3933,2,439,6,3473,3,21,5,1184,6,1383,8,2567,California
Trinity,2021-03-19,459,4392,4,443,345,3818,110,131,33,901,426,1809,143,2710,California
Trinity,2021-03-20,106,4498,7,450,99,3917,0,131,68,932,37,1846,68,2778,California
Trinity,2021-03-21,5,4503,0,450,3,3920,2,133,3,935,2,1848,5,2783,California
Trinity,2021-03-22,2,4505,0,450,2,3922,0,133,2,937,0,1848,2,2785,California
Trinity,2021-03-23,96,4601,2,452,93,4015,1,134,77,996,19,1867,78,2863,California
Trinity,2021-03-24,12,4613,1,453,11,4026,0,134,9,1002,3,1870,9,2872,California
Trinity,2021-03-25,111,4724,8,461,97,4123,6,140,85,1067,26,1896,91,2963,California
Trinity,2021-03-26,83,4807,8,469,75,4198,0,140,76,1136,7,1903,76,3039,California
Trinity,2021-03-27,20,4827,4,473,7,4205,9,149,9,1143,11,1914,18,3057,California
Trinity,2021-03-28,5,4832,3,476,2,4207,0,149,1,1140,4,1918,1,3058,California
Trinity,2021-03-29,6,4838,1,477,5,4212,0,149,2,1138,4,1922,2,3060,California
Trinity,2021-03-30,78,4916,6,483,72,4284,0,149,68,1196,10,1932,68,3128,California
Trinity,2021-03-31,56,4972,5,488,19,4303,32,181,21,1213,35,1967,52,3180,California
Trinity,2021-04-01,41,5013,10,498,20,4323,11,192,22,1227,19,1986,33,3213,California
Trinity,2021-04-02,252,5265,6,504,172,4495,74,266,80,1210,171,2157,154,3367,California
Trinity,2021-04-03,18,5283,13,517,5,4500,0,266,8,1208,10,2167,8,3375,California
Trinity,2021-04-04,10,5293,8,525,2,4502,0,266,8,1214,2,2169,8,3383,California
Trinity,2021-04-05,58,5351,6,531,51,4553,1,267,54,1265,4,2173,55,3438,California
Trinity,2021-04-06,118,5469,15,546,100,4653,3,270,29,1208,89,2262,32,3470,California
Trinity,2021-04-07,27,5496,12,558,10,4663,5,275,19,1224,8,2270,24,3494,California
Trinity,2021-04-08,89,5585,10,568,77,4740,2,277,52,1241,37,2307,54,3548,California
Trinity,2021-04-09,171,5756,21,589,146,4886,4,281,93,1260,78,2385,97,3645,California
Trinity,2021-04-10,11,5767,7,596,4,4890,0,281,10,1269,1,2386,10,3655,California
Trinity,2021-04-11,10,5777,5,601,3,4893,2,283,4,1269,6,2392,6,3661,California
Trinity,2021-04-12,77,5854,5,606,71,4964,1,284,64,1321,12,2404,64,3725,California
Trinity,2021-04-13,105,5959,6,612,99,5063,0,284,12,1240,93,2497,12,3737,California
Trinity,2021-04-14,10,5969,5,617,5,5068,0,284,6,1242,4,2501,6,3743,California
Trinity,2021-04-15,45,6014,10,627,35,5103,0,284,15,1228,29,2530,15,3758,California
Trinity,2021-04-16,154,6168,13,640,141,5244,0,284,80,1236,72,2602,80,3838,California
Trinity,2021-04-17,11,6179,5,645,6,5250,0,284,9,1243,2,2604,9,3847,California
Trinity,2021-04-18,3,6182,1,646,2,5252,0,284,0,1240,3,2607,0,3847,California
Trinity,2021-04-19,67,6249,2,648,65,5317,0,284,66,1305,1,2608,66,3913,California
Trinity,2021-04-20,94,6343,8,656,86,5403,0,284,21,1253,73,2681,21,3934,California
Trinity,2021-04-21,22,6365,9,665,13,5416,0,284,9,1249,13,2694,9,3943,California
Trinity,2021-04-22,92,6457,5,670,87,5503,0,284,14,1185,78,2772,14,3957,California
Trinity,2021-04-23,177,6634,6,676,171,5674,0,284,109,1226,68,2840,109,4066,California
Trinity,2021-04-24,25,6659,14,690,11,5685,0,284,6,1213,19,2859,6,4072,California
Trinity,2021-04-25,10,6669,9,699,1,5686,0,284,3,1210,6,2865,3,4075,California
Trinity,2021-04-26,48,6717,9,708,39,5725,0,284,40,1242,8,2873,40,4115,California
Trinity,2021-04-27,88,6805,11,719,77,5802,0,284,23,1200,65,2938,23,4138,California
Trinity,2021-04-28,32,6837,11,730,21,5823,0,284,12,1192,20,2958,12,4150,California
Trinity,2021-04-29,35,6872,13,743,22,5845,0,284,12,1181,23,2981,12,4162,California
Trinity,2021-04-30,28,6900,22,765,6,5851,0,284,8,1170,19,3000,8,4170,California
Trinity,2021-05-01,15,6915,8,773,2,5853,5,289,5,1170,10,3010,10,4180,California
Trinity,2021-05-02,8,6923,5,778,1,5854,2,291,2,1168,6,3016,4,4184,California
Trinity,2021-05-03,58,6981,13,791,44,5898,1,292,9,1130,48,3064,10,4194,California
Trinity,2021-05-04,24,7005,11,802,12,5910,1,293,8,1123,16,3080,9,4203,California
Trinity,2021-05-05,11,7016,7,809,4,5914,0,293,4,1120,7,3087,4,4207,California
Trinity,2021-05-06,73,7089,10,819,61,5975,2,295,16,1081,57,3144,18,4225,California
Trinity,2021-05-07,179,7268,12,831,133,6108,34,329,14,964,165,3309,48,4273,California
Trinity,2021-05-08,6,7274,2,833,4,6112,0,329,2,962,4,3313,2,4275,California
Trinity,2021-05-09,11,7285,8,841,3,6115,0,329,7,965,4,3317,7,4282,California
Trinity,2021-05-10,15,7300,5,846,9,6124,1,330,8,967,7,3324,9,4291,California
Trinity,2021-05-11,8,7308,4,850,4,6128,0,330,6,971,2,3326,6,4297,California
Trinity,2021-05-12,19,7327,16,866,2,6130,1,331,14,981,5,3331,15,4312,California
Trinity,2021-05-13,15,7342,10,876,4,6134,1,332,9,985,6,3337,10,4322,California
Trinity,2021-05-14,141,7483,19,895,94,6228,28,360,39,950,102,3439,67,4389,California
Trinity,2021-05-15,16,7499,11,906,4,6232,1,361,8,952,7,3446,9,4398,California
Trinity,2021-05-16,8,7507,6,912,2,6234,0,361,6,956,2,3448,6,4404,California
Trinity,2021-05-17,108,7615,20,932,86,6320,2,363,42,934,66,3514,44,4448,California
Trinity,2021-05-18,37,7652,7,939,29,6349,1,364,11,920,26,3540,12,4460,California
Trinity,2021-05-19,146,7798,17,956,100,6449,29,393,29,862,116,3656,58,4518,California
Trinity,2021-05-20,28,7826,21,977,4,6453,3,396,17,871,11,3667,20,4538,California
Trinity,2021-05-21,20,7846,12,989,8,6461,0,396,12,875,8,3675,12,4550,California
Trinity,2021-05-22,17,7863,14,1003,3,6464,0,396,13,884,4,3679,13,4563,California
Trinity,2021-05-23,6,7869,4,1007,2,6466,0,396,2,882,4,3683,2,4565,California
Trinity,2021-05-24,109,7978,12,1019,96,6562,1,397,8,791,100,3783,9,4574,California
Trinity,2021-05-25,39,8017,14,1033,25,6587,0,397,17,786,22,3805,17,4591,California
Trinity,2021-05-26,12,8029,6,1039,6,6593,0,397,4,782,8,3813,4,4595,California
Trinity,2021-05-27,31,8060,14,1053,12,6605,5,402,8,772,23,3836,13,4608,California
Trinity,2021-05-28,16,8076,11,1064,4,6609,1,403,9,775,7,3843,10,4618,California
Trinity,2021-05-29,10,8086,7,1071,2,6611,1,404,7,780,3,3846,8,4626,California
Trinity,2021-05-30,6,8092,5,1076,1,6612,0,404,0,774,6,3852,0,4626,California
Trinity,2021-05-31,4,8096,3,1079,1,6613,0,404,2,774,2,3854,2,4628,California
Trinity,2021-06-01,14,8110,7,1086,5,6618,2,406,3,769,10,3864,5,4633,California
Trinity,2021-06-02,24,8134,19,1105,3,6621,2,408,9,765,15,3879,11,4644,California
Trinity,2021-06-03,39,8173,13,1118,26,6647,0,408,13,752,26,3905,13,4657,California
Trinity,2021-06-04,45,8218,21,1139,16,6663,8,416,12,739,33,3938,20,4677,California
Trinity,2021-06-05,19,8237,18,1157,1,6664,0,416,13,746,6,3944,13,4690,California
Trinity,2021-06-06,9,8246,6,1163,2,6666,1,417,2,742,7,3951,3,4693,California
Trinity,2021-06-07,30,8276,19,1182,10,6676,1,418,14,741,16,3967,15,4708,California
Trinity,2021-06-08,15,8291,13,1195,1,6677,1,419,4,735,11,3978,5,4713,California
Trinity,2021-06-09,24,8315,14,1209,1,6678,9,428,5,730,19,3997,14,4727,California
Trinity,2021-06-10,20,8335,18,1227,2,6680,0,428,5,720,15,4012,5,4732,California
Trinity,2021-06-11,45,8380,10,1237,33,6713,2,430,14,705,31,4043,16,4748,California
Trinity,2021-06-12,10,8390,10,1247,0,6713,0,430,3,701,7,4050,3,4751,California
Trinity,2021-06-13,4,8394,4,1251,0,6713,0,430,1,699,3,4053,1,4752,California
Trinity,2021-06-14,43,8437,16,1267,27,6740,0,430,11,678,32,4085,11,4763,California
Trinity,2021-06-15,45,8482,21,1288,3,6743,21,451,9,671,36,4121,29,4792,California
Trinity,2021-06-16,10,8492,6,1294,4,6747,0,451,3,667,7,4128,3,4795,California
Trinity,2021-06-17,15,8507,12,1306,1,6748,2,453,6,667,8,4136,8,4803,California
Trinity,2021-06-18,19,8526,11,1317,6,6754,2,455,6,662,13,4149,8,4811,California
Trinity,2021-06-19,9,8535,9,1326,0,6754,0,455,1,655,8,4157,1,4812,California
Trinity,2021-06-20,3,8538,3,1329,0,6754,0,455,3,658,0,4157,3,4815,California
Trinity,2021-06-21,8,8546,6,1335,0,6754,2,457,5,662,3,4160,7,4822,California
Trinity,2021-06-22,32,8578,9,1344,13,6767,10,467,14,668,18,4178,24,4846,California
Trinity,2021-06-23,15,8593,8,1352,1,6768,6,473,2,663,13,4191,8,4854,California
Trinity,2021-06-24,24,8617,14,1366,4,6772,6,479,15,675,9,4200,21,4875,California
Trinity,2021-06-25,10,8627,10,1376,0,6772,0,479,6,677,4,4204,6,4881,California
Trinity,2021-06-26,18,8645,18,1394,0,6772,0,479,8,675,10,4214,8,4889,California
Trinity,2021-06-27,4,8649,4,1398,0,6772,0,479,0,671,4,4218,0,4889,California
Trinity,2021-06-28,11,8660,9,1407,1,6773,1,480,4,669,7,4225,5,4894,California
Trinity,2021-06-29,11,8671,5,1412,3,6776,3,483,5,671,6,4231,8,4902,California
Trinity,2021-06-30,14,8685,10,1422,1,6777,3,486,6,672,8,4239,9,4911,California
Trinity,2021-07-01,30,8715,11,1433,12,6789,7,493,10,669,20,4259,17,4928,California
Trinity,2021-07-02,24,8739,6,1439,6,6795,12,505,6,669,18,4277,18,4946,California
Trinity,2021-07-03,4,8743,1,1440,0,6795,3,508,0,668,4,4281,3,4949,California
Trinity,2021-07-04,2,8745,1,1441,1,6796,0,508,1,668,1,4282,1,4950,California
Trinity,2021-07-05,13,8758,12,1453,1,6797,0,508,6,667,7,4289,6,4956,California
Trinity,2021-07-06,12,8770,10,1463,2,6799,0,508,6,667,6,4295,6,4962,California
Trinity,2021-07-07,12,8782,9,1472,1,6800,2,510,6,669,6,4301,8,4970,California
Trinity,2021-07-08,16,8798,7,1479,2,6802,7,517,3,665,13,4314,9,4979,California
Trinity,2021-07-09,21,8819,8,1487,12,6814,1,518,6,657,15,4329,7,4986,California
Trinity,2021-07-10,5,8824,5,1492,0,6814,0,518,4,660,1,4330,4,4990,California
Trinity,2021-07-11,6,8830,4,1496,0,6814,2,520,4,664,2,4332,6,4996,California
Trinity,2021-07-12,28,8858,10,1506,17,6831,1,521,4,645,24,4356,5,5001,California
Tulare,2020-12-15,1,1,1,1,0,0,0,0,1,1,0,0,1,1,California
Tulare,2020-12-16,4,5,4,5,0,0,0,0,4,5,0,0,4,5,California
Tulare,2020-12-17,110,115,110,115,0,0,0,0,110,115,0,0,110,115,California
Tulare,2020-12-18,290,405,289,404,1,1,0,0,290,405,0,0,290,405,California
Tulare,2020-12-19,326,731,326,730,0,1,0,0,326,731,0,0,326,731,California
Tulare,2020-12-20,165,896,165,895,0,1,0,0,165,896,0,0,165,896,California
Tulare,2020-12-21,426,1322,426,1321,0,1,0,0,446,1342,0,0,446,1342,California
Tulare,2020-12-22,472,1794,470,1791,2,3,0,0,471,1813,0,0,471,1813,California
Tulare,2020-12-23,327,2121,318,2109,9,12,0,0,325,2138,0,0,325,2138,California
Tulare,2020-12-24,18,2139,16,2125,2,14,0,0,18,2156,0,0,18,2156,California
Tulare,2020-12-26,8,2147,7,2132,1,15,0,0,8,2164,0,0,8,2164,California
Tulare,2020-12-27,16,2163,12,2144,4,19,0,0,16,2180,0,0,16,2180,California
Tulare,2020-12-28,480,2643,467,2611,13,32,0,0,479,2659,0,0,479,2659,California
Tulare,2020-12-29,550,3193,480,3091,70,102,0,0,550,3209,0,0,550,3209,California
Tulare,2020-12-30,469,3662,425,3516,44,146,0,0,469,3678,0,0,469,3678,California
Tulare,2020-12-31,100,3762,22,3538,78,224,0,0,100,3778,0,0,100,3778,California
Tulare,2021-01-01,3,3765,1,3539,2,226,0,0,3,3781,0,0,3,3781,California
Tulare,2021-01-02,32,3797,19,3558,13,239,0,0,32,3813,0,0,32,3813,California
Tulare,2021-01-03,23,3820,9,3567,14,253,0,0,23,3836,0,0,23,3836,California
Tulare,2021-01-04,93,3913,16,3583,77,330,0,0,93,3929,0,0,93,3929,California
Tulare,2021-01-05,465,4378,279,3862,186,516,0,0,463,4390,2,2,463,4392,California
Tulare,2021-01-06,862,5240,632,4494,230,746,0,0,852,5232,10,12,852,5244,California
Tulare,2021-01-07,782,6022,585,5079,197,943,0,0,674,5798,108,120,674,5918,California
Tulare,2021-01-08,1278,7300,572,5651,706,1649,0,0,941,6403,336,456,941,6859,California
Tulare,2021-01-09,804,8104,204,5855,600,2249,0,0,616,6831,188,644,616,7475,California
Tulare,2021-01-10,51,8155,43,5898,8,2257,0,0,13,6806,38,682,13,7488,California
Tulare,2021-01-11,1275,9430,772,6670,503,2760,0,0,834,7199,441,1123,834,8322,California
Tulare,2021-01-12,1451,10881,506,7176,945,3705,0,0,1038,7827,412,1535,1040,9362,California
Tulare,2021-01-13,411,11292,179,7355,232,3937,0,0,336,8088,75,1610,336,9698,California
Tulare,2021-01-14,496,11788,146,7501,350,4287,0,0,470,8543,15,1625,470,10168,California
Tulare,2021-01-15,1650,13438,156,7657,1494,5781,0,0,1641,10175,9,1634,1641,11809,California
Tulare,2021-01-16,1929,15367,115,7772,1814,7595,0,0,1915,12076,14,1648,1915,13724,California
Tulare,2021-01-17,142,15509,122,7894,20,7615,0,0,132,12198,10,1658,132,13856,California
Tulare,2021-01-18,693,16202,657,8551,36,7651,0,0,295,12095,398,2056,295,14151,California
Tulare,2021-01-19,1020,17222,691,9242,329,7980,0,0,592,12259,428,2484,592,14743,California
Tulare,2021-01-20,2479,19701,667,9909,1812,9792,0,0,2042,13910,392,2876,2043,16786,California
Tulare,2021-01-21,1622,21323,227,10136,1395,11187,0,0,1594,15482,22,2898,1594,18380,California
Tulare,2021-01-22,1092,22415,212,10348,880,12067,0,0,1062,16515,29,2927,1062,19442,California
Tulare,2021-01-23,439,22854,156,10504,283,12350,0,0,418,16912,21,2948,418,19860,California
Tulare,2021-01-24,31,22885,28,10532,3,12353,0,0,29,16939,2,2950,29,19889,California
Tulare,2021-01-25,1351,24236,987,11519,364,12717,0,0,1298,18184,53,3003,1298,21187,California
Tulare,2021-01-26,1508,25744,1102,12621,406,13123,0,0,1168,19013,339,3342,1168,22355,California
Tulare,2021-01-27,1503,27247,1070,13691,433,13556,0,0,922,19355,580,3922,922,23277,California
Tulare,2021-01-28,1221,28468,779,14470,442,13998,0,0,820,19774,401,4323,820,24097,California
Tulare,2021-01-29,1128,29596,715,15185,413,14411,0,0,819,20284,309,4632,819,24916,California
Tulare,2021-01-30,1667,31263,1573,16758,94,14505,0,0,1642,21902,25,4657,1643,26559,California
Tulare,2021-01-31,65,31328,61,16819,4,14509,0,0,61,21959,4,4661,61,26620,California
Tulare,2021-02-01,1166,32494,893,17712,273,14782,0,0,804,22402,361,5022,804,27424,California
Tulare,2021-02-02,693,33187,338,18050,355,15137,0,0,438,22588,253,5275,439,27863,California
Tulare,2021-02-03,567,33754,233,18283,334,15471,0,0,327,22715,200,5475,327,28190,California
Tulare,2021-02-04,575,34329,174,18457,401,15872,0,0,281,22704,293,5768,282,28472,California
Tulare,2021-02-05,1246,35575,239,18696,1007,16879,0,0,407,22274,837,6605,407,28879,California
Tulare,2021-02-06,835,36410,156,18852,679,17558,0,0,208,21857,625,7230,208,29087,California
Tulare,2021-02-07,85,36495,72,18924,13,17571,0,0,24,21820,61,7291,24,29111,California
Tulare,2021-02-08,947,37442,329,19253,618,18189,0,0,239,21354,705,7996,239,29350,California
Tulare,2021-02-09,1415,38857,335,19588,1080,19269,0,0,341,20626,1069,9065,341,29691,California
Tulare,2021-02-10,2485,41342,1990,21578,495,19764,0,0,2073,22290,409,9474,2073,31764,California
Tulare,2021-02-11,1350,42692,378,21956,972,20736,0,0,879,22698,471,9945,879,32643,California
Tulare,2021-02-12,2790,45482,573,22529,2217,22953,0,0,1160,22237,1621,11566,1160,33803,California
Tulare,2021-02-13,2479,47961,158,22687,2321,25274,0,0,640,21042,1835,13401,640,34443,California
Tulare,2021-02-14,338,48299,39,22726,299,25573,0,0,301,21306,37,13438,301,34744,California
Tulare,2021-02-15,923,49222,295,23021,628,26201,0,0,663,21710,259,13697,663,35407,California
Tulare,2021-02-16,2853,52075,1596,24617,1257,27458,0,0,1085,21031,1765,15462,1086,36493,California
Tulare,2021-02-17,2705,54780,517,25134,2188,29646,0,0,451,19233,2249,17711,451,36944,California
Tulare,2021-02-18,2362,57142,457,25591,1905,31551,0,0,644,18168,1709,19420,644,37588,California
Tulare,2021-02-19,2352,59494,880,26471,1472,33023,0,0,969,17759,1378,20798,969,38557,California
Tulare,2021-02-20,2999,62493,1882,28353,1117,34140,0,0,1265,17298,1726,22524,1265,39822,California
Tulare,2021-02-21,101,62594,95,28448,6,34146,0,0,50,17300,48,22572,50,39872,California
Tulare,2021-02-22,1144,63738,724,29172,420,34566,0,0,212,16582,930,23502,212,40084,California
Tulare,2021-02-23,2030,65768,982,30154,1048,35614,0,0,1483,17521,544,24046,1483,41567,California
Tulare,2021-02-24,2527,68295,1573,31727,954,36568,0,0,2128,19254,396,24442,2129,43696,California
Tulare,2021-02-25,3607,71902,2034,33761,1573,38141,0,0,3166,21986,436,24878,3168,46864,California
Tulare,2021-02-26,3934,75836,1908,35669,2026,40167,0,0,3452,24958,480,25358,3452,50316,California
Tulare,2021-02-27,3076,78912,1527,37196,1549,41716,0,0,2942,27778,122,25480,2942,53258,California
Tulare,2021-02-28,1316,80228,1040,38236,276,41992,0,0,1294,29055,17,25497,1294,54552,California
Tulare,2021-03-01,1802,82030,813,39049,988,42980,1,1,1608,30473,191,25688,1609,56161,California
Tulare,2021-03-02,2823,84853,1270,40319,1553,44533,0,1,2638,32930,182,25870,2639,58800,California
Tulare,2021-03-03,4090,88943,2734,43053,1355,45888,1,2,2132,33112,1953,27823,2135,60935,California
Tulare,2021-03-04,2995,91938,1353,44406,1642,47530,0,2,2644,35414,342,28165,2644,63579,California
Tulare,2021-03-05,3506,95444,1758,46164,1733,49263,15,17,2985,37899,518,28683,3003,66582,California
Tulare,2021-03-06,3101,98545,1446,47610,1595,50858,60,77,2843,40545,255,28938,2901,69483,California
Tulare,2021-03-07,1163,99708,713,48323,418,51276,32,109,1108,41631,54,28992,1140,70623,California
Tulare,2021-03-08,1741,101449,1009,49332,562,51838,170,279,1407,42879,328,29320,1576,72199,California
Tulare,2021-03-09,3268,104717,2246,51578,874,52712,148,427,2853,45464,414,29734,2999,75198,California
Tulare,2021-03-10,2984,107701,1404,52982,1404,54116,176,603,2576,47818,397,30131,2751,77949,California
Tulare,2021-03-11,4250,111951,2002,54984,1943,56059,305,908,3295,50464,955,31086,3601,81550,California
Tulare,2021-03-12,4423,116374,2435,57419,1634,57693,354,1262,3129,52661,1284,32370,3481,85031,California
Tulare,2021-03-13,4153,120527,1944,59363,2105,59798,104,1366,3196,55012,949,33319,3300,88331,California
Tulare,2021-03-14,1858,122385,987,60350,651,60449,220,1586,1333,56038,524,33843,1550,89881,California
Tulare,2021-03-15,2756,125141,1631,61981,1010,61459,115,1701,1972,57349,779,34622,2090,91971,California
Tulare,2021-03-16,3443,128584,2122,64103,1244,62703,77,1778,1878,57747,1560,36182,1958,93929,California
Tulare,2021-03-17,4089,132673,2668,66771,1345,64048,76,1854,2319,58388,1761,37943,2402,96331,California
Tulare,2021-03-18,4678,137351,3414,70185,1192,65240,72,1926,2443,58685,2223,40166,2520,98851,California
Tulare,2021-03-19,5145,142496,3377,73562,1550,66790,218,2144,2717,59215,2407,42573,2937,101788,California
Tulare,2021-03-20,4489,146985,2796,76358,1322,68112,371,2515,2039,59188,2440,45013,2413,104201,California
Tulare,2021-03-21,2013,148998,1725,78083,262,68374,26,2541,1065,59334,944,45957,1090,105291,California
Tulare,2021-03-22,2583,151581,1795,79878,676,69050,112,2653,1695,60263,881,46838,1810,107101,California
Tulare,2021-03-23,3800,155381,2200,82078,1548,70598,52,2705,2078,60687,1712,48550,2136,109237,California
Tulare,2021-03-24,3209,158590,1990,84068,1178,71776,41,2746,1716,60963,1482,50032,1758,110995,California
Tulare,2021-03-25,3482,162072,1810,85878,1498,73274,174,2920,1655,60975,1819,51851,1831,112826,California
Tulare,2021-03-26,5263,167335,3133,89011,2017,75291,113,3033,2514,60872,2730,54581,2627,115453,California
Tulare,2021-03-27,3542,170877,1814,90825,1631,76922,97,3130,944,59322,2590,57171,1040,116493,California
Tulare,2021-03-28,1478,172355,1072,91897,375,77297,31,3161,668,59223,808,57979,709,117202,California
Tulare,2021-03-29,2893,175248,1674,93571,1112,78409,107,3268,1226,58896,1662,59641,1335,118537,California
Tulare,2021-03-30,4931,180179,2792,96363,1903,80312,236,3504,1499,57203,3420,63061,1727,120264,California
Tulare,2021-03-31,3977,184156,2343,98706,1518,81830,116,3620,1550,56452,2418,65479,1667,121931,California
Tulare,2021-04-01,4542,188698,2460,101166,2014,83844,68,3688,1560,55110,2971,68450,1629,123560,California
Tulare,2021-04-02,5370,194068,3062,104228,2182,86026,126,3814,1550,52983,3803,72253,1676,125236,California
Tulare,2021-04-03,3641,197709,2099,106327,1168,87194,374,4188,834,51420,2769,75022,1206,126442,California
Tulare,2021-04-04,1632,199341,1144,107471,481,87675,7,4195,355,50509,1273,76295,362,126804,California
Tulare,2021-04-05,3354,202695,2341,109812,746,88421,267,4462,850,49136,2491,78786,1118,127922,California
Tulare,2021-04-06,3442,206137,1472,111284,1473,89894,497,4959,894,47990,2539,81325,1393,129315,California
Tulare,2021-04-07,3941,210078,1841,113125,1658,91552,442,5401,1176,46843,2754,84079,1607,130922,California
Tulare,2021-04-08,4828,214906,2624,115749,1744,93296,460,5861,1537,45560,3277,87356,1994,132916,California
Tulare,2021-04-09,4852,219758,3000,118749,1416,94712,436,6297,1822,44797,3022,90378,2259,135175,California
Tulare,2021-04-10,3839,223597,2068,120817,1451,96163,320,6617,930,43143,2900,93278,1246,136421,California
Tulare,2021-04-11,1588,225185,1049,121866,464,96627,75,6692,488,42609,1097,94375,563,136984,California
Tulare,2021-04-12,3424,228609,2136,124002,693,97320,595,7287,1071,41934,2342,96717,1667,138651,California
Tulare,2021-04-13,2415,231024,1597,125599,809,98129,9,7296,901,41348,1498,98215,912,139563,California
Tulare,2021-04-14,2882,233906,1704,127303,1178,99307,0,7296,912,40295,1965,100180,912,140475,California
Tulare,2021-04-15,3325,237231,2170,129473,1155,100462,0,7296,1472,39928,1839,102019,1472,141947,California
Tulare,2021-04-16,3725,240956,2250,131723,1475,101937,0,7296,1493,39203,2218,104237,1493,143440,California
Tulare,2021-04-17,2256,243212,1328,133051,928,102865,0,7296,1196,39347,1053,105290,1197,144637,California
Tulare,2021-04-18,1573,244785,1237,134288,336,103201,0,7296,827,39429,745,106035,827,145464,California
Tulare,2021-04-19,2189,246974,1271,135559,917,104118,1,7297,896,39039,1287,107322,897,146361,California
Tulare,2021-04-20,2423,249397,1391,136950,1032,105150,0,7297,1006,38645,1400,108722,1006,147367,California
Tulare,2021-04-21,2328,251725,1442,138392,886,106036,0,7297,843,38046,1443,110165,844,148211,California
Tulare,2021-04-22,2173,253898,1235,139627,938,106974,0,7297,742,37376,1412,111577,742,148953,California
Tulare,2021-04-23,2645,256543,1630,141257,1014,107988,1,7298,1031,36807,1601,113178,1032,149985,California
Tulare,2021-04-24,1646,258189,1057,142314,587,108575,2,7300,852,36872,789,113967,854,150839,California
Tulare,2021-04-25,698,258887,525,142839,173,108748,0,7300,267,36709,430,114397,267,151106,California
Tulare,2021-04-26,1557,260444,947,143786,591,109339,19,7319,655,36486,895,115292,672,151778,California
Tulare,2021-04-27,1702,262146,707,144493,957,110296,38,7357,730,36286,967,116259,767,152545,California
Tulare,2021-04-28,1752,263898,1006,145499,704,111000,42,7399,698,35976,1049,117308,739,153284,California
Tulare,2021-04-29,2044,265942,1230,146729,776,111776,38,7437,796,35573,1235,118543,832,154116,California
Tulare,2021-04-30,2468,268410,1802,148531,616,112392,50,7487,912,34987,1547,120090,961,155077,California
Tulare,2021-05-01,1418,269828,1215,149746,191,112583,12,7499,731,35053,677,120767,743,155820,California
Tulare,2021-05-02,586,270414,499,150245,71,112654,16,7515,187,34860,396,121163,203,156023,California
Tulare,2021-05-03,1621,272035,1095,151340,401,113055,125,7640,348,34066,1267,122430,473,156496,California
Tulare,2021-05-04,1576,273611,846,152186,660,113715,70,7710,630,33827,937,123367,698,157194,California
Tulare,2021-05-05,1318,274929,655,152841,574,114289,89,7799,451,33511,856,124223,540,157734,California
Tulare,2021-05-06,1995,276924,1350,154191,597,114886,48,7847,604,32781,1382,125605,652,158386,California
Tulare,2021-05-07,1859,278783,1264,155455,526,115412,69,7916,524,32046,1326,126931,591,158977,California
Tulare,2021-05-08,1245,280028,818,156273,401,115813,26,7942,534,31904,702,127633,560,159537,California
Tulare,2021-05-09,596,280624,471,156744,104,115917,21,7963,115,31565,476,128109,137,159674,California
Tulare,2021-05-10,1023,281647,589,157333,368,116285,66,8029,307,31226,712,128821,373,160047,California
Tulare,2021-05-11,1321,282968,702,158035,540,116825,79,8108,548,31088,765,129586,627,160674,California
Tulare,2021-05-12,1608,284576,1043,159078,507,117332,58,8166,434,30421,1158,130744,491,161165,California
Tulare,2021-05-13,1587,286163,1020,160098,529,117861,38,8204,724,30324,858,131602,761,161926,California
Tulare,2021-05-14,1978,288141,1286,161384,630,118491,62,8266,897,30214,1069,132671,959,162885,California
Tulare,2021-05-15,1570,289711,884,162268,639,119130,47,8313,663,30018,900,133571,704,163589,California
Tulare,2021-05-16,697,290408,558,162826,127,119257,12,8325,324,29983,371,133942,336,163925,California
Tulare,2021-05-17,1570,291978,984,163810,512,119769,74,8399,746,29988,815,134757,820,164745,California
Tulare,2021-05-18,1583,293561,858,164668,673,120442,52,8451,785,30029,794,135551,835,165580,California
Tulare,2021-05-19,1483,295044,955,165623,494,120936,34,8485,759,30106,716,136267,793,166373,California
Tulare,2021-05-20,1591,296635,1074,166697,430,121366,87,8572,761,30128,826,137093,848,167221,California
Tulare,2021-05-21,1955,298590,1427,168124,486,121852,42,8614,1063,30349,884,137977,1105,168326,California
Tulare,2021-05-22,1620,300210,1154,169278,443,122295,23,8637,614,29989,998,138975,638,168964,California
Tulare,2021-05-23,412,300622,327,169605,75,122370,10,8647,209,30006,202,139177,219,169183,California
Tulare,2021-05-24,939,301561,579,170184,300,122670,60,8707,420,29969,517,139694,480,169663,California
Tulare,2021-05-25,1187,302748,703,170887,452,123122,32,8739,506,29832,675,140369,538,170201,California
Tulare,2021-05-26,884,303632,487,171374,355,123477,42,8781,394,29781,486,140855,435,170636,California
Tulare,2021-05-27,1277,304909,806,172180,440,123917,31,8812,585,29711,688,141543,618,171254,California
Tulare,2021-05-28,1191,306100,660,172840,482,124399,49,8861,625,29825,559,142102,673,171927,California
Tulare,2021-05-29,883,306983,652,173492,211,124610,20,8881,503,29970,378,142480,523,172450,California
Tulare,2021-05-30,285,307268,207,173699,70,124680,8,8889,164,30022,120,142600,172,172622,California
Tulare,2021-05-31,132,307400,52,173751,69,124749,11,8900,55,30012,76,142676,66,172688,California
Tulare,2021-06-01,1060,308460,629,174380,400,125149,31,8931,386,29762,666,143342,416,173104,California
Tulare,2021-06-02,795,309255,465,174845,297,125446,33,8964,354,29717,430,143772,385,173489,California
Tulare,2021-06-03,1140,310395,810,175655,273,125719,57,9021,389,29431,731,144503,445,173934,California
Tulare,2021-06-04,1171,311566,833,176488,306,126025,32,9053,362,29021,804,145307,394,174328,California
Tulare,2021-06-05,887,312453,700,177188,172,126197,15,9068,304,28759,581,145888,319,174647,California
Tulare,2021-06-06,423,312876,358,177546,47,126244,18,9086,141,28637,281,146169,159,174806,California
Tulare,2021-06-07,882,313758,696,178242,151,126395,35,9121,277,28346,602,146771,311,175117,California
Tulare,2021-06-08,1049,314807,775,179017,214,126609,60,9181,352,28065,693,147464,412,175529,California
Tulare,2021-06-09,1089,315896,762,179779,291,126900,36,9217,347,27709,737,148201,381,175910,California
Tulare,2021-06-10,1101,316997,886,180665,179,127079,36,9253,380,27405,719,148920,415,176325,California
Tulare,2021-06-11,1236,318233,884,181549,317,127396,35,9288,383,26980,843,149763,418,176743,California
Tulare,2021-06-12,973,319206,759,182308,203,127599,11,9299,345,26714,622,150385,356,177099,California
Tulare,2021-06-13,316,319522,227,182535,85,127684,4,9303,91,26585,224,150609,95,177194,California
Tulare,2021-06-14,771,320293,567,183102,179,127863,25,9328,296,26436,470,151079,321,177515,California
Tulare,2021-06-15,986,321279,667,183769,288,128151,31,9359,433,26353,547,151626,464,177979,California
Tulare,2021-06-16,859,322138,582,184351,226,128377,51,9410,375,26299,481,152107,427,178406,California
Tulare,2021-06-17,1024,323162,753,185104,241,128618,30,9440,410,26128,611,152718,440,178846,California
Tulare,2021-06-18,986,324148,693,185797,256,128874,37,9477,370,25920,614,153332,406,179252,California
Tulare,2021-06-19,847,324995,677,186474,157,129031,13,9490,387,25864,456,153788,400,179652,California
Tulare,2021-06-20,249,325244,186,186660,55,129086,8,9498,74,25773,174,153962,83,179735,California
Tulare,2021-06-21,520,325764,339,186999,150,129236,31,9529,303,25890,216,154178,333,180068,California
Tulare,2021-06-22,751,326515,515,187514,212,129448,24,9553,344,25858,400,154578,368,180436,California
Tulare,2021-06-23,735,327250,500,188014,209,129657,26,9579,400,25953,331,154909,426,180862,California
Tulare,2021-06-24,845,328095,638,188652,152,129809,55,9634,421,26008,421,155330,476,181338,California
Tulare,2021-06-25,850,328945,553,189205,277,130086,20,9654,442,26067,403,155733,462,181800,California
Tulare,2021-06-26,929,329874,732,189937,172,130258,25,9679,529,26224,397,156130,554,182354,California
Tulare,2021-06-27,246,330120,183,190120,56,130314,7,9686,116,26218,129,156259,123,182477,California
Tulare,2021-06-28,578,330698,436,190556,112,130426,30,9716,291,26254,284,156543,320,182797,California
Tulare,2021-06-29,719,331417,461,191017,216,130642,42,9758,338,26259,375,156918,380,183177,California
Tulare,2021-06-30,688,332105,466,191483,191,130833,31,9789,374,26352,310,157228,403,183580,California
Tulare,2021-07-01,819,332924,616,192099,172,131005,31,9820,384,26338,428,157656,414,183994,California
Tulare,2021-07-02,719,333643,503,192602,199,131204,17,9837,377,26397,336,157992,395,184389,California
Tulare,2021-07-03,454,334097,329,192931,116,131320,9,9846,218,26393,231,158223,227,184616,California
Tulare,2021-07-04,31,334128,20,192951,10,131330,1,9847,17,26397,14,158237,18,184634,California
Tulare,2021-07-05,404,334532,294,193245,98,131428,12,9859,205,26418,196,158433,217,184851,California
Tulare,2021-07-06,767,335299,553,193798,191,131619,23,9882,327,26332,435,158868,349,185200,California
Tulare,2021-07-07,684,335983,469,194267,178,131797,37,9919,312,26316,364,159232,348,185548,California
Tulare,2021-07-08,703,336686,518,194785,154,131951,31,9950,329,26305,371,159603,360,185908,California
Tulare,2021-07-09,889,337575,693,195478,173,132124,23,9973,464,26371,420,160023,486,186394,California
Tulare,2021-07-10,461,338036,353,195831,101,132225,7,9980,241,26401,218,160241,248,186642,California
Tulare,2021-07-11,209,338245,155,195986,53,132278,1,9981,115,26423,94,160335,116,186758,California
Tulare,2021-07-12,361,338606,268,196254,82,132360,11,9992,176,26427,183,160518,187,186945,California
Tuolumne,2020-12-16,48,48,48,48,0,0,0,0,48,48,0,0,48,48,California
Tuolumne,2020-12-17,18,66,18,66,0,0,0,0,18,66,0,0,18,66,California
Tuolumne,2020-12-18,101,167,100,166,1,1,0,0,101,167,0,0,101,167,California
Tuolumne,2020-12-19,5,172,5,171,0,1,0,0,5,172,0,0,5,172,California
Tuolumne,2020-12-20,2,174,2,173,0,1,0,0,2,174,0,0,2,174,California
Tuolumne,2020-12-21,115,289,101,274,14,15,0,0,115,289,0,0,115,289,California
Tuolumne,2020-12-22,173,462,173,447,0,15,0,0,173,462,0,0,173,462,California
Tuolumne,2020-12-23,185,647,183,630,2,17,0,0,185,647,0,0,185,647,California
Tuolumne,2020-12-25,1,648,1,631,0,17,0,0,1,648,0,0,1,648,California
Tuolumne,2020-12-26,2,650,2,633,0,17,0,0,2,650,0,0,2,650,California
Tuolumne,2020-12-28,75,725,73,706,2,19,0,0,75,725,0,0,75,725,California
Tuolumne,2020-12-29,102,827,38,744,64,83,0,0,102,827,0,0,102,827,California
Tuolumne,2020-12-30,77,904,22,766,55,138,0,0,77,904,0,0,77,904,California
Tuolumne,2020-12-31,28,932,21,787,7,145,0,0,28,932,0,0,28,932,California
Tuolumne,2021-01-01,6,938,5,792,1,146,0,0,6,938,0,0,6,938,California
Tuolumne,2021-01-02,119,1057,116,908,3,149,0,0,119,1057,0,0,119,1057,California
Tuolumne,2021-01-03,2,1059,2,910,0,149,0,0,2,1059,0,0,2,1059,California
Tuolumne,2021-01-04,69,1128,26,936,43,192,0,0,69,1128,0,0,69,1128,California
Tuolumne,2021-01-05,94,1222,28,964,66,258,0,0,91,1217,3,3,92,1220,California
Tuolumne,2021-01-06,132,1354,71,1035,61,319,0,0,68,1221,64,67,68,1288,California
Tuolumne,2021-01-07,121,1475,64,1099,57,376,0,0,65,1230,56,123,65,1353,California
Tuolumne,2021-01-08,108,1583,83,1182,25,401,0,0,28,1181,79,202,30,1383,California
Tuolumne,2021-01-09,2,1585,0,1182,2,403,0,0,2,1183,0,202,2,1385,California
Tuolumne,2021-01-10,3,1588,1,1183,2,405,0,0,3,1186,0,202,3,1388,California
Tuolumne,2021-01-11,117,1705,91,1274,26,431,0,0,35,1139,82,284,35,1423,California
Tuolumne,2021-01-12,103,1808,87,1361,16,447,0,0,18,1072,85,369,18,1441,California
Tuolumne,2021-01-13,231,2039,125,1486,106,553,0,0,182,1206,49,418,183,1624,California
Tuolumne,2021-01-14,148,2187,108,1594,40,593,0,0,43,1145,104,522,43,1667,California
Tuolumne,2021-01-15,474,2661,73,1667,401,994,0,0,411,1494,62,584,411,2078,California
Tuolumne,2021-01-16,7,2668,3,1670,4,998,0,0,6,1499,1,585,6,2084,California
Tuolumne,2021-01-17,8,2676,4,1674,4,1002,0,0,8,1507,0,585,8,2092,California
Tuolumne,2021-01-18,48,2724,38,1712,10,1012,0,0,11,1482,36,621,11,2103,California
Tuolumne,2021-01-19,480,3204,72,1784,408,1420,0,0,436,1874,44,665,436,2539,California
Tuolumne,2021-01-20,76,3280,58,1842,18,1438,0,0,24,1847,51,716,24,2563,California
Tuolumne,2021-01-21,59,3339,25,1867,34,1472,0,0,42,1872,17,733,42,2605,California
Tuolumne,2021-01-22,171,3510,17,1884,154,1626,0,0,163,2027,8,741,163,2768,California
Tuolumne,2021-01-23,651,4161,129,2013,522,2148,0,0,541,2475,110,851,558,3326,California
Tuolumne,2021-01-24,526,4687,3,2016,523,2671,0,0,522,2996,4,855,525,3851,California
Tuolumne,2021-01-25,51,4738,28,2044,23,2694,0,0,25,2996,26,881,26,3877,California
Tuolumne,2021-01-26,81,4819,68,2112,13,2707,0,0,40,2996,41,922,41,3918,California
Tuolumne,2021-01-27,60,4879,4,2116,56,2763,0,0,8,2953,51,973,8,3926,California
Tuolumne,2021-01-28,27,4906,6,2122,21,2784,0,0,18,2962,9,982,18,3944,California
Tuolumne,2021-01-29,74,4980,5,2127,69,2853,0,0,36,2960,38,1020,36,3980,California
Tuolumne,2021-01-30,724,5704,562,2689,162,3015,0,0,699,3653,25,1045,718,4698,California
Tuolumne,2021-01-31,9,5713,2,2691,7,3022,0,0,6,3656,3,1048,6,4704,California
Tuolumne,2021-02-01,27,5740,7,2698,20,3042,0,0,24,3677,3,1051,24,4728,California
Tuolumne,2021-02-02,656,6396,49,2747,607,3649,0,0,642,4309,11,1062,643,5371,California
Tuolumne,2021-02-03,247,6643,112,2859,135,3784,0,0,93,4248,154,1216,93,5464,California
Tuolumne,2021-02-04,126,6769,14,2873,112,3896,0,0,63,4248,63,1279,63,5527,California
Tuolumne,2021-02-05,105,6874,14,2887,91,3987,0,0,39,4222,65,1344,39,5566,California
Tuolumne,2021-02-06,872,7746,593,3480,279,4266,0,0,862,5080,10,1354,868,6434,California
Tuolumne,2021-02-07,8,7754,4,3484,4,4270,0,0,4,5080,4,1358,4,6438,California
Tuolumne,2021-02-08,95,7849,43,3527,52,4322,0,0,70,5125,25,1383,70,6508,California
Tuolumne,2021-02-09,864,8713,51,3578,813,5135,0,0,822,5905,42,1425,822,7330,California
Tuolumne,2021-02-10,98,8811,18,3596,80,5215,0,0,35,5879,61,1486,35,7365,California
Tuolumne,2021-02-11,149,8960,68,3664,81,5296,0,0,83,5896,66,1552,83,7448,California
Tuolumne,2021-02-12,652,9612,22,3686,630,5926,0,0,212,5669,439,1991,212,7660,California
Tuolumne,2021-02-13,158,9770,44,3730,114,6040,0,0,124,5759,34,2025,124,7784,California
Tuolumne,2021-02-14,152,9922,14,3744,138,6178,0,0,151,5909,1,2026,151,7935,California
Tuolumne,2021-02-15,190,10112,11,3755,179,6357,0,0,180,6079,10,2036,180,8115,California
Tuolumne,2021-02-16,534,10646,18,3773,516,6873,0,0,124,5799,406,2442,126,8241,California
Tuolumne,2021-02-17,114,10760,65,3838,49,6922,0,0,64,5814,49,2491,64,8305,California
Tuolumne,2021-02-18,689,11449,30,3868,659,7581,0,0,638,6402,51,2542,639,8944,California
Tuolumne,2021-02-19,147,11596,25,3893,122,7703,0,0,46,6347,101,2643,46,8990,California
Tuolumne,2021-02-20,915,12511,344,4237,571,8274,0,0,387,6229,509,3152,391,9381,California
Tuolumne,2021-02-21,992,13503,44,4281,948,9222,0,0,476,6199,512,3664,482,9863,California
Tuolumne,2021-02-22,82,13585,60,4341,22,9244,0,0,47,6213,33,3697,47,9910,California
Tuolumne,2021-02-23,49,13634,25,4366,24,9268,0,0,25,6215,23,3720,25,9935,California
Tuolumne,2021-02-24,104,13738,57,4423,47,9315,0,0,40,6193,63,3783,41,9976,California
Tuolumne,2021-02-25,1059,14797,36,4459,1023,10338,0,0,1024,7183,35,3818,1025,11001,California
Tuolumne,2021-02-26,154,14951,12,4471,142,10480,0,0,124,7278,30,3848,125,11126,California
Tuolumne,2021-02-27,967,15918,585,5056,382,10862,0,0,250,6836,697,4545,255,11381,California
Tuolumne,2021-02-28,56,15974,4,5060,52,10914,0,0,52,6885,3,4548,52,11433,California
Tuolumne,2021-03-01,123,16097,25,5085,97,11011,1,1,80,6925,42,4590,82,11515,California
Tuolumne,2021-03-02,715,16812,79,5164,636,11647,0,1,109,6429,605,5195,109,11624,California
Tuolumne,2021-03-03,98,16910,22,5186,76,11723,0,1,66,6464,31,5226,66,11690,California
Tuolumne,2021-03-04,1174,18084,77,5263,1097,12820,0,1,1107,7506,65,5291,1107,12797,California
Tuolumne,2021-03-05,95,18179,10,5273,85,12905,0,1,53,7519,41,5332,54,12851,California
Tuolumne,2021-03-06,1068,19247,610,5883,456,13361,2,3,200,6866,860,6192,207,13058,California
Tuolumne,2021-03-07,43,19290,13,5896,15,13376,15,18,19,6876,24,6216,34,13092,California
Tuolumne,2021-03-08,201,19491,91,5987,103,13479,7,25,142,6966,59,6275,149,13241,California
Tuolumne,2021-03-09,875,20366,19,6006,845,14324,11,36,66,6241,802,7077,77,13318,California
Tuolumne,2021-03-10,103,20469,20,6026,72,14396,11,47,54,6257,49,7126,65,13383,California
Tuolumne,2021-03-11,1309,21778,45,6071,1259,15655,5,52,1256,7467,53,7179,1263,14646,California
Tuolumne,2021-03-12,319,22097,45,6116,259,15914,15,67,191,7550,126,7305,209,14855,California
Tuolumne,2021-03-13,120,22217,12,6128,108,16022,0,67,83,7598,36,7341,84,14939,California
Tuolumne,2021-03-14,149,22366,10,6138,130,16152,9,76,7,7477,142,7483,21,14960,California
Tuolumne,2021-03-15,304,22670,83,6221,218,16370,3,79,104,7392,200,7683,115,15075,California
Tuolumne,2021-03-16,814,23484,41,6262,762,17132,11,90,674,7940,139,7822,687,15762,California
Tuolumne,2021-03-17,158,23642,34,6296,111,17243,13,103,80,7956,77,7899,93,15855,California
Tuolumne,2021-03-18,953,24595,27,6323,912,18155,14,117,316,7653,633,8532,330,16185,California
Tuolumne,2021-03-19,138,24733,19,6342,89,18244,30,147,75,7696,62,8594,105,16290,California
Tuolumne,2021-03-20,93,24826,8,6350,75,18319,10,157,37,7687,55,8649,46,16336,California
Tuolumne,2021-03-21,843,25669,395,6745,438,18757,10,167,37,6946,790,9439,49,16385,California
Tuolumne,2021-03-22,167,25836,75,6820,73,18830,19,186,97,6993,69,9508,116,16501,California
Tuolumne,2021-03-23,717,26553,641,7461,62,18892,14,200,678,7646,38,9546,691,17192,California
Tuolumne,2021-03-24,113,26666,22,7483,73,18965,18,218,78,7709,33,9579,96,17288,California
Tuolumne,2021-03-25,1303,27969,24,7507,1276,20241,3,221,325,7064,973,10552,328,17616,California
Tuolumne,2021-03-26,283,28252,19,7526,240,20481,24,245,121,7060,150,10702,146,17762,California
Tuolumne,2021-03-27,591,28843,56,7582,535,21016,0,245,318,7114,267,10969,321,18083,California
Tuolumne,2021-03-28,47,28890,6,7588,41,21057,0,245,8,7085,38,11007,9,18092,California
Tuolumne,2021-03-29,210,29100,87,7675,123,21180,0,245,111,7100,96,11103,111,18203,California
Tuolumne,2021-03-30,171,29271,14,7689,156,21336,1,246,124,7179,46,11149,125,18328,California
Tuolumne,2021-03-31,97,29368,14,7703,81,21417,2,248,40,7166,55,11204,42,18370,California
Tuolumne,2021-04-01,1254,30622,30,7733,1224,22641,0,248,229,6373,1022,12226,229,18599,California
Tuolumne,2021-04-02,172,30794,12,7745,134,22775,26,274,93,6416,76,12302,119,18718,California
Tuolumne,2021-04-03,436,31230,36,7781,398,23173,2,276,245,6474,188,12490,246,18964,California
Tuolumne,2021-04-04,35,31265,4,7785,31,23204,0,276,21,6483,12,12502,21,18985,California
Tuolumne,2021-04-05,131,31396,19,7804,105,23309,7,283,57,6473,74,12576,64,19049,California
Tuolumne,2021-04-06,655,32051,518,8322,110,23419,27,310,517,6882,137,12713,546,19595,California
Tuolumne,2021-04-07,130,32181,38,8360,75,23494,17,327,50,6869,80,12793,67,19662,California
Tuolumne,2021-04-08,1455,33636,36,8396,1404,24898,15,342,251,5937,1198,13991,266,19928,California
Tuolumne,2021-04-09,279,33915,44,8440,190,25088,45,387,133,5972,146,14137,181,20109,California
Tuolumne,2021-04-10,57,33972,2,8442,35,25123,20,407,23,5982,33,14170,43,20152,California
Tuolumne,2021-04-11,17,33989,2,8444,12,25135,3,410,12,5992,5,14175,15,20167,California
Tuolumne,2021-04-12,170,34159,66,8510,99,25234,5,415,89,6010,76,14251,94,20261,California
Tuolumne,2021-04-13,792,34951,35,8545,757,25991,0,415,171,5568,613,14864,171,20432,California
Tuolumne,2021-04-14,159,35110,32,8577,127,26118,0,415,79,5572,76,14940,80,20512,California
Tuolumne,2021-04-15,346,35456,22,8599,324,26442,0,415,61,5355,278,15218,61,20573,California
Tuolumne,2021-04-16,262,35718,57,8656,205,26647,0,415,143,5390,109,15327,144,20717,California
Tuolumne,2021-04-17,44,35762,6,8662,38,26685,0,415,28,5402,16,15343,28,20745,California
Tuolumne,2021-04-18,10,35772,3,8665,7,26692,0,415,5,5403,5,15348,6,20751,California
Tuolumne,2021-04-19,178,35950,79,8744,99,26791,0,415,97,5421,79,15427,97,20848,California
Tuolumne,2021-04-20,714,36664,618,9362,96,26887,0,415,75,4865,631,16058,75,20923,California
Tuolumne,2021-04-21,124,36788,30,9392,94,26981,0,415,66,4879,52,16110,66,20989,California
Tuolumne,2021-04-22,712,37500,46,9438,666,27647,0,415,429,5036,273,16383,430,21419,California
Tuolumne,2021-04-23,179,37679,31,9469,148,27795,0,415,82,5028,91,16474,83,21502,California
Tuolumne,2021-04-24,79,37758,18,9487,61,27856,0,415,50,5049,29,16503,50,21552,California
Tuolumne,2021-04-25,27,37785,10,9497,17,27873,0,415,24,5070,3,16506,24,21576,California
Tuolumne,2021-04-26,160,37945,56,9553,104,27977,0,415,75,5063,83,16589,76,21652,California
Tuolumne,2021-04-27,144,38089,23,9576,114,28091,7,422,66,5061,75,16664,73,21725,California
Tuolumne,2021-04-28,120,38209,24,9600,84,28175,12,434,63,5080,56,16720,75,21800,California
Tuolumne,2021-04-29,287,38496,23,9623,256,28431,8,442,58,4922,224,16944,66,21866,California
Tuolumne,2021-04-30,374,38870,26,9649,336,28767,12,454,74,4713,295,17239,86,21952,California
Tuolumne,2021-05-01,25,38895,7,9656,13,28780,5,459,16,4725,9,17248,21,21973,California
Tuolumne,2021-05-02,26,38921,3,9659,21,28801,2,461,19,4739,7,17255,21,21994,California
Tuolumne,2021-05-03,112,39033,15,9674,92,28893,5,466,38,4710,72,17327,43,22037,California
Tuolumne,2021-05-04,710,39743,601,10275,104,28997,5,471,215,4436,493,17820,219,22256,California
Tuolumne,2021-05-05,110,39853,26,10301,78,29075,6,477,58,4452,48,17868,64,22320,California
Tuolumne,2021-05-06,292,40145,15,10316,261,29336,16,493,43,4266,244,18112,58,22378,California
Tuolumne,2021-05-07,329,40474,25,10341,296,29632,8,501,63,4072,265,18377,71,22449,California
Tuolumne,2021-05-08,50,40524,6,10347,40,29672,4,505,32,4090,18,18395,36,22485,California
Tuolumne,2021-05-09,17,40541,2,10349,13,29685,2,507,3,4081,14,18409,5,22490,California
Tuolumne,2021-05-10,114,40655,45,10394,64,29749,5,512,32,4037,81,18490,37,22527,California
Tuolumne,2021-05-11,205,40860,62,10456,131,29880,12,524,56,3958,147,18637,68,22595,California
Tuolumne,2021-05-12,135,40995,24,10480,107,29987,4,528,51,3929,84,18721,55,22650,California
Tuolumne,2021-05-13,117,41112,19,10499,90,30077,8,536,73,3965,44,18765,80,22730,California
Tuolumne,2021-05-14,207,41319,75,10574,121,30198,11,547,107,3985,98,18863,118,22848,California
Tuolumne,2021-05-15,59,41378,16,10590,36,30234,7,554,20,3974,39,18902,28,22876,California
Tuolumne,2021-05-16,28,41406,8,10598,18,30252,2,556,13,3975,14,18916,15,22891,California
Tuolumne,2021-05-17,110,41516,30,10628,77,30329,3,559,47,3963,63,18979,51,22942,California
Tuolumne,2021-05-18,181,41697,57,10685,77,30406,47,606,60,3950,120,19099,107,23049,California
Tuolumne,2021-05-19,118,41815,20,10705,65,30471,33,639,46,3957,72,19171,79,23128,California
Tuolumne,2021-05-20,411,42226,21,10726,383,30854,7,646,52,3659,357,19528,59,23187,California
Tuolumne,2021-05-21,203,42429,94,10820,103,30957,6,652,118,3700,83,19611,124,23311,California
Tuolumne,2021-05-22,58,42487,19,10839,33,30990,6,658,25,3698,32,19643,30,23341,California
Tuolumne,2021-05-23,27,42514,7,10846,19,31009,1,659,10,3692,17,19660,11,23352,California
Tuolumne,2021-05-24,138,42652,43,10889,89,31098,6,665,53,3667,84,19744,59,23411,California
Tuolumne,2021-05-25,298,42950,222,11111,70,31168,6,671,111,3599,185,19929,117,23528,California
Tuolumne,2021-05-26,87,43037,23,11134,63,31231,1,672,37,3587,50,19979,38,23566,California
Tuolumne,2021-05-27,76,43113,16,11150,58,31289,2,674,30,3574,45,20024,32,23598,California
Tuolumne,2021-05-28,111,43224,51,11201,59,31348,1,675,64,3595,44,20068,65,23663,California
Tuolumne,2021-05-29,38,43262,7,11208,25,31373,6,681,17,3597,21,20089,23,23686,California
Tuolumne,2021-05-30,18,43280,1,11209,14,31387,3,684,4,3590,14,20103,7,23693,California
Tuolumne,2021-05-31,9,43289,1,11210,7,31394,1,685,1,3584,8,20111,2,23695,California
Tuolumne,2021-06-01,79,43368,22,11232,53,31447,4,689,25,3560,53,20164,29,23724,California
Tuolumne,2021-06-02,74,43442,8,11240,58,31505,8,697,22,3539,51,20215,30,23754,California
Tuolumne,2021-06-03,75,43517,25,11265,35,31540,15,712,23,3527,50,20265,38,23792,California
Tuolumne,2021-06-04,133,43650,61,11326,69,31609,3,715,38,3476,92,20357,41,23833,California
Tuolumne,2021-06-05,42,43692,11,11337,29,31638,2,717,16,3468,26,20383,18,23851,California
Tuolumne,2021-06-06,19,43711,5,11342,7,31645,7,724,4,3464,15,20398,11,23862,California
Tuolumne,2021-06-07,60,43771,14,11356,38,31683,8,732,27,3466,33,20431,35,23897,California
Tuolumne,2021-06-08,74,43845,22,11378,51,31734,1,733,27,3449,45,20476,28,23925,California
Tuolumne,2021-06-09,87,43932,44,11422,33,31767,10,743,40,3453,46,20522,50,23975,California
Tuolumne,2021-06-10,98,44030,15,11437,76,31843,7,750,27,3416,71,20593,34,24009,California
Tuolumne,2021-06-11,103,44133,48,11485,52,31895,3,753,25,3368,76,20669,28,24037,California
Tuolumne,2021-06-12,61,44194,20,11505,25,31920,16,769,18,3361,41,20710,34,24071,California
Tuolumne,2021-06-13,17,44211,2,11507,11,31931,4,773,4,3356,13,20723,8,24079,California
Tuolumne,2021-06-14,100,44311,33,11540,63,31994,4,777,52,3364,48,20771,56,24135,California
Tuolumne,2021-06-15,131,44442,83,11623,39,32033,9,786,21,3286,108,20879,30,24165,California
Tuolumne,2021-06-16,95,44537,46,11669,46,32079,3,789,53,3301,41,20920,56,24221,California
Tuolumne,2021-06-17,45,44582,10,11679,34,32113,1,790,17,3291,28,20948,18,24239,California
Tuolumne,2021-06-18,172,44754,95,11774,63,32176,14,804,61,3255,110,21058,74,24313,California
Tuolumne,2021-06-19,25,44779,9,11783,13,32189,3,807,10,3253,15,21073,13,24326,California
Tuolumne,2021-06-20,12,44791,1,11784,11,32200,0,807,9,3259,3,21076,9,24335,California
Tuolumne,2021-06-21,39,44830,3,11787,35,32235,1,808,20,3261,19,21095,21,24356,California
Tuolumne,2021-06-22,45,44875,11,11798,34,32269,0,808,22,3261,22,21117,22,24378,California
Tuolumne,2021-06-23,70,44945,13,11811,37,32306,20,828,32,3275,38,21155,52,24430,California
Tuolumne,2021-06-24,56,45001,24,11835,26,32332,6,834,26,3279,29,21184,33,24463,California
Tuolumne,2021-06-25,55,45056,31,11866,19,32351,5,839,29,3286,26,21210,33,24496,California
Tuolumne,2021-06-26,12,45068,5,11871,7,32358,0,839,7,3288,5,21215,7,24503,California
Tuolumne,2021-06-27,7,45075,2,11873,5,32363,0,839,7,3295,0,21215,7,24510,California
Tuolumne,2021-06-28,40,45115,20,11893,15,32378,5,844,27,3314,13,21228,32,24542,California
Tuolumne,2021-06-29,36,45151,18,11911,16,32394,2,846,21,3323,14,21242,23,24565,California
Tuolumne,2021-06-30,77,45228,35,11946,41,32435,1,847,21,3291,54,21296,22,24587,California
Tuolumne,2021-07-01,37,45265,16,11962,14,32449,7,854,24,3309,13,21309,31,24618,California
Tuolumne,2021-07-02,62,45327,30,11992,26,32475,6,860,43,3339,19,21328,49,24667,California
Tuolumne,2021-07-03,8,45335,4,11996,4,32479,0,860,5,3341,3,21331,5,24672,California
Tuolumne,2021-07-05,14,45349,1,11997,13,32492,0,860,7,3341,7,21338,7,24679,California
Tuolumne,2021-07-06,58,45407,19,12016,35,32527,4,864,21,3330,34,21372,23,24702,California
Tuolumne,2021-07-07,66,45473,33,12049,25,32552,8,872,26,3325,38,21410,33,24735,California
Tuolumne,2021-07-08,33,45506,13,12062,18,32570,2,874,21,3337,11,21421,23,24758,California
Tuolumne,2021-07-09,36,45542,16,12078,20,32590,0,874,20,3341,16,21437,20,24778,California
Tuolumne,2021-07-10,7,45549,0,12078,7,32597,0,874,3,3340,4,21441,3,24781,California
Tuolumne,2021-07-11,3,45552,1,12079,2,32599,0,874,3,3343,0,21441,3,24784,California
Tuolumne,2021-07-12,34,45586,6,12085,28,32627,0,874,11,3333,23,21464,13,24797,California
Ventura,2020-12-15,5,5,5,5,0,0,0,0,5,5,0,0,5,5,California
Ventura,2020-12-16,75,80,75,80,0,0,0,0,75,80,0,0,75,80,California
Ventura,2020-12-17,315,395,315,395,0,0,0,0,315,395,0,0,315,395,California
Ventura,2020-12-18,1601,1996,1601,1996,0,0,0,0,1601,1996,0,0,1601,1996,California
Ventura,2020-12-19,987,2983,986,2982,1,1,0,0,987,2983,0,0,987,2983,California
Ventura,2020-12-20,458,3441,458,3440,0,1,0,0,458,3441,0,0,458,3441,California
Ventura,2020-12-21,1514,4955,1514,4954,0,1,0,0,1514,4955,0,0,1514,4955,California
Ventura,2020-12-22,1160,6115,1154,6108,6,7,0,0,1160,6115,0,0,1160,6115,California
Ventura,2020-12-23,1089,7204,1039,7147,50,57,0,0,1089,7204,0,0,1089,7204,California
Ventura,2020-12-24,478,7682,378,7525,100,157,0,0,478,7682,0,0,478,7682,California
Ventura,2020-12-25,12,7694,7,7532,5,162,0,0,12,7694,0,0,12,7694,California
Ventura,2020-12-26,114,7808,93,7625,21,183,0,0,114,7808,0,0,114,7808,California
Ventura,2020-12-27,59,7867,27,7652,32,215,0,0,59,7867,0,0,59,7867,California
Ventura,2020-12-28,1092,8959,950,8602,142,357,0,0,1092,8959,0,0,1092,8959,California
Ventura,2020-12-29,1188,10147,778,9380,410,767,0,0,1188,10147,0,0,1188,10147,California
Ventura,2020-12-30,2001,12148,1532,10912,469,1236,0,0,2001,12148,0,0,2001,12148,California
Ventura,2020-12-31,487,12635,166,11078,321,1557,0,0,482,12625,5,5,482,12630,California
Ventura,2021-01-01,41,12676,19,11097,22,1579,0,0,41,12666,0,5,41,12671,California
Ventura,2021-01-02,175,12851,81,11178,94,1673,0,0,175,12841,0,5,175,12846,California
Ventura,2021-01-03,20,12871,9,11187,11,1684,0,0,20,12861,0,5,20,12866,California
Ventura,2021-01-04,1034,13905,493,11680,541,2225,0,0,1032,13893,0,5,1032,13898,California
Ventura,2021-01-05,1383,15288,785,12465,598,2823,0,0,1270,15053,110,115,1270,15168,California
Ventura,2021-01-06,2074,17362,1190,13655,884,3707,0,0,1573,16136,492,607,1575,16743,California
Ventura,2021-01-07,2085,19447,1333,14988,752,4459,0,0,1041,16139,1039,1646,1042,17785,California
Ventura,2021-01-08,2203,21650,1478,16466,725,5184,0,0,906,15752,1295,2941,908,18693,California
Ventura,2021-01-09,725,22375,503,16969,222,5406,0,0,319,15665,406,3347,319,19012,California
Ventura,2021-01-10,344,22719,327,17296,17,5423,0,0,130,15581,214,3561,130,19142,California
Ventura,2021-01-11,2464,25183,1495,18791,969,6392,0,0,1513,16147,951,4512,1517,20659,California
Ventura,2021-01-12,3059,28242,1620,20411,1439,7831,0,0,1938,16964,1121,5633,1938,22597,California
Ventura,2021-01-13,2952,31194,1437,21848,1515,9346,0,0,2041,18098,908,6541,2042,24639,California
Ventura,2021-01-14,2797,33991,1107,22955,1690,11036,0,0,2334,19971,462,7003,2335,26974,California
Ventura,2021-01-15,2902,36893,970,23925,1932,12968,0,0,2687,22444,215,7218,2688,29662,California
Ventura,2021-01-16,490,37383,188,24113,302,13270,0,0,410,22774,80,7298,410,30072,California
Ventura,2021-01-17,271,37654,141,24254,130,13400,0,0,264,23032,6,7304,264,30336,California
Ventura,2021-01-18,2225,39879,1669,25923,556,13956,0,0,1674,24157,550,7854,1675,32011,California
Ventura,2021-01-19,3071,42950,2135,28058,936,14892,0,0,2155,25399,916,8770,2158,34169,California
Ventura,2021-01-20,4184,47134,3215,31273,969,15861,0,0,3086,27392,1094,9864,3087,37256,California
Ventura,2021-01-21,3893,51027,2712,33985,1181,17042,0,0,3205,29919,680,10544,3207,40463,California
Ventura,2021-01-22,3648,54675,2510,36495,1138,18180,0,0,3480,33231,168,10712,3480,43943,California
Ventura,2021-01-23,1194,55869,652,37147,542,18722,0,0,1093,34226,100,10812,1095,45038,California
Ventura,2021-01-24,459,56328,137,37284,322,19044,0,0,445,34657,14,10826,445,45483,California
Ventura,2021-01-25,3176,59504,2039,39323,1137,20181,0,0,2616,36715,559,11385,2617,48100,California
Ventura,2021-01-26,3740,63244,2213,41536,1527,21708,0,0,2728,38436,1008,12393,2729,50829,California
Ventura,2021-01-27,3507,66751,1571,43107,1936,23644,0,0,2751,40437,752,13145,2753,53582,California
Ventura,2021-01-28,3911,70662,2008,45115,1903,25547,0,0,3284,43113,611,13756,3287,56869,California
Ventura,2021-01-29,4299,74961,2537,47652,1762,27309,0,0,3787,46402,498,14254,3787,60656,California
Ventura,2021-01-30,3050,78011,1955,49607,1095,28404,0,0,2875,49108,170,14424,2876,63532,California
Ventura,2021-01-31,836,78847,444,50051,392,28796,0,0,746,49765,89,14513,746,64278,California
Ventura,2021-02-01,3989,82836,2118,52169,1871,30667,0,0,3200,52185,782,15295,3202,67480,California
Ventura,2021-02-02,4454,87290,2380,54549,2074,32741,0,0,3412,54566,1034,16329,3415,70895,California
Ventura,2021-02-03,4475,91765,2083,56632,2392,35133,0,0,3440,56978,1030,17359,3442,74337,California
Ventura,2021-02-04,4829,96594,2305,58937,2524,37657,0,0,3538,59237,1283,18642,3542,77879,California
Ventura,2021-02-05,4916,101510,2382,61319,2534,40191,0,0,3368,61074,1534,20176,3371,81250,California
Ventura,2021-02-06,2863,104373,1520,62839,1343,41534,0,0,2454,63119,409,20585,2454,83704,California
Ventura,2021-02-07,743,105116,244,63083,499,42033,0,0,616,63609,127,20712,617,84321,California
Ventura,2021-02-08,3546,108662,1638,64721,1908,43941,0,0,2447,64966,1091,21803,2448,86769,California
Ventura,2021-02-09,4763,113425,1981,66702,2782,46723,0,0,2486,65182,2274,24077,2490,89259,California
Ventura,2021-02-10,4774,118199,2257,68959,2517,49240,0,0,2398,65220,2361,26438,2399,91658,California
Ventura,2021-02-11,4729,122928,1884,70843,2845,52085,0,0,2476,65455,2244,28682,2479,94137,California
Ventura,2021-02-12,6408,129336,2698,73541,3710,55795,0,0,3270,65594,3131,31813,3270,97407,California
Ventura,2021-02-13,3333,132669,1846,75387,1487,57282,0,0,1857,65981,1472,33285,1859,99266,California
Ventura,2021-02-14,1233,133902,125,75512,1108,58390,0,0,1013,66777,219,33504,1015,100281,California
Ventura,2021-02-15,4044,137946,1830,77342,2214,60604,0,0,2130,67000,1909,35413,2132,102413,California
Ventura,2021-02-16,5615,143561,2746,80088,2869,63473,0,0,3039,67474,2566,37979,3040,105453,California
Ventura,2021-02-17,5363,148924,1943,82031,3420,66893,0,0,3358,68838,1994,39973,3358,108811,California
Ventura,2021-02-18,5837,154761,1853,83884,3984,70877,0,0,3659,70335,2162,42135,3659,112470,California
Ventura,2021-02-19,6580,161341,3844,87728,2736,73613,0,0,3044,69857,3528,45663,3050,115520,California
Ventura,2021-02-20,5011,166352,3229,90957,1782,75395,0,0,2788,70442,2207,47870,2792,118312,California
Ventura,2021-02-21,1149,167501,845,91802,304,75699,0,0,472,70243,671,48541,472,118784,California
Ventura,2021-02-22,5741,173242,2553,94355,3188,78887,0,0,3659,71842,2062,50603,3661,122445,California
Ventura,2021-02-23,6252,179494,3102,97457,3150,82037,0,0,3576,72769,2653,53256,3580,126025,California
Ventura,2021-02-24,7322,186816,2675,100132,4647,86684,0,0,4388,74248,2911,56167,4390,130415,California
Ventura,2021-02-25,7817,194633,2661,102793,5156,91840,0,0,4673,75799,3127,59294,4678,135093,California
Ventura,2021-02-26,9675,204308,2840,105633,6835,98675,0,0,6282,78722,3363,62657,6286,141379,California
Ventura,2021-02-27,10764,215072,5355,110988,5409,104084,0,0,8052,84093,2691,65348,8062,149441,California
Ventura,2021-02-28,2604,217676,1658,112646,946,105030,0,0,2114,85727,481,65829,2115,151556,California
Ventura,2021-03-01,7208,224884,2869,115515,4336,109366,3,3,4787,88132,2398,68227,4803,156359,California
Ventura,2021-03-02,7755,232639,4051,119566,3702,113068,2,5,5432,91254,2311,70538,5433,161792,California
Ventura,2021-03-03,8722,241361,3934,123500,4785,117853,3,8,6136,94834,2563,73101,6143,167935,California
Ventura,2021-03-04,8327,249688,3895,127395,4432,122285,0,8,5610,97748,2701,75802,5615,173550,California
Ventura,2021-03-05,10113,259801,4817,132212,5284,127569,12,20,7189,102054,2908,78710,7214,180764,California
Ventura,2021-03-06,7798,267599,4403,136615,3240,130809,155,175,5808,106039,1982,80692,5967,186731,California
Ventura,2021-03-07,1719,269318,619,137234,952,131761,148,323,1252,106975,467,81159,1403,188134,California
Ventura,2021-03-08,6875,276193,3449,140683,3263,135024,163,486,4743,109763,2121,83280,4909,193043,California
Ventura,2021-03-09,6901,283094,3037,143720,3662,138686,202,688,3991,111069,2893,86173,4199,197242,California
Ventura,2021-03-10,7058,290152,3022,146742,3795,142481,241,929,4699,113665,2344,88517,4940,202182,California
Ventura,2021-03-11,6583,296735,2908,149650,3357,145838,318,1247,3583,114585,2980,91497,3900,206082,California
Ventura,2021-03-12,8770,305505,3064,152714,4858,150696,848,2095,4279,115235,4466,95963,5116,211198,California
Ventura,2021-03-13,7315,312820,2516,155230,3953,154649,846,2941,4335,117449,2965,98928,5179,216377,California
Ventura,2021-03-14,2146,314966,488,155718,1162,155811,496,3437,728,117258,1415,100343,1224,217601,California
Ventura,2021-03-15,7126,322092,2054,157772,3725,159536,1347,4784,3129,117764,3964,104307,4470,222071,California
Ventura,2021-03-16,8195,330287,2467,160239,4612,164148,1116,5900,4201,119101,3977,108284,5314,227385,California
Ventura,2021-03-17,7762,338049,2811,163050,4602,168750,349,6249,4702,121115,3038,111322,5052,232437,California
Ventura,2021-03-18,7620,345669,3317,166367,4151,172901,152,6401,5002,123666,2603,113925,5154,237591,California
Ventura,2021-03-19,8719,354388,3833,170200,4771,177672,115,6516,5272,125634,3416,117341,5384,242975,California
Ventura,2021-03-20,8934,363322,5955,176155,2956,180628,23,6539,4621,125994,4285,121626,4645,247620,California
Ventura,2021-03-21,2816,366138,1533,177688,910,181538,373,6912,1311,126184,1490,123116,1680,249300,California
Ventura,2021-03-22,7472,373610,3740,181428,3629,185167,103,7015,4898,128638,2549,125665,5003,254303,California
Ventura,2021-03-23,8292,381902,3946,185374,4274,189441,72,7087,4610,129679,3641,129306,4682,258985,California
Ventura,2021-03-24,8972,390874,3441,188815,5453,194894,78,7165,4405,129643,4523,133829,4487,263472,California
Ventura,2021-03-25,8870,399744,3933,192748,4833,199727,104,7269,4450,129803,4393,138222,4553,268025,California
Ventura,2021-03-26,10010,409754,3388,196136,5968,205695,654,7923,3970,128423,6001,144223,4621,272646,California
Ventura,2021-03-27,8802,418556,3949,200085,4810,210505,43,7966,2405,124515,6357,150580,2449,275095,California
Ventura,2021-03-28,2551,421107,1429,201514,1113,211618,9,7975,1371,124721,1174,151754,1380,276475,California
Ventura,2021-03-29,8669,429776,4331,205845,4291,215909,47,8022,4265,124661,4372,156126,4312,280787,California
Ventura,2021-03-30,9060,438836,4490,210335,4439,220348,131,8153,4401,124555,4638,160764,4532,285319,California
Ventura,2021-03-31,10879,449715,4886,215221,5365,225713,628,8781,4679,123693,6165,166929,5303,290622,California
Ventura,2021-04-01,10965,460680,5317,220538,4757,230470,891,9672,5528,124722,5382,172311,6411,297033,California
Ventura,2021-04-02,11894,472574,4674,225212,5871,236341,1349,11021,5693,125605,6160,178471,7043,304076,California
Ventura,2021-04-03,8162,480736,4043,229255,2940,239281,1179,12200,3437,125505,4707,183178,4607,308683,California
Ventura,2021-04-04,1728,482464,965,230220,628,239909,135,12335,1152,126224,568,183746,1287,309970,California
Ventura,2021-04-05,9502,491966,4892,235112,3485,243394,1125,13460,4840,127540,4645,188391,5961,315931,California
Ventura,2021-04-06,11032,502998,5587,240699,3944,247338,1501,14961,5661,129361,5341,193732,7162,323093,California
Ventura,2021-04-07,11531,514529,5419,246118,4595,251933,1517,16478,5259,129880,6250,199982,6769,329862,California
Ventura,2021-04-08,10511,525040,5310,251428,4217,256150,984,17462,5247,130863,5235,205217,6218,336080,California
Ventura,2021-04-09,11416,536456,4411,255839,5275,261425,1730,19192,4993,131182,6394,211611,6713,342793,California
Ventura,2021-04-10,9891,546347,4177,260016,3535,264960,2179,21371,3068,129623,6801,218412,5242,348035,California
Ventura,2021-04-11,2462,548809,865,260881,1019,265979,578,21949,691,129131,1759,220171,1267,349302,California
Ventura,2021-04-12,9119,557928,4544,265425,3740,269719,835,22784,3816,128493,5282,225453,4644,353946,California
Ventura,2021-04-13,8955,566883,4565,269990,4384,274103,6,22790,3782,127149,5132,230585,3788,357734,California
Ventura,2021-04-14,8913,575796,4149,274139,4749,278852,15,22805,3408,125116,5461,236046,3428,361162,California
Ventura,2021-04-15,9550,585346,4616,278755,4907,283759,27,22832,4106,123849,5401,241447,4134,365296,California
Ventura,2021-04-16,10371,595717,4583,283338,5786,289545,2,22834,4872,123258,5470,246917,4879,370175,California
Ventura,2021-04-17,9098,604815,5435,288773,3649,293194,14,22848,5289,124768,3792,250709,5302,375477,California
Ventura,2021-04-18,2236,607051,1102,289875,1134,294328,0,22848,967,124475,1261,251970,968,376445,California
Ventura,2021-04-19,8197,615248,4898,294773,3296,297624,3,22851,4705,125719,3465,255435,4709,381154,California
Ventura,2021-04-20,9603,624851,5107,299880,4491,302115,5,22856,4522,125195,5051,260486,4527,385681,California
Ventura,2021-04-21,9254,634105,4819,304699,4429,306544,6,22862,4428,124828,4800,265286,4433,390114,California
Ventura,2021-04-22,10206,644311,5588,310287,4617,311161,1,22863,4532,123714,5649,270935,4535,394649,California
Ventura,2021-04-23,11049,655360,5516,315803,5532,316693,1,22864,5489,123675,5530,276465,5491,400140,California
Ventura,2021-04-24,10586,665946,5916,321719,4670,321363,0,22864,6218,125547,4347,280812,6219,406359,California
Ventura,2021-04-25,2493,668439,1722,323441,771,322134,0,22864,1157,125372,1332,282144,1157,407516,California
Ventura,2021-04-26,8042,676481,4622,328063,3353,325487,67,22931,3345,124113,4666,286810,3407,410923,California
Ventura,2021-04-27,9233,685714,5156,333219,3848,329335,229,23160,3476,122082,5735,292545,3704,414627,California
Ventura,2021-04-28,8458,694172,4901,338120,3235,332570,322,23482,3315,120609,5111,297656,3638,418265,California
Ventura,2021-04-29,7968,702140,4298,342418,3406,335976,264,23746,2832,118599,5105,302761,3095,421360,California
Ventura,2021-04-30,9551,711691,5517,347935,3758,339734,276,24022,3935,117220,5581,308342,4202,425562,California
Ventura,2021-05-01,5169,716860,3646,351581,1414,341148,109,24131,2039,116270,3093,311435,2143,427705,California
Ventura,2021-05-02,2142,719002,1432,353013,619,341767,91,24222,1038,116303,1097,312532,1130,428835,California
Ventura,2021-05-03,6343,725345,3896,356909,2159,343926,288,24510,1981,114233,4339,316871,2269,431104,California
Ventura,2021-05-04,6455,731800,3375,360284,2781,346707,299,24809,2325,112742,4116,320987,2625,433729,California
Ventura,2021-05-05,5478,737278,3065,363349,2151,348858,262,25071,1956,111462,3490,324477,2210,435939,California
Ventura,2021-05-06,6246,743524,3225,366574,2753,351611,268,25339,1995,109497,4229,328706,2264,438203,California
Ventura,2021-05-07,6925,750449,3470,370044,3180,354791,275,25614,2355,107586,4540,333246,2629,440832,California
Ventura,2021-05-08,5420,755869,4216,374260,1046,355837,158,25772,1222,104781,4183,337429,1378,442210,California
Ventura,2021-05-09,1126,756995,820,375080,260,356097,46,25818,427,104562,691,338120,472,442682,California
Ventura,2021-05-10,6161,763156,4115,379195,1836,357933,210,26028,1383,101391,4763,342883,1592,444274,California
Ventura,2021-05-11,5360,768516,3307,382502,1829,359762,224,26252,1507,99280,3841,346724,1730,446004,California
Ventura,2021-05-12,5076,773592,2994,385496,1862,361624,220,26472,1538,97517,3520,350244,1757,447761,California
Ventura,2021-05-13,6365,779957,3857,389353,2301,363925,207,26679,2272,95923,4076,354320,2482,450243,California
Ventura,2021-05-14,7512,787469,4657,394010,2635,366560,220,26899,2833,94310,4660,358980,3047,453290,California
Ventura,2021-05-15,6757,794226,5396,399406,1274,367834,87,26986,2805,93279,3923,362903,2892,456182,California
Ventura,2021-05-16,2202,796428,1710,401116,440,368274,52,27038,1038,93209,1160,364063,1090,457272,California
Ventura,2021-05-17,5894,802322,3559,404675,2122,370396,213,27251,2401,92345,3477,367540,2613,459885,California
Ventura,2021-05-18,5424,807746,3170,407845,2074,372470,180,27431,2133,91385,3272,370812,2312,462197,California
Ventura,2021-05-19,5852,813598,3534,411379,2107,374577,211,27642,2362,90495,3459,374271,2569,464766,California
Ventura,2021-05-20,5497,819095,3051,414430,2287,376864,159,27801,2135,89455,3330,377601,2290,467056,California
Ventura,2021-05-21,7944,827039,4476,418906,3291,380155,177,27978,2563,86849,5347,382948,2741,469797,California
Ventura,2021-05-22,5667,832706,2901,421807,2691,382846,75,28053,1772,84812,3884,386832,1847,471644,California
Ventura,2021-05-23,1998,834704,1533,423340,392,383238,73,28126,748,84392,1241,388073,821,472465,California
Ventura,2021-05-24,4547,839251,2464,425804,1915,385153,168,28294,1450,82930,3077,391150,1615,474080,California
Ventura,2021-05-25,4296,843547,2231,428035,1913,387066,152,28446,1416,81635,2862,394012,1567,475647,California
Ventura,2021-05-26,4298,847845,2289,430324,1844,388910,165,28611,1654,80834,2622,396634,1821,477468,California
Ventura,2021-05-27,3877,851722,1912,432236,1836,390746,129,28740,1382,79861,2482,399116,1509,478977,California
Ventura,2021-05-28,4574,856296,2479,434715,1901,392647,194,28934,1977,79451,2575,401691,2165,481142,California
Ventura,2021-05-29,2158,858454,1352,436067,739,393386,67,29001,1046,79464,1100,402791,1113,482255,California
Ventura,2021-05-30,916,859370,586,436653,276,393662,54,29055,360,79326,551,403342,413,482668,California
Ventura,2021-05-31,258,859628,139,436792,110,393772,9,29064,61,79200,196,403538,70,482738,California
Ventura,2021-06-01,4016,863644,2284,439076,1566,395338,166,29230,1294,77961,2699,406237,1460,484198,California
Ventura,2021-06-02,2966,866610,1634,440710,1196,396534,136,29366,1005,77157,1945,408182,1141,485339,California
Ventura,2021-06-03,3248,869858,2010,442720,1083,397617,155,29521,884,75843,2352,410534,1038,486377,California
Ventura,2021-06-04,4594,874452,3022,445742,1411,399028,161,29682,1418,74260,3162,413696,1579,487956,California
Ventura,2021-06-05,3828,878280,3199,448941,565,399593,64,29746,1157,72823,2659,416355,1222,489178,California
Ventura,2021-06-06,1261,879541,1080,450021,136,399729,45,29791,288,72192,963,417318,332,489510,California
Ventura,2021-06-07,3167,882708,2356,452377,700,400429,111,29902,946,71043,2205,419523,1056,490566,California
Ventura,2021-06-08,3032,885740,1996,454373,901,401330,135,30037,883,69930,2133,421656,1020,491586,California
Ventura,2021-06-09,2946,888686,2052,456425,789,402119,105,30142,767,68636,2166,423822,872,492458,California
Ventura,2021-06-10,3048,891734,2132,458557,814,402933,102,30244,814,67331,2220,426042,915,493373,California
Ventura,2021-06-11,3478,895212,2393,460950,948,403881,137,30381,978,65956,2488,428530,1113,494486,California
Ventura,2021-06-12,2156,897368,1690,462640,420,404301,46,30427,516,64889,1629,430159,562,495048,California
Ventura,2021-06-13,1019,898387,782,463422,173,404474,64,30491,234,64406,783,430942,300,495348,California
Ventura,2021-06-14,2647,901034,1806,465228,710,405184,131,30622,818,63535,1819,432761,948,496296,California
Ventura,2021-06-15,2430,903464,1566,466794,753,405937,111,30733,845,62917,1572,434333,954,497250,California
Ventura,2021-06-16,2483,905947,1817,468611,560,406497,106,30839,822,62204,1641,435974,928,498178,California
Ventura,2021-06-17,2220,908167,1552,470163,567,407064,101,30940,815,61724,1396,437370,916,499094,California
Ventura,2021-06-18,2963,911130,2089,472252,749,407813,125,31065,974,60848,1974,439344,1098,500192,California
Ventura,2021-06-19,1384,912514,1073,473325,286,408099,25,31090,528,60556,845,440189,553,500745,California
Ventura,2021-06-20,692,913206,537,473862,114,408213,41,31131,259,60426,430,440619,300,501045,California
Ventura,2021-06-21,1684,914890,1077,474939,488,408701,119,31250,837,60544,837,441456,955,502000,California
Ventura,2021-06-22,1969,916859,1379,476318,491,409192,99,31349,735,60153,1224,442680,833,502833,California
Ventura,2021-06-23,1787,918646,1225,477543,453,409645,109,31458,740,59966,1035,443715,848,503681,California
Ventura,2021-06-24,1821,920467,1198,478741,504,410149,119,31577,723,59721,1087,444802,842,504523,California
Ventura,2021-06-25,2419,922886,1613,480354,631,410780,175,31752,879,59246,1529,446331,1054,505577,California
Ventura,2021-06-26,1553,924439,1265,481619,225,411005,63,31815,521,58805,1025,447356,584,506161,California
Ventura,2021-06-27,582,925021,453,482072,103,411108,26,31841,259,58770,320,447676,285,506446,California
Ventura,2021-06-28,1774,926795,1429,483501,246,411354,99,31940,723,58553,1039,448715,822,507268,California
Ventura,2021-06-29,1666,928461,1112,484613,462,411816,92,32032,686,58357,972,449687,776,508044,California
Ventura,2021-06-30,1582,930043,1115,485728,369,412185,98,32130,773,58423,802,450489,868,508912,California
Ventura,2021-07-01,1465,931508,1085,486813,304,412489,76,32206,627,58298,827,451316,702,509614,California
Ventura,2021-07-02,1779,933287,1213,488026,471,412960,95,32301,824,58271,946,452262,919,510533,California
Ventura,2021-07-03,893,934180,670,488696,187,413147,36,32337,445,58311,441,452703,481,511014,California
Ventura,2021-07-04,61,934241,44,488740,13,413160,4,32341,27,58308,34,452737,31,511045,California
Ventura,2021-07-05,953,935194,695,489435,192,413352,66,32407,407,58237,543,453280,472,511517,California
Ventura,2021-07-06,1504,936698,1046,490481,385,413737,73,32480,646,58106,850,454130,719,512236,California
Ventura,2021-07-07,1524,938222,1059,491540,365,414102,100,32580,585,57859,932,455062,685,512921,California
Ventura,2021-07-08,1743,939965,1341,492881,333,414435,69,32649,723,57640,1011,456073,792,513713,California
Ventura,2021-07-09,1603,941568,1168,494049,337,414772,98,32747,670,57488,915,456988,763,514476,California
Ventura,2021-07-10,899,942467,695,494744,154,414926,50,32797,440,57524,455,457443,491,514967,California
Ventura,2021-07-11,454,942921,376,495120,62,414988,16,32813,173,57434,279,457722,189,515156,California
Ventura,2021-07-12,1139,944060,861,495981,223,415211,55,32868,468,57288,669,458391,523,515679,California
Yolo,2020-12-15,39,39,39,39,0,0,0,0,39,39,0,0,39,39,California
Yolo,2020-12-16,80,119,80,119,0,0,0,0,80,119,0,0,80,119,California
Yolo,2020-12-17,107,226,107,226,0,0,0,0,107,226,0,0,107,226,California
Yolo,2020-12-18,231,457,231,457,0,0,0,0,231,457,0,0,231,457,California
Yolo,2020-12-19,87,544,87,544,0,0,0,0,87,544,0,0,87,544,California
Yolo,2020-12-20,103,647,103,647,0,0,0,0,103,647,0,0,103,647,California
Yolo,2020-12-21,253,900,253,900,0,0,0,0,253,900,0,0,253,900,California
Yolo,2020-12-22,387,1287,386,1286,1,1,0,0,387,1287,0,0,387,1287,California
Yolo,2020-12-23,440,1727,419,1705,21,22,0,0,440,1727,0,0,440,1727,California
Yolo,2020-12-24,153,1880,96,1801,57,79,0,0,153,1880,0,0,153,1880,California
Yolo,2020-12-25,1,1881,1,1802,0,79,0,0,1,1881,0,0,1,1881,California
Yolo,2020-12-26,75,1956,25,1827,50,129,0,0,75,1956,0,0,75,1956,California
Yolo,2020-12-27,46,2002,19,1846,27,156,0,0,46,2002,0,0,46,2002,California
Yolo,2020-12-28,404,2406,235,2081,169,325,0,0,404,2406,0,0,404,2406,California
Yolo,2020-12-29,492,2898,268,2349,224,549,0,0,492,2898,0,0,492,2898,California
Yolo,2020-12-30,625,3523,255,2604,370,919,0,0,625,3523,0,0,625,3523,California
Yolo,2020-12-31,183,3706,93,2697,90,1009,0,0,183,3706,0,0,183,3706,California
Yolo,2021-01-01,58,3764,56,2753,2,1011,0,0,58,3764,0,0,58,3764,California
Yolo,2021-01-02,72,3836,28,2781,44,1055,0,0,72,3836,0,0,72,3836,California
Yolo,2021-01-03,44,3880,19,2800,25,1080,0,0,44,3880,0,0,44,3880,California
Yolo,2021-01-04,192,4072,41,2841,151,1231,0,0,192,4072,0,0,192,4072,California
Yolo,2021-01-05,618,4690,238,3079,380,1611,0,0,553,4560,65,65,553,4625,California
Yolo,2021-01-06,484,5174,183,3262,301,1912,0,0,347,4770,137,202,347,4972,California
Yolo,2021-01-07,713,5887,234,3496,479,2391,0,0,520,5098,192,394,520,5492,California
Yolo,2021-01-08,636,6523,314,3810,322,2713,0,0,409,5281,226,620,409,5901,California
Yolo,2021-01-09,411,6934,73,3883,338,3051,0,0,365,5600,46,666,365,6266,California
Yolo,2021-01-10,393,7327,80,3963,313,3364,0,0,323,5853,70,736,323,6589,California
Yolo,2021-01-11,564,7891,328,4291,236,3600,0,0,290,5871,274,1010,292,6881,California
Yolo,2021-01-12,563,8454,443,4734,120,3720,0,0,194,5697,369,1379,195,7076,California
Yolo,2021-01-13,777,9231,314,5048,463,4183,0,0,523,5966,254,1633,523,7599,California
Yolo,2021-01-14,381,9612,184,5232,197,4380,0,0,277,6139,104,1737,277,7876,California
Yolo,2021-01-15,634,10246,323,5555,311,4691,0,0,551,6608,83,1820,552,8428,California
Yolo,2021-01-16,749,10995,96,5651,653,5344,0,0,718,7295,31,1851,718,9146,California
Yolo,2021-01-17,191,11186,121,5772,70,5414,0,0,184,7472,7,1858,184,9330,California
Yolo,2021-01-18,484,11670,304,6076,180,5594,0,0,333,7654,151,2009,333,9663,California
Yolo,2021-01-19,561,12231,372,6448,189,5783,0,0,384,7861,177,2186,384,10047,California
Yolo,2021-01-20,662,12893,384,6832,278,6061,0,0,470,8140,191,2377,470,10517,California
Yolo,2021-01-21,649,13542,384,7216,265,6326,0,0,460,8411,189,2566,460,10977,California
Yolo,2021-01-22,758,14300,255,7471,503,6829,0,0,640,8935,116,2682,640,11617,California
Yolo,2021-01-23,627,14927,126,7597,501,7330,0,0,577,9462,50,2732,577,12194,California
Yolo,2021-01-24,207,15134,123,7720,84,7414,0,0,166,9587,41,2773,166,12360,California
Yolo,2021-01-25,741,15875,163,7883,578,7992,0,0,520,9885,222,2995,520,12880,California
Yolo,2021-01-26,832,16707,330,8213,502,8494,0,0,435,9923,397,3392,435,13315,California
Yolo,2021-01-27,682,17389,230,8443,452,8946,0,0,399,10039,283,3675,399,13714,California
Yolo,2021-01-28,1056,18445,564,9007,492,9438,0,0,930,10844,125,3800,930,14644,California
Yolo,2021-01-29,995,19440,265,9272,730,10168,0,0,910,11670,84,3884,910,15554,California
Yolo,2021-01-30,1530,20970,923,10195,607,10775,0,0,1407,12960,117,4001,1407,16961,California
Yolo,2021-01-31,238,21208,200,10395,38,10813,0,0,209,13141,28,4029,209,17170,California
Yolo,2021-02-01,859,22067,365,10760,494,11307,0,0,622,13529,234,4263,622,17792,California
Yolo,2021-02-02,1348,23415,754,11514,594,11901,0,0,932,14046,416,4679,933,18725,California
Yolo,2021-02-03,1534,24949,400,11914,1134,13035,0,0,1192,14899,339,5018,1192,19917,California
Yolo,2021-02-04,1808,26757,280,12194,1528,14563,0,0,1253,15608,545,5563,1254,21171,California
Yolo,2021-02-05,1616,28373,918,13112,698,15261,0,0,1210,16414,405,5968,1211,22382,California
Yolo,2021-02-06,1928,30301,1253,14365,675,15936,0,0,1562,17611,366,6334,1563,23945,California
Yolo,2021-02-07,524,30825,253,14618,271,16207,0,0,173,17434,350,6684,173,24118,California
Yolo,2021-02-08,952,31777,334,14952,618,16825,0,0,604,17694,344,7028,604,24722,California
Yolo,2021-02-09,861,32638,386,15338,475,17300,0,0,573,17979,288,7316,573,25295,California
Yolo,2021-02-10,1477,34115,479,15817,998,18298,0,0,829,18162,648,7964,831,26126,California
Yolo,2021-02-11,1580,35695,807,16624,773,19071,0,0,1186,18954,394,8358,1186,27312,California
Yolo,2021-02-12,1947,37642,759,17383,1188,20259,0,0,1458,19928,485,8843,1459,28771,California
Yolo,2021-02-13,2073,39715,716,18099,1357,21616,0,0,1393,20641,680,9523,1393,30164,California
Yolo,2021-02-14,573,40288,156,18255,417,22033,0,0,448,20965,124,9647,448,30612,California
Yolo,2021-02-15,535,40823,192,18447,343,22376,0,0,266,20963,269,9916,267,30879,California
Yolo,2021-02-16,1151,41974,433,18880,718,23094,0,0,821,21455,330,10246,822,31701,California
Yolo,2021-02-17,1393,43367,703,19583,690,23784,0,0,989,22041,404,10650,990,32691,California
Yolo,2021-02-18,2510,45877,821,20404,1689,25473,0,0,1726,22985,783,11433,1727,34418,California
Yolo,2021-02-19,1775,47652,756,21160,1019,26492,0,0,1145,23502,628,12061,1145,35563,California
Yolo,2021-02-20,2571,50223,958,22118,1613,28105,0,0,1386,23709,1180,13241,1387,36950,California
Yolo,2021-02-21,327,50550,236,22354,91,28196,0,0,109,23601,217,13458,109,37059,California
Yolo,2021-02-22,1416,51966,620,22974,796,28992,0,0,710,23607,704,14162,710,37769,California
Yolo,2021-02-23,1175,53141,882,23856,293,29285,0,0,446,23326,727,14889,446,38215,California
Yolo,2021-02-24,2138,55279,612,24468,1526,30811,0,0,1400,23990,736,15625,1400,39615,California
Yolo,2021-02-25,1441,56720,506,24974,935,31746,0,0,939,24428,501,16126,939,40554,California
Yolo,2021-02-26,2712,59432,1066,26040,1646,33392,0,0,1329,24378,1379,17505,1329,41883,California
Yolo,2021-02-27,1722,61154,786,26826,936,34328,0,0,1262,25180,460,17965,1262,43145,California
Yolo,2021-02-28,1834,62988,1527,28353,307,34635,0,0,710,24769,1122,19087,711,43856,California
Yolo,2021-03-01,1160,64148,377,28730,783,35418,0,0,698,25008,459,19546,698,44554,California
Yolo,2021-03-02,1509,65657,706,29436,803,36221,0,0,959,25417,550,20096,959,45513,California
Yolo,2021-03-03,1894,67551,645,30081,1249,37470,0,0,856,25237,1036,21132,856,46369,California
Yolo,2021-03-04,3042,70593,1465,31546,1577,39047,0,0,1580,25358,1459,22591,1580,47949,California
Yolo,2021-03-05,2493,73086,1408,32954,1074,40121,11,11,1518,25912,975,23566,1529,49478,California
Yolo,2021-03-06,1491,74577,1137,34091,325,40446,29,40,848,26149,640,24206,877,50355,California
Yolo,2021-03-07,942,75519,682,34773,234,40680,26,66,788,26809,154,24360,814,51169,California
Yolo,2021-03-08,1347,76866,501,35274,802,41482,44,110,891,27289,455,24815,935,52104,California
Yolo,2021-03-09,1587,78453,691,35965,834,42316,62,172,966,27698,619,25434,1028,53132,California
Yolo,2021-03-10,2218,80671,1061,37026,865,43181,292,464,977,27723,1236,26670,1261,54393,California
Yolo,2021-03-11,2720,83391,1607,38633,1044,44225,69,533,1815,28703,904,27574,1884,56277,California
Yolo,2021-03-12,2934,86325,1361,39994,1491,45716,82,615,1380,28621,1545,29119,1463,57740,California
Yolo,2021-03-13,1963,88288,737,40731,1050,46766,176,791,1030,28896,930,30049,1205,58945,California
Yolo,2021-03-14,1070,89358,214,40945,706,47472,150,941,528,29028,540,30589,672,59617,California
Yolo,2021-03-15,1679,91037,771,41716,727,48199,181,1122,1058,29643,619,31208,1234,60851,California
Yolo,2021-03-16,2037,93074,733,42449,1231,49430,73,1195,1240,30160,795,32003,1312,62163,California
Yolo,2021-03-17,2533,95607,989,43438,1472,50902,72,1267,1732,31198,797,32800,1835,63998,California
Yolo,2021-03-18,3054,98661,1043,44481,1784,52686,227,1494,1262,30899,1788,34588,1489,65487,California
Yolo,2021-03-19,2113,100774,879,45360,1166,53852,68,1562,1083,31026,1024,35612,1151,66638,California
Yolo,2021-03-20,2782,103556,818,46178,1921,55773,43,1605,1089,30473,1687,37299,1134,67772,California
Yolo,2021-03-21,319,103875,217,46395,94,55867,8,1613,177,30517,141,37440,185,67957,California
Yolo,2021-03-22,1410,105285,496,46891,854,56721,60,1673,913,30994,495,37935,972,68929,California
Yolo,2021-03-23,1759,107044,945,47836,757,57478,57,1730,1081,31455,676,38611,1137,70066,California
Yolo,2021-03-24,2895,109939,1408,49244,1436,58914,51,1781,1400,31426,1481,40092,1452,71518,California
Yolo,2021-03-25,2547,112486,1405,50649,1113,60027,29,1810,1243,31404,1294,41386,1272,72790,California
Yolo,2021-03-26,2407,114893,1261,51910,1126,61153,20,1830,1021,31065,1379,42765,1040,73830,California
Yolo,2021-03-27,1669,116562,459,52369,1192,62345,18,1848,741,30897,927,43692,759,74589,California
Yolo,2021-03-28,1109,117671,863,53232,227,62572,19,1867,247,30304,858,44550,265,74854,California
Yolo,2021-03-29,2040,119711,827,54059,1183,63755,30,1897,969,30236,1067,45617,999,75853,California
Yolo,2021-03-30,2334,122045,1124,55183,1189,64944,21,1918,1207,30343,1122,46739,1229,77082,California
Yolo,2021-03-31,2368,124413,1235,56418,1096,66040,37,1955,1182,30376,1185,47924,1218,78300,California
Yolo,2021-04-01,3865,128278,1866,58284,1520,67560,479,2434,1597,30186,2265,50189,2075,80375,California
Yolo,2021-04-02,3410,131688,1527,59811,1736,69296,147,2581,2063,31056,1340,51529,2210,82585,California
Yolo,2021-04-03,1829,133517,1105,60916,502,69798,222,2803,808,31067,1019,52548,1030,83615,California
Yolo,2021-04-04,391,133908,157,61073,173,69971,61,2864,142,31022,248,52796,203,83818,California
Yolo,2021-04-05,1932,135840,740,61813,1092,71063,100,2964,899,30994,1028,53824,1000,84818,California
Yolo,2021-04-06,2606,138446,1325,63138,1108,72171,173,3137,1142,30853,1454,55278,1313,86131,California
Yolo,2021-04-07,3002,141448,1520,64658,1126,73297,356,3493,1746,31708,1251,56529,2106,88237,California
Yolo,2021-04-08,2436,143884,1012,65670,948,74245,476,3969,855,31457,1579,58108,1328,89565,California
Yolo,2021-04-09,2612,146496,926,66596,1104,75349,582,4551,835,31091,1774,59882,1408,90973,California
Yolo,2021-04-10,1770,148266,830,67426,757,76106,183,4734,1027,31561,739,60621,1209,92182,California
Yolo,2021-04-11,894,149160,285,67711,565,76671,44,4778,362,31437,529,61150,405,92587,California
Yolo,2021-04-12,1780,150940,526,68237,1111,77782,143,4921,789,31383,987,62137,933,93520,California
Yolo,2021-04-13,1995,152935,919,69156,1076,78858,0,4921,920,31229,1074,63211,920,94440,California
Yolo,2021-04-14,2808,155743,774,69930,2034,80892,0,4921,1371,31171,1429,64640,1371,95811,California
Yolo,2021-04-15,3371,159114,1146,71076,2225,83117,0,4921,2292,32391,1072,65712,2292,98103,California
Yolo,2021-04-16,3096,162210,1995,73071,1101,84218,0,4921,1977,33257,1111,66823,1977,100080,California
Yolo,2021-04-17,1637,163847,478,73549,1159,85377,0,4921,852,33329,780,67603,852,100932,California
Yolo,2021-04-18,648,164495,318,73867,330,85707,0,4921,362,33410,281,67884,362,101294,California
Yolo,2021-04-19,1692,166187,729,74596,962,86669,1,4922,778,33281,908,68792,779,102073,California
Yolo,2021-04-20,2081,168268,1075,75671,1006,87675,0,4922,1072,33346,1007,69799,1072,103145,California
Yolo,2021-04-21,2080,170348,1062,76733,1018,88693,0,4922,1119,33510,955,70754,1119,104264,California
Yolo,2021-04-22,1996,172344,914,77647,1082,89775,0,4922,986,33493,1004,71758,987,105251,California
Yolo,2021-04-23,2662,175006,1561,79208,1101,90876,0,4922,1169,33181,1481,73239,1169,106420,California
Yolo,2021-04-24,1181,176187,648,79856,530,91406,3,4925,468,32948,704,73943,471,106891,California
Yolo,2021-04-25,953,177140,409,80265,544,91950,0,4925,729,33454,223,74166,729,107620,California
Yolo,2021-04-26,1257,178397,498,80763,756,92706,3,4928,535,33274,719,74885,539,108159,California
Yolo,2021-04-27,1568,179965,740,81503,808,93514,20,4948,607,32941,960,75845,627,108786,California
Yolo,2021-04-28,2078,182043,1031,82534,1020,94534,27,4975,750,32394,1324,77169,777,109563,California
Yolo,2021-04-29,1803,183846,855,83389,864,95398,84,5059,710,32097,1089,78258,792,110355,California
Yolo,2021-04-30,2111,185957,1089,84478,964,96362,58,5117,1043,32137,1061,79319,1101,111456,California
Yolo,2021-05-01,1290,187247,1000,85478,270,96632,20,5137,376,31621,912,80231,396,111852,California
Yolo,2021-05-02,519,187766,427,85905,69,96701,23,5160,323,31771,196,80427,346,112198,California
Yolo,2021-05-03,1131,188897,405,86310,692,97393,34,5194,300,31276,828,81255,333,112531,California
Yolo,2021-05-04,1473,190370,684,86994,765,98158,24,5218,507,30846,961,82216,531,113062,California
Yolo,2021-05-05,1597,191967,455,87449,1075,99233,67,5285,462,30247,1128,83344,529,113591,California
Yolo,2021-05-06,1531,193498,718,88167,731,99964,82,5367,497,29809,1017,84361,579,114170,California
Yolo,2021-05-07,2334,195832,1403,89570,880,100844,51,5418,466,28464,1860,86221,515,114685,California
Yolo,2021-05-08,852,196684,374,89944,422,101266,56,5474,320,28310,528,86749,374,115059,California
Yolo,2021-05-09,402,197086,172,90116,217,101483,13,5487,91,28104,310,87059,104,115163,California
Yolo,2021-05-10,1191,198277,359,90475,786,102269,46,5533,204,27368,985,88044,249,115412,California
Yolo,2021-05-11,1180,199457,697,91172,461,102730,22,5555,294,26804,880,88924,316,115728,California
Yolo,2021-05-12,1835,201292,715,91887,1087,103817,33,5588,336,25683,1493,90417,372,116100,California
Yolo,2021-05-13,2619,203911,862,92749,1702,105519,55,5643,666,24455,1949,92366,721,116821,California
Yolo,2021-05-14,2442,206353,1523,94272,888,106407,31,5674,1190,24430,1246,93612,1221,118042,California
Yolo,2021-05-15,1280,207633,732,95004,501,106908,47,5721,660,24518,619,94231,707,118749,California
Yolo,2021-05-16,1456,209089,1238,96242,211,107119,7,5728,1011,25095,441,94672,1018,119767,California
Yolo,2021-05-17,1137,210226,447,96689,672,107791,18,5746,349,24678,784,95456,367,120134,California
Yolo,2021-05-18,1801,212027,1108,97797,670,108461,23,5769,917,24741,877,96333,940,121074,California
Yolo,2021-05-19,1305,213332,589,98386,677,109138,39,5808,519,24516,783,97116,558,121632,California
Yolo,2021-05-20,1356,214688,700,99086,630,109768,26,5834,391,23974,959,98075,417,122049,California
Yolo,2021-05-21,1715,216403,989,100075,699,110467,27,5861,383,23057,1325,99400,408,122457,California
Yolo,2021-05-22,827,217230,543,100618,276,110743,8,5869,282,22813,535,99935,291,122748,California
Yolo,2021-05-23,636,217866,165,100783,455,111198,16,5885,108,22412,526,100461,125,122873,California
Yolo,2021-05-24,770,218636,350,101133,400,111598,20,5905,244,22157,520,100981,265,123138,California
Yolo,2021-05-25,883,219519,512,101645,348,111946,23,5928,342,21987,535,101516,365,123503,California
Yolo,2021-05-26,820,220339,269,101914,518,112464,33,5961,246,21696,570,102086,279,123782,California
Yolo,2021-05-27,760,221099,379,102293,330,112794,51,6012,300,21592,455,102541,351,124133,California
Yolo,2021-05-28,884,221983,402,102695,453,113247,29,6041,378,21496,501,103042,405,124538,California
Yolo,2021-05-29,600,222583,345,103040,219,113466,36,6077,273,21478,324,103366,306,124844,California
Yolo,2021-05-30,136,222719,71,103111,58,113524,7,6084,55,21461,79,103445,62,124906,California
Yolo,2021-05-31,68,222787,18,103129,48,113572,2,6086,16,21426,52,103497,17,124923,California
Yolo,2021-06-01,756,223543,327,103456,405,113977,24,6110,245,21190,505,104002,269,125192,California
Yolo,2021-06-02,758,224301,302,103758,435,114412,21,6131,230,20916,525,104527,251,125443,California
Yolo,2021-06-03,931,225232,593,104351,314,114726,24,6155,212,20437,715,105242,236,125679,California
Yolo,2021-06-04,1497,226729,1217,105568,258,114984,22,6177,380,19726,1112,106354,401,126080,California
Yolo,2021-06-05,720,227449,549,106117,154,115138,17,6194,149,19321,571,106925,166,126246,California
Yolo,2021-06-06,1117,228566,1052,107169,58,115196,7,6201,163,18538,953,107878,170,126416,California
Yolo,2021-06-07,515,229081,269,107438,226,115422,20,6221,112,18271,398,108276,131,126547,California
Yolo,2021-06-08,1043,230124,813,108251,212,115634,18,6239,198,17642,844,109120,215,126762,California
Yolo,2021-06-09,793,230917,491,108742,271,115905,31,6270,216,17317,571,109691,246,127008,California
Yolo,2021-06-10,570,231487,360,109102,177,116082,33,6303,166,17115,401,110092,199,127207,California
Yolo,2021-06-11,659,232146,451,109553,184,116266,24,6327,193,16868,464,110556,217,127424,California
Yolo,2021-06-12,483,232629,279,109832,179,116445,25,6352,143,16700,336,110892,168,127592,California
Yolo,2021-06-13,154,232783,115,109947,38,116483,1,6353,60,16669,93,110985,62,127654,California
Yolo,2021-06-14,411,233194,255,110202,123,116606,33,6386,129,16551,281,111266,163,127817,California
Yolo,2021-06-15,771,233965,399,110601,346,116952,26,6412,212,16236,553,111819,238,128055,California
Yolo,2021-06-16,474,234439,243,110844,189,117141,42,6454,168,16140,304,112123,208,128263,California
Yolo,2021-06-17,496,234935,315,111159,125,117266,56,6510,172,16046,322,112445,228,128491,California
Yolo,2021-06-18,556,235491,398,111557,136,117402,22,6532,205,15924,348,112793,226,128717,California
Yolo,2021-06-19,323,235814,207,111764,99,117501,17,6549,119,15857,203,112996,136,128853,California
Yolo,2021-06-20,113,235927,73,111837,36,117537,4,6553,61,15872,50,113046,65,128918,California
Yolo,2021-06-21,207,236134,88,111925,100,117637,19,6572,112,15910,93,113139,131,129049,California
Yolo,2021-06-22,523,236657,296,112221,207,117844,20,6592,212,15833,309,113448,232,129281,California
Yolo,2021-06-23,377,237034,213,112434,146,117990,18,6610,151,15779,223,113671,169,129450,California
Yolo,2021-06-24,398,237432,247,112681,108,118098,43,6653,175,15775,222,113893,218,129668,California
Yolo,2021-06-25,551,237983,385,113066,121,118219,45,6698,191,15655,356,114249,236,129904,California
Yolo,2021-06-26,272,238255,166,113232,82,118301,24,6722,110,15628,160,114409,133,130037,California
Yolo,2021-06-27,179,238434,142,113374,32,118333,5,6727,64,15581,115,114524,68,130105,California
Yolo,2021-06-28,255,238689,130,113504,52,118385,73,6800,108,15615,146,114670,180,130285,California
Yolo,2021-06-29,421,239110,265,113769,107,118492,49,6849,154,15554,264,114934,203,130488,California
Yolo,2021-06-30,366,239476,205,113974,134,118626,27,6876,134,15482,232,115166,160,130648,California
Yolo,2021-07-01,306,239782,171,114145,103,118729,32,6908,111,15432,192,115358,142,130790,California
Yolo,2021-07-02,343,240125,232,114377,99,118828,12,6920,139,15380,203,115561,151,130941,California
Yolo,2021-07-03,206,240331,128,114505,74,118902,4,6924,91,15360,115,115676,95,131036,California
Yolo,2021-07-04,73,240404,41,114546,27,118929,5,6929,22,15337,50,115726,27,131063,California
Yolo,2021-07-05,139,240543,84,114630,50,118979,5,6934,67,15338,71,115797,72,131135,California
Yolo,2021-07-06,360,240903,239,114869,102,119081,19,6953,136,15273,221,116018,156,131291,California
Yolo,2021-07-07,374,241277,196,115065,113,119194,65,7018,145,15254,228,116246,209,131500,California
Yolo,2021-07-08,299,241576,193,115258,91,119285,15,7033,121,15215,174,116420,135,131635,California
Yolo,2021-07-09,357,241933,247,115505,94,119379,16,7049,139,15158,212,116632,155,131790,California
Yolo,2021-07-10,187,242120,130,115635,44,119423,13,7062,76,15137,110,116742,89,131879,California
Yolo,2021-07-11,79,242199,58,115693,21,119444,0,7062,38,15135,40,116782,38,131917,California
Yolo,2021-07-12,139,242338,86,115779,43,119487,10,7072,64,15136,73,116855,74,131991,California
Yuba,2020-12-16,4,4,4,4,0,0,0,0,4,4,0,0,4,4,California
Yuba,2020-12-17,4,8,4,8,0,0,0,0,4,8,0,0,4,8,California
Yuba,2020-12-18,9,17,9,17,0,0,0,0,9,17,0,0,9,17,California
Yuba,2020-12-19,12,29,12,29,0,0,0,0,12,29,0,0,12,29,California
Yuba,2020-12-20,19,48,19,48,0,0,0,0,19,48,0,0,19,48,California
Yuba,2020-12-21,41,89,41,89,0,0,0,0,41,89,0,0,41,89,California
Yuba,2020-12-22,85,174,85,174,0,0,0,0,85,174,0,0,85,174,California
Yuba,2020-12-23,65,239,63,237,2,2,0,0,65,239,0,0,65,239,California
Yuba,2020-12-24,20,259,10,247,10,12,0,0,20,259,0,0,20,259,California
Yuba,2020-12-25,1,260,1,248,0,12,0,0,1,260,0,0,1,260,California
Yuba,2020-12-26,14,274,13,261,1,13,0,0,14,274,0,0,14,274,California
Yuba,2020-12-27,15,289,15,276,0,13,0,0,15,289,0,0,15,289,California
Yuba,2020-12-28,51,340,35,311,16,29,0,0,51,340,0,0,51,340,California
Yuba,2020-12-29,74,414,10,321,64,93,0,0,74,414,0,0,74,414,California
Yuba,2020-12-30,63,477,20,341,43,136,0,0,63,477,0,0,63,477,California
Yuba,2020-12-31,39,516,6,347,33,169,0,0,39,516,0,0,39,516,California
Yuba,2021-01-02,20,536,19,366,1,170,0,0,20,536,0,0,20,536,California
Yuba,2021-01-03,10,546,6,372,4,174,0,0,10,546,0,0,10,546,California
Yuba,2021-01-04,93,639,23,395,70,244,0,0,93,639,0,0,93,639,California
Yuba,2021-01-05,71,710,39,434,32,276,0,0,70,708,1,1,70,709,California
Yuba,2021-01-06,153,863,76,510,77,353,0,0,147,849,6,7,147,856,California
Yuba,2021-01-07,74,937,18,528,56,409,0,0,71,916,4,11,71,927,California
Yuba,2021-01-08,73,1010,23,551,50,459,0,0,66,975,7,18,66,993,California
Yuba,2021-01-09,19,1029,16,567,3,462,0,0,11,978,8,26,11,1004,California
Yuba,2021-01-10,117,1146,22,589,95,557,0,0,95,1051,22,48,95,1099,California
Yuba,2021-01-11,73,1219,50,639,23,580,0,0,33,1044,40,88,33,1132,California
Yuba,2021-01-12,109,1328,78,717,31,611,0,0,44,1023,65,153,44,1176,California
Yuba,2021-01-13,119,1447,72,789,47,658,0,0,54,1013,64,217,54,1230,California
Yuba,2021-01-14,114,1561,44,833,70,728,0,0,102,1103,12,229,102,1332,California
Yuba,2021-01-15,205,1766,86,919,119,847,0,0,195,1288,10,239,195,1527,California
Yuba,2021-01-16,189,1955,22,941,167,1014,0,0,176,1450,14,253,176,1703,California
Yuba,2021-01-17,13,1968,9,950,4,1018,0,0,7,1451,6,259,7,1710,California
Yuba,2021-01-18,61,2029,32,982,29,1047,0,0,36,1462,25,284,36,1746,California
Yuba,2021-01-19,81,2110,30,1012,51,1098,0,0,66,1513,15,299,66,1812,California
Yuba,2021-01-20,133,2243,86,1098,47,1145,0,0,110,1600,23,322,110,1922,California
Yuba,2021-01-21,221,2464,103,1201,118,1263,0,0,212,1803,9,331,212,2134,California
Yuba,2021-01-22,107,2571,7,1208,100,1363,0,0,98,1892,9,340,98,2232,California
Yuba,2021-01-23,198,2769,7,1215,191,1554,0,0,196,2086,2,342,196,2428,California
Yuba,2021-01-24,10,2779,7,1222,3,1557,0,0,8,2092,2,344,8,2436,California
Yuba,2021-01-25,86,2865,30,1252,56,1613,0,0,53,2113,32,376,53,2489,California
Yuba,2021-01-26,148,3013,40,1292,108,1721,0,0,91,2147,57,433,91,2580,California
Yuba,2021-01-27,185,3198,129,1421,56,1777,0,0,118,2198,67,500,118,2698,California
Yuba,2021-01-28,228,3426,89,1510,139,1916,0,0,178,2326,50,550,178,2876,California
Yuba,2021-01-29,148,3574,45,1555,103,2019,0,0,110,2398,38,588,110,2986,California
Yuba,2021-01-30,407,3981,23,1578,384,2403,0,0,396,2783,11,599,396,3382,California
Yuba,2021-01-31,18,3999,12,1590,6,2409,0,0,16,2797,2,601,16,3398,California
Yuba,2021-02-01,156,4155,75,1665,81,2490,0,0,131,2905,24,625,132,3530,California
Yuba,2021-02-02,127,4282,22,1687,105,2595,0,0,103,2984,24,649,103,3633,California
Yuba,2021-02-03,230,4512,30,1717,200,2795,0,0,116,2987,113,762,116,3749,California
Yuba,2021-02-04,298,4810,120,1837,178,2973,0,0,253,3195,45,807,253,4002,California
Yuba,2021-02-05,148,4958,32,1869,116,3089,0,0,71,3189,77,884,71,4073,California
Yuba,2021-02-06,453,5411,26,1895,427,3516,0,0,445,3626,8,892,445,4518,California
Yuba,2021-02-07,20,5431,13,1908,7,3523,0,0,16,3638,4,896,16,4534,California
Yuba,2021-02-08,98,5529,35,1943,63,3586,0,0,66,3672,32,928,66,4600,California
Yuba,2021-02-09,156,5685,56,1999,100,3686,0,0,85,3686,71,999,85,4685,California
Yuba,2021-02-10,362,6047,176,2175,186,3872,0,0,122,3570,238,1237,122,4807,California
Yuba,2021-02-11,404,6451,67,2242,337,4209,0,0,301,3770,101,1338,301,5108,California
Yuba,2021-02-12,271,6722,28,2270,243,4452,0,0,153,3805,118,1456,153,5261,California
Yuba,2021-02-13,438,7160,36,2306,402,4854,0,0,387,4141,51,1507,387,5648,California
Yuba,2021-02-14,52,7212,10,2316,42,4896,0,0,47,4183,5,1512,47,5695,California
Yuba,2021-02-15,91,7303,36,2352,55,4951,0,0,71,4234,20,1532,71,5766,California
Yuba,2021-02-16,202,7505,55,2407,147,5098,0,0,143,4318,59,1591,143,5909,California
Yuba,2021-02-17,380,7885,158,2565,222,5320,0,0,101,4141,278,1869,101,6010,California
Yuba,2021-02-18,326,8211,49,2614,277,5597,0,0,198,4211,128,1997,198,6208,California
Yuba,2021-02-19,231,8442,82,2696,149,5746,0,0,144,4269,86,2083,144,6352,California
Yuba,2021-02-20,397,8839,30,2726,367,6113,0,0,339,4550,58,2141,339,6691,California
Yuba,2021-02-21,24,8863,14,2740,10,6123,0,0,14,4554,10,2151,14,6705,California
Yuba,2021-02-22,131,8994,82,2822,49,6172,0,0,38,4499,93,2244,38,6743,California
Yuba,2021-02-23,131,9125,28,2850,103,6275,0,0,54,4478,76,2320,55,6798,California
Yuba,2021-02-24,498,9623,143,2993,355,6630,0,0,112,4204,386,2706,112,6910,California
Yuba,2021-02-25,363,9986,144,3137,219,6849,0,0,223,4287,140,2846,223,7133,California
Yuba,2021-02-26,266,10252,70,3207,196,7045,0,0,147,4317,117,2963,147,7280,California
Yuba,2021-02-27,477,10729,48,3255,429,7474,0,0,388,4618,87,3050,388,7668,California
Yuba,2021-02-28,72,10801,23,3278,49,7523,0,0,48,4642,24,3074,48,7716,California
Yuba,2021-03-01,164,10965,43,3321,121,7644,0,0,83,4645,80,3154,83,7799,California
Yuba,2021-03-02,160,11125,36,3357,124,7768,0,0,80,4645,80,3234,80,7879,California
Yuba,2021-03-03,627,11752,158,3515,469,8237,0,0,199,4417,427,3661,199,8078,California
Yuba,2021-03-04,471,12223,274,3789,197,8434,0,0,327,4601,143,3804,327,8405,California
Yuba,2021-03-05,325,12548,59,3848,265,8699,1,1,257,4791,68,3872,258,8663,California
Yuba,2021-03-06,476,13024,35,3883,437,9136,4,5,369,5058,106,3978,373,9036,California
Yuba,2021-03-07,57,13081,28,3911,27,9163,2,7,41,5085,16,3994,43,9079,California
Yuba,2021-03-08,160,13241,48,3959,96,9259,16,23,100,5141,60,4054,116,9195,California
Yuba,2021-03-09,182,13423,49,4008,113,9372,20,43,86,5151,96,4150,106,9301,California
Yuba,2021-03-10,738,14161,234,4242,474,9846,30,73,233,4909,505,4655,263,9564,California
Yuba,2021-03-11,441,14602,199,4441,230,10076,12,85,296,5072,145,4800,308,9872,California
Yuba,2021-03-12,467,15069,87,4528,327,10403,53,138,155,4968,312,5112,208,10080,California
Yuba,2021-03-13,464,15533,338,4866,111,10514,15,153,364,5248,99,5211,379,10459,California
Yuba,2021-03-14,107,15640,20,4886,77,10591,10,163,46,5245,59,5270,56,10515,California
Yuba,2021-03-15,196,15836,50,4936,130,10721,16,179,99,5263,97,5367,115,10630,California
Yuba,2021-03-16,298,16134,74,5010,200,10921,24,203,185,5360,112,5479,209,10839,California
Yuba,2021-03-17,750,16884,165,5175,554,11475,31,234,193,5030,554,6033,224,11063,California
Yuba,2021-03-18,585,17469,160,5335,312,11787,113,347,352,5261,233,6266,464,11527,California
Yuba,2021-03-19,331,17800,119,5454,158,11945,54,401,183,5349,148,6414,236,11763,California
Yuba,2021-03-20,555,18355,81,5535,456,12401,18,419,475,5763,79,6493,493,12256,California
Yuba,2021-03-21,62,18417,36,5571,26,12427,0,419,42,5785,20,6513,42,12298,California
Yuba,2021-03-22,191,18608,70,5641,114,12541,7,426,149,5899,42,6555,156,12454,California
Yuba,2021-03-23,266,18874,79,5720,159,12700,28,454,175,6013,89,6644,203,12657,California
Yuba,2021-03-24,769,19643,253,5973,435,13135,81,535,185,5697,582,7226,266,12923,California
Yuba,2021-03-25,506,20149,269,6242,215,13350,22,557,249,5711,257,7483,271,13194,California
Yuba,2021-03-26,399,20548,142,6384,228,13578,29,586,226,5794,172,7655,255,13449,California
Yuba,2021-03-27,464,21012,28,6412,433,14011,3,589,409,6151,54,7709,411,13860,California
Yuba,2021-03-28,102,21114,42,6454,56,14067,4,593,34,6121,68,7777,38,13898,California
Yuba,2021-03-29,297,21411,87,6541,178,14245,32,625,179,6214,118,7895,211,14109,California
Yuba,2021-03-30,274,21685,70,6611,196,14441,8,633,189,6326,85,7980,197,14306,California
Yuba,2021-03-31,677,22362,115,6726,551,14992,11,644,244,6150,431,8411,255,14561,California
Yuba,2021-04-01,630,22992,291,7017,309,15301,30,674,292,6134,338,8749,322,14883,California
Yuba,2021-04-02,506,23498,96,7113,327,15628,83,757,189,6089,316,9065,271,15154,California
Yuba,2021-04-03,654,24152,55,7168,116,15744,483,1240,87,6093,566,9631,570,15724,California
Yuba,2021-04-04,59,24211,10,7178,42,15786,7,1247,31,6103,28,9659,38,15762,California
Yuba,2021-04-05,250,24461,79,7257,149,15935,22,1269,124,6124,124,9783,145,15907,California
Yuba,2021-04-06,360,24821,116,7373,183,16118,61,1330,174,6173,185,9968,234,16141,California
Yuba,2021-04-07,787,25608,408,7781,327,16445,52,1382,360,6160,424,10392,411,16552,California
Yuba,2021-04-08,753,26361,291,8072,197,16642,265,1647,279,6230,473,10865,543,17095,California
Yuba,2021-04-09,406,26767,172,8244,167,16809,67,1714,172,6236,233,11098,239,17334,California
Yuba,2021-04-10,605,27372,73,8317,82,16891,450,2164,72,6226,531,11629,521,17855,California
Yuba,2021-04-11,102,27474,24,8341,66,16957,12,2176,43,6223,58,11687,55,17910,California
Yuba,2021-04-12,213,27687,46,8387,137,17094,30,2206,80,6200,132,11819,109,18019,California
Yuba,2021-04-13,399,28086,103,8490,296,17390,0,2206,201,6204,197,12016,201,18220,California
Yuba,2021-04-14,719,28805,110,8600,609,17999,0,2206,130,5746,588,12604,130,18350,California
Yuba,2021-04-15,344,29149,134,8734,210,18209,0,2206,150,5702,194,12798,150,18500,California
Yuba,2021-04-16,342,29491,101,8835,241,18450,0,2206,181,5724,159,12957,181,18681,California
Yuba,2021-04-17,407,29898,60,8895,347,18797,0,2206,335,5988,71,13028,335,19016,California
Yuba,2021-04-18,65,29963,20,8915,45,18842,0,2206,33,5990,31,13059,33,19049,California
Yuba,2021-04-19,245,30208,102,9017,143,18985,0,2206,104,5953,141,13200,104,19153,California
Yuba,2021-04-20,342,30550,103,9120,239,19224,0,2206,187,5989,152,13352,188,19341,California
Yuba,2021-04-21,740,31290,322,9442,418,19642,0,2206,321,5891,419,13771,321,19662,California
Yuba,2021-04-22,375,31665,154,9596,221,19863,0,2206,208,5932,167,13938,208,19870,California
Yuba,2021-04-23,364,32029,127,9723,237,20100,0,2206,174,5918,188,14126,174,20044,California
Yuba,2021-04-24,217,32246,69,9792,148,20248,0,2206,123,5947,94,14220,123,20167,California
Yuba,2021-04-25,75,32321,30,9822,45,20293,0,2206,35,5942,40,14260,35,20202,California
Yuba,2021-04-26,249,32570,66,9888,179,20472,4,2210,114,5925,135,14395,118,20320,California
Yuba,2021-04-27,490,33060,173,10061,307,20779,10,2220,243,5933,245,14640,253,20573,California
Yuba,2021-04-28,449,33509,188,10249,256,21035,5,2225,155,5804,289,14929,160,20733,California
Yuba,2021-04-29,455,33964,89,10338,365,21400,1,2226,162,5675,292,15221,163,20896,California
Yuba,2021-04-30,348,34312,108,10446,210,21610,30,2256,151,5661,195,15416,181,21077,California
Yuba,2021-05-01,209,34521,92,10538,98,21708,19,2275,95,5662,113,15529,114,21191,California
Yuba,2021-05-02,70,34591,39,10577,27,21735,4,2279,38,5672,32,15561,42,21233,California
Yuba,2021-05-03,165,34756,66,10643,90,21825,9,2288,51,5620,112,15673,60,21293,California
Yuba,2021-05-04,340,35096,107,10750,212,22037,21,2309,151,5603,189,15862,172,21465,California
Yuba,2021-05-05,333,35429,96,10846,230,22267,7,2316,116,5509,217,16079,123,21588,California
Yuba,2021-05-06,303,35732,126,10972,139,22406,38,2354,102,5451,198,16277,140,21728,California
Yuba,2021-05-07,363,36095,100,11072,235,22641,28,2382,118,5352,244,16521,145,21873,California
Yuba,2021-05-08,130,36225,56,11128,71,22712,3,2385,55,5335,75,16596,58,21931,California
Yuba,2021-05-09,56,36281,25,11153,28,22740,3,2388,34,5350,22,16618,37,21968,California
Yuba,2021-05-10,174,36455,57,11210,99,22839,18,2406,54,5303,119,16737,72,22040,California
Yuba,2021-05-11,389,36844,178,11388,197,23036,14,2420,143,5215,244,16981,156,22196,California
Yuba,2021-05-12,276,37120,145,11533,123,23159,8,2428,103,5153,173,17154,111,22307,California
Yuba,2021-05-13,368,37488,199,11732,125,23284,44,2472,113,5058,252,17406,157,22464,California
Yuba,2021-05-14,368,37856,139,11871,209,23493,20,2492,154,5017,214,17620,173,22637,California
Yuba,2021-05-15,437,38293,113,11984,303,23796,21,2513,113,4828,322,17942,133,22770,California
Yuba,2021-05-16,151,38444,52,12036,90,23886,9,2522,95,4877,55,17997,104,22874,California
Yuba,2021-05-17,216,38660,89,12125,107,23993,20,2542,89,4861,125,18122,109,22983,California
Yuba,2021-05-18,394,39054,163,12288,222,24215,9,2551,165,4806,229,18351,174,23157,California
Yuba,2021-05-19,261,39315,145,12433,110,24325,6,2557,129,4809,132,18483,135,23292,California
Yuba,2021-05-20,432,39747,305,12738,115,24440,12,2569,259,4908,172,18655,271,23563,California
Yuba,2021-05-21,519,40266,272,13010,239,24679,8,2577,307,5013,210,18865,315,23878,California
Yuba,2021-05-22,229,40495,123,13133,97,24776,9,2586,95,4983,134,18999,104,23982,California
Yuba,2021-05-23,73,40568,41,13174,30,24806,2,2588,37,4987,35,19034,39,24021,California
Yuba,2021-05-24,165,40733,55,13229,93,24899,17,2605,49,4939,115,19149,67,24088,California
Yuba,2021-05-25,316,41049,110,13339,189,25088,17,2622,112,4865,202,19351,128,24216,California
Yuba,2021-05-26,236,41285,103,13442,117,25205,16,2638,88,4822,147,19498,104,24320,California
Yuba,2021-05-27,246,41531,76,13518,158,25363,12,2650,97,4784,147,19645,109,24429,California
Yuba,2021-05-28,246,41777,109,13627,130,25493,7,2657,116,4779,128,19773,123,24552,California
Yuba,2021-05-29,165,41942,67,13694,76,25569,22,2679,87,4811,77,19850,109,24661,California
Yuba,2021-05-30,52,41994,22,13716,25,25594,5,2684,21,4806,31,19881,26,24687,California
Yuba,2021-05-31,29,42023,3,13719,19,25613,7,2691,10,4804,19,19900,17,24704,California
Yuba,2021-06-01,247,42270,108,13827,132,25745,7,2698,84,4735,159,20059,90,24794,California
Yuba,2021-06-02,201,42471,82,13909,112,25857,7,2705,60,4663,140,20199,68,24862,California
Yuba,2021-06-03,180,42651,105,14014,69,25926,6,2711,63,4616,116,20315,69,24931,California
Yuba,2021-06-04,243,42894,119,14133,113,26039,11,2722,80,4544,162,20477,90,25021,California
Yuba,2021-06-05,200,43094,151,14284,43,26082,6,2728,90,4531,109,20586,96,25117,California
Yuba,2021-06-06,111,43205,94,14378,14,26096,3,2731,22,4468,88,20674,25,25142,California
Yuba,2021-06-07,114,43319,47,14425,51,26147,16,2747,35,4440,79,20753,51,25193,California
Yuba,2021-06-08,246,43565,115,14540,124,26271,7,2754,72,4347,172,20925,79,25272,California
Yuba,2021-06-09,171,43736,103,14643,62,26333,6,2760,72,4327,98,21023,78,25350,California
Yuba,2021-06-10,378,44114,302,14945,67,26400,9,2769,92,4144,284,21307,101,25451,California
Yuba,2021-06-11,330,44444,235,15180,83,26483,12,2781,66,3959,264,21571,79,25530,California
Yuba,2021-06-12,133,44577,90,15270,37,26520,6,2787,36,3904,97,21668,42,25572,California
Yuba,2021-06-13,47,44624,21,15291,23,26543,3,2790,12,3885,34,21702,15,25587,California
Yuba,2021-06-14,114,44738,55,15346,49,26592,10,2800,33,3848,80,21782,43,25630,California
Yuba,2021-06-15,241,44979,99,15445,134,26726,8,2808,90,3798,148,21930,98,25728,California
Yuba,2021-06-16,154,45133,94,15539,50,26776,10,2818,70,3797,81,22011,80,25808,California
Yuba,2021-06-17,195,45328,114,15653,69,26845,12,2830,83,3780,112,22123,95,25903,California
Yuba,2021-06-18,222,45550,110,15763,90,26935,22,2852,70,3722,150,22273,92,25995,California
Yuba,2021-06-19,136,45686,67,15830,62,26997,7,2859,33,3659,103,22376,40,26035,California
Yuba,2021-06-20,33,45719,19,15849,11,27008,3,2862,13,3655,20,22396,16,26051,California
Yuba,2021-06-21,88,45807,39,15888,40,27048,9,2871,42,3663,42,22438,50,26101,California
Yuba,2021-06-22,174,45981,73,15961,89,27137,12,2883,69,3640,103,22541,80,26181,California
Yuba,2021-06-23,127,46108,71,16032,43,27180,13,2896,52,3630,74,22615,64,26245,California
Yuba,2021-06-24,135,46243,81,16113,47,27227,7,2903,58,3618,77,22692,65,26310,California
Yuba,2021-06-25,169,46412,97,16210,63,27290,9,2912,82,3622,87,22779,91,26401,California
Yuba,2021-06-26,133,46545,106,16316,26,27316,1,2913,44,3579,88,22867,45,26446,California
Yuba,2021-06-27,66,46611,44,16360,20,27336,2,2915,36,3587,30,22897,38,26484,California
Yuba,2021-06-28,61,46672,33,16393,24,27360,4,2919,27,3584,34,22931,31,26515,California
Yuba,2021-06-29,162,46834,86,16479,67,27427,9,2928,61,3554,100,23031,70,26585,California
Yuba,2021-06-30,138,46972,79,16558,52,27479,7,2935,71,3565,67,23098,78,26663,California
Yuba,2021-07-01,120,47092,81,16639,31,27510,8,2943,44,3542,75,23173,52,26715,California
Yuba,2021-07-02,125,47217,52,16691,57,27567,16,2959,40,3513,85,23258,56,26771,California
Yuba,2021-07-03,63,47280,44,16735,19,27586,0,2959,34,3518,29,23287,34,26805,California
Yuba,2021-07-04,6,47286,3,16738,3,27589,0,2959,3,3518,3,23290,3,26808,California
Yuba,2021-07-05,65,47351,43,16781,17,27606,5,2964,35,3528,30,23320,40,26848,California
Yuba,2021-07-06,173,47524,94,16875,65,27671,14,2978,64,3503,103,23423,78,26926,California
Yuba,2021-07-07,142,47666,94,16969,37,27708,11,2989,56,3485,85,23508,67,26993,California
Yuba,2021-07-08,149,47815,87,17056,43,27751,19,3008,57,3469,92,23600,76,27069,California
Yuba,2021-07-09,159,47974,93,17149,52,27803,14,3022,78,3480,81,23681,92,27161,California
Yuba,2021-07-10,82,48056,52,17201,29,27832,1,3023,56,3511,26,23707,57,27218,California
Yuba,2021-07-11,35,48091,17,17218,17,27849,1,3024,14,3505,21,23728,15,27233,California
Yuba,2021-07-12,63,48154,38,17256,22,27871,3,3027,27,3499,36,23764,30,27263,California
