county,administered_date,total_doses,cumulative_total_doses,pfizer_doses,cumulative_pfizer_doses,moderna_doses,cumulative_moderna_doses,jj_doses,cumulative_jj_doses,partially_vaccinated,total_partially_vaccinated,fully_vaccinated,cumulative_fully_vaccinated,at_least_one_dose,cumulative_at_least_one_dose,california_flag
All CA Counties,2020-12-15,1128,1128,1128,1128,0,0,0,0,1128,1128,0,0,1128,1128,
All CA Counties,2020-12-16,8241,9369,8241,9369,0,0,0,0,8241,9369,0,0,8241,9369,
All CA Counties,2020-12-17,25730,35099,25730,35099,0,0,0,0,25765,35134,0,0,25765,35134,
All CA Counties,2020-12-18,43865,78964,43785,78884,80,80,0,0,43916,79050,0,0,43916,79050,
All CA Counties,2020-12-19,25242,104206,25220,104104,22,102,0,0,25241,104290,1,1,25241,104291,
All CA Counties,2020-12-20,18944,123150,18916,123020,28,130,0,0,18943,123232,1,2,18943,123234,
All CA Counties,2020-12-21,49640,172790,49556,172576,84,214,0,0,49680,172911,1,3,49680,172914,
All CA Counties,2020-12-22,49946,222736,47800,220376,2146,2360,0,0,49944,222854,1,4,49944,222858,
All CA Counties,2020-12-23,50271,273007,41582,261958,8689,11049,0,0,50267,273121,0,4,50267,273125,
All CA Counties,2020-12-24,23996,297003,16310,278268,7686,18735,0,0,23993,297113,1,5,23993,297118,
All CA Counties,2020-12-25,2327,299330,2008,280276,319,19054,0,0,2326,299438,1,6,2326,299444,
All CA Counties,2020-12-26,14594,313924,9425,289701,5169,24223,0,0,14592,314029,1,7,14592,314036,
All CA Counties,2020-12-27,9379,323303,5561,295262,3818,28041,0,0,9378,323406,1,8,9378,323414,
All CA Counties,2020-12-28,45626,368929,29262,324524,16364,44405,0,0,45623,369026,3,11,45623,369037,
All CA Counties,2020-12-29,51051,419980,28575,353099,22476,66881,0,0,51047,420070,3,14,51047,420084,
All CA Counties,2020-12-30,62905,482885,35647,388746,27258,94139,0,0,62899,482966,3,17,62899,482983,
All CA Counties,2020-12-31,29195,512080,10749,399495,18446,112585,0,0,29188,512150,4,21,29188,512171,
All CA Counties,2021-01-01,3758,515838,1649,401144,2109,114694,0,0,3754,515902,2,23,3754,515925,
All CA Counties,2021-01-02,18375,534213,10200,411344,8175,122869,0,0,18374,534276,0,23,18374,534299,
All CA Counties,2021-01-03,6098,540311,3456,414800,2642,125511,0,0,6069,540333,12,35,6069,540368,
All CA Counties,2021-01-04,43250,583561,21885,436685,21365,146876,0,0,43173,583463,43,78,43173,583541,
All CA Counties,2021-01-05,56155,639716,29594,466279,26561,173437,0,0,50673,628793,5427,5505,50757,634298,
All CA Counties,2021-01-06,72896,712612,40349,506628,32547,205984,0,0,57579,671271,15129,20634,57607,691905,
All CA Counties,2021-01-07,91591,804203,52132,558760,39459,245443,0,0,61159,702198,30272,50906,61199,753104,
All CA Counties,2021-01-08,106126,910329,64085,622845,42041,287484,0,0,64997,726252,40997,91903,65051,818155,
All CA Counties,2021-01-09,43538,953867,25019,647864,18519,306003,0,0,27459,737673,16060,107963,27481,845636,
All CA Counties,2021-01-10,24175,978042,14796,662660,9379,315382,0,0,12970,739470,11189,119152,12986,858622,
All CA Counties,2021-01-11,103963,1082005,69223,731883,34740,350122,0,0,60299,756241,43624,162776,60395,919017,
All CA Counties,2021-01-12,112458,1194463,66411,798294,46047,396169,0,0,71505,787088,40875,203651,71722,990739,
All CA Counties,2021-01-13,118348,1312811,61296,859590,57052,453221,0,0,84770,838441,33489,237140,84842,1075581,
All CA Counties,2021-01-14,122855,1435666,49265,908855,73590,526811,0,0,103364,922559,19378,256518,103496,1179077,
All CA Counties,2021-01-15,141446,1577112,52009,960864,89437,616248,0,0,126466,1034312,14878,271396,126631,1305708,
All CA Counties,2021-01-16,80404,1657516,27368,988232,53036,669284,0,0,72902,1099782,7478,278874,72948,1378656,
All CA Counties,2021-01-17,48003,1705519,16735,1004967,31268,700552,0,0,44389,1140605,3609,282483,44432,1423088,
All CA Counties,2021-01-18,87589,1793108,45549,1050516,42040,742592,0,0,68480,1190202,19032,301515,68629,1491717,
All CA Counties,2021-01-19,140754,1933862,73275,1123791,67479,810071,0,0,109711,1269266,30950,332465,110014,1601731,
All CA Counties,2021-01-20,157827,2091689,80029,1203820,77798,887869,0,0,124747,1361342,32905,365370,124981,1726712,
All CA Counties,2021-01-21,171804,2263493,76043,1279863,95761,983630,0,0,152994,1496032,18612,383982,153302,1880014,
All CA Counties,2021-01-22,168335,2431828,68649,1348512,99686,1083316,0,0,154198,1636371,14011,397993,154350,2034364,
All CA Counties,2021-01-23,110841,2542669,49288,1397800,61553,1144869,0,0,98357,1722409,12428,410421,98466,2132830,
All CA Counties,2021-01-24,60711,2603380,29385,1427185,31326,1176195,0,0,56106,1773988,4578,414999,56157,2188987,
All CA Counties,2021-01-25,143524,2746904,64738,1491923,78786,1254981,0,0,108957,1848808,34468,449467,109288,2298275,
All CA Counties,2021-01-26,167145,2914049,82104,1574027,85041,1340022,0,0,130163,1942391,36839,486306,130422,2428697,
All CA Counties,2021-01-27,178423,3092472,87383,1661410,91040,1431062,0,0,139691,2043932,38350,524656,139891,2568588,
All CA Counties,2021-01-28,186090,3278562,85623,1747033,100467,1531529,0,0,152401,2163119,33395,558051,152582,2721170,
All CA Counties,2021-01-29,182068,3460630,87650,1834683,94418,1625947,0,0,147856,2277470,33648,591699,147999,2869169,
All CA Counties,2021-01-30,122725,3583355,54991,1889674,67734,1693681,0,0,107843,2370723,14722,606421,107975,2977144,
All CA Counties,2021-01-31,69058,3652413,38802,1928476,30256,1723937,0,0,64060,2429871,4954,611375,64102,3041246,
All CA Counties,2021-02-01,157715,3810128,72666,2001142,85049,1808986,0,0,119769,2511949,37814,649189,119892,3161138,
All CA Counties,2021-02-02,184522,3994650,79272,2080414,105250,1914236,0,0,138999,2605983,45181,694370,139215,3300353,
All CA Counties,2021-02-03,209568,4204218,94745,2175159,114823,2029059,0,0,156100,2709298,53005,747375,156320,3456673,
All CA Counties,2021-02-04,226774,4430992,99691,2274850,127083,2156142,0,0,166584,2816552,59665,807040,166919,3623592,
All CA Counties,2021-02-05,244724,4675716,105973,2380823,138751,2294893,0,0,166715,2906542,77258,884298,167248,3790840,
All CA Counties,2021-02-06,154327,4830043,74545,2455368,79782,2374675,0,0,119820,2992502,34344,918642,120304,3911144,
All CA Counties,2021-02-07,66458,4896501,42946,2498314,23512,2398187,0,0,50142,3026854,16231,934873,50583,3961727,
All CA Counties,2021-02-08,179511,5076012,88104,2586418,91407,2489594,0,0,118742,3085985,60339,995212,119470,4081197,
All CA Counties,2021-02-09,209475,5285487,101375,2687793,108100,2597694,0,0,125754,3129545,83313,1078525,126873,4208070,
All CA Counties,2021-02-10,246944,5532431,119324,2807117,127620,2725314,0,0,137834,3160492,108320,1186845,139267,4347337,
All CA Counties,2021-02-11,261219,5793650,129174,2936291,132045,2857359,0,0,143501,3189004,116742,1303587,145254,4492591,
All CA Counties,2021-02-12,270311,6063961,118552,3054843,151759,3009118,0,0,146544,3214799,123063,1426650,148858,4641449,
All CA Counties,2021-02-13,166161,6230122,76996,3131839,89165,3098283,0,0,91868,3234710,73892,1500542,93803,4735252,
All CA Counties,2021-02-14,95018,6325140,47363,3179202,47655,3145938,0,0,51531,3244573,43349,1543891,53212,4788464,
All CA Counties,2021-02-15,141151,6466291,62105,3241307,79046,3224984,0,0,78331,3263612,62492,1606383,81531,4869995,
All CA Counties,2021-02-16,246324,6712615,117328,3358635,128996,3353980,0,0,132184,3285463,113816,1720199,135667,5005662,
All CA Counties,2021-02-17,256071,6968686,127787,3486422,128284,3482264,0,0,128175,3289892,127431,1847630,131860,5137522,
All CA Counties,2021-02-18,269056,7237742,140421,3626843,128635,3610899,0,0,130843,3287835,137623,1985253,135566,5273088,
All CA Counties,2021-02-19,249530,7487272,144877,3771720,104653,3715552,0,0,129778,3300448,119339,2104592,131952,5405040,
All CA Counties,2021-02-20,150474,7637746,96629,3868349,53845,3769397,0,0,83260,3319008,67006,2171598,85566,5490606,
All CA Counties,2021-02-21,71591,7709337,57752,3926101,13839,3783236,0,0,35338,3320639,36071,2207669,37702,5528308,
All CA Counties,2021-02-22,162317,7871654,109231,4035332,53086,3836322,0,0,81789,3324721,80251,2287920,84333,5612641,
All CA Counties,2021-02-23,220629,8092283,116501,4151833,104128,3940450,0,0,102725,3317063,117410,2405330,109752,5722393,
All CA Counties,2021-02-24,280034,8372317,141457,4293290,138577,4079027,0,0,134212,3314696,145275,2550605,142908,5865301,
All CA Counties,2021-02-25,314396,8686713,154414,4447704,159982,4239009,0,0,164861,3340160,148918,2699523,174382,6039683,
All CA Counties,2021-02-26,348388,9035101,162772,4610476,185616,4424625,0,0,195325,3390523,152277,2851800,202640,6242323,
All CA Counties,2021-02-27,245630,9280731,117229,4727705,128385,4553010,16,16,139268,3428551,105847,2957647,143875,6386198,
All CA Counties,2021-02-28,129057,9409788,77023,4804728,52032,4605042,2,18,75707,3455066,53047,3010694,79562,6465760,
All CA Counties,2021-03-01,234718,9644506,124372,4929100,110322,4715364,24,42,135619,3497071,98562,3109256,140567,6606327,
All CA Counties,2021-03-02,265692,9910198,129752,5058852,135930,4851294,10,52,160640,3560973,104652,3213908,168554,6774881,
All CA Counties,2021-03-03,323244,10233442,159338,5218190,163875,5015169,31,83,185194,3616989,137464,3351372,193480,6968361,
All CA Counties,2021-03-04,335249,10568691,168082,5386272,167086,5182255,81,164,197893,3685795,136773,3488145,205579,7173940,
All CA Counties,2021-03-05,325361,10894052,158453,5544725,165816,5348071,1092,1256,202255,3774850,122406,3610551,211461,7385401,
All CA Counties,2021-03-06,248355,11142407,127630,5672355,112959,5461030,7766,9022,154509,3849141,93527,3704078,167818,7553219,
All CA Counties,2021-03-07,123616,11266023,75217,5747572,44398,5505428,4001,13023,76908,3888999,46567,3750645,86425,7639644,
All CA Counties,2021-03-08,210758,11476781,101734,5849306,98760,5604188,10264,23287,137701,3969192,72768,3823413,152961,7792605,
All CA Counties,2021-03-09,260064,11736845,112396,5961702,131993,5736181,15675,38962,141003,4013445,118670,3942083,162923,7955528,
All CA Counties,2021-03-10,308234,12045079,150868,6112570,134111,5870292,23255,62217,167287,4069590,140448,4082531,196593,8152121,
All CA Counties,2021-03-11,365235,12410314,176511,6289081,157155,6027447,31569,93786,189135,4120912,175319,4257850,226641,8378762,
All CA Counties,2021-03-12,385565,12795879,171504,6460585,168476,6195923,45585,139371,188473,4162619,196432,4454282,238139,8616901,
All CA Counties,2021-03-13,276076,13071955,120795,6581380,124696,6320619,30585,169956,149335,4220487,126383,4580665,184251,8801152,
All CA Counties,2021-03-14,151192,13223147,81082,6662462,55363,6375982,14747,184703,81413,4249520,69552,4650217,98585,8899737,
All CA Counties,2021-03-15,286525,13509672,136454,6798916,129796,6505778,20275,204978,156352,4301868,129584,4779801,181932,9081669,
All CA Counties,2021-03-16,364912,13874584,171325,6970241,176571,6682349,17016,221994,213605,4387446,150653,4930454,236231,9317900,
All CA Counties,2021-03-17,377102,14251686,187336,7157577,171862,6854211,17904,239898,234278,4500855,142140,5072594,255549,9573449,
All CA Counties,2021-03-18,388784,14640470,199192,7356769,171977,7026188,17615,257513,232242,4600784,155670,5228264,255599,9829048,
All CA Counties,2021-03-19,400193,15040663,209736,7566505,169278,7195466,21179,278692,234781,4694930,164599,5392863,258745,10087793,
All CA Counties,2021-03-20,287794,15328457,150997,7717502,121433,7316899,15364,294056,184947,4795204,102288,5495151,202562,10290355,
All CA Counties,2021-03-21,140787,15469244,97001,7814503,36411,7353310,7375,301431,89082,4844371,51465,5546616,100632,10390987,
All CA Counties,2021-03-22,266881,15736125,156015,7970518,100071,7453381,10795,312226,176919,4947621,89400,5636016,192650,10583637,
All CA Counties,2021-03-23,349555,16085680,191937,8162455,147009,7600390,10609,322835,226677,5067959,122134,5758150,242472,10826109,
All CA Counties,2021-03-24,379037,16464717,217767,8380222,149277,7749667,11993,334828,224136,5155290,153950,5912100,241281,11067390,
All CA Counties,2021-03-25,404812,16869529,222642,8602864,168200,7917867,13970,348798,234150,5237989,169597,6081697,252296,11319686,
All CA Counties,2021-03-26,422082,17291611,224782,8827646,181631,8099498,15669,364467,233985,5305560,187099,6268796,254670,11574356,
All CA Counties,2021-03-27,304289,17595900,161528,8989174,131554,8231052,11207,375674,156672,5328767,146955,6415751,170162,11744518,
All CA Counties,2021-03-28,165364,17761264,105747,9094921,55978,8287030,3639,379313,90723,5350708,74335,6490086,96276,11840794,
All CA Counties,2021-03-29,301247,18062511,162939,9257860,129976,8417006,8332,387645,173010,5409290,127663,6617749,186245,12027039,
All CA Counties,2021-03-30,388925,18451436,196668,9454528,175608,8592614,16649,404294,239598,5520088,148741,6766490,259539,12286578,
All CA Counties,2021-03-31,416719,18868155,226796,9681324,169018,8761632,20905,425199,241825,5609834,174138,6940628,263884,12550462,
All CA Counties,2021-04-01,475371,19343526,243025,9924349,194077,8955709,38269,463468,267026,5710409,207530,7148158,308105,12858567,
All CA Counties,2021-04-02,457388,19800914,223135,10147484,193169,9148878,41084,504552,251824,5800626,204568,7352726,294785,13153352,
All CA Counties,2021-04-03,319163,20120077,162001,10309485,117734,9266612,39428,543980,162539,5848113,156125,7508851,203612,13356964,
All CA Counties,2021-04-04,128287,20248364,66671,10376156,43859,9310471,17757,561737,57027,5852084,71075,7579926,75046,13432010,
All CA Counties,2021-04-05,342634,20590998,177861,10554017,126459,9436930,38314,600051,173013,5897129,169160,7749086,214205,13646215,
All CA Counties,2021-04-06,447492,21038490,227982,10781999,155501,9592431,64009,664060,220576,5958704,226168,7975254,287743,13933958,
All CA Counties,2021-04-07,461956,21500446,241220,11023219,153099,9745530,67637,731697,228354,6024597,232815,8208069,298708,14232666,
All CA Counties,2021-04-08,478833,21979279,242946,11266165,155351,9900881,80536,812233,228445,6087079,249489,8457558,311971,14544637,
All CA Counties,2021-04-09,452496,22431775,221973,11488138,158251,10059132,72272,884505,211528,6134780,240114,8697672,287815,14832452,
All CA Counties,2021-04-10,348644,22780419,158168,11646306,119294,10178426,71182,955687,146512,6154582,201567,8899239,221369,15053821,
All CA Counties,2021-04-11,180514,22960933,100731,11747037,46732,10225158,33051,988738,75241,6160744,105004,9004243,111166,15164987,
All CA Counties,2021-04-12,315128,23276061,159524,11906561,120709,10345867,34895,1023633,148008,6180107,166349,9170592,185712,15350699,
All CA Counties,2021-04-13,363741,23639802,191475,12098036,171462,10517329,804,1024437,199762,6221815,163235,9333827,204943,15555642,
All CA Counties,2021-04-14,341351,23981153,175066,12273102,166074,10683403,211,1024648,172525,6233412,168081,9501908,179678,15735320,
All CA Counties,2021-04-15,244959,24226112,138779,12411881,106021,10789424,159,1024807,139628,6270976,104867,9606775,142431,15877751,
All CA and Non-CA Counties,2020-12-15,1135,1135,1135,1135,0,0,0,0,1135,1135,0,0,1135,1135,
All CA and Non-CA Counties,2020-12-16,8374,9509,8374,9509,0,0,0,0,8374,9509,0,0,8374,9509,
All CA and Non-CA Counties,2020-12-17,27292,36801,27292,36801,0,0,0,0,27292,36801,0,0,27292,36801,
All CA and Non-CA Counties,2020-12-18,46282,83083,46198,82999,84,84,0,0,46282,83083,0,0,46282,83083,
All CA and Non-CA Counties,2020-12-19,26302,109385,26279,109278,23,107,0,0,26301,109383,1,1,26301,109384,
All CA and Non-CA Counties,2020-12-20,19607,128992,19577,128855,30,137,0,0,19606,128988,1,2,19606,128990,
All CA and Non-CA Counties,2020-12-21,51740,180732,51655,180510,85,222,0,0,51738,180725,1,3,51738,180728,
All CA and Non-CA Counties,2020-12-22,51869,232601,49691,230201,2178,2400,0,0,51867,232591,1,4,51867,232595,
All CA and Non-CA Counties,2020-12-23,51691,284292,42885,273086,8806,11206,0,0,51687,284278,0,4,51687,284282,
All CA and Non-CA Counties,2020-12-24,24797,309089,16919,290005,7878,19084,0,0,24794,309071,1,5,24794,309076,
All CA and Non-CA Counties,2020-12-25,2359,311448,2036,292041,323,19407,0,0,2358,311428,1,6,2358,311434,
All CA and Non-CA Counties,2020-12-26,14902,326350,9629,301670,5273,24680,0,0,14900,326327,1,7,14900,326334,
All CA and Non-CA Counties,2020-12-27,9566,335916,5633,307303,3933,28613,0,0,9565,335891,1,8,9565,335899,
All CA and Non-CA Counties,2020-12-28,47017,382933,30140,337443,16877,45490,0,0,47014,382902,3,11,47014,382913,
All CA and Non-CA Counties,2020-12-29,52499,435432,29500,366943,22999,68489,0,0,52495,435394,3,14,52495,435408,
All CA and Non-CA Counties,2020-12-30,64801,500233,36891,403834,27910,96399,0,0,64794,500185,3,17,64794,500202,
All CA and Non-CA Counties,2020-12-31,30257,530490,11328,415162,18929,115328,0,0,30248,530428,5,22,30248,530450,
All CA and Non-CA Counties,2021-01-01,3867,534357,1671,416833,2196,117524,0,0,3863,534289,2,24,3863,534313,
All CA and Non-CA Counties,2021-01-02,18616,552973,10332,427165,8284,125808,0,0,18614,552902,1,25,18614,552927,
All CA and Non-CA Counties,2021-01-03,6270,559243,3548,430713,2722,128530,0,0,6241,559131,12,37,6241,559168,
All CA and Non-CA Counties,2021-01-04,44374,603617,22390,453103,21984,150514,0,0,44291,603379,43,80,44291,603459,
All CA and Non-CA Counties,2021-01-05,57593,661210,30341,483444,27252,177766,0,0,51975,649877,5561,5641,52059,655518,
All CA and Non-CA Counties,2021-01-06,75495,736705,41893,525337,33602,211368,0,0,59490,693572,15823,21464,59518,715036,
All CA and Non-CA Counties,2021-01-07,95773,832478,54736,580073,41037,252405,0,0,63678,725359,31933,53397,63720,778756,
All CA and Non-CA Counties,2021-01-08,110411,942889,66801,646874,43610,296015,0,0,67527,750200,42743,96140,67584,846340,
All CA and Non-CA Counties,2021-01-09,44866,987755,25552,672426,19314,315329,0,0,28459,762296,16387,112527,28483,874823,
All CA and Non-CA Counties,2021-01-10,24476,1012231,14974,687400,9502,324831,0,0,13152,764156,11308,123835,13168,887991,
All CA and Non-CA Counties,2021-01-11,107193,1119424,71190,758590,36003,360834,0,0,62214,781527,44939,168774,62310,950301,
All CA and Non-CA Counties,2021-01-12,116194,1235618,68654,827244,47540,408374,0,0,73763,813162,42347,211121,73982,1024283,
All CA and Non-CA Counties,2021-01-13,121844,1357462,63018,890262,58826,467200,0,0,87177,865828,34584,245705,87250,1111533,
All CA and Non-CA Counties,2021-01-14,126474,1483936,50505,940767,75969,543169,0,0,106369,952339,19990,265695,106501,1218034,
All CA and Non-CA Counties,2021-01-15,145436,1629372,52929,993696,92507,635676,0,0,130024,1067222,15306,281001,130189,1348223,
All CA and Non-CA Counties,2021-01-16,82934,1712306,27729,1021425,55205,690881,0,0,75257,1134875,7650,288651,75303,1423526,
All CA and Non-CA Counties,2021-01-17,48452,1760758,16883,1038308,31569,722450,0,0,44788,1176048,3658,292309,44831,1468357,
All CA and Non-CA Counties,2021-01-18,88727,1849485,46335,1084643,42392,764842,0,0,69162,1225873,19487,311796,69312,1537669,
All CA and Non-CA Counties,2021-01-19,144729,1994214,74584,1159227,70145,834987,0,0,112844,1307230,31792,343588,113149,1650818,
All CA and Non-CA Counties,2021-01-20,162185,2156399,81441,1240668,80744,915731,0,0,128175,1401808,33832,377420,128410,1779228,
All CA and Non-CA Counties,2021-01-21,175782,2332181,77081,1317749,98701,1014432,0,0,156460,1539466,19110,396530,156768,1935996,
All CA and Non-CA Counties,2021-01-22,172736,2504917,69675,1387424,103061,1117493,0,0,158207,1683429,14397,410927,158360,2094356,
All CA and Non-CA Counties,2021-01-23,113052,2617969,49623,1437047,63429,1180922,0,0,100402,1771347,12593,423520,100511,2194867,
All CA and Non-CA Counties,2021-01-24,61317,2679286,29632,1466679,31685,1212607,0,0,56635,1823377,4656,428176,56686,2251553,
All CA and Non-CA Counties,2021-01-25,147838,2827124,66647,1533326,81191,1293798,0,0,112432,1900820,35321,463497,112764,2364317,
All CA and Non-CA Counties,2021-01-26,173061,3000185,85035,1618361,88026,1381824,0,0,135292,1998731,37648,501145,135559,2499876,
All CA and Non-CA Counties,2021-01-27,183015,3183200,89988,1708349,93027,1474851,0,0,143741,2103761,38913,540058,143943,2643819,
All CA and Non-CA Counties,2021-01-28,191091,3374291,88434,1796783,102657,1577508,0,0,156924,2226973,33893,573951,157105,2800924,
All CA and Non-CA Counties,2021-01-29,186732,3561023,90641,1887424,96091,1673599,0,0,151815,2344567,34365,608316,151959,2952883,
All CA and Non-CA Counties,2021-01-30,126805,3687828,57304,1944728,69501,1743100,0,0,111705,2441459,14945,623261,111837,3064720,
All CA and Non-CA Counties,2021-01-31,72239,3760067,41586,1986314,30653,1773753,0,0,67188,2503683,5007,628268,67231,3131951,
All CA and Non-CA Counties,2021-02-01,163067,3923134,75160,2061474,87907,1861660,0,0,124470,2589808,38468,666736,124593,3256544,
All CA and Non-CA Counties,2021-02-02,191223,4114357,81423,2142897,109800,1971460,0,0,145002,2689155,45871,712607,145218,3401762,
All CA and Non-CA Counties,2021-02-03,216706,4331063,96767,2239664,119939,2091399,0,0,162421,2797985,53812,766419,162642,3564404,
All CA and Non-CA Counties,2021-02-04,233396,4564459,101802,2341466,131594,2222993,0,0,172259,2909979,60600,827019,172594,3736998,
All CA and Non-CA Counties,2021-02-05,251219,4815678,108048,2449514,143171,2366164,0,0,172228,3004493,78247,905266,172761,3909759,
All CA and Non-CA Counties,2021-02-06,158595,4974273,76706,2526220,81889,2448053,0,0,123657,3093868,34769,940035,124144,4033903,
All CA and Non-CA Counties,2021-02-07,68634,5042907,44740,2570960,23894,2471947,0,0,52239,3130240,16310,956345,52682,4086585,
All CA and Non-CA Counties,2021-02-08,184684,5227591,91383,2662343,93301,2565248,0,0,122853,3192436,61385,1017730,123581,4210166,
All CA and Non-CA Counties,2021-02-09,213592,5441183,103243,2765586,110349,2675597,0,0,128585,3237570,84584,1102314,129718,4339884,
All CA and Non-CA Counties,2021-02-10,252231,5693414,121125,2886711,131106,2806703,0,0,140769,3269150,110664,1212978,142244,4482128,
All CA and Non-CA Counties,2021-02-11,265513,5958927,131119,3017830,134394,2941097,0,0,146639,3299669,117890,1330868,148409,4630537,
All CA and Non-CA Counties,2021-02-12,274955,6233882,120201,3138031,154754,3095851,0,0,149570,3326879,124678,1455546,151888,4782425,
All CA and Non-CA Counties,2021-02-13,168354,6402236,77597,3215628,90757,3186608,0,0,93628,3348127,74326,1529872,95574,4877999,
All CA and Non-CA Counties,2021-02-14,96331,6498567,47762,3263390,48569,3235177,0,0,52613,3358848,43575,1573447,54296,4932295,
All CA and Non-CA Counties,2021-02-15,143619,6642186,63619,3327009,80000,3315177,0,0,79490,3377759,63783,1637230,82694,5014989,
All CA and Non-CA Counties,2021-02-16,252604,6894790,120206,3447215,132398,3447575,0,0,134703,3398380,117569,1754799,138190,5153179,
All CA and Non-CA Counties,2021-02-17,261698,7156488,130564,3577779,131134,3578709,0,0,129838,3400520,131387,1886186,133527,5286706,
All CA and Non-CA Counties,2021-02-18,275100,7431588,143980,3721759,131120,3709829,0,0,132650,3396045,141849,2028035,137374,5424080,
All CA and Non-CA Counties,2021-02-19,254688,7686276,148490,3870249,106198,3816027,0,0,131698,3407346,122572,2150607,133873,5557953,
All CA and Non-CA Counties,2021-02-20,153565,7839841,99221,3969470,54344,3870371,0,0,84336,3424973,69016,2219623,86643,5644596,
All CA and Non-CA Counties,2021-02-21,73390,7913231,59343,4028813,14047,3884418,0,0,35950,3426034,37253,2256876,38314,5682910,
All CA and Non-CA Counties,2021-02-22,164997,8078228,111095,4139908,53902,3938320,0,0,82715,3429293,82005,2338881,85264,5768174,
All CA and Non-CA Counties,2021-02-23,225637,8303865,118998,4258906,106639,4044959,0,0,104243,3419681,120895,2459776,111283,5879457,
All CA and Non-CA Counties,2021-02-24,285207,8589072,143995,4402901,141212,4186171,0,0,135681,3415088,148975,2608751,144382,6023839,
All CA and Non-CA Counties,2021-02-25,320099,8909171,156892,4559793,163207,4349378,0,0,166896,3438942,152567,2761318,176421,6200260,
All CA and Non-CA Counties,2021-02-26,354246,9263417,165686,4725479,188560,4537938,0,0,197711,3488302,155667,2916985,205027,6405287,
All CA and Non-CA Counties,2021-02-27,250094,9513511,119449,4844928,130628,4668566,17,17,140472,3524287,109097,3026082,145082,6550369,
All CA and Non-CA Counties,2021-02-28,131441,9644952,78792,4923720,52647,4721213,2,19,76468,3549945,54666,3080748,80324,6630693,
All CA and Non-CA Counties,2021-03-01,239145,9884097,127278,5050998,111843,4833056,24,43,136720,3589736,101881,3182629,141672,6772365,
All CA and Non-CA Counties,2021-03-02,271475,10155572,131570,5182568,139895,4972951,10,53,162238,3651049,108840,3291469,170153,6942518,
All CA and Non-CA Counties,2021-03-03,330045,10485617,161532,5344100,168481,5141432,32,85,186995,3703864,142472,3433941,195287,7137805,
All CA and Non-CA Counties,2021-03-04,341196,10826813,170361,5514461,170753,5312185,82,167,199687,3770352,140889,3574830,207377,7345182,
All CA and Non-CA Counties,2021-03-05,329546,11156359,160235,5674696,168206,5480391,1105,1272,204312,3859342,124549,3699379,213539,7558721,
All CA and Non-CA Counties,2021-03-06,252259,11408618,129277,5803973,115058,5595449,7924,9196,156370,3933627,95560,3794939,169845,7728566,
All CA and Non-CA Counties,2021-03-07,125070,11533688,76187,5880160,44828,5640277,4055,13251,77742,3973756,47185,3842124,87314,7815880,
All CA and Non-CA Counties,2021-03-08,213361,11747049,103253,5983413,99595,5739872,10513,23764,139514,4055257,73527,3915651,155028,7970908,
All CA and Non-CA Counties,2021-03-09,263877,12010926,114230,6097643,133659,5873531,15988,39752,143122,4100253,120360,4036011,165356,8136264,
All CA and Non-CA Counties,2021-03-10,311643,12322569,152249,6249892,135650,6009181,23744,63496,169168,4157263,141960,4177971,198970,8335234,
All CA and Non-CA Counties,2021-03-11,370587,12693156,179146,6429038,159188,6168369,32253,95749,191867,4209390,177931,4355902,230058,8565292,
All CA and Non-CA Counties,2021-03-12,390768,13083924,174394,6603432,170080,6338449,46294,142043,191253,4252172,198847,4554749,241629,8806921,
All CA and Non-CA Counties,2021-03-13,279368,13363292,122658,6726090,125658,6464107,31052,173095,151505,4311564,127498,4682247,186890,8993811,
All CA and Non-CA Counties,2021-03-14,152943,13516235,81971,6808061,55897,6520004,15075,188170,82450,4341249,70266,4752513,99951,9093762,
All CA and Non-CA Counties,2021-03-15,289572,13805807,137805,6945866,131105,6651109,20662,208832,158110,4394458,130873,4883386,184082,9277844,
All CA and Non-CA Counties,2021-03-16,370873,14176680,174326,7120192,179186,6830295,17361,226193,217018,4481207,153239,5036625,239988,9517832,
All CA and Non-CA Counties,2021-03-17,383331,14560011,190747,7310939,174336,7004631,18248,244441,238083,4596290,144616,5181241,259699,9777531,
All CA and Non-CA Counties,2021-03-18,395308,14955319,202794,7513733,174389,7179020,18125,262566,236249,4698252,158154,5339395,260116,10037647,
All CA and Non-CA Counties,2021-03-19,405823,15361142,212861,7726594,171250,7350270,21712,284278,238263,4794262,166754,5506149,262764,10300411,
All CA and Non-CA Counties,2021-03-20,291458,15652600,153464,7880058,122552,7472822,15442,299720,187907,4896874,102988,5609137,205600,10506011,
All CA and Non-CA Counties,2021-03-21,142472,15795072,98148,7978206,36862,7509684,7462,307182,90380,4947042,51850,5660987,102018,10608029,
All CA and Non-CA Counties,2021-03-22,269542,16064614,157467,8135673,101206,7610890,10869,318051,178668,5051209,90306,5751293,194473,10802502,
All CA and Non-CA Counties,2021-03-23,355033,16419647,194570,8330243,149587,7760477,10876,328927,230509,5174010,123770,5875063,246571,11049073,
All CA and Non-CA Counties,2021-03-24,385320,16804967,220713,8550956,152201,7912678,12406,341333,228917,5265036,155446,6030509,246472,11295545,
All CA and Non-CA Counties,2021-03-25,412008,17216975,225636,8776592,171923,8084601,14449,355782,239720,5352168,171214,6201723,258346,11553891,
All CA and Non-CA Counties,2021-03-26,428057,17645032,227873,9004465,184343,8268944,15841,371623,238218,5422412,188830,6390553,259074,11812965,
All CA and Non-CA Counties,2021-03-27,308488,17953520,163990,9168455,133251,8402195,11247,382870,159625,5447371,148193,6538746,173152,11986117,
All CA and Non-CA Counties,2021-03-28,167884,18121404,107000,9275455,57172,8459367,3712,386582,92383,5470191,75189,6613935,98009,12084126,
All CA and Non-CA Counties,2021-03-29,305641,18427045,164840,9440295,132214,8591581,8587,395169,175730,5530077,129335,6743270,189221,12273347,
All CA and Non-CA Counties,2021-03-30,394916,18821961,199680,9639975,178054,8769635,17182,412351,243331,5642903,150988,6894258,263814,12537161,
All CA and Non-CA Counties,2021-03-31,422017,19243978,229774,9869749,170603,8940238,21640,433991,244977,5734392,176281,7070539,267770,12804931,
All CA and Non-CA Counties,2021-04-01,481481,19725459,246439,10116188,196156,9136394,38886,472877,270660,5836746,210001,7280540,312355,13117286,
All CA and Non-CA Counties,2021-04-02,464761,20190220,227063,10343251,195538,9331932,42160,515037,255832,5928688,207929,7488469,299871,13417157,
All CA and Non-CA Counties,2021-04-03,324861,20515081,165344,10508595,118949,9450881,40568,555605,165556,5977656,158801,7647270,207769,13624926,
All CA and Non-CA Counties,2021-04-04,129897,20644978,67485,10576080,44426,9495307,17986,573591,57915,5982023,71796,7719066,76163,13701089,
All CA and Non-CA Counties,2021-04-05,346090,20991068,179589,10755669,127686,9622993,38815,612406,174689,6027469,170937,7890003,216383,13917472,
All CA and Non-CA Counties,2021-04-06,452974,21444042,230738,10986407,156941,9779934,65295,677701,222734,6089175,229479,8119482,291185,14208657,
All CA and Non-CA Counties,2021-04-07,468362,21912404,244556,11230963,154615,9934549,69191,746892,230874,6155254,236693,8356175,302772,14511429,
All CA and Non-CA Counties,2021-04-08,485421,22397825,246253,11477216,156885,10091434,82283,829175,231044,6218093,253471,8609646,316310,14827739,
All CA and Non-CA Counties,2021-04-09,458072,22855897,224773,11701989,159417,10250851,73882,903057,213607,6265992,243608,8853254,291507,15119246,
All CA and Non-CA Counties,2021-04-10,353926,23209823,160872,11862861,120085,10370936,72969,976026,147971,6285220,205386,9058640,224614,15343860,
All CA and Non-CA Counties,2021-04-11,182894,23392717,102036,11964897,47184,10418120,33674,1009700,76061,6291267,106563,9165203,112610,15456470,
All CA and Non-CA Counties,2021-04-12,318018,23710735,161072,12125969,121678,10539798,35268,1044968,149375,6310852,167867,9333070,187452,15643922,
All CA and Non-CA Counties,2021-04-13,367950,24078685,193967,12319936,173152,10712950,831,1045799,201680,6352218,165522,9498592,206888,15850810,
All CA and Non-CA Counties,2021-04-14,345402,24424087,177504,12497440,167685,10880635,213,1046012,174643,6364008,170008,9668600,181798,16032608,
All CA and Non-CA Counties,2021-04-15,248168,24672255,140808,12638248,107196,10987831,164,1046176,141449,6402020,106249,9774849,144261,16176869,
Outside California,2020-12-15,7,7,7,7,0,0,0,0,7,7,0,0,7,7,Not in California
Outside California,2020-12-16,133,140,133,140,0,0,0,0,133,140,0,0,133,140,Not in California
Outside California,2020-12-17,1526,1666,1526,1666,0,0,0,0,1526,1666,0,0,1526,1666,Not in California
Outside California,2020-12-18,2356,4022,2352,4018,4,4,0,0,2355,4021,0,0,2355,4021,Not in California
Outside California,2020-12-19,979,5001,978,4996,1,5,0,0,979,5000,0,0,979,5000,Not in California
Outside California,2020-12-20,639,5640,637,5633,2,7,0,0,639,5639,0,0,639,5639,Not in California
Outside California,2020-12-21,2059,7699,2058,7691,1,8,0,0,2058,7697,0,0,2058,7697,Not in California
Outside California,2020-12-22,1920,9619,1888,9579,32,40,0,0,1920,9617,0,0,1920,9617,Not in California
Outside California,2020-12-23,1420,11039,1303,10882,117,157,0,0,1420,11037,0,0,1420,11037,Not in California
Outside California,2020-12-24,801,11840,609,11491,192,349,0,0,801,11838,0,0,801,11838,Not in California
Outside California,2020-12-25,32,11872,28,11519,4,353,0,0,32,11870,0,0,32,11870,Not in California
Outside California,2020-12-26,307,12179,203,11722,104,457,0,0,307,12177,0,0,307,12177,Not in California
Outside California,2020-12-27,187,12366,72,11794,115,572,0,0,187,12364,0,0,187,12364,Not in California
Outside California,2020-12-28,1387,13753,874,12668,513,1085,0,0,1387,13751,0,0,1387,13751,Not in California
Outside California,2020-12-29,1445,15198,922,13590,523,1608,0,0,1445,15196,0,0,1445,15196,Not in California
Outside California,2020-12-30,1838,17036,1189,14779,649,2257,0,0,1839,17035,0,0,1839,17035,Not in California
Outside California,2020-12-31,1059,18095,579,15358,480,2737,0,0,1059,18093,1,1,1059,18094,Not in California
Outside California,2021-01-01,109,18204,22,15380,87,2824,0,0,109,18202,0,1,109,18203,Not in California
Outside California,2021-01-02,240,18444,132,15512,108,2932,0,0,239,18440,1,2,239,18442,Not in California
Outside California,2021-01-03,172,18616,92,15604,80,3012,0,0,172,18612,0,2,172,18614,Not in California
Outside California,2021-01-04,1121,19737,502,16106,619,3631,0,0,1116,19728,0,2,1116,19730,Not in California
Outside California,2021-01-05,1436,21173,747,16853,689,4320,0,0,1300,20894,134,136,1300,21030,Not in California
Outside California,2021-01-06,2568,23741,1515,18368,1053,5373,0,0,1905,22129,670,806,1905,22935,Not in California
Outside California,2021-01-07,4073,27814,2498,20866,1575,6948,0,0,2448,22956,1623,2429,2450,25385,Not in California
Outside California,2021-01-08,4261,32075,2695,23561,1566,8514,0,0,2526,23760,1725,4154,2529,27914,Not in California
Outside California,2021-01-09,1325,33400,531,24092,794,9308,0,0,996,24431,327,4481,998,28912,Not in California
Outside California,2021-01-10,301,33701,178,24270,123,9431,0,0,182,24494,119,4600,182,29094,Not in California
Outside California,2021-01-11,3208,36909,1945,26215,1263,10694,0,0,1897,25079,1312,5912,1897,30991,Not in California
Outside California,2021-01-12,3727,40636,2236,28451,1491,12185,0,0,2251,25860,1471,7383,2252,33243,Not in California
Outside California,2021-01-13,3485,44121,1711,30162,1774,13959,0,0,2395,27161,1095,8478,2396,35639,Not in California
Outside California,2021-01-14,3615,47736,1237,31399,2378,16337,0,0,3001,29550,612,9090,3001,38640,Not in California
Outside California,2021-01-15,3986,51722,917,32316,3069,19406,0,0,3554,32676,428,9518,3554,42194,Not in California
Outside California,2021-01-16,2523,54245,354,32670,2169,21575,0,0,2349,34854,171,9689,2349,44543,Not in California
Outside California,2021-01-17,446,54691,145,32815,301,21876,0,0,396,35201,49,9738,396,44939,Not in California
Outside California,2021-01-18,1082,55773,730,33545,352,22228,0,0,628,35377,453,10191,629,45568,Not in California
Outside California,2021-01-19,3952,59725,1287,34832,2665,24893,0,0,3112,37650,841,11032,3114,48682,Not in California
Outside California,2021-01-20,4279,64004,1333,36165,2946,27839,0,0,3401,40177,875,11907,3402,52084,Not in California
Outside California,2021-01-21,3918,67922,980,37145,2938,30777,0,0,3404,43083,498,12405,3404,55488,Not in California
Outside California,2021-01-22,4360,72282,991,38136,3369,34146,0,0,3969,46667,386,12791,3970,59458,Not in California
Outside California,2021-01-23,2199,74481,329,38465,1870,36016,0,0,2033,48535,165,12956,2033,61491,Not in California
Outside California,2021-01-24,604,75085,245,38710,359,36375,0,0,526,48983,78,13034,526,62017,Not in California
Outside California,2021-01-25,4294,79379,1891,40601,2403,38778,0,0,3458,51592,850,13884,3459,65476,Not in California
Outside California,2021-01-26,5821,85200,2836,43437,2985,41763,0,0,5031,55822,809,14693,5039,70515,Not in California
Outside California,2021-01-27,4575,89775,2588,46025,1987,43750,0,0,4034,59296,562,15255,4036,74551,Not in California
Outside California,2021-01-28,4848,94623,2661,48686,2187,45937,0,0,4425,63282,439,15694,4425,78976,Not in California
Outside California,2021-01-29,4516,99139,2844,51530,1672,47609,0,0,3806,66373,716,16410,3807,82783,Not in California
Outside California,2021-01-30,4070,103209,2305,53835,1765,49374,0,0,3849,70000,222,16632,3849,86632,Not in California
Outside California,2021-01-31,3165,106374,2768,56603,397,49771,0,0,3112,73061,52,16684,3113,89745,Not in California
Outside California,2021-02-01,5316,111690,2460,59063,2856,52627,0,0,4680,77104,637,17321,4680,94425,Not in California
Outside California,2021-02-02,6632,118322,2084,61147,4548,57175,0,0,5940,82359,685,18006,5940,100365,Not in California
Outside California,2021-02-03,7088,125410,1975,63122,5113,62288,0,0,6283,87847,796,18802,6284,106649,Not in California
Outside California,2021-02-04,6561,131971,2055,65177,4506,66794,0,0,5619,92536,930,19732,5619,112268,Not in California
Outside California,2021-02-05,6476,138447,2063,67240,4413,71207,0,0,5498,97052,982,20714,5498,117766,Not in California
Outside California,2021-02-06,4249,142696,2147,69387,2102,73309,0,0,3822,100459,418,21132,3825,121591,Not in California
Outside California,2021-02-07,2168,144864,1786,71173,382,73691,0,0,2091,102475,77,21209,2093,123684,Not in California
Outside California,2021-02-08,5119,149983,3228,74401,1891,75582,0,0,4098,105568,1005,22214,4098,127782,Not in California
Outside California,2021-02-09,4097,154080,1849,76250,2248,77830,0,0,2826,107152,1256,23470,2840,130622,Not in California
Outside California,2021-02-10,5251,159331,1770,78020,3481,81311,0,0,2925,107801,2318,25788,2967,133589,Not in California
Outside California,2021-02-11,4201,163532,1853,79873,2348,83659,0,0,3095,109816,1097,26885,3112,136701,Not in California
Outside California,2021-02-12,4596,168128,1611,81484,2985,86644,0,0,3007,111245,1582,28467,3011,139712,Not in California
Outside California,2021-02-13,2178,170306,598,82082,1580,88224,0,0,1743,112566,433,28900,1754,141466,Not in California
Outside California,2021-02-14,1306,171612,398,82480,908,89132,0,0,1077,113420,225,29125,1079,142545,Not in California
Outside California,2021-02-15,2425,174037,1477,83957,948,90080,0,0,1130,113275,1279,30404,1134,143679,Not in California
Outside California,2021-02-16,6175,180212,2782,86739,3393,93473,0,0,2488,112088,3679,34083,2492,146171,Not in California
Outside California,2021-02-17,5617,185829,2769,89508,2848,96321,0,0,1659,109800,3951,38034,1663,147834,Not in California
Outside California,2021-02-18,5938,191767,3458,92966,2480,98801,0,0,1787,107448,4140,42174,1788,149622,Not in California
Outside California,2021-02-19,4960,196727,3421,96387,1539,100340,0,0,1861,106215,3095,45269,1862,151484,Not in California
Outside California,2021-02-20,3079,199806,2587,98974,492,100832,0,0,1071,105282,2005,47274,1072,152556,Not in California
Outside California,2021-02-21,1781,201587,1573,100547,208,101040,0,0,608,104722,1168,48442,608,153164,Not in California
Outside California,2021-02-22,2671,204258,1855,102402,816,101856,0,0,920,103896,1751,50193,925,154089,Not in California
Outside California,2021-02-23,4946,209204,2447,104849,2499,104355,0,0,1503,101974,3438,53631,1516,155605,Not in California
Outside California,2021-02-24,5129,214333,2502,107351,2627,106982,0,0,1454,99763,3670,57301,1459,157064,Not in California
Outside California,2021-02-25,5628,219961,2419,109770,3209,110191,0,0,2009,98176,3600,60901,2013,159077,Not in California
Outside California,2021-02-26,5819,225780,2891,112661,2928,113119,0,0,2362,97163,3376,64277,2363,161440,Not in California
Outside California,2021-02-27,4436,230216,2207,114868,2228,115347,1,1,1184,95108,3242,67519,1187,162627,Not in California
Outside California,2021-02-28,2367,232583,1756,116624,611,115958,0,1,751,94246,1614,69133,752,163379,Not in California
Outside California,2021-03-01,4385,236968,2881,119505,1504,117462,0,1,1078,92028,3300,72433,1082,164461,Not in California
Outside California,2021-03-02,5765,242733,1812,121317,3953,121415,0,1,1588,89435,4182,76615,1589,166050,Not in California
Outside California,2021-03-03,6784,249517,2184,123501,4599,126014,1,2,1788,86225,5004,81619,1794,167844,Not in California
Outside California,2021-03-04,5892,255409,2228,125729,3663,129677,1,3,1771,83915,4085,85704,1775,169619,Not in California
Outside California,2021-03-05,4155,259564,1769,127498,2373,132050,13,16,2023,83822,2137,87841,2044,171663,Not in California
Outside California,2021-03-06,3873,263437,1637,129135,2080,134130,156,172,1839,83801,2024,89865,2003,173666,Not in California
Outside California,2021-03-07,1445,264882,969,130104,422,134552,54,226,829,84070,615,90480,884,174550,Not in California
Outside California,2021-03-08,2570,267452,1496,131600,827,135379,247,473,1805,85394,733,91213,2057,176607,Not in California
Outside California,2021-03-09,3774,271226,1802,133402,1663,137042,309,782,2109,86153,1660,92873,2419,179026,Not in California
Outside California,2021-03-10,3400,274626,1375,134777,1538,138580,487,1269,1876,87016,1507,94380,2370,181396,Not in California
Outside California,2021-03-11,5312,279938,2622,137399,2022,140602,668,1937,2717,87813,2589,96969,3386,184782,Not in California
Outside California,2021-03-12,5114,285052,2834,140233,1582,142184,698,2635,2763,88930,2345,99314,3462,188244,Not in California
Outside California,2021-03-13,3265,288317,1859,142092,945,143129,461,3096,2162,90459,1096,100410,2625,190869,Not in California
Outside California,2021-03-14,1734,290051,880,142972,528,143657,326,3422,1031,91114,703,101113,1358,192227,Not in California
Outside California,2021-03-15,3018,293069,1339,144311,1294,144951,385,3807,1738,91966,1276,102389,2128,194355,Not in California
Outside California,2021-03-16,5900,298969,2980,147291,2578,147529,342,4149,3370,93109,2568,104957,3711,198066,Not in California
Outside California,2021-03-17,6180,305149,3395,150686,2442,149971,343,4492,3762,94744,2471,107428,4106,202172,Not in California
Outside California,2021-03-18,6481,311630,3582,154268,2389,152360,510,5002,3975,96757,2472,109900,4485,206657,Not in California
Outside California,2021-03-19,5603,317233,3106,157374,1964,154324,533,5535,3463,98610,2147,112047,4000,210657,Not in California
Outside California,2021-03-20,3636,320869,2454,159828,1104,155428,78,5613,2942,100941,689,112736,3020,213677,Not in California
Outside California,2021-03-21,1664,322533,1131,160959,446,155874,87,5700,1280,101927,382,113118,1368,215045,Not in California
Outside California,2021-03-22,2629,325162,1435,162394,1121,156995,73,5773,1729,102835,894,114012,1802,216847,Not in California
Outside California,2021-03-23,5454,330616,2624,165018,2568,159563,262,6035,3818,105290,1625,115637,4080,220927,Not in California
Outside California,2021-03-24,6257,336873,2938,167956,2906,162469,413,6448,4760,108969,1491,117128,5170,226097,Not in California
Outside California,2021-03-25,7151,344024,2964,170920,3708,166177,479,6927,5537,113382,1604,118732,6017,232114,Not in California
Outside California,2021-03-26,5939,349963,3074,173994,2698,168875,167,7094,4213,116046,1715,120447,4379,236493,Not in California
Outside California,2021-03-27,4162,354125,2450,176444,1672,170547,40,7134,2936,117801,1218,121665,2973,239466,Not in California
Outside California,2021-03-28,2502,356627,1245,177689,1184,171731,73,7207,1646,118670,850,122515,1719,241185,Not in California
Outside California,2021-03-29,4360,360987,1888,179577,2218,173949,254,7461,2698,119963,1660,124175,2953,244138,Not in California
Outside California,2021-03-30,5957,366944,2993,182570,2431,176380,533,7994,3711,121981,2235,126410,4253,248391,Not in California
Outside California,2021-03-31,5261,372205,2955,185525,1571,177951,735,8729,3125,123707,2133,128543,3859,252250,Not in California
Outside California,2021-04-01,6081,378286,3400,188925,2064,180015,617,9346,3610,125467,2466,131009,4226,256476,Not in California
Outside California,2021-04-02,7308,385594,3912,192837,2331,182346,1065,10411,3978,127186,3326,134335,5045,261521,Not in California
Outside California,2021-04-03,5680,391274,3334,196171,1206,183552,1140,11551,3009,128669,2666,137001,4149,265670,Not in California
Outside California,2021-04-04,1594,392868,809,196980,556,184108,229,11780,878,129060,716,137717,1107,266777,Not in California
Outside California,2021-04-05,3422,396290,1708,198688,1214,185322,500,12280,1657,129456,1762,139479,2158,268935,Not in California
Outside California,2021-04-06,5447,401737,2738,201426,1424,186746,1285,13565,2141,129587,3293,142772,3424,272359,Not in California
Outside California,2021-04-07,6349,408086,3290,204716,1507,188253,1552,15117,2475,129737,3867,146639,4017,276376,Not in California
Outside California,2021-04-08,6553,414639,3282,207998,1528,189781,1743,16860,2584,130095,3962,150601,4320,280696,Not in California
Outside California,2021-04-09,5538,420177,2775,210773,1153,190934,1610,18470,2053,130279,3482,154083,3666,284362,Not in California
Outside California,2021-04-10,5273,425450,2696,213469,790,191724,1787,20257,1457,129710,3812,157895,3243,287605,Not in California
Outside California,2021-04-11,2367,427817,1296,214765,448,192172,623,20880,815,129598,1551,159446,1439,289044,Not in California
Outside California,2021-04-12,2851,430668,1525,216290,954,193126,372,21252,1350,129824,1496,160942,1722,290766,Not in California
Outside California,2021-04-13,4129,434797,2425,218715,1677,194803,27,21279,1860,129446,2265,163207,1887,292653,Not in California
Outside California,2021-04-14,3824,438621,2331,221046,1491,196294,2,21281,1900,129430,1918,165125,1902,294555,Not in California
Outside California,2021-04-15,3205,441826,2028,223074,1172,197466,5,21286,1820,129880,1379,166504,1829,296384,Not in California
Unknown,2020-12-17,36,36,36,36,0,0,0,0,1,1,0,0,1,1,Not in California
Unknown,2020-12-18,61,97,61,97,0,0,0,0,11,12,0,0,11,12,Not in California
Unknown,2020-12-19,81,178,81,178,0,0,0,0,81,93,0,0,81,93,Not in California
Unknown,2020-12-20,24,202,24,202,0,0,0,0,24,117,0,0,24,117,Not in California
Unknown,2020-12-21,41,243,41,243,0,0,0,0,0,117,0,0,0,117,Not in California
Unknown,2020-12-22,3,246,3,246,0,0,0,0,3,120,0,0,3,120,Not in California
Unknown,2020-12-26,1,247,1,247,0,0,0,0,1,121,0,0,1,121,Not in California
Unknown,2020-12-28,4,251,4,251,0,0,0,0,4,125,0,0,4,125,Not in California
Unknown,2020-12-29,3,254,3,254,0,0,0,0,3,128,0,0,3,128,Not in California
Unknown,2020-12-30,58,312,55,309,3,3,0,0,56,184,0,0,56,184,Not in California
Unknown,2020-12-31,3,315,0,309,3,6,0,0,1,185,0,0,1,185,Not in California
Unknown,2021-01-02,1,316,0,309,1,7,0,0,1,186,0,0,1,186,Not in California
Unknown,2021-01-04,3,319,3,312,0,7,0,0,2,188,0,0,2,188,Not in California
Unknown,2021-01-05,2,321,0,312,2,9,0,0,2,190,0,0,2,190,Not in California
Unknown,2021-01-06,31,352,29,341,2,11,0,0,6,172,24,24,6,196,Not in California
Unknown,2021-01-07,109,461,106,447,3,14,0,0,71,205,38,62,71,267,Not in California
Unknown,2021-01-08,24,485,21,468,3,17,0,0,4,188,21,83,4,271,Not in California
Unknown,2021-01-09,3,488,2,470,1,18,0,0,4,192,0,83,4,275,Not in California
Unknown,2021-01-11,22,510,22,492,0,18,0,0,18,207,3,86,18,293,Not in California
Unknown,2021-01-12,9,519,7,499,2,20,0,0,7,214,1,87,8,301,Not in California
Unknown,2021-01-13,11,530,11,510,0,20,0,0,12,226,0,87,12,313,Not in California
Unknown,2021-01-14,4,534,3,513,1,21,0,0,4,230,0,87,4,317,Not in California
Unknown,2021-01-15,4,538,3,516,1,22,0,0,4,234,0,87,4,321,Not in California
Unknown,2021-01-16,7,545,7,523,0,22,0,0,6,239,1,88,6,327,Not in California
Unknown,2021-01-17,3,548,3,526,0,22,0,0,3,242,0,88,3,330,Not in California
Unknown,2021-01-18,56,604,56,582,0,22,0,0,54,294,2,90,54,384,Not in California
Unknown,2021-01-19,23,627,22,604,1,23,0,0,21,314,1,91,21,405,Not in California
Unknown,2021-01-20,79,706,79,683,0,23,0,0,27,289,52,143,27,432,Not in California
Unknown,2021-01-21,60,766,58,741,2,25,0,0,62,351,0,143,62,494,Not in California
Unknown,2021-01-22,41,807,35,776,6,31,0,0,40,391,0,143,40,534,Not in California
Unknown,2021-01-23,12,819,6,782,6,37,0,0,12,403,0,143,12,546,Not in California
Unknown,2021-01-24,2,821,2,784,0,37,0,0,3,406,0,143,3,549,Not in California
Unknown,2021-01-25,20,841,18,802,2,39,0,0,17,420,3,146,17,566,Not in California
Unknown,2021-01-26,95,936,95,897,0,39,0,0,98,518,0,146,98,664,Not in California
Unknown,2021-01-27,17,953,17,914,0,39,0,0,16,533,1,147,16,680,Not in California
Unknown,2021-01-28,153,1106,150,1064,3,42,0,0,98,572,59,206,98,778,Not in California
Unknown,2021-01-29,148,1254,147,1211,1,43,0,0,153,724,1,207,153,931,Not in California
Unknown,2021-01-30,10,1264,8,1219,2,45,0,0,13,736,1,208,13,944,Not in California
Unknown,2021-01-31,16,1280,16,1235,0,45,0,0,16,751,1,209,16,960,Not in California
Unknown,2021-02-01,36,1316,34,1269,2,47,0,0,21,755,17,226,21,981,Not in California
Unknown,2021-02-02,69,1385,67,1336,2,49,0,0,63,813,5,231,63,1044,Not in California
Unknown,2021-02-03,50,1435,47,1383,3,52,0,0,38,840,11,242,38,1082,Not in California
Unknown,2021-02-04,61,1496,56,1439,5,57,0,0,56,891,5,247,56,1138,Not in California
Unknown,2021-02-05,19,1515,12,1451,7,64,0,0,15,899,7,254,15,1153,Not in California
Unknown,2021-02-06,19,1534,14,1465,5,69,0,0,15,907,7,261,15,1168,Not in California
Unknown,2021-02-07,8,1542,8,1473,0,69,0,0,6,911,2,263,6,1174,Not in California
Unknown,2021-02-08,54,1596,51,1524,3,72,0,0,13,883,41,304,13,1187,Not in California
Unknown,2021-02-09,20,1616,19,1543,1,73,0,0,5,873,15,319,5,1192,Not in California
Unknown,2021-02-10,36,1652,31,1574,5,78,0,0,10,857,26,345,10,1202,Not in California
Unknown,2021-02-11,93,1745,92,1666,1,79,0,0,43,849,51,396,43,1245,Not in California
Unknown,2021-02-12,48,1793,38,1704,10,89,0,0,19,835,33,429,19,1264,Not in California
Unknown,2021-02-13,15,1808,3,1707,12,101,0,0,17,851,1,430,17,1281,Not in California
Unknown,2021-02-14,7,1815,1,1708,6,107,0,0,5,855,1,431,5,1286,Not in California
Unknown,2021-02-15,43,1858,37,1745,6,113,0,0,29,872,12,443,29,1315,Not in California
Unknown,2021-02-16,105,1963,96,1841,9,122,0,0,31,829,74,517,31,1346,Not in California
Unknown,2021-02-17,10,1973,8,1849,2,124,0,0,4,828,5,522,4,1350,Not in California
Unknown,2021-02-18,106,2079,101,1950,5,129,0,0,20,762,86,608,20,1370,Not in California
Unknown,2021-02-19,198,2277,192,2142,6,135,0,0,59,683,138,746,59,1429,Not in California
Unknown,2021-02-20,12,2289,5,2147,7,142,0,0,5,683,5,751,5,1434,Not in California
Unknown,2021-02-21,18,2307,18,2165,0,142,0,0,4,673,14,765,4,1438,Not in California
Unknown,2021-02-22,9,2316,9,2174,0,142,0,0,6,676,3,768,6,1444,Not in California
Unknown,2021-02-23,62,2378,50,2224,12,154,0,0,15,644,47,815,15,1459,Not in California
Unknown,2021-02-24,44,2422,36,2260,8,162,0,0,15,629,30,845,15,1474,Not in California
Unknown,2021-02-25,75,2497,59,2319,16,178,0,0,26,606,49,894,26,1500,Not in California
Unknown,2021-02-26,39,2536,23,2342,16,194,0,0,24,616,14,908,24,1524,Not in California
Unknown,2021-02-27,28,2564,13,2355,15,209,0,0,20,628,8,916,20,1544,Not in California
Unknown,2021-02-28,17,2581,13,2368,4,213,0,0,10,633,5,921,10,1554,Not in California
Unknown,2021-03-01,42,2623,25,2393,17,230,0,0,23,637,19,940,23,1577,Not in California
Unknown,2021-03-02,18,2641,6,2399,12,242,0,0,10,641,6,946,10,1587,Not in California
Unknown,2021-03-03,17,2658,10,2409,7,249,0,0,13,650,4,950,13,1600,Not in California
Unknown,2021-03-04,55,2713,51,2460,4,253,0,0,23,642,31,981,23,1623,Not in California
Unknown,2021-03-05,30,2743,13,2473,17,270,0,0,34,670,6,987,34,1657,Not in California
Unknown,2021-03-06,31,2774,10,2483,19,289,2,2,22,685,9,996,24,1681,Not in California
Unknown,2021-03-07,9,2783,1,2484,8,297,0,2,5,687,3,999,5,1686,Not in California
Unknown,2021-03-08,33,2816,23,2507,8,305,2,4,8,671,26,1025,10,1696,Not in California
Unknown,2021-03-09,39,2855,32,2539,3,308,4,8,10,655,30,1055,14,1710,Not in California
Unknown,2021-03-10,9,2864,6,2545,1,309,2,10,5,657,5,1060,7,1717,Not in California
Unknown,2021-03-11,40,2904,13,2558,11,320,16,26,15,665,23,1083,31,1748,Not in California
Unknown,2021-03-12,89,2993,56,2614,22,342,11,37,17,623,70,1153,28,1776,Not in California
Unknown,2021-03-13,27,3020,4,2618,17,359,6,43,8,618,19,1172,14,1790,Not in California
Unknown,2021-03-14,17,3037,9,2627,6,365,2,45,6,615,11,1183,8,1798,Not in California
Unknown,2021-03-15,29,3066,12,2639,15,380,2,47,20,624,13,1196,22,1820,Not in California
Unknown,2021-03-16,61,3127,21,2660,37,417,3,50,43,652,18,1214,46,1866,Not in California
Unknown,2021-03-17,49,3176,16,2676,32,449,1,51,43,691,5,1219,44,1910,Not in California
Unknown,2021-03-18,43,3219,20,2696,23,472,0,51,32,711,12,1231,32,1942,Not in California
Unknown,2021-03-19,27,3246,19,2715,8,480,0,51,19,722,8,1239,19,1961,Not in California
Unknown,2021-03-20,28,3274,13,2728,15,495,0,51,18,729,11,1250,18,1979,Not in California
Unknown,2021-03-21,21,3295,16,2744,5,500,0,51,18,744,3,1253,18,1997,Not in California
Unknown,2021-03-22,32,3327,17,2761,14,514,1,52,20,753,12,1265,21,2018,Not in California
Unknown,2021-03-23,24,3351,9,2770,10,524,5,57,14,761,11,1276,19,2037,Not in California
Unknown,2021-03-24,26,3377,8,2778,18,542,0,57,21,777,5,1281,21,2058,Not in California
Unknown,2021-03-25,45,3422,30,2808,15,557,0,57,33,797,13,1294,33,2091,Not in California
Unknown,2021-03-26,36,3458,17,2825,14,571,5,62,20,806,16,1310,25,2116,Not in California
Unknown,2021-03-27,37,3495,12,2837,25,596,0,62,17,803,20,1330,17,2133,Not in California
Unknown,2021-03-28,18,3513,8,2845,10,606,0,62,14,813,4,1334,14,2147,Not in California
Unknown,2021-03-29,34,3547,13,2858,20,626,1,63,22,824,12,1346,23,2170,Not in California
Unknown,2021-03-30,34,3581,19,2877,15,641,0,63,22,834,12,1358,22,2192,Not in California
Unknown,2021-03-31,37,3618,23,2900,14,655,0,63,27,851,10,1368,27,2219,Not in California
Unknown,2021-04-01,29,3647,14,2914,15,670,0,63,24,870,5,1373,24,2243,Not in California
Unknown,2021-04-02,65,3712,16,2930,38,708,11,74,30,876,35,1408,41,2284,Not in California
Unknown,2021-04-03,18,3730,9,2939,9,717,0,74,8,874,10,1418,8,2292,Not in California
Unknown,2021-04-04,16,3746,5,2944,11,728,0,74,10,879,5,1423,10,2302,Not in California
Unknown,2021-04-05,34,3780,20,2964,13,741,1,75,19,884,15,1438,20,2322,Not in California
Unknown,2021-04-06,35,3815,18,2982,16,757,1,76,17,884,18,1456,18,2340,Not in California
Unknown,2021-04-07,57,3872,46,3028,9,766,2,78,45,920,11,1467,47,2387,Not in California
Unknown,2021-04-08,35,3907,25,3053,6,772,4,82,15,919,20,1487,19,2406,Not in California
Unknown,2021-04-09,38,3945,25,3078,13,785,0,82,26,933,12,1499,26,2432,Not in California
Unknown,2021-04-10,9,3954,8,3086,1,786,0,82,2,928,7,1506,2,2434,Not in California
Unknown,2021-04-11,13,3967,9,3095,4,790,0,82,5,925,8,1514,5,2439,Not in California
Unknown,2021-04-12,39,4006,23,3118,15,805,1,83,17,921,22,1536,18,2457,Not in California
Unknown,2021-04-13,80,4086,67,3185,13,818,0,83,58,957,22,1558,58,2515,Not in California
Unknown,2021-04-14,227,4313,107,3292,120,938,0,83,218,1166,9,1567,218,2733,Not in California
Unknown,2021-04-15,4,4317,1,3293,3,941,0,83,1,1164,3,1570,1,2734,Not in California
Alameda,2020-12-15,36,36,36,36,0,0,0,0,36,36,0,0,36,36,California
Alameda,2020-12-16,202,238,202,238,0,0,0,0,202,238,0,0,202,238,California
Alameda,2020-12-17,396,634,396,634,0,0,0,0,396,634,0,0,396,634,California
Alameda,2020-12-18,1763,2397,1762,2396,1,1,0,0,1763,2397,0,0,1763,2397,California
Alameda,2020-12-19,1358,3755,1358,3754,0,1,0,0,1358,3755,0,0,1358,3755,California
Alameda,2020-12-20,1158,4913,1157,4911,1,2,0,0,1157,4911,1,1,1157,4912,California
Alameda,2020-12-21,1857,6770,1856,6767,1,3,0,0,1856,6767,0,1,1856,6768,California
Alameda,2020-12-22,2097,8867,2045,8812,52,55,0,0,2097,8864,0,1,2097,8865,California
Alameda,2020-12-23,1925,10792,1670,10482,255,310,0,0,1925,10789,0,1,1925,10790,California
Alameda,2020-12-24,1217,12009,757,11239,460,770,0,0,1217,12006,0,1,1217,12007,California
Alameda,2020-12-25,165,12174,128,11367,37,807,0,0,165,12171,0,1,165,12172,California
Alameda,2020-12-26,867,13041,323,11690,544,1351,0,0,867,13038,0,1,867,13039,California
Alameda,2020-12-27,501,13542,256,11946,245,1596,0,0,501,13539,0,1,501,13540,California
Alameda,2020-12-28,1883,15425,956,12902,927,2523,0,0,1883,15422,0,1,1883,15423,California
Alameda,2020-12-29,2424,17849,1020,13922,1404,3927,0,0,2423,17845,0,1,2423,17846,California
Alameda,2020-12-30,3121,20970,1358,15280,1763,5690,0,0,3123,20968,0,1,3123,20969,California
Alameda,2020-12-31,1785,22755,439,15719,1346,7036,0,0,1784,22751,1,2,1784,22753,California
Alameda,2021-01-01,170,22925,70,15789,100,7136,0,0,169,22919,1,3,169,22922,California
Alameda,2021-01-02,718,23643,520,16309,198,7334,0,0,717,23636,0,3,717,23639,California
Alameda,2021-01-03,341,23984,220,16529,121,7455,0,0,338,23971,3,6,338,23977,California
Alameda,2021-01-04,1649,25633,945,17474,704,8159,0,0,1637,25597,11,17,1637,25614,California
Alameda,2021-01-05,2200,27833,1265,18739,935,9094,0,0,1963,27326,234,251,1963,27577,California
Alameda,2021-01-06,3238,31071,1775,20514,1463,10557,0,0,2424,28941,811,1062,2426,30003,California
Alameda,2021-01-07,3768,34839,2113,22627,1655,12212,0,0,2681,30548,1078,2140,2685,32688,California
Alameda,2021-01-08,4721,39560,2693,25320,2028,14240,0,0,3102,32040,1614,3754,3106,35794,California
Alameda,2021-01-09,2032,41592,1389,26709,643,14883,0,0,1170,32348,862,4616,1170,36964,California
Alameda,2021-01-10,1059,42651,841,27550,218,15101,0,0,423,32134,637,5253,423,37387,California
Alameda,2021-01-11,4623,47274,3496,31046,1127,16228,0,0,2838,33193,1785,7038,2844,40231,California
Alameda,2021-01-12,4819,52093,3243,34289,1576,17804,0,0,3430,35237,1388,8426,3432,43663,California
Alameda,2021-01-13,5020,57113,2652,36941,2368,20172,0,0,3842,37906,1174,9600,3843,47506,California
Alameda,2021-01-14,5601,62714,2739,39680,2862,23034,0,0,4714,41745,878,10478,4717,52223,California
Alameda,2021-01-15,5817,68531,2308,41988,3509,26543,0,0,5053,46044,757,11235,5056,57279,California
Alameda,2021-01-16,3007,71538,1411,43399,1596,28139,0,0,2737,48512,270,11505,2738,60017,California
Alameda,2021-01-17,1863,73401,1079,44478,784,28923,0,0,1658,49967,204,11709,1659,61676,California
Alameda,2021-01-18,3186,76587,2048,46526,1138,30061,0,0,2592,51974,590,12299,2597,64273,California
Alameda,2021-01-19,5517,82104,3330,49856,2187,32248,0,0,4330,55121,1185,13484,4332,68605,California
Alameda,2021-01-20,6684,88788,4022,53878,2662,34910,0,0,5392,59237,1280,14764,5396,74001,California
Alameda,2021-01-21,7735,96523,3382,57260,4353,39263,0,0,6908,65327,821,15585,6911,80912,California
Alameda,2021-01-22,6835,103358,2033,59293,4802,44065,0,0,5697,69895,1131,16716,5699,86611,California
Alameda,2021-01-23,3278,106636,942,60235,2336,46401,0,0,2726,72071,552,17268,2728,89339,California
Alameda,2021-01-24,2048,108684,654,60889,1394,47795,0,0,1772,73571,272,17540,1772,91111,California
Alameda,2021-01-25,5211,113895,1985,62874,3226,51021,0,0,3628,75624,1575,19115,3628,94739,California
Alameda,2021-01-26,7229,121124,2271,65145,4958,55979,0,0,5373,79149,1849,20964,5374,100113,California
Alameda,2021-01-27,6669,127793,2077,67222,4592,60571,0,0,4827,82147,1831,22795,4829,104942,California
Alameda,2021-01-28,7858,135651,2537,69759,5321,65892,0,0,5624,85553,2219,25014,5625,110567,California
Alameda,2021-01-29,7890,143541,3171,72930,4719,70611,0,0,6068,89810,1812,26826,6069,116636,California
Alameda,2021-01-30,3406,146947,1663,74593,1743,72354,0,0,2706,91821,695,27521,2706,119342,California
Alameda,2021-01-31,1900,148847,961,75554,939,73293,0,0,1658,93239,240,27761,1658,121000,California
Alameda,2021-02-01,5946,154793,3349,78903,2597,75890,0,0,4313,95926,1627,29388,4314,125314,California
Alameda,2021-02-02,7438,162231,4238,83141,3200,79090,0,0,4654,97807,2773,32161,4654,129968,California
Alameda,2021-02-03,7072,169303,3726,86867,3346,82436,0,0,4404,99554,2662,34823,4409,134377,California
Alameda,2021-02-04,9486,178789,4128,90995,5358,87794,0,0,6437,102964,3032,37855,6442,140819,California
Alameda,2021-02-05,10316,189105,5385,96380,4931,92725,0,0,6453,105566,3857,41712,6459,147278,California
Alameda,2021-02-06,6993,196098,4435,100815,2558,95283,0,0,5875,110323,1118,42830,5875,153153,California
Alameda,2021-02-07,3581,199679,2893,103708,688,95971,0,0,2644,112034,934,43764,2645,155798,California
Alameda,2021-02-08,8079,207758,5777,109485,2302,98273,0,0,5538,115043,2531,46295,5540,161338,California
Alameda,2021-02-09,9691,217449,5852,115337,3839,102112,0,0,6045,117450,3640,49935,6047,167385,California
Alameda,2021-02-10,11435,228884,6761,122098,4674,106786,0,0,6629,119297,4789,54724,6636,174021,California
Alameda,2021-02-11,13822,242706,7900,129998,5922,112708,0,0,8363,122221,5443,60167,8367,182388,California
Alameda,2021-02-12,12498,255204,5687,135685,6811,119519,0,0,7740,125221,4743,64910,7743,190131,California
Alameda,2021-02-13,7796,263000,4062,139747,3734,123253,0,0,5840,129111,1952,66862,5842,195973,California
Alameda,2021-02-14,4024,267024,2534,142281,1490,124743,0,0,2868,130828,1153,68015,2870,198843,California
Alameda,2021-02-15,5700,272724,3221,145502,2479,127222,0,0,3694,132521,2004,70019,3697,202540,California
Alameda,2021-02-16,12507,285231,6942,152444,5565,132787,0,0,9310,138648,3188,73207,9315,211855,California
Alameda,2021-02-17,14089,299320,8345,160789,5744,138531,0,0,10478,145535,3593,76800,10480,222335,California
Alameda,2021-02-18,15832,315152,10050,170839,5782,144313,0,0,11499,152711,4329,81129,11505,233840,California
Alameda,2021-02-19,17611,332763,11423,182262,6188,150501,0,0,11682,158489,5907,87036,11685,245525,California
Alameda,2021-02-20,11843,344606,9596,191858,2247,152748,0,0,9142,164938,2698,89734,9147,254672,California
Alameda,2021-02-21,6168,350774,5241,197099,927,153675,0,0,3718,166215,2441,92175,3718,258390,California
Alameda,2021-02-22,10683,361457,7909,205008,2774,156449,0,0,6731,169017,3939,96114,6741,265131,California
Alameda,2021-02-23,12681,374138,7705,212713,4976,161425,0,0,7896,172143,4776,100890,7902,273033,California
Alameda,2021-02-24,14633,388771,8194,220907,6439,167864,0,0,9489,176550,5087,105977,9494,282527,California
Alameda,2021-02-25,15582,404353,9117,230024,6465,174329,0,0,9929,180864,5621,111598,9935,292462,California
Alameda,2021-02-26,18065,422418,10621,240645,7444,181773,0,0,11695,186234,6329,117927,11699,304161,California
Alameda,2021-02-27,14679,437097,10795,251440,3882,185655,2,2,9091,189764,5566,123493,9096,313257,California
Alameda,2021-02-28,9128,446225,7696,259136,1432,187087,0,2,6063,192782,3046,126539,6064,319321,California
Alameda,2021-03-01,13189,459414,9168,268304,4020,191107,1,3,8186,196011,4964,131503,8193,327514,California
Alameda,2021-03-02,13704,473118,9539,277843,4165,195272,0,3,8817,199967,4868,136371,8824,336338,California
Alameda,2021-03-03,15224,488342,9870,287713,5353,200625,1,4,10364,205500,4834,141205,10367,346705,California
Alameda,2021-03-04,17218,505560,11013,298726,6204,206829,1,5,10839,209996,6344,147549,10840,357545,California
Alameda,2021-03-05,15808,521368,10221,308947,5579,212408,8,13,10608,215457,5161,152710,10622,368167,California
Alameda,2021-03-06,14196,535564,9942,318889,3995,216403,259,272,9327,220219,4826,157536,9588,377755,California
Alameda,2021-03-07,9275,544839,8068,326957,1127,217530,80,352,6559,224169,2691,160227,6641,384396,California
Alameda,2021-03-08,11577,556416,7136,334093,4073,221603,368,720,8635,230278,2892,163119,9001,393397,California
Alameda,2021-03-09,11284,567700,6961,341054,3895,225498,428,1148,6253,231962,5000,168119,6684,400081,California
Alameda,2021-03-10,16607,584307,11294,352348,4768,230266,545,1693,7529,230979,9055,177174,8072,408153,California
Alameda,2021-03-11,19710,604017,11529,363877,6480,236746,1701,3394,6742,226481,12941,190115,8443,416596,California
Alameda,2021-03-12,21052,625069,12270,376147,7140,243886,1642,5036,7432,221951,13599,203714,9069,425665,California
Alameda,2021-03-13,15793,640862,10086,386233,4734,248620,973,6009,5096,217356,10663,214377,6068,431733,California
Alameda,2021-03-14,10677,651539,7800,394033,2093,250713,784,6793,4668,216811,5993,220370,5448,437181,California
Alameda,2021-03-15,14268,665807,9305,403338,4447,255160,516,7309,6345,215774,7895,228265,6858,444039,California
Alameda,2021-03-16,17084,682891,11074,414412,5484,260644,526,7835,7528,214320,9509,237774,8055,452094,California
Alameda,2021-03-17,17296,700187,9742,424154,6862,267506,692,8527,8129,214004,9136,246910,8820,460914,California
Alameda,2021-03-18,18939,719126,10291,434445,7774,275280,874,9401,8692,213351,10220,257130,9567,470481,California
Alameda,2021-03-19,19028,738154,10294,444739,6947,282227,1787,11188,7605,211361,11377,268507,9387,479868,California
Alameda,2021-03-20,15547,753701,10166,454905,4565,286792,816,12004,6496,209648,9024,277531,7311,487179,California
Alameda,2021-03-21,9015,762716,7080,461985,1406,288198,529,12533,3751,208674,5255,282786,4281,491460,California
Alameda,2021-03-22,14811,777527,9975,471960,3856,292054,980,13513,7153,209163,7641,290427,8130,499590,California
Alameda,2021-03-23,18997,796524,11436,483396,6768,298822,793,14306,10677,212358,8280,298707,11475,511065,California
Alameda,2021-03-24,18855,815379,11332,494728,6534,305356,989,15295,8533,211607,10266,308973,9515,520580,California
Alameda,2021-03-25,20208,835587,11133,505861,7702,313058,1373,16668,9499,211821,10648,319621,10862,531442,California
Alameda,2021-03-26,20559,856146,12306,518167,6725,319783,1528,18196,8795,210415,11722,331343,10316,541758,California
Alameda,2021-03-27,18100,874246,12287,530454,4857,324640,956,19152,7800,208900,10255,341598,8740,550498,California
Alameda,2021-03-28,10406,884652,8429,538883,1775,326415,202,19354,3830,206371,6567,348165,4038,554536,California
Alameda,2021-03-29,14525,899177,9247,548130,4287,330702,991,20345,6254,205373,8243,356408,7245,561781,California
Alameda,2021-03-30,18357,917534,9638,557768,7035,337737,1684,22029,10805,210334,7526,363934,12487,574268,California
Alameda,2021-03-31,19117,936651,10041,567809,7024,344761,2052,24081,9538,212367,9555,373489,11588,585856,California
Alameda,2021-04-01,22895,959546,9903,577712,7529,352290,5463,29544,10932,216824,11937,385426,16394,602250,California
Alameda,2021-04-02,23650,983196,9784,587496,8201,360491,5665,35209,11474,221806,12149,397575,17131,619381,California
Alameda,2021-04-03,19992,1003188,9692,597188,5640,366131,4660,39869,10242,226975,9735,407310,14904,634285,California
Alameda,2021-04-04,9650,1012838,3891,601079,2276,368407,3483,43352,3452,227718,6189,413499,6932,641217,California
Alameda,2021-04-05,17583,1030421,7361,608440,5493,373900,4729,48081,7140,229160,10426,423925,11868,653085,California
Alameda,2021-04-06,21963,1052384,10545,618985,5634,379534,5784,53865,9978,232964,11953,435878,15757,668842,California
Alameda,2021-04-07,22260,1074644,11394,630379,5450,384984,5416,59281,11259,238675,10963,446841,16674,685516,California
Alameda,2021-04-08,24902,1099546,11257,641636,5775,390759,7870,67151,10582,242874,14254,461095,18453,703969,California
Alameda,2021-04-09,21803,1121349,9911,651547,7386,398145,4506,71657,11570,248749,10210,471305,16085,720054,California
Alameda,2021-04-10,17766,1139115,6428,657975,5559,403704,5779,77436,7324,251421,10424,481729,13096,733150,California
Alameda,2021-04-11,10152,1149267,3960,661935,2261,405965,3931,81367,3924,253053,6217,487946,7849,740999,California
Alameda,2021-04-12,15894,1165161,9907,671842,4201,410166,1786,83153,8520,256007,7349,495295,10303,751302,California
Alameda,2021-04-13,17644,1182805,9556,681398,8036,418202,52,83205,12526,263514,5081,500376,12588,763890,California
Alameda,2021-04-14,16254,1199059,9313,690711,6940,425142,1,83206,10282,267850,5949,506325,10285,774175,California
Alameda,2021-04-15,14968,1214027,9501,700212,5464,430606,3,83209,10153,273226,4795,511120,10171,784346,California
Alpine,2020-12-18,2,2,2,2,0,0,0,0,2,2,0,0,2,2,California
Alpine,2020-12-19,2,4,2,4,0,0,0,0,2,4,0,0,2,4,California
Alpine,2020-12-21,2,6,2,6,0,0,0,0,2,6,0,0,2,6,California
Alpine,2020-12-30,15,21,0,6,15,15,0,0,15,21,0,0,15,21,California
Alpine,2020-12-31,1,22,0,6,1,16,0,0,1,22,0,0,1,22,California
Alpine,2021-01-01,1,23,0,6,1,17,0,0,1,23,0,0,1,23,California
Alpine,2021-01-02,1,24,1,7,0,17,0,0,1,24,0,0,1,24,California
Alpine,2021-01-04,10,34,0,7,10,27,0,0,10,34,0,0,10,34,California
Alpine,2021-01-05,9,43,1,8,8,35,0,0,9,43,0,0,9,43,California
Alpine,2021-01-06,31,74,0,8,31,66,0,0,31,74,0,0,31,74,California
Alpine,2021-01-07,8,82,0,8,8,74,0,0,8,82,0,0,8,82,California
Alpine,2021-01-08,4,86,2,10,2,76,0,0,2,82,2,2,2,84,California
Alpine,2021-01-09,2,88,2,12,0,76,0,0,0,80,2,4,0,84,California
Alpine,2021-01-11,32,120,1,13,31,107,0,0,31,110,1,5,31,115,California
Alpine,2021-01-13,35,155,0,13,35,142,0,0,35,145,0,5,35,150,California
Alpine,2021-01-14,2,157,0,13,2,144,0,0,2,147,0,5,2,152,California
Alpine,2021-01-15,1,158,0,13,1,145,0,0,1,148,0,5,1,153,California
Alpine,2021-01-20,21,179,0,13,21,166,0,0,21,169,0,5,21,174,California
Alpine,2021-01-21,1,180,0,13,1,167,0,0,1,170,0,5,1,175,California
Alpine,2021-01-22,32,212,0,13,32,199,0,0,32,202,0,5,32,207,California
Alpine,2021-01-23,1,213,1,14,0,199,0,0,0,201,1,6,0,207,California
Alpine,2021-01-25,16,229,0,14,16,215,0,0,16,217,0,6,16,223,California
Alpine,2021-01-27,1,230,1,15,0,215,0,0,0,216,1,7,0,223,California
Alpine,2021-01-28,12,242,0,15,12,227,0,0,11,226,1,8,11,234,California
Alpine,2021-01-29,1,243,0,15,1,228,0,0,1,227,0,8,1,235,California
Alpine,2021-02-01,26,269,0,15,26,254,0,0,7,215,19,27,7,242,California
Alpine,2021-02-03,34,303,0,15,34,288,0,0,10,201,24,51,10,252,California
Alpine,2021-02-04,9,312,0,15,9,297,0,0,4,200,5,56,4,256,California
Alpine,2021-02-05,31,343,0,15,31,328,0,0,12,193,19,75,12,268,California
Alpine,2021-02-06,1,344,1,16,0,328,0,0,1,194,0,75,1,269,California
Alpine,2021-02-07,1,345,1,17,0,328,0,0,1,195,0,75,1,270,California
Alpine,2021-02-08,32,377,0,17,32,360,0,0,4,171,28,103,4,274,California
Alpine,2021-02-10,34,411,0,17,34,394,0,0,0,137,34,137,0,274,California
Alpine,2021-02-11,6,417,0,17,6,400,0,0,3,137,3,140,3,277,California
Alpine,2021-02-12,1,418,0,17,1,401,0,0,0,136,1,141,0,277,California
Alpine,2021-02-17,23,441,0,17,23,424,0,0,3,119,20,161,3,280,California
Alpine,2021-02-18,2,443,0,17,2,426,0,0,1,119,1,162,1,281,California
Alpine,2021-02-19,34,477,1,18,33,459,0,0,2,89,32,194,2,283,California
Alpine,2021-02-22,28,505,0,18,28,487,0,0,9,79,19,213,9,292,California
Alpine,2021-02-24,1,506,1,19,0,487,0,0,1,80,0,213,1,293,California
Alpine,2021-02-25,17,523,1,20,16,503,0,0,6,75,11,224,6,299,California
Alpine,2021-02-26,29,552,1,21,28,531,0,0,28,102,1,225,28,327,California
Alpine,2021-02-27,1,553,0,21,1,532,0,0,1,103,0,225,1,328,California
Alpine,2021-03-01,35,588,0,21,35,567,0,0,25,118,10,235,25,353,California
Alpine,2021-03-02,1,589,1,22,0,567,0,0,0,117,1,236,0,353,California
Alpine,2021-03-03,30,619,1,23,29,596,0,0,18,123,12,248,18,371,California
Alpine,2021-03-04,13,632,1,24,12,608,0,0,12,134,1,249,12,383,California
Alpine,2021-03-05,30,662,0,24,30,638,0,0,22,148,8,257,22,405,California
Alpine,2021-03-08,32,694,0,24,32,670,0,0,30,176,2,259,30,435,California
Alpine,2021-03-10,76,770,0,24,76,746,0,0,76,252,0,259,76,511,California
Alpine,2021-03-11,36,806,0,24,36,782,0,0,32,280,4,263,32,543,California
Alpine,2021-03-12,20,826,0,24,20,802,0,0,18,296,2,265,18,561,California
Alpine,2021-03-15,21,847,1,25,20,822,0,0,20,315,1,266,20,581,California
Alpine,2021-03-17,22,869,0,25,21,843,1,1,18,330,4,270,19,600,California
Alpine,2021-03-18,40,909,3,28,37,880,0,1,37,364,3,273,37,637,California
Alpine,2021-03-19,2,911,1,29,1,881,0,1,1,364,1,274,1,638,California
Alpine,2021-03-22,25,936,0,29,25,906,0,1,15,369,10,284,15,653,California
Alpine,2021-03-24,19,955,0,29,19,925,0,1,9,368,10,294,9,662,California
Alpine,2021-03-25,38,993,1,30,36,961,1,2,31,393,7,301,32,694,California
Alpine,2021-03-28,1,994,1,31,0,961,0,2,1,394,0,301,1,695,California
Alpine,2021-03-29,20,1014,0,31,19,980,1,3,3,381,17,318,4,699,California
Alpine,2021-04-01,18,1032,0,31,18,998,0,3,8,379,10,328,8,707,California
Alpine,2021-04-02,101,1133,1,32,100,1098,0,3,47,373,53,381,47,754,California
Alpine,2021-04-05,4,1137,1,33,3,1101,0,3,0,369,4,385,0,754,California
Alpine,2021-04-06,3,1140,2,35,1,1102,0,3,2,370,1,386,2,756,California
Alpine,2021-04-07,120,1260,0,35,119,1221,1,4,29,310,90,476,30,786,California
Alpine,2021-04-08,44,1304,0,35,42,1263,2,6,15,298,29,505,17,803,California
Alpine,2021-04-09,1,1305,0,35,1,1264,0,6,1,299,0,505,1,804,California
Alpine,2021-04-14,42,1347,0,35,42,1306,0,6,5,267,37,542,5,809,California
Alpine,2021-04-15,43,1390,0,35,43,1349,0,6,10,244,33,575,10,819,California
Amador,2020-12-16,2,2,2,2,0,0,0,0,2,2,0,0,2,2,California
Amador,2020-12-17,5,7,5,7,0,0,0,0,5,7,0,0,5,7,California
Amador,2020-12-18,45,52,45,52,0,0,0,0,45,52,0,0,45,52,California
Amador,2020-12-19,17,69,17,69,0,0,0,0,17,69,0,0,17,69,California
Amador,2020-12-20,4,73,4,73,0,0,0,0,4,73,0,0,4,73,California
Amador,2020-12-21,33,106,33,106,0,0,0,0,33,106,0,0,33,106,California
Amador,2020-12-22,35,141,34,140,1,1,0,0,35,141,0,0,35,141,California
Amador,2020-12-23,39,180,38,178,1,2,0,0,39,180,0,0,39,180,California
Amador,2020-12-24,5,185,3,181,2,4,0,0,5,185,0,0,5,185,California
Amador,2020-12-26,5,190,4,185,1,5,0,0,5,190,0,0,5,190,California
Amador,2020-12-27,1,191,0,185,1,6,0,0,1,191,0,0,1,191,California
Amador,2020-12-28,31,222,27,212,4,10,0,0,31,222,0,0,31,222,California
Amador,2020-12-29,26,248,19,231,7,17,0,0,26,248,0,0,26,248,California
Amador,2020-12-30,123,371,77,308,46,63,0,0,123,371,0,0,123,371,California
Amador,2020-12-31,192,563,167,475,25,88,0,0,192,563,0,0,192,563,California
Amador,2021-01-01,1,564,0,475,1,89,0,0,1,564,0,0,1,564,California
Amador,2021-01-02,56,620,56,531,0,89,0,0,56,620,0,0,56,620,California
Amador,2021-01-03,65,685,17,548,48,137,0,0,65,685,0,0,65,685,California
Amador,2021-01-04,125,810,1,549,124,261,0,0,124,808,1,1,124,809,California
Amador,2021-01-05,33,843,3,552,30,291,0,0,31,838,2,3,32,841,California
Amador,2021-01-06,40,883,10,562,30,321,0,0,36,870,4,7,36,877,California
Amador,2021-01-07,227,1110,68,630,159,480,0,0,215,1073,12,19,215,1092,California
Amador,2021-01-08,84,1194,70,700,14,494,0,0,40,1070,44,63,41,1133,California
Amador,2021-01-09,11,1205,11,711,0,494,0,0,2,1063,9,72,2,1135,California
Amador,2021-01-10,7,1212,5,716,2,496,0,0,3,1062,4,76,3,1138,California
Amador,2021-01-11,125,1337,45,761,80,576,0,0,89,1115,36,112,89,1227,California
Amador,2021-01-12,63,1400,48,809,15,591,0,0,40,1132,23,135,40,1267,California
Amador,2021-01-13,38,1438,23,832,15,606,0,0,26,1146,12,147,26,1293,California
Amador,2021-01-14,146,1584,20,852,126,732,0,0,136,1272,10,157,136,1429,California
Amador,2021-01-15,54,1638,23,875,31,763,0,0,47,1312,7,164,47,1476,California
Amador,2021-01-16,19,1657,12,887,7,770,0,0,13,1320,6,170,14,1490,California
Amador,2021-01-17,25,1682,5,892,20,790,0,0,25,1345,0,170,25,1515,California
Amador,2021-01-18,31,1713,27,919,4,794,0,0,9,1332,22,192,9,1524,California
Amador,2021-01-19,119,1832,96,1015,23,817,0,0,75,1363,44,236,75,1599,California
Amador,2021-01-20,182,2014,33,1048,149,966,0,0,166,1514,15,251,166,1765,California
Amador,2021-01-21,253,2267,222,1270,31,997,0,0,144,1550,109,360,145,1910,California
Amador,2021-01-22,132,2399,71,1341,61,1058,0,0,126,1670,6,366,126,2036,California
Amador,2021-01-23,52,2451,32,1373,20,1078,0,0,50,1718,2,368,50,2086,California
Amador,2021-01-24,28,2479,12,1385,16,1094,0,0,25,1740,3,371,25,2111,California
Amador,2021-01-25,58,2537,28,1413,30,1124,0,0,41,1764,17,388,41,2152,California
Amador,2021-01-26,243,2780,16,1429,227,1351,0,0,233,1987,10,398,233,2385,California
Amador,2021-01-27,296,3076,30,1459,266,1617,0,0,249,2192,45,443,250,2635,California
Amador,2021-01-28,345,3421,76,1535,269,1886,0,0,284,2416,61,504,285,2920,California
Amador,2021-01-29,95,3516,30,1565,65,1951,0,0,80,2481,15,519,80,3000,California
Amador,2021-01-30,166,3682,32,1597,134,2085,0,0,161,2637,5,524,161,3161,California
Amador,2021-01-31,32,3714,28,1625,4,2089,0,0,31,2667,1,525,31,3192,California
Amador,2021-02-01,63,3777,23,1648,40,2129,0,0,36,2676,27,552,36,3228,California
Amador,2021-02-02,215,3992,65,1713,150,2279,0,0,127,2719,84,636,127,3355,California
Amador,2021-02-03,141,4133,38,1751,103,2382,0,0,90,2759,50,686,90,3445,California
Amador,2021-02-04,247,4380,71,1822,176,2558,0,0,162,2838,85,771,164,3609,California
Amador,2021-02-05,328,4708,61,1883,267,2825,0,0,313,3136,15,786,313,3922,California
Amador,2021-02-06,99,4807,80,1963,19,2844,0,0,95,3227,4,790,95,4017,California
Amador,2021-02-07,38,4845,35,1998,3,2847,0,0,35,3259,3,793,35,4052,California
Amador,2021-02-08,90,4935,62,2060,28,2875,0,0,73,3315,17,810,73,4125,California
Amador,2021-02-09,172,5107,82,2142,90,2965,0,0,108,3359,64,874,108,4233,California
Amador,2021-02-10,713,5820,78,2220,635,3600,0,0,680,4006,33,907,680,4913,California
Amador,2021-02-11,305,6125,118,2338,187,3787,0,0,200,4102,104,1011,200,5113,California
Amador,2021-02-12,324,6449,118,2456,206,3993,0,0,253,4284,71,1082,253,5366,California
Amador,2021-02-13,165,6614,81,2537,84,4077,0,0,139,4397,26,1108,139,5505,California
Amador,2021-02-14,123,6737,54,2591,69,4146,0,0,106,4486,17,1125,106,5611,California
Amador,2021-02-15,186,6923,59,2650,127,4273,0,0,169,4639,16,1141,169,5780,California
Amador,2021-02-16,407,7330,51,2701,356,4629,0,0,370,4973,37,1178,371,6151,California
Amador,2021-02-17,258,7588,80,2781,178,4807,0,0,163,5041,95,1273,163,6314,California
Amador,2021-02-18,398,7986,98,2879,300,5107,0,0,336,5316,62,1335,337,6651,California
Amador,2021-02-19,191,8177,76,2955,115,5222,0,0,110,5345,81,1416,110,6761,California
Amador,2021-02-20,90,8267,29,2984,61,5283,0,0,63,5381,27,1443,63,6824,California
Amador,2021-02-21,45,8312,34,3018,11,5294,0,0,15,5366,30,1473,15,6839,California
Amador,2021-02-22,63,8375,24,3042,39,5333,0,0,32,5368,30,1503,32,6871,California
Amador,2021-02-23,317,8692,55,3097,262,5595,0,0,138,5328,179,1682,139,7010,California
Amador,2021-02-24,396,9088,56,3153,340,5935,0,0,267,5470,125,1807,267,7277,California
Amador,2021-02-25,518,9606,112,3265,406,6341,0,0,281,5515,236,2043,281,7558,California
Amador,2021-02-26,610,10216,76,3341,534,6875,0,0,505,5916,105,2148,506,8064,California
Amador,2021-02-27,286,10502,90,3431,196,7071,0,0,99,5831,186,2334,101,8165,California
Amador,2021-02-28,101,10603,52,3483,49,7120,0,0,55,5843,46,2380,58,8223,California
Amador,2021-03-01,193,10796,66,3549,127,7247,0,0,124,5899,69,2449,125,8348,California
Amador,2021-03-02,386,11182,62,3611,324,7571,0,0,336,6186,50,2499,337,8685,California
Amador,2021-03-03,245,11427,78,3689,167,7738,0,0,170,6283,74,2573,171,8856,California
Amador,2021-03-04,498,11925,116,3805,382,8120,0,0,396,6577,102,2675,396,9252,California
Amador,2021-03-05,516,12441,75,3880,441,8561,0,0,300,6664,215,2890,302,9554,California
Amador,2021-03-06,100,12541,45,3925,54,8615,1,1,55,6675,45,2935,56,9610,California
Amador,2021-03-07,62,12603,42,3967,20,8635,0,1,19,6651,43,2978,19,9629,California
Amador,2021-03-08,154,12757,71,4038,82,8717,1,2,93,6684,61,3039,94,9723,California
Amador,2021-03-09,372,13129,47,4085,325,9042,0,2,313,6941,56,3095,313,10036,California
Amador,2021-03-10,512,13641,73,4158,438,9480,1,3,248,6928,264,3359,251,10287,California
Amador,2021-03-11,474,14115,113,4271,350,9830,11,14,330,7129,143,3502,344,10631,California
Amador,2021-03-12,570,14685,65,4336,497,10327,8,22,356,7285,213,3715,369,11000,California
Amador,2021-03-13,110,14795,17,4353,86,10413,7,29,72,7330,38,3753,83,11083,California
Amador,2021-03-14,89,14884,19,4372,67,10480,3,32,21,7286,68,3821,24,11107,California
Amador,2021-03-15,188,15072,24,4396,151,10631,13,45,58,7229,130,3951,73,11180,California
Amador,2021-03-16,456,15528,54,4450,392,11023,10,55,192,7169,262,4213,202,11382,California
Amador,2021-03-17,193,15721,40,4490,150,11173,3,58,121,7222,72,4285,125,11507,California
Amador,2021-03-18,475,16196,97,4587,374,11547,4,62,254,7261,221,4506,260,11767,California
Amador,2021-03-19,546,16742,57,4644,472,12019,17,79,398,7533,146,4652,418,12185,California
Amador,2021-03-20,108,16850,46,4690,61,12080,1,80,45,7519,62,4714,48,12233,California
Amador,2021-03-21,50,16900,36,4726,13,12093,1,81,33,7539,16,4730,36,12269,California
Amador,2021-03-22,114,17014,33,4759,52,12145,29,110,49,7552,65,4795,78,12347,California
Amador,2021-03-23,440,17454,48,4807,384,12529,8,118,283,7688,155,4950,291,12638,California
Amador,2021-03-24,345,17799,34,4841,58,12587,253,371,37,7671,307,5257,290,12928,California
Amador,2021-03-25,600,18399,81,4922,513,13100,6,377,391,7860,208,5465,397,13325,California
Amador,2021-03-26,743,19142,42,4964,696,13796,5,382,291,7710,449,5914,299,13624,California
Amador,2021-03-27,89,19231,14,4978,73,13869,2,384,27,7679,62,5976,31,13655,California
Amador,2021-03-28,68,19299,15,4993,51,13920,2,386,14,7642,54,6030,17,13672,California
Amador,2021-03-29,185,19484,27,5020,157,14077,1,387,82,7629,101,6131,88,13760,California
Amador,2021-03-30,537,20021,27,5047,509,14586,1,388,300,7694,236,6367,301,14061,California
Amador,2021-03-31,210,20231,58,5105,147,14733,5,393,48,7585,162,6529,53,14114,California
Amador,2021-04-01,615,20846,85,5190,530,15263,0,393,268,7510,345,6874,270,14384,California
Amador,2021-04-02,609,21455,33,5223,564,15827,12,405,384,7684,223,7097,397,14781,California
Amador,2021-04-03,83,21538,20,5243,43,15870,20,425,20,7662,63,7160,41,14822,California
Amador,2021-04-04,39,21577,3,5246,30,15900,6,431,16,7661,23,7183,22,14844,California
Amador,2021-04-05,142,21719,45,5291,79,15979,18,449,44,7627,97,7280,63,14907,California
Amador,2021-04-06,507,22226,37,5328,451,16430,19,468,225,7591,280,7560,244,15151,California
Amador,2021-04-07,107,22333,34,5362,54,16484,19,487,46,7597,59,7619,65,15216,California
Amador,2021-04-08,503,22836,83,5445,398,16882,22,509,226,7568,277,7896,248,15464,California
Amador,2021-04-09,482,23318,20,5465,444,17326,18,527,215,7533,266,8162,231,15695,California
Amador,2021-04-10,50,23368,13,5478,26,17352,11,538,22,7538,28,8190,33,15728,California
Amador,2021-04-11,48,23416,23,5501,21,17373,4,542,22,7538,26,8216,26,15754,California
Amador,2021-04-12,100,23516,26,5527,65,17438,9,551,43,7533,57,8273,52,15806,California
Amador,2021-04-13,350,23866,49,5576,301,17739,0,551,71,7326,278,8551,71,15877,California
Amador,2021-04-14,71,23937,22,5598,49,17788,0,551,28,7313,42,8593,29,15906,California
Amador,2021-04-15,87,24024,61,5659,26,17814,0,551,32,7297,49,8642,33,15939,California
Butte,2020-12-16,3,3,3,3,0,0,0,0,3,3,0,0,3,3,California
Butte,2020-12-17,21,24,21,24,0,0,0,0,21,24,0,0,21,24,California
Butte,2020-12-18,50,74,50,74,0,0,0,0,50,74,0,0,50,74,California
Butte,2020-12-19,7,81,7,81,0,0,0,0,7,81,0,0,7,81,California
Butte,2020-12-20,10,91,10,91,0,0,0,0,10,91,0,0,10,91,California
Butte,2020-12-21,634,725,634,725,0,0,0,0,634,725,0,0,634,725,California
Butte,2020-12-22,618,1343,616,1341,2,2,0,0,618,1343,0,0,618,1343,California
Butte,2020-12-23,870,2213,854,2195,16,18,0,0,870,2213,0,0,870,2213,California
Butte,2020-12-24,159,2372,156,2351,3,21,0,0,159,2372,0,0,159,2372,California
Butte,2020-12-26,93,2465,91,2442,2,23,0,0,93,2465,0,0,93,2465,California
Butte,2020-12-27,35,2500,34,2476,1,24,0,0,35,2500,0,0,35,2500,California
Butte,2020-12-28,279,2779,273,2749,6,30,0,0,279,2779,0,0,279,2779,California
Butte,2020-12-29,204,2983,180,2929,24,54,0,0,204,2983,0,0,204,2983,California
Butte,2020-12-30,501,3484,290,3219,211,265,0,0,501,3484,0,0,501,3484,California
Butte,2020-12-31,211,3695,18,3237,193,458,0,0,211,3695,0,0,211,3695,California
Butte,2021-01-01,8,3703,1,3238,7,465,0,0,8,3703,0,0,8,3703,California
Butte,2021-01-02,37,3740,36,3274,1,466,0,0,37,3740,0,0,37,3740,California
Butte,2021-01-03,4,3744,1,3275,3,469,0,0,4,3744,0,0,4,3744,California
Butte,2021-01-04,208,3952,174,3449,34,503,0,0,208,3952,0,0,208,3952,California
Butte,2021-01-05,195,4147,151,3600,44,547,0,0,194,4145,1,1,194,4146,California
Butte,2021-01-06,622,4769,396,3996,226,773,0,0,617,4758,5,6,618,4764,California
Butte,2021-01-07,761,5530,369,4365,392,1165,0,0,741,5479,20,26,741,5505,California
Butte,2021-01-08,570,6100,529,4894,41,1206,0,0,524,5957,46,72,524,6029,California
Butte,2021-01-09,12,6112,7,4901,5,1211,0,0,7,5959,5,77,7,6036,California
Butte,2021-01-10,19,6131,5,4906,14,1225,0,0,14,5968,5,82,14,6050,California
Butte,2021-01-11,986,7117,950,5856,36,1261,0,0,357,5699,629,711,360,6410,California
Butte,2021-01-12,697,7814,652,6508,45,1306,0,0,274,5550,423,1134,274,6684,California
Butte,2021-01-13,1450,9264,955,7463,495,1801,0,0,615,5332,835,1969,617,7301,California
Butte,2021-01-14,1637,10901,896,8359,741,2542,0,0,1440,6576,196,2165,1440,8741,California
Butte,2021-01-15,1169,12070,925,9284,244,2786,0,0,1060,7526,110,2275,1060,9801,California
Butte,2021-01-16,586,12656,300,9584,286,3072,0,0,541,8022,45,2320,541,10342,California
Butte,2021-01-17,239,12895,64,9648,175,3247,0,0,202,8187,37,2357,202,10544,California
Butte,2021-01-18,342,13237,302,9950,40,3287,0,0,274,8394,67,2424,274,10818,California
Butte,2021-01-19,492,13729,429,10379,63,3350,0,0,219,8340,273,2697,219,11037,California
Butte,2021-01-20,1346,15075,665,11044,681,4031,0,0,1045,9084,301,2998,1045,12082,California
Butte,2021-01-21,1473,16548,865,11909,608,4639,0,0,1367,10346,105,3103,1367,13449,California
Butte,2021-01-22,992,17540,334,12243,658,5297,0,0,939,11232,53,3156,939,14388,California
Butte,2021-01-23,124,17664,82,12325,42,5339,0,0,99,11306,25,3181,99,14487,California
Butte,2021-01-24,9,17673,7,12332,2,5341,0,0,9,11315,0,3181,9,14496,California
Butte,2021-01-25,653,18326,336,12668,317,5658,0,0,490,11642,163,3344,490,14986,California
Butte,2021-01-26,1466,19792,377,13045,1089,6747,0,0,1329,12834,137,3481,1329,16315,California
Butte,2021-01-27,2080,21872,705,13750,1375,8122,0,0,1364,13483,715,4196,1364,17679,California
Butte,2021-01-28,2260,24132,260,14010,2000,10122,0,0,1950,15124,309,4505,1950,19629,California
Butte,2021-01-29,1674,25806,487,14497,1187,11309,0,0,1295,16041,378,4883,1295,20924,California
Butte,2021-01-30,31,25837,9,14506,22,11331,0,0,28,16066,3,4886,28,20952,California
Butte,2021-01-31,17,25854,15,14521,2,11333,0,0,16,16081,1,4887,16,20968,California
Butte,2021-02-01,1746,27600,406,14927,1340,12673,0,0,1359,17055,385,5272,1359,22327,California
Butte,2021-02-02,1931,29531,362,15289,1569,14242,0,0,1628,18379,304,5576,1628,23955,California
Butte,2021-02-03,2734,32265,772,16061,1962,16204,0,0,1845,19337,887,6463,1845,25800,California
Butte,2021-02-04,2959,35224,327,16388,2632,18836,0,0,2404,21188,553,7016,2404,28204,California
Butte,2021-02-05,1167,36391,662,17050,505,19341,0,0,537,21096,630,7646,538,28742,California
Butte,2021-02-06,143,36534,102,17152,41,19382,0,0,61,21075,82,7728,61,28803,California
Butte,2021-02-07,38,36572,34,17186,4,19386,0,0,14,21065,24,7752,14,28817,California
Butte,2021-02-08,689,37261,540,17726,149,19535,0,0,238,20852,451,8203,238,29055,California
Butte,2021-02-09,951,38212,457,18183,494,20029,0,0,724,21349,227,8430,724,29779,California
Butte,2021-02-10,1708,39920,1190,19373,518,20547,0,0,698,21038,1009,9439,698,30477,California
Butte,2021-02-11,2198,42118,1348,20721,850,21397,0,0,1004,20848,1194,10633,1004,31481,California
Butte,2021-02-12,865,42983,300,21021,565,21962,0,0,317,20618,547,11180,317,31798,California
Butte,2021-02-13,254,43237,45,21066,209,22171,0,0,151,20666,103,11283,151,31949,California
Butte,2021-02-14,160,43397,9,21075,151,22322,0,0,155,20816,5,11288,155,32104,California
Butte,2021-02-15,261,43658,48,21123,213,22535,0,0,198,20951,63,11351,198,32302,California
Butte,2021-02-16,729,44387,428,21551,301,22836,0,0,273,20767,457,11808,273,32575,California
Butte,2021-02-17,1512,45899,846,22397,666,23502,0,0,840,20937,670,12478,840,33415,California
Butte,2021-02-18,1549,47448,758,23155,791,24293,0,0,744,20876,805,13283,744,34159,California
Butte,2021-02-19,1165,48613,387,23542,778,25071,0,0,402,20520,758,14041,402,34561,California
Butte,2021-02-20,473,49086,28,23570,445,25516,0,0,120,20288,352,14393,120,34681,California
Butte,2021-02-21,15,49101,13,23583,2,25518,0,0,11,20295,4,14397,11,34692,California
Butte,2021-02-22,1493,50594,296,23879,1197,26715,0,0,384,19571,1108,15505,384,35076,California
Butte,2021-02-23,1631,52225,298,24177,1333,28048,0,0,461,18867,1165,16670,461,35537,California
Butte,2021-02-24,2129,54354,596,24773,1533,29581,0,0,728,18202,1393,18063,728,36265,California
Butte,2021-02-25,2073,56427,575,25348,1498,31079,0,0,654,17441,1416,19479,655,36920,California
Butte,2021-02-26,921,57348,311,25659,610,31689,0,0,398,17319,520,19999,398,37318,California
Butte,2021-02-27,233,57581,47,25706,186,31875,0,0,186,17460,45,20044,186,37504,California
Butte,2021-02-28,140,57721,17,25723,123,31998,0,0,131,17582,9,20053,131,37635,California
Butte,2021-03-01,1623,59344,178,25901,1444,33442,1,1,327,16615,1295,21348,328,37963,California
Butte,2021-03-02,1732,61076,192,26093,1540,34982,0,1,302,15490,1427,22775,302,38265,California
Butte,2021-03-03,2774,63850,840,26933,1934,36916,0,1,480,13677,2293,25068,480,38745,California
Butte,2021-03-04,3120,66970,659,27592,2461,39377,0,1,610,11778,2509,27577,610,39355,California
Butte,2021-03-05,1327,68297,603,28195,723,40100,1,2,721,11897,603,28180,722,40077,California
Butte,2021-03-06,243,68540,27,28222,193,40293,23,25,183,12044,59,28239,206,40283,California
Butte,2021-03-07,54,68594,3,28225,34,40327,17,42,29,12065,25,28264,46,40329,California
Butte,2021-03-08,1260,69854,128,28353,1055,41382,77,119,1097,13078,161,28425,1174,41503,California
Butte,2021-03-09,1893,71747,276,28629,1514,42896,103,222,1408,14105,484,28909,1511,43014,California
Butte,2021-03-10,2319,74066,966,29595,1253,44149,100,322,1581,15052,733,29642,1680,44694,California
Butte,2021-03-11,2801,76867,1313,30908,1364,45513,124,446,1980,16345,811,30453,2104,46798,California
Butte,2021-03-12,1133,78000,324,31232,463,45976,346,792,354,16272,773,31226,700,47498,California
Butte,2021-03-13,248,78248,67,31299,134,46110,47,839,63,16197,185,31411,110,47608,California
Butte,2021-03-14,160,78408,15,31314,103,46213,42,881,21,16122,138,31549,63,47671,California
Butte,2021-03-15,1716,80124,359,31673,1064,47277,293,1174,1125,16952,588,32137,1418,49089,California
Butte,2021-03-16,1621,81745,415,32088,1128,48405,78,1252,1080,17571,538,32675,1157,50246,California
Butte,2021-03-17,1947,83692,1357,33445,509,48914,81,1333,1128,17967,812,33487,1208,51454,California
Butte,2021-03-18,1794,85486,1454,34899,211,49125,129,1462,1055,18415,735,34222,1183,52637,California
Butte,2021-03-19,695,86181,313,35212,298,49423,84,1546,344,18498,345,34567,428,53065,California
Butte,2021-03-20,205,86386,32,35244,157,49580,16,1562,93,18496,111,34678,109,53174,California
Butte,2021-03-21,58,86444,26,35270,3,49583,29,1591,16,18499,42,34720,45,53219,California
Butte,2021-03-22,1458,87902,352,35622,1012,50595,94,1685,1194,19526,261,34981,1288,54507,California
Butte,2021-03-23,1793,89695,488,36110,1191,51786,114,1799,1452,20752,340,35321,1566,56073,California
Butte,2021-03-24,2236,91931,1257,37367,853,52639,126,1925,1694,22033,538,35859,1819,57892,California
Butte,2021-03-25,1463,93394,1182,38549,192,52831,89,2014,1003,22668,457,36316,1092,58984,California
Butte,2021-03-26,1197,94591,434,38983,517,53348,246,2260,559,22842,631,36947,805,59789,California
Butte,2021-03-27,300,94891,84,39067,192,53540,24,2284,132,22832,165,37112,155,59944,California
Butte,2021-03-28,224,95115,43,39110,173,53713,8,2292,100,22818,121,37233,107,60051,California
Butte,2021-03-29,1719,96834,380,39490,1269,54982,70,2362,1308,23788,408,37641,1378,61429,California
Butte,2021-03-30,1029,97863,465,39955,474,55456,90,2452,492,23838,532,38173,582,62011,California
Butte,2021-03-31,1771,99634,1301,41256,403,55859,67,2519,1084,24306,683,38856,1151,63162,California
Butte,2021-04-01,3277,102911,2661,43917,489,56348,127,2646,2209,25580,1063,39919,2337,65499,California
Butte,2021-04-02,993,103904,413,44330,462,56810,118,2764,561,25835,423,40342,678,66177,California
Butte,2021-04-03,344,104248,47,44377,223,57033,74,2838,166,25897,178,40520,240,66417,California
Butte,2021-04-04,185,104433,22,44399,140,57173,23,2861,108,25952,76,40596,131,66548,California
Butte,2021-04-05,1958,106391,420,44819,1368,58541,170,3031,602,25373,1350,41946,771,67319,California
Butte,2021-04-06,2181,108572,617,45436,1145,59686,419,3450,786,25187,1389,43335,1203,68522,California
Butte,2021-04-07,2996,111568,1311,46747,1293,60979,392,3842,688,23964,2303,45638,1080,69602,California
Butte,2021-04-08,2705,114273,1179,47926,1261,62240,265,4107,432,22391,2270,47908,697,70299,California
Butte,2021-04-09,1313,115586,340,48266,534,62774,439,4546,317,22154,992,48900,755,71054,California
Butte,2021-04-10,215,115801,46,48312,72,62846,97,4643,93,22222,121,49021,189,71243,California
Butte,2021-04-11,101,115902,44,48356,47,62893,10,4653,81,22295,18,49039,91,71334,California
Butte,2021-04-12,1214,117116,315,48671,773,63666,126,4779,243,21693,971,50010,369,71703,California
Butte,2021-04-13,821,117937,540,49211,275,63941,6,4785,282,21444,538,50548,289,71992,California
Butte,2021-04-14,1600,119537,1145,50356,455,64396,0,4785,192,20239,1405,51953,200,72192,California
Butte,2021-04-15,437,119974,333,50689,104,64500,0,4785,357,20517,79,52032,357,72549,California
Calaveras,2020-12-16,5,5,5,5,0,0,0,0,5,5,0,0,5,5,California
Calaveras,2020-12-17,3,8,3,8,0,0,0,0,3,8,0,0,3,8,California
Calaveras,2020-12-18,38,46,38,46,0,0,0,0,38,46,0,0,38,46,California
Calaveras,2020-12-19,3,49,3,49,0,0,0,0,3,49,0,0,3,49,California
Calaveras,2020-12-20,3,52,3,52,0,0,0,0,3,52,0,0,3,52,California
Calaveras,2020-12-21,55,107,48,100,7,7,0,0,55,107,0,0,55,107,California
Calaveras,2020-12-22,80,187,76,176,4,11,0,0,81,188,0,0,81,188,California
Calaveras,2020-12-23,76,263,74,250,2,13,0,0,85,273,0,0,85,273,California
Calaveras,2020-12-24,2,265,2,252,0,13,0,0,2,275,0,0,2,275,California
Calaveras,2020-12-26,3,268,3,255,0,13,0,0,3,278,0,0,3,278,California
Calaveras,2020-12-28,22,290,18,273,4,17,0,0,21,298,1,1,21,299,California
Calaveras,2020-12-29,167,457,148,421,19,36,0,0,167,465,0,1,167,466,California
Calaveras,2020-12-30,94,551,82,503,12,48,0,0,94,559,0,1,94,560,California
Calaveras,2020-12-31,35,586,25,528,10,58,0,0,35,594,0,1,35,595,California
Calaveras,2021-01-02,11,597,11,539,0,58,0,0,11,605,0,1,11,606,California
Calaveras,2021-01-03,8,605,3,542,5,63,0,0,8,613,0,1,8,614,California
Calaveras,2021-01-04,33,638,5,547,28,91,0,0,33,646,0,1,33,647,California
Calaveras,2021-01-05,41,679,10,557,31,122,0,0,35,678,8,9,40,687,California
Calaveras,2021-01-06,109,788,30,587,79,201,0,0,99,767,10,19,99,786,California
Calaveras,2021-01-07,104,892,25,612,79,280,0,0,92,849,11,30,93,879,California
Calaveras,2021-01-08,69,961,38,650,31,311,0,0,46,873,23,53,47,926,California
Calaveras,2021-01-09,5,966,5,655,0,311,0,0,2,872,3,56,2,928,California
Calaveras,2021-01-10,2,968,0,655,2,313,0,0,2,874,0,56,2,930,California
Calaveras,2021-01-11,65,1033,59,714,6,319,0,0,28,867,36,92,29,959,California
Calaveras,2021-01-12,86,1119,53,767,33,352,0,0,53,888,33,125,54,1013,California
Calaveras,2021-01-13,107,1226,43,810,64,416,0,0,74,930,33,158,75,1088,California
Calaveras,2021-01-14,135,1361,41,851,94,510,0,0,102,1000,32,190,102,1190,California
Calaveras,2021-01-15,113,1474,51,902,62,572,0,0,87,1061,26,216,87,1277,California
Calaveras,2021-01-16,12,1486,2,904,10,582,0,0,11,1071,1,217,11,1288,California
Calaveras,2021-01-17,10,1496,1,905,9,591,0,0,10,1081,0,217,10,1298,California
Calaveras,2021-01-18,132,1628,20,925,112,703,0,0,119,1190,13,230,122,1420,California
Calaveras,2021-01-19,205,1833,175,1100,30,733,0,0,62,1112,141,371,63,1483,California
Calaveras,2021-01-20,393,2226,81,1181,312,1045,0,0,309,1346,83,454,317,1800,California
Calaveras,2021-01-21,462,2688,40,1221,422,1467,0,0,435,1760,27,481,441,2241,California
Calaveras,2021-01-22,432,3120,23,1244,409,1876,0,0,422,2179,10,491,429,2670,California
Calaveras,2021-01-23,22,3142,10,1254,12,1888,0,0,18,2193,4,495,18,2688,California
Calaveras,2021-01-24,14,3156,8,1262,6,1894,0,0,12,2203,2,497,12,2700,California
Calaveras,2021-01-25,121,3277,7,1269,114,2008,0,0,116,2314,5,502,116,2816,California
Calaveras,2021-01-26,49,3326,18,1287,31,2039,0,0,38,2341,11,513,38,2854,California
Calaveras,2021-01-27,161,3487,44,1331,117,2156,0,0,134,2449,26,539,134,2988,California
Calaveras,2021-01-28,164,3651,22,1353,142,2298,0,0,141,2570,23,562,144,3132,California
Calaveras,2021-01-29,445,4096,33,1386,412,2710,0,0,423,2979,22,584,431,3563,California
Calaveras,2021-01-30,28,4124,10,1396,18,2728,0,0,26,3005,0,584,26,3589,California
Calaveras,2021-01-31,5,4129,3,1399,2,2730,0,0,4,3008,1,585,4,3593,California
Calaveras,2021-02-01,53,4182,41,1440,12,2742,0,0,34,3023,19,604,34,3627,California
Calaveras,2021-02-02,110,4292,24,1464,86,2828,0,0,72,3062,34,638,73,3700,California
Calaveras,2021-02-03,438,4730,43,1507,395,3223,0,0,354,3334,83,721,355,4055,California
Calaveras,2021-02-04,376,5106,23,1530,353,3576,0,0,295,3548,81,802,295,4350,California
Calaveras,2021-02-05,80,5186,23,1553,57,3633,0,0,41,3551,39,841,42,4392,California
Calaveras,2021-02-06,22,5208,13,1566,9,3642,0,0,22,3573,0,841,22,4414,California
Calaveras,2021-02-07,4,5212,1,1567,3,3645,0,0,2,3573,2,843,2,4416,California
Calaveras,2021-02-08,39,5251,18,1585,21,3666,0,0,31,3598,6,849,31,4447,California
Calaveras,2021-02-09,207,5458,92,1677,115,3781,0,0,146,3689,55,904,146,4593,California
Calaveras,2021-02-10,506,5964,28,1705,478,4259,0,0,440,4064,66,970,441,5034,California
Calaveras,2021-02-11,578,6542,77,1782,501,4760,0,0,471,4431,105,1075,472,5506,California
Calaveras,2021-02-12,568,7110,325,2107,243,5003,0,0,494,4853,73,1148,495,6001,California
Calaveras,2021-02-13,192,7302,37,2144,155,5158,0,0,177,5015,15,1163,177,6178,California
Calaveras,2021-02-14,221,7523,71,2215,150,5308,0,0,206,5206,15,1178,206,6384,California
Calaveras,2021-02-15,378,7901,21,2236,357,5665,0,0,261,5353,114,1292,261,6645,California
Calaveras,2021-02-16,300,8201,174,2410,126,5791,0,0,243,5539,57,1349,243,6888,California
Calaveras,2021-02-17,526,8727,37,2447,489,6280,0,0,211,5443,308,1657,212,7100,California
Calaveras,2021-02-18,496,9223,90,2537,406,6686,0,0,98,5153,388,2045,98,7198,California
Calaveras,2021-02-19,438,9661,43,2580,395,7081,0,0,97,4919,331,2376,97,7295,California
Calaveras,2021-02-20,59,9720,15,2595,44,7125,0,0,48,4956,11,2387,48,7343,California
Calaveras,2021-02-21,21,9741,13,2608,8,7133,0,0,18,4971,3,2390,18,7361,California
Calaveras,2021-02-22,63,9804,40,2648,23,7156,0,0,33,4974,30,2420,33,7394,California
Calaveras,2021-02-23,150,9954,68,2716,82,7238,0,0,101,5027,49,2469,102,7496,California
Calaveras,2021-02-24,96,10050,47,2763,49,7287,0,0,65,5062,30,2499,65,7561,California
Calaveras,2021-02-25,551,10601,98,2861,453,7740,0,0,361,5236,187,2686,361,7922,California
Calaveras,2021-02-26,718,11319,45,2906,673,8413,0,0,369,5273,334,3020,371,8293,California
Calaveras,2021-02-27,203,11522,22,2928,181,8594,0,0,179,5428,24,3044,179,8472,California
Calaveras,2021-02-28,95,11617,15,2943,80,8674,0,0,91,5515,4,3048,91,8563,California
Calaveras,2021-03-01,274,11891,59,3002,215,8889,0,0,147,5537,126,3174,148,8711,California
Calaveras,2021-03-02,242,12133,92,3094,150,9039,0,0,201,5699,40,3214,202,8913,California
Calaveras,2021-03-03,505,12638,102,3196,403,9442,0,0,212,5620,291,3505,212,9125,California
Calaveras,2021-03-04,762,13400,59,3255,702,10144,1,1,348,5561,410,3915,351,9476,California
Calaveras,2021-03-05,456,13856,270,3525,181,10325,5,6,141,5394,313,4228,146,9622,California
Calaveras,2021-03-06,155,14011,43,3568,106,10431,6,12,121,5487,34,4262,127,9749,California
Calaveras,2021-03-07,76,14087,32,3600,36,10467,8,20,34,5488,42,4304,43,9792,California
Calaveras,2021-03-08,159,14246,25,3625,126,10593,8,28,125,5588,33,4337,133,9925,California
Calaveras,2021-03-09,375,14621,151,3776,218,10811,6,34,38,5298,334,4671,44,9969,California
Calaveras,2021-03-10,412,15033,24,3800,385,11196,3,37,54,4999,356,5027,57,10026,California
Calaveras,2021-03-11,840,15873,413,4213,414,11610,13,50,426,5026,412,5439,439,10465,California
Calaveras,2021-03-12,394,16267,210,4423,173,11783,11,61,324,5295,70,5509,339,10804,California
Calaveras,2021-03-13,174,16441,16,4439,150,11933,8,69,144,5418,31,5540,154,10958,California
Calaveras,2021-03-14,155,16596,10,4449,144,12077,1,70,17,5305,138,5678,25,10983,California
Calaveras,2021-03-15,330,16926,47,4496,257,12334,26,96,53,5111,277,5955,83,11066,California
Calaveras,2021-03-16,708,17634,573,5069,115,12449,20,116,553,5530,154,6109,573,11639,California
Calaveras,2021-03-17,278,17912,52,5121,213,12662,13,129,51,5370,225,6334,65,11704,California
Calaveras,2021-03-18,666,18578,571,5692,80,12742,15,144,551,5823,115,6449,568,12272,California
Calaveras,2021-03-19,228,18806,47,5739,108,12850,73,217,56,5782,169,6618,128,12400,California
Calaveras,2021-03-20,81,18887,21,5760,59,12909,1,218,25,5753,56,6674,27,12427,California
Calaveras,2021-03-21,48,18935,31,5791,6,12915,11,229,13,5742,35,6709,24,12451,California
Calaveras,2021-03-22,78,19013,35,5826,22,12937,21,250,26,5737,52,6761,47,12498,California
Calaveras,2021-03-23,303,19316,218,6044,75,13012,10,260,122,5694,175,6936,132,12630,California
Calaveras,2021-03-24,131,19447,49,6093,72,13084,10,270,45,5663,86,7022,55,12685,California
Calaveras,2021-03-25,736,20183,100,6193,633,13717,3,273,443,5819,290,7312,446,13131,California
Calaveras,2021-03-26,422,20605,25,6218,391,14108,6,279,86,5580,333,7645,94,13225,California
Calaveras,2021-03-27,210,20815,18,6236,188,14296,4,283,37,5454,170,7815,44,13269,California
Calaveras,2021-03-28,109,20924,12,6248,95,14391,2,285,8,5365,100,7915,11,13280,California
Calaveras,2021-03-29,174,21098,22,6270,150,14541,2,287,57,5310,116,8031,61,13341,California
Calaveras,2021-03-30,528,21626,31,6301,481,15022,16,303,360,5519,168,8199,377,13718,California
Calaveras,2021-03-31,324,21950,144,6445,170,15192,10,313,159,5524,165,8364,170,13888,California
Calaveras,2021-04-01,679,22629,439,6884,239,15431,1,314,187,5223,491,8855,190,14078,California
Calaveras,2021-04-02,393,23022,232,7116,153,15584,8,322,117,5075,274,9129,126,14204,California
Calaveras,2021-04-03,141,23163,30,7146,107,15691,4,326,39,5016,102,9231,43,14247,California
Calaveras,2021-04-04,78,23241,25,7171,53,15744,0,326,50,5038,28,9259,50,14297,California
Calaveras,2021-04-05,217,23458,88,7259,120,15864,9,335,100,5031,117,9376,110,14407,California
Calaveras,2021-04-06,650,24108,575,7834,61,15925,14,349,108,4614,539,9915,122,14529,California
Calaveras,2021-04-07,752,24860,653,8487,63,15988,36,385,615,5129,137,10052,652,15181,California
Calaveras,2021-04-08,942,25802,856,9343,66,16054,20,405,438,5086,503,10555,460,15641,California
Calaveras,2021-04-09,144,25946,54,9397,45,16099,45,450,55,5098,89,10644,101,15742,California
Calaveras,2021-04-10,189,26135,43,9440,129,16228,17,467,149,5225,40,10684,167,15909,California
Calaveras,2021-04-11,67,26202,43,9483,22,16250,2,469,46,5252,21,10705,48,15957,California
Calaveras,2021-04-12,100,26302,48,9531,38,16288,14,483,57,5281,43,10748,72,16029,California
Calaveras,2021-04-13,461,26763,406,9937,55,16343,0,483,395,5614,64,10812,397,16426,California
Calaveras,2021-04-14,164,26927,20,9957,144,16487,0,483,126,5703,38,10850,127,16553,California
Calaveras,2021-04-15,310,27237,280,10237,30,16517,0,483,236,5869,71,10921,237,16790,California
Colusa,2020-12-18,1,1,1,1,0,0,0,0,1,1,0,0,1,1,California
Colusa,2020-12-21,2,3,2,3,0,0,0,0,2,3,0,0,2,3,California
Colusa,2020-12-22,10,13,10,13,0,0,0,0,10,13,0,0,10,13,California
Colusa,2020-12-23,10,23,10,23,0,0,0,0,10,23,0,0,10,23,California
Colusa,2020-12-24,2,25,1,24,1,1,0,0,2,25,0,0,2,25,California
Colusa,2020-12-27,1,26,1,25,0,1,0,0,1,26,0,0,1,26,California
Colusa,2020-12-28,7,33,3,28,4,5,0,0,7,33,0,0,7,33,California
Colusa,2020-12-29,11,44,8,36,3,8,0,0,11,44,0,0,11,44,California
Colusa,2020-12-30,50,94,13,49,37,45,0,0,50,94,0,0,50,94,California
Colusa,2020-12-31,18,112,1,50,17,62,0,0,18,112,0,0,18,112,California
Colusa,2021-01-04,4,116,0,50,4,66,0,0,4,116,0,0,4,116,California
Colusa,2021-01-05,67,183,1,51,66,132,0,0,67,183,0,0,67,183,California
Colusa,2021-01-06,15,198,9,60,6,138,0,0,15,198,0,0,15,198,California
Colusa,2021-01-07,38,236,4,64,34,172,0,0,37,234,1,1,37,235,California
Colusa,2021-01-08,9,245,7,71,2,174,0,0,8,241,1,2,8,243,California
Colusa,2021-01-09,2,247,1,72,1,175,0,0,2,243,0,2,2,245,California
Colusa,2021-01-10,1,248,0,72,1,176,0,0,1,244,0,2,1,246,California
Colusa,2021-01-11,12,260,6,78,6,182,0,0,7,246,5,7,7,253,California
Colusa,2021-01-12,11,271,9,87,2,184,0,0,6,247,5,12,6,259,California
Colusa,2021-01-13,21,292,13,100,8,192,0,0,13,252,8,20,13,272,California
Colusa,2021-01-14,35,327,28,128,7,199,0,0,33,283,2,22,33,305,California
Colusa,2021-01-15,41,368,5,133,36,235,0,0,39,320,2,24,39,344,California
Colusa,2021-01-16,12,380,1,134,11,246,0,0,11,330,1,25,11,355,California
Colusa,2021-01-17,3,383,2,136,1,247,0,0,2,331,1,26,2,357,California
Colusa,2021-01-18,4,387,0,136,4,251,0,0,4,335,0,26,4,361,California
Colusa,2021-01-19,9,396,8,144,1,252,0,0,5,336,4,30,5,366,California
Colusa,2021-01-20,115,511,101,245,14,266,0,0,102,425,13,43,102,468,California
Colusa,2021-01-21,56,567,41,286,15,281,0,0,55,479,1,44,55,523,California
Colusa,2021-01-22,40,607,17,303,23,304,0,0,35,509,5,49,35,558,California
Colusa,2021-01-23,35,642,6,309,29,333,0,0,35,544,0,49,35,593,California
Colusa,2021-01-25,7,649,0,309,7,340,0,0,7,551,0,49,7,600,California
Colusa,2021-01-26,8,657,5,314,3,343,0,0,5,553,3,52,5,605,California
Colusa,2021-01-27,107,764,31,345,76,419,0,0,105,656,2,54,105,710,California
Colusa,2021-01-28,79,843,46,391,33,452,0,0,72,721,7,61,72,782,California
Colusa,2021-01-29,40,883,7,398,33,485,0,0,39,759,1,62,39,821,California
Colusa,2021-01-30,27,910,4,402,23,508,0,0,27,786,0,62,27,848,California
Colusa,2021-01-31,7,917,7,409,0,508,0,0,7,793,0,62,7,855,California
Colusa,2021-02-01,27,944,10,419,17,525,0,0,22,810,5,67,22,877,California
Colusa,2021-02-02,42,986,8,427,34,559,0,0,36,840,6,73,36,913,California
Colusa,2021-02-03,69,1055,10,437,59,618,0,0,59,889,10,83,59,972,California
Colusa,2021-02-04,143,1198,81,518,62,680,0,0,115,976,28,111,115,1087,California
Colusa,2021-02-05,32,1230,8,526,24,704,0,0,29,1002,3,114,29,1116,California
Colusa,2021-02-06,284,1514,8,534,276,980,0,0,273,1264,11,125,273,1389,California
Colusa,2021-02-07,2,1516,1,535,1,981,0,0,0,1262,2,127,0,1389,California
Colusa,2021-02-08,40,1556,5,540,35,1016,0,0,37,1296,3,130,37,1426,California
Colusa,2021-02-09,231,1787,14,554,217,1233,0,0,176,1417,55,185,176,1602,California
Colusa,2021-02-10,116,1903,41,595,75,1308,0,0,73,1447,43,228,73,1675,California
Colusa,2021-02-11,97,2000,36,631,61,1369,0,0,72,1494,25,253,72,1747,California
Colusa,2021-02-12,118,2118,9,640,109,1478,0,0,80,1535,39,292,80,1827,California
Colusa,2021-02-13,60,2178,8,648,52,1530,0,0,52,1579,8,300,52,1879,California
Colusa,2021-02-14,20,2198,8,656,12,1542,0,0,14,1587,6,306,14,1893,California
Colusa,2021-02-15,45,2243,10,666,35,1577,0,0,38,1618,7,313,38,1931,California
Colusa,2021-02-16,67,2310,4,670,63,1640,0,0,66,1683,1,314,66,1997,California
Colusa,2021-02-17,206,2516,143,813,63,1703,0,0,60,1597,146,460,60,2057,California
Colusa,2021-02-18,135,2651,35,848,100,1803,0,0,112,1686,23,483,112,2169,California
Colusa,2021-02-19,155,2806,19,867,136,1939,0,0,129,1789,26,509,129,2298,California
Colusa,2021-02-20,28,2834,6,873,22,1961,0,0,12,1785,16,525,12,2310,California
Colusa,2021-02-21,1,2835,1,874,0,1961,0,0,0,1784,1,526,0,2310,California
Colusa,2021-02-22,43,2878,26,900,17,1978,0,0,29,1799,14,540,29,2339,California
Colusa,2021-02-23,22,2900,6,906,16,1994,0,0,18,1813,4,544,18,2357,California
Colusa,2021-02-24,300,3200,54,960,246,2240,0,0,158,1829,142,686,158,2515,California
Colusa,2021-02-25,101,3301,54,1014,47,2287,0,0,66,1860,35,721,66,2581,California
Colusa,2021-02-26,96,3397,12,1026,84,2371,0,0,58,1880,38,759,58,2639,California
Colusa,2021-02-27,55,3452,4,1030,51,2422,0,0,40,1905,15,774,40,2679,California
Colusa,2021-02-28,26,3478,14,1044,12,2434,0,0,18,1915,8,782,18,2697,California
Colusa,2021-03-01,46,3524,15,1059,31,2465,0,0,29,1927,17,799,29,2726,California
Colusa,2021-03-02,47,3571,13,1072,34,2499,0,0,24,1928,23,822,24,2750,California
Colusa,2021-03-03,237,3808,38,1110,199,2698,0,0,180,2051,57,879,180,2930,California
Colusa,2021-03-04,136,3944,58,1168,78,2776,0,0,80,2075,56,935,80,3010,California
Colusa,2021-03-05,98,4042,25,1193,64,2840,9,9,53,2092,45,980,62,3072,California
Colusa,2021-03-06,274,4316,9,1202,265,3105,0,9,37,1892,237,1217,37,3109,California
Colusa,2021-03-07,8,4324,5,1207,3,3108,0,9,6,1896,2,1219,6,3115,California
Colusa,2021-03-08,88,4412,20,1227,33,3141,35,44,44,1931,44,1263,79,3194,California
Colusa,2021-03-09,272,4684,70,1297,179,3320,23,67,83,1848,189,1452,106,3300,California
Colusa,2021-03-10,287,4971,35,1332,216,3536,36,103,201,1999,86,1538,237,3537,California
Colusa,2021-03-11,415,5386,57,1389,337,3873,21,124,333,2270,82,1620,353,3890,California
Colusa,2021-03-12,110,5496,18,1407,79,3952,13,137,19,2211,91,1711,32,3922,California
Colusa,2021-03-13,61,5557,16,1423,36,3988,9,146,18,2195,43,1754,27,3949,California
Colusa,2021-03-14,20,5577,0,1423,18,4006,2,148,6,2190,13,1767,8,3957,California
Colusa,2021-03-15,68,5645,26,1449,34,4040,8,156,13,2156,55,1822,21,3978,California
Colusa,2021-03-16,292,5937,15,1464,231,4271,46,202,185,2280,107,1929,231,4209,California
Colusa,2021-03-17,194,6131,49,1513,145,4416,0,202,110,2306,84,2013,110,4319,California
Colusa,2021-03-18,318,6449,33,1546,214,4630,71,273,195,2449,123,2136,266,4585,California
Colusa,2021-03-19,77,6526,20,1566,55,4685,2,275,54,2482,23,2159,56,4641,California
Colusa,2021-03-20,48,6574,7,1573,40,4725,1,276,35,2505,13,2172,36,4677,California
Colusa,2021-03-21,6,6580,4,1577,2,4727,0,276,4,2507,2,2174,4,4681,California
Colusa,2021-03-22,63,6643,10,1587,44,4771,9,285,41,2535,22,2196,50,4731,California
Colusa,2021-03-23,81,6724,16,1603,63,4834,2,287,54,2564,27,2223,56,4787,California
Colusa,2021-03-24,334,7058,56,1659,272,5106,6,293,69,2373,265,2488,74,4861,California
Colusa,2021-03-25,107,7165,59,1718,43,5149,5,298,50,2371,57,2545,55,4916,California
Colusa,2021-03-26,297,7462,46,1764,247,5396,4,302,244,2566,53,2598,248,5164,California
Colusa,2021-03-27,62,7524,5,1769,57,5453,0,302,24,2552,38,2636,24,5188,California
Colusa,2021-03-28,15,7539,6,1775,9,5462,0,302,7,2551,8,2644,7,5195,California
Colusa,2021-03-29,68,7607,19,1794,44,5506,5,307,30,2548,38,2682,35,5230,California
Colusa,2021-03-30,147,7754,78,1872,67,5573,2,309,77,2557,70,2752,79,5309,California
Colusa,2021-03-31,226,7980,35,1907,191,5764,0,309,72,2476,153,2905,72,5381,California
Colusa,2021-04-01,420,8400,64,1971,301,6065,55,364,299,2710,120,3025,354,5735,California
Colusa,2021-04-02,81,8481,14,1985,54,6119,13,377,39,2720,42,3067,52,5787,California
Colusa,2021-04-03,62,8543,10,1995,29,6148,23,400,14,2709,48,3115,37,5824,California
Colusa,2021-04-04,18,8561,0,1995,8,6156,10,410,3,2707,15,3130,13,5837,California
Colusa,2021-04-05,95,8656,25,2020,55,6211,15,425,39,2705,56,3186,54,5891,California
Colusa,2021-04-06,128,8784,33,2053,45,6256,50,475,43,2713,85,3271,93,5984,California
Colusa,2021-04-07,356,9140,40,2093,293,6549,23,498,132,2645,224,3495,156,6140,California
Colusa,2021-04-08,427,9567,33,2126,366,6915,28,526,121,2491,303,3798,149,6289,California
Colusa,2021-04-09,75,9642,20,2146,32,6947,23,549,28,2495,47,3845,51,6340,California
Colusa,2021-04-10,45,9687,9,2155,16,6963,20,569,13,2496,32,3877,33,6373,California
Colusa,2021-04-11,15,9702,2,2157,11,6974,2,571,7,2497,8,3885,9,6382,California
Colusa,2021-04-12,31,9733,3,2160,28,7002,0,571,24,2514,7,3892,24,6406,California
Colusa,2021-04-13,277,10010,22,2182,255,7257,0,571,93,2424,183,4075,93,6499,California
Colusa,2021-04-14,82,10092,16,2198,66,7323,0,571,25,2392,57,4132,25,6524,California
Colusa,2021-04-15,76,10168,30,2228,46,7369,0,571,39,2394,37,4169,39,6563,California
Contra Costa,2020-12-15,18,18,18,18,0,0,0,0,18,18,0,0,18,18,California
Contra Costa,2020-12-16,522,540,522,540,0,0,0,0,522,540,0,0,522,540,California
Contra Costa,2020-12-17,908,1448,908,1448,0,0,0,0,908,1448,0,0,908,1448,California
Contra Costa,2020-12-18,1590,3038,1589,3037,1,1,0,0,1590,3038,0,0,1590,3038,California
Contra Costa,2020-12-19,1102,4140,1101,4138,1,2,0,0,1102,4140,0,0,1102,4140,California
Contra Costa,2020-12-20,583,4723,582,4720,1,3,0,0,583,4723,0,0,583,4723,California
Contra Costa,2020-12-21,1652,6375,1650,6370,2,5,0,0,1652,6375,0,0,1652,6375,California
Contra Costa,2020-12-22,1667,8042,1563,7933,104,109,0,0,1667,8042,0,0,1667,8042,California
Contra Costa,2020-12-23,1579,9621,1333,9266,246,355,0,0,1579,9621,0,0,1579,9621,California
Contra Costa,2020-12-24,654,10275,336,9602,318,673,0,0,654,10275,0,0,654,10275,California
Contra Costa,2020-12-25,39,10314,17,9619,22,695,0,0,39,10314,0,0,39,10314,California
Contra Costa,2020-12-26,640,10954,131,9750,509,1204,0,0,640,10954,0,0,640,10954,California
Contra Costa,2020-12-27,240,11194,86,9836,154,1358,0,0,240,11194,0,0,240,11194,California
Contra Costa,2020-12-28,1828,13022,861,10697,967,2325,0,0,1828,13022,0,0,1828,13022,California
Contra Costa,2020-12-29,1824,14846,824,11521,1000,3325,0,0,1824,14846,0,0,1824,14846,California
Contra Costa,2020-12-30,2389,17235,1213,12734,1176,4501,0,0,2388,17234,0,0,2388,17234,California
Contra Costa,2020-12-31,911,18146,307,13041,604,5105,0,0,910,18144,0,0,910,18144,California
Contra Costa,2021-01-01,58,18204,23,13064,35,5140,0,0,58,18202,0,0,58,18202,California
Contra Costa,2021-01-02,331,18535,172,13236,159,5299,0,0,331,18533,0,0,331,18533,California
Contra Costa,2021-01-03,175,18710,117,13353,58,5357,0,0,174,18707,0,0,174,18707,California
Contra Costa,2021-01-04,1895,20605,1246,14599,649,6006,0,0,1874,20562,19,19,1874,20581,California
Contra Costa,2021-01-05,2093,22698,1255,15854,838,6844,0,0,1834,22139,258,277,1835,22416,California
Contra Costa,2021-01-06,3264,25962,2238,18092,1026,7870,0,0,2504,23892,754,1031,2507,24923,California
Contra Costa,2021-01-07,3082,29044,2053,20145,1029,8899,0,0,1871,24555,1208,2239,1871,26794,California
Contra Costa,2021-01-08,3374,32418,2384,22529,990,9889,0,0,1813,24816,1555,3794,1816,28610,California
Contra Costa,2021-01-09,1584,34002,1133,23662,451,10340,0,0,748,24731,835,4629,750,29360,California
Contra Costa,2021-01-10,359,34361,286,23948,73,10413,0,0,150,24672,209,4838,150,29510,California
Contra Costa,2021-01-11,3834,38195,3119,27067,715,11128,0,0,2231,25302,1603,6441,2233,31743,California
Contra Costa,2021-01-12,3903,42098,2929,29996,974,12102,0,0,2579,26559,1324,7765,2581,34324,California
Contra Costa,2021-01-13,4664,46762,2880,32876,1784,13886,0,0,3731,29361,929,8694,3731,38055,California
Contra Costa,2021-01-14,4297,51059,1552,34428,2745,16631,0,0,3914,32892,383,9077,3914,41969,California
Contra Costa,2021-01-15,5317,56376,2453,36881,2864,19495,0,0,4994,37568,322,9399,4998,46967,California
Contra Costa,2021-01-16,1708,58084,549,37430,1159,20654,0,0,1633,39126,75,9474,1633,48600,California
Contra Costa,2021-01-17,1632,59716,971,38401,661,21315,0,0,1510,40517,122,9596,1513,50113,California
Contra Costa,2021-01-18,3183,62899,1250,39651,1933,23248,0,0,2560,42461,617,10213,2561,52674,California
Contra Costa,2021-01-19,7053,69952,3155,42806,3898,27146,0,0,6051,47518,999,11212,6056,58730,California
Contra Costa,2021-01-20,6597,76549,4046,46852,2551,29697,0,0,5368,51666,1225,12437,5373,64103,California
Contra Costa,2021-01-21,6950,83499,3087,49939,3863,33560,0,0,6229,57186,716,13153,6236,70339,California
Contra Costa,2021-01-22,6357,89856,2696,52635,3661,37221,0,0,5501,61844,846,13999,5504,75843,California
Contra Costa,2021-01-23,2022,91878,357,52992,1665,38886,0,0,1765,63356,255,14254,1767,77610,California
Contra Costa,2021-01-24,1579,93457,218,53210,1361,40247,0,0,1434,64649,145,14399,1438,79048,California
Contra Costa,2021-01-25,6636,100093,3013,56223,3623,43870,0,0,5078,68174,1556,15955,5081,84129,California
Contra Costa,2021-01-26,8047,108140,4659,60882,3388,47258,0,0,6219,72575,1820,17775,6221,90350,California
Contra Costa,2021-01-27,8216,116356,5478,66360,2738,49996,0,0,6330,77105,1804,19579,6334,96684,California
Contra Costa,2021-01-28,7381,123737,4053,70413,3328,53324,0,0,5790,81314,1585,21164,5794,102478,California
Contra Costa,2021-01-29,7420,131157,3877,74290,3543,56867,0,0,6116,86131,1301,22465,6118,108596,California
Contra Costa,2021-01-30,2078,133235,595,74885,1483,58350,0,0,1713,87486,358,22823,1713,110309,California
Contra Costa,2021-01-31,699,133934,480,75365,219,58569,0,0,572,87934,124,22947,572,110881,California
Contra Costa,2021-02-01,5510,139444,3759,79124,1751,60320,0,0,3885,90202,1620,24567,3888,114769,California
Contra Costa,2021-02-02,7743,147187,5273,84397,2470,62790,0,0,5895,94252,1846,26413,5896,120665,California
Contra Costa,2021-02-03,8261,155448,5455,89852,2806,65596,0,0,5630,97262,2621,29034,5631,126296,California
Contra Costa,2021-02-04,7435,162883,3531,93383,3904,69500,0,0,5723,101278,1709,30743,5725,132021,California
Contra Costa,2021-02-05,8420,171303,4819,98202,3601,73101,0,0,5722,104309,2691,33434,5722,137743,California
Contra Costa,2021-02-06,3461,174764,2150,100352,1311,74412,0,0,2814,106478,646,34080,2815,140558,California
Contra Costa,2021-02-07,977,175741,706,101058,271,74683,0,0,602,106706,374,34454,602,141160,California
Contra Costa,2021-02-08,5793,181534,3432,104490,2361,77044,0,0,4322,109563,1466,35920,4323,145483,California
Contra Costa,2021-02-09,8631,190165,4758,109248,3873,80917,0,0,5754,112446,2872,38792,5755,151238,California
Contra Costa,2021-02-10,8598,198763,4641,113889,3957,84874,0,0,5400,114667,3183,41975,5404,156642,California
Contra Costa,2021-02-11,9218,207981,4195,118084,5023,89897,0,0,5251,115961,3961,45936,5255,161897,California
Contra Costa,2021-02-12,10052,218033,4604,122688,5448,95345,0,0,5453,116824,4593,50529,5456,167353,California
Contra Costa,2021-02-13,4863,222896,1359,124047,3504,98849,0,0,3399,118763,1461,51990,3400,170753,California
Contra Costa,2021-02-14,2084,224980,863,124910,1221,100070,0,0,1223,119126,860,52850,1223,171976,California
Contra Costa,2021-02-15,4436,229416,2460,127370,1976,102046,0,0,2348,119393,2082,54932,2349,174325,California
Contra Costa,2021-02-16,10399,239815,4897,132267,5502,107548,0,0,4635,118274,5757,60689,4638,178963,California
Contra Costa,2021-02-17,12255,252070,6113,138380,6142,113690,0,0,5620,117273,6621,67310,5620,184583,California
Contra Costa,2021-02-18,11432,263502,5944,144324,5488,119178,0,0,5309,116472,6112,73422,5311,189894,California
Contra Costa,2021-02-19,11384,274886,7097,151421,4287,123465,0,0,5167,115437,6203,79625,5168,195062,California
Contra Costa,2021-02-20,6432,281318,2885,154306,3547,127012,0,0,4563,118149,1853,81478,4565,199627,California
Contra Costa,2021-02-21,1792,283110,1246,155552,546,127558,0,0,1079,118516,712,82190,1079,200706,California
Contra Costa,2021-02-22,7518,290628,5089,160641,2429,129987,0,0,3457,117924,4051,86241,3459,204165,California
Contra Costa,2021-02-23,11861,302489,7232,167873,4629,134616,0,0,5902,117884,5946,92187,5906,210071,California
Contra Costa,2021-02-24,10452,312941,7665,175538,2787,137403,0,0,5034,117518,5402,97589,5036,215107,California
Contra Costa,2021-02-25,11432,324373,7199,182737,4233,141636,0,0,5191,116491,6222,103811,5195,220302,California
Contra Costa,2021-02-26,10672,335045,6729,189466,3943,145579,0,0,5288,116410,5370,109181,5289,225591,California
Contra Costa,2021-02-27,6604,341649,4200,193666,2404,147983,0,0,4101,118015,2497,111678,4102,229693,California
Contra Costa,2021-02-28,3782,345431,3114,196780,668,148651,0,0,3187,120611,592,112270,3188,232881,California
Contra Costa,2021-03-01,8078,353509,6071,202851,2006,150657,1,1,4962,122472,3104,115374,4965,237846,California
Contra Costa,2021-03-02,10089,363598,6293,209144,3795,154452,1,2,5228,122855,4846,120220,5229,243075,California
Contra Costa,2021-03-03,11055,374653,6901,216045,4153,158605,1,3,6154,124125,4886,125106,6156,249231,California
Contra Costa,2021-03-04,11836,386489,7057,223102,4779,163384,0,3,6127,124561,5691,130797,6127,255358,California
Contra Costa,2021-03-05,11195,397684,6653,229755,4538,167922,4,7,6367,126118,4814,135611,6371,261729,California
Contra Costa,2021-03-06,7265,404949,3988,233743,2969,170891,308,315,4698,128566,2556,138167,5004,266733,California
Contra Costa,2021-03-07,3603,408552,2259,236002,1285,172176,59,374,2931,130885,671,138838,2990,269723,California
Contra Costa,2021-03-08,8025,416577,3747,239749,3975,176151,303,677,5349,133876,2665,141503,5656,275379,California
Contra Costa,2021-03-09,10141,426718,4975,244724,4873,181024,293,970,5018,134071,5117,146620,5312,280691,California
Contra Costa,2021-03-10,12090,438808,5948,250672,4653,185677,1489,2459,5460,134392,6623,153243,6944,287635,California
Contra Costa,2021-03-11,12442,451250,6555,257227,5329,191006,558,3017,6354,135238,6069,159312,6915,294550,California
Contra Costa,2021-03-12,12493,463743,5118,262345,6836,197842,539,3556,6245,135789,6233,165545,6784,301334,California
Contra Costa,2021-03-13,7711,471454,3061,265406,4234,202076,416,3972,3058,134621,4636,170181,3468,304802,California
Contra Costa,2021-03-14,4338,475792,2542,267948,1312,203388,484,4456,2077,134925,2256,172437,2560,307362,California
Contra Costa,2021-03-15,9362,485154,5051,272999,3559,206947,752,5208,4750,135829,4598,177035,5502,312864,California
Contra Costa,2021-03-16,14227,499381,8447,281446,5385,212332,395,5603,7261,136537,6948,183983,7656,320520,California
Contra Costa,2021-03-17,14956,514337,10324,291770,4422,216754,210,5813,8565,138945,6372,190355,8780,329300,California
Contra Costa,2021-03-18,15340,529677,8525,300295,6335,223089,480,6293,8782,141673,6532,196887,9260,338560,California
Contra Costa,2021-03-19,15467,545144,8867,309162,5213,228302,1387,7680,8295,144199,7160,204047,9686,348246,California
Contra Costa,2021-03-20,10585,555729,6325,315487,3958,232260,302,7982,5222,144375,5347,209394,5523,353769,California
Contra Costa,2021-03-21,4434,560163,3879,319366,470,232730,85,8067,2087,144205,2342,211736,2172,355941,California
Contra Costa,2021-03-22,11497,571660,8664,328030,2585,235315,248,8315,7075,147117,4410,216146,7322,363263,California
Contra Costa,2021-03-23,15575,587235,10724,338754,4681,239996,170,8485,9521,150782,6028,222174,9693,372956,California
Contra Costa,2021-03-24,14887,602122,11624,350378,3051,243047,212,8697,9157,154449,5704,227878,9371,382327,California
Contra Costa,2021-03-25,15145,617267,11806,362184,3068,246115,271,8968,9359,158330,5749,233627,9630,391957,California
Contra Costa,2021-03-26,14877,632144,10670,372854,3812,249927,395,9363,8795,161454,6063,239690,9187,401144,California
Contra Costa,2021-03-27,10393,642537,6731,379585,3154,253081,508,9871,5762,163099,4623,244313,6268,407412,California
Contra Costa,2021-03-28,4117,646654,2914,382499,1150,254231,53,9924,1771,162587,2336,246649,1824,409236,California
Contra Costa,2021-03-29,10828,657482,8463,390962,2251,256482,114,10038,7101,166090,3713,250362,7216,416452,California
Contra Costa,2021-03-30,16710,674192,9110,400072,6248,262730,1352,11390,11064,172872,5632,255994,12414,428866,California
Contra Costa,2021-03-31,17920,692112,12556,412628,3926,266656,1438,12828,11581,179585,6309,262303,13022,441888,California
Contra Costa,2021-04-01,17392,709504,12187,424815,3844,270500,1361,14189,11345,186264,6028,268331,12707,454595,California
Contra Costa,2021-04-02,17345,726849,12824,437639,3519,274019,1002,15191,11566,193064,5770,274101,12570,467165,California
Contra Costa,2021-04-03,10770,737619,6428,444067,2814,276833,1528,16719,6197,196228,4561,278662,7725,474890,California
Contra Costa,2021-04-04,3230,740849,1255,445322,1414,278247,561,17280,845,195253,2381,281043,1406,476296,California
Contra Costa,2021-04-05,12037,752886,7872,453194,3208,281455,957,18237,6604,197392,5423,286466,7562,483858,California
Contra Costa,2021-04-06,17241,770127,11985,465179,2986,284441,2270,20507,9759,201958,7464,293930,12030,495888,California
Contra Costa,2021-04-07,18409,788536,12489,477668,3133,287574,2787,23294,10471,207338,7919,301849,13299,509187,California
Contra Costa,2021-04-08,18506,807042,12388,490056,3232,290806,2886,26180,9992,211716,8491,310340,12869,522056,California
Contra Costa,2021-04-09,18305,825347,11768,501824,4181,294987,2356,28536,9951,215692,8332,318672,12308,534364,California
Contra Costa,2021-04-10,10398,835745,3754,505578,2127,297114,4517,33053,3234,216283,7152,325824,7743,542107,California
Contra Costa,2021-04-11,3306,839051,1977,507555,680,297794,649,33702,1127,215887,2174,327998,1778,543885,California
Contra Costa,2021-04-12,11511,850562,7565,515120,2926,300720,1020,34722,5406,216224,6094,334092,6431,550316,California
Contra Costa,2021-04-13,16543,867105,9707,524827,6831,307551,5,34727,10966,221646,5555,339647,10977,561293,California
Contra Costa,2021-04-14,15854,882959,9705,534532,6149,313700,0,34727,8717,223247,7119,346766,8720,570013,California
Contra Costa,2021-04-15,13567,896526,8584,543116,4983,318683,0,34727,6106,221931,7442,354208,6126,576139,California
Del Norte,2020-12-21,23,23,23,23,0,0,0,0,23,23,0,0,23,23,California
Del Norte,2020-12-22,46,69,46,69,0,0,0,0,46,69,0,0,46,69,California
Del Norte,2020-12-23,58,127,48,117,10,10,0,0,57,126,0,0,57,126,California
Del Norte,2020-12-28,34,161,34,151,0,10,0,0,34,160,0,0,34,160,California
Del Norte,2020-12-29,4,165,4,155,0,10,0,0,4,164,0,0,4,164,California
Del Norte,2020-12-30,67,232,55,210,12,22,0,0,68,232,0,0,68,232,California
Del Norte,2020-12-31,16,248,13,223,3,25,0,0,16,248,0,0,16,248,California
Del Norte,2021-01-04,102,350,49,272,53,78,0,0,102,350,0,0,102,350,California
Del Norte,2021-01-05,33,383,0,272,33,111,0,0,33,383,0,0,33,383,California
Del Norte,2021-01-06,77,460,18,290,59,170,0,0,77,460,0,0,77,460,California
Del Norte,2021-01-07,21,481,1,291,20,190,0,0,21,481,0,0,21,481,California
Del Norte,2021-01-08,77,558,7,298,70,260,0,0,77,558,0,0,77,558,California
Del Norte,2021-01-11,40,598,21,319,19,279,0,0,18,555,22,22,19,577,California
Del Norte,2021-01-12,50,648,32,351,18,297,0,0,29,563,21,43,29,606,California
Del Norte,2021-01-13,85,733,40,391,45,342,0,0,52,582,33,76,52,658,California
Del Norte,2021-01-14,52,785,14,405,38,380,0,0,46,622,6,82,46,704,California
Del Norte,2021-01-15,107,892,18,423,89,469,0,0,95,705,12,94,95,799,California
Del Norte,2021-01-17,1,893,1,424,0,469,0,0,1,706,0,94,1,800,California
Del Norte,2021-01-18,3,896,0,424,3,472,0,0,3,709,0,94,3,803,California
Del Norte,2021-01-19,119,1015,56,480,63,535,0,0,77,744,42,136,77,880,California
Del Norte,2021-01-20,158,1173,84,564,74,609,0,0,96,778,62,198,96,976,California
Del Norte,2021-01-21,43,1216,40,604,3,612,0,0,32,799,11,209,32,1008,California
Del Norte,2021-01-22,19,1235,16,620,3,615,0,0,12,804,7,216,12,1020,California
Del Norte,2021-01-23,1,1236,0,620,1,616,0,0,1,805,0,216,1,1021,California
Del Norte,2021-01-24,1,1237,0,620,1,617,0,0,1,806,0,216,1,1022,California
Del Norte,2021-01-25,97,1334,79,699,18,635,0,0,53,815,44,260,53,1075,California
Del Norte,2021-01-26,18,1352,11,710,7,642,0,0,7,811,11,271,7,1082,California
Del Norte,2021-01-27,64,1416,21,731,43,685,0,0,61,869,3,274,61,1143,California
Del Norte,2021-01-28,291,1707,20,751,271,956,0,0,287,1152,4,278,287,1430,California
Del Norte,2021-01-29,52,1759,19,770,33,989,0,0,42,1184,10,288,42,1472,California
Del Norte,2021-01-30,8,1767,1,771,7,996,0,0,8,1192,0,288,8,1480,California
Del Norte,2021-02-01,41,1808,1,772,40,1036,0,0,26,1203,15,303,26,1506,California
Del Norte,2021-02-02,142,1950,34,806,108,1144,0,0,73,1208,68,371,73,1579,California
Del Norte,2021-02-03,125,2075,40,846,85,1229,0,0,71,1225,54,425,71,1650,California
Del Norte,2021-02-04,72,2147,29,875,43,1272,0,0,42,1237,30,455,42,1692,California
Del Norte,2021-02-05,181,2328,22,897,159,1431,0,0,118,1293,62,517,118,1810,California
Del Norte,2021-02-06,309,2637,6,903,303,1734,0,0,309,1602,0,517,309,2119,California
Del Norte,2021-02-07,2,2639,1,904,1,1735,0,0,2,1604,0,517,2,2121,California
Del Norte,2021-02-08,36,2675,1,905,35,1770,0,0,32,1632,4,521,32,2153,California
Del Norte,2021-02-09,8,2683,5,910,3,1773,0,0,2,1628,6,527,2,2155,California
Del Norte,2021-02-10,143,2826,20,930,123,1896,0,0,86,1658,56,583,86,2241,California
Del Norte,2021-02-11,175,3001,58,988,117,2013,0,0,63,1609,112,695,63,2304,California
Del Norte,2021-02-12,121,3122,14,1002,107,2120,0,0,67,1622,54,749,67,2371,California
Del Norte,2021-02-13,2,3124,1,1003,1,2121,0,0,2,1624,0,749,2,2373,California
Del Norte,2021-02-14,3,3127,1,1004,2,2123,0,0,2,1625,1,750,2,2375,California
Del Norte,2021-02-15,5,3132,0,1004,5,2128,0,0,2,1624,3,753,2,2377,California
Del Norte,2021-02-16,132,3264,1,1005,131,2259,0,0,13,1518,119,872,13,2390,California
Del Norte,2021-02-17,91,3355,20,1025,71,2330,0,0,24,1475,67,939,24,2414,California
Del Norte,2021-02-18,77,3432,24,1049,53,2383,0,0,51,1500,26,965,51,2465,California
Del Norte,2021-02-19,43,3475,17,1066,26,2409,0,0,33,1523,10,975,33,2498,California
Del Norte,2021-02-20,9,3484,6,1072,3,2412,0,0,7,1528,2,977,7,2505,California
Del Norte,2021-02-22,2,3486,0,1072,2,2414,0,0,2,1530,0,977,2,2507,California
Del Norte,2021-02-23,101,3587,83,1155,18,2432,0,0,31,1491,70,1047,31,2538,California
Del Norte,2021-02-24,152,3739,98,1253,54,2486,0,0,79,1497,73,1120,79,2617,California
Del Norte,2021-02-25,474,4213,131,1384,343,2829,0,0,211,1446,262,1382,211,2828,California
Del Norte,2021-02-26,212,4425,176,1560,36,2865,0,0,166,1566,46,1428,166,2994,California
Del Norte,2021-02-27,152,4577,145,1705,6,2871,1,1,141,1697,11,1439,142,3136,California
Del Norte,2021-02-28,4,4581,1,1706,3,2874,0,1,3,1699,1,1440,3,3139,California
Del Norte,2021-03-01,28,4609,2,1708,26,2900,0,1,4,1679,24,1464,4,3143,California
Del Norte,2021-03-02,218,4827,140,1848,78,2978,0,1,185,1831,33,1497,185,3328,California
Del Norte,2021-03-03,159,4986,91,1939,68,3046,0,1,118,1908,41,1538,118,3446,California
Del Norte,2021-03-04,120,5106,83,2022,37,3083,0,1,91,1971,28,1566,91,3537,California
Del Norte,2021-03-05,91,5197,9,2031,82,3165,0,1,43,1966,48,1614,43,3580,California
Del Norte,2021-03-06,439,5636,78,2109,311,3476,50,51,160,1854,279,1893,167,3747,California
Del Norte,2021-03-07,2,5638,1,2110,1,3477,0,51,1,1854,1,1894,1,3748,California
Del Norte,2021-03-08,28,5666,1,2111,25,3502,2,53,5,1838,23,1917,7,3755,California
Del Norte,2021-03-09,194,5860,112,2223,79,3581,3,56,183,2013,11,1928,186,3941,California
Del Norte,2021-03-10,218,6078,97,2320,93,3674,28,84,132,2087,86,2014,160,4101,California
Del Norte,2021-03-11,145,6223,55,2375,90,3764,0,84,102,2146,43,2057,102,4203,California
Del Norte,2021-03-12,177,6400,90,2465,87,3851,0,84,124,2217,53,2110,124,4327,California
Del Norte,2021-03-13,95,6495,94,2559,1,3852,0,84,91,2304,4,2114,91,4418,California
Del Norte,2021-03-14,1,6496,0,2559,1,3853,0,84,1,2304,1,2115,1,4419,California
Del Norte,2021-03-15,39,6535,0,2559,38,3891,1,85,34,2334,5,2120,35,4454,California
Del Norte,2021-03-16,280,6815,136,2695,144,4035,0,85,259,2572,21,2141,259,4713,California
Del Norte,2021-03-17,282,7097,95,2790,185,4220,2,87,168,2628,114,2255,170,4883,California
Del Norte,2021-03-18,285,7382,108,2898,174,4394,3,90,149,2645,135,2390,152,5035,California
Del Norte,2021-03-19,266,7648,159,3057,101,4495,6,96,91,2567,175,2565,97,5132,California
Del Norte,2021-03-20,157,7805,155,3212,2,4497,0,96,15,2440,142,2707,15,5147,California
Del Norte,2021-03-21,4,7809,2,3214,2,4499,0,96,2,2440,2,2709,2,5149,California
Del Norte,2021-03-22,42,7851,3,3217,38,4537,1,97,39,2477,3,2712,40,5189,California
Del Norte,2021-03-23,330,8181,163,3380,149,4686,18,115,160,2487,168,2880,178,5367,California
Del Norte,2021-03-24,392,8573,107,3487,244,4930,41,156,238,2612,154,3034,279,5646,California
Del Norte,2021-03-25,195,8768,91,3578,104,5034,0,156,87,2592,107,3141,87,5733,California
Del Norte,2021-03-26,227,8995,108,3686,119,5153,0,156,194,2753,33,3174,194,5927,California
Del Norte,2021-03-27,108,9103,87,3773,4,5157,17,173,17,2696,91,3265,34,5961,California
Del Norte,2021-03-28,4,9107,2,3775,2,5159,0,173,1,2694,3,3268,1,5962,California
Del Norte,2021-03-29,57,9164,6,3781,34,5193,17,190,32,2718,25,3293,49,6011,California
Del Norte,2021-03-30,334,9498,118,3899,205,5398,11,201,128,2651,206,3499,139,6150,California
Del Norte,2021-03-31,346,9844,100,3999,229,5627,17,218,190,2704,154,3653,207,6357,California
Del Norte,2021-04-01,166,10010,60,4059,72,5699,34,252,71,2715,94,3747,105,6462,California
Del Norte,2021-04-02,233,10243,80,4139,104,5803,49,301,76,2684,157,3904,126,6588,California
Del Norte,2021-04-03,103,10346,82,4221,2,5805,19,320,4,2609,98,4002,23,6611,California
Del Norte,2021-04-04,4,10350,0,4221,0,5805,4,324,0,2609,4,4006,4,6615,California
Del Norte,2021-04-05,53,10403,5,4226,44,5849,4,328,46,2652,7,4013,50,6665,California
Del Norte,2021-04-06,377,10780,119,4345,221,6070,37,365,145,2607,228,4241,183,6848,California
Del Norte,2021-04-07,423,11203,115,4460,249,6319,59,424,284,2812,138,4379,343,7191,California
Del Norte,2021-04-08,231,11434,54,4514,109,6428,68,492,111,2871,120,4499,179,7370,California
Del Norte,2021-04-09,201,11635,48,4562,79,6507,74,566,98,2939,102,4601,170,7540,California
Del Norte,2021-04-10,48,11683,27,4589,4,6511,17,583,27,2962,21,4622,44,7584,California
Del Norte,2021-04-11,12,11695,3,4592,2,6513,7,590,2,2961,10,4632,9,7593,California
Del Norte,2021-04-12,28,11723,1,4593,9,6522,18,608,1,2954,26,4658,19,7612,California
Del Norte,2021-04-13,293,12016,46,4639,247,6769,0,608,152,2965,141,4799,152,7764,California
Del Norte,2021-04-14,305,12321,22,4661,283,7052,0,608,133,2931,172,4971,138,7902,California
Del Norte,2021-04-15,121,12442,6,4667,115,7167,0,608,18,2847,103,5074,19,7921,California
El Dorado,2020-12-15,12,12,12,12,0,0,0,0,12,12,0,0,12,12,California
El Dorado,2020-12-16,40,52,40,52,0,0,0,0,40,52,0,0,40,52,California
El Dorado,2020-12-17,30,82,30,82,0,0,0,0,30,82,0,0,30,82,California
El Dorado,2020-12-18,236,318,236,318,0,0,0,0,236,318,0,0,236,318,California
El Dorado,2020-12-19,116,434,116,434,0,0,0,0,116,434,0,0,116,434,California
El Dorado,2020-12-20,85,519,85,519,0,0,0,0,85,519,0,0,85,519,California
El Dorado,2020-12-21,307,826,306,825,1,1,0,0,307,826,0,0,307,826,California
El Dorado,2020-12-22,238,1064,214,1039,24,25,0,0,238,1064,0,0,238,1064,California
El Dorado,2020-12-23,189,1253,139,1178,50,75,0,0,189,1253,0,0,189,1253,California
El Dorado,2020-12-24,86,1339,65,1243,21,96,0,0,86,1339,0,0,86,1339,California
El Dorado,2020-12-25,8,1347,8,1251,0,96,0,0,8,1347,0,0,8,1347,California
El Dorado,2020-12-26,44,1391,26,1277,18,114,0,0,44,1391,0,0,44,1391,California
El Dorado,2020-12-27,37,1428,33,1310,4,118,0,0,37,1428,0,0,37,1428,California
El Dorado,2020-12-28,217,1645,170,1480,47,165,0,0,217,1645,0,0,217,1645,California
El Dorado,2020-12-29,454,2099,140,1620,314,479,0,0,454,2099,0,0,454,2099,California
El Dorado,2020-12-30,504,2603,136,1756,368,847,0,0,504,2603,0,0,504,2603,California
El Dorado,2020-12-31,108,2711,68,1824,40,887,0,0,108,2711,0,0,108,2711,California
El Dorado,2021-01-01,6,2717,4,1828,2,889,0,0,6,2717,0,0,6,2717,California
El Dorado,2021-01-02,151,2868,140,1968,11,900,0,0,151,2868,0,0,151,2868,California
El Dorado,2021-01-03,90,2958,16,1984,74,974,0,0,90,2958,0,0,90,2958,California
El Dorado,2021-01-04,190,3148,63,2047,127,1101,0,0,190,3148,0,0,190,3148,California
El Dorado,2021-01-05,204,3352,49,2096,155,1256,0,0,188,3320,16,16,188,3336,California
El Dorado,2021-01-06,261,3613,188,2284,73,1329,0,0,198,3455,63,79,198,3534,California
El Dorado,2021-01-07,326,3939,134,2418,192,1521,0,0,256,3641,70,149,256,3790,California
El Dorado,2021-01-08,972,4911,500,2918,472,1993,0,0,769,4208,203,352,770,4560,California
El Dorado,2021-01-09,192,5103,156,3074,36,2029,0,0,124,4264,68,420,124,4684,California
El Dorado,2021-01-10,180,5283,129,3203,51,2080,0,0,111,4306,69,489,111,4795,California
El Dorado,2021-01-11,658,5941,292,3495,366,2446,0,0,460,4569,197,686,460,5255,California
El Dorado,2021-01-12,691,6632,420,3915,271,2717,0,0,443,4764,248,934,443,5698,California
El Dorado,2021-01-13,694,7326,295,4210,399,3116,0,0,534,5138,160,1094,534,6232,California
El Dorado,2021-01-14,680,8006,218,4428,462,3578,0,0,585,5628,95,1189,585,6817,California
El Dorado,2021-01-15,673,8679,184,4612,489,4067,0,0,601,6157,72,1261,601,7418,California
El Dorado,2021-01-16,171,8850,103,4715,68,4135,0,0,144,6274,27,1288,144,7562,California
El Dorado,2021-01-17,99,8949,47,4762,52,4187,0,0,82,6339,17,1305,82,7644,California
El Dorado,2021-01-18,417,9366,138,4900,279,4466,0,0,349,6620,68,1373,349,7993,California
El Dorado,2021-01-19,636,10002,351,5251,285,4751,0,0,487,6959,149,1522,488,8481,California
El Dorado,2021-01-20,1008,11010,685,5936,323,5074,0,0,896,7744,111,1633,896,9377,California
El Dorado,2021-01-21,1150,12160,569,6505,581,5655,0,0,944,8523,165,1798,944,10321,California
El Dorado,2021-01-22,1094,13254,703,7208,391,6046,0,0,1043,9516,50,1848,1043,11364,California
El Dorado,2021-01-23,736,13990,617,7825,119,6165,0,0,625,10030,111,1959,625,11989,California
El Dorado,2021-01-24,126,14116,76,7901,50,6215,0,0,107,10118,19,1978,107,12096,California
El Dorado,2021-01-25,610,14726,204,8105,406,6621,0,0,521,10550,89,2067,521,12617,California
El Dorado,2021-01-26,670,15396,362,8467,308,6929,0,0,567,11015,103,2170,568,13185,California
El Dorado,2021-01-27,927,16323,331,8798,596,7525,0,0,591,11270,337,2507,592,13777,California
El Dorado,2021-01-28,1096,17419,448,9246,648,8173,0,0,739,11652,357,2864,739,14516,California
El Dorado,2021-01-29,965,18384,487,9733,478,8651,0,0,736,12161,228,3092,737,15253,California
El Dorado,2021-01-30,611,18995,360,10093,251,8902,0,0,450,12450,161,3253,450,15703,California
El Dorado,2021-01-31,209,19204,188,10281,21,8923,0,0,180,12601,29,3282,180,15883,California
El Dorado,2021-02-01,786,19990,368,10649,418,9341,0,0,642,13100,143,3425,642,16525,California
El Dorado,2021-02-02,828,20818,366,11015,462,9803,0,0,667,13607,161,3586,668,17193,California
El Dorado,2021-02-03,898,21716,475,11490,423,10226,0,0,686,14081,212,3798,686,17879,California
El Dorado,2021-02-04,1263,22979,720,12210,543,10769,0,0,871,14560,392,4190,871,18750,California
El Dorado,2021-02-05,1478,24457,597,12807,881,11650,0,0,865,14847,578,4768,865,19615,California
El Dorado,2021-02-06,638,25095,333,13140,305,11955,0,0,530,15270,108,4876,531,20146,California
El Dorado,2021-02-07,256,25351,176,13316,80,12035,0,0,192,15398,64,4940,192,20338,California
El Dorado,2021-02-08,878,26229,416,13732,462,12497,0,0,605,15730,273,5213,605,20943,California
El Dorado,2021-02-09,901,27130,487,14219,414,12911,0,0,479,15787,422,5635,479,21422,California
El Dorado,2021-02-10,1234,28364,727,14946,507,13418,0,0,643,15840,590,6225,643,22065,California
El Dorado,2021-02-11,2127,30491,879,15825,1248,14666,0,0,957,15629,1169,7394,958,23023,California
El Dorado,2021-02-12,1556,32047,822,16647,734,15400,0,0,676,15426,880,8274,677,23700,California
El Dorado,2021-02-13,976,33023,668,17315,308,15708,0,0,432,15317,541,8815,432,24132,California
El Dorado,2021-02-14,480,33503,153,17468,327,16035,0,0,397,15631,83,8898,397,24529,California
El Dorado,2021-02-15,1180,34683,387,17855,793,16828,0,0,827,16108,353,9251,830,25359,California
El Dorado,2021-02-16,1180,35863,528,18383,652,17480,0,0,672,16274,507,9758,673,26032,California
El Dorado,2021-02-17,896,36759,371,18754,525,18005,0,0,419,16218,477,10235,421,26453,California
El Dorado,2021-02-18,2073,38832,1005,19759,1068,19073,0,0,1350,16846,722,10957,1350,27803,California
El Dorado,2021-02-19,1159,39991,599,20358,560,19633,0,0,645,16978,514,11471,646,28449,California
El Dorado,2021-02-20,913,40904,434,20792,479,20112,0,0,665,17401,242,11713,665,29114,California
El Dorado,2021-02-21,280,41184,224,21016,56,20168,0,0,98,17318,181,11894,98,29212,California
El Dorado,2021-02-22,860,42044,435,21451,425,20593,0,0,276,17011,583,12477,276,29488,California
El Dorado,2021-02-23,819,42863,472,21923,347,20940,0,0,332,16857,486,12963,332,29820,California
El Dorado,2021-02-24,994,43857,439,22362,555,21495,0,0,402,16668,592,13555,403,30223,California
El Dorado,2021-02-25,1603,45460,881,23243,722,22217,0,0,699,16471,898,14453,701,30924,California
El Dorado,2021-02-26,2327,47787,1480,24723,847,23064,0,0,1571,17288,754,15207,1571,32495,California
El Dorado,2021-02-27,1651,49438,437,25160,1214,24278,0,0,1212,18064,436,15643,1212,33707,California
El Dorado,2021-02-28,570,50008,204,25364,366,24644,0,0,419,18333,151,15794,420,34127,California
El Dorado,2021-03-01,1097,51105,450,25814,647,25291,0,0,604,18445,492,16286,604,34731,California
El Dorado,2021-03-02,878,51983,264,26078,614,25905,0,0,452,18473,424,16710,452,35183,California
El Dorado,2021-03-03,1649,53632,454,26532,1195,27100,0,0,1124,19080,519,17229,1126,36309,California
El Dorado,2021-03-04,2461,56093,1529,28061,932,28032,0,0,1194,19010,1264,18493,1194,37503,California
El Dorado,2021-03-05,1556,57649,421,28482,1130,29162,5,5,1028,19520,523,19016,1033,38536,California
El Dorado,2021-03-06,726,58375,208,28690,485,29647,33,38,381,19589,345,19361,414,38950,California
El Dorado,2021-03-07,398,58773,197,28887,183,29830,18,56,235,19681,161,19522,253,39203,California
El Dorado,2021-03-08,1318,60091,363,29250,885,30715,70,126,850,20136,465,19987,920,40123,California
El Dorado,2021-03-09,952,61043,225,29475,660,31375,67,193,561,20388,376,20363,628,40751,California
El Dorado,2021-03-10,922,61965,342,29817,525,31900,55,248,534,20594,383,20746,589,41340,California
El Dorado,2021-03-11,2980,64945,1824,31641,974,32874,182,430,1362,20533,1604,22350,1543,42883,California
El Dorado,2021-03-12,1743,66688,618,32259,881,33755,244,674,723,20493,1007,23357,967,43850,California
El Dorado,2021-03-13,1041,67729,342,32601,416,34171,283,957,358,20451,680,24037,638,44488,California
El Dorado,2021-03-14,772,68501,207,32808,453,34624,112,1069,260,20311,512,24549,372,44860,California
El Dorado,2021-03-15,1372,69873,297,33105,949,35573,126,1195,584,20238,784,25333,711,45571,California
El Dorado,2021-03-16,1179,71052,404,33509,631,36204,144,1339,540,20289,633,25966,684,46255,California
El Dorado,2021-03-17,1068,72120,351,33860,623,36827,94,1433,686,20686,382,26348,779,47034,California
El Dorado,2021-03-18,2913,75033,1736,35596,1133,37960,44,1477,1930,21683,977,27325,1974,49008,California
El Dorado,2021-03-19,1080,76113,358,35954,578,38538,144,1621,608,21964,472,27797,753,49761,California
El Dorado,2021-03-20,924,77037,263,36217,644,39182,17,1638,350,21768,563,28360,367,50128,California
El Dorado,2021-03-21,1020,78057,415,36632,600,39782,5,1643,934,22622,85,28445,939,51067,California
El Dorado,2021-03-22,1479,79536,485,37117,913,40695,81,1724,1183,23595,291,28736,1264,52331,California
El Dorado,2021-03-23,1085,80621,450,37567,544,41239,91,1815,699,24007,378,29114,790,53121,California
El Dorado,2021-03-24,1407,82028,620,38187,593,41832,194,2009,673,24152,722,29836,867,53988,California
El Dorado,2021-03-25,2453,84481,1661,39848,689,42521,103,2112,1366,24539,1082,30918,1469,55457,California
El Dorado,2021-03-26,1761,86242,680,40528,972,43493,109,2221,938,24779,807,31725,1047,56504,California
El Dorado,2021-03-27,1288,87530,185,40713,1099,44592,4,2225,316,24133,966,32691,320,56824,California
El Dorado,2021-03-28,610,88140,183,40896,418,45010,9,2234,195,23925,412,33103,204,57028,California
El Dorado,2021-03-29,1314,89454,432,41328,868,45878,14,2248,838,24304,473,33576,852,57880,California
El Dorado,2021-03-30,1324,90778,411,41739,823,46701,90,2338,686,24446,633,34209,775,58655,California
El Dorado,2021-03-31,1529,92307,575,42314,891,47592,63,2401,704,24389,823,35032,766,59421,California
El Dorado,2021-04-01,3188,95495,1745,44059,1360,48952,83,2484,1528,24344,1658,36690,1613,61034,California
El Dorado,2021-04-02,1850,97345,555,44614,1202,50154,93,2577,744,24079,1102,37792,837,61871,California
El Dorado,2021-04-03,734,98079,284,44898,331,50485,119,2696,220,23904,514,38306,339,62210,California
El Dorado,2021-04-04,265,98344,83,44981,135,50620,47,2743,94,23875,170,38476,141,62351,California
El Dorado,2021-04-05,1412,99756,422,45403,898,51518,92,2835,595,23748,814,39290,687,63038,California
El Dorado,2021-04-06,1397,101153,515,45918,663,52181,219,3054,446,23464,949,40239,665,63703,California
El Dorado,2021-04-07,1562,102715,552,46470,565,52746,445,3499,560,23467,1000,41239,1003,64706,California
El Dorado,2021-04-08,2660,105375,1718,48188,708,53454,234,3733,1119,23285,1535,42774,1353,66059,California
El Dorado,2021-04-09,1377,106752,426,48614,737,54191,214,3947,541,23205,833,43607,753,66812,California
El Dorado,2021-04-10,793,107545,208,48822,480,54671,105,4052,468,23454,324,43931,573,67385,California
El Dorado,2021-04-11,690,108235,448,49270,226,54897,16,4068,202,23184,488,44419,218,67603,California
El Dorado,2021-04-12,1263,109498,481,49751,636,55533,146,4214,570,23214,686,45105,716,68319,California
El Dorado,2021-04-13,1069,110567,573,50324,496,56029,0,4214,478,23106,586,45691,478,68797,California
El Dorado,2021-04-14,857,111424,366,50690,490,56519,1,4215,271,22794,584,46275,272,69069,California
El Dorado,2021-04-15,564,111988,277,50967,287,56806,0,4215,184,22602,380,46655,188,69257,California
Fresno,2020-12-15,2,2,2,2,0,0,0,0,2,2,0,0,2,2,California
Fresno,2020-12-16,121,123,121,123,0,0,0,0,121,123,0,0,121,123,California
Fresno,2020-12-17,120,243,120,243,0,0,0,0,120,243,0,0,120,243,California
Fresno,2020-12-18,344,587,344,587,0,0,0,0,344,587,0,0,344,587,California
Fresno,2020-12-19,157,744,157,744,0,0,0,0,157,744,0,0,157,744,California
Fresno,2020-12-20,256,1000,254,998,2,2,0,0,256,1000,0,0,256,1000,California
Fresno,2020-12-21,924,1924,923,1921,1,3,0,0,956,1956,0,0,956,1956,California
Fresno,2020-12-22,901,2825,872,2793,29,32,0,0,905,2861,0,0,905,2861,California
Fresno,2020-12-23,1082,3907,1047,3840,35,67,0,0,1083,3944,0,0,1083,3944,California
Fresno,2020-12-24,581,4488,562,4402,19,86,0,0,581,4525,0,0,581,4525,California
Fresno,2020-12-25,2,4490,1,4403,1,87,0,0,2,4527,0,0,2,4527,California
Fresno,2020-12-26,721,5211,713,5116,8,95,0,0,721,5248,0,0,721,5248,California
Fresno,2020-12-27,298,5509,204,5320,94,189,0,0,298,5546,0,0,298,5546,California
Fresno,2020-12-28,1061,6570,774,6094,287,476,0,0,1061,6607,0,0,1061,6607,California
Fresno,2020-12-29,1770,8340,1040,7134,730,1206,0,0,1768,8374,1,1,1768,8375,California
Fresno,2020-12-30,979,9319,478,7612,501,1707,0,0,979,9353,0,1,979,9354,California
Fresno,2020-12-31,893,10212,310,7922,583,2290,0,0,892,10245,0,1,892,10246,California
Fresno,2021-01-01,9,10221,3,7925,6,2296,0,0,9,10254,0,1,9,10255,California
Fresno,2021-01-02,1030,11251,717,8642,313,2609,0,0,1030,11284,0,1,1030,11285,California
Fresno,2021-01-03,153,11404,128,8770,25,2634,0,0,153,11437,0,1,153,11438,California
Fresno,2021-01-04,608,12012,373,9143,235,2869,0,0,608,12045,0,1,608,12046,California
Fresno,2021-01-05,775,12787,311,9454,464,3333,0,0,701,12672,74,75,701,12747,California
Fresno,2021-01-06,972,13759,345,9799,627,3960,0,0,800,13300,172,247,800,13547,California
Fresno,2021-01-07,1883,15642,912,10711,971,4931,0,0,1630,14680,253,500,1633,15180,California
Fresno,2021-01-08,1779,17421,615,11326,1164,6095,0,0,1414,15731,363,863,1414,16594,California
Fresno,2021-01-09,628,18049,386,11712,242,6337,0,0,354,15811,274,1137,354,16948,California
Fresno,2021-01-10,515,18564,485,12197,30,6367,0,0,202,15700,313,1450,202,17150,California
Fresno,2021-01-11,2153,20717,1749,13946,404,6771,0,0,1461,16472,692,2142,1464,18614,California
Fresno,2021-01-12,2516,23233,1824,15770,692,7463,0,0,1669,17294,849,2991,1671,20285,California
Fresno,2021-01-13,3534,26767,2421,18191,1113,8576,0,0,2678,19118,856,3847,2680,22965,California
Fresno,2021-01-14,4148,30915,2200,20391,1948,10524,0,0,3677,22325,470,4317,3677,26642,California
Fresno,2021-01-15,3637,34552,2530,22921,1107,11631,0,0,3280,25251,357,4674,3283,29925,California
Fresno,2021-01-16,3148,37700,2306,25227,842,12473,0,0,2684,27473,463,5137,2685,32610,California
Fresno,2021-01-17,975,38675,553,25780,422,12895,0,0,777,28052,198,5335,777,33387,California
Fresno,2021-01-18,3072,41747,2366,28146,706,13601,0,0,2409,29802,661,5996,2411,35798,California
Fresno,2021-01-19,4309,46056,2540,30686,1769,15370,0,0,3663,32822,646,6642,3666,39464,California
Fresno,2021-01-20,2995,49051,1185,31871,1810,17180,0,0,2696,35221,300,6942,2699,42163,California
Fresno,2021-01-21,4347,53398,2000,33871,2347,19527,0,0,4000,38897,329,7271,4005,46168,California
Fresno,2021-01-22,3306,56704,1344,35215,1962,21489,0,0,2919,41447,370,7641,2920,49088,California
Fresno,2021-01-23,3033,59737,1961,37176,1072,22561,0,0,2310,43043,722,8363,2318,51406,California
Fresno,2021-01-24,548,60285,372,37548,176,22737,0,0,345,43188,203,8566,348,51754,California
Fresno,2021-01-25,2336,62621,863,38411,1473,24210,0,0,1850,44556,486,9052,1854,53608,California
Fresno,2021-01-26,2014,64635,582,38993,1432,25642,0,0,1313,45171,699,9751,1314,54922,California
Fresno,2021-01-27,2248,66883,1161,40154,1087,26729,0,0,1729,46385,518,10269,1732,56654,California
Fresno,2021-01-28,4458,71341,3031,43185,1427,28156,0,0,3451,48836,1003,11272,3454,60108,California
Fresno,2021-01-29,1697,73038,983,44168,714,28870,0,0,1399,49941,295,11567,1400,61508,California
Fresno,2021-01-30,1444,74482,551,44719,893,29763,0,0,1030,50557,414,11981,1030,62538,California
Fresno,2021-01-31,225,74707,216,44935,9,29772,0,0,71,50474,154,12135,71,62609,California
Fresno,2021-02-01,3324,78031,1661,46596,1663,31435,0,0,1811,50791,1512,13647,1829,64438,California
Fresno,2021-02-02,2716,80747,553,47149,2163,33598,0,0,1586,51277,1116,14763,1602,66040,California
Fresno,2021-02-03,3530,84277,2094,49243,1436,35034,0,0,1516,50794,2000,16763,1517,67557,California
Fresno,2021-02-04,4190,88467,1895,51138,2295,37329,0,0,1928,50495,2232,18995,1933,69490,California
Fresno,2021-02-05,5193,93660,2594,53732,2599,39928,0,0,2182,49673,3006,22001,2184,71674,California
Fresno,2021-02-06,2930,96590,2043,55775,887,40815,0,0,973,48695,1953,23954,975,72649,California
Fresno,2021-02-07,465,97055,286,56061,179,40994,0,0,272,48775,192,24146,272,72921,California
Fresno,2021-02-08,4270,101325,2292,58353,1978,42972,0,0,1809,48156,2437,26583,1818,74739,California
Fresno,2021-02-09,5324,106649,2081,60434,3243,46215,0,0,3116,49147,2133,28716,3124,77863,California
Fresno,2021-02-10,3868,110517,1232,61666,2636,48851,0,0,1980,49305,1833,30549,1991,79854,California
Fresno,2021-02-11,6442,116959,2088,63754,4354,53205,0,0,3383,49647,3045,33594,3387,83241,California
Fresno,2021-02-12,5369,122328,1380,65134,3989,57194,0,0,2748,49797,2604,36198,2754,85995,California
Fresno,2021-02-13,3724,126052,1546,66680,2178,59372,0,0,2075,50240,1637,37835,2080,88075,California
Fresno,2021-02-14,1561,127613,281,66961,1280,60652,0,0,850,50381,710,38545,851,88926,California
Fresno,2021-02-15,2883,130496,271,67232,2612,63264,0,0,1776,51059,1103,39648,1781,90707,California
Fresno,2021-02-16,6672,137168,2398,69630,4274,67538,0,0,4243,52896,2412,42060,4249,94956,California
Fresno,2021-02-17,5326,142494,2452,72082,2874,70412,0,0,2979,53576,2303,44363,2983,97939,California
Fresno,2021-02-18,6852,149346,2902,74984,3950,74362,0,0,2576,51937,4226,48589,2587,100526,California
Fresno,2021-02-19,3830,153176,1098,76082,2732,77094,0,0,1829,51778,1991,50580,1832,102358,California
Fresno,2021-02-20,4530,157706,2497,78579,2033,79127,0,0,3053,53365,1471,52051,3058,105416,California
Fresno,2021-02-21,185,157891,169,78748,16,79143,0,0,127,53447,45,52096,127,105543,California
Fresno,2021-02-22,2224,160115,1000,79748,1224,80367,0,0,1224,53681,993,53089,1227,106770,California
Fresno,2021-02-23,3870,163985,1465,81213,2405,82772,0,0,3015,55851,847,53936,3017,109787,California
Fresno,2021-02-24,4166,168151,1491,82704,2675,85447,0,0,3425,58548,731,54667,3428,113215,California
Fresno,2021-02-25,7459,175610,2503,85207,4956,90403,0,0,6008,63177,1385,56052,6014,119229,California
Fresno,2021-02-26,8282,183892,3011,88218,5271,95674,0,0,7008,68937,1253,57305,7013,126242,California
Fresno,2021-02-27,6273,190165,2189,90407,4084,99758,0,0,5591,73860,674,57979,5597,131839,California
Fresno,2021-02-28,1628,191793,528,90935,1100,100858,0,0,1545,75333,72,58051,1545,133384,California
Fresno,2021-03-01,4887,196680,1284,92219,3603,104461,0,0,3589,77642,1288,59339,3597,136981,California
Fresno,2021-03-02,8406,205086,2297,94516,6109,110570,0,0,7051,83384,1332,60671,7074,144055,California
Fresno,2021-03-03,6603,211689,1582,96098,5020,115590,1,1,5589,88086,1002,61673,5704,149759,California
Fresno,2021-03-04,8406,220095,2514,98612,5892,121482,0,1,6899,93511,1482,63155,6907,156666,California
Fresno,2021-03-05,7902,227997,2694,101306,5207,126689,1,2,6895,99606,876,64031,6971,163637,California
Fresno,2021-03-06,6444,234441,3532,104838,2795,129484,117,119,5507,104301,933,64964,5628,169265,California
Fresno,2021-03-07,1469,235910,675,105513,761,130245,33,152,1244,105355,224,65188,1278,170543,California
Fresno,2021-03-08,4915,240825,1880,107393,2883,133128,152,304,3748,108105,1161,66349,3911,174454,California
Fresno,2021-03-09,6836,247661,2337,109730,4231,137359,268,572,3906,109402,2912,69261,4209,178663,California
Fresno,2021-03-10,6595,254256,2742,112472,3467,140826,386,958,5212,113636,1373,70634,5607,184270,California
Fresno,2021-03-11,11213,265469,4524,116996,6125,146951,564,1522,6191,115483,4984,75618,6831,191101,California
Fresno,2021-03-12,11448,276917,4901,121897,6098,153049,449,1971,8470,121580,2962,78580,9059,200160,California
Fresno,2021-03-13,8117,285034,3890,125787,3212,156261,1015,2986,3906,122381,4192,82772,4993,205153,California
Fresno,2021-03-14,1745,286779,462,126249,1003,157264,280,3266,659,122241,1078,83850,938,206091,California
Fresno,2021-03-15,6817,293596,2918,129167,3729,160993,170,3436,4667,125125,2137,85987,5021,211112,California
Fresno,2021-03-16,10035,303631,4392,133559,5252,166245,391,3827,6154,127913,3855,89842,6643,217755,California
Fresno,2021-03-17,8385,312016,3858,137417,3835,170080,692,4519,5619,131857,2748,92590,6692,224447,California
Fresno,2021-03-18,12113,324129,6544,143961,4940,175020,629,5148,7927,136688,4147,96737,8978,233425,California
Fresno,2021-03-19,10817,334946,5607,149568,4596,179616,614,5762,7374,141552,3417,100154,8281,241706,California
Fresno,2021-03-20,7323,342269,4390,153958,2621,182237,312,6074,4494,143816,2812,102966,5076,246782,California
Fresno,2021-03-21,1763,344032,1196,155154,195,182432,372,6446,955,144340,804,103770,1328,248110,California
Fresno,2021-03-22,5584,349616,2882,158036,2108,184540,594,7040,3794,147155,1772,105542,4587,252697,California
Fresno,2021-03-23,10561,360177,5224,163260,4846,189386,491,7531,6115,149759,4428,109970,7032,259729,California
Fresno,2021-03-24,8568,368745,3613,166873,4126,193512,829,8360,4722,151548,3815,113785,5604,265333,California
Fresno,2021-03-25,11989,380734,5549,172422,5660,199172,780,9140,6158,152769,5799,119584,7020,272353,California
Fresno,2021-03-26,11836,392570,5299,177721,5895,205067,642,9782,5255,152152,6536,126120,5919,278272,California
Fresno,2021-03-27,9347,401917,4121,181842,4141,209208,1085,10867,2936,149797,6380,132500,4025,282297,California
Fresno,2021-03-28,3270,405187,1192,183034,1391,210599,687,11554,1254,149987,2009,134509,2199,284496,California
Fresno,2021-03-29,5983,411170,1976,185010,3467,214066,540,12094,2909,150397,3052,137561,3462,287958,California
Fresno,2021-03-30,10677,421847,4185,189195,5618,219684,874,12968,4440,149498,6215,143776,5316,293274,California
Fresno,2021-03-31,9166,431013,3306,192501,4886,224570,974,13942,3852,149049,5278,149054,4829,298103,California
Fresno,2021-04-01,11246,442259,4039,196540,6357,230927,850,14792,3903,146489,7271,156325,4711,302814,California
Fresno,2021-04-02,11221,453480,4382,200922,6059,236986,780,15572,4157,144514,6919,163244,4944,307758,California
Fresno,2021-04-03,6120,459600,3371,204293,2505,239491,244,15816,2210,143109,3897,167141,2492,310250,California
Fresno,2021-04-04,1482,461082,528,204821,912,240403,42,15858,560,142796,915,168056,602,310852,California
Fresno,2021-04-05,8120,469202,4422,209243,2918,243321,780,16638,2499,140533,5613,173669,3350,314202,California
Fresno,2021-04-06,9371,478573,3928,213171,4288,247609,1155,17793,3574,139510,5767,179436,4744,318946,California
Fresno,2021-04-07,10135,488708,5272,218443,3695,251304,1168,18961,3525,137650,6585,186021,4725,323671,California
Fresno,2021-04-08,10666,499374,5098,223541,4435,255739,1133,20094,3440,135080,7189,193210,4619,328290,California
Fresno,2021-04-09,9953,509327,4520,228061,4117,259856,1316,21410,3227,132954,6693,199903,4567,332857,California
Fresno,2021-04-10,7380,516707,4701,232762,2174,262030,505,21915,3496,133076,3880,203783,4002,336859,California
Fresno,2021-04-11,1384,518091,926,233688,368,262398,90,22005,450,132685,930,204713,539,337398,California
Fresno,2021-04-12,6686,524777,3694,237382,2308,264706,684,22689,2249,131200,4421,209134,2936,340334,California
Fresno,2021-04-13,6651,531428,2446,239828,4134,268840,71,22760,2431,129593,4201,213335,2594,342928,California
Fresno,2021-04-14,6056,537484,2726,242554,3330,272170,0,22760,2120,127854,3905,217240,2166,345094,California
Fresno,2021-04-15,3540,541024,1654,244208,1884,274054,2,22762,1549,127440,1975,219215,1561,346655,California
Glenn,2020-12-17,1,1,1,1,0,0,0,0,1,1,0,0,1,1,California
Glenn,2020-12-19,1,2,1,2,0,0,0,0,1,2,0,0,1,2,California
Glenn,2020-12-20,1,3,1,3,0,0,0,0,1,3,0,0,1,3,California
Glenn,2020-12-21,11,14,11,14,0,0,0,0,11,14,0,0,11,14,California
Glenn,2020-12-22,59,73,59,73,0,0,0,0,59,73,0,0,59,73,California
Glenn,2020-12-23,26,99,26,99,0,0,0,0,26,99,0,0,26,99,California
Glenn,2020-12-24,9,108,9,108,0,0,0,0,9,108,0,0,9,108,California
Glenn,2020-12-26,2,110,2,110,0,0,0,0,2,110,0,0,2,110,California
Glenn,2020-12-27,4,114,4,114,0,0,0,0,4,114,0,0,4,114,California
Glenn,2020-12-28,21,135,21,135,0,0,0,0,21,135,0,0,21,135,California
Glenn,2020-12-29,82,217,82,217,0,0,0,0,82,217,0,0,82,217,California
Glenn,2020-12-30,128,345,106,323,22,22,0,0,128,345,0,0,128,345,California
Glenn,2020-12-31,38,383,9,332,29,51,0,0,38,383,0,0,38,383,California
Glenn,2021-01-02,2,385,2,334,0,51,0,0,2,385,0,0,2,385,California
Glenn,2021-01-04,7,392,5,339,2,53,0,0,7,392,0,0,7,392,California
Glenn,2021-01-05,9,401,8,347,1,54,0,0,9,401,0,0,9,401,California
Glenn,2021-01-06,61,462,9,356,52,106,0,0,61,462,0,0,61,462,California
Glenn,2021-01-07,66,528,12,368,54,160,0,0,64,524,2,2,64,526,California
Glenn,2021-01-08,11,539,9,377,2,162,0,0,11,535,0,2,11,537,California
Glenn,2021-01-10,1,540,1,378,0,162,0,0,0,534,1,3,0,537,California
Glenn,2021-01-11,30,570,30,408,0,162,0,0,12,528,18,21,12,549,California
Glenn,2021-01-12,42,612,37,445,5,167,0,0,14,514,28,49,14,563,California
Glenn,2021-01-13,152,764,87,532,65,232,0,0,109,580,43,92,109,672,California
Glenn,2021-01-14,184,948,96,628,88,320,0,0,174,744,10,102,174,846,California
Glenn,2021-01-15,42,990,34,662,8,328,0,0,37,776,5,107,37,883,California
Glenn,2021-01-16,34,1024,14,676,20,348,0,0,24,790,10,117,24,907,California
Glenn,2021-01-17,4,1028,2,678,2,350,0,0,2,790,2,119,2,909,California
Glenn,2021-01-18,17,1045,16,694,1,351,0,0,9,791,8,127,9,918,California
Glenn,2021-01-19,30,1075,20,714,10,361,0,0,13,787,17,144,13,931,California
Glenn,2021-01-20,163,1238,94,808,69,430,0,0,82,788,81,225,82,1013,California
Glenn,2021-01-21,124,1362,98,906,26,456,0,0,30,724,94,319,30,1043,California
Glenn,2021-01-22,337,1699,63,969,274,730,0,0,330,1047,7,326,330,1373,California
Glenn,2021-01-23,14,1713,7,976,7,737,0,0,12,1057,2,328,12,1385,California
Glenn,2021-01-24,2,1715,2,978,0,737,0,0,2,1059,0,328,2,1387,California
Glenn,2021-01-25,27,1742,9,987,18,755,0,0,24,1080,3,331,24,1411,California
Glenn,2021-01-26,29,1771,13,1000,16,771,0,0,23,1097,6,337,23,1434,California
Glenn,2021-01-27,188,1959,14,1014,174,945,0,0,166,1241,22,359,166,1600,California
Glenn,2021-01-28,146,2105,8,1022,138,1083,0,0,116,1327,30,389,116,1716,California
Glenn,2021-01-29,297,2402,12,1034,285,1368,0,0,283,1596,14,403,283,1999,California
Glenn,2021-01-30,5,2407,0,1034,5,1373,0,0,5,1601,0,403,5,2004,California
Glenn,2021-01-31,1,2408,0,1034,1,1374,0,0,1,1602,0,403,1,2005,California
Glenn,2021-02-01,28,2436,10,1044,18,1392,0,0,16,1606,12,415,16,2021,California
Glenn,2021-02-02,28,2464,13,1057,15,1407,0,0,19,1616,9,424,19,2040,California
Glenn,2021-02-03,207,2671,58,1115,149,1556,0,0,112,1633,95,519,112,2152,California
Glenn,2021-02-04,149,2820,84,1199,65,1621,0,0,45,1574,104,623,45,2197,California
Glenn,2021-02-05,319,3139,24,1223,295,1916,0,0,300,1855,19,642,300,2497,California
Glenn,2021-02-06,14,3153,2,1225,12,1928,0,0,13,1867,1,643,13,2510,California
Glenn,2021-02-07,2,3155,2,1227,0,1928,0,0,2,1869,0,643,2,2512,California
Glenn,2021-02-08,21,3176,17,1244,4,1932,0,0,4,1856,17,660,4,2516,California
Glenn,2021-02-09,49,3225,20,1264,29,1961,0,0,36,1879,13,673,36,2552,California
Glenn,2021-02-10,138,3363,19,1283,119,2080,0,0,64,1869,74,747,64,2616,California
Glenn,2021-02-11,231,3594,132,1415,99,2179,0,0,149,1936,82,829,149,2765,California
Glenn,2021-02-12,420,4014,99,1514,321,2500,0,0,356,2228,64,893,356,3121,California
Glenn,2021-02-13,34,4048,7,1521,27,2527,0,0,16,2226,18,911,16,3137,California
Glenn,2021-02-14,1,4049,0,1521,1,2528,0,0,1,2227,0,911,1,3138,California
Glenn,2021-02-15,8,4057,0,1521,8,2536,0,0,8,2235,0,911,8,3146,California
Glenn,2021-02-16,39,4096,9,1530,30,2566,0,0,21,2238,18,929,21,3167,California
Glenn,2021-02-17,380,4476,15,1545,365,2931,0,0,302,2462,78,1007,302,3469,California
Glenn,2021-02-18,134,4610,99,1644,35,2966,0,0,110,2548,24,1031,110,3579,California
Glenn,2021-02-19,303,4913,17,1661,286,3252,0,0,29,2303,274,1305,29,3608,California
Glenn,2021-02-20,8,4921,0,1661,8,3260,0,0,0,2295,8,1313,0,3608,California
Glenn,2021-02-22,33,4954,14,1675,19,3279,0,0,17,2296,16,1329,17,3625,California
Glenn,2021-02-23,40,4994,10,1685,30,3309,0,0,28,2312,12,1341,28,3653,California
Glenn,2021-02-24,221,5215,15,1700,206,3515,0,0,47,2185,174,1515,47,3700,California
Glenn,2021-02-25,262,5477,148,1848,114,3629,0,0,118,2159,144,1659,118,3818,California
Glenn,2021-02-26,305,5782,24,1872,281,3910,0,0,20,1895,284,1943,20,3838,California
Glenn,2021-02-27,15,5797,5,1877,10,3920,0,0,5,1891,9,1952,5,3843,California
Glenn,2021-02-28,6,5803,3,1880,3,3923,0,0,3,1892,2,1954,3,3846,California
Glenn,2021-03-01,28,5831,6,1886,22,3945,0,0,12,1888,16,1970,12,3858,California
Glenn,2021-03-02,35,5866,7,1893,28,3973,0,0,17,1887,18,1988,17,3875,California
Glenn,2021-03-03,191,6057,35,1928,156,4129,0,0,99,1895,91,2079,99,3974,California
Glenn,2021-03-04,520,6577,175,2103,345,4474,0,0,376,2127,144,2223,376,4350,California
Glenn,2021-03-05,355,6932,47,2150,308,4782,0,0,34,1840,321,2544,34,4384,California
Glenn,2021-03-06,26,6958,3,2153,22,4804,1,1,9,1833,17,2561,10,4394,California
Glenn,2021-03-07,5,6963,0,2153,5,4809,0,1,3,1835,1,2562,3,4397,California
Glenn,2021-03-08,21,6984,2,2155,18,4827,1,2,19,1853,2,2564,20,4417,California
Glenn,2021-03-09,74,7058,11,2166,60,4887,3,5,50,1881,24,2588,52,4469,California
Glenn,2021-03-10,171,7229,68,2234,101,4988,2,7,95,1902,76,2664,97,4566,California
Glenn,2021-03-11,583,7812,169,2403,390,5378,24,31,453,2249,130,2794,477,5043,California
Glenn,2021-03-12,415,8227,14,2417,340,5718,61,92,39,1973,376,3170,100,5143,California
Glenn,2021-03-13,12,8239,1,2418,3,5721,8,100,1,1971,11,3181,9,5152,California
Glenn,2021-03-14,3,8242,1,2419,2,5723,0,100,2,1972,1,3182,2,5154,California
Glenn,2021-03-15,75,8317,15,2434,55,5778,5,105,60,2022,15,3197,65,5219,California
Glenn,2021-03-16,106,8423,33,2467,62,5840,11,116,65,2057,41,3238,76,5295,California
Glenn,2021-03-17,414,8837,97,2564,310,6150,7,123,112,1873,302,3540,118,5413,California
Glenn,2021-03-18,520,9357,214,2778,50,6200,256,379,144,1897,376,3916,400,5813,California
Glenn,2021-03-19,91,9448,16,2794,69,6269,6,385,70,1953,20,3936,76,5889,California
Glenn,2021-03-20,121,9569,1,2795,119,6388,1,386,119,2071,2,3938,120,6009,California
Glenn,2021-03-21,6,9575,5,2800,0,6388,1,387,3,2073,2,3940,4,6013,California
Glenn,2021-03-22,116,9691,53,2853,55,6443,8,395,96,2159,18,3958,104,6117,California
Glenn,2021-03-23,167,9858,66,2919,50,6493,51,446,94,2232,72,4030,145,6262,California
Glenn,2021-03-24,205,10063,100,3019,100,6593,5,451,133,2299,71,4101,138,6400,California
Glenn,2021-03-25,455,10518,230,3249,131,6724,94,545,326,2591,128,4229,420,6820,California
Glenn,2021-03-26,225,10743,34,3283,155,6879,36,581,175,2752,50,4279,211,7031,California
Glenn,2021-03-27,152,10895,21,3304,126,7005,5,586,142,2889,10,4289,147,7178,California
Glenn,2021-03-28,15,10910,10,3314,5,7010,0,586,10,2894,5,4294,10,7188,California
Glenn,2021-03-29,58,10968,19,3333,36,7046,3,589,44,2927,14,4308,47,7235,California
Glenn,2021-03-30,73,11041,41,3374,31,7077,1,590,43,2942,29,4337,44,7279,California
Glenn,2021-03-31,125,11166,36,3410,88,7165,1,591,55,2928,70,4407,56,7335,California
Glenn,2021-04-01,641,11807,186,3596,446,7611,9,600,231,2759,409,4816,240,7575,California
Glenn,2021-04-02,158,11965,25,3621,121,7732,12,612,122,2857,36,4852,134,7709,California
Glenn,2021-04-03,90,12055,4,3625,79,7811,7,619,79,2932,11,4863,86,7795,California
Glenn,2021-04-04,8,12063,3,3628,3,7814,2,621,4,2934,4,4867,6,7801,California
Glenn,2021-04-05,66,12129,25,3653,28,7842,13,634,28,2937,38,4905,41,7842,California
Glenn,2021-04-06,142,12271,52,3705,51,7893,39,673,40,2914,101,5006,78,7920,California
Glenn,2021-04-07,152,12423,46,3751,52,7945,54,727,73,2962,79,5085,127,8047,California
Glenn,2021-04-08,629,13052,188,3939,407,8352,34,761,135,2639,492,5577,169,8216,California
Glenn,2021-04-09,150,13202,57,3996,77,8429,16,777,95,2695,55,5632,111,8327,California
Glenn,2021-04-10,75,13277,1,3997,63,8492,11,788,63,2757,12,5644,74,8401,California
Glenn,2021-04-11,17,13294,8,4005,4,8496,5,793,7,2759,10,5654,12,8413,California
Glenn,2021-04-12,101,13395,24,4029,48,8544,29,822,18,2723,83,5737,47,8460,California
Glenn,2021-04-13,83,13478,62,4091,21,8565,0,822,24,2689,58,5795,24,8484,California
Glenn,2021-04-14,35,13513,17,4108,18,8583,0,822,3,2660,32,5827,3,8487,California
Glenn,2021-04-15,285,13798,254,4362,31,8614,0,822,80,2538,205,6032,83,8570,California
Humboldt,2020-12-15,2,2,2,2,0,0,0,0,2,2,0,0,2,2,California
Humboldt,2020-12-16,15,17,15,17,0,0,0,0,15,17,0,0,15,17,California
Humboldt,2020-12-17,117,134,117,134,0,0,0,0,117,134,0,0,117,134,California
Humboldt,2020-12-18,176,310,176,310,0,0,0,0,176,310,0,0,176,310,California
Humboldt,2020-12-19,10,320,10,320,0,0,0,0,10,320,0,0,10,320,California
Humboldt,2020-12-20,28,348,28,348,0,0,0,0,28,348,0,0,28,348,California
Humboldt,2020-12-21,165,513,165,513,0,0,0,0,165,513,0,0,165,513,California
Humboldt,2020-12-22,291,804,291,804,0,0,0,0,291,804,0,0,291,804,California
Humboldt,2020-12-23,310,1114,262,1066,48,48,0,0,311,1115,0,0,311,1115,California
Humboldt,2020-12-24,25,1139,2,1068,23,71,0,0,25,1140,0,0,25,1140,California
Humboldt,2020-12-25,2,1141,2,1070,0,71,0,0,2,1142,0,0,2,1142,California
Humboldt,2020-12-26,6,1147,5,1075,1,72,0,0,6,1148,0,0,6,1148,California
Humboldt,2020-12-28,153,1300,144,1219,9,81,0,0,153,1301,0,0,153,1301,California
Humboldt,2020-12-29,166,1466,123,1342,43,124,0,0,166,1467,0,0,166,1467,California
Humboldt,2020-12-30,222,1688,123,1465,99,223,0,0,222,1689,0,0,222,1689,California
Humboldt,2020-12-31,241,1929,79,1544,162,385,0,0,241,1930,0,0,241,1930,California
Humboldt,2021-01-01,2,1931,1,1545,1,386,0,0,2,1932,0,0,2,1932,California
Humboldt,2021-01-02,38,1969,1,1546,37,423,0,0,38,1970,0,0,38,1970,California
Humboldt,2021-01-04,214,2183,141,1687,73,496,0,0,215,2185,0,0,215,2185,California
Humboldt,2021-01-05,128,2311,18,1705,110,606,0,0,127,2311,1,1,127,2312,California
Humboldt,2021-01-06,301,2612,203,1908,98,704,0,0,229,2479,61,62,229,2541,California
Humboldt,2021-01-07,418,3030,306,2214,112,816,0,0,305,2686,98,160,305,2846,California
Humboldt,2021-01-08,417,3447,279,2493,138,954,0,0,282,2837,131,291,282,3128,California
Humboldt,2021-01-09,69,3516,45,2538,24,978,0,0,66,2901,3,294,67,3195,California
Humboldt,2021-01-10,84,3600,84,2622,0,978,0,0,4,2825,80,374,4,3199,California
Humboldt,2021-01-11,287,3887,276,2898,11,989,0,0,73,2688,210,584,73,3272,California
Humboldt,2021-01-12,479,4366,316,3214,163,1152,0,0,297,2825,160,744,297,3569,California
Humboldt,2021-01-13,477,4843,274,3488,203,1355,0,0,300,2952,174,918,301,3870,California
Humboldt,2021-01-14,518,5361,161,3649,357,1712,0,0,462,3359,56,974,463,4333,California
Humboldt,2021-01-15,373,5734,39,3688,334,2046,0,0,356,3698,17,991,356,4689,California
Humboldt,2021-01-16,170,5904,6,3694,164,2210,0,0,169,3866,1,992,169,4858,California
Humboldt,2021-01-17,6,5910,4,3698,2,2212,0,0,6,3872,0,992,6,4864,California
Humboldt,2021-01-18,292,6202,257,3955,35,2247,0,0,143,3866,149,1141,143,5007,California
Humboldt,2021-01-19,616,6818,372,4327,244,2491,0,0,489,4234,121,1262,489,5496,California
Humboldt,2021-01-20,911,7729,401,4728,510,3001,0,0,763,4860,139,1401,765,6261,California
Humboldt,2021-01-21,955,8684,260,4988,695,3696,0,0,914,5733,41,1442,914,7175,California
Humboldt,2021-01-22,675,9359,376,5364,299,3995,0,0,667,6392,8,1450,667,7842,California
Humboldt,2021-01-23,798,10157,270,5634,528,4523,0,0,789,7173,9,1459,790,8632,California
Humboldt,2021-01-24,224,10381,1,5635,223,4746,0,0,224,7397,0,1459,224,8856,California
Humboldt,2021-01-25,303,10684,232,5867,71,4817,0,0,149,7392,154,1613,149,9005,California
Humboldt,2021-01-26,523,11207,141,6008,382,5199,0,0,476,7821,47,1660,476,9481,California
Humboldt,2021-01-27,1258,12465,585,6593,673,5872,0,0,1194,8958,57,1717,1194,10675,California
Humboldt,2021-01-28,1444,13909,626,7219,818,6690,0,0,1309,10137,132,1849,1311,11986,California
Humboldt,2021-01-29,1126,15035,543,7762,583,7273,0,0,709,10430,417,2266,710,12696,California
Humboldt,2021-01-30,972,16007,458,8220,514,7787,0,0,961,11381,11,2277,962,13658,California
Humboldt,2021-01-31,308,16315,307,8527,1,7788,0,0,307,11687,1,2278,307,13965,California
Humboldt,2021-02-01,330,16645,190,8717,140,7928,0,0,188,11734,141,2419,188,14153,California
Humboldt,2021-02-02,441,17086,73,8790,368,8296,0,0,338,11973,101,2520,340,14493,California
Humboldt,2021-02-03,648,17734,259,9049,389,8685,0,0,499,12323,149,2669,499,14992,California
Humboldt,2021-02-04,637,18371,261,9310,376,9061,0,0,442,12573,192,2861,442,15434,California
Humboldt,2021-02-05,806,19177,94,9404,712,9773,0,0,623,13013,183,3044,623,16057,California
Humboldt,2021-02-06,1053,20230,442,9846,611,10384,0,0,1012,13986,40,3084,1013,17070,California
Humboldt,2021-02-07,377,20607,7,9853,370,10754,0,0,373,14356,4,3088,374,17444,California
Humboldt,2021-02-08,324,20931,141,9994,183,10937,0,0,184,14401,139,3227,184,17628,California
Humboldt,2021-02-09,493,21424,218,10212,275,11212,0,0,178,14264,315,3542,178,17806,California
Humboldt,2021-02-10,560,21984,368,10580,192,11404,0,0,232,14173,323,3865,232,18038,California
Humboldt,2021-02-11,1289,23273,391,10971,898,12302,0,0,510,13907,776,4641,510,18548,California
Humboldt,2021-02-12,1142,24415,733,11704,409,12711,0,0,703,14171,439,5080,703,19251,California
Humboldt,2021-02-13,1495,25910,551,12255,944,13655,0,0,909,14496,584,5664,909,20160,California
Humboldt,2021-02-14,112,26022,5,12260,107,13762,0,0,109,14603,2,5666,109,20269,California
Humboldt,2021-02-15,292,26314,78,12338,214,13976,0,0,195,14701,97,5763,195,20464,California
Humboldt,2021-02-16,532,26846,117,12455,415,14391,0,0,251,14672,281,6044,252,20716,California
Humboldt,2021-02-17,450,27296,279,12734,171,14562,0,0,137,14496,313,6357,137,20853,California
Humboldt,2021-02-18,966,28262,595,13329,371,14933,0,0,230,13991,735,7092,230,21083,California
Humboldt,2021-02-19,475,28737,434,13763,41,14974,0,0,89,13697,383,7475,89,21172,California
Humboldt,2021-02-20,1581,30318,976,14739,605,15579,0,0,474,13069,1104,8579,476,21648,California
Humboldt,2021-02-21,476,30794,468,15207,8,15587,0,0,185,12964,291,8870,186,21834,California
Humboldt,2021-02-22,125,30919,91,15298,34,15621,0,0,26,12893,97,8967,26,21860,California
Humboldt,2021-02-23,170,31089,69,15367,101,15722,0,0,39,12803,129,9096,39,21899,California
Humboldt,2021-02-24,1143,32232,685,16052,458,16180,0,0,566,12793,576,9672,566,22465,California
Humboldt,2021-02-25,828,33060,315,16367,513,16693,0,0,226,12419,600,10272,226,22691,California
Humboldt,2021-02-26,2140,35200,106,16473,2034,18727,0,0,455,11194,1680,11952,455,23146,California
Humboldt,2021-02-27,1688,36888,1072,17545,616,19343,0,0,868,11248,818,12770,872,24018,California
Humboldt,2021-02-28,121,37009,11,17556,110,19453,0,0,116,11359,5,12775,116,24134,California
Humboldt,2021-03-01,254,37263,46,17602,208,19661,0,0,179,11463,75,12850,179,24313,California
Humboldt,2021-03-02,283,37546,48,17650,235,19896,0,0,154,11488,129,12979,154,24467,California
Humboldt,2021-03-03,1637,39183,1095,18745,542,20438,0,0,1217,12292,414,13393,1218,25685,California
Humboldt,2021-03-04,881,40064,107,18852,774,21212,0,0,265,11943,616,14009,267,25952,California
Humboldt,2021-03-05,920,40984,179,19031,730,21942,11,11,371,11780,545,14554,382,26334,California
Humboldt,2021-03-06,1686,42670,836,19867,801,22743,49,60,708,11560,977,15531,757,27091,California
Humboldt,2021-03-07,361,43031,294,20161,49,22792,18,78,156,11529,205,15736,174,27265,California
Humboldt,2021-03-08,255,43286,6,20167,171,22963,78,156,161,11674,94,15830,239,27504,California
Humboldt,2021-03-09,454,43740,200,20367,110,23073,144,300,212,11790,240,16070,356,27860,California
Humboldt,2021-03-10,681,44421,465,20832,63,23136,153,453,412,12085,268,16338,563,28423,California
Humboldt,2021-03-11,1325,45746,460,21292,765,23901,100,553,509,11879,814,17152,608,29031,California
Humboldt,2021-03-12,1728,47474,1083,22375,425,24326,220,773,1043,12467,677,17829,1265,30296,California
Humboldt,2021-03-13,1560,49034,1020,23395,489,24815,51,824,678,12320,876,18705,729,31025,California
Humboldt,2021-03-14,139,49173,18,23413,112,24927,9,833,25,12240,114,18819,34,31059,California
Humboldt,2021-03-15,265,49438,50,23463,195,25122,20,853,49,12093,216,19035,69,31128,California
Humboldt,2021-03-16,630,50068,200,23663,170,25292,260,1113,256,12235,373,19408,515,31643,California
Humboldt,2021-03-17,725,50793,396,24059,221,25513,108,1221,333,12285,391,19799,441,32084,California
Humboldt,2021-03-18,1718,52511,1159,25218,517,26030,42,1263,1034,12682,679,20478,1076,33160,California
Humboldt,2021-03-19,1071,53582,58,25276,699,26729,314,1577,439,12807,628,21106,753,33913,California
Humboldt,2021-03-20,1371,54953,750,26026,608,27337,13,1590,427,12306,942,22048,441,34354,California
Humboldt,2021-03-21,244,55197,32,26058,183,27520,29,1619,197,12485,47,22095,226,34580,California
Humboldt,2021-03-22,109,55306,15,26073,45,27565,49,1668,54,12534,54,22149,103,34683,California
Humboldt,2021-03-23,405,55711,40,26113,322,27887,43,1711,316,12806,87,22236,359,35042,California
Humboldt,2021-03-24,1409,57120,386,26499,976,28863,47,1758,1035,13520,366,22602,1080,36122,California
Humboldt,2021-03-25,1770,58890,1169,27668,538,29401,63,1821,888,13591,880,23482,951,37073,California
Humboldt,2021-03-26,2023,60913,425,28093,1542,30943,56,1877,1582,14793,436,23918,1638,38711,California
Humboldt,2021-03-27,1905,62818,1422,29515,315,31258,168,2045,1044,15147,858,24776,1212,39923,California
Humboldt,2021-03-28,264,63082,79,29594,114,31372,71,2116,84,15122,180,24956,155,40078,California
Humboldt,2021-03-29,463,63545,122,29716,246,31618,95,2211,197,15148,265,25221,291,40369,California
Humboldt,2021-03-30,931,64476,299,30015,518,32136,114,2325,559,15451,369,25590,672,41041,California
Humboldt,2021-03-31,1843,66319,513,30528,1234,33370,96,2421,1396,16500,445,26035,1494,42535,California
Humboldt,2021-04-01,2078,68397,689,31217,1301,34671,88,2509,1473,17462,599,26634,1561,44096,California
Humboldt,2021-04-02,1680,70077,1097,32314,480,35151,103,2612,595,17081,1079,27713,698,44794,California
Humboldt,2021-04-03,1642,71719,1488,33802,138,35289,16,2628,666,16797,966,28679,682,45476,California
Humboldt,2021-04-04,470,72189,360,34162,101,35390,9,2637,398,17133,72,28751,408,45884,California
Humboldt,2021-04-05,718,72907,454,34616,222,35612,42,2679,408,17274,309,29060,450,46334,California
Humboldt,2021-04-06,811,73718,311,34927,366,35978,134,2813,575,17751,231,29291,708,47042,California
Humboldt,2021-04-07,1392,75110,1041,35968,236,36214,115,2928,925,18326,465,29756,1040,48082,California
Humboldt,2021-04-08,1528,76638,1036,37004,369,36583,123,3051,685,18292,842,30598,808,48890,California
Humboldt,2021-04-09,1166,77804,426,37430,591,37174,149,3200,912,19094,254,30852,1056,49946,California
Humboldt,2021-04-10,921,78725,133,37563,615,37789,173,3373,726,19798,194,31046,898,50844,California
Humboldt,2021-04-11,632,79357,136,37699,30,37819,466,3839,125,19880,507,31553,589,51433,California
Humboldt,2021-04-12,391,79748,219,37918,75,37894,97,3936,270,20126,121,31674,367,51800,California
Humboldt,2021-04-13,561,80309,301,38219,257,38151,3,3939,528,20626,30,31704,530,52330,California
Humboldt,2021-04-14,372,80681,38,38257,334,38485,0,3939,288,20830,84,31788,288,52618,California
Humboldt,2021-04-15,778,81459,517,38774,257,38742,4,3943,492,21057,284,32072,511,53129,California
Imperial,2020-12-16,1,1,1,1,0,0,0,0,1,1,0,0,1,1,California
Imperial,2020-12-17,4,5,4,5,0,0,0,0,4,5,0,0,4,5,California
Imperial,2020-12-18,11,16,11,16,0,0,0,0,11,16,0,0,11,16,California
Imperial,2020-12-20,2,18,2,18,0,0,0,0,2,18,0,0,2,18,California
Imperial,2020-12-21,186,204,186,204,0,0,0,0,186,204,0,0,186,204,California
Imperial,2020-12-22,241,445,239,443,2,2,0,0,241,445,0,0,241,445,California
Imperial,2020-12-23,211,656,210,653,1,3,0,0,210,655,0,0,210,655,California
Imperial,2020-12-24,5,661,5,658,0,3,0,0,5,660,0,0,5,660,California
Imperial,2020-12-26,1,662,0,658,1,4,0,0,1,661,0,0,1,661,California
Imperial,2020-12-27,62,724,0,658,62,66,0,0,62,723,0,0,62,723,California
Imperial,2020-12-28,214,938,114,772,100,166,0,0,214,937,0,0,214,937,California
Imperial,2020-12-29,189,1127,36,808,153,319,0,0,189,1126,0,0,189,1126,California
Imperial,2020-12-30,366,1493,50,858,316,635,0,0,366,1492,0,0,366,1492,California
Imperial,2020-12-31,197,1690,26,884,171,806,0,0,197,1689,0,0,197,1689,California
Imperial,2021-01-01,46,1736,5,889,41,847,0,0,46,1735,0,0,46,1735,California
Imperial,2021-01-02,4,1740,0,889,4,851,0,0,4,1739,0,0,4,1739,California
Imperial,2021-01-03,90,1830,0,889,90,941,0,0,90,1829,0,0,90,1829,California
Imperial,2021-01-04,85,1915,5,894,80,1021,0,0,85,1914,0,0,85,1914,California
Imperial,2021-01-05,172,2087,13,907,159,1180,0,0,172,2086,0,0,172,2086,California
Imperial,2021-01-06,190,2277,25,932,165,1345,0,0,189,2274,1,1,189,2275,California
Imperial,2021-01-07,320,2597,10,942,310,1655,0,0,317,2588,3,4,317,2592,California
Imperial,2021-01-08,190,2787,50,992,140,1795,0,0,181,2760,9,13,181,2773,California
Imperial,2021-01-09,24,2811,21,1013,3,1798,0,0,24,2784,0,13,24,2797,California
Imperial,2021-01-10,1,2812,0,1013,1,1799,0,0,1,2785,0,13,1,2798,California
Imperial,2021-01-11,403,3215,244,1257,159,1958,0,0,175,2732,228,241,175,2973,California
Imperial,2021-01-12,403,3618,301,1558,102,2060,0,0,141,2612,261,502,141,3114,California
Imperial,2021-01-13,379,3997,132,1690,247,2307,0,0,280,2793,99,601,280,3394,California
Imperial,2021-01-14,260,4257,151,1841,109,2416,0,0,254,3042,5,606,254,3648,California
Imperial,2021-01-15,239,4496,182,2023,57,2473,0,0,232,3267,7,613,232,3880,California
Imperial,2021-01-16,76,4572,72,2095,4,2477,0,0,75,3341,1,614,75,3955,California
Imperial,2021-01-17,8,4580,2,2097,6,2483,0,0,8,3349,0,614,8,3963,California
Imperial,2021-01-18,1057,5637,402,2499,655,3138,0,0,958,4209,99,713,959,4922,California
Imperial,2021-01-19,164,5801,128,2627,36,3174,0,0,117,4279,47,760,117,5039,California
Imperial,2021-01-20,291,6092,195,2822,96,3270,0,0,253,4494,38,798,253,5292,California
Imperial,2021-01-21,414,6506,183,3005,231,3501,0,0,394,4868,20,818,394,5686,California
Imperial,2021-01-22,456,6962,189,3194,267,3768,0,0,447,5306,9,827,447,6133,California
Imperial,2021-01-23,1041,8003,290,3484,751,4519,0,0,1040,6345,1,828,1040,7173,California
Imperial,2021-01-24,10,8013,3,3487,7,4526,0,0,10,6355,0,828,10,7183,California
Imperial,2021-01-25,213,8226,5,3492,208,4734,0,0,34,6211,178,1006,34,7217,California
Imperial,2021-01-26,359,8585,184,3676,175,4909,0,0,216,6284,143,1149,216,7433,California
Imperial,2021-01-27,570,9155,162,3838,408,5317,0,0,237,6188,333,1482,237,7670,California
Imperial,2021-01-28,633,9788,160,3998,473,5790,0,0,525,6605,108,1590,525,8195,California
Imperial,2021-01-29,421,10209,295,4293,126,5916,0,0,371,6926,50,1640,371,8566,California
Imperial,2021-01-30,55,10264,30,4323,25,5941,0,0,38,6947,17,1657,38,8604,California
Imperial,2021-01-31,16,10280,6,4329,10,5951,0,0,15,6961,1,1658,15,8619,California
Imperial,2021-02-01,418,10698,53,4382,365,6316,0,0,208,6960,209,1867,208,8827,California
Imperial,2021-02-02,677,11375,54,4436,623,6939,0,0,496,7275,181,2048,496,9323,California
Imperial,2021-02-03,456,11831,47,4483,409,7348,0,0,263,7346,192,2240,263,9586,California
Imperial,2021-02-04,1715,13546,1197,5680,518,7866,0,0,1402,8436,312,2552,1402,10988,California
Imperial,2021-02-05,389,13935,241,5921,148,8014,0,0,153,8355,234,2786,153,11141,California
Imperial,2021-02-06,861,14796,838,6759,23,8037,0,0,824,9143,36,2822,824,11965,California
Imperial,2021-02-07,21,14817,9,6768,12,8049,0,0,20,9162,1,2823,20,11985,California
Imperial,2021-02-08,251,15068,42,6810,209,8258,0,0,183,9277,68,2891,183,12168,California
Imperial,2021-02-09,461,15529,145,6955,316,8574,0,0,304,9424,157,3048,304,12472,California
Imperial,2021-02-10,385,15914,56,7011,329,8903,0,0,95,9230,290,3338,96,12568,California
Imperial,2021-02-11,461,16375,258,7269,203,9106,0,0,89,8947,372,3710,89,12657,California
Imperial,2021-02-12,2114,18489,1405,8674,709,9815,0,0,1762,10358,351,4061,1762,14419,California
Imperial,2021-02-13,41,18530,18,8692,23,9838,0,0,34,10386,7,4068,35,14454,California
Imperial,2021-02-14,23,18553,11,8703,12,9850,0,0,21,10405,2,4070,21,14475,California
Imperial,2021-02-15,29,18582,10,8713,19,9869,0,0,22,10420,7,4077,22,14497,California
Imperial,2021-02-16,512,19094,265,8978,247,10116,0,0,292,10492,220,4297,292,14789,California
Imperial,2021-02-17,439,19533,285,9263,154,10270,0,0,83,10219,356,4653,83,14872,California
Imperial,2021-02-18,645,20178,308,9571,337,10607,0,0,140,9856,503,5156,140,15012,California
Imperial,2021-02-19,766,20944,381,9952,385,10992,0,0,192,9475,573,5729,192,15204,California
Imperial,2021-02-20,1039,21983,191,10143,848,11840,0,0,325,9089,713,6442,327,15531,California
Imperial,2021-02-21,588,22571,554,10697,34,11874,0,0,577,9656,10,6452,577,16108,California
Imperial,2021-02-22,809,23380,569,11266,240,12114,0,0,759,10365,50,6502,759,16867,California
Imperial,2021-02-23,935,24315,372,11638,563,12677,0,0,885,11200,50,6552,885,17752,California
Imperial,2021-02-24,700,25015,285,11923,415,13092,0,0,603,11707,96,6648,603,18355,California
Imperial,2021-02-25,814,25829,338,12261,476,13568,0,0,449,11797,364,7012,454,18809,California
Imperial,2021-02-26,1741,27570,1350,13611,391,13959,0,0,1568,13194,171,7183,1568,20377,California
Imperial,2021-02-27,858,28428,809,14420,49,14008,0,0,120,12577,738,7921,121,20498,California
Imperial,2021-02-28,29,28457,19,14439,10,14018,0,0,20,12588,9,7930,20,20518,California
Imperial,2021-03-01,489,28946,291,14730,198,14216,0,0,426,12954,61,7991,427,20945,California
Imperial,2021-03-02,672,29618,246,14976,426,14642,0,0,385,13054,287,8278,387,21332,California
Imperial,2021-03-03,913,30531,37,15013,875,15517,1,1,544,13244,366,8644,556,21888,California
Imperial,2021-03-04,742,31273,75,15088,667,16184,0,1,483,13499,257,8901,512,22400,California
Imperial,2021-03-05,2566,33839,1936,17024,630,16814,0,1,1243,13424,1320,10221,1245,23645,California
Imperial,2021-03-06,687,34526,236,17260,451,17265,0,1,646,14036,38,10259,650,24295,California
Imperial,2021-03-07,72,34598,40,17300,32,17297,0,1,52,14069,20,10279,53,24348,California
Imperial,2021-03-08,410,35008,328,17628,47,17344,35,36,358,14410,52,10331,393,24741,California
Imperial,2021-03-09,681,35689,310,17938,125,17469,246,282,398,14771,283,10614,644,25385,California
Imperial,2021-03-10,678,36367,310,18248,264,17733,104,386,314,14827,363,10977,419,25804,California
Imperial,2021-03-11,1782,38149,478,18726,1112,18845,192,578,1184,15616,598,11575,1387,27191,California
Imperial,2021-03-12,3697,41846,2536,21262,976,19821,185,763,2108,16324,1586,13161,2294,29485,California
Imperial,2021-03-13,1139,42985,90,21352,826,20647,223,986,855,17123,282,13443,1081,30566,California
Imperial,2021-03-14,168,43153,30,21382,126,20773,12,998,138,17244,30,13473,151,30717,California
Imperial,2021-03-15,668,43821,214,21596,196,20969,258,1256,375,17584,292,13765,632,31349,California
Imperial,2021-03-16,1065,44886,275,21871,337,21306,453,1709,528,18030,535,14300,981,32330,California
Imperial,2021-03-17,1567,46453,686,22557,745,22051,136,1845,990,18583,574,14874,1127,33457,California
Imperial,2021-03-18,1776,48229,1174,23731,542,22593,60,1905,1246,19364,528,15402,1309,34766,California
Imperial,2021-03-19,3332,51561,2440,26171,888,23481,4,1909,1499,19042,1826,17228,1504,36270,California
Imperial,2021-03-20,860,52421,550,26721,305,23786,5,1914,416,19029,440,17668,427,36697,California
Imperial,2021-03-21,215,52636,33,26754,178,23964,4,1918,157,19136,58,17726,165,36862,California
Imperial,2021-03-22,1039,53675,333,27087,699,24663,7,1925,618,19342,420,18146,626,37488,California
Imperial,2021-03-23,1379,55054,405,27492,968,25631,6,1931,884,19741,493,18639,892,38380,California
Imperial,2021-03-24,1868,56922,541,28033,901,26532,426,2357,900,20101,966,19605,1326,39706,California
Imperial,2021-03-25,2762,59684,497,28530,870,27402,1395,3752,995,20724,1766,21371,2389,42095,California
Imperial,2021-03-26,2432,62116,836,29366,726,28128,870,4622,761,20691,1665,23036,1632,43727,California
Imperial,2021-03-27,572,62688,262,29628,259,28387,51,4673,414,21001,155,23191,465,44192,California
Imperial,2021-03-28,208,62896,50,29678,156,28543,2,4675,172,21139,36,23227,174,44366,California
Imperial,2021-03-29,1154,64050,346,30024,388,28931,420,5095,312,21032,840,24067,733,45099,California
Imperial,2021-03-30,1402,65452,677,30701,588,29519,137,5232,673,21115,729,24796,812,45911,California
Imperial,2021-03-31,1529,66981,715,31416,809,30328,5,5237,1021,21635,506,25302,1026,46937,California
Imperial,2021-04-01,1731,68712,395,31811,1095,31423,241,5478,803,21755,924,26226,1044,47981,California
Imperial,2021-04-02,1245,69957,444,32255,728,32151,73,5551,732,22048,511,26737,804,48785,California
Imperial,2021-04-03,1476,71433,404,32659,1006,33157,66,5617,684,22010,788,27525,750,49535,California
Imperial,2021-04-04,82,71515,39,32698,27,33184,16,5633,24,21992,58,27583,40,49575,California
Imperial,2021-04-05,1960,73475,1182,33880,721,33905,57,5690,334,20765,1619,29202,392,49967,California
Imperial,2021-04-06,1215,74690,527,34407,537,34442,151,5841,645,20995,568,29770,798,50765,California
Imperial,2021-04-07,2043,76733,522,34929,1169,35611,352,6193,1483,22275,555,30325,1835,52600,California
Imperial,2021-04-08,2039,78772,1066,35995,700,36311,273,6466,999,22509,1037,31362,1271,53871,California
Imperial,2021-04-09,1787,80559,566,36561,676,36987,545,7011,711,22691,1074,32436,1256,55127,California
Imperial,2021-04-10,1205,81764,180,36741,767,37754,258,7269,162,22068,1041,33477,418,55545,California
Imperial,2021-04-11,197,81961,27,36768,138,37892,32,7301,57,22017,140,33617,89,55634,California
Imperial,2021-04-12,1127,83088,639,37407,322,38214,166,7467,585,22231,539,34156,753,56387,California
Imperial,2021-04-13,1355,84443,869,38276,485,38699,1,7468,971,22823,380,34536,972,57359,California
Imperial,2021-04-14,821,85264,197,38473,624,39323,0,7468,643,23292,175,34711,644,58003,California
Imperial,2021-04-15,899,86163,488,38961,411,39734,0,7468,739,23872,159,34870,739,58742,California
Inyo,2020-12-19,85,85,85,85,0,0,0,0,85,85,0,0,85,85,California
Inyo,2020-12-20,58,143,58,143,0,0,0,0,58,143,0,0,58,143,California
Inyo,2020-12-21,88,231,85,228,3,3,0,0,88,231,0,0,88,231,California
Inyo,2020-12-22,105,336,105,333,0,3,0,0,105,336,0,0,105,336,California
Inyo,2020-12-23,70,406,67,400,3,6,0,0,70,406,0,0,70,406,California
Inyo,2020-12-24,16,422,16,416,0,6,0,0,16,422,0,0,16,422,California
Inyo,2020-12-25,1,423,0,416,1,7,0,0,1,423,0,0,1,423,California
Inyo,2020-12-26,74,497,74,490,0,7,0,0,74,497,0,0,74,497,California
Inyo,2020-12-28,48,545,36,526,12,19,0,0,48,545,0,0,48,545,California
Inyo,2020-12-29,20,565,20,546,0,19,0,0,20,565,0,0,20,565,California
Inyo,2020-12-30,56,621,54,600,2,21,0,0,56,621,0,0,56,621,California
Inyo,2020-12-31,29,650,0,600,29,50,0,0,29,650,0,0,29,650,California
Inyo,2021-01-01,1,651,0,600,1,51,0,0,1,651,0,0,1,651,California
Inyo,2021-01-03,1,652,0,600,1,52,0,0,1,652,0,0,1,652,California
Inyo,2021-01-04,1,653,1,601,0,52,0,0,1,653,0,0,1,653,California
Inyo,2021-01-05,34,687,0,601,34,86,0,0,34,687,0,0,34,687,California
Inyo,2021-01-06,68,755,0,601,68,154,0,0,68,755,0,0,68,755,California
Inyo,2021-01-07,31,786,1,602,30,184,0,0,31,786,0,0,31,786,California
Inyo,2021-01-08,9,795,8,610,1,185,0,0,4,786,5,5,5,791,California
Inyo,2021-01-09,87,882,86,696,1,186,0,0,1,701,86,91,1,792,California
Inyo,2021-01-10,52,934,52,748,0,186,0,0,0,649,52,143,0,792,California
Inyo,2021-01-11,97,1031,82,830,15,201,0,0,16,584,81,224,16,808,California
Inyo,2021-01-12,139,1170,118,948,21,222,0,0,28,501,111,335,28,836,California
Inyo,2021-01-13,86,1256,68,1016,18,240,0,0,21,458,65,400,22,858,California
Inyo,2021-01-14,59,1315,13,1029,46,286,0,0,49,497,10,410,49,907,California
Inyo,2021-01-15,163,1478,28,1057,135,421,0,0,163,660,0,410,163,1070,California
Inyo,2021-01-16,74,1552,73,1130,1,422,0,0,1,588,73,483,1,1071,California
Inyo,2021-01-18,58,1610,36,1166,22,444,0,0,19,568,39,522,19,1090,California
Inyo,2021-01-19,116,1726,73,1239,43,487,0,0,100,652,16,538,100,1190,California
Inyo,2021-01-20,145,1871,70,1309,75,562,0,0,91,689,54,592,91,1281,California
Inyo,2021-01-21,121,1992,57,1366,64,626,0,0,120,808,1,593,120,1401,California
Inyo,2021-01-22,62,2054,0,1366,62,688,0,0,61,868,1,594,61,1462,California
Inyo,2021-01-23,52,2106,52,1418,0,688,0,0,52,920,0,594,52,1514,California
Inyo,2021-01-25,49,2155,6,1424,43,731,0,0,37,945,12,606,37,1551,California
Inyo,2021-01-26,135,2290,54,1478,81,812,0,0,129,1068,6,612,129,1680,California
Inyo,2021-01-27,23,2313,2,1480,21,833,0,0,22,1089,1,613,22,1702,California
Inyo,2021-01-28,92,2405,2,1482,90,923,0,0,63,1123,29,642,63,1765,California
Inyo,2021-01-29,25,2430,3,1485,22,945,0,0,23,1144,2,644,23,1788,California
Inyo,2021-01-30,11,2441,1,1486,10,955,0,0,11,1155,0,644,11,1799,California
Inyo,2021-01-31,32,2473,4,1490,28,983,0,0,4,1131,28,672,4,1803,California
Inyo,2021-02-01,11,2484,9,1499,2,985,0,0,1,1122,10,682,1,1804,California
Inyo,2021-02-02,129,2613,14,1513,115,1100,0,0,103,1199,26,708,103,1907,California
Inyo,2021-02-03,116,2729,0,1513,116,1216,0,0,74,1231,42,750,74,1981,California
Inyo,2021-02-04,149,2878,31,1544,118,1334,0,0,90,1262,59,809,90,2071,California
Inyo,2021-02-05,117,2995,61,1605,56,1390,0,0,115,1375,2,811,115,2186,California
Inyo,2021-02-06,4,2999,2,1607,2,1392,0,0,3,1377,1,812,3,2189,California
Inyo,2021-02-07,4,3003,2,1609,2,1394,0,0,4,1381,0,812,4,2193,California
Inyo,2021-02-08,117,3120,7,1616,110,1504,0,0,97,1458,20,832,97,2290,California
Inyo,2021-02-09,193,3313,51,1667,142,1646,0,0,122,1509,71,903,122,2412,California
Inyo,2021-02-10,143,3456,18,1685,125,1771,0,0,109,1584,34,937,109,2521,California
Inyo,2021-02-11,219,3675,56,1741,163,1934,0,0,125,1615,94,1031,125,2646,California
Inyo,2021-02-12,299,3974,52,1793,247,2181,0,0,168,1652,131,1162,168,2814,California
Inyo,2021-02-13,60,4034,55,1848,5,2186,0,0,8,1608,52,1214,8,2822,California
Inyo,2021-02-14,1,4035,0,1848,1,2187,0,0,1,1609,0,1214,1,2823,California
Inyo,2021-02-15,29,4064,9,1857,20,2207,0,0,5,1590,24,1238,5,2828,California
Inyo,2021-02-16,181,4245,50,1907,131,2338,0,0,93,1595,88,1326,93,2921,California
Inyo,2021-02-17,37,4282,4,1911,33,2371,0,0,7,1572,30,1356,7,2928,California
Inyo,2021-02-18,122,4404,5,1916,117,2488,0,0,78,1606,44,1400,78,3006,California
Inyo,2021-02-19,52,4456,4,1920,48,2536,0,0,9,1572,43,1443,9,3015,California
Inyo,2021-02-20,503,4959,499,2419,4,2540,0,0,501,2071,2,1445,501,3516,California
Inyo,2021-02-21,267,5226,267,2686,0,2540,0,0,267,2338,0,1445,267,3783,California
Inyo,2021-02-22,61,5287,19,2705,42,2582,0,0,27,2331,34,1479,27,3810,California
Inyo,2021-02-23,198,5485,20,2725,178,2760,0,0,94,2322,103,1582,94,3904,California
Inyo,2021-02-24,116,5601,0,2725,116,2876,0,0,57,2320,59,1641,57,3961,California
Inyo,2021-02-25,131,5732,3,2728,128,3004,0,0,63,2315,68,1709,63,4024,California
Inyo,2021-02-26,103,5835,60,2788,43,3047,0,0,19,2250,84,1793,19,4043,California
Inyo,2021-02-27,15,5850,4,2792,11,3058,0,0,3,2241,12,1805,3,4046,California
Inyo,2021-02-28,3,5853,1,2793,2,3060,0,0,2,2242,1,1806,2,4048,California
Inyo,2021-03-01,20,5873,2,2795,18,3078,0,0,17,2256,3,1809,17,4065,California
Inyo,2021-03-02,192,6065,1,2796,191,3269,0,0,109,2282,83,1892,109,4174,California
Inyo,2021-03-03,83,6148,2,2798,81,3350,0,0,40,2279,43,1935,40,4214,California
Inyo,2021-03-04,128,6276,4,2802,124,3474,0,0,46,2243,82,2017,46,4260,California
Inyo,2021-03-05,142,6418,57,2859,85,3559,0,0,38,2177,104,2121,38,4298,California
Inyo,2021-03-06,31,6449,1,2860,30,3589,0,0,30,2206,1,2122,30,4328,California
Inyo,2021-03-07,7,6456,4,2864,3,3592,0,0,5,2209,2,2124,5,4333,California
Inyo,2021-03-08,181,6637,5,2869,176,3768,0,0,91,2210,90,2214,91,4424,California
Inyo,2021-03-09,186,6823,2,2871,184,3952,0,0,71,2166,115,2329,71,4495,California
Inyo,2021-03-10,70,6893,8,2879,61,4013,1,1,30,2157,40,2369,31,4526,California
Inyo,2021-03-11,203,7096,1,2880,196,4209,6,7,73,2106,130,2499,79,4605,California
Inyo,2021-03-12,174,7270,4,2884,165,4374,5,12,76,2089,98,2597,81,4686,California
Inyo,2021-03-13,575,7845,540,3424,25,4399,10,22,77,1679,497,3094,87,4773,California
Inyo,2021-03-14,432,8277,430,3854,2,4401,0,22,169,1586,262,3356,169,4942,California
Inyo,2021-03-15,51,8328,15,3869,34,4435,2,24,30,1597,21,3377,32,4974,California
Inyo,2021-03-16,164,8492,4,3873,154,4589,6,30,63,1566,100,3477,69,5043,California
Inyo,2021-03-17,107,8599,3,3876,97,4686,7,37,92,1650,15,3492,99,5142,California
Inyo,2021-03-18,182,8781,14,3890,161,4847,7,44,102,1679,80,3572,109,5251,California
Inyo,2021-03-19,45,8826,4,3894,37,4884,4,48,35,1708,10,3582,39,5290,California
Inyo,2021-03-20,21,8847,1,3895,11,4895,9,57,2,1700,19,3601,11,5301,California
Inyo,2021-03-22,60,8907,2,3897,53,4948,5,62,40,1725,20,3621,45,5346,California
Inyo,2021-03-23,193,9100,4,3901,185,5133,4,66,103,1742,90,3711,107,5453,California
Inyo,2021-03-24,139,9239,3,3904,132,5265,4,70,86,1779,53,3764,90,5543,California
Inyo,2021-03-25,324,9563,104,4008,216,5481,4,74,259,1977,65,3829,263,5806,California
Inyo,2021-03-26,90,9653,2,4010,84,5565,4,78,70,2031,20,3849,74,5880,California
Inyo,2021-03-27,51,9704,44,4054,4,5569,3,81,45,2073,6,3855,48,5928,California
Inyo,2021-03-28,4,9708,1,4055,2,5571,1,82,1,2072,3,3858,2,5930,California
Inyo,2021-03-29,109,9817,2,4057,102,5673,5,87,82,2133,26,3884,87,6017,California
Inyo,2021-03-30,210,10027,3,4060,202,5875,5,92,102,2132,108,3992,107,6124,California
Inyo,2021-03-31,145,10172,4,4064,136,6011,5,97,104,2200,41,4033,109,6233,California
Inyo,2021-04-01,165,10337,5,4069,159,6170,1,98,116,2268,49,4082,117,6350,California
Inyo,2021-04-02,81,10418,1,4070,78,6248,2,100,52,2293,29,4111,54,6404,California
Inyo,2021-04-03,93,10511,46,4116,33,6281,14,114,5,2225,86,4197,18,6422,California
Inyo,2021-04-04,5,10516,4,4120,0,6281,1,115,1,2223,4,4201,2,6424,California
Inyo,2021-04-05,117,10633,1,4121,112,6393,4,119,29,2168,88,4289,33,6457,California
Inyo,2021-04-06,236,10869,6,4127,167,6560,63,182,104,2203,132,4421,167,6624,California
Inyo,2021-04-07,201,11070,4,4131,71,6631,126,308,45,2218,156,4577,171,6795,California
Inyo,2021-04-08,175,11245,14,4145,144,6775,17,325,79,2218,96,4673,96,6891,California
Inyo,2021-04-09,123,11368,5,4150,95,6870,23,348,36,2191,86,4759,59,6950,California
Inyo,2021-04-10,42,11410,1,4151,24,6894,17,365,3,2172,39,4798,20,6970,California
Inyo,2021-04-11,1,11411,0,4151,1,6895,0,365,1,2173,0,4798,1,6971,California
Inyo,2021-04-12,79,11490,0,4151,74,6969,5,370,41,2181,38,4836,46,7017,California
Inyo,2021-04-13,77,11567,3,4154,71,7040,3,373,34,2175,43,4879,37,7054,California
Inyo,2021-04-14,119,11686,4,4158,115,7155,0,373,39,2134,80,4959,39,7093,California
Inyo,2021-04-15,120,11806,62,4220,58,7213,0,373,57,2128,63,5022,57,7150,California
Kern,2020-12-15,1,1,1,1,0,0,0,0,1,1,0,0,1,1,California
Kern,2020-12-16,18,19,18,19,0,0,0,0,18,19,0,0,18,19,California
Kern,2020-12-17,164,183,164,183,0,0,0,0,164,183,0,0,164,183,California
Kern,2020-12-18,318,501,318,501,0,0,0,0,318,501,0,0,318,501,California
Kern,2020-12-19,98,599,98,599,0,0,0,0,99,600,0,0,99,600,California
Kern,2020-12-20,61,660,61,660,0,0,0,0,61,661,0,0,61,661,California
Kern,2020-12-21,671,1331,670,1330,1,1,0,0,671,1332,0,0,671,1332,California
Kern,2020-12-22,530,1861,527,1857,3,4,0,0,530,1862,0,0,530,1862,California
Kern,2020-12-23,557,2418,418,2275,139,143,0,0,557,2419,0,0,557,2419,California
Kern,2020-12-24,122,2540,43,2318,79,222,0,0,122,2541,0,0,122,2541,California
Kern,2020-12-25,1,2541,1,2319,0,222,0,0,1,2542,0,0,1,2542,California
Kern,2020-12-26,33,2574,1,2320,32,254,0,0,33,2575,0,0,33,2575,California
Kern,2020-12-27,35,2609,3,2323,32,286,0,0,35,2610,0,0,35,2610,California
Kern,2020-12-28,824,3433,660,2983,164,450,0,0,824,3434,0,0,824,3434,California
Kern,2020-12-29,745,4178,452,3435,293,743,0,0,745,4179,0,0,745,4179,California
Kern,2020-12-30,1199,5377,908,4343,291,1034,0,0,1199,5378,0,0,1199,5378,California
Kern,2020-12-31,277,5654,98,4441,179,1213,0,0,277,5655,0,0,277,5655,California
Kern,2021-01-01,10,5664,6,4447,4,1217,0,0,10,5665,0,0,10,5665,California
Kern,2021-01-02,77,5741,18,4465,59,1276,0,0,77,5742,0,0,77,5742,California
Kern,2021-01-03,23,5764,4,4469,19,1295,0,0,23,5765,0,0,23,5765,California
Kern,2021-01-04,552,6316,359,4828,193,1488,0,0,552,6317,0,0,552,6317,California
Kern,2021-01-05,1130,7446,736,5564,394,1882,0,0,1118,7423,12,12,1118,7435,California
Kern,2021-01-06,1165,8611,454,6018,711,2593,0,0,1135,8528,30,42,1135,8570,California
Kern,2021-01-07,1405,10016,494,6512,911,3504,0,0,1236,9596,168,210,1236,9806,California
Kern,2021-01-08,1626,11642,765,7277,861,4365,0,0,1331,10631,297,507,1332,11138,California
Kern,2021-01-09,225,11867,76,7353,149,4514,0,0,191,10788,34,541,191,11329,California
Kern,2021-01-10,194,12061,147,7500,47,4561,0,0,153,10900,41,582,153,11482,California
Kern,2021-01-11,1553,13614,982,8482,571,5132,0,0,999,11345,554,1136,999,12481,California
Kern,2021-01-12,1870,15484,810,9292,1060,6192,0,0,1360,12195,510,1646,1360,13841,California
Kern,2021-01-13,1854,17338,867,10159,987,7179,0,0,1432,13205,422,2068,1432,15273,California
Kern,2021-01-14,2180,19518,645,10804,1535,8714,0,0,2135,15294,46,2114,2135,17408,California
Kern,2021-01-15,2702,22220,857,11661,1845,10559,0,0,2605,17805,95,2209,2606,20014,California
Kern,2021-01-16,670,22890,212,11873,458,11017,0,0,636,18407,34,2243,636,20650,California
Kern,2021-01-17,72,22962,7,11880,65,11082,0,0,70,18475,2,2245,70,20720,California
Kern,2021-01-18,1643,24605,658,12538,985,12067,0,0,1474,19780,169,2414,1474,22194,California
Kern,2021-01-19,1851,26456,1030,13568,821,12888,0,0,1383,20696,468,2882,1384,23578,California
Kern,2021-01-20,2443,28899,1509,15077,934,13822,0,0,1819,21898,619,3501,1821,25399,California
Kern,2021-01-21,2161,31060,917,15994,1244,15066,0,0,1967,23672,193,3694,1967,27366,California
Kern,2021-01-22,2709,33769,1291,17285,1418,16484,0,0,2433,25831,274,3968,2433,29799,California
Kern,2021-01-23,1246,35015,534,17819,712,17196,0,0,1200,26985,46,4014,1200,30999,California
Kern,2021-01-24,159,35174,18,17837,141,17337,0,0,154,27134,5,4019,154,31153,California
Kern,2021-01-25,2381,37555,1083,18920,1298,18635,0,0,1899,28553,481,4500,1900,33053,California
Kern,2021-01-26,2754,40309,1118,20038,1636,20271,0,0,1901,29602,852,5352,1901,34954,California
Kern,2021-01-27,3552,43861,1897,21935,1655,21926,0,0,2855,31762,695,6047,2855,37809,California
Kern,2021-01-28,2855,46716,1347,23282,1508,23434,0,0,2424,33762,427,6474,2427,40236,California
Kern,2021-01-29,3764,50480,1798,25080,1966,25400,0,0,3224,36449,537,7011,3224,43460,California
Kern,2021-01-30,1323,51803,497,25577,826,26226,0,0,1276,37680,45,7056,1276,44736,California
Kern,2021-01-31,403,52206,276,25853,127,26353,0,0,268,37813,135,7191,268,45004,California
Kern,2021-02-01,2405,54611,817,26670,1588,27941,0,0,1855,39122,547,7738,1856,46860,California
Kern,2021-02-02,2919,57530,972,27642,1947,29888,0,0,2057,40318,862,8600,2058,48918,California
Kern,2021-02-03,3652,61182,1548,29190,2104,31992,0,0,2687,42047,958,9558,2687,51605,California
Kern,2021-02-04,3797,64979,1449,30639,2348,34340,0,0,2583,43427,1203,10761,2583,54188,California
Kern,2021-02-05,4848,69827,1989,32628,2859,37199,0,0,3090,44778,1739,12500,3090,57278,California
Kern,2021-02-06,1735,71562,765,33393,970,38169,0,0,1512,46070,220,12720,1512,58790,California
Kern,2021-02-07,282,71844,149,33542,133,38302,0,0,266,46322,14,12734,266,59056,California
Kern,2021-02-08,2562,74406,788,34330,1774,40076,0,0,1257,46293,1287,14021,1258,60314,California
Kern,2021-02-09,3034,77440,985,35315,2049,42125,0,0,1465,46196,1562,15583,1465,61779,California
Kern,2021-02-10,3782,81222,1656,36971,2126,44251,0,0,1896,46223,1870,17453,1897,63676,California
Kern,2021-02-11,4254,85476,1537,38508,2717,46968,0,0,2229,46440,2012,19465,2229,65905,California
Kern,2021-02-12,4949,90425,1892,40400,3057,50025,0,0,2482,46469,2453,21918,2482,68387,California
Kern,2021-02-13,2009,92434,725,41125,1284,51309,0,0,1167,46796,840,22758,1167,69554,California
Kern,2021-02-14,349,92783,12,41137,337,51646,0,0,269,46986,79,22837,269,69823,California
Kern,2021-02-15,2736,95519,889,42026,1847,53493,0,0,1207,46672,1521,24358,1207,71030,California
Kern,2021-02-16,2945,98464,719,42745,2226,55719,0,0,1657,47053,1277,25635,1658,72688,California
Kern,2021-02-17,4057,102521,2072,44817,1985,57704,0,0,1927,46856,2125,27760,1928,74616,California
Kern,2021-02-18,3745,106266,1473,46290,2272,59976,0,0,1620,46363,2113,29873,1620,76236,California
Kern,2021-02-19,4194,110460,1915,48205,2279,62255,0,0,1739,45654,2448,32321,1739,77975,California
Kern,2021-02-20,2574,113034,969,49174,1605,63860,0,0,1341,45765,1230,33551,1341,79316,California
Kern,2021-02-21,247,113281,141,49315,106,63966,0,0,86,45692,159,33710,86,79402,California
Kern,2021-02-22,2655,115936,1148,50463,1507,65473,0,0,1426,45894,1224,34934,1426,80828,California
Kern,2021-02-23,3533,119469,1115,51578,2418,67891,0,0,1974,46311,1557,36491,1974,82802,California
Kern,2021-02-24,5155,124624,2263,53841,2892,70783,0,0,3074,47308,2077,38568,3074,85876,California
Kern,2021-02-25,5348,129972,2444,56285,2904,73687,0,0,3173,48324,2157,40725,3173,89049,California
Kern,2021-02-26,6879,136851,3515,59800,3364,77051,0,0,4354,50161,2518,43243,4355,93404,California
Kern,2021-02-27,3849,140700,1890,61690,1959,79010,0,0,2516,51351,1326,44569,2516,95920,California
Kern,2021-02-28,906,141606,497,62187,409,79419,0,0,690,51827,214,44783,690,96610,California
Kern,2021-03-01,3973,145579,1801,63988,2172,81591,0,0,2686,53232,1281,46064,2686,99296,California
Kern,2021-03-02,4359,149938,1368,65356,2990,84581,1,1,2858,54599,1491,47555,2858,102154,California
Kern,2021-03-03,5746,155684,2672,68028,3074,87655,0,1,3664,56196,2068,49623,3665,105819,California
Kern,2021-03-04,5507,161191,2121,70149,3384,91039,2,3,3519,57741,1975,51598,3520,109339,California
Kern,2021-03-05,6447,167638,2660,72809,3770,94809,17,20,4032,59382,2408,54006,4049,113388,California
Kern,2021-03-06,4705,172343,1911,74720,2693,97502,101,121,3442,61671,1254,55260,3543,116931,California
Kern,2021-03-07,2041,174384,1584,76304,410,97912,47,168,1852,63382,188,55448,1899,118830,California
Kern,2021-03-08,2799,177183,851,77155,1735,99647,213,381,1454,63705,1342,56790,1665,120495,California
Kern,2021-03-09,3586,180769,770,77925,2433,102080,383,764,2194,64893,1387,58177,2575,123070,California
Kern,2021-03-10,6011,186780,2458,80383,2483,104563,1070,1834,3497,66957,2503,60680,4567,127637,California
Kern,2021-03-11,6269,193049,2397,82780,2847,107410,1025,2859,3724,69170,2534,63214,4747,132384,California
Kern,2021-03-12,7645,200694,2915,85695,3380,110790,1350,4209,4147,71170,3488,66702,5488,137872,California
Kern,2021-03-13,4416,205110,2297,87992,1784,112574,335,4544,3001,73090,1410,68112,3330,141202,California
Kern,2021-03-14,2262,207372,1414,89406,610,113184,238,4782,1747,74559,513,68625,1982,143184,California
Kern,2021-03-15,4228,211600,1075,90481,2440,115624,713,5495,2166,75385,2051,70676,2877,146061,California
Kern,2021-03-16,4302,215902,998,91479,2776,118400,528,6023,2311,76239,1982,72658,2836,148897,California
Kern,2021-03-17,7206,223108,3792,95271,2860,121260,554,6577,4281,78158,2915,75573,4834,153731,California
Kern,2021-03-18,6936,230044,3373,98644,2988,124248,575,7152,4119,80051,2799,78372,4692,158423,California
Kern,2021-03-19,8642,238686,4709,103353,3285,127533,648,7800,4456,80979,4173,82545,5101,163524,California
Kern,2021-03-20,5913,244599,3573,106926,2167,129700,173,7973,3795,82840,2108,84653,3969,167493,California
Kern,2021-03-21,2856,247455,1739,108665,240,129940,877,8850,1687,84241,1164,85817,2565,170058,California
Kern,2021-03-22,3900,251355,1517,110182,2027,131967,356,9206,1890,84485,2002,87819,2246,172304,California
Kern,2021-03-23,4599,255954,1636,111818,2783,134750,180,9386,2441,84975,2128,89947,2618,174922,California
Kern,2021-03-24,6946,262900,3492,115310,2984,137734,470,9856,3640,85792,3292,93239,4109,179031,California
Kern,2021-03-25,6572,269472,2860,118170,3390,141124,322,10178,3284,86125,3273,96512,3606,182637,California
Kern,2021-03-26,9373,278845,4127,122297,3994,145118,1252,11430,4643,87309,4712,101224,5896,188533,California
Kern,2021-03-27,5423,284268,3723,126020,1574,146692,126,11556,3291,88604,2122,103346,3417,191950,California
Kern,2021-03-28,4210,288478,3725,129745,471,147163,14,11570,2665,89745,1538,104884,2679,194629,California
Kern,2021-03-29,4164,292642,1623,131368,2262,149425,279,11849,2599,91070,1552,106436,2877,197506,California
Kern,2021-03-30,5406,298048,1799,133167,3302,152727,305,12154,3065,92105,2334,108770,3369,200875,California
Kern,2021-03-31,8056,306104,4232,137399,3180,155907,644,12798,4282,93270,3761,112531,4926,205801,California
Kern,2021-04-01,7562,313666,3621,141020,3646,159553,295,13093,4091,94197,3456,115987,4383,210184,California
Kern,2021-04-02,8095,321761,4179,145199,3311,162864,605,13698,4072,94864,4007,119994,4674,214858,California
Kern,2021-04-03,5643,327404,3359,148558,2103,164967,181,13879,2564,94540,3068,123062,2744,217602,California
Kern,2021-04-04,1222,328626,766,149324,372,165339,84,13963,446,94296,774,123836,530,218132,California
Kern,2021-04-05,5273,333899,2169,151493,2343,167682,761,14724,2840,95473,2422,126258,3599,221731,California
Kern,2021-04-06,6604,340503,2394,153887,3016,170698,1194,15918,3530,97140,3057,129315,4724,226455,California
Kern,2021-04-07,9205,349708,5369,159256,2889,173587,947,16865,4634,98164,4556,133871,5580,232035,California
Kern,2021-04-08,8530,358238,4724,163980,2911,176498,895,17760,3909,98366,4601,138472,4803,236838,California
Kern,2021-04-09,8904,367142,4395,168375,3549,180047,960,18720,3865,98171,5018,143490,4823,241661,California
Kern,2021-04-10,6503,373645,3429,171804,1840,181887,1234,19954,2302,97510,4194,147684,3533,245194,California
Kern,2021-04-11,3764,377409,2890,174694,355,182242,519,20473,1430,97132,2325,150009,1947,247141,California
Kern,2021-04-12,4061,381470,938,175632,2279,184521,844,21317,1475,96876,2574,152583,2318,249459,California
Kern,2021-04-13,3426,384896,864,176496,2560,187081,2,21319,1482,96427,1934,154517,1485,250944,California
Kern,2021-04-14,3100,387996,735,177231,2344,189425,21,21340,1406,96174,1679,156196,1426,252370,California
Kern,2021-04-15,2802,390798,1320,178551,1480,190905,2,21342,1513,96406,1283,157479,1515,253885,California
Kings,2020-12-16,1,1,1,1,0,0,0,0,1,1,0,0,1,1,California
Kings,2020-12-17,8,9,8,9,0,0,0,0,8,9,0,0,8,9,California
Kings,2020-12-18,12,21,12,21,0,0,0,0,12,21,0,0,12,21,California
Kings,2020-12-19,11,32,11,32,0,0,0,0,11,32,0,0,11,32,California
Kings,2020-12-20,13,45,13,45,0,0,0,0,13,45,0,0,13,45,California
Kings,2020-12-21,155,200,155,200,0,0,0,0,271,316,0,0,271,316,California
Kings,2020-12-22,143,343,143,343,0,0,0,0,140,456,0,0,140,456,California
Kings,2020-12-23,134,477,122,465,12,12,0,0,135,591,0,0,135,591,California
Kings,2020-12-24,11,488,9,474,2,14,0,0,11,602,0,0,11,602,California
Kings,2020-12-26,7,495,4,478,3,17,0,0,7,609,0,0,7,609,California
Kings,2020-12-27,4,499,4,482,0,17,0,0,4,613,0,0,4,613,California
Kings,2020-12-28,131,630,103,585,28,45,0,0,132,745,0,0,132,745,California
Kings,2020-12-29,78,708,51,636,27,72,0,0,79,824,0,0,79,824,California
Kings,2020-12-30,147,855,108,744,39,111,0,0,147,971,0,0,147,971,California
Kings,2020-12-31,44,899,6,750,38,149,0,0,44,1015,0,0,44,1015,California
Kings,2021-01-01,1,900,0,750,1,150,0,0,1,1016,0,0,1,1016,California
Kings,2021-01-02,10,910,9,759,1,151,0,0,10,1026,0,0,10,1026,California
Kings,2021-01-04,112,1022,42,801,70,221,0,0,112,1138,0,0,112,1138,California
Kings,2021-01-05,197,1219,39,840,158,379,0,0,197,1335,0,0,197,1335,California
Kings,2021-01-06,276,1495,177,1017,99,478,0,0,273,1605,3,3,273,1608,California
Kings,2021-01-07,178,1673,81,1098,97,575,0,0,170,1767,8,11,170,1778,California
Kings,2021-01-08,247,1920,54,1152,193,768,0,0,228,1976,19,30,228,2006,California
Kings,2021-01-09,63,1983,9,1161,54,822,0,0,55,2023,8,38,55,2061,California
Kings,2021-01-10,15,1998,3,1164,12,834,0,0,12,2032,3,41,12,2073,California
Kings,2021-01-11,519,2517,357,1521,162,996,0,0,275,2064,244,285,276,2349,California
Kings,2021-01-12,350,2867,253,1774,97,1093,0,0,216,2149,131,416,216,2565,California
Kings,2021-01-13,413,3280,266,2040,147,1240,0,0,322,2380,91,507,322,2887,California
Kings,2021-01-14,208,3488,31,2071,177,1417,0,0,198,2558,21,528,199,3086,California
Kings,2021-01-15,415,3903,29,2100,386,1803,0,0,403,2949,12,540,403,3489,California
Kings,2021-01-16,31,3934,12,2112,19,1822,0,0,30,2978,1,541,30,3519,California
Kings,2021-01-17,8,3942,5,2117,3,1825,0,0,6,2982,2,543,6,3525,California
Kings,2021-01-18,172,4114,40,2157,132,1957,0,0,146,3102,26,569,146,3671,California
Kings,2021-01-19,376,4490,158,2315,218,2175,0,0,248,3222,128,697,248,3919,California
Kings,2021-01-20,224,4714,134,2449,90,2265,0,0,119,3240,101,798,119,4038,California
Kings,2021-01-21,186,4900,32,2481,154,2419,0,0,172,3396,16,814,172,4210,California
Kings,2021-01-22,125,5025,38,2519,87,2506,0,0,125,3516,5,819,125,4335,California
Kings,2021-01-23,26,5051,14,2533,12,2518,0,0,20,3530,6,825,20,4355,California
Kings,2021-01-24,4,5055,4,2537,0,2518,0,0,2,3530,2,827,2,4357,California
Kings,2021-01-25,124,5179,26,2563,98,2616,0,0,90,3586,34,861,90,4447,California
Kings,2021-01-26,154,5333,35,2598,119,2735,0,0,115,3662,39,900,115,4562,California
Kings,2021-01-27,318,5651,34,2632,284,3019,0,0,248,3841,69,969,248,4810,California
Kings,2021-01-28,324,5975,46,2678,278,3297,0,0,270,4057,54,1023,270,5080,California
Kings,2021-01-29,86,6061,26,2704,60,3357,0,0,69,4109,17,1040,69,5149,California
Kings,2021-01-30,1555,7616,31,2735,1524,4881,0,0,1552,5660,3,1043,1554,6703,California
Kings,2021-02-01,199,7815,65,2800,134,5015,0,0,71,5605,126,1169,71,6774,California
Kings,2021-02-02,226,8041,14,2814,212,5227,0,0,81,5542,144,1313,81,6855,California
Kings,2021-02-03,356,8397,191,3005,165,5392,0,0,203,5593,152,1465,203,7058,California
Kings,2021-02-04,394,8791,98,3103,296,5688,0,0,198,5596,195,1660,198,7256,California
Kings,2021-02-05,255,9046,13,3116,242,5930,0,0,100,5543,153,1813,100,7356,California
Kings,2021-02-06,60,9106,10,3126,50,5980,0,0,27,5537,33,1846,27,7383,California
Kings,2021-02-07,5,9111,3,3129,2,5982,0,0,3,5538,2,1848,3,7386,California
Kings,2021-02-08,169,9280,29,3158,140,6122,0,0,68,5505,101,1949,68,7454,California
Kings,2021-02-09,253,9533,57,3215,196,6318,0,0,110,5474,141,2090,110,7564,California
Kings,2021-02-10,286,9819,112,3327,174,6492,0,0,173,5534,113,2203,173,7737,California
Kings,2021-02-11,429,10248,65,3392,364,6856,0,0,318,5742,110,2313,318,8055,California
Kings,2021-02-12,611,10859,36,3428,575,7431,0,0,341,5813,270,2583,341,8396,California
Kings,2021-02-13,103,10962,6,3434,97,7528,0,0,78,5866,25,2608,78,8474,California
Kings,2021-02-14,102,11064,4,3438,98,7626,0,0,94,5952,8,2616,94,8568,California
Kings,2021-02-15,246,11310,5,3443,241,7867,0,0,137,5981,108,2724,137,8705,California
Kings,2021-02-16,484,11794,33,3476,451,8318,0,0,250,5998,233,2957,250,8955,California
Kings,2021-02-17,378,12172,22,3498,356,8674,0,0,241,6103,137,3094,242,9197,California
Kings,2021-02-18,154,12326,22,3520,132,8806,0,0,98,6145,56,3150,98,9295,California
Kings,2021-02-19,157,12483,22,3542,135,8941,0,0,101,6193,53,3203,101,9396,California
Kings,2021-02-20,171,12654,40,3582,131,9072,0,0,134,6290,37,3240,134,9530,California
Kings,2021-02-21,3,12657,2,3584,1,9073,0,0,3,6293,0,3240,3,9533,California
Kings,2021-02-22,110,12767,19,3603,91,9164,0,0,51,6285,59,3299,51,9584,California
Kings,2021-02-23,294,13061,69,3672,225,9389,0,0,177,6345,117,3416,177,9761,California
Kings,2021-02-24,591,13652,153,3825,438,9827,0,0,379,6512,212,3628,379,10140,California
Kings,2021-02-25,661,14313,112,3937,549,10376,0,0,443,6739,216,3844,443,10583,California
Kings,2021-02-26,655,14968,130,4067,525,10901,0,0,592,7269,62,3906,592,11175,California
Kings,2021-02-27,1497,16465,62,4129,1435,12336,0,0,564,6901,932,4838,564,11739,California
Kings,2021-02-28,1168,17633,594,4723,574,12910,0,0,671,7078,494,5332,671,12410,California
Kings,2021-03-01,255,17888,77,4800,178,13088,0,0,211,7245,44,5376,211,12621,California
Kings,2021-03-02,467,18355,205,5005,262,13350,0,0,418,7615,49,5425,419,13040,California
Kings,2021-03-03,612,18967,292,5297,320,13670,0,0,427,7858,184,5609,427,13467,California
Kings,2021-03-04,710,19677,341,5638,369,14039,0,0,616,8381,94,5703,617,14084,California
Kings,2021-03-05,1005,20682,349,5987,647,14686,9,9,889,9164,116,5819,899,14983,California
Kings,2021-03-06,509,21191,183,6170,313,14999,13,22,480,9628,29,5848,493,15476,California
Kings,2021-03-07,366,21557,225,6395,137,15136,4,26,358,9982,8,5856,362,15838,California
Kings,2021-03-08,348,21905,96,6491,199,15335,53,79,239,10164,109,5965,291,16129,California
Kings,2021-03-09,492,22397,216,6707,221,15556,55,134,387,10502,105,6070,443,16572,California
Kings,2021-03-10,499,22896,122,6829,286,15842,91,225,318,10730,180,6250,408,16980,California
Kings,2021-03-11,1015,23911,306,7135,599,16441,110,335,611,11049,402,6652,721,17701,California
Kings,2021-03-12,1283,25194,390,7525,799,17240,94,429,882,11627,400,7052,978,18679,California
Kings,2021-03-13,671,25865,332,7857,294,17534,45,474,545,12092,126,7178,591,19270,California
Kings,2021-03-14,666,26531,101,7958,183,17717,382,856,199,12206,467,7645,581,19851,California
Kings,2021-03-15,609,27140,175,8133,319,18036,115,971,373,12461,235,7880,490,20341,California
Kings,2021-03-16,1039,28179,438,8571,540,18576,61,1032,705,12893,334,8214,766,21107,California
Kings,2021-03-17,1083,29262,418,8989,604,19180,61,1093,766,13410,317,8531,834,21941,California
Kings,2021-03-18,1087,30349,466,9455,401,19581,220,1313,757,14061,329,8860,980,22921,California
Kings,2021-03-19,928,31277,469,9924,374,19955,85,1398,710,14651,218,9078,808,23729,California
Kings,2021-03-20,622,31899,253,10177,339,20294,30,1428,450,14968,170,9248,487,24216,California
Kings,2021-03-21,1400,33299,1086,11263,303,20597,11,1439,847,15273,553,9801,858,25074,California
Kings,2021-03-22,448,33747,203,11466,162,20759,83,1522,275,15462,173,9974,362,25436,California
Kings,2021-03-23,891,34638,490,11956,342,21101,59,1581,574,15783,315,10289,636,26072,California
Kings,2021-03-24,907,35545,468,12424,416,21517,23,1604,504,15911,401,10690,529,26601,California
Kings,2021-03-25,879,36424,441,12865,412,21929,26,1630,441,15942,436,11126,467,27068,California
Kings,2021-03-26,1279,37703,376,13241,818,22747,85,1715,529,15811,745,11871,614,27682,California
Kings,2021-03-27,616,38319,246,13487,358,23105,12,1727,171,15551,443,12314,183,27865,California
Kings,2021-03-28,540,38859,469,13956,64,23169,7,1734,335,15696,205,12519,350,28215,California
Kings,2021-03-29,453,39312,198,14154,195,23364,60,1794,248,15800,203,12722,307,28522,California
Kings,2021-03-30,823,40135,451,14605,334,23698,38,1832,435,15886,387,13109,473,28995,California
Kings,2021-03-31,712,40847,369,14974,279,23977,64,1896,414,16072,292,13401,478,29473,California
Kings,2021-04-01,743,41590,373,15347,291,24268,79,1975,338,16090,399,13800,417,29890,California
Kings,2021-04-02,970,42560,420,15767,428,24696,122,2097,427,16099,539,14339,548,30438,California
Kings,2021-04-03,470,43030,327,16094,136,24832,7,2104,158,15960,306,14645,167,30605,California
Kings,2021-04-04,156,43186,82,16176,68,24900,6,2110,44,15899,111,14756,50,30655,California
Kings,2021-04-05,1035,44221,319,16495,466,25366,250,2360,254,15623,780,15536,504,31159,California
Kings,2021-04-06,1172,45393,446,16941,419,25785,307,2667,292,15344,877,16413,598,31757,California
Kings,2021-04-07,1332,46725,637,17578,511,26296,184,2851,411,15020,919,17332,595,32352,California
Kings,2021-04-08,1578,48303,604,18182,721,27017,253,3104,363,14429,1207,18539,616,32968,California
Kings,2021-04-09,951,49254,446,18628,339,27356,166,3270,181,14005,769,19308,345,33313,California
Kings,2021-04-10,581,49835,326,18954,153,27509,102,3372,171,13869,409,19717,273,33586,California
Kings,2021-04-11,322,50157,74,19028,242,27751,6,3378,190,13933,132,19849,196,33782,California
Kings,2021-04-12,558,50715,209,19237,176,27927,173,3551,131,13812,425,20274,304,34086,California
Kings,2021-04-13,549,51264,290,19527,259,28186,0,3551,140,13548,409,20683,145,34231,California
Kings,2021-04-14,547,51811,254,19781,293,28479,0,3551,166,13334,381,21064,167,34398,California
Kings,2021-04-15,513,52324,202,19983,310,28789,1,3552,243,13309,269,21333,244,34642,California
Lake,2020-12-17,4,4,4,4,0,0,0,0,4,4,0,0,4,4,California
Lake,2020-12-18,51,55,51,55,0,0,0,0,51,55,0,0,51,55,California
Lake,2020-12-19,3,58,3,58,0,0,0,0,3,58,0,0,3,58,California
Lake,2020-12-20,6,64,6,64,0,0,0,0,6,64,0,0,6,64,California
Lake,2020-12-21,86,150,86,150,0,0,0,0,86,150,0,0,86,150,California
Lake,2020-12-22,63,213,60,210,3,3,0,0,63,213,0,0,63,213,California
Lake,2020-12-23,123,336,114,324,9,12,0,0,123,336,0,0,123,336,California
Lake,2020-12-24,2,338,0,324,2,14,0,0,2,338,0,0,2,338,California
Lake,2020-12-26,2,340,2,326,0,14,0,0,2,340,0,0,2,340,California
Lake,2020-12-27,2,342,2,328,0,14,0,0,2,342,0,0,2,342,California
Lake,2020-12-28,52,394,43,371,9,23,0,0,52,394,0,0,52,394,California
Lake,2020-12-29,49,443,44,415,5,28,0,0,49,443,0,0,49,443,California
Lake,2020-12-30,124,567,117,532,7,35,0,0,124,567,0,0,124,567,California
Lake,2020-12-31,67,634,64,596,3,38,0,0,67,634,0,0,67,634,California
Lake,2021-01-01,1,635,0,596,1,39,0,0,1,635,0,0,1,635,California
Lake,2021-01-02,2,637,1,597,1,40,0,0,2,637,0,0,2,637,California
Lake,2021-01-04,87,724,21,618,66,106,0,0,87,724,0,0,87,724,California
Lake,2021-01-05,119,843,59,677,60,166,0,0,117,839,2,2,117,841,California
Lake,2021-01-06,105,948,65,742,40,206,0,0,103,940,2,4,103,944,California
Lake,2021-01-07,103,1051,82,824,21,227,0,0,94,1025,9,13,94,1038,California
Lake,2021-01-08,152,1203,124,948,28,255,0,0,100,1073,52,65,100,1138,California
Lake,2021-01-09,63,1266,61,1009,2,257,0,0,59,1128,4,69,59,1197,California
Lake,2021-01-10,3,1269,3,1012,0,257,0,0,0,1125,3,72,0,1197,California
Lake,2021-01-11,192,1461,151,1163,41,298,0,0,112,1157,80,152,112,1309,California
Lake,2021-01-12,80,1541,48,1211,32,330,0,0,56,1189,24,176,56,1365,California
Lake,2021-01-13,164,1705,112,1323,52,382,0,0,107,1239,57,233,107,1472,California
Lake,2021-01-14,146,1851,46,1369,100,482,0,0,124,1341,22,255,124,1596,California
Lake,2021-01-15,215,2066,92,1461,123,605,0,0,188,1502,27,282,188,1784,California
Lake,2021-01-16,135,2201,82,1543,53,658,0,0,133,1633,2,284,133,1917,California
Lake,2021-01-17,18,2219,6,1549,12,670,0,0,12,1639,6,290,12,1929,California
Lake,2021-01-18,244,2463,224,1773,20,690,0,0,126,1647,118,408,126,2055,California
Lake,2021-01-19,311,2774,117,1890,194,884,0,0,266,1869,45,453,267,2322,California
Lake,2021-01-20,421,3195,80,1970,341,1225,0,0,357,2163,63,516,357,2679,California
Lake,2021-01-21,433,3628,49,2019,384,1609,0,0,398,2526,35,551,398,3077,California
Lake,2021-01-22,316,3944,46,2065,270,1879,0,0,280,2770,36,587,280,3357,California
Lake,2021-01-23,122,4066,5,2070,117,1996,0,0,121,2890,1,588,121,3478,California
Lake,2021-01-24,4,4070,1,2071,3,1999,0,0,4,2894,0,588,4,3482,California
Lake,2021-01-25,256,4326,95,2166,161,2160,0,0,175,2988,81,669,175,3657,California
Lake,2021-01-26,428,4754,36,2202,392,2552,0,0,405,3370,23,692,405,4062,California
Lake,2021-01-27,356,5110,39,2241,317,2869,0,0,329,3673,27,719,330,4392,California
Lake,2021-01-28,499,5609,160,2401,339,3208,0,0,371,3916,128,847,371,4763,California
Lake,2021-01-29,636,6245,83,2484,553,3761,0,0,576,4432,60,907,576,5339,California
Lake,2021-01-30,556,6801,45,2529,511,4272,0,0,550,4976,6,913,550,5889,California
Lake,2021-01-31,14,6815,8,2537,6,4278,0,0,12,4986,2,915,12,5901,California
Lake,2021-02-01,179,6994,18,2555,161,4439,0,0,166,5139,13,928,166,6067,California
Lake,2021-02-02,563,7557,153,2708,410,4849,0,0,398,5372,165,1093,398,6465,California
Lake,2021-02-03,444,8001,33,2741,411,5260,0,0,340,5608,104,1197,340,6805,California
Lake,2021-02-04,118,8119,68,2809,50,5310,0,0,72,5634,46,1243,72,6877,California
Lake,2021-02-05,376,8495,68,2877,308,5618,0,0,287,5834,87,1330,287,7164,California
Lake,2021-02-06,278,8773,42,2919,236,5854,0,0,266,6088,12,1342,266,7430,California
Lake,2021-02-07,2,8775,1,2920,1,5855,0,0,2,6090,0,1342,2,7432,California
Lake,2021-02-08,279,9054,206,3126,73,5928,0,0,160,6131,119,1461,160,7592,California
Lake,2021-02-09,346,9400,25,3151,321,6249,0,0,302,6390,43,1504,302,7894,California
Lake,2021-02-10,351,9751,54,3205,297,6546,0,0,275,6589,76,1580,275,8169,California
Lake,2021-02-11,166,9917,17,3222,149,6695,0,0,55,6533,111,1691,55,8224,California
Lake,2021-02-12,375,10292,28,3250,347,7042,0,0,289,6736,86,1777,289,8513,California
Lake,2021-02-13,249,10541,9,3259,240,7282,0,0,238,6963,11,1788,238,8751,California
Lake,2021-02-14,19,10560,4,3263,15,7297,0,0,6,6956,13,1801,6,8757,California
Lake,2021-02-15,172,10732,13,3276,159,7456,0,0,8,6801,163,1964,8,8765,California
Lake,2021-02-16,420,11152,22,3298,398,7854,0,0,174,6729,246,2210,174,8939,California
Lake,2021-02-17,350,11502,53,3351,297,8151,0,0,70,6520,279,2489,70,9009,California
Lake,2021-02-18,457,11959,69,3420,388,8539,0,0,115,6293,342,2831,115,9124,California
Lake,2021-02-19,414,12373,25,3445,389,8928,0,0,90,6059,324,3155,90,9214,California
Lake,2021-02-20,294,12667,60,3505,234,9162,0,0,251,6268,42,3197,251,9465,California
Lake,2021-02-21,6,12673,6,3511,0,9162,0,0,0,6262,6,3203,0,9465,California
Lake,2021-02-22,138,12811,23,3534,115,9277,0,0,43,6210,95,3298,43,9508,California
Lake,2021-02-23,212,13023,15,3549,197,9474,0,0,26,6050,186,3484,26,9534,California
Lake,2021-02-24,956,13979,378,3927,578,10052,0,0,418,5931,537,4021,418,9952,California
Lake,2021-02-25,733,14712,464,4391,269,10321,0,0,473,6146,258,4279,473,10425,California
Lake,2021-02-26,992,15704,303,4694,689,11010,0,0,347,5851,642,4921,347,10772,California
Lake,2021-02-27,409,16113,97,4791,312,11322,0,0,327,6096,82,5003,327,11099,California
Lake,2021-02-28,19,16132,13,4804,6,11328,0,0,10,6097,9,5012,10,11109,California
Lake,2021-03-01,594,16726,52,4856,542,11870,0,0,442,6387,152,5164,442,11551,California
Lake,2021-03-02,744,17470,18,4874,726,12596,0,0,291,6224,454,5618,291,11842,California
Lake,2021-03-03,359,17829,196,5070,163,12759,0,0,135,6135,224,5842,135,11977,California
Lake,2021-03-04,576,18405,508,5578,68,12827,0,0,562,6683,14,5856,562,12539,California
Lake,2021-03-05,1036,19441,38,5616,998,13825,0,0,173,5997,859,6715,173,12712,California
Lake,2021-03-06,36,19477,11,5627,24,13849,1,1,21,6004,15,6730,22,12734,California
Lake,2021-03-07,7,19484,5,5632,2,13851,0,1,4,6005,3,6733,4,12738,California
Lake,2021-03-08,338,19822,267,5899,62,13913,9,10,298,6272,40,6773,307,13045,California
Lake,2021-03-09,917,20739,28,5927,872,14785,17,27,394,6161,522,7295,411,13456,California
Lake,2021-03-10,204,20943,60,5987,131,14916,13,40,136,6242,68,7363,149,13605,California
Lake,2021-03-11,584,21527,47,6034,62,14978,475,515,49,6231,535,7898,524,14129,California
Lake,2021-03-12,857,22384,205,6239,628,15606,24,539,365,6129,491,8389,389,14518,California
Lake,2021-03-13,278,22662,21,6260,20,15626,237,776,16,6120,261,8650,252,14770,California
Lake,2021-03-14,11,22673,2,6262,9,15635,0,776,7,6123,4,8654,7,14777,California
Lake,2021-03-15,641,23314,14,6276,610,16245,17,793,483,6465,158,8812,500,15277,California
Lake,2021-03-16,1103,24417,829,7105,257,16502,17,810,445,6272,654,9466,461,15738,California
Lake,2021-03-17,246,24663,120,7225,104,16606,22,832,88,6224,158,9624,110,15848,California
Lake,2021-03-18,747,25410,367,7592,343,16949,37,869,372,6258,374,9998,408,16256,California
Lake,2021-03-19,583,25993,317,7909,246,17195,20,889,482,6660,100,10098,502,16758,California
Lake,2021-03-20,248,26241,8,7917,237,17432,3,892,30,6477,216,10314,33,16791,California
Lake,2021-03-21,17,26258,11,7928,5,17437,1,893,12,6485,5,10319,13,16804,California
Lake,2021-03-22,319,26577,240,8168,65,17502,14,907,234,6648,85,10404,248,17052,California
Lake,2021-03-23,413,26990,19,8187,381,17883,13,920,352,6953,60,10464,365,17417,California
Lake,2021-03-24,413,27403,61,8248,344,18227,8,928,317,7184,95,10559,326,17743,California
Lake,2021-03-25,658,28061,469,8717,183,18410,6,934,174,6880,484,11043,180,17923,California
Lake,2021-03-26,71,28132,33,8750,37,18447,1,935,49,6908,22,11065,50,17973,California
Lake,2021-03-27,309,28441,7,8757,299,18746,3,938,18,6640,289,11354,21,17994,California
Lake,2021-03-28,14,28455,5,8762,9,18755,0,938,8,6642,6,11360,8,18002,California
Lake,2021-03-29,899,29354,269,9031,628,19383,2,940,193,6133,704,12064,195,18197,California
Lake,2021-03-30,449,29803,303,9334,144,19527,2,942,364,6414,85,12149,366,18563,California
Lake,2021-03-31,581,30384,62,9396,519,20046,0,942,416,6673,157,12306,416,18979,California
Lake,2021-04-01,425,30809,223,9619,190,20236,12,954,178,6619,244,12550,190,19169,California
Lake,2021-04-02,224,31033,43,9662,153,20389,28,982,101,6625,123,12673,129,19298,California
Lake,2021-04-03,30,31063,7,9669,20,20409,3,985,11,6620,19,12692,14,19312,California
Lake,2021-04-04,19,31082,10,9679,7,20416,2,987,14,6631,5,12697,16,19328,California
Lake,2021-04-05,633,31715,68,9747,546,20962,19,1006,395,6809,235,12932,413,19741,California
Lake,2021-04-06,467,32182,15,9762,426,21388,26,1032,299,6967,167,13099,325,20066,California
Lake,2021-04-07,515,32697,55,9817,410,21798,50,1082,350,7204,163,13262,400,20466,California
Lake,2021-04-08,593,33290,483,10300,44,21842,66,1148,101,6881,490,13752,167,20633,California
Lake,2021-04-09,283,33573,44,10344,170,22012,69,1217,49,6768,231,13983,118,20751,California
Lake,2021-04-10,254,33827,15,10359,14,22026,225,1442,11,6761,243,14226,236,20987,California
Lake,2021-04-11,23,33850,17,10376,3,22029,3,1445,7,6755,16,14242,10,20997,California
Lake,2021-04-12,760,34610,187,10563,542,22571,31,1476,160,6347,599,14841,191,21188,California
Lake,2021-04-13,163,34773,104,10667,58,22629,1,1477,45,6275,118,14959,46,21234,California
Lake,2021-04-14,188,34961,17,10684,171,22800,0,1477,154,6395,34,14993,154,21388,California
Lake,2021-04-15,494,35455,104,10788,390,23190,0,1477,217,6335,277,15270,217,21605,California
Lassen,2020-12-16,8,8,8,8,0,0,0,0,8,8,0,0,8,8,California
Lassen,2020-12-17,6,14,6,14,0,0,0,0,6,14,0,0,6,14,California
Lassen,2020-12-18,1,15,1,15,0,0,0,0,1,15,0,0,1,15,California
Lassen,2020-12-19,5,20,5,20,0,0,0,0,5,20,0,0,5,20,California
Lassen,2020-12-20,2,22,2,22,0,0,0,0,2,22,0,0,2,22,California
Lassen,2020-12-21,11,33,11,33,0,0,0,0,11,33,0,0,11,33,California
Lassen,2020-12-22,23,56,23,56,0,0,0,0,23,56,0,0,23,56,California
Lassen,2020-12-23,6,62,6,62,0,0,0,0,6,62,0,0,6,62,California
Lassen,2020-12-24,11,73,11,73,0,0,0,0,11,73,0,0,11,73,California
Lassen,2020-12-28,3,76,2,75,1,1,0,0,3,76,0,0,3,76,California
Lassen,2020-12-29,35,111,35,110,0,1,0,0,35,111,0,0,35,111,California
Lassen,2020-12-30,37,148,36,146,1,2,0,0,37,148,0,0,37,148,California
Lassen,2020-12-31,49,197,42,188,7,9,0,0,49,197,0,0,49,197,California
Lassen,2021-01-02,1,198,0,188,1,10,0,0,1,198,0,0,1,198,California
Lassen,2021-01-04,15,213,1,189,14,24,0,0,15,213,0,0,15,213,California
Lassen,2021-01-05,194,407,53,242,141,165,0,0,194,407,0,0,194,407,California
Lassen,2021-01-06,93,500,42,284,51,216,0,0,85,485,8,8,86,493,California
Lassen,2021-01-07,43,543,7,291,36,252,0,0,37,516,6,14,37,530,California
Lassen,2021-01-08,50,593,2,293,48,300,0,0,50,566,0,14,50,580,California
Lassen,2021-01-09,12,605,6,299,6,306,0,0,12,578,0,14,12,592,California
Lassen,2021-01-11,27,632,5,304,22,328,0,0,27,605,0,14,27,619,California
Lassen,2021-01-12,49,681,29,333,20,348,0,0,30,616,19,33,30,649,California
Lassen,2021-01-13,161,842,18,351,143,491,0,0,146,747,15,48,146,795,California
Lassen,2021-01-14,163,1005,18,369,145,636,0,0,151,886,12,60,151,946,California
Lassen,2021-01-15,33,1038,6,375,27,663,0,0,33,919,0,60,33,979,California
Lassen,2021-01-16,34,1072,33,408,1,664,0,0,34,953,0,60,34,1013,California
Lassen,2021-01-17,1,1073,0,408,1,665,0,0,1,954,0,60,1,1014,California
Lassen,2021-01-18,5,1078,2,410,3,668,0,0,4,957,1,61,4,1018,California
Lassen,2021-01-19,185,1263,36,446,149,817,0,0,157,1086,28,89,157,1175,California
Lassen,2021-01-20,188,1451,100,546,88,905,0,0,104,1121,69,158,104,1279,California
Lassen,2021-01-21,144,1595,93,639,51,956,0,0,120,1223,18,176,120,1399,California
Lassen,2021-01-22,31,1626,18,657,13,969,0,0,21,1234,10,186,21,1420,California
Lassen,2021-01-23,1,1627,0,657,1,970,0,0,1,1235,0,186,1,1421,California
Lassen,2021-01-24,1,1628,0,657,1,971,0,0,1,1236,0,186,1,1422,California
Lassen,2021-01-25,11,1639,0,657,11,982,0,0,11,1247,0,186,11,1433,California
Lassen,2021-01-26,126,1765,12,669,114,1096,0,0,122,1365,4,190,122,1555,California
Lassen,2021-01-27,83,1848,31,700,52,1148,0,0,67,1416,16,206,67,1622,California
Lassen,2021-01-28,85,1933,14,714,71,1219,0,0,84,1499,1,207,84,1706,California
Lassen,2021-01-29,23,1956,7,721,16,1235,0,0,22,1520,1,208,22,1728,California
Lassen,2021-02-01,62,2018,4,725,58,1293,0,0,36,1530,26,234,36,1764,California
Lassen,2021-02-02,177,2195,12,737,165,1458,0,0,44,1441,133,367,44,1808,California
Lassen,2021-02-03,96,2291,21,758,75,1533,0,0,51,1447,45,412,51,1859,California
Lassen,2021-02-04,112,2403,15,773,97,1630,0,0,63,1461,49,461,63,1922,California
Lassen,2021-02-05,65,2468,12,785,53,1683,0,0,23,1442,42,503,23,1945,California
Lassen,2021-02-06,69,2537,34,819,35,1718,0,0,36,1446,32,535,36,1981,California
Lassen,2021-02-07,1,2538,1,820,0,1718,0,0,1,1447,0,535,1,1982,California
Lassen,2021-02-08,43,2581,4,824,39,1757,0,0,18,1440,25,560,18,2000,California
Lassen,2021-02-09,129,2710,8,832,121,1878,0,0,50,1411,79,639,50,2050,California
Lassen,2021-02-10,182,2892,20,852,162,2040,0,0,75,1379,107,746,75,2125,California
Lassen,2021-02-11,183,3075,16,868,167,2207,0,0,79,1355,103,849,79,2204,California
Lassen,2021-02-12,42,3117,11,879,31,2238,0,0,14,1341,28,877,14,2218,California
Lassen,2021-02-13,11,3128,3,882,8,2246,0,0,9,1348,2,879,9,2227,California
Lassen,2021-02-14,13,3141,0,882,13,2259,0,0,12,1359,1,880,12,2239,California
Lassen,2021-02-15,21,3162,2,884,19,2278,0,0,17,1372,4,884,17,2256,California
Lassen,2021-02-16,192,3354,4,888,188,2466,0,0,31,1244,159,1043,31,2287,California
Lassen,2021-02-17,184,3538,94,982,90,2556,0,0,11,1082,173,1216,11,2298,California
Lassen,2021-02-18,79,3617,22,1004,57,2613,0,0,20,1043,59,1275,20,2318,California
Lassen,2021-02-19,82,3699,62,1066,20,2633,0,0,18,997,64,1339,18,2336,California
Lassen,2021-02-20,7,3706,0,1066,7,2640,0,0,5,1000,2,1341,5,2341,California
Lassen,2021-02-21,22,3728,2,1068,20,2660,0,0,18,1014,4,1345,18,2359,California
Lassen,2021-02-22,23,3751,8,1076,15,2675,0,0,5,1001,18,1363,5,2364,California
Lassen,2021-02-23,152,3903,9,1085,143,2818,0,0,41,931,111,1474,41,2405,California
Lassen,2021-02-24,166,4069,17,1102,149,2967,0,0,108,982,57,1531,108,2513,California
Lassen,2021-02-25,156,4225,19,1121,137,3104,0,0,99,1024,57,1588,99,2612,California
Lassen,2021-02-26,73,4298,16,1137,57,3161,0,0,36,1023,37,1625,36,2648,California
Lassen,2021-02-27,7,4305,7,1144,0,3161,0,0,3,1022,4,1629,3,2651,California
Lassen,2021-02-28,6,4311,1,1145,5,3166,0,0,3,1022,3,1632,3,2654,California
Lassen,2021-03-01,41,4352,4,1149,37,3203,0,0,8,997,33,1665,8,2662,California
Lassen,2021-03-02,104,4456,7,1156,97,3300,0,0,79,1051,25,1690,79,2741,California
Lassen,2021-03-03,170,4626,12,1168,158,3458,0,0,113,1107,57,1747,113,2854,California
Lassen,2021-03-04,147,4773,14,1182,133,3591,0,0,98,1157,48,1795,98,2952,California
Lassen,2021-03-05,47,4820,7,1189,17,3608,23,23,11,1155,36,1831,34,2986,California
Lassen,2021-03-06,54,4874,4,1193,28,3636,22,45,4,1131,50,1881,26,3012,California
Lassen,2021-03-07,56,4930,1,1194,0,3636,55,100,1,1132,55,1936,56,3068,California
Lassen,2021-03-08,90,5020,2,1196,8,3644,80,180,3,1129,86,2022,83,3151,California
Lassen,2021-03-09,137,5157,11,1207,109,3753,17,197,88,1186,49,2071,106,3257,California
Lassen,2021-03-10,172,5329,10,1217,161,3914,1,198,79,1173,93,2164,80,3337,California
Lassen,2021-03-11,185,5514,16,1233,162,4076,7,205,113,1224,69,2233,120,3457,California
Lassen,2021-03-12,34,5548,18,1251,12,4088,4,209,12,1218,22,2255,16,3473,California
Lassen,2021-03-13,49,5597,0,1251,3,4091,46,255,1,1216,48,2303,46,3519,California
Lassen,2021-03-14,14,5611,2,1253,11,4102,1,256,2,1207,12,2315,3,3522,California
Lassen,2021-03-15,32,5643,1,1254,31,4133,0,256,16,1207,16,2331,16,3538,California
Lassen,2021-03-16,93,5736,2,1256,85,4218,6,262,75,1270,18,2349,81,3619,California
Lassen,2021-03-17,1083,6819,9,1265,1069,5287,5,267,1063,2318,20,2369,1068,4687,California
Lassen,2021-03-18,95,6914,9,1274,85,5372,1,268,81,2386,14,2383,82,4769,California
Lassen,2021-03-19,17,6931,11,1285,2,5374,4,272,7,2387,10,2393,11,4780,California
Lassen,2021-03-20,29,6960,3,1288,23,5397,3,275,23,2407,6,2399,26,4806,California
Lassen,2021-03-21,34,6994,0,1288,34,5431,0,275,14,2402,19,2418,14,4820,California
Lassen,2021-03-22,55,7049,0,1288,55,5486,0,275,52,2451,3,2421,52,4872,California
Lassen,2021-03-23,119,7168,9,1297,109,5595,1,276,68,2469,51,2472,69,4941,California
Lassen,2021-03-24,210,7378,12,1309,198,5793,0,276,106,2472,103,2575,106,5047,California
Lassen,2021-03-25,151,7529,21,1330,130,5923,0,276,69,2459,82,2657,69,5116,California
Lassen,2021-03-26,76,7605,12,1342,25,5948,39,315,17,2456,59,2716,56,5172,California
Lassen,2021-03-27,19,7624,3,1345,1,5949,15,330,3,2458,16,2732,18,5190,California
Lassen,2021-03-28,18,7642,3,1348,5,5954,10,340,4,2458,14,2746,14,5204,California
Lassen,2021-03-29,52,7694,1,1349,26,5980,25,365,21,2473,31,2777,46,5250,California
Lassen,2021-03-30,197,7891,9,1358,163,6143,25,390,50,2401,147,2924,75,5325,California
Lassen,2021-03-31,146,8037,12,1370,112,6255,22,412,62,2401,84,3008,84,5409,California
Lassen,2021-04-01,166,8203,16,1386,131,6386,19,431,49,2353,116,3124,68,5477,California
Lassen,2021-04-02,29,8232,4,1390,3,6389,22,453,2,2350,27,3151,24,5501,California
Lassen,2021-04-03,12,8244,0,1390,2,6391,10,463,0,2348,12,3163,10,5511,California
Lassen,2021-04-04,7,8251,2,1392,0,6391,5,468,1,2348,6,3169,6,5517,California
Lassen,2021-04-05,23,8274,4,1396,12,6403,7,475,11,2355,11,3180,18,5535,California
Lassen,2021-04-06,183,8457,8,1404,145,6548,30,505,52,2306,131,3311,82,5617,California
Lassen,2021-04-07,136,8593,5,1409,93,6641,38,543,32,2274,104,3415,72,5689,California
Lassen,2021-04-08,169,8762,8,1417,105,6746,56,599,33,2231,132,3547,89,5778,California
Lassen,2021-04-09,51,8813,4,1421,11,6757,36,635,7,2230,43,3590,42,5820,California
Lassen,2021-04-10,8,8821,0,1421,1,6758,7,642,0,2229,8,3598,7,5827,California
Lassen,2021-04-11,5,8826,2,1423,0,6758,3,645,2,2231,3,3601,5,5832,California
Lassen,2021-04-12,23,8849,1,1424,9,6767,13,658,1,2223,22,3623,14,5846,California
Lassen,2021-04-13,105,8954,5,1429,100,6867,0,658,19,2157,85,3708,19,5865,California
Lassen,2021-04-14,829,9783,14,1443,815,7682,0,658,37,1403,791,4499,37,5902,California
Lassen,2021-04-15,31,9814,5,1448,26,7708,0,658,15,1402,16,4515,15,5917,California
Los Angeles,2020-12-15,391,391,391,391,0,0,0,0,391,391,0,0,391,391,California
Los Angeles,2020-12-16,3361,3752,3361,3752,0,0,0,0,3361,3752,0,0,3361,3752,California
Los Angeles,2020-12-17,10228,13980,10228,13980,0,0,0,0,10229,13981,0,0,10229,13981,California
Los Angeles,2020-12-18,14502,28482,14479,28459,23,23,0,0,14502,28483,0,0,14502,28483,California
Los Angeles,2020-12-19,7215,35697,7207,35666,8,31,0,0,7216,35699,0,0,7216,35699,California
Los Angeles,2020-12-20,4573,40270,4566,40232,7,38,0,0,4575,40274,0,0,4575,40274,California
Los Angeles,2020-12-21,13667,53937,13655,53887,12,50,0,0,13668,53941,1,1,13668,53942,California
Los Angeles,2020-12-22,11502,65439,11123,65010,379,429,0,0,11503,65443,1,2,11503,65445,California
Los Angeles,2020-12-23,11870,77309,10114,75124,1756,2185,0,0,11871,77314,0,2,11871,77316,California
Los Angeles,2020-12-24,7008,84317,4242,79366,2766,4951,0,0,7011,84325,0,2,7011,84327,California
Los Angeles,2020-12-25,521,84838,416,79782,105,5056,0,0,521,84846,0,2,521,84848,California
Los Angeles,2020-12-26,2524,87362,2178,81960,346,5402,0,0,2524,87369,1,3,2524,87372,California
Los Angeles,2020-12-27,1753,89115,1023,82983,730,6132,0,0,1753,89122,0,3,1753,89125,California
Los Angeles,2020-12-28,10254,99369,6357,89340,3897,10029,0,0,10252,99373,1,4,10252,99377,California
Los Angeles,2020-12-29,11575,110944,6060,95400,5515,15544,0,0,11577,110950,0,4,11577,110954,California
Los Angeles,2020-12-30,14844,125788,8077,103477,6767,22311,0,0,14843,125793,0,4,14843,125797,California
Los Angeles,2020-12-31,7902,133690,2744,106221,5158,27469,0,0,7900,133692,1,5,7900,133697,California
Los Angeles,2021-01-01,954,134644,251,106472,703,28172,0,0,954,134646,0,5,954,134651,California
Los Angeles,2021-01-02,4433,139077,1648,108120,2785,30957,0,0,4433,139079,0,5,4433,139084,California
Los Angeles,2021-01-03,918,139995,203,108323,715,31672,0,0,917,139995,1,6,917,140001,California
Los Angeles,2021-01-04,12651,152646,4847,113170,7804,39476,0,0,12637,152629,3,9,12637,152638,California
Los Angeles,2021-01-05,15961,168607,7048,120218,8913,48389,0,0,14066,164828,1868,1877,14067,166705,California
Los Angeles,2021-01-06,22475,191082,12040,132258,10435,58824,0,0,16893,176215,5513,7390,16900,183605,California
Los Angeles,2021-01-07,29309,220391,15782,148040,13527,72351,0,0,18825,184612,10438,17828,18835,202440,California
Los Angeles,2021-01-08,33003,253394,17867,165907,15136,87487,0,0,20806,193254,12172,30000,20814,223254,California
Los Angeles,2021-01-09,12325,265719,7050,172957,5275,92762,0,0,7469,195874,4855,34855,7475,230729,California
Los Angeles,2021-01-10,4642,270361,3625,176582,1017,93779,0,0,1915,195064,2727,37582,1917,232646,California
Los Angeles,2021-01-11,25731,296092,16209,192791,9522,103301,0,0,14817,198985,10904,48486,14825,247471,California
Los Angeles,2021-01-12,29150,325242,16048,208839,13102,116403,0,0,19039,207938,10093,58579,19046,266517,California
Los Angeles,2021-01-13,29204,354446,15598,224437,13606,130009,0,0,20273,219303,8913,67492,20278,286795,California
Los Angeles,2021-01-14,29205,383651,12701,237138,16504,146513,0,0,23707,237541,5479,72971,23717,310512,California
Los Angeles,2021-01-15,33712,417363,12323,249461,21389,167902,0,0,30155,264172,3532,76503,30163,340675,California
Los Angeles,2021-01-16,17513,434876,4954,254415,12559,180461,0,0,15738,278147,1767,78270,15742,356417,California
Los Angeles,2021-01-17,5175,440051,2297,256712,2878,183339,0,0,4930,282835,244,78514,4932,361349,California
Los Angeles,2021-01-18,15555,455606,10045,266757,5510,188849,0,0,10854,289002,4689,83203,10856,372205,California
Los Angeles,2021-01-19,38386,493992,20527,287284,17859,206708,0,0,30618,311900,7727,90930,30625,402830,California
Los Angeles,2021-01-20,45490,539482,23689,310973,21801,228509,0,0,38009,342467,7451,98381,38018,440848,California
Los Angeles,2021-01-21,48462,587944,22331,333304,26131,254640,0,0,44218,382516,4183,102564,44232,485080,California
Los Angeles,2021-01-22,47577,635521,22179,355483,25398,280038,0,0,44182,423353,3352,105916,44189,529269,California
Los Angeles,2021-01-23,33868,669389,15656,371139,18212,298250,0,0,31831,453186,2007,107923,31840,561109,California
Los Angeles,2021-01-24,15672,685061,12157,383296,3515,301765,0,0,15126,467773,540,108463,15127,576236,California
Los Angeles,2021-01-25,38556,723617,16359,399655,22197,323962,0,0,30114,489490,8413,116876,30130,606366,California
Los Angeles,2021-01-26,49078,772695,24342,423997,24736,348698,0,0,40935,522344,8110,124986,40964,647330,California
Los Angeles,2021-01-27,48241,820936,25716,449713,22525,371223,0,0,39099,552458,9009,133995,39123,686453,California
Los Angeles,2021-01-28,48335,869271,23009,472722,25326,396549,0,0,40005,584261,8216,142211,40019,726472,California
Los Angeles,2021-01-29,49043,918314,25291,498013,23752,420301,0,0,39054,613689,9638,151849,39066,765538,California
Los Angeles,2021-01-30,29906,948220,15360,513373,14546,434847,0,0,25791,635444,4039,155888,25794,791332,California
Los Angeles,2021-01-31,12964,961184,10340,523713,2624,437471,0,0,12050,646595,902,156790,12053,803385,California
Los Angeles,2021-02-01,37864,999048,16113,539826,21751,459222,0,0,27645,664060,10189,166979,27654,831039,California
Los Angeles,2021-02-02,44082,1043130,17839,557665,26243,485465,0,0,31951,683921,12093,179072,31954,862993,California
Los Angeles,2021-02-03,51927,1095057,19418,577083,32509,517974,0,0,37288,706808,14407,193479,37294,900287,California
Los Angeles,2021-02-04,57054,1152111,20651,597734,36403,554377,0,0,39050,728171,17698,211177,39061,939348,California
Los Angeles,2021-02-05,60961,1213072,20971,618705,39990,594367,0,0,39181,745993,21366,232543,39188,978536,California
Los Angeles,2021-02-06,35388,1248460,13245,631950,22143,616510,0,0,26999,764696,8317,240860,27020,1005556,California
Los Angeles,2021-02-07,10770,1259230,8358,640308,2412,618922,0,0,8395,770737,2359,243219,8400,1013956,California
Los Angeles,2021-02-08,46606,1305836,21422,661730,25184,644106,0,0,30506,785281,15970,259189,30514,1044470,California
Los Angeles,2021-02-09,55630,1361466,24547,686277,31083,675189,0,0,28348,786411,27223,286412,28353,1072823,California
Los Angeles,2021-02-10,66716,1428182,29313,715590,37403,712592,0,0,30930,781929,35419,321831,30937,1103760,California
Los Angeles,2021-02-11,57786,1485968,30781,746371,27005,739597,0,0,27945,780467,29410,351241,27948,1131708,California
Los Angeles,2021-02-12,59362,1545330,29739,776110,29623,769220,0,0,25934,773316,33100,384341,25949,1157657,California
Los Angeles,2021-02-13,33742,1579072,19592,795702,14150,783370,0,0,15461,770613,18200,402541,15497,1173154,California
Los Angeles,2021-02-14,21855,1600927,14951,810653,6904,790274,0,0,8779,766379,13016,415557,8782,1181936,California
Los Angeles,2021-02-15,32321,1633248,15794,826447,16527,806801,0,0,17750,769620,14515,430072,17756,1199692,California
Los Angeles,2021-02-16,63791,1697039,32423,858870,31368,838169,0,0,29858,765633,33856,463928,29869,1229561,California
Los Angeles,2021-02-17,63803,1760842,34155,893025,29648,867817,0,0,26333,754666,37306,501234,26339,1255900,California
Los Angeles,2021-02-18,67846,1828688,34599,927624,33247,901064,0,0,28589,744175,39090,540324,28599,1284499,California
Los Angeles,2021-02-19,56832,1885520,34916,962540,21916,922980,0,0,28300,744046,28443,568767,28314,1312813,California
Los Angeles,2021-02-20,32007,1917527,23764,986304,8243,931223,0,0,15652,743385,16321,585088,15660,1328473,California
Los Angeles,2021-02-21,16494,1934021,14861,1001165,1633,932856,0,0,8436,743790,8034,593122,8439,1336912,California
Los Angeles,2021-02-22,34044,1968065,24865,1026030,9179,942035,0,0,17630,745081,16349,609471,17640,1354552,California
Los Angeles,2021-02-23,53323,2021388,22618,1048648,30705,972740,0,0,21041,733946,32187,641658,21052,1375604,California
Los Angeles,2021-02-24,63645,2085033,27927,1076575,35718,1008458,0,0,27964,726399,35528,677186,27981,1403585,California
Los Angeles,2021-02-25,72988,2158021,33415,1109990,39573,1048031,0,0,38324,730213,34520,711706,38334,1441919,California
Los Angeles,2021-02-26,82457,2240478,38461,1148451,43996,1092027,0,0,47275,742547,34966,746672,47300,1489219,California
Los Angeles,2021-02-27,58361,2298839,24796,1173247,33562,1125589,3,3,29851,744050,28374,775046,29877,1519096,California
Los Angeles,2021-02-28,26686,2325525,18428,1191675,8257,1133846,1,4,18817,755076,7798,782844,18824,1537920,California
Los Angeles,2021-03-01,55031,2380556,30769,1222444,24252,1158098,10,14,33332,766868,21565,804409,33357,1571277,California
Los Angeles,2021-03-02,70141,2450697,31030,1253474,39109,1197207,2,16,42897,782636,27140,831549,42908,1614185,California
Los Angeles,2021-03-03,81502,2532199,40731,1294205,40765,1237972,6,22,51124,803557,30233,861782,51154,1665339,California
Los Angeles,2021-03-04,88300,2620499,45491,1339696,42800,1280772,9,31,55615,826675,32521,894303,55639,1720978,California
Los Angeles,2021-03-05,86920,2707419,42271,1381967,44628,1325400,21,52,58060,856092,28696,922999,58113,1779091,California
Los Angeles,2021-03-06,65429,2772848,32733,1414700,30890,1356290,1806,1858,42043,876689,23260,946259,43857,1822948,California
Los Angeles,2021-03-07,25543,2798391,19224,1433924,5531,1361821,788,2646,19691,891336,5831,952090,20478,1843426,California
Los Angeles,2021-03-08,50987,2849378,26457,1460381,22596,1384417,1934,4580,38355,919082,12545,964635,40291,1883717,California
Los Angeles,2021-03-09,68027,2917405,25739,1486120,39025,1423442,3263,7843,40669,935786,27223,991858,43927,1927644,California
Los Angeles,2021-03-10,78273,2995678,36915,1523035,36739,1460181,4619,12462,49181,960599,28959,1020817,53772,1981416,California
Los Angeles,2021-03-11,90951,3086629,44235,1567270,40416,1500597,6300,18762,53446,982970,37354,1058171,59725,2041141,California
Los Angeles,2021-03-12,96138,3182767,42612,1609882,39861,1540458,13665,32427,55940,1012505,40036,1098207,69571,2110712,California
Los Angeles,2021-03-13,72881,3255648,33561,1643443,27453,1567911,11867,44294,43462,1038483,29326,1127533,55304,2166016,California
Los Angeles,2021-03-14,37887,3293535,25310,1668753,10171,1578082,2406,46700,25435,1053912,12399,1139932,27828,2193844,California
Los Angeles,2021-03-15,73202,3366737,35383,1704136,32511,1610593,5308,52008,44717,1075604,28326,1168258,50018,2243862,California
Los Angeles,2021-03-16,97465,3464202,41939,1746075,49818,1660411,5708,57716,63587,1111173,33708,1201966,69277,2313139,California
Los Angeles,2021-03-17,94386,3558588,42449,1788524,43993,1704404,7944,65660,63524,1151907,30701,1232667,71435,2384574,California
Los Angeles,2021-03-18,97379,3655967,46341,1834865,45902,1750306,5136,70796,61958,1183811,35183,1267850,67087,2451661,California
Los Angeles,2021-03-19,104420,3760387,54301,1889166,45542,1795848,4577,75373,64894,1213985,39298,1307148,69472,2521133,California
Los Angeles,2021-03-20,73950,3834337,35990,1925156,33714,1829562,4246,79619,51406,1247232,22400,1329548,55647,2576780,California
Los Angeles,2021-03-21,33407,3867744,24675,1949831,7890,1837452,842,80461,21729,1258198,11602,1341150,22568,2599348,California
Los Angeles,2021-03-22,67507,3935251,40027,1989858,25527,1862979,1953,82414,48164,1289162,19153,1360303,50117,2649465,California
Los Angeles,2021-03-23,92714,4027965,50050,2039908,39756,1902735,2908,85322,61934,1323425,30575,1390878,64838,2714303,California
Los Angeles,2021-03-24,101349,4129314,53805,2093713,44695,1947430,2849,88171,60244,1345665,40848,1431726,63088,2777391,California
Los Angeles,2021-03-25,105933,4235247,56666,2150379,45719,1993149,3548,91719,60908,1365319,44789,1476515,64443,2841834,California
Los Angeles,2021-03-26,111081,4346328,60603,2210982,46400,2039549,4078,95797,63523,1385564,47345,1523860,67590,2909424,California
Los Angeles,2021-03-27,80415,4426743,42054,2253036,36263,2075812,2098,97895,42033,1391519,38178,1562038,44133,2953557,California
Los Angeles,2021-03-28,40665,4467408,27194,2280230,12889,2088701,582,98477,20713,1392937,19877,1581915,21295,2974852,California
Los Angeles,2021-03-29,80616,4548024,45516,2325746,33517,2122218,1583,100060,46347,1406743,34122,1616037,47928,3022780,California
Los Angeles,2021-03-30,105600,4653624,49430,2375176,50479,2172697,5691,105751,65227,1437439,40209,1656246,70905,3093685,California
Los Angeles,2021-03-31,118917,4772541,59672,2434848,50768,2223465,8477,114228,70199,1467588,48506,1704752,78655,3172340,California
Los Angeles,2021-04-01,128335,4900876,59359,2494207,54254,2277719,14722,128950,70784,1495711,57354,1762106,85477,3257817,California
Los Angeles,2021-04-02,126752,5027628,55936,2550143,56072,2333791,14744,143694,68378,1520727,58113,1820219,83129,3340946,California
Los Angeles,2021-04-03,94318,5121946,42427,2592570,38943,2372734,12948,156642,47189,1533850,46994,1867213,60117,3401063,California
Los Angeles,2021-04-04,37687,5159633,19707,2612277,11968,2384702,6012,162654,16151,1534518,21482,1888695,22150,3423213,California
Los Angeles,2021-04-05,89839,5249472,43576,2655853,36471,2421173,9792,172446,44201,1543006,45497,1934192,53985,3477198,California
Los Angeles,2021-04-06,118912,5368384,55982,2711835,42987,2464160,19943,192389,55375,1554928,63334,1997526,75256,3552454,California
Los Angeles,2021-04-07,117891,5486275,53846,2765681,43401,2507561,20644,213033,54120,1566069,63561,2061087,74702,3627156,California
Los Angeles,2021-04-08,126909,5613184,56152,2821833,47657,2555218,23100,236133,58054,1578519,68630,2129717,81080,3708236,California
Los Angeles,2021-04-09,116338,5729522,47801,2869634,48080,2603298,20457,256590,50536,1583848,65586,2195303,70915,3779151,California
Los Angeles,2021-04-10,96133,5825655,40028,2909662,33027,2636325,23078,279668,35347,1581612,60602,2255905,58366,3837517,California
Los Angeles,2021-04-11,40775,5866430,22204,2931866,9571,2645896,9000,288668,14264,1578393,26454,2282359,23235,3860752,California
Los Angeles,2021-04-12,71231,5937661,34382,2966248,31090,2676986,5759,294427,30354,1573757,40719,2323078,36083,3896835,California
Los Angeles,2021-04-13,93045,6030706,41217,3007465,51448,2728434,380,294807,47335,1575927,45550,2368628,47720,3944555,California
Los Angeles,2021-04-14,83790,6114496,35488,3042953,48211,2776645,91,294898,42794,1577996,40842,2409470,42911,3987466,California
Los Angeles,2021-04-15,67660,6182156,39036,3081989,28507,2805152,117,295015,40736,1592073,26803,2436273,40880,4028346,California
Madera,2020-12-16,22,22,22,22,0,0,0,0,22,22,0,0,22,22,California
Madera,2020-12-17,13,35,13,35,0,0,0,0,13,35,0,0,13,35,California
Madera,2020-12-18,61,96,61,96,0,0,0,0,61,96,0,0,61,96,California
Madera,2020-12-19,5,101,5,101,0,0,0,0,5,101,0,0,5,101,California
Madera,2020-12-20,14,115,14,115,0,0,0,0,14,115,0,0,14,115,California
Madera,2020-12-21,60,175,60,175,0,0,0,0,60,175,0,0,60,175,California
Madera,2020-12-22,98,273,96,271,2,2,0,0,98,273,0,0,98,273,California
Madera,2020-12-23,69,342,69,340,0,2,0,0,69,342,0,0,69,342,California
Madera,2020-12-24,44,386,39,379,5,7,0,0,44,386,0,0,44,386,California
Madera,2020-12-26,28,414,26,405,2,9,0,0,28,414,0,0,28,414,California
Madera,2020-12-27,30,444,12,417,18,27,0,0,30,444,0,0,30,444,California
Madera,2020-12-28,105,549,36,453,69,96,0,0,105,549,0,0,105,549,California
Madera,2020-12-29,173,722,40,493,133,229,0,0,173,722,0,0,173,722,California
Madera,2020-12-30,218,940,86,579,132,361,0,0,218,940,0,0,218,940,California
Madera,2020-12-31,201,1141,80,659,121,482,0,0,201,1141,0,0,201,1141,California
Madera,2021-01-02,89,1230,34,693,55,537,0,0,89,1230,0,0,89,1230,California
Madera,2021-01-03,5,1235,5,698,0,537,0,0,5,1235,0,0,5,1235,California
Madera,2021-01-04,128,1363,64,762,64,601,0,0,128,1363,0,0,128,1363,California
Madera,2021-01-05,279,1642,143,905,136,737,0,0,275,1634,4,4,275,1638,California
Madera,2021-01-06,183,1825,27,932,156,893,0,0,163,1777,20,24,163,1801,California
Madera,2021-01-07,395,2220,113,1045,282,1175,0,0,373,2128,22,46,373,2174,California
Madera,2021-01-08,417,2637,72,1117,345,1520,0,0,362,2437,54,100,363,2537,California
Madera,2021-01-09,37,2674,14,1131,23,1543,0,0,28,2456,9,109,28,2565,California
Madera,2021-01-10,17,2691,14,1145,3,1546,0,0,5,2449,12,121,5,2570,California
Madera,2021-01-11,237,2928,189,1334,48,1594,0,0,194,2600,43,164,194,2764,California
Madera,2021-01-12,391,3319,158,1492,233,1827,0,0,284,2777,107,271,284,3048,California
Madera,2021-01-13,186,3505,92,1584,94,1921,0,0,129,2850,57,328,130,3178,California
Madera,2021-01-14,555,4060,82,1666,473,2394,0,0,521,3337,34,362,521,3699,California
Madera,2021-01-15,597,4657,159,1825,438,2832,0,0,577,3894,20,382,577,4276,California
Madera,2021-01-16,381,5038,47,1872,334,3166,0,0,352,4217,29,411,352,4628,California
Madera,2021-01-17,335,5373,15,1887,320,3486,0,0,331,4544,4,415,331,4959,California
Madera,2021-01-18,76,5449,60,1947,16,3502,0,0,57,4583,18,433,57,5016,California
Madera,2021-01-19,570,6019,135,2082,435,3937,0,0,543,5100,27,460,544,5560,California
Madera,2021-01-20,233,6252,80,2162,153,4090,0,0,205,5278,27,487,205,5765,California
Madera,2021-01-21,237,6489,130,2292,107,4197,0,0,204,5451,31,518,204,5969,California
Madera,2021-01-22,255,6744,83,2375,172,4369,0,0,242,5680,13,531,242,6211,California
Madera,2021-01-23,100,6844,52,2427,48,4417,0,0,76,5732,24,555,76,6287,California
Madera,2021-01-24,101,6945,82,2509,19,4436,0,0,78,5787,23,578,78,6365,California
Madera,2021-01-25,252,7197,121,2630,131,4567,0,0,140,5815,112,690,140,6505,California
Madera,2021-01-26,480,7677,188,2818,292,4859,0,0,292,5922,187,877,294,6799,California
Madera,2021-01-27,737,8414,63,2881,674,5533,0,0,601,6388,136,1013,602,7401,California
Madera,2021-01-28,535,8949,103,2984,432,5965,0,0,432,6717,103,1116,432,7833,California
Madera,2021-01-29,466,9415,95,3079,371,6336,0,0,410,7071,56,1172,410,8243,California
Madera,2021-01-30,504,9919,16,3095,488,6824,0,0,450,7467,54,1226,450,8693,California
Madera,2021-01-31,10,9929,7,3102,3,6827,0,0,9,7475,1,1227,9,8702,California
Madera,2021-02-01,254,10183,70,3172,184,7011,0,0,197,7615,57,1284,197,8899,California
Madera,2021-02-02,250,10433,86,3258,164,7175,0,0,161,7688,88,1372,161,9060,California
Madera,2021-02-03,590,11023,457,3715,133,7308,0,0,472,8045,116,1488,473,9533,California
Madera,2021-02-04,385,11408,120,3835,265,7573,0,0,111,7884,273,1761,112,9645,California
Madera,2021-02-05,967,12375,293,4128,674,8247,0,0,362,7647,600,2361,363,10008,California
Madera,2021-02-06,359,12734,324,4452,35,8282,0,0,320,7929,38,2399,320,10328,California
Madera,2021-02-07,35,12769,7,4459,28,8310,0,0,30,7954,5,2404,30,10358,California
Madera,2021-02-08,382,13151,306,4765,76,8386,0,0,269,8111,112,2516,269,10627,California
Madera,2021-02-09,479,13630,119,4884,360,8746,0,0,197,8030,279,2795,198,10825,California
Madera,2021-02-10,428,14058,148,5032,280,9026,0,0,322,8246,106,2901,322,11147,California
Madera,2021-02-11,931,14989,303,5335,628,9654,0,0,403,8123,527,3428,404,11551,California
Madera,2021-02-12,839,15828,119,5454,720,10374,0,0,307,7907,526,3954,310,11861,California
Madera,2021-02-13,484,16312,44,5498,440,10814,0,0,140,7706,343,4297,142,12003,California
Madera,2021-02-14,400,16712,75,5573,325,11139,0,0,137,7581,263,4560,138,12141,California
Madera,2021-02-15,241,16953,97,5670,144,11283,0,0,176,7693,64,4624,176,12317,California
Madera,2021-02-16,773,17726,183,5853,590,11873,0,0,229,7382,541,5165,230,12547,California
Madera,2021-02-17,608,18334,273,6126,335,12208,0,0,339,7459,264,5429,341,12888,California
Madera,2021-02-18,1291,19625,535,6661,756,12964,0,0,1116,8402,175,5604,1118,14006,California
Madera,2021-02-19,861,20486,546,7207,315,13279,0,0,719,8981,142,5746,721,14727,California
Madera,2021-02-20,1072,21558,981,8188,91,13370,0,0,1001,9913,70,5816,1002,15729,California
Madera,2021-02-21,963,22521,819,9007,144,13514,0,0,957,10864,6,5822,957,16686,California
Madera,2021-02-22,907,23428,831,9838,76,13590,0,0,853,11663,54,5876,853,17539,California
Madera,2021-02-23,769,24197,497,10335,272,13862,0,0,551,11997,217,6093,551,18090,California
Madera,2021-02-24,905,25102,300,10635,605,14467,0,0,377,11846,528,6621,377,18467,California
Madera,2021-02-25,1019,26121,308,10943,711,15178,0,0,591,12011,426,7047,591,19058,California
Madera,2021-02-26,1070,27191,186,11129,884,16062,0,0,696,12334,373,7420,696,19754,California
Madera,2021-02-27,868,28059,244,11373,624,16686,0,0,448,12368,417,7837,451,20205,California
Madera,2021-02-28,188,28247,29,11402,159,16845,0,0,182,12544,6,7843,182,20387,California
Madera,2021-03-01,368,28615,116,11518,252,17097,0,0,190,12557,177,8020,190,20577,California
Madera,2021-03-02,646,29261,267,11785,379,17476,0,0,534,12980,112,8132,535,21112,California
Madera,2021-03-03,1299,30560,694,12479,605,18081,0,0,901,13510,395,8527,925,22037,California
Madera,2021-03-04,1157,31717,502,12981,655,18736,0,0,916,14187,242,8769,919,22956,California
Madera,2021-03-05,1321,33038,405,13386,904,19640,12,12,1060,15011,259,9028,1083,24039,California
Madera,2021-03-06,804,33842,623,14009,149,19789,32,44,484,15208,320,9348,517,24556,California
Madera,2021-03-07,153,33995,27,14036,104,19893,22,66,103,15283,50,9398,125,24681,California
Madera,2021-03-08,587,34582,327,14363,201,20094,59,125,295,15347,292,9690,356,25037,California
Madera,2021-03-09,441,35023,158,14521,250,20344,33,158,276,15501,163,9853,317,25354,California
Madera,2021-03-10,1128,36151,504,15025,547,20891,77,235,703,15861,421,10274,781,26135,California
Madera,2021-03-11,1645,37796,839,15864,474,21365,332,567,748,16057,895,11169,1091,27226,California
Madera,2021-03-12,1523,39319,778,16642,591,21956,154,721,748,16211,774,11943,928,28154,California
Madera,2021-03-13,1811,41130,1269,17911,344,22300,198,919,745,16107,1064,13007,960,29114,California
Madera,2021-03-14,582,41712,449,18360,101,22401,32,951,294,16147,286,13293,326,29440,California
Madera,2021-03-15,722,42434,212,18572,464,22865,46,997,501,16501,219,13512,573,30013,California
Madera,2021-03-16,820,43254,421,18993,352,23217,47,1044,641,17030,177,13689,706,30719,California
Madera,2021-03-17,1410,44664,929,19922,419,23636,62,1106,857,17494,545,14234,1009,31728,California
Madera,2021-03-18,1861,46525,644,20566,1157,24793,60,1166,902,17588,952,15186,1046,32774,California
Madera,2021-03-19,1493,48018,586,21152,823,25616,84,1250,964,18174,526,15712,1112,33886,California
Madera,2021-03-20,1122,49140,763,21915,309,25925,50,1300,575,18299,546,16258,671,34557,California
Madera,2021-03-21,1065,50205,866,22781,154,26079,45,1345,352,17987,710,16968,398,34955,California
Madera,2021-03-22,1351,51556,851,23632,432,26511,68,1413,680,18109,668,17636,790,35745,California
Madera,2021-03-23,1396,52952,841,24473,464,26975,91,1504,740,18368,654,18290,913,36658,California
Madera,2021-03-24,896,53848,466,24939,398,27373,32,1536,594,18697,301,18591,630,37288,California
Madera,2021-03-25,1115,54963,490,25429,601,27974,24,1560,636,18902,468,19059,673,37961,California
Madera,2021-03-26,1429,56392,510,25939,788,28762,131,1691,674,18959,751,19810,808,38769,California
Madera,2021-03-27,825,57217,526,26465,278,29040,21,1712,372,18903,449,20259,393,39162,California
Madera,2021-03-28,420,57637,136,26601,223,29263,61,1773,230,19057,189,20448,343,39505,California
Madera,2021-03-29,680,58317,179,26780,474,29737,27,1800,493,19397,184,20632,524,40029,California
Madera,2021-03-30,1013,59330,558,27338,422,30159,33,1833,556,19532,455,21087,590,40619,California
Madera,2021-03-31,1289,60619,480,27818,695,30854,114,1947,449,19260,836,21923,564,41183,California
Madera,2021-04-01,1221,61840,533,28351,639,31493,49,1996,435,18962,781,22704,483,41666,California
Madera,2021-04-02,1500,63340,411,28762,1031,32524,58,2054,459,18448,1032,23736,518,42184,California
Madera,2021-04-03,869,64209,679,29441,170,32694,20,2074,378,18365,490,24226,407,42591,California
Madera,2021-04-04,184,64393,65,29506,117,32811,2,2076,85,18353,99,24325,87,42678,California
Madera,2021-04-05,731,65124,254,29760,420,33231,57,2133,338,18370,392,24717,409,43087,California
Madera,2021-04-06,1683,66807,874,30634,462,33693,347,2480,635,18304,1047,25764,981,44068,California
Madera,2021-04-07,1193,68000,372,31006,674,34367,147,2627,455,18176,735,26499,607,44675,California
Madera,2021-04-08,1667,69667,651,31657,765,35132,251,2878,557,17886,1106,27605,816,45491,California
Madera,2021-04-09,1550,71217,653,32310,751,35883,146,3024,916,18322,629,28234,1065,46556,California
Madera,2021-04-10,938,72155,671,32981,202,36085,65,3089,692,18834,246,28480,758,47314,California
Madera,2021-04-11,771,72926,628,33609,65,36150,78,3167,285,18712,484,28964,362,47676,California
Madera,2021-04-12,753,73679,266,33875,431,36581,56,3223,301,18618,452,29416,358,48034,California
Madera,2021-04-13,666,74345,236,34111,390,36971,40,3263,232,18468,433,29849,283,48317,California
Madera,2021-04-14,771,75116,313,34424,458,37429,0,3263,271,18249,496,30345,277,48594,California
Madera,2021-04-15,558,75674,179,34603,378,37807,1,3264,227,18147,331,30676,229,48823,California
Marin,2020-12-15,2,2,2,2,0,0,0,0,2,2,0,0,2,2,California
Marin,2020-12-16,107,109,107,109,0,0,0,0,107,109,0,0,107,109,California
Marin,2020-12-17,260,369,260,369,0,0,0,0,260,369,0,0,260,369,California
Marin,2020-12-18,371,740,371,740,0,0,0,0,371,740,0,0,371,740,California
Marin,2020-12-19,350,1090,349,1089,1,1,0,0,350,1090,0,0,350,1090,California
Marin,2020-12-20,167,1257,166,1255,1,2,0,0,167,1257,0,0,167,1257,California
Marin,2020-12-21,238,1495,235,1490,3,5,0,0,238,1495,0,0,238,1495,California
Marin,2020-12-22,523,2018,319,1809,204,209,0,0,523,2018,0,0,523,2018,California
Marin,2020-12-23,731,2749,324,2133,407,616,0,0,731,2749,0,0,731,2749,California
Marin,2020-12-24,358,3107,160,2293,198,814,0,0,358,3107,0,0,358,3107,California
Marin,2020-12-25,27,3134,0,2293,27,841,0,0,27,3134,0,0,27,3134,California
Marin,2020-12-26,142,3276,93,2386,49,890,0,0,142,3276,0,0,142,3276,California
Marin,2020-12-27,93,3369,56,2442,37,927,0,0,93,3369,0,0,93,3369,California
Marin,2020-12-28,408,3777,99,2541,309,1236,0,0,408,3777,0,0,408,3777,California
Marin,2020-12-29,400,4177,88,2629,312,1548,0,0,400,4177,0,0,400,4177,California
Marin,2020-12-30,624,4801,388,3017,236,1784,0,0,624,4801,0,0,624,4801,California
Marin,2020-12-31,197,4998,33,3050,164,1948,0,0,197,4998,0,0,197,4998,California
Marin,2021-01-01,13,5011,5,3055,8,1956,0,0,13,5011,0,0,13,5011,California
Marin,2021-01-02,103,5114,97,3152,6,1962,0,0,103,5114,0,0,103,5114,California
Marin,2021-01-03,54,5168,36,3188,18,1980,0,0,51,5165,0,0,51,5165,California
Marin,2021-01-04,292,5460,189,3377,103,2083,0,0,291,5455,1,1,291,5456,California
Marin,2021-01-05,366,5826,223,3600,143,2226,0,0,323,5735,43,44,323,5779,California
Marin,2021-01-06,816,6642,315,3915,501,2727,0,0,640,6199,176,220,640,6419,California
Marin,2021-01-07,891,7533,503,4418,388,3115,0,0,544,6396,347,567,544,6963,California
Marin,2021-01-08,971,8504,515,4933,456,3571,0,0,594,6614,376,943,594,7557,California
Marin,2021-01-09,618,9122,222,5155,396,3967,0,0,487,6970,131,1074,487,8044,California
Marin,2021-01-10,128,9250,99,5254,29,3996,0,0,54,6950,74,1148,54,8098,California
Marin,2021-01-11,467,9717,326,5580,141,4137,0,0,248,6980,219,1367,249,8347,California
Marin,2021-01-12,939,10656,542,6122,397,4534,0,0,567,7178,369,1736,567,8914,California
Marin,2021-01-13,1175,11831,499,6621,676,5210,0,0,936,7875,239,1975,936,9850,California
Marin,2021-01-14,1066,12897,319,6940,747,5957,0,0,916,8643,148,2123,916,10766,California
Marin,2021-01-15,1152,14049,354,7294,798,6755,0,0,1022,9537,129,2252,1023,11789,California
Marin,2021-01-16,1117,15166,915,8209,202,6957,0,0,1042,10504,75,2327,1042,12831,California
Marin,2021-01-17,1233,16399,1114,9323,119,7076,0,0,1205,11685,27,2354,1208,14039,California
Marin,2021-01-18,360,16759,159,9482,201,7277,0,0,309,11943,51,2405,309,14348,California
Marin,2021-01-19,1155,17914,913,10395,242,7519,0,0,983,12755,171,2576,983,15331,California
Marin,2021-01-20,1784,19698,1205,11600,579,8098,0,0,1055,13092,718,3294,1055,16386,California
Marin,2021-01-21,1682,21380,1061,12661,621,8719,0,0,1330,14075,349,3643,1332,17718,California
Marin,2021-01-22,1695,23075,1085,13746,610,9329,0,0,1529,15438,166,3809,1529,19247,California
Marin,2021-01-23,1843,24918,1342,15088,501,9830,0,0,1758,17112,84,3893,1758,21005,California
Marin,2021-01-24,611,25529,164,15252,447,10277,0,0,579,17659,32,3925,579,21584,California
Marin,2021-01-25,1123,26652,226,15478,897,11174,0,0,690,17917,433,4358,691,22275,California
Marin,2021-01-26,1497,28149,778,16256,719,11893,0,0,1120,18661,376,4734,1120,23395,California
Marin,2021-01-27,1697,29846,871,17127,826,12719,0,0,1347,19661,348,5082,1348,24743,California
Marin,2021-01-28,2067,31913,1060,18187,1007,13726,0,0,1803,21202,263,5345,1804,26547,California
Marin,2021-01-29,2182,34095,1435,19622,747,14473,0,0,1981,22994,190,5535,1982,28529,California
Marin,2021-01-30,1714,35809,899,20521,815,15288,0,0,1636,24553,78,5613,1637,30166,California
Marin,2021-01-31,453,36262,316,20837,137,15425,0,0,428,24956,25,5638,428,30594,California
Marin,2021-02-01,1086,37348,416,21253,670,16095,0,0,886,25643,200,5838,887,31481,California
Marin,2021-02-02,1350,38698,462,21715,888,16983,0,0,724,25751,616,6454,724,32205,California
Marin,2021-02-03,1779,40477,428,22143,1351,18334,0,0,1255,26483,523,6977,1255,33460,California
Marin,2021-02-04,1537,42014,514,22657,1023,19357,0,0,935,26819,599,7576,935,34395,California
Marin,2021-02-05,2173,44187,680,23337,1493,20850,0,0,1334,27318,835,8411,1334,35729,California
Marin,2021-02-06,1426,45613,850,24187,576,21426,0,0,603,27099,822,9233,603,36332,California
Marin,2021-02-07,1286,46899,1005,25192,281,21707,0,0,488,26790,797,10030,488,36820,California
Marin,2021-02-08,1515,48414,753,25945,762,22469,0,0,724,26725,789,10819,724,37544,California
Marin,2021-02-09,1780,50194,1122,27067,658,23127,0,0,836,26617,944,11763,836,38380,California
Marin,2021-02-10,2332,52526,1487,28554,845,23972,0,0,1216,26720,1114,12877,1217,39597,California
Marin,2021-02-11,2861,55387,1644,30198,1217,25189,0,0,1450,26766,1406,14283,1452,41049,California
Marin,2021-02-12,3058,58445,1537,31735,1521,26710,0,0,1564,26838,1492,15775,1564,42613,California
Marin,2021-02-13,2335,60780,1244,32979,1091,27801,0,0,1130,26765,1203,16978,1130,43743,California
Marin,2021-02-14,810,61590,301,33280,509,28310,0,0,717,27390,93,17071,718,44461,California
Marin,2021-02-15,1211,62801,354,33634,857,29167,0,0,833,27846,377,17448,833,45294,California
Marin,2021-02-16,2463,65264,1056,34690,1407,30574,0,0,1504,28392,958,18406,1504,46798,California
Marin,2021-02-17,2091,67355,935,35625,1156,31730,0,0,1085,28474,1004,19410,1086,47884,California
Marin,2021-02-18,2411,69766,1576,37201,835,32565,0,0,1061,28186,1349,20759,1061,48945,California
Marin,2021-02-19,2752,72518,2150,39351,602,33167,0,0,1218,27882,1523,22282,1219,50164,California
Marin,2021-02-20,2564,75082,2110,41461,454,33621,0,0,1216,27755,1343,23625,1216,51380,California
Marin,2021-02-21,1281,76363,1089,42550,192,33813,0,0,907,28292,370,23995,907,52287,California
Marin,2021-02-22,1820,78183,1403,43953,417,34230,0,0,1211,28895,608,24603,1211,53498,California
Marin,2021-02-23,2829,81012,1613,45566,1216,35446,0,0,1906,29888,914,25517,1907,55405,California
Marin,2021-02-24,3499,84511,1601,47167,1898,37344,0,0,2248,30893,1244,26761,2249,57654,California
Marin,2021-02-25,3928,88439,1811,48978,2117,39461,0,0,2770,32513,1151,27912,2771,60425,California
Marin,2021-02-26,3480,91919,1880,50858,1600,41061,0,0,2532,34108,937,28849,2532,62957,California
Marin,2021-02-27,2608,94527,1493,52351,1115,42176,0,0,1775,35055,830,29679,1777,64734,California
Marin,2021-02-28,1377,95904,917,53268,460,42636,0,0,1042,35764,333,30012,1042,65776,California
Marin,2021-03-01,2468,98372,1532,54800,936,43572,0,0,1657,36614,807,30819,1657,67433,California
Marin,2021-03-02,2425,100797,1593,56393,831,44403,1,1,1682,37557,740,31559,1683,69116,California
Marin,2021-03-03,4284,105081,2379,58772,1903,46306,2,3,2775,38830,1504,33063,2777,71893,California
Marin,2021-03-04,3333,108414,1640,60412,1692,47998,1,4,2327,40162,999,34062,2331,74224,California
Marin,2021-03-05,3021,111435,1128,61540,1881,49879,12,16,1774,40704,1244,35306,1786,76010,California
Marin,2021-03-06,3223,114658,2314,63854,830,50709,79,95,2651,42866,567,35873,2729,78739,California
Marin,2021-03-07,1368,116026,1152,65006,192,50901,24,119,981,43487,384,36257,1005,79744,California
Marin,2021-03-08,1867,117893,1365,66371,386,51287,116,235,1404,44547,460,36717,1520,81264,California
Marin,2021-03-09,2094,119987,1216,67587,772,52059,106,341,1425,45410,668,37385,1531,82795,California
Marin,2021-03-10,4394,124381,2458,70045,1657,53716,279,620,3174,47647,1217,38602,3454,86249,California
Marin,2021-03-11,4545,128926,1866,71911,2544,56260,135,755,3262,49768,1276,39878,3397,89646,California
Marin,2021-03-12,3960,132886,1531,73442,2073,58333,356,1111,1556,49286,2393,42271,1911,91557,California
Marin,2021-03-13,4080,136966,2851,76293,1160,59493,69,1180,2416,50104,1662,43933,2480,94037,California
Marin,2021-03-14,2271,139237,1096,77389,1060,60553,115,1295,727,49404,1542,45475,842,94879,California
Marin,2021-03-15,3221,142458,1761,79150,1413,61966,47,1342,1216,48670,1996,47471,1262,96141,California
Marin,2021-03-16,4298,146756,2308,81458,1626,63592,364,1706,1524,47786,2771,50242,1887,98028,California
Marin,2021-03-17,4122,150878,2246,83704,1832,65424,44,1750,2006,47731,2105,52347,2050,100078,California
Marin,2021-03-18,4458,155336,2245,85949,2140,67564,73,1823,2226,47810,2218,54565,2297,102375,California
Marin,2021-03-19,4433,159769,2272,88221,1944,69508,217,2040,2410,48421,2016,56581,2627,105002,California
Marin,2021-03-20,3575,163344,1980,90201,1480,70988,115,2155,2034,49036,1535,58116,2150,107152,California
Marin,2021-03-21,1527,164871,1123,91324,379,71367,25,2180,794,49124,731,58847,819,107971,California
Marin,2021-03-22,2464,167335,2130,93454,169,71536,165,2345,990,48809,1470,60317,1155,109126,California
Marin,2021-03-23,4236,171571,2192,95646,1914,73450,130,2475,1946,48601,2284,62601,2076,111202,California
Marin,2021-03-24,4396,175967,2885,98531,1407,74857,104,2579,1780,47879,2605,65206,1883,113085,California
Marin,2021-03-25,4610,180577,2811,101342,1731,76588,68,2647,2249,47846,2348,67554,2315,115400,California
Marin,2021-03-26,4267,184844,2311,103653,1742,78330,214,2861,2404,48617,1847,69401,2618,118018,California
Marin,2021-03-27,3675,188519,2641,106294,1017,79347,17,2878,1140,47250,2524,71925,1157,119175,California
Marin,2021-03-28,2376,190895,1721,108015,649,79996,6,2884,1101,47087,1270,73195,1107,120282,California
Marin,2021-03-29,2680,193575,2091,110106,564,80560,25,2909,1188,46811,1489,74684,1213,121495,California
Marin,2021-03-30,4645,198220,3645,113751,967,81527,33,2942,3062,48325,1581,76265,3095,124590,California
Marin,2021-03-31,5767,203987,4089,117840,1629,83156,49,2991,2571,47760,3185,79450,2620,127210,California
Marin,2021-04-01,4386,208373,2262,120102,1874,85030,250,3241,2111,47853,2268,81718,2361,129571,California
Marin,2021-04-02,3673,212046,1819,121921,1492,86522,362,3603,1956,48460,1711,83429,2318,131889,California
Marin,2021-04-03,3829,215875,2518,124439,943,87465,368,3971,1463,47935,2356,85785,1831,133720,California
Marin,2021-04-04,1621,217496,1222,125661,202,87667,197,4168,1188,48888,432,86217,1385,135105,California
Marin,2021-04-05,2180,219676,1515,127176,294,87961,371,4539,1256,49591,922,87139,1625,136730,California
Marin,2021-04-06,3929,223605,2103,129279,1280,89241,546,5085,2191,50594,1732,88871,2735,139465,California
Marin,2021-04-07,3899,227504,1967,131246,1293,90534,639,5724,1420,50183,2470,91341,2059,141524,California
Marin,2021-04-08,4980,232484,1948,133194,2428,92962,604,6328,2276,50363,2695,94036,2875,144399,California
Marin,2021-04-09,3808,236292,1440,134634,1674,94636,694,7022,1266,49783,2537,96573,1957,146356,California
Marin,2021-04-10,3167,239459,1457,136091,1280,95916,430,7452,1431,49915,1727,98300,1859,148215,California
Marin,2021-04-11,1054,240513,801,136892,93,96009,160,7612,474,49970,578,98878,633,148848,California
Marin,2021-04-12,1654,242167,1182,138074,338,96347,134,7746,901,50256,750,99628,1036,149884,California
Marin,2021-04-13,3488,245655,2071,140145,1410,97757,7,7753,1254,49291,2226,101854,1261,151145,California
Marin,2021-04-14,3700,249355,2079,142224,1619,99376,2,7755,1449,48496,2245,104099,1450,152595,California
Marin,2021-04-15,2238,251593,1526,143750,712,100088,0,7755,1330,48931,899,104998,1334,153929,California
Mariposa,2020-12-17,3,3,3,3,0,0,0,0,38,38,0,0,38,38,California
Mariposa,2020-12-18,5,8,5,8,0,0,0,0,56,94,0,0,56,94,California
Mariposa,2020-12-20,2,10,2,10,0,0,0,0,2,96,0,0,2,96,California
Mariposa,2020-12-21,3,13,3,13,0,0,0,0,45,141,0,0,45,141,California
Mariposa,2020-12-22,2,15,2,15,0,0,0,0,2,143,0,0,2,143,California
Mariposa,2020-12-23,10,25,10,25,0,0,0,0,1,144,0,0,1,144,California
Mariposa,2020-12-24,1,26,0,25,1,1,0,0,0,144,0,0,0,144,California
Mariposa,2020-12-26,1,27,1,26,0,1,0,0,1,145,0,0,1,145,California
Mariposa,2020-12-27,1,28,0,26,1,2,0,0,1,146,0,0,1,146,California
Mariposa,2020-12-28,4,32,2,28,2,4,0,0,4,150,0,0,4,150,California
Mariposa,2020-12-29,33,65,1,29,32,36,0,0,33,183,0,0,33,183,California
Mariposa,2020-12-30,21,86,0,29,21,57,0,0,20,203,0,0,20,203,California
Mariposa,2020-12-31,22,108,0,29,22,79,0,0,22,225,0,0,22,225,California
Mariposa,2021-01-04,9,117,1,30,8,87,0,0,9,234,0,0,9,234,California
Mariposa,2021-01-05,24,141,14,44,10,97,0,0,12,236,10,10,12,246,California
Mariposa,2021-01-06,5,146,3,47,2,99,0,0,2,235,3,13,2,248,California
Mariposa,2021-01-07,49,195,47,94,2,101,0,0,2,190,47,60,2,250,California
Mariposa,2021-01-08,109,304,81,175,28,129,0,0,33,147,76,136,33,283,California
Mariposa,2021-01-09,1,305,0,175,1,130,0,0,1,148,0,136,1,284,California
Mariposa,2021-01-11,24,329,3,178,21,151,0,0,22,168,2,138,22,306,California
Mariposa,2021-01-12,21,350,3,181,18,169,0,0,18,183,3,141,18,324,California
Mariposa,2021-01-13,22,372,1,182,21,190,0,0,21,203,1,142,21,345,California
Mariposa,2021-01-14,94,466,1,183,93,283,0,0,94,297,0,142,94,439,California
Mariposa,2021-01-15,47,513,2,185,45,328,0,0,45,340,2,144,45,484,California
Mariposa,2021-01-16,19,532,2,187,17,345,0,0,18,357,1,145,18,502,California
Mariposa,2021-01-17,2,534,0,187,2,347,0,0,2,359,0,145,2,504,California
Mariposa,2021-01-18,2,536,2,189,0,347,0,0,1,359,1,146,1,505,California
Mariposa,2021-01-19,1,537,0,189,1,348,0,0,1,360,0,146,1,506,California
Mariposa,2021-01-20,26,563,0,189,26,374,0,0,26,386,0,146,26,532,California
Mariposa,2021-01-21,87,650,1,190,86,460,0,0,87,473,0,146,87,619,California
Mariposa,2021-01-22,77,727,1,191,76,536,0,0,77,550,0,146,77,696,California
Mariposa,2021-01-23,125,852,0,191,125,661,0,0,123,673,0,146,123,819,California
Mariposa,2021-01-25,3,855,1,192,2,663,0,0,0,670,3,149,0,819,California
Mariposa,2021-01-26,32,887,2,194,30,693,0,0,3,648,29,178,7,826,California
Mariposa,2021-01-27,34,921,1,195,33,726,0,0,26,666,8,186,26,852,California
Mariposa,2021-01-28,150,1071,2,197,148,874,0,0,136,789,13,199,136,988,California
Mariposa,2021-01-29,58,1129,0,197,58,932,0,0,58,847,0,199,58,1046,California
Mariposa,2021-01-30,3,1132,1,198,2,934,0,0,2,848,1,200,2,1048,California
Mariposa,2021-01-31,1,1133,0,198,1,935,0,0,1,849,0,200,1,1049,California
Mariposa,2021-02-01,55,1188,0,198,55,990,0,0,48,890,7,207,48,1097,California
Mariposa,2021-02-02,8,1196,0,198,8,998,0,0,2,886,6,213,2,1099,California
Mariposa,2021-02-03,26,1222,1,199,25,1023,0,0,22,904,4,217,22,1121,California
Mariposa,2021-02-04,115,1337,7,206,108,1131,0,0,108,1009,4,221,109,1230,California
Mariposa,2021-02-05,239,1576,4,210,235,1366,0,0,217,1204,22,243,217,1447,California
Mariposa,2021-02-06,2,1578,1,211,1,1367,0,0,1,1204,1,244,1,1448,California
Mariposa,2021-02-08,39,1617,1,212,38,1405,0,0,20,1205,19,263,20,1468,California
Mariposa,2021-02-09,11,1628,3,215,8,1413,0,0,6,1206,5,268,6,1474,California
Mariposa,2021-02-10,17,1645,1,216,16,1429,0,0,9,1213,8,276,15,1489,California
Mariposa,2021-02-11,378,2023,4,220,374,1803,0,0,367,1573,9,285,369,1858,California
Mariposa,2021-02-12,174,2197,1,221,173,1976,0,0,130,1659,44,329,130,1988,California
Mariposa,2021-02-13,5,2202,3,224,2,1978,0,0,4,1662,1,330,4,1992,California
Mariposa,2021-02-14,5,2207,2,226,3,1981,0,0,4,1665,1,331,4,1996,California
Mariposa,2021-02-15,8,2215,2,228,6,1987,0,0,7,1671,1,332,7,2003,California
Mariposa,2021-02-16,20,2235,2,230,18,2005,0,0,19,1689,1,333,19,2022,California
Mariposa,2021-02-17,19,2254,1,231,18,2023,0,0,15,1701,3,336,15,2037,California
Mariposa,2021-02-18,55,2309,2,233,53,2076,0,0,12,1670,43,379,12,2049,California
Mariposa,2021-02-19,75,2384,0,233,75,2151,0,0,74,1743,1,380,74,2123,California
Mariposa,2021-02-20,253,2637,4,237,249,2400,0,0,221,1933,31,411,221,2344,California
Mariposa,2021-02-21,230,2867,2,239,228,2628,0,0,229,2161,1,412,229,2573,California
Mariposa,2021-02-22,14,2881,2,241,12,2640,0,0,14,2175,0,412,14,2587,California
Mariposa,2021-02-23,5,2886,2,243,3,2643,0,0,4,2178,1,413,4,2591,California
Mariposa,2021-02-24,18,2904,1,244,17,2660,0,0,2,2164,16,429,2,2593,California
Mariposa,2021-02-25,5,2909,3,247,2,2662,0,0,2,2163,3,432,2,2595,California
Mariposa,2021-02-26,409,3318,2,249,407,3069,0,0,351,2457,58,490,352,2947,California
Mariposa,2021-02-27,153,3471,3,252,150,3219,0,0,150,2604,3,493,150,3097,California
Mariposa,2021-02-28,2,3473,1,253,1,3220,0,0,0,2602,2,495,0,3097,California
Mariposa,2021-03-01,54,3527,1,254,53,3273,0,0,6,2560,48,543,6,3103,California
Mariposa,2021-03-02,6,3533,5,259,1,3274,0,0,3,2560,3,546,3,3106,California
Mariposa,2021-03-03,65,3598,1,260,64,3338,0,0,63,2621,2,548,63,3169,California
Mariposa,2021-03-04,15,3613,5,265,10,3348,0,0,8,2622,7,555,8,3177,California
Mariposa,2021-03-05,40,3653,6,271,34,3382,0,0,33,2652,7,562,37,3214,California
Mariposa,2021-03-06,4,3657,2,273,2,3384,0,0,4,2656,0,562,4,3218,California
Mariposa,2021-03-08,36,3693,3,276,22,3406,11,11,7,2645,29,591,18,3236,California
Mariposa,2021-03-09,24,3717,2,278,12,3418,10,21,9,2649,15,606,19,3255,California
Mariposa,2021-03-10,15,3732,1,279,4,3422,10,31,3,2650,12,618,13,3268,California
Mariposa,2021-03-11,455,4187,5,284,432,3854,18,49,219,2655,235,853,240,3508,California
Mariposa,2021-03-12,238,4425,3,287,206,4060,29,78,104,2654,134,987,133,3641,California
Mariposa,2021-03-13,26,4451,3,290,8,4068,15,93,7,2657,18,1005,21,3662,California
Mariposa,2021-03-14,17,4468,2,292,4,4072,11,104,3,2657,14,1019,14,3676,California
Mariposa,2021-03-15,75,4543,6,298,31,4103,38,142,31,2682,44,1063,69,3745,California
Mariposa,2021-03-16,44,4587,5,303,5,4108,34,176,7,2686,37,1100,41,3786,California
Mariposa,2021-03-17,52,4639,4,307,42,4150,6,182,44,2729,8,1108,51,3837,California
Mariposa,2021-03-18,45,4684,5,312,31,4181,9,191,33,2759,12,1120,42,3879,California
Mariposa,2021-03-19,331,5015,4,316,318,4499,9,200,297,3031,34,1154,306,4185,California
Mariposa,2021-03-20,418,5433,4,320,413,4912,1,201,46,2708,372,1526,49,4234,California
Mariposa,2021-03-21,8,5441,7,327,0,4912,1,202,5,2711,3,1529,6,4240,California
Mariposa,2021-03-22,33,5474,3,330,19,4931,11,213,21,2732,12,1541,33,4273,California
Mariposa,2021-03-23,21,5495,3,333,4,4935,14,227,3,2731,18,1559,17,4290,California
Mariposa,2021-03-24,49,5544,1,334,46,4981,2,229,47,2778,2,1561,49,4339,California
Mariposa,2021-03-25,58,5602,7,341,43,5024,8,237,46,2820,12,1573,54,4393,California
Mariposa,2021-03-26,471,6073,7,348,462,5486,2,239,243,2837,228,1801,245,4638,California
Mariposa,2021-03-27,213,6286,3,351,210,5696,0,239,85,2795,128,1929,86,4724,California
Mariposa,2021-03-28,4,6290,0,351,1,5697,3,242,0,2794,4,1933,3,4727,California
Mariposa,2021-03-29,12,6302,2,353,10,5707,0,242,7,2796,5,1938,7,4734,California
Mariposa,2021-03-30,19,6321,1,354,2,5709,16,258,1,2795,18,1956,17,4751,California
Mariposa,2021-03-31,71,6392,5,359,65,5774,1,259,61,2847,10,1966,62,4813,California
Mariposa,2021-04-01,6,6398,2,361,3,5777,1,260,2,2846,4,1970,3,4816,California
Mariposa,2021-04-02,32,6430,4,365,27,5804,1,261,9,2833,23,1993,10,4826,California
Mariposa,2021-04-03,5,6435,3,368,2,5806,0,261,3,2834,2,1995,3,4829,California
Mariposa,2021-04-04,2,6437,1,369,0,5806,1,262,0,2833,2,1997,1,4830,California
Mariposa,2021-04-05,12,6449,8,377,2,5808,2,264,5,2833,7,2004,7,4837,California
Mariposa,2021-04-06,25,6474,9,386,2,5810,14,278,2,2827,22,2026,16,4853,California
Mariposa,2021-04-07,24,6498,3,389,5,5815,16,294,0,2819,24,2050,16,4869,California
Mariposa,2021-04-08,31,6529,6,395,7,5822,18,312,7,2820,24,2074,25,4894,California
Mariposa,2021-04-09,25,6554,7,402,6,5828,12,324,6,2819,19,2093,18,4912,California
Mariposa,2021-04-10,9,6563,0,402,1,5829,8,332,0,2817,9,2102,7,4919,California
Mariposa,2021-04-11,6,6569,4,406,2,5831,0,332,1,2813,5,2107,1,4920,California
Mariposa,2021-04-12,29,6598,5,411,23,5854,1,333,4,2793,25,2132,5,4925,California
Mariposa,2021-04-13,5,6603,2,413,3,5857,0,333,2,2792,3,2135,2,4927,California
Mariposa,2021-04-14,5,6608,1,414,4,5861,0,333,2,2791,3,2138,2,4929,California
Mariposa,2021-04-15,6,6614,2,416,4,5865,0,333,3,2791,3,2141,3,4932,California
Mendocino,2020-12-17,70,70,70,70,0,0,0,0,70,70,0,0,70,70,California
Mendocino,2020-12-18,85,155,84,154,1,1,0,0,84,154,0,0,84,154,California
Mendocino,2020-12-19,4,159,4,158,0,1,0,0,4,158,0,0,4,158,California
Mendocino,2020-12-20,7,166,7,165,0,1,0,0,7,165,0,0,7,165,California
Mendocino,2020-12-21,245,411,245,410,0,1,0,0,77,242,0,0,77,242,California
Mendocino,2020-12-22,250,661,189,599,61,62,0,0,250,492,0,0,250,492,California
Mendocino,2020-12-23,270,931,47,646,223,285,0,0,269,761,0,0,269,761,California
Mendocino,2020-12-24,49,980,8,654,41,326,0,0,49,810,0,0,49,810,California
Mendocino,2020-12-25,1,981,0,654,1,327,0,0,1,811,0,0,1,811,California
Mendocino,2020-12-26,2,983,2,656,0,327,0,0,2,813,0,0,2,813,California
Mendocino,2020-12-27,1,984,0,656,1,328,0,0,1,814,0,0,1,814,California
Mendocino,2020-12-28,74,1058,9,665,65,393,0,0,74,888,0,0,74,888,California
Mendocino,2020-12-29,121,1179,61,726,60,453,0,0,121,1009,0,0,121,1009,California
Mendocino,2020-12-30,123,1302,68,794,55,508,0,0,123,1132,0,0,123,1132,California
Mendocino,2020-12-31,130,1432,95,889,35,543,0,0,130,1262,0,0,130,1262,California
Mendocino,2021-01-01,4,1436,2,891,2,545,0,0,4,1266,0,0,4,1266,California
Mendocino,2021-01-02,1,1437,1,892,0,545,0,0,1,1267,0,0,1,1267,California
Mendocino,2021-01-04,840,2277,19,911,821,1366,0,0,840,2107,0,0,840,2107,California
Mendocino,2021-01-05,71,2348,35,946,36,1402,0,0,58,2152,13,13,58,2165,California
Mendocino,2021-01-06,151,2499,129,1075,22,1424,0,0,141,2283,10,23,141,2306,California
Mendocino,2021-01-07,355,2854,235,1310,120,1544,0,0,292,2512,63,86,292,2598,California
Mendocino,2021-01-08,95,2949,82,1392,13,1557,0,0,41,2500,54,140,42,2640,California
Mendocino,2021-01-09,10,2959,6,1398,4,1561,0,0,8,2506,2,142,8,2648,California
Mendocino,2021-01-10,8,2967,8,1406,0,1561,0,0,1,2500,7,149,1,2649,California
Mendocino,2021-01-11,101,3068,92,1498,9,1570,0,0,43,2486,57,206,43,2692,California
Mendocino,2021-01-12,386,3454,376,1874,10,1580,0,0,270,2640,116,322,270,2962,California
Mendocino,2021-01-13,481,3935,144,2018,337,1917,0,0,441,3044,38,360,442,3404,California
Mendocino,2021-01-14,636,4571,20,2038,616,2533,0,0,627,3662,9,369,627,4031,California
Mendocino,2021-01-15,1857,6428,859,2897,998,3531,0,0,1853,5511,4,373,1853,5884,California
Mendocino,2021-01-16,791,7219,50,2947,741,4272,0,0,789,6298,2,375,789,6673,California
Mendocino,2021-01-17,554,7773,1,2948,553,4825,0,0,553,6850,1,376,553,7226,California
Mendocino,2021-01-18,488,8261,463,3411,25,4850,0,0,476,7314,12,388,476,7702,California
Mendocino,2021-01-19,332,8593,147,3558,185,5035,0,0,156,7294,176,564,156,7858,California
Mendocino,2021-01-20,552,9145,405,3963,147,5182,0,0,446,7637,104,668,447,8305,California
Mendocino,2021-01-21,535,9680,222,4185,313,5495,0,0,351,7805,183,851,351,8656,California
Mendocino,2021-01-22,149,9829,58,4243,91,5586,0,0,110,7876,39,890,110,8766,California
Mendocino,2021-01-23,155,9984,83,4326,72,5658,0,0,149,8019,6,896,149,8915,California
Mendocino,2021-01-24,5,9989,3,4329,2,5660,0,0,5,8024,0,896,5,8920,California
Mendocino,2021-01-25,191,10180,18,4347,173,5833,0,0,121,8075,70,966,121,9041,California
Mendocino,2021-01-26,155,10335,57,4404,98,5931,0,0,95,8110,60,1026,95,9136,California
Mendocino,2021-01-27,431,10766,361,4765,70,6001,0,0,173,8032,251,1277,173,9309,California
Mendocino,2021-01-28,585,11351,521,5286,64,6065,0,0,492,8431,93,1370,492,9801,California
Mendocino,2021-01-29,389,11740,348,5634,41,6106,0,0,360,8763,29,1399,361,10162,California
Mendocino,2021-01-30,48,11788,30,5664,18,6124,0,0,41,8797,7,1406,41,10203,California
Mendocino,2021-01-31,273,12061,2,5666,271,6395,0,0,3,8530,270,1676,3,10206,California
Mendocino,2021-02-01,379,12440,51,5717,328,6723,0,0,57,8265,322,1998,57,10263,California
Mendocino,2021-02-02,720,13160,501,6218,219,6942,0,0,362,8269,358,2356,362,10625,California
Mendocino,2021-02-03,389,13549,205,6423,184,7126,0,0,220,8322,167,2523,220,10845,California
Mendocino,2021-02-04,625,14174,529,6952,96,7222,0,0,501,8699,124,2647,501,11346,California
Mendocino,2021-02-05,1299,15473,1212,8164,87,7309,0,0,584,8569,714,3361,584,11930,California
Mendocino,2021-02-06,558,16031,157,8321,401,7710,0,0,543,9097,15,3376,543,12473,California
Mendocino,2021-02-07,31,16062,27,8348,4,7714,0,0,31,9128,0,3376,31,12504,California
Mendocino,2021-02-08,745,16807,714,9062,31,7745,0,0,284,8951,461,3837,284,12788,California
Mendocino,2021-02-09,141,16948,58,9120,83,7828,0,0,89,8988,52,3889,89,12877,California
Mendocino,2021-02-10,1481,18429,921,10041,560,8388,0,0,743,8999,732,4621,743,13620,California
Mendocino,2021-02-11,1133,19562,209,10250,924,9312,0,0,285,8436,848,5469,285,13905,California
Mendocino,2021-02-12,1401,20963,158,10408,1243,10555,0,0,636,8308,764,6233,636,14541,California
Mendocino,2021-02-13,495,21458,12,10420,483,11038,0,0,102,8023,392,6625,107,14648,California
Mendocino,2021-02-14,694,22152,3,10423,691,11729,0,0,134,7597,560,7185,134,14782,California
Mendocino,2021-02-15,328,22480,43,10466,285,12014,0,0,173,7615,155,7340,173,14955,California
Mendocino,2021-02-16,201,22681,51,10517,150,12164,0,0,131,7676,70,7410,131,15086,California
Mendocino,2021-02-17,1349,24030,1187,11704,162,12326,0,0,877,8083,470,7880,877,15963,California
Mendocino,2021-02-18,1780,25810,639,12343,1141,13467,0,0,1215,8733,565,8445,1215,17178,California
Mendocino,2021-02-19,748,26558,146,12489,602,14069,0,0,609,9203,139,8584,609,17787,California
Mendocino,2021-02-20,571,27129,545,13034,26,14095,0,0,541,9716,28,8612,541,18328,California
Mendocino,2021-02-21,326,27455,5,13039,321,14416,0,0,314,10019,11,8623,314,18642,California
Mendocino,2021-02-22,162,27617,30,13069,132,14548,0,0,70,9998,91,8714,70,18712,California
Mendocino,2021-02-23,669,28286,657,13726,12,14560,0,0,610,10550,58,8772,610,19322,California
Mendocino,2021-02-24,1837,30123,1758,15484,79,14639,0,0,1429,11576,405,9177,1431,20753,California
Mendocino,2021-02-25,1701,31824,531,16015,1170,15809,0,0,1284,12444,416,9593,1284,22037,California
Mendocino,2021-02-26,1398,33222,746,16761,652,16461,0,0,1036,13120,360,9953,1036,23073,California
Mendocino,2021-02-27,198,33420,150,16911,48,16509,0,0,77,13077,120,10073,77,23150,California
Mendocino,2021-02-28,33,33453,11,16922,22,16531,0,0,23,13090,10,10083,23,23173,California
Mendocino,2021-03-01,575,34028,532,17454,43,16574,0,0,538,13591,37,10120,538,23711,California
Mendocino,2021-03-02,70,34098,24,17478,46,16620,0,0,41,13604,28,10148,41,23752,California
Mendocino,2021-03-03,1695,35793,1324,18802,371,16991,0,0,1065,14040,629,10777,1065,24817,California
Mendocino,2021-03-04,1767,37560,146,18948,1621,18612,0,0,1550,15376,215,10992,1551,26368,California
Mendocino,2021-03-05,205,37765,144,19092,52,18664,9,9,116,15414,87,11079,125,26493,California
Mendocino,2021-03-06,241,38006,20,19112,196,18860,25,34,201,15601,39,11118,226,26719,California
Mendocino,2021-03-07,503,38509,6,19118,477,19337,20,54,116,15350,386,11504,135,26854,California
Mendocino,2021-03-08,124,38633,29,19147,59,19396,36,90,64,15392,58,11562,100,26954,California
Mendocino,2021-03-09,441,39074,224,19371,176,19572,41,131,346,15684,95,11657,387,27341,California
Mendocino,2021-03-10,1108,40182,978,20349,64,19636,66,197,267,15181,839,12496,336,27677,California
Mendocino,2021-03-11,821,41003,611,20960,157,19793,53,250,396,15207,423,12919,449,28126,California
Mendocino,2021-03-12,2012,43015,1029,21989,889,20682,94,344,1210,15715,796,13715,1304,29430,California
Mendocino,2021-03-13,652,43667,524,22513,71,20753,57,401,97,15318,551,14266,154,29584,California
Mendocino,2021-03-14,103,43770,2,22515,94,20847,7,408,11,15247,89,14355,18,29602,California
Mendocino,2021-03-15,597,44367,52,22567,488,21335,57,465,209,15126,387,14742,266,29868,California
Mendocino,2021-03-16,570,44937,373,22940,152,21487,45,510,139,14881,429,15171,184,30052,California
Mendocino,2021-03-17,1561,46498,1358,24298,56,21543,147,657,214,13904,1345,16516,368,30420,California
Mendocino,2021-03-18,1303,47801,247,24545,1018,22561,38,695,282,13210,1013,17529,319,30739,California
Mendocino,2021-03-19,1756,49557,858,25403,837,23398,61,756,336,12193,1416,18945,399,31138,California
Mendocino,2021-03-20,70,49627,11,25414,38,23436,21,777,14,12172,56,19001,35,31173,California
Mendocino,2021-03-21,9,49636,1,25415,3,23439,5,782,4,12176,5,19006,9,31182,California
Mendocino,2021-03-22,623,50259,579,25994,15,23454,29,811,146,11877,473,19479,174,31356,California
Mendocino,2021-03-23,167,50426,34,26028,103,23557,30,841,117,11974,50,19529,147,31503,California
Mendocino,2021-03-24,901,51327,828,26856,26,23583,47,888,115,11352,784,20313,162,31665,California
Mendocino,2021-03-25,1973,53300,51,26907,1903,25486,19,907,165,9730,1805,22118,183,31848,California
Mendocino,2021-03-26,507,53807,360,27267,123,25609,24,931,329,9905,178,22296,353,32201,California
Mendocino,2021-03-27,141,53948,12,27279,118,25727,11,942,82,9939,58,22354,92,32293,California
Mendocino,2021-03-28,26,53974,5,27284,17,25744,4,946,4,9925,22,22376,8,32301,California
Mendocino,2021-03-29,187,54161,98,27382,47,25791,42,988,96,9972,91,22467,138,32439,California
Mendocino,2021-03-30,683,54844,598,27980,48,25839,37,1025,420,10167,262,22729,457,32896,California
Mendocino,2021-03-31,862,55706,270,28250,533,26372,59,1084,413,10192,447,23176,472,33368,California
Mendocino,2021-04-01,1683,57389,394,28644,1211,27583,78,1162,378,9349,1298,24474,455,33823,California
Mendocino,2021-04-02,1284,58673,1056,29700,155,27738,73,1235,224,8589,1057,25531,297,34120,California
Mendocino,2021-04-03,704,59377,7,29707,676,28414,21,1256,88,8086,612,26143,109,34229,California
Mendocino,2021-04-04,68,59445,33,29740,29,28443,6,1262,53,8130,15,26158,59,34288,California
Mendocino,2021-04-05,198,59643,133,29873,41,28484,24,1286,123,8200,75,26233,145,34433,California
Mendocino,2021-04-06,380,60023,121,29994,178,28662,81,1367,106,8113,274,26507,187,34620,California
Mendocino,2021-04-07,468,60491,166,30160,62,28724,240,1607,113,8111,354,26861,352,34972,California
Mendocino,2021-04-08,1474,61965,907,31067,460,29184,107,1714,993,8737,475,27336,1101,36073,California
Mendocino,2021-04-09,748,62713,425,31492,169,29353,154,1868,394,8932,353,27689,548,36621,California
Mendocino,2021-04-10,141,62854,90,31582,6,29359,45,1913,86,9008,55,27744,131,36752,California
Mendocino,2021-04-11,121,62975,47,31629,18,29377,56,1969,58,9059,63,27807,114,36866,California
Mendocino,2021-04-12,445,63420,349,31978,43,29420,53,2022,281,9229,164,27971,334,37200,California
Mendocino,2021-04-13,95,63515,37,32015,58,29478,0,2022,35,9204,60,28031,35,37235,California
Mendocino,2021-04-14,96,63611,20,32035,76,29554,0,2022,54,9216,42,28073,54,37289,California
Mendocino,2021-04-15,218,63829,17,32052,201,29755,0,2022,68,9136,148,28221,68,37357,California
Merced,2020-12-16,3,3,3,3,0,0,0,0,3,3,0,0,3,3,California
Merced,2020-12-17,5,8,5,8,0,0,0,0,5,8,0,0,5,8,California
Merced,2020-12-18,145,153,145,153,0,0,0,0,145,153,0,0,145,153,California
Merced,2020-12-19,39,192,39,192,0,0,0,0,39,192,0,0,39,192,California
Merced,2020-12-20,17,209,17,209,0,0,0,0,17,209,0,0,17,209,California
Merced,2020-12-21,129,338,126,335,3,3,0,0,129,338,0,0,129,338,California
Merced,2020-12-22,162,500,162,497,0,3,0,0,162,500,0,0,162,500,California
Merced,2020-12-23,305,805,290,787,15,18,0,0,305,805,0,0,305,805,California
Merced,2020-12-24,71,876,71,858,0,18,0,0,71,876,0,0,71,876,California
Merced,2020-12-25,5,881,5,863,0,18,0,0,5,881,0,0,5,881,California
Merced,2020-12-26,7,888,4,867,3,21,0,0,7,888,0,0,7,888,California
Merced,2020-12-27,12,900,11,878,1,22,0,0,12,900,0,0,12,900,California
Merced,2020-12-28,124,1024,100,978,24,46,0,0,124,1024,0,0,124,1024,California
Merced,2020-12-29,189,1213,135,1113,54,100,0,0,189,1213,0,0,189,1213,California
Merced,2020-12-30,239,1452,93,1206,146,246,0,0,238,1451,0,0,238,1451,California
Merced,2020-12-31,126,1578,39,1245,87,333,0,0,123,1574,0,0,123,1574,California
Merced,2021-01-01,1,1579,0,1245,1,334,0,0,1,1575,0,0,1,1575,California
Merced,2021-01-02,127,1706,116,1361,11,345,0,0,128,1703,0,0,128,1703,California
Merced,2021-01-03,9,1715,5,1366,4,349,0,0,9,1712,0,0,9,1712,California
Merced,2021-01-04,84,1799,41,1407,43,392,0,0,84,1796,0,0,84,1796,California
Merced,2021-01-05,319,2118,230,1637,89,481,0,0,320,2112,6,6,322,2118,California
Merced,2021-01-06,271,2389,97,1734,174,655,0,0,266,2372,6,12,266,2384,California
Merced,2021-01-07,190,2579,79,1813,111,766,0,0,191,2552,11,23,191,2575,California
Merced,2021-01-08,534,3113,392,2205,142,908,0,0,389,2790,151,174,389,2964,California
Merced,2021-01-09,23,3136,10,2215,13,921,0,0,17,2801,6,180,17,2981,California
Merced,2021-01-10,10,3146,6,2221,4,925,0,0,6,2803,4,184,6,2987,California
Merced,2021-01-11,246,3392,170,2391,76,1001,0,0,119,2797,126,310,120,3107,California
Merced,2021-01-12,311,3703,161,2552,150,1151,0,0,258,2999,56,366,258,3365,California
Merced,2021-01-13,450,4153,232,2784,218,1369,0,0,237,3031,207,573,239,3604,California
Merced,2021-01-14,353,4506,213,2997,140,1509,0,0,182,3045,170,743,184,3788,California
Merced,2021-01-15,684,5190,148,3145,536,2045,0,0,661,3669,39,782,663,4451,California
Merced,2021-01-16,242,5432,151,3296,91,2136,0,0,237,3901,5,787,237,4688,California
Merced,2021-01-17,48,5480,11,3307,37,2173,0,0,47,3947,1,788,47,4735,California
Merced,2021-01-18,329,5809,155,3462,174,2347,0,0,307,4235,22,810,310,5045,California
Merced,2021-01-19,731,6540,582,4044,149,2496,0,0,549,4606,182,992,553,5598,California
Merced,2021-01-20,593,7133,484,4528,109,2605,0,0,529,5073,64,1056,531,6129,California
Merced,2021-01-21,1058,8191,686,5214,372,2977,0,0,956,5929,103,1159,959,7088,California
Merced,2021-01-22,1391,9582,709,5923,682,3659,0,0,1367,7282,26,1185,1379,8467,California
Merced,2021-01-23,306,9888,184,6107,122,3781,0,0,203,7380,105,1290,203,8670,California
Merced,2021-01-24,32,9920,15,6122,17,3798,0,0,23,7395,8,1298,23,8693,California
Merced,2021-01-25,779,10699,269,6391,510,4308,0,0,702,8038,59,1357,702,9395,California
Merced,2021-01-26,944,11643,480,6871,464,4772,0,0,688,8518,209,1566,689,10084,California
Merced,2021-01-27,1030,12673,583,7454,447,5219,0,0,841,9197,162,1728,841,10925,California
Merced,2021-01-28,1203,13876,587,8041,616,5835,0,0,1044,10107,135,1863,1045,11970,California
Merced,2021-01-29,907,14783,339,8380,568,6403,0,0,650,10515,244,2107,652,12622,California
Merced,2021-01-30,286,15069,27,8407,259,6662,0,0,270,10769,16,2123,270,12892,California
Merced,2021-01-31,46,15115,10,8417,36,6698,0,0,45,10813,1,2124,45,12937,California
Merced,2021-02-01,375,15490,52,8469,323,7021,0,0,323,11085,51,2175,323,13260,California
Merced,2021-02-02,292,15782,180,8649,112,7133,0,0,173,11142,117,2292,174,13434,California
Merced,2021-02-03,393,16175,69,8718,324,7457,0,0,198,11145,195,2487,198,13632,California
Merced,2021-02-04,429,16604,158,8876,271,7728,0,0,273,11266,153,2640,274,13906,California
Merced,2021-02-05,624,17228,215,9091,409,8137,0,0,323,11303,288,2928,325,14231,California
Merced,2021-02-06,443,17671,248,9339,195,8332,0,0,270,11403,171,3099,271,14502,California
Merced,2021-02-07,20,17691,12,9351,8,8340,0,0,13,11409,7,3106,13,14515,California
Merced,2021-02-08,320,18011,218,9569,102,8442,0,0,180,11453,137,3243,181,14696,California
Merced,2021-02-09,1279,19290,963,10532,316,8758,0,0,806,11804,456,3699,807,15503,California
Merced,2021-02-10,1920,21210,1433,11965,487,9245,0,0,1335,12561,578,4277,1335,16838,California
Merced,2021-02-11,2607,23817,2039,14004,568,9813,0,0,1856,13672,745,5022,1856,18694,California
Merced,2021-02-12,1890,25707,1061,15065,829,10642,0,0,837,13469,1041,6063,838,19532,California
Merced,2021-02-13,363,26070,202,15267,161,10803,0,0,267,13642,96,6159,269,19801,California
Merced,2021-02-14,117,26187,27,15294,90,10893,0,0,95,13716,22,6181,96,19897,California
Merced,2021-02-15,272,26459,40,15334,232,11125,0,0,169,13788,98,6279,170,20067,California
Merced,2021-02-16,1292,27751,865,16199,427,11552,0,0,865,14249,407,6686,868,20935,California
Merced,2021-02-17,1944,29695,1675,17874,269,11821,0,0,1367,15053,565,7251,1369,22304,California
Merced,2021-02-18,1315,31010,854,18728,461,12282,0,0,457,14679,831,8082,457,22761,California
Merced,2021-02-19,1323,32333,438,19166,885,13167,0,0,573,14510,744,8826,575,23336,California
Merced,2021-02-20,274,32607,31,19197,243,13410,0,0,141,14519,132,8958,141,23477,California
Merced,2021-02-21,74,32681,59,19256,15,13425,0,0,30,14505,44,9002,30,23507,California
Merced,2021-02-22,922,33603,373,19629,549,13974,0,0,576,14736,345,9347,576,24083,California
Merced,2021-02-23,1181,34784,487,20116,694,14668,0,0,734,15027,443,9790,734,24817,California
Merced,2021-02-24,850,35634,301,20417,549,15217,0,0,465,15116,376,10166,465,25282,California
Merced,2021-02-25,1952,37586,986,21403,966,16183,0,0,1475,16130,462,10628,1476,26758,California
Merced,2021-02-26,2353,39939,1506,22909,847,17030,0,0,1926,17628,429,11057,1927,28685,California
Merced,2021-02-27,2880,42819,1291,24200,1588,18618,1,1,2569,19891,307,11364,2570,31255,California
Merced,2021-02-28,331,43150,70,24270,261,18879,0,1,286,20133,44,11408,286,31541,California
Merced,2021-03-01,1187,44337,276,24546,911,19790,0,1,857,20664,326,11734,857,32398,California
Merced,2021-03-02,1806,46143,916,25462,890,20680,0,1,1403,21680,387,12121,1403,33801,California
Merced,2021-03-03,2371,48514,1828,27290,542,21222,1,2,1575,22495,762,12883,1577,35378,California
Merced,2021-03-04,3106,51620,2437,29727,667,21889,2,4,2217,23743,971,13854,2219,37597,California
Merced,2021-03-05,2484,54104,1537,31264,924,22813,23,27,1869,25051,585,14439,1893,39490,California
Merced,2021-03-06,1285,55389,748,32012,515,23328,22,49,1009,25804,278,14717,1031,40521,California
Merced,2021-03-07,280,55669,61,32073,194,23522,25,74,251,26051,29,14746,276,40797,California
Merced,2021-03-08,1265,56934,624,32697,576,24098,65,139,1054,26958,211,14957,1118,41915,California
Merced,2021-03-09,1725,58659,1038,33735,574,24672,113,252,1157,27664,565,15522,1271,43186,California
Merced,2021-03-10,2913,61572,2019,35754,680,25352,214,466,1830,28632,1081,16603,2049,45235,California
Merced,2021-03-11,1994,63566,696,36450,1091,26443,207,673,1380,29686,556,17159,1610,46845,California
Merced,2021-03-12,2503,66069,1141,37591,1092,27535,270,943,1738,30942,763,17922,2019,48864,California
Merced,2021-03-13,776,66845,369,37960,165,27700,242,1185,467,31351,301,18223,710,49574,California
Merced,2021-03-14,248,67093,135,38095,83,27783,30,1215,150,31435,97,18320,181,49755,California
Merced,2021-03-15,1573,68666,522,38617,786,28569,265,1480,1045,32223,521,18841,1309,51064,California
Merced,2021-03-16,1605,70271,833,39450,549,29118,223,1703,1049,33012,483,19324,1272,52336,California
Merced,2021-03-17,2260,72531,1307,40757,772,29890,181,1884,1732,34472,456,19780,1916,54252,California
Merced,2021-03-18,2120,74651,1205,41962,756,30646,159,2043,1482,35475,649,20429,1652,55904,California
Merced,2021-03-19,3143,77794,1868,43830,1081,31727,194,2237,1724,36001,1396,21825,1922,57826,California
Merced,2021-03-20,2642,80436,1725,45555,535,32262,382,2619,1174,36098,1462,23287,1559,59385,California
Merced,2021-03-21,674,81110,342,45897,319,32581,13,2632,555,36550,119,23406,571,59956,California
Merced,2021-03-22,1307,82417,663,46560,560,33141,84,2716,918,37171,382,23788,1003,60959,California
Merced,2021-03-23,1935,84352,1174,47734,697,33838,64,2780,1476,38249,463,24251,1541,62500,California
Merced,2021-03-24,1409,85761,839,48573,526,34364,44,2824,1015,38952,356,24607,1059,63559,California
Merced,2021-03-25,3604,89365,2513,51086,1069,35433,22,2846,2130,39640,1467,26074,2155,65714,California
Merced,2021-03-26,2174,91539,1283,52369,858,36291,33,2879,943,39394,1222,27296,976,66690,California
Merced,2021-03-27,2948,94487,1528,53897,1352,37643,68,2947,1112,38746,1828,29124,1180,67870,California
Merced,2021-03-28,575,95062,208,54105,360,38003,7,2954,253,38686,322,29446,262,68132,California
Merced,2021-03-29,1654,96716,457,54562,950,38953,247,3201,663,38614,986,30432,914,69046,California
Merced,2021-03-30,2292,99008,857,55419,1377,40330,58,3259,1045,38475,1242,31674,1103,70149,California
Merced,2021-03-31,2403,101411,1659,57078,711,41041,33,3292,1047,38214,1342,33016,1081,71230,California
Merced,2021-04-01,2250,103661,1085,58163,1060,42101,105,3397,816,37709,1428,34444,923,72153,California
Merced,2021-04-02,2711,106372,750,58913,1535,43636,426,3823,962,37368,1732,36176,1391,73544,California
Merced,2021-04-03,896,107268,402,59315,484,44120,10,3833,456,37395,440,36616,467,74011,California
Merced,2021-04-04,458,107726,141,59456,314,44434,3,3836,195,37333,262,36878,200,74211,California
Merced,2021-04-05,1310,109036,535,59991,488,44922,287,4123,421,37153,888,37766,708,74919,California
Merced,2021-04-06,2475,111511,709,60700,738,45660,1028,5151,770,37248,1704,39470,1799,76718,California
Merced,2021-04-07,1758,113269,932,61632,699,46359,127,5278,607,36840,1144,40614,736,77454,California
Merced,2021-04-08,2049,115318,899,62531,925,47284,225,5503,789,36620,1233,41847,1013,78467,California
Merced,2021-04-09,1971,117289,590,63121,667,47951,714,6217,588,36558,1367,43214,1305,79772,California
Merced,2021-04-10,797,118086,453,63574,134,48085,210,6427,171,36316,623,43837,381,80153,California
Merced,2021-04-11,485,118571,277,63851,72,48157,136,6563,147,36263,336,44173,283,80436,California
Merced,2021-04-12,1188,119759,697,64548,366,48523,125,6688,714,36661,442,44615,840,81276,California
Merced,2021-04-13,1682,121441,1194,65742,485,49008,3,6691,912,36884,695,45310,918,82194,California
Merced,2021-04-14,1460,122901,991,66733,469,49477,0,6691,776,37095,567,45877,778,82972,California
Merced,2021-04-15,1671,124572,1382,68115,289,49766,0,6691,406,36250,1254,47131,409,83381,California
Modoc,2020-12-16,1,1,1,1,0,0,0,0,1,1,0,0,1,1,California
Modoc,2020-12-21,100,101,100,101,0,0,0,0,100,101,0,0,100,101,California
Modoc,2020-12-22,14,115,14,115,0,0,0,0,14,115,0,0,14,115,California
Modoc,2020-12-23,4,119,4,119,0,0,0,0,4,119,0,0,4,119,California
Modoc,2020-12-24,1,120,1,120,0,0,0,0,1,120,0,0,1,120,California
Modoc,2020-12-28,2,122,2,122,0,0,0,0,2,122,0,0,2,122,California
Modoc,2020-12-29,10,132,1,123,9,9,0,0,10,132,0,0,10,132,California
Modoc,2020-12-30,7,139,0,123,7,16,0,0,7,139,0,0,7,139,California
Modoc,2021-01-02,2,141,0,123,2,18,0,0,2,141,0,0,2,141,California
Modoc,2021-01-04,8,149,0,123,8,26,0,0,8,149,0,0,8,149,California
Modoc,2021-01-05,2,151,1,124,1,27,0,0,2,151,0,0,2,151,California
Modoc,2021-01-06,3,154,2,126,1,28,0,0,2,152,1,1,2,153,California
Modoc,2021-01-07,72,226,0,126,72,100,0,0,72,224,0,1,72,225,California
Modoc,2021-01-08,105,331,0,126,105,205,0,0,105,329,0,1,105,330,California
Modoc,2021-01-10,1,332,1,127,0,205,0,0,0,328,1,2,0,330,California
Modoc,2021-01-11,91,423,82,209,9,214,0,0,19,275,72,74,19,349,California
Modoc,2021-01-12,94,517,25,234,69,283,0,0,68,317,26,100,68,417,California
Modoc,2021-01-13,24,541,4,238,20,303,0,0,22,337,2,102,22,439,California
Modoc,2021-01-14,129,670,6,244,123,426,0,0,124,456,5,107,124,563,California
Modoc,2021-01-15,6,676,1,245,5,431,0,0,6,462,0,107,6,569,California
Modoc,2021-01-16,1,677,1,246,0,431,0,0,1,463,0,107,1,570,California
Modoc,2021-01-18,1,678,1,247,0,431,0,0,1,464,0,107,1,571,California
Modoc,2021-01-19,5,683,3,250,2,433,0,0,3,465,2,109,3,574,California
Modoc,2021-01-20,11,694,1,251,10,443,0,0,11,476,0,109,11,585,California
Modoc,2021-01-21,158,852,2,253,156,599,0,0,158,634,0,109,158,743,California
Modoc,2021-01-22,2,854,0,253,2,601,0,0,2,636,0,109,2,745,California
Modoc,2021-01-25,11,865,0,253,11,612,0,0,11,647,0,109,11,756,California
Modoc,2021-01-26,65,930,1,254,64,676,0,0,65,712,0,109,65,821,California
Modoc,2021-01-27,41,971,2,256,39,715,0,0,25,721,16,125,25,846,California
Modoc,2021-01-28,144,1115,1,257,143,858,0,0,144,865,0,125,144,990,California
Modoc,2021-01-29,3,1118,1,258,2,860,0,0,3,868,0,125,3,993,California
Modoc,2021-02-01,25,1143,12,270,13,873,0,0,11,865,14,139,11,1004,California
Modoc,2021-02-02,170,1313,2,272,168,1041,0,0,167,1029,3,142,167,1171,California
Modoc,2021-02-03,18,1331,13,285,5,1046,0,0,11,1033,7,149,11,1182,California
Modoc,2021-02-04,155,1486,4,289,151,1197,0,0,27,932,128,277,27,1209,California
Modoc,2021-02-05,4,1490,3,292,1,1198,0,0,3,934,1,278,3,1212,California
Modoc,2021-02-08,9,1499,2,294,7,1205,0,0,8,941,1,279,8,1220,California
Modoc,2021-02-09,198,1697,13,307,185,1390,0,0,67,877,131,410,67,1287,California
Modoc,2021-02-10,5,1702,2,309,3,1393,0,0,4,880,1,411,4,1291,California
Modoc,2021-02-11,201,1903,3,312,198,1591,0,0,83,845,118,529,83,1374,California
Modoc,2021-02-12,5,1908,1,313,4,1595,0,0,3,846,2,531,3,1377,California
Modoc,2021-02-13,1,1909,0,313,1,1596,0,0,1,847,0,531,1,1378,California
Modoc,2021-02-16,147,2056,6,319,141,1737,0,0,143,986,4,535,143,1521,California
Modoc,2021-02-17,24,2080,1,320,23,1760,0,0,12,986,12,547,12,1533,California
Modoc,2021-02-18,189,2269,2,322,187,1947,0,0,25,849,163,710,26,1559,California
Modoc,2021-02-19,2,2271,2,324,0,1947,0,0,2,851,0,710,2,1561,California
Modoc,2021-02-20,1,2272,1,325,0,1947,0,0,1,852,0,710,1,1562,California
Modoc,2021-02-22,17,2289,9,334,8,1955,0,0,3,841,14,724,3,1565,California
Modoc,2021-02-23,20,2309,2,336,18,1973,0,0,1,823,19,743,1,1566,California
Modoc,2021-02-24,90,2399,1,337,89,2062,0,0,30,793,60,803,30,1596,California
Modoc,2021-02-25,168,2567,0,337,168,2230,0,0,12,649,156,959,12,1608,California
Modoc,2021-02-26,3,2570,0,337,3,2233,0,0,1,648,2,961,1,1609,California
Modoc,2021-02-27,5,2575,5,342,0,2233,0,0,2,647,3,964,2,1611,California
Modoc,2021-03-01,4,2579,0,342,4,2237,0,0,0,643,4,968,0,1611,California
Modoc,2021-03-02,193,2772,12,354,181,2418,0,0,26,502,167,1135,26,1637,California
Modoc,2021-03-03,12,2784,6,360,6,2424,0,0,2,494,10,1145,2,1639,California
Modoc,2021-03-04,175,2959,2,362,173,2597,0,0,148,615,27,1172,148,1787,California
Modoc,2021-03-05,4,2963,3,365,1,2598,0,0,2,615,2,1174,2,1789,California
Modoc,2021-03-06,10,2973,0,365,0,2598,10,10,0,615,10,1184,10,1799,California
Modoc,2021-03-07,6,2979,1,366,0,2598,5,15,1,616,5,1189,6,1805,California
Modoc,2021-03-08,7,2986,1,367,2,2600,4,19,1,615,6,1195,5,1810,California
Modoc,2021-03-09,127,3113,10,377,109,2709,8,27,61,618,66,1261,69,1879,California
Modoc,2021-03-10,9,3122,3,380,2,2711,4,31,4,621,5,1266,8,1887,California
Modoc,2021-03-11,207,3329,0,380,99,2810,108,139,22,566,185,1451,130,2017,California
Modoc,2021-03-12,10,3339,1,381,4,2814,5,144,4,569,6,1457,9,2026,California
Modoc,2021-03-13,4,3343,0,381,1,2815,3,147,1,570,3,1460,4,2030,California
Modoc,2021-03-15,12,3355,1,382,10,2825,1,148,10,579,2,1462,11,2041,California
Modoc,2021-03-16,173,3528,1,383,168,2993,4,152,42,493,131,1593,45,2086,California
Modoc,2021-03-17,10,3538,1,384,4,2997,5,157,2,492,8,1601,7,2093,California
Modoc,2021-03-18,67,3605,1,385,59,3056,7,164,35,502,32,1633,42,2135,California
Modoc,2021-03-19,5,3610,0,385,0,3056,5,169,0,502,5,1638,5,2140,California
Modoc,2021-03-20,6,3616,2,387,1,3057,3,172,1,501,5,1643,4,2144,California
Modoc,2021-03-21,4,3620,1,388,1,3058,2,174,2,503,2,1645,4,2148,California
Modoc,2021-03-22,18,3638,1,389,11,3069,6,180,12,515,6,1651,18,2166,California
Modoc,2021-03-23,33,3671,5,394,25,3094,3,183,25,535,8,1659,28,2194,California
Modoc,2021-03-24,29,3700,1,395,18,3112,10,193,2,520,27,1686,12,2206,California
Modoc,2021-03-25,64,3764,1,396,61,3173,2,195,32,522,32,1718,34,2240,California
Modoc,2021-03-26,7,3771,2,398,2,3175,3,198,2,522,5,1723,5,2245,California
Modoc,2021-03-27,2,3773,0,398,1,3176,1,199,1,523,1,1724,2,2247,California
Modoc,2021-03-28,2,3775,1,399,0,3176,1,200,0,522,2,1726,1,2248,California
Modoc,2021-03-29,14,3789,1,400,5,3181,8,208,5,526,9,1735,13,2261,California
Modoc,2021-03-30,57,3846,11,411,39,3220,7,215,23,522,34,1769,30,2291,California
Modoc,2021-03-31,9,3855,3,414,2,3222,4,219,3,523,6,1775,7,2298,California
Modoc,2021-04-01,170,4025,3,417,162,3384,5,224,35,428,135,1910,40,2338,California
Modoc,2021-04-02,4,4029,0,417,1,3385,3,227,0,428,3,1913,3,2341,California
Modoc,2021-04-03,4,4033,2,419,0,3385,2,229,2,430,2,1915,4,2345,California
Modoc,2021-04-05,9,4042,0,419,9,3394,0,229,9,439,0,1915,9,2354,California
Modoc,2021-04-06,24,4066,5,424,9,3403,10,239,6,437,18,1933,16,2370,California
Modoc,2021-04-07,10,4076,1,425,3,3406,6,245,2,437,8,1941,8,2378,California
Modoc,2021-04-08,97,4173,1,426,93,3499,3,248,26,395,71,2012,29,2407,California
Modoc,2021-04-09,10,4183,1,427,6,3505,3,251,2,391,8,2020,4,2411,California
Modoc,2021-04-10,6,4189,0,427,1,3506,5,256,0,390,6,2026,5,2416,California
Modoc,2021-04-11,2,4191,2,429,0,3506,0,256,1,390,1,2027,1,2417,California
Modoc,2021-04-12,14,4205,1,430,9,3515,4,260,1,384,11,2038,5,2422,California
Modoc,2021-04-13,28,4233,27,457,1,3516,0,260,21,398,7,2045,21,2443,California
Modoc,2021-04-14,1,4234,1,458,0,3516,0,260,0,397,1,2046,0,2443,California
Modoc,2021-04-15,98,4332,0,458,98,3614,0,260,25,349,73,2119,25,2468,California
Mono,2020-12-18,1,1,1,1,0,0,0,0,1,1,0,0,1,1,California
Mono,2020-12-19,5,6,5,6,0,0,0,0,5,6,0,0,5,6,California
Mono,2020-12-20,7,13,7,13,0,0,0,0,7,13,0,0,7,13,California
Mono,2020-12-21,24,37,17,30,7,7,0,0,24,37,0,0,24,37,California
Mono,2020-12-22,66,103,65,95,1,8,0,0,66,103,0,0,66,103,California
Mono,2020-12-23,70,173,42,137,28,36,0,0,70,173,0,0,70,173,California
Mono,2020-12-24,3,176,1,138,2,38,0,0,3,176,0,0,3,176,California
Mono,2020-12-26,3,179,3,141,0,38,0,0,3,179,0,0,3,179,California
Mono,2020-12-28,94,273,63,204,31,69,0,0,94,273,0,0,94,273,California
Mono,2020-12-29,29,302,29,233,0,69,0,0,29,302,0,0,29,302,California
Mono,2020-12-30,76,378,35,268,41,110,0,0,76,378,0,0,76,378,California
Mono,2020-12-31,4,382,1,269,3,113,0,0,4,382,0,0,4,382,California
Mono,2021-01-01,4,386,4,273,0,113,0,0,4,386,0,0,4,386,California
Mono,2021-01-02,1,387,1,274,0,113,0,0,1,387,0,0,1,387,California
Mono,2021-01-04,1,388,0,274,1,114,0,0,1,388,0,0,1,388,California
Mono,2021-01-05,45,433,2,276,43,157,0,0,44,431,1,1,44,432,California
Mono,2021-01-06,44,477,0,276,44,201,0,0,44,475,0,1,44,476,California
Mono,2021-01-07,55,532,3,279,52,253,0,0,54,528,1,2,54,530,California
Mono,2021-01-08,2,534,1,280,1,254,0,0,1,528,1,3,1,531,California
Mono,2021-01-09,4,538,4,284,0,254,0,0,0,524,4,7,0,531,California
Mono,2021-01-10,5,543,5,289,0,254,0,0,0,519,5,12,0,531,California
Mono,2021-01-11,7,550,4,293,3,257,0,0,3,518,4,16,3,534,California
Mono,2021-01-12,283,833,75,368,208,465,0,0,219,674,63,79,219,753,California
Mono,2021-01-13,233,1066,73,441,160,625,0,0,178,797,55,134,178,931,California
Mono,2021-01-14,73,1139,71,512,2,627,0,0,73,870,0,134,73,1004,California
Mono,2021-01-15,62,1201,2,514,60,687,0,0,62,932,0,134,62,1066,California
Mono,2021-01-16,4,1205,3,517,1,688,0,0,1,930,3,137,1,1067,California
Mono,2021-01-18,63,1268,54,571,9,697,0,0,2,871,61,198,2,1069,California
Mono,2021-01-19,209,1477,207,778,2,699,0,0,171,1005,38,236,172,1241,California
Mono,2021-01-20,230,1707,199,977,31,730,0,0,169,1113,61,297,169,1410,California
Mono,2021-01-21,3,1710,3,980,0,730,0,0,3,1116,0,297,3,1413,California
Mono,2021-01-22,4,1714,0,980,4,734,0,0,4,1120,0,297,4,1417,California
Mono,2021-01-23,596,2310,596,1576,0,734,0,0,595,1714,1,298,595,2012,California
Mono,2021-01-25,205,2515,167,1743,38,772,0,0,166,1841,39,337,166,2178,California
Mono,2021-01-26,509,3024,507,2250,2,774,0,0,504,2340,5,342,504,2682,California
Mono,2021-01-27,5,3029,1,2251,4,778,0,0,5,2345,0,342,5,2687,California
Mono,2021-01-28,7,3036,3,2254,4,782,0,0,3,2344,4,346,3,2690,California
Mono,2021-01-30,201,3237,199,2453,2,784,0,0,201,2545,0,346,201,2891,California
Mono,2021-01-31,243,3480,138,2591,105,889,0,0,139,2580,104,450,139,3030,California
Mono,2021-02-01,27,3507,27,2618,0,889,0,0,0,2553,27,477,0,3030,California
Mono,2021-02-02,5,3512,0,2618,5,894,0,0,2,2552,3,480,2,3032,California
Mono,2021-02-03,4,3516,2,2620,2,896,0,0,2,2552,2,482,2,3034,California
Mono,2021-02-04,211,3727,158,2778,53,949,0,0,90,2521,121,603,90,3124,California
Mono,2021-02-05,623,4350,617,3395,6,955,0,0,620,3138,3,606,620,3744,California
Mono,2021-02-06,140,4490,139,3534,1,956,0,0,138,3274,2,608,138,3882,California
Mono,2021-02-07,2,4492,0,3534,2,958,0,0,2,3276,0,608,2,3884,California
Mono,2021-02-08,172,4664,172,3706,0,958,0,0,15,3135,156,764,15,3899,California
Mono,2021-02-09,226,4890,5,3711,221,1179,0,0,14,2937,212,976,14,3913,California
Mono,2021-02-10,536,5426,186,3897,350,1529,0,0,194,2790,342,1318,195,4108,California
Mono,2021-02-11,7,5433,4,3901,3,1532,0,0,2,2787,5,1323,2,4110,California
Mono,2021-02-12,84,5517,20,3921,64,1596,0,0,26,2755,58,1381,26,4136,California
Mono,2021-02-13,587,6104,587,4508,0,1596,0,0,25,2219,561,1942,25,4161,California
Mono,2021-02-15,168,6272,166,4674,2,1598,0,0,3,2059,163,2105,3,4164,California
Mono,2021-02-16,518,6790,515,5189,3,1601,0,0,44,1631,472,2577,44,4208,California
Mono,2021-02-17,5,6795,1,5190,4,1605,0,0,1,1628,4,2581,1,4209,California
Mono,2021-02-18,2,6797,2,5192,0,1605,0,0,1,1628,1,2582,1,4210,California
Mono,2021-02-19,54,6851,53,5245,1,1606,0,0,54,1682,0,2582,54,4264,California
Mono,2021-02-20,4,6855,4,5249,0,1606,0,0,4,1686,0,2582,4,4268,California
Mono,2021-02-21,3,6858,3,5252,0,1606,0,0,3,1689,0,2582,3,4271,California
Mono,2021-02-22,285,7143,284,5536,1,1607,0,0,24,1453,260,2842,24,4295,California
Mono,2021-02-23,135,7278,115,5651,20,1627,0,0,22,1362,113,2955,22,4317,California
Mono,2021-02-24,8,7286,3,5654,5,1632,0,0,2,1358,6,2961,2,4319,California
Mono,2021-02-25,5,7291,2,5656,3,1635,0,0,3,1360,1,2962,3,4322,California
Mono,2021-02-26,602,7893,601,6257,1,1636,0,0,19,797,582,3544,19,4341,California
Mono,2021-02-27,142,8035,138,6395,4,1640,0,0,4,666,135,3679,4,4345,California
Mono,2021-03-01,2,8037,2,6397,0,1640,0,0,1,667,0,3679,1,4346,California
Mono,2021-03-02,5,8042,3,6400,2,1642,0,0,3,668,2,3681,3,4349,California
Mono,2021-03-03,81,8123,2,6402,79,1721,0,0,78,744,2,3683,78,4427,California
Mono,2021-03-04,4,8127,0,6402,4,1725,0,0,2,744,2,3685,2,4429,California
Mono,2021-03-05,37,8164,27,6429,10,1735,0,0,14,735,23,3708,14,4443,California
Mono,2021-03-06,510,8674,16,6445,494,2229,0,0,504,1234,5,3713,504,4947,California
Mono,2021-03-07,1,8675,0,6445,1,2230,0,0,0,1233,1,3714,0,4947,California
Mono,2021-03-08,542,9217,11,6456,528,2758,3,3,533,1760,9,3723,536,5483,California
Mono,2021-03-09,6,9223,2,6458,3,2761,1,4,3,1762,2,3725,4,5487,California
Mono,2021-03-10,286,9509,91,6549,192,2953,3,7,10,1501,274,3999,13,5500,California
Mono,2021-03-11,10,9519,0,6549,1,2954,9,16,0,1500,10,4009,9,5509,California
Mono,2021-03-12,7,9526,1,6550,1,2955,5,21,0,1498,7,4016,5,5514,California
Mono,2021-03-13,826,10352,389,6939,437,3392,0,21,818,2308,8,4024,818,6332,California
Mono,2021-03-14,4,10356,4,6943,0,3392,0,21,1,2306,3,4027,1,6333,California
Mono,2021-03-15,29,10385,23,6966,1,3393,5,26,13,2308,16,4043,18,6351,California
Mono,2021-03-16,16,10401,6,6972,4,3397,6,32,8,2314,8,4051,14,6365,California
Mono,2021-03-17,32,10433,3,6975,21,3418,8,40,21,2332,11,4062,29,6394,California
Mono,2021-03-18,19,10452,2,6977,9,3427,8,48,8,2337,11,4073,16,6410,California
Mono,2021-03-19,22,10474,1,6978,18,3445,3,51,18,2355,3,4076,21,6431,California
Mono,2021-03-20,4,10478,3,6981,0,3445,1,52,3,2358,1,4077,4,6435,California
Mono,2021-03-21,1,10479,1,6982,0,3445,0,52,1,2359,0,4077,1,6436,California
Mono,2021-03-22,11,10490,0,6982,6,3451,5,57,5,2363,6,4083,10,6446,California
Mono,2021-03-23,42,10532,5,6987,32,3483,5,62,19,2364,23,4106,24,6470,California
Mono,2021-03-24,12,10544,1,6988,6,3489,5,67,6,2369,6,4112,11,6481,California
Mono,2021-03-25,18,10562,2,6990,12,3501,4,71,12,2379,6,4118,16,6497,California
Mono,2021-03-26,21,10583,3,6993,13,3514,5,76,12,2388,8,4126,17,6514,California
Mono,2021-03-27,353,10936,350,7343,3,3517,0,76,328,2691,25,4151,328,6842,California
Mono,2021-03-28,1,10937,1,7344,0,3517,0,76,1,2692,0,4151,1,6843,California
Mono,2021-03-29,9,10946,2,7346,6,3523,1,77,8,2700,1,4152,9,6852,California
Mono,2021-03-30,15,10961,0,7346,11,3534,4,81,10,2709,5,4157,14,6866,California
Mono,2021-03-31,123,11084,7,7353,115,3649,1,82,46,2680,76,4233,47,6913,California
Mono,2021-04-01,8,11092,0,7353,7,3656,1,83,3,2679,5,4238,4,6917,California
Mono,2021-04-02,17,11109,2,7355,15,3671,0,83,6,2674,11,4249,6,6923,California
Mono,2021-04-03,849,11958,366,7721,483,4154,0,83,35,1896,813,5062,35,6958,California
Mono,2021-04-05,532,12490,17,7738,514,4668,1,84,32,1430,499,5561,33,6991,California
Mono,2021-04-06,20,12510,2,7740,5,4673,13,97,2,1427,18,5579,15,7006,California
Mono,2021-04-07,22,12532,2,7742,2,4675,18,115,3,1429,19,5598,21,7027,California
Mono,2021-04-08,21,12553,2,7744,2,4677,17,132,3,1431,18,5616,20,7047,California
Mono,2021-04-09,33,12586,1,7745,3,4680,29,161,3,1433,30,5646,32,7079,California
Mono,2021-04-10,446,13032,2,7747,437,5117,7,168,28,1050,418,6064,35,7114,California
Mono,2021-04-11,1,13033,1,7748,0,5117,0,168,0,1049,1,6065,0,7114,California
Mono,2021-04-12,6,13039,0,7748,3,5120,3,171,3,1052,3,6068,6,7120,California
Mono,2021-04-13,18,13057,3,7751,14,5134,1,172,12,1059,6,6074,13,7133,California
Mono,2021-04-14,24,13081,0,7751,24,5158,0,172,6,1047,18,6092,6,7139,California
Mono,2021-04-15,8,13089,1,7752,7,5165,0,172,6,1051,2,6094,6,7145,California
Monterey,2020-12-16,4,4,4,4,0,0,0,0,4,4,0,0,4,4,California
Monterey,2020-12-17,83,87,83,87,0,0,0,0,83,87,0,0,83,87,California
Monterey,2020-12-18,481,568,481,568,0,0,0,0,481,568,0,0,481,568,California
Monterey,2020-12-19,579,1147,579,1147,0,0,0,0,579,1147,0,0,579,1147,California
Monterey,2020-12-20,422,1569,422,1569,0,0,0,0,422,1569,0,0,422,1569,California
Monterey,2020-12-21,720,2289,720,2289,0,0,0,0,720,2289,0,0,720,2289,California
Monterey,2020-12-22,533,2822,520,2809,13,13,0,0,533,2822,0,0,533,2822,California
Monterey,2020-12-23,435,3257,259,3068,176,189,0,0,435,3257,0,0,435,3257,California
Monterey,2020-12-24,84,3341,10,3078,74,263,0,0,84,3341,0,0,84,3341,California
Monterey,2020-12-25,6,3347,0,3078,6,269,0,0,6,3347,0,0,6,3347,California
Monterey,2020-12-26,92,3439,5,3083,87,356,0,0,92,3439,0,0,92,3439,California
Monterey,2020-12-27,7,3446,4,3087,3,359,0,0,7,3446,0,0,7,3446,California
Monterey,2020-12-28,477,3923,25,3112,452,811,0,0,477,3923,0,0,477,3923,California
Monterey,2020-12-29,899,4822,167,3279,732,1543,0,0,899,4822,0,0,899,4822,California
Monterey,2020-12-30,568,5390,98,3377,470,2013,0,0,568,5390,0,0,568,5390,California
Monterey,2020-12-31,35,5425,11,3388,24,2037,0,0,35,5425,0,0,35,5425,California
Monterey,2021-01-01,11,5436,2,3390,9,2046,0,0,11,5436,0,0,11,5436,California
Monterey,2021-01-02,137,5573,134,3524,3,2049,0,0,137,5573,0,0,137,5573,California
Monterey,2021-01-03,30,5603,29,3553,1,2050,0,0,30,5603,0,0,30,5603,California
Monterey,2021-01-04,410,6013,18,3571,392,2442,0,0,410,6013,0,0,410,6013,California
Monterey,2021-01-05,750,6763,326,3897,424,2866,0,0,736,6735,14,14,736,6749,California
Monterey,2021-01-06,655,7418,172,4069,483,3349,0,0,633,7346,22,36,633,7382,California
Monterey,2021-01-07,743,8161,570,4639,173,3522,0,0,419,7443,322,358,419,7801,California
Monterey,2021-01-08,1085,9246,733,5372,352,3874,0,0,393,7144,692,1050,393,8194,California
Monterey,2021-01-09,963,10209,935,6307,28,3902,0,0,313,6807,650,1700,313,8507,California
Monterey,2021-01-10,273,10482,270,6577,3,3905,0,0,8,6550,265,1965,8,8515,California
Monterey,2021-01-11,1065,11547,984,7561,81,3986,0,0,362,6209,703,2668,362,8877,California
Monterey,2021-01-12,464,12011,387,7948,77,4063,0,0,203,6151,261,2929,203,9080,California
Monterey,2021-01-13,1217,13228,590,8538,627,4690,0,0,1173,7280,44,2973,1173,10253,California
Monterey,2021-01-14,1047,14275,93,8631,954,5644,0,0,1029,8294,18,2991,1032,11285,California
Monterey,2021-01-15,1042,15317,43,8674,999,6643,0,0,1029,9310,13,3004,1029,12314,California
Monterey,2021-01-16,361,15678,298,8972,63,6706,0,0,356,9661,5,3009,356,12670,California
Monterey,2021-01-17,309,15987,288,9260,21,6727,0,0,296,9944,13,3022,296,12966,California
Monterey,2021-01-18,401,16388,50,9310,351,7078,0,0,380,10303,21,3043,380,13346,California
Monterey,2021-01-19,575,16963,394,9704,181,7259,0,0,416,10562,157,3200,416,13762,California
Monterey,2021-01-20,530,17493,268,9972,262,7521,0,0,324,10680,206,3406,324,14086,California
Monterey,2021-01-21,839,18332,93,10065,746,8267,0,0,729,11303,110,3516,733,14819,California
Monterey,2021-01-22,1045,19377,191,10256,854,9121,0,0,1006,12270,39,3555,1006,15825,California
Monterey,2021-01-23,240,19617,174,10430,66,9187,0,0,117,12266,122,3677,118,15943,California
Monterey,2021-01-24,56,19673,38,10468,18,9205,0,0,22,12254,34,3711,22,15965,California
Monterey,2021-01-25,783,20456,173,10641,610,9815,0,0,156,11790,620,4331,156,16121,California
Monterey,2021-01-26,923,21379,221,10862,702,10517,0,0,233,11333,690,5021,233,16354,California
Monterey,2021-01-27,858,22237,307,11169,551,11068,0,0,376,11227,482,5503,376,16730,California
Monterey,2021-01-28,2007,24244,736,11905,1271,12339,0,0,1666,12554,341,5844,1668,18398,California
Monterey,2021-01-29,1224,25468,704,12609,520,12859,0,0,1109,13550,114,5958,1110,19508,California
Monterey,2021-01-30,432,25900,285,12894,147,13006,0,0,181,13480,251,6209,181,19689,California
Monterey,2021-01-31,493,26393,71,12965,422,13428,0,0,484,13956,9,6218,485,20174,California
Monterey,2021-02-01,1658,28051,1146,14111,512,13940,0,0,1096,14491,561,6779,1096,21270,California
Monterey,2021-02-02,2144,30195,454,14565,1690,15630,0,0,1538,15423,606,7385,1538,22808,California
Monterey,2021-02-03,2326,32521,1045,15610,1281,16911,0,0,1551,16203,771,8156,1551,24359,California
Monterey,2021-02-04,2699,35220,2020,17630,679,17590,0,0,2438,18382,259,8415,2438,26797,California
Monterey,2021-02-05,3637,38857,2818,20448,819,18409,0,0,3206,21162,426,8841,3206,30003,California
Monterey,2021-02-06,1096,39953,379,20827,717,19126,0,0,755,21578,339,9180,755,30758,California
Monterey,2021-02-07,314,40267,270,21097,44,19170,0,0,95,21454,219,9399,95,30853,California
Monterey,2021-02-08,515,40782,289,21386,226,19396,0,0,429,21797,86,9485,429,31282,California
Monterey,2021-02-09,855,41637,672,22058,183,19579,0,0,545,22034,310,9795,547,31829,California
Monterey,2021-02-10,2012,43649,1043,23101,969,20548,0,0,1162,22346,850,10645,1162,32991,California
Monterey,2021-02-11,2490,46139,964,24065,1526,22074,0,0,1538,22936,950,11595,1540,34531,California
Monterey,2021-02-12,2581,48720,426,24491,2155,24229,0,0,1520,23396,1060,12655,1520,36051,California
Monterey,2021-02-13,1068,49788,50,24541,1018,25247,0,0,977,24282,91,12746,977,37028,California
Monterey,2021-02-14,590,50378,73,24614,517,25764,0,0,517,24726,73,12819,517,37545,California
Monterey,2021-02-15,1367,51745,161,24775,1206,26970,0,0,993,25348,372,13191,994,38539,California
Monterey,2021-02-16,1086,52831,243,25018,843,27813,0,0,865,25992,221,13412,865,39404,California
Monterey,2021-02-17,1934,54765,1161,26179,773,28586,0,0,1636,27335,296,13708,1639,41043,California
Monterey,2021-02-18,2222,56987,1175,27354,1047,29633,0,0,907,26939,1305,15013,909,41952,California
Monterey,2021-02-19,2929,59916,1529,28883,1400,31033,0,0,1342,26694,1587,16600,1342,43294,California
Monterey,2021-02-20,1002,60918,603,29486,399,31432,0,0,950,27593,51,16651,950,44244,California
Monterey,2021-02-21,1238,62156,1210,30696,28,31460,0,0,1169,28694,68,16719,1169,45413,California
Monterey,2021-02-22,973,63129,842,31538,131,31591,0,0,641,29004,331,17050,641,46054,California
Monterey,2021-02-23,948,64077,616,32154,332,31923,0,0,299,28656,648,17698,300,46354,California
Monterey,2021-02-24,2455,66532,1311,33465,1144,33067,0,0,1846,29898,605,18303,1847,48201,California
Monterey,2021-02-25,4322,70854,2376,35841,1946,35013,0,0,1432,28448,2883,21186,1433,49634,California
Monterey,2021-02-26,5245,76099,3080,38921,2165,37178,0,0,2623,28454,2618,23804,2624,52258,California
Monterey,2021-02-27,993,77092,181,39102,812,37990,0,0,805,29075,184,23988,805,53063,California
Monterey,2021-02-28,1525,78617,81,39183,1444,39434,0,0,1066,29686,455,24443,1066,54129,California
Monterey,2021-03-01,1274,79891,137,39320,1134,40568,3,3,742,29901,530,24973,745,54874,California
Monterey,2021-03-02,2713,82604,1712,41032,1001,41569,0,3,1869,30930,840,25813,1869,56743,California
Monterey,2021-03-03,3185,85789,1236,42268,1949,43518,0,3,1296,30340,1887,27700,1297,58040,California
Monterey,2021-03-04,4540,90329,1465,43733,3075,46593,0,3,2977,31758,1559,29259,2977,61017,California
Monterey,2021-03-05,3251,93580,1419,45152,1556,48149,276,279,2624,34032,626,29885,2900,63917,California
Monterey,2021-03-06,4991,98571,1065,46217,3624,51773,302,581,4090,37523,899,30784,4390,68307,California
Monterey,2021-03-07,521,99092,108,46325,167,51940,246,827,232,37711,289,31073,477,68784,California
Monterey,2021-03-08,1619,100711,325,46650,937,52877,357,1184,1113,38673,506,31579,1468,70252,California
Monterey,2021-03-09,1896,102607,673,47323,947,53824,276,1460,1410,39872,485,32064,1684,71936,California
Monterey,2021-03-10,2906,105513,869,48192,1553,55377,484,1944,1356,40168,1544,33608,1840,73776,California
Monterey,2021-03-11,4094,109607,1401,49593,2321,57698,372,2316,2334,41121,1753,35361,2706,76482,California
Monterey,2021-03-12,4238,113845,2014,51607,2111,59809,113,2429,2596,42189,1640,37001,2708,79190,California
Monterey,2021-03-13,5099,118944,960,52567,3793,63602,346,2775,3805,45046,1294,38295,4151,83341,California
Monterey,2021-03-14,2147,121091,1326,53893,797,64399,24,2799,579,44092,1557,39852,603,83944,California
Monterey,2021-03-15,3934,125025,1261,55154,2383,66782,290,3089,2251,44953,1679,41531,2540,86484,California
Monterey,2021-03-16,3457,128482,567,55721,2518,69300,372,3461,2058,45984,1398,42929,2429,88913,California
Monterey,2021-03-17,5650,134132,2306,58027,3095,72395,249,3710,4076,48749,1566,44495,4331,93244,California
Monterey,2021-03-18,4317,138449,2151,60178,1999,74394,167,3877,2995,50634,1317,45812,3202,96446,California
Monterey,2021-03-19,5339,143788,2537,62715,2660,77054,142,4019,4076,53594,1258,47070,4218,100664,California
Monterey,2021-03-20,3209,146997,420,63135,2095,79149,694,4713,2131,55347,1072,48142,2825,103489,California
Monterey,2021-03-21,619,147616,199,63334,412,79561,8,4721,554,55844,64,48206,561,104050,California
Monterey,2021-03-22,2440,150056,1426,64760,953,80514,61,4782,2246,57959,191,48397,2306,106356,California
Monterey,2021-03-23,3958,154014,2343,67103,1573,82087,42,4824,2506,59060,1447,49844,2548,108904,California
Monterey,2021-03-24,4939,158953,2069,69172,2561,84648,309,5133,3612,61657,1324,51168,3921,112825,California
Monterey,2021-03-25,5138,164091,1206,70378,3576,88224,356,5489,2586,62056,2544,53712,2943,115768,California
Monterey,2021-03-26,5275,169366,2592,72970,2617,90841,66,5555,2838,62534,2428,56140,2906,118674,California
Monterey,2021-03-27,4700,174066,1410,74380,3034,93875,256,5811,2993,64080,1703,57843,3249,121923,California
Monterey,2021-03-28,1111,175177,337,74717,766,94641,8,5819,631,64243,476,58319,639,122562,California
Monterey,2021-03-29,3162,178339,1402,76119,1746,96387,14,5833,1950,65004,1206,59525,1967,124529,California
Monterey,2021-03-30,4428,182767,2128,78247,2260,98647,40,5873,2745,66122,1672,61197,2790,127319,California
Monterey,2021-03-31,5272,188039,2372,80619,2109,100756,791,6664,3319,68285,1949,63146,4112,131431,California
Monterey,2021-04-01,6018,194057,2069,82688,3547,104303,402,7066,3027,68736,2978,66124,3429,134860,California
Monterey,2021-04-02,4666,198723,2253,84941,2355,106658,58,7124,3296,70725,1367,67491,3356,138216,California
Monterey,2021-04-03,5299,204022,1114,86055,3505,110163,680,7804,1200,68517,4085,71576,1877,140093,California
Monterey,2021-04-04,760,204782,164,86219,583,110746,13,7817,492,68756,268,71844,507,140600,California
Monterey,2021-04-05,4016,208798,2514,88733,1276,112022,226,8043,1542,68055,2469,74313,1768,142368,California
Monterey,2021-04-06,3042,211840,1305,90038,1299,113321,438,8481,1120,67695,1917,76230,1557,143925,California
Monterey,2021-04-07,5434,217274,1401,91439,3548,116869,485,8966,2690,68137,2733,78963,3175,147100,California
Monterey,2021-04-08,6308,223582,3449,94888,2101,118970,758,9724,3163,68919,3139,82102,3921,151021,California
Monterey,2021-04-09,5474,229056,3335,98223,1513,120483,626,10350,2227,68528,3242,85344,2851,153872,California
Monterey,2021-04-10,9478,238534,4926,103149,2448,122931,2104,12454,4924,71008,4547,89891,7027,160899,California
Monterey,2021-04-11,5429,243963,4266,107415,566,123497,597,13051,4393,74967,1030,90921,4989,165888,California
Monterey,2021-04-12,3928,247891,1832,109247,1840,125337,256,13307,875,73175,2923,93844,1131,167019,California
Monterey,2021-04-13,2977,250868,646,109893,2327,127664,4,13311,1376,72974,1581,95425,1380,168399,California
Monterey,2021-04-14,5528,256396,2689,112582,2837,130501,2,13313,1235,69927,4284,99709,1237,169636,California
Monterey,2021-04-15,3522,259918,2677,115259,845,131346,0,13313,2725,71858,796,100505,2727,172363,California
Napa,2020-12-16,12,12,12,12,0,0,0,0,12,12,0,0,12,12,California
Napa,2020-12-17,44,56,44,56,0,0,0,0,44,56,0,0,44,56,California
Napa,2020-12-18,102,158,102,158,0,0,0,0,102,158,0,0,102,158,California
Napa,2020-12-19,221,379,221,379,0,0,0,0,221,379,0,0,221,379,California
Napa,2020-12-20,189,568,189,568,0,0,0,0,189,568,0,0,189,568,California
Napa,2020-12-21,309,877,309,877,0,0,0,0,310,878,0,0,310,878,California
Napa,2020-12-22,340,1217,331,1208,9,9,0,0,340,1218,0,0,340,1218,California
Napa,2020-12-23,428,1645,319,1527,109,118,0,0,428,1646,0,0,428,1646,California
Napa,2020-12-24,138,1783,77,1604,61,179,0,0,138,1784,0,0,138,1784,California
Napa,2020-12-25,1,1784,1,1605,0,179,0,0,1,1785,0,0,1,1785,California
Napa,2020-12-26,39,1823,11,1616,28,207,0,0,39,1824,0,0,39,1824,California
Napa,2020-12-27,32,1855,16,1632,16,223,0,0,32,1856,0,0,32,1856,California
Napa,2020-12-28,251,2106,185,1817,66,289,0,0,279,2135,0,0,279,2135,California
Napa,2020-12-29,273,2379,214,2031,59,348,0,0,307,2442,0,0,307,2442,California
Napa,2020-12-30,630,3009,486,2517,144,492,0,0,638,3080,0,0,638,3080,California
Napa,2020-12-31,461,3470,373,2890,88,580,0,0,461,3541,0,0,461,3541,California
Napa,2021-01-01,1,3471,1,2891,0,580,0,0,1,3542,0,0,1,3542,California
Napa,2021-01-02,98,3569,93,2984,5,585,0,0,98,3640,0,0,98,3640,California
Napa,2021-01-03,13,3582,11,2995,2,587,0,0,9,3649,0,0,9,3649,California
Napa,2021-01-04,107,3689,64,3059,43,630,0,0,107,3756,0,0,107,3756,California
Napa,2021-01-05,155,3844,85,3144,70,700,0,0,138,3870,24,24,138,3894,California
Napa,2021-01-06,455,4299,114,3258,341,1041,0,0,391,4199,62,86,391,4285,California
Napa,2021-01-07,496,4795,234,3492,262,1303,0,0,396,4496,99,185,396,4681,California
Napa,2021-01-08,441,5236,226,3718,215,1518,0,0,261,4578,179,364,261,4942,California
Napa,2021-01-09,325,5561,300,4018,25,1543,0,0,188,4629,137,501,188,5130,California
Napa,2021-01-10,184,5745,101,4119,83,1626,0,0,109,4663,75,576,109,5239,California
Napa,2021-01-11,880,6625,424,4543,456,2082,0,0,508,4799,373,949,509,5748,California
Napa,2021-01-12,1310,7935,370,4913,940,3022,0,0,995,5479,315,1264,995,6743,California
Napa,2021-01-13,1310,9245,264,5177,1046,4068,0,0,1148,6467,161,1425,1149,7892,California
Napa,2021-01-14,1050,10295,172,5349,878,4946,0,0,933,7285,115,1540,933,8825,California
Napa,2021-01-15,1451,11746,383,5732,1068,6014,0,0,1303,8433,156,1696,1304,10129,California
Napa,2021-01-16,355,12101,133,5865,222,6236,0,0,337,8752,18,1714,337,10466,California
Napa,2021-01-17,340,12441,175,6040,165,6401,0,0,330,9072,10,1724,330,10796,California
Napa,2021-01-18,1082,13523,197,6237,885,7286,0,0,991,9972,91,1815,991,11787,California
Napa,2021-01-19,1009,14532,406,6643,603,7889,0,0,766,10496,242,2057,766,12553,California
Napa,2021-01-20,825,15357,185,6828,640,8529,0,0,643,10959,180,2237,643,13196,California
Napa,2021-01-21,1332,16689,373,7201,959,9488,0,0,1077,11783,254,2491,1078,14274,California
Napa,2021-01-22,1539,18228,411,7612,1128,10616,0,0,1212,12670,326,2817,1213,15487,California
Napa,2021-01-23,398,18626,318,7930,80,10696,0,0,336,12944,62,2879,336,15823,California
Napa,2021-01-24,266,18892,189,8119,77,10773,0,0,208,13094,58,2937,208,16031,California
Napa,2021-01-25,1521,20413,231,8350,1290,12063,0,0,1431,14435,90,3027,1431,17462,California
Napa,2021-01-26,877,21290,282,8632,595,12658,0,0,783,15125,94,3121,784,18246,California
Napa,2021-01-27,624,21914,219,8851,405,13063,0,0,468,15438,156,3277,469,18715,California
Napa,2021-01-28,390,22304,178,9029,212,13275,0,0,198,15446,190,3467,198,18913,California
Napa,2021-01-29,253,22557,65,9094,188,13463,0,0,158,15509,95,3562,158,19071,California
Napa,2021-01-30,804,23361,695,9789,109,13572,0,0,640,15985,164,3726,640,19711,California
Napa,2021-01-31,655,24016,625,10414,30,13602,0,0,629,16588,26,3752,629,20340,California
Napa,2021-02-01,314,24330,110,10524,204,13806,0,0,161,16596,153,3905,161,20501,California
Napa,2021-02-02,589,24919,280,10804,309,14115,0,0,288,16585,299,4204,288,20789,California
Napa,2021-02-03,733,25652,309,11113,424,14539,0,0,424,16700,309,4513,424,21213,California
Napa,2021-02-04,788,26440,374,11487,414,14953,0,0,440,16794,346,4859,440,21653,California
Napa,2021-02-05,705,27145,314,11801,391,15344,0,0,338,16765,367,5226,338,21991,California
Napa,2021-02-06,432,27577,145,11946,287,15631,0,0,328,16989,104,5330,328,22319,California
Napa,2021-02-07,174,27751,161,12107,13,15644,0,0,71,16957,103,5433,71,22390,California
Napa,2021-02-08,833,28584,191,12298,642,16286,0,0,271,16669,559,5992,271,22661,California
Napa,2021-02-09,1072,29656,441,12739,631,16917,0,0,433,16463,639,6631,433,23094,California
Napa,2021-02-10,1715,31371,190,12929,1525,18442,0,0,447,15646,1265,7896,448,23542,California
Napa,2021-02-11,1495,32866,194,13123,1301,19743,0,0,410,14984,1073,8969,411,23953,California
Napa,2021-02-12,2154,35020,836,13959,1318,21061,0,0,720,14273,1431,10400,720,24673,California
Napa,2021-02-13,494,35514,52,14011,442,21503,0,0,312,14403,182,10582,312,24985,California
Napa,2021-02-14,356,35870,90,14101,266,21769,0,0,195,14437,161,10743,195,25180,California
Napa,2021-02-15,873,36743,183,14284,690,22459,0,0,221,14008,650,11393,221,25401,California
Napa,2021-02-16,1284,38027,597,14881,687,23146,0,0,611,13947,672,12065,611,26012,California
Napa,2021-02-17,1045,39072,529,15410,516,23662,0,0,479,13862,564,12629,479,26491,California
Napa,2021-02-18,1894,40966,484,15894,1410,25072,0,0,659,13289,1232,13861,659,27150,California
Napa,2021-02-19,1478,42444,585,16479,893,25965,0,0,676,13164,801,14662,676,27826,California
Napa,2021-02-20,819,43263,595,17074,224,26189,0,0,271,12887,548,15210,271,28097,California
Napa,2021-02-21,797,44060,735,17809,62,26251,0,0,195,12480,602,15812,195,28292,California
Napa,2021-02-22,440,44500,185,17994,255,26506,0,0,136,12312,304,16116,136,28428,California
Napa,2021-02-23,1126,45626,301,18295,825,27331,0,0,308,11802,818,16934,308,28736,California
Napa,2021-02-24,1157,46783,638,18933,519,27850,0,0,569,11786,586,17520,570,29306,California
Napa,2021-02-25,2534,49317,1210,20143,1324,29174,0,0,1822,12897,711,18231,1822,31128,California
Napa,2021-02-26,1496,50813,520,20663,976,30150,0,0,582,12567,912,19143,582,31710,California
Napa,2021-02-27,1096,51909,358,21021,738,30888,0,0,843,13159,251,19394,843,32553,California
Napa,2021-02-28,561,52470,460,21481,101,30989,0,0,461,13522,98,19492,461,33014,California
Napa,2021-03-01,1096,53566,814,22295,282,31271,0,0,829,14085,266,19758,829,33843,California
Napa,2021-03-02,1478,55044,1022,23317,456,31727,0,0,1145,14898,332,20090,1145,34988,California
Napa,2021-03-03,1536,56580,682,23999,854,32581,0,0,1359,16081,176,20266,1359,36347,California
Napa,2021-03-04,1698,58278,777,24776,921,33502,0,0,1460,17306,235,20501,1460,37807,California
Napa,2021-03-05,1887,60165,783,25559,1100,34602,4,4,1472,18369,413,20914,1476,39283,California
Napa,2021-03-06,633,60798,281,25840,321,34923,31,35,523,18815,108,21022,554,39837,California
Napa,2021-03-07,520,61318,319,26159,186,35109,15,50,369,19048,151,21173,384,40221,California
Napa,2021-03-08,693,62011,319,26478,321,35430,53,103,517,19444,174,21347,570,40791,California
Napa,2021-03-09,1627,63638,568,27046,1013,36443,46,149,1197,20260,427,21774,1243,42034,California
Napa,2021-03-10,1471,65109,914,27960,465,36908,92,241,772,20428,696,22470,864,42898,California
Napa,2021-03-11,1830,66939,1035,28995,667,37575,128,369,936,20600,892,23362,1064,43962,California
Napa,2021-03-12,1491,68430,906,29901,489,38064,96,465,792,20790,697,24059,887,44849,California
Napa,2021-03-13,1161,69591,300,30201,837,38901,24,489,827,21309,332,24391,851,45700,California
Napa,2021-03-14,612,70203,328,30529,136,39037,148,637,227,21300,384,24775,375,46075,California
Napa,2021-03-15,941,71144,402,30931,471,39508,68,705,476,21381,463,25238,544,46619,California
Napa,2021-03-16,1830,72974,386,31317,1318,40826,126,831,1371,22424,455,25693,1498,48117,California
Napa,2021-03-17,2468,75442,1841,33158,448,41274,179,1010,1569,23273,899,26592,1748,49865,California
Napa,2021-03-18,2101,77543,914,34072,1177,42451,10,1020,1291,23766,808,27400,1301,51166,California
Napa,2021-03-19,1426,78969,855,34927,544,42995,27,1047,709,23788,714,28114,736,51902,California
Napa,2021-03-20,990,79959,526,35453,311,43306,153,1200,418,23788,571,28685,571,52473,California
Napa,2021-03-21,703,80662,681,36134,20,43326,2,1202,353,23794,349,29034,355,52828,California
Napa,2021-03-22,1079,81741,901,37035,167,43493,11,1213,476,23682,599,29633,487,53315,California
Napa,2021-03-23,1501,83242,811,37846,673,44166,17,1230,997,24194,502,30135,1014,54329,California
Napa,2021-03-24,1692,84934,936,38782,748,44914,8,1238,816,24143,875,31010,824,55153,California
Napa,2021-03-25,1599,86533,1040,39822,505,45419,54,1292,744,24087,854,31864,798,55951,California
Napa,2021-03-26,1249,87782,809,40631,434,45853,6,1298,556,23959,690,32554,562,56513,California
Napa,2021-03-27,944,88726,433,41064,484,46337,27,1325,313,23668,631,33185,340,56853,California
Napa,2021-03-28,482,89208,372,41436,103,46440,7,1332,182,23558,299,33484,189,57042,California
Napa,2021-03-29,1162,90370,855,42291,302,46742,5,1337,713,23828,448,33932,718,57760,California
Napa,2021-03-30,2373,92743,929,43220,1440,48182,4,1341,1593,24645,780,34712,1597,59357,California
Napa,2021-03-31,1957,94700,955,44175,933,49115,69,1410,814,24385,1141,35853,881,60238,California
Napa,2021-04-01,1699,96399,812,44987,772,49887,115,1525,468,23742,1227,37080,584,60822,California
Napa,2021-04-02,1806,98205,812,45799,852,50739,142,1667,452,22986,1350,38430,594,61416,California
Napa,2021-04-03,624,98829,362,46161,203,50942,59,1726,211,22843,413,38843,270,61686,California
Napa,2021-04-04,347,99176,138,46299,151,51093,58,1784,118,22791,228,39071,176,61862,California
Napa,2021-04-05,1256,100432,753,47052,284,51377,219,2003,566,22887,689,39760,785,62647,California
Napa,2021-04-06,1606,102038,558,47610,793,52170,255,2258,520,22579,1083,40843,775,63422,California
Napa,2021-04-07,1702,103740,683,48293,798,52968,221,2479,520,22141,1179,42022,741,64163,California
Napa,2021-04-08,1758,105498,1048,49341,341,53309,369,2848,938,22629,818,42840,1306,65469,California
Napa,2021-04-09,1423,106921,884,50225,263,53572,276,3124,643,22769,778,43618,918,66387,California
Napa,2021-04-10,1027,107948,345,50570,583,54155,99,3223,237,22316,789,44407,336,66723,California
Napa,2021-04-11,384,108332,301,50871,62,54217,21,3244,158,22269,226,44633,179,66902,California
Napa,2021-04-12,761,109093,289,51160,352,54569,120,3364,287,22201,473,45106,405,67307,California
Napa,2021-04-13,1167,110260,749,51909,418,54987,0,3364,347,21731,817,45923,347,67654,California
Napa,2021-04-14,1251,111511,411,52320,840,55827,0,3364,748,21982,497,46420,748,68402,California
Napa,2021-04-15,797,112308,337,52657,460,56287,0,3364,436,22060,358,46778,436,68838,California
Nevada,2020-12-16,3,3,3,3,0,0,0,0,3,3,0,0,3,3,California
Nevada,2020-12-17,6,9,6,9,0,0,0,0,6,9,0,0,6,9,California
Nevada,2020-12-18,51,60,51,60,0,0,0,0,51,60,0,0,51,60,California
Nevada,2020-12-19,55,115,55,115,0,0,0,0,55,115,0,0,55,115,California
Nevada,2020-12-20,12,127,12,127,0,0,0,0,12,127,0,0,12,127,California
Nevada,2020-12-21,69,196,69,196,0,0,0,0,69,196,0,0,69,196,California
Nevada,2020-12-22,91,287,89,285,2,2,0,0,91,287,0,0,91,287,California
Nevada,2020-12-23,234,521,202,487,32,34,0,0,234,521,0,0,234,521,California
Nevada,2020-12-24,13,534,11,498,2,36,0,0,13,534,0,0,13,534,California
Nevada,2020-12-25,2,536,2,500,0,36,0,0,2,536,0,0,2,536,California
Nevada,2020-12-26,6,542,4,504,2,38,0,0,6,542,0,0,6,542,California
Nevada,2020-12-27,88,630,88,592,0,38,0,0,88,630,0,0,88,630,California
Nevada,2020-12-28,170,800,93,685,77,115,0,0,170,800,0,0,170,800,California
Nevada,2020-12-29,100,900,74,759,26,141,0,0,100,900,0,0,100,900,California
Nevada,2020-12-30,86,986,66,825,20,161,0,0,86,986,0,0,86,986,California
Nevada,2020-12-31,39,1025,9,834,30,191,0,0,39,1025,0,0,39,1025,California
Nevada,2021-01-01,1,1026,0,834,1,192,0,0,1,1026,0,0,1,1026,California
Nevada,2021-01-02,1,1027,1,835,0,192,0,0,1,1027,0,0,1,1027,California
Nevada,2021-01-03,129,1156,126,961,3,195,0,0,129,1156,0,0,129,1156,California
Nevada,2021-01-04,71,1227,47,1008,24,219,0,0,71,1227,0,0,71,1227,California
Nevada,2021-01-05,271,1498,130,1138,141,360,0,0,270,1496,1,1,270,1497,California
Nevada,2021-01-06,91,1589,43,1181,48,408,0,0,83,1571,8,9,83,1580,California
Nevada,2021-01-07,215,1804,43,1224,172,580,0,0,208,1774,6,15,209,1789,California
Nevada,2021-01-08,220,2024,126,1350,94,674,0,0,169,1892,51,66,169,1958,California
Nevada,2021-01-09,63,2087,56,1406,7,681,0,0,15,1859,48,114,15,1973,California
Nevada,2021-01-10,17,2104,9,1415,8,689,0,0,9,1860,8,122,9,1982,California
Nevada,2021-01-11,185,2289,131,1546,54,743,0,0,57,1789,128,250,57,2039,California
Nevada,2021-01-12,597,2886,451,1997,146,889,0,0,531,2254,66,316,531,2570,California
Nevada,2021-01-13,259,3145,146,2143,113,1002,0,0,124,2243,135,451,124,2694,California
Nevada,2021-01-14,232,3377,124,2267,108,1110,0,0,214,2440,17,468,214,2908,California
Nevada,2021-01-15,392,3769,168,2435,224,1334,0,0,294,2636,98,566,294,3202,California
Nevada,2021-01-16,296,4065,15,2450,281,1615,0,0,292,2924,4,570,292,3494,California
Nevada,2021-01-17,35,4100,31,2481,4,1619,0,0,33,2955,2,572,33,3527,California
Nevada,2021-01-18,148,4248,40,2521,108,1727,0,0,139,3085,9,581,139,3666,California
Nevada,2021-01-19,234,4482,85,2606,149,1876,0,0,215,3281,19,600,215,3881,California
Nevada,2021-01-20,257,4739,153,2759,104,1980,0,0,244,3512,13,613,244,4125,California
Nevada,2021-01-21,336,5075,207,2966,129,2109,0,0,323,3822,13,626,323,4448,California
Nevada,2021-01-22,343,5418,209,3175,134,2243,0,0,312,4103,31,657,312,4760,California
Nevada,2021-01-23,176,5594,104,3279,72,2315,0,0,176,4279,0,657,176,4936,California
Nevada,2021-01-24,105,5699,98,3377,7,2322,0,0,66,4306,39,696,66,5002,California
Nevada,2021-01-25,265,5964,137,3514,128,2450,0,0,204,4449,61,757,204,5206,California
Nevada,2021-01-26,399,6363,141,3655,258,2708,0,0,297,4644,102,859,297,5503,California
Nevada,2021-01-27,411,6774,244,3899,167,2875,0,0,387,5007,24,883,387,5890,California
Nevada,2021-01-28,460,7234,315,4214,145,3020,0,0,417,5382,42,925,417,6307,California
Nevada,2021-01-29,596,7830,391,4605,205,3225,0,0,573,5933,23,948,574,6881,California
Nevada,2021-01-30,230,8060,103,4708,127,3352,0,0,227,6157,3,951,227,7108,California
Nevada,2021-01-31,103,8163,87,4795,16,3368,0,0,103,6260,0,951,103,7211,California
Nevada,2021-02-01,290,8453,71,4866,219,3587,0,0,276,6522,14,965,276,7487,California
Nevada,2021-02-02,509,8962,171,5037,338,3925,0,0,321,6655,188,1153,321,7808,California
Nevada,2021-02-03,808,9770,569,5606,239,4164,0,0,756,7360,51,1204,756,8564,California
Nevada,2021-02-04,737,10507,391,5997,346,4510,0,0,489,7602,247,1451,489,9053,California
Nevada,2021-02-05,641,11148,363,6360,278,4788,0,0,453,7869,186,1637,453,9506,California
Nevada,2021-02-06,268,11416,82,6442,186,4974,0,0,241,8083,27,1664,241,9747,California
Nevada,2021-02-07,244,11660,191,6633,53,5027,0,0,190,8219,54,1718,190,9937,California
Nevada,2021-02-08,651,12311,408,7041,243,5270,0,0,552,8672,99,1817,552,10489,California
Nevada,2021-02-09,600,12911,336,7377,264,5534,0,0,462,8996,138,1955,462,10951,California
Nevada,2021-02-10,646,13557,322,7699,324,5858,0,0,417,9185,229,2184,418,11369,California
Nevada,2021-02-11,868,14425,502,8201,366,6224,0,0,540,9398,327,2511,540,11909,California
Nevada,2021-02-12,926,15351,434,8635,492,6716,0,0,612,9697,313,2824,612,12521,California
Nevada,2021-02-13,593,15944,233,8868,360,7076,0,0,386,9881,203,3027,387,12908,California
Nevada,2021-02-14,228,16172,119,8987,109,7185,0,0,200,10053,28,3055,200,13108,California
Nevada,2021-02-15,703,16875,438,9425,265,7450,0,0,534,10418,169,3224,534,13642,California
Nevada,2021-02-16,611,17486,197,9622,414,7864,0,0,451,10710,159,3383,451,14093,California
Nevada,2021-02-17,1177,18663,762,10384,415,8279,0,0,859,11251,318,3701,859,14952,California
Nevada,2021-02-18,996,19659,545,10929,451,8730,0,0,597,11450,398,4099,597,15549,California
Nevada,2021-02-19,1004,20663,629,11558,375,9105,0,0,650,11747,354,4453,651,16200,California
Nevada,2021-02-20,295,20958,103,11661,192,9297,0,0,173,11799,121,4574,173,16373,California
Nevada,2021-02-21,88,21046,83,11744,5,9302,0,0,8,11727,80,4654,8,16381,California
Nevada,2021-02-22,491,21537,327,12071,164,9466,0,0,346,11929,144,4798,346,16727,California
Nevada,2021-02-23,463,22000,216,12287,247,9713,0,0,207,11883,253,5051,207,16934,California
Nevada,2021-02-24,470,22470,233,12520,237,9950,0,0,248,11911,222,5273,250,17184,California
Nevada,2021-02-25,856,23326,463,12983,393,10343,0,0,431,11919,423,5696,431,17615,California
Nevada,2021-02-26,1232,24558,880,13863,352,10695,0,0,410,11510,819,6515,410,18025,California
Nevada,2021-02-27,350,24908,109,13972,241,10936,0,0,180,11520,170,6685,180,18205,California
Nevada,2021-02-28,265,25173,153,14125,112,11048,0,0,124,11504,140,6825,124,18329,California
Nevada,2021-03-01,811,25984,420,14545,391,11439,0,0,348,11390,462,7287,348,18677,California
Nevada,2021-03-02,699,26683,258,14803,441,11880,0,0,477,11649,218,7505,477,19154,California
Nevada,2021-03-03,956,27639,486,15289,470,12350,0,0,488,11670,467,7972,488,19642,California
Nevada,2021-03-04,1092,28731,609,15898,483,12833,0,0,462,11505,627,8599,462,20104,California
Nevada,2021-03-05,809,29540,454,16352,345,13178,10,10,355,11418,452,9051,365,20469,California
Nevada,2021-03-06,354,29894,118,16470,209,13387,27,37,142,11375,212,9263,169,20638,California
Nevada,2021-03-07,209,30103,110,16580,80,13467,19,56,68,11321,141,9404,87,20725,California
Nevada,2021-03-08,802,30905,538,17118,219,13686,45,101,356,11278,445,9849,402,21127,California
Nevada,2021-03-09,657,31562,314,17432,293,13979,50,151,358,11388,297,10146,407,21534,California
Nevada,2021-03-10,950,32512,601,18033,292,14271,57,208,316,11130,631,10777,373,21907,California
Nevada,2021-03-11,1090,33602,718,18751,347,14618,25,233,538,11148,545,11322,563,22470,California
Nevada,2021-03-12,1185,34787,722,19473,433,15051,30,263,503,11000,680,12002,532,23002,California
Nevada,2021-03-13,261,35048,51,19524,205,15256,5,268,93,10930,167,12169,97,23099,California
Nevada,2021-03-14,153,35201,21,19545,127,15383,5,273,33,10848,120,12289,38,23137,California
Nevada,2021-03-15,833,36034,452,19997,369,15752,12,285,353,10735,478,12767,365,23502,California
Nevada,2021-03-16,990,37024,462,20459,467,16219,61,346,643,11093,346,13113,704,24206,California
Nevada,2021-03-17,1012,38036,450,20909,552,16771,10,356,584,11262,425,13538,594,24800,California
Nevada,2021-03-18,960,38996,524,21433,413,17184,23,379,473,11275,483,14021,496,25296,California
Nevada,2021-03-19,743,39739,435,21868,276,17460,32,411,347,11260,394,14415,379,25675,California
Nevada,2021-03-20,817,40556,92,21960,303,17763,422,833,232,11332,579,14994,651,26326,California
Nevada,2021-03-21,57,40613,30,21990,26,17789,1,834,40,11356,17,15011,41,26367,California
Nevada,2021-03-22,798,41411,514,22504,279,18068,5,839,542,11649,254,15265,547,26914,California
Nevada,2021-03-23,848,42259,382,22886,440,18508,26,865,640,12110,205,15470,666,27580,California
Nevada,2021-03-24,1015,43274,539,23425,469,18977,7,872,648,12402,363,15833,655,28235,California
Nevada,2021-03-25,890,44164,448,23873,416,19393,26,898,489,12514,401,16234,513,28748,California
Nevada,2021-03-26,1137,45301,431,24304,669,20062,37,935,826,13069,308,16542,863,29611,California
Nevada,2021-03-27,558,45859,69,24373,473,20535,16,951,380,13287,178,16720,396,30007,California
Nevada,2021-03-28,172,46031,49,24422,110,20645,13,964,38,13205,133,16853,51,30058,California
Nevada,2021-03-29,821,46852,503,24925,296,20941,22,986,394,13196,424,17277,415,30473,California
Nevada,2021-03-30,1038,47890,471,25396,533,21474,34,1020,540,13279,491,17768,574,31047,California
Nevada,2021-03-31,1172,49062,665,26061,490,21964,17,1037,705,13542,459,18227,722,31769,California
Nevada,2021-04-01,1228,50290,720,26781,455,22419,53,1090,550,13471,674,18901,603,32372,California
Nevada,2021-04-02,1280,51570,656,27437,588,23007,36,1126,764,13758,513,19414,800,33172,California
Nevada,2021-04-03,283,51853,85,27522,160,23167,38,1164,79,13671,204,19618,117,33289,California
Nevada,2021-04-04,128,51981,42,27564,79,23246,7,1171,78,13706,50,19668,85,33374,California
Nevada,2021-04-05,933,52914,614,28178,302,23548,17,1188,627,14047,303,19971,644,34018,California
Nevada,2021-04-06,1066,53980,661,28839,262,23810,143,1331,472,14074,588,20559,615,34633,California
Nevada,2021-04-07,1133,55113,809,29648,242,24052,82,1413,602,14232,525,21084,683,35316,California
Nevada,2021-04-08,1268,56381,892,30540,295,24347,81,1494,708,14464,557,21641,789,36105,California
Nevada,2021-04-09,1152,57533,780,31320,306,24653,66,1560,798,14974,354,21995,864,36969,California
Nevada,2021-04-10,257,57790,80,31400,101,24754,76,1636,114,15022,142,22137,190,37159,California
Nevada,2021-04-11,94,57884,31,31431,59,24813,4,1640,35,15002,59,22196,39,37198,California
Nevada,2021-04-12,653,58537,465,31896,179,24992,9,1649,277,14915,373,22569,286,37484,California
Nevada,2021-04-13,593,59130,133,32029,460,25452,0,1649,327,14978,264,22833,327,37811,California
Nevada,2021-04-14,530,59660,111,32140,419,25871,0,1649,270,14995,253,23086,270,38081,California
Nevada,2021-04-15,652,60312,433,32573,219,26090,0,1649,374,15096,273,23359,374,38455,California
Orange,2020-12-15,16,16,16,16,0,0,0,0,16,16,0,0,16,16,California
Orange,2020-12-16,367,383,367,383,0,0,0,0,367,383,0,0,367,383,California
Orange,2020-12-17,3716,4099,3716,4099,0,0,0,0,3715,4098,0,0,3715,4098,California
Orange,2020-12-18,5037,9136,5030,9129,7,7,0,0,5036,9134,0,0,5036,9134,California
Orange,2020-12-19,2224,11360,2217,11346,7,14,0,0,2223,11357,0,0,2223,11357,California
Orange,2020-12-20,1973,13333,1971,13317,2,16,0,0,1974,13331,0,0,1974,13331,California
Orange,2020-12-21,4240,17573,4234,17551,6,22,0,0,4240,17571,0,0,4240,17571,California
Orange,2020-12-22,3974,21547,3941,21492,33,55,0,0,3974,21545,0,0,3974,21545,California
Orange,2020-12-23,3550,25097,3197,24689,353,408,0,0,3552,25097,0,0,3552,25097,California
Orange,2020-12-24,1374,26471,1078,25767,296,704,0,0,1374,26471,0,0,1374,26471,California
Orange,2020-12-25,17,26488,12,25779,5,709,0,0,17,26488,0,0,17,26488,California
Orange,2020-12-26,1019,27507,421,26200,598,1307,0,0,1019,27507,0,0,1019,27507,California
Orange,2020-12-27,580,28087,275,26475,305,1612,0,0,580,28087,0,0,580,28087,California
Orange,2020-12-28,3534,31621,2564,29039,970,2582,0,0,3534,31621,0,0,3534,31621,California
Orange,2020-12-29,3559,35180,2561,31600,998,3580,0,0,3558,35178,1,1,3558,35179,California
Orange,2020-12-30,5121,40301,3555,35155,1566,5146,0,0,5121,40299,0,1,5121,40300,California
Orange,2020-12-31,1453,41754,757,35912,696,5842,0,0,1453,41752,0,1,1453,41753,California
Orange,2021-01-01,454,42208,250,36162,204,6046,0,0,453,42204,1,2,453,42206,California
Orange,2021-01-02,1398,43606,893,37055,505,6551,0,0,1398,43602,0,2,1398,43604,California
Orange,2021-01-03,567,44173,314,37369,253,6804,0,0,567,44169,0,2,567,44171,California
Orange,2021-01-04,2709,46882,1554,38923,1155,7959,0,0,2710,46878,1,3,2710,46881,California
Orange,2021-01-05,3500,50382,2282,41205,1218,9177,0,0,3093,49571,403,406,3096,49977,California
Orange,2021-01-06,4979,55361,3461,44666,1518,10695,0,0,3607,51819,1359,1765,3607,53584,California
Orange,2021-01-07,9234,64595,5147,49813,4087,14782,0,0,5672,53945,3549,5314,5675,59259,California
Orange,2021-01-08,9371,73966,5235,55048,4136,18918,0,0,5631,55848,3730,9044,5633,64892,California
Orange,2021-01-09,4984,78950,1733,56781,3251,22169,0,0,3706,58276,1278,10322,3706,68598,California
Orange,2021-01-10,4227,83177,1040,57821,3187,25356,0,0,3348,60750,878,11200,3352,71950,California
Orange,2021-01-11,9420,92597,4886,62707,4534,29890,0,0,5810,62948,3613,14813,5811,77761,California
Orange,2021-01-12,8785,101382,4706,67413,4079,33969,0,0,5329,64824,3454,18267,5330,83091,California
Orange,2021-01-13,10205,111587,4884,72297,5321,39290,0,0,7016,68662,3185,21452,7023,90114,California
Orange,2021-01-14,9942,121529,3764,76061,6178,45468,0,0,8356,75439,1584,23036,8361,98475,California
Orange,2021-01-15,10138,131667,2612,78673,7526,52994,0,0,9267,83833,878,23914,9272,107747,California
Orange,2021-01-16,8698,140365,2090,80763,6608,59602,0,0,8313,91765,385,24299,8317,116064,California
Orange,2021-01-17,8147,148512,1485,82248,6662,66264,0,0,8002,99631,145,24444,8011,124075,California
Orange,2021-01-18,9736,158248,4451,86699,5285,71549,0,0,7497,104888,2242,26686,7499,131574,California
Orange,2021-01-19,7460,165708,5403,92102,2057,73606,0,0,4835,107099,2625,29311,4836,136410,California
Orange,2021-01-20,8253,173961,5804,97906,2449,76055,0,0,5205,109261,3049,32360,5211,141621,California
Orange,2021-01-21,10830,184791,4807,102713,6023,82078,0,0,10043,118526,786,33146,10051,151672,California
Orange,2021-01-22,13556,198347,5073,107786,8483,90561,0,0,12730,130446,818,33964,12738,164410,California
Orange,2021-01-23,13104,211451,6166,113952,6938,97499,0,0,12136,141624,966,34930,12144,176554,California
Orange,2021-01-24,9801,221252,4284,118236,5517,103016,0,0,9486,150800,313,35243,9489,186043,California
Orange,2021-01-25,10412,231664,5844,124080,4568,107584,0,0,7706,155810,2701,37944,7711,193754,California
Orange,2021-01-26,11846,243510,7691,131771,4155,111739,0,0,9707,163384,2135,40079,9709,203463,California
Orange,2021-01-27,13368,256878,7983,139754,5385,117124,0,0,10696,171423,2661,42740,10700,214163,California
Orange,2021-01-28,12978,269856,7172,146926,5806,122930,0,0,11134,180733,1831,44571,11141,225304,California
Orange,2021-01-29,13538,283394,8386,155312,5152,128082,0,0,10694,188600,2831,47402,10698,236002,California
Orange,2021-01-30,12916,296310,4443,159755,8473,136555,0,0,12191,200083,711,48113,12194,248196,California
Orange,2021-01-31,13707,310017,4940,164695,8767,145322,0,0,13275,212936,427,48540,13280,261476,California
Orange,2021-02-01,13980,323997,5752,170447,8228,153550,0,0,12004,222985,1959,50499,12008,273484,California
Orange,2021-02-02,15360,339357,8349,178796,7011,160561,0,0,12626,232989,2625,53124,12629,286113,California
Orange,2021-02-03,16691,356048,12548,191344,4143,164704,0,0,13696,243771,2918,56042,13700,299813,California
Orange,2021-02-04,19780,375828,12934,204278,6846,171550,0,0,14709,253448,5039,61081,14716,314529,California
Orange,2021-02-05,20701,396529,11985,216263,8716,180266,0,0,14451,261689,6212,67293,14453,328982,California
Orange,2021-02-06,16309,412838,10777,227040,5532,185798,0,0,11061,267736,5232,72525,11279,340261,California
Orange,2021-02-07,11512,424350,8097,235137,3415,189213,0,0,7543,271495,3954,76479,7713,347974,California
Orange,2021-02-08,14786,439136,8452,243589,6334,195547,0,0,8811,274363,5949,82428,8817,356791,California
Orange,2021-02-09,17614,456750,11995,255584,5619,201166,0,0,10725,278275,6817,89245,10729,367520,California
Orange,2021-02-10,20861,477611,11160,266744,9701,210867,0,0,12658,282830,8110,97355,12665,380185,California
Orange,2021-02-11,21942,499553,11363,278107,10579,221446,0,0,12345,285721,9472,106827,12363,392548,California
Orange,2021-02-12,24704,524257,11874,289981,12830,234276,0,0,14612,290299,10038,116865,14616,407164,California
Orange,2021-02-13,21977,546234,11888,301869,10089,244365,0,0,11126,291416,10651,127516,11768,418932,California
Orange,2021-02-14,16163,562397,6560,308429,9603,253968,0,0,9542,294362,6597,134113,9543,428475,California
Orange,2021-02-15,17197,579594,7384,315813,9813,263781,0,0,8872,294959,8284,142397,8881,437356,California
Orange,2021-02-16,19876,599470,8964,324777,10912,274693,0,0,10696,296536,9142,151539,10719,448075,California
Orange,2021-02-17,17767,617237,9312,334089,8455,283148,0,0,9159,297156,8569,160108,9189,457264,California
Orange,2021-02-18,14847,632084,9820,343909,5027,288175,0,0,6782,295922,8024,168132,6790,464054,California
Orange,2021-02-19,17807,649891,10716,354625,7091,295266,0,0,6876,291922,10887,179019,6887,470941,California
Orange,2021-02-20,7381,657272,5565,360190,1816,297082,0,0,3741,292051,3621,182640,3750,474691,California
Orange,2021-02-21,4304,661576,3629,363819,675,297757,0,0,769,289318,3503,186143,770,475461,California
Orange,2021-02-22,9580,671156,7830,371649,1750,299507,0,0,3879,287533,5678,191821,3893,479354,California
Orange,2021-02-23,13193,684349,7205,378854,5988,305495,0,0,3480,281363,9660,201481,3490,482844,California
Orange,2021-02-24,21032,705381,12742,391596,8290,313785,0,0,5358,271123,15617,217098,5377,488221,California
Orange,2021-02-25,22521,727902,12201,403797,10320,324105,0,0,7952,264583,14508,231606,7968,496189,California
Orange,2021-02-26,27554,755456,13960,417757,13594,337699,0,0,11085,259324,16368,247974,11109,507298,California
Orange,2021-02-27,24900,780356,10040,427797,14858,352557,2,2,7231,248994,17577,265551,7247,514545,California
Orange,2021-02-28,18968,799324,7337,435134,11631,364188,0,2,4783,239696,14098,279649,4800,519345,California
Orange,2021-03-01,18226,817550,8301,443435,9923,374111,2,4,7023,235591,11142,290791,7037,526382,California
Orange,2021-03-02,14782,832332,7169,450604,7612,381723,1,5,8654,238176,6095,296886,8680,535062,California
Orange,2021-03-03,19956,852288,9235,459839,10719,392442,2,7,10681,239670,9209,306095,10703,545765,California
Orange,2021-03-04,20963,873251,12118,471957,8832,401274,13,20,11060,240897,9871,315966,11098,556863,California
Orange,2021-03-05,19356,892607,9986,481943,9327,410601,43,63,12001,245675,7321,323287,12099,568962,California
Orange,2021-03-06,20149,912756,11298,493241,7990,418591,861,924,10231,246893,9896,333183,11114,580076,California
Orange,2021-03-07,14744,927500,8275,501516,6091,424682,378,1302,8609,249793,6105,339288,9005,589081,California
Orange,2021-03-08,16038,943538,7344,508860,7437,432119,1257,2559,10327,255730,5675,344963,11612,600693,California
Orange,2021-03-09,19534,963072,8483,517343,8626,440745,2425,4984,11230,261118,8271,353234,13659,614352,California
Orange,2021-03-10,23799,986871,11651,528994,9008,449753,3140,8124,12051,264610,11699,364933,15191,629543,California
Orange,2021-03-11,28685,1015556,15621,544615,8987,458740,4077,12201,13358,266796,15248,380181,17434,646977,California
Orange,2021-03-12,29047,1044603,14166,558781,11076,469816,3805,16006,14613,270872,14367,394548,18443,665420,California
Orange,2021-03-13,27518,1072121,10092,568873,13517,483333,3909,19915,13930,275168,13546,408094,17842,683262,California
Orange,2021-03-14,18722,1090843,8116,576989,8092,491425,2514,22429,11823,282633,6872,414966,14337,697599,California
Orange,2021-03-15,22877,1113720,10064,587053,12064,503489,749,23178,14297,289151,8524,423490,15042,712641,California
Orange,2021-03-16,26185,1139905,11060,598113,14906,518395,219,23397,17047,297354,9071,432561,17274,729915,California
Orange,2021-03-17,27050,1166955,13490,611603,13090,531485,470,23867,19346,309522,7649,440210,19817,749732,California
Orange,2021-03-18,27468,1194423,13829,625432,13369,544854,270,24137,21431,325241,5984,446194,21703,771435,California
Orange,2021-03-19,33065,1227488,18167,643599,14474,559328,424,24561,24678,342063,8292,454486,25114,796549,California
Orange,2021-03-20,25514,1253002,13447,657046,11863,571191,204,24765,21850,360509,3607,458093,22053,818602,California
Orange,2021-03-21,18282,1271284,10634,667680,6920,578111,728,25493,15554,374085,2705,460798,16281,834883,California
Orange,2021-03-22,22507,1293791,11637,679317,10550,588661,320,25813,19077,390119,3370,464168,19404,854287,California
Orange,2021-03-23,25711,1319502,13365,692682,11718,600379,628,26441,20701,406505,4946,469114,21332,875619,California
Orange,2021-03-24,28774,1348276,16066,708748,11831,612210,877,27318,21888,422451,6819,475933,22765,898384,California
Orange,2021-03-25,31598,1379874,16740,725488,14200,626410,658,27976,23994,439567,7537,483470,24653,923037,California
Orange,2021-03-26,34237,1414111,17700,743188,15692,642102,845,28821,24860,455979,9293,492763,25705,948742,California
Orange,2021-03-27,28212,1442323,13479,756667,14419,656521,314,29135,20239,468627,7907,500670,20555,969297,California
Orange,2021-03-28,24558,1466881,12693,769360,11798,668319,67,29202,18564,481316,5945,506615,18634,987931,California
Orange,2021-03-29,26185,1493066,11971,781331,13666,681985,548,29750,17851,491450,8267,514882,18401,1006332,California
Orange,2021-03-30,30345,1523411,13746,795077,16218,698203,381,30131,21535,504612,8757,523639,21919,1028251,California
Orange,2021-03-31,36491,1559902,19102,814179,16811,715014,578,30709,24016,516810,12401,536040,24599,1052850,California
Orange,2021-04-01,39065,1598967,20510,834689,17039,732053,1516,32225,26068,531457,12936,548976,27583,1080433,California
Orange,2021-04-02,38909,1637876,19539,854228,17736,749789,1634,33859,22747,539764,16084,565060,24391,1104824,California
Orange,2021-04-03,29477,1667353,15379,869607,12499,762288,1599,35458,15584,543116,13833,578893,17185,1122009,California
Orange,2021-04-04,18064,1685417,10551,880158,6865,769153,648,36106,8110,541953,9920,588813,8757,1130766,California
Orange,2021-04-05,29209,1714626,13854,894012,12135,781288,3220,39326,13800,543607,15361,604174,17015,1147781,California
Orange,2021-04-06,32876,1747502,15416,909428,14167,795455,3293,42619,14303,542699,18496,622670,17588,1165369,California
Orange,2021-04-07,35299,1782801,19739,929167,11171,806626,4389,47008,15689,543223,19539,642209,20063,1185432,California
Orange,2021-04-08,37220,1820021,20441,949608,11508,818134,5271,52279,18006,547333,19148,661357,23258,1208690,California
Orange,2021-04-09,38198,1858219,22108,971716,11317,829451,4773,57052,16763,547489,21368,682725,21524,1230214,California
Orange,2021-04-10,33157,1891376,17351,989067,11736,841187,4070,61122,13615,545690,19467,702192,17668,1247882,California
Orange,2021-04-11,25261,1916637,14223,1003290,7834,849021,3204,64326,9706,543074,15516,717708,12900,1260782,California
Orange,2021-04-12,29089,1945726,14665,1017955,11136,860157,3288,67614,11440,540184,17604,735312,14714,1275496,California
Orange,2021-04-13,29496,1975222,16199,1034154,13235,873392,62,67676,13626,538056,15814,751126,13686,1289182,California
Orange,2021-04-14,29363,2004585,16209,1050363,13132,886524,22,67698,12512,533806,16785,767911,12535,1301717,California
Orange,2021-04-15,19027,2023612,10506,1060869,8514,895038,7,67705,7973,530793,11003,778914,7990,1309707,California
Placer,2020-12-15,29,29,29,29,0,0,0,0,29,29,0,0,29,29,California
Placer,2020-12-16,53,82,53,82,0,0,0,0,53,82,0,0,53,82,California
Placer,2020-12-17,139,221,139,221,0,0,0,0,139,221,0,0,139,221,California
Placer,2020-12-18,330,551,330,551,0,0,0,0,330,551,0,0,330,551,California
Placer,2020-12-19,251,802,251,802,0,0,0,0,251,802,0,0,251,802,California
Placer,2020-12-20,234,1036,234,1036,0,0,0,0,234,1036,0,0,234,1036,California
Placer,2020-12-21,492,1528,491,1527,1,1,0,0,492,1528,0,0,492,1528,California
Placer,2020-12-22,676,2204,669,2196,7,8,0,0,676,2204,0,0,676,2204,California
Placer,2020-12-23,743,2947,658,2854,85,93,0,0,743,2947,0,0,743,2947,California
Placer,2020-12-24,398,3345,346,3200,52,145,0,0,398,3345,0,0,398,3345,California
Placer,2020-12-26,158,3503,113,3313,45,190,0,0,158,3503,0,0,158,3503,California
Placer,2020-12-27,186,3689,163,3476,23,213,0,0,186,3689,0,0,186,3689,California
Placer,2020-12-28,664,4353,537,4013,127,340,0,0,664,4353,0,0,664,4353,California
Placer,2020-12-29,761,5114,513,4526,248,588,0,0,761,5114,0,0,761,5114,California
Placer,2020-12-30,730,5844,454,4980,276,864,0,0,728,5842,0,0,728,5842,California
Placer,2020-12-31,528,6372,343,5323,185,1049,0,0,528,6370,0,0,528,6370,California
Placer,2021-01-01,14,6386,10,5333,4,1053,0,0,14,6384,0,0,14,6384,California
Placer,2021-01-02,184,6570,152,5485,32,1085,0,0,184,6568,0,0,184,6568,California
Placer,2021-01-03,155,6725,79,5564,76,1161,0,0,155,6723,0,0,155,6723,California
Placer,2021-01-04,618,7343,178,5742,440,1601,0,0,618,7341,0,0,618,7341,California
Placer,2021-01-05,723,8066,159,5901,564,2165,0,0,640,7900,82,82,641,7982,California
Placer,2021-01-06,758,8824,243,6144,515,2680,0,0,617,8376,141,223,617,8599,California
Placer,2021-01-07,981,9805,366,6510,615,3295,0,0,776,8947,205,428,776,9375,California
Placer,2021-01-08,1181,10986,527,7037,654,3949,0,0,855,9479,323,751,855,10230,California
Placer,2021-01-09,449,11435,321,7358,128,4077,0,0,233,9497,215,966,233,10463,California
Placer,2021-01-10,329,11764,186,7544,143,4220,0,0,164,9496,165,1131,164,10627,California
Placer,2021-01-11,1426,13190,808,8352,618,4838,0,0,837,9745,589,1720,838,11465,California
Placer,2021-01-12,1644,14834,874,9226,770,5608,0,0,1042,10185,602,2322,1042,12507,California
Placer,2021-01-13,1627,16461,819,10045,808,6416,0,0,1207,10976,418,2740,1209,13716,California
Placer,2021-01-14,1734,18195,652,10697,1082,7498,0,0,1379,12004,352,3092,1380,15096,California
Placer,2021-01-15,1905,20100,722,11419,1183,8681,0,0,1554,13209,350,3442,1555,16651,California
Placer,2021-01-16,1468,21568,718,12137,750,9431,0,0,1347,14436,121,3563,1348,17999,California
Placer,2021-01-17,560,22128,394,12531,166,9597,0,0,428,14732,132,3695,428,18427,California
Placer,2021-01-18,977,23105,540,13071,437,10034,0,0,747,15250,230,3925,748,19175,California
Placer,2021-01-19,2559,25664,1947,15018,612,10646,0,0,2108,16907,451,4376,2108,21283,California
Placer,2021-01-20,2240,27904,1692,16710,548,11194,0,0,1912,18492,328,4704,1913,23196,California
Placer,2021-01-21,2533,30437,1114,17824,1419,12613,0,0,2139,20239,393,5097,2140,25336,California
Placer,2021-01-22,2276,32713,589,18413,1687,14300,0,0,2103,22172,171,5268,2104,27440,California
Placer,2021-01-23,1189,33902,380,18793,809,15109,0,0,1034,23051,155,5423,1034,28474,California
Placer,2021-01-24,507,34409,264,19057,243,15352,0,0,431,23407,76,5499,432,28906,California
Placer,2021-01-25,1645,36054,798,19855,847,16199,0,0,1359,24481,286,5785,1360,30266,California
Placer,2021-01-26,1827,37881,1024,20879,803,17002,0,0,1564,25782,263,6048,1564,31830,California
Placer,2021-01-27,1815,39696,1154,22033,661,17663,0,0,1572,27114,241,6289,1573,33403,California
Placer,2021-01-28,1777,41473,1109,23142,668,18331,0,0,1530,28399,245,6534,1530,34933,California
Placer,2021-01-29,1856,43329,1165,24307,691,19022,0,0,1665,29876,190,6724,1667,36600,California
Placer,2021-01-30,1722,45051,970,25277,752,19774,0,0,1603,31361,118,6842,1603,38203,California
Placer,2021-01-31,779,45830,622,25899,157,19931,0,0,710,32003,69,6911,711,38914,California
Placer,2021-02-01,2065,47895,1086,26985,979,20910,0,0,1749,33436,316,7227,1749,40663,California
Placer,2021-02-02,2366,50261,1535,28520,831,21741,0,0,1881,34835,482,7709,1881,42544,California
Placer,2021-02-03,2911,53172,1873,30393,1038,22779,0,0,2291,36510,616,8325,2291,44835,California
Placer,2021-02-04,2753,55925,1186,31579,1567,24346,0,0,1933,37627,817,9142,1934,46769,California
Placer,2021-02-05,2727,58652,1201,32780,1526,25872,0,0,1400,37705,1322,10464,1400,48169,California
Placer,2021-02-06,1939,60591,1302,34082,637,26509,0,0,1391,38548,548,11012,1391,49560,California
Placer,2021-02-07,1216,61807,907,34989,309,26818,0,0,938,39209,277,11289,938,50498,California
Placer,2021-02-08,3297,65104,1766,36755,1531,28349,0,0,1974,39869,1315,12604,1975,52473,California
Placer,2021-02-09,3533,68637,2164,38919,1369,29718,0,0,1630,39598,1901,14505,1630,54103,California
Placer,2021-02-10,3742,72379,2188,41107,1554,31272,0,0,1746,39353,1993,16498,1748,55851,California
Placer,2021-02-11,3611,75990,1892,42999,1719,32991,0,0,1576,38903,2027,18525,1577,57428,California
Placer,2021-02-12,2749,78739,1316,44315,1433,34424,0,0,1660,39492,1072,19597,1661,59089,California
Placer,2021-02-13,2531,81270,1484,45799,1047,35471,0,0,1880,40721,651,20248,1880,60969,California
Placer,2021-02-14,1075,82345,673,46472,402,35873,0,0,735,41119,337,20585,735,61704,California
Placer,2021-02-15,2176,84521,1042,47514,1134,37007,0,0,1522,41987,655,21240,1523,63227,California
Placer,2021-02-16,3507,88028,1778,49292,1729,38736,0,0,1574,41638,1924,23164,1575,64802,California
Placer,2021-02-17,3498,91526,1959,51251,1539,40275,0,0,1500,41144,1994,25158,1500,66302,California
Placer,2021-02-18,3667,95193,1993,53244,1674,41949,0,0,1566,40619,2092,27250,1567,67869,California
Placer,2021-02-19,3534,98727,1905,55149,1629,43578,0,0,1311,39712,2219,29469,1312,69181,California
Placer,2021-02-20,1966,100693,1226,56375,740,44318,0,0,883,39520,1078,30547,886,70067,California
Placer,2021-02-21,950,101643,726,57101,224,44542,0,0,260,39094,687,31234,261,70328,California
Placer,2021-02-22,2489,104132,1766,58867,723,45265,0,0,602,37810,1886,33120,602,70930,California
Placer,2021-02-23,2501,106633,1560,60427,941,46206,0,0,868,37046,1632,34752,868,71798,California
Placer,2021-02-24,3230,109863,1172,61599,2058,48264,0,0,1780,37388,1440,36192,1782,73580,California
Placer,2021-02-25,3445,113308,1422,63021,2023,50287,0,0,1831,37613,1607,37799,1832,75412,California
Placer,2021-02-26,4062,117370,2372,65393,1690,51977,0,0,2341,38238,1716,39515,2341,77753,California
Placer,2021-02-27,2808,120178,1489,66882,1319,53296,0,0,1448,38335,1354,40869,1451,79204,California
Placer,2021-02-28,1380,121558,790,67672,590,53886,0,0,571,38102,804,41673,571,79775,California
Placer,2021-03-01,2975,124533,1981,69653,994,54880,0,0,1530,38192,1440,43113,1530,81305,California
Placer,2021-03-02,2821,127354,1757,71410,1064,55944,0,0,1857,39090,959,44072,1857,83162,California
Placer,2021-03-03,3243,130597,1385,72795,1858,57802,0,0,1770,39394,1467,45539,1771,84933,California
Placer,2021-03-04,3530,134127,1424,74219,2106,59908,0,0,1844,39565,1674,47213,1845,86778,California
Placer,2021-03-05,2966,137093,1023,75242,1921,61829,22,22,1790,40203,1174,48387,1812,88590,California
Placer,2021-03-06,2392,139485,1480,76722,816,62645,96,118,917,39748,1468,49855,1013,89603,California
Placer,2021-03-07,1291,140776,753,77475,500,63145,38,156,524,39546,764,50619,562,90165,California
Placer,2021-03-08,2878,143654,1822,79297,943,64088,113,269,1644,40070,1233,51852,1757,91922,California
Placer,2021-03-09,3120,146774,1671,80968,1360,65448,89,358,1775,40592,1342,53194,1864,93786,California
Placer,2021-03-10,3239,150013,1309,82277,1823,67271,107,465,1685,40834,1549,54743,1791,95577,California
Placer,2021-03-11,3511,153524,1579,83856,1808,69079,124,589,1685,40826,1819,56562,1811,97388,California
Placer,2021-03-12,3629,157153,1477,85333,1368,70447,784,1373,1216,40420,2407,58969,2001,99389,California
Placer,2021-03-13,2079,159232,732,86065,1230,71677,117,1490,1117,40696,959,59928,1235,100624,California
Placer,2021-03-14,1627,160859,669,86734,809,72486,149,1639,882,40982,745,60673,1031,101655,California
Placer,2021-03-15,3147,164006,1521,88255,1495,73981,131,1770,1742,41453,1404,62077,1875,103530,California
Placer,2021-03-16,3531,167537,1904,90159,1494,75475,133,1903,2268,42600,1255,63332,2402,105932,California
Placer,2021-03-17,3388,170925,1719,91878,1569,77044,100,2003,2194,43704,1192,64524,2296,108228,California
Placer,2021-03-18,3936,174861,2193,94071,1704,78748,39,2042,2812,45435,1119,65643,2850,111078,California
Placer,2021-03-19,3399,178260,2058,96129,1079,79827,262,2304,2174,46653,1217,66860,2435,113513,California
Placer,2021-03-20,2126,180386,891,97020,1137,80964,98,2402,1298,47224,824,67684,1395,114908,California
Placer,2021-03-21,1244,181630,570,97590,665,81629,9,2411,953,47898,288,67972,962,115870,California
Placer,2021-03-22,3259,184889,2092,99682,1080,82709,87,2498,2192,49115,1063,69035,2280,118150,California
Placer,2021-03-23,3476,188365,2074,101756,1311,84020,91,2589,2489,50714,982,70017,2581,120731,California
Placer,2021-03-24,3744,192109,1993,103749,1654,85674,97,2686,1954,50987,1778,71795,2051,122782,California
Placer,2021-03-25,3748,195857,1791,105540,1860,87534,97,2783,1722,50787,2018,73813,1818,124600,California
Placer,2021-03-26,3719,199576,1647,107187,1841,89375,231,3014,1576,50461,2133,75946,1807,126407,California
Placer,2021-03-27,1588,201164,469,107656,1098,90473,21,3035,650,50200,931,76877,670,127077,California
Placer,2021-03-28,1095,202259,529,108185,556,91029,10,3045,378,49876,712,77589,388,127465,California
Placer,2021-03-29,3552,205811,1987,110172,1533,92562,32,3077,1739,49845,1803,79392,1772,129237,California
Placer,2021-03-30,3973,209784,2104,112276,1826,94388,43,3120,2114,50154,1847,81239,2156,131393,California
Placer,2021-03-31,4047,213831,1823,114099,2150,96538,74,3194,1697,49580,2344,83583,1770,133163,California
Placer,2021-04-01,2851,216682,1361,115460,1445,97983,45,3239,1593,49962,1256,84839,1638,134801,California
Placer,2021-04-02,2780,219462,1437,116897,1280,99263,63,3302,1559,50369,1215,86054,1622,136423,California
Placer,2021-04-03,1851,221313,982,117879,739,100002,130,3432,890,50434,954,87008,1019,137442,California
Placer,2021-04-04,700,222013,354,118233,293,100295,53,3485,278,50345,420,87428,331,137773,California
Placer,2021-04-05,2968,224981,1895,120128,915,101210,158,3643,1750,51038,1215,88643,1908,139681,California
Placer,2021-04-06,4252,229233,2467,122595,1499,102709,286,3929,1549,50176,2697,91340,1835,141516,California
Placer,2021-04-07,4461,233694,2554,125149,1461,104170,446,4375,2059,50282,2397,93737,2503,144019,California
Placer,2021-04-08,4623,238317,2575,127724,1512,105682,536,4911,1576,49356,3037,96774,2111,146130,California
Placer,2021-04-09,3942,242259,2206,129930,1135,106817,601,5512,1159,48340,2777,99551,1761,147891,California
Placer,2021-04-10,1902,244161,793,130723,934,107751,175,5687,795,48206,1103,100654,969,148860,California
Placer,2021-04-11,1307,245468,500,131223,775,108526,32,5719,424,47782,879,101533,455,149315,California
Placer,2021-04-12,3991,249459,2572,133795,1051,109577,368,6087,2398,48962,1585,103118,2765,152080,California
Placer,2021-04-13,4095,253554,2784,136579,1309,110886,2,6089,2010,48893,2081,105199,2012,154092,California
Placer,2021-04-14,3447,257001,2175,138754,1271,112157,1,6090,1381,48215,2059,107258,1381,155473,California
Placer,2021-04-15,2785,259786,1479,140233,1305,113462,1,6091,1224,47889,1554,108812,1228,156701,California
Plumas,2020-12-18,4,4,4,4,0,0,0,0,4,4,0,0,4,4,California
Plumas,2020-12-19,1,5,1,5,0,0,0,0,1,5,0,0,1,5,California
Plumas,2020-12-21,45,50,45,50,0,0,0,0,45,50,0,0,45,50,California
Plumas,2020-12-22,92,142,92,142,0,0,0,0,92,142,0,0,92,142,California
Plumas,2020-12-23,50,192,50,192,0,0,0,0,50,192,0,0,50,192,California
Plumas,2020-12-24,6,198,6,198,0,0,0,0,6,198,0,0,6,198,California
Plumas,2020-12-28,8,206,0,198,8,8,0,0,8,206,0,0,8,206,California
Plumas,2020-12-29,32,238,22,220,10,18,0,0,32,238,0,0,32,238,California
Plumas,2020-12-30,22,260,1,221,21,39,0,0,22,260,0,0,22,260,California
Plumas,2020-12-31,4,264,1,222,3,42,0,0,4,264,0,0,4,264,California
Plumas,2021-01-04,10,274,4,226,6,48,0,0,10,274,0,0,10,274,California
Plumas,2021-01-05,22,296,2,228,20,68,0,0,22,296,0,0,22,296,California
Plumas,2021-01-06,124,420,5,233,119,187,0,0,124,420,0,0,124,420,California
Plumas,2021-01-07,53,473,2,235,51,238,0,0,52,471,1,1,52,472,California
Plumas,2021-01-08,12,485,5,240,7,245,0,0,8,475,4,5,8,480,California
Plumas,2021-01-09,2,487,2,242,0,245,0,0,1,475,1,6,1,481,California
Plumas,2021-01-11,59,546,50,292,9,254,0,0,12,440,47,53,12,493,California
Plumas,2021-01-12,155,701,86,378,69,323,0,0,71,427,84,137,71,564,California
Plumas,2021-01-13,56,757,50,428,6,329,0,0,10,391,46,183,10,574,California
Plumas,2021-01-14,96,853,14,442,82,411,0,0,91,477,5,188,91,665,California
Plumas,2021-01-15,62,915,7,449,55,466,0,0,60,535,2,190,60,725,California
Plumas,2021-01-16,58,973,1,450,57,523,0,0,58,593,0,190,58,783,California
Plumas,2021-01-18,2,975,1,451,1,524,0,0,2,595,0,190,2,785,California
Plumas,2021-01-19,36,1011,5,456,31,555,0,0,32,623,4,194,32,817,California
Plumas,2021-01-20,121,1132,3,459,118,673,0,0,119,740,2,196,119,936,California
Plumas,2021-01-21,113,1245,2,461,111,784,0,0,113,853,0,196,113,1049,California
Plumas,2021-01-22,4,1249,0,461,4,788,0,0,4,857,0,196,4,1053,California
Plumas,2021-01-23,92,1341,1,462,91,879,0,0,92,949,0,196,92,1145,California
Plumas,2021-01-24,1,1342,1,463,0,879,0,0,1,950,0,196,1,1146,California
Plumas,2021-01-25,8,1350,5,468,3,882,0,0,5,952,3,199,5,1151,California
Plumas,2021-01-26,60,1410,2,470,58,940,0,0,52,996,8,207,52,1203,California
Plumas,2021-01-27,25,1435,20,490,5,945,0,0,5,981,20,227,5,1208,California
Plumas,2021-01-28,23,1458,0,490,23,968,0,0,21,1000,2,229,21,1229,California
Plumas,2021-01-29,8,1466,2,492,6,974,0,0,7,1006,1,230,7,1236,California
Plumas,2021-01-30,8,1474,4,496,4,978,0,0,7,1012,1,231,7,1243,California
Plumas,2021-01-31,3,1477,3,499,0,978,0,0,3,1015,0,231,3,1246,California
Plumas,2021-02-01,16,1493,2,501,14,992,0,0,8,1015,8,239,8,1254,California
Plumas,2021-02-02,20,1513,1,502,19,1011,0,0,1,997,19,258,1,1255,California
Plumas,2021-02-03,128,1641,8,510,120,1131,0,0,13,896,114,372,13,1268,California
Plumas,2021-02-04,101,1742,8,518,93,1224,0,0,23,841,78,450,23,1291,California
Plumas,2021-02-05,24,1766,11,529,13,1237,0,0,9,835,15,465,9,1300,California
Plumas,2021-02-06,7,1773,0,529,7,1244,0,0,7,842,0,465,7,1307,California
Plumas,2021-02-08,15,1788,7,536,8,1252,0,0,3,833,12,477,3,1310,California
Plumas,2021-02-09,170,1958,1,537,169,1421,0,0,110,883,60,537,110,1420,California
Plumas,2021-02-10,89,2047,9,546,80,1501,0,0,80,955,9,546,81,1501,California
Plumas,2021-02-11,322,2369,7,553,315,1816,0,0,263,1159,59,605,263,1764,California
Plumas,2021-02-12,122,2491,3,556,119,1935,0,0,118,1273,4,609,118,1882,California
Plumas,2021-02-13,72,2563,3,559,69,2004,0,0,13,1227,59,668,13,1895,California
Plumas,2021-02-14,7,2570,4,563,3,2007,0,0,7,1234,0,668,7,1902,California
Plumas,2021-02-15,26,2596,3,566,23,2030,0,0,25,1258,1,669,25,1927,California
Plumas,2021-02-16,76,2672,4,570,72,2102,0,0,14,1210,62,731,14,1941,California
Plumas,2021-02-17,136,2808,5,575,131,2233,0,0,12,1098,124,855,12,1953,California
Plumas,2021-02-18,128,2936,6,581,122,2355,0,0,19,1008,109,964,19,1972,California
Plumas,2021-02-19,41,2977,4,585,37,2392,0,0,6,979,35,999,6,1978,California
Plumas,2021-02-20,103,3080,6,591,97,2489,0,0,11,898,92,1091,11,1989,California
Plumas,2021-02-21,6,3086,5,596,1,2490,0,0,2,896,4,1095,2,1991,California
Plumas,2021-02-22,3,3089,1,597,2,2492,0,0,0,893,3,1098,0,1991,California
Plumas,2021-02-23,24,3113,4,601,20,2512,0,0,16,901,8,1106,16,2007,California
Plumas,2021-02-24,455,3568,6,607,449,2961,0,0,443,1332,12,1118,443,2450,California
Plumas,2021-02-25,231,3799,9,616,222,3183,0,0,171,1443,60,1178,171,2621,California
Plumas,2021-02-26,264,4063,8,624,256,3439,0,0,256,1692,8,1186,257,2878,California
Plumas,2021-02-27,40,4103,4,628,36,3475,0,0,33,1718,7,1193,33,2911,California
Plumas,2021-02-28,1,4104,0,628,1,3476,0,0,1,1719,0,1193,1,2912,California
Plumas,2021-03-01,12,4116,3,631,9,3485,0,0,7,1722,4,1197,7,2919,California
Plumas,2021-03-02,9,4125,0,631,9,3494,0,0,6,1725,3,1200,6,2925,California
Plumas,2021-03-03,152,4277,10,641,142,3636,0,0,136,1845,16,1216,136,3061,California
Plumas,2021-03-04,249,4526,9,650,240,3876,0,0,228,2052,21,1237,228,3289,California
Plumas,2021-03-05,396,4922,6,656,385,4261,5,5,385,2431,11,1248,390,3679,California
Plumas,2021-03-06,16,4938,1,657,7,4268,8,13,3,2429,13,1261,11,3690,California
Plumas,2021-03-07,13,4951,2,659,2,4270,9,22,3,2431,10,1271,12,3702,California
Plumas,2021-03-08,29,4980,3,662,2,4272,24,46,3,2432,26,1297,27,3729,California
Plumas,2021-03-09,132,5112,1,663,116,4388,15,61,18,2351,114,1411,33,3762,California
Plumas,2021-03-10,254,5366,3,666,237,4625,14,75,107,2326,146,1557,121,3883,California
Plumas,2021-03-11,180,5546,8,674,167,4792,5,80,145,2441,35,1592,150,4033,California
Plumas,2021-03-12,593,6139,3,677,303,5095,287,367,23,2181,570,2162,310,4343,California
Plumas,2021-03-13,25,6164,4,681,10,5105,11,378,5,2177,20,2182,16,4359,California
Plumas,2021-03-14,11,6175,2,683,4,5109,5,383,1,2174,9,2191,6,4365,California
Plumas,2021-03-15,33,6208,1,684,26,5135,6,389,7,2161,26,2217,13,4378,California
Plumas,2021-03-16,59,6267,2,686,56,5191,1,390,49,2201,10,2227,50,4428,California
Plumas,2021-03-17,75,6342,10,696,64,5255,1,391,60,2248,14,2241,61,4489,California
Plumas,2021-03-18,56,6398,6,702,33,5288,17,408,7,2223,49,2290,24,4513,California
Plumas,2021-03-19,163,6561,6,708,155,5443,2,410,154,2373,7,2297,157,4670,California
Plumas,2021-03-20,690,7251,4,712,685,6128,1,411,669,3026,17,2314,670,5340,California
Plumas,2021-03-21,2,7253,1,713,1,6129,0,411,1,3027,0,2314,1,5341,California
Plumas,2021-03-22,180,7433,2,715,178,6307,0,411,173,3193,7,2321,173,5514,California
Plumas,2021-03-23,27,7460,2,717,25,6332,0,411,13,3192,14,2335,13,5527,California
Plumas,2021-03-24,650,8110,7,724,642,6974,1,412,220,2983,430,2765,221,5748,California
Plumas,2021-03-25,286,8396,5,729,279,7253,2,414,147,2991,139,2904,147,5895,California
Plumas,2021-03-26,308,8704,8,737,300,7553,0,414,46,2776,261,3165,46,5941,California
Plumas,2021-03-27,11,8715,1,738,9,7562,1,415,2,2770,9,3174,3,5944,California
Plumas,2021-03-28,5,8720,3,741,1,7563,1,416,3,2772,2,3176,4,5948,California
Plumas,2021-03-29,13,8733,4,745,8,7571,1,417,5,2770,8,3184,6,5954,California
Plumas,2021-03-30,151,8884,3,748,147,7718,1,418,24,2668,127,3311,25,5979,California
Plumas,2021-03-31,277,9161,2,750,274,7992,1,419,258,2908,19,3330,259,6238,California
Plumas,2021-04-01,290,9451,12,762,278,8270,0,419,59,2737,230,3560,59,6297,California
Plumas,2021-04-02,372,9823,4,766,367,8637,1,420,27,2432,333,3893,28,6325,California
Plumas,2021-04-03,15,9838,2,768,5,8642,8,428,3,2431,12,3905,11,6336,California
Plumas,2021-04-04,3,9841,1,769,1,8643,1,429,0,2429,3,3908,1,6337,California
Plumas,2021-04-05,14,9855,4,773,9,8652,1,430,7,2430,7,3915,8,6345,California
Plumas,2021-04-06,119,9974,6,779,82,8734,31,461,12,2361,107,4022,38,6383,California
Plumas,2021-04-07,279,10253,7,786,98,8832,174,635,27,2310,252,4274,201,6584,California
Plumas,2021-04-08,148,10401,3,789,130,8962,15,650,34,2245,113,4387,48,6632,California
Plumas,2021-04-09,48,10449,8,797,25,8987,15,665,18,2247,30,4417,32,6664,California
Plumas,2021-04-10,23,10472,2,799,5,8992,16,681,4,2248,19,4436,20,6684,California
Plumas,2021-04-11,4,10476,3,802,0,8992,1,682,3,2251,1,4437,4,6688,California
Plumas,2021-04-12,9,10485,4,806,4,8996,1,683,6,2255,3,4440,7,6695,California
Plumas,2021-04-13,29,10514,5,811,24,9020,0,683,5,2236,24,4464,5,6700,California
Plumas,2021-04-14,97,10611,1,812,96,9116,0,683,50,2239,47,4511,50,6750,California
Plumas,2021-04-15,34,10645,1,813,33,9149,0,683,27,2259,7,4518,27,6777,California
Riverside,2020-12-15,4,4,4,4,0,0,0,0,4,4,0,0,4,4,California
Riverside,2020-12-16,63,67,63,67,0,0,0,0,63,67,0,0,63,67,California
Riverside,2020-12-17,806,873,806,873,0,0,0,0,806,873,0,0,806,873,California
Riverside,2020-12-18,1722,2595,1721,2594,1,1,0,0,1722,2595,0,0,1722,2595,California
Riverside,2020-12-19,1024,3619,1022,3616,2,3,0,0,1022,3616,1,1,1022,3617,California
Riverside,2020-12-20,1085,4704,1084,4700,1,4,0,0,1085,4701,0,1,1085,4702,California
Riverside,2020-12-21,2272,6976,2270,6970,2,6,0,0,2272,6973,0,1,2272,6974,California
Riverside,2020-12-22,2249,9225,2210,9180,39,45,0,0,2248,9221,0,1,2248,9222,California
Riverside,2020-12-23,2123,11348,1787,10967,336,381,0,0,2124,11345,0,1,2124,11346,California
Riverside,2020-12-24,827,12175,624,11591,203,584,0,0,827,12172,0,1,827,12173,California
Riverside,2020-12-25,28,12203,5,11596,23,607,0,0,28,12200,0,1,28,12201,California
Riverside,2020-12-26,400,12603,257,11853,143,750,0,0,400,12600,0,1,400,12601,California
Riverside,2020-12-27,361,12964,243,12096,118,868,0,0,361,12961,0,1,361,12962,California
Riverside,2020-12-28,1624,14588,1124,13220,500,1368,0,0,1624,14585,0,1,1624,14586,California
Riverside,2020-12-29,1736,16324,971,14191,765,2133,0,0,1736,16321,0,1,1736,16322,California
Riverside,2020-12-30,2569,18893,1680,15871,889,3022,0,0,2568,18889,0,1,2568,18890,California
Riverside,2020-12-31,1021,19914,395,16266,626,3648,0,0,1023,19912,0,1,1023,19913,California
Riverside,2021-01-01,104,20018,40,16306,64,3712,0,0,104,20016,0,1,104,20017,California
Riverside,2021-01-02,830,20848,690,16996,140,3852,0,0,830,20846,0,1,830,20847,California
Riverside,2021-01-03,344,21192,299,17295,45,3897,0,0,343,21189,0,1,343,21190,California
Riverside,2021-01-04,1255,22447,792,18087,463,4360,0,0,1255,22444,0,1,1255,22445,California
Riverside,2021-01-05,1977,24424,1362,19449,615,4975,0,0,1883,24239,88,89,1883,24328,California
Riverside,2021-01-06,2470,26894,1100,20549,1370,6345,0,0,2164,26101,302,391,2164,26492,California
Riverside,2021-01-07,2768,29662,1815,22364,953,7298,0,0,1704,26747,1060,1451,1706,28198,California
Riverside,2021-01-08,4038,33700,2933,25297,1105,8403,0,0,2231,27175,1803,3254,2231,30429,California
Riverside,2021-01-09,2070,35770,845,26142,1225,9628,0,0,1724,28554,345,3599,1724,32153,California
Riverside,2021-01-10,1661,37431,732,26874,929,10557,0,0,1058,29009,603,4202,1058,33211,California
Riverside,2021-01-11,4511,41942,3090,29964,1421,11978,0,0,2780,30062,1728,5930,2781,35992,California
Riverside,2021-01-12,3397,45339,2726,32690,671,12649,0,0,1711,30092,1681,7611,1711,37703,California
Riverside,2021-01-13,4380,49719,2867,35557,1513,14162,0,0,2778,31271,1599,9210,2778,40481,California
Riverside,2021-01-14,5451,55170,1861,37418,3590,17752,0,0,4866,35552,585,9795,4866,45347,California
Riverside,2021-01-15,6138,61308,2092,39510,4046,21798,0,0,5852,41119,285,10080,5852,51199,California
Riverside,2021-01-16,3608,64916,1016,40526,2592,24390,0,0,3363,44238,245,10325,3364,54563,California
Riverside,2021-01-17,3592,68508,582,41108,3010,27400,0,0,3397,47441,194,10519,3397,57960,California
Riverside,2021-01-18,3716,72224,2018,43126,1698,29098,0,0,2711,49147,1005,11524,2711,60671,California
Riverside,2021-01-19,7388,79612,2636,45762,4752,33850,0,0,6271,54302,1117,12641,6272,66943,California
Riverside,2021-01-20,7952,87564,2870,48632,5082,38932,0,0,6472,59306,1471,14112,6475,73418,California
Riverside,2021-01-21,8200,95764,3366,51998,4834,43766,0,0,7585,66275,616,14728,7585,81003,California
Riverside,2021-01-22,8694,104458,2963,54961,5731,49497,0,0,8265,74114,427,15155,8266,89269,California
Riverside,2021-01-23,5918,110376,2389,57350,3529,53026,0,0,5191,78579,727,15882,5192,94461,California
Riverside,2021-01-24,3033,113409,1431,58781,1602,54628,0,0,2820,81190,210,16092,2821,97282,California
Riverside,2021-01-25,7870,121279,4534,63315,3336,57964,0,0,6748,86819,1120,17212,6749,104031,California
Riverside,2021-01-26,9109,130388,5731,69046,3378,61342,0,0,7600,92913,1507,18719,7601,111632,California
Riverside,2021-01-27,10494,140882,6169,75215,4325,65667,0,0,8982,100390,1509,20228,8986,120618,California
Riverside,2021-01-28,11381,152263,6693,81908,4688,70355,0,0,10228,109474,1145,21373,10229,130847,California
Riverside,2021-01-29,11837,164100,7221,89129,4616,74971,0,0,10471,118610,1339,22712,10475,141322,California
Riverside,2021-01-30,9042,173142,4603,93732,4439,79410,0,0,8582,126736,457,23169,8583,149905,California
Riverside,2021-01-31,5144,178286,4242,97974,902,80312,0,0,5016,131628,127,23296,5019,154924,California
Riverside,2021-02-01,10818,189104,6675,104649,4143,84455,0,0,9043,138904,1769,25065,9045,163969,California
Riverside,2021-02-02,9377,198481,4772,109421,4605,89060,0,0,7902,145340,1468,26533,7904,171873,California
Riverside,2021-02-03,11993,210474,4973,114394,7020,96080,0,0,9765,152888,2217,28750,9765,181638,California
Riverside,2021-02-04,13544,224018,6045,120439,7499,103579,0,0,11460,162273,2077,30827,11462,193100,California
Riverside,2021-02-05,14304,238322,5392,125831,8912,112491,0,0,11269,170519,3027,33854,11273,204373,California
Riverside,2021-02-06,7249,245571,4281,130112,2968,115459,0,0,5614,174508,1628,35482,5617,209990,California
Riverside,2021-02-07,2159,247730,788,130900,1371,116830,0,0,1843,176037,315,35797,1844,211834,California
Riverside,2021-02-08,12431,260161,5521,136421,6910,123740,0,0,10152,183930,2262,38059,10155,221989,California
Riverside,2021-02-09,9628,269789,4514,140935,5114,128854,0,0,7716,189747,1904,39963,7721,229710,California
Riverside,2021-02-10,12002,281791,6972,147907,5030,133884,0,0,8895,195555,3095,43058,8903,238613,California
Riverside,2021-02-11,16468,298259,8976,156883,7492,141376,0,0,12098,203319,4348,47406,12112,250725,California
Riverside,2021-02-12,17649,315908,10803,167686,6846,148222,0,0,12813,211349,4793,52199,12823,263548,California
Riverside,2021-02-13,6305,322213,2112,169798,4193,152415,0,0,3078,211239,3209,55408,3099,266647,California
Riverside,2021-02-14,4922,327135,1120,170918,3802,156217,0,0,2174,210670,2744,58152,2175,268822,California
Riverside,2021-02-15,9807,336942,4996,175914,4811,161028,0,0,5404,211686,4395,62547,5411,274233,California
Riverside,2021-02-16,16091,353033,10101,186015,5990,167018,0,0,9244,214097,6840,69387,9251,283484,California
Riverside,2021-02-17,14986,368019,8183,194198,6803,173821,0,0,7554,214240,7420,76807,7563,291047,California
Riverside,2021-02-18,15439,383458,8918,203116,6521,180342,0,0,8046,214923,7376,84183,8059,299106,California
Riverside,2021-02-19,15216,398674,8204,211320,7012,187354,0,0,7199,214132,7998,92181,7207,306313,California
Riverside,2021-02-20,8051,406725,4250,215570,3801,191155,0,0,2087,210272,5950,98131,2090,308403,California
Riverside,2021-02-21,3396,410121,2883,218453,513,191668,0,0,1023,208932,2363,100494,1023,309426,California
Riverside,2021-02-22,12277,422398,7700,226153,4577,196245,0,0,5094,206863,7168,107662,5099,314525,California
Riverside,2021-02-23,10986,433384,7476,233629,3510,199755,0,0,5350,206605,5612,113274,5354,319879,California
Riverside,2021-02-24,14696,448080,8020,241649,6676,206431,0,0,6406,204776,8252,121526,6423,326302,California
Riverside,2021-02-25,17102,465182,7265,248914,9837,216268,0,0,7971,203661,9110,130636,7995,334297,California
Riverside,2021-02-26,18223,483405,6671,255585,11552,227820,0,0,9098,203720,9070,139706,9129,343426,California
Riverside,2021-02-27,11335,494740,4903,260488,6432,234252,0,0,5668,203779,5635,145341,5694,349120,California
Riverside,2021-02-28,4606,499346,2942,263430,1664,235916,0,0,2376,203941,2221,147562,2383,351503,California
Riverside,2021-03-01,14232,513578,6057,269487,8174,244090,1,1,8402,206568,5803,153365,8430,359933,California
Riverside,2021-03-02,14754,528332,7229,276716,7524,251614,1,2,8727,209316,6006,159371,8754,368687,California
Riverside,2021-03-03,16652,544984,8211,284927,8441,260055,0,2,7147,207128,9460,168831,7272,375959,California
Riverside,2021-03-04,16403,561387,5965,290892,10433,270488,5,7,7955,206822,8407,177238,8101,384060,California
Riverside,2021-03-05,17452,578839,6873,297765,10535,281023,44,51,8751,207237,8653,185891,9068,393128,California
Riverside,2021-03-06,9071,587910,4689,302454,3904,284927,478,529,4624,207935,4434,190325,5132,398260,California
Riverside,2021-03-07,4164,592074,2690,305144,1087,286014,387,916,1955,208082,2201,192526,2348,400608,California
Riverside,2021-03-08,10290,602364,4657,309801,5234,291248,399,1315,4386,207008,5888,198414,4814,405422,California
Riverside,2021-03-09,12795,615159,6020,315821,6322,297570,453,1768,5221,205239,7561,205975,5792,411214,California
Riverside,2021-03-10,13367,628526,6689,322510,5866,303436,812,2580,5534,203928,7805,213780,6494,417708,California
Riverside,2021-03-11,17194,645720,8513,331023,6984,310420,1697,4277,6860,202387,10305,224085,8764,426472,California
Riverside,2021-03-12,21021,666741,7890,338913,8459,318879,4672,8949,7065,200528,13927,238012,12068,438540,California
Riverside,2021-03-13,8183,674924,2493,341406,4535,323414,1155,10104,4253,202099,3917,241929,5488,444028,California
Riverside,2021-03-14,4543,679467,1576,342982,1678,325092,1289,11393,2029,202910,2504,244433,3315,447343,California
Riverside,2021-03-15,18547,698014,7819,350801,9060,334152,1668,13061,9099,204368,9411,253844,10869,458212,California
Riverside,2021-03-16,20840,718854,10099,360900,9930,344082,811,13872,11363,207197,9440,263284,12269,470481,California
Riverside,2021-03-17,21187,740041,10856,371756,9286,353368,1045,14917,12736,212618,8421,271705,13842,484323,California
Riverside,2021-03-18,22489,762530,11696,383452,9144,362512,1649,16566,12492,216814,9954,281659,14150,498473,California
Riverside,2021-03-19,23894,786424,12538,395990,10411,372923,945,17511,13957,222189,9889,291548,15264,513737,California
Riverside,2021-03-20,10522,796946,6813,402803,2551,375474,1158,18669,6760,226372,3736,295284,7919,521656,California
Riverside,2021-03-21,3660,800606,2860,405663,547,376021,253,18922,2515,228009,1133,296417,2770,524426,California
Riverside,2021-03-22,16575,817181,9892,415555,6127,382148,556,19478,10577,233182,5959,302376,11132,535558,California
Riverside,2021-03-23,18484,835665,10454,426009,7610,389758,420,19898,11984,239152,6452,308828,12422,547980,California
Riverside,2021-03-24,18584,854249,10368,436377,8097,397855,119,20017,12823,246381,5720,314548,12949,560929,California
Riverside,2021-03-25,20972,875221,11596,447973,9202,407057,174,20191,14258,254166,6652,321200,14437,575366,California
Riverside,2021-03-26,23997,899218,11846,459819,11981,419038,170,20361,15087,260602,8826,330026,15262,590628,California
Riverside,2021-03-27,9182,908400,4815,464634,3314,422352,1053,21414,4730,261950,4436,334462,5784,596412,California
Riverside,2021-03-28,4713,913113,3102,467736,1520,423872,91,21505,2838,263013,1867,336329,2930,599342,California
Riverside,2021-03-29,15565,928678,7901,475637,7549,431421,115,21620,10040,267679,5499,341828,10165,609507,California
Riverside,2021-03-30,18257,946935,9521,485158,8535,439956,201,21821,11917,273492,6309,348137,12122,621629,California
Riverside,2021-03-31,17956,964891,8366,493524,9290,449246,300,22121,11673,279232,6242,354379,11982,633611,California
Riverside,2021-04-01,25191,990082,12361,505885,12092,461338,738,22859,16817,288463,8325,362704,17556,651167,California
Riverside,2021-04-02,25789,1015871,13904,519789,10962,472300,923,23782,16378,296632,9361,372065,17530,668697,California
Riverside,2021-04-03,9082,1024953,5753,525542,2769,475069,560,24342,5888,299897,3182,375247,6447,675144,California
Riverside,2021-04-04,3284,1028237,1998,527540,1071,476140,215,24557,1699,300230,1581,376828,1914,677058,California
Riverside,2021-04-05,18067,1046304,9352,536892,6899,483039,1816,26373,10565,305139,7475,384303,12384,689442,California
Riverside,2021-04-06,23350,1069654,12162,549054,9129,492168,2059,28432,13226,310343,10078,394381,15282,704724,California
Riverside,2021-04-07,24302,1093956,13154,562208,8749,500917,2399,30831,14239,316959,10024,404405,16640,721364,California
Riverside,2021-04-08,26539,1120495,14552,576760,9146,510063,2841,33672,16737,326781,9744,414149,19566,740930,California
Riverside,2021-04-09,25263,1145758,14997,591757,7977,518040,2289,35961,15687,335246,9533,423682,17998,758928,California
Riverside,2021-04-10,11439,1157197,6374,598131,3730,521770,1335,37296,4883,334945,6516,430198,6215,765143,California
Riverside,2021-04-11,4532,1161729,2719,600850,1232,523002,581,37877,2161,335327,2360,432558,2742,767885,California
Riverside,2021-04-12,19390,1181119,8594,609444,8323,531325,2473,40350,10165,338772,9189,441747,12634,780519,California
Riverside,2021-04-13,18633,1199752,10391,619835,8215,539540,27,40377,10732,341666,7867,449614,10761,791280,California
Riverside,2021-04-14,17794,1217546,9047,628882,8734,548274,13,40390,9244,342406,8520,458134,9260,800540,California
Riverside,2021-04-15,12966,1230512,7094,635976,5868,554142,4,40394,6521,342525,6410,464544,6529,807069,California
Sacramento,2020-12-15,314,314,314,314,0,0,0,0,314,314,0,0,314,314,California
Sacramento,2020-12-16,644,958,644,958,0,0,0,0,644,958,0,0,644,958,California
Sacramento,2020-12-17,645,1603,645,1603,0,0,0,0,645,1603,0,0,645,1603,California
Sacramento,2020-12-18,973,2576,970,2573,3,3,0,0,973,2576,0,0,973,2576,California
Sacramento,2020-12-19,613,3189,613,3186,0,3,0,0,613,3189,0,0,613,3189,California
Sacramento,2020-12-20,634,3823,634,3820,0,3,0,0,634,3823,0,0,634,3823,California
Sacramento,2020-12-21,1679,5502,1678,5498,1,4,0,0,1680,5503,0,0,1680,5503,California
Sacramento,2020-12-22,2092,7594,2062,7560,30,34,0,0,2092,7595,0,0,2092,7595,California
Sacramento,2020-12-23,2245,9839,2080,9640,165,199,0,0,2245,9840,0,0,2245,9840,California
Sacramento,2020-12-24,1045,10884,834,10474,211,410,0,0,1045,10885,0,0,1045,10885,California
Sacramento,2020-12-25,1,10885,0,10474,1,411,0,0,1,10886,0,0,1,10886,California
Sacramento,2020-12-26,508,11393,291,10765,217,628,0,0,508,11394,0,0,508,11394,California
Sacramento,2020-12-27,350,11743,247,11012,103,731,0,0,350,11744,0,0,350,11744,California
Sacramento,2020-12-28,1902,13645,1322,12334,580,1311,0,0,1901,13644,1,1,1901,13645,California
Sacramento,2020-12-29,1950,15595,1187,13521,763,2074,0,0,1950,15594,0,1,1950,15595,California
Sacramento,2020-12-30,2566,18161,1464,14985,1102,3176,0,0,2567,18161,0,1,2567,18162,California
Sacramento,2020-12-31,1227,19388,695,15680,532,3708,0,0,1227,19388,0,1,1227,19389,California
Sacramento,2021-01-01,68,19456,59,15739,9,3717,0,0,68,19456,0,1,68,19457,California
Sacramento,2021-01-02,563,20019,362,16101,201,3918,0,0,563,20019,0,1,563,20020,California
Sacramento,2021-01-03,409,20428,220,16321,189,4107,0,0,409,20428,0,1,409,20429,California
Sacramento,2021-01-04,1959,22387,845,17166,1114,5221,0,0,1957,22384,1,2,1957,22386,California
Sacramento,2021-01-05,2208,24595,985,18151,1223,6444,0,0,1854,23891,354,356,1861,24247,California
Sacramento,2021-01-06,2731,27326,1623,19774,1108,7552,0,0,1956,25075,772,1128,1956,26203,California
Sacramento,2021-01-07,2830,30156,1505,21279,1325,8877,0,0,1971,26190,856,1984,1971,28174,California
Sacramento,2021-01-08,3285,33441,2087,23366,1198,10075,0,0,2247,27404,1034,3018,2248,30422,California
Sacramento,2021-01-09,1289,34730,798,24164,491,10566,0,0,898,27913,389,3407,898,31320,California
Sacramento,2021-01-10,1247,35977,712,24876,535,11101,0,0,774,28216,472,3879,775,32095,California
Sacramento,2021-01-11,4336,40313,2947,27823,1389,12490,0,0,2409,28701,1926,5805,2411,34506,California
Sacramento,2021-01-12,4418,44731,3033,30856,1385,13875,0,0,2453,29194,1964,7769,2457,36963,California
Sacramento,2021-01-13,3773,48504,2163,33019,1610,15485,0,0,2363,30150,1409,9178,2365,39328,California
Sacramento,2021-01-14,4590,53094,2359,35378,2231,17716,0,0,3667,32898,919,10097,3667,42995,California
Sacramento,2021-01-15,4400,57494,2261,37639,2139,19855,0,0,3678,35856,721,10818,3679,46674,California
Sacramento,2021-01-16,2092,59586,1292,38931,800,20655,0,0,1875,37514,217,11035,1875,48549,California
Sacramento,2021-01-17,1633,61219,950,39881,683,21338,0,0,1455,38794,178,11213,1458,50007,California
Sacramento,2021-01-18,2857,64076,1764,41645,1093,22431,0,0,2332,40603,524,11737,2333,52340,California
Sacramento,2021-01-19,4617,68693,3054,44699,1563,23994,0,0,3351,42689,1266,13003,3352,55692,California
Sacramento,2021-01-20,4766,73459,2818,47517,1948,25942,0,0,3554,45034,1214,14217,3559,59251,California
Sacramento,2021-01-21,5177,78636,2984,50501,2193,28135,0,0,4216,48296,955,15172,4217,63468,California
Sacramento,2021-01-22,4967,83603,2645,53146,2322,30457,0,0,4663,52657,303,15475,4664,68132,California
Sacramento,2021-01-23,3724,87327,1558,54704,2166,32623,0,0,3270,55473,454,15929,3270,71402,California
Sacramento,2021-01-24,1574,88901,986,55690,588,33211,0,0,1335,56570,239,16168,1336,72738,California
Sacramento,2021-01-25,4352,93253,2110,57800,2242,35453,0,0,2936,58092,1416,17584,2938,75676,California
Sacramento,2021-01-26,4699,97952,2129,59929,2570,38023,0,0,3500,60397,1197,18781,3502,79178,California
Sacramento,2021-01-27,5789,103741,3044,62973,2745,40768,0,0,4186,62985,1600,20381,4188,83366,California
Sacramento,2021-01-28,5347,109088,2706,65679,2641,43409,0,0,4252,66144,1094,21475,4253,87619,California
Sacramento,2021-01-29,5372,114460,2925,68604,2447,45856,0,0,4357,69494,1007,22482,4357,91976,California
Sacramento,2021-01-30,4499,118959,2198,70802,2301,48157,0,0,4066,73129,431,22913,4066,96042,California
Sacramento,2021-01-31,2287,121246,1993,72795,294,48451,0,0,2015,74876,270,23183,2017,98059,California
Sacramento,2021-02-01,5897,127143,3007,75802,2890,51341,0,0,4241,77463,1654,24837,4241,102300,California
Sacramento,2021-02-02,6851,133994,3760,79562,3091,54432,0,0,4773,80177,2061,26898,4775,107075,California
Sacramento,2021-02-03,7083,141077,3546,83108,3537,57969,0,0,5227,83559,1847,28745,5229,112304,California
Sacramento,2021-02-04,7690,148767,3619,86727,4071,62040,0,0,5484,86847,2196,30941,5484,117788,California
Sacramento,2021-02-05,7714,156481,4366,91093,3348,65388,0,0,4809,88777,2882,33823,4812,122600,California
Sacramento,2021-02-06,8414,164895,3438,94531,4976,70364,0,0,7083,94534,1327,35150,7084,129684,California
Sacramento,2021-02-07,4037,168932,2155,96686,1882,72246,0,0,2820,96147,1209,36359,2822,132506,California
Sacramento,2021-02-08,6189,175121,3197,99883,2992,75238,0,0,3881,97725,2303,38662,3881,136387,California
Sacramento,2021-02-09,6710,181831,3503,103386,3207,78445,0,0,3920,98865,2781,41443,3921,140308,California
Sacramento,2021-02-10,7642,189473,4175,107561,3467,81912,0,0,4527,100292,3102,44545,4529,144837,California
Sacramento,2021-02-11,8764,198237,4978,112539,3786,85698,0,0,4788,101118,3964,48509,4790,149627,California
Sacramento,2021-02-12,10551,208788,4134,116673,6417,92115,0,0,6370,103349,4142,52651,6373,156000,California
Sacramento,2021-02-13,7586,216374,2985,119658,4601,96716,0,0,6007,107779,1577,54228,6007,162007,California
Sacramento,2021-02-14,3101,219475,1921,121579,1180,97896,0,0,2063,108810,1036,55264,2067,164074,California
Sacramento,2021-02-15,5942,225417,2033,123612,3909,101805,0,0,4150,111178,1784,57048,4152,168226,California
Sacramento,2021-02-16,8841,234258,4194,127806,4647,106452,0,0,5261,112871,3573,60621,5266,173492,California
Sacramento,2021-02-17,8795,243053,4964,132770,3831,110283,0,0,5121,114331,3662,64283,5122,178614,California
Sacramento,2021-02-18,8814,251867,5044,137814,3770,114053,0,0,5075,115676,3733,68016,5078,183692,California
Sacramento,2021-02-19,9976,261843,6121,143935,3855,117908,0,0,5903,117523,4060,72076,5907,189599,California
Sacramento,2021-02-20,7332,269175,5353,149288,1979,119887,0,0,4287,118773,3038,75114,4288,193887,California
Sacramento,2021-02-21,2878,272053,2292,151580,586,120473,0,0,1000,117902,1871,76985,1000,194887,California
Sacramento,2021-02-22,6148,278201,3722,155302,2426,122899,0,0,2665,117096,3475,80460,2669,197556,California
Sacramento,2021-02-23,7096,285297,4414,159716,2682,125581,0,0,3463,116944,3618,84078,3466,201022,California
Sacramento,2021-02-24,9572,294869,5274,164990,4298,129879,0,0,5243,117877,4315,88393,5248,206270,California
Sacramento,2021-02-25,9971,304840,5375,170365,4596,134475,0,0,5511,118942,4446,92839,5511,211781,California
Sacramento,2021-02-26,13842,318682,6448,176813,7394,141869,0,0,9519,124172,4293,97132,9523,221304,California
Sacramento,2021-02-27,10767,329449,6698,183511,4066,145935,3,3,7920,129266,2830,99962,7924,229228,California
Sacramento,2021-02-28,5545,334994,2182,185693,3363,149298,0,3,2559,128854,2972,102934,2560,231788,California
Sacramento,2021-03-01,7943,342937,3419,189112,4524,153822,0,3,4270,129473,3653,106587,4272,236060,California
Sacramento,2021-03-02,8771,351708,3985,193097,4785,158607,1,4,5474,131668,3282,109869,5477,241537,California
Sacramento,2021-03-03,10670,362378,4888,197985,5779,164386,3,7,6293,133607,4359,114228,6298,247835,California
Sacramento,2021-03-04,12248,374626,5084,203069,7160,171546,4,11,7054,135507,5165,119393,7065,254900,California
Sacramento,2021-03-05,10491,385117,4867,207936,5594,177140,30,41,6964,138994,3508,122901,6995,261895,California
Sacramento,2021-03-06,8032,393149,3087,211023,4823,181963,122,163,4062,139224,3953,126854,4183,266078,California
Sacramento,2021-03-07,7540,400689,2180,213203,5276,187239,84,247,3699,139168,3838,130692,3782,269860,California
Sacramento,2021-03-08,9060,409749,4224,217427,4613,191852,223,470,5932,142205,3116,133808,6153,276013,California
Sacramento,2021-03-09,9438,419187,4501,221928,4668,196520,269,739,5413,143877,4010,137818,5682,281695,California
Sacramento,2021-03-10,11554,430741,7458,229386,3770,200290,326,1065,6743,146169,4779,142597,7071,288766,California
Sacramento,2021-03-11,13788,444529,8847,238233,4159,204449,782,1847,8186,149573,5563,148160,8967,297733,California
Sacramento,2021-03-12,17136,461665,8271,246504,8038,212487,827,2674,8081,149487,9004,157164,8918,306651,California
Sacramento,2021-03-13,12808,474473,3555,250059,8831,221318,422,3096,8062,153235,4734,161898,8482,315133,California
Sacramento,2021-03-14,8257,482730,3441,253500,4190,225508,626,3722,4386,154398,3848,165746,5011,320144,California
Sacramento,2021-03-15,12023,494753,4797,258297,6588,232096,638,4360,6976,156987,5026,170772,7615,327759,California
Sacramento,2021-03-16,13770,508523,6177,264474,6956,239052,637,4997,8471,160825,5267,176039,9105,336864,California
Sacramento,2021-03-17,13406,521929,6536,271010,6260,245312,610,5607,8622,165295,4759,180798,9229,346093,California
Sacramento,2021-03-18,13786,535715,6542,277552,6684,251996,560,6167,9095,170286,4662,185460,9653,355746,California
Sacramento,2021-03-19,14787,550502,7417,284969,6008,258004,1362,7529,7415,171715,7348,192808,8777,364523,California
Sacramento,2021-03-20,12669,563171,7521,292490,4809,262813,339,7868,7972,175355,4673,197481,8313,372836,California
Sacramento,2021-03-21,5527,568698,2747,295237,2741,265554,39,7907,4885,179652,629,198110,4926,377762,California
Sacramento,2021-03-22,9215,577913,4753,299990,3696,269250,766,8673,6233,183697,2956,201066,7001,384763,California
Sacramento,2021-03-23,11137,589050,6696,306686,3634,272884,807,9480,7173,187750,3927,204993,7980,392743,California
Sacramento,2021-03-24,11627,600677,7215,313901,3781,276665,631,10111,6697,190191,4890,209883,7331,400074,California
Sacramento,2021-03-25,12298,612975,6722,320623,4771,281436,805,10916,7122,192972,5145,215028,7926,408000,California
Sacramento,2021-03-26,17359,630334,8255,328878,8616,290052,488,11404,8470,193102,8831,223859,8961,416961,California
Sacramento,2021-03-27,9496,639830,3536,332414,5676,295728,284,11688,5110,194138,4357,228216,5393,422354,California
Sacramento,2021-03-28,6406,646236,3201,335615,2958,298686,247,11935,3063,194119,3334,231550,3315,425669,California
Sacramento,2021-03-29,10708,656944,5872,341487,4639,303325,197,12132,5150,193936,5533,237083,5350,431019,California
Sacramento,2021-03-30,11578,668522,6032,347519,5217,308542,329,12461,6069,194845,5488,242571,6397,437416,California
Sacramento,2021-03-31,13141,681663,7790,355309,4958,313500,393,12854,5652,193421,7465,250036,6041,443457,California
Sacramento,2021-04-01,15320,696983,8648,363957,6454,319954,218,13072,5800,189952,9494,259530,6025,449482,California
Sacramento,2021-04-02,15867,712850,8652,372609,6525,326479,690,13762,7953,190708,7890,267420,8646,458128,California
Sacramento,2021-04-03,10326,723176,6159,378768,3620,330099,547,14309,6371,193691,3932,271352,6915,465043,California
Sacramento,2021-04-04,3599,726775,1489,380257,1925,332024,185,14494,1401,193080,2194,273546,1583,466626,California
Sacramento,2021-04-05,11931,738706,7503,387760,3616,335640,812,15306,5352,192684,6557,280103,6161,472787,California
Sacramento,2021-04-06,15423,754129,8796,396556,5331,340971,1296,16602,6856,192300,8535,288638,8151,480938,California
Sacramento,2021-04-07,14596,768725,7926,404482,5128,346099,1542,18144,7118,193508,7445,296083,8653,489591,California
Sacramento,2021-04-08,14743,783468,6619,411101,5196,351295,2928,21072,5901,193517,8810,304893,8819,498410,California
Sacramento,2021-04-09,15370,798838,7569,418670,5697,356992,2104,23176,5977,192236,9356,314249,8075,506485,California
Sacramento,2021-04-10,11342,810180,2994,421664,7348,364340,1000,24176,4507,190925,6812,321061,5501,511986,California
Sacramento,2021-04-11,9441,819621,3086,424750,6135,370475,220,24396,2589,186901,6831,327892,2807,514793,California
Sacramento,2021-04-12,12646,832267,4829,429579,5985,376460,1832,26228,4844,185809,7755,335647,6663,521456,California
Sacramento,2021-04-13,13817,846084,7562,437141,6252,382712,3,26231,5321,182666,8471,344118,5328,526784,California
Sacramento,2021-04-14,12935,859019,6508,443649,6425,389137,2,26233,4511,178779,8403,352521,4516,531300,California
Sacramento,2021-04-15,8789,867808,4218,447867,4569,393706,2,26235,3076,176193,5694,358215,3108,534408,California
San Benito,2020-12-16,2,2,2,2,0,0,0,0,2,2,0,0,2,2,California
San Benito,2020-12-17,8,10,8,10,0,0,0,0,8,10,0,0,8,10,California
San Benito,2020-12-18,32,42,32,42,0,0,0,0,32,42,0,0,32,42,California
San Benito,2020-12-19,47,89,47,89,0,0,0,0,47,89,0,0,47,89,California
San Benito,2020-12-20,22,111,21,110,1,1,0,0,22,111,0,0,22,111,California
San Benito,2020-12-21,48,159,48,158,0,1,0,0,48,159,0,0,48,159,California
San Benito,2020-12-22,65,224,65,223,0,1,0,0,65,224,0,0,65,224,California
San Benito,2020-12-23,48,272,36,259,12,13,0,0,48,272,0,0,48,272,California
San Benito,2020-12-24,12,284,4,263,8,21,0,0,12,284,0,0,12,284,California
San Benito,2020-12-25,4,288,4,267,0,21,0,0,4,288,0,0,4,288,California
San Benito,2020-12-26,13,301,4,271,9,30,0,0,13,301,0,0,13,301,California
San Benito,2020-12-27,8,309,7,278,1,31,0,0,8,309,0,0,8,309,California
San Benito,2020-12-28,63,372,36,314,27,58,0,0,63,372,0,0,63,372,California
San Benito,2020-12-29,49,421,20,334,29,87,0,0,49,421,0,0,49,421,California
San Benito,2020-12-30,59,480,37,371,22,109,0,0,59,480,0,0,59,480,California
San Benito,2020-12-31,19,499,2,373,17,126,0,0,19,499,0,0,19,499,California
San Benito,2021-01-02,24,523,23,396,1,127,0,0,24,523,0,0,24,523,California
San Benito,2021-01-03,3,526,1,397,2,129,0,0,3,526,0,0,3,526,California
San Benito,2021-01-04,62,588,23,420,39,168,0,0,62,588,0,0,62,588,California
San Benito,2021-01-05,118,706,36,456,82,250,0,0,115,700,3,3,115,703,California
San Benito,2021-01-06,97,803,42,498,55,305,0,0,83,769,14,17,83,786,California
San Benito,2021-01-07,80,883,43,541,37,342,0,0,52,793,28,45,52,838,California
San Benito,2021-01-08,131,1014,67,608,64,406,0,0,88,838,43,88,88,926,California
San Benito,2021-01-09,44,1058,31,639,13,419,0,0,30,854,14,102,30,956,California
San Benito,2021-01-10,15,1073,13,652,2,421,0,0,5,849,10,112,5,961,California
San Benito,2021-01-11,102,1175,59,711,43,464,0,0,49,845,53,165,49,1010,California
San Benito,2021-01-12,156,1331,53,764,103,567,0,0,120,929,36,201,120,1130,California
San Benito,2021-01-13,190,1521,35,799,155,722,0,0,163,1065,27,228,163,1293,California
San Benito,2021-01-14,114,1635,23,822,91,813,0,0,97,1145,17,245,97,1390,California
San Benito,2021-01-15,214,1849,21,843,193,1006,0,0,200,1331,14,259,200,1590,California
San Benito,2021-01-16,27,1876,9,852,18,1024,0,0,21,1346,6,265,21,1611,California
San Benito,2021-01-17,11,1887,5,857,6,1030,0,0,8,1351,3,268,8,1619,California
San Benito,2021-01-18,36,1923,23,880,13,1043,0,0,21,1357,15,283,21,1640,California
San Benito,2021-01-19,150,2073,63,943,87,1130,0,0,124,1455,26,309,124,1764,California
San Benito,2021-01-20,260,2333,80,1023,180,1310,0,0,214,1624,45,354,214,1978,California
San Benito,2021-01-21,124,2457,31,1054,93,1403,0,0,100,1700,24,378,100,2078,California
San Benito,2021-01-22,230,2687,19,1073,211,1614,0,0,220,1910,10,388,220,2298,California
San Benito,2021-01-23,30,2717,16,1089,14,1628,0,0,13,1906,17,405,13,2311,California
San Benito,2021-01-24,11,2728,3,1092,8,1636,0,0,7,1909,4,409,7,2318,California
San Benito,2021-01-25,67,2795,25,1117,42,1678,0,0,22,1886,45,454,22,2340,California
San Benito,2021-01-26,134,2929,41,1158,93,1771,0,0,81,1914,53,507,81,2421,California
San Benito,2021-01-27,230,3159,69,1227,161,1932,0,0,190,2064,40,547,190,2611,California
San Benito,2021-01-28,156,3315,32,1259,124,2056,0,0,124,2157,31,578,124,2735,California
San Benito,2021-01-29,284,3599,32,1291,252,2308,0,0,260,2394,23,601,260,2995,California
San Benito,2021-01-30,49,3648,31,1322,18,2326,0,0,27,2399,22,623,27,3022,California
San Benito,2021-01-31,17,3665,5,1327,12,2338,0,0,12,2406,5,628,12,3034,California
San Benito,2021-02-01,133,3798,28,1355,105,2443,0,0,89,2451,44,672,89,3123,California
San Benito,2021-02-02,224,4022,48,1403,176,2619,0,0,134,2495,90,762,134,3257,California
San Benito,2021-02-03,336,4358,42,1445,294,2913,0,0,272,2703,64,826,272,3529,California
San Benito,2021-02-04,160,4518,24,1469,136,3049,0,0,116,2775,44,870,116,3645,California
San Benito,2021-02-05,290,4808,40,1509,250,3299,0,0,227,2939,63,933,227,3872,California
San Benito,2021-02-06,49,4857,9,1518,40,3339,0,0,32,2954,17,950,32,3904,California
San Benito,2021-02-07,15,4872,7,1525,8,3347,0,0,14,2967,1,951,14,3918,California
San Benito,2021-02-08,137,5009,15,1540,122,3469,0,0,91,3012,46,997,91,4009,California
San Benito,2021-02-09,326,5335,64,1604,262,3731,0,0,195,3076,131,1128,195,4204,California
San Benito,2021-02-10,318,5653,88,1692,230,3961,0,0,124,3006,194,1322,124,4328,California
San Benito,2021-02-11,295,5948,31,1723,264,4225,0,0,197,3105,98,1420,197,4525,California
San Benito,2021-02-12,411,6359,30,1753,381,4606,0,0,207,3109,203,1623,207,4732,California
San Benito,2021-02-13,57,6416,8,1761,49,4655,0,0,43,3138,14,1637,43,4775,California
San Benito,2021-02-14,40,6456,5,1766,35,4690,0,0,30,3158,10,1647,30,4805,California
San Benito,2021-02-15,106,6562,9,1775,97,4787,0,0,95,3242,11,1658,95,4900,California
San Benito,2021-02-16,202,6764,11,1786,191,4978,0,0,101,3242,101,1759,101,5001,California
San Benito,2021-02-17,327,7091,30,1816,297,5275,0,0,279,3473,48,1807,279,5280,California
San Benito,2021-02-18,291,7382,38,1854,253,5528,0,0,70,3322,221,2028,70,5350,California
San Benito,2021-02-19,324,7706,45,1899,279,5807,0,0,158,3314,166,2194,158,5508,California
San Benito,2021-02-20,45,7751,26,1925,19,5826,0,0,36,3341,9,2203,36,5544,California
San Benito,2021-02-21,23,7774,8,1933,15,5841,0,0,14,3346,9,2212,14,5558,California
San Benito,2021-02-22,131,7905,36,1969,95,5936,0,0,97,3410,33,2245,97,5655,California
San Benito,2021-02-23,374,8279,92,2061,282,6218,0,0,263,3562,111,2356,263,5918,California
San Benito,2021-02-24,373,8652,63,2124,310,6528,0,0,235,3659,138,2494,235,6153,California
San Benito,2021-02-25,391,9043,63,2187,328,6856,0,0,270,3806,123,2617,270,6423,California
San Benito,2021-02-26,640,9683,73,2260,567,7423,0,0,398,3962,242,2859,398,6821,California
San Benito,2021-02-27,98,9781,36,2296,62,7485,0,0,83,4030,15,2874,83,6904,California
San Benito,2021-02-28,247,10028,23,2319,224,7709,0,0,238,4259,9,2883,238,7142,California
San Benito,2021-03-01,224,10252,59,2378,165,7874,0,0,155,4344,70,2953,155,7297,California
San Benito,2021-03-02,257,10509,76,2454,181,8055,0,0,188,4463,69,3022,188,7485,California
San Benito,2021-03-03,382,10891,55,2509,327,8382,0,0,208,4499,172,3194,208,7693,California
San Benito,2021-03-04,606,11497,122,2631,469,8851,15,15,428,4753,178,3372,432,8125,California
San Benito,2021-03-05,582,12079,305,2936,264,9115,13,28,373,4931,208,3580,386,8511,California
San Benito,2021-03-06,188,12267,65,3001,109,9224,14,42,137,5031,51,3631,151,8662,California
San Benito,2021-03-07,646,12913,602,3603,22,9246,22,64,614,5635,32,3663,636,9298,California
San Benito,2021-03-08,286,13199,65,3668,175,9421,46,110,166,5727,120,3783,212,9510,California
San Benito,2021-03-09,418,13617,85,3753,235,9656,98,208,135,5651,282,4065,206,9716,California
San Benito,2021-03-10,401,14018,114,3867,193,9849,94,302,232,5808,169,4234,326,10042,California
San Benito,2021-03-11,467,14485,119,3986,196,10045,152,454,207,5907,260,4494,359,10401,California
San Benito,2021-03-12,507,14992,117,4103,297,10342,93,547,229,5954,276,4770,323,10724,California
San Benito,2021-03-13,201,15193,102,4205,81,10423,18,565,128,6029,71,4841,146,10870,California
San Benito,2021-03-14,232,15425,40,4245,172,10595,20,585,180,6178,51,4892,200,11070,California
San Benito,2021-03-15,323,15748,99,4344,205,10800,19,604,189,6252,134,5026,208,11278,California
San Benito,2021-03-16,481,16229,217,4561,233,11033,31,635,341,6483,140,5166,371,11649,California
San Benito,2021-03-17,777,17006,475,5036,280,11313,22,657,556,6836,217,5383,570,12219,California
San Benito,2021-03-18,780,17786,524,5560,200,11513,56,713,568,7241,210,5593,615,12834,California
San Benito,2021-03-19,774,18560,402,5962,349,11862,23,736,591,7672,183,5776,614,13448,California
San Benito,2021-03-20,234,18794,145,6107,77,11939,12,748,178,7806,56,5832,190,13638,California
San Benito,2021-03-21,105,18899,54,6161,46,11985,5,753,78,7862,27,5859,83,13721,California
San Benito,2021-03-22,327,19226,169,6330,133,12118,25,778,225,8010,102,5961,250,13971,California
San Benito,2021-03-23,476,19702,199,6529,267,12385,10,788,223,7989,253,6214,232,14203,California
San Benito,2021-03-24,555,20257,306,6835,242,12627,7,795,360,8160,195,6409,366,14569,California
San Benito,2021-03-25,710,20967,412,7247,294,12921,4,799,416,8288,292,6701,420,14989,California
San Benito,2021-03-26,993,21960,515,7762,475,13396,3,802,327,7953,665,7366,330,15319,California
San Benito,2021-03-27,327,22287,181,7943,113,13509,33,835,211,8082,115,7481,244,15563,California
San Benito,2021-03-28,691,22978,571,8514,115,13624,5,840,127,7650,564,8045,132,15695,California
San Benito,2021-03-29,347,23325,112,8626,215,13839,20,860,152,7626,195,8240,171,15866,California
San Benito,2021-03-30,566,23891,265,8891,210,14049,91,951,287,7725,279,8519,378,16244,California
San Benito,2021-03-31,577,24468,354,9245,199,14248,24,975,333,7840,242,8761,357,16601,California
San Benito,2021-04-01,928,25396,374,9619,517,14765,37,1012,555,8054,372,9133,586,17187,California
San Benito,2021-04-02,536,25932,261,9880,140,14905,135,1147,264,8181,272,9405,399,17586,California
San Benito,2021-04-03,247,26179,89,9969,104,15009,54,1201,78,8144,169,9574,132,17718,California
San Benito,2021-04-04,146,26325,110,10079,30,15039,6,1207,108,8220,38,9612,114,17832,California
San Benito,2021-04-05,349,26674,170,10249,138,15177,41,1248,142,8195,207,9819,182,18014,California
San Benito,2021-04-06,364,27038,158,10407,121,15298,85,1333,162,8240,202,10021,247,18261,California
San Benito,2021-04-07,841,27879,519,10926,213,15511,109,1442,254,8017,586,10607,363,18624,California
San Benito,2021-04-08,727,28606,418,11344,171,15682,138,1580,210,7849,516,11123,348,18972,California
San Benito,2021-04-09,836,29442,497,11841,249,15931,90,1670,303,7710,532,11655,393,19365,California
San Benito,2021-04-10,317,29759,213,12054,59,15990,45,1715,192,7822,125,11780,237,19602,California
San Benito,2021-04-11,452,30211,260,12314,167,16157,25,1740,235,7865,217,11997,260,19862,California
San Benito,2021-04-12,502,30713,267,12581,129,16286,106,1846,258,7984,243,12240,362,20224,California
San Benito,2021-04-13,664,31377,229,12810,435,16721,0,1846,466,8253,197,12437,466,20690,California
San Benito,2021-04-14,509,31886,356,13166,153,16874,0,1846,198,8143,309,12746,199,20889,California
San Benito,2021-04-15,552,32438,410,13576,141,17015,1,1847,274,8164,278,13024,299,21188,California
San Bernardino,2020-12-15,13,13,13,13,0,0,0,0,13,13,0,0,13,13,California
San Bernardino,2020-12-16,107,120,107,120,0,0,0,0,107,120,0,0,107,120,California
San Bernardino,2020-12-17,2350,2470,2350,2470,0,0,0,0,2350,2470,0,0,2350,2470,California
San Bernardino,2020-12-18,3142,5612,3139,5609,3,3,0,0,3143,5613,0,0,3143,5613,California
San Bernardino,2020-12-19,1066,6678,1065,6674,1,4,0,0,1067,6680,0,0,1067,6680,California
San Bernardino,2020-12-20,1173,7851,1172,7846,1,5,0,0,1173,7853,0,0,1173,7853,California
San Bernardino,2020-12-21,2452,10303,2447,10293,5,10,0,0,2452,10305,0,0,2452,10305,California
San Bernardino,2020-12-22,2268,12571,2142,12435,126,136,0,0,2269,12574,0,0,2269,12574,California
San Bernardino,2020-12-23,2646,15217,1454,13889,1192,1328,0,0,2645,15219,0,0,2645,15219,California
San Bernardino,2020-12-24,1159,16376,585,14474,574,1902,0,0,1161,16380,0,0,1161,16380,California
San Bernardino,2020-12-25,74,16450,14,14488,60,1962,0,0,74,16454,0,0,74,16454,California
San Bernardino,2020-12-26,461,16911,253,14741,208,2170,0,0,461,16915,0,0,461,16915,California
San Bernardino,2020-12-27,343,17254,160,14901,183,2353,0,0,343,17258,0,0,343,17258,California
San Bernardino,2020-12-28,1559,18813,709,15610,850,3203,0,0,1560,18818,0,0,1560,18818,California
San Bernardino,2020-12-29,2210,21023,1042,16652,1168,4371,0,0,2209,21026,1,1,2209,21027,California
San Bernardino,2020-12-30,2890,23913,1460,18112,1430,5801,0,0,2891,23917,0,1,2891,23918,California
San Bernardino,2020-12-31,1355,25268,439,18551,916,6717,0,0,1353,25270,0,1,1353,25271,California
San Bernardino,2021-01-01,279,25547,149,18700,130,6847,0,0,278,25548,0,1,278,25549,California
San Bernardino,2021-01-02,474,26021,338,19038,136,6983,0,0,474,26022,0,1,474,26023,California
San Bernardino,2021-01-03,135,26156,85,19123,50,7033,0,0,135,26157,0,1,135,26158,California
San Bernardino,2021-01-04,2116,28272,1285,20408,831,7864,0,0,2115,28272,0,1,2115,28273,California
San Bernardino,2021-01-05,2325,30597,1455,21863,870,8734,0,0,2215,30378,109,110,2215,30488,California
San Bernardino,2021-01-06,3425,34022,2354,24217,1071,9805,0,0,2932,32824,487,597,2933,33421,California
San Bernardino,2021-01-07,5405,39427,4499,28716,906,10711,0,0,2475,32388,2911,3508,2475,35896,California
San Bernardino,2021-01-08,5356,44783,4440,33156,916,11627,0,0,2283,31605,3067,6575,2284,38180,California
San Bernardino,2021-01-09,1402,46185,1103,34259,299,11926,0,0,905,32013,497,7072,905,39085,California
San Bernardino,2021-01-10,1020,47205,598,34857,422,12348,0,0,573,32139,447,7519,573,39658,California
San Bernardino,2021-01-11,4980,52185,4078,38935,902,13250,0,0,2766,32694,2211,9730,2766,42424,California
San Bernardino,2021-01-12,4228,56413,3220,42155,1008,14258,0,0,2514,33495,1713,11443,2514,44938,California
San Bernardino,2021-01-13,4550,60963,2848,45003,1702,15960,0,0,3326,35611,1211,12654,3327,48265,California
San Bernardino,2021-01-14,4741,65704,2773,47776,1968,17928,0,0,4159,39192,578,13232,4159,52424,California
San Bernardino,2021-01-15,5978,71682,2972,50748,3006,20934,0,0,5583,44393,385,13617,5586,58010,California
San Bernardino,2021-01-16,2254,73936,1289,52037,965,21899,0,0,2113,46365,141,13758,2113,60123,California
San Bernardino,2021-01-17,1187,75123,515,52552,672,22571,0,0,1097,47375,89,13847,1099,61222,California
San Bernardino,2021-01-18,4261,79384,2635,55187,1626,24197,0,0,3643,50403,617,14464,3645,64867,California
San Bernardino,2021-01-19,6296,85680,3706,58893,2590,26787,0,0,5207,54525,1087,15551,5209,70076,California
San Bernardino,2021-01-20,6801,92481,3730,62623,3071,29858,0,0,4873,57480,1920,17471,4875,74951,California
San Bernardino,2021-01-21,5979,98460,3073,65696,2906,32764,0,0,4865,61242,1105,18576,4867,79818,California
San Bernardino,2021-01-22,6497,104957,3034,68730,3463,36227,0,0,5776,66300,719,19295,5777,85595,California
San Bernardino,2021-01-23,3099,108056,1885,70615,1214,37441,0,0,2712,68626,386,19681,2712,88307,California
San Bernardino,2021-01-24,1191,109247,460,71075,731,38172,0,0,1091,69617,100,19781,1091,89398,California
San Bernardino,2021-01-25,6859,116106,3395,74470,3464,41636,0,0,5016,72795,1841,21622,5019,94417,California
San Bernardino,2021-01-26,7096,123202,3562,78032,3534,45170,0,0,5006,75711,2090,23712,5006,99423,California
San Bernardino,2021-01-27,8278,131480,4111,82143,4167,49337,0,0,5584,78611,2685,26397,5585,105008,California
San Bernardino,2021-01-28,8541,140021,4050,86193,4491,53828,0,0,6236,82546,2301,28698,6236,111244,California
San Bernardino,2021-01-29,8134,148155,3736,89929,4398,58226,0,0,6185,86796,1936,30634,6186,117430,California
San Bernardino,2021-01-30,3081,151236,1894,91823,1187,59413,0,0,2797,89310,283,30917,2797,120227,California
San Bernardino,2021-01-31,922,152158,492,92315,430,59843,0,0,868,90125,53,30970,868,121095,California
San Bernardino,2021-02-01,7528,159686,4226,96541,3302,63145,0,0,4911,92422,2614,33584,4911,126006,California
San Bernardino,2021-02-02,10367,170053,3646,100187,6721,69866,0,0,8319,98697,2045,35629,8320,134326,California
San Bernardino,2021-02-03,8962,179015,4144,104331,4818,74684,0,0,6481,102706,2473,38102,6482,140808,California
San Bernardino,2021-02-04,10507,189522,5199,109530,5308,79992,0,0,7442,107094,3054,41156,7442,148250,California
San Bernardino,2021-02-05,10961,200483,5907,115437,5054,85046,0,0,7446,111037,3504,44660,7447,155697,California
San Bernardino,2021-02-06,5248,205731,2205,117642,3043,88089,0,0,3616,113049,1607,46267,3619,159316,California
San Bernardino,2021-02-07,844,206575,491,118133,353,88442,0,0,467,113143,374,46641,468,159784,California
San Bernardino,2021-02-08,7264,213839,3869,122002,3395,91837,0,0,5600,117083,1660,48301,5600,165384,California
San Bernardino,2021-02-09,9897,223736,5818,127820,4079,95916,0,0,6673,120538,3221,51522,6676,172060,California
San Bernardino,2021-02-10,11993,235729,6531,134351,5462,101378,0,0,7837,124231,4145,55667,7838,179898,California
San Bernardino,2021-02-11,12241,247970,7041,141392,5200,106578,0,0,7812,127639,4407,60074,7815,187713,California
San Bernardino,2021-02-12,10334,258304,5917,147309,4417,110995,0,0,5682,128683,4638,64712,5682,193395,California
San Bernardino,2021-02-13,6003,264307,3989,151298,2014,113009,0,0,3766,130233,2221,66933,3771,197166,California
San Bernardino,2021-02-14,1545,265852,648,151946,897,113906,0,0,870,130436,667,67600,870,198036,California
San Bernardino,2021-02-15,5455,271307,2995,154941,2460,116366,0,0,3057,131109,2384,69984,3057,201093,California
San Bernardino,2021-02-16,12574,283881,7372,162313,5202,121568,0,0,7966,134482,4595,74579,7968,209061,California
San Bernardino,2021-02-17,11773,295654,6452,168765,5321,126889,0,0,7161,137047,4597,79176,7162,216223,California
San Bernardino,2021-02-18,12445,308099,7581,176346,4864,131753,0,0,7707,140031,4724,83900,7708,223931,California
San Bernardino,2021-02-19,11464,319563,5901,182247,5563,137316,0,0,6783,142151,4663,88563,6783,230714,California
San Bernardino,2021-02-20,4490,324053,3448,185695,1042,138358,0,0,2040,141744,2448,91011,2041,232755,California
San Bernardino,2021-02-21,1018,325071,561,186256,457,138815,0,0,320,141369,695,91706,320,233075,California
San Bernardino,2021-02-22,8489,333560,5196,191452,3293,142108,0,0,4024,140940,4454,96160,4025,237100,California
San Bernardino,2021-02-23,8826,342386,5182,196634,3644,145752,0,0,4526,141196,4270,100430,4526,241626,California
San Bernardino,2021-02-24,11988,354374,6844,203478,5144,150896,0,0,6057,141347,5907,106337,6058,247684,California
San Bernardino,2021-02-25,12891,367265,6248,209726,6643,157539,0,0,7512,143499,5363,111700,7515,255199,California
San Bernardino,2021-02-26,13324,380589,6372,216098,6952,164491,0,0,7493,145221,5772,117472,7494,262693,California
San Bernardino,2021-02-27,6595,387184,3664,219762,2931,167422,0,0,4778,148191,1808,119280,4778,267471,California
San Bernardino,2021-02-28,1733,388917,708,220470,1025,168447,0,0,1121,148705,607,119887,1121,268592,California
San Bernardino,2021-03-01,8360,397277,4306,224776,4053,172500,1,1,3821,148016,4518,124405,3829,272421,California
San Bernardino,2021-03-02,13499,410776,5324,230100,8175,180675,0,1,6421,147389,7051,131456,6424,278845,California
San Bernardino,2021-03-03,12458,423234,6320,236420,6137,186812,1,2,5753,146459,6689,138145,5759,284604,California
San Bernardino,2021-03-04,12741,435975,6477,242897,6264,193076,0,2,5767,145272,6956,145101,5769,290373,California
San Bernardino,2021-03-05,13345,449320,6711,249608,6633,199709,1,3,6782,145536,6536,151637,6800,297173,California
San Bernardino,2021-03-06,9496,458816,5263,254871,4018,203727,215,218,4425,145118,5057,156694,4639,301812,California
San Bernardino,2021-03-07,1567,460383,926,255797,586,204313,55,273,997,145602,568,157262,1052,302864,California
San Bernardino,2021-03-08,7238,467621,3103,258900,3974,208287,161,434,3462,145457,3771,161033,3626,306490,California
San Bernardino,2021-03-09,11916,479537,6550,265450,5130,213417,236,670,4786,143364,7116,168149,5023,311513,California
San Bernardino,2021-03-10,13298,492835,7249,272699,5657,219074,392,1062,6148,142785,7125,175274,6546,318059,California
San Bernardino,2021-03-11,13699,506534,6468,279167,6432,225506,799,1861,7190,144286,6489,181763,7990,326049,California
San Bernardino,2021-03-12,15182,521716,6770,285937,6402,231908,2010,3871,7259,145705,7896,189659,9315,335364,California
San Bernardino,2021-03-13,8225,529941,4481,290418,3244,235152,500,4371,4884,147757,3333,192992,5385,340749,California
San Bernardino,2021-03-14,3196,533137,1600,292018,1029,236181,567,4938,1829,148788,1362,194354,2393,343142,California
San Bernardino,2021-03-15,11250,544387,5304,297322,3947,240128,1999,6937,5521,150586,5720,200074,7518,350660,California
San Bernardino,2021-03-16,15963,560350,7884,305206,7137,247265,942,7879,9743,155070,6198,206272,10682,361342,California
San Bernardino,2021-03-17,16799,577149,8444,313650,7609,254874,746,8625,10114,159262,6670,212942,10862,372204,California
San Bernardino,2021-03-18,16225,593374,8049,321699,7792,262666,384,9009,9536,162521,6662,219604,9921,382125,California
San Bernardino,2021-03-19,16624,609998,8189,329888,7851,270517,584,9593,9527,165613,7073,226677,10165,392290,California
San Bernardino,2021-03-20,9341,619339,5886,335774,2873,273390,582,10175,5546,167970,3769,230446,6126,398416,California
San Bernardino,2021-03-21,2735,622074,2232,338006,456,273846,47,10222,2215,169723,509,230955,2262,400678,California
San Bernardino,2021-03-22,9549,631623,4488,342494,4628,278474,433,10655,6937,174498,2596,233551,7371,408049,California
San Bernardino,2021-03-23,15277,646900,8664,351158,5993,284467,620,11275,9548,178954,5710,239261,10166,418215,California
San Bernardino,2021-03-24,14847,661747,7708,358866,6841,291308,298,11573,9916,184268,4901,244162,10215,428430,California
San Bernardino,2021-03-25,16614,678361,8171,367037,8154,299462,289,11862,10570,189122,6002,250164,10856,439286,California
San Bernardino,2021-03-26,17777,696138,8537,375574,8483,307945,757,12619,10848,193827,6901,257065,11606,450892,California
San Bernardino,2021-03-27,10650,706788,6859,382433,3044,310989,747,13366,6107,196153,4528,261593,6854,457746,California
San Bernardino,2021-03-28,3513,710301,2471,384904,931,311920,111,13477,2478,197712,1029,262622,2588,460334,California
San Bernardino,2021-03-29,11247,721548,5934,390838,4915,316835,398,13875,7633,202141,3601,266223,8030,468364,California
San Bernardino,2021-03-30,16719,738267,9385,400223,6628,323463,706,14581,10800,207756,5888,272111,11503,479867,California
San Bernardino,2021-03-31,16104,754371,9110,409333,6389,329852,605,15186,10884,214044,5199,277310,11487,491354,California
San Bernardino,2021-04-01,19356,773727,10247,419580,7765,337617,1344,16530,12660,221376,6669,283979,14001,505355,California
San Bernardino,2021-04-02,18300,792027,9137,428717,7900,345517,1263,17793,11090,226586,7183,291162,12393,517748,California
San Bernardino,2021-04-03,10837,802864,6768,435485,2948,348465,1121,18914,5943,228764,4883,296045,7061,524809,California
San Bernardino,2021-04-04,2408,805272,1449,436934,716,349181,243,19157,1224,229049,1182,297227,1467,526276,California
San Bernardino,2021-04-05,11629,816901,5240,442174,4675,353856,1714,20871,6035,231219,5575,302802,7745,534021,California
San Bernardino,2021-04-06,19525,836426,10973,453147,6476,360332,2076,22947,10426,234655,9064,311866,12500,546521,California
San Bernardino,2021-04-07,20743,857169,11146,464293,7192,367524,2405,25352,11446,239228,9268,321134,13841,560362,California
San Bernardino,2021-04-08,21105,878274,10644,474937,7921,375445,2540,27892,11633,243952,9444,330578,14168,574530,California
San Bernardino,2021-04-09,20395,898669,10050,484987,7935,383380,2410,30302,11154,248299,9210,339788,13557,588087,California
San Bernardino,2021-04-10,15080,913749,7745,492732,3775,387155,3560,33862,7484,251758,7577,347365,11036,599123,California
San Bernardino,2021-04-11,4302,918051,2531,495263,881,388036,890,34752,2001,252352,2296,349661,2890,602013,California
San Bernardino,2021-04-12,12325,930376,5588,500851,5317,393353,1420,36172,5822,253106,6486,356147,7240,609253,California
San Bernardino,2021-04-13,14679,945055,7281,508132,7380,400733,18,36190,7200,252859,7463,363610,7216,616469,California
San Bernardino,2021-04-14,13115,958170,6429,514561,6683,407416,3,36193,7029,253826,6067,369677,7034,623503,California
San Bernardino,2021-04-15,9808,967978,5066,519627,4739,412155,3,36196,5187,254445,4607,374284,5226,628729,California
San Diego,2020-12-15,119,119,119,119,0,0,0,0,119,119,0,0,119,119,California
San Diego,2020-12-16,1101,1220,1101,1220,0,0,0,0,1101,1220,0,0,1101,1220,California
San Diego,2020-12-17,2348,3568,2348,3568,0,0,0,0,2348,3568,0,0,2348,3568,California
San Diego,2020-12-18,3671,7239,3670,7238,1,1,0,0,3671,7239,0,0,3671,7239,California
San Diego,2020-12-19,2310,9549,2310,9548,0,1,0,0,2310,9549,0,0,2310,9549,California
San Diego,2020-12-20,1184,10733,1183,10731,1,2,0,0,1184,10733,0,0,1184,10733,California
San Diego,2020-12-21,3521,14254,3520,14251,1,3,0,0,3521,14254,0,0,3521,14254,California
San Diego,2020-12-22,4055,18309,3412,17663,643,646,0,0,4055,18309,0,0,4055,18309,California
San Diego,2020-12-23,3178,21487,1976,19639,1202,1848,0,0,3178,21487,0,0,3178,21487,California
San Diego,2020-12-24,2733,24220,2217,21856,516,2364,0,0,2733,24220,0,0,2733,24220,California
San Diego,2020-12-25,875,25095,874,22730,1,2365,0,0,874,25093,1,1,874,25094,California
San Diego,2020-12-26,3295,28390,2144,24874,1151,3516,0,0,3294,28387,0,1,3294,28388,California
San Diego,2020-12-27,2507,30897,1617,26491,890,4406,0,0,2506,30892,1,2,2506,30894,California
San Diego,2020-12-28,5900,36797,4213,30704,1687,6093,0,0,5900,36792,0,2,5900,36794,California
San Diego,2020-12-29,5588,42385,3014,33718,2574,8667,0,0,5588,42380,0,2,5588,42382,California
San Diego,2020-12-30,5943,48328,3099,36817,2844,11511,0,0,5943,48323,0,2,5943,48325,California
San Diego,2020-12-31,2983,51311,1004,37821,1979,13490,0,0,2983,51306,0,2,2983,51308,California
San Diego,2021-01-01,1006,52317,452,38273,554,14044,0,0,1005,52311,0,2,1005,52313,California
San Diego,2021-01-02,3762,56079,1321,39594,2441,16485,0,0,3762,56073,0,2,3762,56075,California
San Diego,2021-01-03,859,56938,632,40226,227,16712,0,0,858,56931,0,2,858,56933,California
San Diego,2021-01-04,3703,60641,2052,42278,1651,18363,0,0,3696,60627,0,2,3696,60629,California
San Diego,2021-01-05,4307,64948,2122,44400,2185,20548,0,0,3690,63717,613,615,3703,64332,California
San Diego,2021-01-06,4948,69896,2300,46700,2648,23196,0,0,3713,66222,1212,1827,3717,68049,California
San Diego,2021-01-07,5606,75502,2980,49680,2626,25822,0,0,3451,67531,2148,3975,3457,71506,California
San Diego,2021-01-08,7721,83223,4959,54639,2762,28584,0,0,3935,67712,3769,7744,3950,75456,California
San Diego,2021-01-09,2955,86178,1554,56193,1401,29985,0,0,1787,68349,1158,8902,1795,77251,California
San Diego,2021-01-10,1881,88059,1292,57485,589,30574,0,0,780,68048,1089,9991,788,78039,California
San Diego,2021-01-11,10323,98382,5858,63343,4465,35039,0,0,6798,71342,3518,13509,6812,84851,California
San Diego,2021-01-12,11201,109583,5317,68660,5884,40923,0,0,7828,75920,3364,16873,7942,92793,California
San Diego,2021-01-13,11476,121059,5023,73683,6453,47376,0,0,8931,82342,2532,19405,8954,101747,California
San Diego,2021-01-14,12361,133420,4750,78433,7611,54987,0,0,10195,90414,2157,21562,10229,111976,California
San Diego,2021-01-15,15118,148538,5353,83786,9765,64752,0,0,12476,100318,2623,24185,12527,124503,California
San Diego,2021-01-16,10766,159304,3594,87380,7172,71924,0,0,9321,108230,1440,25625,9352,133855,California
San Diego,2021-01-17,8681,167985,2499,89879,6182,78106,0,0,7843,115253,838,26463,7861,141716,California
San Diego,2021-01-18,12498,180483,5942,95821,6556,84662,0,0,9667,122183,2792,29255,9722,151438,California
San Diego,2021-01-19,14750,195233,5823,101644,8927,93589,0,0,11624,130953,3112,32367,11882,163320,California
San Diego,2021-01-20,18324,213557,6385,108029,11939,105528,0,0,15034,142887,3271,35638,15205,178525,California
San Diego,2021-01-21,17402,230959,5898,113927,11504,117032,0,0,16012,157666,1379,37017,16158,194683,California
San Diego,2021-01-22,17677,248636,4755,118682,12922,129954,0,0,15623,171344,2041,39058,15719,210402,California
San Diego,2021-01-23,14474,263110,5269,123951,9205,139159,0,0,12113,181164,2348,41406,12168,222570,California
San Diego,2021-01-24,11912,275022,3358,127309,8554,147713,0,0,10937,191162,973,42379,10971,233541,California
San Diego,2021-01-25,12208,287230,5737,133046,6471,154184,0,0,9198,197507,3003,45382,9348,242889,California
San Diego,2021-01-26,14911,302141,7617,140663,7294,161478,0,0,11637,206061,3269,48651,11823,254712,California
San Diego,2021-01-27,20741,322882,8106,148769,12635,174113,0,0,17657,220781,3070,51721,17790,272502,California
San Diego,2021-01-28,21253,344135,7599,156368,13654,187767,0,0,18995,237604,2248,53969,19071,291573,California
San Diego,2021-01-29,19695,363830,6457,162825,13238,201005,0,0,17275,252511,2410,56379,17317,308890,California
San Diego,2021-01-30,15895,379725,3667,166492,12228,213233,0,0,13220,263162,2665,59044,13316,322206,California
San Diego,2021-01-31,14790,394515,5752,172244,9038,222271,0,0,14435,277270,351,59395,14459,336665,California
San Diego,2021-02-01,20518,415033,7233,179477,13285,235556,0,0,17329,291500,3175,62570,17405,354070,California
San Diego,2021-02-02,23199,438232,8691,188168,14508,250064,0,0,19668,307815,3521,66091,19836,373906,California
San Diego,2021-02-03,27447,465679,11562,199730,15885,265949,0,0,23274,327114,4155,70246,23454,397360,California
San Diego,2021-02-04,24373,490052,10026,209756,14347,280296,0,0,19675,342388,4681,74927,19955,417315,California
San Diego,2021-02-05,24986,515038,8949,218705,16037,296333,0,0,18440,354794,6523,81450,18929,436244,California
San Diego,2021-02-06,20768,535806,8547,227252,12221,308554,0,0,17573,369401,3189,84639,17796,454040,California
San Diego,2021-02-07,12127,547933,5375,232627,6752,315306,0,0,10263,378072,1844,86483,10515,464555,California
San Diego,2021-02-08,20097,568030,8520,241147,11577,326883,0,0,12687,384052,7394,93877,13374,477929,California
San Diego,2021-02-09,20391,588421,8238,249385,12153,339036,0,0,13195,391139,7176,101053,14263,492192,California
San Diego,2021-02-10,22982,611403,9359,258744,13623,352659,0,0,13883,397321,9055,110108,15237,507429,California
San Diego,2021-02-11,23778,635181,10141,268885,13637,366296,0,0,12736,400714,11016,121124,14409,521838,California
San Diego,2021-02-12,23833,659014,7457,276342,16376,382672,0,0,11921,402989,11895,133019,14170,536008,California
San Diego,2021-02-13,20020,679034,9012,285354,11008,393680,0,0,10896,405964,9116,142135,12091,548099,California
San Diego,2021-02-14,11188,690222,7431,292785,3757,397437,0,0,6340,409119,4844,146979,7999,556098,California
San Diego,2021-02-15,15187,705409,7682,300467,7505,404942,0,0,7842,412785,7326,154305,10992,567090,California
San Diego,2021-02-16,19281,724690,11251,311718,8030,412972,0,0,9236,415382,10034,164339,12631,579721,California
San Diego,2021-02-17,23390,748080,10979,322697,12411,425383,0,0,8153,411902,15228,179567,11748,591469,California
San Diego,2021-02-18,23569,771649,12017,334714,11552,436935,0,0,7799,408575,15764,195331,12437,603906,California
San Diego,2021-02-19,15904,787553,10918,345632,4986,441921,0,0,6633,408058,9252,204583,8735,612641,California
San Diego,2021-02-20,10259,797812,6362,351994,3897,445818,0,0,5824,411708,4432,209015,8082,620723,California
San Diego,2021-02-21,11526,809338,10115,362109,1411,447229,0,0,5199,412948,6302,215317,7542,628265,California
San Diego,2021-02-22,12440,821778,10579,372688,1861,449090,0,0,5804,414604,6631,221948,8287,636552,California
San Diego,2021-02-23,25906,847684,14525,387213,11381,460471,0,0,9679,415026,16222,238170,16644,653196,California
San Diego,2021-02-24,28949,876633,12760,399973,16189,476660,0,0,6875,408450,22055,260225,15479,668675,California
San Diego,2021-02-25,33179,909812,14705,414678,18474,495134,0,0,10166,405038,22994,283219,19582,688257,California
San Diego,2021-02-26,33445,943257,12390,427068,21055,516189,0,0,12180,403163,21240,304459,19365,707622,California
San Diego,2021-02-27,21238,964495,9673,436741,11565,527754,0,0,11454,409301,9780,314239,15918,723540,California
San Diego,2021-02-28,15237,979732,9939,446680,5298,533052,0,0,9493,416862,5742,319981,13303,736843,California
San Diego,2021-03-01,24154,1003886,14234,460914,9919,542971,1,1,14669,426927,9412,329393,19477,756320,California
San Diego,2021-03-02,26054,1029940,13981,474895,12073,555044,0,1,12718,434051,13329,342722,20453,776773,California
San Diego,2021-03-03,33948,1063888,15879,490774,18066,573110,3,4,14056,436137,19879,362601,21965,798738,California
San Diego,2021-03-04,28254,1092142,14056,504830,14198,587308,0,4,12639,440546,15596,378197,20005,818743,California
San Diego,2021-03-05,28876,1121018,14808,519638,13986,601294,82,86,13485,446344,15380,393577,21178,839921,California
San Diego,2021-03-06,23338,1144356,9510,529148,13125,614419,703,789,10298,449843,13034,406611,16533,856454,California
San Diego,2021-03-07,18195,1162551,9292,538440,8333,622752,570,1359,6911,451548,11279,417890,12984,869438,California
San Diego,2021-03-08,23015,1185566,11163,549603,10953,633705,899,2258,11421,457209,11584,429474,17245,886683,California
San Diego,2021-03-09,25787,1211353,11935,561538,12099,645804,1753,4011,10062,459427,15713,445187,17931,904614,California
San Diego,2021-03-10,25208,1236561,10726,572264,12092,657896,2390,6401,9853,462241,15347,460534,18161,922775,California
San Diego,2021-03-11,28670,1265231,10990,583254,14083,671979,3597,9998,10022,462865,18629,479163,19253,942028,California
San Diego,2021-03-12,27075,1292306,9444,592698,14501,686480,3130,13128,9980,462427,17082,496245,16644,958672,California
San Diego,2021-03-13,25951,1318257,7283,599981,17065,703545,1603,14731,10060,462398,15888,512133,15859,974531,California
San Diego,2021-03-14,13695,1331952,5354,605335,7606,711151,735,15466,4779,461442,8911,521044,7955,982486,California
San Diego,2021-03-15,22001,1353953,10154,615489,11070,722221,777,16243,9057,463329,12930,533974,14817,997303,California
San Diego,2021-03-16,29878,1383831,15694,631183,13771,735992,413,16656,15648,470594,14212,548186,21477,1018780,California
San Diego,2021-03-17,26222,1410053,12141,643324,13372,749364,709,17365,16702,481316,9510,557696,20232,1039012,California
San Diego,2021-03-18,31375,1441428,17693,661017,12786,762150,896,18261,16960,489960,14397,572093,23041,1062053,California
San Diego,2021-03-19,30142,1471570,14290,675307,14875,777025,977,19238,19270,501286,10856,582949,22182,1084235,California
San Diego,2021-03-20,27763,1499333,8353,683660,17619,794644,1791,21029,21350,519927,6405,589354,25046,1109281,California
San Diego,2021-03-21,16478,1515811,12001,695661,3761,798405,716,21745,7691,523686,8779,598133,12538,1121819,California
San Diego,2021-03-22,22430,1538241,13095,708756,9094,807499,241,21986,14287,534756,8135,606268,19205,1141024,California
San Diego,2021-03-23,25901,1564142,13600,722356,12040,819539,261,22247,17122,548007,8766,615034,22017,1163041,California
San Diego,2021-03-24,29456,1593598,19701,742057,9392,828931,363,22610,17080,558171,12369,627403,22533,1185574,California
San Diego,2021-03-25,30206,1623804,18213,760270,11335,840266,658,23268,17932,568596,12265,639668,22690,1208264,California
San Diego,2021-03-26,32011,1655815,17849,778119,13615,853881,547,23815,17513,577157,14469,654137,23030,1231294,California
San Diego,2021-03-27,24942,1680757,10969,789088,13580,867461,393,24208,15248,585388,9678,663815,17909,1249203,California
San Diego,2021-03-28,14839,1695596,9168,798256,5615,873076,56,24264,9130,590342,5703,669518,10657,1259860,California
San Diego,2021-03-29,26490,1722086,12796,811052,13098,886174,596,24860,16348,601978,10135,679653,21771,1281631,California
San Diego,2021-03-30,33074,1755160,17836,828888,14470,900644,768,25628,21939,616840,11120,690773,25982,1307613,California
San Diego,2021-03-31,30073,1785233,18657,847545,10779,911423,637,26265,20464,629479,9589,700362,22228,1329841,California
San Diego,2021-04-01,33854,1819087,19934,867479,12570,923993,1350,27615,23000,645797,10832,711194,27150,1356991,California
San Diego,2021-04-02,35350,1854437,20577,888056,12228,936221,2545,30160,24052,662639,11280,722474,28122,1385113,California
San Diego,2021-04-03,30602,1885039,14375,902431,11751,947972,4476,34636,19655,677426,10936,733410,25723,1410836,California
San Diego,2021-04-04,8878,1893917,5056,907487,2924,950896,898,35534,4687,679085,4187,737597,5846,1416682,California
San Diego,2021-04-05,29566,1923483,15350,922837,11670,962566,2546,38080,19377,693632,10178,747775,24725,1441407,California
San Diego,2021-04-06,38490,1961973,20341,943178,12382,974948,5767,43847,22342,708832,16131,763906,31331,1472738,California
San Diego,2021-04-07,35401,1997374,21841,965019,9143,984091,4417,48264,20273,721199,15091,778997,27458,1500196,California
San Diego,2021-04-08,34375,2031749,20820,985839,9628,993719,3927,52191,20916,735736,13432,792429,27969,1528165,California
San Diego,2021-04-09,37389,2069138,22384,1008223,10030,1003749,4975,57166,20461,748435,16835,809264,29534,1557699,California
San Diego,2021-04-10,27946,2097084,11410,1019633,12610,1016359,3926,61092,14376,757030,13561,822825,22156,1579855,California
San Diego,2021-04-11,15231,2112315,9173,1028806,3849,1020208,2209,63301,7157,761280,8070,830895,12320,1592175,California
San Diego,2021-04-12,29412,2141727,11793,1040599,13358,1033566,4261,67562,16858,772742,12529,843424,23991,1616166,California
San Diego,2021-04-13,36315,2178042,17289,1057888,18992,1052558,34,67596,24417,789521,11883,855307,28662,1644828,California
San Diego,2021-04-14,31449,2209491,17739,1075627,13700,1066258,10,67606,17121,799114,14318,869625,23911,1668739,California
San Diego,2021-04-15,18768,2228259,7639,1083266,11128,1077386,1,67607,14308,811311,4458,874083,16655,1685394,California
San Francisco,2020-12-15,7,7,7,7,0,0,0,0,7,7,0,0,7,7,California
San Francisco,2020-12-16,229,236,229,236,0,0,0,0,229,236,0,0,229,236,California
San Francisco,2020-12-17,395,631,395,631,0,0,0,0,395,631,0,0,395,631,California
San Francisco,2020-12-18,878,1509,877,1508,1,1,0,0,878,1509,0,0,878,1509,California
San Francisco,2020-12-19,601,2110,601,2109,0,1,0,0,601,2110,0,0,601,2110,California
San Francisco,2020-12-20,483,2593,483,2592,0,1,0,0,483,2593,0,0,483,2593,California
San Francisco,2020-12-21,1162,3755,1162,3754,0,1,0,0,1162,3755,0,0,1162,3755,California
San Francisco,2020-12-22,1399,5154,1365,5119,34,35,0,0,1399,5154,0,0,1399,5154,California
San Francisco,2020-12-23,1328,6482,1039,6158,289,324,0,0,1328,6482,0,0,1328,6482,California
San Francisco,2020-12-24,839,7321,503,6661,336,660,0,0,839,7321,0,0,839,7321,California
San Francisco,2020-12-25,33,7354,28,6689,5,665,0,0,33,7354,0,0,33,7354,California
San Francisco,2020-12-26,245,7599,151,6840,94,759,0,0,245,7599,0,0,245,7599,California
San Francisco,2020-12-27,273,7872,60,6900,213,972,0,0,273,7872,0,0,273,7872,California
San Francisco,2020-12-28,1269,9141,685,7585,584,1556,0,0,1269,9141,0,0,1269,9141,California
San Francisco,2020-12-29,1244,10385,621,8206,623,2179,0,0,1244,10385,0,0,1244,10385,California
San Francisco,2020-12-30,1482,11867,778,8984,704,2883,0,0,1482,11867,0,0,1482,11867,California
San Francisco,2020-12-31,964,12831,412,9396,552,3435,0,0,963,12830,0,0,963,12830,California
San Francisco,2021-01-01,69,12900,61,9457,8,3443,0,0,69,12899,0,0,69,12899,California
San Francisco,2021-01-02,333,13233,302,9759,31,3474,0,0,333,13232,0,0,333,13232,California
San Francisco,2021-01-03,293,13526,101,9860,192,3666,0,0,292,13523,1,1,292,13524,California
San Francisco,2021-01-04,1835,15361,1355,11215,480,4146,0,0,1832,15352,3,4,1832,15356,California
San Francisco,2021-01-05,2233,17594,1413,12628,820,4966,0,0,2198,17517,35,39,2200,17556,California
San Francisco,2021-01-06,1867,19461,1161,13789,706,5672,0,0,1602,18857,263,302,1603,19159,California
San Francisco,2021-01-07,2059,21520,1201,14990,858,6530,0,0,1603,20007,453,755,1603,20762,California
San Francisco,2021-01-08,2327,23847,1631,16621,696,7226,0,0,1489,20663,833,1588,1489,22251,California
San Francisco,2021-01-09,1386,25233,891,17512,495,7721,0,0,883,21045,503,2091,885,23136,California
San Francisco,2021-01-10,921,26154,542,18054,379,8100,0,0,461,21047,459,2550,461,23597,California
San Francisco,2021-01-11,2500,28654,1869,19923,631,8731,0,0,1401,21348,1100,3650,1401,24998,California
San Francisco,2021-01-12,3083,31737,2054,21977,1029,9760,0,0,1892,22050,1191,4841,1893,26891,California
San Francisco,2021-01-13,2816,34553,1598,23575,1218,10978,0,0,1989,23212,827,5668,1989,28880,California
San Francisco,2021-01-14,2429,36982,1093,24668,1336,12314,0,0,1870,24523,559,6227,1870,30750,California
San Francisco,2021-01-15,2736,39718,1144,25812,1592,13906,0,0,2345,26481,389,6616,2347,33097,California
San Francisco,2021-01-16,2247,41965,964,26776,1283,15189,0,0,2083,28400,164,6780,2083,35180,California
San Francisco,2021-01-17,1917,43882,531,27307,1386,16575,0,0,1702,29887,215,6995,1702,36882,California
San Francisco,2021-01-18,1372,45254,587,27894,785,17360,0,0,1110,30738,261,7256,1112,37994,California
San Francisco,2021-01-19,2567,47821,1470,29364,1097,18457,0,0,1823,31817,744,8000,1823,39817,California
San Francisco,2021-01-20,2699,50520,1083,30447,1616,20073,0,0,1952,33026,744,8744,1953,41770,California
San Francisco,2021-01-21,3286,53806,927,31374,2359,22432,0,0,2465,34672,819,9563,2465,44235,California
San Francisco,2021-01-22,3166,56972,632,32006,2534,24966,0,0,2724,36956,440,10003,2724,46959,California
San Francisco,2021-01-23,3088,60060,608,32614,2480,27446,0,0,2721,39312,366,10369,2722,49681,California
San Francisco,2021-01-24,2397,62457,335,32949,2062,29508,0,0,2170,41258,224,10593,2170,51851,California
San Francisco,2021-01-25,4573,67030,1777,34726,2796,32304,0,0,3031,42750,1540,12133,3032,54883,California
San Francisco,2021-01-26,4651,71681,2127,36853,2524,34828,0,0,3063,44230,1585,13718,3065,57948,California
San Francisco,2021-01-27,4415,76096,2072,38925,2343,37171,0,0,3067,45953,1344,15062,3067,61015,California
San Francisco,2021-01-28,3747,79843,1551,40476,2196,39367,0,0,2587,47385,1155,16217,2587,63602,California
San Francisco,2021-01-29,4710,84553,1677,42153,3033,42400,0,0,3444,49570,1259,17476,3444,67046,California
San Francisco,2021-01-30,3721,88274,1792,43945,1929,44329,0,0,3277,52407,443,17919,3280,70326,California
San Francisco,2021-01-31,2344,90618,820,44765,1524,45853,0,0,2193,54451,150,18069,2194,72520,California
San Francisco,2021-02-01,3776,94394,1516,46281,2260,48113,0,0,2880,56436,896,18965,2881,75401,California
San Francisco,2021-02-02,4640,99034,1958,48239,2682,50795,0,0,2876,57554,1758,20723,2876,78277,California
San Francisco,2021-02-03,5053,104087,2369,50608,2684,53479,0,0,3751,60007,1299,22022,3752,82029,California
San Francisco,2021-02-04,5013,109100,2430,53038,2583,56062,0,0,3852,62700,1159,23181,3852,85881,California
San Francisco,2021-02-05,5912,115012,3190,56228,2722,58784,0,0,4577,65946,1332,24513,4578,90459,California
San Francisco,2021-02-06,5466,120478,3649,59877,1817,60601,0,0,4567,69617,897,25410,4568,95027,California
San Francisco,2021-02-07,4321,124799,3171,63048,1150,61751,0,0,3745,72790,575,25985,3748,98775,California
San Francisco,2021-02-08,6677,131476,4599,67647,2078,63829,0,0,5473,77078,1187,27172,5475,104250,California
San Francisco,2021-02-09,5909,137385,3983,71630,1926,65755,0,0,4360,79893,1546,28718,4361,108611,California
San Francisco,2021-02-10,6830,144215,4170,75800,2660,68415,0,0,5069,83212,1753,30471,5072,113683,California
San Francisco,2021-02-11,6676,150891,3955,79755,2721,71136,0,0,4871,86281,1803,32274,4872,118555,California
San Francisco,2021-02-12,5298,156189,2662,82417,2636,73772,0,0,3475,87934,1822,34096,3475,122030,California
San Francisco,2021-02-13,4352,160541,2547,84964,1805,75577,0,0,3029,89642,1323,35419,3031,125061,California
San Francisco,2021-02-14,3409,163950,2236,87200,1173,76750,0,0,2289,90813,1119,36538,2290,127351,California
San Francisco,2021-02-15,2750,166700,1487,88687,1263,78013,0,0,1672,91409,1076,37614,1672,129023,California
San Francisco,2021-02-16,4971,171671,2719,91406,2252,80265,0,0,2951,92352,2014,39628,2957,131980,California
San Francisco,2021-02-17,5392,177063,2678,94084,2714,82979,0,0,2955,92880,2428,42056,2956,134936,California
San Francisco,2021-02-18,5364,182427,2627,96711,2737,85716,0,0,2808,93135,2556,44612,2811,137747,California
San Francisco,2021-02-19,5616,188043,2639,99350,2977,88693,0,0,2922,93371,2688,47300,2924,140671,California
San Francisco,2021-02-20,4473,192516,2137,101487,2336,91029,0,0,1695,92297,2770,50070,1696,142367,California
San Francisco,2021-02-21,2731,195247,1363,102850,1368,92397,0,0,1138,91847,1589,51659,1139,143506,California
San Francisco,2021-02-22,5084,200331,3164,106014,1920,94317,0,0,2554,91881,2522,54181,2556,146062,California
San Francisco,2021-02-23,5434,205765,3073,109087,2361,96678,0,0,2758,91969,2670,56851,2758,148820,California
San Francisco,2021-02-24,8940,214705,5060,114147,3880,100558,0,0,4765,92569,4166,61017,4766,153586,California
San Francisco,2021-02-25,9724,224429,6839,120986,2885,103443,0,0,6279,95406,3444,64461,6281,159867,California
San Francisco,2021-02-26,11883,236312,7715,128701,4168,107611,0,0,7042,97605,4844,69305,7043,166910,California
San Francisco,2021-02-27,8873,245185,5645,134346,3227,110838,1,1,4494,97734,4367,73672,4496,171406,California
San Francisco,2021-02-28,7687,252872,5514,139860,2173,113011,0,1,3825,97699,3861,77533,3826,175232,California
San Francisco,2021-03-01,10633,263505,7135,146995,3497,116508,1,2,5142,97371,5474,83007,5146,180378,California
San Francisco,2021-03-02,8799,272304,5610,152605,3189,119697,0,2,5105,98789,3688,86695,5106,185484,California
San Francisco,2021-03-03,10842,283146,6179,158784,4662,124359,1,3,5869,99699,4963,91658,5873,191357,California
San Francisco,2021-03-04,8586,291732,5401,164185,3185,127544,0,3,4846,100811,3734,95392,4846,196203,California
San Francisco,2021-03-05,8615,300347,5105,169290,3507,131051,3,6,5417,103044,3188,98580,5421,201624,California
San Francisco,2021-03-06,6836,307183,4404,173694,2224,133275,208,214,4200,104799,2649,101229,4404,206028,California
San Francisco,2021-03-07,5111,312294,3972,177666,1082,134357,57,271,2878,105487,2247,103476,2935,208963,California
San Francisco,2021-03-08,7096,319390,5140,182806,1771,136128,185,456,5555,109654,1573,105049,5740,214703,California
San Francisco,2021-03-09,6671,326061,3908,186714,2389,138517,374,830,4555,112455,2123,107172,4924,219627,California
San Francisco,2021-03-10,10344,336405,5856,192570,3994,142511,494,1324,6327,115279,3998,111170,6822,226449,California
San Francisco,2021-03-11,10000,346405,6330,198900,2713,145224,957,2281,6564,119373,3421,114591,7515,233964,California
San Francisco,2021-03-12,10676,357081,6229,205129,3141,148365,1306,3587,5938,121899,4716,119307,7242,241206,California
San Francisco,2021-03-13,6545,363626,3827,208956,1672,150037,1046,4633,4064,124534,2474,121781,5109,246315,California
San Francisco,2021-03-14,7471,371097,4840,213796,2397,152434,234,4867,4041,125391,3418,125199,4275,250590,California
San Francisco,2021-03-15,11890,382987,9062,222858,1896,154330,932,5799,8238,130914,3640,128839,9163,259753,California
San Francisco,2021-03-16,12009,394996,8158,231016,3395,157725,456,6255,8739,136850,3257,132096,9193,268946,California
San Francisco,2021-03-17,13136,408132,8108,239124,4488,162213,540,6795,9503,143282,3607,135703,10039,278985,California
San Francisco,2021-03-18,9883,418015,6719,245843,2545,164758,619,7414,5623,145287,4235,139938,6240,285225,California
San Francisco,2021-03-19,11973,429988,8688,254531,2822,167580,463,7877,6378,146552,5574,145512,6839,292064,California
San Francisco,2021-03-20,8635,438623,6373,260904,1804,169384,458,8335,5133,148669,3475,148987,5592,297656,California
San Francisco,2021-03-21,6439,445062,5887,266791,418,169802,134,8469,3682,149740,2745,151732,3816,301472,California
San Francisco,2021-03-22,9637,454699,6798,273589,1999,171801,840,9309,5071,151104,4546,156278,5910,307382,California
San Francisco,2021-03-23,11103,465802,7338,280927,3119,174920,646,9955,6697,154069,4376,160654,7341,314723,California
San Francisco,2021-03-24,12215,478017,9368,290295,2312,177232,535,10490,6328,155079,5850,166504,6860,321583,California
San Francisco,2021-03-25,11719,489736,8618,298913,2547,179779,554,11044,5888,155747,5771,172275,6439,328022,California
San Francisco,2021-03-26,11794,501530,8166,307079,3399,183178,229,11273,6097,156401,5669,177944,6323,334345,California
San Francisco,2021-03-27,8581,510111,5727,312806,2509,185687,345,11618,3892,155964,4674,182618,4237,338582,California
San Francisco,2021-03-28,6545,516656,5222,318028,1282,186969,41,11659,3153,155784,3372,185990,3192,341774,California
San Francisco,2021-03-29,11346,528002,7860,325888,3304,190273,182,11841,5144,154931,6179,192169,5326,347100,California
San Francisco,2021-03-30,11462,539464,7151,333039,4020,194293,291,12132,6884,157550,4555,196724,7174,354274,California
San Francisco,2021-03-31,12075,551539,8012,341051,3769,198062,294,12426,5660,157113,6386,203110,5949,360223,California
San Francisco,2021-04-01,13623,565162,7247,348298,4745,202807,1631,14057,5934,157015,7661,210771,7563,367786,California
San Francisco,2021-04-02,14540,579702,6414,354712,6319,209126,1807,15864,6864,158027,7658,218429,8670,376456,California
San Francisco,2021-04-03,10209,589911,4751,359463,3684,212810,1774,17638,4676,158954,5521,223950,6448,382904,California
San Francisco,2021-04-04,8842,598753,4658,364121,2576,215386,1608,19246,3516,158764,5316,229266,5126,388030,California
San Francisco,2021-04-05,15828,614581,9691,373812,4274,219660,1863,21109,6333,157486,9472,238738,8194,396224,California
San Francisco,2021-04-06,15884,630465,9415,383227,4428,224088,2041,23150,6243,156143,9624,248362,8281,404505,California
San Francisco,2021-04-07,16536,647001,9944,393171,4387,228475,2205,25355,6940,155701,9575,257937,9133,413638,California
San Francisco,2021-04-08,13798,660799,6517,399688,2932,231407,4349,29704,4477,155218,9292,267229,8809,422447,California
San Francisco,2021-04-09,14389,675188,6574,406262,4694,236101,3121,32825,6413,156789,7950,275179,9521,431968,California
San Francisco,2021-04-10,12752,687940,5501,411763,5701,241802,1550,34375,6910,159423,5820,280999,8454,440422,California
San Francisco,2021-04-11,9932,697872,7436,419199,1333,243135,1163,35538,5183,161026,4740,285739,6343,446765,California
San Francisco,2021-04-12,9901,707773,6265,425464,2517,245652,1119,36657,4584,161433,5293,291032,5700,452465,California
San Francisco,2021-04-13,8819,716592,5457,430921,3352,249004,10,36667,4699,162044,4100,295132,4711,457176,California
San Francisco,2021-04-14,10368,726960,5386,436307,4982,253986,0,36667,5259,162217,5088,300220,5261,462437,California
San Francisco,2021-04-15,8633,735593,5686,441993,2946,256932,1,36668,5190,163991,3424,303644,5198,467635,California
San Joaquin,2020-12-15,12,12,12,12,0,0,0,0,12,12,0,0,12,12,California
San Joaquin,2020-12-16,438,450,438,450,0,0,0,0,438,450,0,0,438,450,California
San Joaquin,2020-12-17,385,835,385,835,0,0,0,0,385,835,0,0,385,835,California
San Joaquin,2020-12-18,573,1408,547,1382,26,26,0,0,573,1408,0,0,573,1408,California
San Joaquin,2020-12-19,200,1608,200,1582,0,26,0,0,200,1608,0,0,200,1608,California
San Joaquin,2020-12-20,112,1720,111,1693,1,27,0,0,112,1720,0,0,112,1720,California
San Joaquin,2020-12-21,554,2274,550,2243,4,31,0,0,554,2274,0,0,554,2274,California
San Joaquin,2020-12-22,1055,3329,895,3138,160,191,0,0,1054,3328,0,0,1054,3328,California
San Joaquin,2020-12-23,1023,4352,956,4094,67,258,0,0,1021,4349,0,0,1021,4349,California
San Joaquin,2020-12-24,221,4573,193,4287,28,286,0,0,220,4569,0,0,220,4569,California
San Joaquin,2020-12-25,14,4587,14,4301,0,286,0,0,14,4583,0,0,14,4583,California
San Joaquin,2020-12-26,101,4688,29,4330,72,358,0,0,101,4684,0,0,101,4684,California
San Joaquin,2020-12-27,41,4729,29,4359,12,370,0,0,41,4725,0,0,41,4725,California
San Joaquin,2020-12-28,649,5378,444,4803,205,575,0,0,649,5374,0,0,649,5374,California
San Joaquin,2020-12-29,877,6255,741,5544,136,711,0,0,877,6251,0,0,877,6251,California
San Joaquin,2020-12-30,1055,7310,748,6292,307,1018,0,0,1054,7305,0,0,1054,7305,California
San Joaquin,2020-12-31,449,7759,200,6492,249,1267,0,0,450,7755,0,0,450,7755,California
San Joaquin,2021-01-01,17,7776,10,6502,7,1274,0,0,17,7772,0,0,17,7772,California
San Joaquin,2021-01-02,260,8036,238,6740,22,1296,0,0,259,8031,0,0,259,8031,California
San Joaquin,2021-01-03,37,8073,19,6759,18,1314,0,0,36,8066,1,1,36,8067,California
San Joaquin,2021-01-04,485,8558,342,7101,143,1457,0,0,482,8548,0,1,482,8549,California
San Joaquin,2021-01-05,1043,9601,712,7813,331,1788,0,0,821,9182,223,224,857,9406,California
San Joaquin,2021-01-06,1307,10908,787,8600,520,2308,0,0,940,9765,360,584,943,10349,California
San Joaquin,2021-01-07,1131,12039,723,9323,408,2716,0,0,807,10253,320,904,808,11157,California
San Joaquin,2021-01-08,1337,13376,946,10269,391,3107,0,0,804,10530,529,1433,806,11963,California
San Joaquin,2021-01-09,375,13751,299,10568,76,3183,0,0,247,10649,128,1561,247,12210,California
San Joaquin,2021-01-10,221,13972,114,10682,107,3290,0,0,169,10766,52,1613,169,12379,California
San Joaquin,2021-01-11,1583,15555,1377,12059,206,3496,0,0,903,11017,679,2292,930,13309,California
San Joaquin,2021-01-12,1513,17068,1072,13131,441,3937,0,0,699,10975,810,3102,768,14077,California
San Joaquin,2021-01-13,1545,18613,850,13981,695,4632,0,0,1016,11467,530,3632,1022,15099,California
San Joaquin,2021-01-14,1665,20278,904,14885,761,5393,0,0,1303,12448,331,3963,1312,16411,California
San Joaquin,2021-01-15,1600,21878,669,15554,931,6324,0,0,1357,13584,223,4186,1359,17770,California
San Joaquin,2021-01-16,1173,23051,192,15746,981,7305,0,0,1147,14705,26,4212,1147,18917,California
San Joaquin,2021-01-17,1652,24703,129,15875,1523,8828,0,0,1617,16289,35,4247,1619,20536,California
San Joaquin,2021-01-18,765,25468,235,16110,530,9358,0,0,648,16824,113,4360,648,21184,California
San Joaquin,2021-01-19,1900,27368,890,17000,1010,10368,0,0,1197,17327,699,5059,1202,22386,California
San Joaquin,2021-01-20,2153,29521,1322,18322,831,11199,0,0,1468,18118,682,5741,1473,23859,California
San Joaquin,2021-01-21,2049,31570,942,19264,1107,12306,0,0,1623,19327,419,6160,1628,25487,California
San Joaquin,2021-01-22,2036,33606,967,20231,1069,13375,0,0,1893,21083,140,6300,1896,27383,California
San Joaquin,2021-01-23,931,34537,401,20632,530,13905,0,0,649,21453,281,6581,651,28034,California
San Joaquin,2021-01-24,358,34895,155,20787,203,14108,0,0,338,21773,18,6599,338,28372,California
San Joaquin,2021-01-25,2044,36939,1175,21962,869,14977,0,0,1467,22670,574,7173,1471,29843,California
San Joaquin,2021-01-26,2222,39161,1167,23129,1055,16032,0,0,1581,23616,639,7812,1585,31428,California
San Joaquin,2021-01-27,1818,40979,824,23953,994,17026,0,0,1305,24417,510,8322,1311,32739,California
San Joaquin,2021-01-28,2147,43126,857,24810,1290,18316,0,0,1460,25195,685,9007,1463,34202,California
San Joaquin,2021-01-29,2260,45386,1141,25951,1119,19435,0,0,1885,26717,370,9377,1892,36094,California
San Joaquin,2021-01-30,2447,47833,393,26344,2054,21489,0,0,2257,28805,171,9548,2259,38353,California
San Joaquin,2021-01-31,1572,49405,177,26521,1395,22884,0,0,1502,30253,55,9603,1503,39856,California
San Joaquin,2021-02-01,2617,52022,1411,27932,1206,24090,0,0,1847,31335,768,10371,1850,41706,California
San Joaquin,2021-02-02,2691,54713,1240,29172,1451,25541,0,0,2060,32826,573,10944,2064,43770,California
San Joaquin,2021-02-03,3178,57891,1308,30480,1870,27411,0,0,2288,34232,886,11830,2292,46062,California
San Joaquin,2021-02-04,3542,61433,1803,32283,1739,29150,0,0,2734,36162,806,12636,2736,48798,California
San Joaquin,2021-02-05,3362,64795,1963,34246,1399,30549,0,0,2494,37794,865,13501,2497,51295,California
San Joaquin,2021-02-06,1133,65928,787,35033,346,30895,0,0,961,38587,170,13671,963,52258,California
San Joaquin,2021-02-07,606,66534,481,35514,125,31020,0,0,409,38807,190,13861,410,52668,California
San Joaquin,2021-02-08,1825,68359,1061,36575,764,31784,0,0,1497,39998,310,14171,1501,54169,California
San Joaquin,2021-02-09,2155,70514,1173,37748,982,32766,0,0,1633,41174,458,14629,1634,55803,California
San Joaquin,2021-02-10,2687,73201,1303,39051,1384,34150,0,0,1391,41297,1268,15897,1391,57194,California
San Joaquin,2021-02-11,3001,76202,1561,40612,1440,35590,0,0,1791,41902,1191,17088,1796,58990,California
San Joaquin,2021-02-12,2850,79052,1196,41808,1654,37244,0,0,1689,42437,1158,18246,1693,60683,California
San Joaquin,2021-02-13,2127,81179,400,42208,1727,38971,0,0,853,42031,1265,19511,859,61542,California
San Joaquin,2021-02-14,1897,83076,259,42467,1638,40609,0,0,688,41528,1192,20703,689,62231,California
San Joaquin,2021-02-15,1992,85068,847,43314,1145,41754,0,0,1203,41968,767,21470,1207,63438,California
San Joaquin,2021-02-16,3196,88264,1457,44771,1739,43493,0,0,1742,42271,1444,22914,1747,65185,California
San Joaquin,2021-02-17,3413,91677,1369,46140,2044,45537,0,0,1943,42763,1455,24369,1947,67132,California
San Joaquin,2021-02-18,3516,95193,1493,47633,2023,47560,0,0,2012,43301,1480,25849,2018,69150,California
San Joaquin,2021-02-19,4700,99893,2779,50412,1921,49481,0,0,2820,44276,1846,27695,2821,71971,California
San Joaquin,2021-02-20,1699,101592,679,51091,1020,50501,0,0,1159,44896,539,28234,1159,73130,California
San Joaquin,2021-02-21,627,102219,471,51562,156,50657,0,0,402,45073,226,28460,403,73533,California
San Joaquin,2021-02-22,4130,106349,3054,54616,1076,51733,0,0,3082,47140,1020,29480,3087,76620,California
San Joaquin,2021-02-23,4890,111239,3282,57898,1608,53341,0,0,3285,48850,1581,31061,3291,79911,California
San Joaquin,2021-02-24,6707,117946,4293,62191,2414,55755,0,0,5015,52195,1674,32735,5019,84930,California
San Joaquin,2021-02-25,7172,125118,4784,66975,2388,58143,0,0,4885,54831,2259,34994,4895,89825,California
San Joaquin,2021-02-26,6015,131133,3376,70351,2639,60782,0,0,4247,57346,1740,36734,4255,94080,California
San Joaquin,2021-02-27,5599,136732,1612,71963,3987,64769,0,0,2643,57087,2917,39651,2658,96738,California
San Joaquin,2021-02-28,3028,139760,1085,73048,1943,66712,0,0,1995,58065,1020,40671,1998,98736,California
San Joaquin,2021-03-01,4132,143892,1810,74858,2322,69034,0,0,2325,58607,1793,42464,2335,101071,California
San Joaquin,2021-03-02,4201,148093,1682,76540,2519,71553,0,0,2612,59704,1575,44039,2672,103743,California
San Joaquin,2021-03-03,6299,154392,3962,80502,2335,73888,2,2,4655,62734,1625,45664,4655,108398,California
San Joaquin,2021-03-04,5515,159907,2468,82970,3045,76933,2,4,3437,64190,1989,47653,3445,111843,California
San Joaquin,2021-03-05,4519,164426,1962,84932,2555,79488,2,6,3084,65853,1426,49079,3089,114932,California
San Joaquin,2021-03-06,3590,168016,2461,87393,1000,80488,129,135,3001,68396,590,49669,3133,118065,California
San Joaquin,2021-03-07,1226,169242,552,87945,630,81118,44,179,951,69117,260,49929,981,119046,California
San Joaquin,2021-03-08,3137,172379,1247,89192,1769,82887,121,300,2120,70347,1010,50939,2240,121286,California
San Joaquin,2021-03-09,4135,176514,1869,91061,2140,85027,126,426,2728,71807,1396,52335,2856,124142,California
San Joaquin,2021-03-10,4928,181442,2673,93734,2117,87144,138,564,3653,74334,1264,53599,3791,127933,California
San Joaquin,2021-03-11,5078,186520,2454,96188,2033,89177,591,1155,3017,75840,2106,55705,3612,131545,California
San Joaquin,2021-03-12,6716,193236,3548,99736,2841,92018,327,1482,4284,78040,2415,58120,4615,136160,California
San Joaquin,2021-03-13,3198,196434,1583,101319,1489,93507,126,1608,2438,79859,753,58873,2572,138732,California
San Joaquin,2021-03-14,2145,198579,666,101985,1179,94686,300,1908,1038,80097,1105,59978,1343,140075,California
San Joaquin,2021-03-15,6657,205236,4095,106080,2165,96851,397,2305,3329,80526,3311,63289,3740,143815,California
San Joaquin,2021-03-16,7694,212930,4736,110816,2710,99561,248,2553,4310,81722,3372,66661,4568,148383,California
San Joaquin,2021-03-17,8946,221876,5827,116643,3045,102606,74,2627,4753,82384,4176,70837,4838,153221,California
San Joaquin,2021-03-18,8576,230452,5433,122076,2637,105243,506,3133,3920,82193,4622,75459,4431,157652,California
San Joaquin,2021-03-19,8549,239001,5158,127234,2851,108094,540,3673,4957,84152,3584,79043,5543,163195,California
San Joaquin,2021-03-20,3794,242795,2121,129355,1433,109527,240,3913,1886,84397,1894,80937,2139,165334,California
San Joaquin,2021-03-21,2325,245120,1688,131043,431,109958,206,4119,1420,85169,898,81835,1670,167004,California
San Joaquin,2021-03-22,4307,249427,2354,133397,1539,111497,414,4533,2696,86683,1602,83437,3116,170120,California
San Joaquin,2021-03-23,5588,255015,2852,136249,2571,114068,165,4698,3947,89179,1619,85056,4115,174235,California
San Joaquin,2021-03-24,7500,262515,4855,141104,2558,116626,87,4785,3246,88257,4263,89319,3341,177576,California
San Joaquin,2021-03-25,5835,268350,3552,144656,2243,118869,40,4825,3578,89646,2236,91555,3625,181201,California
San Joaquin,2021-03-26,6321,274671,2642,147298,3533,122402,146,4971,3358,90236,2934,94489,3524,184725,California
San Joaquin,2021-03-27,5085,279756,2907,150205,2137,124539,41,5012,2078,89379,2990,97479,2133,186858,California
San Joaquin,2021-03-28,3009,282765,2091,152296,893,125432,25,5037,1607,89712,1387,98866,1720,188578,California
San Joaquin,2021-03-29,4148,286913,2300,154596,1826,127258,22,5059,2182,89987,1957,100823,2232,190810,California
San Joaquin,2021-03-30,6410,293323,3392,157988,2978,130236,40,5099,3763,91185,2631,103454,3829,194639,California
San Joaquin,2021-03-31,6850,300173,4372,162360,2419,132655,59,5158,3554,91541,3284,106738,3640,198279,California
San Joaquin,2021-04-01,6641,306814,3242,165602,3320,135975,79,5237,3494,92041,3139,109877,3639,201918,California
San Joaquin,2021-04-02,6362,313176,2877,168479,2994,138969,491,5728,2539,91307,3806,113683,3072,204990,California
San Joaquin,2021-04-03,4182,317358,2370,170849,1485,140454,327,6055,1986,91448,2183,115866,2324,207314,California
San Joaquin,2021-04-04,1852,319210,936,171785,715,141169,201,6256,1153,92113,693,116559,1358,208672,California
San Joaquin,2021-04-05,4156,323366,2533,174318,1462,142631,161,6417,2372,92883,1778,118337,2548,211220,California
San Joaquin,2021-04-06,7237,330603,4732,179050,2246,144877,259,6676,3558,93049,3663,122000,3829,215049,California
San Joaquin,2021-04-07,8945,339548,5079,184129,2275,147152,1591,8267,3910,93543,5024,127024,5518,220567,California
San Joaquin,2021-04-08,8540,348088,4516,188645,2013,149165,2011,10278,3359,93751,5166,132190,5374,225941,California
San Joaquin,2021-04-09,8335,356423,3665,192310,3235,152400,1435,11713,3474,93834,4844,137034,4927,230868,California
San Joaquin,2021-04-10,5313,361736,1580,193890,1836,154236,1897,13610,1829,94079,3480,140514,3725,234593,California
San Joaquin,2021-04-11,4346,366082,1658,195548,1520,155756,1168,14778,1836,94579,2500,143014,3000,237593,California
San Joaquin,2021-04-12,4922,371004,1717,197265,1971,157727,1234,16012,1702,94315,3207,146221,2943,240536,California
San Joaquin,2021-04-13,5589,376593,2499,199764,3087,160814,3,16015,3320,95394,2253,148474,3332,243868,California
San Joaquin,2021-04-14,5297,381890,1820,201584,3477,164291,0,16015,3024,96162,2262,150736,3030,246898,California
San Joaquin,2021-04-15,3365,385255,1398,202982,1967,166258,0,16015,1799,96413,1552,152288,1803,248701,California
San Luis Obispo,2020-12-16,4,4,4,4,0,0,0,0,4,4,0,0,4,4,California
San Luis Obispo,2020-12-17,196,200,196,200,0,0,0,0,196,200,0,0,196,200,California
San Luis Obispo,2020-12-18,224,424,224,424,0,0,0,0,224,424,0,0,224,424,California
San Luis Obispo,2020-12-19,162,586,162,586,0,0,0,0,162,586,0,0,162,586,California
San Luis Obispo,2020-12-20,215,801,215,801,0,0,0,0,215,801,0,0,215,801,California
San Luis Obispo,2020-12-21,549,1350,549,1350,0,0,0,0,549,1350,0,0,549,1350,California
San Luis Obispo,2020-12-22,307,1657,303,1653,4,4,0,0,307,1657,0,0,307,1657,California
San Luis Obispo,2020-12-23,681,2338,368,2021,313,317,0,0,681,2338,0,0,681,2338,California
San Luis Obispo,2020-12-24,195,2533,19,2040,176,493,0,0,195,2533,0,0,195,2533,California
San Luis Obispo,2020-12-25,2,2535,1,2041,1,494,0,0,2,2535,0,0,2,2535,California
San Luis Obispo,2020-12-26,90,2625,12,2053,78,572,0,0,90,2625,0,0,90,2625,California
San Luis Obispo,2020-12-27,76,2701,0,2053,76,648,0,0,76,2701,0,0,76,2701,California
San Luis Obispo,2020-12-28,879,3580,430,2483,449,1097,0,0,879,3580,0,0,879,3580,California
San Luis Obispo,2020-12-29,903,4483,502,2985,401,1498,0,0,903,4483,0,0,903,4483,California
San Luis Obispo,2020-12-30,1174,5657,681,3666,493,1991,0,0,1174,5657,0,0,1174,5657,California
San Luis Obispo,2020-12-31,106,5763,4,3670,102,2093,0,0,106,5763,0,0,106,5763,California
San Luis Obispo,2021-01-01,12,5775,8,3678,4,2097,0,0,12,5775,0,0,12,5775,California
San Luis Obispo,2021-01-02,33,5808,8,3686,25,2122,0,0,33,5808,0,0,33,5808,California
San Luis Obispo,2021-01-03,16,5824,6,3692,10,2132,0,0,16,5824,0,0,16,5824,California
San Luis Obispo,2021-01-04,676,6500,524,4216,152,2284,0,0,676,6500,0,0,676,6500,California
San Luis Obispo,2021-01-05,975,7475,757,4973,218,2502,0,0,973,7471,2,2,973,7473,California
San Luis Obispo,2021-01-06,726,8201,481,5454,245,2747,0,0,718,8182,7,9,718,8191,California
San Luis Obispo,2021-01-07,1128,9329,950,6404,178,2925,0,0,686,8426,442,451,686,8877,California
San Luis Obispo,2021-01-08,882,10211,805,7209,77,3002,0,0,513,8571,368,819,513,9390,California
San Luis Obispo,2021-01-09,205,10416,196,7405,9,3011,0,0,28,8422,177,996,28,9418,California
San Luis Obispo,2021-01-10,12,10428,8,7413,4,3015,0,0,8,8426,4,1000,8,9426,California
San Luis Obispo,2021-01-11,526,10954,475,7888,51,3066,0,0,265,8431,260,1260,265,9691,California
San Luis Obispo,2021-01-12,597,11551,379,8267,218,3284,0,0,320,8474,277,1537,320,10011,California
San Luis Obispo,2021-01-13,882,12433,254,8521,628,3912,0,0,644,8882,236,1773,644,10655,California
San Luis Obispo,2021-01-14,728,13161,243,8764,485,4397,0,0,603,9373,112,1885,603,11258,California
San Luis Obispo,2021-01-15,730,13891,288,9052,442,4839,0,0,554,9756,171,2056,554,11812,California
San Luis Obispo,2021-01-16,99,13990,81,9133,18,4857,0,0,94,9845,5,2061,94,11906,California
San Luis Obispo,2021-01-17,66,14056,60,9193,6,4863,0,0,66,9911,0,2061,66,11972,California
San Luis Obispo,2021-01-18,1372,15428,389,9582,983,5846,0,0,1110,10759,262,2323,1110,13082,California
San Luis Obispo,2021-01-19,1585,17013,418,10000,1167,7013,0,0,1178,11530,407,2730,1178,14260,California
San Luis Obispo,2021-01-20,1880,18893,595,10595,1285,8298,0,0,1290,12233,588,3318,1291,15551,California
San Luis Obispo,2021-01-21,1571,20464,466,11061,1105,9403,0,0,1197,13061,370,3688,1198,16749,California
San Luis Obispo,2021-01-22,1521,21985,508,11569,1013,10416,0,0,1206,13954,313,4001,1206,17955,California
San Luis Obispo,2021-01-23,311,22296,293,11862,18,10434,0,0,295,14233,16,4017,295,18250,California
San Luis Obispo,2021-01-24,245,22541,238,12100,7,10441,0,0,239,14466,6,4023,239,18489,California
San Luis Obispo,2021-01-25,2071,24612,606,12706,1465,11906,0,0,1243,14881,828,4851,1243,19732,California
San Luis Obispo,2021-01-26,2003,26615,703,13409,1300,13206,0,0,1136,15151,866,5717,1136,20868,California
San Luis Obispo,2021-01-27,1612,28227,283,13692,1329,14535,0,0,1150,15839,462,6179,1150,22018,California
San Luis Obispo,2021-01-28,1475,29702,333,14025,1142,15677,0,0,1214,16793,260,6439,1214,23232,California
San Luis Obispo,2021-01-29,1731,31433,677,14702,1054,16731,0,0,1447,17956,284,6723,1447,24679,California
San Luis Obispo,2021-01-30,37,31470,18,14720,19,16750,0,0,26,17972,10,6733,26,24705,California
San Luis Obispo,2021-01-31,26,31496,20,14740,6,16756,0,0,23,17992,3,6736,23,24728,California
San Luis Obispo,2021-02-01,1664,33160,703,15443,961,17717,0,0,1395,19119,268,7004,1395,26123,California
San Luis Obispo,2021-02-02,1892,35052,675,16118,1217,18934,0,0,1518,20263,374,7378,1518,27641,California
San Luis Obispo,2021-02-03,1700,36752,726,16844,974,19908,0,0,1288,21139,412,7790,1288,28929,California
San Luis Obispo,2021-02-04,1654,38406,798,17642,856,20764,0,0,1088,21661,566,8356,1088,30017,California
San Luis Obispo,2021-02-05,1604,40010,718,18360,886,21650,0,0,1060,22177,545,8901,1061,31078,California
San Luis Obispo,2021-02-06,159,40169,92,18452,67,21717,0,0,93,22204,66,8967,93,31171,California
San Luis Obispo,2021-02-07,143,40312,98,18550,45,21762,0,0,73,22208,70,9037,74,31245,California
San Luis Obispo,2021-02-08,853,41165,468,19018,385,22147,0,0,495,22346,357,9394,495,31740,California
San Luis Obispo,2021-02-09,1124,42289,448,19466,676,22823,0,0,542,22319,576,9970,549,32289,California
San Luis Obispo,2021-02-10,1425,43714,484,19950,941,23764,0,0,520,21940,902,10872,523,32812,California
San Luis Obispo,2021-02-11,1330,45044,844,20794,486,24250,0,0,655,21923,672,11544,655,33467,California
San Luis Obispo,2021-02-12,785,45829,362,21156,423,24673,0,0,416,21969,370,11914,416,33883,California
San Luis Obispo,2021-02-13,389,46218,124,21280,265,24938,0,0,283,22147,105,12019,283,34166,California
San Luis Obispo,2021-02-14,316,46534,42,21322,274,25212,0,0,279,22390,37,12056,280,34446,California
San Luis Obispo,2021-02-15,723,47257,137,21459,586,25798,0,0,467,22604,253,12309,467,34913,California
San Luis Obispo,2021-02-16,2960,50217,1193,22652,1767,27565,0,0,1358,22366,1596,13905,1358,36271,California
San Luis Obispo,2021-02-17,2773,52990,1237,23889,1536,29101,0,0,1029,21659,1736,15641,1029,37300,California
San Luis Obispo,2021-02-18,2808,55798,1444,25333,1364,30465,0,0,1119,21098,1681,17322,1120,38420,California
San Luis Obispo,2021-02-19,1452,57250,1332,26665,120,30585,0,0,1130,21907,321,17643,1130,39550,California
San Luis Obispo,2021-02-20,247,57497,79,26744,168,30753,0,0,212,22084,35,17678,212,39762,California
San Luis Obispo,2021-02-21,48,57545,45,26789,3,30756,0,0,29,22094,19,17697,29,39791,California
San Luis Obispo,2021-02-22,2401,59946,1858,28647,543,31299,0,0,1461,22616,940,18637,1462,41253,California
San Luis Obispo,2021-02-23,1854,61800,1738,30385,116,31415,0,0,1365,23493,488,19125,1365,42618,California
San Luis Obispo,2021-02-24,2642,64442,1299,31684,1343,32758,0,0,834,22521,1806,20931,834,43452,California
San Luis Obispo,2021-02-25,2123,66565,1237,32921,886,33644,0,0,1205,22816,911,21842,1206,44658,California
San Luis Obispo,2021-02-26,2637,69202,1143,34064,1494,35138,0,0,1324,22833,1307,23149,1324,45982,California
San Luis Obispo,2021-02-27,566,69768,340,34404,226,35364,0,0,520,23307,46,23195,520,46502,California
San Luis Obispo,2021-02-28,196,69964,72,34476,124,35488,0,0,163,23441,29,23224,163,46665,California
San Luis Obispo,2021-03-01,2950,72914,1837,36313,1112,36600,1,1,2032,24557,918,24142,2034,48699,California
San Luis Obispo,2021-03-02,2942,75856,1853,38166,1089,37689,0,1,1826,25270,1114,25256,1827,50526,California
San Luis Obispo,2021-03-03,2265,78121,327,38493,1938,39627,0,1,821,24654,1438,26694,822,51348,California
San Luis Obispo,2021-03-04,2156,80277,1137,39630,1019,40646,0,1,1158,24818,996,27690,1160,52508,California
San Luis Obispo,2021-03-05,2287,82564,1013,40643,1204,41850,70,71,1284,25183,989,28679,1354,53862,California
San Luis Obispo,2021-03-06,829,83393,307,40950,415,42265,107,178,611,25677,218,28897,712,54574,California
San Luis Obispo,2021-03-07,200,83593,32,40982,84,42349,84,262,71,25705,128,29025,156,54730,California
San Luis Obispo,2021-03-08,2721,86314,751,41733,1656,44005,314,576,1538,26376,1181,30206,1852,56582,California
San Luis Obispo,2021-03-09,2909,89223,954,42687,1719,45724,236,812,1509,26725,1397,31603,1746,58328,California
San Luis Obispo,2021-03-10,3175,92398,1240,43927,1665,47389,270,1082,1812,27447,1360,32963,2082,60410,California
San Luis Obispo,2021-03-11,3079,95477,1269,45196,1508,48897,302,1384,1692,28059,1381,34344,1993,62403,California
San Luis Obispo,2021-03-12,3146,98623,1279,46475,1528,50425,339,1723,1546,28354,1593,35937,1888,64291,California
San Luis Obispo,2021-03-13,779,99402,256,46731,414,50839,109,1832,426,28535,353,36290,534,64825,California
San Luis Obispo,2021-03-14,512,99914,54,46785,347,51186,111,1943,136,28407,375,36665,247,65072,California
San Luis Obispo,2021-03-15,3048,102962,1097,47882,1853,53039,98,2041,1527,28514,1518,38183,1625,66697,California
San Luis Obispo,2021-03-16,2821,105783,1503,49385,1218,54257,100,2141,1437,28672,1378,39561,1536,68233,California
San Luis Obispo,2021-03-17,3390,109173,1447,50832,1682,55939,261,2402,1952,29452,1433,40994,2213,70446,California
San Luis Obispo,2021-03-18,2697,111870,1438,52270,1065,57004,194,2596,1252,29455,1443,42437,1446,71892,California
San Luis Obispo,2021-03-19,2558,114428,1561,53831,675,57679,322,2918,939,29102,1616,44053,1263,73155,California
San Luis Obispo,2021-03-20,824,115252,493,54324,295,57974,36,2954,379,29073,444,44497,415,73570,California
San Luis Obispo,2021-03-21,182,115434,44,54368,135,58109,3,2957,153,29200,29,44526,156,73726,California
San Luis Obispo,2021-03-22,2676,118110,1168,55536,1461,59570,47,3004,1860,30295,812,45338,1907,75633,California
San Luis Obispo,2021-03-23,3356,121466,2213,57749,1125,60695,18,3022,2263,31488,1088,46426,2281,77914,California
San Luis Obispo,2021-03-24,3429,124895,2089,59838,1270,61965,70,3092,2583,33300,841,47267,2653,80567,California
San Luis Obispo,2021-03-25,3611,128506,2277,62115,1323,63288,11,3103,2598,34897,1012,48279,2609,83176,California
San Luis Obispo,2021-03-26,3126,131632,1754,63869,951,64239,421,3524,1751,35698,1371,49650,2172,85348,California
San Luis Obispo,2021-03-27,985,132617,502,64371,387,64626,96,3620,442,35695,541,50191,538,85886,California
San Luis Obispo,2021-03-28,441,133058,152,64523,233,64859,56,3676,241,35792,200,50391,297,86183,California
San Luis Obispo,2021-03-29,2574,135632,1271,65794,1169,66028,134,3810,1656,36676,906,51297,1790,87973,California
San Luis Obispo,2021-03-30,3494,139126,1907,67701,1445,67473,142,3952,2347,38020,1143,52440,2487,90460,California
San Luis Obispo,2021-03-31,3801,142927,2442,70143,1216,68689,143,4095,2446,39263,1346,53786,2589,93049,California
San Luis Obispo,2021-04-01,3785,146712,2419,72562,1282,69971,84,4179,2683,40935,1094,54880,2766,95815,California
San Luis Obispo,2021-04-02,1701,148413,681,73243,718,70689,302,4481,914,41365,786,55666,1216,97031,California
San Luis Obispo,2021-04-03,1078,149491,551,73794,408,71097,119,4600,471,41353,602,56268,590,97621,California
San Luis Obispo,2021-04-04,377,149868,130,73924,208,71305,39,4639,231,41477,146,56414,270,97891,California
San Luis Obispo,2021-04-05,3565,153433,1946,75870,1518,72823,101,4740,2042,42096,1522,57936,2141,100032,California
San Luis Obispo,2021-04-06,3982,157415,2137,78007,1544,74367,301,5041,1938,42297,2038,59974,2239,102271,California
San Luis Obispo,2021-04-07,4219,161634,2327,80334,1573,75940,319,5360,2461,43329,1746,61720,2778,105049,California
San Luis Obispo,2021-04-08,3985,165619,2183,82517,1411,77351,391,5751,2170,44082,1808,63528,2561,107610,California
San Luis Obispo,2021-04-09,3533,169152,1680,84197,1142,78493,711,6462,1534,44334,1990,65518,2242,109852,California
San Luis Obispo,2021-04-10,1508,170660,539,84736,324,78817,645,7107,453,44376,1054,66572,1096,110948,California
San Luis Obispo,2021-04-11,313,170973,63,84799,187,79004,63,7170,127,44382,184,66756,190,111138,California
San Luis Obispo,2021-04-12,3324,174297,1683,86482,1487,80491,154,7324,1386,43985,1938,68694,1541,112679,California
San Luis Obispo,2021-04-13,2956,177253,1779,88261,1173,81664,4,7328,1649,44333,1306,70000,1654,114333,California
San Luis Obispo,2021-04-14,1219,178472,557,88818,662,82326,0,7328,639,44399,573,70573,639,114972,California
San Luis Obispo,2021-04-15,255,178727,137,88955,118,82444,0,7328,144,44437,106,70679,144,115116,California
San Mateo,2020-12-15,26,26,26,26,0,0,0,0,26,26,0,0,26,26,California
San Mateo,2020-12-16,110,136,110,136,0,0,0,0,110,136,0,0,110,136,California
San Mateo,2020-12-17,162,298,162,298,0,0,0,0,162,298,0,0,162,298,California
San Mateo,2020-12-18,741,1039,739,1037,2,2,0,0,741,1039,0,0,741,1039,California
San Mateo,2020-12-19,509,1548,509,1546,0,2,0,0,509,1548,0,0,509,1548,California
San Mateo,2020-12-20,507,2055,506,2052,1,3,0,0,507,2055,0,0,507,2055,California
San Mateo,2020-12-21,1152,3207,1152,3204,0,3,0,0,1152,3207,0,0,1152,3207,California
San Mateo,2020-12-22,1513,4720,1506,4710,7,10,0,0,1513,4720,0,0,1513,4720,California
San Mateo,2020-12-23,1570,6290,1384,6094,186,196,0,0,1570,6290,0,0,1570,6290,California
San Mateo,2020-12-24,867,7157,610,6704,257,453,0,0,867,7157,0,0,867,7157,California
San Mateo,2020-12-25,114,7271,110,6814,4,457,0,0,114,7271,0,0,114,7271,California
San Mateo,2020-12-26,560,7831,417,7231,143,600,0,0,560,7831,0,0,560,7831,California
San Mateo,2020-12-27,305,8136,175,7406,130,730,0,0,305,8136,0,0,305,8136,California
San Mateo,2020-12-28,1047,9183,701,8107,346,1076,0,0,1047,9183,0,0,1047,9183,California
San Mateo,2020-12-29,1127,10310,705,8812,422,1498,0,0,1127,10310,0,0,1127,10310,California
San Mateo,2020-12-30,1263,11573,761,9573,502,2000,0,0,1263,11573,0,0,1263,11573,California
San Mateo,2020-12-31,717,12290,232,9805,485,2485,0,0,716,12288,1,1,716,12289,California
San Mateo,2021-01-01,35,12325,30,9835,5,2490,0,0,35,12323,0,1,35,12324,California
San Mateo,2021-01-02,397,12722,268,10103,129,2619,0,0,397,12720,0,1,397,12721,California
San Mateo,2021-01-03,281,13003,206,10309,75,2694,0,0,278,12995,3,4,278,12999,California
San Mateo,2021-01-04,1056,14059,683,10992,373,3067,0,0,1056,14051,0,4,1056,14055,California
San Mateo,2021-01-05,1197,15256,704,11696,493,3560,0,0,1169,15193,28,32,1170,15225,California
San Mateo,2021-01-06,1445,16701,948,12644,497,4057,0,0,1266,16283,177,209,1267,16492,California
San Mateo,2021-01-07,1450,18151,805,13449,645,4702,0,0,1162,17165,281,490,1163,17655,California
San Mateo,2021-01-08,1837,19988,1191,14640,646,5348,0,0,1139,17614,691,1181,1140,18795,California
San Mateo,2021-01-09,1178,21166,775,15415,403,5751,0,0,722,17880,456,1637,722,19517,California
San Mateo,2021-01-10,698,21864,570,15985,128,5879,0,0,263,17708,435,2072,263,19780,California
San Mateo,2021-01-11,2583,24447,1479,17464,1104,6983,0,0,1523,18171,1061,3133,1524,21304,California
San Mateo,2021-01-12,3275,27722,1769,19233,1506,8489,0,0,2096,19092,1177,4310,2098,23402,California
San Mateo,2021-01-13,3468,31190,1748,20981,1720,10209,0,0,2436,20499,1032,5342,2439,25841,California
San Mateo,2021-01-14,3773,34963,1581,22562,2192,12401,0,0,3089,22909,684,6026,3094,28935,California
San Mateo,2021-01-15,4328,39291,1710,24272,2618,15019,0,0,3800,26185,526,6552,3802,32737,California
San Mateo,2021-01-16,3077,42368,777,25049,2300,17319,0,0,2758,28624,319,6871,2758,35495,California
San Mateo,2021-01-17,1308,43676,308,25357,1000,18319,0,0,1100,29516,208,7079,1100,36595,California
San Mateo,2021-01-18,1362,45038,531,25888,831,19150,0,0,989,30139,370,7449,993,37588,California
San Mateo,2021-01-19,2796,47834,1783,27671,1013,20163,0,0,2006,31358,787,8236,2006,39594,California
San Mateo,2021-01-20,2654,50488,1402,29073,1252,21415,0,0,1809,32326,842,9078,1810,41404,California
San Mateo,2021-01-21,2820,53308,1279,30352,1541,22956,0,0,2240,33990,579,9657,2243,43647,California
San Mateo,2021-01-22,2790,56098,1130,31482,1660,24616,0,0,2491,36185,297,9954,2492,46139,California
San Mateo,2021-01-23,2882,58980,1688,33170,1194,25810,0,0,2521,38346,361,10315,2522,48661,California
San Mateo,2021-01-24,1519,60499,373,33543,1146,26956,0,0,1210,39248,308,10623,1210,49871,California
San Mateo,2021-01-25,4429,64928,3147,36690,1282,28238,0,0,3533,41889,894,11517,3535,53406,California
San Mateo,2021-01-26,4283,69211,2979,39669,1304,29542,0,0,3382,44371,900,12417,3382,56788,California
San Mateo,2021-01-27,2780,71991,1462,41131,1318,30860,0,0,1789,45177,985,13402,1791,58579,California
San Mateo,2021-01-28,2785,74776,1341,42472,1444,32304,0,0,1939,46285,831,14233,1939,60518,California
San Mateo,2021-01-29,2970,77746,1331,43803,1639,33943,0,0,2140,47601,827,15060,2143,62661,California
San Mateo,2021-01-30,3371,81117,1472,45275,1899,35842,0,0,2914,50060,456,15516,2915,65576,California
San Mateo,2021-01-31,1682,82799,896,46171,786,36628,0,0,1520,51420,160,15676,1520,67096,California
San Mateo,2021-02-01,2920,85719,1342,47513,1578,38206,0,0,2214,52932,703,16379,2215,69311,California
San Mateo,2021-02-02,3164,88883,1727,49240,1437,39643,0,0,2153,54077,1008,17387,2153,71464,California
San Mateo,2021-02-03,4871,93754,1944,51184,2927,42570,0,0,3820,56850,1048,18435,3821,75285,California
San Mateo,2021-02-04,6278,100032,2584,53768,3694,46264,0,0,4920,60421,1352,19787,4923,80208,California
San Mateo,2021-02-05,6782,106814,2551,56319,4231,50495,0,0,4958,63572,1807,21594,4958,85166,California
San Mateo,2021-02-06,3280,110094,1917,58236,1363,51858,0,0,2616,65527,663,22257,2618,87784,California
San Mateo,2021-02-07,1895,111989,1342,59578,553,52411,0,0,1708,67048,187,22444,1708,89492,California
San Mateo,2021-02-08,5270,117259,2242,61820,3028,55439,0,0,3099,68039,2108,24552,3099,92591,California
San Mateo,2021-02-09,6169,123428,3216,65036,2953,58392,0,0,3331,68536,2834,27386,3331,95922,California
San Mateo,2021-02-10,6493,129921,3271,68307,3222,61614,0,0,3540,69132,2944,30330,3540,99462,California
San Mateo,2021-02-11,7021,136942,3565,71872,3456,65070,0,0,3811,69745,3201,33531,3814,103276,California
San Mateo,2021-02-12,6614,143556,2952,74824,3662,68732,0,0,4706,72549,1904,35435,4708,107984,California
San Mateo,2021-02-13,6083,149639,3988,78812,2095,70827,0,0,2636,71742,3443,38878,2636,110620,California
San Mateo,2021-02-14,4630,154269,3017,81829,1613,72440,0,0,1979,71074,2648,41526,1980,112600,California
San Mateo,2021-02-15,3162,157431,1457,83286,1705,74145,0,0,1788,71492,1370,42896,1788,114388,California
San Mateo,2021-02-16,7140,164571,1868,85154,5272,79417,0,0,5278,74911,1861,44757,5280,119668,California
San Mateo,2021-02-17,7044,171615,1930,87084,5114,84531,0,0,5060,77994,1979,46736,5062,124730,California
San Mateo,2021-02-18,6672,178287,4617,91701,2055,86586,0,0,4436,80199,2233,48969,4438,129168,California
San Mateo,2021-02-19,7808,186095,5609,97310,2199,88785,0,0,5823,84043,1979,50948,5823,134991,California
San Mateo,2021-02-20,3726,189821,2408,99718,1318,90103,0,0,2306,84935,1414,52362,2306,137297,California
San Mateo,2021-02-21,2296,192117,1456,101174,840,90943,0,0,1252,85147,1040,53402,1252,138549,California
San Mateo,2021-02-22,4414,196531,3190,104364,1224,92167,0,0,2784,86307,1624,55026,2784,141333,California
San Mateo,2021-02-23,4281,200812,3041,107405,1240,93407,0,0,2482,86996,1793,56819,2482,143815,California
San Mateo,2021-02-24,7268,208080,3246,110651,4022,97429,0,0,4847,89427,2416,59235,4847,148662,California
San Mateo,2021-02-25,9066,217146,4002,114653,5064,102493,0,0,6006,92388,3045,62280,6006,154668,California
San Mateo,2021-02-26,9732,226878,3699,118352,6033,108526,0,0,6817,96304,2903,65183,6819,161487,California
San Mateo,2021-02-27,6670,233548,3405,121757,3264,111790,1,1,3626,96898,3039,68222,3633,165120,California
San Mateo,2021-02-28,4117,237665,2499,124256,1618,113408,0,1,2551,97888,1562,69784,2552,167672,California
San Mateo,2021-03-01,5615,243280,3511,127767,2104,115512,0,1,2775,97832,2831,72615,2775,170447,California
San Mateo,2021-03-02,5721,249001,3940,131707,1780,117292,1,2,3291,98704,2421,75036,3293,173740,California
San Mateo,2021-03-03,8231,257232,3838,135545,4392,121684,1,3,3544,97571,4678,79714,3545,177285,California
San Mateo,2021-03-04,8332,265564,3919,139464,4411,126095,2,5,3772,96801,4546,84260,3776,181061,California
San Mateo,2021-03-05,9047,274611,5967,145431,3077,129172,3,8,6392,100565,2635,86895,6399,187460,California
San Mateo,2021-03-06,7819,282430,5417,150848,2226,131398,176,184,5718,104365,2093,88988,5893,193353,California
San Mateo,2021-03-07,3459,285889,2309,153157,1083,132481,67,251,2000,104977,1455,90443,2067,195420,California
San Mateo,2021-03-08,4392,290281,2460,155617,1732,134213,200,451,3193,107178,1193,91636,3394,198814,California
San Mateo,2021-03-09,4502,294783,2101,157718,2129,136342,272,723,2970,108893,1526,93162,3241,202055,California
San Mateo,2021-03-10,6901,301684,2629,160347,3989,140331,283,1006,4562,111410,2327,95489,4844,206899,California
San Mateo,2021-03-11,9092,310776,5713,166060,2988,143319,391,1397,3692,110118,5374,100863,4082,210981,California
San Mateo,2021-03-12,10457,321233,6599,172659,3488,146807,370,1767,3484,107013,6959,107822,3854,214835,California
San Mateo,2021-03-13,8060,329293,3402,176061,3029,149836,1629,3396,3894,108373,4159,111981,5519,220354,California
San Mateo,2021-03-14,4913,334206,3293,179354,1513,151349,107,3503,2902,109376,2006,113987,3009,223363,California
San Mateo,2021-03-15,7104,341310,4566,183920,2364,153713,174,3677,3757,109965,3342,117329,3931,227294,California
San Mateo,2021-03-16,11862,353172,4352,188272,7387,161100,123,3800,4829,107901,7019,124348,4955,232249,California
San Mateo,2021-03-17,10753,363925,4355,192627,6274,167374,124,3924,4866,107029,5866,130214,4994,237243,California
San Mateo,2021-03-18,7172,371097,4014,196641,2975,170349,183,4107,4259,108562,2909,133123,4442,241685,California
San Mateo,2021-03-19,7328,378425,4702,201343,1961,172310,665,4772,3592,109089,3729,136852,4256,245941,California
San Mateo,2021-03-20,8230,386655,6422,207765,1476,173786,332,5104,5367,111940,2848,139700,5699,251640,California
San Mateo,2021-03-21,4118,390773,3115,210880,772,174558,231,5335,2322,112703,1787,141487,2550,254190,California
San Mateo,2021-03-22,5181,395954,3531,214411,1232,175790,418,5753,2831,113617,2337,143824,3251,257441,California
San Mateo,2021-03-23,9725,405679,4414,218825,5115,180905,196,5949,4630,113373,5070,148894,4826,262267,California
San Mateo,2021-03-24,9403,415082,5417,224242,3844,184749,142,6091,4084,112340,5258,154152,4225,266492,California
San Mateo,2021-03-25,9873,424955,4821,229063,4797,189546,255,6346,4338,111500,5435,159587,4595,271087,California
San Mateo,2021-03-26,11051,436006,7617,236680,3271,192817,163,6509,4397,109441,6619,166206,4560,275647,California
San Mateo,2021-03-27,10340,446346,7901,244581,2335,195152,104,6613,4614,108450,5706,171912,4715,280362,California
San Mateo,2021-03-28,4196,450542,2704,247285,1381,196533,111,6724,2094,108562,2094,174006,2206,282568,California
San Mateo,2021-03-29,5979,456521,3727,251012,2002,198535,250,6974,2835,108520,3127,177133,3085,285653,California
San Mateo,2021-03-30,7015,463536,3970,254982,2893,201428,152,7126,4452,110574,2551,179684,4605,290258,California
San Mateo,2021-03-31,7142,470678,4519,259501,2486,203914,137,7263,4063,111707,3067,182751,4200,294458,California
San Mateo,2021-04-01,10320,480998,5052,264553,4089,208003,1179,8442,5539,113675,4749,187500,6717,301175,California
San Mateo,2021-04-02,10557,491555,5043,269596,3955,211958,1559,10001,5539,115772,5001,192501,7098,308273,California
San Mateo,2021-04-03,9557,501112,5414,275010,2418,214376,1725,11726,4796,117542,4753,197254,6523,314796,California
San Mateo,2021-04-04,5288,506400,2539,277549,1543,215919,1206,12932,1658,116786,3620,200874,2864,317660,California
San Mateo,2021-04-05,8869,515269,4710,282259,2435,218354,1724,14656,3826,117302,5034,205908,5550,323210,California
San Mateo,2021-04-06,13032,528301,8150,290409,3035,221389,1847,16503,7445,121027,5575,211483,9300,332510,California
San Mateo,2021-04-07,11243,539544,5214,295623,4368,225757,1661,18164,4774,121003,6453,217936,6429,338939,California
San Mateo,2021-04-08,9509,549053,4667,300290,2352,228109,2490,20654,4113,122218,5383,223319,6598,345537,California
San Mateo,2021-04-09,10480,559533,4959,305249,3269,231378,2252,22906,4756,123514,5710,229029,7006,352543,California
San Mateo,2021-04-10,10721,570254,5312,310561,4006,235384,1403,24309,4370,122956,6329,235358,5771,358314,California
San Mateo,2021-04-11,6572,576826,3251,313812,879,236263,2442,26751,2309,123446,4258,239616,4748,363062,California
San Mateo,2021-04-12,6891,583717,4080,317892,1859,238122,952,27703,3346,124213,3532,243148,4299,367361,California
San Mateo,2021-04-13,7236,590953,4225,322117,3004,241126,7,27710,3970,124931,3262,246410,3980,371341,California
San Mateo,2021-04-14,6755,597708,3951,326068,2802,243928,2,27712,3608,125405,3140,249550,3614,374955,California
San Mateo,2021-04-15,6200,603908,4139,330207,2060,245988,1,27713,4302,127824,1889,251439,4308,379263,California
Santa Barbara,2020-12-15,2,2,2,2,0,0,0,0,2,2,0,0,2,2,California
Santa Barbara,2020-12-16,2,4,2,4,0,0,0,0,2,4,0,0,2,4,California
Santa Barbara,2020-12-17,53,57,53,57,0,0,0,0,53,57,0,0,53,57,California
Santa Barbara,2020-12-18,378,435,377,434,1,1,0,0,378,435,0,0,378,435,California
Santa Barbara,2020-12-19,325,760,325,759,0,1,0,0,325,760,0,0,325,760,California
Santa Barbara,2020-12-20,235,995,235,994,0,1,0,0,235,995,0,0,235,995,California
Santa Barbara,2020-12-21,651,1646,649,1643,2,3,0,0,651,1646,0,0,651,1646,California
Santa Barbara,2020-12-22,243,1889,241,1884,2,5,0,0,243,1889,0,0,243,1889,California
Santa Barbara,2020-12-23,320,2209,202,2086,118,123,0,0,320,2209,0,0,320,2209,California
Santa Barbara,2020-12-24,87,2296,40,2126,47,170,0,0,87,2296,0,0,87,2296,California
Santa Barbara,2020-12-26,326,2622,66,2192,260,430,0,0,326,2622,0,0,326,2622,California
Santa Barbara,2020-12-27,62,2684,1,2193,61,491,0,0,62,2684,0,0,62,2684,California
Santa Barbara,2020-12-28,355,3039,222,2415,133,624,0,0,355,3039,0,0,355,3039,California
Santa Barbara,2020-12-29,554,3593,362,2777,192,816,0,0,554,3593,0,0,554,3593,California
Santa Barbara,2020-12-30,586,4179,405,3182,181,997,0,0,586,4179,0,0,586,4179,California
Santa Barbara,2020-12-31,239,4418,113,3295,126,1123,0,0,239,4418,0,0,239,4418,California
Santa Barbara,2021-01-01,108,4526,107,3402,1,1124,0,0,108,4526,0,0,108,4526,California
Santa Barbara,2021-01-02,586,5112,223,3625,363,1487,0,0,586,5112,0,0,586,5112,California
Santa Barbara,2021-01-03,23,5135,15,3640,8,1495,0,0,23,5135,0,0,23,5135,California
Santa Barbara,2021-01-04,307,5442,244,3884,63,1558,0,0,306,5441,0,0,306,5441,California
Santa Barbara,2021-01-05,752,6194,379,4263,373,1931,0,0,725,6139,27,27,725,6166,California
Santa Barbara,2021-01-06,654,6848,275,4538,379,2310,0,0,595,6676,58,85,595,6761,California
Santa Barbara,2021-01-07,1031,7879,708,5246,323,2633,0,0,526,6701,501,586,526,7287,California
Santa Barbara,2021-01-08,1201,9080,839,6085,362,2995,0,0,707,6914,494,1080,707,7994,California
Santa Barbara,2021-01-09,566,9646,293,6378,273,3268,0,0,320,6988,246,1326,320,8314,California
Santa Barbara,2021-01-10,62,9708,50,6428,12,3280,0,0,46,7018,16,1342,46,8360,California
Santa Barbara,2021-01-11,837,10545,668,7096,169,3449,0,0,614,7410,222,1564,614,8974,California
Santa Barbara,2021-01-12,1426,11971,634,7730,792,4241,0,0,1270,8524,156,1720,1270,10244,California
Santa Barbara,2021-01-13,1227,13198,281,8011,946,5187,0,0,1101,9499,126,1846,1101,11345,California
Santa Barbara,2021-01-14,1247,14445,134,8145,1113,6300,0,0,1193,10640,53,1899,1194,12539,California
Santa Barbara,2021-01-15,1798,16243,419,8564,1379,7679,0,0,1717,12277,80,1979,1717,14256,California
Santa Barbara,2021-01-16,1272,17515,202,8766,1070,8749,0,0,1233,13472,38,2017,1233,15489,California
Santa Barbara,2021-01-17,123,17638,20,8786,103,8852,0,0,120,13589,3,2020,120,15609,California
Santa Barbara,2021-01-18,1146,18784,417,9203,729,9581,0,0,961,14365,185,2205,961,16570,California
Santa Barbara,2021-01-19,1635,20419,566,9769,1069,10650,0,0,1356,15443,278,2483,1356,17926,California
Santa Barbara,2021-01-20,1987,22406,445,10214,1542,12192,0,0,1694,16845,292,2775,1694,19620,California
Santa Barbara,2021-01-21,3086,25492,1819,12033,1267,13459,0,0,2931,19622,155,2930,2932,22552,California
Santa Barbara,2021-01-22,2999,28491,1851,13884,1148,14607,0,0,2854,22334,142,3072,2854,25406,California
Santa Barbara,2021-01-23,1735,30226,1106,14990,629,15236,0,0,1226,23052,508,3580,1226,26632,California
Santa Barbara,2021-01-24,843,31069,752,15742,91,15327,0,0,835,23879,8,3588,835,27467,California
Santa Barbara,2021-01-25,1237,32306,499,16241,738,16065,0,0,1001,24644,236,3824,1001,28468,California
Santa Barbara,2021-01-26,2038,34344,462,16703,1576,17641,0,0,1654,25916,382,4206,1654,30122,California
Santa Barbara,2021-01-27,1156,35500,398,17101,758,18399,0,0,899,26560,256,4462,900,31022,California
Santa Barbara,2021-01-28,891,36391,295,17396,596,18995,0,0,678,27028,210,4672,678,31700,California
Santa Barbara,2021-01-29,1331,37722,538,17934,793,19788,0,0,979,27660,349,5021,981,32681,California
Santa Barbara,2021-01-30,1890,39612,1418,19352,472,20260,0,0,1486,28745,401,5422,1486,34167,California
Santa Barbara,2021-01-31,1456,41068,1218,20570,238,20498,0,0,1417,30123,39,5461,1417,35584,California
Santa Barbara,2021-02-01,933,42001,517,21087,416,20914,0,0,546,30282,387,5848,546,36130,California
Santa Barbara,2021-02-02,1814,43815,698,21785,1116,22030,0,0,1039,30548,773,6621,1039,37169,California
Santa Barbara,2021-02-03,1943,45758,1079,22864,864,22894,0,0,1501,31617,432,7053,1501,38670,California
Santa Barbara,2021-02-04,2775,48533,1860,24724,915,23809,0,0,2480,33807,290,7343,2480,41150,California
Santa Barbara,2021-02-05,2905,51438,2060,26784,845,24654,0,0,2262,35427,642,7985,2262,43412,California
Santa Barbara,2021-02-06,1206,52644,338,27122,868,25522,0,0,795,35811,411,8396,795,44207,California
Santa Barbara,2021-02-07,298,52942,262,27384,36,25558,0,0,264,36042,33,8429,264,44471,California
Santa Barbara,2021-02-08,956,53898,312,27696,644,26202,0,0,670,36426,286,8715,670,45141,California
Santa Barbara,2021-02-09,2442,56340,314,28010,2128,28330,0,0,1122,36237,1311,10026,1122,46263,California
Santa Barbara,2021-02-10,2757,59097,1494,29504,1263,29593,0,0,800,35088,1949,11975,800,47063,California
Santa Barbara,2021-02-11,4175,63272,2803,32307,1372,30965,0,0,618,32154,3552,15527,618,47681,California
Santa Barbara,2021-02-12,3304,66576,948,33255,2356,33321,0,0,772,30399,2527,18054,772,48453,California
Santa Barbara,2021-02-13,1237,67813,341,33596,896,34217,0,0,562,30289,672,18726,562,49015,California
Santa Barbara,2021-02-14,331,68144,34,33630,297,34514,0,0,285,30528,46,18772,285,49300,California
Santa Barbara,2021-02-15,962,69106,337,33967,625,35139,0,0,490,30550,468,19240,490,49790,California
Santa Barbara,2021-02-16,2108,71214,395,34362,1713,36852,0,0,718,29882,1386,20626,718,50508,California
Santa Barbara,2021-02-17,1429,72643,316,34678,1113,37965,0,0,515,29485,912,21538,515,51023,California
Santa Barbara,2021-02-18,3250,75893,2646,37324,604,38569,0,0,1520,29309,1696,23234,1520,52543,California
Santa Barbara,2021-02-19,3602,79495,2648,39972,954,39523,0,0,2333,30376,1266,24500,2333,54876,California
Santa Barbara,2021-02-20,2219,81714,1432,41404,787,40310,0,0,1667,31500,543,25043,1667,56543,California
Santa Barbara,2021-02-21,124,81838,97,41501,27,40337,0,0,57,31490,67,25110,57,56600,California
Santa Barbara,2021-02-22,933,82771,242,41743,691,41028,0,0,261,31085,666,25776,261,56861,California
Santa Barbara,2021-02-23,3181,85952,1043,42786,2138,43166,0,0,422,28750,2757,28533,422,57283,California
Santa Barbara,2021-02-24,3193,89145,1088,43874,2105,45271,0,0,721,27008,2463,30996,721,58004,California
Santa Barbara,2021-02-25,3448,92593,1914,45788,1534,46805,0,0,983,25534,2458,33454,984,58988,California
Santa Barbara,2021-02-26,3660,96253,2172,47960,1488,48293,0,0,1979,25838,1675,35129,1979,60967,California
Santa Barbara,2021-02-27,1527,97780,561,48521,966,49259,0,0,846,26011,675,35804,848,61815,California
Santa Barbara,2021-02-28,1080,98860,218,48739,862,50121,0,0,890,26716,186,35990,891,62706,California
Santa Barbara,2021-03-01,1615,100475,457,49196,1158,51279,0,0,1079,27264,532,36522,1080,63786,California
Santa Barbara,2021-03-02,2592,103067,397,49593,2195,53474,0,0,2106,28895,476,36998,2107,65893,California
Santa Barbara,2021-03-03,4619,107686,2090,51683,2528,56002,1,1,4028,32346,581,37579,4032,69925,California
Santa Barbara,2021-03-04,3396,111082,2273,53956,1123,57125,0,1,2848,34652,542,38121,2848,72773,California
Santa Barbara,2021-03-05,3797,114879,2150,56106,1588,58713,59,60,3076,37072,715,38836,3135,75908,California
Santa Barbara,2021-03-06,2436,117315,724,56830,1493,60206,219,279,1672,38201,761,39597,1890,77798,California
Santa Barbara,2021-03-07,556,117871,122,56952,306,60512,128,407,380,38535,175,39772,509,78307,California
Santa Barbara,2021-03-08,1572,119443,374,57326,856,61368,342,749,792,38895,774,40546,1134,79441,California
Santa Barbara,2021-03-09,2762,122205,323,57649,1670,63038,769,1518,715,38332,2044,42590,1481,80922,California
Santa Barbara,2021-03-10,2746,124951,539,58188,1160,64198,1047,2565,1028,38694,1713,44303,2075,82997,California
Santa Barbara,2021-03-11,5566,130517,3031,61219,1423,65621,1112,3677,2274,38797,3281,47584,3384,86381,California
Santa Barbara,2021-03-12,3637,134154,2089,63308,1123,66744,425,4102,2168,39928,1462,49046,2593,88974,California
Santa Barbara,2021-03-13,3458,137612,1915,65223,1336,68080,207,4309,2690,42059,767,49813,2898,91872,California
Santa Barbara,2021-03-14,768,138380,363,65586,348,68428,57,4366,451,42250,317,50130,508,92380,California
Santa Barbara,2021-03-15,2098,140478,694,66280,1114,69542,290,4656,1264,42970,832,50962,1552,93932,California
Santa Barbara,2021-03-16,3713,144191,1167,67447,2205,71747,341,4997,2731,45063,979,51941,3072,97004,California
Santa Barbara,2021-03-17,3278,147469,969,68416,1910,73657,399,5396,2294,46773,982,52923,2692,99696,California
Santa Barbara,2021-03-18,4328,151797,2789,71205,1339,74996,200,5596,3130,48915,1188,54111,3330,103026,California
Santa Barbara,2021-03-19,4421,156218,2761,73966,1329,76325,331,5927,3030,50891,1385,55496,3361,106387,California
Santa Barbara,2021-03-20,2149,158367,821,74787,1319,77644,9,5936,1315,51383,832,56328,1324,107711,California
Santa Barbara,2021-03-21,1148,159515,380,75167,739,78383,29,5965,826,51918,320,56648,855,108566,California
Santa Barbara,2021-03-22,2764,162279,1906,77073,815,79198,43,6008,2215,53633,543,57191,2258,110824,California
Santa Barbara,2021-03-23,4446,166725,2235,79308,2115,81313,96,6104,3689,56670,748,57939,3785,114609,California
Santa Barbara,2021-03-24,5367,172092,3143,82451,1491,82804,733,6837,2942,57938,2406,60345,3674,118283,California
Santa Barbara,2021-03-25,5489,177581,3262,85713,2046,84850,181,7018,2739,58122,2736,63081,2920,121203,California
Santa Barbara,2021-03-26,5059,182640,3211,88924,1551,86401,297,7315,2224,57825,2818,65899,2521,123724,California
Santa Barbara,2021-03-27,2927,185567,1222,90146,1663,88064,42,7357,1595,58134,1327,67226,1636,125360,California
Santa Barbara,2021-03-28,2764,188331,1646,91792,1090,89154,28,7385,1885,59171,876,68102,1913,127273,California
Santa Barbara,2021-03-29,4039,192370,2088,93880,1882,91036,69,7454,3234,61674,800,68902,3303,130576,California
Santa Barbara,2021-03-30,6775,199145,3500,97380,3128,94164,147,7601,4556,64171,2205,71107,4702,135278,California
Santa Barbara,2021-03-31,8615,207760,5488,102868,3063,97227,64,7665,5057,65750,3543,74650,5122,140400,California
Santa Barbara,2021-04-01,6879,214639,5074,107942,1547,98774,258,7923,4043,67225,2824,77474,4299,144699,California
Santa Barbara,2021-04-02,6590,221229,4524,112466,1474,100248,592,8515,3381,67995,3202,80676,3972,148671,California
Santa Barbara,2021-04-03,3783,225012,2100,114566,1615,101863,68,8583,2490,69263,1289,81965,2557,151228,California
Santa Barbara,2021-04-04,891,225903,441,115007,412,102275,38,8621,495,69402,394,82359,533,151761,California
Santa Barbara,2021-04-05,3434,229337,2264,117271,914,103189,256,8877,2145,70520,1284,83643,2402,154163,California
Santa Barbara,2021-04-06,5445,234782,2815,120086,2095,105284,535,9412,3335,72292,2095,85738,3867,158030,California
Santa Barbara,2021-04-07,5978,240760,3282,123368,2155,107439,541,9953,4084,75030,1883,87621,4621,162651,California
Santa Barbara,2021-04-08,7359,248119,5009,128377,635,108074,1715,11668,3396,76178,3960,91581,5108,167759,California
Santa Barbara,2021-04-09,7211,255330,4843,133220,1031,109105,1337,13005,3277,76864,3924,95505,4610,172369,California
Santa Barbara,2021-04-10,6614,261944,4598,137818,1406,110511,610,13615,4516,79896,2094,97599,5126,177495,California
Santa Barbara,2021-04-11,2660,264604,1949,139767,413,110924,298,13913,1841,81217,815,98414,2136,179631,California
Santa Barbara,2021-04-12,4358,268962,2786,142553,1020,111944,552,14465,1860,81136,2490,100904,2409,182040,California
Santa Barbara,2021-04-13,6135,275097,4000,146553,2124,114068,11,14476,2476,79967,3655,104559,2486,184526,California
Santa Barbara,2021-04-14,6010,281107,4073,150626,1936,116004,1,14477,3777,81520,2224,106783,3777,188303,California
Santa Barbara,2021-04-15,2070,283177,1493,152119,577,116581,0,14477,1004,81462,1062,107845,1004,189307,California
Santa Clara,2020-12-15,64,64,64,64,0,0,0,0,64,64,0,0,64,64,California
Santa Clara,2020-12-16,136,200,136,200,0,0,0,0,136,200,0,0,136,200,California
Santa Clara,2020-12-17,388,588,388,588,0,0,0,0,388,588,0,0,388,588,California
Santa Clara,2020-12-18,1670,2258,1670,2258,0,0,0,0,1670,2258,0,0,1670,2258,California
Santa Clara,2020-12-19,2073,4331,2073,4331,0,0,0,0,2072,4330,0,0,2072,4330,California
Santa Clara,2020-12-20,1899,6230,1893,6224,6,6,0,0,1896,6226,0,0,1896,6226,California
Santa Clara,2020-12-21,2669,8899,2669,8893,0,6,0,0,2667,8893,0,0,2667,8893,California
Santa Clara,2020-12-22,3121,12020,3112,12005,9,15,0,0,3118,12011,0,0,3118,12011,California
Santa Clara,2020-12-23,3256,15276,3071,15076,185,200,0,0,3254,15265,0,0,3254,15265,California
Santa Clara,2020-12-24,1898,17174,1711,16787,187,387,0,0,1892,17156,1,1,1892,17157,California
Santa Clara,2020-12-25,343,17517,342,17129,1,388,0,0,343,17499,0,1,343,17500,California
Santa Clara,2020-12-26,1262,18779,1030,18159,232,620,0,0,1261,18760,0,1,1261,18761,California
Santa Clara,2020-12-27,646,19425,507,18666,139,759,0,0,646,19406,0,1,646,19407,California
Santa Clara,2020-12-28,2331,21756,1729,20395,602,1361,0,0,2331,21737,0,1,2331,21738,California
Santa Clara,2020-12-29,2326,24082,1465,21860,861,2222,0,0,2324,24061,0,1,2324,24062,California
Santa Clara,2020-12-30,2989,27071,1899,23759,1090,3312,0,0,2987,27046,2,3,2987,27049,California
Santa Clara,2020-12-31,1211,28282,389,24148,822,4134,0,0,1210,28255,1,4,1210,28259,California
Santa Clara,2021-01-01,137,28419,7,24155,130,4264,0,0,137,28392,0,4,137,28396,California
Santa Clara,2021-01-02,1080,29499,812,24967,268,4532,0,0,1080,29472,0,4,1080,29476,California
Santa Clara,2021-01-03,584,30083,369,25336,215,4747,0,0,579,30048,3,7,579,30055,California
Santa Clara,2021-01-04,2467,32550,1665,27001,802,5549,0,0,2465,32513,0,7,2465,32520,California
Santa Clara,2021-01-05,3055,35605,1999,29000,1056,6605,0,0,2868,35200,186,193,2873,35393,California
Santa Clara,2021-01-06,3315,38920,1952,30952,1363,7968,0,0,2740,37370,571,764,2741,38134,California
Santa Clara,2021-01-07,4213,43133,2553,33505,1660,9628,0,0,3148,39468,1055,1819,3153,41287,California
Santa Clara,2021-01-08,5837,48970,3816,37321,2021,11649,0,0,3787,41209,2046,3865,3787,45074,California
Santa Clara,2021-01-09,2966,51936,1859,39180,1107,12756,0,0,1685,41615,1281,5146,1687,46761,California
Santa Clara,2021-01-10,1951,53887,1508,40688,443,13199,0,0,741,41147,1209,6355,741,47502,California
Santa Clara,2021-01-11,5933,59820,3732,44420,2201,15400,0,0,3373,41966,2559,8914,3378,50880,California
Santa Clara,2021-01-12,6796,66616,3395,47815,3401,18801,0,0,4557,44287,2237,11151,4558,55438,California
Santa Clara,2021-01-13,7358,73974,3035,50850,4323,23124,0,0,5193,47318,2163,13314,5194,60632,California
Santa Clara,2021-01-14,8227,82201,2790,53640,5437,28561,0,0,6489,52075,1733,15047,6490,67122,California
Santa Clara,2021-01-15,9441,91642,2678,56318,6763,35324,0,0,8127,58896,1311,16358,8132,75254,California
Santa Clara,2021-01-16,4292,95934,1219,57537,3073,38397,0,0,3461,61530,827,17185,3461,78715,California
Santa Clara,2021-01-17,3212,99146,600,58137,2612,41009,0,0,2716,63750,496,17681,2716,81431,California
Santa Clara,2021-01-18,5089,104235,1152,59289,3937,44946,0,0,4536,67734,553,18234,4537,85968,California
Santa Clara,2021-01-19,8452,112687,2654,61943,5798,50744,0,0,6777,72842,1672,19906,6780,92748,California
Santa Clara,2021-01-20,7990,120677,4016,65959,3974,54718,0,0,6451,77759,1534,21440,6451,99199,California
Santa Clara,2021-01-21,8537,129214,3630,69589,4907,59625,0,0,7387,84000,1148,22588,7389,106588,California
Santa Clara,2021-01-22,8576,137790,3199,72788,5377,65002,0,0,8012,91451,563,23151,8014,114602,California
Santa Clara,2021-01-23,3776,141566,1684,74472,2092,67094,0,0,2819,93314,957,24108,2820,117422,California
Santa Clara,2021-01-24,2823,144389,1420,75892,1403,68497,0,0,2336,95165,485,24593,2336,119758,California
Santa Clara,2021-01-25,8357,152746,3776,79668,4581,73078,0,0,6304,99427,2046,26639,6308,126066,California
Santa Clara,2021-01-26,8223,160969,3754,83422,4469,77547,0,0,6115,103446,2098,28737,6117,132183,California
Santa Clara,2021-01-27,8696,169665,3820,87242,4876,82423,0,0,6780,108332,1895,30632,6781,138964,California
Santa Clara,2021-01-28,9408,179073,3768,91010,5640,88063,0,0,7463,113874,1925,32557,7467,146431,California
Santa Clara,2021-01-29,9469,188542,3915,94925,5554,93617,0,0,7309,119033,2151,34708,7310,153741,California
Santa Clara,2021-01-30,4161,192703,2056,96981,2105,95722,0,0,2960,120798,1196,35904,2961,156702,California
Santa Clara,2021-01-31,2168,194871,1301,98282,867,96589,0,0,1579,121791,586,36490,1579,158281,California
Santa Clara,2021-02-01,7829,202700,3479,101761,4350,100939,0,0,6140,126249,1683,38173,6141,164422,California
Santa Clara,2021-02-02,8075,210775,2866,104627,5209,106148,0,0,6089,130359,1982,40155,6092,170514,California
Santa Clara,2021-02-03,9188,219963,3479,108106,5709,111857,0,0,6920,135022,2263,42418,6926,177440,California
Santa Clara,2021-02-04,10558,230521,4111,112217,6447,118304,0,0,8279,141035,2269,44687,8282,185722,California
Santa Clara,2021-02-05,11895,242416,4335,116552,7560,125864,0,0,8440,146036,3440,48127,8441,194163,California
Santa Clara,2021-02-06,5166,247582,2804,119356,2362,128226,0,0,4007,148890,1155,49282,4009,198172,California
Santa Clara,2021-02-07,3472,251054,2347,121703,1125,129351,0,0,3022,151465,448,49730,3023,201195,California
Santa Clara,2021-02-08,10001,261055,3477,125180,6524,135875,0,0,7291,156061,2696,52426,7292,208487,California
Santa Clara,2021-02-09,10775,271830,3805,128985,6970,142845,0,0,7302,159903,3463,55889,7305,215792,California
Santa Clara,2021-02-10,12624,284454,4894,133879,7730,150575,0,0,6903,161100,5708,61597,6905,222697,California
Santa Clara,2021-02-11,13155,297609,4630,138509,8525,159100,0,0,7417,162794,5724,67321,7418,230115,California
Santa Clara,2021-02-12,14516,312125,4473,142982,10043,169143,0,0,7004,162306,7494,74815,7006,237121,California
Santa Clara,2021-02-13,6066,318191,1446,144428,4620,173763,0,0,2214,160675,3847,78662,2216,239337,California
Santa Clara,2021-02-14,4611,322802,1138,145566,3473,177236,0,0,1470,159007,3140,81802,1472,240809,California
Santa Clara,2021-02-15,6237,329039,2789,148355,3448,180684,0,0,2697,158170,3534,85336,2697,243506,California
Santa Clara,2021-02-16,13568,342607,3985,152340,9583,190267,0,0,6743,158105,6808,92144,6743,250249,California
Santa Clara,2021-02-17,14050,356657,5483,157823,8567,198834,0,0,7040,158157,6993,99137,7045,257294,California
Santa Clara,2021-02-18,13694,370351,8346,166169,5348,204182,0,0,7005,158498,6667,105804,7008,264302,California
Santa Clara,2021-02-19,14668,385019,9508,175677,5160,209342,0,0,8495,160838,6159,111963,8499,272801,California
Santa Clara,2021-02-20,6806,391825,5092,180769,1714,211056,0,0,3671,161382,3127,115090,3671,276472,California
Santa Clara,2021-02-21,3238,395063,2423,183192,815,211871,0,0,1160,160473,2071,117161,1162,277634,California
Santa Clara,2021-02-22,10126,405189,6068,189260,4058,215929,0,0,4728,159814,5388,122549,4729,282363,California
Santa Clara,2021-02-23,11821,417010,7688,196948,4133,220062,0,0,6695,161400,5114,127663,6700,289063,California
Santa Clara,2021-02-24,14093,431103,9082,206030,5011,225073,0,0,8727,164776,5351,133014,8727,297790,California
Santa Clara,2021-02-25,14062,445165,9215,215245,4847,229920,0,0,7651,166039,6393,139407,7656,305446,California
Santa Clara,2021-02-26,14538,459703,8429,223674,6109,236029,0,0,7997,167523,6516,145923,8000,313446,California
Santa Clara,2021-02-27,8037,467740,5486,229160,2550,238579,1,1,4445,168394,3582,149505,4453,317899,California
Santa Clara,2021-02-28,4708,472448,3059,232219,1649,240228,0,1,2201,168096,2499,152004,2201,320100,California
Santa Clara,2021-03-01,14036,486484,7953,240172,6082,246310,1,2,8677,171435,5339,157343,8678,328778,California
Santa Clara,2021-03-02,13729,500213,8224,248396,5505,251815,0,2,9169,176065,4541,161884,9171,337949,California
Santa Clara,2021-03-03,18008,518221,8870,257266,9137,260952,1,3,11076,180253,6895,168779,11083,349032,California
Santa Clara,2021-03-04,15691,533912,8895,266161,6793,267745,3,6,9225,183052,6430,175209,9229,358261,California
Santa Clara,2021-03-05,16171,550083,9111,275272,6935,274680,125,131,8875,184778,7278,182487,9004,367265,California
Santa Clara,2021-03-06,9325,559408,6259,281531,2631,277311,435,566,7044,189986,2269,184756,7477,374742,California
Santa Clara,2021-03-07,6708,566116,4402,285933,2077,279388,229,795,5350,194215,1350,186106,5579,380321,California
Santa Clara,2021-03-08,12825,578941,6679,292612,5586,284974,560,1355,8213,198395,4595,190701,8775,389096,California
Santa Clara,2021-03-09,14395,593336,6197,298809,6872,291846,1326,2681,6373,198088,8005,198706,7698,396794,California
Santa Clara,2021-03-10,14761,608097,6454,305263,6382,298228,1925,4606,6056,197377,8682,207388,7971,404765,California
Santa Clara,2021-03-11,16432,624529,7720,312983,7216,305444,1496,6102,5677,193810,10730,218118,7163,411928,California
Santa Clara,2021-03-12,17538,642067,9045,322028,6924,312368,1569,7671,5924,189720,11576,229694,7486,419414,California
Santa Clara,2021-03-13,10573,652640,6099,328127,2993,315361,1481,9152,4668,189980,5882,235576,6142,425556,California
Santa Clara,2021-03-14,6460,659100,3340,331467,1818,317179,1302,10454,3186,191203,3260,238836,4483,430039,California
Santa Clara,2021-03-15,12645,671745,6432,337899,5946,323125,267,10721,5881,190609,6744,245580,6150,436189,California
Santa Clara,2021-03-16,17548,689293,10233,348132,7110,330235,205,10926,8484,190257,9039,254619,8687,444876,California
Santa Clara,2021-03-17,19596,708889,11180,359312,8252,338487,164,11090,10107,191087,9441,264060,10271,455147,California
Santa Clara,2021-03-18,18135,727024,8829,368141,8149,346636,1157,12247,8416,190989,9670,273730,9572,464719,California
Santa Clara,2021-03-19,19041,746065,9795,377936,8249,354885,997,13244,9944,192884,9041,282771,10936,475655,California
Santa Clara,2021-03-20,11428,757493,6270,384206,4329,359214,829,14073,6719,195747,4682,287453,7545,483200,California
Santa Clara,2021-03-21,8230,765723,3708,387914,3122,362336,1400,15473,5516,199953,2704,290157,6910,490110,California
Santa Clara,2021-03-22,15956,781679,9022,396936,6590,368926,344,15817,9135,202635,6797,296954,9479,499589,California
Santa Clara,2021-03-23,19062,800741,12127,409063,6422,375348,513,16330,11448,207025,7572,304526,11962,511551,California
Santa Clara,2021-03-24,22184,822925,14399,423462,7375,382723,410,16740,14454,214199,7692,312218,14866,526417,California
Santa Clara,2021-03-25,22610,845535,12948,436410,8683,391406,979,17719,14707,222038,7842,320060,15681,542098,California
Santa Clara,2021-03-26,21662,867197,13799,450209,7481,398887,382,18101,13386,227557,8245,328305,13764,555862,California
Santa Clara,2021-03-27,15551,882748,10340,460549,4449,403336,762,18863,8381,229565,7135,335440,9143,565005,California
Santa Clara,2021-03-28,11954,894702,8258,468807,2983,406319,713,19576,6461,231266,5471,340911,7172,572177,California
Santa Clara,2021-03-29,20427,915129,12534,481341,7169,413488,724,20300,11189,233977,9200,350111,11911,584088,California
Santa Clara,2021-03-30,25363,940492,15111,496452,8342,421830,1910,22210,16563,243683,8763,358874,18469,602557,California
Santa Clara,2021-03-31,20198,960690,11715,508167,7363,429193,1120,23330,12769,250167,7399,366273,13883,616440,California
Santa Clara,2021-04-01,31276,991966,19570,527737,8724,437917,2982,26312,19943,261810,11278,377551,22921,639361,California
Santa Clara,2021-04-02,24843,1016809,14180,541917,8555,446472,2108,28420,16397,271898,8413,385964,18501,657862,California
Santa Clara,2021-04-03,15008,1031817,9108,551025,3433,449905,2467,30887,8316,276002,6671,392635,10775,668637,California
Santa Clara,2021-04-04,7501,1039318,3984,555009,2402,452307,1115,32002,3912,277447,3581,396216,5026,673663,California
Santa Clara,2021-04-05,21366,1060684,14236,569245,4703,457010,2427,34429,13914,286359,7428,403644,16340,690003,California
Santa Clara,2021-04-06,28926,1089610,15871,585116,7708,464718,5347,39776,17510,297834,11373,415017,22848,712851,California
Santa Clara,2021-04-07,29732,1119342,15355,600471,8301,473019,6076,45852,18212,310643,11467,426484,24276,737127,California
Santa Clara,2021-04-08,27708,1147050,15574,616045,5502,478521,6632,52484,15503,320624,12139,438623,22120,759247,California
Santa Clara,2021-04-09,26820,1173870,13140,629185,6733,485254,6947,59431,13686,328157,13082,451705,20615,779862,California
Santa Clara,2021-04-10,20463,1194333,11708,640893,3702,488956,5053,64484,10842,334433,9591,461296,15867,795729,California
Santa Clara,2021-04-11,15779,1210112,9396,650289,2624,491580,3759,68243,8126,338688,7621,468917,11876,807605,California
Santa Clara,2021-04-12,25801,1235913,17957,668246,5476,497056,2368,70611,17476,350259,8272,477189,19843,827448,California
Santa Clara,2021-04-13,31577,1267490,24990,693236,6576,503632,11,70622,24937,368658,6569,483758,24968,852416,California
Santa Clara,2021-04-14,28996,1296486,21120,714356,7873,511505,3,70625,21091,381918,7862,491620,21122,873538,California
Santa Clara,2021-04-15,12585,1309071,8196,722552,4388,515893,1,70626,8977,387338,3591,495211,9011,882549,California
Santa Cruz,2020-12-15,2,2,2,2,0,0,0,0,2,2,0,0,2,2,California
Santa Cruz,2020-12-16,57,59,57,59,0,0,0,0,57,59,0,0,57,59,California
Santa Cruz,2020-12-17,389,448,389,448,0,0,0,0,389,448,0,0,389,448,California
Santa Cruz,2020-12-18,465,913,465,913,0,0,0,0,465,913,0,0,465,913,California
Santa Cruz,2020-12-19,178,1091,177,1090,1,1,0,0,178,1091,0,0,178,1091,California
Santa Cruz,2020-12-20,95,1186,95,1185,0,1,0,0,95,1186,0,0,95,1186,California
Santa Cruz,2020-12-21,434,1620,434,1619,0,1,0,0,434,1620,0,0,434,1620,California
Santa Cruz,2020-12-22,424,2044,423,2042,1,2,0,0,424,2044,0,0,424,2044,California
Santa Cruz,2020-12-23,371,2415,329,2371,42,44,0,0,371,2415,0,0,371,2415,California
Santa Cruz,2020-12-24,125,2540,49,2420,76,120,0,0,125,2540,0,0,125,2540,California
Santa Cruz,2020-12-25,11,2551,11,2431,0,120,0,0,11,2551,0,0,11,2551,California
Santa Cruz,2020-12-26,64,2615,45,2476,19,139,0,0,64,2615,0,0,64,2615,California
Santa Cruz,2020-12-27,32,2647,27,2503,5,144,0,0,32,2647,0,0,32,2647,California
Santa Cruz,2020-12-28,484,3131,108,2611,376,520,0,0,484,3131,0,0,484,3131,California
Santa Cruz,2020-12-29,798,3929,370,2981,428,948,0,0,798,3929,0,0,798,3929,California
Santa Cruz,2020-12-30,356,4285,164,3145,192,1140,0,0,356,4285,0,0,356,4285,California
Santa Cruz,2020-12-31,313,4598,11,3156,302,1442,0,0,313,4598,0,0,313,4598,California
Santa Cruz,2021-01-01,33,4631,1,3157,32,1474,0,0,33,4631,0,0,33,4631,California
Santa Cruz,2021-01-02,71,4702,57,3214,14,1488,0,0,71,4702,0,0,71,4702,California
Santa Cruz,2021-01-03,15,4717,7,3221,8,1496,0,0,15,4717,0,0,15,4717,California
Santa Cruz,2021-01-04,281,4998,123,3344,158,1654,0,0,279,4996,0,0,279,4996,California
Santa Cruz,2021-01-05,566,5564,428,3772,138,1792,0,0,264,4958,302,302,264,5260,California
Santa Cruz,2021-01-06,803,6367,670,4442,133,1925,0,0,465,5086,337,639,465,5725,California
Santa Cruz,2021-01-07,540,6907,212,4654,328,2253,0,0,387,5321,153,792,388,6113,California
Santa Cruz,2021-01-08,934,7841,561,5215,373,2626,0,0,486,5360,448,1240,487,6600,California
Santa Cruz,2021-01-09,463,8304,123,5338,340,2966,0,0,409,5715,54,1294,409,7009,California
Santa Cruz,2021-01-10,80,8384,70,5408,10,2976,0,0,21,5677,59,1353,21,7030,California
Santa Cruz,2021-01-11,723,9107,588,5996,135,3111,0,0,192,5338,531,1884,192,7222,California
Santa Cruz,2021-01-12,736,9843,532,6528,204,3315,0,0,493,5588,243,2127,493,7715,California
Santa Cruz,2021-01-13,522,10365,228,6756,294,3609,0,0,438,5945,81,2208,438,8153,California
Santa Cruz,2021-01-14,553,10918,101,6857,452,4061,0,0,487,6366,66,2274,487,8640,California
Santa Cruz,2021-01-15,1459,12377,77,6934,1382,5443,0,0,1395,7699,63,2337,1396,10036,California
Santa Cruz,2021-01-16,426,12803,54,6988,372,5815,0,0,407,8087,19,2356,407,10443,California
Santa Cruz,2021-01-17,297,13100,41,7029,256,6071,0,0,272,8334,25,2381,272,10715,California
Santa Cruz,2021-01-18,1016,14116,105,7134,911,6982,0,0,954,9226,62,2443,954,11669,California
Santa Cruz,2021-01-19,1623,15739,524,7658,1099,8081,0,0,1270,10146,351,2794,1271,12940,California
Santa Cruz,2021-01-20,1236,16975,184,7842,1052,9133,0,0,1039,10991,194,2988,1039,13979,California
Santa Cruz,2021-01-21,1710,18685,200,8042,1510,10643,0,0,1602,12487,108,3096,1604,15583,California
Santa Cruz,2021-01-22,1797,20482,532,8574,1265,11908,0,0,1696,14086,98,3194,1697,17280,California
Santa Cruz,2021-01-23,402,20884,147,8721,255,12163,0,0,342,14369,59,3253,342,17622,California
Santa Cruz,2021-01-24,116,21000,21,8742,95,12258,0,0,98,14449,18,3271,98,17720,California
Santa Cruz,2021-01-25,1059,22059,359,9101,700,12958,0,0,549,14488,510,3781,549,18269,California
Santa Cruz,2021-01-26,1690,23749,247,9348,1443,14401,0,0,1178,15154,512,4293,1178,19447,California
Santa Cruz,2021-01-27,1651,25400,447,9795,1204,15605,0,0,1267,16039,382,4675,1267,20714,California
Santa Cruz,2021-01-28,1746,27146,292,10087,1454,17059,0,0,1470,17234,276,4951,1471,22185,California
Santa Cruz,2021-01-29,1734,28880,489,10576,1245,18304,0,0,1604,18709,129,5080,1604,23789,California
Santa Cruz,2021-01-30,1059,29939,308,10884,751,19055,0,0,926,19502,133,5213,926,24715,California
Santa Cruz,2021-01-31,219,30158,113,10997,106,19161,0,0,205,19693,14,5227,205,24920,California
Santa Cruz,2021-02-01,1232,31390,759,11756,473,19634,0,0,826,20113,406,5633,826,25746,California
Santa Cruz,2021-02-02,1007,32397,128,11884,879,20513,0,0,852,20811,154,5787,852,26598,California
Santa Cruz,2021-02-03,2228,34625,955,12839,1273,21786,0,0,1913,22413,311,6098,1913,28511,California
Santa Cruz,2021-02-04,1842,36467,771,13610,1071,22857,0,0,1505,23582,336,6434,1505,30016,California
Santa Cruz,2021-02-05,3172,39639,795,14405,2377,25234,0,0,2853,26117,318,6752,2853,32869,California
Santa Cruz,2021-02-06,2584,42223,164,14569,2420,27654,0,0,2236,28005,348,7100,2236,35105,California
Santa Cruz,2021-02-07,908,43131,122,14691,786,28440,0,0,890,28877,18,7118,890,35995,California
Santa Cruz,2021-02-08,716,43847,203,14894,513,28953,0,0,516,29194,199,7317,516,36511,California
Santa Cruz,2021-02-09,2370,46217,1055,15949,1315,30268,0,0,2105,31038,261,7578,2105,38616,California
Santa Cruz,2021-02-10,2200,48417,581,16530,1619,31887,0,0,1501,31849,691,8269,1502,40118,California
Santa Cruz,2021-02-11,1854,50271,317,16847,1537,33424,0,0,1329,32655,523,8792,1329,41447,California
Santa Cruz,2021-02-12,3217,53488,420,17267,2797,36221,0,0,1808,33064,1401,10193,1810,43257,California
Santa Cruz,2021-02-13,1708,55196,124,17391,1584,37805,0,0,1295,33946,413,10606,1295,44552,California
Santa Cruz,2021-02-14,1402,56598,70,17461,1332,39137,0,0,1138,34820,264,10870,1138,45690,California
Santa Cruz,2021-02-15,1583,58181,279,17740,1304,40441,0,0,566,34370,1017,11887,567,46257,California
Santa Cruz,2021-02-16,1695,59876,204,17944,1491,41932,0,0,537,33770,1137,13024,537,46794,California
Santa Cruz,2021-02-17,2917,62793,973,18917,1944,43876,0,0,1220,33309,1684,14708,1223,48017,California
Santa Cruz,2021-02-18,2880,65673,638,19555,2242,46118,0,0,1230,32893,1646,16354,1230,49247,California
Santa Cruz,2021-02-19,3265,68938,1144,20699,2121,48239,0,0,2007,33643,1257,17611,2007,51254,California
Santa Cruz,2021-02-20,2383,71321,1498,22197,885,49124,0,0,1889,35038,494,18105,1889,53143,California
Santa Cruz,2021-02-21,826,72147,360,22557,466,49590,0,0,700,35614,124,18229,700,53843,California
Santa Cruz,2021-02-22,1260,73407,969,23526,291,49881,0,0,537,35430,721,18950,537,54380,California
Santa Cruz,2021-02-23,2096,75503,937,24463,1159,51040,0,0,708,34751,1387,20337,708,55088,California
Santa Cruz,2021-02-24,3182,78685,1661,26124,1521,52561,0,0,1204,33981,1974,22311,1204,56292,California
Santa Cruz,2021-02-25,3237,81922,1432,27556,1805,54366,0,0,1781,34313,1449,23760,1781,58073,California
Santa Cruz,2021-02-26,2720,84642,763,28319,1957,56323,0,0,1548,34695,1168,24928,1550,59623,California
Santa Cruz,2021-02-27,2636,87278,930,29249,1706,58029,0,0,1837,35734,798,25726,1837,61460,California
Santa Cruz,2021-02-28,1296,88574,359,29608,937,58966,0,0,1086,36613,207,25933,1086,62546,California
Santa Cruz,2021-03-01,1827,90401,1254,30862,573,59539,0,0,688,36165,1136,27069,688,63234,California
Santa Cruz,2021-03-02,1504,91905,338,31200,1166,60705,0,0,835,36336,667,27736,838,64072,California
Santa Cruz,2021-03-03,2338,94243,604,31804,1734,62439,0,0,1270,36541,1065,28801,1270,65342,California
Santa Cruz,2021-03-04,2999,97242,1403,33207,1595,64034,1,1,2026,37606,963,29764,2028,67370,California
Santa Cruz,2021-03-05,2600,99842,477,33684,2105,66139,18,19,1123,37273,1474,31238,1141,68511,California
Santa Cruz,2021-03-06,3869,103711,1348,35032,2416,68555,105,124,2161,37830,1708,32946,2265,70776,California
Santa Cruz,2021-03-07,1346,105057,128,35160,1144,69699,74,198,556,37671,789,33735,630,71406,California
Santa Cruz,2021-03-08,1079,106136,218,35378,732,70431,129,327,649,38020,429,34164,778,72184,California
Santa Cruz,2021-03-09,1764,107900,236,35614,1381,71812,147,474,697,37800,1064,35228,844,73028,California
Santa Cruz,2021-03-10,3852,111752,2088,37702,1617,73429,147,621,1992,38084,1858,37086,2142,75170,California
Santa Cruz,2021-03-11,2802,114554,1217,38919,1411,74840,174,795,1547,38553,1254,38340,1723,76893,California
Santa Cruz,2021-03-12,2746,117300,890,39809,1565,76405,291,1086,910,37920,1833,40173,1200,78093,California
Santa Cruz,2021-03-13,2301,119601,1331,41140,925,77330,45,1131,1171,38009,1128,41301,1217,79310,California
Santa Cruz,2021-03-14,899,120500,214,41354,671,78001,14,1145,438,38002,458,41759,451,79761,California
Santa Cruz,2021-03-15,1347,121847,480,41834,832,78833,35,1180,578,37849,767,42526,614,80375,California
Santa Cruz,2021-03-16,2317,124164,1087,42921,1189,80022,41,1221,1342,38259,972,43498,1382,81757,California
Santa Cruz,2021-03-17,3860,128024,2233,45154,1617,81639,10,1231,2517,39450,1339,44837,2530,84287,California
Santa Cruz,2021-03-18,3857,131881,2092,47246,1646,83285,119,1350,2066,39847,1788,46625,2185,86472,California
Santa Cruz,2021-03-19,3270,135151,1318,48564,1727,85012,225,1575,1646,40099,1619,48244,1871,88343,California
Santa Cruz,2021-03-20,2167,137318,1615,50179,515,85527,37,1612,1095,40162,1069,49313,1132,89475,California
Santa Cruz,2021-03-21,824,138142,437,50616,266,85793,121,1733,443,40348,379,49692,565,90040,California
Santa Cruz,2021-03-22,1365,139507,849,51465,494,86287,22,1755,942,40893,420,50112,965,91005,California
Santa Cruz,2021-03-23,2556,142063,1435,52900,1071,87358,50,1805,1719,41827,835,50947,1769,92774,California
Santa Cruz,2021-03-24,3007,145070,2018,54918,967,88325,22,1827,1992,42830,1010,51957,2013,94787,California
Santa Cruz,2021-03-25,2610,147680,1326,56244,1251,89576,33,1860,1354,42969,1248,53205,1387,96174,California
Santa Cruz,2021-03-26,3029,150709,1820,58064,1182,90758,27,1887,2060,44094,962,54167,2087,98261,California
Santa Cruz,2021-03-27,3232,153941,2012,60076,1195,91953,25,1912,1525,43948,1697,55864,1551,99812,California
Santa Cruz,2021-03-28,924,154865,568,60644,343,92296,13,1925,490,44023,429,56293,504,100316,California
Santa Cruz,2021-03-29,1951,156816,871,61515,1011,93307,69,1994,1249,44642,699,56992,1318,101634,California
Santa Cruz,2021-03-30,2704,159520,817,62332,1725,95032,162,2156,1737,45576,965,57957,1899,103533,California
Santa Cruz,2021-03-31,4053,163573,2716,65048,1289,96321,48,2204,2084,45743,1965,59922,2132,105665,California
Santa Cruz,2021-04-01,4021,167594,2152,67200,1762,98083,107,2311,2028,45890,1988,61910,2135,107800,California
Santa Cruz,2021-04-02,3150,170744,1431,68631,1537,99620,182,2493,1745,46417,1400,63310,1927,109727,California
Santa Cruz,2021-04-03,2246,172990,1233,69864,891,100511,122,2615,888,46071,1355,64665,1009,110736,California
Santa Cruz,2021-04-04,939,173929,494,70358,390,100901,55,2670,554,46295,385,65050,609,111345,California
Santa Cruz,2021-04-05,2271,176200,812,71170,1293,102194,166,2836,1408,47007,862,65912,1574,112919,California
Santa Cruz,2021-04-06,3355,179555,1669,72839,1325,103519,361,3197,1987,47995,1358,67270,2346,115265,California
Santa Cruz,2021-04-07,4122,183677,1633,74472,2148,105667,341,3538,1863,47943,2256,69526,2204,117469,California
Santa Cruz,2021-04-08,4226,187903,2345,76817,1399,107066,482,4020,2506,49218,1711,71237,2986,120455,California
Santa Cruz,2021-04-09,3536,191439,1486,78303,1654,108720,396,4416,1954,49992,1577,72814,2351,122806,California
Santa Cruz,2021-04-10,2241,193680,1095,79398,900,109620,246,4662,1076,50151,1162,73976,1321,124127,California
Santa Cruz,2021-04-11,1001,194681,528,79926,382,110002,91,4753,489,50219,512,74488,580,124707,California
Santa Cruz,2021-04-12,2227,196908,764,80690,1036,111038,427,5180,1044,50520,1168,75656,1469,126176,California
Santa Cruz,2021-04-13,2777,199685,1351,82041,1425,112463,1,5181,1532,50813,1240,76896,1533,127709,California
Santa Cruz,2021-04-14,3738,203423,1480,83521,2258,114721,0,5181,2073,51227,1660,78556,2074,129783,California
Santa Cruz,2021-04-15,3383,206806,2080,85601,1303,116024,0,5181,2242,52331,1138,79694,2242,132025,California
Shasta,2020-12-16,131,131,131,131,0,0,0,0,131,131,0,0,131,131,California
Shasta,2020-12-17,417,548,417,548,0,0,0,0,417,548,0,0,417,548,California
Shasta,2020-12-18,166,714,166,714,0,0,0,0,166,714,0,0,166,714,California
Shasta,2020-12-19,1,715,1,715,0,0,0,0,1,715,0,0,1,715,California
Shasta,2020-12-21,80,795,80,795,0,0,0,0,80,795,0,0,80,795,California
Shasta,2020-12-22,191,986,186,981,5,5,0,0,191,986,0,0,191,986,California
Shasta,2020-12-23,174,1160,170,1151,4,9,0,0,174,1160,0,0,174,1160,California
Shasta,2020-12-24,18,1178,18,1169,0,9,0,0,18,1178,0,0,18,1178,California
Shasta,2020-12-26,4,1182,1,1170,3,12,0,0,4,1182,0,0,4,1182,California
Shasta,2020-12-27,1,1183,0,1170,1,13,0,0,1,1183,0,0,1,1183,California
Shasta,2020-12-28,40,1223,31,1201,9,22,0,0,40,1223,0,0,40,1223,California
Shasta,2020-12-29,186,1409,185,1386,1,23,0,0,186,1409,0,0,186,1409,California
Shasta,2020-12-30,178,1587,168,1554,10,33,0,0,178,1587,0,0,178,1587,California
Shasta,2020-12-31,83,1670,2,1556,81,114,0,0,83,1670,0,0,83,1670,California
Shasta,2021-01-02,2,1672,0,1556,2,116,0,0,2,1672,0,0,2,1672,California
Shasta,2021-01-03,1,1673,1,1557,0,116,0,0,1,1673,0,0,1,1673,California
Shasta,2021-01-04,346,2019,306,1863,40,156,0,0,347,2020,0,0,347,2020,California
Shasta,2021-01-05,335,2354,314,2177,21,177,0,0,254,2193,81,81,254,2274,California
Shasta,2021-01-06,437,2791,395,2572,42,219,0,0,175,2107,261,342,175,2449,California
Shasta,2021-01-07,116,2907,35,2607,81,300,0,0,95,2181,21,363,95,2544,California
Shasta,2021-01-08,507,3414,447,3054,60,360,0,0,299,2272,208,571,299,2843,California
Shasta,2021-01-09,72,3486,63,3117,9,369,0,0,70,2340,2,573,70,2913,California
Shasta,2021-01-10,5,3491,0,3117,5,374,0,0,4,2344,1,574,5,2918,California
Shasta,2021-01-11,353,3844,185,3302,168,542,0,0,317,2625,36,610,317,3235,California
Shasta,2021-01-12,444,4288,327,3629,117,659,0,0,270,2721,174,784,270,3505,California
Shasta,2021-01-13,541,4829,268,3897,273,932,0,0,371,2922,170,954,371,3876,California
Shasta,2021-01-14,453,5282,51,3948,402,1334,0,0,435,3339,18,972,435,4311,California
Shasta,2021-01-15,637,5919,136,4084,501,1835,0,0,635,3972,2,974,635,4946,California
Shasta,2021-01-16,899,6818,55,4139,844,2679,0,0,896,4865,3,977,896,5842,California
Shasta,2021-01-17,27,6845,6,4145,21,2700,0,0,23,4884,4,981,23,5865,California
Shasta,2021-01-18,599,7444,130,4275,469,3169,0,0,591,5467,8,989,591,6456,California
Shasta,2021-01-19,1018,8462,397,4672,621,3790,0,0,870,6189,148,1137,870,7326,California
Shasta,2021-01-20,677,9139,409,5081,268,4058,0,0,493,6503,179,1316,493,7819,California
Shasta,2021-01-21,629,9768,277,5358,352,4410,0,0,606,7086,23,1339,606,8425,California
Shasta,2021-01-22,445,10213,171,5529,274,4684,0,0,439,7519,6,1345,439,8864,California
Shasta,2021-01-23,68,10281,5,5534,63,4747,0,0,67,7585,1,1346,67,8931,California
Shasta,2021-01-24,25,10306,2,5536,23,4770,0,0,24,7608,1,1347,24,8955,California
Shasta,2021-01-25,749,11055,490,6026,259,5029,0,0,464,7788,284,1631,464,9419,California
Shasta,2021-01-26,707,11762,331,6357,376,5405,0,0,474,8031,231,1862,474,9893,California
Shasta,2021-01-27,459,12221,179,6536,280,5685,0,0,410,8392,49,1911,410,10303,California
Shasta,2021-01-28,855,13076,576,7112,279,5964,0,0,633,8803,222,2133,633,10936,California
Shasta,2021-01-29,830,13906,330,7442,500,6464,0,0,640,9254,190,2323,641,11577,California
Shasta,2021-01-30,617,14523,14,7456,603,7067,0,0,608,9853,9,2332,608,12185,California
Shasta,2021-01-31,28,14551,4,7460,24,7091,0,0,26,9877,2,2334,26,12211,California
Shasta,2021-02-01,508,15059,147,7607,361,7452,0,0,386,10141,122,2456,386,12597,California
Shasta,2021-02-02,937,15996,493,8100,444,7896,0,0,846,10898,89,2545,846,13443,California
Shasta,2021-02-03,676,16672,210,8310,466,8362,0,0,480,11182,196,2741,480,13923,California
Shasta,2021-02-04,1070,17742,663,8973,407,8769,0,0,879,11871,190,2931,879,14802,California
Shasta,2021-02-05,1215,18957,163,9136,1052,9821,0,0,1026,12709,188,3119,1026,15828,California
Shasta,2021-02-06,1729,20686,42,9178,1687,11508,0,0,1705,14390,24,3143,1705,17533,California
Shasta,2021-02-07,26,20712,3,9181,23,11531,0,0,24,14412,2,3145,24,17557,California
Shasta,2021-02-08,541,21253,168,9349,373,11904,0,0,303,14477,238,3383,303,17860,California
Shasta,2021-02-09,1026,22279,651,10000,375,12279,0,0,676,14803,350,3733,676,18536,California
Shasta,2021-02-10,1084,23363,782,10782,302,12581,0,0,594,14907,491,4224,595,19131,California
Shasta,2021-02-11,785,24148,187,10969,598,13179,0,0,304,14735,476,4700,304,19435,California
Shasta,2021-02-12,1661,25809,1141,12110,520,13699,0,0,1168,15410,493,5193,1168,20603,California
Shasta,2021-02-13,1383,27192,367,12477,1016,14715,0,0,571,15168,813,6006,571,21174,California
Shasta,2021-02-14,149,27341,4,12481,145,14860,0,0,125,15269,24,6030,125,21299,California
Shasta,2021-02-15,380,27721,90,12571,290,15150,0,0,211,15311,169,6199,211,21510,California
Shasta,2021-02-16,1085,28806,514,13085,571,15721,0,0,319,14865,765,6964,319,21829,California
Shasta,2021-02-17,994,29800,439,13524,555,16276,0,0,376,14623,618,7582,376,22205,California
Shasta,2021-02-18,874,30674,441,13965,433,16709,0,0,427,14603,447,8029,427,22632,California
Shasta,2021-02-19,1325,31999,934,14899,391,17100,0,0,858,14994,467,8496,858,23490,California
Shasta,2021-02-20,800,32799,87,14986,713,17813,0,0,301,14796,499,8995,301,23791,California
Shasta,2021-02-21,31,32830,2,14988,29,17842,0,0,9,14783,22,9017,9,23800,California
Shasta,2021-02-22,348,33178,74,15062,274,18116,0,0,99,14633,249,9266,99,23899,California
Shasta,2021-02-23,801,33979,466,15528,335,18451,0,0,216,14264,585,9851,216,24115,California
Shasta,2021-02-24,882,34861,503,16031,379,18830,0,0,268,13919,613,10464,268,24383,California
Shasta,2021-02-25,479,35340,158,16189,321,19151,0,0,159,13759,319,10783,159,24542,California
Shasta,2021-02-26,792,36132,95,16284,697,19848,0,0,331,13631,459,11242,331,24873,California
Shasta,2021-02-27,824,36956,27,16311,797,20645,0,0,185,13179,637,11879,185,25058,California
Shasta,2021-02-28,176,37132,4,16315,172,20817,0,0,126,13255,50,11929,126,25184,California
Shasta,2021-03-01,556,37688,59,16374,497,21314,0,0,266,13232,289,12218,266,25450,California
Shasta,2021-03-02,931,38619,465,16839,466,21780,0,0,268,12839,661,12879,268,25718,California
Shasta,2021-03-03,657,39276,163,17002,494,22274,0,0,241,12664,416,13295,241,25959,California
Shasta,2021-03-04,1056,40332,505,17507,551,22825,0,0,647,12904,408,13703,648,26607,California
Shasta,2021-03-05,981,41313,161,17668,791,23616,29,29,322,12595,660,14363,351,26958,California
Shasta,2021-03-06,842,42155,386,18054,409,24025,47,76,208,12216,634,14997,255,27213,California
Shasta,2021-03-07,91,42246,3,18057,56,24081,32,108,37,12231,54,15051,69,27282,California
Shasta,2021-03-08,558,42804,46,18103,373,24454,139,247,145,12104,411,15462,284,27566,California
Shasta,2021-03-09,606,43410,45,18148,383,24837,178,425,233,12142,373,15835,411,27977,California
Shasta,2021-03-10,796,44206,257,18405,337,25174,202,627,132,11812,663,16498,333,28310,California
Shasta,2021-03-11,1045,45251,173,18578,626,25800,246,873,644,12301,401,16899,890,29200,California
Shasta,2021-03-12,829,46080,171,18749,414,26214,244,1117,295,12305,533,17432,537,29737,California
Shasta,2021-03-13,755,46835,424,19173,231,26445,100,1217,475,12600,279,17711,574,30311,California
Shasta,2021-03-14,365,47200,8,19181,335,26780,22,1239,227,12711,138,17849,249,30560,California
Shasta,2021-03-15,494,47694,34,19215,360,27140,100,1339,208,12732,286,18135,307,30867,California
Shasta,2021-03-16,1075,48769,144,19359,864,28004,67,1406,798,13320,277,18412,865,31732,California
Shasta,2021-03-17,687,49456,190,19549,439,28443,58,1464,389,13475,292,18704,447,32179,California
Shasta,2021-03-18,1066,50522,232,19781,731,29174,103,1567,793,14102,269,18973,896,33075,California
Shasta,2021-03-19,628,51150,197,19978,376,29550,55,1622,396,14322,231,19204,451,33526,California
Shasta,2021-03-20,748,51898,490,20468,244,29794,14,1636,600,14788,148,19352,614,34140,California
Shasta,2021-03-21,312,52210,296,20764,4,29798,12,1648,286,15060,26,19378,298,34438,California
Shasta,2021-03-22,342,52552,36,20800,276,30074,30,1678,200,15149,141,19519,230,34668,California
Shasta,2021-03-23,818,53370,157,20957,603,30677,58,1736,626,15646,187,19706,684,35352,California
Shasta,2021-03-24,514,53884,156,21113,321,30998,37,1773,357,15884,156,19862,394,35746,California
Shasta,2021-03-25,762,54646,186,21299,559,31557,17,1790,623,16387,137,19999,640,36386,California
Shasta,2021-03-26,685,55331,260,21559,395,31952,30,1820,331,16395,354,20353,362,36748,California
Shasta,2021-03-27,1555,56886,404,21963,315,32267,836,2656,571,16817,982,21335,1404,38152,California
Shasta,2021-03-28,404,57290,299,22262,95,32362,10,2666,302,17029,100,21435,312,38464,California
Shasta,2021-03-29,415,57705,41,22303,362,32724,12,2678,161,16949,253,21688,173,38637,California
Shasta,2021-03-30,527,58232,185,22488,335,33059,7,2685,320,17072,204,21892,327,38964,California
Shasta,2021-03-31,622,58854,208,22696,409,33468,5,2690,389,17238,228,22120,394,39358,California
Shasta,2021-04-01,777,59631,245,22941,526,33994,6,2696,551,17570,226,22346,558,39916,California
Shasta,2021-04-02,746,60377,202,23143,493,34487,51,2747,413,17703,331,22677,464,40380,California
Shasta,2021-04-03,519,60896,367,23510,133,34620,19,2766,396,17995,123,22800,415,40795,California
Shasta,2021-04-04,291,61187,177,23687,94,34714,20,2786,217,18158,74,22874,237,41032,California
Shasta,2021-04-05,438,61625,67,23754,309,35023,62,2848,266,18314,172,23046,328,41360,California
Shasta,2021-04-06,716,62341,169,23923,376,35399,171,3019,290,18350,424,23470,460,41820,California
Shasta,2021-04-07,649,62990,211,24134,275,35674,163,3182,260,18389,384,23854,423,42243,California
Shasta,2021-04-08,1053,64043,260,24394,639,36313,154,3336,232,17956,819,24673,386,42629,California
Shasta,2021-04-09,1859,65902,1344,25738,307,36620,208,3544,1315,18937,540,25213,1521,44150,California
Shasta,2021-04-10,876,66778,594,26332,154,36774,128,3672,264,18717,612,25825,392,44542,California
Shasta,2021-04-11,449,67227,395,26727,34,36808,20,3692,140,18571,306,26131,160,44702,California
Shasta,2021-04-12,316,67543,8,26735,251,37059,57,3749,85,18482,230,26361,141,44843,California
Shasta,2021-04-13,790,68333,153,26888,637,37696,0,3749,168,18029,621,26982,168,45011,California
Shasta,2021-04-14,451,68784,110,26998,339,38035,2,3751,150,17881,300,27282,152,45163,California
Shasta,2021-04-15,254,69038,80,27078,174,38209,0,3751,111,17850,142,27424,111,45274,California
Sierra,2020-12-18,1,1,1,1,0,0,0,0,1,1,0,0,1,1,California
Sierra,2020-12-21,2,3,2,3,0,0,0,0,2,3,0,0,2,3,California
Sierra,2020-12-22,12,15,12,15,0,0,0,0,12,15,0,0,12,15,California
Sierra,2020-12-23,4,19,4,19,0,0,0,0,4,19,0,0,4,19,California
Sierra,2020-12-28,1,20,0,19,1,1,0,0,1,20,0,0,1,20,California
Sierra,2020-12-29,49,69,7,26,42,43,0,0,49,69,0,0,49,69,California
Sierra,2020-12-30,2,71,0,26,2,45,0,0,2,71,0,0,2,71,California
Sierra,2020-12-31,13,84,0,26,13,58,0,0,13,84,0,0,13,84,California
Sierra,2021-01-01,1,85,1,27,0,58,0,0,1,85,0,0,1,85,California
Sierra,2021-01-05,65,150,3,30,62,120,0,0,65,150,0,0,65,150,California
Sierra,2021-01-06,1,151,1,31,0,120,0,0,1,151,0,0,1,151,California
Sierra,2021-01-07,21,172,1,32,20,140,0,0,20,170,1,1,20,171,California
Sierra,2021-01-08,1,173,1,33,0,140,0,0,1,171,0,1,1,172,California
Sierra,2021-01-11,3,176,3,36,0,140,0,0,0,168,3,4,0,172,California
Sierra,2021-01-12,40,216,12,48,28,168,0,0,28,184,12,16,28,200,California
Sierra,2021-01-13,4,220,3,51,1,169,0,0,1,182,3,19,1,201,California
Sierra,2021-01-14,35,255,2,53,33,202,0,0,35,217,0,19,35,236,California
Sierra,2021-01-15,3,258,1,54,2,204,0,0,3,220,0,19,3,239,California
Sierra,2021-01-18,2,260,0,54,2,206,0,0,2,222,0,19,2,241,California
Sierra,2021-01-19,32,292,0,54,32,238,0,0,32,254,0,19,32,273,California
Sierra,2021-01-20,1,293,1,55,0,238,0,0,1,255,0,19,1,274,California
Sierra,2021-01-21,53,346,0,55,53,291,0,0,53,308,0,19,53,327,California
Sierra,2021-01-22,2,348,0,55,2,293,0,0,2,310,0,19,2,329,California
Sierra,2021-01-23,2,350,0,55,2,295,0,0,2,312,0,19,2,331,California
Sierra,2021-01-26,62,412,0,55,62,357,0,0,24,298,38,57,24,355,California
Sierra,2021-01-27,4,416,4,59,0,357,0,0,0,294,4,61,0,355,California
Sierra,2021-01-28,53,469,0,59,53,410,0,0,43,327,10,71,43,398,California
Sierra,2021-01-29,2,471,0,59,2,412,0,0,2,329,0,71,2,400,California
Sierra,2021-01-30,3,474,3,62,0,412,0,0,2,330,1,72,2,402,California
Sierra,2021-02-01,1,475,0,62,1,413,0,0,0,329,1,73,0,402,California
Sierra,2021-02-02,57,532,0,62,57,470,0,0,18,308,39,112,18,420,California
Sierra,2021-02-03,6,538,5,67,1,471,0,0,5,312,1,113,5,425,California
Sierra,2021-02-04,106,644,6,73,100,571,0,0,57,320,49,162,57,482,California
Sierra,2021-02-05,6,650,4,77,2,573,0,0,5,324,1,163,5,487,California
Sierra,2021-02-09,52,702,0,77,52,625,0,0,49,370,3,166,49,536,California
Sierra,2021-02-10,5,707,2,79,3,628,0,0,4,373,1,167,4,540,California
Sierra,2021-02-11,196,903,1,80,195,823,0,0,134,445,62,229,134,674,California
Sierra,2021-02-12,21,924,0,80,21,844,0,0,20,464,1,230,20,694,California
Sierra,2021-02-13,1,925,1,81,0,844,0,0,1,465,0,230,1,695,California
Sierra,2021-02-14,1,926,0,81,1,845,0,0,1,466,0,230,1,696,California
Sierra,2021-02-15,2,928,2,83,0,845,0,0,0,464,2,232,0,696,California
Sierra,2021-02-16,43,971,0,83,43,888,0,0,10,441,33,265,10,706,California
Sierra,2021-02-17,4,975,0,83,4,892,0,0,1,439,3,268,1,707,California
Sierra,2021-02-18,141,1116,0,83,141,1033,0,0,91,480,50,318,91,798,California
Sierra,2021-02-19,2,1118,1,84,1,1034,0,0,1,480,1,319,1,799,California
Sierra,2021-02-20,2,1120,2,86,0,1034,0,0,0,478,2,321,0,799,California
Sierra,2021-02-22,1,1121,1,87,0,1034,0,0,1,479,0,321,1,800,California
Sierra,2021-02-23,4,1125,0,87,4,1038,0,0,4,483,0,321,4,804,California
Sierra,2021-02-24,4,1129,3,90,1,1039,0,0,3,485,1,322,3,807,California
Sierra,2021-02-25,124,1253,1,91,123,1162,0,0,58,478,65,387,58,865,California
Sierra,2021-02-26,10,1263,6,97,4,1166,0,0,4,476,6,393,4,869,California
Sierra,2021-02-27,2,1265,2,99,0,1166,0,0,0,474,2,395,0,869,California
Sierra,2021-03-01,2,1267,2,101,0,1166,0,0,0,472,2,397,0,869,California
Sierra,2021-03-02,56,1323,0,101,56,1222,0,0,38,492,18,415,38,907,California
Sierra,2021-03-03,2,1325,2,103,0,1222,0,0,1,492,1,416,1,908,California
Sierra,2021-03-04,109,1434,0,103,109,1331,0,0,58,499,51,467,58,966,California
Sierra,2021-03-05,13,1447,1,104,12,1343,0,0,11,508,2,469,11,977,California
Sierra,2021-03-07,1,1448,1,105,0,1343,0,0,0,507,1,470,0,977,California
Sierra,2021-03-08,2,1450,2,107,0,1343,0,0,2,509,0,470,2,979,California
Sierra,2021-03-09,57,1507,0,107,57,1400,0,0,12,476,45,515,12,991,California
Sierra,2021-03-10,6,1513,0,107,6,1406,0,0,4,478,2,517,4,995,California
Sierra,2021-03-11,175,1688,0,107,175,1581,0,0,43,390,131,648,43,1038,California
Sierra,2021-03-12,20,1708,1,108,19,1600,0,0,0,370,20,668,0,1038,California
Sierra,2021-03-13,28,1736,0,108,28,1628,0,0,28,398,0,668,28,1066,California
Sierra,2021-03-14,1,1737,0,108,0,1628,1,1,0,398,1,669,1,1067,California
Sierra,2021-03-15,2,1739,1,109,1,1629,0,1,0,396,2,671,0,1067,California
Sierra,2021-03-16,36,1775,0,109,35,1664,1,2,23,407,13,684,24,1091,California
Sierra,2021-03-17,4,1779,3,112,1,1665,0,2,1,405,3,687,1,1092,California
Sierra,2021-03-18,158,1937,0,112,158,1823,0,2,65,377,93,780,65,1157,California
Sierra,2021-03-19,4,1941,2,114,2,1825,0,2,1,375,3,783,1,1158,California
Sierra,2021-03-20,1,1942,0,114,1,1826,0,2,1,376,0,783,1,1159,California
Sierra,2021-03-23,24,1966,0,114,24,1850,0,2,15,382,9,792,15,1174,California
Sierra,2021-03-24,2,1968,1,115,1,1851,0,2,0,380,2,794,0,1174,California
Sierra,2021-03-25,91,2059,0,115,91,1942,0,2,46,381,45,839,46,1220,California
Sierra,2021-03-26,12,2071,1,116,11,1953,0,2,9,387,3,842,9,1229,California
Sierra,2021-03-27,2,2073,1,117,1,1954,0,2,0,385,2,844,0,1229,California
Sierra,2021-03-29,1,2074,1,118,0,1954,0,2,0,384,1,845,0,1229,California
Sierra,2021-03-30,54,2128,0,118,54,2008,0,2,21,372,33,878,21,1250,California
Sierra,2021-03-31,8,2136,0,118,8,2016,0,2,8,380,0,878,8,1258,California
Sierra,2021-04-01,60,2196,2,120,58,2074,0,2,6,332,54,932,6,1264,California
Sierra,2021-04-02,3,2199,2,122,1,2075,0,2,2,333,1,933,2,1266,California
Sierra,2021-04-06,10,2209,0,122,10,2085,0,2,0,323,10,943,0,1266,California
Sierra,2021-04-07,14,2223,2,124,6,2091,6,8,2,320,11,954,8,1274,California
Sierra,2021-04-08,54,2277,2,126,52,2143,0,8,17,300,37,991,17,1291,California
Sierra,2021-04-09,2,2279,2,128,0,2143,0,8,1,300,1,992,1,1292,California
Sierra,2021-04-10,27,2306,0,128,27,2170,0,8,0,273,27,1019,0,1292,California
Sierra,2021-04-13,41,2347,0,128,41,2211,0,8,1,234,40,1059,1,1293,California
Sierra,2021-04-14,2,2349,1,129,1,2212,0,8,2,236,0,1059,2,1295,California
Sierra,2021-04-15,45,2394,1,130,44,2256,0,8,1,193,44,1103,1,1296,California
Siskiyou,2020-12-16,2,2,2,2,0,0,0,0,2,2,0,0,2,2,California
Siskiyou,2020-12-17,4,6,4,6,0,0,0,0,4,6,0,0,4,6,California
Siskiyou,2020-12-18,2,8,2,8,0,0,0,0,2,8,0,0,2,8,California
Siskiyou,2020-12-19,4,12,4,12,0,0,0,0,4,12,0,0,4,12,California
Siskiyou,2020-12-20,1,13,1,13,0,0,0,0,1,13,0,0,1,13,California
Siskiyou,2020-12-21,132,145,132,145,0,0,0,0,132,145,0,0,132,145,California
Siskiyou,2020-12-22,159,304,159,304,0,0,0,0,159,304,0,0,159,304,California
Siskiyou,2020-12-23,142,446,142,446,0,0,0,0,142,446,0,0,142,446,California
Siskiyou,2020-12-24,5,451,5,451,0,0,0,0,5,451,0,0,5,451,California
Siskiyou,2020-12-26,2,453,0,451,2,2,0,0,2,453,0,0,2,453,California
Siskiyou,2020-12-27,2,455,0,451,2,4,0,0,2,455,0,0,2,455,California
Siskiyou,2020-12-28,3,458,1,452,2,6,0,0,3,458,0,0,3,458,California
Siskiyou,2020-12-29,6,464,2,454,4,10,0,0,6,464,0,0,6,464,California
Siskiyou,2020-12-30,98,562,3,457,95,105,0,0,98,562,0,0,98,562,California
Siskiyou,2020-12-31,12,574,0,457,12,117,0,0,12,574,0,0,12,574,California
Siskiyou,2021-01-02,1,575,1,458,0,117,0,0,1,575,0,0,1,575,California
Siskiyou,2021-01-03,1,576,0,458,1,118,0,0,1,576,0,0,1,576,California
Siskiyou,2021-01-04,130,706,3,461,127,245,0,0,130,706,0,0,130,706,California
Siskiyou,2021-01-05,117,823,4,465,113,358,0,0,116,821,1,1,116,822,California
Siskiyou,2021-01-06,60,883,6,471,54,412,0,0,56,873,4,5,56,878,California
Siskiyou,2021-01-07,176,1059,4,475,172,584,0,0,175,1047,1,6,175,1053,California
Siskiyou,2021-01-08,41,1100,3,478,38,622,0,0,39,1084,2,8,39,1092,California
Siskiyou,2021-01-09,2,1102,2,480,0,622,0,0,0,1082,2,10,0,1092,California
Siskiyou,2021-01-11,226,1328,65,545,161,783,0,0,163,1182,63,73,163,1255,California
Siskiyou,2021-01-12,320,1648,273,818,47,830,0,0,87,1036,233,306,87,1342,California
Siskiyou,2021-01-13,157,1805,137,955,20,850,0,0,23,925,134,440,23,1365,California
Siskiyou,2021-01-14,26,1831,1,956,25,875,0,0,25,949,1,441,25,1390,California
Siskiyou,2021-01-15,35,1866,3,959,32,907,0,0,35,984,0,441,35,1425,California
Siskiyou,2021-01-16,7,1873,2,961,5,912,0,0,7,991,0,441,7,1432,California
Siskiyou,2021-01-17,1,1874,1,962,0,912,0,0,0,990,1,442,0,1432,California
Siskiyou,2021-01-18,76,1950,4,966,72,984,0,0,74,1062,2,444,74,1506,California
Siskiyou,2021-01-19,21,1971,1,967,20,1004,0,0,20,1081,1,445,20,1526,California
Siskiyou,2021-01-20,47,2018,35,1002,12,1016,0,0,43,1120,4,449,43,1569,California
Siskiyou,2021-01-21,42,2060,1,1003,41,1057,0,0,42,1162,0,449,42,1611,California
Siskiyou,2021-01-22,1330,3390,1178,2181,152,1209,0,0,1330,2492,0,449,1330,2941,California
Siskiyou,2021-01-23,5,3395,1,2182,4,1213,0,0,2,2491,3,452,2,2943,California
Siskiyou,2021-01-25,182,3577,8,2190,174,1387,0,0,178,2665,4,456,178,3121,California
Siskiyou,2021-01-26,148,3725,3,2193,145,1532,0,0,140,2797,8,464,140,3261,California
Siskiyou,2021-01-27,180,3905,1,2194,179,1711,0,0,125,2867,55,519,125,3386,California
Siskiyou,2021-01-28,232,4137,118,2312,114,1825,0,0,226,3087,6,525,226,3612,California
Siskiyou,2021-01-29,248,4385,2,2314,246,2071,0,0,246,3331,2,527,246,3858,California
Siskiyou,2021-01-30,3,4388,2,2316,1,2072,0,0,3,3334,0,527,3,3861,California
Siskiyou,2021-02-01,195,4583,3,2319,192,2264,0,0,105,3349,90,617,105,3966,California
Siskiyou,2021-02-02,288,4871,44,2363,244,2508,0,0,147,3355,141,758,147,4113,California
Siskiyou,2021-02-03,313,5184,1,2364,312,2820,0,0,264,3570,49,807,264,4377,California
Siskiyou,2021-02-04,319,5503,7,2371,312,3132,0,0,200,3651,119,926,200,4577,California
Siskiyou,2021-02-05,511,6014,4,2375,507,3639,0,0,346,3832,165,1091,346,4923,California
Siskiyou,2021-02-06,15,6029,0,2375,15,3654,0,0,15,3847,0,1091,15,4938,California
Siskiyou,2021-02-07,3,6032,2,2377,1,3655,0,0,3,3850,0,1091,3,4941,California
Siskiyou,2021-02-08,221,6253,5,2382,216,3871,0,0,216,4061,5,1096,216,5157,California
Siskiyou,2021-02-09,194,6447,3,2385,191,4062,0,0,161,4189,33,1129,161,5318,California
Siskiyou,2021-02-10,370,6817,40,2425,330,4392,0,0,316,4452,53,1182,316,5634,California
Siskiyou,2021-02-11,191,7008,1,2426,190,4582,0,0,175,4611,16,1198,175,5809,California
Siskiyou,2021-02-12,1692,8700,1200,3626,492,5074,0,0,500,3919,1192,2390,500,6309,California
Siskiyou,2021-02-13,36,8736,2,3628,34,5108,0,0,32,3947,4,2394,32,6341,California
Siskiyou,2021-02-14,5,8741,1,3629,4,5112,0,0,5,3952,0,2394,5,6346,California
Siskiyou,2021-02-15,107,8848,10,3639,97,5209,0,0,105,4055,2,2396,105,6451,California
Siskiyou,2021-02-16,114,8962,2,3641,112,5321,0,0,99,4139,15,2411,99,6550,California
Siskiyou,2021-02-17,184,9146,15,3656,169,5490,0,0,170,4295,14,2425,170,6720,California
Siskiyou,2021-02-18,221,9367,89,3745,132,5622,0,0,98,4270,123,2548,98,6818,California
Siskiyou,2021-02-19,70,9437,33,3778,37,5659,0,0,34,4268,36,2584,34,6852,California
Siskiyou,2021-02-20,21,9458,3,3781,18,5677,0,0,17,4281,4,2588,17,6869,California
Siskiyou,2021-02-21,2,9460,2,3783,0,5677,0,0,2,4283,0,2588,2,6871,California
Siskiyou,2021-02-22,124,9584,1,3784,123,5800,0,0,18,4195,106,2694,18,6889,California
Siskiyou,2021-02-23,195,9779,15,3799,180,5980,0,0,51,4102,144,2838,51,6940,California
Siskiyou,2021-02-24,147,9926,4,3803,143,6123,0,0,35,4025,112,2950,35,6975,California
Siskiyou,2021-02-25,300,10226,24,3827,276,6399,0,0,154,4033,146,3096,154,7129,California
Siskiyou,2021-02-26,667,10893,9,3836,658,7057,0,0,365,4096,302,3398,365,7494,California
Siskiyou,2021-02-27,32,10925,5,3841,27,7084,0,0,27,4118,5,3403,27,7521,California
Siskiyou,2021-02-28,4,10929,4,3845,0,7084,0,0,3,4120,1,3404,3,7524,California
Siskiyou,2021-03-01,280,11209,6,3851,274,7358,0,0,50,3940,230,3634,50,7574,California
Siskiyou,2021-03-02,191,11400,1,3852,190,7548,0,0,71,3891,120,3754,71,7645,California
Siskiyou,2021-03-03,343,11743,7,3859,336,7884,0,0,153,3854,190,3944,153,7798,California
Siskiyou,2021-03-04,772,12515,600,4459,172,8056,0,0,621,4324,151,4095,621,8419,California
Siskiyou,2021-03-05,321,12836,6,4465,304,8360,11,11,102,4221,216,4311,113,8532,California
Siskiyou,2021-03-06,36,12872,2,4467,27,8387,7,18,26,4244,10,4321,33,8565,California
Siskiyou,2021-03-07,12,12884,4,4471,0,8387,8,26,3,4246,9,4330,11,8576,California
Siskiyou,2021-03-08,361,13245,31,4502,295,8682,35,61,59,4038,302,4632,94,8670,California
Siskiyou,2021-03-09,161,13406,0,4502,108,8790,53,114,56,4042,105,4737,109,8779,California
Siskiyou,2021-03-10,220,13626,7,4509,183,8973,30,144,31,3914,189,4926,61,8840,California
Siskiyou,2021-03-11,469,14095,203,4712,219,9192,47,191,270,4033,198,5124,317,9157,California
Siskiyou,2021-03-12,635,14730,132,4844,464,9656,39,230,182,3803,451,5575,221,9378,California
Siskiyou,2021-03-13,427,15157,382,5226,22,9678,23,253,383,4165,44,5619,406,9784,California
Siskiyou,2021-03-14,23,15180,2,5228,5,9683,16,269,3,4164,20,5639,19,9803,California
Siskiyou,2021-03-15,453,15633,257,5485,176,9859,20,289,321,4373,132,5771,341,10144,California
Siskiyou,2021-03-16,255,15888,32,5517,206,10065,17,306,140,4416,114,5885,157,10301,California
Siskiyou,2021-03-17,199,16087,8,5525,183,10248,8,314,32,4289,167,6052,40,10341,California
Siskiyou,2021-03-18,923,17010,786,6311,125,10373,12,326,807,4992,116,6168,819,11160,California
Siskiyou,2021-03-19,66,17076,9,6320,44,10417,13,339,20,4979,46,6214,33,11193,California
Siskiyou,2021-03-20,30,17106,7,6327,18,10435,5,344,6,4966,24,6238,11,11204,California
Siskiyou,2021-03-21,10,17116,4,6331,1,10436,5,349,4,4969,6,6244,9,11213,California
Siskiyou,2021-03-22,207,17323,21,6352,164,10600,22,371,144,5075,60,6304,166,11379,California
Siskiyou,2021-03-23,190,17513,19,6371,161,10761,10,381,136,5167,54,6358,146,11525,California
Siskiyou,2021-03-24,141,17654,48,6419,93,10854,0,381,116,5258,25,6383,116,11641,California
Siskiyou,2021-03-25,541,18195,291,6710,247,11101,3,384,371,5462,170,6553,374,12015,California
Siskiyou,2021-03-26,294,18489,27,6737,267,11368,0,384,95,5360,197,6750,95,12110,California
Siskiyou,2021-03-27,37,18526,4,6741,28,11396,5,389,9,5346,28,6778,14,12124,California
Siskiyou,2021-03-28,7,18533,7,6748,0,11396,0,389,4,5347,3,6781,4,12128,California
Siskiyou,2021-03-29,97,18630,11,6759,84,11480,2,391,47,5347,49,6830,49,12177,California
Siskiyou,2021-03-30,99,18729,3,6762,95,11575,1,392,38,5325,61,6891,39,12216,California
Siskiyou,2021-03-31,188,18917,22,6784,164,11739,2,394,50,5241,137,7028,53,12269,California
Siskiyou,2021-04-01,817,19734,670,7454,147,11886,0,394,208,4840,609,7637,208,12477,California
Siskiyou,2021-04-02,343,20077,196,7650,143,12029,4,398,64,4630,278,7915,68,12545,California
Siskiyou,2021-04-03,25,20102,4,7654,14,12043,7,405,5,4622,20,7935,12,12557,California
Siskiyou,2021-04-04,2,20104,2,7656,0,12043,0,405,1,4622,1,7936,1,12558,California
Siskiyou,2021-04-05,436,20540,330,7986,79,12122,27,432,24,4262,411,8347,51,12609,California
Siskiyou,2021-04-06,215,20755,32,8018,130,12252,53,485,122,4344,92,8439,174,12783,California
Siskiyou,2021-04-07,115,20870,10,8028,63,12315,42,527,66,4403,49,8488,108,12891,California
Siskiyou,2021-04-08,317,21187,183,8211,93,12408,41,568,58,4243,259,8747,99,12990,California
Siskiyou,2021-04-09,541,21728,375,8586,129,12537,37,605,81,3903,459,9206,119,13109,California
Siskiyou,2021-04-10,44,21772,6,8592,2,12539,36,641,6,3907,38,9244,42,13151,California
Siskiyou,2021-04-11,7,21779,5,8597,0,12539,2,643,2,3906,5,9249,4,13155,California
Siskiyou,2021-04-12,129,21908,25,8622,103,12642,1,644,49,3876,80,9329,50,13205,California
Siskiyou,2021-04-13,193,22101,35,8657,157,12799,1,645,76,3836,117,9446,77,13282,California
Siskiyou,2021-04-14,134,22235,56,8713,78,12877,0,645,77,3858,55,9501,77,13359,California
Siskiyou,2021-04-15,645,22880,510,9223,135,13012,0,645,252,3717,393,9894,252,13611,California
Solano,2020-12-15,4,4,4,4,0,0,0,0,4,4,0,0,4,4,California
Solano,2020-12-16,71,75,71,75,0,0,0,0,71,75,0,0,71,75,California
Solano,2020-12-17,151,226,151,226,0,0,0,0,151,226,0,0,151,226,California
Solano,2020-12-18,447,673,446,672,1,1,0,0,447,673,0,0,447,673,California
Solano,2020-12-19,516,1189,516,1188,0,1,0,0,516,1189,0,0,516,1189,California
Solano,2020-12-20,353,1542,352,1540,1,2,0,0,353,1542,0,0,353,1542,California
Solano,2020-12-21,572,2114,570,2110,2,4,0,0,572,2114,0,0,572,2114,California
Solano,2020-12-22,662,2776,629,2739,33,37,0,0,662,2776,0,0,662,2776,California
Solano,2020-12-23,857,3633,772,3511,85,122,0,0,856,3632,0,0,856,3632,California
Solano,2020-12-24,420,4053,169,3680,251,373,0,0,420,4052,0,0,420,4052,California
Solano,2020-12-25,10,4063,2,3682,8,381,0,0,10,4062,0,0,10,4062,California
Solano,2020-12-26,175,4238,48,3730,127,508,0,0,175,4237,0,0,175,4237,California
Solano,2020-12-27,104,4342,29,3759,75,583,0,0,104,4341,0,0,104,4341,California
Solano,2020-12-28,862,5204,421,4180,441,1024,0,0,862,5203,0,0,862,5203,California
Solano,2020-12-29,891,6095,374,4554,517,1541,0,0,891,6094,0,0,891,6094,California
Solano,2020-12-30,1209,7304,598,5152,611,2152,0,0,1209,7303,0,0,1209,7303,California
Solano,2020-12-31,532,7836,135,5287,397,2549,0,0,532,7835,0,0,532,7835,California
Solano,2021-01-01,13,7849,12,5299,1,2550,0,0,13,7848,0,0,13,7848,California
Solano,2021-01-02,212,8061,164,5463,48,2598,0,0,212,8060,0,0,212,8060,California
Solano,2021-01-03,58,8119,41,5504,17,2615,0,0,53,8113,0,0,53,8113,California
Solano,2021-01-04,450,8569,245,5749,205,2820,0,0,440,8550,3,3,440,8553,California
Solano,2021-01-05,694,9263,377,6126,317,3137,0,0,540,8941,149,152,540,9093,California
Solano,2021-01-06,822,10085,436,6562,386,3523,0,0,560,9241,260,412,560,9653,California
Solano,2021-01-07,1037,11122,683,7245,354,3877,0,0,580,9367,455,867,581,10234,California
Solano,2021-01-08,1115,12237,773,8018,342,4219,0,0,523,9318,574,1441,525,10759,California
Solano,2021-01-09,885,13122,763,8781,122,4341,0,0,428,9292,454,1895,428,11187,California
Solano,2021-01-10,253,13375,193,8974,60,4401,0,0,152,9343,101,1996,152,11339,California
Solano,2021-01-11,1323,14698,1110,10084,213,4614,0,0,808,9636,515,2511,808,12147,California
Solano,2021-01-12,1559,16257,1162,11246,397,5011,0,0,1011,10101,547,3058,1012,13159,California
Solano,2021-01-13,1431,17688,1001,12247,430,5441,0,0,1171,11014,258,3316,1171,14330,California
Solano,2021-01-14,1849,19537,795,13042,1054,6495,0,0,1536,12237,313,3629,1536,15866,California
Solano,2021-01-15,1682,21219,1055,14097,627,7122,0,0,1384,13323,298,3927,1384,17250,California
Solano,2021-01-16,1289,22508,903,15000,386,7508,0,0,1115,14264,174,4101,1115,18365,California
Solano,2021-01-17,1040,23548,759,15759,281,7789,0,0,1023,15270,17,4118,1023,19388,California
Solano,2021-01-18,1407,24955,857,16616,550,8339,0,0,1288,16441,119,4237,1290,20678,California
Solano,2021-01-19,1639,26594,1335,17951,304,8643,0,0,1368,17539,270,4507,1368,22046,California
Solano,2021-01-20,2026,28620,1419,19370,607,9250,0,0,1544,18604,479,4986,1544,23590,California
Solano,2021-01-21,3106,31726,1000,20370,2106,11356,0,0,2763,21025,343,5329,2764,26354,California
Solano,2021-01-22,1750,33476,842,21212,908,12264,0,0,1560,22395,190,5519,1560,27914,California
Solano,2021-01-23,730,34206,237,21449,493,12757,0,0,527,22719,204,5723,528,28442,California
Solano,2021-01-24,378,34584,60,21509,318,13075,0,0,312,22965,66,5789,312,28754,California
Solano,2021-01-25,1617,36201,621,22130,996,14071,0,0,1068,23485,549,6338,1069,29823,California
Solano,2021-01-26,1675,37876,736,22866,939,15010,0,0,1045,23902,629,6967,1046,30869,California
Solano,2021-01-27,1768,39644,727,23593,1041,16051,0,0,1178,24503,577,7544,1178,32047,California
Solano,2021-01-28,1832,41476,703,24296,1129,17180,0,0,1243,25159,588,8132,1244,33291,California
Solano,2021-01-29,1647,43123,781,25077,866,18046,0,0,1295,26104,350,8482,1295,34586,California
Solano,2021-01-30,710,43833,220,25297,490,18536,0,0,549,26492,161,8643,549,35135,California
Solano,2021-01-31,485,44318,393,25690,92,18628,0,0,230,26468,255,8898,231,35366,California
Solano,2021-02-01,1480,45798,979,26669,501,19129,0,0,742,26474,736,9634,742,36108,California
Solano,2021-02-02,3299,49097,1107,27776,2192,21321,0,0,2505,28189,790,10424,2505,38613,California
Solano,2021-02-03,2224,51321,1301,29077,923,22244,0,0,1149,28267,1071,11495,1149,39762,California
Solano,2021-02-04,1756,53077,905,29982,851,23095,0,0,1046,28608,705,12200,1046,40808,California
Solano,2021-02-05,3051,56128,1407,31389,1644,24739,0,0,2060,29686,982,13182,2060,42868,California
Solano,2021-02-06,3023,59151,1167,32556,1856,26595,0,0,2210,31086,810,13992,2210,45078,California
Solano,2021-02-07,846,59997,783,33339,63,26658,0,0,230,30700,616,14608,230,45308,California
Solano,2021-02-08,1711,61708,1233,34572,478,27136,0,0,679,30349,1030,15638,679,45987,California
Solano,2021-02-09,1895,63603,1468,36040,427,27563,0,0,675,29805,1219,16857,675,46662,California
Solano,2021-02-10,2251,65854,1497,37537,754,28317,0,0,826,29206,1425,18282,826,47488,California
Solano,2021-02-11,2390,68244,1438,38975,952,29269,0,0,1121,29068,1259,19541,1121,48609,California
Solano,2021-02-12,4085,72329,1597,40572,2488,31757,0,0,2778,30546,1300,20841,2778,51387,California
Solano,2021-02-13,2814,75143,242,40814,2572,34329,0,0,2430,32595,381,21222,2430,53817,California
Solano,2021-02-14,688,75831,201,41015,487,34816,0,0,411,32731,275,21497,411,54228,California
Solano,2021-02-15,1292,77123,323,41338,969,35785,0,0,670,32780,621,22118,670,54898,California
Solano,2021-02-16,2387,79510,1226,42564,1161,36946,0,0,1623,33640,763,22881,1623,56521,California
Solano,2021-02-17,2698,82208,1218,43782,1480,38426,0,0,1909,34764,786,23667,1910,58431,California
Solano,2021-02-18,2576,84784,700,44482,1876,40302,0,0,809,33814,1760,25427,810,59241,California
Solano,2021-02-19,2209,86993,1265,45747,944,41246,0,0,1128,33867,1077,26504,1130,60371,California
Solano,2021-02-20,2540,89533,379,46126,2161,43407,0,0,2073,35472,468,26972,2073,62444,California
Solano,2021-02-21,2139,91672,1858,47984,281,43688,0,0,1856,37048,280,27252,1856,64300,California
Solano,2021-02-22,1575,93247,912,48896,663,44351,0,0,813,37102,760,28012,814,65114,California
Solano,2021-02-23,2518,95765,1000,49896,1518,45869,0,0,1648,37883,867,28879,1648,66762,California
Solano,2021-02-24,2332,98097,1131,51027,1201,47070,0,0,1303,38159,1027,29906,1303,68065,California
Solano,2021-02-25,2288,100385,1347,52374,941,48011,0,0,1260,38397,1022,30928,1260,69325,California
Solano,2021-02-26,2635,103020,1527,53901,1108,49119,0,0,1381,38529,1249,32177,1381,70706,California
Solano,2021-02-27,3637,106657,1371,55272,2266,51385,0,0,2949,40796,682,32859,2949,73655,California
Solano,2021-02-28,1351,108008,1037,56309,314,51699,0,0,1080,41608,268,33127,1080,74735,California
Solano,2021-03-01,2232,110240,1058,57367,1174,52873,0,0,1627,42635,600,33727,1627,76362,California
Solano,2021-03-02,1949,112189,1232,58599,717,53590,0,0,1210,43106,739,34466,1210,77572,California
Solano,2021-03-03,2115,114304,1188,59787,927,54517,0,0,1311,43620,797,35263,1311,78883,California
Solano,2021-03-04,4207,118511,3277,63064,928,55445,2,2,3121,45666,1080,36343,3126,82009,California
Solano,2021-03-05,4683,123194,1605,64669,3075,58520,3,5,3775,48546,898,37241,3778,85787,California
Solano,2021-03-06,3743,126937,823,65492,2881,61401,39,44,2576,50003,1158,38399,2615,88402,California
Solano,2021-03-07,3457,130394,734,66226,2713,64114,10,54,1906,50378,1542,39941,1917,90319,California
Solano,2021-03-08,1598,131992,813,67039,514,64628,271,325,1090,51233,505,40446,1360,91679,California
Solano,2021-03-09,2906,134898,1336,68375,1518,66146,52,377,2079,52534,827,41273,2128,93807,California
Solano,2021-03-10,2205,137103,1556,69931,564,66710,85,462,1110,52636,1092,42365,1194,95001,California
Solano,2021-03-11,5615,142718,1406,71337,3954,70664,255,717,4625,56527,989,43354,4880,99881,California
Solano,2021-03-12,5757,148475,1390,72727,4196,74860,171,888,3018,56981,2735,46089,3189,103070,California
Solano,2021-03-13,4563,153038,803,73530,3677,78537,83,971,2235,56982,2321,48410,2322,105392,California
Solano,2021-03-14,3979,157017,3103,76633,423,78960,453,1424,1650,56757,2325,50735,2100,107492,California
Solano,2021-03-15,3788,160805,2241,78874,1231,80191,316,1740,2432,58156,1349,52084,2748,110240,California
Solano,2021-03-16,2864,163669,1140,80014,1489,81680,235,1975,1437,58405,1422,53506,1671,111911,California
Solano,2021-03-17,5992,169661,1482,81496,4420,86100,90,2065,4644,61795,1344,54850,4734,116645,California
Solano,2021-03-18,5000,174661,1676,83172,3287,89387,37,2102,3693,64227,1298,56148,3730,120375,California
Solano,2021-03-19,2768,177429,1873,85045,822,90209,73,2175,1520,64578,1243,57391,1594,121969,California
Solano,2021-03-20,5448,182877,1661,86706,3733,93942,54,2229,2790,64775,2647,60038,2844,124813,California
Solano,2021-03-21,1659,184536,1565,88271,70,94012,24,2253,848,64835,810,60848,870,125683,California
Solano,2021-03-22,2396,186932,1783,90054,564,94576,49,2302,1440,65371,950,61798,1486,127169,California
Solano,2021-03-23,3325,190257,1496,91550,1787,96363,42,2344,1511,65114,1810,63608,1553,128722,California
Solano,2021-03-24,2668,192925,1637,93187,997,97360,34,2378,1271,65028,1391,64999,1305,130027,California
Solano,2021-03-25,4533,197458,3666,96853,832,98192,35,2413,2017,64569,2512,67511,2053,132080,California
Solano,2021-03-26,2825,200283,1720,98573,1069,99261,36,2449,1521,64830,1296,68807,1557,133637,California
Solano,2021-03-27,4167,204450,1148,99721,2984,102245,35,2484,1795,64294,2366,71173,1830,135467,California
Solano,2021-03-28,1347,205797,1101,100822,228,102473,18,2502,552,64074,791,71964,571,136038,California
Solano,2021-03-29,2802,208599,1489,102311,1297,103770,16,2518,1574,64441,1223,73187,1590,137628,California
Solano,2021-03-30,2775,211374,1823,104134,866,104636,86,2604,1741,65236,1032,74219,1827,139455,California
Solano,2021-03-31,2920,214294,1923,106057,840,105476,157,2761,1697,65868,1220,75439,1852,141307,California
Solano,2021-04-01,5072,219366,1677,107734,3251,108727,144,2905,3412,67775,1649,77088,3556,144863,California
Solano,2021-04-02,5746,225112,1677,109411,3907,112634,162,3067,2494,67193,3238,80326,2656,147519,California
Solano,2021-04-03,1507,226619,955,110366,400,113034,152,3219,561,66962,944,81270,713,148232,California
Solano,2021-04-04,774,227393,286,110652,187,113221,301,3520,237,66967,533,81803,538,148770,California
Solano,2021-04-05,2815,230208,1879,112531,731,113952,205,3725,1397,67151,1417,83220,1601,150371,California
Solano,2021-04-06,5323,235531,1387,113918,3447,117399,489,4214,1550,65421,3769,86989,2039,152410,California
Solano,2021-04-07,5033,240564,3722,117640,920,118319,391,4605,2907,66599,2120,89109,3298,155708,California
Solano,2021-04-08,5381,245945,1496,119136,3032,121351,853,5458,1515,65111,3851,92960,2363,158071,California
Solano,2021-04-09,4927,250872,1438,120574,2796,124147,693,6151,1297,63484,3617,96577,1990,160061,California
Solano,2021-04-10,1689,252561,938,121512,444,124591,307,6458,784,63671,904,97481,1091,161152,California
Solano,2021-04-11,1171,253732,741,122253,304,124895,126,6584,608,63845,560,98041,734,161886,California
Solano,2021-04-12,3140,256872,1636,123889,1171,126066,333,6917,1469,63980,1666,99707,1801,163687,California
Solano,2021-04-13,2140,259012,957,124846,1182,127248,1,6918,1164,64172,973,100680,1165,164852,California
Solano,2021-04-14,4632,263644,1453,126299,3179,130427,0,6918,1442,62433,3182,103862,1443,166295,California
Solano,2021-04-15,2388,266032,1141,127440,1247,131674,0,6918,959,61968,1426,105288,961,167256,California
Sonoma,2020-12-15,4,4,4,4,0,0,0,0,4,4,0,0,4,4,California
Sonoma,2020-12-16,27,31,27,31,0,0,0,0,27,31,0,0,27,31,California
Sonoma,2020-12-17,102,133,102,133,0,0,0,0,102,133,0,0,102,133,California
Sonoma,2020-12-18,422,555,422,555,0,0,0,0,422,555,0,0,422,555,California
Sonoma,2020-12-19,111,666,110,665,1,1,0,0,111,666,0,0,111,666,California
Sonoma,2020-12-20,174,840,174,839,0,1,0,0,174,840,0,0,174,840,California
Sonoma,2020-12-21,911,1751,909,1748,2,3,0,0,910,1750,0,0,910,1750,California
Sonoma,2020-12-22,1356,3107,1264,3012,92,95,0,0,1356,3106,0,0,1356,3106,California
Sonoma,2020-12-23,1603,4710,1228,4240,375,470,0,0,1604,4710,0,0,1604,4710,California
Sonoma,2020-12-24,305,5015,101,4341,204,674,0,0,305,5015,0,0,305,5015,California
Sonoma,2020-12-25,8,5023,2,4343,6,680,0,0,8,5023,0,0,8,5023,California
Sonoma,2020-12-26,266,5289,255,4598,11,691,0,0,266,5289,0,0,266,5289,California
Sonoma,2020-12-27,93,5382,80,4678,13,704,0,0,93,5382,0,0,93,5382,California
Sonoma,2020-12-28,987,6369,552,5230,435,1139,0,0,959,6341,0,0,959,6341,California
Sonoma,2020-12-29,1129,7498,776,6006,353,1492,0,0,1095,7436,0,0,1095,7436,California
Sonoma,2020-12-30,1092,8590,478,6484,614,2106,0,0,1084,8520,0,0,1084,8520,California
Sonoma,2020-12-31,518,9108,71,6555,447,2553,0,0,519,9039,0,0,519,9039,California
Sonoma,2021-01-01,10,9118,5,6560,5,2558,0,0,10,9049,0,0,10,9049,California
Sonoma,2021-01-02,132,9250,126,6686,6,2564,0,0,132,9181,0,0,132,9181,California
Sonoma,2021-01-03,25,9275,11,6697,14,2578,0,0,25,9206,0,0,25,9206,California
Sonoma,2021-01-04,341,9616,105,6802,236,2814,0,0,340,9546,0,0,340,9546,California
Sonoma,2021-01-05,437,10053,102,6904,335,3149,0,0,413,9944,15,15,413,9959,California
Sonoma,2021-01-06,947,11000,433,7337,514,3663,0,0,835,10674,105,120,835,10794,California
Sonoma,2021-01-07,1024,12024,532,7869,492,4155,0,0,854,11359,169,289,854,11648,California
Sonoma,2021-01-08,1784,13808,1228,9097,556,4711,0,0,1313,12203,469,758,1313,12961,California
Sonoma,2021-01-09,636,14444,400,9497,236,4947,0,0,588,12743,48,806,588,13549,California
Sonoma,2021-01-10,472,14916,461,9958,11,4958,0,0,279,12829,193,999,279,13828,California
Sonoma,2021-01-11,1382,16298,1236,11194,146,5104,0,0,413,12277,965,1964,413,14241,California
Sonoma,2021-01-12,1545,17843,1292,12486,253,5357,0,0,395,11524,1148,3112,395,14636,California
Sonoma,2021-01-13,2066,19909,1424,13910,642,5999,0,0,1203,11867,860,3972,1203,15839,California
Sonoma,2021-01-14,1532,21441,808,14718,724,6723,0,0,1302,12939,230,4202,1302,17141,California
Sonoma,2021-01-15,1562,23003,634,15352,928,7651,0,0,1342,14071,211,4413,1343,18484,California
Sonoma,2021-01-16,1144,24147,615,15967,529,8180,0,0,899,14729,241,4654,899,19383,California
Sonoma,2021-01-17,669,24816,549,16516,120,8300,0,0,588,15236,81,4735,588,19971,California
Sonoma,2021-01-18,1103,25919,931,17447,172,8472,0,0,612,15358,491,5226,613,20584,California
Sonoma,2021-01-19,2092,28011,1004,18451,1088,9560,0,0,1383,16035,707,5933,1384,21968,California
Sonoma,2021-01-20,2073,30084,623,19074,1450,11010,0,0,1414,16800,650,6583,1415,23383,California
Sonoma,2021-01-21,2233,32317,620,19694,1613,12623,0,0,2014,18598,217,6800,2015,25398,California
Sonoma,2021-01-22,2725,35042,1034,20728,1691,14314,0,0,2577,21028,147,6947,2577,27975,California
Sonoma,2021-01-23,766,35808,591,21319,175,14489,0,0,659,21581,106,7053,659,28634,California
Sonoma,2021-01-24,846,36654,712,22031,134,14623,0,0,831,22397,15,7068,831,29465,California
Sonoma,2021-01-25,2168,38822,519,22550,1649,16272,0,0,1681,23591,487,7555,1681,31146,California
Sonoma,2021-01-26,2003,40825,294,22844,1709,17981,0,0,1547,24683,455,8010,1547,32693,California
Sonoma,2021-01-27,3690,44515,1274,24118,2416,20397,0,0,3117,27232,571,8581,3120,35813,California
Sonoma,2021-01-28,4099,48614,1832,25950,2267,22664,0,0,3434,30005,662,9243,3435,39248,California
Sonoma,2021-01-29,2957,51571,1404,27354,1553,24217,0,0,2128,31307,827,10070,2129,41377,California
Sonoma,2021-01-30,2573,54144,2386,29740,187,24404,0,0,2239,33213,334,10404,2240,43617,California
Sonoma,2021-01-31,775,54919,663,30403,112,24516,0,0,577,33593,197,10601,577,44194,California
Sonoma,2021-02-01,2499,57418,881,31284,1618,26134,0,0,2094,35284,403,11004,2094,46288,California
Sonoma,2021-02-02,3443,60861,1365,32649,2078,28212,0,0,2878,37599,563,11567,2878,49166,California
Sonoma,2021-02-03,4022,64883,1319,33968,2703,30915,0,0,3097,39773,923,12490,3097,52263,California
Sonoma,2021-02-04,4184,69067,1703,35671,2481,33396,0,0,3409,42409,773,13263,3409,55672,California
Sonoma,2021-02-05,4798,73865,1732,37403,3066,36462,0,0,3786,45188,1008,14271,3787,59459,California
Sonoma,2021-02-06,2651,76516,2291,39694,360,36822,0,0,2093,46724,557,14828,2093,61552,California
Sonoma,2021-02-07,1529,78045,1395,41089,134,36956,0,0,1280,47755,249,15077,1280,62832,California
Sonoma,2021-02-08,3249,81294,1031,42120,2218,39174,0,0,2669,49845,579,15656,2669,65501,California
Sonoma,2021-02-09,3549,84843,1694,43814,1855,41029,0,0,3070,52439,477,16133,3071,68572,California
Sonoma,2021-02-10,4403,89246,2359,46173,2044,43073,0,0,3371,54785,1026,17159,3372,71944,California
Sonoma,2021-02-11,5328,94574,2786,48959,2542,45615,0,0,4155,57769,1171,18330,4155,76099,California
Sonoma,2021-02-12,5626,100200,2972,51931,2654,48269,0,0,4212,60573,1410,19740,4214,80313,California
Sonoma,2021-02-13,1984,102184,1152,53083,832,49101,0,0,1207,61006,774,20514,1207,81520,California
Sonoma,2021-02-14,2313,104497,1817,54900,496,49597,0,0,1570,61834,742,21256,1570,83090,California
Sonoma,2021-02-15,2130,106627,785,55685,1345,50942,0,0,1603,62911,526,21782,1603,84693,California
Sonoma,2021-02-16,4610,111237,2045,57730,2565,53507,0,0,3362,65029,1244,23026,3362,88055,California
Sonoma,2021-02-17,5318,116555,2885,60615,2433,55940,0,0,3326,66373,1983,25009,3327,91382,California
Sonoma,2021-02-18,6768,123323,2992,63607,3776,59716,0,0,3872,67357,2888,27897,3872,95254,California
Sonoma,2021-02-19,5354,128677,1654,65261,3700,63416,0,0,3265,68538,2084,29981,3265,98519,California
Sonoma,2021-02-20,3101,131778,2821,68082,280,63696,0,0,1221,67885,1874,31855,1221,99740,California
Sonoma,2021-02-21,515,132293,412,68494,103,63799,0,0,127,67627,385,32240,127,99867,California
Sonoma,2021-02-22,2712,135005,1353,69847,1359,65158,0,0,1042,67004,1665,33905,1042,100909,California
Sonoma,2021-02-23,3080,138085,2055,71902,1025,66183,0,0,1348,66624,1728,35633,1348,102257,California
Sonoma,2021-02-24,5451,143536,2537,74439,2914,69097,0,0,2735,66650,2711,38344,2737,104994,California
Sonoma,2021-02-25,5638,149174,2221,76660,3417,72514,0,0,2968,66969,2649,40993,2968,107962,California
Sonoma,2021-02-26,6004,155178,2735,79395,3269,75783,0,0,3734,68438,2265,43258,3734,111696,California
Sonoma,2021-02-27,3996,159174,1902,81297,2094,77877,0,0,2664,69772,1330,44588,2664,114360,California
Sonoma,2021-02-28,2327,161501,1844,83141,483,78360,0,0,612,68675,1709,46297,612,114972,California
Sonoma,2021-03-01,3657,165158,1124,84265,2533,80893,0,0,1812,68651,1837,48134,1813,116785,California
Sonoma,2021-03-02,4200,169358,1455,85720,2745,83638,0,0,2474,69407,1718,49852,2474,119259,California
Sonoma,2021-03-03,4802,174160,2503,88223,2299,85937,0,0,2219,69050,2576,52428,2219,121478,California
Sonoma,2021-03-04,5672,179832,2433,90656,3239,89176,0,0,2562,68516,3096,55524,2562,124040,California
Sonoma,2021-03-05,6150,185982,2550,93206,3585,92761,15,15,2703,67800,3435,58959,2719,126759,California
Sonoma,2021-03-06,2748,188730,1205,94411,1409,94170,134,149,1890,68970,853,59812,2023,128782,California
Sonoma,2021-03-07,1676,190406,1391,95802,251,94421,34,183,355,68040,1319,61131,389,129171,California
Sonoma,2021-03-08,3881,194287,652,96454,3054,97475,175,358,2218,68778,1653,62784,2391,131562,California
Sonoma,2021-03-09,5398,199685,2995,99449,2162,99637,241,599,2655,68938,2736,65520,2896,134458,California
Sonoma,2021-03-10,5927,205612,3162,102611,2440,102077,325,924,2393,68135,3520,69040,2717,137175,California
Sonoma,2021-03-11,7481,213093,2971,105582,3692,105769,818,1742,2644,66768,4829,73869,3462,140637,California
Sonoma,2021-03-12,7369,220462,2253,107835,3757,109526,1359,3101,2100,64972,5251,79120,3455,144092,California
Sonoma,2021-03-13,3223,223685,1538,109373,1452,110978,233,3334,1837,65654,1385,80505,2067,146159,California
Sonoma,2021-03-14,1373,225058,381,109754,850,111828,142,3476,846,66117,524,81029,987,147146,California
Sonoma,2021-03-15,5208,230266,1491,111245,3332,115160,385,3861,2189,65679,3011,84040,2573,149719,California
Sonoma,2021-03-16,6246,236512,2220,113465,3795,118955,231,4092,3154,65976,3087,87127,3384,153103,California
Sonoma,2021-03-17,6716,243228,3510,116975,3027,121982,179,4271,3529,66507,3178,90305,3709,156812,California
Sonoma,2021-03-18,7068,250296,2921,119896,3537,125519,610,4881,3160,66372,3903,94208,3768,160580,California
Sonoma,2021-03-19,7448,257744,3213,123109,4004,129523,231,5112,3310,65797,4120,98328,3545,164125,California
Sonoma,2021-03-20,3627,261371,1743,124852,1054,130577,830,5942,1969,66945,1651,99979,2799,166924,California
Sonoma,2021-03-21,1372,262743,603,125455,736,131313,33,5975,1207,68023,162,100141,1240,168164,California
Sonoma,2021-03-22,4474,267217,3080,128535,1294,132607,100,6075,3532,70717,939,101080,3633,171797,California
Sonoma,2021-03-23,5759,272976,3579,132114,2104,134711,76,6151,4640,74322,1111,102191,4716,176513,California
Sonoma,2021-03-24,6568,279544,4254,136368,2249,136960,65,6216,4143,76120,2409,104600,4207,180720,California
Sonoma,2021-03-25,6886,286430,4138,140506,2644,139604,104,6320,4273,77907,2591,107191,4378,185098,California
Sonoma,2021-03-26,7229,293659,3426,143932,3716,143320,87,6407,3991,78761,3224,110415,4078,189176,California
Sonoma,2021-03-27,3773,297432,1493,145425,1918,145238,362,6769,1122,77598,2646,113061,1483,190659,California
Sonoma,2021-03-28,1503,298935,947,146372,529,145767,27,6796,946,78015,556,113617,973,191632,California
Sonoma,2021-03-29,2816,301751,1076,147448,1707,147474,33,6829,1614,78465,1197,114814,1647,193279,California
Sonoma,2021-03-30,5629,307380,3113,150561,2455,149929,61,6890,3041,78987,2581,117395,3103,196382,California
Sonoma,2021-03-31,5480,312860,3327,153888,1940,151869,213,7103,3291,80312,2179,119574,3504,199886,California
Sonoma,2021-04-01,6662,319522,3961,157849,2369,154238,332,7435,3580,81151,3069,122643,3908,203794,California
Sonoma,2021-04-02,5894,325416,3533,161382,2253,156491,108,7543,3556,82482,2334,124977,3665,207459,California
Sonoma,2021-04-03,3354,328770,1639,163021,1496,157987,219,7762,1473,82304,1870,126847,1692,209151,California
Sonoma,2021-04-04,1050,329820,682,163703,279,158266,89,7851,665,82674,384,127231,754,209905,California
Sonoma,2021-04-05,4342,334162,576,164279,3430,161696,336,8187,1790,82254,2546,129777,2126,212031,California
Sonoma,2021-04-06,6778,340940,3454,167733,2928,164624,396,8583,3966,83815,2800,132577,4361,216392,California
Sonoma,2021-04-07,6733,347673,3803,171536,2102,166726,828,9411,3274,84462,3451,136028,4098,220490,California
Sonoma,2021-04-08,7449,355122,4080,175616,2605,169331,764,10175,4062,85908,3378,139406,4824,225314,California
Sonoma,2021-04-09,6534,361656,3595,179211,2094,171425,845,11020,3304,86832,3219,142625,4143,229457,California
Sonoma,2021-04-10,3706,365362,1675,180886,1479,172904,552,11572,1083,85847,2615,145240,1630,231087,California
Sonoma,2021-04-11,1274,366636,602,181488,591,173495,81,11653,434,85524,838,146078,515,231602,California
Sonoma,2021-04-12,4828,371464,1970,183458,2385,175880,473,12126,1772,84714,3049,149127,2239,233841,California
Sonoma,2021-04-13,6412,377876,3806,187264,2604,178484,2,12128,2042,82394,4364,153491,2044,235885,California
Sonoma,2021-04-14,4986,382862,2727,189991,2240,180724,19,12147,1625,80690,3349,156840,1645,237530,California
Sonoma,2021-04-15,3810,386672,2158,192149,1652,182376,0,12147,1734,80364,2069,158909,1743,239273,California
Stanislaus,2020-12-15,2,2,2,2,0,0,0,0,2,2,0,0,2,2,California
Stanislaus,2020-12-16,37,39,37,39,0,0,0,0,37,39,0,0,37,39,California
Stanislaus,2020-12-17,73,112,73,112,0,0,0,0,73,112,0,0,73,112,California
Stanislaus,2020-12-18,428,540,421,533,7,7,0,0,428,540,0,0,428,540,California
Stanislaus,2020-12-19,191,731,191,724,0,7,0,0,191,731,0,0,191,731,California
Stanislaus,2020-12-20,126,857,126,850,0,7,0,0,126,857,0,0,126,857,California
Stanislaus,2020-12-21,1124,1981,1121,1971,3,10,0,0,1123,1980,0,0,1123,1980,California
Stanislaus,2020-12-22,849,2830,837,2808,12,22,0,0,849,2829,0,0,849,2829,California
Stanislaus,2020-12-23,460,3290,443,3251,17,39,0,0,459,3288,0,0,459,3288,California
Stanislaus,2020-12-24,97,3387,88,3339,9,48,0,0,97,3385,0,0,97,3385,California
Stanislaus,2020-12-26,50,3437,8,3347,42,90,0,0,50,3435,0,0,50,3435,California
Stanislaus,2020-12-27,11,3448,6,3353,5,95,0,0,11,3446,0,0,11,3446,California
Stanislaus,2020-12-28,502,3950,406,3759,96,191,0,0,502,3948,0,0,502,3948,California
Stanislaus,2020-12-29,505,4455,430,4189,75,266,0,0,505,4453,0,0,505,4453,California
Stanislaus,2020-12-30,540,4995,284,4473,256,522,0,0,540,4992,1,1,540,4993,California
Stanislaus,2020-12-31,314,5309,171,4644,143,665,0,0,316,5308,0,1,316,5309,California
Stanislaus,2021-01-01,9,5318,2,4646,7,672,0,0,9,5317,0,1,9,5318,California
Stanislaus,2021-01-02,31,5349,24,4670,7,679,0,0,31,5348,0,1,31,5349,California
Stanislaus,2021-01-03,89,5438,85,4755,4,683,0,0,89,5437,0,1,89,5438,California
Stanislaus,2021-01-04,117,5555,33,4788,84,767,0,0,120,5557,0,1,120,5558,California
Stanislaus,2021-01-05,854,6409,337,5125,517,1284,0,0,823,6363,23,24,829,6387,California
Stanislaus,2021-01-06,978,7387,547,5672,431,1715,0,0,903,7203,64,88,904,7291,California
Stanislaus,2021-01-07,1092,8479,701,6373,391,2106,0,0,966,8057,113,201,967,8258,California
Stanislaus,2021-01-08,1320,9799,755,7128,565,2671,0,0,947,8641,367,568,951,9209,California
Stanislaus,2021-01-09,284,10083,141,7269,143,2814,0,0,194,8745,90,658,194,9403,California
Stanislaus,2021-01-10,48,10131,21,7290,27,2841,0,0,29,8755,19,677,29,9432,California
Stanislaus,2021-01-11,1552,11683,1266,8556,286,3127,0,0,606,8435,940,1617,620,10052,California
Stanislaus,2021-01-12,1493,13176,890,9446,603,3730,0,0,831,8615,658,2275,838,10890,California
Stanislaus,2021-01-13,1442,14618,677,10123,765,4495,0,0,1115,9411,326,2601,1122,12012,California
Stanislaus,2021-01-14,2217,16835,281,10404,1936,6431,0,0,2065,11381,150,2751,2120,14132,California
Stanislaus,2021-01-15,2885,19720,1145,11549,1740,8171,0,0,2729,14042,134,2885,2795,16927,California
Stanislaus,2021-01-16,566,20286,50,11599,516,8687,0,0,551,14581,14,2899,553,17480,California
Stanislaus,2021-01-17,241,20527,200,11799,41,8728,0,0,236,14812,5,2904,236,17716,California
Stanislaus,2021-01-18,2180,22707,1020,12819,1160,9888,0,0,1809,16313,368,3272,1869,19585,California
Stanislaus,2021-01-19,1272,23979,738,13557,534,10422,0,0,811,16667,458,3730,812,20397,California
Stanislaus,2021-01-20,997,24976,482,14039,515,10937,0,0,704,17079,292,4022,704,21101,California
Stanislaus,2021-01-21,3672,28648,2961,17000,711,11648,0,0,3355,20206,315,4337,3442,24543,California
Stanislaus,2021-01-22,1095,29743,309,17309,786,12434,0,0,1052,21223,39,4376,1056,25599,California
Stanislaus,2021-01-23,342,30085,38,17347,304,12738,0,0,288,21461,54,4430,292,25891,California
Stanislaus,2021-01-24,289,30374,99,17446,190,12928,0,0,223,21620,66,4496,225,26116,California
Stanislaus,2021-01-25,3143,33517,217,17663,2926,15854,0,0,2838,24283,306,4802,2969,29085,California
Stanislaus,2021-01-26,1731,35248,738,18401,993,16847,0,0,1313,25197,414,5216,1328,30413,California
Stanislaus,2021-01-27,1830,37078,972,19373,858,17705,0,0,1173,25722,649,5865,1174,31587,California
Stanislaus,2021-01-28,2247,39325,1496,20869,751,18456,0,0,1758,27052,478,6343,1808,33395,California
Stanislaus,2021-01-29,2481,41806,1201,22070,1280,19736,0,0,1948,28559,484,6827,1991,35386,California
Stanislaus,2021-01-30,298,42104,122,22192,176,19912,0,0,248,28755,52,6879,248,35634,California
Stanislaus,2021-01-31,364,42468,311,22503,53,19965,0,0,363,29108,10,6889,363,35997,California
Stanislaus,2021-02-01,1262,43730,540,23043,722,20687,0,0,923,29705,326,7215,923,36920,California
Stanislaus,2021-02-02,1246,44976,373,23416,873,21560,0,0,792,30057,444,7659,796,37716,California
Stanislaus,2021-02-03,2491,47467,1072,24488,1419,22979,0,0,1816,31207,671,8330,1821,39537,California
Stanislaus,2021-02-04,2097,49564,718,25206,1379,24358,0,0,1586,32292,505,8835,1590,41127,California
Stanislaus,2021-02-05,2847,52411,1451,26657,1396,25754,0,0,1608,32716,1188,10023,1612,42739,California
Stanislaus,2021-02-06,1009,53420,287,26944,722,26476,0,0,821,33351,187,10210,822,43561,California
Stanislaus,2021-02-07,212,53632,188,27132,24,26500,0,0,42,33225,169,10379,43,43604,California
Stanislaus,2021-02-08,2019,55651,1308,28440,711,27211,0,0,1117,33468,876,11255,1119,44723,California
Stanislaus,2021-02-09,1871,57522,788,29228,1083,28294,0,0,1100,33804,767,12022,1103,45826,California
Stanislaus,2021-02-10,1980,59502,564,29792,1416,29710,0,0,1061,33965,902,12924,1063,46889,California
Stanislaus,2021-02-11,5535,65037,3413,33205,2122,31832,0,0,1406,31407,3968,16892,1410,48299,California
Stanislaus,2021-02-12,3526,68563,1100,34305,2426,34258,0,0,1662,31255,1815,18707,1663,49962,California
Stanislaus,2021-02-13,1533,70096,744,35049,789,35047,0,0,1086,31900,446,19153,1091,51053,California
Stanislaus,2021-02-14,420,70516,169,35218,251,35298,0,0,355,32190,65,19218,355,51408,California
Stanislaus,2021-02-15,1843,72359,254,35472,1589,36887,0,0,631,31711,1115,20333,636,52044,California
Stanislaus,2021-02-16,1388,73747,415,35887,973,37860,0,0,613,31556,770,21103,615,52659,California
Stanislaus,2021-02-17,2744,76491,1661,37548,1083,38943,0,0,1974,32764,773,21876,1981,54640,California
Stanislaus,2021-02-18,3384,79875,1877,39425,1507,40450,0,0,1836,33129,1479,23355,1844,56484,California
Stanislaus,2021-02-19,2783,82658,1045,40470,1738,42188,0,0,1568,33518,1188,24543,1577,58061,California
Stanislaus,2021-02-20,755,83413,371,40841,384,42572,0,0,497,33768,249,24792,499,58560,California
Stanislaus,2021-02-21,869,84282,657,41498,212,42784,0,0,525,33974,330,25122,536,59096,California
Stanislaus,2021-02-22,2369,86651,1677,43175,692,43476,0,0,1661,34951,686,25808,1663,60759,California
Stanislaus,2021-02-23,3702,90353,678,43853,3024,46500,0,0,1754,34894,1816,27624,1759,62518,California
Stanislaus,2021-02-24,4204,94557,2857,46710,1347,47847,0,0,3195,37098,994,28618,3198,65716,California
Stanislaus,2021-02-25,3920,98477,2642,49352,1278,49125,0,0,3121,39436,786,29404,3124,68840,California
Stanislaus,2021-02-26,4235,102712,1212,50564,3023,52148,0,0,2872,40991,1326,30730,2881,71721,California
Stanislaus,2021-02-27,2219,104931,701,51265,1517,53665,1,1,1967,42730,229,30959,1968,73689,California
Stanislaus,2021-02-28,813,105744,264,51529,549,54214,0,1,764,43451,44,31003,765,74454,California
Stanislaus,2021-03-01,2780,108524,1593,53122,1187,55401,0,1,1650,43989,1116,32119,1654,76108,California
Stanislaus,2021-03-02,2403,110927,1422,54544,981,56382,0,1,1666,44922,733,32852,1666,77774,California
Stanislaus,2021-03-03,3774,114701,2264,56808,1507,57889,3,4,2924,47005,841,33693,2924,80698,California
Stanislaus,2021-03-04,5588,120289,3223,60031,2347,60236,18,22,4250,49946,1321,35014,4262,84960,California
Stanislaus,2021-03-05,4276,124565,1310,61341,2950,63186,16,38,3153,52002,1112,36126,3168,88128,California
Stanislaus,2021-03-06,3766,128331,2271,63612,1402,64588,93,131,2743,53818,1022,37148,2838,90966,California
Stanislaus,2021-03-07,842,129173,384,63996,421,65009,37,168,652,54322,184,37332,688,91654,California
Stanislaus,2021-03-08,2061,131234,921,64917,1052,66061,88,256,1326,55008,727,38059,1413,93067,California
Stanislaus,2021-03-09,2266,133500,944,65861,1229,67290,93,349,1696,56238,562,38621,1792,94859,California
Stanislaus,2021-03-10,5098,138598,2512,68373,2363,69653,223,572,3774,58935,1312,39933,4009,98868,California
Stanislaus,2021-03-11,5829,144427,3169,71542,2177,71830,483,1055,4242,62230,1432,41365,4727,103595,California
Stanislaus,2021-03-12,5834,150261,1239,72781,2652,74482,1943,2998,2962,64277,2858,44223,4905,108500,California
Stanislaus,2021-03-13,3476,153737,2162,74943,1247,75729,67,3065,2804,66484,669,44892,2876,111376,California
Stanislaus,2021-03-14,973,154710,582,75525,339,76068,52,3117,487,66541,485,45377,542,111918,California
Stanislaus,2021-03-15,3759,158469,1973,77498,1410,77478,376,3493,1663,66579,2008,47385,2046,113964,California
Stanislaus,2021-03-16,4997,163466,2453,79951,2102,79580,442,3935,3604,69220,1404,48789,4045,118009,California
Stanislaus,2021-03-17,4948,168414,3011,82962,1755,81335,182,4117,3107,70680,1834,50623,3294,121303,California
Stanislaus,2021-03-18,5752,174166,3545,86507,2140,83475,67,4184,3306,71743,2316,52939,3379,124682,California
Stanislaus,2021-03-19,6367,180533,1745,88252,3093,86568,1529,5713,3479,73892,2860,55799,5009,129691,California
Stanislaus,2021-03-20,4041,184574,2999,91251,972,87540,70,5783,3561,77049,475,56274,3632,133323,California
Stanislaus,2021-03-21,991,185565,892,92143,34,87574,65,5848,758,77637,233,56507,821,134144,California
Stanislaus,2021-03-22,2850,188415,1334,93477,789,88363,727,6575,1260,78045,1578,58085,1986,136130,California
Stanislaus,2021-03-23,3983,192398,2036,95513,1685,90048,262,6837,2851,80051,1120,59205,3126,139256,California
Stanislaus,2021-03-24,4572,196970,3217,98730,1286,91334,69,6906,2670,80931,1863,61068,2743,141999,California
Stanislaus,2021-03-25,4426,201396,3026,101756,1383,92717,17,6923,1972,80540,2381,63449,1990,143989,California
Stanislaus,2021-03-26,4793,206189,1387,103143,3331,96048,75,6998,2431,80724,2334,65783,2518,146507,California
Stanislaus,2021-03-27,4407,210596,2708,105851,1676,97724,23,7021,1362,79093,3030,68813,1399,147906,California
Stanislaus,2021-03-28,1188,211784,448,106299,553,98277,187,7208,351,78814,831,69644,552,148458,California
Stanislaus,2021-03-29,3030,214814,1816,108115,1176,99453,38,7246,2027,79889,997,70641,2072,150530,California
Stanislaus,2021-03-30,3677,218491,2068,110183,1580,101033,29,7275,2250,80755,1422,72063,2288,152818,California
Stanislaus,2021-03-31,5487,223978,3862,114045,1487,102520,138,7413,2785,81003,2690,74753,2938,155756,California
Stanislaus,2021-04-01,5804,229782,3820,117865,1896,104416,88,7501,2664,80652,3129,77882,2778,158534,California
Stanislaus,2021-04-02,5076,234858,1268,119133,3646,108062,162,7663,2274,80386,2721,80603,2455,160989,California
Stanislaus,2021-04-03,4518,239376,3244,122377,1237,109299,37,7700,2207,80353,2304,82907,2271,163260,California
Stanislaus,2021-04-04,1319,240695,487,122864,805,110104,27,7727,657,80390,658,83565,695,163955,California
Stanislaus,2021-04-05,3702,244397,2514,125378,880,110984,308,8035,2373,81751,1326,84891,2687,166642,California
Stanislaus,2021-04-06,5748,250145,4165,129543,1288,112272,295,8330,3037,82389,2701,87592,3339,169981,California
Stanislaus,2021-04-07,6507,256652,3705,133248,2341,114613,461,8791,2808,81978,3684,91276,3273,173254,California
Stanislaus,2021-04-08,5751,262403,3382,136630,1889,116502,480,9271,2751,82225,2990,94266,3237,176491,California
Stanislaus,2021-04-09,4759,267162,2112,138742,2248,118750,399,9670,2073,82039,2671,96937,2485,178976,California
Stanislaus,2021-04-10,6544,273706,3910,142652,975,119725,1659,11329,1977,81119,4551,101488,3631,182607,California
Stanislaus,2021-04-11,1511,275217,851,143503,527,120252,133,11462,653,81048,857,102345,786,183393,California
Stanislaus,2021-04-12,3562,278779,2013,145516,1163,121415,386,11848,1878,81640,1679,104024,2271,185664,California
Stanislaus,2021-04-13,5049,283828,3269,148785,1768,123183,12,11860,2772,82171,2246,106270,2777,188441,California
Stanislaus,2021-04-14,4080,287908,3027,151812,1053,124236,0,11860,1997,82115,2059,108329,2003,190444,California
Stanislaus,2021-04-15,3680,291588,2204,154016,1471,125707,5,11865,2068,82607,1598,109927,2090,192534,California
Sutter,2020-12-15,1,1,1,1,0,0,0,0,1,1,0,0,1,1,California
Sutter,2020-12-16,4,5,4,5,0,0,0,0,4,5,0,0,4,5,California
Sutter,2020-12-17,2,7,2,7,0,0,0,0,2,7,0,0,2,7,California
Sutter,2020-12-18,20,27,20,27,0,0,0,0,20,27,0,0,20,27,California
Sutter,2020-12-19,44,71,44,71,0,0,0,0,44,71,0,0,44,71,California
Sutter,2020-12-20,42,113,42,113,0,0,0,0,42,113,0,0,42,113,California
Sutter,2020-12-21,100,213,100,213,0,0,0,0,100,213,0,0,100,213,California
Sutter,2020-12-22,172,385,172,385,0,0,0,0,172,385,0,0,172,385,California
Sutter,2020-12-23,115,500,111,496,4,4,0,0,115,500,0,0,115,500,California
Sutter,2020-12-24,17,517,11,507,6,10,0,0,17,517,0,0,17,517,California
Sutter,2020-12-26,39,556,35,542,4,14,0,0,39,556,0,0,39,556,California
Sutter,2020-12-27,24,580,23,565,1,15,0,0,24,580,0,0,24,580,California
Sutter,2020-12-28,83,663,55,620,28,43,0,0,83,663,0,0,83,663,California
Sutter,2020-12-29,101,764,14,634,87,130,0,0,101,764,0,0,101,764,California
Sutter,2020-12-30,136,900,34,668,102,232,0,0,136,900,0,0,136,900,California
Sutter,2020-12-31,70,970,6,674,64,296,0,0,70,970,0,0,70,970,California
Sutter,2021-01-01,3,973,3,677,0,296,0,0,3,973,0,0,3,973,California
Sutter,2021-01-02,133,1106,131,808,2,298,0,0,133,1106,0,0,133,1106,California
Sutter,2021-01-03,1,1107,0,808,1,299,0,0,1,1107,0,0,1,1107,California
Sutter,2021-01-04,249,1356,140,948,109,408,0,0,249,1356,0,0,249,1356,California
Sutter,2021-01-05,99,1455,56,1004,43,451,0,0,97,1451,2,2,97,1453,California
Sutter,2021-01-06,205,1660,51,1055,154,605,0,0,200,1646,5,7,200,1653,California
Sutter,2021-01-07,253,1913,151,1206,102,707,0,0,244,1882,8,15,244,1897,California
Sutter,2021-01-08,146,2059,40,1246,106,813,0,0,129,1994,17,32,129,2026,California
Sutter,2021-01-09,45,2104,43,1289,2,815,0,0,4,1957,41,73,4,2030,California
Sutter,2021-01-10,397,2501,37,1326,360,1175,0,0,359,2279,37,110,359,2389,California
Sutter,2021-01-11,132,2633,114,1440,18,1193,0,0,26,2199,106,216,26,2415,California
Sutter,2021-01-12,200,2833,163,1603,37,1230,0,0,57,2113,143,359,57,2472,California
Sutter,2021-01-13,160,2993,98,1701,62,1292,0,0,71,2095,89,448,71,2543,California
Sutter,2021-01-14,144,3137,49,1750,95,1387,0,0,125,2201,19,467,125,2668,California
Sutter,2021-01-15,432,3569,130,1880,302,1689,0,0,417,2603,15,482,417,3085,California
Sutter,2021-01-16,386,3955,42,1922,344,2033,0,0,354,2926,31,513,354,3439,California
Sutter,2021-01-17,26,3981,24,1946,2,2035,0,0,10,2920,16,529,10,3449,California
Sutter,2021-01-18,116,4097,61,2007,55,2090,0,0,69,2942,47,576,69,3518,California
Sutter,2021-01-19,104,4201,43,2050,61,2151,0,0,79,2996,25,601,79,3597,California
Sutter,2021-01-20,254,4455,190,2240,64,2215,0,0,234,3210,20,621,234,3831,California
Sutter,2021-01-21,435,4890,267,2507,168,2383,0,0,416,3607,19,640,416,4247,California
Sutter,2021-01-22,269,5159,82,2589,187,2570,0,0,260,3858,9,649,260,4507,California
Sutter,2021-01-23,396,5555,40,2629,356,2926,0,0,370,4202,26,675,370,4877,California
Sutter,2021-01-24,17,5572,14,2643,3,2929,0,0,15,4215,2,677,15,4892,California
Sutter,2021-01-25,304,5876,196,2839,108,3037,0,0,151,4214,152,829,151,5043,California
Sutter,2021-01-26,243,6119,103,2942,140,3177,0,0,145,4262,97,926,145,5188,California
Sutter,2021-01-27,384,6503,254,3196,130,3307,0,0,319,4516,65,991,319,5507,California
Sutter,2021-01-28,521,7024,299,3495,222,3529,0,0,392,4779,129,1120,392,5899,California
Sutter,2021-01-29,416,7440,144,3639,272,3801,0,0,252,4867,164,1284,252,6151,California
Sutter,2021-01-30,775,8215,39,3678,736,4537,0,0,764,5620,11,1295,764,6915,California
Sutter,2021-01-31,27,8242,27,3705,0,4537,0,0,27,5647,0,1295,27,6942,California
Sutter,2021-02-01,164,8406,49,3754,115,4652,0,0,133,5749,31,1326,133,7075,California
Sutter,2021-02-02,241,8647,26,3780,215,4867,0,0,211,5930,30,1356,211,7286,California
Sutter,2021-02-03,443,9090,38,3818,405,5272,0,0,208,5903,235,1591,208,7494,California
Sutter,2021-02-04,670,9760,367,4185,303,5575,0,0,620,6473,50,1641,620,8114,California
Sutter,2021-02-05,284,10044,32,4217,252,5827,0,0,134,6457,150,1791,134,8248,California
Sutter,2021-02-06,733,10777,27,4244,706,6533,0,0,713,7150,20,1811,713,8961,California
Sutter,2021-02-07,23,10800,20,4264,3,6536,0,0,19,7165,4,1815,19,8980,California
Sutter,2021-02-08,134,10934,29,4293,105,6641,0,0,98,7227,36,1851,98,9078,California
Sutter,2021-02-09,245,11179,45,4338,200,6841,0,0,184,7350,61,1912,184,9262,California
Sutter,2021-02-10,800,11979,379,4717,421,7262,0,0,175,6901,624,2536,175,9437,California
Sutter,2021-02-11,601,12580,272,4989,329,7591,0,0,372,7044,229,2765,372,9809,California
Sutter,2021-02-12,627,13207,67,5056,560,8151,0,0,311,7039,316,3081,311,10120,California
Sutter,2021-02-13,897,14104,49,5105,848,8999,0,0,781,7704,116,3197,781,10901,California
Sutter,2021-02-14,91,14195,25,5130,66,9065,0,0,81,7775,10,3207,81,10982,California
Sutter,2021-02-15,198,14393,72,5202,126,9191,0,0,121,7819,77,3284,121,11103,California
Sutter,2021-02-16,288,14681,45,5247,243,9434,0,0,205,7942,82,3366,205,11308,California
Sutter,2021-02-17,827,15508,430,5677,397,9831,0,0,128,7371,699,4065,128,11436,California
Sutter,2021-02-18,694,16202,50,5727,644,10475,0,0,484,7646,209,4274,484,11920,California
Sutter,2021-02-19,661,16863,377,6104,284,10759,0,0,461,7909,198,4472,461,12381,California
Sutter,2021-02-20,615,17478,52,6156,563,11322,0,0,512,8318,103,4575,512,12893,California
Sutter,2021-02-21,29,17507,26,6182,3,11325,0,0,6,8301,23,4598,6,12899,California
Sutter,2021-02-22,207,17714,123,6305,84,11409,0,0,87,8268,120,4718,87,12986,California
Sutter,2021-02-23,221,17935,32,6337,189,11598,0,0,97,8241,124,4842,97,13083,California
Sutter,2021-02-24,956,18891,348,6685,608,12206,0,0,189,7664,766,5608,189,13272,California
Sutter,2021-02-25,768,19659,486,7171,282,12488,0,0,589,8077,176,5784,589,13861,California
Sutter,2021-02-26,365,20024,58,7229,307,12795,0,0,151,8016,212,5996,151,14012,California
Sutter,2021-02-27,863,20887,43,7272,820,13615,0,0,709,8569,156,6152,709,14721,California
Sutter,2021-02-28,82,20969,37,7309,45,13660,0,0,65,8617,17,6169,65,14786,California
Sutter,2021-03-01,246,21215,60,7369,186,13846,0,0,150,8671,96,6265,150,14936,California
Sutter,2021-03-02,333,21548,56,7425,277,14123,0,0,160,8659,172,6437,160,15096,California
Sutter,2021-03-03,1371,22919,502,7927,869,14992,0,0,635,8564,730,7167,635,15731,California
Sutter,2021-03-04,1248,24167,860,8787,388,15380,0,0,947,9214,297,7464,947,16678,California
Sutter,2021-03-05,333,24500,75,8862,257,15637,1,1,201,9285,131,7595,202,16880,California
Sutter,2021-03-06,1025,25525,45,8907,975,16612,5,6,864,9993,161,7756,869,17749,California
Sutter,2021-03-07,63,25588,23,8930,39,16651,1,7,43,10017,20,7776,44,17793,California
Sutter,2021-03-08,225,25813,77,9007,135,16786,13,20,156,10117,69,7845,169,17962,California
Sutter,2021-03-09,383,26196,133,9140,237,17023,13,33,180,10108,202,8047,193,18155,California
Sutter,2021-03-10,1563,27759,679,9819,823,17846,61,94,521,9651,1039,9086,582,18737,California
Sutter,2021-03-11,890,28649,437,10256,434,18280,19,113,644,10071,243,9329,663,19400,California
Sutter,2021-03-12,666,29315,108,10364,376,18656,182,295,194,9976,469,9798,374,19774,California
Sutter,2021-03-13,980,30295,750,11114,213,18869,17,312,783,10581,195,9993,800,20574,California
Sutter,2021-03-14,127,30422,20,11134,96,18965,11,323,41,10547,86,10079,52,20626,California
Sutter,2021-03-15,318,30740,66,11200,203,19168,49,372,150,10579,167,10246,199,20825,California
Sutter,2021-03-16,385,31125,86,11286,253,19421,46,418,208,10656,177,10423,254,21079,California
Sutter,2021-03-17,1473,32598,551,11837,903,20324,19,437,302,9814,1163,11586,321,21400,California
Sutter,2021-03-18,957,33555,163,12000,597,20921,197,634,572,10198,384,11970,768,22168,California
Sutter,2021-03-19,460,34015,163,12163,268,21189,29,663,283,10336,174,12144,312,22480,California
Sutter,2021-03-20,947,34962,115,12278,821,22010,11,674,860,11120,87,12231,871,23351,California
Sutter,2021-03-21,64,35026,46,12324,15,22025,3,677,35,11129,29,12260,38,23389,California
Sutter,2021-03-22,288,35314,121,12445,141,22166,26,703,212,11291,76,12336,238,23627,California
Sutter,2021-03-23,350,35664,117,12562,201,22367,32,735,238,11449,112,12448,270,23897,California
Sutter,2021-03-24,1623,37287,718,13280,836,23203,69,804,313,10533,1298,13746,382,24279,California
Sutter,2021-03-25,1012,38299,669,13949,302,23505,41,845,354,10272,656,14402,395,24674,California
Sutter,2021-03-26,482,38781,173,14122,292,23797,17,862,293,10396,186,14588,310,24984,California
Sutter,2021-03-27,930,39711,63,14185,865,24662,2,864,820,11112,106,14694,822,25806,California
Sutter,2021-03-28,126,39837,71,14256,55,24717,0,864,78,11144,46,14740,78,25884,California
Sutter,2021-03-29,422,40259,141,14397,226,24943,55,919,225,11229,195,14935,280,26164,California
Sutter,2021-03-30,474,40733,158,14555,306,25249,10,929,317,11399,157,15092,327,26491,California
Sutter,2021-03-31,1232,41965,174,14729,1041,26290,17,946,453,11098,770,15862,469,26960,California
Sutter,2021-04-01,1361,43326,720,15449,454,26744,187,1133,407,10744,949,16811,595,27555,California
Sutter,2021-04-02,489,43815,93,15542,294,27038,102,1235,200,10755,288,17099,299,27854,California
Sutter,2021-04-03,915,44730,77,15619,209,27247,629,1864,121,10713,792,17891,750,28604,California
Sutter,2021-04-04,117,44847,22,15641,89,27336,6,1870,56,10714,61,17952,62,28666,California
Sutter,2021-04-05,364,45211,142,15783,186,27522,36,1906,174,10737,187,18139,210,28876,California
Sutter,2021-04-06,483,45694,190,15973,237,27759,56,1962,254,10819,228,18367,310,29186,California
Sutter,2021-04-07,1475,47169,870,16843,530,28289,75,2037,614,10654,854,19221,689,29875,California
Sutter,2021-04-08,1028,48197,579,17422,341,28630,108,2145,565,10869,456,19677,671,30546,California
Sutter,2021-04-09,543,48740,238,17660,242,28872,63,2208,225,10841,316,19993,288,30834,California
Sutter,2021-04-10,821,49561,105,17765,88,28960,628,2836,102,10849,716,20709,724,31558,California
Sutter,2021-04-11,110,49671,26,17791,40,29000,44,2880,30,10842,80,20789,73,31631,California
Sutter,2021-04-12,330,50001,92,17883,187,29187,51,2931,138,10839,192,20981,189,31820,California
Sutter,2021-04-13,390,50391,107,17990,283,29470,0,2931,196,10844,191,21172,196,32016,California
Sutter,2021-04-14,1201,51592,117,18107,1083,30553,1,2932,177,10005,1018,22190,179,32195,California
Sutter,2021-04-15,232,51824,75,18182,157,30710,0,2932,87,9947,145,22335,87,32282,California
Tehama,2020-12-15,1,1,1,1,0,0,0,0,1,1,0,0,1,1,California
Tehama,2020-12-16,2,3,2,3,0,0,0,0,2,3,0,0,2,3,California
Tehama,2020-12-17,12,15,12,15,0,0,0,0,12,15,0,0,12,15,California
Tehama,2020-12-18,2,17,2,17,0,0,0,0,3,18,0,0,3,18,California
Tehama,2020-12-21,33,50,33,50,0,0,0,0,33,51,0,0,33,51,California
Tehama,2020-12-22,68,118,62,112,6,6,0,0,68,119,0,0,68,119,California
Tehama,2020-12-23,48,166,40,152,8,14,0,0,48,167,0,0,48,167,California
Tehama,2020-12-24,5,171,3,155,2,16,0,0,5,172,0,0,5,172,California
Tehama,2020-12-26,3,174,2,157,1,17,0,0,3,175,0,0,3,175,California
Tehama,2020-12-27,2,176,2,159,0,17,0,0,2,177,0,0,2,177,California
Tehama,2020-12-28,56,232,43,202,13,30,0,0,56,233,0,0,56,233,California
Tehama,2020-12-29,31,263,31,233,0,30,0,0,31,264,0,0,31,264,California
Tehama,2020-12-30,54,317,38,271,16,46,0,0,53,317,0,0,53,317,California
Tehama,2020-12-31,14,331,4,275,10,56,0,0,14,331,0,0,14,331,California
Tehama,2021-01-01,2,333,0,275,2,58,0,0,2,333,0,0,2,333,California
Tehama,2021-01-04,31,364,8,283,23,81,0,0,31,364,0,0,31,364,California
Tehama,2021-01-05,71,435,44,327,27,108,0,0,68,429,3,3,68,432,California
Tehama,2021-01-06,71,506,21,348,50,158,0,0,62,483,8,11,62,494,California
Tehama,2021-01-07,56,562,7,355,49,207,0,0,55,537,1,12,55,549,California
Tehama,2021-01-08,30,592,24,379,6,213,0,0,25,557,5,17,25,574,California
Tehama,2021-01-09,7,599,5,384,2,215,0,0,5,560,2,19,5,579,California
Tehama,2021-01-10,1,600,0,384,1,216,0,0,1,561,0,19,1,580,California
Tehama,2021-01-11,47,647,46,430,1,217,0,0,14,542,33,52,14,594,California
Tehama,2021-01-12,116,763,96,526,20,237,0,0,71,568,45,97,71,665,California
Tehama,2021-01-13,72,835,55,581,17,254,0,0,26,548,46,143,26,691,California
Tehama,2021-01-14,224,1059,50,631,174,428,0,0,222,768,2,145,222,913,California
Tehama,2021-01-15,246,1305,74,705,172,600,0,0,242,1006,4,149,242,1155,California
Tehama,2021-01-16,272,1577,27,732,245,845,0,0,269,1272,3,152,269,1424,California
Tehama,2021-01-17,13,1590,9,741,4,849,0,0,11,1281,2,154,11,1435,California
Tehama,2021-01-18,10,1600,6,747,4,853,0,0,5,1281,5,159,5,1440,California
Tehama,2021-01-19,288,1888,62,809,226,1079,0,0,233,1459,55,214,233,1673,California
Tehama,2021-01-20,301,2189,87,896,214,1293,0,0,251,1661,49,263,251,1924,California
Tehama,2021-01-21,214,2403,11,907,203,1496,0,0,204,1855,10,273,204,2128,California
Tehama,2021-01-22,214,2617,12,919,202,1698,0,0,211,2063,3,276,211,2339,California
Tehama,2021-01-23,261,2878,10,929,251,1949,0,0,260,2322,1,277,260,2599,California
Tehama,2021-01-25,30,2908,13,942,17,1966,0,0,13,2318,17,294,13,2612,California
Tehama,2021-01-26,325,3233,43,985,282,2248,0,0,287,2567,38,332,287,2899,California
Tehama,2021-01-27,299,3532,21,1006,278,2526,0,0,279,2826,20,352,279,3178,California
Tehama,2021-01-28,340,3872,29,1035,311,2837,0,0,325,3136,15,367,325,3503,California
Tehama,2021-01-29,321,4193,19,1054,302,3139,0,0,304,3423,17,384,304,3807,California
Tehama,2021-01-30,102,4295,2,1056,100,3239,0,0,101,3523,1,385,101,3908,California
Tehama,2021-01-31,1,4296,0,1056,1,3240,0,0,1,3524,0,385,1,3909,California
Tehama,2021-02-01,77,4373,22,1078,55,3295,0,0,36,3519,41,426,36,3945,California
Tehama,2021-02-02,341,4714,63,1141,278,3573,0,0,244,3669,94,520,244,4189,California
Tehama,2021-02-03,373,5087,12,1153,361,3934,0,0,329,3954,44,564,329,4518,California
Tehama,2021-02-04,462,5549,99,1252,363,4297,0,0,383,4259,79,643,384,4902,California
Tehama,2021-02-05,161,5710,73,1325,88,4385,0,0,102,4302,59,702,102,5004,California
Tehama,2021-02-06,28,5738,13,1338,15,4400,0,0,16,4306,12,714,16,5020,California
Tehama,2021-02-07,5,5743,4,1342,1,4401,0,0,2,4305,3,717,2,5022,California
Tehama,2021-02-08,35,5778,14,1356,21,4422,0,0,27,4324,8,725,27,5049,California
Tehama,2021-02-09,76,5854,33,1389,43,4465,0,0,42,4332,34,759,42,5091,California
Tehama,2021-02-10,233,6087,62,1451,171,4636,0,0,158,4415,75,834,158,5249,California
Tehama,2021-02-11,219,6306,16,1467,203,4839,0,0,80,4358,137,971,80,5329,California
Tehama,2021-02-12,355,6661,57,1524,298,5137,0,0,174,4351,181,1152,174,5503,California
Tehama,2021-02-13,386,7047,13,1537,373,5510,0,0,147,4259,239,1391,147,5650,California
Tehama,2021-02-14,33,7080,0,1537,33,5543,0,0,32,4290,1,1392,32,5682,California
Tehama,2021-02-15,51,7131,9,1546,42,5585,0,0,45,4329,6,1398,45,5727,California
Tehama,2021-02-16,240,7371,16,1562,224,5809,0,0,58,4205,182,1580,58,5785,California
Tehama,2021-02-17,279,7650,11,1573,268,6077,0,0,53,4032,226,1806,53,5838,California
Tehama,2021-02-18,368,8018,32,1605,336,6413,0,0,144,3952,224,2030,144,5982,California
Tehama,2021-02-19,213,8231,18,1623,195,6608,0,0,42,3823,171,2201,42,6024,California
Tehama,2021-02-20,271,8502,6,1629,265,6873,0,0,26,3604,245,2446,26,6050,California
Tehama,2021-02-22,36,8538,13,1642,23,6896,0,0,24,3616,12,2458,24,6074,California
Tehama,2021-02-23,46,8584,19,1661,27,6923,0,0,26,3622,20,2478,26,6100,California
Tehama,2021-02-24,299,8883,12,1673,287,7210,0,0,26,3375,273,2751,26,6126,California
Tehama,2021-02-25,377,9260,61,1734,316,7526,0,0,37,3072,340,3091,37,6163,California
Tehama,2021-02-26,454,9714,19,1753,435,7961,0,0,70,2758,384,3475,70,6233,California
Tehama,2021-02-27,294,10008,5,1758,289,8250,0,0,34,2532,260,3735,34,6267,California
Tehama,2021-02-28,23,10031,2,1760,21,8271,0,0,20,2549,3,3738,20,6287,California
Tehama,2021-03-01,62,10093,8,1768,54,8325,0,0,28,2543,34,3772,28,6315,California
Tehama,2021-03-02,117,10210,17,1785,100,8425,0,0,29,2484,88,3860,29,6344,California
Tehama,2021-03-03,128,10338,33,1818,95,8520,0,0,48,2452,80,3940,48,6392,California
Tehama,2021-03-04,585,10923,22,1840,563,9083,0,0,218,2309,361,4301,218,6610,California
Tehama,2021-03-05,383,11306,18,1858,365,9448,0,0,214,2355,168,4469,214,6824,California
Tehama,2021-03-06,295,11601,17,1875,278,9726,0,0,80,2222,214,4683,81,6905,California
Tehama,2021-03-07,5,11606,1,1876,4,9730,0,0,3,2224,1,4684,3,6908,California
Tehama,2021-03-08,57,11663,12,1888,30,9760,15,15,26,2235,30,4714,41,6949,California
Tehama,2021-03-09,312,11975,5,1893,288,10048,19,34,257,2456,55,4769,276,7225,California
Tehama,2021-03-10,349,12324,11,1904,317,10365,21,55,68,2265,280,5049,89,7314,California
Tehama,2021-03-11,478,12802,14,1918,418,10783,46,101,336,2505,142,5191,382,7696,California
Tehama,2021-03-12,288,13090,17,1935,206,10989,65,166,165,2612,123,5314,230,7926,California
Tehama,2021-03-13,44,13134,8,1943,30,11019,6,172,6,2586,38,5352,12,7938,California
Tehama,2021-03-14,43,13177,3,1946,29,11048,11,183,2,2558,41,5393,13,7951,California
Tehama,2021-03-15,154,13331,21,1967,113,11161,20,203,87,2598,67,5460,107,8058,California
Tehama,2021-03-16,402,13733,14,1981,350,11511,38,241,303,2841,98,5558,341,8399,California
Tehama,2021-03-17,415,14148,22,2003,361,11872,32,273,330,3120,83,5641,362,8761,California
Tehama,2021-03-18,482,14630,25,2028,433,12305,24,297,304,3272,176,5817,328,9089,California
Tehama,2021-03-19,302,14932,23,2051,266,12571,13,310,260,3503,42,5859,273,9362,California
Tehama,2021-03-20,40,14972,8,2059,30,12601,2,312,28,3521,12,5871,30,9392,California
Tehama,2021-03-21,12,14984,5,2064,7,12608,0,312,12,3533,0,5871,12,9404,California
Tehama,2021-03-22,90,15074,7,2071,66,12674,17,329,49,3558,41,5912,66,9470,California
Tehama,2021-03-23,85,15159,24,2095,54,12728,7,336,66,3612,19,5931,73,9543,California
Tehama,2021-03-24,82,15241,15,2110,64,12792,3,339,53,3639,29,5960,56,9599,California
Tehama,2021-03-25,500,15741,339,2449,148,12940,13,352,453,4059,47,6007,467,10066,California
Tehama,2021-03-26,461,16202,353,2802,96,13036,12,364,386,4382,75,6082,398,10464,California
Tehama,2021-03-27,436,16638,347,3149,68,13104,21,385,373,4714,62,6144,394,10858,California
Tehama,2021-03-28,34,16672,13,3162,21,13125,0,385,22,4724,12,6156,22,10880,California
Tehama,2021-03-29,119,16791,30,3192,89,13214,0,385,75,4756,43,6199,75,10955,California
Tehama,2021-03-30,353,17144,205,3397,146,13360,2,387,239,4883,114,6313,241,11196,California
Tehama,2021-03-31,377,17521,276,3673,98,13458,3,390,303,5116,73,6386,306,11502,California
Tehama,2021-04-01,512,18033,237,3910,269,13727,6,396,381,5372,131,6517,387,11889,California
Tehama,2021-04-02,442,18475,204,4114,232,13959,6,402,257,5450,185,6702,263,12152,California
Tehama,2021-04-03,61,18536,3,4117,53,14012,5,407,30,5454,31,6733,35,12187,California
Tehama,2021-04-04,34,18570,6,4123,27,14039,1,408,22,5465,12,6745,23,12210,California
Tehama,2021-04-05,114,18684,20,4143,68,14107,26,434,59,5495,55,6800,85,12295,California
Tehama,2021-04-06,480,19164,105,4248,324,14431,51,485,176,5418,304,7104,227,12522,California
Tehama,2021-04-07,417,19581,279,4527,94,14525,44,529,306,5658,109,7213,349,12871,California
Tehama,2021-04-08,594,20175,172,4699,384,14909,38,567,230,5563,363,7576,268,13139,California
Tehama,2021-04-09,387,20562,170,4869,187,15096,30,597,198,5604,187,7763,228,13367,California
Tehama,2021-04-10,73,20635,9,4878,37,15133,27,624,39,5636,34,7797,66,13433,California
Tehama,2021-04-11,25,20660,7,4885,7,15140,11,635,8,5638,17,7814,19,13452,California
Tehama,2021-04-12,100,20760,5,4890,78,15218,17,652,40,5635,60,7874,57,13509,California
Tehama,2021-04-13,181,20941,25,4915,155,15373,1,653,33,5521,148,8022,34,13543,California
Tehama,2021-04-14,250,21191,21,4936,229,15602,0,653,21,5313,229,8251,21,13564,California
Tehama,2021-04-15,348,21539,122,5058,226,15828,0,653,50,5067,298,8549,52,13616,California
Trinity,2020-12-17,4,4,4,4,0,0,0,0,4,4,0,0,4,4,California
Trinity,2020-12-18,2,6,2,6,0,0,0,0,2,6,0,0,2,6,California
Trinity,2020-12-21,38,44,38,44,0,0,0,0,38,44,0,0,38,44,California
Trinity,2020-12-22,5,49,5,49,0,0,0,0,5,49,0,0,5,49,California
Trinity,2020-12-23,5,54,5,54,0,0,0,0,5,54,0,0,5,54,California
Trinity,2020-12-28,30,84,30,84,0,0,0,0,30,84,0,0,30,84,California
Trinity,2020-12-29,8,92,7,91,1,1,0,0,8,92,0,0,8,92,California
Trinity,2020-12-30,10,102,8,99,2,3,0,0,10,102,0,0,10,102,California
Trinity,2020-12-31,2,104,1,100,1,4,0,0,2,104,0,0,2,104,California
Trinity,2021-01-04,27,131,0,100,27,31,0,0,26,130,0,0,26,130,California
Trinity,2021-01-05,2,133,1,101,1,32,0,0,2,132,0,0,2,132,California
Trinity,2021-01-06,23,156,4,105,19,51,0,0,19,147,4,4,19,151,California
Trinity,2021-01-08,49,205,2,107,47,98,0,0,48,193,2,6,48,199,California
Trinity,2021-01-11,39,244,38,145,1,99,0,0,2,158,37,43,2,201,California
Trinity,2021-01-12,9,253,7,152,2,101,0,0,4,157,5,48,4,205,California
Trinity,2021-01-13,7,260,4,156,3,104,0,0,4,158,3,51,4,209,California
Trinity,2021-01-14,3,263,1,157,2,106,0,0,3,161,0,51,3,212,California
Trinity,2021-01-16,4,267,0,157,4,110,0,0,4,165,0,51,4,216,California
Trinity,2021-01-18,31,298,31,188,0,110,0,0,1,136,30,81,1,217,California
Trinity,2021-01-19,31,329,14,202,17,127,0,0,17,139,14,95,17,234,California
Trinity,2021-01-20,19,348,3,205,16,143,0,0,17,154,2,97,17,251,California
Trinity,2021-01-21,17,365,7,212,10,153,0,0,17,171,0,97,17,268,California
Trinity,2021-01-22,5,370,1,213,4,157,0,0,5,176,0,97,5,273,California
Trinity,2021-01-23,7,377,3,216,4,161,0,0,7,183,0,97,7,280,California
Trinity,2021-01-25,14,391,1,217,13,174,0,0,13,195,1,98,13,293,California
Trinity,2021-01-26,10,401,1,218,9,183,0,0,9,203,1,99,9,302,California
Trinity,2021-01-27,12,413,0,218,12,195,0,0,12,215,0,99,12,314,California
Trinity,2021-01-28,13,426,3,221,10,205,0,0,10,222,3,102,10,324,California
Trinity,2021-01-29,3,429,1,222,2,207,0,0,2,223,1,103,2,326,California
Trinity,2021-01-30,12,441,11,233,1,208,0,0,12,235,0,103,12,338,California
Trinity,2021-02-01,2,443,1,234,1,209,0,0,1,235,1,104,1,339,California
Trinity,2021-02-02,13,456,3,237,10,219,0,0,13,248,0,104,13,352,California
Trinity,2021-02-03,6,462,1,238,5,224,0,0,3,248,3,107,3,355,California
Trinity,2021-02-04,36,498,32,270,4,228,0,0,34,280,2,109,34,389,California
Trinity,2021-02-05,348,846,0,270,348,576,0,0,318,568,30,139,318,707,California
Trinity,2021-02-06,209,1055,5,275,204,780,0,0,202,763,7,146,202,909,California
Trinity,2021-02-07,1,1056,0,275,1,781,0,0,1,764,0,146,1,910,California
Trinity,2021-02-08,23,1079,0,275,23,804,0,0,15,771,8,154,15,925,California
Trinity,2021-02-09,21,1100,2,277,19,823,0,0,6,762,15,169,6,931,California
Trinity,2021-02-10,123,1223,10,287,113,936,0,0,103,845,20,189,103,1034,California
Trinity,2021-02-11,335,1558,2,289,333,1269,0,0,329,1168,6,195,329,1363,California
Trinity,2021-02-12,9,1567,6,295,3,1272,0,0,9,1177,0,195,9,1372,California
Trinity,2021-02-13,12,1579,5,300,7,1279,0,0,5,1175,7,202,5,1377,California
Trinity,2021-02-14,2,1581,2,302,0,1279,0,0,2,1177,0,202,2,1379,California
Trinity,2021-02-15,46,1627,0,302,46,1325,0,0,46,1223,0,202,46,1425,California
Trinity,2021-02-16,7,1634,2,304,5,1330,0,0,4,1224,3,205,4,1429,California
Trinity,2021-02-17,94,1728,2,306,92,1422,0,0,84,1298,10,215,84,1513,California
Trinity,2021-02-18,4,1732,0,306,4,1426,0,0,1,1296,3,218,1,1514,California
Trinity,2021-02-19,210,1942,2,308,208,1634,0,0,197,1480,13,231,197,1711,California
Trinity,2021-02-20,141,2083,14,322,127,1761,0,0,113,1565,28,259,113,1824,California
Trinity,2021-02-22,3,2086,0,322,3,1764,0,0,0,1562,3,262,0,1824,California
Trinity,2021-02-23,8,2094,4,326,4,1768,0,0,3,1560,5,267,3,1827,California
Trinity,2021-02-24,30,2124,8,334,22,1790,0,0,7,1544,23,290,7,1834,California
Trinity,2021-02-25,36,2160,23,357,13,1803,0,0,5,1518,31,321,5,1839,California
Trinity,2021-02-26,11,2171,1,358,10,1813,0,0,5,1517,6,327,5,1844,California
Trinity,2021-02-27,9,2180,7,365,2,1815,0,0,4,1516,5,332,4,1848,California
Trinity,2021-03-01,8,2188,0,365,8,1823,0,0,5,1518,3,335,5,1853,California
Trinity,2021-03-02,8,2196,3,368,5,1828,0,0,1,1512,7,342,1,1854,California
Trinity,2021-03-03,5,2201,0,368,5,1833,0,0,4,1515,1,343,4,1858,California
Trinity,2021-03-04,15,2216,10,378,5,1838,0,0,13,1526,2,345,13,1871,California
Trinity,2021-03-05,284,2500,1,379,283,2121,0,0,32,1310,248,593,32,1903,California
Trinity,2021-03-06,185,2685,6,385,179,2300,0,0,20,1165,165,758,20,1923,California
Trinity,2021-03-07,3,2688,3,388,0,2300,0,0,2,1166,1,759,2,1925,California
Trinity,2021-03-08,3,2691,0,388,2,2302,1,1,1,1166,2,761,2,1927,California
Trinity,2021-03-09,93,2784,0,388,91,2393,2,3,89,1253,4,765,91,2018,California
Trinity,2021-03-10,127,2911,3,391,121,2514,3,6,38,1205,89,854,41,2059,California
Trinity,2021-03-11,7,2918,3,394,2,2516,2,8,3,1206,4,858,5,2064,California
Trinity,2021-03-12,335,3253,2,396,327,2843,6,14,45,967,290,1148,51,2115,California
Trinity,2021-03-13,13,3266,8,404,3,2846,2,16,8,972,5,1153,10,2125,California
Trinity,2021-03-15,66,3332,0,404,65,2911,1,17,14,935,52,1205,15,2140,California
Trinity,2021-03-16,114,3446,6,410,108,3019,0,17,100,1021,14,1219,100,2240,California
Trinity,2021-03-17,100,3546,3,413,97,3116,0,17,26,973,74,1293,26,2266,California
Trinity,2021-03-18,10,3556,2,415,5,3121,3,20,5,976,5,1298,8,2274,California
Trinity,2021-03-19,359,3915,5,420,246,3367,108,128,28,781,331,1629,136,2410,California
Trinity,2021-03-20,103,4018,7,427,96,3463,0,128,68,814,35,1664,68,2478,California
Trinity,2021-03-21,3,4021,0,427,2,3465,1,129,2,816,1,1665,3,2481,California
Trinity,2021-03-22,2,4023,0,427,2,3467,0,129,2,818,0,1665,2,2483,California
Trinity,2021-03-23,96,4119,1,428,95,3562,0,129,79,880,17,1682,79,2562,California
Trinity,2021-03-24,9,4128,1,429,8,3570,0,129,9,889,0,1682,9,2571,California
Trinity,2021-03-25,105,4233,6,435,93,3663,6,135,82,954,23,1705,88,2659,California
Trinity,2021-03-26,15,4248,2,437,13,3676,0,135,9,957,6,1711,9,2668,California
Trinity,2021-03-27,15,4263,3,440,3,3679,9,144,5,961,10,1721,14,2682,California
Trinity,2021-03-28,6,4269,4,444,2,3681,0,144,1,957,5,1726,1,2683,California
Trinity,2021-03-29,4,4273,0,444,4,3685,0,144,1,955,3,1729,1,2684,California
Trinity,2021-03-30,75,4348,4,448,71,3756,0,144,67,1014,8,1737,67,2751,California
Trinity,2021-03-31,56,4404,5,453,19,3775,32,176,21,1031,35,1772,52,2803,California
Trinity,2021-04-01,38,4442,11,464,16,3791,11,187,19,1042,19,1791,30,2833,California
Trinity,2021-04-02,163,4605,6,470,83,3874,74,261,70,1094,92,1883,144,2977,California
Trinity,2021-04-03,19,4624,14,484,5,3879,0,261,9,1093,10,1893,9,2986,California
Trinity,2021-04-04,10,4634,8,492,2,3881,0,261,10,1103,0,1893,10,2996,California
Trinity,2021-04-05,58,4692,6,498,51,3932,1,262,54,1154,4,1897,55,3051,California
Trinity,2021-04-06,109,4801,12,510,94,4026,3,265,22,1092,87,1984,25,3076,California
Trinity,2021-04-07,21,4822,12,522,4,4030,5,270,14,1104,7,1991,19,3095,California
Trinity,2021-04-08,86,4908,10,532,74,4104,2,272,50,1120,36,2027,52,3147,California
Trinity,2021-04-09,92,5000,20,552,67,4171,5,277,66,1165,26,2053,71,3218,California
Trinity,2021-04-10,11,5011,7,559,4,4175,0,277,10,1174,1,2054,10,3228,California
Trinity,2021-04-11,8,5019,5,564,1,4176,2,279,4,1176,4,2058,6,3234,California
Trinity,2021-04-12,77,5096,5,569,71,4247,1,280,64,1228,12,2070,64,3298,California
Trinity,2021-04-13,95,5191,4,573,91,4338,0,280,10,1153,85,2155,10,3308,California
Trinity,2021-04-14,4,5195,1,574,3,4341,0,280,2,1153,2,2157,2,3310,California
Trinity,2021-04-15,7,5202,7,581,0,4341,0,280,2,1150,5,2162,2,3312,California
Tulare,2020-12-16,3,3,3,3,0,0,0,0,3,3,0,0,3,3,California
Tulare,2020-12-17,110,113,110,113,0,0,0,0,110,113,0,0,110,113,California
Tulare,2020-12-18,290,403,290,403,0,0,0,0,290,403,0,0,290,403,California
Tulare,2020-12-19,327,730,327,730,0,0,0,0,327,730,0,0,327,730,California
Tulare,2020-12-20,167,897,166,896,1,1,0,0,167,897,0,0,167,897,California
Tulare,2020-12-21,422,1319,422,1318,0,1,0,0,442,1339,0,0,442,1339,California
Tulare,2020-12-22,469,1788,467,1785,2,3,0,0,468,1807,0,0,468,1807,California
Tulare,2020-12-23,328,2116,320,2105,8,11,0,0,326,2133,0,0,326,2133,California
Tulare,2020-12-24,18,2134,16,2121,2,13,0,0,18,2151,0,0,18,2151,California
Tulare,2020-12-26,8,2142,7,2128,1,14,0,0,8,2159,0,0,8,2159,California
Tulare,2020-12-27,16,2158,12,2140,4,18,0,0,16,2175,0,0,16,2175,California
Tulare,2020-12-28,483,2641,471,2611,12,30,0,0,482,2657,0,0,482,2657,California
Tulare,2020-12-29,545,3186,478,3089,67,97,0,0,545,3202,0,0,545,3202,California
Tulare,2020-12-30,473,3659,434,3523,39,136,0,0,473,3675,0,0,473,3675,California
Tulare,2020-12-31,94,3753,22,3545,72,208,0,0,94,3769,0,0,94,3769,California
Tulare,2021-01-01,1,3754,0,3545,1,209,0,0,1,3770,0,0,1,3770,California
Tulare,2021-01-02,28,3782,17,3562,11,220,0,0,28,3798,0,0,28,3798,California
Tulare,2021-01-03,23,3805,9,3571,14,234,0,0,23,3821,0,0,23,3821,California
Tulare,2021-01-04,91,3896,16,3587,75,309,0,0,91,3912,0,0,91,3912,California
Tulare,2021-01-05,460,4356,278,3865,182,491,0,0,458,4368,2,2,458,4370,California
Tulare,2021-01-06,866,5222,637,4502,229,720,0,0,856,5214,10,12,856,5226,California
Tulare,2021-01-07,784,6006,586,5088,198,918,0,0,678,5786,106,118,678,5904,California
Tulare,2021-01-08,1262,7268,574,5662,688,1606,0,0,924,6373,337,455,924,6828,California
Tulare,2021-01-09,741,8009,203,5865,538,2144,0,0,554,6740,187,642,554,7382,California
Tulare,2021-01-10,49,8058,43,5908,6,2150,0,0,10,6711,39,681,10,7392,California
Tulare,2021-01-11,1203,9261,766,6674,437,2587,0,0,768,7044,435,1116,768,8160,California
Tulare,2021-01-12,1400,10661,487,7161,913,3500,0,0,993,7632,406,1522,994,9154,California
Tulare,2021-01-13,456,11117,227,7388,229,3729,0,0,382,7940,74,1596,382,9536,California
Tulare,2021-01-14,492,11609,141,7529,351,4080,0,0,466,8391,15,1611,466,10002,California
Tulare,2021-01-15,1618,13227,151,7680,1467,5547,0,0,1609,9991,9,1620,1609,11611,California
Tulare,2021-01-16,1899,15126,114,7794,1785,7332,0,0,1885,11862,14,1634,1885,13496,California
Tulare,2021-01-17,140,15266,121,7915,19,7351,0,0,130,11982,10,1644,130,13626,California
Tulare,2021-01-18,694,15960,661,8576,33,7384,0,0,294,11876,400,2044,294,13920,California
Tulare,2021-01-19,1006,16966,683,9259,323,7707,0,0,578,12026,428,2472,578,14498,California
Tulare,2021-01-20,2376,19342,563,9822,1813,9520,0,0,1991,13632,385,2857,1991,16489,California
Tulare,2021-01-21,1505,20847,150,9972,1355,10875,0,0,1479,15090,21,2878,1479,17968,California
Tulare,2021-01-22,1054,21901,186,10158,868,11743,0,0,1030,16097,23,2901,1030,18998,California
Tulare,2021-01-23,437,22338,156,10314,281,12024,0,0,416,16492,21,2922,416,19414,California
Tulare,2021-01-24,30,22368,27,10341,3,12027,0,0,28,16518,2,2924,28,19442,California
Tulare,2021-01-25,1325,23693,980,11321,345,12372,0,0,1296,17785,29,2953,1296,20738,California
Tulare,2021-01-26,1497,25190,1099,12420,398,12770,0,0,1174,18637,322,3275,1174,21912,California
Tulare,2021-01-27,1455,26645,1070,13490,385,13155,0,0,877,18936,578,3853,877,22789,California
Tulare,2021-01-28,1198,27843,768,14258,430,13585,0,0,802,19342,396,4249,802,23591,California
Tulare,2021-01-29,1128,28971,719,14977,409,13994,0,0,818,19850,310,4559,818,24409,California
Tulare,2021-01-30,1670,30641,1577,16554,93,14087,0,0,1646,21473,24,4583,1647,26056,California
Tulare,2021-01-31,51,30692,47,16601,4,14091,0,0,48,21518,3,4586,48,26104,California
Tulare,2021-02-01,1180,31872,915,17516,265,14356,0,0,831,22001,348,4934,831,26935,California
Tulare,2021-02-02,674,32546,327,17843,347,14703,0,0,443,22216,229,5163,444,27379,California
Tulare,2021-02-03,610,33156,285,18128,325,15028,0,0,335,22278,273,5436,335,27714,California
Tulare,2021-02-04,551,33707,164,18292,387,15415,0,0,266,22260,285,5721,267,27981,California
Tulare,2021-02-05,1229,34936,232,18524,997,16412,0,0,417,21867,810,6531,417,28398,California
Tulare,2021-02-06,835,35771,158,18682,677,17089,0,0,269,21572,564,7095,269,28667,California
Tulare,2021-02-07,78,35849,66,18748,12,17101,0,0,23,21540,55,7150,23,28690,California
Tulare,2021-02-08,941,36790,327,19075,614,17715,0,0,300,21202,638,7788,300,28990,California
Tulare,2021-02-09,1403,38193,326,19401,1077,18792,0,0,360,20524,1038,8826,360,29350,California
Tulare,2021-02-10,2470,40663,1987,21388,483,19275,0,0,2070,22197,397,9223,2070,31420,California
Tulare,2021-02-11,1322,41985,376,21764,946,20221,0,0,938,22751,384,9607,938,32358,California
Tulare,2021-02-12,2778,44763,577,22341,2201,22422,0,0,1217,22414,1554,11161,1217,33575,California
Tulare,2021-02-13,2479,47242,157,22498,2322,24744,0,0,668,21274,1808,12969,668,34243,California
Tulare,2021-02-14,332,47574,36,22534,296,25040,0,0,299,21540,33,13002,299,34542,California
Tulare,2021-02-15,913,48487,291,22825,622,25662,0,0,656,21940,256,13258,656,35198,California
Tulare,2021-02-16,2832,51319,1596,24421,1236,26898,0,0,1080,21268,1752,15010,1080,36278,California
Tulare,2021-02-17,2697,54016,509,24930,2188,29086,0,0,462,19500,2230,17240,462,36740,California
Tulare,2021-02-18,2299,56315,456,25386,1843,30929,0,0,639,18487,1652,18892,639,37379,California
Tulare,2021-02-19,2294,58609,854,26240,1440,32369,0,0,944,18083,1348,20240,944,38323,California
Tulare,2021-02-20,2990,61599,1892,28132,1098,33467,0,0,1270,17638,1715,21955,1270,39593,California
Tulare,2021-02-21,95,61694,91,28223,4,33471,0,0,60,17663,35,21990,60,39653,California
Tulare,2021-02-22,1105,62799,701,28924,404,33875,0,0,212,16983,892,22882,212,39865,California
Tulare,2021-02-23,1944,64743,939,29863,1005,34880,0,0,1455,17950,488,23370,1455,41320,California
Tulare,2021-02-24,2467,67210,1544,31407,923,35803,0,0,2089,19663,377,23747,2090,43410,California
Tulare,2021-02-25,3485,70695,1948,33355,1537,37340,0,0,3069,22320,412,24159,3069,46479,California
Tulare,2021-02-26,3834,74529,1878,35233,1956,39296,0,0,3374,25236,458,24617,3374,49853,California
Tulare,2021-02-27,2893,77422,1386,36619,1507,40803,0,0,2762,27878,120,24737,2762,52615,California
Tulare,2021-02-28,1305,78727,1033,37652,272,41075,0,0,1285,29146,17,24754,1285,53900,California
Tulare,2021-03-01,1735,80462,770,38422,965,42040,0,0,1551,30515,182,24936,1551,55451,California
Tulare,2021-03-02,2673,83135,1187,39609,1486,43526,0,0,2510,32865,161,25097,2511,57962,California
Tulare,2021-03-03,3799,86934,2491,42100,1308,44834,0,0,1852,32773,1946,27043,1854,59816,California
Tulare,2021-03-04,2854,89788,1289,43389,1565,46399,0,0,2541,35004,310,27353,2541,62357,California
Tulare,2021-03-05,3277,93065,1688,45077,1574,47973,15,15,2774,37295,500,27853,2791,65148,California
Tulare,2021-03-06,3057,96122,1432,46509,1566,49539,59,74,2809,39916,245,28098,2866,68014,California
Tulare,2021-03-07,1093,97215,683,47192,390,49929,20,94,1054,40951,39,28137,1074,69088,California
Tulare,2021-03-08,1662,98877,976,48168,518,50447,168,262,1349,42157,310,28447,1516,70604,California
Tulare,2021-03-09,2917,101794,1929,50097,841,51288,147,409,2534,44454,383,28830,2680,73284,California
Tulare,2021-03-10,2786,104580,1383,51480,1228,52516,175,584,2408,46665,370,29200,2581,75865,California
Tulare,2021-03-11,4131,108711,1961,53441,1869,54385,301,885,3194,49226,934,30134,3495,79360,California
Tulare,2021-03-12,4333,113044,2376,55817,1609,55994,348,1233,3065,51382,1259,31393,3415,82775,California
Tulare,2021-03-13,3989,117033,1841,57658,2043,58037,105,1338,3070,53642,915,32308,3175,85950,California
Tulare,2021-03-14,1800,118833,973,58631,608,58645,219,1557,1273,54607,526,32834,1491,87441,California
Tulare,2021-03-15,2694,121527,1581,60212,998,59643,115,1672,1924,55879,768,33602,2040,89481,California
Tulare,2021-03-16,3404,124931,2105,62317,1222,60865,77,1749,1864,56286,1537,35139,1944,91425,California
Tulare,2021-03-17,3982,128913,2590,64907,1315,62180,77,1826,2248,56890,1728,36867,2332,93757,California
Tulare,2021-03-18,4477,133390,3268,68175,1138,63318,71,1897,2370,57233,2100,38967,2443,96200,California
Tulare,2021-03-19,5020,138410,3293,71468,1531,64849,196,2093,2682,57788,2325,41292,2880,99080,California
Tulare,2021-03-20,4269,142679,2611,74079,1286,66135,372,2465,1983,57867,2279,43571,2358,101438,California
Tulare,2021-03-21,1860,144539,1590,75669,244,66379,26,2491,956,57948,901,44472,982,102420,California
Tulare,2021-03-22,2468,147007,1695,77364,662,67041,111,2602,1650,58899,812,45284,1763,104183,California
Tulare,2021-03-23,3637,150644,2059,79423,1528,68569,50,2652,2014,59357,1612,46896,2070,106253,California
Tulare,2021-03-24,3089,153733,1900,81323,1147,69716,42,2694,1809,59934,1274,48170,1851,108104,California
Tulare,2021-03-25,3373,157106,1730,83053,1469,71185,174,2868,1650,60043,1717,49887,1826,109930,California
Tulare,2021-03-26,5073,162179,2999,86052,1965,73150,109,2977,2471,60039,2584,52471,2580,112510,California
Tulare,2021-03-27,3398,165577,1724,87776,1577,74727,97,3074,918,58582,2471,54942,1014,113524,California
Tulare,2021-03-28,1411,166988,1017,88793,363,75090,31,3105,653,58515,757,55699,690,114214,California
Tulare,2021-03-29,2838,169826,1619,90412,1107,76197,112,3217,1212,58219,1622,57321,1326,115540,California
Tulare,2021-03-30,4524,174350,2575,92987,1719,77916,230,3447,1627,57181,2891,60212,1853,117393,California
Tulare,2021-03-31,3704,178054,2165,95152,1429,79345,110,3557,1526,56649,2170,62382,1638,119031,California
Tulare,2021-04-01,4300,182354,2318,97470,1918,81263,64,3621,1506,55434,2786,65168,1571,120602,California
Tulare,2021-04-02,5130,187484,2915,100385,2097,83360,118,3739,1652,53742,3463,68631,1771,122373,California
Tulare,2021-04-03,3435,190919,2001,102386,1123,84483,311,4050,849,52353,2549,71180,1160,123533,California
Tulare,2021-04-04,1577,192496,1116,103502,454,84937,7,4057,378,51541,1197,72377,385,123918,California
Tulare,2021-04-05,3275,195771,2297,105799,716,85653,262,4319,857,50253,2408,74785,1120,125038,California
Tulare,2021-04-06,3256,199027,1464,107263,1309,86962,483,4802,936,49360,2316,77101,1423,126461,California
Tulare,2021-04-07,3725,202752,1800,109063,1511,88473,414,5216,1230,48508,2488,79589,1636,128097,California
Tulare,2021-04-08,4510,207262,2580,111643,1474,89947,456,5672,1532,47522,2971,82560,1985,130082,California
Tulare,2021-04-09,4293,211555,2654,114297,1228,91175,411,6083,1655,46956,2633,85193,2067,132149,California
Tulare,2021-04-10,3783,215338,2034,116331,1434,92609,315,6398,1032,45557,2744,87937,1345,133494,California
Tulare,2021-04-11,1575,216913,1034,117365,469,93078,72,6470,597,45251,975,88912,669,134163,California
Tulare,2021-04-12,3098,220011,1949,119314,650,93728,499,6969,1045,44760,2037,90949,1546,135709,California
Tulare,2021-04-13,1552,221563,848,120162,694,94422,10,6979,642,44509,905,91854,654,136363,California
Tulare,2021-04-14,1437,223000,801,120963,636,95058,0,6979,558,44190,878,92732,559,136922,California
Tulare,2021-04-15,1370,224370,941,121904,429,95487,0,6979,695,44213,672,93404,695,137617,California
Tuolumne,2020-12-16,46,46,46,46,0,0,0,0,46,46,0,0,46,46,California
Tuolumne,2020-12-17,22,68,22,68,0,0,0,0,22,68,0,0,22,68,California
Tuolumne,2020-12-18,174,242,173,241,1,1,0,0,174,242,0,0,174,242,California
Tuolumne,2020-12-19,7,249,7,248,0,1,0,0,7,249,0,0,7,249,California
Tuolumne,2020-12-20,1,250,1,249,0,1,0,0,1,250,0,0,1,250,California
Tuolumne,2020-12-21,116,366,102,351,14,15,0,0,116,366,0,0,116,366,California
Tuolumne,2020-12-22,169,535,169,520,0,15,0,0,169,535,0,0,169,535,California
Tuolumne,2020-12-23,193,728,191,711,2,17,0,0,193,728,0,0,193,728,California
Tuolumne,2020-12-26,3,731,3,714,0,17,0,0,3,731,0,0,3,731,California
Tuolumne,2020-12-28,78,809,77,791,1,18,0,0,78,809,0,0,78,809,California
Tuolumne,2020-12-29,111,920,40,831,71,89,0,0,111,920,0,0,111,920,California
Tuolumne,2020-12-30,82,1002,22,853,60,149,0,0,82,1002,0,0,82,1002,California
Tuolumne,2020-12-31,27,1029,20,873,7,156,0,0,27,1029,0,0,27,1029,California
Tuolumne,2021-01-01,6,1035,5,878,1,157,0,0,6,1035,0,0,6,1035,California
Tuolumne,2021-01-02,118,1153,115,993,3,160,0,0,118,1153,0,0,118,1153,California
Tuolumne,2021-01-03,3,1156,2,995,1,161,0,0,3,1156,0,0,3,1156,California
Tuolumne,2021-01-04,70,1226,27,1022,43,204,0,0,70,1226,0,0,70,1226,California
Tuolumne,2021-01-05,95,1321,26,1048,69,273,0,0,93,1317,2,2,93,1319,California
Tuolumne,2021-01-06,112,1433,52,1100,60,333,0,0,68,1341,44,46,68,1387,California
Tuolumne,2021-01-07,119,1552,61,1161,58,391,0,0,65,1352,54,100,65,1452,California
Tuolumne,2021-01-08,177,1729,153,1314,24,415,0,0,26,1230,150,250,28,1480,California
Tuolumne,2021-01-09,2,1731,1,1315,1,416,0,0,1,1231,1,251,2,1482,California
Tuolumne,2021-01-10,3,1734,1,1316,2,418,0,0,3,1234,0,251,3,1485,California
Tuolumne,2021-01-11,116,1850,90,1406,26,444,0,0,33,1184,83,334,33,1518,California
Tuolumne,2021-01-12,103,1953,87,1493,16,460,0,0,17,1116,86,420,18,1536,California
Tuolumne,2021-01-13,239,2192,129,1622,110,570,0,0,185,1248,54,474,186,1722,California
Tuolumne,2021-01-14,129,2321,91,1713,38,608,0,0,42,1204,86,560,42,1764,California
Tuolumne,2021-01-15,475,2796,73,1786,402,1010,0,0,412,1555,62,622,413,2177,California
Tuolumne,2021-01-16,7,2803,3,1789,4,1014,0,0,6,1560,1,623,6,2183,California
Tuolumne,2021-01-17,5,2808,2,1791,3,1017,0,0,5,1565,0,623,5,2188,California
Tuolumne,2021-01-18,47,2855,39,1830,8,1025,0,0,9,1537,37,660,9,2197,California
Tuolumne,2021-01-19,474,3329,72,1902,402,1427,0,0,430,1923,44,704,430,2627,California
Tuolumne,2021-01-20,77,3406,60,1962,17,1444,0,0,24,1894,53,757,24,2651,California
Tuolumne,2021-01-21,56,3462,22,1984,34,1478,0,0,41,1920,15,772,41,2692,California
Tuolumne,2021-01-22,181,3643,13,1997,168,1646,0,0,175,2089,6,778,175,2867,California
Tuolumne,2021-01-23,664,4307,146,2143,518,2164,0,0,551,2537,113,891,561,3428,California
Tuolumne,2021-01-24,523,4830,1,2144,522,2686,0,0,519,3054,3,894,520,3948,California
Tuolumne,2021-01-25,48,4878,27,2171,21,2707,0,0,22,3051,26,920,23,3971,California
Tuolumne,2021-01-26,80,4958,68,2239,12,2719,0,0,40,3052,40,960,41,4012,California
Tuolumne,2021-01-27,61,5019,4,2243,57,2776,0,0,7,3006,53,1013,7,4019,California
Tuolumne,2021-01-28,27,5046,7,2250,20,2796,0,0,18,3015,9,1022,18,4037,California
Tuolumne,2021-01-29,70,5116,6,2256,64,2860,0,0,32,3009,38,1060,32,4069,California
Tuolumne,2021-01-30,710,5826,552,2808,158,3018,0,0,689,3692,21,1081,704,4773,California
Tuolumne,2021-01-31,8,5834,2,2810,6,3024,0,0,5,3694,3,1084,5,4778,California
Tuolumne,2021-02-01,24,5858,6,2816,18,3042,0,0,21,3712,3,1087,21,4799,California
Tuolumne,2021-02-02,649,6507,36,2852,613,3655,0,0,639,4342,9,1096,639,5438,California
Tuolumne,2021-02-03,239,6746,108,2960,131,3786,0,0,85,4273,154,1250,85,5523,California
Tuolumne,2021-02-04,125,6871,13,2973,112,3898,0,0,64,4274,63,1313,64,5587,California
Tuolumne,2021-02-05,100,6971,12,2985,88,3986,0,0,36,4247,63,1376,36,5623,California
Tuolumne,2021-02-06,856,7827,584,3569,272,4258,0,0,853,5097,3,1379,853,6476,California
Tuolumne,2021-02-07,7,7834,4,3573,3,4261,0,0,3,5096,4,1383,3,6479,California
Tuolumne,2021-02-08,91,7925,40,3613,51,4312,0,0,67,5139,24,1407,67,6546,California
Tuolumne,2021-02-09,867,8792,51,3664,816,5128,0,0,829,5930,38,1445,829,7375,California
Tuolumne,2021-02-10,88,8880,14,3678,74,5202,0,0,26,5896,60,1505,26,7401,California
Tuolumne,2021-02-11,139,9019,65,3743,74,5276,0,0,75,5907,64,1569,75,7476,California
Tuolumne,2021-02-12,640,9659,15,3758,625,5901,0,0,201,5671,438,2007,202,7678,California
Tuolumne,2021-02-13,146,9805,41,3799,105,6006,0,0,115,5761,25,2032,115,7793,California
Tuolumne,2021-02-14,148,9953,12,3811,136,6142,0,0,147,5907,1,2033,147,7940,California
Tuolumne,2021-02-15,184,10137,10,3821,174,6316,0,0,175,6073,9,2042,175,8115,California
Tuolumne,2021-02-16,525,10662,17,3838,508,6824,0,0,122,5796,401,2443,124,8239,California
Tuolumne,2021-02-17,109,10771,63,3901,46,6870,0,0,63,5814,45,2488,63,8302,California
Tuolumne,2021-02-18,680,11451,24,3925,656,7526,0,0,632,6398,48,2536,632,8934,California
Tuolumne,2021-02-19,132,11583,21,3946,111,7637,0,0,43,6352,89,2625,43,8977,California
Tuolumne,2021-02-20,904,12487,341,4287,563,8200,0,0,386,6233,506,3131,387,9364,California
Tuolumne,2021-02-21,975,13462,33,4320,942,9142,0,0,473,6207,499,3630,473,9837,California
Tuolumne,2021-02-22,79,13541,57,4377,22,9164,0,0,48,6225,30,3660,48,9885,California
Tuolumne,2021-02-23,46,13587,23,4400,23,9187,0,0,25,6230,20,3680,25,9910,California
Tuolumne,2021-02-24,89,13676,58,4458,31,9218,0,0,42,6226,46,3726,42,9952,California
Tuolumne,2021-02-25,1054,14730,34,4492,1020,10238,0,0,1023,7218,31,3757,1023,10975,California
Tuolumne,2021-02-26,141,14871,9,4501,132,10370,0,0,120,7317,21,3778,120,11095,California
Tuolumne,2021-02-27,949,15820,575,5076,374,10744,0,0,248,6879,686,4464,248,11343,California
Tuolumne,2021-02-28,55,15875,4,5080,51,10795,0,0,52,6929,2,4466,52,11395,California
Tuolumne,2021-03-01,108,15983,20,5100,88,10883,0,0,74,6971,33,4499,75,11470,California
Tuolumne,2021-03-02,709,16692,74,5174,635,11518,0,0,107,6476,602,5101,107,11577,California
Tuolumne,2021-03-03,87,16779,19,5193,68,11586,0,0,64,6517,23,5124,64,11641,California
Tuolumne,2021-03-04,1169,17948,70,5263,1099,12685,0,0,1106,7560,63,5187,1106,12747,California
Tuolumne,2021-03-05,83,18031,9,5272,74,12759,0,0,48,7575,34,5221,49,12796,California
Tuolumne,2021-03-06,1054,19085,606,5878,446,13205,2,2,204,6932,849,6070,206,13002,California
Tuolumne,2021-03-07,40,19125,12,5890,14,13219,14,16,18,6942,22,6092,32,13034,California
Tuolumne,2021-03-08,211,19336,88,5978,116,13335,7,23,156,7049,56,6148,163,13197,California
Tuolumne,2021-03-09,863,20199,14,5992,838,14173,11,34,76,6351,785,6933,87,13284,California
Tuolumne,2021-03-10,85,20284,13,6005,61,14234,11,45,61,6399,24,6957,72,13356,California
Tuolumne,2021-03-11,1276,21560,31,6036,1240,15474,5,50,1253,7636,23,6980,1260,14616,California
Tuolumne,2021-03-12,307,21867,31,6067,261,15735,15,65,201,7751,104,7084,219,14835,California
Tuolumne,2021-03-13,111,21978,11,6078,100,15835,0,65,93,7827,18,7102,94,14929,California
Tuolumne,2021-03-14,142,22120,8,6086,125,15960,9,74,8,7715,134,7236,22,14951,California
Tuolumne,2021-03-15,310,22430,79,6165,229,16189,2,76,117,7648,193,7429,126,15077,California
Tuolumne,2021-03-16,821,23251,39,6204,771,16960,11,87,685,8209,136,7565,697,15774,California
Tuolumne,2021-03-17,163,23414,30,6234,118,17078,15,102,88,8237,74,7639,102,15876,California
Tuolumne,2021-03-18,963,24377,26,6260,922,18000,15,117,331,7952,632,8271,347,16223,California
Tuolumne,2021-03-19,141,24518,14,6274,94,18094,33,150,79,8003,60,8331,111,16334,California
Tuolumne,2021-03-20,89,24607,6,6280,73,18167,10,160,36,7996,52,8383,45,16379,California
Tuolumne,2021-03-21,834,25441,390,6670,435,18602,9,169,42,7257,790,9173,51,16430,California
Tuolumne,2021-03-22,173,25614,72,6742,82,18684,19,188,106,7315,67,9240,125,16555,California
Tuolumne,2021-03-23,722,26336,636,7378,72,18756,14,202,685,7976,37,9277,698,17253,California
Tuolumne,2021-03-24,118,26454,18,7396,82,18838,18,220,86,8049,31,9308,104,17357,California
Tuolumne,2021-03-25,1292,27746,20,7416,1269,20107,3,223,322,7405,969,10277,325,17682,California
Tuolumne,2021-03-26,285,28031,11,7427,251,20358,23,246,131,7424,135,10412,154,17836,California
Tuolumne,2021-03-27,579,28610,54,7481,525,20883,0,246,317,7480,262,10674,318,18154,California
Tuolumne,2021-03-28,50,28660,7,7488,43,20926,0,246,10,7453,38,10712,11,18165,California
Tuolumne,2021-03-29,214,28874,80,7568,134,21060,0,246,119,7479,93,10805,119,18284,California
Tuolumne,2021-03-30,167,29041,12,7580,154,21214,1,247,125,7563,42,10847,126,18410,California
Tuolumne,2021-03-31,96,29137,13,7593,81,21295,2,249,40,7552,55,10902,44,18454,California
Tuolumne,2021-04-01,1250,30387,24,7617,1226,22521,0,249,233,6770,1016,11918,234,18688,California
Tuolumne,2021-04-02,176,30563,11,7628,139,22660,26,275,104,6828,72,11990,130,18818,California
Tuolumne,2021-04-03,415,30978,32,7660,382,23042,1,276,231,6878,184,12174,234,19052,California
Tuolumne,2021-04-04,32,31010,0,7660,32,23074,0,276,21,6889,10,12184,21,19073,California
Tuolumne,2021-04-05,145,31155,19,7679,120,23194,6,282,63,6876,82,12266,69,19142,California
Tuolumne,2021-04-06,656,31811,510,8189,120,23314,26,308,522,7291,134,12400,549,19691,California
Tuolumne,2021-04-07,134,31945,36,8225,81,23395,17,325,50,7274,84,12484,67,19758,California
Tuolumne,2021-04-08,1420,33365,27,8252,1379,24774,14,339,253,6376,1165,13649,267,20025,California
Tuolumne,2021-04-09,288,33653,41,8293,203,24977,44,383,142,6419,144,13793,187,20212,California
Tuolumne,2021-04-10,58,33711,3,8296,32,25009,23,406,23,6431,34,13827,46,20258,California
Tuolumne,2021-04-11,17,33728,3,8299,11,25020,3,409,11,6439,6,13833,14,20272,California
Tuolumne,2021-04-12,174,33902,65,8364,103,25123,6,415,92,6461,76,13909,98,20370,California
Tuolumne,2021-04-13,788,34690,29,8393,759,25882,0,415,167,6014,614,14523,167,20537,California
Tuolumne,2021-04-14,148,34838,21,8414,127,26009,0,415,69,6008,76,14599,70,20607,California
Tuolumne,2021-04-15,227,35065,13,8427,214,26223,0,415,45,5872,181,14780,45,20652,California
Ventura,2020-12-15,5,5,5,5,0,0,0,0,5,5,0,0,5,5,California
Ventura,2020-12-16,72,77,72,77,0,0,0,0,72,77,0,0,72,77,California
Ventura,2020-12-17,249,326,249,326,0,0,0,0,249,326,0,0,249,326,California
Ventura,2020-12-18,1411,1737,1411,1737,0,0,0,0,1411,1737,0,0,1411,1737,California
Ventura,2020-12-19,911,2648,911,2648,0,0,0,0,911,2648,0,0,911,2648,California
Ventura,2020-12-20,429,3077,429,3077,0,0,0,0,429,3077,0,0,429,3077,California
Ventura,2020-12-21,1471,4548,1471,4548,0,0,0,0,1471,4548,0,0,1471,4548,California
Ventura,2020-12-22,1105,5653,1100,5648,5,5,0,0,1105,5653,0,0,1105,5653,California
Ventura,2020-12-23,1025,6678,978,6626,47,52,0,0,1025,6678,0,0,1025,6678,California
Ventura,2020-12-24,477,7155,379,7005,98,150,0,0,477,7155,0,0,477,7155,California
Ventura,2020-12-25,11,7166,7,7012,4,154,0,0,11,7166,0,0,11,7166,California
Ventura,2020-12-26,110,7276,89,7101,21,175,0,0,110,7276,0,0,110,7276,California
Ventura,2020-12-27,58,7334,27,7128,31,206,0,0,58,7334,0,0,58,7334,California
Ventura,2020-12-28,1066,8400,928,8056,138,344,0,0,1066,8400,0,0,1066,8400,California
Ventura,2020-12-29,1165,9565,761,8817,404,748,0,0,1165,9565,0,0,1165,9565,California
Ventura,2020-12-30,1983,11548,1517,10334,466,1214,0,0,1983,11548,0,0,1983,11548,California
Ventura,2020-12-31,478,12026,162,10496,316,1530,0,0,478,12026,0,0,478,12026,California
Ventura,2021-01-01,18,12044,4,10500,14,1544,0,0,18,12044,0,0,18,12044,California
Ventura,2021-01-02,171,12215,79,10579,92,1636,0,0,171,12215,0,0,171,12215,California
Ventura,2021-01-03,15,12230,8,10587,7,1643,0,0,15,12230,0,0,15,12230,California
Ventura,2021-01-04,1078,13308,548,11135,530,2173,0,0,1077,13307,0,0,1077,13307,California
Ventura,2021-01-05,1371,14679,776,11911,595,2768,0,0,1331,14598,40,40,1331,14638,California
Ventura,2021-01-06,2055,16734,1179,13090,876,3644,0,0,1624,15802,422,462,1626,16264,California
Ventura,2021-01-07,2067,18801,1328,14418,739,4383,0,0,1180,16097,885,1347,1180,17444,California
Ventura,2021-01-08,2199,21000,1477,15895,722,5105,0,0,905,15711,1292,2639,906,18350,California
Ventura,2021-01-09,722,21722,501,16396,221,5326,0,0,319,15627,403,3042,319,18669,California
Ventura,2021-01-10,336,22058,324,16720,12,5338,0,0,122,15535,214,3256,122,18791,California
Ventura,2021-01-11,2445,24503,1489,18209,956,6294,0,0,1493,16078,952,4208,1495,20286,California
Ventura,2021-01-12,3036,27539,1605,19814,1431,7725,0,0,2013,17068,1023,5231,2013,22299,California
Ventura,2021-01-13,2923,30462,1421,21235,1502,9227,0,0,2041,18230,880,6111,2042,24341,California
Ventura,2021-01-14,2726,33188,1058,22293,1668,10895,0,0,2281,20068,444,6555,2282,26623,California
Ventura,2021-01-15,2885,36073,967,23260,1918,12813,0,0,2673,22530,212,6767,2674,29297,California
Ventura,2021-01-16,484,36557,186,23446,298,13111,0,0,403,22852,81,6848,403,29700,California
Ventura,2021-01-17,260,36817,137,23583,123,13234,0,0,254,23100,6,6854,254,29954,California
Ventura,2021-01-18,2218,39035,1672,25255,546,13780,0,0,1668,24220,549,7403,1669,31623,California
Ventura,2021-01-19,3028,42063,2112,27367,916,14696,0,0,2137,25468,891,8294,2139,33762,California
Ventura,2021-01-20,4057,46120,3107,30474,950,15646,0,0,3022,27459,1032,9326,3023,36785,California
Ventura,2021-01-21,3831,49951,2667,33141,1164,16810,0,0,3161,29954,667,9993,3162,39947,California
Ventura,2021-01-22,3603,53554,2484,35625,1119,17929,0,0,3442,33235,161,10154,3442,43389,California
Ventura,2021-01-23,1184,54738,650,36275,534,18463,0,0,1083,34220,100,10254,1085,44474,California
Ventura,2021-01-24,450,55188,136,36411,314,18777,0,0,437,34644,13,10267,437,44911,California
Ventura,2021-01-25,3145,58333,2027,38438,1118,19895,0,0,2596,36692,548,10815,2596,47507,California
Ventura,2021-01-26,3701,62034,2195,40633,1506,21401,0,0,2706,38405,994,11809,2707,50214,California
Ventura,2021-01-27,3453,65487,1555,42188,1898,23299,0,0,2714,40385,736,12545,2716,52930,California
Ventura,2021-01-28,3852,69339,1979,44167,1873,25172,0,0,3238,43027,597,13142,3239,56169,California
Ventura,2021-01-29,4235,73574,2504,46671,1731,26903,0,0,3741,46286,482,13624,3741,59910,California
Ventura,2021-01-30,3025,76599,1955,48626,1070,27973,0,0,2856,48977,166,13790,2857,62767,California
Ventura,2021-01-31,829,77428,444,49070,385,28358,0,0,745,49638,84,13874,745,63512,California
Ventura,2021-02-01,3923,81351,2102,51172,1821,30179,0,0,3158,52034,763,14637,3159,66671,California
Ventura,2021-02-02,4402,85753,2370,53542,2032,32211,0,0,3380,54397,1018,15655,3381,70052,California
Ventura,2021-02-03,4448,90201,2087,55629,2361,34572,0,0,3441,56837,1002,16657,3442,73494,California
Ventura,2021-02-04,4760,94961,2280,57909,2480,37052,0,0,3512,59110,1241,17898,3514,77008,California
Ventura,2021-02-05,4826,99787,2309,60218,2517,39569,0,0,3337,60973,1476,19374,3339,80347,California
Ventura,2021-02-06,2830,102617,1513,61731,1317,40886,0,0,2430,63003,400,19774,2430,82777,California
Ventura,2021-02-07,707,103324,240,61971,467,41353,0,0,582,63461,125,19899,583,83360,California
Ventura,2021-02-08,3493,106817,1621,63592,1872,43225,0,0,2424,64821,1064,20963,2424,85784,California
Ventura,2021-02-09,4711,111528,1969,65561,2742,45967,0,0,2465,65043,2245,23208,2467,88251,California
Ventura,2021-02-10,4704,116232,2235,67796,2469,48436,0,0,2399,65148,2295,25503,2400,90651,California
Ventura,2021-02-11,4653,120885,1858,69654,2795,51231,0,0,2443,65391,2203,27706,2446,93097,California
Ventura,2021-02-12,6291,127176,2653,72307,3638,54869,0,0,3218,65538,3071,30777,3218,96315,California
Ventura,2021-02-13,3292,130468,1827,74134,1465,56334,0,0,1840,65932,1448,32225,1842,98157,California
Ventura,2021-02-14,1227,131695,124,74258,1103,57437,0,0,1011,66728,216,32441,1012,99169,California
Ventura,2021-02-15,3989,135684,1798,76056,2191,59628,0,0,2116,66974,1870,34311,2116,101285,California
Ventura,2021-02-16,5524,141208,2697,78753,2827,62455,0,0,3009,67475,2508,36819,3009,104294,California
Ventura,2021-02-17,5226,146434,1919,80672,3307,65762,0,0,3262,68782,1955,38774,3262,107556,California
Ventura,2021-02-18,5771,152205,1829,82501,3942,69704,0,0,3633,70285,2130,40904,3633,111189,California
Ventura,2021-02-19,6434,158639,3762,86263,2672,72376,0,0,3000,69860,3427,44331,3002,114191,California
Ventura,2021-02-20,4918,163557,3157,89420,1761,74137,0,0,2766,70480,2148,46479,2768,116959,California
Ventura,2021-02-21,1039,164596,752,90172,287,74424,0,0,426,70298,608,47087,426,117385,California
Ventura,2021-02-22,5360,169956,2406,92578,2954,77378,0,0,3448,71843,1903,48990,3448,120833,California
Ventura,2021-02-23,5917,175873,2960,95538,2957,80335,0,0,3414,72771,2488,51478,3416,124249,California
Ventura,2021-02-24,6983,182856,2604,98142,4379,84714,0,0,4241,74285,2729,54207,4243,128492,California
Ventura,2021-02-25,7475,190331,2566,100708,4909,89623,0,0,4572,75968,2891,57098,4574,133066,California
Ventura,2021-02-26,9324,199655,2758,103466,6566,96189,0,0,6162,78992,3140,60238,6164,139230,California
Ventura,2021-02-27,9976,209631,5265,108731,4711,100900,0,0,7362,83761,2600,62838,7369,146599,California
Ventura,2021-02-28,2555,212186,1628,110359,926,101826,1,1,2094,85398,457,63295,2094,148693,California
Ventura,2021-03-01,6913,219099,2793,113152,4120,105946,0,1,4605,87718,2299,65594,4619,153312,California
Ventura,2021-03-02,7364,226463,3928,117080,3435,109381,1,2,5146,90654,2210,67804,5146,158458,California
Ventura,2021-03-03,8496,234959,3884,120964,4612,113993,0,2,6059,94291,2425,70229,6062,164520,California
Ventura,2021-03-04,8030,242989,3860,124824,4170,118163,0,2,5418,97110,2600,72829,5419,169939,California
Ventura,2021-03-05,9953,252942,4795,129619,5148,123311,10,12,7076,101340,2864,75693,7094,177033,California
Ventura,2021-03-06,7216,260158,4391,134010,2672,125983,153,165,5320,104921,1894,77587,5475,182508,California
Ventura,2021-03-07,1650,261808,601,134611,948,126931,101,266,1234,105840,416,78003,1335,183843,California
Ventura,2021-03-08,6727,268535,3413,138024,3162,130093,152,418,4629,108530,2094,80097,4784,188627,California
Ventura,2021-03-09,6498,275033,2802,140826,3500,133593,196,614,3645,109531,2842,82939,3843,192470,California
Ventura,2021-03-10,6758,281791,2963,143789,3558,137151,237,851,4471,111960,2279,85218,4708,197178,California
Ventura,2021-03-11,6248,288039,2877,146666,3158,140309,213,1064,3408,112751,2830,88048,3621,200799,California
Ventura,2021-03-12,8463,296502,3023,149689,4604,144913,836,1900,4078,113296,4370,92418,4915,205714,California
Ventura,2021-03-13,6649,303151,2486,152175,3323,148236,840,2740,3741,114974,2902,95320,4580,210294,California
Ventura,2021-03-14,2126,305277,474,152649,1158,149394,494,3234,727,114799,1398,96718,1223,211517,California
Ventura,2021-03-15,6892,312169,2043,154692,3503,152897,1346,4580,2963,115200,3908,100626,4309,215826,California
Ventura,2021-03-16,7842,320011,2438,157130,4294,157191,1110,5690,3945,116369,3884,104510,5053,220879,California
Ventura,2021-03-17,7342,327353,2741,159871,4256,161447,345,6035,4396,118180,2931,107441,4742,225621,California
Ventura,2021-03-18,7152,334505,3250,163121,3749,165196,153,6188,4650,120490,2491,109932,4801,230422,California
Ventura,2021-03-19,8263,342768,3747,166868,4406,169602,110,6298,4919,122189,3328,113260,5027,235449,California
Ventura,2021-03-20,8097,350865,5221,172089,2856,172458,20,6318,3867,121867,4210,117470,3888,239337,California
Ventura,2021-03-21,2753,353618,1499,173588,885,173343,369,6687,1303,122096,1443,118913,1672,241009,California
Ventura,2021-03-22,7269,360887,3663,177251,3504,176847,102,6789,4794,124531,2462,121375,4897,245906,California
Ventura,2021-03-23,8095,368982,3862,181113,4163,181010,70,6859,4626,125778,3448,124823,4695,250601,California
Ventura,2021-03-24,8772,377754,3388,184501,5310,186320,74,6933,4365,125840,4378,129201,4440,255041,California
Ventura,2021-03-25,8727,386481,3888,188389,4743,191063,96,7029,4415,126055,4296,133497,4511,259552,California
Ventura,2021-03-26,9631,396112,3320,191709,5660,196723,651,7680,3749,124597,5857,139354,4399,263951,California
Ventura,2021-03-27,8078,404190,3894,195603,4145,200868,39,7719,2380,121337,5681,145035,2421,266372,California
Ventura,2021-03-28,2504,406694,1391,196994,1104,201972,9,7728,1371,121585,1132,146167,1380,267752,California
Ventura,2021-03-29,8423,415117,4253,201247,4126,206098,44,7772,4210,121652,4187,150354,4254,272006,California
Ventura,2021-03-30,8852,423969,4377,205624,4352,210450,123,7895,4571,122074,4271,154625,4693,276699,California
Ventura,2021-03-31,10567,434536,4800,210424,5143,215593,624,8519,4594,121336,5956,160581,5218,281917,California
Ventura,2021-04-01,10550,445086,5162,215586,4527,220120,861,9380,5354,122368,5179,165760,6211,288128,California
Ventura,2021-04-02,11271,456357,4567,220153,5478,225598,1226,10606,5304,122959,5944,171704,6535,294663,California
Ventura,2021-04-03,7976,464333,3933,224086,2928,228526,1115,11721,3352,122812,4615,176319,4468,299131,California
Ventura,2021-04-04,1698,466031,951,225037,620,229146,127,11848,1146,123538,547,176866,1273,300404,California
Ventura,2021-04-05,9127,475158,4849,229886,3279,232425,999,12847,4668,124752,4451,181317,5665,306069,California
Ventura,2021-04-06,10761,485919,5534,235420,3782,236207,1445,14292,5538,126528,5205,186522,6981,313050,California
Ventura,2021-04-07,11186,497105,5423,240843,4323,240530,1440,15732,5115,127023,6055,192577,6550,319600,California
Ventura,2021-04-08,10084,507189,5263,246106,3962,244492,859,16591,5069,127943,5000,197577,5920,325520,California
Ventura,2021-04-09,10188,517377,3830,249936,4948,249440,1410,18001,4373,127926,5795,203372,5778,331298,California
Ventura,2021-04-10,9060,526437,3453,253389,3470,252910,2137,20138,2983,126981,6062,209434,5117,336415,California
Ventura,2021-04-11,2411,528848,861,254250,993,253903,557,20695,688,126509,1716,211150,1244,337659,California
Ventura,2021-04-12,8086,536934,3914,258164,3499,257402,673,21368,3247,125599,4825,215975,3915,341574,California
Ventura,2021-04-13,6965,543899,3166,261330,3794,261196,5,21373,2573,123822,4355,220330,2578,344152,California
Ventura,2021-04-14,6175,550074,2422,263752,3739,264935,14,21387,1937,121563,4212,224542,1953,346105,California
Ventura,2021-04-15,3984,554058,1964,265716,2018,266953,2,21389,2018,121628,1957,226499,2022,348127,California
Yolo,2020-12-15,39,39,39,39,0,0,0,0,39,39,0,0,39,39,California
Yolo,2020-12-16,78,117,78,117,0,0,0,0,78,117,0,0,78,117,California
Yolo,2020-12-17,101,218,101,218,0,0,0,0,101,218,0,0,101,218,California
Yolo,2020-12-18,210,428,210,428,0,0,0,0,210,428,0,0,210,428,California
Yolo,2020-12-19,86,514,86,514,0,0,0,0,86,514,0,0,86,514,California
Yolo,2020-12-20,100,614,100,614,0,0,0,0,100,614,0,0,100,614,California
Yolo,2020-12-21,253,867,253,867,0,0,0,0,253,867,0,0,253,867,California
Yolo,2020-12-22,382,1249,381,1248,1,1,0,0,382,1249,0,0,382,1249,California
Yolo,2020-12-23,431,1680,412,1660,19,20,0,0,431,1680,0,0,431,1680,California
Yolo,2020-12-24,151,1831,94,1754,57,77,0,0,151,1831,0,0,151,1831,California
Yolo,2020-12-25,1,1832,1,1755,0,77,0,0,1,1832,0,0,1,1832,California
Yolo,2020-12-26,75,1907,25,1780,50,127,0,0,75,1907,0,0,75,1907,California
Yolo,2020-12-27,46,1953,19,1799,27,154,0,0,46,1953,0,0,46,1953,California
Yolo,2020-12-28,345,2298,178,1977,167,321,0,0,345,2298,0,0,345,2298,California
Yolo,2020-12-29,485,2783,268,2245,217,538,0,0,485,2783,0,0,485,2783,California
Yolo,2020-12-30,621,3404,255,2500,366,904,0,0,621,3404,0,0,621,3404,California
Yolo,2020-12-31,184,3588,95,2595,89,993,0,0,184,3588,0,0,184,3588,California
Yolo,2021-01-01,56,3644,55,2650,1,994,0,0,56,3644,0,0,56,3644,California
Yolo,2021-01-02,68,3712,25,2675,43,1037,0,0,68,3712,0,0,68,3712,California
Yolo,2021-01-03,43,3755,19,2694,24,1061,0,0,43,3755,0,0,43,3755,California
Yolo,2021-01-04,193,3948,43,2737,150,1211,0,0,193,3948,0,0,193,3948,California
Yolo,2021-01-05,610,4558,236,2973,374,1585,0,0,549,4436,61,61,549,4497,California
Yolo,2021-01-06,480,5038,183,3156,297,1882,0,0,349,4654,131,192,349,4846,California
Yolo,2021-01-07,710,5748,234,3390,476,2358,0,0,521,4987,188,380,521,5367,California
Yolo,2021-01-08,629,6377,310,3700,319,2677,0,0,413,5185,215,595,413,5780,California
Yolo,2021-01-09,409,6786,67,3767,342,3019,0,0,364,5504,45,640,364,6144,California
Yolo,2021-01-10,392,7178,80,3847,312,3331,0,0,322,5756,70,710,322,6466,California
Yolo,2021-01-11,557,7735,322,4169,235,3566,0,0,290,5779,267,977,290,6756,California
Yolo,2021-01-12,481,8216,364,4533,117,3683,0,0,173,5645,308,1285,174,6930,California
Yolo,2021-01-13,762,8978,309,4842,453,4136,0,0,513,5909,249,1534,513,7443,California
Yolo,2021-01-14,374,9352,181,5023,193,4329,0,0,270,6075,104,1638,270,7713,California
Yolo,2021-01-15,622,9974,321,5344,301,4630,0,0,544,6541,78,1716,544,8257,California
Yolo,2021-01-16,738,10712,95,5439,643,5273,0,0,707,7217,31,1747,707,8964,California
Yolo,2021-01-17,187,10899,118,5557,69,5342,0,0,180,7390,7,1754,180,9144,California
Yolo,2021-01-18,478,11377,303,5860,175,5517,0,0,380,7672,98,1852,380,9524,California
Yolo,2021-01-19,540,11917,370,6230,170,5687,0,0,366,7864,174,2026,366,9890,California
Yolo,2021-01-20,658,12575,380,6610,278,5965,0,0,474,8155,183,2209,474,10364,California
Yolo,2021-01-21,645,13220,382,6992,263,6228,0,0,456,8422,189,2398,456,10820,California
Yolo,2021-01-22,746,13966,250,7242,496,6724,0,0,628,8934,116,2514,628,11448,California
Yolo,2021-01-23,613,14579,124,7366,489,7213,0,0,566,9453,47,2561,566,12014,California
Yolo,2021-01-24,207,14786,124,7490,83,7296,0,0,166,9578,41,2602,166,12180,California
Yolo,2021-01-25,727,15513,152,7642,575,7871,0,0,513,9877,214,2816,513,12693,California
Yolo,2021-01-26,812,16325,325,7967,487,8358,0,0,425,9915,387,3203,425,13118,California
Yolo,2021-01-27,552,16877,221,8188,331,8689,0,0,380,10123,172,3375,380,13498,California
Yolo,2021-01-28,1046,17923,565,8753,481,9170,0,0,923,10924,122,3497,923,14421,California
Yolo,2021-01-29,864,18787,261,9014,603,9773,0,0,782,11625,81,3578,782,15203,California
Yolo,2021-01-30,1516,20303,916,9930,600,10373,0,0,1408,12931,102,3680,1408,16611,California
Yolo,2021-01-31,248,20551,210,10140,38,10411,0,0,213,13110,34,3714,213,16824,California
Yolo,2021-02-01,840,21391,359,10499,481,10892,0,0,611,13495,226,3940,611,17435,California
Yolo,2021-02-02,1318,22709,745,11244,573,11465,0,0,928,14034,390,4330,929,18364,California
Yolo,2021-02-03,1510,24219,395,11639,1115,12580,0,0,1182,14891,325,4655,1182,19546,California
Yolo,2021-02-04,1786,26005,281,11920,1505,14085,0,0,1237,15591,538,5193,1238,20784,California
Yolo,2021-02-05,1589,27594,896,12816,693,14778,0,0,1191,16385,398,5591,1192,21976,California
Yolo,2021-02-06,1918,29512,1246,14062,672,15450,0,0,1557,17582,361,5952,1558,23534,California
Yolo,2021-02-07,516,30028,248,14310,268,15718,0,0,169,17405,346,6298,169,23703,California
Yolo,2021-02-08,944,30972,331,14641,613,16331,0,0,603,17670,338,6636,603,24306,California
Yolo,2021-02-09,854,31826,383,15024,471,16802,0,0,574,17964,280,6916,574,24880,California
Yolo,2021-02-10,1451,33277,475,15499,976,17778,0,0,817,18150,633,7549,819,25699,California
Yolo,2021-02-11,1538,34815,774,16273,764,18542,0,0,1161,18934,377,7926,1161,26860,California
Yolo,2021-02-12,1901,36716,746,17019,1155,19697,0,0,1438,19912,460,8386,1438,28298,California
Yolo,2021-02-13,2049,38765,710,17729,1339,21036,0,0,1386,20635,663,9049,1386,29684,California
Yolo,2021-02-14,567,39332,152,17881,415,21451,0,0,442,20953,124,9173,442,30126,California
Yolo,2021-02-15,525,39857,187,18068,338,21789,0,0,263,20955,262,9435,264,30390,California
Yolo,2021-02-16,1113,40970,424,18492,689,22478,0,0,807,21456,306,9741,807,31197,California
Yolo,2021-02-17,1382,42352,699,19191,683,23161,0,0,990,22054,392,10133,990,32187,California
Yolo,2021-02-18,2438,44790,758,19949,1680,24841,0,0,1676,22968,762,10895,1676,33863,California
Yolo,2021-02-19,1731,46521,740,20689,991,25832,0,0,1117,23473,612,11507,1117,34980,California
Yolo,2021-02-20,2432,48953,941,21630,1491,27323,0,0,1361,23768,1066,12573,1361,36341,California
Yolo,2021-02-21,280,49233,224,21854,56,27379,0,0,73,23635,206,12779,73,36414,California
Yolo,2021-02-22,1360,50593,599,22453,761,28140,0,0,692,23660,667,13446,692,37106,California
Yolo,2021-02-23,1117,51710,838,23291,279,28419,0,0,437,23419,678,14124,437,37543,California
Yolo,2021-02-24,2091,53801,591,23882,1500,29919,0,0,1383,24096,706,14830,1383,38926,California
Yolo,2021-02-25,1336,55137,440,24322,896,30815,0,0,872,24505,463,15293,872,39798,California
Yolo,2021-02-26,2556,57693,978,25300,1578,32393,0,0,1361,24674,1192,16485,1361,41159,California
Yolo,2021-02-27,1645,59338,764,26064,881,33274,0,0,1196,25421,449,16934,1196,42355,California
Yolo,2021-02-28,1772,61110,1488,27552,284,33558,0,0,681,25013,1089,18023,681,43036,California
Yolo,2021-03-01,1080,62190,353,27905,727,34285,0,0,653,25241,425,18448,653,43689,California
Yolo,2021-03-02,1429,63619,677,28582,752,35037,0,0,908,25628,521,18969,908,44597,California
Yolo,2021-03-03,1807,65426,606,29188,1201,36238,0,0,805,25433,1000,19969,805,45402,California
Yolo,2021-03-04,2842,68268,1403,30591,1439,37677,0,0,1538,25669,1302,21271,1538,46940,California
Yolo,2021-03-05,2333,70601,1390,31981,932,38609,11,11,1466,26280,866,22137,1477,48417,California
Yolo,2021-03-06,1467,72068,1121,33102,317,38926,29,40,836,26516,629,22766,865,49282,California
Yolo,2021-03-07,902,72970,670,33772,218,39144,14,54,769,27166,133,22899,783,50065,California
Yolo,2021-03-08,1070,74040,477,34249,550,39694,43,97,745,27630,325,23224,789,50854,California
Yolo,2021-03-09,1240,75280,667,34916,513,40207,60,157,753,27958,485,23709,813,51667,California
Yolo,2021-03-10,1776,77056,1037,35953,449,40656,290,447,740,27948,1035,24744,1025,52692,California
Yolo,2021-03-11,2278,79334,1539,37492,673,41329,66,513,1571,28880,706,25450,1638,54330,California
Yolo,2021-03-12,2885,82219,1341,38833,1468,42797,76,589,1372,28820,1507,26957,1447,55777,California
Yolo,2021-03-13,1837,84056,729,39562,931,43728,177,766,1007,29177,827,27784,1184,56961,California
Yolo,2021-03-14,1007,85063,213,39775,645,44373,149,915,523,29366,483,28267,672,57633,California
Yolo,2021-03-15,1315,86378,771,40546,368,44741,176,1091,700,29628,613,28880,875,58508,California
Yolo,2021-03-16,1858,88236,714,41260,1071,45812,73,1164,1096,30035,762,29642,1169,59677,California
Yolo,2021-03-17,2476,90712,962,42222,1442,47254,72,1236,1728,31090,745,30387,1800,61477,California
Yolo,2021-03-18,2877,93589,887,43109,1766,49020,224,1460,1168,30774,1707,32094,1391,62868,California
Yolo,2021-03-19,2029,95618,818,43927,1143,50163,68,1528,1068,30955,955,33049,1136,64004,California
Yolo,2021-03-20,2748,98366,814,44741,1893,52056,41,1569,1117,30490,1625,34674,1160,65164,California
Yolo,2021-03-21,316,98682,217,44958,91,52147,8,1577,228,30639,87,34761,236,65400,California
Yolo,2021-03-22,1377,100059,480,45438,845,52992,52,1629,904,31123,471,35232,955,66355,California
Yolo,2021-03-23,1724,101783,928,46366,740,53732,56,1685,1065,31586,658,35890,1121,67476,California
Yolo,2021-03-24,2834,104617,1399,47765,1386,55118,49,1734,1418,31647,1406,37296,1467,68943,California
Yolo,2021-03-25,2395,107012,1277,49042,1091,56209,27,1761,1150,31589,1235,38531,1177,70120,California
Yolo,2021-03-26,2365,109377,1229,50271,1117,57326,19,1780,1016,31281,1342,39873,1034,71154,California
Yolo,2021-03-27,1626,111003,452,50723,1158,58484,16,1796,752,31176,873,40746,768,71922,California
Yolo,2021-03-28,1102,112105,860,51583,224,58708,18,1814,271,30638,827,41573,289,72211,California
Yolo,2021-03-29,1980,114085,811,52394,1155,59863,14,1828,983,30642,993,42566,997,73208,California
Yolo,2021-03-30,2266,116351,1065,53459,1178,61041,23,1851,1198,30800,1063,43629,1221,74429,California
Yolo,2021-03-31,2324,118675,1204,54663,1085,62126,35,1886,1208,30928,1115,44744,1243,75672,California
Yolo,2021-04-01,3749,122424,1764,56427,1511,63637,474,2360,1573,30803,2172,46916,2047,77719,California
Yolo,2021-04-02,3106,125530,1481,57908,1565,65202,60,2420,2034,31831,1066,47982,2094,79813,California
Yolo,2021-04-03,1783,127313,1078,58986,490,65692,215,2635,800,31864,982,48964,1015,80828,California
Yolo,2021-04-04,379,127692,147,59133,170,65862,62,2697,139,31825,240,49204,201,81029,California
Yolo,2021-04-05,1893,129585,721,59854,1074,66936,98,2795,1011,32056,878,50082,1109,82138,California
Yolo,2021-04-06,2554,132139,1294,61148,1091,68027,169,2964,1310,32303,1233,51315,1480,83618,California
Yolo,2021-04-07,2858,134997,1508,62656,1102,69129,248,3212,1923,33544,929,52244,2170,85788,California
Yolo,2021-04-08,2387,137384,989,63645,939,70068,459,3671,1021,33660,1362,53606,1478,87266,California
Yolo,2021-04-09,2366,139750,853,64498,1032,71100,481,4152,787,33350,1577,55183,1267,88533,California
Yolo,2021-04-10,1672,141422,784,65282,718,71818,170,4322,994,33839,674,55857,1163,89696,California
Yolo,2021-04-11,867,142289,261,65543,561,72379,45,4367,344,33708,519,56376,388,90084,California
Yolo,2021-04-12,1712,144001,507,66050,1070,73449,135,4502,1069,34272,640,57016,1204,91288,California
Yolo,2021-04-13,1777,145778,778,66828,999,74448,0,4502,877,34251,898,57914,877,92165,California
Yolo,2021-04-14,1690,147468,658,67486,1032,75480,0,4502,632,33827,1056,58970,632,92797,California
Yolo,2021-04-15,1509,148977,665,68151,844,76324,0,4502,916,34153,593,59563,919,93716,California
Yuba,2020-12-16,4,4,4,4,0,0,0,0,4,4,0,0,4,4,California
Yuba,2020-12-17,4,8,4,8,0,0,0,0,4,8,0,0,4,8,California
Yuba,2020-12-18,8,16,8,16,0,0,0,0,8,16,0,0,8,16,California
Yuba,2020-12-19,12,28,12,28,0,0,0,0,12,28,0,0,12,28,California
Yuba,2020-12-20,20,48,20,48,0,0,0,0,20,48,0,0,20,48,California
Yuba,2020-12-21,40,88,40,88,0,0,0,0,40,88,0,0,40,88,California
Yuba,2020-12-22,86,174,86,174,0,0,0,0,86,174,0,0,86,174,California
Yuba,2020-12-23,63,237,61,235,2,2,0,0,63,237,0,0,63,237,California
Yuba,2020-12-24,20,257,10,245,10,12,0,0,20,257,0,0,20,257,California
Yuba,2020-12-26,15,272,13,258,2,14,0,0,15,272,0,0,15,272,California
Yuba,2020-12-27,15,287,15,273,0,14,0,0,15,287,0,0,15,287,California
Yuba,2020-12-28,51,338,35,308,16,30,0,0,51,338,0,0,51,338,California
Yuba,2020-12-29,75,413,10,318,65,95,0,0,75,413,0,0,75,413,California
Yuba,2020-12-30,64,477,21,339,43,138,0,0,64,477,0,0,64,477,California
Yuba,2020-12-31,36,513,6,345,30,168,0,0,36,513,0,0,36,513,California
Yuba,2021-01-02,23,536,22,367,1,169,0,0,23,536,0,0,23,536,California
Yuba,2021-01-03,10,546,6,373,4,173,0,0,10,546,0,0,10,546,California
Yuba,2021-01-04,90,636,21,394,69,242,0,0,90,636,0,0,90,636,California
Yuba,2021-01-05,68,704,36,430,32,274,0,0,67,702,1,1,67,703,California
Yuba,2021-01-06,153,857,76,506,77,351,0,0,147,843,6,7,147,850,California
Yuba,2021-01-07,75,932,19,525,56,407,0,0,72,911,4,11,72,922,California
Yuba,2021-01-08,73,1005,25,550,48,455,0,0,66,970,7,18,66,988,California
Yuba,2021-01-09,19,1024,16,566,3,458,0,0,11,973,8,26,11,999,California
Yuba,2021-01-10,117,1141,22,588,95,553,0,0,95,1046,22,48,95,1094,California
Yuba,2021-01-11,73,1214,50,638,23,576,0,0,33,1039,40,88,33,1127,California
Yuba,2021-01-12,108,1322,78,716,30,606,0,0,43,1017,65,153,43,1170,California
Yuba,2021-01-13,118,1440,71,787,47,653,0,0,54,1008,63,216,54,1224,California
Yuba,2021-01-14,109,1549,43,830,66,719,0,0,97,1093,12,228,97,1321,California
Yuba,2021-01-15,206,1755,88,918,118,837,0,0,195,1277,11,239,195,1516,California
Yuba,2021-01-16,185,1940,21,939,164,1001,0,0,173,1437,13,252,173,1689,California
Yuba,2021-01-17,13,1953,9,948,4,1005,0,0,7,1438,6,258,7,1696,California
Yuba,2021-01-18,60,2013,32,980,28,1033,0,0,35,1448,25,283,35,1731,California
Yuba,2021-01-19,80,2093,29,1009,51,1084,0,0,65,1498,15,298,65,1796,California
Yuba,2021-01-20,132,2225,87,1096,45,1129,0,0,109,1584,23,321,109,1905,California
Yuba,2021-01-21,212,2437,96,1192,116,1245,0,0,203,1778,9,330,203,2108,California
Yuba,2021-01-22,103,2540,6,1198,97,1342,0,0,94,1863,9,339,94,2202,California
Yuba,2021-01-23,200,2740,7,1205,193,1535,0,0,197,2057,3,342,197,2399,California
Yuba,2021-01-24,10,2750,7,1212,3,1538,0,0,8,2063,2,344,8,2407,California
Yuba,2021-01-25,83,2833,27,1239,56,1594,0,0,52,2085,30,374,52,2459,California
Yuba,2021-01-26,148,2981,39,1278,109,1703,0,0,92,2121,56,430,92,2551,California
Yuba,2021-01-27,182,3163,128,1406,54,1757,0,0,115,2169,67,497,115,2666,California
Yuba,2021-01-28,215,3378,79,1485,136,1893,0,0,174,2302,41,538,174,2840,California
Yuba,2021-01-29,159,3537,56,1541,103,1996,0,0,112,2367,47,585,112,2952,California
Yuba,2021-01-30,409,3946,23,1564,386,2382,0,0,398,2754,11,596,398,3350,California
Yuba,2021-01-31,17,3963,12,1576,5,2387,0,0,15,2767,2,598,15,3365,California
Yuba,2021-02-01,153,4116,74,1650,79,2466,0,0,130,2876,22,620,131,3496,California
Yuba,2021-02-02,123,4239,23,1673,100,2566,0,0,101,2955,22,642,101,3597,California
Yuba,2021-02-03,225,4464,29,1702,196,2762,0,0,113,2957,111,753,113,3710,California
Yuba,2021-02-04,296,4760,121,1823,175,2937,0,0,253,3167,43,796,253,3963,California
Yuba,2021-02-05,146,4906,32,1855,114,3051,0,0,70,3161,76,872,70,4033,California
Yuba,2021-02-06,448,5354,26,1881,422,3473,0,0,440,3593,8,880,440,4473,California
Yuba,2021-02-07,18,5372,11,1892,7,3480,0,0,15,3605,3,883,15,4488,California
Yuba,2021-02-08,96,5468,35,1927,61,3541,0,0,66,3641,30,913,66,4554,California
Yuba,2021-02-09,153,5621,55,1982,98,3639,0,0,84,3656,69,982,84,4638,California
Yuba,2021-02-10,347,5968,172,2154,175,3814,0,0,113,3536,233,1215,113,4751,California
Yuba,2021-02-11,397,6365,63,2217,334,4148,0,0,301,3743,94,1309,301,5052,California
Yuba,2021-02-12,264,6629,27,2244,237,4385,0,0,151,3781,113,1422,151,5203,California
Yuba,2021-02-13,435,7064,35,2279,400,4785,0,0,387,4120,48,1470,387,5590,California
Yuba,2021-02-14,54,7118,11,2290,43,4828,0,0,49,4164,5,1475,49,5639,California
Yuba,2021-02-15,87,7205,36,2326,51,4879,0,0,68,4213,19,1494,68,5707,California
Yuba,2021-02-16,198,7403,53,2379,145,5024,0,0,140,4296,57,1551,140,5847,California
Yuba,2021-02-17,369,7772,155,2534,214,5238,0,0,98,4123,271,1822,98,5945,California
Yuba,2021-02-18,305,8077,33,2567,272,5510,0,0,181,4180,124,1946,181,6126,California
Yuba,2021-02-19,224,8301,84,2651,140,5650,0,0,141,4238,83,2029,141,6267,California
Yuba,2021-02-20,388,8689,30,2681,358,6008,0,0,334,4518,54,2083,334,6601,California
Yuba,2021-02-21,16,8705,14,2695,2,6010,0,0,6,4514,10,2093,6,6607,California
Yuba,2021-02-22,127,8832,78,2773,49,6059,0,0,37,4462,89,2182,37,6644,California
Yuba,2021-02-23,113,8945,25,2798,88,6147,0,0,46,4442,66,2248,46,6690,California
Yuba,2021-02-24,478,9423,136,2934,342,6489,0,0,106,4176,372,2620,106,6796,California
Yuba,2021-02-25,332,9755,133,3067,199,6688,0,0,204,4252,128,2748,204,7000,California
Yuba,2021-02-26,256,10011,68,3135,188,6876,0,0,143,4284,111,2859,143,7143,California
Yuba,2021-02-27,473,10484,47,3182,426,7302,0,0,384,4581,87,2946,384,7527,California
Yuba,2021-02-28,65,10549,21,3203,44,7346,0,0,44,4604,21,2967,44,7571,California
Yuba,2021-03-01,151,10700,38,3241,113,7459,0,0,75,4604,75,3042,75,7646,California
Yuba,2021-03-02,153,10853,35,3276,118,7577,0,0,76,4603,77,3119,76,7722,California
Yuba,2021-03-03,617,11470,156,3432,461,8038,0,0,197,4381,419,3538,197,7919,California
Yuba,2021-03-04,465,11935,271,3703,194,8232,0,0,323,4563,141,3679,323,8242,California
Yuba,2021-03-05,315,12250,59,3762,255,8487,1,1,248,4745,67,3746,249,8491,California
Yuba,2021-03-06,475,12725,35,3797,436,8923,4,5,369,5012,106,3852,373,8864,California
Yuba,2021-03-07,49,12774,27,3824,21,8944,1,6,33,5030,16,3868,34,8898,California
Yuba,2021-03-08,159,12933,49,3873,94,9038,16,22,100,5087,59,3927,116,9014,California
Yuba,2021-03-09,175,13108,46,3919,110,9148,19,41,83,5097,92,4019,102,9116,California
Yuba,2021-03-10,734,13842,232,4151,472,9620,30,71,229,4852,504,4523,259,9375,California
Yuba,2021-03-11,426,14268,185,4336,229,9849,12,83,293,5024,133,4656,305,9680,California
Yuba,2021-03-12,460,14728,86,4422,320,10169,54,137,148,4914,312,4968,202,9882,California
Yuba,2021-03-13,450,15178,331,4753,104,10273,15,152,357,5194,92,5060,372,10254,California
Yuba,2021-03-14,106,15284,21,4774,75,10348,10,162,46,5191,59,5119,56,10310,California
Yuba,2021-03-15,193,15477,49,4823,127,10475,17,179,99,5213,94,5213,116,10426,California
Yuba,2021-03-16,290,15767,71,4894,194,10669,25,204,177,5303,112,5325,202,10628,California
Yuba,2021-03-17,727,16494,160,5054,538,11207,29,233,187,4981,538,5863,216,10844,California
Yuba,2021-03-18,562,17056,148,5202,301,11508,113,346,339,5210,223,6086,452,11296,California
Yuba,2021-03-19,324,17380,120,5322,155,11663,49,395,185,5306,138,6224,234,11530,California
Yuba,2021-03-20,554,17934,80,5402,456,12119,18,413,473,5717,80,6304,491,12021,California
Yuba,2021-03-21,58,17992,35,5437,23,12142,0,413,46,5751,12,6316,46,12067,California
Yuba,2021-03-22,189,18181,70,5507,112,12254,7,420,147,5863,42,6358,154,12221,California
Yuba,2021-03-23,240,18421,79,5586,134,12388,27,447,161,5973,78,6436,188,12409,California
Yuba,2021-03-24,745,19166,237,5823,427,12815,81,528,182,5675,561,6997,263,12672,California
Yuba,2021-03-25,483,19649,263,6086,198,13013,22,550,239,5692,244,7241,261,12933,California
Yuba,2021-03-26,383,20032,142,6228,214,13227,27,577,219,5775,163,7404,246,13179,California
Yuba,2021-03-27,459,20491,27,6255,429,13656,3,580,406,6130,53,7457,408,13587,California
Yuba,2021-03-28,98,20589,40,6295,54,13710,4,584,37,6110,61,7518,41,13628,California
Yuba,2021-03-29,293,20882,85,6380,177,13887,31,615,181,6210,112,7630,212,13840,California
Yuba,2021-03-30,270,21152,67,6447,195,14082,8,623,191,6330,79,7709,199,14039,California
Yuba,2021-03-31,670,21822,113,6560,545,14627,12,635,245,6163,424,8133,257,14296,California
Yuba,2021-04-01,608,22430,281,6841,298,14925,29,664,278,6140,330,8463,307,14603,California
Yuba,2021-04-02,474,22904,89,6930,305,15230,80,744,177,6101,296,8759,257,14860,California
Yuba,2021-04-03,651,23555,56,6986,115,15345,480,1224,87,6105,563,9322,567,15427,California
Yuba,2021-04-04,57,23612,11,6997,40,15385,6,1230,32,6118,25,9347,38,15465,California
Yuba,2021-04-05,241,23853,79,7076,143,15528,19,1249,121,6139,118,9465,139,15604,California
Yuba,2021-04-06,333,24186,114,7190,160,15688,59,1308,159,6184,173,9638,218,15822,California
Yuba,2021-04-07,762,24948,398,7588,313,16001,51,1359,342,6159,417,10055,392,16214,California
Yuba,2021-04-08,725,25673,296,7884,165,16166,264,1623,259,6217,465,10520,523,16737,California
Yuba,2021-04-09,371,26044,168,8052,145,16311,58,1681,157,6218,214,10734,215,16952,California
Yuba,2021-04-10,590,26634,69,8121,74,16385,447,2128,69,6215,519,11253,516,17468,California
Yuba,2021-04-11,98,26732,22,8143,64,16449,12,2140,39,6207,59,11312,51,17519,California
Yuba,2021-04-12,199,26931,46,8189,126,16575,27,2167,79,6194,119,11431,106,17625,California
Yuba,2021-04-13,359,27290,99,8288,260,16835,0,2167,191,6218,167,11598,191,17816,California
Yuba,2021-04-14,617,27907,85,8373,532,17367,0,2167,79,5761,536,12134,79,17895,California
Yuba,2021-04-15,177,28084,88,8461,89,17456,0,2167,66,5716,111,12245,66,17961,California
